Version,1.00
Width,640
Height,512
MethaneSensorData,
GPS Latitude,
GPS Longitude,
GPS Altitude,
GPS Heading,
21.389961,21.372734,21.217552,21.321045,21.217552,21.303802,21.303802,21.200287,21.424393,21.389961,21.389961,21.372734,21.269310,21.010155,21.183029,21.217552,21.044754,21.217552,21.062057,21.113914,21.217552,21.183029,21.062057,21.096642,21.441612,21.165756,21.286568,21.424393,21.010155,21.510414,21.372734,21.493217,21.493217,21.544792,21.853539,21.579163,21.510414,21.699318,21.407181,21.682167,21.682167,21.750755,21.853539,21.716469,21.561981,21.956161,21.973259,21.802162,22.024513,21.870644,21.836411,22.041588,21.921967,22.041588,21.870644,21.973259,21.956161,22.399300,21.819290,21.750755,22.041588,22.126915,21.802162,21.870644,22.092789,21.956161,21.921967,21.887764,21.750755,22.126915,21.939064,21.956161,22.075729,22.058662,22.075729,21.939064,21.939064,21.939064,21.939064,22.007431,21.887764,22.297272,21.990349,21.990349,21.990349,22.126915,21.853539,22.143959,22.024513,21.785027,21.904861,22.024513,22.109856,21.939064,21.870644,21.887764,22.007431,21.973259,21.870644,21.973259,21.904861,22.007431,21.956161,21.904861,21.870644,22.126915,22.058662,21.887764,22.024513,22.024513,22.212143,22.041588,22.024513,22.007431,21.921967,21.990349,22.161018,21.956161,21.921967,21.785027,22.075729,22.024513,21.939064,21.802162,21.767891,21.921967,21.836411,21.904861,21.510414,21.853539,21.716469,21.682167,21.458817,21.579163,21.870644,21.921967,21.785027,21.785027,21.956161,21.733620,21.785027,21.733620,21.767891,21.767891,21.921967,21.802162,22.161018,22.058662,21.956161,22.041588,22.092789,22.161018,22.161018,22.024513,22.109856,22.041588,22.041588,22.075729,21.904861,21.870644,21.956161,21.802162,21.716469,21.733620,21.579163,21.441612,21.441612,21.303802,21.286568,21.458817,21.269310,21.234810,21.321045,21.321045,21.458817,21.321045,21.252068,21.321045,21.389961,21.165756,21.493217,21.321045,21.269310,21.217552,21.510414,21.200287,21.321045,21.407181,21.441612,21.596336,21.665016,21.819290,21.904861,21.853539,21.785027,22.024513,21.785027,21.887764,21.939064,21.802162,22.041588,22.007431,22.075729,22.092789,22.092789,22.109856,21.921967,22.092789,22.024513,22.092789,22.178062,22.246208,22.143959,22.143959,22.195107,22.246208,22.161018,22.280251,22.382309,22.331291,22.280251,22.229179,22.297272,22.263237,22.263237,22.263237,22.348305,22.331291,22.041588,22.195107,22.229179,22.246208,22.229179,22.348305,22.263237,22.263237,22.246208,22.075729,22.382309,22.365303,22.297272,22.450264,22.399300,22.297272,22.467247,22.467247,22.314293,22.450264,22.518166,22.246208,22.365303,22.331291,21.973259,22.041588,22.314293,22.246208,22.126915,22.297272,22.297272,22.058662,22.178062,22.246208,22.399300,22.365303,22.552086,22.467247,22.636833,22.501198,22.433289,22.552086,22.602951,22.738411,22.636833,22.535133,22.518166,22.569054,22.450264,22.501198,22.399300,22.348305,22.365303,21.939064,22.246208,22.126915,22.109856,22.092789,22.075729,22.041588,22.126915,21.939064,22.126915,21.939064,22.058662,21.956161,21.870644,21.939064,21.785027,21.921967,21.973259,21.785027,21.819290,21.887764,21.630684,21.921967,22.007431,21.956161,21.733620,21.904861,21.716469,21.767891,21.682167,21.527603,21.853539,21.647850,21.579163,21.561981,21.544792,21.389961,21.493217,21.561981,21.716469,21.527603,21.441612,21.647850,21.441612,21.493217,21.596336,21.424393,21.441612,21.217552,21.407181,21.234810,21.252068,21.321045,21.010155,21.183029,21.286568,21.165756,21.027458,21.183029,20.975533,21.079346,20.975533,21.027458,20.923576,20.819542,21.148476,21.131203,21.165756,21.113914,21.286568,21.131203,21.044754,21.062057,21.217552,21.234810,21.113914,21.010155,21.113914,20.940895,21.148476,21.079346,21.131203,21.062057,21.355507,21.252068,21.303802,21.183029,21.165756,21.131203,21.148476,21.131203,20.975533,21.096642,21.096642,21.027458,21.165756,20.992851,20.888908,21.113914,20.958221,21.131203,20.992851,21.148476,21.010155,20.975533,20.992851,20.992851,21.234810,21.079346,20.992851,21.269310,21.113914,21.062057,21.286568,21.027458,21.183029,21.027458,21.303802,21.338272,21.252068,21.424393,21.252068,21.338272,21.165756,21.269310,21.338272,21.441612,21.338272,21.355507,21.493217,21.183029,21.372734,21.234810,21.424393,21.269310,21.217552,21.234810,21.338272,21.252068,21.407181,21.303802,21.269310,21.183029,21.148476,21.183029,21.165756,21.200287,21.183029,21.252068,21.441612,21.217552,21.286568,21.200287,21.303802,21.183029,21.252068,21.389961,21.338272,21.217552,21.217552,21.510414,21.407181,21.321045,21.200287,21.200287,21.165756,21.286568,21.183029,21.286568,21.044754,21.027458,21.217552,21.113914,21.165756,21.027458,20.975533,20.958221,21.079346,20.975533,21.027458,21.027458,21.321045,21.027458,20.871582,21.148476,20.958221,21.079346,20.819542,20.906242,20.802200,21.027458,20.906242,21.010155,20.871582,20.923576,21.027458,20.836899,20.958221,21.010155,21.010155,20.992851,21.079346,21.113914,20.940895,21.027458,21.113914,21.200287,20.906242,21.062057,21.010155,20.663254,20.750122,20.836899,20.836899,20.611084,20.645866,20.871582,20.784843,20.767487,20.645866,20.732758,20.715385,20.802200,20.802200,20.836899,20.698021,20.732758,20.802200,20.663254,20.471802,20.732758,20.645866,20.576286,20.715385,20.645866,20.715385,20.524055,20.628487,20.888908,20.888908,20.819542,20.819542,20.593697,20.471802,20.750122,20.871582,20.958221,20.992851,20.923576,20.854233,20.923576,21.010155,21.113914,21.044754,20.784843,20.992851,20.906242,20.923576,21.027458,20.992851,21.062057,20.802200,21.044754,20.888908,21.200287,21.044754,20.680634,21.096642,20.767487,20.923576,20.802200,20.975533,21.217552,21.096642,20.992851,21.044754,20.958221,20.975533,21.131203,20.992851,21.131203,21.148476,21.217552,21.079346,21.131203,21.338272,21.286568,21.389961,21.269310,21.407181,21.527603,21.493217,21.699318,21.407181,21.476021,21.561981,21.200287,21.424393,21.527603,21.113914,21.234810,21.596336,21.355507,21.200287,21.286568,21.200287,21.183029,21.389961,21.148476,21.217552,21.269310,21.338272,21.355507,21.269310,21.269310,21.424393,21.252068,21.561981,21.234810,21.338272,21.544792,21.355507,21.544792,21.389961,21.682167,21.596336,21.389961,21.561981,21.699318,21.699318,21.476021,21.630684,21.613518,21.596336,21.355507,21.217552,21.389961,21.338272,21.200287,21.183029,21.561981,21.217552,21.303802,21.544792,21.321045,21.183029,21.338272,21.010155,21.010155,21.113914,21.062057,21.165756,21.165756,20.992851,21.269310,20.958221,21.183029,21.113914,21.424393,
21.561981,21.252068,21.044754,21.269310,20.992851,21.027458,21.044754,21.010155,21.476021,21.183029,21.131203,21.148476,21.148476,21.044754,21.217552,21.010155,21.269310,21.096642,21.096642,21.010155,20.940895,21.062057,21.200287,20.836899,21.234810,21.269310,21.200287,21.079346,21.165756,21.252068,21.510414,21.510414,21.338272,21.424393,21.544792,21.630684,21.338272,21.579163,21.544792,21.527603,21.647850,21.682167,21.579163,21.510414,21.596336,21.819290,21.647850,21.819290,21.544792,21.699318,21.870644,21.870644,21.802162,21.921967,21.750755,21.939064,21.767891,21.836411,21.956161,21.699318,21.716469,21.887764,21.682167,21.870644,21.630684,21.956161,22.007431,21.836411,21.956161,21.665016,21.973259,21.939064,21.767891,21.682167,21.819290,21.802162,21.699318,21.990349,22.041588,21.665016,21.665016,21.699318,21.819290,21.767891,21.887764,21.836411,21.853539,21.767891,21.853539,21.853539,21.767891,21.939064,21.716469,22.109856,21.733620,21.733620,21.802162,21.921967,21.904861,21.870644,21.750755,21.750755,21.887764,21.836411,21.836411,21.630684,21.716469,21.699318,21.973259,21.870644,21.870644,21.836411,21.870644,22.126915,21.853539,21.990349,21.887764,21.767891,22.041588,22.058662,21.956161,21.819290,21.904861,21.904861,21.802162,21.904861,21.613518,21.510414,21.665016,21.699318,21.527603,21.630684,21.527603,21.613518,21.802162,21.596336,21.579163,21.613518,21.750755,21.853539,21.853539,21.819290,21.613518,21.750755,21.853539,21.904861,21.870644,22.075729,21.819290,22.058662,22.109856,22.246208,22.058662,21.921967,22.143959,22.092789,22.126915,21.904861,21.939064,21.819290,21.939064,21.819290,21.750755,21.476021,21.527603,21.630684,21.424393,21.303802,21.355507,21.355507,21.441612,21.407181,21.183029,21.286568,21.321045,21.303802,21.424393,21.113914,21.355507,21.338272,21.372734,21.355507,21.355507,21.476021,21.372734,21.544792,21.286568,21.579163,21.596336,21.665016,21.767891,21.647850,21.716469,21.527603,21.802162,21.887764,21.767891,21.887764,21.870644,21.973259,21.887764,21.973259,22.041588,22.109856,22.075729,22.092789,22.178062,22.161018,21.990349,22.075729,22.161018,22.161018,22.007431,22.161018,22.126915,22.161018,22.263237,22.263237,22.092789,22.263237,22.126915,22.058662,22.263237,22.007431,22.178062,22.212143,22.314293,22.126915,21.956161,22.161018,22.195107,22.263237,22.126915,22.331291,22.161018,22.126915,22.024513,22.041588,22.178062,22.212143,22.161018,22.075729,22.280251,22.331291,22.109856,22.348305,22.143959,22.314293,22.178062,22.263237,22.024513,22.041588,21.767891,22.041588,22.007431,22.058662,21.956161,21.990349,21.853539,22.007431,22.058662,22.143959,22.109856,22.331291,22.280251,22.467247,22.331291,22.450264,22.467247,22.450264,22.535133,22.450264,22.365303,22.433289,22.467247,22.297272,22.399300,22.314293,22.246208,22.331291,21.819290,22.109856,22.246208,22.007431,21.990349,21.870644,21.956161,21.956161,21.939064,22.109856,22.007431,21.939064,21.921967,21.956161,21.853539,21.904861,21.887764,21.819290,21.819290,21.819290,21.596336,21.853539,21.819290,21.647850,21.785027,21.819290,21.802162,21.665016,21.665016,21.596336,21.493217,21.303802,21.544792,21.510414,21.476021,21.596336,21.407181,21.234810,21.458817,21.510414,21.441612,21.458817,21.424393,21.458817,21.286568,21.303802,21.441612,21.252068,21.355507,21.062057,21.338272,21.148476,21.079346,21.010155,21.113914,21.079346,21.062057,20.906242,20.871582,21.079346,20.871582,21.044754,20.992851,20.888908,20.871582,20.871582,20.888908,21.062057,20.888908,20.940895,21.096642,20.906242,21.096642,21.113914,20.992851,21.010155,20.784843,20.958221,21.183029,20.975533,20.992851,21.252068,20.940895,20.958221,21.131203,21.044754,21.096642,21.148476,20.923576,21.148476,20.906242,21.113914,20.975533,21.027458,20.923576,20.975533,21.010155,20.906242,21.027458,21.010155,21.113914,21.010155,21.010155,20.871582,20.819542,20.836899,20.888908,20.992851,20.836899,21.096642,21.113914,21.044754,21.165756,21.113914,21.148476,21.044754,21.217552,21.148476,21.062057,20.992851,21.027458,21.096642,21.252068,21.252068,21.269310,21.286568,21.217552,21.321045,21.303802,21.252068,21.303802,21.183029,21.252068,21.269310,21.113914,21.338272,21.217552,21.303802,21.355507,21.148476,21.079346,21.096642,21.321045,21.131203,21.165756,21.113914,21.252068,21.113914,21.148476,21.217552,21.010155,21.217552,21.338272,21.062057,21.252068,21.217552,21.269310,21.183029,21.234810,21.234810,21.303802,21.424393,21.303802,21.321045,21.200287,21.183029,21.269310,21.200287,21.062057,21.183029,21.113914,21.217552,21.062057,21.079346,21.165756,21.044754,20.836899,20.888908,21.131203,21.010155,21.096642,21.148476,21.044754,20.923576,20.958221,20.923576,21.044754,20.940895,20.906242,20.819542,20.975533,21.010155,20.923576,20.992851,20.958221,20.802200,21.044754,20.975533,21.010155,21.027458,21.079346,20.940895,21.096642,21.321045,21.062057,20.940895,21.183029,21.234810,21.200287,21.234810,21.217552,20.975533,20.645866,20.871582,20.732758,20.958221,20.923576,20.854233,20.732758,20.784843,20.524055,20.698021,20.541473,20.558884,20.784843,20.576286,20.506645,20.663254,20.767487,20.819542,20.611084,20.750122,20.489220,20.384621,20.576286,20.541473,20.506645,20.524055,20.454369,20.593697,20.436943,20.576286,20.819542,20.819542,20.819542,20.593697,20.992851,20.906242,20.663254,20.854233,20.750122,20.888908,21.096642,20.802200,20.680634,20.802200,20.680634,20.715385,20.802200,20.992851,20.645866,20.923576,20.854233,20.750122,20.940895,20.871582,20.888908,20.836899,20.715385,20.923576,20.750122,20.819542,20.750122,20.593697,20.888908,20.958221,20.784843,20.923576,20.888908,20.906242,20.854233,20.992851,21.062057,21.200287,21.044754,21.062057,21.113914,21.183029,21.234810,21.389961,21.338272,21.424393,21.303802,21.131203,21.338272,21.148476,21.217552,21.303802,21.148476,21.286568,21.079346,21.113914,21.269310,21.355507,21.027458,21.131203,21.027458,21.079346,21.355507,21.131203,21.148476,21.252068,21.044754,21.131203,21.269310,21.079346,21.148476,21.183029,21.131203,21.389961,21.131203,21.338272,21.372734,21.027458,21.200287,21.389961,21.407181,21.355507,21.321045,21.372734,21.286568,21.372734,21.579163,21.338272,21.252068,21.234810,21.010155,21.079346,20.923576,21.027458,21.200287,21.234810,21.079346,20.992851,21.131203,20.958221,20.906242,21.096642,21.113914,21.027458,20.906242,20.819542,20.854233,21.079346,20.819542,20.836899,20.906242,20.940895,21.044754,21.286568,
21.269310,20.975533,21.200287,21.148476,21.234810,21.165756,21.200287,21.165756,21.096642,21.252068,20.854233,21.044754,21.027458,20.958221,21.148476,21.113914,20.906242,21.079346,21.044754,20.975533,20.958221,21.200287,21.079346,20.975533,20.975533,21.303802,21.113914,21.165756,21.027458,21.252068,21.200287,21.355507,21.252068,21.355507,21.441612,21.424393,21.510414,21.493217,21.441612,21.527603,21.510414,21.269310,21.579163,21.372734,21.733620,21.630684,21.613518,21.613518,21.733620,21.579163,21.853539,21.733620,21.682167,21.767891,21.836411,21.956161,21.716469,21.870644,21.561981,21.716469,21.733620,22.178062,21.733620,21.750755,21.785027,21.716469,21.819290,21.767891,21.802162,21.750755,21.665016,21.733620,21.853539,21.665016,21.733620,21.767891,21.613518,21.819290,21.682167,21.561981,21.561981,21.870644,21.853539,21.750755,21.630684,21.767891,21.956161,21.613518,21.579163,21.544792,21.665016,21.767891,21.682167,21.887764,21.802162,21.613518,21.596336,21.785027,21.699318,21.647850,21.665016,21.836411,21.579163,21.716469,21.785027,21.647850,21.750755,21.990349,21.904861,21.921967,21.870644,21.956161,21.750755,21.870644,21.853539,21.802162,21.870644,21.750755,21.767891,21.990349,22.024513,21.853539,21.767891,21.665016,21.665016,21.733620,21.493217,21.647850,21.682167,21.510414,21.493217,21.630684,21.716469,21.682167,21.767891,21.561981,21.561981,21.853539,21.424393,21.716469,21.647850,21.802162,21.853539,21.870644,21.716469,21.904861,22.024513,21.819290,21.939064,22.092789,22.075729,22.007431,22.007431,22.058662,22.007431,22.092789,21.990349,21.853539,21.802162,21.887764,22.041588,21.853539,21.750755,21.596336,21.441612,21.561981,21.303802,21.510414,21.321045,21.338272,21.424393,21.321045,21.321045,21.252068,21.389961,21.113914,21.062057,21.303802,21.372734,21.286568,21.389961,21.096642,21.389961,21.579163,21.389961,21.493217,21.148476,21.286568,21.510414,21.630684,21.699318,21.441612,21.682167,22.007431,21.682167,21.819290,21.785027,21.819290,21.819290,21.956161,21.699318,21.904861,21.887764,22.058662,22.092789,21.956161,21.939064,21.990349,22.092789,22.161018,21.973259,21.956161,22.212143,22.143959,22.178062,22.092789,22.024513,22.075729,22.109856,22.195107,22.126915,22.195107,22.246208,22.280251,22.178062,22.246208,22.161018,22.263237,22.092789,22.178062,22.212143,22.092789,21.939064,22.007431,22.075729,22.075729,21.990349,22.024513,22.178062,22.212143,22.126915,22.280251,22.092789,21.956161,22.314293,22.331291,21.973259,21.973259,21.990349,22.058662,22.058662,21.973259,21.887764,21.733620,21.973259,22.092789,22.024513,22.058662,21.887764,22.007431,22.092789,22.109856,22.365303,22.024513,22.212143,22.143959,22.126915,22.161018,22.348305,22.416298,22.161018,22.297272,22.263237,22.092789,22.058662,22.212143,22.212143,22.092789,22.161018,22.092789,22.024513,22.092789,21.973259,21.956161,21.819290,21.939064,21.921967,21.990349,21.973259,22.126915,21.990349,22.041588,21.990349,21.853539,21.956161,21.956161,21.921967,22.109856,21.904861,21.836411,21.802162,21.887764,21.733620,21.699318,21.802162,21.836411,21.733620,21.682167,21.716469,21.510414,21.561981,21.458817,21.458817,21.647850,21.113914,21.303802,21.252068,21.321045,21.389961,21.407181,21.389961,21.338272,21.372734,21.303802,21.217552,21.321045,21.113914,21.286568,21.113914,21.096642,20.992851,20.923576,21.096642,21.131203,20.906242,21.200287,20.680634,20.871582,20.888908,20.958221,20.975533,20.854233,20.871582,20.767487,20.836899,20.819542,20.923576,20.854233,20.906242,20.906242,21.044754,21.079346,20.958221,21.027458,20.940895,20.940895,20.854233,21.113914,21.027458,20.888908,21.027458,20.906242,20.923576,21.027458,20.975533,20.906242,20.888908,21.096642,20.888908,21.131203,21.010155,20.888908,21.010155,21.131203,20.819542,20.767487,21.096642,20.854233,20.784843,20.819542,21.165756,20.854233,21.079346,20.975533,21.183029,20.836899,20.958221,20.923576,20.888908,20.819542,20.871582,21.010155,21.044754,20.940895,21.010155,21.148476,20.732758,21.010155,21.027458,21.044754,21.217552,21.148476,21.183029,21.269310,21.079346,21.286568,21.131203,20.975533,21.010155,21.286568,21.234810,21.183029,21.010155,21.303802,21.165756,21.165756,21.044754,21.200287,21.234810,21.148476,21.096642,21.079346,21.113914,21.027458,21.338272,21.010155,21.183029,21.044754,21.355507,21.079346,21.338272,21.234810,21.252068,21.286568,21.234810,21.027458,21.269310,21.148476,21.303802,21.113914,21.355507,21.372734,21.113914,21.096642,21.148476,21.303802,21.165756,21.269310,21.217552,21.148476,21.165756,21.079346,20.958221,21.044754,21.044754,20.906242,21.113914,21.079346,20.819542,21.027458,21.044754,21.096642,20.975533,21.027458,21.044754,21.113914,20.784843,20.888908,20.975533,21.096642,20.750122,20.906242,20.784843,21.010155,20.975533,21.062057,20.854233,21.165756,21.338272,20.958221,20.923576,21.010155,21.131203,21.183029,20.975533,21.131203,20.975533,21.200287,21.113914,21.062057,20.871582,20.906242,20.750122,20.958221,20.750122,20.750122,20.906242,20.819542,20.698021,20.871582,20.906242,20.906242,20.767487,20.628487,20.750122,20.611084,20.715385,20.611084,20.715385,20.802200,20.767487,20.680634,20.871582,20.628487,20.680634,20.436943,20.750122,20.471802,20.524055,20.750122,20.628487,20.732758,20.680634,20.750122,20.767487,20.940895,20.871582,20.645866,20.836899,20.732758,21.062057,21.044754,20.750122,21.010155,20.819542,20.836899,20.767487,20.663254,20.750122,20.802200,20.611084,20.784843,20.923576,20.819542,20.767487,20.906242,20.819542,20.715385,20.645866,20.767487,20.854233,20.593697,20.923576,20.802200,20.802200,20.906242,20.750122,20.750122,20.750122,20.975533,21.062057,20.802200,20.767487,20.958221,20.802200,21.183029,20.975533,21.183029,21.183029,21.010155,21.096642,21.303802,21.321045,21.303802,20.975533,20.940895,20.888908,21.165756,21.148476,21.148476,21.062057,20.958221,21.252068,21.148476,21.044754,20.940895,21.131203,21.234810,21.062057,21.027458,21.062057,21.148476,21.165756,21.269310,21.234810,20.958221,21.200287,21.062057,20.992851,21.321045,21.458817,21.338272,21.131203,21.217552,20.923576,21.165756,21.389961,21.372734,21.234810,21.200287,20.923576,21.389961,21.338272,21.372734,21.200287,21.389961,21.062057,21.010155,21.027458,21.044754,20.958221,20.836899,21.131203,20.975533,20.871582,21.217552,20.958221,20.992851,20.698021,21.010155,20.836899,20.923576,20.975533,20.906242,20.871582,21.148476,20.940895,20.958221,20.854233,20.992851,
21.269310,21.148476,21.217552,20.958221,21.252068,21.027458,21.027458,21.165756,21.131203,21.096642,21.010155,20.854233,21.131203,21.044754,20.958221,21.044754,21.096642,21.148476,21.303802,21.096642,21.079346,21.131203,21.148476,21.079346,20.836899,21.062057,21.183029,21.113914,21.338272,21.303802,21.407181,21.321045,21.286568,21.252068,21.458817,21.493217,21.458817,21.372734,21.476021,21.630684,21.441612,21.252068,21.510414,21.476021,21.527603,21.458817,21.647850,21.596336,21.682167,21.665016,21.733620,21.767891,21.785027,21.733620,21.836411,21.836411,21.682167,21.802162,21.561981,21.904861,21.596336,21.750755,21.819290,21.956161,21.750755,21.904861,21.853539,21.802162,21.853539,21.665016,21.579163,21.802162,21.699318,21.544792,21.682167,21.767891,21.613518,21.372734,21.613518,21.733620,21.750755,21.819290,21.836411,21.510414,21.476021,21.476021,21.767891,21.836411,21.870644,21.613518,21.716469,21.596336,21.510414,21.544792,21.596336,21.750755,21.836411,21.733620,21.682167,21.819290,21.699318,21.527603,21.819290,21.819290,21.785027,21.836411,21.665016,22.041588,21.887764,21.887764,21.921967,21.802162,21.716469,21.853539,22.178062,21.836411,21.767891,21.870644,21.921967,21.853539,21.870644,21.939064,21.819290,21.956161,21.596336,21.750755,21.767891,21.767891,21.819290,21.716469,21.767891,21.802162,21.750755,21.733620,21.699318,21.802162,21.613518,21.819290,21.630684,21.682167,21.956161,21.716469,21.990349,21.990349,21.921967,21.853539,22.161018,21.973259,21.836411,22.024513,22.058662,22.143959,21.904861,22.058662,22.126915,22.143959,22.075729,22.075729,21.956161,22.058662,22.092789,21.870644,21.836411,21.785027,21.836411,21.767891,21.596336,21.561981,21.493217,21.493217,21.561981,21.407181,21.252068,21.424393,21.579163,21.441612,21.355507,21.321045,21.338272,21.286568,21.441612,21.544792,21.389961,21.596336,21.493217,21.682167,21.321045,21.750755,21.630684,21.630684,21.750755,21.836411,22.024513,21.802162,21.733620,21.853539,21.716469,21.785027,21.716469,21.836411,21.904861,22.041588,21.750755,21.990349,21.956161,21.973259,22.075729,21.853539,22.007431,22.109856,22.143959,22.007431,22.178062,22.246208,22.161018,22.161018,22.126915,22.041588,22.178062,22.161018,22.024513,22.161018,22.178062,22.229179,22.195107,22.092789,22.212143,22.195107,22.109856,21.802162,21.990349,22.007431,21.767891,21.836411,22.024513,21.939064,21.819290,21.870644,22.109856,21.973259,22.058662,22.024513,22.178062,21.733620,22.126915,22.058662,22.058662,22.092789,22.007431,21.887764,22.058662,22.024513,21.802162,21.699318,21.596336,21.836411,21.904861,21.665016,21.716469,21.870644,21.699318,21.870644,21.990349,22.041588,21.904861,22.212143,22.263237,22.041588,22.229179,22.058662,22.263237,22.058662,22.075729,22.143959,22.041588,22.126915,21.939064,22.126915,21.904861,22.246208,21.973259,21.870644,21.750755,21.836411,22.075729,22.007431,22.007431,21.973259,21.921967,21.836411,21.990349,22.024513,21.733620,21.939064,22.007431,22.092789,21.921967,21.973259,21.836411,21.836411,21.921967,21.836411,21.887764,21.836411,21.785027,21.733620,21.716469,21.767891,21.733620,21.372734,21.750755,21.476021,21.579163,21.527603,21.372734,21.389961,21.269310,21.269310,21.234810,21.286568,21.303802,21.286568,21.355507,21.096642,21.269310,21.338272,21.217552,21.200287,21.062057,21.165756,20.975533,20.992851,20.854233,20.940895,21.062057,20.888908,20.871582,20.854233,20.992851,20.836899,20.732758,20.871582,20.750122,20.923576,20.819542,20.715385,20.819542,20.871582,20.750122,20.958221,20.750122,20.906242,20.871582,20.906242,20.992851,20.888908,20.906242,20.767487,20.975533,20.992851,20.871582,20.871582,20.854233,20.888908,20.923576,20.958221,21.062057,21.183029,20.906242,20.940895,20.923576,21.096642,20.906242,21.027458,20.906242,21.113914,20.992851,21.131203,20.732758,20.906242,20.888908,21.113914,20.906242,21.096642,20.819542,20.923576,20.906242,21.044754,20.906242,20.888908,21.010155,20.958221,21.113914,20.750122,21.062057,20.680634,20.975533,21.148476,20.906242,20.975533,21.010155,21.113914,20.923576,21.148476,20.940895,21.217552,21.131203,21.027458,21.131203,20.854233,21.303802,21.113914,21.079346,21.200287,21.010155,21.079346,21.079346,21.027458,21.079346,21.131203,20.940895,21.079346,21.148476,20.923576,21.148476,20.871582,21.252068,21.234810,20.975533,21.096642,21.183029,20.923576,21.217552,21.044754,20.958221,21.027458,21.113914,21.183029,21.458817,21.338272,21.217552,21.148476,21.303802,21.200287,21.148476,21.096642,21.493217,21.217552,21.217552,20.940895,21.079346,20.888908,21.010155,20.750122,21.079346,21.096642,21.183029,20.992851,20.906242,21.096642,20.940895,21.010155,21.062057,21.062057,20.958221,20.923576,20.854233,20.975533,20.906242,21.079346,20.975533,21.113914,20.958221,20.836899,20.958221,21.044754,20.975533,21.010155,21.027458,21.027458,20.871582,21.096642,21.010155,21.079346,21.338272,21.062057,21.062057,21.044754,21.010155,21.200287,21.027458,21.131203,20.854233,20.958221,20.992851,20.906242,20.958221,20.940895,20.819542,20.975533,20.940895,20.767487,20.871582,20.819542,20.871582,20.836899,20.767487,20.506645,20.784843,20.819542,20.663254,20.698021,20.784843,20.906242,20.680634,20.784843,20.750122,20.854233,20.680634,20.628487,20.593697,20.854233,20.871582,20.940895,20.819542,20.940895,20.958221,20.992851,21.062057,21.044754,21.010155,21.010155,21.044754,21.252068,20.871582,20.923576,20.958221,20.767487,20.923576,20.854233,20.698021,20.732758,20.836899,20.888908,20.611084,21.010155,20.698021,20.871582,20.906242,20.958221,20.819542,20.906242,20.888908,21.079346,20.784843,20.819542,20.940895,20.784843,20.940895,20.836899,20.750122,20.940895,21.113914,21.113914,21.183029,21.355507,21.217552,21.424393,21.131203,21.148476,21.321045,21.303802,21.165756,21.441612,21.165756,21.010155,21.027458,21.148476,21.200287,21.131203,20.871582,21.113914,21.131203,21.148476,21.079346,20.906242,21.062057,21.355507,21.044754,21.062057,21.096642,21.165756,21.079346,21.165756,21.096642,21.165756,21.148476,21.200287,20.871582,20.836899,20.958221,21.148476,21.079346,21.183029,21.424393,21.131203,21.183029,21.338272,21.372734,21.217552,21.338272,21.286568,21.321045,21.389961,21.269310,21.113914,21.424393,20.992851,21.062057,20.975533,20.923576,20.767487,20.940895,20.750122,20.906242,20.871582,20.992851,20.888908,21.027458,21.096642,20.958221,21.113914,20.819542,20.593697,21.010155,20.836899,20.698021,20.871582,20.992851,21.165756,
21.148476,21.183029,21.217552,21.010155,21.096642,20.958221,21.148476,21.113914,21.148476,21.079346,20.940895,21.131203,20.992851,21.183029,21.183029,20.906242,21.010155,21.044754,21.096642,20.958221,21.372734,21.165756,21.200287,21.200287,21.269310,21.148476,21.200287,21.217552,21.113914,21.458817,21.424393,21.424393,21.269310,21.785027,21.407181,21.321045,21.458817,21.476021,21.510414,21.510414,21.407181,21.113914,21.321045,21.441612,21.527603,21.630684,21.596336,21.321045,21.750755,21.613518,21.596336,21.716469,21.561981,21.819290,21.716469,21.870644,21.802162,21.939064,21.733620,21.750755,21.853539,21.716469,21.630684,21.870644,21.887764,21.785027,21.870644,21.767891,21.682167,21.527603,21.544792,21.733620,21.579163,21.561981,21.733620,21.647850,21.424393,21.303802,21.510414,21.493217,21.493217,21.561981,21.630684,21.596336,21.476021,21.493217,21.785027,21.716469,21.665016,21.819290,21.767891,21.716469,21.458817,21.613518,21.682167,21.802162,21.630684,21.527603,21.767891,21.836411,21.785027,21.699318,21.699318,21.836411,21.767891,21.973259,21.767891,22.041588,21.716469,21.733620,21.990349,21.802162,21.921967,21.939064,21.802162,21.699318,21.699318,21.853539,21.921967,21.939064,21.939064,21.767891,21.853539,21.750755,21.665016,21.836411,21.716469,21.665016,21.561981,21.510414,21.613518,21.596336,21.493217,21.802162,21.510414,21.561981,21.682167,21.665016,21.767891,21.750755,21.716469,21.973259,21.767891,21.819290,22.041588,22.007431,22.075729,22.161018,22.126915,21.973259,22.007431,22.126915,21.990349,21.956161,22.092789,22.178062,22.143959,22.280251,22.195107,22.041588,22.024513,21.921967,21.973259,21.785027,21.956161,21.682167,21.699318,21.802162,21.647850,21.647850,21.750755,21.493217,21.682167,21.596336,21.476021,21.355507,21.544792,21.476021,21.561981,21.630684,21.407181,21.476021,21.510414,21.424393,21.682167,21.458817,21.613518,21.716469,21.682167,21.699318,21.750755,21.750755,21.870644,21.802162,21.785027,21.767891,21.733620,21.836411,21.870644,21.973259,21.887764,21.956161,22.058662,22.075729,22.092789,21.904861,22.075729,21.973259,22.195107,22.075729,21.973259,22.143959,22.041588,22.195107,22.126915,22.075729,22.109856,22.075729,22.092789,22.143959,22.143959,22.280251,22.365303,22.161018,22.041588,22.212143,22.161018,22.212143,22.126915,21.990349,21.956161,22.024513,21.939064,22.246208,21.939064,21.870644,21.716469,22.041588,21.853539,21.836411,22.007431,22.092789,21.802162,21.939064,22.024513,21.819290,22.092789,22.024513,21.870644,21.904861,21.699318,21.716469,21.785027,21.767891,21.904861,21.665016,21.682167,21.750755,21.819290,21.665016,21.733620,21.904861,21.956161,22.058662,22.143959,22.109856,22.161018,22.212143,22.007431,22.280251,22.126915,22.229179,22.348305,22.109856,22.178062,22.092789,22.126915,21.956161,21.990349,22.161018,21.733620,21.939064,21.956161,21.921967,21.836411,22.007431,21.887764,21.785027,21.802162,21.973259,21.973259,22.143959,22.024513,22.092789,21.990349,21.939064,21.990349,21.904861,21.990349,21.990349,21.973259,21.870644,22.041588,21.921967,21.853539,21.973259,22.024513,21.613518,21.767891,21.579163,21.665016,21.476021,21.596336,21.407181,21.389961,21.544792,21.441612,21.286568,21.303802,21.286568,21.286568,21.355507,21.303802,21.217552,21.252068,21.372734,21.234810,21.234810,20.975533,21.062057,21.165756,21.010155,21.148476,21.044754,20.940895,20.992851,20.750122,20.854233,20.784843,20.802200,20.645866,20.802200,20.750122,20.802200,20.819542,20.732758,20.958221,21.044754,21.044754,20.802200,20.784843,21.010155,20.732758,20.836899,20.888908,21.010155,20.975533,20.802200,20.854233,20.992851,20.958221,20.819542,21.027458,20.992851,20.871582,20.784843,20.802200,20.888908,20.871582,20.940895,21.096642,21.286568,20.992851,21.200287,20.975533,20.992851,20.802200,20.906242,20.871582,21.044754,20.923576,20.923576,20.871582,21.096642,20.906242,20.819542,20.767487,21.010155,21.096642,21.044754,20.975533,21.027458,21.131203,21.027458,20.975533,21.010155,21.062057,20.906242,20.940895,20.888908,20.940895,20.871582,21.062057,21.027458,20.975533,21.131203,21.079346,21.148476,21.148476,21.079346,21.286568,21.096642,21.200287,21.027458,21.062057,21.096642,21.062057,20.975533,21.079346,20.958221,21.217552,21.165756,21.096642,21.096642,21.131203,21.079346,21.062057,21.044754,20.906242,21.131203,21.165756,21.113914,21.217552,21.148476,20.992851,21.183029,21.183029,21.183029,21.234810,21.044754,21.131203,21.131203,21.131203,21.027458,21.183029,21.010155,21.165756,20.923576,21.044754,21.027458,21.165756,21.010155,20.871582,21.027458,20.819542,20.975533,20.871582,20.958221,20.975533,20.836899,20.992851,20.715385,20.784843,20.940895,20.767487,20.906242,20.784843,20.836899,20.784843,20.854233,20.819542,20.854233,20.871582,20.906242,21.079346,20.940895,20.871582,21.165756,21.165756,20.992851,20.819542,21.010155,21.200287,20.906242,20.975533,20.888908,21.027458,20.992851,21.252068,20.836899,20.732758,20.819542,20.750122,20.923576,21.062057,21.113914,20.680634,20.836899,20.611084,20.940895,20.819542,20.628487,20.628487,20.767487,20.802200,20.992851,20.871582,20.819542,20.836899,20.784843,20.836899,20.750122,20.784843,20.802200,20.645866,20.576286,20.958221,20.767487,20.680634,20.992851,20.802200,20.680634,20.784843,20.819542,20.958221,20.732758,20.992851,20.871582,20.940895,20.854233,21.096642,20.888908,20.992851,20.923576,20.992851,20.854233,20.836899,20.958221,20.663254,20.888908,20.871582,20.871582,20.923576,20.836899,20.802200,20.767487,20.923576,20.992851,20.698021,21.062057,20.854233,20.836899,20.958221,21.113914,21.027458,20.975533,20.871582,20.992851,20.940895,20.992851,21.010155,21.252068,21.010155,20.871582,21.010155,21.027458,21.286568,21.200287,21.441612,21.200287,21.441612,21.234810,21.217552,21.234810,21.493217,21.355507,21.165756,20.992851,21.096642,21.476021,21.165756,21.062057,21.079346,21.286568,21.131203,21.010155,21.131203,21.165756,21.079346,21.079346,20.958221,21.183029,21.079346,21.183029,21.131203,21.010155,21.131203,21.217552,21.027458,21.044754,21.183029,21.200287,21.131203,21.286568,21.252068,21.234810,21.252068,21.113914,21.441612,21.183029,21.355507,21.441612,21.148476,21.476021,21.389961,21.252068,21.010155,21.079346,20.992851,20.992851,20.784843,20.923576,20.958221,20.836899,20.888908,20.906242,20.680634,20.732758,21.096642,20.611084,21.113914,20.784843,20.975533,20.854233,20.975533,20.750122,20.819542,20.871582,20.854233,20.940895,
21.252068,20.958221,20.767487,20.992851,20.767487,20.975533,21.148476,21.183029,21.062057,21.062057,20.958221,21.113914,21.165756,20.940895,21.027458,21.303802,20.871582,21.096642,21.027458,21.252068,21.096642,21.010155,21.269310,21.234810,21.062057,21.303802,21.424393,21.338272,21.303802,21.321045,21.217552,21.372734,21.424393,21.441612,21.441612,21.407181,21.200287,21.544792,21.372734,21.252068,21.355507,21.458817,21.424393,21.389961,21.561981,21.630684,21.510414,21.750755,21.510414,21.785027,21.716469,21.870644,21.904861,21.630684,21.802162,21.733620,21.665016,21.733620,21.990349,21.767891,21.750755,22.109856,21.802162,21.767891,21.990349,21.853539,21.870644,21.441612,21.630684,21.510414,21.785027,21.665016,21.527603,21.596336,21.596336,21.476021,21.389961,21.321045,21.338272,21.682167,21.596336,21.665016,21.527603,21.476021,21.476021,21.510414,21.561981,21.647850,21.647850,21.785027,21.630684,21.665016,21.561981,21.750755,21.750755,21.665016,21.596336,21.682167,21.699318,21.716469,21.596336,21.767891,21.682167,21.939064,21.767891,21.665016,22.024513,21.904861,21.904861,21.956161,21.699318,21.973259,21.921967,21.802162,21.682167,21.682167,21.921967,21.750755,21.682167,21.870644,21.733620,21.802162,21.836411,21.853539,21.579163,21.990349,21.767891,21.613518,21.613518,21.579163,21.647850,21.613518,21.716469,21.733620,21.716469,21.647850,21.733620,21.699318,21.716469,21.716469,21.887764,21.836411,22.007431,21.767891,21.973259,22.007431,22.041588,22.143959,22.041588,21.956161,22.041588,22.075729,22.178062,22.143959,22.263237,22.109856,22.058662,22.143959,22.126915,22.195107,21.956161,22.075729,22.092789,21.921967,21.802162,21.750755,21.682167,21.767891,21.630684,21.716469,21.785027,21.630684,21.510414,21.647850,21.596336,21.596336,21.956161,21.836411,21.596336,21.476021,21.750755,21.544792,21.904861,21.630684,21.493217,21.716469,21.613518,21.921967,21.733620,21.853539,21.767891,21.802162,21.750755,21.699318,21.870644,21.973259,21.802162,21.716469,21.733620,21.802162,21.785027,21.904861,21.887764,21.939064,22.058662,22.109856,22.041588,21.990349,22.024513,22.314293,22.092789,22.041588,21.904861,22.161018,22.143959,22.263237,22.143959,22.280251,22.143959,22.195107,22.212143,22.195107,22.229179,22.331291,22.126915,22.041588,22.126915,22.092789,22.058662,21.939064,21.870644,21.939064,21.939064,21.579163,21.682167,21.476021,21.716469,21.665016,21.647850,21.802162,21.699318,21.767891,21.767891,21.904861,21.870644,21.853539,21.733620,21.767891,21.767891,21.887764,21.716469,21.802162,21.544792,21.750755,21.389961,21.579163,21.355507,21.802162,21.750755,21.458817,21.596336,21.819290,21.939064,21.819290,22.024513,22.041588,22.109856,21.939064,22.092789,22.092789,22.024513,22.109856,21.939064,21.836411,21.921967,21.887764,21.870644,21.716469,21.699318,21.596336,21.596336,21.819290,21.785027,21.716469,21.904861,21.887764,21.836411,21.921967,21.990349,22.161018,22.058662,22.092789,22.212143,21.939064,22.024513,21.956161,22.075729,22.092789,22.041588,21.990349,22.092789,22.058662,22.212143,21.990349,22.109856,22.041588,21.733620,22.058662,21.785027,21.716469,21.476021,21.647850,21.510414,21.493217,21.476021,21.217552,21.234810,21.321045,21.183029,21.252068,21.027458,21.424393,21.044754,21.165756,21.165756,21.148476,21.303802,21.165756,21.200287,21.131203,21.044754,21.010155,20.906242,20.923576,20.819542,20.906242,20.854233,20.784843,20.802200,20.767487,20.732758,20.628487,20.750122,20.784843,20.819542,20.836899,20.680634,21.062057,20.698021,20.923576,20.802200,21.217552,20.767487,21.044754,20.940895,20.992851,20.819542,20.958221,20.680634,20.992851,20.836899,20.888908,20.645866,20.767487,20.784843,20.871582,20.871582,20.958221,21.096642,21.062057,20.784843,21.010155,21.027458,21.113914,20.854233,20.871582,20.923576,20.888908,20.940895,21.062057,21.079346,21.113914,20.992851,20.906242,21.027458,20.836899,20.975533,20.906242,21.062057,21.148476,21.131203,21.062057,21.510414,21.252068,21.096642,21.010155,21.027458,20.992851,20.906242,21.027458,20.854233,20.888908,20.958221,21.131203,20.836899,21.165756,21.010155,21.165756,21.200287,21.252068,20.923576,21.252068,21.010155,21.131203,21.407181,21.113914,21.131203,21.165756,21.131203,21.027458,20.975533,20.975533,20.992851,21.062057,21.010155,21.027458,21.113914,21.148476,20.958221,21.148476,21.183029,20.958221,21.217552,21.062057,21.269310,21.148476,21.096642,20.975533,21.113914,20.923576,20.992851,20.802200,21.027458,21.062057,21.217552,20.923576,21.079346,21.010155,21.079346,20.940895,21.113914,21.131203,21.044754,21.165756,20.906242,21.113914,20.923576,20.940895,21.113914,20.975533,20.958221,20.802200,20.854233,20.906242,21.027458,20.975533,20.854233,20.888908,20.819542,21.010155,20.836899,20.958221,21.096642,20.975533,20.992851,21.113914,20.767487,21.062057,21.062057,20.958221,20.888908,21.252068,20.940895,20.871582,21.148476,20.940895,20.975533,21.044754,20.802200,21.096642,20.871582,20.888908,21.079346,20.958221,21.096642,21.131203,21.027458,20.906242,21.027458,21.096642,20.489220,20.732758,20.611084,20.802200,20.906242,20.819542,20.767487,20.732758,20.854233,20.663254,20.819542,20.698021,20.836899,20.732758,20.732758,20.819542,20.923576,20.680634,20.750122,20.871582,20.906242,20.698021,20.784843,20.767487,20.836899,20.802200,20.836899,20.784843,20.871582,20.854233,20.767487,20.923576,20.854233,20.975533,20.836899,21.027458,20.680634,21.027458,20.975533,20.992851,20.906242,21.010155,20.906242,20.940895,20.906242,20.923576,20.611084,20.836899,21.010155,20.802200,20.992851,20.923576,20.784843,21.113914,20.871582,20.992851,20.906242,20.836899,21.200287,20.958221,21.113914,20.975533,21.044754,21.131203,20.975533,21.079346,20.836899,20.992851,21.424393,21.010155,21.269310,21.372734,21.630684,21.355507,21.527603,21.372734,21.200287,21.200287,21.389961,21.372734,21.165756,21.407181,21.183029,21.476021,21.131203,21.079346,21.131203,21.321045,21.010155,21.269310,20.940895,21.303802,20.975533,21.165756,21.252068,21.321045,21.200287,21.113914,21.234810,21.062057,21.269310,21.252068,21.096642,21.338272,21.355507,21.407181,21.372734,21.321045,21.321045,21.613518,21.407181,21.372734,21.424393,21.939064,21.441612,21.269310,21.303802,21.044754,21.096642,21.096642,21.113914,21.165756,21.252068,21.010155,21.234810,21.183029,21.027458,21.079346,21.044754,20.836899,20.836899,20.888908,20.940895,20.854233,20.836899,20.784843,20.802200,20.836899,21.234810,21.027458,
21.217552,20.958221,20.819542,20.836899,20.836899,21.200287,20.802200,21.027458,21.217552,21.010155,21.131203,20.992851,21.079346,21.096642,21.183029,21.269310,21.027458,21.131203,21.148476,21.079346,21.286568,21.165756,21.131203,21.286568,21.269310,21.372734,21.286568,21.424393,21.389961,21.355507,21.476021,21.476021,21.286568,21.493217,21.389961,21.424393,21.407181,21.338272,21.338272,21.338272,21.441612,21.424393,21.424393,21.458817,21.389961,21.493217,21.665016,21.750755,21.647850,21.785027,21.665016,21.819290,21.750755,21.767891,21.682167,21.819290,21.836411,21.699318,21.973259,21.785027,21.630684,21.939064,21.647850,21.870644,21.716469,21.682167,21.802162,21.767891,21.613518,21.441612,21.458817,21.510414,21.613518,21.424393,21.441612,21.062057,21.613518,20.958221,21.303802,21.200287,21.321045,21.544792,21.424393,21.424393,21.561981,21.527603,21.493217,21.579163,21.458817,21.458817,21.630684,21.544792,21.613518,21.699318,21.561981,21.665016,21.647850,21.716469,21.510414,21.493217,21.441612,21.596336,21.716469,21.767891,21.785027,21.904861,21.819290,21.767891,21.716469,21.836411,21.956161,21.767891,21.853539,21.682167,21.836411,21.716469,21.613518,21.733620,21.716469,21.750755,21.750755,21.561981,21.750755,21.544792,21.630684,21.802162,21.750755,21.767891,21.630684,21.767891,21.870644,21.544792,21.699318,21.579163,21.716469,21.561981,21.630684,21.630684,21.785027,21.853539,21.853539,21.870644,21.802162,21.887764,21.887764,21.939064,22.092789,21.990349,22.041588,22.075729,22.058662,22.195107,22.314293,22.348305,22.075729,22.161018,22.263237,22.126915,22.075729,22.143959,22.161018,22.109856,21.887764,21.904861,22.007431,21.990349,21.716469,21.939064,21.904861,21.870644,21.904861,21.836411,21.716469,21.630684,21.647850,21.596336,21.699318,21.836411,21.767891,21.733620,21.870644,21.665016,21.767891,21.630684,21.819290,21.682167,21.733620,21.819290,21.682167,22.007431,21.510414,21.904861,21.836411,21.853539,21.802162,21.939064,21.767891,22.058662,21.785027,21.990349,21.802162,21.836411,21.921967,21.956161,21.990349,21.853539,21.887764,21.990349,21.921967,22.007431,22.092789,22.007431,22.161018,22.092789,22.058662,22.212143,22.161018,22.195107,22.075729,22.143959,22.195107,22.195107,22.297272,22.195107,22.212143,22.058662,21.990349,21.990349,21.853539,21.853539,21.767891,21.647850,21.750755,21.665016,21.647850,21.527603,21.527603,21.613518,21.716469,21.819290,21.596336,21.699318,21.750755,21.733620,21.699318,21.785027,21.785027,21.853539,21.733620,21.647850,21.424393,21.544792,21.733620,21.665016,21.510414,21.458817,21.424393,21.665016,21.596336,21.441612,21.630684,21.750755,21.750755,21.802162,21.785027,21.870644,21.836411,22.024513,21.870644,22.041588,21.956161,22.041588,22.007431,21.836411,21.630684,21.819290,21.819290,21.613518,21.665016,21.767891,21.750755,21.819290,21.802162,21.767891,21.785027,21.767891,21.836411,22.092789,22.007431,22.143959,22.212143,22.280251,22.348305,22.178062,22.075729,22.041588,22.195107,21.973259,21.904861,21.939064,22.161018,22.195107,22.178062,22.126915,21.990349,21.939064,21.939064,22.109856,21.973259,21.647850,21.647850,21.750755,21.544792,21.561981,21.613518,21.269310,21.234810,21.148476,21.079346,21.183029,21.286568,21.113914,21.200287,21.148476,21.131203,21.165756,21.165756,21.044754,20.992851,21.010155,21.027458,21.183029,21.113914,21.062057,20.992851,20.940895,20.854233,20.767487,20.750122,20.628487,20.819542,20.628487,20.628487,20.628487,20.802200,20.732758,20.680634,21.027458,20.836899,20.906242,20.819542,20.923576,20.784843,20.854233,20.819542,20.732758,20.958221,20.784843,20.698021,20.715385,20.802200,20.819542,20.750122,20.750122,20.871582,20.940895,20.992851,20.836899,21.027458,20.767487,20.992851,20.923576,20.992851,21.010155,21.303802,21.027458,21.062057,21.113914,21.096642,20.975533,20.992851,21.269310,20.958221,20.992851,20.992851,21.010155,21.027458,21.079346,20.975533,21.113914,21.027458,21.286568,21.269310,21.165756,21.079346,21.027458,21.131203,21.027458,20.802200,20.819542,20.871582,20.975533,20.906242,21.010155,20.888908,21.044754,21.062057,21.079346,21.079346,21.252068,21.044754,21.165756,21.079346,21.044754,21.200287,20.940895,21.286568,21.027458,21.200287,20.975533,20.975533,20.888908,20.836899,20.888908,21.062057,20.906242,21.044754,21.010155,20.923576,20.940895,21.079346,21.131203,21.062057,21.096642,21.113914,21.217552,21.217552,21.044754,21.148476,20.871582,21.079346,21.010155,20.906242,21.079346,21.165756,20.975533,21.062057,20.958221,21.062057,21.010155,20.836899,21.113914,21.079346,21.079346,21.113914,20.940895,21.027458,21.096642,21.131203,21.044754,20.992851,20.784843,20.802200,20.923576,20.888908,20.767487,20.767487,20.767487,20.923576,21.027458,20.836899,20.940895,21.010155,20.767487,20.940895,20.906242,20.940895,21.062057,20.888908,21.148476,20.940895,21.165756,20.906242,20.888908,20.802200,21.027458,21.096642,21.027458,21.010155,21.027458,20.854233,20.975533,20.906242,20.854233,20.888908,21.096642,20.836899,21.183029,21.044754,20.975533,20.767487,20.871582,20.767487,20.906242,20.906242,20.680634,20.854233,20.784843,20.698021,20.819542,21.062057,20.802200,20.888908,20.819542,20.593697,20.784843,20.767487,20.819542,20.923576,20.923576,20.906242,21.044754,20.836899,20.888908,20.923576,20.819542,20.715385,20.854233,20.698021,20.715385,20.854233,20.750122,20.819542,20.871582,21.079346,20.802200,20.802200,20.923576,20.767487,20.940895,20.715385,20.663254,20.888908,20.767487,20.836899,20.767487,20.715385,20.836899,20.802200,20.854233,20.802200,20.871582,20.940895,20.888908,20.836899,21.113914,20.888908,21.113914,20.836899,20.888908,21.010155,20.836899,20.906242,21.096642,21.027458,20.940895,21.200287,21.096642,21.303802,21.183029,20.975533,21.252068,21.303802,21.252068,21.200287,21.183029,21.372734,21.079346,21.252068,21.338272,21.096642,21.321045,21.372734,21.062057,21.044754,21.183029,21.200287,21.269310,21.027458,21.079346,21.183029,21.441612,21.165756,21.131203,21.338272,21.269310,21.010155,21.027458,21.165756,21.183029,21.458817,21.303802,21.165756,21.148476,21.303802,21.527603,21.441612,21.217552,21.217552,21.493217,21.389961,21.424393,21.303802,21.527603,21.458817,21.407181,21.303802,21.252068,21.183029,20.958221,20.975533,21.183029,21.079346,21.096642,20.923576,21.269310,20.992851,20.871582,21.183029,21.079346,21.044754,20.906242,20.975533,20.888908,20.906242,20.992851,21.113914,20.958221,21.286568,21.027458,
21.183029,20.958221,21.062057,20.871582,21.027458,20.958221,20.906242,20.958221,20.940895,21.079346,20.975533,21.062057,20.958221,21.183029,21.286568,21.096642,21.113914,21.407181,21.027458,21.217552,21.096642,21.389961,21.200287,21.286568,21.269310,21.389961,21.389961,21.441612,21.476021,21.321045,21.338272,21.613518,21.389961,21.579163,21.476021,21.200287,21.510414,21.269310,21.321045,21.441612,21.476021,21.321045,21.407181,21.476021,21.338272,21.338272,21.458817,21.544792,21.493217,21.716469,21.716469,21.630684,21.716469,21.904861,21.750755,21.750755,21.836411,21.750755,21.973259,21.887764,21.750755,21.921967,21.716469,21.870644,21.887764,21.630684,21.870644,21.904861,21.596336,21.699318,21.476021,21.510414,21.493217,21.321045,21.252068,21.355507,21.269310,21.252068,21.355507,21.321045,21.372734,21.476021,21.493217,21.321045,21.424393,21.389961,21.286568,21.424393,21.510414,21.510414,21.613518,21.355507,21.561981,21.544792,21.682167,21.596336,21.372734,21.596336,21.544792,21.767891,21.613518,21.699318,21.424393,21.665016,21.802162,22.024513,21.921967,21.647850,21.819290,21.904861,21.733620,21.853539,21.819290,21.853539,21.699318,21.682167,21.802162,21.853539,21.561981,21.647850,21.836411,21.785027,21.973259,21.682167,21.613518,21.716469,21.819290,21.630684,21.510414,21.767891,21.579163,21.767891,21.647850,21.921967,21.750755,21.733620,21.579163,21.802162,21.733620,21.819290,21.939064,22.075729,21.887764,21.973259,21.990349,22.109856,22.058662,22.178062,22.161018,22.365303,22.092789,21.956161,22.212143,22.195107,22.314293,22.126915,22.058662,22.092789,22.143959,22.058662,22.229179,22.212143,22.178062,22.092789,21.921967,22.075729,21.921967,22.229179,21.956161,21.802162,21.802162,21.699318,21.887764,21.819290,21.785027,21.699318,21.699318,21.665016,21.785027,21.853539,21.853539,21.699318,21.853539,21.561981,21.802162,21.802162,21.836411,21.836411,21.904861,21.853539,21.956161,21.956161,21.750755,21.819290,21.870644,21.802162,21.921967,21.939064,21.785027,21.750755,21.990349,21.990349,21.939064,22.092789,22.058662,22.041588,22.024513,22.143959,22.007431,22.126915,22.161018,22.058662,22.024513,22.092789,22.058662,22.075729,22.246208,22.161018,22.024513,22.143959,22.433289,22.195107,22.075729,22.161018,22.092789,22.212143,21.956161,22.058662,21.870644,21.750755,21.853539,21.596336,21.767891,21.665016,21.596336,21.441612,21.544792,21.441612,21.647850,21.476021,21.493217,21.579163,21.613518,21.424393,21.476021,21.665016,21.596336,21.682167,21.476021,21.647850,21.665016,21.407181,21.647850,21.355507,21.372734,21.407181,21.458817,21.321045,21.234810,21.561981,21.338272,21.424393,21.699318,21.733620,21.887764,21.750755,21.904861,21.819290,22.092789,21.767891,21.887764,21.887764,21.647850,21.767891,21.613518,21.699318,21.630684,21.579163,21.441612,21.544792,21.767891,21.561981,21.579163,21.750755,21.785027,21.836411,21.733620,21.904861,22.109856,22.126915,22.007431,22.178062,22.092789,22.348305,22.007431,22.178062,22.092789,22.246208,22.024513,21.990349,22.212143,22.092789,22.195107,22.109856,21.921967,22.109856,22.007431,21.973259,21.802162,21.733620,21.630684,21.836411,21.355507,21.407181,21.321045,21.200287,21.113914,21.183029,21.062057,21.044754,21.183029,20.992851,21.148476,21.113914,21.165756,21.217552,20.992851,21.010155,20.923576,21.062057,20.923576,20.975533,21.217552,20.767487,20.923576,20.819542,20.906242,20.663254,20.524055,20.663254,20.628487,20.698021,20.558884,20.680634,20.541473,20.680634,20.698021,20.854233,20.819542,20.888908,20.767487,20.836899,20.940895,20.784843,20.854233,20.940895,20.767487,20.715385,20.784843,20.524055,20.819542,20.680634,20.698021,20.784843,20.628487,20.836899,20.906242,20.871582,21.148476,20.906242,20.871582,21.148476,21.027458,20.958221,21.062057,20.992851,20.975533,20.940895,21.044754,21.062057,20.888908,21.234810,21.113914,21.131203,20.992851,21.148476,20.958221,21.062057,21.079346,21.217552,21.113914,21.131203,21.113914,21.183029,20.940895,21.096642,20.940895,20.958221,20.958221,20.819542,20.888908,20.940895,20.975533,20.958221,20.854233,20.802200,21.010155,21.183029,21.044754,21.027458,21.165756,21.131203,21.269310,21.027458,21.286568,20.940895,21.113914,21.234810,21.165756,21.062057,20.958221,20.888908,21.079346,21.027458,20.888908,20.784843,21.010155,21.096642,20.854233,21.044754,21.062057,20.992851,21.131203,21.113914,21.148476,21.148476,21.113914,21.062057,21.079346,21.165756,21.079346,20.906242,20.750122,20.958221,20.940895,20.784843,20.958221,20.975533,20.871582,20.923576,20.923576,20.975533,20.992851,20.923576,20.906242,20.975533,21.010155,20.802200,21.113914,21.079346,20.975533,20.836899,20.854233,21.010155,20.732758,21.010155,20.767487,20.750122,20.958221,20.871582,20.784843,20.854233,20.958221,20.975533,21.010155,21.252068,21.131203,21.113914,21.183029,21.234810,21.079346,21.165756,21.131203,21.200287,20.975533,20.958221,21.113914,21.062057,21.079346,20.992851,21.027458,20.836899,20.975533,20.923576,20.958221,21.079346,20.958221,21.062057,21.044754,20.923576,21.131203,21.044754,20.975533,20.940895,20.611084,20.888908,20.767487,20.732758,20.732758,20.715385,20.836899,20.906242,20.732758,20.767487,20.958221,20.888908,20.750122,20.871582,20.888908,21.062057,20.958221,20.871582,20.958221,21.044754,20.698021,20.698021,20.611084,20.680634,20.958221,20.767487,20.802200,20.906242,20.698021,20.819542,20.784843,21.044754,20.888908,20.975533,20.992851,20.871582,20.854233,20.819542,20.767487,20.645866,20.923576,20.975533,20.524055,20.940895,20.836899,20.906242,20.854233,20.923576,20.854233,20.680634,21.044754,20.906242,20.906242,21.131203,20.958221,21.079346,21.062057,21.044754,21.424393,20.940895,20.906242,21.165756,21.217552,21.113914,21.131203,20.958221,21.131203,21.458817,21.183029,21.183029,21.217552,21.131203,21.200287,20.992851,21.010155,21.131203,21.234810,21.183029,21.131203,20.923576,20.958221,21.010155,21.027458,21.269310,21.131203,21.027458,21.062057,21.148476,21.269310,20.923576,21.183029,21.183029,21.321045,21.303802,21.355507,21.200287,21.424393,21.234810,21.200287,21.113914,21.234810,21.062057,21.372734,21.303802,21.183029,21.183029,21.441612,21.217552,21.407181,21.372734,21.269310,21.303802,21.096642,21.183029,20.906242,20.888908,21.079346,20.992851,21.131203,20.992851,21.096642,21.062057,20.992851,20.923576,20.923576,20.992851,21.027458,20.975533,20.992851,20.871582,21.010155,20.923576,20.940895,21.200287,20.906242,21.148476,
21.148476,20.784843,20.854233,20.819542,20.663254,21.148476,20.802200,20.871582,20.958221,20.836899,20.958221,20.558884,21.096642,21.217552,21.079346,21.113914,21.113914,21.372734,21.165756,21.252068,21.027458,21.303802,21.389961,21.200287,21.079346,21.096642,21.303802,21.252068,21.441612,21.424393,21.321045,21.476021,21.200287,21.424393,21.252068,21.303802,21.200287,21.252068,21.183029,21.252068,21.355507,21.079346,21.389961,21.096642,21.338272,21.321045,21.441612,21.493217,21.493217,21.596336,21.647850,21.682167,21.785027,21.802162,21.647850,21.767891,21.699318,21.887764,21.544792,21.767891,21.904861,21.870644,21.836411,21.733620,21.802162,21.819290,21.750755,21.767891,21.561981,21.561981,21.527603,21.338272,21.493217,21.269310,21.269310,21.269310,21.044754,21.165756,20.871582,21.234810,21.303802,21.165756,21.441612,21.493217,21.510414,21.458817,21.476021,21.527603,21.389961,21.372734,21.613518,21.510414,21.252068,21.389961,21.372734,21.321045,21.355507,21.561981,21.544792,21.561981,21.476021,21.493217,21.665016,21.630684,21.493217,21.785027,21.613518,22.041588,21.716469,21.493217,22.007431,21.699318,21.785027,21.647850,21.682167,21.665016,21.647850,21.716469,21.665016,21.802162,21.579163,21.802162,21.579163,21.785027,21.613518,21.802162,21.527603,21.785027,21.665016,21.750755,21.733620,21.853539,21.596336,21.613518,21.682167,21.613518,21.767891,21.716469,21.665016,21.682167,21.870644,21.836411,21.802162,22.178062,22.007431,21.973259,22.212143,22.092789,22.126915,22.229179,22.161018,22.501198,22.126915,22.348305,22.143959,22.126915,22.229179,22.195107,22.331291,22.348305,21.939064,22.126915,22.348305,22.092789,21.904861,22.143959,22.007431,21.819290,21.733620,21.956161,21.853539,21.870644,21.853539,21.819290,21.716469,21.870644,21.802162,21.733620,21.733620,21.750755,21.682167,21.819290,21.767891,21.887764,21.887764,21.836411,22.024513,21.836411,21.733620,22.041588,21.870644,21.819290,21.785027,21.921967,21.767891,21.802162,21.819290,21.836411,21.887764,21.819290,22.024513,21.921967,21.853539,22.007431,21.870644,21.956161,22.007431,22.092789,22.161018,22.109856,22.143959,22.161018,21.921967,22.109856,22.161018,22.212143,22.126915,22.143959,22.280251,22.297272,22.229179,22.229179,22.109856,22.280251,22.195107,22.024513,22.075729,21.973259,21.836411,21.887764,21.853539,21.819290,21.544792,21.458817,21.510414,21.441612,21.510414,21.561981,21.527603,21.355507,21.596336,21.510414,21.544792,21.458817,21.647850,21.561981,21.630684,21.716469,21.441612,21.424393,21.458817,21.441612,21.355507,21.441612,21.269310,21.217552,21.252068,21.355507,21.389961,21.424393,21.407181,21.476021,21.561981,21.544792,21.819290,21.819290,21.665016,21.647850,21.802162,21.544792,21.647850,21.682167,21.750755,21.699318,21.733620,21.665016,21.699318,21.579163,21.579163,21.647850,21.699318,21.613518,21.493217,21.630684,21.802162,21.887764,21.836411,22.007431,22.058662,22.024513,22.365303,22.382309,22.161018,22.314293,22.212143,22.331291,22.161018,22.109856,22.126915,22.058662,22.263237,22.229179,22.075729,22.229179,22.126915,21.973259,22.109856,22.092789,21.956161,21.716469,21.613518,21.613518,21.544792,21.544792,21.165756,21.183029,21.165756,21.062057,21.044754,20.906242,21.027458,20.992851,21.165756,21.096642,20.975533,21.148476,21.200287,21.148476,21.183029,21.044754,20.836899,21.079346,20.888908,20.819542,20.906242,20.958221,20.732758,20.628487,20.489220,20.558884,20.732758,20.524055,20.558884,20.593697,20.715385,20.750122,20.836899,20.784843,20.802200,20.784843,20.541473,20.906242,20.750122,20.923576,20.767487,20.802200,20.645866,20.750122,20.541473,20.436943,20.784843,20.802200,20.663254,20.593697,20.715385,20.784843,20.715385,20.802200,20.802200,21.010155,20.958221,20.871582,20.906242,21.113914,20.992851,21.217552,20.923576,20.888908,21.010155,21.027458,20.836899,20.888908,20.906242,21.131203,20.888908,21.131203,20.992851,20.940895,21.148476,21.217552,20.958221,21.217552,21.096642,21.234810,21.200287,21.062057,21.044754,20.940895,20.975533,20.906242,20.854233,20.802200,20.732758,20.975533,20.802200,20.802200,20.732758,20.819542,20.854233,21.062057,20.836899,20.767487,20.992851,21.044754,21.200287,20.992851,21.079346,21.044754,21.113914,21.062057,20.923576,20.906242,20.854233,20.750122,20.854233,21.096642,20.836899,20.958221,20.940895,21.079346,20.958221,20.836899,21.027458,21.010155,20.958221,20.940895,21.010155,21.148476,21.148476,21.200287,21.044754,20.750122,20.715385,20.871582,20.958221,21.062057,20.836899,20.923576,20.836899,20.940895,21.010155,21.044754,20.888908,20.923576,20.906242,20.975533,21.010155,21.096642,20.940895,21.096642,20.871582,21.010155,21.044754,20.767487,20.541473,20.975533,20.854233,20.558884,20.906242,20.767487,20.836899,20.750122,20.940895,20.975533,20.888908,20.906242,20.888908,21.044754,21.096642,21.183029,21.044754,21.183029,21.079346,20.992851,20.888908,20.975533,21.044754,20.854233,21.113914,21.044754,20.836899,20.975533,20.923576,20.906242,20.923576,21.027458,20.940895,20.923576,20.871582,20.923576,20.819542,20.906242,20.593697,21.010155,20.888908,20.558884,21.062057,20.958221,20.732758,20.802200,20.923576,20.819542,20.767487,21.027458,20.784843,20.750122,20.784843,20.836899,20.888908,21.010155,20.888908,20.819542,20.854233,20.750122,20.698021,20.663254,20.715385,20.784843,20.663254,20.541473,20.819542,20.593697,20.767487,20.923576,20.802200,20.454369,20.802200,20.854233,20.888908,20.854233,20.732758,20.888908,20.940895,20.663254,20.819542,20.715385,20.819542,20.680634,20.698021,20.680634,20.854233,20.750122,20.541473,20.854233,20.802200,20.854233,20.663254,20.940895,20.975533,21.217552,21.113914,21.044754,20.958221,21.355507,20.906242,20.784843,21.148476,21.044754,21.113914,20.975533,21.183029,21.113914,21.165756,21.079346,21.148476,21.079346,20.871582,21.027458,20.975533,21.027458,21.165756,21.096642,21.200287,21.148476,20.992851,20.992851,21.027458,21.044754,21.234810,21.044754,20.871582,21.010155,20.854233,21.027458,20.836899,21.355507,21.286568,21.252068,21.010155,20.992851,21.269310,21.303802,21.010155,21.079346,21.234810,21.165756,21.217552,21.165756,21.389961,21.234810,21.217552,21.079346,21.079346,21.269310,21.493217,21.148476,21.113914,21.234810,21.062057,20.992851,21.062057,21.044754,21.200287,20.923576,21.062057,20.871582,20.836899,20.750122,20.871582,21.027458,20.854233,20.975533,20.888908,20.992851,20.784843,20.940895,20.958221,20.888908,21.027458,21.096642,
20.906242,20.576286,20.680634,20.802200,20.784843,20.802200,20.940895,21.044754,20.854233,20.975533,20.871582,21.131203,20.854233,21.113914,21.165756,21.148476,21.148476,21.148476,21.217552,21.217552,21.200287,21.200287,21.096642,21.252068,21.183029,21.458817,21.372734,21.372734,21.131203,21.321045,21.303802,21.321045,21.338272,21.510414,21.355507,21.148476,21.131203,21.113914,21.321045,21.252068,21.200287,21.338272,21.355507,21.372734,21.338272,21.269310,21.424393,21.441612,21.527603,21.665016,21.699318,21.682167,21.802162,21.699318,22.280251,21.785027,21.613518,21.973259,21.665016,21.870644,21.921967,21.870644,21.887764,21.630684,21.767891,21.853539,21.682167,21.630684,21.579163,21.716469,21.561981,21.424393,21.389961,21.372734,21.355507,21.096642,21.441612,21.217552,21.424393,21.424393,21.217552,21.338272,21.561981,21.338272,21.561981,21.476021,21.544792,21.527603,21.510414,21.544792,21.338272,21.682167,21.527603,21.613518,21.441612,21.527603,21.544792,21.630684,21.303802,21.476021,21.665016,21.716469,21.647850,21.836411,22.007431,21.853539,21.750755,21.785027,21.767891,21.870644,21.887764,21.956161,21.767891,21.802162,21.802162,21.647850,21.596336,21.716469,21.699318,21.596336,21.733620,21.647850,21.939064,21.665016,21.853539,21.647850,21.699318,21.819290,21.630684,21.767891,21.836411,21.767891,21.767891,21.716469,21.767891,21.733620,21.767891,21.853539,21.870644,22.058662,21.990349,22.058662,21.921967,22.143959,21.990349,22.143959,22.229179,22.229179,22.161018,22.178062,22.433289,22.348305,22.229179,22.246208,22.246208,22.297272,22.246208,22.178062,22.126915,22.143959,22.246208,22.246208,22.126915,22.297272,22.126915,22.161018,22.058662,21.750755,21.939064,22.178062,21.939064,21.716469,21.853539,21.887764,21.887764,21.819290,21.836411,21.887764,21.836411,21.853539,21.870644,21.939064,21.956161,21.973259,21.853539,22.058662,21.921967,22.024513,21.853539,22.109856,21.973259,22.092789,21.785027,21.767891,21.819290,21.939064,21.853539,21.819290,21.904861,21.853539,22.007431,22.109856,21.973259,21.904861,21.853539,22.092789,22.143959,22.075729,21.904861,22.109856,22.126915,22.178062,22.109856,22.109856,22.229179,22.331291,22.348305,22.058662,22.195107,22.365303,22.126915,22.075729,22.246208,22.246208,22.092789,22.126915,22.229179,21.973259,22.041588,21.750755,21.665016,21.836411,21.527603,21.870644,21.561981,21.389961,21.458817,21.476021,21.389961,21.476021,21.372734,21.596336,21.476021,21.630684,21.561981,21.407181,21.458817,21.389961,21.510414,21.338272,21.647850,21.321045,21.303802,21.303802,21.303802,21.234810,21.355507,21.338272,21.389961,21.165756,21.596336,21.338272,21.613518,21.750755,21.802162,21.699318,21.544792,21.579163,21.785027,21.613518,21.750755,21.836411,21.802162,21.767891,21.596336,21.458817,21.561981,21.510414,21.476021,21.647850,21.286568,21.544792,21.596336,21.682167,21.647850,21.716469,21.853539,21.973259,21.973259,22.024513,22.109856,22.161018,22.314293,22.058662,22.229179,22.280251,22.399300,22.263237,22.161018,22.195107,22.143959,22.195107,22.161018,22.246208,22.143959,22.143959,22.143959,21.939064,21.990349,21.939064,21.785027,21.853539,21.630684,21.510414,21.252068,21.148476,21.148476,20.940895,20.923576,21.079346,20.940895,21.027458,20.975533,21.165756,21.062057,20.992851,21.113914,21.096642,20.888908,21.010155,20.836899,20.854233,20.906242,21.027458,20.802200,20.750122,20.854233,20.645866,20.628487,20.558884,20.314804,20.576286,20.593697,20.611084,20.576286,20.698021,20.732758,20.732758,20.732758,20.802200,20.663254,20.558884,20.750122,20.784843,20.698021,20.750122,20.732758,20.576286,20.576286,20.436943,20.506645,20.576286,20.802200,20.698021,20.715385,20.750122,20.819542,20.888908,20.802200,20.940895,20.854233,20.940895,21.027458,21.183029,21.113914,21.044754,20.923576,20.923576,21.096642,20.992851,20.888908,20.906242,20.854233,20.958221,21.079346,20.888908,21.079346,21.096642,21.062057,21.079346,21.183029,21.148476,21.183029,21.217552,21.148476,21.027458,21.062057,20.750122,20.819542,20.645866,20.715385,20.750122,20.784843,20.836899,20.854233,20.802200,20.819542,20.888908,21.044754,20.888908,20.836899,21.010155,20.854233,20.663254,20.923576,21.010155,21.027458,21.079346,20.732758,20.958221,20.871582,20.802200,20.663254,20.611084,20.975533,20.732758,20.906242,20.940895,20.836899,21.113914,20.940895,20.975533,20.923576,20.888908,20.836899,21.079346,21.044754,21.131203,20.923576,20.975533,20.906242,20.992851,20.645866,20.715385,20.593697,20.732758,20.645866,20.802200,20.819542,20.871582,21.027458,21.027458,20.940895,20.888908,20.975533,21.044754,21.062057,20.975533,20.698021,21.062057,20.784843,20.784843,20.819542,20.732758,20.628487,20.750122,20.992851,20.871582,20.593697,20.906242,20.802200,21.096642,20.871582,20.767487,20.871582,20.871582,21.131203,21.044754,21.044754,21.269310,21.044754,21.062057,21.096642,21.027458,21.062057,20.888908,20.992851,21.079346,20.906242,20.958221,21.010155,20.906242,21.010155,21.010155,21.079346,21.113914,20.992851,21.131203,21.010155,20.958221,20.958221,20.940895,21.079346,20.888908,20.767487,20.958221,20.750122,20.802200,20.680634,20.923576,20.888908,20.767487,20.888908,20.871582,20.767487,21.010155,20.888908,20.975533,20.836899,20.836899,20.698021,20.940895,20.593697,20.975533,20.992851,20.854233,20.576286,20.611084,20.645866,20.802200,20.628487,20.871582,20.854233,20.975533,20.819542,20.611084,20.958221,20.992851,20.923576,20.923576,20.750122,20.767487,20.680634,20.732758,20.732758,20.819542,20.471802,20.524055,20.611084,20.524055,20.958221,20.871582,20.906242,20.906242,20.975533,20.888908,20.698021,21.148476,21.183029,21.200287,20.906242,21.113914,21.113914,21.234810,21.010155,20.871582,21.148476,20.888908,21.165756,20.992851,21.010155,21.010155,21.079346,21.079346,21.096642,21.010155,21.200287,20.836899,21.027458,21.131203,21.131203,21.234810,21.096642,21.062057,21.096642,20.958221,20.992851,20.940895,21.044754,20.940895,21.096642,21.286568,20.958221,21.062057,20.992851,21.027458,21.044754,21.062057,21.303802,21.113914,21.165756,21.148476,21.269310,21.424393,21.321045,21.200287,21.234810,21.044754,21.252068,21.165756,21.131203,21.441612,21.217552,21.355507,21.269310,21.079346,20.854233,21.113914,21.010155,20.923576,21.027458,20.871582,20.871582,20.906242,20.906242,20.680634,20.992851,20.802200,20.558884,20.802200,20.923576,20.419502,20.975533,20.940895,20.663254,20.854233,20.750122,21.010155,20.958221,21.010155,
20.940895,20.854233,20.819542,20.680634,20.732758,20.732758,20.923576,20.923576,20.958221,21.010155,20.906242,21.044754,21.148476,20.975533,20.975533,21.510414,21.148476,21.165756,21.096642,21.286568,21.079346,21.407181,21.234810,21.234810,21.321045,21.355507,21.338272,21.458817,21.389961,21.647850,21.200287,21.217552,21.389961,21.407181,21.493217,21.252068,21.321045,21.183029,21.355507,21.252068,21.183029,21.044754,21.355507,21.561981,21.458817,21.372734,21.165756,21.561981,21.389961,21.544792,21.750755,21.767891,21.819290,21.682167,21.921967,21.921967,22.007431,21.802162,21.904861,21.887764,21.819290,21.802162,21.973259,21.870644,21.802162,21.733620,21.870644,21.956161,21.767891,21.853539,21.493217,21.647850,21.510414,21.561981,21.458817,21.424393,21.424393,21.424393,21.252068,21.476021,21.113914,21.493217,21.596336,21.441612,21.407181,21.493217,21.476021,21.647850,21.613518,21.493217,21.596336,21.441612,21.561981,21.596336,21.458817,21.510414,21.476021,21.665016,21.476021,21.630684,21.561981,21.767891,21.699318,21.973259,21.870644,21.973259,21.767891,21.853539,22.041588,21.887764,21.939064,21.647850,21.939064,21.956161,21.819290,21.493217,21.750755,21.630684,21.682167,21.956161,21.665016,21.665016,22.007431,21.921967,21.733620,21.836411,21.750755,21.802162,21.767891,21.767891,21.613518,21.750755,21.750755,21.767891,21.699318,21.699318,21.767891,21.853539,21.716469,21.870644,21.870644,22.109856,22.161018,22.041588,22.178062,22.212143,22.246208,22.143959,22.348305,22.212143,22.280251,22.382309,22.263237,22.161018,22.382309,22.297272,22.314293,22.212143,22.331291,22.331291,22.280251,22.161018,22.041588,22.092789,22.433289,22.024513,22.041588,22.229179,22.024513,21.887764,22.058662,21.819290,21.990349,21.836411,21.785027,21.716469,21.819290,21.921967,21.733620,21.904861,21.750755,21.990349,22.126915,21.956161,21.767891,21.887764,21.853539,22.092789,21.921967,21.904861,21.956161,22.024513,22.109856,21.990349,21.904861,22.007431,21.939064,21.836411,21.956161,21.973259,22.024513,22.092789,22.143959,22.092789,22.058662,22.195107,22.126915,22.024513,22.229179,22.212143,22.212143,22.092789,22.161018,21.990349,22.143959,22.212143,22.075729,22.212143,22.195107,22.178062,22.263237,22.280251,22.212143,22.535133,22.178062,22.058662,21.990349,22.092789,21.853539,21.904861,22.109856,21.767891,21.665016,21.699318,21.613518,21.424393,21.424393,21.716469,21.476021,21.372734,21.544792,21.630684,21.767891,21.596336,21.613518,21.716469,21.647850,21.630684,21.561981,21.458817,21.596336,21.682167,21.441612,21.321045,21.372734,21.252068,21.165756,21.338272,21.303802,21.510414,21.389961,21.613518,21.579163,21.887764,21.613518,21.785027,21.904861,21.750755,21.665016,21.853539,21.699318,21.733620,21.630684,21.699318,21.716469,21.476021,21.596336,21.665016,21.493217,21.389961,21.407181,21.458817,21.561981,21.733620,21.819290,21.990349,22.024513,21.836411,22.161018,22.092789,22.178062,22.246208,22.331291,22.280251,22.331291,22.075729,22.263237,22.161018,22.246208,22.041588,22.382309,22.280251,22.229179,22.109856,22.382309,22.143959,22.058662,21.939064,21.613518,21.904861,21.750755,21.699318,21.596336,21.716469,21.424393,21.183029,21.183029,21.079346,20.940895,21.131203,21.044754,21.217552,20.819542,21.010155,21.113914,21.096642,21.096642,21.165756,21.044754,20.940895,20.888908,21.027458,20.802200,20.940895,20.854233,20.992851,20.645866,20.680634,20.576286,20.593697,20.419502,20.576286,20.576286,20.680634,20.715385,20.471802,20.541473,20.888908,20.767487,20.732758,20.802200,20.784843,20.732758,20.750122,20.784843,20.767487,20.802200,20.489220,20.611084,20.524055,20.419502,20.576286,20.628487,20.541473,20.576286,20.698021,20.715385,20.819542,20.715385,21.027458,20.854233,20.854233,20.871582,20.663254,21.079346,21.044754,20.940895,21.200287,21.062057,20.940895,20.628487,20.923576,20.975533,20.975533,20.715385,20.836899,20.992851,21.148476,21.286568,21.044754,20.888908,21.165756,21.027458,21.044754,20.871582,20.975533,20.940895,20.923576,20.975533,20.680634,20.802200,20.958221,20.680634,20.854233,20.750122,20.732758,20.906242,20.732758,20.836899,20.923576,20.940895,20.940895,20.975533,20.992851,20.888908,21.096642,20.888908,20.940895,21.131203,20.958221,20.819542,20.645866,20.576286,20.576286,20.715385,20.593697,20.854233,20.750122,20.923576,21.027458,20.784843,20.923576,20.698021,20.854233,20.819542,21.200287,21.044754,21.010155,20.819542,20.940895,20.715385,20.645866,20.732758,20.923576,20.663254,20.611084,20.871582,20.680634,20.802200,20.576286,20.680634,21.096642,20.958221,20.819542,20.732758,21.010155,20.871582,20.767487,20.802200,21.010155,20.663254,20.750122,20.750122,20.888908,20.645866,20.524055,20.628487,20.923576,20.558884,20.645866,20.871582,20.906242,20.784843,20.958221,21.113914,21.165756,20.975533,21.062057,20.836899,21.165756,21.027458,21.027458,21.010155,20.923576,20.784843,20.836899,20.923576,20.975533,20.923576,20.923576,21.148476,20.940895,21.062057,20.940895,20.975533,20.871582,21.113914,20.975533,20.958221,20.992851,21.010155,21.131203,20.750122,20.975533,20.802200,20.680634,20.663254,20.871582,20.819542,21.044754,20.732758,20.906242,20.819542,20.854233,20.663254,21.027458,20.680634,20.802200,20.767487,20.715385,20.906242,20.784843,20.888908,20.819542,20.715385,20.854233,20.663254,20.628487,20.628487,20.940895,20.524055,20.558884,20.628487,20.871582,20.628487,20.663254,20.698021,20.802200,20.802200,20.854233,20.906242,20.750122,20.819542,20.802200,20.819542,20.923576,20.489220,20.611084,20.576286,20.436943,20.819542,20.802200,20.784843,20.871582,20.923576,20.767487,20.611084,21.062057,21.010155,20.992851,20.992851,21.079346,20.975533,21.096642,21.062057,20.940895,20.992851,20.958221,21.096642,20.836899,21.269310,21.027458,20.906242,21.010155,21.096642,21.113914,21.062057,21.183029,21.165756,21.062057,21.062057,21.062057,20.992851,21.131203,21.148476,20.975533,20.888908,21.027458,21.010155,21.096642,20.923576,20.888908,21.027458,20.906242,21.131203,21.165756,21.044754,21.183029,21.079346,21.131203,21.044754,20.923576,21.096642,20.975533,21.010155,21.269310,21.131203,21.079346,21.062057,20.923576,20.802200,21.062057,20.958221,21.062057,21.148476,20.958221,20.940895,21.044754,21.027458,20.802200,20.802200,21.096642,20.784843,20.802200,20.680634,20.992851,20.992851,20.906242,20.663254,20.802200,20.732758,20.558884,20.819542,20.923576,20.680634,20.645866,20.732758,20.767487,20.698021,21.096642,
20.750122,20.888908,20.680634,20.819542,20.732758,20.923576,20.923576,21.027458,20.871582,21.027458,20.992851,20.871582,21.079346,21.321045,21.303802,21.131203,21.131203,21.407181,21.062057,21.269310,21.217552,21.338272,21.458817,21.183029,21.458817,21.441612,21.647850,21.321045,21.355507,21.510414,21.647850,21.544792,21.441612,21.407181,21.441612,21.338272,21.424393,21.269310,21.010155,21.252068,21.303802,21.303802,21.286568,21.407181,21.407181,21.458817,21.321045,21.424393,21.544792,21.716469,21.544792,21.716469,21.476021,21.733620,21.853539,21.836411,21.836411,21.682167,21.733620,21.699318,21.836411,21.733620,21.921967,21.767891,21.939064,21.904861,21.870644,21.630684,21.647850,21.733620,21.510414,21.441612,21.647850,21.561981,21.217552,21.510414,21.338272,21.389961,21.458817,21.561981,21.286568,21.579163,21.544792,21.372734,21.510414,21.579163,21.441612,21.682167,21.510414,21.853539,21.544792,21.596336,21.476021,21.699318,21.716469,21.750755,21.527603,21.441612,21.767891,21.561981,21.733620,21.887764,21.716469,21.870644,21.921967,21.887764,21.939064,21.904861,21.733620,21.887764,22.007431,21.973259,21.785027,21.767891,21.904861,21.939064,21.785027,21.665016,21.836411,21.733620,21.802162,21.682167,21.819290,21.853539,21.682167,21.750755,21.750755,21.785027,21.750755,21.802162,21.561981,21.870644,21.596336,21.904861,21.887764,21.767891,21.682167,21.836411,21.682167,21.819290,22.007431,22.007431,22.024513,22.007431,22.126915,21.956161,22.109856,22.075729,22.280251,22.365303,22.314293,22.331291,22.161018,22.297272,22.399300,22.246208,22.280251,22.263237,22.297272,22.229179,22.297272,22.297272,22.229179,22.178062,22.126915,22.075729,22.075729,21.973259,21.973259,21.750755,21.973259,21.921967,21.887764,21.853539,22.007431,21.785027,21.785027,21.819290,21.767891,21.750755,21.921967,21.956161,21.921967,22.058662,21.819290,22.007431,21.904861,22.092789,22.024513,21.904861,22.024513,21.956161,22.024513,21.939064,21.973259,21.990349,21.887764,22.058662,21.990349,21.870644,21.956161,22.007431,21.973259,22.024513,22.075729,22.143959,22.195107,22.092789,22.143959,22.263237,22.109856,21.921967,22.263237,22.143959,22.092789,22.143959,22.058662,22.246208,22.178062,22.195107,22.212143,22.297272,22.143959,22.280251,22.092789,22.126915,22.058662,21.853539,21.939064,21.767891,21.973259,21.733620,21.716469,21.836411,21.613518,21.665016,21.613518,21.579163,21.544792,21.682167,21.665016,21.493217,21.699318,21.630684,21.476021,21.733620,21.699318,21.493217,21.579163,21.647850,21.424393,21.579163,21.647850,21.372734,21.510414,21.321045,21.321045,21.458817,21.407181,21.493217,21.407181,21.596336,21.716469,21.716469,21.767891,21.819290,21.544792,21.613518,21.819290,21.973259,21.904861,21.767891,21.647850,21.647850,21.630684,21.544792,21.647850,21.853539,21.579163,21.493217,21.733620,21.527603,21.613518,21.904861,21.904861,21.870644,22.075729,22.092789,21.836411,22.212143,22.195107,22.263237,22.314293,22.467247,22.263237,22.024513,22.246208,22.092789,22.331291,22.075729,22.280251,22.297272,22.280251,22.280251,22.399300,22.007431,22.263237,22.178062,21.836411,21.767891,21.750755,21.716469,21.630684,21.665016,21.338272,21.441612,21.148476,21.355507,21.217552,20.992851,21.010155,21.252068,21.079346,21.062057,20.958221,21.010155,21.234810,21.062057,21.096642,20.940895,20.871582,20.958221,20.940895,21.027458,21.062057,20.871582,20.854233,20.698021,20.593697,20.698021,20.489220,20.732758,20.558884,20.680634,20.715385,20.558884,20.854233,20.819542,20.802200,20.593697,20.767487,20.784843,20.680634,20.750122,20.871582,20.854233,20.784843,20.732758,20.506645,20.506645,20.593697,20.611084,20.436943,20.715385,20.698021,20.871582,20.854233,20.888908,20.958221,21.079346,20.906242,20.836899,21.062057,20.854233,21.062057,21.252068,20.923576,20.906242,21.165756,21.010155,20.854233,20.750122,20.767487,20.975533,21.010155,20.923576,20.940895,21.079346,21.217552,21.027458,21.131203,20.940895,21.131203,21.027458,20.767487,21.027458,20.819542,20.802200,20.715385,20.767487,20.645866,20.767487,20.558884,20.750122,20.541473,20.611084,20.750122,20.906242,20.732758,20.836899,20.836899,20.906242,20.923576,20.958221,21.010155,21.183029,21.027458,20.888908,21.079346,20.836899,20.645866,20.750122,20.524055,20.558884,20.750122,20.680634,20.680634,20.698021,20.611084,20.940895,20.784843,20.836899,20.576286,20.784843,20.680634,21.044754,21.027458,20.888908,20.992851,20.836899,20.784843,20.489220,20.698021,20.628487,20.541473,20.663254,20.802200,20.784843,20.802200,20.784843,20.992851,20.836899,20.940895,20.940895,20.923576,20.836899,20.802200,21.027458,20.923576,20.906242,20.698021,20.923576,20.611084,20.645866,20.454369,20.628487,20.645866,20.558884,20.628487,20.611084,20.611084,20.767487,20.923576,20.767487,21.010155,20.923576,20.940895,20.906242,21.096642,20.975533,21.165756,21.183029,20.906242,20.854233,20.819542,20.836899,20.784843,20.906242,20.715385,20.854233,20.940895,21.096642,20.958221,20.940895,20.940895,21.062057,21.010155,20.888908,21.113914,21.062057,20.906242,21.269310,20.888908,20.871582,20.819542,20.871582,20.750122,20.871582,20.906242,20.767487,20.940895,20.975533,20.645866,20.836899,20.663254,20.784843,20.923576,20.819542,20.680634,20.940895,20.802200,20.975533,20.784843,20.975533,20.541473,20.645866,20.332268,20.541473,20.558884,20.680634,20.750122,20.279877,20.680634,20.732758,20.645866,20.975533,20.698021,20.576286,20.750122,20.906242,20.854233,20.836899,20.645866,20.663254,20.698021,20.732758,20.698021,20.541473,20.541473,20.645866,20.611084,20.732758,20.680634,20.819542,20.715385,20.698021,20.611084,20.888908,20.819542,20.975533,20.906242,20.992851,20.819542,21.010155,20.958221,21.252068,21.010155,20.940895,20.940895,21.010155,20.958221,21.113914,21.131203,21.183029,20.940895,21.321045,20.871582,21.183029,21.044754,21.010155,21.148476,21.321045,20.958221,21.165756,20.958221,21.096642,20.645866,21.079346,20.871582,21.113914,21.062057,20.767487,20.940895,21.113914,21.096642,21.148476,20.975533,21.062057,21.131203,20.854233,21.321045,20.975533,21.113914,21.286568,20.819542,21.234810,20.958221,21.183029,21.113914,21.044754,20.871582,21.165756,21.027458,21.010155,20.992851,21.010155,21.165756,21.096642,20.888908,20.854233,21.131203,20.593697,21.062057,20.871582,20.871582,20.645866,20.593697,20.663254,20.923576,20.367180,20.663254,20.836899,20.836899,20.558884,20.750122,20.698021,20.732758,20.471802,20.558884,21.113914,
21.027458,20.923576,20.767487,20.715385,20.593697,20.836899,20.906242,20.784843,20.940895,20.906242,21.131203,21.027458,21.027458,21.252068,21.113914,21.027458,21.165756,21.165756,21.148476,21.269310,21.269310,21.183029,21.027458,21.286568,21.389961,21.424393,21.596336,21.269310,21.355507,21.493217,21.458817,21.424393,21.303802,21.252068,21.389961,21.286568,21.493217,21.286568,21.338272,21.372734,21.510414,21.200287,21.458817,21.303802,21.561981,21.665016,21.596336,21.441612,21.665016,21.990349,21.510414,21.733620,21.836411,21.613518,21.750755,21.510414,21.699318,21.716469,21.973259,21.596336,21.733620,21.819290,21.699318,21.716469,21.613518,21.870644,21.870644,21.733620,21.647850,21.527603,21.682167,21.424393,21.510414,21.252068,21.355507,21.527603,21.441612,21.389961,21.389961,21.355507,21.424393,21.544792,21.493217,21.647850,21.424393,21.441612,21.355507,21.579163,21.613518,21.630684,21.904861,21.493217,21.561981,21.785027,21.630684,21.853539,21.544792,21.682167,21.579163,21.682167,21.750755,21.682167,21.853539,21.887764,21.904861,21.836411,21.802162,22.024513,21.973259,21.956161,21.939064,21.939064,21.733620,21.973259,21.699318,21.802162,21.699318,21.819290,21.682167,21.716469,21.647850,21.939064,21.990349,21.510414,21.819290,21.716469,21.699318,21.802162,21.613518,21.716469,21.682167,21.767891,21.682167,21.630684,21.493217,21.836411,21.647850,21.699318,21.836411,21.767891,21.870644,22.024513,22.024513,22.075729,22.126915,22.007431,22.092789,22.195107,22.178062,22.246208,22.092789,22.212143,22.331291,22.246208,22.348305,22.365303,22.143959,22.280251,22.229179,22.126915,22.229179,22.280251,22.092789,22.075729,22.126915,22.058662,21.956161,21.939064,22.007431,22.007431,21.973259,21.939064,21.613518,21.802162,21.750755,21.733620,21.767891,21.956161,21.836411,21.939064,21.887764,21.836411,21.853539,21.887764,21.870644,21.767891,21.819290,21.973259,21.836411,21.990349,22.024513,21.836411,21.682167,22.092789,21.836411,22.126915,21.904861,21.870644,21.990349,21.939064,21.973259,22.024513,21.887764,21.939064,21.956161,21.990349,22.058662,21.904861,21.921967,21.939064,21.921967,21.904861,21.990349,21.904861,22.092789,22.161018,22.109856,22.075729,22.075729,21.973259,22.143959,22.092789,22.075729,22.024513,21.973259,22.126915,21.990349,21.853539,21.819290,21.716469,21.544792,21.819290,21.630684,21.476021,21.458817,21.613518,21.733620,21.613518,21.647850,21.647850,21.493217,21.733620,21.476021,21.321045,21.630684,21.665016,21.407181,21.407181,21.372734,21.750755,21.458817,21.458817,21.458817,21.407181,21.269310,21.286568,21.389961,21.424393,21.303802,21.407181,21.321045,21.579163,21.476021,21.630684,21.544792,21.647850,21.613518,21.802162,21.682167,21.733620,21.596336,21.665016,21.665016,21.939064,21.767891,21.767891,21.510414,21.613518,21.596336,21.647850,21.716469,21.630684,21.870644,21.750755,21.904861,21.939064,21.990349,21.990349,21.887764,22.007431,22.075729,22.212143,22.143959,22.280251,22.143959,22.161018,22.263237,22.195107,22.246208,22.195107,22.433289,22.263237,22.058662,22.280251,22.109856,22.041588,22.024513,21.853539,21.819290,21.785027,21.630684,21.733620,21.527603,21.372734,21.321045,21.372734,21.252068,21.217552,21.062057,20.888908,20.958221,21.148476,21.062057,21.027458,21.131203,21.234810,21.234810,21.027458,21.044754,21.113914,21.165756,21.079346,20.923576,20.975533,20.958221,20.767487,20.819542,20.784843,20.680634,20.436943,20.489220,20.698021,20.628487,20.541473,20.349724,20.802200,20.767487,20.611084,20.680634,20.836899,20.611084,20.454369,20.732758,20.628487,21.062057,20.732758,20.854233,20.767487,20.767487,20.698021,20.576286,20.715385,20.854233,20.715385,20.854233,20.593697,20.732758,21.010155,20.871582,21.062057,21.027458,20.958221,20.958221,20.992851,20.940895,20.975533,20.975533,21.096642,20.784843,20.871582,20.663254,20.992851,20.836899,20.819542,20.992851,21.079346,20.958221,21.044754,20.975533,20.958221,21.113914,21.010155,21.269310,21.096642,21.131203,21.113914,21.096642,20.784843,20.767487,20.767487,20.645866,20.784843,20.732758,20.715385,20.680634,20.732758,20.802200,20.871582,20.750122,21.183029,20.767487,20.802200,20.906242,20.819542,20.958221,21.131203,21.044754,20.975533,20.975533,20.750122,20.611084,20.802200,20.680634,20.680634,20.819542,20.680634,20.732758,20.663254,20.732758,20.767487,20.611084,20.784843,20.906242,20.698021,20.992851,20.888908,20.819542,20.854233,20.975533,20.663254,20.611084,20.698021,20.471802,20.715385,20.332268,20.680634,20.402061,20.645866,20.750122,20.836899,20.732758,21.079346,20.854233,20.854233,20.593697,20.541473,20.958221,20.698021,21.044754,21.113914,20.975533,20.819542,20.402061,20.715385,20.698021,20.784843,20.541473,20.471802,20.471802,20.524055,20.732758,20.645866,20.784843,20.784843,20.906242,21.027458,20.992851,20.715385,20.940895,21.165756,20.923576,21.062057,20.906242,20.940895,20.992851,20.923576,20.576286,20.888908,20.888908,20.750122,20.854233,20.906242,20.871582,21.062057,20.819542,20.906242,21.131203,21.062057,20.923576,21.044754,20.958221,20.992851,20.888908,20.576286,20.836899,20.836899,20.645866,21.044754,20.349724,20.975533,20.680634,20.628487,20.975533,20.645866,20.680634,20.767487,20.802200,20.715385,20.750122,20.940895,20.836899,20.767487,20.836899,20.819542,20.576286,20.715385,20.471802,20.506645,20.698021,20.593697,20.419502,20.506645,20.645866,20.871582,20.611084,20.471802,20.750122,20.715385,20.645866,20.836899,20.611084,20.680634,20.611084,21.010155,20.888908,20.958221,20.576286,20.454369,20.611084,20.402061,20.367180,20.680634,20.506645,20.784843,20.854233,21.079346,20.819542,21.027458,20.715385,20.888908,20.715385,21.131203,21.062057,20.975533,20.923576,21.062057,20.750122,20.802200,20.767487,20.975533,20.715385,20.923576,20.992851,21.079346,20.819542,20.958221,21.010155,21.148476,20.940895,21.131203,20.975533,21.062057,21.303802,20.888908,21.079346,20.784843,20.940895,21.044754,20.871582,20.836899,20.906242,20.958221,20.698021,21.010155,20.992851,21.113914,21.148476,20.888908,21.079346,21.131203,20.992851,20.940895,21.113914,21.044754,20.906242,20.888908,20.888908,20.958221,20.906242,20.975533,20.975533,20.958221,20.923576,21.044754,20.992851,21.096642,21.027458,20.871582,21.010155,21.096642,20.802200,20.923576,20.663254,20.992851,20.750122,20.923576,20.888908,20.784843,20.558884,20.576286,20.489220,20.663254,20.576286,20.680634,20.663254,20.698021,20.558884,20.576286,20.784843,21.062057,
20.645866,20.663254,20.663254,20.888908,20.628487,20.611084,20.784843,20.888908,20.888908,20.680634,20.888908,20.923576,21.010155,21.010155,20.940895,21.010155,20.992851,20.732758,21.234810,20.958221,21.165756,20.958221,21.200287,20.975533,21.321045,21.183029,21.424393,21.269310,21.200287,21.286568,21.372734,21.389961,21.389961,21.148476,21.303802,21.252068,21.493217,21.303802,21.458817,21.200287,21.303802,21.234810,21.200287,21.234810,21.252068,21.630684,21.561981,21.131203,21.527603,21.407181,21.493217,21.630684,21.493217,21.561981,21.716469,21.630684,21.767891,21.647850,21.716469,21.682167,21.579163,21.870644,21.767891,21.647850,21.956161,21.665016,21.389961,21.630684,21.510414,21.561981,21.286568,21.372734,21.527603,21.596336,21.372734,21.510414,21.372734,21.441612,21.269310,21.441612,21.561981,21.630684,21.785027,21.613518,21.561981,21.682167,21.579163,21.510414,21.750755,21.630684,21.853539,21.665016,21.458817,21.785027,21.767891,21.544792,21.510414,21.596336,21.802162,21.699318,21.785027,21.904861,21.785027,21.870644,21.956161,21.836411,21.665016,21.904861,21.887764,22.075729,21.956161,21.887764,21.939064,21.870644,21.767891,21.939064,21.579163,21.767891,21.750755,21.665016,21.802162,21.630684,21.870644,21.750755,21.613518,21.853539,21.921967,21.802162,21.630684,21.836411,21.733620,21.904861,21.699318,21.647850,21.733620,21.733620,21.682167,21.785027,21.665016,21.733620,21.973259,21.939064,21.870644,22.041588,22.109856,21.990349,22.041588,22.007431,22.041588,22.263237,22.041588,22.297272,22.229179,22.433289,22.331291,22.212143,22.126915,22.161018,22.058662,22.229179,22.263237,22.007431,22.041588,21.990349,22.058662,21.904861,21.802162,22.161018,21.887764,21.802162,21.921967,21.750755,21.613518,21.682167,21.665016,21.887764,21.389961,21.750755,21.682167,21.665016,21.819290,21.561981,21.802162,21.870644,21.682167,21.887764,21.750755,21.802162,21.716469,21.819290,21.921967,21.921967,21.785027,21.802162,21.802162,21.904861,21.785027,21.733620,21.802162,21.836411,22.041588,22.024513,21.973259,21.921967,21.887764,21.921967,22.007431,21.973259,21.956161,22.024513,21.613518,21.904861,21.990349,22.041588,21.956161,21.921967,21.853539,21.990349,22.007431,22.075729,22.007431,21.921967,22.075729,21.956161,22.092789,21.802162,21.990349,21.939064,21.785027,21.767891,21.785027,21.682167,21.665016,21.527603,21.493217,21.458817,21.579163,21.561981,21.458817,21.561981,21.596336,21.613518,21.613518,21.596336,21.596336,21.493217,21.630684,21.630684,21.441612,21.561981,21.355507,21.510414,21.372734,21.441612,21.355507,21.286568,21.476021,21.389961,21.424393,21.165756,21.424393,21.355507,21.579163,21.510414,21.682167,21.613518,21.647850,21.389961,21.716469,21.750755,21.733620,21.665016,21.733620,21.699318,21.699318,21.527603,21.613518,21.630684,21.716469,21.716469,21.596336,21.561981,21.733620,21.785027,21.802162,21.904861,21.870644,21.819290,21.870644,22.007431,22.195107,22.058662,22.143959,22.297272,22.024513,22.143959,22.143959,22.024513,22.229179,22.246208,22.143959,22.229179,22.024513,22.109856,22.126915,21.870644,21.956161,21.921967,21.716469,21.733620,21.510414,21.476021,21.561981,21.441612,21.303802,21.217552,21.113914,21.234810,21.165756,20.940895,21.131203,21.027458,21.113914,21.286568,21.131203,21.321045,21.165756,21.096642,21.148476,21.027458,20.923576,20.767487,20.836899,21.027458,21.027458,20.923576,20.576286,20.802200,20.732758,20.576286,20.732758,20.384621,20.558884,20.628487,20.628487,20.645866,20.715385,20.628487,20.663254,20.732758,20.663254,20.732758,21.027458,20.645866,20.958221,20.854233,20.715385,20.750122,20.680634,20.611084,20.558884,20.576286,20.698021,20.715385,20.663254,20.698021,20.732758,21.062057,20.854233,21.044754,20.767487,21.010155,21.079346,21.165756,21.148476,21.044754,20.923576,20.923576,21.062057,21.044754,20.732758,20.923576,20.750122,21.148476,20.992851,20.992851,20.992851,21.200287,21.096642,20.923576,20.940895,21.044754,21.062057,20.975533,20.940895,21.027458,20.819542,20.940895,20.906242,20.802200,20.750122,20.854233,20.940895,20.802200,20.680634,20.611084,20.819542,20.923576,20.888908,20.975533,20.888908,20.958221,21.148476,21.113914,20.698021,21.027458,21.027458,20.906242,20.923576,20.871582,20.784843,20.524055,20.715385,20.593697,20.802200,20.593697,20.836899,20.732758,20.836899,20.836899,20.784843,20.836899,20.767487,20.767487,20.802200,21.096642,20.958221,20.836899,20.906242,20.888908,20.750122,20.888908,20.715385,20.767487,20.314804,20.732758,20.750122,20.680634,20.906242,20.576286,20.975533,20.906242,20.854233,21.183029,20.906242,20.940895,20.802200,20.871582,20.836899,20.784843,20.628487,20.784843,20.558884,20.593697,20.698021,20.611084,20.436943,20.576286,20.576286,20.506645,20.663254,20.888908,20.715385,20.767487,20.992851,20.975533,20.836899,20.854233,20.975533,20.992851,20.888908,21.165756,20.871582,20.992851,20.854233,20.750122,20.802200,21.010155,20.802200,20.819542,20.923576,20.836899,20.940895,21.131203,20.767487,20.923576,20.854233,21.183029,20.784843,21.148476,20.802200,21.113914,20.784843,20.975533,20.784843,20.436943,20.593697,20.854233,20.732758,20.854233,20.593697,20.663254,20.836899,20.802200,20.715385,20.871582,20.836899,20.784843,20.732758,20.663254,20.975533,20.767487,20.906242,20.593697,20.471802,20.436943,20.314804,20.471802,20.419502,20.419502,20.506645,20.489220,20.576286,20.489220,20.611084,20.628487,20.888908,20.506645,20.680634,20.767487,20.680634,20.854233,20.750122,20.715385,20.819542,20.593697,20.471802,20.489220,20.402061,20.314804,20.349724,20.524055,20.506645,20.576286,20.663254,20.819542,20.767487,20.802200,20.715385,20.802200,20.819542,20.819542,20.854233,20.958221,20.888908,20.923576,20.732758,20.645866,20.784843,20.819542,20.958221,20.871582,20.940895,20.923576,21.027458,20.767487,20.958221,20.767487,21.044754,20.992851,20.854233,20.888908,20.871582,20.871582,20.871582,20.767487,20.819542,20.923576,20.611084,20.906242,21.044754,20.836899,20.836899,20.541473,20.871582,20.854233,21.044754,20.750122,20.906242,21.027458,21.044754,20.784843,21.131203,20.906242,21.096642,20.906242,20.802200,20.854233,20.645866,21.113914,20.975533,20.732758,20.975533,20.802200,20.888908,20.940895,20.975533,20.680634,20.767487,20.940895,20.975533,20.888908,20.888908,20.819542,20.628487,20.732758,20.767487,20.524055,20.506645,20.611084,20.750122,20.576286,20.436943,20.611084,20.611084,20.541473,20.576286,20.402061,21.027458,20.871582,
20.767487,20.628487,20.663254,20.576286,20.663254,20.698021,20.715385,20.680634,20.541473,20.958221,20.750122,20.767487,20.836899,20.715385,20.784843,20.836899,20.940895,20.923576,20.958221,21.044754,20.802200,20.923576,20.906242,21.027458,21.217552,21.148476,21.165756,21.113914,21.165756,21.217552,21.389961,21.079346,21.148476,21.407181,21.269310,21.252068,21.355507,21.286568,21.493217,21.269310,21.010155,21.303802,21.630684,21.389961,21.252068,21.183029,21.407181,21.476021,21.407181,21.441612,21.476021,21.785027,21.493217,21.596336,21.493217,21.424393,21.579163,21.613518,21.441612,21.579163,21.579163,21.355507,21.647850,21.613518,21.767891,21.510414,21.596336,21.647850,21.493217,21.303802,21.630684,21.544792,21.441612,21.716469,21.476021,21.493217,21.372734,21.458817,21.458817,21.389961,21.441612,21.596336,21.750755,21.802162,21.767891,21.716469,21.493217,21.870644,21.733620,21.544792,21.544792,21.802162,21.853539,21.699318,21.836411,21.750755,21.699318,21.716469,21.802162,21.939064,21.990349,21.836411,21.939064,22.109856,21.990349,21.887764,22.109856,22.212143,22.143959,22.041588,21.870644,21.973259,21.921967,21.921967,21.904861,21.956161,21.802162,21.785027,21.785027,21.921967,21.733620,21.682167,21.613518,21.647850,21.647850,21.733620,21.750755,21.682167,21.544792,21.647850,21.665016,21.441612,21.665016,21.544792,21.527603,21.613518,21.561981,21.699318,21.630684,21.647850,21.767891,21.904861,21.802162,22.092789,22.024513,22.058662,22.041588,22.092789,22.058662,22.007431,22.109856,22.041588,22.041588,22.161018,21.904861,22.195107,22.058662,22.075729,22.263237,22.178062,22.143959,22.075729,22.041588,21.921967,21.853539,21.887764,21.887764,21.904861,21.956161,21.819290,21.785027,21.716469,21.527603,21.733620,21.441612,21.767891,21.527603,21.733620,21.699318,21.699318,21.579163,21.647850,21.527603,21.767891,21.647850,21.630684,21.579163,21.630684,21.682167,21.750755,21.836411,21.836411,21.836411,21.716469,21.716469,21.613518,21.853539,21.750755,21.904861,21.579163,21.819290,21.921967,21.836411,21.802162,22.024513,22.041588,21.921967,21.870644,21.785027,21.904861,21.921967,21.819290,21.819290,21.870644,21.853539,22.024513,21.802162,21.836411,21.836411,21.836411,21.802162,21.819290,21.853539,21.990349,21.750755,21.853539,21.785027,21.921967,21.733620,21.802162,21.596336,21.750755,21.441612,21.510414,21.458817,21.544792,21.699318,21.510414,21.699318,21.579163,21.561981,21.836411,21.630684,21.476021,21.630684,21.458817,21.527603,21.561981,21.458817,21.338272,21.476021,21.476021,21.424393,21.476021,21.269310,21.217552,21.269310,21.389961,21.234810,21.389961,21.372734,21.217552,21.493217,21.630684,21.596336,21.716469,21.733620,21.527603,21.630684,21.596336,21.887764,21.613518,21.733620,21.733620,21.596336,21.716469,21.476021,21.870644,21.510414,21.630684,21.733620,21.750755,21.665016,21.767891,21.990349,21.682167,21.767891,21.887764,21.767891,21.819290,21.990349,22.075729,22.092789,22.024513,21.956161,22.024513,21.750755,22.024513,21.921967,21.904861,21.836411,21.750755,21.802162,21.716469,22.007431,21.630684,21.750755,21.647850,21.630684,21.493217,21.544792,21.424393,21.407181,21.321045,21.389961,21.200287,21.269310,21.096642,21.165756,21.027458,21.096642,20.992851,20.992851,20.906242,21.062057,21.044754,21.010155,20.992851,20.698021,20.888908,20.871582,21.027458,20.784843,20.940895,20.975533,20.836899,20.680634,20.489220,20.489220,20.524055,20.489220,20.715385,20.698021,20.628487,20.506645,20.576286,20.819542,20.611084,20.628487,20.402061,20.593697,20.802200,20.698021,20.628487,20.576286,20.663254,20.784843,20.767487,20.489220,20.402061,20.367180,20.645866,20.698021,20.576286,20.819542,20.750122,20.541473,20.992851,20.888908,20.819542,20.802200,21.010155,20.888908,20.992851,20.923576,20.888908,20.923576,20.923576,20.854233,20.802200,20.819542,20.663254,20.871582,20.975533,20.940895,20.906242,20.888908,20.906242,20.906242,20.906242,21.079346,21.044754,21.079346,20.750122,21.044754,20.906242,21.096642,21.062057,20.680634,20.836899,20.923576,20.750122,21.096642,21.079346,20.767487,20.750122,20.767487,20.975533,20.767487,21.027458,20.802200,20.940895,20.975533,20.906242,20.940895,20.888908,21.096642,20.836899,20.888908,20.871582,20.698021,20.680634,20.819542,20.628487,20.715385,20.698021,20.819542,20.750122,20.819542,20.854233,20.732758,20.802200,20.698021,20.940895,20.819542,20.836899,20.750122,21.044754,20.888908,20.958221,20.663254,20.628487,20.715385,20.593697,20.628487,20.471802,20.645866,20.715385,20.715385,20.836899,20.871582,21.010155,20.663254,20.750122,20.888908,20.923576,20.871582,21.010155,20.888908,20.784843,20.750122,20.784843,20.680634,20.663254,20.750122,20.645866,20.454369,20.802200,20.819542,20.750122,20.715385,20.854233,20.732758,21.079346,20.698021,20.784843,20.854233,20.888908,21.044754,21.165756,20.975533,20.992851,20.888908,20.888908,20.923576,20.645866,20.715385,20.715385,20.836899,21.010155,20.802200,20.906242,21.252068,20.819542,20.836899,20.767487,20.975533,20.940895,20.958221,20.923576,20.802200,21.165756,20.906242,20.767487,20.784843,20.680634,20.541473,20.836899,20.750122,20.732758,20.576286,20.940895,20.750122,20.784843,20.767487,20.750122,20.680634,20.698021,20.680634,20.854233,20.836899,20.784843,20.698021,20.628487,20.332268,20.279877,20.332268,20.297348,20.454369,20.349724,20.471802,20.506645,20.436943,20.645866,20.611084,20.419502,20.611084,20.732758,20.923576,20.576286,20.854233,20.923576,20.715385,20.940895,20.750122,20.802200,20.279877,20.402061,20.297348,20.506645,20.436943,20.541473,20.593697,20.576286,20.576286,20.854233,20.715385,20.767487,20.645866,20.767487,20.906242,20.854233,21.010155,20.767487,20.611084,20.836899,20.680634,20.767487,20.593697,20.836899,20.541473,20.715385,20.558884,20.784843,20.906242,20.680634,20.906242,20.940895,20.750122,21.010155,20.854233,20.992851,20.940895,20.923576,20.906242,20.958221,20.871582,20.836899,20.698021,20.750122,20.680634,20.593697,20.698021,21.027458,20.645866,20.663254,20.836899,20.975533,20.975533,20.802200,20.454369,20.854233,20.802200,20.750122,20.975533,20.975533,20.715385,20.732758,20.680634,20.802200,20.888908,20.819542,20.524055,20.680634,20.767487,20.680634,20.750122,20.558884,20.663254,20.854233,20.784843,20.524055,20.958221,20.836899,20.802200,20.802200,20.819542,20.436943,20.384621,20.297348,20.628487,20.524055,20.174995,20.506645,20.454369,20.471802,20.611084,20.471802,20.367180,20.854233,
20.975533,20.506645,20.436943,20.628487,20.419502,20.784843,20.784843,20.698021,20.836899,20.698021,20.750122,20.715385,20.888908,20.767487,20.940895,21.010155,20.802200,20.854233,21.096642,20.784843,21.027458,20.698021,21.010155,20.975533,21.079346,21.165756,20.992851,21.355507,21.269310,21.234810,21.252068,21.200287,21.148476,21.165756,21.389961,21.234810,21.269310,21.389961,21.321045,21.148476,21.269310,21.234810,21.269310,21.372734,21.355507,21.458817,21.338272,21.441612,21.303802,21.458817,21.269310,21.579163,21.544792,21.234810,21.579163,21.613518,21.613518,21.476021,21.493217,21.458817,21.458817,21.596336,21.647850,21.441612,21.407181,21.493217,21.476021,21.407181,21.200287,21.372734,21.441612,21.355507,21.476021,21.527603,21.338272,21.407181,21.476021,21.286568,21.561981,21.561981,21.579163,21.647850,21.750755,21.733620,21.682167,21.716469,21.904861,21.630684,21.819290,21.716469,21.699318,21.682167,21.750755,21.887764,21.956161,21.699318,21.750755,21.716469,21.819290,21.819290,21.767891,21.853539,21.990349,21.973259,21.887764,21.921967,21.939064,22.126915,22.058662,21.973259,22.007431,22.092789,21.939064,21.853539,21.870644,21.973259,21.887764,21.750755,21.682167,21.819290,21.699318,22.024513,21.819290,21.767891,21.424393,21.579163,21.630684,21.647850,21.596336,21.476021,21.596336,21.733620,21.699318,21.561981,21.802162,21.665016,21.682167,21.665016,21.647850,21.802162,21.802162,21.836411,21.767891,21.750755,21.921967,21.750755,21.870644,22.007431,22.143959,22.126915,21.939064,22.041588,22.178062,22.024513,21.956161,22.143959,22.092789,22.195107,22.161018,22.041588,22.109856,21.990349,22.058662,21.870644,21.819290,21.767891,21.716469,21.802162,21.647850,21.750755,21.613518,21.733620,21.372734,21.458817,21.579163,21.630684,21.699318,21.630684,21.750755,21.647850,21.544792,21.579163,21.647850,21.527603,21.579163,21.579163,21.733620,21.596336,21.561981,21.476021,21.493217,21.630684,21.665016,21.647850,21.613518,21.785027,21.613518,21.819290,21.870644,21.785027,21.699318,21.767891,21.785027,21.853539,21.699318,21.767891,21.767891,21.579163,21.716469,21.716469,21.750755,21.682167,21.733620,21.836411,21.785027,21.785027,21.716469,21.699318,21.921967,21.990349,21.733620,21.887764,21.921967,21.802162,21.819290,21.802162,21.819290,21.682167,21.389961,21.510414,21.647850,21.750755,21.527603,21.458817,21.647850,21.544792,21.699318,21.544792,21.476021,21.596336,21.544792,21.716469,21.286568,21.682167,21.561981,21.476021,21.424393,21.527603,21.200287,21.286568,21.441612,21.044754,21.338272,21.389961,21.355507,21.252068,21.183029,21.286568,21.252068,21.338272,21.389961,21.372734,21.458817,21.613518,21.527603,21.476021,21.458817,21.682167,21.372734,21.665016,21.561981,21.561981,21.510414,21.544792,21.579163,21.510414,21.613518,21.665016,21.407181,21.647850,21.613518,21.510414,21.647850,21.665016,21.716469,21.733620,21.699318,21.939064,21.939064,21.819290,21.956161,21.870644,21.973259,21.785027,21.870644,22.041588,22.024513,21.836411,21.733620,21.802162,21.767891,21.647850,21.767891,21.904861,21.527603,21.750755,21.596336,21.767891,21.424393,21.458817,21.561981,21.372734,21.252068,21.424393,21.303802,21.183029,21.044754,21.010155,21.096642,21.131203,21.165756,20.940895,21.131203,20.958221,21.234810,20.992851,20.958221,21.027458,20.784843,20.958221,20.680634,20.940895,20.819542,20.732758,20.854233,20.854233,20.819542,20.558884,20.297348,20.767487,20.419502,20.558884,20.576286,20.680634,20.576286,20.645866,20.576286,20.419502,20.576286,20.471802,20.349724,20.680634,20.489220,20.506645,20.506645,20.593697,20.558884,20.628487,20.506645,20.489220,20.541473,20.576286,20.489220,20.732758,20.593697,20.819542,20.836899,20.680634,20.854233,20.992851,20.680634,20.767487,20.871582,20.802200,20.923576,20.906242,20.750122,20.854233,20.940895,20.906242,20.784843,20.836899,20.715385,20.715385,20.992851,20.715385,20.680634,20.992851,20.767487,20.802200,20.854233,20.906242,20.819542,20.819542,20.923576,20.992851,21.062057,20.888908,20.628487,20.750122,20.750122,20.767487,20.732758,20.958221,20.975533,20.628487,20.906242,20.767487,20.992851,20.940895,20.923576,20.975533,20.854233,21.044754,20.836899,21.027458,20.888908,20.802200,20.923576,20.958221,20.819542,20.802200,20.750122,20.680634,20.611084,20.611084,20.611084,20.663254,20.680634,20.871582,20.975533,20.680634,20.750122,20.819542,20.750122,20.836899,20.836899,20.888908,20.871582,20.888908,20.906242,20.645866,20.645866,20.767487,20.576286,20.593697,20.854233,20.558884,20.593697,21.044754,20.906242,20.732758,20.871582,20.975533,20.888908,20.871582,20.923576,21.027458,20.836899,20.975533,20.802200,20.698021,20.628487,20.698021,20.541473,20.611084,20.698021,20.611084,20.750122,20.854233,20.784843,20.680634,20.836899,20.871582,20.958221,21.010155,20.819542,21.165756,20.992851,21.096642,21.183029,20.923576,20.888908,20.958221,20.802200,21.096642,20.888908,20.992851,20.906242,20.923576,20.871582,20.871582,21.027458,20.836899,21.027458,21.131203,20.992851,21.027458,21.096642,21.044754,21.286568,21.010155,20.784843,21.062057,20.750122,20.906242,20.715385,20.767487,20.750122,20.784843,20.906242,20.784843,20.767487,20.906242,20.819542,21.062057,20.767487,20.923576,20.645866,20.906242,20.802200,20.836899,20.975533,20.506645,20.454369,20.402061,20.367180,20.279877,20.454369,20.663254,20.297348,20.750122,20.506645,20.506645,20.524055,20.906242,20.680634,20.836899,20.663254,20.489220,20.802200,20.871582,20.576286,20.628487,20.663254,20.541473,20.332268,20.332268,20.593697,20.750122,20.332268,20.593697,20.558884,20.506645,20.750122,20.558884,20.698021,20.732758,20.819542,20.698021,20.888908,20.698021,20.750122,20.854233,20.715385,20.767487,20.732758,20.802200,20.384621,20.698021,20.836899,20.819542,20.680634,20.750122,20.645866,20.767487,20.854233,20.940895,20.923576,20.888908,21.131203,20.888908,20.871582,20.940895,20.819542,20.680634,20.611084,20.680634,20.732758,20.906242,20.784843,20.541473,20.854233,20.715385,20.645866,20.576286,21.079346,21.027458,20.871582,20.784843,20.698021,20.698021,20.923576,20.715385,20.611084,20.836899,20.558884,20.419502,20.314804,20.593697,20.663254,20.454369,20.784843,20.454369,20.645866,20.784843,20.576286,20.628487,20.802200,20.680634,20.663254,20.680634,20.680634,20.611084,20.698021,20.402061,20.836899,20.349724,20.262413,20.069977,20.069977,20.419502,20.402061,20.524055,20.558884,20.384621,20.524055,20.349724,20.471802,20.750122,
20.784843,20.784843,20.471802,20.489220,20.611084,20.958221,20.732758,20.541473,20.506645,20.732758,20.611084,20.958221,20.784843,20.558884,20.750122,20.750122,20.750122,20.836899,20.871582,20.871582,20.767487,20.767487,20.819542,20.940895,20.923576,21.113914,20.906242,21.027458,20.732758,21.113914,20.992851,21.079346,21.131203,21.113914,20.940895,21.062057,21.286568,21.217552,20.975533,21.269310,21.269310,21.200287,21.200287,21.234810,21.113914,21.183029,21.269310,21.217552,21.252068,21.321045,21.355507,21.252068,21.044754,21.647850,21.234810,21.407181,21.441612,21.321045,21.389961,21.200287,21.458817,21.355507,21.458817,21.303802,21.389961,21.355507,21.579163,21.407181,21.200287,21.493217,21.355507,21.079346,21.389961,21.355507,21.234810,21.561981,21.321045,21.441612,21.372734,21.630684,21.682167,21.853539,21.887764,21.904861,21.870644,21.750755,21.956161,22.075729,21.819290,21.939064,21.836411,21.956161,21.939064,21.887764,21.699318,21.836411,21.630684,21.750755,21.836411,21.870644,21.870644,22.126915,22.007431,21.904861,22.246208,22.109856,22.212143,22.109856,22.007431,22.041588,22.092789,22.075729,22.007431,21.973259,22.109856,21.802162,21.921967,21.853539,21.973259,21.750755,21.956161,21.682167,21.785027,21.561981,21.647850,21.527603,21.699318,21.733620,21.596336,21.544792,21.613518,21.699318,21.476021,21.476021,21.441612,21.458817,21.767891,21.596336,21.699318,21.785027,21.682167,21.819290,21.819290,21.802162,21.870644,21.921967,21.973259,21.939064,22.007431,22.143959,22.126915,22.126915,21.990349,21.939064,22.058662,22.246208,22.092789,22.109856,22.092789,22.058662,22.092789,22.075729,22.024513,21.973259,21.785027,21.750755,21.785027,21.836411,21.579163,21.630684,21.630684,21.527603,21.544792,21.682167,21.647850,21.544792,21.510414,21.527603,21.424393,21.510414,21.476021,21.579163,21.510414,21.510414,21.493217,21.785027,21.493217,21.407181,21.510414,21.613518,21.544792,21.579163,21.613518,21.836411,21.458817,21.561981,21.785027,21.596336,21.596336,21.767891,21.785027,21.647850,21.699318,21.750755,21.733620,21.802162,21.630684,21.476021,21.887764,21.733620,21.682167,21.767891,21.665016,21.767891,21.716469,21.613518,21.665016,21.613518,21.767891,21.785027,21.647850,21.596336,21.647850,21.682167,21.699318,21.630684,21.767891,21.647850,21.510414,21.561981,21.544792,21.286568,21.527603,21.561981,21.579163,21.596336,21.561981,21.527603,21.579163,21.510414,21.493217,21.613518,21.561981,21.458817,21.561981,21.441612,21.665016,21.476021,21.493217,21.321045,21.389961,21.355507,21.407181,21.165756,21.372734,21.303802,21.269310,21.372734,21.389961,21.183029,21.476021,21.493217,21.321045,21.372734,21.682167,21.579163,21.544792,21.630684,21.630684,21.579163,21.819290,21.544792,21.579163,21.510414,21.630684,21.647850,21.579163,21.716469,21.458817,21.510414,21.699318,21.596336,21.527603,21.510414,21.750755,21.785027,21.750755,21.802162,21.819290,21.819290,21.682167,21.699318,21.836411,21.767891,21.733620,21.819290,21.802162,21.853539,21.665016,21.716469,21.733620,21.527603,21.682167,21.682167,21.613518,21.785027,21.458817,21.476021,21.321045,21.544792,21.372734,21.355507,21.183029,21.183029,21.286568,21.062057,20.975533,21.062057,21.096642,20.802200,21.027458,21.148476,21.079346,20.802200,21.079346,20.992851,20.871582,20.958221,20.715385,20.888908,20.819542,20.958221,20.819542,20.802200,20.680634,20.836899,20.680634,20.611084,20.471802,20.314804,20.524055,20.279877,20.558884,20.506645,20.558884,20.576286,20.593697,20.471802,20.506645,20.436943,20.524055,20.611084,20.680634,20.628487,20.750122,20.541473,20.489220,20.628487,20.558884,20.541473,20.454369,20.558884,20.489220,20.802200,20.471802,20.698021,20.663254,20.750122,20.541473,20.680634,20.680634,20.680634,20.732758,20.698021,20.698021,20.611084,20.958221,20.854233,20.767487,20.645866,20.715385,20.611084,20.802200,20.506645,20.819542,20.802200,20.836899,20.750122,20.836899,20.784843,20.975533,20.715385,20.871582,20.680634,20.767487,20.854233,20.767487,20.698021,20.767487,20.732758,20.628487,20.767487,20.888908,20.750122,20.715385,20.576286,20.819542,20.698021,20.750122,20.958221,20.767487,20.802200,20.784843,20.715385,20.888908,20.888908,20.836899,20.906242,20.802200,20.732758,20.645866,20.802200,20.732758,20.593697,20.680634,20.784843,20.645866,20.611084,20.663254,20.784843,20.645866,20.802200,20.645866,20.906242,20.854233,20.784843,20.645866,20.836899,20.663254,20.940895,20.663254,20.628487,20.541473,20.784843,20.593697,20.663254,20.698021,20.593697,20.628487,20.593697,20.802200,20.663254,20.715385,20.506645,20.767487,20.767487,20.836899,20.802200,20.888908,20.698021,20.663254,20.611084,20.558884,20.645866,20.454369,20.541473,20.524055,20.680634,20.611084,20.663254,20.732758,20.558884,20.767487,20.940895,20.906242,20.680634,20.992851,20.819542,21.062057,21.044754,20.923576,20.871582,20.871582,20.802200,20.819542,20.871582,20.923576,20.888908,21.062057,20.975533,20.784843,21.044754,20.906242,20.784843,20.819542,20.975533,20.958221,20.940895,20.836899,20.854233,20.992851,20.992851,20.871582,20.888908,20.680634,20.663254,20.732758,20.888908,20.819542,20.819542,20.732758,20.854233,20.836899,20.698021,20.871582,20.750122,20.975533,20.784843,20.888908,20.888908,20.732758,20.784843,20.819542,20.732758,20.698021,20.558884,20.314804,20.471802,20.524055,20.680634,20.384621,20.715385,20.419502,20.698021,20.767487,20.314804,20.715385,20.558884,20.680634,20.732758,20.940895,21.010155,20.784843,20.854233,20.802200,20.802200,20.384621,20.576286,20.436943,20.767487,20.367180,20.436943,20.524055,20.524055,20.715385,20.611084,20.767487,20.992851,20.732758,20.958221,20.645866,20.940895,20.784843,20.906242,20.784843,20.663254,20.680634,20.663254,20.750122,20.489220,20.680634,20.750122,20.576286,20.593697,20.715385,20.992851,20.802200,20.854233,20.958221,20.940895,20.836899,20.819542,20.836899,21.010155,20.992851,20.871582,20.663254,20.524055,20.767487,20.715385,20.767487,20.698021,20.819542,20.593697,20.836899,20.715385,20.593697,20.819542,20.854233,20.784843,20.992851,20.576286,20.992851,21.010155,20.871582,20.784843,20.628487,20.506645,20.506645,20.402061,20.732758,20.279877,20.524055,20.611084,20.628487,20.471802,20.611084,20.906242,20.698021,20.558884,20.489220,20.698021,20.767487,20.836899,20.576286,20.436943,20.576286,20.593697,20.454369,20.209976,20.192490,20.087494,20.314804,20.349724,20.367180,20.367180,20.332268,20.663254,20.332268,20.471802,
20.645866,20.489220,20.628487,20.628487,20.384621,20.541473,20.680634,20.367180,20.628487,20.732758,20.645866,20.663254,20.680634,20.750122,20.593697,20.784843,20.819542,20.819542,20.663254,20.767487,20.698021,20.628487,20.593697,20.819542,20.888908,21.131203,20.940895,20.680634,21.010155,20.992851,20.802200,21.010155,21.096642,21.183029,21.269310,21.148476,20.975533,21.217552,21.217552,21.252068,21.062057,21.234810,21.286568,21.200287,21.372734,21.338272,21.372734,21.355507,21.338272,21.407181,21.269310,21.321045,21.389961,21.355507,21.389961,21.372734,21.389961,21.148476,21.407181,21.286568,21.217552,21.321045,21.355507,21.596336,21.183029,21.286568,21.441612,21.286568,21.355507,21.269310,21.269310,21.303802,21.200287,21.372734,21.269310,21.234810,21.372734,21.424393,21.785027,21.544792,21.493217,21.613518,21.785027,21.973259,21.939064,21.990349,21.956161,22.024513,21.887764,21.750755,21.853539,21.802162,22.195107,22.092789,21.956161,21.990349,22.109856,21.836411,21.990349,22.109856,21.990349,21.853539,22.058662,22.024513,22.024513,21.956161,22.007431,22.212143,22.143959,22.041588,22.143959,22.126915,21.887764,21.973259,22.058662,21.990349,21.819290,21.750755,21.836411,21.904861,22.075729,21.819290,21.665016,21.699318,21.579163,21.682167,21.424393,21.561981,21.630684,21.630684,21.544792,21.630684,21.527603,21.424393,21.544792,21.544792,21.665016,21.561981,21.544792,21.802162,21.699318,21.767891,21.630684,21.853539,21.887764,21.767891,21.665016,21.870644,22.075729,21.956161,22.075729,21.767891,22.109856,22.195107,21.921967,21.939064,22.195107,21.956161,22.041588,22.007431,21.939064,21.973259,21.956161,21.716469,21.939064,21.767891,21.647850,21.802162,21.613518,21.493217,21.596336,21.510414,21.458817,21.561981,21.458817,21.338272,21.441612,21.579163,21.355507,21.424393,21.269310,21.733620,21.441612,21.372734,21.476021,21.424393,21.441612,21.458817,21.476021,21.389961,21.458817,21.596336,21.579163,21.647850,21.561981,21.613518,21.476021,21.544792,21.527603,21.665016,21.682167,21.613518,21.596336,21.561981,21.682167,21.527603,21.630684,21.630684,21.716469,21.785027,21.372734,21.493217,21.630684,21.510414,21.544792,21.389961,21.613518,21.476021,21.682167,21.527603,21.441612,21.544792,21.441612,21.647850,21.527603,21.510414,21.544792,21.544792,21.579163,21.389961,21.561981,21.527603,21.458817,21.733620,21.682167,21.527603,21.544792,21.372734,21.424393,21.647850,21.647850,21.544792,21.544792,21.613518,21.630684,21.458817,21.510414,21.510414,21.269310,21.269310,21.252068,21.493217,21.286568,21.148476,21.252068,21.424393,21.269310,21.407181,21.131203,21.303802,21.389961,21.338272,21.407181,21.493217,21.699318,21.441612,21.665016,21.510414,21.510414,21.647850,21.596336,21.596336,21.544792,21.802162,21.579163,21.630684,21.510414,21.561981,21.579163,21.458817,21.493217,21.665016,21.682167,21.630684,21.630684,21.372734,21.647850,21.665016,21.647850,21.596336,21.716469,21.785027,21.785027,21.647850,21.716469,21.716469,21.647850,21.733620,21.630684,21.733620,21.596336,21.493217,21.647850,21.389961,21.458817,21.613518,21.510414,21.510414,21.441612,21.321045,21.321045,21.252068,21.183029,21.183029,21.286568,21.062057,21.027458,21.096642,20.992851,20.992851,20.975533,20.958221,21.010155,21.062057,20.940895,20.888908,20.906242,20.750122,20.836899,20.767487,20.767487,20.698021,20.923576,20.680634,20.663254,20.663254,20.611084,20.454369,20.471802,20.384621,20.419502,20.715385,20.332268,20.384621,20.489220,20.489220,20.576286,20.367180,20.384621,20.471802,20.436943,20.402061,20.419502,20.454369,20.524055,20.454369,20.524055,20.506645,20.576286,20.419502,20.471802,20.558884,20.541473,20.489220,20.471802,20.611084,20.611084,20.558884,20.558884,20.715385,20.698021,20.663254,20.628487,20.576286,20.732758,20.645866,20.576286,20.715385,20.628487,20.471802,20.611084,20.663254,20.558884,20.750122,20.680634,20.628487,20.541473,20.836899,20.611084,20.680634,20.628487,20.680634,20.767487,20.611084,20.767487,20.732758,20.854233,20.750122,20.767487,20.732758,20.732758,20.524055,20.940895,20.698021,20.698021,20.663254,21.010155,20.871582,20.715385,20.767487,20.888908,20.906242,20.854233,20.680634,20.992851,20.715385,20.767487,20.680634,20.854233,20.888908,20.541473,20.506645,20.524055,20.576286,20.645866,20.680634,20.680634,20.663254,20.680634,20.576286,20.767487,20.698021,20.680634,20.767487,20.854233,20.767487,20.802200,20.836899,20.836899,20.715385,20.767487,20.663254,20.680634,20.680634,20.645866,20.593697,20.715385,20.471802,20.663254,20.680634,20.680634,20.750122,20.558884,20.732758,20.645866,20.871582,20.593697,20.680634,20.628487,20.698021,20.645866,20.645866,20.558884,20.524055,20.471802,20.471802,20.698021,20.558884,20.558884,20.436943,20.454369,20.524055,20.767487,20.871582,20.767487,20.819542,20.558884,20.767487,20.888908,20.958221,21.010155,20.645866,20.923576,20.854233,20.732758,20.628487,20.767487,20.784843,21.010155,21.079346,20.871582,20.854233,20.732758,20.871582,20.767487,20.784843,21.027458,20.576286,20.906242,20.819542,20.784843,20.940895,20.888908,20.750122,20.593697,20.802200,20.611084,20.732758,20.784843,20.698021,20.767487,20.888908,20.558884,20.680634,20.784843,20.854233,20.715385,20.836899,20.698021,20.784843,20.576286,20.750122,20.871582,20.524055,20.262413,20.698021,20.645866,20.471802,20.541473,20.506645,20.611084,20.506645,20.541473,20.489220,20.819542,20.819542,20.767487,20.802200,20.888908,20.628487,20.906242,20.802200,20.767487,20.992851,20.732758,20.628487,20.576286,20.471802,20.715385,20.576286,20.698021,20.489220,20.593697,20.802200,20.645866,20.836899,20.750122,20.940895,20.888908,20.871582,20.992851,20.836899,20.888908,20.784843,20.871582,20.802200,20.802200,20.628487,20.576286,20.854233,20.680634,20.680634,20.628487,20.645866,20.767487,20.975533,20.992851,20.784843,20.802200,20.923576,20.992851,21.044754,20.923576,21.027458,20.819542,20.732758,20.732758,20.732758,20.680634,20.750122,20.767487,20.471802,20.576286,20.628487,20.750122,20.836899,20.750122,20.958221,20.663254,20.888908,20.888908,20.923576,20.750122,20.958221,20.593697,20.524055,20.611084,20.349724,20.419502,20.541473,20.436943,20.436943,20.524055,20.367180,20.541473,20.628487,20.506645,20.489220,20.663254,20.576286,20.489220,20.611084,20.506645,20.819542,20.645866,20.367180,20.419502,20.419502,20.087494,20.192490,20.174995,20.087494,20.367180,20.402061,20.052460,20.471802,20.436943,20.489220,20.471802,20.663254,
20.471802,20.611084,20.506645,20.628487,20.680634,20.698021,20.645866,20.524055,20.541473,20.436943,20.314804,20.819542,20.680634,20.750122,20.524055,20.663254,20.524055,20.767487,20.645866,20.680634,20.419502,20.628487,20.732758,20.750122,20.802200,20.645866,20.888908,20.819542,20.715385,20.992851,20.871582,20.958221,20.819542,21.286568,21.062057,21.044754,21.062057,21.217552,21.131203,21.183029,21.372734,21.148476,21.510414,21.131203,21.217552,21.165756,21.269310,21.200287,21.217552,21.183029,21.217552,21.355507,21.234810,21.321045,21.252068,21.269310,21.165756,21.458817,21.303802,21.217552,21.321045,21.165756,21.252068,21.303802,21.372734,21.234810,21.407181,21.183029,21.183029,21.441612,21.200287,21.321045,21.217552,21.424393,21.252068,21.493217,21.458817,21.596336,21.407181,21.750755,21.579163,21.853539,21.802162,21.836411,22.075729,22.382309,22.007431,22.109856,21.870644,21.904861,22.075729,22.109856,22.041588,22.058662,22.041588,21.921967,22.092789,22.041588,22.143959,21.990349,22.024513,22.058662,22.075729,22.178062,22.195107,22.263237,21.904861,22.314293,22.075729,22.229179,22.092789,22.075729,22.092789,22.007431,21.904861,21.904861,21.939064,21.973259,21.802162,21.785027,22.007431,21.665016,21.630684,21.750755,21.647850,21.613518,21.510414,21.544792,21.665016,21.544792,21.665016,21.630684,21.510414,21.561981,21.476021,21.544792,21.630684,21.647850,21.716469,21.699318,21.785027,21.682167,21.785027,21.836411,21.921967,21.767891,21.853539,21.802162,21.956161,21.904861,22.024513,21.921967,21.836411,21.904861,22.195107,21.853539,22.075729,22.143959,21.904861,21.939064,21.921967,22.024513,21.904861,21.750755,21.682167,21.596336,21.596336,21.527603,21.372734,21.493217,21.441612,21.441612,21.338272,21.303802,21.372734,21.355507,21.441612,21.682167,21.424393,21.286568,21.389961,21.527603,21.424393,21.424393,21.252068,21.372734,21.165756,21.458817,21.338272,21.389961,21.630684,21.269310,21.407181,21.355507,21.441612,21.389961,21.458817,21.476021,21.458817,21.544792,21.561981,21.579163,21.510414,21.647850,21.561981,21.613518,21.458817,21.579163,21.493217,21.682167,21.544792,21.441612,21.269310,21.596336,21.321045,21.493217,21.510414,21.458817,21.579163,21.544792,21.441612,21.544792,21.510414,21.389961,21.424393,21.389961,21.424393,21.355507,21.424393,21.596336,21.613518,21.476021,21.647850,21.476021,21.510414,21.613518,21.493217,21.561981,21.527603,21.544792,21.613518,21.510414,21.561981,21.458817,21.372734,21.407181,21.252068,21.372734,21.321045,21.407181,21.096642,21.544792,21.372734,21.252068,21.544792,21.286568,21.286568,21.252068,21.493217,21.183029,21.355507,21.372734,21.372734,21.441612,21.544792,21.630684,21.561981,21.596336,21.561981,21.579163,21.303802,21.355507,21.527603,21.544792,21.527603,21.682167,21.613518,21.476021,21.579163,21.596336,21.596336,21.716469,21.665016,21.561981,21.596336,21.596336,21.389961,21.596336,21.682167,21.596336,21.493217,21.544792,21.510414,21.561981,21.682167,21.579163,21.561981,21.596336,21.372734,21.458817,21.407181,21.441612,21.407181,21.441612,21.424393,21.269310,21.458817,21.424393,21.303802,21.200287,21.372734,21.217552,21.183029,20.923576,21.234810,21.165756,21.062057,20.992851,21.062057,21.217552,20.958221,20.871582,21.027458,20.992851,21.027458,20.888908,20.888908,20.958221,20.888908,20.732758,20.715385,20.819542,20.732758,20.784843,20.628487,20.489220,20.732758,20.576286,20.506645,20.436943,20.279877,20.436943,20.419502,20.611084,20.419502,20.402061,20.349724,20.419502,20.558884,20.524055,20.593697,20.576286,20.471802,20.593697,20.489220,20.402061,20.471802,20.489220,20.524055,20.558884,20.645866,20.541473,20.611084,20.628487,20.524055,20.645866,20.436943,20.541473,20.645866,20.471802,20.402061,20.611084,20.489220,20.663254,20.593697,20.732758,20.541473,20.558884,20.698021,20.419502,20.576286,20.593697,20.576286,20.645866,20.628487,20.628487,20.541473,20.524055,20.628487,20.524055,20.628487,20.680634,20.715385,20.645866,20.628487,20.784843,20.558884,20.558884,20.558884,20.802200,20.645866,20.611084,20.767487,20.784843,20.854233,20.854233,20.802200,20.871582,20.767487,20.958221,20.854233,20.854233,20.750122,20.940895,20.854233,20.698021,20.940895,20.784843,20.750122,20.628487,20.402061,20.541473,20.750122,20.663254,20.645866,20.576286,20.645866,20.680634,20.715385,20.593697,20.593697,20.750122,20.645866,20.940895,20.611084,20.767487,20.871582,20.558884,20.732758,20.802200,20.558884,20.750122,20.836899,20.645866,20.576286,20.628487,20.576286,20.628487,20.680634,20.715385,20.611084,20.802200,20.576286,20.663254,20.645866,20.663254,20.750122,20.715385,20.715385,20.698021,20.593697,20.471802,20.541473,20.506645,20.628487,20.297348,20.436943,20.628487,20.454369,20.611084,20.663254,20.506645,20.645866,20.628487,20.663254,20.715385,20.767487,20.645866,20.888908,20.802200,20.992851,20.750122,20.593697,20.576286,20.611084,20.576286,20.628487,20.992851,20.802200,20.940895,20.698021,20.888908,20.645866,20.888908,20.663254,20.836899,20.854233,20.975533,20.871582,20.819542,20.923576,20.732758,20.871582,20.576286,20.558884,20.767487,20.402061,20.524055,20.871582,20.663254,20.836899,20.698021,20.750122,20.750122,20.750122,20.750122,20.767487,20.732758,20.784843,20.992851,20.698021,20.732758,20.524055,20.663254,20.367180,20.680634,20.419502,20.715385,20.576286,20.471802,20.524055,20.524055,20.767487,20.645866,20.489220,20.454369,20.576286,20.680634,20.611084,20.576286,20.871582,20.784843,20.784843,20.888908,20.750122,20.854233,20.558884,20.732758,20.436943,20.750122,20.628487,20.715385,20.680634,20.558884,20.663254,20.611084,20.680634,20.940895,20.854233,20.958221,20.958221,20.992851,20.940895,20.750122,20.940895,20.923576,20.784843,20.854233,20.680634,20.715385,20.906242,20.871582,20.854233,20.767487,20.663254,20.767487,20.888908,20.767487,20.888908,20.992851,20.593697,21.062057,20.854233,21.183029,20.992851,21.044754,20.854233,20.854233,20.715385,20.975533,20.784843,20.888908,20.663254,20.906242,20.732758,20.750122,20.819542,20.923576,20.975533,20.975533,20.489220,20.854233,20.923576,20.802200,20.628487,20.698021,20.576286,20.471802,20.506645,20.471802,20.593697,20.506645,20.819542,20.367180,20.576286,20.576286,20.314804,20.750122,20.611084,20.332268,20.506645,20.645866,20.541473,20.611084,20.628487,20.715385,20.174995,20.402061,20.069977,20.436943,20.244934,20.297348,20.209976,20.332268,20.209976,20.244934,20.297348,20.314804,20.611084,20.611084,
20.732758,20.593697,20.541473,20.402061,20.767487,20.384621,20.384621,20.611084,20.402061,20.541473,20.402061,20.611084,20.558884,20.593697,20.471802,20.471802,20.576286,20.576286,20.593697,20.436943,20.593697,20.558884,20.384621,20.558884,20.611084,20.541473,20.923576,20.888908,20.940895,20.680634,21.165756,20.958221,20.836899,21.131203,21.079346,21.062057,21.148476,21.286568,21.165756,21.079346,21.217552,21.062057,21.079346,21.338272,21.234810,21.062057,21.165756,21.269310,21.389961,21.252068,21.286568,21.234810,21.389961,21.148476,21.079346,21.321045,21.252068,21.269310,21.338272,21.113914,21.217552,21.217552,21.286568,20.975533,21.217552,21.217552,21.269310,21.200287,21.200287,21.338272,21.148476,21.113914,21.183029,21.389961,21.338272,21.424393,21.458817,21.665016,21.596336,21.733620,21.870644,21.853539,21.716469,22.109856,22.075729,22.024513,22.058662,22.161018,21.939064,21.853539,22.092789,22.075729,22.092789,22.075729,22.007431,22.007431,22.075729,21.802162,21.819290,22.007431,22.212143,22.229179,21.973259,22.143959,22.143959,22.126915,22.161018,22.297272,22.041588,22.195107,22.314293,22.195107,22.212143,22.382309,22.075729,21.990349,22.109856,21.939064,21.904861,21.870644,21.836411,21.733620,21.699318,21.716469,21.476021,21.544792,21.527603,21.441612,21.510414,21.630684,21.579163,21.407181,21.561981,21.303802,21.476021,21.458817,21.355507,21.647850,21.682167,21.767891,21.699318,21.767891,21.561981,21.613518,21.699318,21.699318,21.870644,21.785027,21.853539,21.819290,21.647850,21.836411,21.904861,21.904861,21.904861,21.956161,22.024513,21.973259,21.973259,21.802162,21.887764,21.956161,21.665016,21.493217,21.613518,21.647850,21.510414,21.252068,21.407181,21.372734,21.165756,21.372734,21.389961,21.148476,21.458817,21.303802,21.234810,21.476021,21.355507,21.217552,21.234810,21.493217,21.234810,21.252068,21.286568,21.338272,21.286568,21.424393,21.389961,21.165756,21.286568,21.424393,21.493217,21.476021,21.630684,21.647850,21.389961,21.510414,21.338272,21.527603,21.544792,21.630684,21.665016,21.527603,21.441612,21.527603,21.510414,21.613518,21.458817,21.441612,21.561981,21.389961,21.458817,21.286568,21.303802,21.407181,21.476021,21.476021,21.286568,21.561981,21.493217,21.476021,21.458817,21.527603,21.389961,21.338272,21.493217,21.372734,21.544792,21.441612,21.372734,21.493217,21.493217,21.476021,21.510414,21.407181,21.579163,21.407181,21.561981,21.579163,21.493217,21.407181,21.441612,21.579163,21.527603,21.303802,21.476021,21.389961,21.269310,21.424393,21.286568,21.321045,21.096642,21.096642,21.062057,21.183029,21.338272,21.200287,21.407181,21.234810,21.338272,21.441612,21.441612,21.527603,21.544792,21.407181,21.424393,21.613518,21.561981,21.579163,21.510414,21.647850,21.596336,21.544792,21.596336,21.458817,21.441612,21.493217,21.682167,21.544792,21.493217,21.682167,21.647850,21.510414,21.527603,21.544792,21.527603,21.544792,21.441612,21.716469,21.441612,21.458817,21.458817,21.527603,21.441612,21.613518,21.252068,21.372734,21.338272,21.355507,21.338272,21.303802,21.165756,21.252068,21.269310,21.165756,21.113914,21.286568,21.200287,21.131203,21.183029,21.269310,20.992851,21.217552,21.096642,20.975533,21.113914,21.148476,20.819542,20.940895,21.044754,20.958221,20.732758,21.044754,21.010155,20.940895,20.663254,20.923576,20.871582,20.802200,20.802200,20.645866,20.576286,20.645866,20.750122,20.645866,20.611084,20.541473,20.506645,20.402061,20.506645,20.454369,20.489220,20.576286,20.332268,20.593697,20.471802,20.506645,20.436943,20.436943,20.576286,20.471802,20.611084,20.593697,20.541473,20.402061,20.454369,20.436943,20.628487,20.576286,20.419502,20.454369,20.489220,20.297348,20.611084,20.524055,20.524055,20.715385,20.419502,20.541473,20.436943,20.628487,20.524055,20.576286,20.436943,20.471802,20.558884,20.663254,20.454369,20.784843,20.454369,20.471802,20.489220,20.593697,20.524055,20.611084,20.558884,20.541473,20.419502,20.506645,20.715385,20.558884,20.454369,20.663254,20.628487,20.819542,20.541473,20.628487,20.593697,20.715385,20.802200,20.698021,20.680634,20.819542,20.593697,20.854233,20.750122,20.680634,20.715385,20.680634,20.645866,20.819542,20.784843,20.767487,20.836899,20.767487,20.732758,20.871582,20.524055,20.663254,20.611084,20.454369,20.576286,20.628487,20.558884,20.732758,20.645866,20.732758,20.802200,20.680634,20.698021,20.802200,20.680634,20.680634,20.698021,20.888908,20.784843,20.750122,20.854233,20.576286,20.680634,20.698021,20.663254,20.715385,20.645866,20.576286,20.611084,20.715385,20.471802,20.663254,20.767487,20.732758,20.732758,20.784843,20.454369,20.819542,20.506645,20.558884,20.471802,20.489220,20.471802,20.367180,20.384621,20.227455,20.506645,20.419502,20.593697,20.541473,20.314804,20.471802,20.454369,20.645866,20.680634,20.715385,20.576286,20.541473,20.680634,20.558884,20.489220,20.611084,20.663254,20.854233,20.628487,20.750122,20.836899,20.698021,20.750122,20.802200,20.732758,20.645866,20.732758,20.767487,20.645866,20.645866,20.750122,20.715385,20.767487,20.611084,20.784843,20.802200,20.836899,20.715385,20.524055,20.715385,20.402061,20.593697,20.541473,20.576286,20.732758,20.611084,20.541473,20.611084,20.628487,20.663254,20.645866,20.836899,20.402061,20.732758,20.628487,20.750122,20.784843,20.628487,20.628487,20.611084,20.419502,20.715385,20.541473,20.611084,20.524055,20.402061,20.419502,20.611084,20.611084,20.524055,20.611084,20.384621,20.611084,20.576286,20.819542,20.940895,20.524055,20.698021,20.802200,20.732758,20.732758,20.767487,20.593697,20.471802,20.576286,20.715385,20.471802,20.541473,20.506645,20.715385,20.854233,20.836899,20.784843,20.836899,20.836899,20.698021,21.062057,20.888908,20.819542,20.819542,20.854233,20.715385,20.645866,20.888908,20.715385,20.854233,20.802200,20.784843,20.767487,20.992851,20.576286,20.767487,20.906242,20.541473,20.992851,21.062057,20.819542,20.923576,20.732758,21.027458,20.975533,20.854233,20.940895,20.784843,20.767487,20.645866,20.836899,20.628487,21.062057,20.732758,20.871582,20.767487,20.923576,20.854233,20.802200,21.113914,20.715385,21.044754,21.027458,20.802200,20.871582,20.958221,20.489220,20.854233,20.541473,20.611084,20.645866,20.593697,20.680634,20.558884,20.645866,20.489220,20.558884,20.680634,20.819542,20.663254,20.784843,20.836899,20.784843,20.558884,20.506645,20.663254,20.402061,20.471802,20.297348,20.227455,20.122513,20.524055,20.314804,20.332268,20.174995,20.384621,20.489220,20.402061,20.419502,20.854233,
20.506645,20.349724,20.489220,20.506645,20.454369,20.436943,20.558884,20.367180,20.489220,20.402061,20.454369,20.506645,20.402061,20.576286,20.454369,20.244934,20.471802,20.611084,20.384621,20.419502,20.558884,20.524055,20.645866,20.506645,20.663254,20.663254,20.576286,20.541473,20.750122,20.680634,20.645866,20.680634,20.819542,20.802200,20.802200,20.871582,21.200287,21.131203,21.027458,21.217552,21.062057,21.200287,21.010155,21.183029,21.131203,21.148476,21.407181,20.992851,21.062057,21.131203,21.183029,21.062057,21.165756,20.958221,21.148476,21.062057,21.062057,21.165756,20.923576,21.113914,21.338272,21.165756,21.252068,21.165756,21.234810,21.165756,21.424393,21.183029,21.217552,21.200287,21.165756,21.165756,21.165756,21.131203,21.407181,21.286568,21.338272,21.441612,21.544792,21.665016,21.682167,22.058662,21.904861,22.161018,22.058662,22.331291,22.246208,22.280251,22.092789,22.246208,22.195107,22.126915,22.092789,22.092789,22.178062,22.161018,22.058662,22.246208,22.007431,22.126915,22.126915,22.195107,22.178062,22.246208,22.161018,22.365303,22.109856,22.178062,22.382309,22.263237,22.161018,22.161018,22.126915,22.229179,22.297272,22.041588,22.109856,21.904861,21.887764,21.819290,21.699318,21.733620,21.665016,21.733620,21.372734,21.579163,21.321045,21.372734,21.493217,21.424393,21.424393,21.544792,21.596336,21.424393,21.476021,21.493217,21.561981,21.561981,21.579163,21.579163,21.596336,21.647850,21.819290,21.716469,21.733620,21.819290,21.579163,21.870644,21.750755,21.682167,21.887764,21.716469,21.990349,22.092789,21.853539,22.024513,21.973259,21.836411,21.973259,21.750755,21.836411,21.836411,21.836411,21.613518,21.441612,21.665016,21.355507,21.561981,21.286568,21.303802,21.407181,21.131203,21.183029,21.338272,21.252068,21.407181,21.183029,21.183029,21.148476,21.355507,21.113914,21.165756,21.303802,21.252068,21.269310,21.096642,21.286568,21.234810,21.165756,21.234810,21.544792,21.441612,21.355507,21.269310,21.561981,21.234810,21.389961,21.424393,21.596336,21.355507,21.252068,21.527603,21.424393,21.372734,21.458817,21.303802,21.441612,21.407181,21.338272,21.372734,21.527603,21.269310,21.355507,21.286568,21.303802,21.252068,21.476021,21.441612,21.476021,21.355507,21.234810,21.372734,21.252068,21.355507,21.217552,21.286568,21.303802,21.338272,21.269310,21.252068,21.269310,21.458817,21.596336,21.389961,21.441612,21.407181,21.407181,21.476021,21.510414,21.424393,21.252068,21.527603,21.510414,21.407181,21.510414,21.596336,21.286568,21.338272,21.269310,21.441612,21.200287,21.113914,21.148476,21.217552,21.234810,21.027458,21.096642,21.303802,21.321045,21.234810,21.286568,21.113914,21.303802,21.286568,21.458817,21.252068,21.338272,21.561981,21.476021,21.510414,21.407181,21.389961,21.510414,21.544792,21.544792,21.493217,21.493217,21.527603,21.596336,21.579163,21.476021,21.596336,21.544792,21.561981,21.476021,21.458817,21.561981,21.441612,21.527603,21.321045,21.630684,21.303802,21.252068,21.269310,21.183029,21.441612,21.355507,21.372734,21.338272,21.372734,21.234810,21.234810,21.217552,21.044754,21.303802,21.131203,20.992851,21.096642,21.044754,20.975533,21.113914,21.010155,20.992851,20.958221,21.131203,20.888908,21.062057,20.836899,20.784843,21.200287,20.958221,20.767487,21.010155,20.802200,20.992851,20.819542,20.802200,20.471802,20.628487,20.663254,20.750122,20.576286,20.489220,20.506645,20.698021,20.576286,20.332268,20.384621,20.349724,20.419502,20.349724,20.384621,20.558884,20.297348,20.384621,20.436943,20.436943,20.349724,20.454369,20.332268,20.419502,20.367180,20.279877,20.419502,20.471802,20.576286,20.471802,20.349724,20.454369,20.489220,20.349724,20.402061,20.506645,20.419502,20.541473,20.593697,20.506645,20.611084,20.332268,20.489220,20.436943,20.506645,20.611084,20.506645,20.349724,20.367180,20.645866,20.436943,20.454369,20.402061,20.524055,20.332268,20.262413,20.279877,20.663254,20.367180,20.471802,20.384621,20.489220,20.576286,20.367180,20.384621,20.454369,20.628487,20.436943,20.489220,20.698021,20.314804,20.419502,20.576286,20.750122,20.680634,20.715385,20.732758,20.611084,20.593697,20.784843,20.611084,20.906242,20.611084,20.715385,20.767487,20.802200,20.854233,20.802200,20.784843,20.767487,20.576286,20.750122,20.611084,20.489220,20.611084,20.489220,20.628487,20.576286,20.611084,20.680634,20.715385,20.593697,20.802200,20.680634,20.611084,20.593697,20.836899,20.436943,20.698021,20.471802,20.645866,20.611084,20.593697,20.593697,20.715385,20.715385,20.419502,20.384621,20.558884,20.506645,20.628487,20.506645,20.524055,20.367180,20.576286,20.541473,20.593697,20.732758,20.471802,20.628487,20.698021,20.436943,20.698021,20.611084,20.524055,20.454369,20.454369,20.628487,20.576286,20.558884,20.419502,20.576286,20.332268,20.471802,20.436943,20.611084,20.471802,20.489220,20.506645,20.663254,20.558884,20.541473,20.611084,20.436943,20.784843,20.628487,20.680634,20.645866,20.784843,20.802200,20.715385,20.663254,20.558884,20.628487,20.732758,20.645866,20.819542,20.715385,20.784843,20.645866,20.680634,20.750122,20.767487,20.732758,20.645866,20.541473,20.645866,20.628487,20.524055,20.367180,20.784843,20.506645,20.541473,20.767487,20.593697,20.750122,20.732758,20.628487,20.732758,20.558884,20.419502,20.471802,20.715385,20.628487,20.471802,20.593697,20.541473,20.645866,20.454369,20.436943,20.541473,20.471802,20.384621,20.524055,20.645866,20.645866,20.489220,20.314804,20.454369,20.576286,20.698021,20.750122,20.767487,20.628487,20.836899,20.923576,20.715385,20.715385,20.558884,20.506645,20.506645,20.645866,20.784843,20.524055,20.645866,20.576286,20.628487,20.663254,20.871582,20.680634,20.576286,20.698021,20.784843,20.593697,20.888908,20.750122,20.854233,20.784843,20.784843,20.836899,20.715385,20.663254,20.784843,20.767487,20.645866,20.645866,20.645866,20.628487,20.975533,20.958221,20.906242,20.750122,20.906242,20.767487,20.767487,20.871582,20.611084,20.958221,20.854233,20.854233,20.593697,20.715385,20.940895,20.923576,20.819542,20.906242,20.854233,21.062057,20.854233,20.836899,20.888908,20.819542,20.767487,20.906242,20.715385,20.958221,20.802200,20.541473,20.888908,20.506645,20.663254,20.628487,20.680634,20.402061,20.489220,20.436943,20.767487,20.836899,20.854233,20.836899,20.836899,20.471802,20.767487,20.958221,20.558884,20.750122,20.836899,20.611084,20.645866,20.506645,20.332268,20.140007,20.593697,20.314804,20.314804,20.593697,20.680634,20.297348,20.454369,20.402061,20.262413,20.471802,20.506645,
20.506645,20.576286,20.402061,20.262413,20.732758,20.314804,20.524055,20.471802,20.332268,20.524055,20.419502,20.489220,20.297348,20.244934,20.593697,20.279877,20.541473,20.489220,20.314804,20.262413,20.332268,20.279877,20.402061,20.402061,20.471802,20.698021,20.506645,20.645866,20.506645,20.767487,20.698021,20.628487,20.767487,20.836899,20.836899,21.027458,21.148476,21.303802,21.234810,21.252068,21.010155,21.131203,21.027458,21.286568,21.062057,21.252068,21.096642,21.010155,21.096642,21.148476,21.131203,21.286568,21.252068,21.027458,21.183029,21.303802,21.148476,21.062057,21.131203,21.286568,21.096642,21.148476,20.975533,21.044754,21.165756,21.027458,21.113914,21.044754,21.113914,21.217552,20.958221,21.010155,21.131203,21.183029,21.510414,21.510414,21.579163,21.733620,21.956161,21.785027,21.853539,22.041588,21.921967,22.126915,22.126915,22.212143,22.126915,22.109856,22.178062,22.109856,22.280251,22.195107,22.109856,22.143959,22.212143,22.246208,22.178062,22.092789,21.956161,22.229179,22.092789,22.195107,22.212143,22.314293,22.143959,22.109856,22.195107,22.143959,22.195107,22.161018,22.126915,22.109856,22.161018,22.246208,22.092789,22.075729,22.109856,22.058662,21.853539,21.921967,21.836411,21.956161,21.579163,21.819290,21.407181,21.647850,21.561981,21.441612,21.458817,21.441612,21.441612,21.372734,21.544792,21.303802,21.355507,21.441612,21.596336,21.596336,21.613518,21.665016,21.630684,21.802162,21.510414,21.647850,21.767891,21.493217,21.750755,21.767891,21.716469,21.870644,21.733620,21.870644,21.785027,21.750755,21.956161,21.904861,21.921967,21.887764,21.750755,21.836411,21.853539,21.544792,21.579163,21.733620,21.561981,21.303802,21.441612,21.424393,21.355507,21.424393,21.200287,21.252068,21.303802,21.234810,21.062057,21.286568,21.079346,21.200287,21.269310,21.079346,21.044754,21.269310,21.165756,21.321045,21.303802,21.062057,21.165756,21.269310,21.113914,21.372734,21.200287,21.355507,21.355507,21.372734,21.321045,21.424393,21.183029,21.372734,21.355507,21.372734,21.407181,21.321045,21.338272,21.389961,21.407181,21.527603,21.441612,21.234810,21.252068,21.372734,21.217552,21.321045,21.269310,21.165756,21.389961,21.338272,21.062057,21.372734,21.269310,21.269310,21.200287,21.321045,21.269310,21.252068,21.200287,21.407181,21.527603,21.355507,21.303802,21.407181,21.269310,21.372734,21.510414,21.286568,21.544792,21.510414,21.493217,21.493217,21.441612,21.424393,21.647850,21.510414,21.476021,21.561981,21.458817,21.131203,21.441612,21.561981,21.269310,21.303802,21.269310,21.062057,21.338272,21.269310,21.165756,21.321045,21.234810,21.338272,21.183029,21.200287,21.355507,21.269310,21.321045,21.338272,21.286568,21.407181,21.441612,21.338272,21.321045,21.372734,21.355507,21.321045,21.527603,21.510414,21.596336,21.458817,21.424393,21.544792,21.510414,21.510414,21.476021,21.630684,21.699318,21.665016,21.441612,21.527603,21.424393,21.544792,21.079346,21.269310,21.165756,21.234810,21.217552,21.131203,21.165756,21.252068,21.183029,20.975533,21.096642,21.321045,21.062057,21.131203,21.044754,21.200287,21.096642,20.923576,20.750122,21.217552,20.819542,20.836899,20.715385,20.784843,20.940895,20.819542,21.044754,20.906242,20.836899,20.906242,20.906242,20.906242,21.027458,21.027458,20.906242,20.819542,20.871582,20.802200,20.732758,20.611084,20.541473,20.611084,20.454369,20.454369,20.332268,20.506645,20.506645,20.349724,20.314804,20.367180,20.105003,20.402061,20.349724,20.262413,20.628487,20.419502,20.419502,20.244934,20.297348,20.436943,20.558884,20.419502,20.279877,20.192490,20.489220,20.384621,20.402061,20.489220,20.349724,20.192490,20.384621,20.558884,20.367180,20.279877,20.436943,20.454369,20.384621,20.524055,20.402061,20.489220,20.367180,20.436943,20.454369,20.402061,20.314804,20.489220,20.209976,20.332268,20.436943,20.436943,20.192490,20.297348,20.367180,20.436943,20.087494,20.349724,20.332268,20.314804,20.454369,20.227455,20.332268,20.227455,20.384621,20.367180,20.419502,20.279877,20.419502,20.489220,20.611084,20.471802,20.524055,20.663254,20.506645,20.367180,20.645866,20.715385,20.645866,20.611084,20.732758,20.715385,20.802200,20.767487,20.593697,20.750122,20.611084,20.611084,20.628487,20.593697,20.558884,20.732758,20.489220,20.576286,20.541473,20.419502,20.402061,20.506645,20.767487,20.541473,20.297348,20.750122,20.663254,20.349724,20.506645,20.784843,20.802200,20.558884,20.732758,20.645866,20.663254,20.454369,20.645866,20.576286,20.715385,20.558884,20.871582,20.524055,20.454369,20.645866,20.819542,20.628487,20.489220,20.645866,20.524055,20.576286,20.471802,20.454369,20.576286,20.558884,20.436943,20.628487,20.524055,20.628487,20.419502,20.471802,20.367180,20.489220,20.367180,20.611084,20.402061,20.192490,20.332268,20.454369,20.628487,20.262413,20.611084,20.436943,20.576286,20.593697,20.471802,20.558884,20.611084,20.698021,20.750122,20.698021,20.489220,20.802200,20.750122,20.489220,20.836899,20.663254,20.593697,20.663254,20.576286,20.767487,20.611084,20.698021,20.680634,20.541473,20.611084,20.784843,20.645866,20.454369,20.558884,20.715385,20.715385,20.767487,20.645866,20.524055,20.471802,20.471802,20.436943,20.698021,20.454369,20.611084,20.767487,20.611084,20.349724,20.593697,20.715385,20.593697,20.454369,20.558884,20.558884,20.802200,20.541473,20.628487,20.558884,20.524055,20.454369,20.558884,20.541473,20.489220,20.471802,20.611084,20.419502,20.419502,20.524055,20.454369,20.454369,20.576286,20.576286,20.558884,20.454369,20.645866,20.419502,20.628487,20.680634,20.698021,20.558884,20.558884,20.454369,20.593697,20.558884,20.454369,20.506645,20.541473,20.576286,20.593697,20.732758,20.767487,20.715385,20.680634,20.698021,20.732758,20.767487,20.854233,20.645866,20.906242,20.854233,20.698021,20.767487,20.732758,20.854233,20.784843,20.698021,20.906242,21.113914,20.940895,20.940895,20.767487,20.715385,20.819542,20.767487,20.975533,20.767487,20.680634,21.027458,21.010155,20.923576,20.558884,20.698021,20.767487,20.715385,20.802200,20.784843,20.819542,20.802200,20.784843,20.576286,20.802200,20.854233,20.854233,20.871582,20.663254,21.010155,21.044754,20.732758,20.975533,20.767487,20.506645,20.698021,20.992851,20.576286,20.802200,20.489220,20.698021,20.489220,20.593697,20.663254,20.628487,20.680634,20.593697,20.489220,20.784843,20.715385,20.593697,20.576286,20.524055,20.454369,20.489220,20.402061,20.314804,20.262413,20.506645,20.279877,20.506645,20.384621,20.402061,20.262413,20.541473,20.471802,20.628487,
20.471802,20.541473,20.419502,20.174995,20.314804,20.227455,20.593697,20.524055,20.332268,20.384621,20.227455,20.367180,20.174995,20.314804,20.489220,20.314804,20.436943,20.506645,20.402061,20.332268,20.367180,20.209976,20.541473,20.436943,20.367180,20.628487,20.506645,20.593697,20.628487,20.645866,20.593697,20.471802,20.663254,20.819542,20.802200,20.992851,20.958221,21.096642,21.131203,21.027458,21.096642,21.165756,21.096642,21.269310,21.200287,21.010155,21.062057,21.096642,20.923576,21.131203,20.958221,21.252068,20.923576,21.200287,20.992851,21.096642,20.923576,21.183029,21.044754,20.923576,20.975533,20.975533,21.338272,21.148476,20.992851,21.044754,20.958221,20.992851,20.940895,21.079346,20.992851,21.389961,21.148476,21.269310,21.407181,21.355507,21.476021,21.579163,21.716469,21.802162,21.682167,22.007431,22.143959,22.126915,22.143959,22.382309,22.212143,22.109856,22.075729,22.075729,22.365303,22.365303,22.195107,22.109856,21.819290,22.109856,22.092789,22.246208,22.195107,22.263237,22.314293,22.331291,22.212143,22.126915,22.109856,22.143959,22.263237,22.143959,22.212143,22.297272,22.314293,22.246208,22.314293,22.348305,22.280251,22.126915,22.143959,22.058662,21.921967,21.939064,21.716469,21.561981,21.887764,21.870644,21.372734,21.613518,21.613518,21.527603,21.544792,21.407181,21.665016,21.561981,21.630684,21.458817,21.493217,21.527603,21.527603,21.561981,21.665016,21.579163,21.596336,21.596336,21.767891,21.665016,21.733620,21.544792,21.630684,21.716469,21.699318,21.836411,21.733620,21.887764,21.870644,21.921967,21.921967,21.819290,21.802162,21.785027,21.887764,21.853539,21.802162,21.785027,21.561981,21.665016,21.630684,21.424393,21.441612,21.407181,21.113914,21.424393,21.165756,21.148476,21.389961,21.303802,21.389961,21.148476,21.096642,21.165756,21.183029,21.183029,20.992851,21.062057,21.303802,21.286568,21.113914,21.096642,21.269310,21.131203,21.131203,21.148476,21.389961,21.579163,21.355507,21.389961,21.252068,21.372734,21.200287,21.355507,21.321045,21.407181,21.321045,21.527603,21.527603,21.372734,21.234810,21.355507,21.441612,21.355507,21.303802,21.286568,21.165756,21.183029,21.217552,21.321045,21.234810,21.407181,21.355507,21.321045,21.131203,21.062057,21.234810,21.148476,21.183029,21.441612,21.372734,21.355507,21.338272,21.355507,21.217552,21.372734,21.217552,21.286568,21.493217,21.544792,21.389961,21.476021,21.424393,21.321045,21.527603,21.510414,21.424393,21.389961,21.613518,21.234810,21.338272,21.458817,21.441612,21.355507,21.200287,21.200287,21.096642,21.148476,21.079346,21.269310,21.096642,21.165756,21.252068,21.355507,21.183029,21.200287,21.252068,21.338272,21.234810,21.269310,21.424393,21.355507,21.338272,21.407181,21.217552,21.338272,21.441612,21.458817,21.630684,21.699318,21.613518,21.544792,21.613518,21.561981,21.561981,21.561981,21.733620,21.596336,21.665016,21.458817,21.510414,21.544792,21.389961,21.338272,21.407181,21.321045,21.252068,21.252068,21.217552,21.096642,21.200287,21.183029,21.113914,21.217552,21.027458,21.217552,21.062057,20.975533,21.148476,21.148476,21.044754,20.975533,20.958221,20.958221,20.663254,20.802200,20.628487,20.715385,20.871582,20.992851,21.010155,20.836899,20.750122,20.975533,21.096642,20.732758,20.992851,20.958221,20.802200,20.593697,20.871582,20.645866,20.524055,20.524055,20.489220,20.663254,20.593697,20.506645,20.419502,20.262413,20.314804,20.558884,20.489220,20.279877,20.367180,20.314804,20.209976,20.454369,20.227455,20.262413,20.105003,20.227455,20.157509,20.436943,20.454369,20.349724,20.349724,20.262413,20.174995,20.349724,20.157509,20.349724,20.262413,20.436943,20.297348,20.419502,20.314804,20.402061,20.402061,20.436943,20.454369,20.489220,20.489220,20.367180,20.367180,20.349724,20.227455,20.244934,20.122513,20.192490,20.279877,20.367180,20.349724,20.209976,20.279877,19.964821,20.192490,20.069977,20.227455,20.174995,20.262413,20.367180,20.349724,20.279877,20.332268,20.157509,20.332268,20.489220,20.332268,20.471802,20.436943,20.402061,20.663254,20.489220,20.524055,20.454369,20.541473,20.593697,20.558884,20.628487,20.680634,20.663254,20.506645,20.750122,20.750122,20.715385,20.854233,20.558884,20.663254,20.611084,20.715385,20.593697,20.576286,20.471802,20.297348,20.506645,20.384621,20.419502,20.541473,20.506645,20.297348,20.541473,20.767487,20.698021,20.698021,20.541473,20.489220,20.541473,20.541473,20.698021,20.680634,20.645866,20.715385,20.715385,20.715385,20.593697,20.680634,20.558884,20.506645,20.732758,20.645866,20.576286,20.732758,20.593697,20.489220,20.663254,20.524055,20.419502,20.419502,20.454369,20.489220,20.419502,20.471802,20.436943,20.454369,20.558884,20.471802,20.402061,20.244934,20.419502,20.174995,20.349724,20.402061,20.436943,20.244934,20.314804,20.402061,20.454369,20.297348,20.489220,20.454369,20.436943,20.436943,20.645866,20.576286,20.663254,20.402061,20.784843,20.576286,20.506645,20.506645,20.663254,20.593697,20.593697,20.784843,20.645866,20.680634,20.645866,20.471802,20.402061,20.611084,20.436943,20.611084,20.628487,20.402061,20.436943,20.524055,20.367180,20.541473,20.349724,20.314804,20.244934,20.367180,20.454369,20.384621,20.314804,20.454369,20.558884,20.819542,20.471802,20.471802,20.680634,20.645866,20.506645,20.489220,20.715385,20.593697,20.698021,20.593697,20.506645,20.558884,20.419502,20.506645,20.506645,20.367180,20.715385,20.489220,20.471802,20.767487,20.506645,20.611084,20.558884,20.593697,20.593697,20.524055,20.732758,20.349724,20.593697,20.541473,20.471802,20.628487,20.419502,20.384621,20.471802,20.784843,20.349724,20.419502,20.471802,20.297348,20.402061,20.576286,20.593697,20.506645,20.732758,20.628487,20.750122,20.732758,20.784843,20.680634,20.750122,20.698021,20.593697,20.923576,20.992851,20.489220,20.611084,21.079346,20.767487,20.906242,20.888908,20.836899,20.645866,20.784843,20.732758,20.836899,20.923576,20.836899,20.767487,20.871582,20.715385,20.750122,20.819542,20.732758,20.698021,20.593697,20.663254,20.784843,20.836899,20.888908,20.802200,20.836899,20.767487,20.663254,20.802200,20.888908,20.871582,20.732758,20.802200,20.871582,20.732758,20.802200,20.767487,20.558884,20.698021,20.593697,20.715385,20.558884,20.524055,20.611084,20.750122,20.732758,20.489220,20.715385,20.854233,20.628487,20.906242,20.541473,20.663254,20.576286,20.819542,20.645866,20.819542,20.524055,20.332268,20.558884,20.524055,20.506645,20.471802,20.227455,20.454369,20.384621,20.506645,20.506645,20.384621,20.524055,20.750122,
20.628487,20.541473,20.244934,20.332268,20.541473,20.524055,20.244934,20.558884,20.384621,20.436943,20.454369,20.332268,20.244934,20.558884,20.454369,20.489220,20.402061,20.349724,20.332268,20.645866,20.454369,20.524055,20.524055,20.454369,20.593697,20.611084,20.489220,20.471802,20.854233,20.663254,20.784843,20.715385,20.854233,20.715385,20.784843,21.062057,21.062057,21.269310,21.165756,21.252068,21.252068,21.096642,21.131203,21.355507,21.027458,21.027458,21.217552,21.252068,21.096642,21.096642,21.217552,21.096642,21.200287,20.975533,21.062057,21.096642,21.338272,21.027458,20.923576,21.131203,21.131203,20.940895,21.200287,21.096642,21.096642,20.940895,21.269310,21.027458,21.217552,21.217552,20.992851,21.113914,21.269310,21.510414,21.458817,21.665016,21.596336,21.699318,21.699318,21.956161,21.682167,22.126915,22.109856,22.348305,22.143959,22.348305,22.178062,22.331291,22.212143,22.126915,22.297272,22.195107,22.246208,22.297272,22.178062,22.280251,22.041588,22.075729,22.075729,22.314293,22.143959,22.263237,22.229179,21.973259,22.348305,22.501198,22.263237,22.416298,22.195107,22.382309,22.246208,22.433289,22.280251,22.450264,22.331291,22.416298,22.161018,21.836411,22.178062,22.075729,21.956161,21.785027,21.802162,21.785027,21.802162,21.613518,21.767891,21.561981,21.647850,21.630684,21.544792,21.613518,21.338272,21.510414,21.630684,21.682167,21.407181,21.750755,21.921967,21.613518,21.682167,21.750755,21.647850,21.665016,21.750755,21.853539,21.665016,21.630684,21.716469,21.733620,21.956161,21.887764,21.819290,22.075729,21.853539,21.733620,21.870644,21.819290,21.802162,21.665016,21.733620,21.819290,21.716469,21.647850,21.561981,21.458817,21.286568,21.458817,21.269310,21.424393,21.079346,21.372734,21.269310,21.286568,21.372734,21.269310,21.321045,21.286568,21.424393,21.183029,21.200287,21.183029,21.286568,21.252068,21.269310,21.338272,21.183029,21.355507,21.096642,21.286568,21.424393,21.544792,21.355507,21.355507,21.234810,21.510414,21.476021,21.441612,21.458817,21.493217,21.355507,21.476021,21.338272,21.527603,21.355507,21.407181,21.303802,21.200287,21.407181,21.252068,21.544792,21.424393,21.269310,21.338272,21.338272,21.200287,21.165756,21.613518,21.321045,21.407181,21.389961,21.131203,21.321045,21.321045,21.407181,21.303802,21.389961,21.424393,21.424393,21.217552,21.372734,21.665016,21.733620,21.493217,21.510414,21.647850,21.716469,21.613518,21.699318,21.596336,21.527603,21.630684,21.389961,21.613518,21.458817,21.476021,21.269310,21.510414,21.321045,21.321045,21.148476,21.234810,21.113914,21.510414,21.372734,21.321045,21.338272,21.458817,21.372734,21.217552,21.424393,21.493217,21.355507,21.355507,21.338272,21.441612,21.303802,21.338272,21.441612,21.527603,21.527603,21.561981,21.493217,21.493217,21.665016,21.561981,21.493217,21.544792,21.682167,21.579163,21.716469,21.579163,21.665016,21.647850,21.476021,21.441612,21.613518,21.407181,21.303802,21.389961,21.200287,21.407181,21.079346,21.303802,21.183029,21.286568,21.217552,21.027458,21.113914,20.958221,21.286568,21.062057,21.010155,21.010155,21.096642,20.940895,20.767487,21.010155,20.906242,20.732758,20.888908,20.854233,20.871582,20.680634,20.750122,20.767487,20.975533,20.992851,20.906242,20.888908,20.992851,20.940895,20.802200,21.010155,20.854233,20.593697,20.402061,20.541473,20.645866,20.576286,20.576286,20.454369,20.279877,20.332268,20.524055,20.227455,20.524055,20.314804,20.314804,20.349724,20.262413,20.209976,20.384621,20.402061,20.436943,20.279877,20.244934,20.297348,20.384621,20.314804,20.227455,20.279877,20.192490,20.419502,20.262413,20.419502,20.541473,20.314804,20.332268,20.209976,20.541473,20.524055,20.506645,20.367180,20.384621,20.384621,20.402061,20.384621,20.367180,20.384621,20.140007,20.105003,20.297348,20.227455,20.069977,20.122513,20.244934,20.244934,20.122513,20.052460,20.034943,20.105003,20.192490,20.052460,20.105003,20.454369,20.087494,20.157509,20.244934,20.157509,20.140007,20.174995,20.192490,20.209976,20.297348,20.262413,20.454369,20.471802,20.332268,20.297348,20.558884,20.593697,20.593697,20.628487,20.558884,20.611084,20.611084,20.750122,20.836899,20.698021,20.436943,20.541473,20.436943,20.384621,20.436943,20.349724,20.524055,20.558884,20.506645,20.402061,20.332268,20.471802,20.454369,20.349724,20.279877,20.436943,20.506645,20.593697,20.593697,20.402061,20.402061,20.436943,20.593697,20.367180,20.454369,20.593697,20.680634,20.489220,20.524055,20.645866,20.541473,20.506645,20.784843,20.454369,20.506645,20.611084,20.645866,20.402061,20.489220,20.541473,20.489220,20.419502,20.367180,20.436943,20.192490,20.558884,20.332268,20.244934,20.436943,20.367180,20.349724,20.332268,20.314804,20.174995,20.314804,20.192490,20.419502,20.244934,20.314804,20.436943,20.471802,20.402061,20.297348,20.367180,20.524055,20.489220,20.367180,20.558884,20.384621,20.471802,20.576286,20.489220,20.489220,20.454369,20.402061,20.489220,20.593697,20.732758,20.715385,20.593697,20.506645,20.489220,20.541473,20.611084,20.489220,20.680634,20.558884,20.524055,20.593697,20.471802,20.332268,20.471802,20.419502,20.349724,20.419502,20.576286,20.384621,20.279877,20.524055,20.384621,20.524055,20.558884,20.349724,20.122513,20.332268,20.576286,20.506645,20.402061,20.489220,20.384621,20.436943,20.506645,20.489220,20.419502,20.402061,20.506645,20.541473,20.402061,20.419502,20.611084,20.558884,20.349724,20.471802,20.506645,20.402061,20.384621,20.297348,20.645866,20.419502,20.402061,20.506645,20.593697,20.645866,20.524055,20.784843,20.576286,20.454369,20.576286,20.489220,20.489220,20.471802,20.471802,20.367180,20.767487,20.471802,20.314804,20.402061,20.645866,20.593697,20.732758,20.663254,20.784843,20.784843,20.923576,20.750122,20.750122,20.802200,20.854233,20.836899,20.750122,20.854233,20.767487,20.784843,20.767487,20.958221,20.819542,21.027458,20.958221,20.871582,20.906242,20.645866,20.888908,20.750122,20.784843,20.888908,20.645866,20.715385,21.044754,20.680634,20.750122,20.663254,20.558884,20.940895,20.854233,20.767487,20.854233,20.663254,20.576286,20.940895,20.663254,20.680634,20.732758,20.628487,20.958221,20.698021,20.854233,20.767487,20.436943,20.558884,20.680634,20.750122,20.541473,20.732758,20.871582,20.698021,20.888908,20.611084,20.645866,20.541473,20.871582,20.402061,20.663254,20.715385,20.750122,20.645866,20.576286,20.576286,20.436943,20.262413,20.436943,20.332268,20.314804,20.384621,20.262413,20.297348,20.262413,20.384621,20.436943,20.593697,20.593697,
20.524055,20.454369,20.454369,20.419502,20.558884,20.541473,20.593697,20.506645,20.489220,20.174995,20.402061,20.209976,20.611084,20.332268,20.192490,20.384621,20.506645,20.262413,20.314804,20.506645,20.558884,20.611084,20.471802,20.663254,20.784843,20.819542,20.576286,20.611084,20.802200,20.732758,20.802200,20.784843,20.836899,20.975533,21.010155,20.819542,21.027458,20.958221,21.131203,21.217552,21.217552,21.165756,21.286568,21.062057,21.355507,21.044754,21.234810,21.303802,21.148476,20.992851,20.975533,21.096642,21.010155,21.165756,20.923576,21.234810,21.234810,21.148476,21.131203,21.027458,21.131203,21.131203,21.165756,21.044754,21.113914,21.200287,21.131203,21.062057,21.131203,21.303802,21.113914,21.303802,21.234810,21.510414,21.527603,21.630684,21.424393,21.699318,21.596336,21.785027,21.956161,22.178062,22.126915,22.246208,22.331291,22.195107,22.246208,22.382309,22.331291,22.007431,22.161018,22.314293,22.229179,22.263237,22.195107,22.178062,22.178062,22.382309,22.280251,22.518166,22.280251,22.467247,22.126915,22.382309,22.382309,22.263237,22.433289,22.450264,22.246208,22.263237,22.212143,22.348305,22.297272,22.416298,22.280251,22.195107,22.092789,22.161018,22.007431,21.853539,21.870644,21.939064,21.990349,21.785027,21.699318,21.853539,21.596336,21.596336,21.527603,21.579163,21.544792,21.767891,21.665016,21.596336,21.579163,21.544792,21.476021,21.836411,21.921967,21.613518,21.699318,21.785027,21.767891,21.699318,21.802162,21.785027,21.785027,21.819290,21.819290,21.785027,21.973259,21.819290,21.904861,21.904861,21.853539,22.058662,21.973259,21.973259,21.767891,21.853539,21.750755,21.716469,21.716469,21.596336,21.424393,21.596336,21.647850,21.596336,21.424393,21.493217,21.458817,21.321045,21.389961,21.303802,21.252068,21.493217,21.286568,21.217552,21.424393,21.252068,21.338272,21.407181,21.286568,21.338272,21.355507,21.234810,21.407181,21.321045,21.355507,21.407181,21.527603,21.372734,21.561981,21.527603,21.458817,21.596336,21.579163,21.441612,21.561981,21.596336,21.493217,21.630684,21.476021,21.389961,21.321045,21.596336,21.148476,21.303802,21.372734,21.544792,21.561981,21.424393,21.389961,21.458817,21.355507,21.407181,21.458817,21.441612,21.389961,21.441612,21.252068,21.269310,21.321045,21.252068,21.338272,21.269310,21.372734,21.424393,21.493217,21.527603,21.493217,21.613518,21.665016,21.699318,21.596336,21.836411,21.613518,21.596336,21.647850,21.630684,21.699318,21.647850,21.613518,21.613518,21.647850,21.561981,21.338272,21.493217,21.355507,21.389961,21.269310,21.303802,21.355507,21.338272,21.476021,21.493217,21.407181,21.544792,21.389961,21.372734,21.407181,21.476021,21.321045,21.458817,21.527603,21.476021,21.510414,21.493217,21.424393,21.716469,21.596336,21.665016,21.596336,21.750755,21.767891,21.561981,21.613518,21.716469,21.802162,21.802162,21.665016,21.665016,21.767891,21.561981,21.493217,21.716469,21.699318,21.372734,21.527603,21.407181,21.372734,21.148476,21.338272,21.269310,21.321045,21.355507,21.321045,21.131203,21.113914,21.165756,21.183029,21.096642,21.096642,21.113914,20.940895,20.923576,21.079346,21.010155,20.715385,20.888908,20.871582,20.923576,21.079346,20.940895,20.940895,20.680634,20.802200,20.940895,20.854233,20.958221,20.958221,20.836899,20.923576,20.906242,20.871582,20.767487,20.802200,20.732758,20.454369,20.558884,20.541473,20.611084,20.349724,20.471802,20.680634,20.558884,20.367180,20.471802,20.227455,20.402061,20.524055,20.279877,20.332268,20.402061,20.332268,20.402061,20.105003,20.192490,20.279877,20.332268,20.489220,20.262413,20.262413,20.332268,20.332268,20.524055,20.367180,20.419502,20.209976,20.314804,20.402061,20.314804,20.367180,20.419502,20.174995,20.506645,20.506645,20.471802,20.262413,20.017418,20.227455,20.227455,20.244934,20.140007,20.105003,19.999893,19.999893,20.174995,20.069977,20.105003,20.052460,20.174995,20.069977,20.122513,20.122513,20.174995,20.209976,20.087494,20.052460,20.122513,20.122513,20.262413,20.244934,20.227455,20.262413,20.349724,20.402061,20.436943,20.576286,20.593697,20.314804,20.506645,20.611084,20.576286,20.698021,20.663254,20.663254,20.732758,20.524055,20.576286,20.471802,20.611084,20.402061,20.471802,20.419502,20.541473,20.489220,20.419502,20.349724,20.436943,20.367180,20.332268,20.454369,20.471802,20.436943,20.279877,20.419502,20.471802,20.349724,20.489220,20.576286,20.489220,20.471802,20.506645,20.524055,20.367180,20.471802,20.489220,20.297348,20.558884,20.506645,20.471802,20.663254,20.402061,20.436943,20.471802,20.680634,20.541473,20.524055,20.436943,20.402061,20.349724,20.436943,20.244934,20.349724,20.262413,20.244934,20.087494,20.209976,20.279877,20.174995,20.332268,20.105003,20.279877,20.087494,20.157509,19.982353,20.140007,20.419502,20.244934,20.034943,20.174995,20.209976,20.140007,20.297348,20.384621,20.454369,20.332268,20.349724,20.209976,20.489220,20.436943,20.471802,20.576286,20.419502,20.506645,20.715385,20.506645,20.645866,20.680634,20.419502,20.436943,20.332268,20.489220,20.436943,20.244934,20.402061,20.419502,20.524055,20.349724,20.332268,20.384621,20.332268,20.402061,20.297348,20.402061,20.419502,20.402061,20.244934,20.402061,20.489220,20.332268,20.436943,20.524055,20.279877,20.279877,20.524055,20.262413,20.279877,20.402061,20.593697,20.506645,20.367180,20.524055,20.471802,20.506645,20.436943,20.419502,20.524055,20.489220,20.332268,20.558884,20.611084,20.471802,20.506645,20.419502,20.279877,20.244934,20.402061,20.279877,20.611084,20.576286,20.558884,20.105003,20.157509,20.367180,20.489220,20.506645,20.524055,20.541473,20.297348,20.454369,20.402061,20.576286,20.489220,20.558884,20.384621,20.680634,20.663254,20.750122,20.541473,20.750122,20.663254,20.888908,20.524055,20.992851,20.715385,20.888908,20.871582,20.802200,20.940895,21.062057,20.750122,20.732758,20.836899,20.732758,20.715385,20.923576,20.767487,20.802200,20.767487,21.027458,20.906242,20.715385,20.871582,20.506645,20.645866,20.645866,20.593697,20.784843,20.802200,20.645866,20.558884,20.524055,20.750122,20.767487,20.750122,20.663254,20.836899,20.923576,20.732758,20.558884,20.958221,20.680634,20.645866,20.698021,20.784843,20.611084,20.593697,20.888908,20.767487,20.802200,20.732758,20.767487,20.680634,20.663254,20.923576,20.436943,20.628487,20.471802,20.819542,20.784843,20.680634,20.593697,20.471802,20.611084,20.436943,20.436943,20.436943,20.209976,20.244934,20.279877,20.402061,20.244934,20.419502,20.436943,20.367180,20.384621,20.541473,20.576286,
20.471802,20.402061,20.611084,20.314804,20.419502,20.611084,20.680634,20.471802,20.576286,20.558884,20.367180,20.471802,20.524055,20.541473,20.611084,20.454369,20.611084,20.262413,20.750122,20.541473,20.698021,20.715385,20.750122,20.784843,20.958221,20.784843,20.767487,20.784843,20.680634,20.767487,20.802200,20.940895,20.750122,21.027458,20.975533,21.217552,20.923576,21.355507,21.183029,21.217552,21.200287,21.303802,21.286568,21.148476,20.958221,21.252068,21.148476,21.303802,21.200287,21.234810,21.062057,21.234810,21.079346,21.165756,21.113914,20.940895,20.975533,21.079346,21.165756,21.131203,21.044754,21.079346,21.010155,21.234810,21.183029,21.027458,21.165756,20.992851,21.234810,21.096642,21.217552,21.372734,21.269310,21.407181,21.372734,21.544792,21.527603,21.682167,21.647850,21.699318,21.956161,22.075729,21.870644,22.058662,22.109856,22.178062,22.246208,22.195107,22.007431,22.212143,22.297272,22.229179,22.024513,22.331291,21.973259,22.041588,22.263237,22.178062,22.109856,22.331291,22.212143,22.416298,22.382309,22.297272,22.348305,22.263237,22.280251,22.246208,22.331291,22.280251,22.246208,22.382309,22.399300,22.331291,22.229179,22.161018,22.143959,22.007431,22.075729,21.956161,22.161018,21.750755,21.939064,21.767891,21.510414,21.476021,21.510414,21.647850,21.630684,21.716469,21.767891,21.630684,21.613518,21.579163,21.613518,21.785027,21.785027,21.853539,21.819290,21.836411,21.647850,21.665016,21.613518,21.733620,21.630684,21.733620,21.699318,21.802162,21.665016,21.853539,21.561981,21.733620,21.750755,21.767891,21.870644,21.802162,21.904861,21.853539,21.682167,21.750755,21.802162,21.665016,21.630684,21.767891,21.424393,21.458817,21.372734,21.407181,21.303802,21.510414,21.217552,21.321045,21.389961,21.269310,21.183029,21.269310,21.200287,21.321045,21.544792,21.424393,21.355507,21.424393,21.544792,21.338272,21.389961,21.303802,21.476021,21.424393,21.321045,21.510414,21.458817,21.458817,21.647850,21.510414,21.458817,21.407181,21.389961,21.338272,21.389961,21.493217,21.458817,21.596336,21.596336,21.424393,21.372734,21.441612,21.441612,21.510414,21.269310,21.355507,21.561981,21.338272,21.252068,21.372734,21.252068,21.407181,21.630684,21.476021,21.510414,21.596336,21.389961,21.355507,21.372734,21.630684,21.424393,21.424393,21.476021,21.217552,21.338272,21.476021,21.493217,21.647850,21.476021,21.733620,21.630684,21.647850,21.647850,21.819290,21.647850,21.699318,21.510414,21.647850,21.647850,21.750755,21.682167,21.647850,21.355507,21.389961,21.458817,21.458817,21.407181,21.458817,21.407181,21.407181,21.424393,21.510414,21.476021,21.510414,21.493217,21.561981,21.544792,21.321045,21.424393,21.716469,21.767891,21.544792,21.476021,21.579163,21.596336,21.527603,21.682167,21.630684,21.596336,21.682167,21.682167,21.665016,21.665016,21.733620,21.716469,21.819290,21.750755,21.802162,21.733620,21.699318,21.819290,21.802162,21.596336,21.269310,21.441612,21.321045,21.355507,21.321045,21.407181,21.217552,21.165756,21.183029,21.321045,21.252068,21.113914,21.044754,21.113914,21.338272,20.940895,21.079346,21.079346,20.836899,20.871582,20.958221,21.044754,20.854233,21.217552,20.958221,20.819542,21.010155,21.027458,20.992851,20.992851,20.958221,20.923576,20.975533,20.715385,20.854233,20.958221,20.958221,21.044754,20.958221,21.010155,20.871582,20.958221,20.715385,20.436943,20.541473,20.611084,20.593697,20.593697,20.680634,20.558884,20.698021,20.471802,20.541473,20.524055,20.471802,20.506645,20.297348,20.227455,20.541473,20.471802,20.349724,20.419502,20.454369,20.314804,20.314804,20.367180,20.244934,20.384621,20.454369,20.489220,20.419502,20.471802,20.506645,20.524055,20.593697,20.349724,20.367180,20.524055,20.454369,20.454369,20.279877,20.314804,20.489220,20.279877,20.367180,20.140007,20.209976,20.105003,20.034943,20.279877,20.122513,20.209976,20.140007,20.105003,20.157509,20.262413,20.140007,20.105003,19.999893,20.157509,20.157509,20.192490,20.034943,20.087494,20.279877,20.279877,20.069977,20.402061,20.227455,20.384621,20.367180,20.471802,20.524055,20.593697,20.715385,20.767487,20.750122,20.819542,20.628487,20.715385,20.611084,20.732758,20.663254,20.524055,20.541473,20.419502,20.558884,20.402061,20.436943,20.506645,20.471802,20.436943,20.576286,20.576286,20.558884,20.593697,20.576286,20.454369,20.419502,20.489220,20.314804,20.367180,20.541473,20.384621,20.402061,20.419502,20.454369,20.558884,20.349724,20.698021,20.471802,20.593697,20.698021,20.349724,20.576286,20.489220,20.541473,20.524055,20.524055,20.524055,20.541473,20.628487,20.524055,20.367180,20.436943,20.140007,20.279877,20.122513,20.140007,20.314804,20.297348,20.297348,20.087494,20.034943,20.087494,20.069977,20.314804,20.122513,19.982353,20.069977,20.279877,20.209976,20.105003,20.262413,20.140007,20.122513,20.087494,20.332268,20.209976,20.209976,20.069977,20.244934,20.524055,20.367180,20.332268,20.244934,20.349724,20.454369,20.436943,20.524055,20.506645,20.506645,20.349724,20.489220,20.611084,20.402061,20.593697,20.314804,20.436943,20.524055,20.262413,20.402061,20.367180,20.314804,20.436943,20.209976,20.419502,20.174995,20.314804,20.227455,20.244934,20.314804,20.332268,20.209976,20.209976,20.157509,20.122513,20.174995,20.192490,20.192490,20.314804,20.227455,20.227455,20.314804,20.314804,20.402061,20.628487,20.558884,20.645866,20.524055,20.209976,20.332268,20.174995,20.506645,20.367180,20.471802,20.454369,20.384621,20.367180,20.367180,20.244934,20.367180,20.349724,20.174995,20.349724,20.209976,20.436943,20.367180,20.279877,20.297348,20.262413,20.384621,20.611084,20.402061,20.209976,20.349724,20.419502,20.541473,20.314804,20.314804,20.611084,20.541473,20.645866,20.836899,20.645866,20.611084,20.715385,20.836899,20.680634,20.802200,20.645866,20.906242,20.750122,20.975533,20.923576,20.906242,20.663254,20.698021,20.871582,20.698021,20.750122,20.888908,20.958221,20.645866,20.836899,20.802200,20.836899,20.489220,20.715385,20.698021,20.436943,20.541473,20.663254,20.802200,20.680634,20.558884,20.750122,20.680634,20.506645,20.680634,20.888908,20.541473,20.558884,20.628487,20.784843,20.611084,20.680634,20.906242,20.802200,20.611084,20.628487,20.645866,20.680634,20.541473,20.750122,20.698021,20.784843,20.558884,20.663254,20.802200,20.593697,20.506645,20.524055,20.419502,20.750122,20.506645,20.836899,20.854233,20.419502,20.524055,20.279877,20.209976,20.332268,20.209976,20.454369,20.314804,20.297348,20.402061,20.419502,20.174995,20.314804,20.419502,20.628487,
20.645866,20.436943,20.663254,20.471802,20.541473,20.611084,20.506645,20.663254,20.628487,20.436943,20.402061,20.506645,20.506645,20.524055,20.663254,20.645866,20.593697,20.802200,20.836899,20.506645,20.611084,20.645866,20.906242,20.715385,20.888908,20.906242,20.732758,20.663254,20.732758,20.975533,20.819542,20.819542,20.906242,21.062057,21.148476,21.338272,21.252068,21.044754,21.096642,21.286568,21.269310,21.165756,21.338272,21.286568,21.389961,21.165756,21.200287,21.079346,20.975533,21.079346,21.131203,21.027458,21.010155,21.217552,21.079346,21.269310,21.027458,21.183029,21.044754,21.200287,21.079346,21.217552,21.062057,21.234810,20.992851,21.062057,21.113914,21.441612,21.010155,21.131203,21.148476,21.131203,21.217552,21.303802,21.286568,21.424393,21.476021,21.887764,21.561981,21.716469,21.767891,21.956161,21.802162,22.092789,22.143959,22.058662,21.939064,22.007431,22.109856,21.973259,22.092789,22.178062,22.041588,21.973259,22.041588,22.007431,22.109856,22.263237,22.399300,22.399300,22.195107,22.365303,22.126915,22.518166,22.297272,22.092789,22.280251,22.484222,22.314293,22.433289,22.263237,22.331291,22.518166,22.195107,22.212143,22.602951,22.195107,22.212143,22.007431,22.041588,21.716469,21.767891,21.767891,21.887764,21.630684,21.596336,21.579163,21.561981,21.544792,21.579163,21.750755,21.733620,21.836411,21.647850,21.682167,21.870644,21.819290,21.853539,21.870644,21.802162,21.733620,21.870644,21.887764,21.527603,21.579163,21.767891,21.579163,21.733620,21.785027,21.699318,21.716469,21.767891,21.870644,21.785027,21.613518,21.870644,21.699318,21.802162,21.665016,21.836411,21.630684,21.699318,21.613518,21.544792,21.596336,21.338272,21.579163,21.493217,21.338272,21.476021,21.372734,21.561981,21.476021,21.148476,21.321045,21.372734,21.407181,21.476021,21.372734,21.372734,21.389961,21.286568,21.338272,21.269310,21.252068,21.596336,21.183029,21.252068,21.321045,21.338272,21.647850,21.424393,21.303802,21.389961,21.510414,21.269310,21.544792,21.579163,21.510414,21.458817,21.407181,21.527603,21.493217,21.630684,21.441612,21.372734,21.544792,21.389961,21.544792,21.476021,21.441612,21.407181,21.458817,21.338272,21.458817,21.544792,21.321045,21.372734,21.234810,21.493217,21.407181,21.510414,21.458817,21.493217,21.441612,21.527603,21.303802,21.407181,21.579163,21.303802,21.441612,21.527603,21.647850,21.630684,21.750755,21.596336,21.544792,21.647850,21.665016,21.476021,21.544792,21.613518,21.389961,21.527603,21.544792,21.321045,21.372734,21.476021,21.389961,21.441612,21.476021,21.441612,21.407181,21.252068,21.407181,21.424393,21.441612,21.561981,21.493217,21.665016,21.407181,21.630684,21.596336,21.544792,21.493217,21.682167,21.561981,21.561981,21.544792,21.510414,21.510414,21.561981,21.630684,21.682167,21.682167,21.596336,21.544792,21.767891,21.733620,21.870644,21.510414,21.836411,21.579163,21.802162,21.561981,21.493217,21.596336,21.441612,21.441612,21.389961,21.286568,21.303802,21.372734,21.321045,21.321045,21.286568,21.234810,21.252068,21.234810,21.234810,21.096642,21.079346,21.044754,21.131203,20.975533,20.871582,20.888908,20.871582,20.854233,20.802200,20.958221,21.010155,20.975533,21.044754,20.992851,20.680634,20.940895,20.871582,21.079346,20.767487,20.923576,20.906242,20.871582,21.079346,20.923576,21.200287,21.062057,20.854233,20.784843,20.819542,20.645866,20.819542,20.576286,20.524055,20.576286,20.576286,20.628487,20.628487,20.576286,20.471802,20.576286,20.506645,20.541473,20.454369,20.489220,20.558884,20.471802,20.332268,20.524055,20.332268,20.489220,20.419502,20.384621,20.524055,20.436943,20.489220,20.541473,20.471802,20.541473,20.471802,20.524055,20.524055,20.541473,20.524055,20.611084,20.454369,20.558884,20.402061,20.192490,20.279877,20.279877,20.489220,20.402061,20.209976,20.367180,20.227455,20.105003,20.297348,20.192490,20.209976,20.332268,20.227455,20.034943,20.436943,20.262413,20.419502,20.052460,20.244934,20.157509,20.227455,20.332268,20.332268,20.192490,20.367180,20.402061,20.436943,20.436943,20.628487,20.732758,20.628487,20.698021,20.576286,20.611084,20.802200,20.645866,20.802200,20.958221,20.750122,20.784843,20.784843,20.611084,20.576286,20.593697,20.680634,20.541473,20.611084,20.471802,20.628487,20.593697,20.471802,20.436943,20.419502,20.663254,20.454369,20.419502,20.506645,20.628487,20.506645,20.402061,20.524055,20.611084,20.384621,20.436943,20.471802,20.436943,20.611084,20.454369,20.541473,20.645866,20.524055,20.680634,20.541473,20.593697,20.593697,20.558884,20.506645,20.628487,20.541473,20.558884,20.524055,20.489220,20.314804,20.454369,20.349724,20.349724,20.384621,20.436943,20.192490,20.087494,20.279877,20.017418,20.087494,20.017418,20.349724,20.244934,20.332268,20.157509,20.069977,20.384621,20.297348,20.402061,20.157509,20.262413,20.297348,20.122513,20.174995,20.157509,20.332268,20.262413,20.262413,20.279877,20.297348,20.471802,20.122513,20.349724,20.367180,20.384621,20.593697,20.576286,20.750122,20.436943,20.611084,20.262413,20.419502,20.419502,20.314804,20.069977,20.384621,20.279877,20.262413,20.174995,20.332268,19.982353,20.244934,20.297348,20.279877,20.122513,20.262413,20.489220,20.192490,20.140007,20.174995,20.052460,19.999893,20.105003,20.192490,20.384621,20.297348,20.471802,20.244934,20.297348,20.227455,20.244934,20.471802,20.209976,20.576286,20.402061,20.454369,20.402061,20.541473,20.419502,20.384621,20.506645,20.471802,20.349724,20.367180,20.367180,20.384621,20.384621,20.314804,20.105003,20.122513,20.279877,20.314804,20.279877,20.262413,20.332268,20.314804,20.384621,20.227455,20.297348,20.593697,20.227455,19.999893,20.436943,20.436943,20.506645,20.332268,20.524055,20.506645,20.680634,20.628487,20.558884,20.819542,20.471802,20.645866,20.698021,20.715385,20.836899,20.715385,20.802200,20.767487,20.767487,20.802200,20.992851,20.732758,20.715385,20.732758,20.489220,20.836899,20.888908,20.732758,20.940895,20.645866,20.732758,20.506645,20.541473,20.593697,20.576286,20.489220,20.593697,20.680634,20.698021,20.645866,20.506645,20.645866,20.663254,20.819542,20.732758,20.663254,20.628487,20.732758,20.663254,20.541473,20.558884,20.819542,20.767487,20.680634,20.698021,20.715385,20.715385,20.906242,20.819542,20.541473,20.611084,20.888908,20.750122,20.611084,20.628487,20.802200,20.436943,20.645866,20.524055,20.611084,20.819542,20.558884,20.541473,20.541473,20.244934,20.715385,20.593697,20.541473,20.384621,20.209976,20.732758,20.524055,20.384621,20.524055,20.384621,20.958221,
20.888908,20.680634,20.541473,20.593697,20.645866,20.541473,20.628487,20.611084,20.611084,20.349724,20.593697,20.750122,20.558884,20.680634,20.541473,20.680634,20.698021,20.732758,20.680634,20.906242,20.506645,20.802200,20.802200,20.975533,20.923576,20.958221,21.044754,21.096642,20.871582,20.958221,20.750122,20.975533,21.010155,21.217552,21.165756,21.079346,21.062057,21.372734,21.338272,21.286568,21.183029,21.476021,21.027458,21.458817,21.389961,21.234810,21.217552,21.096642,21.165756,20.923576,21.096642,21.079346,21.096642,21.079346,21.079346,20.992851,21.113914,21.183029,21.044754,21.113914,21.131203,21.079346,20.940895,21.096642,21.165756,20.958221,21.044754,21.165756,21.200287,21.010155,21.113914,20.992851,21.252068,21.252068,21.252068,21.527603,21.579163,21.733620,21.596336,21.716469,21.750755,21.921967,21.904861,22.041588,21.956161,22.092789,21.990349,22.041588,21.921967,22.178062,21.990349,22.229179,21.887764,22.109856,21.870644,22.092789,22.126915,22.263237,22.229179,22.229179,22.229179,22.382309,22.331291,22.416298,22.399300,22.161018,22.450264,22.518166,22.263237,22.314293,22.280251,22.348305,22.331291,22.365303,22.280251,22.314293,22.109856,22.143959,22.041588,22.024513,21.921967,21.853539,21.904861,21.699318,21.785027,21.733620,21.682167,21.699318,21.733620,21.665016,21.767891,21.921967,21.733620,21.904861,21.785027,21.921967,21.836411,21.750755,21.819290,21.870644,21.836411,21.561981,21.716469,21.544792,21.665016,21.699318,21.836411,21.750755,21.716469,21.785027,22.007431,21.836411,21.767891,21.750755,21.802162,21.870644,21.785027,21.785027,21.819290,21.630684,21.561981,21.630684,21.630684,21.493217,21.630684,21.372734,21.441612,21.544792,21.200287,21.544792,21.321045,21.234810,21.476021,21.252068,21.165756,21.321045,21.321045,21.424393,21.372734,21.458817,21.389961,21.338272,21.476021,21.424393,21.286568,21.389961,21.217552,21.321045,21.321045,21.424393,21.441612,21.424393,21.303802,21.286568,21.372734,21.476021,21.510414,21.544792,21.510414,21.458817,21.321045,21.647850,21.424393,21.647850,21.527603,21.338272,21.441612,21.441612,21.407181,21.269310,21.389961,21.407181,21.407181,21.165756,21.303802,21.561981,21.458817,21.441612,21.407181,21.424393,21.303802,21.407181,21.389961,21.372734,21.441612,21.303802,21.217552,21.458817,21.355507,21.424393,21.458817,21.476021,21.630684,21.441612,21.458817,21.424393,21.596336,21.544792,21.544792,21.579163,21.596336,21.630684,21.372734,21.527603,21.682167,21.476021,21.286568,21.544792,21.544792,21.321045,21.458817,21.458817,21.389961,21.321045,21.338272,21.476021,21.613518,21.596336,21.458817,21.682167,21.527603,21.561981,21.613518,21.665016,21.441612,21.527603,21.596336,21.630684,21.458817,21.579163,21.647850,21.699318,21.527603,21.767891,21.733620,21.596336,21.647850,21.647850,21.613518,21.699318,21.613518,21.647850,21.579163,21.527603,21.647850,21.544792,21.579163,21.338272,21.544792,21.441612,21.458817,21.389961,21.286568,21.338272,21.493217,21.338272,21.544792,21.286568,21.493217,21.338272,21.338272,21.131203,21.027458,20.819542,21.027458,21.062057,20.698021,20.975533,20.732758,20.750122,20.802200,20.888908,20.888908,21.027458,21.079346,20.836899,20.940895,21.062057,20.906242,20.975533,20.906242,20.923576,20.871582,21.062057,21.183029,21.165756,20.940895,20.906242,20.940895,20.906242,21.044754,20.819542,20.871582,20.628487,20.698021,20.819542,20.611084,20.767487,20.732758,20.750122,20.750122,20.715385,20.541473,20.489220,20.732758,20.471802,20.802200,20.558884,20.663254,20.471802,20.645866,20.576286,20.384621,20.645866,20.663254,20.628487,20.715385,20.732758,20.576286,20.611084,20.593697,20.750122,20.506645,20.680634,20.541473,20.576286,20.611084,20.524055,20.384621,20.558884,20.332268,20.454369,20.349724,20.419502,20.244934,20.384621,20.227455,20.279877,20.209976,20.367180,20.436943,20.419502,20.384621,20.471802,20.489220,20.384621,20.314804,20.297348,20.140007,20.297348,20.349724,20.367180,20.314804,20.541473,20.436943,20.750122,20.541473,20.558884,20.645866,20.663254,20.784843,20.906242,20.645866,20.923576,20.871582,20.906242,20.923576,20.819542,20.975533,20.784843,20.593697,20.645866,20.767487,20.750122,20.663254,20.489220,20.663254,20.436943,20.576286,20.576286,20.698021,20.680634,20.611084,20.680634,20.558884,20.680634,20.593697,20.436943,20.732758,20.593697,20.558884,20.698021,20.645866,20.593697,20.611084,20.454369,20.558884,20.541473,20.784843,20.541473,20.732758,20.628487,20.628487,20.715385,20.802200,20.471802,20.593697,20.698021,20.541473,20.767487,20.541473,20.506645,20.419502,20.402061,20.384621,20.454369,20.367180,20.262413,20.402061,20.314804,20.419502,20.244934,20.349724,20.227455,20.209976,20.454369,20.192490,20.419502,20.157509,20.262413,20.087494,20.140007,20.192490,20.454369,20.279877,20.367180,20.174995,20.367180,20.297348,20.279877,20.419502,20.332268,20.367180,20.436943,20.576286,20.541473,20.576286,20.524055,20.436943,20.558884,20.419502,20.680634,20.436943,20.541473,20.052460,20.279877,20.506645,20.174995,20.157509,20.244934,20.314804,20.384621,20.227455,20.034943,20.227455,20.384621,20.209976,20.034943,20.157509,20.140007,20.402061,20.227455,20.244934,20.332268,20.297348,20.052460,20.244934,20.140007,20.017418,20.279877,20.419502,20.140007,20.244934,20.384621,20.419502,20.244934,20.332268,20.314804,20.454369,20.419502,20.314804,20.244934,20.384621,20.332268,20.384621,20.314804,20.262413,20.297348,20.192490,20.314804,20.174995,19.947273,20.332268,20.262413,20.209976,20.402061,20.314804,20.297348,20.297348,20.192490,20.244934,20.332268,20.419502,20.140007,20.402061,20.314804,20.349724,20.506645,20.349724,20.506645,20.489220,20.576286,20.436943,20.332268,20.541473,20.836899,20.819542,20.750122,20.767487,20.715385,20.767487,20.767487,21.044754,20.819542,20.819542,20.628487,20.732758,20.698021,20.576286,20.645866,20.663254,20.645866,20.732758,20.715385,20.680634,20.680634,20.750122,20.454369,20.715385,20.349724,20.506645,20.576286,20.611084,20.645866,20.436943,20.611084,20.663254,20.524055,20.332268,20.489220,20.698021,20.663254,20.611084,20.611084,20.576286,20.715385,20.471802,20.680634,20.506645,20.680634,20.680634,20.767487,20.680634,20.819542,20.767487,20.750122,20.367180,20.524055,20.541473,20.645866,20.558884,20.576286,20.558884,20.593697,20.593697,20.279877,20.349724,20.332268,20.157509,20.157509,20.558884,20.506645,20.471802,20.244934,20.227455,20.384621,20.244934,20.192490,20.471802,20.489220,
20.680634,20.663254,20.471802,20.541473,20.593697,20.506645,20.767487,20.680634,20.593697,20.524055,20.715385,20.593697,20.680634,20.819542,20.611084,20.819542,20.524055,20.802200,20.940895,20.888908,20.906242,20.888908,21.044754,20.767487,20.854233,20.854233,20.888908,21.010155,21.096642,21.252068,20.975533,21.183029,21.131203,20.958221,21.252068,21.148476,21.355507,21.493217,21.407181,21.476021,21.062057,21.079346,21.286568,21.217552,21.062057,21.200287,21.113914,20.992851,20.940895,21.010155,20.975533,21.113914,21.113914,21.079346,21.217552,21.165756,21.027458,21.096642,21.113914,21.096642,21.165756,21.131203,21.131203,21.321045,21.183029,21.269310,21.165756,21.079346,21.303802,21.269310,20.975533,21.234810,21.234810,21.165756,21.217552,21.476021,21.389961,21.682167,21.647850,21.733620,21.647850,21.802162,21.973259,21.939064,21.802162,21.887764,21.956161,21.836411,21.836411,21.870644,21.921967,21.939064,21.939064,21.887764,21.870644,22.126915,21.921967,22.024513,22.126915,22.314293,22.331291,22.331291,22.297272,22.433289,22.552086,22.399300,22.365303,22.348305,22.535133,22.246208,22.263237,22.314293,22.263237,22.297272,22.416298,22.365303,22.348305,22.246208,22.195107,22.263237,22.075729,22.075729,21.990349,21.785027,21.802162,21.767891,21.699318,21.853539,21.836411,21.767891,21.887764,22.007431,21.819290,21.887764,21.767891,21.904861,21.750755,21.819290,22.041588,21.630684,21.767891,21.853539,21.767891,21.836411,21.870644,21.682167,21.682167,21.819290,21.767891,21.458817,21.682167,21.699318,21.682167,21.733620,21.682167,21.733620,21.939064,21.853539,21.561981,21.647850,21.785027,21.647850,21.836411,21.458817,21.424393,21.596336,21.407181,21.286568,21.234810,21.217552,21.493217,21.286568,21.217552,21.321045,21.321045,21.389961,21.372734,21.476021,21.441612,21.338272,21.372734,21.321045,21.338272,21.355507,21.217552,21.458817,21.355507,21.303802,21.355507,21.424393,21.424393,21.321045,21.372734,21.613518,21.476021,21.458817,21.441612,21.252068,21.458817,21.407181,21.665016,21.527603,21.372734,21.476021,21.458817,21.476021,21.493217,21.321045,21.338272,21.527603,21.493217,21.355507,21.269310,21.303802,21.389961,21.476021,21.544792,21.303802,21.493217,21.493217,21.424393,21.596336,21.372734,21.476021,21.544792,21.321045,21.424393,21.407181,21.338272,21.544792,21.372734,21.561981,21.561981,21.458817,21.458817,21.647850,21.613518,21.544792,21.596336,21.579163,21.527603,21.389961,21.561981,21.527603,21.424393,21.372734,21.355507,21.561981,21.424393,21.338272,21.372734,21.321045,21.407181,21.458817,21.338272,21.493217,21.493217,21.544792,21.476021,21.665016,21.493217,21.527603,21.716469,21.733620,21.630684,21.527603,21.510414,21.716469,21.493217,21.561981,21.750755,21.682167,21.544792,21.596336,21.596336,21.561981,21.544792,21.733620,21.716469,21.699318,21.630684,21.785027,21.630684,21.561981,21.493217,21.424393,21.561981,21.493217,21.321045,21.561981,21.200287,21.510414,21.338272,21.252068,21.131203,21.407181,21.252068,21.527603,21.269310,21.217552,21.165756,21.200287,21.165756,20.958221,21.027458,20.784843,20.750122,20.940895,20.784843,20.802200,20.819542,20.698021,20.680634,20.854233,20.854233,20.750122,20.975533,20.906242,20.888908,21.010155,21.062057,21.165756,21.131203,21.303802,20.958221,21.286568,21.062057,21.010155,20.940895,21.010155,20.992851,21.010155,20.923576,20.906242,20.906242,20.715385,20.715385,20.836899,20.715385,20.888908,20.802200,20.732758,20.819542,20.940895,20.836899,20.784843,20.611084,20.802200,20.680634,20.767487,20.732758,20.611084,20.680634,20.715385,20.645866,20.767487,20.628487,20.524055,20.732758,20.628487,20.663254,20.541473,20.558884,20.628487,20.593697,20.680634,20.767487,20.645866,20.541473,20.558884,20.541473,20.367180,20.524055,20.524055,20.541473,20.524055,20.314804,20.524055,20.367180,20.384621,20.402061,20.489220,20.314804,20.384621,20.436943,20.332268,20.367180,20.297348,20.489220,20.367180,20.419502,20.489220,20.576286,20.732758,20.524055,20.489220,20.680634,20.680634,20.836899,20.767487,20.663254,20.871582,20.854233,20.750122,20.940895,20.836899,21.010155,20.958221,20.871582,20.975533,20.906242,20.732758,20.767487,20.767487,20.802200,20.732758,20.663254,20.611084,20.940895,20.593697,20.767487,20.854233,21.010155,20.506645,20.663254,20.784843,20.680634,20.628487,20.576286,20.854233,20.750122,20.854233,20.541473,20.958221,20.663254,20.923576,20.819542,20.767487,20.940895,20.767487,20.732758,20.680634,20.767487,20.680634,20.836899,21.027458,20.767487,20.888908,20.558884,20.732758,20.802200,20.715385,20.593697,20.558884,20.506645,20.698021,20.454369,20.384621,20.541473,20.611084,20.314804,20.454369,20.314804,20.489220,20.419502,20.349724,20.436943,20.384621,20.314804,20.506645,20.157509,20.436943,20.367180,20.454369,20.471802,20.384621,20.402061,20.541473,20.506645,20.349724,20.680634,20.541473,20.767487,20.732758,20.506645,20.576286,20.784843,20.593697,20.645866,20.698021,20.454369,20.506645,20.489220,20.524055,20.297348,20.419502,20.367180,20.628487,20.402061,20.192490,20.419502,20.227455,20.244934,20.349724,20.209976,20.471802,20.034943,20.436943,20.402061,20.297348,20.209976,20.279877,20.157509,20.314804,20.262413,20.227455,20.227455,20.332268,20.506645,20.192490,20.192490,20.262413,20.279877,20.314804,20.419502,20.244934,20.524055,20.489220,20.384621,20.506645,20.419502,20.541473,20.506645,20.349724,20.332268,20.174995,20.192490,20.506645,20.384621,20.367180,20.279877,20.227455,20.297348,20.227455,20.017418,20.436943,20.279877,20.069977,20.192490,20.140007,20.297348,20.349724,20.105003,20.402061,20.262413,20.262413,20.227455,20.489220,20.436943,20.332268,20.297348,20.541473,20.576286,20.524055,20.558884,20.680634,20.698021,20.975533,20.715385,20.871582,21.027458,20.680634,20.871582,20.663254,20.611084,20.802200,20.732758,20.645866,20.611084,20.541473,20.558884,20.436943,20.558884,20.314804,20.645866,20.906242,20.419502,20.174995,20.244934,20.524055,20.576286,20.593697,20.698021,20.349724,20.436943,20.454369,20.367180,20.436943,20.715385,20.489220,20.524055,20.558884,20.628487,20.576286,20.906242,20.419502,20.645866,20.489220,20.611084,20.645866,20.906242,20.593697,20.541473,20.489220,20.471802,20.680634,20.767487,20.871582,20.209976,20.593697,20.489220,20.611084,20.454369,20.593697,20.262413,20.419502,20.122513,20.332268,20.436943,20.541473,20.436943,20.262413,20.209976,20.262413,20.209976,20.471802,20.314804,20.384621,20.244934,20.628487,
20.888908,20.558884,20.576286,20.871582,20.541473,20.645866,20.680634,20.888908,20.663254,20.836899,20.645866,20.645866,20.698021,20.767487,20.558884,20.663254,20.750122,20.906242,20.854233,20.940895,20.923576,20.923576,20.992851,20.836899,20.906242,21.010155,21.010155,21.079346,21.079346,21.200287,21.165756,21.079346,21.200287,21.217552,21.200287,21.389961,21.544792,21.424393,21.113914,21.458817,21.183029,21.510414,21.252068,21.286568,21.148476,21.217552,20.992851,21.131203,21.079346,21.200287,21.079346,20.940895,20.992851,21.165756,21.113914,21.183029,21.113914,21.200287,21.269310,21.424393,21.217552,21.252068,21.079346,21.303802,21.044754,21.113914,21.165756,21.044754,21.183029,21.148476,21.027458,21.183029,21.252068,21.252068,21.424393,21.424393,21.441612,21.579163,21.630684,21.596336,21.647850,21.750755,21.733620,21.716469,21.699318,21.767891,21.785027,21.785027,21.853539,22.024513,21.647850,21.887764,21.647850,21.836411,21.921967,22.007431,22.109856,22.143959,22.246208,22.263237,22.416298,22.365303,22.297272,22.399300,22.399300,22.433289,22.331291,22.280251,22.178062,22.297272,22.314293,22.382309,22.297272,22.331291,22.382309,22.348305,22.109856,22.297272,22.041588,22.024513,22.092789,21.836411,21.904861,21.853539,21.887764,21.802162,21.699318,21.819290,21.921967,21.870644,21.853539,21.973259,22.007431,22.041588,22.007431,21.990349,21.853539,21.887764,21.921967,21.870644,21.767891,21.750755,21.647850,21.750755,21.887764,21.802162,21.819290,21.819290,21.510414,21.630684,21.819290,21.733620,21.699318,21.767891,21.579163,21.716469,21.767891,21.819290,21.682167,21.613518,21.579163,21.458817,21.441612,21.493217,21.561981,21.441612,21.252068,21.544792,21.355507,21.269310,21.338272,21.286568,21.458817,21.441612,21.269310,21.476021,21.579163,21.424393,21.458817,21.441612,21.338272,21.424393,21.286568,21.424393,21.544792,21.355507,21.424393,21.441612,21.321045,21.338272,21.493217,21.424393,21.407181,21.579163,21.665016,21.561981,21.510414,21.510414,21.424393,21.647850,21.561981,21.527603,21.544792,21.389961,21.699318,21.544792,21.458817,21.613518,21.561981,21.493217,21.630684,21.596336,21.458817,21.389961,21.338272,21.458817,21.527603,21.424393,21.441612,21.561981,21.407181,21.630684,21.476021,21.493217,21.561981,21.372734,21.372734,21.561981,21.510414,21.476021,21.510414,21.596336,21.493217,21.561981,21.476021,21.613518,21.527603,21.682167,21.647850,21.733620,21.682167,21.527603,21.424393,21.561981,21.544792,21.596336,21.510414,21.527603,21.355507,21.355507,21.458817,21.579163,21.321045,21.527603,21.441612,21.544792,21.510414,21.665016,21.630684,21.579163,21.716469,21.613518,21.716469,21.750755,21.819290,21.665016,21.613518,21.716469,21.303802,21.716469,21.665016,21.682167,21.665016,21.544792,21.750755,21.716469,21.544792,21.596336,21.699318,21.785027,21.493217,21.647850,21.682167,21.544792,21.579163,21.407181,21.544792,21.338272,21.407181,21.372734,21.321045,21.424393,21.493217,21.389961,21.372734,21.476021,21.165756,21.355507,21.234810,21.217552,21.217552,21.183029,21.096642,21.062057,20.975533,20.819542,20.698021,20.836899,20.628487,20.871582,20.750122,20.784843,20.524055,20.698021,20.871582,20.732758,20.958221,21.062057,20.992851,21.183029,20.975533,21.113914,21.234810,21.096642,21.131203,21.217552,21.303802,21.148476,21.062057,21.217552,20.940895,21.062057,20.871582,21.183029,20.958221,21.079346,20.750122,20.871582,20.906242,20.975533,21.027458,20.992851,20.975533,20.992851,20.836899,21.062057,20.871582,20.871582,20.940895,20.854233,20.871582,20.819542,20.906242,20.732758,20.871582,20.750122,20.698021,20.888908,20.819542,20.645866,20.923576,20.906242,20.698021,20.715385,20.784843,20.802200,20.645866,20.871582,20.663254,20.541473,20.715385,20.628487,20.715385,20.715385,20.576286,20.715385,20.436943,20.611084,20.593697,20.715385,20.471802,20.541473,20.454369,20.524055,20.611084,20.349724,20.367180,20.489220,20.436943,20.576286,20.419502,20.750122,20.715385,20.750122,20.576286,20.732758,20.906242,20.836899,20.819542,20.975533,20.906242,20.888908,21.027458,20.888908,20.906242,21.027458,20.871582,21.183029,20.940895,20.802200,20.906242,20.784843,21.062057,20.975533,20.767487,20.906242,20.767487,20.940895,20.802200,20.854233,20.698021,20.802200,20.750122,20.958221,20.836899,20.628487,20.767487,20.906242,20.854233,20.854233,20.819542,20.871582,20.802200,20.767487,20.732758,20.854233,20.888908,20.767487,20.802200,20.698021,20.767487,20.923576,20.802200,20.992851,20.680634,20.680634,20.836899,20.819542,20.854233,20.836899,20.836899,20.767487,20.836899,20.663254,20.663254,20.680634,20.628487,20.593697,20.436943,20.628487,20.541473,20.593697,20.558884,20.732758,20.680634,20.576286,20.489220,20.541473,20.506645,20.611084,20.715385,20.628487,20.471802,20.489220,20.767487,20.593697,20.558884,20.489220,20.436943,20.611084,20.628487,20.680634,20.663254,20.524055,20.784843,20.836899,20.680634,20.802200,20.576286,20.940895,20.576286,20.698021,20.645866,20.663254,20.698021,20.506645,20.593697,20.698021,20.524055,20.489220,20.367180,20.367180,20.454369,20.489220,20.419502,20.402061,20.279877,20.367180,20.611084,20.489220,20.419502,20.367180,20.349724,20.384621,20.192490,20.314804,20.384621,20.402061,20.314804,20.402061,20.436943,20.489220,20.384621,20.611084,20.506645,20.436943,20.489220,20.471802,20.715385,20.384621,20.454369,20.576286,20.593697,20.576286,20.454369,20.454369,20.209976,20.297348,20.384621,20.209976,19.929733,20.122513,20.332268,20.314804,20.367180,20.384621,20.034943,20.314804,20.174995,20.227455,20.332268,20.402061,20.157509,20.314804,20.349724,20.367180,20.314804,20.314804,20.314804,20.454369,20.262413,20.611084,20.558884,20.524055,20.558884,20.524055,21.044754,20.784843,20.767487,20.836899,20.854233,20.767487,20.645866,20.871582,20.680634,20.871582,20.663254,20.611084,20.680634,20.645866,20.506645,20.663254,20.558884,20.698021,20.645866,20.454369,20.645866,20.506645,20.576286,20.628487,20.541473,20.593697,20.524055,20.628487,20.611084,20.524055,20.611084,20.419502,20.680634,20.489220,20.384621,20.489220,20.471802,20.558884,20.698021,20.541473,20.332268,20.576286,20.524055,20.593697,20.680634,20.628487,20.750122,20.593697,20.611084,20.593697,20.489220,20.541473,20.645866,20.454369,20.384621,20.489220,20.314804,20.454369,20.489220,20.419502,20.052460,20.384621,20.069977,20.174995,20.332268,20.209976,20.367180,20.349724,20.262413,20.332268,20.209976,20.645866,20.332268,20.524055,
20.992851,20.784843,20.663254,20.750122,20.732758,20.784843,20.750122,20.802200,20.663254,20.750122,20.680634,20.663254,20.888908,20.715385,21.131203,21.096642,20.802200,20.958221,20.680634,21.027458,20.836899,21.234810,20.923576,21.131203,21.131203,21.252068,21.113914,21.044754,21.131203,21.338272,21.131203,21.079346,21.338272,21.217552,21.062057,21.131203,21.476021,21.217552,21.389961,21.286568,21.579163,21.389961,21.131203,21.269310,21.113914,21.269310,21.079346,21.131203,20.958221,21.372734,21.165756,21.183029,21.027458,21.165756,21.252068,21.252068,21.217552,21.234810,21.234810,21.165756,21.407181,21.321045,21.113914,21.269310,21.286568,21.338272,21.148476,21.113914,20.940895,21.476021,21.079346,21.183029,21.027458,21.269310,21.165756,21.441612,21.424393,21.493217,21.493217,21.733620,21.699318,21.733620,21.733620,21.716469,21.802162,21.682167,21.630684,21.887764,21.596336,21.767891,21.853539,21.767891,21.682167,21.921967,22.126915,21.887764,22.229179,22.178062,22.092789,22.143959,22.263237,22.535133,22.075729,22.433289,22.586006,22.399300,22.365303,22.331291,22.399300,22.586006,22.365303,22.467247,22.331291,22.365303,22.382309,22.450264,22.348305,22.161018,22.280251,22.143959,21.956161,22.195107,21.956161,21.904861,21.921967,21.870644,21.904861,21.990349,21.716469,21.836411,21.887764,21.904861,22.092789,22.109856,21.956161,22.109856,21.904861,21.904861,21.939064,22.041588,21.836411,21.819290,21.647850,21.716469,21.785027,21.630684,21.802162,21.596336,21.716469,21.767891,21.561981,21.699318,21.665016,21.579163,21.785027,21.836411,21.716469,21.699318,21.596336,21.544792,21.647850,21.699318,21.544792,21.682167,21.321045,21.355507,21.527603,21.407181,21.269310,21.321045,21.458817,21.355507,21.303802,21.424393,21.372734,21.441612,21.407181,21.321045,21.372734,21.389961,21.338272,21.476021,21.476021,21.407181,21.441612,21.493217,21.389961,21.441612,21.407181,21.389961,21.286568,21.372734,21.561981,21.441612,21.458817,21.527603,21.458817,21.389961,21.493217,21.510414,21.321045,21.476021,21.561981,21.476021,21.596336,21.424393,21.441612,21.338272,21.493217,21.561981,21.493217,21.407181,21.441612,21.544792,21.458817,21.476021,21.527603,21.441612,21.527603,21.527603,21.407181,21.544792,21.493217,21.389961,21.441612,21.476021,21.510414,21.424393,21.355507,21.493217,21.596336,21.561981,21.476021,21.682167,21.544792,21.596336,21.510414,21.630684,21.630684,21.596336,21.510414,21.579163,21.544792,21.579163,21.407181,21.493217,21.407181,21.493217,21.424393,21.458817,21.458817,21.527603,21.407181,21.476021,21.407181,21.596336,21.733620,21.647850,21.767891,21.785027,21.716469,21.579163,21.887764,21.853539,21.836411,21.733620,21.853539,21.853539,21.561981,21.665016,21.527603,21.630684,21.819290,21.819290,21.510414,21.853539,21.665016,21.665016,21.441612,21.647850,21.802162,21.682167,21.441612,21.561981,21.544792,21.647850,21.544792,21.355507,21.561981,21.424393,21.544792,21.389961,21.493217,21.269310,21.579163,21.458817,21.389961,21.424393,21.286568,21.389961,21.217552,21.183029,21.321045,21.338272,20.906242,20.888908,20.732758,20.940895,20.854233,20.732758,20.750122,20.732758,20.715385,20.767487,20.819542,20.680634,20.992851,20.854233,21.027458,21.217552,21.113914,21.217552,21.148476,21.234810,21.252068,21.269310,21.165756,21.269310,21.252068,21.183029,21.217552,21.062057,21.200287,21.131203,21.200287,21.113914,21.062057,21.010155,21.131203,21.044754,20.958221,20.975533,20.940895,21.079346,20.923576,20.888908,20.836899,21.010155,20.836899,21.010155,20.940895,20.767487,20.888908,20.750122,20.750122,20.732758,20.819542,20.854233,20.732758,21.079346,20.698021,20.958221,20.784843,20.871582,20.645866,20.767487,20.819542,20.940895,20.645866,20.698021,20.680634,20.680634,20.732758,20.680634,20.576286,20.558884,20.576286,20.576286,20.802200,20.611084,20.576286,20.732758,20.680634,20.593697,20.593697,20.471802,20.349724,20.750122,20.645866,20.767487,20.715385,20.611084,20.611084,20.854233,20.750122,20.854233,20.854233,20.802200,20.975533,21.079346,20.888908,21.062057,20.750122,21.044754,20.958221,21.269310,20.923576,21.079346,21.062057,21.096642,20.940895,20.802200,20.871582,20.992851,20.923576,21.027458,20.854233,20.871582,20.940895,20.854233,20.958221,20.992851,21.027458,20.854233,20.871582,20.906242,20.940895,20.992851,20.750122,20.958221,20.888908,20.802200,20.698021,21.027458,20.784843,20.888908,20.854233,20.871582,20.750122,20.819542,21.027458,20.906242,20.871582,20.992851,20.767487,21.062057,20.958221,20.940895,20.958221,20.923576,20.871582,20.871582,20.871582,20.680634,20.541473,20.732758,20.558884,20.663254,20.628487,20.836899,20.854233,20.628487,20.802200,20.593697,20.663254,20.663254,20.628487,20.628487,20.611084,20.628487,20.680634,20.541473,20.611084,20.750122,20.576286,20.593697,20.558884,20.541473,20.506645,20.680634,20.836899,20.558884,20.524055,20.732758,20.732758,20.802200,20.750122,20.489220,20.819542,20.732758,20.784843,20.645866,20.784843,20.784843,20.524055,20.558884,20.471802,20.558884,20.836899,20.454369,20.576286,20.593697,20.524055,20.541473,20.576286,20.663254,20.628487,20.524055,20.436943,20.489220,20.454369,20.506645,20.436943,20.454369,20.541473,20.332268,20.558884,20.524055,20.332268,20.506645,20.367180,20.454369,20.663254,20.489220,20.471802,20.297348,20.489220,20.767487,20.645866,20.524055,20.715385,20.698021,20.576286,20.367180,20.471802,20.593697,20.471802,20.506645,20.958221,20.436943,20.349724,20.367180,20.558884,20.297348,20.122513,20.384621,20.209976,20.419502,20.558884,20.645866,20.471802,20.489220,20.402061,20.402061,20.384621,20.489220,20.244934,20.558884,20.419502,20.419502,20.349724,20.506645,20.349724,20.541473,20.698021,20.975533,20.663254,20.698021,20.888908,20.628487,20.524055,20.923576,20.819542,20.888908,20.819542,20.854233,20.784843,20.524055,20.506645,20.750122,20.698021,20.471802,20.819542,20.576286,20.524055,20.506645,20.297348,20.244934,20.576286,20.767487,20.663254,20.436943,20.541473,20.541473,20.506645,20.262413,20.558884,20.436943,20.367180,20.489220,20.489220,20.541473,20.541473,20.402061,20.541473,20.489220,20.680634,20.558884,20.663254,20.593697,20.663254,20.663254,20.593697,20.698021,20.524055,20.784843,20.506645,20.262413,20.209976,20.349724,20.349724,20.367180,20.209976,20.489220,20.279877,20.314804,20.524055,20.332268,20.471802,20.227455,20.349724,20.140007,20.279877,20.314804,20.332268,20.524055,20.122513,20.402061,20.349724,20.558884,
21.148476,20.975533,20.802200,20.784843,20.836899,21.113914,20.854233,20.819542,21.027458,20.975533,20.767487,20.680634,20.975533,20.836899,20.975533,21.217552,21.044754,21.131203,20.906242,21.027458,20.715385,20.906242,21.217552,20.836899,21.303802,21.079346,21.321045,21.062057,21.113914,21.234810,21.286568,21.252068,21.407181,21.441612,21.096642,21.303802,21.269310,21.372734,21.372734,21.269310,21.458817,21.338272,21.252068,21.234810,21.148476,21.269310,21.113914,21.096642,21.096642,21.303802,20.958221,21.096642,21.096642,21.372734,21.527603,21.372734,21.303802,21.355507,21.407181,21.321045,21.113914,21.079346,21.286568,21.372734,21.321045,21.234810,21.200287,21.079346,21.269310,21.217552,21.148476,21.165756,21.217552,20.992851,21.079346,21.389961,21.286568,21.286568,21.407181,21.338272,21.682167,21.579163,21.613518,21.613518,21.716469,21.561981,21.665016,21.682167,21.716469,21.665016,21.579163,21.699318,21.699318,21.853539,22.109856,21.802162,22.143959,22.109856,22.178062,22.263237,22.382309,22.399300,22.433289,22.280251,22.212143,22.416298,22.569054,22.365303,22.246208,22.484222,22.433289,22.467247,22.280251,22.450264,22.161018,22.348305,22.314293,22.178062,22.195107,22.092789,22.092789,21.904861,21.819290,21.716469,21.870644,22.109856,21.973259,21.819290,21.887764,22.109856,22.058662,22.126915,22.075729,22.178062,22.161018,22.109856,22.109856,22.229179,22.007431,22.212143,21.904861,21.939064,21.802162,21.699318,21.630684,21.699318,21.561981,21.407181,21.665016,21.476021,21.665016,21.665016,21.596336,21.647850,21.733620,21.733620,21.699318,21.699318,21.630684,21.527603,21.527603,21.493217,21.510414,21.372734,21.441612,21.424393,21.217552,21.372734,21.269310,21.579163,21.355507,21.476021,21.424393,21.321045,21.493217,21.510414,21.476021,21.630684,21.613518,21.441612,21.355507,21.527603,21.510414,21.389961,21.493217,21.613518,21.286568,21.165756,21.286568,21.338272,21.407181,21.338272,21.303802,21.596336,21.424393,21.510414,21.493217,21.372734,21.355507,21.665016,21.510414,21.476021,21.424393,21.613518,21.476021,21.527603,21.407181,21.527603,21.338272,21.441612,21.493217,21.613518,21.476021,21.596336,21.596336,21.458817,21.458817,21.699318,21.493217,21.630684,21.476021,21.458817,21.682167,21.544792,21.286568,21.458817,21.476021,21.579163,21.527603,21.647850,21.527603,21.527603,21.441612,21.372734,21.527603,21.716469,21.630684,21.493217,21.647850,21.424393,21.389961,21.544792,21.544792,21.493217,21.510414,21.355507,21.441612,21.338272,21.527603,21.544792,21.647850,21.647850,21.458817,21.458817,21.836411,21.613518,21.458817,21.733620,22.024513,21.853539,21.785027,21.750755,21.665016,21.819290,21.887764,21.630684,21.870644,21.887764,21.561981,21.544792,21.819290,21.682167,21.785027,21.767891,21.699318,21.647850,21.802162,21.647850,21.613518,21.785027,21.750755,21.596336,21.596336,21.544792,21.493217,21.802162,21.424393,21.527603,21.441612,21.544792,21.458817,21.355507,21.407181,21.441612,21.613518,21.424393,21.476021,21.527603,21.493217,21.321045,21.321045,21.286568,21.027458,21.252068,20.802200,21.079346,20.958221,20.836899,20.802200,20.767487,20.680634,20.576286,20.836899,20.871582,20.836899,20.958221,20.923576,20.906242,21.165756,21.165756,21.096642,21.252068,21.286568,21.441612,21.234810,21.148476,21.338272,21.338272,21.338272,21.389961,21.131203,21.234810,21.303802,21.217552,21.096642,21.303802,21.148476,21.234810,21.096642,21.217552,21.113914,21.269310,21.131203,21.148476,21.217552,21.165756,20.958221,21.113914,21.131203,20.888908,20.992851,20.992851,20.888908,20.923576,21.044754,20.940895,20.992851,20.975533,20.906242,21.027458,21.044754,20.923576,20.836899,20.958221,20.836899,21.027458,20.871582,20.784843,20.698021,20.611084,20.645866,20.715385,20.593697,20.854233,20.628487,20.663254,20.628487,20.680634,20.732758,20.767487,20.715385,20.784843,20.680634,20.767487,20.784843,20.732758,20.819542,20.802200,20.906242,20.680634,20.923576,20.906242,20.715385,20.871582,20.698021,20.871582,20.715385,20.975533,20.836899,20.871582,21.062057,21.079346,21.062057,21.217552,21.148476,21.200287,21.148476,21.407181,21.200287,21.027458,20.906242,21.062057,21.217552,21.234810,21.010155,21.096642,21.044754,21.044754,21.027458,21.044754,21.252068,21.113914,21.200287,21.062057,21.010155,20.992851,20.923576,21.027458,20.940895,20.819542,20.958221,21.148476,20.854233,21.010155,20.888908,20.958221,20.906242,21.027458,20.906242,21.165756,20.992851,21.113914,20.940895,21.096642,20.992851,21.234810,21.010155,21.062057,20.992851,20.923576,20.923576,20.888908,20.750122,20.975533,20.819542,20.888908,20.888908,20.750122,20.906242,20.802200,20.819542,20.940895,20.836899,20.975533,20.732758,20.888908,20.940895,20.819542,20.732758,20.645866,20.854233,20.698021,20.750122,20.836899,20.663254,20.680634,20.698021,20.802200,20.680634,20.871582,20.750122,20.767487,20.836899,20.958221,20.663254,20.854233,20.906242,20.784843,20.784843,20.784843,20.836899,20.784843,20.802200,20.767487,20.628487,20.663254,20.663254,20.767487,20.645866,20.698021,20.663254,20.698021,20.767487,20.680634,20.558884,20.628487,20.732758,20.663254,20.454369,20.663254,20.836899,20.628487,20.611084,20.680634,20.732758,20.489220,20.558884,20.732758,20.489220,20.663254,20.489220,20.489220,20.611084,20.836899,20.558884,20.871582,20.645866,20.750122,20.611084,20.628487,20.576286,20.698021,20.906242,20.750122,20.663254,20.715385,20.611084,20.454369,20.593697,20.314804,20.506645,20.471802,20.402061,20.524055,20.576286,20.645866,20.419502,20.576286,20.524055,20.732758,20.558884,20.384621,20.611084,20.454369,20.506645,20.157509,20.349724,20.715385,20.767487,20.506645,20.784843,20.593697,20.906242,20.854233,20.645866,20.802200,20.802200,20.906242,20.680634,20.836899,20.680634,20.750122,20.854233,21.096642,20.992851,20.819542,20.732758,20.836899,20.854233,20.663254,20.680634,20.784843,20.767487,20.471802,20.611084,20.506645,20.732758,20.628487,20.663254,20.402061,20.576286,20.698021,20.593697,20.524055,20.784843,20.628487,20.663254,20.680634,20.680634,20.611084,20.384621,20.367180,20.611084,20.645866,20.471802,20.349724,20.750122,20.558884,20.576286,20.698021,20.906242,20.436943,20.698021,20.732758,20.471802,20.593697,20.541473,20.262413,20.402061,20.349724,20.174995,20.506645,20.174995,20.279877,20.349724,20.262413,20.244934,20.174995,20.262413,20.454369,20.279877,19.999893,20.087494,20.192490,20.209976,20.262413,20.419502,20.244934,20.244934,20.436943,
20.871582,20.836899,20.888908,20.923576,20.958221,20.958221,20.593697,21.217552,20.784843,20.645866,20.871582,20.906242,20.784843,20.958221,20.836899,20.958221,21.010155,21.131203,21.148476,21.062057,21.183029,21.200287,21.113914,21.027458,21.355507,21.338272,21.269310,21.165756,21.321045,21.389961,21.200287,21.252068,21.113914,21.200287,21.596336,21.217552,21.200287,21.476021,21.493217,21.527603,21.389961,21.303802,21.286568,21.252068,21.113914,21.217552,21.010155,20.975533,21.079346,21.096642,20.975533,21.044754,20.940895,20.975533,21.148476,21.252068,21.217552,21.303802,21.200287,21.252068,21.148476,21.389961,21.200287,21.321045,21.510414,20.940895,21.079346,21.148476,20.940895,21.183029,21.269310,21.286568,21.131203,21.010155,21.183029,21.579163,21.131203,21.389961,21.321045,21.458817,21.355507,21.510414,21.303802,21.458817,21.561981,21.510414,21.596336,21.613518,21.355507,21.476021,21.699318,21.596336,21.802162,21.716469,21.904861,21.802162,21.870644,21.956161,22.195107,22.212143,22.229179,22.416298,22.365303,22.467247,22.399300,22.399300,22.331291,22.518166,22.365303,22.619896,22.314293,22.450264,22.263237,22.280251,22.382309,22.314293,22.161018,22.161018,22.075729,22.161018,21.990349,21.904861,21.973259,21.939064,21.990349,21.870644,21.802162,22.024513,21.819290,21.990349,21.904861,21.956161,22.024513,21.990349,22.092789,21.956161,22.041588,22.229179,21.921967,22.058662,21.785027,21.819290,21.699318,21.870644,21.836411,21.682167,21.785027,21.476021,21.441612,21.372734,21.596336,21.441612,21.527603,21.596336,21.613518,21.527603,21.647850,21.665016,21.510414,21.596336,21.699318,21.269310,21.476021,21.424393,21.389961,21.579163,21.424393,21.493217,21.338272,21.441612,21.424393,21.493217,21.544792,21.355507,21.372734,21.647850,21.767891,21.389961,21.544792,21.441612,21.561981,21.527603,21.424393,21.441612,21.372734,21.441612,21.372734,21.355507,21.441612,21.424393,21.596336,21.321045,21.458817,21.389961,21.476021,21.476021,21.441612,21.544792,21.476021,21.647850,21.476021,21.544792,21.441612,21.441612,21.544792,21.630684,21.355507,21.527603,21.303802,21.424393,21.476021,21.441612,21.579163,21.682167,21.544792,21.665016,21.441612,21.476021,21.630684,21.544792,21.544792,21.716469,21.407181,21.716469,21.527603,21.527603,21.579163,21.338272,21.579163,21.561981,21.458817,21.510414,21.682167,21.579163,21.579163,21.458817,21.579163,21.630684,21.441612,21.630684,21.527603,21.561981,21.510414,21.424393,21.389961,21.544792,21.321045,21.596336,21.441612,21.321045,21.389961,21.441612,21.441612,21.665016,21.819290,21.785027,21.956161,21.870644,21.682167,21.887764,21.733620,21.887764,21.819290,21.733620,21.836411,21.921967,21.630684,21.939064,21.682167,21.665016,21.527603,21.904861,21.750755,21.647850,21.682167,21.647850,21.733620,21.819290,21.493217,21.767891,21.682167,21.716469,21.493217,21.579163,21.286568,21.544792,21.527603,21.458817,21.458817,21.544792,21.544792,21.493217,21.733620,21.441612,21.441612,21.493217,21.613518,21.716469,21.476021,21.476021,21.458817,21.165756,21.372734,21.079346,21.131203,21.113914,20.906242,20.715385,20.888908,20.698021,20.802200,20.593697,20.593697,20.732758,20.888908,20.802200,21.062057,20.940895,21.096642,21.286568,21.165756,21.424393,21.148476,21.355507,21.441612,21.200287,21.217552,21.493217,21.476021,21.665016,21.338272,21.441612,21.183029,21.303802,21.252068,21.321045,21.389961,21.200287,21.303802,21.407181,21.217552,21.252068,21.234810,21.200287,21.303802,21.079346,21.252068,21.148476,21.303802,21.062057,21.062057,21.062057,21.010155,21.113914,21.062057,21.165756,20.992851,21.079346,20.992851,21.131203,21.062057,20.958221,20.992851,20.958221,20.871582,21.027458,20.940895,21.044754,20.888908,21.027458,20.923576,20.732758,20.940895,20.871582,20.784843,20.819542,20.888908,20.975533,20.854233,20.819542,20.767487,20.819542,20.784843,20.819542,20.698021,20.906242,20.819542,20.906242,20.715385,21.010155,20.732758,20.906242,20.906242,20.975533,20.836899,20.940895,20.888908,21.200287,21.027458,21.010155,21.079346,20.940895,21.027458,21.148476,21.372734,21.096642,21.079346,21.269310,21.217552,21.148476,21.234810,21.113914,21.062057,21.113914,21.183029,21.183029,21.303802,21.113914,21.252068,21.200287,21.183029,21.096642,21.148476,21.113914,21.113914,21.079346,21.165756,21.269310,21.010155,21.183029,21.131203,21.079346,21.079346,21.027458,21.010155,21.027458,21.010155,21.148476,20.975533,21.131203,20.854233,21.044754,20.888908,21.217552,21.062057,21.217552,21.062057,21.062057,21.234810,21.096642,21.062057,20.923576,20.871582,20.802200,20.923576,21.062057,20.784843,20.888908,20.871582,20.888908,20.871582,20.750122,20.923576,20.923576,20.888908,20.819542,20.888908,20.940895,20.663254,20.888908,20.836899,20.854233,20.958221,20.958221,20.784843,20.923576,20.888908,20.906242,20.680634,21.027458,20.680634,20.784843,21.079346,20.975533,20.784843,20.923576,21.096642,20.940895,20.906242,20.680634,20.819542,20.923576,20.524055,20.888908,20.524055,20.819542,20.888908,20.819542,20.784843,20.888908,20.836899,20.698021,20.558884,20.645866,20.628487,20.732758,20.698021,20.784843,20.680634,20.645866,20.732758,20.854233,20.732758,20.750122,20.784843,20.576286,20.802200,20.836899,20.576286,20.628487,20.750122,20.698021,20.784843,20.715385,20.593697,20.611084,20.715385,20.715385,20.750122,20.541473,20.680634,20.750122,20.871582,20.680634,20.558884,20.541473,20.663254,20.384621,20.715385,20.558884,20.698021,20.732758,20.715385,20.663254,20.506645,20.663254,20.471802,20.541473,20.732758,20.680634,20.732758,20.663254,20.402061,20.802200,20.819542,20.732758,20.680634,20.611084,20.471802,20.611084,20.663254,20.715385,20.576286,20.732758,20.715385,21.252068,21.079346,20.802200,20.906242,20.732758,20.854233,20.992851,21.148476,21.062057,21.044754,20.819542,20.871582,20.923576,20.923576,20.558884,20.906242,20.611084,20.732758,20.871582,21.027458,20.888908,20.524055,20.663254,20.854233,20.906242,20.836899,20.819542,20.732758,20.541473,20.802200,20.558884,20.663254,20.611084,20.680634,20.628487,20.593697,20.541473,20.593697,20.524055,20.593697,20.628487,20.645866,20.663254,20.611084,20.593697,20.854233,20.715385,20.906242,20.593697,20.715385,20.715385,20.698021,20.836899,20.402061,20.541473,20.209976,20.227455,20.436943,20.541473,20.593697,20.244934,20.279877,20.332268,20.262413,20.262413,20.332268,20.279877,20.105003,20.297348,20.314804,20.279877,20.087494,20.034943,20.384621,20.140007,
20.819542,20.715385,20.854233,21.062057,21.096642,20.871582,20.906242,20.906242,21.113914,20.784843,20.958221,20.854233,20.958221,21.079346,21.286568,21.096642,21.252068,21.252068,21.148476,21.165756,21.079346,21.217552,21.165756,21.407181,21.234810,21.217552,21.217552,21.234810,21.355507,21.458817,21.372734,21.510414,21.372734,21.544792,21.458817,21.424393,21.458817,21.493217,21.303802,21.493217,21.303802,21.338272,21.338272,21.338272,21.079346,21.027458,21.303802,21.183029,21.113914,21.148476,21.183029,21.096642,21.217552,21.338272,21.027458,21.183029,21.338272,21.441612,21.372734,21.321045,21.113914,21.407181,21.286568,21.079346,21.148476,21.200287,21.372734,21.027458,21.113914,20.871582,21.269310,21.148476,21.079346,21.131203,21.234810,21.217552,21.321045,21.234810,21.286568,21.561981,21.217552,21.269310,21.544792,21.321045,21.458817,21.561981,21.596336,21.596336,21.338272,21.665016,21.665016,21.613518,21.579163,21.836411,21.819290,21.853539,22.075729,22.007431,22.075729,22.161018,22.314293,22.416298,22.399300,22.433289,22.416298,22.484222,22.263237,22.433289,22.586006,22.331291,22.721489,22.467247,22.314293,22.467247,22.314293,22.229179,22.246208,22.092789,22.075729,21.956161,22.246208,22.058662,21.836411,21.939064,22.007431,21.836411,21.802162,22.075729,21.870644,21.973259,22.126915,22.263237,22.109856,22.246208,22.331291,21.990349,22.075729,22.195107,22.195107,21.921967,21.973259,21.699318,21.716469,21.699318,21.699318,21.665016,21.733620,21.613518,21.303802,21.389961,21.596336,21.561981,21.510414,21.647850,21.647850,21.630684,21.682167,21.682167,21.493217,21.510414,21.476021,21.510414,21.441612,21.252068,21.458817,21.493217,21.407181,21.286568,21.407181,21.372734,21.321045,21.561981,21.389961,21.493217,21.510414,21.750755,21.630684,21.476021,21.476021,21.527603,21.510414,21.510414,21.630684,21.665016,21.372734,21.510414,21.561981,21.493217,21.527603,21.493217,21.596336,21.407181,21.338272,21.389961,21.458817,21.424393,21.561981,21.458817,21.493217,21.510414,21.458817,21.441612,21.441612,21.407181,21.510414,21.733620,21.441612,21.424393,21.596336,21.527603,21.647850,21.544792,21.458817,21.596336,21.767891,21.596336,21.682167,21.802162,21.321045,21.596336,21.544792,21.630684,21.596336,21.647850,21.665016,21.441612,21.389961,21.424393,21.458817,21.544792,21.699318,21.613518,21.493217,21.630684,21.527603,21.424393,21.544792,21.716469,21.441612,21.476021,21.303802,21.544792,21.200287,21.424393,21.493217,21.527603,21.252068,21.389961,21.200287,21.458817,21.407181,21.510414,21.682167,21.613518,21.544792,21.785027,21.682167,21.665016,21.870644,21.853539,21.819290,21.785027,21.819290,21.699318,21.973259,21.819290,21.819290,21.682167,21.716469,21.767891,21.510414,21.699318,21.647850,21.802162,21.716469,21.647850,21.802162,21.785027,21.647850,21.579163,21.493217,21.544792,21.441612,21.510414,21.389961,21.527603,21.389961,21.493217,21.165756,21.527603,21.424393,21.476021,21.561981,21.647850,21.441612,21.561981,21.441612,21.355507,21.493217,21.441612,21.321045,21.234810,21.165756,21.131203,21.217552,20.871582,20.958221,20.767487,20.611084,20.750122,20.645866,20.767487,20.628487,20.576286,20.663254,20.541473,20.940895,20.958221,20.992851,21.079346,21.131203,21.183029,21.389961,21.407181,21.458817,21.561981,21.372734,21.510414,21.372734,21.596336,21.424393,21.476021,21.476021,21.510414,21.269310,21.355507,21.269310,21.389961,21.355507,21.476021,21.389961,21.252068,21.355507,21.165756,21.200287,21.252068,21.148476,21.252068,21.200287,21.372734,21.148476,21.234810,21.234810,21.183029,21.234810,21.183029,21.234810,21.217552,21.044754,20.958221,21.010155,21.183029,20.871582,21.044754,20.923576,21.044754,20.940895,20.958221,21.027458,20.923576,20.992851,20.975533,20.975533,20.871582,20.871582,20.854233,20.888908,20.888908,21.062057,20.802200,20.767487,20.923576,21.079346,20.906242,20.888908,20.888908,20.871582,21.044754,21.010155,20.975533,21.113914,21.113914,20.958221,21.338272,20.940895,21.183029,21.027458,21.062057,21.148476,21.096642,21.131203,21.458817,21.183029,21.148476,21.321045,21.338272,21.389961,21.252068,21.286568,21.372734,21.131203,21.252068,21.252068,21.424393,21.269310,21.303802,21.321045,21.027458,21.269310,21.303802,21.010155,21.252068,21.269310,21.355507,21.234810,21.321045,21.131203,21.183029,21.165756,21.234810,21.113914,21.372734,21.148476,21.338272,21.269310,21.372734,20.958221,21.217552,21.010155,21.269310,21.096642,21.234810,21.044754,21.303802,21.044754,21.113914,21.234810,21.200287,21.096642,20.958221,21.113914,21.183029,21.096642,21.096642,20.906242,21.113914,21.062057,21.010155,21.148476,20.923576,20.940895,20.992851,21.131203,21.044754,21.027458,21.010155,20.888908,20.940895,21.010155,20.958221,21.044754,20.836899,20.992851,20.888908,21.044754,20.906242,20.975533,20.923576,21.044754,20.854233,20.888908,21.027458,21.044754,21.148476,21.079346,21.148476,21.010155,21.079346,21.027458,21.269310,21.148476,20.906242,21.062057,20.906242,21.010155,20.784843,20.680634,21.062057,20.767487,20.802200,20.819542,20.906242,20.802200,20.923576,20.854233,20.888908,20.698021,20.593697,20.836899,20.958221,20.819542,20.715385,20.871582,20.732758,20.645866,20.715385,20.871582,20.715385,20.506645,20.906242,20.732758,20.663254,20.871582,20.750122,20.871582,20.871582,20.940895,20.871582,20.888908,20.871582,21.010155,20.784843,20.819542,20.784843,20.992851,20.802200,20.906242,20.836899,20.784843,20.698021,20.871582,20.715385,20.663254,20.784843,20.698021,20.663254,20.645866,20.715385,20.715385,20.663254,20.732758,20.784843,20.680634,20.819542,21.010155,20.750122,20.819542,20.698021,20.854233,20.628487,20.836899,20.958221,21.010155,21.027458,20.940895,20.958221,21.044754,21.010155,21.096642,21.148476,21.096642,20.802200,20.975533,21.165756,21.096642,21.027458,20.906242,20.906242,20.628487,20.871582,20.888908,20.784843,20.715385,20.802200,20.888908,20.767487,20.732758,20.958221,20.819542,21.062057,20.888908,20.906242,20.802200,20.819542,20.802200,20.871582,20.645866,20.940895,20.784843,20.698021,20.715385,20.767487,20.715385,20.680634,20.836899,20.732758,20.940895,20.750122,20.836899,20.888908,20.628487,20.958221,20.836899,20.698021,20.680634,20.802200,20.958221,20.593697,20.680634,20.645866,20.819542,20.628487,20.645866,20.489220,20.680634,20.576286,20.611084,20.524055,20.506645,20.419502,20.314804,20.367180,20.262413,20.314804,20.262413,20.174995,20.436943,20.558884,20.471802,20.541473,
20.992851,20.784843,20.888908,20.906242,20.819542,20.992851,21.062057,20.854233,21.027458,20.958221,20.958221,21.113914,20.975533,21.079346,20.940895,21.131203,21.183029,21.113914,21.234810,21.217552,20.906242,21.217552,21.131203,21.217552,21.407181,21.269310,21.252068,21.286568,21.321045,21.544792,21.113914,21.372734,21.338272,21.493217,21.544792,21.200287,21.407181,21.510414,21.493217,21.630684,21.200287,21.252068,21.389961,21.010155,21.183029,21.183029,21.113914,21.252068,21.044754,21.217552,20.802200,20.992851,21.165756,21.338272,21.424393,21.234810,21.544792,21.234810,21.389961,21.234810,21.217552,21.510414,21.234810,21.217552,21.338272,21.269310,21.183029,21.079346,21.131203,21.286568,21.269310,21.079346,21.321045,21.321045,21.096642,20.975533,21.338272,21.113914,21.355507,21.252068,21.286568,21.183029,21.424393,21.252068,21.217552,21.217552,21.458817,21.355507,21.424393,21.579163,21.355507,21.458817,21.596336,21.750755,21.596336,21.973259,22.058662,21.870644,21.785027,22.161018,22.365303,22.382309,22.331291,22.297272,22.433289,22.586006,22.602951,22.331291,22.569054,22.602951,22.314293,22.365303,22.246208,22.314293,22.161018,22.195107,22.365303,22.280251,22.024513,22.058662,21.870644,21.956161,21.819290,21.853539,21.973259,22.075729,21.802162,22.007431,21.750755,21.887764,22.092789,22.041588,22.041588,22.229179,22.314293,22.246208,22.212143,22.109856,22.024513,22.092789,21.853539,21.853539,21.819290,21.836411,21.750755,21.682167,21.647850,21.458817,21.476021,21.665016,21.527603,21.544792,21.493217,21.579163,21.424393,21.321045,21.458817,21.527603,21.458817,21.458817,21.389961,21.407181,21.544792,21.372734,21.510414,21.183029,21.321045,21.441612,21.234810,21.579163,21.372734,21.527603,21.458817,21.493217,21.493217,21.699318,21.682167,21.699318,21.561981,21.630684,21.355507,21.527603,21.682167,21.407181,21.665016,21.544792,21.458817,21.389961,21.338272,21.355507,21.424393,21.286568,21.424393,21.389961,21.561981,21.579163,21.476021,21.579163,21.665016,21.424393,21.665016,21.579163,21.407181,21.458817,21.630684,21.544792,21.493217,21.424393,21.321045,21.544792,21.286568,21.579163,21.613518,21.630684,21.579163,21.682167,21.561981,21.630684,21.493217,21.544792,21.613518,21.544792,21.561981,21.819290,21.596336,21.767891,21.476021,21.630684,21.424393,21.699318,21.510414,21.458817,21.561981,21.544792,21.476021,21.630684,21.682167,21.389961,21.493217,21.613518,21.252068,21.493217,21.630684,21.389961,21.303802,21.458817,21.355507,21.424393,21.407181,21.338272,21.355507,21.510414,21.544792,21.733620,21.733620,21.853539,21.853539,21.921967,21.802162,21.887764,21.699318,21.990349,21.853539,21.887764,22.041588,21.733620,21.767891,21.665016,21.716469,21.819290,21.699318,21.819290,21.647850,21.458817,21.802162,21.802162,21.699318,21.665016,21.802162,21.527603,21.647850,21.458817,21.493217,21.493217,21.286568,21.424393,21.303802,21.407181,21.699318,21.407181,21.476021,21.389961,21.476021,21.544792,21.493217,21.441612,21.441612,21.647850,21.372734,21.338272,21.424393,21.286568,21.131203,21.044754,21.027458,20.958221,20.836899,20.802200,20.698021,20.558884,20.680634,20.784843,20.784843,20.715385,20.645866,20.628487,20.923576,20.871582,20.992851,21.200287,21.389961,21.389961,21.183029,21.613518,21.561981,21.596336,21.613518,21.527603,21.493217,21.493217,21.647850,21.544792,21.630684,21.441612,21.716469,21.389961,21.441612,21.407181,21.596336,21.407181,21.510414,21.510414,21.476021,21.372734,21.286568,21.286568,21.338272,21.544792,21.355507,21.458817,21.269310,21.234810,21.234810,21.234810,21.131203,21.062057,21.252068,21.113914,21.355507,21.252068,21.200287,21.165756,21.338272,21.200287,21.113914,21.131203,20.958221,20.958221,21.165756,20.923576,21.165756,20.975533,20.958221,21.062057,20.958221,21.079346,20.958221,21.148476,20.940895,21.096642,20.888908,21.148476,20.888908,20.992851,20.854233,21.062057,21.131203,21.096642,20.975533,21.062057,21.096642,21.200287,21.269310,21.131203,21.096642,21.148476,21.234810,21.217552,21.372734,21.424393,21.321045,21.286568,21.303802,21.338272,21.407181,21.561981,21.458817,21.355507,21.321045,21.286568,21.458817,21.217552,21.338272,21.321045,21.424393,21.286568,21.424393,21.113914,21.321045,21.476021,21.321045,21.476021,21.355507,21.407181,21.338272,21.234810,21.269310,21.338272,21.217552,21.407181,21.183029,21.321045,21.234810,21.372734,21.355507,21.338272,21.252068,21.458817,21.407181,21.303802,21.476021,21.441612,21.321045,21.217552,21.303802,21.355507,21.165756,21.252068,21.183029,21.321045,21.338272,21.269310,21.062057,21.113914,21.183029,21.131203,20.871582,21.217552,21.286568,21.252068,21.269310,21.062057,21.062057,21.286568,21.234810,21.286568,21.131203,21.217552,21.286568,21.131203,21.027458,21.096642,21.183029,21.113914,21.010155,21.027458,20.871582,21.044754,21.062057,21.079346,21.131203,21.027458,21.355507,21.062057,21.079346,21.217552,20.923576,21.027458,21.165756,21.044754,21.131203,21.079346,21.165756,21.044754,20.940895,20.940895,20.732758,20.854233,21.010155,21.044754,21.079346,21.010155,20.906242,21.062057,20.854233,20.888908,21.027458,21.027458,20.750122,20.802200,20.992851,21.044754,20.975533,20.940895,20.645866,21.062057,20.871582,20.854233,20.819542,20.888908,20.871582,20.992851,20.732758,21.010155,20.888908,20.923576,21.131203,20.854233,20.715385,20.802200,20.888908,20.888908,20.854233,20.871582,20.732758,20.680634,20.854233,20.628487,20.836899,21.027458,20.698021,20.784843,20.888908,20.802200,20.784843,20.750122,20.663254,20.767487,20.871582,20.628487,20.854233,20.836899,20.958221,20.802200,20.940895,20.871582,20.750122,20.836899,20.958221,21.062057,20.819542,20.992851,20.871582,21.062057,20.871582,20.819542,21.044754,21.096642,21.131203,21.027458,21.200287,21.027458,21.286568,21.096642,21.079346,21.148476,20.802200,20.888908,20.923576,21.079346,20.958221,21.096642,20.628487,21.044754,20.958221,20.992851,21.027458,20.767487,20.802200,20.958221,20.819542,20.802200,20.663254,20.854233,20.698021,20.975533,20.888908,20.732758,21.027458,20.923576,20.576286,20.802200,20.784843,20.923576,20.940895,20.836899,20.732758,20.906242,20.663254,21.027458,20.784843,20.992851,20.906242,20.767487,20.767487,20.854233,20.732758,21.010155,20.593697,20.558884,20.715385,20.611084,20.454369,20.628487,20.611084,20.767487,20.611084,20.576286,20.436943,20.471802,20.698021,20.454369,20.506645,20.471802,20.489220,20.767487,20.611084,20.489220,20.297348,20.541473,
21.113914,20.663254,20.819542,20.698021,20.906242,20.854233,20.784843,20.992851,21.010155,21.010155,20.975533,21.131203,21.148476,21.044754,20.992851,21.407181,21.062057,21.441612,21.148476,21.355507,21.217552,21.527603,21.269310,21.183029,21.544792,21.407181,21.441612,21.269310,21.424393,21.424393,21.596336,21.458817,21.441612,21.561981,21.458817,21.510414,21.630684,21.458817,21.493217,21.321045,21.510414,21.355507,21.252068,21.079346,21.338272,20.940895,21.131203,20.923576,21.027458,20.975533,21.079346,21.217552,21.217552,21.200287,21.183029,21.217552,21.321045,21.303802,21.183029,21.183029,21.372734,21.527603,21.338272,21.458817,21.441612,21.200287,21.510414,21.217552,21.234810,21.027458,21.079346,21.200287,21.131203,21.372734,21.113914,21.096642,21.234810,21.131203,21.217552,21.200287,21.183029,21.321045,21.338272,21.372734,21.355507,21.424393,21.424393,21.493217,21.389961,21.579163,21.647850,21.544792,21.407181,21.716469,21.836411,21.939064,22.007431,22.007431,21.853539,22.212143,22.314293,22.382309,22.297272,22.433289,22.484222,22.636833,22.314293,22.365303,22.501198,22.518166,22.314293,22.382309,22.382309,22.161018,22.331291,22.143959,22.263237,22.109856,22.178062,22.246208,22.229179,21.990349,21.956161,21.853539,22.143959,22.195107,21.887764,21.887764,21.956161,22.092789,22.092789,22.178062,22.092789,22.263237,22.161018,22.467247,22.007431,22.280251,22.126915,22.092789,22.280251,22.092789,21.939064,21.819290,21.665016,21.647850,21.716469,21.596336,21.527603,21.493217,21.458817,21.510414,21.682167,21.527603,21.596336,21.441612,21.596336,21.579163,21.493217,21.407181,21.372734,21.527603,21.338272,21.544792,21.372734,21.441612,21.217552,21.407181,21.527603,21.424393,21.476021,21.510414,21.630684,21.458817,21.441612,21.579163,21.424393,21.389961,21.510414,21.630684,21.596336,21.579163,21.561981,21.544792,21.561981,21.510414,21.579163,21.596336,21.389961,21.321045,21.407181,21.493217,21.424393,21.527603,21.527603,21.579163,21.321045,21.579163,21.407181,21.510414,21.424393,21.338272,21.647850,21.510414,21.561981,21.510414,21.424393,21.579163,21.510414,21.407181,21.561981,21.596336,21.647850,21.716469,21.647850,21.476021,21.647850,21.750755,21.476021,21.647850,21.561981,21.733620,21.579163,21.544792,21.493217,21.579163,21.596336,21.510414,21.596336,21.613518,21.544792,21.647850,21.613518,21.579163,21.458817,21.355507,21.544792,21.458817,21.493217,21.544792,21.493217,21.682167,21.596336,21.510414,21.510414,21.441612,21.303802,21.510414,21.579163,21.407181,21.372734,21.579163,21.613518,21.836411,21.613518,21.887764,21.767891,21.853539,21.921967,21.904861,21.853539,22.007431,21.990349,21.836411,21.853539,21.887764,21.630684,22.041588,21.785027,21.716469,21.750755,21.733620,21.750755,21.733620,21.785027,21.493217,21.630684,21.579163,21.733620,21.716469,21.647850,21.579163,21.579163,21.372734,21.510414,21.372734,21.355507,21.458817,21.458817,21.252068,21.441612,21.647850,21.596336,21.441612,21.355507,21.389961,21.561981,21.303802,21.493217,21.510414,21.441612,21.183029,21.165756,21.165756,21.079346,20.906242,20.819542,20.784843,20.611084,20.732758,20.871582,20.593697,20.645866,20.767487,20.558884,20.750122,21.027458,20.923576,21.027458,21.010155,21.200287,21.303802,21.476021,21.269310,21.544792,21.458817,21.596336,21.527603,21.424393,21.544792,21.424393,21.544792,21.682167,21.424393,21.630684,21.476021,21.544792,21.630684,21.527603,21.596336,21.544792,21.596336,21.458817,21.476021,21.321045,21.407181,21.355507,21.286568,21.355507,21.476021,21.131203,21.355507,21.338272,21.338272,21.303802,21.217552,21.217552,21.148476,21.407181,21.200287,21.303802,21.148476,21.131203,21.096642,21.234810,21.079346,21.321045,21.113914,21.096642,21.183029,21.131203,21.079346,21.131203,21.096642,20.906242,21.096642,21.062057,21.131203,20.992851,21.131203,20.871582,21.234810,21.079346,21.286568,21.010155,21.044754,21.148476,21.062057,21.079346,21.183029,21.165756,21.010155,21.027458,21.303802,21.234810,21.286568,21.269310,21.338272,21.200287,21.321045,21.234810,21.476021,21.441612,21.458817,21.407181,21.321045,21.389961,21.303802,21.458817,21.355507,21.372734,21.493217,21.510414,21.338272,21.510414,21.286568,21.165756,21.252068,21.389961,21.407181,21.424393,21.441612,21.355507,21.338272,21.493217,21.372734,21.493217,21.338272,21.252068,21.338272,21.234810,21.458817,21.286568,21.424393,21.407181,21.372734,21.389961,21.527603,21.355507,21.510414,21.372734,21.355507,21.424393,21.441612,21.355507,21.441612,21.303802,21.303802,21.217552,21.131203,21.234810,21.148476,21.165756,21.303802,21.389961,21.269310,21.200287,21.269310,21.407181,21.303802,21.165756,21.355507,20.992851,21.458817,21.234810,21.148476,21.217552,21.200287,21.096642,21.372734,21.252068,21.200287,21.424393,21.252068,21.183029,21.113914,21.303802,21.200287,21.286568,21.217552,21.217552,21.234810,21.096642,21.131203,21.338272,21.269310,21.269310,21.286568,21.183029,21.200287,21.217552,21.200287,21.252068,21.044754,21.010155,21.165756,21.165756,21.096642,21.165756,21.096642,21.010155,21.131203,21.200287,21.269310,21.044754,20.958221,21.113914,21.096642,20.888908,20.923576,21.113914,21.044754,20.992851,21.027458,20.906242,21.062057,21.148476,21.027458,21.113914,20.871582,21.044754,21.062057,21.062057,20.888908,21.062057,21.252068,21.131203,21.148476,21.079346,21.079346,21.044754,20.854233,21.062057,21.062057,21.113914,20.888908,20.854233,20.888908,21.044754,20.975533,21.200287,20.923576,20.836899,20.940895,20.958221,21.062057,21.079346,20.871582,20.975533,21.183029,20.906242,20.940895,20.958221,20.975533,21.113914,20.975533,21.010155,21.183029,21.200287,21.010155,20.767487,21.113914,20.750122,21.079346,20.871582,21.079346,21.148476,21.027458,21.044754,21.079346,21.131203,21.338272,21.113914,21.200287,20.940895,21.200287,20.992851,21.096642,20.836899,21.113914,20.958221,21.183029,20.958221,20.698021,20.975533,21.062057,20.767487,20.767487,21.027458,21.010155,20.923576,21.062057,20.940895,20.802200,20.923576,20.836899,20.975533,21.113914,21.165756,21.200287,20.784843,20.802200,20.489220,20.871582,20.750122,20.940895,20.958221,21.062057,20.784843,20.958221,20.923576,21.010155,20.854233,20.888908,21.044754,20.854233,20.767487,20.906242,20.698021,20.663254,20.836899,20.506645,20.802200,20.888908,20.663254,20.593697,20.784843,20.663254,20.506645,20.558884,20.611084,20.628487,20.506645,20.436943,20.471802,20.436943,20.436943,20.419502,20.698021,20.471802,
20.975533,20.940895,20.732758,20.992851,20.888908,21.148476,20.975533,20.975533,20.836899,21.113914,20.906242,21.096642,20.871582,21.217552,21.079346,21.079346,21.269310,21.062057,21.286568,21.096642,21.441612,21.131203,21.131203,21.321045,21.252068,21.458817,21.269310,21.527603,21.458817,21.493217,21.561981,21.682167,21.424393,21.647850,21.665016,21.596336,21.441612,21.458817,21.596336,21.424393,21.458817,21.217552,21.321045,21.424393,20.854233,21.286568,21.010155,20.975533,21.079346,21.183029,21.286568,21.183029,21.096642,21.096642,21.183029,21.217552,21.286568,21.286568,21.510414,21.579163,21.113914,21.424393,21.321045,21.338272,21.286568,21.338272,21.183029,21.286568,21.321045,21.407181,21.269310,21.338272,21.113914,21.096642,21.372734,21.269310,21.269310,21.303802,21.183029,21.338272,21.493217,21.286568,21.441612,21.321045,21.286568,21.493217,21.527603,21.424393,21.372734,21.441612,21.596336,21.613518,21.665016,21.853539,21.887764,21.921967,22.007431,22.109856,22.041588,22.331291,22.143959,22.348305,22.314293,22.484222,22.501198,22.518166,22.297272,22.382309,22.416298,22.518166,22.433289,22.399300,22.314293,22.126915,22.382309,22.467247,22.246208,22.212143,22.161018,22.280251,22.075729,22.109856,21.904861,22.058662,21.973259,22.024513,22.109856,21.973259,22.041588,22.041588,22.007431,22.075729,22.195107,22.280251,22.143959,22.399300,21.939064,22.297272,22.161018,22.331291,22.178062,22.143959,21.990349,21.973259,21.785027,21.527603,21.630684,21.630684,21.561981,21.699318,21.561981,21.561981,21.682167,21.561981,21.647850,21.561981,21.544792,21.682167,21.510414,21.544792,21.544792,21.699318,21.493217,21.476021,21.544792,21.407181,21.476021,21.630684,21.303802,21.579163,21.510414,21.424393,21.699318,21.596336,21.493217,21.699318,21.561981,21.613518,21.647850,21.613518,21.682167,21.682167,21.647850,21.561981,21.527603,21.544792,21.510414,21.458817,21.596336,21.613518,21.613518,21.510414,21.458817,21.527603,21.613518,21.682167,21.613518,21.544792,21.527603,21.476021,21.493217,21.561981,21.493217,21.596336,21.544792,21.699318,21.510414,21.527603,21.613518,21.613518,21.630684,21.579163,21.579163,21.750755,21.716469,21.613518,21.716469,21.647850,21.647850,21.682167,21.785027,21.716469,21.682167,21.665016,21.733620,21.733620,21.647850,21.647850,21.699318,21.493217,21.493217,21.716469,21.544792,21.785027,21.647850,21.613518,21.665016,21.596336,21.596336,21.630684,21.527603,21.527603,21.493217,21.561981,21.441612,21.510414,21.493217,21.441612,21.355507,21.441612,21.579163,21.579163,21.716469,21.887764,21.716469,21.682167,21.939064,21.785027,21.921967,21.870644,21.990349,21.750755,21.802162,21.921967,21.973259,21.819290,21.921967,21.921967,21.904861,21.853539,21.853539,21.887764,21.853539,21.613518,21.682167,21.750755,21.819290,21.665016,21.613518,21.802162,21.716469,21.544792,21.458817,21.407181,21.476021,21.286568,21.355507,21.476021,21.303802,21.355507,21.579163,21.407181,21.372734,21.458817,21.458817,21.561981,21.424393,21.561981,21.303802,21.321045,21.217552,21.234810,21.407181,21.476021,21.183029,20.975533,20.992851,20.871582,20.836899,20.663254,20.471802,20.611084,20.802200,20.576286,20.576286,20.784843,20.906242,20.888908,20.923576,20.992851,21.200287,21.407181,21.510414,21.458817,21.579163,21.579163,21.561981,21.579163,21.561981,21.699318,21.802162,21.699318,21.338272,21.647850,21.665016,21.407181,21.527603,21.527603,21.424393,21.544792,21.527603,21.544792,21.510414,21.561981,21.355507,21.424393,21.234810,21.527603,21.441612,21.217552,21.458817,21.389961,21.269310,21.389961,21.493217,21.338272,21.234810,21.252068,21.234810,21.131203,21.303802,21.252068,21.183029,21.269310,21.200287,21.062057,21.062057,20.992851,21.217552,21.200287,21.113914,21.148476,20.992851,21.113914,21.079346,21.200287,21.131203,21.096642,21.131203,21.079346,21.010155,21.079346,21.165756,21.113914,21.027458,20.992851,21.217552,21.113914,21.200287,21.165756,21.113914,21.234810,21.200287,21.234810,21.510414,21.338272,21.252068,21.269310,21.321045,21.493217,21.510414,21.252068,21.321045,21.355507,21.767891,21.493217,21.389961,21.389961,21.321045,21.321045,21.269310,21.476021,21.561981,21.355507,21.544792,21.441612,21.355507,21.613518,21.441612,21.476021,21.389961,21.630684,21.372734,21.441612,21.458817,21.355507,21.389961,21.338272,21.476021,21.458817,21.338272,21.493217,21.458817,21.527603,21.476021,21.269310,21.458817,21.407181,21.527603,21.355507,21.527603,21.476021,21.338272,21.269310,21.510414,21.389961,21.407181,21.355507,21.389961,21.647850,21.303802,21.476021,21.321045,21.165756,21.321045,21.407181,21.303802,21.355507,21.200287,21.303802,21.510414,21.338272,21.286568,21.407181,21.407181,21.217552,21.269310,21.389961,21.389961,21.355507,21.321045,21.303802,21.269310,21.372734,21.355507,21.252068,21.148476,21.217552,21.389961,21.200287,21.269310,21.200287,21.252068,21.217552,21.424393,21.303802,21.131203,21.286568,21.321045,21.217552,21.234810,21.165756,21.148476,21.252068,21.131203,21.148476,21.027458,21.148476,21.148476,21.476021,21.079346,21.062057,20.958221,21.010155,21.131203,21.252068,21.062057,21.252068,21.044754,21.062057,21.079346,21.044754,21.148476,21.183029,20.923576,21.079346,20.975533,21.131203,21.062057,21.148476,21.079346,21.183029,20.940895,21.010155,21.113914,20.992851,21.010155,21.010155,21.200287,21.131203,21.096642,21.044754,21.010155,20.906242,20.940895,20.992851,21.148476,21.131203,20.871582,21.200287,21.113914,21.113914,21.027458,21.269310,21.321045,21.217552,21.027458,21.183029,21.200287,21.096642,21.165756,21.113914,21.165756,21.217552,21.113914,21.131203,21.062057,20.992851,21.234810,21.165756,21.010155,21.044754,21.269310,21.234810,21.252068,21.148476,21.183029,21.148476,21.200287,21.200287,20.958221,21.217552,21.286568,21.113914,21.234810,21.044754,21.079346,21.131203,20.906242,21.165756,20.940895,21.165756,21.096642,21.217552,21.062057,21.303802,21.234810,20.940895,20.975533,21.303802,20.940895,21.027458,20.992851,21.113914,20.992851,20.992851,21.027458,20.819542,21.027458,21.044754,21.062057,20.906242,20.645866,20.975533,20.958221,20.888908,20.767487,21.148476,21.269310,20.906242,21.217552,21.044754,21.148476,20.992851,20.975533,20.767487,21.131203,20.645866,20.975533,20.732758,20.663254,20.888908,20.645866,20.663254,20.819542,20.767487,20.645866,20.593697,20.715385,20.506645,20.750122,20.593697,20.558884,20.506645,20.558884,20.436943,20.471802,20.888908,20.645866,20.680634,
20.975533,20.819542,20.819542,20.715385,20.871582,20.784843,20.836899,21.062057,20.958221,20.975533,20.854233,20.975533,21.165756,21.131203,21.027458,21.062057,21.062057,21.010155,20.975533,21.217552,21.027458,21.269310,21.355507,21.613518,21.355507,21.441612,21.493217,21.682167,21.372734,21.630684,21.493217,21.682167,21.613518,21.493217,21.596336,21.407181,21.544792,21.476021,21.424393,21.372734,21.321045,21.407181,21.200287,21.355507,21.183029,21.062057,21.148476,20.871582,21.148476,20.992851,21.165756,21.044754,21.269310,21.458817,21.355507,21.476021,21.441612,21.372734,21.303802,21.321045,21.321045,21.441612,21.303802,21.544792,21.527603,21.424393,21.407181,21.338272,21.424393,21.527603,21.252068,21.355507,21.338272,21.269310,21.252068,21.476021,21.303802,21.476021,21.424393,21.355507,21.355507,21.510414,21.647850,21.682167,21.493217,21.424393,21.665016,21.355507,21.699318,21.767891,21.544792,21.665016,21.630684,21.887764,21.921967,21.887764,22.058662,22.297272,22.007431,22.007431,22.416298,22.450264,22.484222,22.619896,22.501198,22.552086,22.704575,22.467247,22.433289,22.263237,22.535133,22.450264,22.467247,22.433289,22.467247,22.399300,22.484222,22.126915,22.092789,22.092789,22.109856,22.229179,22.092789,21.956161,22.126915,22.109856,21.990349,22.092789,22.109856,22.007431,22.161018,22.195107,22.314293,22.212143,22.314293,22.331291,22.280251,22.263237,22.126915,22.246208,22.092789,22.109856,22.075729,22.109856,21.733620,21.836411,21.785027,21.733620,21.904861,21.767891,21.716469,21.733620,21.767891,21.767891,21.647850,21.733620,21.767891,21.699318,21.767891,21.647850,21.613518,21.596336,21.682167,21.561981,21.579163,21.441612,21.544792,21.579163,21.630684,21.596336,21.613518,21.493217,21.579163,21.750755,21.647850,21.682167,21.716469,21.870644,21.733620,21.785027,21.785027,21.682167,21.665016,21.819290,21.613518,21.665016,21.579163,21.647850,21.561981,21.802162,21.716469,21.561981,21.561981,21.476021,21.630684,21.733620,21.647850,21.750755,21.579163,21.733620,21.630684,21.716469,21.699318,21.544792,21.733620,21.613518,21.510414,21.699318,21.527603,21.544792,21.613518,21.750755,21.579163,21.733620,21.665016,21.682167,21.767891,21.904861,21.853539,21.836411,21.750755,21.802162,21.750755,21.716469,21.699318,21.836411,21.904861,21.870644,21.767891,21.733620,21.613518,21.836411,21.853539,21.973259,21.785027,21.733620,21.750755,21.733620,21.682167,21.767891,21.596336,21.733620,21.579163,21.561981,21.665016,21.458817,21.699318,21.630684,21.630684,21.682167,21.647850,21.630684,21.750755,21.767891,21.990349,22.058662,21.921967,21.887764,22.024513,22.075729,22.058662,22.212143,22.058662,22.229179,21.990349,22.007431,21.904861,21.973259,21.802162,21.836411,21.785027,21.785027,21.785027,21.716469,21.802162,21.819290,21.733620,21.716469,21.630684,21.767891,21.630684,21.493217,21.665016,21.424393,21.561981,21.561981,21.527603,21.527603,21.596336,21.355507,21.579163,21.493217,21.338272,21.682167,21.424393,21.579163,21.441612,21.527603,21.372734,21.424393,21.338272,21.424393,21.234810,21.286568,21.113914,21.131203,20.784843,20.715385,20.767487,20.645866,20.506645,20.663254,20.680634,20.836899,20.819542,20.767487,21.062057,21.148476,21.131203,21.027458,21.113914,21.200287,21.321045,21.544792,21.458817,21.647850,21.733620,21.561981,21.441612,21.613518,21.682167,21.716469,21.579163,21.561981,21.630684,21.527603,21.476021,21.458817,21.458817,21.527603,21.647850,21.579163,21.458817,21.544792,21.372734,21.372734,21.596336,21.252068,21.424393,21.372734,21.544792,21.269310,21.355507,21.510414,21.355507,21.286568,21.458817,21.303802,21.165756,21.338272,21.303802,21.303802,21.148476,21.303802,20.923576,21.131203,21.165756,21.148476,21.062057,20.888908,21.113914,21.165756,21.096642,21.217552,21.217552,21.321045,21.183029,21.200287,21.148476,21.044754,20.923576,21.079346,21.217552,21.079346,21.096642,21.165756,21.096642,21.286568,21.165756,21.165756,21.217552,21.113914,21.355507,21.269310,21.355507,21.355507,21.252068,21.321045,21.165756,21.458817,21.355507,21.510414,21.389961,21.389961,21.441612,21.407181,21.165756,21.389961,21.596336,21.407181,21.699318,21.493217,21.561981,21.441612,21.458817,21.441612,21.476021,21.510414,21.441612,21.424393,21.407181,21.493217,21.458817,21.458817,21.561981,21.561981,21.441612,21.458817,21.441612,21.286568,21.269310,21.407181,21.355507,21.544792,21.372734,21.372734,21.527603,21.458817,21.527603,21.561981,21.424393,21.441612,21.372734,21.647850,21.424393,21.458817,21.493217,21.458817,21.389961,21.372734,21.372734,21.441612,21.321045,21.303802,21.424393,21.389961,21.303802,21.424393,21.407181,21.338272,21.269310,21.424393,21.321045,21.286568,21.389961,21.407181,21.389961,21.407181,21.561981,21.441612,21.338272,21.424393,21.321045,21.252068,21.476021,21.458817,21.510414,21.321045,21.372734,21.424393,21.372734,21.407181,21.338272,21.596336,21.286568,21.234810,21.269310,21.148476,21.458817,21.286568,21.113914,21.286568,21.286568,21.372734,21.217552,21.321045,21.131203,21.303802,21.269310,21.407181,21.217552,21.252068,21.183029,21.338272,21.044754,21.062057,21.165756,21.079346,21.217552,21.234810,21.062057,21.321045,21.372734,21.062057,21.010155,21.200287,21.269310,21.200287,21.269310,21.062057,21.355507,21.355507,21.113914,21.079346,21.027458,20.992851,21.234810,21.234810,21.027458,21.148476,21.096642,21.217552,21.079346,21.096642,21.217552,21.062057,21.079346,21.200287,21.131203,21.269310,21.234810,21.010155,21.165756,21.079346,21.148476,21.079346,21.131203,21.096642,21.165756,21.183029,21.252068,21.062057,21.303802,21.389961,21.424393,21.044754,21.286568,21.286568,21.062057,21.389961,21.338272,21.321045,21.372734,21.321045,21.458817,21.269310,21.441612,21.596336,21.200287,21.234810,21.458817,21.200287,21.062057,21.372734,21.200287,21.321045,21.321045,21.303802,21.303802,20.958221,21.200287,21.079346,21.062057,20.975533,21.321045,21.355507,21.010155,21.234810,21.010155,20.975533,21.321045,21.096642,20.923576,21.027458,21.079346,21.044754,21.079346,21.200287,21.269310,21.113914,21.165756,21.183029,20.906242,20.819542,21.200287,21.148476,21.044754,21.027458,20.940895,21.200287,21.286568,21.113914,21.269310,21.217552,21.148476,21.234810,21.010155,21.079346,20.819542,20.923576,20.836899,21.027458,20.940895,20.628487,20.888908,20.906242,20.871582,20.923576,20.419502,20.923576,20.558884,20.767487,21.027458,20.663254,20.680634,20.680634,20.836899,20.611084,20.836899,20.958221,
21.062057,20.836899,20.698021,20.854233,20.906242,21.079346,20.923576,20.871582,20.854233,20.906242,21.044754,20.958221,21.062057,21.096642,21.062057,21.148476,21.062057,21.217552,21.044754,21.372734,21.303802,21.252068,21.165756,21.355507,21.252068,21.441612,21.493217,21.355507,21.113914,21.234810,21.647850,21.527603,21.510414,21.579163,21.630684,21.476021,21.579163,21.458817,21.613518,21.389961,21.407181,21.527603,21.131203,21.234810,21.200287,21.200287,21.044754,21.131203,21.113914,21.079346,20.940895,20.940895,21.079346,21.131203,21.113914,21.252068,21.699318,21.234810,21.424393,21.355507,21.527603,21.389961,21.234810,21.493217,21.527603,21.372734,21.476021,21.355507,21.389961,21.441612,21.234810,21.407181,21.441612,21.441612,21.303802,21.234810,21.321045,21.476021,21.458817,21.424393,21.579163,21.476021,21.217552,21.389961,21.647850,21.476021,21.527603,21.544792,21.493217,21.527603,21.407181,21.544792,21.767891,21.836411,21.665016,21.819290,22.058662,22.024513,22.007431,22.126915,22.280251,22.518166,22.348305,22.433289,22.518166,22.467247,22.467247,22.348305,22.518166,22.365303,22.569054,22.382309,22.229179,22.433289,22.229179,22.467247,22.518166,22.263237,22.229179,22.178062,22.092789,22.024513,21.921967,22.280251,22.058662,22.161018,22.007431,21.990349,21.939064,22.246208,22.109856,22.195107,22.092789,22.178062,22.348305,22.229179,22.365303,22.178062,22.433289,22.229179,22.195107,22.126915,21.870644,22.007431,21.887764,21.802162,21.716469,21.665016,21.579163,21.750755,21.853539,21.733620,21.579163,21.785027,21.716469,21.665016,21.802162,21.921967,21.733620,21.802162,21.733620,21.699318,21.853539,21.733620,21.904861,21.682167,21.544792,21.630684,21.647850,21.716469,21.561981,21.819290,21.733620,21.716469,21.921967,21.699318,21.544792,21.579163,21.990349,21.836411,21.665016,21.767891,21.802162,21.904861,21.767891,21.921967,21.665016,21.699318,21.510414,21.716469,21.853539,21.579163,21.630684,21.733620,21.733620,21.682167,21.630684,21.836411,21.733620,21.819290,21.802162,21.887764,21.733620,21.699318,21.665016,21.699318,21.579163,21.802162,21.630684,21.785027,21.853539,21.887764,21.802162,21.973259,21.767891,21.887764,21.716469,21.870644,21.870644,21.767891,21.767891,21.853539,21.802162,21.767891,21.921967,21.785027,21.921967,21.785027,21.699318,21.836411,21.750755,21.682167,21.870644,21.682167,21.733620,21.767891,21.733620,21.973259,21.647850,21.802162,21.630684,21.802162,21.956161,21.699318,21.699318,21.733620,21.716469,21.716469,21.939064,21.699318,21.819290,21.802162,21.733620,21.853539,21.870644,21.853539,22.229179,22.024513,22.041588,22.212143,22.109856,22.024513,21.990349,22.024513,22.075729,22.178062,21.853539,21.973259,22.007431,21.956161,21.956161,21.802162,21.870644,21.733620,21.990349,21.921967,21.716469,21.647850,21.630684,21.836411,21.682167,21.819290,21.665016,21.458817,21.458817,21.510414,21.493217,21.613518,21.476021,21.424393,21.527603,21.424393,21.561981,21.407181,21.647850,21.630684,21.510414,21.647850,21.527603,21.458817,21.234810,21.424393,21.252068,21.217552,21.303802,21.286568,20.992851,20.940895,20.732758,20.715385,20.767487,20.628487,20.680634,20.611084,20.680634,20.802200,20.871582,20.871582,21.165756,21.096642,21.131203,21.321045,21.165756,21.441612,21.544792,21.613518,21.630684,21.716469,21.527603,21.544792,21.579163,21.904861,21.579163,21.733620,21.579163,21.424393,21.630684,21.665016,21.510414,21.561981,21.424393,21.647850,21.561981,21.544792,21.424393,21.476021,21.372734,21.372734,21.647850,21.407181,21.321045,21.286568,21.217552,21.441612,21.252068,21.303802,21.355507,21.407181,21.234810,21.200287,21.096642,21.269310,21.027458,21.303802,21.234810,21.131203,21.269310,21.200287,21.286568,21.183029,21.183029,21.200287,21.131203,21.079346,21.200287,21.183029,21.303802,21.096642,21.113914,21.131203,21.062057,21.113914,21.131203,21.131203,21.183029,21.148476,21.252068,21.183029,21.200287,21.165756,21.338272,21.183029,21.286568,21.200287,21.252068,21.355507,21.389961,21.424393,21.372734,21.269310,21.321045,21.355507,21.183029,21.338272,21.424393,21.458817,21.424393,21.527603,21.596336,21.407181,21.458817,21.510414,21.458817,21.476021,21.389961,21.355507,21.510414,21.527603,21.510414,21.321045,21.596336,21.544792,21.544792,21.321045,21.561981,21.476021,21.407181,21.527603,21.493217,21.613518,21.476021,21.355507,21.561981,21.596336,21.527603,21.579163,21.476021,21.647850,21.372734,21.441612,21.407181,21.613518,21.613518,21.493217,21.389961,21.579163,21.252068,21.441612,21.234810,21.493217,21.630684,21.424393,21.441612,21.527603,21.217552,21.252068,21.407181,21.476021,21.338272,21.458817,21.407181,21.544792,21.544792,21.321045,21.424393,21.458817,21.355507,21.355507,21.407181,21.389961,21.372734,21.372734,21.544792,21.407181,21.407181,21.372734,21.493217,21.458817,21.458817,21.596336,21.303802,21.476021,21.269310,21.269310,21.303802,21.372734,21.372734,21.510414,21.269310,21.321045,21.338272,21.113914,21.027458,21.148476,21.355507,21.165756,21.286568,21.234810,21.338272,21.252068,21.079346,21.441612,21.044754,21.269310,21.252068,21.355507,21.321045,21.303802,21.183029,21.269310,21.303802,21.389961,21.148476,21.389961,21.200287,21.303802,21.269310,21.269310,21.252068,21.269310,21.165756,21.269310,21.079346,21.269310,21.148476,21.355507,21.113914,21.234810,21.183029,21.079346,21.148476,21.165756,21.113914,21.217552,21.286568,21.303802,21.131203,21.200287,21.183029,21.579163,21.303802,21.096642,21.269310,21.252068,21.286568,21.200287,20.992851,21.252068,21.269310,21.389961,21.355507,21.131203,21.183029,21.303802,21.131203,21.286568,21.200287,21.148476,21.321045,21.165756,21.252068,21.303802,21.234810,21.321045,21.424393,21.217552,21.286568,21.096642,21.544792,21.389961,21.372734,21.424393,21.372734,21.131203,21.165756,21.269310,21.148476,21.338272,21.113914,21.131203,21.321045,21.183029,21.027458,21.234810,21.286568,21.424393,21.286568,21.079346,21.234810,21.200287,21.252068,21.200287,21.200287,21.234810,21.113914,21.165756,21.217552,21.096642,21.027458,21.044754,21.148476,21.044754,21.165756,21.096642,21.200287,21.027458,20.940895,21.286568,21.183029,20.940895,21.165756,21.183029,21.303802,21.079346,21.096642,21.010155,20.802200,21.113914,21.062057,21.010155,21.148476,21.113914,20.871582,21.044754,20.715385,21.062057,20.784843,20.767487,20.958221,21.113914,20.871582,20.663254,20.698021,20.871582,20.732758,20.975533,20.836899,20.715385,20.906242,20.992851,
20.871582,20.732758,20.888908,20.698021,20.767487,20.923576,20.836899,20.958221,20.767487,20.906242,21.165756,20.819542,21.096642,21.027458,21.044754,21.010155,21.027458,21.183029,21.200287,21.234810,21.010155,21.234810,21.217552,21.131203,21.355507,21.441612,21.234810,21.355507,21.389961,21.389961,21.286568,21.493217,21.372734,21.527603,21.716469,21.613518,21.458817,21.665016,21.389961,21.407181,21.303802,21.321045,21.165756,21.113914,20.992851,21.079346,21.044754,21.010155,20.819542,21.044754,20.975533,21.234810,21.148476,21.234810,21.234810,21.165756,21.200287,21.234810,21.234810,21.286568,21.321045,21.338272,21.338272,21.561981,21.424393,21.234810,21.338272,21.338272,21.234810,21.407181,21.441612,21.183029,21.217552,21.493217,21.493217,20.992851,21.458817,21.476021,21.510414,21.596336,21.458817,21.647850,21.613518,21.510414,21.561981,21.476021,21.544792,21.527603,21.613518,21.750755,21.458817,21.733620,21.596336,21.647850,21.870644,22.143959,21.802162,22.041588,22.212143,22.161018,22.348305,22.484222,22.195107,22.365303,22.586006,22.535133,22.484222,22.399300,22.484222,22.126915,22.399300,22.467247,22.280251,22.365303,22.501198,22.569054,22.416298,22.297272,22.467247,22.229179,22.195107,22.178062,22.126915,22.058662,22.195107,22.161018,22.195107,22.143959,21.939064,22.092789,22.126915,22.195107,22.331291,22.399300,22.212143,22.126915,22.331291,22.297272,22.280251,22.143959,22.143959,21.956161,21.990349,22.212143,21.853539,21.904861,21.802162,21.630684,21.785027,21.750755,21.921967,21.836411,22.024513,21.647850,21.853539,21.750755,21.836411,21.853539,21.819290,21.785027,21.750755,21.819290,21.785027,21.887764,21.785027,21.630684,21.665016,21.819290,21.716469,21.767891,21.802162,21.733620,21.870644,21.682167,21.802162,21.699318,21.836411,21.836411,21.836411,21.785027,21.802162,21.939064,21.870644,21.990349,21.665016,21.802162,21.716469,21.802162,21.785027,21.699318,21.853539,21.750755,21.665016,21.802162,21.596336,21.733620,21.836411,21.904861,21.819290,21.973259,21.887764,21.802162,21.613518,21.819290,21.836411,21.802162,21.699318,21.699318,21.665016,21.699318,21.802162,21.767891,21.904861,21.853539,21.990349,22.024513,21.939064,21.939064,21.836411,22.058662,21.956161,21.870644,22.058662,21.973259,21.767891,21.887764,21.904861,21.904861,21.716469,21.887764,21.870644,21.870644,21.853539,21.956161,21.921967,21.836411,21.750755,21.887764,21.716469,21.904861,21.921967,21.870644,21.819290,21.956161,21.819290,21.836411,21.836411,21.665016,21.956161,21.682167,21.921967,21.716469,21.956161,21.956161,22.143959,22.075729,21.990349,22.041588,22.109856,21.853539,21.921967,22.246208,22.092789,22.092789,22.109856,22.143959,22.092789,22.024513,21.785027,21.939064,21.956161,21.956161,22.007431,21.973259,21.990349,21.836411,22.007431,22.041588,21.802162,21.802162,21.665016,21.921967,21.767891,21.493217,21.596336,21.596336,21.613518,21.355507,21.510414,21.544792,21.630684,21.424393,21.613518,21.819290,21.579163,21.767891,21.630684,21.458817,21.527603,21.252068,21.062057,21.321045,21.148476,21.234810,21.131203,21.010155,20.784843,20.836899,20.767487,20.854233,20.558884,20.715385,20.715385,20.698021,20.732758,20.836899,20.611084,21.096642,21.183029,21.096642,21.286568,21.269310,21.269310,21.338272,21.544792,21.544792,21.613518,21.819290,21.699318,21.665016,21.630684,21.630684,21.579163,21.510414,21.544792,21.647850,21.372734,21.407181,21.596336,21.424393,21.407181,21.699318,21.613518,21.441612,21.338272,21.372734,21.458817,21.200287,21.441612,21.407181,21.183029,21.079346,21.252068,21.269310,21.252068,21.217552,21.252068,21.303802,21.217552,21.234810,21.096642,21.148476,21.131203,21.148476,21.217552,21.113914,21.113914,21.303802,21.044754,21.269310,20.888908,21.096642,21.096642,21.200287,21.010155,21.131203,21.200287,21.217552,21.096642,21.079346,21.044754,21.062057,21.200287,21.148476,21.044754,21.096642,21.165756,21.183029,21.200287,21.252068,21.096642,21.234810,21.252068,21.372734,21.200287,21.131203,21.286568,21.510414,21.407181,21.269310,21.269310,21.372734,21.338272,21.234810,21.527603,21.510414,21.493217,21.372734,21.372734,21.321045,21.476021,21.338272,21.441612,21.476021,21.630684,21.424393,21.579163,21.389961,21.476021,21.527603,21.544792,21.716469,21.579163,21.458817,21.441612,21.424393,21.476021,21.269310,21.493217,21.321045,21.458817,21.407181,21.441612,21.355507,21.836411,21.493217,21.338272,21.510414,21.476021,21.493217,21.579163,21.458817,21.476021,21.579163,21.407181,21.493217,21.458817,21.527603,21.269310,21.355507,21.407181,21.510414,21.561981,21.493217,21.286568,21.338272,21.424393,21.389961,21.338272,21.493217,21.321045,21.493217,21.527603,21.389961,21.441612,21.252068,21.303802,21.630684,21.355507,21.561981,21.424393,21.596336,21.286568,21.424393,21.510414,21.476021,21.252068,21.579163,21.321045,21.510414,21.579163,21.372734,21.338272,21.441612,21.579163,21.441612,21.389961,21.338272,21.458817,21.303802,21.303802,21.510414,21.303802,21.458817,21.321045,21.321045,21.252068,21.355507,21.234810,21.441612,21.131203,21.372734,21.252068,20.975533,21.338272,21.407181,21.131203,21.303802,21.389961,21.200287,21.303802,21.338272,21.303802,21.355507,21.441612,21.269310,21.183029,21.234810,21.217552,21.269310,21.476021,21.113914,21.200287,21.200287,21.321045,21.355507,21.165756,21.355507,21.286568,21.286568,21.338272,21.252068,21.269310,21.234810,21.407181,21.148476,21.113914,21.321045,21.096642,21.234810,21.338272,21.234810,21.027458,21.458817,21.234810,21.286568,21.010155,21.303802,21.217552,21.493217,21.269310,21.286568,21.252068,21.338272,21.165756,21.389961,21.252068,21.269310,21.286568,21.131203,21.321045,21.321045,21.131203,21.476021,21.286568,21.476021,21.303802,21.321045,21.183029,21.441612,21.355507,21.441612,21.355507,21.510414,21.303802,21.355507,21.303802,21.217552,21.079346,21.217552,21.131203,21.321045,21.303802,21.458817,21.286568,21.355507,21.338272,21.355507,21.286568,21.096642,21.062057,21.338272,21.303802,21.234810,21.131203,21.113914,21.113914,21.113914,21.303802,21.183029,21.200287,21.338272,21.338272,21.062057,21.165756,21.131203,21.183029,21.252068,21.010155,21.062057,21.027458,21.113914,21.148476,21.096642,21.044754,21.044754,21.096642,20.923576,21.010155,21.338272,21.113914,20.923576,20.836899,20.784843,20.923576,20.854233,21.027458,20.836899,21.027458,20.836899,20.715385,20.836899,20.750122,20.940895,20.958221,20.593697,20.663254,20.680634,20.888908,20.992851,
20.645866,20.750122,20.698021,20.611084,20.541473,20.524055,20.784843,20.767487,20.923576,20.958221,20.715385,20.940895,20.906242,21.113914,21.113914,20.888908,20.975533,21.027458,21.044754,21.010155,21.044754,21.113914,21.234810,21.165756,21.252068,21.389961,21.183029,21.458817,21.148476,21.527603,21.286568,21.510414,21.338272,21.389961,21.458817,21.458817,21.544792,21.527603,21.355507,21.321045,21.079346,21.286568,21.252068,21.200287,21.010155,20.802200,21.079346,20.767487,20.802200,20.992851,20.767487,20.906242,20.750122,20.992851,20.906242,21.131203,21.252068,21.113914,21.234810,21.355507,21.096642,21.217552,21.338272,21.338272,21.389961,21.165756,21.183029,21.113914,21.131203,21.441612,21.200287,21.372734,21.234810,21.407181,21.131203,21.407181,21.389961,21.338272,21.493217,21.510414,21.407181,21.389961,21.544792,21.630684,21.321045,21.527603,21.561981,21.527603,21.596336,21.544792,21.441612,21.802162,21.596336,21.630684,21.802162,21.836411,22.075729,21.973259,21.819290,22.161018,22.399300,22.314293,22.212143,22.552086,22.450264,22.348305,22.126915,22.331291,22.416298,22.433289,22.365303,22.314293,22.348305,22.416298,22.229179,22.569054,22.467247,22.365303,22.450264,22.467247,22.092789,22.092789,22.195107,22.297272,22.246208,22.041588,22.143959,22.195107,22.109856,22.109856,22.195107,22.126915,22.399300,22.161018,22.212143,22.331291,22.365303,22.212143,22.229179,22.297272,22.263237,22.109856,22.058662,21.990349,21.973259,21.870644,22.007431,21.973259,21.956161,21.802162,21.785027,21.956161,21.750755,21.939064,21.956161,22.058662,21.819290,21.785027,21.819290,21.870644,21.853539,21.836411,21.939064,21.870644,21.870644,21.904861,21.853539,21.819290,21.665016,21.682167,21.956161,21.904861,21.802162,21.750755,21.887764,21.921967,21.733620,22.007431,21.853539,21.819290,22.041588,21.990349,21.921967,21.904861,21.904861,21.956161,21.870644,21.767891,21.750755,21.750755,21.990349,21.647850,21.921967,21.904861,21.853539,22.007431,21.853539,21.973259,21.785027,21.973259,21.750755,22.058662,21.819290,21.802162,21.802162,21.853539,21.973259,21.973259,21.939064,22.058662,21.973259,22.212143,21.785027,21.853539,21.956161,21.887764,21.870644,22.024513,22.075729,22.007431,21.939064,21.939064,21.939064,22.024513,22.007431,21.956161,22.024513,21.819290,21.956161,22.092789,21.956161,21.939064,21.973259,22.041588,21.870644,21.870644,21.921967,21.990349,22.075729,21.973259,21.990349,22.092789,21.990349,21.904861,22.024513,21.939064,21.973259,21.921967,21.785027,21.802162,21.699318,22.024513,22.075729,22.058662,22.075729,21.939064,22.195107,22.161018,22.143959,21.904861,22.109856,22.331291,22.331291,22.143959,22.263237,22.092789,22.178062,22.161018,22.143959,22.109856,22.109856,22.143959,22.075729,22.109856,22.143959,21.853539,22.109856,21.853539,21.939064,21.836411,22.007431,21.956161,21.441612,21.596336,21.596336,21.613518,21.716469,21.561981,21.407181,21.269310,21.665016,21.510414,21.424393,21.476021,21.458817,21.630684,21.372734,21.544792,21.493217,21.165756,21.269310,21.407181,21.372734,21.372734,21.044754,21.234810,20.906242,20.819542,20.975533,20.819542,20.628487,20.645866,20.611084,20.663254,20.750122,20.871582,20.854233,20.975533,20.992851,21.165756,21.183029,21.338272,21.458817,21.321045,21.561981,21.510414,21.596336,21.476021,21.527603,21.561981,21.596336,21.596336,21.510414,21.596336,21.630684,21.579163,21.303802,21.510414,21.424393,21.389961,21.458817,21.407181,21.510414,21.389961,21.561981,21.544792,21.183029,21.321045,21.441612,21.407181,21.165756,21.234810,21.217552,21.183029,21.252068,21.183029,21.321045,21.148476,21.096642,21.010155,21.010155,21.079346,21.148476,21.286568,20.940895,21.131203,21.027458,21.269310,21.234810,21.131203,21.010155,21.096642,21.079346,21.113914,21.010155,21.183029,20.871582,21.010155,21.113914,21.079346,21.096642,21.131203,21.044754,21.113914,21.113914,21.148476,21.113914,21.096642,21.217552,21.113914,21.269310,21.252068,21.252068,21.062057,21.269310,21.200287,21.269310,21.286568,21.286568,21.217552,21.269310,21.183029,21.234810,21.321045,21.630684,21.389961,21.286568,21.424393,21.269310,21.321045,21.321045,21.355507,21.355507,21.303802,21.527603,21.269310,21.441612,21.407181,21.355507,21.355507,21.458817,21.527603,21.389961,21.458817,21.338272,21.476021,21.113914,21.407181,21.476021,21.441612,21.544792,21.338272,21.372734,21.424393,21.424393,21.527603,21.510414,21.561981,21.338272,21.424393,21.527603,21.200287,21.579163,21.544792,21.321045,21.217552,21.510414,21.527603,21.424393,21.510414,21.458817,21.407181,21.424393,21.544792,21.389961,21.493217,21.234810,21.321045,21.338272,21.493217,21.183029,21.372734,21.321045,21.493217,21.476021,21.493217,21.389961,21.355507,21.579163,21.441612,21.510414,21.355507,21.321045,21.458817,21.407181,21.424393,21.148476,21.389961,21.269310,21.269310,21.338272,21.407181,21.321045,21.286568,21.389961,21.269310,21.372734,21.647850,21.234810,21.303802,21.252068,21.234810,21.355507,21.424393,21.269310,21.424393,21.200287,21.269310,21.113914,21.303802,21.044754,21.044754,21.338272,21.183029,21.165756,21.389961,21.338272,21.148476,21.338272,21.217552,21.113914,21.286568,21.131203,21.355507,21.286568,21.148476,21.234810,21.286568,21.183029,21.389961,21.389961,21.113914,21.252068,21.389961,21.286568,21.234810,21.217552,21.338272,21.321045,21.286568,21.338272,21.234810,21.096642,21.252068,21.062057,21.200287,21.476021,21.355507,21.217552,21.183029,21.303802,21.372734,21.234810,21.441612,21.389961,21.269310,21.252068,21.424393,21.321045,21.252068,21.234810,21.131203,21.234810,21.355507,21.044754,21.407181,21.252068,21.269310,21.493217,21.493217,21.269310,21.338272,21.286568,21.441612,21.458817,21.493217,21.458817,21.165756,21.527603,21.389961,21.493217,21.372734,21.252068,21.407181,21.303802,21.527603,21.441612,21.407181,21.234810,21.286568,21.321045,21.407181,21.355507,21.510414,21.131203,21.165756,21.286568,21.269310,21.355507,21.303802,21.407181,21.458817,21.183029,21.355507,21.338272,21.458817,21.321045,21.355507,21.200287,21.183029,21.338272,21.338272,21.183029,21.269310,21.113914,20.958221,21.389961,21.372734,21.269310,21.200287,21.338272,21.234810,21.303802,21.286568,21.269310,21.355507,21.355507,20.923576,20.975533,21.165756,21.217552,21.252068,20.923576,21.131203,21.062057,20.975533,20.767487,21.183029,20.992851,21.027458,21.027458,20.992851,20.923576,20.906242,20.819542,20.888908,20.732758,20.975533,20.836899,21.096642,
20.698021,20.698021,20.611084,20.784843,20.750122,20.975533,20.698021,20.819542,20.819542,20.663254,20.836899,20.750122,20.888908,20.750122,20.871582,20.784843,20.958221,21.113914,21.148476,21.079346,20.958221,21.321045,21.183029,21.131203,21.303802,21.234810,21.200287,21.234810,21.355507,21.183029,21.252068,21.321045,21.510414,21.476021,21.321045,21.493217,21.286568,21.476021,21.165756,21.476021,21.183029,21.010155,21.286568,20.906242,21.113914,21.148476,21.131203,20.680634,20.819542,20.836899,20.784843,21.044754,20.906242,21.131203,21.200287,21.148476,21.269310,21.200287,20.975533,21.355507,21.148476,21.131203,21.217552,21.269310,21.217552,21.407181,21.217552,21.079346,21.234810,21.269310,21.338272,21.234810,21.355507,21.338272,21.234810,21.561981,21.561981,21.665016,21.424393,21.441612,21.561981,21.544792,21.647850,21.561981,21.544792,21.544792,21.441612,21.596336,21.338272,21.682167,21.544792,21.630684,21.596336,21.904861,21.836411,21.887764,21.819290,21.836411,22.126915,22.007431,22.143959,22.195107,22.075729,22.229179,22.178062,22.246208,22.178062,22.126915,22.161018,22.348305,22.280251,22.229179,22.348305,22.484222,22.365303,22.467247,22.297272,22.314293,22.348305,22.450264,22.246208,22.178062,22.092789,22.297272,22.314293,22.161018,22.280251,22.058662,22.007431,22.161018,22.126915,22.297272,22.212143,22.126915,22.297272,22.314293,22.178062,22.280251,22.229179,22.331291,22.263237,22.109856,22.041588,22.161018,21.973259,22.024513,21.853539,22.075729,21.836411,22.007431,22.007431,21.904861,22.041588,21.853539,21.956161,21.973259,21.887764,22.109856,21.990349,22.041588,21.870644,21.939064,21.956161,21.939064,21.921967,21.904861,22.024513,21.819290,21.921967,21.785027,21.887764,21.802162,21.767891,22.007431,21.819290,21.819290,21.853539,22.024513,21.973259,21.819290,21.819290,21.990349,21.887764,21.956161,21.870644,22.024513,21.836411,21.939064,21.716469,21.682167,21.887764,21.921967,21.853539,22.109856,21.921967,22.024513,22.024513,21.870644,21.990349,21.716469,22.007431,22.007431,21.904861,21.990349,21.870644,21.853539,21.836411,21.956161,22.178062,21.956161,21.836411,22.075729,21.990349,21.956161,22.024513,22.348305,21.921967,22.143959,22.195107,22.058662,22.109856,22.109856,22.024513,22.109856,22.007431,22.075729,22.041588,22.075729,21.990349,22.212143,22.041588,22.143959,22.075729,22.092789,21.956161,22.007431,21.887764,21.939064,21.973259,22.126915,22.075729,22.075729,22.007431,22.143959,22.041588,22.058662,22.041588,21.802162,21.973259,21.956161,22.058662,21.956161,22.143959,22.178062,22.246208,22.058662,22.161018,22.161018,22.195107,22.092789,22.297272,22.314293,22.297272,22.229179,22.212143,22.092789,22.212143,22.399300,22.075729,22.229179,22.109856,22.109856,22.075729,22.092789,21.939064,21.939064,22.041588,21.973259,21.767891,21.750755,21.802162,21.544792,21.544792,21.665016,21.476021,21.441612,21.458817,21.476021,21.407181,21.355507,21.493217,21.321045,21.217552,21.458817,21.424393,21.407181,21.441612,21.372734,21.441612,21.286568,21.200287,21.044754,21.148476,21.113914,21.131203,20.888908,20.750122,20.750122,20.611084,20.715385,20.784843,20.593697,20.715385,20.628487,20.698021,20.663254,20.680634,20.854233,20.906242,20.888908,21.113914,21.183029,21.252068,21.372734,21.510414,21.389961,21.407181,21.561981,21.458817,21.613518,21.716469,21.596336,21.544792,21.544792,21.544792,21.389961,21.441612,21.544792,21.510414,21.441612,21.407181,21.424393,21.321045,21.355507,21.286568,21.476021,21.269310,21.338272,21.131203,21.458817,21.252068,21.183029,21.286568,21.252068,21.131203,21.148476,21.096642,21.321045,21.010155,21.148476,20.992851,21.148476,21.010155,20.940895,21.165756,20.992851,21.217552,21.062057,20.992851,20.906242,21.044754,21.044754,21.113914,21.044754,21.044754,20.923576,20.854233,20.923576,21.010155,21.148476,21.044754,20.940895,21.321045,20.854233,21.079346,21.252068,21.010155,21.062057,21.131203,20.940895,21.027458,21.148476,21.200287,21.079346,21.113914,21.303802,21.269310,21.441612,21.200287,21.338272,21.407181,21.131203,21.234810,21.131203,21.252068,21.407181,21.355507,21.096642,21.269310,21.321045,21.286568,21.424393,21.355507,21.389961,21.355507,21.407181,21.338272,21.200287,21.389961,21.286568,21.441612,21.458817,21.458817,21.269310,21.424393,21.424393,21.424393,21.372734,21.458817,21.510414,21.476021,21.372734,21.252068,21.269310,21.493217,21.372734,21.303802,21.424393,21.355507,21.165756,21.303802,21.476021,21.476021,21.355507,21.200287,21.183029,21.372734,21.441612,21.441612,21.234810,21.493217,21.303802,21.165756,21.355507,21.389961,21.321045,21.321045,21.269310,21.183029,21.269310,21.148476,21.355507,21.269310,21.234810,21.252068,21.200287,21.407181,21.217552,21.148476,21.269310,21.372734,21.441612,21.389961,21.458817,21.544792,21.217552,21.217552,21.389961,21.217552,21.303802,21.389961,21.286568,21.321045,21.096642,21.303802,21.338272,21.338272,21.338272,21.252068,21.234810,21.217552,21.165756,20.975533,21.148476,21.113914,21.286568,21.372734,21.269310,21.252068,21.183029,21.321045,21.234810,21.096642,21.269310,21.131203,21.096642,21.441612,21.165756,21.252068,21.476021,21.062057,21.372734,21.217552,21.148476,21.286568,21.079346,21.200287,21.217552,21.252068,21.286568,21.321045,21.286568,21.389961,21.493217,21.389961,21.476021,21.321045,21.165756,21.493217,21.372734,21.338272,21.424393,21.096642,21.372734,21.321045,21.113914,21.286568,21.441612,21.044754,21.217552,21.183029,21.217552,21.321045,21.389961,21.476021,21.338272,21.217552,21.527603,21.372734,21.217552,21.286568,21.355507,21.286568,21.372734,21.286568,21.372734,21.303802,21.424393,21.338272,21.355507,21.389961,21.200287,21.424393,21.321045,21.458817,21.476021,21.372734,21.527603,21.407181,21.493217,21.424393,21.476021,21.389961,21.665016,21.338272,21.544792,21.510414,21.630684,21.424393,21.561981,21.441612,21.286568,21.372734,21.286568,21.321045,21.355507,21.389961,21.252068,21.303802,21.165756,21.303802,21.372734,21.165756,21.217552,21.183029,21.424393,21.200287,21.321045,21.252068,21.286568,21.372734,21.510414,21.338272,21.148476,21.269310,21.321045,21.010155,21.458817,21.493217,21.062057,21.096642,21.217552,21.148476,21.079346,21.303802,21.165756,21.079346,21.252068,21.079346,21.200287,21.234810,21.217552,21.269310,21.044754,21.372734,21.010155,21.044754,21.079346,21.062057,21.044754,20.906242,20.958221,20.784843,21.044754,20.940895,20.871582,20.871582,20.958221,21.217552,20.992851,
20.784843,20.750122,20.593697,20.698021,20.541473,20.680634,20.576286,20.663254,20.489220,20.732758,20.784843,20.854233,20.576286,20.698021,20.680634,20.732758,20.906242,20.940895,20.992851,20.992851,21.338272,21.010155,21.183029,21.234810,21.303802,21.165756,21.269310,21.372734,21.096642,21.510414,21.355507,21.303802,21.269310,21.424393,21.458817,21.527603,21.372734,21.389961,21.355507,21.044754,21.079346,21.079346,20.854233,20.958221,20.819542,20.958221,20.958221,20.906242,20.802200,20.923576,20.819542,20.784843,20.940895,20.836899,21.044754,21.183029,21.096642,21.148476,21.338272,21.062057,21.131203,21.217552,21.131203,21.217552,21.372734,21.269310,21.372734,21.407181,21.148476,21.113914,21.217552,21.234810,21.217552,21.355507,21.407181,21.303802,21.355507,21.458817,21.510414,21.476021,21.561981,21.613518,21.699318,21.544792,21.630684,21.613518,21.338272,21.561981,21.389961,21.665016,21.527603,21.699318,21.579163,21.716469,21.682167,21.785027,21.921967,21.956161,21.785027,21.870644,21.836411,22.263237,21.973259,22.058662,22.024513,22.229179,22.126915,22.178062,22.229179,22.161018,22.195107,22.212143,22.161018,22.229179,22.246208,22.161018,22.382309,22.280251,22.484222,22.229179,22.399300,22.161018,22.195107,22.212143,22.348305,22.178062,22.178062,22.178062,22.229179,22.450264,22.178062,22.246208,22.024513,22.331291,22.263237,22.382309,22.365303,22.280251,22.143959,22.178062,22.161018,22.161018,22.058662,22.075729,22.092789,21.939064,21.973259,22.075729,21.956161,22.058662,22.007431,21.973259,22.143959,22.075729,22.041588,22.075729,22.280251,22.041588,22.178062,22.109856,22.229179,22.058662,22.058662,21.904861,21.990349,21.870644,22.058662,22.058662,21.887764,22.280251,22.007431,22.143959,21.904861,21.904861,21.956161,22.109856,22.126915,22.058662,22.109856,22.007431,22.126915,21.973259,21.819290,21.870644,21.939064,21.939064,22.024513,21.956161,21.853539,22.024513,22.126915,21.990349,22.092789,22.041588,22.126915,22.075729,21.887764,22.143959,22.041588,22.075729,22.195107,22.109856,22.041588,22.024513,22.109856,21.973259,21.921967,22.075729,21.990349,22.058662,22.024513,21.990349,22.416298,22.092789,22.092789,22.229179,22.126915,22.178062,22.143959,22.092789,22.075729,22.212143,22.195107,22.365303,22.075729,22.143959,22.126915,22.263237,22.161018,22.246208,22.263237,22.348305,22.126915,22.297272,22.229179,22.331291,22.126915,22.109856,22.229179,22.092789,22.246208,22.075729,22.212143,22.058662,22.382309,21.973259,22.212143,22.126915,22.143959,22.109856,21.939064,22.143959,22.297272,22.161018,22.229179,22.143959,22.178062,22.382309,22.314293,22.126915,22.007431,22.263237,22.212143,22.348305,22.246208,22.484222,22.229179,22.280251,22.024513,22.126915,22.348305,22.212143,22.092789,22.109856,22.058662,22.109856,21.853539,22.109856,21.956161,21.819290,21.802162,21.613518,21.716469,21.699318,21.613518,21.699318,21.596336,21.493217,21.372734,21.407181,21.303802,21.389961,21.321045,21.372734,21.303802,21.389961,21.269310,21.458817,21.148476,21.286568,21.303802,21.148476,21.165756,20.940895,21.062057,20.923576,20.802200,20.663254,20.802200,20.663254,20.645866,20.506645,20.680634,20.698021,20.854233,20.506645,20.715385,21.044754,21.183029,21.096642,21.010155,21.217552,21.286568,21.527603,21.579163,21.561981,21.389961,21.579163,21.596336,21.493217,21.716469,21.372734,21.510414,21.544792,21.458817,21.458817,21.458817,21.424393,21.424393,21.286568,21.372734,21.252068,21.338272,21.252068,21.493217,21.200287,21.441612,21.269310,21.407181,21.234810,21.183029,21.010155,21.113914,21.010155,21.303802,21.148476,21.010155,21.010155,21.027458,21.113914,21.148476,20.802200,21.079346,20.992851,21.217552,20.958221,21.010155,21.165756,20.940895,21.044754,20.940895,21.062057,20.992851,21.079346,21.096642,20.975533,20.940895,21.010155,20.784843,21.044754,20.940895,20.992851,20.958221,21.131203,20.871582,21.131203,20.992851,20.958221,21.010155,20.992851,21.062057,21.113914,21.044754,20.958221,21.217552,21.113914,21.338272,21.096642,21.200287,21.303802,21.252068,21.148476,21.131203,21.131203,21.321045,21.355507,21.217552,21.269310,21.148476,21.217552,21.321045,21.234810,21.510414,21.303802,21.476021,21.321045,21.286568,21.234810,21.303802,21.303802,21.234810,21.424393,21.458817,21.441612,21.441612,21.544792,21.131203,21.269310,21.441612,21.493217,21.200287,21.286568,21.389961,21.234810,21.303802,21.407181,21.407181,21.286568,21.183029,21.200287,21.372734,21.407181,21.303802,21.355507,21.424393,21.303802,21.217552,21.338272,21.338272,21.113914,21.303802,21.355507,21.286568,21.338272,21.269310,21.424393,21.441612,21.372734,21.407181,21.234810,21.355507,20.958221,20.992851,21.303802,21.338272,21.286568,21.372734,21.389961,21.234810,21.165756,21.062057,21.200287,21.286568,21.424393,21.303802,21.286568,21.303802,21.286568,21.286568,21.303802,21.252068,21.252068,21.131203,21.407181,21.286568,21.458817,21.286568,21.303802,21.165756,21.338272,21.096642,21.269310,21.200287,20.975533,21.338272,21.355507,21.355507,21.113914,21.131203,21.286568,21.217552,21.183029,21.079346,21.355507,21.355507,21.183029,21.113914,21.200287,21.113914,21.131203,21.183029,21.372734,21.131203,21.303802,21.252068,21.200287,21.217552,21.148476,21.010155,21.303802,21.372734,21.234810,21.113914,21.234810,21.355507,21.217552,21.217552,21.286568,21.113914,21.252068,21.131203,21.269310,21.389961,21.389961,21.252068,21.234810,21.303802,21.200287,21.407181,21.321045,21.252068,21.252068,21.183029,21.131203,21.286568,21.321045,21.269310,21.389961,21.389961,21.269310,21.131203,21.269310,21.355507,21.303802,21.476021,21.407181,21.441612,21.303802,21.183029,21.372734,21.252068,21.338272,21.372734,21.303802,21.269310,21.596336,21.321045,21.321045,21.407181,21.407181,21.493217,21.441612,21.321045,21.286568,21.476021,21.131203,21.389961,21.424393,21.303802,21.355507,21.407181,21.321045,21.355507,21.476021,21.303802,21.286568,21.217552,21.183029,21.441612,21.441612,21.286568,21.544792,21.131203,21.096642,21.579163,21.234810,21.476021,21.044754,21.269310,21.321045,21.338272,21.096642,21.389961,21.441612,21.303802,21.303802,21.217552,21.389961,21.389961,21.424393,21.217552,21.252068,21.113914,21.252068,21.079346,21.234810,21.183029,21.389961,21.027458,20.940895,21.079346,21.200287,20.975533,21.113914,21.131203,21.183029,21.217552,21.200287,21.165756,20.992851,20.975533,20.906242,21.096642,20.906242,21.044754,20.940895,20.871582,20.836899,21.027458,21.096642,
20.593697,20.680634,20.576286,20.784843,20.558884,20.541473,20.645866,20.645866,20.715385,20.784843,20.628487,20.992851,20.802200,21.062057,20.940895,20.888908,20.836899,20.836899,21.010155,21.027458,20.992851,20.888908,21.096642,21.113914,21.062057,21.148476,21.183029,21.234810,21.252068,21.269310,21.321045,21.321045,21.372734,21.372734,21.579163,21.493217,21.424393,21.527603,21.372734,21.200287,21.183029,21.355507,21.010155,21.234810,20.836899,21.165756,21.079346,20.923576,20.958221,20.802200,20.871582,20.836899,21.044754,21.234810,21.010155,21.010155,21.269310,21.010155,21.096642,21.217552,21.062057,21.183029,21.148476,21.321045,21.234810,21.269310,21.252068,21.303802,21.165756,21.407181,21.372734,21.407181,21.389961,21.561981,21.338272,21.682167,21.596336,21.544792,21.493217,21.613518,21.750755,21.579163,21.544792,21.544792,21.613518,21.682167,21.561981,21.579163,21.579163,21.544792,21.561981,21.510414,21.665016,21.665016,21.785027,21.819290,21.785027,21.973259,21.802162,21.939064,22.143959,22.024513,22.058662,22.075729,22.195107,22.024513,22.280251,22.195107,21.990349,22.212143,22.229179,22.024513,22.092789,22.143959,22.109856,22.280251,22.246208,22.348305,22.552086,22.365303,22.314293,22.178062,22.297272,22.314293,22.212143,22.246208,22.314293,22.297272,22.195107,22.280251,22.365303,22.263237,22.178062,22.263237,22.365303,22.041588,22.280251,22.399300,22.365303,22.229179,22.229179,22.178062,22.126915,22.195107,22.041588,22.058662,22.161018,22.178062,21.870644,22.178062,22.212143,22.041588,22.092789,22.161018,21.990349,21.870644,22.331291,22.126915,22.280251,22.126915,21.990349,22.109856,22.075729,22.297272,21.853539,22.007431,22.092789,21.973259,22.143959,22.092789,21.870644,22.075729,21.973259,22.109856,22.041588,22.195107,22.007431,22.229179,22.143959,22.041588,22.007431,22.092789,22.075729,22.007431,22.143959,22.024513,22.024513,21.887764,22.024513,22.109856,21.990349,21.990349,22.143959,22.092789,22.092789,22.212143,22.195107,22.263237,21.990349,22.161018,22.297272,22.297272,22.246208,22.229179,21.990349,22.195107,22.161018,22.212143,22.058662,22.263237,22.161018,22.229179,22.297272,22.229179,22.143959,22.263237,22.229179,22.212143,22.348305,22.297272,22.263237,22.229179,22.280251,22.314293,22.195107,22.450264,22.314293,22.178062,22.314293,22.161018,22.450264,22.331291,22.246208,22.331291,22.331291,22.416298,22.280251,22.314293,22.518166,22.195107,22.263237,22.297272,22.212143,22.246208,22.399300,21.956161,22.212143,22.161018,22.195107,22.092789,22.161018,22.263237,22.433289,22.433289,22.314293,22.518166,22.433289,22.365303,22.382309,22.365303,22.450264,22.399300,22.297272,22.212143,22.348305,22.382309,22.212143,22.280251,22.314293,22.382309,22.348305,22.314293,22.143959,22.126915,22.229179,22.399300,22.041588,22.007431,22.024513,21.973259,21.785027,21.887764,21.510414,21.665016,21.613518,21.493217,21.424393,21.321045,21.286568,21.493217,21.544792,21.372734,21.321045,21.424393,21.441612,21.424393,21.338272,21.338272,21.217552,21.234810,21.165756,21.303802,21.027458,21.044754,21.027458,20.906242,20.767487,20.767487,20.663254,20.645866,20.715385,20.576286,20.541473,20.715385,20.802200,20.784843,20.819542,20.836899,21.044754,21.217552,21.476021,21.441612,21.321045,21.441612,21.372734,21.561981,21.424393,21.355507,21.647850,21.579163,21.750755,21.493217,21.510414,21.476021,21.407181,21.527603,21.338272,21.561981,21.389961,21.441612,21.303802,21.424393,21.338272,21.338272,21.441612,21.217552,20.975533,21.062057,21.252068,21.234810,21.131203,21.079346,21.148476,20.923576,21.079346,21.234810,21.062057,21.113914,21.165756,20.819542,20.958221,20.836899,20.819542,21.113914,20.906242,21.113914,21.062057,21.079346,21.131203,21.079346,21.027458,20.940895,20.975533,21.131203,21.044754,20.992851,21.044754,21.148476,20.975533,20.975533,20.923576,20.975533,21.044754,20.958221,21.010155,21.148476,20.871582,21.062057,20.854233,21.027458,21.010155,21.165756,21.113914,21.027458,21.183029,21.217552,21.148476,21.148476,21.269310,20.923576,21.113914,21.131203,21.200287,21.269310,21.183029,21.234810,21.321045,21.269310,21.183029,21.131203,21.286568,21.321045,21.269310,21.303802,21.372734,21.355507,21.372734,21.165756,21.183029,21.252068,21.200287,21.079346,21.303802,21.200287,21.355507,21.321045,21.355507,21.234810,21.372734,21.389961,21.217552,21.424393,21.183029,21.286568,21.079346,21.131203,21.424393,21.424393,21.493217,21.217552,21.217552,21.493217,21.321045,21.355507,21.252068,21.217552,21.217552,21.234810,21.217552,21.148476,21.165756,21.355507,21.303802,21.200287,21.321045,21.062057,21.217552,21.303802,21.200287,21.372734,21.234810,21.269310,21.200287,21.338272,21.027458,21.165756,21.424393,21.148476,21.338272,21.321045,21.321045,21.252068,21.338272,21.286568,21.303802,21.389961,21.165756,21.217552,21.303802,21.372734,21.165756,21.493217,21.269310,21.183029,21.441612,21.131203,21.321045,21.303802,21.113914,21.252068,21.183029,21.217552,21.148476,21.269310,21.200287,21.234810,21.252068,21.200287,21.079346,20.992851,21.165756,21.303802,21.131203,21.252068,21.372734,21.234810,21.183029,21.044754,21.062057,21.234810,21.027458,21.200287,21.234810,21.165756,21.113914,21.286568,20.940895,21.217552,21.113914,21.183029,21.113914,21.200287,21.096642,21.303802,21.113914,21.286568,21.372734,21.217552,21.321045,21.321045,21.234810,21.027458,21.389961,21.252068,21.338272,21.407181,21.200287,21.217552,21.148476,21.131203,21.252068,21.372734,21.303802,21.321045,21.269310,21.234810,21.131203,21.131203,21.372734,21.200287,21.493217,21.338272,21.269310,21.303802,21.493217,21.441612,21.424393,21.148476,21.441612,21.389961,21.338272,21.510414,21.165756,21.355507,21.165756,21.424393,21.355507,21.389961,21.389961,21.476021,21.303802,21.269310,21.630684,21.321045,21.321045,21.269310,21.372734,21.424393,21.165756,21.303802,21.355507,21.407181,21.217552,21.527603,21.269310,21.027458,21.458817,21.286568,21.613518,21.338272,21.252068,21.303802,21.441612,21.372734,21.424393,21.389961,21.148476,21.372734,21.217552,21.321045,21.355507,21.010155,21.113914,21.200287,21.303802,21.148476,21.441612,21.113914,21.079346,21.252068,21.079346,21.321045,21.424393,21.269310,21.113914,21.148476,21.113914,21.338272,21.131203,21.183029,21.217552,21.027458,21.079346,21.286568,21.079346,21.200287,21.269310,21.148476,21.269310,21.027458,21.027458,21.165756,21.131203,20.992851,20.975533,21.062057,20.923576,20.940895,20.871582,21.148476,
20.680634,20.663254,20.454369,20.593697,20.628487,20.611084,20.384621,20.680634,20.541473,20.314804,20.541473,20.541473,20.767487,20.802200,20.611084,20.663254,20.750122,20.871582,20.923576,20.784843,20.888908,21.079346,20.819542,20.958221,20.871582,21.200287,20.888908,20.975533,21.217552,21.096642,21.200287,21.286568,21.062057,21.407181,21.234810,21.286568,21.234810,21.338272,21.269310,21.096642,21.269310,21.079346,21.234810,20.992851,20.940895,20.819542,20.854233,20.854233,20.750122,20.888908,20.767487,20.802200,20.923576,20.802200,20.906242,20.975533,20.854233,21.044754,21.165756,21.010155,21.165756,21.303802,20.992851,21.113914,21.113914,21.217552,21.027458,21.338272,21.165756,21.252068,21.389961,21.389961,21.527603,21.441612,21.716469,21.733620,21.407181,21.665016,21.561981,21.699318,21.579163,21.750755,21.458817,21.665016,21.699318,21.458817,21.493217,21.733620,21.785027,21.441612,21.613518,21.733620,21.819290,21.785027,21.630684,21.802162,21.733620,21.716469,21.990349,21.973259,22.092789,22.041588,22.041588,22.075729,22.195107,21.956161,22.195107,22.058662,22.041588,22.126915,21.956161,22.195107,22.178062,22.178062,22.229179,22.246208,22.109856,22.229179,22.195107,22.212143,22.416298,22.382309,22.365303,22.161018,22.365303,22.399300,22.416298,22.365303,22.365303,22.365303,22.263237,22.348305,22.280251,22.365303,22.399300,22.433289,22.297272,22.399300,22.331291,22.314293,22.229179,22.399300,22.212143,22.143959,22.195107,22.092789,22.280251,22.297272,22.195107,22.178062,22.314293,22.195107,22.195107,22.246208,22.041588,22.365303,22.314293,22.399300,22.212143,22.178062,22.212143,22.126915,22.126915,22.365303,22.365303,22.314293,22.058662,22.143959,22.178062,22.212143,21.990349,22.126915,22.007431,22.161018,22.041588,22.212143,22.178062,22.143959,22.178062,22.263237,22.075729,22.041588,22.092789,22.178062,22.092789,22.229179,22.007431,22.075729,22.126915,22.109856,22.058662,22.178062,22.109856,22.143959,22.109856,22.450264,22.297272,22.246208,22.263237,22.297272,22.178062,22.212143,22.280251,22.280251,22.331291,22.178062,22.212143,22.178062,22.195107,22.246208,22.297272,22.263237,22.280251,22.365303,22.416298,22.161018,22.348305,22.246208,22.297272,22.518166,22.416298,22.280251,22.348305,22.246208,22.297272,22.484222,22.331291,22.297272,22.382309,22.331291,22.501198,22.297272,22.399300,22.297272,22.450264,22.569054,22.382309,22.450264,22.314293,22.467247,22.280251,22.212143,22.314293,22.399300,22.297272,22.365303,22.178062,22.263237,22.399300,22.365303,22.331291,22.382309,22.484222,22.348305,22.467247,22.348305,22.399300,22.382309,22.518166,22.586006,22.399300,22.552086,22.450264,22.314293,22.331291,22.433289,22.297272,22.280251,22.263237,22.229179,22.280251,22.280251,22.382309,22.263237,22.178062,22.143959,22.041588,21.853539,21.785027,21.887764,21.665016,21.647850,21.802162,21.665016,21.561981,21.544792,21.476021,21.561981,21.200287,21.372734,21.355507,21.424393,21.303802,21.148476,21.234810,21.338272,21.303802,21.200287,21.200287,21.113914,21.148476,21.131203,21.027458,21.010155,20.750122,20.767487,20.663254,20.680634,20.558884,20.576286,20.489220,20.663254,20.698021,20.593697,20.628487,20.715385,20.836899,20.767487,20.854233,20.940895,21.062057,21.269310,21.165756,21.476021,21.321045,21.561981,21.407181,21.389961,21.424393,21.682167,21.458817,21.441612,21.596336,21.234810,21.441612,21.510414,21.389961,21.234810,21.527603,21.613518,21.338272,21.303802,21.424393,21.269310,21.217552,21.424393,21.234810,21.113914,21.200287,21.252068,21.183029,21.165756,21.062057,21.044754,21.044754,20.975533,21.148476,21.113914,21.252068,20.940895,20.940895,21.062057,20.836899,20.871582,20.871582,20.975533,20.975533,20.906242,20.871582,21.044754,20.836899,20.767487,20.906242,20.906242,21.062057,20.819542,20.871582,20.975533,21.010155,21.044754,20.975533,21.044754,21.062057,20.819542,21.062057,21.079346,20.871582,20.923576,21.010155,20.819542,21.010155,21.079346,21.079346,21.148476,21.079346,21.044754,21.131203,20.888908,21.113914,21.217552,21.113914,20.958221,21.183029,21.010155,21.200287,21.200287,21.027458,21.131203,21.062057,21.113914,21.234810,21.321045,21.269310,21.303802,21.200287,21.217552,21.165756,21.286568,21.234810,21.389961,21.131203,21.234810,21.372734,21.286568,21.165756,21.217552,21.079346,21.389961,21.303802,21.131203,21.269310,21.200287,21.200287,21.286568,21.044754,21.131203,21.131203,21.252068,21.303802,21.286568,21.148476,21.269310,21.389961,21.217552,21.183029,21.165756,21.131203,21.113914,21.217552,21.286568,21.183029,21.217552,21.355507,21.148476,21.131203,21.200287,21.200287,21.148476,21.234810,21.148476,21.131203,21.338272,21.252068,21.217552,21.269310,21.113914,20.888908,21.165756,21.148476,21.200287,20.888908,21.044754,21.062057,21.303802,21.234810,20.958221,21.165756,21.183029,21.027458,21.044754,21.183029,21.010155,21.027458,21.183029,21.096642,21.200287,21.062057,21.200287,20.975533,21.079346,21.131203,21.165756,21.131203,21.165756,21.131203,21.096642,20.992851,21.079346,21.044754,21.131203,21.217552,21.183029,21.148476,21.269310,21.113914,21.113914,21.217552,21.131203,21.234810,21.044754,21.183029,21.200287,21.079346,21.010155,21.027458,21.010155,21.027458,21.148476,20.958221,20.992851,21.148476,20.992851,21.183029,20.975533,21.079346,21.027458,21.252068,21.096642,21.148476,21.131203,21.079346,21.269310,21.372734,21.165756,21.165756,21.027458,21.183029,21.165756,21.372734,21.252068,21.252068,21.355507,21.183029,21.269310,21.079346,21.200287,21.113914,21.407181,21.321045,21.148476,21.200287,21.303802,21.183029,21.269310,21.148476,21.441612,21.303802,21.407181,21.338272,21.252068,21.096642,21.338272,21.389961,21.303802,21.200287,21.441612,21.148476,21.217552,21.183029,21.165756,21.200287,21.389961,21.407181,21.252068,21.200287,21.372734,21.217552,21.321045,21.148476,21.355507,21.286568,21.165756,21.269310,21.252068,21.389961,21.407181,21.096642,21.303802,21.372734,21.389961,21.338272,21.338272,21.165756,21.096642,21.252068,21.079346,21.183029,21.131203,21.286568,21.407181,21.303802,21.303802,21.113914,21.079346,21.079346,21.217552,21.079346,21.269310,21.441612,21.079346,21.234810,21.286568,20.906242,20.992851,21.113914,21.303802,21.096642,20.940895,21.200287,21.165756,21.165756,20.784843,21.217552,21.269310,21.200287,20.992851,20.940895,20.975533,20.906242,21.044754,21.096642,20.975533,21.062057,21.027458,21.148476,21.027458,20.854233,21.131203,21.062057,20.975533,
20.384621,20.663254,20.680634,20.524055,20.297348,20.558884,20.750122,20.732758,20.680634,20.402061,20.558884,20.698021,20.593697,20.750122,20.558884,20.871582,20.698021,20.784843,20.888908,20.750122,21.010155,20.871582,21.044754,21.079346,20.888908,20.923576,21.062057,20.923576,21.044754,21.407181,20.923576,21.407181,21.303802,21.321045,21.441612,21.493217,21.131203,21.183029,21.234810,21.407181,21.062057,21.096642,20.975533,20.888908,20.906242,20.940895,20.663254,20.923576,20.663254,20.802200,20.715385,20.958221,20.802200,20.628487,20.802200,20.767487,20.940895,20.871582,20.992851,21.113914,21.252068,21.079346,21.010155,20.992851,21.131203,21.183029,21.165756,21.200287,21.148476,21.027458,21.441612,21.321045,21.338272,21.476021,21.389961,21.544792,21.665016,21.716469,21.544792,21.699318,21.853539,21.853539,21.716469,21.647850,21.836411,21.716469,21.647850,21.716469,21.733620,21.733620,21.767891,21.716469,21.785027,21.716469,21.544792,21.819290,21.939064,21.973259,21.733620,21.921967,22.007431,22.075729,21.853539,22.075729,22.178062,22.075729,21.921967,22.109856,21.956161,22.109856,22.109856,22.229179,22.195107,22.178062,22.229179,22.195107,22.212143,22.399300,22.348305,22.331291,22.433289,22.433289,22.467247,22.586006,22.450264,22.484222,22.297272,22.518166,22.382309,22.263237,22.195107,22.297272,22.314293,22.552086,22.263237,22.229179,22.416298,22.501198,22.704575,22.552086,22.433289,22.399300,22.501198,22.467247,22.178062,22.246208,22.314293,22.246208,22.161018,22.178062,22.314293,22.246208,22.143959,22.195107,22.195107,22.331291,22.484222,22.399300,22.382309,22.416298,22.314293,22.212143,22.416298,22.229179,22.433289,22.314293,22.092789,22.092789,22.212143,22.348305,22.314293,22.178062,22.348305,22.280251,22.178062,22.126915,22.178062,22.161018,22.246208,22.212143,22.195107,22.109856,22.246208,22.178062,22.178062,21.956161,22.126915,22.161018,22.229179,22.143959,22.075729,21.990349,22.297272,22.314293,22.246208,22.450264,22.467247,22.501198,22.314293,22.314293,22.501198,22.365303,22.365303,22.365303,22.331291,22.280251,22.382309,22.518166,22.348305,22.416298,22.399300,22.126915,22.484222,22.280251,22.212143,22.450264,22.331291,22.535133,22.382309,22.535133,22.467247,22.501198,22.535133,22.484222,22.348305,22.501198,22.399300,22.552086,22.450264,22.416298,22.501198,22.501198,22.331291,22.535133,22.484222,22.586006,22.619896,22.484222,22.484222,22.518166,22.348305,22.433289,22.433289,22.314293,22.501198,22.382309,22.348305,22.416298,22.263237,22.212143,22.314293,22.484222,22.382309,22.552086,22.348305,22.467247,22.484222,22.586006,22.399300,22.501198,22.365303,22.501198,22.619896,22.433289,22.619896,22.552086,22.348305,22.365303,22.246208,22.263237,22.518166,22.450264,22.416298,22.246208,22.212143,22.297272,22.212143,22.126915,22.092789,22.024513,21.921967,21.682167,21.939064,21.682167,21.613518,21.476021,21.389961,21.355507,21.217552,21.372734,21.493217,21.338272,21.217552,21.252068,21.338272,21.372734,21.131203,21.148476,21.027458,21.062057,20.958221,20.906242,21.010155,20.836899,20.940895,20.975533,20.715385,20.732758,20.732758,20.611084,20.489220,20.593697,20.489220,20.489220,20.593697,20.698021,20.871582,20.923576,20.750122,20.975533,20.975533,21.113914,21.234810,21.338272,21.338272,21.544792,21.338272,21.217552,21.407181,21.493217,21.321045,21.321045,21.493217,21.458817,21.372734,21.338272,21.269310,21.355507,21.200287,21.338272,21.338272,21.355507,21.286568,21.355507,21.252068,21.131203,21.252068,21.044754,20.923576,21.027458,20.940895,20.819542,20.888908,21.079346,20.975533,20.958221,21.027458,20.923576,20.698021,20.992851,20.784843,20.923576,20.992851,20.888908,20.767487,21.010155,20.871582,21.010155,20.854233,20.819542,20.663254,20.836899,20.940895,20.906242,20.819542,21.010155,20.784843,20.784843,20.750122,20.784843,20.836899,21.027458,20.888908,20.680634,20.888908,20.940895,20.871582,20.992851,20.906242,20.871582,20.940895,21.044754,20.906242,20.888908,21.131203,21.044754,21.044754,21.096642,21.079346,21.131203,20.923576,21.079346,20.923576,21.148476,21.096642,20.888908,21.113914,21.096642,21.027458,21.165756,21.131203,21.372734,21.062057,21.165756,21.096642,21.234810,21.010155,21.165756,21.113914,21.200287,21.252068,21.200287,21.234810,21.252068,21.355507,21.062057,21.165756,21.131203,21.286568,21.217552,21.217552,21.027458,21.062057,21.252068,20.992851,21.269310,21.321045,21.286568,21.217552,21.252068,21.096642,21.200287,21.183029,21.269310,20.940895,20.975533,21.183029,21.148476,21.200287,21.200287,21.062057,21.148476,21.131203,21.062057,21.131203,21.148476,21.113914,21.044754,21.062057,21.165756,21.165756,21.269310,21.252068,21.131203,21.044754,21.217552,20.992851,21.234810,21.113914,21.096642,21.217552,21.079346,21.062057,21.183029,21.131203,21.183029,20.923576,21.079346,21.217552,20.975533,21.044754,21.113914,20.836899,20.958221,21.234810,21.131203,21.131203,21.027458,20.958221,21.113914,21.010155,20.940895,21.252068,21.200287,21.113914,21.027458,21.113914,20.975533,21.079346,21.200287,21.165756,21.079346,20.888908,21.165756,21.200287,20.958221,21.234810,21.062057,20.871582,21.183029,21.165756,20.958221,21.096642,21.355507,21.010155,21.234810,21.165756,21.200287,21.079346,21.165756,21.062057,21.217552,21.148476,21.131203,21.062057,21.148476,21.010155,21.113914,20.992851,21.183029,21.183029,21.010155,21.200287,21.217552,21.113914,21.044754,21.113914,21.079346,21.027458,21.148476,21.217552,21.252068,21.148476,21.165756,21.165756,21.407181,21.252068,21.252068,21.010155,21.113914,21.096642,21.148476,21.303802,21.303802,21.062057,21.165756,21.217552,21.217552,21.027458,21.217552,21.355507,21.131203,21.113914,21.148476,21.217552,21.113914,21.321045,21.200287,21.010155,21.303802,21.355507,21.183029,21.338272,21.113914,21.252068,21.269310,21.303802,21.355507,21.286568,21.234810,21.044754,21.131203,21.131203,21.252068,21.217552,21.252068,21.183029,21.286568,21.372734,21.338272,21.321045,21.234810,21.338272,21.303802,21.183029,21.131203,21.044754,21.010155,21.027458,21.062057,21.355507,21.044754,21.234810,20.975533,21.217552,21.148476,21.200287,21.338272,21.131203,21.269310,21.027458,21.096642,21.113914,21.131203,21.079346,20.819542,20.888908,20.958221,21.200287,21.027458,21.062057,21.096642,21.010155,21.079346,20.923576,21.062057,21.062057,21.044754,21.131203,21.010155,21.148476,21.234810,20.854233,21.096642,20.940895,21.027458,20.940895,20.906242,21.010155,21.372734,
20.489220,20.732758,20.471802,20.454369,20.471802,20.419502,20.367180,20.541473,20.593697,20.593697,20.506645,20.524055,20.628487,20.750122,20.576286,20.836899,20.558884,20.940895,20.732758,20.871582,20.836899,21.113914,20.767487,20.767487,21.044754,21.027458,20.854233,20.906242,20.923576,21.148476,21.165756,21.165756,21.269310,21.217552,21.389961,21.269310,21.234810,21.079346,20.975533,21.234810,21.062057,21.183029,20.975533,20.784843,20.836899,20.680634,20.975533,20.524055,20.489220,20.836899,20.663254,20.663254,20.854233,20.784843,20.645866,20.802200,20.715385,20.871582,21.010155,20.906242,20.888908,21.079346,21.096642,21.062057,20.836899,21.321045,21.338272,21.303802,21.389961,21.148476,21.372734,21.252068,21.286568,21.493217,21.424393,21.630684,21.321045,21.630684,21.596336,21.785027,21.699318,21.665016,21.596336,21.785027,21.939064,21.665016,21.716469,21.699318,21.699318,21.630684,21.665016,21.613518,21.596336,21.665016,21.767891,21.630684,21.733620,21.733620,21.853539,21.733620,21.887764,21.887764,21.887764,21.870644,22.041588,22.075729,21.853539,21.939064,21.904861,22.143959,21.990349,22.092789,21.956161,22.092789,22.007431,22.143959,22.246208,22.365303,22.382309,22.399300,22.382309,22.484222,22.365303,22.518166,22.348305,22.433289,22.602951,22.399300,22.280251,22.331291,22.382309,22.178062,22.280251,22.365303,22.365303,22.416298,22.416298,22.467247,22.348305,22.314293,22.348305,22.365303,22.143959,22.229179,22.229179,22.518166,22.331291,22.246208,22.433289,22.229179,22.178062,22.450264,22.195107,22.416298,22.297272,22.280251,22.263237,22.263237,22.348305,22.229179,22.297272,22.314293,22.314293,22.331291,22.348305,22.433289,22.212143,22.382309,22.314293,22.229179,22.092789,22.297272,22.246208,22.399300,22.416298,22.109856,22.246208,22.433289,22.280251,22.280251,22.178062,22.280251,22.348305,22.161018,22.212143,22.382309,22.109856,22.092789,22.331291,22.178062,22.297272,22.399300,22.331291,22.416298,22.416298,22.348305,22.399300,22.518166,22.518166,22.602951,22.348305,22.297272,22.636833,22.416298,22.433289,22.382309,22.399300,22.518166,22.297272,22.416298,22.416298,22.382309,22.348305,22.535133,22.602951,22.467247,22.467247,22.636833,22.670708,22.399300,22.382309,22.365303,22.450264,22.569054,22.416298,22.535133,22.450264,22.501198,22.450264,22.365303,22.552086,22.602951,22.518166,22.484222,22.721489,22.602951,22.484222,22.518166,22.636833,22.569054,22.467247,22.433289,22.450264,22.416298,22.382309,22.416298,22.365303,22.416298,22.263237,22.382309,22.348305,22.348305,22.348305,22.569054,22.484222,22.484222,22.365303,22.399300,22.331291,22.535133,22.501198,22.518166,22.467247,22.518166,22.229179,22.382309,22.467247,22.484222,22.450264,22.297272,22.416298,22.263237,22.348305,22.467247,22.229179,22.382309,22.229179,22.007431,21.887764,22.212143,21.802162,21.785027,21.802162,21.665016,21.682167,21.596336,21.286568,21.269310,21.269310,21.286568,21.321045,21.183029,21.113914,21.252068,21.303802,21.286568,20.940895,21.096642,21.200287,20.871582,20.940895,21.113914,21.079346,20.836899,20.819542,20.732758,20.558884,20.558884,20.419502,20.680634,20.436943,20.471802,20.349724,20.628487,20.628487,20.645866,20.645866,20.784843,20.958221,20.975533,21.200287,21.010155,21.148476,21.200287,21.458817,21.131203,21.269310,21.131203,21.321045,21.424393,21.200287,21.355507,21.424393,21.321045,21.355507,21.355507,21.321045,21.424393,21.441612,21.321045,21.217552,21.079346,21.044754,21.234810,21.027458,21.096642,21.165756,21.044754,20.940895,21.062057,21.044754,20.819542,20.854233,20.958221,21.079346,20.732758,20.923576,20.802200,20.871582,20.854233,21.096642,20.819542,20.802200,20.975533,20.992851,20.836899,20.767487,20.975533,20.767487,20.871582,20.698021,20.871582,20.663254,20.871582,20.593697,20.819542,20.958221,20.854233,20.854233,20.975533,20.836899,20.784843,20.836899,20.854233,20.802200,20.819542,20.871582,20.888908,20.819542,20.906242,20.992851,20.784843,20.888908,20.958221,21.062057,20.940895,21.027458,20.923576,21.131203,21.027458,21.131203,20.940895,20.923576,21.079346,20.975533,20.940895,21.079346,21.010155,21.148476,21.131203,21.010155,21.027458,21.269310,21.165756,21.079346,21.044754,21.010155,21.113914,21.458817,21.252068,21.165756,21.165756,21.113914,21.217552,21.096642,21.096642,20.871582,21.183029,21.183029,21.010155,21.044754,21.113914,21.079346,21.234810,21.062057,21.183029,21.148476,21.200287,21.269310,21.286568,21.062057,21.062057,21.096642,21.113914,21.044754,21.027458,21.096642,21.217552,20.923576,21.079346,20.871582,21.200287,21.027458,20.992851,21.096642,21.234810,21.010155,21.027458,21.044754,20.958221,21.079346,21.096642,21.252068,21.062057,21.113914,21.148476,21.286568,21.113914,21.062057,21.079346,21.148476,21.148476,21.044754,21.113914,21.183029,21.148476,20.940895,21.027458,21.113914,21.200287,21.113914,21.010155,21.131203,21.131203,20.906242,21.148476,21.062057,20.888908,21.044754,20.923576,21.027458,20.854233,21.096642,21.200287,21.044754,20.888908,20.888908,21.113914,21.044754,21.044754,21.079346,20.871582,21.079346,21.062057,20.819542,20.784843,20.992851,21.113914,20.958221,21.027458,21.096642,21.062057,21.096642,21.200287,21.079346,21.165756,21.044754,21.027458,21.131203,20.906242,20.888908,21.079346,20.802200,21.044754,21.027458,21.252068,21.079346,21.044754,20.958221,20.836899,20.888908,20.992851,21.044754,21.027458,21.165756,21.010155,21.113914,20.992851,21.131203,21.010155,21.286568,21.044754,21.010155,21.010155,21.131203,21.234810,21.062057,21.165756,21.148476,21.183029,21.079346,21.096642,21.044754,21.165756,21.252068,21.234810,21.079346,21.217552,21.096642,21.044754,21.493217,21.234810,21.027458,21.338272,20.975533,21.079346,21.131203,21.338272,21.183029,21.234810,21.027458,21.372734,21.131203,21.183029,21.200287,20.992851,21.096642,20.992851,21.234810,21.286568,21.113914,21.148476,21.165756,21.200287,21.303802,21.252068,21.062057,21.200287,21.027458,21.217552,21.113914,21.217552,21.131203,21.441612,20.940895,21.027458,21.338272,21.269310,21.131203,21.200287,21.079346,21.183029,21.079346,20.992851,21.062057,21.027458,21.027458,20.906242,20.975533,21.062057,21.027458,21.131203,20.784843,21.079346,21.062057,20.975533,20.923576,21.027458,20.767487,21.183029,20.958221,20.871582,20.854233,21.355507,20.906242,20.906242,21.096642,21.027458,20.836899,20.888908,20.906242,21.062057,21.079346,20.923576,20.854233,21.096642,20.802200,20.750122,20.975533,21.148476,
20.715385,20.454369,20.419502,20.558884,20.297348,20.384621,20.332268,20.384621,20.332268,20.541473,20.489220,20.576286,20.593697,20.750122,20.645866,20.558884,20.750122,20.802200,20.888908,20.888908,20.663254,20.819542,20.802200,20.715385,20.819542,21.096642,20.992851,20.975533,21.165756,21.079346,21.269310,21.062057,21.217552,21.252068,21.269310,20.975533,21.407181,21.062057,21.027458,21.096642,21.183029,21.027458,20.906242,21.010155,20.836899,20.888908,20.784843,20.576286,20.593697,20.698021,20.541473,20.698021,20.680634,20.715385,20.698021,20.854233,20.975533,21.131203,20.819542,21.321045,20.940895,21.165756,20.958221,20.992851,21.079346,21.165756,21.252068,21.010155,21.372734,21.131203,21.252068,21.234810,21.252068,21.596336,21.510414,21.630684,21.579163,21.544792,21.767891,21.630684,21.527603,21.767891,21.596336,21.613518,21.887764,21.716469,21.819290,21.750755,21.510414,21.561981,21.527603,21.699318,21.767891,21.630684,21.561981,21.767891,21.665016,21.921967,21.750755,21.870644,21.819290,21.836411,21.853539,21.939064,21.785027,21.836411,22.007431,21.887764,21.870644,21.956161,22.058662,22.007431,22.195107,22.007431,22.246208,22.246208,22.297272,22.348305,22.331291,22.467247,22.280251,22.467247,22.399300,22.348305,22.433289,22.450264,22.586006,22.331291,22.450264,22.365303,22.586006,22.314293,22.331291,22.382309,22.246208,22.586006,22.229179,22.552086,22.263237,22.382309,22.552086,22.501198,22.382309,22.263237,22.348305,22.161018,22.348305,22.331291,22.229179,22.467247,22.382309,22.143959,22.212143,22.280251,22.297272,22.399300,22.450264,22.348305,22.416298,22.331291,22.467247,22.535133,22.365303,22.246208,22.212143,22.263237,22.195107,22.246208,22.450264,22.382309,22.263237,22.382309,22.297272,22.229179,22.212143,22.263237,22.246208,22.178062,22.212143,22.229179,22.348305,22.280251,22.314293,22.161018,22.229179,22.161018,22.229179,22.161018,22.229179,22.297272,22.365303,22.399300,22.535133,22.280251,22.450264,22.518166,22.687645,22.280251,22.484222,22.450264,22.501198,22.535133,22.382309,22.518166,22.552086,22.450264,22.552086,22.467247,22.518166,22.382309,22.687645,22.450264,22.636833,22.399300,22.433289,22.501198,22.518166,22.433289,22.586006,22.653778,22.586006,22.467247,22.738411,22.619896,22.687645,22.535133,22.518166,22.586006,22.822945,22.586006,22.806038,22.653778,22.569054,22.670708,22.586006,22.704575,22.569054,22.636833,22.636833,22.569054,22.704575,22.450264,22.348305,22.416298,22.416298,22.569054,22.484222,22.518166,22.518166,22.535133,22.602951,22.552086,22.552086,22.704575,22.586006,22.704575,22.602951,22.721489,22.602951,22.721489,22.602951,22.433289,22.518166,22.687645,22.670708,22.653778,22.535133,22.416298,22.450264,22.382309,22.399300,22.399300,22.365303,22.297272,22.399300,22.126915,22.314293,22.195107,22.126915,21.956161,21.579163,21.973259,21.527603,21.613518,21.476021,21.441612,21.321045,21.286568,21.234810,21.165756,21.234810,21.079346,21.234810,21.131203,21.131203,20.975533,20.871582,21.113914,20.854233,20.802200,20.958221,20.906242,20.992851,20.802200,20.871582,20.524055,20.558884,20.576286,20.454369,20.663254,20.454369,20.558884,20.628487,20.454369,20.645866,20.645866,20.698021,20.854233,20.698021,20.871582,21.027458,21.148476,21.113914,21.234810,21.217552,21.252068,21.355507,21.372734,21.286568,21.527603,21.321045,21.303802,21.113914,21.458817,21.372734,21.355507,21.321045,21.183029,21.234810,21.044754,21.044754,21.148476,21.183029,20.992851,21.010155,20.992851,21.062057,20.854233,20.767487,21.062057,20.940895,20.836899,21.044754,20.923576,20.958221,20.871582,20.784843,20.940895,20.819542,20.836899,20.784843,20.923576,20.489220,20.819542,20.923576,20.767487,20.680634,20.923576,20.784843,20.871582,20.576286,20.767487,20.819542,20.715385,20.680634,20.628487,20.819542,20.698021,20.628487,20.802200,20.784843,20.802200,20.836899,20.854233,20.819542,20.611084,20.819542,20.906242,20.802200,20.767487,20.836899,20.819542,21.027458,20.871582,20.663254,20.819542,20.715385,20.940895,20.940895,21.062057,21.027458,20.888908,20.854233,20.871582,20.975533,20.975533,20.906242,21.027458,20.975533,20.888908,20.888908,21.044754,20.906242,21.027458,20.940895,21.131203,21.010155,20.992851,20.975533,21.062057,21.148476,21.096642,21.148476,21.079346,21.062057,21.027458,21.044754,21.131203,21.079346,21.303802,21.044754,21.027458,21.010155,21.217552,21.044754,21.165756,21.113914,21.062057,21.183029,20.923576,21.148476,21.217552,20.958221,20.992851,20.940895,21.113914,21.286568,21.252068,21.062057,21.113914,20.854233,20.958221,21.027458,21.286568,20.975533,20.940895,20.975533,21.183029,21.010155,21.027458,20.992851,21.096642,20.940895,20.940895,21.113914,20.836899,21.113914,21.010155,20.923576,21.027458,21.044754,21.131203,21.027458,21.200287,21.079346,20.871582,21.027458,21.027458,21.027458,21.131203,20.906242,21.113914,21.044754,20.871582,20.784843,21.062057,20.819542,21.044754,21.148476,21.148476,20.906242,20.906242,20.940895,21.165756,21.062057,21.062057,20.819542,21.027458,20.958221,20.975533,20.906242,20.906242,20.767487,20.992851,20.940895,20.888908,21.113914,20.819542,20.784843,20.975533,20.940895,20.958221,20.992851,21.131203,20.958221,20.836899,21.044754,20.992851,20.871582,20.923576,21.148476,20.958221,21.079346,21.096642,21.027458,20.992851,20.958221,21.010155,20.958221,20.888908,20.819542,20.923576,20.836899,20.975533,21.113914,21.044754,21.096642,21.200287,20.888908,21.027458,21.044754,20.940895,21.234810,20.906242,20.975533,21.062057,21.010155,20.854233,21.200287,21.252068,21.148476,20.975533,21.165756,21.183029,21.131203,21.027458,21.234810,21.113914,20.975533,21.303802,21.096642,21.269310,21.303802,21.217552,21.079346,21.252068,20.923576,21.338272,21.079346,21.113914,21.234810,21.096642,21.217552,21.044754,21.165756,20.958221,21.079346,21.044754,21.079346,20.975533,21.079346,20.958221,21.131203,21.252068,21.062057,21.252068,21.062057,20.958221,21.148476,21.217552,21.027458,21.113914,20.958221,21.407181,21.165756,21.252068,21.183029,21.027458,21.148476,20.975533,21.079346,20.975533,21.131203,21.079346,21.079346,21.252068,21.217552,21.286568,20.975533,21.113914,20.767487,20.888908,21.131203,21.044754,20.992851,20.854233,20.940895,21.148476,20.906242,21.062057,20.906242,21.131203,20.975533,20.836899,20.906242,20.958221,20.975533,21.010155,20.958221,20.975533,20.906242,20.975533,20.923576,21.044754,21.044754,20.836899,20.906242,20.940895,21.010155,21.148476,
20.367180,20.593697,20.262413,20.349724,20.471802,20.558884,20.174995,20.332268,20.489220,20.454369,20.628487,20.489220,20.367180,20.628487,20.489220,20.558884,20.558884,20.628487,20.628487,20.750122,20.576286,21.010155,20.750122,20.732758,20.715385,20.854233,20.992851,20.975533,20.940895,21.113914,20.923576,21.252068,21.252068,21.044754,21.148476,20.992851,21.148476,21.234810,21.148476,20.750122,20.975533,20.871582,20.940895,20.784843,20.750122,20.715385,20.750122,20.645866,20.558884,20.663254,20.836899,20.541473,20.628487,20.715385,20.836899,20.645866,20.784843,21.027458,20.871582,20.663254,21.062057,20.975533,20.923576,20.923576,21.027458,21.217552,21.096642,20.992851,21.148476,21.234810,21.217552,21.372734,21.355507,21.510414,21.407181,22.024513,21.682167,21.527603,21.699318,21.458817,21.802162,21.561981,21.493217,21.613518,21.596336,21.699318,21.579163,21.527603,21.613518,21.750755,21.527603,21.544792,21.527603,21.458817,21.493217,21.527603,21.887764,21.939064,21.716469,21.750755,21.853539,21.921967,21.750755,21.750755,21.870644,21.767891,21.819290,21.887764,21.819290,21.904861,21.802162,22.143959,22.126915,22.246208,22.126915,22.331291,22.365303,22.161018,22.433289,22.331291,22.721489,22.382309,22.365303,22.586006,22.399300,22.433289,22.501198,22.535133,22.382309,22.433289,22.484222,22.433289,22.348305,22.416298,22.263237,22.467247,22.416298,22.467247,22.280251,22.348305,22.229179,22.484222,22.314293,22.416298,22.467247,22.501198,22.484222,22.331291,22.314293,22.229179,22.314293,22.263237,22.246208,22.569054,22.331291,22.450264,22.467247,22.433289,22.195107,22.331291,22.484222,22.467247,22.416298,22.348305,22.433289,22.467247,22.399300,22.143959,22.450264,22.399300,22.501198,22.246208,22.467247,22.195107,22.348305,22.161018,22.229179,22.161018,22.229179,22.348305,22.246208,22.280251,22.143959,22.314293,22.195107,22.280251,22.058662,22.161018,22.246208,22.143959,22.212143,22.314293,22.348305,22.501198,22.246208,22.467247,22.653778,22.822945,22.586006,22.586006,22.636833,22.602951,22.382309,22.484222,22.687645,22.501198,22.467247,22.450264,22.450264,22.501198,22.450264,22.569054,22.653778,22.450264,22.552086,22.569054,22.586006,22.569054,22.670708,22.602951,22.636833,22.399300,22.619896,22.552086,22.670708,22.586006,22.484222,22.552086,22.569054,22.687645,22.789139,22.670708,22.653778,22.806038,22.721489,22.586006,22.755325,22.772232,22.907379,22.636833,22.602951,22.619896,22.518166,22.467247,22.348305,22.501198,22.501198,22.416298,22.416298,22.552086,22.602951,22.636833,22.399300,22.501198,22.518166,22.501198,22.399300,22.501198,22.687645,22.636833,22.450264,22.636833,22.518166,22.569054,22.586006,22.586006,22.433289,22.314293,22.552086,22.670708,22.382309,22.416298,22.365303,22.416298,22.467247,22.314293,22.143959,22.246208,22.058662,21.973259,21.802162,21.921967,21.699318,21.665016,21.613518,21.252068,21.286568,21.303802,21.148476,21.252068,21.096642,21.321045,20.871582,21.027458,21.010155,21.113914,21.338272,20.975533,20.906242,20.888908,20.732758,20.888908,20.854233,20.506645,20.819542,20.663254,20.698021,20.454369,20.436943,20.419502,20.593697,20.541473,20.645866,20.524055,20.611084,20.541473,20.750122,20.732758,20.819542,20.802200,20.836899,21.044754,21.424393,21.234810,21.252068,21.372734,21.252068,21.372734,21.079346,21.321045,21.252068,21.321045,21.303802,21.234810,21.338272,21.321045,21.269310,21.269310,21.044754,21.217552,21.044754,21.079346,21.131203,20.888908,20.940895,21.027458,21.252068,20.958221,21.044754,20.923576,20.992851,20.940895,20.888908,20.923576,20.836899,21.044754,20.715385,20.836899,20.888908,20.819542,20.698021,20.611084,20.750122,21.027458,20.663254,20.715385,20.767487,20.750122,20.715385,20.819542,20.750122,20.680634,20.715385,20.698021,20.680634,20.645866,20.784843,20.611084,20.767487,20.593697,20.698021,20.698021,20.611084,20.732758,20.767487,20.767487,20.663254,20.767487,20.732758,20.854233,20.698021,20.784843,20.715385,20.750122,20.975533,20.958221,20.698021,20.854233,21.062057,20.819542,20.923576,20.958221,20.975533,20.906242,20.888908,20.958221,20.819542,20.888908,20.940895,21.027458,20.992851,20.854233,21.113914,20.836899,21.062057,20.940895,21.113914,21.079346,21.044754,20.958221,21.131203,21.079346,21.131203,21.113914,21.148476,21.165756,20.958221,21.131203,21.079346,21.027458,20.940895,20.854233,21.131203,20.975533,20.940895,20.906242,21.062057,21.027458,20.958221,21.010155,20.888908,21.286568,20.906242,21.131203,20.958221,21.113914,20.975533,20.992851,21.062057,20.923576,21.234810,20.906242,21.010155,20.923576,20.784843,20.992851,20.750122,21.096642,20.854233,21.010155,20.732758,21.027458,20.750122,20.992851,20.836899,20.819542,20.940895,20.767487,21.010155,20.854233,20.819542,20.906242,20.923576,20.888908,20.958221,20.975533,20.871582,20.906242,21.010155,20.663254,20.836899,20.854233,20.836899,21.027458,20.854233,20.992851,20.940895,21.027458,20.819542,20.767487,20.871582,20.819542,20.975533,20.992851,20.923576,20.836899,20.871582,20.923576,20.992851,20.923576,20.906242,20.836899,20.836899,20.906242,20.732758,20.871582,20.784843,21.079346,20.906242,20.992851,20.836899,20.992851,21.079346,20.958221,20.854233,21.096642,20.888908,20.628487,20.923576,20.836899,20.802200,21.010155,21.010155,20.906242,21.044754,20.802200,20.992851,21.096642,20.802200,21.044754,20.888908,21.027458,20.940895,21.062057,20.958221,21.113914,20.975533,21.027458,20.992851,20.940895,20.871582,21.044754,20.923576,21.113914,21.131203,20.888908,20.906242,21.027458,20.906242,21.113914,20.958221,21.217552,20.854233,20.923576,21.079346,20.992851,20.923576,21.062057,21.079346,21.027458,20.906242,21.148476,21.183029,20.871582,20.992851,21.165756,21.148476,21.027458,20.992851,21.165756,20.992851,21.252068,20.958221,20.923576,21.044754,20.992851,20.958221,21.010155,21.252068,21.079346,21.372734,21.200287,20.680634,20.975533,21.131203,20.680634,21.027458,21.027458,21.010155,21.165756,21.044754,20.923576,21.027458,20.992851,21.079346,21.131203,21.010155,21.148476,21.131203,20.940895,20.958221,21.027458,21.096642,20.975533,21.079346,21.096642,21.062057,21.131203,20.836899,20.906242,21.096642,20.992851,20.940895,20.940895,20.888908,20.888908,20.836899,20.992851,20.819542,21.027458,20.750122,20.819542,20.992851,21.148476,20.992851,20.802200,21.044754,20.454369,21.044754,20.715385,20.663254,20.906242,20.802200,20.854233,20.992851,20.663254,20.958221,20.784843,21.062057,21.165756,
20.279877,20.332268,20.262413,20.244934,20.192490,20.157509,20.297348,20.227455,20.314804,20.279877,20.332268,20.471802,20.384621,20.489220,20.419502,20.645866,20.471802,20.645866,20.715385,20.698021,20.871582,20.558884,20.715385,20.645866,20.854233,20.871582,20.992851,20.715385,21.062057,21.027458,21.113914,21.113914,21.407181,21.338272,21.183029,21.027458,20.992851,21.217552,20.992851,20.940895,20.888908,21.200287,20.992851,20.750122,20.888908,20.732758,20.663254,20.663254,20.558884,20.541473,20.558884,20.715385,20.663254,20.663254,20.663254,20.698021,20.767487,20.819542,20.802200,20.784843,20.958221,21.200287,21.183029,21.183029,21.131203,21.217552,21.372734,21.234810,21.286568,21.321045,21.407181,21.355507,21.355507,21.510414,21.802162,21.853539,21.767891,21.733620,21.665016,21.665016,21.647850,21.716469,21.716469,21.733620,21.767891,21.870644,21.647850,21.785027,21.630684,21.767891,21.613518,21.476021,21.613518,21.510414,21.716469,21.613518,21.647850,21.870644,21.750755,21.682167,21.750755,21.870644,21.921967,21.956161,21.956161,21.802162,21.939064,22.024513,21.973259,22.024513,21.785027,21.990349,22.092789,22.229179,22.365303,22.229179,22.331291,22.143959,22.280251,22.365303,22.433289,22.297272,22.602951,22.484222,22.314293,22.535133,22.484222,22.331291,22.636833,22.501198,22.416298,22.467247,22.416298,22.348305,22.348305,22.450264,22.501198,22.484222,22.518166,22.602951,22.348305,22.518166,22.416298,22.348305,22.467247,22.348305,22.518166,22.433289,22.416298,22.518166,22.365303,22.484222,22.518166,22.467247,22.535133,22.382309,22.670708,22.586006,22.586006,22.602951,22.569054,22.569054,22.331291,22.382309,22.535133,22.399300,22.331291,22.348305,22.263237,22.365303,22.552086,22.229179,22.365303,22.348305,22.331291,22.263237,22.246208,22.450264,22.280251,22.433289,22.348305,22.365303,22.195107,22.229179,22.433289,22.450264,22.280251,22.450264,22.331291,22.161018,22.331291,22.433289,22.569054,22.450264,22.382309,22.569054,22.484222,22.806038,22.586006,22.755325,22.636833,22.518166,22.518166,22.552086,22.569054,22.789139,22.687645,22.619896,22.653778,22.602951,22.501198,22.721489,22.789139,22.602951,22.518166,22.772232,22.416298,22.602951,22.670708,22.636833,22.636833,22.636833,22.619896,22.772232,22.636833,22.704575,22.636833,22.721489,22.687645,22.721489,22.721489,22.789139,22.806038,22.670708,22.670708,22.755325,22.738411,22.586006,22.687645,22.586006,22.687645,22.653778,22.653778,22.704575,22.552086,22.535133,22.450264,22.602951,22.365303,22.653778,22.501198,22.602951,22.450264,22.535133,22.569054,22.552086,22.687645,22.602951,22.619896,22.586006,22.619896,22.484222,22.704575,22.569054,22.535133,22.450264,22.518166,22.653778,22.535133,22.246208,22.484222,22.619896,22.501198,22.195107,22.161018,22.314293,22.024513,22.263237,21.973259,22.212143,21.870644,21.956161,21.613518,21.785027,21.579163,21.579163,21.303802,21.286568,21.044754,21.234810,21.044754,21.217552,20.992851,20.836899,20.906242,20.958221,20.975533,20.923576,20.888908,20.906242,20.715385,20.906242,20.593697,20.663254,20.628487,20.611084,20.402061,20.454369,20.541473,20.454369,20.489220,20.524055,20.558884,20.489220,20.576286,20.680634,20.784843,20.836899,20.767487,20.888908,20.975533,20.888908,21.044754,21.183029,21.148476,21.252068,21.355507,21.303802,21.303802,21.200287,21.389961,21.165756,21.113914,21.286568,21.096642,21.044754,21.165756,21.148476,21.027458,21.183029,21.062057,21.027458,20.906242,20.958221,20.992851,20.836899,20.906242,20.940895,20.975533,20.992851,20.888908,20.958221,20.732758,20.645866,20.784843,20.802200,20.836899,20.767487,20.802200,20.854233,20.645866,20.750122,20.698021,20.750122,20.819542,20.524055,20.506645,20.628487,20.663254,20.715385,20.489220,20.576286,20.506645,20.698021,20.593697,20.611084,20.698021,20.524055,20.524055,20.767487,20.489220,20.732758,20.680634,20.558884,20.593697,20.541473,20.715385,20.715385,20.663254,20.524055,20.593697,20.732758,20.888908,20.784843,20.732758,20.628487,20.940895,20.854233,20.715385,20.836899,20.698021,20.854233,20.854233,20.975533,20.767487,20.871582,20.871582,20.975533,20.854233,20.958221,20.888908,20.923576,20.871582,20.923576,20.802200,20.871582,21.079346,20.871582,20.802200,20.906242,20.906242,21.027458,20.958221,20.923576,20.975533,21.113914,21.010155,20.836899,21.044754,21.044754,20.992851,20.871582,21.321045,20.663254,21.027458,20.958221,21.010155,20.975533,21.010155,20.940895,20.923576,20.871582,21.096642,20.958221,21.044754,21.131203,20.836899,20.698021,20.836899,20.992851,20.854233,20.802200,20.854233,20.906242,20.819542,20.715385,20.784843,20.715385,20.871582,20.784843,20.975533,20.958221,20.836899,21.027458,20.836899,20.958221,20.975533,20.802200,20.906242,20.854233,20.767487,20.940895,20.645866,20.888908,21.079346,20.888908,20.767487,20.750122,20.802200,20.836899,20.663254,20.836899,20.680634,20.802200,20.975533,20.784843,20.940895,20.888908,20.680634,20.992851,20.767487,20.836899,20.923576,20.784843,21.010155,20.940895,20.992851,20.645866,20.958221,20.906242,21.079346,20.958221,20.784843,20.576286,20.784843,20.906242,20.750122,20.854233,20.819542,21.131203,21.096642,20.854233,20.906242,20.854233,20.611084,21.010155,20.992851,20.767487,20.975533,21.044754,21.062057,20.593697,20.906242,21.010155,20.750122,20.784843,20.732758,20.871582,20.975533,20.975533,20.906242,20.958221,20.888908,20.992851,20.871582,20.854233,20.975533,20.784843,20.819542,20.906242,20.923576,20.992851,20.836899,21.096642,20.854233,20.836899,20.958221,20.923576,20.940895,20.906242,20.767487,20.940895,20.732758,20.906242,21.079346,21.079346,20.888908,20.906242,21.165756,21.079346,20.975533,21.062057,20.975533,21.200287,21.079346,21.148476,21.010155,20.923576,20.923576,21.062057,21.113914,21.096642,21.010155,20.871582,21.027458,20.871582,21.062057,21.096642,21.044754,21.113914,20.802200,21.096642,20.975533,20.888908,20.958221,21.252068,20.923576,21.010155,21.079346,20.923576,21.079346,20.940895,21.062057,20.992851,20.975533,20.958221,20.923576,20.958221,21.044754,21.200287,21.096642,21.148476,20.923576,20.940895,20.871582,20.784843,21.027458,20.992851,21.183029,20.906242,20.611084,21.010155,20.940895,21.113914,20.767487,20.975533,20.871582,20.940895,20.802200,20.992851,20.750122,20.975533,20.975533,21.027458,20.871582,20.923576,20.784843,20.750122,20.732758,20.958221,20.836899,20.871582,20.836899,20.854233,20.732758,20.698021,20.663254,20.611084,20.802200,20.611084,
20.419502,20.279877,20.314804,20.314804,20.105003,20.174995,20.297348,20.279877,20.262413,20.367180,20.279877,20.402061,20.419502,20.419502,20.506645,20.541473,20.524055,20.436943,20.489220,20.576286,20.558884,20.524055,20.767487,20.767487,20.784843,20.871582,20.802200,20.888908,20.975533,21.096642,21.079346,21.027458,21.113914,21.096642,21.303802,21.303802,21.079346,20.923576,20.732758,21.165756,21.113914,20.871582,21.113914,20.871582,20.732758,20.836899,20.680634,20.732758,20.784843,20.784843,20.663254,20.958221,20.715385,20.750122,21.010155,20.958221,20.784843,20.871582,21.252068,21.113914,21.027458,21.200287,21.200287,21.252068,20.940895,21.338272,21.303802,21.286568,21.303802,21.165756,21.476021,21.476021,21.510414,21.682167,21.665016,21.870644,21.647850,21.527603,21.682167,21.750755,21.904861,21.853539,21.802162,21.887764,21.853539,21.853539,21.785027,21.750755,21.750755,21.665016,21.665016,21.613518,21.750755,21.733620,21.819290,21.699318,21.699318,21.836411,21.870644,21.836411,21.647850,21.870644,21.682167,21.767891,21.939064,21.990349,21.921967,21.939064,22.007431,22.126915,22.246208,22.058662,22.007431,22.229179,22.246208,22.331291,22.246208,22.280251,22.365303,22.721489,22.602951,22.518166,22.535133,22.450264,22.484222,22.433289,22.569054,22.501198,22.399300,22.348305,22.365303,22.687645,22.246208,22.484222,22.382309,22.535133,22.467247,22.586006,22.297272,22.569054,22.399300,22.399300,22.399300,22.535133,22.399300,22.467247,22.552086,22.450264,22.382309,22.670708,22.552086,22.518166,22.399300,22.772232,22.382309,22.433289,22.501198,22.569054,22.518166,22.518166,22.569054,22.518166,22.636833,22.484222,22.399300,22.416298,22.314293,22.467247,22.195107,22.195107,22.348305,22.348305,22.416298,22.297272,22.348305,22.365303,22.382309,22.382309,22.365303,22.399300,22.263237,22.382309,22.297272,22.433289,22.450264,22.484222,22.297272,22.297272,22.314293,22.195107,22.433289,22.433289,22.399300,22.518166,22.653778,22.619896,22.450264,22.670708,22.772232,22.806038,22.873611,22.653778,22.552086,22.704575,22.636833,22.636833,22.535133,22.535133,22.399300,22.518166,22.535133,22.450264,22.653778,22.535133,22.619896,22.653778,22.552086,22.636833,22.586006,22.653778,22.670708,22.755325,22.687645,22.687645,22.670708,22.670708,22.789139,22.619896,22.586006,22.755325,22.670708,22.721489,22.789139,22.755325,22.704575,22.907379,22.586006,22.789139,22.670708,22.687645,22.721489,22.738411,22.636833,22.586006,22.586006,22.687645,22.636833,22.552086,22.501198,22.602951,22.721489,22.704575,22.636833,22.501198,22.569054,22.433289,22.738411,22.636833,22.619896,22.806038,22.687645,22.653778,22.433289,22.569054,22.501198,22.450264,22.602951,22.569054,22.518166,22.467247,22.484222,22.586006,22.518166,22.246208,22.501198,22.450264,22.143959,22.314293,22.126915,22.092789,21.956161,21.836411,21.716469,21.682167,21.682167,21.338272,21.510414,21.527603,21.148476,21.165756,21.148476,21.252068,20.992851,21.079346,21.044754,20.836899,20.767487,20.975533,20.975533,20.802200,20.836899,20.715385,20.663254,20.558884,20.802200,20.593697,20.732758,20.436943,20.524055,20.279877,20.524055,20.506645,20.506645,20.541473,20.680634,20.663254,20.558884,20.750122,20.784843,20.854233,21.096642,21.079346,21.165756,21.165756,21.200287,21.200287,21.269310,21.286568,21.096642,21.234810,21.096642,21.131203,21.269310,20.888908,21.010155,21.062057,21.079346,21.010155,20.975533,21.165756,20.940895,21.079346,20.836899,20.975533,20.802200,20.871582,20.854233,21.062057,20.802200,20.767487,20.767487,20.854233,20.819542,20.732758,20.715385,20.802200,20.732758,20.680634,20.576286,20.715385,20.819542,20.802200,20.454369,20.715385,20.558884,20.698021,20.593697,20.489220,20.506645,20.576286,20.297348,20.558884,20.489220,20.698021,20.593697,20.576286,20.471802,20.611084,20.489220,20.628487,20.715385,20.524055,20.698021,20.698021,20.524055,20.524055,20.524055,20.680634,20.802200,20.611084,20.593697,20.628487,20.750122,20.715385,20.645866,20.802200,20.698021,20.802200,20.767487,20.819542,20.836899,20.888908,20.906242,20.767487,21.010155,20.958221,20.750122,20.958221,20.906242,20.958221,20.836899,21.096642,20.923576,20.940895,20.819542,20.975533,21.044754,20.715385,20.854233,20.940895,21.044754,20.992851,21.010155,20.940895,20.715385,20.732758,20.992851,20.836899,20.819542,20.819542,20.784843,20.715385,20.663254,20.975533,20.940895,20.819542,20.871582,20.750122,20.854233,20.784843,20.923576,20.992851,20.975533,21.079346,20.784843,20.732758,20.871582,20.750122,20.958221,20.715385,20.854233,20.715385,20.888908,20.750122,20.906242,20.975533,20.558884,20.732758,20.854233,20.992851,20.767487,20.732758,20.819542,20.750122,20.750122,20.645866,20.732758,20.854233,20.888908,20.784843,20.750122,21.010155,20.680634,20.784843,20.871582,20.854233,20.802200,20.611084,21.010155,20.871582,20.958221,20.784843,20.871582,20.958221,20.958221,20.698021,21.027458,20.854233,20.784843,20.750122,20.784843,20.802200,20.680634,20.854233,20.645866,21.010155,21.010155,20.593697,20.819542,20.715385,20.871582,20.767487,20.732758,20.558884,20.732758,20.854233,20.732758,20.784843,20.663254,20.784843,20.802200,20.698021,20.836899,20.767487,20.732758,20.558884,20.767487,20.767487,20.836899,20.836899,20.819542,20.732758,20.628487,20.923576,20.767487,20.854233,20.836899,20.923576,20.802200,20.836899,20.836899,20.888908,21.079346,20.871582,20.871582,20.888908,20.645866,20.958221,20.802200,20.784843,20.836899,20.698021,20.819542,20.854233,20.992851,20.923576,20.802200,21.062057,20.698021,20.888908,20.923576,20.802200,20.854233,20.958221,21.044754,20.923576,20.975533,20.802200,20.906242,20.784843,20.767487,21.113914,21.062057,20.940895,20.906242,20.854233,20.992851,21.027458,21.027458,21.044754,21.165756,20.819542,20.958221,20.923576,20.940895,20.975533,21.044754,20.871582,21.096642,21.079346,21.044754,20.906242,20.836899,21.044754,21.113914,20.836899,20.854233,20.819542,20.940895,21.131203,21.148476,20.854233,20.802200,20.836899,20.698021,20.836899,21.131203,20.854233,20.975533,20.767487,20.958221,20.923576,20.802200,21.010155,20.628487,20.906242,21.079346,20.923576,20.975533,21.113914,20.819542,20.940895,20.836899,20.975533,21.010155,20.992851,20.715385,20.819542,20.767487,20.698021,21.010155,20.802200,20.715385,20.750122,20.506645,20.854233,20.593697,20.767487,20.888908,20.819542,20.576286,20.923576,20.663254,20.854233,20.732758,20.715385,20.802200,20.698021,20.819542,20.975533,
20.140007,19.999893,20.192490,20.105003,20.157509,20.087494,20.174995,20.140007,20.034943,20.384621,20.209976,20.227455,20.209976,20.541473,20.506645,20.576286,20.436943,20.750122,20.558884,20.593697,20.489220,20.750122,20.784843,20.558884,20.715385,20.750122,20.836899,21.027458,21.010155,20.940895,20.871582,20.940895,20.854233,20.975533,21.269310,21.079346,21.044754,21.079346,20.940895,21.027458,20.750122,20.975533,21.044754,21.010155,20.906242,20.645866,20.888908,20.628487,20.819542,20.871582,20.784843,20.871582,20.836899,20.750122,20.836899,21.027458,21.027458,20.975533,21.044754,21.062057,21.044754,21.148476,21.148476,21.234810,21.252068,21.269310,21.269310,21.183029,21.286568,21.234810,21.407181,21.527603,21.630684,21.699318,21.716469,21.802162,21.785027,21.716469,21.716469,21.921967,21.802162,21.802162,21.699318,21.853539,21.887764,21.870644,21.699318,21.716469,21.870644,21.750755,21.510414,21.647850,21.665016,21.733620,22.007431,21.887764,21.630684,21.750755,21.767891,21.630684,21.853539,22.075729,21.767891,21.750755,21.973259,21.904861,21.939064,21.939064,22.161018,22.058662,22.109856,22.109856,22.280251,22.195107,22.382309,22.433289,22.331291,22.636833,22.518166,22.297272,22.687645,22.280251,22.518166,22.619896,22.552086,22.535133,22.687645,22.484222,22.518166,22.433289,22.399300,22.348305,22.501198,22.535133,22.518166,22.399300,22.280251,22.569054,22.501198,22.518166,22.331291,22.467247,22.467247,22.450264,22.518166,22.552086,22.331291,22.433289,22.569054,22.704575,22.433289,22.399300,22.365303,22.670708,22.569054,22.569054,22.501198,22.653778,22.552086,22.399300,22.569054,22.653778,22.501198,22.552086,22.569054,22.331291,22.399300,22.331291,22.331291,22.416298,22.212143,22.450264,22.365303,22.399300,22.399300,22.365303,22.450264,22.399300,22.331291,22.365303,22.416298,22.365303,22.246208,22.450264,22.467247,22.416298,22.450264,22.518166,22.314293,22.467247,22.382309,22.348305,22.450264,22.484222,22.399300,22.569054,22.535133,22.738411,22.806038,22.772232,22.670708,22.806038,22.721489,22.602951,22.738411,22.738411,22.552086,22.586006,22.772232,22.586006,22.636833,22.789139,22.501198,22.704575,22.721489,22.586006,22.535133,22.602951,22.704575,22.772232,22.873611,22.653778,22.586006,22.704575,22.670708,22.670708,22.670708,22.670708,22.789139,22.670708,22.856728,22.704575,22.822945,22.738411,22.755325,22.687645,22.839836,22.636833,22.653778,22.789139,22.721489,22.789139,22.670708,22.704575,22.704575,22.569054,22.619896,22.721489,22.569054,22.619896,22.653778,22.636833,22.806038,22.670708,22.806038,22.552086,22.687645,22.619896,22.552086,22.602951,22.653778,22.586006,22.653778,22.636833,22.535133,22.382309,22.518166,22.484222,22.450264,22.365303,22.365303,22.450264,22.416298,22.602951,22.297272,22.331291,22.212143,22.263237,22.143959,21.904861,22.092789,21.956161,21.785027,21.802162,21.630684,21.596336,21.407181,21.183029,21.183029,21.321045,21.113914,21.321045,21.062057,21.165756,21.113914,21.010155,20.802200,20.906242,21.113914,21.044754,20.871582,20.767487,20.698021,20.767487,20.715385,20.836899,20.663254,20.628487,20.524055,20.593697,20.471802,20.489220,20.506645,20.436943,20.558884,20.802200,20.732758,20.732758,20.715385,20.836899,20.958221,21.027458,21.148476,21.113914,21.217552,21.269310,21.234810,21.217552,20.992851,21.165756,20.906242,21.269310,21.079346,20.958221,20.940895,20.992851,21.148476,21.113914,20.871582,21.010155,20.940895,21.010155,20.871582,20.836899,20.750122,20.854233,20.767487,20.871582,20.732758,20.802200,20.802200,20.750122,20.819542,20.715385,20.454369,20.593697,20.698021,20.680634,20.593697,20.715385,20.715385,20.611084,20.541473,20.698021,20.593697,20.645866,20.593697,20.767487,20.541473,20.541473,20.576286,20.611084,20.593697,20.576286,20.541473,20.611084,20.593697,20.471802,20.524055,20.576286,20.645866,20.611084,20.314804,20.611084,20.732758,20.402061,20.576286,20.524055,20.279877,20.611084,20.715385,20.524055,20.628487,20.367180,20.767487,20.558884,20.663254,20.784843,20.628487,20.698021,20.680634,20.732758,20.645866,20.784843,20.628487,20.854233,20.732758,20.698021,20.663254,20.819542,20.698021,20.698021,20.698021,20.784843,20.698021,20.871582,20.802200,20.767487,20.680634,20.680634,20.819542,20.836899,20.958221,20.784843,20.750122,20.715385,20.698021,20.819542,20.854233,21.027458,20.802200,20.680634,20.975533,20.767487,20.923576,20.871582,20.698021,20.871582,20.680634,20.802200,20.819542,20.802200,20.940895,20.715385,20.750122,20.802200,20.784843,20.732758,20.611084,20.819542,20.854233,20.698021,20.854233,20.750122,20.732758,20.611084,20.923576,20.836899,20.732758,20.888908,20.767487,20.750122,20.663254,20.871582,20.663254,20.680634,20.750122,20.541473,20.698021,20.906242,20.645866,20.802200,20.836899,20.958221,20.802200,20.489220,20.767487,20.802200,20.645866,20.593697,20.750122,20.750122,20.750122,20.906242,20.663254,20.576286,20.715385,20.680634,20.767487,20.767487,20.767487,20.784843,20.611084,20.732758,20.628487,20.871582,20.750122,20.645866,20.558884,20.732758,20.558884,20.732758,20.732758,20.767487,20.645866,20.506645,20.940895,20.836899,20.732758,20.836899,20.524055,20.750122,20.663254,20.888908,20.680634,20.888908,20.732758,20.645866,20.541473,20.854233,20.732758,20.698021,20.871582,20.940895,20.732758,20.680634,20.784843,20.784843,21.027458,20.732758,20.819542,20.802200,20.819542,20.854233,20.906242,20.802200,20.906242,20.698021,20.871582,20.819542,20.854233,20.854233,20.836899,20.906242,20.958221,20.698021,20.576286,20.836899,20.871582,20.940895,20.836899,21.044754,20.767487,21.010155,20.836899,20.958221,20.923576,20.958221,20.940895,21.062057,20.975533,20.819542,21.044754,20.958221,20.923576,20.871582,21.027458,21.096642,20.923576,21.044754,20.975533,20.854233,20.836899,21.096642,20.940895,21.044754,20.975533,21.217552,20.958221,20.923576,20.975533,20.940895,20.784843,20.784843,20.923576,20.940895,20.923576,20.958221,21.113914,20.888908,20.819542,21.131203,20.958221,20.750122,20.819542,20.715385,20.836899,20.871582,21.096642,21.096642,20.698021,20.958221,20.836899,20.906242,20.992851,20.871582,20.732758,20.940895,20.836899,20.802200,20.836899,20.871582,21.010155,20.958221,20.940895,20.663254,20.698021,20.680634,20.784843,20.888908,20.836899,20.940895,20.750122,20.958221,20.819542,20.698021,20.750122,20.715385,20.558884,20.506645,20.593697,20.784843,20.750122,20.767487,20.819542,20.906242,20.715385,20.698021,20.680634,20.784843,
20.122513,19.929733,20.034943,20.017418,20.105003,20.140007,19.929733,19.859520,20.069977,20.384621,20.402061,20.227455,20.279877,20.140007,20.297348,20.663254,20.506645,20.489220,20.506645,20.402061,20.436943,20.402061,20.558884,20.698021,20.628487,20.663254,20.854233,20.940895,21.010155,20.871582,20.940895,20.923576,21.113914,21.044754,21.027458,21.044754,21.027458,20.958221,21.113914,21.044754,21.010155,21.079346,20.923576,20.854233,20.888908,20.784843,20.819542,20.836899,20.750122,20.767487,20.802200,20.819542,20.732758,20.871582,20.819542,20.992851,21.044754,20.992851,21.148476,21.217552,20.975533,21.148476,21.217552,21.044754,21.234810,21.321045,21.165756,21.269310,21.303802,21.630684,21.493217,21.372734,21.630684,21.682167,21.750755,21.750755,21.767891,21.819290,21.579163,21.853539,21.750755,21.853539,21.785027,21.785027,21.853539,21.887764,21.733620,21.785027,21.665016,21.716469,21.853539,21.682167,21.853539,21.527603,21.733620,21.699318,21.956161,21.956161,22.058662,21.802162,22.007431,21.853539,21.733620,21.836411,21.939064,21.733620,21.870644,22.092789,21.750755,22.161018,22.092789,22.109856,22.075729,22.331291,22.297272,22.314293,22.212143,22.433289,22.348305,22.331291,22.586006,22.467247,22.229179,22.382309,22.365303,22.399300,22.552086,22.569054,22.467247,22.484222,22.433289,22.263237,22.195107,22.501198,22.263237,22.433289,22.569054,22.535133,22.416298,22.297272,22.365303,22.433289,22.348305,22.535133,22.331291,22.246208,22.399300,22.365303,22.484222,22.433289,22.416298,22.450264,22.348305,22.484222,22.365303,22.399300,22.586006,22.484222,22.280251,22.586006,22.416298,22.619896,22.433289,22.518166,22.331291,22.535133,22.212143,22.263237,22.212143,22.246208,22.382309,22.348305,22.416298,22.382309,22.348305,22.280251,22.348305,22.314293,22.331291,22.348305,22.314293,22.467247,22.280251,22.280251,22.246208,22.348305,22.212143,22.484222,22.161018,22.365303,22.365303,22.467247,22.297272,22.569054,22.501198,22.518166,22.822945,22.653778,22.569054,22.518166,22.484222,22.721489,22.653778,22.755325,22.518166,22.653778,22.653778,22.535133,22.433289,22.619896,22.433289,22.501198,22.670708,22.619896,22.484222,22.636833,22.636833,22.518166,22.535133,22.535133,22.670708,22.806038,22.755325,22.619896,22.687645,22.704575,22.687645,22.806038,22.636833,22.552086,22.636833,22.602951,22.755325,22.619896,22.738411,22.721489,22.721489,22.856728,22.738411,22.670708,22.755325,22.772232,22.636833,22.653778,22.569054,22.467247,22.416298,22.450264,22.670708,22.687645,22.450264,22.535133,22.535133,22.721489,22.552086,22.518166,22.518166,22.653778,22.687645,22.670708,22.433289,22.365303,22.602951,22.484222,22.280251,22.552086,22.433289,22.433289,22.467247,22.365303,22.518166,22.416298,22.484222,22.331291,22.535133,22.212143,22.161018,22.143959,21.904861,21.990349,22.092789,21.921967,21.819290,21.785027,21.682167,21.596336,21.407181,21.424393,21.338272,21.183029,21.010155,20.940895,21.027458,21.165756,21.096642,20.871582,21.010155,20.923576,21.079346,20.732758,20.784843,20.906242,20.715385,20.663254,20.663254,20.628487,20.576286,20.611084,20.628487,20.698021,20.558884,20.558884,20.680634,20.558884,20.680634,20.750122,20.698021,20.854233,20.750122,20.958221,20.940895,20.992851,20.975533,21.079346,21.183029,21.079346,21.165756,21.165756,21.044754,21.200287,21.252068,21.131203,21.113914,21.010155,20.906242,20.992851,21.044754,20.906242,20.906242,20.819542,20.819542,20.888908,20.888908,20.906242,20.784843,20.784843,20.645866,20.645866,20.767487,20.645866,20.628487,20.732758,20.611084,20.611084,20.645866,20.541473,20.611084,20.541473,20.611084,20.454369,20.593697,20.524055,20.436943,20.402061,20.611084,20.454369,20.402061,20.645866,20.349724,20.244934,20.454369,20.384621,20.436943,20.576286,20.419502,20.558884,20.279877,20.471802,20.297348,20.541473,20.419502,20.628487,20.419502,20.367180,20.436943,20.611084,20.506645,20.506645,20.611084,20.698021,20.471802,20.454369,20.524055,20.454369,20.454369,20.593697,20.593697,20.524055,20.611084,20.819542,20.611084,20.680634,20.784843,20.576286,20.593697,20.558884,20.611084,20.819542,20.836899,20.750122,20.732758,20.732758,20.663254,20.854233,20.593697,20.802200,20.645866,20.680634,20.732758,20.767487,20.680634,20.645866,20.541473,20.784843,20.784843,20.680634,20.819542,20.802200,20.750122,20.784843,20.576286,20.767487,20.611084,20.558884,20.715385,20.819542,20.732758,20.663254,20.541473,20.819542,20.698021,20.854233,20.836899,20.767487,20.698021,20.767487,20.680634,20.871582,20.576286,20.576286,20.750122,20.750122,20.767487,20.888908,20.715385,20.732758,20.645866,20.698021,20.593697,20.436943,20.663254,20.611084,20.593697,20.750122,20.645866,20.611084,20.541473,20.541473,20.506645,20.680634,20.663254,20.750122,20.558884,20.558884,20.663254,20.698021,20.541473,20.593697,20.576286,20.715385,20.767487,20.645866,20.471802,20.663254,20.663254,20.558884,20.628487,20.419502,20.558884,20.819542,20.784843,20.593697,20.715385,20.663254,20.558884,20.680634,20.454369,20.767487,20.645866,20.524055,20.645866,20.663254,20.663254,20.680634,20.663254,20.645866,20.715385,20.802200,20.593697,20.732758,20.628487,20.732758,20.680634,20.854233,20.663254,20.558884,20.802200,20.715385,20.698021,20.819542,20.524055,20.663254,20.836899,20.680634,20.750122,20.524055,20.593697,20.297348,20.732758,20.715385,20.663254,20.680634,20.628487,20.680634,20.541473,20.732758,20.698021,20.836899,20.680634,20.819542,20.767487,20.836899,20.732758,20.871582,20.802200,20.558884,20.645866,20.593697,20.698021,20.645866,20.663254,20.784843,20.784843,20.854233,20.750122,20.871582,20.593697,20.767487,20.819542,20.854233,20.871582,20.871582,20.767487,20.854233,20.767487,20.871582,20.784843,20.975533,20.888908,20.854233,20.906242,20.975533,20.958221,20.923576,20.923576,20.767487,20.923576,20.698021,21.062057,20.888908,21.062057,20.767487,20.680634,20.871582,20.802200,20.802200,20.958221,20.628487,20.819542,20.819542,20.888908,20.645866,21.010155,20.871582,20.819542,20.923576,20.750122,20.715385,20.888908,20.628487,20.906242,20.992851,20.819542,20.767487,20.628487,20.767487,20.593697,20.698021,20.767487,20.698021,20.750122,20.715385,20.854233,20.715385,20.767487,20.784843,20.750122,20.819542,20.836899,20.541473,20.906242,20.802200,20.819542,20.506645,20.698021,20.888908,20.802200,20.888908,20.611084,20.576286,20.871582,20.541473,20.645866,20.871582,20.680634,20.750122,20.524055,20.784843,20.854233,20.819542,
20.227455,20.052460,20.034943,19.999893,20.244934,19.947273,20.105003,20.192490,20.122513,20.087494,19.877083,20.209976,20.069977,20.349724,20.227455,20.297348,20.541473,20.279877,20.436943,20.367180,20.454369,20.506645,20.541473,20.628487,20.645866,20.506645,20.715385,20.698021,20.888908,21.044754,20.836899,20.923576,20.975533,20.992851,20.975533,20.992851,21.027458,20.958221,20.923576,21.131203,20.975533,21.113914,20.992851,21.044754,20.992851,20.975533,20.940895,20.975533,20.767487,20.958221,20.802200,20.836899,20.906242,21.010155,20.923576,20.906242,20.992851,21.148476,21.079346,21.148476,21.027458,21.561981,20.906242,21.165756,21.269310,21.458817,21.372734,21.303802,21.286568,21.527603,21.561981,21.476021,21.630684,21.767891,21.836411,21.630684,21.699318,22.092789,21.836411,21.887764,21.853539,21.853539,21.750755,21.921967,22.058662,21.699318,21.785027,21.750755,21.596336,21.579163,21.630684,21.716469,21.785027,21.613518,21.613518,21.630684,21.767891,21.887764,21.870644,21.802162,21.699318,22.126915,21.853539,21.853539,22.058662,21.921967,21.973259,22.007431,21.921967,21.921967,21.887764,22.143959,22.024513,22.058662,22.195107,22.229179,22.263237,22.433289,22.399300,22.535133,22.365303,22.399300,22.382309,22.331291,22.297272,22.416298,22.263237,22.535133,22.416298,22.433289,22.467247,22.399300,22.433289,22.314293,22.246208,22.246208,22.382309,22.433289,22.246208,22.399300,22.348305,22.382309,22.041588,22.365303,22.195107,22.484222,22.229179,22.314293,22.229179,22.365303,22.280251,22.365303,22.450264,22.518166,22.212143,22.552086,22.399300,22.246208,22.331291,22.314293,22.450264,22.501198,22.399300,22.178062,22.263237,22.075729,22.212143,22.229179,22.484222,22.195107,22.263237,22.246208,22.229179,22.263237,22.246208,22.348305,22.195107,22.178062,22.501198,22.297272,22.246208,22.280251,22.109856,22.280251,22.178062,22.161018,22.246208,22.195107,22.195107,22.263237,22.229179,22.314293,22.348305,22.501198,22.450264,22.501198,22.653778,22.535133,22.619896,22.433289,22.382309,22.586006,22.602951,22.586006,22.501198,22.602951,22.467247,22.552086,22.416298,22.433289,22.450264,22.382309,22.484222,22.535133,22.348305,22.382309,22.602951,22.602951,22.586006,22.721489,22.467247,22.586006,22.416298,22.535133,22.450264,22.484222,22.501198,22.501198,22.569054,22.586006,22.586006,22.518166,22.619896,22.535133,22.552086,22.619896,22.450264,22.670708,22.653778,22.636833,22.484222,22.619896,22.280251,22.552086,22.501198,22.433289,22.416298,22.619896,22.535133,22.586006,22.382309,22.535133,22.552086,22.687645,22.518166,22.619896,22.484222,22.822945,22.704575,22.535133,22.535133,22.433289,22.331291,22.331291,22.586006,22.246208,22.416298,22.195107,22.450264,22.348305,22.467247,22.263237,22.399300,22.382309,22.143959,22.143959,22.041588,22.092789,21.836411,21.870644,21.939064,21.904861,21.716469,21.458817,21.647850,21.321045,21.286568,21.372734,21.303802,21.234810,21.079346,21.113914,21.200287,21.131203,21.062057,21.252068,21.096642,20.992851,21.062057,20.888908,21.062057,20.940895,20.784843,20.906242,20.819542,20.750122,20.645866,20.680634,20.541473,20.558884,20.611084,20.732758,20.349724,20.489220,20.767487,20.698021,20.680634,20.819542,20.715385,20.663254,20.819542,21.131203,20.975533,20.992851,20.975533,20.958221,21.027458,21.079346,20.992851,21.096642,20.975533,21.096642,20.819542,20.888908,21.131203,21.010155,20.854233,20.819542,20.888908,20.854233,20.819542,20.715385,20.698021,20.802200,20.784843,20.732758,20.906242,20.576286,20.663254,20.698021,20.524055,20.732758,20.645866,20.663254,20.541473,20.349724,20.524055,20.593697,20.524055,20.489220,20.314804,20.576286,20.314804,20.471802,20.349724,20.593697,20.436943,20.436943,20.402061,20.471802,20.419502,20.489220,20.436943,20.314804,20.402061,20.227455,20.227455,20.332268,20.489220,20.454369,20.541473,20.122513,20.332268,20.471802,20.436943,20.454369,20.576286,20.367180,20.332268,20.279877,20.471802,20.436943,20.436943,20.715385,20.471802,20.297348,20.541473,20.663254,20.419502,20.628487,20.384621,20.611084,20.384621,20.541473,20.489220,20.663254,20.593697,20.611084,20.611084,20.611084,20.558884,20.558884,20.663254,20.750122,20.628487,20.645866,20.784843,20.645866,20.628487,20.715385,20.628487,20.784843,20.611084,20.541473,20.888908,20.698021,20.611084,20.558884,20.784843,20.628487,20.715385,20.628487,20.698021,20.750122,20.645866,20.576286,20.454369,20.663254,20.698021,20.611084,20.628487,20.541473,20.854233,20.732758,20.698021,20.732758,20.715385,20.489220,20.628487,20.698021,20.732758,20.819542,20.715385,20.628487,20.558884,20.576286,20.576286,20.715385,20.558884,20.611084,20.541473,20.593697,20.419502,20.628487,20.558884,20.593697,20.645866,20.541473,20.663254,20.576286,20.611084,20.541473,20.611084,20.680634,20.680634,20.524055,20.715385,20.454369,20.506645,20.645866,20.524055,20.524055,20.628487,20.558884,20.663254,20.750122,20.489220,20.593697,20.506645,20.645866,20.767487,20.628487,20.576286,20.698021,20.732758,20.367180,20.541473,20.663254,20.645866,20.802200,20.332268,20.732758,20.645866,20.576286,20.576286,20.454369,20.732758,20.558884,20.611084,20.645866,20.349724,20.680634,20.506645,20.593697,20.628487,20.506645,20.645866,20.698021,20.576286,20.576286,20.663254,20.402061,20.436943,20.611084,20.698021,20.663254,20.436943,20.715385,20.471802,20.750122,20.384621,20.698021,20.628487,20.611084,20.906242,20.836899,20.663254,20.888908,20.767487,20.611084,20.645866,20.836899,20.698021,20.871582,20.628487,20.628487,20.732758,20.784843,20.611084,20.767487,20.698021,20.663254,20.645866,20.888908,20.680634,20.784843,20.663254,20.506645,20.715385,20.698021,20.767487,20.680634,20.854233,20.715385,20.784843,20.871582,20.767487,20.750122,20.888908,20.906242,20.888908,20.819542,20.715385,20.923576,20.715385,20.923576,20.524055,20.663254,20.784843,20.698021,20.836899,20.819542,20.854233,20.940895,20.732758,20.645866,20.784843,20.767487,20.593697,20.802200,20.854233,20.680634,20.663254,20.819542,20.645866,20.698021,21.027458,20.593697,20.767487,20.715385,20.750122,20.611084,20.836899,20.802200,20.732758,20.767487,20.923576,20.854233,20.836899,20.628487,20.541473,20.802200,20.524055,20.645866,20.767487,20.593697,20.888908,20.645866,20.732758,20.645866,20.784843,20.576286,20.802200,20.992851,20.888908,20.611084,20.593697,20.541473,20.819542,20.836899,20.506645,20.767487,20.698021,20.802200,20.611084,20.680634,20.715385,20.558884,20.819542,20.958221,
19.982353,19.877083,19.982353,19.877083,19.718910,19.929733,19.771667,19.947273,20.087494,20.017418,19.789246,20.174995,19.894638,20.244934,19.894638,20.454369,20.157509,20.192490,20.419502,20.506645,20.332268,20.402061,20.436943,20.680634,20.506645,20.680634,20.819542,20.558884,20.923576,20.836899,20.750122,21.027458,20.923576,21.027458,20.992851,20.975533,20.888908,21.010155,21.079346,20.992851,21.148476,21.096642,21.165756,20.819542,20.975533,21.044754,21.131203,20.958221,20.767487,20.836899,20.975533,21.131203,20.854233,21.234810,21.027458,20.975533,20.975533,21.131203,21.148476,21.062057,21.062057,21.234810,21.234810,21.062057,21.113914,21.321045,21.338272,21.269310,21.286568,21.458817,21.544792,21.527603,21.750755,21.802162,21.699318,21.853539,21.682167,21.802162,21.733620,21.785027,21.853539,21.870644,21.990349,21.921967,21.716469,21.853539,21.733620,21.733620,21.561981,21.767891,21.476021,21.802162,21.716469,21.647850,21.665016,21.613518,21.699318,21.596336,21.785027,21.767891,21.836411,21.956161,21.921967,21.750755,22.143959,22.092789,21.939064,22.024513,21.785027,22.058662,21.939064,22.109856,22.041588,22.143959,22.126915,22.161018,22.195107,22.143959,22.280251,22.195107,22.348305,22.212143,22.297272,22.280251,22.212143,22.331291,22.331291,22.297272,22.314293,22.229179,22.229179,22.467247,22.178062,22.365303,22.280251,22.280251,22.450264,22.602951,22.280251,22.314293,22.297272,22.331291,22.178062,22.314293,22.229179,22.365303,21.973259,22.212143,22.075729,22.280251,22.246208,22.195107,22.109856,22.161018,22.297272,22.263237,22.297272,22.297272,22.126915,22.161018,22.212143,22.161018,22.212143,22.195107,22.246208,22.178062,22.161018,22.212143,22.314293,22.041588,22.058662,22.195107,22.195107,21.956161,22.246208,22.212143,22.161018,22.246208,22.178062,22.126915,22.246208,22.161018,22.297272,22.212143,22.382309,22.161018,22.212143,22.229179,22.178062,22.229179,22.024513,22.058662,22.331291,22.195107,22.433289,22.399300,22.467247,22.484222,22.178062,22.484222,22.382309,22.416298,22.297272,22.467247,22.280251,22.280251,22.314293,22.348305,22.467247,22.331291,22.399300,22.399300,22.195107,22.382309,22.518166,22.314293,22.569054,22.331291,22.348305,22.297272,22.518166,22.399300,22.331291,22.399300,22.433289,22.382309,22.467247,22.535133,22.399300,22.382309,22.484222,22.535133,22.535133,22.450264,22.433289,22.518166,22.602951,22.535133,22.399300,22.450264,22.433289,22.501198,22.195107,22.382309,22.331291,22.314293,22.433289,22.399300,22.348305,22.416298,22.212143,22.314293,22.195107,22.416298,22.535133,22.365303,22.348305,22.433289,22.484222,22.365303,22.314293,22.331291,22.297272,22.195107,22.161018,22.280251,22.161018,22.143959,22.161018,22.143959,22.212143,22.143959,22.092789,22.229179,22.058662,22.263237,22.007431,21.956161,21.853539,21.836411,21.613518,21.647850,21.630684,21.527603,21.527603,21.407181,21.234810,21.200287,21.217552,21.183029,21.286568,21.044754,20.992851,21.044754,21.044754,20.958221,20.940895,21.113914,20.923576,20.819542,20.819542,20.888908,21.044754,20.750122,20.750122,20.471802,20.645866,20.611084,20.506645,20.645866,20.419502,20.367180,20.576286,20.628487,20.558884,20.506645,20.871582,20.558884,20.663254,20.958221,20.906242,20.767487,20.992851,21.148476,21.044754,21.027458,21.044754,21.131203,21.027458,21.010155,21.148476,20.975533,21.079346,20.819542,21.010155,20.992851,20.923576,20.975533,20.923576,20.802200,20.854233,20.767487,20.888908,20.524055,20.836899,20.767487,20.628487,20.663254,20.524055,20.611084,20.576286,20.506645,20.506645,20.558884,20.367180,20.524055,20.524055,20.471802,20.402061,20.663254,20.349724,20.384621,20.436943,20.244934,20.489220,20.332268,20.489220,20.419502,20.297348,20.419502,20.367180,20.402061,20.419502,20.349724,20.541473,20.436943,20.367180,20.314804,20.367180,20.402061,20.209976,20.332268,20.558884,20.227455,20.279877,20.454369,20.436943,20.244934,20.419502,20.419502,20.454369,20.349724,20.314804,20.524055,20.332268,20.297348,20.680634,20.402061,20.524055,20.506645,20.506645,20.698021,20.454369,20.541473,20.419502,20.541473,20.524055,20.576286,20.454369,20.576286,20.524055,20.541473,20.767487,20.541473,20.732758,20.541473,20.576286,20.680634,20.645866,20.611084,20.558884,20.576286,20.576286,20.576286,20.645866,20.541473,20.645866,20.732758,20.628487,20.576286,20.524055,20.628487,20.471802,20.576286,20.541473,20.802200,20.611084,20.541473,20.611084,20.558884,20.593697,20.593697,20.645866,20.645866,20.663254,20.593697,20.715385,20.558884,20.506645,20.663254,20.541473,20.698021,20.645866,20.593697,20.593697,20.680634,20.367180,20.436943,20.471802,20.367180,20.384621,20.663254,20.436943,20.558884,20.436943,20.489220,20.663254,20.471802,20.611084,20.541473,20.454369,20.471802,20.506645,20.645866,20.628487,20.750122,20.436943,20.384621,20.506645,20.524055,20.698021,20.541473,20.558884,20.524055,20.645866,20.489220,20.454369,20.402061,20.332268,20.680634,20.314804,20.558884,20.698021,20.576286,20.506645,20.419502,20.279877,20.367180,20.402061,20.367180,20.576286,20.384621,20.367180,20.384621,20.541473,20.367180,20.402061,20.419502,20.541473,20.558884,20.384621,20.419502,20.524055,20.576286,20.715385,20.663254,20.314804,20.471802,20.506645,20.489220,20.471802,20.419502,20.436943,20.541473,20.680634,20.628487,20.454369,20.576286,20.767487,20.593697,20.454369,20.645866,20.698021,20.489220,20.489220,20.489220,20.663254,20.645866,20.454369,20.784843,20.628487,20.698021,20.680634,20.680634,20.524055,20.611084,20.698021,20.471802,20.506645,20.611084,20.593697,20.698021,20.680634,20.836899,20.436943,20.663254,20.680634,20.628487,20.750122,20.558884,20.732758,20.541473,20.732758,20.436943,20.819542,20.784843,20.767487,20.663254,20.611084,20.836899,20.732758,20.680634,20.715385,20.593697,20.680634,20.576286,20.524055,20.802200,20.698021,20.750122,20.836899,20.923576,20.698021,20.663254,20.750122,20.645866,20.489220,20.593697,20.784843,20.506645,20.663254,20.593697,20.593697,20.854233,20.576286,20.715385,20.732758,20.524055,20.802200,20.698021,20.715385,20.906242,20.732758,20.836899,20.680634,20.628487,20.698021,20.611084,20.558884,20.576286,20.715385,20.784843,20.367180,20.558884,20.628487,20.645866,20.489220,20.611084,20.541473,20.367180,20.593697,20.819542,20.611084,20.645866,20.419502,20.524055,20.471802,20.506645,20.576286,20.628487,20.715385,20.663254,20.332268,20.436943,20.628487,20.593697,20.506645,20.663254,20.645866,20.750122,
20.262413,19.841957,19.999893,19.859520,19.736496,19.771667,19.894638,19.771667,19.859520,20.017418,19.964821,20.069977,19.999893,19.947273,20.069977,20.227455,20.069977,20.122513,20.227455,20.402061,20.297348,20.436943,20.332268,20.332268,20.349724,20.750122,20.576286,20.628487,20.715385,20.819542,20.645866,20.819542,20.698021,20.906242,21.044754,21.027458,20.940895,21.010155,21.079346,21.062057,20.923576,21.183029,20.975533,21.027458,21.044754,21.044754,21.183029,21.079346,20.750122,20.836899,20.836899,20.958221,20.923576,21.165756,21.044754,21.079346,21.165756,21.165756,21.372734,21.200287,21.183029,21.286568,21.217552,21.096642,21.286568,21.407181,21.355507,21.407181,21.596336,21.458817,21.441612,21.579163,21.836411,21.699318,21.716469,21.767891,21.939064,21.870644,22.075729,22.246208,21.819290,21.785027,21.921967,21.836411,21.767891,21.819290,21.750755,21.630684,21.561981,21.767891,21.716469,21.510414,21.665016,21.682167,21.699318,21.596336,21.647850,21.802162,21.647850,21.853539,22.007431,21.956161,21.870644,21.767891,21.870644,21.699318,21.785027,21.802162,21.921967,21.870644,21.973259,21.904861,22.024513,22.024513,22.126915,22.092789,22.229179,22.161018,22.229179,22.229179,22.297272,22.126915,22.331291,22.331291,22.212143,22.229179,22.331291,22.382309,22.229179,22.297272,22.280251,22.450264,22.280251,22.195107,22.297272,22.263237,22.297272,22.348305,22.041588,22.314293,22.109856,22.075729,22.143959,22.126915,22.126915,22.007431,22.092789,22.109856,22.075729,22.195107,22.024513,22.212143,22.041588,22.263237,22.058662,22.126915,22.161018,22.126915,22.212143,22.263237,22.263237,22.212143,22.109856,22.143959,22.229179,22.246208,21.921967,22.143959,21.990349,22.126915,22.041588,22.109856,22.126915,22.109856,22.024513,22.143959,22.195107,22.143959,22.280251,22.212143,22.143959,22.092789,22.195107,22.058662,22.143959,22.041588,22.007431,22.297272,22.178062,22.041588,22.075729,22.126915,22.246208,22.024513,22.229179,22.212143,22.399300,22.314293,22.246208,22.484222,22.297272,22.348305,22.246208,22.178062,22.212143,22.143959,22.041588,22.297272,22.229179,22.569054,22.195107,22.433289,22.331291,22.314293,22.263237,22.297272,22.382309,22.416298,22.280251,22.382309,22.399300,22.280251,22.314293,22.331291,22.297272,22.297272,22.246208,22.280251,22.246208,22.348305,22.246208,22.467247,22.467247,22.382309,22.484222,22.365303,22.246208,22.450264,22.109856,22.263237,22.331291,22.212143,22.331291,22.365303,22.246208,22.143959,22.280251,22.331291,22.161018,22.331291,22.229179,22.518166,22.382309,22.212143,22.348305,22.263237,22.416298,22.433289,22.143959,22.348305,22.161018,22.331291,22.246208,22.348305,22.212143,22.161018,22.126915,22.229179,21.973259,22.007431,22.075729,21.990349,21.956161,22.041588,21.870644,22.058662,21.887764,22.007431,21.836411,21.750755,21.767891,21.647850,21.647850,21.424393,21.424393,21.338272,21.321045,21.148476,21.044754,21.183029,21.338272,21.027458,20.992851,21.010155,20.958221,20.906242,21.027458,21.148476,20.871582,20.888908,20.992851,20.836899,20.750122,20.593697,20.680634,20.645866,20.541473,20.715385,20.558884,20.663254,20.628487,20.454369,20.471802,20.593697,20.489220,20.489220,20.611084,20.680634,20.750122,20.524055,20.940895,20.958221,20.854233,20.923576,21.148476,20.784843,21.062057,21.079346,21.010155,20.906242,20.888908,20.836899,21.131203,20.906242,20.888908,20.992851,21.079346,20.802200,21.027458,20.871582,20.888908,20.628487,20.611084,20.750122,20.680634,20.593697,20.680634,20.489220,20.611084,20.384621,20.436943,20.332268,20.576286,20.576286,20.402061,20.558884,20.244934,20.402061,20.262413,20.436943,20.384621,20.384621,20.297348,20.349724,20.349724,20.384621,20.332268,20.332268,20.262413,20.314804,20.262413,20.384621,20.140007,20.367180,20.157509,20.402061,20.262413,20.262413,20.367180,20.349724,20.209976,20.174995,20.367180,20.454369,20.297348,20.367180,20.157509,20.174995,20.436943,20.297348,20.244934,20.402061,20.297348,20.436943,20.349724,20.314804,20.262413,20.384621,20.715385,20.314804,20.279877,20.489220,20.506645,20.541473,20.436943,20.611084,20.541473,20.506645,20.524055,20.524055,20.524055,20.628487,20.645866,20.558884,20.262413,20.558884,20.402061,20.558884,20.332268,20.524055,20.541473,20.367180,20.611084,20.698021,20.541473,20.628487,20.402061,20.541473,20.715385,20.558884,20.489220,20.402061,20.454369,20.367180,20.541473,20.471802,20.593697,20.471802,20.611084,20.332268,20.436943,20.506645,20.419502,20.524055,20.489220,20.576286,20.611084,20.471802,20.541473,20.541473,20.524055,20.524055,20.489220,20.436943,20.524055,20.279877,20.715385,20.558884,20.471802,20.419502,20.436943,20.384621,20.471802,20.367180,20.436943,20.384621,20.454369,20.558884,20.436943,20.279877,20.489220,20.384621,20.279877,20.454369,20.558884,20.471802,20.506645,20.506645,20.454369,20.628487,20.367180,20.454369,20.541473,20.402061,20.419502,20.297348,20.384621,20.541473,20.541473,20.436943,20.489220,20.593697,20.628487,20.506645,20.297348,20.279877,20.279877,20.349724,20.402061,20.419502,20.314804,20.593697,20.384621,20.402061,20.349724,20.506645,20.314804,20.471802,20.436943,20.192490,20.332268,20.576286,20.506645,20.297348,20.541473,20.506645,20.611084,20.384621,20.314804,20.489220,20.349724,20.436943,20.506645,20.628487,20.454369,20.558884,20.645866,20.611084,20.593697,20.471802,20.436943,20.576286,20.715385,20.611084,20.402061,20.489220,20.732758,20.489220,20.698021,20.489220,20.593697,20.436943,20.489220,20.506645,20.471802,20.576286,20.349724,20.471802,20.524055,20.663254,20.645866,20.628487,20.715385,20.541473,20.663254,20.524055,20.506645,20.524055,20.506645,20.628487,20.750122,20.680634,20.558884,20.663254,20.576286,20.628487,20.663254,20.750122,20.541473,20.698021,20.576286,20.767487,20.663254,20.698021,20.645866,20.767487,20.576286,20.698021,20.698021,20.715385,20.906242,20.645866,20.802200,20.645866,20.836899,20.628487,20.645866,20.471802,20.645866,20.506645,20.524055,20.871582,20.698021,20.611084,20.663254,20.715385,20.854233,20.680634,20.767487,20.576286,20.628487,20.698021,20.784843,20.628487,20.506645,20.628487,20.663254,20.558884,20.715385,20.871582,20.384621,20.698021,20.715385,20.663254,20.698021,20.645866,20.384621,20.454369,20.732758,20.750122,20.436943,20.541473,20.698021,20.698021,20.923576,20.611084,20.384621,20.611084,20.402061,20.402061,20.628487,20.454369,20.558884,20.645866,20.645866,20.419502,20.436943,20.506645,20.454369,20.402061,
19.859520,19.736496,19.701309,19.841957,19.701309,19.859520,19.859520,19.894638,19.806816,19.912178,19.982353,19.894638,19.982353,19.964821,19.947273,20.140007,19.964821,20.227455,20.140007,20.402061,20.384621,20.436943,20.262413,20.367180,20.454369,20.454369,20.489220,20.576286,20.454369,20.558884,20.802200,20.854233,20.698021,21.096642,21.027458,20.906242,21.113914,20.871582,21.079346,20.802200,20.958221,20.871582,21.079346,21.062057,20.888908,21.234810,20.906242,21.044754,20.958221,21.165756,21.079346,21.131203,21.217552,21.010155,21.286568,21.372734,21.269310,21.010155,21.217552,21.372734,21.252068,21.113914,21.286568,21.407181,21.217552,21.372734,21.613518,21.527603,21.424393,21.613518,21.561981,21.682167,21.767891,21.785027,21.767891,21.939064,21.956161,21.921967,22.024513,21.921967,21.836411,21.887764,21.990349,21.767891,21.973259,21.904861,21.853539,21.836411,21.785027,21.785027,21.699318,21.561981,21.647850,21.733620,21.579163,21.819290,21.647850,21.750755,21.921967,21.733620,21.819290,22.058662,21.956161,21.716469,21.853539,21.870644,21.973259,21.973259,21.579163,21.904861,21.956161,21.887764,21.887764,21.973259,22.058662,22.126915,22.075729,22.280251,22.195107,22.109856,22.143959,22.161018,22.058662,22.297272,22.092789,22.263237,22.195107,22.314293,22.143959,22.263237,22.246208,22.331291,22.126915,22.178062,22.195107,22.246208,22.280251,22.280251,22.365303,22.246208,22.024513,22.280251,22.024513,22.246208,22.143959,22.041588,22.178062,21.956161,22.229179,22.178062,21.904861,22.075729,22.024513,22.126915,22.126915,21.973259,21.973259,22.246208,22.229179,22.041588,22.195107,22.143959,21.990349,22.041588,21.921967,21.921967,22.024513,22.058662,21.819290,22.229179,21.973259,22.041588,21.853539,22.178062,22.092789,21.870644,22.041588,22.007431,22.007431,22.041588,22.092789,22.126915,22.109856,21.939064,22.041588,22.007431,21.699318,22.092789,22.041588,22.058662,22.058662,22.041588,22.109856,22.007431,22.195107,22.195107,22.178062,22.178062,22.109856,22.246208,22.212143,22.195107,22.092789,22.365303,22.143959,22.143959,22.178062,22.109856,22.143959,22.280251,22.007431,22.246208,22.041588,22.161018,22.178062,22.246208,22.195107,22.263237,22.143959,22.331291,22.161018,22.331291,22.314293,22.161018,22.126915,22.195107,22.024513,22.161018,22.314293,22.263237,22.246208,22.143959,22.161018,22.314293,22.382309,22.161018,22.212143,22.263237,22.092789,22.109856,22.161018,22.178062,22.007431,22.246208,22.075729,22.246208,22.195107,22.161018,22.263237,22.195107,22.126915,22.195107,22.143959,22.331291,22.143959,22.007431,22.178062,22.126915,22.143959,22.161018,22.263237,22.195107,21.990349,22.058662,22.024513,21.973259,21.887764,21.819290,21.990349,21.921967,21.836411,21.819290,21.699318,21.904861,21.767891,21.887764,21.699318,21.819290,21.870644,21.579163,21.544792,21.407181,21.510414,21.252068,21.321045,21.269310,20.992851,21.079346,20.975533,20.958221,20.975533,20.888908,21.010155,20.992851,21.131203,20.854233,20.854233,20.923576,20.940895,20.871582,20.819542,20.906242,20.680634,20.663254,20.384621,20.454369,20.541473,20.367180,20.436943,20.454369,20.314804,20.419502,20.349724,20.436943,20.349724,20.489220,20.367180,20.489220,20.663254,20.750122,20.854233,20.750122,20.888908,20.958221,20.992851,21.044754,20.750122,20.958221,20.975533,20.871582,20.992851,20.906242,21.044754,20.802200,20.645866,20.784843,20.715385,20.750122,20.611084,20.802200,20.524055,20.558884,20.680634,20.593697,20.419502,20.750122,20.593697,20.611084,20.419502,20.558884,20.157509,20.524055,20.174995,20.332268,20.471802,20.489220,20.419502,20.244934,20.262413,20.384621,20.105003,20.297348,20.402061,20.174995,20.332268,20.174995,20.349724,20.157509,20.244934,20.105003,20.402061,20.402061,20.087494,20.209976,20.402061,20.384621,20.279877,20.192490,20.192490,20.244934,20.384621,20.367180,20.262413,20.227455,20.052460,20.192490,20.244934,20.174995,20.227455,20.244934,20.419502,20.384621,20.279877,20.122513,20.209976,20.279877,20.209976,20.209976,20.419502,20.402061,20.419502,20.436943,20.279877,20.384621,20.436943,20.314804,20.524055,20.402061,20.384621,20.367180,20.279877,20.384621,20.384621,20.471802,20.436943,20.454369,20.367180,20.332268,20.506645,20.402061,20.454369,20.489220,20.402061,20.471802,20.471802,20.576286,20.436943,20.541473,20.506645,20.541473,20.367180,20.436943,20.332268,20.558884,20.262413,20.367180,20.367180,20.524055,20.402061,20.471802,20.436943,20.558884,20.192490,20.576286,20.279877,20.262413,20.244934,20.558884,20.332268,20.524055,20.349724,20.436943,20.314804,20.227455,20.436943,20.541473,20.384621,20.489220,20.454369,20.506645,20.244934,20.436943,20.384621,20.332268,20.227455,20.314804,20.367180,20.402061,20.384621,20.471802,20.558884,20.332268,20.367180,20.454369,20.384621,20.402061,20.367180,20.419502,20.402061,20.489220,20.489220,20.384621,20.489220,20.367180,20.367180,20.140007,20.367180,20.349724,20.174995,20.541473,20.279877,20.489220,20.332268,20.524055,20.349724,20.332268,20.262413,20.367180,20.227455,20.367180,20.471802,20.332268,20.524055,20.454369,20.349724,20.489220,20.454369,20.524055,20.489220,20.244934,20.384621,20.349724,20.262413,20.384621,20.069977,20.524055,20.436943,20.367180,20.349724,20.524055,20.558884,20.332268,20.349724,20.367180,20.558884,20.349724,20.471802,20.541473,20.506645,20.454369,20.506645,20.471802,20.524055,20.576286,20.367180,20.524055,20.436943,20.436943,20.192490,20.541473,20.541473,20.506645,20.611084,20.384621,20.489220,20.524055,20.663254,20.367180,20.628487,20.506645,20.611084,20.576286,20.506645,20.384621,20.419502,20.611084,20.454369,20.611084,20.680634,20.558884,20.489220,20.593697,20.489220,20.663254,20.767487,20.698021,20.715385,20.524055,20.593697,20.732758,20.663254,20.767487,20.698021,20.680634,20.419502,20.663254,20.593697,20.715385,20.628487,20.732758,20.297348,20.628487,20.698021,20.593697,20.645866,20.663254,20.593697,20.524055,20.436943,20.611084,20.576286,20.888908,20.593697,20.332268,20.698021,20.593697,20.489220,20.663254,20.349724,20.576286,20.471802,20.576286,20.436943,20.715385,20.506645,20.541473,20.314804,20.645866,20.732758,20.663254,20.489220,20.611084,20.454369,20.715385,20.698021,20.384621,20.349724,20.628487,20.611084,20.314804,20.558884,20.489220,20.262413,20.576286,20.314804,20.645866,20.524055,20.402061,20.489220,20.436943,20.680634,20.541473,20.384621,20.558884,20.140007,20.122513,20.332268,20.384621,20.384621,20.698021,
19.666115,19.525154,19.736496,19.578049,19.718910,19.841957,19.754082,19.964821,19.859520,19.982353,19.806816,19.929733,19.841957,19.964821,19.894638,19.982353,20.052460,20.244934,20.140007,20.332268,20.244934,20.244934,20.209976,20.367180,20.314804,20.628487,20.611084,20.419502,20.680634,20.489220,20.471802,20.732758,20.732758,20.784843,20.836899,21.010155,21.079346,21.131203,21.183029,20.906242,20.888908,20.854233,20.992851,20.854233,21.079346,20.975533,20.975533,20.958221,21.200287,21.113914,21.200287,21.269310,21.044754,21.165756,21.286568,21.286568,21.286568,21.338272,21.476021,21.131203,21.424393,21.286568,21.010155,21.441612,21.424393,21.510414,21.716469,21.303802,21.493217,21.785027,21.733620,21.699318,21.716469,21.836411,21.819290,21.887764,22.161018,22.024513,21.596336,21.956161,21.921967,21.973259,21.956161,21.990349,21.990349,21.836411,21.870644,21.613518,21.785027,21.750755,21.682167,21.716469,21.733620,21.682167,21.579163,21.853539,22.041588,21.921967,21.904861,21.802162,21.887764,21.819290,21.887764,22.007431,21.750755,21.939064,21.887764,21.921967,21.921967,21.870644,21.802162,21.853539,22.041588,21.785027,21.921967,22.229179,22.280251,22.178062,22.126915,22.058662,22.161018,22.007431,22.297272,22.212143,22.161018,22.075729,22.280251,22.126915,22.143959,22.212143,22.126915,22.399300,22.075729,22.178062,22.109856,22.058662,22.075729,22.297272,22.195107,22.143959,22.280251,21.939064,21.870644,22.075729,21.887764,21.853539,21.870644,21.973259,21.870644,21.956161,21.870644,22.143959,21.973259,21.853539,22.007431,22.075729,22.109856,21.973259,21.973259,21.990349,22.024513,22.041588,21.939064,21.904861,21.973259,21.921967,21.819290,21.802162,21.853539,21.836411,21.904861,22.007431,21.939064,22.092789,22.195107,21.904861,21.939064,22.075729,21.990349,22.075729,21.836411,22.075729,21.870644,22.041588,22.126915,21.939064,21.853539,21.990349,21.973259,21.939064,21.733620,22.126915,21.836411,22.058662,21.956161,22.041588,22.075729,22.161018,22.041588,22.024513,22.041588,22.024513,22.058662,22.246208,22.109856,22.126915,21.956161,22.058662,22.024513,22.109856,22.126915,22.007431,21.904861,22.178062,22.058662,22.041588,22.126915,22.126915,22.263237,22.212143,22.041588,22.092789,22.041588,22.143959,22.041588,22.109856,21.956161,21.939064,21.990349,21.973259,22.058662,22.058662,22.109856,21.853539,22.092789,22.178062,21.956161,22.024513,22.075729,21.973259,21.973259,22.161018,22.041588,21.939064,22.143959,22.161018,22.024513,22.075729,21.990349,22.007431,22.178062,22.212143,22.126915,22.092789,22.024513,21.973259,22.143959,22.024513,22.075729,21.990349,21.973259,22.348305,22.109856,22.075729,21.921967,22.092789,21.870644,21.853539,21.785027,21.819290,21.870644,21.665016,21.802162,21.665016,21.767891,21.647850,21.750755,21.699318,21.647850,21.665016,21.613518,21.544792,21.303802,21.579163,21.286568,21.252068,21.079346,21.131203,21.131203,21.079346,21.062057,21.148476,21.044754,20.871582,20.958221,20.992851,21.010155,21.010155,20.958221,20.750122,20.698021,20.698021,20.836899,20.732758,20.558884,20.384621,20.558884,20.384621,20.419502,20.471802,20.314804,20.314804,20.262413,20.367180,20.367180,20.436943,20.402061,20.489220,20.750122,20.611084,20.750122,20.836899,20.854233,20.975533,20.732758,21.010155,20.940895,20.888908,20.819542,20.888908,20.958221,20.645866,20.906242,20.923576,20.819542,20.802200,20.750122,20.750122,20.558884,20.698021,20.750122,20.576286,20.558884,20.645866,20.576286,20.489220,20.836899,20.454369,20.524055,20.402061,20.454369,20.349724,20.174995,20.349724,20.436943,20.506645,20.402061,20.279877,20.157509,20.192490,20.227455,20.349724,20.332268,20.122513,20.140007,20.279877,20.332268,20.087494,20.384621,20.436943,20.105003,20.122513,20.140007,20.052460,20.034943,20.227455,20.297348,20.069977,20.297348,20.034943,20.209976,20.122513,20.069977,20.402061,20.140007,20.174995,20.174995,20.244934,20.367180,20.122513,20.017418,20.227455,20.279877,20.367180,20.105003,20.157509,20.262413,20.314804,20.227455,20.402061,20.244934,20.244934,20.314804,20.174995,20.349724,20.314804,20.192490,20.419502,20.419502,20.262413,20.332268,20.262413,20.227455,20.279877,20.349724,20.279877,20.349724,20.436943,20.227455,20.384621,20.367180,20.471802,20.471802,20.367180,20.349724,20.541473,20.262413,20.454369,20.454369,20.558884,20.332268,20.436943,20.244934,20.384621,20.262413,20.349724,20.471802,20.297348,20.489220,20.436943,20.244934,20.419502,20.402061,20.454369,20.471802,20.506645,20.332268,20.227455,20.454369,20.297348,20.436943,20.332268,20.349724,20.367180,20.279877,20.157509,20.436943,20.279877,20.297348,20.279877,20.332268,20.192490,20.192490,20.314804,20.069977,20.227455,20.244934,20.244934,20.314804,20.262413,20.279877,20.227455,20.209976,20.174995,20.262413,20.262413,20.367180,20.506645,20.297348,20.244934,20.384621,20.192490,20.069977,20.209976,20.244934,20.349724,20.402061,20.192490,20.262413,20.262413,20.209976,20.402061,20.349724,20.367180,20.419502,20.367180,20.297348,20.489220,20.349724,20.227455,20.349724,20.174995,20.332268,20.402061,20.384621,20.454369,20.209976,20.367180,20.262413,20.541473,20.332268,20.332268,20.314804,20.279877,20.314804,20.436943,20.524055,20.558884,20.262413,20.279877,20.349724,20.524055,20.192490,20.593697,20.489220,20.506645,20.332268,20.402061,20.192490,20.314804,20.454369,20.157509,20.419502,20.174995,20.332268,20.541473,20.489220,20.506645,20.419502,20.506645,20.279877,20.367180,20.279877,20.384621,20.471802,20.454369,20.314804,20.611084,20.489220,20.384621,20.402061,20.489220,20.524055,20.349724,20.262413,20.436943,20.524055,20.454369,20.471802,20.402061,20.384621,20.541473,20.489220,20.576286,20.419502,20.524055,20.419502,20.715385,20.384621,20.471802,20.524055,20.541473,20.715385,20.436943,20.541473,20.419502,20.628487,20.645866,20.715385,20.454369,20.384621,20.209976,20.506645,20.593697,20.576286,20.680634,20.402061,20.314804,20.471802,20.402061,20.314804,20.541473,20.698021,20.628487,20.489220,20.349724,20.489220,20.454369,20.454369,20.471802,20.471802,20.489220,20.541473,20.558884,20.436943,20.593697,20.663254,20.541473,20.262413,20.314804,20.454369,20.558884,20.558884,20.384621,20.558884,20.524055,20.384621,20.645866,20.454369,20.367180,20.157509,20.524055,20.367180,20.332268,20.367180,20.314804,20.558884,20.402061,20.227455,20.367180,20.262413,20.541473,20.384621,20.471802,20.419502,20.279877,20.244934,20.209976,20.419502,20.628487,
19.894638,19.578049,19.595665,19.525154,19.578049,19.683716,19.542793,19.683716,19.859520,19.806816,19.754082,19.789246,19.806816,19.947273,19.754082,20.122513,19.754082,19.912178,20.122513,20.332268,20.244934,20.262413,20.157509,20.279877,20.402061,20.489220,20.402061,20.558884,20.524055,20.680634,20.558884,20.784843,20.750122,20.558884,20.888908,21.010155,20.906242,20.923576,20.906242,21.113914,20.940895,20.992851,20.958221,20.836899,20.940895,21.148476,21.217552,21.062057,21.148476,21.217552,21.096642,21.596336,21.269310,21.389961,21.303802,21.303802,21.389961,21.269310,21.458817,21.269310,21.303802,21.372734,21.338272,21.579163,21.355507,21.613518,21.493217,21.579163,21.596336,21.476021,21.647850,21.647850,21.836411,21.887764,21.853539,22.161018,22.024513,22.109856,22.024513,21.939064,22.041588,22.126915,21.973259,21.682167,21.973259,21.956161,21.819290,21.699318,21.579163,21.733620,21.544792,21.716469,21.785027,21.699318,21.819290,21.630684,21.973259,21.853539,21.802162,21.836411,21.853539,21.904861,22.007431,21.973259,21.887764,21.733620,21.973259,21.819290,21.853539,21.956161,21.921967,21.904861,21.973259,22.041588,22.041588,22.109856,22.075729,22.075729,22.041588,22.161018,21.939064,22.229179,21.939064,22.143959,21.973259,22.058662,22.331291,22.058662,22.126915,22.161018,22.143959,22.075729,21.990349,22.382309,21.973259,22.058662,22.075729,22.092789,22.126915,22.092789,21.973259,22.178062,21.973259,22.058662,22.024513,21.750755,21.973259,21.853539,21.904861,21.750755,21.973259,21.870644,21.904861,21.853539,21.767891,21.956161,21.853539,21.939064,21.836411,21.767891,21.921967,21.836411,21.904861,21.956161,21.939064,21.853539,21.887764,21.887764,21.836411,21.853539,21.802162,21.785027,21.990349,21.870644,22.041588,21.853539,21.887764,21.870644,22.041588,22.007431,21.973259,22.024513,22.058662,22.075729,21.939064,21.990349,21.733620,21.921967,21.802162,21.767891,21.767891,21.904861,21.904861,21.904861,21.921967,22.058662,21.870644,21.921967,22.075729,22.109856,21.921967,22.041588,22.143959,22.058662,21.819290,22.058662,21.819290,22.041588,21.853539,22.041588,22.024513,22.075729,21.904861,22.075729,21.921967,21.973259,21.990349,21.973259,22.195107,22.280251,21.990349,22.143959,22.092789,21.887764,21.733620,21.939064,21.956161,21.887764,21.956161,22.007431,21.733620,22.041588,22.007431,21.956161,22.195107,22.024513,21.836411,22.041588,21.973259,21.870644,21.956161,22.041588,21.870644,22.058662,22.058662,21.870644,22.109856,22.058662,21.973259,21.904861,21.921967,22.041588,22.024513,22.109856,22.161018,22.143959,22.075729,21.990349,22.092789,21.939064,22.007431,21.939064,21.921967,21.939064,21.853539,21.819290,21.904861,21.802162,21.613518,21.682167,21.750755,21.750755,21.699318,21.613518,21.596336,21.527603,21.527603,21.647850,21.441612,21.424393,21.321045,21.269310,21.407181,21.269310,21.303802,21.113914,21.131203,20.923576,20.975533,20.836899,21.148476,21.027458,21.079346,20.906242,20.888908,20.871582,20.854233,20.819542,20.732758,20.698021,20.923576,20.732758,20.611084,20.767487,20.558884,20.611084,20.471802,20.402061,20.402061,20.209976,20.174995,20.192490,20.279877,20.402061,20.349724,20.244934,20.489220,20.402061,20.524055,20.576286,20.663254,20.558884,20.663254,20.819542,21.044754,20.854233,20.819542,20.802200,20.854233,20.767487,20.750122,20.784843,20.802200,20.767487,20.784843,20.715385,20.663254,20.628487,20.524055,20.506645,20.384621,20.471802,20.419502,20.244934,20.558884,20.384621,20.489220,20.419502,20.332268,20.332268,20.209976,20.227455,20.174995,20.227455,20.279877,20.262413,20.122513,20.279877,20.192490,20.192490,20.052460,20.157509,20.227455,20.034943,20.192490,20.192490,20.122513,20.017418,20.209976,20.087494,20.157509,20.017418,20.069977,20.052460,20.122513,20.034943,20.069977,20.174995,20.227455,20.052460,20.105003,20.052460,20.157509,19.894638,20.209976,19.999893,19.999893,20.157509,20.069977,20.227455,20.069977,20.209976,20.122513,20.209976,20.384621,20.192490,20.209976,20.087494,20.244934,20.122513,20.262413,20.262413,20.105003,20.017418,20.349724,20.262413,20.262413,20.279877,20.244934,20.332268,19.999893,20.192490,20.402061,20.297348,20.314804,20.140007,20.157509,20.297348,20.209976,20.122513,20.402061,20.402061,20.349724,20.262413,20.332268,20.262413,20.209976,20.244934,20.471802,20.262413,20.384621,20.384621,20.244934,20.402061,20.087494,20.297348,20.157509,20.297348,20.192490,20.524055,20.227455,20.105003,20.489220,20.436943,20.262413,20.192490,20.279877,20.262413,20.192490,20.244934,20.279877,20.192490,20.297348,20.140007,20.157509,20.262413,20.034943,20.209976,20.279877,20.384621,20.314804,20.367180,20.297348,20.174995,20.367180,20.297348,20.052460,20.419502,20.384621,20.192490,20.314804,20.279877,20.209976,20.140007,20.297348,20.157509,20.314804,20.227455,20.262413,20.227455,20.262413,20.122513,20.244934,20.140007,20.174995,20.384621,19.947273,20.069977,20.157509,20.367180,20.157509,20.034943,20.192490,20.314804,20.157509,20.349724,20.209976,20.174995,20.244934,20.244934,20.122513,20.244934,20.209976,20.297348,20.367180,20.262413,20.087494,20.122513,20.209976,20.314804,20.140007,20.279877,20.209976,20.367180,20.332268,20.471802,20.297348,20.140007,20.209976,20.140007,20.436943,20.419502,20.262413,20.279877,20.349724,20.402061,20.314804,20.069977,20.209976,20.384621,20.384621,20.244934,20.524055,20.297348,20.174995,20.140007,20.227455,20.489220,20.332268,20.297348,20.332268,20.314804,20.384621,20.314804,20.506645,20.524055,20.314804,20.332268,20.034943,20.367180,20.454369,20.541473,20.262413,20.436943,20.384621,20.454369,20.279877,20.384621,20.297348,20.436943,20.402061,20.419502,20.157509,20.524055,20.349724,20.454369,20.454369,20.367180,20.541473,20.489220,20.558884,20.436943,20.471802,20.384621,20.541473,20.471802,20.402061,20.209976,20.384621,20.576286,20.367180,20.471802,20.419502,20.541473,20.436943,20.436943,20.489220,20.349724,20.524055,20.436943,20.419502,20.402061,20.384621,20.628487,20.402061,20.645866,20.332268,20.349724,20.279877,20.402061,20.349724,20.524055,20.332268,20.297348,20.314804,20.349724,20.489220,20.402061,20.367180,20.349724,20.524055,20.436943,20.384621,20.367180,20.471802,20.349724,20.314804,20.349724,20.384621,20.558884,20.541473,20.489220,20.436943,20.576286,20.227455,20.349724,20.436943,20.402061,20.436943,20.471802,20.122513,20.332268,20.524055,20.174995,20.349724,20.262413,20.454369,20.419502,20.367180,20.454369,
19.648506,19.648506,19.525154,19.560417,19.613289,19.525154,19.701309,19.754082,19.806816,19.771667,19.666115,20.017418,19.982353,19.999893,19.894638,19.859520,20.069977,19.982353,20.157509,20.105003,20.279877,20.192490,20.209976,20.279877,20.314804,20.471802,20.454369,20.663254,20.419502,20.732758,20.576286,20.611084,20.611084,20.871582,20.732758,21.234810,20.940895,21.062057,21.010155,21.096642,20.940895,21.234810,21.027458,20.975533,21.044754,21.234810,21.044754,21.217552,20.940895,21.234810,21.252068,21.372734,21.407181,21.424393,21.613518,21.424393,21.234810,21.441612,21.355507,21.183029,21.200287,21.389961,21.372734,21.424393,21.355507,21.458817,21.544792,21.510414,21.561981,21.579163,21.682167,21.630684,21.853539,22.024513,22.024513,22.126915,22.212143,22.229179,22.075729,22.161018,22.092789,22.178062,21.836411,22.024513,21.904861,21.767891,21.665016,21.750755,21.733620,21.819290,21.699318,21.699318,22.007431,21.613518,21.750755,21.785027,21.699318,21.767891,21.904861,21.802162,21.904861,21.990349,22.092789,22.041588,21.750755,21.921967,21.853539,21.699318,21.973259,21.853539,21.802162,21.887764,21.750755,21.973259,21.870644,22.109856,22.024513,21.939064,21.939064,21.956161,22.143959,22.007431,22.143959,22.143959,22.229179,22.212143,22.092789,22.195107,21.904861,21.956161,22.109856,21.973259,22.109856,21.990349,22.075729,22.007431,21.939064,21.870644,21.870644,21.870644,22.007431,21.767891,21.990349,21.785027,21.819290,21.767891,21.802162,21.579163,21.682167,21.904861,21.733620,21.767891,21.819290,21.750755,21.699318,21.853539,21.819290,21.716469,21.716469,21.647850,21.699318,21.699318,21.802162,21.750755,21.733620,21.767891,21.802162,21.836411,21.836411,22.075729,21.716469,21.733620,21.802162,21.956161,21.750755,21.733620,21.785027,21.870644,21.990349,21.973259,21.904861,21.733620,21.802162,21.802162,21.750755,21.836411,21.973259,21.819290,21.887764,21.853539,21.750755,21.853539,21.750755,21.921967,21.785027,21.819290,21.750755,21.767891,21.921967,21.699318,21.716469,21.939064,21.750755,21.836411,21.767891,21.904861,21.853539,21.802162,21.682167,21.767891,21.853539,21.836411,21.853539,22.058662,22.058662,21.973259,22.058662,21.853539,21.870644,21.939064,21.939064,21.921967,22.007431,21.836411,21.990349,21.785027,21.733620,21.853539,21.853539,21.887764,21.613518,21.767891,21.802162,21.767891,21.802162,22.024513,21.904861,21.767891,21.887764,21.990349,21.939064,21.887764,21.836411,21.733620,21.887764,21.785027,21.767891,21.716469,21.904861,21.699318,21.819290,21.990349,21.990349,21.819290,21.750755,21.819290,21.870644,21.819290,21.819290,21.956161,21.870644,21.870644,21.904861,21.767891,21.750755,21.630684,21.819290,21.527603,21.665016,21.630684,21.355507,21.441612,21.579163,21.407181,21.458817,21.476021,21.389961,21.476021,21.200287,21.286568,21.269310,21.338272,21.165756,21.062057,21.131203,20.923576,21.096642,21.044754,20.906242,20.992851,20.871582,20.888908,21.027458,20.940895,20.888908,20.923576,20.888908,20.854233,20.732758,20.836899,20.750122,20.750122,20.645866,20.715385,20.663254,20.419502,20.506645,20.454369,20.244934,20.262413,20.279877,20.349724,20.244934,20.297348,20.384621,20.314804,20.558884,20.454369,20.454369,20.489220,20.732758,20.767487,20.680634,20.906242,21.010155,20.784843,20.732758,20.698021,20.750122,20.524055,20.750122,20.819542,20.958221,20.576286,20.767487,20.698021,20.454369,20.593697,20.454369,20.611084,20.541473,20.314804,20.471802,20.506645,20.593697,20.349724,20.558884,20.402061,20.471802,20.384621,20.140007,20.122513,20.314804,20.034943,20.314804,20.244934,20.209976,20.105003,20.192490,20.140007,19.999893,20.244934,20.140007,20.402061,19.824394,20.069977,20.087494,20.262413,20.087494,19.999893,19.912178,19.982353,20.034943,19.999893,20.227455,20.157509,20.017418,20.034943,20.087494,20.069977,20.052460,19.999893,19.947273,20.069977,19.929733,19.964821,20.017418,20.140007,19.859520,20.087494,20.122513,20.105003,19.929733,20.209976,20.069977,20.314804,19.999893,20.192490,20.157509,19.912178,20.209976,20.227455,20.157509,19.929733,20.052460,20.209976,20.279877,20.105003,20.087494,20.262413,20.157509,20.332268,20.244934,20.052460,20.140007,20.227455,20.209976,20.227455,20.122513,20.209976,20.157509,20.279877,20.227455,20.209976,20.140007,20.157509,20.122513,20.314804,20.192490,20.297348,20.244934,20.209976,20.157509,20.279877,20.122513,20.262413,20.227455,20.192490,20.227455,20.087494,20.402061,20.227455,20.262413,20.314804,19.947273,20.174995,20.174995,19.999893,20.122513,19.964821,20.262413,20.157509,20.227455,20.157509,20.087494,20.402061,20.087494,20.244934,20.227455,20.384621,20.244934,20.419502,20.157509,20.279877,20.122513,20.209976,20.227455,20.227455,20.105003,20.402061,20.279877,19.999893,20.140007,20.157509,20.174995,19.964821,20.087494,20.279877,20.105003,20.227455,20.157509,20.192490,20.209976,20.105003,20.244934,20.140007,20.017418,20.297348,20.105003,20.192490,20.052460,20.140007,20.297348,20.140007,20.332268,20.034943,20.192490,20.192490,20.297348,20.034943,20.297348,20.262413,20.052460,19.999893,20.140007,20.017418,20.174995,20.157509,20.209976,20.244934,20.052460,20.192490,20.262413,20.367180,20.122513,20.262413,20.174995,20.279877,20.332268,20.436943,20.244934,20.192490,20.174995,20.209976,20.034943,20.279877,20.122513,20.349724,20.454369,20.192490,19.999893,20.297348,20.244934,20.087494,20.140007,20.279877,20.332268,20.436943,20.349724,20.367180,20.332268,20.402061,20.279877,20.279877,20.262413,20.349724,20.279877,20.244934,20.174995,20.209976,20.314804,20.367180,20.471802,20.244934,20.174995,20.297348,20.262413,20.262413,20.244934,20.541473,20.489220,20.402061,20.244934,20.332268,20.244934,20.402061,20.384621,20.122513,20.489220,20.349724,20.384621,20.332268,20.279877,20.262413,20.402061,20.471802,20.297348,20.384621,20.419502,20.419502,20.367180,20.506645,20.471802,20.489220,20.384621,20.297348,20.419502,20.209976,20.524055,20.332268,20.506645,20.506645,20.419502,20.349724,20.419502,20.489220,20.297348,20.157509,20.402061,20.384621,20.367180,20.262413,20.262413,20.209976,20.367180,20.384621,20.402061,20.349724,20.297348,20.174995,20.297348,20.576286,20.034943,20.367180,20.489220,20.192490,20.034943,20.384621,20.349724,20.332268,20.436943,20.332268,20.244934,20.349724,20.506645,20.506645,20.471802,20.052460,20.227455,20.454369,19.718910,20.227455,20.192490,20.105003,20.227455,20.227455,20.314804,20.297348,20.279877,20.297348,
19.560417,19.683716,19.507530,19.542793,19.736496,19.648506,19.701309,19.401619,19.648506,19.929733,19.630898,19.595665,19.824394,19.841957,19.789246,19.859520,19.841957,19.947273,19.929733,20.174995,20.314804,20.105003,20.314804,20.174995,20.140007,20.297348,20.297348,20.349724,20.367180,20.524055,20.349724,20.698021,20.419502,20.611084,20.611084,20.663254,21.044754,20.871582,20.802200,21.131203,20.802200,20.802200,20.958221,21.044754,20.992851,21.234810,21.027458,21.131203,21.286568,21.303802,21.441612,21.372734,21.355507,21.372734,21.613518,21.596336,21.338272,21.372734,21.665016,21.561981,21.458817,21.579163,21.579163,21.561981,21.321045,21.321045,21.424393,21.561981,21.527603,21.750755,21.699318,21.802162,21.956161,22.092789,22.075729,22.161018,22.178062,22.007431,22.007431,22.007431,21.921967,22.041588,22.058662,21.990349,21.956161,22.007431,21.785027,21.836411,21.682167,21.682167,21.630684,21.613518,21.510414,21.699318,21.630684,21.785027,21.561981,21.630684,21.458817,21.819290,21.887764,21.870644,21.699318,21.870644,22.007431,21.939064,21.990349,22.007431,22.092789,21.853539,22.041588,21.870644,21.870644,21.836411,21.699318,21.853539,21.973259,21.973259,22.041588,22.058662,22.024513,21.836411,21.870644,22.058662,22.007431,21.990349,22.041588,21.904861,22.041588,22.041588,21.904861,21.956161,22.092789,21.921967,21.939064,22.178062,21.973259,21.990349,21.921967,22.058662,21.785027,21.887764,21.819290,21.716469,21.665016,21.767891,21.767891,21.682167,21.613518,21.716469,21.819290,21.407181,21.630684,21.750755,21.561981,21.699318,21.682167,21.630684,21.767891,21.647850,21.596336,21.699318,21.561981,21.510414,21.647850,21.750755,21.733620,21.750755,21.647850,21.802162,21.613518,21.613518,21.596336,21.870644,21.716469,21.716469,21.802162,21.870644,21.887764,21.921967,21.819290,21.819290,21.939064,21.870644,21.733620,21.802162,21.630684,21.836411,21.647850,21.750755,21.682167,21.682167,21.870644,21.750755,21.750755,21.767891,21.647850,21.750755,21.733620,21.733620,21.785027,21.836411,21.785027,21.733620,21.819290,21.750755,21.716469,21.750755,21.665016,21.630684,21.767891,21.767891,21.870644,21.887764,21.750755,21.887764,21.836411,21.716469,21.870644,21.785027,21.733620,21.956161,21.904861,21.682167,21.785027,21.716469,21.802162,21.579163,21.750755,21.630684,21.699318,21.630684,21.767891,21.733620,21.767891,21.716469,21.716469,21.750755,21.647850,21.665016,21.733620,21.716469,21.699318,21.836411,21.630684,21.785027,21.699318,21.939064,21.613518,21.819290,21.836411,21.750755,21.699318,21.870644,21.853539,21.716469,21.939064,21.785027,21.630684,21.767891,21.767891,21.836411,21.647850,21.887764,21.802162,21.596336,21.699318,21.561981,21.510414,21.441612,21.682167,21.303802,21.458817,21.476021,21.252068,21.355507,21.510414,21.510414,21.234810,21.165756,21.096642,21.062057,21.131203,21.234810,21.079346,20.958221,21.096642,20.906242,20.940895,20.940895,20.958221,20.784843,20.680634,20.871582,20.854233,20.992851,20.819542,20.836899,20.732758,20.975533,20.767487,20.663254,20.732758,20.732758,20.645866,20.436943,20.436943,20.506645,20.017418,20.332268,20.279877,20.332268,20.209976,20.471802,20.279877,20.332268,20.332268,20.402061,20.524055,20.506645,20.349724,20.940895,20.611084,20.698021,20.680634,20.715385,20.663254,20.698021,20.767487,20.767487,20.732758,20.732758,20.611084,20.750122,20.593697,20.611084,20.715385,20.628487,20.576286,20.715385,20.541473,20.524055,20.367180,20.384621,20.367180,20.332268,20.279877,20.419502,20.279877,20.069977,20.279877,20.297348,20.262413,20.279877,20.069977,20.087494,19.877083,20.227455,19.859520,20.087494,20.105003,20.069977,20.192490,20.140007,19.894638,20.122513,20.034943,19.841957,19.894638,19.789246,19.859520,19.912178,19.912178,20.087494,20.017418,19.929733,19.912178,19.789246,20.105003,20.209976,19.894638,19.841957,20.034943,19.859520,19.982353,19.912178,19.982353,20.017418,19.999893,20.052460,19.947273,19.999893,19.982353,20.052460,20.087494,20.227455,20.069977,20.140007,19.929733,20.087494,20.017418,20.017418,20.034943,19.999893,19.982353,20.034943,20.122513,20.017418,20.069977,20.087494,20.279877,20.297348,20.105003,20.192490,20.244934,20.174995,20.087494,20.209976,20.244934,20.052460,20.105003,19.877083,20.069977,20.069977,20.069977,20.244934,20.262413,20.157509,20.122513,20.105003,20.192490,20.157509,19.999893,20.262413,20.052460,20.140007,20.069977,20.157509,20.122513,20.105003,20.052460,20.227455,20.192490,20.192490,20.087494,19.964821,20.157509,20.069977,19.964821,20.069977,20.122513,20.157509,20.122513,20.262413,20.034943,20.034943,19.982353,20.017418,19.964821,20.105003,20.052460,19.964821,19.841957,19.947273,20.140007,20.034943,20.122513,20.157509,19.912178,20.052460,20.017418,20.122513,20.087494,20.122513,20.087494,20.069977,20.052460,20.140007,20.052460,20.122513,20.017418,20.034943,20.122513,19.999893,20.069977,20.052460,19.947273,19.982353,19.964821,19.999893,19.877083,20.314804,19.999893,20.122513,20.087494,20.034943,20.227455,20.034943,20.209976,19.947273,20.140007,19.947273,20.017418,20.087494,20.052460,20.174995,19.929733,20.174995,20.227455,19.999893,20.140007,20.174995,20.087494,20.034943,20.209976,20.034943,20.017418,20.349724,19.964821,20.244934,20.034943,20.105003,20.087494,20.069977,20.192490,20.122513,20.069977,20.034943,20.332268,20.122513,20.105003,20.105003,20.069977,20.227455,20.262413,20.192490,20.314804,20.297348,20.140007,20.209976,20.034943,20.332268,20.087494,20.192490,20.157509,20.244934,20.157509,19.841957,20.227455,19.982353,20.122513,20.174995,20.192490,20.314804,20.209976,20.157509,20.052460,20.262413,20.069977,20.384621,20.332268,20.279877,20.209976,20.279877,20.105003,20.349724,20.279877,20.471802,20.122513,20.140007,20.209976,20.332268,20.157509,20.244934,20.209976,20.262413,20.122513,20.105003,20.436943,20.297348,20.332268,20.419502,20.489220,19.982353,20.087494,20.244934,20.192490,20.192490,20.227455,20.017418,20.244934,20.244934,20.140007,20.192490,20.105003,20.332268,20.174995,20.349724,20.227455,20.227455,20.402061,20.087494,20.279877,20.244934,20.262413,20.140007,20.052460,20.052460,20.209976,20.332268,20.454369,20.157509,19.999893,20.471802,20.087494,20.349724,20.262413,20.279877,20.052460,20.297348,20.140007,20.174995,19.982353,20.262413,20.262413,20.576286,19.964821,20.244934,20.122513,20.174995,20.227455,20.122513,20.314804,20.105003,20.034943,20.209976,20.087494,20.157509,20.122513,20.436943,
19.701309,19.542793,19.507530,19.595665,19.648506,19.789246,19.718910,19.630898,19.771667,19.666115,19.560417,19.718910,19.666115,19.771667,19.648506,20.034943,19.912178,19.964821,20.034943,20.174995,20.140007,20.174995,20.279877,20.122513,20.227455,20.279877,20.297348,20.297348,20.402061,20.524055,20.471802,20.454369,20.593697,20.888908,20.698021,20.784843,20.871582,20.975533,21.044754,20.975533,21.010155,20.871582,20.940895,21.234810,21.165756,21.407181,21.200287,21.476021,21.321045,21.338272,21.355507,21.286568,21.579163,21.303802,21.527603,21.579163,21.544792,21.665016,21.544792,21.355507,21.561981,21.458817,21.527603,21.527603,21.338272,21.458817,21.441612,21.561981,21.682167,21.561981,21.716469,21.802162,21.750755,21.887764,22.161018,22.178062,22.075729,22.092789,22.178062,21.973259,22.246208,22.178062,22.024513,21.990349,22.024513,21.716469,21.870644,21.887764,21.647850,21.802162,21.493217,21.579163,21.819290,21.785027,21.870644,21.802162,21.853539,21.853539,21.630684,21.750755,21.904861,21.990349,21.802162,21.921967,21.887764,21.990349,21.887764,21.870644,21.921967,21.904861,21.904861,21.819290,21.785027,21.785027,21.921967,21.785027,22.007431,21.836411,21.956161,21.990349,21.733620,21.887764,22.007431,21.819290,21.853539,21.939064,21.956161,22.024513,21.956161,21.921967,21.973259,21.939064,21.990349,22.092789,22.041588,21.904861,21.819290,21.819290,21.921967,21.853539,21.819290,21.956161,21.956161,21.596336,21.699318,21.665016,21.733620,21.630684,21.579163,21.561981,21.424393,21.458817,21.458817,21.682167,21.630684,21.613518,21.665016,21.458817,21.630684,21.476021,21.716469,21.630684,21.579163,21.544792,21.561981,21.579163,21.647850,21.613518,21.596336,21.699318,21.579163,21.733620,21.613518,21.836411,21.802162,21.682167,21.716469,21.819290,21.750755,21.887764,21.836411,21.733620,21.767891,21.836411,21.785027,21.647850,21.733620,21.699318,21.682167,21.665016,21.579163,21.750755,21.647850,21.647850,21.853539,21.836411,21.750755,21.750755,21.630684,21.802162,21.682167,21.767891,21.767891,21.802162,21.613518,21.561981,21.476021,21.544792,21.904861,21.613518,21.682167,21.665016,21.699318,21.733620,21.785027,21.802162,21.785027,21.802162,21.870644,21.887764,21.887764,21.904861,21.647850,21.716469,21.527603,21.750755,21.561981,21.338272,21.561981,21.682167,21.493217,21.544792,21.561981,21.596336,21.647850,21.579163,21.493217,21.613518,21.785027,21.733620,21.596336,21.716469,21.544792,21.613518,21.596336,21.579163,21.561981,21.682167,21.596336,21.716469,21.665016,21.750755,21.767891,21.682167,21.785027,21.682167,21.853539,21.613518,21.870644,21.767891,21.716469,21.682167,21.613518,21.493217,21.596336,21.630684,21.321045,21.389961,21.596336,21.355507,21.286568,21.424393,21.389961,21.286568,21.217552,21.252068,21.131203,21.269310,21.096642,21.303802,21.027458,21.165756,21.113914,21.131203,20.940895,20.888908,20.854233,20.975533,20.680634,20.836899,20.871582,20.819542,20.923576,20.958221,20.906242,20.732758,20.888908,20.767487,20.628487,20.680634,20.698021,20.698021,20.645866,20.541473,20.489220,20.297348,20.349724,20.174995,20.314804,20.244934,20.192490,20.297348,20.541473,20.157509,20.244934,20.262413,20.209976,20.349724,20.454369,20.524055,20.454369,20.541473,20.784843,20.715385,20.680634,20.767487,20.819542,20.715385,20.698021,20.698021,20.663254,20.645866,20.576286,20.698021,20.698021,20.436943,20.611084,20.436943,20.541473,20.384621,20.524055,20.558884,20.227455,20.244934,20.314804,20.471802,20.297348,20.192490,20.174995,20.209976,20.384621,20.052460,20.297348,20.174995,20.105003,20.174995,20.140007,20.087494,19.999893,20.052460,20.017418,19.841957,19.999893,19.894638,19.964821,20.140007,19.929733,19.789246,19.824394,19.701309,19.999893,19.894638,19.877083,19.999893,19.859520,19.999893,20.052460,19.859520,19.964821,19.877083,19.999893,19.877083,19.894638,19.841957,19.999893,19.982353,19.964821,19.947273,19.964821,20.017418,20.034943,19.806816,19.964821,19.894638,19.964821,19.947273,19.929733,19.982353,19.999893,19.964821,19.999893,20.069977,19.964821,20.087494,19.999893,20.105003,19.999893,20.279877,20.157509,19.929733,20.069977,20.034943,20.087494,20.034943,19.929733,19.982353,19.982353,19.999893,19.964821,20.087494,20.052460,20.105003,20.140007,20.052460,20.069977,20.069977,20.017418,20.034943,20.052460,20.105003,19.912178,20.052460,20.034943,19.999893,19.877083,20.122513,20.227455,20.034943,20.017418,20.034943,20.034943,19.877083,20.122513,20.157509,20.174995,19.947273,19.982353,19.982353,19.964821,20.122513,20.192490,20.069977,19.999893,20.140007,20.140007,19.877083,20.017418,20.069977,19.982353,19.999893,19.982353,19.929733,19.982353,19.806816,19.964821,19.982353,19.912178,19.929733,19.859520,20.105003,20.052460,20.122513,20.105003,20.017418,19.841957,19.947273,20.052460,20.034943,19.947273,20.140007,19.964821,20.052460,19.999893,19.912178,20.052460,20.069977,19.806816,20.069977,19.894638,20.052460,19.982353,19.912178,20.087494,20.122513,19.982353,19.982353,20.052460,20.122513,20.122513,19.929733,19.824394,20.017418,20.017418,19.999893,20.069977,19.929733,19.912178,20.034943,19.841957,20.105003,20.087494,20.140007,20.105003,19.964821,20.122513,20.122513,20.087494,19.999893,20.087494,20.087494,20.140007,20.174995,20.157509,20.052460,20.157509,19.859520,20.087494,20.069977,20.052460,19.824394,20.105003,20.297348,20.017418,20.140007,20.209976,19.982353,20.122513,19.999893,20.262413,20.332268,20.105003,20.227455,20.192490,20.174995,20.087494,20.052460,19.982353,20.297348,20.244934,20.157509,20.069977,20.262413,20.297348,20.174995,20.140007,20.140007,20.069977,20.332268,20.105003,20.314804,20.087494,20.279877,20.122513,20.332268,20.174995,20.262413,20.174995,20.262413,20.209976,20.297348,20.209976,20.244934,20.122513,20.227455,19.947273,20.384621,20.192490,19.964821,20.174995,20.349724,20.262413,20.069977,20.262413,20.314804,20.140007,20.017418,20.140007,20.489220,20.244934,20.262413,20.034943,20.367180,20.279877,20.279877,19.982353,20.244934,20.122513,20.262413,20.349724,20.314804,20.105003,20.279877,20.349724,20.349724,20.367180,20.262413,20.017418,19.964821,20.209976,20.140007,20.192490,20.140007,20.349724,19.982353,20.157509,20.087494,20.157509,20.297348,19.929733,20.069977,19.841957,20.105003,20.122513,20.174995,20.122513,19.912178,19.999893,20.227455,20.140007,20.209976,20.069977,20.087494,20.227455,19.789246,20.349724,19.964821,19.964821,20.122513,20.017418,19.982353,
19.595665,19.313263,19.295586,19.366287,19.383957,19.454590,19.507530,19.648506,19.454590,19.542793,19.472237,19.701309,19.489883,19.806816,19.613289,19.789246,19.841957,19.789246,20.034943,19.771667,19.789246,20.069977,19.894638,20.314804,20.192490,20.314804,20.227455,20.209976,20.541473,20.506645,20.628487,20.593697,20.628487,20.715385,20.628487,20.698021,20.750122,20.888908,20.906242,20.888908,20.958221,20.767487,21.131203,21.217552,20.923576,21.010155,21.321045,21.217552,21.476021,21.424393,21.269310,21.561981,21.561981,21.424393,21.630684,21.561981,21.424393,21.561981,21.665016,21.613518,21.441612,21.493217,21.699318,21.476021,21.458817,21.510414,21.613518,21.441612,21.699318,21.647850,21.665016,21.973259,21.990349,22.092789,22.109856,22.126915,21.956161,22.024513,22.024513,22.024513,21.904861,22.075729,22.007431,22.092789,21.904861,21.733620,21.665016,21.870644,21.785027,21.665016,21.613518,21.665016,21.904861,21.802162,21.785027,21.853539,21.750755,21.750755,22.024513,21.819290,21.802162,21.990349,21.853539,21.956161,21.887764,21.956161,21.904861,22.041588,21.716469,21.733620,21.802162,21.819290,21.887764,21.802162,21.802162,21.836411,21.802162,21.887764,21.802162,21.887764,21.819290,21.819290,21.836411,21.956161,21.904861,21.836411,21.870644,21.802162,21.836411,21.904861,21.921967,21.904861,21.904861,21.939064,21.973259,21.904861,22.058662,21.973259,21.819290,21.870644,21.716469,21.699318,21.699318,21.716469,21.630684,21.613518,21.682167,21.544792,21.372734,21.527603,21.493217,21.596336,21.493217,21.613518,21.493217,21.458817,21.441612,21.596336,21.665016,21.561981,21.493217,21.579163,21.510414,21.561981,21.476021,21.613518,21.389961,21.647850,21.561981,21.579163,21.510414,21.613518,21.647850,21.682167,21.767891,21.819290,21.665016,21.579163,21.802162,21.647850,21.630684,21.785027,21.802162,21.836411,21.699318,21.853539,21.458817,21.647850,21.544792,21.682167,21.630684,21.613518,21.921967,21.630684,21.596336,21.596336,21.561981,21.733620,21.561981,21.682167,21.613518,21.716469,21.527603,21.544792,21.630684,21.510414,21.527603,21.544792,21.716469,21.785027,21.699318,21.682167,21.682167,21.682167,21.836411,21.647850,21.561981,21.579163,21.613518,21.699318,21.802162,21.699318,21.665016,21.424393,21.561981,21.544792,21.389961,21.441612,21.389961,21.441612,21.561981,21.458817,21.596336,21.544792,21.321045,21.476021,21.424393,21.338272,21.510414,21.510414,21.613518,21.527603,21.527603,21.493217,21.338272,21.476021,21.441612,21.544792,21.458817,21.544792,21.441612,21.596336,21.596336,21.579163,21.630684,21.647850,21.613518,21.579163,21.682167,21.699318,21.733620,21.665016,21.699318,21.407181,21.630684,21.510414,21.389961,21.458817,21.355507,21.424393,21.183029,21.321045,21.234810,21.165756,21.303802,21.079346,21.252068,21.269310,21.165756,21.286568,21.286568,20.906242,21.044754,20.940895,20.836899,20.940895,20.992851,20.750122,20.767487,20.628487,20.802200,20.767487,20.802200,20.698021,20.680634,20.888908,20.593697,20.645866,20.576286,20.767487,20.645866,20.680634,20.506645,20.454369,20.471802,20.332268,20.332268,20.332268,20.349724,20.192490,19.824394,19.999893,20.297348,20.314804,20.174995,19.982353,20.349724,20.367180,20.576286,20.402061,20.524055,20.558884,20.489220,20.593697,20.436943,20.349724,20.489220,20.663254,20.489220,20.593697,20.628487,20.611084,20.558884,20.576286,20.524055,20.558884,20.680634,20.349724,20.471802,20.524055,20.332268,20.471802,20.209976,20.558884,20.157509,20.174995,20.105003,20.174995,20.087494,20.034943,19.947273,20.034943,20.244934,19.947273,20.140007,19.841957,19.982353,20.034943,20.122513,19.999893,20.052460,19.947273,20.052460,19.824394,19.789246,19.771667,20.034943,19.877083,19.894638,19.912178,19.841957,20.017418,19.754082,19.806816,19.771667,19.683716,19.964821,19.982353,19.789246,19.771667,20.034943,19.841957,19.982353,19.806816,19.789246,19.894638,19.789246,19.718910,19.894638,19.964821,19.894638,19.877083,19.859520,19.982353,19.894638,19.824394,19.912178,19.964821,19.894638,19.824394,19.806816,19.894638,20.052460,20.017418,20.017418,20.017418,19.859520,19.859520,19.789246,19.982353,19.929733,19.982353,20.105003,19.718910,20.052460,19.912178,20.192490,19.982353,20.140007,19.806816,19.877083,19.982353,19.947273,20.087494,19.859520,20.122513,20.122513,20.017418,19.947273,19.999893,19.841957,20.174995,19.929733,20.034943,20.034943,20.069977,20.227455,19.999893,20.105003,20.017418,20.017418,19.999893,20.122513,20.034943,19.929733,20.087494,20.034943,20.069977,19.912178,19.894638,20.034943,19.999893,20.017418,19.929733,20.017418,20.017418,19.824394,20.069977,19.964821,19.947273,19.964821,19.999893,19.841957,19.912178,19.947273,19.841957,19.912178,19.824394,19.999893,19.806816,20.052460,19.964821,20.087494,19.894638,19.894638,19.912178,19.964821,19.964821,19.999893,19.912178,19.771667,20.052460,19.841957,19.859520,19.894638,19.999893,19.894638,19.964821,19.894638,19.859520,19.912178,19.824394,20.017418,19.771667,19.894638,19.894638,19.877083,19.806816,19.806816,19.824394,19.999893,19.824394,19.859520,19.859520,19.964821,19.894638,19.877083,20.052460,19.824394,19.999893,20.069977,19.912178,19.894638,20.105003,19.912178,19.999893,19.859520,20.017418,20.052460,19.947273,19.964821,19.789246,19.964821,19.982353,19.982353,19.841957,19.929733,19.999893,19.964821,20.192490,19.982353,19.912178,20.017418,19.999893,19.982353,19.999893,20.105003,20.052460,19.947273,20.192490,19.982353,20.052460,19.999893,20.034943,20.157509,19.999893,19.894638,20.157509,19.841957,19.982353,19.877083,20.157509,19.912178,20.069977,19.894638,20.017418,20.034943,20.105003,20.140007,19.947273,20.244934,20.157509,20.122513,20.262413,20.227455,20.052460,20.140007,20.105003,20.174995,20.157509,20.227455,20.262413,19.947273,20.244934,20.105003,20.069977,20.244934,20.174995,19.947273,19.877083,20.087494,20.140007,20.122513,20.052460,20.105003,20.297348,20.140007,20.279877,20.209976,20.262413,20.052460,20.069977,20.174995,20.209976,20.105003,20.069977,20.034943,20.105003,20.384621,20.034943,20.227455,20.017418,20.157509,20.122513,20.262413,20.174995,20.332268,20.209976,20.087494,20.122513,20.017418,20.105003,20.052460,19.947273,20.157509,20.017418,19.912178,19.999893,20.052460,19.964821,20.192490,20.017418,19.947273,20.297348,19.859520,20.157509,20.209976,20.052460,19.701309,20.122513,19.841957,20.052460,19.894638,19.947273,19.877083,20.017418,19.982353,19.859520,19.859520,20.349724,
19.525154,19.242508,19.242508,19.401619,19.277893,19.348618,19.260208,19.295586,19.348618,19.525154,19.560417,19.736496,19.683716,19.454590,19.542793,19.578049,19.894638,19.701309,19.964821,19.947273,19.912178,20.087494,19.841957,20.192490,19.947273,20.279877,20.069977,20.349724,20.576286,20.471802,20.506645,20.645866,20.611084,20.715385,20.663254,20.854233,20.750122,20.906242,20.940895,21.027458,21.027458,20.975533,21.044754,21.027458,21.217552,21.096642,21.338272,21.252068,21.252068,21.252068,21.372734,21.544792,21.596336,21.493217,21.544792,21.561981,21.476021,21.527603,21.596336,21.699318,21.544792,21.561981,21.424393,21.733620,21.493217,21.544792,21.613518,21.682167,21.613518,21.613518,21.647850,21.853539,21.939064,21.939064,22.109856,22.212143,22.143959,22.195107,21.939064,22.041588,22.297272,22.075729,21.956161,22.331291,22.092789,22.024513,21.665016,21.870644,21.682167,21.630684,21.819290,21.699318,21.785027,21.716469,21.716469,21.870644,21.647850,21.785027,21.699318,21.836411,21.630684,21.973259,22.092789,22.126915,21.819290,22.126915,21.870644,22.041588,21.990349,21.939064,21.956161,21.973259,21.853539,22.024513,21.767891,21.939064,21.819290,21.939064,22.041588,21.750755,21.973259,21.819290,21.870644,21.990349,21.921967,21.904861,21.802162,21.904861,21.733620,21.990349,21.647850,21.939064,21.990349,21.956161,21.853539,22.143959,21.836411,21.921967,21.973259,21.956161,21.699318,21.870644,21.887764,21.802162,21.699318,21.750755,21.699318,21.647850,21.441612,21.613518,21.458817,21.476021,21.561981,21.613518,21.493217,21.596336,21.441612,21.613518,21.682167,21.596336,21.476021,21.527603,21.613518,21.441612,21.527603,21.561981,21.355507,21.579163,21.579163,21.579163,21.630684,21.699318,21.716469,21.716469,21.836411,21.699318,21.527603,21.613518,21.767891,21.579163,21.802162,21.819290,21.802162,21.819290,21.802162,21.630684,21.596336,21.630684,21.613518,21.682167,21.699318,21.579163,21.596336,21.630684,21.716469,21.767891,21.647850,21.561981,21.561981,21.493217,21.630684,21.630684,21.613518,21.596336,21.716469,21.527603,21.441612,21.527603,21.561981,21.441612,21.561981,21.647850,21.510414,21.682167,21.613518,21.733620,21.682167,21.682167,21.682167,21.785027,21.699318,21.682167,21.887764,21.561981,21.510414,21.579163,21.321045,21.389961,21.527603,21.458817,21.355507,21.424393,21.234810,21.561981,21.303802,21.355507,21.510414,21.613518,21.372734,21.561981,21.561981,21.510414,21.630684,21.458817,21.441612,21.441612,21.389961,21.510414,21.493217,21.579163,21.665016,21.647850,21.596336,21.441612,21.665016,21.527603,21.510414,21.544792,21.733620,21.613518,21.699318,21.527603,21.579163,21.493217,21.355507,21.183029,21.355507,21.407181,21.217552,21.148476,21.355507,21.200287,21.131203,21.165756,21.044754,21.079346,21.010155,21.200287,20.958221,21.062057,20.906242,20.906242,21.010155,20.888908,20.784843,20.767487,20.698021,20.576286,20.611084,20.611084,20.854233,20.854233,20.888908,20.819542,20.906242,20.698021,20.767487,20.576286,20.715385,20.471802,20.593697,20.611084,20.750122,20.663254,20.489220,20.367180,20.174995,20.105003,20.069977,19.859520,20.069977,19.894638,19.982353,20.052460,20.069977,20.192490,20.332268,20.087494,20.314804,20.489220,20.541473,20.227455,20.489220,20.645866,20.698021,20.698021,20.558884,20.454369,20.541473,20.611084,20.506645,20.732758,20.489220,20.558884,20.506645,20.541473,20.506645,20.384621,20.489220,20.506645,20.384621,20.367180,20.384621,20.297348,20.244934,20.279877,20.122513,20.244934,20.157509,20.157509,20.017418,20.017418,20.052460,20.069977,19.841957,20.122513,19.999893,20.157509,20.052460,19.859520,19.947273,19.964821,19.841957,19.877083,19.789246,19.999893,19.683716,19.894638,19.894638,19.736496,19.964821,19.789246,19.789246,19.648506,19.859520,19.648506,19.701309,19.824394,19.771667,19.771667,19.894638,19.824394,19.824394,19.947273,19.859520,19.824394,19.771667,19.754082,19.771667,19.912178,19.718910,19.912178,19.736496,20.017418,19.824394,19.841957,19.859520,19.929733,19.894638,20.034943,19.859520,19.894638,19.894638,20.069977,19.894638,19.999893,19.912178,19.754082,19.894638,19.947273,19.877083,19.859520,20.017418,19.929733,19.999893,20.017418,20.034943,19.894638,19.771667,19.894638,19.929733,20.034943,20.034943,19.947273,19.754082,20.034943,19.912178,20.017418,20.017418,20.140007,19.929733,20.017418,19.824394,19.999893,20.069977,20.017418,19.947273,20.034943,20.017418,20.140007,19.894638,19.982353,19.982353,19.841957,19.947273,19.841957,19.929733,19.964821,19.982353,19.964821,19.982353,19.824394,19.877083,20.052460,19.789246,19.824394,19.841957,19.824394,19.947273,19.929733,19.894638,19.736496,19.947273,20.034943,19.982353,19.982353,19.877083,20.052460,19.683716,19.894638,19.754082,19.929733,19.877083,19.841957,19.859520,19.982353,19.789246,20.069977,19.701309,19.964821,19.701309,19.824394,19.824394,19.982353,19.894638,19.841957,19.824394,19.964821,19.718910,19.947273,19.771667,19.771667,19.894638,19.947273,19.859520,19.859520,19.718910,19.718910,19.877083,19.964821,19.824394,19.771667,19.683716,19.736496,19.789246,19.912178,19.771667,19.912178,19.859520,19.666115,19.947273,19.947273,20.052460,19.824394,19.929733,19.947273,19.912178,19.806816,19.877083,19.999893,20.034943,19.929733,19.771667,20.034943,19.964821,19.894638,19.841957,19.947273,20.122513,20.017418,19.912178,19.877083,19.999893,19.754082,20.017418,19.894638,20.017418,20.034943,19.701309,19.859520,19.929733,19.982353,20.017418,19.789246,20.087494,19.964821,19.982353,20.017418,19.947273,19.859520,19.982353,19.999893,20.069977,19.754082,20.105003,20.017418,20.017418,19.964821,20.017418,20.140007,19.982353,20.140007,20.140007,19.999893,19.929733,19.912178,20.017418,20.227455,20.122513,20.209976,19.894638,20.034943,20.297348,20.122513,20.192490,19.982353,19.912178,20.140007,20.017418,20.105003,20.052460,19.877083,20.192490,20.105003,20.262413,19.824394,20.105003,20.174995,19.982353,19.999893,19.912178,19.999893,20.069977,20.174995,20.069977,20.017418,20.157509,20.227455,19.929733,20.262413,19.912178,20.069977,19.947273,19.982353,19.929733,19.999893,19.841957,20.069977,20.105003,20.157509,19.947273,19.982353,20.017418,20.087494,20.140007,19.964821,20.122513,20.069977,19.877083,20.157509,20.157509,20.034943,20.192490,20.034943,19.964821,19.982353,20.052460,19.999893,20.209976,20.105003,20.140007,19.947273,19.947273,20.017418,20.034943,19.982353,20.174995,19.789246,19.982353,20.017418,
19.489883,19.100807,18.923340,18.994377,19.118538,19.065346,18.870033,19.118538,19.100807,19.207108,19.224815,19.153984,19.366287,19.277893,19.542793,19.525154,19.630898,19.613289,19.824394,19.666115,19.578049,19.701309,19.859520,20.122513,20.140007,20.052460,20.052460,20.262413,20.262413,20.663254,20.209976,20.524055,20.524055,20.558884,20.680634,20.836899,20.628487,20.888908,20.975533,20.888908,21.096642,20.871582,21.131203,21.165756,21.010155,21.044754,21.286568,21.165756,21.303802,21.579163,21.338272,21.579163,21.424393,21.647850,21.458817,21.561981,21.544792,21.682167,21.561981,21.527603,21.613518,21.424393,21.561981,21.579163,21.527603,21.750755,21.699318,21.767891,21.733620,21.647850,21.802162,21.870644,22.109856,21.973259,22.007431,22.109856,22.229179,22.092789,22.195107,22.041588,22.195107,22.075729,21.956161,22.178062,21.990349,21.990349,22.092789,21.733620,21.493217,21.853539,21.596336,21.802162,21.699318,21.716469,21.939064,21.785027,21.647850,21.939064,21.973259,21.973259,21.819290,21.973259,21.973259,21.785027,21.921967,21.990349,22.178062,21.939064,21.887764,21.887764,22.024513,21.939064,21.887764,21.973259,22.075729,21.973259,21.956161,21.990349,21.956161,21.870644,21.904861,21.956161,21.990349,21.802162,21.819290,21.904861,21.904861,21.990349,21.870644,21.904861,21.802162,22.041588,22.092789,21.870644,21.956161,21.973259,21.939064,21.939064,21.853539,21.887764,21.887764,21.904861,21.853539,21.802162,21.750755,21.630684,21.527603,21.682167,21.596336,21.767891,21.579163,21.682167,21.596336,21.493217,21.630684,21.579163,21.579163,21.544792,21.544792,21.870644,21.579163,21.802162,21.544792,21.699318,21.441612,21.613518,21.527603,21.613518,21.699318,21.682167,21.750755,21.493217,21.682167,21.699318,21.785027,21.647850,21.733620,21.785027,21.819290,21.596336,21.579163,21.921967,21.682167,21.870644,21.647850,21.750755,21.527603,21.767891,21.939064,21.476021,21.630684,21.733620,21.853539,21.819290,21.750755,21.733620,21.767891,21.682167,21.750755,21.510414,21.493217,21.596336,21.647850,21.579163,21.716469,21.630684,21.596336,21.476021,21.630684,21.750755,21.579163,21.716469,21.750755,21.990349,21.750755,21.750755,21.750755,21.716469,21.716469,21.767891,21.767891,21.716469,21.750755,21.510414,21.647850,21.476021,21.458817,21.647850,21.424393,21.561981,21.596336,21.510414,21.510414,21.579163,21.596336,21.424393,21.510414,21.561981,21.561981,21.458817,21.544792,21.630684,21.441612,21.493217,21.389961,21.493217,21.647850,21.733620,21.579163,21.647850,21.510414,21.579163,21.682167,21.630684,21.647850,21.647850,21.613518,21.561981,21.613518,21.647850,21.544792,21.716469,21.596336,21.493217,21.424393,21.493217,21.269310,21.476021,21.165756,21.372734,21.217552,21.338272,21.424393,21.200287,21.183029,21.234810,21.131203,21.200287,21.200287,21.096642,21.096642,21.027458,21.148476,20.958221,20.836899,20.958221,20.906242,20.784843,20.819542,20.680634,20.784843,20.767487,20.680634,20.802200,20.715385,20.923576,20.767487,20.698021,20.750122,20.750122,20.698021,20.663254,20.506645,20.506645,20.402061,20.349724,20.367180,20.087494,19.964821,20.052460,19.947273,20.087494,20.122513,20.227455,20.157509,20.140007,20.244934,20.471802,20.314804,20.384621,20.384621,20.489220,20.576286,20.524055,20.628487,20.558884,20.402061,20.663254,20.576286,20.558884,20.524055,20.489220,20.454369,20.314804,20.698021,20.471802,20.157509,20.732758,20.367180,20.541473,20.227455,20.314804,20.262413,20.140007,20.349724,20.314804,20.419502,20.034943,20.105003,20.052460,20.017418,19.841957,20.157509,20.052460,19.894638,19.824394,20.034943,19.894638,19.894638,19.736496,19.841957,19.824394,19.841957,19.877083,19.718910,19.648506,19.824394,19.771667,19.912178,19.824394,19.736496,19.630898,19.841957,19.718910,19.877083,19.613289,19.789246,19.806816,19.736496,19.789246,19.666115,19.859520,19.683716,19.771667,19.666115,19.806816,19.806816,19.877083,19.806816,19.754082,19.789246,19.877083,19.718910,19.630898,19.718910,19.771667,19.789246,19.824394,19.947273,19.806816,19.824394,19.630898,19.964821,19.789246,19.912178,19.806816,19.754082,19.736496,19.859520,19.718910,19.912178,19.894638,20.017418,19.771667,19.912178,19.841957,19.964821,19.806816,19.859520,19.929733,19.771667,19.859520,19.894638,19.841957,19.824394,19.982353,19.964821,19.877083,19.929733,19.877083,19.894638,19.841957,19.947273,19.841957,19.718910,20.069977,20.034943,19.982353,20.017418,19.824394,19.982353,19.929733,19.912178,19.824394,19.806816,19.894638,19.841957,20.017418,19.894638,20.034943,19.929733,19.771667,19.806816,20.034943,19.841957,19.894638,19.859520,19.912178,19.789246,19.718910,19.613289,19.912178,19.841957,19.806816,19.894638,19.754082,19.595665,19.841957,19.841957,20.087494,19.736496,19.894638,19.789246,19.754082,19.789246,19.824394,19.912178,19.841957,19.964821,19.877083,19.771667,19.806816,19.683716,19.754082,19.982353,19.754082,19.754082,19.806816,19.718910,19.789246,19.683716,19.824394,19.806816,19.894638,19.824394,19.877083,19.877083,19.824394,19.947273,19.894638,19.877083,19.877083,19.789246,19.841957,19.789246,19.894638,19.771667,19.999893,19.789246,19.929733,19.683716,19.947273,19.841957,19.718910,19.789246,19.718910,19.754082,19.877083,19.824394,19.929733,19.736496,20.017418,19.736496,19.947273,19.718910,19.999893,19.701309,19.894638,19.841957,19.964821,19.912178,19.947273,19.824394,19.806816,19.859520,19.894638,19.718910,19.683716,19.754082,19.859520,20.052460,19.789246,19.701309,19.806816,20.069977,19.701309,19.929733,20.140007,19.648506,20.052460,19.859520,19.771667,19.912178,20.192490,19.912178,19.999893,19.736496,19.894638,19.859520,19.964821,19.841957,20.209976,20.087494,19.982353,20.140007,19.912178,19.947273,20.105003,20.017418,19.964821,19.841957,19.999893,19.982353,20.052460,20.174995,19.982353,20.122513,19.964821,19.929733,20.052460,20.087494,19.841957,19.982353,19.929733,20.140007,20.087494,20.052460,19.982353,20.069977,20.034943,19.929733,19.841957,19.806816,19.841957,19.964821,20.052460,19.999893,19.912178,19.877083,20.140007,19.718910,20.069977,19.877083,20.174995,19.964821,20.052460,19.877083,19.859520,19.894638,19.964821,19.824394,20.052460,19.877083,19.806816,20.052460,19.929733,19.964821,20.052460,19.999893,19.999893,19.964821,20.034943,19.754082,20.069977,19.929733,19.964821,19.771667,19.982353,19.947273,20.034943,19.894638,19.964821,19.929733,19.771667,19.701309,19.877083,19.789246,19.718910,19.929733,20.244934,
19.207108,18.976631,18.763298,18.958870,18.852249,19.012123,18.905579,19.100807,18.923340,19.136261,19.047615,18.994377,18.976631,19.401619,19.383957,19.083084,19.295586,19.366287,19.595665,19.648506,19.613289,19.754082,19.824394,19.929733,19.877083,20.244934,20.192490,20.402061,20.314804,20.209976,20.436943,20.750122,20.454369,20.645866,20.767487,20.888908,20.750122,20.784843,21.010155,20.906242,20.975533,20.888908,21.044754,20.992851,20.958221,21.010155,21.183029,21.217552,21.234810,21.424393,21.389961,21.579163,21.579163,21.510414,21.510414,21.613518,21.613518,21.716469,21.476021,21.647850,21.424393,21.630684,21.424393,21.493217,21.544792,21.630684,21.630684,21.510414,21.767891,21.682167,21.819290,21.853539,21.785027,21.921967,21.973259,22.109856,22.195107,22.161018,22.041588,22.024513,22.007431,22.092789,22.092789,22.041588,21.819290,21.904861,21.819290,21.956161,21.887764,21.870644,21.527603,21.665016,21.733620,21.887764,21.716469,21.802162,21.682167,21.853539,22.007431,22.007431,21.733620,21.887764,21.699318,22.007431,21.853539,21.733620,22.178062,21.870644,21.853539,21.904861,21.904861,21.785027,21.939064,21.921967,21.836411,21.990349,22.109856,22.007431,21.870644,22.024513,21.939064,21.973259,21.956161,22.058662,21.819290,21.819290,21.819290,21.870644,21.956161,22.092789,21.853539,22.161018,21.870644,21.887764,21.956161,22.024513,22.041588,21.956161,21.836411,21.921967,21.785027,21.750755,21.733620,21.613518,21.613518,21.596336,21.527603,21.630684,21.665016,21.682167,21.699318,21.476021,21.510414,21.682167,21.647850,21.613518,21.750755,21.630684,21.716469,21.613518,21.665016,21.647850,21.544792,21.682167,21.424393,21.682167,21.527603,21.682167,21.424393,21.510414,21.561981,21.647850,21.699318,21.750755,21.630684,21.665016,21.579163,21.785027,21.647850,21.682167,21.785027,21.853539,21.819290,21.699318,21.802162,21.853539,21.802162,21.527603,21.699318,21.596336,21.785027,21.665016,21.665016,21.819290,21.785027,21.613518,21.699318,21.613518,21.716469,21.802162,21.733620,21.682167,21.819290,21.716469,21.699318,21.699318,21.682167,21.596336,21.733620,21.699318,21.647850,21.630684,21.682167,21.767891,21.802162,21.699318,21.750755,21.665016,21.733620,21.699318,21.544792,21.802162,21.750755,21.544792,21.665016,21.630684,21.389961,21.493217,21.476021,21.407181,21.510414,21.527603,21.527603,21.441612,21.372734,21.527603,21.407181,21.613518,21.389961,21.527603,21.579163,21.596336,21.476021,21.647850,21.630684,21.476021,21.493217,21.441612,21.493217,21.510414,21.750755,21.579163,21.613518,21.493217,21.372734,21.647850,21.853539,21.596336,21.424393,21.665016,21.665016,21.630684,21.389961,21.544792,21.389961,21.407181,21.510414,21.407181,21.217552,21.148476,21.321045,21.234810,21.183029,21.131203,21.234810,21.096642,21.183029,21.200287,21.183029,21.113914,20.992851,21.165756,21.113914,21.010155,21.044754,21.044754,21.062057,20.802200,20.750122,20.836899,20.732758,21.010155,20.888908,20.784843,20.784843,20.732758,20.854233,20.680634,20.611084,20.715385,20.593697,20.419502,20.732758,20.489220,20.611084,20.419502,20.209976,20.314804,20.262413,20.017418,20.017418,20.052460,20.069977,20.017418,20.174995,20.157509,20.157509,20.227455,20.227455,20.367180,20.419502,20.279877,20.489220,20.663254,20.576286,20.680634,20.628487,20.489220,20.628487,20.489220,20.506645,20.715385,20.524055,20.558884,20.367180,20.436943,20.419502,20.454369,20.262413,20.419502,20.209976,20.262413,20.279877,20.209976,20.069977,20.174995,20.017418,19.929733,19.824394,19.964821,19.947273,19.683716,19.841957,19.877083,19.595665,19.736496,19.630898,19.648506,19.912178,19.648506,19.630898,19.754082,19.683716,19.841957,19.771667,19.648506,19.859520,19.912178,19.683716,19.683716,19.718910,19.613289,19.648506,19.648506,19.771667,19.560417,19.666115,19.771667,19.877083,19.841957,19.806816,19.736496,19.754082,19.666115,19.701309,19.683716,19.859520,19.736496,19.683716,19.507530,19.736496,19.666115,19.736496,19.630898,19.718910,19.789246,19.666115,19.683716,19.701309,19.630898,19.718910,19.666115,19.560417,19.929733,19.789246,19.912178,19.824394,19.718910,19.894638,19.929733,19.806816,19.912178,19.947273,19.771667,19.806816,19.754082,19.736496,19.771667,19.841957,19.877083,19.894638,19.754082,19.648506,19.947273,19.771667,19.789246,19.859520,19.771667,19.718910,19.718910,19.789246,19.771667,19.718910,19.964821,19.877083,19.771667,19.824394,20.034943,19.806816,19.964821,19.683716,19.806816,19.859520,19.982353,19.630898,19.754082,19.929733,19.859520,19.666115,19.929733,19.771667,19.754082,19.859520,19.824394,19.894638,19.613289,19.894638,19.789246,19.630898,19.806816,19.701309,19.806816,19.683716,19.595665,19.894638,19.859520,19.701309,19.701309,19.718910,19.736496,19.754082,19.736496,19.718910,19.560417,19.771667,19.841957,19.789246,19.841957,19.824394,19.578049,19.824394,19.912178,19.648506,19.754082,19.630898,19.754082,19.982353,19.754082,19.771667,19.754082,19.841957,19.877083,19.771667,19.666115,19.595665,19.718910,19.701309,19.806816,19.912178,19.841957,19.683716,19.964821,19.718910,19.736496,19.683716,19.718910,19.912178,19.701309,19.771667,19.859520,19.542793,19.630898,19.806816,19.824394,19.754082,19.736496,19.841957,19.877083,19.736496,19.859520,19.894638,19.877083,19.877083,19.789246,19.824394,19.771667,19.754082,19.806816,19.964821,19.806816,19.859520,19.912178,19.754082,19.683716,19.771667,19.789246,19.982353,19.701309,19.771667,19.666115,19.736496,19.789246,19.718910,19.982353,19.841957,19.736496,19.841957,19.859520,19.824394,19.912178,19.929733,19.877083,19.701309,19.771667,19.613289,19.683716,19.894638,19.683716,19.841957,19.894638,19.789246,19.894638,19.894638,19.929733,19.841957,19.964821,19.859520,19.789246,19.841957,19.859520,20.017418,19.754082,19.841957,19.841957,19.771667,19.982353,19.736496,19.877083,20.087494,20.052460,19.789246,19.877083,19.824394,20.034943,20.069977,20.034943,20.087494,19.929733,19.859520,19.982353,20.017418,20.105003,19.789246,19.877083,19.859520,19.947273,19.947273,19.630898,20.034943,19.982353,19.824394,19.947273,19.771667,19.894638,19.894638,19.718910,20.017418,19.894638,19.754082,19.947273,19.929733,19.929733,19.736496,19.718910,19.771667,19.754082,19.789246,19.771667,20.052460,19.912178,19.982353,19.982353,19.683716,19.666115,19.771667,19.964821,19.666115,19.701309,20.034943,19.771667,19.771667,19.824394,19.806816,19.701309,19.806816,19.929733,20.069977,19.613289,19.824394,19.929733,
18.798889,18.816673,18.495850,18.709869,18.763298,18.709869,18.585091,18.834473,18.727684,18.941109,18.798889,18.763298,18.941109,19.136261,19.136261,19.100807,19.348618,19.100807,19.295586,19.295586,19.578049,19.507530,19.595665,19.859520,19.859520,20.105003,20.087494,20.262413,20.069977,20.471802,20.402061,20.541473,20.663254,20.645866,20.715385,20.767487,20.854233,20.593697,20.923576,20.923576,20.940895,21.096642,21.010155,20.975533,20.888908,21.062057,21.217552,21.424393,21.441612,21.424393,21.355507,21.596336,21.544792,21.596336,21.665016,21.493217,21.458817,21.476021,21.493217,21.510414,21.355507,21.407181,21.613518,21.458817,21.389961,21.527603,21.510414,21.613518,21.355507,21.407181,21.458817,21.836411,21.904861,21.921967,21.819290,21.956161,21.990349,21.973259,21.973259,22.007431,22.041588,21.973259,21.904861,21.973259,21.836411,21.836411,21.904861,21.493217,21.836411,21.750755,21.665016,21.596336,21.561981,21.767891,21.682167,21.716469,21.579163,21.630684,21.665016,21.802162,21.802162,21.870644,21.990349,21.682167,21.887764,21.785027,21.853539,21.802162,21.904861,21.785027,21.819290,21.973259,21.802162,21.819290,21.870644,21.733620,22.007431,22.007431,22.058662,21.853539,21.973259,22.075729,21.956161,21.921967,22.007431,21.802162,21.939064,21.956161,21.853539,21.887764,21.802162,21.870644,22.024513,21.785027,21.990349,21.973259,21.802162,21.699318,21.716469,21.870644,21.785027,21.716469,21.699318,21.647850,21.716469,21.561981,21.476021,21.750755,21.733620,21.579163,21.647850,21.355507,21.579163,21.389961,21.750755,21.527603,21.682167,21.647850,21.647850,21.476021,21.767891,21.682167,21.424393,21.630684,21.510414,21.716469,21.493217,21.579163,21.389961,21.527603,21.441612,21.493217,21.733620,21.441612,21.579163,21.630684,21.767891,21.767891,21.665016,21.579163,21.596336,21.887764,21.887764,21.733620,21.716469,21.561981,21.750755,21.647850,21.596336,21.613518,21.750755,21.647850,21.853539,21.716469,21.579163,21.613518,21.733620,21.596336,21.630684,21.973259,21.733620,21.665016,21.613518,21.665016,21.716469,21.819290,21.596336,21.682167,21.596336,21.630684,21.665016,21.613518,21.665016,21.647850,21.819290,21.630684,21.682167,21.716469,21.544792,21.579163,21.682167,21.733620,21.750755,21.699318,21.699318,21.544792,21.458817,21.510414,21.665016,21.441612,21.561981,21.544792,21.476021,21.424393,21.785027,21.853539,21.613518,21.527603,21.647850,21.665016,21.613518,21.527603,21.630684,21.733620,21.561981,21.579163,21.682167,21.682167,21.613518,21.665016,21.561981,21.785027,21.630684,21.785027,21.630684,21.682167,21.630684,21.733620,21.527603,21.630684,21.613518,21.802162,21.750755,21.579163,21.476021,21.338272,21.493217,21.321045,21.355507,21.527603,21.355507,21.476021,21.355507,21.286568,21.269310,21.372734,21.338272,21.424393,21.338272,21.200287,21.096642,21.217552,21.131203,21.183029,20.992851,21.027458,20.906242,20.940895,20.975533,20.958221,20.854233,20.975533,20.923576,20.975533,21.010155,20.854233,20.732758,20.767487,20.767487,20.802200,20.802200,20.836899,20.645866,20.506645,20.611084,20.541473,20.436943,20.402061,20.192490,20.157509,20.297348,20.174995,20.157509,20.209976,20.174995,20.314804,20.402061,20.402061,20.402061,20.506645,20.332268,20.506645,20.680634,20.506645,20.628487,20.506645,20.541473,20.524055,20.732758,20.436943,20.506645,20.471802,20.628487,20.367180,20.454369,20.576286,20.419502,20.454369,20.576286,20.506645,20.262413,20.454369,20.157509,20.332268,20.034943,20.192490,19.929733,19.912178,19.894638,19.947273,19.894638,19.789246,19.718910,19.771667,19.648506,19.824394,19.648506,19.754082,19.525154,19.578049,19.683716,19.666115,19.560417,19.595665,19.824394,19.771667,19.648506,19.613289,19.683716,19.613289,19.489883,19.736496,19.718910,19.542793,19.542793,19.613289,19.578049,19.542793,19.436943,19.754082,19.419281,19.419281,19.542793,19.648506,19.560417,19.613289,19.542793,19.736496,19.419281,19.666115,19.630898,19.613289,19.666115,19.630898,19.666115,19.630898,19.630898,19.718910,19.736496,19.754082,19.542793,19.525154,19.542793,19.718910,19.648506,19.701309,19.436943,19.789246,19.789246,19.578049,19.666115,19.648506,19.560417,19.613289,19.666115,19.648506,19.824394,19.578049,19.771667,19.771667,19.806816,19.648506,19.595665,19.595665,19.701309,19.718910,19.736496,19.718910,19.666115,19.841957,19.859520,19.701309,19.806816,19.578049,19.754082,19.701309,19.648506,19.789246,19.701309,19.929733,19.859520,19.841957,19.841957,19.824394,19.894638,19.754082,19.701309,19.824394,19.595665,19.736496,19.806816,19.824394,19.736496,19.859520,19.894638,19.683716,19.718910,19.630898,19.789246,19.701309,19.595665,19.630898,19.701309,19.683716,19.595665,19.701309,19.613289,19.683716,19.454590,19.648506,19.666115,19.736496,19.754082,19.507530,19.560417,19.666115,19.595665,19.736496,19.436943,19.613289,19.613289,19.630898,19.666115,19.701309,19.894638,19.613289,19.613289,19.736496,19.595665,19.595665,19.789246,19.595665,19.771667,19.736496,19.736496,19.859520,19.560417,19.560417,19.754082,19.718910,19.630898,19.683716,19.595665,19.754082,19.507530,19.877083,19.718910,19.436943,19.824394,19.683716,19.595665,19.525154,19.736496,19.683716,19.701309,19.630898,19.736496,19.806816,19.701309,19.859520,19.718910,19.736496,19.771667,19.947273,19.648506,19.718910,19.736496,19.701309,19.789246,19.648506,19.683716,19.666115,19.525154,19.754082,19.877083,19.666115,19.824394,19.683716,19.859520,19.929733,19.859520,19.736496,19.666115,19.806816,19.894638,19.736496,19.824394,19.771667,19.683716,19.718910,19.841957,19.701309,19.824394,19.718910,19.806816,20.017418,19.824394,19.754082,19.754082,19.771667,19.560417,19.859520,19.982353,19.718910,19.789246,19.982353,19.754082,19.683716,19.736496,19.754082,19.701309,19.859520,19.595665,19.560417,19.806816,19.859520,19.666115,19.894638,19.894638,20.069977,19.877083,19.894638,19.964821,19.806816,19.929733,19.578049,19.912178,20.017418,19.718910,19.964821,19.683716,19.947273,20.017418,19.736496,19.859520,20.069977,19.789246,19.666115,19.771667,19.789246,19.894638,19.754082,19.718910,19.701309,19.877083,19.789246,19.718910,19.894638,19.894638,19.754082,19.929733,19.595665,19.806816,19.929733,19.877083,19.736496,19.525154,19.736496,19.789246,19.736496,19.542793,19.929733,19.613289,19.912178,19.630898,19.771667,20.122513,19.964821,19.841957,19.630898,19.436943,19.912178,19.789246,19.736496,19.718910,19.718910,19.666115,19.771667,19.894638,19.806816,
18.620766,18.406502,18.317062,18.585091,18.460121,18.674240,18.620766,18.477982,18.567253,18.638596,18.638596,18.692055,18.656418,18.745483,18.727684,18.620766,18.905579,18.994377,19.029869,19.153984,19.224815,19.419281,19.348618,19.701309,19.648506,19.964821,20.069977,20.174995,20.069977,20.349724,20.576286,20.332268,20.524055,20.784843,20.628487,20.576286,20.732758,20.750122,20.906242,20.940895,20.732758,20.906242,21.027458,21.027458,21.200287,21.200287,21.165756,21.355507,21.286568,21.252068,21.303802,21.407181,21.665016,21.630684,21.613518,21.665016,21.785027,21.476021,21.527603,21.407181,21.321045,21.389961,21.699318,21.389961,21.716469,21.407181,21.493217,21.527603,21.338272,21.269310,21.630684,21.750755,21.887764,21.682167,21.733620,22.109856,21.973259,22.007431,21.887764,22.075729,22.058662,22.024513,21.939064,21.990349,21.836411,22.092789,21.870644,21.939064,21.682167,21.767891,21.579163,21.613518,21.630684,21.750755,21.647850,21.785027,21.613518,21.716469,21.733620,21.699318,21.699318,21.733620,21.819290,21.870644,21.785027,21.733620,21.921967,22.092789,21.870644,21.819290,21.887764,21.973259,21.870644,22.058662,22.058662,21.870644,21.939064,22.195107,22.041588,21.836411,21.921967,22.092789,22.092789,22.109856,22.007431,22.041588,22.075729,21.921967,22.075729,21.956161,21.853539,21.973259,21.887764,21.939064,21.973259,21.853539,21.785027,21.767891,21.767891,21.750755,21.441612,21.819290,21.493217,21.665016,21.596336,21.613518,21.527603,21.613518,21.510414,21.510414,21.561981,21.682167,21.750755,21.561981,21.441612,21.561981,21.579163,21.750755,21.579163,21.785027,21.630684,21.613518,21.665016,21.699318,21.458817,21.407181,21.579163,21.493217,21.682167,21.493217,21.544792,21.493217,21.458817,21.921967,21.767891,21.579163,21.647850,21.630684,21.682167,21.647850,21.613518,21.785027,21.613518,21.767891,21.630684,21.699318,21.424393,21.802162,21.682167,21.613518,21.596336,21.665016,21.682167,21.647850,21.613518,21.613518,21.630684,21.733620,21.716469,21.544792,21.785027,21.596336,21.647850,21.647850,21.733620,21.665016,21.630684,21.544792,21.596336,21.699318,21.665016,21.716469,21.699318,21.716469,21.767891,21.699318,21.699318,21.733620,21.767891,21.904861,21.699318,21.767891,21.699318,21.716469,21.785027,21.733620,21.544792,21.596336,21.716469,21.441612,21.476021,21.527603,21.544792,21.510414,21.579163,21.579163,21.733620,21.596336,21.527603,21.716469,21.476021,21.647850,21.716469,21.665016,21.647850,21.630684,21.682167,21.544792,21.596336,21.733620,21.630684,21.785027,21.647850,21.802162,21.819290,21.767891,21.750755,21.596336,21.544792,21.647850,21.682167,21.544792,21.716469,21.613518,21.544792,21.544792,21.510414,21.338272,21.407181,21.424393,21.372734,21.441612,21.372734,21.372734,21.372734,21.424393,21.407181,21.217552,21.200287,21.579163,21.269310,21.252068,21.355507,21.200287,21.010155,21.113914,21.113914,20.854233,20.975533,20.854233,20.750122,20.992851,20.854233,20.888908,20.854233,20.698021,20.992851,20.732758,20.767487,20.992851,20.767487,20.750122,20.715385,20.593697,20.558884,20.506645,20.524055,20.262413,20.244934,20.332268,20.297348,20.402061,20.034943,20.227455,20.244934,20.279877,20.454369,20.192490,20.262413,20.227455,20.419502,20.314804,20.367180,20.402061,20.541473,20.506645,20.384621,20.419502,20.384621,20.297348,20.454369,20.628487,20.471802,20.558884,20.419502,20.524055,20.297348,20.558884,20.332268,20.332268,20.244934,20.227455,20.017418,20.105003,19.947273,19.806816,19.806816,19.666115,19.595665,19.648506,19.472237,19.525154,19.436943,19.330948,19.489883,19.454590,19.578049,19.454590,19.419281,19.419281,19.313263,19.242508,19.507530,19.313263,19.454590,19.454590,19.277893,19.542793,19.383957,19.489883,19.560417,19.436943,19.383957,19.383957,19.542793,19.507530,19.525154,19.472237,19.613289,19.295586,19.401619,19.366287,19.383957,19.348618,19.277893,19.436943,19.436943,19.419281,19.383957,19.507530,19.472237,19.472237,19.436943,19.436943,19.507530,19.525154,19.613289,19.383957,19.419281,19.401619,19.507530,19.630898,19.525154,19.348618,19.630898,19.436943,19.578049,19.454590,19.578049,19.383957,19.419281,19.366287,19.666115,19.630898,19.454590,19.824394,19.595665,19.401619,19.542793,19.542793,19.472237,19.454590,19.578049,19.295586,19.683716,19.560417,19.701309,19.578049,19.718910,19.489883,19.578049,19.754082,19.666115,19.507530,19.560417,19.718910,19.648506,19.630898,19.736496,19.454590,19.595665,19.701309,19.771667,19.630898,19.630898,19.789246,19.507530,19.806816,19.489883,19.666115,19.648506,19.754082,19.648506,19.666115,19.683716,19.542793,19.666115,19.472237,19.507530,19.683716,19.613289,19.666115,19.613289,19.472237,19.472237,19.525154,19.525154,19.472237,19.736496,19.648506,19.613289,19.648506,19.666115,19.560417,19.595665,19.595665,19.578049,19.630898,19.666115,19.630898,19.648506,19.613289,19.683716,19.648506,19.666115,19.754082,19.542793,19.542793,19.542793,19.454590,19.701309,19.648506,19.560417,19.648506,19.507530,19.841957,19.560417,19.613289,19.613289,19.701309,19.630898,19.701309,19.718910,19.630898,19.595665,19.894638,19.754082,19.630898,19.613289,19.666115,19.666115,19.806816,19.701309,19.771667,19.630898,19.789246,19.718910,19.595665,19.630898,19.824394,19.806816,19.683716,19.736496,19.806816,19.718910,19.771667,19.578049,19.718910,19.947273,19.754082,19.630898,19.595665,19.666115,19.859520,19.613289,19.718910,19.789246,19.754082,19.648506,19.701309,19.683716,19.806816,19.736496,19.754082,19.912178,19.947273,19.771667,19.683716,19.754082,19.525154,19.736496,19.613289,19.613289,19.736496,19.648506,19.754082,19.806816,19.613289,19.683716,19.613289,19.648506,19.701309,19.542793,19.701309,19.771667,19.824394,19.824394,19.630898,19.666115,19.701309,19.736496,19.824394,19.841957,19.683716,19.789246,19.789246,19.683716,19.683716,19.929733,19.824394,19.877083,19.859520,19.648506,19.964821,19.789246,19.894638,19.771667,19.999893,19.613289,19.894638,19.754082,19.806816,19.613289,19.683716,19.595665,19.806816,19.929733,19.912178,19.771667,19.613289,19.666115,19.754082,19.771667,19.666115,19.595665,19.912178,19.683716,19.877083,19.736496,19.859520,19.613289,19.806816,19.824394,19.630898,19.736496,19.718910,19.929733,19.648506,19.806816,19.771667,19.894638,19.718910,19.701309,19.859520,19.542793,19.877083,19.771667,19.701309,19.630898,19.613289,19.754082,19.841957,19.877083,19.560417,19.683716,19.701309,19.718910,19.736496,19.912178,20.122513,
18.549400,18.209602,18.299164,18.281258,18.370735,18.388626,18.281258,18.299164,18.442253,18.513702,18.602928,18.477982,18.620766,18.567253,18.692055,18.816673,18.781090,18.567253,18.834473,19.153984,19.153984,19.472237,19.295586,19.436943,19.613289,19.630898,19.982353,20.140007,20.349724,20.209976,20.244934,20.244934,20.402061,20.558884,20.628487,20.541473,20.628487,20.558884,20.698021,20.767487,21.062057,20.975533,21.131203,20.992851,21.096642,21.217552,21.217552,21.200287,21.165756,21.286568,21.389961,21.372734,21.389961,21.819290,21.699318,21.561981,21.148476,21.527603,21.321045,21.407181,21.510414,21.561981,21.424393,21.234810,21.458817,21.527603,21.372734,21.389961,21.458817,21.338272,21.338272,21.716469,21.579163,21.836411,21.699318,21.973259,21.990349,21.836411,21.836411,21.921967,21.836411,21.819290,21.887764,21.819290,21.767891,21.699318,21.853539,21.750755,21.630684,21.613518,21.579163,21.785027,21.750755,21.476021,21.544792,21.561981,21.647850,21.613518,21.802162,21.836411,21.561981,21.733620,21.493217,21.716469,21.750755,21.733620,21.785027,21.682167,21.510414,21.887764,21.682167,21.836411,21.887764,21.990349,22.058662,22.178062,22.246208,22.161018,21.767891,22.041588,22.024513,22.109856,22.109856,22.143959,21.973259,21.956161,21.956161,22.161018,22.041588,22.007431,22.058662,21.973259,21.836411,22.092789,21.973259,21.921967,21.836411,21.870644,21.887764,21.767891,21.836411,21.973259,21.579163,21.887764,21.647850,21.682167,21.561981,21.476021,21.527603,21.544792,21.596336,21.647850,21.733620,21.733620,21.750755,21.699318,21.579163,21.647850,21.733620,21.510414,21.544792,21.561981,21.630684,21.544792,21.561981,21.613518,21.544792,21.476021,21.527603,21.630684,21.613518,21.389961,21.544792,21.665016,21.613518,21.544792,21.630684,21.699318,21.596336,21.682167,21.613518,21.819290,21.613518,21.647850,21.613518,21.716469,21.699318,21.887764,21.579163,21.665016,21.613518,21.682167,21.613518,21.682167,21.767891,21.665016,21.665016,21.767891,21.853539,21.665016,21.630684,21.682167,21.527603,21.647850,21.647850,21.647850,21.665016,21.630684,21.682167,21.699318,21.785027,21.682167,21.682167,21.733620,21.785027,21.785027,21.887764,21.579163,21.836411,21.733620,21.785027,21.699318,21.647850,21.579163,21.733620,21.510414,21.682167,21.836411,21.544792,21.424393,21.510414,21.389961,21.510414,21.510414,21.733620,21.682167,21.544792,21.613518,21.767891,21.596336,21.853539,21.699318,21.613518,21.665016,21.716469,21.716469,21.750755,21.716469,21.750755,21.836411,21.802162,21.699318,21.682167,21.853539,21.699318,21.750755,21.716469,21.750755,21.785027,21.836411,21.613518,21.647850,21.630684,21.699318,21.510414,21.561981,21.510414,21.527603,21.510414,21.269310,21.355507,21.458817,21.579163,21.389961,21.372734,21.613518,21.389961,21.596336,21.269310,21.476021,21.338272,21.252068,21.252068,21.303802,21.217552,21.131203,20.940895,21.096642,21.010155,20.992851,21.044754,20.819542,20.940895,20.854233,21.044754,20.906242,20.906242,20.958221,20.888908,20.836899,20.784843,20.871582,20.871582,20.750122,20.698021,20.576286,20.419502,20.628487,20.436943,20.524055,20.105003,20.419502,20.349724,20.297348,20.436943,20.314804,20.279877,20.436943,20.297348,20.332268,20.332268,20.454369,20.541473,20.541473,20.593697,20.593697,20.541473,20.174995,20.471802,20.541473,20.419502,20.489220,20.349724,20.471802,20.402061,20.419502,20.349724,20.402061,20.367180,20.436943,20.069977,20.209976,20.105003,19.982353,19.877083,19.771667,19.683716,19.771667,19.436943,19.613289,19.242508,19.277893,19.171692,19.242508,19.118538,19.224815,19.118538,19.224815,19.189407,19.207108,19.029869,19.260208,19.171692,19.242508,19.136261,19.118538,19.118538,19.383957,19.171692,19.366287,19.136261,19.313263,19.189407,19.313263,19.348618,19.100807,19.083084,19.207108,19.207108,19.242508,19.189407,19.313263,18.994377,19.136261,19.189407,19.313263,19.277893,19.118538,19.118538,19.260208,18.976631,19.295586,19.136261,19.313263,19.313263,19.153984,19.242508,19.224815,19.277893,19.065346,19.065346,19.348618,19.189407,19.260208,19.260208,19.242508,19.313263,19.313263,19.383957,19.242508,19.242508,19.295586,19.189407,19.295586,19.507530,19.118538,19.401619,19.348618,19.383957,19.330948,19.419281,19.330948,19.242508,19.383957,19.454590,19.383957,19.348618,19.472237,19.295586,19.525154,19.419281,19.171692,19.525154,19.295586,19.454590,19.454590,19.419281,19.401619,19.277893,19.525154,19.436943,19.313263,19.348618,19.472237,19.613289,19.242508,19.472237,19.507530,19.436943,19.560417,19.472237,19.525154,19.419281,19.436943,19.666115,19.683716,19.472237,19.560417,19.578049,19.489883,19.507530,19.666115,19.525154,19.542793,19.683716,19.578049,19.578049,19.366287,19.489883,19.401619,19.542793,19.436943,19.330948,19.542793,19.542793,19.630898,19.454590,19.595665,19.419281,19.718910,19.489883,19.578049,19.436943,19.560417,19.595665,19.507530,19.648506,19.436943,19.613289,19.595665,19.489883,19.489883,19.595665,19.595665,19.507530,19.666115,19.454590,19.489883,19.525154,19.366287,19.718910,19.507530,19.666115,19.560417,19.489883,19.613289,19.542793,19.595665,19.630898,19.595665,19.472237,19.472237,19.630898,19.578049,19.806816,19.648506,19.771667,19.560417,19.525154,19.560417,19.383957,19.648506,19.578049,19.771667,19.613289,19.489883,19.683716,19.648506,19.701309,19.507530,19.666115,19.630898,19.436943,19.736496,19.560417,19.701309,19.489883,19.771667,19.648506,19.666115,19.666115,19.630898,19.578049,19.578049,19.613289,19.701309,19.560417,19.648506,19.789246,19.419281,19.419281,19.648506,19.701309,19.630898,19.578049,19.560417,19.754082,19.595665,19.560417,19.754082,19.824394,19.454590,19.630898,19.824394,19.560417,19.613289,19.542793,19.701309,19.754082,19.595665,19.806816,19.824394,19.507530,19.806816,19.683716,19.701309,19.754082,19.824394,19.824394,19.507530,19.789246,19.754082,19.789246,19.718910,19.701309,19.754082,19.754082,19.771667,19.771667,19.912178,19.771667,19.824394,19.806816,19.630898,19.824394,19.771667,19.683716,19.964821,19.578049,19.383957,19.666115,19.666115,19.789246,19.648506,19.683716,19.683716,19.982353,19.630898,19.789246,19.754082,19.648506,19.507530,19.912178,19.754082,19.771667,19.718910,19.666115,19.683716,19.666115,19.771667,19.771667,19.789246,19.348618,19.859520,19.472237,20.017418,19.894638,19.877083,19.666115,19.718910,19.507530,19.982353,19.648506,19.383957,19.648506,19.542793,19.701309,19.718910,19.771667,20.034943,
18.155830,18.191681,18.030205,18.370735,18.012245,17.868416,18.137894,18.173759,18.334953,18.191681,18.137894,18.281258,18.442253,18.513702,18.388626,18.388626,18.531555,18.709869,18.816673,18.852249,19.118538,18.958870,19.507530,19.419281,19.366287,19.736496,19.771667,19.982353,20.034943,20.140007,20.297348,20.384621,20.314804,20.489220,20.471802,20.489220,20.402061,20.940895,20.506645,20.871582,20.854233,20.750122,20.958221,21.131203,21.044754,21.096642,20.940895,21.355507,21.321045,21.252068,21.200287,21.372734,21.424393,21.613518,21.579163,21.596336,21.510414,21.733620,21.596336,21.493217,21.596336,21.338272,21.321045,21.234810,21.252068,21.234810,21.389961,21.286568,21.476021,21.544792,21.355507,21.510414,21.424393,21.665016,21.579163,21.973259,21.853539,21.853539,21.802162,21.870644,21.802162,21.853539,21.733620,22.024513,21.767891,21.921967,21.819290,21.699318,21.630684,21.716469,21.579163,21.630684,21.613518,21.682167,21.716469,21.630684,21.647850,21.733620,21.579163,21.579163,21.647850,21.733620,21.630684,21.630684,21.665016,21.699318,21.682167,21.785027,21.785027,21.870644,21.785027,21.887764,21.921967,22.109856,21.819290,22.058662,22.007431,22.143959,22.041588,22.058662,22.058662,22.143959,22.365303,22.297272,22.229179,22.195107,22.075729,22.007431,22.075729,22.143959,22.024513,22.109856,22.007431,22.024513,21.939064,21.990349,21.904861,21.836411,21.887764,21.836411,21.802162,21.819290,21.544792,21.716469,21.596336,21.699318,21.527603,21.544792,21.716469,21.544792,21.647850,21.561981,21.733620,21.802162,21.819290,21.733620,21.613518,21.956161,21.630684,21.716469,21.544792,21.870644,21.613518,21.733620,21.544792,21.527603,21.476021,21.424393,21.544792,21.561981,21.407181,21.613518,21.561981,21.579163,21.682167,21.527603,21.579163,21.665016,21.596336,21.596336,21.424393,21.613518,21.544792,21.407181,21.699318,21.579163,21.527603,21.544792,21.527603,21.699318,21.579163,21.579163,21.682167,21.613518,21.716469,21.613518,21.647850,21.716469,21.767891,21.767891,21.699318,21.561981,21.733620,21.716469,21.613518,21.733620,21.682167,21.561981,21.699318,21.767891,21.716469,21.613518,21.750755,21.819290,21.767891,21.767891,21.596336,21.836411,21.785027,21.682167,21.802162,21.750755,21.802162,21.767891,21.733620,21.716469,21.819290,21.613518,21.493217,21.699318,21.561981,21.561981,21.630684,21.699318,21.802162,21.733620,21.561981,21.665016,21.733620,21.956161,21.699318,21.682167,21.767891,21.802162,21.785027,21.699318,21.682167,21.836411,21.579163,21.596336,21.819290,21.819290,21.750755,21.819290,21.802162,21.682167,21.819290,21.750755,21.767891,21.870644,21.630684,21.802162,21.853539,21.750755,21.819290,21.596336,21.682167,21.665016,21.561981,21.647850,21.527603,21.355507,21.493217,21.544792,21.407181,21.579163,21.458817,21.561981,21.424393,21.544792,21.544792,21.527603,21.355507,21.234810,21.286568,21.234810,21.217552,21.010155,20.836899,21.113914,20.871582,20.992851,20.906242,20.958221,20.871582,20.888908,20.906242,20.923576,21.010155,20.854233,20.992851,20.871582,20.923576,20.732758,20.784843,20.645866,20.645866,20.454369,20.402061,20.489220,20.244934,20.262413,20.262413,20.262413,20.489220,20.384621,20.279877,20.419502,20.367180,20.402061,20.506645,20.332268,20.332268,20.367180,20.384621,20.349724,20.558884,20.384621,20.297348,20.262413,20.384621,20.489220,20.402061,20.454369,20.297348,20.297348,20.052460,20.122513,20.157509,20.332268,20.279877,20.349724,19.947273,19.999893,19.841957,19.701309,19.666115,19.277893,19.383957,19.118538,19.189407,19.313263,19.242508,19.065346,19.189407,19.029869,18.941109,18.994377,18.905579,18.763298,19.012123,19.029869,19.012123,19.100807,18.781090,18.798889,19.012123,18.905579,18.763298,18.692055,18.834473,18.816673,18.781090,18.852249,18.834473,19.012123,18.941109,19.012123,18.674240,18.798889,18.923340,18.727684,19.153984,18.816673,18.781090,18.994377,18.958870,18.923340,19.100807,18.852249,18.905579,18.887802,18.941109,18.763298,18.958870,18.870033,18.976631,19.029869,18.923340,18.923340,18.709869,18.923340,18.941109,18.798889,18.923340,18.958870,18.905579,18.923340,19.012123,19.100807,19.083084,18.941109,19.153984,18.870033,19.065346,19.330948,19.189407,19.330948,19.118538,19.065346,19.207108,19.047615,19.029869,19.136261,19.118538,19.118538,19.277893,18.941109,19.047615,19.207108,19.065346,19.100807,19.029869,19.207108,19.224815,19.277893,19.118538,19.136261,19.065346,19.029869,18.941109,19.242508,19.189407,19.083084,19.100807,19.224815,19.171692,19.171692,19.189407,19.207108,19.153984,19.242508,19.118538,19.118538,19.330948,19.242508,19.189407,19.366287,19.277893,19.207108,19.224815,19.224815,19.207108,19.419281,19.189407,19.383957,19.330948,19.330948,19.348618,19.454590,19.330948,19.136261,19.313263,19.383957,19.330948,19.136261,19.242508,19.224815,19.454590,19.330948,19.383957,19.295586,19.419281,19.401619,19.242508,19.330948,19.242508,19.419281,19.366287,19.472237,19.489883,19.472237,19.366287,19.507530,19.330948,19.295586,19.454590,19.436943,19.436943,19.401619,19.295586,19.366287,19.489883,19.472237,19.436943,19.472237,19.401619,19.366287,19.507530,19.489883,19.330948,19.718910,19.348618,19.313263,19.489883,19.613289,19.401619,19.472237,19.366287,19.436943,19.383957,19.630898,19.489883,19.489883,19.542793,19.666115,19.313263,19.595665,19.525154,19.630898,19.454590,19.525154,19.472237,19.436943,19.578049,19.578049,19.613289,19.578049,19.436943,19.578049,19.560417,19.578049,19.736496,19.383957,19.754082,19.295586,19.578049,19.578049,19.489883,19.472237,19.489883,19.595665,19.383957,19.330948,19.472237,19.489883,19.472237,19.648506,19.683716,19.507530,19.542793,19.595665,19.525154,19.507530,19.701309,19.507530,19.648506,19.578049,19.613289,19.613289,19.595665,19.613289,19.701309,19.683716,19.718910,19.771667,19.613289,19.666115,19.348618,19.613289,19.630898,19.683716,19.666115,19.613289,19.560417,19.330948,19.754082,19.736496,19.648506,19.736496,19.736496,19.701309,19.701309,19.595665,19.595665,19.648506,19.648506,19.859520,19.648506,19.560417,19.666115,19.841957,19.542793,19.648506,19.683716,19.736496,19.666115,19.630898,19.472237,19.648506,19.436943,19.859520,19.718910,19.718910,19.613289,19.666115,19.701309,19.489883,19.718910,19.982353,19.507530,19.630898,19.789246,19.701309,19.525154,19.630898,19.648506,19.683716,19.454590,19.736496,19.841957,19.613289,19.578049,19.683716,19.701309,19.436943,19.666115,19.789246,19.859520,19.964821,
18.066116,17.868416,17.922386,17.940361,17.922386,17.958336,17.814415,17.886406,17.922386,18.155830,18.012245,18.119965,18.012245,18.317062,18.119965,18.263351,18.370735,18.798889,18.388626,18.620766,18.781090,19.100807,19.207108,19.330948,19.472237,19.489883,19.859520,19.982353,20.122513,20.192490,20.349724,20.489220,20.576286,20.454369,20.524055,20.680634,20.732758,20.645866,20.750122,20.992851,20.802200,20.958221,20.906242,21.044754,21.027458,21.113914,21.096642,21.389961,21.096642,21.321045,21.200287,21.579163,21.338272,21.561981,21.561981,21.527603,21.544792,21.372734,21.476021,21.493217,21.389961,21.321045,21.303802,21.527603,21.252068,21.510414,21.286568,21.234810,21.510414,21.527603,21.476021,21.338272,21.407181,21.716469,21.596336,21.785027,21.699318,21.904861,21.699318,21.699318,21.785027,21.904861,21.682167,21.887764,21.785027,21.699318,21.733620,21.596336,21.630684,21.561981,21.561981,21.647850,21.493217,21.699318,21.716469,21.665016,21.544792,21.819290,21.647850,21.579163,21.613518,21.561981,21.510414,21.647850,21.647850,21.596336,21.716469,21.767891,21.904861,21.836411,21.956161,21.939064,21.853539,22.126915,21.990349,22.092789,21.904861,22.195107,22.195107,21.956161,21.887764,22.178062,22.178062,22.433289,22.109856,22.246208,22.058662,22.058662,22.195107,22.024513,22.143959,21.990349,22.143959,22.109856,21.939064,22.007431,21.990349,21.973259,22.007431,21.836411,21.887764,21.853539,21.733620,21.887764,21.527603,21.682167,21.458817,21.579163,21.561981,21.682167,21.699318,21.682167,21.647850,21.767891,21.836411,21.750755,21.767891,21.870644,21.647850,21.904861,21.716469,21.527603,21.630684,21.750755,21.476021,21.407181,21.493217,21.630684,21.441612,21.630684,21.579163,21.527603,21.527603,21.630684,21.544792,21.630684,21.561981,21.476021,21.682167,21.682167,21.579163,21.665016,21.407181,21.510414,21.750755,21.596336,21.613518,21.510414,21.458817,21.596336,21.527603,21.665016,21.561981,21.647850,21.596336,21.921967,21.579163,21.716469,21.921967,21.870644,21.819290,21.733620,21.836411,21.699318,21.665016,21.750755,21.665016,21.733620,21.699318,21.716469,21.767891,21.767891,21.699318,21.733620,21.836411,21.836411,21.665016,21.785027,21.853539,21.836411,21.699318,21.630684,21.853539,21.630684,21.716469,21.665016,21.458817,21.665016,21.630684,21.510414,21.561981,21.441612,21.767891,21.665016,21.630684,21.561981,21.510414,21.870644,21.767891,21.836411,21.802162,21.819290,21.733620,21.699318,21.904861,21.767891,21.853539,21.904861,21.785027,21.904861,21.802162,21.904861,21.630684,21.921967,21.785027,21.973259,21.699318,21.870644,21.785027,21.647850,21.870644,21.767891,21.767891,21.785027,21.716469,21.716469,21.527603,21.630684,21.527603,21.579163,21.733620,21.493217,21.665016,21.544792,21.596336,21.372734,21.510414,21.544792,21.407181,21.441612,21.269310,21.355507,21.234810,21.303802,21.355507,21.252068,21.165756,21.131203,20.906242,20.975533,20.767487,20.836899,20.940895,20.975533,20.802200,20.888908,20.750122,21.010155,21.113914,20.888908,20.906242,20.871582,20.940895,20.923576,20.923576,20.802200,20.750122,20.698021,20.524055,20.576286,20.506645,20.454369,20.402061,20.349724,20.419502,20.419502,20.314804,20.244934,20.454369,20.471802,20.419502,20.489220,20.402061,20.436943,20.349724,20.384621,20.367180,20.314804,20.436943,20.384621,20.262413,20.384621,20.436943,20.349724,20.157509,20.192490,20.314804,20.087494,20.262413,20.105003,20.017418,20.105003,19.771667,19.894638,19.666115,19.436943,19.295586,19.313263,19.171692,18.976631,19.153984,18.905579,18.905579,18.923340,18.709869,18.816673,18.727684,18.763298,18.620766,18.709869,18.549400,18.638596,18.460121,18.798889,18.638596,18.531555,18.745483,18.620766,18.567253,18.745483,18.531555,18.674240,18.549400,18.763298,18.477982,18.549400,18.638596,18.656418,18.602928,18.745483,18.602928,18.585091,18.656418,18.567253,18.495850,18.656418,18.745483,18.674240,18.585091,18.567253,18.460121,18.602928,18.549400,18.709869,18.638596,18.620766,18.692055,18.709869,18.495850,18.656418,18.727684,18.781090,18.620766,18.781090,18.602928,18.941109,18.656418,18.834473,18.424385,18.887802,18.781090,18.709869,18.727684,18.638596,18.852249,18.763298,18.620766,18.692055,18.727684,18.781090,18.887802,18.852249,19.012123,18.870033,18.905579,18.834473,18.941109,18.763298,18.852249,18.834473,18.887802,18.870033,18.976631,19.029869,18.941109,18.816673,18.798889,18.958870,18.958870,18.798889,18.941109,19.065346,19.012123,18.923340,18.994377,18.976631,18.976631,18.887802,19.012123,18.923340,18.923340,19.083084,18.923340,19.065346,18.976631,19.118538,18.852249,19.118538,18.887802,18.887802,19.083084,19.224815,19.189407,19.029869,18.958870,19.083084,18.958870,19.242508,18.941109,18.852249,19.189407,19.065346,19.047615,19.012123,19.207108,19.047615,19.065346,19.242508,19.118538,19.348618,19.171692,19.029869,19.207108,19.100807,19.118538,19.313263,19.029869,19.224815,19.100807,19.065346,19.153984,19.171692,19.242508,19.224815,19.189407,19.100807,19.100807,19.189407,19.348618,19.295586,19.383957,19.277893,19.224815,19.171692,19.260208,19.189407,19.489883,19.330948,19.224815,19.224815,19.295586,19.366287,19.419281,19.366287,19.260208,19.207108,18.941109,19.118538,19.542793,19.525154,19.295586,19.348618,19.419281,19.189407,19.436943,19.295586,19.207108,19.525154,19.436943,19.348618,19.295586,19.401619,19.366287,19.330948,19.436943,19.295586,19.419281,19.401619,19.295586,19.489883,19.366287,19.419281,19.419281,19.542793,19.348618,19.419281,19.330948,19.489883,19.419281,19.419281,19.489883,19.507530,19.153984,19.436943,19.454590,19.401619,19.383957,19.472237,19.578049,19.630898,19.454590,19.330948,19.489883,19.401619,19.560417,19.472237,19.630898,19.578049,19.560417,19.489883,19.472237,19.595665,19.419281,19.613289,19.472237,19.666115,19.666115,19.701309,19.701309,19.771667,19.542793,19.947273,19.542793,19.736496,19.489883,19.666115,19.630898,19.666115,19.560417,19.507530,19.595665,19.648506,19.578049,19.736496,19.648506,19.806816,19.613289,19.578049,19.525154,19.613289,19.630898,19.560417,19.595665,19.736496,19.718910,19.436943,19.859520,19.666115,19.383957,19.789246,19.859520,19.630898,19.419281,19.648506,19.578049,19.613289,19.666115,19.525154,19.648506,19.525154,19.489883,19.578049,19.436943,19.578049,19.613289,19.648506,19.560417,19.578049,19.419281,19.348618,19.525154,19.630898,19.666115,19.666115,19.666115,19.542793,19.578049,19.542793,19.578049,19.718910,
17.832420,17.742363,17.724342,17.598068,17.634163,17.670250,17.507759,17.886406,17.886406,17.886406,17.850410,17.868416,18.173759,18.155830,17.976311,18.084076,18.066116,18.137894,18.513702,18.406502,18.781090,18.798889,18.976631,19.295586,19.366287,19.666115,19.630898,20.034943,19.999893,20.244934,20.227455,20.349724,20.332268,20.541473,20.262413,20.489220,20.645866,20.750122,20.506645,20.784843,20.784843,20.819542,20.906242,20.975533,20.958221,21.165756,21.217552,21.027458,21.252068,21.269310,21.217552,21.527603,21.372734,21.544792,21.493217,21.389961,21.441612,21.596336,21.510414,21.234810,21.441612,21.338272,21.234810,21.561981,21.303802,21.321045,21.355507,21.476021,21.303802,21.441612,21.303802,21.269310,21.234810,21.647850,21.527603,21.510414,21.699318,21.527603,21.682167,21.579163,21.716469,21.733620,21.613518,21.493217,21.750755,21.716469,21.733620,21.647850,21.544792,21.665016,21.561981,21.544792,21.493217,21.476021,21.716469,21.476021,21.561981,21.630684,21.630684,21.493217,21.682167,21.476021,21.682167,21.699318,21.493217,21.682167,21.750755,21.544792,21.699318,21.904861,21.802162,21.802162,22.058662,22.041588,22.058662,22.109856,22.126915,22.143959,22.382309,22.195107,22.195107,22.143959,22.178062,22.229179,22.229179,22.126915,22.126915,22.007431,22.058662,22.126915,22.143959,22.161018,22.178062,22.024513,22.109856,22.092789,22.126915,21.990349,21.853539,21.767891,21.647850,21.836411,21.750755,21.630684,21.389961,21.785027,21.767891,21.733620,21.493217,21.853539,21.561981,21.887764,21.853539,21.733620,21.716469,21.682167,21.716469,21.613518,21.699318,21.596336,21.596336,21.699318,21.527603,21.544792,21.458817,21.476021,21.424393,21.630684,21.458817,21.441612,21.355507,21.647850,21.544792,21.321045,21.561981,21.458817,21.544792,21.647850,21.493217,21.527603,21.544792,21.682167,21.441612,21.665016,21.510414,21.596336,21.544792,21.579163,21.665016,21.579163,21.630684,21.579163,21.647850,21.682167,21.921967,21.767891,21.887764,21.767891,21.733620,21.647850,21.716469,21.750755,21.819290,21.887764,21.921967,21.510414,21.767891,21.579163,21.716469,21.699318,21.665016,21.853539,21.647850,21.733620,21.939064,21.921967,21.819290,21.802162,21.836411,21.750755,21.904861,21.767891,21.939064,22.126915,21.716469,21.716469,21.613518,21.836411,21.733620,21.716469,21.716469,21.699318,21.682167,21.682167,21.647850,21.733620,21.630684,21.904861,21.904861,21.870644,21.921967,22.024513,21.870644,21.939064,21.921967,21.802162,21.973259,21.956161,21.785027,21.956161,21.904861,21.887764,21.836411,21.853539,21.973259,21.836411,21.921967,21.767891,22.041588,21.870644,21.853539,21.887764,21.904861,21.921967,21.853539,21.853539,21.682167,21.716469,21.699318,21.579163,21.699318,21.647850,21.630684,21.682167,21.665016,21.647850,21.630684,21.716469,21.579163,21.596336,21.338272,21.441612,21.493217,21.510414,21.389961,21.252068,21.096642,21.234810,21.183029,20.975533,20.871582,20.767487,20.854233,21.010155,21.044754,20.940895,20.767487,21.079346,21.062057,20.802200,20.888908,21.044754,20.940895,20.871582,21.096642,20.871582,20.645866,20.750122,20.593697,20.611084,20.611084,20.419502,20.593697,20.541473,20.558884,20.558884,20.506645,20.541473,20.524055,20.384621,20.384621,20.541473,20.436943,20.297348,20.524055,20.419502,20.349724,20.279877,20.314804,20.174995,20.174995,20.034943,20.140007,20.402061,20.367180,20.174995,20.122513,20.209976,20.174995,20.227455,20.052460,19.964821,19.806816,19.630898,19.489883,19.330948,19.313263,19.136261,19.047615,18.923340,18.816673,18.852249,18.709869,18.674240,18.656418,18.442253,18.531555,18.549400,18.495850,18.209602,18.585091,18.549400,18.263351,18.424385,18.495850,18.388626,18.460121,18.424385,18.281258,18.245445,18.209602,18.299164,18.370735,18.352852,18.227524,18.424385,18.299164,18.334953,18.531555,18.317062,18.299164,18.263351,18.227524,18.406502,18.317062,18.352852,18.460121,18.370735,18.674240,18.334953,18.299164,18.442253,18.549400,18.352852,18.352852,18.460121,18.513702,18.477982,18.477982,18.620766,18.531555,18.513702,18.442253,18.352852,18.442253,18.299164,18.388626,18.620766,18.388626,18.531555,18.495850,18.567253,18.549400,18.745483,18.460121,18.513702,18.585091,18.334953,18.656418,18.513702,18.495850,18.638596,18.674240,18.460121,18.531555,18.781090,18.567253,18.424385,18.656418,18.620766,18.531555,18.709869,18.585091,18.763298,18.727684,18.638596,18.495850,18.638596,18.638596,18.763298,18.798889,18.674240,18.727684,18.781090,18.709869,18.656418,18.656418,18.602928,18.602928,18.870033,18.923340,18.692055,18.958870,19.065346,18.870033,18.976631,18.620766,18.905579,18.727684,18.905579,18.781090,18.958870,18.816673,18.781090,18.763298,18.781090,18.941109,18.923340,19.029869,18.763298,18.941109,18.727684,18.745483,18.887802,18.852249,18.958870,18.834473,18.994377,18.905579,18.781090,18.798889,19.153984,18.923340,18.905579,18.941109,18.834473,18.870033,18.852249,18.798889,18.887802,18.816673,18.923340,19.029869,18.745483,18.852249,18.994377,18.941109,18.994377,19.012123,19.047615,18.763298,18.958870,19.065346,19.012123,19.100807,18.905579,18.834473,19.047615,18.958870,19.012123,19.118538,19.047615,18.994377,19.083084,18.958870,18.958870,19.065346,19.153984,19.207108,19.224815,18.941109,18.994377,19.171692,19.136261,19.065346,19.383957,19.153984,18.923340,19.136261,19.401619,19.189407,19.171692,19.065346,19.207108,19.277893,19.029869,19.242508,19.100807,19.189407,19.189407,19.277893,19.047615,19.083084,19.136261,19.348618,19.242508,19.419281,19.189407,19.383957,19.366287,19.277893,19.260208,19.224815,19.295586,19.348618,19.136261,19.153984,19.260208,19.578049,19.295586,19.295586,19.366287,19.348618,19.383957,19.330948,19.489883,19.383957,19.489883,19.171692,19.454590,19.330948,19.330948,19.277893,19.330948,19.401619,19.419281,19.189407,19.472237,19.507530,19.630898,19.525154,19.383957,19.525154,19.595665,19.260208,19.419281,19.542793,19.489883,19.419281,19.277893,19.295586,19.366287,19.348618,19.595665,19.401619,19.401619,19.507530,19.701309,19.489883,19.718910,19.613289,19.542793,19.560417,19.630898,19.472237,19.419281,19.419281,19.648506,19.560417,19.260208,19.542793,19.489883,19.436943,19.419281,19.648506,19.436943,19.489883,19.718910,19.436943,19.578049,19.595665,19.542793,19.366287,19.542793,19.560417,19.366287,19.383957,19.648506,19.366287,19.489883,19.313263,19.630898,19.613289,19.683716,19.525154,19.419281,19.666115,19.718910,19.648506,19.806816,
17.688278,17.598068,17.381157,17.561958,17.381157,17.652206,17.399261,17.652206,17.507759,17.561958,17.616119,17.778404,17.598068,17.868416,17.652206,18.012245,18.012245,17.940361,18.155830,18.388626,18.406502,18.816673,18.887802,18.958870,19.242508,19.454590,19.736496,19.595665,19.964821,20.140007,20.349724,20.244934,20.314804,20.297348,20.436943,20.541473,20.471802,20.611084,20.593697,20.732758,20.715385,20.767487,20.906242,21.183029,21.010155,20.992851,20.906242,21.269310,21.389961,21.338272,21.269310,21.493217,21.458817,21.372734,21.561981,21.407181,21.476021,21.510414,21.510414,21.527603,21.389961,21.579163,21.286568,21.165756,21.424393,21.183029,21.113914,21.355507,21.269310,21.303802,21.165756,21.355507,21.476021,21.613518,21.493217,21.682167,21.682167,21.476021,21.424393,21.579163,21.699318,21.613518,21.613518,21.682167,21.665016,21.716469,21.682167,21.699318,21.579163,21.561981,21.630684,21.682167,21.458817,21.699318,21.476021,21.527603,21.510414,21.630684,21.424393,21.630684,21.355507,21.716469,21.561981,21.458817,21.665016,21.733620,21.802162,21.750755,21.750755,22.041588,21.716469,22.007431,21.973259,22.126915,22.007431,22.229179,22.297272,22.382309,22.280251,22.263237,22.399300,22.246208,22.280251,22.297272,22.314293,22.195107,22.297272,22.058662,22.161018,22.058662,22.075729,22.178062,22.143959,22.195107,21.990349,22.041588,21.956161,22.041588,22.126915,21.785027,21.733620,21.990349,21.665016,21.750755,21.733620,21.767891,21.750755,21.682167,21.767891,21.939064,21.836411,21.887764,21.682167,21.990349,21.785027,21.836411,21.767891,21.956161,21.665016,21.716469,21.682167,21.836411,21.596336,21.699318,21.458817,21.458817,21.424393,21.286568,21.303802,21.493217,21.476021,21.853539,21.665016,21.321045,21.613518,21.424393,21.510414,21.836411,21.596336,21.510414,21.441612,21.527603,21.510414,21.407181,21.476021,21.493217,21.544792,21.544792,21.647850,21.579163,21.750755,21.665016,21.716469,21.767891,21.887764,21.853539,21.921967,21.870644,21.870644,21.750755,21.853539,21.853539,21.716469,21.819290,21.819290,21.904861,21.802162,21.647850,21.887764,22.007431,21.733620,21.921967,21.647850,21.819290,21.802162,22.007431,22.007431,21.956161,21.836411,21.870644,21.887764,21.904861,22.007431,22.024513,21.853539,21.956161,21.853539,21.785027,21.630684,21.939064,21.819290,21.836411,21.682167,21.802162,21.853539,21.716469,21.733620,21.767891,21.836411,21.939064,22.024513,21.973259,21.904861,21.870644,21.904861,22.109856,21.990349,21.956161,21.973259,21.870644,21.990349,21.921967,21.887764,22.007431,21.836411,22.058662,21.921967,22.024513,22.024513,22.041588,21.939064,21.990349,21.904861,21.921967,21.939064,21.904861,21.785027,21.767891,21.699318,21.767891,21.785027,21.561981,21.716469,21.733620,21.802162,21.733620,21.733620,21.767891,21.699318,21.665016,21.493217,21.596336,21.476021,21.338272,21.355507,21.372734,21.269310,21.200287,21.131203,21.010155,20.992851,20.975533,20.958221,20.992851,21.131203,21.062057,20.923576,21.165756,21.079346,21.010155,20.958221,21.027458,21.113914,20.992851,20.975533,21.131203,20.992851,20.958221,20.663254,20.611084,20.750122,20.593697,20.384621,20.576286,20.767487,20.593697,20.628487,20.332268,20.663254,20.471802,20.297348,20.384621,20.332268,20.524055,20.314804,20.454369,20.174995,20.262413,20.332268,20.174995,20.087494,20.279877,20.192490,20.087494,20.314804,20.052460,19.912178,20.034943,20.069977,19.999893,20.052460,19.929733,19.718910,19.454590,19.436943,19.277893,19.171692,19.100807,18.781090,18.638596,18.567253,18.585091,18.424385,18.370735,18.460121,18.317062,18.227524,18.227524,18.102013,18.442253,18.317062,18.209602,18.102013,18.370735,18.155830,18.048164,18.281258,18.048164,18.191681,18.066116,18.227524,17.886406,17.850410,18.012245,18.084076,18.209602,18.066116,18.084076,18.227524,18.227524,18.173759,18.119965,18.048164,18.263351,17.868416,18.084076,18.191681,18.155830,18.173759,18.048164,18.245445,18.209602,18.066116,18.155830,18.191681,18.048164,18.209602,18.084076,18.137894,18.030205,18.084076,18.191681,18.119965,18.119965,18.191681,18.173759,18.137894,18.245445,18.119965,18.227524,18.227524,18.281258,18.137894,18.191681,18.317062,18.424385,18.442253,18.352852,18.227524,18.263351,18.317062,18.227524,18.334953,18.317062,18.281258,18.352852,18.388626,18.281258,18.334953,18.370735,18.334953,18.388626,18.352852,18.191681,18.460121,18.317062,18.495850,18.424385,18.191681,18.442253,18.585091,18.209602,18.370735,18.370735,18.388626,18.531555,18.388626,18.495850,18.585091,18.549400,18.602928,18.602928,18.531555,18.692055,18.549400,18.674240,18.406502,18.709869,18.370735,18.531555,18.460121,18.567253,18.745483,18.709869,18.531555,18.460121,18.495850,18.531555,18.602928,18.585091,18.460121,18.602928,18.513702,18.477982,18.727684,18.709869,18.638596,18.602928,18.656418,18.549400,18.585091,18.531555,18.531555,18.638596,18.567253,18.763298,18.567253,18.638596,18.816673,18.620766,18.531555,18.638596,18.477982,18.745483,18.692055,18.763298,18.745483,18.692055,18.709869,18.781090,18.692055,18.745483,18.674240,18.763298,18.602928,18.638596,18.798889,18.674240,18.709869,18.781090,18.745483,18.870033,18.887802,18.905579,18.941109,18.941109,18.976631,18.887802,18.905579,19.153984,18.798889,19.012123,18.745483,18.674240,18.958870,19.012123,18.905579,18.870033,18.798889,19.029869,18.905579,19.083084,18.887802,19.100807,19.083084,19.029869,19.083084,18.674240,18.941109,18.994377,18.852249,19.118538,18.870033,18.958870,19.012123,19.118538,19.136261,19.012123,18.816673,18.958870,18.941109,18.852249,18.941109,19.100807,18.763298,19.136261,18.958870,19.012123,19.100807,19.136261,19.047615,19.083084,19.277893,19.136261,19.383957,19.065346,19.260208,19.277893,19.260208,19.171692,19.100807,19.100807,19.242508,19.118538,19.242508,19.083084,19.454590,19.295586,19.171692,19.472237,19.242508,19.313263,19.348618,19.313263,19.189407,19.366287,19.189407,19.401619,19.419281,19.419281,19.083084,19.401619,19.313263,19.525154,19.224815,19.542793,19.330948,19.313263,19.419281,19.366287,19.366287,19.401619,19.348618,19.489883,19.489883,19.525154,19.401619,19.718910,19.454590,19.313263,19.648506,19.313263,19.295586,19.260208,19.454590,19.472237,19.313263,19.472237,19.330948,19.401619,19.436943,19.313263,19.472237,19.260208,19.560417,19.295586,19.224815,19.401619,19.277893,19.472237,19.648506,19.366287,19.454590,19.630898,19.436943,19.578049,19.718910,19.454590,19.489883,19.578049,
17.435440,17.254379,17.218117,17.308739,17.344955,17.218117,17.381157,17.381157,17.344955,17.199982,17.381157,17.381157,17.399261,17.598068,17.652206,17.832420,17.814415,17.760384,18.137894,18.084076,18.281258,18.692055,18.406502,19.065346,19.065346,19.419281,19.525154,19.718910,19.736496,20.209976,20.087494,20.192490,20.489220,20.506645,20.314804,20.541473,20.663254,20.836899,20.628487,20.698021,20.628487,20.784843,20.836899,20.888908,20.888908,20.992851,21.131203,20.940895,21.338272,21.079346,21.165756,21.303802,21.321045,21.613518,21.476021,21.561981,21.441612,21.613518,21.441612,21.355507,21.217552,21.200287,21.303802,21.458817,21.165756,21.183029,21.183029,21.321045,21.200287,21.165756,21.252068,21.234810,21.286568,21.303802,21.458817,21.682167,21.424393,21.613518,21.458817,21.510414,21.544792,21.527603,21.630684,21.665016,21.647850,21.544792,21.493217,21.682167,21.647850,21.613518,21.476021,21.476021,21.596336,21.544792,21.647850,21.665016,21.510414,21.596336,21.389961,21.579163,21.493217,21.493217,21.476021,21.493217,21.613518,21.613518,21.750755,21.699318,21.767891,21.665016,21.802162,21.990349,22.075729,22.058662,22.126915,22.348305,22.161018,22.212143,22.331291,22.280251,22.450264,22.399300,22.382309,22.433289,22.314293,22.331291,22.126915,22.263237,22.195107,22.331291,22.331291,22.109856,22.161018,22.195107,22.109856,22.058662,21.699318,22.109856,21.973259,21.973259,21.802162,22.007431,21.887764,21.716469,21.716469,21.904861,21.802162,21.647850,21.733620,21.819290,21.630684,22.058662,21.939064,21.904861,21.956161,22.075729,21.990349,21.716469,21.733620,21.699318,21.904861,21.389961,21.716469,21.476021,21.165756,21.476021,21.493217,21.441612,21.148476,21.286568,21.355507,21.321045,21.458817,21.527603,21.338272,21.441612,21.458817,21.441612,21.407181,21.441612,21.476021,21.389961,21.252068,21.665016,21.321045,21.424393,21.493217,21.458817,21.527603,21.733620,21.699318,21.647850,21.682167,21.887764,21.836411,21.853539,21.956161,21.836411,21.733620,21.785027,21.647850,21.596336,21.733620,21.853539,21.750755,21.665016,21.665016,21.802162,21.750755,21.733620,21.836411,21.870644,21.630684,21.956161,21.665016,21.921967,21.767891,21.887764,21.921967,22.058662,21.785027,21.904861,21.887764,21.939064,21.785027,21.973259,21.956161,21.836411,21.750755,21.750755,21.853539,22.007431,21.750755,21.750755,21.785027,21.819290,21.904861,21.887764,22.058662,21.939064,22.007431,22.178062,21.921967,22.075729,21.887764,21.853539,21.939064,21.939064,21.819290,22.024513,21.904861,22.007431,21.785027,22.024513,21.870644,22.024513,22.109856,21.904861,21.836411,21.973259,21.887764,21.904861,22.041588,22.058662,22.024513,22.024513,21.853539,21.904861,21.750755,21.956161,21.767891,21.836411,21.785027,21.682167,21.733620,21.904861,21.647850,21.665016,21.802162,21.887764,21.733620,21.458817,21.630684,21.561981,21.424393,21.476021,21.424393,21.131203,21.252068,21.165756,21.062057,20.819542,20.906242,21.062057,20.975533,20.940895,20.750122,20.975533,21.079346,20.975533,21.113914,21.044754,21.044754,21.010155,20.906242,21.027458,20.888908,20.940895,20.732758,20.628487,20.698021,20.784843,20.698021,20.558884,20.680634,20.558884,20.524055,20.541473,20.541473,20.471802,20.402061,20.297348,20.314804,20.506645,20.419502,20.262413,20.140007,20.209976,20.332268,20.262413,20.105003,20.140007,20.087494,20.140007,20.087494,20.087494,20.122513,20.052460,20.017418,20.069977,19.982353,19.701309,19.489883,19.383957,19.401619,19.171692,18.976631,18.941109,18.495850,18.567253,18.370735,18.245445,18.084076,18.173759,18.084076,18.137894,17.904396,17.958336,17.958336,17.958336,17.814415,17.958336,17.814415,17.850410,17.976311,17.778404,17.688278,17.814415,17.922386,17.724342,17.886406,17.742363,17.814415,17.742363,17.760384,17.814415,17.850410,17.742363,17.688278,17.706314,17.796410,17.652206,17.850410,17.670250,17.742363,17.868416,17.688278,17.724342,17.778404,17.868416,18.084076,18.066116,17.958336,17.868416,17.940361,17.994278,17.922386,18.119965,17.922386,17.940361,17.832420,17.706314,18.048164,17.652206,17.814415,18.066116,17.976311,17.634163,17.976311,17.886406,17.886406,18.066116,17.958336,18.066116,18.012245,18.102013,17.904396,17.976311,17.940361,17.814415,17.832420,17.904396,17.940361,18.102013,18.084076,18.084076,17.976311,18.263351,18.155830,18.102013,18.084076,17.904396,18.048164,17.724342,18.030205,18.119965,18.263351,18.066116,18.012245,18.119965,18.173759,18.227524,18.173759,18.191681,18.030205,17.958336,18.245445,18.370735,18.334953,18.317062,18.245445,18.119965,18.245445,18.155830,18.209602,18.388626,18.227524,18.281258,18.227524,18.263351,18.227524,18.352852,18.299164,18.227524,18.102013,18.299164,18.602928,18.549400,18.442253,18.173759,18.173759,18.263351,18.281258,18.352852,18.227524,18.406502,18.352852,18.406502,18.495850,18.460121,18.442253,18.245445,18.352852,18.388626,18.173759,18.370735,18.352852,18.495850,18.424385,18.424385,18.424385,18.245445,18.334953,18.424385,18.477982,18.406502,18.460121,18.424385,18.531555,18.317062,18.656418,18.602928,18.495850,18.477982,18.638596,18.567253,18.281258,18.388626,18.370735,18.531555,18.513702,18.638596,18.727684,18.620766,18.620766,18.763298,18.495850,18.745483,18.781090,18.674240,18.602928,18.567253,18.656418,18.585091,18.585091,18.692055,18.602928,18.674240,18.709869,18.567253,18.477982,18.727684,18.781090,18.692055,18.852249,18.763298,18.709869,18.709869,18.513702,18.834473,18.567253,18.531555,18.585091,18.674240,18.692055,18.656418,18.834473,18.745483,18.763298,18.656418,18.585091,18.798889,18.727684,18.852249,18.887802,18.620766,18.709869,18.887802,18.958870,19.029869,18.923340,19.207108,18.941109,18.923340,19.012123,18.958870,18.941109,18.958870,18.958870,19.029869,18.763298,18.958870,18.781090,19.136261,19.100807,18.941109,19.012123,18.958870,19.012123,19.118538,19.136261,19.207108,19.207108,18.994377,19.242508,18.852249,19.277893,19.260208,19.171692,19.207108,19.171692,19.153984,19.171692,19.330948,19.171692,19.419281,19.136261,19.542793,19.313263,19.224815,19.542793,19.047615,19.578049,19.313263,19.277893,19.330948,19.489883,19.578049,19.242508,19.260208,19.171692,19.542793,19.189407,19.012123,19.260208,19.224815,18.834473,19.313263,19.348618,19.472237,19.260208,19.153984,19.207108,19.366287,19.348618,19.313263,19.348618,19.472237,19.295586,19.507530,19.560417,19.083084,19.207108,19.012123,19.366287,19.295586,19.260208,19.507530,19.313263,19.383957,
17.272507,17.127403,16.982056,17.290627,17.109245,17.127403,17.018410,17.072929,17.218117,17.181839,16.982056,17.236252,17.072929,17.199982,17.616119,17.435440,17.561958,17.742363,17.796410,17.868416,18.299164,18.620766,18.816673,18.781090,18.958870,19.366287,19.666115,19.789246,19.736496,20.069977,20.087494,20.349724,20.454369,20.471802,20.332268,20.558884,20.506645,20.367180,20.489220,20.628487,20.698021,20.680634,21.010155,20.906242,20.836899,21.027458,20.975533,21.217552,21.079346,21.407181,21.493217,21.441612,21.424393,21.476021,21.458817,21.544792,21.407181,21.579163,21.493217,21.441612,21.200287,21.389961,21.372734,21.217552,21.407181,21.096642,21.234810,21.113914,21.200287,21.079346,21.338272,21.165756,21.286568,21.407181,21.424393,21.424393,21.424393,21.407181,21.407181,21.458817,21.269310,21.596336,21.338272,21.527603,21.476021,21.819290,21.716469,21.802162,21.544792,21.510414,21.458817,21.561981,21.441612,21.596336,21.527603,21.493217,21.493217,21.441612,21.579163,21.647850,21.441612,21.476021,21.372734,21.527603,21.579163,21.407181,21.493217,21.750755,21.579163,21.802162,21.647850,21.887764,21.939064,21.853539,22.161018,22.058662,22.263237,22.280251,22.195107,22.365303,22.433289,22.450264,22.382309,22.280251,22.263237,22.535133,22.263237,22.229179,22.161018,22.382309,22.416298,22.246208,22.382309,22.126915,22.348305,21.973259,22.263237,21.921967,22.058662,22.041588,22.007431,22.024513,21.887764,21.870644,21.973259,21.870644,21.802162,21.682167,21.647850,21.870644,21.870644,21.956161,21.939064,21.939064,21.921967,21.870644,21.767891,21.853539,21.904861,21.682167,21.630684,21.665016,21.476021,21.682167,21.561981,21.441612,21.372734,21.424393,21.234810,21.321045,21.458817,21.200287,21.372734,21.372734,21.355507,21.217552,21.613518,21.441612,21.389961,21.424393,21.286568,21.424393,21.321045,21.596336,21.407181,21.510414,21.510414,21.579163,21.493217,21.510414,21.630684,21.561981,21.596336,21.733620,21.699318,21.750755,21.904861,21.699318,21.682167,21.887764,21.682167,21.802162,21.836411,21.836411,21.630684,21.819290,21.887764,21.527603,21.733620,21.785027,21.904861,21.665016,21.716469,21.785027,21.836411,21.973259,21.750755,21.939064,21.819290,21.819290,21.973259,21.904861,21.921967,21.921967,22.041588,21.836411,21.990349,21.956161,21.733620,21.853539,21.853539,21.921967,21.887764,21.887764,21.904861,21.921967,21.767891,21.836411,22.041588,22.092789,21.990349,21.939064,21.939064,22.109856,21.836411,21.921967,22.092789,21.990349,21.853539,22.024513,22.041588,22.092789,22.126915,21.939064,21.939064,22.075729,21.956161,21.990349,22.092789,22.058662,22.075729,22.075729,21.973259,22.075729,22.126915,22.075729,22.024513,21.767891,21.767891,21.802162,21.853539,21.904861,21.939064,21.699318,21.973259,21.785027,21.802162,21.699318,21.785027,21.596336,21.544792,21.682167,21.493217,21.596336,21.458817,21.424393,21.234810,21.183029,21.079346,21.044754,20.958221,20.958221,20.958221,21.183029,20.975533,20.958221,21.096642,21.044754,21.079346,21.096642,21.010155,21.113914,21.148476,20.940895,21.096642,20.958221,20.975533,20.854233,20.854233,21.010155,20.680634,20.871582,20.645866,20.750122,20.680634,20.698021,20.541473,20.541473,20.576286,20.663254,20.279877,20.384621,20.419502,20.262413,20.332268,20.174995,20.052460,20.279877,20.052460,19.947273,20.174995,20.157509,20.122513,20.105003,20.279877,20.017418,20.017418,19.982353,19.824394,19.859520,19.701309,19.525154,19.507530,19.454590,19.047615,18.958870,18.656418,18.549400,18.406502,18.388626,18.048164,18.137894,17.922386,17.958336,17.778404,17.543900,17.760384,17.814415,17.561958,17.670250,17.471611,17.489685,17.598068,17.616119,17.399261,17.814415,17.580009,17.670250,17.688278,17.580009,17.435440,17.344955,17.525826,17.435440,17.507759,17.634163,17.561958,17.868416,17.453522,17.543900,17.435440,17.616119,17.453522,17.634163,17.525826,17.471611,17.561958,17.417351,17.489685,17.543900,17.435440,17.688278,17.543900,17.688278,17.525826,17.706314,17.670250,17.381157,17.598068,17.561958,17.308739,17.706314,17.489685,17.634163,17.670250,17.543900,17.850410,17.616119,17.417351,17.652206,17.742363,17.760384,17.652206,17.670250,17.688278,17.580009,17.904396,17.670250,17.688278,17.489685,17.652206,17.381157,17.814415,17.580009,17.724342,17.742363,17.778404,17.886406,17.598068,17.778404,17.778404,17.670250,17.832420,17.814415,17.742363,17.832420,17.886406,17.976311,17.796410,17.886406,18.084076,17.886406,18.030205,17.994278,17.796410,17.796410,17.922386,17.940361,17.976311,18.155830,17.940361,18.048164,17.850410,17.796410,18.084076,17.958336,17.850410,18.048164,17.940361,18.191681,17.994278,17.868416,17.994278,18.048164,18.102013,18.048164,18.066116,18.084076,18.137894,17.832420,18.030205,18.119965,17.976311,18.012245,18.102013,18.155830,18.048164,18.119965,18.084076,18.191681,18.191681,18.191681,18.012245,18.155830,18.012245,18.030205,18.209602,18.102013,18.317062,18.102013,18.012245,18.012245,18.030205,18.263351,18.209602,18.119965,18.299164,18.066116,18.281258,18.245445,18.227524,18.137894,18.227524,18.209602,18.334953,18.191681,18.281258,18.012245,18.317062,18.406502,18.263351,18.334953,18.281258,18.263351,18.281258,18.442253,18.173759,18.495850,18.513702,18.299164,18.585091,18.424385,18.388626,18.477982,18.263351,18.495850,18.334953,18.549400,18.406502,18.495850,18.424385,18.513702,18.495850,18.406502,18.638596,18.692055,18.460121,18.424385,18.477982,18.567253,18.549400,18.424385,18.424385,18.513702,18.692055,18.567253,18.460121,18.442253,18.513702,18.531555,18.549400,18.531555,18.549400,18.424385,18.674240,18.692055,18.495850,18.638596,18.620766,18.656418,18.727684,18.727684,18.834473,18.763298,18.513702,18.495850,18.477982,18.656418,18.674240,18.638596,18.923340,18.567253,18.816673,18.763298,18.709869,18.692055,18.834473,18.852249,18.602928,18.958870,18.798889,18.870033,18.745483,18.941109,18.852249,18.834473,18.994377,18.870033,18.834473,19.153984,19.029869,18.834473,19.029869,19.136261,19.171692,19.065346,19.083084,18.834473,18.852249,19.012123,18.976631,18.923340,19.118538,18.905579,19.171692,18.976631,19.224815,18.905579,19.100807,19.065346,19.330948,19.207108,18.941109,19.171692,19.136261,19.313263,19.100807,19.383957,19.224815,18.852249,19.083084,19.029869,18.958870,19.012123,19.171692,19.401619,19.171692,19.171692,19.260208,19.029869,19.100807,19.472237,19.118538,18.976631,19.136261,19.277893,19.313263,19.047615,19.366287,19.207108,
17.018410,17.000237,16.544525,16.982056,16.854668,17.145554,16.854668,16.909286,16.909286,17.036591,17.072929,17.000237,16.854668,16.963875,17.018410,17.199982,17.218117,17.543900,17.598068,17.832420,17.922386,18.352852,18.567253,18.781090,18.958870,19.189407,19.242508,19.683716,19.648506,20.087494,20.069977,20.384621,20.052460,20.384621,20.384621,20.471802,20.436943,20.367180,20.506645,20.698021,20.836899,20.715385,20.732758,20.992851,20.750122,20.802200,21.062057,21.131203,21.303802,21.338272,21.217552,21.252068,21.200287,21.493217,21.493217,21.252068,21.407181,21.338272,21.321045,21.321045,21.234810,21.476021,21.441612,21.252068,21.303802,21.355507,21.303802,21.113914,21.096642,20.975533,21.269310,21.044754,21.217552,21.372734,21.165756,21.286568,21.476021,21.303802,21.424393,21.407181,21.476021,21.372734,21.441612,21.561981,21.733620,21.682167,21.561981,21.579163,21.510414,21.441612,21.699318,21.389961,21.458817,21.510414,21.441612,21.527603,21.424393,21.441612,21.510414,21.389961,21.321045,21.510414,21.476021,21.407181,21.493217,21.510414,21.630684,21.493217,21.716469,21.887764,21.750755,21.802162,22.058662,21.956161,22.058662,22.041588,22.161018,22.314293,22.280251,22.399300,22.569054,22.518166,22.467247,22.552086,22.433289,22.501198,22.416298,22.450264,22.280251,22.586006,22.161018,22.450264,22.297272,22.246208,22.092789,22.092789,22.161018,22.126915,22.041588,21.956161,21.939064,21.733620,21.921967,21.990349,22.075729,21.819290,21.836411,21.921967,21.785027,21.939064,21.990349,21.990349,21.870644,21.956161,22.007431,21.990349,21.887764,22.007431,21.870644,21.750755,21.613518,21.579163,21.493217,21.596336,21.458817,21.561981,21.389961,21.165756,21.252068,21.269310,21.424393,21.372734,21.476021,21.234810,21.286568,21.372734,21.389961,21.389961,21.458817,21.424393,21.476021,21.407181,21.303802,21.424393,21.321045,21.338272,21.561981,21.527603,21.389961,21.493217,21.510414,21.458817,21.613518,21.493217,21.579163,21.870644,21.939064,21.870644,21.699318,21.939064,21.733620,21.836411,21.956161,21.613518,21.699318,21.630684,21.630684,21.716469,21.853539,21.819290,21.630684,21.802162,21.699318,21.750755,21.853539,21.767891,21.904861,21.939064,21.904861,22.161018,21.973259,22.109856,21.939064,22.212143,21.990349,21.853539,21.887764,21.973259,21.836411,21.921967,21.836411,21.973259,21.819290,21.904861,22.075729,21.853539,21.956161,22.041588,22.024513,21.904861,22.161018,22.058662,22.058662,22.007431,21.956161,22.109856,22.007431,22.178062,21.973259,22.058662,21.973259,22.041588,21.990349,22.143959,22.212143,22.058662,22.212143,22.024513,21.956161,22.058662,22.143959,22.058662,21.990349,22.024513,21.990349,21.990349,22.075729,22.024513,22.024513,21.802162,21.990349,22.007431,21.973259,21.939064,21.870644,21.767891,21.921967,21.785027,21.802162,21.887764,21.647850,21.819290,21.630684,21.733620,21.493217,21.303802,21.338272,21.131203,21.234810,21.096642,20.958221,20.975533,21.113914,21.010155,20.975533,20.975533,21.010155,20.958221,21.183029,21.113914,21.113914,20.940895,21.321045,21.286568,21.113914,21.286568,21.027458,21.062057,20.923576,20.923576,20.940895,20.906242,20.819542,20.854233,20.576286,20.471802,20.436943,20.489220,20.819542,20.436943,20.524055,20.628487,20.349724,20.402061,20.297348,20.227455,20.192490,20.332268,20.192490,20.105003,20.122513,20.034943,20.034943,20.174995,20.244934,19.982353,19.806816,19.718910,19.754082,19.859520,19.806816,19.454590,19.260208,19.348618,18.941109,18.816673,18.727684,18.370735,18.477982,18.119965,17.868416,17.886406,17.616119,17.598068,17.580009,17.525826,17.471611,17.543900,17.561958,17.218117,17.489685,17.435440,17.344955,17.417351,17.218117,17.381157,17.290627,17.489685,17.326851,17.399261,17.163704,17.236252,17.127403,17.326851,17.363060,17.363060,17.308739,17.326851,17.254379,17.272507,17.181839,17.163704,17.290627,17.290627,17.163704,17.218117,17.236252,17.254379,17.218117,17.308739,17.344955,17.417351,17.254379,17.326851,17.417351,17.181839,17.272507,17.290627,17.218117,17.381157,17.363060,17.290627,17.236252,17.326851,17.435440,17.453522,17.254379,17.453522,17.381157,17.471611,17.363060,17.417351,17.218117,17.507759,17.308739,17.543900,17.254379,17.399261,17.489685,17.471611,17.326851,17.344955,17.344955,17.344955,17.471611,17.435440,17.363060,17.616119,17.543900,17.489685,17.525826,17.453522,17.435440,17.399261,17.471611,17.417351,17.561958,17.580009,17.598068,17.652206,17.580009,17.525826,17.580009,17.670250,17.634163,17.507759,17.543900,17.634163,17.616119,17.778404,17.706314,17.778404,17.814415,17.598068,17.670250,17.742363,17.886406,17.886406,17.832420,17.886406,17.850410,17.507759,17.706314,17.742363,17.580009,17.489685,17.634163,17.724342,17.634163,17.652206,17.904396,17.724342,17.814415,17.778404,17.688278,17.652206,17.778404,17.886406,17.688278,17.634163,17.814415,17.724342,17.814415,17.742363,18.048164,17.688278,17.850410,18.012245,17.850410,17.886406,17.706314,17.868416,17.904396,17.940361,17.940361,18.155830,17.958336,17.940361,17.832420,17.886406,17.940361,17.868416,18.066116,18.066116,17.994278,18.155830,17.940361,17.796410,17.904396,18.012245,18.030205,18.048164,18.066116,17.922386,17.850410,18.209602,17.976311,18.173759,18.030205,18.191681,18.281258,18.030205,18.137894,18.281258,17.904396,18.084076,18.030205,18.299164,17.994278,18.084076,18.155830,18.030205,18.030205,17.994278,18.066116,18.173759,18.102013,18.263351,18.119965,18.191681,18.191681,18.334953,18.173759,17.994278,18.245445,18.102013,18.155830,17.940361,18.048164,18.119965,18.119965,18.173759,18.263351,18.334953,18.102013,18.370735,18.048164,18.191681,18.263351,18.388626,18.281258,18.299164,18.442253,18.388626,18.406502,18.495850,18.567253,18.334953,18.424385,18.549400,18.424385,18.585091,18.709869,18.424385,18.531555,18.567253,18.531555,18.674240,18.531555,18.424385,18.656418,18.585091,18.798889,18.745483,18.567253,18.585091,18.513702,18.763298,18.709869,18.585091,18.656418,18.976631,18.709869,18.781090,18.656418,18.887802,18.745483,18.763298,18.870033,18.709869,18.638596,18.709869,18.567253,18.870033,18.656418,18.834473,18.602928,19.065346,19.065346,18.798889,18.727684,18.994377,18.870033,18.905579,18.887802,18.941109,18.745483,18.816673,18.816673,18.887802,18.763298,18.905579,18.745483,19.012123,18.941109,18.852249,18.887802,18.994377,19.083084,18.745483,18.994377,18.941109,18.905579,18.887802,18.958870,19.065346,18.905579,18.923340,19.065346,18.852249,
16.909286,16.581078,16.599342,16.672379,16.745338,16.672379,16.690620,16.635872,16.599342,16.745338,16.781799,16.818245,16.854668,17.109245,17.036591,17.127403,17.127403,17.344955,17.435440,17.489685,17.994278,18.227524,18.656418,18.549400,18.798889,19.065346,19.224815,19.489883,19.560417,20.192490,20.157509,19.982353,20.419502,20.297348,20.367180,20.576286,20.541473,20.593697,20.767487,20.611084,20.854233,20.854233,20.888908,20.923576,20.958221,21.079346,21.044754,21.217552,21.079346,21.252068,21.338272,21.286568,21.372734,21.476021,21.441612,21.441612,21.389961,21.321045,21.458817,21.407181,21.252068,21.389961,21.131203,21.286568,21.252068,21.217552,21.113914,21.113914,21.183029,21.338272,21.096642,21.217552,21.286568,21.476021,21.355507,21.458817,21.389961,21.699318,21.458817,21.407181,21.407181,21.355507,21.561981,21.647850,21.579163,21.407181,21.579163,21.544792,21.561981,21.733620,21.493217,21.458817,21.579163,21.579163,21.544792,21.527603,21.493217,21.441612,21.544792,21.647850,21.527603,21.493217,21.458817,21.561981,21.613518,21.767891,21.836411,21.853539,21.836411,21.682167,22.007431,22.092789,22.024513,22.212143,22.382309,22.382309,22.535133,22.348305,22.263237,22.467247,22.552086,22.670708,22.433289,22.365303,22.433289,22.518166,22.433289,22.450264,22.382309,22.433289,22.433289,22.518166,22.280251,22.297272,22.092789,22.212143,22.058662,22.161018,22.041588,21.990349,21.990349,22.109856,21.939064,22.024513,22.041588,21.750755,21.887764,21.887764,21.939064,21.904861,22.007431,22.126915,21.956161,21.836411,22.007431,21.870644,21.904861,22.007431,21.921967,21.904861,21.921967,21.939064,21.613518,21.561981,21.699318,21.321045,21.476021,21.476021,21.286568,21.561981,21.389961,21.355507,21.527603,21.303802,21.303802,21.476021,21.510414,21.441612,21.355507,21.458817,21.407181,21.355507,21.561981,21.407181,21.510414,21.476021,21.579163,21.579163,21.355507,21.596336,21.699318,21.665016,21.836411,21.733620,21.956161,21.904861,21.733620,21.596336,21.939064,21.716469,21.836411,21.836411,21.904861,21.733620,21.802162,21.767891,21.647850,21.870644,21.682167,21.544792,21.887764,21.733620,21.767891,22.075729,21.973259,21.921967,21.853539,21.836411,21.939064,22.109856,21.904861,21.887764,21.819290,21.990349,21.973259,22.024513,22.024513,21.990349,21.853539,22.007431,22.041588,21.990349,21.853539,22.007431,22.075729,21.939064,22.092789,22.143959,21.956161,21.990349,22.143959,22.109856,21.904861,21.973259,22.126915,22.126915,22.178062,22.041588,22.075729,22.058662,21.973259,22.229179,22.109856,22.058662,22.024513,22.041588,22.109856,21.990349,22.161018,21.904861,21.990349,22.212143,21.956161,22.092789,22.041588,22.178062,21.904861,22.212143,21.802162,21.990349,21.939064,21.904861,22.041588,21.870644,21.973259,21.921967,21.904861,21.716469,21.836411,21.785027,21.802162,21.647850,21.682167,21.424393,21.544792,21.355507,21.355507,21.113914,20.992851,21.096642,21.027458,21.010155,20.958221,21.027458,21.027458,20.975533,20.923576,21.044754,21.183029,21.113914,21.079346,20.975533,21.269310,21.217552,21.200287,21.148476,20.906242,20.923576,20.992851,20.906242,20.784843,20.836899,20.854233,20.767487,20.767487,20.750122,20.680634,20.663254,20.541473,20.576286,20.506645,20.349724,20.367180,20.314804,20.122513,20.314804,20.332268,19.982353,19.999893,20.227455,19.964821,20.052460,20.105003,20.140007,20.105003,19.894638,19.947273,19.771667,19.736496,19.666115,19.454590,19.207108,19.189407,18.941109,18.870033,18.620766,18.245445,18.460121,17.976311,17.742363,17.525826,17.525826,17.417351,17.272507,17.163704,17.308739,17.199982,17.145554,17.072929,17.163704,16.872887,17.036591,17.091087,17.127403,17.127403,17.091087,17.199982,17.236252,17.236252,17.109245,16.945679,16.982056,16.982056,17.018410,16.963875,16.963875,17.018410,17.018410,17.072929,17.018410,16.854668,16.982056,17.036591,16.818245,16.781799,16.963875,17.054764,16.836464,16.781799,16.963875,16.854668,17.091087,16.945679,17.091087,16.963875,16.945679,17.000237,17.145554,17.000237,17.018410,16.982056,17.000237,16.945679,16.982056,17.091087,16.982056,17.163704,17.145554,17.054764,17.036591,17.054764,17.181839,17.072929,16.982056,17.036591,17.072929,17.109245,17.036591,16.963875,16.927490,17.109245,17.000237,17.218117,16.982056,17.036591,17.145554,17.145554,17.091087,17.181839,17.181839,17.018410,17.018410,17.127403,17.145554,17.218117,17.272507,17.127403,17.236252,17.145554,17.272507,17.054764,17.507759,17.272507,17.489685,17.381157,17.489685,17.308739,17.290627,17.181839,17.236252,17.326851,17.399261,17.453522,17.453522,17.435440,17.435440,17.381157,17.453522,17.381157,17.381157,17.453522,17.236252,17.489685,17.471611,17.254379,17.308739,17.326851,17.363060,17.381157,17.363060,17.489685,17.363060,17.236252,17.453522,17.525826,17.399261,17.453522,17.471611,17.381157,17.471611,17.507759,17.417351,17.417351,17.507759,17.417351,17.507759,17.489685,17.435440,17.598068,17.471611,17.525826,17.724342,17.471611,17.616119,17.670250,17.598068,17.543900,17.778404,17.760384,17.580009,17.561958,17.580009,17.958336,17.922386,17.760384,17.832420,17.525826,17.742363,17.832420,17.796410,17.652206,17.904396,17.561958,17.904396,17.724342,17.760384,17.850410,17.886406,17.958336,17.814415,17.850410,18.066116,17.796410,17.940361,18.030205,17.832420,17.760384,17.850410,17.850410,17.976311,17.904396,17.886406,17.922386,17.940361,17.940361,17.904396,17.814415,17.814415,17.796410,17.760384,17.742363,17.994278,17.760384,17.994278,17.994278,17.850410,17.868416,17.886406,17.670250,17.904396,17.976311,17.868416,17.814415,18.102013,17.886406,18.012245,17.994278,17.958336,18.012245,17.994278,17.886406,18.317062,18.119965,18.299164,18.173759,18.245445,18.066116,18.191681,18.137894,18.102013,18.227524,18.388626,18.460121,18.191681,18.388626,18.424385,18.388626,18.406502,18.299164,18.209602,18.370735,18.424385,18.531555,18.263351,18.245445,18.370735,18.406502,18.352852,18.209602,18.209602,18.119965,18.263351,18.495850,18.352852,18.460121,18.674240,18.549400,18.281258,18.585091,18.477982,18.549400,18.727684,18.585091,18.798889,18.531555,18.513702,18.745483,18.549400,18.567253,18.602928,18.602928,18.567253,18.513702,18.638596,18.620766,18.638596,18.692055,18.460121,18.567253,18.620766,18.585091,18.620766,18.709869,18.674240,18.709869,18.798889,18.727684,18.781090,18.674240,18.781090,18.727684,18.763298,18.976631,19.012123,18.495850,18.727684,18.870033,18.994377,18.816673,19.047615,
16.800026,16.324928,16.434807,16.635872,16.544525,16.599342,16.507973,16.544525,16.526253,16.727104,16.617607,16.672379,16.544525,16.690620,16.945679,16.945679,16.854668,17.272507,17.199982,17.670250,17.850410,17.904396,18.245445,18.763298,18.834473,19.207108,19.366287,19.613289,19.648506,20.122513,19.947273,20.244934,20.367180,20.244934,20.524055,20.471802,20.436943,20.645866,20.628487,20.836899,20.767487,20.698021,20.923576,20.975533,20.975533,21.027458,21.096642,21.079346,21.372734,21.286568,21.200287,21.476021,21.493217,21.441612,21.441612,21.441612,21.527603,21.389961,21.372734,21.424393,21.355507,21.510414,21.217552,21.252068,21.200287,21.165756,21.252068,21.338272,21.252068,21.148476,21.372734,21.217552,21.355507,21.217552,21.338272,21.596336,21.458817,21.493217,21.441612,21.561981,21.510414,21.544792,21.596336,21.613518,21.613518,21.561981,21.544792,21.699318,21.561981,21.682167,21.682167,21.527603,21.544792,21.493217,21.458817,21.579163,21.647850,21.510414,21.561981,21.682167,21.458817,21.716469,21.407181,21.544792,21.613518,21.579163,21.785027,21.853539,21.767891,21.990349,21.939064,22.161018,22.161018,22.212143,22.280251,22.280251,22.518166,22.365303,22.602951,22.535133,22.467247,22.569054,22.467247,22.552086,22.450264,22.602951,22.535133,22.738411,22.484222,22.484222,22.467247,22.297272,22.399300,22.297272,22.229179,22.382309,22.161018,22.178062,22.041588,22.092789,21.921967,21.904861,21.939064,22.143959,22.024513,22.007431,22.007431,21.870644,22.041588,22.024513,22.126915,22.109856,21.990349,22.007431,22.109856,21.939064,22.024513,22.092789,21.990349,21.939064,21.802162,21.665016,21.819290,21.682167,21.785027,21.458817,21.424393,21.286568,21.424393,21.544792,21.510414,21.476021,21.441612,21.510414,21.355507,21.579163,21.424393,21.665016,21.441612,21.372734,21.544792,21.630684,21.458817,21.355507,21.596336,21.579163,21.407181,21.716469,21.630684,21.510414,21.887764,21.767891,21.682167,21.785027,21.836411,21.733620,21.802162,21.733620,21.733620,21.870644,21.973259,21.887764,21.853539,21.870644,22.007431,21.733620,21.836411,21.819290,21.733620,21.613518,21.870644,21.802162,21.870644,21.733620,22.024513,21.921967,21.990349,21.956161,22.007431,22.075729,21.990349,21.939064,22.246208,22.041588,22.007431,22.041588,22.075729,22.041588,21.750755,21.939064,21.921967,22.143959,22.058662,21.990349,22.126915,21.904861,22.109856,22.058662,22.075729,22.075729,22.058662,22.092789,22.246208,22.126915,22.246208,22.058662,22.058662,22.143959,22.024513,21.973259,22.024513,22.058662,22.092789,22.297272,22.075729,22.058662,21.990349,22.024513,22.212143,22.195107,22.041588,22.024513,21.904861,22.058662,22.109856,22.024513,22.007431,22.126915,21.939064,22.007431,21.887764,22.024513,22.126915,21.802162,21.990349,22.041588,21.904861,21.887764,21.887764,21.682167,21.665016,21.836411,21.733620,21.544792,21.527603,21.544792,21.252068,21.321045,21.217552,21.010155,20.923576,21.027458,20.992851,21.010155,20.906242,20.992851,21.044754,21.096642,20.836899,20.992851,21.183029,21.010155,21.252068,21.183029,21.200287,21.165756,21.234810,20.992851,20.854233,20.906242,20.940895,21.027458,20.715385,20.732758,20.628487,20.576286,20.506645,20.645866,20.593697,20.367180,20.367180,20.279877,20.402061,20.332268,20.227455,20.140007,20.122513,20.227455,20.017418,20.192490,19.999893,19.912178,20.052460,20.034943,20.157509,20.087494,19.806816,19.648506,19.789246,19.525154,19.136261,19.242508,19.171692,18.852249,18.727684,18.388626,18.227524,17.940361,17.850410,17.543900,17.598068,17.236252,17.091087,17.218117,17.091087,17.109245,16.927490,16.872887,16.745338,16.854668,16.818245,17.018410,16.818245,16.927490,16.763573,16.654121,16.909286,16.672379,16.891090,16.909286,16.982056,16.800026,16.800026,16.690620,16.909286,16.544525,16.927490,16.672379,16.526253,16.781799,16.836464,16.562805,16.927490,16.836464,16.617607,16.800026,16.599342,16.763573,16.727104,16.727104,16.818245,16.963875,16.562805,16.781799,16.654121,16.690620,16.727104,16.763573,16.745338,16.872887,16.635872,16.781799,16.672379,16.763573,16.690620,16.818245,16.891090,16.891090,16.836464,16.945679,16.672379,16.781799,16.781799,16.982056,16.727104,16.872887,16.800026,16.982056,16.781799,16.690620,16.982056,16.672379,16.872887,16.927490,16.836464,16.927490,16.745338,16.800026,16.781799,16.781799,16.745338,16.963875,16.891090,16.781799,16.945679,16.982056,17.091087,16.945679,17.036591,17.054764,17.127403,17.072929,16.945679,17.018410,17.018410,16.982056,17.054764,17.163704,16.927490,17.091087,16.963875,17.236252,16.963875,17.163704,17.054764,17.163704,17.018410,17.236252,17.272507,17.127403,17.127403,17.036591,16.818245,17.054764,17.163704,17.163704,17.072929,17.109245,17.145554,17.127403,17.163704,17.272507,17.109245,16.982056,16.963875,17.054764,17.199982,17.326851,17.308739,17.000237,17.145554,17.417351,17.290627,17.290627,17.127403,17.489685,17.091087,17.308739,17.163704,17.272507,17.326851,17.199982,17.543900,17.145554,17.417351,17.326851,17.381157,17.344955,17.453522,17.471611,17.561958,17.381157,17.453522,17.489685,17.580009,17.489685,17.145554,17.543900,17.543900,17.489685,17.417351,17.344955,17.417351,17.471611,17.561958,17.598068,17.471611,17.435440,17.598068,17.417351,17.507759,17.489685,17.489685,17.507759,17.724342,17.561958,17.525826,17.453522,17.652206,17.634163,17.525826,17.580009,17.453522,17.742363,17.724342,17.616119,17.435440,17.634163,17.598068,17.471611,17.507759,17.922386,17.471611,17.832420,17.471611,17.561958,17.616119,17.616119,17.598068,17.724342,17.760384,17.688278,17.543900,17.507759,17.634163,17.525826,17.796410,17.688278,17.598068,17.670250,17.742363,17.688278,17.850410,17.904396,17.868416,17.958336,17.850410,17.904396,18.119965,17.832420,17.868416,17.850410,17.904396,17.796410,17.904396,18.084076,18.137894,18.119965,18.030205,18.299164,18.066116,17.994278,18.227524,18.048164,18.227524,17.994278,18.012245,18.030205,18.281258,18.066116,18.209602,18.155830,18.155830,18.012245,18.334953,17.940361,18.281258,18.066116,18.227524,18.299164,18.209602,18.191681,18.388626,18.137894,18.388626,18.495850,18.227524,18.281258,18.334953,18.460121,18.334953,18.263351,18.370735,18.299164,18.263351,18.638596,18.317062,18.406502,18.585091,18.495850,18.513702,18.370735,18.245445,18.406502,18.406502,18.352852,18.656418,18.781090,18.531555,18.602928,18.388626,18.549400,18.585091,18.513702,18.763298,18.816673,18.406502,18.602928,18.334953,18.870033,
16.489677,16.324928,16.233269,16.544525,16.416496,16.453102,16.471397,16.434807,16.544525,16.324928,16.416496,16.599342,16.654121,16.489677,16.781799,16.836464,16.982056,16.927490,17.453522,17.399261,17.525826,17.958336,18.263351,18.549400,18.549400,18.834473,19.224815,19.401619,19.912178,19.877083,19.964821,20.227455,20.122513,20.314804,20.332268,20.471802,20.506645,20.384621,20.680634,20.871582,20.802200,20.958221,20.992851,20.819542,20.992851,21.010155,20.975533,21.165756,20.854233,21.269310,21.183029,21.372734,21.303802,21.355507,21.544792,21.665016,21.372734,21.338272,21.407181,21.544792,21.234810,21.286568,21.252068,21.269310,21.527603,21.321045,21.338272,21.062057,21.062057,21.131203,21.062057,21.148476,21.131203,21.321045,21.321045,21.355507,21.424393,21.424393,21.579163,21.424393,21.338272,21.544792,21.527603,21.476021,21.407181,21.579163,21.493217,21.510414,21.630684,21.544792,21.699318,21.561981,21.458817,21.476021,21.596336,21.493217,21.579163,21.613518,21.527603,21.527603,21.424393,21.665016,21.458817,21.630684,21.407181,21.561981,21.527603,21.870644,21.887764,21.733620,22.007431,22.092789,22.041588,22.280251,22.195107,22.331291,22.518166,22.569054,22.314293,22.450264,22.450264,22.636833,22.518166,22.569054,22.535133,22.636833,22.569054,22.535133,22.721489,22.331291,22.501198,22.484222,22.331291,22.229179,22.195107,22.229179,22.195107,22.178062,22.007431,21.973259,21.921967,21.904861,21.870644,21.990349,22.024513,22.143959,21.921967,21.939064,22.195107,22.109856,21.921967,21.973259,21.939064,22.126915,21.973259,22.092789,21.819290,21.819290,21.870644,21.921967,21.767891,21.733620,21.716469,21.750755,21.544792,21.527603,21.527603,21.544792,21.493217,21.476021,21.682167,21.407181,21.613518,21.441612,21.458817,21.527603,21.424393,21.441612,21.493217,21.544792,21.527603,21.544792,21.527603,21.476021,21.338272,21.510414,21.424393,21.579163,21.527603,21.716469,21.836411,21.716469,21.836411,21.870644,21.785027,22.024513,21.733620,21.904861,21.853539,21.887764,21.716469,21.887764,21.853539,21.785027,22.007431,21.904861,21.904861,21.853539,21.836411,21.785027,21.870644,21.990349,21.802162,21.767891,21.596336,21.819290,21.887764,21.853539,21.921967,22.297272,22.024513,22.007431,22.058662,22.007431,21.956161,22.092789,21.956161,22.075729,21.870644,21.870644,21.956161,22.041588,22.058662,22.024513,22.041588,21.973259,21.956161,21.887764,22.041588,22.092789,22.058662,22.075729,22.246208,22.058662,22.092789,22.092789,22.297272,22.092789,22.109856,22.297272,22.058662,22.075729,22.041588,22.195107,21.956161,21.990349,22.024513,22.246208,22.126915,22.007431,22.331291,22.041588,22.007431,22.075729,22.178062,22.092789,22.109856,22.007431,22.041588,22.075729,22.041588,21.819290,22.024513,22.092789,21.887764,22.007431,21.853539,21.990349,21.785027,21.750755,21.819290,21.716469,21.682167,21.733620,21.647850,21.424393,21.424393,21.476021,20.992851,21.044754,21.131203,20.992851,21.079346,21.062057,21.079346,20.836899,21.062057,21.165756,21.079346,21.062057,21.217552,20.992851,21.355507,21.303802,21.148476,21.303802,21.131203,21.062057,21.079346,21.062057,20.940895,20.871582,20.992851,20.906242,20.836899,20.750122,20.680634,20.454369,20.593697,20.715385,20.436943,20.314804,20.192490,20.436943,20.069977,20.140007,19.999893,20.052460,19.841957,19.947273,19.929733,19.947273,19.824394,19.894638,20.017418,19.789246,19.701309,19.560417,19.578049,19.613289,19.419281,19.224815,18.870033,18.709869,18.567253,18.245445,18.191681,17.796410,17.760384,17.507759,17.344955,17.199982,17.218117,17.145554,16.745338,16.745338,16.836464,16.836464,16.745338,16.763573,16.507973,16.672379,16.654121,16.654121,16.489677,16.617607,16.416496,16.654121,16.599342,16.708862,16.398201,16.581078,16.581078,16.690620,16.526253,16.489677,16.489677,16.581078,16.489677,16.453102,16.471397,16.526253,16.526253,16.562805,16.562805,16.324928,16.544525,16.544525,16.471397,16.453102,16.507973,16.507973,16.617607,16.562805,16.654121,16.562805,16.800026,16.599342,16.526253,16.599342,16.599342,16.599342,16.599342,16.727104,16.581078,16.581078,16.507973,16.453102,16.654121,16.599342,16.416496,16.471397,16.690620,16.617607,16.471397,16.635872,16.654121,16.526253,16.617607,16.599342,16.507973,16.763573,16.745338,16.599342,16.617607,16.544525,16.672379,16.654121,16.654121,16.526253,16.562805,16.581078,16.635872,16.635872,16.599342,16.690620,16.507973,16.471397,16.617607,16.708862,16.727104,16.745338,16.727104,16.763573,16.818245,16.872887,16.854668,16.818245,16.781799,17.000237,16.818245,16.891090,16.818245,16.982056,16.872887,16.854668,16.927490,17.000237,16.927490,16.727104,17.000237,16.854668,16.891090,16.836464,16.781799,16.836464,16.854668,17.000237,16.781799,16.909286,16.927490,16.708862,16.891090,16.836464,16.963875,17.072929,17.018410,16.945679,16.909286,16.927490,17.072929,16.963875,16.891090,16.945679,16.963875,16.909286,16.927490,16.982056,16.836464,17.018410,17.091087,17.109245,16.963875,16.982056,17.036591,17.109245,16.945679,17.036591,16.982056,17.145554,17.072929,17.145554,17.218117,17.072929,17.272507,17.326851,17.236252,17.163704,17.109245,17.218117,17.181839,17.326851,17.091087,17.127403,17.254379,17.272507,17.417351,17.308739,17.145554,17.072929,17.218117,17.127403,17.290627,17.236252,17.272507,17.254379,17.145554,17.363060,17.145554,17.326851,17.308739,17.381157,17.344955,17.507759,17.326851,17.634163,17.326851,17.471611,17.453522,17.417351,17.344955,17.561958,17.453522,17.489685,17.290627,17.326851,17.326851,17.290627,17.543900,17.326851,17.272507,17.489685,17.236252,17.272507,17.435440,17.453522,17.381157,17.471611,17.308739,17.453522,17.453522,17.363060,17.561958,17.580009,17.525826,17.742363,17.453522,17.598068,17.652206,17.724342,17.706314,17.616119,17.706314,17.670250,17.634163,17.760384,17.904396,17.706314,17.724342,17.886406,17.922386,17.706314,17.850410,17.940361,17.922386,17.742363,17.688278,17.940361,17.760384,17.634163,17.886406,17.688278,17.778404,17.778404,18.012245,17.507759,17.886406,17.958336,17.976311,17.922386,17.904396,17.976311,17.922386,17.868416,18.066116,17.994278,18.030205,18.102013,17.994278,17.976311,18.084076,18.102013,17.940361,17.976311,17.994278,18.012245,17.922386,18.299164,17.994278,18.066116,17.958336,17.976311,18.424385,18.460121,18.102013,18.066116,18.245445,18.227524,18.442253,18.066116,17.994278,18.406502,18.102013,18.460121,18.424385,18.352852,18.048164,18.191681,18.388626,18.531555,
16.288277,16.324928,16.306610,16.361572,16.068031,16.214928,16.086403,16.123146,16.178230,16.324928,15.976097,16.453102,16.251610,16.269951,16.489677,16.672379,16.781799,16.617607,17.199982,17.489685,17.417351,17.958336,17.958336,18.317062,18.709869,18.941109,19.100807,19.454590,19.507530,19.683716,20.209976,20.017418,20.262413,20.314804,20.419502,20.506645,20.314804,20.576286,20.384621,20.611084,20.750122,20.836899,20.750122,21.234810,20.940895,21.113914,21.303802,21.027458,21.217552,21.079346,21.303802,21.165756,21.321045,21.441612,21.493217,21.424393,21.321045,21.389961,21.493217,21.234810,21.269310,21.200287,21.165756,21.200287,21.027458,21.424393,21.148476,21.062057,21.148476,20.923576,21.338272,20.923576,21.217552,21.476021,21.165756,21.303802,21.407181,21.217552,21.286568,21.303802,21.252068,21.544792,21.441612,21.493217,21.613518,21.493217,21.355507,21.321045,21.561981,21.647850,21.510414,21.561981,21.613518,21.561981,21.544792,21.441612,21.544792,21.544792,21.458817,21.596336,21.527603,21.561981,21.303802,21.441612,21.613518,21.647850,21.682167,21.682167,21.682167,22.007431,22.024513,22.143959,21.956161,22.075729,22.263237,22.348305,22.484222,22.552086,22.416298,22.365303,22.433289,22.467247,22.602951,22.450264,22.670708,22.450264,22.602951,22.636833,22.602951,22.433289,22.467247,22.229179,22.484222,22.382309,22.246208,22.075729,22.212143,22.143959,21.973259,22.058662,22.109856,21.956161,22.024513,22.058662,21.939064,21.990349,21.853539,22.143959,21.990349,22.161018,22.092789,22.178062,22.024513,22.195107,22.109856,22.007431,21.836411,22.161018,22.041588,21.699318,21.819290,21.956161,21.699318,21.596336,21.665016,21.613518,21.579163,21.476021,21.579163,21.561981,21.510414,21.596336,21.733620,21.716469,21.544792,21.596336,21.493217,21.476021,21.561981,21.493217,21.510414,21.579163,21.630684,21.613518,21.579163,21.613518,21.338272,21.630684,21.716469,21.699318,21.544792,21.853539,21.682167,21.699318,21.887764,21.665016,21.819290,21.870644,21.802162,21.870644,21.750755,21.802162,21.887764,21.836411,21.802162,21.973259,21.785027,21.853539,21.836411,21.785027,21.904861,21.921967,21.887764,22.007431,21.973259,22.058662,22.024513,21.887764,21.887764,21.956161,22.024513,21.836411,22.007431,22.024513,22.058662,22.041588,21.990349,21.921967,21.990349,22.092789,22.178062,21.904861,22.007431,21.973259,22.126915,21.939064,21.904861,21.819290,22.058662,22.126915,22.075729,22.195107,22.024513,22.075729,22.109856,22.075729,22.229179,22.178062,22.178062,22.109856,21.973259,22.178062,22.229179,22.058662,22.161018,22.143959,22.263237,22.126915,22.075729,22.161018,22.195107,22.109856,22.212143,21.870644,22.075729,22.229179,22.161018,21.973259,22.024513,21.973259,21.887764,22.075729,22.143959,22.041588,22.007431,22.109856,21.853539,21.733620,21.921967,21.785027,21.665016,21.682167,21.493217,21.596336,21.665016,21.493217,21.613518,21.407181,21.303802,21.183029,21.200287,20.750122,21.148476,20.906242,21.165756,21.062057,21.079346,20.992851,21.131203,21.165756,21.062057,21.217552,21.062057,21.234810,21.269310,21.131203,21.269310,21.148476,21.062057,21.096642,20.958221,20.715385,20.836899,20.680634,20.888908,20.645866,20.663254,20.593697,20.576286,20.506645,20.402061,20.297348,20.349724,20.419502,20.157509,20.069977,20.034943,20.367180,20.017418,19.894638,19.929733,19.789246,19.859520,20.052460,19.824394,19.877083,19.806816,19.718910,19.578049,19.224815,19.330948,19.171692,18.905579,18.852249,18.567253,18.352852,17.850410,17.652206,17.706314,17.417351,17.109245,16.982056,16.927490,16.727104,16.672379,16.507973,16.581078,16.581078,16.562805,16.416496,16.398201,16.416496,16.434807,16.398201,16.379883,16.251610,16.343254,16.343254,16.214928,16.489677,16.434807,16.562805,16.379883,16.471397,16.343254,16.251610,16.123146,16.288277,16.288277,16.288277,16.123146,16.288277,16.214928,16.471397,16.086403,16.068031,16.086403,16.361572,16.214928,16.269951,16.251610,16.159874,16.233269,16.306610,16.324928,16.269951,16.398201,16.379883,16.159874,16.343254,16.434807,16.361572,16.507973,16.288277,16.269951,16.324928,16.196571,16.178230,16.269951,16.453102,16.214928,16.398201,16.324928,16.233269,16.471397,16.361572,16.306610,16.471397,16.434807,16.434807,16.269951,16.398201,16.416496,16.453102,16.324928,16.453102,16.398201,16.269951,16.379883,16.526253,16.233269,16.361572,16.453102,16.178230,16.324928,16.251610,16.159874,16.599342,16.434807,16.599342,16.617607,16.654121,16.379883,16.672379,16.544525,16.654121,16.471397,16.489677,16.690620,16.617607,16.617607,16.635872,16.708862,16.690620,16.599342,16.672379,16.544525,16.471397,16.672379,16.544525,16.599342,16.654121,16.562805,16.617607,16.562805,16.727104,16.581078,16.635872,16.544525,16.617607,16.489677,16.599342,16.800026,16.544525,16.672379,16.818245,16.690620,16.800026,16.708862,16.507973,16.599342,16.416496,16.672379,16.690620,16.836464,16.727104,16.836464,16.727104,16.800026,16.617607,16.854668,16.599342,16.909286,16.800026,16.763573,16.763573,16.982056,16.727104,16.781799,16.927490,16.745338,16.727104,17.036591,16.763573,16.745338,16.927490,16.891090,16.800026,16.982056,16.818245,16.927490,16.836464,16.836464,17.054764,16.909286,17.000237,17.163704,16.854668,17.054764,17.036591,16.854668,16.836464,17.054764,16.927490,17.218117,17.018410,17.199982,16.891090,16.982056,17.054764,17.054764,17.054764,16.927490,16.982056,16.891090,17.036591,17.218117,17.254379,17.181839,17.236252,17.018410,17.091087,17.018410,16.927490,17.000237,17.018410,17.091087,17.199982,17.018410,16.872887,16.836464,17.018410,17.290627,17.091087,17.054764,17.218117,16.836464,17.199982,17.145554,17.181839,17.181839,17.381157,17.181839,17.272507,17.272507,17.308739,17.417351,17.290627,17.218117,17.453522,17.471611,17.290627,17.634163,17.381157,17.326851,17.344955,17.344955,17.507759,17.525826,17.507759,17.453522,17.634163,17.507759,17.453522,17.453522,17.706314,17.453522,17.489685,17.507759,17.471611,17.652206,17.652206,17.561958,17.525826,17.507759,17.543900,17.868416,17.471611,17.634163,17.381157,17.652206,17.868416,17.976311,17.435440,17.850410,17.616119,17.724342,17.868416,17.850410,17.886406,17.706314,17.670250,17.994278,17.904396,17.742363,17.832420,17.904396,18.048164,17.796410,17.814415,17.904396,17.976311,18.030205,18.012245,18.012245,18.066116,17.940361,17.994278,18.084076,18.102013,17.868416,17.904396,17.922386,18.030205,18.102013,18.245445,18.245445,18.102013,17.994278,18.424385,
16.196571,15.939293,16.416496,16.141510,16.068031,16.086403,16.233269,16.251610,16.104774,16.123146,16.159874,16.288277,16.141510,16.361572,16.489677,16.489677,16.526253,16.745338,16.945679,17.417351,17.616119,17.778404,18.173759,18.317062,18.816673,18.923340,18.994377,19.348618,19.560417,19.648506,20.017418,20.174995,20.419502,20.314804,20.209976,20.244934,20.628487,20.576286,20.506645,20.663254,20.715385,20.958221,20.923576,20.975533,20.975533,21.010155,21.079346,21.131203,21.200287,21.234810,21.269310,21.217552,21.372734,21.389961,21.458817,21.493217,21.372734,21.303802,21.338272,21.321045,21.338272,21.183029,21.303802,21.286568,21.027458,21.321045,21.131203,20.819542,21.079346,21.044754,20.940895,21.010155,21.183029,21.217552,21.303802,21.476021,21.286568,21.217552,21.252068,21.389961,21.510414,21.424393,21.269310,21.476021,21.441612,21.527603,21.286568,21.372734,21.527603,21.424393,21.579163,21.458817,21.441612,21.510414,21.338272,21.544792,21.493217,21.407181,21.561981,21.355507,21.372734,21.476021,21.424393,21.493217,21.544792,21.682167,21.647850,21.836411,21.716469,22.007431,22.109856,21.887764,22.178062,22.297272,22.518166,22.348305,22.569054,22.586006,22.738411,22.755325,22.484222,22.755325,22.569054,22.619896,22.569054,22.636833,22.687645,22.450264,22.619896,22.433289,22.416298,22.484222,22.467247,22.126915,22.280251,22.212143,21.973259,22.126915,22.143959,22.092789,21.819290,21.887764,21.990349,22.024513,22.178062,21.990349,22.178062,22.075729,22.075729,22.195107,22.092789,22.092789,21.990349,22.007431,22.041588,21.956161,22.024513,22.058662,21.853539,21.921967,21.767891,21.716469,21.699318,21.665016,21.802162,21.510414,21.665016,21.596336,21.613518,21.476021,21.750755,21.665016,21.338272,21.647850,21.716469,21.493217,21.682167,21.665016,21.544792,21.527603,21.544792,21.767891,21.647850,21.510414,21.647850,21.716469,21.613518,21.682167,21.682167,21.785027,21.733620,21.630684,22.024513,21.716469,21.785027,21.904861,21.870644,21.785027,21.904861,21.767891,21.904861,21.870644,21.904861,21.904861,21.853539,21.870644,21.870644,21.870644,21.819290,22.007431,21.973259,21.836411,21.904861,21.836411,21.819290,21.921967,22.109856,21.819290,21.733620,21.904861,21.836411,22.092789,22.007431,21.802162,22.041588,22.024513,21.956161,22.058662,21.939064,21.904861,22.058662,21.819290,21.904861,21.956161,22.058662,22.041588,21.956161,21.904861,21.990349,21.990349,21.973259,21.921967,22.092789,21.973259,22.126915,22.246208,22.007431,22.178062,22.109856,21.973259,22.075729,22.126915,22.126915,22.143959,22.161018,22.126915,22.092789,22.024513,22.041588,22.092789,22.109856,22.075729,21.973259,22.007431,22.212143,22.024513,22.092789,21.990349,21.870644,22.075729,21.836411,21.682167,21.887764,21.853539,21.853539,21.973259,21.870644,21.716469,21.836411,21.750755,21.733620,21.836411,21.630684,21.527603,21.579163,21.441612,21.303802,21.131203,21.027458,21.027458,21.027458,20.975533,20.958221,20.923576,20.958221,21.010155,21.079346,20.992851,21.148476,20.958221,21.027458,20.975533,21.372734,21.044754,21.217552,21.010155,21.183029,21.148476,20.975533,21.010155,20.975533,20.750122,20.732758,20.750122,20.750122,20.802200,20.645866,20.419502,20.506645,20.402061,20.262413,20.489220,20.069977,20.174995,20.209976,20.087494,20.192490,19.824394,19.999893,20.192490,19.859520,19.824394,19.877083,19.947273,19.824394,19.894638,19.754082,19.578049,19.630898,19.454590,19.189407,18.994377,18.852249,18.495850,18.334953,18.030205,17.904396,17.363060,17.036591,17.145554,17.018410,16.891090,16.781799,16.635872,16.471397,16.416496,16.324928,16.233269,16.306610,16.398201,16.288277,16.178230,16.251610,16.324928,16.361572,16.178230,16.288277,16.251610,16.343254,16.233269,16.324928,16.269951,16.233269,16.251610,16.123146,16.324928,16.196571,16.049652,16.233269,15.994492,16.196571,16.068031,16.031273,15.976097,15.939293,16.214928,16.068031,16.049652,15.957695,16.159874,16.104774,16.141510,16.159874,16.086403,16.104774,16.178230,16.214928,16.251610,16.049652,16.233269,16.031273,16.343254,15.994492,16.196571,16.012886,16.141510,15.976097,16.123146,16.068031,16.159874,16.214928,16.159874,16.141510,16.123146,15.976097,16.288277,16.159874,16.288277,16.233269,16.343254,16.214928,16.068031,16.141510,16.233269,16.159874,16.416496,16.104774,16.086403,16.012886,16.214928,16.086403,16.251610,16.251610,16.214928,16.141510,16.178230,16.104774,16.251610,16.288277,16.398201,16.178230,16.453102,16.288277,16.178230,16.049652,16.306610,16.398201,16.178230,16.269951,16.379883,16.489677,16.379883,16.343254,16.269951,16.453102,16.416496,16.379883,16.453102,16.343254,16.324928,16.288277,16.269951,16.159874,16.269951,16.306610,16.489677,16.361572,16.434807,16.471397,16.416496,16.343254,16.361572,16.251610,16.379883,16.581078,16.233269,16.416496,16.434807,16.507973,16.507973,16.398201,16.398201,16.343254,16.416496,16.581078,16.416496,16.416496,16.818245,16.526253,16.617607,16.727104,16.453102,16.562805,16.617607,16.544525,16.544525,16.562805,16.507973,16.544525,16.544525,16.781799,16.544525,16.581078,16.818245,16.654121,16.526253,16.635872,16.690620,16.818245,16.727104,16.763573,16.836464,16.544525,16.763573,16.708862,16.781799,16.836464,16.891090,16.379883,16.727104,16.489677,16.836464,16.654121,16.818245,16.763573,16.891090,16.672379,16.763573,16.617607,16.891090,16.854668,16.818245,16.654121,16.727104,16.690620,16.635872,16.727104,17.018410,16.635872,16.672379,16.800026,16.982056,17.109245,16.945679,16.800026,16.800026,17.036591,16.745338,16.471397,16.836464,16.872887,16.818245,16.800026,16.927490,17.145554,16.818245,16.891090,16.708862,17.018410,16.909286,16.854668,17.000237,16.818245,16.945679,16.945679,17.018410,16.654121,17.054764,17.109245,17.018410,16.891090,17.199982,17.145554,17.254379,17.054764,17.091087,17.254379,17.326851,17.290627,17.091087,17.254379,17.218117,17.308739,17.091087,17.109245,17.018410,17.308739,17.199982,17.218117,17.163704,17.254379,17.525826,17.326851,17.272507,17.272507,17.326851,17.326851,17.199982,17.326851,17.489685,17.525826,17.363060,17.453522,17.706314,17.580009,17.145554,17.471611,17.381157,17.399261,17.634163,17.616119,17.435440,17.670250,17.561958,17.850410,17.634163,17.634163,17.489685,17.453522,17.344955,17.525826,17.742363,17.688278,17.489685,17.598068,17.652206,17.796410,17.634163,17.652206,17.580009,17.580009,17.652206,17.598068,17.742363,17.814415,17.886406,17.814415,17.886406,17.832420,18.084076,
16.233269,15.902481,16.104774,16.049652,16.086403,16.141510,16.214928,15.976097,15.939293,15.773499,16.086403,16.031273,16.141510,16.251610,16.379883,16.453102,16.507973,16.599342,16.745338,17.308739,17.453522,17.796410,17.976311,18.317062,18.887802,18.781090,19.065346,19.613289,19.595665,19.877083,19.877083,20.314804,20.157509,20.174995,20.506645,20.454369,20.419502,20.593697,20.819542,20.645866,20.663254,20.784843,21.079346,21.113914,20.802200,20.940895,20.923576,20.992851,21.027458,21.217552,21.286568,21.355507,21.407181,21.252068,21.510414,21.561981,21.407181,21.200287,21.234810,21.372734,21.079346,21.217552,21.407181,21.010155,21.269310,21.165756,20.940895,20.923576,21.148476,20.923576,20.923576,21.062057,21.113914,21.200287,21.252068,21.252068,21.200287,21.200287,21.234810,21.338272,21.458817,21.286568,21.372734,21.441612,21.544792,21.544792,21.458817,21.510414,21.441612,21.579163,21.561981,21.458817,21.544792,21.286568,21.510414,21.579163,21.338272,21.252068,21.493217,21.544792,21.510414,21.527603,21.493217,21.579163,21.836411,21.819290,21.836411,21.939064,21.733620,22.007431,21.956161,22.178062,22.195107,22.297272,22.263237,22.586006,22.416298,22.501198,22.569054,22.619896,22.670708,22.467247,22.619896,22.772232,22.586006,22.450264,22.552086,22.552086,22.467247,22.467247,22.280251,22.297272,22.399300,22.365303,22.450264,22.246208,22.195107,22.075729,22.058662,22.075729,22.007431,22.229179,22.143959,22.024513,22.126915,22.126915,21.921967,22.024513,22.092789,22.126915,22.075729,22.229179,22.109856,21.956161,22.058662,22.007431,21.904861,22.007431,21.887764,21.699318,21.853539,21.665016,21.750755,21.716469,21.561981,21.613518,21.665016,21.665016,21.750755,21.750755,21.665016,21.733620,21.579163,21.561981,21.544792,21.699318,21.665016,21.596336,21.716469,21.647850,21.767891,21.665016,21.785027,21.802162,21.733620,21.682167,21.956161,21.802162,21.904861,21.887764,21.887764,21.853539,22.126915,21.921967,21.836411,21.853539,21.904861,21.853539,21.990349,21.973259,21.819290,21.973259,21.853539,22.007431,21.870644,21.939064,21.836411,21.802162,21.887764,21.904861,21.819290,21.802162,21.887764,21.870644,21.682167,21.836411,22.109856,21.956161,21.887764,21.853539,22.007431,21.870644,22.109856,22.041588,21.939064,22.041588,21.973259,21.904861,21.990349,21.939064,21.853539,21.699318,21.819290,21.785027,21.836411,21.904861,22.024513,21.836411,22.041588,21.870644,22.075729,21.802162,21.956161,21.973259,21.990349,21.921967,21.990349,22.075729,22.161018,21.973259,22.143959,22.280251,22.195107,22.024513,22.161018,22.092789,22.092789,21.973259,22.058662,22.041588,22.058662,22.092789,22.161018,22.075729,22.024513,21.990349,22.178062,22.229179,22.007431,22.058662,21.870644,21.836411,21.836411,21.853539,21.870644,21.853539,21.733620,21.836411,21.682167,21.682167,21.441612,21.510414,21.338272,21.476021,21.441612,21.338272,21.234810,20.975533,20.940895,20.940895,20.906242,21.027458,20.992851,20.923576,20.958221,21.062057,21.234810,20.958221,20.975533,21.217552,21.183029,21.165756,21.165756,21.234810,21.269310,21.148476,21.165756,21.079346,20.975533,21.010155,20.923576,20.698021,20.767487,20.750122,20.732758,20.628487,20.454369,20.541473,20.314804,20.297348,20.454369,20.209976,20.157509,20.279877,20.157509,19.824394,20.087494,19.964821,20.052460,20.140007,19.964821,19.964821,19.824394,19.701309,19.894638,19.894638,19.701309,19.630898,19.578049,19.560417,19.100807,19.065346,18.834473,18.585091,18.370735,18.102013,17.760384,17.543900,17.236252,17.127403,16.763573,16.654121,16.727104,16.544525,16.159874,16.343254,16.453102,16.416496,16.068031,16.251610,16.086403,16.123146,16.086403,16.031273,16.251610,16.123146,16.031273,16.068031,16.049652,16.178230,16.049652,16.306610,16.104774,16.049652,15.939293,15.994492,16.049652,15.847229,16.086403,16.031273,15.865646,15.865646,15.939293,15.976097,15.865646,15.755058,16.012886,15.939293,15.902481,16.049652,15.920883,15.976097,15.847229,15.865646,15.939293,15.755058,15.939293,15.884071,16.031273,16.104774,16.123146,15.939293,15.810371,16.141510,16.031273,15.920883,15.773499,15.884071,15.865646,15.662788,16.012886,15.939293,15.920883,15.957695,16.104774,15.902481,16.012886,16.086403,15.865646,15.920883,15.920883,15.736610,16.031273,16.012886,15.884071,15.939293,15.828796,16.068031,15.994492,16.049652,16.068031,15.939293,15.884071,16.068031,15.994492,16.269951,15.847229,16.104774,16.031273,16.031273,15.865646,16.031273,16.012886,15.976097,16.068031,16.141510,15.976097,16.233269,16.086403,16.324928,16.196571,16.251610,16.251610,16.141510,16.123146,16.288277,16.196571,16.104774,16.251610,16.031273,16.233269,16.141510,16.214928,16.049652,16.049652,16.214928,15.920883,16.049652,16.031273,16.123146,16.159874,16.012886,16.159874,16.269951,15.994492,16.086403,16.233269,16.233269,16.233269,16.196571,16.104774,16.068031,16.104774,16.233269,16.379883,16.269951,16.471397,16.288277,16.416496,16.288277,16.343254,16.379883,16.398201,16.471397,16.398201,16.361572,16.233269,16.196571,16.196571,16.324928,16.453102,16.306610,16.361572,16.526253,16.453102,16.489677,16.306610,16.434807,16.507973,16.489677,16.672379,16.343254,16.617607,16.343254,16.434807,16.745338,16.672379,16.453102,16.489677,16.526253,16.379883,16.635872,16.288277,16.453102,16.526253,16.343254,16.544525,16.526253,16.343254,16.526253,16.398201,16.635872,16.581078,16.453102,16.471397,16.562805,16.562805,16.654121,16.343254,16.599342,16.672379,16.800026,16.599342,16.562805,16.398201,16.507973,16.562805,16.562805,16.727104,16.562805,16.727104,16.526253,16.544525,16.654121,16.617607,16.763573,16.544525,16.526253,16.416496,16.745338,16.745338,16.690620,16.708862,16.526253,16.581078,16.781799,16.745338,16.781799,16.945679,16.854668,16.927490,16.781799,16.562805,16.690620,16.854668,16.945679,17.145554,17.036591,16.763573,16.854668,16.909286,17.091087,16.909286,16.982056,17.163704,17.072929,16.781799,17.163704,16.763573,17.054764,16.945679,16.891090,16.982056,16.836464,17.109245,16.945679,17.109245,17.000237,17.254379,16.927490,17.109245,16.927490,17.218117,17.127403,17.199982,17.072929,17.272507,17.091087,17.308739,17.163704,17.181839,17.308739,17.163704,17.290627,17.218117,17.308739,17.290627,17.218117,17.363060,17.290627,17.163704,17.163704,17.326851,17.308739,17.163704,17.145554,17.399261,17.272507,17.580009,17.652206,17.236252,17.290627,17.181839,17.489685,17.760384,17.688278,17.453522,17.399261,17.814415,17.778404,
16.141510,15.920883,15.736610,16.012886,15.902481,15.865646,16.049652,16.123146,15.939293,16.049652,15.865646,15.957695,15.976097,16.068031,16.123146,16.343254,16.324928,16.544525,16.854668,17.000237,17.272507,17.814415,17.850410,18.424385,18.727684,18.834473,19.047615,19.153984,19.436943,19.824394,20.157509,20.227455,20.314804,20.279877,20.332268,20.262413,20.524055,20.471802,20.506645,20.888908,20.750122,20.645866,20.923576,20.767487,21.286568,21.010155,20.975533,21.217552,21.062057,21.217552,21.200287,21.338272,21.476021,21.407181,21.338272,21.424393,21.234810,21.303802,21.355507,21.321045,21.079346,21.424393,21.303802,21.252068,21.303802,21.252068,20.906242,21.027458,21.131203,20.836899,20.854233,21.165756,20.975533,21.148476,21.148476,21.044754,21.338272,21.389961,21.269310,21.165756,21.458817,21.355507,21.252068,21.527603,21.441612,21.527603,21.407181,21.544792,21.372734,21.441612,21.424393,21.613518,21.441612,21.630684,21.613518,21.527603,21.493217,21.321045,21.647850,21.424393,21.321045,21.476021,21.561981,21.441612,21.682167,21.750755,21.870644,21.887764,21.853539,22.041588,22.195107,22.092789,22.263237,22.416298,22.365303,22.535133,22.450264,22.636833,22.586006,22.721489,22.721489,22.653778,22.535133,22.738411,22.789139,22.653778,22.653778,22.518166,22.636833,22.484222,22.399300,22.416298,22.195107,21.956161,22.297272,22.126915,22.280251,21.921967,22.161018,21.887764,21.990349,22.058662,21.990349,21.973259,22.041588,22.109856,22.058662,22.161018,22.161018,22.058662,22.024513,22.109856,22.263237,22.007431,22.126915,22.092789,22.075729,22.024513,21.939064,22.075729,21.939064,21.750755,21.921967,21.819290,21.887764,21.733620,21.750755,21.921967,21.733620,21.939064,21.870644,21.853539,21.767891,21.647850,21.716469,21.750755,21.785027,21.733620,21.716469,21.802162,21.853539,21.819290,21.904861,21.836411,22.075729,21.887764,21.921967,21.904861,21.836411,21.904861,21.836411,22.058662,21.939064,21.870644,21.956161,21.990349,21.887764,21.921967,21.939064,21.836411,21.956161,21.853539,22.058662,21.819290,22.007431,22.024513,21.904861,21.956161,21.921967,22.007431,21.939064,21.990349,21.802162,21.904861,21.904861,22.058662,21.973259,21.904861,21.904861,22.092789,21.990349,22.041588,22.109856,22.041588,21.939064,22.109856,21.939064,22.161018,21.973259,21.870644,21.836411,21.956161,21.870644,21.887764,21.630684,21.682167,21.750755,21.819290,21.819290,21.665016,21.785027,21.802162,21.767891,21.956161,21.819290,21.853539,21.870644,22.058662,22.024513,22.109856,21.887764,22.212143,22.263237,21.870644,22.041588,22.075729,22.058662,21.939064,22.109856,22.143959,22.348305,22.109856,22.229179,22.195107,22.075729,21.939064,22.058662,21.956161,21.887764,21.853539,21.887764,21.870644,21.802162,21.767891,21.579163,21.493217,21.647850,21.493217,21.510414,21.596336,21.355507,21.647850,21.389961,21.441612,21.389961,21.027458,21.079346,20.906242,21.131203,20.819542,20.923576,20.940895,20.836899,20.958221,20.923576,21.044754,20.940895,20.871582,21.044754,21.165756,21.148476,21.252068,21.062057,21.200287,21.131203,21.217552,21.044754,21.303802,20.819542,20.975533,20.871582,20.923576,20.802200,20.541473,20.802200,20.645866,20.489220,20.367180,20.471802,20.576286,20.262413,20.157509,20.209976,20.332268,20.105003,20.017418,19.894638,19.806816,19.789246,19.736496,19.824394,19.806816,19.771667,19.754082,19.666115,19.789246,19.489883,19.578049,19.525154,19.277893,19.153984,18.923340,18.549400,18.460121,18.245445,17.904396,17.814415,17.525826,17.218117,16.854668,16.544525,16.763573,16.562805,16.196571,16.123146,16.361572,16.343254,16.086403,16.123146,15.810371,15.994492,15.755058,16.104774,15.791931,16.031273,15.939293,15.810371,15.920883,16.068031,15.939293,16.178230,16.068031,16.049652,16.068031,16.031273,15.884071,15.902481,15.920883,15.607391,15.902481,15.607391,15.773499,15.884071,15.755058,15.755058,15.625862,15.884071,15.791931,15.791931,15.681252,15.847229,15.828796,15.662788,15.884071,15.847229,15.810371,15.976097,15.681252,15.994492,15.699715,15.939293,15.662788,15.920883,15.810371,16.012886,15.718163,15.736610,15.681252,15.699715,15.847229,15.699715,15.865646,15.773499,15.810371,15.773499,15.607391,15.607391,15.847229,15.755058,15.773499,15.957695,15.588913,15.718163,15.810371,15.939293,15.699715,15.810371,16.049652,15.828796,15.884071,15.755058,15.773499,15.773499,15.828796,15.847229,15.902481,15.607391,15.847229,15.847229,15.957695,15.791931,15.994492,15.828796,15.828796,15.902481,16.049652,15.902481,16.012886,15.976097,16.141510,15.847229,16.068031,16.012886,15.939293,15.939293,15.994492,16.012886,16.123146,15.920883,16.068031,16.031273,16.178230,15.791931,16.104774,15.939293,15.994492,15.699715,16.031273,15.755058,15.994492,16.068031,15.957695,15.976097,15.847229,15.828796,16.012886,15.681252,16.012886,16.068031,16.031273,16.012886,15.994492,16.086403,15.994492,16.031273,16.123146,15.939293,16.031273,16.123146,16.141510,16.031273,15.976097,16.233269,15.994492,16.123146,16.086403,16.012886,16.214928,16.141510,16.104774,16.233269,16.288277,16.141510,16.031273,16.214928,16.288277,16.214928,16.288277,16.123146,16.251610,16.343254,16.251610,16.104774,16.416496,16.233269,16.544525,16.343254,16.453102,16.343254,16.288277,16.489677,16.196571,16.343254,16.269951,16.379883,16.398201,16.123146,16.214928,16.214928,16.306610,16.324928,16.324928,16.361572,16.416496,16.416496,16.214928,16.141510,16.178230,16.288277,16.562805,16.453102,16.416496,16.544525,16.507973,16.453102,16.361572,16.196571,16.453102,16.361572,16.233269,16.453102,16.489677,16.306610,16.599342,16.306610,16.562805,16.398201,16.343254,16.453102,16.398201,16.562805,16.544525,16.434807,16.562805,16.617607,16.324928,16.526253,16.581078,16.672379,16.434807,16.379883,16.471397,16.781799,16.654121,16.617607,16.727104,16.672379,16.745338,16.635872,16.654121,16.617607,16.836464,16.690620,16.581078,16.526253,16.763573,16.599342,16.727104,16.836464,16.727104,16.654121,16.800026,16.872887,16.654121,16.781799,16.963875,16.891090,16.927490,16.836464,16.617607,16.854668,16.654121,16.891090,16.800026,16.945679,17.000237,16.982056,16.891090,16.836464,17.000237,16.982056,17.181839,16.872887,16.982056,17.036591,16.909286,17.091087,16.982056,17.127403,17.054764,17.127403,17.218117,17.109245,17.072929,17.381157,17.145554,16.982056,17.018410,17.199982,17.181839,17.236252,17.381157,17.507759,17.363060,17.417351,17.344955,17.308739,17.236252,17.254379,17.561958,
15.902481,15.810371,15.865646,15.810371,15.736610,15.828796,15.957695,16.031273,16.141510,15.902481,15.755058,16.049652,15.828796,15.828796,16.306610,16.453102,16.233269,16.416496,16.945679,17.018410,17.507759,17.561958,17.904396,18.424385,18.263351,18.781090,19.118538,19.260208,19.771667,19.701309,19.964821,20.017418,20.402061,20.349724,20.663254,20.541473,20.279877,20.611084,20.784843,20.802200,20.576286,20.888908,21.148476,20.732758,20.888908,21.183029,21.165756,21.303802,21.200287,21.286568,21.493217,21.303802,21.252068,21.372734,21.544792,21.613518,21.527603,21.493217,21.579163,21.441612,21.407181,21.458817,21.286568,21.113914,21.148476,21.165756,21.096642,21.303802,20.802200,21.113914,21.234810,21.079346,20.958221,21.010155,21.044754,20.940895,21.044754,21.476021,21.286568,21.217552,21.441612,21.493217,21.148476,21.510414,21.579163,21.493217,21.458817,21.630684,21.441612,21.665016,21.355507,21.476021,21.561981,21.630684,21.579163,21.407181,21.372734,21.682167,21.493217,21.441612,21.424393,21.510414,21.544792,21.682167,21.750755,21.904861,21.921967,21.956161,22.075729,22.280251,22.348305,22.195107,22.178062,22.416298,22.535133,22.518166,22.450264,22.535133,22.704575,22.636833,22.670708,22.704575,22.856728,22.636833,22.687645,22.721489,22.586006,22.586006,22.721489,22.433289,22.450264,22.433289,22.314293,22.195107,21.973259,22.058662,22.041588,21.921967,21.939064,21.921967,22.007431,22.058662,22.109856,22.126915,22.007431,22.041588,22.195107,21.887764,22.126915,22.246208,22.143959,22.212143,22.229179,22.109856,22.229179,22.229179,22.092789,22.109856,21.921967,21.853539,21.802162,21.716469,21.785027,21.802162,21.887764,21.733620,21.750755,21.973259,22.007431,21.665016,21.750755,21.853539,21.802162,21.802162,21.750755,21.921967,21.785027,21.939064,21.836411,21.887764,21.853539,21.904861,21.904861,21.973259,22.024513,21.990349,21.921967,22.024513,21.973259,21.939064,21.939064,21.870644,22.075729,21.973259,21.853539,22.109856,21.939064,21.973259,21.990349,22.109856,21.836411,21.990349,21.887764,21.990349,22.007431,21.870644,21.870644,21.973259,21.904861,21.887764,21.990349,21.921967,21.767891,21.853539,21.853539,21.836411,21.785027,21.939064,21.887764,22.041588,21.904861,22.109856,21.904861,22.041588,21.904861,22.024513,22.024513,21.956161,22.058662,21.836411,21.973259,21.802162,21.613518,21.665016,21.767891,21.682167,21.819290,21.716469,21.561981,21.870644,21.716469,21.887764,21.887764,21.887764,22.007431,21.836411,21.887764,21.956161,22.007431,21.990349,21.870644,22.109856,22.041588,22.024513,22.229179,22.109856,22.143959,22.109856,22.075729,22.126915,22.143959,22.246208,22.041588,22.041588,22.007431,22.024513,22.092789,22.041588,21.921967,21.767891,21.819290,21.716469,21.630684,21.733620,21.510414,21.579163,21.579163,21.510414,21.458817,21.493217,21.269310,21.321045,21.286568,21.269310,21.286568,21.096642,21.217552,20.784843,20.732758,20.854233,20.871582,20.715385,20.784843,20.802200,20.802200,20.854233,20.819542,20.975533,21.062057,20.975533,21.010155,21.321045,20.975533,21.234810,21.062057,21.234810,21.183029,21.183029,20.992851,20.940895,20.732758,20.958221,20.767487,20.750122,20.784843,20.524055,20.314804,20.489220,20.314804,20.541473,20.279877,20.297348,20.192490,20.140007,20.105003,19.947273,19.806816,20.052460,19.982353,19.806816,19.789246,19.841957,19.630898,19.771667,19.683716,19.630898,19.472237,19.683716,19.507530,19.313263,19.136261,18.941109,18.781090,18.370735,18.317062,17.778404,17.652206,17.344955,17.054764,16.781799,16.672379,16.489677,16.617607,16.269951,15.939293,16.012886,15.957695,16.049652,15.718163,15.939293,15.810371,15.773499,15.625862,15.810371,15.920883,15.994492,15.957695,15.847229,15.828796,15.920883,15.884071,15.865646,15.939293,15.847229,15.681252,15.865646,15.828796,15.681252,15.699715,15.884071,15.699715,15.902481,15.644325,15.607391,15.496475,15.625862,15.607391,15.662788,15.847229,15.736610,15.662788,15.736610,15.440964,15.736610,15.791931,15.570435,15.736610,15.755058,15.791931,15.847229,15.514977,15.644325,15.551949,15.699715,15.699715,15.828796,15.607391,15.681252,15.662788,15.791931,15.588913,15.681252,15.699715,15.662788,15.570435,15.662788,15.644325,15.810371,15.607391,15.662788,15.681252,15.644325,15.570435,15.828796,15.514977,15.625862,15.699715,15.570435,15.791931,15.625862,15.662788,15.718163,15.477974,15.551949,15.607391,15.736610,15.699715,15.773499,15.755058,15.570435,15.791931,15.828796,15.847229,15.773499,15.810371,15.699715,15.736610,15.884071,15.607391,15.681252,15.865646,15.884071,15.884071,15.994492,15.847229,15.625862,15.902481,15.718163,15.847229,15.865646,16.068031,15.810371,15.828796,15.607391,15.607391,15.810371,15.644325,15.994492,15.865646,15.791931,15.865646,15.957695,15.884071,15.920883,15.920883,15.865646,15.828796,15.865646,15.994492,15.847229,15.865646,15.773499,16.049652,15.994492,15.976097,15.994492,15.791931,16.178230,15.939293,15.828796,15.920883,15.736610,16.031273,16.141510,16.086403,16.141510,15.847229,16.104774,15.791931,16.049652,16.068031,16.012886,16.031273,16.324928,16.141510,15.920883,16.012886,16.049652,16.159874,16.031273,16.214928,16.233269,16.086403,16.159874,16.031273,16.617607,16.049652,16.453102,16.306610,16.178230,16.196571,16.233269,16.398201,16.068031,16.178230,16.123146,16.306610,16.123146,16.049652,16.123146,16.141510,15.976097,15.976097,16.012886,15.957695,16.324928,16.031273,16.104774,16.068031,15.865646,16.214928,16.379883,16.068031,16.288277,16.233269,16.104774,16.361572,16.544525,16.086403,16.269951,15.939293,16.123146,16.214928,16.068031,16.086403,16.086403,16.068031,16.434807,16.269951,16.068031,16.233269,16.416496,16.379883,16.178230,16.141510,16.306610,16.379883,16.398201,16.104774,16.251610,16.379883,16.159874,16.434807,16.251610,16.361572,16.361572,16.178230,16.507973,16.361572,16.434807,16.489677,16.690620,16.324928,16.581078,16.544525,16.727104,16.489677,16.507973,16.416496,16.379883,16.507973,16.507973,16.581078,16.562805,16.489677,16.635872,16.635872,16.526253,16.727104,16.690620,16.507973,16.708862,16.690620,16.581078,16.581078,16.672379,16.489677,16.690620,16.854668,16.836464,16.599342,16.690620,16.745338,16.672379,16.818245,16.581078,16.654121,16.927490,16.745338,16.727104,16.945679,16.891090,17.036591,16.836464,16.982056,16.854668,16.818245,16.872887,16.854668,17.072929,16.818245,17.272507,16.909286,16.781799,17.072929,17.308739,17.145554,16.982056,16.891090,17.272507,
15.736610,16.068031,15.902481,15.699715,15.773499,15.736610,15.773499,15.773499,15.718163,15.791931,15.755058,15.828796,15.791931,16.233269,16.214928,16.233269,16.159874,16.288277,16.581078,17.072929,17.272507,17.670250,18.012245,18.137894,18.513702,18.781090,19.118538,19.348618,19.736496,19.666115,20.087494,20.034943,20.349724,20.314804,20.034943,20.279877,20.541473,20.454369,20.576286,20.698021,20.871582,20.802200,20.836899,20.628487,20.992851,21.079346,21.044754,21.234810,21.010155,21.321045,21.269310,21.493217,21.338272,21.321045,21.493217,21.389961,21.596336,21.407181,21.303802,21.424393,21.113914,21.286568,21.183029,21.424393,21.010155,21.355507,21.183029,21.044754,20.992851,21.079346,21.062057,21.027458,21.217552,21.010155,21.234810,21.200287,21.321045,21.338272,20.958221,21.183029,21.217552,21.286568,21.355507,21.372734,21.372734,21.561981,21.493217,21.407181,21.424393,21.527603,21.750755,21.510414,21.630684,21.579163,21.441612,21.510414,21.493217,21.630684,21.596336,21.613518,21.630684,21.510414,21.355507,21.647850,21.836411,21.819290,21.956161,21.956161,22.075729,22.195107,22.229179,22.314293,22.314293,22.399300,22.535133,22.653778,22.433289,22.687645,22.636833,22.687645,22.822945,22.789139,22.619896,22.535133,22.687645,22.619896,22.670708,22.467247,22.399300,22.586006,22.433289,22.297272,22.518166,22.161018,22.212143,22.126915,22.075729,22.075729,22.075729,21.990349,22.007431,22.007431,21.990349,22.161018,22.195107,22.143959,21.870644,22.161018,22.143959,22.161018,22.229179,22.365303,22.041588,22.126915,22.143959,22.024513,22.075729,21.973259,21.939064,21.939064,21.887764,21.939064,22.007431,21.956161,21.853539,22.041588,21.870644,22.075729,21.785027,21.956161,22.092789,21.990349,21.836411,21.819290,21.853539,21.973259,21.939064,21.904861,21.956161,21.939064,21.956161,21.904861,22.024513,22.075729,21.956161,22.024513,21.887764,22.092789,21.956161,22.058662,22.143959,22.178062,21.990349,21.973259,21.887764,22.143959,22.058662,21.904861,22.143959,21.785027,22.075729,22.024513,22.109856,21.887764,22.007431,21.904861,21.939064,21.973259,21.956161,21.973259,21.990349,21.973259,22.007431,21.956161,21.836411,21.887764,22.126915,21.785027,22.109856,21.956161,21.956161,22.075729,21.973259,22.041588,22.075729,21.956161,22.092789,22.041588,21.802162,21.785027,21.665016,21.921967,21.630684,21.767891,21.596336,21.665016,21.750755,21.733620,21.716469,21.561981,21.750755,21.733620,21.819290,21.665016,21.819290,21.819290,21.904861,21.921967,22.212143,22.143959,22.041588,22.058662,22.092789,21.904861,22.109856,22.041588,22.229179,22.126915,22.041588,22.195107,22.297272,22.229179,22.041588,22.092789,22.092789,21.939064,21.990349,21.956161,21.836411,21.819290,21.870644,21.699318,21.733620,21.682167,21.561981,21.630684,21.527603,21.476021,21.355507,21.510414,21.338272,21.338272,21.183029,21.286568,21.200287,21.062057,20.906242,20.854233,20.732758,20.888908,20.923576,20.680634,20.940895,20.611084,20.854233,20.906242,20.715385,20.784843,21.096642,21.096642,21.044754,21.148476,21.286568,21.096642,21.131203,21.096642,21.079346,20.940895,20.992851,20.767487,20.888908,20.871582,20.854233,20.871582,20.698021,20.732758,20.541473,20.436943,20.454369,20.436943,20.332268,20.105003,19.982353,20.052460,20.034943,20.122513,19.964821,19.964821,19.736496,19.877083,19.789246,19.683716,19.613289,19.736496,19.701309,19.578049,19.613289,19.613289,19.366287,19.277893,19.083084,18.692055,18.692055,18.549400,18.084076,18.102013,17.670250,17.507759,17.127403,17.072929,16.654121,16.544525,16.288277,16.159874,16.233269,15.920883,15.939293,15.773499,15.920883,15.699715,15.699715,15.718163,15.662788,15.644325,15.791931,15.847229,15.773499,15.884071,15.828796,15.828796,15.810371,15.847229,15.791931,15.791931,15.718163,15.791931,15.551949,15.773499,15.699715,15.662788,15.607391,15.625862,15.514977,15.422462,15.496475,15.570435,15.718163,15.625862,15.459480,15.477974,15.607391,15.699715,15.570435,15.607391,15.570435,15.477974,15.607391,15.403938,15.551949,15.644325,15.551949,15.607391,15.459480,15.644325,15.644325,15.570435,15.533455,15.459480,15.348373,15.348373,15.292770,15.588913,15.625862,15.385422,15.422462,15.570435,15.644325,15.477974,15.422462,15.514977,15.773499,15.570435,15.625862,15.459480,15.588913,15.496475,15.681252,15.699715,15.588913,15.514977,15.570435,15.718163,15.514977,15.607391,15.644325,15.477974,15.514977,15.662788,15.570435,15.570435,15.403938,15.570435,15.514977,15.607391,15.588913,15.496475,15.496475,15.736610,15.607391,15.699715,15.681252,15.607391,15.625862,15.681252,15.699715,15.976097,15.828796,15.755058,15.699715,15.791931,15.699715,15.644325,15.607391,15.644325,15.644325,15.514977,15.477974,15.681252,15.644325,15.736610,15.662788,15.791931,15.625862,15.791931,15.718163,15.884071,15.847229,15.718163,15.588913,15.884071,15.681252,15.847229,15.957695,15.699715,15.773499,15.736610,15.920883,15.865646,15.939293,15.920883,15.884071,15.847229,15.847229,15.939293,15.625862,15.718163,15.920883,15.514977,15.773499,15.865646,15.976097,15.902481,15.828796,15.847229,15.828796,16.031273,15.902481,15.902481,15.920883,16.086403,15.939293,16.012886,15.920883,16.178230,15.976097,15.939293,16.159874,16.012886,16.159874,16.049652,16.068031,15.939293,16.068031,16.068031,16.251610,15.791931,15.939293,15.810371,16.086403,15.976097,15.976097,16.086403,15.736610,15.847229,15.755058,16.049652,15.699715,16.031273,16.012886,16.159874,16.159874,15.939293,15.976097,16.104774,15.791931,16.178230,16.068031,16.123146,15.920883,16.012886,15.976097,16.031273,15.902481,16.086403,15.847229,16.012886,16.012886,15.920883,15.902481,16.068031,16.068031,15.994492,16.086403,15.957695,16.086403,15.994492,16.269951,16.068031,16.086403,16.251610,15.939293,15.884071,16.159874,16.159874,16.251610,16.233269,16.049652,15.994492,16.288277,16.269951,16.251610,16.123146,16.233269,16.068031,16.324928,16.288277,16.233269,16.288277,16.104774,16.379883,16.104774,16.343254,16.288277,16.251610,16.471397,16.617607,16.434807,16.507973,16.471397,16.269951,16.471397,16.526253,16.453102,16.526253,16.324928,16.763573,16.635872,16.526253,16.379883,16.471397,16.453102,16.379883,16.526253,16.434807,16.690620,16.526253,16.708862,16.654121,16.617607,16.599342,16.507973,16.690620,16.507973,16.654121,16.654121,16.562805,16.781799,16.763573,16.727104,16.599342,16.982056,16.690620,16.708862,16.708862,16.836464,16.672379,16.781799,16.690620,16.854668,17.018410,
15.810371,15.773499,15.718163,15.644325,15.736610,15.699715,15.920883,15.755058,15.847229,15.662788,15.736610,15.681252,15.902481,15.976097,16.123146,16.178230,16.269951,16.343254,16.562805,16.891090,17.272507,17.489685,17.886406,18.263351,18.477982,18.763298,18.870033,19.295586,19.454590,19.859520,20.297348,19.999893,20.244934,20.332268,20.402061,20.279877,20.436943,20.419502,20.628487,20.836899,20.645866,20.836899,20.975533,20.906242,21.062057,20.992851,21.096642,21.131203,21.200287,21.217552,21.252068,21.476021,21.510414,21.338272,21.630684,21.407181,21.252068,21.389961,21.476021,21.458817,21.234810,21.303802,21.131203,21.183029,21.079346,21.269310,21.062057,21.148476,21.148476,20.906242,21.079346,20.992851,20.992851,21.234810,21.010155,21.113914,21.165756,21.217552,21.062057,21.148476,21.148476,21.355507,21.217552,21.338272,21.321045,21.613518,21.458817,21.561981,21.372734,21.579163,21.630684,21.493217,21.407181,21.389961,21.476021,21.476021,21.544792,21.613518,21.493217,21.579163,21.579163,21.647850,21.596336,21.424393,21.939064,21.939064,21.785027,22.024513,22.263237,22.024513,22.246208,22.195107,22.433289,22.450264,22.484222,22.704575,22.653778,22.602951,22.704575,22.636833,22.806038,22.755325,22.670708,22.721489,22.738411,22.738411,22.755325,22.450264,22.586006,22.416298,22.416298,22.535133,22.246208,22.007431,22.143959,22.212143,21.921967,21.956161,22.041588,21.904861,21.939064,22.058662,21.836411,22.161018,22.161018,22.143959,22.143959,22.075729,22.024513,22.143959,22.195107,22.092789,22.263237,22.143959,22.229179,22.280251,22.143959,22.007431,22.092789,22.109856,21.887764,21.921967,21.990349,21.767891,21.887764,22.058662,22.007431,21.836411,22.007431,22.024513,22.024513,22.126915,22.109856,22.126915,21.939064,22.092789,22.007431,21.939064,22.075729,22.075729,21.990349,21.887764,21.921967,22.075729,22.109856,22.212143,22.246208,22.161018,22.075729,22.280251,21.939064,22.143959,22.109856,22.041588,22.178062,22.229179,22.024513,22.075729,21.956161,22.024513,21.921967,21.921967,22.007431,22.058662,21.921967,22.007431,21.921967,22.161018,21.921967,22.007431,22.007431,21.904861,22.092789,21.990349,21.921967,21.956161,21.973259,21.870644,22.058662,21.990349,21.853539,22.058662,21.973259,21.939064,21.921967,22.041588,21.990349,21.819290,21.767891,21.887764,21.561981,21.819290,21.716469,21.647850,21.665016,21.510414,21.476021,21.527603,21.699318,21.579163,21.699318,21.699318,21.699318,21.785027,21.699318,21.802162,21.836411,21.767891,22.109856,21.973259,22.024513,21.973259,22.007431,22.178062,22.092789,22.058662,22.195107,22.178062,22.109856,21.990349,22.195107,22.058662,22.007431,21.990349,22.161018,21.870644,22.058662,21.904861,21.870644,21.836411,21.699318,21.630684,21.510414,21.510414,21.441612,21.527603,21.355507,21.613518,21.476021,21.096642,21.217552,21.234810,21.096642,21.044754,21.027458,20.819542,20.992851,20.767487,20.732758,20.750122,20.524055,20.663254,20.715385,20.715385,20.836899,20.784843,20.819542,20.819542,20.975533,21.079346,21.027458,21.044754,21.113914,21.165756,21.148476,21.200287,21.148476,21.027458,20.975533,20.940895,20.715385,20.819542,20.958221,20.732758,20.698021,20.524055,20.454369,20.297348,20.558884,20.332268,20.105003,19.964821,20.297348,20.157509,19.947273,19.982353,19.806816,19.859520,19.736496,19.736496,19.894638,19.666115,19.912178,19.613289,19.560417,19.525154,19.525154,19.560417,19.383957,19.401619,18.958870,18.692055,18.513702,18.370735,18.048164,17.904396,17.706314,17.254379,16.982056,16.635872,16.416496,16.196571,16.269951,16.068031,15.865646,15.644325,15.681252,15.681252,15.588913,15.718163,15.699715,15.773499,15.681252,15.736610,15.699715,15.736610,15.699715,15.755058,15.865646,15.681252,15.699715,15.884071,15.810371,15.847229,15.791931,15.681252,15.496475,15.755058,15.662788,15.422462,15.385422,15.496475,15.329842,15.477974,15.329842,15.403938,15.366905,15.607391,15.514977,15.422462,15.496475,15.588913,15.459480,15.385422,15.292770,15.570435,15.625862,15.422462,15.588913,15.662788,15.477974,15.477974,15.570435,15.644325,15.607391,15.514977,15.607391,15.403938,15.366905,15.477974,15.440964,15.477974,15.459480,15.514977,15.218575,15.440964,15.477974,15.496475,15.403938,15.403938,15.514977,15.533455,15.329842,15.496475,15.477974,15.533455,15.422462,15.274223,15.329842,15.403938,15.348373,15.477974,15.607391,15.625862,15.570435,15.551949,15.514977,15.496475,15.533455,15.533455,15.422462,15.459480,15.625862,15.533455,15.791931,15.514977,15.440964,15.718163,15.514977,15.662788,15.514977,15.514977,15.551949,15.681252,15.533455,15.644325,15.607391,15.662788,15.791931,15.533455,15.551949,15.607391,15.607391,15.736610,15.533455,15.773499,15.570435,15.496475,15.533455,15.773499,15.422462,15.625862,15.570435,15.718163,15.755058,15.644325,15.570435,15.440964,15.588913,15.681252,15.884071,15.718163,15.644325,15.681252,15.773499,15.755058,15.514977,15.699715,15.847229,15.718163,15.755058,15.828796,15.755058,15.718163,15.736610,15.755058,15.699715,15.718163,15.570435,15.644325,15.773499,15.791931,15.791931,15.828796,15.847229,15.791931,15.847229,15.773499,15.939293,15.902481,15.828796,16.049652,15.828796,15.994492,16.123146,16.141510,15.865646,16.049652,15.976097,15.920883,15.828796,15.994492,15.755058,16.141510,15.994492,15.976097,15.939293,15.994492,15.718163,15.810371,15.994492,15.699715,15.828796,15.828796,15.847229,15.644325,15.644325,15.736610,15.884071,15.976097,15.681252,15.994492,16.031273,16.086403,16.159874,15.773499,16.031273,15.791931,15.847229,15.884071,15.755058,15.736610,15.718163,15.902481,15.828796,15.939293,15.755058,15.773499,15.828796,15.865646,15.976097,15.865646,15.718163,16.031273,16.031273,16.012886,15.939293,15.976097,15.994492,15.939293,16.012886,16.086403,16.159874,16.086403,16.178230,15.976097,16.123146,16.068031,16.012886,16.159874,15.755058,16.196571,16.141510,15.810371,16.159874,16.086403,16.141510,15.847229,16.178230,16.159874,16.068031,16.012886,16.214928,16.068031,15.920883,16.251610,16.159874,16.434807,16.196571,16.178230,16.233269,16.214928,16.398201,16.269951,16.306610,16.416496,16.306610,16.343254,16.068031,16.324928,16.288277,16.306610,16.269951,16.159874,16.361572,16.233269,16.343254,16.361572,16.233269,16.306610,16.178230,16.526253,16.489677,16.343254,16.453102,16.635872,16.269951,16.507973,16.635872,16.617607,16.507973,16.599342,16.361572,16.453102,16.727104,16.581078,16.398201,16.489677,16.599342,16.581078,
15.662788,15.902481,15.755058,15.681252,15.755058,15.644325,15.755058,15.477974,15.662788,15.681252,15.699715,15.847229,15.755058,15.939293,15.810371,16.123146,16.269951,16.416496,16.343254,17.054764,17.072929,17.453522,17.814415,18.227524,18.549400,18.852249,18.994377,19.136261,19.754082,19.841957,20.017418,20.122513,20.209976,20.192490,20.192490,20.384621,20.506645,20.611084,20.732758,20.663254,20.698021,20.819542,20.975533,21.079346,20.906242,20.940895,21.252068,21.269310,21.113914,21.234810,21.338272,21.148476,21.303802,21.527603,21.510414,21.458817,21.613518,21.407181,21.165756,21.424393,21.303802,21.338272,21.200287,21.113914,21.148476,21.079346,21.062057,20.802200,20.958221,20.975533,20.888908,20.992851,21.234810,20.940895,21.010155,21.131203,20.871582,21.148476,21.096642,21.044754,21.113914,21.389961,21.389961,21.355507,21.303802,21.355507,21.269310,21.493217,21.544792,21.424393,21.527603,21.338272,21.424393,21.510414,21.424393,21.561981,21.458817,21.338272,21.510414,21.476021,21.424393,21.665016,21.458817,21.510414,21.699318,21.870644,21.921967,21.904861,22.058662,22.263237,22.143959,22.501198,22.416298,22.619896,22.670708,22.602951,22.552086,22.619896,22.636833,22.789139,22.518166,22.586006,22.907379,22.772232,22.738411,22.518166,22.416298,22.721489,22.348305,22.416298,22.195107,22.263237,22.109856,22.092789,22.075729,21.853539,21.904861,21.767891,21.870644,21.939064,21.819290,22.092789,21.973259,21.973259,22.041588,22.263237,22.178062,22.161018,21.921967,22.058662,22.092789,22.126915,22.161018,22.092789,22.263237,22.075729,22.092789,22.007431,21.887764,21.767891,21.887764,22.161018,22.041588,22.041588,21.939064,22.126915,21.973259,22.024513,21.990349,22.109856,22.092789,22.007431,22.058662,21.990349,22.109856,22.041588,22.092789,22.178062,21.870644,22.058662,22.126915,22.075729,22.229179,22.058662,22.399300,22.348305,22.280251,22.161018,22.075729,22.195107,22.246208,22.109856,22.195107,22.178062,21.990349,22.092789,22.075729,22.229179,22.178062,22.109856,21.956161,22.058662,21.870644,22.024513,21.973259,21.956161,22.058662,22.007431,22.007431,22.143959,22.126915,22.007431,22.075729,22.058662,22.007431,22.007431,21.904861,21.973259,22.126915,22.041588,21.836411,21.904861,21.904861,22.007431,22.041588,22.058662,21.870644,21.733620,21.904861,21.904861,21.699318,21.785027,21.613518,21.699318,21.424393,21.579163,21.355507,21.441612,21.579163,21.647850,21.544792,21.630684,21.767891,21.544792,21.956161,21.682167,21.819290,21.990349,21.819290,21.904861,21.973259,21.836411,22.075729,21.921967,22.058662,22.024513,22.161018,21.990349,22.109856,22.126915,22.178062,22.178062,22.058662,22.126915,22.024513,21.939064,22.024513,21.887764,22.058662,21.921967,21.630684,21.665016,21.476021,21.407181,21.441612,21.561981,21.286568,21.269310,21.165756,21.131203,21.096642,21.252068,20.992851,20.923576,21.217552,20.940895,20.680634,20.767487,20.888908,20.750122,20.663254,20.698021,20.750122,20.593697,20.611084,20.628487,20.906242,20.819542,20.958221,21.165756,21.079346,21.234810,21.217552,21.217552,21.044754,21.148476,21.096642,21.113914,20.958221,20.923576,20.854233,20.871582,20.819542,20.750122,20.767487,20.819542,20.524055,20.419502,20.558884,20.349724,20.332268,20.314804,20.122513,20.209976,19.912178,20.034943,19.964821,19.982353,19.841957,19.894638,19.736496,19.718910,19.525154,19.683716,19.754082,19.507530,19.666115,19.578049,19.366287,19.083084,18.994377,18.887802,18.709869,18.281258,18.012245,17.886406,17.598068,17.036591,16.818245,16.635872,16.581078,15.976097,16.379883,16.178230,16.031273,16.012886,15.718163,15.939293,15.551949,15.662788,15.810371,15.699715,15.551949,15.644325,15.662788,15.718163,15.533455,15.644325,15.588913,15.736610,15.533455,15.828796,15.496475,15.459480,15.644325,15.736610,15.718163,15.625862,15.588913,15.440964,15.403938,15.459480,15.255684,15.533455,15.366905,15.514977,15.348373,15.625862,15.533455,15.348373,15.440964,15.311302,15.477974,15.533455,15.218575,15.366905,15.311302,15.459480,15.570435,15.348373,15.477974,15.459480,15.514977,15.440964,15.440964,15.403938,15.403938,15.366905,15.459480,15.607391,15.422462,15.385422,15.311302,15.551949,15.533455,15.348373,15.440964,15.237137,15.403938,15.366905,15.366905,15.292770,15.403938,15.385422,15.459480,15.329842,15.329842,15.440964,15.366905,15.422462,15.274223,15.348373,15.477974,15.440964,15.385422,15.533455,15.422462,15.496475,15.459480,15.200020,15.681252,15.311302,15.570435,15.366905,15.440964,15.588913,15.496475,15.440964,15.366905,15.514977,15.588913,15.477974,15.551949,15.422462,15.551949,15.422462,15.551949,15.385422,15.514977,15.588913,15.440964,15.329842,15.459480,15.533455,15.385422,15.588913,15.422462,15.459480,15.477974,15.551949,15.477974,15.422462,15.496475,15.736610,15.551949,15.625862,15.403938,15.551949,15.514977,15.514977,15.681252,15.644325,15.422462,15.662788,15.644325,15.828796,15.551949,15.570435,15.625862,15.718163,15.736610,15.644325,15.551949,15.681252,15.514977,15.662788,15.588913,15.311302,15.607391,15.755058,15.477974,15.662788,15.570435,15.496475,15.607391,15.699715,15.681252,15.847229,15.773499,15.847229,15.791931,15.994492,15.718163,15.976097,15.828796,15.865646,15.810371,15.810371,15.920883,15.976097,15.810371,15.994492,15.902481,15.884071,15.681252,15.847229,15.847229,15.810371,15.625862,15.718163,15.514977,15.810371,15.810371,15.718163,15.588913,15.681252,15.718163,15.699715,15.718163,15.902481,15.551949,15.994492,15.939293,15.920883,16.012886,15.699715,15.755058,15.644325,15.699715,15.828796,15.681252,15.736610,15.366905,15.496475,15.570435,15.810371,15.607391,15.755058,15.828796,15.607391,15.736610,15.865646,15.533455,15.828796,15.736610,15.718163,15.736610,15.884071,15.607391,15.939293,15.828796,15.994492,15.699715,15.902481,15.994492,15.957695,16.086403,15.699715,15.884071,15.847229,16.086403,15.570435,15.884071,15.976097,15.884071,15.865646,15.920883,16.068031,15.718163,15.847229,15.902481,15.847229,15.902481,15.920883,16.068031,15.773499,15.865646,16.068031,16.031273,15.939293,16.049652,16.159874,16.068031,16.049652,16.178230,15.976097,16.104774,16.214928,16.196571,16.306610,16.141510,16.379883,16.086403,16.104774,16.178230,15.902481,16.068031,16.379883,16.324928,16.288277,16.343254,16.251610,16.178230,16.159874,16.178230,16.379883,16.233269,16.416496,16.269951,16.526253,16.361572,16.324928,16.233269,15.976097,16.507973,16.416496,16.306610,16.489677,16.379883,16.544525,
15.976097,15.755058,15.791931,15.828796,15.625862,15.551949,15.644325,15.662788,15.755058,15.662788,15.681252,15.791931,15.939293,15.810371,15.865646,16.031273,16.049652,16.159874,16.489677,16.745338,17.127403,17.561958,18.012245,18.191681,18.816673,18.781090,19.012123,19.330948,19.630898,19.666115,19.912178,20.087494,20.384621,20.402061,20.349724,20.680634,20.436943,20.645866,20.645866,20.940895,20.698021,20.906242,20.871582,21.131203,20.958221,21.044754,21.321045,21.200287,21.113914,21.165756,21.252068,21.303802,21.493217,21.424393,21.389961,21.355507,21.441612,21.355507,21.372734,21.338272,21.338272,21.355507,21.183029,21.217552,21.096642,20.975533,21.062057,20.888908,21.027458,20.992851,21.079346,20.992851,21.062057,21.044754,21.079346,21.096642,21.113914,21.165756,21.096642,21.200287,21.269310,21.131203,21.079346,21.321045,21.200287,21.389961,21.493217,21.286568,21.407181,21.527603,21.579163,21.596336,21.303802,21.613518,21.372734,21.510414,21.321045,21.441612,21.269310,21.424393,21.476021,21.493217,21.561981,21.716469,22.007431,22.126915,21.887764,22.143959,22.297272,22.246208,22.433289,22.586006,22.518166,22.586006,22.653778,22.704575,22.687645,22.704575,22.772232,22.738411,22.772232,22.755325,22.856728,22.569054,22.789139,22.789139,22.535133,22.467247,22.399300,22.314293,22.178062,22.280251,22.161018,22.229179,22.058662,21.802162,21.819290,21.904861,21.750755,21.785027,21.956161,21.853539,21.973259,22.229179,22.007431,22.246208,22.007431,22.178062,22.041588,22.041588,22.007431,22.263237,22.314293,22.109856,22.058662,22.195107,22.178062,22.229179,22.058662,22.041588,21.836411,22.143959,22.058662,22.075729,22.092789,22.075729,21.939064,22.092789,22.007431,22.229179,21.973259,22.331291,22.297272,22.280251,22.058662,22.212143,22.178062,22.024513,22.161018,22.143959,22.024513,22.075729,22.178062,22.246208,22.195107,22.331291,22.280251,22.058662,22.331291,22.178062,22.382309,22.297272,22.229179,22.263237,22.126915,22.195107,22.178062,22.058662,22.178062,22.058662,22.024513,22.263237,22.246208,22.007431,22.161018,21.990349,21.939064,22.092789,22.007431,22.024513,22.092789,22.041588,21.990349,21.921967,22.143959,22.058662,21.990349,21.939064,21.990349,21.973259,21.973259,21.853539,22.041588,21.921967,22.109856,22.041588,21.767891,22.007431,21.802162,22.041588,21.647850,21.699318,21.682167,21.750755,21.647850,21.510414,21.561981,21.389961,21.544792,21.544792,21.286568,21.665016,21.630684,21.613518,21.750755,21.785027,21.819290,21.836411,21.870644,21.990349,21.853539,22.109856,22.041588,21.973259,22.126915,22.007431,22.126915,22.229179,22.075729,22.263237,22.041588,22.161018,22.041588,21.939064,21.921967,21.630684,22.092789,22.007431,21.904861,21.699318,21.630684,21.733620,21.544792,21.407181,21.544792,21.131203,21.269310,21.200287,21.148476,21.027458,21.183029,21.113914,20.958221,20.992851,20.680634,21.062057,20.906242,20.923576,20.611084,20.750122,20.558884,20.558884,20.784843,20.541473,20.784843,20.975533,20.750122,20.906242,20.992851,20.958221,20.975533,21.148476,21.217552,21.165756,21.079346,21.113914,20.975533,21.044754,20.906242,20.888908,20.836899,20.819542,20.732758,20.732758,20.489220,20.524055,20.454369,20.402061,20.436943,20.262413,20.227455,20.209976,20.105003,20.122513,20.034943,19.929733,19.894638,19.824394,19.754082,19.754082,19.736496,19.754082,19.630898,19.683716,19.348618,19.472237,19.489883,19.419281,19.401619,19.366287,18.834473,18.674240,18.495850,18.299164,18.227524,17.778404,17.344955,16.963875,17.054764,16.599342,16.471397,16.251610,15.902481,16.141510,15.865646,15.865646,15.791931,15.570435,15.496475,15.533455,15.681252,15.736610,15.403938,15.791931,15.791931,15.699715,15.736610,15.662788,15.847229,15.533455,15.570435,15.551949,15.699715,15.736610,15.570435,15.570435,15.718163,15.570435,15.514977,15.311302,15.274223,15.422462,15.440964,15.514977,15.440964,15.292770,15.459480,15.459480,15.311302,15.348373,15.403938,15.403938,15.366905,15.348373,15.366905,15.348373,15.311302,15.403938,15.107178,15.348373,15.496475,15.292770,15.403938,15.403938,15.477974,15.496475,15.422462,15.311302,15.348373,15.440964,15.329842,15.348373,15.292770,15.218575,15.274223,15.533455,15.329842,15.459480,15.385422,15.422462,15.311302,15.274223,15.348373,15.274223,15.070015,15.348373,15.422462,15.329842,15.200020,15.403938,15.385422,15.292770,15.366905,15.440964,15.366905,15.311302,15.440964,15.422462,15.292770,15.422462,15.366905,15.514977,15.385422,15.459480,15.440964,15.422462,15.311302,15.477974,15.329842,15.403938,15.403938,15.570435,15.348373,15.681252,15.440964,15.366905,15.496475,15.403938,15.570435,15.403938,15.514977,15.496475,15.440964,15.496475,15.422462,15.348373,15.422462,15.403938,15.366905,15.440964,15.274223,15.366905,15.181458,15.311302,15.514977,15.366905,15.440964,15.588913,15.514977,15.292770,15.644325,15.791931,15.477974,15.607391,15.533455,15.625862,15.440964,15.348373,15.625862,15.718163,15.477974,15.551949,15.773499,15.699715,15.681252,15.625862,15.459480,15.533455,15.514977,15.329842,15.607391,15.570435,15.607391,15.644325,15.662788,15.755058,15.625862,15.662788,15.736610,15.810371,16.086403,15.625862,15.884071,15.847229,15.884071,15.847229,15.957695,16.031273,15.755058,15.865646,15.847229,15.884071,15.681252,15.902481,15.810371,15.644325,15.865646,15.865646,15.607391,15.828796,15.791931,15.662788,15.551949,15.625862,15.551949,15.644325,15.477974,15.681252,15.607391,15.681252,15.939293,15.551949,15.791931,15.644325,15.847229,15.791931,15.644325,15.736610,15.865646,15.699715,15.773499,15.533455,15.551949,15.533455,15.477974,15.588913,15.440964,15.644325,15.607391,15.551949,15.718163,15.736610,15.681252,15.662788,15.644325,15.625862,15.810371,15.810371,15.994492,15.773499,15.791931,15.810371,15.828796,16.012886,15.884071,15.681252,15.607391,15.865646,15.920883,16.141510,15.939293,15.939293,15.865646,15.920883,15.957695,15.994492,15.791931,16.049652,15.828796,15.828796,15.755058,15.699715,15.736610,15.920883,15.902481,15.496475,15.920883,16.031273,15.939293,15.681252,15.939293,15.755058,15.957695,15.902481,15.994492,15.994492,15.773499,15.847229,16.251610,16.141510,15.976097,16.123146,15.681252,16.123146,16.141510,16.214928,15.810371,16.141510,16.068031,15.939293,15.976097,16.288277,16.269951,16.196571,15.828796,16.251610,15.957695,16.123146,16.306610,16.086403,16.159874,16.233269,16.123146,16.214928,16.251610,16.123146,16.379883,16.214928,16.453102,16.672379,
15.865646,15.514977,15.755058,15.865646,15.625862,15.736610,15.865646,15.810371,15.625862,15.662788,15.607391,15.755058,15.607391,15.644325,15.699715,16.086403,15.939293,16.251610,16.398201,16.818245,17.254379,17.399261,17.670250,18.334953,18.370735,18.870033,18.976631,19.383957,19.595665,19.648506,20.157509,20.105003,20.157509,20.297348,20.192490,20.750122,20.279877,20.611084,20.750122,20.645866,20.645866,20.871582,20.923576,21.010155,21.269310,21.148476,20.992851,21.234810,21.234810,21.217552,21.372734,21.389961,21.217552,21.372734,21.355507,21.407181,21.389961,21.458817,21.510414,21.355507,21.321045,21.183029,21.269310,20.854233,21.010155,20.958221,21.113914,21.269310,20.992851,21.079346,21.044754,21.096642,21.148476,20.975533,20.975533,21.044754,21.010155,21.131203,20.975533,21.079346,21.062057,21.303802,21.355507,21.286568,21.372734,21.561981,21.303802,21.441612,21.527603,21.544792,21.476021,21.630684,21.441612,21.579163,21.527603,21.321045,21.665016,21.613518,21.458817,21.269310,21.527603,21.407181,21.510414,21.579163,21.510414,21.921967,22.075729,22.143959,22.126915,22.058662,22.126915,22.365303,22.569054,22.636833,22.738411,22.738411,22.704575,22.789139,22.822945,22.670708,22.619896,22.653778,22.636833,22.873611,22.569054,22.636833,22.501198,22.433289,22.450264,22.365303,22.365303,22.246208,22.007431,22.024513,21.887764,21.870644,21.819290,21.870644,21.904861,21.853539,21.819290,21.836411,21.921967,21.973259,21.956161,22.109856,22.058662,22.075729,22.161018,22.126915,21.973259,22.075729,22.143959,22.143959,22.212143,22.109856,22.280251,22.246208,22.041588,21.990349,22.007431,21.939064,22.041588,22.195107,22.075729,21.956161,21.870644,22.229179,21.990349,22.331291,22.109856,22.161018,22.280251,22.161018,22.246208,22.126915,22.024513,22.229179,22.075729,22.075729,22.126915,22.058662,22.195107,22.331291,22.314293,22.126915,22.178062,22.229179,22.263237,22.399300,22.416298,22.195107,22.280251,22.450264,22.246208,22.126915,22.161018,22.075729,22.143959,21.990349,22.007431,22.178062,22.212143,22.229179,22.126915,22.143959,21.956161,22.195107,22.126915,22.092789,21.990349,22.058662,22.058662,22.161018,22.024513,21.802162,21.887764,21.853539,22.041588,21.939064,21.870644,22.161018,21.990349,22.143959,21.870644,21.802162,21.956161,21.785027,21.785027,21.716469,21.716469,21.407181,21.613518,21.682167,21.493217,21.493217,21.458817,21.321045,21.493217,21.579163,21.458817,21.665016,21.493217,21.493217,21.630684,21.665016,22.075729,21.887764,21.921967,21.973259,22.109856,21.939064,21.939064,22.024513,22.024513,22.007431,22.075729,22.092789,22.092789,22.212143,22.178062,22.126915,22.058662,21.921967,21.973259,21.853539,21.956161,21.750755,21.733620,21.699318,21.527603,21.630684,21.579163,21.424393,21.269310,21.389961,20.992851,21.079346,21.113914,21.200287,21.096642,21.044754,20.888908,20.750122,20.836899,20.819542,20.836899,20.854233,20.593697,20.680634,20.663254,20.802200,20.698021,20.611084,20.558884,20.732758,20.854233,21.062057,20.888908,20.975533,20.940895,21.062057,20.975533,21.113914,21.079346,21.044754,21.027458,21.096642,20.923576,20.836899,20.854233,20.715385,20.750122,20.593697,20.784843,20.506645,20.645866,20.297348,20.244934,20.209976,20.209976,20.349724,20.034943,20.052460,20.087494,19.912178,19.841957,19.877083,19.806816,19.683716,19.542793,19.648506,19.630898,19.701309,19.578049,19.718910,19.578049,19.366287,19.330948,19.118538,18.994377,18.905579,18.406502,18.388626,17.976311,17.688278,17.399261,17.072929,16.872887,16.489677,16.361572,15.902481,16.031273,15.681252,15.902481,15.773499,15.607391,15.607391,15.607391,15.533455,15.681252,15.662788,15.588913,15.755058,15.588913,15.773499,15.607391,15.718163,15.625862,15.828796,15.588913,15.681252,15.755058,15.755058,15.533455,15.847229,15.681252,15.773499,15.588913,15.422462,15.514977,15.514977,15.348373,15.477974,15.274223,15.533455,15.311302,15.533455,15.403938,15.329842,15.218575,15.385422,15.274223,15.385422,15.422462,15.348373,15.570435,15.311302,15.459480,15.366905,15.348373,15.385422,15.292770,15.570435,15.459480,15.514977,15.292770,15.292770,15.403938,15.385422,15.311302,15.255684,15.348373,15.366905,15.422462,15.366905,15.440964,15.459480,15.181458,15.107178,15.255684,15.348373,15.422462,15.274223,15.292770,15.274223,15.366905,15.311302,15.366905,15.292770,15.181458,15.255684,15.385422,15.200020,15.237137,15.051422,15.496475,15.366905,15.329842,15.311302,15.440964,15.329842,15.162895,15.366905,15.292770,15.440964,15.422462,15.533455,15.311302,15.348373,15.459480,15.440964,15.200020,15.588913,15.218575,15.385422,15.514977,15.588913,15.514977,15.644325,15.496475,15.403938,15.422462,15.274223,15.218575,15.440964,15.255684,15.311302,15.311302,15.459480,15.329842,15.403938,15.366905,15.385422,15.218575,15.292770,15.274223,15.348373,15.459480,15.218575,15.607391,15.514977,15.385422,15.459480,15.496475,15.662788,15.366905,15.644325,15.625862,15.791931,15.459480,15.570435,15.551949,15.551949,15.440964,15.514977,15.496475,15.533455,15.496475,15.422462,15.477974,15.440964,15.422462,15.570435,15.422462,15.422462,15.791931,15.477974,15.755058,15.607391,15.681252,15.681252,15.514977,15.957695,15.828796,16.068031,15.976097,15.810371,15.736610,15.699715,15.865646,16.104774,15.847229,15.681252,15.736610,15.718163,15.644325,15.588913,15.755058,15.422462,15.496475,15.810371,15.570435,15.440964,15.607391,15.533455,15.699715,15.810371,15.662788,15.588913,15.551949,15.681252,15.533455,15.699715,15.496475,15.570435,15.662788,15.847229,15.588913,15.588913,15.644325,15.773499,15.514977,15.496475,15.422462,15.440964,15.681252,15.440964,15.644325,15.440964,15.255684,15.366905,15.385422,15.625862,15.459480,15.588913,15.570435,15.514977,15.459480,15.625862,15.625862,15.588913,15.403938,15.847229,15.477974,15.496475,15.736610,15.607391,15.718163,15.755058,15.736610,15.699715,15.681252,15.718163,15.570435,15.533455,15.644325,15.773499,15.736610,15.644325,15.681252,15.625862,15.662788,15.644325,15.957695,15.773499,15.957695,15.644325,15.588913,15.810371,15.588913,15.847229,15.607391,15.810371,15.957695,15.865646,15.736610,15.920883,15.625862,15.976097,15.810371,15.810371,15.810371,15.791931,15.920883,15.976097,15.939293,15.920883,15.828796,15.994492,15.994492,15.902481,15.865646,16.141510,16.178230,15.939293,16.031273,16.031273,15.865646,16.086403,16.159874,16.012886,15.939293,16.104774,16.049652,15.920883,15.976097,16.196571,16.049652,16.306610,
15.847229,15.920883,15.644325,15.828796,15.828796,15.699715,15.570435,15.625862,15.570435,15.791931,15.588913,15.699715,15.644325,15.699715,15.681252,15.662788,16.068031,16.233269,16.251610,16.654121,16.909286,17.127403,17.688278,18.119965,18.388626,18.763298,18.976631,19.348618,19.207108,19.666115,19.964821,20.034943,20.227455,20.244934,20.524055,20.349724,20.489220,20.645866,20.906242,20.680634,20.992851,20.836899,20.906242,21.079346,20.958221,21.044754,21.113914,21.079346,21.252068,21.217552,21.044754,21.493217,21.441612,21.424393,21.424393,21.510414,21.252068,21.544792,21.424393,21.217552,21.165756,21.200287,21.389961,21.303802,21.113914,21.234810,21.183029,21.062057,21.148476,21.113914,21.165756,20.836899,20.992851,20.992851,21.183029,20.975533,21.044754,21.183029,21.303802,21.269310,21.234810,21.372734,21.355507,21.303802,21.441612,21.458817,21.407181,21.527603,21.321045,21.493217,21.596336,21.647850,21.647850,21.630684,21.527603,21.527603,21.630684,21.458817,21.424393,21.647850,21.561981,21.647850,21.596336,21.733620,21.836411,22.058662,22.007431,22.058662,22.195107,22.263237,22.212143,22.382309,22.636833,22.687645,22.822945,22.772232,22.636833,22.670708,22.755325,22.602951,22.772232,22.670708,22.772232,22.687645,22.687645,22.586006,22.670708,22.501198,22.297272,22.399300,22.109856,22.126915,21.956161,22.075729,21.990349,22.007431,21.836411,21.819290,21.767891,21.921967,21.921967,21.785027,21.939064,21.921967,21.973259,22.126915,22.212143,22.365303,22.229179,22.109856,22.109856,22.007431,22.058662,22.297272,22.041588,21.973259,22.178062,22.041588,21.904861,21.973259,21.990349,22.263237,22.109856,22.024513,22.007431,22.143959,21.939064,22.314293,22.126915,22.212143,22.161018,22.229179,22.263237,22.365303,22.041588,22.229179,22.212143,22.178062,22.246208,22.263237,22.195107,22.178062,22.212143,22.263237,22.433289,22.229179,22.126915,22.229179,22.109856,22.399300,22.297272,22.280251,22.331291,22.126915,22.161018,22.161018,22.280251,22.109856,22.161018,21.973259,22.143959,22.007431,22.212143,22.161018,22.161018,22.075729,22.041588,22.075729,22.109856,22.246208,22.126915,22.058662,22.041588,21.990349,21.973259,22.075729,22.126915,22.058662,22.007431,21.973259,21.836411,22.024513,21.990349,22.041588,21.921967,21.990349,22.041588,22.024513,21.785027,21.613518,21.682167,21.665016,21.647850,21.630684,21.510414,21.630684,21.286568,21.441612,21.269310,21.544792,21.338272,21.407181,21.544792,21.613518,21.596336,21.733620,21.733620,21.939064,21.836411,21.939064,22.075729,21.887764,21.973259,22.024513,22.024513,22.092789,21.990349,22.109856,22.058662,22.178062,22.058662,22.041588,21.973259,22.212143,21.836411,22.007431,21.956161,21.733620,21.733620,21.647850,21.699318,21.493217,21.596336,21.372734,21.321045,21.165756,21.062057,20.923576,21.165756,21.183029,21.079346,20.871582,20.992851,20.836899,20.819542,20.888908,20.628487,20.680634,20.645866,20.489220,20.558884,20.958221,20.663254,20.819542,20.680634,20.784843,20.767487,20.784843,21.062057,21.131203,21.062057,21.131203,21.044754,20.975533,20.923576,20.975533,21.131203,20.888908,21.010155,20.767487,20.854233,20.940895,20.819542,20.680634,20.663254,20.489220,20.471802,20.279877,20.174995,20.314804,20.419502,20.209976,19.789246,19.999893,19.999893,19.947273,19.859520,19.877083,19.859520,19.824394,19.824394,19.401619,19.630898,19.666115,19.542793,19.489883,19.613289,19.383957,19.383957,19.153984,18.958870,18.727684,18.531555,18.317062,17.922386,17.994278,17.308739,17.109245,16.872887,16.416496,16.361572,15.957695,15.976097,15.828796,15.920883,15.773499,15.477974,15.736610,15.551949,15.625862,15.736610,15.736610,15.551949,15.607391,15.625862,15.699715,15.736610,15.718163,15.496475,15.699715,15.551949,15.588913,15.625862,15.810371,15.607391,15.644325,15.607391,15.736610,15.496475,15.533455,15.477974,15.311302,15.514977,15.422462,15.385422,15.440964,15.514977,15.459480,15.385422,15.292770,15.403938,15.459480,15.366905,15.237137,15.329842,15.459480,15.459480,15.311302,15.514977,15.274223,15.348373,15.329842,15.366905,15.459480,15.403938,15.403938,15.255684,15.440964,15.237137,15.403938,15.237137,15.329842,15.385422,15.311302,15.366905,15.218575,15.218575,15.292770,15.440964,15.274223,15.200020,15.311302,15.107178,15.255684,15.255684,15.162895,15.274223,15.255684,15.218575,15.348373,15.403938,15.032837,15.218575,15.237137,15.237137,15.218575,15.200020,15.255684,15.070015,15.403938,15.385422,15.329842,15.348373,15.385422,15.274223,15.200020,15.292770,15.403938,15.385422,15.218575,15.329842,15.496475,15.274223,15.403938,15.385422,15.440964,15.440964,15.440964,15.385422,15.440964,15.459480,15.218575,15.329842,15.162895,15.329842,15.329842,15.329842,15.348373,15.237137,15.459480,15.200020,15.366905,15.385422,15.237137,15.329842,15.292770,15.366905,15.292770,15.496475,15.292770,15.311302,15.329842,15.366905,15.551949,15.274223,15.496475,15.274223,15.699715,15.496475,15.551949,15.385422,15.570435,15.681252,15.440964,15.032837,15.329842,15.237137,15.366905,15.311302,15.459480,15.366905,15.477974,15.329842,15.514977,15.477974,15.477974,15.607391,15.403938,15.607391,15.662788,15.625862,15.662788,15.607391,15.588913,15.736610,15.791931,15.625862,15.884071,15.884071,15.699715,15.736610,15.755058,15.755058,15.699715,15.699715,15.570435,15.329842,15.644325,15.681252,15.496475,15.607391,15.551949,15.311302,15.625862,15.662788,15.588913,15.477974,15.699715,15.662788,15.681252,15.570435,15.459480,15.884071,15.588913,15.625862,15.681252,15.699715,15.570435,15.329842,15.755058,15.403938,15.477974,15.533455,15.533455,15.459480,15.274223,15.385422,15.514977,15.607391,15.477974,15.366905,15.237137,15.496475,15.533455,15.514977,15.440964,15.625862,15.551949,15.644325,15.607391,15.403938,15.551949,15.718163,15.607391,15.607391,15.422462,15.551949,15.718163,15.773499,15.625862,15.755058,15.607391,15.662788,15.459480,15.699715,15.791931,15.847229,15.607391,15.644325,15.459480,15.551949,15.570435,15.718163,15.607391,15.681252,15.755058,15.810371,15.681252,15.607391,15.514977,15.403938,15.496475,15.588913,15.773499,15.570435,15.755058,15.440964,15.847229,15.644325,15.791931,15.588913,15.699715,15.681252,15.533455,15.736610,15.791931,16.214928,15.884071,15.755058,15.865646,15.939293,15.865646,15.662788,15.810371,15.939293,15.902481,15.957695,16.012886,15.920883,15.865646,15.994492,16.031273,15.810371,16.104774,15.755058,15.847229,16.012886,16.031273,15.902481,16.416496,
15.902481,15.847229,15.662788,15.311302,15.699715,15.681252,15.625862,15.588913,15.496475,15.588913,15.514977,15.385422,15.385422,15.810371,15.755058,15.828796,15.828796,15.994492,16.379883,16.434807,16.800026,17.254379,17.760384,18.066116,18.084076,18.674240,18.709869,19.171692,19.472237,19.859520,19.929733,20.087494,20.244934,20.367180,20.367180,20.524055,20.576286,20.680634,20.489220,20.923576,20.819542,20.802200,20.750122,20.975533,21.131203,21.131203,21.131203,21.286568,21.252068,21.355507,21.389961,21.424393,21.389961,21.561981,21.613518,21.458817,21.493217,21.389961,21.441612,21.165756,21.165756,21.269310,21.372734,21.355507,21.234810,21.269310,21.200287,21.303802,21.183029,21.372734,21.183029,21.062057,21.062057,20.958221,21.165756,21.252068,21.217552,21.079346,21.286568,21.165756,21.458817,21.269310,21.389961,21.458817,21.579163,21.665016,21.389961,21.527603,21.596336,21.613518,21.544792,21.785027,21.630684,21.750755,21.424393,21.544792,21.647850,21.682167,21.561981,21.407181,21.613518,21.579163,21.699318,21.870644,21.870644,22.092789,22.041588,22.007431,22.297272,22.552086,22.552086,22.433289,22.450264,22.535133,22.772232,22.755325,22.670708,22.687645,22.738411,22.755325,22.755325,22.586006,22.873611,22.789139,22.636833,22.569054,22.552086,22.569054,22.501198,22.263237,22.365303,22.195107,22.246208,22.126915,22.195107,21.904861,22.024513,21.750755,21.921967,21.956161,21.973259,21.939064,21.887764,22.246208,22.143959,22.229179,22.229179,22.041588,22.075729,22.263237,22.195107,22.126915,22.263237,22.331291,22.212143,22.263237,22.348305,22.126915,21.956161,22.041588,22.075729,22.331291,22.126915,22.280251,22.126915,22.161018,22.263237,22.195107,22.297272,22.314293,22.365303,22.382309,22.246208,22.501198,22.331291,22.331291,22.246208,22.212143,22.263237,22.331291,22.314293,22.280251,22.331291,22.365303,22.433289,22.348305,22.297272,22.382309,22.212143,22.246208,22.450264,22.433289,22.518166,22.586006,22.161018,22.195107,22.280251,22.007431,22.092789,22.007431,22.143959,22.161018,22.263237,22.212143,22.161018,22.348305,22.178062,22.143959,22.109856,22.331291,22.109856,22.109856,22.126915,22.041588,22.109856,22.109856,22.058662,21.819290,22.024513,21.973259,21.973259,21.990349,22.058662,22.058662,22.075729,22.007431,21.956161,21.716469,21.939064,21.647850,21.733620,21.716469,21.630684,21.716469,21.338272,21.476021,21.389961,21.338272,21.269310,21.407181,21.389961,21.286568,21.561981,21.561981,21.493217,21.785027,21.887764,21.836411,21.853539,21.973259,21.767891,22.109856,21.904861,21.990349,22.058662,22.229179,22.041588,22.178062,22.109856,22.092789,21.973259,22.075729,22.041588,21.802162,21.990349,21.904861,22.092789,21.887764,21.544792,21.716469,21.579163,21.579163,21.303802,21.303802,21.165756,21.217552,21.113914,21.027458,21.044754,21.062057,20.784843,20.975533,20.888908,20.611084,20.750122,20.471802,20.593697,20.698021,20.454369,20.611084,20.558884,20.541473,20.715385,20.715385,20.645866,20.750122,20.663254,20.888908,20.698021,20.888908,20.958221,21.183029,20.992851,21.096642,21.010155,21.096642,21.096642,20.992851,20.940895,20.819542,20.767487,20.836899,20.576286,20.663254,20.680634,20.645866,20.436943,20.506645,20.489220,20.227455,20.034943,20.157509,20.122513,20.017418,19.929733,19.877083,19.771667,19.806816,19.648506,19.701309,19.806816,19.472237,19.472237,19.525154,19.666115,19.613289,19.525154,19.330948,19.118538,19.260208,18.923340,18.816673,18.692055,18.084076,18.084076,17.634163,17.381157,17.036591,16.800026,16.379883,16.269951,16.123146,15.994492,15.699715,15.570435,15.662788,15.551949,15.755058,15.588913,15.570435,15.570435,15.607391,15.551949,15.681252,15.588913,15.736610,15.681252,15.625862,15.607391,15.551949,15.551949,15.681252,15.662788,15.718163,15.551949,15.662788,15.551949,15.459480,15.514977,15.496475,15.477974,15.514977,15.496475,15.255684,15.274223,15.237137,15.385422,15.422462,15.237137,15.385422,15.459480,15.477974,15.477974,15.533455,15.237137,15.459480,15.292770,15.329842,15.348373,15.366905,15.125755,15.311302,15.477974,15.329842,15.385422,15.329842,15.477974,15.311302,15.311302,15.329842,15.125755,15.218575,14.977043,15.088600,15.162895,15.292770,15.366905,15.403938,15.144333,15.237137,15.237137,15.274223,15.440964,15.329842,15.274223,15.311302,15.144333,15.125755,15.348373,15.348373,15.255684,15.292770,15.218575,15.200020,15.348373,15.255684,15.200020,15.311302,15.181458,15.237137,15.366905,14.977043,15.237137,15.237137,15.218575,15.348373,15.422462,15.200020,15.348373,15.237137,15.385422,15.274223,15.162895,15.200020,15.440964,15.440964,15.311302,15.385422,15.255684,15.329842,15.366905,15.348373,15.311302,15.311302,15.403938,15.200020,15.311302,15.514977,15.292770,15.329842,15.422462,15.088600,15.311302,15.255684,15.255684,15.348373,15.292770,15.274223,15.162895,15.200020,15.385422,15.422462,15.348373,15.237137,15.274223,15.329842,15.477974,15.440964,15.533455,15.644325,15.403938,15.329842,15.366905,15.422462,15.477974,15.385422,15.292770,15.162895,15.348373,15.237137,15.329842,15.125755,15.348373,15.440964,15.440964,15.440964,15.514977,15.644325,15.570435,15.440964,15.699715,15.773499,15.533455,15.718163,15.570435,15.718163,15.736610,15.810371,15.625862,15.810371,15.625862,15.662788,15.662788,15.681252,15.551949,15.570435,15.477974,15.607391,15.422462,15.311302,15.366905,15.440964,15.496475,15.699715,15.440964,15.496475,15.477974,15.551949,15.533455,15.662788,15.533455,15.644325,15.570435,15.440964,15.533455,15.588913,15.496475,15.551949,15.496475,15.810371,15.311302,15.477974,15.366905,15.255684,15.422462,15.181458,15.237137,15.366905,15.366905,15.496475,15.366905,15.496475,15.403938,15.366905,15.496475,15.403938,15.385422,15.440964,15.570435,15.588913,15.570435,15.533455,15.385422,15.662788,15.422462,15.292770,15.440964,15.533455,15.385422,15.514977,15.699715,15.570435,15.570435,15.662788,15.588913,15.644325,15.459480,15.459480,15.477974,15.440964,15.385422,15.514977,15.644325,15.570435,15.477974,15.496475,15.551949,15.533455,15.533455,15.422462,15.736610,15.607391,15.551949,15.496475,15.551949,15.588913,15.588913,15.718163,15.570435,15.644325,15.810371,15.755058,15.699715,15.681252,15.791931,15.791931,15.791931,15.607391,15.718163,15.810371,15.847229,15.718163,15.755058,15.902481,15.736610,15.957695,15.755058,15.791931,15.791931,16.068031,15.957695,15.644325,15.902481,15.865646,15.810371,15.884071,15.847229,15.957695,16.049652,16.288277,
15.755058,15.994492,15.791931,15.939293,15.791931,15.662788,15.625862,15.718163,15.496475,15.570435,15.496475,15.662788,15.533455,15.607391,15.551949,15.773499,15.920883,16.049652,16.434807,16.672379,16.872887,17.326851,17.742363,17.850410,18.263351,18.585091,18.994377,19.330948,19.419281,19.666115,19.824394,20.069977,20.052460,20.279877,20.262413,20.367180,20.558884,20.576286,20.750122,20.698021,20.992851,20.906242,20.906242,21.027458,20.819542,21.165756,21.165756,20.992851,21.234810,21.424393,21.630684,21.389961,21.389961,21.613518,21.441612,21.510414,21.372734,21.407181,21.389961,21.424393,21.303802,21.441612,21.131203,21.252068,21.441612,21.148476,21.252068,21.010155,21.165756,21.131203,20.940895,21.062057,21.113914,21.321045,21.183029,21.165756,21.252068,21.389961,21.269310,21.458817,21.321045,21.338272,21.200287,21.665016,21.510414,21.389961,21.665016,21.561981,21.476021,21.579163,21.596336,21.544792,21.682167,21.561981,21.544792,21.647850,21.561981,21.665016,21.527603,21.544792,21.579163,21.527603,21.819290,21.870644,21.682167,22.143959,22.007431,22.092789,22.109856,22.229179,22.450264,22.653778,22.484222,22.518166,22.501198,22.721489,22.501198,22.450264,22.653778,22.856728,22.602951,22.653778,22.670708,22.789139,22.670708,22.653778,22.484222,22.416298,22.399300,22.246208,22.195107,22.246208,22.246208,22.024513,22.143959,21.870644,21.887764,21.819290,21.699318,22.007431,21.853539,22.041588,21.887764,21.939064,21.990349,22.007431,22.075729,22.041588,22.024513,22.314293,22.092789,22.331291,22.263237,22.212143,22.041588,22.178062,22.195107,22.161018,22.024513,22.041588,22.212143,21.990349,22.109856,22.280251,22.229179,22.348305,22.246208,22.178062,22.229179,22.143959,22.178062,22.314293,22.348305,22.518166,22.348305,22.178062,22.229179,22.433289,22.501198,22.212143,22.229179,22.348305,22.501198,22.280251,22.399300,22.433289,22.297272,22.433289,22.365303,22.280251,22.365303,22.161018,22.518166,22.297272,22.161018,22.331291,22.297272,22.143959,22.007431,22.314293,22.075729,22.263237,22.229179,22.024513,22.229179,22.382309,22.126915,22.348305,22.161018,22.041588,22.297272,22.229179,22.143959,22.263237,22.041588,21.990349,21.956161,21.870644,21.956161,22.229179,21.973259,22.092789,21.921967,22.109856,22.212143,22.092789,22.024513,21.870644,21.699318,21.665016,21.647850,21.785027,21.682167,21.682167,21.561981,21.579163,21.493217,21.493217,21.441612,21.561981,21.389961,21.613518,21.424393,21.665016,21.767891,21.613518,21.665016,21.699318,21.939064,21.853539,21.733620,21.887764,22.024513,22.212143,22.178062,22.178062,21.887764,22.161018,22.024513,22.126915,21.904861,22.126915,22.075729,22.109856,21.870644,21.716469,22.007431,21.699318,21.767891,21.682167,21.544792,21.665016,21.321045,21.269310,21.252068,21.252068,21.113914,20.975533,20.975533,21.027458,20.923576,20.854233,20.906242,20.732758,20.593697,20.802200,20.715385,20.698021,20.698021,20.645866,20.593697,20.750122,20.750122,20.576286,20.663254,20.802200,20.958221,20.802200,20.940895,20.888908,21.062057,20.906242,21.062057,21.252068,20.888908,20.992851,21.044754,21.096642,20.992851,20.836899,20.923576,20.888908,20.680634,20.663254,20.819542,20.349724,20.367180,20.454369,20.349724,20.279877,20.052460,20.262413,20.052460,20.034943,19.929733,19.929733,19.771667,19.648506,19.542793,19.754082,19.630898,19.542793,19.595665,19.542793,19.613289,19.578049,19.507530,19.224815,19.366287,19.012123,18.923340,18.602928,18.406502,18.281258,17.868416,17.471611,17.326851,16.800026,16.635872,16.434807,16.141510,16.031273,15.736610,15.644325,15.736610,15.533455,15.551949,15.570435,15.385422,15.625862,15.329842,15.662788,15.514977,15.699715,15.551949,15.755058,15.662788,15.681252,15.662788,15.718163,15.551949,15.644325,15.755058,15.607391,15.699715,15.588913,15.607391,15.699715,15.477974,15.385422,15.366905,15.588913,15.440964,15.329842,15.403938,15.385422,15.440964,15.459480,15.366905,15.496475,15.422462,15.311302,15.237137,15.348373,15.385422,15.440964,15.181458,15.533455,15.200020,15.514977,15.274223,15.403938,15.440964,15.274223,15.181458,15.385422,15.459480,15.255684,15.218575,15.366905,15.200020,15.237137,15.088600,15.200020,15.274223,15.237137,15.181458,15.162895,14.995636,15.292770,15.162895,15.274223,15.255684,15.403938,15.311302,15.255684,15.200020,15.329842,15.237137,15.255684,15.311302,15.329842,15.274223,15.181458,15.162895,15.107178,15.162895,15.200020,15.311302,15.051422,15.032837,15.107178,15.162895,15.311302,15.218575,15.274223,15.107178,15.311302,15.144333,15.274223,15.144333,15.162895,15.292770,15.144333,15.348373,15.274223,15.311302,15.200020,15.366905,15.181458,15.237137,15.274223,15.274223,15.144333,15.070015,15.274223,15.181458,15.255684,15.292770,15.292770,15.237137,15.385422,15.237137,15.422462,15.237137,15.292770,15.385422,15.255684,15.292770,15.237137,15.218575,15.311302,15.403938,15.477974,15.496475,15.348373,15.311302,15.477974,15.348373,15.274223,15.422462,15.514977,15.496475,15.533455,15.440964,15.422462,15.237137,15.311302,15.348373,15.496475,15.255684,15.348373,15.625862,15.329842,15.125755,15.514977,15.292770,15.311302,15.440964,15.477974,15.588913,15.533455,15.644325,15.810371,15.718163,15.477974,15.736610,15.810371,15.644325,15.625862,15.662788,15.551949,15.681252,15.699715,15.588913,15.588913,15.422462,15.699715,15.385422,15.607391,15.366905,15.366905,15.292770,15.496475,15.366905,15.477974,15.477974,15.533455,15.477974,15.440964,15.588913,15.625862,15.551949,15.718163,15.662788,15.718163,15.348373,15.514977,15.514977,15.699715,15.533455,15.348373,15.348373,15.329842,15.422462,15.385422,15.366905,15.237137,15.385422,15.385422,15.292770,15.292770,15.181458,15.311302,15.348373,15.459480,15.255684,15.422462,15.274223,15.181458,15.329842,15.514977,15.255684,15.366905,15.366905,15.440964,15.422462,15.329842,15.311302,15.588913,15.366905,15.477974,15.385422,15.496475,15.385422,15.607391,15.459480,15.348373,15.366905,15.477974,15.496475,15.496475,15.533455,15.366905,15.329842,15.514977,15.496475,15.533455,15.311302,15.366905,15.366905,15.662788,15.477974,15.810371,15.644325,15.551949,15.422462,15.570435,15.496475,15.570435,15.570435,15.699715,15.625862,15.385422,15.533455,15.681252,15.718163,15.477974,15.644325,15.681252,15.718163,15.459480,15.718163,15.607391,15.477974,15.865646,15.662788,15.736610,15.791931,15.570435,15.828796,15.718163,15.828796,15.847229,15.736610,15.920883,15.865646,15.718163,15.828796,16.012886,
15.773499,15.681252,15.514977,15.791931,15.681252,15.791931,15.570435,15.570435,15.459480,15.329842,15.570435,15.514977,15.791931,15.662788,15.551949,15.662788,15.902481,15.939293,16.086403,16.379883,16.982056,17.163704,17.760384,18.012245,18.424385,18.656418,18.994377,19.295586,19.542793,19.754082,19.701309,19.999893,20.174995,20.384621,20.314804,20.402061,20.558884,20.750122,20.680634,20.836899,20.732758,20.888908,21.044754,20.836899,21.148476,21.234810,21.183029,21.027458,21.389961,21.269310,21.234810,21.665016,21.217552,21.510414,21.527603,21.493217,21.286568,21.630684,21.527603,21.389961,21.493217,21.303802,21.148476,21.200287,21.148476,21.303802,21.321045,21.200287,21.389961,21.200287,21.217552,21.183029,21.286568,21.338272,21.252068,21.200287,21.252068,21.321045,21.131203,21.389961,21.183029,21.424393,21.217552,21.458817,21.389961,21.544792,21.476021,21.441612,21.476021,21.458817,21.630684,21.613518,21.647850,21.579163,21.510414,21.733620,21.544792,21.476021,21.527603,21.699318,21.613518,21.716469,21.630684,21.647850,21.921967,21.802162,22.024513,21.990349,22.126915,22.195107,22.143959,22.195107,22.518166,22.314293,22.314293,22.331291,22.348305,22.450264,22.535133,22.569054,22.822945,22.484222,22.670708,22.687645,22.433289,22.382309,22.365303,22.314293,22.348305,22.280251,22.092789,22.075729,22.109856,22.058662,22.024513,21.921967,21.733620,21.750755,21.699318,21.870644,21.802162,21.853539,21.870644,21.956161,21.921967,22.126915,21.870644,21.973259,21.904861,22.109856,22.041588,22.212143,22.007431,22.058662,22.195107,22.143959,21.956161,22.212143,22.195107,22.092789,22.126915,22.297272,22.195107,22.126915,22.143959,22.280251,22.212143,22.229179,22.297272,22.178062,22.331291,22.263237,22.382309,22.433289,22.348305,22.263237,22.178062,22.382309,22.348305,22.229179,22.212143,22.314293,22.331291,22.263237,22.314293,22.399300,22.297272,22.348305,22.263237,22.280251,22.314293,22.518166,22.416298,22.416298,22.297272,22.382309,22.263237,22.161018,22.263237,22.263237,22.143959,22.263237,22.263237,22.229179,22.195107,22.246208,22.314293,22.314293,22.109856,22.161018,21.990349,22.263237,22.212143,22.126915,22.092789,22.178062,22.143959,21.956161,21.921967,22.109856,21.956161,21.990349,22.092789,22.109856,22.092789,21.921967,22.109856,21.973259,21.870644,21.853539,21.973259,21.836411,21.785027,21.716469,21.596336,21.613518,21.424393,21.458817,21.476021,21.647850,21.647850,21.527603,21.699318,21.596336,21.853539,21.990349,21.853539,21.853539,21.921967,21.853539,21.819290,22.007431,22.212143,21.921967,22.024513,22.109856,22.195107,21.956161,22.075729,22.075729,22.024513,22.195107,22.075729,22.229179,21.973259,22.126915,21.819290,21.939064,21.699318,21.819290,21.699318,21.630684,21.527603,21.544792,21.441612,21.303802,21.286568,21.183029,21.113914,21.027458,21.148476,21.027458,20.767487,21.010155,20.784843,20.802200,20.819542,20.732758,20.923576,20.680634,20.698021,20.558884,20.767487,20.836899,20.871582,20.715385,20.923576,20.888908,20.906242,20.784843,21.010155,20.958221,21.062057,21.079346,20.888908,21.079346,20.975533,20.871582,20.854233,21.010155,20.698021,20.750122,20.715385,20.836899,20.819542,20.593697,20.576286,20.454369,20.419502,20.244934,20.087494,20.140007,20.069977,20.087494,19.982353,19.929733,19.701309,19.824394,19.824394,19.648506,19.718910,19.736496,19.754082,19.472237,19.560417,19.489883,19.560417,19.401619,19.277893,19.260208,18.905579,18.745483,18.388626,18.191681,18.048164,17.688278,17.254379,17.072929,16.927490,16.562805,16.104774,16.049652,15.736610,15.847229,15.607391,15.533455,15.607391,15.477974,15.459480,15.533455,15.403938,15.422462,15.588913,15.736610,15.496475,15.773499,15.551949,15.718163,15.681252,15.736610,15.625862,15.514977,15.736610,15.773499,15.588913,15.607391,15.662788,15.607391,15.477974,15.662788,15.440964,15.496475,15.607391,15.570435,15.459480,15.459480,15.329842,15.459480,15.366905,15.348373,15.422462,15.422462,15.311302,15.366905,15.200020,15.459480,15.311302,15.422462,15.403938,15.496475,15.311302,15.329842,15.274223,15.366905,15.218575,15.385422,15.200020,15.255684,15.107178,15.459480,15.329842,15.014244,15.274223,15.144333,15.237137,15.292770,15.014244,15.200020,15.107178,15.088600,15.200020,15.162895,15.329842,15.237137,15.125755,15.162895,15.218575,15.292770,15.144333,15.403938,15.255684,15.181458,15.144333,15.200020,15.218575,15.181458,15.218575,15.200020,15.218575,15.144333,15.144333,15.274223,15.181458,15.200020,15.255684,15.274223,15.144333,15.125755,15.237137,15.125755,15.144333,15.107178,15.200020,15.107178,15.107178,14.995636,15.125755,15.366905,15.162895,15.329842,15.255684,15.218575,15.255684,15.181458,15.200020,15.218575,15.237137,15.162895,15.181458,15.440964,15.440964,15.329842,15.200020,15.107178,15.125755,15.070015,15.200020,15.200020,15.107178,15.200020,15.440964,15.237137,15.385422,15.477974,15.311302,15.366905,15.329842,15.366905,15.366905,15.200020,15.366905,15.255684,15.218575,15.311302,15.348373,15.200020,15.274223,15.200020,15.181458,15.125755,15.274223,15.125755,15.292770,15.329842,15.218575,15.237137,15.459480,15.311302,15.440964,15.755058,15.422462,15.644325,15.588913,15.570435,15.385422,15.681252,15.865646,15.773499,15.755058,15.588913,15.440964,15.588913,15.607391,15.403938,15.551949,15.403938,15.551949,15.292770,15.422462,15.551949,15.237137,15.255684,15.311302,15.514977,15.440964,15.440964,15.366905,15.366905,15.459480,15.588913,15.440964,15.625862,15.440964,15.477974,15.514977,15.496475,15.625862,15.625862,15.644325,15.607391,15.551949,15.348373,15.255684,15.274223,15.403938,15.218575,15.255684,15.311302,15.329842,15.200020,15.088600,15.311302,15.274223,15.237137,15.200020,15.348373,15.107178,15.200020,15.274223,15.218575,15.200020,15.403938,15.329842,15.237137,15.311302,15.440964,15.533455,15.181458,15.181458,15.088600,15.311302,15.255684,15.255684,15.644325,15.292770,15.440964,15.366905,15.496475,15.551949,15.329842,15.311302,15.329842,15.181458,15.292770,15.422462,15.551949,15.477974,15.477974,15.311302,15.292770,15.218575,15.514977,15.459480,15.551949,15.422462,15.459480,15.366905,15.551949,15.459480,15.477974,15.385422,15.681252,15.699715,15.514977,15.422462,15.699715,15.403938,15.477974,15.255684,15.255684,15.644325,15.551949,15.403938,15.662788,15.681252,15.644325,15.625862,15.718163,15.847229,15.791931,15.607391,15.736610,15.828796,15.755058,15.736610,15.699715,15.644325,15.828796,15.994492,16.178230,
16.141510,15.828796,15.718163,15.644325,15.644325,15.514977,15.662788,15.551949,15.570435,15.533455,15.533455,15.570435,15.533455,15.681252,15.570435,15.662788,15.976097,16.086403,16.343254,16.727104,17.054764,17.290627,17.652206,18.155830,18.317062,18.674240,18.923340,19.348618,19.525154,19.683716,19.806816,19.964821,20.105003,20.297348,20.506645,20.367180,20.524055,20.750122,20.680634,20.819542,20.784843,20.854233,20.767487,20.906242,21.148476,21.355507,21.183029,21.269310,21.303802,21.338272,21.544792,21.458817,21.544792,21.458817,21.458817,21.372734,21.682167,21.561981,21.441612,21.441612,21.579163,21.596336,21.217552,21.647850,21.355507,21.493217,21.338272,21.303802,21.424393,21.321045,21.355507,21.424393,21.183029,21.338272,21.407181,21.476021,21.303802,21.234810,21.407181,21.303802,21.389961,21.338272,21.441612,21.510414,21.234810,21.458817,21.613518,21.579163,21.424393,21.544792,21.458817,21.561981,21.441612,21.493217,21.458817,21.836411,21.596336,21.441612,21.510414,21.647850,21.561981,21.544792,21.682167,21.544792,21.767891,21.836411,22.126915,22.075729,22.212143,22.024513,22.263237,22.178062,22.450264,22.280251,22.535133,22.501198,22.484222,22.484222,22.416298,22.586006,22.586006,22.365303,22.501198,22.467247,22.399300,22.467247,22.297272,22.229179,22.024513,22.331291,22.092789,22.263237,21.956161,22.161018,21.819290,21.785027,21.596336,21.733620,21.802162,21.665016,21.785027,21.870644,21.836411,21.939064,21.699318,22.195107,22.126915,22.058662,22.041588,22.058662,21.921967,22.246208,22.143959,22.143959,22.092789,22.058662,22.109856,22.280251,21.939064,22.229179,22.092789,22.195107,22.126915,22.348305,22.246208,22.178062,22.212143,22.263237,22.501198,22.212143,22.263237,22.161018,22.263237,22.331291,22.143959,22.348305,22.229179,22.280251,22.212143,22.246208,22.092789,22.348305,22.365303,22.416298,22.178062,22.246208,22.246208,22.229179,22.450264,22.314293,22.212143,22.314293,22.178062,22.246208,22.331291,22.280251,22.331291,22.024513,22.109856,22.195107,22.041588,22.297272,22.161018,22.109856,22.161018,22.195107,22.041588,22.178062,22.126915,22.229179,22.126915,22.229179,22.109856,22.126915,22.229179,22.229179,21.973259,21.939064,21.921967,21.956161,21.939064,22.109856,22.041588,21.836411,22.143959,22.143959,21.956161,21.990349,21.802162,21.904861,21.870644,21.870644,21.887764,21.819290,21.665016,21.733620,21.561981,21.699318,21.510414,21.716469,21.579163,21.785027,21.699318,21.579163,21.716469,21.733620,21.853539,21.853539,21.819290,22.075729,21.767891,22.058662,22.024513,22.143959,22.007431,21.956161,21.939064,22.161018,22.161018,21.973259,22.126915,22.195107,22.092789,21.887764,22.058662,21.819290,21.716469,21.870644,21.579163,21.699318,21.716469,21.682167,21.476021,21.527603,21.510414,21.407181,21.200287,21.234810,21.165756,21.183029,20.992851,20.958221,20.871582,20.888908,20.906242,20.836899,20.784843,20.715385,20.541473,20.645866,20.611084,20.715385,20.611084,20.784843,20.732758,20.923576,20.576286,20.906242,20.802200,21.131203,20.992851,20.888908,21.079346,21.010155,20.975533,21.131203,21.027458,21.010155,21.062057,20.975533,20.888908,20.871582,20.611084,20.732758,20.558884,20.419502,20.436943,20.419502,20.349724,20.069977,20.332268,20.052460,19.964821,19.771667,19.947273,19.701309,19.912178,19.894638,19.666115,19.454590,19.507530,19.718910,19.507530,19.436943,19.489883,19.472237,19.419281,19.242508,19.083084,19.189407,19.029869,18.495850,18.352852,18.102013,17.832420,17.688278,17.127403,16.891090,16.581078,16.453102,15.976097,15.902481,15.828796,15.736610,15.662788,15.551949,15.477974,15.366905,15.329842,15.699715,15.588913,15.810371,15.625862,15.718163,15.699715,15.681252,15.736610,15.681252,15.607391,15.865646,15.625862,15.607391,15.699715,15.662788,15.607391,15.607391,15.662788,15.625862,15.496475,15.477974,15.496475,15.477974,15.348373,15.644325,15.385422,15.403938,15.662788,15.551949,15.403938,15.496475,15.366905,15.218575,15.274223,15.422462,15.311302,15.440964,15.477974,15.496475,15.311302,15.255684,15.292770,15.385422,15.403938,15.496475,15.274223,15.385422,15.366905,15.181458,15.311302,15.274223,15.162895,15.125755,15.200020,15.292770,15.107178,15.162895,15.088600,15.144333,15.181458,15.237137,15.107178,15.144333,15.162895,15.144333,15.051422,15.144333,15.218575,14.958420,15.032837,15.292770,15.181458,15.070015,15.144333,14.995636,15.162895,15.292770,15.051422,15.088600,15.292770,15.032837,15.032837,15.329842,15.107178,15.088600,15.070015,15.107178,15.403938,15.218575,15.329842,15.162895,15.051422,15.255684,15.125755,15.255684,15.162895,15.200020,15.200020,15.107178,15.237137,15.348373,15.144333,15.014244,15.051422,15.181458,15.348373,15.274223,15.329842,15.200020,15.218575,15.200020,15.255684,15.403938,15.292770,15.274223,15.292770,15.181458,15.311302,15.218575,15.311302,15.385422,15.088600,15.570435,15.366905,15.366905,15.274223,15.311302,15.237137,15.440964,15.422462,15.274223,15.181458,15.329842,15.496475,15.459480,15.440964,15.644325,15.292770,15.255684,15.088600,15.218575,15.181458,15.218575,15.181458,15.329842,15.107178,15.366905,15.107178,15.366905,15.385422,15.385422,15.533455,15.644325,15.551949,15.644325,15.736610,15.625862,15.828796,15.681252,15.681252,15.681252,15.422462,15.588913,15.755058,15.588913,15.496475,15.496475,15.366905,15.366905,15.366905,15.422462,15.218575,15.274223,15.311302,15.162895,15.403938,15.366905,15.533455,15.533455,15.348373,15.477974,15.403938,15.366905,15.311302,15.514977,15.607391,15.459480,15.348373,15.588913,15.422462,15.422462,15.459480,15.422462,15.181458,15.255684,15.218575,15.274223,15.088600,15.088600,15.348373,15.237137,15.274223,15.496475,15.348373,15.237137,15.255684,15.255684,15.348373,14.995636,15.274223,15.107178,15.348373,15.292770,15.311302,15.366905,15.366905,15.496475,15.366905,15.366905,15.237137,15.311302,15.459480,15.440964,15.311302,15.385422,15.440964,15.181458,15.237137,15.311302,15.440964,15.440964,15.496475,15.329842,15.496475,15.329842,15.255684,15.625862,15.292770,15.496475,15.237137,15.366905,15.107178,15.533455,15.440964,15.274223,15.440964,15.422462,15.422462,15.533455,15.237137,15.385422,15.496475,15.477974,15.403938,15.440964,15.625862,15.459480,15.329842,15.403938,15.385422,15.496475,15.459480,15.791931,15.477974,15.514977,15.625862,15.348373,15.607391,15.736610,15.422462,15.810371,15.662788,15.865646,15.607391,15.385422,15.570435,15.681252,15.514977,15.533455,15.681252,15.810371,
15.902481,15.828796,15.791931,15.755058,15.810371,15.588913,15.607391,15.440964,15.607391,15.828796,15.644325,15.385422,15.496475,15.644325,15.699715,15.920883,15.791931,16.012886,16.178230,16.434807,16.800026,17.163704,17.525826,18.119965,18.334953,18.763298,19.029869,19.100807,19.348618,19.701309,19.929733,20.087494,20.244934,20.419502,20.192490,20.157509,20.836899,20.767487,20.506645,20.888908,20.854233,21.062057,20.819542,21.044754,21.096642,21.148476,21.303802,21.321045,21.303802,21.165756,21.200287,21.510414,21.630684,21.510414,21.493217,21.441612,21.355507,21.458817,21.544792,21.389961,21.424393,21.527603,21.389961,21.613518,21.321045,21.493217,21.321045,21.407181,21.407181,21.372734,21.527603,21.579163,21.338272,21.372734,21.424393,21.389961,21.579163,21.596336,21.476021,21.476021,21.372734,21.389961,21.544792,21.458817,21.458817,21.647850,21.561981,21.510414,21.647850,21.389961,21.493217,21.716469,21.441612,21.579163,21.510414,21.476021,21.527603,21.630684,21.544792,21.682167,21.510414,21.476021,21.476021,21.510414,21.750755,21.767891,21.853539,22.178062,22.041588,22.263237,22.263237,22.041588,22.041588,22.348305,22.433289,22.399300,22.365303,22.450264,22.518166,22.416298,22.365303,22.416298,22.501198,22.399300,22.348305,22.195107,22.348305,22.092789,22.212143,21.956161,21.956161,21.939064,21.956161,21.990349,21.767891,21.785027,21.630684,21.785027,21.716469,21.904861,21.716469,21.802162,21.836411,21.836411,21.750755,21.939064,21.767891,22.024513,21.887764,21.990349,21.921967,22.092789,22.161018,21.921967,22.075729,22.058662,21.973259,22.263237,22.399300,22.092789,22.348305,22.143959,22.331291,22.297272,22.535133,22.263237,22.109856,22.280251,22.246208,22.263237,22.297272,22.399300,22.450264,22.195107,22.280251,22.263237,22.109856,22.178062,22.195107,22.126915,22.007431,22.126915,22.195107,22.297272,22.007431,22.212143,22.280251,22.280251,22.229179,22.143959,22.399300,22.263237,22.331291,22.314293,22.212143,22.143959,22.331291,22.297272,22.041588,22.212143,22.126915,22.229179,22.195107,22.348305,22.143959,22.143959,22.075729,22.297272,22.212143,22.280251,21.973259,22.041588,22.092789,22.161018,21.939064,22.058662,22.041588,22.041588,21.819290,22.058662,21.973259,22.178062,22.161018,22.143959,22.092789,22.058662,22.092789,21.956161,22.024513,21.887764,21.921967,21.647850,21.733620,21.785027,21.665016,21.716469,21.561981,21.716469,21.510414,21.665016,21.682167,21.561981,21.750755,21.887764,21.767891,21.904861,21.819290,21.853539,21.785027,22.007431,22.024513,22.024513,21.921967,22.126915,21.990349,22.007431,22.007431,21.836411,21.956161,21.990349,21.973259,22.075729,21.904861,21.870644,22.007431,21.836411,21.733620,21.699318,21.819290,21.561981,21.544792,21.682167,21.699318,21.493217,21.355507,21.338272,21.372734,21.303802,21.183029,21.131203,21.096642,20.923576,20.940895,20.906242,20.576286,20.836899,20.663254,20.611084,20.471802,20.784843,20.663254,20.698021,20.593697,20.524055,20.628487,20.715385,20.628487,20.836899,20.871582,20.906242,21.027458,21.044754,20.888908,21.079346,21.010155,20.975533,21.044754,20.836899,20.992851,20.992851,20.732758,20.558884,20.628487,20.680634,20.384621,20.524055,20.454369,20.314804,20.209976,20.332268,20.174995,20.122513,20.140007,20.157509,19.806816,19.894638,19.789246,20.034943,19.648506,19.542793,19.560417,19.436943,19.525154,19.436943,19.560417,19.595665,19.454590,19.330948,19.136261,19.136261,18.816673,18.709869,18.442253,18.245445,17.742363,17.742363,17.218117,16.727104,16.672379,16.196571,16.012886,15.847229,15.625862,15.755058,15.588913,15.570435,15.533455,15.477974,15.625862,15.570435,15.662788,15.551949,15.662788,15.625862,15.514977,15.736610,15.699715,15.588913,15.681252,15.773499,15.681252,15.773499,15.884071,15.681252,15.662788,15.681252,15.551949,15.570435,15.477974,15.570435,15.255684,15.718163,15.477974,15.422462,15.366905,15.459480,15.422462,15.533455,15.459480,15.255684,15.459480,15.311302,15.292770,15.311302,15.255684,15.292770,15.311302,15.440964,15.311302,15.292770,15.348373,15.459480,15.385422,15.385422,15.329842,15.366905,15.125755,14.977043,15.144333,15.366905,15.237137,15.088600,15.218575,15.292770,15.125755,15.162895,15.125755,15.200020,15.311302,15.181458,15.292770,15.218575,15.218575,15.107178,15.088600,15.200020,15.292770,15.181458,15.144333,15.200020,15.255684,15.292770,15.014244,15.162895,15.218575,15.144333,15.237137,15.014244,15.107178,15.274223,15.274223,15.162895,15.088600,15.032837,15.200020,15.311302,15.070015,15.088600,15.496475,15.348373,15.274223,15.032837,15.051422,15.070015,15.311302,15.162895,15.366905,15.218575,15.477974,14.995636,15.329842,15.144333,15.144333,15.162895,15.200020,15.144333,15.496475,15.274223,15.292770,15.348373,15.237137,15.107178,15.144333,15.329842,15.274223,15.125755,15.181458,15.422462,15.385422,15.181458,15.329842,15.348373,15.348373,15.348373,15.292770,15.459480,15.477974,15.570435,15.551949,15.366905,15.329842,15.366905,15.422462,15.385422,15.237137,15.255684,15.255684,15.292770,15.237137,15.218575,14.939812,15.051422,15.070015,15.144333,14.995636,15.218575,15.255684,15.181458,15.237137,15.385422,15.514977,15.459480,15.791931,15.699715,15.681252,15.607391,15.755058,15.699715,15.699715,15.477974,15.644325,15.514977,15.644325,15.625862,15.422462,15.218575,15.570435,15.459480,15.162895,15.218575,15.200020,15.329842,15.403938,15.088600,15.200020,15.366905,15.348373,15.292770,15.292770,15.385422,15.459480,15.496475,15.440964,15.311302,15.422462,15.385422,15.607391,15.440964,15.348373,15.237137,15.403938,15.255684,15.107178,15.237137,15.218575,15.162895,15.274223,15.255684,15.311302,15.107178,15.255684,15.255684,15.274223,15.274223,15.070015,15.292770,15.162895,15.070015,15.125755,15.181458,15.162895,15.162895,15.218575,15.311302,15.144333,15.070015,15.255684,15.162895,15.162895,15.051422,15.014244,15.329842,15.218575,15.348373,15.200020,15.274223,15.292770,15.218575,15.329842,15.162895,15.237137,15.329842,15.477974,15.237137,15.403938,15.551949,15.144333,15.255684,15.237137,15.292770,15.403938,15.459480,15.496475,15.144333,15.403938,15.329842,15.144333,15.329842,15.274223,15.218575,15.274223,15.477974,15.348373,15.366905,15.514977,15.181458,15.514977,15.533455,15.588913,15.348373,15.366905,15.533455,15.422462,15.200020,15.459480,15.403938,15.514977,15.514977,15.588913,15.625862,15.773499,15.588913,15.551949,15.607391,15.570435,15.699715,15.662788,15.607391,15.588913,15.736610,
16.104774,15.773499,15.681252,15.773499,15.607391,15.736610,15.662788,15.810371,15.625862,15.422462,15.329842,15.477974,15.625862,15.718163,15.514977,15.718163,15.736610,16.068031,15.994492,16.343254,16.708862,17.236252,17.796410,17.958336,18.209602,18.620766,18.905579,19.260208,19.366287,19.666115,20.034943,20.209976,20.069977,20.122513,20.367180,20.314804,20.680634,20.611084,20.680634,20.558884,20.750122,20.888908,20.940895,20.992851,21.183029,21.148476,21.252068,21.200287,21.131203,21.165756,21.252068,21.321045,21.733620,21.527603,21.699318,21.579163,21.493217,21.510414,21.527603,21.647850,21.682167,21.527603,21.493217,21.596336,21.458817,21.407181,21.665016,21.476021,21.321045,21.424393,21.441612,21.579163,21.527603,21.561981,21.441612,21.596336,21.561981,21.544792,21.613518,21.613518,21.510414,21.493217,21.493217,21.579163,21.355507,21.596336,21.441612,21.389961,21.441612,21.561981,21.441612,21.458817,21.389961,21.630684,21.750755,21.424393,21.389961,21.458817,21.682167,21.544792,21.579163,21.613518,21.493217,21.596336,21.527603,21.904861,21.682167,22.075729,22.092789,22.041588,21.921967,22.007431,22.297272,22.263237,22.263237,22.586006,22.280251,22.246208,22.399300,22.314293,22.467247,22.331291,22.246208,22.263237,22.195107,22.297272,22.246208,22.178062,21.990349,22.058662,22.075729,22.024513,21.819290,22.007431,21.904861,21.887764,21.785027,21.647850,21.699318,21.682167,21.767891,21.939064,21.819290,21.819290,21.853539,21.973259,21.665016,21.887764,21.904861,22.075729,21.973259,22.109856,22.075729,22.161018,22.024513,22.075729,22.041588,22.195107,22.195107,22.041588,22.229179,22.399300,22.348305,22.382309,22.280251,22.246208,22.229179,22.297272,22.246208,22.263237,22.365303,22.058662,22.365303,22.297272,22.348305,22.246208,22.229179,22.297272,22.109856,22.041588,21.990349,22.246208,22.178062,22.109856,21.973259,22.229179,22.229179,22.075729,22.178062,22.382309,22.348305,22.143959,22.297272,22.365303,22.297272,22.416298,22.229179,22.314293,22.263237,22.297272,22.041588,22.109856,22.109856,22.075729,22.263237,22.195107,22.075729,22.092789,22.126915,22.212143,22.058662,22.075729,22.212143,22.041588,22.109856,22.024513,22.007431,21.802162,21.836411,22.109856,21.973259,21.921967,22.075729,22.007431,22.092789,22.178062,22.109856,22.109856,21.904861,21.853539,21.699318,21.870644,21.682167,21.785027,21.802162,21.904861,21.630684,21.682167,21.613518,21.767891,21.785027,21.836411,21.527603,21.819290,21.836411,21.767891,21.904861,21.939064,21.836411,21.733620,22.024513,22.058662,21.939064,22.143959,22.041588,21.939064,22.041588,22.024513,21.836411,21.921967,21.990349,21.921967,22.058662,21.990349,21.904861,21.990349,21.921967,21.973259,21.819290,21.682167,21.493217,21.665016,21.750755,21.613518,21.476021,21.389961,21.321045,21.252068,21.044754,21.044754,21.010155,20.888908,21.062057,20.767487,20.819542,20.802200,20.436943,20.715385,20.645866,20.628487,20.436943,20.645866,20.436943,20.558884,20.663254,20.628487,20.698021,21.027458,20.750122,21.027458,20.871582,21.252068,21.269310,20.958221,21.010155,21.062057,21.062057,20.923576,20.836899,20.871582,20.871582,20.698021,20.680634,20.645866,20.541473,20.611084,20.558884,20.262413,20.454369,20.297348,20.192490,20.297348,20.034943,19.912178,19.859520,19.912178,19.789246,19.771667,19.736496,19.648506,19.436943,19.771667,19.560417,19.648506,19.401619,19.436943,19.348618,19.330948,19.100807,19.012123,18.781090,18.585091,18.334953,18.119965,17.940361,17.616119,17.254379,17.054764,16.654121,16.507973,15.976097,15.810371,15.681252,15.644325,15.459480,15.551949,15.496475,15.292770,15.477974,15.607391,15.403938,15.551949,15.570435,15.699715,15.718163,15.662788,15.570435,15.810371,15.607391,15.810371,15.644325,15.810371,15.791931,15.828796,15.570435,15.699715,15.440964,15.644325,15.551949,15.607391,15.440964,15.644325,15.662788,15.570435,15.440964,15.496475,15.403938,15.477974,15.348373,15.440964,15.607391,15.440964,15.422462,15.440964,15.385422,15.366905,15.366905,15.274223,15.422462,15.514977,15.681252,15.348373,15.162895,15.533455,15.292770,15.274223,15.422462,15.292770,15.125755,15.255684,15.255684,15.107178,15.200020,15.311302,15.144333,15.107178,15.107178,15.311302,15.125755,14.883965,15.200020,15.255684,15.311302,15.088600,15.329842,15.162895,15.181458,15.200020,15.051422,15.329842,15.088600,15.255684,15.088600,15.329842,15.070015,15.385422,14.921196,15.107178,15.144333,15.181458,15.237137,15.218575,15.032837,15.088600,14.958420,15.144333,15.255684,15.237137,15.218575,15.181458,15.200020,15.274223,15.107178,15.218575,15.422462,15.255684,15.274223,15.144333,15.255684,15.181458,15.292770,15.237137,15.032837,15.237137,15.144333,15.181458,15.162895,15.237137,15.237137,14.977043,15.218575,15.070015,15.255684,15.200020,15.348373,15.218575,15.200020,15.181458,15.385422,15.311302,15.051422,15.274223,15.477974,15.200020,15.551949,15.496475,15.348373,15.292770,15.329842,15.125755,15.292770,15.459480,15.422462,15.274223,15.218575,15.144333,15.200020,14.977043,14.939812,15.088600,15.218575,15.088600,15.032837,15.200020,15.181458,15.181458,15.144333,15.477974,15.255684,15.496475,15.514977,15.403938,15.662788,15.514977,15.718163,15.588913,15.477974,15.533455,15.699715,15.847229,15.496475,15.570435,15.440964,15.477974,15.255684,15.403938,15.459480,15.348373,15.255684,15.311302,15.237137,15.403938,15.311302,15.348373,15.107178,15.440964,15.625862,15.496475,15.385422,15.292770,15.477974,15.274223,15.311302,15.311302,15.385422,15.292770,15.292770,15.459480,15.200020,15.440964,15.181458,15.218575,15.218575,15.255684,15.292770,15.144333,15.477974,15.366905,15.385422,15.144333,15.032837,15.070015,15.403938,15.348373,15.218575,15.181458,15.144333,15.181458,15.107178,15.311302,15.107178,15.088600,15.107178,15.496475,15.292770,15.107178,15.051422,15.292770,15.144333,15.218575,15.311302,15.070015,15.274223,15.329842,15.403938,15.329842,15.459480,15.218575,15.200020,15.125755,15.274223,15.311302,15.144333,15.200020,15.181458,15.403938,15.366905,15.292770,15.570435,15.329842,15.274223,15.181458,15.477974,15.292770,15.200020,15.422462,15.366905,15.255684,15.181458,15.422462,15.477974,15.366905,15.348373,15.403938,15.311302,15.514977,15.496475,15.533455,15.403938,15.311302,15.496475,15.218575,15.403938,15.329842,15.551949,15.144333,15.366905,15.755058,15.662788,15.477974,15.477974,15.607391,15.514977,15.422462,15.625862,15.422462,15.348373,15.403938,15.551949,15.681252,
15.976097,15.699715,15.865646,15.791931,15.810371,15.533455,15.791931,15.662788,15.607391,15.570435,15.440964,15.533455,15.625862,15.662788,15.588913,15.718163,15.957695,15.884071,16.031273,16.471397,16.781799,17.417351,17.580009,17.994278,18.317062,18.798889,18.585091,19.401619,19.507530,19.929733,19.824394,20.244934,20.069977,20.384621,20.558884,20.244934,20.593697,20.819542,20.680634,20.680634,20.784843,20.836899,21.165756,20.923576,21.113914,21.200287,21.096642,21.234810,21.200287,21.234810,21.424393,21.389961,21.338272,21.493217,21.458817,21.665016,21.389961,21.389961,21.613518,21.527603,21.510414,21.596336,21.458817,21.596336,21.510414,21.579163,21.544792,21.665016,21.596336,21.527603,21.733620,21.699318,21.596336,21.596336,21.510414,21.836411,21.716469,21.527603,21.544792,21.647850,21.510414,21.647850,21.510414,21.510414,21.579163,21.699318,21.527603,21.389961,21.579163,21.424393,21.527603,21.493217,21.613518,21.510414,21.510414,21.665016,21.699318,21.441612,21.647850,21.372734,21.733620,21.355507,21.682167,21.527603,21.887764,21.767891,21.887764,21.921967,22.041588,22.178062,22.075729,22.143959,22.178062,22.092789,22.126915,22.195107,22.229179,22.229179,22.263237,22.263237,22.331291,22.280251,22.280251,22.433289,22.212143,22.280251,22.075729,22.007431,22.143959,22.007431,21.973259,21.870644,22.075729,21.819290,21.699318,21.665016,21.647850,21.596336,21.802162,21.596336,21.750755,21.699318,21.699318,21.630684,21.836411,21.682167,21.939064,21.716469,22.109856,21.733620,22.007431,22.024513,21.802162,22.075729,21.939064,22.314293,22.161018,22.092789,22.024513,22.161018,22.314293,22.297272,22.161018,22.178062,22.280251,22.348305,22.161018,22.263237,22.178062,22.178062,22.365303,22.161018,22.382309,22.501198,22.263237,22.161018,22.007431,22.229179,22.126915,22.161018,22.161018,22.178062,22.041588,22.143959,22.212143,22.348305,22.195107,22.263237,21.990349,22.365303,22.178062,22.331291,22.126915,22.092789,22.178062,22.263237,22.126915,22.126915,22.075729,22.041588,21.921967,22.212143,22.331291,22.126915,22.126915,22.092789,22.195107,22.263237,22.075729,22.246208,22.109856,22.195107,21.939064,22.041588,22.092789,22.143959,22.075729,21.939064,21.973259,22.161018,21.956161,22.075729,22.007431,22.058662,22.007431,22.143959,21.853539,22.109856,22.075729,22.092789,21.939064,21.870644,21.921967,22.024513,21.956161,21.990349,21.939064,21.939064,21.767891,21.870644,21.699318,21.750755,21.904861,21.956161,21.956161,22.007431,21.921967,21.990349,22.024513,22.007431,21.887764,22.212143,21.990349,22.075729,21.836411,22.161018,21.750755,21.819290,21.887764,21.956161,21.802162,22.041588,21.836411,21.870644,21.956161,22.024513,21.887764,21.887764,21.785027,21.973259,21.716469,21.853539,21.785027,21.647850,21.321045,21.493217,21.252068,21.424393,21.131203,21.252068,21.079346,21.113914,20.767487,20.888908,20.628487,20.750122,20.698021,20.367180,20.802200,20.576286,20.524055,20.593697,20.541473,20.576286,20.541473,20.663254,20.871582,20.854233,20.906242,20.871582,21.131203,20.958221,21.096642,20.992851,20.940895,21.096642,20.854233,20.958221,20.975533,20.871582,20.750122,20.750122,20.732758,20.593697,20.506645,20.489220,20.402061,20.419502,20.349724,20.279877,20.297348,20.157509,20.157509,20.087494,19.982353,19.912178,19.929733,19.789246,19.595665,19.824394,19.630898,19.754082,19.436943,19.489883,19.542793,19.401619,19.401619,19.277893,19.047615,18.976631,18.887802,18.495850,18.334953,18.299164,17.886406,17.670250,17.236252,16.963875,16.544525,16.361572,15.884071,15.902481,15.773499,15.662788,15.570435,15.607391,15.514977,15.459480,15.514977,15.514977,15.533455,15.533455,15.644325,15.755058,15.681252,15.736610,15.718163,15.736610,15.773499,15.994492,15.847229,15.755058,15.810371,15.699715,15.810371,15.644325,15.625862,15.662788,15.699715,15.810371,15.681252,15.459480,15.496475,15.514977,15.440964,15.588913,15.477974,15.681252,15.440964,15.403938,15.477974,15.662788,15.422462,15.533455,15.514977,15.625862,15.403938,15.440964,15.329842,15.514977,15.440964,15.514977,15.477974,15.237137,15.385422,15.292770,15.292770,15.329842,15.403938,15.459480,15.144333,15.255684,15.218575,15.459480,15.255684,15.292770,15.366905,15.200020,15.237137,15.292770,15.162895,15.181458,15.162895,15.107178,14.977043,14.995636,15.051422,15.125755,15.218575,15.144333,15.181458,15.218575,15.255684,15.218575,15.107178,15.162895,15.218575,15.237137,15.255684,15.125755,15.162895,15.237137,15.477974,15.237137,15.329842,15.032837,15.348373,15.329842,15.237137,15.274223,15.218575,15.274223,15.329842,15.181458,15.311302,15.181458,15.329842,15.218575,15.311302,15.218575,15.088600,15.348373,15.200020,15.237137,15.162895,15.348373,15.181458,15.181458,15.181458,15.144333,15.125755,15.181458,15.107178,15.125755,15.403938,15.237137,15.366905,15.403938,15.366905,15.348373,15.348373,15.459480,15.496475,15.218575,15.422462,15.274223,15.422462,15.348373,15.292770,15.440964,15.329842,15.496475,15.329842,15.570435,15.311302,15.292770,15.144333,15.144333,15.181458,15.125755,15.162895,15.014244,15.032837,15.181458,15.051422,15.162895,15.237137,15.181458,15.218575,15.218575,15.311302,15.459480,15.791931,15.699715,15.699715,15.625862,15.459480,15.791931,15.644325,15.533455,15.533455,15.496475,15.681252,15.570435,15.292770,15.200020,15.144333,15.292770,15.403938,15.200020,15.181458,15.403938,15.533455,15.274223,15.496475,15.403938,15.403938,15.459480,15.403938,15.644325,15.292770,15.385422,15.385422,15.551949,15.385422,15.200020,15.311302,15.477974,15.459480,15.348373,15.385422,15.292770,15.274223,15.274223,15.162895,15.014244,15.255684,15.311302,15.125755,15.237137,15.200020,15.181458,15.218575,15.237137,15.181458,14.995636,15.348373,15.200020,15.181458,15.144333,15.292770,15.348373,14.977043,15.107178,15.496475,15.200020,15.144333,15.125755,15.162895,15.329842,15.218575,15.162895,15.422462,15.144333,15.403938,15.200020,15.032837,15.237137,15.162895,15.348373,15.329842,15.292770,15.274223,15.292770,15.125755,15.237137,15.348373,15.144333,15.237137,15.459480,15.237137,15.459480,15.088600,15.329842,14.939812,15.366905,15.237137,15.311302,15.385422,15.329842,15.125755,15.477974,15.440964,15.403938,15.088600,15.514977,15.311302,15.181458,15.422462,15.181458,15.385422,15.329842,15.385422,15.144333,15.274223,15.533455,15.440964,15.440964,15.514977,15.440964,15.514977,15.570435,15.385422,15.662788,15.329842,15.459480,15.607391,15.551949,15.533455,15.477974,
16.068031,15.828796,15.662788,15.976097,15.920883,15.644325,15.625862,15.920883,15.533455,15.440964,15.570435,15.514977,15.681252,15.644325,15.570435,15.551949,15.755058,15.847229,15.920883,16.379883,16.617607,17.254379,17.525826,18.066116,18.334953,18.745483,19.047615,19.065346,19.383957,19.894638,19.806816,20.262413,20.209976,20.209976,20.332268,20.419502,20.506645,20.698021,20.436943,20.819542,20.784843,21.148476,20.923576,20.871582,20.836899,21.148476,21.027458,21.217552,21.458817,21.372734,21.389961,21.441612,21.458817,21.286568,21.579163,21.527603,21.372734,21.647850,21.630684,21.802162,21.510414,21.613518,21.527603,21.682167,21.716469,21.733620,21.389961,21.510414,21.510414,21.904861,21.596336,21.802162,21.647850,21.733620,21.904861,21.819290,21.785027,21.767891,21.647850,21.682167,21.596336,21.716469,21.424393,21.476021,21.613518,21.510414,21.303802,21.458817,21.579163,21.510414,21.613518,21.665016,21.613518,21.630684,21.579163,21.613518,21.596336,21.561981,21.458817,21.561981,21.561981,21.579163,21.785027,21.699318,21.630684,21.853539,21.613518,21.767891,22.024513,21.767891,22.075729,21.956161,22.126915,22.092789,22.007431,22.178062,22.024513,22.314293,22.126915,22.348305,22.433289,22.331291,22.280251,22.246208,22.092789,21.990349,22.280251,22.041588,22.058662,21.904861,22.007431,21.904861,21.785027,21.613518,21.647850,21.973259,21.699318,21.613518,21.836411,21.630684,21.853539,21.682167,21.630684,21.527603,21.665016,21.716469,21.802162,21.613518,21.767891,21.819290,21.733620,21.956161,21.836411,22.092789,22.058662,22.195107,22.178062,22.092789,22.246208,22.280251,22.297272,22.314293,22.348305,22.178062,22.280251,22.348305,22.212143,22.280251,22.382309,22.314293,22.229179,22.195107,22.263237,22.212143,22.007431,22.195107,22.297272,22.092789,22.263237,22.092789,22.229179,22.092789,22.092789,22.178062,22.007431,22.161018,22.024513,22.143959,22.143959,22.109856,22.058662,22.092789,22.178062,22.348305,22.092789,22.263237,22.246208,22.109856,22.263237,22.263237,22.263237,22.161018,22.058662,22.263237,22.092789,22.092789,22.161018,22.109856,22.058662,22.161018,22.058662,21.870644,22.161018,22.161018,21.956161,22.109856,21.870644,22.143959,21.956161,22.126915,22.007431,22.109856,22.058662,22.075729,21.973259,22.161018,22.143959,22.075729,22.024513,22.109856,21.939064,21.853539,21.870644,22.007431,22.092789,21.939064,21.939064,21.870644,21.750755,21.956161,21.973259,21.990349,22.178062,22.007431,21.956161,21.819290,21.956161,21.990349,22.058662,22.195107,21.887764,22.126915,22.075729,22.229179,21.939064,21.870644,21.973259,21.887764,21.939064,21.956161,21.853539,22.058662,21.887764,21.785027,21.819290,21.836411,21.819290,21.990349,21.870644,21.767891,21.665016,21.802162,21.630684,21.647850,21.561981,21.596336,21.321045,21.355507,21.217552,21.165756,20.906242,20.975533,20.767487,20.906242,20.750122,20.802200,20.645866,20.663254,20.262413,20.698021,20.541473,20.802200,20.680634,20.489220,20.802200,20.645866,20.784843,20.940895,20.871582,20.958221,21.010155,20.975533,21.079346,21.200287,21.010155,21.062057,20.940895,20.836899,20.645866,20.802200,20.698021,20.784843,20.854233,20.436943,20.436943,20.419502,20.384621,20.611084,20.209976,20.192490,19.982353,20.174995,19.929733,20.069977,19.982353,19.683716,19.754082,19.613289,19.666115,19.489883,19.472237,19.454590,19.507530,19.507530,19.525154,19.507530,19.472237,19.348618,19.118538,18.994377,18.887802,18.745483,18.352852,18.155830,17.922386,17.796410,17.399261,17.091087,16.599342,16.288277,16.141510,15.939293,15.625862,16.031273,15.533455,15.477974,15.459480,15.329842,15.551949,15.736610,15.699715,15.625862,15.403938,15.755058,15.939293,15.884071,15.662788,15.865646,15.644325,15.773499,15.681252,15.828796,15.847229,15.718163,15.681252,15.681252,15.681252,15.551949,15.773499,15.681252,15.459480,15.570435,15.533455,15.385422,15.348373,15.385422,15.644325,15.477974,15.514977,15.625862,15.625862,15.422462,15.514977,15.274223,15.385422,15.329842,15.292770,15.292770,15.311302,15.514977,15.422462,15.422462,15.329842,15.162895,15.403938,15.403938,15.125755,15.496475,15.329842,15.551949,15.237137,15.237137,15.107178,15.385422,15.107178,15.255684,15.292770,15.200020,15.032837,15.348373,15.051422,15.218575,15.274223,15.237137,15.200020,15.311302,15.181458,15.200020,15.200020,15.218575,15.218575,15.255684,15.014244,15.181458,15.014244,15.311302,15.107178,15.125755,15.237137,15.162895,15.274223,15.200020,15.181458,15.070015,15.051422,15.181458,15.218575,15.181458,15.329842,15.237137,15.181458,15.032837,15.144333,15.274223,15.144333,15.292770,15.292770,15.144333,15.181458,15.218575,15.274223,15.162895,15.329842,15.403938,15.385422,15.292770,15.218575,15.162895,15.348373,15.144333,15.496475,15.366905,15.403938,15.162895,15.348373,15.329842,15.125755,15.570435,15.274223,15.329842,15.366905,15.403938,15.218575,15.385422,15.570435,15.255684,15.348373,15.477974,15.385422,15.274223,15.218575,15.237137,15.311302,15.422462,15.422462,15.292770,15.237137,15.274223,15.477974,15.144333,14.995636,15.144333,15.162895,15.125755,15.051422,15.162895,14.939812,15.088600,14.995636,15.570435,15.551949,15.440964,15.625862,15.477974,15.755058,15.533455,15.366905,15.477974,15.699715,15.755058,15.514977,15.681252,15.588913,15.385422,15.311302,15.385422,15.422462,15.200020,15.348373,15.292770,15.125755,15.274223,15.144333,15.385422,15.366905,15.625862,15.533455,15.477974,15.311302,15.403938,15.514977,15.533455,15.514977,15.477974,15.533455,15.255684,15.311302,15.348373,15.385422,15.422462,15.237137,15.292770,15.200020,15.237137,15.255684,15.514977,15.088600,15.237137,15.181458,15.255684,15.292770,15.366905,14.958420,15.181458,15.274223,15.032837,15.070015,15.162895,15.255684,15.162895,15.422462,15.051422,15.181458,15.255684,15.088600,15.144333,15.125755,15.107178,15.237137,15.218575,15.255684,15.366905,15.329842,15.144333,15.051422,15.107178,15.440964,15.144333,15.051422,15.329842,15.070015,15.237137,15.181458,15.255684,15.218575,15.107178,15.274223,15.162895,15.218575,15.311302,15.181458,15.292770,15.218575,15.366905,15.237137,15.311302,15.329842,15.329842,15.237137,15.385422,15.237137,15.070015,15.514977,15.200020,15.385422,15.403938,15.292770,15.292770,15.570435,15.311302,15.274223,15.311302,15.385422,15.274223,15.255684,15.403938,15.274223,15.311302,15.311302,15.459480,15.514977,15.496475,15.496475,15.607391,15.459480,15.311302,15.181458,15.422462,15.477974,15.718163,
15.939293,15.865646,15.681252,15.828796,15.699715,15.736610,15.736610,15.736610,15.477974,15.681252,15.366905,15.662788,15.755058,15.755058,15.459480,15.662788,15.736610,15.791931,15.828796,16.416496,16.708862,17.145554,17.561958,17.958336,18.209602,18.585091,18.745483,19.295586,19.401619,19.824394,19.999893,20.227455,20.297348,20.419502,20.471802,20.680634,20.506645,20.593697,20.732758,20.732758,20.802200,21.131203,20.923576,21.096642,21.079346,20.958221,21.321045,21.252068,21.458817,21.476021,21.389961,21.286568,21.458817,21.544792,21.579163,21.476021,21.458817,21.476021,21.389961,21.802162,21.596336,21.630684,21.647850,21.476021,21.613518,21.699318,21.544792,21.699318,21.802162,21.785027,21.767891,21.733620,21.853539,21.819290,22.143959,21.802162,21.716469,21.699318,21.647850,21.579163,21.544792,21.699318,21.647850,21.750755,21.613518,21.579163,21.303802,21.441612,21.579163,21.561981,21.389961,21.561981,21.476021,21.527603,21.630684,21.476021,21.527603,21.647850,21.647850,21.699318,21.441612,21.527603,21.750755,21.682167,21.647850,21.767891,21.750755,21.716469,21.647850,21.887764,21.853539,22.024513,21.921967,22.092789,22.109856,22.075729,21.939064,22.195107,22.331291,22.229179,22.126915,22.178062,22.126915,22.246208,22.126915,22.195107,21.990349,21.921967,21.939064,21.904861,21.733620,21.733620,21.733620,21.647850,21.613518,21.716469,21.630684,21.476021,21.510414,21.389961,21.527603,21.819290,21.767891,21.596336,21.699318,21.630684,21.510414,21.853539,21.699318,21.716469,21.785027,21.802162,21.870644,21.785027,21.904861,22.092789,22.195107,22.143959,22.229179,22.280251,22.348305,22.314293,22.331291,22.178062,22.348305,22.314293,22.314293,22.314293,22.416298,22.178062,22.109856,22.331291,22.212143,22.229179,22.109856,22.161018,22.178062,22.246208,22.058662,22.024513,22.092789,22.126915,21.973259,22.058662,22.348305,22.058662,21.990349,21.990349,22.143959,21.990349,22.280251,22.161018,22.280251,22.195107,22.126915,22.161018,22.195107,22.126915,22.161018,22.399300,22.195107,22.126915,22.280251,22.092789,22.041588,22.161018,21.819290,22.058662,22.041588,22.126915,21.939064,21.939064,21.767891,22.109856,21.716469,22.126915,21.904861,21.921967,21.853539,21.939064,22.126915,22.092789,22.126915,22.007431,22.075729,22.109856,21.939064,21.887764,22.041588,22.058662,21.990349,22.126915,21.904861,21.939064,21.836411,21.990349,21.853539,21.887764,21.973259,21.990349,21.973259,21.956161,21.921967,21.939064,21.921967,22.007431,22.007431,22.058662,22.126915,22.092789,21.939064,21.939064,22.024513,22.058662,21.939064,21.956161,21.956161,21.870644,22.024513,21.887764,21.990349,21.887764,21.750755,21.665016,21.767891,21.836411,21.870644,21.750755,21.733620,21.802162,21.699318,21.716469,21.527603,21.699318,21.733620,21.561981,21.561981,21.441612,21.458817,21.269310,21.234810,21.165756,20.940895,20.767487,20.698021,20.524055,20.698021,20.628487,20.489220,20.419502,20.419502,20.593697,20.645866,20.819542,20.489220,20.888908,20.645866,20.854233,20.992851,20.854233,21.148476,20.992851,20.975533,20.888908,20.888908,20.923576,21.148476,21.010155,20.784843,20.854233,20.819542,20.576286,20.819542,20.802200,20.471802,20.297348,20.314804,20.506645,20.314804,20.087494,20.192490,19.947273,20.034943,20.034943,20.017418,19.736496,19.806816,19.824394,19.542793,19.877083,19.595665,19.560417,19.419281,19.507530,19.330948,19.383957,19.189407,19.118538,19.118538,19.153984,18.905579,18.798889,18.388626,18.119965,17.922386,17.850410,17.254379,16.872887,16.562805,16.471397,16.049652,16.031273,15.847229,15.625862,15.514977,15.588913,15.477974,15.625862,15.533455,15.422462,15.385422,15.533455,15.570435,15.607391,15.810371,15.718163,15.791931,15.755058,15.865646,15.736610,15.810371,15.607391,15.662788,15.884071,15.551949,15.588913,15.644325,15.662788,15.588913,15.422462,15.440964,15.644325,15.736610,15.718163,15.274223,15.570435,15.403938,15.496475,15.514977,15.459480,15.237137,15.329842,15.459480,15.440964,15.496475,15.496475,15.366905,15.477974,15.348373,15.292770,15.570435,15.144333,15.440964,15.162895,15.292770,15.514977,15.459480,15.218575,15.237137,15.385422,15.329842,15.218575,15.181458,15.385422,15.070015,15.181458,15.385422,15.422462,15.292770,15.162895,15.237137,15.348373,15.088600,15.144333,15.218575,15.088600,15.144333,15.125755,15.088600,15.162895,15.237137,15.125755,15.088600,15.218575,15.218575,15.162895,15.088600,14.939812,15.181458,15.237137,15.274223,15.125755,15.125755,15.032837,15.218575,15.014244,15.162895,15.200020,15.348373,15.274223,15.255684,15.237137,15.329842,15.255684,15.237137,15.218575,15.385422,15.200020,15.255684,15.274223,15.200020,15.274223,15.255684,15.292770,15.403938,15.200020,15.348373,15.311302,15.125755,15.348373,15.274223,15.348373,15.255684,15.366905,15.237137,15.237137,15.422462,15.533455,15.533455,15.440964,15.366905,15.348373,15.403938,15.459480,15.496475,15.403938,15.311302,15.459480,15.403938,15.459480,15.551949,15.422462,15.348373,15.348373,15.144333,15.329842,15.292770,15.292770,15.218575,15.181458,15.144333,14.995636,15.107178,15.051422,15.070015,15.200020,15.200020,15.144333,15.329842,15.459480,15.348373,15.588913,15.459480,15.607391,15.551949,15.477974,15.699715,15.662788,15.422462,15.736610,15.477974,15.366905,15.440964,15.551949,15.422462,15.292770,15.125755,15.218575,15.255684,15.311302,15.422462,15.144333,15.274223,15.200020,15.292770,15.348373,15.366905,15.274223,15.274223,15.533455,15.311302,15.422462,15.422462,15.366905,15.385422,15.607391,15.329842,15.440964,15.459480,15.181458,15.292770,15.237137,15.107178,15.070015,15.181458,15.274223,15.274223,15.292770,15.070015,15.200020,15.459480,15.348373,15.366905,15.237137,15.237137,15.144333,15.274223,15.292770,15.218575,15.014244,15.237137,15.162895,15.162895,15.162895,15.051422,15.255684,15.088600,15.125755,14.902580,15.218575,15.162895,15.181458,15.329842,15.385422,15.144333,15.162895,15.255684,15.329842,15.218575,15.181458,15.144333,14.995636,15.329842,15.422462,15.329842,15.403938,15.181458,15.162895,15.311302,15.218575,15.292770,15.366905,15.385422,15.274223,15.162895,15.125755,15.237137,15.348373,15.366905,15.311302,15.274223,15.181458,15.385422,15.125755,15.348373,15.366905,15.237137,15.366905,15.366905,15.348373,15.274223,15.348373,15.125755,15.440964,15.440964,15.329842,15.366905,15.477974,15.237137,15.588913,15.533455,15.496475,15.403938,15.496475,15.311302,15.366905,15.440964,15.292770,15.422462,15.681252,
16.178230,16.031273,15.699715,15.847229,15.699715,15.939293,15.570435,15.791931,15.533455,15.570435,15.514977,15.440964,15.625862,15.533455,15.366905,15.588913,15.607391,15.920883,16.123146,16.562805,16.781799,17.000237,17.561958,17.958336,18.245445,18.513702,18.870033,19.100807,19.578049,19.824394,19.841957,20.105003,20.332268,20.436943,20.663254,20.524055,20.593697,20.576286,20.611084,20.802200,20.871582,20.958221,21.044754,20.958221,21.062057,21.234810,21.458817,21.200287,21.217552,21.441612,21.389961,21.355507,21.424393,21.527603,21.527603,21.476021,21.699318,21.458817,21.647850,21.630684,21.733620,21.596336,21.767891,21.819290,21.750755,21.579163,21.630684,21.561981,21.802162,21.630684,21.733620,21.921967,21.939064,22.075729,21.956161,21.904861,21.870644,21.767891,21.750755,21.853539,21.836411,21.733620,21.716469,21.716469,21.407181,21.510414,21.527603,21.355507,21.372734,21.544792,21.527603,21.561981,21.355507,21.493217,21.527603,21.579163,21.338272,21.527603,21.716469,21.493217,21.682167,21.699318,21.682167,21.579163,21.596336,21.853539,21.802162,21.716469,21.785027,22.075729,21.939064,21.939064,21.973259,22.041588,22.297272,21.973259,22.058662,22.092789,22.178062,22.126915,22.178062,22.041588,22.143959,22.092789,22.161018,21.973259,21.802162,21.904861,21.665016,21.785027,21.904861,21.630684,21.682167,21.561981,21.802162,21.458817,21.665016,21.613518,21.424393,21.596336,21.716469,21.510414,21.510414,21.527603,21.767891,21.647850,21.544792,21.544792,21.699318,21.785027,21.630684,21.904861,21.750755,22.126915,21.939064,22.007431,22.058662,22.178062,22.041588,22.331291,22.297272,22.161018,22.331291,22.058662,22.586006,22.297272,22.314293,22.433289,22.331291,22.348305,22.178062,22.399300,22.280251,22.229179,22.229179,22.161018,22.314293,21.990349,22.212143,22.263237,21.939064,22.212143,22.041588,22.348305,22.143959,22.092789,22.092789,22.178062,22.058662,22.178062,22.143959,22.075729,22.178062,22.075729,22.212143,22.195107,22.161018,22.229179,22.161018,22.058662,22.195107,22.229179,22.178062,22.075729,21.973259,22.109856,21.802162,22.041588,21.904861,22.024513,22.024513,21.973259,22.058662,21.939064,22.007431,21.921967,21.887764,21.887764,22.058662,22.109856,21.990349,22.109856,22.195107,22.075729,22.058662,21.990349,21.939064,22.161018,22.007431,21.990349,21.973259,21.956161,22.109856,22.143959,22.092789,22.075729,21.956161,22.058662,21.939064,22.433289,22.126915,22.109856,21.990349,21.939064,22.109856,21.973259,22.058662,22.075729,22.143959,22.109856,22.092789,21.870644,22.007431,21.836411,22.075729,21.973259,21.904861,21.921967,21.990349,21.836411,21.836411,21.682167,21.785027,21.853539,21.904861,21.767891,21.921967,21.853539,21.819290,21.699318,21.785027,21.613518,21.802162,21.802162,21.750755,21.682167,21.407181,21.544792,21.321045,21.407181,21.286568,21.148476,20.940895,20.680634,20.784843,20.715385,20.471802,20.576286,20.611084,20.558884,20.645866,20.506645,20.593697,20.593697,20.663254,20.750122,20.836899,20.871582,20.836899,21.027458,20.975533,20.975533,21.079346,21.044754,20.871582,21.131203,20.854233,20.802200,20.923576,20.802200,20.854233,20.750122,20.471802,20.663254,20.628487,20.436943,20.506645,20.489220,20.367180,20.157509,20.174995,19.999893,19.894638,19.947273,19.999893,19.701309,19.718910,19.542793,19.578049,19.542793,19.507530,19.525154,19.507530,19.366287,19.313263,19.383957,19.260208,19.153984,19.065346,18.941109,18.781090,18.513702,18.299164,18.066116,17.778404,17.543900,17.181839,16.982056,16.635872,16.196571,16.086403,15.902481,15.718163,15.570435,15.625862,15.403938,15.477974,15.311302,15.551949,15.625862,15.588913,15.791931,15.681252,15.773499,15.625862,15.644325,15.681252,15.810371,15.865646,15.718163,15.607391,15.902481,15.791931,15.755058,15.588913,15.644325,15.755058,15.662788,15.533455,15.644325,15.607391,15.773499,15.440964,15.514977,15.459480,15.607391,15.533455,15.496475,15.422462,15.440964,15.496475,15.570435,15.607391,15.459480,15.422462,15.329842,15.607391,15.422462,15.403938,15.496475,15.440964,15.348373,15.366905,15.329842,15.422462,15.422462,15.366905,15.274223,15.200020,15.403938,15.125755,15.366905,15.403938,15.125755,15.144333,15.107178,15.162895,15.144333,15.162895,15.366905,15.255684,15.032837,15.255684,15.385422,15.329842,15.200020,15.088600,15.237137,15.144333,15.181458,15.125755,15.255684,15.162895,15.144333,15.032837,15.162895,15.181458,15.274223,15.422462,15.144333,15.200020,15.218575,15.237137,15.255684,15.162895,15.274223,15.274223,15.348373,15.237137,15.366905,15.200020,15.329842,15.181458,15.200020,15.366905,15.348373,15.329842,15.329842,15.255684,15.125755,15.496475,15.440964,15.255684,15.366905,15.274223,15.440964,15.255684,15.200020,15.311302,15.329842,15.459480,15.348373,15.255684,15.181458,15.514977,15.588913,15.274223,15.662788,15.311302,15.385422,15.348373,15.459480,15.551949,15.496475,15.514977,15.440964,15.366905,15.496475,15.311302,15.366905,15.218575,15.551949,15.514977,15.459480,15.348373,15.311302,14.921196,15.366905,15.237137,15.218575,15.107178,15.125755,15.181458,15.088600,15.088600,15.311302,15.181458,15.070015,15.162895,15.403938,15.385422,15.625862,15.459480,15.588913,15.533455,15.292770,15.459480,15.477974,15.570435,15.588913,15.755058,15.366905,15.570435,15.403938,15.348373,15.255684,15.329842,15.403938,15.311302,15.311302,15.274223,15.181458,15.181458,15.366905,15.440964,15.477974,15.366905,15.514977,15.607391,15.551949,15.422462,15.551949,15.348373,15.607391,15.237137,15.403938,15.496475,15.348373,15.385422,15.366905,15.422462,15.422462,15.292770,15.255684,15.144333,15.311302,15.311302,15.218575,15.329842,15.385422,15.274223,15.348373,15.385422,15.440964,15.311302,15.237137,15.181458,15.162895,15.014244,15.329842,15.311302,15.255684,15.292770,15.181458,15.051422,14.883965,15.125755,15.292770,15.107178,15.255684,15.255684,15.218575,15.218575,15.237137,15.070015,15.385422,15.218575,15.311302,15.274223,15.200020,15.181458,15.255684,15.088600,15.107178,15.162895,15.237137,15.329842,15.348373,15.644325,15.125755,15.274223,14.790794,15.200020,15.329842,15.237137,15.237137,15.348373,15.125755,15.237137,15.385422,15.366905,15.162895,15.237137,15.144333,15.292770,15.255684,15.162895,15.237137,15.181458,15.440964,15.329842,15.459480,15.237137,15.366905,15.292770,15.459480,15.200020,15.459480,15.329842,15.348373,15.292770,15.625862,15.514977,15.385422,15.200020,15.329842,15.181458,15.496475,15.514977,15.570435,
16.178230,15.791931,15.644325,15.865646,15.810371,15.773499,15.810371,15.755058,15.625862,15.514977,15.514977,15.422462,15.533455,15.459480,15.459480,15.662788,15.607391,16.178230,16.049652,16.251610,16.434807,16.963875,17.218117,17.958336,18.066116,18.513702,18.905579,19.189407,19.489883,19.666115,19.789246,20.244934,20.034943,20.384621,20.436943,20.506645,20.524055,20.750122,20.558884,20.836899,20.854233,20.940895,20.958221,21.062057,20.975533,21.165756,21.321045,21.321045,21.165756,21.458817,21.389961,21.389961,21.458817,21.596336,21.527603,21.630684,21.630684,21.785027,21.510414,21.647850,21.561981,21.750755,21.647850,21.921967,21.802162,21.613518,21.699318,21.904861,21.665016,21.836411,21.887764,21.956161,22.058662,21.921967,22.109856,21.921967,21.836411,21.904861,21.853539,21.887764,21.647850,21.699318,21.750755,21.733620,21.579163,21.389961,21.596336,21.407181,21.613518,21.527603,21.596336,21.579163,21.493217,21.458817,21.441612,21.510414,21.355507,21.303802,21.630684,21.493217,21.596336,21.544792,21.441612,21.458817,21.476021,21.527603,21.665016,21.904861,21.716469,21.716469,21.853539,21.870644,21.990349,22.092789,21.956161,21.939064,21.887764,22.007431,22.075729,22.143959,22.041588,21.939064,22.126915,22.075729,21.939064,21.887764,22.075729,21.887764,21.716469,21.785027,21.630684,21.836411,21.596336,21.510414,21.476021,21.630684,21.613518,21.389961,21.544792,21.716469,21.665016,21.527603,21.493217,21.544792,21.630684,21.561981,21.510414,21.682167,21.853539,21.561981,21.630684,21.767891,21.853539,21.802162,21.853539,22.109856,22.007431,22.075729,22.092789,22.109856,22.280251,22.314293,22.382309,22.280251,22.501198,22.263237,22.229179,22.263237,22.331291,22.382309,22.075729,22.399300,22.126915,22.229179,22.178062,21.990349,22.365303,22.229179,22.092789,21.973259,21.887764,22.143959,22.161018,22.126915,22.041588,22.126915,21.973259,22.075729,22.195107,21.990349,22.007431,22.212143,22.178062,22.161018,22.178062,22.058662,22.314293,22.109856,22.109856,22.195107,22.041588,21.990349,22.143959,22.075729,21.956161,21.939064,21.887764,21.973259,21.956161,22.109856,22.058662,22.109856,22.161018,22.075729,22.109856,21.887764,21.921967,21.990349,22.058662,22.041588,21.973259,21.939064,21.973259,22.143959,22.041588,21.921967,22.161018,22.007431,22.092789,22.041588,22.178062,22.092789,22.109856,22.092789,21.973259,22.075729,22.161018,22.263237,22.075729,22.126915,21.990349,22.075729,22.109856,22.143959,22.143959,22.229179,22.058662,22.229179,22.075729,22.109856,22.092789,21.802162,21.853539,22.041588,21.956161,21.921967,21.990349,21.767891,21.836411,21.853539,21.836411,21.767891,21.750755,21.887764,21.853539,21.870644,21.904861,21.750755,21.853539,21.853539,21.802162,21.939064,21.853539,21.836411,21.819290,21.733620,21.647850,21.665016,21.613518,21.303802,21.303802,21.079346,21.183029,20.992851,20.836899,20.819542,20.698021,20.802200,20.593697,20.715385,20.576286,20.750122,20.663254,20.715385,20.767487,20.958221,20.663254,20.732758,20.836899,21.096642,20.802200,20.888908,20.958221,21.131203,21.027458,20.958221,20.958221,20.958221,20.923576,20.819542,20.732758,20.593697,20.611084,20.611084,20.628487,20.506645,20.454369,20.349724,20.192490,20.314804,20.314804,19.999893,20.052460,19.877083,19.771667,20.017418,19.789246,19.683716,19.613289,19.560417,19.454590,19.542793,19.489883,19.436943,19.472237,19.419281,19.489883,19.348618,19.207108,19.012123,18.852249,18.602928,18.460121,18.173759,17.904396,17.724342,17.254379,16.872887,16.489677,16.434807,16.104774,15.902481,15.810371,15.681252,15.477974,15.403938,15.551949,15.477974,15.514977,15.625862,15.551949,15.865646,15.625862,15.755058,15.865646,15.755058,15.847229,15.810371,15.847229,15.902481,15.736610,15.736610,15.773499,15.828796,15.736610,15.718163,15.718163,15.791931,15.662788,15.699715,15.810371,15.736610,15.755058,15.385422,15.551949,15.607391,15.588913,15.644325,15.477974,15.459480,15.459480,15.496475,15.403938,15.496475,15.366905,15.514977,15.496475,15.496475,15.329842,15.403938,15.403938,15.440964,15.366905,15.274223,15.292770,15.292770,15.366905,15.422462,15.237137,15.200020,15.292770,15.292770,15.107178,15.162895,15.144333,15.070015,15.162895,15.200020,15.125755,15.237137,15.144333,15.162895,15.181458,15.144333,15.051422,15.181458,15.200020,15.125755,15.200020,15.088600,15.088600,15.181458,15.181458,15.218575,15.200020,15.181458,15.292770,15.255684,15.144333,14.977043,15.125755,15.107178,15.237137,15.311302,15.274223,15.237137,15.348373,15.218575,15.125755,15.348373,15.181458,15.181458,15.200020,15.292770,15.032837,15.181458,15.125755,15.329842,15.255684,15.329842,15.181458,15.292770,15.440964,15.162895,15.162895,15.348373,15.237137,15.237137,15.218575,15.255684,15.496475,15.366905,15.274223,15.255684,15.237137,15.348373,15.496475,15.496475,15.403938,15.514977,15.385422,15.551949,15.255684,15.385422,15.385422,15.329842,15.274223,15.348373,15.348373,15.422462,15.348373,15.200020,15.403938,15.514977,15.366905,15.459480,15.237137,15.329842,15.218575,15.125755,15.107178,15.125755,15.014244,15.181458,15.311302,15.255684,15.200020,15.107178,15.144333,15.403938,15.496475,15.662788,15.662788,15.514977,15.533455,15.459480,15.570435,15.496475,15.644325,15.514977,15.533455,15.496475,15.422462,15.403938,15.292770,15.237137,15.274223,15.237137,15.125755,15.237137,15.274223,14.995636,15.181458,15.200020,15.088600,15.366905,15.496475,15.440964,15.551949,15.403938,15.459480,15.533455,15.551949,15.570435,15.496475,15.237137,15.588913,15.422462,15.348373,15.403938,15.181458,15.311302,15.570435,15.014244,15.348373,15.311302,15.255684,15.385422,15.348373,15.144333,15.329842,15.125755,15.311302,15.514977,15.255684,15.162895,15.366905,15.088600,15.051422,15.107178,15.014244,15.200020,15.125755,15.144333,15.088600,15.348373,15.255684,15.366905,15.237137,15.292770,15.162895,15.292770,15.255684,15.274223,15.162895,15.237137,15.274223,15.237137,15.255684,15.218575,15.570435,15.366905,15.274223,15.107178,15.385422,15.181458,15.088600,15.255684,15.274223,15.348373,15.255684,15.237137,15.274223,15.274223,15.255684,15.051422,15.181458,15.107178,15.014244,15.255684,15.051422,15.329842,15.107178,15.107178,15.348373,15.366905,15.348373,15.329842,15.237137,15.274223,15.292770,15.403938,15.218575,15.551949,15.385422,15.422462,15.255684,15.200020,15.200020,15.570435,15.366905,15.422462,15.292770,15.366905,15.514977,15.237137,15.329842,15.311302,15.366905,15.662788,
15.902481,16.031273,15.810371,15.976097,15.865646,15.570435,15.644325,15.699715,15.551949,15.477974,15.329842,15.422462,15.403938,15.625862,15.459480,15.496475,15.662788,15.533455,15.994492,16.544525,16.599342,17.018410,17.453522,17.670250,18.066116,18.763298,18.941109,19.189407,19.507530,19.912178,19.824394,20.332268,20.174995,20.454369,20.384621,20.471802,20.506645,20.541473,20.715385,20.715385,20.854233,20.975533,21.044754,21.027458,21.286568,21.252068,21.355507,21.286568,21.303802,21.407181,21.321045,21.561981,21.424393,21.579163,21.647850,21.699318,21.716469,21.596336,21.579163,21.527603,21.596336,21.836411,21.682167,21.561981,21.699318,21.733620,21.716469,21.785027,21.904861,21.767891,21.990349,22.109856,22.024513,22.161018,22.212143,21.973259,21.990349,22.075729,22.041588,21.767891,21.716469,21.682167,21.596336,21.767891,21.647850,21.630684,21.579163,21.389961,21.424393,21.372734,21.665016,21.579163,21.579163,21.338272,21.407181,21.544792,21.544792,21.476021,21.372734,21.510414,21.407181,21.596336,21.544792,21.510414,21.510414,21.647850,21.561981,21.699318,21.699318,21.476021,21.870644,21.802162,21.870644,21.990349,21.904861,21.887764,21.819290,21.956161,21.853539,21.956161,22.007431,21.973259,22.024513,21.887764,22.058662,21.973259,21.887764,21.836411,21.561981,21.647850,21.527603,21.699318,21.647850,21.665016,21.527603,21.716469,21.441612,21.682167,21.493217,21.699318,21.630684,21.527603,21.630684,21.389961,21.665016,21.630684,21.579163,21.476021,21.682167,21.596336,21.785027,21.630684,21.904861,21.819290,21.819290,22.024513,22.314293,21.973259,22.126915,22.246208,22.178062,22.348305,22.126915,22.246208,22.263237,22.314293,22.382309,22.331291,22.399300,22.297272,22.126915,22.212143,22.161018,22.348305,22.229179,22.263237,22.143959,22.178062,22.161018,22.195107,22.092789,22.041588,22.007431,22.263237,22.058662,21.973259,22.143959,21.939064,21.802162,21.973259,22.195107,22.041588,22.178062,22.161018,22.263237,22.229179,21.973259,22.212143,22.109856,22.109856,21.973259,22.058662,22.161018,22.161018,21.904861,22.161018,22.075729,21.887764,22.143959,21.921967,21.870644,21.956161,21.921967,21.904861,21.887764,22.007431,21.939064,21.973259,21.990349,21.904861,22.092789,22.075729,21.956161,22.075729,22.024513,22.109856,22.041588,21.887764,21.939064,21.973259,21.973259,21.973259,22.075729,22.109856,22.058662,22.058662,22.143959,22.109856,22.161018,22.041588,22.109856,22.246208,22.092789,22.075729,22.161018,22.126915,22.195107,22.246208,22.126915,22.229179,22.178062,21.956161,21.956161,22.024513,21.973259,21.870644,21.836411,21.990349,21.682167,21.785027,21.716469,21.802162,21.870644,21.870644,21.682167,21.819290,21.819290,21.904861,21.887764,21.819290,21.682167,21.665016,21.750755,21.819290,21.921967,21.853539,21.665016,21.682167,21.527603,21.355507,21.200287,21.113914,21.027458,20.940895,20.906242,20.767487,20.506645,20.750122,20.576286,20.628487,20.628487,20.628487,20.593697,20.558884,20.611084,20.750122,20.906242,20.940895,20.854233,20.819542,20.958221,21.062057,21.062057,21.234810,20.750122,20.958221,21.062057,20.750122,20.940895,20.802200,20.698021,20.558884,20.611084,20.541473,20.698021,20.332268,20.384621,20.349724,20.244934,20.262413,20.244934,20.034943,19.999893,19.894638,19.754082,19.877083,19.613289,19.542793,19.683716,19.560417,19.525154,19.525154,19.489883,19.542793,19.454590,19.507530,19.330948,19.189407,18.994377,19.065346,18.798889,18.602928,18.406502,18.137894,17.940361,17.670250,17.236252,16.763573,16.471397,16.178230,15.847229,15.644325,15.607391,15.847229,15.459480,15.477974,15.348373,15.533455,15.625862,15.551949,15.496475,15.681252,15.533455,15.755058,15.957695,15.828796,15.644325,15.828796,15.570435,15.607391,15.607391,15.662788,15.662788,15.681252,15.810371,15.625862,15.773499,15.514977,15.736610,15.607391,15.736610,15.570435,15.681252,15.551949,15.440964,15.570435,15.422462,15.718163,15.477974,15.385422,15.329842,15.329842,15.422462,15.570435,15.329842,15.570435,15.366905,15.403938,15.329842,15.459480,15.422462,15.422462,15.329842,15.477974,15.255684,15.181458,15.477974,15.311302,15.329842,15.385422,15.125755,15.162895,15.311302,15.125755,15.181458,15.422462,15.218575,15.366905,15.292770,15.366905,15.144333,15.311302,15.144333,15.329842,15.237137,15.162895,15.255684,15.237137,15.070015,15.237137,14.977043,15.200020,15.107178,15.385422,15.200020,15.162895,15.032837,15.292770,15.125755,15.218575,15.125755,15.088600,15.237137,15.311302,15.014244,15.255684,15.311302,15.200020,15.181458,15.237137,15.181458,15.348373,15.292770,15.125755,15.311302,15.255684,15.237137,15.218575,15.403938,15.237137,15.366905,15.514977,15.181458,15.329842,15.385422,15.311302,15.329842,15.403938,15.218575,15.181458,15.329842,15.366905,15.311302,15.385422,15.292770,15.311302,15.440964,15.440964,15.403938,15.311302,15.218575,15.570435,15.348373,15.477974,15.625862,15.107178,15.348373,15.459480,15.440964,15.514977,15.366905,15.477974,15.477974,15.477974,15.422462,15.607391,15.218575,15.329842,15.477974,15.237137,15.107178,15.088600,15.125755,15.311302,14.790794,15.032837,15.162895,15.107178,14.921196,15.218575,15.274223,15.200020,15.607391,15.496475,15.403938,15.440964,15.514977,15.570435,15.718163,15.607391,15.681252,15.311302,15.366905,15.218575,15.348373,15.366905,15.200020,15.181458,15.237137,15.237137,14.977043,15.107178,15.107178,15.107178,15.051422,15.533455,15.237137,15.459480,15.533455,15.699715,15.551949,15.533455,15.292770,15.533455,15.477974,15.311302,15.385422,15.311302,15.422462,15.459480,15.162895,15.070015,15.162895,15.366905,15.237137,15.200020,15.477974,15.237137,15.348373,15.218575,15.311302,15.329842,15.292770,15.292770,15.125755,15.200020,15.162895,14.995636,15.162895,15.181458,15.162895,15.329842,15.274223,15.200020,15.144333,15.107178,15.051422,15.385422,15.088600,15.070015,15.348373,15.162895,15.385422,15.218575,15.032837,15.366905,15.329842,15.255684,15.366905,14.995636,15.311302,15.032837,15.292770,15.237137,15.051422,15.088600,15.274223,15.218575,15.329842,15.514977,15.107178,15.274223,15.088600,15.329842,15.385422,15.329842,15.237137,15.181458,15.477974,15.477974,15.366905,15.385422,15.162895,15.366905,15.348373,15.255684,15.366905,15.422462,15.144333,15.440964,15.237137,15.440964,15.403938,15.403938,15.459480,15.292770,15.329842,15.274223,15.533455,15.459480,15.329842,15.496475,15.237137,15.533455,15.662788,15.644325,15.292770,15.385422,15.736610,15.920883,
16.086403,15.791931,15.810371,15.810371,15.810371,15.570435,15.939293,15.662788,15.718163,15.403938,15.422462,15.588913,15.403938,15.514977,15.718163,15.514977,15.773499,15.810371,15.994492,16.269951,16.489677,16.654121,17.507759,18.030205,18.299164,18.513702,18.834473,19.224815,19.454590,19.789246,19.806816,20.069977,20.244934,20.332268,20.419502,20.419502,20.628487,20.784843,20.628487,20.767487,20.992851,20.871582,21.044754,21.044754,21.217552,21.338272,21.338272,21.286568,21.372734,21.234810,21.544792,21.682167,21.458817,21.665016,21.493217,22.007431,21.682167,21.630684,21.699318,21.767891,21.767891,21.870644,21.716469,21.665016,21.767891,21.836411,21.853539,21.785027,21.836411,21.921967,21.939064,21.973259,22.161018,22.024513,22.126915,21.956161,22.075729,22.058662,22.126915,21.921967,21.904861,21.716469,21.785027,21.733620,21.665016,21.647850,21.544792,21.561981,21.544792,21.665016,21.527603,21.596336,21.561981,21.493217,21.544792,21.424393,21.458817,21.579163,21.544792,21.527603,21.579163,21.596336,21.561981,21.665016,21.544792,21.699318,21.647850,21.665016,21.682167,21.819290,21.613518,21.750755,21.836411,21.904861,21.973259,21.939064,21.887764,22.041588,21.956161,22.058662,21.939064,22.007431,22.058662,21.956161,21.870644,21.785027,21.699318,21.785027,21.802162,21.630684,21.544792,21.767891,21.802162,21.699318,21.596336,21.527603,21.647850,21.579163,21.561981,21.699318,21.647850,21.682167,21.510414,21.647850,21.785027,21.613518,21.544792,21.441612,21.853539,21.750755,21.647850,21.767891,21.870644,21.802162,21.956161,21.956161,22.058662,22.007431,22.212143,22.263237,22.297272,22.365303,22.314293,22.331291,22.263237,22.314293,22.365303,22.161018,22.297272,22.178062,22.143959,22.297272,22.348305,22.263237,22.075729,22.382309,22.178062,22.109856,21.973259,22.092789,21.956161,22.024513,22.178062,21.973259,22.007431,21.819290,22.075729,22.007431,21.990349,21.819290,22.246208,22.007431,22.092789,22.365303,22.246208,22.007431,22.143959,22.143959,21.956161,22.041588,21.973259,22.058662,22.161018,21.870644,21.802162,21.973259,21.973259,22.024513,22.007431,21.973259,22.024513,22.041588,22.007431,22.024513,21.887764,21.733620,21.904861,22.007431,21.973259,21.939064,21.870644,21.939064,22.024513,21.870644,22.092789,21.939064,22.109856,22.024513,22.195107,21.973259,21.956161,22.229179,21.921967,22.126915,21.973259,22.092789,22.075729,22.178062,22.092789,22.041588,22.058662,22.075729,22.109856,22.161018,22.143959,22.143959,22.007431,22.280251,22.007431,22.314293,22.041588,21.802162,21.990349,22.092789,21.870644,21.990349,21.921967,21.904861,21.819290,21.836411,21.682167,21.665016,21.630684,21.699318,21.647850,21.647850,21.802162,21.904861,21.733620,22.007431,21.802162,21.785027,21.767891,21.802162,21.733620,21.887764,21.561981,21.527603,21.338272,21.407181,21.096642,21.372734,21.096642,20.958221,20.698021,20.663254,20.767487,20.384621,20.297348,20.436943,20.489220,20.593697,20.471802,20.489220,20.628487,20.888908,20.715385,20.888908,20.836899,20.992851,20.888908,20.871582,20.923576,21.096642,20.958221,21.113914,21.027458,20.871582,20.680634,20.836899,20.784843,20.784843,20.732758,20.680634,20.524055,20.680634,20.576286,20.314804,20.314804,20.122513,20.209976,20.087494,19.982353,19.754082,19.947273,19.789246,19.789246,19.771667,19.383957,19.454590,19.401619,19.578049,19.366287,19.630898,19.436943,19.313263,19.419281,19.083084,19.207108,19.029869,18.798889,18.638596,18.406502,18.155830,17.904396,17.598068,17.363060,16.891090,16.617607,16.306610,15.994492,15.810371,15.607391,15.477974,15.588913,15.477974,15.200020,15.348373,15.496475,15.422462,15.607391,15.477974,15.662788,15.718163,15.755058,15.533455,15.681252,15.755058,15.791931,15.699715,15.736610,15.773499,15.736610,15.570435,15.791931,15.514977,15.570435,15.755058,15.662788,15.588913,15.607391,15.644325,15.551949,15.681252,15.718163,15.514977,15.422462,15.607391,15.459480,15.385422,15.477974,15.496475,15.329842,15.607391,15.440964,15.422462,15.366905,15.200020,15.440964,15.274223,15.292770,15.496475,15.348373,15.032837,15.292770,15.311302,15.496475,15.181458,15.051422,15.422462,15.200020,15.162895,15.274223,15.144333,15.088600,15.274223,15.144333,15.218575,15.162895,15.070015,15.329842,15.200020,15.348373,15.162895,15.237137,15.218575,15.181458,15.218575,15.255684,15.181458,15.237137,15.274223,15.088600,15.311302,15.107178,15.292770,15.200020,15.162895,15.348373,15.125755,15.237137,15.200020,15.292770,15.125755,15.237137,15.125755,15.088600,15.144333,15.162895,15.292770,15.292770,15.292770,15.125755,15.292770,15.274223,15.366905,15.551949,15.255684,15.366905,15.403938,15.200020,15.162895,15.255684,15.200020,15.292770,15.366905,15.200020,15.292770,15.292770,15.237137,15.255684,15.329842,15.366905,15.422462,15.440964,15.551949,15.403938,15.644325,15.551949,15.533455,15.533455,15.551949,15.551949,15.366905,15.385422,15.311302,15.570435,15.385422,15.385422,15.514977,15.366905,15.477974,15.588913,15.200020,15.440964,15.329842,15.440964,15.311302,15.200020,15.292770,15.144333,14.995636,14.865326,15.051422,15.088600,15.218575,14.939812,15.070015,14.977043,15.477974,15.311302,15.162895,15.533455,15.496475,15.422462,15.607391,15.440964,15.533455,15.718163,15.551949,15.366905,15.570435,15.292770,15.366905,15.348373,15.218575,15.218575,15.162895,15.218575,15.088600,15.014244,15.237137,14.977043,15.181458,15.348373,15.255684,15.496475,15.514977,15.496475,15.329842,15.329842,15.403938,15.403938,15.366905,15.440964,15.162895,15.237137,15.348373,15.514977,15.422462,15.218575,15.477974,15.348373,15.274223,15.218575,15.366905,15.422462,15.366905,15.329842,15.366905,15.329842,15.274223,15.348373,15.144333,15.144333,15.329842,15.162895,15.311302,14.939812,15.144333,15.200020,15.255684,15.107178,15.070015,14.995636,15.329842,15.051422,15.385422,15.144333,15.162895,15.440964,15.274223,14.995636,15.237137,15.348373,15.162895,15.311302,15.348373,15.218575,15.403938,15.162895,15.311302,15.051422,15.237137,15.459480,15.218575,15.218575,15.200020,15.200020,15.440964,15.329842,15.200020,15.292770,15.255684,15.237137,15.162895,15.162895,15.348373,15.329842,15.311302,15.200020,15.366905,15.144333,15.144333,15.144333,15.237137,15.200020,15.348373,15.422462,15.385422,15.348373,15.329842,15.181458,15.014244,15.070015,15.496475,15.311302,15.681252,15.496475,15.162895,15.218575,15.477974,15.459480,15.718163,15.533455,15.366905,15.422462,15.791931,15.533455,15.773499,
15.902481,15.920883,15.588913,15.902481,15.755058,15.828796,15.662788,15.773499,15.625862,15.403938,15.311302,15.514977,15.403938,15.625862,15.477974,15.459480,15.773499,16.031273,15.920883,16.379883,16.379883,16.891090,17.363060,17.543900,18.102013,18.531555,18.602928,19.100807,19.313263,19.489883,19.824394,19.894638,20.314804,20.105003,20.454369,20.576286,20.593697,20.906242,20.871582,20.836899,20.958221,20.784843,21.131203,21.165756,21.165756,21.148476,21.096642,21.389961,21.561981,21.389961,21.527603,21.458817,21.476021,21.493217,21.596336,21.596336,21.819290,21.699318,21.493217,21.630684,21.733620,21.561981,21.682167,21.904861,21.647850,21.921967,21.956161,21.785027,21.819290,21.836411,22.041588,22.161018,22.263237,22.161018,22.178062,21.887764,21.956161,21.921967,21.887764,21.819290,21.853539,21.956161,21.870644,21.699318,21.819290,21.750755,21.613518,21.630684,21.527603,21.699318,21.527603,21.527603,21.682167,21.561981,21.544792,21.716469,21.338272,21.716469,21.596336,21.716469,21.527603,21.665016,21.665016,21.596336,21.630684,21.561981,21.802162,21.561981,21.476021,21.682167,21.870644,21.767891,21.990349,21.750755,22.058662,21.887764,21.939064,21.665016,21.956161,22.161018,21.887764,21.956161,21.956161,21.990349,21.887764,22.007431,21.853539,21.767891,21.802162,21.733620,21.921967,21.750755,21.870644,21.665016,21.630684,21.802162,21.699318,21.613518,21.750755,21.647850,21.836411,21.802162,21.458817,21.596336,21.733620,21.699318,21.630684,21.510414,21.665016,21.613518,21.630684,21.716469,21.630684,21.956161,22.024513,21.939064,22.195107,22.126915,22.075729,22.092789,22.126915,22.399300,22.195107,22.382309,22.399300,22.484222,22.365303,22.280251,22.314293,22.246208,22.109856,22.212143,22.382309,22.178062,22.143959,22.195107,22.161018,22.314293,22.246208,22.092789,22.109856,22.109856,22.041588,22.024513,21.990349,21.939064,22.075729,22.109856,22.178062,21.904861,22.195107,22.178062,22.212143,22.075729,22.229179,22.109856,22.126915,21.921967,22.024513,22.229179,22.007431,22.075729,22.041588,22.109856,21.939064,22.109856,21.990349,21.921967,21.887764,21.836411,21.939064,21.956161,22.109856,21.836411,22.075729,22.007431,21.921967,21.870644,22.041588,21.904861,21.870644,21.870644,21.973259,22.041588,21.973259,21.973259,21.904861,22.092789,21.990349,22.109856,22.212143,22.075729,22.109856,22.075729,22.178062,22.161018,22.212143,22.143959,22.092789,22.246208,22.229179,22.348305,22.246208,22.280251,22.280251,22.212143,22.195107,22.178062,22.212143,22.058662,22.058662,22.143959,21.939064,21.853539,21.904861,21.802162,21.767891,21.939064,21.836411,21.802162,21.544792,21.665016,21.544792,21.699318,21.785027,21.802162,21.802162,21.767891,21.579163,21.716469,21.819290,21.819290,21.785027,21.802162,21.836411,21.853539,21.647850,21.647850,21.458817,21.200287,21.321045,21.269310,20.836899,21.079346,20.854233,20.750122,20.767487,20.732758,20.524055,20.349724,20.524055,20.593697,20.506645,20.524055,20.541473,20.645866,20.558884,20.732758,20.871582,20.732758,20.992851,20.923576,21.010155,20.923576,20.923576,21.044754,20.975533,20.888908,20.802200,20.750122,20.732758,20.732758,20.628487,20.611084,20.558884,20.419502,20.524055,20.314804,20.262413,20.140007,20.140007,20.017418,19.929733,20.087494,19.894638,19.701309,19.701309,19.613289,19.436943,19.454590,19.525154,19.436943,19.401619,19.401619,19.401619,19.260208,19.313263,19.118538,18.994377,18.834473,18.567253,18.531555,18.299164,17.994278,17.904396,17.453522,17.181839,16.854668,16.489677,16.489677,16.068031,15.773499,15.828796,15.533455,15.422462,15.274223,15.403938,15.496475,15.459480,15.514977,15.477974,15.551949,15.570435,15.681252,15.662788,15.588913,15.644325,15.755058,15.736610,15.847229,15.681252,15.533455,15.662788,15.551949,15.514977,15.459480,15.570435,15.681252,15.533455,15.662788,15.607391,15.440964,15.570435,15.440964,15.366905,15.459480,15.514977,15.459480,15.348373,15.477974,15.348373,15.477974,15.514977,15.292770,15.274223,15.274223,15.366905,15.218575,15.440964,15.366905,15.255684,15.311302,15.311302,15.366905,15.274223,15.403938,15.366905,15.348373,15.292770,15.255684,15.255684,15.070015,15.125755,15.070015,15.366905,15.329842,15.125755,15.162895,15.237137,15.218575,15.125755,15.237137,15.237137,15.329842,15.014244,15.051422,15.181458,15.329842,15.181458,15.329842,15.274223,15.181458,15.125755,15.088600,15.051422,15.070015,15.218575,15.051422,14.958420,15.255684,15.274223,15.329842,15.162895,15.237137,15.237137,15.051422,15.051422,15.088600,15.144333,15.014244,15.014244,15.125755,15.125755,15.181458,15.144333,15.403938,15.181458,15.311302,15.255684,15.255684,15.440964,15.070015,15.237137,15.459480,15.255684,15.032837,15.292770,15.440964,15.162895,15.237137,15.403938,15.422462,15.311302,15.237137,15.440964,15.292770,15.477974,15.292770,15.496475,15.533455,15.403938,15.551949,15.329842,15.570435,15.699715,15.570435,15.459480,15.237137,15.422462,15.496475,15.514977,15.311302,15.459480,15.440964,15.625862,15.329842,15.311302,15.403938,15.403938,15.181458,15.032837,15.070015,14.939812,15.014244,14.977043,15.162895,14.865326,15.144333,15.144333,15.403938,15.200020,15.533455,15.496475,15.551949,15.496475,15.551949,15.570435,15.551949,15.644325,15.533455,15.348373,15.329842,15.403938,15.255684,15.144333,15.200020,15.200020,15.162895,15.329842,15.440964,15.144333,15.255684,15.088600,15.144333,15.311302,15.385422,15.422462,15.514977,15.329842,15.366905,15.366905,15.477974,15.459480,15.422462,15.292770,15.440964,15.551949,15.237137,15.551949,15.292770,15.440964,15.218575,15.218575,15.329842,15.422462,15.329842,15.422462,15.348373,15.422462,15.292770,15.292770,15.422462,15.366905,15.329842,15.200020,15.125755,15.200020,15.237137,15.070015,15.348373,15.032837,15.237137,15.311302,15.274223,15.107178,15.329842,15.032837,15.292770,15.385422,15.311302,15.329842,15.125755,15.070015,15.385422,15.385422,15.200020,15.292770,15.200020,15.311302,15.348373,15.440964,15.051422,15.292770,15.329842,15.403938,15.329842,15.107178,15.329842,15.125755,15.385422,15.237137,15.440964,15.311302,15.551949,15.422462,15.255684,15.162895,15.403938,15.255684,15.255684,15.162895,15.440964,15.237137,15.218575,15.477974,15.125755,15.237137,15.329842,15.311302,15.422462,15.459480,15.292770,15.237137,15.348373,15.329842,15.348373,15.422462,15.588913,15.496475,15.533455,15.533455,15.551949,15.551949,15.348373,15.662788,15.514977,15.588913,15.496475,15.884071,15.662788,
15.865646,15.570435,15.865646,15.662788,15.791931,15.625862,15.865646,15.570435,15.791931,15.385422,15.496475,15.311302,15.385422,15.625862,15.274223,15.607391,15.533455,15.625862,16.086403,16.343254,16.708862,16.909286,17.363060,17.742363,18.191681,18.477982,18.727684,19.136261,19.419281,19.718910,19.824394,20.209976,20.279877,20.349724,20.436943,20.384621,20.611084,20.680634,20.767487,20.802200,20.854233,21.010155,21.183029,21.079346,21.148476,21.252068,21.200287,21.286568,21.458817,21.476021,21.372734,21.699318,21.476021,21.355507,21.527603,21.544792,21.613518,21.853539,21.699318,21.802162,21.716469,21.836411,21.767891,21.956161,21.733620,21.853539,21.853539,21.904861,21.921967,21.870644,21.870644,21.990349,22.092789,22.161018,22.263237,22.126915,22.041588,22.161018,22.161018,21.819290,22.178062,21.819290,21.921967,21.853539,21.802162,21.476021,21.561981,21.733620,21.424393,21.750755,21.716469,21.733620,21.665016,21.716469,21.596336,21.596336,21.596336,21.596336,21.733620,21.596336,21.596336,21.613518,21.802162,21.682167,21.596336,21.785027,21.750755,21.785027,21.733620,21.682167,21.613518,21.870644,21.887764,22.007431,22.007431,21.939064,21.904861,22.041588,21.819290,22.109856,21.836411,21.785027,21.956161,21.973259,21.904861,21.836411,21.819290,21.733620,21.750755,21.904861,21.939064,21.699318,21.733620,21.733620,21.767891,21.733620,21.613518,21.785027,21.853539,21.699318,21.836411,21.767891,21.596336,21.682167,21.630684,21.802162,21.785027,21.682167,21.836411,21.682167,21.750755,21.647850,21.630684,21.973259,21.939064,21.973259,22.058662,22.314293,22.109856,22.143959,22.195107,22.399300,22.331291,22.280251,22.280251,22.399300,22.433289,22.348305,22.229179,22.365303,22.331291,22.348305,22.024513,22.314293,22.229179,22.143959,22.092789,22.212143,22.178062,22.058662,22.092789,22.041588,22.161018,21.990349,22.075729,22.229179,22.161018,22.041588,22.092789,22.161018,22.178062,22.024513,22.263237,22.007431,22.109856,22.178062,22.195107,22.229179,21.973259,22.126915,22.058662,22.007431,22.212143,22.058662,21.939064,22.092789,21.836411,21.921967,22.109856,22.041588,21.973259,21.785027,21.682167,22.041588,21.939064,21.990349,21.973259,22.007431,22.126915,21.921967,21.819290,22.024513,21.956161,22.041588,22.263237,22.075729,22.024513,21.887764,22.143959,22.075729,22.143959,22.007431,22.280251,22.212143,22.092789,22.178062,22.314293,22.280251,22.331291,22.178062,22.263237,22.229179,22.365303,22.280251,22.280251,21.956161,22.246208,22.331291,22.246208,22.246208,22.041588,22.024513,22.075729,22.024513,22.024513,21.973259,22.058662,22.109856,21.853539,21.836411,21.853539,21.682167,21.716469,21.870644,21.579163,21.682167,21.733620,21.785027,21.956161,21.836411,21.785027,21.973259,21.733620,21.836411,21.750755,21.973259,21.802162,21.665016,21.699318,21.613518,21.303802,21.183029,21.234810,20.992851,21.010155,20.784843,20.645866,20.645866,20.593697,20.611084,20.436943,20.524055,20.506645,20.489220,20.471802,20.611084,20.784843,20.871582,20.836899,20.750122,20.750122,20.992851,21.027458,20.906242,20.992851,20.923576,21.062057,21.027458,20.698021,20.940895,20.940895,20.645866,20.663254,20.663254,20.698021,20.645866,20.279877,20.297348,20.402061,20.052460,20.087494,20.140007,19.929733,19.982353,19.648506,19.789246,19.560417,19.806816,19.701309,19.578049,19.507530,19.454590,19.454590,19.472237,19.295586,19.401619,19.242508,19.383957,19.118538,18.852249,18.674240,18.567253,18.424385,18.066116,17.958336,17.507759,17.290627,16.872887,16.599342,16.123146,16.141510,15.828796,15.681252,15.644325,15.477974,15.496475,15.422462,15.292770,15.514977,15.459480,15.440964,15.348373,15.699715,15.736610,15.865646,15.607391,15.551949,15.718163,15.736610,15.551949,15.920883,15.422462,15.625862,15.551949,15.570435,15.644325,15.699715,15.570435,15.791931,15.662788,15.607391,15.607391,15.496475,15.551949,15.533455,15.514977,15.440964,15.570435,15.366905,15.292770,15.625862,15.496475,15.514977,15.477974,15.385422,15.274223,15.366905,15.329842,15.274223,15.329842,15.329842,15.477974,15.292770,15.292770,15.329842,15.385422,15.274223,15.237137,15.200020,15.200020,15.144333,15.274223,15.292770,15.032837,15.237137,15.051422,15.292770,15.440964,15.051422,15.422462,15.125755,15.237137,15.403938,15.070015,15.218575,15.218575,15.292770,15.181458,15.125755,15.181458,15.255684,15.162895,15.237137,15.274223,15.144333,15.329842,15.218575,15.144333,15.032837,15.070015,15.329842,15.311302,15.144333,15.292770,15.181458,15.162895,15.274223,15.403938,15.181458,15.292770,15.366905,15.274223,15.200020,15.403938,15.348373,15.292770,15.218575,15.366905,15.403938,15.459480,15.237137,15.477974,15.440964,15.218575,15.311302,15.107178,15.422462,15.422462,15.477974,15.385422,15.311302,15.311302,15.162895,15.459480,15.385422,15.237137,15.329842,15.551949,15.644325,15.477974,15.514977,15.477974,15.570435,15.329842,15.570435,15.551949,15.422462,15.496475,15.551949,15.348373,15.422462,15.459480,15.588913,15.385422,15.237137,15.403938,15.255684,15.181458,15.088600,15.218575,15.014244,15.088600,15.032837,15.032837,15.107178,15.070015,15.032837,15.107178,15.032837,15.348373,15.440964,15.366905,15.570435,15.570435,15.403938,15.644325,15.533455,15.329842,15.570435,15.477974,15.459480,15.440964,15.496475,15.311302,15.218575,15.125755,15.181458,15.237137,15.403938,14.939812,15.144333,15.181458,15.125755,15.162895,15.274223,15.255684,15.292770,15.385422,15.403938,15.348373,15.292770,15.440964,15.440964,15.218575,15.218575,15.237137,15.403938,15.477974,15.348373,15.440964,15.255684,15.385422,15.366905,15.162895,15.329842,15.403938,15.311302,15.237137,15.218575,15.162895,15.292770,15.125755,15.162895,15.237137,15.311302,15.144333,15.329842,15.366905,15.144333,15.366905,15.237137,15.237137,15.366905,15.218575,15.162895,14.977043,15.329842,15.237137,15.237137,15.200020,15.274223,15.144333,15.255684,15.181458,15.551949,15.496475,15.514977,15.032837,15.107178,15.292770,15.385422,15.385422,15.366905,15.311302,15.237137,15.255684,15.274223,15.385422,15.385422,15.255684,15.218575,15.440964,15.292770,15.366905,15.292770,15.329842,15.218575,15.311302,15.144333,15.348373,15.348373,15.237137,15.440964,15.088600,15.181458,15.348373,15.385422,15.200020,15.107178,15.551949,15.218575,15.274223,15.403938,15.329842,15.274223,15.422462,15.570435,15.477974,15.403938,15.588913,15.514977,15.588913,15.348373,15.311302,15.403938,15.588913,15.607391,15.551949,15.755058,15.810371,
15.699715,15.681252,15.662788,15.588913,15.718163,15.736610,15.939293,15.718163,15.736610,15.699715,15.218575,15.348373,15.459480,15.570435,15.459480,15.551949,15.570435,15.773499,15.755058,16.233269,16.544525,17.072929,17.254379,17.598068,17.868416,18.567253,18.709869,19.171692,19.454590,19.701309,20.105003,20.332268,20.209976,20.105003,20.384621,20.524055,20.663254,20.698021,20.975533,20.715385,20.784843,20.871582,21.062057,21.079346,21.200287,21.424393,21.165756,21.372734,21.303802,21.441612,21.596336,21.389961,21.682167,21.613518,21.424393,21.733620,21.750755,21.785027,21.716469,21.579163,21.630684,21.870644,21.802162,21.561981,21.904861,21.802162,21.665016,21.870644,21.939064,21.921967,22.075729,22.007431,22.007431,21.956161,22.041588,21.921967,22.058662,21.973259,21.870644,21.887764,21.887764,21.802162,21.904861,21.699318,21.699318,21.716469,21.510414,21.424393,21.630684,21.785027,21.630684,21.561981,21.458817,21.579163,21.579163,21.527603,21.544792,21.853539,21.596336,21.630684,21.579163,21.682167,21.613518,21.853539,21.596336,21.630684,21.716469,21.853539,21.733620,21.716469,21.750755,21.579163,21.682167,21.785027,21.904861,21.870644,21.802162,21.836411,21.939064,21.870644,22.041588,22.075729,21.870644,22.041588,21.733620,21.785027,21.819290,21.802162,21.767891,21.750755,21.921967,21.921967,21.750755,21.716469,21.785027,21.750755,21.819290,21.682167,21.596336,21.733620,21.887764,21.836411,21.579163,21.647850,21.647850,21.665016,21.665016,21.596336,21.476021,21.647850,21.630684,21.647850,21.579163,21.904861,22.007431,21.956161,21.921967,22.041588,22.229179,22.143959,22.212143,22.365303,22.229179,22.246208,22.178062,22.280251,22.246208,22.161018,22.041588,22.109856,22.263237,22.075729,22.109856,22.109856,22.161018,22.195107,22.143959,22.178062,22.109856,22.058662,21.904861,21.921967,22.075729,21.973259,21.956161,22.092789,22.143959,21.904861,22.246208,22.143959,22.143959,21.990349,22.092789,22.143959,22.041588,22.161018,22.041588,22.126915,22.229179,21.990349,21.921967,21.836411,22.109856,22.126915,22.161018,21.665016,21.716469,22.024513,22.007431,21.750755,21.750755,21.973259,21.956161,21.887764,21.921967,21.921967,22.058662,21.973259,21.939064,21.956161,22.109856,21.990349,21.921967,21.939064,22.075729,22.092789,21.921967,21.956161,22.007431,22.143959,22.126915,22.229179,22.075729,22.263237,21.990349,22.195107,22.195107,22.058662,22.212143,22.212143,22.195107,22.109856,22.092789,22.297272,22.161018,22.246208,22.178062,22.092789,22.212143,22.178062,21.904861,21.956161,22.058662,21.785027,21.853539,21.973259,21.921967,21.956161,21.836411,21.819290,21.596336,21.904861,21.716469,21.716469,21.647850,21.699318,21.665016,21.699318,21.887764,21.939064,21.767891,21.836411,21.956161,21.647850,21.836411,21.921967,21.733620,21.596336,21.579163,21.321045,21.424393,21.338272,20.906242,20.975533,20.906242,20.888908,20.645866,20.698021,20.628487,20.871582,20.524055,20.628487,20.698021,20.593697,20.576286,20.836899,20.836899,20.750122,20.819542,21.010155,21.044754,20.975533,21.131203,21.183029,20.958221,21.044754,21.096642,21.010155,20.680634,20.645866,20.680634,20.871582,20.715385,20.576286,20.489220,20.402061,20.314804,20.332268,20.279877,20.279877,20.279877,20.105003,19.929733,19.877083,19.736496,19.613289,19.701309,19.701309,19.613289,19.366287,19.330948,19.348618,19.383957,19.366287,19.330948,19.542793,19.171692,19.348618,19.029869,19.260208,18.887802,18.585091,18.227524,18.084076,17.832420,17.489685,17.163704,17.091087,16.471397,16.251610,15.976097,15.791931,15.755058,15.607391,15.348373,15.570435,15.162895,15.385422,15.385422,15.570435,15.551949,15.366905,15.570435,15.681252,15.828796,15.459480,15.477974,15.588913,15.681252,15.570435,15.662788,15.551949,15.477974,15.588913,15.644325,15.551949,15.551949,15.588913,15.533455,15.570435,15.533455,15.533455,15.366905,15.607391,15.588913,15.292770,15.496475,15.496475,15.588913,15.366905,15.422462,15.311302,15.366905,15.403938,15.200020,15.551949,15.514977,15.422462,15.422462,15.274223,15.403938,15.274223,15.385422,15.274223,15.385422,15.088600,15.200020,15.218575,15.255684,15.162895,15.200020,15.237137,15.237137,15.162895,15.348373,14.958420,15.255684,15.125755,15.162895,15.162895,14.865326,15.181458,15.218575,15.144333,15.292770,15.200020,15.107178,15.181458,15.292770,15.237137,15.181458,15.218575,15.200020,15.237137,15.070015,15.144333,15.051422,15.070015,15.274223,15.162895,15.348373,15.107178,14.977043,15.125755,15.218575,15.218575,15.125755,15.181458,15.162895,15.218575,15.237137,15.237137,15.200020,15.255684,15.274223,15.422462,15.348373,15.329842,15.218575,15.514977,15.385422,15.181458,15.311302,15.403938,15.255684,15.255684,15.144333,15.162895,15.200020,15.551949,15.255684,15.274223,15.514977,15.440964,15.422462,15.422462,15.274223,15.385422,15.533455,15.440964,15.607391,15.459480,15.218575,15.366905,15.514977,15.699715,15.514977,15.237137,15.440964,15.440964,15.440964,15.440964,15.551949,15.662788,15.459480,15.459480,15.366905,15.311302,15.311302,15.107178,15.088600,15.237137,14.883965,14.995636,14.939812,14.734833,15.051422,14.958420,15.144333,15.107178,15.403938,15.385422,15.459480,15.459480,15.607391,15.477974,15.588913,15.274223,15.496475,15.496475,15.422462,15.514977,15.403938,15.403938,15.237137,15.311302,14.977043,15.070015,15.348373,15.032837,14.995636,15.070015,15.274223,15.107178,15.162895,15.551949,15.311302,15.440964,15.403938,15.403938,15.385422,15.292770,15.570435,15.292770,15.274223,15.237137,15.422462,15.496475,15.366905,15.255684,15.311302,15.422462,15.237137,15.107178,15.274223,15.255684,15.385422,15.385422,15.329842,15.311302,15.329842,15.255684,15.348373,15.255684,15.422462,15.440964,15.459480,15.274223,15.385422,15.237137,15.200020,15.274223,15.181458,15.440964,15.125755,15.088600,15.311302,15.348373,15.366905,15.274223,15.162895,15.237137,15.107178,15.051422,15.200020,15.051422,15.366905,15.125755,15.200020,15.200020,15.237137,15.422462,15.107178,15.274223,15.385422,15.274223,15.144333,15.274223,15.329842,15.200020,15.292770,15.385422,15.366905,15.440964,15.162895,15.348373,15.348373,15.292770,15.218575,15.144333,15.329842,15.385422,15.366905,15.385422,15.237137,15.329842,15.181458,15.496475,15.329842,15.422462,15.551949,15.144333,15.181458,15.440964,15.237137,15.292770,15.551949,15.607391,15.514977,15.496475,15.422462,15.348373,15.477974,15.514977,15.607391,15.533455,15.551949,15.422462,15.440964,15.607391,
15.994492,15.644325,15.810371,15.607391,15.644325,15.699715,15.459480,15.514977,15.588913,15.644325,15.533455,15.218575,15.422462,15.570435,15.366905,15.440964,15.644325,15.810371,15.939293,16.086403,16.471397,16.927490,17.272507,17.760384,18.012245,18.442253,18.834473,19.083084,19.401619,19.718910,19.859520,20.052460,19.964821,20.209976,20.314804,20.436943,20.663254,20.767487,20.576286,20.767487,20.836899,20.923576,21.096642,21.200287,21.269310,21.234810,21.338272,21.234810,21.303802,21.476021,21.183029,21.544792,21.269310,21.733620,21.630684,21.767891,21.476021,21.716469,21.527603,21.870644,21.682167,21.716469,21.544792,21.665016,21.647850,21.802162,21.647850,21.596336,21.665016,21.819290,21.956161,22.007431,21.956161,22.024513,22.229179,22.058662,21.956161,22.212143,22.109856,21.904861,21.699318,21.904861,21.733620,21.647850,21.819290,21.596336,21.596336,21.510414,21.613518,21.561981,21.579163,21.579163,21.785027,21.733620,21.785027,21.596336,21.458817,21.596336,21.561981,21.682167,21.836411,21.699318,21.785027,21.596336,21.682167,21.699318,21.596336,21.767891,21.630684,21.767891,21.819290,21.853539,21.853539,21.956161,21.819290,21.802162,21.956161,21.904861,21.973259,21.939064,21.887764,21.870644,21.802162,21.904861,21.990349,21.785027,21.733620,21.921967,21.767891,21.802162,21.870644,22.007431,21.716469,21.921967,21.682167,21.887764,21.870644,21.819290,21.767891,21.819290,21.733620,21.682167,21.665016,21.682167,21.613518,21.665016,21.802162,21.733620,21.579163,21.647850,21.579163,21.853539,21.561981,21.836411,21.767891,21.904861,22.195107,22.161018,21.904861,22.075729,22.229179,22.280251,22.263237,22.126915,22.246208,22.178062,22.314293,22.161018,22.109856,22.161018,22.126915,22.041588,22.041588,22.109856,22.092789,22.075729,22.024513,22.024513,22.041588,22.143959,21.973259,22.007431,21.939064,22.007431,22.007431,22.007431,21.939064,21.956161,21.956161,21.785027,22.058662,22.041588,21.973259,22.007431,22.178062,22.058662,22.143959,22.126915,22.161018,22.007431,22.041588,22.058662,21.956161,22.092789,21.819290,21.716469,21.973259,21.682167,21.836411,21.785027,21.853539,22.041588,21.939064,21.904861,21.939064,21.767891,22.109856,21.939064,22.024513,22.041588,21.785027,21.887764,21.939064,21.887764,21.904861,22.007431,22.024513,21.939064,22.075729,21.973259,22.092789,22.126915,21.973259,22.229179,22.007431,22.212143,22.178062,22.007431,22.092789,22.041588,22.195107,22.246208,21.990349,22.365303,22.246208,22.007431,21.870644,22.092789,21.973259,22.007431,21.939064,21.956161,21.819290,21.904861,21.921967,21.750755,22.024513,21.733620,21.802162,21.767891,21.596336,21.665016,21.682167,21.630684,21.699318,21.716469,21.613518,21.665016,21.682167,21.887764,21.647850,21.785027,21.870644,21.733620,21.853539,21.836411,21.647850,21.665016,21.510414,21.476021,21.269310,21.096642,20.906242,21.165756,20.888908,20.906242,20.715385,20.471802,20.663254,20.784843,20.663254,20.645866,20.558884,20.524055,20.489220,20.698021,20.750122,20.975533,20.767487,20.854233,20.958221,20.836899,20.871582,20.906242,21.010155,21.096642,20.906242,21.010155,20.836899,20.888908,20.698021,20.715385,20.715385,20.680634,20.715385,20.314804,20.489220,20.367180,19.929733,20.087494,20.227455,20.192490,19.964821,19.859520,19.806816,19.806816,19.683716,19.578049,19.472237,19.630898,19.401619,19.472237,19.313263,19.330948,19.330948,19.472237,19.224815,19.118538,18.958870,18.798889,18.798889,18.709869,18.227524,18.048164,17.724342,17.580009,17.145554,16.836464,16.507973,16.196571,15.939293,15.570435,15.662788,15.662788,15.422462,15.422462,15.385422,15.440964,15.533455,15.366905,15.459480,15.403938,15.514977,15.570435,15.755058,15.607391,15.607391,15.755058,15.662788,15.570435,15.625862,15.625862,15.699715,15.551949,15.459480,15.588913,15.607391,15.496475,15.588913,15.440964,15.588913,15.422462,15.440964,15.662788,15.551949,15.496475,15.459480,15.514977,15.496475,15.237137,15.274223,15.533455,15.218575,15.218575,15.366905,15.385422,15.440964,15.255684,15.311302,15.348373,15.348373,15.181458,15.107178,15.255684,15.181458,15.237137,15.237137,15.348373,15.274223,15.144333,15.218575,15.237137,15.200020,15.032837,15.200020,15.088600,15.088600,15.237137,15.088600,15.237137,15.274223,15.255684,15.218575,15.311302,15.014244,15.032837,15.181458,15.051422,15.200020,15.014244,15.274223,15.125755,15.144333,15.255684,15.144333,15.088600,15.125755,15.311302,14.939812,15.181458,15.162895,15.107178,15.348373,15.237137,15.200020,15.292770,15.311302,15.237137,15.403938,15.162895,15.348373,15.366905,15.422462,15.218575,15.311302,15.311302,15.329842,15.311302,15.514977,15.477974,15.200020,15.200020,15.292770,15.144333,15.403938,15.255684,15.366905,15.440964,15.311302,15.459480,15.533455,15.440964,15.533455,15.329842,15.292770,15.366905,15.329842,15.329842,15.403938,15.422462,15.292770,15.162895,15.551949,15.644325,15.607391,15.422462,15.366905,15.570435,15.422462,15.533455,15.403938,15.477974,15.403938,15.588913,15.366905,15.366905,15.459480,15.311302,14.977043,15.070015,14.921196,15.144333,14.958420,15.032837,14.921196,14.828064,15.107178,15.051422,15.088600,15.459480,15.218575,15.403938,15.403938,15.366905,15.496475,15.459480,15.385422,15.496475,15.533455,15.551949,15.403938,15.329842,15.237137,15.459480,15.311302,15.051422,15.144333,15.107178,15.237137,15.200020,15.200020,15.162895,15.088600,15.255684,15.274223,15.237137,15.440964,15.403938,15.477974,15.403938,15.403938,15.366905,15.514977,15.385422,15.385422,15.459480,15.162895,15.477974,15.440964,15.200020,15.459480,15.218575,15.533455,15.218575,15.200020,15.311302,15.274223,15.181458,15.292770,15.237137,15.088600,15.496475,15.237137,15.218575,15.366905,15.292770,15.144333,15.274223,15.125755,15.329842,15.237137,15.496475,15.125755,15.237137,15.403938,15.385422,15.218575,15.125755,15.218575,15.200020,15.162895,15.292770,15.144333,15.125755,15.477974,15.422462,15.144333,15.218575,15.200020,15.477974,15.255684,15.274223,15.144333,15.107178,15.292770,15.014244,15.440964,15.403938,15.218575,15.144333,15.237137,15.366905,15.255684,15.274223,15.311302,15.533455,15.181458,15.292770,15.440964,15.162895,15.329842,15.255684,15.514977,15.385422,15.440964,15.348373,15.274223,15.311302,15.496475,15.348373,15.237137,15.385422,15.477974,15.366905,15.403938,15.496475,15.440964,15.514977,15.459480,15.588913,15.422462,15.662788,15.496475,15.681252,15.237137,15.496475,15.607391,15.366905,15.718163,15.902481,
15.718163,15.865646,15.810371,15.699715,15.625862,15.699715,15.588913,15.791931,15.662788,15.440964,15.422462,15.403938,15.736610,15.385422,15.459480,15.533455,15.477974,15.810371,15.736610,16.104774,16.544525,16.982056,17.417351,17.832420,17.868416,18.495850,18.763298,19.348618,19.436943,19.578049,19.789246,20.157509,20.262413,20.471802,20.593697,20.593697,20.628487,20.628487,20.645866,20.680634,20.819542,20.888908,21.096642,21.183029,21.010155,21.096642,21.338272,21.217552,21.476021,21.579163,21.510414,21.424393,21.544792,21.630684,21.561981,21.682167,21.767891,21.665016,21.870644,21.716469,21.699318,21.630684,21.630684,21.767891,21.802162,21.819290,21.733620,21.596336,21.699318,21.819290,21.904861,22.161018,22.024513,22.041588,21.887764,22.143959,21.939064,21.990349,21.921967,22.109856,21.853539,21.904861,21.785027,21.870644,21.836411,21.767891,21.716469,21.836411,21.733620,21.785027,21.733620,21.750755,21.767891,21.870644,21.887764,21.802162,21.733620,21.887764,21.836411,21.853539,21.819290,21.716469,21.733620,21.750755,21.716469,21.802162,21.716469,21.921967,21.716469,21.785027,21.870644,21.750755,21.904861,22.058662,22.126915,21.870644,21.887764,21.802162,21.973259,21.853539,21.887764,22.024513,21.767891,21.956161,21.887764,21.870644,21.836411,21.802162,21.836411,21.870644,21.750755,21.802162,21.630684,21.956161,21.904861,21.853539,21.767891,21.836411,21.870644,21.750755,21.802162,21.802162,21.647850,21.767891,21.596336,21.716469,21.716469,21.527603,21.544792,21.561981,21.493217,21.630684,21.802162,21.733620,21.819290,21.853539,21.802162,22.007431,21.939064,22.041588,22.058662,22.178062,22.126915,22.297272,21.990349,22.212143,22.126915,22.109856,22.058662,22.007431,22.007431,21.956161,22.126915,22.126915,22.161018,22.280251,22.075729,22.246208,22.058662,21.990349,22.075729,21.802162,21.956161,21.870644,21.870644,22.024513,21.904861,22.024513,21.750755,21.990349,21.990349,21.853539,21.973259,22.092789,22.007431,22.092789,21.973259,21.921967,22.024513,22.041588,21.921967,21.904861,21.990349,21.973259,21.887764,21.785027,21.699318,21.870644,21.802162,21.665016,21.613518,21.699318,21.767891,21.904861,21.921967,21.785027,21.716469,21.973259,21.785027,21.853539,21.647850,21.853539,21.870644,21.785027,21.853539,21.853539,21.887764,21.853539,21.716469,21.921967,21.956161,21.853539,22.024513,22.109856,21.904861,22.058662,22.143959,22.143959,22.109856,22.143959,21.870644,22.161018,22.041588,22.195107,22.143959,21.887764,21.853539,21.973259,21.921967,21.990349,21.904861,21.853539,21.853539,21.887764,21.647850,21.785027,21.613518,21.699318,21.665016,21.665016,21.785027,21.630684,21.716469,21.647850,21.802162,21.544792,21.458817,21.544792,21.630684,21.750755,21.699318,21.510414,21.630684,21.647850,21.785027,21.579163,21.767891,21.527603,21.613518,21.338272,21.027458,21.131203,21.165756,20.888908,20.940895,20.836899,20.767487,20.541473,20.471802,20.524055,20.471802,20.680634,20.576286,20.611084,20.645866,20.489220,20.698021,20.698021,20.906242,20.940895,20.854233,20.975533,21.027458,21.027458,20.958221,20.975533,20.923576,20.871582,20.888908,20.940895,20.680634,20.645866,20.576286,20.576286,20.541473,20.419502,20.454369,20.262413,20.192490,20.069977,20.174995,20.157509,19.824394,19.947273,19.789246,19.754082,19.613289,19.859520,19.454590,19.578049,19.542793,19.366287,19.330948,19.330948,19.436943,19.313263,19.260208,18.905579,19.260208,18.887802,18.745483,18.334953,18.173759,17.976311,17.778404,17.399261,17.091087,16.927490,16.434807,16.288277,15.902481,15.681252,15.588913,15.551949,15.514977,15.588913,15.385422,15.366905,15.422462,15.348373,15.255684,15.625862,15.625862,15.755058,15.625862,15.459480,15.736610,15.551949,15.514977,15.440964,15.791931,15.718163,15.847229,15.385422,15.366905,15.588913,15.274223,15.366905,15.588913,15.403938,15.440964,15.551949,15.440964,15.477974,15.311302,15.496475,15.551949,15.440964,15.477974,15.477974,15.274223,15.348373,15.403938,15.681252,15.329842,15.403938,15.385422,15.403938,15.366905,15.292770,15.107178,15.348373,15.329842,15.237137,15.366905,15.274223,15.200020,15.403938,15.125755,15.292770,15.218575,15.237137,15.237137,15.032837,15.125755,15.237137,15.311302,15.403938,15.051422,15.237137,15.162895,14.939812,15.051422,15.051422,15.218575,15.088600,15.255684,15.200020,15.144333,15.255684,15.107178,15.162895,15.255684,15.144333,15.125755,15.032837,14.995636,15.348373,15.237137,15.274223,15.107178,15.311302,15.255684,15.237137,15.237137,15.200020,15.125755,15.422462,15.274223,15.366905,15.274223,15.311302,15.125755,15.329842,15.144333,15.385422,15.292770,15.292770,15.385422,15.366905,15.329842,15.366905,15.329842,15.162895,15.181458,15.366905,15.385422,15.329842,15.181458,15.237137,15.403938,15.311302,15.477974,15.162895,15.440964,15.366905,15.570435,15.514977,15.477974,15.551949,15.422462,15.255684,15.366905,15.533455,15.533455,15.385422,15.385422,15.496475,15.385422,15.570435,15.496475,15.551949,15.292770,15.773499,15.514977,15.496475,15.459480,15.255684,14.995636,15.014244,14.977043,15.051422,14.902580,15.088600,14.865326,14.883965,15.051422,15.051422,15.051422,15.144333,15.385422,15.533455,15.440964,15.496475,15.366905,15.422462,15.237137,15.422462,15.440964,15.644325,15.477974,15.329842,15.311302,15.348373,15.144333,15.051422,15.144333,15.237137,15.088600,15.162895,15.051422,15.107178,15.218575,14.902580,15.181458,15.422462,15.588913,15.348373,15.329842,15.477974,15.181458,15.514977,15.255684,15.255684,15.329842,15.255684,15.496475,15.477974,15.403938,15.329842,15.366905,15.403938,15.181458,15.162895,15.274223,15.255684,15.514977,15.292770,15.533455,15.459480,15.181458,15.311302,15.125755,15.459480,15.162895,15.200020,15.311302,15.255684,15.237137,15.162895,15.237137,15.292770,15.255684,15.459480,15.125755,15.051422,15.144333,15.311302,15.348373,15.255684,15.348373,15.385422,15.422462,15.144333,15.329842,15.366905,15.422462,15.366905,15.329842,15.329842,15.218575,15.366905,15.237137,15.255684,15.162895,15.366905,15.237137,15.348373,15.459480,15.292770,15.385422,15.274223,15.181458,15.125755,15.366905,15.514977,15.385422,15.385422,15.403938,15.348373,15.144333,15.366905,15.477974,15.237137,15.311302,15.292770,15.255684,15.181458,15.348373,15.125755,15.107178,15.625862,15.366905,15.440964,15.385422,15.366905,15.662788,15.551949,15.625862,15.810371,15.551949,15.477974,15.551949,15.718163,15.588913,15.496475,15.422462,15.662788,15.828796,15.662788,
15.810371,15.718163,15.514977,15.496475,15.644325,15.699715,15.607391,15.570435,15.274223,15.736610,15.496475,15.385422,15.514977,15.607391,15.514977,15.533455,15.644325,15.607391,15.920883,16.068031,16.507973,16.800026,17.254379,17.670250,17.958336,18.638596,18.834473,18.941109,19.313263,19.613289,19.964821,20.087494,20.367180,20.279877,20.471802,20.314804,20.663254,20.384621,20.836899,20.871582,20.906242,20.958221,21.217552,21.044754,21.148476,20.958221,21.183029,21.234810,21.269310,21.303802,21.613518,21.767891,21.561981,21.510414,21.836411,21.613518,21.682167,21.647850,21.527603,21.716469,21.630684,21.613518,21.647850,21.682167,21.665016,21.665016,21.630684,21.682167,21.682167,21.921967,21.939064,22.024513,21.716469,22.229179,21.904861,22.263237,21.921967,21.939064,22.178062,21.870644,21.870644,22.007431,21.939064,21.785027,21.733620,21.596336,21.733620,21.819290,21.767891,21.716469,21.596336,21.904861,21.785027,21.836411,21.785027,22.007431,21.853539,21.836411,21.853539,21.785027,21.767891,21.853539,21.785027,21.579163,21.785027,21.750755,21.716469,21.630684,21.973259,21.767891,21.733620,21.853539,21.853539,21.990349,21.973259,22.041588,21.870644,22.024513,22.092789,21.990349,22.092789,21.939064,21.921967,21.990349,21.956161,22.109856,21.887764,21.939064,21.785027,22.075729,21.887764,21.921967,22.075729,21.973259,22.041588,21.904861,21.887764,22.024513,21.921967,22.092789,21.887764,21.785027,21.785027,21.733620,21.544792,21.682167,21.647850,21.682167,21.733620,21.544792,21.527603,21.527603,21.699318,21.921967,21.819290,21.921967,21.767891,22.007431,21.904861,21.802162,22.041588,21.973259,22.075729,22.109856,21.956161,22.195107,22.041588,22.007431,22.075729,22.092789,21.870644,22.041588,22.058662,22.007431,22.143959,22.007431,21.973259,22.041588,22.075729,22.075729,21.939064,22.092789,21.887764,21.921967,22.092789,21.990349,21.904861,22.041588,22.041588,22.007431,21.887764,21.956161,21.887764,22.126915,21.785027,21.904861,21.904861,22.024513,21.990349,21.836411,21.785027,21.956161,21.853539,21.836411,21.767891,21.785027,21.716469,21.716469,21.682167,21.819290,21.870644,21.665016,21.870644,21.853539,21.819290,21.682167,21.733620,21.921967,21.802162,21.767891,21.870644,21.836411,21.904861,21.785027,21.767891,21.853539,21.665016,21.836411,21.853539,21.819290,21.802162,21.819290,21.819290,21.853539,21.887764,22.007431,21.956161,21.904861,21.921967,21.887764,21.887764,22.058662,21.767891,21.887764,22.092789,21.870644,21.870644,21.836411,21.767891,21.750755,21.819290,21.956161,21.750755,21.647850,21.750755,21.647850,21.767891,21.716469,21.750755,21.699318,21.630684,21.510414,21.544792,21.613518,21.665016,21.579163,21.527603,21.441612,21.647850,21.613518,21.802162,21.647850,21.510414,21.733620,21.544792,21.716469,21.665016,21.286568,21.372734,21.131203,21.148476,21.131203,21.148476,21.027458,20.888908,20.854233,20.836899,20.680634,20.471802,20.402061,20.384621,20.593697,20.471802,20.541473,20.384621,20.593697,20.680634,20.767487,21.010155,20.854233,20.975533,20.923576,21.165756,20.975533,20.992851,20.958221,20.958221,21.027458,20.784843,20.715385,20.871582,20.715385,20.784843,20.750122,20.558884,20.454369,20.314804,20.332268,20.349724,20.157509,20.192490,20.087494,20.052460,20.034943,19.964821,19.929733,19.771667,19.683716,19.648506,19.542793,19.383957,19.472237,19.366287,19.454590,19.348618,19.295586,19.207108,19.419281,19.047615,18.870033,18.852249,18.692055,18.263351,18.084076,17.742363,17.507759,17.091087,16.672379,16.489677,16.214928,16.068031,15.625862,15.718163,15.588913,15.403938,15.348373,15.477974,15.366905,15.422462,15.366905,15.329842,15.551949,15.533455,15.625862,15.791931,15.625862,15.699715,15.607391,15.810371,15.607391,15.514977,15.625862,15.570435,15.625862,15.570435,15.570435,15.477974,15.514977,15.274223,15.496475,15.551949,15.496475,15.607391,15.477974,15.514977,15.366905,15.477974,15.403938,15.625862,15.255684,15.292770,15.366905,15.292770,15.311302,15.496475,15.348373,15.348373,15.292770,15.403938,15.329842,15.459480,15.274223,15.181458,15.292770,15.200020,15.162895,15.051422,15.218575,15.348373,15.125755,15.107178,15.311302,15.292770,15.292770,14.958420,15.051422,15.107178,15.200020,15.162895,15.107178,14.939812,15.218575,15.200020,15.107178,15.348373,15.366905,15.070015,15.051422,15.218575,15.125755,15.200020,15.200020,15.088600,15.032837,15.218575,15.107178,15.255684,15.125755,15.162895,15.051422,14.958420,15.014244,15.051422,15.311302,15.088600,15.107178,15.403938,15.255684,15.366905,15.292770,15.329842,15.329842,15.200020,15.385422,15.329842,15.496475,15.348373,15.348373,15.385422,15.032837,15.514977,15.274223,15.385422,15.255684,15.329842,15.348373,15.348373,15.274223,15.385422,15.329842,15.237137,15.366905,15.292770,15.348373,15.440964,15.477974,15.440964,15.662788,15.422462,15.403938,15.625862,15.551949,15.348373,15.570435,15.311302,15.514977,15.292770,15.459480,15.625862,15.440964,15.533455,15.496475,15.422462,15.366905,15.422462,15.551949,15.274223,15.403938,15.070015,15.162895,14.939812,14.995636,14.995636,14.958420,14.958420,14.902580,14.902580,15.144333,15.125755,15.107178,15.237137,15.292770,15.366905,15.292770,15.551949,15.422462,15.588913,15.274223,15.366905,15.570435,15.329842,15.329842,15.292770,15.514977,15.477974,15.107178,15.051422,15.032837,15.144333,15.181458,15.255684,15.274223,15.107178,15.162895,15.255684,15.292770,15.348373,15.422462,15.237137,15.440964,15.329842,15.514977,15.551949,15.403938,15.200020,15.403938,15.459480,15.348373,15.329842,15.162895,15.385422,15.440964,15.570435,15.422462,15.311302,15.348373,15.255684,15.403938,15.403938,15.274223,15.422462,15.218575,15.274223,15.255684,15.292770,15.366905,15.200020,15.403938,15.088600,15.255684,15.403938,15.403938,15.218575,15.125755,15.162895,15.348373,15.125755,15.107178,15.274223,15.181458,15.070015,15.200020,15.274223,15.218575,15.348373,15.311302,15.311302,15.237137,15.237137,15.274223,15.292770,15.385422,15.274223,15.237137,15.440964,15.385422,15.255684,15.255684,15.348373,15.181458,15.274223,15.403938,15.162895,15.292770,15.292770,15.274223,15.274223,15.329842,15.200020,15.459480,15.551949,15.311302,15.422462,15.200020,15.274223,15.088600,15.292770,15.366905,15.385422,15.366905,15.385422,15.329842,15.496475,15.551949,15.403938,15.274223,15.348373,15.496475,15.218575,15.514977,15.847229,15.422462,15.292770,15.514977,15.607391,15.551949,15.625862,15.847229,15.662788,15.957695,
15.939293,15.662788,15.681252,15.736610,15.681252,15.644325,15.588913,15.588913,15.514977,15.533455,15.125755,15.385422,15.385422,15.385422,15.311302,15.514977,15.681252,15.718163,16.031273,16.233269,16.617607,16.945679,17.290627,17.958336,18.102013,18.352852,18.798889,19.065346,19.613289,19.578049,19.859520,20.034943,20.069977,20.402061,20.541473,20.471802,20.558884,20.506645,20.698021,20.923576,21.010155,20.975533,21.131203,21.200287,21.096642,21.252068,21.303802,21.389961,21.389961,21.407181,21.252068,21.476021,21.699318,21.579163,21.596336,21.665016,21.613518,21.647850,21.407181,21.819290,21.579163,21.716469,21.785027,21.613518,21.665016,21.630684,21.647850,21.802162,21.561981,21.956161,21.785027,21.904861,21.887764,21.990349,21.956161,22.229179,21.887764,21.836411,22.143959,21.836411,21.887764,21.956161,21.921967,21.699318,21.561981,21.836411,21.665016,21.802162,21.767891,21.904861,21.802162,21.904861,22.007431,21.921967,21.870644,22.161018,21.870644,21.836411,21.819290,22.041588,21.733620,21.904861,21.939064,21.921967,21.973259,21.785027,21.853539,21.921967,21.939064,21.853539,21.853539,21.939064,22.024513,22.024513,21.939064,22.161018,21.973259,21.904861,21.973259,22.075729,21.956161,22.126915,22.024513,21.990349,21.956161,22.007431,22.007431,21.956161,21.990349,22.161018,21.990349,22.075729,22.058662,22.041588,22.092789,21.973259,22.143959,22.041588,22.024513,21.802162,21.853539,21.836411,21.836411,21.630684,21.527603,21.750755,21.750755,21.870644,21.613518,21.630684,21.510414,21.716469,21.613518,21.733620,21.561981,21.853539,21.750755,21.785027,22.058662,22.143959,21.990349,21.939064,21.819290,21.921967,21.921967,21.870644,22.058662,21.802162,21.973259,21.973259,21.904861,22.041588,22.092789,21.887764,21.973259,21.870644,22.041588,22.126915,22.024513,21.990349,22.161018,21.819290,21.973259,21.939064,21.785027,21.819290,21.785027,21.733620,21.870644,21.699318,21.904861,21.870644,21.887764,21.973259,21.973259,21.921967,21.921967,21.956161,21.904861,21.819290,21.887764,21.767891,21.750755,21.870644,21.921967,21.733620,21.665016,21.802162,21.802162,21.613518,21.716469,21.785027,21.802162,21.836411,21.682167,21.767891,21.767891,21.716469,21.939064,21.767891,21.767891,21.802162,21.819290,21.836411,21.767891,21.836411,21.750755,21.921967,21.767891,21.956161,21.750755,21.853539,21.682167,21.921967,21.785027,21.870644,21.939064,21.853539,21.870644,21.870644,21.785027,21.870644,21.733620,21.853539,21.870644,21.767891,21.921967,21.973259,21.699318,21.836411,21.990349,22.024513,21.630684,21.716469,21.870644,21.767891,21.887764,21.561981,21.596336,21.613518,21.561981,21.407181,21.458817,21.303802,21.441612,21.424393,21.476021,21.561981,21.579163,21.579163,21.372734,21.476021,21.527603,21.510414,21.458817,21.389961,21.372734,21.527603,21.424393,21.372734,21.131203,21.096642,21.010155,20.975533,20.819542,20.906242,20.680634,20.750122,20.209976,20.489220,20.349724,20.454369,20.506645,20.524055,20.611084,20.680634,20.819542,20.732758,20.923576,20.906242,20.975533,21.044754,20.975533,21.096642,21.062057,20.923576,20.819542,20.923576,20.819542,20.819542,20.698021,20.836899,20.628487,20.645866,20.611084,20.419502,20.384621,20.349724,20.174995,20.069977,20.122513,20.244934,19.982353,20.034943,19.894638,19.754082,19.701309,19.613289,19.436943,19.560417,19.613289,19.419281,19.366287,19.189407,19.189407,19.454590,19.330948,19.136261,18.941109,18.816673,18.620766,18.585091,18.173759,17.958336,17.742363,17.507759,17.127403,16.836464,16.471397,16.159874,15.884071,15.644325,15.329842,15.477974,15.570435,15.329842,15.218575,15.311302,15.366905,15.218575,15.570435,15.644325,15.533455,15.755058,15.662788,15.755058,15.662788,15.514977,15.588913,15.625862,15.607391,15.662788,15.459480,15.422462,15.514977,15.644325,15.681252,15.718163,15.311302,15.607391,15.440964,15.533455,15.403938,15.459480,15.366905,15.274223,15.459480,15.459480,15.514977,15.459480,15.292770,15.366905,15.366905,15.403938,15.329842,15.292770,15.329842,15.292770,15.385422,15.403938,15.311302,15.329842,15.292770,15.237137,15.125755,15.274223,15.237137,15.107178,15.329842,15.348373,15.088600,15.237137,15.237137,14.995636,15.125755,15.032837,15.144333,15.274223,15.070015,15.162895,15.125755,15.218575,15.125755,15.200020,15.162895,15.292770,15.051422,15.181458,15.218575,15.162895,15.125755,15.200020,15.181458,15.070015,15.181458,15.125755,15.032837,15.107178,15.051422,15.107178,15.070015,15.329842,15.032837,15.088600,15.144333,15.107178,15.348373,15.311302,15.311302,15.237137,15.311302,15.311302,15.200020,15.200020,15.292770,15.255684,15.311302,15.459480,15.292770,15.440964,15.255684,15.385422,15.292770,15.237137,15.162895,15.514977,15.329842,15.255684,15.255684,15.311302,15.329842,15.218575,15.274223,15.348373,15.422462,15.477974,15.366905,15.551949,15.385422,15.274223,15.348373,15.422462,15.348373,15.440964,15.477974,15.366905,15.348373,15.570435,15.459480,15.514977,15.422462,15.477974,15.403938,15.200020,15.588913,15.237137,15.644325,15.162895,15.218575,15.051422,15.070015,14.977043,15.032837,15.162895,14.977043,14.865326,14.958420,15.088600,15.237137,15.218575,15.200020,15.403938,15.607391,15.366905,15.311302,15.366905,15.477974,15.422462,15.329842,15.329842,15.366905,15.551949,15.496475,15.200020,15.200020,15.088600,15.366905,15.274223,15.014244,14.939812,15.311302,15.144333,15.144333,15.107178,15.255684,15.422462,15.385422,15.422462,15.440964,15.440964,15.440964,15.422462,15.477974,15.459480,15.311302,15.551949,15.366905,15.422462,15.218575,15.348373,15.218575,15.422462,15.329842,15.274223,15.292770,15.329842,15.422462,15.162895,15.162895,15.218575,15.366905,15.403938,15.200020,15.385422,15.051422,15.274223,15.274223,15.237137,15.348373,15.107178,15.200020,15.144333,15.422462,15.274223,15.274223,15.125755,15.162895,15.292770,15.329842,15.255684,15.237137,15.032837,15.218575,15.385422,15.218575,15.385422,15.403938,15.144333,15.311302,15.292770,15.218575,15.311302,15.032837,15.292770,15.329842,15.070015,15.403938,15.107178,15.440964,15.385422,15.422462,15.385422,15.311302,15.311302,15.255684,15.366905,15.385422,15.255684,15.144333,15.032837,15.422462,15.459480,15.440964,15.459480,15.311302,15.255684,15.292770,15.311302,15.366905,15.403938,15.422462,15.292770,15.422462,15.477974,15.292770,15.533455,15.681252,15.496475,15.570435,15.644325,15.459480,15.422462,15.570435,15.644325,15.496475,15.570435,15.625862,15.514977,15.939293,15.994492,
15.847229,15.755058,15.828796,15.662788,15.847229,15.625862,15.718163,15.699715,15.348373,15.718163,15.422462,15.144333,15.329842,15.292770,15.422462,15.644325,15.533455,15.699715,15.533455,16.251610,16.398201,17.000237,17.109245,17.543900,18.066116,18.388626,18.887802,18.870033,19.366287,19.718910,19.613289,20.157509,20.367180,20.122513,20.314804,20.471802,20.436943,20.750122,20.750122,20.732758,20.836899,20.958221,21.131203,21.303802,21.062057,21.113914,21.441612,21.389961,21.510414,21.476021,21.458817,21.510414,21.579163,21.476021,21.579163,21.802162,21.682167,21.561981,21.476021,21.596336,21.647850,21.665016,21.338272,21.613518,21.836411,21.785027,21.785027,21.510414,21.596336,21.458817,21.733620,21.921967,21.939064,21.956161,21.836411,22.161018,21.939064,22.126915,21.973259,21.956161,21.819290,21.819290,21.579163,21.853539,21.750755,21.853539,21.716469,21.819290,21.750755,21.887764,21.887764,21.921967,22.024513,22.058662,21.836411,22.178062,21.939064,22.024513,22.058662,22.092789,21.921967,21.939064,22.058662,22.092789,21.973259,22.007431,22.024513,21.887764,21.904861,22.092789,21.785027,22.075729,21.870644,21.939064,22.109856,21.990349,22.109856,22.109856,21.956161,22.024513,21.973259,21.921967,21.973259,22.007431,21.956161,22.024513,21.973259,21.990349,22.075729,22.058662,21.973259,22.143959,21.956161,22.126915,21.939064,22.263237,21.973259,22.058662,21.956161,22.178062,21.939064,21.836411,21.716469,21.802162,21.699318,21.750755,21.647850,21.630684,21.716469,21.767891,21.544792,21.561981,21.407181,21.630684,21.819290,21.647850,21.699318,21.836411,21.870644,21.767891,21.904861,21.990349,21.904861,22.007431,21.887764,21.973259,22.041588,21.939064,21.990349,21.853539,21.973259,21.921967,21.956161,22.024513,22.143959,21.853539,21.921967,22.161018,21.853539,21.921967,22.075729,21.767891,21.853539,21.836411,21.870644,21.904861,21.750755,21.682167,21.699318,21.785027,21.853539,21.819290,21.870644,21.870644,21.887764,21.819290,21.785027,22.041588,21.665016,21.716469,21.904861,21.802162,21.716469,21.699318,21.785027,21.613518,21.579163,21.458817,21.579163,21.561981,21.544792,21.750755,21.647850,21.665016,21.767891,21.699318,21.767891,21.699318,21.767891,21.665016,21.665016,21.647850,21.853539,21.630684,21.785027,21.665016,21.750755,21.596336,21.802162,21.493217,21.716469,21.699318,21.647850,21.733620,21.785027,21.682167,21.716469,21.699318,21.785027,21.750755,21.682167,21.613518,21.699318,21.647850,21.785027,21.767891,21.819290,21.750755,21.613518,21.647850,21.596336,21.596336,21.561981,21.767891,21.750755,21.733620,21.750755,21.665016,21.647850,21.544792,21.493217,21.476021,21.407181,21.234810,21.389961,21.389961,21.252068,21.579163,21.561981,21.476021,21.579163,21.355507,21.372734,21.338272,21.217552,21.303802,21.338272,21.183029,21.148476,21.010155,21.062057,21.027458,20.940895,20.836899,20.784843,20.698021,20.784843,20.541473,20.576286,20.558884,20.279877,20.454369,20.558884,20.436943,20.367180,20.541473,20.819542,20.698021,20.906242,20.836899,21.062057,21.062057,20.992851,21.200287,20.923576,20.975533,20.958221,20.958221,20.923576,20.750122,20.750122,20.732758,20.645866,20.611084,20.576286,20.593697,20.436943,20.314804,20.052460,20.279877,20.140007,19.894638,19.859520,19.999893,19.525154,19.859520,19.736496,19.472237,19.295586,19.683716,19.472237,19.436943,19.595665,19.313263,19.313263,19.366287,19.330948,19.136261,18.870033,19.012123,18.495850,18.424385,18.370735,18.084076,17.706314,17.507759,17.127403,16.945679,16.507973,16.233269,15.920883,15.736610,15.625862,15.533455,15.311302,15.366905,15.514977,15.403938,15.348373,15.440964,15.422462,15.366905,15.570435,15.755058,15.533455,15.588913,15.496475,15.514977,15.607391,15.644325,15.570435,15.533455,15.514977,15.440964,15.551949,15.588913,15.551949,15.477974,15.477974,15.440964,15.329842,15.329842,15.551949,15.403938,15.144333,15.440964,15.440964,15.348373,15.385422,15.459480,15.255684,15.607391,15.274223,15.292770,15.181458,15.237137,15.385422,15.292770,15.385422,15.125755,15.255684,15.125755,15.366905,15.070015,15.125755,15.088600,15.533455,15.348373,15.032837,15.162895,15.032837,15.200020,15.144333,15.125755,15.311302,15.088600,15.051422,15.070015,15.218575,15.088600,15.144333,15.237137,15.088600,15.107178,15.255684,15.181458,15.255684,15.051422,14.995636,15.218575,15.051422,15.255684,15.107178,15.255684,15.088600,15.144333,15.144333,15.237137,15.070015,15.162895,15.088600,15.255684,15.200020,14.995636,15.200020,15.144333,15.162895,15.181458,15.274223,15.366905,15.366905,15.366905,15.274223,15.329842,15.514977,15.366905,15.255684,15.403938,15.200020,15.200020,15.274223,15.366905,15.181458,15.311302,15.255684,15.292770,15.237137,15.237137,15.311302,15.348373,15.292770,15.329842,15.385422,15.422462,15.348373,15.329842,15.274223,15.274223,15.403938,15.348373,15.311302,15.736610,15.348373,15.533455,15.255684,15.496475,15.440964,15.662788,15.292770,15.385422,15.496475,15.570435,15.533455,15.292770,15.459480,15.311302,15.292770,15.255684,15.162895,15.125755,14.809425,14.921196,14.995636,14.772133,14.716171,14.977043,14.995636,15.014244,15.088600,15.237137,14.995636,15.292770,15.440964,15.533455,15.477974,15.348373,15.422462,15.422462,15.514977,15.551949,15.514977,15.403938,15.385422,15.459480,15.311302,15.125755,15.070015,14.772133,15.181458,15.144333,15.292770,15.144333,15.144333,15.014244,15.088600,15.107178,15.311302,15.533455,15.440964,15.292770,15.403938,15.533455,15.477974,15.385422,15.348373,15.514977,15.440964,15.514977,15.292770,15.274223,15.292770,15.440964,15.292770,15.366905,15.366905,15.348373,15.440964,15.162895,15.255684,15.385422,15.440964,15.125755,15.107178,15.292770,15.218575,15.366905,15.181458,15.440964,15.144333,15.181458,15.274223,15.348373,15.162895,15.348373,15.162895,15.440964,15.366905,15.311302,15.311302,15.274223,15.255684,15.311302,15.051422,15.218575,15.144333,15.422462,15.144333,15.514977,15.274223,15.255684,15.218575,15.237137,15.181458,15.496475,15.237137,15.255684,15.274223,15.329842,15.200020,15.311302,15.144333,15.237137,15.274223,15.311302,15.329842,15.255684,15.162895,15.311302,15.162895,15.088600,15.237137,15.311302,15.348373,15.218575,15.274223,15.311302,15.125755,15.366905,15.237137,15.255684,15.329842,15.311302,15.329842,15.588913,15.403938,15.385422,15.570435,15.607391,15.422462,15.422462,15.699715,15.403938,15.625862,15.385422,15.699715,15.385422,15.681252,15.366905,15.496475,15.847229,
15.994492,15.791931,15.662788,15.828796,15.477974,15.607391,15.662788,15.699715,15.459480,15.440964,15.218575,15.459480,15.255684,15.588913,15.459480,15.311302,15.736610,15.791931,15.828796,16.049652,16.416496,16.708862,17.236252,17.706314,17.976311,18.531555,18.852249,18.887802,19.065346,19.560417,19.841957,19.912178,19.912178,20.034943,20.454369,20.732758,20.454369,20.576286,20.819542,20.784843,20.819542,20.802200,20.992851,21.286568,21.165756,21.286568,21.269310,21.510414,21.372734,21.321045,21.389961,21.389961,21.303802,21.596336,21.630684,21.682167,21.750755,21.493217,21.733620,21.630684,21.613518,21.613518,21.561981,21.561981,21.699318,21.630684,21.802162,21.579163,21.699318,21.733620,21.699318,21.870644,21.647850,21.630684,21.990349,21.853539,21.733620,21.870644,21.836411,21.716469,21.716469,21.990349,21.665016,21.819290,21.836411,21.699318,21.767891,21.682167,21.682167,21.647850,21.665016,21.973259,22.178062,21.990349,22.126915,22.024513,22.075729,22.024513,22.075729,22.178062,22.041588,21.956161,22.126915,22.007431,21.939064,21.785027,22.109856,21.887764,21.939064,21.819290,21.870644,21.870644,21.836411,21.819290,22.075729,22.126915,21.904861,21.990349,21.836411,22.092789,22.126915,21.887764,21.921967,22.075729,21.973259,21.973259,22.007431,21.887764,22.126915,22.092789,22.246208,22.143959,22.092789,22.075729,22.348305,22.195107,22.161018,22.041588,21.921967,21.939064,21.973259,21.939064,22.058662,21.904861,21.921967,21.750755,21.613518,21.544792,21.579163,21.802162,21.596336,21.630684,21.561981,21.544792,21.767891,21.579163,21.561981,21.613518,21.767891,21.785027,21.647850,21.939064,21.630684,21.836411,21.716469,21.836411,21.921967,21.853539,21.904861,21.665016,21.956161,21.870644,21.921967,21.990349,21.939064,21.904861,21.904861,21.921967,21.973259,21.733620,21.939064,21.733620,21.819290,21.802162,21.665016,21.836411,21.887764,21.836411,21.458817,21.682167,21.733620,21.802162,21.613518,21.853539,21.887764,21.819290,21.665016,21.767891,21.716469,21.682167,21.870644,21.630684,21.767891,21.716469,21.699318,21.665016,21.699318,21.579163,21.458817,21.665016,21.819290,21.716469,21.853539,21.665016,21.699318,21.699318,21.802162,21.767891,21.665016,21.699318,21.767891,21.853539,21.544792,21.785027,21.802162,21.493217,21.561981,21.613518,21.647850,21.785027,21.596336,21.630684,21.579163,21.630684,21.665016,21.665016,21.527603,21.579163,21.544792,21.699318,21.716469,21.561981,21.647850,21.733620,21.476021,21.510414,21.424393,21.596336,21.716469,21.493217,21.613518,21.527603,21.561981,21.630684,21.561981,21.682167,21.527603,21.716469,21.596336,21.613518,21.441612,21.476021,21.510414,21.424393,21.338272,21.183029,21.234810,21.113914,21.217552,21.372734,21.355507,21.458817,21.303802,21.372734,21.355507,21.355507,21.027458,21.096642,21.113914,21.010155,20.940895,20.698021,20.888908,20.888908,20.593697,20.663254,20.663254,20.489220,20.489220,20.436943,20.384621,20.471802,20.611084,20.402061,20.524055,20.593697,20.611084,20.715385,20.732758,20.732758,20.958221,21.062057,21.062057,20.906242,20.819542,21.062057,21.079346,20.906242,20.854233,20.715385,20.680634,20.663254,20.593697,20.628487,20.436943,20.541473,20.489220,20.349724,20.506645,20.105003,20.052460,19.982353,19.789246,19.929733,19.630898,19.613289,19.489883,19.771667,19.419281,19.489883,19.313263,19.277893,19.507530,19.401619,19.224815,19.313263,19.242508,19.153984,19.065346,18.852249,18.656418,18.495850,18.191681,18.030205,17.796410,17.417351,17.072929,16.635872,16.526253,16.178230,15.957695,15.736610,15.681252,15.403938,15.329842,15.366905,15.477974,15.329842,15.403938,15.459480,15.329842,15.274223,15.533455,15.477974,15.644325,15.514977,15.311302,15.477974,15.662788,15.514977,15.422462,15.477974,15.551949,15.366905,15.366905,15.459480,15.681252,15.459480,15.255684,15.366905,15.514977,15.366905,15.292770,15.422462,15.459480,15.459480,15.311302,15.348373,15.274223,15.292770,15.218575,15.181458,15.125755,15.237137,15.274223,15.144333,15.125755,15.200020,15.162895,15.218575,15.311302,15.348373,15.200020,15.032837,15.237137,15.125755,15.162895,15.385422,15.181458,14.995636,15.088600,15.107178,15.032837,15.181458,15.014244,15.218575,15.162895,15.051422,15.125755,15.181458,15.200020,15.125755,15.237137,15.292770,15.200020,15.311302,14.995636,15.088600,15.144333,15.218575,15.088600,15.070015,15.200020,15.218575,15.237137,15.088600,15.292770,14.995636,15.088600,15.070015,15.181458,15.032837,14.995636,15.125755,15.274223,15.032837,15.218575,15.200020,15.070015,15.255684,15.051422,15.255684,15.200020,15.348373,15.274223,15.255684,15.237137,15.125755,15.255684,15.348373,15.255684,15.422462,15.292770,15.274223,15.274223,15.403938,15.144333,15.311302,15.200020,15.070015,15.237137,15.366905,15.200020,15.459480,15.162895,15.292770,15.551949,15.496475,15.311302,15.403938,15.366905,15.496475,15.366905,15.477974,15.440964,15.422462,15.292770,15.440964,15.570435,15.329842,15.329842,15.366905,15.311302,15.440964,15.496475,15.348373,15.181458,15.366905,15.107178,15.385422,14.865326,14.977043,14.604141,14.883965,14.622826,14.977043,14.846703,14.734833,15.070015,15.144333,15.070015,15.088600,15.533455,15.459480,15.533455,15.403938,15.329842,15.533455,15.366905,15.551949,15.274223,15.237137,15.255684,15.237137,15.366905,15.255684,15.107178,15.162895,15.144333,15.125755,15.014244,15.144333,15.014244,15.107178,15.032837,15.255684,15.329842,15.162895,15.274223,15.348373,15.348373,15.329842,15.366905,15.274223,15.385422,15.422462,15.644325,15.255684,15.292770,15.403938,15.440964,15.440964,15.218575,15.459480,15.162895,15.181458,15.125755,15.181458,15.144333,15.292770,15.218575,15.292770,15.107178,15.255684,15.292770,15.255684,15.162895,15.200020,15.200020,15.181458,15.181458,15.200020,15.144333,15.292770,15.107178,15.218575,15.218575,15.274223,15.051422,15.162895,15.125755,15.311302,15.200020,15.311302,15.422462,15.032837,15.292770,15.088600,15.051422,15.255684,15.366905,15.237137,15.422462,15.162895,15.107178,15.440964,15.181458,15.274223,15.144333,15.366905,15.255684,15.311302,15.125755,15.237137,15.162895,15.311302,15.514977,15.348373,15.329842,14.977043,15.274223,15.107178,15.181458,15.292770,15.311302,15.292770,15.366905,15.200020,15.200020,15.311302,15.311302,15.255684,15.644325,15.385422,15.403938,15.588913,15.311302,15.329842,15.588913,15.459480,15.681252,15.514977,15.625862,15.681252,15.699715,15.459480,15.440964,15.533455,15.736610,15.644325,
15.847229,15.514977,15.755058,15.736610,15.496475,15.496475,15.588913,15.644325,15.459480,15.588913,15.403938,15.348373,15.403938,15.403938,15.348373,15.292770,15.662788,15.939293,15.902481,16.159874,16.416496,16.745338,17.344955,17.760384,17.940361,18.442253,18.656418,19.242508,19.436943,19.578049,19.560417,20.017418,20.297348,20.087494,20.524055,20.314804,20.419502,20.524055,20.680634,20.750122,20.836899,20.819542,21.027458,21.217552,21.200287,21.303802,21.096642,21.389961,21.321045,21.355507,21.252068,21.527603,21.561981,21.579163,21.527603,21.682167,21.716469,21.853539,21.665016,21.476021,21.785027,21.647850,21.630684,21.647850,21.647850,21.699318,21.493217,21.579163,21.527603,21.579163,21.596336,21.699318,21.579163,21.887764,21.973259,21.921967,21.733620,21.544792,21.647850,21.802162,21.887764,21.613518,21.870644,21.870644,21.699318,21.904861,21.682167,21.939064,21.802162,21.887764,21.802162,21.870644,22.007431,22.143959,22.143959,22.263237,22.007431,21.939064,22.092789,22.263237,22.126915,22.041588,22.041588,22.178062,21.870644,22.126915,21.939064,21.990349,21.887764,21.921967,21.887764,22.075729,21.956161,21.785027,21.973259,21.904861,21.939064,22.058662,22.041588,22.092789,22.058662,22.024513,22.024513,22.092789,21.956161,22.041588,21.973259,22.058662,22.092789,22.058662,22.195107,22.331291,22.263237,22.501198,22.229179,22.246208,22.178062,22.450264,22.092789,22.126915,21.921967,21.939064,21.973259,21.870644,21.836411,21.733620,21.407181,21.733620,21.527603,21.699318,21.510414,21.682167,21.596336,21.527603,21.613518,21.682167,21.699318,21.665016,21.647850,21.613518,21.921967,21.561981,21.836411,21.785027,21.785027,21.767891,21.750755,21.836411,21.682167,21.853539,21.939064,21.767891,21.956161,22.041588,21.887764,21.956161,21.767891,21.973259,21.904861,21.819290,21.939064,21.887764,21.785027,21.921967,21.561981,21.819290,21.630684,21.819290,21.613518,21.630684,21.750755,21.510414,21.596336,21.870644,21.733620,21.699318,21.716469,21.802162,21.785027,21.630684,21.527603,21.716469,21.647850,21.613518,21.613518,21.579163,21.596336,21.544792,21.579163,21.476021,21.733620,21.716469,21.544792,21.596336,21.561981,21.716469,21.665016,21.527603,21.647850,21.682167,21.665016,21.716469,21.561981,21.596336,21.630684,21.630684,21.733620,21.665016,21.527603,21.407181,21.579163,21.561981,21.424393,21.424393,21.596336,21.596336,21.510414,21.596336,21.682167,21.561981,21.561981,21.613518,21.493217,21.699318,21.424393,21.630684,21.441612,21.544792,21.579163,21.596336,21.596336,21.561981,21.561981,21.579163,21.630684,21.596336,21.561981,21.527603,21.613518,21.389961,21.493217,21.407181,21.441612,21.407181,21.165756,21.372734,21.407181,21.234810,21.458817,21.148476,21.252068,21.217552,21.389961,21.252068,21.010155,21.079346,21.252068,21.183029,20.975533,20.888908,21.148476,20.871582,20.802200,20.819542,20.436943,20.611084,20.524055,20.384621,20.402061,20.279877,20.419502,20.611084,20.454369,20.506645,20.471802,20.558884,20.680634,20.715385,20.819542,20.906242,20.906242,20.958221,21.131203,20.923576,21.096642,21.096642,20.958221,20.958221,21.027458,20.784843,20.715385,20.541473,20.628487,20.645866,20.506645,20.349724,20.332268,20.314804,20.244934,20.262413,20.034943,20.087494,19.859520,19.877083,19.771667,19.806816,19.525154,19.718910,19.472237,19.525154,19.153984,19.313263,19.401619,19.542793,19.224815,19.295586,19.260208,19.100807,18.976631,18.870033,18.513702,18.460121,18.370735,18.030205,17.706314,17.308739,17.145554,16.654121,16.361572,16.141510,15.884071,15.828796,15.681252,15.366905,15.348373,15.385422,15.422462,15.329842,15.292770,15.329842,15.477974,15.440964,15.607391,15.477974,15.625862,15.570435,15.588913,15.459480,15.607391,15.477974,15.533455,15.533455,15.403938,15.385422,15.422462,15.440964,15.274223,15.459480,15.329842,15.514977,15.385422,15.588913,15.237137,15.311302,15.329842,15.514977,15.385422,15.459480,15.477974,15.292770,15.292770,15.366905,15.237137,15.292770,15.237137,15.200020,15.274223,15.125755,15.125755,15.088600,14.995636,15.162895,15.255684,15.181458,15.200020,15.051422,15.237137,15.070015,15.070015,15.274223,15.162895,15.144333,15.032837,15.237137,15.292770,15.088600,14.995636,15.218575,15.051422,15.144333,15.181458,15.125755,15.125755,15.200020,15.032837,15.162895,14.939812,15.070015,15.218575,15.144333,15.181458,15.107178,14.902580,15.181458,15.144333,15.014244,15.107178,15.032837,15.125755,15.125755,15.088600,15.181458,15.107178,15.088600,15.107178,15.237137,15.070015,15.051422,15.181458,15.144333,15.218575,15.051422,15.088600,15.311302,15.162895,15.162895,15.237137,15.274223,15.162895,15.348373,15.088600,15.162895,15.088600,15.255684,15.237137,15.292770,15.366905,15.181458,15.162895,15.218575,15.218575,15.200020,15.311302,15.329842,15.237137,15.773499,15.403938,15.311302,15.570435,15.181458,15.385422,15.459480,15.385422,15.459480,15.422462,15.533455,15.274223,15.551949,15.514977,15.385422,15.348373,15.514977,15.440964,15.477974,15.107178,15.403938,15.329842,15.292770,15.051422,15.088600,15.014244,15.051422,14.939812,14.846703,14.790794,14.902580,14.958420,14.958420,15.088600,15.237137,15.200020,15.292770,15.440964,15.440964,15.311302,15.514977,15.274223,15.440964,15.440964,15.329842,15.551949,15.422462,15.162895,15.403938,15.051422,14.995636,15.181458,15.014244,14.977043,14.977043,15.162895,15.218575,14.809425,15.181458,15.200020,15.125755,15.348373,15.459480,15.348373,15.385422,15.051422,15.292770,15.274223,15.181458,15.032837,15.588913,15.200020,15.200020,15.311302,15.255684,15.218575,15.181458,15.422462,15.292770,15.385422,15.274223,15.274223,15.237137,15.144333,15.218575,15.237137,15.255684,15.218575,15.200020,15.162895,15.107178,15.125755,15.292770,15.255684,15.237137,15.162895,15.459480,15.218575,15.125755,15.311302,15.144333,14.958420,15.385422,15.237137,15.255684,15.032837,15.459480,15.107178,15.107178,15.403938,15.070015,14.995636,15.162895,15.107178,15.791931,15.255684,15.162895,15.218575,15.237137,15.181458,15.255684,15.218575,15.144333,15.311302,15.329842,15.162895,15.200020,15.070015,15.274223,15.144333,15.255684,15.218575,15.348373,15.162895,15.311302,15.107178,15.014244,15.329842,15.237137,15.181458,15.274223,15.311302,15.311302,15.403938,15.459480,15.292770,15.329842,15.329842,15.218575,15.496475,15.366905,15.514977,15.551949,15.218575,15.200020,15.533455,15.496475,15.459480,15.588913,15.366905,15.385422,15.459480,15.218575,15.533455,15.791931,
15.810371,15.570435,15.607391,15.681252,15.625862,15.570435,15.477974,15.625862,15.496475,15.292770,15.237137,15.366905,15.644325,15.496475,15.422462,15.311302,15.459480,15.644325,15.847229,15.957695,16.562805,16.891090,17.272507,17.814415,18.209602,18.317062,18.816673,18.976631,19.224815,19.595665,19.824394,20.052460,20.279877,20.227455,20.140007,20.454369,20.454369,20.750122,20.715385,20.732758,20.732758,20.940895,21.044754,21.044754,21.113914,21.183029,21.252068,21.165756,21.286568,21.424393,21.510414,21.441612,21.441612,21.561981,21.665016,21.802162,21.476021,21.613518,21.579163,21.630684,21.458817,21.510414,21.579163,21.493217,21.544792,21.802162,21.441612,21.716469,21.682167,21.561981,21.682167,21.699318,21.887764,21.699318,21.750755,21.887764,21.716469,21.699318,21.802162,21.819290,21.699318,21.887764,21.630684,21.699318,21.853539,21.836411,21.682167,21.699318,21.836411,21.819290,21.870644,22.109856,21.870644,22.161018,22.041588,22.263237,22.161018,22.075729,22.007431,22.348305,22.178062,22.058662,22.178062,22.109856,22.024513,21.939064,21.904861,22.126915,22.195107,21.785027,21.836411,22.041588,22.024513,22.041588,21.939064,22.041588,21.904861,21.973259,21.887764,21.921967,21.990349,22.143959,22.041588,22.024513,22.092789,21.870644,22.041588,22.109856,22.075729,22.195107,22.212143,22.416298,22.195107,22.331291,22.314293,22.280251,22.501198,22.229179,22.314293,22.126915,22.212143,22.109856,21.904861,21.990349,21.785027,21.699318,21.733620,21.579163,21.510414,21.682167,21.544792,21.682167,21.493217,21.544792,21.510414,21.527603,21.699318,21.561981,21.716469,21.544792,21.579163,21.716469,21.699318,21.561981,21.733620,21.630684,21.630684,21.699318,21.596336,21.733620,21.733620,21.767891,21.956161,21.973259,22.041588,21.870644,21.750755,21.921967,22.058662,21.853539,21.716469,21.836411,22.041588,21.921967,21.785027,21.733620,21.733620,21.767891,21.836411,21.682167,21.647850,21.802162,21.767891,21.836411,21.699318,21.750755,21.682167,21.853539,21.647850,21.870644,21.733620,21.870644,21.630684,21.579163,21.579163,21.699318,21.665016,21.613518,21.561981,21.647850,21.476021,21.613518,21.596336,21.699318,21.716469,21.819290,21.665016,21.733620,21.630684,21.665016,21.665016,21.441612,21.699318,21.579163,21.544792,21.613518,21.389961,21.579163,21.510414,21.458817,21.596336,21.561981,21.389961,21.424393,21.355507,21.441612,21.424393,21.476021,21.389961,21.458817,21.355507,21.424393,21.424393,21.424393,21.510414,21.286568,21.424393,21.476021,21.407181,21.407181,21.458817,21.476021,21.458817,21.596336,21.510414,21.493217,21.424393,21.458817,21.424393,21.441612,21.389961,21.510414,21.338272,21.338272,21.372734,21.217552,21.096642,21.062057,21.113914,21.269310,21.252068,21.183029,21.062057,21.113914,21.079346,20.975533,21.044754,21.044754,21.113914,20.836899,20.854233,20.750122,20.767487,20.819542,20.732758,20.715385,20.454369,20.506645,20.384621,20.436943,20.419502,20.314804,20.489220,20.402061,20.558884,20.541473,20.750122,20.698021,20.854233,21.010155,20.871582,21.079346,20.975533,21.096642,20.836899,20.992851,20.923576,20.923576,21.096642,20.906242,20.732758,20.767487,20.611084,20.436943,20.593697,20.454369,20.384621,20.279877,20.174995,20.174995,20.174995,19.964821,19.982353,19.877083,19.630898,19.947273,19.613289,19.542793,19.648506,19.542793,19.277893,19.313263,19.419281,19.330948,19.419281,19.224815,19.277893,19.242508,19.136261,18.763298,18.745483,18.352852,18.352852,17.976311,17.561958,17.381157,17.091087,16.727104,16.233269,16.251610,15.847229,15.773499,15.570435,15.699715,15.274223,15.255684,15.237137,15.200020,15.329842,15.292770,15.292770,15.533455,15.459480,15.736610,15.644325,15.533455,15.422462,15.588913,15.477974,15.514977,15.588913,15.311302,15.422462,15.625862,15.403938,15.625862,15.551949,15.440964,15.366905,15.329842,15.514977,15.514977,15.385422,15.311302,15.403938,15.311302,15.348373,15.348373,15.274223,15.385422,15.200020,15.274223,15.311302,15.403938,15.237137,15.070015,15.311302,15.311302,15.051422,15.255684,15.107178,15.218575,15.200020,15.385422,15.218575,15.329842,15.088600,15.218575,15.014244,15.162895,15.237137,15.144333,14.995636,14.828064,14.958420,15.032837,15.181458,15.218575,15.144333,15.144333,15.014244,15.032837,15.162895,15.088600,15.032837,15.144333,15.237137,14.977043,15.181458,15.292770,15.107178,15.051422,15.088600,15.107178,15.200020,15.144333,15.088600,15.162895,15.051422,15.181458,15.014244,15.181458,15.107178,14.902580,14.958420,15.032837,15.125755,15.218575,15.125755,14.958420,15.237137,15.107178,15.051422,15.032837,15.125755,15.144333,15.200020,15.162895,15.162895,15.144333,15.218575,15.311302,15.144333,15.255684,15.051422,15.366905,15.162895,15.237137,15.200020,15.366905,15.255684,15.200020,15.088600,15.200020,15.348373,15.403938,15.218575,15.403938,15.348373,15.329842,15.422462,15.514977,15.311302,15.274223,15.403938,15.366905,15.348373,15.459480,15.385422,15.533455,15.311302,15.496475,15.385422,15.366905,15.255684,15.144333,15.200020,15.274223,15.070015,15.255684,14.865326,15.032837,14.958420,14.790794,14.846703,14.977043,14.809425,14.828064,14.883965,15.125755,15.292770,15.385422,15.274223,15.385422,15.237137,15.440964,15.440964,15.348373,15.403938,15.514977,15.292770,15.311302,15.070015,15.200020,15.218575,15.070015,14.977043,15.051422,15.051422,14.939812,14.902580,15.329842,15.107178,15.032837,14.977043,15.274223,15.292770,15.477974,15.496475,15.588913,15.440964,15.366905,15.237137,15.255684,15.125755,15.311302,15.125755,15.181458,15.032837,15.311302,15.329842,15.366905,15.329842,15.237137,15.255684,15.348373,15.144333,15.088600,15.218575,15.348373,15.422462,15.329842,15.032837,15.181458,15.200020,15.477974,15.237137,15.329842,15.125755,15.144333,15.311302,15.144333,15.162895,15.200020,15.070015,15.200020,15.107178,15.311302,15.200020,15.385422,15.311302,15.329842,15.162895,15.292770,15.274223,15.144333,15.107178,15.255684,15.107178,15.181458,15.051422,15.292770,15.181458,15.088600,15.440964,15.274223,15.144333,15.385422,15.311302,15.366905,15.088600,15.348373,15.348373,15.144333,15.274223,15.311302,15.385422,15.329842,15.088600,15.218575,15.088600,15.274223,15.218575,15.200020,15.385422,15.348373,15.329842,15.237137,15.440964,15.570435,15.218575,15.200020,15.274223,15.422462,15.385422,15.366905,15.385422,15.329842,15.292770,15.496475,15.625862,15.607391,15.403938,15.625862,15.440964,15.496475,15.570435,15.422462,15.533455,15.681252,
15.718163,15.736610,15.514977,15.884071,15.755058,15.662788,15.681252,15.440964,15.607391,15.274223,15.403938,15.348373,15.403938,15.440964,15.440964,15.551949,15.496475,15.607391,15.755058,16.086403,16.453102,16.909286,17.272507,17.814415,18.137894,18.549400,18.638596,19.029869,19.224815,19.401619,19.877083,19.824394,20.034943,20.419502,20.157509,20.279877,20.506645,20.593697,20.645866,20.836899,20.750122,20.819542,20.992851,21.338272,20.871582,21.217552,21.217552,21.286568,21.321045,21.510414,21.458817,21.630684,21.630684,21.355507,21.682167,21.699318,21.647850,21.493217,21.630684,21.424393,21.476021,21.630684,21.767891,21.630684,21.476021,21.647850,21.458817,21.458817,21.458817,21.407181,21.407181,21.510414,21.819290,21.767891,21.561981,21.630684,21.716469,21.596336,21.973259,21.785027,21.750755,21.853539,21.887764,21.647850,21.836411,21.733620,21.613518,21.767891,21.785027,21.699318,21.990349,22.212143,22.195107,22.212143,22.161018,22.297272,22.007431,22.041588,22.058662,22.433289,22.178062,22.229179,21.990349,21.956161,22.143959,22.075729,22.075729,22.143959,21.819290,22.126915,21.802162,21.887764,21.939064,21.887764,21.802162,21.921967,21.870644,22.007431,21.939064,22.126915,21.853539,22.075729,21.990349,22.092789,22.075729,21.956161,22.058662,22.161018,22.024513,22.246208,22.365303,22.212143,22.229179,22.263237,22.178062,22.331291,22.297272,22.382309,22.178062,22.126915,22.161018,22.178062,22.024513,22.007431,21.767891,21.767891,21.665016,21.441612,21.682167,21.665016,21.493217,21.458817,21.544792,21.579163,21.665016,21.802162,21.493217,21.682167,21.785027,21.544792,21.596336,21.527603,21.561981,21.544792,21.527603,21.767891,21.647850,21.647850,21.836411,21.579163,21.802162,21.785027,21.904861,21.527603,21.990349,21.767891,21.767891,21.767891,21.853539,21.939064,21.647850,21.802162,21.767891,21.716469,21.733620,21.750755,21.836411,21.527603,21.579163,21.630684,21.596336,21.527603,21.544792,21.682167,21.476021,21.665016,21.630684,21.665016,21.750755,21.613518,21.596336,21.527603,21.647850,21.561981,21.682167,21.424393,21.579163,21.389961,21.458817,21.561981,21.561981,21.527603,21.476021,21.544792,21.699318,21.527603,21.665016,21.476021,21.458817,21.579163,21.458817,21.372734,21.510414,21.355507,21.407181,21.165756,21.407181,21.476021,21.200287,21.303802,21.372734,21.424393,21.321045,21.389961,21.493217,21.321045,21.252068,21.372734,21.217552,21.424393,21.355507,21.321045,21.165756,21.389961,21.217552,21.079346,21.286568,21.389961,21.183029,21.424393,21.493217,21.303802,21.389961,21.510414,21.441612,21.476021,21.441612,21.544792,21.234810,21.424393,21.355507,21.131203,21.252068,21.286568,21.079346,21.200287,21.010155,21.131203,20.854233,21.165756,21.027458,21.079346,21.113914,20.819542,21.062057,20.888908,21.044754,20.975533,20.992851,20.819542,20.767487,20.698021,20.663254,20.628487,20.471802,20.436943,20.454369,20.628487,20.227455,20.628487,20.384621,20.576286,20.436943,20.402061,20.593697,20.541473,20.663254,20.750122,20.524055,20.628487,20.958221,20.767487,20.628487,20.940895,20.732758,21.027458,20.836899,20.888908,20.715385,20.975533,20.663254,20.767487,20.802200,20.454369,20.524055,20.576286,20.628487,20.384621,20.244934,20.349724,19.929733,20.052460,19.929733,19.771667,19.824394,19.683716,19.683716,19.383957,19.507530,19.454590,19.295586,19.401619,19.189407,19.047615,19.489883,19.242508,19.100807,19.065346,18.994377,18.745483,18.567253,18.442253,18.334953,18.066116,17.561958,17.435440,17.018410,16.635872,16.416496,16.086403,15.920883,15.718163,15.533455,15.366905,15.218575,15.329842,15.422462,15.459480,15.403938,15.255684,15.440964,15.366905,15.533455,15.403938,15.440964,15.459480,15.496475,15.662788,15.588913,15.607391,15.662788,15.440964,15.403938,15.533455,15.348373,15.440964,15.403938,15.551949,15.422462,15.533455,15.422462,15.514977,15.459480,15.533455,15.514977,15.311302,15.311302,15.311302,15.366905,15.162895,15.366905,15.403938,15.440964,15.218575,14.977043,15.107178,15.292770,15.403938,15.125755,15.181458,15.311302,15.311302,15.088600,15.162895,15.292770,15.255684,15.162895,15.051422,15.181458,15.144333,15.200020,15.051422,15.107178,15.255684,14.977043,15.107178,15.107178,15.366905,14.921196,15.162895,15.422462,15.051422,15.070015,15.051422,15.218575,15.181458,15.070015,15.255684,15.070015,15.088600,15.032837,15.088600,15.107178,15.014244,15.200020,15.255684,15.181458,15.144333,15.255684,15.144333,15.107178,15.237137,14.958420,15.107178,14.995636,15.032837,15.200020,15.088600,15.237137,15.070015,15.144333,15.255684,15.032837,15.218575,15.237137,15.181458,14.958420,15.200020,15.181458,15.311302,15.181458,15.311302,15.311302,15.200020,15.032837,15.440964,15.162895,15.218575,15.274223,15.218575,15.274223,15.403938,15.144333,15.477974,15.366905,15.477974,15.385422,15.496475,15.329842,15.422462,15.385422,15.237137,15.292770,15.385422,15.459480,15.292770,15.422462,15.459480,15.422462,15.422462,15.311302,15.403938,15.496475,15.403938,15.403938,15.274223,15.125755,15.329842,15.088600,14.977043,14.995636,14.865326,14.977043,14.902580,14.939812,14.846703,14.921196,14.921196,15.070015,15.218575,15.218575,15.496475,15.514977,15.385422,15.311302,15.403938,15.403938,15.366905,15.477974,15.496475,15.644325,15.200020,15.348373,15.292770,15.125755,15.125755,15.125755,15.162895,14.902580,15.051422,14.865326,15.162895,14.977043,15.218575,14.977043,15.274223,15.329842,15.403938,15.274223,15.218575,15.385422,15.496475,15.162895,15.440964,15.162895,15.403938,15.051422,15.218575,15.125755,15.181458,15.385422,15.237137,15.125755,15.366905,15.107178,15.237137,15.162895,15.292770,15.144333,15.218575,15.181458,15.125755,15.200020,15.144333,15.218575,15.162895,15.237137,15.292770,15.218575,15.125755,15.255684,15.274223,15.125755,15.274223,15.181458,15.237137,15.200020,15.014244,15.237137,15.181458,15.088600,15.292770,14.995636,15.311302,15.237137,15.088600,15.162895,15.237137,15.200020,15.255684,15.274223,15.311302,15.144333,15.181458,15.125755,15.200020,15.088600,15.255684,15.218575,15.237137,15.125755,15.366905,15.181458,15.162895,15.125755,15.107178,15.237137,15.032837,15.366905,15.107178,15.070015,15.181458,15.070015,15.422462,15.181458,15.218575,15.200020,15.292770,15.403938,15.200020,15.218575,15.218575,15.237137,15.144333,15.459480,15.329842,15.533455,15.459480,15.533455,15.459480,15.237137,15.514977,15.459480,15.385422,15.366905,15.570435,15.514977,15.477974,15.644325,15.828796,
15.847229,15.588913,15.607391,15.570435,15.718163,15.477974,15.459480,15.607391,15.274223,15.311302,15.329842,15.366905,15.348373,15.533455,15.440964,15.588913,15.570435,15.588913,16.031273,16.269951,16.361572,16.818245,17.254379,17.290627,18.048164,18.317062,18.656418,18.870033,19.189407,19.401619,19.771667,19.964821,20.244934,20.140007,20.314804,20.367180,20.454369,20.698021,20.819542,20.767487,20.819542,21.079346,21.079346,21.062057,20.923576,21.027458,21.183029,21.252068,21.338272,21.321045,21.493217,21.596336,21.372734,21.510414,21.682167,21.802162,21.527603,21.561981,21.750755,21.544792,21.596336,21.647850,21.613518,21.647850,21.372734,21.647850,21.596336,21.544792,21.407181,21.647850,21.493217,21.647850,21.785027,21.733620,21.699318,21.665016,21.647850,21.904861,21.733620,21.682167,21.647850,21.836411,21.733620,21.647850,21.682167,21.682167,21.613518,21.699318,21.750755,21.819290,21.785027,22.024513,22.075729,22.007431,22.075729,22.229179,22.518166,22.263237,22.229179,22.399300,22.297272,22.246208,22.024513,22.024513,22.007431,22.058662,22.331291,22.007431,21.921967,22.041588,22.007431,22.041588,21.853539,21.887764,21.956161,22.075729,22.161018,22.041588,22.058662,21.939064,21.956161,22.126915,22.178062,22.058662,22.041588,21.990349,22.314293,21.921967,22.229179,22.229179,22.126915,22.263237,22.348305,22.365303,22.467247,22.280251,22.246208,22.280251,22.109856,22.246208,22.109856,22.109856,22.041588,21.853539,21.904861,21.733620,21.613518,21.647850,21.699318,21.596336,21.613518,21.544792,21.527603,21.493217,21.527603,21.647850,21.544792,21.630684,21.699318,21.527603,21.493217,21.596336,21.613518,21.596336,21.682167,21.767891,21.561981,21.407181,21.630684,21.682167,21.596336,21.665016,21.750755,21.904861,21.733620,21.887764,21.785027,21.904861,21.887764,21.699318,21.750755,21.887764,21.767891,21.716469,21.561981,21.665016,21.665016,21.699318,21.561981,21.527603,21.682167,21.561981,21.750755,21.665016,21.596336,21.596336,21.493217,21.527603,21.716469,21.716469,21.665016,21.596336,21.665016,21.476021,21.544792,21.630684,21.596336,21.510414,21.407181,21.527603,21.458817,21.407181,21.561981,21.682167,21.389961,21.647850,21.493217,21.699318,21.493217,21.303802,21.613518,21.596336,21.510414,21.303802,21.200287,21.252068,21.338272,21.183029,21.269310,21.355507,21.338272,21.303802,21.217552,21.252068,21.269310,21.286568,21.286568,21.079346,21.165756,21.217552,21.217552,21.200287,21.355507,21.131203,21.372734,21.424393,21.286568,21.183029,21.148476,21.372734,21.131203,21.424393,21.148476,21.355507,21.407181,21.544792,21.424393,21.424393,21.561981,21.269310,21.458817,21.424393,21.217552,21.200287,21.113914,21.079346,21.044754,21.079346,21.044754,20.975533,20.906242,20.906242,20.975533,20.854233,20.923576,20.958221,20.784843,20.767487,20.784843,20.888908,20.698021,20.802200,20.558884,20.576286,20.732758,20.611084,20.279877,20.419502,20.349724,20.297348,20.419502,20.489220,20.332268,20.367180,20.524055,20.611084,20.611084,20.663254,20.888908,20.802200,20.802200,20.871582,21.010155,21.062057,20.958221,20.871582,20.940895,20.784843,20.940895,20.871582,21.148476,20.871582,20.819542,20.541473,20.506645,20.524055,20.471802,20.314804,20.227455,20.314804,20.034943,19.929733,19.718910,19.771667,19.701309,19.595665,19.560417,19.666115,19.648506,19.436943,19.489883,19.366287,19.260208,19.260208,19.383957,19.171692,19.171692,19.118538,18.870033,18.798889,18.513702,18.442253,18.191681,18.066116,17.598068,17.181839,17.109245,16.727104,16.343254,16.068031,15.681252,15.607391,15.588913,15.570435,15.366905,15.440964,15.181458,15.348373,15.366905,15.403938,15.348373,15.477974,15.292770,15.459480,15.440964,15.422462,15.588913,15.440964,15.477974,15.385422,15.477974,15.477974,15.477974,15.274223,15.237137,15.366905,15.218575,15.348373,15.385422,15.459480,15.366905,15.440964,15.422462,15.533455,15.218575,15.422462,15.366905,15.218575,15.292770,15.144333,15.200020,15.218575,15.274223,15.274223,15.274223,15.107178,15.255684,15.274223,15.181458,15.348373,15.218575,15.070015,15.200020,15.237137,15.125755,15.125755,15.144333,15.125755,15.181458,15.032837,15.144333,15.162895,15.088600,15.181458,14.846703,15.348373,15.218575,15.032837,14.902580,15.051422,15.255684,15.181458,15.070015,15.088600,15.125755,15.274223,15.032837,15.070015,15.014244,14.902580,15.162895,14.958420,14.883965,15.125755,15.218575,15.014244,14.977043,14.995636,15.014244,14.921196,15.144333,15.237137,15.274223,15.181458,15.088600,15.237137,15.014244,14.921196,15.144333,15.274223,15.329842,15.311302,15.237137,15.125755,15.144333,15.125755,15.218575,15.144333,15.218575,15.125755,15.200020,15.181458,14.977043,15.255684,15.144333,15.200020,15.237137,15.125755,15.014244,15.274223,15.255684,15.218575,15.348373,15.385422,15.237137,15.477974,15.255684,15.366905,15.292770,15.348373,15.477974,15.385422,15.348373,15.403938,15.514977,15.200020,15.218575,15.459480,15.274223,15.477974,15.459480,15.366905,15.329842,15.588913,15.292770,15.292770,15.125755,15.162895,14.883965,14.883965,14.828064,14.939812,14.865326,14.865326,14.828064,14.939812,14.716171,14.790794,15.032837,15.088600,14.958420,15.385422,15.292770,15.311302,15.385422,15.533455,15.366905,15.255684,15.292770,15.477974,15.292770,15.255684,15.051422,15.144333,15.088600,15.200020,14.939812,15.032837,14.790794,15.014244,15.051422,15.274223,15.014244,15.014244,15.181458,15.274223,15.255684,15.440964,15.218575,15.403938,15.329842,15.385422,15.144333,15.348373,15.385422,15.255684,15.292770,15.144333,14.977043,15.292770,15.274223,15.329842,15.107178,15.125755,15.218575,15.385422,15.403938,15.385422,15.218575,15.255684,15.107178,15.125755,15.255684,15.329842,15.125755,15.237137,15.218575,15.255684,15.162895,14.958420,15.107178,15.107178,15.162895,15.274223,14.995636,15.144333,15.181458,15.181458,15.237137,15.014244,14.939812,15.292770,15.292770,15.255684,15.255684,15.125755,14.883965,15.348373,15.070015,15.255684,14.883965,15.014244,14.977043,15.218575,15.162895,15.292770,15.014244,15.125755,15.348373,15.125755,15.070015,14.958420,15.348373,15.311302,15.274223,15.181458,15.162895,15.125755,15.070015,15.162895,15.107178,15.255684,15.440964,15.274223,15.385422,15.181458,15.255684,15.255684,15.366905,15.255684,15.366905,15.459480,15.422462,15.162895,15.366905,15.144333,15.496475,15.422462,15.255684,15.385422,15.311302,15.459480,15.570435,15.440964,15.607391,15.440964,15.570435,15.514977,15.662788,15.773499,
16.031273,15.607391,15.625862,15.902481,15.773499,15.681252,15.699715,15.292770,15.588913,15.533455,15.292770,15.533455,15.051422,15.218575,15.459480,15.551949,15.718163,15.459480,15.828796,16.324928,16.526253,16.872887,16.982056,17.543900,17.868416,18.424385,18.798889,18.905579,19.313263,19.560417,19.964821,20.052460,20.209976,20.227455,20.209976,20.454369,20.541473,20.663254,20.698021,20.784843,20.836899,20.888908,20.819542,21.269310,21.183029,21.286568,21.234810,21.217552,21.252068,21.476021,21.424393,21.372734,21.476021,21.665016,21.510414,21.493217,21.579163,21.389961,21.647850,21.407181,21.699318,21.441612,21.476021,21.630684,21.613518,21.493217,21.476021,21.630684,21.510414,21.596336,21.458817,21.819290,21.579163,21.544792,21.458817,21.750755,21.716469,21.853539,21.544792,21.647850,21.870644,21.733620,21.682167,21.767891,21.785027,21.682167,21.785027,21.819290,21.956161,21.887764,21.802162,22.212143,22.143959,22.143959,22.161018,22.178062,22.178062,22.161018,22.143959,22.297272,22.161018,22.126915,22.178062,22.126915,22.331291,22.195107,22.058662,21.921967,22.024513,21.921967,21.887764,21.921967,22.143959,22.058662,22.024513,22.178062,22.041588,21.939064,22.041588,22.007431,22.058662,22.229179,22.075729,22.075729,22.092789,22.109856,22.058662,22.246208,22.280251,22.212143,22.195107,22.450264,22.280251,22.416298,22.416298,22.399300,22.297272,22.518166,22.297272,22.126915,22.280251,22.126915,21.956161,21.990349,21.956161,21.921967,21.750755,21.647850,21.819290,21.750755,21.819290,21.665016,21.682167,21.802162,21.544792,21.630684,21.836411,21.613518,21.767891,21.527603,21.716469,21.613518,21.716469,21.682167,21.750755,21.665016,21.493217,21.819290,21.579163,21.853539,21.716469,21.802162,21.733620,21.853539,21.973259,21.802162,21.853539,21.716469,21.870644,21.887764,21.939064,21.870644,21.853539,21.921967,21.887764,21.682167,21.904861,21.699318,21.372734,21.665016,21.630684,21.630684,21.733620,21.630684,21.767891,21.561981,21.682167,21.510414,21.665016,21.510414,21.750755,21.510414,21.630684,21.493217,21.579163,21.527603,21.510414,21.441612,21.767891,21.510414,21.630684,21.579163,21.596336,21.441612,21.389961,21.561981,21.596336,21.699318,21.630684,21.527603,21.458817,21.733620,21.458817,21.355507,21.338272,21.493217,21.389961,21.321045,21.252068,21.303802,21.355507,21.165756,21.252068,21.200287,21.183029,21.286568,21.252068,21.200287,21.234810,21.252068,21.148476,21.303802,21.200287,21.234810,21.321045,21.252068,21.165756,21.183029,21.200287,21.303802,21.269310,21.389961,21.303802,21.389961,21.321045,21.269310,21.407181,21.596336,21.527603,21.286568,21.234810,21.424393,21.183029,21.252068,21.165756,21.113914,20.888908,21.113914,20.802200,21.010155,20.784843,20.906242,20.992851,20.906242,20.923576,20.854233,20.715385,20.767487,20.802200,20.680634,20.732758,20.802200,20.576286,20.541473,20.436943,20.506645,20.279877,20.454369,20.419502,20.349724,20.279877,20.454369,20.244934,20.332268,20.436943,20.471802,20.558884,20.628487,20.645866,20.871582,20.802200,20.940895,20.958221,21.010155,20.992851,20.680634,20.975533,20.958221,20.975533,20.940895,20.663254,20.784843,20.611084,20.854233,20.611084,20.402061,20.349724,20.297348,20.174995,20.279877,20.105003,20.069977,19.929733,19.824394,19.859520,19.648506,19.718910,19.666115,19.383957,19.472237,19.260208,19.366287,19.366287,19.366287,19.277893,19.330948,19.100807,18.905579,18.870033,18.620766,18.674240,18.334953,18.084076,17.904396,17.652206,17.399261,17.054764,16.617607,16.251610,16.159874,15.810371,15.607391,15.477974,15.440964,15.422462,15.422462,15.292770,15.348373,15.514977,15.311302,15.348373,15.459480,15.588913,15.496475,15.385422,15.533455,15.551949,15.699715,15.477974,15.477974,15.329842,15.625862,15.348373,15.496475,15.366905,15.274223,15.422462,15.274223,15.311302,15.329842,15.255684,15.440964,15.329842,15.385422,15.329842,15.551949,15.366905,15.218575,15.181458,15.274223,15.403938,15.255684,15.255684,15.459480,15.200020,15.274223,15.107178,15.311302,15.292770,15.237137,15.274223,15.200020,15.162895,15.162895,15.237137,15.181458,15.292770,15.107178,15.162895,15.255684,15.051422,15.088600,14.977043,15.070015,15.088600,15.181458,15.051422,15.107178,15.032837,15.032837,15.181458,15.014244,14.995636,14.958420,14.995636,14.902580,15.032837,15.125755,15.014244,15.144333,15.144333,15.218575,15.144333,15.274223,15.200020,15.255684,14.958420,15.125755,15.014244,14.958420,14.902580,15.144333,15.144333,15.144333,15.274223,15.125755,15.088600,15.218575,15.051422,15.051422,15.348373,15.237137,15.107178,15.070015,15.237137,15.274223,15.088600,15.125755,15.032837,15.274223,15.181458,15.292770,15.237137,15.218575,15.051422,15.125755,15.162895,15.088600,15.237137,15.385422,15.255684,15.181458,15.255684,15.162895,15.292770,15.274223,15.311302,15.329842,15.181458,15.162895,15.422462,15.403938,15.348373,15.255684,15.496475,15.348373,15.237137,15.292770,15.366905,15.237137,15.181458,15.422462,15.440964,15.292770,15.311302,15.403938,15.237137,14.977043,15.237137,14.921196,14.883965,14.921196,14.454552,15.014244,14.660179,14.716171,14.883965,14.809425,15.181458,15.088600,15.051422,15.218575,15.625862,15.366905,15.440964,15.274223,15.348373,15.348373,15.403938,15.366905,15.477974,15.218575,15.144333,15.014244,15.181458,15.144333,15.032837,15.274223,14.716171,15.032837,14.697517,14.921196,14.995636,15.144333,15.274223,15.292770,15.237137,15.274223,15.237137,15.162895,15.311302,15.237137,15.051422,15.218575,15.237137,15.607391,15.292770,15.200020,15.088600,15.237137,15.200020,15.107178,15.292770,15.218575,15.348373,15.125755,14.939812,15.237137,15.088600,15.255684,15.125755,15.014244,15.237137,15.088600,15.255684,15.292770,15.088600,15.014244,15.144333,15.311302,15.200020,15.144333,14.958420,15.144333,14.790794,15.255684,15.125755,15.181458,15.051422,15.274223,15.125755,15.440964,14.977043,14.865326,15.218575,14.958420,15.032837,15.144333,15.088600,15.237137,15.070015,15.200020,15.218575,15.181458,15.070015,15.181458,15.014244,15.385422,15.181458,15.125755,15.422462,15.088600,15.274223,15.274223,15.125755,15.162895,15.366905,15.329842,15.144333,14.921196,15.348373,15.181458,14.977043,15.125755,15.125755,15.088600,15.051422,15.274223,15.218575,15.162895,15.274223,15.292770,15.422462,15.200020,15.440964,15.107178,15.477974,15.496475,15.292770,15.329842,15.699715,15.459480,15.218575,15.403938,15.311302,15.440964,15.588913,15.570435,15.607391,15.625862,
15.791931,15.662788,15.477974,15.588913,15.607391,15.459480,15.514977,15.607391,15.440964,15.385422,15.274223,15.292770,15.422462,15.385422,15.255684,15.348373,15.496475,15.699715,15.736610,16.233269,16.379883,16.781799,17.163704,17.489685,17.814415,18.334953,18.567253,19.171692,19.313263,19.718910,19.718910,20.052460,20.454369,20.122513,20.349724,20.524055,20.489220,20.593697,20.732758,20.732758,20.784843,21.269310,20.923576,21.113914,21.010155,20.836899,21.200287,21.165756,21.338272,21.217552,21.303802,21.476021,21.303802,21.424393,21.458817,21.527603,21.613518,21.476021,21.665016,21.476021,21.476021,21.613518,21.338272,21.527603,21.476021,21.630684,21.286568,21.493217,21.510414,21.596336,21.321045,21.355507,21.613518,21.441612,21.665016,21.544792,21.665016,21.699318,21.699318,21.682167,21.699318,21.561981,21.699318,21.716469,21.613518,21.699318,21.802162,21.665016,21.887764,21.819290,21.853539,21.990349,22.178062,21.973259,22.178062,22.143959,22.297272,22.058662,22.212143,22.263237,22.297272,22.229179,22.075729,22.195107,22.109856,22.161018,22.212143,22.058662,21.939064,21.921967,21.956161,22.212143,22.024513,21.990349,21.973259,22.109856,21.973259,22.109856,21.921967,22.075729,21.939064,22.263237,21.973259,22.314293,22.178062,22.195107,22.178062,22.109856,22.126915,22.178062,22.416298,22.212143,22.331291,22.416298,22.365303,22.331291,22.433289,22.399300,22.195107,22.297272,22.075729,22.143959,22.024513,22.126915,21.921967,21.956161,21.819290,21.716469,21.939064,21.819290,21.785027,21.630684,21.527603,21.819290,21.716469,21.819290,21.579163,21.939064,21.699318,21.733620,21.750755,21.682167,21.870644,21.630684,21.750755,21.785027,21.716469,21.785027,21.716469,21.716469,21.750755,21.904861,21.802162,21.939064,21.939064,22.143959,21.904861,21.853539,22.041588,21.716469,21.939064,21.956161,21.956161,22.058662,21.904861,21.716469,21.750755,22.007431,21.802162,21.887764,21.613518,21.750755,21.887764,21.802162,21.596336,21.802162,21.750755,21.613518,21.785027,21.785027,21.716469,21.647850,21.682167,21.613518,21.785027,21.561981,21.630684,21.476021,21.561981,21.647850,21.596336,21.630684,21.733620,21.682167,21.579163,21.699318,21.544792,21.750755,21.716469,21.544792,21.407181,21.544792,21.561981,21.527603,21.579163,21.355507,21.303802,21.389961,21.338272,21.424393,21.407181,21.217552,21.458817,21.321045,21.252068,21.286568,21.321045,21.286568,21.424393,21.165756,21.372734,21.303802,21.269310,21.165756,21.303802,21.252068,21.269310,21.372734,21.183029,21.303802,21.561981,21.372734,21.441612,21.527603,21.355507,21.527603,21.579163,21.596336,21.441612,21.407181,21.407181,21.252068,21.234810,21.321045,21.424393,20.958221,21.183029,21.131203,21.113914,20.975533,20.871582,20.888908,20.958221,20.940895,20.854233,21.010155,20.802200,20.940895,20.802200,20.750122,20.732758,20.698021,20.784843,20.680634,20.541473,20.576286,20.524055,20.558884,20.593697,20.332268,20.332268,20.645866,20.541473,20.489220,20.471802,20.541473,20.663254,20.802200,20.836899,20.750122,20.680634,20.906242,21.010155,21.062057,20.975533,20.906242,21.044754,20.802200,20.888908,20.784843,20.680634,20.836899,20.541473,20.576286,20.645866,20.297348,20.471802,20.384621,20.384621,20.140007,20.087494,19.947273,19.824394,19.859520,19.648506,19.894638,19.489883,19.754082,19.630898,19.419281,19.348618,19.330948,19.489883,19.136261,19.277893,19.260208,19.153984,19.065346,18.994377,18.870033,18.549400,18.388626,18.119965,17.868416,17.652206,17.435440,16.927490,16.581078,16.434807,15.920883,15.828796,15.588913,15.551949,16.123146,15.477974,15.403938,15.162895,15.403938,15.274223,15.311302,15.385422,15.348373,15.366905,15.385422,15.422462,15.274223,15.348373,15.311302,15.477974,15.459480,15.403938,15.570435,15.366905,15.348373,15.366905,15.385422,15.459480,15.385422,15.366905,15.237137,15.348373,15.514977,15.237137,15.385422,15.237137,15.329842,15.181458,15.200020,15.255684,15.403938,15.459480,15.181458,15.329842,15.237137,15.088600,15.218575,15.107178,15.032837,15.181458,15.162895,15.162895,15.329842,15.292770,15.218575,15.051422,15.162895,15.070015,15.200020,15.088600,15.162895,15.107178,15.014244,15.051422,15.107178,14.995636,14.939812,14.939812,15.125755,15.162895,15.218575,15.125755,15.070015,15.070015,14.902580,15.218575,14.883965,15.070015,15.274223,15.125755,15.237137,15.181458,15.014244,14.995636,15.051422,15.144333,14.995636,14.939812,15.162895,15.088600,14.902580,15.070015,15.162895,15.125755,15.088600,15.274223,15.014244,15.051422,14.995636,15.311302,15.181458,15.218575,15.255684,15.237137,15.329842,15.144333,15.311302,15.181458,15.200020,15.274223,15.144333,15.125755,15.311302,14.939812,15.125755,15.274223,15.255684,15.348373,15.292770,14.958420,15.181458,15.274223,15.125755,15.144333,15.237137,15.125755,15.403938,15.329842,15.329842,15.162895,15.181458,15.181458,15.237137,15.348373,15.366905,15.181458,15.514977,15.255684,15.477974,15.311302,15.496475,15.422462,15.237137,15.237137,15.385422,15.107178,15.311302,15.200020,15.144333,14.958420,15.051422,15.014244,14.790794,14.921196,14.809425,14.809425,14.921196,14.809425,14.809425,14.902580,15.200020,15.292770,15.218575,15.477974,15.329842,15.440964,15.311302,15.366905,15.440964,15.477974,15.181458,15.477974,15.162895,15.144333,15.051422,15.088600,15.200020,14.958420,14.977043,14.939812,15.107178,15.088600,14.977043,15.070015,15.032837,14.977043,15.032837,15.311302,15.496475,15.218575,15.292770,15.181458,15.200020,15.107178,15.274223,15.237137,15.348373,15.162895,15.162895,15.200020,15.181458,15.088600,15.070015,15.255684,15.181458,15.292770,15.200020,14.995636,14.977043,15.051422,15.014244,14.902580,14.846703,15.144333,15.125755,15.218575,15.144333,15.032837,15.329842,15.070015,15.274223,15.107178,15.422462,15.088600,15.274223,14.995636,15.162895,15.125755,15.181458,15.014244,15.237137,15.181458,15.181458,15.125755,15.088600,15.107178,15.255684,14.939812,15.162895,15.237137,15.125755,15.292770,15.032837,15.311302,15.181458,15.292770,15.107178,15.107178,14.977043,15.311302,15.274223,15.070015,15.274223,15.200020,15.366905,15.107178,15.144333,15.125755,15.329842,15.218575,15.125755,15.274223,15.107178,15.551949,15.088600,15.088600,15.422462,15.107178,15.274223,15.274223,15.125755,15.329842,15.348373,15.181458,15.200020,15.162895,15.403938,15.237137,15.366905,15.551949,15.403938,15.755058,15.533455,15.607391,15.403938,15.237137,15.570435,15.366905,15.588913,15.274223,15.662788,
15.718163,15.736610,15.551949,15.699715,15.422462,15.699715,15.588913,15.570435,15.422462,15.385422,15.237137,15.237137,15.366905,15.274223,15.403938,15.496475,15.477974,15.773499,15.699715,16.031273,16.471397,16.727104,17.272507,17.525826,17.814415,18.191681,18.531555,19.100807,19.118538,19.613289,19.806816,20.017418,20.157509,20.279877,20.558884,20.558884,20.349724,20.663254,20.663254,20.767487,20.680634,20.750122,20.906242,20.888908,20.836899,21.079346,20.975533,21.113914,21.165756,20.940895,21.183029,21.338272,21.321045,21.424393,21.303802,21.286568,21.441612,21.493217,21.389961,21.389961,21.544792,21.493217,21.476021,21.613518,21.269310,21.476021,21.338272,21.424393,21.510414,21.476021,21.665016,21.682167,21.527603,21.561981,21.596336,21.527603,21.424393,21.887764,21.647850,21.699318,21.389961,21.665016,21.510414,21.750755,21.699318,21.441612,21.665016,21.785027,21.921967,21.733620,21.767891,21.956161,21.870644,21.785027,22.161018,22.024513,22.041588,22.024513,22.161018,22.212143,22.280251,22.178062,22.126915,22.109856,22.126915,21.990349,21.973259,22.178062,22.126915,21.819290,21.921967,21.887764,21.887764,21.939064,21.956161,21.939064,22.092789,22.075729,22.075729,21.973259,21.956161,22.092789,21.990349,21.921967,22.058662,22.161018,22.178062,22.143959,22.212143,22.092789,22.075729,22.297272,22.263237,22.467247,22.416298,22.433289,22.314293,22.297272,22.212143,22.195107,22.229179,22.246208,22.041588,22.229179,22.126915,21.716469,21.699318,21.819290,21.647850,21.716469,21.990349,21.802162,21.682167,21.785027,21.887764,21.870644,22.007431,21.904861,21.819290,21.921967,21.836411,21.853539,21.699318,21.630684,21.921967,21.836411,21.785027,21.990349,21.819290,21.853539,22.092789,21.887764,22.075729,22.092789,21.939064,22.041588,21.802162,21.973259,22.075729,22.041588,22.007431,22.024513,21.939064,21.921967,22.092789,21.887764,21.887764,21.990349,21.733620,21.819290,21.665016,21.853539,21.733620,21.853539,21.836411,22.007431,21.785027,21.853539,21.699318,21.682167,21.853539,21.750755,21.802162,21.939064,21.699318,21.819290,21.665016,21.613518,21.819290,21.870644,21.579163,21.716469,21.699318,21.682167,21.630684,21.767891,21.802162,21.785027,21.596336,21.682167,21.802162,21.579163,21.665016,21.544792,21.630684,21.458817,21.544792,21.527603,21.407181,21.424393,21.441612,21.424393,21.286568,21.389961,21.389961,21.458817,21.458817,21.510414,21.389961,21.355507,21.269310,21.355507,21.303802,21.321045,21.355507,21.458817,21.252068,21.252068,21.234810,21.544792,21.407181,21.441612,21.355507,21.389961,21.544792,21.596336,21.476021,21.613518,21.424393,21.561981,21.476021,21.355507,21.544792,21.476021,21.372734,21.372734,21.234810,20.958221,21.096642,21.027458,20.906242,20.975533,20.992851,21.010155,20.784843,20.906242,20.836899,21.079346,20.802200,20.698021,20.802200,20.836899,20.558884,20.680634,20.628487,20.576286,20.576286,20.471802,20.506645,20.715385,20.611084,20.349724,20.419502,20.436943,20.593697,20.767487,20.593697,20.715385,20.593697,20.888908,20.767487,20.958221,20.923576,20.958221,20.871582,20.975533,20.975533,20.992851,20.975533,20.715385,20.663254,20.750122,20.628487,20.628487,20.419502,20.349724,20.209976,20.349724,20.122513,20.122513,20.052460,20.244934,19.877083,19.877083,19.877083,19.806816,19.736496,19.525154,19.242508,19.578049,19.542793,19.648506,19.295586,19.224815,19.277893,19.295586,19.100807,19.153984,18.905579,18.798889,18.424385,18.334953,18.155830,17.922386,17.507759,17.363060,17.000237,16.708862,16.196571,15.994492,15.920883,15.699715,15.440964,15.422462,15.311302,15.107178,15.348373,15.496475,15.311302,15.218575,15.255684,15.255684,15.477974,15.440964,15.440964,15.422462,15.440964,15.644325,15.496475,15.533455,15.459480,15.440964,15.366905,15.329842,15.348373,15.237137,15.329842,15.329842,15.459480,15.366905,15.218575,15.385422,15.348373,15.311302,15.366905,15.385422,15.274223,15.292770,15.274223,15.237137,15.070015,15.311302,15.088600,15.274223,15.237137,15.125755,15.255684,15.385422,15.255684,15.311302,15.125755,15.292770,14.921196,15.292770,15.237137,15.255684,15.274223,15.218575,15.070015,15.144333,15.070015,15.366905,15.107178,15.125755,15.125755,14.865326,14.921196,14.977043,15.237137,15.237137,15.181458,15.162895,15.032837,15.088600,14.995636,15.070015,15.051422,15.088600,15.051422,15.162895,15.181458,14.977043,15.125755,15.162895,15.088600,15.200020,15.125755,15.181458,15.200020,14.939812,15.107178,15.181458,15.032837,15.032837,15.218575,15.144333,15.088600,14.995636,15.070015,15.181458,14.846703,15.162895,15.366905,15.181458,15.144333,15.088600,15.125755,15.274223,15.200020,15.237137,15.181458,15.311302,15.329842,15.218575,15.144333,15.218575,15.255684,15.255684,15.237137,15.292770,15.144333,15.144333,15.237137,15.107178,15.162895,15.403938,15.181458,15.440964,15.329842,15.311302,15.477974,15.385422,15.292770,15.403938,15.329842,15.292770,15.274223,15.311302,15.477974,15.348373,15.366905,15.274223,15.218575,15.422462,15.088600,15.200020,15.200020,15.088600,15.088600,15.014244,14.865326,15.051422,14.958420,14.828064,14.921196,14.939812,14.883965,14.678848,15.218575,15.088600,15.070015,15.144333,15.181458,15.403938,15.403938,15.459480,15.477974,15.422462,15.366905,15.088600,15.162895,15.125755,15.200020,15.107178,15.162895,15.144333,14.865326,14.939812,15.014244,14.902580,14.977043,14.958420,15.051422,14.939812,15.200020,15.255684,15.292770,15.440964,15.255684,15.533455,15.533455,15.255684,15.607391,15.292770,15.088600,15.144333,15.162895,15.162895,15.329842,15.218575,15.218575,15.107178,15.440964,15.070015,15.107178,15.237137,15.070015,15.200020,15.107178,15.218575,15.032837,15.088600,15.292770,15.107178,15.032837,15.274223,15.200020,15.070015,15.051422,15.237137,14.995636,15.144333,15.255684,15.032837,14.865326,15.144333,14.995636,15.144333,15.125755,15.107178,15.032837,15.311302,15.051422,15.255684,15.051422,15.200020,15.070015,15.477974,15.125755,15.125755,15.181458,15.218575,15.125755,15.125755,15.237137,15.200020,15.088600,15.274223,15.014244,15.088600,15.200020,15.051422,15.070015,15.403938,15.014244,15.274223,14.995636,15.218575,15.088600,15.311302,15.162895,15.107178,15.292770,15.218575,15.107178,14.977043,15.292770,15.162895,15.496475,15.125755,15.218575,15.181458,15.329842,15.292770,15.329842,15.255684,15.440964,15.292770,15.422462,15.422462,15.348373,15.533455,15.311302,15.477974,15.366905,15.607391,15.514977,15.551949,15.736610,15.662788,
15.588913,15.736610,15.496475,15.718163,15.718163,15.755058,15.662788,15.422462,15.459480,15.274223,15.440964,15.385422,15.144333,15.255684,15.440964,15.533455,15.385422,15.533455,15.791931,16.123146,16.214928,17.127403,17.254379,17.417351,17.922386,18.191681,18.816673,18.905579,19.100807,19.771667,19.771667,19.982353,20.192490,20.367180,20.192490,20.436943,20.524055,20.611084,20.698021,20.611084,20.802200,20.802200,20.958221,20.854233,20.906242,21.044754,21.027458,21.338272,20.975533,20.940895,21.113914,21.424393,21.458817,21.389961,21.234810,21.096642,21.389961,21.303802,21.579163,21.389961,21.286568,21.544792,21.407181,21.407181,21.355507,21.389961,21.458817,21.303802,21.234810,21.424393,21.389961,21.269310,21.441612,21.372734,21.458817,21.579163,21.355507,21.338272,21.407181,21.441612,21.510414,21.665016,21.665016,21.613518,21.493217,21.527603,21.544792,21.493217,21.716469,21.630684,21.802162,21.904861,21.665016,22.195107,21.956161,21.904861,22.007431,22.212143,22.041588,22.007431,21.990349,22.058662,22.075729,22.058662,21.887764,21.819290,21.990349,21.802162,21.904861,21.802162,21.956161,22.092789,21.904861,21.956161,21.921967,21.904861,22.024513,21.939064,22.126915,22.161018,22.092789,22.058662,22.075729,22.178062,22.041588,22.075729,21.973259,22.092789,21.870644,21.939064,22.280251,22.246208,22.467247,22.263237,22.126915,22.212143,22.246208,22.143959,22.178062,22.024513,22.041588,22.178062,21.939064,22.024513,21.870644,21.767891,21.887764,21.767891,21.596336,21.699318,21.870644,21.785027,21.767891,21.579163,21.767891,21.802162,21.939064,21.836411,21.750755,22.024513,21.921967,21.904861,21.819290,21.767891,21.921967,21.939064,22.007431,21.699318,22.024513,21.973259,21.887764,21.767891,21.956161,22.058662,21.921967,21.870644,21.921967,22.041588,21.921967,22.007431,21.973259,22.007431,21.990349,21.819290,21.956161,21.921967,21.887764,21.716469,21.767891,21.956161,21.647850,21.733620,21.870644,21.785027,21.716469,21.836411,21.785027,21.802162,22.041588,21.887764,21.939064,21.682167,21.716469,21.819290,21.733620,21.750755,21.647850,21.870644,21.630684,21.785027,21.733620,21.699318,21.785027,21.510414,21.802162,21.647850,21.716469,21.819290,21.785027,21.647850,21.647850,21.665016,21.441612,21.630684,21.510414,21.493217,21.269310,21.493217,21.321045,21.424393,21.407181,21.372734,21.407181,21.510414,21.286568,21.165756,21.493217,21.355507,21.458817,21.510414,21.321045,21.441612,21.372734,21.441612,21.269310,21.355507,21.493217,21.441612,21.338272,21.458817,21.476021,21.527603,21.527603,21.819290,21.613518,21.682167,21.630684,21.579163,21.476021,21.596336,21.579163,21.510414,21.510414,21.338272,21.493217,21.682167,21.269310,21.338272,21.269310,21.217552,21.062057,21.079346,21.010155,21.148476,21.113914,21.044754,20.923576,20.992851,21.079346,20.802200,20.906242,20.854233,20.698021,20.593697,20.628487,20.698021,20.888908,20.663254,20.680634,20.489220,20.784843,20.611084,20.680634,20.680634,20.489220,20.784843,20.663254,20.715385,20.871582,20.854233,20.663254,21.027458,20.940895,21.079346,21.044754,21.027458,20.802200,20.940895,20.975533,20.888908,20.611084,20.802200,20.645866,20.645866,20.680634,20.436943,20.262413,20.209976,20.209976,20.209976,19.999893,19.982353,19.929733,19.824394,19.859520,19.736496,19.666115,19.472237,19.436943,19.489883,19.419281,19.295586,19.277893,19.313263,19.419281,19.348618,19.153984,18.905579,19.083084,18.870033,18.602928,18.406502,18.048164,17.814415,17.598068,17.471611,16.836464,16.635872,16.361572,16.178230,15.699715,15.570435,15.459480,15.496475,15.329842,15.440964,15.200020,15.237137,15.200020,15.459480,15.218575,15.422462,15.477974,15.403938,15.496475,15.292770,15.681252,15.366905,15.570435,15.385422,15.237137,15.218575,15.477974,15.218575,15.422462,15.311302,15.255684,15.144333,15.292770,15.570435,15.477974,15.422462,15.292770,15.366905,15.255684,15.311302,15.329842,15.274223,15.477974,15.329842,15.032837,15.329842,15.237137,15.181458,15.088600,15.162895,15.088600,15.070015,15.181458,15.329842,15.181458,15.329842,15.311302,15.255684,15.200020,15.181458,15.237137,15.014244,15.218575,15.070015,15.125755,15.070015,15.070015,15.200020,15.274223,15.162895,15.218575,15.274223,14.958420,15.144333,15.032837,15.014244,14.995636,14.995636,15.125755,15.274223,15.107178,15.125755,15.200020,14.883965,15.070015,15.014244,14.995636,15.125755,14.977043,15.237137,14.939812,15.088600,15.162895,15.070015,15.014244,14.939812,15.181458,15.162895,15.255684,15.200020,15.070015,15.274223,15.255684,15.218575,15.440964,15.274223,15.032837,15.255684,15.144333,15.292770,15.255684,15.162895,15.403938,15.051422,15.329842,15.125755,15.422462,15.125755,15.366905,15.292770,15.162895,15.144333,15.200020,15.162895,15.292770,15.162895,15.274223,15.329842,15.311302,15.162895,15.385422,15.200020,15.237137,15.385422,15.255684,15.459480,15.366905,15.422462,15.274223,15.255684,15.440964,15.496475,15.329842,15.440964,15.348373,15.255684,15.144333,15.366905,15.329842,15.255684,15.181458,15.032837,15.181458,14.958420,14.846703,14.790794,14.772133,14.716171,14.716171,14.809425,14.828064,15.032837,14.921196,15.107178,15.274223,15.200020,15.366905,15.255684,15.162895,15.440964,15.403938,15.292770,15.422462,15.514977,15.348373,15.459480,15.070015,15.311302,15.144333,15.274223,14.902580,14.958420,14.977043,14.939812,15.051422,14.883965,14.939812,15.125755,15.125755,15.144333,15.237137,15.440964,15.385422,15.181458,15.107178,15.514977,15.348373,15.107178,15.237137,15.200020,15.181458,15.329842,15.125755,15.237137,15.144333,15.162895,15.329842,15.329842,15.237137,15.218575,15.274223,15.032837,15.200020,15.107178,15.200020,14.958420,15.255684,15.014244,15.088600,14.977043,15.125755,15.200020,14.902580,14.995636,15.255684,15.181458,15.070015,15.125755,15.181458,15.255684,15.070015,15.200020,15.348373,15.218575,15.200020,15.311302,15.070015,15.162895,15.144333,14.995636,15.014244,15.032837,15.181458,15.032837,15.162895,15.162895,15.255684,15.144333,15.088600,15.014244,15.070015,14.939812,15.144333,15.107178,15.255684,15.162895,15.107178,15.237137,15.274223,15.218575,14.995636,15.200020,15.125755,15.237137,15.200020,15.125755,15.032837,15.144333,15.200020,15.125755,15.162895,15.144333,15.311302,15.051422,15.125755,15.181458,15.274223,15.292770,15.255684,15.292770,15.422462,15.292770,15.181458,15.385422,14.977043,15.477974,15.496475,15.551949,15.422462,15.440964,15.366905,15.422462,15.718163,15.533455,
15.976097,15.625862,15.718163,15.588913,15.570435,15.699715,15.274223,15.533455,15.385422,15.403938,15.311302,15.422462,15.162895,15.255684,15.588913,15.237137,15.459480,15.385422,15.736610,16.031273,16.288277,16.635872,17.163704,17.634163,17.814415,18.299164,18.674240,18.923340,19.348618,19.595665,19.736496,20.069977,20.297348,20.349724,20.262413,20.297348,20.558884,20.750122,20.767487,20.628487,20.871582,20.836899,20.698021,21.027458,20.923576,20.958221,20.836899,20.802200,21.044754,21.096642,20.940895,21.096642,21.252068,21.303802,21.269310,21.338272,21.389961,21.424393,21.424393,21.389961,21.113914,21.269310,21.165756,21.062057,21.079346,20.992851,21.424393,21.355507,21.096642,21.234810,21.286568,21.286568,21.269310,21.699318,21.355507,21.613518,21.407181,21.441612,21.630684,21.372734,21.630684,21.716469,21.476021,21.596336,21.544792,21.441612,21.286568,21.733620,21.424393,21.802162,21.510414,21.904861,21.819290,21.802162,21.921967,21.904861,21.939064,22.041588,22.143959,22.058662,21.921967,21.990349,21.716469,21.750755,21.904861,21.665016,21.647850,21.904861,21.870644,21.802162,21.870644,21.665016,21.887764,21.853539,21.904861,22.007431,21.682167,22.178062,21.904861,22.075729,22.126915,21.870644,22.092789,21.956161,21.973259,22.143959,21.887764,21.973259,22.024513,22.041588,22.024513,22.092789,22.314293,22.246208,22.263237,22.212143,22.109856,22.143959,22.126915,22.161018,22.007431,22.041588,21.785027,22.041588,21.956161,21.870644,21.819290,21.647850,21.665016,21.561981,21.767891,21.716469,21.733620,21.819290,21.613518,21.733620,21.956161,21.921967,21.939064,21.870644,21.973259,21.836411,21.853539,21.904861,22.075729,21.939064,22.041588,21.699318,21.904861,21.819290,22.007431,22.058662,21.921967,22.041588,22.058662,22.161018,21.939064,22.024513,22.041588,22.007431,21.819290,22.007431,22.007431,22.058662,21.990349,21.819290,21.699318,21.785027,21.819290,21.836411,21.904861,21.956161,21.853539,21.870644,21.904861,21.939064,21.870644,22.041588,21.836411,21.836411,21.836411,21.716469,21.904861,21.785027,21.647850,21.785027,21.699318,21.767891,21.733620,21.750755,21.630684,21.785027,21.665016,21.767891,21.767891,21.750755,21.665016,21.853539,21.716469,21.870644,21.630684,21.699318,21.699318,21.767891,21.733620,21.561981,21.561981,21.389961,21.286568,21.613518,21.476021,21.493217,21.321045,21.544792,21.269310,21.630684,21.407181,21.510414,21.476021,21.424393,21.527603,21.493217,21.372734,21.544792,21.493217,21.579163,21.527603,21.476021,21.355507,21.458817,21.630684,21.665016,21.493217,21.733620,21.750755,21.699318,21.579163,21.836411,21.973259,21.561981,21.596336,21.767891,21.579163,21.527603,21.493217,21.407181,21.441612,21.286568,21.355507,21.183029,21.407181,21.113914,21.062057,21.200287,21.165756,20.975533,20.923576,21.113914,21.010155,20.888908,20.871582,20.784843,20.836899,20.767487,20.750122,20.750122,20.784843,20.750122,20.715385,20.750122,20.611084,20.628487,20.611084,20.680634,20.698021,20.802200,20.802200,20.888908,20.802200,20.767487,20.802200,20.958221,20.992851,21.010155,20.958221,20.888908,20.992851,20.940895,20.836899,20.802200,20.698021,20.680634,20.698021,20.489220,20.645866,20.454369,20.174995,20.157509,20.349724,20.297348,20.227455,20.227455,19.929733,19.824394,19.894638,19.912178,19.718910,19.666115,19.578049,19.525154,19.507530,19.454590,19.242508,19.330948,19.419281,19.313263,19.260208,18.994377,18.816673,18.727684,18.370735,18.352852,17.940361,17.922386,17.670250,17.471611,16.945679,16.617607,16.416496,16.049652,15.625862,15.403938,15.570435,15.366905,15.200020,15.181458,15.200020,15.274223,15.255684,15.162895,15.237137,15.181458,15.385422,15.366905,15.477974,15.551949,15.385422,15.533455,15.200020,15.551949,15.477974,15.366905,15.237137,15.366905,15.292770,15.348373,15.311302,15.311302,15.181458,15.329842,15.329842,15.385422,15.348373,15.311302,15.218575,15.218575,15.459480,15.162895,15.107178,15.255684,15.162895,15.218575,15.162895,15.144333,14.939812,15.237137,15.237137,15.200020,15.255684,15.292770,15.366905,15.255684,15.125755,15.144333,15.181458,15.218575,15.162895,15.237137,15.200020,15.181458,15.162895,14.995636,15.181458,15.051422,15.070015,15.162895,15.032837,15.051422,15.144333,15.107178,15.125755,15.125755,15.107178,14.921196,15.162895,14.995636,15.218575,14.865326,14.902580,14.977043,15.162895,15.070015,14.921196,15.181458,15.274223,15.070015,15.070015,14.958420,15.088600,15.107178,15.200020,15.237137,14.921196,15.088600,14.939812,15.162895,15.181458,15.144333,15.088600,15.088600,15.107178,15.292770,15.274223,15.255684,15.107178,15.181458,15.162895,15.144333,15.237137,15.162895,15.144333,15.070015,14.958420,15.162895,15.107178,15.181458,15.107178,15.218575,15.237137,15.237137,15.311302,15.181458,15.162895,15.237137,15.162895,15.088600,15.459480,15.329842,15.237137,15.329842,15.292770,15.311302,15.107178,15.292770,15.311302,15.496475,15.237137,15.403938,15.329842,15.292770,15.311302,15.274223,15.274223,15.292770,15.237137,15.181458,15.144333,15.070015,14.958420,14.883965,14.958420,14.865326,14.716171,14.995636,14.622826,14.865326,14.604141,14.772133,15.088600,14.977043,15.162895,15.348373,15.292770,15.477974,15.329842,15.200020,15.403938,15.385422,15.422462,15.496475,15.440964,15.329842,15.237137,15.032837,15.181458,14.939812,14.995636,14.939812,15.032837,14.958420,14.753487,15.032837,15.032837,15.107178,15.237137,15.329842,15.237137,15.348373,15.385422,14.902580,15.459480,15.237137,15.162895,15.311302,15.070015,15.162895,15.255684,15.162895,15.218575,15.125755,15.107178,15.292770,15.218575,15.051422,15.292770,15.125755,14.939812,15.088600,15.200020,14.902580,15.237137,15.070015,15.125755,15.218575,15.200020,15.125755,15.107178,15.181458,14.977043,14.883965,15.329842,15.255684,15.144333,14.995636,15.088600,15.181458,15.032837,15.125755,14.995636,15.218575,15.070015,15.237137,15.107178,15.237137,15.200020,15.329842,15.125755,15.014244,14.958420,15.237137,15.311302,15.237137,15.181458,15.014244,15.181458,15.032837,15.088600,15.274223,15.218575,15.162895,15.237137,14.939812,15.348373,15.274223,15.051422,15.255684,15.088600,15.237137,14.902580,15.051422,15.051422,15.088600,14.995636,15.032837,15.088600,15.088600,15.218575,15.088600,15.200020,15.218575,15.032837,15.181458,15.274223,15.403938,15.144333,15.440964,15.292770,15.311302,15.292770,15.533455,15.403938,15.496475,15.477974,15.459480,15.403938,15.459480,15.329842,15.551949,15.533455,15.588913,
15.847229,15.699715,15.644325,15.422462,15.551949,15.755058,15.496475,15.496475,15.385422,15.329842,15.366905,15.366905,15.292770,15.477974,15.348373,15.385422,15.255684,15.662788,15.828796,15.976097,16.379883,16.672379,17.417351,17.489685,17.886406,18.442253,18.709869,18.923340,19.648506,19.683716,19.789246,19.894638,20.209976,20.244934,20.454369,20.314804,20.471802,20.680634,20.663254,20.767487,20.784843,20.802200,21.062057,20.750122,20.888908,20.802200,20.854233,21.079346,21.131203,20.940895,20.975533,20.958221,21.096642,21.044754,21.217552,21.234810,21.096642,21.252068,21.148476,21.321045,21.131203,21.286568,21.286568,21.424393,21.252068,21.286568,21.234810,21.183029,21.234810,21.113914,21.252068,21.252068,21.389961,21.252068,21.321045,21.596336,21.372734,21.372734,21.561981,21.269310,21.303802,21.579163,21.389961,21.579163,21.458817,21.476021,21.303802,21.561981,21.493217,21.682167,21.665016,21.665016,21.819290,21.956161,21.819290,21.836411,21.750755,21.853539,22.041588,21.802162,21.921967,21.887764,21.802162,21.973259,21.613518,21.870644,21.750755,21.716469,21.750755,21.819290,21.699318,21.750755,21.750755,21.853539,21.750755,21.853539,21.956161,22.109856,21.870644,21.973259,21.836411,21.956161,22.041588,21.990349,21.904861,22.075729,21.767891,22.109856,21.990349,21.956161,22.126915,22.161018,22.178062,22.161018,22.229179,22.314293,22.109856,21.921967,21.990349,22.041588,22.092789,21.973259,21.870644,21.921967,21.939064,21.819290,21.733620,21.682167,21.802162,21.699318,21.819290,21.647850,21.544792,21.887764,21.836411,21.785027,21.939064,22.007431,22.109856,22.143959,21.921967,22.229179,22.109856,22.143959,21.904861,21.990349,21.904861,21.939064,22.143959,22.024513,21.887764,22.161018,22.024513,22.058662,22.075729,22.161018,22.280251,22.092789,21.939064,22.178062,21.990349,22.075729,22.126915,22.229179,22.041588,22.007431,21.939064,22.041588,21.990349,22.041588,22.092789,21.904861,22.007431,22.007431,22.024513,21.939064,21.921967,21.870644,21.973259,21.785027,21.665016,21.870644,21.699318,21.750755,21.716469,21.750755,21.785027,21.785027,21.682167,21.853539,21.665016,21.939064,21.904861,21.904861,21.819290,21.733620,21.699318,21.802162,21.853539,21.853539,21.647850,21.716469,21.767891,21.716469,21.665016,21.613518,21.303802,21.424393,21.510414,21.682167,21.407181,21.407181,21.476021,21.630684,21.458817,21.441612,21.407181,21.579163,21.544792,21.493217,21.355507,21.458817,21.527603,21.579163,21.476021,21.476021,21.699318,21.665016,21.579163,21.785027,21.613518,21.819290,21.939064,21.647850,21.887764,21.836411,21.596336,21.785027,21.733620,21.819290,21.750755,21.682167,21.579163,21.836411,21.544792,21.510414,21.561981,21.407181,21.355507,21.389961,21.252068,21.424393,21.131203,20.992851,21.252068,21.183029,21.148476,20.992851,20.906242,21.044754,20.784843,20.975533,20.923576,20.732758,20.767487,20.854233,20.923576,20.645866,20.680634,20.732758,20.524055,20.698021,20.541473,20.558884,20.628487,20.628487,20.489220,20.802200,20.854233,20.715385,20.767487,20.836899,20.871582,20.888908,20.854233,20.888908,21.010155,20.819542,20.888908,20.698021,20.680634,20.732758,20.384621,20.297348,20.402061,20.332268,20.209976,20.105003,20.034943,20.017418,19.947273,19.947273,19.947273,20.034943,19.701309,19.578049,19.648506,19.525154,19.454590,19.630898,19.383957,19.260208,19.472237,19.153984,19.313263,19.295586,19.401619,19.189407,18.887802,18.834473,18.656418,18.370735,18.012245,17.796410,17.598068,17.127403,16.854668,16.599342,16.379883,16.068031,15.736610,15.533455,15.403938,15.255684,15.237137,15.218575,15.218575,15.218575,15.292770,15.237137,15.144333,15.292770,15.440964,15.422462,15.385422,15.533455,15.255684,15.366905,15.292770,15.088600,15.348373,15.366905,15.422462,15.329842,15.255684,15.292770,15.292770,15.311302,15.514977,15.218575,15.181458,15.403938,15.181458,15.329842,15.274223,15.311302,15.385422,15.237137,15.292770,15.162895,15.107178,15.070015,15.032837,15.218575,15.144333,15.237137,15.218575,15.237137,15.032837,15.218575,15.181458,15.385422,15.181458,15.200020,15.032837,15.255684,15.125755,15.162895,14.939812,15.162895,15.125755,15.107178,15.181458,14.995636,15.014244,14.921196,15.014244,15.088600,14.902580,15.125755,15.200020,15.125755,15.237137,15.125755,14.734833,14.921196,15.014244,15.032837,15.014244,15.181458,15.032837,15.218575,15.070015,15.032837,15.051422,14.995636,15.107178,14.977043,14.921196,15.107178,15.070015,15.200020,15.125755,15.070015,15.088600,15.032837,14.977043,15.218575,14.977043,15.088600,15.162895,15.088600,15.088600,15.144333,15.144333,15.274223,15.200020,15.051422,15.125755,15.292770,15.422462,15.162895,15.200020,15.125755,15.032837,15.088600,15.200020,15.088600,15.144333,15.125755,15.237137,15.051422,15.218575,15.348373,15.292770,15.144333,15.088600,15.292770,15.162895,15.403938,15.162895,15.144333,15.125755,15.237137,15.514977,15.329842,15.385422,15.348373,15.311302,15.385422,15.385422,15.255684,15.329842,15.125755,15.403938,15.255684,14.977043,15.144333,14.995636,14.902580,15.051422,14.809425,14.753487,14.790794,14.790794,14.883965,15.051422,15.032837,15.144333,15.014244,15.274223,15.255684,15.403938,15.292770,15.422462,15.200020,15.496475,15.477974,15.681252,15.385422,15.311302,15.162895,15.348373,15.032837,14.958420,14.958420,14.939812,14.977043,14.846703,14.828064,14.772133,15.070015,15.144333,14.958420,14.828064,15.162895,15.329842,15.200020,15.366905,15.218575,15.162895,15.385422,15.144333,15.292770,15.200020,15.125755,15.274223,15.125755,15.255684,15.162895,15.311302,15.162895,15.088600,15.329842,15.162895,15.255684,15.200020,15.181458,15.200020,15.125755,15.014244,15.237137,15.125755,15.237137,15.125755,15.237137,15.125755,15.237137,15.032837,15.255684,15.274223,15.107178,15.292770,15.051422,15.051422,15.032837,15.274223,15.107178,15.125755,15.348373,15.144333,14.977043,15.144333,15.255684,15.311302,15.218575,15.181458,15.070015,14.977043,14.902580,15.162895,15.144333,15.070015,15.162895,15.125755,14.958420,15.181458,15.125755,15.218575,15.125755,15.088600,15.107178,15.051422,15.200020,15.014244,15.088600,15.366905,15.237137,15.255684,15.200020,14.995636,15.070015,15.255684,15.292770,15.459480,15.162895,15.181458,15.051422,15.070015,15.088600,15.162895,15.144333,15.366905,15.181458,15.348373,15.496475,15.274223,15.237137,15.570435,15.311302,15.255684,15.514977,15.403938,15.385422,15.311302,15.533455,15.274223,15.440964,15.440964,15.607391,
15.791931,15.422462,15.662788,15.718163,15.718163,15.699715,15.681252,15.551949,15.644325,15.477974,15.311302,15.311302,15.496475,15.274223,15.218575,15.237137,15.496475,15.514977,15.773499,16.068031,16.453102,16.818245,17.091087,17.580009,17.940361,18.299164,18.781090,18.958870,19.207108,19.436943,19.648506,19.736496,20.227455,20.209976,20.454369,20.349724,20.611084,20.576286,20.471802,20.663254,20.698021,20.698021,20.541473,20.680634,20.698021,20.888908,20.802200,20.940895,20.784843,20.819542,20.732758,21.062057,20.975533,21.044754,20.958221,21.079346,21.079346,21.148476,21.148476,21.096642,21.096642,21.148476,21.079346,21.303802,21.217552,21.183029,20.992851,21.200287,21.183029,21.200287,21.165756,21.079346,21.252068,21.372734,21.510414,21.424393,21.252068,21.269310,21.355507,21.424393,21.286568,21.476021,21.303802,21.458817,21.389961,21.389961,21.476021,21.321045,21.355507,21.510414,21.527603,21.802162,21.579163,21.647850,21.802162,21.853539,21.716469,21.785027,21.853539,21.921967,21.819290,21.990349,21.716469,21.716469,22.109856,21.802162,21.767891,21.716469,21.699318,21.921967,21.613518,21.836411,21.716469,21.819290,21.904861,21.819290,21.853539,21.956161,21.819290,21.973259,21.956161,21.887764,22.041588,21.853539,21.990349,21.870644,21.750755,21.990349,21.939064,21.990349,21.921967,22.024513,22.007431,21.973259,21.973259,22.075729,21.990349,22.007431,21.939064,22.041588,21.904861,21.939064,21.665016,21.819290,21.716469,21.939064,21.699318,21.767891,21.630684,21.733620,21.527603,21.785027,21.699318,22.109856,21.682167,21.870644,21.802162,21.956161,21.870644,21.973259,22.195107,21.921967,22.075729,22.109856,22.007431,22.195107,22.195107,22.246208,22.075729,22.161018,21.887764,21.836411,22.007431,22.109856,22.058662,22.229179,21.990349,22.178062,22.058662,22.212143,22.212143,21.973259,22.024513,22.178062,22.126915,22.143959,21.973259,22.058662,21.887764,21.921967,22.058662,21.904861,22.041588,22.092789,21.819290,22.058662,21.973259,22.126915,22.041588,22.143959,21.836411,21.887764,21.819290,21.853539,21.853539,21.819290,21.665016,21.836411,21.665016,21.939064,21.802162,21.647850,22.007431,21.682167,21.716469,21.870644,21.733620,21.904861,21.750755,21.904861,21.733620,21.579163,21.802162,21.630684,21.647850,21.561981,21.544792,21.510414,21.561981,21.665016,21.630684,21.561981,21.647850,21.527603,21.407181,21.372734,21.527603,21.613518,21.596336,21.613518,21.579163,21.716469,21.596336,21.630684,21.561981,21.682167,21.510414,21.887764,21.579163,21.853539,21.785027,21.904861,21.767891,21.853539,21.853539,21.802162,21.785027,21.973259,21.716469,21.767891,21.853539,21.785027,21.785027,21.767891,21.665016,21.544792,21.819290,21.613518,21.303802,21.407181,21.389961,21.338272,21.682167,21.407181,21.407181,21.217552,21.113914,21.372734,21.234810,21.079346,20.958221,20.940895,21.113914,20.958221,20.802200,20.524055,20.732758,20.750122,20.732758,20.715385,20.558884,20.611084,20.628487,20.541473,20.506645,20.593697,20.645866,20.750122,20.611084,20.836899,20.767487,20.767487,20.940895,20.715385,20.819542,20.836899,20.732758,20.732758,20.680634,20.593697,20.663254,20.489220,20.314804,20.454369,20.332268,20.314804,20.244934,20.122513,20.157509,20.192490,20.140007,20.157509,19.771667,19.841957,19.877083,19.824394,19.595665,19.683716,19.754082,19.419281,19.542793,19.507530,19.330948,19.313263,19.277893,19.313263,19.153984,19.083084,18.958870,18.709869,18.495850,18.263351,18.209602,17.850410,17.598068,17.236252,16.800026,16.562805,16.141510,15.976097,15.699715,15.644325,15.311302,15.032837,15.329842,15.181458,15.162895,15.255684,15.255684,15.496475,15.385422,15.459480,15.422462,15.366905,15.496475,15.514977,15.440964,15.496475,15.477974,15.237137,15.514977,15.440964,15.440964,15.200020,15.403938,15.311302,15.200020,15.514977,15.366905,15.237137,15.162895,15.496475,15.218575,15.403938,15.274223,15.181458,15.274223,15.292770,15.125755,15.255684,15.162895,15.144333,15.144333,15.144333,15.311302,15.125755,15.255684,15.274223,15.274223,15.125755,15.200020,15.181458,15.181458,15.218575,14.939812,14.939812,15.070015,15.200020,15.200020,14.977043,15.162895,15.200020,15.274223,15.107178,15.088600,15.274223,15.070015,15.125755,15.051422,15.088600,15.032837,15.088600,15.125755,15.200020,15.144333,14.995636,15.032837,15.014244,15.200020,15.200020,15.014244,15.032837,15.125755,15.051422,15.200020,15.051422,15.125755,15.144333,14.995636,15.088600,14.977043,14.977043,14.958420,15.051422,15.088600,14.958420,15.032837,15.274223,15.032837,15.162895,15.237137,15.107178,15.070015,15.107178,15.366905,15.051422,15.107178,15.255684,15.162895,15.125755,15.088600,15.070015,14.995636,15.162895,15.422462,15.200020,15.237137,15.144333,15.070015,15.144333,15.125755,15.274223,15.162895,15.237137,15.274223,15.403938,15.125755,15.200020,15.162895,15.440964,15.255684,15.181458,15.255684,15.385422,15.292770,15.459480,15.348373,15.403938,15.348373,15.385422,15.218575,15.366905,15.218575,15.255684,15.311302,15.403938,15.144333,15.088600,15.088600,14.977043,14.809425,14.734833,14.939812,14.828064,14.809425,14.828064,14.865326,14.716171,15.051422,15.274223,15.311302,15.403938,15.551949,15.274223,15.348373,15.385422,15.348373,15.422462,15.274223,15.366905,15.329842,15.255684,15.125755,15.107178,14.977043,15.032837,14.958420,15.107178,14.939812,15.088600,15.144333,15.144333,14.921196,15.107178,14.921196,15.200020,15.311302,15.366905,15.292770,15.237137,15.292770,15.274223,15.385422,15.255684,15.107178,15.366905,15.200020,15.237137,15.292770,15.181458,15.014244,15.181458,15.088600,15.311302,15.014244,15.274223,15.088600,15.125755,15.181458,15.200020,15.070015,15.125755,15.348373,15.014244,15.144333,15.125755,15.144333,14.939812,15.014244,14.939812,15.032837,15.366905,14.958420,14.921196,15.125755,15.181458,15.144333,15.032837,15.255684,15.107178,15.200020,15.107178,14.995636,15.181458,15.181458,15.051422,15.125755,15.181458,14.939812,15.144333,15.088600,15.070015,15.255684,15.070015,15.107178,15.218575,15.014244,15.255684,15.255684,15.070015,15.162895,15.162895,15.032837,15.200020,14.921196,15.070015,15.200020,15.218575,15.125755,15.014244,14.977043,15.255684,15.088600,15.014244,14.977043,15.088600,15.274223,15.162895,14.958420,15.032837,15.107178,14.939812,15.237137,15.144333,15.311302,15.237137,15.403938,15.459480,15.514977,15.237137,15.514977,15.366905,15.459480,15.422462,15.422462,15.422462,15.311302,15.514977,15.403938,15.459480,
15.773499,15.976097,15.644325,15.755058,15.570435,15.662788,15.403938,15.477974,15.292770,15.218575,15.403938,15.366905,15.366905,15.403938,15.274223,15.292770,15.496475,15.533455,15.939293,16.398201,16.398201,16.745338,17.054764,17.507759,18.191681,18.299164,18.495850,19.047615,18.923340,19.419281,19.701309,20.034943,20.069977,20.297348,20.279877,20.489220,20.436943,20.576286,20.541473,20.489220,20.611084,20.471802,20.871582,20.471802,20.680634,20.784843,20.576286,20.645866,20.611084,20.975533,20.645866,21.027458,20.767487,20.923576,20.940895,20.871582,20.854233,21.096642,21.131203,21.062057,21.148476,21.062057,21.027458,21.338272,21.079346,21.234810,21.027458,20.975533,21.131203,21.113914,20.992851,21.183029,21.234810,21.286568,21.389961,21.148476,21.372734,21.303802,21.338272,21.321045,21.338272,21.372734,21.407181,21.217552,21.458817,21.372734,21.476021,21.372734,21.527603,21.424393,21.630684,21.647850,21.510414,21.733620,21.458817,21.647850,21.767891,21.733620,21.647850,21.802162,21.853539,21.699318,21.630684,21.733620,21.767891,21.596336,21.613518,21.767891,21.750755,21.699318,21.836411,21.733620,21.870644,21.630684,21.750755,21.785027,21.716469,21.716469,21.767891,21.904861,21.767891,21.853539,21.904861,22.041588,21.904861,22.126915,21.802162,21.921967,22.024513,21.990349,22.024513,21.887764,21.956161,21.939064,22.075729,21.990349,22.075729,22.007431,21.870644,21.887764,21.956161,21.887764,21.887764,21.853539,21.699318,21.699318,21.716469,21.682167,21.785027,21.665016,21.613518,21.853539,21.956161,21.767891,21.939064,21.870644,22.007431,21.973259,22.109856,22.382309,22.109856,22.075729,22.058662,22.229179,22.178062,22.092789,22.109856,22.212143,22.246208,22.007431,22.161018,22.058662,22.109856,22.126915,22.195107,22.195107,22.195107,22.195107,22.246208,22.143959,22.178062,22.143959,22.126915,22.058662,22.229179,22.161018,22.229179,22.143959,22.075729,22.195107,22.178062,22.246208,22.126915,22.109856,22.161018,22.109856,22.058662,22.143959,22.126915,22.058662,21.921967,21.921967,21.819290,22.007431,21.887764,21.853539,21.682167,21.767891,21.802162,21.819290,21.921967,21.921967,21.699318,21.836411,21.802162,21.973259,21.921967,22.024513,21.887764,21.785027,21.836411,21.819290,21.716469,21.819290,21.767891,21.682167,21.699318,21.767891,21.510414,21.665016,21.579163,21.699318,21.613518,21.665016,21.682167,21.596336,21.733620,21.750755,21.665016,21.665016,21.733620,21.733620,21.853539,21.887764,21.836411,21.836411,22.058662,21.921967,21.836411,21.853539,21.887764,21.939064,21.990349,21.939064,22.007431,21.956161,21.956161,22.143959,21.904861,22.092789,21.870644,21.990349,21.802162,21.887764,21.750755,21.836411,21.682167,21.716469,21.699318,21.613518,21.699318,21.767891,21.596336,21.476021,21.458817,21.476021,21.389961,21.372734,21.303802,21.044754,21.113914,21.096642,21.010155,20.854233,20.767487,20.663254,20.732758,20.854233,20.628487,20.611084,20.645866,20.715385,20.645866,20.663254,20.802200,20.489220,20.680634,20.715385,20.663254,20.611084,20.715385,20.645866,20.645866,20.784843,20.767487,20.767487,20.732758,20.593697,20.558884,20.645866,20.454369,20.436943,20.558884,20.419502,20.367180,20.122513,20.192490,20.244934,20.122513,20.122513,19.929733,19.947273,19.877083,19.824394,19.754082,19.683716,19.666115,19.560417,19.630898,19.383957,19.419281,19.454590,19.348618,19.189407,19.401619,19.224815,19.224815,18.923340,19.100807,18.745483,18.585091,18.460121,18.263351,17.760384,17.417351,17.181839,16.963875,16.745338,16.471397,16.214928,15.773499,15.588913,15.477974,15.311302,15.403938,15.088600,15.218575,15.144333,15.255684,15.385422,15.496475,15.311302,15.237137,15.514977,15.403938,15.348373,15.477974,15.366905,15.385422,15.144333,15.551949,15.496475,15.422462,15.311302,15.237137,15.403938,15.237137,15.403938,15.459480,15.348373,15.181458,15.218575,15.348373,15.255684,15.218575,15.366905,15.274223,15.329842,15.237137,15.181458,15.088600,15.348373,15.144333,15.274223,15.181458,15.311302,15.292770,15.144333,15.070015,15.311302,15.144333,15.274223,15.051422,14.958420,15.107178,15.200020,15.144333,15.162895,14.977043,14.977043,14.995636,15.144333,15.070015,15.107178,14.995636,15.255684,15.162895,14.995636,14.939812,15.292770,15.032837,15.032837,14.939812,14.921196,14.958420,15.107178,14.883965,15.200020,15.181458,14.939812,15.014244,15.070015,14.809425,15.292770,15.237137,14.939812,14.958420,15.014244,15.088600,15.125755,15.125755,15.014244,14.995636,15.051422,15.144333,15.125755,15.088600,15.255684,14.977043,15.162895,15.144333,15.144333,15.237137,15.088600,15.070015,15.218575,15.181458,15.162895,15.237137,15.218575,15.181458,15.218575,14.977043,15.237137,15.070015,15.032837,15.218575,15.014244,15.070015,15.329842,14.958420,15.218575,15.329842,15.348373,15.274223,15.162895,15.274223,15.125755,15.218575,15.385422,15.200020,15.255684,15.181458,15.274223,15.181458,15.107178,15.366905,15.218575,15.440964,15.440964,15.459480,15.218575,15.144333,15.403938,15.292770,15.292770,15.144333,15.162895,15.107178,15.014244,14.790794,14.809425,14.641502,14.678848,14.772133,14.865326,14.753487,14.772133,15.107178,14.995636,15.181458,15.274223,15.255684,15.514977,15.292770,15.237137,15.237137,15.255684,15.366905,15.162895,15.348373,15.181458,15.292770,15.032837,15.181458,14.995636,15.032837,15.051422,15.051422,14.772133,14.846703,14.921196,14.958420,15.051422,15.107178,15.181458,15.274223,15.366905,15.274223,15.366905,15.292770,15.181458,15.348373,15.200020,15.032837,15.032837,15.144333,15.144333,15.125755,15.125755,15.218575,15.088600,14.958420,15.162895,15.070015,15.237137,15.051422,15.088600,15.162895,15.070015,15.255684,14.958420,14.958420,15.125755,15.088600,14.995636,15.051422,14.958420,15.070015,15.162895,15.200020,15.292770,15.162895,14.977043,15.237137,15.088600,15.051422,14.958420,15.162895,15.311302,15.200020,15.255684,15.070015,15.348373,15.366905,15.125755,15.032837,15.014244,15.107178,15.162895,14.958420,15.181458,15.088600,14.995636,15.385422,15.032837,15.274223,15.218575,15.088600,15.125755,14.921196,15.181458,15.070015,15.125755,15.107178,15.292770,15.218575,14.921196,15.088600,14.995636,15.144333,14.865326,15.088600,14.995636,14.977043,15.070015,15.032837,15.162895,15.218575,15.274223,15.014244,15.218575,15.107178,15.348373,15.014244,15.477974,15.403938,15.385422,15.144333,15.496475,15.292770,15.570435,15.237137,15.422462,15.422462,15.440964,15.385422,15.403938,15.459480,15.496475,
15.755058,15.514977,15.570435,15.496475,15.422462,15.440964,15.533455,15.477974,15.662788,15.107178,15.533455,15.218575,15.385422,15.440964,15.014244,15.200020,15.570435,15.570435,15.681252,15.865646,16.306610,16.562805,17.072929,17.381157,17.904396,18.137894,18.406502,19.012123,19.224815,19.472237,19.648506,19.982353,20.157509,20.367180,20.332268,20.279877,20.297348,20.436943,20.436943,20.715385,20.680634,20.611084,20.645866,20.663254,20.628487,20.628487,20.663254,20.576286,20.524055,20.645866,20.836899,20.784843,20.802200,20.750122,20.975533,20.940895,21.148476,21.010155,21.131203,21.200287,20.767487,21.113914,20.888908,20.940895,20.906242,21.010155,20.923576,21.148476,20.958221,21.269310,21.027458,21.148476,21.044754,21.113914,21.217552,21.458817,21.338272,21.544792,21.355507,21.286568,21.286568,21.252068,21.252068,21.372734,21.286568,21.407181,21.544792,21.183029,21.441612,21.389961,21.424393,21.424393,21.665016,21.441612,21.596336,21.716469,21.510414,21.544792,21.579163,21.510414,21.665016,21.476021,21.510414,21.750755,21.750755,21.613518,21.579163,21.630684,21.682167,21.665016,21.785027,21.682167,21.716469,21.870644,21.630684,21.561981,21.870644,21.819290,21.921967,21.887764,21.853539,21.870644,21.665016,22.058662,21.956161,22.007431,21.870644,21.990349,21.750755,21.887764,22.007431,21.887764,21.904861,21.802162,21.939064,21.836411,21.973259,22.126915,21.870644,21.921967,21.836411,21.733620,21.904861,21.836411,21.733620,21.836411,21.596336,21.716469,21.819290,21.665016,21.665016,21.836411,21.802162,21.990349,22.075729,22.058662,22.075729,22.161018,22.126915,22.297272,22.126915,22.109856,22.195107,22.126915,22.143959,22.263237,22.246208,22.007431,22.365303,22.161018,22.212143,22.229179,22.263237,22.365303,22.246208,21.956161,22.161018,22.195107,22.195107,22.280251,22.161018,22.161018,22.161018,22.178062,22.263237,22.058662,22.229179,22.229179,22.195107,22.178062,22.382309,22.314293,22.161018,22.246208,22.331291,22.143959,22.433289,22.212143,21.956161,22.092789,22.007431,22.126915,21.973259,21.921967,21.870644,21.853539,21.836411,21.973259,21.853539,21.579163,21.836411,21.887764,21.887764,21.939064,21.939064,21.767891,21.887764,21.887764,21.836411,21.973259,21.904861,21.785027,21.904861,21.716469,21.596336,21.836411,21.682167,21.802162,21.785027,21.527603,21.699318,21.836411,21.630684,21.836411,21.750755,21.939064,21.887764,21.802162,21.904861,22.126915,21.921967,21.836411,21.921967,22.007431,21.921967,21.990349,21.921967,21.870644,22.075729,22.126915,21.939064,22.024513,21.990349,22.229179,22.143959,22.161018,22.109856,22.075729,22.109856,22.007431,22.024513,22.126915,21.939064,21.870644,22.041588,21.750755,21.870644,21.921967,21.870644,21.819290,21.613518,21.733620,21.733620,21.819290,21.699318,21.441612,21.613518,21.458817,21.252068,21.321045,21.165756,21.183029,20.992851,20.854233,20.992851,20.732758,20.715385,20.715385,20.593697,20.680634,20.680634,20.454369,20.506645,20.611084,20.698021,20.611084,20.663254,20.593697,20.698021,20.750122,20.645866,20.576286,20.628487,20.645866,20.611084,20.576286,20.558884,20.506645,20.349724,20.541473,20.402061,20.384621,20.192490,20.349724,20.244934,20.017418,20.017418,20.034943,20.105003,19.964821,19.947273,19.964821,19.894638,19.701309,19.877083,19.613289,19.595665,19.648506,19.683716,19.578049,19.401619,19.224815,19.419281,19.242508,19.224815,19.136261,19.224815,18.958870,18.798889,18.816673,18.531555,18.317062,17.922386,17.940361,17.543900,17.236252,16.854668,16.526253,16.123146,16.068031,15.440964,15.477974,15.348373,15.477974,15.255684,15.218575,14.958420,15.348373,15.218575,15.255684,15.218575,15.366905,15.292770,15.440964,15.311302,15.311302,15.459480,15.403938,15.459480,15.329842,15.422462,15.181458,15.255684,15.255684,15.348373,15.181458,15.274223,15.403938,15.348373,15.162895,15.292770,15.237137,15.311302,15.255684,15.274223,15.088600,15.237137,15.255684,15.311302,15.274223,15.200020,15.237137,15.237137,15.311302,15.162895,15.218575,15.014244,15.237137,15.237137,15.032837,15.032837,15.051422,15.125755,15.200020,15.088600,14.902580,15.162895,15.292770,15.088600,15.070015,14.809425,15.051422,15.125755,15.107178,15.144333,15.162895,15.125755,15.032837,15.070015,15.051422,14.939812,15.088600,15.200020,15.125755,15.070015,14.995636,14.958420,15.088600,15.125755,14.995636,15.200020,14.958420,15.014244,15.088600,14.977043,15.144333,15.107178,15.144333,14.958420,15.181458,15.070015,15.125755,15.070015,15.070015,14.939812,15.292770,15.218575,15.070015,15.125755,15.051422,15.051422,15.107178,15.107178,14.939812,15.181458,15.014244,15.329842,15.237137,15.162895,15.181458,14.995636,15.162895,15.181458,15.125755,15.014244,15.032837,15.181458,15.125755,14.995636,15.255684,15.403938,15.200020,15.237137,15.274223,15.311302,15.125755,15.496475,15.162895,15.440964,15.311302,15.200020,15.218575,15.181458,15.422462,15.107178,15.162895,15.459480,15.181458,15.255684,15.570435,15.107178,15.200020,15.292770,15.329842,15.088600,15.218575,15.125755,15.144333,15.107178,14.939812,14.697517,14.809425,14.604141,14.790794,14.753487,14.790794,14.697517,14.865326,14.902580,15.200020,15.051422,15.403938,15.403938,15.385422,15.385422,15.440964,15.348373,15.329842,15.329842,15.311302,15.181458,15.237137,15.125755,15.070015,14.883965,15.051422,14.772133,14.883965,14.697517,14.790794,15.237137,14.995636,14.958420,15.014244,15.125755,15.200020,15.237137,15.125755,15.070015,15.218575,15.107178,15.311302,15.181458,15.107178,15.329842,15.181458,15.274223,15.274223,15.162895,15.181458,14.939812,15.255684,15.311302,15.292770,15.014244,15.274223,15.014244,15.014244,15.200020,15.051422,14.977043,15.051422,15.088600,15.144333,15.088600,15.107178,15.051422,15.200020,15.088600,15.088600,15.237137,15.144333,15.218575,15.070015,15.107178,15.051422,15.051422,15.144333,14.939812,14.939812,15.218575,15.070015,14.902580,15.070015,15.107178,14.939812,15.014244,14.958420,15.125755,15.255684,15.144333,14.958420,15.181458,15.218575,15.200020,14.977043,15.329842,15.144333,15.107178,15.144333,15.200020,15.125755,15.162895,15.162895,15.162895,15.144333,15.125755,15.107178,15.125755,15.144333,15.051422,15.255684,15.014244,15.218575,15.051422,15.014244,15.348373,14.995636,15.162895,14.883965,15.070015,15.200020,15.237137,15.311302,15.032837,15.218575,15.200020,15.255684,15.292770,15.477974,15.200020,15.218575,15.496475,15.551949,15.551949,15.385422,15.348373,15.496475,15.514977,15.514977,
15.681252,15.551949,15.459480,15.588913,15.329842,15.496475,15.570435,15.533455,15.422462,15.459480,15.403938,15.014244,15.348373,15.570435,15.366905,15.366905,15.311302,15.681252,15.718163,16.251610,16.178230,16.891090,17.145554,17.598068,17.760384,18.388626,18.549400,18.923340,19.083084,19.542793,19.525154,20.052460,20.157509,20.436943,20.454369,20.262413,20.471802,20.541473,20.663254,20.489220,20.436943,20.611084,20.593697,20.750122,20.506645,20.576286,20.506645,20.715385,20.454369,20.680634,20.611084,20.819542,20.802200,20.732758,20.784843,20.940895,20.992851,20.871582,21.079346,20.854233,20.958221,20.871582,21.079346,21.183029,20.854233,21.113914,20.940895,21.044754,21.113914,20.958221,21.062057,20.923576,21.165756,21.217552,21.321045,21.286568,21.424393,21.424393,21.217552,21.321045,21.338272,21.321045,21.269310,21.321045,21.303802,21.372734,21.372734,21.355507,21.269310,21.217552,21.321045,21.389961,21.458817,21.579163,21.596336,21.561981,21.544792,21.493217,21.424393,21.733620,21.647850,21.767891,21.441612,21.750755,21.699318,21.613518,21.544792,21.544792,21.613518,21.579163,21.613518,21.665016,21.630684,21.682167,21.750755,21.750755,21.682167,21.887764,21.973259,21.956161,21.802162,21.921967,21.802162,21.887764,21.973259,21.973259,21.990349,21.596336,21.750755,21.921967,21.870644,21.990349,21.785027,21.887764,21.836411,21.939064,21.785027,21.904861,21.836411,21.956161,21.887764,21.699318,21.853539,21.750755,21.699318,21.630684,21.836411,21.819290,21.716469,21.767891,21.733620,21.802162,21.750755,21.853539,22.007431,21.887764,22.143959,21.990349,22.195107,21.990349,22.161018,22.246208,22.246208,22.263237,22.161018,22.331291,22.382309,22.331291,22.382309,22.450264,22.246208,22.484222,22.280251,22.331291,22.280251,22.331291,22.365303,22.195107,22.246208,22.297272,22.348305,22.365303,22.263237,22.229179,22.280251,22.365303,22.297272,22.280251,22.331291,22.229179,22.246208,22.331291,22.433289,22.450264,22.246208,22.331291,22.535133,22.467247,22.024513,22.075729,22.161018,22.092789,21.921967,22.007431,22.092789,21.956161,21.596336,21.904861,21.939064,21.904861,21.802162,21.921967,21.904861,21.956161,21.853539,21.990349,21.819290,21.836411,21.767891,21.767891,21.802162,21.870644,21.716469,21.767891,21.630684,21.750755,21.647850,21.699318,21.665016,21.699318,21.665016,21.767891,21.510414,21.819290,21.750755,21.904861,21.904861,21.956161,21.921967,21.990349,21.904861,22.024513,22.109856,21.990349,22.178062,22.024513,22.178062,22.280251,22.007431,22.212143,22.178062,22.058662,22.348305,22.195107,22.007431,22.246208,22.143959,22.024513,22.229179,22.109856,22.365303,22.314293,22.178062,22.178062,22.161018,22.041588,21.939064,21.836411,21.956161,21.853539,21.785027,21.836411,21.836411,21.904861,21.510414,21.836411,21.699318,21.389961,21.630684,21.234810,21.217552,21.079346,21.062057,20.992851,20.854233,20.854233,20.663254,20.732758,20.541473,20.750122,20.663254,20.698021,20.680634,20.558884,20.663254,20.576286,20.541473,20.628487,20.471802,20.611084,20.628487,20.628487,20.524055,20.663254,20.524055,20.558884,20.402061,20.436943,20.471802,20.244934,20.244934,20.174995,20.105003,20.157509,20.174995,19.964821,20.069977,20.122513,19.877083,19.877083,19.771667,19.947273,19.789246,19.736496,19.701309,19.666115,19.630898,19.542793,19.630898,19.525154,19.383957,19.436943,19.295586,19.313263,19.383957,19.366287,19.260208,19.153984,18.923340,18.781090,18.531555,18.495850,17.994278,17.922386,17.706314,17.218117,17.036591,16.800026,16.361572,15.884071,15.533455,15.607391,15.459480,15.088600,15.181458,15.255684,15.237137,15.274223,15.329842,15.385422,15.162895,15.385422,15.237137,15.440964,15.366905,15.533455,15.440964,15.311302,15.366905,15.329842,15.403938,15.496475,15.311302,15.292770,15.274223,15.348373,15.459480,15.329842,15.162895,15.440964,15.329842,15.329842,15.477974,15.255684,15.144333,15.070015,15.255684,15.255684,15.255684,15.292770,15.144333,15.422462,15.162895,15.200020,15.385422,15.088600,15.181458,15.107178,15.144333,15.237137,15.181458,15.255684,15.032837,15.329842,15.070015,15.032837,15.088600,15.070015,15.051422,15.070015,14.902580,15.051422,15.014244,15.329842,14.977043,15.032837,14.995636,15.014244,14.977043,15.088600,15.200020,15.014244,14.921196,15.125755,15.032837,15.088600,15.200020,15.051422,15.051422,15.181458,15.162895,14.772133,14.939812,15.088600,15.181458,15.051422,15.107178,15.107178,14.995636,15.088600,14.902580,15.032837,15.088600,15.051422,15.051422,15.051422,15.181458,15.070015,15.014244,15.107178,15.107178,15.144333,15.070015,14.883965,15.144333,15.032837,15.125755,14.939812,15.032837,15.107178,15.125755,15.070015,14.958420,15.051422,15.255684,15.125755,15.311302,15.255684,15.218575,15.274223,15.292770,15.218575,15.237137,15.125755,15.255684,15.107178,15.181458,15.218575,15.274223,15.125755,15.422462,15.329842,15.329842,15.311302,15.366905,15.366905,15.218575,15.366905,15.440964,15.403938,15.366905,15.440964,15.237137,15.292770,15.514977,15.255684,14.865326,14.995636,14.958420,14.902580,14.753487,14.790794,14.790794,14.678848,14.734833,14.809425,14.753487,15.107178,15.032837,14.939812,15.403938,15.348373,15.237137,15.366905,15.329842,15.607391,15.348373,15.329842,15.348373,15.459480,15.200020,15.162895,15.088600,15.125755,15.292770,14.995636,14.846703,14.921196,14.939812,15.144333,14.921196,15.181458,14.995636,15.014244,15.107178,15.070015,15.237137,15.088600,15.255684,15.329842,15.274223,15.125755,15.200020,15.070015,15.218575,15.440964,15.032837,15.200020,15.125755,15.366905,15.088600,15.032837,15.366905,15.200020,15.255684,15.051422,15.218575,15.088600,15.181458,14.977043,15.144333,15.144333,15.014244,15.237137,15.181458,15.051422,15.348373,15.181458,15.070015,15.070015,15.162895,14.995636,14.958420,15.014244,15.144333,15.292770,15.144333,15.144333,15.125755,15.125755,15.329842,15.311302,14.865326,15.032837,15.070015,15.162895,14.846703,14.809425,15.162895,15.107178,14.921196,15.329842,15.144333,15.292770,15.255684,14.958420,15.477974,15.144333,15.255684,15.032837,15.274223,15.181458,15.144333,15.274223,15.032837,15.200020,15.144333,15.181458,14.958420,15.014244,15.237137,15.218575,15.218575,15.162895,15.107178,14.939812,15.181458,15.237137,15.144333,15.459480,15.403938,15.237137,15.255684,15.162895,15.088600,15.070015,15.237137,15.107178,15.385422,15.329842,15.218575,15.440964,15.459480,15.551949,15.144333,15.551949,15.237137,15.255684,15.533455,15.607391,
15.736610,15.588913,15.496475,15.662788,15.533455,15.551949,15.644325,15.551949,15.422462,15.125755,15.181458,15.125755,15.274223,15.533455,15.274223,15.551949,15.422462,15.588913,15.607391,16.049652,16.178230,16.708862,17.399261,17.616119,17.814415,18.173759,18.692055,19.012123,19.260208,19.718910,19.754082,20.140007,20.052460,20.122513,20.227455,20.367180,20.454369,20.471802,20.680634,20.541473,20.384621,20.593697,20.436943,20.349724,20.367180,20.593697,20.593697,20.593697,20.558884,20.663254,20.663254,20.367180,20.489220,20.611084,20.558884,20.576286,20.802200,20.750122,20.698021,20.906242,20.732758,20.888908,20.992851,20.836899,20.836899,20.784843,20.715385,20.975533,20.992851,21.044754,21.010155,21.010155,21.131203,21.131203,21.044754,21.217552,21.131203,21.252068,21.372734,21.372734,21.286568,21.355507,21.183029,21.355507,21.234810,21.286568,21.372734,21.424393,21.286568,21.165756,21.234810,21.200287,21.338272,21.389961,21.441612,21.441612,21.476021,21.355507,21.510414,21.510414,21.579163,21.510414,21.733620,21.493217,21.733620,21.458817,21.355507,21.510414,21.544792,21.561981,21.407181,21.647850,21.665016,21.853539,21.785027,21.785027,21.665016,21.750755,21.767891,21.733620,21.802162,22.007431,21.802162,21.767891,21.836411,21.990349,21.733620,21.870644,21.699318,21.750755,21.733620,21.939064,21.956161,21.904861,21.733620,21.802162,21.767891,21.767891,21.750755,21.750755,21.853539,21.699318,21.785027,21.647850,21.647850,21.785027,21.802162,21.579163,21.544792,21.750755,21.750755,21.699318,21.767891,21.939064,21.904861,21.990349,22.212143,22.229179,22.212143,22.280251,22.195107,22.280251,22.348305,22.229179,22.280251,22.314293,22.535133,22.399300,22.382309,22.382309,22.178062,22.143959,22.382309,22.467247,22.246208,22.518166,22.212143,22.348305,22.331291,22.331291,22.484222,22.382309,22.450264,22.416298,22.416298,22.314293,22.382309,22.501198,22.399300,22.365303,22.314293,22.348305,22.348305,22.535133,22.348305,22.535133,22.535133,22.348305,22.467247,22.109856,22.126915,22.331291,22.161018,22.126915,21.887764,21.990349,21.767891,21.802162,21.887764,21.802162,21.956161,22.075729,21.819290,22.024513,21.939064,21.973259,21.939064,21.870644,21.870644,21.887764,21.973259,21.750755,21.802162,21.836411,21.699318,21.853539,21.836411,22.024513,21.596336,21.819290,21.716469,21.853539,21.904861,21.990349,21.973259,22.109856,21.990349,22.126915,22.178062,22.195107,22.058662,22.263237,22.143959,22.178062,22.280251,22.263237,22.212143,22.280251,22.195107,22.280251,22.263237,22.178062,22.178062,22.433289,22.246208,22.246208,22.263237,22.195107,22.229179,22.297272,22.331291,22.280251,22.195107,22.229179,22.195107,22.126915,22.058662,21.973259,22.143959,22.075729,21.939064,21.870644,21.990349,21.785027,22.041588,21.836411,21.836411,21.682167,21.561981,21.544792,21.113914,21.493217,21.165756,20.975533,21.027458,20.854233,21.010155,20.906242,20.541473,20.871582,20.698021,20.524055,20.611084,20.524055,20.576286,20.836899,20.611084,20.628487,20.436943,20.436943,20.558884,20.332268,20.645866,20.367180,20.524055,20.419502,20.262413,20.349724,20.297348,20.297348,20.174995,20.174995,19.982353,20.087494,20.122513,19.982353,19.912178,20.087494,19.841957,19.964821,19.964821,19.947273,19.824394,19.683716,19.683716,19.666115,19.489883,19.560417,19.419281,19.454590,19.313263,19.366287,19.118538,19.277893,19.313263,19.242508,19.065346,19.029869,18.905579,18.781090,18.567253,18.317062,18.066116,17.904396,17.543900,17.272507,17.054764,16.489677,16.343254,16.233269,15.699715,15.570435,15.329842,15.218575,15.255684,15.200020,15.237137,15.181458,15.255684,15.292770,15.181458,15.348373,15.459480,15.329842,15.496475,15.366905,15.440964,15.477974,15.255684,15.348373,15.274223,15.292770,15.218575,15.348373,15.311302,15.329842,15.385422,15.311302,15.107178,15.200020,15.366905,15.274223,15.237137,15.218575,15.237137,15.440964,15.200020,15.181458,15.348373,15.181458,15.514977,15.292770,15.162895,15.107178,15.255684,15.088600,15.255684,15.162895,15.162895,15.292770,15.181458,15.181458,15.088600,15.274223,15.125755,15.107178,15.107178,15.144333,15.032837,15.144333,15.070015,14.995636,15.051422,14.977043,15.032837,15.070015,15.051422,15.032837,15.144333,14.977043,14.958420,15.200020,15.125755,15.255684,15.088600,15.032837,15.014244,15.144333,14.995636,14.883965,15.014244,15.051422,15.144333,14.977043,14.939812,15.088600,14.883965,15.032837,14.939812,15.107178,14.958420,14.958420,14.977043,15.032837,14.958420,15.200020,14.977043,15.051422,14.977043,14.902580,14.995636,15.144333,15.070015,15.144333,15.070015,15.051422,15.051422,15.162895,15.181458,15.162895,15.107178,15.051422,15.051422,15.144333,15.125755,15.051422,15.144333,15.237137,15.218575,15.088600,14.977043,15.070015,15.255684,15.125755,15.107178,15.051422,15.032837,15.014244,15.088600,15.237137,15.403938,15.274223,15.311302,15.255684,15.385422,15.144333,15.107178,15.255684,14.977043,15.366905,15.218575,15.292770,15.588913,15.218575,15.125755,15.181458,15.014244,14.995636,14.622826,14.883965,15.014244,14.753487,14.604141,14.734833,14.510681,14.809425,14.716171,14.716171,14.846703,15.144333,15.107178,15.218575,15.255684,15.218575,15.292770,15.403938,15.292770,15.200020,15.292770,15.144333,15.274223,15.440964,15.032837,15.181458,15.014244,14.995636,14.921196,15.014244,14.902580,14.995636,14.995636,14.865326,14.921196,15.014244,15.144333,15.255684,15.311302,15.125755,15.051422,15.255684,15.181458,15.311302,15.218575,15.162895,15.200020,14.902580,14.921196,15.051422,15.181458,15.162895,14.977043,15.329842,15.144333,15.088600,14.772133,15.107178,15.385422,15.107178,14.921196,15.181458,15.274223,15.274223,15.051422,15.070015,15.088600,15.181458,15.088600,14.995636,15.181458,15.125755,15.051422,15.181458,15.088600,14.995636,15.218575,15.162895,15.125755,15.107178,15.088600,15.237137,15.032837,15.255684,15.107178,15.218575,15.088600,15.237137,14.958420,14.790794,15.144333,15.311302,15.107178,15.200020,14.921196,15.200020,15.107178,14.977043,15.292770,15.014244,15.051422,15.107178,14.772133,15.162895,15.237137,15.237137,14.958420,15.181458,15.255684,15.014244,15.162895,15.181458,15.051422,15.255684,15.237137,15.218575,14.995636,15.162895,15.162895,15.218575,15.200020,15.237137,15.255684,14.977043,15.200020,15.125755,15.070015,15.237137,15.422462,15.570435,15.255684,15.292770,15.311302,15.181458,15.329842,15.162895,15.255684,15.403938,15.274223,15.403938,15.385422,15.218575,
15.736610,15.422462,15.588913,15.718163,15.366905,15.440964,15.496475,15.514977,15.348373,15.551949,15.311302,15.255684,15.218575,15.255684,15.496475,15.440964,15.514977,15.459480,15.625862,16.159874,16.361572,16.727104,17.072929,17.363060,17.922386,18.245445,18.460121,18.870033,19.189407,19.401619,19.824394,20.209976,20.105003,20.314804,20.628487,20.489220,20.506645,20.663254,20.454369,20.384621,20.593697,20.593697,20.436943,20.524055,20.471802,20.384621,20.524055,20.524055,20.558884,20.419502,20.541473,20.454369,20.558884,20.698021,20.628487,20.732758,20.558884,20.750122,20.680634,20.784843,20.854233,20.854233,20.819542,20.819542,20.819542,20.906242,20.819542,20.784843,21.027458,20.958221,21.131203,21.027458,21.113914,21.183029,21.113914,21.303802,21.303802,21.113914,21.217552,21.200287,21.338272,21.252068,21.269310,21.372734,21.372734,21.389961,21.303802,21.286568,21.303802,21.441612,21.200287,21.372734,21.441612,21.458817,21.269310,21.338272,21.424393,21.493217,21.372734,21.424393,21.476021,21.407181,21.389961,21.544792,21.424393,21.441612,21.561981,21.458817,21.493217,21.476021,21.424393,21.544792,21.699318,21.785027,21.870644,21.836411,21.699318,21.750755,21.904861,21.682167,21.699318,21.887764,21.767891,21.785027,21.956161,21.887764,21.870644,22.041588,21.836411,21.699318,21.699318,21.716469,21.853539,21.921967,21.767891,21.716469,21.819290,21.870644,21.613518,21.921967,21.733620,21.802162,21.870644,21.699318,21.561981,21.750755,21.699318,21.682167,21.785027,21.716469,21.682167,21.767891,21.836411,22.126915,21.904861,22.092789,22.126915,22.195107,22.246208,22.212143,22.331291,22.280251,22.484222,22.586006,22.467247,22.484222,22.399300,22.569054,22.382309,22.229179,22.263237,22.348305,22.246208,22.416298,22.365303,22.382309,22.348305,22.314293,22.331291,22.450264,22.399300,22.195107,22.280251,22.314293,22.382309,22.433289,22.314293,22.433289,22.450264,22.467247,22.484222,22.501198,22.416298,22.586006,22.399300,22.467247,22.518166,22.433289,22.263237,22.246208,22.263237,22.178062,22.024513,22.041588,22.058662,22.041588,21.990349,21.973259,21.904861,22.024513,21.973259,22.041588,21.939064,21.887764,21.973259,21.956161,22.075729,21.904861,21.819290,21.887764,21.767891,21.682167,21.853539,21.716469,21.493217,21.802162,21.682167,21.802162,21.767891,21.596336,21.939064,21.990349,21.716469,22.007431,22.041588,22.024513,22.109856,22.263237,22.195107,22.161018,22.126915,22.246208,22.263237,22.348305,22.263237,22.297272,22.314293,22.416298,22.314293,22.314293,22.280251,22.348305,22.382309,22.416298,22.365303,22.382309,22.399300,22.467247,22.467247,22.280251,22.416298,22.365303,22.126915,22.331291,22.212143,22.331291,22.126915,22.280251,22.195107,22.195107,22.109856,21.939064,22.041588,21.973259,21.939064,21.921967,21.887764,21.785027,21.647850,21.579163,21.424393,21.321045,21.303802,21.027458,21.131203,21.027458,21.165756,20.802200,20.698021,20.524055,20.576286,20.732758,20.680634,20.784843,20.645866,20.558884,20.611084,20.506645,20.489220,20.593697,20.454369,20.454369,20.593697,20.297348,20.349724,20.419502,20.332268,19.982353,20.297348,19.999893,20.140007,20.105003,20.140007,20.087494,19.912178,19.877083,20.069977,19.929733,19.789246,19.806816,19.806816,19.912178,19.666115,19.718910,19.806816,19.701309,19.701309,19.613289,19.489883,19.330948,19.436943,19.224815,19.436943,19.489883,19.348618,19.295586,19.083084,19.047615,18.923340,18.727684,18.602928,18.281258,17.976311,17.868416,17.453522,17.145554,16.763573,16.361572,16.379883,15.994492,15.847229,15.662788,15.366905,15.329842,15.292770,15.107178,15.311302,15.329842,15.366905,15.348373,15.218575,15.311302,15.477974,15.311302,15.514977,15.385422,15.385422,15.385422,15.218575,15.607391,15.403938,15.292770,15.237137,15.348373,15.107178,15.348373,15.274223,15.385422,15.348373,15.255684,15.200020,15.200020,15.292770,14.958420,15.237137,15.274223,15.348373,15.459480,15.107178,15.088600,15.255684,15.144333,15.218575,15.107178,15.088600,15.218575,15.403938,15.255684,15.181458,15.088600,15.107178,15.088600,15.292770,15.144333,15.255684,15.107178,15.162895,15.255684,15.181458,15.162895,14.977043,15.014244,15.292770,15.032837,14.958420,14.902580,14.939812,14.995636,15.070015,15.051422,14.883965,14.921196,15.237137,15.107178,15.088600,15.070015,15.032837,14.995636,14.902580,15.088600,14.995636,15.051422,15.125755,14.995636,14.921196,15.088600,15.032837,14.865326,15.014244,15.125755,14.828064,14.921196,14.977043,15.311302,15.032837,15.032837,14.958420,15.125755,14.865326,15.088600,14.921196,15.292770,14.977043,15.200020,14.939812,15.144333,15.144333,15.218575,15.255684,15.070015,15.200020,15.200020,15.014244,14.939812,15.144333,15.125755,15.107178,15.107178,15.144333,15.162895,15.088600,15.051422,15.181458,15.200020,15.311302,15.162895,15.311302,15.218575,15.070015,15.107178,15.329842,15.348373,15.329842,15.162895,15.144333,15.181458,15.218575,15.292770,15.292770,15.348373,15.218575,15.125755,15.200020,15.181458,15.385422,15.162895,15.292770,14.977043,14.977043,14.939812,14.828064,14.939812,14.566772,14.585457,14.809425,14.828064,14.622826,14.716171,14.995636,15.348373,15.107178,15.070015,15.292770,15.366905,15.218575,15.348373,15.162895,15.403938,15.348373,15.422462,15.125755,15.144333,15.181458,15.032837,15.107178,14.958420,14.958420,14.902580,14.809425,15.107178,14.846703,15.051422,15.051422,15.218575,15.200020,15.274223,15.200020,15.237137,15.181458,15.200020,15.255684,15.422462,15.144333,15.014244,14.846703,15.125755,15.107178,15.144333,15.181458,15.329842,15.051422,15.032837,15.051422,15.088600,15.107178,15.144333,15.107178,14.958420,15.218575,15.070015,15.181458,15.125755,14.995636,15.255684,15.144333,14.902580,14.977043,15.070015,15.051422,15.014244,14.939812,15.125755,15.107178,15.088600,14.865326,15.200020,14.921196,15.088600,15.255684,15.051422,15.144333,15.070015,14.958420,15.162895,15.088600,15.014244,15.125755,15.181458,14.977043,15.107178,15.162895,15.200020,14.977043,15.051422,15.144333,15.125755,15.181458,15.218575,15.088600,15.162895,15.051422,15.200020,15.200020,14.958420,14.958420,15.162895,15.088600,15.181458,15.088600,14.865326,15.032837,15.125755,15.107178,15.070015,15.255684,15.014244,14.977043,15.032837,15.070015,15.218575,14.921196,15.255684,15.162895,15.274223,15.255684,15.181458,15.292770,15.588913,15.255684,15.403938,15.181458,15.551949,15.237137,15.514977,15.329842,15.422462,15.422462,15.274223,15.440964,15.533455,
15.366905,15.477974,15.514977,15.477974,15.329842,15.588913,15.681252,15.477974,15.348373,15.459480,15.107178,15.311302,15.144333,15.403938,15.366905,15.385422,15.403938,15.644325,15.884071,16.104774,16.269951,16.763573,17.145554,17.453522,17.958336,18.334953,18.477982,19.065346,19.348618,19.507530,19.789246,19.999893,20.174995,20.174995,20.436943,20.384621,20.576286,20.593697,20.611084,20.524055,20.663254,20.524055,20.367180,20.715385,20.715385,20.506645,20.454369,20.489220,20.611084,20.715385,20.436943,20.471802,20.524055,20.611084,20.645866,20.593697,20.611084,20.784843,20.836899,20.819542,20.750122,20.767487,20.940895,20.871582,20.611084,20.940895,20.923576,20.940895,20.854233,20.854233,20.888908,21.079346,21.096642,21.183029,21.389961,21.234810,21.355507,21.338272,21.217552,21.458817,21.183029,21.441612,21.321045,21.476021,21.321045,21.286568,21.389961,21.217552,21.476021,21.407181,21.200287,21.476021,21.355507,21.424393,21.372734,21.269310,21.527603,21.493217,21.286568,21.441612,21.424393,21.493217,21.493217,21.493217,21.493217,21.355507,21.424393,21.338272,21.561981,21.579163,21.647850,21.836411,21.596336,21.802162,21.921967,21.870644,21.665016,21.819290,21.870644,21.699318,21.990349,21.836411,21.767891,21.870644,21.750755,21.904861,21.853539,21.802162,21.716469,21.802162,21.887764,21.665016,21.630684,21.802162,21.887764,21.596336,21.630684,21.682167,21.853539,21.767891,21.750755,21.767891,21.630684,21.836411,21.647850,21.665016,21.733620,21.716469,21.802162,21.682167,21.785027,21.853539,21.870644,21.973259,21.887764,22.075729,22.195107,22.382309,22.229179,22.382309,22.365303,22.416298,22.467247,22.586006,22.484222,22.467247,22.535133,22.586006,22.433289,22.416298,22.365303,22.382309,22.382309,22.484222,22.348305,22.433289,22.399300,22.433289,22.399300,22.382309,22.416298,22.467247,22.365303,22.365303,22.348305,22.365303,22.297272,22.365303,22.246208,22.365303,22.433289,22.433289,22.602951,22.467247,22.467247,22.450264,22.433289,22.467247,22.314293,22.399300,22.212143,22.178062,22.195107,22.058662,21.956161,22.041588,22.041588,21.973259,21.819290,21.956161,21.836411,21.956161,21.990349,21.939064,22.195107,22.007431,21.819290,21.904861,21.956161,21.819290,21.802162,21.785027,21.699318,21.665016,21.819290,21.819290,21.750755,21.819290,21.870644,21.904861,21.870644,21.802162,21.956161,22.024513,22.024513,22.143959,22.092789,22.143959,22.348305,22.126915,22.143959,22.348305,22.518166,22.348305,22.416298,22.297272,22.365303,22.450264,22.484222,22.331291,22.263237,22.365303,22.501198,22.433289,22.535133,22.602951,22.433289,22.297272,22.365303,22.416298,22.314293,22.314293,22.161018,22.195107,22.365303,22.161018,22.382309,22.161018,22.297272,22.195107,22.212143,22.246208,22.007431,21.921967,22.058662,21.836411,21.785027,21.579163,21.853539,21.733620,21.544792,21.389961,21.234810,21.113914,21.252068,20.819542,21.010155,20.698021,20.854233,20.836899,20.732758,20.558884,20.506645,20.454369,20.489220,20.593697,20.558884,20.384621,20.506645,20.506645,20.349724,20.332268,20.419502,20.367180,20.209976,20.209976,20.122513,20.209976,20.192490,20.069977,19.947273,19.877083,19.929733,19.859520,19.877083,19.859520,19.754082,19.718910,19.630898,19.683716,19.771667,19.701309,19.736496,19.701309,19.736496,19.736496,19.771667,19.507530,19.507530,19.578049,19.401619,19.348618,19.348618,19.277893,19.224815,19.100807,19.136261,19.224815,18.798889,18.692055,18.620766,18.281258,18.012245,17.940361,17.453522,17.163704,16.836464,16.581078,16.104774,15.902481,15.533455,15.292770,15.329842,15.366905,15.144333,15.311302,15.162895,15.329842,15.070015,15.255684,15.311302,15.329842,15.440964,15.514977,15.311302,15.385422,15.348373,15.348373,15.329842,15.366905,15.477974,15.237137,15.440964,15.385422,15.292770,15.274223,15.292770,15.274223,15.255684,15.162895,15.144333,15.255684,15.237137,15.237137,15.200020,15.144333,15.237137,15.107178,15.088600,15.107178,15.311302,15.218575,15.125755,15.051422,15.070015,15.274223,15.237137,15.070015,15.125755,15.107178,15.107178,15.162895,15.032837,15.162895,15.107178,15.348373,15.107178,15.051422,15.070015,15.032837,15.032837,15.014244,15.014244,15.070015,15.014244,15.014244,14.958420,15.125755,14.977043,14.939812,15.014244,14.883965,15.051422,15.070015,14.958420,15.088600,14.995636,14.846703,14.958420,14.939812,14.902580,15.181458,14.939812,14.902580,14.846703,14.995636,15.032837,15.070015,14.995636,15.162895,14.902580,14.921196,14.921196,15.051422,15.162895,15.014244,14.921196,14.921196,14.846703,15.162895,14.846703,15.051422,15.162895,15.070015,14.977043,15.181458,14.865326,15.274223,15.014244,15.070015,15.051422,15.070015,15.181458,15.162895,15.070015,15.107178,15.144333,14.939812,15.181458,15.125755,15.162895,14.977043,15.051422,15.255684,15.255684,15.162895,15.144333,15.181458,14.995636,15.125755,15.255684,15.237137,15.311302,15.070015,15.051422,15.255684,15.181458,15.162895,15.292770,15.237137,15.237137,15.422462,15.292770,15.329842,15.051422,15.181458,15.032837,15.218575,15.032837,15.107178,15.032837,14.660179,14.865326,14.902580,14.622826,14.958420,14.809425,14.772133,15.181458,15.237137,15.051422,15.255684,15.274223,15.496475,15.385422,15.329842,15.144333,15.496475,15.440964,15.329842,15.366905,15.348373,14.939812,15.051422,15.107178,14.939812,14.977043,14.865326,14.902580,14.883965,15.070015,14.865326,14.846703,14.865326,15.200020,15.088600,15.292770,15.237137,15.051422,15.051422,15.255684,15.255684,15.088600,15.348373,15.162895,15.218575,15.107178,15.218575,15.088600,15.107178,15.088600,15.144333,14.977043,15.088600,15.200020,15.181458,14.939812,15.070015,15.255684,14.939812,14.995636,15.014244,15.088600,15.107178,14.902580,15.144333,14.958420,15.144333,15.107178,15.200020,14.995636,15.125755,14.958420,15.070015,15.032837,14.995636,14.921196,14.846703,15.070015,14.921196,15.162895,14.939812,15.218575,15.200020,15.144333,15.162895,15.107178,15.107178,15.051422,15.107178,15.237137,14.921196,15.107178,14.958420,15.218575,15.218575,15.014244,15.218575,15.051422,15.051422,15.162895,15.032837,14.939812,15.088600,15.162895,15.014244,15.014244,15.162895,14.753487,15.181458,14.846703,14.977043,15.032837,15.070015,15.144333,14.902580,15.032837,15.088600,15.088600,14.939812,15.181458,15.181458,15.051422,15.255684,15.144333,15.237137,15.162895,15.644325,15.329842,15.385422,15.440964,15.496475,15.329842,15.422462,15.385422,15.440964,15.311302,15.440964,15.477974,15.607391,
15.588913,15.459480,15.588913,15.459480,15.403938,15.570435,15.459480,15.496475,15.440964,15.181458,15.125755,15.292770,15.218575,15.459480,15.237137,15.588913,15.311302,15.366905,15.791931,15.976097,16.196571,16.872887,17.272507,17.453522,17.868416,18.245445,18.674240,18.816673,19.100807,19.578049,19.613289,19.841957,20.314804,20.227455,20.314804,20.384621,20.471802,20.419502,20.454369,20.454369,20.628487,20.524055,20.471802,20.384621,20.454369,20.558884,20.524055,20.576286,20.506645,20.524055,20.506645,20.593697,20.663254,20.489220,20.680634,20.698021,20.854233,20.819542,20.663254,20.750122,20.750122,20.940895,20.767487,21.027458,20.784843,20.906242,21.027458,21.062057,21.010155,20.888908,20.923576,21.148476,21.027458,20.992851,21.252068,21.338272,21.252068,21.493217,21.424393,21.131203,21.355507,21.372734,21.407181,21.441612,21.510414,21.510414,21.476021,21.252068,21.527603,21.321045,21.476021,21.372734,21.389961,21.458817,21.389961,21.424393,21.338272,21.476021,21.647850,21.596336,21.476021,21.441612,21.424393,21.699318,21.510414,21.544792,21.355507,21.510414,21.579163,21.596336,21.561981,21.613518,21.682167,22.007431,21.716469,21.819290,21.973259,22.058662,21.819290,22.007431,21.785027,21.836411,21.939064,21.887764,21.785027,21.990349,21.990349,21.870644,21.785027,21.802162,21.630684,21.802162,21.682167,21.767891,21.870644,21.802162,21.579163,21.853539,21.750755,21.802162,21.682167,21.733620,21.613518,21.819290,21.596336,21.699318,21.682167,21.647850,21.544792,21.699318,21.904861,21.870644,21.887764,21.853539,22.178062,22.195107,22.365303,22.331291,22.280251,22.399300,22.348305,22.399300,22.586006,22.501198,22.433289,22.501198,22.382309,22.602951,22.535133,22.433289,22.416298,22.552086,22.484222,22.467247,22.416298,22.416298,22.365303,22.450264,22.467247,22.484222,22.297272,22.569054,22.467247,22.297272,22.297272,22.484222,22.416298,22.297272,22.365303,22.602951,22.653778,22.602951,22.586006,22.467247,22.518166,22.602951,22.365303,22.535133,22.586006,22.399300,22.314293,22.382309,22.109856,22.092789,22.024513,22.024513,22.126915,22.126915,21.990349,22.126915,22.109856,22.041588,22.041588,21.956161,21.887764,22.024513,21.836411,22.143959,21.956161,21.973259,21.767891,21.785027,21.767891,21.973259,21.733620,21.682167,21.647850,21.665016,21.921967,21.630684,21.853539,22.024513,21.990349,22.024513,21.990349,22.297272,22.161018,22.143959,22.501198,22.314293,22.246208,22.416298,22.416298,22.484222,22.467247,22.501198,22.382309,22.586006,22.365303,22.552086,22.450264,22.535133,22.399300,22.348305,22.433289,22.501198,22.586006,22.365303,22.416298,22.348305,22.501198,22.433289,22.314293,22.416298,22.399300,22.416298,22.348305,22.280251,22.314293,22.467247,22.229179,22.212143,22.314293,22.143959,21.921967,21.990349,21.750755,21.921967,21.733620,21.647850,21.561981,21.441612,21.355507,21.321045,20.923576,20.958221,20.992851,20.698021,20.698021,20.767487,20.715385,20.663254,20.611084,20.663254,20.593697,20.506645,20.471802,20.541473,20.541473,20.436943,20.349724,20.419502,20.244934,20.279877,20.034943,20.192490,20.140007,20.052460,19.964821,19.999893,19.841957,19.754082,19.859520,19.929733,19.718910,19.929733,19.877083,19.718910,19.666115,19.824394,19.877083,19.701309,19.560417,19.806816,19.454590,19.929733,19.701309,19.736496,19.472237,19.472237,19.383957,19.383957,19.348618,19.383957,19.383957,19.295586,19.153984,18.976631,18.887802,18.531555,18.352852,18.370735,18.227524,17.724342,17.453522,17.163704,16.781799,16.306610,16.123146,15.884071,15.791931,15.329842,15.292770,15.218575,15.292770,15.292770,15.014244,15.274223,15.274223,15.200020,15.237137,15.422462,15.348373,15.514977,15.292770,15.144333,15.274223,15.477974,15.459480,15.403938,15.348373,15.422462,15.237137,15.218575,15.162895,15.311302,15.255684,15.311302,15.107178,15.237137,15.403938,15.385422,15.329842,15.200020,15.459480,15.144333,15.218575,15.162895,15.125755,15.144333,15.255684,15.032837,15.403938,15.088600,15.255684,15.200020,15.200020,15.088600,15.162895,15.292770,14.977043,15.088600,15.237137,15.237137,15.070015,15.162895,15.125755,15.162895,15.051422,15.014244,15.107178,15.107178,15.144333,15.014244,14.995636,15.032837,15.125755,15.070015,14.902580,15.144333,15.070015,15.051422,15.125755,15.200020,14.902580,15.014244,15.032837,14.921196,15.088600,15.088600,15.070015,15.107178,14.865326,15.014244,15.032837,15.070015,14.958420,15.107178,14.902580,15.051422,15.088600,14.883965,15.125755,14.995636,15.051422,14.958420,14.995636,14.995636,14.939812,14.902580,15.051422,15.274223,14.977043,15.292770,15.107178,15.144333,15.107178,15.144333,15.218575,15.014244,14.939812,15.181458,15.200020,15.070015,15.125755,14.977043,15.032837,15.162895,15.200020,15.218575,15.051422,15.255684,15.144333,15.088600,15.292770,15.014244,15.032837,15.014244,14.977043,15.181458,15.218575,15.181458,15.348373,15.274223,15.440964,15.181458,15.348373,15.329842,15.181458,15.051422,15.329842,15.237137,15.237137,15.144333,15.125755,15.088600,15.051422,14.883965,15.032837,14.734833,14.734833,14.697517,14.604141,14.790794,14.809425,14.902580,14.660179,14.958420,15.032837,15.107178,14.977043,15.088600,15.403938,15.366905,15.274223,15.311302,15.403938,15.403938,15.348373,15.237137,15.292770,15.051422,15.144333,15.144333,14.790794,14.977043,15.032837,15.144333,14.995636,14.883965,14.939812,14.809425,14.902580,15.125755,14.958420,14.958420,15.329842,15.255684,15.107178,14.995636,15.088600,15.237137,15.144333,15.348373,15.181458,15.070015,15.125755,15.255684,15.088600,15.051422,15.070015,15.070015,14.977043,14.995636,15.032837,14.921196,15.088600,14.977043,14.977043,15.107178,15.051422,15.014244,15.051422,15.070015,14.865326,15.144333,15.051422,15.032837,15.070015,14.939812,15.088600,14.846703,14.977043,15.070015,15.088600,15.014244,15.070015,15.070015,15.144333,15.088600,15.144333,14.883965,15.200020,15.032837,15.181458,14.958420,15.200020,15.162895,15.032837,15.125755,14.977043,15.125755,15.032837,15.051422,14.921196,15.088600,15.070015,15.014244,15.070015,15.088600,15.292770,15.181458,15.014244,15.162895,15.014244,14.958420,15.181458,15.292770,14.958420,15.107178,14.977043,15.255684,15.088600,14.846703,15.218575,14.921196,15.051422,15.162895,15.107178,15.088600,14.995636,15.144333,14.995636,15.014244,15.032837,15.385422,15.348373,15.292770,15.366905,15.403938,15.533455,15.292770,15.662788,15.366905,15.366905,15.514977,15.459480,15.570435,15.533455,15.588913,
15.625862,15.366905,15.440964,15.477974,15.625862,15.403938,15.237137,15.385422,15.329842,15.440964,15.292770,15.255684,15.088600,15.588913,15.292770,15.311302,15.348373,15.607391,15.662788,16.049652,16.324928,16.872887,17.163704,17.507759,17.886406,18.227524,18.674240,19.012123,19.153984,19.366287,19.718910,19.999893,20.105003,20.227455,20.209976,20.419502,20.419502,20.558884,20.419502,20.384621,20.454369,20.541473,20.663254,20.611084,20.541473,20.628487,20.471802,20.489220,20.558884,20.471802,20.367180,20.593697,20.680634,20.750122,20.715385,20.888908,20.854233,20.888908,21.096642,20.593697,20.923576,20.819542,20.923576,21.010155,20.802200,20.836899,20.871582,20.836899,21.010155,20.888908,21.062057,20.958221,21.148476,21.113914,21.027458,21.372734,21.338272,21.234810,21.338272,21.372734,21.183029,21.286568,21.441612,21.424393,21.303802,21.200287,21.561981,21.561981,21.389961,21.441612,21.544792,21.407181,21.510414,21.613518,21.286568,21.476021,21.561981,21.424393,21.544792,21.510414,21.510414,21.630684,21.476021,21.579163,21.647850,21.767891,21.579163,21.767891,21.682167,21.613518,21.750755,21.836411,21.819290,21.785027,21.921967,22.024513,22.007431,21.939064,22.041588,21.990349,22.058662,21.990349,21.904861,22.092789,21.802162,21.990349,21.836411,21.939064,21.819290,21.870644,21.853539,21.921967,21.921967,21.973259,21.904861,21.870644,21.750755,21.921967,21.665016,21.733620,21.836411,21.836411,21.819290,21.750755,21.682167,21.630684,21.836411,21.767891,21.665016,21.716469,21.785027,21.870644,21.836411,22.092789,22.178062,22.263237,22.314293,22.484222,22.331291,22.365303,22.535133,22.552086,22.450264,22.586006,22.484222,22.653778,22.569054,22.586006,22.501198,22.348305,22.467247,22.433289,22.535133,22.484222,22.501198,22.501198,22.416298,22.365303,22.484222,22.416298,22.467247,22.467247,22.365303,22.433289,22.382309,22.416298,22.450264,22.433289,22.399300,22.586006,22.382309,22.636833,22.670708,22.586006,22.416298,22.586006,22.314293,22.501198,22.416298,22.619896,22.263237,22.297272,22.518166,22.246208,22.178062,22.109856,22.058662,22.058662,22.246208,22.024513,22.126915,22.041588,22.024513,22.024513,21.853539,22.092789,22.143959,21.819290,21.904861,22.058662,22.126915,21.819290,21.767891,21.733620,21.887764,21.870644,21.956161,21.836411,21.836411,21.904861,21.939064,21.990349,21.973259,22.161018,22.161018,22.212143,22.331291,22.484222,22.246208,22.619896,22.433289,22.484222,22.619896,22.704575,22.687645,22.518166,22.365303,22.518166,22.501198,22.569054,22.518166,22.586006,22.535133,22.704575,22.535133,22.552086,22.619896,22.433289,22.552086,22.569054,22.501198,22.602951,22.399300,22.416298,22.365303,22.399300,22.365303,22.212143,22.314293,22.280251,22.229179,22.229179,22.229179,22.229179,22.109856,22.041588,21.956161,21.767891,21.887764,21.750755,21.544792,21.561981,21.510414,21.252068,21.079346,21.027458,20.767487,20.854233,20.732758,20.819542,20.680634,20.506645,20.628487,20.732758,20.489220,20.471802,20.419502,20.436943,20.349724,20.367180,20.402061,20.349724,20.157509,20.140007,20.017418,20.105003,20.140007,19.736496,19.736496,19.894638,19.754082,19.613289,19.754082,19.525154,19.754082,19.613289,19.841957,19.595665,19.560417,19.789246,19.789246,19.701309,19.718910,19.683716,19.578049,19.578049,19.578049,19.578049,19.454590,19.242508,19.260208,19.454590,19.083084,19.295586,19.401619,19.224815,19.277893,18.994377,18.923340,19.012123,18.549400,18.424385,17.994278,17.778404,17.399261,17.290627,16.763573,16.654121,16.178230,15.976097,15.681252,15.644325,15.496475,15.032837,15.274223,15.200020,15.292770,15.107178,15.292770,15.162895,15.200020,15.366905,15.366905,15.514977,15.311302,15.440964,15.459480,15.385422,15.366905,15.329842,15.311302,15.218575,15.292770,15.070015,15.255684,15.144333,15.348373,15.218575,15.237137,15.274223,15.274223,15.348373,15.311302,15.200020,15.329842,15.032837,15.237137,15.070015,15.181458,15.051422,15.218575,15.237137,15.237137,15.144333,15.329842,15.237137,15.032837,14.958420,14.958420,15.218575,15.218575,15.144333,15.162895,14.865326,15.070015,14.939812,15.051422,15.032837,15.070015,15.237137,14.995636,14.902580,14.865326,14.883965,15.051422,15.088600,15.051422,15.144333,15.032837,15.181458,14.995636,14.883965,15.200020,15.162895,14.977043,14.883965,15.051422,15.144333,15.107178,15.014244,14.995636,15.014244,14.921196,15.032837,14.977043,15.051422,14.939812,14.958420,15.032837,14.921196,14.865326,14.846703,14.958420,14.921196,15.107178,14.883965,15.014244,14.977043,15.070015,15.125755,15.014244,15.200020,14.995636,15.032837,15.088600,15.070015,14.995636,15.311302,15.107178,14.995636,15.200020,15.014244,14.958420,15.107178,15.051422,15.403938,15.088600,15.200020,15.070015,15.255684,15.070015,14.995636,15.107178,15.162895,15.292770,15.329842,15.329842,15.181458,15.051422,15.366905,15.255684,15.329842,15.274223,15.366905,15.181458,15.348373,15.237137,15.107178,15.125755,15.403938,15.144333,15.255684,15.311302,15.274223,15.032837,15.218575,15.070015,14.902580,14.828064,15.051422,14.678848,14.772133,14.660179,14.641502,14.790794,14.883965,14.846703,14.939812,14.865326,15.162895,15.311302,15.218575,15.366905,15.274223,15.125755,15.329842,15.162895,15.255684,15.292770,15.440964,15.311302,15.125755,15.218575,14.939812,14.977043,14.958420,14.678848,15.032837,14.958420,14.734833,14.790794,14.995636,14.995636,15.107178,15.200020,15.181458,15.014244,15.144333,15.311302,15.218575,15.422462,15.274223,15.477974,15.274223,15.551949,15.088600,15.200020,15.088600,15.051422,15.032837,15.125755,15.181458,15.051422,15.014244,15.107178,14.977043,15.014244,14.921196,15.070015,14.958420,15.144333,15.032837,15.255684,15.144333,15.107178,15.051422,15.032837,15.051422,15.051422,14.921196,15.107178,15.125755,15.162895,15.051422,14.828064,14.995636,15.255684,14.958420,15.070015,15.032837,15.255684,15.107178,15.200020,14.977043,15.088600,15.237137,15.144333,15.125755,14.846703,15.125755,14.883965,15.181458,15.311302,15.255684,15.070015,14.865326,15.200020,14.865326,15.032837,15.032837,15.014244,14.995636,15.162895,15.014244,15.014244,14.977043,15.014244,15.274223,15.107178,14.828064,15.051422,14.977043,15.144333,14.921196,14.939812,15.162895,15.200020,15.032837,15.032837,15.162895,14.958420,15.274223,15.218575,15.181458,15.440964,15.422462,15.088600,15.051422,15.181458,15.070015,15.311302,15.459480,15.366905,15.218575,15.218575,15.218575,15.403938,15.459480,15.440964,15.366905,
15.755058,15.311302,15.403938,15.570435,15.533455,15.570435,15.551949,15.385422,15.514977,15.348373,15.385422,15.385422,15.237137,15.292770,15.162895,15.329842,15.366905,15.718163,15.865646,16.031273,16.306610,16.672379,16.982056,17.561958,17.832420,18.048164,18.656418,19.118538,19.171692,19.454590,19.859520,19.877083,20.105003,20.209976,20.209976,20.419502,20.645866,20.558884,20.332268,20.593697,20.471802,20.576286,20.611084,20.541473,20.349724,20.454369,20.454369,20.524055,20.471802,20.489220,20.384621,20.698021,20.593697,20.802200,20.628487,20.767487,20.680634,20.802200,20.871582,20.888908,20.784843,20.802200,20.784843,20.975533,20.732758,20.750122,20.992851,20.975533,20.923576,21.062057,20.906242,20.975533,20.958221,21.044754,21.027458,21.252068,21.200287,21.303802,21.269310,21.441612,21.286568,21.458817,21.303802,21.407181,21.372734,21.493217,21.252068,21.458817,21.252068,21.441612,21.148476,21.476021,21.217552,21.458817,21.321045,21.407181,21.355507,21.476021,21.476021,21.544792,21.579163,21.682167,21.561981,21.613518,21.716469,21.493217,21.785027,21.579163,21.682167,21.493217,21.613518,21.716469,21.750755,21.887764,21.853539,21.904861,21.973259,21.990349,21.836411,21.956161,22.007431,21.836411,21.836411,22.058662,21.853539,21.904861,21.904861,21.750755,21.973259,21.853539,21.956161,21.904861,21.921967,21.853539,21.870644,22.058662,21.647850,21.819290,21.767891,21.887764,21.750755,21.613518,21.750755,21.579163,21.682167,21.921967,21.802162,21.699318,21.785027,21.561981,21.699318,21.716469,22.024513,22.126915,22.178062,22.161018,22.126915,22.382309,22.280251,22.297272,22.263237,22.399300,22.416298,22.501198,22.416298,22.348305,22.399300,22.467247,22.314293,22.382309,22.331291,22.501198,22.314293,22.416298,22.535133,22.331291,22.552086,22.433289,22.348305,22.331291,22.382309,22.535133,22.501198,22.433289,22.467247,22.535133,22.518166,22.552086,22.212143,22.433289,22.467247,22.670708,22.755325,22.450264,22.365303,22.484222,22.467247,22.399300,22.229179,22.348305,22.382309,22.348305,22.058662,22.212143,22.075729,22.109856,22.143959,21.904861,22.058662,22.058662,22.041588,22.161018,21.853539,22.109856,22.126915,22.161018,22.075729,22.280251,21.956161,21.990349,21.990349,21.939064,21.921967,21.956161,21.767891,22.007431,21.956161,21.956161,21.939064,21.836411,21.904861,22.007431,21.887764,22.075729,22.484222,22.212143,22.467247,22.314293,22.467247,22.501198,22.365303,22.399300,22.484222,22.433289,22.619896,22.586006,22.586006,22.552086,22.416298,22.518166,22.501198,22.535133,22.467247,22.484222,22.602951,22.484222,22.619896,22.535133,22.467247,22.721489,22.433289,22.670708,22.484222,22.501198,22.348305,22.331291,22.535133,22.416298,22.382309,22.416298,22.433289,22.246208,22.416298,22.178062,22.195107,22.092789,21.904861,21.853539,21.630684,21.630684,21.561981,21.527603,21.441612,21.252068,21.200287,21.027458,20.975533,20.958221,20.906242,20.836899,20.576286,20.732758,20.593697,20.384621,20.419502,20.524055,20.402061,20.402061,20.349724,20.279877,20.349724,20.174995,20.279877,20.122513,20.052460,20.140007,19.736496,19.894638,19.824394,19.789246,19.789246,19.754082,19.648506,19.666115,19.630898,19.542793,19.789246,19.648506,19.578049,19.736496,19.630898,19.683716,19.718910,19.736496,19.595665,19.560417,19.525154,19.613289,19.313263,19.454590,19.489883,19.472237,19.436943,19.171692,19.419281,19.189407,19.100807,19.224815,18.798889,18.798889,18.638596,18.370735,18.066116,17.868416,17.507759,17.163704,16.945679,16.581078,16.068031,15.920883,15.681252,15.477974,15.496475,15.459480,15.440964,15.125755,15.181458,15.237137,15.237137,15.255684,15.385422,15.181458,15.440964,15.477974,15.422462,15.403938,15.329842,15.551949,15.366905,15.348373,15.422462,15.366905,15.366905,15.181458,15.125755,15.200020,15.329842,15.292770,15.162895,15.292770,15.255684,15.274223,15.311302,15.200020,15.477974,15.181458,15.200020,15.218575,15.218575,15.292770,15.162895,15.200020,15.144333,15.144333,15.237137,15.181458,15.162895,15.144333,14.977043,15.255684,15.274223,15.051422,15.070015,15.144333,14.958420,15.051422,15.107178,15.144333,15.162895,14.977043,14.883965,15.088600,15.051422,15.144333,14.902580,15.088600,14.977043,15.125755,15.032837,15.162895,15.107178,14.958420,15.070015,15.051422,14.921196,15.088600,15.144333,15.014244,15.070015,15.051422,15.014244,14.977043,14.921196,15.200020,15.144333,14.939812,15.088600,14.921196,14.921196,14.921196,14.939812,15.032837,15.125755,14.958420,14.772133,14.883965,14.977043,15.032837,15.088600,15.255684,15.014244,15.200020,14.921196,15.144333,15.107178,15.051422,15.162895,15.107178,15.125755,15.070015,15.032837,15.274223,14.995636,15.162895,15.051422,15.311302,15.088600,15.107178,15.125755,15.329842,15.125755,15.051422,15.292770,14.958420,15.255684,15.162895,15.200020,15.125755,15.051422,15.274223,15.403938,15.329842,15.200020,15.144333,15.181458,15.329842,14.977043,15.200020,15.181458,15.348373,15.218575,15.051422,15.088600,15.255684,15.125755,15.088600,14.921196,15.070015,14.809425,14.921196,14.697517,14.865326,14.753487,14.678848,14.697517,14.958420,14.753487,14.995636,15.032837,14.958420,15.237137,15.366905,15.255684,15.218575,15.477974,15.218575,15.385422,15.274223,15.255684,15.237137,15.348373,15.292770,14.921196,14.846703,15.014244,14.865326,14.883965,15.088600,14.939812,14.902580,15.014244,14.772133,14.921196,15.088600,15.311302,15.329842,15.181458,15.070015,15.181458,15.051422,15.200020,15.237137,15.311302,15.088600,15.107178,15.144333,15.088600,15.088600,15.144333,15.070015,15.181458,15.125755,15.311302,15.051422,15.125755,14.977043,15.032837,15.014244,14.958420,15.255684,15.032837,15.070015,15.181458,15.051422,14.846703,14.958420,15.107178,15.032837,14.865326,15.107178,15.014244,15.088600,15.255684,15.051422,15.125755,15.051422,15.162895,15.032837,15.181458,15.070015,15.181458,15.088600,15.051422,15.014244,15.292770,15.032837,15.218575,15.070015,15.125755,15.051422,15.237137,15.181458,15.162895,15.255684,15.107178,15.014244,14.902580,15.162895,15.125755,15.014244,15.014244,15.274223,15.144333,14.977043,15.070015,15.070015,15.032837,15.051422,15.014244,15.088600,14.995636,15.181458,14.716171,15.032837,15.088600,14.753487,15.070015,14.995636,14.958420,15.014244,15.107178,15.088600,15.237137,15.218575,15.088600,15.311302,15.162895,15.125755,15.125755,15.366905,15.403938,15.274223,15.348373,15.533455,15.348373,15.403938,15.403938,15.218575,15.477974,15.662788,
15.791931,15.625862,15.348373,15.329842,15.403938,15.440964,15.459480,15.625862,15.329842,15.274223,15.255684,15.107178,15.496475,15.385422,15.311302,15.237137,15.255684,15.588913,15.865646,16.031273,16.361572,16.836464,16.800026,17.489685,17.868416,18.173759,18.406502,18.923340,19.242508,19.525154,19.648506,19.947273,19.947273,20.314804,20.227455,20.314804,20.332268,20.402061,20.541473,20.680634,20.576286,20.489220,20.349724,20.628487,20.419502,20.349724,20.558884,20.332268,20.436943,20.611084,20.558884,20.436943,20.819542,20.628487,20.645866,20.645866,20.767487,20.628487,20.784843,20.802200,20.940895,21.027458,20.663254,20.906242,20.958221,20.940895,20.958221,20.940895,20.923576,20.888908,21.044754,20.992851,20.958221,21.027458,21.062057,21.148476,21.079346,21.131203,21.252068,21.338272,21.269310,21.372734,21.493217,21.252068,21.303802,21.338272,21.372734,21.424393,21.217552,21.372734,21.269310,21.321045,21.338272,21.321045,21.269310,21.510414,21.441612,21.493217,21.544792,21.579163,21.596336,21.647850,21.630684,21.767891,21.682167,21.750755,21.561981,21.733620,21.733620,22.024513,21.733620,22.007431,21.921967,21.836411,21.956161,21.836411,22.007431,21.785027,21.750755,22.007431,21.973259,21.990349,22.126915,22.161018,22.092789,21.990349,21.921967,21.990349,21.973259,22.058662,21.870644,21.921967,21.904861,21.921967,21.836411,22.075729,21.819290,22.058662,21.733620,21.870644,21.665016,21.870644,21.785027,21.699318,21.699318,21.785027,21.767891,21.716469,21.836411,21.613518,21.785027,21.767891,21.767891,21.939064,21.904861,22.161018,22.212143,22.007431,22.143959,22.263237,22.297272,22.399300,22.382309,22.535133,22.263237,22.653778,22.331291,22.161018,22.314293,22.399300,22.365303,22.569054,22.433289,22.365303,22.348305,22.450264,22.416298,22.348305,22.433289,22.552086,22.331291,22.569054,22.518166,22.416298,22.399300,22.467247,22.467247,22.399300,22.569054,22.365303,22.619896,22.602951,22.399300,22.704575,22.501198,22.518166,22.467247,22.416298,22.195107,22.399300,22.143959,22.314293,22.178062,22.109856,22.109856,22.007431,21.819290,21.887764,21.956161,21.870644,22.075729,22.024513,22.075729,22.092789,22.058662,22.007431,22.143959,21.939064,22.109856,22.092789,22.058662,22.058662,21.853539,22.007431,21.990349,21.990349,21.904861,22.007431,21.939064,22.024513,21.939064,22.195107,22.143959,22.109856,22.178062,22.399300,22.331291,22.467247,22.246208,22.518166,22.552086,22.552086,22.382309,22.484222,22.501198,22.670708,22.552086,22.433289,22.586006,22.602951,22.535133,22.586006,22.636833,22.569054,22.586006,22.619896,22.467247,22.433289,22.619896,22.484222,22.348305,22.399300,22.348305,22.416298,22.467247,22.416298,22.399300,22.297272,22.484222,22.535133,22.348305,22.365303,22.433289,22.314293,22.399300,22.092789,21.921967,21.956161,21.870644,21.836411,21.561981,21.613518,21.561981,21.372734,21.269310,21.044754,21.113914,20.958221,20.784843,20.784843,20.854233,20.732758,20.698021,20.628487,20.645866,20.698021,20.611084,20.506645,20.541473,20.349724,20.209976,20.349724,20.227455,20.140007,20.069977,20.140007,19.964821,19.999893,19.877083,19.806816,19.630898,19.754082,19.754082,19.789246,19.683716,19.595665,19.683716,19.771667,19.578049,19.718910,19.754082,19.771667,19.472237,19.560417,19.701309,19.560417,19.507530,19.630898,19.648506,19.313263,19.507530,19.472237,19.153984,19.313263,19.313263,19.383957,19.330948,18.941109,18.852249,18.834473,18.477982,18.334953,17.904396,17.778404,17.199982,17.272507,16.909286,16.672379,16.233269,16.068031,15.625862,15.588913,15.496475,15.237137,15.181458,15.237137,15.311302,15.181458,15.218575,15.385422,15.107178,15.162895,15.237137,15.533455,15.366905,15.477974,15.348373,15.200020,15.329842,15.477974,15.570435,15.403938,15.292770,15.311302,15.514977,15.292770,15.348373,15.403938,15.292770,15.292770,15.237137,15.237137,15.162895,15.366905,15.218575,15.311302,15.032837,15.329842,15.125755,15.329842,15.032837,15.088600,15.200020,15.274223,15.014244,15.181458,14.939812,15.014244,15.218575,15.181458,15.088600,15.200020,15.107178,15.107178,15.051422,15.107178,15.014244,14.883965,15.032837,14.939812,15.032837,14.883965,15.181458,15.125755,14.809425,15.107178,14.939812,14.921196,15.070015,14.846703,15.107178,14.883965,15.088600,14.921196,14.883965,15.088600,14.977043,15.032837,15.070015,14.995636,14.958420,15.107178,14.977043,14.995636,15.051422,15.014244,14.883965,15.032837,15.014244,14.995636,14.958420,14.995636,15.032837,14.921196,14.828064,15.070015,15.051422,14.921196,14.977043,15.032837,14.865326,14.958420,14.939812,15.051422,15.088600,15.107178,14.958420,15.032837,15.144333,15.070015,14.958420,15.088600,15.051422,15.014244,14.977043,15.237137,15.088600,15.032837,15.181458,15.107178,15.088600,15.051422,15.051422,15.162895,15.144333,15.311302,15.292770,15.107178,15.255684,15.274223,15.200020,15.200020,14.995636,15.255684,15.162895,15.070015,14.995636,15.181458,15.274223,15.218575,15.070015,15.237137,15.181458,15.107178,15.070015,14.977043,14.753487,14.809425,15.088600,14.753487,14.828064,14.772133,14.828064,14.716171,14.828064,14.883965,14.753487,14.716171,15.051422,14.902580,15.144333,15.311302,15.348373,15.274223,15.051422,15.440964,15.255684,15.422462,15.348373,15.385422,15.200020,15.070015,15.125755,15.125755,15.107178,14.772133,15.088600,14.995636,14.921196,14.883965,14.995636,14.772133,14.995636,14.977043,15.162895,15.144333,15.070015,15.181458,15.144333,15.162895,15.144333,15.237137,15.144333,15.088600,15.032837,15.311302,15.125755,15.144333,15.088600,15.051422,15.107178,15.181458,15.218575,15.162895,14.902580,14.939812,15.088600,15.144333,15.255684,15.107178,15.200020,14.846703,14.678848,14.585457,14.734833,15.014244,14.921196,15.014244,15.051422,14.977043,14.865326,15.107178,14.809425,15.032837,14.977043,15.032837,14.921196,14.846703,14.865326,15.051422,15.014244,15.032837,15.070015,15.162895,15.274223,15.070015,15.107178,15.200020,15.070015,15.051422,14.902580,15.070015,14.958420,15.107178,14.921196,15.200020,15.181458,14.883965,15.162895,15.070015,15.014244,15.218575,15.070015,15.107178,15.032837,14.865326,14.939812,14.977043,15.032837,15.088600,15.125755,15.088600,15.144333,14.921196,15.070015,15.032837,15.107178,14.958420,14.958420,15.107178,15.032837,15.125755,14.846703,15.348373,15.237137,15.162895,15.107178,15.162895,15.255684,15.218575,15.218575,15.274223,15.366905,15.237137,15.422462,15.366905,15.403938,15.292770,15.459480,15.551949,
15.570435,15.625862,15.533455,15.533455,15.533455,15.496475,15.551949,15.440964,15.311302,15.514977,15.144333,15.422462,15.255684,15.440964,15.200020,15.422462,15.255684,15.625862,15.736610,15.976097,16.343254,16.581078,17.145554,17.688278,17.832420,18.102013,18.585091,18.941109,19.100807,19.454590,19.754082,20.140007,20.279877,20.402061,20.349724,20.576286,20.436943,20.471802,20.576286,20.454369,20.436943,20.524055,20.680634,20.558884,20.332268,20.489220,20.576286,20.402061,20.524055,20.611084,20.558884,20.645866,20.923576,20.645866,20.802200,20.819542,20.784843,20.923576,20.906242,20.784843,20.836899,21.010155,20.750122,20.958221,21.027458,20.819542,20.888908,21.062057,20.940895,20.888908,20.906242,20.871582,21.027458,20.888908,21.269310,21.183029,21.493217,21.389961,21.338272,21.389961,21.458817,21.321045,21.338272,21.355507,21.424393,21.424393,21.200287,21.303802,21.079346,21.338272,21.234810,21.355507,21.441612,21.407181,21.200287,21.527603,21.493217,21.596336,21.527603,21.733620,21.665016,21.682167,21.647850,21.647850,21.921967,21.836411,21.733620,21.870644,21.956161,21.699318,21.802162,22.007431,21.921967,22.024513,21.802162,21.887764,21.939064,22.007431,22.058662,21.887764,22.178062,22.024513,22.058662,22.109856,22.024513,22.126915,22.075729,21.921967,22.024513,21.870644,22.007431,21.973259,22.075729,22.092789,22.058662,21.956161,21.921967,21.904861,22.024513,21.887764,21.921967,21.887764,21.870644,21.750755,21.527603,21.699318,21.716469,21.750755,21.561981,21.767891,21.767891,21.802162,21.887764,21.853539,21.990349,22.007431,21.973259,22.161018,22.246208,22.212143,22.178062,22.178062,22.433289,22.399300,22.161018,22.331291,22.280251,22.297272,22.433289,22.331291,22.178062,22.331291,22.331291,22.365303,22.348305,22.501198,22.297272,22.297272,22.535133,22.450264,22.433289,22.467247,22.399300,22.569054,22.314293,22.552086,22.416298,22.450264,22.331291,22.619896,22.416298,22.246208,22.450264,22.416298,22.280251,22.416298,22.246208,22.331291,22.246208,22.126915,22.126915,22.161018,22.212143,21.904861,22.126915,21.802162,21.836411,21.939064,21.836411,21.904861,21.921967,22.007431,21.870644,22.007431,21.990349,21.904861,21.990349,22.024513,22.058662,22.041588,21.887764,22.024513,21.939064,21.853539,21.990349,22.092789,21.853539,22.007431,22.109856,21.887764,22.075729,21.990349,22.109856,22.178062,22.246208,22.161018,22.297272,22.314293,22.450264,22.433289,22.450264,22.501198,22.602951,22.399300,22.586006,22.569054,22.535133,22.535133,22.602951,22.552086,22.450264,22.704575,22.518166,22.501198,22.501198,22.484222,22.501198,22.365303,22.450264,22.467247,22.484222,22.331291,22.382309,22.382309,22.348305,22.246208,22.382309,22.467247,22.348305,22.382309,22.109856,22.280251,22.263237,22.161018,22.161018,22.058662,21.853539,22.041588,21.956161,21.870644,21.665016,21.561981,21.321045,21.286568,21.321045,21.113914,21.044754,20.958221,20.836899,20.750122,20.663254,20.715385,20.802200,20.471802,20.663254,20.454369,20.436943,20.454369,20.436943,20.419502,20.279877,20.279877,20.105003,20.157509,20.034943,20.069977,19.982353,19.947273,19.912178,19.718910,19.630898,19.560417,19.718910,19.718910,19.859520,19.525154,19.736496,19.701309,19.507530,19.489883,19.683716,19.683716,19.718910,19.754082,19.578049,19.595665,19.560417,19.525154,19.295586,19.454590,19.401619,19.348618,19.047615,19.366287,19.136261,19.348618,19.136261,19.136261,18.816673,18.887802,18.638596,18.531555,18.066116,17.670250,17.435440,17.091087,16.963875,16.434807,16.141510,15.976097,15.644325,15.570435,15.422462,15.181458,15.274223,15.107178,15.088600,15.107178,15.200020,15.255684,15.237137,15.459480,15.255684,15.311302,15.348373,15.348373,15.348373,15.348373,15.477974,15.292770,15.366905,15.255684,15.348373,15.237137,15.070015,15.311302,15.311302,15.200020,15.218575,15.200020,15.329842,15.144333,15.125755,15.200020,15.144333,15.125755,15.144333,15.366905,15.144333,15.051422,15.218575,15.162895,15.607391,15.051422,15.144333,15.125755,15.032837,14.958420,15.237137,15.144333,15.200020,15.051422,14.958420,15.162895,15.181458,14.995636,14.995636,15.107178,15.144333,14.921196,14.865326,14.977043,14.921196,14.921196,14.921196,14.921196,15.144333,15.125755,14.977043,14.977043,14.977043,15.070015,14.995636,15.162895,14.995636,14.828064,14.958420,14.977043,14.958420,14.977043,14.939812,14.883965,14.790794,14.995636,14.958420,15.144333,14.921196,14.977043,14.883965,14.865326,14.865326,15.014244,14.939812,14.865326,15.070015,14.883965,14.902580,15.014244,14.977043,14.939812,14.958420,14.939812,15.070015,15.162895,15.014244,14.921196,14.902580,15.014244,15.070015,15.088600,14.846703,14.902580,14.921196,15.014244,15.237137,15.051422,15.107178,14.995636,15.107178,14.977043,15.144333,15.070015,15.125755,14.902580,15.070015,15.107178,15.255684,15.107178,15.348373,15.255684,15.274223,15.125755,15.181458,15.274223,15.162895,15.125755,15.274223,15.162895,15.162895,15.274223,15.181458,15.032837,15.255684,15.181458,15.125755,15.162895,14.939812,14.958420,14.939812,14.883965,14.995636,14.865326,14.790794,14.585457,14.660179,14.734833,14.641502,14.865326,14.902580,15.014244,15.200020,15.422462,15.181458,15.292770,15.218575,15.403938,15.348373,15.403938,15.514977,15.311302,15.162895,15.200020,15.051422,15.237137,15.181458,14.846703,14.921196,14.716171,15.051422,14.883965,14.883965,15.014244,14.995636,15.070015,15.032837,15.311302,15.200020,15.181458,15.144333,15.292770,15.144333,15.255684,15.162895,15.181458,15.051422,14.958420,15.107178,15.107178,15.107178,14.958420,14.939812,15.144333,15.070015,15.070015,15.237137,15.051422,14.921196,15.032837,14.995636,14.939812,15.070015,14.995636,15.200020,15.107178,14.939812,15.032837,15.014244,15.032837,15.032837,15.255684,15.088600,15.125755,14.939812,15.051422,15.051422,14.883965,14.902580,15.088600,14.809425,15.144333,15.107178,15.125755,14.865326,14.977043,15.181458,15.014244,15.125755,15.014244,15.348373,14.828064,14.883965,15.237137,15.237137,15.051422,15.070015,15.032837,15.292770,14.883965,15.255684,15.088600,15.032837,15.107178,15.144333,14.995636,15.070015,15.200020,15.032837,15.125755,14.995636,14.921196,15.014244,15.162895,14.846703,15.107178,14.921196,15.237137,15.200020,15.014244,15.014244,15.162895,15.014244,14.939812,15.144333,15.088600,14.958420,15.218575,15.329842,15.237137,15.032837,15.200020,15.274223,15.255684,15.274223,15.533455,15.311302,15.181458,15.237137,15.329842,15.477974,15.625862,
15.514977,15.459480,15.311302,15.329842,15.366905,15.292770,15.200020,15.533455,15.329842,15.292770,15.348373,15.181458,15.218575,15.274223,15.329842,15.459480,15.348373,15.570435,15.828796,16.086403,16.471397,16.800026,16.963875,17.598068,17.832420,18.549400,18.709869,18.923340,19.153984,19.489883,19.964821,19.929733,19.964821,19.947273,20.402061,20.436943,20.541473,20.558884,20.663254,20.541473,20.576286,20.384621,20.645866,20.628487,20.541473,20.541473,20.593697,20.645866,20.436943,20.645866,20.524055,20.767487,20.611084,20.698021,20.784843,20.975533,21.252068,20.836899,21.113914,21.044754,20.802200,21.044754,21.113914,21.027458,21.113914,20.767487,20.923576,20.923576,20.784843,20.958221,21.044754,20.888908,21.062057,21.131203,21.252068,21.165756,21.234810,21.062057,21.338272,21.321045,21.407181,21.355507,21.493217,21.407181,21.389961,21.321045,21.269310,21.372734,21.217552,21.389961,21.269310,21.389961,21.372734,21.527603,21.476021,21.321045,21.338272,21.699318,21.716469,21.647850,21.630684,21.802162,21.819290,21.904861,21.939064,21.904861,21.990349,21.939064,21.785027,21.853539,21.973259,22.024513,21.990349,22.041588,21.870644,22.058662,22.109856,22.058662,21.939064,21.990349,22.041588,22.143959,22.007431,22.229179,22.109856,22.075729,22.195107,22.058662,22.075729,22.075729,21.990349,22.092789,22.109856,22.195107,21.939064,21.973259,22.024513,22.058662,21.973259,21.819290,21.904861,21.870644,21.870644,21.733620,21.561981,21.665016,21.682167,21.853539,21.665016,21.665016,21.921967,21.836411,21.682167,22.143959,21.836411,22.075729,22.007431,21.973259,22.041588,22.195107,22.041588,22.263237,22.195107,22.212143,22.109856,22.092789,22.314293,22.246208,22.314293,22.297272,22.109856,22.246208,22.314293,22.229179,22.314293,22.467247,22.348305,22.331291,22.331291,22.297272,22.263237,22.314293,22.314293,22.484222,22.382309,22.280251,22.348305,22.263237,22.246208,22.348305,22.484222,22.518166,22.263237,22.331291,22.382309,22.229179,22.331291,22.178062,22.075729,22.229179,22.126915,22.161018,21.956161,22.178062,21.990349,21.853539,21.956161,21.853539,21.767891,21.887764,21.990349,21.921967,21.904861,21.887764,22.024513,21.956161,22.126915,21.990349,22.024513,22.041588,21.904861,21.939064,21.956161,22.041588,21.990349,22.058662,22.126915,21.973259,21.990349,21.973259,22.075729,22.212143,21.973259,22.126915,22.263237,22.212143,22.297272,22.263237,22.416298,22.653778,22.263237,22.450264,22.670708,22.467247,22.636833,22.552086,22.535133,22.518166,22.433289,22.586006,22.569054,22.602951,22.416298,22.552086,22.484222,22.450264,22.467247,22.552086,22.518166,22.382309,22.535133,22.416298,22.297272,22.161018,22.382309,22.331291,22.365303,22.178062,22.195107,22.263237,22.109856,22.143959,22.058662,22.007431,22.143959,21.819290,21.870644,21.904861,21.699318,21.493217,21.510414,21.544792,21.252068,21.303802,21.321045,20.958221,21.044754,20.784843,20.906242,20.680634,20.750122,20.750122,20.471802,20.471802,20.436943,20.436943,20.454369,20.419502,20.419502,20.209976,20.262413,20.279877,20.209976,20.017418,20.069977,20.069977,19.894638,19.806816,19.912178,19.841957,19.929733,19.736496,19.613289,19.560417,19.472237,19.648506,19.648506,19.525154,19.578049,19.613289,19.771667,19.648506,19.683716,19.560417,19.489883,19.683716,19.436943,19.472237,19.224815,19.366287,19.295586,19.277893,19.313263,19.313263,19.189407,19.136261,19.295586,18.816673,18.923340,18.567253,18.477982,18.317062,18.030205,17.814415,17.525826,17.199982,16.708862,16.617607,16.086403,15.994492,15.551949,15.570435,15.329842,15.162895,15.218575,15.348373,15.125755,15.255684,15.237137,15.200020,15.274223,15.459480,15.255684,15.403938,15.348373,15.274223,15.496475,15.366905,15.644325,15.422462,15.366905,15.218575,15.348373,15.274223,15.366905,15.200020,15.200020,15.348373,15.070015,15.218575,15.218575,15.255684,15.181458,15.088600,15.255684,15.348373,15.237137,15.218575,15.218575,15.181458,15.329842,15.181458,14.939812,15.125755,14.958420,15.144333,15.051422,15.162895,15.218575,15.070015,15.107178,14.939812,15.162895,15.051422,15.070015,15.200020,15.070015,14.995636,15.181458,15.032837,14.958420,15.032837,14.846703,14.939812,14.809425,14.977043,14.883965,15.107178,14.977043,14.977043,15.088600,14.883965,15.070015,14.846703,15.051422,14.902580,14.939812,15.070015,14.921196,14.809425,15.107178,14.790794,14.995636,14.921196,14.828064,15.088600,14.883965,14.902580,14.958420,14.921196,14.846703,15.051422,14.958420,14.865326,14.865326,15.051422,15.014244,14.902580,15.051422,14.865326,14.977043,14.995636,14.958420,15.014244,15.051422,15.088600,14.828064,14.716171,14.958420,15.107178,14.977043,14.977043,15.070015,14.977043,14.977043,15.125755,14.995636,15.162895,15.032837,15.088600,14.921196,15.144333,14.977043,15.200020,15.200020,14.939812,15.144333,15.107178,15.181458,15.162895,15.237137,15.200020,15.459480,15.088600,15.125755,15.403938,15.403938,15.237137,15.200020,15.477974,15.107178,15.218575,15.144333,15.125755,14.995636,15.125755,15.014244,14.865326,15.014244,14.958420,14.809425,14.939812,14.604141,14.697517,14.641502,14.734833,14.566772,14.809425,14.939812,14.977043,15.032837,15.348373,15.200020,15.422462,15.385422,15.422462,15.237137,15.514977,15.237137,15.274223,15.014244,15.366905,15.144333,15.237137,14.809425,15.014244,14.958420,14.939812,14.809425,14.883965,14.790794,15.051422,14.921196,15.032837,15.051422,15.274223,15.088600,15.070015,15.162895,15.070015,15.014244,15.292770,15.181458,15.144333,15.181458,15.070015,15.088600,14.790794,14.995636,15.088600,15.051422,15.125755,15.032837,15.070015,15.181458,15.237137,14.939812,14.939812,15.032837,15.051422,15.107178,15.107178,14.977043,15.070015,14.995636,14.846703,15.255684,15.218575,15.051422,15.051422,15.107178,14.995636,15.032837,15.218575,14.958420,15.144333,14.921196,14.995636,15.162895,15.070015,15.144333,15.125755,14.734833,15.144333,14.809425,14.958420,15.070015,15.051422,14.939812,15.144333,14.809425,14.939812,15.014244,14.921196,14.977043,14.939812,14.995636,15.051422,15.051422,14.977043,15.032837,15.292770,15.107178,15.125755,14.977043,15.292770,15.032837,15.088600,15.014244,14.921196,15.070015,15.070015,14.921196,14.958420,15.051422,15.144333,15.200020,14.939812,15.070015,14.977043,15.162895,15.274223,15.237137,15.014244,15.032837,15.181458,15.403938,15.274223,15.292770,15.477974,15.403938,15.311302,15.366905,15.422462,15.274223,15.385422,15.292770,14.995636,15.459480,15.662788,
15.570435,15.125755,15.348373,15.459480,15.255684,15.292770,15.292770,15.311302,15.403938,15.607391,15.181458,15.218575,15.274223,15.329842,15.403938,15.348373,15.366905,15.773499,15.773499,16.123146,16.214928,16.507973,16.945679,17.507759,17.868416,18.388626,18.495850,18.798889,19.207108,19.472237,19.683716,20.140007,20.105003,20.279877,20.349724,20.209976,20.279877,20.576286,20.628487,20.645866,20.367180,20.436943,20.558884,20.506645,20.471802,20.506645,20.541473,20.645866,20.506645,20.715385,20.715385,20.732758,20.802200,20.958221,20.819542,20.784843,21.062057,21.062057,21.113914,21.044754,21.010155,20.975533,21.044754,20.992851,20.819542,20.958221,21.044754,20.958221,20.819542,20.854233,20.906242,21.062057,20.784843,21.044754,21.113914,21.165756,21.010155,21.286568,21.389961,21.407181,21.579163,21.407181,21.372734,21.321045,21.407181,21.372734,21.355507,21.286568,21.286568,21.355507,21.165756,21.561981,21.200287,21.407181,21.321045,21.303802,21.613518,21.733620,21.750755,21.802162,21.921967,21.904861,21.716469,21.973259,21.904861,21.904861,21.939064,21.990349,21.870644,22.007431,21.973259,22.109856,22.058662,22.075729,22.092789,22.348305,22.314293,22.195107,22.075729,22.126915,22.143959,22.178062,22.143959,22.280251,22.212143,22.143959,22.075729,22.109856,22.246208,22.229179,22.246208,22.092789,22.365303,22.075729,22.109856,22.143959,22.092789,21.904861,22.024513,21.836411,21.921967,21.716469,21.733620,21.836411,21.853539,21.733620,21.596336,21.819290,21.802162,21.699318,21.561981,21.665016,21.750755,21.956161,21.802162,21.956161,22.058662,21.921967,21.939064,21.853539,21.939064,22.109856,22.195107,22.399300,22.143959,22.126915,22.143959,22.178062,22.092789,22.126915,22.246208,22.195107,22.195107,22.297272,22.229179,22.195107,22.195107,22.246208,22.178062,22.280251,22.212143,22.246208,22.314293,22.297272,22.297272,22.229179,22.178062,22.314293,22.297272,22.212143,22.143959,22.399300,22.212143,22.331291,22.348305,22.195107,22.178062,21.836411,22.246208,22.178062,22.161018,21.819290,21.956161,21.853539,21.887764,21.939064,21.887764,21.785027,21.716469,21.750755,22.178062,21.819290,21.716469,21.716469,21.819290,22.007431,22.058662,21.853539,22.229179,22.007431,21.921967,21.956161,21.939064,21.904861,21.767891,22.024513,22.058662,22.075729,22.058662,22.058662,22.212143,22.075729,22.280251,22.348305,22.331291,22.382309,22.467247,22.348305,22.297272,22.433289,22.178062,22.348305,22.416298,22.450264,22.467247,22.619896,22.619896,22.586006,22.365303,22.399300,22.365303,22.416298,22.382309,22.416298,22.314293,22.535133,22.467247,22.416298,22.501198,22.433289,22.314293,22.212143,22.246208,22.075729,22.229179,22.348305,22.195107,22.212143,22.041588,22.195107,22.058662,22.126915,22.075729,21.904861,21.870644,22.126915,21.939064,21.870644,21.699318,21.544792,21.458817,21.424393,21.234810,21.234810,21.010155,21.062057,20.819542,20.923576,20.750122,20.628487,20.680634,20.489220,20.454369,20.558884,20.541473,20.419502,20.489220,20.593697,20.419502,20.367180,20.297348,20.279877,20.262413,20.192490,20.017418,19.982353,19.841957,19.824394,19.736496,19.982353,19.560417,19.648506,19.613289,19.578049,19.648506,19.578049,19.560417,19.595665,19.630898,19.630898,19.648506,19.525154,19.525154,19.666115,19.683716,19.366287,19.525154,19.348618,19.313263,19.348618,19.348618,19.330948,19.330948,19.189407,19.242508,19.207108,19.171692,19.136261,18.923340,18.870033,18.567253,18.460121,18.227524,17.814415,17.363060,17.290627,16.927490,16.416496,16.196571,15.810371,15.718163,15.348373,15.311302,15.292770,15.144333,15.125755,15.107178,15.162895,15.292770,15.162895,15.162895,15.274223,15.366905,15.422462,15.403938,15.088600,15.440964,15.422462,15.440964,15.440964,15.274223,15.366905,15.514977,15.292770,15.200020,15.329842,15.255684,15.125755,15.125755,15.496475,15.162895,14.995636,15.348373,15.218575,15.125755,15.181458,15.200020,14.977043,15.144333,15.014244,15.162895,15.218575,15.181458,15.329842,15.051422,15.107178,14.902580,15.181458,15.125755,15.218575,15.237137,14.977043,15.070015,15.125755,15.181458,15.181458,15.032837,15.014244,15.125755,14.977043,15.070015,14.883965,14.865326,15.162895,14.865326,15.032837,14.977043,14.995636,15.014244,14.995636,14.902580,14.958420,14.846703,14.939812,15.070015,15.014244,14.883965,15.070015,14.995636,15.125755,14.902580,14.995636,14.902580,15.032837,14.828064,14.995636,14.865326,15.088600,14.977043,14.716171,15.070015,14.995636,14.921196,14.846703,14.902580,14.958420,15.032837,15.070015,14.939812,14.883965,14.921196,15.107178,15.032837,14.902580,15.200020,14.939812,15.070015,15.014244,15.032837,15.125755,14.902580,15.014244,15.144333,15.162895,15.255684,15.292770,15.162895,15.162895,15.070015,15.162895,14.995636,15.051422,15.218575,15.237137,15.292770,15.255684,15.200020,15.070015,15.237137,15.014244,15.218575,15.255684,15.422462,15.422462,15.162895,15.237137,14.958420,15.162895,15.125755,15.274223,15.107178,15.329842,15.125755,15.200020,15.274223,15.051422,14.995636,14.865326,14.828064,15.014244,14.772133,14.828064,14.772133,14.622826,14.846703,14.883965,14.883965,14.902580,15.088600,15.200020,15.218575,15.200020,15.237137,15.551949,15.274223,15.162895,15.366905,15.181458,15.255684,15.329842,15.200020,15.274223,14.995636,15.237137,14.958420,15.107178,14.678848,14.939812,14.977043,14.939812,14.828064,14.921196,14.921196,14.828064,15.200020,15.348373,15.125755,15.422462,15.088600,15.237137,15.348373,15.218575,14.958420,15.107178,15.181458,15.014244,15.014244,15.125755,15.051422,15.218575,14.995636,15.403938,15.144333,14.921196,15.144333,15.181458,14.958420,15.032837,15.051422,14.883965,15.255684,15.051422,15.107178,14.846703,14.939812,15.181458,14.865326,15.070015,14.828064,14.995636,15.107178,15.088600,15.014244,15.125755,14.995636,14.921196,15.107178,15.107178,15.032837,15.014244,14.902580,15.181458,14.977043,14.977043,14.753487,15.144333,15.014244,15.144333,15.051422,15.014244,15.070015,15.162895,14.995636,15.107178,15.125755,14.921196,14.958420,15.107178,14.995636,14.958420,15.032837,14.977043,15.274223,15.032837,15.014244,14.995636,15.088600,15.181458,14.939812,14.995636,14.977043,14.995636,15.107178,15.125755,15.070015,15.051422,15.274223,14.828064,15.088600,15.014244,15.144333,15.125755,14.958420,15.274223,15.218575,15.200020,15.032837,15.366905,15.218575,15.237137,15.440964,15.311302,15.477974,15.181458,15.311302,15.255684,15.311302,15.255684,15.237137,15.533455,
15.514977,15.422462,15.237137,15.366905,15.255684,15.459480,15.348373,15.459480,15.459480,15.551949,15.311302,15.440964,15.533455,15.218575,15.255684,15.440964,15.533455,15.533455,15.607391,16.178230,16.343254,16.854668,17.218117,17.417351,17.778404,18.352852,18.477982,18.994377,19.366287,19.507530,19.718910,19.929733,19.964821,20.349724,20.017418,20.506645,20.489220,20.558884,20.419502,20.576286,20.489220,20.576286,20.576286,20.576286,20.489220,20.628487,20.506645,20.611084,20.767487,20.506645,20.576286,20.784843,20.663254,20.784843,20.715385,20.836899,21.027458,21.027458,21.113914,21.027458,20.888908,20.958221,21.044754,20.854233,20.940895,20.836899,20.906242,20.958221,20.750122,21.183029,20.923576,21.010155,20.854233,20.906242,21.113914,21.200287,21.217552,21.424393,21.441612,21.458817,21.131203,21.372734,21.252068,21.389961,21.407181,21.389961,21.355507,21.476021,21.286568,21.424393,21.355507,21.596336,21.269310,21.372734,21.389961,21.647850,21.630684,21.630684,21.853539,21.647850,22.041588,21.819290,21.921967,22.007431,21.990349,22.161018,22.109856,22.024513,22.109856,22.092789,22.143959,22.178062,22.143959,22.109856,22.092789,22.161018,22.178062,22.143959,22.109856,22.178062,22.246208,22.263237,22.195107,22.246208,22.178062,22.348305,22.092789,22.229179,22.416298,22.246208,22.143959,22.126915,22.212143,22.212143,22.246208,22.178062,22.143959,22.075729,22.007431,22.195107,21.853539,21.836411,21.870644,21.767891,21.716469,21.699318,21.665016,21.682167,21.819290,21.802162,21.596336,21.836411,21.990349,21.819290,21.716469,21.802162,22.024513,22.058662,22.024513,22.075729,22.143959,22.212143,22.212143,21.973259,22.092789,22.195107,22.041588,22.143959,22.161018,21.990349,21.973259,22.058662,22.109856,22.229179,22.263237,22.007431,22.246208,22.143959,22.297272,22.433289,22.229179,22.195107,22.297272,22.246208,22.195107,22.212143,22.365303,22.212143,22.024513,22.280251,22.297272,22.195107,22.263237,22.280251,22.041588,22.161018,22.058662,22.058662,21.990349,22.092789,21.853539,21.921967,21.939064,21.921967,21.956161,21.544792,21.802162,21.767891,21.647850,21.904861,21.921967,21.785027,21.853539,21.750755,21.921967,21.990349,21.870644,21.921967,22.007431,21.956161,22.058662,22.058662,21.956161,21.973259,22.024513,22.024513,22.041588,21.853539,22.041588,22.178062,22.024513,22.143959,22.246208,22.246208,22.212143,22.348305,22.348305,22.297272,22.161018,22.416298,22.263237,22.399300,22.382309,22.501198,22.586006,22.484222,22.484222,22.670708,22.501198,22.484222,22.450264,22.552086,22.569054,22.365303,22.433289,22.297272,22.212143,22.126915,22.280251,22.161018,22.314293,22.314293,22.263237,22.212143,22.092789,22.126915,22.178062,22.041588,21.956161,22.024513,21.887764,21.973259,21.785027,21.853539,21.802162,21.699318,21.767891,21.716469,21.699318,21.441612,21.476021,21.321045,21.321045,21.113914,21.165756,20.888908,20.906242,20.802200,20.698021,20.715385,20.628487,20.524055,20.576286,20.593697,20.349724,20.611084,20.332268,20.349724,20.384621,20.367180,20.419502,20.297348,20.140007,20.157509,20.122513,20.105003,19.736496,19.877083,19.841957,19.736496,19.648506,19.666115,19.613289,19.560417,19.525154,19.507530,19.666115,19.560417,19.630898,19.701309,19.736496,19.542793,19.648506,19.595665,19.578049,19.489883,19.472237,19.472237,19.525154,19.313263,19.083084,19.100807,19.136261,19.242508,19.313263,19.047615,19.065346,19.083084,18.816673,18.798889,18.442253,18.370735,17.940361,17.796410,17.489685,17.254379,16.854668,16.434807,16.196571,15.920883,15.662788,15.366905,15.366905,15.218575,15.014244,15.107178,15.125755,15.200020,15.329842,15.088600,15.032837,15.181458,15.440964,15.366905,15.440964,15.125755,15.348373,15.681252,15.366905,15.329842,15.218575,15.329842,15.255684,15.070015,15.348373,15.032837,15.311302,15.255684,15.218575,15.200020,15.181458,15.070015,15.200020,15.348373,15.366905,15.032837,15.329842,15.162895,15.144333,15.107178,15.200020,15.255684,15.032837,15.070015,15.162895,15.125755,15.107178,15.088600,15.125755,15.181458,15.051422,14.995636,14.995636,15.125755,15.144333,15.144333,15.144333,14.977043,15.070015,15.088600,14.977043,15.014244,14.977043,14.734833,14.977043,14.846703,15.051422,14.958420,15.088600,14.995636,14.939812,14.865326,14.846703,14.958420,14.921196,15.014244,14.958420,14.846703,14.883965,14.921196,14.865326,15.014244,14.865326,14.846703,14.977043,14.865326,14.902580,14.977043,15.014244,14.883965,14.809425,14.883965,15.014244,14.958420,14.921196,15.125755,14.790794,14.865326,14.939812,14.995636,15.014244,14.883965,14.995636,15.070015,14.902580,14.995636,15.014244,15.032837,14.865326,15.088600,15.088600,15.088600,15.051422,14.939812,15.070015,14.734833,14.678848,15.181458,14.660179,14.939812,15.051422,15.088600,15.200020,15.051422,15.088600,15.311302,14.921196,15.385422,14.939812,15.051422,15.255684,15.032837,15.107178,15.125755,15.070015,15.051422,15.366905,15.107178,15.422462,15.125755,15.292770,15.051422,15.311302,15.162895,14.977043,15.237137,15.144333,15.014244,14.716171,14.697517,14.902580,14.734833,14.716171,14.660179,14.734833,14.809425,14.921196,14.678848,15.014244,15.032837,15.162895,15.292770,15.366905,15.218575,15.422462,15.366905,15.348373,15.274223,15.237137,15.237137,15.237137,15.255684,15.144333,15.051422,15.218575,15.070015,15.032837,15.014244,14.939812,14.809425,14.660179,15.107178,14.995636,14.921196,14.939812,15.181458,15.218575,15.366905,15.274223,15.237137,15.088600,15.274223,15.144333,15.014244,15.125755,14.921196,15.237137,14.865326,14.977043,14.995636,15.014244,15.255684,15.125755,15.014244,15.107178,15.125755,15.144333,15.032837,15.088600,15.125755,14.734833,15.032837,14.977043,14.939812,15.032837,15.088600,15.070015,15.070015,14.883965,15.014244,15.162895,15.162895,15.107178,14.995636,14.846703,15.070015,15.014244,14.865326,15.125755,14.828064,15.070015,14.939812,14.977043,14.995636,14.883965,14.865326,15.181458,14.977043,15.125755,15.088600,15.032837,14.958420,15.014244,14.958420,14.939812,15.144333,15.144333,15.162895,15.070015,14.902580,15.107178,14.902580,14.958420,15.014244,14.883965,15.366905,15.032837,15.070015,14.902580,14.939812,15.051422,15.070015,14.828064,15.125755,15.051422,14.921196,14.995636,15.274223,14.809425,15.051422,14.995636,14.958420,15.125755,15.181458,15.200020,15.366905,15.237137,15.218575,15.144333,15.237137,15.144333,15.014244,15.385422,15.144333,15.366905,15.366905,15.255684,15.144333,15.366905,15.755058,
15.514977,15.551949,15.403938,15.551949,15.218575,15.477974,15.385422,15.533455,15.403938,15.459480,15.329842,15.422462,15.366905,15.255684,15.237137,15.496475,15.311302,15.570435,15.791931,15.957695,16.361572,16.562805,16.982056,17.417351,17.814415,18.245445,18.477982,18.816673,19.260208,19.613289,19.630898,19.912178,20.140007,20.314804,20.314804,20.436943,20.454369,20.715385,20.506645,20.680634,20.524055,20.680634,20.680634,20.593697,20.541473,20.680634,20.732758,20.680634,20.611084,20.645866,20.750122,20.750122,20.940895,20.732758,21.113914,21.252068,21.062057,21.131203,20.940895,20.923576,20.940895,20.958221,21.113914,20.975533,21.079346,20.836899,21.252068,21.044754,21.131203,20.975533,20.836899,21.096642,21.044754,20.975533,21.183029,21.113914,21.183029,21.286568,21.458817,21.321045,21.407181,21.372734,21.286568,21.338272,21.458817,21.303802,21.252068,21.321045,21.441612,21.372734,21.389961,21.372734,21.389961,21.424393,21.424393,21.493217,21.802162,21.561981,21.733620,21.921967,21.973259,21.956161,21.956161,22.024513,22.195107,22.109856,22.212143,22.109856,22.246208,21.990349,22.178062,22.109856,22.246208,22.178062,22.126915,22.212143,22.229179,22.399300,22.331291,22.246208,22.246208,22.143959,22.161018,22.348305,22.178062,22.229179,22.348305,22.297272,22.246208,22.229179,22.263237,22.246208,22.280251,22.092789,22.365303,22.246208,22.161018,22.126915,22.024513,21.990349,21.904861,22.058662,21.682167,21.836411,21.613518,21.887764,21.767891,21.767891,21.699318,21.716469,21.613518,21.767891,21.836411,21.836411,21.904861,21.870644,21.990349,21.785027,21.990349,21.956161,22.075729,22.041588,22.058662,22.075729,22.161018,22.058662,22.109856,22.075729,22.075729,22.041588,22.075729,22.126915,22.092789,22.212143,22.109856,22.161018,22.246208,22.143959,22.263237,22.280251,22.331291,22.212143,22.212143,22.161018,22.212143,22.212143,22.178062,22.109856,22.195107,22.041588,22.143959,22.212143,22.246208,22.092789,22.229179,22.075729,22.058662,21.990349,21.939064,22.075729,21.904861,22.041588,21.904861,21.802162,21.630684,21.870644,21.682167,21.767891,21.596336,21.802162,21.733620,21.802162,21.870644,21.853539,21.939064,21.733620,21.887764,21.887764,21.973259,22.058662,21.887764,22.075729,21.921967,21.939064,22.024513,22.178062,22.041588,21.870644,22.041588,22.041588,22.007431,22.143959,22.024513,22.178062,22.263237,22.212143,22.024513,22.399300,22.501198,22.433289,22.569054,22.518166,22.586006,22.195107,22.433289,22.433289,22.569054,22.314293,22.467247,22.416298,22.450264,22.484222,22.365303,22.484222,22.280251,22.331291,22.433289,22.399300,22.212143,22.212143,22.161018,22.075729,22.178062,22.212143,22.280251,22.007431,21.990349,22.024513,21.973259,21.887764,21.836411,21.990349,21.785027,21.836411,21.750755,21.733620,21.579163,21.630684,21.458817,21.493217,21.389961,21.269310,21.131203,21.044754,21.096642,20.888908,20.802200,20.802200,20.680634,20.732758,20.593697,20.628487,20.576286,20.489220,20.471802,20.262413,20.489220,20.419502,20.593697,20.419502,20.157509,20.244934,20.087494,20.122513,19.999893,20.017418,19.894638,19.683716,19.701309,19.683716,19.701309,19.630898,19.489883,19.507530,19.595665,19.454590,19.754082,19.648506,19.578049,19.489883,19.630898,19.560417,19.507530,19.578049,19.472237,19.595665,19.560417,19.313263,19.489883,19.330948,19.330948,19.419281,19.242508,19.207108,19.260208,19.118538,19.189407,19.207108,19.012123,18.727684,18.477982,18.281258,18.048164,17.742363,17.543900,17.091087,16.891090,16.635872,16.288277,15.791931,15.440964,15.200020,15.329842,15.255684,15.218575,15.329842,15.218575,15.218575,14.995636,15.274223,15.311302,15.329842,15.385422,15.551949,15.366905,15.440964,15.329842,15.329842,15.385422,15.422462,15.403938,15.255684,15.385422,15.292770,15.274223,15.088600,15.274223,15.181458,15.218575,15.348373,15.237137,15.311302,15.181458,15.292770,15.237137,15.125755,15.070015,15.237137,15.014244,15.218575,15.088600,15.125755,15.255684,15.144333,15.014244,15.070015,15.014244,15.181458,15.144333,15.200020,14.977043,15.070015,15.051422,15.274223,15.107178,15.311302,14.939812,15.051422,15.125755,15.255684,15.014244,15.032837,15.070015,15.014244,14.995636,15.014244,15.107178,15.032837,15.107178,14.921196,15.125755,14.921196,14.939812,15.051422,14.921196,14.809425,15.014244,14.846703,14.995636,15.051422,14.958420,15.051422,14.939812,14.939812,14.977043,14.902580,14.977043,15.014244,15.051422,14.790794,14.995636,14.883965,14.828064,15.070015,14.921196,14.921196,14.902580,14.977043,14.883965,14.828064,14.883965,14.902580,15.014244,15.014244,15.162895,14.939812,15.032837,15.014244,15.070015,14.939812,15.218575,14.995636,14.995636,14.977043,15.014244,14.846703,15.125755,14.790794,15.144333,15.070015,14.902580,15.088600,14.958420,15.051422,15.088600,15.255684,15.125755,15.070015,15.181458,15.348373,14.995636,15.107178,15.255684,15.181458,15.162895,15.144333,15.051422,15.162895,15.088600,15.329842,15.311302,15.311302,15.181458,15.144333,15.403938,15.144333,15.051422,14.939812,14.865326,14.809425,14.678848,14.734833,14.697517,14.641502,14.660179,15.014244,14.660179,14.846703,14.995636,15.125755,15.274223,15.311302,15.274223,15.385422,15.311302,15.162895,15.237137,15.255684,15.348373,15.329842,15.237137,15.329842,15.218575,14.995636,14.977043,15.144333,14.921196,14.828064,15.051422,14.995636,14.902580,14.846703,14.921196,14.939812,15.014244,15.366905,15.255684,15.200020,15.125755,15.311302,15.032837,15.144333,15.014244,15.032837,14.995636,14.883965,15.255684,14.958420,14.977043,15.144333,15.107178,15.181458,14.921196,15.051422,15.070015,15.255684,15.144333,14.995636,14.977043,15.274223,14.958420,15.125755,14.995636,14.865326,15.125755,14.977043,15.088600,15.274223,14.902580,15.051422,14.977043,15.014244,14.902580,15.107178,15.032837,14.902580,15.125755,15.088600,14.921196,15.032837,14.958420,15.088600,15.107178,15.107178,15.144333,15.125755,14.939812,15.144333,14.958420,15.070015,15.144333,15.255684,15.032837,14.883965,15.125755,14.921196,15.088600,14.995636,14.939812,14.921196,15.088600,14.977043,14.977043,14.939812,15.088600,14.939812,14.902580,14.902580,14.790794,14.846703,15.200020,14.883965,15.088600,15.070015,15.125755,15.144333,15.014244,15.032837,15.051422,15.107178,14.939812,15.125755,15.348373,15.032837,14.828064,15.292770,15.366905,15.366905,15.144333,15.125755,14.995636,15.181458,15.533455,15.107178,15.588913,15.237137,15.237137,15.551949,15.181458,15.459480,
15.514977,15.570435,15.514977,15.366905,15.477974,15.514977,15.533455,15.348373,15.218575,15.292770,15.181458,15.125755,15.107178,15.551949,15.200020,15.440964,15.440964,15.588913,15.755058,15.791931,16.343254,16.379883,17.000237,17.561958,17.904396,18.209602,18.567253,18.674240,19.153984,19.578049,19.560417,19.964821,19.789246,20.244934,20.227455,20.227455,20.541473,20.750122,20.611084,20.471802,20.541473,20.680634,20.576286,20.680634,20.541473,20.854233,20.506645,20.645866,20.784843,20.611084,20.436943,20.871582,20.784843,20.888908,20.750122,20.958221,21.010155,21.269310,21.062057,20.992851,21.113914,21.113914,21.079346,20.992851,21.096642,20.923576,21.027458,20.871582,20.906242,20.940895,20.923576,20.992851,21.131203,21.062057,21.131203,21.269310,21.286568,21.252068,21.234810,21.458817,21.338272,21.407181,21.372734,21.389961,21.303802,21.424393,21.441612,21.441612,21.321045,21.476021,21.355507,21.441612,21.355507,21.389961,21.544792,21.579163,21.527603,21.750755,21.853539,21.682167,21.716469,22.092789,22.143959,22.126915,22.382309,22.143959,22.161018,22.297272,22.399300,22.126915,22.450264,22.178062,22.161018,22.263237,22.382309,22.263237,22.212143,22.297272,22.399300,22.263237,22.348305,22.314293,22.331291,22.314293,22.263237,22.399300,22.348305,22.619896,22.212143,22.297272,22.314293,22.246208,22.280251,22.263237,22.229179,22.450264,22.092789,22.263237,22.075729,22.126915,21.921967,21.973259,21.853539,22.041588,21.767891,21.956161,21.750755,21.887764,21.665016,21.956161,21.647850,22.007431,21.802162,21.733620,21.802162,21.802162,21.716469,21.904861,22.041588,21.887764,21.716469,21.904861,21.904861,22.143959,22.075729,21.921967,21.887764,22.109856,22.041588,22.109856,21.904861,21.887764,22.024513,22.024513,22.178062,22.024513,22.024513,22.195107,22.161018,22.058662,22.092789,22.161018,22.075729,22.143959,22.075729,22.246208,22.041588,21.870644,22.024513,22.007431,22.109856,22.178062,22.092789,22.229179,22.024513,22.161018,22.058662,21.939064,21.870644,21.921967,21.682167,21.836411,21.785027,21.647850,21.699318,21.921967,21.699318,21.596336,21.733620,21.785027,21.665016,21.767891,21.750755,21.716469,21.836411,21.750755,21.870644,21.853539,21.767891,22.058662,21.956161,22.212143,21.904861,21.887764,21.939064,22.126915,22.041588,21.904861,22.109856,22.161018,22.092789,22.161018,22.195107,22.263237,22.178062,22.348305,22.399300,22.365303,22.280251,22.569054,22.416298,22.416298,22.399300,22.331291,22.484222,22.501198,22.433289,22.212143,22.535133,22.433289,22.399300,22.263237,22.331291,22.484222,22.195107,22.382309,22.007431,22.280251,22.365303,22.212143,22.178062,22.041588,22.007431,22.161018,21.802162,21.990349,21.939064,21.887764,21.647850,21.870644,21.836411,21.682167,21.665016,21.596336,21.647850,21.699318,21.510414,21.389961,21.561981,21.441612,21.286568,21.148476,21.131203,21.113914,20.975533,21.010155,20.854233,20.750122,20.715385,20.750122,20.541473,20.558884,20.367180,20.558884,20.471802,20.384621,20.645866,20.524055,20.402061,20.314804,20.157509,20.209976,20.332268,20.034943,20.017418,20.052460,19.947273,19.771667,19.701309,19.578049,19.630898,19.542793,19.419281,19.401619,19.472237,19.736496,19.525154,19.419281,19.877083,19.489883,19.578049,19.630898,19.578049,19.613289,19.595665,19.630898,19.472237,19.525154,19.366287,19.419281,19.313263,19.277893,19.153984,19.171692,19.295586,19.207108,19.083084,19.171692,18.692055,18.923340,18.531555,18.227524,17.994278,17.724342,17.580009,17.290627,16.781799,16.562805,16.123146,15.884071,15.514977,15.422462,15.348373,15.348373,15.200020,15.292770,15.162895,15.403938,15.162895,15.218575,15.051422,15.200020,15.329842,15.570435,15.422462,15.255684,15.311302,15.533455,15.403938,15.440964,15.292770,15.329842,15.237137,15.440964,15.237137,15.200020,15.255684,15.366905,15.088600,15.237137,15.237137,15.311302,15.237137,15.255684,15.255684,15.181458,14.995636,14.902580,15.255684,15.200020,15.088600,15.144333,15.032837,15.125755,15.088600,15.070015,15.311302,15.255684,15.070015,15.218575,15.088600,15.014244,15.014244,15.162895,14.902580,14.883965,15.070015,14.790794,15.070015,14.995636,14.921196,15.107178,15.070015,15.125755,14.977043,15.051422,14.939812,14.995636,14.809425,14.995636,14.902580,14.958420,14.790794,15.014244,15.032837,14.883965,14.995636,15.088600,14.865326,14.883965,15.014244,14.995636,14.883965,14.958420,14.809425,14.921196,14.883965,15.107178,15.070015,14.921196,14.753487,14.939812,15.051422,14.921196,15.014244,14.809425,15.032837,14.995636,14.921196,15.051422,14.977043,14.883965,14.958420,14.977043,14.995636,14.977043,14.846703,15.144333,14.995636,14.995636,14.995636,15.014244,15.032837,15.032837,15.051422,14.977043,14.865326,15.125755,14.921196,14.828064,14.809425,15.181458,14.958420,14.977043,15.200020,15.070015,15.070015,15.125755,15.218575,15.032837,15.292770,15.237137,15.088600,15.292770,15.200020,15.181458,15.237137,15.237137,15.237137,15.218575,15.200020,15.125755,15.218575,15.218575,15.107178,15.014244,14.921196,14.977043,14.977043,14.828064,14.790794,14.772133,14.585457,14.641502,14.491982,14.716171,14.510681,14.921196,15.107178,15.125755,15.162895,15.200020,15.311302,15.237137,15.329842,15.385422,15.403938,15.403938,15.274223,15.274223,14.921196,15.218575,15.051422,14.939812,14.939812,14.958420,14.828064,14.921196,14.939812,15.070015,14.753487,14.995636,15.125755,15.088600,15.070015,15.070015,15.032837,15.144333,15.403938,15.162895,15.274223,15.200020,15.125755,15.125755,15.292770,14.939812,14.958420,15.088600,14.939812,15.107178,15.200020,15.181458,15.070015,14.958420,15.162895,14.902580,15.218575,14.995636,15.051422,15.070015,15.032837,15.014244,14.902580,14.995636,14.977043,15.014244,15.181458,15.125755,14.958420,15.125755,14.958420,15.070015,14.977043,15.200020,15.125755,15.181458,14.977043,14.865326,14.977043,15.051422,14.902580,15.255684,14.958420,15.200020,14.865326,15.107178,15.014244,15.107178,15.162895,15.014244,14.977043,14.902580,15.070015,14.902580,15.107178,15.014244,15.088600,14.995636,15.144333,14.995636,15.051422,15.070015,15.070015,15.070015,14.995636,15.107178,14.939812,15.070015,14.977043,15.125755,14.939812,14.995636,15.070015,15.200020,15.162895,14.921196,15.144333,14.995636,14.828064,15.070015,15.162895,15.032837,15.329842,15.218575,15.200020,14.995636,15.311302,15.032837,15.218575,15.311302,15.218575,15.292770,15.218575,15.348373,15.292770,15.366905,15.422462,15.144333,15.459480,15.237137,
15.607391,15.681252,15.292770,15.292770,15.237137,15.496475,15.366905,15.348373,15.107178,15.181458,15.237137,15.162895,15.329842,15.366905,15.014244,15.237137,15.459480,15.459480,15.644325,15.865646,16.361572,16.763573,17.218117,17.308739,17.868416,18.442253,18.531555,18.763298,19.383957,19.242508,19.877083,20.034943,20.069977,20.262413,20.279877,20.402061,20.489220,20.698021,20.454369,20.471802,20.489220,20.576286,20.471802,20.593697,20.454369,20.576286,20.732758,20.628487,20.576286,20.906242,20.802200,20.767487,20.576286,20.854233,20.958221,20.888908,21.079346,21.217552,20.854233,21.165756,21.062057,21.062057,21.044754,20.940895,20.975533,21.062057,20.888908,20.975533,20.836899,20.715385,20.819542,20.854233,20.958221,20.871582,21.200287,21.131203,21.234810,21.303802,21.131203,21.424393,21.200287,21.510414,21.441612,21.286568,21.321045,21.579163,21.303802,21.252068,21.372734,21.527603,21.269310,21.286568,21.338272,21.476021,21.441612,21.561981,21.802162,21.647850,21.853539,21.819290,21.904861,22.092789,22.041588,22.126915,22.212143,22.126915,22.092789,22.348305,22.263237,22.433289,21.990349,22.212143,22.161018,22.075729,22.416298,22.280251,22.314293,22.314293,22.297272,22.348305,22.314293,22.382309,22.263237,22.331291,22.212143,22.143959,22.126915,22.416298,22.212143,22.280251,22.365303,22.331291,22.399300,22.297272,22.382309,22.178062,22.229179,22.126915,22.399300,22.195107,22.212143,22.092789,22.126915,21.785027,21.819290,21.767891,21.630684,21.699318,21.561981,21.596336,21.750755,21.802162,21.630684,21.819290,21.802162,21.853539,21.682167,21.750755,21.785027,21.819290,21.904861,21.785027,21.904861,21.973259,22.092789,21.956161,21.802162,21.836411,21.990349,21.836411,21.870644,21.870644,22.263237,22.143959,22.092789,21.956161,22.195107,22.024513,22.263237,22.126915,22.178062,21.939064,22.092789,21.990349,22.092789,21.956161,22.024513,22.041588,21.682167,22.007431,21.921967,21.990349,21.921967,21.921967,21.802162,21.921967,21.973259,21.870644,21.750755,21.887764,21.870644,21.904861,21.767891,21.750755,21.561981,21.579163,21.579163,21.596336,21.665016,21.870644,21.647850,21.836411,21.733620,21.733620,21.750755,21.853539,21.990349,22.007431,21.939064,22.143959,21.973259,22.024513,22.195107,22.263237,22.041588,22.109856,22.041588,21.990349,22.126915,22.263237,22.246208,22.297272,22.314293,22.280251,22.024513,22.246208,22.229179,22.195107,22.331291,22.212143,22.280251,22.382309,22.467247,22.416298,22.501198,22.399300,22.399300,22.331291,22.314293,22.382309,22.348305,22.467247,22.433289,22.399300,22.348305,22.246208,22.229179,22.161018,21.990349,22.092789,22.075729,22.075729,22.058662,21.921967,21.904861,21.836411,21.887764,21.630684,21.579163,21.802162,21.665016,21.716469,21.630684,21.613518,21.510414,21.544792,21.441612,21.596336,21.441612,21.234810,21.286568,21.200287,21.079346,20.940895,20.854233,20.802200,20.767487,20.923576,20.732758,20.802200,20.593697,20.541473,20.489220,20.402061,20.576286,20.471802,20.384621,20.436943,20.314804,20.332268,20.052460,20.122513,20.244934,20.262413,19.982353,20.034943,19.841957,19.754082,19.736496,19.859520,19.648506,19.560417,19.489883,19.401619,19.754082,19.436943,19.595665,19.666115,19.507530,19.489883,19.525154,19.701309,19.542793,19.578049,19.542793,19.472237,19.560417,19.419281,19.366287,19.348618,19.348618,19.207108,19.029869,19.242508,19.383957,19.189407,19.083084,19.136261,18.781090,18.763298,18.424385,18.352852,17.922386,17.868416,17.525826,17.218117,16.800026,16.581078,16.214928,15.810371,15.718163,15.533455,15.200020,15.125755,15.274223,15.162895,15.070015,15.348373,15.311302,15.218575,15.181458,15.292770,15.181458,15.292770,15.348373,15.348373,15.514977,15.477974,15.403938,15.292770,15.237137,15.200020,15.348373,15.348373,15.070015,15.107178,15.107178,15.274223,15.125755,15.200020,15.292770,15.366905,15.255684,15.107178,15.255684,15.051422,14.995636,15.200020,15.200020,15.051422,15.070015,15.200020,15.032837,14.865326,15.014244,14.995636,15.162895,15.125755,15.107178,15.144333,14.939812,15.144333,15.181458,15.162895,15.218575,15.144333,15.088600,15.144333,14.958420,14.995636,14.977043,15.125755,14.958420,15.014244,14.939812,14.921196,14.958420,14.958420,14.865326,15.070015,14.828064,14.846703,14.995636,14.828064,15.032837,14.977043,15.014244,15.014244,14.846703,14.939812,14.977043,15.014244,14.828064,14.865326,14.865326,14.753487,14.772133,14.846703,15.088600,14.883965,14.828064,14.921196,14.995636,14.809425,15.088600,14.846703,14.846703,15.070015,14.939812,15.088600,14.809425,14.958420,14.902580,14.958420,14.883965,14.902580,15.014244,15.051422,14.902580,15.014244,14.902580,15.051422,14.977043,14.939812,15.088600,15.032837,14.958420,14.939812,15.014244,14.846703,15.051422,15.144333,14.995636,15.200020,15.181458,15.311302,15.070015,15.088600,15.051422,15.125755,15.237137,15.255684,15.125755,15.125755,15.181458,15.088600,15.274223,15.107178,15.162895,15.292770,15.218575,15.385422,15.144333,15.218575,15.144333,15.255684,15.014244,15.088600,14.846703,15.014244,14.660179,14.566772,14.753487,14.678848,14.809425,14.809425,14.678848,15.162895,14.902580,14.902580,15.162895,15.088600,15.311302,15.348373,15.422462,15.200020,15.459480,15.237137,15.070015,15.403938,15.070015,14.995636,15.144333,14.995636,15.032837,14.958420,14.846703,14.828064,14.939812,14.883965,14.921196,14.902580,15.014244,14.846703,14.939812,15.162895,15.162895,15.144333,15.162895,15.181458,15.088600,15.200020,15.051422,15.014244,15.107178,14.977043,15.070015,14.865326,15.032837,14.921196,15.144333,15.014244,15.014244,15.181458,14.977043,14.902580,15.125755,15.032837,14.883965,14.995636,14.921196,14.809425,15.144333,15.070015,15.070015,15.051422,14.939812,15.125755,15.051422,15.107178,15.088600,15.051422,15.144333,14.995636,15.014244,14.921196,14.958420,14.865326,14.902580,15.125755,15.144333,15.014244,14.977043,14.865326,14.958420,14.958420,15.014244,15.144333,15.125755,15.032837,14.902580,15.088600,15.051422,15.088600,14.958420,15.051422,15.088600,15.014244,14.977043,14.958420,14.977043,14.939812,14.883965,15.032837,14.772133,15.051422,15.181458,14.995636,14.883965,14.902580,14.939812,15.200020,14.958420,15.144333,14.995636,14.865326,14.939812,15.032837,14.809425,15.032837,15.237137,14.995636,15.032837,15.218575,15.162895,15.255684,15.274223,15.237137,14.977043,15.237137,15.348373,15.051422,15.329842,15.237137,15.200020,15.162895,15.125755,15.200020,15.496475,15.588913,
15.533455,15.440964,15.162895,15.440964,15.440964,15.144333,15.237137,15.329842,15.107178,15.329842,15.366905,15.329842,15.440964,15.218575,15.329842,15.422462,15.459480,15.477974,15.791931,16.104774,16.361572,16.453102,17.018410,17.670250,17.868416,18.066116,18.656418,18.816673,19.366287,19.419281,19.630898,20.122513,20.105003,19.947273,20.367180,20.419502,20.402061,20.611084,20.506645,20.541473,20.419502,20.645866,20.558884,20.628487,20.715385,20.489220,20.593697,20.576286,20.836899,20.558884,20.645866,21.044754,20.819542,20.923576,20.958221,21.113914,20.940895,21.148476,21.044754,20.992851,21.165756,21.183029,20.992851,20.958221,21.062057,21.165756,20.802200,20.923576,21.044754,20.698021,20.767487,20.732758,20.958221,20.992851,21.010155,21.372734,21.303802,21.165756,21.217552,21.217552,21.596336,21.476021,21.321045,21.493217,21.338272,21.372734,21.372734,21.441612,21.441612,21.286568,21.321045,21.544792,21.355507,21.493217,21.510414,21.613518,21.630684,21.716469,21.802162,21.870644,21.904861,22.058662,21.956161,22.348305,22.109856,22.161018,22.382309,22.126915,22.246208,22.246208,22.297272,22.314293,22.109856,22.399300,22.331291,22.297272,22.399300,22.314293,22.348305,22.399300,22.161018,22.161018,22.365303,22.092789,22.365303,22.399300,22.314293,22.263237,22.161018,22.348305,22.229179,22.331291,22.416298,22.416298,22.433289,22.331291,22.297272,22.348305,22.280251,22.058662,22.126915,22.024513,21.956161,21.785027,21.785027,21.853539,21.716469,21.904861,21.596336,21.785027,21.699318,21.750755,21.733620,21.716469,21.699318,21.939064,21.853539,21.733620,21.802162,21.802162,21.785027,21.973259,21.853539,21.767891,21.887764,21.853539,21.887764,21.836411,21.921967,21.836411,21.819290,21.956161,22.161018,22.195107,22.075729,22.092789,22.007431,22.126915,22.161018,22.109856,22.092789,22.143959,22.195107,22.075729,22.007431,22.024513,21.785027,22.058662,21.630684,21.647850,21.750755,21.887764,21.904861,21.870644,21.733620,21.836411,21.716469,22.024513,21.699318,21.785027,21.750755,21.699318,21.767891,21.424393,21.458817,21.785027,21.630684,21.493217,21.544792,21.510414,21.596336,21.682167,21.716469,21.767891,21.904861,21.870644,21.939064,22.024513,21.973259,21.887764,22.041588,22.143959,22.365303,22.195107,22.075729,22.058662,22.143959,22.161018,22.178062,22.092789,22.263237,22.161018,22.365303,22.314293,22.161018,22.314293,22.331291,22.280251,22.229179,22.297272,22.433289,22.263237,22.331291,22.382309,22.263237,22.314293,22.484222,22.348305,22.178062,22.331291,22.348305,22.297272,22.246208,22.348305,22.348305,22.212143,22.143959,22.212143,22.280251,21.956161,21.836411,22.075729,21.956161,22.058662,21.750755,21.716469,21.647850,21.682167,21.407181,21.544792,21.647850,21.338272,21.407181,21.424393,21.338272,21.389961,21.338272,21.389961,21.458817,21.286568,21.183029,21.131203,20.836899,20.940895,20.871582,20.871582,20.750122,20.784843,20.611084,20.558884,20.628487,20.541473,20.593697,20.541473,20.541473,20.506645,20.454369,20.332268,20.454369,20.349724,20.174995,20.192490,20.192490,20.069977,20.192490,19.912178,19.877083,19.736496,19.736496,19.666115,19.472237,19.507530,19.525154,19.560417,19.595665,19.578049,19.542793,19.613289,19.595665,19.613289,19.578049,19.366287,19.419281,19.560417,19.578049,19.419281,19.507530,19.489883,19.419281,19.260208,19.330948,19.330948,19.136261,19.366287,19.366287,19.277893,19.153984,18.976631,18.958870,18.638596,18.352852,18.281258,17.904396,17.652206,17.507759,17.344955,16.891090,16.544525,16.012886,16.012886,15.755058,15.385422,15.200020,15.329842,15.032837,15.181458,15.032837,15.070015,15.162895,15.200020,15.070015,15.144333,15.348373,15.274223,15.385422,15.051422,15.459480,15.348373,15.348373,15.311302,15.366905,15.533455,15.200020,15.366905,15.366905,15.385422,15.237137,15.144333,15.144333,15.144333,15.200020,15.274223,15.144333,15.329842,15.181458,15.162895,15.125755,15.162895,14.846703,15.274223,15.107178,15.051422,15.014244,15.107178,14.977043,15.051422,14.977043,14.921196,14.995636,15.200020,14.939812,14.995636,15.051422,15.051422,14.958420,14.995636,14.995636,14.995636,15.144333,15.088600,14.883965,14.939812,14.772133,14.921196,14.846703,15.051422,14.790794,15.014244,14.865326,14.846703,15.107178,14.939812,15.014244,14.883965,14.958420,14.865326,15.032837,14.958420,14.790794,14.809425,15.237137,14.828064,14.902580,14.865326,14.716171,14.921196,14.883965,14.828064,14.902580,14.883965,14.958420,14.846703,15.125755,14.958420,14.902580,14.846703,14.883965,14.883965,14.939812,14.921196,14.977043,14.846703,14.902580,15.107178,14.958420,14.977043,14.939812,15.088600,14.958420,15.032837,14.809425,14.995636,14.790794,15.070015,15.088600,15.014244,15.014244,15.014244,14.902580,14.995636,15.125755,15.032837,15.051422,14.995636,15.088600,15.237137,15.162895,14.958420,14.995636,15.051422,15.107178,15.125755,15.125755,15.144333,15.144333,15.181458,15.274223,15.218575,15.125755,15.107178,15.125755,15.088600,14.995636,15.200020,15.088600,15.162895,14.939812,14.958420,14.958420,14.753487,14.753487,14.678848,14.529381,14.772133,14.753487,14.772133,14.828064,14.790794,14.865326,15.144333,15.311302,15.255684,15.218575,15.366905,15.237137,15.144333,15.107178,15.237137,15.274223,15.237137,15.200020,15.181458,15.107178,15.051422,15.051422,14.939812,15.162895,14.958420,14.660179,15.107178,14.846703,14.753487,15.051422,14.902580,14.995636,15.181458,15.255684,15.088600,15.125755,15.218575,15.144333,15.107178,15.162895,15.274223,15.181458,14.753487,15.329842,14.902580,14.921196,15.125755,15.014244,14.995636,14.958420,14.977043,14.865326,14.902580,14.902580,14.921196,14.977043,14.977043,15.051422,14.902580,15.070015,15.144333,15.014244,14.716171,15.070015,14.977043,14.977043,14.846703,14.995636,15.051422,14.883965,15.070015,14.958420,14.809425,14.995636,14.977043,15.051422,14.883965,14.995636,15.125755,15.051422,15.144333,14.921196,15.088600,14.939812,14.958420,15.032837,14.828064,14.995636,15.051422,15.125755,14.865326,15.070015,14.865326,14.939812,14.995636,14.753487,15.051422,15.125755,15.014244,15.125755,14.902580,14.939812,14.883965,15.032837,14.995636,14.921196,14.902580,14.902580,15.255684,14.921196,15.014244,15.107178,15.032837,14.809425,14.995636,14.883965,15.181458,14.977043,15.385422,15.274223,15.181458,15.070015,15.014244,15.107178,15.255684,15.162895,15.200020,15.218575,15.237137,15.366905,15.274223,15.237137,15.440964,15.311302,15.422462,15.255684,15.385422,
15.422462,15.311302,15.329842,15.292770,15.422462,15.366905,15.274223,15.496475,15.311302,15.237137,15.311302,15.200020,15.255684,15.200020,15.181458,15.237137,15.292770,15.403938,15.736610,16.123146,16.361572,16.708862,17.145554,17.435440,17.904396,18.137894,18.656418,18.781090,19.207108,19.507530,19.595665,20.349724,20.192490,20.419502,20.314804,20.576286,20.506645,20.576286,20.593697,20.541473,20.524055,20.384621,20.419502,20.524055,20.558884,20.680634,20.802200,20.698021,20.819542,20.732758,20.958221,21.027458,20.975533,21.079346,21.165756,21.027458,21.131203,21.286568,21.113914,21.148476,21.148476,21.113914,21.010155,21.096642,21.096642,20.854233,20.923576,20.836899,20.992851,20.958221,20.854233,20.871582,21.027458,21.010155,21.269310,21.286568,21.200287,21.321045,21.286568,21.389961,21.424393,21.510414,21.372734,21.424393,21.234810,21.441612,21.544792,21.389961,21.269310,21.389961,21.458817,21.407181,21.234810,21.493217,21.510414,21.699318,21.870644,21.819290,21.973259,21.939064,21.921967,22.263237,22.229179,22.212143,22.229179,22.297272,22.314293,22.331291,22.382309,22.382309,22.365303,22.433289,22.229179,22.280251,22.399300,22.365303,22.467247,22.501198,22.331291,22.161018,22.314293,22.263237,22.365303,22.280251,22.280251,22.365303,22.178062,22.280251,22.416298,22.314293,22.416298,22.450264,22.416298,22.484222,22.450264,22.467247,22.416298,22.263237,22.280251,22.075729,22.178062,22.075729,22.143959,21.836411,21.836411,21.802162,21.904861,21.699318,21.733620,21.785027,21.750755,21.836411,21.767891,21.733620,21.596336,21.733620,21.767891,21.870644,21.665016,21.750755,21.750755,21.699318,21.510414,21.853539,21.716469,21.939064,21.836411,21.939064,21.870644,21.870644,21.887764,22.007431,22.126915,22.092789,21.973259,22.092789,22.007431,22.075729,22.007431,22.161018,22.024513,22.058662,22.007431,22.075729,21.887764,22.143959,22.058662,21.716469,21.767891,21.853539,21.853539,21.767891,21.836411,21.802162,21.802162,21.802162,21.716469,21.510414,21.836411,21.733620,21.665016,21.750755,21.802162,21.665016,21.493217,21.613518,21.458817,21.630684,21.527603,21.510414,21.561981,21.630684,21.613518,21.853539,21.682167,21.750755,21.939064,21.836411,22.007431,22.058662,22.143959,22.178062,22.075729,22.161018,22.126915,22.161018,22.161018,22.143959,22.229179,22.263237,22.229179,22.178062,22.348305,22.161018,22.161018,22.178062,22.178062,22.229179,22.229179,22.280251,22.263237,22.382309,22.229179,22.280251,22.280251,22.518166,22.263237,22.450264,22.178062,22.484222,22.263237,22.246208,22.126915,22.399300,22.314293,22.280251,22.143959,22.126915,22.041588,22.024513,22.161018,22.058662,21.853539,21.921967,21.870644,21.785027,21.596336,21.355507,21.544792,21.510414,21.458817,21.389961,21.527603,21.458817,21.355507,21.407181,21.148476,21.476021,21.321045,21.286568,21.148476,21.148476,21.165756,20.819542,20.871582,20.558884,20.836899,20.628487,20.698021,20.524055,20.663254,20.332268,20.489220,20.419502,20.558884,20.454369,20.297348,20.419502,20.209976,20.349724,20.349724,20.314804,20.209976,20.157509,20.105003,20.069977,19.824394,19.824394,19.613289,19.648506,19.648506,19.472237,19.525154,19.595665,19.560417,19.560417,19.578049,19.454590,19.525154,19.542793,19.525154,19.718910,19.419281,19.648506,19.419281,19.542793,19.401619,19.472237,19.313263,19.383957,19.136261,19.260208,19.083084,19.065346,19.330948,19.189407,19.100807,18.994377,18.870033,18.727684,18.620766,18.406502,18.119965,17.922386,17.471611,17.072929,16.781799,16.544525,16.141510,15.976097,15.625862,15.366905,15.348373,15.181458,15.218575,15.218575,15.162895,14.977043,15.125755,15.125755,15.051422,15.200020,15.329842,15.329842,15.237137,15.292770,15.403938,15.422462,15.329842,15.403938,15.422462,15.255684,15.200020,15.107178,15.218575,15.255684,15.348373,15.385422,15.274223,15.144333,15.032837,15.125755,15.144333,15.348373,15.162895,15.144333,15.218575,15.144333,15.348373,15.014244,14.995636,15.144333,15.051422,15.088600,15.181458,14.977043,14.958420,14.828064,14.958420,14.641502,15.014244,15.125755,14.977043,15.051422,14.977043,15.070015,15.014244,15.014244,14.958420,14.921196,15.014244,14.828064,14.939812,15.144333,14.977043,15.014244,14.902580,15.032837,14.958420,14.995636,14.977043,14.809425,14.865326,14.846703,14.939812,15.070015,15.014244,15.014244,14.828064,15.070015,14.958420,15.070015,14.846703,14.995636,14.828064,14.846703,14.809425,14.902580,14.883965,14.995636,14.865326,14.753487,14.790794,14.883965,14.921196,14.865326,14.883965,14.939812,14.865326,14.734833,14.753487,15.144333,15.032837,14.995636,14.865326,14.995636,14.828064,15.051422,14.995636,15.070015,14.753487,15.032837,14.958420,15.088600,14.865326,14.977043,14.977043,15.014244,14.939812,14.902580,14.921196,14.883965,14.995636,15.014244,15.032837,15.051422,15.162895,15.088600,15.237137,15.070015,15.088600,15.255684,15.181458,15.032837,15.274223,15.292770,15.311302,15.125755,15.162895,14.977043,15.014244,15.125755,15.144333,15.125755,15.181458,14.939812,14.995636,14.902580,14.828064,14.809425,14.883965,14.772133,14.828064,14.585457,14.604141,14.734833,14.454552,14.604141,14.697517,14.939812,15.125755,15.403938,15.032837,15.200020,15.348373,15.237137,15.385422,15.274223,15.311302,15.125755,15.237137,15.088600,15.255684,14.995636,15.014244,14.809425,14.995636,14.828064,14.977043,14.902580,14.921196,14.809425,14.828064,14.809425,14.939812,15.088600,15.181458,15.311302,14.865326,14.958420,15.070015,15.255684,15.107178,15.070015,14.977043,14.939812,15.051422,14.995636,15.200020,14.939812,14.828064,14.902580,14.846703,15.107178,15.070015,15.051422,14.939812,14.958420,15.088600,14.958420,15.051422,14.995636,15.032837,14.734833,15.088600,15.088600,14.902580,14.995636,14.977043,15.051422,14.865326,15.125755,15.014244,14.939812,14.790794,14.939812,14.921196,14.939812,15.144333,15.014244,15.032837,14.995636,14.977043,14.939812,15.032837,14.846703,14.585457,15.032837,14.977043,14.977043,14.921196,14.939812,15.125755,15.144333,15.088600,14.790794,15.014244,15.070015,15.014244,14.958420,14.958420,15.218575,14.902580,14.977043,14.846703,15.070015,14.995636,14.958420,14.995636,15.125755,15.125755,15.014244,15.311302,14.828064,14.921196,15.181458,15.070015,15.032837,15.088600,14.790794,15.144333,15.274223,15.329842,14.865326,15.200020,15.107178,15.162895,14.734833,15.292770,15.107178,15.274223,15.144333,15.366905,15.625862,15.274223,15.144333,15.237137,15.070015,15.329842,15.237137,
15.551949,15.514977,15.348373,15.422462,15.625862,15.422462,15.366905,15.422462,15.311302,15.311302,15.181458,15.218575,15.311302,15.237137,15.181458,15.440964,15.403938,15.662788,15.551949,16.012886,16.251610,16.654121,17.054764,17.634163,17.850410,18.155830,18.602928,18.816673,19.118538,19.472237,19.542793,20.122513,20.157509,20.140007,20.279877,20.471802,20.454369,20.680634,20.349724,20.489220,20.349724,20.402061,20.489220,20.558884,20.593697,20.715385,20.732758,20.698021,20.854233,20.767487,20.784843,21.148476,20.923576,21.079346,21.079346,21.165756,21.027458,21.338272,21.234810,21.200287,21.338272,21.286568,20.923576,21.217552,21.165756,21.131203,21.113914,21.010155,20.940895,21.183029,21.044754,21.010155,21.044754,21.131203,21.044754,21.096642,21.252068,21.338272,21.269310,21.355507,21.338272,21.647850,21.441612,21.407181,21.527603,21.424393,21.476021,21.338272,21.200287,21.441612,21.458817,21.424393,21.476021,21.407181,21.836411,21.836411,21.819290,21.887764,21.802162,21.956161,22.007431,22.109856,22.297272,22.297272,22.297272,22.365303,22.212143,22.331291,22.109856,22.348305,22.348305,22.280251,22.399300,22.365303,22.382309,22.331291,22.365303,22.484222,22.280251,22.314293,22.416298,22.365303,22.365303,22.195107,22.365303,22.399300,22.348305,22.382309,22.518166,22.416298,22.433289,22.467247,22.399300,22.535133,22.636833,22.569054,22.331291,22.552086,22.297272,22.365303,22.007431,22.246208,21.990349,22.143959,22.024513,21.699318,21.990349,21.665016,21.596336,21.836411,21.785027,21.630684,21.785027,21.733620,21.819290,21.767891,21.699318,21.887764,21.921967,21.699318,21.596336,21.802162,21.767891,21.802162,21.802162,21.870644,21.853539,21.785027,21.870644,21.973259,21.802162,21.887764,22.024513,22.041588,22.143959,22.041588,22.007431,22.126915,22.161018,22.195107,22.024513,22.178062,21.870644,22.041588,21.921967,21.921967,21.699318,21.802162,21.544792,21.785027,21.699318,21.699318,21.750755,21.579163,21.785027,21.836411,21.682167,21.904861,21.665016,21.647850,21.544792,21.458817,21.665016,21.630684,21.424393,21.716469,21.389961,21.476021,21.493217,21.630684,21.544792,21.407181,21.733620,21.699318,21.785027,21.733620,21.819290,21.973259,21.836411,21.921967,21.990349,21.990349,22.058662,22.280251,22.212143,22.280251,22.365303,22.331291,22.143959,22.263237,22.126915,22.246208,22.178062,22.263237,22.109856,22.126915,22.246208,22.178062,22.143959,22.092789,22.109856,22.212143,22.348305,22.331291,22.178062,22.365303,22.246208,22.297272,22.161018,22.212143,22.365303,22.143959,22.161018,22.280251,22.109856,22.007431,22.126915,22.161018,22.143959,22.092789,21.939064,21.904861,21.716469,21.699318,21.785027,21.750755,21.441612,21.561981,21.476021,21.561981,21.372734,21.269310,21.252068,21.252068,21.183029,21.217552,21.338272,20.992851,21.062057,21.131203,20.888908,20.958221,20.906242,20.836899,20.871582,20.854233,20.750122,20.506645,20.732758,20.402061,20.506645,20.384621,20.506645,20.192490,20.384621,20.419502,20.506645,20.209976,20.454369,20.209976,20.227455,20.402061,20.017418,20.140007,20.034943,20.017418,19.859520,19.841957,19.648506,19.542793,19.595665,19.330948,19.613289,19.489883,19.454590,19.454590,19.525154,19.419281,19.525154,19.560417,19.595665,19.630898,19.436943,19.613289,19.613289,19.560417,19.366287,19.507530,19.348618,19.330948,18.994377,19.366287,19.136261,19.189407,19.330948,19.153984,19.012123,19.153984,18.994377,18.674240,18.477982,18.281258,18.137894,17.814415,17.381157,17.272507,16.727104,16.471397,16.104774,15.644325,15.496475,15.366905,15.292770,15.125755,14.958420,15.070015,15.070015,15.348373,15.014244,14.958420,15.255684,15.051422,15.348373,15.348373,15.459480,15.255684,15.385422,15.403938,15.181458,15.255684,15.551949,15.255684,15.274223,15.292770,15.255684,15.477974,15.292770,15.348373,15.255684,15.181458,15.088600,15.200020,15.181458,15.237137,15.311302,15.218575,15.218575,15.274223,15.144333,15.181458,15.218575,15.125755,15.032837,15.162895,15.162895,15.218575,14.958420,15.051422,15.255684,15.032837,15.125755,14.846703,14.846703,15.274223,15.088600,14.790794,15.051422,15.107178,14.902580,15.032837,15.051422,14.828064,14.865326,15.051422,15.032837,15.014244,14.902580,14.809425,14.828064,14.809425,15.088600,14.939812,14.977043,14.809425,14.865326,14.865326,14.939812,14.921196,15.125755,14.977043,14.921196,15.032837,14.809425,14.977043,14.977043,14.902580,14.753487,14.790794,14.883965,14.977043,15.014244,14.883965,14.995636,15.032837,14.846703,15.032837,14.902580,14.883965,14.772133,15.014244,14.921196,14.977043,14.883965,15.070015,14.828064,15.070015,14.958420,15.181458,14.902580,14.958420,15.051422,15.032837,15.051422,15.200020,14.995636,15.181458,14.921196,15.107178,14.790794,15.088600,14.995636,14.883965,15.125755,15.014244,15.218575,15.051422,15.088600,15.070015,15.088600,15.125755,15.162895,15.125755,15.144333,15.200020,15.070015,15.255684,15.070015,15.218575,15.162895,15.218575,15.348373,15.107178,15.200020,15.144333,14.883965,15.125755,15.014244,14.902580,14.828064,14.939812,14.716171,14.921196,14.809425,14.678848,14.734833,14.772133,14.678848,15.088600,14.939812,15.162895,15.125755,15.200020,15.181458,15.311302,15.051422,15.440964,15.292770,15.255684,15.200020,15.200020,15.181458,15.348373,15.255684,15.051422,14.921196,14.977043,14.828064,14.977043,14.902580,14.734833,14.902580,15.274223,14.809425,15.070015,15.162895,15.292770,14.921196,15.274223,15.051422,15.200020,15.032837,15.200020,15.051422,14.977043,15.070015,14.902580,15.088600,15.032837,15.032837,15.162895,15.032837,14.977043,15.329842,14.846703,14.995636,14.883965,15.107178,14.865326,14.977043,15.014244,14.958420,14.902580,15.088600,14.828064,14.902580,15.070015,14.902580,15.014244,14.921196,14.921196,14.921196,14.883965,14.958420,14.921196,14.977043,15.032837,14.902580,14.995636,15.032837,14.958420,14.697517,14.995636,14.939812,14.958420,14.828064,14.828064,14.828064,15.014244,14.921196,15.107178,14.995636,15.014244,14.902580,14.995636,15.070015,15.218575,15.162895,14.790794,14.977043,15.125755,14.958420,14.939812,14.939812,15.107178,14.977043,15.125755,15.144333,14.809425,14.958420,14.921196,14.977043,14.995636,15.107178,14.977043,14.995636,14.865326,15.070015,14.772133,14.865326,15.051422,15.218575,15.274223,14.958420,15.292770,15.144333,14.977043,15.218575,15.200020,15.200020,15.032837,15.144333,15.329842,15.107178,15.218575,15.144333,15.181458,15.218575,15.403938,15.329842,15.533455,
15.496475,15.218575,15.329842,15.274223,15.533455,15.274223,15.329842,15.366905,15.255684,15.181458,15.200020,15.311302,15.348373,15.237137,15.218575,15.200020,15.218575,15.570435,15.570435,16.049652,16.196571,16.599342,17.000237,17.290627,17.796410,18.317062,18.406502,18.870033,19.083084,19.242508,19.789246,20.034943,20.052460,20.087494,20.279877,20.174995,20.576286,20.524055,20.715385,20.367180,20.524055,20.332268,20.663254,20.645866,20.732758,20.645866,20.628487,20.611084,20.680634,20.767487,20.680634,20.940895,21.131203,21.010155,20.715385,21.269310,21.217552,21.131203,21.165756,21.113914,21.096642,21.269310,21.113914,21.027458,21.027458,21.079346,21.096642,20.923576,20.854233,20.992851,20.906242,21.027458,21.234810,21.079346,20.975533,21.044754,21.372734,21.321045,21.200287,21.476021,21.389961,21.372734,21.510414,21.407181,21.458817,21.389961,21.441612,21.458817,21.596336,21.579163,21.389961,21.407181,21.579163,21.527603,21.476021,21.630684,21.544792,21.802162,21.802162,21.836411,21.904861,22.007431,22.126915,22.280251,22.092789,22.246208,22.348305,22.501198,22.195107,22.348305,22.178062,22.433289,22.382309,22.382309,22.280251,22.161018,22.467247,22.467247,22.348305,22.178062,22.297272,22.280251,22.229179,22.416298,22.399300,22.467247,22.416298,22.195107,22.348305,22.433289,22.467247,22.518166,22.416298,22.467247,22.552086,22.552086,22.348305,22.331291,22.195107,22.348305,22.212143,22.024513,22.178062,21.956161,21.887764,21.750755,21.613518,21.613518,21.836411,21.870644,21.682167,21.750755,21.699318,21.733620,22.195107,21.819290,21.750755,21.956161,21.973259,21.904861,21.887764,21.785027,21.904861,21.921967,21.973259,21.939064,22.058662,21.767891,21.956161,21.904861,21.802162,21.853539,22.161018,22.433289,22.143959,22.041588,22.007431,22.041588,22.092789,22.161018,22.178062,22.143959,22.058662,22.212143,22.263237,21.904861,22.058662,21.921967,21.682167,22.058662,21.699318,21.785027,21.682167,21.921967,22.024513,21.785027,22.058662,21.870644,21.750755,21.802162,21.596336,21.613518,21.596336,21.579163,21.767891,21.836411,21.836411,21.630684,21.647850,21.613518,21.561981,21.682167,21.750755,21.699318,21.750755,21.785027,21.819290,21.956161,21.973259,22.007431,22.280251,22.041588,22.246208,22.195107,22.399300,22.075729,22.229179,22.246208,22.518166,22.229179,22.314293,22.075729,22.075729,22.246208,22.365303,22.314293,22.143959,22.246208,22.109856,22.297272,22.263237,22.246208,22.246208,22.399300,22.263237,22.212143,22.348305,22.126915,22.126915,22.058662,22.092789,22.143959,22.263237,22.229179,22.007431,21.990349,22.024513,22.007431,21.921967,21.956161,21.904861,21.733620,21.750755,21.904861,21.613518,21.613518,21.579163,21.321045,21.493217,21.338272,21.389961,21.389961,21.234810,21.303802,21.321045,21.148476,21.252068,21.183029,21.027458,20.871582,21.113914,20.888908,20.975533,20.750122,20.767487,20.715385,20.784843,20.888908,20.541473,20.454369,20.489220,20.558884,20.558884,20.402061,20.402061,20.367180,20.419502,20.367180,20.297348,20.192490,20.367180,20.227455,20.140007,20.349724,20.122513,20.052460,19.789246,19.841957,19.736496,19.648506,19.542793,19.525154,19.560417,19.560417,19.454590,19.542793,19.436943,19.560417,19.507530,19.507530,19.454590,19.718910,19.542793,19.648506,19.613289,19.613289,19.613289,19.472237,19.224815,19.489883,19.472237,19.189407,19.313263,19.189407,19.295586,19.083084,19.260208,18.994377,18.994377,18.602928,18.442253,18.281258,18.209602,17.904396,17.543900,17.326851,16.872887,16.416496,16.159874,15.828796,15.570435,15.514977,15.218575,15.125755,15.200020,15.032837,15.070015,15.274223,15.162895,15.107178,15.181458,15.459480,15.292770,15.403938,15.255684,15.366905,15.237137,15.440964,15.181458,15.422462,15.385422,15.181458,15.162895,15.292770,15.311302,15.311302,15.144333,15.329842,15.292770,15.014244,15.311302,14.995636,15.348373,14.995636,15.144333,15.051422,15.292770,15.181458,15.162895,15.088600,15.014244,15.181458,14.939812,15.162895,15.144333,14.995636,14.939812,14.939812,15.181458,15.162895,15.032837,14.809425,15.032837,14.995636,15.070015,14.902580,14.902580,15.014244,15.051422,15.125755,14.790794,15.014244,14.977043,15.014244,14.902580,14.902580,14.921196,14.977043,14.846703,14.977043,14.790794,14.939812,15.070015,14.828064,14.716171,14.995636,14.977043,14.828064,15.032837,14.828064,14.809425,14.883965,14.921196,14.958420,14.865326,14.995636,14.660179,14.977043,15.014244,14.772133,14.790794,14.939812,14.772133,14.809425,14.790794,15.125755,14.995636,15.014244,14.865326,14.883965,14.958420,14.921196,15.032837,14.828064,14.995636,15.014244,15.032837,14.958420,14.939812,15.032837,14.828064,15.032837,15.107178,14.995636,14.958420,14.921196,14.865326,15.088600,15.051422,15.014244,15.014244,14.995636,15.051422,15.070015,15.218575,15.200020,14.958420,15.181458,15.032837,15.107178,15.237137,15.255684,15.218575,15.144333,15.107178,15.255684,15.014244,15.014244,15.218575,15.125755,15.088600,14.995636,15.181458,15.144333,15.107178,14.902580,14.883965,14.977043,14.660179,14.790794,14.622826,14.828064,14.604141,14.697517,14.772133,14.734833,14.622826,14.883965,14.921196,15.200020,15.274223,15.218575,15.329842,15.329842,15.348373,15.329842,15.292770,15.496475,15.311302,15.348373,15.088600,14.995636,14.977043,14.809425,14.846703,14.995636,14.697517,14.753487,14.697517,14.846703,14.790794,14.958420,14.622826,15.070015,15.088600,15.311302,15.032837,15.255684,14.995636,15.144333,15.181458,15.311302,15.088600,14.977043,14.958420,14.977043,14.846703,14.977043,15.014244,15.107178,14.977043,15.032837,15.014244,15.088600,15.014244,14.958420,14.809425,15.051422,15.070015,14.790794,14.902580,15.051422,15.032837,15.032837,15.070015,14.977043,14.678848,15.070015,15.070015,14.828064,14.939812,14.921196,14.790794,15.107178,14.883965,15.051422,15.125755,14.921196,14.958420,15.218575,15.070015,14.828064,14.865326,14.883965,14.977043,14.977043,14.977043,14.921196,14.809425,14.883965,15.181458,14.977043,14.921196,15.107178,14.977043,15.032837,14.939812,15.088600,14.939812,14.846703,14.958420,15.144333,15.032837,15.070015,15.088600,14.865326,15.014244,14.995636,15.051422,14.977043,14.902580,15.032837,15.107178,15.162895,15.014244,14.734833,15.070015,15.125755,14.958420,14.995636,15.107178,15.014244,15.292770,15.218575,15.144333,15.032837,15.107178,15.311302,15.014244,15.144333,15.292770,15.162895,15.144333,15.051422,15.274223,15.125755,15.255684,15.274223,15.422462,15.496475,
15.274223,15.311302,15.551949,15.329842,15.459480,15.144333,15.255684,15.422462,15.311302,15.422462,15.292770,15.181458,15.403938,15.237137,15.329842,15.496475,15.311302,15.607391,15.773499,15.939293,16.434807,16.745338,17.199982,17.670250,17.634163,18.281258,18.406502,18.887802,19.118538,19.472237,19.701309,19.912178,20.034943,20.087494,20.157509,20.279877,20.436943,20.367180,20.698021,20.576286,20.384621,20.593697,20.593697,20.524055,20.802200,20.680634,20.698021,20.576286,20.698021,20.645866,20.680634,20.732758,20.975533,20.975533,21.148476,21.044754,21.131203,21.044754,21.027458,20.992851,21.096642,21.079346,21.113914,21.165756,21.044754,20.992851,21.027458,20.906242,20.975533,21.079346,21.113914,20.940895,20.992851,21.010155,21.131203,21.131203,21.131203,21.252068,21.303802,21.303802,21.424393,21.407181,21.596336,21.441612,21.424393,21.252068,21.372734,21.458817,21.338272,21.458817,21.510414,21.458817,21.389961,21.389961,21.510414,21.647850,21.716469,21.596336,21.819290,21.973259,21.904861,22.041588,21.870644,22.280251,22.178062,22.143959,22.058662,22.280251,22.109856,22.212143,22.246208,22.195107,22.365303,22.229179,22.178062,22.348305,22.399300,22.246208,22.314293,22.382309,22.416298,22.382309,22.280251,22.416298,22.280251,22.399300,22.195107,22.552086,22.348305,22.365303,22.501198,22.280251,22.467247,22.280251,22.467247,22.619896,22.143959,22.314293,22.331291,22.195107,22.092789,22.092789,22.229179,22.058662,22.024513,21.956161,21.836411,21.802162,21.665016,21.630684,21.750755,21.716469,21.733620,21.990349,21.939064,21.750755,21.682167,21.802162,21.870644,21.819290,21.973259,21.716469,21.904861,21.973259,21.870644,21.836411,21.870644,21.767891,21.956161,22.109856,21.921967,22.041588,22.161018,22.058662,22.212143,21.990349,22.212143,22.229179,22.058662,22.246208,22.024513,22.195107,22.126915,21.990349,22.058662,22.024513,21.887764,21.819290,21.836411,22.109856,21.956161,21.802162,21.767891,22.024513,21.939064,21.921967,22.075729,21.904861,21.716469,21.887764,21.956161,21.870644,21.733620,21.819290,21.750755,21.596336,21.733620,21.647850,21.561981,21.682167,21.733620,21.682167,21.750755,21.665016,21.767891,21.785027,21.939064,22.041588,22.007431,22.161018,22.041588,22.126915,22.314293,22.263237,22.331291,22.365303,22.195107,22.365303,22.126915,22.348305,22.280251,22.365303,22.280251,22.263237,22.246208,22.280251,22.314293,22.195107,22.297272,22.297272,22.246208,22.297272,22.246208,22.195107,22.246208,22.331291,22.126915,22.280251,22.109856,22.467247,22.263237,22.365303,22.161018,22.331291,22.075729,22.058662,22.161018,22.143959,22.041588,21.904861,21.956161,21.750755,21.682167,21.699318,21.716469,21.510414,21.458817,21.407181,21.613518,21.372734,21.458817,21.355507,21.424393,21.148476,21.200287,20.992851,21.148476,20.958221,21.010155,20.975533,20.940895,21.010155,20.888908,20.698021,20.802200,20.819542,20.663254,20.593697,20.628487,20.506645,20.576286,20.349724,20.541473,20.436943,20.419502,20.297348,20.384621,20.489220,20.436943,20.384621,20.314804,20.105003,20.297348,19.982353,20.105003,20.087494,19.877083,19.683716,19.595665,19.701309,19.560417,19.489883,19.436943,19.525154,19.630898,19.489883,19.383957,19.454590,19.489883,19.525154,19.560417,19.542793,19.701309,19.613289,19.595665,19.383957,19.507530,19.366287,19.366287,19.047615,19.330948,19.100807,19.277893,19.083084,19.313263,19.047615,19.136261,19.047615,19.065346,18.763298,18.495850,18.317062,17.994278,17.814415,17.489685,17.236252,16.891090,16.434807,16.068031,15.736610,15.625862,15.403938,15.385422,15.255684,15.125755,15.162895,15.162895,15.107178,15.200020,14.977043,15.107178,15.200020,15.125755,15.385422,15.329842,15.274223,15.218575,15.385422,15.311302,15.440964,15.237137,15.144333,15.144333,15.125755,15.255684,15.311302,15.274223,15.385422,15.181458,15.255684,15.181458,15.255684,15.366905,15.032837,15.200020,15.088600,15.200020,15.181458,15.274223,15.218575,15.051422,15.125755,14.902580,15.125755,14.958420,15.125755,15.014244,15.070015,15.014244,15.237137,14.958420,15.070015,14.977043,14.977043,14.958420,14.995636,14.865326,14.828064,14.921196,15.051422,14.939812,14.902580,14.865326,14.958420,14.753487,14.846703,15.051422,14.995636,14.883965,14.809425,14.883965,14.828064,14.939812,14.939812,14.790794,14.958420,14.939812,14.790794,14.790794,14.828064,14.958420,14.939812,14.809425,14.939812,14.865326,14.958420,14.958420,15.014244,14.865326,14.790794,14.865326,14.790794,14.977043,14.921196,14.865326,14.809425,15.051422,14.939812,15.070015,14.883965,14.939812,14.846703,14.939812,15.014244,14.995636,15.032837,14.977043,14.995636,14.697517,15.070015,15.051422,14.883965,14.958420,14.921196,14.958420,15.107178,14.958420,15.107178,14.753487,14.902580,14.865326,15.014244,15.200020,15.051422,15.070015,15.274223,15.032837,15.200020,15.181458,15.237137,15.255684,15.200020,15.144333,15.311302,14.995636,15.181458,15.181458,15.088600,14.921196,15.107178,15.403938,15.218575,14.977043,15.181458,15.181458,15.125755,14.939812,14.977043,14.510681,14.734833,14.660179,14.772133,14.641502,14.660179,14.566772,14.809425,14.622826,15.070015,15.218575,15.125755,15.107178,15.274223,15.348373,15.237137,15.032837,15.125755,15.051422,15.125755,15.329842,15.348373,15.403938,15.200020,15.218575,15.014244,14.790794,14.734833,14.697517,14.921196,14.790794,15.051422,14.772133,14.846703,14.958420,14.846703,15.107178,15.292770,15.107178,15.088600,14.977043,15.385422,15.088600,15.292770,15.032837,14.921196,15.051422,14.939812,14.995636,15.125755,14.865326,15.218575,14.977043,14.958420,15.070015,14.828064,14.846703,14.958420,14.939812,15.125755,14.958420,15.051422,14.977043,14.809425,15.088600,14.939812,14.921196,14.958420,14.939812,14.995636,14.977043,15.200020,15.032837,15.014244,14.846703,15.032837,15.237137,14.921196,15.032837,15.070015,14.977043,15.144333,14.828064,15.088600,14.883965,14.958420,15.125755,14.921196,15.051422,14.809425,14.995636,14.958420,14.921196,15.014244,14.995636,14.958420,14.958420,14.772133,14.883965,14.939812,14.977043,15.051422,15.125755,14.921196,14.958420,14.958420,14.958420,15.181458,14.921196,15.181458,15.051422,15.051422,14.809425,14.921196,15.088600,14.883965,14.995636,15.051422,14.883965,15.051422,14.977043,14.883965,15.107178,15.255684,15.329842,15.032837,15.292770,15.311302,15.144333,15.070015,15.218575,15.274223,15.329842,15.032837,14.865326,15.107178,15.348373,15.403938,15.051422,14.995636,15.218575,15.329842,
15.644325,15.385422,15.366905,15.348373,15.162895,15.274223,15.514977,15.366905,15.366905,15.422462,15.292770,15.255684,15.533455,15.329842,15.403938,15.403938,15.237137,15.773499,15.736610,16.049652,16.269951,16.489677,16.982056,17.489685,17.904396,18.334953,18.460121,19.029869,19.029869,19.648506,19.701309,19.999893,20.122513,20.105003,20.297348,20.297348,20.279877,20.471802,20.436943,20.576286,20.541473,20.732758,20.524055,20.419502,20.576286,20.454369,20.715385,20.524055,20.454369,20.558884,20.680634,20.750122,20.750122,20.767487,20.906242,20.888908,20.992851,20.923576,20.854233,21.079346,20.958221,20.940895,21.010155,21.062057,21.010155,21.079346,20.958221,20.940895,21.131203,21.010155,20.992851,20.906242,20.975533,21.165756,21.217552,21.096642,21.148476,21.389961,21.234810,21.321045,21.389961,21.338272,21.355507,21.269310,21.493217,21.424393,21.424393,21.079346,21.269310,21.389961,21.407181,21.372734,21.441612,21.355507,21.407181,21.493217,21.750755,21.510414,21.647850,21.733620,21.870644,21.921967,22.109856,22.143959,21.939064,22.126915,21.990349,22.126915,22.143959,22.024513,22.195107,22.126915,22.024513,22.297272,22.161018,22.143959,22.229179,22.143959,22.416298,22.246208,22.161018,22.365303,22.246208,22.246208,22.348305,22.195107,22.143959,22.348305,22.263237,22.416298,22.501198,22.348305,22.382309,22.297272,22.195107,22.314293,22.314293,22.331291,22.212143,22.178062,21.990349,22.092789,21.939064,21.921967,21.956161,21.921967,21.733620,21.767891,21.750755,21.561981,21.733620,21.716469,21.527603,21.904861,21.819290,21.853539,21.716469,21.870644,21.750755,21.802162,21.904861,21.887764,21.973259,21.956161,21.904861,21.921967,22.041588,21.665016,22.041588,22.007431,22.058662,22.126915,21.956161,22.229179,22.195107,22.195107,22.092789,22.195107,22.212143,22.178062,22.092789,22.263237,22.058662,22.246208,22.143959,22.229179,22.195107,22.075729,21.939064,21.973259,21.921967,21.853539,21.836411,22.024513,21.802162,21.904861,21.802162,21.785027,21.716469,21.733620,21.921967,21.682167,21.819290,21.750755,21.887764,21.579163,21.733620,21.785027,21.647850,21.561981,21.802162,21.613518,21.785027,21.819290,21.733620,21.853539,21.887764,21.870644,21.990349,22.126915,22.280251,22.229179,22.109856,22.382309,22.161018,22.348305,22.484222,22.297272,22.365303,22.331291,22.178062,22.161018,22.212143,22.297272,22.246208,22.092789,22.280251,22.331291,22.365303,22.399300,22.399300,22.161018,22.109856,22.178062,22.161018,22.007431,22.297272,22.229179,22.246208,22.280251,22.126915,22.041588,21.990349,21.939064,22.314293,22.075729,22.007431,22.058662,21.887764,21.939064,21.819290,21.767891,21.767891,21.682167,21.716469,21.389961,21.561981,21.476021,21.372734,21.234810,21.372734,21.303802,21.269310,21.389961,21.183029,21.148476,21.148476,21.010155,20.992851,21.079346,21.131203,21.027458,20.992851,20.871582,20.732758,20.906242,20.888908,20.732758,20.541473,20.419502,20.576286,20.541473,20.576286,20.663254,20.645866,20.349724,20.489220,20.524055,20.454369,20.279877,20.471802,20.367180,20.227455,20.262413,20.087494,20.034943,20.069977,19.912178,19.613289,19.578049,19.489883,19.454590,19.472237,19.666115,19.613289,19.613289,19.701309,19.525154,19.542793,19.683716,19.401619,19.525154,19.401619,19.666115,19.366287,19.630898,19.525154,19.419281,19.419281,19.366287,19.224815,19.242508,19.295586,19.224815,19.419281,19.330948,19.171692,19.118538,18.745483,18.816673,18.370735,18.263351,18.012245,17.760384,17.471611,17.072929,16.745338,16.526253,16.214928,15.681252,15.477974,15.348373,15.292770,15.237137,15.181458,14.977043,14.902580,15.144333,15.107178,15.237137,15.237137,15.274223,15.292770,15.422462,15.311302,15.366905,15.274223,15.385422,15.348373,15.496475,15.255684,15.292770,15.162895,15.348373,15.200020,15.274223,15.200020,15.107178,15.162895,15.292770,15.181458,15.237137,15.292770,15.162895,15.274223,15.107178,15.237137,15.237137,15.032837,15.070015,14.883965,15.200020,15.070015,15.274223,15.125755,15.144333,14.902580,15.144333,15.107178,15.088600,15.162895,15.144333,15.032837,15.125755,15.162895,15.014244,15.181458,15.051422,14.977043,14.995636,14.902580,14.902580,14.846703,15.088600,14.846703,14.772133,14.846703,14.921196,14.883965,14.958420,14.995636,14.865326,14.865326,15.051422,14.902580,14.958420,14.846703,14.921196,14.828064,14.995636,15.051422,14.846703,15.032837,14.883965,14.939812,15.014244,14.883965,14.772133,14.995636,15.014244,14.958420,14.902580,14.716171,15.070015,14.753487,14.828064,14.977043,14.883965,14.716171,14.958420,15.014244,14.883965,14.883965,14.939812,14.977043,14.995636,14.865326,15.125755,14.902580,14.790794,14.995636,14.977043,14.809425,15.032837,14.939812,15.088600,14.921196,15.051422,14.865326,14.995636,14.939812,15.237137,14.939812,14.958420,14.865326,15.181458,14.995636,15.237137,15.162895,15.107178,15.218575,15.255684,15.051422,15.311302,15.032837,15.014244,15.181458,15.088600,15.162895,15.032837,15.181458,15.329842,15.255684,15.311302,14.995636,15.125755,15.088600,14.921196,14.697517,14.790794,14.809425,14.510681,14.772133,14.548080,14.753487,14.809425,14.697517,14.977043,14.883965,14.883965,15.032837,15.144333,15.125755,15.348373,15.329842,15.311302,15.348373,15.385422,15.125755,15.200020,15.292770,15.311302,15.088600,15.088600,14.977043,14.846703,14.902580,14.846703,14.921196,14.865326,14.846703,14.772133,14.734833,14.809425,15.162895,15.274223,15.181458,15.348373,15.162895,14.958420,15.125755,15.181458,15.032837,14.958420,14.958420,15.200020,14.883965,14.958420,15.107178,15.088600,15.125755,14.958420,14.977043,15.144333,14.995636,15.162895,14.883965,14.939812,14.995636,14.828064,14.939812,15.051422,14.921196,15.144333,15.088600,15.032837,14.977043,14.977043,15.162895,14.958420,14.883965,14.883965,14.790794,15.162895,14.921196,14.828064,15.107178,15.088600,15.051422,15.014244,14.939812,15.144333,14.939812,15.125755,15.088600,15.088600,14.883965,14.716171,14.902580,15.144333,15.144333,15.032837,15.014244,14.902580,14.995636,14.790794,14.939812,15.014244,14.995636,15.162895,15.014244,15.051422,14.995636,14.921196,14.883965,15.255684,15.051422,14.865326,15.125755,15.032837,15.051422,15.144333,15.051422,15.051422,15.051422,15.200020,14.790794,15.107178,14.883965,15.237137,15.032837,14.995636,15.032837,15.070015,15.125755,15.292770,15.088600,15.014244,15.255684,14.883965,15.366905,15.162895,15.311302,15.181458,15.032837,15.107178,15.403938,15.125755,14.995636,15.514977,
15.773499,15.403938,15.292770,15.570435,15.237137,15.570435,15.422462,15.255684,15.385422,15.292770,15.088600,15.125755,15.237137,15.292770,15.311302,15.311302,15.422462,15.644325,15.662788,16.159874,16.196571,16.727104,17.181839,17.399261,17.760384,18.191681,18.531555,18.763298,19.153984,19.525154,19.542793,19.789246,20.017418,20.314804,20.244934,20.279877,20.506645,20.454369,20.436943,20.506645,20.576286,20.663254,20.506645,20.558884,20.489220,20.506645,20.593697,20.454369,20.524055,20.471802,20.471802,20.802200,20.732758,20.645866,20.819542,21.131203,20.975533,20.888908,20.923576,21.148476,20.940895,20.923576,21.113914,21.010155,20.854233,20.992851,21.027458,20.819542,20.992851,20.836899,20.992851,20.836899,20.871582,20.958221,20.906242,21.062057,21.183029,20.940895,21.217552,21.372734,21.458817,21.183029,21.527603,21.424393,21.269310,21.217552,21.303802,21.338272,21.113914,21.252068,21.096642,21.303802,21.338272,21.407181,21.441612,22.007431,21.682167,21.647850,21.579163,21.785027,21.767891,21.647850,21.956161,22.024513,22.092789,21.939064,22.041588,21.990349,21.956161,22.024513,22.126915,22.178062,22.024513,22.126915,22.143959,21.990349,22.212143,22.314293,22.041588,22.109856,22.092789,22.195107,22.246208,22.263237,22.126915,22.075729,22.212143,22.109856,22.041588,22.212143,22.212143,22.212143,22.178062,22.161018,22.195107,22.399300,22.382309,22.297272,22.161018,22.143959,22.041588,22.024513,21.904861,21.973259,21.853539,21.802162,21.819290,21.682167,21.750755,21.699318,21.785027,21.767891,21.630684,21.836411,21.682167,21.767891,21.853539,21.870644,21.802162,21.750755,21.836411,22.024513,21.973259,21.921967,21.853539,22.041588,21.956161,21.921967,21.956161,21.956161,21.939064,22.143959,22.143959,22.195107,22.007431,22.041588,22.365303,22.143959,22.178062,22.178062,22.075729,22.246208,22.058662,22.109856,22.024513,22.365303,22.075729,22.075729,21.921967,21.904861,22.075729,22.058662,22.058662,21.939064,21.750755,21.853539,21.939064,22.024513,21.733620,21.682167,21.956161,21.904861,21.716469,21.682167,21.819290,21.682167,21.596336,21.716469,21.647850,21.476021,21.561981,21.665016,21.613518,21.733620,21.802162,21.716469,21.939064,21.853539,21.785027,22.041588,21.973259,22.041588,22.092789,22.092789,22.092789,22.195107,22.109856,22.058662,22.126915,22.126915,22.195107,22.178062,22.041588,22.246208,22.297272,22.161018,22.314293,22.212143,22.331291,22.092789,22.126915,22.416298,22.075729,22.041588,22.314293,22.195107,22.126915,22.126915,22.007431,22.161018,21.990349,22.024513,21.904861,22.041588,22.092789,22.058662,21.887764,21.904861,21.887764,21.750755,21.767891,21.750755,21.836411,21.750755,21.716469,21.458817,21.510414,21.407181,21.165756,21.493217,21.234810,21.165756,21.407181,21.286568,21.183029,21.389961,21.165756,21.148476,21.096642,21.113914,21.062057,21.010155,20.958221,20.958221,20.940895,20.836899,20.767487,20.784843,20.767487,20.611084,20.732758,20.663254,20.541473,20.628487,20.541473,20.628487,20.524055,20.593697,20.384621,20.349724,20.244934,20.384621,20.297348,20.349724,20.017418,20.174995,20.069977,19.789246,19.877083,19.789246,19.841957,19.542793,19.595665,19.613289,19.507530,19.683716,19.578049,19.525154,19.560417,19.560417,19.525154,19.542793,19.613289,19.560417,19.578049,19.489883,19.595665,19.507530,19.242508,19.419281,19.277893,19.118538,19.189407,19.153984,19.260208,19.136261,19.153984,19.029869,18.852249,18.781090,18.495850,18.173759,17.922386,17.760384,17.616119,17.145554,16.872887,16.562805,16.288277,15.755058,15.718163,15.496475,15.218575,15.274223,15.311302,14.995636,15.107178,15.255684,15.144333,15.162895,15.200020,15.125755,15.385422,15.274223,15.496475,15.348373,15.366905,15.311302,15.440964,15.144333,15.107178,15.200020,15.255684,15.329842,15.274223,15.348373,15.237137,15.237137,15.366905,15.144333,15.237137,15.311302,15.107178,15.385422,15.274223,15.144333,15.200020,15.292770,15.237137,15.088600,15.051422,15.107178,15.070015,15.255684,15.070015,14.958420,15.051422,15.032837,15.162895,15.162895,15.162895,14.939812,15.014244,15.051422,15.070015,15.088600,15.070015,15.014244,15.032837,14.995636,14.846703,14.809425,14.921196,14.977043,14.790794,14.995636,14.846703,15.051422,14.977043,14.977043,14.883965,14.995636,14.716171,14.772133,14.902580,14.883965,14.939812,14.921196,14.883965,14.790794,14.995636,14.772133,14.958420,14.828064,14.977043,14.865326,14.902580,14.753487,14.865326,14.790794,14.902580,14.846703,14.958420,14.902580,14.846703,14.995636,14.809425,14.772133,14.790794,14.883965,14.809425,14.865326,14.865326,15.070015,14.921196,14.846703,14.828064,14.977043,15.032837,15.144333,14.977043,14.697517,15.144333,14.828064,14.883965,14.995636,15.014244,14.995636,14.772133,14.902580,15.014244,14.977043,15.032837,15.014244,15.107178,14.939812,14.977043,15.292770,15.162895,15.181458,14.958420,15.107178,15.107178,15.032837,15.218575,15.255684,14.883965,15.070015,15.032837,15.125755,15.162895,15.125755,15.274223,14.977043,15.070015,15.107178,14.846703,14.790794,14.921196,14.622826,14.435844,14.529381,14.417122,14.697517,14.697517,14.660179,14.604141,14.958420,14.865326,15.051422,15.144333,15.144333,15.311302,15.237137,15.237137,15.329842,15.274223,15.162895,15.348373,15.477974,15.070015,15.014244,15.144333,14.809425,14.828064,14.828064,14.921196,14.921196,14.846703,14.828064,14.772133,15.014244,14.865326,14.977043,14.902580,15.181458,15.107178,15.088600,14.977043,15.237137,15.051422,15.181458,15.088600,15.088600,15.107178,15.014244,14.660179,14.883965,14.883965,14.883965,14.790794,14.902580,14.995636,14.846703,15.032837,15.125755,14.678848,14.828064,15.014244,15.144333,14.846703,15.014244,15.200020,14.902580,14.716171,14.995636,15.014244,15.125755,14.939812,14.734833,14.995636,14.883965,14.846703,15.200020,14.883965,14.939812,14.828064,14.958420,15.032837,15.070015,14.865326,15.070015,14.977043,15.088600,15.032837,15.144333,14.902580,14.995636,14.995636,14.865326,14.902580,15.125755,15.014244,15.088600,15.014244,14.865326,14.958420,15.107178,14.977043,15.070015,15.125755,15.144333,14.921196,15.032837,14.939812,15.107178,14.828064,14.902580,15.329842,15.070015,15.032837,15.237137,14.865326,15.014244,14.995636,15.088600,15.014244,14.828064,15.274223,15.051422,14.883965,15.032837,15.014244,15.200020,15.014244,14.995636,15.292770,15.144333,15.088600,15.255684,15.051422,15.107178,15.107178,15.274223,15.311302,14.865326,15.144333,15.144333,15.255684,15.755058,
15.699715,15.162895,15.496475,15.422462,15.237137,15.403938,15.274223,15.292770,15.311302,15.496475,15.200020,15.292770,15.014244,15.181458,15.107178,15.218575,15.274223,15.570435,15.311302,16.012886,16.104774,16.690620,16.891090,17.453522,17.724342,18.084076,18.585091,18.781090,19.242508,19.666115,19.560417,20.017418,20.034943,20.174995,20.314804,20.541473,20.471802,20.576286,20.436943,20.593697,20.419502,20.419502,20.576286,20.506645,20.506645,20.576286,20.715385,20.454369,20.541473,20.767487,20.471802,20.454369,20.698021,20.645866,20.698021,20.784843,20.784843,20.802200,20.819542,20.958221,20.819542,21.010155,20.854233,21.062057,20.923576,20.958221,20.992851,20.767487,20.698021,20.854233,20.836899,20.975533,20.854233,21.062057,20.992851,21.217552,21.269310,21.113914,21.217552,21.234810,21.389961,21.252068,21.372734,21.355507,21.424393,21.269310,21.372734,21.338272,21.338272,21.303802,21.458817,21.355507,21.424393,21.234810,21.458817,21.217552,21.647850,21.716469,21.733620,21.716469,21.716469,21.665016,21.802162,21.921967,21.921967,21.870644,21.973259,21.904861,21.767891,21.990349,22.092789,21.956161,22.007431,22.075729,21.939064,22.212143,22.126915,21.990349,22.041588,22.161018,22.058662,22.143959,22.024513,22.007431,21.990349,22.161018,22.314293,22.041588,22.331291,22.058662,22.126915,22.092789,22.161018,22.212143,22.109856,22.314293,22.212143,22.109856,22.212143,22.092789,22.178062,22.007431,22.007431,21.973259,21.716469,21.682167,21.716469,21.750755,21.613518,21.750755,21.733620,21.733620,21.699318,22.024513,21.819290,21.733620,21.733620,21.819290,21.921967,21.921967,21.921967,22.195107,22.161018,22.024513,21.973259,22.126915,22.109856,21.939064,22.109856,21.990349,22.041588,22.212143,22.109856,22.314293,22.229179,22.161018,22.280251,22.382309,22.416298,22.331291,22.126915,22.161018,22.212143,22.092789,22.075729,22.126915,22.178062,22.109856,22.024513,21.990349,22.058662,22.126915,22.058662,22.075729,21.990349,22.075729,22.007431,21.853539,21.904861,22.058662,21.836411,21.699318,21.767891,21.716469,21.819290,21.682167,21.767891,21.596336,21.596336,21.613518,21.733620,21.699318,21.544792,21.733620,21.785027,21.870644,21.836411,21.819290,21.733620,21.921967,21.973259,21.939064,22.075729,22.041588,21.956161,22.161018,22.212143,22.161018,22.126915,21.853539,22.161018,22.280251,22.143959,22.178062,22.075729,22.109856,22.143959,22.178062,21.973259,22.143959,22.041588,22.126915,22.058662,21.921967,21.956161,22.058662,21.990349,22.092789,22.092789,22.007431,22.058662,22.007431,22.007431,21.990349,21.904861,21.990349,21.836411,21.973259,21.767891,21.699318,21.699318,21.767891,21.682167,21.579163,21.579163,21.493217,21.561981,21.372734,21.252068,21.183029,21.286568,21.338272,21.165756,21.165756,21.234810,21.165756,21.217552,21.217552,21.217552,21.217552,21.217552,20.975533,21.027458,21.113914,21.044754,20.784843,20.819542,20.628487,20.784843,20.593697,20.732758,20.663254,20.454369,20.628487,20.402061,20.628487,20.332268,20.593697,20.436943,20.402061,20.332268,20.279877,20.314804,20.174995,20.087494,20.209976,20.034943,19.771667,19.947273,19.771667,19.683716,19.525154,19.507530,19.630898,19.613289,19.789246,19.771667,19.560417,19.436943,19.613289,19.542793,19.560417,19.630898,19.648506,19.454590,19.525154,19.401619,19.472237,19.277893,19.419281,19.277893,19.029869,19.242508,19.277893,19.330948,19.083084,18.976631,18.941109,18.870033,18.602928,18.281258,18.334953,17.778404,17.868416,17.453522,17.199982,16.708862,16.489677,16.123146,15.865646,15.644325,15.366905,15.200020,15.088600,15.200020,14.977043,15.218575,15.144333,15.125755,15.255684,15.107178,15.292770,15.088600,15.440964,15.329842,15.533455,15.088600,15.311302,15.292770,15.440964,15.237137,15.237137,15.292770,15.274223,15.403938,15.274223,15.274223,15.144333,15.088600,15.403938,15.311302,15.292770,15.088600,15.200020,15.088600,15.274223,15.218575,15.125755,15.088600,15.032837,15.144333,15.200020,15.218575,15.292770,15.032837,15.237137,15.125755,15.051422,15.032837,15.162895,15.070015,14.977043,15.237137,15.181458,15.014244,15.070015,15.218575,15.088600,15.125755,15.088600,15.162895,14.753487,14.939812,14.678848,14.995636,14.995636,15.107178,15.070015,14.883965,14.865326,14.939812,14.995636,14.678848,14.902580,14.902580,15.051422,14.883965,14.883965,14.772133,14.939812,14.828064,15.014244,14.883965,14.846703,15.032837,14.865326,14.883965,14.865326,14.809425,14.921196,14.995636,14.958420,15.051422,14.939812,15.032837,14.604141,14.921196,14.865326,14.865326,14.921196,14.995636,14.977043,15.032837,14.921196,15.088600,14.902580,14.697517,14.995636,15.014244,15.088600,14.977043,14.902580,15.032837,15.014244,14.958420,15.051422,15.070015,15.051422,14.697517,14.809425,14.939812,14.977043,15.218575,15.014244,15.088600,14.958420,15.162895,15.125755,15.051422,15.088600,15.125755,15.218575,15.311302,15.144333,15.440964,15.125755,15.200020,15.088600,15.144333,15.237137,15.237137,15.237137,14.958420,15.070015,15.032837,15.144333,14.902580,14.809425,14.566772,14.734833,14.753487,14.678848,14.622826,14.697517,14.641502,14.865326,14.641502,14.828064,14.809425,14.939812,15.088600,15.032837,15.107178,15.348373,15.311302,15.422462,15.366905,15.218575,15.329842,15.070015,15.181458,15.237137,15.088600,15.144333,14.865326,14.939812,14.828064,14.995636,14.772133,14.883965,15.032837,14.939812,15.070015,15.125755,15.181458,15.162895,15.162895,15.107178,15.107178,15.162895,14.883965,15.014244,15.088600,15.255684,15.125755,14.902580,15.088600,14.846703,15.032837,14.995636,15.088600,15.237137,14.939812,14.828064,15.051422,14.846703,14.995636,14.939812,15.088600,15.051422,15.032837,15.107178,14.902580,14.958420,14.977043,15.014244,15.107178,14.977043,14.958420,14.977043,14.902580,15.051422,14.828064,15.125755,14.958420,14.753487,14.977043,15.051422,15.051422,14.846703,14.865326,15.051422,14.809425,14.939812,14.958420,14.958420,14.753487,15.125755,14.865326,15.125755,15.014244,14.846703,15.014244,14.995636,14.790794,14.902580,14.977043,15.051422,14.697517,14.865326,14.977043,15.014244,15.014244,15.088600,15.144333,14.958420,15.032837,14.865326,14.865326,15.032837,14.902580,14.939812,14.977043,14.921196,15.200020,15.162895,14.939812,15.125755,14.958420,14.883965,14.958420,15.144333,15.144333,14.995636,15.218575,14.921196,15.237137,15.366905,15.274223,14.977043,15.255684,15.181458,15.292770,15.125755,15.237137,15.274223,15.200020,15.200020,15.218575,15.237137,
15.422462,15.533455,15.440964,15.255684,15.514977,15.699715,15.403938,15.551949,15.459480,15.292770,15.144333,15.218575,15.051422,15.292770,15.422462,15.274223,15.274223,15.403938,15.773499,15.791931,16.343254,16.635872,17.236252,17.381157,17.994278,18.388626,18.352852,18.745483,19.277893,19.419281,19.718910,19.859520,19.982353,20.332268,20.314804,20.419502,20.384621,20.715385,20.576286,20.489220,20.297348,20.454369,20.663254,20.767487,20.454369,20.332268,20.349724,20.402061,20.419502,20.698021,20.402061,20.558884,20.367180,20.698021,20.888908,20.802200,20.802200,20.819542,20.715385,20.819542,20.767487,20.923576,20.802200,20.802200,20.750122,20.836899,20.767487,20.871582,20.750122,20.871582,20.906242,20.767487,21.113914,20.871582,20.940895,21.183029,21.044754,21.303802,21.113914,21.286568,21.338272,21.131203,21.458817,21.183029,21.183029,21.458817,21.338272,21.355507,21.286568,21.165756,21.131203,21.062057,21.338272,21.493217,21.303802,21.217552,21.596336,21.458817,21.527603,21.750755,21.441612,21.887764,21.750755,21.699318,21.870644,21.613518,21.596336,21.990349,21.836411,21.785027,21.870644,21.956161,21.767891,22.109856,22.058662,22.126915,22.075729,22.092789,21.990349,21.750755,21.836411,21.990349,21.921967,22.041588,22.058662,22.126915,22.058662,21.973259,21.956161,22.041588,21.956161,22.075729,22.109856,22.058662,22.075729,22.161018,22.178062,22.092789,22.058662,21.802162,21.973259,21.973259,21.802162,21.853539,21.785027,21.647850,21.853539,21.750755,21.819290,21.887764,21.819290,21.733620,21.767891,21.853539,21.853539,21.785027,21.887764,22.024513,21.956161,22.041588,22.178062,22.416298,22.024513,22.229179,22.109856,22.263237,21.990349,22.109856,22.195107,22.041588,22.058662,22.161018,22.178062,22.212143,22.348305,22.246208,22.297272,22.178062,22.161018,22.314293,22.280251,22.331291,22.161018,22.467247,22.126915,22.365303,22.195107,22.143959,22.178062,22.041588,22.126915,22.246208,22.024513,22.007431,22.161018,22.143959,21.956161,22.058662,22.007431,22.092789,21.921967,21.836411,21.802162,21.767891,21.544792,21.613518,21.647850,21.716469,21.750755,21.510414,21.579163,21.613518,21.647850,21.682167,21.819290,21.853539,21.785027,21.819290,21.767891,21.699318,21.939064,21.819290,21.956161,21.990349,21.904861,21.904861,22.041588,22.161018,22.092789,21.956161,22.075729,22.075729,21.904861,21.990349,22.075729,22.126915,21.921967,22.109856,22.041588,22.195107,22.212143,21.973259,21.870644,22.024513,21.870644,21.956161,22.024513,21.939064,21.956161,21.990349,22.007431,22.041588,21.870644,21.802162,22.007431,21.750755,21.716469,21.733620,21.682167,21.802162,21.665016,21.750755,21.579163,21.579163,21.355507,21.338272,21.424393,21.286568,21.234810,21.269310,21.321045,21.252068,21.286568,21.183029,21.165756,21.113914,21.062057,21.113914,21.079346,21.062057,21.372734,20.940895,20.906242,20.854233,20.906242,20.871582,20.871582,20.888908,20.732758,20.698021,20.593697,20.454369,20.454369,20.558884,20.628487,20.541473,20.593697,20.367180,20.436943,20.367180,20.279877,20.402061,20.244934,20.349724,20.157509,20.192490,19.912178,19.877083,19.806816,19.824394,19.454590,19.507530,19.525154,19.630898,19.666115,19.542793,19.489883,19.666115,19.578049,19.525154,19.595665,19.595665,19.683716,19.718910,19.472237,19.754082,19.578049,19.383957,19.436943,19.260208,19.295586,19.419281,19.330948,19.348618,19.260208,19.242508,18.994377,19.065346,18.798889,18.709869,18.406502,18.191681,17.832420,17.814415,17.363060,17.254379,16.836464,16.526253,16.086403,15.810371,15.588913,15.533455,15.107178,15.255684,15.200020,15.125755,15.200020,15.051422,15.144333,15.181458,15.311302,15.181458,15.385422,15.274223,15.292770,15.366905,15.385422,15.588913,15.403938,15.440964,15.274223,15.237137,15.237137,15.366905,15.237137,15.237137,15.255684,15.348373,15.255684,15.255684,15.255684,15.107178,15.292770,15.200020,15.070015,15.311302,15.237137,15.125755,15.014244,14.958420,15.107178,15.144333,15.237137,14.865326,15.032837,14.977043,15.125755,15.125755,14.977043,15.070015,15.162895,15.125755,15.014244,15.181458,15.088600,15.200020,15.051422,15.125755,15.125755,15.070015,14.995636,15.014244,14.977043,14.809425,14.958420,14.958420,14.921196,14.921196,14.902580,14.958420,14.939812,15.051422,15.014244,14.902580,14.902580,15.014244,14.995636,14.828064,14.883965,14.921196,15.032837,14.958420,15.088600,14.902580,14.902580,14.828064,14.828064,14.865326,14.809425,14.828064,14.902580,14.995636,14.995636,14.865326,14.902580,14.921196,14.995636,14.865326,14.772133,14.883965,14.995636,14.995636,15.181458,14.902580,15.014244,14.921196,14.809425,14.958420,14.883965,15.181458,14.846703,15.032837,14.753487,15.107178,14.939812,15.032837,14.828064,15.051422,14.921196,14.865326,15.014244,14.977043,14.902580,15.051422,15.070015,14.977043,15.107178,15.125755,15.088600,15.032837,15.107178,14.939812,15.274223,15.218575,14.995636,15.144333,14.902580,14.995636,15.125755,15.051422,15.162895,15.088600,15.144333,15.070015,15.051422,15.032837,14.902580,14.734833,14.697517,14.660179,14.716171,14.604141,14.566772,14.697517,14.566772,14.939812,14.772133,14.790794,14.921196,14.883965,15.070015,15.348373,15.181458,15.088600,15.162895,15.292770,15.570435,15.292770,15.274223,15.311302,15.144333,15.144333,14.995636,15.107178,14.660179,14.939812,14.995636,14.958420,14.939812,14.995636,14.809425,14.828064,14.995636,14.921196,14.939812,15.366905,15.014244,15.125755,15.237137,15.107178,15.200020,15.218575,14.958420,15.200020,14.939812,15.088600,15.032837,15.088600,14.865326,15.051422,15.274223,14.902580,14.995636,15.070015,14.977043,14.641502,14.865326,15.051422,14.958420,14.995636,14.921196,14.846703,15.162895,14.902580,14.883965,14.828064,14.958420,14.939812,14.939812,15.088600,15.032837,15.125755,15.014244,14.977043,14.958420,15.032837,14.977043,14.883965,14.883965,14.734833,14.902580,14.977043,14.902580,14.846703,14.883965,14.921196,15.014244,15.014244,14.716171,15.051422,15.162895,14.846703,14.921196,14.921196,15.032837,14.902580,15.107178,14.604141,14.995636,15.032837,14.697517,15.181458,15.255684,15.051422,15.051422,14.958420,14.828064,15.014244,14.958420,14.939812,14.865326,14.697517,14.995636,15.014244,15.200020,15.107178,15.088600,15.088600,15.051422,15.144333,14.995636,15.014244,15.144333,15.014244,15.070015,15.348373,15.088600,15.237137,15.237137,15.088600,15.014244,14.921196,15.292770,15.088600,15.274223,15.181458,15.348373,15.348373,15.292770,15.237137,
15.440964,15.588913,15.607391,15.385422,15.496475,15.255684,15.588913,15.348373,15.311302,15.181458,15.311302,15.329842,15.274223,15.422462,15.292770,15.181458,15.403938,15.422462,15.514977,15.755058,16.196571,16.672379,17.109245,17.489685,18.030205,18.012245,18.388626,18.994377,19.047615,19.489883,19.754082,20.069977,20.069977,20.087494,20.384621,20.645866,20.489220,20.419502,20.541473,20.489220,20.628487,20.663254,20.506645,20.419502,20.558884,20.524055,20.558884,20.384621,20.402061,20.227455,20.611084,20.611084,20.663254,20.802200,20.645866,20.732758,20.836899,20.732758,20.819542,20.663254,20.784843,20.819542,20.819542,20.871582,20.628487,20.940895,20.888908,20.767487,20.888908,20.836899,20.750122,20.923576,20.854233,20.906242,21.044754,21.027458,21.217552,21.096642,21.407181,21.165756,21.458817,21.441612,21.234810,21.372734,21.321045,21.355507,21.269310,21.131203,21.269310,21.321045,21.338272,21.217552,21.217552,21.321045,21.303802,21.321045,21.493217,21.424393,21.579163,21.596336,21.596336,21.630684,21.544792,21.544792,21.596336,21.665016,21.665016,21.665016,21.750755,21.750755,21.561981,21.904861,21.733620,21.836411,21.853539,21.904861,22.041588,21.785027,21.853539,21.853539,21.990349,22.058662,21.956161,21.921967,21.939064,21.990349,21.853539,22.024513,21.939064,21.921967,21.767891,22.024513,22.007431,21.904861,21.973259,21.819290,21.973259,21.956161,21.870644,21.699318,21.802162,21.921967,21.699318,21.853539,21.853539,21.561981,21.733620,21.767891,21.750755,21.853539,21.716469,21.613518,21.904861,21.819290,21.870644,21.870644,22.041588,21.956161,21.973259,22.161018,22.058662,22.280251,22.161018,22.212143,22.161018,22.297272,22.092789,22.178062,22.263237,22.229179,22.229179,22.212143,22.178062,22.484222,22.348305,22.229179,22.314293,22.450264,22.399300,22.280251,22.382309,22.348305,22.246208,22.263237,22.314293,22.143959,22.263237,22.314293,22.075729,22.195107,22.195107,22.246208,22.126915,22.280251,22.143959,22.229179,22.143959,22.058662,22.041588,22.058662,21.802162,21.887764,21.682167,21.733620,21.767891,21.699318,21.716469,21.630684,21.647850,21.682167,21.699318,21.579163,21.630684,21.596336,21.441612,21.750755,21.510414,21.716469,21.802162,21.870644,22.126915,21.990349,21.750755,21.921967,21.973259,21.870644,21.870644,21.853539,21.904861,21.990349,21.921967,21.921967,21.921967,21.921967,22.143959,21.887764,21.887764,22.092789,22.058662,22.075729,21.973259,22.007431,22.024513,21.887764,21.956161,21.870644,21.921967,21.819290,21.853539,22.075729,21.870644,21.887764,21.579163,21.819290,21.682167,21.921967,21.699318,21.596336,21.785027,21.802162,21.682167,21.561981,21.493217,21.493217,21.338272,21.303802,21.355507,21.183029,21.269310,21.200287,20.992851,21.027458,21.079346,21.131203,21.165756,21.217552,21.010155,21.234810,21.096642,20.992851,21.183029,21.113914,20.923576,20.871582,20.871582,20.750122,20.802200,20.698021,20.663254,20.750122,20.750122,20.645866,20.593697,20.471802,20.645866,20.541473,20.541473,20.558884,20.367180,20.297348,20.384621,20.367180,20.332268,20.192490,20.140007,19.894638,19.894638,19.947273,19.754082,19.754082,19.666115,19.348618,19.436943,19.630898,19.560417,19.630898,19.595665,19.578049,19.630898,19.525154,19.560417,19.613289,19.383957,19.630898,19.595665,19.578049,19.260208,19.613289,19.489883,19.330948,19.153984,19.313263,19.330948,19.136261,19.383957,19.189407,19.171692,18.870033,18.923340,18.781090,18.709869,18.263351,17.958336,17.760384,17.417351,17.181839,16.781799,16.489677,16.141510,15.736610,15.477974,15.329842,15.014244,15.181458,14.995636,15.014244,15.070015,15.125755,15.218575,15.200020,15.144333,15.200020,15.255684,15.477974,15.329842,15.274223,15.255684,15.329842,15.292770,15.403938,15.274223,15.292770,15.329842,15.440964,15.385422,15.162895,15.237137,15.200020,15.311302,15.144333,15.218575,15.292770,15.200020,15.255684,15.348373,15.107178,15.162895,15.255684,15.274223,15.107178,15.070015,15.200020,15.070015,15.088600,15.014244,15.125755,15.107178,15.125755,15.014244,15.181458,15.051422,15.125755,15.070015,15.107178,14.939812,14.865326,15.051422,15.107178,15.181458,15.088600,15.088600,15.088600,14.995636,14.865326,14.977043,15.088600,14.939812,14.790794,14.809425,15.107178,15.088600,15.051422,14.865326,14.921196,14.902580,14.958420,15.070015,14.921196,14.939812,14.977043,14.865326,14.846703,15.051422,14.883965,14.828064,14.921196,14.902580,14.921196,14.846703,14.846703,14.846703,14.883965,14.958420,14.939812,14.958420,14.939812,14.995636,15.088600,14.977043,15.032837,14.958420,15.181458,14.883965,15.144333,14.977043,14.958420,14.883965,14.977043,14.958420,14.939812,14.828064,15.051422,14.958420,14.995636,14.977043,15.014244,14.958420,15.125755,14.902580,15.200020,14.846703,15.032837,14.995636,15.088600,15.144333,15.107178,14.958420,15.218575,15.125755,15.144333,15.218575,15.200020,15.032837,15.032837,15.051422,15.348373,15.181458,15.311302,14.995636,15.070015,15.181458,15.051422,15.144333,15.144333,15.107178,15.070015,14.865326,14.939812,14.772133,14.697517,14.678848,14.697517,14.585457,14.790794,14.828064,14.510681,14.604141,14.734833,14.939812,15.088600,15.014244,15.292770,15.107178,15.292770,15.162895,15.144333,15.274223,15.274223,15.292770,15.125755,15.088600,14.921196,15.032837,15.032837,14.678848,14.883965,14.809425,14.809425,14.902580,14.865326,14.846703,14.846703,14.809425,15.014244,15.107178,15.181458,15.255684,15.107178,15.014244,15.274223,14.846703,15.088600,14.958420,15.051422,14.828064,14.846703,14.958420,15.162895,15.107178,15.237137,15.107178,15.051422,14.902580,14.958420,15.032837,14.977043,14.790794,15.181458,15.162895,14.772133,15.014244,15.032837,14.809425,15.107178,14.846703,14.977043,15.200020,14.846703,14.697517,14.921196,14.977043,14.958420,14.790794,14.958420,15.032837,14.995636,14.958420,15.144333,14.846703,15.070015,14.977043,15.051422,14.977043,14.921196,14.865326,14.995636,14.977043,14.921196,15.311302,14.883965,14.921196,15.051422,14.828064,14.883965,14.939812,14.921196,15.070015,15.070015,15.144333,15.255684,14.921196,14.939812,14.921196,14.716171,14.846703,14.902580,14.865326,14.977043,14.939812,15.162895,15.032837,15.014244,14.939812,15.125755,14.977043,14.995636,15.070015,15.032837,14.883965,14.995636,15.125755,14.921196,14.902580,15.107178,14.977043,15.107178,15.088600,15.032837,15.218575,14.995636,15.181458,15.107178,15.218575,15.348373,15.107178,14.939812,15.125755,15.218575,15.125755,15.274223,
15.699715,15.385422,15.329842,15.533455,15.533455,15.366905,15.533455,15.459480,15.311302,15.348373,15.292770,15.181458,15.125755,15.274223,15.237137,15.218575,15.496475,15.440964,15.644325,15.976097,16.141510,16.781799,16.945679,17.489685,17.580009,18.191681,18.352852,18.656418,19.029869,19.489883,19.789246,19.824394,20.017418,20.174995,20.297348,20.436943,20.576286,20.436943,20.471802,20.402061,20.436943,20.593697,20.558884,20.611084,20.524055,20.524055,20.419502,20.471802,20.332268,20.471802,20.506645,20.454369,20.541473,20.367180,20.732758,20.628487,20.802200,20.923576,20.750122,20.767487,20.628487,20.698021,20.802200,20.698021,20.645866,20.698021,20.593697,20.906242,20.732758,20.854233,20.698021,20.888908,20.888908,21.148476,21.079346,21.096642,21.062057,21.234810,21.234810,21.269310,21.113914,21.183029,21.044754,21.338272,21.355507,21.303802,21.372734,21.165756,20.975533,21.200287,21.148476,21.252068,21.252068,21.372734,21.355507,21.200287,21.372734,21.321045,21.303802,21.389961,21.407181,21.544792,21.493217,21.441612,21.441612,21.630684,21.510414,21.665016,21.441612,21.510414,21.733620,21.750755,21.665016,21.870644,21.956161,21.904861,21.733620,21.870644,21.716469,22.041588,21.973259,21.785027,21.956161,21.887764,21.904861,21.853539,21.785027,21.921967,21.853539,21.853539,21.802162,21.956161,21.904861,21.785027,21.836411,21.785027,21.939064,21.802162,21.802162,21.716469,21.682167,21.785027,21.613518,21.561981,21.716469,21.630684,21.785027,21.596336,21.596336,21.699318,21.579163,21.630684,21.544792,21.904861,21.785027,21.956161,22.092789,21.870644,22.075729,22.280251,22.041588,22.109856,22.058662,22.126915,22.212143,22.229179,22.229179,22.314293,22.092789,22.212143,22.297272,22.143959,22.331291,22.229179,22.382309,22.263237,22.143959,22.331291,22.314293,22.263237,22.280251,22.314293,22.382309,22.416298,22.331291,22.246208,22.331291,22.212143,22.246208,22.229179,22.212143,22.382309,22.195107,22.263237,22.109856,22.109856,22.161018,22.161018,22.041588,22.041588,21.853539,21.819290,21.836411,21.990349,21.647850,21.613518,21.527603,21.733620,21.613518,21.665016,21.613518,21.372734,21.527603,21.527603,21.579163,21.647850,21.699318,21.665016,21.613518,21.767891,21.870644,21.853539,21.819290,21.750755,21.956161,21.682167,21.836411,21.819290,21.853539,21.973259,21.819290,21.819290,21.921967,22.024513,21.836411,22.041588,21.785027,21.853539,21.836411,22.058662,21.887764,22.007431,21.785027,21.785027,21.887764,21.853539,21.596336,21.887764,21.887764,21.785027,21.613518,21.682167,21.682167,21.647850,21.750755,21.750755,21.544792,21.527603,21.579163,21.527603,21.561981,21.458817,21.493217,21.527603,21.286568,21.113914,21.321045,21.200287,21.010155,21.183029,21.234810,21.148476,21.079346,21.321045,21.131203,21.131203,21.165756,21.165756,21.286568,20.923576,20.975533,21.027458,20.923576,20.802200,20.784843,20.784843,20.767487,20.767487,20.732758,20.593697,20.576286,20.471802,20.471802,20.524055,20.541473,20.332268,20.384621,20.489220,20.332268,20.454369,20.384621,20.262413,20.192490,20.209976,20.122513,20.140007,19.841957,19.929733,19.929733,19.771667,19.701309,19.560417,19.595665,19.578049,19.525154,19.489883,19.560417,19.542793,19.683716,19.560417,19.683716,19.542793,19.630898,19.613289,19.489883,19.542793,19.401619,19.472237,19.313263,19.436943,19.242508,19.242508,19.207108,19.383957,19.260208,19.171692,19.348618,19.065346,18.852249,18.976631,18.495850,18.388626,17.886406,17.850410,17.344955,17.199982,16.672379,16.581078,16.233269,15.810371,15.588913,15.348373,15.348373,15.200020,15.348373,15.070015,15.014244,15.088600,15.200020,14.958420,15.274223,15.107178,15.255684,15.292770,15.292770,15.162895,15.329842,15.274223,15.311302,15.366905,15.348373,15.292770,15.348373,15.422462,15.348373,15.403938,15.422462,15.311302,15.496475,15.366905,15.292770,15.144333,15.274223,15.385422,15.162895,15.088600,15.125755,15.255684,15.162895,15.237137,15.200020,15.181458,15.255684,14.995636,15.088600,15.107178,15.014244,15.162895,14.921196,15.051422,15.107178,15.144333,15.051422,15.125755,15.032837,15.181458,15.051422,15.070015,14.958420,15.032837,14.883965,14.958420,14.790794,15.070015,15.032837,15.070015,14.958420,14.846703,14.865326,15.088600,14.939812,15.051422,14.939812,14.977043,14.977043,14.958420,14.939812,14.865326,14.846703,15.088600,14.828064,14.921196,14.716171,14.828064,14.939812,14.921196,15.051422,14.772133,14.883965,14.809425,14.977043,14.772133,14.977043,14.828064,14.995636,15.051422,15.051422,14.939812,14.995636,14.958420,14.958420,14.995636,15.032837,15.032837,15.051422,14.995636,14.958420,15.070015,14.939812,14.883965,14.958420,14.865326,15.107178,14.921196,14.958420,15.032837,15.125755,14.921196,14.958420,15.144333,15.014244,14.958420,14.809425,15.237137,15.051422,15.125755,15.032837,15.181458,15.218575,15.218575,15.107178,15.144333,15.274223,15.107178,15.218575,15.311302,15.107178,15.237137,15.144333,15.088600,14.995636,15.162895,15.032837,15.144333,14.828064,14.902580,14.977043,14.697517,14.772133,14.828064,14.678848,14.641502,14.716171,14.529381,14.678848,14.604141,14.995636,14.865326,15.200020,14.995636,15.255684,15.311302,15.255684,15.274223,15.125755,15.255684,15.329842,15.329842,15.181458,15.162895,15.218575,14.995636,15.070015,14.995636,14.846703,14.883965,14.828064,14.921196,14.977043,14.790794,14.902580,15.032837,14.772133,14.828064,14.846703,15.255684,15.051422,15.144333,14.846703,15.181458,14.995636,15.014244,15.274223,14.995636,15.070015,14.977043,15.051422,14.939812,14.958420,15.125755,15.070015,14.977043,14.958420,15.144333,14.995636,14.865326,14.902580,15.032837,14.883965,15.218575,15.144333,14.902580,15.088600,14.995636,14.995636,14.809425,14.921196,14.995636,15.088600,14.902580,14.902580,15.014244,15.014244,14.865326,15.032837,14.921196,15.125755,14.902580,14.902580,14.921196,15.014244,15.070015,14.977043,14.977043,15.088600,14.958420,14.939812,14.921196,14.902580,15.070015,14.809425,14.939812,14.958420,15.051422,15.070015,15.274223,14.977043,14.939812,15.070015,15.237137,15.014244,15.181458,15.070015,14.772133,14.995636,15.051422,14.921196,15.070015,15.070015,14.902580,15.088600,15.107178,14.921196,15.014244,14.697517,14.995636,15.088600,14.902580,15.200020,15.107178,14.883965,15.051422,15.014244,15.144333,15.274223,14.921196,15.014244,14.977043,15.181458,15.107178,14.921196,15.088600,15.032837,15.440964,15.144333,15.292770,15.292770,15.274223,15.218575,15.311302,
15.403938,15.348373,15.274223,15.274223,15.403938,15.514977,15.200020,15.533455,15.607391,15.348373,15.292770,15.181458,15.181458,15.255684,15.348373,15.440964,15.348373,15.385422,15.514977,16.068031,16.269951,16.471397,16.800026,17.417351,17.796410,18.245445,18.460121,18.781090,19.313263,19.401619,19.718910,19.806816,19.982353,20.332268,20.419502,20.297348,20.489220,20.576286,20.506645,20.506645,20.332268,20.541473,20.402061,20.541473,20.593697,20.541473,20.506645,20.349724,20.244934,20.419502,20.384621,20.506645,20.367180,20.454369,20.506645,20.680634,20.698021,20.680634,20.680634,20.471802,20.576286,20.750122,20.784843,20.767487,20.645866,20.715385,20.819542,20.836899,20.819542,20.680634,20.802200,20.611084,20.767487,20.923576,21.027458,21.044754,21.062057,21.303802,21.062057,21.252068,21.027458,21.200287,21.286568,21.200287,21.321045,21.286568,21.044754,21.372734,21.183029,21.269310,21.131203,21.338272,21.200287,21.131203,21.252068,21.286568,21.269310,21.234810,21.200287,21.458817,21.596336,21.544792,21.372734,21.407181,21.613518,21.579163,21.407181,21.493217,21.527603,21.476021,21.544792,21.630684,21.699318,21.596336,21.785027,21.750755,21.733620,21.853539,21.733620,21.904861,21.750755,21.510414,21.733620,21.921967,21.904861,21.802162,21.613518,21.630684,21.647850,21.785027,21.630684,21.699318,21.802162,21.647850,21.887764,21.819290,21.733620,21.785027,21.665016,21.716469,21.647850,21.785027,21.682167,21.750755,21.750755,21.665016,21.665016,21.476021,21.596336,21.630684,21.682167,21.613518,21.716469,21.904861,21.870644,21.887764,22.092789,22.058662,21.785027,22.212143,22.399300,22.229179,22.229179,22.297272,22.263237,22.314293,22.263237,22.212143,22.365303,22.280251,22.399300,22.399300,22.348305,22.433289,22.297272,22.484222,22.297272,22.348305,22.365303,22.433289,22.331291,22.195107,22.314293,22.348305,22.246208,22.416298,22.263237,22.501198,22.246208,22.229179,22.246208,22.195107,22.178062,22.229179,22.246208,22.280251,22.314293,22.041588,22.041588,22.161018,22.195107,21.887764,21.887764,21.733620,21.853539,21.819290,21.682167,21.493217,21.630684,21.493217,21.630684,21.527603,21.527603,21.544792,21.613518,21.665016,21.389961,21.716469,21.630684,21.579163,21.579163,21.630684,21.630684,21.750755,21.699318,21.682167,21.527603,21.853539,21.785027,21.699318,21.870644,21.733620,21.665016,21.750755,21.956161,21.836411,21.716469,21.785027,21.716469,21.802162,21.819290,21.665016,21.699318,21.647850,21.630684,21.596336,21.750755,21.665016,21.716469,21.750755,21.596336,21.579163,21.733620,21.579163,21.699318,21.561981,21.493217,21.544792,21.493217,21.458817,21.733620,21.579163,21.493217,21.338272,21.321045,21.200287,21.096642,21.217552,20.975533,21.217552,20.975533,21.131203,21.183029,21.148476,21.079346,21.269310,21.079346,21.165756,21.165756,21.200287,20.940895,20.819542,20.767487,20.888908,20.819542,20.819542,20.836899,20.680634,20.750122,20.715385,20.663254,20.541473,20.489220,20.524055,20.524055,20.541473,20.593697,20.349724,20.419502,20.192490,20.419502,20.262413,20.244934,20.140007,20.140007,19.982353,19.947273,19.947273,19.718910,19.736496,19.824394,19.578049,19.578049,19.489883,19.542793,19.542793,19.454590,19.560417,19.560417,19.771667,19.542793,19.578049,19.701309,19.754082,19.489883,19.701309,19.472237,19.454590,19.630898,19.242508,19.383957,19.242508,19.242508,19.507530,19.207108,19.295586,19.171692,19.029869,19.100807,18.674240,18.424385,18.370735,17.976311,17.760384,17.561958,17.163704,16.818245,16.196571,16.141510,15.755058,15.644325,15.329842,15.459480,15.329842,15.088600,15.162895,14.939812,15.014244,15.200020,15.070015,15.292770,15.181458,15.181458,15.255684,15.459480,15.292770,15.292770,15.440964,15.311302,15.144333,15.403938,15.292770,15.162895,15.422462,15.348373,15.144333,15.255684,15.200020,15.162895,15.422462,15.255684,15.329842,15.348373,15.292770,15.144333,15.255684,15.107178,15.088600,15.088600,14.921196,15.051422,15.255684,15.292770,15.107178,15.181458,15.348373,15.125755,15.329842,14.865326,15.162895,15.125755,15.088600,14.883965,14.958420,15.032837,15.144333,14.921196,15.107178,14.846703,15.181458,14.734833,14.921196,14.958420,14.939812,14.902580,15.032837,14.995636,15.125755,14.939812,14.977043,15.107178,14.958420,15.088600,14.977043,14.921196,15.088600,14.865326,14.958420,15.088600,14.977043,14.753487,15.088600,14.604141,14.921196,14.790794,14.865326,14.753487,14.977043,14.939812,14.865326,14.809425,14.995636,14.790794,14.846703,14.883965,14.902580,14.958420,14.883965,15.088600,15.088600,14.939812,15.070015,15.070015,14.995636,15.125755,15.014244,14.958420,14.995636,14.995636,14.939812,15.070015,15.070015,15.125755,14.902580,15.088600,15.144333,14.958420,14.958420,15.162895,15.032837,15.200020,15.181458,15.125755,15.274223,14.977043,15.070015,15.032837,14.883965,15.200020,15.088600,15.162895,15.181458,15.181458,15.181458,15.181458,15.107178,15.329842,15.070015,15.125755,15.255684,15.107178,15.125755,14.995636,15.014244,14.921196,14.977043,14.865326,14.865326,14.790794,14.958420,14.734833,14.772133,14.435844,14.753487,14.604141,14.566772,14.734833,14.660179,14.958420,15.032837,15.162895,15.403938,15.200020,15.162895,15.274223,15.311302,15.144333,15.032837,15.144333,15.348373,15.051422,15.144333,15.162895,14.939812,14.939812,14.828064,14.939812,15.144333,14.958420,14.865326,14.716171,15.014244,14.828064,15.200020,15.125755,15.051422,15.070015,15.144333,14.958420,15.107178,15.088600,14.902580,14.995636,15.107178,15.032837,15.144333,14.883965,15.014244,14.883965,15.107178,14.921196,14.958420,15.125755,14.995636,14.939812,15.162895,14.846703,15.014244,14.977043,14.865326,15.107178,14.772133,14.865326,14.977043,14.604141,14.809425,15.107178,14.921196,15.032837,14.995636,14.977043,14.939812,14.977043,15.032837,14.921196,14.921196,15.051422,15.014244,15.051422,14.902580,15.014244,14.828064,14.921196,15.014244,14.902580,15.070015,14.883965,14.828064,14.958420,14.828064,14.883965,15.032837,14.790794,15.200020,14.995636,14.939812,14.977043,15.014244,14.958420,15.051422,15.237137,15.200020,15.200020,14.958420,15.144333,15.125755,15.125755,15.014244,14.958420,14.995636,15.032837,14.958420,14.977043,15.070015,15.107178,14.958420,15.032837,15.107178,14.734833,15.070015,14.939812,15.200020,14.753487,15.181458,15.329842,15.255684,14.958420,15.125755,15.051422,15.348373,15.237137,15.070015,15.051422,15.329842,14.995636,15.385422,15.255684,15.292770,14.995636,15.440964,
15.607391,15.348373,15.385422,15.292770,15.459480,15.588913,15.681252,15.329842,15.237137,15.403938,15.218575,15.385422,15.088600,15.311302,15.237137,15.292770,15.477974,15.477974,15.755058,15.810371,16.086403,16.526253,16.818245,17.363060,17.525826,18.084076,18.406502,18.692055,19.189407,19.401619,19.841957,19.947273,20.034943,20.279877,20.052460,20.402061,20.367180,20.506645,20.628487,20.471802,20.297348,20.593697,20.436943,20.524055,20.541473,20.332268,20.558884,20.262413,20.332268,20.209976,20.262413,20.576286,20.436943,20.454369,20.558884,20.471802,20.680634,20.698021,20.419502,20.784843,20.593697,20.680634,20.611084,21.062057,20.593697,20.663254,20.663254,20.611084,20.576286,20.767487,20.836899,20.750122,20.715385,20.923576,20.906242,20.940895,21.027458,21.113914,21.079346,21.165756,21.303802,21.148476,21.044754,21.183029,21.234810,21.234810,21.165756,21.165756,21.079346,21.286568,21.113914,21.252068,21.303802,21.234810,21.286568,21.303802,21.200287,21.252068,21.217552,21.424393,21.286568,21.338272,21.389961,21.338272,21.183029,21.665016,21.510414,21.389961,21.458817,21.579163,21.544792,21.338272,21.561981,21.819290,21.682167,21.613518,21.682167,21.647850,21.767891,21.870644,21.630684,21.682167,21.699318,21.785027,21.699318,21.733620,21.647850,21.836411,21.665016,21.785027,21.665016,21.750755,21.716469,21.836411,21.785027,21.887764,21.682167,21.785027,21.802162,21.613518,21.682167,21.596336,21.733620,21.699318,21.510414,21.544792,21.527603,21.682167,21.544792,21.630684,21.733620,21.733620,21.682167,22.024513,21.853539,22.024513,21.990349,22.075729,22.161018,22.024513,22.161018,22.178062,22.126915,22.399300,22.450264,22.331291,22.433289,22.348305,22.263237,22.280251,22.365303,22.297272,22.399300,22.399300,22.467247,22.382309,22.382309,22.416298,22.399300,22.501198,22.433289,22.416298,22.399300,22.518166,22.518166,22.314293,22.399300,22.467247,22.297272,22.246208,22.467247,22.297272,22.246208,22.484222,22.263237,22.314293,22.109856,22.092789,22.195107,21.870644,21.904861,21.921967,21.921967,21.802162,21.716469,21.750755,21.630684,21.647850,21.252068,21.596336,21.630684,21.613518,21.493217,21.510414,21.699318,21.407181,21.579163,21.716469,21.579163,21.544792,21.510414,21.682167,21.665016,21.579163,21.630684,21.785027,21.733620,21.802162,21.733620,21.665016,21.716469,21.699318,21.510414,21.716469,21.647850,21.596336,21.853539,21.372734,21.682167,21.750755,21.647850,21.699318,21.750755,21.682167,21.699318,21.476021,21.665016,21.750755,21.630684,21.424393,21.613518,21.630684,21.596336,21.389961,21.647850,21.303802,21.355507,21.647850,21.458817,21.389961,21.561981,21.355507,21.424393,21.217552,21.407181,21.217552,21.148476,20.992851,21.062057,20.975533,21.044754,21.010155,21.062057,21.096642,21.027458,21.096642,20.940895,21.079346,21.027458,21.079346,20.940895,21.027458,20.958221,20.923576,20.767487,20.854233,20.663254,20.663254,20.836899,20.663254,20.558884,20.524055,20.715385,20.576286,20.593697,20.419502,20.402061,20.402061,20.471802,20.541473,20.279877,20.192490,20.227455,20.157509,19.859520,19.947273,19.999893,19.912178,19.754082,19.525154,19.789246,19.701309,19.560417,19.701309,19.578049,19.613289,19.560417,19.648506,19.701309,19.613289,19.525154,19.595665,19.472237,19.560417,19.436943,19.313263,19.401619,19.507530,19.313263,19.401619,19.189407,19.189407,19.366287,19.401619,19.224815,19.242508,19.153984,19.012123,18.941109,18.887802,18.424385,18.334953,18.209602,17.724342,17.489685,17.000237,16.909286,16.434807,16.123146,15.828796,15.588913,15.514977,15.181458,15.200020,15.200020,14.977043,14.939812,14.995636,15.107178,15.200020,15.051422,15.237137,15.366905,15.200020,15.366905,15.200020,15.311302,15.459480,15.588913,15.366905,15.588913,15.255684,15.385422,15.051422,15.385422,15.329842,15.237137,15.107178,15.348373,15.311302,15.422462,15.292770,15.125755,15.477974,15.181458,15.311302,15.274223,15.237137,15.255684,15.070015,14.995636,15.181458,15.237137,15.255684,15.218575,15.162895,15.162895,15.162895,15.181458,15.125755,15.070015,15.088600,15.051422,15.274223,15.051422,14.865326,15.014244,15.032837,15.051422,15.181458,15.144333,15.162895,14.939812,14.939812,14.958420,15.014244,14.865326,15.070015,14.902580,14.921196,14.772133,15.032837,14.939812,14.939812,15.070015,15.014244,14.958420,14.977043,14.958420,14.902580,14.939812,15.051422,14.939812,15.032837,14.883965,15.088600,14.828064,14.846703,14.809425,15.014244,14.865326,14.790794,14.790794,14.902580,14.995636,14.902580,15.051422,14.883965,14.883965,14.828064,14.772133,14.958420,14.846703,14.939812,15.088600,14.828064,14.995636,15.032837,15.014244,15.181458,14.958420,15.051422,15.051422,15.051422,15.107178,15.125755,15.032837,15.162895,15.107178,15.032837,14.921196,14.977043,15.181458,15.144333,15.181458,15.125755,15.218575,15.162895,15.070015,15.070015,15.014244,15.051422,15.088600,15.162895,15.218575,15.144333,15.162895,15.070015,15.181458,15.218575,15.218575,15.162895,15.144333,15.107178,14.977043,15.051422,15.032837,14.772133,14.753487,14.753487,14.641502,14.529381,14.660179,14.473274,14.753487,14.566772,14.809425,14.958420,14.883965,15.274223,15.107178,15.162895,15.181458,15.255684,15.329842,15.422462,15.237137,15.366905,15.162895,15.125755,15.348373,15.162895,15.162895,15.107178,14.977043,14.883965,14.921196,14.939812,14.977043,14.846703,14.734833,14.753487,14.977043,14.995636,14.902580,14.977043,14.939812,15.162895,15.032837,15.032837,14.995636,15.162895,15.032837,14.939812,15.051422,14.865326,15.088600,15.032837,15.032837,14.995636,15.070015,14.995636,14.995636,14.977043,15.032837,14.883965,15.088600,15.144333,15.014244,15.125755,14.977043,15.107178,14.902580,14.883965,14.939812,14.772133,14.939812,14.902580,14.809425,14.958420,15.088600,14.716171,14.995636,15.125755,15.088600,14.939812,15.014244,14.883965,15.014244,14.902580,14.902580,14.977043,15.070015,14.809425,14.790794,14.939812,15.032837,15.070015,14.921196,14.977043,14.939812,14.995636,15.144333,15.088600,14.790794,14.921196,14.883965,14.902580,15.070015,14.921196,15.144333,15.032837,14.902580,14.958420,14.753487,15.051422,15.032837,15.014244,15.051422,14.883965,15.032837,15.088600,15.032837,14.958420,14.939812,15.070015,14.921196,15.144333,15.107178,14.939812,14.883965,15.070015,15.070015,14.902580,15.014244,15.032837,15.107178,15.088600,15.162895,15.107178,15.144333,15.032837,15.162895,15.218575,15.292770,15.162895,15.051422,15.366905,15.125755,15.440964,
15.736610,15.514977,15.385422,15.570435,15.681252,15.551949,15.422462,15.292770,15.588913,15.403938,15.162895,15.366905,14.977043,15.274223,15.032837,15.292770,15.366905,15.570435,15.607391,15.699715,16.178230,16.269951,16.854668,17.236252,17.489685,17.994278,18.352852,18.887802,19.260208,19.118538,19.806816,19.894638,20.087494,20.192490,20.349724,20.262413,20.332268,20.471802,20.489220,20.436943,20.489220,20.576286,20.541473,20.419502,20.227455,20.192490,20.384621,20.314804,20.262413,20.227455,20.140007,20.349724,20.279877,20.244934,20.332268,20.436943,20.506645,20.436943,20.576286,20.698021,20.715385,20.645866,20.367180,20.454369,20.611084,20.663254,20.854233,20.698021,20.628487,20.645866,20.558884,20.541473,20.680634,20.767487,20.836899,20.871582,21.131203,20.975533,21.010155,21.148476,21.200287,21.217552,21.096642,21.252068,21.096642,20.992851,21.200287,21.096642,20.888908,21.165756,21.079346,21.183029,21.079346,21.113914,21.027458,21.200287,21.113914,21.372734,21.131203,21.303802,21.303802,21.407181,21.407181,21.165756,21.286568,21.338272,21.389961,21.372734,21.303802,21.234810,21.424393,21.355507,21.630684,21.613518,21.647850,21.561981,21.441612,21.682167,21.699318,21.750755,21.682167,21.716469,21.596336,21.716469,21.544792,21.647850,21.493217,21.665016,21.527603,21.596336,21.579163,21.716469,21.527603,21.802162,21.579163,21.596336,21.561981,21.527603,21.647850,21.596336,21.682167,21.630684,21.613518,21.476021,21.613518,21.544792,21.579163,21.338272,21.544792,21.544792,21.716469,21.802162,21.665016,21.716469,21.887764,21.921967,21.904861,22.161018,22.178062,22.143959,22.126915,22.195107,22.450264,22.263237,22.399300,22.399300,22.348305,22.501198,22.433289,22.382309,22.433289,22.382309,22.518166,22.348305,22.314293,22.484222,22.450264,22.382309,22.331291,22.450264,22.399300,22.433289,22.433289,22.365303,22.450264,22.586006,22.331291,22.484222,22.348305,22.569054,22.433289,22.365303,22.399300,22.467247,22.297272,22.314293,22.365303,22.143959,22.416298,22.024513,22.075729,22.058662,22.024513,21.802162,21.665016,21.785027,21.647850,21.544792,21.527603,21.682167,21.510414,21.527603,21.596336,21.544792,21.372734,21.407181,21.596336,21.630684,21.527603,21.544792,21.561981,21.424393,21.493217,21.424393,21.424393,21.699318,21.476021,21.682167,21.733620,21.510414,21.544792,21.441612,21.665016,21.630684,21.630684,21.665016,21.647850,21.596336,21.510414,21.613518,21.493217,21.596336,21.579163,21.647850,21.544792,21.338272,21.355507,21.458817,21.544792,21.699318,21.613518,21.579163,21.493217,21.476021,21.510414,21.407181,21.389961,21.372734,21.252068,21.234810,21.424393,21.338272,21.321045,21.389961,21.200287,20.906242,20.975533,20.975533,21.096642,21.010155,20.992851,21.027458,21.079346,21.165756,21.165756,21.044754,20.906242,21.131203,21.027458,21.131203,20.906242,21.010155,21.079346,20.802200,20.940895,20.836899,20.698021,20.698021,20.645866,20.750122,20.645866,20.576286,20.506645,20.576286,20.454369,20.367180,20.332268,20.524055,20.454369,20.227455,20.314804,20.279877,20.262413,20.192490,20.157509,19.947273,19.947273,19.824394,19.754082,19.771667,19.789246,19.595665,19.578049,19.330948,19.701309,19.383957,19.578049,19.578049,19.683716,19.401619,19.525154,19.648506,19.578049,19.718910,19.666115,19.489883,19.472237,19.348618,19.260208,19.366287,19.383957,19.242508,19.100807,19.047615,19.330948,19.189407,18.958870,19.083084,18.923340,18.923340,18.567253,18.173759,17.904396,17.886406,17.363060,17.199982,16.708862,16.361572,16.068031,16.104774,15.736610,15.496475,15.274223,15.292770,15.107178,15.107178,14.865326,15.051422,15.162895,15.051422,15.088600,15.200020,15.125755,15.311302,15.385422,15.422462,15.514977,15.274223,15.329842,15.292770,15.311302,15.440964,15.162895,15.255684,15.237137,15.292770,15.088600,15.366905,15.181458,15.144333,15.311302,15.181458,15.162895,15.218575,15.255684,15.255684,15.274223,15.051422,15.070015,15.162895,15.181458,15.292770,15.144333,15.181458,15.107178,15.107178,15.162895,15.070015,14.865326,15.107178,15.255684,15.070015,15.107178,15.162895,14.977043,14.995636,15.088600,14.846703,15.107178,14.958420,14.939812,14.883965,14.921196,14.828064,15.125755,14.790794,14.977043,14.995636,14.958420,14.939812,14.977043,14.883965,15.014244,14.790794,14.995636,14.865326,14.921196,14.809425,15.014244,15.051422,14.939812,14.883965,14.921196,15.051422,14.921196,14.772133,15.014244,14.939812,14.548080,14.939812,14.977043,14.828064,14.865326,14.958420,14.902580,15.051422,14.977043,15.070015,14.995636,14.902580,15.125755,14.921196,14.921196,15.107178,15.144333,15.014244,15.125755,15.032837,14.828064,15.070015,14.921196,14.902580,15.014244,15.274223,15.070015,14.995636,14.995636,14.883965,14.977043,15.181458,14.995636,15.144333,14.939812,15.088600,14.995636,14.995636,15.107178,15.255684,15.088600,15.329842,15.088600,15.181458,15.107178,15.088600,15.255684,15.107178,15.162895,14.995636,15.088600,15.125755,14.958420,15.125755,15.162895,15.032837,14.995636,14.977043,14.828064,14.809425,14.883965,14.772133,14.585457,14.734833,14.622826,14.585457,14.828064,14.660179,14.921196,14.753487,15.088600,15.088600,15.088600,15.440964,15.237137,15.274223,15.385422,15.125755,15.329842,15.200020,15.218575,15.200020,15.218575,15.311302,15.088600,15.070015,14.753487,14.902580,14.939812,14.865326,14.716171,14.753487,14.883965,15.014244,14.977043,14.846703,14.846703,15.107178,15.070015,15.088600,15.014244,15.144333,15.144333,15.125755,14.958420,14.995636,14.921196,15.051422,14.921196,15.070015,15.070015,15.032837,15.014244,15.051422,15.070015,15.162895,15.088600,15.051422,15.032837,15.107178,15.200020,15.107178,14.939812,14.790794,14.977043,14.921196,15.125755,14.902580,15.051422,14.865326,15.014244,14.865326,15.014244,15.144333,15.051422,14.958420,15.070015,14.977043,15.200020,14.995636,14.939812,14.790794,15.051422,15.051422,14.902580,14.995636,14.977043,15.255684,15.032837,14.977043,14.902580,15.070015,14.977043,15.032837,14.902580,14.995636,15.070015,14.939812,14.995636,14.995636,14.697517,15.032837,14.958420,14.958420,14.865326,14.902580,14.902580,14.939812,14.846703,15.014244,14.921196,14.828064,14.921196,15.144333,14.995636,14.939812,14.865326,14.958420,14.995636,15.088600,15.070015,15.162895,15.218575,15.162895,15.070015,14.958420,15.237137,15.107178,15.125755,15.051422,15.200020,15.070015,15.051422,15.329842,15.218575,15.255684,15.051422,15.311302,15.125755,15.088600,15.311302,15.514977,
15.810371,15.477974,15.625862,15.422462,15.440964,15.662788,15.459480,15.385422,15.366905,15.070015,15.440964,15.366905,15.385422,15.274223,15.255684,15.162895,15.385422,15.551949,15.736610,15.939293,16.233269,16.617607,16.909286,17.489685,17.868416,18.030205,18.388626,18.781090,19.047615,19.366287,19.789246,19.754082,20.034943,20.122513,20.017418,20.489220,20.611084,20.384621,20.384621,20.349724,20.332268,20.524055,20.367180,20.402061,20.384621,20.506645,20.244934,20.332268,20.419502,20.384621,20.262413,20.349724,20.436943,20.558884,20.297348,20.367180,20.471802,20.436943,20.541473,20.576286,20.663254,20.558884,20.593697,20.663254,20.836899,20.750122,20.593697,21.096642,20.593697,20.611084,20.663254,20.732758,20.715385,20.940895,20.958221,21.113914,21.131203,21.183029,21.200287,21.027458,21.165756,21.183029,21.062057,21.010155,21.165756,21.113914,21.079346,21.148476,21.113914,21.165756,21.044754,21.389961,21.303802,21.338272,21.148476,21.183029,21.200287,21.286568,21.493217,21.252068,21.234810,21.165756,21.131203,21.200287,21.234810,21.338272,21.217552,21.252068,21.252068,21.338272,21.338272,21.544792,21.493217,21.630684,21.630684,21.441612,21.596336,21.596336,21.750755,21.647850,21.630684,21.750755,21.579163,21.596336,21.596336,21.647850,21.544792,21.613518,21.579163,21.579163,21.527603,21.338272,21.476021,21.269310,21.389961,21.579163,21.510414,21.493217,21.596336,21.561981,21.527603,21.630684,21.630684,21.441612,21.476021,21.510414,21.407181,21.579163,21.441612,21.527603,21.733620,21.493217,21.665016,21.836411,21.647850,21.870644,22.075729,21.990349,22.126915,22.178062,22.126915,22.126915,22.297272,22.263237,22.280251,22.297272,22.109856,22.484222,22.399300,22.382309,22.518166,22.348305,22.365303,22.365303,22.518166,22.416298,22.416298,22.399300,22.382309,22.263237,22.467247,22.348305,22.365303,22.467247,22.467247,22.569054,22.348305,22.535133,22.467247,22.382309,22.450264,22.484222,22.450264,22.552086,22.399300,22.314293,22.178062,22.246208,22.212143,22.075729,22.007431,21.853539,22.007431,21.921967,21.647850,21.750755,21.665016,21.596336,21.647850,21.579163,21.510414,21.407181,21.493217,21.647850,21.527603,21.321045,21.458817,21.596336,21.441612,21.407181,21.458817,21.665016,21.579163,21.750755,21.441612,21.579163,21.561981,21.544792,21.561981,21.544792,21.596336,21.699318,21.544792,21.613518,21.630684,21.510414,21.476021,21.476021,21.424393,21.561981,21.355507,21.303802,21.476021,21.441612,21.372734,21.544792,21.424393,21.321045,21.372734,21.372734,21.252068,21.303802,21.389961,21.389961,21.458817,21.321045,21.407181,21.372734,21.407181,21.200287,21.321045,21.113914,21.355507,21.062057,21.183029,20.888908,21.079346,21.010155,20.940895,21.131203,21.148476,21.252068,20.992851,20.992851,21.044754,21.131203,21.096642,21.079346,20.923576,21.079346,21.027458,20.975533,20.958221,21.044754,21.062057,20.802200,20.732758,20.611084,20.593697,20.750122,20.854233,20.628487,20.576286,20.541473,20.454369,20.402061,20.402061,20.384621,20.262413,20.314804,20.209976,20.506645,20.105003,20.052460,20.122513,19.982353,19.789246,19.824394,19.718910,19.683716,19.859520,19.683716,19.542793,19.630898,19.630898,19.489883,19.542793,19.648506,19.560417,19.613289,19.595665,19.736496,19.630898,19.666115,19.472237,19.454590,19.701309,19.489883,19.313263,19.454590,19.472237,19.366287,19.189407,19.100807,19.153984,19.171692,19.295586,19.029869,18.905579,18.798889,18.495850,18.334953,17.850410,17.760384,17.417351,17.145554,16.781799,16.599342,16.233269,15.957695,15.514977,15.422462,15.329842,15.292770,15.181458,15.144333,14.846703,15.107178,15.014244,15.125755,15.032837,15.051422,15.070015,15.366905,15.422462,15.496475,15.181458,15.311302,15.237137,15.237137,15.181458,15.366905,15.311302,15.274223,15.255684,15.311302,15.200020,15.366905,15.255684,15.144333,15.162895,15.255684,15.329842,15.329842,15.200020,15.088600,15.070015,15.237137,15.125755,15.274223,15.292770,15.162895,15.200020,15.533455,15.125755,15.070015,15.274223,15.144333,15.107178,15.032837,15.125755,14.939812,15.032837,15.032837,15.088600,15.070015,14.977043,14.921196,14.921196,15.144333,15.014244,14.921196,15.070015,14.995636,14.846703,15.088600,15.032837,15.070015,15.014244,15.070015,14.939812,15.014244,14.883965,14.865326,14.883965,15.051422,15.088600,14.995636,14.790794,14.921196,14.939812,15.070015,14.772133,14.772133,14.921196,14.921196,14.734833,14.828064,14.828064,15.088600,14.939812,14.678848,14.995636,15.051422,14.921196,14.828064,14.828064,15.088600,15.014244,14.995636,14.995636,15.051422,15.032837,15.032837,14.977043,15.014244,15.014244,15.014244,14.865326,14.958420,15.032837,14.883965,15.107178,14.865326,15.051422,15.237137,14.977043,14.958420,14.753487,14.939812,14.995636,15.051422,14.939812,15.032837,15.237137,15.200020,15.032837,15.144333,15.125755,15.125755,15.162895,15.200020,15.032837,15.070015,15.274223,15.274223,15.237137,15.200020,15.125755,15.107178,15.088600,15.107178,15.366905,15.181458,14.828064,14.995636,14.697517,14.697517,14.716171,14.660179,14.529381,14.622826,14.454552,14.697517,14.790794,14.622826,14.772133,15.014244,15.032837,15.181458,15.218575,15.274223,15.218575,15.237137,15.274223,15.218575,15.274223,15.274223,15.385422,15.329842,14.977043,15.107178,15.051422,14.846703,14.921196,14.995636,14.753487,14.846703,14.902580,14.846703,14.790794,14.846703,14.809425,15.181458,14.939812,15.200020,15.014244,14.995636,14.734833,15.125755,14.958420,14.865326,15.125755,14.977043,15.014244,14.883965,14.958420,14.846703,15.125755,15.051422,15.125755,15.088600,14.921196,14.958420,15.218575,14.846703,14.902580,15.088600,14.995636,15.014244,15.014244,14.977043,15.014244,14.921196,15.014244,14.809425,14.995636,14.977043,15.144333,14.921196,15.125755,14.865326,14.958420,15.051422,14.846703,14.995636,14.902580,14.902580,14.902580,14.902580,15.088600,14.958420,14.977043,14.790794,14.977043,14.995636,14.939812,14.995636,14.846703,15.125755,15.051422,14.995636,15.051422,15.070015,14.995636,15.088600,15.070015,14.902580,15.070015,15.070015,15.107178,15.014244,14.958420,14.958420,14.977043,14.828064,14.939812,15.051422,14.883965,15.014244,14.939812,14.977043,14.753487,14.958420,15.051422,15.200020,15.032837,15.125755,14.772133,15.070015,15.125755,14.902580,14.921196,15.107178,14.902580,14.921196,15.218575,15.218575,15.144333,15.144333,14.958420,15.181458,15.162895,15.070015,15.070015,15.181458,15.162895,15.162895,15.440964,15.255684,
15.736610,15.533455,15.514977,15.588913,15.588913,15.570435,15.514977,15.533455,15.551949,15.329842,15.237137,15.329842,15.292770,15.348373,15.237137,15.255684,15.255684,15.274223,15.551949,15.847229,16.141510,16.288277,16.836464,17.363060,17.580009,17.994278,18.442253,18.585091,19.153984,19.419281,19.560417,19.877083,19.929733,20.140007,20.157509,20.297348,20.489220,20.209976,20.506645,20.209976,20.244934,20.489220,20.593697,20.506645,20.367180,20.506645,20.454369,20.314804,20.384621,20.384621,20.349724,20.332268,20.524055,20.419502,20.402061,20.402061,20.384621,20.645866,20.541473,20.367180,20.628487,20.784843,20.524055,20.715385,20.732758,20.750122,20.506645,20.784843,20.732758,20.750122,20.698021,20.767487,20.923576,20.854233,20.923576,21.096642,21.183029,20.819542,21.217552,20.958221,20.888908,21.148476,20.906242,20.992851,21.148476,21.303802,21.113914,21.355507,20.923576,21.113914,21.096642,21.165756,21.010155,21.131203,21.286568,21.148476,21.183029,21.200287,21.269310,21.252068,21.200287,21.355507,21.200287,21.596336,21.252068,21.269310,21.321045,21.389961,21.441612,21.458817,21.424393,21.372734,21.476021,21.733620,21.510414,21.647850,21.682167,21.630684,21.476021,21.665016,21.579163,21.630684,21.596336,21.767891,21.647850,21.579163,21.493217,21.544792,21.441612,21.441612,21.424393,21.836411,21.527603,21.493217,21.372734,21.716469,21.338272,21.579163,21.561981,21.355507,21.596336,21.561981,21.613518,21.458817,21.476021,21.630684,21.596336,21.476021,21.407181,21.544792,21.596336,21.682167,21.836411,21.870644,21.939064,22.007431,21.939064,22.007431,22.161018,22.126915,22.212143,22.399300,22.331291,22.416298,22.552086,22.535133,22.399300,22.518166,22.399300,22.399300,22.399300,22.365303,22.450264,22.484222,22.348305,22.399300,22.416298,22.399300,22.229179,22.416298,22.416298,22.314293,22.382309,22.518166,22.365303,22.501198,22.416298,22.246208,22.586006,22.433289,22.535133,22.416298,22.501198,22.433289,22.467247,22.348305,22.348305,22.297272,22.126915,22.195107,22.075729,22.041588,22.075729,21.990349,21.819290,21.836411,21.510414,21.544792,21.630684,21.476021,21.716469,21.527603,21.321045,21.613518,21.510414,21.493217,21.407181,21.407181,21.613518,21.372734,21.476021,21.407181,21.424393,21.355507,21.458817,21.389961,21.338272,21.476021,21.510414,21.389961,21.269310,21.372734,21.389961,21.458817,21.458817,21.510414,21.510414,21.647850,21.630684,21.286568,21.355507,21.561981,21.630684,21.355507,21.407181,21.183029,21.303802,21.372734,21.303802,21.165756,21.355507,21.303802,21.165756,21.321045,21.269310,21.441612,21.286568,21.234810,21.303802,21.079346,21.286568,21.131203,21.096642,21.062057,21.010155,21.027458,20.975533,20.958221,20.958221,20.992851,21.062057,21.148476,21.062057,20.958221,21.027458,21.113914,21.010155,20.992851,21.027458,21.165756,20.975533,21.079346,20.750122,20.958221,20.906242,20.767487,20.645866,20.680634,20.558884,20.680634,20.576286,20.611084,20.558884,20.227455,20.558884,20.541473,20.384621,20.436943,20.174995,20.367180,20.192490,20.314804,20.297348,20.279877,19.964821,20.052460,19.771667,19.894638,19.754082,19.613289,19.789246,19.718910,19.542793,19.648506,19.824394,19.578049,19.595665,19.718910,19.630898,19.736496,19.578049,19.454590,19.648506,19.718910,19.472237,19.436943,19.630898,19.419281,19.401619,19.189407,19.171692,19.348618,19.224815,19.366287,19.277893,19.136261,19.224815,19.012123,18.834473,18.745483,18.495850,18.334953,17.940361,17.742363,17.525826,17.109245,17.000237,16.562805,16.068031,15.865646,15.736610,15.477974,15.274223,15.348373,15.255684,15.014244,15.125755,15.144333,15.088600,15.107178,15.255684,15.385422,15.200020,15.292770,15.422462,15.255684,15.218575,15.311302,15.255684,15.162895,15.311302,15.292770,15.329842,15.125755,15.218575,15.237137,15.181458,15.237137,15.348373,15.162895,15.237137,15.237137,15.051422,15.329842,15.218575,15.329842,15.125755,15.070015,15.218575,15.200020,15.181458,15.292770,15.274223,15.051422,15.088600,15.144333,14.958420,14.921196,15.107178,15.088600,15.032837,15.070015,15.125755,15.107178,15.107178,15.144333,15.032837,15.107178,14.977043,14.977043,14.995636,14.846703,14.902580,15.014244,14.995636,15.014244,14.902580,14.977043,14.958420,14.939812,15.051422,14.958420,14.995636,14.753487,15.107178,14.958420,14.883965,14.902580,14.995636,14.995636,14.977043,14.828064,15.032837,14.865326,14.865326,14.883965,14.902580,14.977043,14.921196,14.809425,14.958420,14.622826,14.809425,15.051422,14.846703,14.865326,14.883965,14.958420,15.014244,14.958420,14.902580,15.070015,14.995636,15.051422,14.977043,14.921196,14.977043,14.958420,14.939812,14.939812,14.902580,14.902580,15.014244,15.070015,15.032837,14.939812,14.716171,14.883965,14.921196,15.014244,14.921196,15.051422,15.014244,15.218575,15.200020,15.125755,15.162895,15.107178,15.181458,15.218575,15.032837,15.014244,15.274223,15.218575,15.107178,14.939812,15.162895,15.329842,15.162895,15.329842,15.107178,15.162895,15.051422,15.125755,15.088600,14.772133,14.529381,14.678848,14.716171,14.398399,14.772133,14.622826,14.435844,14.604141,14.883965,14.772133,14.809425,14.753487,14.939812,14.958420,15.051422,15.125755,15.274223,15.181458,15.200020,15.051422,15.162895,15.162895,15.311302,15.255684,15.274223,15.014244,14.995636,15.014244,15.107178,14.995636,14.939812,14.846703,14.939812,14.883965,15.051422,14.958420,14.846703,14.846703,15.051422,15.200020,15.274223,14.939812,15.107178,15.051422,15.014244,15.088600,14.865326,15.088600,14.995636,14.995636,15.032837,14.977043,14.939812,14.865326,15.088600,15.032837,15.014244,14.995636,14.939812,14.902580,15.088600,15.125755,14.921196,14.958420,15.070015,15.107178,14.977043,14.772133,14.995636,14.977043,14.883965,14.772133,15.014244,14.865326,14.809425,15.051422,15.014244,15.032837,15.032837,14.902580,14.883965,14.921196,15.088600,15.032837,15.051422,14.828064,15.181458,14.846703,14.846703,14.921196,14.921196,14.828064,14.977043,14.865326,14.902580,14.995636,15.032837,14.958420,14.995636,14.902580,14.958420,14.995636,15.162895,14.883965,15.125755,15.032837,14.921196,14.939812,15.032837,14.883965,14.865326,15.218575,15.088600,14.902580,14.902580,14.939812,14.977043,15.125755,14.977043,14.995636,14.995636,15.014244,15.088600,14.828064,15.107178,15.014244,14.977043,15.107178,15.125755,15.162895,14.697517,14.958420,15.014244,15.014244,15.181458,15.274223,15.162895,15.181458,15.162895,15.144333,15.218575,15.255684,15.181458,15.218575,
15.718163,15.496475,15.699715,15.551949,15.422462,15.459480,15.570435,15.681252,15.366905,15.329842,15.329842,15.255684,15.311302,15.274223,15.218575,15.274223,15.551949,15.570435,15.570435,15.994492,16.159874,16.416496,16.800026,17.181839,17.561958,18.084076,18.352852,18.852249,18.958870,19.313263,19.578049,19.929733,19.824394,20.052460,20.279877,20.297348,20.349724,20.506645,20.471802,20.506645,20.524055,20.524055,20.506645,20.332268,20.402061,20.506645,20.454369,20.576286,20.384621,20.384621,20.419502,20.402061,20.471802,20.332268,20.349724,20.611084,20.524055,20.784843,20.593697,20.576286,20.732758,20.645866,20.680634,20.784843,20.732758,20.715385,20.836899,20.750122,20.854233,20.628487,20.871582,20.975533,20.888908,20.975533,21.269310,21.010155,21.355507,21.131203,21.234810,21.183029,21.200287,21.131203,21.234810,21.234810,21.269310,21.062057,21.338272,21.217552,21.234810,21.424393,21.062057,21.148476,21.234810,21.269310,21.269310,21.303802,21.407181,21.217552,21.303802,21.286568,21.303802,21.303802,21.217552,21.113914,21.407181,21.372734,21.165756,21.321045,21.269310,21.269310,21.269310,21.665016,21.389961,21.561981,21.596336,21.716469,21.441612,21.613518,21.785027,21.870644,21.424393,21.596336,21.647850,21.836411,21.630684,21.630684,21.561981,21.510414,21.561981,21.665016,21.682167,21.527603,21.630684,21.579163,21.630684,21.579163,21.647850,21.510414,21.579163,21.561981,21.458817,21.493217,21.476021,21.665016,21.527603,21.424393,21.596336,21.561981,21.561981,21.596336,21.716469,21.716469,21.819290,21.939064,21.785027,22.212143,22.109856,22.195107,22.280251,22.297272,22.212143,22.280251,22.382309,22.348305,22.501198,22.484222,22.280251,22.399300,22.518166,22.416298,22.416298,22.365303,22.416298,22.348305,22.365303,22.433289,22.518166,22.518166,22.484222,22.535133,22.348305,22.314293,22.331291,22.467247,22.501198,22.501198,22.331291,22.450264,22.535133,22.501198,22.501198,22.518166,22.586006,22.450264,22.365303,22.467247,22.314293,22.348305,22.161018,22.195107,22.058662,22.092789,21.956161,21.921967,21.939064,21.647850,21.665016,21.458817,21.647850,21.596336,21.303802,21.389961,21.441612,21.596336,21.407181,21.389961,21.579163,21.269310,21.338272,21.252068,21.338272,21.321045,21.424393,21.596336,21.458817,21.286568,21.441612,21.493217,21.476021,21.493217,21.561981,21.389961,21.458817,21.389961,21.493217,21.355507,21.407181,21.561981,21.476021,21.372734,21.596336,21.338272,21.493217,21.355507,21.458817,21.441612,21.269310,21.079346,21.148476,21.338272,21.148476,21.131203,21.200287,21.165756,21.165756,21.113914,21.079346,20.923576,20.975533,20.975533,21.131203,21.234810,20.958221,21.079346,20.836899,20.958221,20.854233,21.165756,20.871582,21.096642,20.958221,20.975533,21.010155,20.871582,20.992851,21.131203,21.096642,21.010155,21.165756,21.096642,21.062057,20.958221,20.854233,21.027458,20.802200,20.888908,20.680634,20.645866,20.715385,20.593697,20.471802,20.489220,20.419502,20.332268,20.402061,20.279877,20.332268,20.332268,20.367180,20.332268,20.140007,20.174995,20.297348,20.017418,20.174995,19.912178,20.122513,19.859520,19.754082,19.630898,19.683716,19.683716,19.666115,19.595665,19.736496,19.754082,19.754082,19.666115,19.542793,19.542793,19.578049,19.560417,19.489883,19.701309,19.560417,19.419281,19.542793,19.472237,19.348618,19.313263,19.419281,19.330948,19.047615,19.436943,19.207108,19.065346,19.047615,18.834473,18.816673,18.745483,18.352852,18.173759,18.119965,17.814415,17.453522,17.054764,16.654121,16.471397,15.939293,15.884071,15.533455,15.422462,15.255684,15.329842,14.995636,15.200020,15.014244,15.274223,15.107178,15.107178,15.088600,15.014244,15.274223,15.255684,15.218575,15.255684,15.218575,15.274223,15.329842,15.329842,15.274223,15.255684,15.274223,15.255684,15.348373,15.181458,15.181458,15.125755,15.051422,15.274223,15.125755,15.255684,15.107178,15.440964,15.237137,15.274223,15.125755,15.125755,15.218575,15.070015,15.107178,15.200020,15.237137,15.107178,15.051422,15.051422,15.218575,15.162895,15.200020,15.032837,14.958420,15.014244,15.032837,15.032837,15.032837,15.144333,14.865326,15.107178,14.958420,14.921196,14.958420,14.921196,14.902580,14.921196,15.088600,14.958420,14.828064,15.051422,14.846703,15.032837,14.958420,14.977043,14.958420,14.958420,14.921196,14.921196,14.921196,14.939812,14.921196,14.865326,14.921196,14.921196,14.865326,14.958420,14.958420,15.162895,14.790794,14.921196,14.865326,14.902580,14.734833,14.865326,14.846703,14.939812,14.716171,14.772133,14.902580,14.772133,14.828064,15.014244,14.902580,14.995636,14.883965,14.939812,14.939812,14.995636,14.939812,14.921196,14.902580,14.995636,14.958420,14.995636,15.070015,14.902580,15.088600,15.125755,14.883965,14.809425,14.921196,15.107178,14.865326,15.107178,14.865326,15.218575,15.051422,15.162895,14.939812,14.995636,14.883965,15.070015,15.218575,15.125755,15.237137,15.255684,15.200020,15.088600,15.014244,14.995636,15.070015,15.070015,14.939812,15.070015,15.200020,15.070015,15.274223,15.032837,14.734833,14.660179,14.641502,14.734833,14.772133,14.716171,14.753487,14.734833,14.622826,14.697517,14.753487,15.032837,15.032837,15.107178,15.181458,15.274223,15.237137,15.292770,15.311302,15.292770,15.329842,15.329842,15.292770,15.329842,15.125755,15.292770,15.237137,14.790794,14.883965,15.218575,14.734833,15.051422,14.865326,14.697517,14.921196,14.809425,14.883965,14.772133,14.995636,15.144333,14.995636,15.125755,14.977043,15.014244,15.051422,15.032837,15.218575,15.014244,14.977043,15.032837,14.828064,15.107178,14.772133,14.939812,15.125755,14.995636,14.995636,14.977043,15.032837,15.144333,15.107178,15.032837,14.958420,15.107178,15.032837,14.995636,15.070015,15.200020,14.828064,15.088600,15.162895,14.939812,15.144333,14.977043,14.977043,14.921196,14.921196,14.883965,14.902580,14.921196,14.977043,15.014244,14.902580,14.790794,15.107178,14.995636,14.902580,14.958420,15.125755,14.958420,15.070015,15.032837,14.828064,14.902580,14.958420,14.939812,15.162895,15.051422,15.070015,14.921196,15.070015,14.790794,14.939812,15.107178,14.846703,15.070015,15.070015,14.995636,14.883965,14.995636,14.846703,15.032837,15.032837,15.014244,15.070015,14.977043,15.014244,15.014244,14.883965,14.753487,15.255684,14.828064,14.958420,15.051422,14.809425,15.237137,15.032837,15.051422,15.181458,15.070015,15.107178,15.051422,15.107178,15.292770,15.051422,15.403938,15.255684,15.274223,15.200020,15.181458,15.162895,15.107178,15.237137,15.385422,
15.773499,15.699715,15.292770,15.662788,15.551949,15.496475,15.459480,15.755058,15.311302,15.440964,15.292770,15.125755,15.181458,15.329842,15.125755,15.607391,15.107178,15.477974,15.662788,15.847229,16.159874,16.562805,16.781799,17.199982,17.724342,18.209602,18.388626,18.692055,19.065346,19.454590,19.595665,19.859520,20.052460,20.157509,20.087494,20.279877,20.436943,20.349724,20.419502,20.314804,20.262413,20.454369,20.506645,20.471802,20.489220,20.279877,20.506645,20.471802,20.489220,20.506645,20.262413,20.489220,20.314804,20.506645,20.471802,20.576286,20.471802,20.628487,20.593697,20.524055,20.680634,20.767487,20.558884,20.854233,20.680634,20.784843,20.784843,20.611084,20.836899,20.923576,20.888908,20.819542,21.010155,20.767487,21.096642,20.992851,21.113914,20.975533,21.062057,21.131203,21.062057,21.252068,21.165756,21.303802,21.131203,21.321045,21.079346,21.165756,21.321045,21.113914,21.183029,21.407181,21.234810,21.200287,21.252068,21.113914,21.131203,21.407181,21.286568,21.424393,21.234810,21.200287,21.286568,21.286568,21.303802,21.321045,21.269310,21.476021,21.476021,21.458817,21.252068,21.544792,21.579163,21.561981,21.665016,21.647850,21.716469,21.647850,21.613518,21.767891,21.647850,21.596336,21.596336,21.716469,21.699318,21.561981,21.544792,21.458817,21.647850,21.579163,21.493217,21.613518,21.596336,21.458817,21.613518,21.510414,21.647850,21.510414,21.510414,21.647850,21.596336,21.476021,21.476021,21.561981,21.767891,21.510414,21.338272,21.510414,21.716469,21.750755,21.544792,21.853539,21.802162,22.058662,21.921967,21.904861,21.973259,22.024513,22.126915,22.109856,22.280251,22.365303,22.450264,22.314293,22.467247,22.467247,22.382309,22.399300,22.501198,22.416298,22.450264,22.586006,22.450264,22.586006,22.297272,22.314293,22.484222,22.280251,22.467247,22.365303,22.467247,22.535133,22.467247,22.416298,22.535133,22.535133,22.569054,22.433289,22.229179,22.399300,22.484222,22.586006,22.365303,22.619896,22.450264,22.246208,22.382309,22.246208,21.973259,22.195107,21.990349,22.109856,21.973259,22.092789,22.024513,21.733620,21.665016,21.665016,21.493217,21.665016,21.596336,21.441612,21.424393,21.561981,21.647850,21.510414,21.407181,21.441612,21.476021,21.527603,21.510414,21.407181,21.389961,21.596336,21.321045,21.407181,21.217552,21.630684,21.217552,21.286568,21.424393,21.510414,21.355507,21.527603,21.510414,21.527603,21.441612,21.372734,21.458817,21.510414,21.510414,21.476021,21.613518,21.355507,21.372734,21.338272,21.286568,21.407181,21.131203,21.200287,21.096642,21.372734,21.303802,21.234810,20.888908,21.183029,20.958221,21.131203,21.044754,21.010155,21.027458,21.044754,21.234810,20.940895,21.010155,21.044754,21.062057,20.906242,20.854233,20.906242,21.027458,20.975533,21.010155,20.992851,20.854233,20.975533,20.958221,21.027458,21.044754,21.113914,20.992851,20.940895,20.940895,20.992851,20.767487,20.767487,20.628487,20.645866,20.680634,20.698021,20.471802,20.471802,20.349724,20.611084,20.279877,20.384621,20.402061,20.332268,20.209976,20.314804,20.244934,19.947273,20.122513,20.052460,19.912178,19.806816,19.894638,19.824394,19.912178,19.754082,19.736496,19.771667,19.595665,19.648506,19.683716,19.595665,19.683716,19.683716,19.578049,19.560417,19.578049,19.560417,19.560417,19.595665,19.560417,19.613289,19.683716,19.348618,19.436943,19.366287,19.189407,19.100807,19.330948,19.153984,19.012123,19.224815,19.029869,19.029869,18.816673,18.674240,18.585091,18.352852,17.940361,17.724342,17.381157,17.272507,16.745338,16.544525,15.920883,15.773499,15.570435,15.255684,15.366905,15.125755,15.032837,15.014244,15.088600,15.107178,15.107178,15.107178,15.125755,15.162895,15.477974,15.311302,15.292770,15.348373,15.255684,15.348373,15.200020,15.385422,15.385422,15.237137,15.237137,15.200020,15.144333,15.274223,15.385422,15.311302,15.403938,15.237137,15.255684,15.162895,15.144333,15.329842,15.274223,15.162895,15.051422,15.385422,15.088600,15.125755,14.921196,15.274223,15.200020,15.237137,15.014244,15.125755,14.958420,14.883965,14.995636,15.366905,15.162895,15.051422,14.958420,15.144333,15.255684,15.014244,14.977043,15.255684,15.107178,14.977043,15.051422,14.995636,14.846703,14.939812,14.995636,14.865326,14.865326,14.958420,14.753487,15.070015,14.846703,15.070015,14.977043,14.883965,14.828064,14.865326,14.809425,15.125755,14.995636,14.977043,14.846703,14.790794,14.828064,14.846703,15.014244,14.846703,14.828064,14.734833,14.958420,14.865326,15.014244,14.958420,14.790794,14.716171,14.865326,14.790794,14.939812,15.014244,14.902580,14.828064,14.958420,14.995636,15.125755,15.032837,14.921196,14.921196,14.828064,15.051422,14.939812,15.051422,14.958420,14.809425,14.809425,14.902580,15.070015,14.958420,15.014244,14.939812,14.939812,15.032837,14.939812,15.051422,14.865326,15.255684,15.107178,14.958420,15.032837,15.125755,14.902580,15.237137,14.902580,15.274223,15.181458,15.181458,15.144333,15.200020,15.181458,14.958420,15.088600,15.088600,15.144333,15.144333,15.237137,15.107178,15.107178,14.846703,14.828064,14.995636,14.846703,14.641502,14.790794,14.734833,14.660179,14.641502,14.678848,14.772133,14.846703,14.883965,14.902580,15.200020,15.088600,15.070015,15.311302,15.422462,15.125755,15.311302,15.329842,15.422462,15.125755,15.292770,15.200020,15.218575,15.088600,15.088600,14.902580,15.107178,14.902580,14.809425,14.604141,14.921196,14.921196,14.828064,14.753487,15.051422,15.088600,15.032837,15.070015,15.088600,15.181458,15.088600,15.144333,15.051422,15.107178,14.865326,14.865326,14.865326,15.237137,14.958420,14.921196,14.865326,14.958420,15.144333,14.958420,15.051422,14.921196,15.181458,15.051422,15.107178,14.865326,14.977043,14.883965,14.939812,14.865326,15.070015,15.032837,15.070015,15.032837,15.070015,15.070015,15.014244,15.051422,14.772133,15.014244,14.939812,14.921196,14.921196,15.218575,14.995636,14.977043,14.977043,14.939812,15.032837,14.902580,14.977043,14.921196,14.977043,15.125755,14.977043,14.846703,15.107178,14.865326,15.088600,15.032837,14.883965,15.144333,14.939812,15.014244,15.181458,14.846703,15.107178,14.939812,14.846703,15.051422,14.958420,14.697517,14.958420,14.939812,14.790794,14.921196,15.032837,14.921196,15.070015,15.107178,15.144333,15.014244,15.181458,15.125755,14.939812,15.125755,14.977043,15.144333,15.032837,14.995636,14.977043,14.995636,14.828064,15.237137,15.125755,15.162895,14.977043,15.144333,15.255684,15.292770,15.107178,15.311302,15.218575,15.162895,15.125755,14.977043,15.366905,
15.736610,15.588913,15.496475,15.625862,15.588913,15.588913,15.459480,15.440964,15.403938,15.385422,15.385422,15.144333,15.255684,15.459480,15.403938,15.125755,15.403938,15.459480,15.644325,15.920883,16.159874,16.453102,16.836464,17.199982,17.814415,18.173759,18.585091,18.585091,18.994377,19.436943,19.648506,19.648506,20.157509,20.087494,20.157509,20.454369,20.279877,20.367180,20.384621,20.506645,20.436943,20.471802,20.419502,20.262413,20.471802,20.541473,20.506645,20.262413,20.454369,20.384621,20.524055,20.628487,20.645866,20.506645,20.297348,20.454369,20.715385,20.871582,20.767487,20.663254,20.576286,20.819542,20.680634,20.750122,20.698021,20.663254,20.871582,20.750122,20.784843,20.836899,20.888908,21.113914,20.784843,20.906242,20.992851,21.165756,21.234810,21.269310,21.183029,21.303802,21.269310,21.217552,21.303802,21.321045,21.131203,21.424393,21.200287,21.148476,21.148476,21.303802,21.355507,21.148476,21.424393,21.252068,21.269310,21.321045,21.303802,21.338272,21.303802,21.269310,21.476021,21.338272,21.355507,21.252068,21.338272,21.441612,21.200287,21.458817,21.355507,21.458817,21.372734,21.544792,21.407181,21.665016,21.493217,21.527603,21.544792,21.493217,21.527603,21.579163,21.544792,21.544792,21.561981,21.699318,21.561981,21.596336,21.630684,21.510414,21.596336,21.579163,21.630684,21.579163,21.561981,21.510414,21.699318,21.596336,21.527603,21.338272,21.355507,21.510414,21.527603,21.544792,21.476021,21.579163,21.682167,21.596336,21.544792,21.441612,21.630684,21.819290,21.682167,21.665016,21.699318,21.990349,21.973259,22.143959,21.887764,21.973259,22.007431,22.126915,22.331291,22.399300,22.348305,22.450264,22.263237,22.501198,22.246208,22.518166,22.552086,22.365303,22.297272,22.399300,22.552086,22.416298,22.467247,22.416298,22.484222,22.365303,22.450264,22.501198,22.331291,22.399300,22.365303,22.518166,22.535133,22.619896,22.467247,22.518166,22.535133,22.467247,22.586006,22.653778,22.636833,22.586006,22.365303,22.467247,22.382309,22.246208,22.348305,22.161018,22.092789,22.126915,22.143959,22.161018,21.973259,21.973259,21.733620,21.767891,21.596336,21.493217,21.493217,21.561981,21.665016,21.682167,21.441612,21.476021,21.561981,21.493217,21.665016,21.613518,21.544792,21.441612,21.579163,21.510414,21.321045,21.527603,21.286568,21.544792,21.338272,21.407181,21.338272,21.682167,21.561981,21.510414,21.493217,21.355507,21.647850,21.510414,21.476021,21.424393,21.579163,21.493217,21.579163,21.630684,21.493217,21.544792,21.355507,21.303802,21.303802,21.355507,21.338272,21.407181,21.286568,21.338272,21.269310,21.113914,21.217552,21.217552,21.286568,21.079346,21.113914,21.027458,21.010155,21.010155,21.010155,21.010155,21.044754,20.923576,21.079346,20.854233,20.940895,21.010155,21.096642,21.010155,21.113914,21.148476,21.044754,20.958221,21.079346,21.096642,21.010155,21.165756,20.975533,21.079346,20.888908,20.958221,20.888908,20.576286,20.698021,20.750122,20.558884,20.454369,20.454369,20.558884,20.419502,20.454369,20.140007,20.297348,20.209976,20.384621,20.297348,20.349724,20.052460,20.034943,20.017418,20.017418,19.999893,20.052460,19.894638,19.701309,19.613289,19.771667,19.648506,19.630898,19.771667,19.542793,19.648506,19.648506,19.648506,19.560417,19.525154,19.666115,19.595665,19.578049,19.578049,19.542793,19.507530,19.383957,19.436943,19.401619,19.436943,19.224815,19.171692,19.136261,19.295586,19.242508,19.224815,19.136261,18.692055,18.870033,18.674240,18.281258,18.191681,17.742363,17.399261,17.236252,16.727104,16.416496,16.068031,15.662788,15.459480,15.311302,15.162895,15.403938,15.014244,15.032837,15.014244,14.995636,14.921196,14.995636,15.274223,15.125755,15.200020,15.477974,15.403938,15.181458,15.200020,15.366905,15.311302,15.348373,15.496475,15.329842,15.237137,15.255684,15.385422,15.274223,15.181458,15.255684,15.255684,15.292770,15.274223,15.274223,15.181458,15.237137,15.107178,15.292770,15.274223,15.200020,15.032837,14.958420,15.162895,15.200020,15.162895,15.051422,15.125755,15.107178,15.107178,15.162895,15.125755,15.181458,15.125755,15.181458,15.200020,14.995636,15.162895,15.125755,15.237137,15.088600,15.051422,15.051422,15.107178,14.865326,15.051422,14.921196,14.902580,15.032837,15.014244,14.790794,14.977043,14.958420,14.939812,14.995636,14.995636,14.939812,14.977043,15.032837,15.070015,14.883965,14.958420,14.846703,15.051422,14.939812,14.846703,14.995636,14.790794,14.846703,14.883965,14.809425,14.846703,14.977043,14.697517,14.865326,14.958420,14.604141,14.995636,14.772133,14.921196,15.051422,14.958420,15.070015,14.939812,14.790794,14.883965,14.809425,14.958420,14.921196,15.014244,14.697517,14.883965,14.828064,14.828064,15.107178,14.902580,14.939812,14.902580,15.014244,15.014244,14.958420,14.958420,14.939812,15.051422,14.958420,14.902580,15.032837,14.995636,15.051422,15.200020,15.181458,15.162895,14.977043,15.070015,15.274223,15.014244,15.144333,15.144333,15.218575,15.107178,15.070015,15.255684,14.995636,15.070015,15.070015,15.200020,15.107178,15.032837,14.939812,15.032837,14.809425,14.716171,14.622826,14.846703,14.660179,14.604141,14.809425,14.846703,14.697517,14.846703,14.921196,14.921196,15.237137,15.125755,15.107178,15.274223,15.181458,15.440964,15.255684,15.237137,15.422462,15.292770,15.218575,15.311302,15.032837,15.014244,15.181458,14.958420,15.051422,14.790794,14.790794,14.921196,14.678848,14.828064,14.865326,14.678848,14.939812,14.753487,15.125755,15.218575,15.051422,14.977043,15.032837,15.125755,14.921196,14.939812,14.809425,15.070015,14.939812,14.958420,15.181458,14.995636,14.958420,15.070015,15.125755,15.032837,15.107178,15.144333,14.977043,15.032837,14.902580,14.939812,15.070015,14.846703,15.070015,14.977043,14.846703,14.902580,14.958420,14.846703,14.902580,14.995636,14.958420,14.902580,15.088600,14.958420,15.014244,14.939812,14.883965,14.921196,14.921196,14.902580,14.809425,15.051422,14.977043,14.772133,14.772133,14.809425,14.921196,14.883965,14.995636,15.107178,14.977043,14.939812,14.958420,15.032837,15.200020,14.995636,14.883965,15.014244,15.014244,15.088600,15.088600,14.995636,15.070015,14.958420,14.828064,15.088600,14.921196,14.939812,14.977043,14.902580,15.088600,15.218575,15.070015,14.883965,14.902580,15.051422,15.125755,14.995636,15.088600,14.958420,14.939812,14.977043,15.070015,15.200020,15.144333,15.218575,15.088600,15.329842,15.088600,15.144333,15.477974,15.255684,15.181458,15.181458,15.200020,15.329842,14.902580,15.070015,14.977043,15.181458,15.440964,
15.718163,15.607391,15.422462,15.718163,15.588913,15.403938,15.440964,15.736610,15.755058,15.311302,15.162895,15.385422,15.292770,15.329842,15.348373,15.440964,15.403938,15.440964,15.570435,15.773499,16.141510,16.416496,16.781799,17.344955,17.543900,18.102013,18.370735,18.692055,19.047615,19.436943,19.542793,19.841957,19.947273,20.227455,20.227455,20.192490,20.367180,20.576286,20.558884,20.524055,20.558884,20.454369,20.454369,20.419502,20.558884,20.663254,20.262413,20.628487,20.489220,20.402061,20.419502,20.279877,20.471802,20.471802,20.593697,20.663254,20.628487,20.750122,20.663254,20.663254,20.923576,20.871582,21.027458,20.958221,20.819542,20.888908,20.819542,20.923576,20.906242,20.958221,21.062057,20.906242,21.010155,21.027458,21.044754,21.286568,21.303802,21.183029,21.338272,21.165756,21.165756,21.234810,21.269310,21.200287,21.372734,21.303802,21.200287,21.407181,21.303802,21.131203,21.234810,21.286568,21.303802,21.321045,21.458817,21.252068,21.234810,21.458817,21.234810,21.303802,21.389961,21.200287,21.424393,21.441612,21.355507,21.286568,21.217552,21.579163,21.372734,21.252068,21.476021,21.493217,21.527603,21.321045,21.458817,21.561981,21.561981,21.544792,21.476021,21.458817,21.389961,21.527603,21.544792,21.579163,21.630684,21.682167,21.527603,21.613518,21.647850,21.510414,21.527603,21.527603,21.544792,21.493217,21.596336,21.682167,21.527603,21.493217,21.424393,21.476021,21.613518,21.579163,21.286568,21.476021,21.630684,21.613518,21.699318,21.389961,21.596336,21.561981,21.716469,21.647850,21.527603,21.836411,21.973259,21.870644,21.836411,21.956161,22.109856,22.109856,22.178062,22.450264,22.348305,22.058662,22.212143,22.467247,22.143959,22.433289,22.246208,22.518166,22.314293,22.331291,22.450264,22.501198,22.467247,22.484222,22.161018,22.382309,22.484222,22.297272,22.399300,22.348305,22.365303,22.280251,22.501198,22.365303,22.569054,22.501198,22.331291,22.535133,22.602951,22.416298,22.586006,22.602951,22.399300,22.433289,22.212143,22.297272,22.263237,22.161018,22.246208,21.887764,21.973259,21.921967,21.921967,21.904861,21.699318,21.665016,21.836411,21.767891,21.682167,21.527603,21.716469,21.716469,21.716469,21.785027,21.544792,21.682167,21.665016,21.493217,21.510414,21.510414,21.613518,21.561981,21.579163,21.579163,21.286568,21.630684,21.699318,21.750755,21.544792,21.699318,21.407181,21.561981,21.613518,21.544792,21.630684,21.424393,21.510414,21.596336,21.389961,21.441612,21.630684,21.561981,21.338272,21.372734,21.303802,21.407181,21.372734,21.372734,21.321045,21.269310,21.165756,21.303802,21.234810,21.407181,21.131203,21.269310,21.044754,21.217552,21.234810,21.200287,21.252068,21.044754,21.096642,20.888908,21.044754,21.044754,21.096642,21.010155,21.044754,21.062057,21.062057,21.113914,20.975533,21.165756,21.096642,21.062057,21.079346,21.165756,21.010155,21.148476,21.010155,20.906242,20.975533,20.975533,20.645866,20.732758,20.541473,20.750122,20.663254,20.628487,20.454369,20.471802,20.506645,20.436943,20.471802,20.524055,20.384621,20.052460,20.297348,20.174995,20.174995,20.140007,20.157509,19.999893,19.964821,19.947273,19.964821,19.736496,19.754082,19.859520,19.718910,19.701309,19.648506,19.718910,19.789246,19.560417,19.718910,19.718910,19.366287,19.560417,19.542793,19.525154,19.560417,19.525154,19.595665,19.366287,19.525154,19.401619,19.401619,19.260208,19.260208,19.260208,19.100807,19.366287,19.189407,19.118538,18.905579,18.781090,18.567253,18.281258,18.012245,17.724342,17.290627,17.109245,16.745338,16.398201,16.086403,15.773499,15.477974,15.403938,15.255684,15.329842,15.144333,15.107178,15.125755,15.125755,14.995636,14.977043,15.107178,15.162895,15.311302,15.237137,15.329842,15.218575,15.311302,15.255684,15.366905,15.366905,15.348373,15.274223,15.144333,15.329842,15.274223,15.292770,15.181458,15.107178,15.200020,15.107178,15.329842,15.274223,15.348373,15.311302,15.237137,15.237137,15.255684,15.274223,15.144333,15.255684,15.200020,15.329842,15.181458,14.995636,15.088600,14.883965,15.162895,15.107178,15.125755,15.070015,15.107178,15.070015,15.051422,15.200020,14.958420,15.051422,15.014244,15.088600,14.921196,15.051422,15.274223,14.902580,14.883965,14.977043,15.032837,15.107178,15.125755,14.977043,14.921196,14.883965,14.939812,14.865326,14.977043,15.162895,14.921196,14.828064,15.070015,14.995636,15.051422,14.883965,14.977043,14.828064,14.846703,14.790794,14.977043,14.921196,14.939812,14.828064,14.865326,14.883965,14.958420,14.958420,14.939812,14.809425,14.939812,14.809425,14.846703,15.032837,14.921196,14.958420,14.939812,15.032837,15.107178,15.014244,14.865326,14.790794,14.828064,14.883965,14.939812,15.070015,14.958420,14.977043,14.883965,15.107178,15.070015,14.995636,14.790794,14.977043,14.828064,14.977043,14.977043,15.162895,14.921196,14.883965,15.014244,15.032837,14.995636,15.274223,15.162895,15.311302,15.200020,15.200020,15.255684,15.088600,15.070015,15.162895,15.200020,15.125755,15.144333,15.200020,15.162895,15.162895,15.200020,15.125755,15.088600,14.939812,14.716171,14.828064,14.716171,14.678848,14.697517,14.734833,14.809425,14.417122,14.697517,14.939812,14.604141,14.865326,15.051422,14.958420,15.459480,15.237137,15.218575,15.477974,15.292770,15.274223,15.200020,15.311302,15.162895,15.107178,15.292770,15.144333,15.162895,14.809425,14.660179,14.939812,14.865326,14.828064,14.883965,14.921196,14.902580,15.070015,15.051422,14.977043,15.032837,15.218575,15.255684,15.200020,14.939812,14.921196,15.237137,14.995636,14.883965,15.088600,15.070015,15.107178,14.921196,15.014244,14.865326,15.144333,15.107178,14.883965,14.921196,14.883965,15.144333,15.014244,14.846703,14.902580,14.958420,14.958420,15.274223,14.883965,14.939812,15.181458,15.014244,14.902580,14.958420,15.032837,14.921196,15.032837,14.846703,15.107178,14.902580,15.070015,14.995636,14.977043,14.828064,15.032837,14.995636,15.125755,14.995636,14.939812,14.865326,15.088600,14.772133,14.846703,14.902580,15.051422,14.995636,14.902580,14.846703,14.977043,14.865326,14.958420,14.995636,14.977043,15.032837,14.883965,15.107178,15.292770,14.883965,14.958420,15.051422,15.032837,15.070015,14.995636,15.014244,15.329842,15.088600,14.995636,14.902580,14.977043,14.902580,15.255684,14.883965,15.032837,15.032837,14.921196,14.846703,15.144333,15.032837,15.348373,15.237137,14.883965,15.107178,15.032837,15.255684,15.144333,14.995636,14.958420,14.977043,15.181458,15.107178,15.032837,15.125755,15.088600,14.939812,15.125755,15.311302,15.440964,
15.828796,15.607391,15.699715,15.588913,15.459480,15.422462,15.477974,15.514977,15.736610,15.162895,15.125755,15.218575,15.200020,15.311302,15.366905,15.385422,15.422462,15.274223,15.459480,15.755058,16.086403,16.361572,16.617607,17.381157,17.399261,18.012245,18.334953,18.727684,18.834473,19.366287,19.578049,19.806816,20.122513,20.017418,20.262413,20.279877,20.314804,20.419502,20.524055,20.262413,20.489220,20.767487,20.367180,20.489220,20.454369,20.524055,20.698021,20.262413,20.314804,20.436943,20.279877,20.524055,20.558884,20.698021,20.645866,20.750122,20.558884,20.558884,20.958221,20.871582,20.680634,20.802200,20.854233,20.992851,20.975533,20.923576,21.062057,20.888908,20.750122,20.923576,21.113914,21.062057,21.096642,21.010155,21.131203,21.165756,21.407181,21.303802,21.217552,21.321045,21.493217,21.286568,21.458817,21.321045,21.441612,21.476021,21.355507,21.389961,21.424393,21.613518,21.355507,21.234810,21.200287,21.321045,21.321045,21.372734,21.493217,21.321045,21.458817,21.217552,21.544792,21.372734,21.372734,21.338272,21.493217,21.372734,21.424393,21.458817,21.596336,21.527603,21.544792,21.544792,21.321045,21.613518,21.579163,21.767891,21.527603,21.887764,21.407181,21.630684,21.579163,21.630684,21.665016,21.544792,21.527603,21.750755,21.682167,21.613518,21.407181,21.527603,21.527603,21.682167,21.407181,21.561981,21.441612,21.682167,21.527603,21.458817,21.510414,21.579163,21.665016,21.527603,21.458817,21.596336,21.476021,21.510414,21.716469,21.493217,21.596336,21.682167,21.682167,21.544792,21.682167,21.733620,21.973259,21.904861,21.836411,21.853539,21.921967,22.109856,21.887764,22.109856,22.212143,22.195107,22.229179,22.382309,22.348305,22.399300,22.467247,22.416298,22.331291,22.450264,22.416298,22.569054,22.365303,22.331291,22.467247,22.331291,22.246208,22.314293,22.314293,22.501198,22.399300,22.416298,22.331291,22.365303,22.399300,22.297272,22.619896,22.552086,22.467247,22.535133,22.501198,22.535133,22.331291,22.331291,22.143959,22.297272,22.433289,22.195107,22.212143,22.143959,21.939064,21.887764,21.819290,21.682167,21.785027,21.716469,21.750755,21.802162,21.853539,21.767891,21.716469,21.647850,21.802162,21.733620,21.561981,21.733620,21.750755,21.682167,21.527603,21.579163,21.527603,21.561981,21.613518,21.493217,21.750755,21.647850,21.682167,21.389961,21.699318,21.544792,21.493217,21.579163,21.630684,21.647850,21.596336,21.579163,21.493217,21.579163,21.493217,21.561981,21.579163,21.493217,21.407181,21.630684,21.561981,21.321045,21.355507,21.613518,21.234810,21.372734,21.252068,21.286568,21.389961,21.407181,21.303802,21.200287,21.217552,21.096642,21.234810,21.286568,21.079346,21.027458,21.200287,20.958221,21.027458,21.044754,21.113914,21.131203,20.992851,21.044754,20.992851,21.079346,21.183029,20.888908,20.923576,21.096642,21.113914,21.096642,21.252068,21.062057,20.940895,20.923576,20.940895,20.871582,20.854233,20.819542,20.802200,20.906242,20.645866,20.698021,20.645866,20.680634,20.471802,20.541473,20.419502,20.332268,20.384621,20.349724,20.384621,20.262413,20.174995,20.192490,20.052460,20.017418,20.279877,20.140007,19.999893,19.912178,19.648506,19.859520,19.578049,19.877083,19.806816,19.771667,19.718910,19.841957,19.630898,19.630898,19.683716,19.542793,19.754082,19.648506,19.560417,19.436943,19.330948,19.489883,19.419281,19.207108,19.330948,19.189407,19.118538,19.401619,19.224815,19.313263,19.207108,18.958870,18.994377,18.656418,18.513702,18.245445,18.084076,17.868416,17.471611,17.145554,17.072929,16.489677,16.196571,15.644325,15.588913,15.366905,15.107178,15.200020,15.032837,15.107178,15.051422,15.070015,14.921196,15.162895,15.107178,15.181458,15.237137,15.274223,15.162895,15.218575,15.292770,15.237137,15.274223,15.477974,15.237137,15.144333,15.218575,15.348373,15.311302,15.274223,15.459480,15.366905,15.274223,15.255684,15.107178,15.255684,15.255684,15.088600,15.255684,15.070015,15.070015,15.144333,15.200020,15.125755,15.218575,14.995636,14.977043,15.255684,14.921196,15.032837,15.125755,15.088600,15.051422,15.162895,14.977043,15.107178,15.088600,14.883965,15.070015,15.070015,15.181458,14.977043,14.734833,15.274223,14.902580,14.958420,14.865326,14.846703,14.921196,14.939812,14.958420,14.958420,14.846703,14.977043,14.939812,15.014244,15.032837,15.014244,14.921196,14.939812,15.051422,14.958420,15.032837,14.828064,14.846703,14.939812,14.828064,14.939812,14.790794,14.753487,14.828064,14.883965,14.753487,14.660179,14.622826,14.772133,15.070015,14.902580,14.772133,14.902580,14.809425,14.846703,14.846703,15.032837,14.865326,15.107178,14.958420,15.088600,14.995636,15.070015,14.995636,14.958420,14.883965,14.921196,14.977043,14.995636,15.032837,15.107178,15.014244,15.051422,14.921196,15.144333,15.070015,15.032837,15.014244,14.977043,15.107178,15.032837,15.107178,15.088600,15.051422,14.977043,15.088600,15.107178,15.200020,15.014244,15.181458,15.255684,15.088600,15.014244,15.218575,15.032837,15.051422,14.977043,15.051422,15.162895,15.162895,15.051422,14.883965,14.772133,14.809425,15.032837,14.865326,14.585457,14.697517,14.566772,14.697517,14.902580,14.846703,14.622826,14.641502,15.162895,15.051422,15.144333,15.255684,15.348373,15.329842,15.329842,15.088600,15.274223,15.403938,15.200020,15.051422,15.144333,15.200020,14.995636,15.218575,15.218575,14.883965,14.921196,14.734833,14.548080,14.678848,14.753487,14.921196,14.809425,14.977043,14.660179,14.902580,14.921196,15.088600,14.977043,14.846703,14.772133,15.292770,15.200020,15.125755,14.828064,15.070015,14.939812,14.995636,14.734833,14.921196,15.088600,14.995636,15.125755,14.865326,14.828064,14.902580,14.977043,14.846703,14.846703,14.883965,14.921196,14.902580,14.921196,15.107178,15.014244,14.902580,14.939812,14.921196,15.125755,14.790794,15.107178,14.883965,14.883965,15.051422,14.846703,14.939812,14.660179,14.958420,14.865326,15.032837,14.995636,14.846703,15.032837,14.958420,15.070015,15.032837,14.790794,15.051422,14.716171,15.014244,15.014244,14.846703,14.846703,14.846703,15.051422,14.883965,14.977043,14.995636,15.088600,15.162895,15.032837,15.051422,14.828064,15.107178,14.977043,14.883965,15.014244,14.902580,14.846703,14.939812,15.051422,14.883965,14.958420,14.939812,14.995636,15.051422,15.070015,14.939812,15.070015,15.144333,15.218575,14.790794,14.939812,15.200020,15.088600,15.088600,15.125755,15.274223,15.088600,15.237137,15.125755,15.014244,15.366905,15.181458,15.162895,15.292770,15.200020,15.107178,15.366905,15.422462,15.385422,
15.496475,15.810371,15.625862,15.699715,15.533455,15.607391,15.366905,15.625862,15.477974,15.403938,15.459480,15.070015,15.181458,15.311302,15.051422,15.070015,15.329842,15.440964,15.422462,15.828796,16.141510,16.434807,16.891090,17.272507,17.489685,17.832420,18.317062,18.567253,18.958870,19.454590,19.507530,19.912178,20.227455,20.227455,20.402061,20.402061,20.419502,20.279877,20.489220,20.750122,20.611084,20.628487,20.645866,20.558884,20.524055,20.593697,20.489220,20.454369,20.454369,20.628487,20.558884,20.471802,20.715385,20.836899,20.698021,20.645866,20.992851,20.958221,20.906242,21.113914,20.958221,20.923576,20.923576,20.975533,20.888908,20.940895,21.148476,21.217552,21.148476,21.131203,21.113914,21.269310,21.096642,21.217552,21.424393,21.407181,21.476021,21.269310,21.389961,21.372734,21.217552,21.372734,21.355507,21.561981,21.424393,21.561981,21.510414,21.596336,21.493217,21.493217,21.476021,21.441612,21.424393,21.476021,21.338272,21.630684,21.372734,21.355507,21.561981,21.458817,21.424393,21.338272,21.476021,21.493217,21.407181,21.613518,21.355507,21.596336,21.527603,21.441612,21.527603,21.665016,21.476021,21.338272,21.579163,21.561981,21.802162,21.476021,21.476021,21.613518,21.510414,21.527603,21.596336,21.596336,21.647850,21.527603,21.613518,21.630684,21.424393,21.802162,21.682167,21.750755,21.561981,21.596336,21.579163,21.424393,21.355507,21.682167,21.544792,21.544792,21.476021,21.699318,21.527603,21.699318,21.458817,21.424393,21.682167,21.630684,21.372734,21.613518,21.630684,21.561981,21.682167,21.716469,21.921967,21.853539,21.973259,21.802162,21.939064,22.024513,22.212143,22.041588,22.212143,22.365303,22.365303,22.365303,22.246208,22.399300,22.518166,22.280251,22.399300,22.518166,22.297272,22.297272,22.280251,22.416298,22.092789,22.246208,22.280251,22.314293,22.552086,22.365303,22.365303,22.143959,22.586006,22.416298,22.280251,22.501198,22.399300,22.518166,22.518166,22.365303,22.518166,22.178062,22.280251,22.382309,22.280251,22.143959,22.075729,22.229179,22.041588,22.024513,21.956161,22.058662,22.007431,21.836411,21.887764,21.819290,21.819290,21.887764,21.665016,21.767891,21.921967,21.767891,21.733620,21.767891,21.699318,21.802162,21.682167,21.699318,21.802162,21.802162,21.665016,21.665016,21.579163,21.613518,21.785027,21.665016,21.613518,21.647850,21.699318,21.699318,21.699318,21.561981,21.613518,21.527603,21.665016,21.665016,21.630684,21.665016,21.544792,21.561981,21.630684,21.561981,21.561981,21.733620,21.510414,21.407181,21.458817,21.544792,21.321045,21.372734,21.286568,21.338272,21.234810,21.148476,21.183029,21.113914,21.183029,21.183029,21.252068,21.234810,21.010155,21.131203,20.975533,21.131203,20.975533,21.096642,21.113914,20.888908,21.062057,21.079346,21.010155,21.148476,21.062057,21.062057,21.148476,21.183029,21.113914,21.010155,20.992851,20.975533,20.923576,20.975533,20.784843,20.750122,20.836899,20.663254,20.732758,20.471802,20.593697,20.715385,20.454369,20.558884,20.541473,20.506645,20.454369,20.506645,20.436943,20.314804,20.314804,20.279877,20.140007,20.105003,20.192490,20.122513,20.034943,19.964821,19.859520,19.877083,19.771667,19.859520,19.613289,19.841957,19.894638,19.718910,19.806816,19.683716,19.877083,19.630898,19.877083,19.542793,19.542793,19.454590,19.489883,19.525154,19.472237,19.525154,19.454590,19.277893,19.207108,19.189407,19.260208,19.189407,19.153984,19.189407,19.277893,19.012123,18.816673,18.674240,18.620766,18.245445,18.173759,17.850410,17.417351,17.236252,16.690620,16.690620,16.214928,15.847229,15.477974,15.422462,15.292770,15.403938,15.107178,14.939812,14.958420,14.977043,14.846703,15.107178,15.088600,15.181458,15.107178,15.218575,15.292770,15.366905,15.274223,15.348373,15.125755,15.200020,15.181458,15.200020,15.218575,15.422462,15.255684,15.144333,15.181458,15.107178,15.274223,15.274223,15.162895,15.107178,15.292770,15.181458,15.107178,15.144333,15.366905,15.125755,15.274223,15.070015,15.218575,15.070015,15.162895,15.237137,15.125755,15.181458,14.995636,15.088600,14.939812,15.144333,15.125755,14.828064,15.051422,15.107178,15.088600,15.181458,15.088600,15.125755,14.921196,15.107178,14.939812,14.790794,14.809425,15.051422,14.939812,15.014244,15.088600,14.939812,15.014244,14.939812,14.865326,15.200020,14.958420,14.921196,14.939812,15.088600,14.902580,14.883965,14.921196,15.255684,14.977043,14.995636,14.828064,14.958420,14.828064,14.902580,14.977043,14.809425,14.902580,14.921196,14.883965,14.828064,14.865326,14.977043,14.734833,14.995636,14.697517,15.014244,15.088600,14.921196,14.697517,15.051422,14.921196,15.144333,14.921196,15.014244,14.790794,15.107178,15.032837,14.902580,15.070015,14.958420,14.846703,15.144333,14.846703,15.200020,14.939812,14.883965,15.107178,15.218575,15.125755,15.162895,14.995636,15.125755,15.200020,15.218575,15.125755,15.144333,15.200020,15.181458,15.144333,15.200020,15.255684,15.051422,15.181458,15.107178,15.144333,15.107178,15.125755,14.995636,14.958420,15.107178,15.162895,15.070015,15.032837,15.088600,14.846703,14.622826,14.734833,14.753487,14.716171,14.716171,14.678848,14.809425,14.939812,14.622826,14.883965,14.921196,15.014244,14.995636,15.274223,15.459480,15.125755,15.218575,15.366905,15.255684,15.274223,15.292770,15.403938,15.070015,15.144333,14.883965,15.107178,15.144333,15.144333,15.088600,14.846703,14.716171,14.865326,14.697517,14.846703,14.734833,15.032837,14.939812,14.902580,15.144333,14.902580,15.125755,15.051422,15.014244,14.995636,14.958420,15.070015,15.181458,15.070015,14.921196,15.200020,15.051422,15.032837,15.088600,15.200020,14.902580,14.846703,14.939812,14.865326,14.958420,15.032837,15.181458,14.902580,14.939812,15.070015,14.846703,15.144333,15.088600,15.088600,14.883965,14.921196,14.828064,14.641502,14.995636,14.977043,15.032837,14.939812,15.274223,14.883965,15.162895,14.958420,14.939812,14.828064,15.014244,14.809425,14.846703,14.865326,14.753487,15.032837,15.181458,15.032837,14.846703,14.883965,15.088600,14.977043,14.977043,14.883965,15.051422,14.995636,15.200020,15.014244,14.958420,14.977043,15.107178,14.809425,15.032837,14.902580,15.125755,14.958420,14.902580,14.828064,14.995636,14.939812,14.809425,15.032837,14.939812,15.032837,14.921196,15.032837,14.883965,15.218575,14.828064,15.014244,15.070015,14.977043,14.958420,15.125755,15.144333,14.958420,15.162895,14.902580,15.088600,15.088600,15.032837,15.162895,15.162895,14.846703,15.403938,15.162895,15.181458,15.311302,15.218575,15.255684,15.181458,
15.939293,15.828796,15.496475,15.496475,15.644325,15.625862,15.514977,15.514977,15.366905,15.533455,15.366905,15.200020,15.348373,15.311302,15.292770,15.200020,15.255684,15.403938,15.625862,15.699715,15.957695,16.544525,16.781799,17.054764,17.525826,17.994278,18.227524,18.602928,18.834473,19.454590,19.525154,19.789246,19.894638,20.244934,20.262413,20.209976,20.314804,20.349724,20.628487,20.558884,20.506645,20.402061,20.384621,20.576286,20.402061,20.576286,20.576286,20.489220,20.541473,20.471802,20.471802,20.628487,20.645866,20.767487,20.680634,20.854233,20.923576,20.819542,20.871582,20.992851,20.888908,21.044754,20.871582,21.062057,20.871582,20.975533,21.079346,20.992851,21.165756,21.113914,21.252068,21.458817,21.579163,21.252068,21.372734,21.389961,21.113914,21.303802,21.424393,21.303802,21.424393,21.424393,21.665016,21.647850,21.510414,21.493217,21.665016,21.579163,21.544792,21.647850,21.733620,21.476021,21.493217,21.733620,21.544792,21.579163,21.407181,21.527603,21.699318,21.596336,21.544792,21.424393,21.647850,21.458817,21.665016,21.613518,21.510414,21.647850,21.493217,21.424393,21.665016,21.579163,21.544792,21.665016,21.544792,21.476021,21.561981,21.458817,21.561981,21.596336,21.527603,21.716469,21.613518,21.527603,21.699318,21.767891,21.733620,21.767891,21.647850,21.613518,21.682167,21.579163,21.630684,21.733620,21.665016,21.699318,21.561981,21.579163,21.579163,21.527603,21.561981,21.613518,21.527603,21.527603,21.596336,21.561981,21.441612,21.699318,21.441612,21.579163,21.561981,21.596336,21.561981,21.767891,21.613518,21.956161,21.870644,21.836411,21.939064,22.041588,21.939064,22.041588,22.143959,22.109856,22.109856,22.126915,22.143959,22.484222,22.314293,22.280251,22.416298,22.297272,22.382309,22.331291,22.433289,22.246208,22.280251,22.212143,22.467247,22.484222,22.297272,22.212143,22.382309,22.501198,22.246208,22.263237,22.586006,22.416298,22.518166,22.450264,22.586006,22.484222,22.484222,22.467247,22.433289,22.348305,22.075729,22.229179,21.887764,22.161018,22.109856,21.853539,21.887764,22.058662,21.853539,21.836411,21.750755,21.802162,21.853539,21.990349,21.802162,21.647850,21.904861,21.733620,21.699318,21.699318,21.750755,21.767891,21.665016,21.887764,21.819290,21.716469,21.665016,21.682167,21.579163,21.716469,21.596336,21.904861,21.785027,21.682167,21.665016,21.733620,21.699318,21.716469,21.699318,21.647850,21.716469,21.836411,21.682167,21.596336,21.682167,21.647850,21.630684,21.596336,21.579163,21.527603,21.561981,21.630684,21.424393,21.355507,21.493217,21.476021,21.321045,21.338272,21.286568,21.252068,21.286568,21.148476,21.113914,21.252068,21.027458,21.234810,21.062057,21.217552,21.321045,21.027458,21.113914,21.044754,21.010155,21.096642,21.027458,21.131203,21.131203,21.148476,20.958221,21.044754,21.010155,20.888908,20.940895,21.027458,21.062057,21.148476,20.628487,20.992851,20.819542,20.802200,20.732758,20.628487,20.454369,20.524055,20.628487,20.489220,20.506645,20.576286,20.489220,20.471802,20.367180,20.419502,20.244934,20.122513,20.506645,20.244934,20.157509,20.262413,20.052460,19.999893,20.017418,19.964821,19.894638,19.964821,19.754082,19.771667,19.877083,19.771667,19.683716,19.701309,19.771667,19.595665,19.718910,19.789246,19.560417,19.630898,19.560417,19.542793,19.595665,19.489883,19.419281,19.348618,19.348618,19.277893,19.348618,19.242508,19.454590,19.277893,19.189407,19.136261,19.224815,18.834473,18.976631,18.798889,18.495850,18.245445,18.084076,17.814415,17.507759,17.109245,16.891090,16.526253,16.049652,15.828796,15.533455,15.440964,15.274223,15.403938,15.032837,14.995636,14.846703,14.995636,15.125755,15.070015,14.977043,15.162895,15.088600,15.274223,15.237137,15.292770,15.329842,15.218575,15.274223,15.366905,15.237137,15.070015,15.274223,15.366905,15.162895,15.311302,15.274223,15.255684,15.014244,15.218575,15.237137,15.311302,15.181458,15.311302,15.255684,14.995636,15.255684,15.237137,15.218575,15.144333,15.144333,15.181458,15.032837,15.200020,15.032837,15.088600,14.977043,15.200020,15.255684,14.977043,15.125755,15.144333,14.921196,15.051422,15.144333,14.902580,15.051422,14.995636,15.088600,14.883965,14.846703,15.032837,14.697517,14.883965,14.883965,14.977043,15.088600,14.977043,14.846703,14.865326,14.828064,14.977043,14.958420,15.014244,15.014244,14.921196,15.051422,14.939812,14.921196,15.088600,15.107178,15.107178,14.902580,14.939812,15.051422,14.809425,14.958420,15.051422,15.088600,14.716171,14.697517,14.883965,14.772133,15.051422,14.902580,14.995636,14.958420,14.921196,14.865326,14.958420,14.883965,14.958420,14.995636,15.014244,15.162895,14.958420,15.070015,14.921196,15.162895,14.883965,15.032837,15.032837,15.014244,14.828064,14.865326,15.070015,15.107178,14.883965,15.014244,15.107178,15.162895,15.181458,14.995636,15.255684,15.070015,15.181458,15.181458,15.144333,15.107178,15.200020,15.218575,15.070015,15.051422,15.088600,15.088600,15.200020,15.125755,15.200020,15.200020,15.014244,15.051422,15.051422,14.958420,14.958420,14.828064,14.753487,14.697517,14.790794,14.883965,14.529381,14.622826,14.510681,14.883965,14.678848,14.846703,14.585457,14.697517,15.088600,14.958420,15.311302,15.218575,15.237137,15.032837,15.051422,15.255684,15.348373,15.440964,15.237137,15.181458,15.237137,15.162895,15.051422,15.255684,15.070015,14.977043,14.716171,14.678848,14.921196,14.585457,14.828064,14.716171,14.939812,14.958420,14.995636,15.014244,14.902580,14.846703,15.218575,15.014244,15.051422,15.107178,14.977043,15.070015,14.809425,14.977043,14.809425,14.790794,14.958420,14.753487,14.958420,14.828064,14.865326,14.902580,14.809425,14.902580,15.051422,15.107178,14.734833,14.734833,15.051422,14.977043,15.014244,14.772133,14.902580,14.958420,14.716171,15.051422,14.939812,14.939812,15.181458,15.014244,14.809425,14.865326,14.734833,14.883965,15.014244,14.734833,14.921196,14.921196,14.902580,14.865326,14.958420,14.790794,15.070015,14.828064,14.828064,14.995636,14.734833,14.921196,14.697517,14.902580,14.977043,14.790794,14.865326,15.181458,15.125755,14.865326,14.995636,14.939812,15.255684,15.070015,14.902580,15.070015,15.200020,15.181458,14.883965,14.958420,14.977043,15.181458,15.274223,15.032837,14.939812,15.144333,14.883965,14.697517,14.865326,14.995636,14.958420,15.237137,14.902580,15.014244,15.218575,15.088600,14.921196,15.125755,15.032837,15.162895,15.125755,15.070015,15.125755,15.125755,15.274223,15.125755,15.237137,14.865326,15.162895,14.939812,14.902580,15.385422,15.255684,
15.884071,15.588913,15.366905,15.570435,15.699715,15.459480,15.551949,15.570435,15.311302,15.311302,15.348373,15.237137,15.162895,15.274223,15.255684,15.385422,15.200020,15.496475,15.533455,15.847229,16.104774,16.251610,16.690620,17.236252,17.742363,18.012245,18.281258,18.602928,18.798889,19.313263,19.542793,19.771667,19.947273,19.982353,20.174995,20.314804,20.262413,20.454369,20.402061,20.349724,20.419502,20.524055,20.402061,20.506645,20.524055,20.489220,20.419502,20.593697,20.524055,20.506645,20.489220,20.576286,20.940895,20.558884,20.906242,20.750122,20.871582,21.234810,21.062057,21.200287,20.958221,21.096642,21.044754,21.338272,21.113914,21.234810,21.234810,21.303802,21.355507,21.252068,21.148476,21.252068,21.269310,21.476021,21.407181,21.510414,21.458817,21.527603,21.493217,21.527603,21.596336,21.561981,21.544792,21.630684,21.802162,21.750755,21.579163,21.544792,21.716469,21.579163,21.750755,21.682167,21.579163,21.699318,21.613518,21.630684,21.493217,21.613518,21.630684,21.476021,21.544792,21.647850,21.407181,21.699318,21.767891,21.613518,21.802162,21.424393,21.424393,21.613518,21.613518,21.647850,21.647850,21.665016,21.544792,21.544792,21.630684,21.613518,21.596336,21.389961,21.682167,21.665016,21.544792,21.630684,21.630684,21.665016,21.613518,21.887764,21.767891,21.750755,21.579163,21.767891,21.527603,21.647850,21.579163,21.750755,21.819290,21.510414,21.613518,21.544792,21.767891,21.527603,21.544792,21.493217,21.355507,21.630684,21.785027,21.750755,21.561981,21.767891,21.630684,21.630684,21.870644,21.887764,21.750755,21.853539,21.973259,21.802162,21.956161,21.767891,21.853539,21.990349,22.212143,22.212143,22.143959,22.280251,22.297272,22.195107,22.212143,22.297272,22.382309,22.212143,22.280251,22.297272,22.229179,22.178062,22.382309,22.348305,22.365303,22.178062,22.229179,22.280251,22.365303,22.382309,22.314293,22.569054,22.365303,22.161018,22.297272,22.501198,22.484222,22.450264,22.280251,22.246208,22.314293,22.126915,22.195107,22.246208,22.041588,21.956161,21.921967,21.904861,21.939064,22.024513,21.819290,22.024513,22.007431,21.836411,21.819290,21.870644,21.733620,21.904861,22.007431,22.058662,21.887764,22.007431,21.939064,21.785027,21.921967,21.682167,21.904861,21.887764,21.750755,21.785027,21.853539,21.767891,21.836411,21.665016,21.767891,21.904861,21.819290,21.921967,21.853539,21.716469,21.853539,21.819290,21.682167,21.750755,21.544792,21.785027,21.647850,21.870644,21.767891,21.665016,21.613518,21.613518,21.716469,21.647850,21.716469,21.441612,21.441612,21.527603,21.321045,21.303802,21.476021,21.355507,21.234810,21.200287,21.303802,21.096642,21.096642,21.234810,21.148476,21.286568,21.148476,21.010155,20.854233,21.183029,20.975533,21.027458,21.183029,21.113914,21.131203,21.096642,20.992851,21.062057,20.992851,20.940895,20.836899,20.940895,20.888908,20.923576,20.871582,20.784843,20.732758,20.802200,20.628487,20.436943,20.506645,20.454369,20.541473,20.576286,20.576286,20.367180,20.367180,20.471802,20.244934,20.244934,20.524055,20.367180,20.332268,20.314804,20.174995,20.174995,20.157509,20.122513,20.069977,20.017418,19.754082,19.771667,19.754082,19.929733,19.806816,19.877083,19.666115,19.701309,19.771667,19.824394,19.489883,19.736496,19.771667,19.841957,19.666115,19.383957,19.383957,19.578049,19.489883,19.260208,19.419281,19.472237,19.189407,19.242508,19.207108,19.171692,19.330948,19.136261,19.047615,18.941109,18.816673,18.745483,18.442253,18.263351,18.102013,17.688278,17.453522,17.163704,16.763573,16.599342,16.196571,15.736610,15.385422,15.496475,15.181458,15.311302,15.125755,15.088600,14.939812,15.014244,15.181458,14.958420,14.977043,15.181458,15.292770,15.162895,15.292770,15.162895,15.329842,15.125755,15.200020,15.218575,15.014244,15.181458,15.218575,15.125755,15.162895,15.237137,15.255684,14.977043,15.274223,15.181458,15.107178,15.329842,15.218575,15.181458,15.218575,15.181458,15.274223,15.274223,15.070015,15.200020,15.088600,15.125755,15.144333,15.255684,15.107178,15.162895,15.070015,15.070015,15.125755,15.051422,15.144333,15.107178,14.977043,14.958420,14.977043,15.051422,15.014244,15.070015,14.716171,14.865326,14.865326,14.809425,14.865326,14.977043,14.939812,15.014244,14.902580,14.939812,15.032837,14.809425,14.883965,14.958420,15.051422,14.902580,14.828064,15.014244,14.902580,15.014244,14.902580,15.014244,14.865326,14.697517,14.790794,14.809425,14.902580,15.051422,14.902580,14.902580,14.790794,14.921196,14.734833,14.977043,14.865326,14.921196,14.939812,14.828064,14.921196,14.902580,14.883965,14.939812,14.772133,14.883965,14.883965,15.014244,14.939812,14.995636,14.772133,15.051422,15.014244,15.088600,15.125755,14.921196,15.088600,14.977043,15.088600,15.051422,14.902580,15.088600,14.734833,14.883965,15.144333,15.032837,15.088600,15.088600,14.902580,14.921196,15.014244,15.255684,15.144333,15.218575,15.348373,15.125755,15.218575,15.107178,15.125755,15.070015,15.107178,14.846703,15.070015,15.070015,14.902580,14.977043,14.902580,15.107178,14.995636,14.697517,14.678848,14.809425,15.032837,14.697517,14.566772,14.809425,14.660179,14.529381,14.641502,14.435844,14.585457,14.790794,15.088600,14.716171,15.162895,15.422462,15.533455,15.422462,15.292770,15.311302,15.162895,15.237137,15.218575,15.144333,15.051422,14.995636,14.995636,15.032837,14.939812,14.846703,14.790794,14.865326,14.883965,14.902580,14.772133,14.883965,14.939812,14.921196,14.921196,15.162895,15.070015,14.921196,14.939812,14.846703,14.902580,15.162895,14.995636,14.939812,14.921196,14.846703,14.809425,14.921196,14.865326,14.977043,14.753487,15.070015,14.921196,15.051422,14.977043,14.958420,14.828064,14.921196,14.716171,15.088600,14.865326,14.939812,14.809425,14.921196,14.883965,14.772133,14.846703,14.939812,14.883965,14.921196,14.828064,14.921196,14.939812,14.865326,14.883965,14.902580,14.958420,14.995636,14.939812,14.846703,15.014244,15.014244,14.883965,14.958420,15.032837,14.846703,14.902580,14.995636,14.977043,14.734833,15.014244,14.939812,14.865326,14.921196,14.958420,14.995636,14.995636,14.865326,14.846703,14.865326,15.032837,14.902580,15.051422,14.772133,15.014244,14.939812,15.274223,14.921196,14.883965,15.014244,15.014244,14.995636,14.828064,15.088600,15.014244,15.125755,14.883965,14.828064,15.014244,15.125755,14.939812,15.032837,14.846703,15.051422,15.107178,14.977043,15.311302,15.274223,15.088600,15.107178,14.902580,15.014244,14.939812,15.088600,15.255684,15.311302,15.125755,15.088600,15.200020,15.514977,
15.625862,15.791931,15.366905,15.644325,15.533455,15.681252,15.218575,15.496475,15.514977,15.440964,15.200020,15.274223,15.366905,15.311302,15.218575,15.551949,15.477974,15.440964,15.551949,15.884071,16.031273,16.214928,16.945679,17.236252,17.598068,17.994278,18.299164,18.602928,19.083084,19.277893,19.595665,19.754082,19.841957,20.157509,20.209976,20.244934,20.297348,20.279877,20.489220,20.558884,20.454369,20.489220,20.489220,20.558884,20.767487,20.680634,20.558884,20.767487,20.611084,20.750122,20.576286,20.732758,20.750122,20.732758,20.906242,21.010155,21.165756,21.079346,21.165756,21.131203,21.269310,21.321045,21.165756,21.165756,21.338272,21.286568,21.252068,21.148476,21.338272,21.269310,21.286568,21.252068,21.321045,21.355507,21.441612,21.527603,21.303802,21.527603,21.802162,21.493217,21.510414,21.561981,21.647850,21.527603,21.647850,21.887764,21.510414,21.802162,21.665016,21.733620,21.682167,21.767891,21.579163,21.699318,21.665016,21.699318,21.785027,21.699318,21.785027,21.579163,21.699318,21.647850,21.647850,21.682167,21.716469,21.630684,21.630684,21.750755,21.613518,21.544792,21.596336,21.699318,21.561981,21.785027,21.716469,21.699318,21.750755,21.579163,21.441612,21.510414,21.767891,21.441612,21.630684,21.870644,21.613518,21.750755,21.819290,21.579163,21.973259,21.458817,21.733620,21.750755,21.733620,21.699318,21.630684,21.613518,21.682167,21.596336,21.510414,21.407181,21.527603,21.733620,21.493217,21.544792,21.527603,21.579163,21.561981,21.544792,21.596336,21.767891,21.767891,21.836411,21.561981,22.058662,21.716469,21.767891,21.836411,21.819290,21.802162,21.716469,21.887764,21.887764,22.058662,22.024513,22.075729,22.195107,22.092789,22.075729,22.246208,22.263237,22.143959,22.348305,22.314293,22.263237,22.263237,22.297272,22.365303,22.348305,22.297272,22.195107,22.178062,22.126915,22.399300,22.348305,22.314293,22.280251,22.348305,22.484222,22.263237,22.450264,22.416298,22.416298,22.280251,22.263237,22.280251,22.212143,22.109856,22.126915,22.212143,22.092789,21.767891,21.939064,21.990349,21.750755,21.921967,21.990349,21.973259,21.973259,22.109856,21.973259,21.733620,21.956161,22.007431,22.007431,21.956161,22.058662,21.973259,22.024513,21.887764,21.921967,22.024513,21.939064,22.058662,21.785027,21.836411,21.887764,21.819290,21.836411,21.921967,21.767891,21.921967,21.939064,21.921967,21.716469,21.870644,21.836411,21.785027,21.921967,21.785027,21.853539,21.750755,21.836411,21.802162,21.819290,21.733620,21.561981,21.613518,21.647850,21.510414,21.493217,21.647850,21.338272,21.338272,21.321045,21.269310,21.355507,21.321045,21.234810,21.303802,21.165756,21.165756,21.113914,21.234810,21.183029,21.269310,20.992851,21.044754,21.148476,20.992851,21.148476,21.165756,20.888908,21.131203,21.183029,20.958221,20.854233,20.992851,20.836899,20.767487,21.010155,20.923576,20.802200,20.750122,20.750122,20.698021,20.750122,20.384621,20.524055,20.506645,20.541473,20.384621,20.419502,20.367180,20.402061,20.402061,20.227455,20.244934,20.402061,20.419502,20.262413,20.279877,20.227455,20.140007,20.314804,20.069977,19.964821,19.947273,19.982353,19.859520,19.841957,19.912178,19.736496,19.806816,19.841957,19.578049,19.736496,19.489883,19.683716,19.630898,19.718910,19.542793,19.578049,19.595665,19.754082,19.507530,19.454590,19.313263,19.383957,19.366287,19.277893,19.454590,19.029869,19.065346,19.330948,19.242508,19.224815,18.958870,18.941109,18.905579,18.763298,18.424385,18.299164,18.030205,17.688278,17.489685,17.218117,16.909286,16.453102,16.123146,15.865646,15.514977,15.366905,15.385422,15.181458,15.125755,15.088600,14.977043,14.790794,15.200020,15.070015,14.939812,15.181458,15.311302,15.162895,15.348373,15.218575,15.200020,15.237137,15.311302,15.366905,15.218575,15.162895,15.125755,15.200020,15.144333,15.162895,15.348373,15.255684,15.237137,15.237137,15.292770,15.218575,15.255684,15.255684,15.200020,15.255684,15.107178,15.237137,15.107178,15.292770,15.032837,15.051422,15.014244,15.070015,15.181458,15.125755,15.144333,15.107178,15.125755,14.977043,15.200020,15.181458,15.032837,15.014244,15.144333,15.200020,15.088600,15.107178,14.977043,15.032837,15.070015,14.958420,14.921196,14.921196,14.883965,15.051422,14.921196,15.032837,14.977043,14.958420,14.828064,15.014244,15.032837,14.921196,14.902580,14.939812,14.977043,14.865326,15.070015,14.939812,14.790794,14.772133,14.846703,14.921196,14.846703,14.921196,14.809425,14.939812,14.716171,14.790794,14.734833,14.921196,14.678848,14.865326,14.846703,14.809425,14.809425,14.995636,14.809425,14.865326,14.995636,15.088600,14.865326,15.088600,14.939812,14.865326,14.939812,15.051422,14.977043,14.958420,14.977043,14.977043,15.014244,15.051422,15.125755,14.977043,14.883965,15.181458,15.070015,14.939812,15.051422,15.014244,15.014244,15.255684,15.255684,15.032837,15.162895,15.125755,15.088600,15.218575,15.032837,14.995636,15.348373,15.329842,15.088600,15.107178,14.921196,15.144333,15.255684,15.255684,15.274223,15.200020,14.995636,14.790794,15.070015,14.883965,14.939812,14.753487,14.772133,14.660179,14.902580,14.641502,14.753487,14.846703,14.790794,14.660179,14.772133,14.865326,15.070015,15.107178,15.348373,15.218575,15.255684,15.311302,15.588913,15.144333,15.237137,15.311302,15.366905,15.274223,15.070015,15.218575,15.162895,15.032837,14.921196,14.902580,14.958420,14.921196,15.162895,14.790794,14.995636,14.865326,14.902580,15.014244,15.032837,15.144333,14.865326,15.125755,14.921196,15.107178,14.995636,15.181458,15.032837,15.070015,14.809425,14.921196,14.828064,14.883965,14.865326,14.939812,14.921196,14.977043,14.772133,15.032837,14.883965,14.772133,14.995636,14.977043,15.032837,14.958420,14.921196,14.939812,14.921196,14.902580,14.865326,15.014244,14.958420,14.977043,14.977043,14.902580,14.790794,14.809425,14.883965,15.144333,14.902580,15.051422,14.995636,14.883965,14.828064,14.939812,14.828064,14.939812,14.846703,15.051422,15.070015,14.865326,14.865326,15.032837,14.977043,14.865326,14.977043,14.883965,14.977043,15.032837,14.902580,14.828064,14.977043,14.902580,14.977043,14.958420,14.995636,14.902580,15.088600,14.921196,14.977043,14.865326,14.883965,15.088600,15.125755,14.977043,14.678848,14.883965,14.883965,14.790794,15.107178,15.051422,15.014244,14.939812,14.902580,14.995636,15.032837,14.772133,14.939812,14.883965,14.828064,14.977043,15.107178,15.088600,15.032837,14.883965,14.939812,14.939812,14.921196,15.292770,15.014244,15.070015,14.939812,15.051422,15.162895,15.422462,
15.847229,15.847229,15.496475,15.385422,15.644325,15.607391,15.570435,15.551949,15.403938,15.422462,15.403938,15.385422,15.274223,15.162895,15.162895,15.218575,15.366905,15.403938,15.681252,15.607391,15.939293,16.306610,16.635872,17.000237,17.525826,17.958336,18.227524,18.370735,19.012123,19.100807,19.419281,19.789246,19.701309,20.017418,20.157509,20.279877,20.244934,20.349724,20.367180,20.471802,20.489220,20.454369,20.541473,20.576286,20.524055,20.419502,20.593697,20.645866,20.663254,20.558884,20.489220,20.715385,20.906242,20.611084,20.802200,20.871582,21.148476,21.062057,21.148476,21.234810,21.355507,21.217552,21.183029,21.217552,21.165756,21.407181,21.561981,21.389961,21.458817,21.096642,21.321045,21.424393,21.252068,21.424393,21.441612,21.579163,21.579163,21.579163,21.303802,21.630684,21.527603,21.527603,21.699318,21.561981,21.630684,21.887764,21.836411,21.716469,21.682167,21.939064,21.647850,21.613518,21.630684,21.596336,21.613518,21.750755,21.561981,21.802162,21.665016,21.904861,21.647850,21.699318,21.699318,21.596336,21.853539,21.699318,21.699318,21.647850,21.785027,21.630684,21.699318,21.647850,21.561981,21.527603,21.802162,21.682167,21.561981,21.802162,21.682167,21.510414,21.372734,21.613518,21.750755,21.716469,21.733620,21.733620,21.665016,21.682167,21.887764,21.853539,21.853539,21.836411,21.750755,21.630684,21.630684,21.904861,21.613518,21.613518,21.630684,21.613518,21.476021,21.510414,21.527603,21.527603,21.647850,21.647850,21.853539,21.458817,21.733620,21.544792,21.613518,21.767891,21.767891,21.733620,21.699318,21.682167,21.853539,21.767891,21.613518,21.887764,21.836411,21.853539,21.990349,21.887764,22.109856,22.143959,21.904861,22.178062,21.990349,22.331291,22.229179,22.143959,22.212143,22.365303,22.314293,22.348305,22.331291,22.195107,22.365303,22.246208,22.280251,22.297272,22.297272,22.467247,22.365303,22.399300,22.365303,22.314293,22.348305,22.518166,22.331291,22.433289,22.263237,22.399300,22.161018,22.263237,22.178062,22.297272,22.092789,21.802162,21.956161,21.956161,21.990349,22.041588,21.904861,22.195107,22.007431,21.904861,21.990349,21.904861,22.041588,22.109856,21.853539,22.092789,21.973259,21.990349,21.785027,21.939064,21.973259,21.956161,21.956161,21.921967,22.007431,21.956161,21.750755,22.092789,21.836411,21.956161,21.990349,21.939064,21.887764,22.075729,22.024513,21.853539,21.819290,21.956161,21.870644,22.058662,21.819290,21.836411,21.802162,21.785027,21.939064,21.887764,21.716469,21.785027,21.767891,21.716469,21.785027,21.733620,21.596336,21.579163,21.527603,21.510414,21.527603,21.389961,21.355507,21.476021,21.200287,21.200287,21.062057,21.269310,21.234810,21.252068,20.975533,21.079346,21.148476,21.217552,21.131203,20.975533,21.062057,21.131203,21.079346,21.217552,21.044754,20.975533,21.027458,21.062057,20.854233,20.854233,20.958221,20.836899,20.802200,20.767487,20.750122,20.750122,20.680634,20.558884,20.524055,20.593697,20.558884,20.471802,20.367180,20.593697,20.332268,20.611084,20.471802,20.471802,20.367180,20.314804,20.314804,20.332268,20.262413,20.105003,20.140007,20.087494,19.999893,19.964821,19.789246,19.666115,19.630898,19.929733,19.578049,19.683716,19.894638,19.789246,19.648506,19.701309,19.648506,19.806816,19.578049,19.525154,19.436943,19.525154,19.613289,19.648506,19.525154,19.542793,19.348618,19.578049,19.436943,19.224815,19.153984,19.313263,19.277893,19.189407,19.295586,19.012123,19.047615,18.692055,18.460121,18.352852,17.868416,17.688278,17.598068,17.236252,16.854668,16.617607,16.196571,15.828796,15.865646,15.459480,15.181458,15.255684,15.107178,15.088600,15.181458,15.162895,15.088600,15.088600,15.051422,15.088600,15.477974,15.403938,15.144333,15.200020,15.144333,15.255684,15.292770,15.218575,15.366905,15.329842,15.200020,15.237137,15.255684,15.237137,15.292770,15.144333,15.403938,15.200020,15.348373,15.329842,15.144333,15.311302,15.200020,15.051422,14.977043,15.144333,15.162895,15.144333,15.181458,15.107178,15.200020,15.162895,15.107178,15.088600,15.070015,15.218575,15.125755,15.200020,15.200020,15.144333,15.162895,15.107178,14.939812,15.107178,15.125755,14.921196,15.032837,15.125755,14.977043,15.051422,14.902580,14.958420,15.107178,14.865326,15.051422,15.125755,14.828064,14.958420,14.772133,14.902580,14.790794,14.939812,14.958420,14.902580,15.032837,15.070015,14.939812,14.846703,14.902580,14.790794,14.977043,14.902580,14.902580,14.977043,14.921196,14.958420,14.958420,14.846703,14.883965,14.809425,14.790794,14.958420,14.865326,14.902580,14.939812,14.921196,14.790794,14.883965,14.921196,15.125755,14.902580,14.995636,14.883965,14.883965,15.070015,14.977043,14.828064,14.977043,14.995636,15.070015,14.883965,14.939812,14.977043,15.218575,15.162895,15.107178,14.921196,15.181458,14.958420,14.902580,15.162895,15.107178,15.218575,15.162895,15.218575,15.032837,15.125755,15.162895,15.014244,15.088600,14.977043,15.014244,14.939812,15.107178,15.144333,15.181458,14.995636,15.088600,15.125755,15.144333,14.939812,15.014244,14.828064,14.958420,14.697517,14.790794,14.883965,14.641502,14.902580,14.604141,14.641502,14.697517,14.772133,14.491982,14.753487,14.846703,15.144333,15.144333,15.200020,15.274223,15.200020,15.311302,15.292770,15.329842,15.218575,15.329842,15.292770,15.162895,15.125755,15.088600,15.144333,14.977043,14.809425,15.032837,14.828064,14.734833,14.846703,14.828064,14.734833,14.883965,14.753487,15.032837,15.051422,15.144333,14.995636,15.107178,14.865326,15.125755,14.809425,14.977043,14.995636,14.846703,14.939812,14.902580,14.790794,14.977043,14.865326,14.772133,14.790794,14.865326,15.051422,14.921196,15.032837,14.958420,14.939812,14.734833,14.865326,14.995636,15.125755,14.921196,14.921196,15.070015,15.051422,14.716171,15.070015,14.958420,14.921196,14.809425,15.014244,15.088600,14.939812,14.846703,14.828064,15.181458,15.181458,14.883965,15.125755,14.809425,14.883965,15.107178,14.772133,14.772133,14.828064,14.865326,14.790794,15.014244,14.790794,15.070015,14.828064,15.088600,14.846703,14.828064,14.883965,15.181458,14.995636,14.939812,14.883965,14.977043,15.070015,14.883965,14.921196,14.790794,15.032837,14.865326,14.921196,14.977043,14.865326,14.641502,14.846703,14.883965,14.902580,14.977043,15.107178,14.977043,15.237137,14.939812,15.107178,14.828064,15.144333,15.032837,14.958420,14.977043,15.125755,15.088600,14.772133,14.995636,15.125755,15.107178,15.237137,15.088600,15.088600,14.921196,15.088600,15.311302,15.088600,15.107178,15.107178,15.255684,
15.662788,15.440964,15.385422,15.533455,15.329842,15.570435,15.514977,15.477974,15.440964,15.274223,15.329842,15.144333,15.255684,15.237137,15.274223,15.218575,15.459480,15.144333,15.625862,15.884071,15.976097,16.434807,16.617607,17.290627,17.435440,17.814415,18.334953,18.620766,18.852249,19.348618,19.525154,19.859520,19.771667,19.877083,19.982353,20.122513,20.297348,20.436943,20.262413,20.558884,20.558884,20.384621,20.436943,20.489220,20.524055,20.524055,20.558884,20.663254,20.698021,20.802200,20.541473,20.906242,20.767487,20.819542,20.750122,21.079346,21.183029,21.217552,21.044754,21.044754,21.286568,21.131203,21.338272,21.165756,21.458817,21.234810,21.579163,21.476021,21.424393,21.424393,21.544792,21.699318,21.596336,21.510414,21.407181,21.767891,21.733620,21.579163,21.579163,21.544792,21.476021,21.785027,21.527603,21.579163,21.682167,21.647850,21.887764,21.665016,21.561981,21.785027,21.887764,21.785027,21.802162,21.802162,21.887764,21.716469,21.630684,21.733620,21.613518,21.767891,21.510414,21.699318,21.682167,21.596336,21.870644,21.767891,21.904861,21.682167,21.785027,21.785027,21.716469,21.819290,21.682167,21.665016,21.836411,21.579163,21.665016,21.785027,21.389961,21.665016,21.579163,21.733620,21.630684,21.767891,21.596336,21.819290,21.973259,21.750755,21.682167,21.682167,21.887764,21.836411,21.870644,21.630684,21.682167,21.733620,21.733620,21.836411,21.665016,21.682167,21.647850,21.647850,21.699318,21.630684,21.613518,21.870644,21.665016,21.596336,21.613518,21.716469,21.647850,21.785027,21.785027,21.802162,21.870644,21.785027,21.853539,21.699318,21.819290,21.750755,21.682167,21.802162,21.956161,22.041588,21.956161,21.973259,22.075729,22.195107,22.382309,22.195107,22.365303,22.212143,22.348305,22.382309,22.297272,22.280251,22.314293,22.195107,22.314293,22.229179,22.280251,22.161018,22.297272,22.416298,22.263237,22.314293,22.161018,22.416298,22.416298,22.382309,22.297272,22.484222,22.399300,22.331291,22.178062,22.161018,22.229179,22.109856,21.956161,21.836411,21.990349,22.024513,22.058662,22.075729,21.853539,22.041588,22.024513,22.041588,22.024513,22.007431,22.126915,22.041588,22.092789,22.126915,22.229179,21.904861,22.058662,22.024513,21.990349,22.024513,22.212143,22.041588,22.024513,22.109856,21.973259,22.126915,22.058662,22.092789,22.109856,21.956161,21.921967,21.921967,22.041588,21.973259,22.058662,22.024513,21.870644,21.990349,22.024513,21.836411,21.819290,22.075729,21.802162,21.939064,21.819290,21.939064,21.870644,21.802162,21.493217,21.767891,21.493217,21.716469,21.596336,21.493217,21.458817,21.355507,21.321045,21.286568,21.200287,21.131203,21.286568,21.269310,21.269310,21.234810,21.079346,21.131203,21.183029,21.027458,21.165756,21.044754,20.992851,21.027458,20.975533,20.940895,21.010155,21.079346,20.940895,20.923576,20.975533,20.940895,20.854233,20.871582,20.802200,20.593697,20.663254,20.593697,20.750122,20.471802,20.576286,20.558884,20.314804,20.576286,20.436943,20.524055,20.367180,20.384621,20.541473,20.402061,20.314804,20.454369,20.454369,20.174995,20.349724,20.297348,20.192490,20.140007,19.947273,19.894638,19.894638,19.701309,19.718910,19.736496,19.666115,19.718910,19.754082,19.754082,19.718910,19.560417,19.630898,19.489883,19.718910,19.771667,19.789246,19.630898,19.560417,19.595665,19.489883,19.260208,19.348618,19.313263,19.295586,19.171692,19.118538,19.083084,19.118538,19.277893,19.012123,18.994377,18.958870,18.692055,18.424385,18.245445,17.976311,17.814415,17.471611,17.181839,16.945679,16.416496,15.957695,15.902481,15.644325,15.533455,15.440964,15.088600,15.088600,15.200020,14.902580,15.218575,14.977043,14.865326,15.181458,15.237137,15.088600,15.237137,15.311302,15.237137,15.385422,15.348373,15.255684,15.255684,15.237137,15.237137,15.070015,15.237137,15.200020,15.125755,15.218575,15.329842,15.329842,15.292770,15.292770,14.995636,15.181458,15.051422,15.237137,15.125755,14.958420,15.088600,14.902580,15.162895,15.125755,15.107178,14.995636,15.088600,15.014244,15.032837,15.070015,14.977043,15.181458,15.070015,15.014244,15.255684,15.032837,14.921196,15.144333,15.107178,15.014244,15.144333,15.014244,15.181458,14.902580,14.883965,14.939812,14.977043,14.902580,15.107178,15.051422,14.883965,14.865326,14.958420,14.958420,14.753487,15.125755,14.846703,14.902580,14.902580,14.902580,14.883965,15.032837,14.734833,14.716171,15.014244,15.032837,14.828064,14.846703,14.846703,14.734833,14.883965,14.772133,14.772133,14.772133,14.604141,14.790794,14.902580,14.734833,14.790794,14.790794,14.790794,14.902580,14.641502,14.734833,15.311302,15.014244,14.995636,14.902580,14.921196,14.678848,14.790794,15.107178,14.977043,14.977043,15.237137,14.790794,14.846703,14.846703,14.790794,14.734833,14.939812,14.958420,15.032837,14.828064,15.144333,15.088600,15.051422,15.144333,15.032837,15.181458,15.051422,15.070015,15.088600,15.200020,15.144333,15.014244,15.237137,14.977043,15.162895,15.051422,15.162895,15.255684,15.107178,14.995636,15.014244,15.311302,14.995636,14.846703,14.865326,14.790794,14.809425,14.604141,14.828064,14.641502,14.660179,14.641502,14.566772,14.660179,14.828064,14.939812,14.809425,15.051422,15.200020,14.977043,15.237137,15.366905,15.051422,15.144333,15.218575,15.496475,15.292770,15.125755,15.348373,15.237137,15.200020,15.348373,15.144333,14.809425,14.958420,14.958420,15.088600,14.790794,14.902580,14.697517,14.790794,15.088600,14.678848,14.772133,15.107178,15.070015,15.051422,14.809425,15.032837,15.088600,15.144333,14.995636,14.902580,14.772133,15.088600,14.939812,14.921196,15.088600,14.865326,14.939812,14.846703,14.902580,15.032837,14.995636,14.939812,14.921196,14.977043,14.977043,14.660179,14.902580,14.846703,14.921196,15.088600,15.014244,15.125755,14.716171,15.014244,15.070015,14.958420,14.753487,14.939812,15.107178,15.014244,14.865326,14.828064,14.883965,15.014244,14.995636,14.790794,15.051422,14.902580,14.902580,15.070015,14.902580,15.181458,14.790794,14.902580,14.660179,14.958420,14.902580,14.902580,14.790794,14.958420,15.032837,14.883965,15.070015,15.088600,14.921196,14.716171,14.902580,14.846703,15.014244,15.014244,14.995636,14.921196,14.958420,14.828064,14.977043,14.846703,15.088600,14.883965,14.977043,15.088600,14.809425,15.162895,15.070015,14.883965,14.995636,14.828064,15.144333,15.200020,15.144333,15.162895,15.032837,14.921196,15.144333,14.958420,15.088600,14.958420,15.422462,14.995636,14.995636,15.051422,15.311302,15.014244,15.107178,15.348373,15.237137,15.200020,
15.755058,15.699715,15.644325,15.699715,15.533455,15.514977,15.440964,15.496475,15.533455,15.496475,15.329842,15.311302,15.088600,15.181458,15.348373,15.385422,15.218575,15.329842,15.366905,15.718163,16.068031,16.306610,16.708862,17.145554,17.453522,17.940361,18.173759,18.513702,18.923340,19.153984,19.454590,19.754082,19.824394,19.929733,19.982353,20.367180,20.157509,20.419502,20.489220,20.471802,20.541473,20.628487,20.436943,20.663254,20.506645,20.471802,20.645866,20.888908,20.871582,20.698021,20.489220,20.645866,20.767487,20.871582,21.079346,21.027458,21.079346,21.269310,21.234810,21.234810,21.269310,21.321045,21.183029,21.217552,21.252068,21.579163,21.458817,21.303802,21.424393,21.355507,21.407181,21.458817,21.165756,21.665016,21.665016,21.493217,21.699318,21.647850,21.596336,21.716469,21.579163,21.767891,21.527603,21.785027,21.647850,21.716469,21.716469,21.785027,21.819290,21.853539,21.836411,21.699318,21.750755,21.716469,21.887764,21.819290,21.921967,21.819290,21.785027,21.887764,21.665016,21.733620,21.767891,21.699318,21.904861,21.716469,21.836411,21.802162,21.733620,21.579163,21.716469,21.716469,21.785027,21.682167,21.819290,21.733620,21.682167,21.579163,21.561981,21.699318,21.682167,21.561981,21.561981,21.750755,21.699318,21.802162,21.870644,21.904861,21.956161,21.904861,21.819290,21.956161,21.716469,21.870644,21.870644,21.699318,21.699318,21.682167,21.527603,21.561981,21.458817,21.613518,21.647850,21.665016,21.699318,21.767891,21.476021,21.527603,21.579163,21.802162,21.647850,21.785027,21.613518,21.682167,21.544792,21.716469,21.819290,21.836411,21.613518,21.665016,21.682167,21.750755,21.939064,21.853539,21.853539,22.092789,22.109856,22.075729,22.126915,22.229179,22.263237,22.348305,22.314293,22.092789,22.246208,22.297272,22.314293,22.297272,22.229179,22.212143,22.314293,22.229179,22.365303,22.365303,22.382309,22.246208,22.348305,22.467247,22.331291,22.433289,22.382309,22.178062,22.433289,22.092789,22.058662,22.246208,22.041588,22.024513,21.853539,21.921967,22.024513,21.921967,21.802162,22.007431,22.024513,22.229179,21.887764,22.126915,21.836411,22.092789,21.887764,22.161018,22.041588,22.246208,22.058662,22.143959,22.058662,22.041588,22.041588,22.143959,22.109856,22.195107,22.161018,22.007431,22.075729,22.229179,22.195107,22.143959,22.041588,22.092789,22.109856,22.161018,22.024513,21.939064,21.990349,22.092789,22.143959,22.143959,22.109856,21.904861,22.007431,22.041588,22.007431,22.024513,21.904861,22.024513,21.973259,22.058662,21.716469,21.561981,21.596336,21.802162,21.630684,21.596336,21.579163,21.338272,21.338272,21.321045,21.458817,21.027458,21.286568,21.321045,21.165756,21.372734,21.252068,21.062057,21.269310,21.303802,21.062057,21.286568,21.148476,21.096642,21.096642,21.338272,21.079346,20.906242,20.784843,20.975533,20.680634,21.062057,20.854233,20.906242,20.906242,20.784843,20.750122,20.767487,20.819542,20.732758,20.576286,20.419502,20.367180,20.645866,20.558884,20.506645,20.332268,20.576286,20.454369,20.628487,20.349724,20.402061,20.419502,20.122513,20.262413,20.157509,20.122513,20.332268,19.929733,19.824394,19.894638,19.841957,19.683716,19.718910,19.525154,19.595665,19.489883,19.383957,19.736496,19.701309,19.595665,19.771667,19.630898,19.630898,19.560417,19.701309,19.489883,19.383957,19.525154,19.578049,19.436943,19.542793,19.136261,19.260208,19.207108,19.083084,19.207108,19.224815,19.118538,19.100807,18.994377,18.709869,18.834473,18.299164,18.012245,17.724342,17.326851,17.109245,16.891090,16.526253,16.214928,15.588913,15.496475,15.477974,15.311302,15.385422,15.051422,15.088600,14.995636,15.181458,15.088600,15.051422,15.144333,15.162895,15.255684,15.348373,15.533455,15.403938,15.329842,15.200020,15.255684,15.144333,15.329842,15.200020,15.200020,15.274223,15.162895,15.274223,15.292770,15.200020,15.329842,15.255684,15.255684,15.237137,14.977043,15.292770,15.014244,15.181458,14.958420,15.181458,15.218575,15.255684,14.939812,15.107178,15.144333,15.014244,15.181458,15.088600,15.070015,15.032837,15.070015,15.051422,15.125755,15.088600,15.218575,15.107178,15.070015,15.200020,15.088600,15.088600,15.032837,15.051422,14.958420,14.958420,14.865326,15.051422,14.846703,14.995636,14.902580,14.977043,15.070015,15.032837,14.828064,15.014244,14.995636,14.939812,15.051422,15.032837,14.995636,15.144333,14.678848,15.051422,14.865326,14.734833,14.828064,14.939812,14.828064,14.828064,14.902580,14.790794,14.883965,14.902580,15.014244,14.883965,14.846703,14.921196,14.958420,14.846703,15.051422,15.014244,14.809425,14.921196,14.846703,14.902580,15.107178,15.051422,14.995636,14.846703,14.883965,14.828064,14.958420,14.995636,14.883965,15.088600,14.828064,14.865326,15.014244,14.865326,15.051422,15.014244,15.107178,14.939812,15.051422,15.051422,15.125755,15.088600,15.292770,15.218575,15.070015,15.162895,15.237137,15.125755,15.162895,15.274223,15.274223,15.088600,15.200020,15.144333,15.107178,15.032837,15.218575,15.218575,15.051422,15.088600,15.088600,15.181458,14.977043,14.977043,14.622826,14.939812,14.921196,14.585457,14.566772,14.660179,14.548080,14.772133,14.566772,14.678848,14.790794,14.958420,15.070015,15.070015,15.218575,15.088600,15.200020,15.255684,15.348373,15.237137,15.422462,15.237137,14.995636,15.088600,15.218575,15.051422,15.107178,15.144333,15.051422,14.902580,14.921196,14.883965,14.734833,14.846703,14.809425,14.939812,14.902580,14.921196,15.237137,15.200020,15.107178,14.865326,14.921196,15.032837,14.939812,14.902580,14.977043,15.032837,14.809425,15.181458,15.051422,14.883965,14.995636,15.181458,14.995636,14.958420,14.977043,15.032837,14.995636,15.070015,14.846703,15.274223,14.790794,14.995636,15.107178,15.051422,15.014244,14.883965,14.939812,14.939812,14.753487,14.902580,14.753487,14.790794,14.958420,15.144333,14.846703,15.070015,15.051422,14.995636,14.958420,14.809425,15.088600,14.734833,14.753487,14.958420,14.902580,14.921196,14.772133,15.014244,14.958420,14.958420,14.641502,14.883965,15.032837,14.902580,14.939812,15.088600,14.809425,15.051422,14.865326,15.125755,15.125755,14.865326,15.088600,14.716171,15.125755,14.828064,14.809425,15.014244,14.939812,14.790794,15.237137,15.144333,14.939812,15.051422,14.716171,14.958420,14.883965,14.977043,14.902580,15.014244,14.902580,15.181458,14.846703,14.902580,15.200020,15.070015,14.790794,15.032837,15.162895,15.162895,15.032837,15.218575,14.958420,15.181458,15.162895,15.403938,15.218575,15.070015,15.088600,15.292770,14.939812,15.366905,
15.662788,15.570435,15.570435,15.551949,15.644325,15.514977,15.329842,15.514977,15.477974,15.348373,15.125755,15.144333,15.274223,15.329842,15.255684,15.348373,15.218575,15.496475,15.440964,15.718163,15.994492,16.489677,16.836464,17.145554,17.489685,18.084076,18.370735,18.495850,18.852249,19.383957,19.401619,19.542793,19.929733,19.912178,20.279877,20.314804,20.384621,20.489220,20.402061,20.524055,20.750122,20.454369,20.297348,20.524055,20.663254,20.784843,20.489220,20.819542,20.628487,20.558884,20.576286,20.750122,20.802200,20.871582,20.906242,21.010155,20.923576,21.269310,21.183029,21.148476,21.286568,21.252068,21.269310,21.321045,21.510414,21.544792,21.389961,21.476021,21.510414,21.424393,21.613518,21.596336,21.733620,21.733620,21.510414,21.716469,21.372734,21.665016,21.579163,21.750755,21.750755,21.733620,21.682167,21.887764,21.699318,21.665016,21.733620,21.699318,21.904861,21.870644,21.733620,21.887764,21.853539,21.819290,21.853539,21.750755,21.904861,21.904861,21.870644,21.733620,21.819290,21.665016,21.733620,21.870644,21.767891,21.630684,21.785027,21.819290,21.836411,21.853539,21.716469,21.596336,21.767891,21.716469,21.647850,21.665016,21.733620,21.682167,21.510414,21.579163,21.527603,21.647850,21.544792,21.870644,21.699318,21.956161,21.836411,21.802162,21.939064,21.733620,21.750755,21.750755,21.956161,21.630684,21.887764,21.870644,21.596336,21.527603,21.716469,21.441612,21.579163,21.630684,21.579163,21.527603,21.596336,21.767891,21.716469,21.785027,21.716469,21.647850,21.561981,21.819290,21.836411,21.699318,21.716469,21.682167,21.785027,21.665016,21.596336,21.579163,21.733620,21.716469,21.733620,21.802162,22.075729,21.990349,22.092789,22.161018,22.058662,22.297272,22.280251,22.280251,22.109856,22.263237,22.263237,22.126915,22.246208,22.161018,22.280251,22.484222,22.263237,22.246208,22.109856,22.518166,22.314293,22.399300,22.331291,22.263237,22.348305,22.246208,22.297272,22.229179,22.314293,22.331291,21.973259,22.246208,22.263237,22.075729,21.921967,21.921967,21.939064,22.058662,21.990349,22.041588,22.041588,22.126915,21.939064,21.990349,22.143959,22.263237,22.109856,22.092789,22.041588,22.075729,22.058662,22.075729,22.280251,22.178062,22.229179,22.229179,22.263237,22.092789,22.058662,22.246208,22.280251,22.229179,22.212143,22.075729,22.092789,22.246208,22.092789,22.263237,22.075729,22.314293,22.229179,21.990349,22.041588,22.075729,22.143959,21.921967,21.956161,22.143959,22.041588,22.075729,22.007431,22.041588,22.007431,21.870644,21.921967,21.904861,21.836411,21.613518,21.699318,21.596336,21.561981,21.458817,21.372734,21.338272,21.200287,21.200287,21.303802,21.389961,21.269310,21.355507,21.183029,21.183029,21.286568,21.062057,20.975533,21.200287,21.044754,21.131203,20.975533,21.183029,20.923576,21.062057,20.923576,20.906242,20.680634,20.680634,20.819542,20.750122,20.663254,20.593697,20.784843,20.611084,20.680634,20.611084,20.471802,20.419502,20.524055,20.558884,20.419502,20.576286,20.576286,20.524055,20.436943,20.506645,20.419502,20.367180,20.419502,20.332268,20.192490,20.227455,20.157509,20.349724,19.929733,19.912178,19.877083,19.859520,19.824394,19.683716,19.877083,19.542793,19.859520,19.789246,19.648506,19.683716,19.542793,19.472237,19.595665,19.789246,19.736496,19.771667,19.472237,19.542793,19.560417,19.348618,19.454590,19.383957,19.189407,19.313263,19.260208,19.366287,19.207108,19.295586,19.083084,18.958870,18.887802,18.656418,18.567253,18.245445,18.066116,17.652206,17.489685,17.091087,16.654121,16.233269,16.104774,15.976097,15.440964,15.477974,15.274223,15.107178,15.125755,15.051422,14.772133,14.902580,15.144333,15.088600,15.144333,15.107178,15.329842,15.237137,15.477974,15.422462,15.237137,15.311302,15.311302,15.051422,15.255684,15.274223,15.218575,15.218575,15.125755,15.329842,15.181458,15.422462,15.237137,15.329842,15.311302,15.088600,15.162895,15.311302,15.070015,15.274223,15.200020,15.125755,14.939812,15.218575,15.125755,15.181458,15.162895,15.088600,15.070015,15.107178,15.181458,15.274223,14.995636,14.977043,14.846703,15.255684,14.902580,14.939812,15.070015,14.995636,15.088600,15.014244,14.977043,15.107178,15.162895,14.977043,14.902580,15.125755,14.921196,15.107178,14.865326,15.032837,14.828064,15.014244,15.014244,14.958420,14.902580,14.883965,14.977043,14.809425,15.032837,14.883965,14.921196,14.902580,14.865326,14.939812,15.014244,14.921196,14.828064,14.697517,14.846703,14.772133,14.939812,14.846703,14.809425,14.902580,14.566772,14.753487,14.939812,14.977043,14.883965,14.939812,14.865326,14.902580,15.070015,14.902580,14.846703,14.977043,14.958420,15.107178,14.828064,14.865326,15.014244,15.107178,14.995636,14.939812,14.977043,14.958420,14.921196,14.902580,14.958420,14.939812,14.939812,15.181458,14.995636,15.292770,14.995636,15.200020,15.162895,15.088600,14.902580,15.070015,14.995636,15.144333,14.958420,14.977043,15.051422,15.070015,15.014244,15.162895,15.088600,15.162895,14.995636,14.939812,14.995636,14.977043,15.014244,14.883965,14.939812,14.921196,14.921196,14.734833,14.772133,14.716171,14.529381,14.697517,14.379669,14.753487,14.510681,14.939812,14.828064,14.846703,15.014244,15.181458,15.181458,15.292770,15.181458,15.218575,15.311302,15.311302,15.292770,15.311302,15.125755,15.292770,14.902580,15.181458,15.014244,14.995636,15.051422,15.070015,14.958420,14.734833,14.790794,14.865326,14.753487,14.902580,14.790794,14.921196,15.014244,14.939812,15.032837,14.902580,15.014244,15.014244,15.125755,14.921196,15.070015,14.977043,14.939812,14.939812,14.753487,14.977043,15.032837,14.977043,14.846703,14.883965,14.809425,14.958420,14.865326,14.846703,14.772133,14.902580,14.977043,14.902580,14.641502,14.865326,14.939812,14.902580,14.828064,14.865326,15.032837,14.977043,14.958420,14.828064,15.051422,14.939812,14.958420,14.846703,14.809425,14.809425,14.809425,14.865326,14.921196,14.828064,14.977043,15.051422,14.921196,14.865326,14.772133,15.014244,14.734833,15.014244,15.088600,14.921196,14.790794,15.014244,14.697517,15.051422,14.753487,15.070015,14.977043,14.828064,14.902580,14.921196,14.921196,15.014244,14.865326,14.995636,15.051422,14.828064,14.902580,14.883965,15.051422,14.902580,14.548080,14.865326,15.051422,14.865326,14.772133,15.088600,14.977043,14.902580,15.125755,14.958420,14.883965,14.939812,15.014244,15.125755,15.162895,15.107178,15.088600,15.144333,15.162895,15.032837,14.921196,15.162895,15.162895,15.088600,15.311302,14.958420,15.255684,15.144333,14.921196,15.255684,
15.699715,15.551949,15.459480,15.514977,15.607391,15.533455,15.292770,15.662788,15.422462,15.366905,15.181458,15.292770,15.237137,15.366905,15.422462,15.274223,15.403938,15.514977,15.477974,15.920883,15.828796,16.361572,16.562805,17.127403,17.634163,17.958336,18.245445,18.549400,18.958870,19.083084,19.595665,19.648506,20.087494,20.069977,20.192490,20.367180,20.297348,20.349724,20.524055,20.471802,20.471802,20.524055,20.524055,20.524055,20.558884,20.732758,20.680634,20.663254,20.784843,20.698021,20.715385,20.558884,20.888908,20.611084,20.819542,21.062057,21.062057,20.992851,21.269310,21.286568,21.234810,21.217552,21.183029,21.303802,21.303802,21.424393,21.303802,21.389961,21.510414,21.389961,21.441612,21.544792,21.510414,21.613518,21.596336,21.596336,21.733620,21.647850,21.647850,21.785027,21.699318,21.682167,21.665016,21.716469,21.819290,21.819290,21.836411,21.819290,21.921967,22.041588,21.956161,21.904861,21.699318,21.956161,21.990349,21.819290,21.819290,21.699318,21.699318,21.819290,21.887764,21.956161,21.802162,21.887764,21.853539,21.904861,21.887764,21.716469,21.819290,21.665016,21.819290,21.665016,21.596336,21.921967,21.682167,21.785027,21.853539,21.750755,21.596336,21.682167,21.561981,21.476021,21.493217,21.682167,21.870644,21.802162,21.887764,21.904861,21.904861,21.921967,21.699318,21.887764,21.921967,21.785027,21.819290,21.699318,21.716469,21.613518,21.527603,21.596336,21.716469,21.682167,21.510414,21.647850,21.750755,21.819290,21.613518,21.596336,21.767891,21.682167,21.630684,21.853539,21.870644,21.733620,21.716469,21.767891,21.527603,21.716469,21.647850,21.665016,21.750755,21.561981,21.767891,21.939064,21.887764,22.007431,22.041588,21.973259,22.178062,22.246208,22.195107,22.280251,22.280251,22.126915,22.161018,22.297272,22.263237,22.348305,22.348305,22.280251,22.331291,22.416298,22.416298,22.382309,22.280251,22.229179,22.348305,22.569054,22.263237,22.212143,22.399300,22.280251,22.331291,22.297272,22.041588,22.280251,22.143959,22.092789,22.007431,21.853539,21.785027,21.921967,21.939064,22.092789,22.007431,22.058662,21.956161,22.058662,22.092789,22.280251,22.263237,22.365303,22.297272,22.450264,22.280251,22.280251,22.399300,22.195107,22.246208,22.314293,22.161018,22.178062,22.195107,22.314293,22.365303,22.178062,22.178062,22.092789,22.297272,22.178062,22.365303,22.229179,22.263237,22.161018,22.126915,22.075729,21.939064,22.126915,22.075729,22.007431,22.178062,21.887764,22.195107,21.990349,22.007431,22.178062,21.956161,21.904861,21.836411,21.819290,21.596336,21.870644,21.699318,21.665016,21.596336,21.424393,21.372734,21.510414,21.113914,21.183029,21.148476,21.355507,21.544792,21.234810,21.389961,21.062057,21.148476,21.096642,21.131203,21.165756,21.183029,21.079346,21.079346,21.010155,20.888908,20.871582,20.975533,20.836899,20.975533,20.784843,20.680634,20.784843,20.628487,20.663254,20.506645,20.593697,20.663254,20.698021,20.489220,20.454369,20.576286,20.645866,20.611084,20.593697,20.209976,20.332268,20.489220,20.402061,20.332268,20.297348,20.279877,20.174995,20.332268,20.122513,20.105003,20.052460,19.964821,19.859520,19.894638,19.754082,19.525154,19.648506,19.613289,19.718910,19.648506,19.736496,19.736496,19.507530,19.525154,19.472237,19.578049,19.525154,19.630898,19.736496,19.595665,19.436943,19.260208,19.260208,19.454590,19.542793,19.260208,19.366287,19.313263,19.224815,19.277893,18.976631,19.083084,19.065346,18.905579,18.674240,18.495850,18.334953,18.119965,17.814415,17.471611,17.145554,16.781799,16.507973,16.012886,15.736610,15.681252,15.292770,15.311302,15.070015,15.218575,15.107178,14.958420,15.088600,14.865326,15.144333,15.070015,15.218575,15.144333,15.200020,15.625862,15.274223,15.311302,15.255684,15.181458,15.274223,15.496475,15.181458,15.144333,15.385422,15.162895,15.255684,15.200020,15.125755,15.218575,15.144333,15.533455,15.181458,15.107178,15.181458,15.051422,15.162895,15.329842,15.274223,15.144333,15.274223,15.070015,15.181458,15.032837,15.144333,15.088600,15.162895,15.107178,14.995636,14.977043,15.088600,15.144333,15.032837,14.995636,15.144333,14.939812,15.162895,15.144333,15.218575,15.014244,15.032837,15.051422,14.865326,15.088600,14.809425,14.883965,15.032837,14.734833,15.200020,14.921196,14.902580,14.939812,15.070015,14.939812,14.958420,15.051422,15.070015,14.828064,14.939812,14.921196,14.995636,14.939812,14.995636,14.809425,14.958420,15.014244,14.902580,14.846703,14.846703,14.828064,14.995636,14.846703,14.734833,14.883965,14.846703,14.939812,14.977043,14.883965,14.734833,15.032837,15.255684,15.032837,14.995636,14.921196,14.977043,14.902580,15.032837,15.032837,14.921196,14.883965,15.032837,14.958420,14.995636,14.995636,15.032837,14.902580,15.051422,14.958420,14.977043,15.051422,14.865326,14.921196,14.958420,14.958420,15.107178,15.144333,14.977043,14.995636,15.162895,15.181458,15.218575,15.311302,15.144333,15.125755,15.070015,15.088600,15.107178,14.958420,15.070015,15.181458,15.107178,14.995636,15.181458,15.107178,15.032837,15.144333,14.958420,14.809425,14.809425,14.660179,14.678848,14.753487,14.398399,14.622826,14.622826,14.566772,14.828064,14.753487,14.977043,15.051422,15.107178,15.274223,15.292770,15.200020,15.144333,15.292770,15.181458,15.329842,15.255684,15.440964,15.200020,15.200020,15.107178,14.883965,14.977043,14.921196,14.995636,14.790794,14.809425,14.585457,14.734833,14.977043,14.977043,14.958420,14.921196,14.939812,14.939812,15.051422,15.144333,14.995636,14.902580,14.790794,14.921196,14.902580,14.939812,14.883965,15.014244,14.865326,14.809425,15.107178,14.977043,14.977043,15.032837,14.921196,14.921196,14.828064,14.958420,14.977043,14.958420,14.939812,15.125755,15.107178,14.921196,14.977043,14.716171,15.125755,14.734833,14.828064,14.828064,15.032837,14.846703,14.660179,14.902580,14.753487,14.958420,14.846703,14.977043,15.088600,14.790794,15.107178,14.772133,14.734833,15.070015,15.125755,15.051422,14.902580,15.032837,15.070015,14.772133,14.790794,15.014244,14.921196,14.939812,15.070015,14.902580,14.790794,14.846703,14.809425,15.051422,14.883965,14.995636,14.809425,14.902580,15.070015,15.125755,14.883965,15.014244,14.977043,14.902580,14.846703,14.921196,15.162895,14.958420,14.902580,14.958420,14.939812,14.939812,15.181458,15.032837,14.883965,14.977043,15.107178,15.051422,15.125755,15.218575,15.181458,15.181458,14.865326,15.014244,14.865326,14.883965,15.144333,15.032837,15.032837,15.162895,15.237137,15.237137,15.311302,14.958420,14.921196,15.348373,
15.791931,15.625862,15.755058,15.366905,15.699715,15.588913,15.514977,15.588913,15.496475,15.348373,15.274223,15.218575,15.162895,15.162895,15.292770,15.385422,15.144333,15.533455,15.533455,15.681252,15.920883,16.196571,16.690620,17.218117,17.453522,17.994278,18.263351,18.567253,18.852249,19.153984,19.578049,19.718910,19.824394,20.105003,20.122513,20.279877,20.558884,20.332268,20.297348,20.628487,20.402061,20.489220,20.489220,20.541473,20.558884,20.367180,20.541473,20.558884,20.576286,20.715385,20.645866,20.750122,20.611084,20.611084,20.784843,20.888908,20.992851,21.165756,20.784843,21.131203,20.992851,21.148476,21.217552,21.338272,21.286568,21.441612,21.527603,21.148476,21.131203,21.458817,21.476021,21.424393,21.424393,21.750755,21.733620,21.527603,21.647850,21.750755,21.596336,21.733620,21.836411,21.904861,21.750755,22.007431,21.921967,21.956161,21.973259,21.939064,21.819290,21.716469,21.870644,21.887764,22.007431,21.836411,22.126915,21.750755,21.887764,21.785027,21.699318,21.887764,21.853539,21.939064,21.904861,21.819290,22.041588,22.075729,21.630684,21.853539,21.767891,21.819290,21.939064,21.785027,21.682167,21.870644,21.904861,21.904861,21.733620,21.853539,21.973259,21.630684,21.733620,21.647850,21.647850,21.887764,21.836411,21.990349,21.956161,22.007431,21.956161,21.767891,21.939064,21.904861,21.921967,21.785027,21.767891,21.956161,21.802162,21.682167,21.750755,21.544792,21.630684,21.733620,21.561981,21.579163,21.630684,21.716469,21.819290,21.630684,21.716469,21.767891,21.836411,21.596336,21.802162,21.802162,21.819290,21.699318,21.819290,21.853539,21.682167,21.613518,21.819290,21.682167,21.870644,21.939064,21.836411,22.041588,22.092789,22.161018,22.195107,22.331291,22.126915,22.365303,22.348305,22.161018,22.331291,22.212143,22.331291,22.365303,22.280251,22.246208,22.297272,22.382309,22.467247,22.586006,22.297272,22.484222,22.297272,22.178062,22.433289,22.314293,22.297272,22.246208,22.143959,22.314293,22.007431,22.092789,22.314293,21.870644,21.956161,21.990349,21.853539,22.007431,22.007431,21.956161,22.075729,22.041588,22.007431,22.195107,21.956161,22.280251,22.195107,22.297272,22.161018,22.195107,22.246208,22.178062,22.212143,22.143959,22.280251,22.092789,22.229179,22.161018,22.178062,22.365303,22.195107,22.331291,22.246208,22.143959,22.280251,22.263237,22.126915,22.365303,22.263237,22.399300,22.092789,22.365303,21.990349,22.280251,22.041588,22.109856,22.007431,22.058662,22.246208,22.024513,21.939064,21.973259,21.870644,22.041588,21.733620,21.870644,21.647850,21.887764,21.716469,21.613518,21.630684,21.596336,21.441612,21.424393,21.303802,21.269310,21.217552,21.424393,21.234810,21.303802,21.424393,21.286568,21.079346,21.062057,20.975533,21.200287,21.027458,21.079346,20.975533,20.992851,20.906242,20.732758,20.992851,20.663254,20.698021,20.524055,20.628487,20.611084,20.680634,20.628487,20.593697,20.663254,20.558884,20.541473,20.611084,20.454369,20.436943,20.419502,20.436943,20.384621,20.227455,20.349724,20.279877,20.349724,20.384621,20.384621,20.297348,20.122513,20.140007,20.174995,19.982353,20.017418,19.789246,19.912178,19.806816,19.771667,19.630898,19.683716,19.436943,19.560417,19.771667,19.771667,19.718910,19.560417,19.630898,19.613289,19.525154,19.472237,19.666115,19.560417,19.648506,19.454590,19.630898,19.348618,19.401619,19.242508,19.189407,19.383957,19.313263,19.295586,19.277893,19.100807,19.189407,19.029869,18.816673,18.745483,18.495850,18.370735,18.030205,17.760384,17.363060,17.109245,16.654121,16.361572,16.178230,15.607391,15.644325,15.181458,15.144333,15.181458,14.939812,15.032837,14.790794,15.107178,14.977043,15.051422,15.107178,15.125755,15.125755,15.329842,15.348373,15.311302,15.218575,15.088600,15.255684,15.200020,15.311302,15.255684,15.292770,15.366905,15.181458,15.107178,15.144333,15.348373,15.329842,15.255684,15.032837,15.051422,15.237137,15.237137,15.070015,15.107178,15.200020,15.200020,15.311302,15.051422,15.200020,15.014244,15.051422,15.088600,15.014244,15.162895,15.162895,15.070015,15.070015,14.995636,15.088600,15.255684,15.051422,15.162895,15.088600,14.921196,15.162895,14.939812,14.902580,14.883965,15.051422,15.032837,15.070015,14.939812,14.977043,15.014244,14.995636,15.088600,15.032837,14.995636,14.883965,15.014244,15.014244,14.865326,15.070015,14.921196,15.070015,14.977043,14.846703,14.921196,14.939812,14.939812,14.902580,14.939812,14.902580,15.051422,14.846703,14.828064,15.107178,14.921196,14.828064,14.660179,14.865326,14.753487,14.828064,14.977043,14.846703,14.883965,14.883965,14.846703,14.921196,15.125755,14.846703,14.958420,14.958420,15.032837,14.734833,15.088600,14.883965,15.144333,14.921196,14.977043,15.348373,14.883965,15.051422,14.995636,14.921196,15.144333,14.958420,15.032837,15.107178,15.107178,15.107178,15.107178,14.939812,14.995636,15.311302,15.125755,15.125755,15.218575,15.218575,15.144333,15.218575,15.255684,15.144333,15.125755,15.237137,15.070015,15.051422,15.181458,15.088600,15.162895,14.883965,15.181458,15.200020,14.809425,14.995636,14.828064,14.622826,14.697517,14.790794,14.809425,14.716171,14.716171,14.566772,14.641502,14.716171,14.958420,14.865326,15.051422,14.995636,15.032837,15.440964,15.200020,15.218575,15.237137,15.162895,15.255684,15.385422,15.218575,15.070015,14.939812,15.014244,14.883965,14.734833,14.977043,14.846703,14.902580,14.678848,14.828064,14.828064,14.809425,14.790794,14.995636,14.977043,15.070015,15.088600,14.921196,15.051422,15.088600,15.070015,14.939812,15.032837,15.070015,14.995636,14.846703,14.995636,14.809425,14.790794,14.846703,14.995636,14.846703,14.902580,15.051422,15.144333,15.051422,14.846703,14.865326,14.809425,15.014244,15.032837,14.865326,14.883965,15.014244,14.921196,14.921196,14.958420,14.865326,14.995636,14.939812,15.014244,14.939812,14.902580,14.995636,14.883965,15.032837,14.809425,14.846703,14.921196,14.828064,14.958420,15.014244,14.883965,14.977043,14.883965,14.939812,14.958420,14.902580,14.809425,14.939812,15.125755,15.144333,14.883965,15.070015,15.051422,14.977043,14.902580,14.995636,14.846703,14.995636,15.051422,14.772133,14.865326,15.125755,15.051422,14.883965,14.678848,14.977043,14.828064,15.088600,14.995636,14.809425,15.032837,14.865326,15.051422,14.846703,14.883965,15.107178,14.716171,14.939812,14.939812,14.883965,15.051422,15.014244,14.828064,14.809425,15.200020,15.014244,15.070015,15.107178,14.958420,15.107178,15.162895,14.865326,15.014244,15.274223,15.144333,14.977043,14.977043,15.403938,
15.828796,15.551949,15.662788,15.533455,15.496475,15.607391,15.533455,15.366905,15.255684,15.311302,15.107178,15.237137,15.144333,15.125755,15.181458,15.311302,15.162895,15.514977,15.422462,15.994492,15.939293,16.489677,16.800026,17.072929,17.580009,17.742363,18.173759,18.638596,18.816673,19.242508,19.330948,19.648506,19.683716,20.105003,20.017418,20.262413,20.349724,20.262413,20.454369,20.506645,20.524055,20.402061,20.541473,20.454369,20.314804,20.436943,20.384621,20.558884,20.419502,20.576286,20.541473,20.524055,20.663254,20.611084,20.611084,20.906242,20.923576,20.802200,21.010155,20.975533,20.940895,20.958221,21.010155,21.200287,21.165756,21.200287,21.321045,21.303802,21.424393,21.458817,21.407181,21.338272,21.579163,21.561981,21.493217,21.613518,21.527603,21.716469,21.647850,21.510414,21.699318,21.750755,21.699318,21.767891,21.956161,21.956161,21.785027,21.939064,21.870644,21.767891,21.767891,21.887764,21.767891,21.939064,21.904861,21.921967,21.853539,21.819290,21.870644,21.733620,21.853539,21.887764,21.836411,21.665016,21.819290,21.802162,21.939064,21.819290,21.921967,21.939064,21.682167,21.750755,21.699318,21.699318,21.785027,21.682167,21.647850,21.682167,21.853539,21.750755,21.630684,21.802162,21.665016,21.853539,21.767891,21.921967,21.802162,21.990349,21.836411,21.887764,21.785027,21.939064,21.819290,21.802162,21.836411,21.750755,21.716469,21.630684,21.389961,21.544792,21.733620,21.750755,21.613518,21.407181,21.527603,21.665016,21.716469,21.733620,21.630684,21.665016,21.733620,21.682167,21.733620,21.802162,21.921967,21.853539,21.802162,21.579163,21.836411,21.733620,21.785027,21.630684,21.802162,21.956161,22.041588,22.075729,22.126915,21.990349,22.143959,22.178062,22.246208,22.280251,22.348305,22.246208,22.161018,22.229179,22.433289,22.246208,22.229179,22.348305,22.450264,22.484222,22.195107,22.314293,22.280251,22.416298,22.263237,22.399300,22.399300,22.143959,22.297272,22.280251,22.399300,22.229179,22.143959,22.263237,22.126915,21.750755,22.041588,21.921967,21.836411,22.007431,22.007431,22.092789,22.092789,22.058662,21.921967,22.058662,21.836411,22.075729,21.973259,22.178062,22.280251,22.229179,22.143959,22.314293,22.263237,22.229179,22.212143,22.280251,22.331291,22.297272,22.382309,22.365303,22.109856,22.450264,22.229179,22.365303,22.365303,22.297272,22.143959,22.212143,22.280251,22.314293,22.280251,22.178062,21.939064,22.212143,22.075729,22.195107,22.041588,22.229179,22.178062,22.075729,22.109856,22.109856,22.041588,21.939064,21.939064,21.870644,21.733620,21.887764,21.785027,21.682167,21.630684,21.441612,21.561981,21.252068,21.269310,21.389961,21.269310,21.458817,21.544792,21.252068,21.441612,21.355507,21.096642,21.165756,21.096642,21.165756,21.183029,21.079346,21.027458,20.906242,20.854233,20.906242,20.906242,20.750122,20.750122,20.819542,20.698021,20.541473,20.593697,20.558884,20.541473,20.663254,20.524055,20.314804,20.541473,20.436943,20.436943,20.314804,20.384621,20.471802,20.367180,20.244934,20.402061,20.436943,20.419502,20.297348,20.209976,20.419502,20.157509,20.209976,20.192490,19.982353,20.034943,19.754082,19.718910,19.472237,19.736496,19.613289,19.789246,19.578049,19.560417,19.701309,19.648506,19.648506,19.771667,19.648506,19.613289,19.525154,19.542793,19.560417,19.436943,19.436943,19.330948,19.648506,19.436943,19.242508,19.242508,19.295586,19.277893,19.224815,19.153984,19.277893,19.118538,19.189407,18.816673,18.692055,18.460121,18.191681,18.102013,17.688278,17.344955,17.109245,16.854668,16.416496,16.159874,15.681252,15.496475,15.292770,15.255684,15.125755,15.162895,14.939812,15.032837,14.902580,15.014244,15.125755,15.181458,15.237137,15.051422,15.348373,15.292770,15.422462,15.162895,15.274223,15.385422,15.255684,15.218575,15.255684,15.366905,15.181458,15.144333,15.107178,15.218575,15.051422,15.162895,15.348373,15.237137,15.014244,15.125755,15.255684,15.237137,15.274223,15.051422,15.144333,15.107178,15.070015,15.144333,15.125755,15.032837,15.051422,15.014244,14.995636,15.088600,15.014244,15.014244,15.032837,14.995636,15.032837,15.107178,15.014244,15.051422,15.032837,15.051422,15.107178,14.958420,15.070015,15.255684,14.921196,14.921196,14.883965,14.883965,14.883965,15.051422,15.070015,15.032837,15.088600,14.939812,14.883965,15.070015,14.846703,14.865326,15.032837,14.809425,14.977043,15.014244,14.995636,14.809425,14.939812,14.828064,14.809425,14.734833,14.902580,14.790794,14.939812,14.828064,14.846703,14.828064,14.883965,14.921196,14.921196,14.753487,15.032837,14.883965,15.032837,14.921196,15.051422,14.902580,14.921196,15.125755,14.865326,14.902580,15.200020,14.921196,14.902580,14.846703,15.070015,14.883965,14.939812,15.088600,14.921196,14.772133,15.014244,14.939812,14.977043,14.921196,15.051422,14.958420,15.200020,15.200020,15.107178,15.144333,15.237137,15.200020,15.088600,14.958420,15.274223,15.032837,15.162895,15.070015,15.125755,15.125755,15.162895,14.977043,15.088600,14.958420,15.107178,15.125755,15.125755,15.051422,15.107178,14.921196,14.958420,14.939812,14.828064,14.678848,14.566772,14.734833,14.790794,14.604141,14.716171,14.716171,14.753487,14.697517,14.809425,15.181458,14.995636,15.051422,15.274223,15.218575,15.459480,15.348373,15.274223,15.125755,15.237137,15.440964,15.200020,15.162895,15.070015,14.902580,14.865326,14.939812,14.939812,14.865326,14.883965,14.809425,14.790794,14.883965,15.051422,14.753487,14.883965,14.622826,14.921196,14.921196,14.995636,14.995636,15.014244,14.939812,14.865326,14.958420,15.032837,14.902580,14.883965,14.772133,15.200020,14.995636,14.958420,14.939812,14.716171,14.995636,15.014244,14.846703,14.995636,14.753487,15.070015,15.088600,15.144333,14.828064,15.014244,14.958420,15.051422,14.604141,14.977043,14.995636,14.846703,14.865326,14.921196,14.809425,14.697517,14.939812,14.883965,14.865326,14.828064,14.846703,15.088600,14.734833,14.939812,14.846703,14.790794,14.958420,14.902580,14.883965,14.958420,14.809425,14.958420,14.883965,14.958420,14.846703,14.883965,14.828064,14.958420,14.921196,15.051422,14.883965,14.865326,14.865326,14.995636,14.883965,14.790794,15.070015,14.939812,14.921196,14.883965,14.753487,15.088600,14.939812,14.977043,14.977043,14.958420,14.995636,14.902580,14.939812,15.200020,15.014244,14.790794,14.995636,14.883965,15.032837,15.070015,14.958420,14.939812,15.088600,14.921196,15.070015,15.070015,15.051422,15.032837,15.032837,14.995636,14.902580,15.051422,15.051422,15.311302,14.977043,15.162895,15.070015,15.459480,
15.625862,15.607391,15.514977,15.662788,15.292770,15.403938,15.662788,15.570435,15.292770,15.311302,15.162895,15.311302,15.218575,15.422462,15.348373,15.070015,15.274223,15.292770,15.533455,15.828796,16.031273,16.288277,16.526253,16.891090,17.634163,17.796410,18.299164,18.513702,18.781090,19.189407,19.525154,19.771667,19.841957,19.999893,20.157509,20.227455,20.384621,20.419502,20.314804,20.454369,20.192490,20.227455,20.436943,20.593697,20.349724,20.541473,20.436943,20.402061,20.471802,20.454369,20.402061,20.367180,20.506645,20.611084,20.506645,20.698021,20.611084,20.802200,20.836899,21.010155,20.871582,20.923576,21.044754,21.044754,20.923576,21.044754,21.200287,21.183029,21.303802,21.389961,21.493217,21.217552,21.527603,21.458817,21.493217,21.613518,21.870644,21.733620,21.561981,21.785027,21.733620,21.716469,21.819290,21.853539,21.921967,21.802162,21.853539,21.904861,21.939064,22.024513,21.870644,21.887764,21.785027,21.990349,21.956161,22.109856,21.870644,21.836411,21.939064,21.802162,21.733620,21.887764,21.921967,21.785027,21.802162,21.853539,21.733620,21.904861,21.870644,21.750755,21.785027,21.802162,21.733620,21.887764,21.596336,21.750755,22.007431,21.750755,21.630684,21.887764,21.699318,21.785027,21.921967,21.699318,21.647850,21.939064,21.767891,21.904861,21.836411,21.630684,21.733620,21.785027,21.699318,21.767891,21.819290,21.630684,21.836411,21.561981,21.476021,21.493217,21.561981,21.510414,21.682167,21.510414,21.458817,21.493217,21.870644,21.476021,21.613518,21.647850,21.665016,21.699318,21.767891,21.750755,21.836411,21.750755,21.733620,21.819290,21.870644,21.785027,21.836411,21.853539,21.853539,21.836411,21.990349,21.990349,22.280251,22.075729,22.212143,21.990349,22.143959,22.297272,22.178062,22.365303,22.126915,22.178062,22.212143,22.195107,22.109856,22.195107,22.263237,22.195107,22.331291,22.348305,22.280251,22.263237,22.280251,22.263237,22.280251,22.314293,22.212143,22.314293,22.416298,22.212143,22.143959,22.143959,22.109856,21.939064,21.939064,21.921967,21.939064,22.041588,22.075729,21.870644,21.973259,22.024513,21.921967,21.990349,22.075729,21.819290,22.075729,22.178062,22.109856,22.433289,22.126915,22.365303,22.314293,22.263237,22.178062,22.365303,22.263237,22.314293,22.280251,22.382309,22.212143,22.314293,22.280251,22.263237,22.365303,22.075729,22.348305,22.433289,22.195107,22.365303,22.229179,22.178062,22.161018,22.092789,22.024513,21.956161,22.075729,22.075729,21.939064,22.178062,22.161018,22.041588,22.143959,21.973259,22.195107,21.904861,21.733620,21.716469,21.647850,21.802162,21.510414,21.682167,21.527603,21.527603,21.389961,21.355507,21.407181,21.476021,21.355507,21.338272,21.355507,21.303802,21.476021,21.286568,21.096642,21.200287,21.010155,21.062057,20.992851,21.131203,21.096642,20.975533,20.715385,21.027458,20.715385,20.471802,20.628487,20.680634,20.698021,20.628487,20.506645,20.471802,20.489220,20.419502,20.541473,20.576286,20.506645,20.419502,20.506645,20.419502,20.332268,20.558884,20.402061,20.314804,20.314804,20.314804,20.297348,20.279877,20.157509,19.982353,19.964821,20.069977,20.087494,19.877083,19.982353,19.701309,19.525154,19.736496,19.630898,19.771667,19.701309,19.736496,19.507530,19.613289,19.454590,19.613289,19.683716,19.401619,19.383957,19.542793,19.542793,19.401619,19.277893,19.330948,19.277893,19.313263,19.100807,19.171692,19.189407,19.366287,19.295586,19.012123,19.207108,19.047615,18.870033,18.745483,18.370735,18.299164,17.976311,17.688278,17.525826,17.181839,16.727104,16.379883,15.939293,15.773499,15.588913,15.403938,15.051422,14.995636,15.088600,15.144333,14.995636,15.107178,15.070015,15.014244,15.125755,15.181458,15.107178,15.311302,15.292770,15.403938,15.070015,15.292770,15.311302,15.292770,15.144333,15.125755,15.144333,15.218575,15.292770,15.274223,15.125755,15.014244,15.014244,15.255684,15.070015,15.255684,15.348373,15.292770,15.107178,15.162895,15.014244,15.274223,14.977043,15.144333,15.366905,15.107178,15.385422,15.107178,15.200020,15.032837,15.014244,15.032837,15.162895,15.255684,14.828064,15.107178,15.144333,15.088600,15.032837,14.902580,15.051422,15.200020,14.995636,15.237137,15.070015,14.977043,14.902580,14.958420,14.753487,14.939812,14.828064,15.088600,14.902580,14.977043,14.939812,14.809425,15.032837,14.977043,14.828064,15.125755,15.162895,14.939812,15.014244,14.939812,14.772133,14.958420,14.939812,14.678848,14.828064,14.958420,14.977043,14.734833,14.883965,15.032837,14.921196,14.883965,14.809425,15.032837,14.846703,14.902580,14.846703,15.032837,14.697517,14.902580,14.995636,14.865326,14.846703,14.995636,14.883965,14.883965,14.865326,15.051422,14.958420,14.995636,15.014244,14.939812,14.958420,14.958420,14.902580,14.958420,14.939812,15.218575,14.883965,14.921196,14.995636,14.995636,14.995636,15.107178,15.088600,15.274223,15.014244,15.366905,15.070015,15.181458,15.051422,15.051422,15.200020,15.070015,15.348373,15.292770,15.032837,15.144333,14.977043,15.070015,15.107178,15.051422,15.051422,15.051422,14.902580,14.828064,14.883965,14.641502,14.604141,14.360939,14.753487,14.548080,14.417122,14.809425,14.604141,14.491982,14.641502,14.828064,14.921196,15.255684,15.032837,15.348373,15.107178,15.274223,15.459480,15.200020,15.292770,15.014244,15.107178,15.200020,14.995636,15.181458,15.014244,14.828064,14.753487,14.902580,14.716171,14.772133,14.734833,14.865326,14.883965,14.865326,15.014244,14.902580,14.828064,15.200020,14.995636,14.753487,14.846703,15.070015,15.032837,14.883965,14.995636,14.902580,14.939812,14.902580,14.883965,14.846703,15.032837,14.809425,14.865326,14.846703,14.865326,14.883965,15.032837,14.883965,14.902580,14.809425,14.958420,14.902580,14.921196,14.977043,15.032837,15.032837,14.958420,14.939812,14.958420,14.716171,15.070015,15.014244,14.865326,14.828064,15.070015,14.995636,14.902580,14.977043,14.902580,14.772133,14.660179,14.883965,14.902580,14.734833,14.716171,14.734833,14.734833,14.846703,14.734833,14.939812,14.678848,14.809425,14.883965,14.958420,14.921196,15.218575,14.902580,14.902580,14.921196,15.051422,14.958420,14.939812,14.939812,15.032837,14.995636,14.958420,14.883965,14.883965,14.772133,14.939812,14.865326,14.716171,14.883965,15.070015,14.846703,14.846703,14.921196,14.939812,14.734833,14.921196,14.790794,14.939812,15.181458,14.921196,14.977043,14.921196,15.014244,14.977043,14.958420,14.921196,14.846703,15.088600,15.329842,15.051422,14.977043,15.088600,15.237137,15.125755,14.977043,15.014244,15.311302,15.255684,
15.718163,15.699715,15.514977,15.570435,15.644325,15.551949,15.422462,15.644325,15.496475,15.237137,15.329842,15.514977,15.255684,15.366905,15.274223,15.088600,15.237137,15.292770,15.533455,15.755058,15.791931,16.306610,16.581078,17.218117,17.543900,18.012245,18.209602,18.513702,18.994377,19.207108,19.507530,19.613289,20.069977,19.947273,20.157509,20.209976,20.262413,20.489220,20.262413,20.157509,20.436943,20.436943,20.419502,20.367180,20.471802,20.384621,20.279877,20.436943,20.279877,20.279877,20.349724,20.384621,20.576286,20.489220,20.349724,20.663254,20.593697,20.836899,20.715385,20.958221,20.923576,20.888908,21.079346,21.044754,21.079346,21.131203,21.131203,21.303802,21.234810,21.389961,21.269310,21.561981,21.561981,21.476021,21.630684,21.802162,21.682167,21.699318,21.785027,21.750755,21.767891,21.699318,21.785027,21.836411,21.990349,21.939064,22.041588,22.041588,21.904861,21.956161,22.058662,21.836411,21.939064,21.887764,21.904861,21.921967,21.956161,21.939064,21.819290,21.904861,21.904861,22.041588,21.853539,21.990349,21.870644,21.973259,22.007431,21.819290,21.921967,21.921967,21.785027,21.613518,21.802162,21.802162,21.699318,21.904861,21.785027,21.750755,21.802162,21.682167,21.733620,21.819290,21.956161,21.836411,21.973259,21.853539,21.921967,21.904861,21.836411,21.785027,21.887764,21.887764,21.613518,21.750755,21.682167,21.767891,21.785027,21.510414,21.476021,21.561981,21.733620,21.750755,21.303802,21.596336,21.527603,21.630684,21.682167,21.527603,21.613518,21.630684,21.733620,21.767891,21.716469,21.904861,21.921967,21.785027,21.785027,21.819290,21.853539,21.887764,21.802162,21.904861,21.733620,21.836411,21.990349,21.973259,21.973259,22.109856,21.904861,22.024513,22.178062,22.348305,22.348305,22.229179,22.263237,22.092789,22.109856,22.178062,22.109856,22.314293,22.161018,22.161018,22.212143,22.314293,22.246208,22.246208,22.263237,22.109856,22.212143,22.178062,22.246208,22.365303,22.365303,22.263237,22.109856,22.212143,22.058662,21.921967,21.921967,21.836411,21.750755,21.870644,21.956161,21.836411,21.733620,22.058662,21.836411,21.904861,22.126915,22.007431,22.041588,21.990349,22.212143,21.956161,22.161018,22.024513,22.075729,22.229179,22.263237,22.195107,22.075729,22.297272,22.229179,22.331291,22.143959,22.007431,22.092789,22.161018,22.126915,22.365303,22.143959,22.007431,22.075729,22.212143,22.212143,22.075729,22.161018,22.195107,21.939064,21.887764,22.212143,22.058662,22.058662,21.990349,22.058662,22.161018,21.939064,21.887764,21.785027,21.682167,21.544792,21.802162,21.767891,21.613518,21.699318,21.527603,21.510414,21.561981,21.510414,21.355507,21.372734,21.252068,21.510414,21.200287,21.389961,21.321045,21.131203,21.148476,21.113914,21.131203,20.975533,20.958221,21.165756,21.148476,20.871582,21.027458,20.802200,20.854233,20.715385,20.663254,20.750122,20.663254,20.645866,20.524055,20.558884,20.558884,20.454369,20.454369,20.332268,20.593697,20.419502,20.489220,20.419502,20.314804,20.419502,20.506645,20.402061,20.349724,20.436943,20.349724,20.314804,20.279877,20.262413,20.209976,20.227455,20.140007,19.982353,20.087494,19.789246,19.929733,19.806816,19.718910,19.754082,19.841957,19.542793,19.736496,19.560417,19.578049,19.630898,19.366287,19.630898,19.560417,19.472237,19.472237,19.472237,19.454590,19.401619,19.436943,19.330948,19.366287,19.401619,19.330948,19.153984,19.295586,19.313263,19.366287,19.171692,18.852249,18.816673,18.602928,18.495850,18.317062,18.191681,17.778404,17.489685,16.963875,16.708862,16.471397,16.031273,15.828796,15.366905,15.459480,15.107178,15.107178,15.088600,14.921196,14.809425,14.977043,14.995636,15.125755,14.939812,15.218575,15.255684,15.237137,15.274223,15.255684,15.348373,15.274223,15.292770,15.218575,15.255684,15.237137,15.274223,15.311302,14.977043,15.218575,15.107178,15.144333,15.255684,15.200020,15.088600,15.032837,15.181458,15.292770,15.237137,15.200020,15.088600,15.032837,15.014244,15.218575,15.032837,15.070015,15.070015,14.995636,15.051422,15.107178,15.070015,14.977043,15.088600,14.977043,15.125755,15.051422,15.070015,14.977043,15.107178,14.995636,14.958420,15.070015,15.014244,15.070015,14.958420,14.790794,14.939812,14.846703,14.958420,14.883965,14.939812,15.070015,15.014244,15.014244,14.977043,14.977043,14.995636,14.977043,14.846703,15.051422,15.014244,14.809425,14.902580,14.921196,14.772133,14.678848,14.753487,15.051422,14.697517,14.828064,14.828064,14.977043,14.865326,14.846703,14.902580,14.939812,14.828064,14.883965,14.939812,15.051422,14.865326,14.753487,14.883965,14.772133,15.051422,15.144333,14.902580,14.883965,14.977043,14.921196,15.014244,14.846703,15.014244,14.958420,14.995636,14.772133,14.977043,14.828064,14.995636,14.939812,15.032837,15.070015,14.883965,14.995636,15.032837,15.014244,14.958420,14.883965,15.107178,15.162895,14.865326,15.218575,15.051422,15.088600,15.014244,15.200020,15.107178,15.200020,14.902580,15.237137,15.014244,14.995636,15.107178,15.162895,15.088600,15.070015,14.939812,15.070015,15.144333,14.995636,14.734833,14.753487,14.622826,14.716171,14.716171,14.622826,14.697517,14.790794,14.510681,14.585457,14.939812,14.939812,15.107178,15.255684,15.311302,15.125755,15.200020,15.125755,15.292770,15.403938,15.070015,15.496475,15.181458,15.162895,15.200020,15.070015,14.902580,14.828064,14.995636,14.809425,14.921196,14.809425,14.772133,14.977043,14.809425,14.902580,14.977043,14.865326,14.995636,15.107178,14.977043,15.051422,15.070015,15.107178,15.088600,14.958420,14.939812,15.107178,14.772133,14.753487,14.772133,14.958420,14.883965,14.995636,14.939812,14.977043,14.865326,15.032837,14.753487,14.995636,14.809425,14.958420,14.939812,14.995636,14.883965,14.846703,15.014244,14.939812,15.032837,14.865326,15.014244,14.865326,14.883965,14.939812,14.846703,14.921196,14.902580,14.977043,14.977043,14.902580,14.809425,14.939812,15.051422,14.883965,14.977043,14.939812,14.921196,14.809425,15.014244,14.958420,14.902580,14.865326,14.865326,14.772133,15.014244,14.977043,15.125755,14.622826,14.883965,14.921196,14.977043,14.977043,14.883965,15.088600,14.753487,14.902580,14.902580,14.734833,14.977043,14.865326,15.144333,15.014244,15.051422,14.865326,14.995636,15.051422,14.883965,14.921196,15.014244,14.846703,14.865326,14.678848,15.014244,14.790794,15.032837,14.883965,14.902580,14.995636,15.032837,15.032837,15.032837,15.088600,15.200020,14.995636,14.939812,15.125755,15.144333,15.088600,15.125755,14.753487,15.162895,15.162895,14.902580,15.329842,
15.625862,15.644325,15.440964,15.736610,15.422462,15.588913,15.477974,15.810371,15.422462,15.422462,15.533455,15.255684,15.162895,15.348373,15.200020,15.237137,15.422462,15.570435,15.459480,15.736610,15.865646,16.343254,16.781799,17.109245,17.489685,17.850410,18.245445,18.531555,18.923340,19.100807,19.401619,19.771667,19.683716,20.052460,20.052460,20.244934,20.105003,20.209976,20.349724,20.558884,20.297348,20.402061,20.436943,20.367180,20.506645,20.279877,20.524055,20.314804,20.262413,20.506645,20.174995,20.471802,20.454369,20.332268,20.349724,20.489220,20.558884,20.645866,20.680634,20.802200,20.767487,21.062057,20.958221,20.923576,21.079346,21.165756,21.183029,21.183029,21.303802,21.286568,21.338272,21.579163,21.561981,21.321045,21.441612,21.630684,21.733620,21.767891,21.630684,21.665016,21.699318,21.802162,21.750755,21.870644,21.870644,22.024513,21.836411,21.785027,21.904861,22.007431,21.716469,21.887764,22.075729,22.109856,22.092789,21.990349,21.939064,22.041588,21.990349,21.836411,21.682167,21.767891,21.904861,21.939064,21.870644,21.904861,21.836411,21.973259,21.904861,21.853539,21.853539,21.904861,21.819290,21.767891,21.973259,21.904861,21.750755,21.665016,21.836411,21.819290,21.819290,21.767891,21.682167,21.785027,21.802162,21.853539,21.665016,21.887764,21.750755,21.802162,21.647850,21.802162,21.647850,21.647850,21.613518,21.699318,21.699318,21.493217,21.286568,21.596336,21.493217,21.647850,21.424393,21.493217,21.527603,21.389961,21.596336,21.476021,21.338272,21.750755,21.699318,21.767891,21.785027,21.630684,21.870644,21.956161,21.802162,21.836411,21.973259,21.819290,21.802162,21.767891,22.007431,21.990349,21.887764,21.921967,21.870644,21.836411,21.870644,22.007431,22.024513,21.990349,22.246208,22.280251,22.058662,22.143959,21.990349,22.263237,22.246208,22.092789,22.263237,22.178062,22.263237,22.450264,22.348305,22.246208,22.126915,22.314293,22.109856,22.229179,22.331291,22.161018,22.143959,22.229179,22.195107,22.126915,21.904861,21.990349,21.819290,21.921967,21.819290,21.870644,21.887764,21.699318,21.921967,21.819290,21.887764,21.819290,21.887764,21.939064,21.939064,22.007431,22.007431,22.041588,21.956161,21.956161,22.007431,22.109856,22.058662,22.058662,22.041588,22.075729,22.058662,22.126915,21.990349,22.126915,21.904861,22.058662,22.024513,22.007431,21.921967,22.161018,22.195107,22.058662,22.263237,22.075729,21.973259,21.887764,22.007431,21.956161,22.058662,22.041588,21.887764,21.973259,22.178062,22.058662,21.836411,21.973259,21.750755,21.819290,21.441612,21.750755,21.682167,21.527603,21.716469,21.493217,21.476021,21.321045,21.338272,21.372734,21.096642,21.234810,21.493217,21.234810,21.303802,21.252068,21.148476,21.200287,21.113914,20.940895,21.217552,20.975533,21.148476,21.062057,20.958221,21.027458,20.906242,20.958221,20.871582,20.663254,20.732758,20.836899,20.628487,20.663254,20.593697,20.628487,20.471802,20.454369,20.402061,20.454369,20.558884,20.576286,20.558884,20.576286,20.454369,20.367180,20.349724,20.384621,20.279877,20.314804,20.332268,20.402061,20.192490,20.279877,20.279877,20.209976,20.034943,19.964821,19.824394,19.754082,19.701309,19.806816,19.578049,19.701309,19.595665,19.542793,19.560417,19.613289,19.472237,19.578049,19.525154,19.648506,19.507530,19.754082,19.436943,19.507530,19.507530,19.330948,19.224815,19.242508,19.330948,19.136261,19.313263,19.295586,19.242508,19.207108,19.366287,19.047615,18.798889,18.745483,18.442253,18.317062,17.940361,17.760384,17.272507,17.018410,16.690620,16.086403,16.049652,15.847229,15.422462,15.366905,15.200020,15.032837,14.995636,15.032837,14.977043,14.809425,14.921196,15.032837,15.144333,15.144333,15.144333,15.237137,15.125755,15.348373,15.274223,15.311302,15.218575,15.237137,15.181458,15.237137,15.200020,14.958420,15.274223,15.162895,15.051422,15.144333,15.014244,15.200020,15.144333,15.237137,15.144333,15.144333,15.162895,15.014244,14.995636,15.237137,15.070015,15.237137,15.125755,15.051422,15.051422,14.977043,15.070015,15.125755,14.995636,15.014244,14.977043,14.958420,14.995636,14.958420,14.995636,14.921196,14.846703,14.995636,14.790794,14.921196,14.939812,14.958420,14.828064,15.014244,15.088600,14.828064,15.014244,14.809425,14.977043,14.958420,14.977043,14.828064,14.790794,14.809425,14.939812,14.902580,15.051422,14.865326,14.939812,14.846703,14.883965,14.846703,14.865326,14.828064,14.883965,14.902580,14.995636,14.902580,14.846703,14.958420,14.977043,14.753487,15.032837,14.958420,14.883965,14.902580,14.846703,14.790794,14.753487,14.977043,14.958420,15.051422,14.790794,14.883965,14.939812,14.883965,15.107178,14.995636,14.902580,14.939812,14.977043,15.107178,14.772133,14.883965,14.939812,15.218575,14.846703,15.032837,14.846703,14.995636,14.977043,14.977043,14.977043,15.014244,15.051422,15.051422,14.995636,15.144333,15.200020,15.292770,15.125755,15.032837,15.144333,14.995636,15.255684,15.088600,15.070015,15.237137,15.070015,14.939812,15.107178,15.181458,15.014244,15.088600,15.107178,15.032837,14.902580,15.125755,14.772133,14.828064,14.828064,14.454552,14.491982,14.641502,14.678848,14.548080,14.828064,14.641502,14.790794,14.828064,14.883965,15.070015,14.977043,15.200020,15.237137,15.218575,15.051422,15.162895,14.958420,15.107178,15.162895,15.162895,15.348373,14.995636,15.070015,14.995636,14.865326,14.995636,14.753487,14.809425,14.958420,14.809425,14.921196,14.809425,14.977043,14.958420,15.088600,15.051422,15.162895,15.107178,15.032837,15.144333,14.995636,15.014244,14.902580,14.753487,14.921196,14.883965,14.790794,14.846703,14.846703,14.790794,15.014244,14.995636,14.865326,14.939812,14.828064,14.977043,15.032837,14.828064,14.939812,15.088600,15.107178,14.902580,14.921196,14.958420,14.734833,14.921196,14.865326,14.865326,14.828064,14.995636,14.958420,14.809425,14.753487,15.070015,14.921196,14.828064,14.977043,15.088600,14.995636,14.883965,14.828064,14.828064,14.772133,14.902580,14.977043,14.958420,14.883965,14.995636,14.809425,14.939812,14.939812,14.995636,14.958420,14.883965,14.510681,14.939812,14.790794,14.883965,15.162895,14.753487,14.790794,14.995636,14.790794,14.902580,14.865326,15.014244,14.809425,15.070015,14.977043,14.883965,14.958420,14.865326,14.921196,14.846703,14.921196,14.977043,15.070015,14.772133,15.162895,15.014244,15.255684,14.995636,15.070015,15.014244,14.977043,15.014244,15.144333,15.014244,15.032837,15.070015,15.051422,14.995636,15.181458,15.107178,15.292770,15.255684,14.846703,15.088600,15.200020,15.181458,
15.884071,15.570435,15.699715,15.662788,15.551949,15.533455,15.644325,15.662788,15.588913,15.311302,15.274223,15.385422,15.218575,15.144333,15.329842,15.292770,15.329842,15.477974,15.533455,15.736610,15.920883,16.324928,16.654121,17.072929,17.453522,17.778404,18.209602,18.602928,18.887802,19.189407,19.472237,19.683716,19.964821,19.999893,19.982353,20.262413,20.157509,20.279877,20.209976,20.244934,20.192490,20.332268,20.314804,20.314804,20.419502,20.384621,20.367180,20.314804,20.174995,20.262413,20.332268,20.332268,20.349724,20.157509,20.262413,20.436943,20.541473,20.698021,20.297348,20.732758,20.680634,20.611084,20.819542,21.027458,21.165756,21.027458,21.148476,20.975533,21.217552,21.165756,21.407181,21.286568,21.613518,21.389961,21.303802,21.596336,21.561981,21.682167,21.613518,21.596336,21.802162,21.819290,21.682167,21.870644,21.716469,21.973259,21.767891,21.836411,21.939064,21.819290,21.767891,21.870644,22.024513,21.887764,21.836411,21.836411,21.887764,22.007431,21.939064,21.819290,21.973259,21.853539,21.870644,22.041588,21.973259,22.007431,22.007431,21.887764,21.973259,21.904861,21.921967,21.767891,21.887764,21.921967,21.750755,21.767891,21.819290,21.802162,21.887764,21.853539,21.802162,21.956161,21.733620,21.802162,22.007431,21.750755,21.682167,21.870644,21.939064,21.665016,21.785027,21.630684,21.596336,21.579163,21.493217,21.407181,21.441612,21.527603,21.372734,21.355507,21.338272,21.407181,21.579163,21.407181,21.493217,21.441612,21.544792,21.389961,21.441612,21.544792,21.665016,21.767891,21.630684,21.887764,21.870644,21.819290,21.870644,21.956161,21.750755,21.853539,21.716469,21.973259,21.956161,22.024513,21.973259,21.682167,21.853539,21.904861,21.819290,22.109856,22.024513,22.280251,22.092789,22.075729,22.041588,22.229179,22.024513,22.143959,22.246208,22.314293,22.024513,22.109856,22.178062,22.126915,22.297272,22.161018,22.058662,22.365303,22.195107,22.058662,22.263237,22.229179,22.365303,22.246208,22.109856,22.007431,22.195107,21.939064,21.956161,21.853539,21.853539,21.750755,21.853539,21.853539,21.870644,21.870644,21.836411,21.836411,21.716469,21.921967,21.870644,21.802162,21.853539,22.007431,22.075729,21.990349,21.904861,22.075729,22.143959,22.058662,22.041588,22.041588,22.007431,22.161018,22.041588,22.092789,22.024513,22.041588,22.109856,21.990349,22.178062,21.990349,22.109856,22.212143,21.956161,22.024513,22.075729,22.007431,21.802162,22.024513,21.904861,22.007431,21.887764,21.887764,21.887764,21.682167,21.853539,21.802162,21.561981,21.750755,21.613518,21.699318,21.389961,21.596336,21.630684,21.527603,21.476021,21.407181,21.355507,21.217552,21.079346,21.493217,21.407181,21.372734,21.165756,21.079346,21.234810,21.165756,21.062057,20.992851,20.992851,21.183029,21.096642,20.992851,20.923576,20.888908,20.940895,20.854233,20.698021,20.750122,20.784843,20.663254,20.680634,20.732758,20.611084,20.576286,20.558884,20.489220,20.384621,20.454369,20.279877,20.524055,20.332268,20.558884,20.419502,20.384621,20.192490,20.332268,20.192490,20.262413,20.209976,20.157509,20.140007,20.052460,20.122513,19.982353,19.999893,19.912178,19.824394,19.701309,19.736496,19.683716,19.666115,19.560417,19.613289,19.595665,19.472237,19.683716,19.542793,19.595665,19.489883,19.666115,19.578049,19.595665,19.525154,19.525154,19.454590,19.472237,19.348618,19.348618,19.383957,19.330948,19.242508,19.330948,19.260208,19.207108,19.083084,18.976631,18.852249,18.567253,18.460121,18.388626,17.940361,17.814415,17.399261,17.091087,16.927490,16.398201,15.865646,15.884071,15.681252,15.348373,15.162895,15.218575,15.107178,15.088600,14.865326,14.995636,15.162895,15.070015,15.107178,15.348373,15.422462,15.366905,15.125755,15.237137,15.144333,15.237137,15.200020,15.181458,15.125755,15.181458,15.274223,15.144333,15.144333,15.181458,15.107178,15.181458,14.995636,15.181458,15.181458,15.162895,15.200020,15.181458,15.218575,15.162895,15.125755,15.032837,15.125755,15.051422,15.014244,15.107178,14.902580,15.107178,14.939812,14.846703,15.070015,14.921196,15.162895,15.125755,15.014244,15.125755,14.995636,15.255684,15.107178,15.107178,14.958420,15.162895,15.032837,14.921196,14.846703,14.977043,14.865326,14.939812,14.902580,14.939812,14.865326,14.939812,14.772133,14.865326,14.828064,15.014244,14.921196,14.995636,14.921196,14.809425,14.977043,14.790794,14.958420,14.921196,14.846703,14.995636,14.828064,14.697517,14.753487,14.828064,14.883965,15.014244,14.772133,14.790794,14.790794,14.809425,14.716171,14.809425,14.716171,14.660179,14.865326,14.995636,14.902580,14.958420,14.865326,14.716171,14.977043,14.995636,14.883965,14.958420,14.977043,14.846703,15.032837,14.977043,14.883965,14.809425,14.716171,15.014244,14.865326,14.902580,14.958420,15.014244,14.921196,14.846703,14.958420,15.107178,14.865326,14.958420,15.144333,15.070015,15.125755,15.162895,15.014244,15.218575,15.051422,15.070015,15.032837,15.014244,15.255684,15.107178,14.977043,14.939812,15.162895,15.181458,15.292770,14.939812,14.921196,14.958420,14.921196,14.697517,14.865326,14.734833,14.772133,14.697517,14.510681,14.529381,14.454552,14.660179,14.622826,14.660179,14.697517,14.716171,14.939812,15.088600,15.329842,15.274223,15.181458,15.218575,15.070015,15.162895,15.385422,15.162895,15.162895,15.162895,14.883965,15.274223,15.032837,14.921196,14.809425,14.753487,14.828064,14.902580,14.790794,14.828064,14.697517,14.790794,14.902580,14.921196,14.995636,14.958420,15.032837,14.902580,15.088600,15.014244,15.088600,15.032837,14.939812,15.051422,14.753487,14.958420,14.809425,14.753487,14.753487,14.958420,15.088600,14.846703,14.753487,15.014244,14.828064,14.809425,14.902580,14.939812,14.939812,14.883965,14.921196,14.977043,14.995636,15.070015,14.809425,15.014244,14.865326,14.995636,14.865326,14.939812,14.958420,15.051422,14.846703,14.939812,14.734833,14.995636,14.772133,14.995636,14.865326,14.902580,14.790794,15.088600,14.734833,15.070015,14.753487,14.716171,15.070015,14.734833,15.032837,14.977043,15.014244,14.921196,14.828064,14.697517,14.977043,15.107178,14.977043,15.014244,14.883965,14.939812,14.865326,14.939812,14.846703,14.697517,14.939812,15.088600,15.051422,15.144333,14.883965,15.032837,15.032837,15.014244,14.846703,15.088600,14.734833,14.958420,14.939812,14.958420,14.977043,14.809425,14.902580,14.790794,15.014244,15.051422,15.070015,15.200020,15.366905,14.753487,14.921196,14.921196,14.958420,15.144333,14.939812,15.255684,15.144333,14.902580,15.070015,15.051422,15.329842,15.496475,
15.551949,15.662788,15.644325,15.588913,15.625862,15.736610,15.477974,15.440964,15.348373,15.218575,15.125755,15.200020,15.218575,15.385422,15.255684,15.348373,15.329842,15.088600,15.366905,15.533455,15.994492,16.288277,16.599342,17.054764,17.435440,17.994278,18.137894,18.674240,18.692055,19.012123,19.489883,19.507530,19.824394,20.105003,20.105003,20.017418,20.384621,20.314804,20.436943,20.244934,20.122513,20.262413,20.367180,20.209976,20.174995,20.367180,20.297348,20.105003,20.209976,20.034943,20.174995,20.332268,20.227455,20.402061,20.192490,20.576286,20.297348,20.419502,20.802200,20.680634,20.645866,20.767487,20.992851,20.958221,21.010155,20.888908,21.217552,21.165756,21.217552,21.252068,21.389961,21.389961,21.476021,21.699318,21.527603,21.613518,21.853539,21.630684,21.630684,21.665016,21.750755,21.785027,21.733620,22.041588,21.836411,21.973259,21.853539,21.921967,21.973259,21.836411,21.990349,21.887764,22.126915,22.092789,21.921967,22.075729,21.733620,21.939064,22.075729,21.921967,21.956161,21.904861,21.733620,21.973259,21.973259,22.109856,21.836411,21.990349,21.819290,21.870644,21.973259,21.939064,21.973259,22.058662,21.836411,21.990349,22.092789,21.870644,21.802162,22.024513,21.853539,21.733620,21.887764,21.802162,21.870644,21.785027,21.682167,21.853539,21.750755,21.510414,21.733620,21.682167,21.510414,21.596336,21.372734,21.647850,21.355507,21.441612,21.441612,21.579163,21.544792,21.544792,21.493217,21.458817,21.407181,21.613518,21.665016,21.476021,21.665016,21.785027,21.750755,21.904861,21.836411,21.973259,21.973259,22.007431,21.956161,21.956161,21.802162,21.887764,21.904861,21.767891,21.887764,22.109856,21.767891,21.921967,21.887764,21.921967,22.058662,22.229179,22.041588,22.109856,22.075729,21.887764,22.092789,22.092789,21.973259,22.229179,21.990349,22.109856,22.143959,22.109856,22.075729,22.297272,22.058662,22.195107,22.143959,22.229179,22.195107,22.280251,22.314293,22.246208,22.229179,22.143959,22.143959,22.229179,21.939064,21.887764,21.990349,21.887764,21.853539,21.904861,22.007431,21.853539,21.836411,21.870644,21.733620,21.802162,21.836411,21.665016,21.973259,21.921967,21.956161,21.956161,21.939064,21.904861,21.990349,21.921967,21.887764,21.921967,22.041588,21.990349,21.904861,21.921967,21.904861,21.956161,22.007431,22.109856,21.785027,22.092789,22.007431,21.990349,21.853539,22.109856,21.802162,22.058662,21.956161,22.007431,21.870644,21.939064,21.990349,21.956161,21.921967,21.716469,21.785027,21.699318,21.716469,21.819290,21.510414,21.733620,21.527603,21.561981,21.510414,21.561981,21.544792,21.269310,21.389961,21.355507,21.269310,21.303802,21.252068,21.321045,21.096642,21.234810,21.252068,21.044754,21.200287,21.200287,21.252068,21.355507,21.183029,21.200287,20.854233,20.940895,20.888908,20.888908,20.836899,20.871582,20.680634,20.645866,20.732758,20.802200,20.715385,20.436943,20.715385,20.611084,20.611084,20.436943,20.419502,20.402061,20.349724,20.349724,20.402061,20.489220,20.384621,20.489220,20.314804,20.314804,20.332268,20.279877,20.332268,20.332268,20.297348,20.069977,20.087494,20.122513,19.964821,19.982353,19.824394,19.718910,19.701309,19.683716,19.401619,19.542793,19.630898,19.683716,19.666115,19.578049,19.507530,19.630898,19.507530,19.613289,19.648506,19.613289,19.560417,19.472237,19.313263,19.436943,19.330948,19.277893,19.348618,19.383957,19.330948,19.171692,19.153984,19.171692,19.207108,18.852249,18.887802,18.763298,18.531555,18.084076,17.868416,17.760384,17.417351,17.036591,16.635872,16.453102,15.902481,15.644325,15.551949,15.385422,15.070015,15.051422,15.162895,15.051422,15.032837,15.200020,15.070015,15.200020,14.902580,15.218575,15.200020,15.255684,15.218575,15.237137,15.329842,15.088600,15.218575,15.348373,15.107178,15.255684,15.162895,15.329842,15.107178,15.144333,15.032837,15.218575,15.088600,15.144333,15.107178,15.107178,15.255684,15.107178,15.162895,15.107178,15.107178,15.051422,15.070015,15.032837,14.995636,15.107178,14.995636,15.014244,15.070015,15.088600,15.051422,14.977043,14.828064,15.125755,15.200020,15.125755,15.107178,14.958420,14.977043,15.088600,15.218575,14.958420,14.902580,14.902580,14.809425,14.883965,14.790794,14.995636,14.958420,14.995636,14.828064,15.032837,14.846703,14.958420,14.660179,14.995636,14.865326,14.958420,14.865326,14.883965,15.014244,14.921196,14.772133,14.921196,14.828064,14.883965,14.772133,14.809425,14.828064,14.772133,14.865326,14.883965,14.958420,14.716171,14.977043,14.790794,14.902580,14.977043,14.716171,14.828064,14.790794,15.014244,14.809425,15.070015,14.846703,14.995636,14.790794,14.921196,15.032837,15.014244,14.883965,14.921196,15.051422,14.902580,14.846703,15.032837,15.014244,14.977043,14.772133,15.088600,14.865326,14.977043,14.846703,15.125755,14.939812,14.865326,15.088600,15.107178,14.995636,15.162895,14.958420,15.181458,15.181458,14.883965,15.088600,15.107178,15.032837,15.200020,15.032837,14.958420,15.032837,15.014244,14.939812,14.958420,14.921196,15.292770,15.051422,14.958420,14.697517,14.828064,14.809425,14.697517,14.790794,14.734833,14.604141,14.678848,14.323463,14.604141,14.566772,14.622826,14.809425,14.995636,14.958420,15.032837,15.088600,15.348373,15.088600,15.200020,15.014244,15.255684,15.292770,15.255684,15.125755,15.218575,14.939812,15.162895,15.088600,14.958420,14.939812,15.014244,14.772133,14.772133,14.995636,14.902580,14.772133,14.772133,14.790794,14.958420,14.883965,14.828064,14.958420,14.995636,14.809425,14.772133,14.995636,14.865326,14.902580,14.939812,14.883965,14.977043,14.753487,14.678848,14.865326,14.865326,14.995636,14.902580,15.032837,14.734833,15.070015,15.032837,15.032837,14.995636,14.939812,14.977043,15.032837,15.051422,15.014244,14.883965,14.772133,14.883965,14.809425,14.772133,14.772133,15.051422,14.958420,15.032837,14.772133,14.809425,14.772133,15.014244,14.865326,14.902580,14.921196,14.734833,14.772133,14.790794,14.529381,14.977043,14.921196,14.921196,14.846703,14.921196,14.772133,14.865326,14.939812,14.790794,14.939812,14.697517,14.921196,14.846703,15.014244,14.921196,14.828064,15.051422,14.883965,14.977043,14.939812,14.902580,14.939812,14.790794,14.883965,14.977043,15.144333,14.790794,14.734833,14.921196,14.828064,14.995636,14.716171,15.051422,14.809425,14.921196,14.995636,14.846703,14.995636,14.958420,14.921196,14.772133,14.828064,15.014244,15.107178,15.051422,14.902580,15.144333,15.014244,15.181458,14.958420,15.200020,15.125755,15.200020,14.865326,15.162895,15.218575,15.329842,
15.755058,15.607391,15.570435,15.496475,15.625862,15.681252,15.551949,15.292770,15.736610,15.570435,15.218575,15.366905,15.496475,15.144333,15.255684,15.366905,15.255684,15.625862,15.459480,15.644325,16.049652,16.306610,16.745338,17.127403,17.652206,17.904396,18.227524,18.567253,18.887802,19.047615,19.313263,19.754082,19.824394,20.122513,20.140007,20.122513,20.192490,20.157509,20.227455,20.349724,20.506645,20.244934,20.174995,20.297348,20.122513,20.174995,20.227455,20.105003,20.367180,20.209976,20.087494,20.227455,20.367180,20.157509,20.279877,20.227455,20.524055,20.471802,20.314804,20.628487,20.506645,20.680634,20.802200,20.802200,20.958221,20.923576,21.183029,21.044754,21.269310,21.269310,21.407181,21.372734,21.510414,21.476021,21.699318,21.647850,21.665016,21.921967,21.665016,21.579163,21.819290,21.904861,21.630684,22.007431,21.956161,21.904861,21.887764,21.887764,21.921967,21.973259,21.853539,21.921967,22.075729,22.024513,22.024513,21.956161,22.007431,21.939064,21.904861,21.819290,21.733620,22.007431,21.802162,21.921967,21.990349,21.956161,21.767891,21.716469,21.904861,21.956161,21.819290,21.973259,21.802162,22.058662,21.802162,21.819290,21.921967,22.058662,22.041588,22.058662,21.939064,21.956161,21.973259,21.836411,21.836411,21.767891,21.750755,21.870644,21.665016,21.630684,21.527603,21.733620,21.372734,21.372734,21.476021,21.269310,21.441612,21.303802,21.200287,21.389961,21.372734,21.493217,21.441612,21.441612,21.286568,21.476021,21.424393,21.596336,21.493217,21.630684,21.716469,21.802162,21.836411,21.853539,21.990349,22.161018,22.075729,21.767891,22.109856,21.939064,21.802162,22.024513,22.041588,21.887764,21.853539,22.058662,21.973259,22.075729,21.870644,22.007431,22.024513,21.887764,22.058662,22.109856,22.058662,22.229179,22.092789,22.041588,22.058662,22.161018,22.092789,22.161018,22.178062,22.126915,22.314293,22.246208,22.280251,22.263237,22.195107,22.229179,22.075729,22.075729,22.058662,22.246208,22.041588,22.178062,22.058662,21.956161,21.819290,21.939064,21.767891,21.647850,21.921967,21.853539,21.853539,21.750755,21.647850,21.733620,21.785027,21.990349,21.750755,21.887764,21.973259,21.716469,21.819290,21.802162,21.750755,21.887764,21.887764,21.836411,21.767891,21.750755,21.870644,21.973259,21.853539,21.921967,21.956161,21.887764,21.767891,21.750755,21.819290,21.887764,21.990349,21.956161,21.853539,21.853539,21.836411,21.921967,21.870644,21.870644,21.870644,21.836411,21.870644,21.904861,21.785027,21.904861,21.819290,21.613518,21.613518,21.665016,21.510414,21.579163,21.407181,21.544792,21.527603,21.407181,21.424393,21.372734,21.252068,21.062057,21.269310,20.992851,21.062057,21.131203,21.079346,21.062057,20.923576,21.113914,21.027458,20.906242,21.200287,20.888908,20.819542,21.010155,21.079346,20.940895,20.940895,20.836899,20.767487,20.906242,20.698021,20.680634,20.558884,20.541473,20.645866,20.767487,20.436943,20.489220,20.506645,20.489220,20.332268,20.628487,20.314804,20.454369,20.471802,20.419502,20.349724,20.367180,20.227455,20.384621,20.314804,20.244934,20.209976,20.174995,20.262413,20.122513,19.929733,19.912178,19.789246,19.613289,19.648506,19.771667,19.630898,19.560417,19.560417,19.578049,19.771667,19.560417,19.436943,19.666115,19.489883,19.542793,19.630898,19.401619,19.366287,19.525154,19.578049,19.366287,19.366287,19.454590,19.153984,19.313263,19.330948,19.330948,19.242508,19.260208,19.100807,19.277893,18.816673,18.620766,18.245445,18.281258,18.191681,17.706314,17.525826,17.091087,16.617607,16.416496,16.012886,15.810371,15.533455,15.311302,15.218575,15.403938,14.939812,14.958420,15.125755,14.939812,14.995636,15.181458,15.125755,15.311302,15.329842,15.218575,15.181458,15.218575,15.144333,15.237137,15.237137,15.181458,15.311302,15.181458,15.200020,15.070015,15.237137,15.237137,15.144333,14.939812,15.070015,15.088600,15.237137,14.977043,15.162895,15.329842,15.162895,15.274223,15.200020,15.070015,15.088600,14.995636,14.921196,15.107178,15.162895,14.995636,15.070015,14.958420,14.995636,14.958420,15.032837,15.032837,15.051422,14.977043,14.958420,15.051422,15.014244,14.902580,14.697517,15.144333,15.070015,15.088600,14.939812,15.051422,15.032837,14.958420,14.939812,14.678848,14.902580,14.883965,15.032837,15.014244,15.088600,14.995636,14.846703,15.070015,14.921196,14.828064,14.977043,14.902580,14.865326,14.958420,14.865326,14.846703,14.846703,14.883965,14.716171,14.809425,14.846703,14.865326,14.902580,14.641502,15.032837,14.846703,14.734833,14.865326,14.846703,14.716171,15.014244,14.865326,14.902580,15.014244,14.902580,14.846703,14.921196,15.070015,14.977043,14.883965,14.977043,14.902580,14.977043,14.977043,14.902580,14.902580,14.902580,15.162895,14.995636,14.977043,14.865326,14.995636,14.939812,14.865326,15.014244,14.921196,14.995636,14.939812,15.237137,15.144333,15.088600,15.329842,14.865326,15.181458,15.088600,15.162895,14.883965,15.051422,15.014244,15.032837,14.921196,15.200020,15.144333,14.995636,15.032837,15.144333,15.088600,15.051422,14.921196,14.883965,14.622826,14.716171,14.641502,14.753487,14.604141,14.772133,14.660179,14.491982,14.753487,14.678848,14.772133,14.902580,15.014244,15.088600,15.403938,15.237137,15.292770,15.533455,15.403938,15.200020,15.181458,15.237137,15.366905,15.051422,14.977043,14.902580,15.070015,15.088600,14.790794,14.772133,14.734833,14.883965,14.846703,14.753487,14.846703,14.977043,14.846703,14.846703,15.107178,14.995636,15.051422,15.051422,14.883965,15.032837,14.939812,14.772133,14.883965,14.678848,14.958420,14.921196,14.902580,14.772133,14.772133,14.883965,14.977043,14.977043,15.107178,15.162895,14.790794,14.772133,14.921196,14.902580,14.883965,14.753487,14.995636,14.995636,15.014244,14.809425,14.902580,14.846703,14.678848,15.051422,15.070015,14.865326,14.697517,14.883965,14.828064,14.902580,14.995636,14.902580,14.865326,14.828064,14.865326,14.828064,14.883965,14.790794,14.641502,14.883965,14.846703,14.958420,15.032837,14.846703,14.921196,14.772133,14.939812,14.958420,14.902580,14.995636,14.641502,14.958420,14.846703,14.958420,14.772133,14.995636,14.939812,14.939812,14.641502,14.902580,14.865326,14.865326,14.846703,14.921196,14.828064,14.902580,15.070015,14.809425,14.883965,15.014244,14.977043,15.181458,14.939812,14.921196,14.977043,14.921196,14.958420,14.921196,14.865326,14.939812,15.107178,14.958420,15.070015,15.125755,15.181458,15.292770,15.144333,15.088600,15.292770,15.144333,14.958420,15.107178,15.292770,14.921196,15.329842,15.181458,
15.773499,15.551949,15.570435,15.644325,15.385422,15.496475,15.440964,15.514977,15.588913,15.570435,15.255684,15.292770,15.200020,15.032837,15.403938,15.255684,15.255684,15.255684,15.200020,15.957695,15.681252,16.434807,16.581078,17.109245,17.525826,17.724342,18.155830,18.460121,18.638596,19.118538,19.436943,19.578049,19.736496,19.912178,20.017418,20.209976,20.279877,20.192490,20.419502,20.140007,20.244934,20.227455,20.140007,20.192490,20.105003,20.192490,20.122513,20.034943,19.912178,19.982353,19.964821,20.157509,20.105003,20.157509,20.034943,20.262413,20.262413,20.349724,20.297348,20.715385,20.524055,20.663254,20.524055,20.802200,20.802200,20.958221,21.062057,21.044754,21.217552,21.217552,21.200287,21.407181,21.441612,21.510414,21.596336,21.476021,21.802162,21.630684,21.785027,21.716469,21.733620,21.699318,21.802162,21.939064,22.041588,21.870644,22.041588,21.939064,21.904861,21.990349,21.921967,21.853539,21.956161,22.092789,22.092789,21.921967,21.921967,21.921967,21.956161,21.939064,22.075729,22.007431,22.024513,22.212143,21.870644,21.887764,21.802162,22.007431,21.870644,22.058662,22.041588,21.921967,22.041588,22.126915,22.143959,21.956161,21.990349,22.126915,21.990349,21.990349,21.819290,21.921967,21.682167,21.921967,21.973259,21.785027,21.819290,21.767891,21.733620,21.458817,21.596336,21.527603,21.630684,21.596336,21.355507,21.441612,21.527603,21.372734,21.321045,21.372734,21.217552,21.252068,21.424393,21.355507,21.252068,21.441612,21.458817,21.561981,21.716469,21.665016,21.699318,21.785027,21.819290,22.075729,21.973259,22.075729,21.956161,21.853539,22.109856,21.990349,22.041588,21.956161,21.973259,21.836411,21.887764,21.887764,21.853539,22.041588,21.870644,21.973259,22.041588,22.007431,22.212143,21.973259,21.990349,22.161018,22.041588,22.109856,21.990349,22.143959,22.058662,21.973259,22.229179,22.297272,22.058662,22.143959,22.075729,22.092789,22.178062,22.143959,22.058662,22.109856,22.092789,22.178062,22.109856,22.075729,22.109856,21.973259,21.870644,22.041588,21.767891,21.836411,21.870644,21.665016,21.802162,21.682167,21.733620,21.733620,21.699318,21.887764,21.682167,21.802162,21.785027,21.750755,21.750755,21.733620,21.699318,21.767891,21.767891,21.785027,21.665016,21.870644,21.733620,21.699318,21.682167,21.819290,21.887764,21.647850,21.785027,21.682167,21.750755,21.785027,21.819290,21.682167,21.699318,21.802162,21.767891,21.785027,21.682167,21.665016,21.750755,21.802162,21.665016,21.733620,21.785027,21.665016,21.750755,21.836411,21.493217,21.561981,21.716469,21.458817,21.407181,21.234810,21.441612,21.303802,21.252068,21.303802,21.321045,21.234810,21.183029,21.217552,21.079346,21.165756,21.165756,20.975533,21.148476,21.010155,20.958221,21.079346,21.062057,21.113914,20.958221,21.062057,20.645866,20.836899,20.888908,20.923576,20.836899,20.767487,20.836899,20.854233,20.923576,20.698021,20.784843,20.541473,20.436943,20.663254,20.541473,20.576286,20.541473,20.402061,20.384621,20.297348,20.454369,20.279877,20.436943,20.279877,20.069977,20.192490,20.034943,20.209976,20.140007,20.174995,20.052460,20.034943,19.929733,19.824394,19.718910,19.841957,19.560417,19.718910,19.718910,19.472237,19.489883,19.613289,19.666115,19.542793,19.542793,19.806816,19.630898,19.718910,19.472237,19.472237,19.525154,19.507530,19.419281,19.419281,19.454590,19.260208,19.419281,19.189407,19.207108,19.083084,19.542793,19.419281,19.383957,19.224815,18.905579,18.531555,18.352852,18.513702,17.814415,17.580009,17.489685,16.963875,16.708862,16.324928,16.104774,15.496475,15.607391,15.274223,15.144333,15.311302,15.088600,15.032837,14.828064,15.088600,15.107178,14.995636,15.162895,15.144333,15.292770,15.348373,15.329842,15.144333,15.237137,15.032837,15.292770,15.218575,15.218575,15.348373,15.237137,15.366905,15.162895,15.311302,15.162895,15.125755,15.125755,15.162895,15.218575,15.162895,15.255684,15.403938,15.162895,15.162895,15.107178,15.237137,15.125755,15.032837,14.977043,15.014244,15.051422,14.958420,14.902580,14.921196,15.014244,15.051422,14.902580,15.070015,14.939812,14.995636,14.995636,14.921196,15.070015,14.995636,15.144333,15.014244,14.865326,14.958420,14.772133,15.014244,14.958420,14.939812,14.977043,15.162895,14.846703,15.032837,14.622826,14.883965,14.958420,14.995636,14.921196,14.902580,14.790794,14.828064,14.902580,14.865326,14.977043,14.939812,14.921196,14.865326,14.678848,14.958420,14.846703,14.921196,14.865326,14.772133,14.958420,14.939812,14.883965,14.939812,14.809425,14.865326,14.958420,14.902580,14.716171,15.014244,14.865326,15.014244,15.014244,14.977043,14.995636,14.958420,14.977043,14.846703,14.828064,14.902580,14.977043,14.883965,14.921196,14.902580,14.716171,14.846703,15.107178,14.921196,14.846703,14.883965,14.883965,14.939812,14.995636,14.865326,14.977043,15.032837,15.051422,15.032837,14.883965,15.181458,14.977043,15.014244,15.107178,14.902580,15.107178,15.051422,15.125755,15.070015,14.678848,14.977043,14.958420,15.144333,15.125755,15.070015,14.902580,14.865326,14.809425,14.883965,14.716171,14.622826,14.734833,14.734833,14.697517,14.716171,14.585457,14.622826,14.491982,14.529381,14.790794,14.716171,14.977043,14.809425,15.088600,15.088600,15.162895,15.107178,15.051422,15.181458,15.274223,15.237137,15.144333,15.125755,14.995636,14.883965,14.939812,15.014244,14.846703,14.697517,14.977043,14.958420,14.809425,14.772133,14.865326,14.790794,14.846703,14.772133,14.958420,14.939812,14.846703,14.883965,14.660179,15.088600,14.790794,14.772133,15.051422,15.014244,14.995636,14.753487,14.809425,14.734833,14.939812,14.753487,14.809425,14.828064,14.958420,14.939812,15.051422,14.790794,14.865326,14.995636,14.958420,15.088600,14.697517,14.846703,14.921196,14.883965,14.977043,14.809425,14.828064,14.977043,14.734833,14.846703,14.734833,14.977043,14.921196,14.939812,14.753487,14.772133,14.921196,14.977043,14.604141,14.902580,14.902580,14.790794,14.846703,15.032837,14.977043,14.753487,14.939812,14.883965,14.977043,14.865326,14.939812,14.939812,14.977043,14.790794,14.809425,14.846703,15.032837,14.939812,15.088600,14.921196,14.790794,14.902580,15.125755,14.958420,14.828064,14.921196,14.921196,14.958420,14.809425,14.995636,14.883965,15.032837,14.828064,14.865326,14.977043,14.995636,14.995636,14.865326,14.995636,14.678848,15.125755,14.921196,14.697517,15.125755,15.237137,14.995636,14.902580,15.070015,15.070015,15.107178,15.200020,15.200020,15.107178,15.125755,15.125755,14.995636,15.144333,15.144333,15.107178,15.237137,
15.920883,15.551949,15.570435,15.773499,15.496475,15.570435,15.570435,15.570435,15.681252,15.477974,15.329842,15.237137,15.107178,15.496475,15.107178,15.292770,15.014244,15.237137,15.533455,15.607391,16.233269,16.178230,16.526253,17.254379,17.525826,17.670250,18.209602,18.549400,18.958870,19.153984,19.507530,19.701309,19.912178,20.105003,20.034943,20.262413,20.402061,20.489220,20.209976,20.227455,20.244934,20.349724,20.192490,20.140007,20.209976,20.262413,20.122513,20.384621,20.227455,19.999893,19.999893,20.244934,20.192490,20.349724,20.052460,20.174995,20.140007,20.122513,20.297348,20.402061,20.314804,20.628487,20.645866,20.715385,20.750122,20.992851,20.715385,21.269310,21.113914,21.027458,21.269310,21.338272,21.561981,21.682167,21.613518,21.767891,21.630684,21.493217,21.544792,21.716469,21.939064,21.836411,21.870644,21.887764,22.024513,22.007431,21.939064,21.870644,21.870644,21.921967,21.921967,22.075729,22.075729,21.836411,21.939064,21.802162,21.939064,22.178062,21.836411,22.075729,21.939064,22.092789,21.819290,21.921967,21.990349,22.007431,21.990349,21.939064,22.178062,22.041588,21.973259,21.956161,22.058662,22.178062,21.973259,22.058662,21.921967,22.058662,21.990349,21.921967,22.007431,21.990349,21.733620,21.853539,21.956161,21.836411,21.870644,21.716469,21.493217,21.733620,21.527603,21.458817,21.579163,21.303802,21.476021,21.458817,21.217552,21.234810,21.441612,21.200287,21.338272,21.493217,21.321045,21.303802,21.269310,21.338272,21.407181,21.355507,21.579163,21.613518,21.819290,21.819290,21.767891,22.024513,21.836411,22.143959,22.024513,21.921967,21.990349,21.990349,21.887764,21.990349,22.007431,21.973259,21.887764,21.990349,21.802162,22.092789,21.921967,21.904861,21.887764,21.990349,22.024513,22.007431,21.973259,21.956161,21.956161,22.024513,21.956161,21.973259,21.973259,22.178062,21.939064,22.212143,22.126915,22.092789,21.973259,22.007431,22.229179,22.058662,22.058662,22.058662,22.143959,22.178062,22.212143,22.143959,22.246208,21.887764,21.973259,21.904861,21.990349,21.904861,21.956161,21.853539,21.750755,21.665016,21.596336,21.682167,21.647850,21.647850,21.596336,21.596336,21.665016,21.819290,21.716469,21.716469,21.819290,21.750755,21.613518,21.836411,21.733620,21.613518,21.699318,21.699318,21.699318,21.750755,21.647850,21.476021,21.647850,21.596336,21.802162,21.733620,21.716469,21.785027,21.819290,21.613518,21.904861,21.767891,21.733620,21.750755,21.647850,21.802162,21.699318,21.682167,21.665016,21.476021,21.561981,21.561981,21.407181,21.544792,21.355507,21.527603,21.389961,21.338272,21.079346,21.269310,21.096642,21.148476,21.131203,21.062057,21.096642,21.079346,21.096642,21.096642,21.079346,20.888908,20.940895,21.010155,21.096642,21.200287,21.183029,21.010155,21.096642,20.923576,21.096642,20.906242,20.906242,21.027458,20.871582,20.715385,20.802200,20.923576,20.802200,20.732758,20.732758,20.645866,20.593697,20.244934,20.402061,20.489220,20.541473,20.471802,20.367180,20.314804,20.297348,20.471802,20.174995,20.384621,20.332268,20.244934,20.209976,20.297348,20.052460,19.964821,20.034943,19.894638,19.806816,19.824394,19.613289,19.630898,19.630898,19.701309,19.454590,19.560417,19.578049,19.454590,19.613289,19.489883,19.595665,19.613289,19.560417,19.560417,19.595665,19.718910,19.560417,19.454590,19.419281,19.207108,19.313263,19.207108,19.224815,19.330948,19.383957,19.701309,19.754082,19.207108,19.136261,19.260208,18.976631,18.638596,18.674240,18.209602,17.850410,17.724342,17.399261,16.963875,16.708862,16.361572,15.828796,15.681252,15.311302,15.385422,15.311302,15.088600,15.051422,14.995636,14.921196,15.070015,15.032837,14.995636,15.125755,15.181458,15.144333,15.181458,15.311302,15.107178,15.403938,15.292770,15.162895,15.181458,15.162895,15.348373,15.292770,15.218575,15.200020,15.200020,15.218575,15.107178,15.144333,15.051422,15.255684,15.237137,14.958420,15.032837,14.995636,15.032837,15.032837,15.107178,14.865326,14.977043,15.051422,15.088600,15.125755,15.107178,14.939812,15.070015,14.865326,15.014244,14.902580,15.162895,15.014244,15.088600,14.977043,15.014244,15.051422,15.107178,15.032837,15.014244,14.828064,15.107178,14.790794,14.921196,14.846703,14.753487,14.865326,14.809425,14.921196,14.939812,14.977043,14.865326,14.902580,14.883965,14.958420,14.865326,14.828064,14.790794,14.939812,14.846703,14.921196,14.921196,14.734833,14.716171,14.585457,14.846703,14.828064,14.697517,14.846703,14.790794,14.883965,14.828064,14.790794,14.772133,14.828064,14.828064,14.734833,14.958420,14.716171,14.921196,14.958420,15.162895,14.902580,14.846703,15.070015,15.014244,14.883965,14.772133,14.846703,14.939812,14.883965,14.921196,15.181458,14.716171,14.995636,14.939812,14.828064,15.014244,14.865326,14.883965,14.958420,14.865326,14.939812,14.921196,15.218575,15.051422,15.032837,14.939812,14.977043,15.014244,15.200020,15.032837,15.014244,14.958420,15.051422,14.995636,15.088600,15.292770,15.162895,15.032837,15.088600,14.995636,15.088600,15.144333,15.144333,15.051422,14.958420,15.144333,14.902580,14.734833,14.604141,14.304718,14.566772,14.566772,14.323463,14.697517,14.641502,14.734833,14.734833,14.660179,14.977043,15.032837,15.237137,15.162895,15.496475,15.181458,15.274223,15.274223,15.274223,15.070015,15.422462,15.070015,15.014244,14.790794,14.977043,15.014244,15.032837,14.977043,14.939812,14.883965,14.809425,14.865326,14.678848,14.641502,14.883965,14.809425,15.014244,15.181458,14.939812,14.902580,15.051422,14.865326,14.939812,15.032837,14.921196,14.939812,14.995636,14.977043,14.809425,14.883965,15.014244,14.995636,14.977043,14.865326,14.958420,14.846703,14.883965,14.865326,14.809425,15.014244,14.995636,14.809425,14.790794,14.902580,14.772133,14.865326,14.790794,15.162895,14.939812,14.790794,14.883965,14.902580,14.697517,14.865326,14.660179,14.939812,14.865326,14.846703,14.939812,14.977043,14.734833,14.883965,14.865326,14.883965,14.977043,14.995636,14.846703,14.716171,14.809425,14.995636,14.734833,14.772133,14.753487,15.088600,14.772133,14.846703,14.734833,14.865326,14.902580,14.921196,14.921196,14.828064,15.125755,14.772133,14.921196,14.753487,14.660179,14.939812,14.846703,14.865326,14.846703,14.977043,14.995636,14.678848,14.790794,15.051422,14.846703,15.051422,15.051422,14.828064,14.828064,15.032837,14.883965,15.162895,15.051422,14.921196,15.014244,15.051422,14.958420,15.107178,15.144333,15.051422,15.051422,15.200020,14.958420,15.088600,15.107178,15.181458,15.125755,15.274223,15.200020,15.107178,
15.865646,15.828796,15.607391,15.662788,15.403938,15.625862,15.533455,15.699715,15.570435,15.329842,15.237137,15.237137,15.218575,15.125755,15.014244,15.422462,15.107178,15.403938,15.366905,15.662788,15.736610,16.141510,16.599342,16.927490,17.272507,17.507759,18.227524,18.692055,18.798889,18.994377,19.295586,19.613289,19.841957,19.912178,20.017418,19.999893,20.279877,20.209976,20.332268,20.105003,20.262413,20.122513,20.192490,20.192490,20.209976,20.140007,20.314804,20.174995,20.244934,20.122513,20.034943,20.140007,20.122513,20.122513,19.999893,19.982353,20.122513,20.332268,20.297348,20.419502,20.227455,20.367180,20.715385,20.611084,20.767487,20.940895,21.010155,21.079346,21.079346,21.217552,21.372734,21.372734,21.234810,21.303802,21.424393,21.579163,21.596336,21.785027,21.682167,21.699318,21.819290,21.733620,21.682167,21.870644,21.921967,21.836411,21.887764,21.956161,21.733620,21.904861,22.024513,21.870644,21.887764,21.990349,21.904861,22.178062,21.836411,22.109856,21.853539,22.041588,22.024513,21.956161,22.024513,21.853539,21.973259,21.956161,21.836411,22.024513,21.956161,22.024513,22.058662,22.143959,21.973259,22.109856,22.126915,21.973259,22.178062,22.041588,21.973259,21.973259,22.109856,21.939064,22.058662,22.024513,21.785027,21.750755,21.665016,21.613518,21.561981,21.561981,21.424393,21.458817,21.527603,21.321045,21.303802,21.355507,21.217552,21.183029,21.441612,21.286568,21.458817,21.389961,21.252068,21.441612,21.217552,21.458817,21.647850,21.407181,21.579163,21.527603,21.596336,21.682167,21.802162,21.956161,21.956161,21.973259,22.024513,22.109856,22.195107,21.973259,21.836411,22.058662,22.007431,22.041588,21.939064,21.956161,21.836411,22.075729,21.956161,21.956161,21.802162,22.024513,22.024513,21.973259,21.939064,22.092789,21.973259,21.956161,22.058662,22.126915,21.990349,21.939064,21.990349,22.024513,22.143959,21.990349,22.092789,22.024513,22.161018,22.161018,21.939064,22.092789,22.024513,22.178062,22.161018,22.178062,22.143959,22.143959,21.990349,21.956161,21.802162,21.785027,21.870644,21.665016,21.853539,21.921967,21.647850,21.665016,21.613518,21.699318,21.613518,21.767891,21.596336,21.716469,21.579163,21.785027,21.630684,21.785027,21.665016,21.785027,21.665016,21.527603,21.561981,21.750755,21.716469,21.785027,21.665016,21.527603,21.596336,21.476021,21.785027,21.441612,21.699318,21.819290,21.836411,21.819290,21.647850,21.647850,21.750755,21.424393,21.493217,21.750755,21.682167,21.682167,21.510414,21.561981,21.303802,21.407181,21.510414,21.338272,21.321045,21.527603,21.234810,21.217552,21.252068,21.131203,21.165756,21.303802,21.096642,21.113914,21.044754,21.113914,21.131203,21.027458,21.165756,21.062057,21.010155,20.992851,20.767487,20.975533,20.854233,20.940895,21.044754,21.027458,21.044754,21.079346,21.027458,20.940895,20.940895,20.958221,20.940895,20.715385,20.645866,20.680634,20.750122,20.541473,20.663254,20.454369,20.524055,20.506645,20.436943,20.419502,20.384621,20.262413,20.489220,20.402061,20.384621,20.174995,20.419502,20.297348,20.174995,20.174995,20.017418,20.017418,20.069977,19.999893,19.947273,19.841957,19.595665,19.789246,19.542793,19.613289,19.578049,19.542793,19.472237,19.472237,19.578049,19.472237,19.507530,19.701309,19.578049,19.648506,19.666115,19.419281,19.578049,19.683716,19.383957,19.348618,19.295586,19.401619,19.224815,19.313263,19.366287,19.366287,19.419281,19.189407,18.994377,19.100807,18.923340,18.585091,18.477982,18.263351,18.102013,17.706314,17.471611,17.127403,16.581078,16.434807,16.068031,15.718163,15.588913,15.329842,15.162895,15.032837,14.958420,15.014244,14.809425,14.902580,15.107178,14.939812,14.902580,15.144333,15.329842,15.348373,15.051422,15.162895,15.311302,15.551949,15.255684,15.237137,15.125755,15.237137,15.311302,15.070015,15.200020,15.292770,15.032837,15.144333,15.107178,15.162895,15.014244,15.125755,15.162895,15.125755,15.162895,15.181458,15.107178,14.977043,14.902580,15.125755,14.865326,14.977043,15.014244,15.032837,14.921196,14.995636,15.162895,14.939812,15.032837,14.977043,14.809425,14.995636,14.828064,14.958420,15.107178,15.070015,15.088600,15.144333,14.939812,15.032837,14.939812,14.809425,14.753487,14.939812,14.958420,14.828064,14.958420,14.921196,14.846703,14.939812,14.939812,15.032837,14.660179,15.014244,14.883965,14.846703,15.032837,14.958420,14.753487,14.958420,15.051422,14.902580,14.865326,14.716171,14.734833,14.809425,14.697517,14.622826,14.809425,14.753487,14.753487,14.772133,14.753487,14.902580,14.846703,14.846703,14.846703,14.809425,14.865326,15.032837,14.809425,14.846703,14.883965,14.977043,14.921196,14.883965,14.902580,14.958420,14.995636,15.051422,14.883965,14.883965,14.921196,14.809425,14.902580,14.958420,14.921196,14.846703,14.939812,14.958420,14.809425,14.939812,14.921196,14.995636,14.846703,14.977043,15.274223,15.070015,14.977043,15.200020,15.088600,15.200020,15.125755,15.070015,15.144333,15.032837,14.883965,15.125755,15.051422,15.144333,15.125755,15.014244,15.088600,15.014244,14.883965,14.865326,14.772133,14.622826,14.678848,14.753487,14.548080,14.510681,14.678848,14.435844,14.604141,14.529381,14.828064,14.809425,14.977043,14.921196,15.125755,15.107178,15.255684,15.385422,15.200020,15.181458,15.014244,15.237137,15.125755,15.218575,15.070015,14.716171,14.921196,14.865326,15.107178,14.734833,14.995636,14.846703,14.865326,14.753487,14.883965,14.902580,14.828064,14.921196,14.809425,14.921196,14.865326,14.790794,15.200020,14.995636,14.995636,14.939812,14.790794,14.921196,14.734833,14.697517,14.958420,14.995636,14.790794,14.809425,14.809425,14.865326,14.939812,14.790794,14.865326,14.883965,14.772133,14.865326,14.977043,14.921196,14.939812,14.809425,14.790794,14.883965,14.846703,14.883965,14.921196,14.678848,14.772133,14.902580,14.697517,14.790794,14.753487,14.772133,14.772133,14.753487,14.828064,14.846703,14.678848,14.865326,14.790794,14.716171,14.828064,14.660179,14.865326,15.088600,14.958420,14.883965,14.604141,14.865326,14.809425,14.977043,14.865326,14.939812,14.865326,14.902580,14.772133,14.995636,14.660179,14.921196,14.678848,14.865326,14.846703,14.883965,15.070015,14.622826,14.660179,14.809425,14.995636,14.716171,14.958420,14.734833,14.790794,14.995636,14.772133,15.125755,14.902580,15.014244,15.032837,15.200020,14.977043,14.865326,14.995636,14.995636,14.939812,15.088600,15.088600,15.162895,15.070015,14.939812,15.162895,14.939812,14.846703,15.107178,14.958420,14.995636,15.088600,14.846703,15.218575,15.088600,
15.920883,15.570435,15.736610,15.736610,15.459480,15.718163,15.533455,15.533455,15.422462,15.551949,15.311302,15.237137,15.255684,15.162895,15.440964,15.348373,15.292770,15.255684,15.348373,15.755058,15.828796,16.141510,16.544525,17.091087,17.489685,17.814415,17.958336,18.460121,18.887802,19.047615,19.277893,19.595665,19.859520,19.982353,20.105003,19.999893,20.052460,20.332268,20.279877,20.209976,20.087494,20.227455,20.209976,20.227455,20.349724,20.349724,20.227455,20.332268,20.069977,20.209976,20.140007,20.052460,20.140007,20.140007,20.140007,20.122513,20.332268,20.279877,20.192490,20.244934,20.541473,20.349724,20.715385,20.888908,20.645866,20.732758,20.854233,20.854233,21.148476,21.165756,21.303802,21.321045,21.269310,21.596336,21.441612,21.647850,21.544792,21.647850,21.802162,21.716469,21.647850,21.819290,21.904861,21.956161,21.904861,21.939064,22.075729,21.853539,21.836411,22.024513,21.870644,21.904861,21.990349,22.126915,21.990349,21.870644,21.939064,21.870644,22.041588,21.990349,21.904861,21.990349,21.939064,21.939064,22.075729,22.024513,22.007431,22.092789,22.161018,21.956161,22.109856,22.075729,22.024513,22.212143,22.092789,22.058662,22.041588,22.041588,22.092789,21.990349,22.041588,21.973259,21.819290,21.904861,22.007431,21.767891,21.665016,21.596336,21.630684,21.544792,21.493217,21.613518,21.527603,21.441612,21.252068,21.269310,21.321045,21.234810,21.424393,21.355507,21.372734,21.338272,21.355507,21.269310,21.493217,21.476021,21.527603,21.665016,21.682167,21.647850,21.819290,21.802162,22.024513,21.939064,22.143959,22.212143,22.024513,22.229179,22.075729,22.058662,22.212143,22.024513,22.126915,22.161018,21.939064,22.007431,22.007431,21.836411,21.904861,21.870644,21.785027,21.887764,21.956161,21.870644,21.887764,21.887764,22.058662,21.939064,21.990349,21.990349,21.887764,21.973259,22.109856,22.075729,22.024513,22.007431,22.075729,22.246208,22.178062,22.143959,22.280251,21.990349,22.161018,21.990349,22.041588,22.041588,22.058662,21.921967,21.973259,21.887764,21.939064,22.041588,21.973259,21.733620,21.870644,21.819290,21.682167,21.613518,21.493217,21.630684,21.733620,21.647850,21.561981,21.579163,21.544792,21.579163,21.476021,21.579163,21.544792,21.527603,21.665016,21.544792,21.613518,21.476021,21.613518,21.630684,21.699318,21.647850,21.870644,21.441612,21.561981,21.665016,21.561981,21.699318,21.561981,21.716469,21.647850,21.630684,21.596336,21.682167,21.596336,21.665016,21.750755,21.596336,21.647850,21.527603,21.355507,21.389961,21.527603,21.252068,21.269310,21.303802,21.079346,21.424393,21.321045,21.200287,21.165756,21.234810,21.079346,21.165756,21.044754,21.252068,21.027458,21.044754,21.044754,20.975533,21.027458,20.854233,20.958221,20.958221,20.888908,20.923576,20.888908,21.044754,21.027458,20.923576,21.027458,20.975533,20.992851,20.923576,20.836899,20.888908,20.854233,20.923576,20.802200,20.698021,20.715385,20.732758,20.489220,20.593697,20.506645,20.489220,20.384621,20.541473,20.471802,20.349724,20.244934,20.105003,20.367180,20.209976,20.140007,20.105003,20.349724,20.209976,19.964821,19.824394,19.964821,19.894638,19.771667,19.701309,19.806816,19.648506,19.630898,19.542793,19.578049,19.613289,19.542793,19.525154,19.648506,19.525154,19.648506,19.613289,19.613289,19.630898,19.648506,19.489883,19.472237,19.260208,19.507530,19.260208,19.383957,19.313263,19.454590,19.224815,19.171692,19.313263,19.100807,18.941109,18.976631,18.816673,18.567253,18.155830,18.012245,17.706314,17.471611,17.000237,16.781799,16.434807,16.086403,15.588913,15.329842,15.440964,15.329842,14.977043,14.977043,14.977043,14.828064,14.921196,15.032837,14.939812,14.939812,15.162895,15.162895,15.107178,15.162895,15.200020,15.329842,15.292770,15.144333,15.088600,15.274223,15.162895,15.144333,15.144333,15.255684,15.070015,15.181458,15.144333,15.274223,15.070015,15.144333,15.070015,15.107178,15.070015,15.032837,15.051422,15.051422,14.995636,15.144333,15.032837,15.032837,15.070015,14.958420,14.902580,14.846703,14.902580,15.032837,15.070015,15.107178,15.070015,14.883965,15.014244,15.070015,14.865326,14.772133,14.921196,14.921196,15.181458,15.070015,14.865326,14.902580,14.883965,15.032837,14.772133,14.790794,15.088600,14.995636,14.939812,14.753487,14.734833,15.014244,14.790794,15.070015,15.051422,14.883965,14.883965,15.032837,14.790794,14.809425,14.939812,14.939812,14.678848,14.697517,14.790794,14.902580,14.939812,14.772133,14.772133,14.939812,14.846703,14.753487,14.697517,14.790794,14.678848,14.883965,14.902580,14.995636,14.846703,14.753487,14.883965,14.809425,14.865326,14.865326,14.921196,14.902580,14.958420,14.995636,14.828064,14.790794,14.734833,14.697517,14.902580,14.883965,15.107178,14.865326,14.939812,14.790794,14.921196,14.734833,15.014244,14.977043,15.125755,14.828064,15.070015,14.921196,14.995636,14.977043,15.014244,15.218575,14.995636,15.051422,14.977043,15.032837,15.051422,14.939812,14.939812,15.014244,14.958420,15.051422,15.107178,15.032837,15.088600,15.107178,14.790794,15.144333,14.921196,14.678848,15.032837,14.772133,14.678848,14.585457,14.604141,14.548080,14.697517,14.678848,14.566772,14.902580,14.921196,14.995636,15.070015,15.162895,15.144333,15.162895,15.292770,15.125755,15.237137,15.255684,15.200020,15.125755,15.070015,15.200020,15.200020,14.995636,14.902580,14.902580,14.939812,14.902580,14.790794,14.566772,14.828064,14.753487,14.865326,14.902580,15.144333,14.939812,14.865326,15.107178,14.921196,14.977043,14.958420,14.995636,14.939812,15.014244,14.734833,14.865326,14.995636,14.939812,15.014244,14.716171,14.939812,14.753487,14.939812,15.014244,14.995636,15.070015,14.716171,14.809425,15.014244,15.014244,14.921196,15.088600,14.865326,14.772133,14.734833,14.753487,14.772133,14.772133,14.828064,15.014244,14.790794,14.753487,14.995636,14.772133,14.902580,14.585457,14.809425,14.921196,14.995636,14.883965,15.088600,14.753487,14.753487,14.828064,14.902580,14.734833,14.846703,14.641502,14.883965,14.772133,14.921196,14.678848,14.828064,14.604141,14.772133,14.865326,14.883965,14.865326,15.014244,14.753487,15.014244,14.734833,14.958420,14.902580,14.772133,14.790794,14.921196,15.088600,14.809425,14.921196,14.939812,14.716171,14.958420,14.865326,14.846703,14.697517,14.865326,14.921196,15.181458,14.753487,14.977043,15.162895,14.939812,14.828064,15.144333,14.828064,14.902580,15.144333,14.865326,15.162895,15.051422,15.014244,15.181458,14.790794,15.032837,15.032837,14.977043,14.995636,15.329842,15.088600,15.551949,
15.773499,15.403938,15.422462,15.496475,15.551949,15.551949,15.385422,15.514977,15.681252,15.459480,15.255684,15.366905,15.181458,15.311302,15.422462,15.274223,15.366905,15.477974,15.607391,15.588913,15.957695,16.233269,16.617607,17.036591,17.236252,17.760384,18.191681,18.513702,19.012123,19.260208,19.207108,19.507530,19.806816,19.964821,20.017418,20.279877,20.227455,20.174995,20.279877,20.174995,20.209976,20.279877,20.192490,20.157509,20.157509,20.419502,20.262413,20.192490,20.402061,20.174995,19.912178,20.069977,20.122513,20.105003,20.069977,20.279877,20.349724,20.349724,20.297348,20.489220,20.174995,20.419502,20.541473,20.698021,20.680634,20.923576,21.062057,20.992851,20.958221,21.010155,21.424393,21.355507,21.252068,21.407181,21.493217,21.458817,21.613518,21.424393,21.921967,21.647850,21.836411,21.887764,21.836411,22.109856,21.836411,21.870644,21.750755,21.904861,21.990349,22.007431,22.092789,21.921967,21.921967,21.973259,22.075729,21.921967,21.853539,21.716469,21.921967,22.126915,21.939064,22.092789,21.990349,22.109856,22.041588,22.007431,21.853539,21.921967,22.041588,22.075729,21.990349,22.024513,22.007431,22.058662,22.195107,21.973259,22.280251,21.904861,22.126915,22.143959,22.007431,22.195107,21.836411,21.836411,21.750755,21.785027,21.750755,21.630684,21.544792,21.458817,21.630684,21.493217,21.441612,21.355507,21.355507,21.424393,21.407181,21.441612,21.372734,21.458817,21.355507,21.355507,21.131203,21.372734,21.338272,21.389961,21.665016,21.389961,21.579163,21.785027,21.767891,21.990349,22.109856,21.939064,22.058662,22.109856,22.178062,22.075729,22.109856,22.178062,22.178062,22.348305,22.075729,22.007431,21.785027,21.973259,21.956161,21.939064,21.990349,21.939064,22.092789,21.973259,21.973259,21.853539,21.990349,22.058662,22.041588,21.767891,22.041588,21.973259,21.939064,21.887764,21.921967,22.058662,22.126915,22.041588,21.939064,22.178062,21.990349,22.024513,22.109856,22.178062,22.007431,22.263237,22.092789,22.092789,22.041588,22.126915,21.921967,21.921967,21.887764,21.767891,21.819290,21.836411,21.561981,21.767891,21.544792,21.544792,21.579163,21.510414,21.647850,21.630684,21.544792,21.510414,21.579163,21.630684,21.716469,21.527603,21.355507,21.355507,21.372734,21.665016,21.544792,21.647850,21.527603,21.527603,21.579163,21.476021,21.561981,21.596336,21.458817,21.561981,21.510414,21.647850,21.493217,21.527603,21.493217,21.630684,21.665016,21.510414,21.630684,21.441612,21.389961,21.527603,21.476021,21.665016,21.441612,21.355507,21.389961,21.286568,21.217552,21.355507,21.286568,21.200287,21.165756,20.992851,21.303802,21.131203,20.958221,21.252068,21.200287,21.148476,20.958221,21.062057,21.079346,21.010155,21.286568,21.010155,21.165756,21.027458,21.131203,21.010155,21.131203,21.148476,21.131203,20.940895,21.027458,20.871582,21.027458,21.044754,20.732758,20.958221,20.784843,20.784843,20.854233,20.663254,20.645866,20.698021,20.558884,20.628487,20.524055,20.314804,20.384621,20.628487,20.454369,20.384621,20.332268,20.367180,20.244934,20.279877,20.244934,20.244934,20.140007,19.947273,19.999893,19.841957,19.929733,19.683716,19.947273,19.718910,19.630898,19.630898,19.525154,19.578049,19.824394,19.578049,19.578049,19.454590,19.560417,19.507530,19.578049,19.648506,19.701309,19.472237,19.472237,19.507530,19.419281,19.507530,19.401619,19.313263,19.224815,19.542793,19.260208,19.277893,19.083084,19.224815,19.207108,19.153984,18.941109,18.852249,18.460121,18.119965,18.119965,17.760384,17.344955,17.109245,16.727104,16.324928,16.031273,15.828796,15.533455,15.366905,15.218575,15.107178,15.051422,14.921196,14.995636,14.995636,14.939812,14.995636,15.107178,15.162895,15.144333,15.255684,15.162895,15.088600,15.181458,15.292770,15.162895,15.181458,15.237137,15.181458,15.144333,15.070015,15.107178,14.977043,15.014244,15.162895,15.070015,15.125755,15.051422,15.237137,15.218575,15.162895,14.921196,15.070015,15.107178,15.070015,14.958420,14.977043,14.995636,14.995636,15.070015,14.995636,14.883965,14.921196,15.014244,15.032837,14.939812,15.144333,15.070015,15.125755,15.200020,15.032837,14.902580,14.921196,14.883965,14.828064,14.977043,14.921196,15.032837,14.902580,14.921196,14.809425,14.753487,15.032837,14.828064,14.865326,14.846703,14.921196,14.977043,14.958420,14.678848,14.921196,14.865326,14.883965,14.809425,14.772133,14.753487,14.921196,14.921196,14.641502,14.828064,14.921196,14.865326,14.772133,14.716171,14.902580,14.772133,14.921196,14.828064,14.678848,14.809425,14.809425,14.809425,14.753487,14.790794,14.939812,14.958420,14.809425,14.716171,14.809425,14.846703,14.772133,14.995636,15.032837,14.977043,14.939812,15.014244,14.977043,15.032837,14.828064,15.125755,15.051422,14.828064,15.032837,14.809425,14.790794,14.865326,14.865326,14.921196,15.070015,14.958420,15.088600,15.125755,15.070015,15.107178,15.181458,15.162895,15.218575,15.014244,15.051422,15.051422,15.107178,15.181458,15.162895,14.995636,15.107178,14.977043,15.088600,15.070015,15.107178,15.107178,15.107178,14.995636,14.753487,14.865326,14.809425,14.753487,14.641502,14.604141,14.491982,14.604141,14.772133,14.529381,14.678848,14.809425,14.809425,15.032837,15.088600,15.311302,15.477974,15.274223,15.162895,15.366905,15.440964,15.255684,15.200020,15.107178,15.088600,15.088600,15.051422,15.144333,14.790794,14.883965,14.641502,14.716171,14.828064,14.828064,14.697517,14.790794,14.734833,14.753487,14.772133,14.772133,14.902580,14.883965,15.070015,15.051422,15.125755,14.865326,14.902580,14.921196,14.921196,14.678848,14.883965,14.977043,14.902580,14.734833,15.032837,14.790794,14.977043,15.032837,14.977043,14.790794,14.809425,14.828064,15.014244,14.753487,14.977043,14.995636,15.088600,14.883965,14.977043,14.995636,14.939812,14.902580,14.753487,14.790794,14.883965,14.846703,14.958420,14.734833,14.622826,14.939812,14.753487,14.772133,14.883965,14.902580,14.939812,14.790794,14.921196,14.716171,14.828064,14.790794,15.014244,14.828064,14.697517,14.958420,14.939812,14.958420,14.734833,14.828064,14.846703,14.865326,14.809425,14.921196,14.809425,14.902580,15.032837,14.734833,15.070015,15.032837,14.678848,14.921196,14.921196,14.883965,14.995636,14.902580,14.753487,14.753487,14.902580,14.772133,14.902580,14.828064,14.846703,14.790794,14.958420,14.921196,14.809425,14.753487,14.865326,14.809425,15.051422,15.032837,14.958420,14.790794,14.921196,15.070015,14.846703,15.051422,14.902580,15.088600,15.088600,14.939812,14.939812,14.958420,15.311302,14.790794,15.329842,
15.699715,15.570435,15.329842,15.607391,15.644325,15.366905,15.422462,15.385422,15.292770,15.551949,15.255684,15.200020,15.051422,15.162895,15.292770,15.459480,15.162895,15.385422,15.607391,15.791931,15.847229,15.939293,16.745338,17.109245,17.381157,17.796410,18.119965,18.495850,18.709869,19.295586,19.224815,19.401619,19.754082,19.754082,20.157509,20.209976,19.894638,19.999893,20.262413,20.297348,20.209976,20.140007,20.174995,20.244934,20.209976,20.157509,20.105003,20.279877,20.122513,20.069977,19.912178,19.999893,19.929733,20.017418,19.964821,20.017418,20.034943,20.052460,20.349724,20.471802,20.209976,20.314804,20.558884,20.558884,20.784843,20.854233,20.958221,21.062057,20.888908,21.131203,20.888908,21.234810,21.269310,21.338272,21.493217,21.493217,21.579163,21.355507,21.510414,21.441612,21.561981,21.372734,21.630684,21.973259,21.733620,21.733620,21.973259,22.024513,21.853539,21.802162,21.887764,21.819290,21.750755,21.596336,21.819290,21.853539,22.126915,21.733620,21.973259,21.956161,21.904861,22.024513,21.973259,21.853539,21.990349,21.750755,21.990349,21.921967,21.904861,21.973259,21.836411,21.990349,21.956161,22.041588,21.921967,22.092789,21.973259,22.024513,22.007431,22.126915,22.126915,22.041588,21.921967,22.058662,21.904861,21.802162,21.750755,21.699318,21.613518,21.613518,21.561981,21.510414,21.355507,21.458817,21.200287,21.372734,21.407181,21.613518,21.372734,21.476021,21.441612,21.510414,21.493217,21.510414,21.527603,21.286568,21.561981,21.596336,21.767891,21.647850,21.733620,22.058662,22.178062,22.126915,22.041588,22.280251,21.990349,22.161018,22.178062,21.990349,22.178062,21.990349,22.126915,22.109856,22.161018,22.041588,21.939064,21.956161,21.973259,22.092789,21.921967,22.161018,22.092789,21.990349,22.075729,21.956161,22.041588,22.143959,21.921967,22.007431,22.092789,22.041588,22.058662,22.109856,22.075729,22.024513,22.075729,21.956161,22.092789,22.092789,22.092789,22.058662,22.075729,22.229179,22.229179,22.007431,22.178062,22.058662,21.973259,21.973259,21.990349,21.819290,21.819290,21.750755,21.767891,21.836411,21.441612,21.579163,21.561981,21.458817,21.561981,21.544792,21.613518,21.579163,21.441612,21.561981,21.630684,21.682167,21.544792,21.407181,21.510414,21.630684,21.476021,21.527603,21.527603,21.458817,21.579163,21.561981,21.441612,21.441612,21.441612,21.596336,21.596336,21.561981,21.561981,21.733620,21.561981,21.476021,21.510414,21.579163,21.338272,21.596336,21.476021,21.372734,21.613518,21.303802,21.510414,21.303802,21.183029,21.372734,21.321045,21.269310,21.113914,21.148476,21.148476,21.165756,21.044754,21.131203,21.113914,21.165756,21.217552,21.010155,20.906242,21.062057,21.027458,21.027458,21.079346,21.062057,21.096642,21.010155,21.027458,21.027458,20.975533,21.062057,21.096642,21.010155,21.148476,21.062057,20.906242,20.888908,20.732758,21.062057,20.767487,20.767487,20.871582,20.680634,20.715385,20.784843,20.576286,20.541473,20.558884,20.489220,20.541473,20.506645,20.332268,20.314804,20.402061,20.279877,20.314804,20.157509,20.419502,20.227455,20.279877,20.262413,19.999893,20.052460,19.789246,19.999893,19.859520,19.666115,19.771667,19.666115,19.630898,19.683716,19.560417,19.701309,19.701309,19.525154,19.666115,19.666115,19.648506,19.630898,19.525154,19.595665,19.507530,19.454590,19.419281,19.383957,19.419281,19.348618,19.118538,19.454590,19.242508,19.419281,19.189407,19.207108,19.153984,19.153984,19.029869,18.709869,18.585091,18.263351,17.958336,17.634163,17.254379,16.909286,16.507973,16.416496,15.939293,15.699715,15.514977,15.440964,15.311302,15.107178,14.958420,14.790794,15.088600,15.070015,15.107178,14.939812,14.865326,15.014244,15.200020,15.200020,15.237137,15.311302,15.496475,15.125755,15.366905,15.255684,15.125755,15.181458,15.181458,15.051422,15.181458,15.014244,15.125755,15.070015,15.218575,15.218575,15.181458,15.070015,15.292770,15.107178,15.088600,15.107178,15.107178,15.070015,15.032837,15.274223,14.995636,14.883965,14.958420,14.921196,14.995636,15.051422,14.958420,14.977043,14.902580,14.921196,14.977043,14.921196,15.051422,15.107178,15.088600,14.921196,14.921196,14.958420,14.883965,14.939812,14.846703,14.809425,14.846703,14.883965,14.883965,15.014244,14.977043,14.939812,15.070015,14.958420,14.995636,14.716171,14.790794,15.032837,14.790794,15.107178,14.865326,14.921196,14.921196,14.939812,14.828064,14.921196,14.865326,14.846703,14.790794,14.865326,14.995636,14.902580,14.921196,14.865326,14.678848,14.772133,14.865326,14.865326,14.883965,14.716171,14.995636,14.772133,14.977043,14.939812,14.883965,15.051422,14.995636,14.902580,14.772133,15.051422,14.995636,14.865326,14.902580,14.977043,14.734833,14.902580,14.939812,14.865326,14.865326,14.809425,14.939812,14.939812,14.995636,14.921196,14.902580,14.939812,14.921196,14.809425,15.070015,15.088600,14.939812,14.921196,15.032837,15.125755,15.032837,15.088600,15.237137,15.144333,14.939812,15.218575,15.051422,15.125755,15.070015,15.051422,15.014244,14.921196,14.995636,14.865326,14.939812,14.883965,14.772133,14.809425,14.697517,14.566772,14.641502,14.566772,14.716171,14.734833,14.660179,14.566772,14.790794,14.939812,15.051422,15.162895,15.274223,15.329842,15.107178,15.237137,15.200020,14.939812,15.144333,15.440964,15.088600,15.032837,15.088600,15.144333,14.921196,14.958420,14.921196,15.014244,14.622826,14.921196,14.828064,14.716171,14.697517,14.734833,14.828064,14.772133,15.014244,14.958420,14.939812,15.070015,15.237137,15.014244,14.697517,15.162895,14.995636,14.734833,15.014244,14.753487,14.921196,14.697517,14.753487,14.939812,14.995636,14.846703,14.716171,14.772133,14.734833,14.772133,14.995636,14.809425,14.921196,14.846703,14.865326,14.921196,14.753487,14.939812,14.883965,14.828064,14.716171,14.734833,14.828064,14.660179,14.958420,14.846703,14.660179,14.958420,14.846703,14.958420,14.939812,14.790794,14.921196,14.939812,14.772133,14.716171,14.660179,14.790794,14.753487,14.883965,14.790794,14.865326,14.865326,14.790794,14.716171,14.939812,14.660179,14.846703,14.734833,14.883965,14.828064,14.790794,14.939812,14.921196,14.828064,14.697517,14.772133,14.790794,14.995636,14.921196,14.753487,15.070015,14.809425,14.958420,14.790794,14.772133,14.828064,14.883965,15.032837,15.070015,14.678848,14.809425,14.977043,14.772133,14.772133,14.883965,14.958420,15.088600,14.995636,15.014244,15.088600,14.828064,14.734833,15.014244,14.958420,14.902580,14.958420,15.311302,14.772133,15.144333,14.939812,15.125755,15.181458,15.274223,
15.902481,15.625862,15.533455,15.755058,15.385422,15.477974,15.644325,15.422462,15.533455,15.440964,15.162895,15.255684,15.274223,15.274223,15.144333,15.440964,15.533455,15.440964,15.533455,15.551949,15.884071,16.086403,16.708862,16.800026,17.236252,17.580009,18.137894,18.531555,18.709869,19.171692,19.454590,19.648506,19.999893,19.964821,19.894638,20.052460,20.069977,20.244934,20.227455,20.209976,20.034943,20.279877,20.122513,20.174995,20.105003,20.244934,20.034943,20.034943,19.806816,20.017418,19.806816,20.017418,20.034943,20.105003,20.087494,20.122513,20.244934,20.279877,20.209976,20.349724,20.524055,20.454369,20.506645,20.558884,20.698021,20.593697,20.836899,20.819542,21.165756,20.958221,21.200287,20.992851,21.355507,21.234810,21.338272,21.441612,21.458817,21.561981,21.493217,21.579163,21.596336,21.802162,21.630684,21.682167,21.682167,21.785027,21.750755,21.767891,21.716469,21.630684,21.716469,21.853539,21.716469,21.785027,21.785027,21.836411,21.836411,21.836411,21.819290,21.733620,21.904861,21.716469,21.836411,21.939064,21.785027,22.007431,21.819290,21.836411,21.921967,21.836411,21.904861,21.921967,21.956161,21.990349,21.904861,22.161018,22.007431,22.024513,22.041588,22.007431,21.904861,21.973259,21.665016,21.853539,21.716469,21.716469,21.836411,21.733620,21.476021,21.493217,21.579163,21.561981,21.338272,21.372734,21.217552,21.389961,21.441612,21.303802,21.286568,21.338272,21.372734,21.561981,21.527603,21.596336,21.579163,21.510414,21.544792,21.372734,21.819290,21.750755,21.819290,22.109856,22.058662,21.921967,21.973259,22.126915,22.280251,22.075729,22.263237,22.246208,22.178062,21.956161,22.314293,22.229179,22.058662,22.143959,21.802162,21.956161,21.973259,22.024513,21.853539,22.178062,22.212143,22.126915,21.973259,21.939064,21.939064,22.126915,22.041588,22.092789,22.195107,22.024513,22.178062,22.092789,22.229179,22.041588,22.178062,22.143959,21.956161,22.195107,22.212143,22.126915,22.126915,22.314293,22.348305,22.246208,22.280251,21.990349,21.853539,21.956161,22.092789,21.990349,21.921967,21.870644,21.870644,21.819290,21.785027,21.579163,21.476021,21.767891,21.510414,21.836411,21.665016,21.665016,21.579163,21.665016,21.613518,21.510414,21.561981,21.476021,21.510414,21.716469,21.579163,21.476021,21.372734,21.561981,21.527603,21.510414,21.596336,21.579163,21.493217,21.424393,21.544792,21.493217,21.527603,21.630684,21.458817,21.510414,21.579163,21.458817,21.527603,21.476021,21.510414,21.596336,21.527603,21.493217,21.389961,21.286568,21.407181,21.407181,21.303802,21.200287,21.269310,21.269310,21.355507,21.148476,20.923576,21.096642,21.252068,21.044754,21.113914,21.079346,21.200287,21.044754,21.027458,20.992851,21.131203,21.096642,20.888908,21.096642,21.096642,21.096642,21.165756,21.183029,20.958221,20.992851,21.183029,20.992851,20.958221,21.027458,20.784843,20.836899,20.992851,20.958221,20.628487,20.888908,20.698021,20.402061,20.680634,20.593697,20.611084,20.506645,20.489220,20.349724,20.297348,20.436943,20.297348,20.314804,20.227455,20.297348,20.174995,20.209976,19.912178,20.140007,19.982353,20.192490,20.017418,19.789246,19.736496,19.824394,19.771667,19.525154,19.613289,19.701309,19.630898,19.718910,19.630898,19.525154,19.525154,19.507530,19.507530,19.560417,19.525154,19.419281,19.260208,19.542793,19.454590,19.153984,19.472237,19.348618,19.207108,19.313263,19.260208,19.118538,19.295586,19.224815,19.136261,19.065346,18.692055,18.567253,18.567253,18.299164,17.976311,17.507759,17.417351,16.982056,16.617607,16.269951,15.994492,15.791931,15.459480,15.181458,15.144333,15.107178,14.977043,14.921196,14.697517,15.070015,15.088600,15.070015,15.051422,15.218575,15.162895,15.200020,15.255684,15.237137,15.032837,15.125755,15.162895,15.274223,15.125755,15.144333,15.051422,15.144333,15.051422,15.088600,15.237137,14.958420,14.977043,15.255684,15.144333,15.125755,14.958420,15.144333,15.051422,15.181458,15.181458,15.107178,14.995636,15.181458,14.846703,15.070015,14.921196,15.125755,15.032837,15.014244,15.125755,14.865326,15.088600,14.883965,15.125755,15.070015,14.883965,15.144333,14.883965,15.237137,14.865326,14.977043,15.032837,14.828064,14.902580,14.809425,15.014244,14.753487,14.716171,14.977043,14.995636,14.790794,14.921196,14.809425,14.790794,14.846703,14.865326,14.921196,14.828064,14.958420,14.883965,14.753487,14.697517,15.051422,14.865326,14.790794,14.753487,14.846703,14.790794,14.734833,14.585457,14.902580,14.809425,14.828064,14.958420,14.846703,14.772133,14.846703,14.828064,14.790794,14.809425,14.790794,14.865326,14.921196,14.846703,14.678848,14.883965,14.939812,14.790794,14.883965,14.865326,14.921196,14.958420,14.809425,14.995636,14.921196,15.088600,14.902580,14.772133,14.939812,14.772133,14.828064,14.828064,14.772133,15.014244,14.846703,15.032837,14.921196,15.088600,15.125755,15.088600,14.921196,14.939812,15.088600,15.144333,15.200020,15.144333,15.162895,15.237137,14.734833,14.995636,14.977043,14.958420,15.032837,15.014244,14.995636,14.939812,14.716171,14.902580,14.883965,14.660179,14.716171,14.585457,14.678848,14.454552,14.753487,14.660179,14.585457,14.604141,14.678848,14.641502,14.828064,14.902580,15.292770,15.162895,15.051422,15.255684,15.107178,15.237137,15.088600,15.218575,15.181458,15.348373,15.292770,15.032837,14.939812,14.995636,14.995636,14.678848,14.753487,14.790794,14.790794,14.828064,14.660179,14.809425,14.828064,14.921196,14.883965,15.088600,14.977043,14.716171,14.753487,14.809425,14.846703,14.809425,15.014244,14.716171,14.846703,14.846703,14.678848,14.622826,14.883965,14.809425,14.977043,14.939812,14.809425,14.753487,14.865326,14.716171,14.753487,14.865326,14.678848,14.828064,14.902580,14.790794,14.977043,14.883965,14.828064,14.790794,14.939812,14.734833,14.660179,14.809425,14.753487,14.921196,14.828064,14.846703,14.846703,14.790794,14.604141,14.734833,14.753487,14.846703,14.734833,14.716171,14.753487,14.697517,14.772133,14.828064,14.809425,14.772133,14.734833,14.865326,14.828064,14.846703,14.772133,14.921196,15.088600,14.753487,14.995636,14.846703,14.883965,14.939812,14.772133,14.977043,14.939812,15.051422,14.660179,14.921196,14.753487,14.883965,14.828064,14.902580,15.032837,14.809425,14.865326,14.734833,15.014244,14.939812,14.846703,15.107178,14.902580,14.846703,14.883965,14.958420,14.678848,14.883965,14.883965,14.883965,15.014244,15.088600,15.107178,15.125755,14.995636,15.032837,15.162895,15.051422,15.070015,15.051422,15.348373,14.995636,15.255684,15.125755,15.311302,
15.681252,15.644325,15.514977,15.791931,15.662788,15.570435,15.366905,15.422462,15.514977,15.644325,15.348373,15.366905,15.125755,15.292770,15.237137,15.200020,15.070015,15.348373,15.533455,15.718163,15.902481,16.196571,16.416496,16.909286,17.072929,17.561958,18.048164,18.245445,18.620766,19.242508,19.189407,19.666115,19.754082,19.841957,20.174995,19.894638,20.140007,20.262413,20.174995,20.436943,20.279877,20.209976,20.314804,20.017418,19.999893,20.227455,20.174995,19.912178,20.157509,20.227455,19.824394,19.841957,20.017418,19.912178,20.122513,20.087494,19.999893,20.157509,20.174995,20.297348,20.402061,20.524055,20.349724,20.506645,20.593697,20.784843,20.732758,20.715385,20.923576,20.802200,21.062057,21.148476,21.062057,21.234810,21.303802,21.165756,21.148476,21.441612,21.527603,21.389961,21.596336,21.493217,21.441612,21.527603,21.441612,21.493217,21.630684,21.682167,21.613518,21.870644,21.682167,21.716469,21.750755,21.647850,21.836411,21.613518,21.767891,21.716469,21.887764,21.870644,21.836411,21.733620,21.887764,21.836411,21.699318,21.853539,21.870644,21.836411,21.836411,22.007431,21.904861,21.802162,21.973259,21.956161,21.853539,22.126915,21.956161,22.007431,21.870644,21.870644,21.956161,21.716469,21.836411,21.921967,21.716469,21.596336,21.579163,21.613518,21.303802,21.596336,21.476021,21.269310,21.338272,21.234810,21.286568,21.269310,21.321045,21.441612,21.544792,21.338272,21.372734,21.665016,21.424393,21.458817,21.510414,21.424393,21.561981,21.767891,21.630684,21.699318,21.802162,21.836411,21.956161,22.024513,21.956161,22.229179,22.092789,21.990349,22.041588,22.178062,22.075729,21.990349,22.263237,22.007431,22.007431,22.126915,21.956161,21.904861,21.921967,21.904861,21.973259,21.939064,22.024513,21.921967,21.921967,22.075729,22.058662,22.229179,22.007431,22.212143,22.092789,22.161018,22.058662,22.058662,21.990349,22.058662,22.109856,21.973259,22.178062,22.109856,22.041588,22.212143,22.075729,22.314293,22.161018,22.143959,22.314293,22.058662,22.143959,22.007431,22.143959,21.887764,21.870644,22.007431,21.973259,21.887764,21.716469,21.630684,21.579163,21.544792,21.544792,21.561981,21.699318,21.716469,21.682167,21.476021,21.510414,21.527603,21.665016,21.596336,21.630684,21.527603,21.458817,21.716469,21.613518,21.579163,21.579163,21.372734,21.647850,21.613518,21.579163,21.716469,21.613518,21.596336,21.424393,21.613518,21.303802,21.561981,21.476021,21.716469,21.561981,21.493217,21.579163,21.699318,21.338272,21.441612,21.527603,21.321045,21.424393,21.372734,21.303802,21.286568,21.338272,21.234810,21.338272,21.200287,21.234810,21.113914,21.165756,21.113914,21.183029,21.183029,21.148476,21.183029,21.200287,21.183029,21.234810,21.131203,21.027458,21.148476,21.010155,21.079346,21.372734,21.096642,21.044754,21.027458,21.044754,21.062057,21.183029,21.131203,21.096642,21.148476,20.906242,21.131203,20.975533,20.958221,20.784843,20.715385,20.698021,20.524055,20.489220,20.611084,20.349724,20.367180,20.349724,20.454369,20.384621,20.524055,20.349724,20.384621,20.122513,20.314804,20.227455,20.140007,20.157509,19.999893,20.122513,19.859520,19.771667,19.613289,19.701309,19.666115,19.595665,19.683716,19.630898,19.630898,19.666115,19.560417,19.454590,19.595665,19.613289,19.701309,19.613289,19.560417,19.789246,19.595665,19.401619,19.472237,19.489883,19.207108,19.260208,19.224815,19.313263,19.260208,19.136261,19.083084,19.065346,19.100807,18.692055,18.620766,18.460121,18.173759,18.102013,17.652206,17.326851,17.127403,16.526253,16.361572,15.976097,15.551949,15.366905,15.200020,14.977043,15.125755,15.032837,15.070015,15.088600,15.144333,15.144333,14.865326,15.014244,15.218575,15.107178,15.311302,15.366905,15.200020,15.237137,15.181458,15.348373,15.125755,15.070015,15.070015,15.292770,15.014244,15.088600,14.939812,14.995636,15.014244,15.032837,15.070015,15.014244,15.070015,15.088600,15.144333,15.162895,14.902580,15.088600,14.995636,14.939812,15.181458,14.995636,15.070015,15.070015,15.088600,15.014244,15.032837,15.051422,14.921196,15.032837,15.032837,15.014244,15.070015,14.846703,14.958420,14.883965,15.032837,14.790794,15.107178,14.883965,15.107178,14.828064,14.921196,14.865326,14.790794,14.828064,14.772133,14.939812,14.846703,14.734833,14.902580,14.660179,14.902580,14.828064,14.883965,14.846703,14.828064,14.902580,14.697517,14.828064,14.641502,14.828064,14.828064,14.977043,14.734833,14.641502,14.883965,14.865326,14.753487,14.809425,14.977043,14.753487,14.958420,14.809425,14.734833,14.809425,14.846703,14.902580,14.734833,14.828064,14.958420,14.865326,15.014244,14.995636,14.902580,14.939812,14.958420,14.865326,14.865326,14.939812,14.883965,14.921196,14.883965,15.032837,14.939812,14.772133,14.921196,15.032837,14.939812,14.753487,14.734833,14.846703,14.958420,14.865326,15.014244,15.144333,15.070015,14.939812,15.051422,14.921196,14.921196,15.107178,14.977043,15.070015,15.014244,15.070015,14.865326,15.088600,14.716171,15.070015,14.958420,14.921196,14.902580,15.051422,14.921196,14.734833,14.995636,14.716171,14.734833,14.529381,14.790794,14.473274,14.379669,14.697517,14.828064,14.585457,14.454552,14.641502,14.902580,14.883965,15.032837,14.977043,15.144333,15.088600,15.403938,15.014244,15.162895,15.107178,15.181458,15.162895,15.125755,15.125755,15.107178,14.958420,14.678848,14.790794,14.958420,14.790794,14.772133,14.790794,14.753487,14.958420,14.846703,14.716171,14.902580,15.014244,15.144333,14.828064,14.921196,14.790794,15.032837,14.828064,15.051422,14.753487,14.865326,15.032837,14.790794,14.809425,14.678848,14.753487,14.548080,14.828064,14.753487,15.032837,14.958420,14.902580,14.883965,14.772133,15.014244,14.753487,14.883965,14.902580,14.753487,14.995636,14.772133,14.828064,15.014244,14.846703,14.865326,14.958420,14.902580,14.753487,14.846703,14.809425,14.865326,14.753487,14.865326,14.753487,14.846703,14.846703,14.883965,14.865326,14.995636,14.846703,14.995636,14.958420,14.491982,14.716171,14.641502,14.716171,14.883965,14.790794,14.809425,14.734833,15.014244,14.716171,14.828064,14.883965,14.939812,14.753487,15.032837,14.865326,14.902580,14.734833,14.902580,15.032837,14.846703,14.846703,14.828064,14.753487,14.846703,14.697517,14.846703,15.032837,14.883965,14.828064,15.070015,14.977043,14.753487,15.051422,14.883965,14.921196,14.753487,14.977043,15.070015,14.939812,14.939812,14.902580,15.125755,15.070015,15.107178,14.902580,14.846703,15.107178,14.734833,14.809425,15.162895,15.070015,14.921196,14.995636,15.237137,
15.625862,15.681252,15.533455,15.718163,15.625862,15.644325,15.588913,15.588913,15.255684,15.403938,15.311302,15.218575,15.218575,15.237137,14.939812,15.162895,15.274223,15.329842,15.514977,15.644325,15.828796,16.196571,16.581078,17.181839,17.308739,17.868416,18.102013,18.638596,18.585091,19.224815,19.242508,19.436943,19.683716,19.947273,19.859520,19.999893,20.069977,20.262413,20.157509,20.297348,20.174995,20.297348,20.087494,20.140007,20.384621,20.122513,19.999893,20.052460,19.982353,19.789246,19.754082,19.947273,19.982353,20.052460,19.841957,20.087494,19.912178,19.999893,20.262413,20.279877,20.436943,20.471802,20.402061,20.541473,20.611084,20.854233,20.906242,20.819542,20.767487,21.010155,20.992851,20.975533,20.975533,21.165756,21.165756,21.303802,21.183029,21.441612,21.527603,21.234810,21.424393,21.217552,21.441612,21.544792,21.424393,21.544792,21.441612,21.441612,21.441612,21.596336,21.579163,21.407181,21.252068,21.682167,21.870644,21.699318,21.630684,21.716469,21.682167,21.596336,21.596336,21.836411,21.836411,21.853539,21.767891,21.716469,21.665016,21.853539,21.785027,21.699318,21.716469,21.785027,21.647850,21.785027,22.007431,21.665016,21.802162,22.024513,21.836411,21.682167,21.819290,21.767891,21.785027,21.904861,21.682167,21.544792,21.458817,21.527603,21.561981,21.372734,21.286568,21.286568,21.183029,21.321045,21.424393,21.355507,21.252068,21.338272,21.476021,21.476021,21.493217,21.441612,21.372734,21.665016,21.716469,21.716469,21.647850,21.647850,21.596336,21.733620,21.939064,22.024513,22.058662,21.973259,22.058662,22.109856,22.092789,22.229179,22.007431,22.007431,22.007431,21.990349,22.007431,21.990349,22.024513,21.956161,21.853539,22.058662,21.682167,21.956161,21.921967,22.075729,21.973259,21.904861,21.904861,21.904861,22.109856,22.178062,22.126915,22.212143,22.195107,22.280251,21.973259,22.280251,22.229179,22.041588,22.109856,22.024513,22.007431,22.195107,22.263237,22.058662,22.126915,22.263237,22.246208,22.161018,22.297272,22.024513,22.024513,22.041588,21.887764,22.024513,21.990349,21.870644,21.870644,21.819290,21.785027,21.716469,21.904861,21.596336,21.647850,21.647850,21.630684,21.630684,21.750755,21.733620,21.767891,21.750755,21.665016,21.596336,21.785027,21.802162,21.493217,21.819290,21.579163,21.647850,21.579163,21.561981,21.561981,21.733620,21.699318,21.458817,21.596336,21.802162,21.613518,21.699318,21.476021,21.458817,21.819290,21.665016,21.561981,21.630684,21.579163,21.579163,21.596336,21.493217,21.355507,21.527603,21.407181,21.407181,21.303802,21.321045,21.682167,21.493217,21.372734,21.389961,21.355507,21.148476,21.389961,21.303802,21.372734,20.975533,21.269310,21.079346,20.923576,21.234810,21.079346,21.079346,21.010155,21.113914,21.113914,21.044754,21.183029,21.027458,21.338272,21.200287,21.044754,21.113914,21.079346,21.096642,21.131203,21.389961,21.252068,21.096642,20.940895,20.871582,20.923576,20.611084,20.871582,20.576286,20.541473,20.819542,20.611084,20.384621,20.506645,20.645866,20.367180,20.436943,20.436943,20.367180,20.297348,20.332268,20.314804,20.105003,20.017418,20.069977,20.017418,20.052460,19.947273,19.947273,19.666115,19.806816,19.666115,19.771667,19.683716,19.595665,19.613289,19.630898,19.754082,19.648506,19.578049,19.648506,19.648506,19.560417,19.595665,19.560417,19.542793,19.472237,19.472237,19.242508,19.207108,19.260208,19.383957,19.277893,19.366287,19.171692,18.994377,19.083084,19.012123,18.745483,18.370735,18.299164,18.030205,17.561958,17.507759,17.127403,16.507973,16.398201,16.012886,15.477974,15.514977,15.292770,15.162895,15.107178,14.977043,15.032837,14.846703,14.995636,14.902580,15.125755,15.088600,15.144333,15.070015,15.051422,15.088600,15.255684,15.237137,15.162895,15.237137,15.088600,15.107178,15.014244,14.939812,15.181458,15.144333,15.162895,15.292770,15.144333,14.995636,15.218575,15.162895,15.088600,14.995636,15.070015,15.070015,15.032837,15.088600,15.181458,15.088600,14.995636,15.218575,14.995636,15.032837,15.032837,15.014244,15.107178,14.977043,15.125755,14.809425,15.125755,14.772133,15.200020,15.144333,15.051422,14.995636,14.958420,14.772133,15.032837,14.958420,15.032837,14.883965,14.995636,14.772133,14.716171,14.883965,14.734833,14.958420,14.977043,14.772133,14.809425,14.921196,15.088600,14.977043,14.790794,14.846703,14.865326,14.734833,15.014244,14.958420,14.921196,14.809425,14.921196,14.809425,14.809425,14.660179,14.753487,14.958420,14.865326,14.772133,14.697517,14.753487,14.865326,14.828064,14.921196,14.828064,14.883965,14.716171,14.772133,14.902580,15.014244,14.809425,15.070015,14.883965,14.753487,14.939812,14.828064,14.734833,15.070015,15.014244,14.995636,14.772133,14.753487,14.716171,15.088600,14.883965,15.051422,14.828064,15.014244,14.865326,14.790794,14.883965,14.939812,15.032837,14.977043,15.051422,14.902580,15.032837,15.107178,15.107178,15.088600,15.144333,14.995636,14.883965,14.790794,15.200020,15.014244,15.162895,15.032837,15.051422,14.995636,14.977043,14.977043,15.051422,15.032837,14.883965,14.641502,14.734833,14.790794,14.473274,14.753487,14.548080,14.716171,14.435844,14.734833,14.604141,14.734833,14.790794,14.939812,15.014244,15.070015,14.977043,15.255684,15.292770,15.218575,15.255684,14.958420,15.107178,15.144333,15.200020,14.883965,15.162895,15.070015,15.200020,15.107178,14.809425,14.753487,14.604141,14.734833,14.790794,14.734833,14.883965,14.902580,14.753487,14.883965,15.070015,14.902580,14.958420,14.921196,14.958420,14.995636,14.772133,14.995636,14.902580,14.734833,14.939812,14.921196,14.734833,15.070015,14.995636,14.697517,14.716171,15.014244,14.846703,14.902580,14.995636,15.014244,14.902580,14.921196,15.051422,14.772133,15.088600,14.865326,14.772133,14.790794,14.865326,15.032837,14.828064,14.921196,14.902580,14.958420,14.753487,14.995636,14.977043,14.865326,14.809425,14.716171,14.641502,14.921196,14.716171,14.772133,14.604141,14.828064,14.697517,14.958420,14.772133,14.809425,14.678848,14.809425,14.790794,14.846703,14.772133,14.716171,14.902580,14.865326,14.902580,14.790794,14.995636,14.641502,14.753487,14.939812,14.753487,14.772133,14.790794,14.883965,14.865326,14.846703,14.865326,14.902580,14.809425,14.809425,14.660179,14.902580,14.977043,14.995636,14.939812,14.846703,14.995636,14.995636,14.753487,14.809425,14.790794,15.070015,14.921196,14.809425,15.070015,14.902580,15.070015,14.995636,15.051422,15.088600,14.995636,14.958420,15.107178,15.070015,14.977043,15.070015,14.846703,15.088600,14.865326,14.958420,
15.810371,15.607391,15.348373,15.496475,15.607391,15.551949,15.570435,15.607391,15.477974,15.607391,15.237137,15.348373,15.032837,15.218575,15.237137,15.422462,15.162895,15.237137,15.570435,15.625862,15.847229,16.306610,16.544525,17.018410,17.290627,17.976311,18.334953,18.388626,18.727684,19.047615,19.330948,19.701309,19.666115,19.771667,20.017418,19.894638,20.227455,20.262413,20.140007,20.244934,20.069977,20.244934,20.174995,20.105003,20.017418,20.034943,19.929733,20.105003,20.017418,19.859520,19.912178,19.877083,20.419502,20.069977,20.034943,20.069977,20.262413,20.157509,20.332268,20.174995,20.524055,20.436943,20.471802,20.489220,20.576286,20.611084,20.732758,20.698021,20.802200,20.767487,20.819542,20.732758,20.906242,21.165756,21.113914,21.269310,21.269310,21.183029,21.200287,21.217552,21.200287,21.407181,21.441612,21.217552,21.510414,21.458817,21.321045,21.527603,21.441612,21.527603,21.596336,21.510414,21.389961,21.493217,21.630684,21.630684,21.544792,21.579163,21.579163,21.630684,21.613518,21.665016,21.630684,21.716469,21.716469,21.716469,21.579163,21.579163,21.630684,21.613518,21.767891,21.750755,21.561981,21.750755,21.921967,21.819290,21.921967,21.699318,21.785027,21.819290,21.750755,21.647850,21.750755,21.647850,21.699318,21.665016,21.493217,21.596336,21.510414,21.630684,21.389961,21.441612,21.389961,21.372734,21.321045,21.355507,21.389961,21.458817,21.458817,21.613518,21.596336,21.682167,21.372734,21.510414,21.802162,21.665016,21.853539,21.733620,21.819290,21.819290,21.853539,21.990349,21.785027,21.973259,22.212143,22.075729,22.229179,22.007431,22.024513,22.195107,21.921967,22.024513,21.990349,21.939064,22.109856,22.075729,21.819290,22.041588,21.785027,22.007431,22.024513,22.058662,22.041588,21.939064,22.075729,22.195107,22.229179,21.973259,22.041588,22.092789,22.195107,22.143959,22.058662,22.161018,22.041588,22.075729,22.075729,22.246208,22.024513,22.143959,22.161018,22.246208,22.195107,22.195107,22.263237,22.246208,22.126915,22.024513,22.109856,22.143959,22.058662,21.802162,22.041588,22.007431,21.836411,21.990349,22.109856,21.904861,21.802162,21.699318,21.716469,21.802162,21.630684,21.802162,21.956161,21.750755,21.665016,21.630684,21.733620,21.665016,21.767891,21.630684,21.527603,21.904861,21.596336,21.527603,21.647850,21.682167,21.647850,21.802162,21.630684,21.493217,21.819290,21.699318,21.544792,21.579163,21.596336,21.699318,21.716469,21.836411,21.561981,21.682167,21.767891,21.561981,21.647850,21.579163,21.665016,21.544792,21.303802,21.355507,21.303802,21.321045,21.510414,21.183029,21.613518,21.355507,21.355507,21.407181,21.113914,21.389961,21.269310,21.131203,21.062057,21.183029,21.131203,21.424393,21.183029,20.958221,21.113914,21.165756,21.027458,21.234810,21.113914,21.027458,21.113914,21.113914,21.286568,21.234810,21.010155,21.113914,21.200287,21.200287,21.183029,21.062057,20.975533,20.906242,20.854233,20.645866,20.767487,20.576286,20.663254,20.628487,20.524055,20.628487,20.419502,20.576286,20.419502,20.471802,20.576286,20.436943,20.349724,20.244934,20.279877,20.297348,20.244934,20.034943,19.999893,19.912178,20.122513,19.894638,19.771667,19.736496,19.613289,19.877083,19.806816,19.789246,19.542793,19.736496,19.718910,19.683716,19.771667,19.648506,19.525154,19.436943,19.630898,19.489883,19.366287,19.295586,19.454590,19.366287,19.419281,19.330948,19.260208,19.436943,19.295586,19.224815,19.118538,18.958870,18.816673,18.709869,18.442253,18.209602,17.922386,17.688278,17.326851,17.036591,16.635872,16.269951,16.031273,15.902481,15.385422,15.459480,15.107178,15.125755,15.014244,14.977043,15.014244,15.032837,14.902580,15.162895,14.883965,15.162895,15.014244,15.274223,15.200020,15.274223,15.237137,15.292770,15.014244,15.237137,15.200020,15.218575,15.200020,15.218575,15.051422,15.162895,15.255684,14.939812,15.051422,14.977043,15.125755,15.088600,15.070015,14.921196,15.107178,14.883965,15.088600,15.051422,14.846703,14.939812,15.014244,15.014244,14.846703,15.200020,14.958420,15.070015,14.958420,15.088600,14.977043,14.977043,14.828064,15.070015,14.883965,15.014244,15.051422,14.995636,14.828064,14.977043,15.014244,14.753487,15.051422,14.828064,14.921196,14.809425,14.846703,14.865326,14.977043,14.958420,14.865326,14.846703,14.865326,14.828064,14.883965,14.902580,14.883965,14.846703,14.753487,14.995636,14.772133,14.828064,14.828064,14.902580,14.883965,14.790794,14.809425,14.697517,14.678848,14.828064,14.716171,14.734833,14.697517,14.809425,14.865326,14.566772,14.697517,14.883965,14.678848,14.865326,14.734833,14.772133,14.977043,14.883965,14.865326,14.678848,14.958420,14.883965,15.070015,14.958420,14.790794,14.902580,14.828064,14.828064,14.958420,14.772133,14.921196,14.977043,14.790794,14.828064,14.977043,14.977043,14.939812,15.032837,15.218575,14.977043,14.939812,15.032837,14.865326,15.107178,15.125755,14.995636,15.032837,15.051422,15.181458,14.958420,14.883965,15.200020,15.218575,15.181458,15.014244,14.865326,15.070015,14.902580,14.958420,15.051422,14.958420,14.790794,14.846703,14.585457,14.772133,14.622826,14.660179,14.678848,14.734833,14.548080,14.716171,14.809425,14.902580,14.995636,14.921196,15.144333,15.200020,15.107178,15.181458,15.125755,15.107178,15.403938,15.181458,15.181458,14.883965,15.107178,14.995636,14.995636,15.070015,14.995636,14.995636,14.641502,14.604141,14.809425,15.088600,14.734833,14.865326,14.809425,14.902580,14.902580,14.958420,14.995636,15.070015,14.846703,14.772133,14.939812,14.958420,14.660179,15.051422,14.865326,14.734833,14.716171,14.902580,14.865326,15.051422,14.697517,14.902580,15.051422,14.977043,15.144333,14.678848,14.809425,15.014244,14.828064,14.883965,14.772133,14.883965,14.958420,14.846703,14.772133,14.566772,14.977043,14.604141,14.902580,14.772133,14.697517,14.809425,14.734833,14.716171,14.828064,14.958420,14.828064,14.883965,14.790794,14.753487,14.902580,14.678848,14.734833,14.716171,14.790794,14.883965,14.995636,14.809425,14.734833,14.828064,14.828064,14.734833,14.828064,14.772133,14.716171,15.032837,14.939812,14.865326,15.014244,14.716171,14.753487,14.902580,14.828064,14.958420,14.883965,14.716171,14.716171,14.809425,14.622826,14.921196,14.734833,14.939812,15.088600,14.865326,14.846703,14.865326,14.846703,14.865326,14.828064,14.995636,15.070015,15.088600,14.995636,15.032837,14.828064,14.995636,14.865326,14.958420,14.809425,14.865326,14.902580,15.051422,15.088600,15.014244,14.883965,14.921196,15.051422,15.107178,15.107178,15.051422,15.237137,
15.625862,15.828796,15.533455,15.459480,15.366905,15.736610,15.681252,15.440964,15.440964,15.348373,15.255684,15.459480,15.088600,15.200020,15.348373,15.014244,15.255684,15.274223,15.477974,15.496475,15.865646,16.104774,16.654121,16.745338,17.218117,17.832420,18.137894,18.370735,18.585091,19.189407,19.313263,19.436943,19.666115,19.964821,20.069977,19.947273,20.227455,20.227455,20.314804,20.122513,19.999893,20.262413,20.332268,20.384621,20.105003,20.140007,20.052460,19.929733,19.947273,20.017418,19.824394,19.806816,19.964821,19.841957,20.069977,20.087494,20.297348,19.877083,20.314804,20.349724,20.419502,20.349724,20.279877,20.454369,20.558884,20.524055,20.871582,20.802200,20.784843,20.992851,21.079346,20.958221,20.923576,21.044754,21.079346,21.286568,21.165756,21.234810,21.165756,21.286568,21.252068,21.096642,21.286568,21.355507,21.183029,21.527603,21.234810,21.407181,21.389961,21.338272,21.286568,21.407181,21.458817,21.458817,21.303802,21.647850,21.372734,21.527603,21.338272,21.544792,21.561981,21.596336,21.544792,21.561981,21.665016,21.441612,21.785027,21.733620,21.716469,21.596336,21.561981,21.665016,21.561981,21.716469,21.613518,21.716469,21.750755,21.802162,21.682167,21.630684,21.682167,21.682167,21.750755,21.682167,21.819290,21.733620,21.493217,21.389961,21.338272,21.613518,21.372734,21.303802,21.355507,21.544792,21.303802,21.441612,21.338272,21.527603,21.579163,21.665016,21.493217,21.836411,21.630684,21.647850,21.647850,21.750755,21.785027,21.596336,21.836411,21.819290,21.733620,21.819290,22.280251,22.024513,21.973259,22.092789,21.956161,22.058662,22.041588,21.939064,22.126915,22.041588,21.956161,22.007431,22.246208,22.075729,22.092789,22.058662,22.007431,21.973259,22.109856,22.143959,21.870644,21.990349,22.280251,22.195107,22.126915,22.126915,22.348305,22.178062,22.161018,22.263237,22.195107,22.109856,22.280251,22.229179,22.058662,22.263237,22.024513,22.195107,22.212143,22.109856,22.161018,22.109856,22.109856,22.092789,22.195107,22.229179,22.041588,22.212143,22.126915,22.092789,22.348305,22.126915,22.007431,21.921967,21.973259,22.075729,21.802162,21.973259,21.733620,21.853539,21.750755,21.767891,21.802162,21.665016,21.956161,21.785027,21.904861,21.802162,21.750755,21.682167,21.939064,21.682167,21.682167,21.665016,21.767891,21.819290,21.579163,21.733620,21.682167,21.613518,21.716469,21.904861,21.785027,21.665016,21.596336,21.870644,21.733620,21.613518,21.767891,21.544792,21.750755,21.579163,21.510414,21.424393,21.527603,21.510414,21.493217,21.561981,21.441612,21.630684,21.355507,21.303802,21.355507,21.458817,21.424393,21.561981,21.389961,21.234810,21.252068,21.321045,21.407181,21.131203,21.338272,21.027458,20.992851,21.113914,20.992851,21.096642,21.165756,21.165756,21.234810,21.079346,21.079346,21.044754,21.096642,21.234810,21.303802,21.079346,21.165756,20.940895,20.923576,20.871582,20.888908,20.663254,20.750122,20.698021,20.715385,20.628487,20.732758,20.819542,20.680634,20.489220,20.541473,20.593697,20.593697,20.628487,20.471802,20.314804,20.174995,20.402061,20.279877,20.332268,19.982353,20.105003,20.122513,20.034943,19.789246,19.824394,19.595665,19.736496,19.683716,19.736496,19.630898,19.718910,19.560417,19.718910,19.630898,19.666115,19.648506,19.683716,19.560417,19.630898,19.330948,19.472237,19.666115,19.525154,19.401619,19.383957,19.260208,19.313263,19.224815,19.313263,19.224815,19.012123,19.029869,18.994377,18.798889,18.620766,18.424385,18.281258,17.904396,17.742363,17.381157,17.127403,16.763573,16.306610,15.902481,15.588913,15.422462,15.255684,15.107178,15.162895,14.902580,14.921196,15.070015,14.995636,14.921196,14.902580,14.902580,15.274223,15.162895,15.070015,15.329842,15.162895,15.162895,15.200020,15.311302,15.200020,15.125755,15.218575,15.051422,15.237137,14.995636,15.200020,15.088600,15.032837,14.995636,15.125755,15.144333,15.070015,15.274223,14.921196,15.051422,15.070015,15.181458,15.070015,15.032837,15.144333,15.051422,15.125755,15.032837,14.921196,14.958420,14.958420,14.995636,15.032837,14.977043,15.032837,14.902580,14.902580,14.846703,14.921196,14.995636,14.958420,14.939812,14.977043,14.958420,14.977043,14.977043,14.921196,14.716171,14.902580,14.865326,14.883965,14.995636,14.958420,14.716171,14.921196,14.865326,14.865326,14.734833,14.865326,14.921196,14.772133,14.846703,14.977043,14.809425,14.902580,14.790794,14.641502,14.622826,14.790794,14.716171,14.734833,14.734833,14.697517,14.772133,14.772133,14.734833,14.622826,14.809425,14.883965,14.809425,14.846703,14.865326,14.828064,14.902580,14.865326,14.883965,14.883965,14.846703,14.902580,14.734833,14.828064,15.032837,14.921196,14.828064,14.865326,14.977043,14.921196,14.958420,14.846703,14.977043,14.939812,15.014244,14.828064,14.883965,14.828064,15.032837,14.883965,14.902580,15.125755,14.977043,15.144333,15.051422,14.846703,14.977043,14.772133,15.070015,14.995636,14.995636,15.088600,14.939812,15.162895,14.865326,15.088600,14.939812,14.865326,15.125755,14.883965,14.995636,15.070015,14.939812,14.977043,14.641502,14.678848,14.772133,14.548080,14.697517,14.734833,14.529381,14.641502,14.435844,14.772133,14.697517,15.014244,15.200020,15.051422,14.958420,15.218575,15.181458,15.107178,15.051422,15.107178,15.237137,15.255684,15.200020,15.051422,14.865326,15.032837,15.107178,14.790794,14.772133,14.734833,14.883965,14.846703,14.939812,14.697517,14.809425,14.772133,14.697517,14.977043,14.846703,15.144333,15.014244,14.902580,14.921196,14.883965,14.753487,15.014244,14.828064,14.660179,14.753487,14.977043,14.641502,14.977043,14.716171,14.678848,14.809425,14.921196,14.641502,14.772133,14.790794,14.716171,14.585457,14.753487,14.809425,14.828064,14.753487,14.958420,14.846703,14.716171,14.678848,14.622826,14.790794,14.921196,14.921196,14.809425,14.753487,14.678848,14.809425,14.883965,14.716171,14.846703,14.678848,14.828064,14.828064,14.585457,14.883965,14.902580,14.865326,14.809425,14.828064,14.921196,14.809425,14.772133,15.032837,14.828064,14.790794,14.902580,14.958420,14.772133,14.883965,14.697517,14.883965,14.790794,14.921196,14.604141,14.995636,14.678848,14.697517,14.846703,14.734833,14.716171,15.014244,14.846703,14.846703,14.865326,14.846703,14.753487,14.716171,15.107178,14.790794,14.939812,14.697517,15.051422,14.753487,15.014244,15.200020,14.939812,15.070015,14.921196,14.939812,15.014244,14.977043,15.051422,15.125755,14.865326,15.070015,14.958420,14.772133,14.958420,15.070015,15.051422,14.902580,15.107178,15.162895,15.274223,
15.662788,15.459480,15.699715,15.662788,15.681252,15.755058,15.533455,15.422462,15.366905,15.514977,15.440964,15.514977,15.218575,15.403938,15.218575,15.292770,15.311302,15.477974,15.385422,15.644325,15.976097,16.306610,16.489677,17.018410,17.363060,17.850410,17.994278,18.281258,18.745483,18.976631,19.383957,19.630898,19.666115,19.771667,20.052460,19.859520,20.157509,20.052460,20.297348,20.314804,20.157509,20.157509,20.227455,20.209976,20.034943,20.069977,20.122513,20.034943,19.894638,20.105003,19.947273,20.034943,19.929733,20.017418,20.087494,19.929733,20.192490,20.105003,20.262413,20.314804,20.140007,20.384621,20.367180,20.419502,20.663254,20.576286,20.558884,20.750122,20.767487,20.819542,20.732758,20.836899,20.923576,21.183029,20.906242,21.079346,21.234810,21.044754,21.200287,20.958221,21.131203,21.148476,21.338272,21.148476,21.044754,21.269310,21.269310,21.079346,21.441612,21.286568,21.234810,21.286568,21.424393,21.338272,21.544792,21.544792,21.510414,21.613518,21.458817,21.561981,21.596336,21.510414,21.647850,21.699318,21.819290,21.458817,21.630684,21.579163,21.785027,21.750755,21.561981,21.493217,21.510414,21.596336,21.544792,21.544792,21.647850,21.630684,21.596336,21.785027,21.699318,21.630684,21.647850,21.527603,21.493217,21.561981,21.544792,21.527603,21.493217,21.338272,21.458817,21.321045,21.407181,21.355507,21.424393,21.424393,21.476021,21.767891,21.527603,21.733620,21.750755,21.630684,21.665016,21.733620,21.579163,21.836411,21.819290,21.802162,21.819290,21.836411,21.836411,22.041588,21.990349,21.990349,22.058662,22.041588,22.161018,22.007431,22.041588,22.280251,21.990349,21.973259,22.212143,22.058662,22.280251,22.161018,22.092789,22.126915,21.956161,22.007431,22.075729,22.126915,22.246208,22.075729,22.161018,22.092789,22.263237,21.921967,22.263237,22.246208,22.280251,22.263237,22.297272,22.263237,22.007431,21.990349,22.161018,22.195107,22.092789,22.229179,22.007431,22.263237,22.246208,22.195107,22.126915,22.092789,22.229179,22.297272,22.041588,22.143959,22.229179,22.280251,22.075729,21.939064,22.007431,22.007431,22.109856,21.733620,21.939064,21.836411,21.904861,21.819290,21.973259,21.819290,21.802162,21.973259,21.870644,21.802162,21.819290,21.802162,21.921967,21.973259,21.802162,21.819290,21.853539,21.716469,21.767891,21.887764,21.716469,21.819290,21.733620,21.750755,21.682167,21.767891,21.767891,21.921967,21.682167,21.716469,21.716469,21.647850,21.665016,21.699318,21.870644,21.665016,21.527603,21.682167,21.596336,21.733620,21.544792,21.561981,21.699318,21.613518,21.424393,21.544792,21.510414,21.476021,21.493217,21.458817,21.596336,21.458817,21.338272,21.458817,21.476021,21.303802,21.148476,21.234810,21.131203,21.183029,21.234810,21.113914,21.044754,21.303802,21.079346,20.958221,21.062057,21.113914,21.096642,21.183029,21.079346,21.096642,21.079346,21.252068,21.010155,21.044754,20.750122,20.836899,20.767487,20.628487,20.836899,20.732758,20.663254,20.802200,20.593697,20.698021,20.698021,20.645866,20.541473,20.506645,20.628487,20.367180,20.471802,20.279877,20.262413,20.349724,19.982353,20.069977,19.982353,19.912178,19.964821,19.877083,19.806816,19.824394,19.771667,19.841957,19.683716,19.595665,19.630898,19.542793,19.841957,19.578049,19.701309,19.736496,19.578049,19.666115,19.383957,19.330948,19.260208,19.436943,19.436943,19.295586,19.383957,19.118538,19.260208,19.277893,19.383957,19.313263,19.065346,19.012123,18.852249,18.549400,18.460121,18.281258,17.958336,17.778404,17.326851,17.018410,16.690620,16.324928,15.865646,15.625862,15.440964,15.348373,15.200020,15.162895,15.088600,14.790794,14.846703,15.014244,15.051422,15.070015,14.958420,15.162895,15.144333,15.162895,15.144333,15.070015,15.292770,15.125755,15.200020,15.218575,15.255684,15.162895,15.014244,15.070015,15.107178,15.237137,15.032837,15.403938,15.162895,15.422462,15.162895,15.237137,15.162895,15.070015,15.125755,15.088600,15.125755,15.088600,14.995636,14.977043,15.125755,15.032837,15.107178,14.977043,15.014244,15.070015,15.032837,14.828064,14.883965,14.883965,14.921196,14.921196,15.070015,15.070015,14.921196,15.107178,15.162895,15.032837,14.977043,14.828064,15.125755,15.051422,14.734833,14.902580,14.790794,14.883965,14.846703,14.958420,15.107178,14.790794,15.051422,14.883965,14.921196,14.790794,14.828064,15.014244,14.678848,14.828064,15.088600,14.977043,14.865326,14.772133,14.716171,14.865326,14.902580,14.846703,14.734833,14.660179,14.678848,14.977043,14.939812,14.865326,14.697517,14.734833,14.846703,14.828064,14.790794,14.809425,14.790794,14.902580,14.865326,15.014244,14.734833,15.032837,14.883965,14.865326,14.734833,14.809425,14.883965,14.921196,15.032837,14.828064,14.846703,14.716171,14.790794,14.939812,14.772133,15.144333,14.865326,15.014244,14.697517,14.921196,14.809425,15.070015,14.790794,14.846703,15.162895,14.995636,14.995636,15.070015,14.883965,15.051422,14.995636,15.107178,15.107178,15.088600,15.125755,14.958420,14.865326,14.939812,14.995636,14.902580,14.977043,15.032837,14.883965,14.883965,14.809425,14.828064,14.697517,14.753487,14.435844,14.697517,14.641502,14.604141,14.622826,14.716171,14.809425,14.921196,14.809425,15.070015,15.014244,15.162895,15.107178,15.292770,15.144333,15.107178,15.200020,15.218575,15.032837,15.032837,14.958420,14.995636,14.995636,14.828064,14.846703,15.032837,14.846703,14.790794,14.790794,14.846703,14.846703,14.697517,14.697517,14.921196,14.977043,14.977043,14.790794,14.939812,15.125755,15.051422,15.032837,14.828064,14.995636,14.772133,14.921196,14.846703,15.144333,14.697517,14.790794,14.995636,14.790794,14.995636,14.865326,15.107178,14.846703,14.846703,14.846703,15.088600,14.734833,14.753487,14.809425,14.883965,14.958420,14.995636,14.790794,15.070015,14.790794,14.995636,14.772133,14.678848,14.958420,14.865326,14.491982,14.828064,14.697517,14.809425,14.753487,14.883965,14.790794,14.883965,14.734833,14.902580,14.921196,14.716171,14.772133,14.772133,14.790794,14.939812,14.883965,14.977043,14.809425,14.809425,14.828064,14.977043,15.051422,14.902580,14.865326,14.734833,14.846703,14.660179,14.772133,14.883965,14.678848,14.865326,14.678848,14.995636,14.883965,14.846703,14.958420,14.790794,14.846703,14.678848,14.921196,14.809425,14.883965,14.734833,14.772133,14.828064,14.977043,15.181458,14.846703,14.958420,15.032837,14.939812,15.088600,14.921196,14.977043,14.995636,14.828064,15.070015,15.070015,15.032837,14.846703,15.014244,14.977043,15.125755,15.200020,15.237137,15.125755,15.255684,
15.699715,15.477974,15.551949,15.736610,15.514977,15.736610,15.459480,15.496475,15.385422,15.533455,15.329842,15.440964,15.329842,15.200020,15.311302,15.422462,15.070015,15.366905,15.477974,15.865646,15.791931,16.214928,16.581078,16.982056,17.326851,17.832420,18.119965,18.281258,18.585091,19.083084,19.313263,19.578049,19.912178,19.947273,20.017418,20.034943,20.052460,20.279877,20.297348,20.314804,20.157509,20.367180,20.367180,20.140007,20.209976,20.052460,20.174995,19.964821,20.069977,19.824394,19.736496,19.877083,19.999893,19.912178,19.894638,20.105003,20.087494,20.279877,20.367180,20.174995,20.436943,20.332268,20.402061,20.489220,20.645866,20.593697,20.576286,20.715385,20.802200,20.715385,20.906242,20.715385,20.906242,20.958221,20.906242,20.923576,21.027458,21.044754,21.113914,21.148476,21.113914,21.062057,21.027458,21.113914,21.062057,21.148476,21.079346,21.303802,21.165756,21.372734,21.372734,21.183029,21.527603,21.286568,21.458817,21.493217,21.407181,21.234810,21.252068,21.476021,21.372734,21.579163,21.510414,21.372734,21.561981,21.750755,21.579163,21.561981,21.458817,21.441612,21.544792,21.527603,21.458817,21.510414,21.527603,21.630684,21.510414,21.561981,21.579163,21.579163,21.458817,21.544792,21.544792,21.665016,21.493217,21.407181,21.424393,21.269310,21.544792,21.424393,21.510414,21.234810,21.252068,21.200287,21.613518,21.372734,21.527603,21.458817,21.767891,21.733620,21.802162,21.750755,21.819290,21.887764,21.887764,21.887764,21.887764,21.870644,21.904861,22.126915,21.870644,22.058662,22.143959,22.058662,21.802162,22.143959,22.161018,21.939064,22.246208,22.092789,22.109856,22.092789,21.904861,22.109856,21.990349,22.109856,22.109856,22.195107,22.092789,22.058662,22.075729,21.939064,22.212143,22.263237,22.126915,22.143959,22.109856,22.399300,22.229179,22.263237,22.450264,22.229179,22.212143,22.161018,22.263237,22.399300,22.092789,22.143959,22.041588,21.990349,22.297272,22.041588,22.178062,22.126915,22.178062,22.109856,22.297272,22.195107,22.195107,22.246208,22.092789,22.195107,22.109856,22.109856,21.956161,22.041588,21.990349,21.973259,21.990349,22.075729,21.956161,21.939064,22.024513,21.921967,21.870644,22.007431,22.041588,21.904861,21.836411,22.024513,21.819290,21.887764,21.921967,21.956161,21.819290,21.904861,21.682167,21.956161,21.750755,21.870644,21.904861,21.802162,21.990349,21.853539,21.785027,21.802162,21.939064,21.853539,21.870644,21.887764,21.836411,21.716469,21.716469,21.716469,21.716469,21.853539,21.767891,21.630684,21.853539,21.579163,21.579163,21.544792,21.596336,21.561981,21.665016,21.596336,21.579163,21.527603,21.441612,21.596336,21.407181,21.561981,21.355507,21.389961,21.476021,21.269310,21.148476,21.113914,21.165756,21.131203,21.303802,21.338272,21.183029,21.183029,21.183029,21.148476,21.113914,21.200287,21.234810,21.079346,21.027458,21.027458,21.062057,21.062057,21.113914,20.888908,20.715385,20.750122,20.767487,20.767487,20.750122,20.975533,20.715385,20.680634,20.802200,20.663254,20.680634,20.663254,20.524055,20.506645,20.279877,20.244934,20.384621,20.157509,20.244934,19.999893,20.087494,20.069977,19.929733,19.912178,19.718910,19.595665,19.771667,19.630898,19.595665,19.560417,19.525154,19.595665,19.630898,19.542793,19.718910,19.648506,19.472237,19.595665,19.366287,19.472237,19.648506,19.330948,19.330948,19.419281,19.330948,19.348618,19.189407,19.207108,19.029869,19.171692,19.136261,18.958870,18.674240,18.709869,18.424385,18.209602,17.850410,17.778404,17.417351,17.000237,16.690620,16.141510,15.902481,15.477974,15.440964,15.274223,15.070015,14.865326,14.846703,14.995636,15.032837,14.902580,14.977043,15.014244,15.014244,15.088600,15.218575,15.237137,15.144333,15.162895,15.032837,15.125755,15.144333,15.014244,15.144333,15.348373,15.032837,14.921196,15.162895,15.107178,15.162895,15.088600,14.995636,15.088600,15.107178,15.088600,15.107178,15.144333,14.995636,14.883965,15.237137,15.051422,15.088600,14.958420,15.051422,14.977043,14.921196,15.014244,14.958420,15.088600,14.958420,15.051422,14.809425,14.809425,14.809425,15.032837,14.902580,14.939812,14.995636,14.977043,14.697517,14.977043,14.902580,14.809425,14.902580,14.846703,14.902580,14.921196,14.995636,15.051422,14.716171,14.809425,14.772133,14.939812,14.958420,14.883965,14.809425,14.958420,14.846703,14.660179,14.865326,14.865326,14.939812,14.772133,14.846703,14.865326,14.828064,14.828064,14.809425,14.883965,14.865326,14.716171,14.604141,14.734833,14.772133,14.958420,14.902580,14.865326,14.753487,14.809425,14.883965,14.902580,14.753487,14.828064,14.939812,14.902580,14.902580,14.902580,14.939812,14.958420,14.809425,14.883965,14.865326,14.995636,14.846703,14.753487,14.883965,14.883965,15.014244,14.846703,14.883965,14.977043,14.678848,14.977043,14.921196,15.070015,14.958420,14.734833,15.051422,15.107178,15.032837,15.200020,15.014244,15.144333,15.032837,15.051422,15.107178,15.144333,14.902580,15.088600,15.181458,14.995636,14.958420,15.144333,14.939812,15.181458,14.828064,14.958420,14.995636,15.032837,14.697517,14.585457,14.697517,14.622826,14.678848,14.716171,14.678848,14.641502,14.678848,14.828064,14.846703,14.958420,15.200020,14.995636,15.459480,15.311302,15.014244,14.995636,14.883965,15.348373,15.218575,15.181458,15.274223,15.162895,14.995636,14.958420,14.977043,14.902580,14.846703,14.939812,14.846703,14.473274,14.660179,14.641502,14.865326,14.977043,14.697517,14.846703,14.828064,15.051422,14.809425,14.753487,14.939812,15.014244,14.977043,14.958420,14.883965,14.902580,14.772133,14.790794,14.828064,14.753487,14.790794,14.790794,14.828064,14.939812,14.902580,14.846703,14.772133,14.790794,14.902580,14.753487,14.921196,14.753487,14.734833,14.734833,14.865326,14.865326,14.604141,14.828064,14.772133,14.828064,14.753487,14.660179,14.828064,14.846703,14.678848,14.865326,14.790794,14.734833,14.566772,14.622826,14.697517,14.548080,15.032837,14.958420,14.865326,14.939812,14.716171,14.753487,14.753487,14.977043,14.753487,14.678848,14.828064,14.790794,14.660179,14.828064,14.734833,14.641502,14.809425,14.604141,14.753487,14.697517,14.902580,15.014244,14.865326,14.939812,14.828064,14.772133,14.753487,14.865326,14.772133,15.088600,14.995636,14.958420,14.660179,14.734833,14.921196,15.051422,14.809425,14.939812,14.828064,14.790794,14.902580,14.772133,14.995636,15.051422,14.809425,14.865326,14.995636,14.939812,14.921196,15.162895,15.032837,15.200020,14.790794,14.977043,15.088600,14.902580,14.958420,15.070015,15.274223,15.107178,
15.644325,15.533455,15.459480,15.533455,15.311302,15.292770,15.607391,15.477974,15.459480,15.274223,15.292770,15.403938,15.014244,15.218575,15.218575,15.366905,15.348373,15.440964,15.496475,15.644325,15.810371,16.049652,16.599342,16.982056,17.363060,17.922386,17.886406,18.442253,18.870033,18.834473,19.330948,19.701309,19.859520,19.894638,19.982353,20.122513,20.209976,20.244934,20.279877,20.105003,20.087494,20.192490,20.402061,20.262413,20.122513,20.227455,20.052460,20.367180,19.841957,20.017418,20.087494,19.982353,20.052460,19.824394,19.982353,20.034943,20.244934,20.174995,20.122513,20.209976,20.402061,20.419502,20.419502,20.279877,20.732758,20.663254,20.888908,20.663254,20.593697,20.819542,20.611084,20.645866,20.836899,20.715385,20.906242,20.750122,20.888908,20.906242,21.010155,20.871582,21.079346,20.940895,20.906242,21.165756,21.200287,21.096642,21.165756,21.096642,21.183029,20.975533,20.958221,21.010155,21.303802,21.338272,21.269310,21.269310,21.355507,21.269310,21.372734,21.493217,21.303802,21.355507,21.476021,21.424393,21.355507,21.355507,21.355507,21.407181,21.527603,21.407181,21.355507,21.407181,21.596336,21.579163,21.493217,21.613518,21.527603,21.630684,21.527603,21.561981,21.544792,21.372734,21.441612,21.441612,21.510414,21.407181,21.338272,21.407181,21.476021,21.389961,21.355507,21.372734,21.131203,21.407181,21.544792,21.561981,21.527603,21.785027,21.544792,21.785027,21.836411,21.767891,21.990349,21.853539,21.904861,22.007431,21.802162,22.024513,21.887764,22.109856,22.109856,22.058662,21.990349,21.836411,21.990349,22.075729,21.939064,22.058662,22.007431,22.007431,22.143959,22.058662,22.058662,22.126915,22.126915,22.109856,22.143959,22.178062,22.058662,21.973259,22.161018,22.143959,22.280251,22.297272,22.263237,22.450264,22.212143,22.433289,22.348305,22.263237,22.212143,22.399300,22.212143,22.246208,22.263237,22.075729,22.058662,22.314293,22.058662,22.161018,21.956161,22.041588,22.092789,22.195107,22.297272,22.058662,22.109856,22.143959,22.161018,22.092789,22.195107,22.195107,22.075729,22.041588,22.126915,22.143959,22.075729,22.143959,22.024513,22.212143,21.990349,22.041588,21.990349,21.990349,22.007431,21.990349,21.853539,21.939064,22.024513,21.990349,22.007431,22.075729,21.939064,22.075729,21.904861,22.075729,21.904861,22.007431,21.887764,21.921967,21.802162,21.819290,21.921967,21.939064,21.904861,21.990349,21.767891,21.870644,21.836411,21.853539,21.836411,21.887764,21.904861,21.819290,21.682167,21.802162,21.904861,21.921967,21.750755,21.682167,21.836411,21.750755,21.750755,21.682167,21.630684,21.699318,21.630684,21.716469,21.441612,21.716469,21.476021,21.630684,21.682167,21.493217,21.441612,21.321045,21.286568,21.148476,21.131203,21.183029,21.303802,21.010155,21.113914,21.269310,21.148476,21.183029,21.183029,20.923576,21.148476,21.062057,21.096642,21.165756,21.027458,20.767487,21.062057,20.975533,20.923576,20.888908,20.715385,20.715385,20.698021,20.923576,20.593697,20.524055,20.663254,20.750122,20.628487,20.715385,20.541473,20.489220,20.419502,20.541473,20.367180,20.069977,20.174995,20.140007,20.087494,20.069977,19.929733,19.912178,19.859520,19.754082,19.754082,19.771667,19.525154,19.489883,19.806816,19.666115,19.525154,19.736496,19.701309,19.595665,19.718910,19.595665,19.754082,19.507530,19.401619,19.560417,19.383957,19.436943,19.330948,19.366287,19.472237,19.277893,19.366287,19.136261,19.100807,19.136261,18.727684,18.656418,18.424385,18.137894,18.030205,17.742363,17.344955,17.018410,16.507973,16.526253,16.049652,15.718163,15.366905,15.237137,15.200020,15.051422,14.939812,14.902580,14.958420,14.772133,15.088600,15.051422,15.088600,15.070015,15.070015,15.218575,15.218575,15.200020,15.237137,15.181458,15.162895,15.162895,15.200020,15.255684,15.237137,15.014244,15.088600,15.329842,15.274223,15.125755,14.977043,14.995636,15.088600,15.125755,14.995636,15.070015,15.125755,15.162895,15.088600,15.070015,15.200020,15.218575,14.977043,14.921196,14.995636,15.274223,15.070015,14.977043,14.977043,14.716171,14.809425,14.958420,15.032837,15.014244,15.014244,14.753487,14.921196,14.995636,14.828064,15.125755,14.753487,14.939812,14.977043,15.032837,14.883965,14.865326,14.790794,14.902580,14.977043,14.772133,14.772133,14.939812,14.865326,14.809425,14.921196,14.883965,14.921196,14.790794,14.809425,14.734833,14.883965,14.846703,14.846703,14.678848,14.883965,14.865326,14.790794,14.865326,14.902580,14.753487,14.641502,14.660179,14.604141,14.828064,14.846703,14.790794,14.753487,14.753487,14.865326,14.883965,14.753487,14.809425,14.865326,14.958420,14.828064,14.734833,14.846703,14.865326,14.902580,14.809425,14.883965,14.809425,14.772133,14.865326,14.828064,14.939812,14.865326,15.051422,14.883965,14.958420,14.865326,15.014244,14.977043,15.070015,14.809425,14.958420,14.977043,15.125755,14.902580,15.088600,15.125755,15.348373,15.032837,14.995636,15.070015,14.921196,15.125755,14.883965,15.070015,15.107178,14.921196,15.088600,15.125755,15.014244,14.828064,14.828064,14.883965,14.753487,14.753487,14.716171,14.753487,14.548080,14.491982,14.678848,14.902580,14.660179,14.660179,14.660179,14.846703,14.902580,15.051422,15.125755,15.274223,15.218575,15.070015,15.200020,15.181458,15.218575,15.274223,15.237137,15.032837,15.070015,14.921196,14.921196,14.828064,14.921196,14.865326,15.032837,14.622826,14.828064,14.566772,14.790794,14.716171,14.883965,14.809425,14.921196,14.883965,14.828064,14.809425,15.125755,14.790794,15.107178,15.051422,14.846703,14.883965,14.902580,14.865326,14.772133,14.828064,14.902580,14.958420,14.921196,14.697517,14.753487,14.846703,14.995636,14.772133,14.865326,14.585457,15.051422,14.809425,15.032837,14.790794,14.883965,14.790794,14.809425,14.734833,14.846703,14.865326,14.977043,14.828064,14.790794,14.734833,15.032837,14.809425,14.883965,14.753487,14.883965,14.995636,14.678848,14.772133,14.828064,14.921196,14.828064,14.772133,14.865326,14.865326,14.622826,14.622826,14.772133,14.678848,14.809425,14.622826,14.809425,14.772133,15.014244,14.828064,14.865326,14.828064,14.828064,14.902580,14.809425,14.753487,14.790794,14.753487,14.958420,14.846703,14.846703,14.883965,14.660179,14.809425,15.032837,14.883965,15.032837,14.716171,14.772133,14.865326,14.995636,14.939812,14.921196,14.865326,14.958420,14.641502,14.846703,14.809425,14.678848,14.697517,15.051422,15.162895,14.977043,14.846703,15.144333,14.977043,14.902580,14.846703,14.958420,14.921196,15.070015,14.939812,15.032837,15.032837,15.051422,
15.366905,15.551949,15.292770,15.422462,15.255684,15.477974,15.533455,15.348373,15.422462,15.329842,15.200020,15.366905,15.477974,15.477974,15.255684,15.422462,15.292770,15.218575,15.459480,15.847229,15.847229,16.086403,16.489677,16.781799,17.272507,17.814415,18.299164,18.549400,18.620766,19.083084,19.277893,19.666115,19.824394,19.947273,20.052460,19.964821,20.157509,20.087494,20.087494,20.297348,20.192490,20.384621,20.227455,20.192490,20.105003,20.192490,20.174995,19.999893,19.999893,19.964821,20.105003,20.034943,20.122513,20.192490,19.912178,19.929733,20.384621,20.384621,20.209976,20.419502,20.384621,20.332268,20.384621,20.576286,20.680634,20.576286,20.732758,20.698021,20.593697,20.663254,20.819542,20.576286,20.698021,20.732758,20.802200,20.767487,20.888908,20.871582,20.888908,20.784843,20.940895,20.906242,21.183029,20.923576,21.217552,21.062057,21.131203,20.992851,21.079346,21.113914,21.113914,21.200287,21.062057,21.286568,21.321045,21.441612,21.269310,21.303802,21.458817,21.269310,21.355507,21.389961,21.355507,21.303802,21.458817,21.355507,21.303802,21.217552,21.441612,21.286568,21.458817,21.407181,21.286568,21.286568,21.389961,21.458817,21.321045,21.183029,21.355507,21.596336,21.493217,21.407181,21.441612,21.493217,21.510414,21.338272,21.407181,21.441612,21.252068,21.372734,21.234810,21.510414,21.389961,21.476021,21.561981,21.630684,21.476021,21.716469,21.921967,21.802162,21.836411,21.802162,21.973259,22.109856,21.990349,21.939064,21.990349,21.956161,22.007431,22.041588,21.836411,22.109856,22.007431,21.990349,22.058662,21.921967,22.007431,21.973259,21.956161,22.024513,21.973259,22.024513,22.007431,22.109856,22.024513,22.024513,22.058662,22.126915,22.161018,22.365303,21.870644,22.280251,22.246208,22.229179,22.280251,22.297272,22.263237,22.314293,22.535133,22.552086,22.314293,22.399300,22.348305,22.365303,22.178062,22.212143,22.263237,22.280251,22.058662,22.161018,22.126915,22.143959,22.195107,22.212143,22.178062,22.263237,22.314293,22.195107,22.263237,22.263237,22.212143,22.212143,22.399300,22.314293,22.297272,22.195107,21.990349,22.143959,22.161018,22.109856,22.041588,22.212143,22.229179,22.143959,22.126915,22.058662,22.126915,22.126915,22.314293,22.195107,22.161018,22.109856,22.212143,22.126915,21.973259,22.109856,22.195107,22.126915,21.921967,21.956161,22.024513,22.024513,21.956161,22.092789,22.109856,22.007431,22.109856,21.887764,21.939064,22.007431,21.870644,21.921967,22.075729,21.973259,21.836411,21.853539,21.750755,21.733620,21.750755,21.750755,21.716469,21.785027,21.613518,21.682167,21.716469,21.836411,21.819290,21.699318,21.716469,21.613518,21.682167,21.579163,21.493217,21.476021,21.372734,21.286568,21.458817,21.389961,21.165756,21.493217,21.096642,21.269310,21.234810,21.234810,21.165756,21.096642,21.027458,21.183029,21.113914,21.165756,21.165756,21.113914,20.906242,20.819542,21.027458,20.784843,20.784843,20.802200,20.975533,20.715385,20.698021,20.645866,20.715385,20.888908,20.628487,20.888908,20.836899,20.576286,20.645866,20.698021,20.558884,20.402061,20.384621,20.297348,20.367180,20.157509,19.947273,19.841957,19.999893,19.789246,19.754082,19.595665,19.542793,19.789246,19.683716,19.560417,19.666115,19.630898,19.701309,19.560417,19.648506,19.542793,19.718910,19.472237,19.542793,19.454590,19.401619,19.578049,19.366287,19.472237,19.366287,19.207108,19.313263,19.330948,19.118538,19.277893,19.100807,19.153984,18.923340,18.834473,18.281258,18.084076,17.904396,17.561958,17.363060,16.982056,16.800026,16.269951,15.976097,15.496475,15.366905,15.440964,15.162895,15.088600,15.088600,14.902580,14.772133,14.995636,14.939812,14.921196,14.977043,15.125755,15.032837,15.274223,15.218575,15.144333,15.329842,15.162895,15.162895,15.088600,15.144333,15.051422,15.218575,15.107178,15.107178,15.014244,15.218575,15.070015,15.088600,14.995636,15.032837,15.237137,15.070015,15.162895,15.070015,15.070015,14.995636,14.958420,14.902580,15.107178,15.032837,15.088600,14.939812,15.144333,14.958420,14.865326,15.014244,15.014244,15.032837,14.883965,15.051422,14.883965,14.958420,14.977043,15.032837,14.846703,15.032837,14.977043,14.697517,14.977043,15.014244,14.753487,14.865326,14.846703,14.902580,14.921196,14.828064,14.939812,14.902580,14.939812,14.921196,14.790794,14.809425,14.995636,15.014244,14.790794,14.809425,14.902580,14.958420,14.995636,14.828064,14.902580,14.790794,14.883965,14.865326,14.678848,14.678848,14.716171,14.566772,14.883965,14.809425,14.883965,14.790794,14.790794,14.809425,14.790794,14.809425,14.772133,14.921196,14.846703,14.902580,14.828064,14.753487,15.032837,14.977043,14.772133,14.772133,14.734833,14.977043,14.939812,14.958420,14.753487,14.828064,14.995636,14.828064,14.790794,14.865326,14.697517,14.883965,14.958420,14.828064,15.088600,14.902580,14.958420,15.051422,14.995636,14.865326,14.995636,15.070015,14.939812,14.939812,15.125755,15.014244,15.051422,15.032837,15.125755,14.995636,14.977043,15.088600,14.995636,15.144333,14.883965,15.032837,14.921196,14.809425,14.883965,14.809425,14.678848,14.790794,14.604141,14.641502,14.753487,14.697517,14.697517,14.995636,14.697517,14.753487,14.995636,14.958420,15.014244,14.995636,15.144333,15.144333,15.144333,15.274223,15.144333,15.107178,15.292770,15.070015,15.311302,14.995636,15.070015,14.977043,14.921196,14.734833,14.772133,14.883965,14.697517,14.809425,14.697517,14.491982,14.716171,14.809425,14.753487,15.070015,14.958420,14.846703,15.125755,14.921196,14.958420,14.883965,14.772133,14.865326,15.032837,14.790794,15.032837,14.772133,14.828064,14.772133,14.846703,14.772133,14.921196,14.753487,14.753487,14.716171,14.753487,14.828064,14.753487,14.865326,14.958420,14.865326,14.921196,14.828064,14.734833,14.865326,15.051422,14.772133,14.753487,14.790794,14.716171,14.828064,14.753487,14.883965,14.753487,14.865326,14.604141,14.454552,14.622826,14.921196,14.809425,14.641502,14.753487,14.772133,14.753487,14.734833,14.828064,14.641502,14.716171,14.828064,14.958420,14.678848,14.716171,14.790794,14.753487,14.660179,14.828064,14.604141,14.865326,14.883965,14.977043,14.939812,14.939812,14.716171,14.883965,14.902580,14.995636,14.790794,14.883965,14.995636,14.977043,14.716171,14.753487,14.883965,14.828064,14.716171,14.828064,14.809425,14.883965,14.939812,14.660179,14.828064,14.902580,14.902580,14.660179,14.846703,14.995636,14.772133,15.088600,14.958420,14.995636,15.125755,14.883965,14.958420,14.995636,14.958420,15.181458,14.921196,14.883965,15.181458,15.385422,
15.533455,15.551949,15.496475,15.459480,15.311302,15.440964,15.551949,15.422462,15.514977,15.218575,15.162895,15.311302,15.274223,15.422462,15.088600,15.329842,15.200020,15.477974,15.292770,15.625862,15.902481,16.123146,16.599342,16.963875,17.272507,17.760384,17.940361,18.638596,18.781090,19.012123,19.489883,19.525154,19.859520,20.034943,19.982353,19.982353,19.999893,20.122513,20.314804,20.174995,20.157509,20.174995,20.279877,20.174995,20.140007,19.999893,20.262413,20.192490,20.157509,20.069977,19.877083,20.087494,20.087494,20.122513,19.999893,20.122513,20.297348,20.384621,20.454369,20.593697,20.402061,20.471802,20.611084,20.558884,20.680634,20.680634,20.611084,20.732758,20.819542,20.732758,20.784843,20.680634,20.906242,20.802200,20.732758,20.628487,20.628487,20.992851,20.854233,20.698021,20.923576,20.888908,20.871582,20.975533,20.923576,21.010155,20.888908,20.975533,21.010155,21.062057,21.165756,21.113914,21.096642,21.183029,21.044754,21.355507,21.269310,21.476021,21.372734,21.338272,21.355507,21.389961,21.372734,21.407181,21.389961,21.286568,21.286568,21.424393,21.389961,21.458817,21.286568,21.269310,21.355507,21.389961,21.303802,21.338272,21.338272,21.321045,21.338272,21.407181,21.355507,21.200287,21.372734,21.355507,21.493217,21.458817,21.476021,21.510414,21.441612,21.338272,21.407181,21.355507,21.544792,21.596336,21.647850,21.527603,21.665016,21.682167,21.802162,21.802162,21.819290,22.143959,22.092789,21.990349,22.024513,22.041588,22.126915,22.075729,22.109856,22.161018,22.109856,22.007431,22.007431,21.870644,22.075729,22.007431,22.007431,21.990349,22.024513,22.161018,21.870644,22.058662,22.041588,22.075729,22.024513,22.143959,22.007431,22.058662,22.075729,22.075729,22.041588,22.195107,22.331291,22.365303,22.246208,22.161018,22.416298,22.382309,22.399300,22.433289,22.399300,22.297272,22.535133,22.399300,22.246208,22.212143,22.195107,22.092789,22.041588,22.041588,22.178062,22.109856,22.195107,22.399300,22.075729,22.195107,22.058662,22.297272,22.109856,22.229179,22.212143,22.263237,22.280251,22.297272,22.314293,22.092789,22.161018,22.143959,22.297272,22.246208,22.229179,22.195107,22.075729,22.314293,22.195107,22.331291,22.041588,22.178062,22.161018,22.297272,22.212143,22.263237,22.280251,22.229179,22.092789,22.092789,22.109856,22.126915,22.161018,22.229179,21.904861,22.075729,22.007431,22.229179,22.058662,22.041588,22.024513,21.939064,22.075729,21.904861,21.973259,21.921967,22.007431,21.802162,21.887764,21.939064,22.007431,21.990349,21.665016,21.904861,22.075729,21.836411,21.819290,21.733620,21.716469,21.870644,21.921967,21.613518,21.613518,21.733620,21.887764,21.596336,21.647850,21.493217,21.441612,21.355507,21.647850,21.303802,21.303802,21.355507,21.269310,21.321045,21.252068,21.131203,21.217552,21.113914,21.183029,21.044754,21.027458,20.923576,21.079346,20.784843,20.992851,21.044754,20.750122,21.044754,20.680634,20.767487,20.698021,20.906242,20.854233,20.698021,20.975533,20.732758,20.645866,20.628487,20.715385,20.906242,20.576286,20.767487,20.454369,20.506645,20.419502,20.402061,20.122513,20.140007,20.052460,20.052460,19.806816,19.806816,19.841957,19.718910,19.683716,19.578049,19.771667,19.701309,19.525154,19.630898,19.560417,19.666115,19.436943,19.648506,19.683716,19.578049,19.542793,19.436943,19.507530,19.348618,19.366287,19.348618,19.295586,19.348618,19.330948,19.313263,19.313263,19.189407,19.277893,18.976631,18.816673,18.495850,18.334953,18.119965,17.796410,17.598068,17.290627,17.072929,16.836464,16.453102,16.123146,15.662788,15.570435,15.329842,15.181458,15.032837,14.995636,15.125755,14.939812,14.921196,14.977043,14.883965,14.865326,15.032837,15.088600,14.883965,15.070015,15.181458,15.181458,15.144333,15.255684,15.200020,15.218575,15.088600,14.883965,15.237137,15.051422,15.051422,15.144333,15.125755,14.995636,15.032837,15.051422,15.181458,15.051422,15.125755,15.032837,15.014244,15.070015,15.032837,15.107178,14.977043,14.977043,14.995636,14.790794,14.977043,14.958420,14.846703,15.032837,15.125755,15.032837,15.125755,15.032837,14.846703,14.939812,14.977043,14.958420,14.865326,14.902580,15.014244,14.678848,14.809425,14.828064,14.846703,14.977043,14.995636,14.883965,14.995636,14.828064,14.846703,14.809425,14.585457,14.958420,14.790794,14.790794,14.902580,14.921196,14.790794,14.622826,14.958420,14.846703,14.828064,14.865326,15.014244,14.790794,14.809425,14.772133,14.529381,14.566772,14.622826,14.772133,14.753487,14.734833,14.660179,14.790794,14.753487,14.678848,14.772133,14.828064,14.772133,14.921196,14.678848,14.828064,14.902580,14.921196,14.734833,14.865326,14.734833,14.697517,14.846703,14.828064,14.865326,14.865326,14.865326,14.790794,15.032837,14.790794,15.181458,14.958420,14.753487,14.939812,14.921196,14.977043,14.977043,14.678848,14.977043,15.144333,14.921196,15.070015,15.237137,14.977043,14.921196,15.070015,14.977043,15.088600,14.883965,14.995636,15.162895,15.070015,15.088600,14.921196,14.995636,15.014244,15.014244,15.051422,15.032837,14.921196,14.921196,14.958420,14.716171,14.716171,14.342201,14.604141,14.790794,14.790794,14.641502,14.622826,14.734833,14.828064,14.958420,15.125755,15.107178,15.200020,15.329842,15.125755,15.274223,15.181458,15.125755,15.070015,15.088600,15.125755,15.032837,14.902580,14.921196,14.939812,15.070015,14.753487,14.641502,14.809425,15.014244,14.697517,14.697517,14.678848,15.218575,15.051422,14.772133,14.958420,14.772133,14.921196,14.958420,15.162895,14.939812,14.809425,14.790794,14.753487,14.809425,14.828064,14.977043,14.809425,14.902580,14.828064,14.846703,14.902580,14.958420,14.716171,14.902580,15.051422,15.051422,14.753487,14.958420,15.051422,14.921196,14.958420,14.902580,14.734833,14.790794,14.678848,14.828064,14.809425,14.865326,14.734833,14.790794,14.809425,14.883965,14.734833,14.865326,14.716171,14.697517,14.846703,14.716171,14.902580,14.716171,14.883965,14.865326,14.716171,14.753487,14.566772,14.678848,14.678848,14.772133,14.790794,14.622826,14.995636,14.678848,14.734833,14.865326,14.828064,14.734833,14.790794,14.846703,14.772133,14.790794,14.790794,14.660179,14.828064,14.977043,14.865326,15.088600,14.883965,14.921196,14.883965,14.939812,14.697517,14.977043,14.734833,14.977043,14.809425,14.883965,14.753487,14.977043,14.846703,14.939812,14.995636,14.678848,14.828064,14.958420,14.921196,15.125755,14.865326,14.902580,14.828064,15.032837,15.014244,14.958420,14.902580,15.070015,14.883965,15.014244,14.753487,15.162895,15.088600,15.218575,
15.459480,15.237137,15.403938,15.403938,15.403938,15.533455,15.366905,15.366905,15.348373,15.366905,15.366905,15.125755,15.218575,15.237137,15.440964,15.088600,15.329842,15.292770,15.311302,15.625862,15.662788,16.288277,16.599342,17.127403,17.417351,17.652206,17.994278,18.191681,18.763298,19.153984,19.489883,19.383957,19.824394,20.069977,19.789246,19.964821,20.262413,20.244934,20.192490,20.384621,20.122513,20.471802,20.017418,20.227455,20.279877,20.349724,20.279877,20.174995,20.262413,20.087494,20.034943,20.192490,20.122513,20.069977,19.982353,20.209976,20.192490,20.367180,20.506645,20.506645,20.593697,20.558884,20.576286,20.367180,20.645866,20.524055,20.767487,20.663254,20.802200,20.524055,20.645866,20.802200,20.888908,20.784843,20.940895,20.958221,20.906242,20.836899,20.767487,20.767487,20.888908,20.940895,21.183029,21.044754,21.010155,20.923576,20.906242,21.010155,21.200287,21.044754,21.096642,21.269310,20.975533,21.131203,21.252068,21.286568,21.441612,21.407181,21.372734,21.407181,21.234810,21.355507,21.303802,21.338272,21.407181,21.338272,21.407181,21.372734,21.165756,21.303802,21.321045,21.338272,21.389961,21.424393,21.321045,21.458817,21.476021,21.303802,21.269310,21.389961,21.355507,21.527603,21.286568,21.441612,21.424393,21.355507,21.441612,21.424393,21.338272,21.269310,21.510414,21.389961,21.372734,21.407181,21.424393,21.802162,21.887764,21.785027,21.836411,21.887764,22.075729,21.990349,21.973259,22.126915,22.178062,21.853539,21.939064,21.921967,22.092789,22.109856,22.109856,22.058662,22.007431,22.178062,21.785027,22.075729,21.973259,22.126915,22.041588,22.075729,22.007431,22.092789,21.921967,22.092789,21.939064,21.990349,22.058662,22.024513,22.092789,22.058662,22.024513,22.007431,22.161018,22.280251,22.450264,22.314293,22.212143,22.450264,22.416298,22.501198,22.552086,22.280251,22.348305,22.501198,22.467247,22.212143,22.195107,22.314293,21.887764,22.246208,22.126915,22.143959,22.109856,22.178062,22.212143,22.161018,21.990349,22.212143,22.331291,22.280251,22.212143,22.365303,22.229179,22.297272,22.382309,22.331291,22.229179,22.297272,22.246208,22.212143,22.348305,22.246208,22.331291,22.195107,22.348305,22.229179,22.365303,22.331291,22.399300,22.348305,22.229179,22.314293,22.348305,22.331291,22.280251,22.075729,22.229179,22.178062,22.178062,22.348305,22.212143,22.109856,22.126915,22.041588,22.092789,22.126915,22.024513,22.058662,22.092789,22.024513,22.024513,22.024513,22.075729,21.853539,22.024513,21.939064,21.819290,21.904861,21.870644,21.904861,21.887764,21.767891,21.973259,22.092789,21.853539,21.870644,21.904861,21.802162,21.836411,21.853539,21.802162,21.767891,21.853539,21.699318,21.527603,21.424393,21.493217,21.407181,21.441612,21.389961,21.389961,21.200287,21.234810,21.252068,21.252068,21.252068,21.148476,21.113914,21.217552,21.252068,21.165756,21.079346,21.010155,21.096642,20.871582,20.940895,20.906242,20.888908,20.836899,20.645866,20.784843,20.732758,20.732758,20.784843,20.698021,20.819542,20.680634,20.663254,20.524055,20.611084,20.802200,20.611084,20.349724,20.244934,20.279877,20.262413,19.999893,19.912178,19.806816,19.824394,19.894638,19.666115,19.718910,19.701309,19.613289,19.718910,19.683716,19.613289,19.630898,19.701309,19.613289,19.595665,19.560417,19.454590,19.472237,19.401619,19.366287,19.366287,19.436943,19.277893,19.224815,19.224815,19.224815,19.366287,19.295586,19.207108,19.083084,18.834473,18.692055,18.674240,18.334953,18.173759,17.886406,17.616119,17.308739,16.872887,16.581078,16.196571,16.031273,15.847229,15.514977,15.329842,15.181458,15.088600,14.865326,15.107178,14.921196,15.032837,14.902580,14.902580,14.995636,14.809425,15.088600,15.181458,15.274223,15.162895,15.200020,15.200020,15.274223,15.200020,15.125755,15.014244,15.200020,14.977043,14.883965,15.107178,15.162895,15.125755,15.181458,14.958420,15.125755,15.181458,15.107178,15.162895,15.107178,15.070015,15.088600,15.144333,15.051422,15.292770,15.070015,14.958420,15.032837,14.995636,15.014244,15.014244,14.958420,14.846703,14.902580,14.865326,14.977043,15.051422,14.809425,14.865326,14.958420,14.809425,15.014244,14.865326,14.939812,14.828064,14.865326,14.865326,14.902580,14.883965,14.828064,14.865326,14.753487,14.977043,14.846703,14.995636,14.958420,14.772133,14.828064,14.865326,14.828064,14.809425,14.846703,15.070015,14.883965,15.070015,14.734833,14.883965,14.716171,14.809425,14.921196,14.585457,14.809425,14.883965,14.846703,14.790794,14.660179,14.697517,14.846703,14.939812,14.772133,14.790794,14.828064,15.070015,14.790794,14.753487,14.865326,14.939812,14.697517,14.828064,14.790794,14.883965,14.902580,14.697517,14.902580,14.716171,15.051422,14.846703,14.977043,14.958420,14.828064,14.809425,15.051422,14.734833,14.958420,15.014244,14.865326,14.883965,14.865326,14.958420,15.051422,15.125755,15.107178,14.939812,15.088600,15.162895,14.995636,14.790794,15.014244,14.977043,15.032837,14.939812,15.070015,14.939812,15.088600,15.107178,14.921196,15.051422,14.995636,14.772133,14.828064,14.846703,14.716171,14.809425,14.566772,14.828064,14.809425,14.454552,14.622826,14.622826,14.566772,14.753487,14.865326,14.921196,15.051422,14.977043,15.144333,15.218575,15.181458,15.125755,15.088600,15.274223,15.218575,15.385422,14.977043,15.014244,14.809425,14.977043,14.753487,15.014244,14.865326,14.790794,14.790794,14.846703,14.902580,14.660179,14.734833,14.902580,14.753487,14.772133,14.753487,14.865326,14.753487,14.939812,14.622826,14.902580,14.977043,14.846703,14.828064,14.846703,15.014244,14.716171,14.548080,14.734833,14.865326,14.716171,14.678848,14.772133,14.734833,14.828064,14.734833,15.107178,14.790794,14.809425,14.790794,14.939812,14.716171,14.753487,14.660179,14.678848,14.846703,14.753487,14.865326,14.865326,14.660179,14.772133,14.734833,14.734833,14.716171,14.604141,14.828064,14.734833,14.921196,14.734833,14.660179,14.716171,14.678848,14.828064,14.660179,14.716171,14.772133,14.921196,14.828064,14.846703,14.697517,14.828064,14.790794,14.753487,14.809425,14.697517,14.697517,14.846703,14.790794,14.883965,14.772133,14.865326,14.716171,14.753487,14.809425,14.865326,14.809425,14.865326,14.716171,15.070015,14.753487,14.865326,14.753487,15.070015,14.809425,14.958420,14.846703,14.697517,14.622826,15.107178,14.977043,15.051422,14.865326,14.883965,14.828064,14.977043,14.902580,14.921196,14.977043,14.958420,15.125755,14.734833,14.883965,14.977043,14.902580,14.902580,15.051422,15.107178,14.958420,15.088600,15.329842,15.292770,
15.459480,15.422462,15.440964,15.625862,15.403938,15.348373,15.237137,15.329842,15.162895,15.385422,14.995636,15.200020,15.107178,15.292770,15.125755,15.292770,15.144333,15.274223,15.237137,15.588913,15.939293,16.049652,16.361572,16.854668,17.181839,17.868416,18.084076,18.549400,18.781090,19.065346,19.277893,19.754082,19.754082,19.877083,20.105003,19.982353,19.982353,20.140007,20.454369,20.227455,20.349724,20.192490,20.262413,20.157509,20.384621,20.192490,20.297348,20.174995,20.017418,19.947273,20.017418,20.174995,20.122513,20.087494,20.314804,20.332268,20.471802,20.436943,20.454369,20.506645,20.698021,20.524055,20.506645,20.732758,20.593697,20.923576,20.871582,20.906242,20.645866,20.871582,20.854233,20.871582,20.819542,20.802200,20.819542,20.992851,20.767487,21.010155,20.906242,20.923576,20.958221,21.027458,21.044754,21.113914,21.010155,21.062057,20.975533,21.286568,21.044754,21.148476,21.165756,21.217552,21.183029,21.165756,21.338272,21.407181,21.252068,21.321045,21.234810,21.458817,21.458817,21.441612,21.407181,21.424393,21.424393,21.441612,21.441612,21.476021,21.510414,21.424393,21.355507,21.476021,21.476021,21.458817,21.544792,21.269310,21.424393,21.493217,21.338272,21.372734,21.458817,21.355507,21.424393,21.510414,21.389961,21.458817,21.269310,21.269310,21.321045,21.407181,21.493217,21.596336,21.665016,21.630684,21.665016,21.785027,21.767891,21.990349,21.921967,22.007431,22.024513,21.956161,22.280251,22.041588,22.195107,22.143959,22.331291,22.075729,22.109856,22.109856,22.161018,22.092789,22.143959,21.921967,22.058662,22.041588,22.109856,22.058662,22.161018,22.161018,21.990349,22.058662,21.973259,21.990349,22.195107,22.092789,21.904861,22.058662,22.143959,22.109856,22.126915,22.263237,22.331291,22.348305,22.382309,22.467247,22.433289,22.416298,22.399300,22.399300,22.331291,22.365303,22.348305,22.433289,22.314293,22.331291,22.161018,22.518166,22.075729,22.297272,22.058662,22.092789,22.212143,22.246208,22.195107,22.007431,22.297272,22.416298,22.297272,22.195107,22.280251,22.263237,22.331291,22.501198,22.416298,22.331291,22.143959,22.331291,22.229179,22.331291,22.314293,22.382309,22.280251,22.484222,22.246208,22.484222,22.399300,22.501198,22.467247,22.467247,22.450264,22.484222,22.331291,22.331291,22.109856,22.348305,22.075729,22.161018,22.297272,22.178062,22.246208,22.075729,22.092789,22.109856,22.058662,22.314293,22.109856,22.092789,22.212143,22.075729,22.007431,22.024513,22.143959,22.246208,21.939064,21.785027,22.041588,22.058662,21.956161,21.819290,21.939064,22.041588,21.921967,22.143959,21.990349,22.007431,22.041588,21.819290,21.973259,21.767891,22.075729,21.767891,21.785027,21.785027,21.527603,21.441612,21.389961,21.321045,21.424393,21.407181,21.183029,21.355507,21.148476,21.113914,21.165756,21.165756,21.044754,21.200287,21.113914,21.131203,20.940895,21.131203,21.096642,21.096642,21.010155,20.975533,20.975533,20.888908,20.819542,20.784843,20.750122,21.010155,20.767487,20.750122,20.923576,20.940895,20.628487,20.750122,20.750122,20.454369,20.524055,20.576286,20.454369,20.524055,20.349724,20.192490,19.999893,19.982353,19.929733,19.824394,19.789246,19.666115,19.630898,19.894638,19.507530,19.806816,19.789246,19.701309,19.472237,19.613289,19.701309,19.683716,19.701309,19.666115,19.525154,19.489883,19.419281,19.472237,19.472237,19.242508,19.207108,19.366287,19.153984,19.136261,19.277893,18.941109,19.118538,19.029869,18.781090,18.460121,18.460121,18.102013,17.976311,17.760384,17.561958,17.018410,16.800026,16.343254,15.957695,15.755058,15.477974,15.144333,14.958420,15.032837,15.014244,14.921196,14.883965,15.014244,14.846703,15.032837,15.014244,14.902580,14.995636,15.088600,15.032837,15.292770,15.144333,15.162895,15.274223,15.070015,15.311302,14.772133,15.144333,15.088600,15.088600,15.051422,15.032837,14.995636,15.088600,15.162895,15.218575,15.051422,14.939812,15.088600,15.051422,15.032837,15.181458,14.939812,15.032837,15.125755,14.958420,15.014244,14.939812,15.162895,14.977043,15.032837,14.958420,14.921196,14.883965,15.032837,14.921196,14.921196,14.883965,15.070015,15.032837,14.753487,14.846703,15.144333,15.014244,15.032837,14.828064,14.902580,14.883965,14.716171,14.734833,14.865326,14.790794,14.902580,14.846703,14.921196,14.790794,14.753487,14.921196,14.678848,14.809425,14.846703,14.939812,14.865326,14.809425,14.865326,14.697517,14.828064,14.678848,14.809425,14.809425,14.809425,14.846703,14.790794,14.809425,14.883965,14.585457,14.772133,14.772133,14.846703,14.772133,14.809425,14.883965,14.734833,14.865326,14.753487,14.790794,14.883965,14.790794,14.697517,14.828064,14.883965,14.772133,14.939812,14.641502,14.977043,14.790794,14.734833,14.977043,14.883965,14.790794,15.200020,14.883965,14.977043,14.902580,14.790794,14.772133,15.014244,14.939812,14.865326,14.977043,14.958420,15.218575,15.125755,15.088600,14.958420,15.125755,15.051422,14.958420,15.181458,15.107178,15.088600,15.032837,14.828064,15.088600,15.070015,15.070015,15.070015,14.958420,15.014244,14.958420,14.753487,14.958420,14.641502,14.585457,14.809425,14.641502,14.548080,14.454552,14.697517,14.510681,14.622826,14.753487,15.014244,14.977043,15.125755,14.995636,15.181458,15.255684,14.939812,15.181458,15.237137,15.200020,15.292770,15.125755,15.162895,14.921196,14.865326,14.865326,15.014244,14.641502,14.697517,15.014244,14.846703,14.846703,14.716171,14.697517,14.790794,14.790794,14.716171,14.939812,14.939812,14.883965,15.088600,14.958420,15.014244,14.902580,14.939812,14.865326,15.014244,14.883965,14.790794,14.734833,14.883965,14.734833,14.753487,14.865326,14.883965,14.939812,14.790794,14.809425,14.734833,14.772133,14.716171,15.032837,14.995636,14.828064,14.977043,14.566772,14.809425,14.828064,14.697517,14.697517,14.939812,14.772133,14.828064,14.772133,14.678848,14.753487,14.790794,14.902580,14.660179,15.014244,14.753487,14.865326,14.772133,14.865326,14.809425,14.753487,14.921196,14.865326,14.548080,14.772133,14.697517,14.828064,14.753487,14.883965,14.790794,14.958420,15.107178,14.958420,14.865326,14.772133,14.939812,14.697517,14.828064,14.883965,14.734833,14.958420,14.697517,15.070015,14.846703,14.883965,14.883965,14.678848,14.604141,14.921196,14.995636,14.865326,14.697517,14.865326,14.902580,15.014244,14.734833,15.088600,14.809425,14.809425,14.939812,14.977043,14.939812,15.014244,15.125755,14.902580,14.977043,14.939812,14.977043,15.162895,14.939812,14.958420,14.958420,14.939812,14.977043,14.883965,15.255684,15.200020,15.014244,
15.533455,15.607391,15.311302,15.385422,15.385422,15.403938,15.477974,15.459480,15.514977,15.348373,15.162895,15.292770,15.088600,15.237137,15.218575,15.107178,15.255684,15.366905,15.588913,15.551949,15.865646,16.068031,16.562805,16.891090,17.181839,17.724342,18.173759,18.352852,18.709869,19.171692,19.366287,19.754082,19.683716,19.929733,19.912178,20.297348,20.174995,20.244934,20.436943,20.332268,20.402061,20.244934,20.209976,20.367180,20.402061,20.087494,20.262413,20.174995,20.140007,20.052460,20.192490,20.087494,20.297348,20.227455,20.192490,20.279877,20.436943,20.698021,20.402061,20.314804,20.732758,20.558884,20.454369,20.698021,20.715385,20.940895,20.906242,20.819542,20.906242,20.767487,20.663254,20.871582,20.836899,20.680634,21.027458,21.010155,20.767487,20.732758,20.854233,20.958221,21.096642,21.131203,20.940895,21.010155,20.992851,20.940895,21.113914,21.079346,21.148476,21.217552,21.131203,21.079346,21.165756,21.286568,21.407181,21.389961,21.510414,21.389961,21.493217,21.527603,21.441612,21.407181,21.441612,21.372734,21.510414,21.441612,21.561981,21.321045,21.424393,21.252068,21.355507,21.372734,21.424393,21.441612,21.269310,21.510414,21.269310,21.476021,21.510414,21.355507,21.372734,21.527603,21.338272,21.630684,21.510414,21.630684,21.527603,21.458817,21.355507,21.389961,21.493217,21.647850,21.613518,21.665016,21.630684,21.836411,22.075729,21.853539,21.853539,22.024513,22.058662,22.126915,21.904861,22.024513,22.161018,22.178062,22.109856,22.212143,22.297272,22.314293,22.229179,22.246208,22.058662,22.058662,22.024513,21.973259,22.092789,22.024513,22.178062,22.126915,21.939064,22.092789,22.161018,22.092789,22.075729,22.075729,22.280251,22.195107,22.178062,22.109856,22.212143,22.433289,22.246208,22.280251,22.399300,22.467247,22.399300,22.382309,22.467247,22.450264,22.348305,22.586006,22.552086,22.721489,22.416298,22.450264,22.161018,22.195107,22.178062,22.314293,22.314293,22.263237,22.229179,22.212143,22.331291,22.365303,22.348305,22.348305,22.161018,22.450264,22.416298,22.212143,22.518166,22.331291,22.212143,22.365303,22.246208,22.467247,22.382309,22.467247,22.297272,22.314293,22.297272,22.382309,22.382309,22.399300,22.314293,22.433289,22.552086,22.416298,22.229179,22.433289,22.382309,22.365303,22.331291,22.331291,22.229179,22.280251,22.348305,22.195107,22.331291,22.246208,22.229179,22.229179,22.297272,22.161018,22.161018,22.041588,22.229179,22.143959,22.229179,21.870644,22.195107,21.939064,22.212143,21.973259,22.075729,21.870644,22.041588,21.973259,22.024513,22.212143,22.143959,21.939064,22.041588,21.973259,21.990349,22.024513,21.921967,21.819290,21.904861,21.853539,21.716469,21.630684,21.699318,21.596336,21.630684,21.699318,21.183029,21.183029,21.321045,21.407181,21.338272,21.321045,21.148476,21.165756,21.131203,21.148476,21.096642,21.079346,20.975533,21.096642,21.165756,21.027458,21.148476,21.113914,20.871582,20.871582,20.854233,20.698021,20.836899,20.940895,20.819542,20.836899,20.906242,20.871582,20.698021,20.680634,20.698021,20.558884,20.454369,20.576286,20.524055,20.297348,20.122513,20.174995,19.999893,19.929733,19.824394,19.806816,19.824394,19.824394,19.683716,19.736496,19.736496,19.701309,19.666115,19.648506,19.666115,19.683716,19.489883,19.472237,19.613289,19.542793,19.666115,19.525154,19.507530,19.701309,19.454590,19.436943,19.401619,19.277893,19.242508,19.260208,19.313263,19.118538,19.224815,18.923340,18.763298,18.602928,18.317062,18.227524,17.724342,17.652206,17.272507,17.054764,16.599342,16.288277,15.976097,15.699715,15.607391,15.311302,15.051422,14.995636,15.088600,15.107178,14.828064,15.014244,14.883965,15.032837,14.995636,15.014244,15.107178,15.051422,15.200020,15.255684,15.162895,15.162895,15.311302,15.144333,14.958420,15.032837,15.107178,14.921196,14.790794,15.125755,15.144333,15.107178,14.828064,15.088600,15.051422,15.014244,15.181458,14.958420,15.014244,15.144333,15.144333,14.921196,15.032837,14.902580,15.032837,14.939812,14.958420,14.995636,15.125755,14.921196,14.977043,14.939812,15.014244,14.958420,14.828064,14.809425,14.902580,14.641502,14.865326,14.995636,14.809425,14.772133,14.883965,14.958420,14.958420,14.883965,14.939812,14.753487,14.716171,14.772133,14.772133,14.958420,14.921196,14.716171,15.070015,14.809425,14.865326,14.678848,14.828064,14.828064,14.846703,14.678848,14.660179,14.828064,14.753487,14.716171,14.641502,14.716171,14.939812,14.846703,14.772133,14.734833,14.734833,14.883965,14.883965,14.548080,14.641502,14.772133,14.772133,14.939812,14.566772,14.902580,14.716171,15.088600,14.772133,14.846703,14.846703,14.939812,14.977043,14.809425,14.865326,14.995636,14.716171,14.846703,14.902580,14.753487,14.921196,14.939812,14.865326,14.846703,14.902580,14.734833,14.958420,14.846703,14.865326,14.828064,14.809425,15.162895,14.790794,15.032837,15.032837,14.958420,14.883965,15.032837,14.883965,15.144333,14.995636,14.958420,15.070015,15.051422,15.181458,15.070015,15.088600,14.977043,14.921196,15.032837,15.032837,14.902580,14.660179,14.734833,14.809425,14.529381,14.548080,14.604141,14.604141,14.566772,14.491982,14.772133,14.454552,14.604141,14.809425,14.902580,15.162895,15.070015,15.274223,15.292770,15.200020,15.144333,15.032837,15.348373,15.200020,15.403938,15.051422,15.032837,15.144333,15.329842,14.828064,14.883965,14.846703,14.790794,14.697517,14.678848,14.622826,14.660179,14.790794,14.772133,14.921196,14.921196,14.921196,15.051422,15.051422,14.865326,14.977043,14.790794,14.958420,14.753487,14.921196,14.958420,14.790794,14.902580,14.772133,14.846703,14.809425,14.809425,14.678848,14.809425,14.809425,14.995636,14.734833,14.753487,14.716171,14.846703,14.772133,14.790794,14.734833,14.846703,14.939812,14.790794,14.734833,14.716171,14.828064,14.846703,14.716171,14.753487,14.716171,14.660179,14.809425,14.883965,14.828064,14.865326,14.790794,14.697517,14.883965,14.734833,14.883965,14.790794,14.753487,14.883965,14.939812,14.622826,14.697517,14.790794,14.828064,14.622826,14.753487,14.697517,15.014244,14.790794,14.753487,14.902580,14.753487,14.790794,14.902580,14.865326,14.772133,14.716171,14.678848,14.809425,14.660179,14.809425,14.772133,14.939812,14.622826,14.958420,14.772133,14.995636,14.902580,14.678848,14.883965,14.939812,15.014244,14.716171,14.883965,14.622826,14.828064,14.902580,14.865326,14.865326,15.051422,14.977043,14.883965,14.995636,14.977043,14.995636,14.828064,14.921196,14.865326,14.958420,14.939812,15.218575,14.921196,14.921196,14.977043,15.237137,
15.570435,15.348373,15.218575,15.311302,15.255684,15.459480,15.274223,15.459480,15.311302,15.366905,15.125755,15.477974,15.274223,15.255684,15.088600,15.255684,15.255684,15.385422,15.496475,15.828796,15.884071,16.104774,16.398201,16.891090,17.381157,17.634163,18.191681,18.442253,18.781090,19.083084,19.277893,19.436943,19.894638,20.122513,20.174995,20.332268,20.069977,20.279877,20.384621,20.402061,20.192490,20.297348,20.157509,20.209976,20.140007,20.262413,20.069977,20.314804,20.279877,20.209976,20.209976,20.052460,20.279877,20.140007,20.279877,20.454369,20.332268,20.628487,20.419502,20.732758,20.698021,20.628487,20.576286,20.750122,20.698021,20.698021,20.940895,20.645866,20.906242,20.854233,20.854233,20.906242,20.715385,20.975533,21.079346,20.992851,20.888908,20.975533,20.906242,21.079346,21.113914,21.096642,21.165756,21.010155,21.079346,21.062057,21.165756,21.131203,21.062057,21.062057,21.165756,21.165756,21.217552,21.321045,21.321045,21.424393,21.476021,21.458817,21.321045,21.476021,21.493217,21.476021,21.441612,21.458817,21.510414,21.372734,21.510414,21.355507,21.252068,21.527603,21.476021,21.321045,21.510414,21.476021,21.355507,21.424393,21.441612,21.579163,21.561981,21.407181,21.510414,21.303802,21.493217,21.441612,21.544792,21.647850,21.476021,21.441612,21.441612,21.665016,21.527603,21.476021,21.716469,21.699318,21.493217,21.802162,21.750755,21.767891,21.921967,22.297272,22.212143,22.075729,22.007431,22.178062,22.314293,22.365303,22.212143,22.075729,22.143959,22.178062,22.229179,22.161018,22.280251,22.161018,22.178062,22.195107,22.314293,22.126915,22.126915,22.297272,21.956161,22.109856,22.058662,22.178062,22.007431,22.143959,22.041588,22.416298,22.280251,22.263237,22.348305,22.314293,22.450264,22.331291,22.348305,22.365303,22.416298,22.433289,22.365303,22.501198,22.552086,22.653778,22.416298,22.433289,22.467247,22.365303,22.297272,22.178062,22.314293,22.297272,22.280251,22.331291,22.416298,22.126915,22.314293,22.263237,22.314293,22.314293,22.365303,22.416298,22.365303,22.416298,22.484222,22.433289,22.416298,22.348305,22.365303,22.467247,22.331291,22.416298,22.518166,22.501198,22.416298,22.416298,22.450264,22.535133,22.619896,22.535133,22.450264,22.518166,22.636833,22.518166,22.501198,22.467247,22.348305,22.314293,22.450264,22.382309,22.467247,22.331291,22.280251,22.331291,22.229179,22.246208,22.161018,22.161018,22.126915,22.297272,22.178062,22.297272,22.263237,22.178062,22.109856,22.280251,22.109856,22.161018,22.382309,22.280251,22.092789,22.092789,22.109856,22.126915,22.041588,22.092789,22.229179,22.092789,22.178062,21.990349,22.109856,22.178062,21.853539,21.973259,21.939064,21.682167,21.596336,21.544792,21.596336,21.630684,21.458817,21.527603,21.510414,21.269310,21.165756,21.458817,21.338272,21.338272,21.062057,21.044754,21.113914,21.079346,21.079346,20.958221,20.975533,20.819542,21.079346,20.871582,20.802200,20.958221,20.836899,20.836899,20.854233,20.767487,20.888908,20.854233,20.750122,20.888908,20.836899,20.923576,20.611084,20.680634,20.506645,20.628487,20.367180,20.367180,20.297348,20.157509,19.964821,20.140007,19.683716,19.841957,19.683716,19.683716,19.754082,19.683716,19.578049,19.472237,19.648506,19.525154,19.613289,19.683716,19.489883,19.613289,19.525154,19.560417,19.330948,19.472237,19.648506,19.419281,19.436943,19.366287,19.366287,19.260208,19.207108,19.260208,19.260208,19.118538,19.100807,19.029869,18.709869,18.567253,18.263351,18.066116,17.742363,17.616119,17.254379,16.945679,16.581078,16.269951,15.847229,15.810371,15.403938,15.274223,15.348373,15.255684,14.995636,14.921196,14.883965,15.144333,14.846703,14.902580,15.014244,15.014244,15.051422,15.088600,15.255684,15.274223,15.162895,15.144333,15.070015,15.032837,15.181458,15.144333,14.977043,15.070015,15.051422,14.883965,14.958420,14.902580,15.125755,15.107178,15.014244,15.070015,15.051422,14.958420,14.977043,15.014244,15.088600,15.107178,14.995636,14.902580,14.939812,15.125755,14.939812,14.921196,15.051422,14.846703,15.051422,15.014244,15.088600,15.107178,14.846703,14.865326,14.939812,14.939812,14.790794,14.883965,14.902580,14.995636,15.070015,14.809425,14.753487,14.939812,14.809425,14.716171,14.809425,14.883965,14.846703,15.088600,14.939812,14.772133,14.697517,14.809425,14.995636,14.846703,14.809425,14.790794,14.678848,14.995636,14.828064,14.902580,14.883965,14.921196,14.828064,14.753487,14.678848,14.753487,14.939812,14.678848,14.753487,14.939812,14.510681,14.734833,14.772133,14.772133,14.865326,14.865326,14.846703,14.865326,14.790794,14.902580,14.902580,14.865326,14.902580,14.995636,14.846703,14.809425,14.883965,14.716171,14.865326,14.939812,14.828064,14.772133,14.995636,14.902580,14.716171,14.828064,14.809425,14.772133,14.865326,14.958420,14.772133,14.921196,15.088600,14.828064,14.977043,15.014244,14.753487,14.958420,15.200020,15.051422,14.921196,14.921196,15.051422,15.032837,15.051422,14.995636,14.977043,14.902580,15.107178,15.107178,15.014244,14.995636,15.014244,14.977043,14.753487,14.678848,14.678848,14.660179,14.697517,14.716171,14.622826,14.510681,14.566772,14.790794,14.678848,14.753487,14.902580,14.883965,14.921196,15.070015,15.125755,15.125755,15.144333,15.107178,15.144333,15.088600,15.107178,15.088600,15.088600,15.125755,14.977043,14.921196,15.070015,14.716171,14.921196,14.921196,14.734833,14.846703,14.790794,14.865326,14.809425,14.772133,14.604141,15.032837,14.846703,14.977043,14.809425,15.014244,14.790794,14.883965,14.753487,14.977043,14.828064,14.734833,14.846703,14.846703,14.902580,14.641502,15.070015,14.790794,14.995636,14.828064,14.678848,14.734833,14.772133,14.772133,14.753487,14.977043,14.790794,14.809425,14.697517,14.734833,14.772133,14.790794,14.660179,14.902580,14.828064,14.902580,14.716171,14.883965,14.865326,14.883965,14.753487,14.977043,14.716171,14.790794,14.790794,14.883965,14.622826,14.883965,14.809425,14.939812,14.734833,14.902580,14.734833,14.734833,14.697517,14.753487,14.846703,14.809425,14.753487,14.622826,14.809425,14.716171,14.734833,14.921196,14.790794,14.995636,14.902580,14.883965,14.846703,14.622826,14.753487,14.772133,14.809425,14.846703,14.772133,14.641502,14.865326,14.902580,14.809425,14.995636,14.790794,14.902580,15.051422,14.641502,14.772133,14.902580,14.977043,15.107178,14.921196,15.070015,14.995636,15.162895,14.977043,15.032837,15.070015,14.995636,15.051422,14.958420,14.958420,14.921196,14.828064,14.939812,15.144333,15.162895,14.883965,14.921196,15.088600,15.366905,
15.588913,15.292770,15.255684,15.329842,15.292770,15.385422,15.366905,15.514977,15.237137,15.218575,15.218575,15.107178,15.125755,14.902580,15.070015,15.274223,15.292770,15.255684,15.644325,15.755058,15.681252,16.141510,16.617607,16.708862,17.290627,17.868416,17.994278,18.370735,18.941109,19.065346,19.348618,19.542793,19.701309,19.666115,20.227455,20.105003,20.174995,20.140007,20.279877,20.262413,20.506645,20.367180,20.279877,20.402061,20.262413,20.367180,20.349724,20.314804,20.297348,20.279877,20.332268,20.314804,20.332268,20.192490,20.192490,20.593697,20.436943,20.541473,20.471802,20.732758,20.576286,20.645866,20.611084,20.802200,20.819542,20.715385,20.732758,20.871582,20.767487,20.923576,20.888908,20.802200,20.958221,20.958221,20.906242,21.062057,21.165756,20.923576,21.252068,21.217552,21.096642,21.165756,21.010155,21.234810,21.407181,21.096642,21.252068,21.321045,21.424393,21.200287,21.424393,21.389961,21.372734,21.269310,21.321045,21.458817,21.561981,21.561981,21.321045,21.579163,21.579163,21.767891,21.544792,21.476021,21.527603,21.458817,21.544792,21.493217,21.733620,21.579163,21.544792,21.527603,21.493217,21.647850,21.476021,21.544792,21.596336,21.733620,21.424393,21.767891,21.441612,21.407181,21.630684,21.493217,21.561981,21.579163,21.441612,21.750755,21.424393,21.561981,21.561981,21.561981,21.613518,21.733620,21.904861,21.853539,21.733620,22.007431,21.836411,21.904861,22.195107,22.041588,22.041588,22.382309,22.143959,22.075729,22.229179,22.058662,21.973259,22.195107,22.212143,22.092789,22.195107,22.297272,22.246208,22.263237,22.280251,21.990349,22.024513,22.143959,22.280251,22.297272,22.297272,22.229179,22.075729,22.195107,22.126915,22.212143,22.297272,22.399300,22.109856,22.195107,22.297272,22.365303,22.161018,22.602951,22.314293,22.552086,22.348305,22.382309,22.280251,22.331291,22.501198,22.348305,22.348305,22.365303,22.195107,22.348305,22.195107,22.195107,22.143959,22.263237,22.212143,22.229179,22.297272,22.178062,22.399300,22.331291,22.416298,22.416298,22.365303,22.382309,22.280251,22.535133,22.280251,22.348305,22.365303,22.399300,22.602951,22.433289,22.467247,22.586006,22.501198,22.416298,22.331291,22.636833,22.280251,22.484222,22.467247,22.348305,22.535133,22.416298,22.484222,22.552086,22.399300,22.280251,22.246208,22.280251,22.467247,22.416298,22.348305,22.450264,22.382309,22.399300,22.246208,22.297272,22.246208,22.280251,22.229179,22.263237,22.195107,22.280251,22.058662,22.126915,22.229179,22.246208,22.229179,22.143959,22.143959,22.109856,22.212143,22.126915,22.126915,22.075729,22.075729,22.109856,22.178062,22.143959,22.075729,22.126915,22.092789,21.853539,21.973259,21.853539,21.750755,21.630684,21.527603,21.613518,21.544792,21.458817,21.389961,21.372734,21.165756,21.286568,21.269310,21.476021,21.183029,21.355507,20.992851,21.010155,21.113914,21.027458,21.165756,20.940895,20.958221,21.079346,20.940895,20.767487,20.854233,20.767487,20.871582,20.992851,20.819542,20.940895,20.888908,21.062057,20.802200,20.819542,20.715385,20.802200,20.715385,20.506645,20.593697,20.611084,20.367180,20.367180,20.279877,19.982353,19.999893,19.947273,19.789246,19.718910,19.613289,19.736496,19.683716,19.718910,19.595665,19.771667,19.560417,19.666115,19.683716,19.630898,19.489883,19.666115,19.472237,19.666115,19.436943,19.489883,19.383957,19.436943,19.542793,19.454590,19.366287,19.330948,19.472237,19.366287,19.366287,18.905579,18.745483,18.727684,18.299164,18.119965,17.850410,17.561958,17.145554,16.872887,16.745338,16.196571,16.031273,15.644325,15.496475,15.144333,15.162895,15.051422,15.014244,14.828064,14.809425,14.828064,14.977043,14.977043,15.014244,14.958420,15.348373,15.237137,15.162895,15.348373,14.977043,15.125755,15.162895,14.977043,15.107178,15.107178,15.218575,15.255684,14.921196,15.274223,14.939812,15.125755,15.144333,15.032837,14.995636,15.014244,14.939812,15.144333,15.088600,15.088600,15.051422,15.162895,14.809425,14.939812,15.144333,14.939812,14.883965,15.070015,15.014244,15.162895,15.070015,14.977043,14.902580,14.939812,14.977043,15.051422,14.883965,15.070015,14.865326,14.883965,14.902580,14.660179,14.902580,14.921196,14.865326,14.939812,14.977043,14.790794,14.790794,14.939812,14.846703,14.902580,14.753487,14.716171,14.697517,14.995636,14.883965,14.697517,14.716171,14.939812,14.641502,14.753487,14.716171,14.865326,14.790794,14.660179,14.734833,14.678848,14.753487,14.790794,14.790794,14.772133,14.790794,14.548080,14.660179,14.716171,14.641502,14.883965,14.641502,14.753487,14.883965,14.790794,14.753487,14.828064,14.828064,14.939812,14.753487,14.939812,14.753487,14.790794,14.753487,14.995636,14.846703,14.753487,15.014244,14.865326,14.846703,14.977043,14.734833,14.790794,14.921196,14.977043,14.790794,14.790794,14.753487,14.958420,14.977043,14.939812,14.977043,15.274223,14.902580,14.902580,14.939812,14.995636,15.032837,15.051422,14.958420,15.274223,15.274223,14.865326,15.014244,15.125755,15.032837,15.014244,15.032837,15.032837,14.921196,14.995636,14.939812,15.088600,14.641502,14.753487,14.790794,14.697517,14.846703,14.678848,14.641502,14.697517,14.548080,14.660179,14.865326,14.902580,15.032837,15.311302,15.051422,15.125755,15.274223,15.162895,15.162895,15.218575,15.181458,15.125755,15.162895,14.995636,15.107178,15.107178,14.604141,14.921196,14.828064,14.604141,14.716171,14.790794,14.790794,14.995636,14.790794,14.809425,14.921196,14.734833,15.144333,14.678848,15.070015,15.051422,14.902580,14.958420,14.883965,14.958420,14.772133,14.865326,14.977043,14.809425,14.604141,14.883965,14.902580,14.790794,14.902580,14.753487,14.772133,14.883965,14.902580,14.753487,14.716171,14.828064,14.660179,15.032837,14.753487,14.734833,14.772133,14.865326,14.716171,14.734833,14.753487,14.734833,14.641502,14.510681,14.883965,14.977043,14.939812,14.697517,14.697517,14.454552,14.846703,14.678848,14.641502,14.716171,14.585457,14.697517,14.716171,14.846703,14.846703,14.660179,14.790794,14.753487,14.921196,14.566772,14.678848,14.678848,14.828064,14.734833,14.883965,14.660179,14.772133,14.939812,14.753487,14.678848,14.809425,14.865326,15.070015,14.716171,14.846703,14.846703,14.921196,14.809425,14.865326,15.014244,14.902580,14.902580,14.697517,14.958420,14.846703,14.921196,14.921196,14.865326,14.958420,14.902580,14.977043,14.921196,14.809425,14.883965,14.865326,15.014244,14.865326,15.088600,15.051422,15.032837,14.921196,14.921196,15.032837,14.977043,14.883965,15.014244,14.846703,15.032837,14.977043,15.125755,
15.496475,15.200020,15.237137,15.551949,15.348373,15.237137,15.403938,15.162895,15.200020,15.496475,14.939812,15.200020,15.070015,15.107178,14.902580,15.125755,14.995636,15.255684,15.514977,15.533455,15.625862,16.086403,16.526253,16.708862,17.290627,17.706314,18.012245,18.334953,18.727684,19.012123,19.366287,19.525154,19.824394,19.806816,20.174995,20.052460,20.157509,20.314804,20.314804,20.297348,20.209976,20.262413,20.227455,20.367180,20.244934,20.192490,20.436943,20.419502,20.332268,20.279877,20.297348,20.489220,20.419502,20.209976,20.402061,20.349724,20.471802,20.558884,20.593697,20.628487,20.940895,21.044754,21.096642,20.802200,20.819542,20.923576,20.750122,20.906242,20.940895,20.802200,20.819542,21.027458,20.992851,20.767487,20.940895,21.096642,21.113914,21.217552,21.217552,21.200287,21.217552,21.200287,21.321045,21.389961,21.561981,21.424393,21.303802,21.286568,21.286568,21.338272,21.062057,21.303802,21.476021,21.424393,21.493217,21.510414,21.493217,21.510414,21.579163,21.750755,21.596336,21.613518,21.630684,21.372734,21.579163,21.750755,21.493217,21.596336,21.630684,21.476021,21.630684,21.596336,21.682167,21.699318,21.527603,21.665016,21.544792,21.716469,21.733620,21.579163,21.699318,21.579163,21.785027,21.647850,21.665016,21.630684,21.630684,21.510414,21.579163,21.613518,21.750755,21.493217,21.785027,21.767891,21.802162,21.853539,21.990349,22.007431,22.161018,22.109856,22.126915,22.280251,22.143959,22.331291,22.280251,22.314293,22.143959,22.195107,22.314293,22.229179,22.314293,22.246208,22.161018,22.229179,22.143959,22.178062,22.195107,22.331291,22.161018,22.126915,22.212143,22.280251,22.075729,22.143959,22.161018,22.143959,22.195107,22.178062,22.041588,22.229179,22.297272,22.280251,22.467247,22.331291,22.399300,22.297272,22.365303,22.348305,22.331291,22.297272,22.331291,22.382309,22.331291,22.433289,22.126915,22.416298,22.212143,22.348305,22.161018,22.178062,22.195107,22.467247,22.433289,22.280251,22.246208,22.246208,22.331291,22.263237,22.263237,22.280251,22.280251,22.467247,22.297272,22.280251,22.314293,22.433289,22.246208,22.348305,22.518166,22.484222,22.365303,22.484222,22.365303,22.382309,22.433289,22.314293,22.569054,22.467247,22.450264,22.535133,22.331291,22.246208,22.518166,22.365303,22.178062,22.450264,22.212143,22.331291,22.467247,22.382309,22.348305,22.126915,22.246208,22.399300,22.297272,22.178062,22.314293,22.297272,22.348305,22.126915,22.092789,22.024513,22.212143,22.178062,22.314293,22.161018,22.178062,22.041588,22.126915,22.058662,22.041588,22.212143,22.297272,22.229179,22.178062,22.195107,21.990349,22.246208,22.058662,22.161018,22.007431,21.921967,21.973259,21.802162,21.750755,21.699318,21.665016,21.630684,21.303802,21.355507,21.510414,21.269310,21.303802,21.286568,21.269310,21.389961,21.148476,21.269310,21.217552,21.269310,21.148476,20.992851,21.148476,20.923576,20.958221,20.819542,20.802200,20.750122,20.888908,20.992851,21.044754,21.079346,20.958221,20.958221,20.906242,21.044754,20.871582,20.888908,20.663254,20.715385,20.698021,20.524055,20.541473,20.454369,20.227455,20.244934,20.105003,19.912178,19.824394,19.824394,19.683716,19.613289,19.560417,19.489883,19.542793,19.595665,19.613289,19.595665,19.560417,19.507530,19.560417,19.701309,19.489883,19.542793,19.472237,19.578049,19.454590,19.525154,19.295586,19.295586,19.383957,19.419281,19.348618,19.472237,19.189407,19.260208,19.118538,18.941109,18.852249,18.442253,18.495850,18.048164,17.922386,17.543900,17.290627,16.872887,16.599342,16.251610,15.662788,15.718163,15.274223,15.125755,15.032837,15.051422,14.734833,14.977043,14.977043,14.977043,14.921196,14.790794,14.995636,14.902580,14.977043,15.088600,15.014244,15.125755,15.218575,15.014244,15.162895,15.032837,14.939812,14.809425,15.218575,15.088600,15.144333,15.200020,15.107178,15.051422,15.088600,15.070015,14.883965,15.014244,14.939812,15.070015,15.014244,15.200020,14.790794,14.939812,14.939812,14.995636,14.958420,14.977043,14.995636,14.846703,14.865326,14.939812,15.070015,14.921196,14.921196,15.014244,14.846703,14.939812,14.995636,14.939812,14.958420,14.995636,14.995636,14.828064,14.734833,14.939812,14.809425,14.828064,14.828064,14.678848,14.828064,14.921196,14.846703,14.809425,14.678848,14.865326,14.921196,14.977043,14.865326,14.809425,14.865326,14.846703,14.809425,14.809425,14.716171,14.753487,14.529381,14.678848,14.641502,14.753487,14.566772,14.772133,14.716171,14.716171,14.865326,14.790794,14.660179,14.772133,14.697517,14.902580,14.846703,14.716171,14.828064,14.939812,14.846703,14.697517,14.809425,14.865326,14.790794,14.790794,14.995636,14.772133,14.828064,15.070015,14.772133,14.809425,14.939812,14.902580,14.828064,14.883965,14.958420,14.846703,14.809425,14.902580,15.032837,14.939812,14.865326,15.051422,15.014244,14.977043,15.032837,15.032837,15.070015,14.995636,15.088600,14.977043,15.070015,15.051422,15.107178,15.181458,15.051422,14.977043,15.070015,14.865326,15.014244,14.958420,14.958420,14.958420,14.846703,14.753487,15.032837,14.883965,14.790794,14.697517,14.641502,14.641502,14.772133,14.566772,14.660179,14.753487,14.753487,14.883965,14.921196,15.051422,14.828064,15.088600,15.237137,15.292770,15.348373,15.181458,15.311302,15.200020,15.181458,15.274223,15.181458,14.995636,15.107178,14.902580,14.846703,14.753487,14.809425,14.883965,14.604141,14.902580,14.883965,14.697517,14.995636,14.660179,14.716171,14.883965,14.809425,14.995636,15.070015,14.697517,14.772133,14.921196,15.070015,14.865326,14.809425,14.902580,14.921196,14.902580,14.846703,14.678848,14.939812,14.921196,14.902580,14.828064,14.790794,14.790794,14.809425,14.902580,14.753487,14.790794,14.846703,14.566772,14.772133,14.734833,14.790794,14.790794,14.790794,14.753487,14.753487,14.734833,14.716171,14.883965,14.902580,14.697517,14.828064,14.585457,14.697517,14.790794,14.716171,14.828064,14.734833,14.846703,14.716171,14.809425,14.697517,14.716171,14.660179,14.641502,14.734833,14.753487,14.939812,14.753487,14.697517,14.790794,14.753487,14.902580,14.995636,14.772133,14.716171,14.809425,14.716171,15.014244,14.902580,14.846703,14.977043,14.641502,14.772133,14.828064,14.678848,14.734833,14.716171,14.660179,14.995636,14.734833,14.734833,14.921196,14.865326,14.660179,14.716171,14.958420,14.865326,14.828064,14.660179,14.995636,14.921196,14.902580,14.902580,14.883965,14.995636,14.846703,15.014244,15.144333,14.809425,14.790794,14.865326,15.014244,14.865326,15.014244,14.995636,14.977043,15.014244,15.218575,
15.459480,15.144333,15.237137,15.274223,15.218575,15.218575,15.218575,15.459480,15.181458,15.162895,15.218575,15.218575,15.218575,15.403938,15.144333,15.311302,15.329842,15.292770,15.533455,15.551949,15.440964,16.416496,16.434807,16.781799,17.236252,17.904396,17.958336,18.406502,18.781090,18.870033,19.383957,19.595665,19.718910,20.069977,19.912178,20.227455,20.087494,20.402061,20.192490,20.367180,20.174995,20.506645,20.192490,20.279877,20.297348,20.227455,20.367180,20.454369,20.436943,20.227455,20.209976,20.314804,20.384621,20.279877,20.367180,20.628487,20.419502,20.611084,20.802200,20.489220,20.836899,20.923576,20.906242,20.715385,20.958221,20.906242,20.958221,20.802200,20.888908,20.975533,20.819542,20.940895,21.044754,21.148476,21.079346,21.165756,20.888908,21.234810,21.286568,21.183029,21.165756,21.389961,21.389961,21.407181,21.234810,21.321045,21.321045,21.458817,21.510414,21.561981,21.458817,21.613518,21.510414,21.596336,21.527603,21.441612,21.407181,21.665016,21.699318,21.579163,21.579163,21.682167,21.699318,21.476021,21.613518,21.630684,21.716469,21.561981,21.561981,21.682167,21.510414,21.596336,21.682167,21.665016,21.493217,21.665016,21.733620,21.596336,21.716469,21.785027,21.647850,21.682167,21.665016,21.682167,21.665016,21.561981,21.579163,21.665016,21.750755,21.785027,21.733620,21.785027,21.596336,21.802162,21.819290,21.870644,21.956161,22.195107,21.921967,22.075729,21.956161,22.178062,22.331291,22.212143,22.161018,22.229179,22.161018,22.365303,22.024513,22.416298,22.229179,22.280251,22.161018,22.212143,22.263237,22.229179,22.297272,22.161018,22.195107,22.280251,22.246208,22.058662,22.143959,22.314293,22.229179,22.161018,22.263237,22.246208,22.195107,22.263237,22.263237,22.331291,22.178062,22.416298,22.416298,22.484222,22.280251,22.331291,22.331291,22.229179,22.263237,22.433289,22.399300,22.263237,22.126915,22.246208,22.109856,22.109856,22.229179,22.178062,22.348305,22.195107,22.178062,22.212143,22.212143,22.365303,22.229179,22.314293,22.433289,22.297272,22.399300,22.365303,22.178062,22.297272,22.195107,22.314293,22.229179,22.348305,22.212143,22.280251,22.246208,22.450264,22.246208,22.314293,22.280251,22.365303,22.348305,22.416298,22.263237,22.433289,22.399300,22.297272,22.263237,22.399300,22.314293,22.246208,22.314293,22.263237,22.143959,22.143959,22.143959,22.178062,22.280251,22.126915,22.212143,22.195107,22.161018,22.229179,22.024513,22.126915,22.178062,22.263237,22.092789,22.058662,21.990349,21.973259,22.075729,22.092789,22.007431,22.092789,22.075729,22.109856,21.956161,22.041588,22.126915,22.229179,22.041588,22.058662,21.990349,22.092789,21.956161,21.819290,21.767891,21.819290,21.733620,21.802162,21.561981,21.682167,21.493217,21.527603,21.234810,21.269310,21.269310,21.234810,21.441612,21.269310,21.113914,21.321045,21.200287,21.079346,21.269310,21.165756,21.183029,21.062057,21.027458,20.992851,20.958221,20.836899,20.906242,20.958221,20.836899,20.836899,21.096642,20.888908,21.010155,20.906242,20.854233,20.888908,20.819542,20.750122,20.732758,20.802200,20.611084,20.471802,20.419502,20.262413,20.122513,20.157509,19.824394,19.718910,19.824394,19.806816,19.560417,19.578049,19.648506,19.666115,19.648506,19.613289,19.648506,19.666115,19.507530,19.666115,19.718910,19.578049,19.419281,19.560417,19.507530,19.454590,19.366287,19.383957,19.330948,19.436943,19.401619,19.207108,19.330948,19.189407,19.224815,18.994377,18.709869,18.656418,18.370735,18.209602,17.994278,17.598068,17.218117,16.982056,16.745338,16.214928,15.791931,15.607391,15.292770,15.274223,15.162895,14.921196,14.977043,15.032837,14.641502,14.939812,14.902580,14.883965,14.995636,15.125755,15.200020,15.218575,15.218575,14.921196,15.125755,15.162895,15.070015,15.218575,15.088600,15.218575,15.107178,14.939812,15.051422,15.125755,14.958420,15.255684,14.939812,14.977043,14.958420,14.902580,15.162895,15.014244,15.014244,14.977043,15.070015,15.014244,15.162895,15.032837,15.144333,14.939812,15.200020,15.014244,14.753487,14.995636,14.883965,14.958420,15.014244,14.995636,15.107178,14.958420,14.828064,14.939812,15.051422,14.846703,14.921196,14.660179,14.772133,14.902580,14.846703,14.846703,14.790794,14.809425,14.828064,14.958420,14.883965,14.753487,14.697517,14.902580,14.902580,14.883965,14.846703,14.846703,14.958420,14.883965,14.790794,14.753487,14.902580,14.772133,14.697517,14.772133,14.883965,14.883965,14.604141,14.734833,14.716171,14.846703,14.622826,14.902580,14.604141,14.772133,14.902580,14.716171,14.716171,14.716171,14.772133,14.678848,14.510681,14.902580,14.716171,14.846703,14.809425,14.865326,14.641502,14.958420,14.734833,14.641502,14.622826,14.958420,14.921196,14.939812,14.790794,14.753487,14.734833,14.790794,14.939812,14.865326,14.883965,14.939812,14.790794,14.846703,14.921196,15.032837,14.883965,14.977043,14.772133,15.107178,15.032837,14.995636,14.828064,15.014244,15.051422,15.032837,15.162895,14.753487,14.958420,15.014244,14.939812,14.958420,15.051422,14.902580,14.883965,14.921196,14.977043,14.790794,14.641502,14.734833,14.510681,14.510681,14.529381,14.622826,14.660179,14.566772,14.604141,14.772133,14.828064,14.809425,14.995636,14.958420,15.144333,15.088600,15.218575,15.200020,15.162895,15.070015,15.181458,15.237137,15.237137,14.995636,15.144333,14.865326,14.809425,14.772133,14.828064,14.846703,14.548080,14.660179,14.660179,14.790794,14.716171,14.902580,14.790794,14.977043,14.921196,14.734833,14.883965,14.995636,14.828064,14.846703,14.883965,14.865326,14.846703,14.734833,14.921196,14.790794,14.734833,15.144333,14.921196,14.939812,14.865326,14.977043,14.846703,14.883965,14.697517,14.660179,14.828064,14.790794,14.790794,14.753487,14.753487,14.678848,14.865326,14.716171,14.622826,14.772133,14.604141,14.753487,14.734833,14.828064,14.846703,14.828064,14.697517,14.828064,14.846703,14.772133,14.641502,14.678848,14.809425,14.697517,14.622826,14.828064,14.622826,14.790794,14.697517,14.641502,14.678848,14.921196,14.846703,14.790794,14.641502,14.772133,14.865326,14.734833,14.734833,14.660179,14.809425,14.865326,15.051422,14.548080,14.753487,14.566772,14.846703,14.828064,14.641502,14.678848,14.790794,14.883965,15.070015,14.995636,14.883965,14.790794,14.678848,14.790794,14.716171,14.865326,14.846703,14.958420,14.734833,14.902580,14.753487,14.660179,14.697517,15.107178,14.958420,15.014244,14.883965,14.734833,14.921196,14.977043,14.809425,14.678848,15.088600,15.181458,15.088600,14.753487,14.790794,14.809425,15.107178,15.311302,
15.255684,15.440964,15.218575,15.459480,15.459480,15.274223,15.348373,15.255684,15.274223,15.551949,15.107178,15.329842,15.237137,15.200020,15.237137,15.255684,15.162895,15.496475,15.422462,15.570435,15.662788,16.159874,16.526253,16.781799,17.000237,17.453522,17.940361,18.334953,18.620766,18.763298,19.118538,19.648506,19.964821,19.964821,20.105003,20.034943,20.140007,20.314804,20.436943,20.402061,20.384621,20.314804,20.279877,20.192490,20.297348,20.227455,20.367180,20.367180,20.402061,20.332268,20.192490,20.349724,20.436943,20.349724,20.576286,20.628487,20.593697,20.576286,20.680634,20.923576,20.836899,20.906242,20.854233,21.062057,20.871582,20.698021,21.010155,21.044754,20.992851,21.027458,20.923576,20.992851,20.906242,20.871582,21.079346,21.252068,21.252068,21.131203,21.321045,21.372734,21.372734,21.424393,21.217552,21.355507,21.544792,21.510414,21.544792,21.544792,21.579163,21.596336,21.458817,21.510414,21.699318,21.630684,21.596336,21.579163,21.630684,21.682167,21.733620,21.647850,21.613518,21.785027,21.802162,21.682167,21.579163,21.630684,21.647850,21.716469,21.665016,21.579163,21.699318,21.630684,21.647850,21.716469,21.733620,21.750755,21.750755,21.819290,21.733620,21.887764,21.802162,21.836411,21.819290,21.870644,21.699318,21.716469,21.733620,21.819290,21.887764,21.767891,21.956161,21.853539,21.819290,21.767891,21.990349,22.075729,21.990349,22.109856,22.126915,22.058662,22.075729,22.382309,22.314293,22.195107,22.161018,22.178062,22.143959,22.246208,22.212143,22.280251,22.212143,22.178062,22.195107,22.365303,22.280251,22.246208,22.314293,22.246208,22.212143,22.297272,22.246208,22.416298,22.195107,22.058662,22.280251,22.365303,22.297272,22.109856,22.263237,22.212143,22.297272,22.109856,22.348305,22.297272,22.143959,22.263237,22.331291,22.365303,22.365303,22.314293,22.280251,22.467247,22.212143,22.501198,22.246208,22.365303,22.331291,22.109856,22.178062,22.212143,22.109856,22.263237,22.143959,22.246208,22.178062,22.229179,22.484222,22.178062,22.314293,22.382309,22.399300,22.229179,22.348305,22.263237,22.314293,22.416298,22.126915,22.058662,22.314293,22.126915,22.161018,22.092789,22.161018,22.263237,22.314293,22.246208,22.297272,22.280251,22.280251,22.246208,22.365303,22.195107,22.297272,22.331291,22.143959,22.246208,22.246208,22.246208,22.143959,22.058662,21.973259,22.126915,22.126915,22.161018,22.024513,22.161018,22.092789,22.297272,22.007431,21.939064,22.024513,22.092789,22.109856,22.058662,22.007431,22.007431,21.990349,21.939064,21.887764,22.058662,22.024513,22.075729,22.024513,21.870644,22.058662,22.075729,22.007431,22.041588,21.836411,22.024513,21.853539,21.956161,21.904861,21.853539,21.647850,21.665016,21.561981,21.476021,21.424393,21.269310,21.389961,21.165756,21.200287,21.252068,21.355507,21.269310,21.183029,21.234810,21.200287,21.062057,21.183029,21.131203,20.975533,21.044754,21.044754,21.062057,20.923576,20.958221,20.906242,20.750122,21.027458,21.010155,20.888908,21.062057,20.923576,20.975533,20.888908,20.940895,20.802200,20.680634,20.611084,20.489220,20.593697,20.402061,20.419502,20.209976,20.227455,20.052460,20.017418,19.754082,19.683716,19.560417,19.683716,19.789246,19.789246,19.718910,19.648506,19.648506,19.613289,19.595665,19.489883,19.419281,19.366287,19.401619,19.401619,19.595665,19.313263,19.313263,19.348618,19.242508,19.065346,19.472237,19.277893,19.189407,19.047615,19.224815,18.958870,18.958870,18.763298,18.638596,18.299164,18.155830,17.850410,17.381157,17.181839,16.854668,16.507973,16.196571,15.976097,15.588913,15.125755,15.200020,15.014244,15.032837,14.958420,14.977043,14.958420,14.828064,15.088600,14.809425,15.125755,15.107178,15.051422,15.125755,15.088600,14.995636,15.200020,15.218575,15.255684,15.070015,15.218575,15.125755,15.144333,15.144333,15.070015,15.051422,15.107178,14.977043,14.921196,15.107178,15.144333,14.865326,15.181458,15.255684,14.977043,14.828064,15.070015,15.144333,14.995636,14.995636,14.977043,14.921196,15.051422,15.032837,14.977043,15.014244,15.125755,14.995636,14.902580,15.032837,14.958420,14.902580,14.865326,14.939812,14.921196,14.902580,14.772133,14.772133,15.014244,14.828064,14.790794,14.772133,15.032837,14.772133,14.865326,14.790794,14.939812,14.977043,14.772133,15.070015,14.772133,14.846703,15.051422,14.641502,14.958420,14.678848,14.958420,14.790794,14.809425,14.697517,14.641502,14.716171,14.660179,14.828064,14.604141,14.846703,14.585457,14.809425,14.716171,14.585457,14.697517,14.734833,14.604141,14.902580,14.641502,14.790794,14.678848,14.641502,14.734833,14.716171,14.995636,14.865326,14.995636,14.716171,14.753487,14.697517,14.753487,14.678848,14.977043,14.865326,14.828064,14.865326,14.828064,14.697517,14.809425,14.995636,14.921196,14.846703,14.828064,14.902580,14.865326,14.977043,14.977043,15.051422,14.921196,14.939812,15.088600,15.032837,14.753487,14.977043,15.144333,15.070015,14.958420,14.828064,14.865326,14.865326,14.828064,15.088600,15.051422,14.883965,15.051422,14.958420,14.828064,15.200020,14.865326,14.716171,14.734833,14.678848,14.716171,14.604141,14.566772,14.323463,14.809425,14.566772,14.622826,14.585457,14.809425,15.051422,15.014244,15.181458,14.977043,15.255684,15.125755,15.311302,15.237137,15.200020,15.014244,15.200020,15.311302,14.939812,14.921196,14.995636,14.958420,14.865326,14.921196,14.828064,14.678848,14.958420,14.772133,14.828064,14.846703,14.865326,14.790794,14.753487,14.828064,14.828064,14.995636,14.772133,14.865326,14.865326,14.734833,14.846703,14.809425,14.828064,14.734833,14.977043,14.828064,14.809425,14.902580,14.902580,14.958420,14.902580,14.697517,14.921196,14.809425,14.883965,14.995636,14.846703,14.622826,14.772133,14.660179,14.828064,14.883965,14.865326,14.865326,14.622826,14.716171,14.865326,14.716171,14.529381,14.939812,14.753487,14.977043,14.697517,14.604141,14.697517,14.660179,14.883965,14.772133,14.772133,14.734833,14.902580,14.697517,14.790794,14.734833,14.846703,14.734833,14.753487,14.734833,14.734833,14.958420,14.790794,14.865326,14.902580,14.809425,14.716171,14.865326,14.734833,14.697517,14.939812,14.921196,14.977043,14.809425,14.716171,14.753487,14.902580,14.809425,14.809425,14.734833,14.828064,14.604141,14.716171,14.809425,14.902580,15.088600,14.697517,14.939812,14.883965,14.716171,14.790794,14.921196,14.902580,14.772133,14.958420,14.753487,15.051422,15.107178,14.902580,14.883965,14.865326,15.070015,14.995636,15.088600,15.125755,14.828064,14.995636,14.846703,14.883965,14.939812,15.144333,
15.440964,15.588913,15.144333,15.422462,15.144333,15.440964,15.255684,15.274223,15.311302,15.385422,15.274223,14.977043,15.274223,15.070015,15.088600,15.366905,15.200020,15.070015,15.644325,15.588913,15.718163,16.178230,16.471397,16.781799,17.181839,17.706314,18.012245,18.227524,18.727684,18.958870,19.419281,19.648506,19.666115,19.964821,20.052460,19.964821,20.140007,20.349724,20.471802,20.384621,20.541473,20.209976,20.367180,20.105003,20.419502,20.524055,20.262413,20.436943,20.471802,20.349724,20.471802,20.489220,20.732758,20.506645,20.663254,20.645866,20.663254,20.854233,20.611084,20.836899,20.940895,20.975533,20.906242,20.784843,20.888908,20.992851,21.062057,20.750122,21.010155,20.958221,20.940895,20.923576,21.044754,21.165756,21.200287,21.165756,21.389961,21.200287,21.338272,21.338272,21.321045,21.338272,21.355507,21.527603,21.441612,21.750755,21.733620,21.389961,21.733620,21.665016,21.665016,21.750755,21.767891,21.647850,21.802162,21.802162,21.819290,21.716469,21.767891,21.733620,21.785027,21.853539,21.802162,21.785027,21.819290,21.613518,21.682167,21.904861,21.870644,21.904861,21.630684,21.647850,21.613518,21.819290,21.665016,21.819290,21.699318,21.904861,21.956161,21.819290,21.904861,21.853539,21.785027,21.904861,21.682167,21.767891,21.836411,21.853539,21.870644,21.682167,21.921967,21.716469,21.887764,21.767891,21.939064,22.075729,22.041588,22.109856,21.921967,22.109856,22.092789,22.143959,22.263237,22.280251,22.229179,22.212143,22.348305,22.178062,22.195107,22.280251,22.484222,22.092789,22.263237,22.246208,22.314293,22.212143,22.297272,22.280251,22.382309,22.297272,22.280251,22.195107,22.143959,22.143959,22.263237,22.161018,22.195107,22.143959,22.161018,22.263237,22.263237,22.263237,22.041588,22.229179,22.143959,22.280251,22.246208,22.126915,22.161018,22.263237,22.280251,22.229179,22.195107,22.229179,22.263237,22.229179,22.126915,22.109856,22.161018,22.058662,22.212143,22.314293,22.246208,22.178062,22.246208,22.416298,22.382309,22.518166,22.263237,22.229179,22.280251,22.365303,22.229179,22.143959,22.126915,22.348305,21.921967,22.075729,21.990349,22.212143,22.075729,22.212143,22.246208,22.109856,22.109856,22.348305,22.126915,22.416298,22.143959,22.058662,22.195107,22.297272,22.143959,22.229179,22.314293,22.246208,22.092789,21.939064,22.178062,22.041588,21.904861,22.007431,21.990349,21.939064,22.041588,22.075729,22.075729,22.058662,21.956161,22.092789,21.956161,22.007431,21.956161,21.921967,21.990349,21.939064,21.904861,22.007431,21.802162,21.904861,21.819290,21.853539,22.007431,21.921967,21.716469,21.904861,21.853539,22.024513,21.939064,21.785027,21.870644,21.665016,21.802162,21.682167,21.527603,21.561981,21.647850,21.493217,21.372734,21.183029,21.303802,21.269310,21.200287,21.303802,21.096642,21.407181,21.234810,21.389961,21.321045,20.992851,21.234810,21.079346,20.923576,21.183029,20.992851,21.113914,21.044754,20.958221,20.732758,20.958221,21.027458,20.992851,21.010155,20.923576,21.148476,20.906242,20.819542,20.767487,20.680634,20.906242,20.680634,20.611084,20.489220,20.244934,20.314804,20.192490,20.192490,19.947273,20.052460,19.982353,19.578049,19.595665,19.683716,19.736496,19.613289,19.666115,19.859520,19.560417,19.613289,19.507530,19.525154,19.525154,19.542793,19.613289,19.489883,19.366287,19.419281,19.277893,19.401619,19.383957,19.295586,19.401619,19.277893,19.224815,19.100807,19.171692,19.029869,18.887802,18.763298,18.442253,18.424385,18.012245,17.922386,17.525826,17.254379,16.745338,16.745338,16.196571,15.773499,15.644325,15.107178,15.440964,14.939812,15.032837,14.958420,15.014244,14.753487,14.921196,14.977043,14.939812,14.995636,14.995636,15.237137,15.218575,14.995636,15.107178,15.125755,15.162895,15.144333,15.200020,15.181458,15.144333,15.014244,15.014244,15.107178,15.070015,15.051422,15.051422,15.014244,15.070015,14.828064,15.107178,15.051422,14.921196,14.939812,14.995636,15.051422,14.865326,14.977043,14.921196,14.995636,14.921196,14.995636,15.088600,14.939812,14.921196,15.051422,14.828064,14.883965,15.144333,15.032837,14.865326,14.809425,14.921196,14.753487,15.051422,15.032837,14.921196,14.734833,14.828064,14.865326,14.697517,14.716171,14.939812,14.697517,14.772133,14.753487,14.902580,14.753487,14.716171,14.958420,14.958420,15.162895,14.697517,14.772133,14.865326,14.921196,14.790794,14.958420,14.734833,14.883965,14.883965,14.753487,14.828064,14.697517,14.790794,14.790794,14.790794,14.753487,14.678848,14.697517,14.790794,14.828064,14.753487,14.697517,14.790794,14.846703,14.790794,14.734833,14.734833,14.809425,14.734833,14.921196,14.828064,14.883965,14.939812,14.753487,14.828064,14.865326,14.939812,14.939812,14.883965,14.846703,14.716171,14.790794,14.977043,14.995636,15.014244,14.995636,14.828064,14.902580,14.902580,14.939812,15.032837,14.902580,14.846703,15.088600,15.088600,14.902580,14.958420,14.995636,15.032837,14.939812,15.051422,14.939812,14.958420,14.883965,15.051422,15.181458,15.218575,15.144333,14.939812,14.958420,14.790794,14.865326,14.995636,14.734833,14.846703,14.585457,14.753487,14.342201,14.510681,14.604141,14.828064,14.641502,14.697517,14.846703,14.939812,15.070015,15.144333,15.255684,15.366905,15.218575,15.348373,14.995636,14.995636,15.107178,15.200020,15.255684,14.977043,15.032837,14.921196,14.865326,14.828064,14.716171,14.772133,14.585457,14.883965,14.790794,14.809425,14.585457,14.846703,14.734833,14.883965,14.977043,14.995636,14.865326,14.865326,14.921196,14.865326,14.828064,14.846703,14.846703,14.828064,14.809425,14.865326,14.734833,14.716171,14.716171,14.697517,14.716171,14.865326,15.014244,14.660179,14.883965,14.921196,14.865326,14.902580,14.902580,14.995636,14.716171,14.809425,14.790794,14.809425,14.678848,14.772133,14.697517,14.865326,14.790794,14.790794,15.088600,14.678848,14.902580,14.828064,14.939812,14.622826,14.809425,14.734833,14.678848,14.734833,14.697517,15.107178,14.734833,14.660179,14.697517,14.772133,14.753487,14.660179,14.772133,14.604141,14.772133,14.585457,14.790794,14.734833,14.734833,14.622826,14.473274,14.678848,14.678848,14.734833,14.716171,14.939812,14.790794,14.790794,14.734833,14.921196,14.809425,14.790794,14.604141,14.902580,14.716171,14.790794,14.753487,14.809425,15.051422,14.790794,14.734833,14.809425,14.697517,14.828064,14.977043,14.958420,14.921196,15.032837,14.865326,14.977043,15.051422,15.107178,14.921196,15.070015,14.809425,15.051422,14.958420,14.846703,15.088600,14.828064,14.921196,14.995636,15.014244,15.162895,
15.255684,15.311302,15.477974,15.403938,15.200020,15.051422,15.237137,15.107178,15.459480,15.496475,15.014244,15.274223,15.051422,15.181458,15.200020,15.274223,15.032837,15.237137,15.403938,15.551949,15.828796,16.123146,16.416496,16.854668,17.036591,17.832420,18.084076,18.227524,18.674240,19.047615,19.366287,19.578049,19.789246,19.894638,20.052460,20.105003,20.244934,20.227455,20.122513,20.419502,20.384621,20.349724,20.454369,20.524055,20.576286,20.419502,20.506645,20.157509,20.489220,20.628487,20.506645,20.297348,20.506645,20.524055,20.628487,20.611084,20.819542,20.854233,20.784843,20.819542,20.819542,20.975533,20.923576,20.975533,20.732758,21.113914,20.992851,20.888908,21.079346,21.010155,21.010155,21.096642,21.200287,21.010155,21.200287,21.252068,21.252068,21.493217,21.338272,21.561981,21.476021,21.527603,21.458817,21.476021,21.647850,21.596336,21.596336,21.613518,21.682167,21.561981,21.904861,21.716469,21.596336,21.785027,21.870644,21.904861,21.802162,21.682167,21.819290,21.819290,21.819290,21.819290,21.836411,21.956161,21.887764,21.682167,21.750755,22.092789,21.802162,21.887764,21.887764,21.921967,21.802162,21.956161,21.785027,21.836411,21.750755,22.041588,21.904861,21.973259,21.887764,21.887764,21.613518,21.956161,22.126915,21.921967,21.939064,22.041588,21.802162,22.041588,21.836411,21.973259,21.990349,21.973259,22.007431,22.246208,22.143959,22.109856,22.195107,22.161018,22.246208,22.348305,22.297272,22.280251,22.314293,22.263237,22.212143,22.161018,22.195107,22.280251,22.212143,22.263237,22.161018,22.246208,22.297272,22.229179,22.178062,22.382309,22.263237,22.212143,22.195107,22.246208,22.195107,22.467247,22.246208,22.212143,22.092789,22.195107,22.229179,22.331291,22.041588,22.161018,22.126915,22.143959,22.382309,22.280251,22.263237,22.212143,22.297272,22.348305,22.195107,22.229179,22.178062,22.314293,22.229179,22.280251,22.178062,22.263237,21.956161,22.195107,22.178062,22.195107,22.143959,22.433289,22.382309,22.314293,22.263237,22.569054,22.161018,22.246208,22.263237,22.212143,22.246208,22.450264,22.297272,22.161018,22.092789,22.161018,22.143959,22.195107,21.990349,22.092789,22.058662,22.075729,22.263237,22.092789,22.075729,22.178062,22.178062,22.126915,22.024513,22.161018,21.904861,22.195107,22.058662,22.092789,21.990349,22.024513,21.973259,22.058662,22.058662,22.126915,22.143959,22.058662,22.024513,21.973259,22.229179,22.075729,21.921967,22.007431,22.041588,21.836411,22.041588,22.075729,21.887764,21.802162,21.836411,21.819290,21.682167,21.990349,21.904861,21.904861,21.870644,21.836411,21.853539,21.921967,21.836411,21.836411,21.750755,21.802162,21.802162,21.527603,21.802162,21.767891,21.613518,21.527603,21.321045,21.493217,21.424393,21.286568,21.407181,21.355507,21.458817,21.372734,21.148476,21.234810,21.355507,21.338272,21.165756,21.234810,21.217552,21.234810,21.027458,21.010155,21.079346,20.871582,20.732758,20.854233,20.784843,20.663254,20.888908,20.819542,20.871582,20.923576,20.819542,20.836899,20.715385,20.698021,20.698021,20.524055,20.628487,20.576286,20.489220,20.349724,20.297348,20.244934,20.105003,19.947273,19.736496,19.841957,19.754082,19.630898,19.683716,19.578049,19.701309,19.718910,19.859520,19.595665,19.613289,19.683716,19.771667,19.560417,19.666115,19.560417,19.507530,19.578049,19.401619,19.419281,19.260208,19.366287,19.136261,19.383957,19.012123,19.260208,19.136261,19.118538,19.047615,18.923340,18.798889,18.816673,18.299164,18.030205,17.760384,17.616119,17.272507,17.091087,16.489677,16.306610,15.644325,15.718163,15.477974,15.292770,15.051422,15.032837,14.902580,15.125755,14.939812,14.865326,14.846703,14.977043,14.865326,14.921196,14.939812,15.107178,15.125755,15.144333,15.181458,15.162895,15.237137,14.995636,14.921196,15.032837,14.995636,15.032837,14.790794,15.200020,15.014244,14.977043,14.939812,14.958420,14.846703,15.032837,15.051422,15.200020,14.921196,15.070015,15.125755,15.107178,15.014244,15.088600,14.883965,15.051422,14.846703,14.883965,15.144333,15.032837,15.014244,15.070015,14.939812,14.939812,15.070015,14.939812,14.977043,15.107178,14.995636,14.902580,14.883965,14.865326,14.828064,14.883965,14.846703,14.753487,14.921196,14.883965,14.604141,14.716171,14.790794,14.697517,14.772133,14.678848,14.772133,14.753487,14.772133,14.828064,14.641502,14.604141,14.883965,14.716171,14.846703,14.883965,14.566772,14.622826,14.678848,14.809425,14.790794,14.734833,14.828064,14.846703,14.790794,14.883965,14.678848,14.716171,14.772133,14.678848,14.678848,14.865326,14.772133,14.809425,14.734833,14.846703,14.772133,14.790794,14.828064,14.753487,14.734833,14.772133,14.772133,14.716171,14.734833,14.921196,14.790794,14.995636,14.902580,14.809425,14.809425,14.734833,14.828064,14.828064,14.828064,14.772133,14.883965,14.716171,14.790794,14.939812,14.995636,14.921196,14.958420,14.939812,14.902580,15.144333,15.070015,15.181458,15.014244,15.200020,14.958420,15.237137,14.921196,15.274223,15.162895,14.846703,15.162895,15.144333,14.977043,14.734833,14.958420,14.660179,14.772133,14.828064,14.548080,14.566772,14.566772,14.716171,14.678848,14.641502,14.697517,14.678848,14.921196,14.921196,15.014244,15.125755,15.051422,15.200020,15.292770,15.181458,15.162895,15.348373,15.144333,14.939812,15.181458,15.181458,14.809425,15.014244,14.883965,14.921196,14.902580,15.051422,14.939812,14.604141,14.734833,14.697517,14.790794,14.753487,14.828064,15.014244,14.939812,15.032837,14.921196,14.809425,14.865326,14.753487,14.828064,14.865326,14.790794,14.622826,14.939812,14.697517,14.529381,14.883965,14.809425,14.809425,14.604141,14.939812,14.865326,14.790794,14.958420,14.772133,14.865326,14.641502,14.828064,14.622826,14.753487,14.958420,14.585457,14.641502,14.883965,14.772133,14.697517,14.846703,14.660179,14.809425,14.697517,14.585457,14.585457,14.828064,14.846703,14.716171,14.846703,14.902580,14.473274,14.753487,14.641502,14.697517,14.809425,14.772133,14.697517,14.641502,14.809425,14.697517,14.716171,14.491982,14.772133,14.790794,14.678848,14.641502,14.566772,14.939812,14.753487,14.585457,14.977043,14.641502,14.678848,14.697517,14.865326,14.716171,14.753487,14.697517,14.809425,14.772133,14.604141,14.846703,14.977043,14.809425,14.995636,14.790794,14.734833,14.772133,14.902580,15.014244,14.660179,14.660179,14.734833,14.995636,15.032837,15.051422,14.790794,14.846703,14.995636,15.032837,14.958420,15.218575,14.697517,14.883965,14.883965,14.865326,14.921196,14.865326,15.107178,14.958420,15.051422,14.958420,
15.255684,15.329842,15.237137,15.237137,15.274223,15.070015,15.200020,15.255684,15.200020,15.311302,15.292770,15.255684,15.032837,15.200020,15.348373,15.237137,15.125755,15.311302,15.255684,15.514977,15.736610,16.049652,16.434807,16.800026,17.344955,17.453522,18.048164,18.209602,18.638596,18.870033,19.224815,19.542793,19.718910,19.806816,20.017418,20.087494,20.349724,20.140007,20.314804,20.384621,20.402061,20.279877,20.279877,20.349724,20.174995,20.558884,20.332268,20.367180,20.454369,20.367180,20.349724,20.593697,20.541473,20.645866,20.958221,20.750122,20.871582,20.819542,21.027458,20.888908,20.836899,21.131203,20.871582,21.131203,21.096642,21.200287,21.148476,21.062057,21.131203,21.113914,21.252068,21.148476,21.183029,21.338272,21.338272,21.286568,21.252068,21.303802,21.544792,21.733620,21.630684,21.596336,21.853539,21.682167,21.665016,21.682167,21.699318,21.561981,21.699318,21.613518,21.802162,21.802162,21.665016,21.767891,21.939064,21.802162,22.007431,21.870644,21.990349,21.939064,21.956161,21.921967,21.956161,21.921967,21.990349,22.007431,21.990349,21.887764,21.716469,21.836411,21.853539,21.767891,21.785027,22.109856,21.973259,22.024513,21.973259,22.212143,22.007431,22.024513,22.058662,21.904861,22.075729,21.921967,22.058662,22.143959,21.939064,22.195107,22.007431,21.939064,22.024513,22.041588,21.973259,21.939064,21.904861,22.195107,22.195107,22.126915,22.246208,22.229179,22.092789,22.297272,22.212143,22.399300,22.263237,22.109856,22.416298,22.178062,22.348305,22.365303,22.331291,22.416298,22.382309,22.365303,22.331291,22.365303,22.348305,22.399300,22.280251,22.535133,22.178062,22.246208,22.314293,22.348305,22.331291,22.195107,22.126915,22.212143,22.263237,22.041588,22.212143,22.382309,22.109856,22.229179,22.075729,22.246208,22.280251,22.297272,22.212143,22.365303,22.143959,22.178062,22.126915,22.263237,22.126915,22.229179,22.041588,22.109856,22.280251,22.365303,22.212143,22.178062,22.126915,22.331291,22.263237,22.297272,22.382309,22.297272,22.297272,22.314293,22.331291,22.212143,22.195107,22.092789,22.126915,22.143959,21.921967,22.007431,21.802162,21.956161,22.195107,21.956161,21.836411,22.041588,22.075729,21.973259,22.007431,21.887764,22.126915,22.126915,22.161018,21.887764,21.921967,21.973259,22.126915,22.075729,22.024513,22.075729,21.939064,21.904861,21.904861,22.075729,21.990349,22.058662,21.956161,21.973259,21.939064,22.058662,22.109856,22.126915,22.161018,21.921967,21.819290,21.767891,21.836411,21.733620,21.802162,21.785027,21.802162,21.785027,21.802162,21.733620,21.750755,21.785027,21.750755,21.870644,21.613518,21.647850,21.699318,21.699318,21.579163,21.682167,21.493217,21.476021,21.407181,21.338272,21.355507,21.286568,21.234810,21.252068,21.338272,21.476021,21.165756,21.234810,21.217552,21.234810,21.389961,21.217552,21.148476,21.389961,21.131203,21.148476,21.079346,21.010155,21.096642,21.044754,20.871582,20.784843,20.819542,20.836899,20.663254,20.698021,20.750122,20.940895,20.802200,20.628487,20.854233,20.663254,20.524055,20.489220,20.524055,20.367180,20.471802,20.367180,19.982353,20.314804,19.999893,19.771667,19.894638,19.806816,19.718910,19.736496,19.701309,19.683716,19.507530,19.806816,19.613289,19.630898,19.525154,19.648506,19.701309,19.718910,19.560417,19.771667,19.648506,19.542793,19.595665,19.366287,19.419281,19.295586,19.383957,19.260208,19.277893,19.012123,19.153984,18.994377,19.065346,18.870033,18.852249,18.370735,18.317062,18.137894,17.832420,17.634163,17.399261,16.872887,16.599342,16.306610,16.031273,15.681252,15.348373,15.274223,14.939812,14.977043,15.070015,15.125755,14.846703,15.014244,14.828064,15.051422,15.014244,15.032837,15.014244,15.200020,15.237137,15.088600,14.977043,14.958420,14.958420,15.070015,15.200020,14.958420,15.051422,14.883965,15.014244,15.070015,14.958420,15.014244,15.107178,14.995636,14.846703,15.107178,14.846703,15.162895,15.051422,15.200020,15.051422,15.032837,15.144333,14.995636,15.014244,14.716171,14.865326,14.958420,15.014244,14.902580,15.051422,15.107178,14.939812,14.977043,14.958420,14.902580,14.939812,15.032837,14.902580,14.921196,14.753487,14.921196,14.772133,14.921196,14.622826,14.753487,14.865326,15.032837,14.790794,14.809425,14.734833,14.846703,14.641502,14.828064,14.641502,14.828064,14.883965,14.883965,14.921196,14.604141,14.734833,14.809425,14.790794,14.753487,14.604141,14.790794,14.828064,14.865326,14.734833,14.865326,14.678848,14.753487,14.865326,14.753487,14.716171,14.790794,14.734833,14.828064,14.772133,14.678848,14.641502,14.753487,14.772133,14.977043,14.772133,14.678848,14.958420,14.566772,14.846703,14.734833,14.753487,14.753487,14.846703,14.790794,14.958420,14.902580,14.883965,14.790794,14.883965,14.809425,14.772133,14.828064,15.014244,14.977043,14.865326,15.051422,14.958420,14.790794,14.865326,14.865326,14.697517,14.846703,14.958420,14.995636,15.218575,14.939812,14.995636,14.865326,14.977043,14.958420,14.828064,14.939812,14.846703,14.995636,14.977043,14.809425,14.921196,14.939812,14.772133,14.809425,14.697517,14.809425,14.604141,14.360939,14.566772,14.772133,14.660179,14.846703,14.753487,14.865326,14.939812,15.051422,14.939812,15.125755,15.311302,15.125755,15.200020,15.274223,15.200020,15.051422,15.311302,15.292770,14.977043,15.218575,14.977043,14.977043,15.051422,15.088600,14.753487,14.921196,14.753487,14.753487,14.921196,14.529381,14.585457,15.107178,14.883965,14.828064,14.865326,14.921196,14.772133,14.585457,14.902580,14.809425,14.753487,14.883965,14.753487,14.716171,14.828064,14.678848,14.902580,14.772133,14.790794,14.790794,14.529381,14.846703,14.697517,14.865326,14.660179,14.790794,14.716171,14.828064,14.977043,14.865326,14.865326,14.883965,14.660179,14.772133,14.921196,14.939812,14.921196,14.604141,14.678848,14.846703,14.697517,14.753487,14.883965,14.716171,14.883965,14.716171,14.641502,14.678848,14.772133,14.772133,14.865326,14.902580,14.660179,14.585457,14.697517,14.809425,14.939812,14.734833,14.809425,14.883965,14.828064,14.846703,14.790794,14.809425,14.772133,14.772133,14.697517,14.902580,14.604141,14.883965,14.865326,14.790794,14.846703,14.958420,14.604141,14.772133,14.902580,14.529381,14.939812,15.032837,14.697517,14.883965,14.734833,14.883965,15.144333,14.734833,14.921196,14.939812,14.828064,14.790794,14.939812,14.734833,14.883965,15.051422,14.902580,14.828064,14.828064,14.883965,14.883965,14.977043,14.809425,15.014244,14.921196,15.070015,14.809425,14.865326,14.939812,15.162895,14.958420,15.311302,
15.459480,15.181458,15.144333,15.459480,15.311302,15.459480,15.292770,15.385422,15.218575,15.200020,15.348373,15.162895,15.051422,15.181458,15.181458,15.088600,15.218575,15.311302,15.440964,15.237137,15.736610,15.957695,16.416496,16.745338,17.344955,17.381157,17.958336,18.299164,18.692055,18.887802,19.189407,19.683716,19.789246,19.929733,19.859520,20.105003,20.157509,20.297348,20.279877,20.384621,20.349724,20.279877,20.367180,20.174995,20.436943,20.489220,20.349724,20.471802,20.332268,20.454369,20.402061,20.454369,20.489220,20.541473,20.663254,20.836899,20.732758,20.767487,21.027458,21.113914,20.940895,21.131203,21.010155,20.940895,21.062057,21.269310,21.131203,20.992851,21.131203,21.113914,21.131203,21.286568,21.217552,21.286568,21.252068,21.321045,21.321045,21.389961,21.493217,21.579163,21.338272,21.493217,21.853539,21.733620,21.665016,21.767891,21.682167,21.665016,21.682167,21.613518,21.836411,21.767891,21.785027,21.785027,21.870644,21.750755,21.819290,21.956161,21.887764,21.939064,21.870644,21.921967,21.939064,21.853539,22.024513,21.853539,22.024513,21.716469,21.836411,21.990349,22.041588,21.853539,21.904861,22.075729,22.041588,22.007431,22.143959,22.041588,22.161018,22.041588,22.058662,21.990349,22.229179,22.143959,22.024513,21.870644,22.143959,22.075729,22.109856,22.058662,22.109856,22.246208,22.109856,21.973259,22.058662,22.229179,22.263237,22.143959,22.161018,22.109856,22.399300,22.109856,22.246208,22.365303,22.143959,22.331291,22.348305,22.297272,22.365303,22.109856,22.195107,22.263237,22.365303,22.331291,22.263237,22.416298,22.433289,22.399300,22.280251,22.450264,22.212143,22.450264,22.297272,22.382309,22.212143,22.280251,22.143959,22.126915,22.280251,22.092789,22.178062,22.246208,22.195107,22.178062,21.973259,22.178062,21.904861,22.178062,22.212143,22.331291,22.178062,22.024513,22.263237,22.143959,22.126915,22.314293,22.058662,22.143959,22.178062,22.246208,22.161018,22.246208,22.041588,22.365303,22.331291,22.314293,22.263237,22.348305,22.263237,22.297272,22.280251,22.212143,22.246208,22.212143,21.973259,21.990349,21.990349,22.143959,21.939064,21.887764,21.750755,21.887764,21.904861,21.956161,21.819290,21.904861,21.904861,22.075729,21.665016,21.956161,21.921967,22.041588,22.075729,21.887764,21.904861,21.956161,21.956161,21.802162,21.733620,22.007431,21.921967,21.973259,21.887764,21.853539,21.750755,21.921967,21.853539,21.904861,21.853539,21.973259,21.716469,21.836411,21.904861,21.836411,22.075729,21.767891,21.630684,21.785027,21.665016,21.802162,21.510414,21.596336,21.596336,21.630684,21.699318,21.682167,21.544792,21.647850,21.561981,21.665016,21.407181,21.596336,21.527603,21.579163,21.407181,21.510414,21.252068,21.424393,21.252068,21.200287,21.234810,21.269310,21.321045,21.286568,21.389961,21.372734,21.217552,21.303802,21.303802,21.165756,21.234810,21.079346,20.819542,21.303802,21.148476,21.010155,20.784843,20.767487,20.958221,20.698021,20.663254,20.819542,20.784843,20.819542,20.888908,20.732758,20.698021,20.836899,20.732758,20.611084,20.419502,20.402061,20.524055,20.436943,20.209976,20.227455,19.964821,20.017418,19.982353,19.859520,19.771667,19.648506,19.578049,19.701309,19.894638,19.666115,19.701309,19.578049,19.489883,19.436943,19.683716,19.771667,19.630898,19.578049,19.595665,19.542793,19.454590,19.454590,19.542793,19.419281,19.630898,19.348618,19.207108,19.118538,19.100807,19.171692,18.994377,18.870033,18.852249,18.585091,18.227524,18.030205,17.958336,17.814415,17.181839,17.018410,16.453102,16.196571,15.755058,15.477974,15.311302,15.311302,15.218575,15.311302,15.014244,14.865326,14.939812,14.865326,15.032837,14.772133,15.107178,14.958420,15.107178,15.292770,15.274223,15.032837,15.162895,15.200020,15.144333,15.162895,15.032837,15.144333,15.200020,14.995636,15.032837,15.181458,14.995636,15.051422,15.051422,15.088600,15.125755,14.995636,14.958420,15.107178,15.070015,14.902580,15.070015,15.070015,15.125755,15.125755,14.939812,14.865326,14.828064,14.958420,14.958420,14.977043,14.865326,14.958420,14.958420,15.032837,14.921196,15.144333,14.921196,14.958420,15.088600,15.014244,14.753487,15.107178,14.902580,14.641502,14.772133,14.809425,14.939812,14.678848,14.697517,14.846703,14.828064,14.716171,14.734833,14.678848,14.697517,14.828064,14.846703,14.828064,14.902580,14.939812,14.529381,14.865326,14.772133,14.809425,14.790794,14.753487,14.790794,14.716171,14.734833,14.716171,14.809425,14.828064,14.772133,14.678848,14.753487,14.585457,14.790794,14.828064,14.846703,14.753487,14.678848,14.716171,14.790794,14.921196,14.828064,14.809425,14.958420,14.977043,14.734833,15.032837,14.697517,14.921196,14.828064,14.865326,14.921196,14.883965,14.790794,14.772133,14.828064,14.678848,14.678848,14.790794,14.846703,14.902580,14.958420,15.051422,14.883965,15.014244,14.921196,14.883965,14.865326,14.883965,14.902580,15.051422,14.846703,15.014244,15.088600,15.218575,14.977043,14.921196,15.070015,14.958420,14.865326,14.977043,14.958420,14.939812,14.995636,15.051422,14.846703,14.809425,14.622826,14.753487,14.604141,14.454552,14.585457,14.883965,14.622826,14.902580,14.566772,14.660179,14.846703,14.958420,15.051422,14.958420,15.329842,15.200020,15.181458,15.200020,15.162895,15.144333,15.032837,15.125755,15.088600,14.958420,14.995636,15.051422,14.641502,14.604141,14.883965,14.846703,14.828064,14.828064,14.473274,14.902580,14.902580,14.977043,14.772133,15.125755,15.014244,15.014244,14.939812,14.921196,14.865326,14.772133,14.828064,14.921196,14.846703,14.660179,14.697517,14.828064,14.697517,14.772133,14.641502,14.491982,15.014244,14.846703,14.772133,14.828064,14.716171,14.697517,14.753487,14.958420,14.772133,14.865326,14.734833,14.865326,14.772133,14.902580,14.622826,14.585457,14.716171,14.809425,14.883965,14.734833,14.678848,14.716171,14.921196,14.716171,14.585457,14.902580,14.809425,14.809425,14.678848,14.790794,14.809425,14.678848,14.734833,14.753487,14.585457,14.660179,14.454552,14.790794,14.902580,14.828064,14.809425,14.716171,14.641502,14.753487,14.753487,14.865326,14.790794,14.828064,14.846703,14.641502,14.828064,14.883965,14.790794,14.753487,14.921196,15.032837,14.902580,14.772133,14.828064,14.958420,14.809425,14.958420,14.772133,14.678848,14.865326,14.734833,14.678848,14.697517,15.051422,14.660179,14.958420,14.958420,14.753487,14.790794,14.790794,14.902580,14.772133,15.070015,14.846703,14.734833,15.032837,15.014244,14.865326,14.734833,15.181458,14.958420,14.865326,15.051422,14.977043,15.070015,
15.551949,15.088600,15.181458,15.200020,15.218575,15.422462,15.255684,15.348373,15.032837,15.366905,15.162895,15.162895,15.032837,15.274223,15.107178,15.162895,15.329842,15.292770,15.311302,15.718163,15.607391,15.847229,16.361572,16.745338,17.091087,17.724342,18.084076,18.406502,18.602928,18.870033,19.100807,19.489883,19.666115,19.912178,20.052460,20.105003,20.314804,20.157509,20.384621,20.384621,20.297348,20.367180,20.506645,20.227455,20.314804,20.384621,20.384621,20.471802,20.367180,20.628487,20.628487,20.802200,20.576286,20.645866,20.680634,21.131203,20.732758,20.975533,20.958221,21.113914,20.975533,20.975533,20.958221,21.044754,20.992851,21.165756,20.992851,21.113914,21.148476,21.148476,21.200287,21.183029,21.321045,21.458817,21.165756,21.476021,21.476021,21.561981,21.441612,21.527603,21.647850,21.733620,21.613518,21.853539,21.750755,21.870644,21.887764,21.836411,21.682167,21.956161,21.870644,21.750755,21.767891,21.853539,21.819290,22.024513,21.973259,21.939064,21.904861,21.973259,21.853539,21.921967,21.973259,22.075729,21.956161,21.767891,21.956161,21.990349,21.956161,22.058662,21.853539,21.853539,22.058662,21.939064,22.041588,22.331291,22.109856,22.195107,22.075729,21.921967,22.058662,22.178062,22.126915,22.314293,22.178062,22.229179,22.109856,22.161018,22.041588,22.109856,22.092789,22.331291,22.246208,22.041588,22.024513,22.195107,22.143959,22.075729,22.041588,22.348305,22.314293,22.280251,22.161018,22.126915,22.229179,22.416298,22.246208,22.416298,22.331291,22.416298,22.212143,22.382309,22.331291,22.331291,22.433289,22.467247,22.501198,22.399300,22.297272,22.382309,22.450264,22.399300,22.569054,22.212143,22.280251,22.331291,22.212143,22.058662,22.109856,22.246208,22.161018,22.195107,22.280251,22.382309,22.041588,22.212143,22.024513,22.178062,22.161018,22.263237,22.126915,22.280251,22.195107,22.161018,22.263237,22.126915,22.365303,22.246208,22.041588,22.178062,22.212143,22.109856,22.109856,22.314293,22.178062,22.670708,22.348305,22.399300,22.433289,22.331291,22.331291,22.348305,22.212143,22.007431,22.041588,21.887764,21.956161,21.956161,21.853539,21.836411,21.682167,21.956161,21.733620,21.836411,21.819290,21.921967,21.802162,21.750755,21.956161,21.887764,21.870644,21.853539,21.819290,21.836411,21.870644,21.785027,21.699318,21.836411,21.785027,21.853539,21.699318,21.887764,21.716469,21.921967,21.939064,21.904861,21.836411,21.802162,21.973259,21.785027,21.785027,21.716469,21.836411,21.819290,21.716469,21.750755,21.510414,21.630684,21.613518,21.579163,21.493217,21.682167,21.493217,21.647850,21.647850,21.630684,21.389961,21.561981,21.476021,21.510414,21.355507,21.579163,21.510414,21.510414,21.355507,21.407181,21.303802,21.303802,21.234810,21.131203,21.303802,21.079346,21.286568,21.355507,21.269310,21.269310,21.286568,21.389961,21.148476,21.131203,21.252068,21.183029,21.131203,21.062057,21.062057,20.992851,20.819542,20.854233,21.027458,20.958221,20.819542,20.923576,20.819542,20.888908,20.645866,20.698021,20.715385,20.419502,20.558884,20.489220,20.611084,20.332268,20.471802,20.332268,20.122513,20.017418,20.122513,19.912178,19.789246,19.894638,19.560417,19.894638,19.806816,19.736496,19.771667,19.736496,19.929733,19.736496,19.718910,19.736496,19.701309,19.630898,19.525154,19.595665,19.630898,19.560417,19.701309,19.454590,19.454590,19.348618,19.065346,19.224815,19.189407,19.171692,19.153984,19.100807,19.083084,18.923340,18.745483,18.513702,18.299164,18.066116,17.850410,17.471611,17.254379,16.945679,16.507973,16.343254,15.681252,15.681252,15.496475,15.125755,15.144333,15.032837,15.032837,15.070015,14.846703,14.958420,15.014244,15.014244,14.958420,15.181458,15.181458,15.162895,14.977043,14.958420,14.958420,15.255684,15.255684,15.051422,15.162895,15.070015,15.107178,15.237137,15.144333,15.125755,14.865326,15.032837,15.181458,15.088600,14.902580,14.958420,14.846703,14.977043,15.125755,14.939812,14.995636,14.958420,14.958420,15.014244,14.958420,14.995636,15.051422,15.070015,15.107178,15.070015,14.921196,14.865326,14.846703,14.921196,15.144333,14.846703,14.921196,14.902580,15.014244,14.977043,14.977043,14.828064,14.697517,14.622826,14.753487,14.697517,14.846703,14.902580,14.846703,14.734833,14.622826,14.883965,14.622826,14.716171,14.902580,14.772133,14.604141,14.883965,14.772133,14.697517,14.939812,14.865326,14.734833,15.032837,14.828064,14.772133,14.809425,14.716171,14.622826,14.772133,14.604141,14.678848,14.772133,14.604141,14.790794,14.846703,14.772133,14.790794,14.641502,14.678848,14.865326,14.883965,14.809425,14.828064,14.809425,14.883965,14.939812,14.846703,14.828064,14.902580,14.902580,14.641502,14.790794,14.772133,14.734833,14.716171,14.828064,14.865326,14.921196,14.846703,14.753487,14.846703,14.865326,14.716171,14.846703,14.939812,14.828064,14.734833,14.809425,14.828064,15.014244,15.051422,14.753487,15.014244,14.995636,14.921196,14.902580,14.995636,15.070015,14.846703,15.032837,15.032837,14.958420,14.939812,14.977043,15.144333,14.902580,14.977043,14.604141,14.902580,14.939812,14.604141,14.753487,14.622826,14.678848,14.510681,14.678848,14.828064,14.716171,14.772133,14.828064,14.958420,15.162895,15.107178,15.014244,15.255684,15.162895,15.144333,15.218575,15.292770,15.181458,15.200020,15.107178,15.200020,14.958420,14.939812,14.883965,14.809425,14.641502,14.790794,14.697517,14.697517,14.753487,14.548080,14.660179,14.753487,14.921196,14.828064,14.902580,14.846703,14.958420,14.772133,14.865326,14.809425,14.716171,14.921196,14.865326,14.883965,14.660179,14.734833,14.772133,14.678848,14.734833,14.772133,14.902580,14.939812,14.641502,14.809425,14.846703,14.790794,14.753487,14.660179,14.772133,14.883965,14.902580,14.697517,14.660179,14.734833,14.772133,14.883965,14.846703,14.734833,14.622826,14.846703,14.660179,14.548080,14.697517,14.716171,14.828064,14.809425,14.846703,14.753487,14.846703,14.828064,14.734833,14.939812,14.697517,14.828064,14.772133,14.660179,14.753487,14.734833,14.585457,14.939812,14.622826,14.902580,14.846703,14.566772,14.604141,14.977043,14.828064,14.697517,14.865326,14.697517,14.622826,14.883965,14.921196,14.753487,14.958420,14.734833,14.846703,14.809425,14.772133,14.958420,14.697517,14.622826,14.846703,14.772133,14.753487,14.772133,14.865326,14.865326,14.716171,14.772133,15.032837,14.865326,14.883965,14.902580,14.865326,15.032837,14.902580,15.032837,14.995636,14.939812,14.790794,14.846703,14.958420,14.958420,14.865326,14.846703,14.995636,14.734833,15.014244,15.144333,
15.385422,15.162895,15.274223,15.218575,15.274223,15.292770,15.385422,15.440964,15.274223,15.125755,15.385422,15.348373,14.902580,15.311302,15.200020,15.218575,15.070015,15.181458,15.311302,15.570435,15.681252,15.994492,16.288277,16.763573,16.891090,17.832420,17.778404,18.191681,18.638596,19.083084,19.207108,19.507530,19.560417,19.999893,20.017418,20.227455,20.052460,20.332268,20.402061,20.419502,20.402061,20.489220,20.244934,20.402061,20.454369,20.384621,20.593697,20.576286,20.541473,20.524055,20.314804,20.489220,20.593697,20.628487,20.750122,20.663254,20.836899,20.819542,20.871582,20.906242,21.096642,21.183029,21.217552,21.165756,21.252068,21.148476,20.923576,21.252068,21.062057,21.200287,21.079346,21.252068,21.217552,21.338272,21.269310,21.389961,21.527603,21.561981,21.579163,21.544792,21.733620,21.630684,21.579163,21.802162,21.887764,21.785027,21.973259,21.990349,21.939064,21.802162,21.939064,21.939064,21.939064,22.007431,22.007431,21.887764,22.058662,21.956161,22.058662,22.041588,21.887764,22.058662,22.024513,21.939064,21.939064,21.939064,22.092789,21.973259,21.939064,22.075729,22.024513,22.092789,22.161018,22.109856,22.041588,22.092789,22.109856,22.280251,22.143959,22.143959,22.280251,22.331291,22.109856,22.229179,22.246208,22.143959,22.058662,22.263237,22.178062,22.195107,22.246208,22.314293,22.161018,22.314293,22.178062,22.212143,22.143959,22.348305,22.212143,22.297272,22.297272,22.484222,22.297272,22.331291,22.331291,22.331291,22.280251,22.382309,22.314293,22.263237,22.433289,22.416298,22.433289,22.704575,22.416298,22.382309,22.535133,22.450264,22.433289,22.348305,22.416298,22.365303,22.416298,22.433289,22.365303,22.092789,22.314293,22.280251,22.143959,22.195107,22.058662,22.212143,22.178062,22.314293,22.229179,22.229179,22.195107,22.161018,21.990349,22.109856,22.058662,22.263237,22.195107,22.212143,22.075729,22.143959,22.109856,22.075729,22.007431,22.058662,22.109856,22.297272,22.212143,22.331291,22.314293,22.297272,22.246208,22.365303,22.314293,22.297272,22.109856,22.058662,22.178062,22.041588,21.921967,21.973259,21.956161,21.647850,21.802162,21.665016,21.767891,21.819290,21.596336,21.716469,21.716469,21.904861,21.767891,21.579163,21.699318,21.767891,21.716469,21.819290,21.750755,21.665016,21.699318,21.665016,21.819290,21.682167,21.579163,21.785027,21.733620,21.733620,21.767891,21.767891,21.836411,21.716469,21.682167,21.665016,21.647850,21.665016,21.699318,21.870644,21.802162,21.561981,21.596336,21.733620,21.493217,21.407181,21.458817,21.510414,21.286568,21.458817,21.338272,21.561981,21.527603,21.527603,21.561981,21.458817,21.527603,21.286568,21.286568,21.407181,21.493217,21.321045,21.303802,21.303802,21.252068,21.355507,21.113914,21.183029,21.234810,21.269310,21.234810,21.183029,21.200287,21.044754,21.165756,21.183029,21.252068,21.200287,21.424393,21.200287,21.252068,21.148476,21.183029,21.113914,20.992851,20.836899,20.836899,20.836899,20.750122,20.802200,20.593697,20.767487,20.663254,20.489220,20.680634,20.576286,20.558884,20.576286,20.349724,20.297348,20.367180,20.262413,19.964821,20.227455,20.087494,19.947273,19.912178,19.824394,19.859520,19.595665,19.613289,19.683716,19.613289,19.648506,19.578049,19.718910,19.489883,19.525154,19.683716,19.578049,19.525154,19.595665,19.507530,19.542793,19.489883,19.489883,19.507530,19.436943,19.436943,19.260208,19.207108,19.224815,19.277893,19.136261,19.083084,19.100807,18.763298,18.567253,18.245445,18.424385,17.832420,17.543900,17.236252,16.927490,16.507973,16.159874,15.994492,15.681252,15.292770,15.237137,14.921196,15.032837,14.995636,14.921196,14.883965,14.865326,14.790794,15.162895,14.995636,15.162895,15.051422,15.125755,15.125755,14.995636,15.088600,15.125755,15.070015,15.107178,14.995636,15.051422,15.125755,15.125755,14.995636,15.144333,15.200020,15.070015,15.051422,15.032837,14.995636,15.051422,14.995636,15.181458,14.995636,14.790794,15.051422,15.200020,14.921196,15.014244,14.883965,14.939812,14.753487,14.883965,14.958420,14.977043,14.846703,14.790794,14.865326,15.070015,14.828064,14.846703,14.865326,14.846703,14.790794,14.902580,15.014244,14.865326,14.995636,15.032837,14.828064,14.790794,14.790794,14.753487,14.865326,14.865326,14.846703,14.809425,14.939812,14.921196,14.772133,14.828064,14.995636,14.660179,14.828064,14.734833,14.772133,14.921196,14.678848,14.772133,14.828064,14.790794,14.790794,14.846703,14.883965,14.846703,14.753487,14.772133,14.772133,14.790794,14.772133,14.660179,14.660179,14.697517,14.697517,14.790794,14.678848,14.809425,14.809425,14.828064,14.865326,15.051422,14.921196,14.902580,14.865326,14.921196,14.772133,14.622826,14.809425,14.772133,14.977043,14.921196,14.678848,14.828064,15.032837,14.753487,14.809425,14.828064,14.883965,14.660179,14.809425,15.014244,14.939812,14.883965,14.809425,14.958420,14.772133,15.088600,14.939812,14.958420,14.902580,15.014244,14.939812,15.070015,14.883965,15.144333,14.995636,15.200020,15.032837,15.051422,14.753487,15.014244,14.865326,14.883965,15.014244,14.902580,14.921196,14.883965,14.622826,14.846703,14.622826,14.883965,14.660179,14.995636,14.734833,14.622826,14.809425,14.828064,15.181458,15.218575,15.218575,15.088600,15.200020,15.181458,15.329842,15.218575,15.162895,15.348373,15.051422,14.958420,15.218575,15.032837,15.032837,14.865326,14.921196,15.032837,14.697517,14.809425,14.846703,14.790794,14.865326,14.921196,14.883965,14.939812,14.883965,15.014244,15.051422,15.014244,14.977043,14.977043,14.809425,14.902580,14.846703,15.032837,14.809425,14.865326,14.958420,14.734833,14.734833,14.716171,14.902580,14.846703,14.753487,14.977043,15.014244,14.734833,14.753487,14.790794,14.865326,14.828064,14.697517,14.734833,14.921196,14.548080,14.622826,15.088600,14.939812,14.660179,14.734833,14.753487,14.678848,14.828064,14.846703,14.734833,14.678848,14.809425,14.604141,14.865326,14.716171,14.865326,14.697517,14.828064,14.678848,14.809425,14.809425,14.734833,14.491982,14.697517,14.921196,14.678848,14.809425,14.790794,14.678848,14.772133,14.734833,14.865326,14.604141,14.510681,14.716171,14.716171,14.660179,14.865326,14.846703,14.846703,14.846703,14.697517,14.865326,15.014244,14.772133,14.716171,14.697517,14.883965,14.883965,14.772133,14.809425,14.660179,14.958420,14.790794,14.958420,14.921196,14.828064,14.809425,14.753487,14.772133,14.828064,14.883965,14.790794,15.032837,14.865326,14.809425,14.865326,14.958420,14.902580,15.032837,14.977043,14.753487,14.958420,14.958420,15.181458,14.995636,
15.200020,15.403938,15.311302,15.088600,15.070015,15.348373,15.440964,15.274223,15.440964,15.181458,15.329842,15.292770,14.809425,15.125755,15.237137,15.200020,15.403938,15.237137,15.200020,15.496475,15.810371,16.104774,16.416496,16.507973,17.109245,17.616119,17.832420,18.084076,18.531555,19.065346,19.224815,19.701309,19.877083,19.841957,20.192490,19.999893,20.209976,20.314804,20.297348,20.349724,20.454369,20.367180,20.314804,20.471802,20.436943,20.332268,20.471802,20.524055,20.576286,20.524055,20.541473,20.558884,20.558884,20.715385,20.836899,20.923576,20.906242,20.836899,20.888908,21.044754,20.888908,20.871582,21.113914,21.113914,20.975533,21.062057,21.217552,21.217552,20.992851,21.079346,21.113914,21.234810,21.321045,21.355507,21.269310,21.441612,21.579163,21.579163,21.596336,21.647850,21.665016,21.733620,21.510414,21.836411,21.802162,21.699318,22.024513,21.767891,21.870644,21.939064,21.853539,22.109856,22.075729,21.802162,21.990349,21.921967,21.921967,21.904861,22.075729,21.990349,21.973259,22.007431,21.870644,21.956161,22.024513,21.887764,21.921967,21.990349,21.939064,22.092789,21.956161,21.990349,21.973259,22.126915,21.887764,21.939064,22.297272,22.178062,22.007431,22.024513,22.195107,22.178062,22.109856,22.382309,22.161018,22.041588,22.229179,22.297272,22.297272,22.263237,22.143959,22.212143,22.348305,22.178062,22.161018,22.075729,22.314293,22.092789,22.246208,22.297272,22.195107,22.314293,22.263237,22.263237,22.229179,22.246208,22.331291,22.229179,22.229179,22.331291,22.433289,22.552086,22.092789,22.280251,22.535133,22.484222,22.450264,22.569054,22.365303,22.552086,22.331291,22.602951,22.399300,22.348305,22.450264,22.331291,22.399300,22.365303,22.126915,22.195107,22.178062,22.280251,22.195107,22.246208,22.007431,22.126915,22.075729,22.212143,22.143959,22.075729,22.212143,22.229179,22.143959,22.143959,22.161018,22.195107,22.041588,22.024513,22.007431,22.092789,22.212143,22.314293,22.229179,22.314293,22.382309,22.348305,22.382309,22.348305,22.365303,22.331291,22.246208,22.161018,22.024513,22.007431,21.990349,21.990349,21.785027,21.870644,21.561981,21.750755,21.785027,21.785027,21.665016,21.699318,21.750755,21.699318,21.767891,21.613518,21.682167,21.647850,21.613518,21.733620,21.493217,21.596336,21.836411,21.527603,21.630684,21.613518,21.476021,21.665016,21.716469,21.630684,21.665016,21.767891,21.767891,21.682167,21.647850,21.596336,21.699318,21.750755,21.647850,21.682167,21.699318,21.682167,21.561981,21.527603,21.561981,21.441612,21.389961,21.286568,21.424393,21.561981,21.476021,21.389961,21.407181,21.458817,21.424393,21.458817,21.510414,21.338272,21.407181,21.286568,21.338272,21.372734,21.269310,21.269310,21.217552,21.062057,21.165756,21.200287,21.303802,21.165756,21.096642,21.269310,21.079346,21.234810,21.338272,21.252068,21.234810,21.269310,21.183029,21.321045,21.200287,21.286568,20.992851,21.010155,20.836899,20.906242,20.854233,20.819542,20.802200,20.698021,20.750122,20.871582,20.750122,20.784843,20.663254,20.628487,20.576286,20.593697,20.436943,20.314804,20.332268,20.227455,20.279877,20.157509,20.052460,19.859520,19.859520,19.947273,19.806816,19.648506,19.771667,19.771667,19.718910,19.630898,19.683716,19.789246,19.472237,19.630898,19.578049,19.613289,19.683716,19.683716,19.507530,19.542793,19.454590,19.525154,19.436943,19.454590,19.401619,19.401619,19.366287,19.260208,19.224815,19.207108,19.065346,18.976631,18.870033,18.495850,18.370735,18.119965,17.688278,17.616119,17.326851,16.854668,16.471397,16.196571,15.828796,15.644325,15.366905,15.162895,15.070015,15.014244,14.977043,15.014244,14.921196,14.902580,15.088600,14.828064,15.125755,14.958420,15.144333,15.181458,15.403938,15.107178,15.070015,15.162895,15.051422,15.255684,15.088600,15.014244,15.070015,15.162895,15.162895,15.218575,15.237137,15.014244,15.125755,15.088600,14.958420,15.032837,15.125755,15.107178,15.051422,14.846703,15.107178,15.014244,14.995636,15.107178,14.846703,14.995636,14.828064,15.107178,15.051422,14.958420,14.921196,14.865326,14.883965,15.014244,14.809425,14.921196,14.846703,15.014244,14.977043,14.790794,14.939812,14.660179,14.697517,15.051422,14.828064,14.883965,14.753487,14.828064,14.734833,14.716171,14.753487,14.883965,14.790794,14.958420,14.846703,14.958420,14.734833,14.697517,14.772133,14.734833,14.902580,14.921196,14.846703,14.790794,14.883965,14.790794,14.753487,14.883965,14.790794,14.697517,14.809425,14.772133,14.660179,14.716171,14.790794,14.697517,14.809425,14.753487,14.809425,14.734833,14.697517,14.995636,14.809425,14.772133,14.921196,14.828064,14.883965,14.921196,14.734833,15.162895,14.809425,14.809425,14.939812,14.921196,14.753487,14.697517,14.790794,14.697517,14.809425,14.883965,14.772133,14.995636,14.828064,14.772133,14.883965,14.939812,14.995636,14.828064,14.977043,14.958420,14.902580,14.939812,14.883965,14.902580,14.995636,15.014244,14.883965,14.995636,14.883965,14.958420,14.958420,15.107178,14.921196,15.107178,14.995636,15.014244,14.958420,15.014244,14.772133,14.734833,14.753487,14.734833,14.622826,14.604141,14.716171,14.697517,14.660179,14.921196,14.678848,14.921196,14.716171,15.125755,15.144333,15.329842,15.107178,15.088600,14.977043,15.162895,15.051422,15.255684,15.125755,15.088600,15.162895,14.958420,14.902580,14.846703,14.995636,14.995636,14.753487,14.753487,14.902580,14.678848,14.734833,14.995636,14.660179,14.716171,14.846703,14.921196,14.902580,14.995636,15.032837,14.865326,14.921196,14.809425,14.790794,14.734833,14.548080,14.902580,14.883965,14.790794,14.734833,14.846703,15.014244,14.921196,14.939812,14.921196,14.828064,14.828064,14.828064,14.660179,14.846703,14.585457,14.641502,14.790794,14.641502,14.641502,14.622826,14.697517,14.641502,14.622826,14.641502,14.772133,14.846703,14.660179,14.660179,14.660179,14.585457,14.809425,14.678848,14.604141,14.697517,14.604141,14.883965,14.716171,14.753487,14.604141,14.734833,14.753487,14.604141,14.678848,14.566772,14.734833,14.790794,14.678848,14.697517,14.716171,14.678848,14.660179,14.753487,14.846703,14.828064,14.585457,14.772133,14.454552,14.772133,14.846703,14.734833,14.772133,14.678848,14.883965,14.697517,14.772133,14.790794,14.828064,14.697517,14.548080,14.772133,14.865326,14.977043,14.622826,14.809425,14.883965,14.939812,14.921196,14.604141,14.883965,14.846703,14.809425,14.809425,14.902580,14.846703,14.660179,14.921196,14.939812,14.958420,14.753487,14.921196,14.865326,15.088600,14.995636,14.790794,14.828064,14.809425,14.958420,
15.422462,15.422462,15.422462,15.107178,15.311302,15.144333,15.274223,15.292770,15.292770,15.292770,15.200020,15.088600,15.144333,15.144333,15.125755,15.125755,15.125755,15.255684,15.144333,15.385422,15.718163,15.884071,16.361572,16.836464,16.872887,17.706314,18.084076,18.334953,18.638596,18.852249,19.330948,19.613289,19.754082,19.841957,20.262413,20.192490,20.244934,20.227455,20.244934,20.454369,20.628487,20.209976,20.576286,20.454369,20.524055,20.349724,20.332268,20.558884,20.384621,20.471802,20.541473,20.576286,20.524055,20.611084,20.454369,20.732758,20.715385,20.871582,21.027458,20.940895,21.027458,21.044754,20.975533,20.992851,21.269310,21.200287,20.992851,21.096642,21.096642,21.148476,21.131203,21.321045,21.217552,21.165756,21.234810,21.441612,21.165756,21.441612,21.561981,21.544792,21.389961,21.647850,21.613518,21.699318,21.750755,21.853539,21.750755,21.853539,21.956161,21.853539,21.904861,22.058662,21.647850,21.853539,22.007431,22.075729,22.075729,21.939064,22.092789,22.024513,21.904861,22.109856,21.939064,22.058662,21.990349,22.058662,21.802162,22.075729,21.939064,22.007431,22.075729,21.921967,21.887764,21.904861,22.161018,22.161018,22.161018,22.092789,22.297272,22.263237,22.178062,22.178062,22.246208,22.297272,22.143959,22.382309,22.161018,22.314293,22.263237,22.246208,22.450264,22.126915,22.212143,22.212143,22.195107,22.297272,22.297272,22.365303,22.161018,22.314293,22.280251,22.280251,22.212143,22.297272,22.399300,22.416298,22.314293,22.314293,22.195107,22.212143,22.416298,22.382309,22.433289,22.484222,22.416298,22.450264,22.467247,22.602951,22.501198,22.314293,22.586006,22.416298,22.602951,22.518166,22.535133,22.535133,22.314293,22.092789,22.126915,22.161018,22.092789,22.229179,22.263237,22.229179,22.212143,22.126915,22.109856,22.041588,22.263237,22.195107,22.178062,22.109856,22.109856,22.212143,22.075729,22.041588,22.075729,22.058662,22.195107,22.092789,22.143959,22.297272,22.280251,22.297272,22.569054,22.331291,22.416298,22.365303,22.212143,22.229179,22.075729,22.109856,21.990349,21.939064,21.990349,21.750755,21.819290,21.956161,21.682167,21.699318,21.579163,21.561981,21.870644,21.716469,21.561981,21.579163,21.767891,21.630684,21.750755,21.802162,21.630684,21.733620,21.613518,21.716469,21.458817,21.699318,21.527603,21.613518,21.733620,21.665016,21.561981,21.596336,21.647850,21.716469,21.802162,21.665016,21.596336,21.785027,21.579163,21.682167,21.596336,21.527603,21.613518,21.493217,21.372734,21.579163,21.424393,21.579163,21.338272,21.286568,21.113914,21.424393,21.407181,21.286568,21.321045,21.372734,21.458817,21.113914,21.148476,21.183029,21.458817,21.217552,21.252068,21.113914,21.286568,21.217552,21.062057,21.338272,21.113914,20.992851,21.096642,20.992851,21.303802,21.269310,21.131203,21.269310,21.062057,21.321045,21.234810,21.234810,21.217552,21.234810,21.321045,21.200287,21.131203,21.113914,20.940895,20.992851,20.992851,20.715385,20.836899,20.871582,20.663254,20.732758,20.558884,20.576286,20.645866,20.628487,20.611084,20.611084,20.384621,20.367180,20.314804,20.262413,20.227455,20.174995,19.964821,19.841957,19.841957,19.701309,19.824394,19.824394,19.560417,19.595665,19.666115,19.683716,19.771667,19.560417,19.595665,19.489883,19.701309,19.472237,19.595665,19.560417,19.525154,19.683716,19.525154,19.401619,19.348618,19.207108,19.348618,19.348618,19.189407,19.171692,19.207108,19.189407,18.976631,19.118538,18.638596,18.567253,18.227524,17.976311,17.832420,17.543900,17.363060,16.654121,16.453102,16.233269,15.791931,15.422462,15.255684,15.237137,15.051422,14.995636,14.809425,14.939812,14.790794,14.548080,14.902580,14.939812,15.070015,14.958420,15.032837,15.070015,15.070015,14.977043,15.051422,15.125755,14.921196,15.200020,15.051422,15.162895,15.125755,15.237137,15.051422,15.125755,15.070015,15.144333,14.995636,14.977043,15.070015,15.051422,15.237137,15.014244,14.902580,15.032837,15.014244,15.014244,14.977043,15.088600,15.070015,15.014244,15.051422,14.921196,14.846703,14.846703,14.809425,14.939812,14.865326,14.828064,15.051422,14.846703,14.585457,15.070015,14.902580,15.014244,14.865326,14.958420,14.939812,14.697517,14.809425,14.790794,14.902580,14.790794,14.734833,14.716171,14.809425,14.772133,14.716171,14.809425,14.846703,14.865326,14.753487,14.902580,14.772133,14.939812,14.772133,14.753487,14.828064,14.846703,14.641502,14.716171,14.790794,14.809425,14.716171,14.846703,14.753487,14.622826,14.828064,14.734833,15.088600,14.865326,14.641502,14.660179,14.697517,14.939812,14.641502,14.809425,14.716171,14.772133,14.548080,14.790794,14.809425,14.772133,14.865326,14.883965,14.716171,14.809425,15.014244,14.809425,14.902580,14.846703,14.883965,14.790794,14.772133,14.828064,14.846703,14.865326,14.865326,14.977043,14.921196,14.939812,14.883965,14.865326,14.958420,15.051422,14.865326,14.902580,14.977043,15.070015,15.051422,15.032837,15.200020,14.939812,15.088600,15.107178,14.921196,14.921196,14.939812,14.995636,14.902580,14.883965,15.051422,15.051422,14.772133,14.641502,14.716171,14.548080,14.622826,14.958420,14.622826,14.641502,14.641502,14.641502,14.641502,14.734833,15.032837,14.921196,15.088600,15.181458,15.181458,15.144333,15.348373,15.107178,15.255684,15.292770,15.181458,15.014244,14.977043,15.088600,14.902580,14.939812,14.883965,14.753487,14.977043,14.865326,14.734833,14.734833,14.790794,14.828064,14.865326,14.828064,14.753487,15.051422,15.070015,14.883965,14.883965,14.902580,14.828064,14.902580,14.828064,14.921196,14.641502,14.921196,14.790794,14.790794,14.865326,14.995636,14.734833,14.846703,14.939812,14.809425,14.790794,14.678848,14.809425,14.734833,14.753487,14.734833,14.846703,14.548080,14.772133,14.753487,14.734833,14.828064,14.716171,14.809425,14.734833,14.977043,14.491982,14.510681,14.660179,14.790794,14.772133,14.716171,14.772133,14.697517,14.660179,14.660179,14.790794,14.716171,14.566772,14.734833,14.548080,14.958420,14.790794,14.604141,14.809425,14.734833,14.585457,14.753487,14.772133,14.660179,14.753487,14.585457,14.995636,14.809425,14.678848,14.846703,14.753487,14.809425,14.902580,14.716171,14.828064,14.865326,14.734833,15.088600,14.678848,14.716171,14.883965,14.865326,14.865326,14.716171,14.883965,14.846703,14.772133,15.051422,14.883965,14.846703,14.846703,14.865326,14.902580,14.790794,14.828064,14.902580,14.865326,14.828064,14.883965,14.828064,14.865326,14.977043,14.753487,14.939812,14.548080,14.902580,14.809425,14.939812,14.828064,14.828064,15.200020,15.200020,
15.348373,15.181458,15.311302,15.348373,15.348373,15.200020,15.292770,15.218575,15.181458,15.459480,15.218575,15.274223,15.014244,15.014244,15.088600,15.218575,15.125755,15.292770,15.237137,15.588913,15.588913,15.902481,16.398201,16.635872,16.909286,17.453522,17.814415,18.424385,18.370735,18.923340,19.401619,19.666115,19.648506,19.964821,19.929733,20.174995,20.279877,20.279877,20.506645,20.541473,20.454369,20.436943,20.384621,20.524055,20.244934,20.314804,20.471802,20.367180,20.227455,20.454369,20.384621,20.611084,20.367180,20.541473,20.506645,20.593697,20.819542,20.698021,20.854233,21.010155,20.958221,21.044754,20.992851,20.975533,21.131203,21.044754,20.906242,21.010155,20.888908,21.010155,21.096642,20.906242,21.113914,21.234810,21.372734,21.269310,21.286568,21.424393,21.338272,21.561981,21.389961,21.682167,21.527603,21.733620,21.699318,21.613518,21.733620,21.836411,21.733620,21.802162,21.802162,21.733620,21.887764,21.853539,21.904861,21.819290,21.819290,21.921967,21.939064,21.990349,21.887764,22.007431,22.109856,22.007431,22.314293,22.007431,21.904861,22.178062,21.921967,21.939064,21.973259,21.836411,22.007431,21.921967,21.870644,22.143959,22.058662,22.109856,22.058662,22.246208,22.178062,22.161018,22.161018,22.280251,22.143959,22.161018,22.280251,22.058662,22.109856,22.109856,22.212143,22.161018,22.212143,22.246208,22.246208,22.314293,22.348305,22.263237,22.212143,22.178062,22.314293,22.314293,22.195107,22.280251,22.365303,22.348305,22.331291,22.263237,22.314293,22.450264,22.280251,22.433289,22.297272,22.433289,22.433289,22.416298,22.450264,22.399300,22.382309,22.569054,22.365303,22.399300,22.552086,22.382309,22.178062,22.280251,22.348305,22.314293,22.297272,22.041588,22.058662,22.280251,22.143959,22.212143,21.921967,22.024513,22.178062,22.161018,22.058662,21.990349,21.973259,22.109856,22.263237,22.195107,22.143959,22.161018,22.161018,22.092789,22.041588,22.212143,22.246208,22.450264,22.229179,22.399300,22.297272,22.348305,22.229179,22.348305,22.229179,22.075729,22.161018,22.161018,22.109856,21.973259,21.870644,21.819290,21.990349,21.990349,21.819290,21.750755,21.699318,21.682167,21.802162,21.750755,21.716469,21.750755,21.699318,21.630684,21.544792,21.665016,21.630684,21.596336,21.596336,21.458817,21.647850,21.579163,21.441612,21.510414,21.665016,21.596336,21.767891,21.665016,21.613518,21.767891,21.630684,21.682167,21.682167,21.596336,21.579163,21.596336,21.596336,21.441612,21.544792,21.682167,21.579163,21.544792,21.286568,21.441612,21.252068,21.355507,21.286568,21.338272,21.131203,21.217552,21.286568,21.321045,21.303802,21.321045,21.113914,21.200287,21.286568,21.407181,21.113914,21.148476,21.217552,21.131203,21.131203,21.131203,20.958221,21.217552,21.113914,21.165756,21.200287,21.183029,21.148476,21.234810,21.234810,21.165756,21.200287,21.217552,21.200287,21.165756,21.165756,21.321045,21.148476,21.131203,21.062057,20.888908,20.750122,20.767487,20.663254,20.698021,20.593697,20.680634,20.645866,20.541473,20.645866,20.576286,20.611084,20.454369,20.244934,20.297348,20.227455,20.279877,20.052460,19.964821,20.017418,19.999893,19.877083,19.929733,19.666115,19.789246,19.666115,19.736496,19.560417,19.718910,19.648506,19.683716,19.824394,19.630898,19.560417,19.754082,19.666115,19.666115,19.648506,19.683716,19.507530,19.366287,19.277893,19.560417,19.242508,19.436943,19.189407,19.242508,19.242508,19.313263,19.047615,18.887802,18.781090,18.602928,18.352852,18.102013,17.958336,17.561958,17.218117,16.945679,16.617607,16.178230,15.699715,15.255684,15.422462,15.311302,14.958420,14.772133,14.883965,14.734833,14.846703,14.939812,14.921196,14.958420,14.902580,15.088600,15.181458,14.995636,15.107178,15.051422,15.162895,14.995636,15.255684,15.014244,14.995636,15.088600,15.107178,14.977043,15.051422,15.051422,15.014244,14.902580,14.995636,14.902580,15.014244,15.088600,15.070015,14.865326,14.958420,15.014244,14.995636,14.995636,15.070015,15.070015,14.939812,14.902580,14.995636,14.977043,14.846703,14.939812,14.939812,15.070015,15.070015,14.883965,14.846703,14.883965,14.902580,15.014244,14.772133,14.977043,14.828064,14.809425,14.846703,14.772133,14.846703,14.828064,14.883965,14.734833,14.809425,14.846703,14.939812,14.716171,14.809425,14.790794,14.995636,14.921196,14.902580,14.883965,14.622826,14.921196,14.865326,14.939812,14.716171,14.622826,14.828064,14.902580,14.809425,14.921196,14.697517,14.734833,14.921196,14.846703,14.753487,14.734833,14.753487,14.753487,14.734833,14.809425,14.883965,14.790794,14.678848,14.790794,14.865326,14.846703,14.678848,14.790794,14.716171,14.772133,14.678848,14.846703,14.809425,14.790794,14.510681,14.697517,14.753487,14.958420,14.678848,14.809425,14.902580,14.883965,14.939812,14.921196,14.790794,15.107178,14.958420,14.939812,14.828064,14.977043,14.977043,14.977043,14.753487,15.070015,14.809425,14.883965,15.070015,14.921196,14.921196,15.088600,14.902580,15.107178,14.902580,14.958420,15.070015,15.051422,14.995636,14.753487,14.883965,14.772133,14.902580,14.865326,14.604141,14.753487,14.398399,14.529381,14.473274,14.697517,14.678848,14.865326,14.716171,14.548080,15.032837,14.995636,15.237137,15.107178,15.070015,15.162895,15.274223,15.218575,15.218575,15.088600,15.051422,15.032837,14.977043,15.125755,15.162895,15.032837,14.790794,14.828064,14.846703,14.604141,14.678848,14.809425,14.548080,14.716171,14.772133,14.716171,14.828064,14.790794,14.828064,14.902580,14.939812,14.846703,14.977043,14.921196,14.828064,14.809425,15.088600,14.921196,14.865326,15.070015,14.716171,14.902580,14.865326,14.809425,14.883965,14.809425,15.107178,14.809425,14.641502,14.753487,14.902580,14.846703,14.734833,14.772133,14.585457,14.865326,14.734833,14.883965,14.435844,14.977043,14.883965,14.753487,14.828064,14.566772,14.772133,14.604141,14.604141,14.846703,14.846703,14.697517,14.865326,14.604141,14.566772,14.753487,14.846703,14.865326,14.641502,14.921196,14.772133,14.846703,14.790794,14.734833,14.883965,14.809425,14.604141,14.921196,14.678848,14.660179,14.697517,14.809425,14.902580,14.734833,14.678848,15.032837,14.641502,14.716171,14.660179,14.865326,15.014244,14.622826,14.790794,14.529381,14.622826,14.883965,14.772133,14.828064,14.921196,14.660179,14.753487,14.678848,14.958420,14.772133,14.902580,14.828064,14.604141,14.790794,14.939812,14.902580,14.734833,14.790794,14.958420,14.828064,14.846703,14.902580,14.865326,14.977043,14.902580,14.865326,14.828064,15.144333,15.070015,14.883965,14.865326,15.070015,
15.385422,15.366905,15.088600,15.311302,15.255684,15.032837,15.125755,15.125755,15.274223,15.274223,15.032837,15.125755,14.977043,14.977043,15.144333,15.107178,15.014244,15.162895,15.292770,15.459480,15.884071,15.920883,16.361572,16.909286,16.963875,17.344955,17.832420,18.191681,18.763298,19.047615,19.100807,19.578049,19.454590,20.034943,20.157509,20.192490,20.122513,20.384621,20.541473,20.436943,20.419502,20.489220,20.402061,20.506645,20.297348,20.436943,20.436943,20.489220,20.314804,20.209976,20.506645,20.471802,20.576286,20.593697,20.593697,20.715385,20.802200,20.888908,20.750122,21.027458,21.027458,20.888908,20.888908,20.923576,21.062057,20.975533,20.975533,21.044754,20.906242,20.992851,20.975533,21.027458,21.044754,21.131203,20.992851,21.303802,21.389961,21.407181,21.596336,21.338272,21.458817,21.441612,21.699318,21.579163,21.699318,21.750755,21.579163,21.665016,21.750755,21.596336,21.836411,21.767891,21.750755,21.699318,21.802162,21.750755,21.750755,21.870644,21.870644,21.561981,21.939064,21.904861,21.887764,21.939064,22.024513,22.109856,21.870644,22.143959,21.870644,21.733620,21.733620,21.699318,21.853539,22.041588,22.024513,22.041588,22.109856,22.058662,21.973259,22.092789,22.143959,22.092789,21.921967,22.263237,22.058662,22.212143,22.075729,22.092789,22.229179,22.195107,22.161018,22.161018,22.075729,22.109856,22.041588,22.126915,22.365303,22.212143,22.263237,22.143959,22.280251,22.348305,22.348305,22.280251,22.416298,22.314293,22.195107,22.331291,22.246208,22.467247,22.348305,22.314293,22.433289,22.569054,22.602951,22.382309,22.535133,22.535133,22.569054,22.586006,22.501198,22.535133,22.484222,22.433289,22.636833,22.331291,22.365303,22.331291,22.297272,22.212143,22.195107,21.973259,22.229179,22.212143,22.195107,22.109856,22.178062,22.195107,22.263237,22.195107,22.041588,22.195107,22.126915,22.212143,21.990349,22.297272,22.246208,22.195107,22.092789,22.178062,22.178062,22.280251,22.143959,22.348305,22.195107,22.348305,22.229179,22.297272,22.143959,22.212143,22.331291,22.314293,22.143959,22.058662,21.904861,21.990349,21.733620,21.887764,21.836411,21.647850,21.716469,21.647850,21.579163,21.665016,21.647850,21.699318,21.665016,21.579163,21.630684,21.682167,21.682167,21.750755,21.613518,21.510414,21.476021,21.561981,21.596336,21.544792,21.527603,21.458817,21.613518,21.733620,21.510414,21.665016,21.767891,21.527603,21.613518,21.665016,21.579163,21.441612,21.579163,21.527603,21.579163,21.579163,21.424393,21.269310,21.476021,21.200287,21.269310,21.493217,21.321045,21.458817,21.165756,21.321045,21.165756,21.286568,21.407181,21.407181,21.217552,21.303802,21.252068,21.252068,21.200287,21.148476,21.062057,21.148476,21.079346,21.165756,21.131203,21.131203,21.234810,21.096642,21.200287,21.113914,21.303802,21.252068,21.217552,21.441612,21.217552,21.252068,21.217552,21.096642,21.217552,21.407181,20.871582,21.165756,20.871582,20.888908,20.888908,20.992851,20.819542,20.767487,20.784843,20.611084,20.524055,20.628487,20.541473,20.576286,20.576286,20.279877,20.402061,20.279877,20.297348,20.227455,20.017418,20.227455,20.017418,19.841957,19.859520,19.683716,19.771667,19.701309,19.666115,19.701309,19.754082,19.648506,19.525154,19.560417,19.666115,19.701309,19.507530,19.595665,19.489883,19.666115,19.578049,19.507530,19.330948,19.454590,19.295586,19.348618,19.330948,19.171692,19.330948,19.401619,19.189407,19.065346,19.012123,19.047615,18.834473,18.442253,18.281258,18.030205,17.796410,17.634163,17.471611,17.054764,16.434807,16.159874,15.755058,15.311302,15.274223,15.200020,15.125755,14.902580,15.014244,14.846703,15.200020,14.977043,14.790794,14.977043,14.939812,15.125755,14.995636,15.329842,15.181458,15.051422,15.107178,15.162895,15.070015,15.107178,15.051422,15.144333,14.995636,15.051422,15.014244,15.181458,15.032837,15.070015,14.958420,15.218575,15.051422,15.014244,15.014244,15.051422,14.977043,14.995636,14.995636,15.107178,15.162895,15.070015,14.977043,14.883965,15.014244,14.865326,14.977043,14.828064,14.883965,15.014244,15.032837,14.939812,14.939812,15.070015,14.939812,14.902580,14.958420,15.014244,14.772133,14.790794,14.660179,14.846703,14.753487,14.828064,14.697517,14.734833,14.734833,14.716171,14.846703,14.809425,14.734833,14.772133,14.809425,14.902580,14.678848,14.809425,14.883965,14.958420,14.883965,14.809425,14.641502,14.995636,14.585457,14.921196,14.678848,14.846703,14.902580,14.697517,14.883965,14.604141,14.902580,14.753487,14.753487,14.753487,14.734833,14.790794,14.865326,14.678848,14.772133,15.014244,14.753487,14.828064,14.902580,14.828064,14.846703,14.958420,14.697517,14.846703,14.846703,14.734833,14.828064,14.734833,14.716171,14.809425,15.014244,14.828064,14.902580,14.622826,14.790794,14.883965,14.585457,14.846703,14.958420,14.995636,15.014244,15.200020,14.958420,15.162895,14.939812,14.772133,15.070015,14.939812,15.051422,15.014244,14.939812,14.977043,14.883965,15.088600,14.828064,15.088600,15.014244,15.051422,15.200020,14.977043,15.032837,14.939812,14.772133,15.014244,14.753487,14.809425,14.641502,14.473274,14.678848,14.734833,14.435844,14.958420,14.716171,14.828064,14.809425,14.958420,15.032837,15.144333,15.292770,15.200020,15.181458,15.237137,15.088600,15.292770,15.181458,15.292770,15.014244,15.014244,15.032837,14.977043,14.753487,14.790794,14.828064,14.939812,14.753487,14.585457,14.753487,14.678848,14.790794,14.809425,14.921196,14.772133,14.883965,14.958420,14.977043,14.995636,14.883965,14.995636,14.734833,14.772133,14.790794,14.902580,14.846703,14.697517,14.828064,14.846703,14.809425,14.921196,14.604141,14.772133,14.753487,14.846703,14.753487,14.958420,14.622826,14.697517,14.865326,14.772133,14.697517,14.697517,15.051422,14.660179,14.678848,14.809425,14.678848,14.772133,14.865326,14.660179,14.828064,14.809425,14.566772,14.809425,14.604141,14.734833,14.529381,14.622826,14.604141,14.678848,14.622826,14.902580,14.660179,14.734833,14.846703,14.753487,14.529381,14.585457,14.678848,14.660179,14.734833,14.641502,14.697517,14.772133,14.772133,14.921196,14.865326,14.772133,14.865326,14.604141,14.958420,14.734833,14.828064,14.977043,14.734833,14.753487,14.828064,14.865326,14.641502,14.641502,14.790794,14.753487,14.716171,14.809425,14.958420,14.809425,14.828064,14.772133,14.958420,14.529381,14.772133,14.846703,14.716171,14.660179,14.828064,14.622826,14.921196,14.939812,14.939812,14.977043,15.051422,14.977043,14.958420,15.014244,14.828064,14.921196,14.939812,15.162895,14.865326,15.088600,
15.459480,15.162895,14.902580,15.385422,15.255684,15.274223,15.348373,15.403938,15.218575,15.292770,14.995636,15.051422,14.902580,15.088600,15.329842,15.070015,15.125755,15.274223,15.237137,15.496475,15.791931,15.957695,16.178230,16.654121,17.036591,17.724342,17.958336,18.334953,18.567253,18.798889,19.295586,19.348618,19.771667,19.806816,20.157509,19.947273,20.262413,20.367180,20.314804,20.244934,20.471802,20.367180,20.174995,20.489220,20.454369,20.262413,20.244934,20.314804,20.436943,20.384621,20.297348,20.471802,20.367180,20.436943,20.471802,20.558884,20.715385,20.732758,20.923576,20.680634,20.680634,20.923576,20.906242,20.819542,21.027458,21.234810,20.784843,21.010155,21.131203,20.784843,20.975533,21.027458,20.975533,21.062057,20.992851,20.958221,21.234810,21.338272,21.183029,21.424393,21.303802,21.476021,21.424393,21.476021,21.544792,21.510414,21.476021,21.338272,21.647850,21.630684,21.733620,21.596336,21.613518,21.561981,21.750755,21.716469,21.682167,21.682167,21.733620,21.716469,21.767891,21.921967,21.870644,21.887764,21.785027,21.785027,21.785027,21.956161,21.716469,21.887764,21.733620,21.699318,21.802162,21.973259,21.853539,22.109856,21.904861,22.024513,22.007431,21.990349,21.939064,21.836411,22.246208,22.126915,21.990349,22.007431,22.092789,22.092789,22.041588,22.058662,22.075729,22.195107,21.990349,22.109856,22.075729,22.263237,22.092789,22.041588,22.195107,22.229179,22.297272,22.297272,22.297272,22.399300,22.416298,22.280251,22.246208,22.348305,22.246208,22.195107,22.280251,22.416298,22.450264,22.433289,22.348305,22.518166,22.382309,22.636833,22.484222,22.484222,22.501198,22.518166,22.518166,22.535133,22.263237,22.450264,22.058662,22.280251,22.161018,22.109856,22.007431,22.178062,22.229179,22.280251,22.229179,22.195107,22.161018,22.212143,22.212143,22.143959,22.092789,22.229179,22.126915,22.092789,22.143959,22.075729,22.075729,22.195107,22.314293,22.178062,22.126915,22.092789,22.229179,22.161018,22.297272,22.246208,21.990349,22.212143,22.161018,22.246208,21.870644,22.041588,21.973259,21.750755,21.785027,21.990349,21.819290,21.665016,21.493217,21.699318,21.785027,21.750755,21.665016,21.716469,21.750755,21.682167,21.699318,21.716469,21.733620,21.665016,21.716469,21.716469,21.802162,21.561981,21.596336,21.682167,21.647850,21.699318,21.493217,21.527603,21.733620,21.853539,21.510414,21.613518,21.767891,21.750755,21.647850,21.630684,21.699318,21.767891,21.613518,21.441612,21.665016,21.596336,21.630684,21.407181,21.561981,21.527603,21.476021,21.303802,21.458817,21.355507,21.286568,21.407181,21.321045,21.165756,21.252068,21.372734,21.286568,21.303802,21.183029,21.252068,21.355507,21.372734,21.148476,21.286568,21.200287,21.148476,21.234810,21.200287,21.200287,21.131203,21.355507,21.321045,21.252068,21.303802,21.200287,21.269310,21.200287,21.234810,21.355507,21.217552,21.131203,21.200287,21.165756,21.200287,21.010155,21.010155,20.732758,20.819542,20.784843,20.750122,20.819542,20.628487,20.715385,20.541473,20.471802,20.541473,20.332268,20.402061,20.279877,20.349724,20.174995,20.122513,20.279877,20.209976,19.982353,20.034943,19.824394,19.894638,19.877083,19.718910,19.789246,19.630898,19.718910,19.666115,19.666115,19.542793,19.666115,19.419281,19.613289,19.630898,19.578049,19.595665,19.525154,19.383957,19.507530,19.401619,19.419281,19.472237,19.330948,19.383957,19.313263,19.295586,19.330948,18.994377,18.941109,18.852249,18.602928,18.798889,18.370735,17.940361,17.778404,17.525826,16.963875,16.800026,16.416496,15.994492,15.865646,15.440964,15.162895,15.200020,15.144333,15.088600,15.032837,14.865326,15.014244,14.753487,14.977043,14.958420,14.809425,15.032837,15.014244,15.051422,15.088600,14.883965,15.181458,15.107178,15.162895,14.995636,15.162895,15.144333,14.865326,15.070015,14.958420,15.107178,15.125755,15.088600,15.070015,15.181458,15.051422,15.032837,14.902580,15.107178,14.939812,14.921196,14.977043,14.902580,15.051422,15.051422,15.014244,14.958420,14.977043,14.958420,14.865326,14.939812,15.032837,14.921196,15.125755,14.865326,14.958420,14.772133,14.958420,15.032837,14.716171,14.809425,14.753487,14.697517,14.902580,14.902580,14.846703,14.753487,14.678848,14.697517,14.734833,14.883965,14.865326,14.809425,14.865326,14.865326,14.902580,14.939812,14.902580,14.921196,14.772133,14.958420,14.846703,14.846703,14.753487,14.753487,14.809425,14.809425,14.772133,14.660179,14.772133,14.977043,14.697517,14.846703,14.977043,14.809425,14.753487,14.865326,14.678848,14.604141,14.660179,14.734833,14.772133,14.753487,14.716171,14.641502,14.958420,14.977043,14.716171,14.753487,14.734833,14.790794,14.716171,14.641502,14.734833,14.809425,14.828064,14.828064,14.716171,14.921196,14.846703,14.846703,14.958420,14.697517,14.697517,14.846703,14.939812,14.809425,15.051422,14.697517,14.753487,15.051422,14.846703,14.977043,14.958420,15.014244,15.014244,14.939812,15.014244,14.902580,14.939812,14.921196,14.883965,14.921196,14.865326,14.995636,14.995636,14.921196,14.865326,15.070015,14.809425,14.734833,14.548080,14.846703,14.641502,14.342201,14.566772,14.697517,14.529381,14.753487,14.716171,14.454552,14.846703,14.809425,15.144333,15.144333,15.162895,15.366905,15.292770,15.070015,15.311302,15.107178,15.218575,15.162895,15.014244,15.162895,14.977043,14.902580,15.051422,14.939812,14.809425,14.921196,14.716171,14.753487,14.510681,14.734833,14.790794,14.846703,14.622826,14.641502,14.697517,14.716171,14.883965,14.622826,14.865326,14.939812,14.846703,14.977043,14.828064,14.883965,14.883965,14.678848,14.790794,14.865326,14.790794,14.641502,14.883965,14.883965,14.995636,14.902580,14.790794,14.772133,14.660179,14.865326,14.734833,14.902580,14.883965,14.566772,14.697517,14.772133,14.921196,14.809425,14.753487,14.772133,14.809425,14.697517,14.604141,14.790794,14.622826,14.641502,14.772133,14.566772,14.660179,14.734833,14.585457,14.790794,14.678848,14.604141,14.585457,14.828064,14.809425,14.678848,14.660179,14.716171,14.529381,14.697517,14.753487,14.790794,14.604141,14.678848,14.697517,14.734833,14.641502,14.977043,14.566772,14.772133,14.828064,14.678848,15.051422,14.828064,14.753487,14.678848,14.660179,14.846703,14.958420,14.734833,14.734833,14.716171,14.790794,14.921196,14.846703,14.883965,14.772133,14.809425,14.958420,14.921196,14.828064,14.865326,14.678848,14.883965,15.051422,14.828064,14.939812,14.828064,15.107178,15.032837,14.828064,14.902580,14.883965,14.697517,14.958420,14.828064,14.958420,15.125755,15.051422,15.107178,
15.274223,15.218575,15.051422,15.181458,15.032837,15.032837,15.144333,15.366905,15.311302,15.032837,14.921196,15.274223,15.014244,15.200020,15.237137,15.032837,15.014244,15.125755,15.274223,15.514977,15.625862,15.957695,16.416496,16.745338,16.854668,17.381157,17.760384,18.119965,18.656418,19.065346,19.153984,19.366287,19.701309,19.929733,20.052460,19.964821,20.157509,20.524055,20.332268,20.611084,20.314804,20.349724,20.314804,20.419502,20.419502,20.314804,20.262413,20.069977,20.297348,20.471802,20.384621,20.384621,20.506645,20.367180,20.541473,20.524055,20.715385,20.645866,20.888908,21.131203,20.906242,20.819542,20.836899,21.010155,20.923576,21.062057,20.871582,21.010155,21.079346,21.113914,20.871582,20.992851,20.802200,21.113914,20.958221,21.079346,21.183029,21.234810,21.096642,21.321045,21.458817,21.131203,21.338272,21.596336,21.527603,21.476021,21.476021,21.665016,21.476021,21.493217,21.338272,21.458817,21.613518,21.561981,21.596336,21.785027,21.767891,21.750755,21.682167,21.802162,21.733620,21.699318,21.630684,21.785027,21.785027,21.802162,21.716469,21.904861,21.785027,21.853539,21.544792,21.682167,21.767891,21.802162,21.956161,22.109856,21.767891,21.785027,21.853539,21.939064,21.802162,21.990349,21.990349,21.956161,22.007431,21.939064,21.973259,21.939064,21.973259,21.887764,22.075729,21.904861,22.024513,22.041588,21.904861,22.280251,22.314293,22.143959,22.280251,22.467247,22.263237,22.518166,22.331291,22.178062,22.297272,22.382309,22.297272,22.382309,22.348305,22.382309,22.382309,22.416298,22.416298,22.450264,22.365303,22.518166,22.602951,22.484222,22.348305,22.518166,22.484222,22.331291,22.416298,22.382309,22.365303,22.382309,22.365303,22.280251,22.092789,21.921967,22.263237,22.348305,22.382309,22.195107,22.212143,22.280251,22.399300,22.246208,22.297272,22.109856,22.143959,22.348305,22.280251,22.041588,22.092789,22.263237,22.041588,22.092789,22.195107,22.297272,22.280251,22.126915,22.195107,22.161018,22.382309,22.212143,22.246208,22.143959,22.092789,22.161018,22.143959,22.178062,22.075729,22.109856,21.956161,21.904861,21.733620,21.785027,21.699318,21.613518,21.476021,21.561981,21.904861,21.647850,21.665016,21.647850,21.476021,21.836411,21.647850,21.665016,21.458817,21.665016,21.630684,21.647850,21.647850,21.699318,21.510414,21.665016,21.767891,21.613518,21.613518,21.802162,21.887764,21.887764,21.904861,21.802162,21.785027,21.733620,21.596336,21.733620,21.510414,21.716469,21.596336,21.458817,21.458817,21.321045,21.441612,21.338272,21.269310,21.372734,21.252068,21.372734,21.286568,21.372734,21.217552,21.217552,21.303802,21.338272,21.355507,21.389961,21.217552,21.252068,21.286568,21.113914,21.303802,21.303802,21.252068,21.303802,21.183029,21.217552,21.200287,21.096642,21.079346,21.286568,21.424393,21.183029,21.131203,21.338272,21.286568,21.389961,21.148476,21.338272,21.096642,21.148476,21.321045,20.958221,21.010155,20.871582,20.802200,20.645866,20.784843,20.854233,20.524055,20.506645,20.471802,20.611084,20.454369,20.506645,20.489220,20.541473,20.419502,20.227455,20.279877,20.262413,20.279877,20.122513,19.982353,19.999893,19.877083,19.999893,19.824394,19.859520,19.383957,19.841957,19.666115,19.701309,19.578049,19.701309,19.507530,19.613289,19.718910,19.666115,19.789246,19.648506,19.489883,19.525154,19.436943,19.578049,19.277893,19.401619,19.348618,19.242508,19.136261,19.348618,19.277893,19.118538,19.153984,18.834473,18.852249,18.477982,18.281258,18.084076,17.670250,17.507759,17.145554,16.945679,16.526253,16.049652,15.607391,15.625862,15.329842,15.125755,15.051422,14.977043,15.032837,14.809425,14.902580,14.790794,14.958420,14.846703,14.939812,14.995636,14.939812,14.958420,14.846703,15.032837,15.088600,14.977043,15.274223,15.014244,15.107178,15.181458,15.107178,14.939812,15.162895,14.939812,15.088600,15.088600,15.051422,14.790794,15.125755,15.070015,15.032837,14.883965,14.977043,15.051422,15.088600,15.181458,14.958420,15.107178,14.902580,14.902580,14.883965,14.846703,14.977043,15.014244,15.088600,14.995636,14.883965,14.902580,14.958420,15.032837,14.921196,15.032837,14.734833,14.809425,14.958420,14.846703,14.902580,14.977043,14.697517,14.697517,14.753487,14.716171,14.697517,14.809425,14.809425,14.902580,14.883965,14.790794,14.734833,14.790794,14.697517,14.809425,14.977043,14.995636,14.734833,14.846703,14.772133,14.753487,14.809425,14.883965,14.491982,14.753487,14.772133,14.753487,14.790794,14.790794,14.734833,14.753487,14.753487,14.716171,14.883965,14.958420,14.809425,14.790794,14.772133,14.883965,14.716171,14.697517,14.846703,14.772133,14.809425,14.809425,14.772133,14.678848,14.772133,14.753487,14.828064,14.846703,14.939812,14.828064,14.883965,14.902580,14.995636,14.790794,14.902580,14.846703,14.790794,14.902580,15.014244,14.883965,14.790794,15.032837,14.939812,15.014244,14.772133,14.828064,14.716171,15.070015,14.939812,14.772133,14.977043,14.958420,14.977043,15.088600,14.921196,14.883965,14.939812,15.070015,14.883965,14.772133,14.921196,14.977043,14.809425,14.753487,14.846703,14.660179,14.734833,14.641502,14.548080,14.641502,14.604141,14.772133,14.548080,14.697517,14.977043,14.939812,15.125755,15.051422,14.995636,15.274223,15.107178,15.440964,15.144333,15.162895,15.181458,15.200020,15.274223,14.958420,14.995636,14.902580,14.790794,14.865326,14.753487,14.809425,14.622826,14.716171,14.604141,14.753487,14.660179,14.753487,14.772133,14.846703,14.790794,14.846703,14.939812,14.883965,14.734833,14.902580,14.958420,14.883965,15.032837,15.107178,14.790794,14.716171,14.772133,14.921196,14.622826,14.846703,14.753487,14.753487,14.753487,14.660179,14.809425,14.622826,14.641502,14.883965,14.604141,14.734833,14.809425,14.790794,14.660179,14.734833,15.014244,14.697517,14.753487,14.641502,14.790794,14.622826,14.641502,14.790794,14.678848,14.865326,14.529381,14.772133,14.473274,14.697517,14.585457,14.435844,14.790794,14.846703,14.697517,14.902580,14.753487,14.790794,14.883965,14.790794,14.622826,14.660179,14.491982,14.790794,14.716171,14.734833,14.809425,14.809425,14.883965,14.902580,14.734833,14.865326,14.716171,14.846703,14.734833,14.716171,14.790794,14.753487,14.716171,14.790794,14.828064,14.772133,14.809425,14.865326,14.697517,14.753487,14.958420,14.772133,14.809425,14.883965,14.790794,14.641502,15.088600,15.032837,14.865326,14.921196,14.772133,14.846703,15.125755,14.828064,14.995636,14.790794,14.995636,14.790794,14.902580,15.181458,14.790794,14.921196,14.995636,15.070015,15.032837,14.883965,
15.329842,15.274223,15.107178,15.181458,15.051422,15.237137,15.200020,15.032837,15.162895,15.292770,15.181458,15.125755,14.828064,15.107178,14.977043,14.977043,15.088600,15.162895,15.514977,15.514977,15.736610,16.012886,16.306610,16.745338,17.236252,17.417351,17.778404,18.299164,18.513702,18.870033,19.472237,19.648506,19.806816,19.771667,19.964821,20.332268,20.262413,20.297348,20.454369,20.471802,20.384621,20.314804,20.471802,20.524055,20.262413,20.297348,20.192490,20.279877,20.332268,20.454369,20.332268,20.105003,20.209976,20.297348,20.349724,20.611084,20.541473,20.645866,20.819542,20.871582,20.680634,20.975533,21.010155,20.940895,20.940895,20.992851,20.819542,20.767487,20.975533,20.940895,20.940895,20.819542,20.992851,20.923576,21.010155,21.148476,21.062057,21.079346,21.062057,21.148476,21.372734,21.630684,21.286568,21.303802,21.286568,21.183029,21.303802,21.355507,21.096642,21.338272,21.441612,21.303802,21.424393,21.544792,21.476021,21.510414,21.682167,21.647850,21.682167,21.682167,21.887764,21.716469,21.767891,21.596336,21.527603,21.699318,21.596336,21.870644,21.750755,21.785027,21.579163,21.767891,21.579163,21.750755,21.956161,21.870644,21.785027,21.630684,21.836411,21.767891,21.921967,22.075729,21.853539,21.836411,21.939064,21.699318,21.733620,21.904861,21.973259,21.921967,21.785027,21.904861,21.956161,21.785027,22.024513,22.161018,22.178062,22.212143,22.246208,22.263237,22.178062,22.297272,22.314293,22.280251,22.178062,22.365303,22.552086,22.246208,22.382309,22.365303,22.314293,22.314293,22.348305,22.331291,22.314293,22.416298,22.518166,22.416298,22.399300,22.382309,22.365303,22.467247,22.399300,22.467247,22.467247,22.467247,22.178062,22.161018,22.212143,22.212143,22.092789,22.263237,22.314293,22.195107,22.075729,22.229179,22.126915,22.399300,22.314293,22.195107,22.331291,22.161018,22.246208,22.178062,22.075729,22.280251,22.007431,22.041588,22.041588,22.161018,22.041588,22.092789,22.143959,22.058662,22.195107,22.178062,22.229179,22.126915,22.075729,22.246208,21.956161,21.990349,21.973259,21.870644,21.853539,21.853539,21.665016,21.579163,21.682167,21.596336,21.647850,21.579163,21.579163,21.733620,21.458817,21.682167,21.596336,21.579163,21.699318,21.561981,21.665016,21.699318,21.665016,21.767891,21.750755,21.750755,21.682167,21.665016,21.596336,21.699318,21.836411,21.785027,21.716469,21.733620,21.733620,21.699318,21.682167,21.836411,21.716469,21.682167,21.716469,21.699318,21.527603,21.493217,21.579163,21.493217,21.527603,21.441612,21.355507,21.338272,21.217552,21.355507,21.355507,21.269310,21.079346,21.303802,21.269310,21.321045,21.217552,21.148476,21.286568,21.200287,21.286568,21.286568,21.321045,21.183029,21.355507,21.183029,21.096642,21.148476,21.200287,21.217552,21.131203,21.148476,21.252068,21.200287,21.286568,21.269310,21.303802,21.252068,21.338272,21.217552,21.079346,21.027458,21.079346,21.079346,20.871582,20.906242,20.802200,20.750122,20.819542,20.732758,20.784843,20.645866,20.506645,20.454369,20.611084,20.558884,20.524055,20.297348,20.332268,20.436943,20.297348,20.174995,20.105003,20.157509,20.262413,19.929733,19.824394,19.982353,19.824394,19.701309,19.666115,19.754082,19.859520,19.894638,19.595665,19.718910,19.736496,19.525154,19.613289,19.595665,19.736496,19.666115,19.595665,19.718910,19.401619,19.560417,19.472237,19.454590,19.313263,19.260208,19.401619,19.153984,19.118538,19.207108,18.976631,18.905579,18.870033,18.495850,18.191681,18.155830,17.814415,17.616119,17.163704,16.945679,16.581078,16.123146,15.884071,15.440964,15.422462,15.032837,14.939812,15.088600,14.939812,15.014244,14.846703,15.051422,14.865326,14.939812,15.070015,15.051422,15.070015,15.107178,15.051422,15.200020,15.144333,15.162895,15.088600,15.032837,15.181458,15.237137,15.051422,15.032837,14.995636,15.125755,14.883965,15.125755,14.939812,15.125755,15.088600,15.162895,14.995636,15.088600,15.144333,15.051422,14.977043,14.977043,14.958420,15.107178,14.902580,14.921196,14.772133,14.939812,14.977043,14.902580,15.125755,14.846703,14.883965,14.977043,15.032837,15.032837,14.939812,14.846703,15.014244,14.995636,14.846703,14.977043,14.753487,14.865326,14.790794,14.716171,14.902580,14.921196,14.828064,14.846703,14.846703,14.921196,14.809425,14.828064,14.902580,14.772133,14.809425,14.958420,14.772133,14.809425,14.846703,14.772133,14.809425,14.865326,14.678848,14.883965,14.772133,14.902580,14.809425,14.883965,14.846703,14.585457,14.846703,14.846703,14.809425,14.772133,14.660179,14.790794,14.958420,14.790794,14.902580,14.734833,14.772133,14.921196,14.790794,14.977043,14.697517,14.883965,14.697517,14.902580,14.772133,14.977043,14.977043,14.883965,14.753487,14.828064,14.809425,14.753487,14.622826,14.921196,14.865326,14.772133,14.902580,14.902580,15.014244,14.958420,14.958420,14.622826,14.958420,14.921196,14.921196,15.088600,14.977043,14.921196,15.070015,15.051422,15.107178,14.939812,15.162895,14.958420,14.883965,15.051422,15.051422,14.865326,14.995636,14.734833,14.958420,14.883965,14.883965,14.828064,14.753487,14.641502,14.529381,14.622826,14.566772,14.548080,14.660179,14.809425,14.566772,14.828064,14.753487,14.977043,15.051422,15.162895,15.237137,15.088600,15.274223,15.255684,14.995636,15.088600,15.144333,15.144333,15.070015,15.181458,14.939812,15.051422,14.772133,14.977043,14.716171,14.716171,14.660179,14.697517,14.772133,14.548080,14.772133,14.697517,14.753487,14.977043,15.051422,15.051422,14.790794,14.846703,14.902580,15.107178,14.846703,14.977043,14.958420,14.753487,14.734833,14.902580,14.772133,14.902580,14.809425,14.902580,14.716171,14.865326,14.828064,14.622826,14.753487,14.809425,14.865326,14.828064,14.772133,14.716171,14.641502,14.753487,14.697517,14.809425,14.865326,14.846703,14.697517,14.772133,14.753487,14.678848,14.753487,14.902580,14.772133,14.697517,14.753487,14.734833,14.660179,14.734833,14.678848,14.883965,14.604141,14.883965,14.790794,14.865326,14.772133,14.548080,14.753487,14.921196,14.902580,14.734833,14.566772,14.828064,14.753487,14.734833,14.772133,14.790794,14.678848,14.790794,14.697517,14.865326,14.809425,14.865326,14.678848,14.772133,14.753487,14.958420,14.865326,14.865326,14.585457,14.828064,14.641502,14.902580,14.809425,14.939812,14.846703,14.809425,14.958420,14.939812,14.716171,14.716171,14.995636,14.716171,14.790794,14.883965,14.716171,14.772133,14.883965,14.678848,14.753487,14.977043,14.939812,14.790794,14.828064,14.865326,14.921196,14.958420,14.995636,14.865326,15.200020,15.032837,
15.366905,15.181458,15.181458,15.088600,15.070015,15.070015,15.144333,15.162895,15.200020,15.088600,14.977043,15.162895,15.014244,15.032837,15.237137,14.958420,15.107178,15.014244,15.385422,15.477974,15.551949,15.884071,16.159874,16.672379,17.218117,17.543900,17.814415,18.317062,18.567253,18.923340,19.277893,19.560417,19.613289,20.087494,20.069977,20.244934,20.174995,20.332268,20.262413,20.506645,20.209976,20.506645,20.244934,20.297348,20.471802,20.454369,20.489220,20.297348,20.367180,20.105003,20.227455,20.384621,20.297348,20.227455,20.384621,20.489220,20.367180,20.541473,20.750122,20.819542,20.854233,20.888908,20.645866,20.802200,20.871582,20.940895,20.802200,20.819542,20.940895,20.906242,20.958221,21.062057,20.836899,20.923576,21.096642,21.096642,20.992851,20.923576,21.131203,21.234810,21.113914,21.113914,21.252068,21.269310,21.044754,21.131203,21.372734,21.389961,21.303802,21.338272,21.321045,21.407181,21.217552,21.372734,21.510414,21.493217,21.596336,21.476021,21.665016,21.630684,21.682167,21.527603,21.716469,21.544792,21.682167,21.716469,21.699318,21.630684,21.579163,21.579163,21.716469,21.561981,21.647850,21.561981,21.630684,21.750755,21.785027,21.819290,21.733620,21.870644,21.785027,21.802162,21.767891,21.767891,21.596336,21.785027,21.802162,21.733620,21.733620,21.819290,21.819290,21.819290,21.939064,21.665016,21.921967,22.041588,22.007431,22.178062,22.143959,22.126915,22.178062,22.229179,22.399300,22.314293,22.416298,22.416298,22.229179,22.365303,22.467247,22.399300,22.365303,22.416298,22.348305,22.297272,22.348305,22.467247,22.467247,22.670708,22.399300,22.433289,22.331291,22.518166,22.365303,22.535133,22.467247,22.399300,22.331291,22.297272,22.348305,22.161018,22.092789,22.297272,22.246208,22.348305,22.365303,22.212143,22.297272,22.535133,22.365303,22.382309,22.365303,22.416298,22.143959,22.109856,22.075729,21.904861,21.990349,22.109856,22.126915,22.075729,22.109856,22.058662,22.058662,22.075729,22.024513,22.058662,21.956161,22.229179,22.092789,22.075729,21.990349,22.178062,21.956161,21.939064,21.767891,21.802162,21.630684,21.544792,21.630684,21.476021,21.647850,21.767891,21.561981,21.699318,21.561981,21.767891,21.561981,21.544792,21.785027,21.682167,21.699318,21.699318,21.665016,21.647850,21.510414,21.665016,21.716469,21.750755,21.596336,21.716469,21.785027,21.682167,21.870644,21.802162,21.870644,21.682167,21.990349,21.767891,21.699318,21.733620,21.665016,21.682167,21.596336,21.630684,21.596336,21.647850,21.682167,21.510414,21.441612,21.234810,21.269310,21.269310,21.458817,21.389961,21.269310,21.269310,21.544792,21.183029,21.407181,21.321045,21.321045,21.286568,21.200287,21.217552,21.165756,21.286568,21.183029,21.234810,21.303802,21.113914,21.234810,21.079346,21.027458,21.131203,21.252068,21.200287,21.321045,21.321045,21.148476,21.183029,21.113914,21.148476,21.165756,21.062057,21.079346,21.027458,21.113914,20.958221,20.802200,20.750122,20.923576,20.958221,20.541473,20.628487,20.732758,20.454369,20.454369,20.454369,20.471802,20.332268,20.297348,20.402061,20.402061,20.105003,20.297348,20.069977,20.122513,19.982353,19.929733,19.894638,19.929733,19.683716,19.982353,19.754082,19.771667,19.701309,19.683716,19.736496,19.718910,19.666115,19.542793,19.648506,19.613289,19.560417,19.383957,19.666115,19.454590,19.419281,19.454590,19.348618,19.401619,19.277893,19.277893,19.348618,19.277893,19.383957,18.941109,18.994377,18.549400,18.334953,18.119965,17.994278,17.688278,17.561958,17.254379,16.781799,16.471397,16.214928,15.810371,15.828796,15.311302,15.274223,15.144333,14.939812,14.995636,14.939812,14.921196,14.790794,14.865326,14.828064,14.809425,15.162895,15.088600,15.107178,14.828064,15.051422,15.144333,15.237137,15.181458,15.200020,15.032837,15.162895,15.051422,15.070015,15.181458,15.329842,14.977043,14.902580,15.218575,14.995636,14.995636,15.014244,15.070015,15.237137,15.162895,14.883965,15.014244,15.014244,14.902580,14.921196,14.977043,15.051422,14.958420,14.921196,14.921196,15.070015,14.828064,14.902580,15.144333,14.939812,14.809425,14.939812,14.828064,14.716171,14.977043,14.902580,14.921196,14.939812,14.883965,15.125755,14.846703,14.753487,14.734833,14.828064,14.865326,14.921196,14.846703,14.883965,14.846703,14.809425,14.753487,14.753487,14.772133,14.716171,14.883965,14.846703,14.958420,14.865326,14.809425,14.772133,14.902580,14.939812,14.622826,14.753487,14.790794,14.660179,14.790794,14.883965,14.697517,14.809425,14.902580,14.660179,14.641502,14.660179,14.641502,14.716171,14.809425,14.883965,14.846703,14.790794,14.585457,14.846703,14.828064,15.070015,14.716171,14.772133,14.865326,14.828064,14.846703,14.958420,14.753487,14.846703,14.660179,14.865326,14.995636,14.809425,14.977043,14.995636,14.958420,14.865326,14.921196,14.865326,14.865326,14.753487,14.828064,15.051422,14.977043,14.865326,14.846703,14.902580,14.828064,15.237137,15.237137,15.051422,14.902580,15.144333,14.921196,15.070015,15.032837,14.977043,15.014244,15.014244,14.939812,14.977043,14.716171,14.958420,14.678848,14.828064,14.604141,14.585457,14.510681,14.753487,14.678848,14.790794,14.585457,14.734833,14.883965,14.772133,14.883965,14.977043,15.218575,15.348373,15.032837,15.051422,15.051422,15.218575,14.939812,15.200020,14.939812,14.995636,15.181458,14.772133,15.051422,14.902580,14.828064,14.548080,14.790794,14.697517,14.641502,14.566772,14.809425,14.697517,14.809425,14.958420,14.865326,14.809425,14.772133,14.846703,14.828064,14.809425,14.846703,15.032837,14.865326,14.865326,14.828064,14.734833,14.716171,14.865326,14.566772,14.846703,14.809425,14.883965,14.809425,14.622826,14.641502,14.790794,14.678848,14.828064,14.678848,14.921196,14.790794,14.678848,14.753487,14.790794,14.716171,14.697517,14.660179,14.678848,14.865326,14.790794,14.734833,14.772133,14.622826,14.604141,14.622826,14.734833,14.716171,14.716171,14.678848,14.753487,14.790794,14.716171,14.548080,14.585457,14.529381,14.641502,14.753487,14.921196,14.734833,14.809425,14.660179,14.753487,14.753487,14.809425,14.734833,14.828064,14.622826,14.790794,14.753487,14.828064,14.622826,14.828064,14.697517,14.790794,14.828064,14.772133,14.846703,14.566772,14.753487,14.977043,14.790794,14.865326,14.995636,14.772133,14.790794,14.641502,14.977043,14.809425,15.032837,14.828064,14.828064,14.977043,14.828064,14.772133,14.828064,14.734833,14.846703,14.772133,14.865326,14.846703,15.088600,14.883965,14.790794,14.865326,14.809425,14.883965,14.772133,14.902580,15.162895,14.865326,
15.422462,15.200020,15.237137,14.939812,15.162895,15.125755,15.200020,15.292770,15.274223,15.088600,15.051422,15.014244,15.237137,15.051422,14.865326,15.107178,15.237137,15.107178,15.329842,15.459480,15.644325,15.847229,16.178230,16.654121,17.072929,17.344955,17.904396,18.227524,18.549400,18.958870,19.171692,19.489883,19.630898,19.912178,20.017418,20.349724,20.279877,20.314804,20.262413,20.524055,20.419502,20.454369,20.436943,20.262413,20.541473,20.558884,20.506645,20.262413,20.087494,20.140007,20.105003,20.262413,20.157509,20.314804,20.454369,20.367180,20.576286,20.750122,20.750122,21.165756,20.784843,20.819542,20.958221,20.750122,20.871582,20.888908,20.819542,20.836899,20.732758,20.854233,20.854233,20.680634,21.062057,20.802200,20.819542,21.010155,20.958221,20.906242,20.906242,21.027458,20.958221,21.079346,21.217552,21.165756,21.062057,21.200287,21.131203,21.424393,21.234810,20.958221,21.303802,21.407181,21.338272,21.441612,21.234810,21.441612,21.544792,21.355507,21.458817,21.407181,21.699318,21.561981,21.476021,21.493217,21.493217,21.630684,21.613518,21.579163,21.510414,21.493217,21.561981,21.613518,21.476021,21.544792,21.630684,21.716469,21.510414,21.750755,21.699318,21.733620,21.647850,21.389961,21.647850,21.785027,21.630684,21.819290,21.699318,21.819290,21.887764,21.836411,21.750755,21.819290,21.750755,21.853539,22.075729,21.921967,21.973259,22.143959,22.109856,22.246208,22.263237,22.212143,22.467247,22.348305,22.263237,22.450264,22.297272,22.501198,22.297272,22.518166,22.535133,22.433289,22.348305,22.484222,22.212143,22.382309,22.467247,22.314293,22.484222,22.535133,22.416298,22.467247,22.467247,22.535133,22.501198,22.382309,22.348305,22.195107,22.348305,22.382309,22.382309,22.348305,22.297272,22.348305,22.280251,22.399300,22.416298,22.382309,22.280251,22.399300,22.348305,22.314293,22.263237,22.263237,22.195107,22.280251,22.331291,21.956161,22.092789,22.058662,22.126915,21.990349,22.143959,22.161018,22.024513,22.058662,21.887764,22.109856,21.990349,22.058662,21.939064,21.836411,22.024513,21.819290,21.836411,21.870644,21.613518,21.733620,21.785027,21.596336,21.682167,21.682167,21.699318,21.613518,21.458817,21.716469,21.819290,21.682167,21.716469,21.750755,21.458817,21.836411,21.733620,21.767891,21.767891,21.699318,21.750755,21.647850,21.767891,21.853539,22.024513,21.819290,21.785027,21.870644,21.973259,21.733620,21.682167,21.836411,21.836411,21.870644,21.819290,21.802162,21.647850,21.682167,21.544792,21.682167,21.579163,21.441612,21.476021,21.183029,21.424393,21.355507,21.321045,21.407181,21.476021,21.561981,21.458817,21.286568,21.544792,21.493217,21.321045,21.424393,21.269310,21.303802,21.113914,21.062057,21.234810,21.183029,21.200287,21.200287,20.923576,21.234810,21.079346,21.148476,21.200287,21.355507,21.079346,21.234810,21.338272,21.148476,21.321045,21.148476,21.079346,21.131203,21.027458,21.010155,21.113914,20.802200,21.010155,20.819542,20.680634,20.732758,20.854233,20.593697,20.698021,20.663254,20.593697,20.576286,20.593697,20.576286,20.576286,20.524055,20.262413,20.140007,20.297348,20.262413,20.052460,20.034943,20.069977,19.912178,20.122513,19.912178,19.771667,19.789246,19.929733,19.877083,19.824394,19.877083,19.630898,19.754082,19.789246,19.666115,19.560417,19.578049,19.666115,19.578049,19.419281,19.454590,19.277893,19.507530,19.189407,19.224815,19.295586,19.136261,19.313263,19.153984,19.029869,18.994377,18.763298,18.531555,18.209602,18.012245,17.652206,17.344955,17.218117,16.909286,16.379883,16.141510,15.865646,15.570435,15.144333,15.144333,14.921196,15.070015,14.865326,14.939812,14.977043,15.014244,14.902580,15.032837,14.977043,15.181458,14.846703,15.200020,15.144333,15.255684,15.125755,14.977043,15.274223,14.939812,14.958420,15.274223,14.921196,15.107178,14.995636,15.088600,15.181458,15.107178,15.107178,15.051422,15.032837,14.995636,15.032837,14.977043,14.977043,14.902580,15.014244,15.088600,14.921196,15.070015,14.977043,15.070015,14.977043,14.958420,15.032837,14.995636,14.977043,14.902580,14.790794,14.939812,14.958420,15.014244,14.939812,15.070015,14.846703,15.032837,14.977043,15.051422,14.716171,14.790794,14.902580,14.846703,14.641502,14.809425,14.828064,14.828064,14.828064,14.772133,14.734833,14.902580,14.772133,14.809425,14.883965,14.977043,14.883965,14.995636,14.697517,15.051422,14.678848,14.772133,14.828064,14.716171,14.548080,14.716171,14.697517,14.846703,14.734833,14.734833,14.641502,14.809425,14.753487,14.753487,14.846703,14.772133,14.790794,14.697517,14.734833,14.790794,14.734833,14.902580,14.678848,14.958420,14.772133,14.865326,14.697517,14.865326,14.678848,14.790794,14.790794,14.809425,14.790794,14.809425,14.883965,14.846703,14.883965,14.734833,14.828064,14.790794,15.032837,14.828064,14.921196,14.995636,14.939812,14.865326,15.162895,15.070015,14.995636,14.958420,14.939812,15.014244,14.846703,14.902580,14.958420,14.958420,14.939812,14.902580,14.939812,14.977043,14.977043,15.032837,15.032837,15.051422,14.883965,14.716171,14.977043,14.883965,14.622826,14.417122,14.716171,14.660179,14.678848,14.641502,14.660179,14.529381,14.622826,14.678848,14.790794,14.921196,14.977043,15.162895,15.088600,15.218575,15.070015,15.125755,15.070015,14.958420,15.200020,15.125755,15.144333,15.181458,14.883965,14.883965,14.995636,14.846703,14.790794,14.716171,14.809425,14.734833,14.678848,14.753487,14.585457,14.809425,14.828064,14.883965,14.846703,14.995636,14.809425,14.883965,14.958420,14.939812,14.660179,14.921196,14.958420,14.678848,14.977043,14.790794,14.939812,14.753487,14.883965,14.809425,14.772133,14.678848,14.809425,14.828064,14.883965,14.660179,14.660179,14.697517,14.753487,14.772133,14.716171,14.939812,14.772133,14.566772,14.734833,14.678848,14.585457,14.604141,14.828064,14.734833,14.809425,14.716171,14.716171,14.641502,14.660179,14.660179,14.883965,14.809425,14.790794,14.622826,14.734833,14.660179,14.790794,14.660179,14.716171,14.585457,14.828064,14.622826,14.883965,14.865326,14.939812,14.809425,14.809425,14.622826,14.772133,14.660179,14.734833,14.958420,14.772133,14.846703,14.660179,14.622826,14.716171,14.977043,14.772133,14.678848,14.958420,14.790794,14.622826,14.622826,14.902580,14.828064,14.958420,14.921196,14.939812,14.846703,14.958420,14.883965,14.995636,15.014244,14.939812,14.790794,14.753487,15.014244,14.865326,14.846703,14.846703,14.753487,14.921196,14.883965,14.753487,14.772133,14.566772,14.809425,15.014244,14.977043,15.088600,14.883965,15.162895,14.939812,
15.681252,15.088600,15.385422,15.292770,15.144333,15.144333,15.107178,15.422462,15.144333,15.181458,15.032837,15.070015,15.070015,14.865326,14.977043,15.107178,14.958420,15.218575,15.255684,15.329842,15.773499,15.755058,16.178230,16.526253,16.963875,17.471611,18.012245,17.940361,18.620766,18.941109,19.330948,19.560417,19.560417,19.982353,20.192490,20.262413,20.262413,20.489220,20.314804,20.576286,20.524055,20.349724,20.471802,20.419502,20.419502,20.454369,20.297348,20.332268,20.034943,20.244934,20.087494,20.332268,20.140007,20.384621,20.192490,20.419502,20.332268,20.558884,20.698021,20.715385,20.558884,20.836899,20.784843,20.750122,21.027458,20.940895,20.750122,20.732758,20.940895,20.958221,20.715385,20.802200,20.802200,20.715385,20.836899,21.044754,20.836899,21.062057,21.027458,20.732758,20.871582,20.940895,21.131203,21.096642,20.923576,21.010155,21.148476,21.079346,21.113914,21.355507,21.096642,21.183029,21.079346,21.131203,21.269310,21.372734,21.183029,21.303802,21.544792,21.303802,21.286568,21.493217,21.321045,21.493217,21.441612,21.493217,21.527603,21.579163,21.441612,21.441612,21.493217,21.579163,21.544792,21.303802,21.596336,21.561981,21.647850,21.596336,21.596336,21.647850,21.579163,21.630684,21.510414,21.561981,21.476021,21.819290,21.596336,21.699318,21.630684,21.716469,21.665016,21.579163,21.853539,21.785027,21.887764,22.126915,22.126915,22.109856,22.126915,22.041588,22.143959,22.263237,22.382309,22.450264,22.467247,22.246208,22.450264,22.382309,22.297272,22.450264,22.331291,22.178062,22.348305,22.280251,22.416298,22.348305,22.365303,22.365303,22.314293,22.399300,22.314293,22.348305,22.433289,22.586006,22.348305,22.416298,22.212143,22.399300,22.501198,22.331291,22.314293,22.246208,22.229179,22.280251,22.331291,22.280251,22.280251,22.399300,22.450264,22.246208,22.263237,22.297272,22.314293,22.365303,22.126915,22.195107,22.126915,21.956161,22.212143,21.802162,22.178062,22.058662,21.887764,22.041588,21.785027,22.246208,22.007431,22.058662,21.956161,21.990349,21.802162,21.956161,21.956161,22.024513,21.596336,21.767891,21.682167,21.493217,21.699318,21.647850,21.785027,21.716469,21.596336,21.665016,21.647850,21.785027,21.733620,21.733620,21.647850,21.716469,21.802162,21.716469,21.716469,21.716469,21.939064,21.699318,21.785027,21.802162,21.750755,21.665016,21.853539,21.973259,21.921967,22.109856,21.870644,22.109856,21.904861,21.579163,21.904861,21.990349,21.956161,21.836411,21.767891,21.647850,21.493217,21.544792,21.647850,21.476021,21.493217,21.355507,21.493217,21.389961,21.338272,21.321045,21.407181,21.424393,21.424393,21.355507,21.441612,21.596336,21.355507,21.321045,21.389961,21.355507,21.269310,21.010155,21.165756,21.234810,21.183029,21.062057,21.269310,21.148476,21.252068,21.113914,21.303802,21.234810,21.131203,21.131203,21.131203,21.217552,21.217552,21.200287,21.027458,20.940895,21.044754,20.888908,20.888908,21.027458,20.680634,20.680634,20.680634,20.750122,20.645866,20.836899,20.663254,20.698021,20.628487,20.628487,20.576286,20.715385,20.454369,20.419502,20.419502,20.419502,20.227455,20.227455,20.192490,20.157509,19.877083,19.929733,20.017418,19.806816,20.087494,19.806816,19.877083,19.841957,19.630898,19.736496,19.683716,19.683716,19.683716,19.789246,19.701309,19.542793,19.560417,19.736496,19.489883,19.489883,19.366287,19.383957,19.171692,19.366287,19.366287,19.295586,19.277893,19.100807,19.029869,19.012123,18.709869,18.620766,18.317062,17.976311,18.137894,17.363060,17.272507,16.836464,16.343254,16.159874,15.828796,15.422462,15.255684,15.237137,14.939812,14.921196,14.846703,14.809425,14.939812,15.051422,14.828064,14.958420,14.939812,15.014244,14.921196,15.162895,15.144333,15.032837,15.218575,15.107178,14.958420,15.070015,14.865326,15.125755,15.014244,14.995636,14.921196,15.088600,15.051422,15.051422,15.181458,15.014244,15.051422,14.809425,15.088600,15.070015,15.014244,14.977043,15.032837,15.014244,14.958420,14.995636,14.995636,14.995636,14.772133,14.883965,15.014244,14.995636,14.809425,14.958420,14.958420,15.032837,15.014244,15.032837,14.809425,14.846703,15.051422,15.014244,14.865326,14.995636,14.977043,14.865326,14.809425,14.883965,14.865326,14.902580,15.014244,14.865326,14.604141,14.865326,14.772133,14.865326,14.846703,14.697517,15.070015,15.014244,14.772133,14.883965,14.772133,14.865326,14.977043,14.828064,15.014244,14.716171,14.902580,14.641502,14.790794,14.734833,14.790794,14.809425,14.939812,14.790794,14.865326,14.977043,14.846703,14.865326,14.809425,14.939812,14.641502,14.883965,14.883965,14.734833,14.921196,14.790794,14.995636,14.921196,14.902580,14.865326,14.846703,14.828064,14.716171,14.902580,14.772133,14.790794,14.716171,14.958420,14.865326,15.032837,14.790794,14.902580,14.772133,14.828064,14.958420,14.828064,14.809425,14.883965,14.958420,14.939812,14.958420,15.051422,14.902580,15.144333,15.070015,15.292770,15.014244,14.977043,15.107178,15.200020,15.051422,14.846703,14.958420,15.032837,14.995636,14.939812,15.144333,14.902580,14.828064,14.641502,14.697517,14.828064,14.660179,14.883965,14.585457,14.604141,14.660179,14.660179,14.491982,14.604141,14.846703,14.902580,15.162895,15.051422,15.107178,15.218575,15.051422,15.237137,15.162895,15.088600,15.070015,15.292770,15.107178,14.995636,14.865326,14.921196,14.995636,14.809425,14.753487,14.734833,15.088600,14.660179,14.529381,14.921196,14.660179,14.790794,14.753487,14.939812,15.088600,15.070015,14.995636,15.032837,14.921196,14.753487,14.995636,14.977043,14.846703,14.641502,14.958420,14.883965,15.014244,14.790794,14.809425,15.070015,14.566772,14.809425,14.846703,14.883965,14.902580,14.902580,14.641502,14.772133,14.772133,14.753487,14.753487,14.790794,15.014244,14.622826,14.734833,14.790794,14.604141,14.846703,14.585457,14.865326,14.734833,14.809425,14.846703,14.772133,14.641502,14.846703,14.865326,14.622826,14.548080,14.660179,14.790794,14.921196,14.585457,15.070015,14.660179,14.641502,14.585457,14.604141,14.697517,14.902580,14.678848,14.622826,14.753487,14.809425,14.958420,14.995636,14.958420,14.734833,14.846703,14.977043,14.716171,14.566772,14.865326,14.678848,14.828064,14.641502,14.585457,14.622826,14.958420,14.902580,14.716171,14.977043,14.790794,14.790794,14.846703,14.902580,14.921196,14.865326,14.977043,14.828064,14.734833,14.828064,14.828064,14.921196,14.790794,15.181458,14.846703,14.753487,15.070015,14.939812,14.958420,14.958420,14.977043,14.846703,15.014244,14.921196,14.958420,15.070015,14.995636,15.088600,
15.422462,15.496475,15.088600,15.181458,15.144333,15.218575,15.292770,15.311302,15.403938,15.051422,14.977043,15.051422,14.995636,15.200020,15.125755,15.403938,15.144333,15.125755,15.329842,15.348373,15.644325,16.086403,16.343254,16.544525,16.963875,17.471611,17.814415,18.102013,18.477982,18.941109,19.330948,19.419281,19.806816,19.964821,19.929733,20.157509,20.279877,20.349724,20.349724,20.454369,20.402061,20.419502,20.332268,20.506645,20.367180,20.227455,20.297348,20.367180,20.122513,20.279877,20.105003,20.454369,20.069977,20.209976,20.227455,20.454369,20.524055,20.524055,20.645866,20.698021,20.558884,20.576286,20.732758,20.819542,20.541473,20.906242,20.854233,20.576286,20.732758,20.819542,20.871582,20.784843,20.645866,20.923576,20.923576,21.027458,20.732758,20.871582,21.044754,20.888908,20.940895,20.906242,20.958221,21.062057,21.044754,21.113914,20.940895,21.148476,21.131203,21.183029,21.096642,21.079346,21.200287,21.183029,20.992851,21.217552,21.165756,21.389961,21.441612,21.269310,21.303802,21.252068,21.458817,21.441612,21.372734,21.458817,21.544792,21.527603,21.458817,21.441612,21.372734,21.493217,21.544792,21.424393,21.338272,21.458817,21.355507,21.665016,21.407181,21.665016,21.613518,21.493217,21.389961,21.544792,21.458817,21.544792,21.630684,21.561981,21.493217,21.699318,21.596336,21.699318,21.699318,21.682167,22.007431,21.853539,21.956161,22.143959,22.075729,22.126915,22.058662,22.348305,22.161018,22.433289,22.501198,22.467247,22.365303,22.484222,22.382309,22.399300,22.450264,22.365303,22.501198,22.331291,22.535133,22.467247,22.399300,22.433289,22.399300,22.467247,22.280251,22.297272,22.348305,22.399300,22.280251,22.501198,22.314293,22.416298,22.348305,22.399300,22.280251,22.382309,22.416298,22.484222,22.450264,22.297272,22.314293,22.263237,22.246208,22.467247,22.348305,22.382309,22.075729,22.263237,22.280251,22.058662,22.024513,22.007431,21.887764,21.990349,21.802162,21.921967,22.041588,21.939064,22.007431,22.126915,21.939064,22.092789,22.075729,22.041588,21.767891,21.939064,21.870644,21.802162,21.716469,21.682167,21.630684,21.630684,21.579163,21.802162,21.699318,21.699318,21.785027,21.665016,21.785027,21.785027,21.561981,21.665016,21.836411,21.647850,21.767891,21.699318,21.716469,21.802162,21.716469,21.767891,21.887764,21.767891,21.767891,21.836411,21.870644,21.990349,21.990349,22.024513,22.126915,21.973259,22.058662,21.973259,21.921967,21.956161,21.939064,21.802162,21.819290,21.785027,21.544792,21.767891,21.561981,21.579163,21.596336,21.613518,21.458817,21.493217,21.458817,21.493217,21.630684,21.321045,21.613518,21.303802,21.355507,21.407181,21.407181,21.441612,21.372734,21.321045,21.303802,21.338272,21.131203,21.200287,21.044754,21.252068,21.286568,21.165756,21.200287,21.200287,21.252068,21.113914,21.113914,21.079346,21.200287,21.079346,21.113914,21.183029,20.992851,21.234810,21.217552,21.027458,20.958221,20.923576,20.923576,20.645866,20.802200,20.663254,20.854233,20.767487,20.819542,20.819542,20.680634,20.767487,20.611084,20.611084,20.489220,20.524055,20.419502,20.454369,20.436943,20.436943,20.279877,20.174995,20.034943,20.017418,19.947273,20.034943,19.877083,20.052460,19.877083,19.771667,19.877083,19.701309,19.789246,19.718910,19.630898,19.982353,19.560417,19.718910,19.630898,19.295586,19.595665,19.454590,19.542793,19.313263,19.260208,19.224815,19.277893,19.260208,19.153984,19.153984,19.118538,18.941109,18.513702,18.620766,18.299164,17.994278,17.760384,17.453522,17.236252,16.891090,16.489677,16.141510,15.681252,15.588913,15.200020,15.237137,15.070015,14.977043,15.144333,14.865326,14.828064,14.865326,14.734833,14.939812,14.902580,15.070015,15.070015,15.162895,15.218575,14.995636,15.125755,15.181458,15.014244,15.162895,14.995636,15.181458,15.181458,15.162895,14.828064,15.014244,14.995636,15.088600,15.162895,15.014244,14.958420,15.107178,15.125755,14.958420,15.014244,15.125755,15.144333,14.995636,15.181458,14.995636,15.125755,15.107178,14.678848,14.902580,15.032837,15.088600,14.902580,14.958420,14.995636,15.051422,14.995636,15.032837,14.939812,14.939812,15.051422,14.939812,14.939812,14.995636,14.865326,14.883965,14.865326,14.902580,14.846703,14.958420,14.865326,14.734833,14.585457,14.883965,14.716171,14.809425,14.865326,14.865326,14.921196,14.958420,14.902580,14.828064,14.828064,15.070015,14.790794,14.902580,14.660179,14.846703,14.716171,14.622826,14.697517,14.716171,14.865326,14.883965,14.921196,14.678848,15.051422,14.809425,14.697517,14.809425,14.734833,14.734833,14.790794,14.902580,14.790794,14.790794,14.846703,14.995636,14.921196,14.865326,14.883965,14.753487,14.977043,14.977043,14.883965,14.902580,14.828064,14.809425,14.939812,14.865326,14.902580,15.032837,14.809425,14.846703,15.051422,14.846703,14.995636,14.846703,15.107178,14.958420,15.162895,14.977043,14.958420,14.977043,14.995636,15.032837,15.107178,14.939812,14.939812,14.977043,14.846703,15.032837,15.125755,15.070015,15.088600,15.032837,15.051422,14.846703,14.772133,14.902580,14.772133,15.070015,14.753487,14.678848,14.734833,14.548080,14.604141,14.641502,14.697517,14.529381,14.678848,14.809425,14.585457,15.032837,15.107178,15.366905,15.144333,15.088600,15.144333,15.329842,15.181458,15.088600,15.144333,15.218575,14.883965,15.088600,14.846703,15.125755,14.716171,14.846703,14.865326,14.548080,14.716171,14.622826,14.604141,14.697517,14.660179,14.697517,14.958420,14.865326,14.828064,14.809425,14.809425,14.828064,14.828064,14.995636,14.697517,14.902580,14.902580,14.846703,14.977043,14.958420,14.753487,14.939812,15.014244,14.678848,14.697517,14.790794,14.921196,14.883965,14.548080,14.734833,14.902580,14.734833,14.772133,14.660179,14.809425,14.828064,14.846703,14.865326,14.585457,14.566772,14.604141,14.809425,14.641502,14.753487,14.678848,14.641502,14.697517,14.772133,14.753487,14.716171,14.510681,14.734833,14.790794,14.790794,14.548080,14.697517,14.790794,14.790794,14.716171,14.865326,14.604141,14.398399,14.921196,14.734833,14.809425,14.697517,14.753487,14.828064,14.846703,14.809425,14.809425,14.697517,14.958420,14.697517,14.697517,14.902580,14.734833,14.473274,14.846703,14.790794,14.790794,14.716171,14.697517,14.697517,15.014244,14.716171,14.846703,14.828064,14.753487,15.051422,14.921196,14.883965,14.883965,14.865326,14.883965,14.902580,14.641502,14.809425,14.697517,14.809425,15.014244,14.809425,14.809425,14.902580,15.070015,14.772133,14.958420,14.790794,14.939812,14.939812,15.051422,14.809425,14.995636,14.977043,
15.403938,15.162895,15.200020,15.459480,15.348373,15.255684,15.088600,15.218575,15.144333,15.107178,15.200020,15.014244,15.051422,14.995636,15.144333,15.125755,15.144333,15.088600,15.125755,15.496475,15.459480,15.847229,15.976097,16.562805,16.982056,17.381157,17.778404,18.119965,18.638596,18.923340,19.207108,19.595665,19.771667,19.982353,19.982353,20.227455,20.506645,20.489220,20.506645,20.506645,20.489220,20.262413,20.436943,20.506645,20.314804,20.332268,20.402061,20.489220,20.157509,20.192490,19.859520,20.105003,20.367180,20.105003,20.279877,20.576286,20.506645,20.680634,20.784843,20.611084,20.698021,20.663254,20.611084,20.819542,20.836899,20.767487,20.698021,20.854233,20.802200,20.819542,20.784843,20.784843,20.663254,20.750122,20.836899,20.854233,20.871582,20.802200,20.888908,21.010155,20.802200,20.819542,20.958221,20.975533,20.940895,21.079346,20.923576,21.044754,20.836899,20.992851,21.165756,21.252068,20.906242,21.217552,21.062057,21.303802,21.217552,21.096642,21.079346,21.217552,21.372734,21.510414,21.303802,21.165756,21.579163,21.338272,21.441612,21.303802,21.338272,21.165756,21.372734,21.321045,21.338272,21.458817,21.338272,21.458817,21.372734,21.510414,21.596336,21.510414,21.389961,21.389961,21.579163,21.561981,21.441612,21.579163,21.613518,21.424393,21.630684,21.407181,21.802162,21.630684,21.630684,21.665016,21.750755,21.956161,21.819290,22.007431,21.904861,22.041588,22.280251,22.280251,22.467247,22.246208,22.382309,22.246208,22.416298,22.348305,22.314293,22.450264,22.229179,22.467247,22.382309,22.501198,22.382309,22.331291,22.535133,22.535133,22.399300,22.518166,22.263237,22.382309,22.297272,22.586006,22.382309,22.433289,22.518166,22.365303,22.416298,22.518166,22.314293,22.552086,22.382309,22.382309,22.348305,22.501198,22.399300,22.535133,22.416298,22.195107,22.518166,22.365303,22.263237,22.297272,22.331291,21.956161,22.041588,21.887764,21.939064,21.870644,21.921967,21.990349,22.246208,21.836411,21.990349,21.887764,22.041588,21.819290,22.007431,21.990349,21.904861,21.870644,21.750755,21.613518,21.785027,21.716469,21.699318,21.682167,21.733620,21.887764,21.699318,21.596336,21.699318,21.785027,21.785027,21.887764,21.836411,21.887764,21.596336,21.750755,21.785027,22.041588,21.716469,21.819290,21.767891,21.904861,21.887764,21.939064,21.870644,21.887764,21.887764,21.939064,22.058662,22.058662,22.109856,22.092789,22.092789,22.075729,21.802162,21.904861,22.007431,21.699318,21.956161,21.613518,21.853539,21.750755,21.630684,21.544792,21.579163,21.647850,21.510414,21.476021,21.561981,21.544792,21.527603,21.458817,21.510414,21.561981,21.544792,21.544792,21.424393,21.458817,21.407181,21.493217,21.476021,21.389961,21.355507,21.096642,21.062057,21.183029,21.148476,21.183029,21.200287,21.131203,21.148476,21.148476,21.131203,21.165756,21.096642,21.131203,20.940895,21.234810,20.975533,20.906242,21.062057,20.923576,20.854233,20.819542,20.645866,20.888908,20.732758,20.750122,20.819542,20.871582,20.854233,20.680634,20.750122,20.750122,20.680634,20.732758,20.645866,20.680634,20.558884,20.454369,20.541473,20.332268,20.209976,20.174995,20.157509,19.964821,20.034943,19.947273,19.929733,19.964821,19.964821,19.841957,19.736496,19.841957,19.701309,19.877083,19.666115,19.630898,19.683716,19.754082,19.683716,19.789246,19.560417,19.401619,19.507530,19.472237,19.330948,19.260208,19.313263,19.383957,19.118538,19.118538,18.958870,18.798889,18.745483,18.638596,18.227524,18.012245,17.832420,17.489685,17.181839,16.945679,16.324928,16.178230,15.644325,15.348373,15.311302,15.237137,15.125755,14.977043,14.660179,14.939812,14.865326,14.716171,15.032837,14.902580,14.790794,15.125755,15.181458,15.070015,15.014244,15.032837,15.162895,15.014244,14.958420,14.865326,15.088600,15.051422,15.014244,15.051422,15.032837,15.107178,15.070015,15.032837,15.162895,14.958420,14.865326,14.921196,15.014244,15.162895,15.088600,15.051422,15.181458,14.958420,14.995636,15.032837,14.995636,14.977043,14.958420,14.865326,15.144333,14.995636,14.772133,14.977043,14.977043,14.977043,15.107178,14.772133,15.014244,14.958420,14.865326,14.939812,15.014244,14.995636,14.939812,14.921196,14.865326,14.958420,14.716171,14.921196,14.883965,14.865326,14.883965,14.846703,14.828064,15.014244,15.051422,14.809425,14.939812,14.902580,14.921196,14.846703,14.846703,14.790794,15.125755,14.902580,14.828064,14.921196,14.734833,14.865326,14.697517,14.716171,14.809425,14.809425,14.865326,14.809425,14.809425,14.772133,14.809425,14.790794,14.753487,14.734833,14.753487,14.585457,14.828064,14.977043,14.753487,14.846703,14.939812,15.032837,14.809425,14.958420,14.977043,14.809425,14.902580,14.902580,14.902580,14.939812,15.014244,14.678848,14.921196,14.697517,14.883965,14.846703,14.958420,15.051422,14.790794,14.958420,14.790794,15.014244,14.902580,15.014244,14.995636,14.809425,15.014244,15.070015,15.032837,14.939812,14.828064,15.032837,15.014244,15.070015,14.977043,14.902580,15.218575,15.162895,15.014244,14.958420,14.921196,14.977043,14.790794,14.716171,14.939812,14.753487,14.716171,14.529381,14.473274,14.585457,14.622826,14.697517,14.772133,14.828064,14.902580,14.902580,14.958420,15.181458,15.311302,15.070015,15.032837,15.088600,15.144333,15.274223,15.200020,15.144333,14.995636,14.865326,14.995636,14.622826,14.809425,14.921196,14.753487,14.566772,14.790794,14.510681,14.697517,14.734833,14.828064,14.846703,14.660179,14.902580,14.678848,14.958420,14.790794,14.697517,14.697517,14.977043,14.828064,14.790794,14.865326,14.753487,14.716171,14.865326,14.846703,14.958420,14.716171,15.014244,14.902580,14.772133,14.846703,14.734833,14.846703,14.846703,14.790794,14.939812,14.883965,14.902580,14.753487,14.716171,14.828064,14.902580,14.790794,14.585457,14.734833,14.734833,14.660179,14.548080,14.716171,14.828064,14.660179,14.734833,14.678848,14.734833,14.753487,14.809425,14.790794,14.678848,15.014244,14.585457,14.697517,14.660179,14.772133,14.716171,14.473274,14.716171,14.772133,14.641502,14.678848,14.734833,14.697517,14.660179,14.753487,14.828064,14.883965,14.753487,14.753487,14.790794,14.716171,14.734833,14.734833,14.902580,14.809425,14.716171,14.902580,14.716171,14.734833,14.641502,14.566772,14.809425,14.846703,14.772133,14.977043,14.846703,14.809425,14.828064,14.622826,14.977043,15.032837,14.772133,14.958420,14.977043,15.070015,14.828064,14.902580,14.753487,14.865326,14.809425,15.014244,14.902580,14.809425,14.828064,14.641502,14.865326,14.921196,14.921196,14.790794,15.144333,
15.366905,15.181458,15.181458,15.385422,15.329842,15.125755,15.348373,15.237137,15.125755,15.088600,15.144333,14.995636,14.995636,15.107178,15.218575,15.051422,15.014244,15.255684,15.274223,15.218575,15.681252,15.884071,16.306610,16.416496,16.891090,17.525826,17.796410,18.155830,18.585091,18.923340,19.189407,19.383957,19.613289,19.841957,20.209976,20.087494,20.314804,20.262413,20.332268,20.576286,20.506645,20.471802,20.419502,20.244934,20.402061,20.419502,20.279877,20.069977,20.069977,20.349724,20.122513,20.262413,20.349724,20.209976,20.122513,20.367180,20.454369,20.524055,20.698021,20.680634,20.680634,20.819542,20.663254,20.871582,20.611084,20.975533,20.802200,20.628487,20.663254,20.750122,20.611084,20.784843,20.923576,20.750122,20.767487,20.698021,20.698021,20.871582,20.906242,20.784843,20.836899,21.096642,20.871582,20.888908,20.940895,20.819542,21.096642,21.010155,20.958221,21.010155,20.992851,21.062057,21.010155,21.027458,21.148476,21.303802,21.200287,21.217552,21.165756,21.269310,21.183029,21.303802,21.372734,21.458817,21.441612,21.338272,21.165756,21.493217,21.286568,21.338272,21.252068,21.217552,21.321045,21.510414,21.389961,21.407181,21.372734,21.286568,21.372734,21.217552,21.493217,21.476021,21.596336,21.476021,21.424393,21.493217,21.424393,21.493217,21.579163,21.476021,21.476021,21.579163,21.579163,21.630684,21.733620,21.819290,21.887764,22.126915,22.058662,22.126915,22.126915,22.195107,22.280251,22.212143,22.314293,22.416298,22.433289,22.416298,22.092789,22.314293,22.382309,22.399300,22.348305,22.586006,22.212143,22.467247,22.143959,22.399300,22.365303,22.314293,22.450264,22.484222,22.365303,22.365303,22.416298,22.484222,22.246208,22.365303,22.365303,22.348305,22.331291,22.552086,22.586006,22.348305,22.382309,22.569054,22.450264,22.535133,22.433289,22.416298,22.433289,22.297272,22.348305,22.246208,22.280251,21.973259,22.195107,21.956161,21.990349,21.682167,21.836411,21.870644,21.802162,21.870644,21.887764,21.887764,21.785027,21.939064,22.058662,21.853539,21.785027,21.716469,21.836411,21.630684,21.767891,21.665016,21.596336,21.716469,21.870644,21.630684,21.750755,21.699318,21.647850,21.853539,21.682167,21.836411,21.802162,21.733620,21.973259,21.819290,21.990349,21.956161,21.956161,22.024513,21.836411,21.956161,21.921967,21.939064,21.921967,22.109856,22.041588,21.921967,22.109856,22.109856,22.178062,22.229179,22.126915,22.109856,21.973259,22.143959,22.195107,21.904861,21.836411,21.836411,21.939064,21.802162,21.630684,21.665016,21.613518,21.561981,21.476021,21.630684,21.647850,21.493217,21.303802,21.527603,21.630684,21.458817,21.493217,21.407181,21.355507,21.424393,21.579163,21.493217,21.321045,21.544792,21.079346,21.303802,21.321045,21.303802,21.252068,21.183029,21.148476,20.975533,21.027458,21.165756,21.044754,21.113914,21.062057,21.165756,20.992851,20.940895,20.958221,20.784843,21.027458,20.975533,20.802200,20.836899,20.784843,20.819542,20.784843,20.732758,20.767487,20.715385,20.819542,20.611084,20.767487,20.802200,20.663254,20.645866,20.628487,20.663254,20.593697,20.593697,20.541473,20.471802,20.297348,20.367180,20.209976,20.087494,20.192490,19.929733,20.034943,20.034943,19.982353,19.824394,19.894638,19.947273,19.771667,19.894638,19.841957,19.841957,19.789246,19.718910,19.841957,19.489883,19.560417,19.489883,19.489883,19.189407,19.401619,19.313263,19.242508,19.242508,19.313263,19.153984,19.224815,19.029869,18.585091,18.602928,18.263351,18.119965,17.670250,17.381157,17.018410,16.872887,16.489677,16.141510,15.810371,15.607391,15.274223,15.144333,15.162895,15.125755,14.902580,14.641502,14.734833,14.809425,14.977043,14.902580,14.902580,15.032837,14.921196,14.828064,15.144333,14.977043,15.051422,15.088600,14.995636,15.014244,15.014244,15.070015,15.088600,14.995636,15.032837,15.162895,14.958420,14.977043,15.032837,15.014244,14.939812,15.014244,15.162895,15.088600,14.939812,14.995636,15.181458,15.181458,14.883965,14.921196,15.070015,15.125755,14.846703,14.753487,14.977043,14.846703,15.088600,14.902580,14.865326,14.865326,14.865326,15.051422,14.939812,14.865326,15.107178,14.846703,14.921196,14.697517,14.828064,14.883965,14.883965,14.883965,14.678848,14.697517,14.902580,14.883965,14.865326,15.051422,14.883965,14.958420,14.921196,14.697517,14.883965,14.902580,14.753487,15.014244,14.865326,14.865326,14.958420,14.697517,14.716171,14.921196,14.790794,14.585457,14.697517,14.697517,14.828064,14.790794,14.790794,14.846703,14.660179,14.883965,14.697517,14.697517,14.790794,14.734833,14.697517,14.958420,14.716171,14.809425,14.772133,14.828064,14.865326,14.697517,14.828064,14.865326,14.678848,14.809425,14.846703,14.734833,14.753487,14.939812,14.828064,14.828064,14.865326,14.939812,14.828064,14.883965,14.828064,14.846703,14.995636,14.939812,15.051422,14.958420,14.753487,15.014244,14.902580,14.995636,14.921196,15.014244,14.995636,14.958420,15.051422,14.902580,14.883965,15.181458,14.939812,14.921196,14.846703,14.977043,14.846703,15.032837,14.772133,14.883965,14.753487,14.697517,14.697517,14.622826,14.566772,14.435844,14.529381,14.865326,14.566772,14.604141,14.622826,14.753487,14.809425,14.939812,15.070015,15.255684,15.070015,15.200020,15.366905,15.218575,15.051422,15.218575,15.200020,14.995636,15.070015,15.070015,15.032837,14.921196,14.828064,14.716171,14.902580,14.865326,14.716171,14.660179,14.697517,14.585457,14.697517,15.051422,14.734833,14.865326,14.846703,14.697517,14.939812,14.734833,14.790794,14.902580,14.660179,14.902580,14.846703,14.622826,14.753487,14.772133,14.772133,14.772133,14.697517,14.660179,14.622826,14.697517,14.753487,14.772133,14.772133,14.921196,14.828064,14.846703,14.604141,14.622826,14.939812,14.772133,14.697517,14.678848,14.772133,14.660179,14.622826,14.716171,14.678848,14.790794,14.734833,14.641502,14.697517,14.753487,14.604141,14.753487,14.734833,14.716171,14.473274,14.678848,14.883965,14.660179,14.604141,14.697517,14.902580,14.622826,14.566772,14.846703,14.790794,14.585457,14.809425,14.902580,14.622826,14.678848,14.902580,14.809425,14.734833,14.753487,14.883965,14.865326,14.809425,14.958420,14.734833,14.902580,14.697517,14.716171,14.995636,14.846703,14.510681,14.958420,14.902580,14.828064,14.846703,14.790794,14.939812,14.921196,14.641502,14.734833,14.977043,14.995636,14.921196,14.790794,14.809425,14.846703,14.883965,14.828064,14.902580,14.790794,14.809425,14.977043,14.921196,14.958420,14.772133,14.995636,14.977043,15.051422,14.716171,14.939812,15.200020,15.125755,
15.274223,15.311302,15.477974,15.255684,15.440964,15.292770,15.311302,15.162895,15.255684,15.218575,15.237137,15.181458,15.181458,15.107178,14.995636,14.939812,15.032837,15.255684,15.181458,15.366905,15.514977,15.791931,16.306610,16.599342,16.818245,17.308739,17.724342,18.299164,18.460121,18.870033,19.118538,19.507530,19.894638,19.982353,20.087494,20.157509,20.262413,20.419502,20.471802,20.279877,20.471802,20.541473,20.349724,20.384621,20.471802,20.367180,20.436943,20.471802,20.262413,20.227455,20.209976,20.297348,20.244934,20.105003,20.402061,20.402061,20.402061,20.593697,20.611084,20.558884,20.819542,20.558884,20.663254,20.975533,20.784843,20.888908,20.680634,20.750122,20.767487,20.767487,20.750122,20.940895,20.871582,20.645866,20.836899,20.906242,20.958221,21.062057,20.923576,20.923576,20.923576,20.992851,20.871582,20.923576,20.854233,20.784843,21.062057,20.992851,20.958221,21.044754,20.923576,21.148476,20.940895,21.148476,21.355507,21.113914,21.079346,21.252068,21.165756,21.286568,21.286568,21.338272,21.338272,21.165756,21.269310,21.303802,21.338272,21.338272,21.217552,21.389961,21.252068,21.148476,21.217552,21.269310,21.183029,21.217552,21.338272,21.321045,21.200287,21.389961,21.527603,21.458817,21.338272,21.476021,21.544792,21.372734,21.493217,21.510414,21.458817,21.527603,21.561981,21.596336,21.665016,21.819290,21.802162,22.058662,21.870644,22.007431,22.178062,22.178062,22.263237,22.024513,22.433289,22.348305,22.501198,22.382309,22.433289,22.280251,22.450264,22.331291,22.365303,22.246208,22.229179,22.229179,22.365303,22.212143,22.365303,22.501198,22.399300,22.433289,22.280251,22.450264,22.399300,22.161018,22.399300,22.348305,22.229179,22.331291,22.246208,22.399300,22.467247,22.467247,22.467247,22.314293,22.535133,22.602951,22.450264,22.535133,22.331291,22.297272,22.382309,22.365303,22.229179,22.331291,22.007431,22.195107,21.904861,22.024513,21.990349,22.041588,21.870644,21.904861,21.665016,22.024513,21.665016,21.870644,21.767891,21.887764,21.767891,21.853539,21.716469,21.836411,21.699318,21.921967,21.544792,21.904861,21.699318,21.733620,21.767891,21.665016,21.630684,21.665016,21.853539,21.939064,21.939064,21.716469,21.716469,21.819290,21.819290,21.904861,21.904861,21.836411,21.887764,21.990349,21.939064,22.058662,22.041588,21.990349,22.007431,22.178062,22.126915,21.990349,22.212143,22.314293,22.212143,22.246208,22.161018,22.195107,22.092789,21.973259,21.921967,21.887764,22.041588,21.853539,21.836411,21.682167,21.647850,21.510414,21.493217,21.561981,21.647850,21.682167,21.647850,21.733620,21.441612,21.716469,21.579163,21.647850,21.682167,21.544792,21.613518,21.579163,21.561981,21.458817,21.372734,21.338272,21.303802,21.234810,21.441612,21.252068,21.131203,21.286568,21.200287,21.217552,21.044754,21.200287,21.131203,21.113914,21.165756,21.096642,21.131203,21.183029,21.113914,21.044754,21.010155,20.750122,20.767487,20.819542,20.802200,20.940895,20.663254,20.698021,20.819542,20.680634,21.027458,20.871582,20.732758,20.802200,20.541473,20.611084,20.732758,20.663254,20.471802,20.506645,20.611084,20.436943,20.454369,20.297348,20.262413,19.912178,20.034943,19.964821,19.982353,19.964821,20.122513,20.052460,19.877083,19.718910,19.630898,19.841957,19.718910,19.754082,19.648506,19.718910,19.683716,19.436943,19.560417,19.454590,19.489883,19.507530,19.224815,19.260208,19.313263,19.224815,19.136261,19.242508,19.065346,18.958870,18.763298,18.477982,18.263351,18.137894,17.652206,17.525826,17.199982,16.836464,16.526253,16.104774,15.681252,15.681252,15.292770,15.200020,15.032837,15.292770,15.181458,14.772133,14.828064,14.977043,14.809425,14.883965,14.958420,14.958420,14.921196,14.921196,14.921196,14.939812,14.939812,14.958420,15.070015,15.032837,15.014244,15.181458,15.032837,14.846703,14.921196,14.995636,14.958420,14.958420,14.846703,15.181458,14.995636,15.032837,14.921196,14.958420,14.828064,15.107178,14.977043,15.051422,14.772133,14.902580,14.977043,14.883965,14.902580,15.051422,14.865326,15.032837,15.125755,14.939812,15.014244,15.125755,14.883965,14.939812,14.809425,15.070015,14.939812,14.921196,14.809425,14.995636,14.772133,14.939812,14.846703,14.958420,14.790794,14.790794,14.883965,14.883965,14.753487,14.828064,14.828064,14.977043,14.790794,14.734833,14.902580,14.734833,14.883965,14.883965,14.809425,14.902580,14.865326,14.865326,14.883965,14.846703,14.716171,14.977043,14.809425,14.716171,14.846703,14.809425,14.622826,14.865326,14.809425,14.604141,14.772133,14.641502,14.660179,14.753487,14.697517,14.846703,14.641502,14.865326,14.846703,14.753487,14.902580,14.958420,14.977043,14.753487,14.865326,14.809425,14.902580,14.865326,14.865326,14.865326,14.865326,14.753487,14.678848,14.828064,15.070015,14.977043,14.828064,15.032837,15.125755,14.846703,14.921196,14.958420,15.107178,14.902580,14.939812,14.716171,14.865326,14.883965,14.865326,14.865326,14.883965,14.995636,14.995636,14.846703,15.051422,14.958420,14.995636,15.014244,14.958420,14.790794,14.716171,14.921196,14.828064,14.660179,14.902580,14.641502,14.585457,14.678848,14.604141,14.678848,14.454552,14.716171,14.697517,14.641502,14.809425,15.032837,15.051422,15.274223,15.107178,15.162895,15.088600,15.200020,15.162895,15.200020,15.144333,15.274223,14.995636,15.162895,14.977043,14.995636,14.883965,14.846703,14.772133,14.846703,14.902580,14.660179,14.716171,14.697517,14.678848,14.846703,14.883965,14.846703,14.828064,14.902580,14.939812,14.902580,14.772133,14.846703,14.809425,14.734833,14.772133,14.865326,14.809425,14.921196,14.790794,14.846703,14.809425,14.865326,14.697517,14.790794,14.678848,14.846703,14.790794,14.753487,14.772133,14.734833,14.883965,14.585457,14.790794,14.772133,14.772133,14.678848,14.772133,14.883965,14.828064,14.622826,14.716171,14.790794,14.734833,14.716171,14.772133,14.883965,14.753487,14.790794,14.865326,14.865326,14.846703,14.790794,14.678848,14.772133,14.734833,14.772133,14.641502,14.716171,14.734833,14.753487,14.716171,14.809425,14.883965,14.753487,14.846703,14.772133,14.958420,14.772133,14.828064,14.828064,14.921196,14.716171,14.790794,14.716171,14.828064,14.828064,14.753487,14.883965,14.828064,14.921196,14.995636,14.716171,14.939812,15.014244,14.622826,14.716171,14.939812,14.995636,14.995636,14.716171,14.772133,14.902580,14.790794,14.828064,14.902580,14.678848,14.846703,14.753487,15.088600,14.865326,14.939812,14.865326,14.846703,15.051422,14.958420,14.958420,14.995636,14.809425,14.846703,14.958420,14.846703,15.051422,
15.385422,15.274223,15.200020,15.107178,15.218575,15.385422,15.311302,15.348373,15.311302,15.051422,15.162895,14.883965,14.883965,14.995636,15.125755,15.181458,15.237137,15.088600,15.162895,15.237137,15.644325,15.994492,16.214928,16.654121,16.872887,17.344955,17.814415,18.388626,18.549400,18.816673,19.153984,19.383957,19.472237,19.859520,20.105003,19.982353,20.052460,20.192490,20.628487,20.402061,20.541473,20.611084,20.436943,20.419502,20.558884,20.297348,20.384621,20.419502,20.244934,20.384621,20.227455,20.052460,20.279877,20.192490,20.436943,20.244934,20.524055,20.715385,20.819542,20.750122,20.750122,20.698021,20.680634,20.663254,20.854233,20.836899,20.750122,20.958221,20.750122,20.975533,20.750122,20.836899,20.923576,20.888908,20.906242,20.888908,20.940895,20.923576,20.819542,20.784843,20.871582,21.113914,21.010155,20.958221,20.940895,20.784843,20.888908,20.975533,20.819542,20.940895,20.975533,21.027458,21.165756,20.975533,21.234810,20.888908,21.252068,21.321045,21.303802,21.286568,21.183029,21.183029,21.252068,21.183029,21.286568,21.389961,21.355507,21.355507,21.303802,21.424393,21.217552,21.217552,21.269310,21.286568,21.234810,21.234810,21.458817,21.252068,21.338272,21.372734,21.389961,21.527603,21.355507,21.355507,21.355507,21.407181,21.424393,21.493217,21.544792,21.544792,21.424393,21.596336,21.630684,21.579163,22.024513,21.904861,21.853539,22.178062,21.990349,22.143959,22.212143,22.263237,22.126915,22.433289,22.382309,22.314293,22.297272,22.263237,22.416298,22.416298,22.331291,22.433289,22.365303,22.382309,22.484222,22.348305,22.518166,22.365303,22.365303,22.331291,22.297272,22.433289,22.552086,22.433289,22.246208,22.416298,22.382309,22.552086,22.331291,22.467247,22.314293,22.382309,22.348305,22.670708,22.433289,22.229179,22.365303,22.569054,22.467247,22.552086,22.365303,22.331291,22.212143,22.365303,22.246208,22.161018,22.007431,22.041588,21.904861,21.870644,21.767891,22.007431,21.836411,22.024513,21.767891,21.785027,21.647850,21.921967,21.699318,21.802162,21.767891,21.767891,21.853539,21.836411,21.802162,21.767891,21.527603,21.785027,21.665016,21.767891,21.699318,21.682167,21.853539,21.853539,21.630684,21.785027,21.733620,21.853539,21.973259,21.904861,21.956161,22.041588,22.041588,22.075729,21.870644,22.092789,22.109856,22.126915,22.041588,21.956161,22.126915,22.092789,22.263237,22.263237,22.143959,22.058662,22.280251,22.297272,22.195107,22.075729,22.143959,22.075729,21.939064,22.024513,21.887764,21.836411,21.699318,21.682167,21.596336,21.682167,21.665016,21.750755,21.785027,21.682167,21.596336,21.613518,21.630684,21.544792,21.699318,21.682167,21.630684,21.579163,21.510414,21.510414,21.476021,21.303802,21.321045,21.372734,21.321045,21.200287,21.217552,21.234810,21.234810,21.148476,21.252068,21.321045,21.234810,21.217552,21.079346,21.131203,21.234810,21.148476,20.958221,21.165756,20.975533,21.027458,20.958221,20.680634,20.836899,20.750122,20.802200,20.715385,20.906242,20.888908,20.802200,20.750122,20.784843,20.854233,20.836899,20.906242,20.576286,20.663254,20.611084,20.715385,20.524055,20.663254,20.506645,20.349724,20.349724,20.227455,19.982353,19.999893,19.929733,19.877083,20.052460,19.964821,19.929733,19.841957,19.929733,20.069977,19.982353,19.859520,19.806816,19.419281,19.736496,19.472237,19.542793,19.489883,19.436943,19.171692,19.189407,19.313263,19.242508,19.224815,19.136261,19.295586,19.100807,18.905579,18.763298,18.567253,18.442253,17.976311,17.850410,17.308739,17.018410,16.836464,16.489677,16.159874,15.533455,15.681252,15.181458,15.144333,15.070015,14.977043,14.939812,14.883965,14.809425,15.014244,14.790794,14.772133,14.921196,15.014244,14.939812,15.070015,14.977043,15.051422,15.088600,14.883965,14.902580,15.107178,15.088600,15.181458,15.032837,15.032837,15.107178,14.977043,14.995636,15.070015,14.902580,14.995636,14.902580,14.958420,14.939812,14.958420,14.958420,14.995636,14.921196,15.051422,15.088600,15.125755,14.902580,14.995636,14.828064,15.051422,15.070015,14.828064,14.939812,14.939812,14.995636,15.014244,14.865326,15.144333,14.772133,14.921196,14.846703,14.902580,14.790794,14.958420,14.716171,14.902580,14.716171,14.995636,14.921196,14.921196,14.865326,15.014244,14.772133,14.697517,14.865326,14.734833,14.809425,14.772133,14.790794,15.014244,14.828064,14.902580,14.828064,14.790794,14.772133,14.734833,14.902580,14.865326,14.846703,14.734833,14.846703,14.660179,14.790794,14.716171,14.660179,14.883965,14.902580,14.678848,14.585457,14.809425,14.790794,15.014244,14.585457,14.790794,14.939812,14.865326,14.753487,14.846703,14.790794,14.772133,14.753487,14.790794,14.828064,14.716171,14.865326,14.809425,14.753487,14.809425,15.051422,14.809425,14.790794,14.902580,14.977043,14.660179,14.921196,14.883965,14.902580,15.032837,14.846703,14.865326,14.977043,14.734833,14.734833,14.828064,14.809425,14.734833,14.846703,15.032837,15.051422,15.051422,14.939812,14.921196,14.846703,15.088600,14.865326,15.051422,14.902580,14.865326,14.828064,14.772133,14.809425,14.753487,14.790794,14.753487,14.753487,14.622826,14.510681,14.678848,14.510681,14.790794,14.622826,14.846703,14.977043,14.865326,15.014244,15.144333,15.070015,15.032837,15.144333,15.200020,14.995636,15.311302,15.144333,15.144333,15.088600,14.902580,14.958420,14.958420,14.939812,14.883965,14.865326,14.678848,14.585457,14.734833,14.734833,14.772133,14.846703,14.491982,14.697517,14.510681,14.846703,14.790794,14.995636,14.790794,15.014244,15.032837,14.977043,14.734833,14.716171,15.014244,14.660179,15.051422,14.865326,14.641502,14.772133,14.734833,14.995636,14.809425,14.660179,14.716171,14.995636,14.790794,14.734833,14.660179,14.828064,14.622826,14.641502,14.809425,14.734833,14.828064,14.678848,14.660179,14.716171,14.734833,14.641502,14.660179,14.697517,14.958420,14.660179,14.809425,14.865326,14.734833,14.958420,14.828064,14.716171,14.566772,14.753487,14.753487,14.716171,14.622826,14.772133,14.660179,14.548080,14.790794,15.051422,14.921196,14.641502,14.697517,14.734833,14.977043,14.921196,14.939812,14.828064,14.697517,14.734833,14.883965,14.883965,15.014244,15.088600,14.772133,14.660179,14.753487,14.902580,14.622826,14.865326,14.921196,14.846703,14.790794,15.200020,14.865326,14.846703,14.753487,14.846703,14.883965,15.014244,14.958420,15.014244,14.828064,14.865326,14.790794,14.902580,15.200020,14.958420,14.921196,14.772133,15.014244,15.014244,15.032837,14.828064,15.070015,15.088600,14.939812,14.958420,14.958420,14.977043,15.088600,
15.718163,15.403938,15.237137,15.348373,15.088600,15.403938,15.329842,15.348373,15.237137,15.274223,14.995636,15.237137,15.162895,15.218575,15.144333,15.162895,14.977043,15.311302,15.200020,15.274223,15.533455,16.049652,16.049652,16.471397,16.909286,17.489685,17.796410,17.940361,18.531555,18.781090,19.207108,19.578049,19.683716,19.789246,20.105003,20.122513,20.314804,20.419502,20.262413,20.174995,20.454369,20.436943,20.576286,20.489220,20.402061,20.192490,20.262413,20.367180,20.454369,20.314804,20.279877,20.262413,20.244934,20.244934,20.454369,20.454369,20.454369,20.593697,20.698021,20.593697,20.871582,20.541473,20.975533,20.802200,20.732758,20.854233,20.906242,20.888908,20.906242,20.923576,20.906242,21.010155,20.854233,20.732758,20.906242,20.802200,20.906242,20.906242,20.923576,20.732758,20.992851,20.940895,20.906242,20.958221,20.854233,21.044754,20.819542,20.836899,20.906242,20.784843,20.888908,20.940895,21.165756,20.906242,21.062057,21.200287,21.234810,21.062057,21.148476,21.217552,21.096642,21.200287,21.165756,21.131203,21.303802,21.234810,21.148476,21.355507,21.200287,21.183029,21.217552,21.252068,21.148476,21.286568,21.252068,21.234810,21.234810,21.338272,21.165756,21.286568,21.407181,21.424393,21.424393,21.579163,21.286568,21.441612,21.389961,21.493217,21.493217,21.458817,21.596336,21.476021,21.750755,21.819290,21.802162,21.973259,21.904861,21.870644,21.990349,22.058662,22.143959,22.126915,22.331291,22.280251,22.178062,22.246208,22.331291,22.195107,22.484222,22.212143,22.229179,22.280251,22.484222,22.263237,22.518166,22.348305,22.297272,22.212143,22.348305,22.433289,22.263237,22.433289,22.450264,22.280251,22.365303,22.382309,22.109856,22.416298,22.348305,22.092789,22.280251,22.569054,22.433289,22.501198,22.518166,22.501198,22.552086,22.535133,22.569054,22.399300,22.280251,22.195107,22.263237,22.161018,22.058662,22.178062,21.956161,21.939064,21.819290,21.921967,21.887764,21.853539,21.853539,21.647850,21.785027,21.921967,21.836411,21.647850,21.836411,21.767891,21.699318,21.613518,21.836411,21.767891,21.733620,21.802162,21.613518,21.699318,21.853539,21.716469,21.699318,21.785027,21.750755,21.921967,21.973259,21.870644,21.939064,21.785027,22.024513,21.904861,21.802162,21.853539,21.750755,22.075729,21.956161,22.092789,22.126915,22.195107,22.007431,22.109856,22.246208,22.126915,22.246208,22.382309,22.280251,22.212143,22.229179,22.126915,22.195107,22.195107,22.178062,22.092789,21.990349,21.819290,21.836411,21.716469,21.665016,21.750755,21.699318,21.510414,21.682167,21.853539,21.647850,21.665016,21.647850,21.630684,21.544792,21.476021,21.750755,21.647850,21.527603,21.476021,21.596336,21.424393,21.613518,21.269310,21.131203,21.303802,21.165756,21.165756,21.148476,21.286568,21.200287,21.252068,21.407181,21.286568,21.165756,21.165756,21.269310,21.062057,21.113914,21.096642,20.923576,21.027458,20.888908,20.975533,20.836899,21.010155,20.767487,20.888908,20.767487,20.663254,20.802200,20.836899,20.923576,20.750122,20.975533,20.923576,20.750122,20.680634,20.819542,20.645866,20.715385,20.802200,20.698021,20.541473,20.471802,20.454369,20.069977,20.087494,20.140007,20.052460,20.105003,19.894638,20.052460,19.929733,19.595665,19.947273,19.894638,19.824394,19.912178,19.929733,19.806816,19.789246,19.595665,19.560417,19.401619,19.454590,19.224815,19.277893,19.401619,19.295586,19.348618,19.136261,19.207108,19.153984,19.083084,18.958870,18.692055,18.638596,18.352852,18.102013,17.814415,17.326851,17.254379,16.854668,16.306610,16.196571,15.920883,15.459480,15.237137,15.070015,15.107178,14.902580,14.790794,15.107178,14.790794,14.977043,14.809425,14.977043,15.125755,14.958420,14.902580,15.032837,14.883965,15.051422,15.032837,14.995636,15.070015,15.014244,15.125755,15.070015,14.977043,14.977043,14.921196,14.977043,14.995636,14.995636,15.162895,15.051422,15.051422,15.070015,14.995636,15.181458,14.883965,15.070015,15.032837,15.070015,14.977043,15.070015,14.977043,14.902580,14.977043,14.846703,14.958420,14.958420,14.828064,14.958420,14.977043,14.846703,14.939812,14.977043,14.902580,15.162895,14.883965,15.014244,14.995636,14.828064,15.088600,14.958420,15.014244,14.734833,14.809425,14.958420,14.939812,14.809425,14.921196,14.958420,14.883965,14.902580,14.846703,14.958420,14.939812,14.828064,14.697517,14.828064,14.846703,14.939812,14.846703,14.828064,14.846703,14.921196,14.828064,14.846703,14.865326,14.846703,14.883965,14.828064,14.753487,14.846703,14.566772,14.809425,14.716171,14.716171,14.772133,14.697517,14.678848,14.828064,14.697517,14.809425,14.865326,14.828064,14.828064,14.790794,14.734833,14.809425,14.846703,14.660179,14.641502,14.660179,14.865326,14.883965,14.902580,14.772133,15.088600,14.772133,14.846703,14.939812,14.772133,14.772133,14.846703,14.772133,14.772133,14.716171,14.995636,14.883965,14.809425,14.921196,14.958420,14.995636,15.051422,14.734833,14.828064,14.902580,14.939812,14.921196,14.883965,14.958420,15.070015,14.660179,14.828064,14.977043,14.902580,14.734833,14.678848,14.716171,14.417122,14.548080,14.772133,14.566772,14.566772,14.790794,14.678848,14.435844,14.566772,14.716171,14.977043,15.051422,14.958420,15.107178,15.162895,15.348373,15.218575,15.255684,15.014244,15.144333,15.088600,15.070015,15.014244,15.162895,15.014244,14.883965,14.734833,14.977043,14.828064,14.865326,14.828064,14.734833,14.753487,14.790794,14.753487,14.660179,14.622826,14.772133,15.014244,14.790794,14.697517,14.734833,14.846703,14.958420,14.772133,15.051422,14.921196,14.809425,14.828064,14.809425,14.828064,14.921196,14.846703,14.716171,14.716171,14.622826,14.641502,14.977043,14.790794,14.828064,14.772133,14.622826,14.828064,14.604141,14.716171,14.753487,14.883965,14.697517,14.772133,14.921196,14.883965,14.772133,14.790794,14.660179,14.678848,14.716171,14.473274,14.846703,14.753487,14.734833,14.604141,14.846703,14.716171,14.995636,14.641502,14.790794,14.772133,14.566772,14.678848,14.641502,14.622826,14.772133,14.790794,14.622826,14.828064,14.772133,14.753487,14.921196,14.958420,14.977043,14.828064,14.641502,14.921196,14.883965,14.939812,14.790794,14.697517,14.995636,14.753487,14.828064,14.939812,14.939812,14.772133,14.883965,14.828064,14.939812,14.734833,14.865326,14.790794,14.902580,14.772133,14.865326,14.995636,14.828064,14.958420,14.939812,14.790794,14.939812,14.883965,14.958420,14.921196,15.107178,14.828064,15.051422,14.753487,14.902580,15.032837,14.995636,14.902580,14.977043,14.977043,15.144333,14.977043,15.144333,
15.311302,15.218575,15.329842,15.237137,15.144333,15.292770,15.144333,15.366905,15.051422,15.218575,15.237137,15.125755,15.162895,15.051422,15.032837,15.181458,15.329842,15.144333,14.977043,15.403938,15.699715,15.976097,16.049652,16.672379,16.854668,17.453522,17.724342,18.102013,18.352852,18.763298,19.330948,19.472237,19.683716,19.912178,20.192490,20.105003,20.244934,20.436943,20.262413,20.558884,20.367180,20.367180,20.349724,20.489220,20.436943,20.471802,20.558884,20.402061,20.297348,20.227455,20.140007,20.297348,20.262413,20.244934,20.069977,20.402061,20.314804,20.524055,20.593697,20.767487,20.888908,20.836899,20.888908,20.871582,20.923576,21.027458,20.871582,20.871582,21.079346,20.975533,20.975533,20.819542,20.940895,21.027458,20.906242,21.044754,20.871582,21.010155,20.992851,21.027458,21.079346,21.131203,21.096642,20.923576,20.975533,20.992851,20.992851,20.992851,20.871582,21.010155,20.992851,21.234810,20.888908,20.992851,20.992851,21.096642,21.269310,20.871582,21.079346,21.286568,21.062057,21.217552,20.992851,21.113914,21.027458,21.079346,21.303802,21.165756,21.303802,21.113914,21.148476,21.269310,21.131203,21.200287,21.165756,21.286568,21.217552,21.234810,21.148476,21.458817,21.613518,21.613518,21.372734,21.630684,21.596336,21.596336,21.476021,21.561981,21.647850,21.665016,21.458817,21.579163,21.733620,21.767891,21.853539,21.921967,21.802162,21.990349,21.904861,22.075729,22.058662,22.399300,22.143959,22.263237,22.365303,22.416298,22.143959,22.382309,22.348305,22.246208,22.195107,22.348305,22.467247,22.382309,22.348305,22.314293,22.331291,22.365303,22.450264,22.467247,22.246208,22.484222,22.382309,22.229179,22.212143,22.314293,22.178062,22.280251,22.501198,22.433289,22.246208,22.365303,22.433289,22.348305,22.653778,22.416298,22.467247,22.602951,22.331291,22.331291,22.365303,22.041588,22.297272,22.297272,22.109856,22.212143,21.973259,21.802162,21.990349,21.904861,21.785027,21.767891,21.802162,21.870644,21.750755,21.647850,21.819290,21.767891,21.836411,21.802162,21.682167,21.870644,21.973259,21.870644,21.785027,21.904861,21.733620,21.630684,21.836411,21.819290,21.785027,21.785027,21.870644,21.939064,22.007431,21.990349,21.887764,21.939064,22.109856,21.836411,21.990349,22.109856,22.075729,22.161018,22.161018,22.092789,22.109856,22.024513,22.007431,22.229179,22.246208,22.195107,22.314293,22.331291,22.229179,22.348305,22.280251,22.314293,22.195107,22.109856,22.041588,22.007431,22.007431,21.699318,21.939064,21.904861,21.716469,21.767891,21.579163,21.682167,21.579163,21.699318,21.767891,21.544792,21.750755,21.767891,21.579163,21.579163,21.716469,21.544792,21.527603,21.561981,21.510414,21.424393,21.476021,21.510414,21.493217,21.252068,21.234810,21.286568,21.321045,21.165756,21.217552,21.044754,21.303802,21.372734,21.269310,21.113914,21.062057,21.165756,20.992851,21.062057,21.027458,21.010155,20.854233,20.888908,20.784843,20.576286,20.802200,20.906242,20.888908,20.645866,20.888908,20.871582,20.923576,20.802200,20.715385,20.888908,20.750122,20.663254,20.750122,20.541473,20.784843,20.732758,20.645866,20.541473,20.489220,20.367180,20.052460,20.349724,20.069977,19.877083,19.789246,19.964821,20.192490,19.841957,19.912178,19.771667,19.841957,19.789246,19.859520,19.771667,19.683716,19.542793,19.701309,19.630898,19.472237,19.542793,19.313263,19.383957,19.295586,19.260208,19.401619,19.401619,19.313263,19.065346,19.065346,18.887802,18.852249,18.406502,18.209602,18.102013,17.724342,17.724342,17.163704,16.854668,16.471397,16.196571,15.681252,15.570435,15.348373,15.385422,15.014244,14.828064,14.977043,14.865326,14.809425,14.790794,15.032837,14.883965,15.032837,14.995636,14.995636,14.939812,14.995636,15.032837,15.070015,15.051422,15.218575,15.051422,15.014244,15.144333,14.958420,14.977043,14.958420,15.088600,15.032837,15.014244,14.921196,14.921196,14.902580,15.032837,15.014244,14.977043,14.939812,15.070015,14.958420,14.883965,14.939812,14.902580,14.846703,14.958420,14.902580,14.865326,14.865326,14.865326,14.921196,15.070015,14.921196,14.939812,14.828064,14.977043,14.865326,14.883965,14.902580,14.734833,14.883965,14.921196,14.995636,14.828064,14.828064,14.790794,14.902580,14.734833,14.939812,14.828064,14.958420,14.828064,14.678848,14.883965,14.883965,14.939812,14.846703,15.144333,14.641502,14.809425,14.734833,14.790794,14.678848,14.921196,14.548080,14.921196,14.678848,14.828064,14.716171,14.753487,14.566772,14.566772,14.548080,14.734833,14.641502,14.753487,14.660179,14.883965,14.697517,14.641502,14.697517,14.809425,14.809425,14.809425,14.772133,14.809425,14.809425,14.883965,14.828064,14.716171,14.828064,14.790794,14.902580,14.753487,14.902580,14.678848,14.734833,14.697517,14.734833,14.939812,14.641502,14.697517,14.697517,14.790794,14.921196,14.958420,14.828064,14.865326,14.846703,14.995636,14.809425,14.846703,14.772133,14.921196,14.902580,14.753487,14.846703,14.828064,14.846703,14.939812,14.846703,14.734833,14.790794,14.846703,14.883965,14.846703,14.883965,14.678848,14.660179,14.697517,14.622826,14.678848,14.417122,14.491982,14.229706,14.641502,14.566772,14.678848,14.566772,14.697517,14.734833,14.902580,14.865326,15.162895,15.032837,15.070015,15.070015,15.181458,15.218575,15.107178,15.070015,15.107178,15.162895,14.921196,15.051422,14.772133,14.828064,14.846703,14.772133,14.865326,14.772133,14.883965,14.491982,14.753487,14.604141,14.697517,14.828064,14.697517,14.977043,14.753487,14.790794,14.772133,14.772133,14.790794,14.809425,14.753487,14.865326,14.604141,14.716171,14.622826,14.660179,14.772133,14.604141,14.790794,14.790794,14.716171,14.809425,14.753487,14.846703,14.772133,14.660179,14.753487,14.865326,14.790794,14.678848,14.678848,14.977043,14.491982,14.753487,14.939812,14.734833,14.697517,14.734833,14.753487,14.604141,14.995636,14.809425,14.678848,14.548080,14.790794,14.716171,14.697517,14.734833,14.734833,14.660179,14.772133,14.697517,14.828064,14.697517,14.865326,14.697517,14.921196,14.641502,14.846703,14.734833,14.772133,14.772133,15.032837,14.828064,14.809425,14.883965,14.883965,14.846703,14.865326,14.846703,14.828064,14.828064,14.734833,15.032837,14.809425,14.716171,14.958420,14.734833,14.939812,14.809425,14.604141,14.846703,14.958420,14.753487,14.883965,14.660179,14.716171,14.828064,14.902580,14.809425,14.734833,15.125755,14.828064,14.883965,15.014244,15.014244,14.958420,15.051422,14.977043,14.790794,15.107178,14.828064,14.772133,15.200020,14.883965,14.977043,15.051422,14.902580,15.125755,
15.644325,15.403938,15.403938,15.459480,15.218575,15.477974,15.107178,15.422462,15.311302,15.329842,15.014244,15.311302,15.162895,14.921196,15.070015,15.032837,15.144333,15.088600,15.181458,15.403938,15.644325,15.718163,16.178230,16.617607,16.800026,17.489685,17.670250,17.994278,18.656418,18.638596,19.224815,19.401619,19.595665,19.894638,19.841957,20.122513,20.262413,20.384621,20.332268,20.314804,20.628487,20.454369,20.436943,20.593697,20.349724,20.402061,20.558884,20.576286,20.384621,20.157509,20.140007,20.332268,20.209976,20.367180,20.192490,20.349724,20.419502,20.471802,20.802200,20.698021,20.871582,20.871582,20.802200,20.854233,20.958221,20.975533,21.079346,20.958221,20.923576,20.992851,20.992851,21.079346,21.027458,21.113914,20.975533,21.113914,21.148476,21.079346,21.096642,20.854233,21.165756,20.940895,21.131203,21.183029,21.096642,21.062057,21.165756,20.802200,20.958221,20.819542,20.854233,20.923576,20.888908,20.888908,21.200287,20.958221,21.010155,21.010155,21.010155,21.113914,21.131203,21.096642,21.096642,21.113914,21.252068,21.252068,21.131203,21.165756,21.183029,21.027458,21.062057,21.096642,21.234810,21.096642,21.286568,21.183029,21.165756,21.252068,21.338272,21.303802,21.493217,21.647850,21.561981,21.579163,21.579163,21.544792,21.544792,21.613518,21.527603,21.699318,21.527603,21.785027,21.613518,21.836411,21.647850,21.767891,21.939064,21.956161,22.024513,22.109856,22.263237,22.314293,22.263237,22.297272,22.484222,22.382309,22.348305,22.212143,22.382309,22.365303,22.195107,22.280251,22.109856,22.280251,22.263237,22.484222,22.314293,22.416298,22.365303,22.484222,22.263237,22.382309,22.365303,22.382309,22.212143,22.382309,22.229179,22.178062,22.280251,22.195107,22.143959,22.382309,22.416298,22.467247,22.126915,22.246208,22.416298,22.348305,22.348305,22.297272,22.161018,22.263237,22.229179,22.178062,22.126915,22.007431,21.870644,21.939064,22.041588,21.836411,21.802162,21.904861,21.819290,21.887764,21.767891,21.870644,21.887764,21.887764,21.853539,21.870644,21.887764,21.819290,21.819290,21.750755,21.699318,21.956161,21.836411,21.750755,21.579163,21.921967,21.802162,21.819290,21.785027,21.887764,22.092789,21.990349,21.904861,22.058662,21.921967,22.041588,21.853539,22.058662,22.075729,22.092789,22.212143,22.161018,22.161018,22.178062,22.075729,22.280251,22.161018,22.161018,22.229179,22.433289,22.297272,22.433289,22.382309,22.092789,22.246208,22.212143,22.178062,22.178062,21.887764,22.041588,22.212143,21.819290,21.887764,21.785027,21.579163,21.750755,21.682167,21.887764,21.579163,21.579163,21.802162,21.802162,21.716469,21.767891,21.716469,21.613518,21.389961,21.853539,21.579163,21.596336,21.441612,21.665016,21.286568,21.458817,21.252068,21.252068,21.148476,21.252068,21.165756,21.183029,21.286568,21.217552,21.096642,21.217552,21.096642,21.044754,21.044754,21.113914,21.044754,20.923576,20.923576,20.802200,20.992851,21.096642,20.940895,20.767487,20.836899,20.888908,20.940895,20.819542,20.854233,20.802200,20.819542,20.854233,20.871582,20.871582,20.611084,20.784843,20.784843,20.524055,20.645866,20.593697,20.314804,20.489220,20.244934,20.052460,20.105003,20.087494,20.069977,20.034943,20.157509,19.947273,20.017418,19.982353,19.912178,19.789246,19.947273,19.736496,19.648506,19.806816,19.754082,19.613289,19.613289,19.595665,19.366287,19.366287,19.383957,19.224815,19.295586,19.224815,19.153984,19.260208,19.171692,18.745483,18.834473,18.495850,18.334953,17.976311,17.580009,17.417351,16.927490,16.763573,16.398201,16.068031,15.736610,15.403938,14.995636,15.070015,15.014244,14.753487,14.977043,14.865326,14.939812,14.753487,14.995636,15.051422,15.032837,15.162895,15.051422,15.162895,15.032837,14.977043,15.070015,15.032837,14.939812,15.051422,15.181458,15.292770,14.958420,15.014244,14.958420,14.921196,14.921196,14.958420,15.088600,14.977043,14.977043,14.995636,15.107178,14.995636,15.181458,15.014244,15.107178,14.883965,15.051422,14.883965,14.865326,14.846703,14.865326,14.977043,14.958420,14.995636,14.921196,14.977043,14.977043,14.977043,14.995636,15.032837,14.921196,15.051422,14.977043,14.995636,14.790794,14.939812,14.716171,14.846703,14.902580,14.883965,14.772133,14.809425,14.995636,14.846703,14.809425,14.977043,14.865326,14.734833,14.921196,14.921196,14.828064,14.883965,14.734833,14.939812,14.883965,14.697517,14.622826,14.772133,14.622826,14.902580,14.846703,14.958420,14.846703,14.772133,14.697517,14.846703,14.883965,14.846703,14.678848,14.846703,14.809425,14.734833,14.902580,14.828064,14.697517,14.977043,14.772133,14.865326,14.697517,14.734833,14.716171,14.790794,14.902580,14.734833,14.809425,14.772133,14.921196,14.772133,14.697517,14.809425,14.846703,14.753487,14.828064,14.809425,14.734833,14.809425,14.753487,14.697517,14.790794,14.902580,15.032837,14.734833,14.939812,14.977043,14.902580,15.070015,14.641502,14.809425,14.828064,14.828064,14.865326,14.585457,14.958420,15.051422,14.734833,14.622826,14.883965,14.902580,14.809425,14.902580,14.809425,14.790794,14.865326,14.548080,14.790794,14.660179,14.585457,14.641502,14.529381,14.604141,14.660179,14.716171,14.678848,14.734833,14.939812,14.790794,15.107178,15.032837,15.070015,15.200020,15.051422,15.200020,15.200020,15.070015,15.162895,14.995636,14.921196,14.883965,14.977043,14.678848,14.958420,14.883965,14.716171,14.641502,14.902580,14.772133,14.809425,14.828064,14.828064,14.809425,14.865326,14.753487,14.865326,14.809425,14.697517,14.865326,14.790794,14.622826,14.902580,14.883965,14.809425,14.921196,14.716171,14.828064,14.828064,14.790794,14.716171,14.790794,14.902580,14.660179,14.902580,14.772133,14.790794,14.809425,14.529381,14.790794,15.200020,14.865326,14.939812,14.883965,14.809425,14.809425,14.753487,14.604141,14.772133,14.716171,14.641502,14.772133,14.697517,14.604141,14.660179,14.753487,14.753487,14.548080,14.753487,14.604141,14.865326,14.622826,14.846703,14.828064,14.716171,14.865326,14.995636,14.697517,14.958420,14.772133,14.865326,14.716171,14.977043,14.939812,14.921196,14.828064,14.753487,14.585457,14.660179,14.939812,14.828064,14.995636,14.846703,15.070015,14.772133,14.902580,14.772133,14.883965,14.753487,14.678848,14.939812,14.734833,14.734833,14.790794,14.902580,15.032837,14.865326,15.032837,14.883965,14.865326,14.883965,15.162895,14.977043,14.977043,14.939812,14.828064,14.809425,14.939812,14.977043,14.846703,14.902580,14.958420,15.014244,14.846703,14.865326,14.846703,15.088600,15.014244,14.958420,14.977043,14.977043,15.088600,
15.366905,15.051422,15.237137,15.292770,15.292770,15.162895,15.255684,15.255684,15.144333,15.274223,15.032837,15.125755,14.865326,15.311302,14.995636,15.125755,15.107178,15.255684,15.218575,15.514977,15.311302,15.736610,15.755058,16.434807,17.236252,16.945679,17.724342,18.209602,18.442253,18.976631,19.171692,19.560417,19.666115,19.894638,20.087494,20.052460,20.174995,20.402061,20.402061,20.645866,20.663254,20.489220,20.332268,20.541473,20.541473,20.524055,20.576286,20.332268,20.367180,20.332268,20.122513,20.314804,20.419502,20.017418,20.367180,20.279877,20.436943,20.541473,20.611084,20.715385,20.819542,20.992851,20.871582,20.819542,20.871582,20.958221,21.131203,21.148476,21.010155,20.940895,21.062057,21.148476,21.044754,21.148476,21.131203,21.079346,20.992851,21.217552,21.131203,21.286568,21.096642,21.234810,20.992851,21.148476,21.044754,21.062057,21.062057,21.079346,20.802200,20.836899,20.992851,21.079346,20.888908,20.819542,20.958221,21.062057,21.234810,21.217552,20.923576,21.165756,21.079346,21.027458,21.096642,21.113914,21.010155,21.062057,21.079346,21.010155,21.183029,20.992851,20.888908,21.096642,21.010155,21.079346,21.200287,21.165756,21.269310,21.561981,21.321045,21.389961,21.424393,21.561981,21.527603,21.665016,21.733620,21.579163,21.561981,21.665016,21.767891,21.802162,21.733620,21.424393,21.682167,21.750755,21.870644,21.973259,22.041588,21.870644,21.973259,22.161018,22.109856,22.263237,22.399300,22.229179,22.399300,22.229179,22.433289,22.314293,22.331291,22.314293,22.348305,22.246208,22.263237,22.297272,22.348305,22.246208,22.263237,22.331291,22.365303,22.212143,22.263237,22.195107,22.229179,22.246208,22.195107,22.297272,22.178062,22.229179,22.246208,22.263237,22.297272,22.314293,22.229179,22.246208,22.280251,22.433289,22.382309,22.297272,22.331291,22.484222,22.212143,22.229179,22.075729,22.143959,22.126915,22.109856,21.819290,21.973259,22.024513,21.853539,21.853539,21.904861,21.767891,21.870644,21.750755,21.853539,21.716469,21.939064,21.785027,21.802162,21.785027,21.887764,21.733620,21.785027,21.716469,21.767891,21.682167,21.733620,21.887764,21.819290,21.836411,21.939064,21.836411,22.161018,21.939064,21.904861,21.921967,21.767891,21.802162,21.939064,21.921967,21.904861,22.075729,22.041588,22.126915,22.075729,22.041588,22.075729,22.007431,21.904861,22.297272,22.212143,22.195107,22.314293,22.246208,22.450264,22.416298,22.450264,22.161018,22.314293,22.092789,22.041588,22.007431,22.075729,22.024513,21.939064,21.887764,21.750755,21.647850,21.665016,21.853539,21.665016,21.887764,21.733620,21.665016,21.630684,21.647850,21.544792,21.544792,21.510414,21.647850,21.527603,21.682167,21.544792,21.561981,21.441612,21.303802,21.217552,21.234810,21.252068,21.252068,21.027458,21.286568,21.234810,21.321045,21.286568,21.044754,21.269310,21.027458,20.992851,21.148476,21.148476,21.062057,21.062057,20.992851,20.836899,20.628487,20.732758,20.906242,20.680634,20.715385,20.698021,20.802200,20.888908,20.940895,20.802200,20.802200,20.802200,20.871582,20.802200,20.802200,20.645866,20.663254,20.767487,20.663254,20.663254,20.611084,20.402061,20.332268,20.140007,20.227455,20.087494,20.069977,20.017418,20.017418,19.947273,19.929733,19.999893,19.859520,19.929733,19.806816,19.999893,19.613289,19.701309,19.683716,19.630898,19.472237,19.454590,19.436943,19.171692,19.348618,19.313263,19.207108,19.083084,19.277893,19.118538,18.887802,18.905579,18.798889,18.531555,18.155830,18.155830,17.688278,17.399261,17.000237,16.836464,16.361572,16.031273,15.957695,15.477974,15.181458,15.144333,14.939812,14.883965,15.051422,14.921196,14.958420,14.697517,14.828064,14.958420,14.902580,15.200020,15.070015,14.790794,15.107178,14.939812,14.958420,15.014244,15.051422,15.070015,14.939812,15.070015,14.921196,15.014244,15.051422,14.883965,15.125755,14.772133,14.902580,14.958420,14.958420,15.051422,14.958420,15.070015,14.902580,15.070015,15.070015,14.939812,15.014244,15.255684,14.883965,14.865326,14.790794,14.995636,14.939812,14.790794,14.828064,14.828064,14.921196,14.902580,14.772133,14.846703,14.753487,14.977043,14.939812,14.772133,14.809425,14.977043,14.902580,14.902580,14.865326,14.846703,14.809425,14.865326,14.809425,14.921196,14.828064,14.790794,14.809425,14.846703,15.032837,14.790794,14.790794,14.772133,14.958420,14.977043,14.753487,14.846703,14.716171,14.846703,14.809425,14.828064,14.678848,14.790794,14.772133,14.697517,14.772133,14.734833,14.753487,14.734833,14.939812,14.716171,14.846703,14.809425,14.790794,14.697517,14.772133,14.902580,14.697517,14.828064,14.809425,14.622826,14.716171,14.939812,14.902580,14.809425,14.753487,14.678848,14.809425,14.921196,14.678848,14.809425,14.865326,14.772133,14.734833,14.809425,14.790794,14.734833,14.604141,14.958420,14.790794,14.902580,14.660179,14.697517,14.846703,14.734833,14.846703,14.995636,14.921196,14.921196,14.809425,14.865326,14.697517,14.809425,15.014244,14.977043,14.660179,14.865326,14.697517,14.902580,14.809425,14.790794,14.753487,14.660179,14.548080,14.828064,14.473274,14.360939,14.585457,14.510681,14.641502,14.529381,14.529381,14.435844,14.585457,14.641502,14.772133,14.939812,15.032837,14.753487,15.088600,15.032837,14.883965,15.014244,14.902580,14.939812,15.051422,15.144333,14.995636,14.865326,15.162895,14.865326,14.566772,14.697517,14.995636,14.809425,14.902580,14.716171,14.790794,14.548080,14.678848,14.697517,14.772133,14.846703,14.883965,14.902580,14.865326,14.641502,14.734833,14.772133,14.846703,14.753487,14.622826,14.678848,15.032837,14.753487,14.790794,14.678848,14.846703,14.958420,14.790794,14.772133,14.716171,14.660179,14.865326,14.809425,14.716171,14.734833,14.939812,14.846703,14.772133,14.753487,14.697517,14.660179,14.678848,14.641502,14.716171,14.734833,14.995636,14.660179,14.772133,14.790794,14.585457,14.697517,14.828064,14.697517,14.716171,14.548080,14.753487,14.566772,14.491982,14.772133,14.734833,14.790794,14.622826,14.641502,14.790794,14.716171,14.734833,14.790794,14.622826,14.790794,14.958420,14.865326,14.716171,14.753487,14.772133,14.790794,14.828064,14.753487,14.846703,14.809425,14.716171,14.734833,14.939812,14.958420,14.772133,14.734833,14.958420,14.865326,14.809425,14.772133,14.939812,14.678848,14.772133,14.678848,14.716171,14.828064,14.566772,14.977043,14.734833,14.790794,14.790794,15.051422,14.921196,14.846703,14.883965,14.977043,14.697517,14.790794,14.995636,15.144333,14.846703,14.846703,14.865326,14.902580,14.828064,14.865326,14.753487,15.403938,
15.477974,15.329842,15.218575,15.422462,15.070015,15.292770,15.496475,15.237137,15.255684,15.218575,15.144333,15.237137,15.051422,14.977043,14.995636,15.070015,15.070015,15.366905,15.218575,15.477974,15.366905,15.902481,16.086403,16.471397,16.708862,17.236252,17.940361,17.994278,18.352852,18.745483,19.100807,19.736496,19.771667,19.894638,20.227455,20.157509,20.419502,20.297348,20.087494,20.541473,20.680634,20.628487,20.524055,20.611084,20.454369,20.402061,20.367180,20.384621,20.384621,20.367180,20.349724,20.174995,20.279877,20.314804,20.314804,20.367180,20.524055,20.436943,20.715385,20.541473,20.732758,20.802200,20.923576,20.975533,21.010155,21.252068,21.079346,21.096642,21.044754,21.200287,20.958221,21.200287,21.183029,21.148476,21.252068,21.321045,21.424393,21.165756,20.940895,21.286568,21.165756,21.252068,21.217552,21.183029,20.923576,21.044754,21.183029,21.165756,21.131203,21.286568,21.113914,21.044754,21.183029,20.992851,21.027458,20.836899,21.131203,21.062057,21.113914,21.044754,21.027458,20.975533,21.113914,21.027458,20.940895,21.217552,21.131203,21.183029,21.286568,21.096642,21.096642,21.131203,21.165756,21.234810,21.372734,21.321045,21.217552,21.303802,21.286568,21.510414,21.527603,21.544792,21.665016,21.767891,21.596336,21.750755,21.665016,21.750755,21.767891,21.716469,21.665016,21.819290,21.767891,21.785027,21.921967,21.956161,21.921967,22.024513,22.058662,22.178062,22.280251,21.904861,22.075729,22.263237,22.092789,22.143959,22.246208,22.263237,22.246208,22.348305,22.331291,22.331291,22.314293,22.382309,22.348305,22.280251,22.450264,22.399300,22.518166,22.450264,22.075729,22.229179,22.348305,22.314293,22.178062,22.109856,22.126915,22.229179,22.041588,22.382309,22.092789,22.109856,22.143959,22.382309,22.195107,22.263237,22.263237,22.263237,22.365303,22.212143,22.348305,22.126915,22.229179,21.973259,22.143959,22.212143,21.990349,22.075729,21.990349,21.682167,21.836411,21.785027,21.682167,21.870644,21.716469,21.785027,21.665016,21.904861,21.716469,21.853539,21.750755,21.853539,21.802162,21.819290,21.870644,21.733620,21.921967,21.904861,21.870644,21.767891,21.836411,21.870644,21.956161,21.990349,22.041588,22.007431,21.921967,21.887764,22.092789,22.109856,21.904861,21.904861,22.058662,22.092789,21.887764,22.092789,22.092789,22.075729,22.126915,22.092789,22.075729,22.229179,22.399300,22.246208,22.178062,22.297272,22.246208,22.109856,22.297272,22.109856,22.143959,22.075729,21.990349,21.973259,21.819290,21.716469,21.870644,21.750755,21.613518,21.733620,21.665016,21.561981,21.802162,21.647850,21.613518,21.596336,21.544792,21.613518,21.527603,21.613518,21.493217,21.407181,21.785027,21.544792,21.424393,21.510414,21.458817,21.321045,21.355507,21.079346,21.355507,21.148476,21.234810,21.183029,21.286568,21.183029,21.183029,21.303802,21.148476,20.906242,21.183029,21.113914,21.027458,20.802200,20.854233,20.940895,20.750122,20.819542,21.027458,20.940895,20.767487,20.767487,20.923576,20.750122,20.732758,20.750122,20.871582,20.854233,20.802200,20.819542,20.698021,20.802200,20.819542,20.698021,20.715385,20.558884,20.419502,20.314804,20.087494,20.227455,20.157509,19.982353,20.157509,20.087494,20.105003,20.157509,20.052460,20.017418,19.824394,20.017418,19.771667,19.648506,19.841957,19.736496,19.701309,19.472237,19.489883,19.489883,19.383957,19.383957,19.224815,19.224815,19.065346,19.330948,19.313263,19.029869,19.047615,18.976631,18.709869,18.495850,18.030205,17.868416,17.706314,17.344955,17.199982,16.872887,16.306610,16.031273,15.828796,15.366905,15.311302,15.144333,15.051422,14.921196,15.088600,14.753487,14.772133,14.865326,14.865326,14.921196,14.939812,15.255684,15.051422,15.014244,15.255684,14.939812,15.162895,14.958420,15.032837,15.051422,14.995636,15.107178,15.144333,15.181458,14.865326,15.181458,14.995636,14.977043,15.014244,15.125755,15.162895,15.107178,14.995636,15.014244,14.939812,14.995636,15.088600,15.032837,14.958420,15.014244,15.032837,15.014244,14.939812,14.977043,14.939812,14.995636,14.865326,14.865326,14.865326,14.883965,14.921196,14.958420,15.014244,14.902580,14.809425,14.883965,14.790794,14.958420,14.939812,14.902580,14.865326,14.865326,15.014244,14.939812,14.846703,14.921196,14.958420,14.865326,14.716171,14.846703,14.883965,14.734833,14.921196,14.846703,14.958420,14.921196,15.088600,14.790794,14.921196,14.865326,14.753487,14.716171,14.734833,14.995636,14.697517,14.697517,14.846703,14.846703,14.753487,14.753487,14.939812,14.846703,14.772133,14.828064,14.697517,14.753487,14.828064,14.697517,14.716171,14.846703,14.716171,14.846703,14.809425,14.902580,14.734833,14.716171,14.865326,14.828064,14.809425,14.865326,14.828064,14.902580,14.753487,14.883965,14.828064,14.939812,14.734833,14.809425,14.622826,14.865326,14.939812,14.846703,14.809425,14.828064,14.622826,14.678848,14.846703,14.846703,14.828064,14.921196,14.846703,14.902580,15.032837,14.883965,14.939812,15.107178,14.846703,14.678848,14.939812,14.902580,14.958420,14.753487,14.902580,14.641502,14.753487,14.697517,14.566772,14.566772,14.267220,14.622826,14.548080,14.417122,14.660179,14.435844,14.566772,14.753487,14.790794,14.977043,14.977043,15.032837,15.107178,15.107178,14.977043,15.070015,15.200020,15.292770,15.200020,15.088600,14.995636,15.200020,14.939812,14.939812,14.641502,14.566772,14.809425,14.660179,14.753487,14.604141,14.454552,14.809425,14.678848,14.772133,14.865326,14.753487,14.585457,14.883965,14.753487,14.734833,14.828064,14.846703,14.809425,14.678848,14.753487,14.697517,14.939812,14.678848,14.678848,14.660179,14.846703,14.790794,14.734833,14.939812,14.660179,14.678848,14.753487,14.828064,14.678848,14.828064,14.678848,14.697517,14.641502,14.753487,14.753487,14.660179,14.566772,14.641502,14.772133,14.753487,14.716171,14.697517,14.548080,14.772133,14.622826,14.678848,14.585457,14.585457,14.790794,14.604141,14.473274,14.529381,14.697517,14.865326,14.622826,14.734833,14.846703,14.772133,14.491982,14.809425,14.753487,14.921196,14.716171,14.697517,14.828064,14.790794,14.772133,14.660179,14.660179,14.678848,14.622826,14.716171,14.753487,14.641502,14.604141,14.678848,14.790794,14.921196,14.678848,14.753487,14.977043,14.902580,14.828064,14.846703,14.734833,14.753487,14.921196,14.921196,14.958420,14.660179,14.753487,14.995636,14.790794,14.828064,14.790794,15.088600,14.734833,14.865326,14.772133,14.604141,14.753487,14.828064,14.846703,15.088600,14.865326,14.846703,14.939812,14.995636,14.995636,14.865326,15.181458,15.255684,
15.533455,15.274223,15.385422,15.459480,15.292770,15.366905,15.218575,15.218575,15.311302,15.292770,15.144333,15.218575,15.311302,14.977043,14.995636,15.107178,14.977043,14.977043,15.144333,15.311302,15.422462,15.920883,16.049652,16.453102,16.909286,17.381157,17.922386,17.922386,18.281258,18.781090,19.260208,19.436943,19.595665,19.999893,20.069977,20.314804,20.297348,20.349724,20.471802,20.524055,20.471802,20.506645,20.524055,20.297348,20.541473,20.384621,20.454369,20.297348,20.419502,20.297348,20.157509,20.122513,20.314804,20.419502,20.332268,20.332268,20.402061,20.402061,20.541473,20.663254,20.663254,20.750122,20.784843,20.923576,20.871582,21.010155,21.148476,21.252068,21.200287,21.044754,20.992851,21.200287,21.165756,21.441612,21.286568,21.321045,21.372734,21.303802,21.321045,21.269310,21.131203,21.148476,21.062057,21.148476,21.113914,21.286568,21.269310,20.923576,20.975533,20.906242,20.975533,21.044754,20.923576,20.906242,20.975533,21.010155,21.079346,21.113914,20.975533,20.836899,20.802200,21.165756,20.975533,21.062057,21.148476,21.165756,21.062057,20.992851,21.113914,20.958221,21.113914,21.096642,21.183029,21.269310,21.372734,21.286568,21.458817,21.252068,21.321045,21.493217,21.613518,21.716469,21.630684,21.921967,21.887764,21.665016,21.990349,21.836411,21.785027,21.733620,21.802162,21.904861,21.733620,21.802162,21.921967,21.990349,21.956161,22.075729,22.143959,22.058662,22.178062,22.109856,22.092789,22.178062,22.297272,22.109856,22.297272,22.263237,22.382309,22.280251,22.263237,22.331291,22.399300,22.195107,22.382309,22.331291,22.382309,22.433289,22.433289,22.399300,22.246208,22.195107,22.161018,22.126915,21.973259,22.212143,22.041588,22.195107,22.161018,22.161018,22.109856,22.075729,22.075729,22.263237,22.075729,22.161018,22.433289,22.161018,22.212143,22.075729,22.195107,22.092789,22.246208,22.007431,21.990349,22.161018,21.973259,21.733620,21.939064,21.802162,21.836411,21.887764,21.853539,21.904861,21.887764,21.853539,21.939064,21.921967,21.853539,21.904861,21.939064,21.921967,21.990349,21.904861,21.990349,21.904861,21.836411,21.904861,21.870644,21.836411,21.767891,21.990349,21.887764,22.109856,22.041588,21.887764,22.058662,21.939064,21.990349,21.870644,21.853539,22.024513,22.007431,21.904861,22.024513,22.161018,22.126915,21.939064,22.126915,22.246208,22.280251,22.212143,22.314293,22.246208,22.246208,22.348305,22.143959,22.263237,22.263237,22.331291,22.297272,22.178062,21.990349,21.904861,21.870644,21.921967,21.870644,21.887764,21.853539,21.750755,21.527603,21.647850,21.767891,21.733620,21.613518,21.699318,21.716469,21.458817,21.630684,21.596336,21.596336,21.476021,21.510414,21.596336,21.372734,21.355507,21.269310,21.389961,21.217552,21.269310,21.044754,21.372734,21.269310,21.286568,21.148476,21.148476,21.183029,21.044754,21.131203,21.062057,20.958221,21.131203,20.992851,20.992851,20.923576,20.819542,20.767487,20.767487,20.732758,20.819542,20.715385,20.732758,20.802200,20.750122,20.958221,20.802200,20.871582,20.750122,20.715385,20.750122,20.645866,20.802200,20.680634,20.489220,20.471802,20.698021,20.332268,20.367180,20.140007,20.367180,20.034943,19.912178,19.964821,20.034943,20.069977,19.929733,20.087494,19.947273,19.754082,19.982353,19.806816,19.841957,19.754082,19.666115,19.613289,19.666115,19.313263,19.489883,19.260208,19.366287,19.401619,19.330948,19.224815,19.118538,19.313263,19.260208,19.065346,18.798889,18.798889,18.442253,18.209602,18.012245,17.742363,17.525826,17.054764,16.672379,16.581078,16.233269,15.699715,15.440964,15.385422,15.237137,14.921196,15.070015,14.865326,14.790794,14.865326,14.902580,14.828064,15.162895,14.865326,14.902580,14.939812,15.292770,15.088600,14.958420,15.014244,15.032837,15.125755,15.032837,15.125755,14.939812,14.977043,14.939812,15.107178,15.237137,14.939812,14.995636,15.014244,15.014244,15.032837,14.865326,15.218575,14.977043,15.014244,15.162895,15.051422,15.070015,15.032837,15.051422,15.014244,14.883965,15.107178,15.032837,14.828064,14.977043,14.846703,14.939812,14.828064,14.977043,14.902580,14.995636,14.939812,14.828064,14.939812,14.902580,14.809425,14.828064,14.809425,14.939812,14.790794,14.921196,14.828064,14.883965,14.883965,14.977043,14.865326,14.828064,14.902580,14.846703,14.846703,14.902580,14.958420,15.051422,14.865326,14.902580,14.716171,14.846703,14.716171,14.790794,14.716171,14.809425,14.883965,14.939812,14.678848,14.753487,14.660179,14.734833,14.846703,14.828064,14.995636,14.734833,14.846703,14.809425,14.772133,14.790794,14.846703,14.865326,14.846703,14.958420,14.902580,15.014244,14.846703,14.734833,14.883965,14.697517,14.660179,14.641502,14.716171,14.772133,14.828064,14.772133,14.660179,14.772133,14.883965,14.716171,14.716171,14.734833,14.809425,14.865326,14.529381,14.828064,14.809425,14.753487,14.828064,14.753487,14.828064,14.604141,14.939812,14.902580,14.753487,14.790794,14.865326,14.921196,14.883965,14.995636,14.753487,14.939812,14.883965,14.716171,14.772133,14.939812,14.716171,14.697517,14.772133,14.734833,14.641502,14.790794,14.678848,14.491982,14.660179,14.678848,14.585457,14.585457,14.828064,15.051422,14.716171,14.846703,15.088600,15.181458,15.200020,15.348373,15.125755,15.070015,15.014244,15.070015,15.032837,15.348373,14.939812,14.828064,14.772133,14.921196,14.846703,14.958420,14.660179,14.790794,14.790794,14.734833,14.622826,14.660179,14.660179,14.828064,14.734833,14.809425,14.790794,14.790794,14.641502,14.697517,14.790794,14.772133,14.753487,14.865326,14.846703,14.883965,14.865326,14.828064,14.977043,14.939812,14.921196,14.622826,14.585457,14.790794,14.958420,14.734833,14.790794,14.678848,14.716171,14.678848,14.828064,15.070015,14.846703,14.660179,14.809425,14.622826,14.753487,14.660179,14.585457,14.604141,14.454552,14.753487,14.716171,14.772133,14.566772,14.828064,14.753487,14.660179,14.622826,14.716171,14.958420,14.790794,14.753487,14.772133,14.809425,14.678848,14.809425,14.585457,14.809425,14.790794,14.678848,14.809425,14.958420,14.865326,14.678848,14.678848,14.697517,14.902580,14.790794,14.678848,14.641502,14.846703,14.734833,14.734833,14.902580,14.734833,14.697517,14.865326,14.846703,14.846703,14.828064,14.846703,14.939812,14.809425,14.734833,14.566772,14.809425,14.902580,14.809425,14.809425,14.734833,14.939812,14.734833,14.846703,15.032837,14.790794,14.977043,14.865326,14.958420,14.995636,14.995636,15.088600,14.958420,14.734833,14.716171,14.772133,14.921196,14.995636,14.958420,15.014244,14.977043,15.070015,
15.311302,15.218575,15.125755,15.255684,15.144333,15.255684,14.939812,15.311302,15.051422,15.311302,15.162895,15.200020,15.088600,15.144333,15.032837,15.014244,15.218575,14.977043,15.200020,15.422462,15.255684,15.828796,15.994492,16.324928,16.781799,17.363060,17.778404,18.281258,18.299164,18.816673,18.994377,19.295586,19.701309,20.034943,19.964821,20.192490,20.262413,20.244934,20.663254,20.541473,20.384621,20.576286,20.645866,20.558884,20.436943,20.506645,20.576286,20.367180,20.244934,20.297348,20.192490,20.209976,20.332268,20.384621,20.384621,20.297348,20.576286,20.402061,20.524055,20.715385,20.663254,20.854233,20.923576,20.940895,20.923576,20.923576,21.079346,21.010155,21.200287,21.321045,21.010155,21.165756,21.217552,21.252068,21.252068,21.424393,21.303802,21.269310,21.321045,21.476021,21.148476,21.165756,21.303802,21.165756,21.096642,21.303802,21.096642,21.044754,20.992851,20.923576,20.906242,20.871582,21.027458,20.958221,21.027458,21.010155,21.079346,21.096642,20.958221,20.992851,21.062057,21.096642,21.044754,21.062057,21.027458,21.252068,21.165756,20.940895,20.958221,21.044754,21.062057,20.958221,21.044754,21.286568,21.096642,21.286568,21.338272,21.476021,21.527603,21.458817,21.785027,21.630684,21.699318,21.939064,21.921967,21.853539,21.819290,22.092789,21.767891,21.785027,21.853539,21.853539,21.699318,21.836411,21.990349,21.939064,21.904861,22.024513,22.126915,22.092789,22.041588,22.143959,22.263237,22.280251,22.143959,22.229179,22.246208,22.143959,22.246208,22.246208,22.263237,22.178062,22.348305,22.450264,22.365303,22.331291,22.212143,22.297272,22.297272,22.314293,22.229179,22.280251,22.143959,22.212143,22.092789,22.075729,21.973259,22.092789,22.024513,22.092789,22.007431,22.092789,22.007431,22.161018,22.229179,22.075729,22.178062,22.092789,22.229179,22.161018,22.143959,22.246208,22.126915,22.058662,21.836411,22.109856,21.973259,21.921967,21.870644,21.785027,21.973259,21.819290,22.058662,22.024513,22.007431,21.887764,22.007431,22.058662,21.819290,21.939064,21.819290,22.007431,22.075729,21.767891,22.007431,22.024513,22.007431,21.733620,22.109856,21.785027,21.939064,21.836411,21.939064,21.990349,22.126915,22.195107,21.921967,22.024513,21.973259,22.178062,22.075729,21.921967,22.075729,22.280251,22.161018,22.178062,22.331291,21.990349,22.075729,22.195107,22.143959,22.212143,22.399300,22.246208,22.212143,22.416298,22.314293,22.399300,22.178062,22.178062,22.178062,21.973259,21.819290,21.939064,21.836411,21.939064,21.802162,21.870644,21.579163,21.853539,21.544792,21.647850,21.527603,21.682167,21.647850,21.785027,21.682167,21.699318,21.476021,21.682167,21.785027,21.527603,21.441612,21.561981,21.338272,21.355507,21.355507,21.303802,21.217552,21.269310,21.165756,21.389961,21.303802,21.269310,21.321045,21.338272,21.252068,21.407181,21.217552,21.303802,21.079346,20.992851,20.992851,21.044754,21.062057,20.871582,20.871582,20.767487,20.802200,20.854233,20.888908,20.715385,20.663254,20.750122,20.802200,20.767487,20.732758,20.750122,20.906242,20.940895,20.732758,20.698021,20.611084,20.558884,20.524055,20.454369,20.524055,20.297348,20.349724,20.227455,20.122513,20.052460,20.034943,19.789246,19.947273,20.034943,19.982353,20.017418,19.789246,19.789246,19.771667,19.754082,19.789246,19.683716,19.648506,19.560417,19.701309,19.560417,19.472237,19.277893,19.366287,19.507530,19.295586,19.383957,19.136261,19.118538,19.012123,18.958870,18.638596,18.656418,18.388626,18.048164,17.670250,17.670250,17.290627,16.945679,16.526253,16.214928,15.773499,15.551949,15.292770,15.181458,14.958420,15.125755,14.939812,14.883965,14.828064,14.846703,14.939812,15.051422,14.828064,14.846703,15.014244,14.977043,15.088600,15.162895,15.032837,15.125755,15.181458,15.181458,15.125755,15.070015,15.107178,15.070015,15.051422,15.218575,14.902580,14.865326,15.032837,14.865326,14.883965,15.070015,14.921196,15.032837,14.902580,15.051422,15.014244,15.088600,15.051422,15.032837,15.014244,14.921196,14.939812,15.107178,15.032837,14.977043,14.809425,14.828064,15.014244,15.107178,14.977043,14.939812,14.846703,14.883965,14.753487,14.883965,14.902580,15.032837,15.051422,14.790794,14.828064,14.902580,14.772133,14.622826,14.846703,14.790794,14.883965,14.846703,14.939812,14.790794,14.865326,14.809425,14.716171,14.865326,14.790794,15.014244,14.734833,14.809425,14.660179,14.921196,14.846703,14.865326,14.809425,14.772133,14.622826,14.734833,14.790794,14.865326,14.622826,14.902580,14.902580,14.772133,14.790794,14.865326,14.716171,14.921196,14.585457,14.790794,14.865326,14.846703,14.828064,14.865326,14.790794,15.032837,14.734833,14.883965,14.939812,14.883965,14.716171,14.734833,14.883965,14.772133,14.753487,14.939812,14.902580,14.772133,14.995636,14.846703,14.716171,14.566772,14.958420,14.902580,14.790794,14.790794,14.958420,14.977043,14.716171,14.772133,14.697517,14.995636,14.921196,14.939812,14.790794,14.846703,14.921196,14.883965,14.958420,14.883965,14.865326,14.846703,14.678848,15.014244,14.828064,14.939812,14.846703,14.604141,14.529381,14.734833,14.491982,14.585457,14.622826,14.660179,14.417122,14.529381,14.790794,14.716171,15.070015,14.995636,15.107178,15.237137,15.107178,15.107178,15.329842,15.032837,15.162895,15.107178,15.088600,14.939812,15.125755,14.939812,15.032837,14.846703,14.753487,14.846703,14.660179,14.716171,14.660179,14.958420,14.566772,14.548080,14.697517,14.510681,14.660179,14.604141,14.846703,14.678848,14.772133,14.734833,14.921196,14.604141,14.846703,14.809425,14.660179,14.939812,14.716171,14.697517,14.753487,14.809425,14.790794,14.678848,14.697517,14.734833,14.697517,14.753487,14.566772,14.977043,14.809425,14.809425,14.753487,14.622826,14.660179,14.641502,14.716171,14.790794,14.529381,14.697517,14.585457,14.622826,14.753487,14.772133,14.585457,14.846703,15.051422,14.622826,14.790794,14.697517,14.622826,14.716171,14.716171,14.772133,14.697517,14.995636,14.622826,14.790794,14.753487,14.977043,14.790794,14.921196,14.939812,14.678848,14.753487,14.772133,14.697517,14.921196,14.716171,14.958420,14.902580,14.678848,14.809425,14.958420,14.716171,14.548080,14.809425,14.734833,14.809425,14.772133,14.865326,14.678848,14.921196,14.846703,15.014244,14.548080,14.809425,14.865326,14.865326,14.828064,14.772133,14.641502,14.716171,14.846703,14.828064,14.883965,14.809425,14.604141,14.846703,15.051422,14.790794,14.753487,14.660179,14.790794,14.995636,15.032837,14.678848,14.977043,14.939812,15.144333,15.014244,15.032837,14.921196,15.088600,
15.329842,15.181458,15.144333,15.070015,15.237137,15.125755,15.200020,15.311302,15.144333,15.366905,15.088600,15.070015,15.088600,15.385422,15.088600,15.070015,14.958420,15.070015,15.274223,15.311302,15.514977,15.699715,15.957695,16.324928,16.891090,17.290627,17.814415,18.066116,18.513702,18.656418,19.012123,19.560417,19.613289,19.824394,19.947273,20.279877,20.140007,20.349724,20.436943,20.611084,20.506645,20.402061,20.419502,20.367180,20.454369,20.541473,20.541473,20.384621,20.454369,20.454369,20.279877,20.279877,20.367180,20.279877,20.384621,20.489220,20.471802,20.784843,20.611084,20.663254,20.524055,20.854233,21.079346,21.027458,21.148476,21.286568,21.131203,21.044754,21.027458,21.062057,21.252068,21.355507,21.544792,21.234810,21.493217,21.389961,21.303802,21.493217,21.493217,21.665016,21.389961,21.458817,21.286568,21.441612,21.286568,21.010155,21.165756,21.200287,21.217552,21.096642,21.148476,20.958221,21.079346,20.871582,20.940895,20.940895,21.096642,21.131203,20.975533,21.148476,20.940895,20.992851,21.079346,20.923576,21.131203,21.131203,21.010155,21.148476,20.992851,20.819542,21.113914,21.148476,21.044754,21.321045,21.234810,21.234810,21.424393,21.579163,21.647850,21.561981,21.682167,21.785027,21.870644,21.733620,21.956161,21.956161,21.904861,21.853539,21.904861,22.109856,22.092789,21.973259,21.802162,22.058662,22.058662,22.058662,21.973259,22.041588,22.075729,22.024513,22.246208,22.058662,22.092789,22.331291,22.195107,22.195107,22.195107,22.178062,22.229179,22.331291,22.280251,22.195107,22.365303,22.348305,22.178062,22.365303,22.246208,22.229179,22.058662,22.229179,22.041588,22.280251,22.263237,22.195107,22.092789,21.990349,21.939064,22.024513,22.092789,22.041588,21.990349,21.973259,22.007431,22.041588,21.956161,22.161018,21.939064,22.178062,21.973259,22.007431,22.109856,22.109856,22.161018,22.109856,22.178062,21.973259,21.870644,22.007431,22.007431,21.887764,21.921967,22.041588,22.041588,21.819290,22.075729,22.058662,21.819290,22.024513,22.178062,21.973259,22.092789,21.887764,22.075729,22.007431,21.887764,22.143959,22.058662,22.143959,21.904861,22.024513,22.024513,21.939064,21.887764,22.058662,21.870644,22.075729,22.126915,22.126915,21.819290,22.024513,22.143959,22.280251,22.041588,22.314293,21.870644,22.143959,21.990349,22.143959,22.246208,22.297272,22.280251,22.229179,22.263237,22.297272,22.195107,22.433289,22.280251,22.297272,22.178062,22.126915,22.024513,21.921967,22.075729,21.904861,21.785027,21.682167,21.785027,21.819290,21.544792,21.785027,21.647850,21.647850,21.699318,21.476021,21.579163,21.716469,21.527603,21.699318,21.338272,21.733620,21.527603,21.579163,21.544792,21.476021,21.355507,21.458817,21.458817,21.165756,21.407181,21.303802,21.200287,21.165756,21.217552,21.269310,21.252068,21.217552,21.010155,21.183029,21.217552,21.079346,21.010155,21.010155,21.044754,20.958221,20.975533,20.802200,20.750122,20.854233,20.715385,20.732758,20.784843,20.906242,20.680634,20.645866,20.784843,20.836899,20.802200,20.732758,20.663254,20.750122,20.628487,20.593697,20.732758,20.524055,20.314804,20.384621,20.227455,20.297348,20.174995,20.122513,20.192490,19.947273,19.894638,19.701309,19.806816,19.789246,19.859520,19.789246,19.666115,19.718910,19.806816,19.542793,19.789246,19.454590,19.472237,19.542793,19.489883,19.401619,19.348618,19.436943,19.313263,19.136261,19.242508,19.277893,19.171692,19.100807,18.976631,18.620766,18.656418,18.585091,18.299164,18.102013,17.435440,17.543900,17.054764,16.800026,16.361572,16.031273,15.681252,15.625862,15.218575,15.144333,14.902580,14.939812,14.828064,14.921196,14.604141,15.088600,14.902580,14.939812,15.032837,14.921196,14.921196,14.977043,15.162895,15.051422,15.181458,14.995636,15.181458,15.032837,15.107178,15.162895,15.088600,15.125755,15.088600,14.995636,15.032837,14.828064,15.162895,15.088600,15.125755,15.162895,15.125755,15.051422,15.051422,14.995636,14.995636,15.125755,14.958420,15.014244,14.958420,15.088600,14.790794,15.051422,14.958420,14.958420,14.828064,14.939812,14.790794,14.995636,14.790794,14.995636,14.790794,15.032837,14.865326,14.865326,14.790794,14.846703,14.958420,14.883965,14.772133,14.828064,14.846703,14.828064,14.809425,14.883965,14.772133,14.921196,14.921196,14.883965,15.014244,14.958420,14.865326,14.865326,14.977043,14.828064,15.051422,14.828064,14.977043,14.828064,14.809425,14.865326,14.828064,14.678848,14.772133,14.790794,14.772133,14.809425,14.828064,14.902580,14.790794,14.921196,14.753487,14.846703,14.641502,14.716171,14.921196,14.772133,14.939812,14.883965,14.883965,14.753487,14.790794,14.790794,14.828064,14.865326,14.716171,14.902580,14.716171,14.809425,14.716171,14.753487,14.772133,14.660179,14.809425,14.772133,14.865326,14.790794,14.865326,14.660179,14.697517,14.753487,14.716171,14.828064,14.790794,14.883965,14.883965,14.902580,14.772133,14.921196,14.902580,14.958420,14.846703,14.734833,14.734833,14.995636,14.828064,14.772133,14.977043,14.846703,14.753487,14.641502,14.566772,14.865326,14.697517,14.585457,14.510681,14.491982,14.641502,14.566772,14.491982,14.566772,14.398399,14.417122,14.772133,14.660179,14.753487,14.977043,14.977043,15.070015,15.292770,15.051422,15.032837,15.200020,14.902580,14.977043,14.921196,14.790794,14.995636,14.921196,14.678848,14.865326,14.772133,14.641502,14.697517,14.828064,14.678848,14.734833,14.753487,14.641502,14.716171,14.977043,14.678848,15.051422,14.883965,14.734833,14.734833,14.958420,14.753487,14.902580,14.846703,14.753487,14.828064,14.828064,14.678848,14.939812,14.846703,14.846703,14.977043,14.846703,14.716171,14.622826,14.753487,14.734833,14.585457,14.716171,14.921196,14.697517,14.790794,14.641502,14.678848,14.697517,14.772133,14.566772,14.622826,14.809425,14.678848,14.716171,14.828064,14.660179,14.846703,14.697517,14.604141,14.883965,14.678848,14.809425,14.622826,14.790794,14.660179,14.716171,14.716171,14.772133,14.641502,14.678848,14.697517,14.697517,14.790794,14.697517,14.753487,14.828064,14.921196,14.828064,14.641502,14.697517,14.697517,14.883965,14.604141,14.566772,14.697517,14.883965,14.828064,14.809425,14.753487,14.734833,14.716171,14.660179,14.921196,14.828064,14.697517,14.809425,15.032837,14.790794,14.548080,14.939812,14.809425,14.828064,14.566772,14.716171,14.883965,14.716171,14.865326,14.865326,14.622826,14.716171,14.939812,14.921196,14.921196,14.790794,14.678848,14.846703,14.865326,14.883965,14.734833,14.865326,14.790794,14.772133,14.846703,14.809425,14.883965,15.200020,
15.366905,15.311302,14.995636,15.107178,15.181458,15.496475,15.162895,15.200020,15.107178,15.366905,15.162895,15.014244,15.181458,15.107178,15.051422,15.255684,15.144333,15.125755,15.181458,15.255684,15.366905,15.570435,16.214928,16.434807,16.836464,17.363060,17.670250,18.066116,18.460121,18.638596,19.083084,19.153984,19.595665,19.789246,19.929733,20.367180,20.279877,20.314804,20.244934,20.454369,20.471802,20.349724,20.524055,20.576286,20.436943,20.402061,20.576286,20.402061,20.262413,20.297348,20.349724,20.367180,20.244934,20.489220,20.244934,20.454369,20.558884,20.663254,20.628487,20.784843,20.715385,20.854233,20.958221,21.010155,20.940895,21.079346,21.096642,21.148476,21.183029,21.165756,21.252068,21.407181,21.407181,21.389961,21.458817,21.493217,21.476021,21.527603,21.389961,21.493217,21.613518,21.321045,21.407181,21.372734,21.338272,21.424393,21.131203,21.113914,21.010155,21.010155,21.027458,21.044754,21.062057,21.096642,21.131203,21.027458,21.165756,20.992851,21.079346,21.165756,21.148476,20.958221,20.975533,21.148476,21.010155,21.183029,21.010155,21.062057,21.027458,21.079346,21.079346,21.113914,21.200287,21.252068,21.165756,21.269310,21.407181,21.630684,21.510414,21.716469,21.682167,21.665016,21.973259,22.024513,22.126915,21.921967,22.178062,21.973259,21.973259,22.109856,22.092789,22.007431,21.973259,21.819290,21.870644,22.143959,21.836411,22.075729,21.887764,22.126915,21.973259,22.058662,22.348305,22.178062,22.178062,22.126915,22.229179,22.433289,22.280251,22.178062,22.399300,22.297272,22.365303,22.467247,22.263237,22.314293,22.195107,22.365303,22.280251,22.297272,22.229179,22.161018,22.007431,22.161018,21.990349,21.973259,21.990349,21.836411,21.699318,22.024513,21.853539,21.921967,22.007431,22.007431,22.024513,22.075729,22.024513,22.161018,21.921967,21.973259,21.973259,22.007431,22.161018,22.024513,22.024513,22.007431,22.024513,22.058662,21.716469,21.904861,22.058662,21.870644,22.041588,22.109856,22.161018,22.024513,22.092789,22.007431,21.921967,22.229179,22.041588,21.990349,22.041588,22.075729,21.921967,22.126915,22.041588,22.178062,22.041588,22.092789,21.921967,22.109856,22.041588,22.075729,22.109856,21.939064,22.263237,21.939064,21.956161,22.075729,22.075729,22.143959,22.161018,22.041588,22.092789,21.887764,22.178062,22.092789,22.161018,22.263237,22.109856,22.178062,22.365303,22.246208,22.365303,22.297272,22.348305,22.178062,22.280251,22.263237,21.990349,21.990349,22.126915,22.007431,21.904861,21.990349,21.836411,21.904861,21.613518,21.613518,21.544792,21.647850,21.647850,21.596336,21.493217,21.579163,21.785027,21.561981,21.510414,21.441612,21.699318,21.527603,21.596336,21.441612,21.321045,21.303802,21.355507,21.407181,21.355507,21.321045,21.269310,21.338272,21.217552,21.217552,21.338272,21.286568,21.183029,21.355507,21.338272,21.062057,21.183029,21.113914,21.079346,20.854233,21.062057,20.784843,20.906242,20.680634,20.784843,20.593697,20.732758,20.767487,20.750122,20.558884,20.541473,20.958221,20.698021,20.871582,20.558884,20.593697,20.645866,20.524055,20.558884,20.384621,20.767487,20.384621,20.332268,20.262413,20.105003,20.105003,19.947273,19.912178,20.017418,19.964821,19.929733,19.841957,19.789246,20.017418,19.824394,19.736496,19.754082,19.912178,19.683716,19.630898,19.630898,19.366287,19.542793,19.489883,19.207108,19.454590,19.242508,19.313263,19.260208,19.260208,18.976631,19.083084,18.958870,18.727684,18.656418,18.477982,18.137894,18.102013,17.616119,17.453522,17.199982,16.672379,16.489677,16.012886,15.791931,15.440964,15.292770,15.218575,15.032837,15.032837,14.828064,14.902580,14.977043,14.883965,14.939812,14.902580,14.883965,15.088600,15.032837,15.162895,15.070015,15.070015,15.014244,14.977043,15.144333,15.144333,15.200020,15.144333,15.200020,15.144333,15.051422,15.125755,15.088600,15.051422,15.144333,15.070015,15.218575,15.107178,14.977043,14.921196,15.070015,14.995636,14.995636,15.088600,14.902580,15.051422,15.014244,15.051422,15.070015,15.070015,14.977043,14.846703,15.014244,14.958420,15.200020,14.977043,14.921196,15.051422,14.734833,14.828064,14.660179,14.921196,14.809425,14.977043,14.921196,15.088600,14.977043,14.828064,14.753487,14.828064,14.883965,15.070015,14.548080,14.883965,14.697517,14.921196,14.772133,14.883965,14.790794,14.921196,14.828064,14.828064,14.846703,14.809425,14.865326,14.809425,14.809425,14.902580,14.734833,14.902580,14.790794,15.014244,14.772133,14.734833,14.846703,14.921196,14.790794,14.660179,14.790794,14.902580,14.716171,14.902580,14.809425,14.865326,14.716171,14.939812,14.846703,14.846703,14.828064,14.809425,14.790794,14.809425,14.734833,14.772133,14.809425,14.846703,14.828064,14.828064,14.716171,14.883965,14.846703,14.828064,14.921196,14.902580,14.772133,14.865326,14.772133,14.995636,14.809425,14.939812,14.809425,14.883965,14.846703,14.865326,14.921196,14.790794,14.753487,14.939812,14.828064,14.939812,14.790794,14.790794,14.902580,14.828064,14.865326,14.865326,15.125755,14.697517,14.529381,14.697517,14.641502,14.622826,14.697517,14.548080,14.585457,14.585457,14.566772,14.772133,14.604141,14.828064,14.772133,14.958420,14.865326,15.088600,15.144333,15.274223,15.088600,15.144333,15.237137,15.255684,15.125755,15.051422,15.218575,15.162895,15.032837,14.995636,14.678848,14.716171,14.865326,14.809425,14.734833,14.734833,14.753487,14.604141,14.641502,14.828064,14.660179,14.622826,14.846703,14.697517,14.828064,14.902580,14.790794,14.697517,14.883965,14.902580,14.939812,14.772133,14.846703,14.921196,14.753487,14.809425,14.865326,14.790794,14.660179,14.995636,14.753487,14.865326,14.604141,14.660179,14.660179,14.678848,14.716171,14.828064,14.716171,14.716171,14.660179,14.828064,14.604141,14.641502,14.865326,14.902580,14.604141,14.753487,14.772133,14.697517,14.753487,14.734833,14.678848,14.809425,14.660179,14.772133,14.641502,14.716171,14.809425,14.995636,14.734833,14.734833,14.958420,14.678848,14.734833,14.995636,14.604141,14.716171,14.772133,14.697517,14.604141,14.846703,14.734833,14.622826,14.660179,14.883965,14.828064,14.865326,14.716171,14.753487,14.585457,14.790794,14.716171,14.660179,14.716171,14.902580,14.809425,14.921196,14.716171,14.809425,14.678848,14.697517,14.846703,14.697517,14.734833,14.939812,14.958420,14.921196,14.790794,14.846703,14.604141,14.790794,14.809425,14.902580,14.883965,14.883965,14.828064,14.846703,14.772133,14.846703,15.014244,14.753487,14.865326,14.734833,14.995636,14.641502,14.772133,14.921196,14.828064,15.125755,
15.403938,15.144333,15.051422,15.125755,15.144333,15.088600,15.200020,15.292770,15.348373,15.403938,14.902580,15.162895,14.958420,15.125755,15.051422,15.032837,14.977043,15.255684,15.144333,15.144333,15.385422,15.791931,15.939293,16.526253,16.854668,17.072929,17.688278,17.958336,18.281258,18.798889,19.136261,19.277893,19.648506,19.806816,20.157509,20.069977,20.279877,20.279877,20.402061,20.367180,20.436943,20.332268,20.524055,20.332268,20.593697,20.402061,20.524055,20.436943,20.279877,20.384621,20.279877,20.227455,20.576286,20.332268,20.454369,20.454369,20.454369,20.593697,20.628487,20.750122,20.611084,20.836899,20.750122,20.888908,21.027458,21.044754,21.217552,21.148476,21.113914,21.200287,21.252068,21.372734,21.407181,21.338272,21.389961,21.389961,21.493217,21.355507,21.407181,21.544792,21.372734,21.424393,21.338272,21.476021,21.165756,21.131203,21.096642,21.303802,21.148476,21.165756,21.269310,21.044754,20.923576,21.165756,20.992851,21.165756,20.958221,21.010155,21.010155,21.165756,21.062057,21.010155,21.096642,20.992851,21.010155,21.200287,21.113914,21.148476,21.183029,20.992851,21.131203,21.096642,21.269310,21.079346,21.252068,21.217552,21.458817,21.613518,21.767891,21.785027,21.767891,21.990349,21.699318,21.887764,21.973259,22.058662,22.195107,22.024513,21.921967,22.024513,22.092789,22.092789,21.990349,21.904861,21.921967,22.092789,21.939064,22.075729,21.973259,21.853539,22.161018,22.161018,22.161018,22.212143,22.109856,22.314293,22.126915,22.229179,22.280251,22.280251,22.297272,22.229179,22.331291,22.399300,22.348305,22.365303,22.280251,22.399300,22.331291,22.263237,21.990349,22.229179,22.178062,22.075729,22.126915,21.887764,21.836411,21.733620,21.904861,21.990349,21.956161,21.921967,22.024513,21.921967,21.819290,21.887764,21.716469,22.126915,21.904861,22.058662,21.853539,21.836411,22.092789,21.904861,22.007431,21.887764,22.109856,21.956161,21.956161,21.973259,22.058662,21.939064,21.990349,22.024513,22.041588,22.058662,22.126915,22.075729,22.041588,22.263237,22.229179,22.280251,22.280251,22.041588,22.143959,22.143959,22.126915,22.041588,22.041588,22.143959,21.836411,22.126915,21.956161,22.126915,22.212143,22.075729,22.041588,22.178062,22.246208,22.229179,21.921967,22.229179,21.921967,22.178062,22.058662,22.109856,22.178062,22.178062,22.161018,22.246208,22.178062,22.365303,22.399300,22.382309,22.229179,22.484222,22.212143,22.314293,22.280251,22.212143,22.212143,22.161018,22.161018,22.109856,21.990349,21.836411,21.887764,21.904861,21.596336,21.544792,21.596336,21.716469,21.493217,21.441612,21.733620,21.665016,21.476021,21.682167,21.424393,21.665016,21.407181,21.544792,21.527603,21.527603,21.355507,21.389961,21.217552,21.355507,21.321045,21.200287,21.269310,21.286568,21.338272,21.286568,21.321045,21.062057,21.355507,21.321045,21.234810,21.441612,21.079346,21.217552,21.027458,21.113914,21.113914,21.079346,20.888908,20.975533,20.663254,20.698021,20.750122,20.680634,20.645866,20.611084,20.784843,20.784843,20.784843,20.593697,20.645866,20.576286,20.541473,20.419502,20.349724,20.419502,20.384621,20.279877,20.402061,20.157509,19.912178,20.052460,20.087494,20.017418,19.877083,19.947273,19.859520,19.824394,19.841957,19.841957,19.771667,19.824394,19.841957,19.666115,19.578049,19.648506,19.859520,19.489883,19.507530,19.419281,19.366287,19.366287,19.525154,19.260208,19.065346,19.118538,19.207108,19.136261,19.136261,18.727684,18.727684,18.531555,18.191681,17.994278,17.688278,17.543900,16.982056,16.727104,16.471397,16.104774,15.607391,15.477974,15.292770,15.032837,15.107178,14.958420,14.939812,14.846703,14.865326,14.958420,14.939812,14.939812,14.977043,14.958420,15.144333,15.144333,15.107178,15.200020,15.144333,15.014244,14.977043,15.125755,15.107178,14.977043,15.107178,15.070015,15.200020,15.088600,15.200020,14.995636,14.977043,15.070015,15.237137,15.200020,15.032837,15.032837,15.014244,15.107178,15.070015,15.088600,15.088600,14.958420,15.014244,14.977043,14.921196,14.995636,14.995636,15.032837,14.977043,14.939812,14.846703,14.939812,15.070015,15.107178,15.014244,14.902580,14.958420,15.162895,14.977043,14.828064,14.921196,14.939812,14.846703,14.809425,14.846703,14.921196,14.753487,15.070015,14.809425,15.200020,14.828064,14.865326,14.716171,14.790794,14.958420,15.032837,14.902580,14.883965,14.790794,15.032837,14.865326,14.865326,14.828064,14.828064,14.772133,14.883965,15.032837,14.809425,14.753487,14.790794,14.865326,14.828064,14.678848,14.846703,14.772133,14.753487,14.734833,14.977043,14.716171,14.790794,14.828064,14.865326,14.660179,14.846703,14.846703,14.828064,14.958420,14.753487,14.865326,14.753487,14.995636,14.828064,14.958420,14.809425,14.734833,14.921196,14.958420,14.753487,14.641502,14.865326,14.697517,14.753487,14.716171,14.921196,14.846703,14.921196,14.790794,14.958420,15.014244,14.790794,14.772133,14.977043,14.883965,14.902580,14.883965,14.790794,14.772133,14.753487,15.014244,14.809425,14.883965,14.995636,14.790794,14.958420,14.734833,14.828064,14.678848,14.641502,14.491982,14.510681,14.772133,14.548080,14.454552,14.454552,14.622826,14.491982,14.548080,14.697517,14.883965,14.977043,15.162895,14.977043,15.125755,15.366905,15.070015,15.070015,15.014244,15.088600,15.107178,15.014244,15.144333,15.070015,14.883965,14.977043,15.162895,14.734833,14.716171,14.716171,14.939812,14.697517,14.772133,14.604141,14.753487,14.716171,14.716171,14.641502,14.678848,14.753487,14.678848,14.753487,14.828064,15.014244,14.809425,14.883965,14.716171,14.641502,14.772133,14.995636,14.716171,14.772133,14.716171,14.753487,14.697517,14.790794,14.809425,14.697517,14.753487,14.716171,14.846703,14.902580,14.809425,14.716171,14.772133,14.846703,14.641502,14.977043,14.678848,14.604141,14.734833,14.697517,14.790794,14.734833,14.716171,14.734833,14.641502,14.678848,14.828064,14.846703,14.809425,14.828064,14.865326,14.697517,14.772133,14.772133,14.566772,14.622826,14.697517,14.734833,14.678848,14.809425,14.883965,14.622826,14.790794,14.622826,14.809425,14.660179,14.902580,14.753487,14.660179,14.585457,14.622826,14.734833,14.753487,14.790794,14.865326,14.809425,14.772133,14.958420,14.846703,14.641502,14.790794,14.846703,14.846703,14.678848,14.753487,14.660179,14.921196,14.790794,14.809425,14.809425,14.939812,14.846703,14.902580,14.902580,14.995636,14.902580,14.790794,14.902580,14.678848,14.995636,14.846703,14.883965,14.883965,14.734833,14.902580,14.921196,14.734833,14.883965,14.883965,14.753487,14.828064,14.958420,
15.422462,15.181458,15.125755,15.125755,15.162895,15.218575,15.200020,15.144333,15.088600,15.088600,14.995636,15.181458,15.144333,15.070015,15.051422,14.977043,14.902580,15.088600,15.181458,15.274223,15.496475,15.957695,15.884071,16.288277,17.000237,17.163704,17.760384,17.850410,18.317062,18.781090,19.171692,19.419281,19.560417,19.859520,20.157509,20.122513,20.192490,20.454369,20.209976,20.489220,20.506645,20.489220,20.436943,20.454369,20.419502,20.367180,20.506645,20.524055,20.349724,20.314804,20.262413,20.332268,20.384621,20.384621,20.489220,20.471802,20.454369,20.645866,20.489220,20.819542,20.819542,20.836899,20.906242,20.975533,21.010155,21.217552,21.148476,21.200287,21.234810,21.217552,21.200287,21.338272,21.269310,21.510414,21.269310,21.630684,21.665016,21.630684,21.561981,21.613518,21.372734,21.510414,21.389961,21.596336,21.355507,21.493217,21.165756,21.096642,21.234810,21.183029,21.183029,21.027458,21.200287,21.113914,21.200287,21.148476,21.183029,21.165756,21.165756,20.958221,21.096642,21.096642,21.183029,21.131203,21.044754,21.131203,21.113914,21.113914,21.062057,21.200287,21.131203,21.183029,21.148476,21.131203,21.234810,21.355507,21.355507,21.407181,21.767891,21.750755,21.785027,21.836411,22.075729,22.058662,22.229179,22.280251,22.178062,22.024513,22.143959,22.195107,22.143959,22.143959,22.024513,22.092789,22.092789,22.007431,22.075729,22.280251,22.331291,22.195107,22.161018,22.263237,22.195107,22.126915,22.195107,22.178062,22.109856,22.143959,22.297272,22.143959,22.416298,22.433289,22.331291,22.501198,22.280251,22.348305,22.297272,22.382309,22.450264,22.229179,22.263237,22.246208,22.075729,21.939064,22.007431,21.990349,22.058662,21.802162,21.870644,21.836411,21.785027,21.887764,21.904861,21.767891,21.904861,21.956161,21.887764,21.870644,21.853539,21.785027,21.750755,21.853539,21.973259,21.904861,22.024513,21.904861,21.887764,22.263237,21.939064,22.109856,22.075729,22.212143,22.161018,22.195107,21.973259,22.109856,22.365303,22.058662,22.195107,22.195107,22.161018,22.161018,22.109856,22.143959,22.195107,22.195107,22.297272,22.161018,22.161018,22.280251,22.246208,22.161018,22.092789,22.161018,21.904861,22.246208,22.041588,21.973259,22.161018,22.143959,22.075729,22.246208,22.178062,22.195107,22.143959,22.143959,22.229179,21.973259,22.246208,22.109856,22.263237,22.178062,22.143959,22.297272,22.467247,22.178062,22.314293,22.433289,22.109856,22.161018,22.195107,22.280251,22.229179,22.195107,21.904861,22.007431,21.921967,21.836411,21.750755,21.630684,21.630684,21.682167,21.561981,21.544792,21.527603,21.561981,21.389961,21.510414,21.527603,21.510414,21.510414,21.561981,21.407181,21.389961,21.286568,21.458817,21.458817,21.321045,21.303802,21.200287,21.441612,21.338272,21.286568,21.165756,21.252068,21.252068,21.286568,21.252068,21.321045,21.286568,21.131203,21.321045,21.148476,21.096642,21.079346,21.148476,20.854233,20.750122,20.854233,20.854233,20.767487,20.715385,20.680634,20.645866,20.732758,20.698021,20.680634,20.854233,20.506645,20.454369,20.419502,20.506645,20.349724,20.349724,20.244934,20.332268,20.192490,20.174995,19.877083,19.947273,19.894638,19.630898,19.929733,19.789246,19.877083,19.736496,19.771667,19.718910,19.789246,19.613289,19.613289,19.789246,19.771667,19.525154,19.595665,19.436943,19.595665,19.560417,19.489883,19.366287,19.330948,19.242508,19.153984,19.083084,19.118538,18.976631,18.870033,18.620766,18.763298,18.656418,18.299164,18.030205,17.724342,17.580009,16.982056,16.599342,16.581078,16.012886,15.607391,15.588913,15.311302,15.181458,15.181458,14.995636,14.995636,15.070015,14.958420,15.088600,14.939812,14.883965,14.977043,15.051422,15.088600,15.032837,15.329842,15.088600,15.200020,15.292770,15.107178,14.958420,15.032837,15.200020,15.125755,15.162895,15.125755,15.200020,15.274223,15.088600,15.070015,15.014244,15.144333,15.125755,15.125755,15.181458,15.125755,15.255684,14.977043,15.088600,15.032837,15.014244,14.995636,15.107178,15.014244,14.977043,15.032837,14.921196,15.051422,15.014244,15.088600,15.070015,15.051422,14.828064,15.032837,14.921196,14.865326,14.846703,14.809425,14.977043,14.902580,14.977043,14.883965,14.958420,14.883965,14.883965,14.641502,14.865326,14.939812,14.883965,15.032837,14.846703,14.921196,14.977043,14.883965,14.958420,14.958420,14.939812,14.883965,14.902580,14.772133,14.921196,14.716171,14.865326,14.678848,14.902580,14.921196,14.865326,14.921196,15.014244,14.921196,14.697517,14.902580,14.939812,14.828064,14.828064,14.678848,14.846703,14.734833,14.939812,14.902580,14.809425,14.828064,14.939812,14.828064,14.734833,14.828064,14.902580,14.604141,14.883965,14.828064,14.883965,14.790794,15.014244,14.828064,14.790794,14.716171,14.939812,14.753487,14.902580,14.865326,14.790794,14.995636,15.032837,14.809425,14.921196,14.883965,14.865326,14.902580,14.865326,14.697517,14.846703,14.846703,14.865326,14.828064,14.902580,14.828064,14.846703,14.883965,15.107178,14.958420,14.977043,14.921196,14.865326,14.828064,14.790794,14.809425,14.809425,14.828064,14.454552,14.454552,14.510681,14.697517,14.604141,14.585457,14.585457,14.734833,14.734833,14.772133,15.014244,15.107178,14.883965,15.032837,15.088600,14.977043,15.218575,14.865326,15.255684,15.014244,15.051422,15.088600,14.828064,14.809425,14.828064,14.846703,14.753487,14.678848,14.604141,14.697517,14.790794,14.585457,14.585457,14.660179,14.753487,14.846703,14.772133,15.107178,14.939812,14.865326,14.939812,14.939812,14.902580,14.734833,14.678848,14.828064,14.828064,14.865326,14.772133,14.883965,14.772133,14.828064,14.809425,15.014244,14.883965,14.809425,14.828064,14.828064,14.790794,14.660179,14.697517,14.641502,14.790794,14.641502,14.995636,14.660179,14.865326,14.604141,14.641502,14.828064,14.697517,14.883965,14.660179,14.585457,14.865326,14.790794,14.604141,14.716171,14.678848,14.734833,14.734833,14.828064,14.790794,14.678848,14.716171,14.678848,14.809425,14.641502,14.790794,14.622826,14.828064,14.660179,14.566772,14.828064,14.548080,14.734833,14.678848,14.753487,14.902580,14.660179,14.753487,14.828064,14.902580,14.697517,14.641502,14.772133,14.529381,14.995636,14.753487,14.697517,14.678848,14.641502,14.865326,14.790794,14.902580,14.865326,14.660179,14.828064,14.809425,14.790794,14.734833,14.902580,15.051422,14.921196,14.902580,14.734833,15.144333,14.417122,14.772133,14.939812,14.734833,14.865326,14.939812,14.809425,14.846703,14.641502,14.753487,15.032837,14.902580,14.902580,14.678848,14.865326,15.403938,
15.348373,15.181458,15.181458,15.125755,14.921196,15.255684,15.107178,15.070015,15.107178,14.958420,15.107178,14.995636,14.977043,15.125755,15.032837,15.032837,15.237137,15.181458,15.162895,15.311302,15.329842,15.662788,16.012886,16.489677,16.727104,17.199982,17.580009,18.173759,18.317062,18.495850,19.100807,19.277893,19.754082,19.894638,20.017418,20.105003,20.314804,20.524055,20.402061,20.524055,20.227455,20.506645,20.332268,20.576286,20.524055,20.454369,20.506645,20.419502,20.402061,20.349724,20.402061,20.402061,20.419502,20.680634,20.279877,20.524055,20.402061,20.454369,20.645866,20.715385,20.715385,20.923576,20.906242,20.906242,20.975533,21.062057,21.010155,21.321045,21.252068,21.131203,21.234810,21.252068,21.252068,21.424393,21.493217,21.493217,21.544792,21.527603,21.476021,21.665016,21.424393,21.407181,21.613518,21.424393,21.458817,21.338272,21.148476,21.338272,21.165756,21.303802,21.200287,20.958221,21.131203,21.165756,21.165756,21.062057,21.183029,21.338272,21.269310,21.217552,21.131203,21.234810,21.286568,21.286568,21.113914,21.234810,21.131203,21.338272,21.252068,21.269310,21.234810,21.355507,21.165756,21.183029,21.200287,21.561981,21.458817,21.527603,21.716469,21.733620,21.647850,21.973259,21.836411,22.263237,22.143959,22.212143,22.024513,22.229179,22.143959,22.109856,22.178062,22.246208,22.007431,22.143959,21.956161,22.126915,22.075729,22.178062,22.024513,22.092789,22.143959,22.007431,22.126915,22.041588,22.058662,22.195107,22.229179,22.280251,22.041588,22.143959,22.297272,22.348305,22.212143,22.314293,22.399300,22.365303,22.297272,22.280251,22.229179,22.161018,22.143959,22.109856,21.973259,21.939064,22.007431,22.024513,21.887764,21.853539,21.665016,21.802162,21.682167,21.699318,21.853539,21.767891,21.853539,21.853539,21.836411,21.682167,21.802162,21.767891,21.802162,22.126915,21.853539,21.870644,21.767891,21.956161,21.904861,22.007431,21.887764,21.973259,21.853539,21.990349,22.075729,22.126915,22.161018,22.161018,22.195107,22.041588,22.195107,22.297272,22.058662,22.229179,22.195107,22.314293,22.195107,22.365303,22.041588,22.178062,22.161018,22.365303,22.314293,22.109856,22.195107,22.058662,22.212143,22.263237,22.161018,22.041588,22.195107,22.195107,22.058662,22.212143,22.263237,22.109856,22.126915,22.143959,22.161018,22.212143,22.092789,22.246208,22.229179,22.246208,22.109856,22.280251,22.246208,22.229179,22.280251,22.212143,22.195107,22.195107,22.161018,22.109856,22.331291,22.075729,21.939064,22.024513,21.870644,21.733620,21.836411,21.733620,21.630684,21.493217,21.493217,21.665016,21.407181,21.510414,21.476021,21.579163,21.303802,21.544792,21.493217,21.372734,21.372734,21.389961,21.321045,21.269310,21.269310,21.476021,21.200287,21.424393,21.458817,21.148476,21.200287,21.217552,21.269310,21.389961,21.217552,21.269310,21.372734,21.200287,21.252068,21.252068,21.217552,21.131203,21.044754,21.044754,20.923576,20.871582,20.750122,20.836899,20.663254,20.663254,20.645866,20.628487,20.611084,20.611084,20.611084,20.645866,20.663254,20.524055,20.402061,20.436943,20.384621,20.192490,20.332268,20.087494,20.140007,20.105003,19.912178,19.964821,19.789246,19.736496,19.666115,19.683716,19.754082,19.894638,19.683716,19.718910,19.613289,19.859520,19.630898,19.754082,19.613289,19.666115,19.525154,19.507530,19.578049,19.630898,19.313263,19.401619,19.260208,19.260208,19.153984,19.260208,19.224815,19.207108,18.905579,18.816673,18.781090,18.567253,18.388626,17.922386,17.688278,17.363060,17.091087,16.544525,16.379883,16.049652,15.736610,15.477974,15.218575,15.311302,15.051422,15.032837,14.921196,14.939812,14.865326,14.883965,14.865326,14.995636,15.032837,15.181458,15.292770,15.051422,15.255684,15.144333,15.237137,15.311302,15.125755,15.107178,15.014244,15.162895,15.107178,15.070015,14.977043,15.107178,15.181458,15.014244,15.181458,15.237137,15.070015,15.255684,15.162895,15.255684,15.014244,15.070015,15.144333,15.181458,15.014244,15.144333,14.995636,15.125755,15.051422,15.070015,14.958420,14.865326,14.921196,15.014244,15.014244,15.032837,14.865326,14.977043,14.977043,15.014244,14.995636,14.846703,14.921196,15.051422,14.939812,14.995636,14.902580,14.734833,14.902580,14.977043,14.865326,14.921196,14.883965,14.995636,14.772133,15.107178,14.846703,14.883965,15.088600,15.051422,14.883965,15.070015,14.846703,14.921196,14.865326,14.902580,14.958420,14.883965,14.809425,14.883965,14.790794,14.977043,14.753487,14.902580,14.902580,14.828064,14.865326,15.125755,14.828064,14.921196,14.790794,14.753487,14.734833,15.070015,14.734833,15.032837,14.790794,14.865326,14.828064,14.921196,14.977043,14.846703,14.697517,14.697517,14.883965,14.828064,14.697517,14.697517,14.865326,15.032837,14.921196,14.790794,14.790794,14.846703,14.921196,14.734833,14.790794,14.921196,14.883965,14.939812,14.958420,14.921196,14.809425,14.883965,14.958420,14.883965,14.977043,14.958420,15.014244,14.902580,14.902580,14.939812,14.790794,14.902580,14.902580,15.088600,14.977043,14.977043,14.846703,14.660179,14.641502,14.604141,14.379669,14.678848,14.529381,14.622826,14.716171,14.641502,14.566772,14.510681,14.622826,14.716171,14.846703,14.995636,14.995636,15.125755,15.181458,15.014244,15.051422,15.051422,15.329842,15.032837,14.902580,14.921196,14.846703,14.977043,14.772133,14.828064,14.753487,14.734833,14.697517,14.846703,14.939812,14.772133,14.772133,14.622826,14.734833,14.491982,14.734833,14.828064,14.716171,15.014244,14.809425,14.902580,14.697517,14.995636,14.828064,14.772133,14.921196,14.622826,14.697517,14.641502,14.995636,15.014244,14.790794,14.828064,14.604141,14.809425,14.772133,14.939812,14.977043,14.753487,14.585457,14.716171,14.660179,14.566772,14.697517,14.622826,14.828064,14.902580,14.604141,14.772133,14.772133,14.697517,14.828064,14.753487,14.790794,14.697517,14.716171,14.846703,14.529381,14.828064,14.753487,14.790794,14.548080,14.790794,14.697517,14.846703,14.734833,14.734833,14.846703,14.697517,14.716171,14.697517,14.809425,14.772133,14.716171,14.865326,14.678848,14.883965,14.697517,14.772133,14.622826,14.660179,14.809425,14.753487,14.678848,14.846703,14.529381,14.753487,14.753487,14.604141,14.697517,14.828064,14.604141,14.772133,14.753487,14.809425,14.566772,14.977043,14.660179,14.809425,14.716171,14.660179,14.939812,14.865326,14.865326,14.790794,14.921196,14.828064,14.902580,14.883965,14.865326,14.790794,14.734833,14.753487,14.995636,14.883965,14.772133,14.809425,14.902580,14.977043,14.902580,14.977043,14.921196,15.255684,
15.477974,15.274223,15.014244,15.088600,15.125755,15.088600,15.181458,14.995636,15.200020,15.088600,15.125755,15.088600,15.070015,15.162895,15.070015,15.107178,15.070015,15.014244,14.995636,15.200020,15.329842,15.607391,15.994492,16.104774,16.781799,17.091087,17.616119,17.922386,18.317062,18.585091,19.065346,19.366287,19.595665,19.718910,20.017418,20.105003,20.244934,20.314804,20.279877,20.367180,20.436943,20.471802,20.419502,20.402061,20.297348,20.297348,20.314804,20.297348,20.384621,20.157509,20.332268,20.087494,20.297348,20.419502,20.349724,20.192490,20.645866,20.419502,20.732758,20.611084,20.923576,21.027458,20.940895,20.784843,21.010155,20.802200,20.975533,21.131203,21.148476,21.234810,21.044754,21.165756,21.372734,21.303802,21.252068,21.424393,21.493217,21.321045,21.441612,21.389961,21.596336,21.441612,21.458817,21.321045,21.441612,21.321045,21.217552,21.234810,21.200287,21.234810,21.148476,21.286568,21.234810,21.286568,21.183029,21.148476,21.148476,21.234810,21.148476,21.183029,21.096642,21.200287,21.113914,21.044754,21.096642,21.234810,21.148476,21.286568,21.200287,21.096642,21.321045,21.338272,21.234810,21.269310,21.389961,21.424393,21.630684,21.527603,21.596336,21.682167,21.887764,21.836411,21.956161,22.075729,22.229179,22.109856,22.178062,22.007431,22.126915,22.109856,22.075729,22.178062,22.007431,22.041588,22.109856,21.921967,22.178062,22.075729,22.161018,22.263237,22.075729,22.212143,22.041588,22.092789,22.126915,22.178062,22.041588,22.075729,22.195107,22.263237,22.263237,22.229179,22.450264,22.467247,22.314293,22.331291,22.297272,22.399300,22.331291,22.263237,22.092789,22.263237,22.263237,22.126915,21.921967,21.990349,21.887764,21.973259,21.819290,21.682167,21.682167,21.904861,21.836411,21.819290,21.733620,21.939064,21.904861,21.870644,21.836411,21.750755,21.887764,21.802162,21.973259,21.921967,21.853539,21.973259,21.921967,21.939064,22.126915,21.956161,22.178062,22.229179,22.195107,22.092789,22.297272,22.484222,22.280251,22.246208,22.246208,22.263237,22.246208,22.280251,22.314293,22.382309,22.314293,22.348305,22.365303,22.348305,22.280251,22.195107,22.365303,22.314293,22.092789,22.280251,22.280251,22.365303,22.229179,22.178062,22.195107,22.229179,22.246208,22.178062,22.178062,22.092789,22.195107,22.195107,22.246208,22.126915,22.161018,22.263237,22.246208,22.297272,22.314293,22.314293,22.212143,22.195107,22.178062,22.433289,22.178062,22.280251,22.331291,22.263237,22.297272,22.178062,22.195107,22.075729,21.819290,21.870644,21.836411,21.836411,21.699318,21.682167,21.493217,21.579163,21.493217,21.561981,21.544792,21.407181,21.493217,21.338272,21.355507,21.476021,21.338272,21.389961,21.183029,21.372734,21.389961,21.321045,21.321045,21.476021,21.286568,21.286568,21.286568,21.303802,21.165756,21.372734,21.286568,21.389961,21.338272,21.355507,21.252068,21.200287,21.183029,21.131203,21.010155,21.010155,20.784843,20.819542,20.767487,20.767487,20.732758,20.558884,20.628487,20.732758,20.645866,20.854233,20.628487,20.314804,20.384621,20.471802,20.489220,20.367180,20.349724,20.332268,20.227455,20.209976,20.017418,20.052460,19.947273,19.859520,19.789246,19.754082,19.648506,19.754082,19.894638,19.718910,19.701309,19.771667,19.736496,19.736496,19.718910,19.648506,19.401619,19.630898,19.542793,19.648506,19.454590,19.383957,19.383957,19.313263,19.366287,19.401619,19.153984,19.277893,19.118538,18.941109,18.958870,18.887802,18.656418,18.585091,18.155830,17.958336,17.814415,17.453522,17.145554,16.690620,16.361572,16.049652,15.718163,15.292770,15.274223,15.107178,15.032837,14.865326,15.107178,14.977043,14.772133,14.809425,15.051422,14.790794,14.977043,15.200020,14.958420,15.107178,15.107178,14.995636,15.181458,15.292770,15.107178,15.051422,15.181458,15.107178,15.348373,15.125755,15.107178,15.200020,15.107178,15.162895,15.107178,15.255684,15.162895,15.070015,15.070015,15.051422,15.014244,15.051422,15.051422,15.070015,15.070015,15.032837,15.032837,15.181458,15.107178,15.051422,15.088600,14.921196,15.014244,14.958420,14.865326,14.846703,15.014244,14.921196,14.958420,15.051422,14.958420,15.144333,15.088600,14.883965,14.977043,14.772133,15.051422,14.995636,14.921196,14.883965,14.772133,14.828064,15.051422,15.070015,14.865326,14.883965,14.846703,15.032837,14.939812,14.958420,14.846703,14.902580,14.939812,14.939812,14.921196,14.977043,14.958420,14.939812,14.828064,14.772133,14.753487,14.902580,14.809425,14.846703,14.753487,14.902580,14.716171,14.958420,15.051422,14.883965,14.939812,14.790794,14.939812,14.958420,14.790794,14.865326,14.902580,14.846703,14.697517,14.809425,14.939812,14.809425,14.566772,14.939812,14.790794,14.809425,14.716171,14.734833,14.865326,14.846703,14.902580,14.790794,14.921196,14.939812,14.604141,15.014244,14.995636,14.939812,14.995636,14.865326,14.790794,15.014244,15.125755,15.107178,14.921196,14.865326,15.032837,14.865326,14.921196,15.032837,15.014244,14.809425,14.958420,14.902580,14.902580,15.088600,14.921196,14.809425,14.939812,14.828064,14.716171,14.678848,14.622826,14.585457,14.604141,14.491982,14.678848,14.491982,14.566772,14.548080,14.828064,14.660179,14.846703,14.921196,15.070015,15.125755,14.995636,15.200020,15.032837,15.237137,15.088600,14.977043,15.218575,15.088600,14.883965,15.014244,14.753487,14.958420,14.753487,14.809425,14.660179,14.491982,14.902580,14.828064,14.790794,14.641502,14.753487,14.753487,14.958420,14.939812,14.734833,14.902580,15.070015,14.828064,14.790794,14.977043,14.883965,14.772133,14.734833,14.753487,14.585457,14.939812,14.566772,14.809425,14.921196,14.865326,14.809425,14.828064,14.846703,14.865326,14.734833,14.678848,14.473274,14.828064,14.734833,14.753487,14.753487,14.753487,14.865326,14.809425,14.790794,14.865326,14.641502,14.790794,14.641502,14.753487,14.753487,14.790794,14.865326,14.678848,14.828064,14.622826,14.865326,14.604141,14.678848,14.772133,14.716171,14.772133,14.716171,14.716171,14.846703,14.678848,14.734833,14.809425,14.697517,14.772133,14.734833,14.641502,14.697517,14.772133,14.734833,14.828064,14.865326,14.678848,14.548080,14.753487,14.660179,14.734833,14.865326,14.734833,14.716171,14.958420,14.641502,14.753487,14.660179,14.734833,14.678848,14.865326,14.865326,14.995636,14.697517,14.641502,14.865326,14.622826,14.790794,14.921196,15.032837,14.846703,15.070015,14.865326,14.865326,14.790794,14.809425,14.977043,14.753487,14.828064,15.051422,14.809425,14.790794,14.716171,14.566772,14.809425,14.902580,14.958420,15.107178,15.107178,
15.551949,15.181458,15.070015,15.107178,15.255684,14.977043,15.255684,15.181458,15.125755,15.274223,15.144333,15.051422,15.088600,15.088600,15.088600,15.162895,15.255684,15.051422,15.051422,15.311302,15.237137,15.755058,16.049652,16.251610,16.708862,17.163704,17.688278,17.922386,18.209602,18.692055,18.958870,19.313263,19.595665,20.034943,20.069977,20.105003,20.227455,20.349724,20.454369,20.576286,20.314804,20.663254,20.558884,20.454369,20.454369,20.436943,20.489220,20.314804,20.506645,20.227455,20.367180,20.349724,20.419502,20.454369,20.279877,20.419502,20.262413,20.663254,20.628487,20.593697,20.854233,20.767487,20.906242,20.854233,20.906242,20.940895,21.113914,20.940895,21.044754,21.079346,21.217552,21.165756,21.183029,21.269310,21.252068,21.493217,21.286568,21.286568,21.372734,21.424393,21.476021,21.269310,21.200287,21.424393,21.113914,21.286568,21.148476,21.252068,21.200287,20.958221,21.407181,21.183029,21.131203,21.234810,21.148476,21.079346,21.234810,21.079346,21.321045,21.148476,21.183029,21.165756,21.303802,21.321045,21.286568,21.165756,21.113914,21.148476,21.476021,21.441612,21.372734,21.355507,21.269310,21.200287,21.407181,21.389961,21.458817,21.476021,21.750755,21.527603,21.596336,21.973259,21.870644,21.939064,22.092789,22.178062,22.058662,22.109856,22.109856,22.058662,22.229179,22.195107,22.041588,22.195107,22.041588,22.212143,21.939064,22.092789,21.990349,22.041588,22.195107,22.007431,21.853539,22.092789,22.041588,21.956161,22.058662,22.058662,22.161018,22.212143,22.229179,22.365303,22.365303,22.365303,22.331291,22.229179,22.348305,22.161018,22.348305,22.382309,22.161018,22.126915,21.990349,22.041588,21.956161,21.853539,21.904861,21.802162,21.750755,21.682167,21.682167,21.921967,21.836411,21.836411,21.802162,21.819290,21.733620,21.699318,21.785027,22.058662,21.785027,21.716469,21.836411,21.904861,21.904861,21.956161,21.904861,22.007431,22.007431,22.007431,22.075729,22.178062,21.973259,22.246208,22.178062,22.365303,22.246208,22.195107,22.382309,22.297272,22.416298,22.314293,22.229179,22.280251,22.416298,22.348305,22.263237,22.331291,22.331291,22.382309,22.041588,22.450264,22.212143,22.212143,22.297272,22.178062,22.126915,22.246208,22.161018,22.212143,22.314293,22.229179,22.229179,22.109856,22.314293,22.143959,22.143959,22.297272,22.126915,22.229179,22.178062,22.075729,22.195107,22.246208,22.126915,22.297272,22.246208,22.484222,22.348305,22.195107,22.331291,22.092789,22.212143,22.109856,22.024513,22.195107,21.887764,21.921967,21.733620,21.785027,21.579163,21.493217,21.510414,21.389961,21.458817,21.716469,21.544792,21.286568,21.544792,21.476021,21.476021,21.269310,21.269310,21.407181,21.269310,21.269310,21.355507,21.200287,21.183029,21.321045,21.338272,21.407181,21.424393,21.355507,21.321045,21.321045,21.458817,21.458817,21.303802,21.286568,21.372734,21.338272,21.217552,20.975533,21.113914,20.819542,20.888908,20.680634,20.836899,20.888908,20.680634,20.611084,20.732758,20.541473,20.593697,20.611084,20.645866,20.576286,20.680634,20.611084,20.471802,20.367180,20.419502,20.349724,20.314804,20.017418,20.157509,20.122513,19.841957,19.841957,19.754082,19.824394,19.701309,19.806816,19.771667,19.683716,19.683716,19.648506,19.630898,19.806816,19.683716,19.595665,19.507530,19.560417,19.436943,19.472237,19.366287,19.472237,19.348618,19.295586,19.207108,19.047615,19.100807,19.171692,19.136261,18.976631,18.887802,18.798889,18.638596,18.424385,18.352852,17.994278,17.742363,17.507759,16.927490,16.781799,16.471397,15.976097,15.699715,15.403938,15.162895,15.218575,15.218575,15.032837,14.865326,14.977043,14.846703,14.846703,14.883965,14.902580,15.014244,15.125755,15.274223,14.921196,15.162895,15.014244,15.200020,15.292770,15.051422,15.088600,15.181458,15.088600,15.274223,15.088600,15.200020,15.125755,15.162895,15.274223,15.200020,15.070015,15.162895,15.144333,15.107178,15.088600,14.995636,15.200020,15.051422,15.107178,15.125755,15.218575,15.348373,14.902580,15.088600,14.828064,14.977043,15.014244,15.144333,14.921196,15.032837,14.865326,14.828064,14.995636,14.883965,14.865326,14.958420,14.809425,14.977043,14.902580,14.846703,14.883965,15.032837,14.939812,15.014244,14.977043,14.939812,14.828064,14.809425,14.790794,15.144333,14.846703,15.088600,14.921196,15.032837,14.921196,14.939812,15.088600,15.014244,14.809425,14.902580,14.865326,14.939812,14.828064,14.883965,15.032837,14.939812,15.051422,14.958420,14.921196,14.902580,14.790794,14.846703,14.958420,14.716171,14.828064,14.828064,14.977043,15.107178,14.846703,14.809425,14.753487,15.014244,15.014244,14.995636,14.772133,14.883965,14.902580,14.995636,14.753487,14.828064,14.939812,14.790794,14.734833,14.660179,15.051422,14.939812,14.865326,14.939812,14.883965,14.772133,14.902580,14.883965,14.995636,14.958420,14.958420,14.883965,15.107178,15.032837,15.070015,14.921196,14.902580,14.995636,15.107178,14.977043,14.846703,14.995636,14.921196,14.883965,14.939812,14.846703,14.753487,14.958420,14.828064,14.977043,14.939812,14.902580,14.883965,14.790794,14.454552,14.604141,14.435844,14.360939,14.716171,14.660179,14.585457,14.790794,14.846703,15.070015,14.958420,15.107178,15.274223,15.051422,15.070015,15.144333,15.051422,15.014244,15.292770,15.200020,15.051422,14.977043,15.125755,14.716171,14.716171,14.753487,14.790794,14.622826,14.435844,14.622826,14.417122,14.809425,14.734833,14.716171,14.641502,14.604141,14.865326,14.809425,14.846703,14.678848,14.846703,14.865326,14.921196,14.809425,14.790794,14.921196,14.921196,14.921196,14.734833,15.032837,14.716171,14.790794,14.772133,14.865326,14.846703,14.716171,14.865326,14.790794,14.753487,14.809425,14.809425,14.809425,14.772133,14.772133,14.809425,14.846703,14.790794,14.790794,14.790794,14.809425,14.772133,14.809425,14.772133,14.734833,14.902580,14.790794,14.772133,14.548080,14.809425,14.678848,14.790794,14.734833,14.716171,14.678848,14.865326,14.772133,14.790794,14.548080,14.660179,14.604141,14.697517,14.716171,14.734833,14.865326,14.790794,14.510681,14.958420,14.660179,14.939812,14.902580,14.790794,14.790794,14.753487,14.883965,14.641502,14.902580,14.622826,14.809425,14.734833,14.604141,14.828064,14.622826,14.716171,14.716171,14.883965,14.772133,14.716171,14.697517,14.697517,14.734833,14.772133,14.678848,14.883965,14.958420,14.753487,14.772133,14.734833,14.939812,14.716171,14.883965,14.828064,14.865326,14.883965,14.958420,15.088600,14.902580,14.883965,14.921196,14.865326,14.604141,14.995636,14.958420,15.255684,
15.255684,15.218575,14.977043,15.385422,15.088600,15.144333,15.440964,15.218575,15.162895,15.088600,15.144333,15.144333,15.051422,14.958420,15.107178,14.939812,15.014244,15.032837,15.107178,15.051422,15.366905,15.477974,15.920883,16.398201,16.617607,17.127403,17.381157,17.994278,18.191681,18.549400,18.852249,19.419281,19.454590,19.982353,20.017418,20.157509,20.052460,20.140007,20.384621,20.489220,20.367180,20.279877,20.454369,20.471802,20.174995,20.506645,20.436943,20.367180,20.209976,20.297348,20.489220,20.349724,20.367180,20.244934,20.227455,20.314804,20.489220,20.663254,20.836899,20.819542,20.645866,20.732758,20.732758,21.027458,20.958221,20.958221,20.871582,21.010155,20.992851,21.113914,21.010155,20.871582,21.200287,21.044754,21.252068,21.407181,21.372734,21.355507,21.338272,21.355507,21.372734,21.389961,21.303802,21.355507,21.321045,21.096642,21.200287,21.165756,21.165756,21.165756,21.217552,21.338272,21.234810,21.286568,21.355507,21.200287,21.096642,21.113914,21.217552,21.234810,21.252068,21.303802,21.252068,21.096642,21.183029,21.458817,21.234810,21.372734,21.338272,21.338272,21.441612,21.286568,21.303802,21.424393,21.424393,21.424393,21.561981,21.630684,21.613518,21.802162,21.699318,21.887764,21.682167,21.870644,21.887764,22.126915,22.041588,22.229179,22.092789,22.161018,22.109856,22.024513,22.092789,22.109856,21.956161,21.956161,21.939064,22.058662,21.853539,22.024513,21.973259,21.990349,22.007431,21.887764,22.007431,22.024513,22.126915,22.058662,22.178062,22.212143,22.178062,22.126915,22.195107,22.331291,22.365303,22.212143,22.263237,22.297272,22.246208,22.229179,22.195107,21.973259,22.109856,22.143959,22.058662,21.767891,21.819290,21.716469,21.819290,21.682167,21.750755,21.887764,21.716469,21.870644,21.699318,21.785027,21.733620,21.767891,21.716469,21.767891,21.836411,21.836411,21.819290,21.870644,22.007431,21.990349,21.939064,21.887764,22.109856,22.109856,22.075729,22.161018,22.178062,22.314293,22.195107,22.365303,22.229179,22.297272,22.280251,22.297272,22.314293,22.263237,22.297272,22.399300,22.365303,22.484222,22.178062,22.365303,22.280251,22.246208,22.229179,22.348305,22.263237,22.399300,22.092789,22.314293,22.212143,22.280251,22.143959,22.416298,22.161018,22.212143,22.092789,22.041588,22.348305,22.143959,22.143959,22.297272,22.280251,22.195107,22.297272,22.212143,22.246208,22.280251,22.399300,22.041588,22.161018,22.331291,22.331291,22.195107,22.161018,22.109856,22.212143,22.161018,22.075729,22.041588,22.058662,21.613518,21.750755,21.767891,21.544792,21.819290,21.561981,21.613518,21.630684,21.510414,21.630684,21.321045,21.458817,21.407181,21.544792,21.148476,21.458817,21.407181,21.424393,21.389961,21.441612,21.217552,21.183029,21.544792,21.355507,21.338272,21.286568,21.476021,21.372734,21.476021,21.372734,21.321045,21.338272,21.131203,21.113914,21.131203,21.217552,20.906242,20.975533,21.096642,21.027458,20.819542,20.802200,20.715385,20.628487,20.593697,20.628487,20.732758,20.541473,20.593697,20.576286,20.680634,20.628487,20.558884,20.349724,20.541473,20.174995,20.332268,20.087494,20.034943,20.069977,19.964821,19.824394,19.824394,19.736496,19.771667,19.701309,19.718910,19.771667,19.718910,19.736496,19.771667,19.701309,19.648506,19.630898,19.648506,19.472237,19.648506,19.613289,19.701309,19.419281,19.313263,19.366287,19.383957,19.171692,19.065346,19.260208,19.047615,19.260208,18.994377,18.941109,18.727684,18.692055,18.173759,18.281258,17.976311,17.778404,17.435440,16.891090,16.818245,16.196571,16.104774,15.718163,15.403938,15.292770,15.292770,15.051422,15.014244,14.902580,14.939812,14.883965,14.939812,14.902580,14.883965,15.144333,15.070015,15.144333,15.181458,15.181458,15.162895,15.200020,15.107178,15.162895,15.032837,15.292770,15.274223,15.181458,15.125755,15.107178,15.200020,15.274223,15.200020,15.088600,15.200020,15.107178,14.977043,15.200020,15.051422,15.125755,15.070015,15.348373,15.162895,14.977043,14.883965,15.162895,15.051422,14.865326,15.070015,14.902580,15.181458,15.032837,15.200020,15.088600,15.014244,14.977043,15.125755,14.958420,14.828064,14.865326,14.921196,14.995636,15.088600,14.902580,14.995636,14.846703,14.977043,14.939812,15.107178,14.828064,15.070015,14.977043,14.902580,14.977043,14.809425,14.902580,14.995636,15.032837,14.883965,15.051422,15.032837,15.088600,14.790794,14.958420,14.995636,14.846703,14.902580,15.014244,14.939812,14.865326,15.088600,15.014244,14.939812,15.051422,14.921196,14.734833,14.902580,14.846703,14.958420,14.790794,14.977043,14.939812,14.995636,15.014244,14.939812,15.051422,14.809425,14.977043,14.977043,14.921196,14.921196,15.032837,14.883965,14.921196,14.902580,14.995636,14.995636,15.032837,15.014244,14.753487,14.939812,14.828064,14.902580,14.883965,15.032837,14.790794,14.995636,15.014244,14.921196,14.995636,14.921196,14.939812,15.032837,14.958420,15.051422,14.883965,14.995636,14.958420,15.051422,14.977043,15.014244,14.902580,15.032837,14.846703,14.772133,14.977043,14.977043,14.753487,14.865326,14.716171,14.865326,14.641502,14.678848,14.660179,14.660179,14.641502,14.566772,14.772133,14.604141,14.585457,14.921196,14.846703,15.088600,14.995636,14.846703,14.995636,15.181458,15.144333,15.162895,15.107178,15.070015,14.995636,15.125755,14.958420,15.181458,15.051422,14.921196,14.604141,14.697517,14.697517,14.790794,14.622826,14.809425,14.566772,14.753487,14.734833,14.734833,14.939812,15.051422,14.697517,14.809425,14.865326,14.902580,14.883965,14.921196,14.828064,14.772133,14.734833,14.846703,14.753487,14.790794,14.921196,14.790794,14.846703,14.790794,14.753487,14.939812,14.697517,14.828064,14.716171,14.902580,14.902580,14.753487,14.678848,14.846703,14.883965,14.734833,14.772133,14.828064,14.939812,14.697517,14.846703,14.828064,14.604141,14.790794,14.902580,14.865326,14.622826,14.828064,14.939812,14.809425,14.548080,14.548080,14.697517,14.977043,14.734833,14.678848,14.604141,14.604141,14.809425,14.958420,14.529381,14.622826,14.734833,14.828064,14.753487,14.678848,14.622826,14.697517,14.454552,14.716171,14.585457,14.641502,14.697517,14.865326,14.772133,14.809425,14.678848,14.641502,14.660179,14.734833,14.697517,14.883965,14.734833,14.697517,14.828064,14.734833,14.697517,14.772133,14.641502,14.753487,14.790794,14.641502,14.809425,14.828064,14.846703,14.883965,14.790794,14.865326,14.716171,14.697517,14.865326,14.902580,14.753487,15.070015,15.125755,14.809425,14.753487,14.939812,14.939812,14.846703,14.846703,14.902580,14.921196,15.014244,
15.274223,15.088600,15.255684,15.107178,15.292770,15.144333,15.311302,14.939812,15.218575,15.255684,14.921196,15.200020,14.995636,15.051422,15.051422,15.051422,14.921196,15.144333,15.088600,15.218575,15.440964,15.718163,15.718163,16.526253,16.654121,17.036591,17.326851,17.922386,18.066116,18.709869,18.727684,19.436943,19.489883,19.718910,19.964821,20.140007,20.227455,20.541473,20.402061,20.576286,20.419502,20.471802,20.506645,20.454369,20.454369,20.541473,20.541473,20.349724,20.297348,20.262413,20.209976,20.227455,20.454369,20.506645,20.349724,20.419502,20.541473,20.750122,20.854233,20.680634,20.715385,20.767487,20.802200,20.888908,20.958221,20.975533,20.854233,20.888908,20.836899,21.079346,21.079346,20.958221,20.940895,21.062057,21.165756,21.027458,21.424393,21.131203,21.372734,21.062057,21.183029,21.355507,21.131203,21.286568,21.321045,21.062057,21.286568,21.062057,21.183029,21.217552,21.079346,21.165756,21.527603,21.510414,21.355507,21.321045,21.217552,21.286568,21.372734,21.355507,21.441612,21.389961,21.441612,21.389961,21.389961,21.493217,21.217552,21.510414,21.527603,21.407181,21.389961,21.441612,21.510414,21.338272,21.407181,21.630684,21.630684,21.596336,21.665016,21.579163,22.041588,21.853539,21.665016,22.058662,21.939064,21.939064,22.041588,22.075729,22.041588,22.126915,22.075729,21.887764,22.007431,22.075729,22.109856,21.956161,22.075729,21.990349,21.853539,21.870644,21.819290,21.887764,21.802162,21.956161,21.819290,21.819290,21.921967,21.939064,22.058662,22.109856,22.109856,22.246208,22.212143,22.212143,22.450264,22.229179,22.212143,22.280251,22.092789,22.092789,22.161018,22.126915,22.007431,22.041588,21.716469,21.802162,21.733620,21.904861,21.647850,21.887764,21.699318,21.853539,21.819290,21.802162,21.647850,21.802162,21.785027,21.750755,21.682167,21.853539,21.887764,21.750755,21.921967,21.819290,21.767891,21.836411,22.007431,22.024513,22.161018,22.058662,22.092789,22.280251,22.126915,22.348305,22.058662,22.348305,22.297272,22.314293,22.331291,22.399300,22.246208,22.212143,22.280251,22.433289,22.229179,22.382309,22.399300,22.450264,22.246208,22.399300,22.263237,22.143959,22.246208,22.314293,22.229179,22.178062,22.195107,22.229179,22.092789,22.161018,22.297272,22.075729,22.280251,22.195107,22.212143,22.195107,22.433289,22.143959,22.331291,22.229179,22.212143,22.297272,22.126915,22.280251,22.263237,22.212143,22.161018,22.143959,22.229179,22.263237,22.280251,22.178062,22.126915,22.143959,21.939064,21.870644,21.836411,21.870644,21.665016,21.682167,21.493217,21.561981,21.493217,21.630684,21.493217,21.544792,21.321045,21.458817,21.441612,21.476021,21.389961,21.355507,21.338272,21.355507,21.389961,21.269310,21.234810,21.131203,21.389961,21.476021,21.476021,21.441612,21.458817,21.234810,21.441612,21.372734,21.389961,21.286568,21.303802,21.234810,21.355507,21.269310,21.131203,21.027458,21.044754,20.940895,20.975533,20.871582,20.802200,20.645866,20.645866,20.750122,20.698021,20.611084,20.645866,20.558884,20.558884,20.506645,20.314804,20.262413,20.349724,20.367180,20.209976,20.209976,20.279877,20.087494,19.964821,20.069977,19.806816,19.754082,19.929733,19.754082,19.542793,19.595665,19.806816,19.683716,19.683716,19.841957,19.560417,19.489883,19.701309,19.525154,19.507530,19.542793,19.507530,19.489883,19.313263,19.525154,19.313263,19.507530,19.366287,19.171692,19.171692,19.153984,19.224815,19.029869,18.958870,18.905579,18.585091,18.602928,18.299164,17.904396,17.489685,17.417351,17.199982,16.854668,16.489677,16.068031,15.533455,15.422462,15.459480,15.200020,14.939812,15.070015,14.995636,14.828064,14.753487,14.939812,14.902580,14.678848,15.051422,14.939812,14.977043,14.995636,15.051422,15.070015,15.014244,15.292770,15.311302,15.107178,15.088600,15.144333,15.051422,15.125755,14.958420,15.237137,15.032837,15.051422,15.218575,15.274223,15.088600,15.162895,15.237137,15.144333,15.200020,15.088600,15.125755,15.107178,15.125755,15.070015,14.883965,14.828064,15.051422,15.014244,14.921196,14.977043,15.125755,15.088600,14.995636,15.032837,14.921196,14.865326,14.883965,14.828064,14.977043,14.958420,14.977043,14.958420,14.846703,14.939812,14.883965,14.921196,14.790794,15.070015,14.883965,14.958420,14.846703,14.995636,14.995636,14.772133,15.014244,15.032837,14.939812,14.958420,15.032837,15.088600,15.051422,14.995636,14.865326,14.977043,15.144333,14.921196,14.958420,14.977043,15.088600,14.939812,14.921196,14.809425,14.902580,14.995636,14.846703,14.865326,14.939812,14.902580,14.995636,14.641502,14.828064,15.014244,15.070015,14.828064,14.790794,14.902580,14.902580,14.958420,15.014244,14.846703,14.790794,14.958420,14.828064,14.865326,14.790794,14.995636,15.014244,14.939812,15.107178,14.977043,14.809425,14.753487,14.828064,14.790794,14.977043,15.107178,15.032837,14.902580,15.125755,15.125755,14.939812,14.828064,14.902580,15.032837,15.088600,14.902580,15.051422,14.939812,15.237137,14.977043,14.977043,14.995636,15.162895,14.790794,15.088600,14.921196,14.921196,14.865326,14.697517,14.678848,14.716171,14.678848,14.510681,14.678848,14.548080,14.585457,14.510681,14.697517,14.529381,14.790794,14.902580,14.790794,15.032837,15.032837,15.014244,15.162895,14.939812,15.162895,15.051422,15.125755,14.958420,15.144333,15.088600,14.753487,14.977043,14.734833,14.995636,15.014244,14.641502,14.641502,14.734833,14.716171,14.958420,14.641502,14.716171,14.660179,14.865326,14.772133,14.902580,14.846703,14.809425,14.828064,14.622826,14.809425,14.846703,14.678848,14.828064,14.716171,15.032837,14.846703,14.883965,14.809425,14.790794,14.883965,14.734833,14.883965,14.921196,14.753487,14.865326,14.865326,14.846703,14.939812,15.070015,14.883965,14.566772,14.921196,14.790794,14.883965,14.865326,14.753487,14.660179,14.753487,14.846703,14.883965,14.809425,14.734833,14.753487,14.790794,14.846703,14.734833,14.846703,14.921196,14.790794,14.678848,14.604141,14.790794,14.865326,14.716171,14.809425,14.902580,14.622826,14.753487,14.641502,14.678848,14.716171,14.697517,14.902580,14.939812,14.846703,14.865326,14.865326,14.660179,14.790794,14.566772,14.697517,14.883965,14.753487,14.753487,14.697517,14.604141,14.622826,14.790794,14.622826,14.753487,14.716171,14.641502,14.622826,14.734833,14.753487,14.566772,14.921196,14.846703,14.660179,14.883965,14.734833,14.716171,14.734833,14.828064,14.660179,15.032837,14.828064,14.958420,15.181458,14.958420,14.995636,15.051422,14.939812,14.939812,14.772133,15.014244,14.809425,14.809425,15.200020,14.883965,
15.422462,15.162895,15.403938,15.274223,15.237137,15.274223,15.107178,15.181458,15.014244,15.237137,15.162895,15.070015,15.014244,15.014244,15.274223,14.995636,15.088600,15.014244,14.958420,15.366905,15.162895,15.459480,15.791931,16.196571,16.727104,17.145554,17.598068,18.012245,18.102013,18.674240,18.834473,19.366287,19.436943,19.754082,20.017418,20.052460,20.052460,20.419502,20.227455,20.349724,20.593697,20.454369,20.349724,20.419502,20.332268,20.471802,20.419502,20.471802,20.209976,20.192490,20.454369,20.297348,20.506645,20.349724,20.402061,20.244934,20.506645,20.489220,20.558884,20.732758,20.836899,20.732758,20.819542,20.906242,20.975533,20.854233,20.923576,20.854233,20.923576,21.027458,20.940895,20.906242,20.906242,20.906242,20.836899,21.062057,20.958221,21.113914,21.252068,21.183029,21.165756,21.338272,20.958221,21.200287,21.096642,21.234810,21.183029,21.252068,21.286568,21.165756,21.200287,21.269310,21.476021,21.234810,21.596336,21.269310,21.458817,21.544792,21.596336,21.286568,21.561981,21.561981,21.389961,21.493217,21.596336,21.476021,21.441612,21.630684,21.682167,21.596336,21.424393,21.699318,21.510414,21.510414,21.476021,21.510414,21.647850,21.561981,21.441612,21.716469,21.716469,21.441612,21.527603,21.716469,21.802162,21.802162,22.041588,22.024513,21.956161,22.092789,21.887764,21.836411,21.853539,22.161018,22.024513,21.802162,21.750755,21.904861,21.785027,21.699318,21.853539,21.802162,21.802162,21.750755,21.699318,21.870644,21.887764,21.853539,22.109856,22.229179,22.126915,22.041588,22.126915,22.195107,22.075729,22.331291,22.229179,22.092789,22.331291,22.126915,22.126915,21.990349,22.143959,21.887764,21.939064,21.853539,22.007431,21.785027,21.767891,21.647850,21.819290,21.870644,21.785027,21.836411,21.647850,21.750755,21.647850,21.733620,21.630684,21.647850,21.716469,21.785027,21.819290,22.041588,22.041588,22.007431,21.887764,22.161018,22.109856,22.109856,21.939064,22.229179,22.058662,22.161018,22.161018,22.212143,22.246208,22.229179,22.297272,22.331291,22.348305,22.416298,22.246208,22.195107,22.263237,22.433289,22.416298,22.229179,22.365303,22.058662,22.229179,22.246208,22.007431,22.212143,22.314293,22.161018,22.161018,22.075729,22.126915,22.280251,22.007431,22.195107,22.246208,22.212143,22.143959,22.058662,22.126915,22.109856,22.161018,22.212143,22.433289,22.212143,22.092789,22.229179,22.229179,22.297272,22.195107,22.126915,22.058662,22.092789,21.990349,22.007431,22.058662,21.990349,21.699318,21.802162,21.750755,21.785027,21.819290,21.665016,21.699318,21.561981,21.476021,21.527603,21.665016,21.458817,21.407181,21.527603,21.407181,21.493217,21.321045,21.389961,21.338272,21.234810,21.269310,21.269310,21.407181,21.286568,21.269310,21.200287,21.303802,21.321045,21.424393,21.338272,21.234810,21.338272,21.234810,21.252068,21.338272,21.252068,21.303802,21.303802,21.252068,21.200287,20.975533,20.784843,20.940895,20.715385,20.680634,20.888908,20.680634,20.732758,20.558884,20.384621,20.524055,20.663254,20.628487,20.489220,20.314804,20.367180,20.436943,20.279877,20.192490,20.262413,20.034943,20.367180,19.912178,19.982353,19.929733,19.630898,19.877083,19.736496,19.718910,19.560417,19.859520,19.824394,19.754082,19.718910,19.859520,19.701309,19.683716,19.754082,19.578049,19.507530,19.613289,19.401619,19.454590,19.313263,19.489883,19.136261,19.260208,19.242508,19.330948,19.330948,19.224815,19.029869,19.029869,18.781090,18.763298,18.334953,18.263351,17.868416,17.760384,17.435440,16.945679,16.562805,16.306610,15.976097,15.607391,15.459480,15.107178,15.032837,15.088600,14.958420,14.939812,14.809425,14.939812,14.828064,14.958420,14.995636,15.107178,14.958420,14.995636,15.051422,15.144333,15.014244,15.144333,15.274223,15.144333,15.125755,15.107178,15.070015,15.237137,15.070015,14.958420,15.162895,14.865326,14.995636,15.107178,15.125755,15.032837,15.051422,14.902580,15.014244,15.070015,15.070015,14.958420,15.088600,15.014244,15.088600,15.088600,14.921196,14.865326,14.995636,14.958420,15.014244,15.107178,14.921196,15.032837,15.014244,14.846703,14.753487,15.014244,15.088600,14.921196,14.865326,14.977043,14.846703,15.181458,14.958420,14.921196,14.977043,14.883965,14.939812,14.939812,15.032837,15.032837,15.032837,14.921196,15.014244,14.902580,15.032837,14.921196,14.809425,15.051422,14.865326,14.828064,15.051422,14.958420,14.883965,14.977043,14.883965,14.977043,15.051422,14.902580,15.107178,14.958420,14.958420,14.883965,14.902580,14.809425,14.939812,14.809425,14.939812,14.865326,14.902580,14.753487,15.088600,14.921196,14.865326,15.088600,15.051422,14.828064,14.846703,14.846703,14.846703,14.939812,14.958420,14.678848,14.846703,14.958420,14.828064,14.921196,14.697517,14.790794,14.958420,14.939812,14.939812,14.883965,14.753487,14.939812,15.162895,14.921196,15.274223,15.181458,15.125755,14.883965,14.958420,14.958420,15.181458,15.070015,15.125755,15.051422,15.125755,15.107178,15.032837,14.883965,14.958420,14.995636,15.032837,15.107178,15.162895,14.902580,14.753487,14.641502,14.641502,14.678848,14.435844,14.641502,14.435844,14.473274,14.417122,14.678848,14.417122,14.604141,14.548080,14.660179,14.977043,15.032837,15.014244,14.977043,14.958420,15.070015,15.162895,15.144333,15.107178,14.846703,14.995636,14.883965,14.790794,14.809425,14.753487,14.790794,14.772133,14.772133,14.678848,14.772133,14.510681,14.660179,14.604141,14.734833,14.809425,14.939812,14.902580,14.958420,14.995636,14.958420,14.753487,14.958420,14.939812,14.939812,14.846703,14.828064,14.939812,14.902580,14.809425,14.716171,14.902580,14.921196,15.070015,14.902580,14.958420,14.995636,14.809425,14.977043,14.809425,14.809425,14.809425,14.846703,14.883965,14.585457,14.716171,14.753487,14.790794,14.809425,14.883965,14.790794,14.753487,14.790794,14.883965,15.014244,14.753487,14.753487,14.958420,14.697517,14.828064,14.865326,14.734833,14.809425,14.809425,14.641502,15.032837,14.846703,14.697517,14.697517,14.790794,14.548080,14.678848,14.697517,14.828064,14.809425,14.790794,14.883965,14.566772,14.641502,14.828064,14.435844,14.995636,14.753487,14.790794,14.678848,14.566772,14.883965,14.790794,14.697517,14.883965,14.921196,14.678848,14.622826,14.846703,14.921196,14.809425,14.660179,14.828064,15.144333,14.828064,14.977043,15.032837,14.995636,14.753487,14.865326,14.883965,14.641502,14.846703,14.883965,15.032837,14.995636,14.828064,14.883965,14.939812,14.883965,14.828064,15.014244,15.125755,15.032837,14.939812,14.902580,14.865326,15.181458,15.088600,
15.570435,15.181458,14.977043,15.144333,15.311302,15.292770,15.162895,15.292770,15.014244,15.144333,15.144333,15.051422,14.921196,15.218575,14.977043,15.125755,15.088600,15.125755,15.329842,15.311302,15.533455,15.607391,15.847229,16.324928,16.781799,17.254379,17.507759,17.850410,18.352852,18.602928,18.941109,19.136261,19.525154,19.683716,20.052460,20.157509,20.105003,20.402061,20.402061,20.454369,20.384621,20.506645,20.349724,20.314804,20.367180,20.506645,20.419502,20.419502,20.402061,20.262413,20.314804,20.349724,20.384621,20.314804,20.524055,20.558884,20.489220,20.611084,20.663254,20.680634,20.923576,20.871582,20.819542,20.854233,20.645866,20.750122,20.732758,20.784843,20.715385,20.940895,20.836899,20.940895,20.784843,20.871582,20.888908,20.975533,21.027458,21.183029,21.355507,20.958221,21.321045,21.183029,21.269310,21.027458,21.131203,21.113914,20.992851,21.183029,21.217552,21.389961,21.079346,21.372734,21.200287,21.493217,21.424393,21.286568,21.596336,21.510414,21.579163,21.699318,21.733620,21.613518,21.458817,21.647850,21.441612,21.767891,21.424393,21.579163,21.665016,21.544792,21.579163,21.493217,21.579163,21.493217,21.561981,21.476021,21.544792,21.596336,21.682167,21.699318,21.802162,21.716469,21.904861,21.596336,21.836411,21.785027,22.024513,21.802162,21.853539,22.024513,21.870644,22.058662,21.802162,21.939064,21.887764,21.853539,21.870644,21.682167,21.904861,21.716469,21.407181,21.767891,21.579163,21.819290,21.802162,21.853539,21.767891,22.161018,21.870644,21.990349,22.126915,22.195107,22.263237,22.212143,22.263237,22.246208,22.297272,22.058662,22.280251,22.195107,22.041588,22.297272,22.195107,22.109856,21.904861,21.956161,21.870644,21.853539,21.904861,21.630684,21.870644,21.904861,21.973259,21.819290,21.921967,21.579163,21.767891,22.007431,21.785027,21.887764,21.733620,21.802162,21.853539,21.973259,21.870644,22.075729,22.246208,22.246208,22.126915,22.126915,22.161018,22.024513,22.348305,22.365303,22.416298,22.501198,22.280251,22.314293,22.263237,22.263237,22.382309,22.195107,22.263237,22.263237,22.263237,22.195107,22.263237,22.212143,22.161018,22.092789,22.161018,22.331291,22.246208,22.161018,22.246208,22.109856,22.143959,22.126915,22.195107,21.973259,22.195107,22.246208,22.075729,22.229179,22.075729,22.195107,22.161018,22.161018,22.178062,22.058662,22.178062,22.126915,22.382309,22.058662,22.143959,22.229179,22.212143,22.212143,22.126915,22.143959,22.007431,21.921967,22.041588,22.058662,21.956161,21.802162,21.887764,21.596336,21.647850,21.665016,21.441612,21.579163,21.493217,21.424393,21.424393,21.510414,21.269310,21.389961,21.510414,21.441612,21.372734,21.321045,21.252068,21.200287,21.200287,21.389961,21.303802,21.355507,21.252068,21.113914,21.321045,21.269310,21.286568,21.355507,21.234810,21.252068,21.372734,21.269310,21.338272,21.252068,21.148476,21.079346,21.131203,21.010155,21.079346,21.079346,20.975533,20.802200,20.819542,20.645866,20.611084,20.698021,20.489220,20.611084,20.524055,20.558884,20.558884,20.471802,20.454369,20.436943,20.227455,20.367180,20.332268,20.279877,20.192490,20.105003,20.140007,19.947273,19.912178,19.683716,19.929733,19.841957,19.648506,19.683716,19.736496,19.666115,19.754082,19.489883,19.701309,19.613289,19.648506,19.613289,19.595665,19.683716,19.436943,19.348618,19.330948,19.383957,19.419281,19.277893,19.330948,19.083084,19.242508,19.100807,19.242508,19.171692,18.816673,18.798889,18.602928,18.406502,18.084076,17.886406,17.598068,17.308739,16.982056,16.745338,16.599342,15.939293,15.681252,15.514977,15.477974,15.088600,15.014244,14.958420,14.902580,14.883965,14.865326,15.051422,14.865326,14.902580,15.107178,15.218575,15.088600,15.200020,14.977043,15.051422,14.977043,15.218575,15.255684,15.051422,15.274223,15.014244,15.125755,15.125755,15.070015,15.144333,15.014244,15.144333,14.958420,15.088600,14.939812,15.088600,15.088600,15.070015,15.144333,15.051422,15.014244,15.274223,15.051422,15.181458,15.032837,15.125755,14.977043,15.014244,14.995636,14.865326,14.958420,14.865326,15.051422,15.070015,15.144333,14.865326,14.958420,14.809425,14.939812,14.921196,14.958420,14.809425,14.939812,14.939812,15.070015,14.865326,14.865326,15.088600,14.902580,14.865326,15.014244,14.902580,14.772133,15.088600,15.014244,14.902580,14.902580,14.921196,14.865326,14.977043,14.865326,14.846703,15.088600,14.902580,14.865326,14.883965,14.995636,14.977043,14.865326,14.995636,14.883965,14.921196,14.865326,15.032837,14.939812,14.883965,14.828064,14.772133,14.865326,14.921196,14.641502,14.846703,14.809425,14.865326,14.753487,14.921196,14.697517,14.828064,14.995636,14.809425,14.809425,14.902580,14.939812,14.809425,14.902580,14.958420,14.995636,14.977043,14.958420,14.883965,14.883965,14.865326,14.809425,14.921196,15.051422,15.162895,14.790794,14.977043,14.939812,14.939812,15.014244,14.809425,15.032837,15.181458,14.995636,14.995636,14.958420,15.051422,15.051422,14.902580,15.107178,15.051422,15.144333,14.921196,14.865326,14.958420,14.828064,14.846703,14.790794,14.660179,14.753487,14.622826,14.697517,14.342201,14.622826,14.379669,14.548080,14.473274,14.641502,14.641502,14.809425,14.995636,15.051422,15.107178,15.107178,15.051422,15.125755,15.032837,15.125755,14.977043,15.107178,14.846703,14.828064,14.790794,14.772133,14.753487,14.828064,14.809425,14.678848,14.585457,14.865326,14.772133,14.734833,14.529381,14.734833,14.678848,14.790794,14.977043,14.958420,14.902580,14.865326,15.070015,14.939812,14.902580,14.977043,14.753487,14.660179,14.809425,14.883965,14.641502,14.716171,14.995636,14.828064,14.809425,14.902580,14.772133,14.753487,14.828064,14.697517,14.883965,14.846703,14.809425,15.070015,14.790794,14.902580,14.790794,14.697517,14.753487,14.902580,14.734833,14.939812,14.734833,14.753487,14.716171,14.809425,14.734833,14.753487,14.753487,14.697517,14.753487,14.734833,14.846703,14.772133,14.846703,14.790794,14.809425,14.902580,14.697517,14.548080,14.902580,14.921196,14.716171,14.678848,14.902580,14.995636,14.828064,14.548080,14.734833,14.566772,14.865326,14.828064,14.753487,14.734833,14.865326,14.883965,14.585457,14.753487,14.697517,14.772133,14.678848,14.809425,14.995636,14.753487,14.790794,14.846703,14.865326,14.753487,14.660179,14.809425,14.809425,14.790794,14.883965,14.995636,14.828064,14.995636,14.958420,15.070015,14.902580,14.734833,15.125755,14.734833,14.958420,15.014244,14.939812,15.014244,15.032837,15.181458,14.958420,15.014244,14.790794,14.939812,14.995636,15.181458,15.162895,
15.496475,15.292770,15.237137,15.237137,15.218575,15.218575,15.255684,15.237137,15.292770,15.088600,15.181458,15.237137,15.200020,15.032837,14.958420,15.218575,15.218575,15.070015,15.218575,15.181458,15.385422,15.588913,15.791931,16.306610,16.471397,16.891090,17.616119,17.958336,18.137894,18.531555,18.887802,19.136261,19.595665,19.806816,20.069977,20.052460,20.122513,20.157509,20.524055,20.384621,20.314804,20.436943,20.192490,20.402061,20.489220,20.419502,20.314804,20.541473,20.402061,20.384621,20.209976,20.454369,20.262413,20.524055,20.314804,20.454369,20.471802,20.471802,20.558884,20.680634,20.836899,20.871582,20.663254,20.802200,20.645866,21.079346,20.975533,21.010155,20.645866,20.906242,21.044754,20.680634,20.819542,20.854233,20.784843,21.096642,20.975533,21.044754,21.079346,21.044754,20.923576,20.975533,21.113914,21.217552,21.010155,21.044754,21.113914,21.131203,21.200287,21.131203,21.338272,21.441612,21.338272,21.544792,21.458817,21.596336,21.338272,21.596336,21.458817,21.613518,21.733620,21.767891,21.630684,21.579163,21.630684,21.682167,21.544792,21.561981,21.682167,21.561981,21.544792,21.682167,21.510414,21.613518,21.579163,21.630684,21.630684,21.510414,21.544792,21.853539,21.647850,21.476021,21.716469,21.682167,21.836411,21.887764,21.819290,21.767891,21.733620,21.699318,21.939064,21.785027,21.973259,21.956161,21.990349,21.596336,21.630684,21.733620,21.596336,21.665016,21.647850,21.699318,21.630684,21.647850,21.802162,21.613518,21.733620,21.785027,21.819290,22.007431,21.836411,22.007431,22.024513,22.126915,22.178062,22.126915,22.246208,22.075729,22.212143,22.263237,22.075729,22.041588,22.280251,21.990349,21.836411,22.041588,22.041588,21.836411,21.904861,21.990349,21.665016,21.921967,21.716469,21.853539,21.716469,21.853539,21.904861,21.990349,21.870644,21.870644,21.853539,21.956161,21.990349,21.921967,21.904861,21.973259,21.973259,22.092789,22.041588,22.297272,22.297272,22.143959,22.416298,22.246208,22.212143,22.314293,22.195107,22.314293,22.450264,22.109856,22.212143,22.348305,22.331291,22.399300,22.263237,22.382309,22.297272,22.263237,22.195107,22.263237,22.178062,22.348305,22.195107,22.297272,22.212143,22.280251,22.161018,22.058662,21.921967,22.041588,22.109856,21.836411,22.058662,22.126915,22.024513,22.161018,21.939064,22.212143,22.058662,22.126915,22.161018,22.178062,22.161018,22.195107,22.280251,22.229179,22.195107,22.058662,22.041588,22.007431,21.973259,21.956161,21.939064,22.058662,21.819290,22.024513,21.750755,21.682167,21.613518,21.613518,21.630684,21.493217,21.441612,21.561981,21.338272,21.200287,21.234810,21.321045,21.286568,21.269310,21.389961,21.338272,21.372734,21.286568,21.269310,21.355507,21.252068,21.338272,21.200287,21.252068,21.286568,21.286568,21.269310,21.113914,21.338272,21.165756,21.286568,21.269310,21.131203,21.183029,21.200287,21.062057,20.992851,20.992851,20.906242,20.940895,20.871582,20.698021,20.784843,20.576286,20.680634,20.645866,20.680634,20.680634,20.558884,20.541473,20.558884,20.471802,20.402061,20.384621,20.244934,20.297348,20.122513,20.069977,19.982353,20.034943,19.982353,20.140007,19.894638,20.017418,19.718910,19.718910,19.578049,19.666115,19.736496,19.806816,19.771667,19.613289,19.560417,19.648506,19.683716,19.630898,19.560417,19.648506,19.613289,19.525154,19.454590,19.436943,19.348618,19.330948,19.242508,19.419281,19.118538,19.242508,19.260208,19.136261,18.887802,18.816673,18.692055,18.281258,18.227524,17.976311,17.670250,17.417351,17.000237,16.690620,16.379883,16.178230,15.810371,15.366905,15.292770,15.162895,15.032837,15.107178,14.921196,14.958420,14.846703,14.977043,15.125755,14.865326,14.883965,15.125755,14.883965,15.200020,15.107178,15.218575,15.032837,15.088600,15.218575,15.255684,15.070015,15.181458,15.181458,15.125755,15.218575,15.144333,15.274223,15.218575,14.995636,15.200020,15.144333,15.255684,15.125755,15.107178,15.237137,15.162895,14.902580,15.051422,15.014244,14.995636,14.977043,15.051422,14.995636,15.181458,14.958420,14.883965,15.014244,15.070015,14.902580,14.902580,14.828064,15.051422,14.828064,14.995636,14.809425,14.697517,14.902580,14.939812,15.014244,14.958420,15.070015,15.051422,14.902580,15.088600,15.032837,14.883965,14.716171,14.977043,14.883965,14.883965,14.977043,14.902580,14.902580,14.921196,14.846703,15.051422,14.958420,15.107178,14.846703,14.865326,14.921196,14.883965,14.883965,14.921196,14.977043,14.865326,14.809425,14.902580,14.865326,14.809425,14.846703,15.051422,14.977043,14.902580,14.772133,14.939812,14.809425,14.902580,14.958420,14.958420,14.977043,14.809425,14.977043,14.660179,14.939812,14.809425,14.753487,14.902580,14.809425,15.014244,14.846703,14.995636,14.828064,14.846703,14.790794,14.902580,14.828064,14.883965,14.958420,15.014244,14.921196,14.865326,14.865326,14.977043,15.070015,15.051422,14.734833,15.125755,15.107178,14.921196,15.014244,14.921196,15.125755,14.921196,15.014244,15.088600,14.995636,15.032837,14.921196,15.070015,15.014244,14.995636,14.995636,14.865326,14.622826,14.660179,14.548080,14.566772,14.585457,14.585457,14.510681,14.604141,14.772133,14.753487,14.529381,14.790794,14.939812,14.716171,14.939812,15.070015,14.958420,14.977043,14.902580,15.088600,15.181458,15.125755,14.902580,14.977043,14.865326,14.734833,14.921196,14.716171,14.734833,14.604141,14.660179,14.678848,14.585457,14.790794,14.622826,14.753487,14.622826,14.790794,14.846703,14.883965,14.678848,14.958420,14.828064,14.939812,14.921196,14.846703,14.939812,14.753487,14.697517,15.032837,14.902580,14.734833,14.772133,14.902580,14.883965,14.846703,14.641502,14.995636,15.014244,14.958420,14.753487,14.939812,14.883965,14.939812,14.846703,14.828064,14.678848,14.753487,14.809425,14.939812,14.678848,14.716171,14.939812,14.828064,14.921196,14.660179,14.753487,14.958420,14.604141,14.753487,14.753487,14.865326,14.734833,14.585457,14.566772,14.846703,14.753487,14.772133,14.491982,14.921196,14.846703,14.921196,14.678848,14.809425,14.716171,14.772133,14.921196,14.809425,14.734833,14.939812,14.790794,14.734833,14.809425,14.865326,14.660179,14.772133,14.566772,14.772133,14.790794,14.753487,14.734833,14.846703,14.716171,14.809425,14.753487,14.958420,14.828064,14.716171,14.716171,14.566772,14.921196,14.734833,14.958420,14.641502,14.865326,14.828064,14.902580,14.902580,15.255684,14.772133,14.995636,14.958420,14.958420,14.846703,15.032837,14.883965,14.958420,15.014244,15.070015,14.883965,14.977043,15.032837,15.144333,15.032837,14.939812,15.366905,
15.459480,15.366905,15.181458,15.144333,15.144333,15.218575,15.237137,15.107178,15.014244,15.051422,15.200020,15.014244,15.014244,15.070015,15.088600,14.921196,15.125755,15.274223,15.014244,15.162895,15.348373,15.551949,15.865646,16.141510,16.708862,16.872887,17.399261,17.904396,18.299164,18.495850,18.976631,19.153984,19.401619,19.789246,20.034943,20.140007,20.069977,20.332268,20.576286,20.436943,20.332268,20.524055,20.349724,20.489220,20.628487,20.436943,20.471802,20.402061,20.314804,20.314804,20.506645,20.454369,20.384621,20.384621,20.471802,20.471802,20.541473,20.784843,20.732758,20.923576,20.576286,20.906242,20.715385,21.044754,20.958221,20.958221,20.958221,20.819542,20.784843,20.715385,20.871582,20.750122,20.715385,20.854233,20.784843,20.888908,21.062057,21.062057,21.062057,21.200287,20.940895,21.131203,21.165756,20.992851,21.044754,20.871582,21.131203,21.079346,21.165756,21.355507,21.389961,21.372734,21.596336,21.355507,21.579163,21.647850,21.682167,21.716469,21.510414,21.973259,21.716469,21.819290,21.750755,21.733620,21.819290,21.733620,21.836411,21.767891,21.665016,21.767891,21.836411,21.613518,21.665016,21.699318,21.750755,21.682167,21.579163,21.596336,21.596336,21.716469,21.527603,21.733620,21.630684,21.665016,21.579163,21.853539,21.921967,21.699318,21.904861,21.750755,21.785027,21.887764,21.647850,21.887764,21.802162,21.853539,21.561981,21.630684,21.613518,21.579163,21.665016,21.544792,21.613518,21.544792,21.596336,21.596336,21.767891,21.870644,21.904861,22.041588,22.024513,22.007431,22.109856,22.092789,22.041588,22.331291,22.178062,22.178062,22.195107,22.075729,22.331291,22.143959,22.348305,21.956161,21.973259,22.041588,22.109856,22.092789,22.075729,21.785027,21.785027,21.853539,21.921967,21.973259,21.973259,21.921967,21.853539,21.870644,21.785027,21.921967,21.767891,21.939064,22.024513,22.058662,22.058662,22.041588,21.939064,22.092789,22.041588,22.314293,22.109856,22.263237,22.280251,22.126915,22.229179,22.297272,22.314293,22.399300,22.416298,22.501198,22.229179,22.331291,22.331291,22.263237,22.501198,22.399300,22.229179,22.331291,22.280251,22.075729,21.990349,22.195107,22.280251,22.143959,22.212143,22.297272,21.990349,21.973259,22.126915,22.195107,22.007431,22.024513,22.007431,22.109856,22.365303,22.126915,22.161018,22.126915,22.161018,22.075729,22.178062,22.041588,22.109856,22.212143,22.161018,22.058662,22.024513,22.109856,21.990349,21.904861,21.887764,21.870644,21.836411,21.887764,21.956161,21.973259,21.750755,21.750755,21.682167,21.596336,21.510414,21.493217,21.303802,21.389961,21.338272,21.269310,21.303802,21.321045,21.286568,21.372734,21.441612,21.303802,21.441612,21.372734,21.372734,21.303802,21.286568,21.286568,20.975533,21.148476,21.062057,21.269310,21.389961,21.131203,21.044754,21.079346,21.252068,21.027458,21.131203,21.096642,20.888908,21.079346,20.923576,20.923576,21.096642,20.680634,20.767487,20.906242,20.558884,20.680634,20.576286,20.663254,20.558884,20.471802,20.541473,20.645866,20.489220,20.332268,20.349724,20.297348,20.262413,20.384621,20.209976,20.069977,20.174995,20.384621,19.929733,19.806816,19.648506,19.824394,19.595665,19.666115,19.648506,19.648506,19.736496,19.595665,19.683716,19.683716,19.859520,19.613289,19.754082,19.648506,19.489883,19.613289,19.542793,19.472237,19.560417,19.348618,19.171692,19.207108,19.189407,19.171692,18.941109,19.118538,19.153984,19.083084,18.905579,18.941109,18.567253,18.388626,18.263351,17.796410,17.561958,17.344955,17.091087,16.672379,16.233269,16.012886,15.607391,15.514977,15.311302,15.144333,15.107178,14.846703,14.902580,14.809425,14.753487,14.883965,14.977043,14.772133,14.660179,14.995636,14.902580,15.162895,15.032837,15.088600,15.181458,15.088600,15.051422,14.921196,15.200020,15.218575,15.107178,15.088600,15.014244,14.958420,15.032837,15.070015,15.107178,15.125755,14.995636,15.477974,15.181458,15.125755,14.958420,14.995636,15.125755,15.032837,15.125755,14.958420,15.070015,15.051422,14.995636,14.958420,14.828064,14.902580,14.995636,14.958420,14.958420,14.883965,15.070015,14.697517,14.883965,14.809425,14.846703,14.828064,14.958420,14.828064,14.828064,15.070015,14.790794,14.921196,14.846703,14.939812,14.902580,14.846703,14.958420,14.921196,14.921196,15.014244,15.014244,14.958420,14.865326,14.883965,14.921196,14.772133,14.939812,14.977043,14.921196,14.828064,14.958420,14.921196,15.032837,15.144333,14.865326,15.070015,14.865326,15.014244,14.660179,14.883965,14.753487,14.828064,14.753487,14.828064,14.846703,14.883965,14.883965,14.939812,14.809425,14.995636,14.846703,15.032837,15.014244,14.828064,14.883965,14.921196,15.032837,14.865326,14.846703,14.828064,14.883965,14.921196,14.865326,14.921196,14.883965,14.846703,14.846703,14.716171,14.958420,14.734833,14.958420,15.014244,14.995636,15.070015,15.088600,14.977043,14.921196,14.921196,15.088600,14.977043,14.977043,15.014244,14.995636,15.032837,14.846703,15.051422,14.902580,15.162895,15.070015,14.921196,14.883965,14.939812,14.790794,14.753487,14.828064,14.846703,14.660179,14.678848,14.548080,14.417122,14.548080,14.398399,14.604141,14.529381,14.678848,14.697517,15.144333,14.995636,14.958420,15.032837,15.051422,15.107178,15.088600,15.051422,15.032837,15.032837,15.181458,14.865326,14.753487,14.790794,14.939812,14.790794,14.716171,14.641502,14.678848,14.883965,14.678848,14.753487,14.622826,14.809425,14.734833,14.678848,14.828064,14.828064,14.883965,14.753487,14.902580,14.921196,14.902580,14.977043,14.977043,14.678848,14.846703,14.977043,15.051422,14.902580,14.734833,14.697517,14.772133,14.734833,14.734833,14.716171,14.753487,14.809425,14.809425,14.865326,14.753487,14.772133,14.809425,14.865326,14.641502,14.865326,14.772133,14.622826,14.846703,14.865326,14.660179,14.772133,14.660179,14.660179,14.846703,14.716171,14.697517,14.883965,14.790794,14.716171,14.921196,14.809425,14.566772,14.790794,14.753487,14.921196,14.622826,14.697517,14.828064,14.883965,14.660179,14.678848,14.585457,14.716171,14.865326,14.846703,14.641502,14.678848,14.716171,14.828064,14.790794,14.660179,14.902580,14.865326,14.716171,14.809425,14.846703,14.772133,14.753487,14.716171,14.734833,14.865326,14.790794,14.846703,14.828064,14.660179,14.790794,14.939812,14.790794,14.790794,14.865326,14.865326,14.939812,15.070015,14.958420,14.846703,14.809425,15.125755,15.070015,14.977043,15.070015,14.977043,14.939812,15.125755,14.921196,14.865326,15.088600,15.014244,15.051422,15.218575,15.070015,14.902580,15.144333,15.162895,
15.533455,15.274223,15.181458,15.162895,15.125755,15.237137,15.162895,15.088600,15.162895,15.274223,15.162895,15.329842,15.070015,15.144333,15.088600,15.181458,14.958420,15.032837,15.088600,15.255684,15.459480,15.551949,15.755058,16.178230,16.544525,17.091087,17.435440,17.634163,18.191681,18.424385,19.065346,19.313263,19.436943,19.824394,20.087494,20.034943,20.122513,20.105003,20.227455,20.349724,20.454369,20.593697,20.489220,20.332268,20.384621,20.384621,20.524055,20.489220,20.576286,20.471802,20.419502,20.419502,20.384621,20.367180,20.454369,20.471802,20.698021,20.715385,20.784843,20.628487,20.888908,20.784843,20.645866,20.732758,20.975533,20.888908,20.854233,20.715385,20.784843,20.854233,20.593697,20.767487,20.854233,20.888908,20.698021,20.836899,20.802200,20.680634,20.992851,20.923576,20.732758,20.906242,21.079346,21.079346,20.958221,20.854233,21.148476,21.217552,21.252068,21.252068,21.389961,21.544792,21.389961,21.579163,21.750755,21.836411,21.785027,21.733620,21.819290,21.682167,21.682167,21.750755,21.733620,21.785027,21.733620,21.870644,21.785027,21.733620,21.785027,21.836411,21.596336,21.647850,21.956161,21.904861,21.596336,21.699318,21.527603,21.630684,21.733620,21.682167,21.544792,21.544792,21.579163,21.579163,21.613518,21.665016,21.870644,21.853539,21.767891,21.699318,21.819290,21.802162,21.802162,21.750755,21.699318,21.716469,21.596336,21.527603,21.647850,21.579163,21.527603,21.424393,21.493217,21.510414,21.441612,21.561981,21.613518,21.836411,21.767891,21.630684,21.904861,21.956161,21.956161,21.990349,22.024513,22.007431,22.195107,22.075729,22.263237,22.229179,22.143959,22.161018,21.973259,22.212143,21.990349,21.939064,22.075729,22.041588,22.092789,21.973259,21.699318,21.973259,22.007431,21.990349,21.990349,21.870644,21.750755,21.870644,21.785027,21.990349,21.921967,22.024513,22.161018,22.126915,21.939064,21.956161,22.126915,22.007431,22.075729,22.126915,22.195107,22.348305,22.143959,22.263237,22.263237,22.348305,22.195107,22.331291,22.348305,22.518166,22.450264,22.246208,22.467247,22.382309,22.263237,22.212143,22.314293,22.331291,22.365303,22.229179,22.024513,22.229179,22.161018,22.331291,22.143959,21.990349,22.161018,22.075729,22.161018,21.921967,22.024513,22.024513,22.058662,22.195107,22.109856,22.092789,22.263237,22.109856,22.058662,22.212143,22.126915,22.092789,22.075729,22.058662,22.092789,21.887764,21.990349,22.058662,21.802162,21.956161,21.904861,21.870644,21.853539,21.802162,21.802162,21.733620,21.836411,21.579163,21.596336,21.647850,21.561981,21.630684,21.458817,21.527603,21.286568,21.389961,21.321045,21.441612,21.269310,21.303802,21.252068,21.252068,21.286568,21.389961,21.131203,21.372734,21.355507,21.389961,21.079346,21.286568,21.286568,21.321045,21.200287,20.992851,21.217552,21.183029,20.906242,21.234810,21.010155,21.079346,21.062057,21.113914,20.888908,20.992851,20.871582,20.888908,20.819542,20.611084,20.732758,20.558884,20.558884,20.576286,20.506645,20.680634,20.715385,20.419502,20.506645,20.489220,20.645866,20.332268,20.244934,20.471802,20.279877,20.297348,20.122513,20.034943,20.087494,19.877083,19.999893,19.736496,19.648506,19.560417,19.701309,19.648506,19.595665,19.666115,19.666115,19.525154,19.613289,19.613289,19.648506,19.630898,19.701309,19.507530,19.419281,19.560417,19.383957,19.542793,19.330948,19.153984,19.383957,19.207108,19.348618,19.083084,19.153984,19.047615,18.941109,18.674240,18.585091,18.620766,18.137894,17.994278,17.616119,17.399261,17.109245,16.781799,16.434807,15.920883,15.736610,15.477974,15.255684,15.218575,15.070015,15.070015,15.032837,14.883965,14.939812,14.939812,14.921196,15.051422,15.014244,14.995636,15.051422,14.958420,15.032837,15.088600,14.995636,15.032837,15.014244,15.218575,15.292770,15.162895,15.144333,15.051422,14.995636,15.107178,15.144333,15.237137,15.181458,15.125755,14.995636,15.032837,15.162895,15.032837,14.772133,15.088600,15.144333,15.162895,14.977043,15.051422,15.125755,14.883965,14.995636,15.032837,14.753487,14.939812,14.939812,15.070015,14.995636,15.070015,14.846703,14.846703,14.828064,14.939812,14.846703,14.921196,15.051422,14.977043,14.883965,15.070015,14.921196,14.977043,14.921196,14.995636,14.846703,14.939812,14.958420,14.958420,14.921196,14.921196,14.958420,14.977043,14.995636,14.921196,14.865326,14.809425,14.939812,14.753487,15.014244,15.051422,14.995636,14.790794,14.809425,14.958420,14.828064,15.070015,14.995636,14.921196,14.995636,14.995636,14.790794,14.939812,14.809425,14.622826,14.772133,14.995636,14.734833,14.921196,14.828064,14.958420,14.865326,14.921196,14.883965,14.846703,14.883965,15.032837,14.809425,14.883965,15.032837,15.051422,14.939812,14.921196,14.846703,14.753487,14.772133,15.051422,14.921196,15.088600,14.883965,15.088600,14.846703,14.921196,14.995636,14.958420,14.958420,14.995636,15.144333,15.088600,14.958420,15.051422,14.939812,14.939812,14.995636,15.070015,14.883965,15.088600,14.958420,15.125755,15.200020,15.237137,14.995636,15.088600,14.697517,14.734833,14.734833,14.678848,14.678848,14.585457,14.585457,14.210945,14.304718,14.304718,14.604141,14.491982,14.473274,14.622826,14.809425,15.032837,14.753487,14.977043,15.255684,14.977043,15.274223,15.181458,14.977043,15.181458,15.032837,15.125755,14.809425,15.200020,14.809425,14.716171,14.510681,14.734833,14.604141,14.548080,14.585457,14.510681,14.510681,14.641502,14.716171,14.491982,14.883965,14.883965,14.790794,14.697517,14.678848,14.958420,15.032837,14.939812,14.958420,14.865326,14.622826,14.790794,14.865326,14.809425,14.977043,14.977043,14.939812,14.716171,14.734833,14.846703,14.772133,14.697517,14.678848,15.051422,14.660179,14.958420,14.809425,14.902580,14.716171,14.660179,14.660179,14.790794,14.622826,14.772133,14.809425,14.846703,14.697517,14.660179,14.697517,14.809425,14.921196,14.678848,14.697517,14.753487,14.809425,14.716171,14.958420,14.622826,14.790794,14.678848,14.604141,14.902580,14.716171,14.697517,14.772133,14.716171,14.977043,14.678848,14.622826,14.697517,14.809425,14.772133,14.902580,14.772133,14.697517,14.734833,14.772133,14.865326,14.678848,14.734833,14.809425,14.678848,14.473274,14.753487,14.734833,14.753487,14.697517,14.809425,14.716171,14.921196,14.678848,14.865326,14.902580,14.846703,14.716171,15.051422,14.828064,14.977043,14.846703,14.883965,15.200020,14.958420,14.902580,15.014244,14.958420,15.070015,15.125755,15.107178,14.977043,14.902580,15.051422,14.958420,14.995636,15.200020,15.032837,14.995636,15.348373,15.218575,
15.477974,15.292770,15.070015,15.329842,15.237137,15.292770,15.237137,15.292770,15.496475,15.218575,15.237137,14.995636,15.274223,15.088600,15.051422,14.921196,14.958420,15.144333,14.939812,15.237137,15.496475,15.570435,15.773499,16.104774,16.654121,17.054764,17.399261,17.994278,18.227524,18.477982,18.852249,19.136261,19.525154,19.578049,19.894638,19.999893,19.999893,20.192490,20.297348,20.367180,20.454369,20.419502,20.402061,20.436943,20.454369,20.367180,20.436943,20.506645,20.558884,20.349724,20.489220,20.524055,20.541473,20.471802,20.541473,20.611084,20.611084,20.698021,20.802200,20.698021,20.663254,20.750122,20.645866,20.906242,20.750122,20.888908,20.836899,20.923576,20.680634,20.732758,20.698021,20.506645,20.558884,20.750122,20.750122,20.767487,20.906242,20.802200,20.906242,21.010155,20.888908,20.784843,20.854233,21.044754,20.940895,21.062057,21.200287,21.165756,21.441612,21.321045,21.424393,21.493217,21.458817,21.596336,21.973259,21.819290,21.870644,21.956161,21.716469,21.956161,21.921967,21.990349,21.887764,21.733620,21.853539,22.007431,21.819290,22.041588,21.870644,22.058662,21.990349,21.836411,21.836411,21.767891,21.682167,21.682167,21.630684,21.630684,21.647850,21.596336,21.476021,21.510414,21.544792,21.579163,21.476021,21.733620,21.733620,21.613518,21.647850,21.647850,21.750755,21.699318,21.561981,21.750755,21.819290,21.785027,21.647850,21.579163,21.750755,21.424393,21.596336,21.407181,21.527603,21.372734,21.389961,21.458817,21.682167,21.613518,21.647850,21.699318,21.836411,21.802162,21.870644,21.990349,22.109856,22.178062,22.143959,22.195107,22.263237,22.280251,22.143959,22.212143,22.178062,22.178062,21.973259,22.314293,22.109856,21.990349,22.126915,21.939064,21.904861,21.973259,21.870644,21.973259,21.904861,21.870644,21.939064,22.007431,21.939064,21.870644,22.041588,21.904861,21.870644,22.024513,22.092789,22.246208,22.075729,22.331291,22.314293,21.973259,22.178062,22.348305,22.212143,22.126915,22.229179,22.297272,22.297272,22.433289,22.280251,22.195107,22.365303,22.280251,22.314293,22.382309,22.178062,22.263237,22.246208,22.178062,22.246208,22.195107,22.263237,22.212143,22.126915,22.348305,22.161018,22.075729,22.024513,22.075729,21.956161,22.126915,22.058662,22.109856,22.007431,22.041588,22.092789,22.195107,22.041588,22.126915,22.178062,22.041588,22.109856,22.126915,22.195107,22.246208,22.126915,21.956161,21.973259,22.126915,22.092789,21.785027,21.836411,21.819290,21.836411,21.750755,21.836411,21.665016,21.699318,21.579163,21.510414,21.682167,21.389961,21.441612,21.510414,21.355507,21.355507,21.389961,21.389961,21.355507,21.286568,21.269310,21.148476,21.200287,21.183029,21.303802,21.234810,21.303802,21.096642,21.372734,21.252068,21.234810,21.338272,21.183029,21.183029,21.183029,21.010155,21.131203,21.096642,21.027458,21.044754,21.183029,20.992851,20.888908,20.802200,20.975533,20.888908,20.854233,20.854233,20.593697,20.628487,20.367180,20.593697,20.436943,20.558884,20.645866,20.558884,20.593697,20.524055,20.384621,20.367180,20.367180,20.209976,20.436943,20.192490,20.279877,20.209976,20.122513,19.999893,19.859520,19.789246,19.824394,19.718910,19.736496,19.507530,19.613289,19.578049,19.630898,19.613289,19.754082,19.560417,19.578049,19.630898,19.525154,19.595665,19.472237,19.454590,19.489883,19.313263,19.472237,19.277893,19.260208,19.242508,19.348618,19.330948,19.366287,19.260208,19.153984,18.852249,18.781090,18.709869,18.263351,18.245445,18.084076,17.706314,17.363060,17.018410,16.617607,16.306610,15.939293,15.773499,15.551949,15.348373,15.200020,15.014244,14.921196,14.902580,14.921196,14.883965,14.995636,14.958420,14.865326,15.088600,14.921196,15.218575,15.070015,14.921196,14.977043,15.107178,15.051422,15.125755,15.070015,15.051422,15.070015,15.051422,15.032837,15.032837,15.088600,14.902580,15.032837,15.032837,15.088600,15.070015,14.995636,15.144333,15.218575,15.014244,14.995636,15.070015,15.032837,15.014244,15.051422,15.088600,15.144333,14.995636,15.088600,14.865326,14.902580,14.883965,15.088600,15.014244,14.902580,14.995636,15.014244,14.977043,14.865326,14.958420,14.883965,14.921196,14.790794,14.883965,14.846703,14.790794,14.902580,14.790794,14.772133,14.828064,14.865326,14.828064,14.977043,14.809425,14.790794,14.828064,14.772133,14.865326,14.939812,14.995636,14.977043,14.902580,15.032837,14.846703,14.865326,14.809425,15.070015,14.809425,14.902580,14.977043,14.977043,14.790794,15.032837,14.716171,15.032837,14.921196,14.846703,14.995636,14.958420,14.846703,14.939812,14.977043,14.883965,14.921196,14.846703,14.734833,14.995636,14.790794,14.995636,15.070015,14.902580,14.753487,14.828064,14.958420,14.678848,14.902580,14.902580,15.014244,14.772133,14.902580,14.883965,14.921196,14.828064,15.107178,14.846703,14.921196,15.125755,14.939812,14.977043,14.939812,15.070015,14.846703,14.977043,14.883965,14.977043,14.790794,14.734833,14.977043,15.107178,14.995636,15.088600,14.977043,15.181458,14.921196,14.902580,14.753487,14.865326,14.809425,14.865326,14.566772,14.753487,14.734833,14.678848,14.435844,14.454552,14.435844,14.548080,14.622826,14.585457,14.660179,14.678848,15.051422,14.809425,14.846703,14.995636,15.014244,15.032837,15.032837,15.181458,15.014244,14.846703,15.292770,14.828064,14.977043,15.070015,14.883965,14.772133,14.678848,14.753487,14.865326,14.716171,14.622826,14.548080,14.641502,14.566772,14.510681,14.753487,14.716171,14.828064,14.716171,14.809425,14.828064,14.902580,14.772133,14.809425,14.641502,14.772133,14.977043,14.772133,14.622826,14.660179,14.716171,14.660179,14.566772,14.977043,14.846703,14.883965,14.995636,14.697517,14.790794,14.977043,14.828064,14.828064,14.753487,14.716171,14.846703,14.641502,14.697517,14.846703,14.716171,14.529381,14.622826,14.809425,14.716171,14.772133,14.846703,14.641502,14.660179,14.716171,14.828064,14.529381,14.660179,14.641502,14.697517,14.902580,14.772133,14.678848,14.865326,14.734833,14.753487,14.902580,14.678848,14.678848,14.660179,14.790794,14.753487,14.846703,14.753487,14.809425,14.772133,14.622826,14.660179,14.790794,14.865326,14.828064,14.660179,14.529381,14.716171,14.585457,14.809425,14.828064,14.622826,14.846703,14.697517,14.790794,14.697517,14.977043,14.846703,14.958420,14.939812,14.734833,14.958420,14.865326,15.051422,15.014244,15.032837,14.716171,14.958420,15.125755,14.939812,14.883965,15.088600,14.772133,14.921196,15.125755,14.865326,15.070015,15.014244,14.939812,14.939812,14.921196,15.070015,15.088600,15.329842,15.422462,
15.292770,15.274223,15.107178,15.292770,15.107178,15.385422,15.348373,15.144333,15.255684,15.218575,14.977043,15.181458,14.958420,15.162895,15.144333,14.995636,14.995636,15.292770,15.088600,15.088600,15.514977,15.551949,15.847229,16.141510,16.489677,17.072929,17.598068,17.850410,18.119965,18.709869,19.047615,19.153984,19.630898,19.630898,20.034943,20.087494,20.034943,20.209976,20.506645,20.367180,20.611084,20.663254,20.297348,20.332268,20.454369,20.367180,20.489220,20.471802,20.436943,20.611084,20.489220,20.384621,20.541473,20.419502,20.576286,20.593697,20.680634,20.906242,20.767487,20.958221,20.836899,20.750122,20.784843,20.975533,20.836899,20.992851,21.183029,20.802200,20.732758,20.680634,20.819542,20.819542,20.715385,20.732758,20.732758,20.802200,20.819542,20.888908,20.784843,21.079346,20.888908,21.096642,20.888908,20.923576,20.871582,21.096642,21.062057,20.975533,21.355507,21.613518,21.544792,21.424393,21.630684,21.596336,21.870644,21.767891,21.853539,21.750755,21.836411,22.075729,21.939064,22.024513,21.887764,22.058662,21.836411,22.161018,22.126915,22.007431,22.058662,22.058662,21.802162,21.921967,21.819290,21.802162,21.973259,21.716469,21.716469,21.870644,21.544792,21.630684,21.682167,21.561981,21.389961,21.630684,21.424393,21.579163,21.750755,21.750755,21.665016,21.699318,21.596336,21.647850,21.682167,21.596336,21.579163,21.544792,21.389961,21.665016,21.476021,21.424393,21.424393,21.355507,21.338272,21.441612,21.355507,21.493217,21.630684,21.596336,21.819290,21.682167,21.613518,21.836411,21.870644,21.904861,22.075729,22.058662,22.229179,22.365303,22.229179,22.041588,22.143959,22.195107,22.246208,22.024513,22.109856,21.973259,21.904861,21.956161,22.007431,22.041588,22.024513,22.041588,21.956161,22.007431,21.990349,21.939064,21.887764,21.973259,21.939064,22.058662,21.956161,21.956161,21.956161,22.041588,22.109856,22.178062,22.126915,22.195107,22.109856,22.178062,22.195107,22.314293,22.280251,22.382309,22.058662,22.467247,22.263237,22.212143,22.280251,22.212143,22.280251,22.314293,22.195107,22.348305,22.297272,22.365303,22.467247,22.297272,22.161018,22.143959,22.246208,22.280251,22.212143,22.126915,22.041588,22.007431,22.178062,22.041588,21.939064,22.195107,22.058662,22.092789,22.075729,22.075729,22.126915,22.075729,21.904861,22.041588,22.041588,22.126915,22.007431,22.092789,22.109856,22.092789,21.921967,22.007431,21.973259,21.870644,21.939064,21.853539,21.613518,21.647850,21.750755,21.750755,21.510414,21.510414,21.579163,21.665016,21.372734,21.665016,21.441612,21.493217,21.303802,21.407181,21.389961,21.131203,21.269310,21.303802,21.372734,21.389961,21.303802,21.131203,21.131203,21.321045,21.183029,21.269310,21.234810,21.252068,21.269310,21.217552,21.113914,21.131203,21.165756,21.372734,21.096642,21.079346,20.958221,20.958221,21.079346,20.906242,20.836899,20.750122,20.784843,20.750122,20.750122,20.784843,20.558884,20.628487,20.576286,20.524055,20.471802,20.611084,20.489220,20.279877,20.367180,20.349724,20.506645,20.402061,20.297348,20.332268,20.332268,20.140007,20.140007,20.140007,20.087494,20.244934,19.841957,19.929733,19.841957,19.630898,19.578049,19.666115,19.666115,19.560417,19.525154,19.560417,19.542793,19.683716,19.472237,19.542793,19.560417,19.701309,19.366287,19.525154,19.648506,19.507530,19.348618,19.489883,19.313263,19.313263,19.118538,19.153984,19.189407,19.260208,19.100807,19.083084,18.816673,18.798889,18.620766,18.388626,18.173759,17.850410,17.598068,17.417351,17.000237,16.617607,16.233269,15.994492,15.514977,15.459480,15.237137,15.200020,15.237137,14.995636,14.939812,14.939812,14.977043,14.902580,14.753487,14.939812,14.902580,14.902580,15.070015,15.162895,15.051422,15.162895,15.014244,15.292770,15.125755,15.107178,15.032837,15.014244,15.070015,15.088600,15.088600,15.255684,15.051422,15.125755,15.125755,15.107178,15.144333,15.032837,15.125755,15.125755,15.032837,15.162895,15.051422,15.125755,15.385422,15.107178,14.958420,14.958420,14.958420,14.809425,14.995636,14.977043,14.977043,14.921196,14.883965,15.051422,14.995636,14.939812,14.846703,15.014244,14.939812,15.051422,14.865326,14.883965,14.977043,14.977043,14.846703,14.902580,14.977043,14.921196,14.865326,14.902580,14.809425,14.865326,15.014244,14.939812,14.883965,14.883965,14.977043,15.032837,15.088600,14.939812,15.032837,14.939812,14.995636,14.790794,14.828064,14.809425,14.902580,14.865326,15.014244,14.809425,14.883965,14.809425,14.902580,14.809425,14.921196,15.014244,14.772133,14.883965,14.995636,14.809425,14.921196,14.977043,14.790794,14.902580,14.902580,14.790794,14.846703,14.809425,14.846703,14.790794,14.622826,14.828064,14.977043,14.865326,14.921196,14.716171,15.014244,14.790794,14.716171,14.883965,14.902580,14.753487,14.902580,15.032837,15.107178,14.902580,14.977043,15.088600,15.014244,15.014244,14.828064,14.977043,15.144333,15.032837,15.125755,14.809425,14.883965,15.032837,15.107178,15.200020,14.846703,15.051422,14.828064,15.014244,14.846703,14.977043,14.772133,14.734833,14.622826,14.678848,14.548080,14.716171,14.660179,14.585457,14.454552,14.548080,14.548080,14.473274,14.435844,14.809425,14.585457,14.772133,15.200020,14.995636,15.107178,14.790794,15.107178,14.995636,14.939812,15.125755,15.125755,14.883965,14.828064,14.958420,14.883965,14.790794,14.604141,14.772133,14.678848,14.529381,14.734833,14.548080,14.510681,14.716171,14.716171,14.753487,14.790794,14.716171,14.809425,14.660179,14.753487,14.883965,14.846703,15.107178,14.902580,14.790794,14.604141,14.977043,14.716171,14.716171,14.548080,14.921196,14.716171,14.772133,14.678848,14.697517,14.734833,14.846703,14.846703,14.828064,14.753487,14.678848,14.753487,14.902580,14.809425,14.772133,14.548080,14.828064,14.660179,14.622826,14.772133,14.790794,14.883965,14.828064,14.678848,14.921196,14.772133,14.772133,14.753487,14.958420,14.753487,14.846703,14.734833,14.641502,14.846703,14.566772,14.883965,14.828064,14.865326,14.846703,14.716171,14.772133,14.828064,14.697517,14.753487,14.660179,14.809425,14.828064,14.790794,14.772133,14.753487,14.697517,14.604141,14.660179,14.716171,14.865326,14.977043,14.753487,14.716171,14.883965,14.753487,14.622826,14.883965,14.828064,14.734833,14.772133,14.622826,14.828064,14.846703,14.846703,14.809425,14.939812,14.921196,14.977043,14.753487,14.865326,14.846703,15.162895,14.902580,15.014244,15.032837,15.162895,14.865326,14.828064,15.014244,14.921196,14.865326,15.107178,15.125755,14.939812,14.921196,14.828064,15.255684,15.274223,
15.440964,15.477974,15.329842,15.329842,15.348373,15.070015,15.311302,15.088600,15.366905,15.070015,15.292770,15.088600,15.032837,15.125755,15.088600,15.162895,15.255684,15.237137,14.939812,15.218575,15.348373,15.699715,15.828796,16.104774,16.471397,16.800026,17.417351,17.616119,18.299164,18.620766,18.905579,19.171692,19.401619,19.578049,19.789246,19.999893,20.052460,20.192490,20.314804,20.227455,20.279877,20.384621,20.192490,20.314804,20.436943,20.436943,20.367180,20.489220,20.419502,20.314804,20.506645,20.436943,20.402061,20.593697,20.384621,20.558884,20.680634,20.663254,20.628487,20.767487,20.888908,20.906242,20.854233,20.992851,20.802200,20.732758,20.802200,20.732758,20.906242,20.871582,20.628487,20.558884,20.663254,20.715385,20.767487,20.645866,20.732758,20.819542,20.732758,20.854233,20.975533,20.923576,20.923576,20.871582,20.819542,21.183029,21.200287,21.527603,21.510414,21.561981,21.493217,21.647850,21.733620,21.699318,21.733620,21.836411,21.819290,21.733620,21.836411,21.973259,21.956161,21.990349,21.990349,21.990349,21.956161,22.024513,22.024513,22.007431,21.887764,21.990349,22.024513,21.990349,21.904861,22.041588,21.990349,21.716469,21.853539,21.527603,21.630684,21.613518,21.372734,21.493217,21.458817,21.510414,21.510414,21.596336,21.699318,21.716469,21.630684,21.785027,21.561981,21.596336,21.682167,21.665016,21.544792,21.630684,21.544792,21.527603,21.613518,21.630684,21.269310,21.338272,21.476021,21.252068,21.321045,21.493217,21.355507,21.544792,21.613518,21.682167,21.579163,21.904861,21.939064,21.921967,21.973259,22.007431,22.143959,22.246208,22.143959,22.024513,22.109856,22.143959,22.178062,22.178062,22.263237,22.212143,22.092789,22.161018,21.956161,22.058662,22.058662,21.990349,21.887764,22.024513,22.109856,21.939064,22.058662,22.212143,21.939064,21.956161,22.058662,21.904861,21.973259,22.109856,22.075729,22.246208,22.382309,22.331291,22.212143,22.126915,22.246208,22.314293,22.314293,22.229179,22.143959,22.314293,22.195107,22.263237,22.246208,22.263237,22.126915,22.297272,22.382309,22.263237,22.331291,22.280251,22.433289,22.178062,22.263237,22.143959,22.109856,22.195107,22.143959,22.280251,22.178062,22.058662,22.007431,22.126915,21.939064,21.956161,22.212143,22.109856,22.212143,21.853539,22.161018,22.041588,22.126915,22.161018,22.126915,22.161018,22.246208,22.161018,22.109856,21.785027,22.024513,22.007431,21.904861,21.870644,21.853539,21.699318,21.579163,21.750755,21.665016,21.750755,21.750755,21.527603,21.544792,21.510414,21.527603,21.441612,21.338272,21.458817,21.510414,21.269310,21.338272,21.338272,21.286568,21.338272,21.303802,21.286568,21.183029,21.303802,21.286568,21.424393,21.234810,21.096642,21.131203,21.321045,21.355507,21.079346,21.062057,21.062057,21.338272,21.044754,21.165756,21.113914,20.992851,21.027458,21.079346,20.819542,20.940895,20.784843,20.767487,20.784843,20.767487,20.784843,20.628487,20.715385,20.645866,20.489220,20.436943,20.541473,20.576286,20.436943,20.628487,20.471802,20.419502,20.698021,20.314804,20.419502,20.244934,20.244934,20.349724,20.227455,20.192490,19.754082,19.841957,19.964821,19.929733,19.613289,19.789246,19.613289,19.560417,19.666115,19.542793,19.525154,19.542793,19.542793,19.613289,19.507530,19.648506,19.507530,19.542793,19.718910,19.648506,19.472237,19.419281,19.472237,19.401619,19.383957,19.366287,19.207108,19.260208,19.136261,19.065346,19.083084,19.100807,18.798889,18.567253,18.227524,18.084076,17.904396,17.688278,17.326851,17.036591,16.599342,16.398201,16.012886,15.699715,15.570435,15.366905,15.237137,15.051422,14.939812,14.977043,14.846703,14.660179,15.014244,14.865326,15.014244,14.977043,15.107178,14.921196,14.939812,15.162895,15.181458,14.995636,15.088600,15.125755,15.032837,14.958420,15.162895,15.088600,15.107178,14.828064,15.107178,14.958420,15.014244,15.181458,15.107178,15.237137,14.977043,15.144333,14.902580,15.070015,15.051422,14.977043,14.958420,15.107178,14.977043,14.977043,15.125755,14.734833,15.162895,14.958420,15.088600,15.032837,14.865326,14.921196,14.958420,14.921196,15.070015,14.921196,14.809425,15.125755,15.051422,14.828064,14.921196,14.958420,14.958420,14.809425,14.977043,14.865326,15.032837,14.958420,14.753487,14.902580,14.958420,14.828064,14.846703,14.902580,14.790794,14.809425,14.883965,15.014244,14.865326,15.014244,14.828064,14.939812,14.958420,14.995636,14.846703,14.995636,14.846703,14.865326,14.846703,15.070015,14.921196,14.958420,14.995636,14.958420,14.790794,14.977043,15.107178,14.921196,14.846703,14.939812,15.032837,14.809425,14.828064,14.921196,14.790794,14.772133,14.828064,14.734833,14.753487,14.734833,14.790794,14.753487,14.828064,14.883965,14.883965,14.828064,14.902580,14.939812,14.809425,14.939812,15.014244,14.790794,14.939812,15.162895,15.014244,14.809425,15.125755,14.977043,15.107178,14.958420,14.902580,14.883965,14.939812,14.939812,15.274223,15.070015,14.902580,14.995636,14.883965,14.902580,15.070015,14.865326,14.902580,14.790794,14.753487,14.883965,14.660179,14.772133,14.641502,14.417122,14.548080,14.529381,14.473274,14.548080,14.435844,14.529381,14.678848,14.604141,14.772133,14.790794,14.772133,14.977043,14.977043,15.014244,15.162895,14.995636,14.977043,15.181458,15.181458,15.107178,14.977043,14.772133,15.014244,14.958420,14.977043,14.921196,14.716171,14.641502,14.790794,14.566772,14.622826,14.548080,14.809425,14.604141,14.865326,14.753487,14.753487,14.772133,14.846703,14.622826,14.772133,14.753487,14.846703,14.622826,14.809425,14.977043,14.641502,14.734833,14.585457,14.883965,14.716171,14.660179,14.828064,14.660179,14.958420,14.846703,14.660179,14.865326,14.809425,14.734833,14.846703,14.716171,14.865326,14.772133,14.790794,14.772133,14.641502,14.809425,14.660179,14.846703,14.697517,14.828064,14.790794,14.865326,14.809425,14.716171,14.660179,14.883965,14.678848,14.809425,14.716171,14.790794,14.641502,14.585457,14.846703,14.753487,14.865326,14.753487,14.734833,14.753487,14.641502,14.865326,14.790794,14.566772,14.828064,14.660179,14.921196,14.790794,14.697517,14.809425,14.716171,14.697517,14.716171,14.865326,14.753487,14.641502,14.828064,15.051422,14.809425,14.790794,14.865326,14.809425,14.790794,14.622826,14.902580,14.697517,14.660179,14.585457,14.958420,14.958420,14.883965,15.088600,15.125755,14.902580,14.921196,15.051422,14.790794,14.995636,14.865326,14.977043,14.883965,14.883965,14.939812,15.070015,15.200020,14.846703,15.014244,15.107178,14.865326,14.977043,14.883965,15.088600,15.125755,
15.403938,15.496475,15.088600,15.348373,15.218575,15.274223,15.311302,15.181458,15.237137,15.070015,15.144333,15.181458,15.070015,15.107178,15.107178,15.014244,15.032837,15.237137,15.162895,15.366905,15.237137,15.625862,15.865646,16.361572,16.635872,17.163704,17.399261,17.778404,17.976311,18.620766,18.727684,19.313263,19.295586,19.648506,19.701309,20.105003,20.087494,20.192490,20.384621,20.419502,20.419502,20.262413,20.332268,20.262413,20.314804,20.402061,20.314804,20.576286,20.506645,20.419502,20.384621,20.436943,20.262413,20.454369,20.524055,20.314804,20.698021,20.767487,20.715385,20.854233,20.992851,20.784843,20.645866,20.698021,20.975533,20.715385,20.958221,20.750122,20.784843,20.732758,20.680634,20.471802,20.802200,20.645866,20.663254,20.732758,20.698021,20.593697,20.784843,20.819542,20.819542,20.888908,21.131203,21.096642,21.131203,21.303802,21.252068,21.321045,21.544792,21.476021,21.372734,21.682167,21.785027,21.733620,21.733620,21.870644,21.887764,22.143959,22.041588,22.143959,21.990349,21.887764,21.939064,22.075729,21.973259,22.024513,22.041588,21.904861,21.904861,22.161018,21.956161,21.836411,21.767891,22.041588,21.716469,21.887764,21.647850,21.750755,21.819290,21.682167,21.716469,21.510414,21.338272,21.269310,21.458817,21.630684,21.665016,21.802162,21.836411,21.699318,21.579163,21.441612,21.561981,21.510414,21.355507,21.561981,21.579163,21.424393,21.372734,21.716469,21.303802,21.476021,21.252068,21.338272,21.372734,21.372734,21.579163,21.596336,21.579163,21.579163,21.733620,21.767891,21.802162,21.939064,21.956161,21.939064,21.973259,22.092789,22.075729,22.229179,22.092789,22.195107,22.263237,22.058662,22.212143,22.263237,22.195107,22.007431,22.075729,22.161018,22.126915,22.195107,22.092789,22.024513,22.058662,22.178062,22.058662,21.973259,21.904861,21.990349,21.990349,22.058662,22.058662,21.904861,22.195107,22.195107,22.280251,22.178062,22.126915,22.263237,22.280251,22.399300,22.331291,22.433289,22.161018,22.212143,22.348305,22.280251,22.297272,22.195107,22.297272,22.126915,22.195107,22.195107,22.212143,22.331291,22.212143,22.280251,22.348305,22.297272,22.178062,22.007431,22.195107,22.178062,22.382309,21.990349,22.161018,21.990349,21.870644,21.836411,22.024513,21.973259,21.990349,22.126915,22.075729,22.263237,22.075729,22.024513,22.212143,22.007431,22.007431,22.126915,21.887764,22.126915,21.904861,21.853539,21.887764,21.733620,21.767891,21.750755,21.527603,21.733620,21.682167,21.647850,21.819290,21.458817,21.493217,21.476021,21.596336,21.441612,21.407181,21.372734,21.441612,21.269310,21.355507,21.234810,21.269310,21.096642,21.303802,21.096642,21.252068,21.062057,21.131203,21.355507,21.165756,21.165756,21.286568,21.200287,21.372734,21.113914,21.096642,21.183029,21.131203,21.113914,21.217552,21.027458,21.044754,20.923576,20.923576,21.010155,20.923576,20.784843,20.680634,20.680634,20.784843,20.593697,20.750122,20.663254,20.506645,20.402061,20.593697,20.645866,20.715385,20.506645,20.645866,20.541473,20.367180,20.524055,20.314804,20.436943,20.314804,20.349724,20.314804,20.087494,20.140007,20.069977,20.034943,19.841957,19.789246,19.648506,19.560417,19.560417,19.383957,19.613289,19.436943,19.578049,19.507530,19.578049,19.754082,19.736496,19.595665,19.489883,19.560417,19.666115,19.595665,19.330948,19.348618,19.436943,19.472237,19.207108,19.436943,19.295586,19.118538,19.330948,19.242508,19.100807,18.923340,18.727684,18.638596,18.352852,18.137894,18.030205,17.706314,17.453522,16.982056,16.690620,16.123146,16.012886,15.736610,15.514977,15.329842,15.274223,15.255684,14.828064,14.958420,15.032837,14.865326,15.014244,14.772133,14.883965,14.939812,15.237137,15.088600,15.107178,15.107178,15.274223,15.014244,14.995636,15.014244,15.014244,14.809425,15.218575,15.144333,15.181458,15.032837,15.107178,15.088600,15.162895,15.162895,15.107178,15.218575,15.088600,15.014244,15.088600,14.977043,15.032837,15.125755,14.902580,14.939812,15.032837,14.902580,15.125755,15.200020,14.921196,15.125755,14.977043,14.939812,14.921196,15.051422,14.902580,14.921196,14.958420,14.921196,14.902580,14.902580,14.977043,14.865326,14.902580,14.809425,14.995636,14.939812,14.921196,14.865326,14.995636,14.865326,14.846703,14.865326,14.883965,14.939812,14.902580,14.790794,15.014244,14.958420,14.883965,14.865326,14.883965,14.846703,14.921196,14.921196,14.958420,14.921196,14.958420,15.088600,14.939812,14.921196,14.846703,14.939812,14.865326,15.070015,14.977043,14.753487,14.921196,14.921196,14.883965,14.902580,14.939812,14.958420,14.958420,14.660179,14.883965,14.809425,14.865326,14.790794,14.921196,14.939812,14.902580,14.809425,14.678848,14.921196,14.883965,14.772133,15.070015,14.921196,14.772133,14.883965,14.790794,14.790794,14.939812,14.809425,14.865326,15.032837,14.977043,14.939812,15.144333,14.828064,15.014244,14.883965,14.958420,15.051422,14.958420,14.939812,14.939812,14.958420,14.753487,15.125755,14.995636,14.883965,14.921196,14.902580,14.865326,14.734833,14.939812,14.753487,14.753487,14.828064,14.548080,14.585457,14.585457,14.379669,14.585457,14.491982,14.585457,14.660179,14.548080,14.510681,14.585457,14.585457,14.678848,14.678848,15.162895,14.958420,15.014244,15.292770,15.070015,15.144333,15.070015,14.958420,14.921196,14.883965,14.921196,14.995636,14.585457,14.790794,14.809425,14.678848,14.716171,14.529381,14.902580,14.697517,14.641502,14.678848,14.734833,14.566772,14.995636,14.734833,14.753487,14.529381,14.828064,14.809425,14.716171,14.753487,14.846703,14.865326,14.753487,14.716171,14.846703,14.566772,14.716171,14.641502,14.939812,14.921196,14.828064,14.604141,14.865326,14.604141,14.939812,14.772133,14.828064,14.809425,14.790794,14.660179,14.697517,14.734833,14.828064,14.716171,14.958420,14.883965,14.846703,14.697517,14.828064,14.716171,14.865326,14.772133,14.734833,14.641502,14.716171,14.660179,14.678848,14.641502,14.641502,14.660179,14.641502,14.846703,14.454552,14.678848,14.473274,14.921196,14.678848,14.529381,14.790794,14.846703,14.809425,14.790794,14.809425,14.641502,14.604141,14.939812,14.604141,14.809425,14.678848,14.828064,14.734833,14.828064,14.734833,14.846703,14.865326,14.510681,14.753487,14.790794,14.660179,14.846703,14.734833,14.622826,14.958420,14.846703,14.753487,14.828064,14.939812,14.716171,14.846703,14.977043,14.828064,14.902580,14.641502,14.939812,14.995636,15.014244,14.921196,14.734833,14.902580,14.995636,14.921196,15.014244,14.995636,15.125755,14.865326,14.902580,15.107178,14.921196,15.218575,
15.588913,15.422462,15.274223,15.422462,15.292770,15.181458,15.255684,15.162895,14.921196,15.255684,15.032837,15.348373,14.902580,15.218575,15.181458,14.921196,15.162895,15.070015,15.107178,15.274223,15.255684,15.681252,15.736610,16.306610,16.434807,16.945679,17.254379,17.706314,18.084076,18.692055,18.763298,19.136261,19.401619,19.666115,19.912178,20.052460,20.105003,20.105003,19.982353,20.262413,20.332268,20.367180,20.244934,20.227455,20.332268,20.419502,20.140007,20.262413,20.367180,20.314804,20.332268,20.349724,20.332268,20.349724,20.419502,20.436943,20.593697,20.698021,20.558884,20.906242,20.802200,20.698021,20.854233,20.784843,20.836899,20.940895,20.767487,20.958221,20.836899,20.732758,20.541473,20.611084,20.750122,20.819542,20.645866,20.732758,20.576286,20.871582,20.836899,20.784843,20.715385,21.027458,21.010155,20.992851,20.923576,21.044754,21.252068,21.303802,21.355507,21.441612,21.699318,21.665016,21.561981,21.665016,21.870644,21.767891,21.802162,21.767891,22.143959,22.075729,22.007431,22.075729,21.921967,22.075729,22.092789,21.904861,22.109856,22.126915,22.178062,22.075729,21.973259,21.887764,21.870644,21.647850,21.785027,21.767891,21.802162,21.853539,21.699318,21.493217,21.647850,21.441612,21.647850,21.785027,21.389961,21.682167,21.613518,21.699318,21.785027,21.458817,21.699318,21.699318,21.476021,21.699318,21.527603,21.441612,21.476021,21.613518,21.424393,21.458817,21.183029,21.510414,21.321045,21.441612,21.355507,21.372734,21.561981,21.527603,21.561981,21.733620,21.767891,21.853539,21.887764,21.870644,22.092789,22.263237,21.973259,22.126915,22.195107,21.939064,22.143959,22.348305,22.195107,21.990349,22.161018,21.973259,22.365303,22.109856,22.161018,22.161018,22.109856,22.092789,22.178062,22.126915,21.956161,22.126915,21.990349,22.075729,22.024513,22.041588,21.870644,22.143959,22.161018,22.229179,22.092789,22.348305,22.212143,22.280251,22.109856,22.161018,22.399300,22.331291,22.161018,22.399300,22.280251,22.399300,22.161018,22.314293,22.297272,22.365303,22.007431,22.212143,22.433289,22.212143,22.297272,22.229179,22.212143,22.092789,22.161018,22.212143,22.229179,22.041588,22.348305,22.195107,22.024513,21.870644,22.024513,22.143959,21.973259,21.836411,22.092789,22.178062,21.904861,22.297272,22.041588,22.075729,22.058662,22.058662,22.092789,22.161018,22.007431,22.041588,21.921967,21.870644,22.178062,21.921967,21.716469,21.665016,21.561981,21.699318,21.561981,21.716469,21.613518,21.510414,21.476021,21.493217,21.510414,21.476021,21.441612,21.476021,21.407181,21.372734,21.527603,21.458817,21.424393,21.355507,21.321045,21.165756,21.165756,21.269310,21.389961,21.217552,21.269310,21.286568,21.148476,21.269310,21.303802,21.355507,21.286568,21.269310,21.183029,21.252068,21.062057,21.234810,21.027458,20.940895,21.131203,21.062057,20.871582,20.958221,20.819542,20.715385,20.854233,20.663254,20.784843,20.732758,20.541473,20.436943,20.593697,20.489220,20.558884,20.663254,20.558884,20.576286,20.680634,20.506645,20.349724,20.506645,20.524055,20.332268,20.297348,20.279877,20.140007,20.262413,19.929733,20.017418,20.052460,19.877083,19.718910,19.613289,19.578049,19.613289,19.401619,19.525154,19.542793,19.595665,19.542793,19.383957,19.630898,19.701309,19.595665,19.736496,19.436943,19.630898,19.383957,19.383957,19.242508,19.472237,19.189407,19.207108,19.065346,19.313263,19.153984,19.260208,19.136261,19.083084,18.852249,18.727684,18.585091,18.477982,18.102013,17.940361,17.580009,17.399261,16.927490,16.800026,16.251610,16.031273,15.459480,15.533455,15.292770,15.144333,14.902580,14.902580,14.958420,14.772133,14.921196,15.088600,14.809425,14.902580,14.865326,15.070015,14.939812,15.218575,14.995636,14.958420,14.958420,15.107178,15.125755,14.921196,15.125755,14.995636,15.107178,15.181458,14.883965,15.162895,14.995636,15.070015,15.125755,14.921196,14.995636,15.200020,15.125755,15.144333,15.088600,14.883965,14.977043,14.921196,14.883965,15.107178,14.977043,14.977043,14.995636,15.070015,14.809425,15.014244,14.977043,14.678848,14.846703,15.032837,15.014244,14.995636,14.790794,14.921196,14.883965,14.828064,14.921196,14.828064,14.734833,14.939812,14.865326,14.753487,14.977043,14.809425,14.734833,15.051422,14.790794,14.865326,14.828064,15.014244,14.846703,14.883965,14.828064,14.921196,14.828064,14.865326,14.921196,14.921196,14.921196,14.995636,14.809425,14.883965,14.921196,14.902580,14.939812,14.809425,14.865326,14.809425,14.958420,14.846703,15.051422,14.753487,14.809425,15.051422,14.753487,14.902580,14.809425,14.660179,14.902580,14.995636,14.828064,14.921196,14.809425,14.697517,15.032837,14.865326,14.921196,15.032837,14.977043,14.902580,14.790794,14.809425,14.865326,14.846703,14.846703,14.883965,14.809425,15.014244,14.716171,15.107178,14.902580,14.883965,14.809425,14.939812,14.977043,14.828064,14.828064,14.790794,14.939812,14.958420,14.995636,14.921196,14.660179,14.790794,14.828064,14.939812,14.883965,14.809425,15.070015,14.921196,14.846703,14.772133,14.734833,14.939812,14.660179,14.398399,14.716171,14.379669,14.510681,14.417122,14.417122,14.641502,14.379669,14.678848,14.510681,14.790794,14.604141,14.790794,15.088600,15.181458,14.865326,14.678848,15.200020,15.014244,14.995636,15.088600,14.977043,15.162895,15.125755,14.902580,14.846703,14.790794,14.660179,14.585457,14.548080,14.548080,14.510681,14.697517,14.641502,14.846703,14.716171,14.548080,14.716171,14.678848,14.678848,14.809425,14.753487,14.660179,14.883965,14.846703,14.734833,14.772133,14.716171,14.753487,14.641502,14.753487,14.865326,14.772133,14.678848,14.734833,14.697517,14.641502,14.660179,14.828064,14.846703,14.790794,14.883965,14.902580,14.809425,14.921196,14.604141,14.846703,14.585457,14.678848,14.772133,14.772133,14.697517,14.604141,14.865326,14.790794,14.790794,14.921196,14.772133,15.144333,14.622826,14.734833,14.678848,14.660179,14.678848,14.660179,14.697517,14.697517,14.772133,14.734833,14.790794,14.790794,14.939812,14.716171,14.454552,14.622826,14.753487,14.846703,14.828064,14.828064,14.622826,14.828064,14.865326,14.772133,14.660179,14.641502,14.716171,14.753487,14.809425,14.809425,14.678848,14.716171,14.753487,14.734833,14.641502,14.753487,14.660179,14.678848,14.921196,14.753487,14.902580,14.958420,14.641502,14.734833,14.641502,14.995636,15.107178,14.939812,14.790794,14.995636,15.088600,14.902580,15.162895,14.902580,14.995636,15.070015,14.939812,14.958420,14.939812,14.828064,15.144333,14.753487,14.921196,14.995636,15.088600,15.200020,
15.681252,15.274223,15.255684,15.422462,15.107178,15.311302,15.329842,15.218575,15.274223,14.995636,15.274223,15.051422,15.014244,15.162895,14.883965,15.014244,15.014244,14.921196,15.181458,15.366905,15.459480,15.551949,15.957695,16.068031,16.708862,16.800026,17.218117,17.543900,18.191681,18.370735,18.781090,19.171692,19.330948,19.771667,19.648506,20.122513,20.122513,20.069977,20.174995,20.332268,20.332268,20.419502,20.419502,20.489220,20.314804,20.419502,20.489220,20.244934,20.367180,20.209976,20.209976,20.332268,20.454369,20.279877,20.297348,20.314804,20.471802,20.715385,20.663254,20.802200,20.541473,20.784843,20.680634,20.888908,20.732758,20.784843,20.767487,20.750122,20.680634,20.767487,20.558884,20.628487,20.819542,20.663254,20.698021,20.750122,20.906242,20.819542,20.784843,20.871582,20.854233,21.079346,21.010155,21.079346,21.010155,21.131203,21.338272,21.234810,21.407181,21.630684,21.510414,21.596336,21.716469,21.596336,21.682167,21.767891,21.990349,21.785027,22.041588,21.921967,21.939064,21.956161,22.075729,22.024513,21.990349,22.041588,22.007431,22.126915,22.007431,21.973259,22.092789,22.143959,22.075729,22.126915,21.870644,21.870644,21.939064,22.058662,21.716469,21.750755,21.682167,21.630684,21.647850,21.785027,21.596336,21.579163,21.836411,21.767891,21.699318,21.647850,21.630684,21.544792,21.682167,21.630684,21.579163,21.630684,21.527603,21.527603,21.407181,21.458817,21.338272,21.407181,21.269310,21.389961,21.458817,21.510414,21.613518,21.510414,21.785027,21.733620,21.802162,21.802162,21.973259,22.075729,22.109856,22.280251,22.212143,22.161018,22.092789,22.229179,22.143959,22.229179,22.195107,22.109856,22.178062,22.178062,22.212143,22.092789,22.075729,22.314293,22.126915,22.058662,22.109856,22.178062,22.126915,22.143959,22.178062,22.109856,22.058662,22.058662,22.161018,22.195107,22.058662,22.212143,22.195107,22.348305,22.382309,22.331291,22.075729,22.229179,22.246208,22.399300,22.399300,22.382309,22.195107,22.297272,22.195107,22.399300,22.280251,22.092789,22.280251,22.280251,22.178062,22.178062,22.297272,22.246208,22.195107,22.229179,22.041588,22.348305,22.075729,21.990349,22.041588,22.246208,22.058662,22.007431,21.956161,21.904861,21.990349,22.092789,22.092789,22.178062,22.143959,22.143959,21.973259,22.109856,22.007431,22.263237,22.109856,22.126915,22.092789,21.990349,21.939064,21.819290,21.956161,21.921967,21.853539,21.733620,21.716469,21.527603,21.544792,21.579163,21.544792,21.544792,21.407181,21.510414,21.527603,21.424393,21.544792,21.424393,21.407181,21.596336,21.527603,21.510414,21.407181,21.372734,21.407181,21.286568,21.269310,21.217552,21.234810,21.269310,21.217552,21.234810,21.252068,21.252068,21.321045,21.252068,21.165756,21.372734,21.131203,21.321045,21.113914,21.113914,20.992851,21.062057,20.958221,20.802200,20.958221,20.975533,20.802200,20.732758,20.836899,20.871582,20.715385,20.489220,20.715385,20.593697,20.489220,20.663254,20.576286,20.663254,20.576286,20.332268,20.489220,20.489220,20.506645,20.402061,20.419502,20.524055,20.349724,20.384621,20.279877,20.122513,20.122513,19.912178,19.877083,19.841957,19.701309,19.736496,19.595665,19.701309,19.613289,19.525154,19.507530,19.630898,19.454590,19.666115,19.736496,19.595665,19.648506,19.542793,19.613289,19.419281,19.366287,19.489883,19.401619,19.313263,19.419281,19.295586,19.330948,19.313263,19.224815,19.224815,19.100807,19.153984,18.905579,18.763298,18.442253,18.334953,18.048164,17.976311,17.670250,17.236252,16.800026,16.599342,16.178230,15.957695,15.662788,15.477974,15.144333,15.162895,15.107178,14.883965,14.995636,14.734833,14.790794,14.828064,14.939812,14.995636,14.939812,14.977043,14.958420,14.995636,15.051422,14.902580,15.070015,15.070015,15.107178,15.162895,15.107178,15.051422,14.995636,15.162895,15.051422,15.088600,14.883965,15.070015,15.144333,15.237137,15.032837,15.014244,15.107178,14.995636,15.051422,15.070015,14.995636,15.200020,14.939812,15.125755,15.070015,15.032837,14.958420,14.902580,14.921196,14.809425,14.958420,14.939812,14.977043,15.051422,14.977043,14.753487,14.846703,14.697517,14.828064,14.865326,14.995636,14.846703,14.846703,14.958420,14.828064,14.865326,14.921196,14.939812,14.883965,14.772133,14.772133,14.846703,14.790794,15.032837,14.958420,14.716171,14.921196,14.921196,14.883965,14.939812,14.921196,14.958420,14.939812,14.977043,14.939812,14.790794,14.939812,14.921196,15.051422,14.958420,14.939812,14.828064,14.883965,14.883965,14.753487,14.958420,14.883965,14.716171,14.977043,14.865326,14.846703,14.790794,14.939812,14.995636,15.014244,14.828064,14.790794,14.734833,14.902580,14.921196,14.921196,15.014244,14.772133,14.790794,14.846703,14.716171,14.921196,14.753487,14.883965,14.883965,14.883965,14.772133,14.772133,14.772133,14.902580,14.977043,14.977043,15.014244,14.958420,14.902580,15.014244,15.162895,15.181458,14.883965,14.883965,15.088600,14.958420,15.014244,14.790794,15.032837,14.977043,14.921196,15.070015,14.753487,15.032837,14.921196,14.772133,14.883965,14.641502,14.772133,14.473274,14.585457,14.566772,14.417122,14.566772,14.529381,14.529381,14.734833,14.660179,14.753487,14.566772,15.014244,14.977043,14.902580,15.181458,14.995636,14.939812,15.032837,15.088600,15.107178,14.660179,14.734833,15.032837,14.921196,14.697517,14.678848,14.641502,14.660179,14.753487,14.585457,14.641502,14.585457,14.697517,14.473274,14.548080,14.902580,14.678848,14.753487,14.846703,14.865326,14.846703,14.939812,15.051422,14.790794,14.772133,14.809425,14.697517,14.958420,14.697517,14.753487,14.939812,14.772133,14.846703,14.660179,14.958420,14.865326,14.678848,14.790794,14.753487,14.678848,14.660179,14.734833,14.753487,14.734833,14.716171,14.622826,14.753487,14.772133,14.772133,14.865326,14.828064,14.772133,14.883965,14.604141,14.716171,14.809425,14.790794,14.660179,14.585457,14.809425,14.828064,14.641502,14.772133,14.604141,14.585457,14.790794,14.772133,14.734833,14.716171,14.846703,14.622826,14.921196,14.641502,14.809425,14.828064,14.902580,14.548080,14.790794,15.032837,14.865326,14.772133,14.790794,14.678848,14.753487,14.548080,14.753487,14.734833,14.678848,14.566772,14.697517,14.716171,14.828064,14.716171,14.846703,14.902580,14.790794,14.678848,14.809425,14.678848,15.051422,14.753487,14.828064,14.790794,14.846703,14.958420,14.846703,14.995636,14.921196,15.070015,15.237137,15.162895,15.088600,15.200020,14.939812,14.958420,15.070015,14.977043,15.014244,14.790794,14.902580,15.051422,15.014244,14.995636,15.125755,
15.514977,15.477974,15.162895,15.181458,15.255684,15.422462,15.385422,15.051422,15.051422,15.274223,15.144333,15.218575,15.181458,15.162895,14.995636,14.883965,14.772133,15.088600,15.088600,15.329842,15.255684,15.385422,15.570435,16.031273,16.599342,17.000237,17.236252,17.688278,18.119965,18.620766,18.763298,19.136261,19.260208,19.789246,19.736496,20.017418,20.140007,20.244934,20.332268,20.349724,20.279877,20.367180,20.419502,20.227455,20.279877,20.454369,20.140007,20.332268,20.384621,20.314804,20.140007,20.314804,20.192490,20.489220,20.349724,20.349724,20.506645,20.558884,20.663254,20.802200,20.663254,20.732758,20.558884,20.680634,20.715385,20.663254,20.888908,20.732758,20.645866,20.888908,20.576286,20.645866,20.524055,20.750122,20.767487,20.732758,20.854233,20.767487,20.854233,20.940895,21.027458,20.958221,20.923576,21.200287,20.958221,21.183029,21.217552,21.372734,21.527603,21.647850,21.733620,21.579163,21.733620,21.682167,21.939064,21.836411,21.887764,21.887764,21.939064,21.921967,21.870644,22.058662,21.939064,22.041588,21.956161,22.109856,22.178062,22.109856,22.246208,22.143959,22.007431,21.921967,22.041588,21.870644,22.041588,22.041588,21.904861,21.939064,21.785027,21.836411,21.647850,21.733620,21.647850,21.785027,21.647850,21.699318,21.647850,21.699318,21.750755,21.733620,21.716469,21.596336,21.561981,21.596336,21.750755,21.458817,21.544792,21.355507,21.458817,21.544792,21.355507,21.372734,21.286568,21.493217,21.372734,21.338272,21.579163,21.802162,21.665016,21.887764,21.561981,21.733620,21.904861,21.973259,21.990349,22.092789,22.178062,22.109856,22.229179,22.246208,22.263237,22.161018,22.263237,22.280251,22.161018,22.314293,22.246208,22.178062,22.178062,22.365303,22.126915,22.109856,22.178062,22.178062,22.314293,22.041588,22.195107,22.075729,22.075729,22.109856,22.126915,22.041588,22.126915,22.075729,22.143959,22.365303,22.348305,22.280251,22.143959,22.314293,22.263237,22.331291,22.297272,22.348305,22.280251,22.314293,22.399300,22.246208,22.399300,22.297272,22.195107,22.280251,22.331291,22.229179,22.229179,22.314293,22.263237,22.092789,22.092789,22.212143,22.212143,22.143959,22.058662,22.246208,22.143959,22.075729,22.041588,21.921967,21.682167,22.280251,21.973259,21.939064,22.041588,21.921967,22.109856,22.263237,22.007431,21.990349,21.939064,21.973259,21.956161,22.007431,21.836411,21.887764,21.767891,21.836411,21.544792,21.750755,21.476021,21.613518,21.458817,21.561981,21.476021,21.510414,21.458817,21.510414,21.458817,21.441612,21.389961,21.716469,21.527603,21.579163,21.389961,21.441612,21.458817,21.217552,21.424393,21.234810,21.269310,21.079346,21.389961,21.286568,21.096642,21.131203,21.389961,21.303802,21.183029,21.476021,21.286568,21.096642,21.234810,21.131203,21.096642,21.131203,21.096642,21.148476,20.819542,20.871582,21.044754,20.628487,20.906242,20.698021,20.750122,20.698021,20.593697,20.593697,20.611084,20.558884,20.541473,20.628487,20.576286,20.541473,20.558884,20.576286,20.645866,20.367180,20.454369,20.558884,20.244934,20.593697,20.402061,20.122513,20.419502,20.157509,20.227455,20.034943,19.806816,19.912178,19.613289,19.754082,19.648506,19.683716,19.560417,19.578049,19.560417,19.613289,19.648506,19.489883,19.489883,19.489883,19.472237,19.489883,19.578049,19.507530,19.542793,19.419281,19.542793,19.348618,19.419281,19.383957,19.118538,19.313263,19.153984,19.100807,19.100807,19.118538,18.941109,18.727684,18.674240,18.334953,18.209602,17.904396,17.525826,17.525826,17.000237,16.963875,16.306610,15.920883,15.551949,15.366905,15.200020,15.200020,15.014244,15.051422,15.107178,14.790794,14.865326,14.958420,14.716171,14.921196,14.939812,15.255684,15.218575,15.051422,15.200020,14.883965,14.958420,14.977043,15.051422,15.070015,15.125755,14.939812,15.107178,15.144333,14.977043,14.921196,14.958420,15.070015,15.070015,15.014244,15.107178,15.125755,14.939812,14.977043,15.070015,15.032837,15.014244,14.958420,14.995636,14.958420,14.902580,14.995636,14.828064,14.790794,14.902580,14.828064,15.070015,14.865326,14.921196,15.051422,14.846703,14.977043,14.939812,14.809425,14.921196,14.902580,14.921196,14.902580,14.921196,14.939812,14.660179,15.144333,14.734833,14.865326,14.921196,14.902580,14.828064,15.162895,14.828064,14.772133,15.014244,14.846703,14.902580,15.070015,14.790794,14.902580,15.125755,14.734833,14.790794,14.846703,14.958420,14.865326,14.846703,14.939812,14.828064,14.958420,14.809425,14.772133,14.865326,14.828064,14.809425,14.790794,14.902580,15.014244,14.604141,14.921196,14.809425,14.995636,14.772133,14.828064,14.772133,14.734833,14.846703,14.809425,14.977043,14.958420,14.828064,14.939812,14.828064,14.846703,14.734833,14.902580,14.753487,14.995636,14.772133,14.809425,14.809425,14.902580,14.772133,14.772133,14.790794,14.958420,14.883965,14.902580,14.902580,15.032837,15.070015,14.753487,14.883965,14.977043,15.181458,14.958420,14.958420,14.977043,14.809425,15.070015,15.032837,14.902580,14.939812,14.828064,14.865326,14.883965,14.939812,14.790794,14.622826,14.753487,14.660179,14.491982,14.566772,14.360939,14.417122,14.566772,14.660179,14.491982,14.678848,14.790794,14.753487,14.958420,14.995636,14.828064,15.014244,14.958420,14.939812,14.958420,14.977043,15.070015,15.107178,15.051422,14.883965,14.753487,14.734833,14.753487,14.622826,14.622826,14.734833,14.548080,14.604141,14.753487,14.473274,14.678848,14.753487,14.716171,14.734833,14.753487,14.734833,14.716171,14.772133,14.678848,14.772133,14.716171,14.697517,14.809425,14.734833,14.902580,14.678848,14.902580,14.883965,14.753487,14.865326,14.753487,14.678848,14.828064,14.790794,14.828064,14.678848,14.846703,14.585457,14.846703,14.734833,14.828064,14.585457,14.716171,14.753487,14.772133,14.641502,14.734833,14.772133,14.716171,14.809425,14.790794,14.846703,14.716171,14.883965,14.641502,14.753487,14.790794,14.622826,14.846703,14.809425,14.902580,14.828064,14.753487,14.828064,14.790794,14.678848,14.641502,14.790794,14.790794,14.846703,14.641502,14.921196,14.697517,14.678848,14.753487,14.790794,14.678848,14.734833,14.828064,14.734833,14.585457,14.921196,14.734833,14.604141,14.828064,14.585457,14.790794,14.828064,14.772133,14.435844,14.828064,14.716171,14.753487,14.697517,14.604141,14.809425,14.772133,14.604141,14.939812,14.678848,14.977043,14.734833,14.958420,14.790794,15.051422,15.051422,14.958420,14.939812,15.107178,15.014244,14.734833,14.828064,15.070015,15.051422,14.809425,14.939812,14.809425,14.939812,14.902580,14.995636,15.348373,
15.755058,15.311302,15.218575,15.218575,15.200020,15.477974,15.385422,15.551949,15.237137,15.440964,15.422462,15.181458,15.200020,14.958420,14.995636,15.070015,15.088600,15.144333,15.070015,15.070015,15.422462,15.681252,15.755058,16.141510,16.526253,16.927490,17.417351,17.616119,17.940361,18.567253,18.727684,19.083084,19.277893,19.542793,19.841957,19.718910,19.999893,20.157509,20.157509,20.227455,20.419502,20.332268,20.244934,20.367180,20.209976,20.279877,20.384621,20.227455,20.157509,20.209976,20.262413,20.279877,20.262413,20.244934,20.279877,20.227455,20.244934,20.419502,20.715385,20.541473,20.489220,20.367180,20.628487,20.611084,20.645866,20.715385,20.767487,20.645866,20.593697,20.645866,20.645866,20.680634,20.836899,20.750122,20.784843,20.767487,20.715385,20.732758,20.819542,20.906242,21.044754,21.131203,21.113914,21.252068,21.424393,21.389961,21.303802,21.476021,21.579163,21.819290,21.510414,21.716469,21.682167,21.733620,21.733620,21.904861,21.750755,21.870644,21.887764,21.990349,22.092789,22.007431,22.075729,21.870644,21.904861,22.041588,21.904861,22.126915,22.041588,22.041588,22.195107,22.109856,21.956161,22.195107,22.058662,21.887764,22.024513,21.939064,21.802162,21.870644,21.682167,21.630684,21.819290,21.887764,21.716469,21.699318,21.682167,21.665016,21.853539,21.665016,21.613518,21.750755,21.699318,21.733620,21.527603,21.767891,21.510414,21.699318,21.647850,21.544792,21.424393,21.458817,21.476021,21.630684,21.424393,21.389961,21.441612,21.510414,21.733620,21.750755,21.767891,21.836411,21.887764,21.887764,22.024513,21.921967,22.007431,22.331291,22.297272,22.178062,22.143959,22.161018,22.297272,22.143959,22.450264,22.280251,22.297272,22.178062,22.348305,22.229179,22.212143,22.212143,22.229179,22.178062,22.331291,22.229179,22.024513,22.041588,22.041588,22.178062,21.990349,22.195107,22.195107,22.280251,22.382309,22.467247,22.178062,22.433289,22.314293,22.229179,22.246208,22.314293,22.212143,22.382309,22.092789,22.297272,22.433289,22.450264,22.365303,22.229179,22.229179,22.399300,22.297272,22.212143,22.229179,22.246208,22.365303,22.195107,22.229179,22.126915,22.007431,22.263237,22.126915,22.041588,22.075729,21.921967,22.280251,22.075729,21.887764,22.041588,21.956161,22.161018,21.819290,22.041588,22.041588,22.143959,22.195107,22.092789,22.007431,22.092789,21.973259,21.921967,21.921967,21.904861,21.887764,21.767891,21.802162,21.819290,21.527603,21.458817,21.389961,21.630684,21.579163,21.424393,21.544792,21.630684,21.476021,21.579163,21.303802,21.321045,21.510414,21.389961,21.458817,21.372734,21.269310,21.544792,21.338272,21.510414,21.200287,21.424393,21.269310,21.286568,21.286568,21.389961,21.321045,21.269310,21.424393,21.217552,21.286568,21.355507,21.372734,21.044754,21.217552,21.234810,20.992851,21.027458,21.096642,20.940895,20.923576,20.819542,20.732758,20.750122,20.750122,20.750122,20.680634,20.576286,20.645866,20.732758,20.628487,20.611084,20.611084,20.524055,20.611084,20.506645,20.576286,20.663254,20.576286,20.419502,20.367180,20.332268,20.314804,20.297348,20.244934,20.314804,20.367180,20.122513,19.982353,19.806816,19.666115,19.806816,19.877083,19.578049,19.630898,19.595665,19.736496,19.542793,19.489883,19.260208,19.507530,19.718910,19.560417,19.771667,19.613289,19.578049,19.525154,19.560417,19.630898,19.242508,19.313263,19.330948,19.507530,19.136261,19.224815,19.313263,19.136261,19.136261,18.887802,18.638596,18.656418,18.299164,18.155830,18.048164,17.706314,17.236252,17.145554,16.745338,16.507973,15.976097,15.791931,15.496475,15.107178,15.014244,15.162895,15.032837,14.939812,14.846703,14.753487,14.902580,14.977043,14.790794,14.902580,15.088600,14.939812,14.828064,14.995636,15.237137,14.902580,15.032837,14.958420,15.125755,15.107178,15.014244,15.107178,14.995636,15.014244,15.125755,14.995636,15.070015,15.051422,15.107178,14.977043,15.014244,15.051422,15.032837,15.125755,15.070015,15.051422,14.939812,14.846703,14.828064,14.995636,15.051422,14.883965,14.809425,14.921196,14.921196,14.678848,14.902580,15.200020,14.921196,14.939812,14.958420,15.014244,14.958420,14.865326,14.809425,14.958420,14.902580,14.902580,14.846703,14.939812,14.772133,14.921196,14.883965,14.902580,14.846703,14.809425,14.995636,14.846703,14.753487,14.697517,14.883965,14.865326,14.772133,14.846703,14.697517,14.902580,14.902580,14.939812,14.939812,14.921196,14.809425,14.883965,14.902580,14.828064,14.921196,14.809425,14.977043,14.902580,14.921196,14.734833,14.995636,14.828064,14.921196,14.865326,14.939812,14.772133,14.846703,14.958420,14.865326,14.939812,14.902580,14.846703,14.678848,14.977043,14.865326,14.921196,14.995636,14.958420,14.921196,14.958420,14.772133,14.902580,14.846703,14.809425,15.014244,14.846703,14.697517,14.883965,15.014244,14.921196,14.865326,14.902580,14.846703,14.995636,14.828064,15.014244,15.088600,14.828064,15.051422,14.846703,14.846703,14.678848,14.995636,14.846703,14.846703,15.088600,15.032837,14.772133,14.828064,14.902580,14.865326,14.790794,14.697517,14.809425,14.529381,14.772133,14.809425,14.491982,14.697517,14.660179,14.716171,14.660179,14.491982,14.548080,14.697517,14.716171,14.809425,14.921196,14.902580,15.032837,15.107178,14.921196,15.032837,14.902580,14.865326,14.828064,15.200020,14.995636,14.809425,14.790794,14.622826,14.697517,14.491982,14.510681,14.566772,14.660179,14.604141,14.491982,14.435844,14.529381,14.865326,14.585457,14.921196,14.753487,14.734833,14.902580,14.883965,14.865326,14.734833,14.790794,14.902580,14.716171,14.678848,14.734833,14.809425,14.846703,14.772133,14.734833,14.734833,14.678848,14.790794,14.566772,14.734833,14.809425,14.678848,14.734833,14.809425,14.753487,14.921196,14.828064,14.828064,14.697517,14.622826,14.772133,14.753487,14.660179,14.604141,14.809425,14.697517,14.678848,14.678848,14.473274,14.660179,14.454552,14.734833,14.772133,14.585457,14.585457,14.660179,14.604141,14.566772,14.790794,14.660179,14.604141,14.697517,14.883965,14.809425,14.678848,14.716171,14.473274,14.772133,14.716171,14.716171,14.678848,14.660179,14.641502,14.939812,14.734833,14.622826,14.753487,14.716171,14.772133,14.902580,14.604141,14.734833,14.716171,14.622826,14.939812,14.902580,14.809425,14.734833,14.697517,14.846703,14.716171,14.846703,14.697517,14.846703,14.939812,14.697517,14.995636,14.846703,14.790794,14.977043,14.921196,15.070015,15.032837,14.809425,14.958420,14.846703,15.032837,15.181458,14.883965,15.032837,14.660179,15.107178,15.070015,14.958420,15.181458,15.255684,
15.662788,15.625862,15.274223,15.255684,15.255684,15.348373,15.385422,15.311302,15.014244,15.292770,15.070015,15.218575,14.995636,15.107178,15.200020,14.977043,15.200020,15.032837,15.032837,15.125755,15.477974,15.422462,15.755058,16.123146,16.324928,16.800026,17.453522,17.706314,18.066116,18.388626,18.638596,19.153984,19.313263,19.595665,19.789246,20.069977,19.964821,20.069977,20.105003,20.297348,20.314804,20.349724,20.454369,20.227455,20.174995,20.262413,20.157509,20.402061,20.227455,20.157509,20.087494,20.192490,20.140007,20.122513,20.279877,20.279877,20.489220,20.384621,20.593697,20.767487,20.680634,20.715385,20.871582,20.715385,20.784843,20.750122,20.471802,20.715385,20.645866,20.628487,20.750122,20.767487,20.611084,20.680634,20.680634,20.836899,20.802200,20.750122,20.871582,20.923576,21.079346,21.044754,21.165756,21.234810,21.286568,21.527603,21.527603,21.372734,21.665016,21.785027,21.733620,21.785027,21.716469,22.024513,21.767891,22.041588,21.973259,22.024513,21.904861,21.802162,21.887764,21.956161,21.921967,22.161018,22.007431,22.109856,21.904861,21.973259,22.007431,22.143959,22.007431,22.007431,21.973259,22.126915,22.126915,22.041588,21.819290,22.212143,21.904861,21.853539,21.647850,21.904861,21.767891,21.887764,21.750755,21.870644,21.733620,21.853539,21.853539,21.750755,21.939064,21.904861,21.870644,21.699318,21.870644,21.767891,21.870644,21.716469,21.493217,21.579163,21.458817,21.596336,21.613518,21.510414,21.372734,21.527603,21.579163,21.665016,21.716469,21.819290,21.630684,21.887764,21.836411,22.041588,21.904861,22.143959,22.041588,22.263237,22.348305,22.263237,22.109856,22.075729,22.246208,22.280251,22.314293,22.433289,22.297272,22.450264,22.348305,22.314293,22.178062,22.365303,22.314293,22.314293,22.263237,22.143959,22.195107,22.195107,22.263237,21.939064,22.024513,22.348305,22.058662,22.075729,22.382309,22.348305,22.314293,22.280251,22.195107,22.314293,22.348305,22.229179,22.348305,22.263237,22.467247,22.212143,22.229179,22.331291,22.212143,22.263237,22.212143,22.263237,22.297272,22.348305,22.246208,22.126915,22.024513,22.178062,22.092789,22.024513,22.143959,22.007431,22.109856,21.904861,21.870644,22.007431,21.853539,21.956161,21.973259,22.075729,21.973259,22.007431,21.904861,22.024513,21.887764,22.041588,22.041588,22.143959,21.921967,21.990349,21.973259,21.802162,21.785027,21.887764,21.682167,21.733620,21.630684,21.476021,21.510414,21.407181,21.476021,21.527603,21.510414,21.699318,21.561981,21.441612,21.579163,21.338272,21.355507,21.303802,21.269310,21.321045,21.355507,21.338272,21.338272,21.321045,21.234810,21.148476,21.286568,21.131203,21.200287,21.389961,21.131203,21.389961,21.303802,21.372734,21.148476,21.096642,21.269310,21.165756,21.096642,21.079346,21.062057,21.096642,20.888908,21.044754,21.044754,20.680634,20.923576,20.836899,20.871582,20.767487,20.680634,20.836899,20.819542,20.698021,20.384621,20.541473,20.454369,20.628487,20.454369,20.698021,20.506645,20.489220,20.645866,20.506645,20.402061,20.593697,20.506645,20.314804,20.367180,20.227455,20.262413,20.174995,20.052460,20.140007,19.947273,19.859520,19.683716,19.560417,19.578049,19.630898,19.489883,19.578049,19.666115,19.595665,19.595665,19.578049,19.525154,19.630898,19.525154,19.578049,19.560417,19.489883,19.489883,19.578049,19.489883,19.436943,19.366287,19.242508,19.153984,19.118538,19.083084,19.260208,19.047615,18.994377,18.834473,18.834473,18.567253,18.495850,18.155830,17.814415,17.507759,17.417351,16.763573,16.690620,16.233269,16.086403,15.644325,15.385422,15.329842,15.014244,14.902580,14.883965,14.995636,14.846703,14.846703,15.107178,14.809425,14.790794,14.958420,14.977043,15.014244,15.032837,15.070015,15.014244,15.032837,14.902580,14.958420,14.995636,15.200020,14.921196,15.237137,15.200020,15.107178,14.921196,15.144333,14.921196,15.070015,15.088600,14.939812,15.162895,14.977043,15.051422,14.883965,14.939812,15.070015,15.014244,15.125755,14.977043,14.995636,14.828064,14.846703,14.939812,14.883965,14.883965,14.809425,14.958420,14.828064,14.958420,14.678848,14.865326,14.902580,14.809425,14.716171,14.772133,14.939812,14.697517,14.697517,14.828064,14.790794,14.846703,14.828064,14.734833,14.678848,14.865326,14.921196,14.772133,14.902580,14.734833,14.753487,14.772133,14.958420,14.753487,14.921196,14.828064,14.790794,14.902580,14.809425,14.846703,14.753487,14.809425,14.995636,14.921196,14.846703,14.939812,14.790794,14.809425,14.865326,14.865326,14.865326,14.865326,14.939812,15.014244,14.790794,14.753487,14.939812,14.772133,14.790794,14.846703,14.865326,14.883965,14.828064,14.921196,14.995636,14.902580,14.883965,14.809425,14.902580,14.753487,14.660179,14.772133,14.790794,14.697517,14.809425,14.753487,14.865326,14.902580,14.865326,14.958420,14.958420,14.939812,14.809425,14.809425,14.846703,14.939812,15.051422,14.939812,14.939812,15.144333,14.939812,15.070015,14.828064,15.051422,14.939812,14.902580,14.846703,15.107178,15.070015,15.014244,14.939812,14.865326,14.846703,14.809425,14.697517,14.604141,14.529381,14.548080,14.529381,14.473274,14.622826,14.529381,14.604141,14.641502,14.809425,14.529381,15.144333,15.125755,15.070015,15.032837,15.014244,15.014244,14.977043,15.014244,15.200020,15.088600,14.846703,14.995636,15.014244,14.660179,14.622826,14.678848,14.585457,14.883965,14.585457,14.323463,14.697517,14.716171,14.772133,14.734833,14.753487,14.902580,14.977043,14.809425,14.697517,14.753487,14.697517,14.790794,14.566772,14.828064,14.734833,14.772133,14.660179,14.678848,14.772133,14.604141,14.678848,14.902580,14.734833,14.772133,14.734833,14.622826,14.660179,14.790794,14.641502,14.902580,14.566772,14.660179,14.697517,14.697517,14.697517,14.772133,14.846703,14.828064,14.622826,14.828064,14.734833,14.641502,14.641502,14.697517,14.809425,14.772133,14.772133,14.809425,14.678848,14.660179,14.697517,14.678848,14.902580,14.548080,14.809425,14.716171,14.585457,14.697517,14.753487,14.883965,14.697517,14.772133,14.678848,14.753487,14.734833,14.716171,14.734833,14.753487,14.772133,14.716171,14.678848,14.697517,15.088600,14.828064,14.622826,14.995636,14.716171,14.995636,14.734833,14.734833,14.865326,14.697517,14.734833,14.660179,14.809425,14.753487,14.828064,14.697517,14.790794,14.678848,14.846703,14.697517,14.790794,15.051422,14.641502,15.051422,14.865326,14.902580,15.032837,14.846703,14.883965,15.014244,14.995636,14.995636,14.921196,14.939812,14.865326,14.939812,14.902580,14.790794,15.144333,14.958420,14.809425,15.237137,
15.403938,15.496475,15.255684,15.459480,15.218575,15.274223,15.329842,15.292770,15.274223,15.385422,14.995636,14.995636,15.237137,15.032837,15.088600,15.181458,15.200020,15.070015,14.995636,15.255684,15.200020,15.459480,15.625862,16.031273,16.489677,16.854668,17.308739,17.742363,17.904396,18.460121,18.816673,18.923340,19.189407,19.648506,19.613289,19.859520,20.052460,20.034943,19.947273,20.140007,20.034943,20.262413,20.017418,20.297348,20.227455,20.314804,20.262413,20.174995,20.209976,20.157509,20.087494,20.157509,20.052460,20.279877,20.157509,20.297348,20.174995,20.436943,20.367180,20.611084,20.645866,20.680634,20.923576,20.732758,20.715385,20.593697,20.680634,20.593697,20.680634,20.593697,20.611084,20.767487,20.750122,20.750122,20.698021,20.784843,20.836899,20.750122,20.940895,21.131203,21.131203,21.010155,21.269310,21.355507,21.476021,21.338272,21.407181,21.647850,21.579163,21.819290,21.682167,21.836411,21.733620,21.870644,21.956161,21.973259,22.024513,22.109856,21.921967,21.956161,21.990349,22.092789,22.161018,22.041588,22.109856,22.058662,22.058662,22.143959,22.229179,22.109856,22.041588,22.229179,22.024513,22.058662,21.921967,22.024513,22.092789,22.092789,22.007431,21.921967,22.024513,21.973259,21.836411,21.990349,21.699318,21.785027,22.007431,22.161018,22.041588,21.853539,21.870644,21.904861,21.956161,21.887764,21.785027,21.921967,21.870644,21.853539,21.699318,21.699318,21.630684,21.596336,21.785027,21.716469,21.493217,21.682167,21.716469,21.665016,21.836411,21.750755,21.870644,21.990349,21.990349,22.075729,22.109856,22.331291,22.314293,22.297272,22.399300,22.348305,22.246208,22.195107,22.348305,22.348305,22.382309,22.433289,22.161018,22.382309,22.314293,22.246208,22.348305,22.280251,22.246208,22.178062,22.365303,22.450264,22.229179,22.161018,22.229179,22.280251,22.229179,22.314293,22.161018,22.126915,22.195107,22.484222,22.348305,22.263237,22.280251,22.382309,22.126915,22.246208,22.229179,22.348305,22.365303,22.263237,22.399300,22.263237,22.382309,22.195107,22.280251,22.075729,22.297272,22.161018,22.195107,22.246208,22.178062,22.092789,22.007431,22.178062,21.819290,22.109856,22.007431,22.007431,22.195107,21.921967,22.126915,21.973259,21.853539,21.904861,21.973259,21.939064,22.024513,22.024513,21.990349,21.939064,22.075729,22.143959,22.024513,21.904861,21.990349,21.973259,21.939064,21.887764,21.819290,21.939064,21.802162,21.527603,21.647850,21.493217,21.561981,21.303802,21.355507,21.510414,21.303802,21.510414,21.561981,21.389961,21.458817,21.338272,21.355507,21.286568,21.476021,21.321045,21.252068,21.476021,21.424393,21.458817,21.165756,21.389961,21.269310,21.269310,21.252068,21.303802,21.372734,21.389961,21.303802,21.321045,21.286568,21.165756,21.303802,21.148476,21.217552,21.113914,21.062057,21.148476,21.010155,20.940895,20.958221,20.784843,20.611084,20.698021,20.767487,20.732758,20.628487,20.524055,20.698021,20.628487,20.524055,20.593697,20.541473,20.715385,20.715385,20.419502,20.680634,20.489220,20.471802,20.297348,20.489220,20.471802,20.227455,20.140007,20.489220,20.384621,20.105003,20.105003,19.912178,19.982353,19.841957,19.877083,19.648506,19.525154,19.718910,19.454590,19.595665,19.489883,19.525154,19.771667,19.648506,19.507530,19.560417,19.472237,19.683716,19.542793,19.472237,19.383957,19.401619,19.348618,19.153984,19.189407,19.313263,19.136261,19.136261,19.153984,19.207108,18.905579,18.923340,18.745483,18.549400,18.442253,18.281258,18.012245,17.525826,17.381157,17.054764,16.635872,16.416496,15.976097,15.607391,15.440964,15.329842,15.125755,14.939812,15.032837,14.958420,14.809425,14.846703,14.977043,14.753487,15.088600,15.032837,14.809425,15.088600,15.144333,15.088600,15.051422,15.051422,15.088600,15.107178,15.181458,15.125755,15.125755,15.144333,15.181458,15.032837,15.200020,15.051422,14.902580,15.051422,14.958420,14.958420,14.939812,15.051422,14.995636,15.032837,14.939812,15.070015,14.772133,14.977043,14.958420,15.014244,15.088600,14.865326,14.995636,14.995636,14.921196,14.939812,14.883965,14.902580,14.921196,14.902580,14.865326,14.846703,14.902580,14.958420,14.734833,14.772133,15.051422,14.883965,14.902580,14.734833,14.995636,14.939812,14.678848,14.809425,15.014244,14.809425,14.883965,15.107178,14.958420,14.846703,15.032837,14.902580,14.921196,14.883965,14.977043,14.846703,14.828064,14.772133,14.753487,14.828064,14.846703,14.846703,14.921196,14.828064,14.883965,14.828064,14.921196,14.846703,14.977043,14.958420,14.865326,14.883965,14.921196,14.772133,14.865326,14.958420,14.846703,14.921196,14.958420,14.846703,14.902580,14.939812,14.865326,14.753487,14.902580,14.716171,14.846703,14.828064,14.734833,14.995636,14.790794,14.790794,14.865326,14.772133,14.902580,14.902580,14.921196,14.846703,14.883965,14.865326,14.958420,14.883965,14.977043,14.939812,14.921196,15.014244,14.865326,14.921196,15.032837,15.032837,14.902580,14.921196,14.902580,14.828064,15.088600,14.921196,14.865326,14.846703,14.809425,14.846703,14.902580,14.734833,14.716171,14.678848,14.865326,14.285973,14.641502,14.510681,14.716171,14.548080,14.491982,14.360939,14.716171,14.678848,14.809425,14.678848,14.678848,14.865326,14.958420,14.977043,15.088600,15.070015,15.088600,15.237137,14.883965,14.958420,14.883965,15.051422,14.883965,14.772133,14.622826,14.697517,14.660179,14.772133,14.510681,14.548080,14.641502,14.734833,14.716171,14.734833,14.641502,14.641502,14.883965,14.790794,14.454552,14.883965,14.846703,14.846703,14.902580,14.641502,14.678848,14.622826,14.641502,14.697517,14.902580,14.772133,14.809425,14.883965,14.883965,14.846703,14.697517,14.604141,14.566772,14.660179,14.734833,14.772133,14.697517,14.678848,14.660179,14.678848,14.604141,14.716171,14.660179,14.678848,14.734833,14.678848,14.790794,14.828064,14.753487,14.846703,14.734833,14.585457,14.902580,14.585457,14.697517,14.772133,14.939812,14.772133,14.716171,14.790794,14.697517,14.566772,14.697517,14.902580,14.716171,14.622826,14.846703,14.641502,14.828064,14.678848,14.753487,14.753487,14.902580,14.697517,14.753487,14.697517,14.809425,14.958420,14.902580,14.790794,14.660179,14.772133,14.398399,14.902580,14.734833,14.716171,14.716171,14.622826,14.678848,14.772133,14.790794,14.753487,14.716171,14.939812,14.995636,14.734833,14.753487,14.716171,15.107178,15.070015,14.772133,14.865326,15.070015,14.734833,14.883965,14.753487,14.902580,14.790794,14.865326,14.697517,15.070015,14.846703,14.921196,15.125755,15.014244,14.939812,14.958420,15.088600,15.348373,
15.718163,15.477974,15.292770,15.181458,15.162895,15.385422,15.311302,15.477974,15.311302,15.218575,15.014244,15.162895,15.088600,15.051422,15.032837,15.144333,15.144333,15.051422,15.144333,15.311302,15.403938,15.625862,15.847229,16.141510,16.434807,16.800026,17.507759,17.543900,18.137894,18.388626,18.602928,19.012123,19.295586,19.542793,19.683716,19.947273,20.069977,20.209976,20.244934,20.209976,20.227455,20.227455,20.262413,20.332268,20.192490,20.419502,20.227455,20.279877,20.192490,20.227455,20.122513,20.034943,20.140007,20.244934,20.262413,20.402061,20.297348,20.297348,20.576286,20.611084,20.732758,20.698021,20.715385,20.611084,20.645866,20.819542,20.732758,20.506645,20.802200,20.715385,20.628487,20.680634,20.680634,20.836899,20.888908,20.750122,20.819542,20.767487,21.027458,21.062057,21.148476,20.992851,21.338272,21.389961,21.476021,21.458817,21.613518,21.802162,21.699318,21.733620,21.870644,21.973259,22.058662,22.109856,21.887764,22.024513,22.126915,21.836411,21.904861,21.990349,21.956161,22.075729,22.024513,21.990349,22.161018,22.092789,22.280251,22.263237,21.973259,22.007431,22.058662,21.939064,22.041588,22.263237,22.143959,22.143959,22.161018,22.280251,22.007431,22.229179,22.024513,22.143959,22.041588,21.819290,21.836411,22.092789,21.973259,22.109856,22.092789,21.904861,21.939064,21.956161,21.785027,21.853539,21.887764,22.024513,21.802162,21.853539,21.819290,21.904861,21.750755,21.682167,21.665016,21.579163,21.544792,21.785027,21.750755,21.819290,21.699318,21.716469,21.973259,21.939064,22.143959,22.075729,22.297272,22.161018,22.263237,22.331291,22.297272,22.161018,22.314293,22.212143,22.348305,22.314293,22.416298,22.416298,22.280251,22.297272,22.535133,22.382309,22.331291,22.382309,22.280251,22.399300,22.212143,22.195107,22.280251,22.348305,22.280251,22.263237,22.331291,22.263237,22.007431,22.246208,22.297272,22.314293,22.484222,22.212143,22.365303,22.331291,22.297272,22.314293,22.365303,22.314293,22.484222,22.484222,22.314293,22.382309,22.246208,22.229179,22.229179,22.263237,22.143959,22.229179,22.195107,22.263237,22.212143,22.007431,21.887764,21.990349,21.973259,21.956161,21.939064,22.007431,21.785027,21.853539,21.870644,21.887764,22.041588,21.870644,22.075729,21.939064,21.819290,22.024513,21.921967,21.956161,21.956161,21.870644,21.921967,21.836411,21.870644,21.853539,21.699318,21.836411,21.767891,21.527603,21.613518,21.647850,21.561981,21.372734,21.527603,21.476021,21.476021,21.630684,21.269310,21.321045,21.321045,21.424393,21.252068,21.372734,21.389961,21.389961,21.441612,21.269310,21.441612,21.183029,21.234810,21.113914,21.079346,21.321045,21.372734,21.252068,21.458817,21.113914,21.217552,21.303802,21.321045,21.286568,21.044754,21.165756,21.234810,21.165756,21.113914,21.027458,21.113914,20.923576,20.958221,20.819542,20.888908,20.958221,20.784843,20.732758,20.750122,20.750122,20.593697,20.663254,20.732758,20.593697,20.558884,20.576286,20.541473,20.680634,20.645866,20.454369,20.628487,20.506645,20.593697,20.593697,20.454369,20.367180,20.402061,20.384621,20.017418,20.174995,19.929733,19.964821,19.982353,19.736496,19.718910,19.525154,19.736496,19.489883,19.542793,19.613289,19.718910,19.595665,19.666115,19.560417,19.666115,19.454590,19.419281,19.507530,19.542793,19.330948,19.489883,19.189407,19.578049,19.401619,19.242508,19.436943,19.277893,19.277893,19.100807,19.153984,19.207108,19.100807,18.941109,18.887802,18.567253,18.442253,18.066116,17.832420,17.561958,17.417351,17.054764,16.654121,16.343254,15.957695,15.699715,15.459480,15.366905,15.014244,15.051422,14.828064,14.809425,14.846703,14.809425,14.902580,14.958420,14.977043,14.939812,15.051422,15.107178,15.181458,15.070015,14.921196,15.014244,15.107178,15.237137,15.088600,14.902580,15.218575,14.977043,15.088600,15.125755,15.329842,15.032837,15.088600,14.977043,15.014244,15.088600,15.125755,15.088600,15.144333,14.977043,15.032837,14.883965,15.162895,15.144333,14.958420,14.883965,14.902580,14.846703,14.939812,14.809425,14.958420,14.977043,15.014244,15.274223,15.051422,14.865326,14.921196,14.753487,14.939812,14.790794,14.939812,14.883965,14.939812,14.939812,14.883965,14.902580,14.790794,15.051422,14.753487,14.772133,15.144333,14.902580,14.902580,15.070015,14.902580,14.865326,15.125755,15.014244,15.070015,14.828064,14.790794,14.958420,14.958420,14.846703,14.865326,15.014244,14.902580,14.678848,14.846703,14.734833,14.846703,14.734833,15.051422,14.772133,14.790794,14.939812,14.921196,14.678848,14.772133,14.790794,14.828064,15.051422,14.772133,14.790794,14.865326,14.883965,14.865326,14.790794,14.846703,14.995636,14.902580,14.622826,14.734833,14.921196,14.790794,14.902580,14.809425,14.678848,14.865326,14.902580,14.753487,14.828064,14.883965,14.846703,14.902580,14.883965,14.865326,14.977043,15.051422,14.846703,14.846703,14.977043,15.181458,14.865326,15.181458,15.051422,14.716171,14.716171,14.958420,14.883965,14.883965,14.790794,14.977043,14.790794,14.939812,14.883965,14.883965,14.772133,14.846703,14.716171,14.678848,14.622826,14.566772,14.734833,14.510681,14.510681,14.435844,14.566772,14.585457,14.417122,14.753487,14.902580,14.958420,15.014244,15.032837,15.292770,15.125755,15.014244,15.088600,15.051422,14.958420,14.846703,14.883965,14.921196,14.828064,14.809425,14.734833,14.865326,14.734833,14.622826,14.641502,14.697517,14.716171,14.585457,14.753487,14.417122,14.641502,14.772133,14.734833,14.902580,14.902580,14.865326,14.958420,14.902580,14.828064,14.846703,14.883965,14.660179,14.828064,14.772133,14.865326,14.622826,14.585457,14.846703,14.734833,14.622826,14.883965,14.566772,14.585457,14.529381,14.641502,14.828064,14.678848,14.790794,14.846703,14.716171,14.716171,14.846703,14.753487,14.678848,14.772133,14.678848,14.809425,14.604141,14.716171,14.473274,14.697517,14.846703,14.828064,14.641502,14.734833,14.865326,14.753487,14.566772,14.790794,14.622826,14.622826,14.734833,14.678848,14.772133,14.548080,14.660179,14.753487,14.753487,14.865326,14.660179,14.660179,14.753487,14.753487,14.809425,14.716171,14.678848,14.753487,14.753487,14.958420,14.660179,14.790794,14.566772,14.604141,14.660179,14.641502,14.809425,14.753487,14.865326,14.678848,14.790794,14.921196,14.809425,14.809425,14.753487,14.809425,14.939812,14.809425,14.865326,14.939812,14.883965,14.809425,14.939812,14.828064,14.883965,14.753487,15.088600,14.865326,14.697517,14.828064,14.977043,14.939812,14.865326,15.107178,14.883965,15.051422,14.995636,14.939812,14.865326,15.125755,
15.588913,15.237137,15.274223,15.329842,15.329842,15.107178,15.255684,15.237137,15.144333,15.274223,15.237137,15.292770,14.865326,15.051422,15.032837,15.200020,15.051422,15.144333,15.070015,15.181458,15.218575,15.477974,15.847229,16.214928,16.544525,16.836464,17.272507,17.471611,17.976311,18.495850,18.745483,18.870033,19.295586,19.419281,19.701309,19.824394,19.859520,20.157509,20.140007,20.227455,20.052460,20.087494,20.157509,20.279877,20.367180,20.297348,20.227455,20.157509,20.314804,20.279877,19.999893,20.227455,20.314804,20.262413,20.052460,20.192490,20.157509,20.297348,20.227455,20.524055,20.402061,20.471802,20.384621,20.715385,20.611084,20.541473,20.558884,20.454369,20.541473,20.576286,20.715385,20.784843,20.663254,20.698021,20.715385,20.750122,20.975533,21.044754,20.906242,21.165756,21.113914,21.286568,21.338272,21.424393,21.510414,21.716469,21.682167,21.596336,21.630684,21.921967,21.802162,21.870644,21.836411,21.973259,21.956161,21.973259,22.126915,22.075729,22.109856,22.041588,22.229179,22.058662,21.956161,21.990349,22.092789,22.024513,22.109856,22.143959,22.058662,22.058662,22.280251,21.990349,22.075729,22.126915,22.314293,22.058662,22.161018,22.092789,22.075729,22.058662,22.178062,22.143959,22.143959,22.109856,22.178062,22.041588,21.904861,22.126915,22.161018,21.921967,21.990349,21.990349,21.870644,21.887764,21.870644,22.075729,22.075729,21.921967,21.990349,21.990349,21.887764,21.733620,21.699318,21.819290,21.767891,21.785027,21.853539,21.682167,22.007431,22.007431,21.819290,22.143959,22.143959,22.126915,22.195107,22.399300,22.382309,22.416298,22.382309,22.450264,22.450264,22.450264,22.263237,22.552086,22.416298,22.416298,22.212143,22.263237,22.501198,22.365303,22.297272,22.348305,22.467247,22.399300,22.365303,22.297272,22.297272,22.297272,22.416298,22.348305,22.348305,22.416298,22.178062,22.178062,22.484222,22.382309,22.212143,22.569054,22.433289,22.280251,22.365303,22.365303,22.331291,22.382309,22.331291,22.450264,22.348305,22.263237,22.246208,22.348305,22.041588,22.263237,22.212143,22.246208,22.314293,22.263237,21.973259,22.195107,22.109856,21.887764,22.024513,22.041588,21.990349,21.887764,21.819290,21.716469,21.767891,21.956161,21.716469,21.887764,21.853539,21.836411,21.887764,21.853539,21.836411,21.921967,21.819290,21.887764,21.870644,21.887764,21.853539,21.887764,21.853539,21.870644,21.750755,21.716469,21.630684,21.836411,21.355507,21.544792,21.733620,21.355507,21.665016,21.407181,21.303802,21.389961,21.493217,21.355507,21.303802,21.355507,21.372734,21.441612,21.372734,21.286568,21.372734,21.321045,21.252068,21.338272,21.200287,21.321045,21.286568,21.321045,21.252068,21.252068,21.303802,21.269310,21.234810,21.165756,21.200287,21.424393,21.252068,21.148476,21.148476,21.079346,21.131203,20.992851,21.131203,20.992851,20.906242,21.131203,20.888908,20.802200,20.715385,20.663254,20.663254,20.628487,20.454369,20.524055,20.541473,20.628487,20.489220,20.524055,20.576286,20.628487,20.611084,20.645866,20.471802,20.454369,20.297348,20.140007,20.262413,20.279877,20.209976,20.209976,20.105003,20.034943,19.894638,19.701309,19.630898,19.595665,19.595665,19.718910,19.613289,19.489883,19.454590,19.366287,19.507530,19.666115,19.648506,19.542793,19.666115,19.525154,19.560417,19.489883,19.383957,19.313263,19.542793,19.454590,19.366287,19.383957,19.330948,19.224815,19.224815,19.242508,19.171692,18.976631,18.976631,18.727684,18.620766,18.370735,18.155830,17.814415,17.598068,17.381157,17.163704,16.581078,16.324928,16.104774,15.607391,15.403938,15.144333,15.125755,14.846703,14.809425,14.790794,14.865326,14.790794,15.014244,14.921196,14.958420,14.995636,14.902580,14.902580,14.939812,14.865326,15.181458,15.088600,15.088600,15.125755,15.125755,15.107178,15.125755,15.051422,15.032837,15.014244,15.144333,14.995636,14.958420,14.921196,15.125755,14.958420,15.255684,15.144333,15.181458,14.995636,15.014244,14.958420,15.051422,14.921196,15.144333,15.051422,15.070015,14.902580,14.995636,14.958420,15.032837,14.865326,14.902580,14.902580,14.995636,14.883965,14.772133,14.865326,15.014244,14.790794,14.809425,14.734833,14.921196,14.641502,14.883965,14.790794,14.883965,14.995636,14.753487,14.678848,14.958420,14.939812,14.697517,15.070015,14.772133,14.753487,14.716171,14.902580,14.865326,14.958420,14.902580,14.977043,14.977043,14.734833,14.995636,14.828064,14.846703,14.809425,14.734833,14.995636,14.846703,14.753487,14.772133,14.548080,14.902580,14.883965,14.734833,14.883965,14.772133,14.846703,14.734833,14.883965,14.772133,14.846703,14.772133,14.883965,14.716171,14.846703,14.883965,14.790794,14.977043,14.902580,14.958420,15.051422,14.865326,14.939812,14.828064,14.902580,14.977043,14.809425,14.865326,14.790794,14.772133,14.958420,14.995636,14.921196,15.014244,15.014244,14.865326,14.977043,14.902580,14.939812,15.032837,15.070015,15.107178,15.014244,14.995636,15.032837,15.070015,14.958420,14.846703,14.865326,15.051422,14.883965,15.144333,14.883965,14.809425,14.883965,14.883965,14.585457,14.641502,14.734833,14.585457,14.454552,14.267220,14.585457,14.790794,14.641502,14.379669,14.529381,14.790794,14.846703,14.958420,15.032837,15.088600,15.181458,14.977043,14.995636,14.995636,15.032837,14.977043,14.883965,14.921196,14.716171,14.846703,14.660179,14.585457,14.697517,14.716171,14.772133,14.510681,14.846703,14.809425,14.622826,14.529381,14.622826,14.491982,14.660179,14.753487,14.828064,14.510681,14.846703,14.790794,14.846703,14.846703,14.809425,14.790794,14.772133,14.734833,14.678848,14.660179,14.622826,14.753487,14.697517,14.734833,14.697517,14.828064,14.678848,14.846703,14.734833,14.566772,14.753487,14.697517,14.734833,14.753487,14.734833,14.846703,14.753487,14.753487,14.809425,14.734833,14.641502,14.641502,14.734833,14.809425,14.604141,14.790794,14.809425,14.772133,14.716171,14.753487,14.716171,14.548080,14.753487,14.716171,14.660179,14.828064,14.585457,14.790794,14.809425,14.734833,14.641502,14.753487,14.622826,14.883965,14.678848,14.902580,14.753487,14.995636,14.529381,14.790794,14.790794,14.772133,14.622826,14.846703,14.809425,14.921196,14.697517,14.753487,14.828064,14.883965,14.846703,14.697517,14.828064,14.772133,14.790794,14.846703,14.939812,14.902580,14.828064,14.809425,14.809425,15.051422,14.921196,14.716171,14.716171,14.678848,15.107178,14.902580,14.902580,14.921196,15.032837,14.883965,14.902580,14.883965,14.939812,15.014244,14.958420,15.014244,14.958420,14.977043,15.070015,14.828064,15.070015,15.125755,
15.459480,15.459480,15.144333,15.200020,15.348373,15.311302,15.366905,15.311302,15.311302,15.311302,15.107178,15.237137,14.977043,15.032837,14.883965,15.162895,15.144333,15.385422,15.088600,15.403938,15.477974,15.681252,15.699715,15.810371,16.453102,16.872887,17.091087,17.742363,17.940361,18.227524,18.781090,19.065346,19.242508,19.507530,19.630898,19.841957,20.069977,20.140007,20.087494,20.017418,20.140007,20.157509,20.297348,20.297348,20.034943,20.052460,20.034943,20.279877,20.402061,20.105003,20.174995,19.964821,20.034943,20.122513,20.122513,20.140007,20.227455,20.419502,20.506645,20.419502,20.663254,20.436943,20.593697,20.836899,20.854233,20.975533,20.541473,20.558884,20.663254,20.663254,20.576286,20.663254,20.732758,21.044754,20.715385,20.906242,21.217552,21.148476,21.113914,21.286568,21.165756,21.372734,21.544792,21.630684,21.630684,21.716469,21.665016,21.802162,21.939064,21.802162,21.887764,22.007431,21.973259,21.990349,21.921967,21.973259,21.870644,22.041588,22.109856,22.109856,22.109856,22.143959,22.024513,22.109856,22.161018,22.161018,22.126915,22.280251,22.212143,22.143959,22.007431,22.229179,22.229179,22.297272,22.126915,22.195107,22.195107,22.109856,22.178062,22.280251,22.126915,22.178062,22.263237,22.178062,22.229179,21.990349,22.007431,22.075729,22.126915,22.058662,22.024513,22.126915,22.024513,22.075729,21.887764,22.007431,22.058662,21.785027,22.024513,21.956161,21.836411,21.939064,21.921967,21.939064,21.785027,21.819290,21.990349,21.939064,21.973259,22.024513,22.007431,22.109856,21.990349,22.297272,22.263237,22.331291,22.365303,22.586006,22.399300,22.586006,22.552086,22.314293,22.433289,22.467247,22.416298,22.416298,22.280251,22.348305,22.433289,22.399300,22.602951,22.416298,22.501198,22.314293,22.399300,22.467247,22.399300,22.263237,22.467247,22.365303,22.382309,22.331291,22.348305,22.246208,22.433289,22.161018,22.467247,22.263237,22.467247,22.602951,22.399300,22.416298,22.246208,22.416298,22.331291,22.433289,22.365303,22.348305,22.263237,22.484222,22.161018,22.212143,22.212143,22.178062,22.126915,22.024513,22.007431,22.229179,21.904861,21.990349,22.024513,21.802162,21.750755,21.836411,21.785027,21.733620,21.836411,21.887764,21.767891,21.939064,21.802162,21.819290,21.921967,21.819290,21.990349,21.887764,21.887764,22.024513,21.956161,21.682167,21.699318,21.785027,21.887764,21.699318,21.699318,21.716469,21.647850,21.699318,21.561981,21.424393,21.458817,21.476021,21.407181,21.458817,21.441612,21.407181,21.389961,21.355507,21.321045,21.286568,21.389961,21.441612,21.424393,21.269310,21.286568,21.165756,21.234810,21.338272,21.165756,21.113914,21.269310,21.321045,21.234810,21.234810,21.286568,21.217552,21.183029,21.424393,21.234810,21.234810,21.148476,21.165756,21.303802,21.044754,21.217552,21.062057,20.940895,21.131203,20.940895,20.784843,20.940895,20.906242,20.680634,20.732758,20.698021,20.680634,20.819542,20.611084,20.645866,20.524055,20.419502,20.593697,20.593697,20.436943,20.506645,20.332268,20.419502,20.349724,20.471802,20.489220,20.174995,20.332268,20.140007,20.140007,19.947273,19.912178,19.877083,19.789246,19.841957,19.613289,19.630898,19.401619,19.472237,19.560417,19.436943,19.560417,19.507530,19.454590,19.595665,19.560417,19.419281,19.542793,19.454590,19.525154,19.560417,19.313263,19.419281,19.366287,19.207108,19.295586,19.171692,19.260208,19.171692,19.153984,19.118538,19.100807,18.905579,18.763298,18.513702,18.513702,18.191681,17.922386,17.706314,17.453522,17.091087,16.672379,16.269951,15.902481,15.810371,15.662788,15.181458,15.181458,15.070015,15.032837,14.772133,15.144333,14.809425,15.014244,15.051422,14.883965,14.865326,15.070015,15.014244,15.144333,14.995636,14.902580,14.883965,15.162895,15.181458,15.014244,15.162895,15.088600,15.181458,14.977043,14.995636,14.995636,15.125755,14.977043,15.088600,15.181458,15.070015,15.125755,14.977043,15.051422,15.032837,14.958420,14.977043,15.125755,15.162895,14.995636,14.902580,14.660179,14.958420,14.939812,14.958420,15.014244,14.772133,14.939812,14.828064,14.977043,14.790794,14.772133,14.772133,14.846703,14.921196,14.772133,14.902580,15.014244,14.809425,14.939812,14.865326,14.977043,14.846703,14.772133,14.753487,14.921196,14.958420,14.678848,14.790794,14.753487,14.977043,14.865326,14.939812,14.883965,14.846703,14.883965,14.958420,15.051422,14.846703,14.883965,15.032837,14.883965,14.734833,14.883965,14.865326,14.772133,14.753487,14.939812,14.753487,14.697517,14.846703,14.585457,14.865326,14.883965,14.809425,14.958420,14.753487,14.846703,14.865326,14.977043,14.828064,14.790794,14.753487,14.790794,14.902580,14.828064,14.753487,14.790794,14.921196,14.883965,14.660179,14.921196,14.772133,14.828064,14.977043,14.939812,14.846703,14.958420,14.865326,14.753487,14.995636,14.846703,14.846703,14.846703,15.125755,14.977043,14.921196,14.921196,15.032837,14.921196,14.939812,14.995636,14.958420,14.995636,14.977043,14.995636,14.883965,14.995636,14.883965,14.809425,14.734833,15.181458,14.865326,14.902580,14.678848,14.809425,14.734833,14.435844,14.510681,14.585457,14.398399,14.604141,14.491982,14.379669,14.660179,14.772133,14.678848,15.051422,15.014244,15.107178,15.051422,15.144333,15.200020,15.051422,14.977043,14.977043,14.939812,14.865326,14.902580,14.921196,14.809425,14.846703,14.828064,14.660179,14.772133,14.753487,14.734833,14.641502,14.828064,14.585457,14.772133,14.660179,14.753487,14.828064,14.921196,14.790794,14.846703,14.809425,15.014244,14.865326,14.790794,14.734833,14.660179,14.772133,14.604141,14.865326,14.716171,14.809425,14.734833,14.790794,14.604141,14.529381,14.716171,14.753487,14.753487,14.790794,14.491982,14.697517,14.865326,14.585457,14.678848,14.809425,14.641502,14.585457,14.772133,14.678848,14.828064,14.809425,14.734833,14.678848,14.566772,14.846703,14.734833,14.753487,14.977043,14.697517,14.865326,14.828064,14.566772,14.604141,14.809425,14.697517,14.697517,14.716171,14.660179,14.622826,14.772133,14.772133,14.660179,14.697517,14.939812,14.921196,14.883965,14.678848,14.678848,14.660179,14.678848,14.809425,14.660179,14.790794,15.088600,14.753487,14.660179,14.641502,14.753487,14.828064,14.846703,14.734833,14.585457,14.790794,14.790794,14.921196,14.828064,14.939812,14.772133,14.846703,14.716171,14.809425,15.125755,14.846703,14.883965,15.014244,14.977043,14.958420,14.939812,14.921196,14.921196,14.846703,14.772133,14.828064,15.014244,14.716171,14.977043,14.921196,14.772133,14.977043,14.883965,14.939812,15.162895,15.125755,
15.718163,15.496475,15.218575,15.366905,15.237137,15.311302,15.125755,15.385422,15.385422,15.088600,15.162895,15.070015,15.014244,15.088600,15.014244,15.237137,14.921196,15.051422,15.181458,15.181458,15.181458,15.385422,15.662788,16.031273,16.361572,16.854668,17.181839,17.706314,18.048164,18.495850,18.745483,19.065346,19.083084,19.489883,19.578049,19.824394,19.912178,20.192490,20.174995,20.087494,20.140007,19.999893,20.192490,20.140007,20.279877,20.069977,20.034943,20.174995,20.069977,20.157509,20.140007,20.244934,20.140007,20.279877,20.332268,20.122513,20.122513,20.593697,20.524055,20.367180,20.506645,20.645866,20.750122,20.558884,20.698021,20.750122,20.471802,20.663254,20.698021,20.628487,20.698021,20.663254,20.784843,20.854233,20.906242,21.010155,20.958221,21.183029,21.131203,20.975533,21.252068,21.321045,21.458817,21.699318,21.682167,21.596336,21.767891,21.819290,21.785027,21.939064,21.956161,21.836411,21.973259,22.041588,22.007431,21.990349,22.109856,21.904861,22.109856,21.973259,21.939064,22.195107,22.126915,22.075729,22.024513,21.973259,22.229179,22.041588,22.109856,22.195107,22.246208,22.246208,22.178062,22.126915,22.161018,22.263237,22.075729,22.161018,22.058662,22.246208,22.126915,22.263237,22.195107,22.212143,22.195107,22.365303,22.297272,22.075729,22.126915,22.143959,22.178062,22.161018,22.195107,22.161018,21.939064,22.246208,22.058662,21.956161,21.870644,21.990349,21.956161,21.904861,22.161018,21.836411,21.802162,21.904861,22.024513,21.870644,21.990349,22.041588,22.075729,21.939064,22.178062,22.229179,22.280251,22.331291,22.467247,22.433289,22.433289,22.416298,22.382309,22.484222,22.535133,22.586006,22.653778,22.569054,22.365303,22.365303,22.501198,22.433289,22.484222,22.382309,22.399300,22.484222,22.586006,22.382309,22.297272,22.399300,22.467247,22.450264,22.365303,22.416298,22.399300,22.399300,22.450264,22.348305,22.484222,22.348305,22.348305,22.484222,22.399300,22.704575,22.484222,22.433289,22.433289,22.636833,22.416298,22.382309,22.365303,22.297272,22.246208,22.092789,22.280251,22.092789,22.126915,22.092789,22.143959,21.802162,21.853539,21.990349,21.956161,21.887764,21.802162,21.819290,21.733620,21.767891,21.767891,21.682167,21.750755,21.733620,21.767891,21.767891,21.802162,21.682167,21.785027,21.836411,21.767891,21.802162,21.853539,21.785027,21.647850,21.716469,21.853539,21.733620,21.647850,21.870644,21.716469,21.458817,21.441612,21.424393,21.407181,21.579163,21.716469,21.527603,21.441612,21.338272,21.252068,21.389961,21.338272,21.407181,21.407181,21.372734,21.321045,21.234810,21.338272,21.407181,21.286568,21.113914,21.200287,21.389961,21.269310,21.217552,21.200287,21.338272,21.303802,21.217552,21.269310,21.234810,21.234810,21.234810,21.355507,21.148476,21.148476,21.321045,21.269310,21.096642,21.286568,21.027458,21.027458,20.923576,21.027458,20.698021,20.871582,20.940895,20.819542,20.767487,20.663254,20.645866,20.576286,20.593697,20.645866,20.645866,20.349724,20.558884,20.680634,20.524055,20.541473,20.192490,20.576286,20.367180,20.244934,20.314804,20.122513,20.105003,19.947273,19.877083,19.718910,19.754082,19.701309,19.666115,19.718910,19.560417,19.454590,19.736496,19.736496,19.578049,19.507530,19.436943,19.489883,19.383957,19.401619,19.454590,19.525154,19.525154,19.525154,19.419281,19.436943,19.419281,19.401619,19.065346,19.419281,19.153984,19.189407,19.029869,19.012123,18.976631,18.816673,18.727684,18.442253,18.370735,18.030205,17.958336,17.471611,17.290627,17.054764,16.599342,16.398201,16.031273,15.607391,15.403938,15.311302,15.032837,15.032837,14.958420,14.846703,14.716171,14.902580,15.070015,14.772133,14.921196,14.958420,15.162895,15.032837,14.958420,14.921196,15.218575,14.977043,14.995636,15.014244,14.995636,15.107178,15.032837,15.032837,15.070015,14.958420,14.995636,15.218575,15.088600,15.051422,15.051422,15.181458,15.144333,15.162895,15.107178,14.958420,14.977043,15.014244,15.107178,14.921196,15.014244,15.014244,15.032837,14.958420,14.865326,14.865326,14.846703,14.865326,14.958420,14.809425,14.883965,14.790794,14.660179,14.772133,14.995636,14.939812,14.734833,14.660179,14.921196,14.865326,14.977043,14.902580,14.753487,14.790794,14.678848,14.883965,14.902580,14.883965,14.883965,14.716171,14.828064,14.977043,14.828064,14.828064,14.902580,14.921196,14.828064,14.790794,14.921196,14.828064,14.995636,14.753487,14.939812,14.772133,14.772133,14.548080,14.809425,14.939812,14.921196,14.809425,14.790794,14.921196,14.995636,14.828064,14.865326,14.697517,14.902580,14.921196,14.846703,14.958420,14.958420,14.734833,14.995636,14.734833,14.939812,14.753487,14.772133,14.716171,14.697517,14.809425,14.828064,14.734833,14.865326,14.772133,14.828064,14.716171,14.902580,14.846703,15.014244,14.921196,14.846703,14.697517,14.902580,15.070015,15.014244,14.995636,14.846703,15.070015,14.846703,14.902580,15.088600,14.846703,15.014244,15.032837,14.865326,14.958420,14.716171,14.958420,14.939812,14.753487,14.958420,14.977043,14.809425,14.697517,14.753487,14.585457,14.883965,14.622826,14.716171,14.604141,14.809425,14.491982,14.734833,14.491982,14.379669,14.641502,14.753487,14.883965,14.772133,14.995636,15.014244,14.828064,15.088600,14.846703,14.921196,14.958420,15.162895,15.144333,14.902580,14.734833,14.865326,14.753487,14.921196,14.604141,14.697517,14.697517,14.660179,14.529381,14.417122,14.604141,14.585457,14.660179,14.697517,14.846703,14.790794,14.846703,14.660179,14.716171,14.865326,14.772133,14.697517,14.697517,14.809425,14.828064,14.809425,14.566772,14.809425,14.604141,14.846703,14.772133,14.604141,14.697517,14.697517,15.032837,14.828064,14.772133,14.939812,14.809425,14.473274,14.753487,14.678848,14.809425,14.828064,14.716171,14.697517,14.566772,14.697517,14.883965,14.734833,14.753487,14.622826,14.734833,14.566772,14.809425,14.697517,14.660179,14.828064,15.032837,14.678848,14.678848,14.622826,14.678848,14.641502,14.902580,14.716171,14.772133,14.566772,14.734833,14.734833,14.828064,14.622826,14.958420,14.846703,14.585457,14.846703,14.865326,14.772133,14.809425,14.734833,14.734833,14.753487,14.772133,14.883965,14.753487,14.734833,14.790794,14.678848,14.977043,14.828064,14.753487,14.902580,14.753487,14.734833,14.790794,14.865326,14.641502,14.772133,14.716171,14.753487,14.809425,15.144333,14.902580,14.828064,14.846703,14.772133,14.902580,15.070015,14.921196,14.902580,14.939812,15.144333,15.144333,14.977043,14.772133,14.939812,14.865326,15.032837,14.939812,14.883965,15.014244,15.218575,
15.329842,15.533455,15.181458,15.088600,15.274223,15.440964,15.403938,15.366905,15.051422,15.274223,15.366905,15.237137,15.070015,14.921196,15.162895,15.385422,15.070015,15.274223,15.070015,15.274223,15.570435,15.329842,15.662788,15.976097,16.434807,16.945679,17.254379,17.543900,17.994278,18.173759,18.602928,18.941109,19.207108,19.560417,19.718910,19.964821,19.982353,20.069977,20.069977,20.174995,19.947273,20.244934,20.209976,20.367180,20.192490,20.034943,20.192490,20.157509,20.262413,20.297348,20.122513,20.105003,19.894638,20.122513,20.227455,20.279877,20.209976,20.349724,20.489220,20.402061,20.489220,20.628487,20.576286,20.541473,20.698021,20.663254,20.750122,20.680634,20.888908,20.680634,20.715385,20.576286,20.888908,20.750122,20.888908,20.923576,21.113914,21.234810,21.148476,21.476021,21.544792,21.424393,21.441612,21.544792,21.665016,21.785027,21.973259,21.939064,21.853539,21.836411,22.075729,22.126915,22.109856,21.887764,22.126915,21.904861,22.126915,22.075729,22.058662,22.075729,22.092789,22.075729,22.007431,22.195107,22.024513,21.973259,22.041588,22.143959,22.229179,22.280251,22.229179,22.399300,22.109856,22.195107,22.280251,22.178062,22.280251,22.314293,22.229179,22.297272,22.382309,22.382309,22.195107,22.246208,22.314293,22.195107,22.126915,22.280251,22.126915,22.246208,22.212143,22.297272,22.331291,22.297272,22.195107,22.178062,22.092789,22.058662,22.092789,22.075729,21.870644,22.058662,21.956161,22.195107,22.075729,22.024513,22.161018,22.178062,22.195107,22.092789,22.263237,22.348305,22.212143,22.297272,22.263237,22.314293,22.501198,22.416298,22.484222,22.399300,22.518166,22.535133,22.467247,22.653778,22.569054,22.569054,22.433289,22.399300,22.619896,22.636833,22.552086,22.416298,22.433289,22.602951,22.518166,22.416298,22.552086,22.535133,22.348305,22.382309,22.467247,22.450264,22.331291,22.501198,22.433289,22.501198,22.314293,22.484222,22.382309,22.535133,22.484222,22.484222,22.569054,22.399300,22.297272,22.382309,22.484222,22.484222,22.280251,22.348305,22.229179,22.246208,22.161018,22.246208,22.058662,21.956161,21.870644,21.836411,21.956161,21.819290,21.785027,21.819290,21.802162,21.750755,21.561981,21.699318,21.767891,21.733620,21.750755,21.733620,21.853539,21.785027,21.939064,21.716469,21.802162,21.750755,21.767891,21.870644,21.785027,21.579163,21.733620,21.750755,21.802162,21.699318,21.716469,21.682167,21.613518,21.561981,21.733620,21.647850,21.527603,21.476021,21.630684,21.527603,21.682167,21.665016,21.441612,21.407181,21.441612,21.407181,21.493217,21.441612,21.321045,21.269310,21.407181,21.372734,21.303802,21.217552,21.372734,21.372734,21.338272,21.113914,21.303802,21.183029,21.183029,21.269310,21.200287,21.303802,21.252068,21.252068,21.303802,21.165756,21.131203,21.286568,21.217552,21.252068,20.975533,21.148476,21.010155,20.888908,21.079346,20.836899,20.854233,20.802200,20.958221,20.767487,20.715385,20.558884,20.698021,20.489220,20.593697,20.524055,20.628487,20.489220,20.506645,20.541473,20.419502,20.367180,20.454369,20.436943,20.279877,20.262413,20.122513,20.069977,20.052460,20.052460,19.929733,19.789246,19.454590,19.648506,19.525154,19.507530,19.383957,19.630898,19.419281,19.419281,19.578049,19.489883,19.560417,19.472237,19.542793,19.507530,19.436943,19.454590,19.366287,19.613289,19.366287,19.436943,19.171692,19.136261,19.207108,19.330948,19.260208,19.047615,19.083084,18.905579,18.852249,18.816673,18.567253,18.477982,18.155830,18.155830,17.561958,17.272507,17.000237,16.635872,16.269951,15.976097,15.644325,15.588913,15.292770,15.237137,15.014244,15.014244,14.753487,14.846703,14.809425,15.051422,14.958420,15.014244,14.902580,14.809425,14.977043,15.107178,15.032837,14.977043,14.958420,15.051422,15.070015,15.274223,15.032837,15.051422,15.181458,15.125755,15.088600,15.051422,15.070015,15.218575,14.995636,15.088600,14.846703,15.292770,15.125755,15.051422,15.014244,15.218575,14.939812,14.865326,15.014244,15.070015,14.772133,14.977043,14.790794,14.772133,14.902580,14.902580,14.865326,14.883965,14.902580,14.828064,14.958420,14.921196,14.772133,14.753487,14.790794,14.809425,15.014244,15.051422,14.734833,14.883965,14.809425,14.753487,14.865326,15.070015,14.753487,14.790794,14.995636,14.734833,14.902580,14.883965,14.846703,15.014244,14.995636,14.883965,14.921196,14.846703,14.753487,14.939812,14.958420,14.846703,15.032837,14.958420,14.921196,14.958420,14.865326,14.790794,14.809425,14.716171,14.772133,14.772133,14.977043,14.809425,14.958420,14.977043,14.828064,14.828064,14.697517,14.828064,14.921196,14.828064,14.846703,14.846703,14.846703,14.772133,14.809425,14.753487,14.660179,14.828064,14.883965,14.846703,14.902580,14.716171,14.697517,14.846703,14.809425,14.865326,14.865326,14.734833,14.865326,14.790794,14.902580,14.809425,14.809425,14.902580,14.958420,14.977043,14.716171,14.790794,14.939812,14.921196,14.939812,14.977043,14.902580,15.144333,14.921196,15.200020,15.014244,14.995636,14.977043,14.772133,14.958420,14.846703,14.716171,14.939812,14.641502,14.753487,14.660179,14.566772,14.454552,14.454552,14.529381,14.622826,14.510681,14.491982,14.622826,14.809425,14.734833,15.032837,14.790794,14.977043,15.051422,14.995636,14.883965,15.032837,15.107178,15.107178,15.032837,14.828064,14.772133,15.051422,14.977043,14.846703,14.604141,14.491982,14.846703,14.491982,14.697517,14.548080,14.697517,14.697517,14.491982,14.566772,14.678848,14.828064,14.622826,14.828064,14.641502,14.846703,14.809425,14.828064,14.846703,14.995636,14.828064,14.772133,14.697517,14.622826,14.902580,14.828064,14.716171,14.828064,14.734833,15.014244,14.716171,14.566772,14.641502,14.921196,14.716171,14.678848,14.716171,14.790794,14.883965,14.660179,14.902580,14.716171,14.865326,14.697517,14.548080,14.604141,14.585457,14.809425,14.772133,14.716171,14.641502,14.697517,14.790794,14.772133,14.641502,14.828064,14.641502,14.473274,14.921196,14.809425,14.473274,14.604141,14.790794,14.828064,14.622826,14.865326,14.585457,14.846703,14.846703,14.846703,14.734833,14.809425,14.865326,14.604141,14.510681,14.828064,14.790794,14.846703,14.865326,14.716171,14.790794,14.809425,14.604141,14.828064,14.678848,14.753487,14.772133,14.641502,14.697517,14.939812,14.790794,14.995636,14.772133,14.939812,14.828064,15.014244,14.902580,14.939812,15.032837,14.753487,14.846703,14.958420,14.921196,15.032837,15.032837,14.753487,14.977043,14.697517,14.678848,14.883965,14.772133,15.014244,14.846703,14.958420,15.125755,15.070015,15.088600,15.162895,
15.496475,15.329842,15.274223,15.255684,15.237137,15.274223,15.274223,15.366905,15.311302,15.311302,15.292770,15.051422,14.939812,15.125755,15.051422,14.995636,15.070015,15.070015,14.939812,15.200020,15.237137,15.422462,15.736610,15.920883,16.233269,16.836464,17.127403,17.543900,17.670250,18.299164,18.513702,19.029869,19.277893,19.401619,19.666115,19.912178,19.999893,19.947273,20.402061,20.192490,20.122513,20.105003,20.122513,20.122513,20.069977,20.227455,20.052460,20.034943,20.140007,20.105003,20.017418,20.262413,20.069977,20.279877,20.174995,20.157509,20.157509,20.297348,20.454369,20.471802,20.384621,20.524055,20.663254,20.680634,20.541473,20.593697,20.680634,20.611084,20.663254,20.802200,20.663254,20.715385,20.854233,20.611084,20.819542,20.940895,20.958221,21.217552,21.252068,21.269310,21.389961,21.493217,21.458817,21.561981,21.682167,21.802162,21.682167,21.870644,21.921967,21.853539,21.956161,22.058662,22.058662,22.092789,22.092789,21.921967,21.990349,21.956161,21.904861,22.263237,21.853539,22.007431,22.024513,22.178062,22.007431,22.246208,21.956161,22.143959,22.058662,22.263237,22.263237,22.178062,21.990349,22.178062,22.229179,22.331291,22.365303,22.246208,22.297272,22.212143,22.297272,22.297272,22.331291,22.416298,22.297272,22.212143,22.143959,22.382309,22.331291,22.195107,22.212143,22.092789,22.161018,22.143959,22.212143,22.246208,22.161018,22.126915,22.246208,22.229179,22.143959,22.126915,22.092789,22.075729,21.921967,22.280251,21.990349,22.092789,22.092789,22.075729,22.280251,22.246208,22.212143,22.280251,22.416298,22.365303,22.365303,22.416298,22.416298,22.552086,22.535133,22.382309,22.501198,22.365303,22.416298,22.433289,22.501198,22.653778,22.569054,22.569054,22.433289,22.602951,22.653778,22.450264,22.501198,22.416298,22.501198,22.552086,22.619896,22.433289,22.501198,22.586006,22.552086,22.535133,22.399300,22.569054,22.569054,22.619896,22.569054,22.518166,22.586006,22.535133,22.552086,22.467247,22.535133,22.331291,22.365303,22.569054,22.263237,22.433289,22.297272,22.280251,22.229179,22.143959,22.092789,22.041588,21.990349,21.956161,21.904861,21.819290,21.973259,21.870644,21.716469,21.699318,21.750755,21.819290,21.682167,21.630684,21.665016,21.613518,21.613518,21.682167,21.630684,21.853539,21.699318,21.699318,21.802162,21.767891,21.699318,21.579163,21.853539,21.939064,21.682167,21.682167,21.665016,21.699318,21.682167,21.733620,21.579163,21.579163,21.476021,21.476021,21.579163,21.493217,21.458817,21.561981,21.407181,21.424393,21.286568,21.338272,21.372734,21.355507,21.252068,21.355507,21.303802,21.527603,21.389961,21.303802,21.252068,21.217552,21.338272,21.217552,21.372734,21.217552,21.252068,21.217552,21.286568,21.389961,21.269310,21.217552,21.044754,21.131203,21.217552,21.183029,21.062057,21.113914,21.165756,21.027458,21.062057,20.888908,20.854233,20.975533,20.750122,21.044754,20.698021,20.593697,20.767487,21.027458,20.593697,20.576286,20.471802,20.680634,20.524055,20.349724,20.593697,20.367180,20.384621,20.436943,20.140007,20.419502,20.297348,20.244934,20.087494,20.140007,20.017418,19.877083,19.771667,19.489883,19.648506,19.454590,19.578049,19.436943,19.383957,19.560417,19.578049,19.472237,19.595665,19.454590,19.454590,19.454590,19.578049,19.454590,19.366287,19.454590,19.489883,19.454590,19.295586,19.260208,19.366287,19.295586,19.348618,19.313263,19.100807,19.065346,19.207108,19.153984,18.976631,18.781090,18.620766,18.424385,18.137894,17.742363,17.525826,17.091087,17.054764,16.854668,16.123146,16.086403,15.625862,15.385422,15.144333,14.939812,14.958420,14.921196,14.790794,14.902580,14.734833,15.070015,14.753487,14.772133,14.921196,14.921196,14.995636,15.144333,14.883965,14.958420,15.107178,15.051422,15.032837,14.977043,15.200020,15.107178,15.070015,14.865326,14.958420,14.958420,14.883965,14.995636,15.014244,15.125755,14.902580,14.995636,15.274223,14.977043,15.070015,15.014244,15.051422,15.088600,15.051422,15.200020,14.734833,14.958420,14.883965,14.939812,14.809425,14.772133,14.772133,14.902580,14.995636,14.772133,14.846703,14.809425,14.790794,14.865326,14.921196,14.865326,14.939812,14.790794,14.865326,14.939812,14.716171,15.014244,14.846703,14.753487,14.678848,14.939812,14.734833,14.828064,14.790794,14.921196,14.604141,14.846703,14.958420,14.734833,14.716171,14.772133,14.939812,14.977043,14.790794,14.846703,14.902580,15.032837,14.921196,14.921196,15.088600,14.828064,14.772133,14.828064,14.865326,14.958420,14.753487,14.939812,14.939812,14.809425,14.716171,14.809425,14.790794,14.883965,14.790794,14.865326,14.697517,14.828064,14.641502,14.753487,14.865326,14.865326,14.828064,14.977043,14.772133,14.772133,14.809425,14.678848,14.753487,14.809425,14.678848,14.921196,14.716171,14.958420,14.678848,15.014244,14.939812,14.921196,14.809425,14.958420,14.865326,14.828064,14.939812,14.958420,14.883965,15.088600,14.865326,14.939812,14.883965,15.014244,14.883965,14.958420,14.678848,15.181458,14.902580,14.883965,14.828064,14.865326,14.790794,14.716171,14.828064,14.491982,14.566772,14.566772,14.473274,14.510681,14.529381,14.566772,14.585457,14.435844,14.604141,14.641502,14.828064,15.032837,14.921196,14.977043,14.958420,14.977043,15.125755,14.921196,14.995636,15.107178,14.865326,14.790794,14.678848,14.883965,14.790794,14.790794,14.828064,14.566772,14.566772,14.790794,14.697517,14.491982,14.678848,14.398399,14.790794,14.846703,14.734833,14.772133,14.734833,14.716171,14.697517,14.734833,14.660179,14.641502,14.622826,14.716171,14.734833,14.678848,14.697517,14.697517,14.660179,14.846703,14.529381,14.790794,14.529381,14.660179,14.772133,14.772133,14.846703,14.678848,14.585457,14.660179,14.753487,14.921196,14.772133,14.529381,14.828064,14.846703,14.734833,14.865326,14.921196,14.790794,14.828064,14.902580,14.585457,14.772133,14.958420,14.809425,14.622826,14.790794,14.697517,14.734833,14.772133,14.790794,14.716171,14.510681,14.697517,14.585457,14.660179,14.697517,14.865326,14.921196,14.622826,14.902580,14.697517,14.697517,14.790794,14.678848,14.716171,14.790794,14.641502,14.641502,14.622826,14.697517,14.828064,14.716171,14.697517,14.678848,14.716171,14.846703,14.716171,14.902580,14.716171,14.772133,14.846703,14.846703,14.828064,14.753487,14.753487,14.939812,14.828064,15.181458,14.716171,14.772133,14.883965,14.753487,14.846703,14.921196,14.678848,14.921196,14.828064,14.939812,14.772133,15.032837,14.902580,14.977043,14.921196,14.902580,15.051422,14.772133,15.125755,14.977043,14.697517,15.125755,
15.496475,15.403938,15.274223,15.422462,15.403938,15.440964,15.088600,15.292770,15.292770,15.162895,15.125755,15.218575,15.311302,15.051422,14.865326,15.125755,15.014244,14.865326,15.088600,15.274223,15.440964,15.385422,15.810371,15.828796,16.398201,16.617607,17.272507,17.688278,17.886406,18.191681,18.692055,18.798889,19.083084,19.542793,19.718910,19.859520,19.859520,20.069977,20.157509,20.192490,20.087494,20.227455,20.034943,20.332268,20.314804,20.174995,20.297348,20.297348,20.209976,20.279877,20.209976,20.157509,20.174995,20.262413,20.034943,20.419502,20.349724,20.140007,20.349724,20.454369,20.524055,20.715385,20.680634,20.680634,20.628487,20.541473,20.593697,20.680634,20.593697,20.750122,20.715385,20.524055,20.784843,20.680634,20.767487,20.836899,20.888908,21.044754,21.338272,21.424393,21.338272,21.252068,21.458817,21.579163,21.647850,21.665016,21.630684,21.750755,21.973259,21.819290,21.870644,21.836411,21.904861,21.990349,21.904861,21.921967,22.246208,21.990349,22.007431,21.750755,22.007431,22.195107,22.143959,22.058662,22.161018,22.058662,22.075729,21.990349,22.348305,22.195107,22.126915,22.314293,22.161018,22.058662,22.263237,22.246208,22.092789,22.263237,22.143959,22.535133,22.467247,22.365303,22.263237,22.382309,22.365303,22.263237,22.297272,22.263237,22.178062,22.331291,22.229179,22.229179,22.161018,22.246208,22.297272,22.365303,22.229179,22.109856,22.229179,22.178062,22.195107,22.331291,22.195107,22.109856,22.212143,22.280251,22.161018,22.126915,22.143959,22.212143,22.246208,22.348305,22.416298,22.297272,22.450264,22.467247,22.433289,22.518166,22.552086,22.484222,22.399300,22.619896,22.552086,22.501198,22.704575,22.501198,22.636833,22.619896,22.450264,22.619896,22.365303,22.518166,22.484222,22.789139,22.602951,22.619896,22.636833,22.602951,22.619896,22.535133,22.450264,22.552086,22.518166,22.416298,22.552086,22.569054,22.569054,22.518166,22.518166,22.586006,22.416298,22.450264,22.535133,22.602951,22.602951,22.687645,22.365303,22.382309,22.416298,22.297272,22.331291,22.212143,22.195107,22.092789,22.092789,21.973259,21.767891,21.921967,21.870644,21.836411,21.836411,21.665016,21.750755,21.716469,21.767891,21.665016,21.750755,21.647850,21.785027,21.802162,21.647850,21.682167,21.647850,21.853539,21.699318,21.647850,21.630684,21.699318,21.647850,21.699318,21.699318,21.647850,21.630684,21.887764,21.716469,21.699318,21.665016,21.613518,21.561981,21.579163,21.647850,21.476021,21.510414,21.458817,21.579163,21.441612,21.424393,21.407181,21.407181,21.458817,21.217552,21.458817,21.407181,21.321045,21.286568,21.372734,21.355507,21.424393,21.252068,21.234810,21.389961,21.096642,21.183029,21.321045,21.269310,21.303802,21.183029,21.372734,21.303802,21.355507,21.269310,21.148476,21.269310,21.321045,21.338272,21.131203,21.148476,21.079346,21.096642,21.010155,20.906242,21.062057,20.836899,21.217552,21.010155,20.698021,20.888908,20.680634,20.628487,20.663254,20.645866,20.524055,20.524055,20.471802,20.454369,20.419502,20.367180,20.209976,20.402061,20.262413,20.471802,20.262413,20.122513,20.157509,19.982353,19.894638,19.806816,19.736496,19.666115,19.542793,19.454590,19.472237,19.436943,19.560417,19.595665,19.348618,19.348618,19.630898,19.366287,19.595665,19.454590,19.436943,19.666115,19.383957,19.560417,19.436943,19.313263,19.348618,19.242508,19.277893,19.153984,19.330948,19.136261,19.260208,18.994377,18.905579,18.887802,18.941109,18.585091,18.424385,18.370735,18.084076,17.598068,17.236252,17.018410,16.672379,16.343254,16.049652,15.644325,15.477974,15.107178,15.051422,15.255684,15.070015,14.790794,14.753487,14.939812,14.902580,14.790794,14.921196,14.958420,15.014244,14.958420,15.162895,15.107178,14.958420,14.902580,14.995636,15.014244,14.828064,15.014244,15.144333,15.088600,15.107178,15.070015,14.902580,15.014244,15.051422,14.939812,15.070015,14.995636,14.977043,15.070015,15.032837,14.939812,14.921196,14.958420,14.995636,14.995636,14.902580,14.977043,14.939812,14.921196,14.958420,14.921196,14.846703,14.846703,15.014244,14.883965,14.678848,14.828064,14.716171,14.753487,14.585457,14.604141,14.883965,14.678848,14.809425,14.846703,14.790794,14.809425,14.716171,14.828064,14.753487,14.846703,14.734833,14.828064,14.902580,14.958420,14.846703,14.846703,14.846703,14.902580,14.865326,14.939812,14.566772,14.902580,15.014244,14.772133,14.865326,14.641502,14.977043,14.902580,14.828064,14.734833,14.865326,14.902580,15.032837,14.828064,14.865326,14.846703,14.921196,14.846703,14.828064,14.809425,14.939812,14.846703,14.809425,14.883965,14.809425,14.939812,14.734833,14.958420,14.939812,14.678848,14.697517,14.790794,14.678848,14.828064,14.883965,14.921196,14.772133,14.660179,14.846703,14.809425,14.902580,14.697517,14.790794,14.883965,14.921196,15.032837,15.051422,14.883965,14.958420,14.958420,14.865326,14.995636,15.032837,14.902580,14.977043,14.958420,15.070015,15.051422,15.070015,14.939812,14.865326,14.902580,14.697517,14.828064,14.921196,14.883965,14.883965,14.716171,14.846703,14.772133,14.828064,14.548080,14.604141,14.491982,14.622826,14.585457,14.454552,14.641502,14.622826,14.697517,14.734833,14.548080,14.977043,14.828064,15.014244,14.846703,15.088600,15.051422,14.846703,14.939812,15.088600,14.921196,14.846703,15.088600,14.753487,14.809425,14.753487,14.716171,14.566772,14.454552,14.753487,14.697517,14.716171,14.678848,14.660179,14.828064,14.716171,14.585457,15.088600,14.828064,14.716171,14.734833,14.790794,14.790794,14.734833,14.790794,14.753487,14.716171,14.865326,14.678848,14.641502,14.716171,14.865326,14.772133,14.790794,14.846703,14.622826,14.753487,14.790794,14.753487,14.585457,14.641502,14.809425,14.716171,14.604141,14.622826,14.660179,14.865326,14.809425,14.678848,14.809425,14.491982,14.678848,14.772133,14.678848,14.678848,14.660179,14.809425,14.883965,14.585457,14.939812,14.846703,14.790794,14.548080,14.678848,14.828064,14.548080,14.734833,14.753487,14.529381,14.753487,14.697517,14.734833,14.828064,14.846703,14.510681,14.772133,14.790794,14.660179,14.660179,14.883965,14.716171,14.809425,14.678848,14.716171,14.641502,14.865326,14.417122,14.977043,14.939812,14.716171,14.734833,14.697517,14.566772,14.883965,14.641502,14.753487,14.995636,14.921196,14.585457,14.697517,14.790794,14.921196,14.939812,14.828064,15.125755,14.734833,14.939812,14.865326,14.902580,15.107178,14.921196,14.939812,14.846703,14.958420,14.939812,14.977043,14.921196,14.939812,14.865326,14.977043,14.977043,14.921196,15.014244,15.181458,
15.625862,15.329842,15.385422,15.329842,15.162895,15.274223,15.422462,15.070015,15.237137,15.144333,15.218575,15.200020,15.014244,15.088600,15.014244,15.070015,15.014244,15.125755,14.921196,15.403938,15.274223,15.533455,15.791931,16.086403,16.416496,16.635872,17.163704,17.580009,17.922386,18.191681,18.585091,18.816673,19.153984,19.525154,19.648506,19.912178,19.947273,19.982353,20.262413,20.140007,20.244934,20.140007,20.279877,20.419502,20.209976,20.244934,20.140007,20.140007,20.157509,20.069977,20.174995,20.244934,20.174995,20.209976,20.279877,20.314804,20.454369,20.506645,20.454369,20.506645,20.611084,20.663254,20.698021,20.471802,20.680634,20.715385,20.541473,20.645866,20.541473,20.645866,20.611084,20.489220,20.784843,20.732758,20.698021,21.010155,20.784843,20.992851,20.958221,21.165756,21.269310,21.269310,21.665016,21.458817,21.561981,21.613518,21.733620,21.733620,21.767891,21.682167,21.682167,21.956161,21.853539,21.887764,21.561981,21.904861,21.836411,21.887764,22.024513,22.058662,21.819290,21.921967,21.887764,21.939064,21.990349,22.007431,22.007431,22.280251,22.041588,21.921967,22.041588,22.212143,22.092789,22.126915,22.195107,22.246208,22.229179,22.212143,22.246208,22.246208,22.246208,22.212143,22.075729,22.382309,22.161018,22.484222,22.331291,22.348305,22.229179,22.365303,22.195107,22.450264,22.126915,22.229179,22.024513,22.195107,22.161018,22.178062,22.280251,22.109856,22.178062,22.331291,22.263237,22.109856,22.109856,22.161018,22.195107,22.092789,22.331291,22.314293,22.331291,22.263237,22.297272,22.450264,22.416298,22.314293,22.569054,22.535133,22.433289,22.399300,22.552086,22.586006,22.687645,22.738411,22.619896,22.535133,22.653778,22.569054,22.552086,22.602951,22.687645,22.636833,22.670708,22.755325,22.552086,22.586006,22.687645,22.569054,22.687645,22.653778,22.619896,22.569054,22.501198,22.619896,22.501198,22.636833,22.501198,22.670708,22.484222,22.619896,22.535133,22.467247,22.552086,22.636833,22.602951,22.602951,22.416298,22.484222,22.416298,22.263237,22.365303,22.399300,22.212143,22.109856,22.178062,22.212143,21.921967,21.836411,21.819290,21.819290,21.836411,21.699318,21.733620,21.699318,21.613518,21.647850,21.647850,21.682167,21.699318,21.853539,21.561981,21.802162,21.819290,21.750755,21.750755,21.716469,21.647850,21.596336,21.613518,21.699318,21.682167,21.613518,21.785027,21.716469,21.510414,21.750755,21.596336,21.767891,21.630684,21.544792,21.733620,21.647850,21.596336,21.596336,21.441612,21.561981,21.510414,21.458817,21.441612,21.321045,21.234810,21.338272,21.441612,21.355507,21.458817,21.372734,21.338272,21.493217,21.113914,21.183029,21.372734,21.269310,21.252068,21.372734,21.269310,21.131203,21.217552,21.338272,21.303802,21.389961,21.217552,21.321045,21.269310,21.183029,21.286568,21.286568,21.252068,21.062057,21.062057,21.269310,21.165756,20.958221,21.079346,20.992851,21.044754,20.854233,20.698021,20.767487,20.576286,20.611084,20.384621,20.332268,20.576286,20.367180,20.436943,20.593697,20.436943,20.436943,20.332268,20.314804,20.140007,20.227455,20.087494,19.947273,19.754082,20.140007,19.701309,19.806816,19.472237,19.454590,19.224815,19.419281,19.507530,19.383957,19.348618,19.507530,19.295586,19.489883,19.525154,19.489883,19.472237,19.525154,19.472237,19.525154,19.525154,19.472237,19.401619,19.436943,19.242508,19.242508,19.260208,19.189407,19.136261,19.100807,19.118538,18.941109,18.745483,18.692055,18.602928,18.299164,18.084076,17.922386,17.652206,17.236252,17.000237,16.507973,16.123146,15.810371,15.755058,15.366905,15.218575,15.088600,14.902580,14.921196,14.809425,14.772133,14.753487,14.958420,14.772133,14.921196,14.809425,15.051422,14.995636,15.088600,15.088600,14.958420,14.902580,14.995636,14.809425,14.921196,15.070015,15.070015,14.883965,15.051422,14.921196,14.883965,15.107178,15.032837,14.939812,15.107178,15.125755,14.995636,15.162895,15.144333,15.014244,15.162895,14.958420,14.939812,15.088600,14.902580,14.958420,14.921196,14.958420,14.939812,15.051422,14.865326,14.828064,14.958420,14.958420,14.977043,14.678848,14.846703,14.772133,14.734833,14.753487,14.529381,14.772133,14.865326,14.772133,14.902580,14.958420,15.032837,14.902580,14.809425,14.678848,14.809425,14.865326,14.846703,14.865326,14.939812,14.734833,14.939812,14.697517,14.921196,14.846703,14.828064,14.716171,14.977043,14.958420,14.846703,14.790794,14.846703,14.883965,14.939812,15.014244,14.809425,14.772133,14.753487,14.809425,14.977043,14.846703,14.846703,14.734833,14.883965,14.883965,14.790794,14.772133,14.883965,14.790794,14.958420,14.716171,14.734833,14.865326,14.921196,14.790794,14.716171,14.865326,14.939812,14.809425,14.734833,14.809425,14.939812,14.697517,14.828064,14.902580,14.716171,14.697517,14.995636,14.902580,15.014244,14.902580,14.772133,14.995636,15.032837,15.032837,14.883965,14.902580,15.162895,14.883965,15.014244,14.939812,14.883965,14.939812,14.977043,14.865326,14.846703,14.939812,14.846703,14.977043,14.977043,14.809425,14.846703,14.697517,14.753487,14.902580,14.604141,14.641502,14.566772,14.529381,14.454552,14.604141,14.660179,14.566772,14.585457,14.641502,14.772133,14.660179,14.883965,14.995636,15.237137,14.995636,15.200020,15.088600,15.032837,14.939812,14.902580,14.977043,15.014244,14.753487,14.977043,14.716171,14.790794,14.622826,14.734833,14.622826,14.753487,14.697517,14.585457,14.772133,14.604141,14.697517,14.678848,14.585457,15.014244,14.641502,14.734833,14.678848,14.790794,14.883965,14.772133,14.902580,14.828064,14.846703,14.604141,14.734833,14.772133,14.865326,14.622826,14.716171,14.883965,14.790794,14.828064,14.828064,14.753487,14.678848,14.716171,14.716171,14.734833,14.660179,14.772133,14.604141,14.865326,14.865326,14.753487,14.697517,14.902580,14.660179,14.660179,14.772133,14.678848,14.828064,14.566772,14.772133,14.716171,14.734833,14.716171,14.734833,14.772133,14.566772,14.716171,14.641502,14.790794,14.828064,14.585457,14.660179,14.604141,14.753487,14.790794,14.734833,14.902580,14.790794,14.753487,14.622826,14.828064,14.678848,14.828064,14.548080,14.772133,14.809425,14.921196,14.753487,14.604141,14.828064,14.753487,14.697517,14.734833,14.622826,14.753487,14.865326,14.790794,14.883965,14.716171,14.883965,14.716171,14.697517,14.921196,14.622826,14.697517,14.846703,14.790794,14.865326,14.865326,14.995636,14.902580,14.828064,15.218575,14.958420,14.939812,15.070015,14.921196,14.977043,15.032837,14.883965,14.939812,14.790794,14.958420,14.846703,14.939812,15.107178,15.088600,
15.459480,15.292770,15.181458,15.496475,15.274223,15.200020,15.144333,15.311302,15.218575,15.200020,15.070015,15.329842,15.200020,15.051422,14.958420,15.107178,15.162895,15.014244,15.181458,15.014244,15.144333,15.422462,15.662788,15.884071,16.416496,16.617607,17.199982,17.580009,17.886406,18.245445,18.442253,18.941109,18.976631,19.489883,19.578049,19.736496,19.806816,20.244934,19.929733,20.069977,20.069977,20.279877,20.052460,19.912178,20.506645,20.384621,20.192490,20.209976,20.244934,20.436943,20.087494,20.174995,20.314804,20.314804,20.262413,20.436943,20.314804,20.506645,20.576286,20.680634,20.471802,20.698021,20.436943,20.628487,20.628487,20.593697,20.558884,20.767487,20.715385,20.506645,20.541473,20.680634,20.558884,20.663254,20.576286,20.715385,20.732758,20.750122,20.975533,20.871582,21.010155,21.234810,21.338272,21.338272,21.441612,21.441612,21.476021,21.544792,21.682167,21.716469,21.802162,21.699318,21.682167,21.956161,21.939064,21.904861,21.733620,21.939064,21.870644,21.887764,21.802162,21.750755,21.904861,21.956161,21.853539,22.075729,22.143959,22.092789,22.126915,22.007431,22.007431,22.161018,22.007431,22.178062,21.956161,22.212143,22.075729,22.143959,22.143959,22.365303,22.161018,22.263237,22.161018,22.263237,22.297272,22.229179,22.143959,22.331291,22.143959,22.195107,22.161018,22.058662,22.058662,22.126915,22.092789,22.280251,22.109856,22.041588,22.058662,22.195107,22.075729,21.939064,22.263237,22.143959,22.161018,22.297272,22.178062,22.314293,22.092789,22.331291,22.161018,22.229179,22.314293,22.280251,22.450264,22.382309,22.467247,22.501198,22.484222,22.518166,22.501198,22.602951,22.552086,22.518166,22.535133,22.619896,22.636833,22.365303,22.433289,22.450264,22.636833,22.653778,22.484222,22.602951,22.501198,22.535133,22.653778,22.501198,22.535133,22.484222,22.619896,22.619896,22.670708,22.619896,22.738411,22.687645,22.535133,22.636833,22.636833,22.772232,22.619896,22.653778,22.501198,22.738411,22.586006,22.822945,22.382309,22.365303,22.399300,22.297272,22.382309,22.092789,22.365303,22.195107,22.092789,22.058662,21.887764,21.853539,22.109856,21.921967,21.904861,21.802162,21.785027,21.630684,21.716469,21.716469,21.802162,21.767891,21.647850,21.699318,21.802162,21.579163,21.785027,21.733620,21.630684,21.767891,21.733620,21.561981,21.699318,21.750755,21.699318,21.785027,21.596336,21.630684,21.733620,21.682167,21.802162,21.682167,21.785027,21.647850,21.596336,21.733620,21.596336,21.527603,21.630684,21.665016,21.476021,21.441612,21.527603,21.458817,21.493217,21.424393,21.338272,21.407181,21.458817,21.338272,21.493217,21.148476,21.217552,21.183029,21.389961,21.303802,21.252068,21.338272,21.338272,21.321045,21.234810,21.252068,21.389961,21.183029,21.321045,21.355507,21.338272,21.234810,21.165756,21.148476,21.165756,21.286568,21.096642,21.113914,21.113914,21.096642,21.044754,21.010155,20.975533,20.836899,20.784843,20.819542,20.489220,20.576286,20.576286,20.454369,20.524055,20.489220,20.419502,20.541473,20.454369,20.384621,20.262413,20.332268,20.192490,20.244934,20.157509,19.982353,19.947273,19.912178,19.841957,19.877083,19.736496,19.789246,19.401619,19.419281,19.419281,19.472237,19.489883,19.525154,19.578049,19.542793,19.560417,19.348618,19.419281,19.472237,19.489883,19.489883,19.401619,19.260208,19.348618,19.277893,19.366287,19.330948,19.118538,19.242508,19.083084,19.366287,19.136261,19.118538,18.781090,18.798889,18.620766,18.424385,18.048164,17.940361,17.706314,17.435440,16.836464,16.672379,16.196571,16.031273,15.533455,15.385422,15.218575,15.014244,14.883965,14.977043,14.865326,14.865326,14.753487,15.014244,14.865326,15.107178,15.107178,14.958420,14.958420,15.070015,15.088600,14.958420,14.995636,15.014244,14.828064,14.977043,14.958420,15.088600,14.921196,15.032837,15.014244,14.921196,15.070015,15.032837,15.032837,15.088600,15.051422,14.883965,15.032837,14.977043,14.921196,14.995636,14.958420,15.051422,15.088600,14.958420,15.032837,15.181458,14.977043,14.958420,14.846703,14.902580,14.883965,14.883965,14.846703,14.828064,14.921196,14.790794,14.716171,14.790794,14.939812,14.921196,14.790794,14.622826,14.883965,14.678848,14.828064,14.865326,14.865326,14.846703,14.809425,15.032837,14.790794,14.828064,14.772133,14.902580,14.772133,14.902580,14.772133,14.939812,14.939812,14.995636,14.734833,14.790794,14.939812,14.995636,14.772133,14.939812,14.921196,14.883965,14.790794,14.865326,14.790794,14.809425,14.753487,14.734833,15.088600,14.809425,14.809425,14.828064,14.790794,14.809425,14.660179,14.734833,14.772133,14.865326,14.995636,14.753487,14.846703,14.772133,14.921196,14.846703,15.032837,14.809425,14.921196,14.772133,14.772133,14.958420,14.772133,14.790794,14.772133,14.865326,14.716171,14.716171,14.883965,14.883965,14.902580,14.753487,14.846703,14.977043,14.921196,14.921196,14.977043,14.883965,14.846703,14.865326,15.014244,14.660179,15.014244,14.883965,14.977043,15.125755,14.716171,14.902580,14.809425,15.107178,14.883965,14.883965,14.716171,14.697517,14.622826,14.716171,14.660179,14.491982,14.417122,14.529381,14.473274,14.491982,14.734833,14.641502,14.473274,14.641502,14.828064,14.753487,14.753487,15.032837,14.921196,15.051422,15.255684,14.716171,14.995636,14.977043,14.883965,14.828064,14.753487,14.958420,14.865326,14.828064,14.566772,14.753487,14.678848,14.548080,14.510681,14.566772,14.641502,14.548080,14.678848,14.977043,14.902580,14.790794,14.491982,14.641502,14.921196,14.678848,14.828064,14.660179,14.734833,14.660179,14.977043,14.660179,14.734833,14.585457,14.734833,14.828064,14.548080,14.902580,14.734833,14.790794,14.697517,14.622826,14.678848,14.753487,14.660179,14.678848,14.921196,14.772133,14.716171,14.641502,14.697517,14.641502,14.716171,14.678848,14.734833,14.865326,14.828064,14.734833,14.734833,14.846703,14.734833,14.734833,14.902580,14.641502,14.678848,14.902580,14.697517,14.678848,14.958420,14.921196,14.678848,14.660179,14.678848,14.716171,14.548080,14.921196,14.641502,14.641502,14.846703,14.790794,14.697517,14.734833,14.902580,14.809425,14.790794,14.883965,14.585457,14.828064,14.790794,14.809425,14.790794,14.660179,14.678848,14.902580,14.622826,14.697517,14.846703,14.809425,15.070015,14.697517,14.809425,14.977043,14.641502,14.734833,14.604141,14.902580,14.734833,14.883965,14.883965,14.846703,14.902580,14.865326,14.790794,14.939812,14.865326,14.977043,14.865326,14.828064,14.902580,15.181458,15.014244,14.902580,14.772133,15.032837,14.921196,14.977043,15.125755,15.107178,
15.551949,15.329842,15.162895,15.237137,14.995636,15.329842,15.088600,15.255684,15.237137,15.051422,15.237137,15.088600,15.014244,15.051422,15.088600,15.014244,15.218575,15.255684,15.144333,15.237137,15.422462,15.514977,15.570435,15.976097,16.489677,16.800026,17.127403,17.399261,17.832420,18.102013,18.513702,18.887802,19.171692,19.366287,19.419281,19.736496,20.069977,19.789246,20.087494,20.157509,20.209976,20.454369,20.367180,20.314804,20.017418,20.279877,20.332268,20.436943,20.349724,20.314804,20.227455,20.332268,20.279877,20.419502,20.384621,20.524055,20.419502,20.611084,20.645866,20.628487,20.663254,20.715385,20.715385,20.680634,20.871582,20.576286,20.698021,20.558884,20.576286,20.628487,20.558884,20.663254,20.593697,20.750122,20.576286,20.680634,20.871582,20.888908,21.027458,20.992851,21.062057,21.010155,21.165756,21.338272,21.372734,21.561981,21.527603,21.561981,21.458817,21.682167,21.596336,21.665016,21.870644,21.785027,21.682167,21.733620,21.544792,21.836411,21.921967,21.887764,21.767891,21.802162,21.853539,22.109856,21.939064,21.904861,21.990349,21.973259,22.024513,22.024513,21.973259,22.126915,21.973259,21.990349,21.956161,22.041588,22.109856,22.143959,21.853539,22.058662,22.109856,22.212143,21.956161,22.126915,22.041588,22.246208,22.331291,22.178062,22.092789,22.195107,22.126915,22.024513,21.990349,22.092789,22.126915,22.024513,21.990349,22.143959,22.178062,22.007431,22.195107,22.109856,22.024513,22.195107,22.178062,22.263237,22.365303,22.161018,22.365303,22.195107,22.450264,22.348305,22.433289,22.382309,22.263237,22.501198,22.467247,22.569054,22.569054,22.535133,22.602951,22.569054,22.653778,22.670708,22.552086,22.687645,22.670708,22.738411,22.619896,22.433289,22.586006,22.552086,22.619896,22.619896,22.535133,22.619896,22.687645,22.552086,22.569054,22.704575,22.602951,22.518166,22.619896,22.586006,22.602951,22.721489,22.450264,22.535133,22.789139,22.704575,22.670708,22.653778,22.619896,22.636833,22.619896,22.653778,22.636833,22.331291,22.484222,22.348305,22.212143,22.297272,22.280251,22.229179,22.314293,22.024513,21.716469,21.990349,22.058662,22.075729,21.853539,21.785027,21.836411,21.939064,21.733620,21.579163,21.716469,21.870644,21.630684,21.733620,21.750755,21.699318,21.767891,21.561981,21.767891,21.750755,21.716469,21.665016,21.682167,21.579163,21.630684,21.665016,21.510414,21.699318,21.733620,21.785027,21.750755,21.836411,21.510414,21.733620,21.699318,21.561981,21.733620,21.596336,21.682167,21.647850,21.441612,21.510414,21.458817,21.338272,21.476021,21.544792,21.561981,21.372734,21.441612,21.544792,21.389961,21.389961,21.355507,21.338272,21.338272,21.476021,21.338272,21.372734,21.286568,21.476021,21.286568,21.441612,21.183029,21.234810,21.372734,21.131203,21.355507,21.286568,21.321045,21.269310,21.269310,21.113914,21.183029,21.217552,21.113914,21.148476,21.062057,21.148476,21.062057,20.906242,20.802200,20.732758,20.663254,20.628487,20.732758,20.767487,20.576286,20.489220,20.698021,20.384621,20.349724,20.209976,20.157509,20.367180,20.262413,20.122513,20.069977,20.105003,20.087494,19.736496,19.630898,19.859520,19.771667,19.578049,19.578049,19.454590,19.366287,19.419281,19.542793,19.454590,19.313263,19.472237,19.330948,19.525154,19.560417,19.348618,19.472237,19.472237,19.489883,19.472237,19.525154,19.419281,19.295586,19.242508,19.242508,19.118538,19.260208,19.047615,19.083084,19.100807,18.976631,18.923340,18.638596,18.209602,18.084076,17.760384,17.598068,17.417351,17.000237,16.654121,16.269951,16.049652,15.773499,15.588913,15.255684,15.088600,15.088600,14.790794,14.902580,14.846703,14.753487,14.921196,14.809425,15.032837,14.939812,14.883965,15.051422,15.125755,15.014244,15.051422,15.014244,14.958420,14.921196,15.051422,15.032837,15.051422,15.014244,15.014244,14.995636,15.051422,14.939812,14.995636,15.051422,15.144333,15.088600,15.088600,15.032837,15.125755,14.958420,15.014244,14.995636,14.772133,15.088600,14.883965,14.995636,14.995636,14.734833,15.014244,14.939812,14.902580,14.753487,14.902580,14.809425,14.958420,14.753487,14.977043,14.902580,14.865326,14.921196,14.772133,14.697517,14.641502,14.734833,14.809425,14.753487,14.865326,14.995636,14.697517,14.921196,14.939812,14.585457,14.939812,14.753487,14.865326,14.734833,14.921196,15.014244,14.790794,14.809425,14.753487,14.846703,14.883965,14.883965,14.921196,14.883965,14.902580,14.809425,14.846703,14.921196,14.809425,14.995636,14.809425,14.753487,14.734833,14.772133,14.958420,14.828064,14.790794,14.846703,14.697517,14.865326,14.772133,14.753487,14.995636,14.809425,14.790794,14.716171,14.902580,14.939812,14.883965,14.921196,14.734833,14.809425,14.828064,14.697517,14.716171,14.809425,14.809425,14.865326,14.734833,14.809425,15.051422,14.846703,14.828064,14.883965,14.753487,14.902580,14.790794,14.790794,14.902580,14.921196,14.921196,15.032837,14.865326,14.939812,14.921196,15.014244,15.051422,15.088600,14.995636,14.939812,14.958420,14.921196,15.032837,14.977043,14.790794,15.014244,14.641502,14.734833,14.734833,14.660179,14.417122,14.435844,14.585457,14.360939,14.491982,14.641502,14.734833,14.753487,14.734833,14.846703,15.051422,14.809425,14.977043,15.200020,15.070015,15.125755,15.051422,14.995636,14.939812,14.883965,14.921196,14.902580,14.772133,14.883965,15.070015,14.548080,14.697517,14.753487,14.585457,14.454552,14.529381,14.529381,14.566772,14.604141,14.510681,14.772133,14.883965,14.678848,14.716171,14.790794,14.622826,14.790794,14.865326,14.828064,14.734833,14.734833,14.716171,14.790794,14.753487,14.921196,14.697517,14.604141,14.660179,14.716171,14.716171,14.828064,14.660179,14.716171,14.622826,14.660179,14.809425,14.958420,14.772133,14.585457,14.828064,14.828064,14.828064,14.772133,14.641502,14.585457,14.585457,14.809425,14.753487,14.809425,14.622826,14.566772,14.772133,14.510681,14.678848,14.734833,14.697517,14.660179,14.678848,14.772133,14.716171,14.734833,14.585457,14.734833,14.566772,14.548080,14.678848,14.660179,14.716171,14.883965,14.716171,14.622826,14.529381,14.790794,14.995636,14.846703,14.716171,14.660179,14.865326,14.809425,14.585457,14.939812,14.790794,14.939812,14.790794,14.772133,14.660179,14.958420,14.902580,14.865326,14.902580,14.660179,14.772133,14.846703,15.051422,14.772133,14.883965,14.660179,14.921196,14.902580,14.883965,14.697517,14.883965,14.828064,14.921196,15.051422,15.088600,14.716171,14.734833,14.902580,14.921196,14.958420,15.014244,14.995636,14.734833,15.051422,15.014244,15.032837,15.385422,
15.385422,15.329842,15.292770,15.255684,15.255684,15.329842,15.144333,15.200020,15.311302,15.125755,15.070015,15.144333,15.032837,15.144333,14.977043,15.051422,15.107178,15.070015,15.125755,15.125755,15.292770,15.348373,15.625862,15.791931,16.214928,16.727104,17.163704,17.507759,17.760384,18.227524,18.549400,19.065346,19.065346,19.472237,19.507530,19.754082,19.912178,20.262413,19.859520,20.140007,20.105003,19.982353,20.227455,20.314804,20.192490,20.262413,20.314804,20.262413,20.227455,20.192490,20.367180,20.419502,20.157509,20.471802,20.402061,20.541473,20.419502,20.593697,20.645866,20.680634,20.784843,20.732758,20.663254,20.732758,20.958221,20.506645,20.750122,20.698021,20.680634,20.645866,20.645866,20.611084,20.611084,20.628487,20.628487,20.750122,20.802200,20.767487,20.923576,20.888908,21.079346,21.200287,20.958221,21.183029,21.183029,21.303802,21.493217,21.510414,21.424393,21.613518,21.527603,21.682167,21.613518,21.458817,21.819290,21.544792,21.733620,21.682167,21.561981,21.579163,21.682167,21.716469,21.767891,21.699318,21.939064,21.836411,21.767891,22.041588,21.904861,21.733620,21.956161,21.956161,21.939064,21.904861,21.819290,21.973259,21.887764,22.007431,22.058662,21.990349,21.990349,22.178062,21.853539,22.195107,22.075729,22.109856,22.058662,22.041588,22.126915,22.024513,22.024513,21.990349,22.007431,22.007431,21.733620,21.973259,21.956161,22.024513,22.041588,22.229179,21.990349,22.161018,22.178062,22.263237,22.263237,22.314293,22.246208,22.212143,22.195107,22.229179,22.178062,22.246208,22.161018,22.246208,22.467247,22.348305,22.416298,22.467247,22.704575,22.518166,22.484222,22.450264,22.619896,22.365303,22.467247,22.586006,22.433289,22.467247,22.535133,22.518166,22.535133,22.433289,22.518166,22.670708,22.484222,22.704575,22.501198,22.738411,22.518166,22.602951,22.670708,22.416298,22.687645,22.755325,22.687645,22.535133,22.704575,22.619896,22.704575,22.586006,22.450264,22.670708,22.501198,22.772232,22.602951,22.772232,22.687645,22.433289,22.416298,22.161018,22.246208,22.416298,22.161018,22.314293,22.024513,22.024513,21.887764,21.733620,21.853539,21.921967,21.682167,21.716469,21.853539,21.716469,21.630684,21.665016,21.819290,21.561981,21.904861,21.767891,21.579163,21.716469,21.561981,21.699318,21.767891,21.613518,21.767891,21.699318,21.579163,21.579163,21.733620,21.579163,21.733620,21.733620,21.579163,21.699318,21.767891,21.665016,21.785027,21.613518,21.630684,21.476021,21.682167,21.682167,21.510414,21.733620,21.527603,21.407181,21.407181,21.544792,21.441612,21.527603,21.407181,21.355507,21.527603,21.407181,21.458817,21.321045,21.510414,21.321045,21.527603,21.476021,21.424393,21.286568,21.269310,21.303802,21.252068,21.579163,21.372734,21.372734,21.407181,21.234810,21.476021,21.424393,21.165756,21.355507,21.131203,21.269310,21.079346,21.269310,21.113914,20.975533,21.096642,21.010155,20.923576,20.940895,20.906242,20.975533,20.698021,20.698021,20.767487,20.663254,20.436943,20.524055,20.402061,20.122513,20.349724,20.244934,20.209976,20.367180,20.192490,20.332268,20.227455,20.069977,19.912178,19.947273,19.841957,19.824394,19.666115,19.595665,19.542793,19.507530,19.454590,19.507530,19.489883,19.525154,19.454590,19.472237,19.542793,19.401619,19.330948,19.313263,19.401619,19.666115,19.630898,19.578049,19.454590,19.436943,19.295586,19.330948,19.189407,19.313263,19.260208,19.189407,19.224815,18.976631,18.887802,18.887802,18.567253,18.442253,18.102013,18.012245,17.598068,17.290627,16.909286,16.654121,16.159874,15.810371,15.681252,15.496475,15.218575,15.237137,14.883965,14.846703,14.828064,14.977043,14.921196,15.088600,14.865326,14.995636,14.883965,14.902580,15.255684,15.144333,14.995636,15.088600,15.032837,14.995636,14.977043,15.032837,15.107178,14.995636,15.107178,14.977043,15.181458,15.200020,15.014244,15.200020,14.958420,15.237137,15.181458,15.125755,15.014244,15.125755,15.032837,15.032837,14.846703,15.014244,15.032837,14.958420,14.828064,15.107178,15.032837,14.902580,15.014244,14.921196,14.977043,14.809425,14.828064,14.921196,14.902580,14.902580,14.939812,14.846703,14.660179,14.790794,14.958420,14.921196,14.809425,14.865326,14.828064,14.958420,14.828064,14.865326,14.734833,14.790794,14.921196,14.753487,14.790794,14.921196,14.883965,14.790794,14.939812,14.958420,14.939812,14.883965,14.883965,14.995636,14.753487,14.809425,14.865326,14.865326,14.865326,14.753487,14.809425,14.809425,14.921196,14.883965,14.846703,14.846703,14.491982,14.865326,14.883965,14.883965,14.678848,14.734833,14.846703,14.977043,14.734833,14.716171,14.697517,14.846703,14.883965,14.828064,14.902580,14.809425,14.883965,14.697517,14.846703,14.678848,14.883965,14.734833,14.641502,14.678848,14.865326,14.977043,14.958420,14.846703,14.734833,14.958420,14.753487,15.070015,14.865326,14.902580,14.828064,14.921196,14.772133,14.809425,14.846703,14.921196,15.014244,15.070015,14.995636,14.883965,14.828064,14.921196,14.622826,14.995636,14.790794,15.162895,14.846703,14.883965,14.716171,14.753487,14.604141,14.697517,14.641502,14.753487,14.585457,14.548080,14.529381,14.660179,14.529381,14.678848,14.529381,14.846703,14.865326,15.070015,14.865326,14.958420,15.032837,15.051422,14.828064,15.088600,14.939812,15.070015,14.977043,14.902580,14.790794,14.939812,14.958420,14.716171,14.548080,14.734833,14.660179,14.510681,14.641502,14.622826,14.566772,14.790794,14.660179,14.846703,14.660179,14.734833,14.510681,14.548080,14.660179,14.865326,14.697517,14.828064,14.902580,14.790794,14.548080,14.678848,14.641502,14.566772,14.697517,14.846703,14.846703,14.697517,14.828064,14.697517,14.660179,14.641502,14.604141,14.753487,14.660179,14.585457,14.604141,14.753487,14.604141,14.678848,14.734833,14.510681,14.716171,14.734833,14.678848,14.753487,14.548080,14.641502,14.734833,14.548080,14.772133,14.678848,14.660179,14.734833,14.548080,14.660179,14.604141,14.772133,14.790794,14.846703,14.678848,14.790794,14.809425,14.548080,14.566772,14.622826,14.790794,14.790794,14.772133,14.604141,14.846703,14.697517,14.734833,14.828064,14.809425,14.977043,14.958420,14.716171,14.753487,14.995636,14.548080,14.846703,14.753487,14.809425,14.846703,14.828064,14.828064,14.604141,14.734833,14.585457,14.678848,14.753487,14.809425,14.734833,14.846703,14.809425,14.883965,14.716171,14.902580,14.828064,14.902580,14.977043,14.828064,14.790794,15.200020,15.070015,14.939812,14.977043,14.902580,15.032837,14.883965,14.716171,14.921196,14.939812,14.865326,14.921196,15.125755,14.977043,
15.496475,15.218575,15.255684,15.200020,15.051422,15.218575,15.237137,15.200020,15.366905,15.070015,15.125755,15.162895,15.218575,14.828064,15.088600,15.181458,15.088600,15.051422,15.144333,15.014244,15.403938,15.274223,15.736610,15.884071,16.196571,16.562805,17.127403,17.363060,17.922386,18.209602,18.531555,18.692055,19.100807,19.313263,19.489883,19.718910,19.859520,19.877083,19.929733,20.069977,20.052460,20.174995,20.314804,20.314804,20.227455,20.262413,20.314804,20.558884,20.524055,20.349724,20.279877,20.297348,20.244934,20.402061,20.349724,20.541473,20.506645,20.645866,20.593697,20.628487,20.698021,20.836899,20.784843,20.698021,20.715385,20.680634,20.784843,20.767487,20.663254,20.663254,20.715385,20.698021,20.628487,20.628487,20.819542,20.611084,20.663254,20.524055,20.888908,20.940895,20.906242,21.044754,21.010155,21.113914,21.062057,21.252068,21.183029,21.441612,21.372734,21.441612,21.389961,21.355507,21.372734,21.544792,21.424393,21.716469,21.458817,21.579163,21.716469,21.596336,21.733620,21.699318,21.716469,21.733620,21.904861,21.716469,21.767891,21.802162,21.699318,21.699318,21.699318,21.682167,21.921967,21.853539,21.699318,21.819290,21.939064,21.767891,22.058662,21.767891,21.973259,21.870644,22.024513,21.973259,21.939064,21.870644,22.007431,22.092789,22.178062,21.990349,21.836411,21.767891,21.767891,22.007431,21.853539,21.990349,22.058662,22.024513,22.007431,22.075729,22.143959,22.007431,22.092789,22.348305,22.195107,22.263237,22.365303,22.195107,22.212143,22.229179,22.280251,22.246208,22.365303,22.280251,22.450264,22.467247,22.535133,22.399300,22.653778,22.382309,22.348305,22.636833,22.552086,22.653778,22.450264,22.552086,22.535133,22.755325,22.450264,22.501198,22.365303,22.569054,22.586006,22.501198,22.518166,22.535133,22.535133,22.704575,22.569054,22.518166,22.789139,22.450264,22.687645,22.569054,22.636833,22.653778,22.619896,22.433289,22.484222,22.619896,22.586006,22.670708,22.518166,22.552086,22.619896,22.484222,22.467247,22.348305,22.365303,22.450264,22.331291,22.399300,22.348305,22.212143,22.092789,22.195107,22.092789,22.109856,21.904861,21.939064,21.819290,21.716469,21.853539,21.904861,21.921967,21.716469,21.682167,21.630684,21.682167,21.802162,21.802162,21.647850,21.527603,21.613518,21.647850,21.682167,21.647850,21.819290,21.699318,21.630684,21.630684,21.647850,21.733620,21.733620,21.767891,21.561981,21.699318,21.750755,21.699318,21.733620,21.613518,21.665016,21.596336,21.647850,21.647850,21.699318,21.424393,21.510414,21.458817,21.493217,21.682167,21.372734,21.579163,21.424393,21.321045,21.303802,21.355507,21.407181,21.321045,21.338272,21.476021,21.252068,21.217552,21.303802,21.510414,21.269310,21.234810,21.321045,21.389961,21.200287,21.269310,21.476021,21.355507,21.321045,21.321045,21.269310,21.269310,21.441612,21.338272,21.269310,21.113914,21.269310,21.010155,21.131203,21.044754,20.871582,20.836899,20.854233,20.906242,20.819542,20.888908,20.750122,20.471802,20.419502,20.384621,20.576286,20.402061,20.611084,20.314804,20.297348,20.279877,20.262413,20.140007,20.017418,20.034943,20.122513,19.877083,19.736496,19.701309,19.595665,19.666115,19.525154,19.436943,19.648506,19.595665,19.383957,19.525154,19.613289,19.542793,19.383957,19.525154,19.613289,19.401619,19.560417,19.525154,19.472237,19.472237,19.313263,19.366287,19.313263,19.242508,19.224815,19.242508,19.083084,19.065346,19.083084,18.976631,18.692055,18.620766,18.495850,18.155830,17.868416,17.670250,17.308739,16.891090,16.581078,16.214928,15.957695,15.588913,15.274223,15.032837,15.162895,15.144333,14.995636,14.883965,14.846703,14.660179,15.107178,15.032837,15.088600,15.032837,14.977043,14.772133,15.125755,14.678848,15.032837,15.032837,15.162895,15.014244,15.107178,15.125755,14.921196,15.014244,14.995636,15.014244,14.977043,14.883965,14.921196,14.977043,14.958420,14.939812,15.088600,15.051422,14.921196,14.995636,15.051422,15.032837,14.958420,14.977043,15.051422,15.088600,14.958420,14.902580,15.051422,14.660179,15.014244,14.865326,14.902580,14.883965,14.883965,14.828064,14.809425,14.660179,15.070015,14.716171,14.902580,14.846703,14.678848,14.846703,14.995636,14.902580,14.772133,14.902580,14.865326,14.958420,15.032837,14.958420,14.660179,14.883965,14.865326,14.772133,14.939812,14.921196,14.846703,14.846703,14.846703,14.753487,14.865326,14.828064,14.883965,15.070015,14.902580,14.828064,14.828064,14.828064,14.921196,14.828064,14.939812,14.921196,14.902580,14.678848,14.846703,14.995636,15.014244,14.660179,14.939812,14.790794,14.865326,14.865326,14.883965,14.883965,15.070015,14.977043,14.846703,14.809425,14.790794,14.716171,14.902580,14.716171,14.921196,14.734833,14.883965,14.790794,14.865326,14.865326,14.678848,14.790794,14.828064,14.753487,14.921196,14.939812,14.977043,14.921196,14.865326,14.883965,14.902580,14.977043,14.809425,14.716171,15.070015,14.958420,15.051422,14.809425,14.865326,14.977043,14.939812,14.939812,14.865326,14.865326,14.995636,14.716171,14.716171,14.921196,14.641502,14.790794,14.660179,14.622826,14.604141,14.604141,14.417122,14.379669,14.678848,14.435844,14.622826,14.716171,14.566772,14.678848,14.902580,14.977043,15.144333,15.237137,15.088600,14.921196,15.088600,15.218575,15.032837,14.958420,14.977043,14.921196,14.883965,14.921196,14.622826,14.641502,14.678848,14.753487,14.772133,14.379669,14.604141,14.716171,14.622826,14.660179,14.678848,15.014244,14.716171,14.548080,14.641502,14.828064,14.883965,14.846703,14.678848,14.585457,14.641502,14.604141,14.772133,14.809425,14.809425,14.660179,14.772133,14.697517,14.678848,14.809425,14.641502,14.734833,14.809425,14.566772,14.697517,14.734833,14.697517,15.032837,14.622826,14.678848,14.678848,14.604141,14.921196,14.566772,14.622826,14.939812,14.491982,14.828064,14.883965,14.566772,14.716171,14.809425,14.790794,14.697517,14.734833,14.753487,14.809425,14.753487,14.809425,14.772133,14.585457,14.734833,14.790794,14.417122,14.641502,14.734833,14.641502,14.716171,14.772133,14.828064,14.772133,14.772133,14.809425,14.641502,14.772133,14.790794,14.697517,14.641502,14.809425,14.529381,14.883965,14.660179,14.772133,14.883965,15.032837,14.753487,14.846703,14.883965,14.641502,14.697517,14.790794,14.809425,14.753487,14.977043,14.660179,14.697517,14.958420,14.809425,14.716171,14.716171,15.014244,14.883965,14.790794,14.902580,15.051422,14.902580,14.865326,14.939812,14.828064,14.753487,14.809425,14.790794,14.883965,14.939812,14.977043,15.014244,14.846703,14.939812,15.125755,
15.607391,15.329842,15.144333,15.162895,15.125755,15.125755,15.237137,15.403938,15.274223,15.181458,15.014244,15.255684,15.088600,15.162895,15.014244,14.939812,15.237137,15.032837,15.032837,15.292770,15.107178,15.588913,15.662788,15.902481,16.453102,16.891090,17.036591,17.181839,17.976311,18.119965,18.460121,18.834473,19.171692,19.348618,19.313263,19.771667,19.841957,19.982353,20.052460,20.192490,20.209976,20.367180,20.244934,20.489220,20.367180,20.524055,20.297348,20.454369,20.384621,20.367180,20.209976,20.680634,20.489220,20.541473,20.750122,20.628487,20.524055,20.715385,20.802200,20.645866,20.767487,20.923576,20.906242,20.888908,20.750122,20.906242,20.715385,20.923576,20.715385,20.732758,20.663254,20.576286,20.471802,20.611084,20.645866,20.506645,20.645866,20.628487,20.836899,20.802200,20.819542,20.836899,20.940895,21.131203,21.165756,21.096642,21.286568,21.217552,21.217552,21.269310,21.286568,21.165756,21.286568,21.596336,21.561981,21.338272,21.493217,21.407181,21.579163,21.733620,21.476021,21.665016,21.630684,21.870644,21.733620,21.630684,21.733620,21.682167,21.699318,21.647850,21.785027,21.802162,21.716469,21.733620,21.716469,21.836411,21.750755,21.956161,21.870644,21.853539,21.819290,21.733620,21.990349,21.990349,21.887764,21.836411,21.819290,21.853539,21.750755,21.853539,21.904861,21.682167,21.750755,21.973259,22.007431,21.802162,21.870644,21.819290,21.956161,21.973259,22.365303,22.314293,22.178062,21.973259,22.331291,22.280251,22.263237,22.331291,22.143959,22.143959,22.143959,22.297272,22.195107,22.314293,22.314293,22.246208,22.501198,22.416298,22.619896,22.586006,22.501198,22.450264,22.518166,22.399300,22.399300,22.399300,22.484222,22.382309,22.484222,22.602951,22.552086,22.518166,22.535133,22.569054,22.467247,22.552086,22.484222,22.636833,22.501198,22.602951,22.619896,22.586006,22.670708,22.467247,22.619896,22.636833,22.467247,22.501198,22.484222,22.653778,22.619896,22.416298,22.636833,22.670708,22.433289,22.467247,22.399300,22.246208,22.348305,22.382309,22.552086,22.178062,22.365303,22.161018,22.007431,22.092789,22.178062,22.092789,21.990349,21.887764,21.904861,21.716469,21.973259,21.904861,21.870644,21.887764,21.699318,21.750755,21.733620,21.750755,21.682167,21.716469,21.939064,21.819290,21.733620,21.647850,21.596336,21.716469,21.716469,21.699318,21.527603,21.716469,21.630684,21.750755,21.733620,21.819290,21.802162,21.853539,21.699318,21.716469,21.699318,21.785027,21.579163,21.716469,21.544792,21.510414,21.493217,21.561981,21.372734,21.561981,21.389961,21.269310,21.510414,21.527603,21.561981,21.476021,21.407181,21.355507,21.407181,21.269310,21.355507,21.407181,21.252068,21.372734,21.183029,21.286568,21.303802,21.200287,21.372734,21.372734,21.269310,21.441612,21.234810,21.303802,21.441612,21.131203,21.286568,21.131203,21.269310,21.096642,21.200287,21.113914,20.992851,21.148476,20.871582,20.975533,20.906242,20.802200,20.802200,20.628487,20.732758,20.471802,20.593697,20.593697,20.436943,20.384621,20.593697,20.402061,20.419502,20.314804,20.122513,20.192490,20.105003,19.929733,20.034943,19.912178,19.771667,19.806816,19.771667,19.630898,19.507530,19.648506,19.718910,19.630898,19.648506,19.525154,19.630898,19.613289,19.525154,19.366287,19.366287,19.472237,19.525154,19.613289,19.472237,19.419281,19.595665,19.560417,19.489883,19.419281,19.348618,19.330948,19.153984,19.207108,19.136261,19.153984,19.100807,18.763298,18.852249,18.352852,18.137894,17.994278,17.634163,17.308739,16.818245,16.635872,16.398201,16.012886,15.570435,15.366905,15.237137,15.107178,14.958420,14.809425,14.902580,14.995636,14.921196,14.921196,14.995636,14.939812,14.939812,15.051422,14.883965,14.828064,14.977043,15.051422,15.070015,15.014244,14.883965,15.014244,15.051422,15.014244,14.865326,14.921196,14.958420,14.921196,14.958420,15.032837,15.070015,15.032837,14.977043,15.144333,15.088600,14.939812,14.958420,15.107178,15.014244,14.846703,15.107178,15.014244,14.883965,14.883965,15.014244,14.902580,14.828064,14.828064,14.828064,14.828064,14.921196,14.958420,14.902580,14.865326,14.846703,14.790794,14.865326,14.939812,15.014244,14.883965,14.790794,14.846703,14.883965,14.883965,14.995636,14.902580,14.809425,14.921196,14.883965,14.790794,14.828064,14.790794,14.790794,14.641502,14.902580,14.939812,14.883965,14.939812,14.865326,14.958420,14.772133,15.014244,14.790794,14.865326,14.902580,14.902580,14.883965,14.902580,14.846703,14.921196,14.809425,14.828064,14.883965,14.921196,14.753487,14.958420,14.716171,14.865326,14.697517,14.902580,14.939812,14.883965,14.790794,14.883965,14.921196,14.846703,14.734833,14.828064,14.865326,14.902580,14.846703,14.566772,14.921196,14.753487,14.846703,15.051422,14.660179,14.716171,14.828064,14.790794,14.809425,14.790794,14.939812,14.828064,14.939812,15.070015,15.051422,14.977043,15.032837,14.977043,15.125755,14.902580,14.921196,14.977043,15.070015,15.144333,14.921196,14.883965,14.958420,14.977043,15.088600,14.977043,14.921196,14.753487,14.995636,14.716171,14.491982,14.548080,14.660179,14.678848,14.529381,14.398399,14.454552,14.473274,14.678848,14.641502,14.660179,14.716171,14.958420,15.051422,14.921196,15.014244,15.200020,14.995636,14.995636,15.237137,15.051422,15.144333,15.014244,15.051422,14.958420,15.070015,14.828064,14.548080,14.566772,14.641502,14.697517,14.585457,14.734833,14.753487,14.716171,14.734833,14.622826,14.753487,14.753487,14.809425,14.697517,14.846703,14.753487,14.865326,14.660179,14.921196,14.566772,14.809425,14.604141,14.678848,14.790794,14.809425,14.828064,14.734833,14.734833,14.846703,14.716171,14.697517,14.772133,14.622826,14.883965,14.585457,14.902580,14.678848,14.566772,14.604141,14.865326,14.809425,14.753487,14.809425,14.678848,14.697517,14.548080,14.697517,14.660179,14.716171,14.828064,14.697517,14.753487,14.734833,14.846703,14.697517,14.921196,14.772133,14.772133,14.678848,14.697517,14.622826,14.883965,14.753487,14.753487,14.846703,14.772133,14.454552,14.473274,14.734833,14.790794,14.809425,14.622826,14.641502,14.734833,14.622826,14.585457,14.809425,14.809425,14.734833,14.716171,14.846703,14.734833,14.828064,14.753487,14.734833,14.790794,14.753487,14.548080,14.716171,14.697517,14.883965,14.753487,14.548080,14.716171,14.865326,14.902580,14.865326,14.734833,14.958420,14.865326,15.051422,14.846703,14.772133,14.828064,14.977043,14.753487,14.995636,15.051422,14.846703,15.032837,14.753487,14.846703,14.772133,15.107178,14.958420,14.902580,14.865326,15.032837,15.218575,
15.403938,15.125755,15.088600,15.237137,14.995636,15.181458,15.032837,15.311302,15.088600,15.255684,14.995636,15.162895,15.070015,15.200020,14.865326,14.995636,14.958420,14.939812,14.846703,15.181458,15.200020,15.218575,15.496475,16.049652,16.269951,16.672379,17.018410,17.272507,17.886406,18.155830,18.352852,18.852249,19.100807,19.207108,19.718910,19.771667,19.824394,20.017418,19.999893,20.034943,20.017418,20.174995,20.489220,20.349724,20.454369,20.454369,20.419502,20.524055,20.524055,20.297348,20.524055,20.489220,20.471802,20.524055,20.698021,20.471802,20.524055,20.854233,20.819542,20.888908,20.784843,20.802200,20.906242,20.767487,20.680634,20.767487,20.819542,20.767487,20.871582,20.750122,20.836899,20.558884,20.489220,20.628487,20.489220,20.471802,20.628487,20.750122,20.750122,20.576286,20.802200,20.940895,20.923576,20.906242,21.044754,20.958221,21.096642,20.923576,21.062057,21.234810,21.234810,21.165756,21.200287,21.269310,21.234810,21.286568,21.544792,21.476021,21.527603,21.544792,21.476021,21.579163,21.596336,21.544792,21.699318,21.750755,21.476021,21.750755,21.904861,21.665016,21.647850,21.493217,21.767891,21.750755,21.716469,21.716469,21.561981,21.767891,21.853539,21.853539,21.699318,21.441612,21.596336,21.904861,21.904861,21.733620,21.939064,21.682167,21.733620,21.750755,21.579163,21.561981,21.767891,21.699318,21.819290,21.853539,21.716469,21.733620,21.956161,21.973259,21.990349,22.161018,22.126915,22.246208,22.058662,22.331291,22.007431,22.280251,22.092789,22.331291,22.109856,22.195107,22.331291,22.331291,22.280251,22.382309,22.602951,22.365303,22.365303,22.450264,22.467247,22.365303,22.586006,22.501198,22.365303,22.450264,22.467247,22.382309,22.501198,22.382309,22.484222,22.518166,22.450264,22.535133,22.552086,22.586006,22.467247,22.535133,22.450264,22.484222,22.636833,22.518166,22.501198,22.636833,22.569054,22.416298,22.433289,22.501198,22.552086,22.602951,22.382309,22.484222,22.433289,22.552086,22.501198,22.484222,22.433289,22.518166,22.280251,22.433289,22.518166,22.467247,22.229179,22.109856,22.246208,22.041588,22.161018,22.041588,22.109856,22.092789,21.990349,22.041588,21.750755,21.973259,22.041588,21.956161,21.887764,22.041588,21.870644,21.853539,21.716469,21.767891,21.819290,21.767891,21.785027,21.630684,21.699318,21.682167,21.544792,21.682167,21.819290,21.630684,21.767891,21.750755,21.665016,21.767891,21.630684,21.836411,21.476021,21.716469,21.819290,21.647850,21.682167,21.527603,21.527603,21.527603,21.579163,21.407181,21.613518,21.389961,21.527603,21.665016,21.407181,21.476021,21.407181,21.579163,21.476021,21.389961,21.355507,21.424393,21.389961,21.355507,21.269310,21.355507,21.269310,21.321045,21.183029,21.113914,21.286568,21.183029,21.183029,21.407181,21.269310,21.321045,21.338272,21.286568,21.269310,21.234810,21.286568,21.027458,21.217552,21.269310,21.062057,20.940895,21.027458,20.958221,20.715385,20.888908,20.628487,20.871582,20.663254,20.489220,20.471802,20.541473,20.471802,20.436943,20.471802,20.419502,20.402061,20.384621,20.367180,20.174995,20.052460,20.209976,20.052460,20.052460,19.999893,19.824394,19.894638,19.806816,19.489883,19.630898,19.472237,19.789246,19.754082,19.613289,19.648506,19.507530,19.578049,19.595665,19.630898,19.454590,19.595665,19.754082,19.613289,19.613289,19.560417,19.436943,19.595665,19.348618,19.330948,19.436943,19.419281,19.260208,18.976631,19.083084,19.207108,18.781090,18.585091,18.370735,18.066116,18.048164,17.525826,17.326851,17.036591,16.727104,16.178230,15.847229,15.644325,15.459480,15.181458,14.921196,15.144333,14.995636,14.828064,14.902580,14.846703,14.995636,14.883965,14.921196,15.032837,15.051422,14.958420,14.902580,14.902580,15.014244,14.846703,15.162895,15.125755,15.051422,15.051422,14.958420,14.977043,15.125755,15.181458,15.144333,15.032837,15.032837,15.070015,14.902580,14.902580,14.921196,14.939812,14.846703,14.734833,15.014244,14.995636,14.977043,14.809425,14.995636,14.865326,14.958420,14.902580,14.921196,14.846703,14.902580,14.865326,14.939812,14.716171,14.828064,14.753487,14.828064,14.828064,14.865326,14.697517,14.809425,14.678848,14.716171,14.883965,14.697517,14.753487,14.772133,14.902580,14.939812,14.828064,14.828064,14.734833,14.865326,14.828064,14.585457,14.846703,15.051422,14.790794,14.902580,14.846703,14.809425,14.902580,14.753487,14.734833,14.902580,14.958420,14.939812,14.902580,14.902580,14.846703,14.958420,14.772133,14.939812,14.921196,14.846703,14.660179,14.958420,14.883965,14.902580,14.660179,14.753487,14.846703,14.716171,14.865326,14.883965,14.772133,14.828064,14.939812,14.865326,14.977043,14.753487,14.790794,14.809425,14.809425,14.678848,14.790794,14.753487,14.939812,14.753487,14.883965,14.734833,14.865326,14.939812,14.772133,14.846703,14.883965,14.958420,14.995636,14.921196,14.865326,14.939812,15.070015,15.107178,14.939812,14.828064,14.790794,14.846703,15.051422,14.809425,15.014244,14.828064,15.107178,14.846703,14.902580,14.958420,15.051422,14.641502,14.865326,14.790794,14.622826,14.697517,14.790794,14.622826,14.435844,14.622826,14.473274,14.473274,14.622826,14.716171,14.342201,14.753487,14.865326,15.088600,15.014244,14.921196,14.902580,14.995636,15.200020,15.088600,15.162895,15.032837,14.995636,15.070015,14.809425,14.828064,14.790794,14.846703,14.491982,14.641502,14.548080,14.753487,14.529381,14.660179,14.641502,14.641502,14.566772,14.772133,14.790794,14.828064,14.641502,14.865326,14.809425,14.828064,14.790794,14.772133,14.697517,14.921196,14.678848,14.660179,14.846703,14.865326,14.883965,14.660179,14.641502,14.772133,14.678848,14.716171,14.734833,14.622826,14.548080,14.660179,14.716171,14.865326,14.641502,14.716171,14.753487,14.548080,14.734833,14.902580,14.734833,14.734833,14.491982,14.809425,14.790794,14.566772,14.622826,14.716171,14.678848,14.566772,14.604141,14.939812,14.678848,14.809425,14.660179,14.716171,14.865326,14.809425,14.510681,14.697517,14.585457,14.790794,14.641502,14.995636,14.697517,14.660179,14.697517,14.660179,14.883965,14.622826,15.014244,14.883965,14.697517,14.734833,14.865326,14.753487,14.939812,14.716171,14.697517,14.566772,14.660179,14.716171,14.697517,14.883965,14.678848,14.753487,14.865326,14.772133,14.790794,14.622826,15.014244,14.697517,14.678848,14.828064,14.828064,14.697517,14.977043,15.051422,15.051422,14.883965,14.846703,14.995636,14.809425,14.809425,14.883965,14.697517,14.921196,14.902580,15.237137,14.939812,14.939812,14.660179,15.125755,14.697517,15.032837,15.051422,
15.422462,15.162895,15.329842,15.274223,14.921196,15.107178,15.014244,15.107178,15.032837,15.292770,15.200020,15.051422,15.162895,14.846703,14.828064,14.939812,15.162895,15.144333,14.865326,14.995636,15.032837,15.496475,15.366905,15.791931,16.251610,16.599342,17.109245,17.507759,17.796410,18.066116,18.317062,18.781090,19.260208,19.525154,19.578049,19.630898,20.052460,19.982353,19.947273,19.982353,20.297348,20.244934,20.384621,20.209976,20.471802,20.402061,20.402061,20.314804,20.471802,20.680634,20.558884,20.628487,20.663254,20.802200,20.541473,20.541473,20.645866,20.767487,20.819542,20.992851,20.732758,20.975533,20.784843,20.854233,20.784843,20.576286,20.784843,20.802200,20.541473,20.663254,20.541473,20.611084,20.454369,20.489220,20.611084,20.611084,20.645866,20.611084,20.645866,20.436943,20.906242,20.819542,20.802200,20.767487,20.958221,20.698021,20.854233,21.079346,20.975533,21.044754,20.940895,21.131203,20.992851,21.079346,21.027458,21.183029,21.321045,21.510414,21.165756,21.561981,21.424393,21.561981,21.613518,21.561981,21.321045,21.493217,21.527603,21.647850,21.630684,21.733620,21.561981,21.579163,21.682167,21.441612,21.527603,21.699318,21.682167,21.716469,21.682167,21.527603,21.750755,21.699318,21.682167,21.956161,21.613518,21.785027,21.665016,21.630684,21.699318,21.630684,21.870644,21.733620,21.647850,21.665016,21.665016,21.699318,21.767891,21.785027,21.887764,22.126915,22.007431,22.075729,22.246208,21.973259,22.178062,22.416298,22.246208,22.092789,22.178062,22.348305,22.109856,22.365303,22.246208,22.484222,22.467247,22.365303,22.552086,22.297272,22.433289,22.450264,22.569054,22.263237,22.433289,22.501198,22.331291,22.535133,22.552086,22.433289,22.450264,22.586006,22.535133,22.535133,22.416298,22.501198,22.738411,22.501198,22.569054,22.484222,22.535133,22.586006,22.450264,22.569054,22.535133,22.602951,22.602951,22.789139,22.552086,22.467247,22.348305,22.365303,22.535133,22.348305,22.501198,22.535133,22.518166,22.552086,22.467247,22.484222,22.348305,22.348305,22.280251,22.314293,22.212143,22.246208,22.075729,22.331291,22.126915,22.178062,21.973259,21.939064,22.007431,22.058662,21.956161,21.973259,21.904861,21.904861,22.041588,22.058662,22.041588,21.904861,21.853539,21.853539,21.904861,21.630684,21.665016,21.544792,21.476021,21.819290,21.682167,21.510414,21.596336,21.613518,21.613518,21.630684,21.699318,21.682167,21.630684,21.613518,21.682167,21.665016,21.579163,21.544792,21.665016,21.665016,21.561981,21.527603,21.510414,21.596336,21.493217,21.407181,21.458817,21.458817,21.544792,21.476021,21.183029,21.441612,21.217552,21.424393,21.355507,21.441612,21.596336,21.286568,21.407181,21.286568,21.321045,21.372734,21.148476,21.148476,21.303802,21.062057,21.165756,21.269310,21.200287,21.217552,21.303802,21.286568,21.321045,21.183029,21.217552,21.234810,21.131203,21.044754,21.096642,20.958221,21.096642,20.680634,20.888908,20.802200,20.767487,20.680634,20.715385,20.645866,20.454369,20.541473,20.454369,20.576286,20.471802,20.367180,20.349724,20.262413,20.140007,20.524055,20.402061,20.157509,20.157509,20.105003,20.017418,19.859520,19.754082,19.789246,19.578049,19.701309,19.701309,19.666115,19.806816,19.771667,19.525154,19.666115,19.560417,19.560417,19.701309,19.578049,19.560417,19.560417,19.613289,19.525154,19.507530,19.401619,19.489883,19.383957,19.330948,19.295586,19.489883,19.224815,19.260208,19.083084,18.923340,18.798889,18.531555,18.727684,18.066116,17.994278,17.543900,17.308739,17.091087,16.672379,16.343254,16.104774,15.718163,15.274223,15.329842,15.237137,15.070015,15.032837,14.697517,14.958420,14.828064,14.772133,15.014244,15.162895,14.939812,15.032837,14.939812,14.939812,14.977043,14.977043,15.070015,15.144333,14.921196,15.051422,14.995636,14.995636,14.977043,15.107178,14.865326,15.181458,14.846703,15.014244,14.977043,14.939812,14.958420,15.237137,14.995636,14.939812,14.828064,14.995636,15.014244,14.828064,15.014244,14.958420,14.939812,14.865326,14.846703,14.865326,14.772133,14.753487,14.809425,14.883965,14.790794,14.939812,14.772133,14.678848,14.995636,14.977043,14.809425,14.939812,14.697517,14.995636,14.734833,14.753487,14.846703,14.939812,14.846703,14.790794,14.809425,14.809425,14.809425,14.883965,14.958420,14.902580,14.846703,14.790794,14.902580,14.846703,14.753487,14.977043,15.032837,14.921196,14.678848,14.809425,14.865326,14.902580,14.902580,14.883965,14.809425,14.809425,14.883965,14.865326,14.790794,14.734833,14.828064,14.883965,14.753487,14.772133,14.828064,14.921196,14.921196,14.790794,14.902580,14.828064,14.772133,14.921196,14.809425,14.902580,14.977043,14.846703,14.772133,14.660179,14.772133,14.790794,14.809425,14.902580,14.883965,14.790794,14.939812,14.921196,14.753487,14.977043,14.958420,14.958420,14.753487,14.921196,14.977043,14.883965,14.958420,15.125755,14.921196,15.014244,14.958420,14.939812,14.958420,15.088600,14.902580,14.958420,14.995636,14.772133,14.902580,15.051422,14.921196,14.828064,14.753487,14.716171,14.809425,14.678848,14.809425,14.753487,14.678848,14.360939,14.678848,14.585457,14.604141,14.716171,14.435844,14.604141,14.660179,14.660179,14.883965,14.995636,14.753487,15.125755,14.902580,14.977043,15.051422,15.107178,14.865326,15.218575,14.958420,14.809425,14.921196,14.697517,14.716171,14.716171,14.734833,14.716171,14.566772,14.678848,14.716171,14.865326,14.660179,14.716171,14.622826,14.734833,14.566772,14.846703,14.734833,14.678848,14.790794,14.622826,14.734833,14.772133,14.660179,14.660179,14.622826,14.753487,14.772133,14.660179,14.772133,14.753487,14.491982,14.641502,14.641502,14.883965,14.678848,14.809425,14.809425,14.566772,14.697517,14.753487,14.604141,14.734833,14.790794,14.809425,14.604141,14.753487,14.902580,14.604141,14.734833,14.772133,14.716171,14.604141,14.716171,14.566772,14.790794,14.604141,14.641502,14.828064,14.622826,14.865326,14.641502,14.883965,14.697517,14.753487,14.660179,14.958420,14.734833,14.846703,14.697517,14.678848,14.697517,14.435844,14.753487,14.921196,14.566772,14.734833,14.902580,14.790794,14.809425,14.958420,14.828064,14.772133,14.753487,14.753487,14.809425,14.510681,14.660179,14.828064,14.734833,14.772133,14.772133,14.678848,14.734833,14.977043,14.865326,14.697517,14.566772,15.088600,14.865326,14.790794,14.958420,14.883965,14.883965,14.846703,14.921196,14.883965,14.828064,14.958420,14.939812,14.865326,14.809425,14.977043,14.902580,14.995636,14.921196,14.995636,15.051422,14.883965,14.678848,14.865326,15.144333,15.088600,
15.274223,15.014244,15.200020,15.070015,15.107178,14.958420,15.088600,15.162895,14.977043,15.181458,14.790794,15.144333,15.088600,15.125755,15.051422,15.125755,15.014244,14.977043,15.107178,15.088600,15.051422,15.292770,15.773499,15.828796,16.288277,16.489677,16.781799,17.344955,17.760384,18.137894,18.460121,18.709869,18.941109,19.507530,19.525154,19.929733,20.034943,19.841957,19.824394,20.140007,20.209976,20.017418,20.157509,20.227455,20.384621,20.471802,20.419502,20.436943,20.471802,20.419502,20.611084,20.541473,20.558884,20.663254,20.750122,20.888908,20.663254,21.131203,21.044754,20.992851,20.750122,21.079346,21.113914,20.992851,20.784843,20.854233,20.750122,20.524055,20.888908,20.663254,20.611084,20.576286,20.454369,20.454369,20.558884,20.628487,20.767487,20.715385,20.558884,20.715385,20.732758,20.663254,20.784843,20.975533,20.802200,21.044754,20.871582,20.975533,20.940895,21.079346,20.975533,20.992851,21.062057,20.940895,21.096642,21.148476,20.992851,21.389961,21.148476,21.527603,21.493217,21.338272,21.527603,21.544792,21.407181,21.458817,21.493217,21.407181,21.389961,21.613518,21.338272,21.527603,21.338272,21.510414,21.441612,21.544792,21.613518,21.493217,21.510414,21.613518,21.561981,21.699318,21.613518,21.596336,21.527603,21.613518,21.613518,21.716469,21.579163,21.630684,21.682167,21.527603,21.544792,21.716469,21.613518,21.716469,21.716469,21.596336,21.836411,21.785027,21.836411,21.939064,22.075729,22.058662,22.058662,22.263237,22.024513,22.161018,22.263237,22.280251,22.246208,22.314293,22.314293,22.365303,22.348305,22.416298,22.314293,22.501198,22.297272,22.161018,22.450264,22.501198,22.348305,22.518166,22.365303,22.212143,22.399300,22.467247,22.399300,22.450264,22.450264,22.535133,22.450264,22.467247,22.433289,22.416298,22.602951,22.602951,22.399300,22.450264,22.484222,22.619896,22.365303,22.450264,22.484222,22.484222,22.416298,22.467247,22.297272,22.467247,22.263237,22.450264,22.382309,22.178062,22.433289,22.467247,22.450264,22.365303,22.297272,22.467247,22.382309,22.195107,22.314293,22.246208,22.246208,22.109856,22.263237,22.024513,22.024513,22.024513,22.024513,22.024513,22.058662,21.990349,22.092789,22.092789,22.075729,21.956161,22.007431,21.921967,22.092789,21.802162,21.836411,21.767891,21.699318,21.665016,21.630684,21.458817,21.476021,21.819290,21.613518,21.561981,21.596336,21.544792,21.819290,21.630684,21.510414,21.596336,21.785027,21.493217,21.579163,21.510414,21.561981,21.493217,21.561981,21.476021,21.424393,21.407181,21.544792,21.372734,21.389961,21.458817,21.407181,21.372734,21.407181,21.458817,21.561981,21.441612,21.269310,21.510414,21.286568,21.286568,21.217552,21.321045,21.269310,21.355507,21.286568,21.027458,21.131203,21.062057,21.355507,21.234810,21.200287,21.131203,21.269310,21.303802,21.321045,21.096642,21.044754,21.062057,21.113914,21.183029,20.906242,21.027458,20.836899,20.854233,20.802200,20.923576,20.611084,20.471802,20.506645,20.436943,20.541473,20.558884,20.506645,20.419502,20.524055,20.506645,20.349724,20.489220,20.314804,20.436943,20.402061,20.052460,20.279877,20.174995,20.140007,20.052460,19.964821,19.929733,19.789246,19.630898,19.489883,19.806816,19.736496,19.771667,19.525154,19.929733,19.754082,19.683716,19.630898,19.507530,19.683716,19.683716,19.578049,19.560417,19.578049,19.419281,19.419281,19.436943,19.330948,19.348618,19.383957,19.419281,19.277893,19.118538,19.012123,18.745483,18.656418,18.531555,18.012245,17.670250,17.760384,17.344955,17.054764,16.599342,16.269951,15.957695,15.607391,15.292770,15.255684,15.070015,15.014244,15.070015,14.828064,14.865326,14.865326,14.921196,15.162895,14.939812,14.902580,14.902580,15.051422,14.995636,14.977043,15.125755,15.107178,15.181458,14.977043,14.883965,15.051422,15.200020,14.902580,14.977043,14.958420,14.995636,15.144333,15.014244,15.107178,14.995636,15.088600,15.014244,15.014244,14.977043,14.921196,14.939812,14.902580,15.088600,14.902580,14.865326,14.902580,14.921196,15.107178,15.051422,14.828064,14.734833,14.622826,14.790794,14.828064,14.772133,14.622826,14.902580,14.865326,14.846703,14.846703,14.846703,14.753487,14.809425,14.660179,14.660179,14.809425,14.772133,14.828064,14.846703,14.753487,14.790794,14.883965,14.678848,14.809425,14.939812,14.883965,14.902580,14.921196,14.883965,14.753487,14.883965,14.883965,14.921196,14.939812,14.958420,14.883965,14.902580,14.828064,14.865326,14.865326,14.939812,14.828064,14.883965,14.753487,14.865326,14.828064,14.734833,14.921196,14.809425,14.697517,14.939812,14.660179,14.809425,14.790794,14.716171,14.865326,14.716171,14.958420,14.790794,14.883965,14.977043,14.772133,14.939812,14.883965,14.828064,14.809425,14.977043,14.790794,14.790794,14.678848,14.772133,14.772133,14.809425,14.734833,15.032837,15.032837,14.865326,14.828064,14.958420,14.865326,14.902580,14.828064,15.051422,14.939812,14.995636,14.828064,15.070015,15.051422,15.070015,14.921196,14.995636,14.790794,15.070015,14.883965,15.051422,14.828064,14.921196,14.716171,14.846703,14.678848,14.697517,14.734833,14.529381,14.510681,14.641502,14.435844,14.604141,14.697517,14.622826,14.566772,14.846703,14.790794,14.977043,15.051422,14.790794,14.995636,15.032837,14.977043,14.939812,15.070015,15.014244,14.790794,14.734833,14.809425,14.921196,14.604141,14.660179,14.809425,14.548080,14.566772,14.790794,14.566772,14.548080,14.716171,14.753487,14.716171,14.585457,14.939812,14.772133,14.604141,14.697517,14.734833,14.846703,14.902580,14.697517,14.660179,14.734833,14.790794,14.734833,14.622826,14.622826,14.865326,14.678848,14.828064,14.678848,14.622826,14.753487,14.846703,14.753487,14.697517,14.753487,14.660179,14.548080,14.809425,14.995636,14.678848,14.716171,14.604141,14.641502,14.697517,14.678848,14.734833,14.883965,14.753487,14.902580,14.566772,14.716171,14.678848,14.585457,14.828064,14.566772,14.772133,14.716171,14.734833,14.678848,14.828064,14.753487,14.753487,14.697517,14.510681,14.678848,14.585457,14.753487,14.604141,14.809425,14.809425,14.678848,14.790794,14.716171,14.716171,14.734833,14.604141,14.790794,14.716171,14.809425,14.977043,14.697517,14.753487,14.622826,14.697517,14.697517,14.678848,14.678848,14.697517,14.790794,14.697517,14.622826,14.790794,14.809425,14.622826,14.846703,14.753487,14.809425,14.697517,14.865326,14.772133,14.902580,14.939812,14.977043,14.939812,15.200020,14.977043,15.070015,14.902580,14.809425,14.902580,14.883965,14.902580,14.846703,14.902580,14.790794,14.939812,14.995636,14.902580,14.883965,
15.348373,15.125755,15.237137,15.200020,15.032837,15.237137,15.032837,15.088600,15.051422,14.939812,14.939812,15.088600,15.218575,15.088600,14.995636,14.995636,14.958420,14.883965,14.977043,15.329842,15.292770,15.459480,15.477974,15.976097,16.178230,16.562805,17.091087,17.308739,17.688278,17.886406,18.549400,18.763298,18.958870,19.153984,19.472237,19.630898,19.718910,20.105003,19.771667,20.157509,20.227455,20.034943,20.244934,20.314804,20.297348,20.558884,20.489220,20.419502,20.593697,20.489220,20.558884,20.732758,20.645866,20.802200,21.027458,21.252068,20.888908,20.819542,20.992851,20.888908,20.888908,20.923576,20.784843,20.940895,20.680634,20.819542,20.906242,20.784843,20.698021,20.836899,20.784843,20.715385,20.593697,20.680634,20.541473,20.611084,20.436943,20.419502,20.750122,20.888908,20.558884,20.802200,20.663254,20.802200,20.836899,20.958221,20.854233,20.854233,20.802200,21.079346,21.027458,20.940895,20.802200,21.027458,20.992851,21.131203,20.923576,21.321045,21.389961,21.424393,21.269310,21.458817,21.303802,21.372734,21.234810,21.441612,21.544792,21.458817,21.527603,21.441612,21.286568,21.596336,21.407181,21.441612,21.389961,21.389961,21.424393,21.372734,21.458817,21.476021,21.424393,21.476021,21.476021,21.596336,21.596336,21.647850,21.699318,21.458817,21.510414,21.510414,21.630684,21.544792,21.561981,21.527603,21.493217,21.682167,21.682167,21.802162,21.802162,21.904861,21.921967,22.143959,22.126915,22.143959,22.075729,22.297272,22.331291,22.314293,22.109856,22.246208,22.246208,22.348305,22.365303,22.348305,22.314293,22.246208,22.263237,22.246208,22.348305,22.280251,22.484222,22.348305,22.399300,22.552086,22.382309,22.399300,22.450264,22.433289,22.365303,22.331291,22.433289,22.433289,22.450264,22.569054,22.450264,22.636833,22.535133,22.619896,22.399300,22.586006,22.450264,22.619896,22.382309,22.450264,22.399300,22.552086,22.416298,22.348305,22.416298,22.416298,22.365303,22.297272,22.263237,22.501198,22.314293,22.450264,22.467247,22.382309,22.416298,22.450264,22.331291,22.365303,22.246208,22.246208,22.126915,22.348305,22.041588,22.212143,22.212143,22.041588,22.007431,22.109856,22.007431,22.126915,21.819290,22.092789,22.075729,22.178062,21.921967,22.143959,21.956161,21.853539,21.870644,21.716469,21.699318,21.596336,21.510414,21.647850,21.630684,21.785027,21.596336,21.476021,21.596336,21.647850,21.647850,21.630684,21.527603,21.682167,21.561981,21.630684,21.544792,21.613518,21.596336,21.579163,21.647850,21.510414,21.424393,21.303802,21.372734,21.424393,21.407181,21.389961,21.389961,21.389961,21.476021,21.733620,21.389961,21.286568,21.441612,21.441612,21.355507,21.355507,21.321045,21.321045,21.269310,21.200287,21.321045,21.183029,21.131203,21.286568,21.269310,21.148476,21.165756,21.044754,21.148476,21.148476,21.355507,21.234810,21.010155,21.079346,20.975533,21.079346,20.871582,21.062057,20.819542,20.767487,20.628487,20.819542,20.767487,20.489220,20.489220,20.332268,20.663254,20.698021,20.541473,20.628487,20.489220,20.489220,20.489220,20.454369,20.367180,20.471802,20.524055,20.262413,20.157509,20.227455,20.087494,20.157509,19.964821,19.718910,19.806816,19.929733,19.683716,19.666115,19.736496,19.736496,19.754082,19.771667,19.648506,19.789246,19.771667,19.754082,19.578049,19.701309,19.789246,19.613289,19.454590,19.454590,19.454590,19.436943,19.472237,19.383957,19.242508,19.171692,19.153984,19.083084,19.047615,18.709869,18.585091,18.370735,18.245445,18.066116,17.634163,17.254379,16.745338,16.727104,16.379883,15.957695,15.551949,15.477974,15.162895,15.292770,15.218575,14.958420,14.902580,14.828064,14.697517,14.772133,14.846703,14.977043,14.958420,14.865326,14.995636,15.125755,14.828064,15.125755,14.977043,15.125755,14.846703,14.902580,14.939812,15.014244,15.107178,15.088600,14.958420,15.125755,15.070015,14.995636,14.995636,14.995636,14.921196,15.032837,15.070015,14.828064,15.088600,15.070015,14.977043,15.107178,14.939812,14.883965,15.032837,14.921196,15.088600,14.902580,15.014244,14.865326,15.014244,14.772133,14.846703,15.032837,14.809425,14.865326,14.772133,14.809425,14.697517,14.828064,14.902580,14.865326,14.828064,14.846703,14.772133,14.883965,14.865326,14.697517,14.604141,14.734833,14.716171,14.734833,14.846703,14.883965,14.958420,14.734833,14.865326,14.977043,14.772133,14.809425,14.772133,14.883965,14.902580,14.883965,14.921196,14.883965,14.865326,14.697517,14.772133,14.772133,14.883965,14.828064,14.958420,14.828064,14.716171,14.921196,14.939812,14.883965,14.660179,14.716171,14.697517,14.809425,14.883965,14.921196,14.939812,14.939812,14.828064,14.716171,14.921196,14.790794,14.790794,14.697517,14.958420,14.772133,14.883965,14.753487,14.753487,14.902580,14.790794,14.865326,14.939812,14.678848,14.734833,14.734833,15.088600,15.014244,14.865326,14.828064,14.995636,15.070015,15.032837,14.939812,15.088600,14.902580,15.070015,15.200020,14.846703,14.939812,14.902580,15.014244,14.883965,14.939812,15.032837,15.107178,14.809425,14.790794,14.790794,14.622826,14.454552,14.902580,14.548080,14.622826,14.622826,14.566772,14.604141,14.678848,14.529381,14.585457,14.809425,14.790794,14.846703,15.051422,15.088600,15.070015,15.088600,15.032837,14.939812,14.995636,15.181458,15.125755,14.828064,14.995636,14.883965,14.902580,14.734833,14.491982,14.697517,14.529381,14.753487,14.566772,14.529381,14.641502,14.641502,14.585457,14.604141,14.641502,14.753487,14.697517,14.846703,14.678848,14.809425,14.790794,14.865326,14.585457,14.846703,14.641502,14.828064,14.697517,14.678848,14.604141,14.753487,14.828064,14.604141,14.865326,14.716171,14.678848,14.678848,14.678848,14.846703,14.678848,14.734833,14.697517,14.716171,14.734833,14.809425,14.977043,14.622826,14.753487,14.772133,14.660179,14.828064,14.697517,14.604141,14.753487,14.958420,14.753487,14.641502,14.641502,14.716171,14.641502,14.697517,14.865326,14.660179,14.566772,14.660179,14.790794,14.772133,14.958420,14.697517,14.585457,14.734833,14.622826,14.585457,14.809425,14.510681,14.790794,14.734833,14.529381,14.678848,14.753487,14.846703,14.734833,14.660179,14.697517,14.883965,14.809425,14.716171,14.828064,14.753487,14.734833,14.753487,14.734833,14.809425,14.753487,14.716171,14.734833,14.809425,14.641502,14.697517,14.846703,14.678848,14.790794,14.772133,14.809425,14.883965,14.846703,14.828064,14.995636,14.697517,14.939812,14.939812,14.883965,14.902580,14.902580,14.958420,14.753487,14.865326,14.902580,14.939812,14.921196,14.790794,14.939812,14.846703,15.181458,
15.366905,15.088600,15.070015,15.051422,15.051422,14.921196,14.977043,15.032837,15.032837,14.883965,14.902580,14.977043,15.125755,15.014244,15.125755,15.070015,14.921196,14.921196,15.107178,15.144333,15.255684,15.496475,15.625862,16.031273,16.178230,16.708862,16.872887,17.145554,17.706314,18.048164,18.227524,18.531555,19.065346,19.118538,19.295586,19.525154,19.718910,20.052460,19.718910,19.982353,19.964821,20.140007,20.017418,20.244934,20.105003,20.349724,20.611084,20.558884,20.436943,20.611084,20.611084,20.680634,20.732758,20.819542,20.940895,20.715385,20.992851,20.819542,20.888908,20.975533,20.698021,21.062057,20.836899,20.906242,20.784843,20.732758,20.680634,20.750122,20.715385,20.784843,20.663254,20.645866,20.349724,20.645866,20.628487,20.698021,20.436943,20.645866,20.645866,20.576286,20.836899,20.663254,20.628487,20.767487,20.871582,20.541473,20.836899,20.906242,20.906242,21.044754,21.096642,21.044754,20.802200,20.923576,20.940895,21.079346,21.113914,21.355507,21.321045,21.372734,21.510414,21.321045,20.992851,21.493217,21.407181,21.286568,21.303802,21.200287,21.252068,21.183029,21.321045,21.217552,21.079346,21.079346,21.372734,21.303802,21.303802,21.527603,21.372734,21.321045,21.269310,21.458817,21.596336,21.424393,21.389961,21.424393,21.407181,21.596336,21.355507,21.510414,21.458817,21.338272,21.338272,21.579163,21.355507,21.579163,21.647850,21.682167,21.596336,21.767891,21.956161,21.990349,22.126915,22.195107,22.246208,22.109856,22.212143,22.365303,22.382309,22.212143,22.433289,22.246208,22.331291,22.348305,22.195107,22.297272,22.331291,22.314293,22.297272,22.229179,22.365303,22.331291,22.297272,22.297272,22.297272,22.467247,22.280251,22.416298,22.399300,22.433289,22.348305,22.331291,22.450264,22.399300,22.467247,22.484222,22.433289,22.467247,22.535133,22.586006,22.450264,22.399300,22.416298,22.484222,22.552086,22.348305,22.433289,22.450264,22.399300,22.450264,22.246208,22.331291,22.348305,22.433289,22.314293,22.399300,22.365303,22.331291,22.280251,22.331291,22.467247,22.297272,22.161018,22.331291,22.246208,22.280251,22.212143,22.024513,22.331291,22.161018,22.143959,22.212143,22.161018,22.058662,21.990349,22.178062,22.126915,22.075729,22.024513,21.973259,22.075729,21.836411,21.887764,21.682167,21.561981,21.630684,21.682167,21.630684,21.682167,21.682167,21.802162,21.424393,21.561981,21.716469,21.579163,21.527603,21.733620,21.544792,21.424393,21.579163,21.630684,21.441612,21.579163,21.458817,21.458817,21.493217,21.493217,21.544792,21.441612,21.527603,21.493217,21.458817,21.561981,21.596336,21.544792,21.476021,21.441612,21.544792,21.424393,21.389961,21.252068,21.389961,21.476021,21.355507,21.252068,21.165756,21.183029,21.183029,21.044754,21.165756,21.165756,21.234810,21.044754,21.183029,21.062057,21.062057,20.923576,21.269310,20.975533,20.906242,20.923576,21.079346,20.871582,20.940895,20.767487,20.767487,20.663254,20.732758,20.367180,20.576286,20.506645,20.732758,20.471802,20.524055,20.593697,20.611084,20.471802,20.541473,20.419502,20.541473,20.419502,20.471802,20.402061,20.332268,20.262413,20.262413,20.262413,20.209976,20.209976,19.999893,19.806816,19.912178,19.859520,19.806816,19.929733,19.683716,19.771667,19.999893,19.754082,19.754082,19.789246,19.648506,19.701309,19.718910,19.489883,19.648506,19.419281,19.578049,19.489883,19.507530,19.295586,19.313263,19.436943,19.224815,19.189407,19.118538,18.870033,18.941109,18.692055,18.352852,18.119965,18.084076,17.561958,17.181839,16.945679,16.599342,16.434807,15.976097,15.736610,15.329842,15.200020,15.014244,14.995636,14.828064,15.014244,14.958420,14.716171,14.939812,15.070015,14.865326,14.977043,14.921196,14.977043,14.809425,14.958420,15.014244,15.014244,14.977043,15.014244,14.958420,14.846703,15.014244,15.051422,15.070015,14.865326,15.218575,15.014244,14.995636,15.014244,14.902580,15.051422,14.865326,14.883965,14.977043,14.939812,14.865326,15.051422,14.995636,15.107178,14.995636,15.107178,14.939812,14.883965,14.977043,14.865326,14.809425,14.753487,14.828064,14.828064,14.790794,14.772133,14.734833,14.828064,14.716171,14.716171,15.051422,14.828064,14.883965,14.828064,14.902580,14.902580,14.809425,14.753487,14.790794,14.753487,14.865326,14.902580,14.716171,14.790794,14.883965,14.883965,14.809425,14.734833,14.772133,14.846703,14.939812,14.865326,14.977043,14.921196,14.548080,14.809425,14.828064,14.846703,14.678848,14.734833,14.790794,14.977043,14.883965,14.921196,14.846703,14.883965,14.772133,14.883965,14.753487,14.828064,14.846703,14.809425,14.734833,14.939812,14.828064,14.939812,14.865326,14.865326,14.734833,14.958420,14.883965,14.865326,14.846703,14.697517,14.790794,14.902580,14.846703,14.678848,14.846703,14.977043,14.846703,14.883965,14.734833,14.753487,14.753487,14.846703,14.977043,15.088600,15.014244,15.144333,14.883965,14.790794,14.883965,14.828064,15.014244,15.032837,14.921196,15.181458,15.032837,14.958420,14.865326,14.772133,14.977043,14.939812,15.070015,14.958420,14.995636,14.921196,14.809425,14.529381,14.697517,14.753487,14.435844,14.697517,14.473274,14.473274,14.585457,14.734833,14.548080,14.772133,14.790794,14.883965,15.070015,15.162895,14.939812,15.070015,14.958420,14.977043,14.995636,15.070015,15.051422,14.977043,14.977043,14.809425,14.660179,14.958420,14.566772,14.772133,14.660179,14.734833,14.697517,14.604141,14.529381,14.697517,14.716171,14.641502,14.660179,14.753487,14.772133,14.566772,14.772133,14.678848,14.641502,14.939812,14.678848,14.753487,14.678848,14.790794,14.585457,14.697517,14.939812,14.641502,14.716171,14.902580,14.734833,14.716171,14.678848,14.734833,14.828064,14.697517,14.809425,14.641502,14.902580,14.678848,14.660179,14.697517,14.697517,14.678848,14.604141,14.697517,14.566772,14.902580,14.660179,14.716171,14.697517,14.734833,14.622826,14.958420,14.753487,14.734833,14.604141,14.622826,14.772133,14.622826,14.678848,14.641502,14.660179,14.604141,14.697517,14.641502,14.846703,14.678848,14.678848,14.473274,14.604141,14.809425,14.716171,14.883965,14.883965,14.734833,14.734833,14.641502,14.865326,14.697517,14.585457,14.566772,14.660179,14.678848,14.846703,14.622826,14.734833,14.753487,14.753487,14.604141,14.790794,14.734833,14.828064,14.734833,14.828064,14.846703,14.772133,14.846703,14.846703,14.753487,14.828064,14.697517,14.939812,14.753487,14.902580,15.162895,14.828064,14.921196,14.697517,14.734833,14.902580,14.846703,14.977043,14.716171,14.939812,14.846703,14.772133,14.883965,15.014244,14.921196,15.162895,
15.107178,15.070015,14.734833,15.125755,14.939812,14.939812,14.995636,15.107178,14.977043,15.162895,15.144333,14.958420,14.902580,15.181458,14.846703,15.088600,15.014244,15.051422,14.977043,15.144333,14.977043,15.366905,15.551949,15.957695,16.049652,16.507973,16.818245,17.381157,17.652206,18.030205,18.424385,18.745483,18.870033,19.419281,19.330948,19.419281,19.912178,20.209976,19.560417,20.227455,20.297348,20.122513,20.262413,20.314804,20.349724,20.489220,20.558884,20.558884,20.454369,20.349724,20.541473,20.715385,20.628487,20.698021,20.802200,20.906242,20.906242,20.975533,20.888908,20.854233,21.044754,20.958221,20.854233,20.940895,20.645866,20.767487,20.784843,20.732758,20.767487,20.732758,20.802200,20.541473,20.611084,20.611084,20.576286,20.645866,20.715385,20.663254,20.680634,20.628487,20.489220,20.698021,20.750122,20.767487,20.698021,20.732758,20.645866,20.732758,20.750122,20.836899,20.784843,20.871582,20.767487,20.750122,20.923576,21.131203,21.027458,21.183029,21.165756,21.338272,21.131203,21.338272,21.131203,21.372734,21.355507,21.269310,21.424393,21.355507,21.286568,21.389961,21.458817,21.234810,21.321045,21.252068,21.286568,21.269310,21.338272,21.252068,21.441612,21.407181,21.217552,21.407181,21.493217,21.458817,21.441612,21.458817,21.476021,21.407181,21.441612,21.441612,21.372734,21.493217,21.510414,21.458817,21.407181,21.630684,21.544792,21.733620,21.750755,21.733620,21.973259,22.161018,22.058662,22.109856,22.212143,22.297272,22.229179,22.246208,22.399300,22.365303,22.178062,22.297272,22.161018,22.297272,22.229179,22.382309,22.399300,22.229179,22.280251,22.348305,22.365303,22.416298,22.348305,22.467247,22.348305,22.450264,22.280251,22.416298,22.348305,22.569054,22.314293,22.263237,22.382309,22.365303,22.518166,22.433289,22.399300,22.450264,22.331291,22.501198,22.365303,22.365303,22.552086,22.280251,22.450264,22.229179,22.297272,22.212143,22.280251,22.314293,22.331291,22.178062,22.297272,22.331291,22.161018,22.331291,22.195107,22.331291,22.450264,22.229179,22.518166,22.433289,22.195107,22.297272,22.229179,22.229179,22.297272,22.178062,22.007431,22.195107,22.297272,22.263237,22.314293,22.297272,22.416298,22.195107,21.990349,22.075729,21.939064,22.007431,21.836411,22.007431,21.921967,21.990349,21.647850,21.750755,21.579163,21.527603,21.596336,21.493217,21.493217,21.613518,21.579163,21.476021,21.493217,21.510414,21.750755,21.630684,21.802162,21.389961,21.544792,21.527603,21.407181,21.338272,21.493217,21.338272,21.476021,21.372734,21.561981,21.579163,21.441612,21.338272,21.458817,21.389961,21.372734,21.338272,21.355507,21.476021,21.458817,21.441612,21.458817,21.303802,21.269310,21.389961,21.458817,21.269310,21.355507,21.269310,21.200287,21.027458,21.183029,20.992851,21.027458,21.079346,21.062057,21.062057,21.148476,20.992851,21.200287,20.958221,20.836899,20.975533,20.923576,20.715385,20.819542,20.836899,20.593697,20.784843,20.576286,20.663254,20.332268,20.541473,20.628487,20.593697,20.680634,20.576286,20.558884,20.436943,20.524055,20.524055,20.628487,20.558884,20.558884,20.454369,20.402061,20.524055,20.349724,20.297348,19.999893,20.122513,19.912178,19.982353,19.982353,19.877083,19.771667,19.789246,19.999893,19.666115,19.806816,19.683716,19.736496,19.736496,19.771667,19.789246,19.683716,19.525154,19.366287,19.525154,19.472237,19.383957,19.401619,19.419281,19.313263,19.242508,19.047615,19.153984,19.029869,18.852249,18.692055,18.388626,18.173759,18.102013,17.616119,17.399261,16.982056,16.818245,16.324928,16.141510,15.570435,15.496475,15.181458,15.051422,14.828064,15.032837,14.865326,14.809425,14.790794,15.014244,15.051422,14.865326,14.865326,15.162895,15.088600,15.014244,15.032837,15.070015,14.846703,15.088600,14.995636,14.995636,14.977043,14.939812,15.088600,14.902580,15.125755,15.200020,15.014244,15.032837,15.070015,15.070015,15.070015,15.014244,14.883965,14.977043,15.200020,15.014244,14.734833,15.107178,14.828064,14.865326,15.125755,14.995636,14.939812,14.772133,14.958420,14.828064,14.883965,14.865326,14.921196,14.865326,14.921196,14.697517,14.790794,14.753487,14.977043,14.772133,14.828064,14.865326,14.753487,14.828064,14.977043,14.883965,14.902580,14.921196,14.846703,14.734833,14.846703,14.902580,14.716171,14.865326,14.995636,14.772133,14.790794,14.902580,14.846703,14.828064,14.753487,15.070015,14.902580,14.790794,14.772133,15.032837,14.865326,14.809425,14.846703,14.678848,14.865326,14.921196,14.995636,14.809425,14.753487,14.697517,14.865326,14.921196,14.790794,14.846703,14.939812,14.772133,14.697517,14.716171,14.846703,14.883965,14.772133,14.865326,14.790794,14.846703,14.865326,14.921196,14.995636,14.865326,14.641502,14.529381,14.566772,14.809425,14.828064,14.809425,14.865326,14.772133,14.977043,14.828064,14.939812,14.902580,14.846703,14.902580,14.958420,14.958420,14.977043,14.939812,14.995636,14.883965,15.051422,14.883965,15.014244,14.939812,14.865326,14.939812,14.641502,15.051422,15.218575,14.883965,14.716171,14.995636,14.772133,14.697517,14.697517,14.678848,15.088600,14.548080,14.510681,14.585457,14.753487,14.566772,14.566772,14.510681,14.846703,14.939812,14.921196,14.883965,15.014244,15.014244,15.200020,14.995636,14.828064,15.200020,15.088600,15.162895,15.051422,14.790794,14.939812,14.772133,14.790794,14.809425,14.753487,14.585457,14.753487,14.548080,14.529381,14.622826,14.473274,14.622826,14.529381,14.641502,14.995636,14.529381,14.417122,14.921196,14.622826,14.660179,14.622826,14.828064,14.604141,14.622826,14.473274,14.772133,14.641502,14.772133,14.828064,14.734833,14.585457,14.865326,14.772133,14.716171,14.828064,14.846703,14.491982,14.883965,14.622826,14.622826,14.566772,14.678848,14.641502,14.846703,14.772133,14.846703,14.716171,14.678848,14.660179,14.678848,14.753487,14.753487,14.660179,14.491982,14.622826,14.716171,14.865326,14.772133,14.622826,14.828064,14.641502,14.678848,14.753487,14.660179,14.622826,14.790794,14.622826,14.828064,14.734833,14.716171,14.753487,14.790794,14.734833,14.660179,14.846703,14.678848,14.753487,14.678848,14.772133,14.865326,14.977043,14.883965,14.753487,14.753487,14.678848,14.883965,14.734833,14.828064,14.604141,14.734833,14.697517,14.660179,14.548080,14.678848,14.734833,14.883965,14.846703,14.865326,15.070015,14.790794,14.883965,14.846703,14.716171,14.846703,15.070015,14.958420,14.995636,14.716171,14.734833,14.921196,14.865326,15.107178,14.883965,14.846703,14.828064,14.939812,14.697517,14.977043,14.939812,14.809425,14.939812,15.181458,
15.088600,15.070015,14.772133,14.958420,14.939812,15.107178,14.921196,15.237137,15.088600,15.051422,14.902580,15.144333,15.144333,14.995636,14.865326,15.032837,15.181458,15.014244,15.088600,15.088600,15.144333,15.255684,15.791931,15.810371,16.361572,16.562805,16.854668,17.181839,17.634163,18.066116,18.281258,18.727684,18.798889,19.419281,19.277893,19.683716,19.894638,19.947273,19.912178,20.087494,19.894638,19.947273,20.140007,20.262413,20.087494,20.506645,20.611084,20.419502,20.489220,20.541473,20.698021,20.611084,20.558884,20.836899,20.611084,20.992851,20.698021,20.854233,20.819542,20.784843,20.958221,20.958221,20.940895,21.096642,20.802200,21.010155,20.906242,20.923576,20.854233,20.923576,20.819542,20.628487,20.576286,20.506645,20.611084,20.871582,20.541473,20.698021,20.663254,20.558884,20.819542,20.663254,20.854233,20.767487,20.593697,20.854233,20.750122,20.871582,20.663254,20.750122,20.888908,20.819542,20.940895,20.958221,20.854233,21.044754,21.079346,20.940895,21.079346,21.321045,21.131203,21.183029,21.321045,21.286568,21.286568,21.338272,21.183029,21.407181,21.286568,21.252068,21.355507,21.321045,21.389961,21.321045,21.113914,21.303802,21.217552,21.217552,21.252068,21.200287,21.355507,21.217552,21.389961,21.355507,21.458817,21.338272,21.355507,21.321045,21.355507,21.613518,21.338272,21.441612,21.234810,21.561981,21.544792,21.630684,21.647850,21.630684,21.613518,21.921967,21.939064,21.921967,21.870644,22.041588,22.365303,22.161018,22.399300,22.297272,22.195107,22.297272,22.348305,22.348305,22.246208,22.280251,22.263237,22.178062,22.331291,22.280251,22.399300,22.484222,22.518166,22.348305,22.484222,22.518166,22.331291,22.365303,22.467247,22.314293,22.280251,22.382309,22.280251,22.314293,22.365303,22.450264,22.552086,22.518166,22.518166,22.382309,22.467247,22.552086,22.331291,22.552086,22.331291,22.552086,22.331291,22.365303,22.263237,22.382309,22.297272,22.365303,22.229179,22.382309,22.212143,22.382309,22.297272,22.195107,22.297272,22.297272,22.314293,22.450264,22.246208,22.314293,22.229179,22.126915,22.450264,22.348305,22.126915,22.161018,22.552086,22.433289,22.331291,22.365303,22.314293,22.109856,22.263237,22.263237,22.075729,22.348305,22.041588,22.041588,21.870644,21.596336,21.921967,21.802162,21.647850,21.836411,21.630684,21.630684,21.441612,21.476021,21.579163,21.527603,21.596336,21.424393,21.544792,21.613518,21.424393,21.733620,21.630684,21.476021,21.596336,21.579163,21.544792,21.252068,21.510414,21.458817,21.372734,21.407181,21.476021,21.286568,21.476021,21.234810,21.476021,21.338272,21.303802,21.630684,21.389961,21.424393,21.561981,21.252068,21.338272,21.424393,21.527603,21.303802,21.321045,21.269310,21.321045,21.131203,21.062057,21.131203,21.165756,21.217552,21.079346,21.321045,21.113914,21.044754,21.165756,21.010155,20.923576,20.975533,21.113914,20.992851,20.975533,21.113914,20.645866,20.802200,20.836899,20.645866,20.732758,20.436943,20.593697,20.715385,20.489220,20.611084,20.436943,20.680634,20.628487,20.715385,20.698021,20.802200,20.367180,20.698021,20.506645,20.593697,20.489220,20.314804,20.541473,20.332268,20.227455,20.297348,20.069977,20.052460,20.034943,19.999893,19.912178,19.912178,19.947273,19.789246,19.701309,19.736496,19.789246,19.789246,19.771667,19.824394,19.525154,19.507530,19.454590,19.489883,19.366287,19.613289,19.454590,19.472237,19.153984,19.295586,19.189407,19.029869,18.834473,18.656418,18.709869,18.299164,18.317062,17.868416,17.742363,17.308739,17.036591,16.526253,16.178230,15.902481,15.496475,15.366905,15.237137,15.200020,14.977043,14.995636,14.977043,15.051422,14.846703,15.088600,14.977043,14.790794,14.790794,14.977043,14.828064,15.125755,14.865326,14.958420,14.865326,15.107178,15.070015,14.939812,15.088600,14.977043,15.125755,14.958420,14.977043,14.865326,14.883965,14.995636,14.977043,14.977043,15.088600,14.939812,14.939812,15.032837,14.958420,14.939812,14.697517,15.032837,14.939812,15.051422,15.014244,14.828064,14.772133,15.032837,14.977043,14.958420,14.809425,14.902580,14.958420,14.753487,14.958420,14.641502,14.660179,14.865326,14.977043,14.921196,14.846703,14.883965,14.772133,14.809425,14.828064,14.585457,14.846703,14.828064,14.604141,14.958420,14.734833,14.828064,14.772133,14.921196,14.939812,14.939812,14.753487,15.032837,14.883965,14.809425,14.753487,14.921196,14.622826,14.790794,14.939812,14.865326,14.809425,14.902580,14.846703,14.828064,14.995636,14.828064,14.809425,14.828064,14.828064,14.716171,15.051422,14.772133,14.939812,14.846703,14.865326,14.790794,14.678848,14.716171,14.641502,14.697517,14.828064,14.828064,14.790794,14.939812,14.716171,14.716171,14.809425,14.809425,14.939812,14.753487,14.846703,14.846703,14.846703,14.846703,14.883965,14.865326,14.790794,14.902580,14.902580,14.828064,14.939812,14.883965,14.958420,14.977043,15.088600,14.995636,14.902580,14.846703,15.125755,14.883965,14.828064,15.051422,15.051422,14.958420,15.032837,15.014244,14.846703,14.883965,14.772133,14.939812,14.828064,14.678848,14.828064,14.753487,14.566772,14.604141,14.566772,14.734833,14.548080,14.622826,14.585457,14.622826,14.660179,14.883965,14.846703,15.051422,14.921196,15.070015,14.939812,14.977043,15.032837,15.237137,15.107178,14.977043,15.107178,15.032837,14.846703,14.809425,14.939812,14.697517,14.716171,14.734833,14.716171,14.641502,14.641502,14.865326,14.454552,14.790794,14.716171,14.678848,14.734833,14.734833,14.772133,14.678848,14.828064,14.660179,14.809425,14.566772,14.678848,14.678848,14.660179,14.585457,14.865326,14.678848,14.790794,14.716171,14.622826,14.641502,14.865326,14.622826,14.790794,14.734833,14.790794,14.716171,14.622826,14.697517,14.641502,14.678848,14.809425,14.622826,14.753487,14.939812,14.846703,14.622826,14.716171,14.753487,14.734833,14.697517,14.697517,14.753487,14.678848,14.678848,14.697517,14.772133,14.585457,14.828064,14.716171,14.697517,14.678848,14.641502,14.790794,14.753487,14.510681,14.697517,14.753487,14.622826,14.660179,14.865326,14.828064,14.883965,14.846703,14.697517,14.772133,14.585457,14.902580,14.678848,14.809425,14.809425,14.510681,14.902580,14.585457,14.790794,14.753487,14.753487,14.790794,14.716171,14.678848,14.828064,14.678848,14.734833,14.734833,14.809425,14.828064,14.883965,14.772133,14.734833,14.734833,14.734833,14.716171,14.921196,14.790794,14.865326,14.678848,14.790794,14.790794,14.772133,14.846703,14.622826,14.883965,14.902580,15.125755,14.828064,15.014244,14.865326,14.902580,14.883965,15.014244,15.255684,
15.255684,15.088600,14.585457,15.107178,14.772133,15.070015,15.014244,15.051422,15.051422,14.846703,14.958420,15.051422,14.977043,14.902580,14.995636,15.014244,15.107178,14.977043,15.014244,15.144333,15.348373,15.255684,15.533455,15.884071,15.939293,16.581078,16.927490,17.399261,17.850410,18.084076,18.370735,18.674240,18.958870,19.366287,19.507530,19.718910,19.824394,19.859520,20.052460,19.947273,20.157509,20.087494,20.314804,20.174995,20.297348,20.419502,20.332268,20.506645,20.454369,20.698021,20.558884,20.750122,20.715385,20.906242,20.819542,20.819542,21.062057,20.992851,20.888908,20.923576,20.750122,21.148476,20.836899,20.802200,20.923576,20.836899,20.888908,20.784843,20.888908,20.836899,20.611084,20.541473,20.715385,20.750122,20.819542,20.802200,20.715385,20.593697,20.732758,20.819542,20.750122,20.802200,20.854233,20.576286,20.767487,20.888908,20.698021,20.732758,20.836899,20.784843,20.871582,20.836899,20.767487,20.732758,20.906242,21.148476,20.888908,20.975533,21.303802,21.321045,21.389961,21.062057,21.062057,21.200287,21.286568,21.286568,21.131203,21.269310,21.269310,21.252068,21.372734,21.286568,20.992851,21.424393,21.062057,21.424393,21.183029,21.148476,21.303802,21.234810,21.269310,21.131203,21.286568,21.510414,21.200287,21.269310,21.372734,21.217552,21.303802,21.407181,21.217552,21.458817,21.338272,21.252068,21.338272,21.561981,21.493217,21.647850,21.716469,21.802162,21.956161,21.853539,21.887764,22.041588,22.143959,22.161018,22.229179,22.399300,22.229179,22.246208,22.263237,22.229179,22.382309,22.314293,22.263237,22.195107,22.297272,22.195107,22.263237,22.348305,22.382309,22.212143,22.382309,22.467247,22.246208,22.297272,22.399300,22.433289,22.331291,22.297272,22.365303,22.501198,22.297272,22.450264,22.280251,22.569054,22.382309,22.450264,22.433289,22.484222,22.501198,22.365303,22.518166,22.382309,22.280251,22.399300,22.501198,22.365303,22.433289,22.263237,22.348305,22.263237,22.212143,22.058662,22.229179,22.365303,22.450264,22.229179,22.314293,22.297272,22.280251,22.297272,22.331291,22.314293,22.331291,22.297272,22.399300,22.280251,22.348305,22.229179,22.263237,22.433289,22.416298,22.348305,22.246208,22.331291,22.178062,22.143959,22.195107,22.195107,22.126915,22.007431,21.939064,21.819290,21.750755,21.733620,21.802162,21.647850,21.561981,21.665016,21.647850,21.750755,21.630684,21.613518,21.372734,21.458817,21.493217,21.424393,21.527603,21.493217,21.407181,21.579163,21.372734,21.441612,21.458817,21.510414,21.476021,21.510414,21.321045,21.527603,21.372734,21.544792,21.510414,21.493217,21.424393,21.561981,21.389961,21.458817,21.372734,21.458817,21.458817,21.493217,21.579163,21.338272,21.183029,21.338272,21.355507,21.234810,21.113914,21.113914,21.131203,21.338272,21.113914,21.062057,21.183029,21.321045,21.200287,21.079346,20.906242,20.975533,21.079346,20.975533,20.992851,20.802200,20.750122,20.750122,20.715385,20.541473,20.454369,20.576286,20.680634,20.558884,20.524055,20.628487,20.489220,20.611084,20.558884,20.558884,20.471802,20.506645,20.558884,20.663254,20.506645,20.471802,20.541473,20.802200,20.541473,20.663254,20.367180,20.402061,20.279877,20.262413,20.087494,20.069977,20.017418,20.052460,20.122513,19.929733,19.912178,19.718910,20.052460,19.929733,19.666115,19.789246,19.648506,19.525154,19.630898,19.542793,19.454590,19.419281,19.366287,19.401619,19.366287,19.277893,19.348618,19.153984,19.118538,18.781090,18.709869,18.477982,18.281258,18.066116,17.706314,17.453522,16.727104,16.635872,16.269951,16.068031,15.736610,15.514977,15.237137,15.051422,15.051422,15.051422,14.809425,14.790794,14.958420,15.162895,14.958420,15.088600,14.883965,14.921196,15.032837,15.088600,14.995636,14.939812,14.995636,15.088600,14.902580,15.088600,15.107178,14.939812,14.865326,14.977043,14.828064,14.995636,15.070015,15.107178,14.995636,15.032837,15.014244,15.088600,14.995636,14.958420,14.902580,15.070015,14.828064,15.014244,14.958420,14.902580,14.921196,15.032837,14.995636,14.958420,14.902580,14.865326,14.865326,14.921196,15.014244,14.809425,14.790794,14.865326,14.828064,14.883965,14.921196,14.790794,15.014244,14.772133,14.865326,14.790794,14.828064,14.995636,14.865326,14.772133,14.865326,14.809425,14.902580,14.865326,14.958420,14.921196,14.846703,14.977043,14.753487,15.088600,14.828064,14.883965,14.921196,14.939812,15.032837,14.772133,14.921196,14.883965,14.772133,14.977043,14.828064,14.828064,14.977043,14.622826,14.902580,14.865326,14.995636,15.032837,14.734833,14.846703,14.828064,14.921196,14.939812,14.753487,14.772133,14.883965,14.846703,14.734833,14.995636,14.697517,14.921196,14.939812,14.865326,14.790794,15.014244,14.828064,14.716171,14.734833,14.790794,14.958420,14.697517,14.846703,14.753487,14.995636,14.790794,14.678848,14.939812,14.809425,14.883965,14.846703,14.958420,14.734833,14.883965,14.958420,15.051422,14.921196,15.014244,15.051422,15.051422,14.995636,14.939812,14.995636,15.032837,14.902580,14.921196,15.032837,14.977043,14.846703,14.790794,14.772133,14.753487,14.678848,14.585457,14.734833,14.772133,14.566772,14.510681,14.622826,14.548080,14.697517,14.660179,14.678848,14.883965,14.977043,14.977043,15.162895,15.051422,14.902580,14.995636,15.088600,14.921196,15.014244,14.921196,15.032837,14.828064,14.977043,14.772133,14.660179,14.753487,14.398399,14.622826,14.790794,14.604141,14.716171,14.585457,14.697517,14.566772,14.846703,14.772133,14.697517,14.697517,14.491982,14.828064,14.697517,14.622826,14.902580,14.883965,14.753487,14.585457,14.753487,14.604141,14.622826,14.753487,14.622826,14.958420,14.772133,14.510681,14.921196,14.641502,14.734833,14.641502,14.790794,14.828064,14.809425,14.753487,14.846703,14.697517,14.678848,14.716171,14.753487,14.809425,14.753487,14.734833,14.772133,14.772133,14.585457,14.641502,14.921196,14.753487,14.772133,14.548080,14.846703,14.604141,14.566772,14.809425,14.846703,14.660179,14.734833,14.660179,14.734833,14.809425,14.734833,14.566772,14.772133,14.716171,14.622826,14.585457,14.772133,14.716171,14.809425,14.772133,14.790794,14.921196,14.921196,14.622826,14.790794,14.641502,14.660179,14.716171,14.734833,14.716171,14.734833,14.753487,14.585457,14.585457,14.716171,14.883965,14.902580,14.846703,14.641502,14.790794,14.902580,14.753487,14.772133,14.772133,14.939812,14.790794,14.846703,14.809425,14.790794,14.772133,14.977043,14.939812,14.809425,14.809425,14.716171,14.716171,14.865326,14.921196,14.902580,14.921196,14.846703,14.939812,14.716171,14.995636,15.051422,
14.846703,14.883965,15.107178,14.958420,15.051422,14.995636,14.790794,14.865326,14.995636,14.921196,15.032837,15.088600,15.088600,14.921196,14.772133,14.939812,15.051422,15.051422,14.958420,15.014244,15.144333,15.311302,15.514977,16.012886,16.031273,16.544525,17.091087,17.181839,17.634163,18.119965,18.155830,18.674240,18.941109,19.136261,19.366287,19.578049,19.718910,19.999893,19.824394,19.929733,19.982353,20.314804,20.034943,20.279877,20.384621,20.174995,20.454369,20.541473,20.402061,20.419502,20.558884,20.489220,20.871582,20.680634,20.680634,20.767487,20.750122,20.975533,21.062057,20.975533,20.750122,20.906242,20.836899,20.888908,21.027458,20.871582,20.906242,20.854233,20.698021,20.628487,20.784843,20.698021,20.663254,20.680634,20.854233,20.750122,20.663254,20.732758,20.871582,20.836899,20.906242,20.923576,20.663254,20.888908,20.836899,20.767487,20.680634,20.888908,20.750122,20.854233,20.732758,20.715385,20.923576,20.854233,20.802200,20.888908,20.836899,20.923576,21.217552,21.010155,21.113914,21.062057,21.338272,21.286568,21.355507,21.286568,21.269310,21.303802,21.079346,21.286568,21.338272,21.183029,21.217552,21.234810,21.303802,21.113914,21.200287,21.321045,21.269310,21.183029,21.165756,21.355507,21.303802,21.355507,21.234810,21.407181,21.338272,21.303802,21.165756,21.252068,21.252068,21.372734,21.389961,21.269310,21.234810,21.321045,21.699318,21.785027,21.870644,21.819290,21.887764,21.836411,21.939064,22.092789,21.990349,22.075729,22.178062,22.297272,22.075729,22.280251,22.246208,22.297272,22.280251,22.297272,22.229179,22.263237,22.365303,22.058662,22.280251,22.109856,22.195107,22.365303,22.229179,22.331291,22.246208,22.314293,22.280251,22.297272,22.331291,22.297272,22.399300,22.331291,22.331291,22.484222,22.416298,22.484222,22.382309,22.484222,22.653778,22.450264,22.399300,22.450264,22.552086,22.399300,22.382309,22.246208,22.178062,22.178062,22.109856,22.348305,22.297272,22.178062,22.126915,22.314293,22.143959,22.365303,22.229179,22.382309,22.399300,22.501198,22.314293,22.433289,22.416298,22.263237,22.314293,22.314293,22.263237,22.433289,22.314293,22.501198,22.229179,22.280251,22.382309,22.263237,22.297272,22.331291,22.246208,22.280251,22.246208,22.143959,21.853539,22.109856,21.819290,21.921967,21.939064,21.733620,21.733620,21.647850,21.596336,21.630684,21.527603,21.647850,21.424393,21.699318,21.579163,21.561981,21.682167,21.561981,21.527603,21.596336,21.407181,21.372734,21.561981,21.682167,21.579163,21.389961,21.613518,21.561981,21.682167,21.510414,21.372734,21.493217,21.407181,21.527603,21.476021,21.355507,21.424393,21.544792,21.458817,21.441612,21.355507,21.441612,21.458817,21.372734,21.389961,21.234810,21.200287,21.044754,21.131203,21.027458,21.148476,21.079346,20.975533,21.165756,21.062057,21.286568,21.044754,21.062057,20.871582,21.148476,20.906242,20.836899,20.923576,20.958221,20.698021,20.628487,20.732758,20.750122,20.576286,20.436943,20.593697,20.767487,20.471802,20.628487,20.419502,20.576286,20.611084,20.715385,20.593697,20.645866,20.663254,20.715385,20.698021,20.871582,20.576286,20.767487,20.541473,20.732758,20.506645,20.524055,20.349724,20.314804,20.140007,20.122513,20.034943,19.947273,20.034943,20.017418,19.754082,19.964821,19.859520,19.859520,19.789246,19.666115,19.701309,19.613289,19.578049,19.560417,19.277893,19.595665,19.330948,19.330948,19.260208,19.436943,19.189407,19.260208,18.958870,18.834473,18.495850,18.317062,18.084076,17.742363,17.652206,17.543900,16.982056,16.581078,16.196571,15.644325,15.791931,15.514977,15.070015,15.070015,15.107178,15.014244,15.088600,14.772133,14.734833,15.088600,14.753487,14.865326,14.977043,14.921196,14.995636,15.051422,14.902580,14.921196,14.809425,15.107178,14.939812,14.958420,14.939812,15.070015,14.958420,14.977043,14.995636,15.070015,14.921196,15.088600,15.200020,14.977043,14.995636,15.088600,14.995636,15.070015,14.902580,15.014244,15.051422,15.088600,14.995636,14.939812,14.846703,15.051422,14.790794,14.939812,14.977043,14.828064,14.902580,14.883965,14.977043,14.828064,14.958420,14.865326,14.865326,14.772133,14.846703,14.697517,14.790794,14.734833,14.678848,14.846703,14.902580,14.883965,14.958420,14.753487,14.697517,14.921196,14.921196,14.902580,14.939812,14.846703,14.977043,14.958420,14.883965,14.921196,14.865326,14.865326,14.883965,14.846703,14.902580,14.921196,14.846703,14.865326,14.865326,14.883965,14.883965,14.902580,14.828064,14.902580,14.753487,14.921196,14.902580,14.622826,14.921196,14.846703,14.716171,14.772133,14.753487,14.921196,14.697517,14.753487,14.753487,14.828064,14.678848,14.865326,14.734833,14.809425,14.883965,14.883965,14.846703,14.883965,14.772133,14.678848,14.734833,15.051422,14.809425,14.790794,14.753487,14.865326,14.734833,14.790794,14.883965,14.958420,14.939812,15.162895,14.790794,15.014244,14.697517,14.977043,15.032837,15.181458,14.865326,14.995636,14.902580,14.828064,14.958420,15.051422,15.051422,14.958420,14.865326,14.865326,14.790794,14.865326,14.566772,14.772133,14.902580,14.734833,14.585457,14.360939,14.491982,14.548080,14.753487,14.529381,14.566772,14.809425,14.678848,14.772133,14.828064,14.883965,15.125755,15.070015,14.958420,14.865326,14.828064,14.958420,14.995636,15.014244,15.088600,14.977043,14.641502,14.865326,14.958420,14.697517,14.510681,14.510681,14.566772,14.697517,14.454552,14.604141,14.473274,14.585457,14.772133,14.641502,14.809425,14.958420,14.883965,14.660179,14.716171,14.678848,14.697517,14.753487,14.641502,14.753487,14.529381,14.716171,14.678848,14.790794,14.772133,14.529381,14.660179,14.641502,14.790794,14.734833,14.678848,14.641502,14.660179,14.604141,14.697517,14.846703,14.772133,14.828064,14.641502,14.772133,14.753487,14.902580,14.491982,14.790794,14.753487,14.772133,14.753487,14.716171,14.772133,14.697517,14.846703,14.660179,14.846703,14.753487,14.828064,14.809425,14.902580,14.678848,14.846703,14.566772,14.883965,14.548080,14.809425,14.697517,14.678848,14.697517,14.772133,14.734833,14.678848,14.604141,14.734833,14.566772,14.902580,14.622826,14.734833,14.828064,14.697517,14.678848,14.641502,14.678848,14.753487,14.734833,14.809425,14.604141,14.809425,14.697517,14.716171,14.660179,14.753487,14.641502,14.995636,14.772133,14.772133,14.977043,14.865326,14.753487,14.921196,14.995636,14.995636,14.716171,14.716171,14.772133,14.977043,14.883965,14.939812,14.809425,14.772133,15.014244,14.772133,14.921196,14.753487,14.865326,14.734833,14.809425,14.828064,14.883965,14.921196,15.292770,
15.144333,15.070015,14.809425,15.218575,14.772133,15.014244,14.883965,14.977043,15.051422,14.977043,14.734833,14.809425,14.716171,14.921196,14.865326,14.809425,15.014244,15.051422,14.958420,15.162895,15.274223,15.162895,15.736610,15.607391,16.086403,16.635872,16.982056,17.254379,17.580009,18.102013,18.513702,18.674240,19.083084,19.419281,19.436943,19.525154,19.595665,19.806816,19.999893,19.999893,20.069977,20.192490,20.279877,20.209976,20.454369,20.384621,20.297348,20.506645,20.367180,20.698021,20.489220,20.541473,20.645866,20.767487,20.698021,20.802200,20.923576,20.836899,21.010155,20.975533,20.888908,21.183029,20.958221,20.940895,20.992851,21.131203,21.027458,20.958221,20.854233,20.923576,20.871582,20.680634,20.750122,20.958221,20.819542,20.906242,20.819542,20.680634,20.819542,20.732758,20.819542,20.836899,20.854233,20.750122,20.767487,20.750122,20.906242,20.715385,20.784843,20.819542,20.819542,20.836899,20.698021,20.663254,20.940895,20.802200,20.940895,20.888908,21.269310,21.355507,21.113914,21.165756,21.148476,21.165756,21.286568,21.269310,21.079346,21.389961,21.286568,21.286568,21.234810,21.286568,21.234810,21.372734,21.131203,21.200287,21.217552,21.338272,21.252068,21.234810,21.321045,21.407181,21.372734,21.338272,21.234810,21.458817,21.321045,21.321045,21.200287,21.269310,21.338272,21.458817,21.338272,21.269310,21.407181,21.510414,21.493217,21.561981,21.767891,21.921967,21.904861,21.939064,21.819290,22.007431,22.007431,22.092789,22.092789,22.161018,22.058662,22.143959,22.246208,22.314293,22.246208,22.195107,22.195107,22.416298,22.178062,22.297272,22.365303,22.178062,22.331291,22.365303,22.263237,22.229179,22.229179,22.382309,22.075729,22.212143,22.433289,22.161018,22.331291,22.263237,22.382309,22.416298,22.450264,22.552086,22.365303,22.467247,22.569054,22.484222,22.365303,22.416298,22.399300,22.416298,22.161018,22.450264,22.246208,22.143959,22.229179,22.246208,22.229179,22.280251,22.229179,22.195107,22.263237,22.161018,22.399300,22.365303,22.246208,22.297272,22.314293,22.161018,22.229179,22.314293,22.331291,22.263237,22.229179,22.450264,22.263237,22.314293,22.331291,22.178062,22.399300,22.450264,22.280251,22.416298,22.399300,22.229179,22.092789,21.990349,21.921967,21.990349,21.939064,21.956161,21.647850,21.836411,21.613518,21.630684,21.544792,21.630684,21.699318,21.441612,21.596336,21.665016,21.665016,21.630684,21.596336,21.647850,21.527603,21.424393,21.596336,21.476021,21.561981,21.596336,21.441612,21.510414,21.303802,21.493217,21.407181,21.527603,21.596336,21.579163,21.510414,21.372734,21.389961,21.544792,21.424393,21.579163,21.355507,21.476021,21.389961,21.372734,21.458817,21.527603,21.372734,21.389961,21.321045,21.234810,21.321045,21.165756,21.183029,21.113914,21.079346,20.958221,21.148476,20.923576,21.079346,21.165756,21.113914,21.044754,20.906242,20.836899,20.784843,20.784843,20.819542,20.732758,20.732758,20.593697,20.524055,20.576286,20.645866,20.698021,20.611084,20.611084,20.541473,20.506645,20.576286,20.628487,20.715385,20.680634,20.767487,20.436943,20.819542,20.888908,20.906242,20.750122,20.854233,20.576286,20.332268,20.558884,20.471802,20.297348,20.140007,20.367180,20.174995,20.105003,19.964821,19.982353,19.982353,19.947273,20.017418,19.806816,19.754082,19.701309,19.578049,19.560417,19.595665,19.472237,19.472237,19.560417,19.401619,19.242508,19.171692,19.401619,19.047615,19.100807,19.047615,18.852249,18.620766,18.531555,18.155830,17.958336,17.652206,17.290627,16.854668,16.471397,16.251610,15.994492,15.533455,15.477974,15.107178,15.144333,14.865326,14.902580,14.902580,14.939812,14.790794,14.958420,14.828064,14.958420,14.902580,14.902580,15.144333,15.051422,14.921196,15.144333,14.921196,14.958420,14.902580,14.734833,14.902580,14.977043,15.162895,15.162895,14.995636,14.865326,14.809425,14.995636,15.107178,14.977043,14.995636,15.014244,15.014244,14.846703,14.958420,14.958420,14.883965,14.883965,15.088600,14.790794,14.828064,14.902580,14.846703,14.883965,14.716171,14.846703,14.883965,14.828064,14.958420,14.846703,14.846703,14.883965,14.697517,14.753487,14.902580,14.790794,14.828064,14.883965,14.883965,14.865326,14.865326,14.734833,14.790794,14.846703,14.734833,14.846703,14.716171,14.865326,14.883965,14.828064,14.846703,14.902580,14.977043,14.828064,14.939812,14.958420,14.828064,14.846703,14.921196,14.921196,14.846703,14.753487,14.883965,14.977043,14.828064,14.828064,14.809425,14.846703,14.865326,14.734833,14.790794,14.846703,14.604141,14.939812,14.790794,14.865326,14.846703,14.828064,14.828064,14.902580,14.753487,14.828064,14.772133,14.828064,14.846703,14.995636,14.809425,14.641502,14.790794,14.716171,14.753487,14.716171,14.865326,14.921196,14.734833,14.995636,14.828064,14.902580,14.734833,14.958420,14.921196,14.939812,14.902580,14.902580,14.604141,14.846703,15.125755,15.032837,14.939812,15.144333,15.051422,15.014244,15.032837,14.995636,14.902580,14.995636,15.088600,14.977043,14.995636,14.939812,14.995636,14.883965,14.828064,14.902580,14.473274,14.510681,14.622826,14.809425,14.716171,14.473274,14.491982,14.678848,14.548080,14.529381,14.697517,14.921196,14.958420,15.032837,15.051422,15.107178,14.995636,14.977043,14.846703,15.107178,15.070015,15.051422,14.977043,14.883965,14.865326,14.772133,14.753487,14.809425,14.548080,14.641502,14.398399,14.697517,14.641502,14.660179,14.902580,14.697517,14.921196,14.958420,14.753487,14.790794,14.716171,14.958420,14.660179,14.995636,14.716171,14.641502,14.678848,14.604141,14.734833,14.828064,14.753487,14.548080,14.772133,14.865326,14.548080,14.846703,14.828064,14.622826,14.809425,14.697517,14.828064,14.716171,14.790794,14.734833,14.772133,14.865326,14.622826,14.604141,14.697517,14.566772,14.958420,14.790794,14.865326,14.772133,14.548080,14.660179,14.716171,14.585457,14.641502,14.604141,14.585457,14.697517,14.585457,14.716171,14.865326,14.697517,14.716171,14.753487,14.734833,14.697517,14.678848,14.697517,14.529381,14.641502,14.678848,14.548080,14.585457,14.585457,14.753487,14.734833,14.548080,14.641502,14.622826,14.921196,14.641502,14.865326,14.604141,14.772133,14.622826,14.697517,14.716171,14.417122,14.865326,14.585457,14.865326,14.753487,14.828064,14.753487,14.846703,14.697517,14.809425,14.790794,14.772133,14.753487,14.995636,15.014244,14.772133,15.088600,14.790794,14.883965,15.032837,14.790794,14.846703,14.977043,14.921196,14.865326,14.865326,14.865326,14.865326,14.828064,15.125755,15.032837,14.828064,14.790794,14.753487,15.181458,
14.939812,15.014244,15.014244,14.865326,14.958420,14.828064,14.809425,14.883965,14.939812,14.995636,14.995636,14.921196,15.014244,14.846703,14.883965,14.902580,14.921196,14.902580,15.014244,14.939812,15.014244,15.422462,15.514977,15.957695,16.068031,16.507973,16.909286,17.326851,17.688278,18.084076,18.370735,18.834473,18.905579,19.153984,19.313263,19.824394,19.648506,19.929733,19.877083,20.034943,20.349724,20.069977,20.244934,20.209976,20.419502,20.227455,20.489220,20.314804,20.628487,20.541473,20.732758,20.611084,20.698021,20.819542,20.489220,20.836899,20.871582,21.010155,21.079346,20.906242,20.975533,21.183029,20.871582,21.027458,21.113914,20.871582,20.940895,20.888908,21.010155,20.680634,21.044754,20.940895,20.888908,20.732758,20.698021,20.802200,20.836899,20.854233,20.784843,20.940895,21.079346,20.906242,21.010155,21.010155,20.923576,21.044754,20.541473,20.871582,20.645866,20.940895,20.854233,20.923576,21.010155,20.802200,20.854233,20.767487,20.888908,20.802200,20.819542,21.286568,21.165756,21.389961,21.113914,21.183029,21.303802,21.217552,21.321045,21.269310,21.096642,21.252068,21.183029,21.044754,21.269310,21.183029,21.148476,21.165756,21.183029,21.372734,21.372734,21.217552,21.217552,21.424393,21.424393,21.476021,21.407181,21.493217,21.527603,21.252068,21.355507,21.234810,21.165756,21.389961,21.321045,21.424393,21.303802,21.458817,21.269310,21.476021,21.561981,21.716469,21.767891,21.716469,21.665016,21.870644,21.939064,21.990349,21.990349,22.075729,22.143959,22.143959,21.939064,22.075729,21.939064,22.092789,22.041588,22.024513,22.263237,22.195107,22.297272,22.229179,22.229179,22.195107,22.450264,22.297272,22.297272,22.229179,22.229179,22.433289,22.399300,22.348305,22.416298,22.433289,22.314293,22.399300,22.161018,22.501198,22.433289,22.552086,22.501198,22.518166,22.450264,22.552086,22.109856,22.263237,22.331291,22.161018,22.058662,22.143959,22.280251,22.195107,22.178062,22.263237,22.263237,22.501198,22.331291,22.399300,22.143959,22.297272,22.280251,22.280251,22.246208,22.331291,22.348305,22.433289,22.331291,22.382309,22.178062,22.467247,22.109856,22.212143,22.297272,22.331291,22.195107,22.416298,22.143959,22.331291,22.024513,22.024513,21.956161,22.058662,21.904861,22.041588,21.819290,21.887764,21.750755,21.682167,21.613518,21.544792,21.493217,21.493217,21.407181,21.510414,21.527603,21.527603,21.510414,21.510414,21.596336,21.510414,21.389961,21.441612,21.407181,21.613518,21.527603,21.510414,21.476021,21.527603,21.561981,21.527603,21.510414,21.372734,21.527603,21.561981,21.510414,21.665016,21.458817,21.561981,21.561981,21.544792,21.476021,21.493217,21.407181,21.389961,21.544792,21.561981,21.458817,21.303802,21.407181,21.286568,21.200287,21.217552,21.027458,21.096642,21.062057,20.975533,21.079346,21.027458,21.079346,20.940895,20.784843,20.992851,20.871582,20.680634,20.958221,20.784843,20.750122,20.680634,20.558884,20.628487,20.611084,20.628487,20.698021,20.576286,20.558884,20.750122,20.611084,20.784843,20.732758,20.888908,20.836899,20.593697,20.819542,20.767487,20.906242,20.854233,20.819542,20.888908,20.680634,20.645866,20.698021,20.541473,20.750122,20.628487,20.332268,20.279877,20.244934,20.192490,20.122513,20.279877,19.824394,20.017418,19.912178,20.052460,19.789246,19.982353,19.436943,19.754082,19.648506,19.295586,19.525154,19.542793,19.419281,19.207108,19.242508,19.366287,19.153984,19.189407,18.994377,18.852249,18.620766,18.513702,18.030205,18.030205,17.742363,17.326851,17.018410,16.526253,16.159874,16.012886,15.755058,15.440964,15.144333,15.162895,15.237137,15.088600,14.977043,14.678848,14.734833,14.883965,15.014244,14.939812,15.032837,14.865326,15.032837,15.032837,14.772133,14.883965,15.014244,14.977043,14.958420,14.809425,14.902580,15.051422,15.107178,14.995636,14.902580,14.977043,15.014244,14.977043,15.032837,14.939812,15.051422,14.883965,15.014244,14.883965,14.902580,14.865326,15.051422,15.107178,14.883965,14.995636,14.734833,14.902580,14.846703,14.846703,14.921196,14.772133,14.678848,14.753487,14.828064,14.790794,14.865326,14.902580,14.734833,14.660179,14.790794,14.902580,14.828064,14.902580,14.809425,14.734833,14.883965,14.753487,14.865326,14.995636,14.790794,14.753487,14.716171,14.809425,14.697517,14.921196,14.790794,15.070015,14.828064,14.921196,14.958420,14.846703,15.070015,14.921196,14.939812,14.790794,14.883965,14.995636,14.995636,15.107178,14.846703,14.902580,14.828064,14.902580,14.902580,14.902580,14.753487,14.809425,14.902580,14.622826,14.678848,14.828064,14.809425,14.883965,14.846703,14.883965,15.032837,14.902580,14.809425,14.678848,14.921196,14.902580,14.846703,14.865326,14.865326,14.846703,14.921196,14.716171,14.678848,14.790794,14.902580,14.883965,14.921196,14.921196,14.716171,15.162895,14.939812,14.921196,14.995636,15.200020,15.088600,15.088600,14.939812,15.125755,14.846703,15.051422,14.902580,14.865326,15.255684,14.734833,15.107178,15.032837,14.995636,14.977043,14.883965,15.088600,14.939812,14.772133,14.753487,14.772133,14.865326,14.772133,14.585457,14.678848,14.510681,14.660179,14.548080,14.753487,14.660179,14.678848,14.716171,14.846703,14.995636,15.032837,14.939812,15.014244,15.200020,15.014244,15.032837,15.014244,15.014244,15.032837,14.809425,14.977043,14.734833,14.828064,14.809425,14.865326,14.734833,14.604141,14.622826,14.585457,14.585457,14.566772,14.678848,14.678848,14.772133,14.772133,15.032837,15.070015,14.828064,14.529381,14.734833,14.902580,14.809425,14.604141,14.734833,14.790794,14.641502,14.678848,14.753487,14.734833,14.753487,14.678848,14.660179,14.828064,14.753487,14.753487,14.809425,14.753487,14.809425,14.995636,14.883965,14.716171,14.622826,14.734833,14.753487,14.585457,14.604141,14.734833,14.995636,14.772133,14.734833,14.772133,14.958420,14.660179,14.865326,14.716171,14.697517,14.641502,14.604141,14.697517,14.790794,14.865326,14.753487,14.697517,14.772133,14.753487,14.697517,14.809425,14.604141,14.716171,14.753487,14.716171,14.604141,14.883965,14.883965,14.697517,14.883965,14.641502,14.660179,14.734833,14.566772,14.678848,14.660179,14.790794,14.548080,14.678848,14.678848,14.716171,14.753487,14.828064,14.809425,14.473274,14.772133,14.641502,14.697517,14.865326,14.958420,14.883965,14.716171,14.902580,14.865326,14.734833,14.622826,14.846703,14.883965,14.939812,14.939812,14.753487,14.809425,15.051422,15.032837,14.566772,14.977043,14.902580,14.753487,14.865326,14.734833,14.958420,14.977043,15.032837,14.939812,14.809425,14.846703,15.088600,
15.237137,14.846703,14.958420,14.828064,14.902580,14.958420,14.772133,14.772133,15.051422,15.125755,14.865326,15.070015,14.772133,14.958420,14.548080,14.846703,14.939812,14.809425,15.032837,15.218575,15.237137,15.181458,15.662788,15.681252,15.994492,16.507973,16.891090,17.272507,17.742363,17.994278,18.370735,18.709869,18.834473,19.401619,19.277893,19.648506,19.683716,19.859520,20.034943,20.017418,19.859520,20.140007,20.244934,19.929733,20.122513,20.349724,20.314804,20.524055,20.471802,20.593697,20.471802,20.663254,20.576286,20.923576,20.680634,20.888908,20.906242,20.784843,20.940895,20.940895,20.940895,20.923576,20.958221,20.871582,21.131203,20.802200,21.044754,20.958221,20.906242,20.784843,20.871582,20.854233,21.027458,20.992851,20.992851,21.062057,21.113914,20.992851,21.062057,21.010155,20.854233,21.165756,20.992851,20.940895,21.027458,20.940895,21.079346,21.044754,20.958221,20.923576,20.732758,20.940895,20.802200,20.802200,20.854233,20.906242,20.906242,21.183029,20.854233,21.044754,21.165756,21.113914,20.975533,20.975533,21.010155,20.975533,21.010155,21.269310,21.148476,21.148476,21.407181,21.148476,21.183029,21.096642,21.234810,21.269310,21.321045,21.200287,21.424393,21.303802,21.217552,21.338272,21.286568,21.493217,21.372734,21.148476,21.476021,21.441612,21.338272,21.424393,21.234810,21.338272,21.131203,21.286568,21.252068,21.441612,21.355507,21.510414,21.665016,21.699318,21.630684,21.750755,21.699318,21.921967,22.007431,21.956161,22.126915,22.143959,22.126915,22.075729,22.143959,22.058662,22.058662,22.212143,22.075729,22.126915,22.161018,22.229179,22.143959,22.297272,22.058662,22.331291,22.297272,22.399300,22.212143,22.314293,22.365303,22.399300,22.569054,22.365303,22.535133,22.331291,22.433289,22.246208,22.467247,22.535133,22.433289,22.416298,22.433289,22.433289,22.365303,22.450264,22.433289,22.433289,22.297272,22.484222,22.058662,22.178062,22.314293,22.416298,22.399300,22.280251,22.229179,22.297272,22.178062,22.399300,22.229179,22.246208,22.382309,22.195107,22.246208,22.450264,22.092789,22.246208,22.365303,22.161018,22.041588,22.297272,22.314293,22.075729,22.331291,22.229179,22.314293,22.314293,22.280251,22.195107,22.161018,22.263237,21.853539,22.075729,22.007431,21.973259,21.870644,21.921967,21.699318,21.750755,21.544792,21.613518,21.389961,21.441612,21.441612,21.458817,21.561981,21.493217,21.476021,21.596336,21.389961,21.596336,21.389961,21.510414,21.441612,21.441612,21.458817,21.613518,21.424393,21.493217,21.527603,21.493217,21.596336,21.493217,21.561981,21.424393,21.561981,21.561981,21.424393,21.613518,21.596336,21.630684,21.665016,21.596336,21.476021,21.527603,21.458817,21.510414,21.389961,21.372734,21.286568,21.407181,21.131203,21.165756,21.183029,21.252068,21.234810,21.079346,21.079346,20.958221,21.062057,20.940895,21.044754,20.836899,20.802200,20.958221,20.871582,20.819542,20.767487,20.698021,20.628487,20.611084,20.819542,20.489220,20.715385,20.645866,20.784843,20.611084,20.645866,20.836899,20.802200,20.854233,20.802200,20.888908,20.940895,20.628487,20.888908,20.819542,20.975533,20.940895,20.750122,20.854233,20.836899,20.784843,20.506645,20.419502,20.541473,20.419502,20.454369,20.244934,20.314804,20.052460,19.982353,19.964821,20.034943,19.929733,19.789246,19.859520,19.789246,19.630898,19.454590,19.525154,19.330948,19.242508,19.295586,19.383957,19.313263,19.242508,19.295586,19.171692,19.083084,18.994377,18.798889,18.406502,18.066116,17.904396,17.706314,17.272507,16.818245,16.854668,16.251610,15.920883,15.533455,15.514977,15.366905,15.125755,14.995636,15.014244,14.809425,14.902580,15.014244,15.014244,14.939812,14.921196,14.865326,15.088600,14.902580,14.921196,14.883965,15.051422,15.014244,14.958420,15.070015,14.958420,14.902580,14.902580,14.977043,14.883965,15.107178,15.125755,14.660179,14.977043,14.865326,14.939812,15.051422,15.032837,15.125755,14.921196,14.939812,14.939812,15.032837,15.032837,15.051422,14.995636,14.958420,14.921196,14.958420,14.883965,14.902580,14.995636,14.865326,14.772133,14.790794,14.846703,14.921196,14.753487,14.846703,14.846703,14.883965,14.790794,14.865326,14.809425,14.865326,14.828064,14.865326,14.883965,14.828064,14.697517,14.865326,14.828064,14.772133,14.939812,14.809425,14.958420,14.902580,14.977043,14.977043,14.977043,14.865326,14.883965,14.883965,14.883965,15.070015,15.070015,14.716171,14.809425,14.734833,15.032837,14.790794,14.902580,14.977043,14.734833,14.828064,14.828064,14.902580,14.753487,14.828064,14.809425,14.566772,14.734833,14.772133,14.697517,14.828064,14.921196,14.995636,14.902580,14.828064,14.622826,14.921196,14.865326,14.902580,14.902580,14.809425,14.697517,14.790794,14.772133,14.846703,14.716171,14.828064,14.790794,14.790794,14.790794,14.883965,14.902580,15.014244,14.939812,14.939812,14.828064,14.846703,14.977043,14.958420,14.995636,15.107178,15.051422,14.902580,14.828064,14.958420,14.772133,14.902580,14.865326,15.088600,14.921196,15.070015,15.088600,14.790794,14.921196,14.697517,14.977043,14.734833,14.678848,14.641502,14.622826,14.529381,14.417122,14.435844,14.491982,14.585457,14.734833,14.734833,14.809425,14.865326,14.809425,14.921196,15.237137,14.958420,14.902580,15.144333,15.014244,14.977043,15.032837,14.790794,14.939812,14.883965,14.865326,14.772133,14.641502,14.585457,14.790794,14.510681,14.622826,14.454552,14.566772,14.809425,14.790794,14.641502,14.865326,14.772133,14.604141,14.790794,14.977043,14.865326,14.753487,14.678848,14.883965,14.753487,14.753487,14.697517,14.660179,14.846703,14.772133,14.734833,14.734833,14.734833,14.753487,14.660179,14.585457,14.716171,14.660179,14.716171,14.566772,14.678848,14.772133,14.716171,14.697517,14.753487,14.828064,14.678848,14.678848,14.716171,14.641502,14.790794,14.883965,14.846703,14.697517,14.716171,14.697517,14.529381,14.697517,14.865326,14.958420,14.622826,14.809425,14.641502,14.660179,14.734833,14.660179,14.585457,14.753487,14.753487,14.772133,14.809425,14.697517,14.510681,14.604141,14.809425,14.846703,14.660179,14.828064,14.641502,14.417122,14.622826,14.641502,14.716171,14.678848,14.604141,14.697517,14.548080,14.716171,14.697517,14.660179,14.716171,14.790794,14.772133,14.697517,14.809425,14.772133,14.883965,14.790794,14.641502,14.772133,14.622826,14.883965,14.883965,14.734833,14.828064,14.790794,14.809425,14.883965,14.846703,14.846703,14.809425,14.902580,14.828064,14.753487,14.883965,14.958420,14.790794,14.716171,14.958420,14.939812,14.921196,14.958420,14.883965,15.311302,
15.125755,15.107178,14.828064,15.014244,14.678848,14.865326,14.902580,15.014244,15.051422,14.828064,14.995636,14.902580,14.939812,14.716171,14.865326,15.125755,14.865326,14.977043,15.051422,15.311302,15.051422,15.422462,15.440964,15.755058,16.086403,16.544525,16.800026,17.163704,17.598068,18.191681,18.173759,18.531555,18.905579,19.277893,19.507530,19.454590,19.806816,19.754082,19.859520,20.122513,20.140007,20.384621,20.209976,20.384621,20.174995,20.349724,20.558884,20.157509,20.541473,20.489220,20.576286,20.645866,20.611084,20.680634,20.836899,21.062057,20.871582,20.923576,20.958221,20.836899,20.888908,20.854233,20.940895,20.906242,20.992851,20.888908,20.923576,20.940895,20.958221,21.183029,20.958221,21.096642,21.062057,20.871582,20.871582,20.940895,21.131203,21.252068,20.923576,21.096642,21.096642,20.871582,21.096642,21.096642,20.958221,21.183029,20.750122,21.062057,21.079346,20.871582,20.802200,20.992851,20.958221,20.854233,20.923576,20.958221,21.079346,21.079346,20.992851,21.165756,21.234810,21.183029,20.958221,21.217552,20.975533,21.234810,21.165756,21.165756,21.217552,21.183029,21.303802,21.148476,21.252068,21.079346,21.217552,21.234810,21.148476,21.252068,21.286568,21.079346,21.217552,21.424393,21.510414,21.544792,21.286568,21.389961,21.355507,21.510414,21.355507,21.303802,21.372734,21.303802,21.252068,21.252068,21.113914,21.355507,21.424393,21.613518,21.441612,21.665016,21.561981,21.733620,21.887764,22.041588,21.802162,21.939064,21.990349,21.870644,21.870644,22.024513,21.939064,22.024513,22.246208,22.024513,22.143959,22.314293,21.973259,22.143959,22.263237,21.990349,22.229179,22.314293,22.331291,22.178062,22.297272,22.399300,22.263237,22.297272,22.348305,22.586006,22.518166,22.348305,22.399300,22.535133,22.365303,22.399300,22.433289,22.331291,22.365303,22.416298,22.382309,22.348305,22.382309,22.416298,22.348305,22.450264,22.246208,22.399300,22.126915,22.314293,22.297272,22.331291,22.280251,22.365303,22.143959,22.382309,22.399300,22.314293,22.314293,22.467247,22.246208,22.143959,22.331291,22.178062,22.263237,22.314293,22.075729,22.212143,22.195107,22.195107,22.263237,22.195107,22.229179,22.143959,22.212143,22.075729,22.229179,22.126915,22.092789,21.939064,21.870644,21.904861,21.716469,21.802162,21.699318,21.613518,21.613518,21.527603,21.561981,21.458817,21.544792,21.596336,21.407181,21.441612,21.407181,21.458817,21.596336,21.527603,21.372734,21.596336,21.561981,21.596336,21.579163,21.493217,21.544792,21.493217,21.561981,21.561981,21.424393,21.527603,21.372734,21.596336,21.682167,21.716469,21.647850,21.527603,21.630684,21.527603,21.424393,21.579163,21.493217,21.596336,21.407181,21.527603,21.303802,21.217552,21.493217,21.389961,21.148476,21.183029,21.234810,21.010155,21.096642,21.200287,21.200287,21.113914,20.923576,21.010155,20.906242,21.148476,20.888908,20.836899,20.541473,20.992851,20.836899,20.698021,20.611084,20.576286,20.628487,20.593697,20.541473,20.593697,20.750122,20.611084,20.645866,20.680634,20.750122,20.802200,20.871582,20.888908,20.784843,20.854233,20.802200,21.010155,20.802200,21.131203,20.750122,20.784843,20.888908,20.836899,20.593697,20.576286,20.332268,20.332268,20.367180,20.087494,20.087494,20.140007,19.859520,19.999893,19.964821,19.877083,19.718910,19.718910,19.560417,19.806816,19.630898,19.436943,19.613289,19.578049,19.419281,19.260208,19.189407,19.260208,19.313263,19.065346,19.083084,18.763298,18.549400,18.477982,18.334953,17.688278,17.580009,17.236252,16.982056,16.581078,16.379883,15.847229,15.607391,15.348373,15.255684,15.181458,15.200020,15.144333,14.753487,14.977043,15.070015,14.939812,14.902580,14.846703,14.697517,14.790794,14.977043,14.902580,14.846703,15.088600,14.883965,14.846703,14.939812,14.902580,15.051422,15.032837,14.790794,15.051422,15.125755,14.958420,14.958420,14.902580,15.162895,14.977043,15.014244,15.051422,15.051422,14.790794,14.921196,14.995636,15.125755,14.883965,14.902580,14.977043,15.014244,14.958420,14.883965,14.753487,14.697517,14.734833,14.921196,14.846703,14.865326,14.753487,14.846703,15.014244,14.902580,14.846703,14.865326,14.678848,14.678848,14.622826,14.753487,14.883965,14.772133,14.772133,14.865326,14.902580,14.939812,14.697517,14.716171,14.921196,14.921196,14.846703,14.828064,15.032837,14.977043,14.958420,14.902580,14.809425,15.032837,15.162895,14.865326,14.995636,14.772133,14.883965,14.790794,14.828064,14.828064,14.883965,14.902580,15.014244,14.846703,14.921196,14.958420,14.790794,14.902580,14.734833,14.883965,14.828064,14.865326,14.753487,14.977043,14.865326,14.883965,14.865326,14.958420,14.828064,14.865326,14.753487,14.846703,14.921196,14.883965,14.921196,14.828064,14.772133,14.958420,14.753487,14.772133,14.846703,14.809425,14.846703,14.883965,14.883965,14.939812,14.977043,14.902580,14.809425,14.883965,14.828064,14.977043,15.014244,14.977043,14.995636,15.032837,15.107178,15.051422,14.958420,14.958420,15.032837,15.088600,14.883965,14.958420,14.921196,14.939812,14.939812,14.846703,14.958420,14.697517,14.772133,14.697517,14.604141,14.491982,14.285973,14.678848,14.734833,14.697517,14.678848,14.697517,14.921196,14.883965,14.958420,15.032837,15.200020,14.921196,14.995636,15.051422,15.218575,14.995636,15.032837,14.995636,14.902580,14.902580,14.939812,14.921196,14.939812,14.548080,14.660179,14.660179,14.604141,14.473274,14.790794,14.548080,14.734833,14.678848,14.809425,14.995636,14.734833,14.678848,14.716171,14.734833,14.939812,14.641502,14.716171,14.548080,14.772133,14.697517,14.678848,14.585457,14.697517,14.753487,14.809425,14.697517,14.697517,14.585457,14.790794,14.641502,14.883965,14.734833,14.846703,14.790794,14.846703,14.697517,14.846703,14.865326,14.678848,14.772133,14.678848,14.734833,14.846703,14.678848,14.790794,14.828064,14.846703,14.529381,14.641502,14.734833,14.604141,14.734833,14.753487,14.660179,14.753487,14.697517,14.809425,15.107178,14.622826,14.734833,14.828064,14.772133,14.697517,14.753487,14.939812,14.697517,14.566772,14.716171,14.790794,14.846703,14.734833,14.753487,14.734833,14.846703,14.697517,14.809425,14.846703,14.585457,14.809425,14.566772,14.753487,14.753487,14.716171,14.734833,14.473274,14.734833,14.902580,14.753487,14.548080,14.753487,14.716171,14.491982,14.790794,14.753487,14.604141,14.977043,14.772133,14.865326,14.809425,14.734833,14.809425,14.902580,14.753487,14.660179,14.921196,14.883965,14.828064,14.753487,14.902580,14.977043,14.809425,14.958420,14.939812,14.883965,15.070015,14.958420,14.809425,
15.107178,15.088600,14.846703,14.958420,14.958420,14.734833,14.846703,14.790794,15.032837,14.902580,14.977043,14.921196,14.939812,14.939812,15.032837,14.772133,15.032837,15.014244,14.790794,15.051422,15.088600,15.403938,15.440964,15.865646,15.994492,16.416496,16.818245,17.163704,17.670250,18.012245,18.299164,18.585091,18.852249,19.136261,19.507530,19.683716,19.771667,19.754082,19.999893,19.894638,19.894638,20.262413,20.140007,20.262413,20.332268,20.402061,20.297348,20.436943,20.332268,20.419502,20.576286,20.698021,20.715385,20.888908,20.871582,20.802200,20.784843,21.010155,21.096642,20.940895,20.871582,21.131203,20.992851,20.975533,21.113914,21.027458,21.027458,20.958221,20.958221,21.079346,20.784843,21.044754,21.079346,21.113914,20.940895,21.062057,21.165756,21.183029,21.027458,20.975533,21.252068,21.269310,21.286568,21.269310,21.148476,20.975533,21.044754,21.044754,20.906242,20.819542,20.836899,20.923576,20.975533,20.888908,20.975533,20.923576,21.079346,20.992851,20.975533,21.113914,20.992851,21.062057,21.183029,21.338272,21.148476,21.183029,21.062057,21.234810,21.252068,21.096642,21.183029,21.079346,21.200287,21.286568,21.165756,21.234810,21.269310,21.269310,21.424393,21.321045,21.441612,21.441612,21.493217,21.561981,21.424393,21.303802,21.269310,21.493217,21.389961,21.355507,21.269310,21.441612,21.476021,21.355507,21.252068,21.338272,21.510414,21.561981,21.407181,21.579163,21.613518,21.819290,21.819290,21.956161,21.733620,21.699318,21.887764,21.921967,21.956161,21.819290,21.836411,21.904861,21.750755,21.990349,21.870644,22.092789,22.024513,22.314293,22.041588,22.178062,22.143959,22.280251,22.297272,22.331291,22.195107,22.433289,22.501198,22.501198,22.348305,22.365303,22.416298,22.602951,22.636833,22.467247,22.569054,22.297272,22.399300,22.552086,22.416298,22.484222,22.467247,22.450264,22.484222,22.416298,22.195107,22.297272,22.246208,22.143959,22.365303,22.348305,22.331291,22.229179,22.450264,22.195107,22.297272,22.518166,22.178062,22.314293,22.229179,22.348305,22.195107,22.382309,22.109856,22.280251,22.212143,22.161018,22.092789,22.007431,22.195107,22.058662,21.956161,22.143959,22.246208,22.075729,22.092789,22.126915,21.990349,22.075729,21.853539,22.075729,21.870644,21.973259,21.853539,21.630684,21.613518,21.613518,21.596336,21.441612,21.372734,21.407181,21.441612,21.510414,21.355507,21.424393,21.321045,21.441612,21.458817,21.630684,21.338272,21.493217,21.613518,21.750755,21.630684,21.527603,21.389961,21.458817,21.665016,21.544792,21.561981,21.613518,21.579163,21.665016,21.544792,21.716469,21.699318,21.613518,21.476021,21.579163,21.613518,21.407181,21.441612,21.630684,21.476021,21.527603,21.476021,21.389961,21.183029,21.321045,21.407181,21.234810,21.217552,21.269310,21.131203,21.044754,21.131203,21.165756,21.010155,21.062057,21.027458,21.079346,20.888908,20.992851,20.854233,20.767487,20.750122,20.732758,20.715385,20.715385,20.715385,20.489220,20.558884,20.628487,20.506645,20.645866,20.680634,20.767487,20.593697,20.680634,21.010155,20.698021,20.680634,20.906242,20.854233,21.010155,20.940895,21.010155,20.663254,20.992851,20.541473,20.680634,20.454369,20.611084,20.489220,20.436943,20.279877,20.367180,20.279877,20.087494,19.964821,20.105003,19.947273,19.877083,19.789246,19.718910,19.595665,19.507530,19.542793,19.436943,19.472237,19.401619,19.383957,19.401619,19.242508,19.295586,19.012123,19.047615,18.834473,18.692055,18.495850,18.245445,18.084076,17.778404,17.688278,17.363060,16.927490,16.672379,16.104774,16.068031,15.791931,15.348373,15.292770,15.237137,14.902580,14.958420,14.846703,14.865326,14.846703,14.921196,14.790794,14.865326,14.921196,14.939812,14.958420,14.846703,14.939812,14.958420,14.995636,14.809425,15.162895,14.921196,14.883965,15.051422,15.051422,14.939812,14.846703,14.958420,14.995636,14.902580,14.958420,15.162895,14.977043,14.995636,15.125755,15.051422,14.939812,14.958420,14.939812,14.958420,14.809425,14.995636,14.939812,15.014244,15.014244,14.790794,14.883965,14.939812,14.809425,14.865326,14.902580,14.716171,14.622826,14.790794,14.641502,14.790794,14.716171,14.753487,14.790794,14.883965,14.809425,14.902580,14.716171,14.772133,14.772133,14.958420,14.753487,14.660179,14.865326,14.697517,14.809425,14.958420,14.995636,14.921196,14.828064,14.995636,14.828064,14.790794,14.995636,14.828064,14.902580,14.902580,14.716171,14.902580,14.809425,14.939812,14.865326,14.828064,14.753487,14.809425,14.772133,14.883965,14.790794,14.790794,14.790794,14.846703,14.772133,14.939812,14.828064,14.921196,14.828064,14.753487,14.772133,14.958420,14.846703,14.809425,14.958420,14.697517,14.809425,14.846703,14.734833,14.828064,14.790794,14.734833,14.846703,14.846703,14.921196,14.977043,14.809425,14.995636,14.865326,14.809425,14.865326,14.902580,14.921196,14.902580,14.995636,15.014244,14.865326,14.883965,14.846703,14.958420,15.051422,14.958420,15.162895,14.977043,15.162895,14.902580,15.051422,14.883965,15.125755,15.032837,14.790794,14.697517,14.753487,14.753487,14.716171,14.697517,14.529381,14.641502,14.510681,14.697517,14.473274,14.510681,14.622826,14.622826,14.716171,14.883965,14.939812,14.921196,15.088600,15.237137,14.790794,14.958420,14.939812,15.107178,15.107178,15.088600,14.865326,15.032837,14.902580,14.846703,14.734833,14.790794,14.622826,14.772133,14.529381,14.716171,14.323463,14.622826,14.753487,14.716171,14.473274,14.790794,14.772133,14.604141,14.697517,14.883965,14.734833,14.697517,14.772133,14.697517,14.678848,14.790794,14.939812,14.604141,14.846703,14.641502,14.846703,14.790794,14.734833,14.790794,14.678848,14.753487,14.828064,14.622826,14.716171,14.828064,14.772133,14.734833,14.734833,14.772133,14.865326,14.697517,14.828064,14.790794,14.622826,14.604141,14.790794,14.753487,14.641502,14.716171,14.660179,14.753487,14.585457,14.753487,14.622826,14.566772,14.846703,14.716171,14.753487,14.716171,14.865326,14.865326,14.622826,14.660179,14.697517,14.734833,14.883965,14.753487,14.809425,14.529381,14.604141,14.678848,14.678848,14.828064,14.977043,14.678848,14.809425,14.604141,14.510681,14.921196,14.622826,14.790794,14.846703,14.865326,14.772133,14.734833,14.622826,14.772133,14.566772,14.734833,14.734833,14.865326,14.716171,14.660179,14.716171,14.921196,14.977043,14.846703,14.958420,14.790794,14.641502,14.828064,14.865326,14.697517,15.032837,14.809425,14.846703,14.977043,15.051422,14.716171,14.753487,15.014244,14.697517,14.753487,14.977043,14.902580,14.995636,14.939812,15.088600,14.958420,
15.088600,15.032837,14.939812,14.939812,14.566772,14.921196,14.828064,14.828064,14.921196,14.809425,14.883965,14.977043,14.883965,14.809425,14.883965,15.218575,14.734833,15.014244,15.051422,14.939812,15.088600,15.348373,15.477974,15.755058,16.141510,16.416496,16.872887,17.127403,17.616119,17.940361,18.334953,18.602928,18.692055,18.976631,19.525154,19.701309,19.964821,19.877083,19.929733,19.929733,19.754082,19.894638,20.209976,20.105003,20.227455,20.367180,20.227455,20.384621,20.611084,20.558884,20.541473,20.784843,20.698021,20.732758,20.680634,20.975533,20.802200,20.888908,20.906242,21.234810,21.113914,21.148476,20.958221,21.044754,21.044754,21.200287,21.062057,21.027458,21.079346,21.010155,21.096642,21.113914,21.252068,21.131203,20.958221,21.269310,21.269310,21.286568,21.355507,21.079346,21.131203,21.200287,21.303802,21.234810,21.200287,21.269310,21.148476,21.096642,20.975533,21.010155,20.975533,20.836899,20.906242,20.888908,21.165756,20.975533,20.923576,20.992851,20.958221,21.165756,21.010155,21.131203,21.131203,21.183029,21.183029,21.234810,21.148476,21.113914,21.096642,21.148476,21.183029,21.234810,21.234810,21.183029,21.321045,21.200287,21.252068,21.165756,21.286568,21.355507,21.510414,21.321045,21.389961,21.407181,21.269310,21.544792,21.338272,21.441612,21.303802,21.389961,21.389961,21.458817,21.321045,21.183029,21.338272,21.303802,21.321045,21.476021,21.407181,21.527603,21.665016,21.699318,21.579163,21.819290,21.682167,21.819290,21.836411,21.716469,21.750755,21.870644,21.939064,21.802162,21.853539,21.785027,22.075729,21.767891,21.956161,21.990349,22.075729,22.178062,22.178062,22.297272,22.467247,22.263237,22.195107,22.161018,22.467247,22.382309,22.467247,22.518166,22.263237,22.450264,22.297272,22.399300,22.552086,22.314293,22.602951,22.501198,22.433289,22.450264,22.552086,22.433289,22.399300,22.382309,22.314293,22.314293,22.212143,22.450264,22.467247,22.314293,22.399300,22.399300,22.331291,22.331291,22.246208,22.399300,22.416298,22.314293,22.263237,22.212143,22.450264,22.297272,22.195107,22.161018,21.887764,22.058662,22.007431,22.058662,21.990349,21.836411,22.007431,21.921967,22.024513,21.973259,21.921967,21.819290,21.904861,21.973259,21.767891,21.887764,21.630684,21.802162,21.647850,21.682167,21.561981,21.647850,21.544792,21.458817,21.338272,21.630684,21.510414,21.200287,21.338272,21.630684,21.234810,21.579163,21.476021,21.819290,21.579163,21.750755,21.510414,21.579163,21.665016,21.630684,21.699318,21.579163,21.647850,21.647850,21.716469,21.682167,21.476021,21.733620,21.767891,21.682167,21.561981,21.647850,21.596336,21.767891,21.647850,21.596336,21.527603,21.527603,21.613518,21.544792,21.372734,21.303802,21.389961,21.424393,21.372734,21.286568,21.269310,21.200287,21.183029,21.252068,21.131203,20.958221,20.992851,21.062057,21.010155,20.923576,20.836899,20.906242,20.819542,20.836899,20.715385,20.732758,20.611084,20.541473,20.506645,20.576286,20.645866,20.454369,20.645866,20.558884,20.680634,20.767487,20.871582,20.680634,20.802200,20.975533,20.698021,20.784843,20.854233,20.854233,20.871582,21.044754,20.854233,20.802200,20.802200,20.611084,20.349724,20.611084,20.436943,20.471802,20.262413,20.244934,20.244934,20.262413,20.174995,20.052460,19.841957,19.806816,19.912178,19.789246,19.666115,19.542793,19.489883,19.613289,19.348618,19.454590,19.436943,19.224815,19.153984,19.242508,19.242508,18.994377,18.976631,18.692055,18.370735,18.442253,17.940361,17.832420,17.580009,17.326851,16.963875,16.727104,16.306610,15.791931,15.662788,15.681252,15.274223,15.014244,14.883965,15.070015,14.828064,14.734833,14.865326,14.846703,14.790794,14.921196,14.939812,15.051422,14.883965,14.809425,14.828064,14.921196,14.902580,14.958420,14.958420,14.846703,14.902580,15.070015,14.828064,14.921196,14.995636,14.995636,14.772133,14.865326,14.865326,14.921196,15.014244,14.958420,14.921196,15.014244,14.716171,15.051422,15.032837,14.995636,14.939812,14.958420,14.883965,14.697517,14.846703,14.865326,14.902580,14.809425,14.716171,14.846703,14.828064,14.902580,14.883965,14.566772,14.883965,14.865326,14.772133,14.809425,14.902580,14.772133,14.753487,14.846703,14.939812,14.865326,14.809425,14.734833,14.902580,14.809425,14.697517,14.846703,14.902580,14.883965,14.641502,14.772133,15.051422,15.014244,15.051422,14.939812,14.883965,14.939812,14.809425,14.902580,14.977043,15.125755,14.846703,14.995636,14.828064,14.883965,14.958420,14.958420,14.772133,14.846703,14.883965,14.846703,14.716171,14.865326,14.809425,14.921196,14.921196,15.014244,14.772133,14.995636,14.734833,14.716171,14.865326,14.678848,14.734833,14.828064,14.865326,14.753487,14.865326,14.995636,14.809425,14.790794,14.790794,14.641502,14.865326,14.846703,14.753487,14.883965,14.697517,14.958420,14.790794,14.828064,14.846703,15.088600,15.014244,14.828064,14.828064,14.883965,14.995636,14.828064,15.070015,14.939812,14.883965,14.865326,14.921196,15.014244,15.107178,14.995636,14.995636,15.088600,15.032837,14.828064,14.902580,14.977043,14.622826,14.716171,14.716171,14.622826,14.772133,14.566772,14.529381,14.491982,14.379669,14.734833,14.753487,14.846703,14.697517,15.107178,14.883965,15.107178,14.958420,15.088600,15.051422,14.902580,14.977043,14.995636,15.088600,14.809425,14.790794,14.790794,14.716171,14.790794,14.828064,14.660179,14.734833,14.585457,14.641502,14.622826,14.510681,14.678848,14.809425,14.660179,14.828064,14.828064,14.846703,14.697517,14.753487,14.809425,14.772133,14.772133,14.660179,14.846703,14.548080,14.809425,14.828064,14.660179,14.846703,14.734833,14.790794,14.809425,14.846703,14.790794,14.865326,14.641502,14.902580,14.790794,14.716171,14.958420,14.865326,14.660179,14.790794,14.734833,14.921196,14.939812,14.697517,14.790794,14.566772,14.566772,14.716171,14.641502,14.772133,14.846703,14.678848,14.716171,14.697517,14.790794,14.585457,14.678848,14.473274,14.622826,14.716171,14.828064,14.865326,14.790794,14.772133,14.641502,14.716171,14.902580,14.846703,14.809425,14.865326,14.697517,14.772133,14.772133,14.753487,14.828064,14.678848,14.660179,14.753487,14.716171,14.772133,14.753487,14.622826,14.921196,14.753487,14.753487,14.716171,14.883965,14.716171,14.529381,14.734833,14.697517,14.883965,14.809425,14.883965,14.697517,14.995636,14.883965,14.678848,14.921196,14.977043,14.921196,14.809425,14.921196,14.939812,15.070015,14.865326,14.678848,14.622826,14.734833,14.865326,14.883965,14.902580,15.070015,14.995636,14.846703,14.790794,14.790794,14.865326,15.181458,
14.995636,14.865326,15.088600,14.958420,14.846703,14.716171,14.921196,14.939812,15.014244,14.939812,14.641502,14.883965,14.939812,15.088600,14.977043,14.995636,14.846703,15.255684,15.051422,14.921196,15.181458,15.274223,15.403938,15.681252,15.994492,16.489677,16.800026,17.145554,17.670250,17.922386,18.442253,18.602928,18.834473,19.189407,19.260208,19.472237,19.630898,20.017418,19.701309,19.877083,20.140007,20.122513,20.157509,20.174995,20.209976,20.419502,20.541473,20.402061,20.541473,20.541473,20.489220,20.628487,20.750122,20.784843,20.698021,20.750122,20.871582,20.923576,21.183029,21.079346,20.871582,20.975533,20.940895,21.044754,20.992851,21.234810,21.200287,21.252068,20.940895,21.131203,21.113914,21.252068,21.407181,21.113914,21.217552,21.286568,21.338272,21.355507,21.217552,21.407181,21.338272,21.355507,21.458817,21.372734,21.234810,21.441612,21.113914,21.079346,21.027458,21.217552,21.010155,21.148476,20.958221,20.888908,20.975533,21.096642,20.958221,21.148476,20.992851,21.062057,21.044754,21.234810,21.148476,21.079346,21.010155,20.992851,21.183029,21.372734,21.165756,21.131203,21.148476,21.113914,21.044754,21.217552,21.355507,21.131203,21.424393,21.372734,21.234810,21.338272,21.441612,21.338272,21.424393,21.441612,21.493217,21.338272,21.476021,21.252068,21.131203,21.183029,21.303802,21.389961,21.596336,21.372734,21.372734,21.372734,21.389961,21.372734,21.510414,21.510414,21.561981,21.630684,21.699318,21.510414,21.716469,21.836411,21.853539,21.716469,21.682167,21.836411,21.819290,21.853539,21.733620,21.785027,21.716469,21.904861,21.836411,22.143959,22.109856,22.178062,22.092789,22.314293,22.178062,22.382309,22.246208,22.348305,22.246208,22.433289,22.501198,22.297272,22.484222,22.433289,22.433289,22.484222,22.297272,22.382309,22.365303,22.602951,22.416298,22.450264,22.552086,22.433289,22.297272,22.450264,22.382309,22.450264,22.348305,22.586006,22.399300,22.297272,22.416298,22.280251,22.331291,22.399300,22.195107,22.314293,22.297272,22.501198,22.178062,22.143959,22.161018,22.058662,21.853539,22.041588,22.058662,21.956161,21.973259,21.956161,21.990349,21.939064,21.887764,21.939064,21.887764,21.853539,22.024513,21.887764,21.853539,21.767891,21.733620,21.819290,21.785027,21.785027,21.716469,21.733620,21.510414,21.682167,21.424393,21.389961,21.355507,21.544792,21.579163,21.407181,21.321045,21.510414,21.596336,21.699318,21.802162,21.579163,21.665016,21.767891,21.596336,21.682167,21.733620,21.802162,21.853539,21.904861,21.733620,21.733620,21.716469,21.767891,21.785027,21.733620,21.750755,21.767891,21.802162,21.716469,21.665016,21.887764,21.630684,21.750755,21.904861,21.716469,21.647850,21.733620,21.544792,21.493217,21.424393,21.441612,21.269310,21.338272,21.252068,21.372734,21.148476,21.183029,21.321045,21.131203,21.131203,21.113914,21.148476,21.200287,21.044754,20.836899,20.576286,20.750122,20.663254,20.767487,20.576286,20.698021,20.611084,20.436943,20.576286,20.593697,20.663254,20.593697,20.628487,20.836899,20.854233,20.732758,20.732758,20.975533,20.871582,21.148476,20.802200,20.888908,20.906242,20.836899,20.767487,20.750122,20.680634,20.506645,20.576286,20.541473,20.436943,20.489220,20.593697,20.384621,20.227455,20.174995,19.982353,20.157509,19.929733,19.912178,19.824394,19.789246,19.648506,19.595665,19.472237,19.419281,19.348618,19.436943,19.224815,19.224815,19.277893,19.083084,19.189407,19.065346,19.047615,18.887802,18.620766,18.549400,18.048164,18.066116,17.471611,17.308739,17.000237,16.526253,16.343254,15.828796,15.588913,15.496475,15.366905,14.977043,15.014244,14.865326,14.865326,15.070015,14.902580,14.995636,14.828064,14.865326,14.939812,14.977043,14.865326,14.939812,15.070015,15.032837,15.070015,14.809425,14.958420,14.939812,14.921196,15.125755,15.070015,14.921196,14.753487,15.032837,15.051422,15.014244,14.995636,14.958420,15.107178,14.865326,14.958420,14.902580,14.977043,14.902580,14.977043,14.977043,14.995636,15.107178,14.921196,14.902580,14.902580,14.958420,14.865326,14.772133,14.883965,14.883965,14.697517,14.753487,15.032837,14.809425,14.846703,14.883965,14.846703,14.865326,14.902580,14.902580,14.846703,14.865326,14.902580,14.772133,14.883965,14.734833,14.772133,14.809425,14.809425,14.846703,14.790794,14.921196,15.014244,14.995636,14.809425,15.014244,14.865326,14.865326,14.772133,14.977043,14.921196,14.846703,14.995636,14.921196,15.032837,14.958420,14.921196,15.014244,14.883965,15.032837,14.883965,14.809425,14.809425,14.865326,14.846703,14.753487,14.902580,14.734833,14.790794,14.846703,14.902580,14.921196,14.846703,14.734833,14.790794,14.865326,14.809425,14.734833,14.958420,14.753487,14.753487,14.977043,14.790794,14.697517,14.790794,14.958420,14.772133,14.883965,14.902580,14.697517,14.902580,14.846703,14.828064,14.809425,15.032837,14.939812,15.014244,14.846703,14.921196,14.921196,14.902580,15.014244,14.902580,14.958420,14.865326,14.939812,15.125755,15.070015,14.772133,15.051422,14.902580,14.734833,14.921196,14.902580,14.753487,14.548080,14.585457,14.716171,14.510681,14.473274,14.678848,14.622826,14.660179,14.379669,14.548080,14.641502,14.716171,14.772133,15.032837,14.716171,15.200020,15.088600,15.125755,15.162895,14.977043,15.014244,14.958420,14.958420,15.014244,14.883965,14.809425,14.753487,14.772133,14.883965,14.622826,14.622826,14.753487,14.660179,14.604141,14.604141,14.678848,14.548080,14.622826,14.660179,14.641502,14.660179,14.753487,14.828064,14.697517,14.809425,14.548080,14.734833,14.678848,14.641502,14.772133,14.753487,14.716171,14.790794,14.716171,14.660179,14.510681,14.809425,14.883965,14.772133,14.678848,14.790794,14.734833,14.697517,14.697517,14.790794,14.660179,14.958420,14.828064,14.660179,14.809425,14.678848,14.846703,14.828064,14.846703,14.790794,14.846703,14.697517,14.809425,14.641502,14.529381,14.883965,14.865326,14.772133,14.697517,14.585457,14.566772,14.566772,14.604141,14.846703,14.622826,14.660179,14.622826,14.716171,14.697517,14.622826,14.716171,14.734833,14.660179,14.828064,14.697517,14.678848,14.548080,14.865326,14.734833,14.846703,14.828064,14.716171,14.809425,14.678848,14.660179,14.753487,14.790794,14.604141,14.809425,14.883965,14.529381,14.734833,14.641502,14.902580,14.828064,14.846703,15.051422,14.790794,14.828064,14.828064,14.883965,14.809425,14.828064,14.678848,14.828064,14.790794,14.958420,14.939812,14.977043,14.883965,14.846703,15.032837,14.846703,14.902580,14.995636,14.716171,14.772133,14.958420,14.902580,15.014244,14.846703,15.107178,
14.921196,14.828064,14.902580,14.566772,14.977043,14.865326,14.958420,15.070015,14.772133,15.032837,14.977043,15.200020,14.939812,15.125755,14.939812,14.977043,14.902580,15.051422,15.032837,14.921196,15.088600,15.348373,15.625862,15.736610,16.049652,16.434807,16.836464,17.199982,17.471611,18.102013,18.370735,18.656418,19.012123,19.153984,19.313263,19.507530,19.806816,19.894638,19.894638,20.017418,20.122513,20.087494,20.227455,20.314804,20.297348,20.332268,20.576286,20.715385,20.558884,20.663254,20.593697,20.541473,20.819542,20.802200,20.732758,20.854233,20.732758,20.854233,20.940895,20.854233,20.975533,20.923576,20.975533,21.165756,20.940895,21.252068,21.407181,21.217552,21.217552,21.234810,21.096642,21.217552,21.148476,21.286568,21.321045,21.355507,21.355507,21.527603,21.200287,21.407181,21.372734,21.493217,21.372734,21.321045,21.269310,21.234810,21.338272,21.372734,21.148476,21.131203,21.062057,21.096642,20.992851,21.131203,21.079346,21.165756,20.923576,21.027458,21.200287,20.906242,21.183029,21.252068,21.010155,21.131203,21.338272,21.303802,21.096642,21.269310,21.269310,21.096642,21.269310,21.217552,21.079346,21.079346,21.321045,21.493217,21.510414,21.476021,21.647850,21.355507,21.510414,21.286568,21.389961,21.476021,21.183029,21.183029,21.424393,21.527603,21.389961,21.200287,21.441612,21.303802,21.424393,21.338272,21.338272,21.424393,21.286568,21.389961,21.493217,21.682167,21.596336,21.579163,21.699318,21.733620,21.682167,21.682167,21.750755,21.544792,21.561981,21.682167,21.767891,21.785027,21.596336,21.802162,21.836411,21.921967,22.024513,22.178062,22.024513,22.195107,22.109856,22.178062,22.178062,22.280251,22.416298,22.280251,22.399300,22.263237,22.331291,22.365303,22.552086,22.433289,22.348305,22.382309,22.467247,22.552086,22.450264,22.569054,22.365303,22.501198,22.450264,22.602951,22.399300,22.365303,22.314293,22.433289,22.263237,22.484222,22.467247,22.297272,22.518166,22.399300,22.382309,22.297272,22.399300,22.348305,22.399300,22.314293,22.280251,22.229179,22.109856,22.331291,22.075729,22.024513,22.126915,21.973259,21.990349,21.716469,21.802162,21.921967,21.887764,21.904861,21.767891,21.767891,21.836411,21.819290,21.699318,21.921967,21.750755,21.699318,21.750755,21.647850,21.647850,21.699318,21.699318,21.596336,21.355507,21.355507,21.458817,21.493217,21.389961,21.441612,21.355507,21.613518,21.647850,21.750755,21.767891,21.733620,21.733620,21.699318,21.956161,21.819290,21.819290,21.921967,21.887764,21.802162,21.733620,21.956161,21.733620,21.716469,21.767891,21.733620,21.716469,21.716469,21.819290,21.750755,21.836411,21.750755,21.819290,21.870644,21.716469,21.699318,21.682167,21.613518,21.596336,21.647850,21.510414,21.407181,21.338272,21.372734,21.355507,21.441612,21.458817,21.458817,21.200287,21.234810,21.269310,21.303802,21.217552,21.096642,21.131203,20.958221,20.888908,20.958221,20.680634,20.593697,20.541473,20.871582,20.645866,20.558884,20.524055,20.698021,20.732758,20.680634,20.576286,20.715385,20.611084,20.992851,20.940895,20.958221,20.836899,20.975533,20.888908,20.871582,20.958221,20.854233,21.010155,20.767487,20.836899,20.680634,20.558884,20.558884,20.384621,20.367180,20.384621,20.244934,20.262413,20.174995,20.087494,20.087494,19.999893,19.859520,19.806816,19.718910,19.736496,19.578049,19.454590,19.383957,19.260208,19.525154,19.242508,19.383957,19.277893,19.083084,19.029869,18.941109,18.958870,18.798889,18.531555,18.317062,18.102013,17.742363,17.634163,17.308739,16.963875,16.745338,16.361572,15.791931,15.607391,15.477974,15.274223,15.181458,15.218575,14.958420,14.846703,14.828064,14.865326,15.088600,14.921196,14.958420,14.809425,14.809425,14.753487,14.753487,14.939812,14.939812,14.902580,15.014244,14.865326,14.828064,15.051422,14.772133,14.995636,14.995636,14.939812,15.014244,14.883965,14.921196,15.032837,14.921196,14.939812,14.977043,14.958420,14.921196,15.051422,14.753487,14.902580,14.977043,14.734833,14.678848,15.014244,14.846703,14.809425,14.883965,14.753487,14.958420,14.977043,14.828064,14.828064,14.828064,14.828064,14.846703,14.790794,14.977043,14.828064,14.809425,14.883965,14.716171,14.921196,14.846703,14.846703,14.921196,14.809425,14.660179,14.641502,14.716171,14.734833,14.828064,14.902580,14.772133,14.939812,15.032837,14.809425,14.883965,14.921196,14.772133,15.051422,14.921196,14.958420,14.716171,14.809425,14.883965,14.660179,14.958420,14.828064,14.865326,14.865326,14.921196,14.809425,14.790794,14.828064,14.865326,15.032837,14.828064,14.995636,14.828064,14.902580,15.014244,14.772133,15.014244,14.846703,14.846703,14.865326,14.772133,14.809425,14.846703,14.846703,14.883965,14.865326,14.995636,14.734833,14.678848,14.734833,14.753487,14.753487,14.921196,14.734833,14.828064,14.809425,14.939812,14.753487,14.828064,15.088600,14.958420,15.014244,14.716171,15.088600,15.070015,15.014244,15.070015,15.014244,14.921196,14.939812,14.995636,14.939812,14.846703,15.014244,14.828064,14.995636,15.107178,14.846703,14.828064,14.753487,14.772133,14.865326,14.697517,14.641502,14.622826,14.678848,14.566772,14.510681,14.604141,14.585457,14.734833,14.678848,14.846703,14.995636,14.902580,15.162895,14.995636,15.051422,15.218575,15.107178,14.865326,15.088600,14.772133,14.977043,14.865326,14.790794,14.865326,14.809425,14.734833,14.809425,14.846703,14.641502,14.865326,14.678848,14.660179,14.585457,14.716171,14.678848,14.828064,14.921196,14.697517,14.604141,14.790794,14.809425,14.846703,14.846703,14.660179,14.921196,15.014244,14.641502,14.641502,14.809425,14.678848,14.846703,14.753487,14.809425,14.678848,14.790794,14.753487,14.734833,14.958420,14.753487,14.809425,14.697517,14.790794,14.809425,14.846703,14.697517,14.828064,14.697517,14.641502,14.809425,14.566772,14.753487,14.641502,14.753487,14.660179,14.641502,14.734833,14.753487,14.883965,14.641502,14.678848,14.734833,14.921196,14.790794,14.828064,14.529381,14.865326,14.660179,14.809425,14.772133,14.865326,14.790794,14.790794,14.566772,15.162895,14.734833,14.660179,14.622826,14.828064,14.660179,14.510681,14.697517,14.828064,14.716171,14.734833,14.995636,14.697517,14.753487,14.809425,14.865326,14.678848,14.790794,14.697517,14.716171,14.734833,14.883965,14.753487,14.660179,14.660179,14.604141,14.734833,14.566772,14.939812,14.883965,14.995636,14.585457,15.051422,14.566772,14.772133,14.958420,14.809425,15.014244,14.977043,14.772133,14.697517,14.641502,14.790794,15.032837,15.014244,14.865326,14.883965,14.977043,14.809425,14.846703,15.329842,
15.051422,14.977043,14.958420,14.772133,14.846703,14.921196,14.958420,14.958420,14.902580,14.995636,14.734833,14.977043,14.846703,14.809425,14.753487,14.697517,14.995636,14.734833,14.958420,15.162895,15.088600,15.477974,15.200020,15.699715,15.976097,16.745338,16.818245,17.127403,17.543900,17.904396,18.281258,18.602928,18.816673,18.994377,19.260208,19.595665,19.718910,19.929733,19.964821,19.999893,20.122513,20.349724,20.262413,20.157509,20.174995,20.314804,20.506645,20.489220,20.454369,20.402061,20.402061,20.784843,20.645866,20.819542,20.680634,20.715385,20.802200,20.802200,20.854233,20.854233,20.854233,21.217552,21.044754,21.027458,21.165756,21.131203,21.303802,20.992851,21.303802,21.165756,21.183029,21.234810,21.062057,21.252068,21.424393,21.269310,21.510414,21.579163,21.389961,21.424393,21.372734,21.321045,21.252068,21.234810,21.476021,21.286568,21.303802,21.321045,21.165756,21.183029,21.096642,21.113914,21.131203,21.200287,21.010155,21.044754,21.148476,21.183029,21.165756,21.165756,21.148476,21.165756,21.113914,21.269310,21.234810,21.044754,21.079346,21.217552,21.217552,20.992851,21.165756,21.148476,21.252068,21.321045,21.441612,21.389961,21.303802,21.389961,21.630684,21.527603,21.338272,21.682167,21.458817,21.493217,21.596336,21.665016,21.527603,21.407181,21.200287,21.424393,21.389961,21.338272,21.372734,21.234810,21.389961,21.458817,21.458817,21.493217,21.476021,21.458817,21.527603,21.665016,21.476021,21.716469,21.596336,21.630684,21.613518,21.699318,21.682167,21.699318,21.767891,21.716469,21.579163,21.750755,21.921967,21.904861,22.041588,22.092789,22.092789,22.212143,22.143959,22.314293,22.280251,22.314293,22.314293,22.450264,22.331291,22.331291,22.297272,22.416298,22.535133,22.433289,22.399300,22.501198,22.518166,22.399300,22.365303,22.382309,22.382309,22.450264,22.450264,22.535133,22.331291,22.433289,22.569054,22.212143,22.399300,22.501198,22.280251,22.433289,22.467247,22.399300,22.382309,22.314293,22.450264,22.552086,22.331291,22.467247,22.178062,22.229179,22.075729,22.246208,22.058662,22.007431,21.904861,22.024513,21.836411,21.767891,21.767891,21.939064,21.699318,21.665016,21.785027,21.716469,21.733620,21.699318,21.699318,21.510414,21.733620,21.596336,21.750755,21.665016,21.682167,21.630684,21.647850,21.510414,21.372734,21.561981,21.321045,21.407181,21.630684,21.630684,21.493217,21.493217,21.647850,21.613518,21.733620,21.750755,21.887764,21.802162,21.870644,21.750755,21.956161,22.092789,22.007431,22.178062,21.921967,21.990349,22.024513,21.939064,21.904861,22.007431,21.939064,21.819290,21.853539,21.956161,21.990349,21.956161,21.870644,21.836411,21.716469,21.836411,21.682167,21.733620,21.733620,21.613518,21.510414,21.510414,21.458817,21.407181,21.544792,21.630684,21.407181,21.441612,21.321045,21.303802,21.252068,21.303802,21.252068,21.252068,21.079346,21.010155,20.906242,20.992851,21.096642,20.645866,20.645866,20.715385,20.576286,20.489220,20.645866,20.558884,20.645866,20.663254,20.767487,20.802200,20.958221,20.732758,20.698021,20.854233,20.958221,20.958221,20.888908,20.958221,20.871582,20.992851,20.854233,20.767487,20.698021,20.645866,20.680634,20.541473,20.367180,20.506645,20.262413,20.069977,20.122513,20.349724,20.069977,20.034943,20.227455,19.894638,19.595665,19.824394,19.648506,19.578049,19.330948,19.419281,19.313263,19.313263,19.242508,19.383957,19.260208,19.029869,19.153984,19.065346,18.852249,18.727684,18.567253,18.299164,18.119965,17.814415,17.688278,17.308739,16.872887,16.599342,16.416496,15.920883,15.496475,15.366905,15.255684,15.218575,15.032837,15.032837,14.790794,14.865326,14.958420,14.958420,15.032837,14.958420,14.883965,14.977043,14.772133,15.014244,14.939812,14.902580,15.107178,14.995636,14.809425,14.958420,14.902580,15.255684,14.977043,14.902580,14.809425,14.921196,14.846703,14.753487,15.032837,14.772133,14.995636,14.902580,14.958420,14.790794,14.865326,14.753487,14.995636,14.977043,14.902580,14.921196,14.828064,14.958420,14.902580,14.846703,15.014244,14.865326,14.772133,14.865326,14.790794,15.032837,14.921196,14.790794,14.828064,14.921196,14.902580,14.734833,14.753487,14.772133,14.753487,14.828064,14.641502,14.772133,14.902580,14.716171,14.734833,14.641502,14.678848,14.902580,14.772133,14.753487,14.828064,14.902580,14.846703,14.921196,14.846703,14.883965,14.921196,14.883965,14.697517,14.828064,14.828064,15.051422,14.902580,14.846703,14.883965,14.883965,14.753487,14.828064,14.865326,15.088600,14.828064,14.995636,15.032837,14.790794,14.883965,14.865326,14.790794,14.809425,14.753487,14.734833,14.772133,14.883965,14.716171,14.865326,14.828064,14.846703,14.883965,14.678848,14.753487,14.809425,14.660179,14.716171,14.921196,14.865326,14.921196,14.995636,14.716171,14.753487,14.828064,15.014244,14.995636,14.995636,14.958420,14.958420,14.828064,14.958420,15.014244,15.014244,15.088600,14.809425,14.939812,14.902580,14.921196,14.958420,14.921196,15.051422,14.977043,14.790794,14.939812,14.921196,15.014244,14.772133,14.939812,14.846703,14.678848,14.809425,14.790794,14.473274,14.622826,14.529381,14.491982,14.641502,14.454552,14.716171,14.790794,14.790794,14.846703,15.070015,15.181458,15.125755,15.014244,14.977043,15.107178,15.125755,15.181458,14.995636,14.921196,14.865326,14.828064,14.865326,14.585457,15.070015,14.604141,14.734833,14.548080,14.435844,14.566772,14.753487,14.641502,14.846703,14.772133,14.697517,14.790794,14.958420,14.660179,14.865326,14.921196,14.622826,14.753487,14.734833,14.716171,14.716171,14.697517,14.790794,14.697517,14.548080,14.716171,14.865326,14.883965,14.995636,14.585457,14.883965,14.772133,14.772133,14.790794,14.809425,14.660179,14.753487,14.734833,14.697517,14.734833,14.604141,14.510681,14.846703,14.716171,14.846703,14.697517,14.883965,14.604141,14.772133,14.883965,14.716171,14.641502,14.809425,14.772133,14.660179,14.734833,14.622826,14.846703,14.883965,14.753487,14.828064,14.622826,14.716171,14.902580,14.660179,14.828064,14.790794,14.790794,14.772133,14.921196,14.734833,14.977043,14.566772,14.753487,14.697517,14.716171,14.716171,14.660179,14.566772,14.734833,14.883965,14.734833,14.846703,14.846703,14.883965,14.641502,14.790794,14.846703,14.734833,14.678848,14.604141,14.697517,14.772133,14.995636,14.921196,14.939812,14.846703,14.883965,14.921196,14.828064,14.883965,14.921196,14.716171,14.883965,14.865326,14.883965,15.032837,14.772133,14.846703,14.939812,14.939812,15.144333,14.995636,15.070015,14.846703,15.107178,14.809425,14.865326,15.274223,
14.883965,14.828064,14.958420,15.088600,14.883965,14.977043,14.995636,15.070015,14.846703,14.921196,14.753487,14.902580,15.014244,14.921196,14.828064,14.977043,14.921196,14.883965,14.883965,15.237137,15.255684,15.162895,15.459480,15.810371,16.104774,16.544525,16.727104,17.272507,17.580009,18.066116,18.299164,18.620766,18.923340,19.260208,19.383957,19.666115,19.754082,19.806816,20.017418,20.052460,19.999893,20.244934,20.157509,20.332268,20.209976,20.524055,20.611084,20.332268,20.611084,20.436943,20.576286,20.767487,20.732758,20.767487,20.906242,20.645866,20.576286,20.854233,20.992851,21.062057,20.975533,21.062057,21.200287,21.148476,21.148476,21.096642,21.165756,21.200287,21.148476,21.338272,21.286568,21.303802,21.476021,21.424393,21.389961,21.286568,21.321045,21.630684,21.493217,21.407181,21.372734,21.441612,21.527603,21.234810,21.493217,21.321045,21.286568,21.389961,21.165756,21.062057,21.027458,20.992851,21.010155,21.303802,21.131203,21.148476,21.096642,21.113914,21.183029,21.131203,21.027458,21.131203,21.096642,21.234810,21.234810,21.200287,21.096642,21.338272,21.321045,21.338272,21.269310,21.148476,21.269310,21.355507,21.510414,21.544792,21.579163,21.544792,21.699318,21.510414,21.596336,21.561981,21.647850,21.493217,21.561981,21.527603,21.561981,21.665016,21.579163,21.527603,21.269310,21.424393,21.355507,21.441612,21.372734,21.407181,21.458817,21.424393,21.527603,21.596336,21.458817,21.407181,21.579163,21.699318,21.750755,21.613518,21.819290,21.493217,21.510414,21.699318,21.561981,21.579163,21.613518,21.699318,21.596336,21.682167,21.785027,22.092789,22.024513,22.126915,22.075729,22.229179,22.416298,22.399300,22.365303,22.569054,22.331291,22.467247,22.365303,22.416298,22.263237,22.484222,22.263237,22.195107,22.569054,22.348305,22.229179,22.229179,22.433289,22.297272,22.535133,22.416298,22.212143,22.382309,22.433289,22.586006,22.416298,22.365303,22.297272,22.518166,22.467247,22.416298,22.399300,22.535133,22.433289,22.501198,22.433289,22.331291,22.348305,22.212143,21.956161,22.041588,22.075729,21.887764,21.990349,21.767891,21.785027,21.785027,21.716469,21.750755,21.682167,21.682167,21.733620,21.682167,21.647850,21.682167,21.544792,21.699318,21.510414,21.561981,21.699318,21.613518,21.493217,21.510414,21.579163,21.493217,21.510414,21.493217,21.613518,21.596336,21.372734,21.510414,21.527603,21.630684,21.699318,21.733620,21.853539,21.853539,21.887764,21.750755,21.870644,21.956161,21.887764,21.973259,21.956161,21.956161,22.126915,22.007431,22.092789,22.092789,22.007431,22.024513,22.007431,21.973259,21.990349,21.973259,21.990349,21.973259,21.785027,21.990349,21.887764,22.058662,21.733620,21.767891,21.699318,21.630684,21.716469,21.613518,21.544792,21.476021,21.561981,21.458817,21.561981,21.493217,21.252068,21.372734,21.389961,21.355507,21.165756,21.269310,21.269310,21.113914,21.079346,20.906242,20.854233,20.819542,20.628487,20.645866,20.558884,20.663254,20.698021,20.750122,20.628487,20.715385,20.767487,20.715385,20.784843,20.715385,20.802200,20.975533,20.906242,20.819542,21.183029,20.975533,20.871582,20.888908,20.819542,20.732758,20.680634,20.715385,20.489220,20.558884,20.558884,20.558884,20.471802,20.227455,20.244934,20.192490,19.982353,20.069977,19.789246,19.824394,19.912178,19.683716,19.683716,19.648506,19.683716,19.330948,19.348618,19.260208,19.242508,19.401619,19.313263,19.189407,19.207108,19.153984,18.870033,18.674240,18.531555,18.424385,18.012245,17.940361,17.634163,17.145554,16.963875,16.324928,16.123146,15.791931,15.755058,15.588913,15.274223,15.032837,14.995636,14.977043,14.977043,14.809425,14.921196,14.939812,14.977043,14.865326,14.809425,14.995636,14.977043,15.070015,14.977043,14.939812,14.902580,14.828064,14.846703,15.032837,14.939812,14.846703,14.958420,14.939812,14.958420,15.014244,14.977043,15.014244,14.883965,14.921196,14.977043,15.051422,14.678848,14.902580,14.809425,15.070015,14.716171,15.014244,14.902580,14.977043,14.883965,14.828064,14.828064,14.772133,14.846703,15.070015,14.921196,14.809425,14.753487,14.921196,14.772133,14.828064,14.790794,14.828064,14.716171,14.939812,14.809425,14.772133,14.772133,14.846703,14.678848,14.790794,14.734833,14.790794,14.902580,14.902580,14.921196,14.846703,14.790794,14.846703,14.995636,14.846703,14.846703,14.902580,14.753487,14.865326,14.921196,14.809425,14.828064,14.846703,14.865326,14.883965,14.902580,14.883965,14.697517,14.902580,15.032837,14.921196,14.995636,14.939812,14.902580,14.921196,14.921196,14.921196,14.790794,14.865326,14.716171,14.809425,14.697517,14.790794,14.865326,14.716171,14.753487,14.995636,14.790794,14.846703,14.939812,14.902580,14.772133,14.828064,14.902580,14.790794,14.790794,14.828064,14.902580,14.566772,14.977043,14.921196,14.883965,14.902580,14.921196,15.014244,14.865326,15.014244,15.144333,14.921196,14.939812,15.014244,14.846703,15.144333,15.051422,15.070015,14.995636,14.865326,14.939812,14.883965,14.921196,14.958420,14.902580,15.107178,14.809425,14.585457,14.809425,14.790794,14.772133,14.828064,14.716171,14.566772,14.734833,14.491982,14.716171,14.828064,14.641502,14.809425,14.865326,14.865326,14.958420,15.051422,14.865326,14.902580,15.051422,15.070015,15.181458,15.032837,15.125755,15.070015,14.883965,15.032837,14.939812,14.809425,14.753487,14.491982,14.790794,14.678848,14.604141,14.566772,14.529381,14.828064,14.660179,14.809425,14.902580,14.753487,14.566772,14.865326,14.697517,14.641502,14.809425,14.809425,14.921196,14.828064,14.678848,14.921196,14.772133,14.846703,14.883965,14.734833,14.921196,14.660179,14.753487,14.678848,14.491982,14.939812,14.641502,14.772133,15.014244,14.921196,14.697517,14.734833,14.828064,14.604141,14.828064,14.846703,14.716171,14.828064,14.697517,14.753487,14.716171,14.622826,14.678848,14.790794,14.678848,14.604141,14.697517,14.585457,14.604141,14.902580,14.641502,14.809425,14.734833,14.660179,14.790794,14.846703,14.790794,14.716171,14.566772,14.790794,14.846703,14.809425,14.790794,14.585457,14.734833,14.697517,14.734833,14.641502,14.753487,14.716171,14.772133,14.977043,14.548080,14.846703,14.697517,14.716171,14.678848,14.604141,14.753487,14.772133,14.790794,14.548080,14.753487,14.846703,14.865326,14.902580,14.678848,14.772133,14.790794,14.772133,14.734833,14.865326,14.790794,15.088600,14.828064,14.921196,14.939812,14.809425,14.865326,14.828064,14.883965,14.846703,14.790794,14.902580,14.958420,14.772133,14.902580,14.977043,14.865326,14.828064,14.790794,15.032837,14.958420,15.218575,
15.200020,14.958420,14.790794,14.921196,14.958420,15.032837,14.772133,14.846703,14.977043,14.939812,14.697517,14.865326,15.051422,14.995636,14.921196,14.865326,14.697517,14.977043,15.014244,15.088600,15.459480,15.329842,15.570435,15.699715,16.123146,16.544525,16.763573,17.181839,17.543900,18.227524,18.119965,18.513702,18.994377,19.083084,19.525154,19.507530,19.666115,19.912178,19.912178,19.929733,20.069977,20.140007,20.192490,20.192490,20.297348,20.279877,20.367180,20.576286,20.454369,20.663254,20.663254,20.750122,20.558884,20.871582,20.906242,20.906242,20.906242,20.836899,20.854233,20.958221,20.958221,21.131203,20.992851,21.131203,21.062057,21.165756,21.269310,21.165756,21.217552,21.269310,21.269310,21.200287,21.407181,21.200287,21.389961,21.476021,21.424393,21.321045,21.476021,21.527603,21.613518,21.527603,21.407181,21.355507,21.561981,21.527603,21.303802,21.234810,21.269310,21.234810,21.062057,21.269310,21.148476,21.234810,21.252068,21.062057,21.113914,21.286568,21.079346,21.234810,21.252068,21.165756,21.234810,21.148476,21.234810,21.252068,21.303802,21.372734,21.148476,21.234810,21.252068,21.355507,21.338272,21.286568,21.321045,21.561981,21.682167,21.510414,21.596336,21.767891,21.458817,21.579163,21.579163,21.579163,21.561981,21.647850,21.476021,21.527603,21.544792,21.476021,21.269310,21.613518,21.407181,21.389961,21.458817,21.527603,21.493217,21.389961,21.613518,21.458817,21.647850,21.665016,21.647850,21.699318,21.682167,21.647850,21.561981,21.630684,21.579163,21.716469,21.682167,21.647850,21.613518,21.665016,21.750755,21.921967,21.699318,22.058662,22.263237,22.092789,22.212143,22.041588,22.297272,22.433289,22.280251,22.399300,22.433289,22.297272,22.619896,22.365303,22.484222,22.535133,22.450264,22.416298,22.399300,22.467247,22.518166,22.535133,22.348305,22.467247,22.552086,22.501198,22.382309,22.518166,22.280251,22.501198,22.348305,22.348305,22.535133,22.399300,22.348305,22.416298,22.569054,22.586006,22.365303,22.365303,22.467247,22.348305,22.229179,22.075729,21.921967,22.143959,21.870644,21.921967,21.990349,21.887764,21.733620,21.767891,21.665016,21.613518,21.630684,21.579163,21.544792,21.458817,21.510414,21.870644,21.544792,21.441612,21.579163,21.579163,21.510414,21.699318,21.389961,21.579163,21.458817,21.441612,21.527603,21.647850,21.527603,21.372734,21.424393,21.630684,21.544792,21.716469,21.561981,21.579163,21.767891,21.973259,22.007431,21.973259,22.024513,22.007431,22.075729,22.280251,22.263237,22.143959,22.092789,22.246208,22.024513,22.229179,22.058662,22.161018,22.161018,21.956161,22.109856,22.058662,22.007431,21.973259,22.058662,21.921967,21.836411,21.750755,21.853539,21.819290,21.836411,21.682167,21.630684,21.527603,21.613518,21.424393,21.716469,21.596336,21.561981,21.544792,21.493217,21.561981,21.303802,21.252068,21.441612,21.217552,21.217552,21.148476,21.113914,21.027458,20.767487,20.906242,20.732758,20.663254,20.558884,20.524055,20.715385,20.506645,20.784843,20.698021,20.680634,20.836899,20.819542,20.854233,20.836899,21.062057,20.871582,20.888908,20.958221,20.940895,20.940895,21.044754,20.923576,20.871582,20.611084,20.680634,20.645866,20.628487,20.297348,20.436943,20.262413,20.367180,20.227455,20.105003,20.034943,19.964821,19.859520,19.824394,19.701309,19.877083,19.701309,19.401619,19.560417,19.277893,19.224815,19.489883,19.260208,19.436943,19.189407,19.277893,19.083084,19.083084,18.941109,18.674240,18.549400,18.299164,18.066116,17.922386,17.634163,17.218117,16.945679,16.745338,16.178230,15.791931,15.570435,15.440964,15.274223,15.032837,14.977043,14.995636,14.939812,14.902580,14.772133,14.809425,14.846703,14.883965,15.088600,14.883965,14.734833,14.902580,14.995636,14.977043,14.939812,14.828064,14.995636,14.995636,14.977043,14.921196,14.977043,15.107178,14.921196,15.032837,14.902580,14.977043,14.828064,14.902580,14.958420,15.088600,15.107178,14.865326,14.846703,14.921196,14.883965,14.753487,14.865326,14.697517,14.828064,14.883965,14.902580,14.939812,14.697517,14.883965,14.846703,14.883965,14.678848,14.809425,14.921196,14.734833,14.902580,14.995636,14.790794,14.734833,14.939812,14.828064,14.828064,14.846703,14.678848,14.678848,14.865326,14.790794,14.846703,14.828064,14.921196,14.902580,14.883965,14.846703,14.734833,14.977043,14.865326,14.883965,14.772133,14.865326,15.070015,14.809425,14.977043,14.716171,14.772133,14.697517,15.088600,14.977043,14.846703,15.032837,14.902580,14.995636,14.734833,14.846703,14.865326,14.716171,14.883965,14.716171,14.790794,14.772133,14.697517,14.697517,14.772133,14.772133,14.790794,14.883965,14.865326,14.865326,14.828064,14.846703,14.697517,14.958420,14.921196,14.753487,14.865326,14.809425,14.678848,14.977043,14.734833,14.809425,14.734833,14.772133,14.939812,14.809425,14.790794,14.865326,15.088600,15.051422,14.977043,14.883965,14.958420,14.958420,14.995636,14.902580,14.939812,15.014244,14.977043,15.181458,14.865326,15.014244,15.014244,15.014244,14.846703,15.088600,14.958420,14.865326,14.604141,14.828064,14.846703,14.716171,14.622826,14.753487,14.510681,14.585457,14.678848,14.734833,14.417122,14.753487,14.585457,15.070015,14.977043,14.977043,15.070015,15.051422,15.218575,14.921196,15.107178,15.014244,15.051422,14.958420,15.032837,14.604141,14.958420,14.790794,14.883965,14.753487,14.641502,14.678848,14.678848,14.697517,14.622826,14.529381,14.697517,14.883965,14.585457,14.734833,14.921196,14.865326,14.604141,14.865326,14.772133,14.846703,14.734833,14.660179,14.716171,14.939812,14.641502,14.828064,14.678848,14.716171,14.734833,14.865326,14.716171,14.622826,14.772133,14.772133,14.660179,14.734833,14.566772,14.772133,14.809425,14.678848,14.846703,14.548080,14.753487,14.772133,14.716171,14.939812,14.883965,14.977043,14.641502,14.921196,14.995636,14.678848,14.809425,14.809425,14.660179,14.828064,14.828064,14.660179,14.566772,14.734833,14.790794,14.753487,14.809425,14.958420,14.846703,14.790794,14.716171,14.753487,14.566772,14.772133,14.734833,14.828064,14.716171,14.865326,14.641502,14.734833,14.622826,14.734833,14.828064,14.734833,14.902580,14.510681,14.865326,14.716171,14.716171,14.510681,14.790794,14.846703,14.828064,14.753487,14.734833,14.697517,14.772133,14.846703,14.828064,14.846703,14.678848,14.734833,14.846703,14.846703,14.865326,14.753487,14.828064,14.734833,14.809425,14.828064,14.958420,14.697517,14.790794,14.958420,14.790794,14.772133,14.921196,14.846703,15.032837,14.921196,15.070015,14.716171,15.162895,14.734833,14.846703,15.070015,
15.014244,14.977043,15.032837,15.032837,15.051422,14.846703,14.828064,14.902580,14.995636,14.902580,14.995636,14.865326,14.921196,14.995636,14.772133,14.939812,14.828064,14.734833,15.051422,14.977043,15.162895,15.292770,15.514977,15.718163,15.976097,16.453102,16.617607,17.181839,17.688278,17.832420,18.424385,18.585091,18.941109,19.295586,19.436943,19.419281,19.666115,20.087494,20.034943,19.824394,20.017418,19.964821,20.314804,20.279877,20.157509,20.454369,20.454369,20.367180,20.262413,20.576286,20.524055,20.663254,20.593697,20.715385,20.836899,20.663254,20.767487,21.010155,20.992851,21.027458,21.044754,21.096642,20.940895,21.113914,21.269310,21.286568,21.200287,21.200287,21.252068,21.269310,21.062057,21.269310,21.355507,21.234810,21.269310,21.441612,21.389961,21.527603,21.476021,21.527603,21.510414,21.596336,21.407181,21.510414,21.303802,21.303802,21.389961,21.476021,21.303802,21.372734,21.131203,21.286568,21.200287,21.131203,21.321045,21.234810,21.183029,21.200287,21.148476,21.458817,21.303802,21.062057,21.269310,21.200287,21.027458,21.269310,21.148476,21.148476,21.079346,21.183029,21.131203,21.113914,21.183029,21.303802,21.372734,21.252068,21.630684,21.544792,21.561981,21.476021,21.441612,21.613518,21.596336,21.527603,21.544792,21.561981,21.407181,21.716469,21.682167,21.458817,21.476021,21.630684,21.338272,21.544792,21.338272,21.424393,21.338272,21.493217,21.355507,21.527603,21.630684,21.613518,21.493217,21.596336,21.561981,21.527603,21.527603,21.476021,21.716469,21.544792,21.613518,21.544792,21.527603,21.647850,21.682167,21.853539,21.921967,21.990349,22.143959,22.075729,22.007431,22.143959,22.126915,22.195107,22.161018,22.535133,22.297272,22.433289,22.348305,22.382309,22.433289,22.297272,22.348305,22.636833,22.670708,22.416298,22.450264,22.484222,22.602951,22.416298,22.348305,22.365303,22.365303,22.365303,22.484222,22.535133,22.399300,22.331291,22.297272,22.586006,22.501198,22.365303,22.416298,22.399300,22.382309,22.399300,22.484222,22.365303,22.229179,22.161018,22.075729,22.161018,22.007431,21.990349,21.870644,21.921967,21.956161,21.630684,21.785027,21.579163,21.682167,21.561981,21.527603,21.510414,21.613518,21.579163,21.836411,21.561981,21.527603,21.647850,21.596336,21.389961,21.458817,21.561981,21.750755,21.579163,21.441612,21.544792,21.476021,21.407181,21.527603,21.699318,21.596336,21.596336,21.785027,21.939064,21.802162,21.904861,22.092789,22.109856,22.075729,22.229179,22.365303,22.297272,22.161018,22.297272,22.263237,22.433289,22.092789,22.229179,22.161018,22.178062,22.280251,22.126915,22.212143,22.058662,21.990349,22.178062,22.126915,22.092789,21.956161,21.904861,21.921967,21.836411,21.767891,21.956161,21.682167,21.750755,21.699318,21.853539,21.750755,21.682167,21.716469,21.476021,21.579163,21.579163,21.544792,21.338272,21.355507,21.321045,21.338272,21.303802,21.062057,21.148476,20.888908,20.923576,20.784843,20.784843,20.784843,20.541473,20.871582,20.802200,20.784843,20.732758,20.680634,20.784843,20.871582,20.836899,21.010155,21.044754,20.871582,21.131203,20.975533,20.958221,21.062057,21.148476,20.819542,20.906242,20.680634,20.698021,20.680634,20.489220,20.611084,20.402061,20.297348,20.297348,20.105003,20.262413,20.140007,20.069977,19.877083,19.718910,19.859520,19.824394,19.841957,19.701309,19.295586,19.630898,19.383957,19.313263,19.277893,19.401619,19.189407,19.171692,19.242508,19.012123,18.923340,18.816673,18.495850,18.406502,18.209602,17.994278,17.670250,17.199982,16.909286,16.617607,16.141510,15.810371,15.699715,15.477974,15.218575,15.162895,15.218575,14.977043,14.846703,14.921196,14.846703,14.921196,14.883965,15.032837,14.977043,14.995636,14.865326,14.939812,14.883965,14.939812,14.939812,14.828064,14.865326,14.828064,14.809425,14.977043,15.088600,15.032837,15.125755,14.902580,15.014244,14.958420,15.088600,14.809425,14.977043,14.921196,14.921196,14.921196,14.790794,14.790794,15.051422,14.772133,14.939812,14.921196,14.865326,14.753487,14.921196,14.939812,14.809425,14.716171,14.809425,14.846703,14.883965,14.790794,14.753487,14.716171,14.883965,14.883965,14.622826,14.809425,14.883965,14.809425,14.772133,14.753487,14.865326,14.716171,14.865326,14.921196,14.678848,14.921196,14.753487,14.921196,14.846703,14.977043,14.790794,14.939812,14.865326,14.883965,14.939812,14.865326,14.790794,14.809425,14.977043,14.865326,14.641502,14.734833,14.995636,14.995636,15.107178,14.958420,14.660179,14.846703,14.939812,14.865326,14.828064,14.828064,14.697517,14.921196,14.883965,14.846703,14.902580,14.958420,14.809425,14.883965,14.865326,14.977043,14.939812,14.939812,14.641502,14.902580,14.753487,14.865326,14.865326,14.790794,14.958420,14.716171,14.753487,14.883965,14.865326,14.958420,14.828064,14.809425,14.790794,15.014244,14.828064,14.790794,14.921196,15.088600,15.088600,14.865326,14.846703,14.995636,14.865326,15.032837,14.697517,14.921196,14.902580,14.865326,14.902580,14.977043,14.939812,14.977043,15.014244,14.958420,14.865326,14.809425,14.734833,14.585457,14.790794,14.585457,14.734833,14.566772,14.660179,14.585457,14.454552,14.622826,14.772133,14.622826,14.678848,14.753487,14.995636,14.977043,15.144333,15.014244,14.772133,15.125755,15.181458,15.125755,15.051422,14.809425,14.753487,14.809425,14.716171,14.660179,14.660179,14.716171,14.734833,14.435844,14.566772,14.566772,14.566772,14.678848,14.734833,14.660179,14.716171,14.678848,14.809425,14.660179,14.622826,14.660179,14.697517,14.902580,14.772133,14.883965,14.809425,14.753487,14.734833,14.846703,14.902580,14.883965,14.660179,14.734833,14.846703,14.772133,14.734833,14.734833,14.622826,14.790794,14.809425,14.809425,14.995636,14.883965,14.772133,14.753487,14.697517,14.809425,14.660179,14.883965,14.660179,14.809425,14.641502,14.921196,14.846703,14.604141,14.753487,14.678848,14.641502,14.902580,14.641502,14.790794,14.828064,14.902580,14.883965,14.902580,14.809425,14.865326,14.678848,14.790794,14.753487,14.809425,14.716171,14.697517,14.772133,14.641502,14.790794,14.641502,14.604141,14.828064,14.995636,14.772133,14.734833,14.865326,14.790794,14.772133,14.753487,14.809425,14.566772,14.678848,14.828064,14.883965,14.641502,14.529381,14.660179,14.828064,14.678848,14.678848,14.622826,14.977043,14.678848,14.865326,14.734833,14.734833,14.678848,15.032837,14.921196,15.032837,14.902580,14.902580,14.958420,14.790794,14.622826,14.846703,14.772133,14.772133,14.809425,14.921196,14.753487,14.828064,15.014244,14.772133,15.032837,14.883965,14.865326,14.921196,
15.088600,15.032837,15.144333,14.902580,14.828064,14.958420,14.995636,14.828064,15.014244,14.977043,15.125755,14.995636,14.772133,14.772133,14.772133,14.734833,15.088600,14.902580,14.977043,14.883965,15.274223,15.218575,15.440964,15.551949,16.031273,16.269951,16.891090,17.181839,17.561958,18.173759,18.245445,18.334953,18.941109,19.224815,19.260208,19.666115,19.736496,20.017418,19.947273,19.894638,20.209976,20.227455,20.192490,20.244934,20.262413,20.384621,20.402061,20.454369,20.436943,20.836899,20.576286,20.732758,20.663254,20.784843,20.854233,21.027458,20.715385,20.854233,20.975533,21.044754,20.906242,21.062057,21.252068,21.148476,21.062057,20.906242,21.234810,21.165756,21.303802,21.372734,21.286568,21.269310,21.321045,21.458817,21.407181,21.372734,21.441612,21.647850,21.647850,21.596336,21.527603,21.630684,21.476021,21.458817,21.321045,21.321045,21.493217,21.544792,21.389961,21.303802,21.338272,21.458817,21.200287,21.338272,21.355507,21.338272,21.183029,21.269310,21.183029,21.286568,21.338272,21.407181,21.183029,21.355507,21.372734,21.234810,21.338272,21.217552,21.217552,21.372734,21.476021,21.200287,21.269310,21.510414,21.321045,21.613518,21.561981,21.561981,21.647850,21.613518,21.510414,21.733620,21.665016,21.579163,21.682167,21.596336,21.596336,21.613518,21.544792,21.596336,21.579163,21.407181,21.596336,21.424393,21.441612,21.544792,21.544792,21.407181,21.407181,21.561981,21.596336,21.596336,21.682167,21.647850,21.476021,21.750755,21.527603,21.579163,21.544792,21.716469,21.630684,21.596336,21.493217,21.699318,21.870644,21.802162,21.870644,22.024513,22.092789,22.007431,22.075729,22.109856,22.195107,22.467247,22.450264,22.297272,22.314293,22.433289,22.467247,22.586006,22.365303,22.501198,22.348305,22.586006,22.297272,22.602951,22.552086,22.569054,22.484222,22.246208,22.348305,22.348305,22.297272,22.518166,22.297272,22.619896,22.280251,22.569054,22.365303,22.501198,22.484222,22.501198,22.569054,22.450264,22.450264,22.535133,22.467247,22.433289,22.280251,22.092789,22.143959,22.092789,21.973259,22.075729,22.075729,21.904861,21.733620,21.665016,21.561981,21.767891,21.647850,21.682167,21.544792,21.630684,21.544792,21.716469,21.389961,21.579163,21.493217,21.407181,21.544792,21.613518,21.476021,21.493217,21.544792,21.596336,21.527603,21.441612,21.647850,21.647850,21.527603,21.785027,21.699318,21.853539,21.802162,21.921967,21.956161,21.956161,22.024513,22.058662,22.161018,22.161018,22.195107,22.195107,22.501198,22.433289,22.484222,22.246208,22.348305,22.195107,22.416298,22.246208,22.212143,22.433289,22.195107,22.399300,22.246208,22.178062,22.246208,21.990349,22.109856,22.126915,22.007431,21.853539,21.939064,21.870644,21.887764,21.853539,21.767891,21.802162,21.802162,21.665016,21.527603,21.767891,21.579163,21.665016,21.527603,21.441612,21.424393,21.372734,21.269310,21.217552,21.200287,21.062057,21.027458,20.819542,20.854233,20.715385,20.715385,20.906242,20.923576,20.698021,20.611084,20.767487,20.958221,20.854233,20.784843,20.940895,20.888908,20.992851,21.062057,21.027458,21.044754,20.975533,20.871582,20.871582,20.923576,20.854233,20.871582,20.611084,20.558884,20.524055,20.262413,20.349724,20.402061,20.244934,20.174995,20.262413,20.140007,19.947273,19.789246,19.982353,19.824394,19.754082,19.560417,19.701309,19.595665,19.366287,19.383957,19.295586,19.330948,19.383957,19.366287,19.047615,19.171692,19.047615,18.656418,18.923340,18.513702,18.352852,18.084076,17.832420,17.580009,17.181839,16.872887,16.727104,16.379883,16.123146,15.570435,15.496475,15.125755,15.181458,15.032837,14.809425,14.678848,14.958420,14.902580,14.921196,14.883965,14.790794,14.902580,15.032837,14.865326,14.977043,14.977043,14.921196,14.921196,14.939812,14.958420,14.977043,14.828064,15.014244,14.958420,14.883965,14.883965,15.181458,14.902580,15.107178,14.902580,14.995636,14.977043,15.014244,15.088600,14.995636,14.958420,14.939812,14.865326,14.846703,14.753487,14.846703,14.753487,14.790794,14.828064,14.939812,14.772133,14.939812,14.716171,14.828064,14.902580,14.548080,14.809425,14.772133,14.678848,14.790794,14.790794,14.809425,14.809425,14.772133,14.716171,14.902580,14.790794,14.883965,14.641502,14.958420,14.846703,14.883965,14.716171,14.809425,14.790794,14.846703,15.051422,14.846703,14.846703,14.846703,15.051422,14.828064,14.902580,14.697517,14.846703,14.995636,14.846703,14.809425,14.902580,14.828064,14.772133,15.051422,14.716171,14.734833,14.828064,14.753487,14.828064,14.697517,14.977043,14.828064,14.753487,14.753487,14.939812,14.772133,14.660179,14.753487,14.828064,14.734833,14.716171,14.790794,14.772133,14.939812,14.697517,14.865326,14.772133,14.809425,14.902580,14.865326,14.716171,14.977043,14.753487,14.678848,14.828064,14.921196,14.790794,14.921196,14.921196,14.753487,14.921196,14.977043,14.753487,14.977043,15.014244,15.107178,14.995636,15.014244,14.883965,15.032837,14.809425,14.902580,14.883965,14.865326,14.977043,14.995636,14.902580,14.939812,14.828064,14.846703,14.660179,14.678848,14.585457,14.716171,14.622826,14.548080,14.585457,14.566772,14.510681,14.846703,14.660179,14.809425,14.772133,14.622826,15.070015,14.809425,15.051422,15.162895,14.958420,15.051422,14.977043,15.014244,15.125755,15.051422,14.958420,15.032837,14.697517,14.510681,14.772133,14.566772,14.491982,14.697517,14.753487,14.828064,14.604141,14.865326,14.697517,14.566772,14.790794,14.678848,14.902580,14.660179,14.641502,14.865326,14.660179,14.790794,14.753487,14.641502,14.977043,14.753487,14.809425,14.660179,14.902580,14.883965,14.809425,14.697517,14.734833,14.697517,14.809425,14.902580,14.939812,14.641502,14.604141,14.753487,14.697517,14.660179,14.772133,14.790794,14.660179,14.734833,14.734833,14.697517,14.846703,14.716171,14.734833,14.883965,14.828064,14.678848,14.772133,14.697517,14.790794,14.865326,14.883965,14.678848,14.604141,14.772133,14.641502,14.809425,14.716171,14.790794,14.622826,14.678848,14.734833,14.566772,14.828064,14.716171,14.865326,14.939812,14.622826,14.865326,14.865326,14.828064,14.641502,14.809425,14.809425,14.678848,14.865326,14.846703,14.697517,14.660179,14.566772,14.622826,14.641502,14.828064,14.585457,14.697517,14.678848,14.660179,14.548080,14.958420,14.734833,14.809425,14.790794,14.921196,14.921196,14.734833,15.014244,14.809425,14.902580,14.977043,15.274223,14.939812,14.939812,14.958420,14.883965,14.883965,15.070015,14.995636,14.846703,14.977043,14.995636,14.846703,14.995636,14.828064,14.809425,15.032837,14.883965,15.366905,
15.329842,14.809425,15.070015,15.032837,15.014244,14.921196,14.883965,14.828064,14.790794,15.144333,14.865326,14.958420,15.088600,15.070015,14.958420,14.995636,14.697517,14.977043,15.088600,14.958420,15.070015,15.255684,15.440964,15.718163,15.976097,16.398201,16.781799,17.054764,17.435440,18.084076,18.137894,18.495850,18.923340,19.100807,19.472237,19.454590,19.613289,20.209976,19.771667,19.964821,19.912178,20.209976,20.087494,20.314804,20.314804,20.576286,20.367180,20.541473,20.611084,20.524055,20.750122,20.645866,20.940895,20.888908,20.992851,20.698021,20.888908,20.854233,21.010155,20.923576,21.027458,21.096642,21.148476,21.183029,21.372734,21.269310,21.200287,21.252068,21.389961,21.165756,21.252068,21.544792,21.269310,21.389961,21.441612,21.355507,21.527603,21.596336,21.476021,21.682167,21.441612,21.665016,21.630684,21.544792,21.476021,21.510414,21.544792,21.613518,21.355507,21.458817,21.407181,21.372734,21.372734,21.269310,21.441612,21.355507,21.252068,21.252068,21.372734,21.217552,21.252068,21.407181,21.458817,21.458817,21.303802,21.338272,21.131203,21.286568,21.252068,21.389961,21.372734,21.303802,21.424393,21.286568,21.372734,21.647850,21.458817,21.767891,21.716469,21.613518,21.699318,21.665016,21.561981,21.870644,21.853539,21.665016,21.699318,21.544792,21.596336,21.613518,21.647850,21.441612,21.613518,21.407181,21.372734,21.458817,21.527603,21.579163,21.510414,21.647850,21.750755,21.682167,21.785027,21.527603,21.750755,21.630684,21.716469,21.544792,21.441612,21.458817,21.561981,21.476021,21.596336,21.699318,21.802162,21.853539,21.836411,21.785027,21.921967,22.126915,22.007431,22.007431,22.212143,22.382309,22.314293,22.484222,22.382309,22.433289,22.433289,22.399300,22.484222,22.314293,22.535133,22.535133,22.263237,22.399300,22.331291,22.467247,22.416298,22.501198,22.450264,22.382309,22.433289,22.263237,22.331291,22.331291,22.399300,22.433289,22.314293,22.416298,22.348305,22.535133,22.263237,22.501198,22.433289,22.467247,22.314293,22.399300,22.382309,22.229179,22.143959,21.939064,22.195107,22.075729,21.990349,21.802162,21.647850,21.665016,21.716469,21.630684,21.596336,21.424393,21.338272,21.630684,21.596336,21.561981,21.579163,21.596336,21.561981,21.510414,21.476021,21.493217,21.476021,21.476021,21.510414,21.493217,21.424393,21.476021,21.561981,21.527603,21.493217,21.596336,21.596336,21.750755,21.956161,21.990349,21.973259,22.075729,22.126915,22.229179,22.024513,22.314293,22.229179,22.314293,22.484222,22.484222,22.195107,22.229179,22.365303,22.348305,22.178062,22.450264,22.348305,22.314293,22.229179,21.990349,22.365303,22.161018,22.195107,22.109856,22.246208,22.007431,21.939064,21.870644,22.109856,21.750755,21.870644,21.887764,21.802162,21.887764,21.630684,21.836411,21.767891,21.699318,21.561981,21.596336,21.561981,21.579163,21.458817,21.510414,21.389961,21.527603,21.321045,21.079346,21.079346,21.010155,20.888908,20.680634,20.871582,20.715385,20.958221,20.958221,20.836899,20.767487,20.767487,20.923576,20.906242,20.906242,21.200287,21.010155,21.113914,21.062057,20.923576,21.079346,20.923576,20.819542,20.854233,20.871582,20.906242,20.715385,20.471802,20.454369,20.541473,20.454369,20.419502,20.244934,20.174995,20.227455,20.105003,19.947273,19.947273,19.841957,19.859520,19.683716,19.789246,19.683716,19.542793,19.401619,19.401619,19.454590,19.348618,19.454590,19.189407,19.047615,19.224815,19.012123,19.136261,18.834473,18.620766,18.442253,18.030205,17.868416,17.507759,17.163704,16.854668,16.453102,16.196571,15.976097,15.588913,15.699715,15.292770,15.107178,15.070015,14.958420,14.865326,14.772133,14.790794,14.790794,14.846703,15.051422,14.846703,14.902580,14.865326,14.902580,14.828064,14.772133,14.883965,14.753487,14.846703,14.809425,14.865326,14.977043,14.883965,15.070015,14.977043,15.070015,14.958420,14.828064,15.125755,14.865326,14.809425,15.014244,14.809425,14.977043,14.921196,14.977043,14.790794,14.958420,14.809425,14.809425,14.883965,14.977043,14.753487,14.846703,14.790794,14.921196,14.865326,14.566772,14.790794,14.883965,14.790794,14.734833,14.809425,14.772133,14.846703,14.921196,14.809425,14.828064,14.846703,14.790794,14.772133,14.772133,14.697517,14.716171,14.604141,14.697517,14.734833,14.772133,14.790794,14.902580,14.809425,14.921196,14.883965,15.051422,14.902580,14.678848,14.939812,14.828064,14.883965,14.790794,14.865326,15.088600,14.846703,14.902580,14.846703,14.902580,14.883965,14.790794,14.828064,14.846703,14.883965,14.828064,14.697517,14.958420,14.753487,14.883965,14.772133,14.772133,15.014244,14.977043,14.678848,14.846703,14.772133,14.883965,14.678848,14.772133,14.902580,14.809425,14.716171,14.828064,14.809425,14.809425,14.809425,14.977043,14.734833,14.939812,14.865326,14.846703,14.865326,14.939812,14.902580,15.014244,14.995636,14.977043,14.958420,15.107178,14.809425,15.125755,14.977043,14.828064,14.939812,14.846703,14.865326,15.051422,14.958420,14.977043,14.828064,15.014244,14.995636,15.014244,14.883965,14.678848,14.641502,14.883965,14.641502,14.529381,14.660179,14.566772,14.660179,14.641502,14.473274,14.622826,14.622826,14.678848,14.790794,14.902580,14.883965,15.162895,15.144333,15.014244,15.144333,15.107178,14.883965,15.200020,15.032837,14.902580,14.995636,15.014244,14.716171,14.772133,14.716171,14.846703,14.753487,14.865326,14.958420,14.604141,14.734833,14.641502,14.622826,14.958420,14.678848,14.865326,14.604141,14.360939,14.790794,14.734833,14.846703,14.809425,14.809425,14.883965,14.958420,14.697517,14.660179,14.753487,14.716171,14.865326,14.604141,14.865326,14.790794,14.846703,14.641502,14.790794,14.660179,14.939812,14.697517,14.491982,15.032837,14.902580,14.641502,14.716171,14.716171,14.716171,14.809425,14.716171,14.529381,14.660179,14.678848,14.660179,14.734833,14.716171,14.678848,15.014244,14.846703,14.865326,14.772133,14.772133,14.846703,14.809425,14.846703,14.716171,14.641502,14.772133,14.753487,14.846703,14.734833,14.958420,14.865326,14.753487,14.790794,14.660179,14.548080,14.790794,14.865326,14.753487,14.566772,14.902580,14.902580,14.660179,14.716171,14.902580,14.697517,14.734833,14.902580,14.585457,14.604141,14.604141,14.790794,14.753487,14.809425,14.790794,14.734833,14.660179,14.641502,14.697517,14.753487,14.958420,14.697517,14.902580,14.828064,14.995636,14.697517,14.902580,15.107178,14.939812,14.995636,14.865326,14.921196,14.828064,15.070015,15.200020,14.921196,14.734833,14.846703,14.772133,15.014244,14.846703,15.032837,14.902580,15.051422,14.883965,
14.958420,15.125755,15.070015,15.032837,14.902580,14.865326,14.883965,14.828064,15.032837,14.865326,14.697517,14.977043,14.939812,15.051422,14.716171,15.088600,14.958420,14.958420,14.958420,14.902580,15.032837,15.422462,15.496475,15.884071,15.994492,16.288277,16.818245,17.218117,17.471611,17.922386,18.317062,18.424385,18.763298,19.029869,19.348618,19.472237,19.648506,19.877083,20.034943,19.929733,19.964821,20.227455,20.332268,20.174995,20.209976,20.279877,20.367180,20.524055,20.558884,20.524055,20.628487,20.680634,20.645866,20.628487,20.802200,20.698021,21.096642,20.854233,21.062057,20.906242,21.044754,21.165756,20.958221,21.234810,21.148476,21.217552,21.183029,21.338272,21.200287,21.217552,21.303802,21.269310,21.372734,21.458817,21.407181,21.389961,21.579163,21.407181,21.510414,21.596336,21.458817,21.613518,21.476021,21.579163,21.372734,21.544792,21.389961,21.441612,21.441612,21.389961,21.389961,21.458817,21.407181,21.527603,21.596336,21.441612,21.355507,21.303802,21.458817,21.476021,21.510414,21.355507,21.424393,21.493217,21.579163,21.286568,21.355507,21.476021,21.321045,21.372734,21.286568,21.234810,21.321045,21.389961,21.407181,21.407181,21.424393,21.630684,21.647850,21.921967,21.682167,21.716469,21.836411,21.682167,21.665016,21.613518,21.716469,21.665016,21.561981,21.510414,21.544792,21.647850,21.476021,21.476021,21.407181,21.647850,21.544792,21.476021,21.750755,21.579163,21.596336,21.699318,21.733620,21.493217,21.647850,21.699318,21.493217,21.510414,21.699318,21.836411,21.561981,21.716469,21.699318,21.785027,21.699318,21.767891,21.939064,21.990349,21.921967,21.990349,22.024513,22.143959,22.007431,22.314293,22.331291,22.297272,22.365303,22.399300,22.297272,22.399300,22.399300,22.535133,22.501198,22.365303,22.365303,22.518166,22.348305,22.331291,22.348305,22.365303,22.467247,22.433289,22.365303,22.382309,22.246208,22.484222,22.450264,22.467247,22.314293,22.314293,22.433289,22.535133,22.331291,22.348305,22.433289,22.552086,22.246208,22.467247,22.263237,22.126915,22.143959,22.058662,21.939064,21.956161,21.887764,21.767891,21.699318,21.613518,21.630684,21.596336,21.441612,21.561981,21.458817,21.665016,21.579163,21.441612,21.510414,21.544792,21.424393,21.579163,21.613518,21.579163,21.630684,21.561981,21.441612,21.544792,21.544792,21.527603,21.458817,21.458817,21.785027,21.767891,21.647850,21.802162,21.716469,21.990349,22.041588,22.143959,22.075729,22.178062,22.195107,22.331291,22.331291,22.450264,22.433289,22.569054,22.484222,22.246208,22.365303,22.433289,22.399300,22.416298,22.348305,22.280251,22.433289,22.263237,22.229179,22.195107,22.314293,22.212143,22.058662,22.195107,22.007431,21.921967,22.280251,21.921967,21.836411,21.887764,21.939064,21.887764,21.853539,21.750755,21.870644,21.819290,21.750755,21.733620,21.579163,21.733620,21.424393,21.441612,21.303802,21.424393,21.252068,21.355507,21.079346,21.079346,20.940895,20.784843,20.888908,20.767487,21.079346,20.888908,20.958221,20.784843,20.732758,20.923576,20.923576,20.992851,21.044754,21.062057,20.940895,21.079346,20.888908,20.819542,21.062057,21.079346,20.802200,20.871582,20.854233,20.558884,20.558884,20.541473,20.244934,20.436943,20.332268,20.192490,20.105003,20.157509,20.052460,19.982353,20.069977,19.929733,19.912178,19.806816,19.630898,19.560417,19.489883,19.560417,19.366287,19.330948,19.189407,19.348618,19.277893,19.207108,19.118538,19.207108,18.976631,18.620766,18.442253,18.245445,18.173759,17.778404,17.561958,17.381157,16.836464,16.544525,16.233269,16.086403,15.681252,15.385422,15.459480,15.107178,15.218575,14.995636,14.995636,14.977043,14.995636,15.070015,14.883965,14.865326,14.902580,14.846703,14.939812,14.995636,14.790794,15.070015,14.977043,14.809425,14.958420,14.939812,14.977043,15.051422,14.921196,14.902580,14.939812,14.939812,14.939812,15.218575,15.032837,14.921196,14.865326,15.107178,14.828064,15.014244,14.865326,14.995636,14.939812,14.902580,14.865326,14.921196,15.125755,14.921196,14.809425,15.051422,14.790794,14.958420,14.772133,14.883965,14.734833,14.846703,14.716171,14.697517,14.697517,14.678848,14.883965,14.716171,14.846703,14.883965,14.828064,14.734833,14.753487,14.697517,14.716171,14.977043,14.660179,14.809425,14.846703,14.716171,14.753487,14.734833,14.828064,14.883965,14.883965,14.883965,14.828064,14.902580,14.883965,15.014244,14.828064,14.846703,14.846703,14.958420,14.883965,14.697517,14.939812,14.828064,14.809425,14.697517,14.828064,14.958420,14.939812,14.902580,14.809425,14.902580,14.809425,14.772133,14.772133,14.809425,14.753487,14.846703,14.734833,14.716171,14.958420,14.753487,14.828064,14.828064,14.753487,14.865326,14.828064,14.902580,14.809425,14.902580,14.828064,14.828064,14.902580,14.958420,14.865326,14.772133,14.902580,15.014244,14.846703,14.902580,15.032837,14.958420,15.032837,14.939812,14.921196,15.144333,14.995636,14.958420,14.716171,14.846703,14.902580,15.088600,14.790794,14.772133,14.828064,14.846703,14.958420,14.809425,15.200020,14.921196,14.828064,14.753487,14.566772,14.585457,14.491982,14.734833,14.716171,14.510681,14.566772,14.622826,14.604141,14.902580,14.883965,15.032837,14.921196,15.181458,14.939812,15.144333,15.125755,15.032837,15.032837,14.921196,14.828064,14.958420,14.995636,14.939812,15.014244,14.734833,14.697517,14.678848,14.678848,14.678848,14.435844,14.809425,14.697517,14.846703,14.846703,14.716171,14.678848,14.772133,14.809425,14.566772,14.790794,14.958420,14.809425,14.902580,14.846703,14.697517,14.716171,14.958420,14.566772,15.032837,14.883965,14.828064,14.809425,14.753487,14.772133,14.865326,14.697517,14.641502,14.809425,14.883965,14.865326,14.790794,14.939812,14.921196,14.660179,14.883965,14.865326,14.585457,14.660179,14.790794,14.865326,14.790794,14.790794,14.678848,14.809425,14.548080,14.697517,14.772133,14.678848,14.697517,14.865326,14.772133,14.846703,14.585457,14.660179,14.772133,14.622826,14.846703,14.790794,14.548080,14.660179,14.641502,14.958420,14.772133,14.641502,14.678848,14.548080,14.716171,14.697517,14.939812,14.809425,14.753487,14.846703,14.622826,14.716171,14.678848,14.753487,14.772133,14.604141,14.566772,14.566772,14.753487,14.641502,14.604141,14.454552,14.790794,14.529381,14.772133,14.828064,14.604141,14.697517,14.846703,14.529381,14.902580,14.939812,14.828064,14.772133,14.865326,14.585457,14.995636,14.958420,14.772133,14.790794,14.772133,14.772133,14.921196,15.051422,14.734833,15.218575,14.772133,14.790794,15.051422,14.828064,14.809425,14.790794,15.218575,
15.107178,14.921196,14.790794,15.070015,14.939812,15.051422,14.977043,14.828064,15.032837,14.939812,14.790794,15.014244,15.218575,14.865326,14.790794,15.162895,14.995636,14.828064,14.939812,15.088600,15.366905,15.348373,15.551949,15.570435,16.031273,16.398201,16.708862,17.236252,17.326851,17.940361,18.227524,18.370735,18.709869,19.171692,19.313263,19.578049,19.366287,19.718910,19.841957,19.964821,19.912178,19.947273,20.209976,20.157509,20.227455,20.279877,20.227455,20.489220,20.227455,20.680634,20.593697,20.732758,20.698021,20.680634,20.767487,20.854233,20.802200,21.183029,20.992851,21.044754,20.992851,21.217552,21.183029,21.234810,21.269310,21.286568,21.234810,21.131203,21.269310,21.252068,21.355507,21.389961,21.286568,21.355507,21.579163,21.682167,21.407181,21.561981,21.579163,21.476021,21.579163,21.647850,21.424393,21.596336,21.733620,21.407181,21.596336,21.493217,21.493217,21.493217,21.389961,21.630684,21.596336,21.579163,21.407181,21.441612,21.338272,21.613518,21.493217,21.493217,21.355507,21.613518,21.596336,21.493217,21.544792,21.596336,21.510414,21.338272,21.458817,21.493217,21.510414,21.372734,21.321045,21.493217,21.596336,21.802162,21.544792,21.665016,21.665016,21.939064,21.853539,21.596336,21.630684,21.665016,22.075729,21.716469,21.630684,21.716469,21.544792,21.716469,21.613518,21.699318,21.682167,21.665016,21.613518,21.647850,21.682167,21.836411,21.544792,21.699318,21.699318,21.699318,21.493217,21.767891,21.750755,21.836411,21.887764,21.682167,21.836411,21.733620,21.647850,21.733620,21.665016,21.785027,21.836411,21.853539,21.785027,22.075729,22.092789,21.973259,22.041588,22.143959,22.109856,22.178062,22.297272,22.365303,22.263237,22.535133,22.399300,22.433289,22.365303,22.416298,22.416298,22.297272,22.297272,22.501198,22.416298,22.467247,22.280251,22.518166,22.484222,22.552086,22.297272,22.569054,22.467247,22.484222,22.467247,22.365303,22.365303,22.297272,22.569054,22.348305,22.552086,22.433289,22.433289,22.297272,22.280251,22.484222,22.246208,22.331291,21.956161,22.092789,22.246208,21.853539,22.007431,21.767891,21.716469,21.647850,21.630684,21.750755,21.527603,21.647850,21.476021,21.613518,21.493217,21.767891,21.699318,21.527603,21.510414,21.544792,21.510414,21.476021,21.596336,21.647850,21.836411,21.579163,21.647850,21.579163,21.544792,21.750755,21.665016,21.802162,21.699318,21.870644,22.007431,22.024513,21.990349,22.178062,21.990349,22.229179,22.178062,22.280251,22.501198,22.416298,22.535133,22.602951,22.314293,22.297272,22.467247,22.518166,22.518166,22.467247,22.518166,22.399300,22.229179,22.382309,22.348305,22.263237,22.331291,22.075729,22.143959,22.109856,22.143959,22.126915,21.956161,22.041588,21.802162,22.075729,21.870644,21.921967,21.853539,21.836411,21.682167,21.750755,21.819290,21.750755,21.785027,21.682167,21.527603,21.665016,21.303802,21.407181,21.338272,21.183029,21.079346,20.923576,20.819542,20.940895,20.854233,20.802200,20.854233,20.906242,20.975533,20.715385,21.010155,20.975533,20.767487,21.010155,20.906242,21.010155,20.958221,20.940895,20.906242,21.044754,20.975533,20.958221,21.079346,20.888908,20.593697,20.767487,20.524055,20.402061,20.628487,20.524055,20.419502,20.332268,20.244934,20.140007,20.034943,20.244934,19.912178,19.648506,19.859520,19.648506,19.736496,19.630898,19.560417,19.525154,19.366287,19.366287,19.313263,19.472237,19.330948,19.083084,19.153984,19.224815,18.798889,18.763298,18.531555,18.406502,18.102013,17.868416,17.417351,17.290627,17.000237,16.526253,16.269951,15.920883,15.681252,15.366905,15.255684,15.218575,15.032837,14.883965,14.846703,14.958420,15.014244,14.958420,14.921196,14.939812,14.939812,14.865326,14.958420,14.865326,14.902580,15.051422,14.865326,14.939812,14.902580,15.014244,15.051422,14.846703,14.977043,15.014244,14.921196,15.014244,14.772133,14.902580,14.921196,14.883965,15.070015,14.977043,14.865326,15.070015,14.902580,14.883965,14.902580,14.939812,14.865326,14.772133,14.902580,14.809425,14.846703,14.790794,14.902580,14.902580,14.846703,14.958420,14.585457,14.753487,14.846703,14.753487,14.790794,14.921196,14.958420,14.846703,14.995636,14.716171,14.809425,14.660179,14.716171,14.995636,14.846703,14.790794,14.772133,14.921196,14.883965,14.846703,14.809425,14.734833,14.772133,14.865326,14.809425,14.921196,14.846703,14.902580,14.697517,14.883965,15.051422,14.772133,14.753487,14.883965,14.883965,14.716171,14.883965,14.828064,14.958420,14.734833,14.939812,14.790794,14.828064,14.828064,14.809425,14.865326,14.734833,14.716171,14.790794,14.734833,14.753487,14.678848,14.958420,14.902580,14.772133,14.753487,14.809425,14.995636,14.883965,14.883965,14.772133,14.828064,14.697517,14.883965,14.902580,14.921196,14.678848,14.846703,14.772133,14.753487,14.865326,14.883965,14.921196,14.977043,14.977043,14.958420,14.846703,15.051422,15.014244,14.753487,14.883965,14.883965,14.865326,14.734833,14.790794,14.753487,14.772133,14.809425,14.865326,14.958420,14.865326,14.939812,14.660179,14.790794,14.809425,14.772133,14.697517,14.678848,14.510681,14.548080,14.622826,14.660179,14.529381,14.641502,14.790794,14.678848,14.772133,14.939812,14.977043,14.828064,15.218575,15.162895,14.977043,15.088600,15.107178,14.977043,15.014244,15.107178,14.828064,14.697517,14.902580,14.846703,14.641502,14.865326,14.641502,14.529381,14.641502,14.678848,14.604141,14.697517,14.716171,14.641502,14.734833,14.753487,14.939812,14.921196,14.660179,14.828064,14.921196,14.883965,14.734833,14.977043,14.865326,14.902580,14.697517,14.790794,14.846703,14.828064,14.716171,14.772133,14.660179,14.660179,14.846703,14.883965,14.734833,14.678848,14.921196,14.734833,14.809425,14.641502,14.734833,15.014244,14.660179,14.865326,14.772133,14.697517,14.902580,14.809425,14.846703,14.641502,14.716171,14.753487,14.790794,14.716171,14.809425,14.678848,14.790794,14.604141,14.846703,14.678848,14.902580,14.604141,14.697517,14.809425,14.678848,14.865326,14.697517,14.828064,14.809425,14.734833,14.641502,14.828064,14.883965,14.883965,14.846703,14.734833,14.734833,14.753487,14.604141,14.641502,14.902580,14.566772,14.529381,14.883965,14.678848,14.828064,14.828064,14.604141,14.883965,14.622826,14.734833,14.678848,14.641502,14.753487,14.939812,14.678848,14.585457,15.162895,14.772133,14.809425,14.921196,14.604141,14.883965,14.921196,15.088600,14.753487,14.678848,14.939812,14.883965,14.660179,14.921196,14.883965,14.828064,14.790794,14.846703,15.014244,14.697517,14.865326,15.051422,14.622826,15.070015,15.218575,
15.218575,15.032837,15.032837,14.883965,14.995636,15.144333,15.088600,14.977043,15.051422,15.181458,14.902580,14.977043,14.846703,14.995636,14.883965,15.162895,15.051422,14.995636,14.753487,15.107178,15.200020,15.477974,15.088600,15.828796,15.847229,16.416496,16.727104,17.109245,17.616119,17.832420,18.227524,18.531555,18.994377,19.313263,19.507530,19.419281,19.754082,19.894638,20.069977,20.192490,19.947273,20.087494,20.087494,20.332268,20.349724,20.367180,20.541473,20.419502,20.576286,20.541473,20.645866,20.715385,20.732758,20.645866,20.819542,20.802200,20.888908,21.010155,21.027458,20.888908,21.131203,21.165756,21.269310,21.234810,21.200287,21.217552,21.113914,21.217552,21.286568,21.338272,21.424393,21.338272,21.424393,21.286568,21.527603,21.561981,21.510414,21.476021,21.441612,21.647850,21.493217,21.613518,21.665016,21.699318,21.613518,21.647850,21.561981,21.596336,21.647850,21.682167,21.579163,21.682167,21.613518,21.458817,21.665016,21.630684,21.579163,21.750755,21.733620,21.699318,21.613518,21.647850,21.544792,21.476021,21.699318,21.544792,21.527603,21.510414,21.476021,21.407181,21.630684,21.665016,21.630684,21.476021,21.527603,21.510414,21.630684,21.733620,21.870644,21.956161,21.939064,21.613518,21.853539,21.853539,21.802162,21.904861,21.853539,21.939064,21.802162,21.665016,21.750755,21.579163,21.699318,21.647850,21.613518,21.647850,21.630684,21.767891,21.647850,21.870644,21.699318,21.767891,21.716469,21.785027,21.630684,21.870644,21.887764,21.870644,21.802162,21.682167,21.802162,21.921967,21.819290,21.921967,21.819290,21.853539,21.785027,22.024513,21.904861,22.109856,22.229179,22.263237,22.161018,22.212143,22.195107,22.229179,22.399300,22.143959,22.109856,22.280251,22.280251,22.399300,22.467247,22.280251,22.433289,22.348305,22.433289,22.416298,22.501198,22.467247,22.263237,22.484222,22.331291,22.467247,22.518166,22.365303,22.382309,22.399300,22.246208,22.382309,22.636833,22.365303,22.348305,22.569054,22.246208,22.484222,22.382309,22.501198,22.365303,22.297272,22.092789,22.229179,22.024513,21.956161,21.956161,21.887764,21.767891,21.613518,21.682167,21.527603,21.836411,21.665016,21.493217,21.785027,21.699318,21.785027,21.699318,21.699318,21.665016,21.647850,21.596336,21.699318,21.819290,21.802162,21.716469,21.819290,21.733620,21.733620,21.767891,21.682167,21.802162,21.699318,21.853539,22.075729,21.870644,21.973259,22.143959,22.075729,22.331291,22.143959,22.280251,22.229179,22.229179,22.467247,22.484222,22.552086,22.382309,22.314293,22.484222,22.484222,22.348305,22.416298,22.212143,22.246208,22.552086,22.246208,22.212143,22.109856,22.161018,22.178062,22.007431,22.126915,22.041588,22.075729,22.092789,21.819290,21.904861,21.836411,21.921967,21.802162,21.802162,21.853539,21.716469,21.853539,21.802162,21.750755,21.544792,21.544792,21.424393,21.389961,21.476021,21.372734,21.389961,21.079346,21.079346,20.940895,20.906242,20.888908,20.906242,20.836899,20.645866,20.819542,20.663254,20.732758,20.836899,20.871582,20.871582,20.940895,20.802200,20.940895,21.027458,21.062057,20.992851,21.062057,20.940895,21.079346,20.958221,20.628487,20.663254,20.784843,20.611084,20.628487,20.384621,20.349724,20.454369,20.419502,20.332268,20.140007,20.192490,20.192490,19.894638,19.912178,19.718910,19.736496,19.454590,19.613289,19.507530,19.401619,19.330948,19.295586,19.277893,19.277893,19.295586,19.171692,19.100807,18.958870,18.852249,18.531555,18.477982,18.245445,18.155830,17.922386,17.580009,17.145554,16.763573,16.763573,16.159874,15.920883,15.588913,15.551949,15.477974,15.237137,14.902580,15.051422,14.902580,14.772133,14.697517,14.939812,14.921196,14.958420,14.977043,14.772133,14.883965,14.921196,14.939812,14.865326,14.883965,14.902580,15.181458,15.051422,15.032837,14.939812,14.995636,15.144333,15.014244,15.014244,14.939812,14.939812,14.939812,14.977043,14.958420,14.902580,14.939812,14.977043,14.939812,14.828064,14.772133,14.958420,14.790794,14.828064,14.995636,14.828064,14.977043,14.977043,14.809425,14.865326,14.734833,14.921196,14.753487,14.921196,14.809425,14.641502,14.883965,14.716171,14.883965,14.809425,14.660179,14.828064,14.678848,14.939812,14.716171,14.828064,14.883965,14.790794,14.790794,14.678848,14.641502,14.865326,14.883965,14.809425,14.697517,14.734833,14.772133,14.921196,14.828064,14.809425,14.865326,14.846703,14.921196,14.846703,14.772133,14.977043,14.865326,14.828064,14.697517,14.883965,15.070015,14.790794,14.790794,14.995636,14.865326,14.902580,14.753487,14.865326,14.958420,14.828064,14.828064,14.772133,14.734833,14.790794,14.772133,14.734833,14.828064,14.790794,14.883965,14.809425,14.678848,14.921196,14.678848,14.753487,14.846703,14.716171,14.734833,14.809425,14.958420,14.846703,14.939812,14.921196,14.697517,14.809425,14.809425,14.921196,14.995636,14.883965,15.088600,14.995636,14.846703,14.716171,14.846703,14.809425,14.921196,14.977043,15.014244,14.883965,14.958420,14.977043,14.772133,14.921196,14.902580,14.828064,14.753487,14.958420,14.697517,14.772133,14.435844,14.753487,14.622826,14.566772,14.660179,14.604141,14.716171,14.622826,14.435844,14.660179,14.939812,14.902580,15.014244,15.107178,15.218575,15.032837,15.218575,15.070015,14.939812,15.088600,15.070015,15.255684,14.939812,15.107178,15.144333,14.809425,14.846703,14.883965,14.585457,14.697517,14.435844,14.790794,14.660179,14.865326,14.604141,14.734833,14.734833,14.883965,14.902580,14.697517,14.604141,14.809425,14.641502,14.790794,14.809425,14.809425,14.716171,14.883965,14.716171,14.510681,14.790794,14.641502,14.753487,14.660179,14.865326,14.529381,14.772133,14.809425,14.641502,14.809425,14.883965,14.734833,14.939812,14.995636,14.790794,14.604141,14.772133,14.865326,14.772133,14.809425,14.585457,14.753487,14.772133,14.697517,14.790794,14.716171,14.604141,14.772133,14.828064,14.716171,14.566772,14.772133,14.716171,14.660179,14.846703,14.697517,14.678848,14.790794,14.678848,14.660179,14.678848,14.660179,14.753487,14.604141,14.772133,14.678848,14.585457,14.622826,14.772133,14.716171,14.697517,14.660179,14.809425,14.697517,14.753487,14.716171,14.734833,14.772133,14.753487,14.678848,14.716171,14.716171,14.809425,14.883965,14.828064,14.809425,14.548080,14.772133,14.883965,14.734833,14.753487,14.883965,14.716171,14.716171,14.958420,14.678848,14.828064,14.622826,15.032837,15.051422,14.865326,14.883965,14.902580,14.939812,14.716171,14.809425,14.772133,15.088600,14.753487,14.995636,14.958420,14.977043,15.014244,14.939812,15.125755,15.274223,
15.292770,14.921196,15.237137,14.921196,15.107178,14.958420,14.678848,14.995636,14.939812,14.883965,14.883965,15.070015,15.070015,14.697517,14.958420,14.939812,14.939812,14.865326,15.032837,15.014244,14.939812,15.477974,15.366905,15.514977,15.902481,16.434807,16.562805,16.927490,17.381157,17.940361,18.245445,18.567253,18.798889,19.047615,19.313263,19.507530,19.754082,19.929733,19.894638,19.964821,19.824394,20.052460,20.087494,20.314804,20.105003,20.227455,20.314804,20.541473,20.593697,20.593697,20.715385,20.819542,20.576286,20.750122,20.680634,20.940895,20.871582,20.819542,20.871582,21.096642,21.044754,21.165756,21.217552,21.338272,21.165756,21.113914,21.183029,21.113914,21.372734,21.476021,21.510414,21.389961,21.458817,21.407181,21.561981,21.527603,21.613518,21.407181,21.630684,21.596336,21.476021,21.613518,21.476021,21.544792,21.596336,21.733620,21.596336,21.527603,21.613518,21.699318,21.544792,21.596336,21.750755,21.579163,21.699318,21.682167,21.819290,21.802162,21.630684,21.647850,21.699318,21.750755,21.733620,21.819290,21.579163,21.802162,21.733620,21.802162,21.665016,21.613518,21.561981,21.613518,21.630684,21.613518,21.561981,21.647850,21.802162,21.733620,21.870644,21.921967,21.647850,21.956161,21.836411,21.836411,21.921967,21.956161,21.904861,21.853539,21.785027,21.733620,21.682167,21.785027,21.836411,21.767891,21.733620,21.785027,21.785027,21.956161,21.682167,21.973259,21.853539,21.904861,21.887764,22.058662,22.126915,21.904861,21.870644,21.990349,21.853539,22.007431,21.716469,21.853539,21.682167,21.853539,21.904861,21.853539,22.024513,21.956161,22.109856,22.041588,22.041588,22.041588,22.314293,22.348305,22.331291,22.143959,22.263237,22.348305,22.314293,22.314293,22.331291,22.280251,22.399300,22.229179,22.399300,22.670708,22.314293,22.331291,22.348305,22.331291,22.280251,22.365303,22.348305,22.467247,22.365303,22.416298,22.416298,22.314293,22.382309,22.331291,22.484222,22.331291,22.433289,22.399300,22.433289,22.348305,22.416298,22.467247,22.501198,22.229179,22.126915,22.297272,22.058662,21.956161,21.939064,21.853539,21.836411,21.785027,21.733620,21.716469,21.939064,21.682167,21.647850,21.682167,21.682167,21.699318,21.716469,21.596336,21.630684,21.733620,21.802162,21.853539,21.630684,21.836411,21.665016,21.767891,21.802162,21.802162,21.939064,21.785027,21.870644,21.853539,21.921967,22.007431,21.887764,22.143959,21.939064,21.956161,22.161018,22.178062,22.195107,22.416298,22.382309,22.195107,22.450264,22.518166,22.552086,22.365303,22.518166,22.484222,22.467247,22.246208,22.450264,22.365303,22.416298,22.399300,22.348305,22.058662,22.143959,22.075729,22.092789,21.802162,22.007431,21.836411,21.853539,21.853539,21.785027,21.802162,21.921967,21.802162,21.733620,21.699318,21.750755,21.716469,21.750755,21.579163,21.613518,21.579163,21.630684,21.441612,21.424393,21.303802,21.217552,21.217552,21.044754,20.871582,20.698021,20.750122,20.506645,20.576286,20.819542,20.767487,20.698021,20.767487,20.645866,20.802200,20.854233,20.819542,20.871582,20.923576,20.819542,21.131203,20.940895,20.958221,20.819542,21.044754,20.802200,20.767487,20.784843,20.836899,20.663254,20.593697,20.454369,20.541473,20.349724,20.279877,20.244934,20.174995,20.052460,20.069977,19.912178,19.877083,19.736496,19.666115,19.613289,19.754082,19.507530,19.489883,19.489883,19.295586,19.366287,19.295586,19.189407,19.207108,19.153984,18.976631,18.781090,18.887802,18.442253,18.388626,18.191681,17.922386,17.670250,17.109245,16.836464,16.690620,15.939293,15.920883,15.791931,15.459480,15.292770,15.088600,14.939812,14.921196,14.921196,14.902580,14.716171,14.883965,14.921196,14.995636,14.902580,14.958420,14.678848,14.753487,14.939812,14.977043,15.014244,14.958420,14.865326,14.995636,14.995636,14.977043,14.902580,15.088600,14.902580,14.902580,14.846703,14.772133,14.846703,14.958420,14.865326,15.032837,14.921196,14.939812,14.883965,14.883965,14.921196,14.977043,14.921196,14.921196,14.865326,14.939812,14.939812,14.958420,14.772133,14.846703,14.734833,14.865326,14.883965,14.883965,14.883965,14.921196,14.716171,14.846703,14.641502,14.790794,14.678848,14.772133,14.790794,14.809425,14.809425,14.846703,14.809425,14.977043,14.753487,14.865326,14.772133,14.846703,14.790794,14.828064,14.883965,14.846703,14.697517,14.828064,14.828064,14.772133,14.753487,14.977043,14.828064,14.865326,14.921196,14.828064,14.809425,14.809425,14.828064,14.977043,14.939812,14.902580,14.846703,14.753487,14.734833,14.809425,14.828064,14.846703,14.902580,14.772133,14.865326,14.809425,14.790794,14.809425,14.977043,14.622826,14.846703,14.958420,14.828064,14.790794,14.865326,14.921196,14.828064,14.660179,14.809425,14.902580,14.902580,14.828064,14.958420,14.828064,14.865326,14.734833,14.958420,14.995636,14.753487,14.939812,15.032837,15.088600,15.032837,15.051422,14.828064,14.921196,14.939812,14.883965,14.772133,14.883965,14.958420,15.088600,15.014244,14.846703,14.846703,14.977043,14.902580,14.865326,14.865326,14.678848,14.865326,14.641502,14.660179,14.585457,14.660179,14.660179,14.678848,14.585457,14.716171,14.491982,14.846703,14.958420,14.828064,14.995636,14.902580,15.088600,15.107178,14.883965,15.014244,15.032837,14.958420,14.977043,15.088600,14.995636,15.032837,15.237137,14.772133,14.977043,14.716171,14.828064,14.716171,14.772133,14.660179,14.548080,14.678848,14.772133,14.734833,14.790794,14.809425,14.828064,14.697517,14.921196,14.678848,14.921196,14.772133,14.660179,14.753487,14.977043,14.790794,14.585457,14.734833,14.790794,14.660179,14.566772,14.809425,14.790794,14.790794,14.660179,14.828064,14.660179,14.660179,14.753487,14.921196,14.622826,14.809425,14.977043,14.809425,14.902580,14.678848,14.734833,14.865326,14.734833,14.660179,14.902580,14.772133,14.921196,14.734833,14.529381,14.772133,14.846703,14.734833,14.828064,14.604141,14.790794,14.902580,14.622826,14.809425,14.697517,14.753487,14.585457,14.678848,14.846703,14.790794,14.902580,14.641502,14.604141,14.902580,14.809425,14.529381,14.753487,14.734833,14.772133,14.790794,14.510681,14.828064,14.660179,14.678848,14.809425,14.753487,14.697517,14.697517,14.716171,14.939812,14.883965,14.865326,14.790794,14.697517,14.622826,14.641502,14.790794,14.772133,14.716171,14.846703,14.809425,14.828064,14.790794,14.753487,14.641502,14.529381,14.995636,14.921196,14.790794,14.921196,14.921196,14.716171,14.828064,14.865326,14.846703,14.772133,14.883965,14.865326,14.921196,14.865326,14.939812,14.921196,14.828064,14.958420,15.051422,
15.070015,15.181458,14.883965,15.088600,15.032837,15.014244,14.846703,14.958420,14.995636,14.883965,15.088600,15.014244,14.939812,15.070015,14.902580,14.902580,15.051422,14.809425,15.014244,15.014244,15.292770,15.144333,15.459480,15.736610,16.104774,16.434807,16.526253,17.145554,17.363060,17.868416,18.173759,18.549400,18.834473,19.136261,19.277893,19.560417,19.613289,19.877083,19.947273,20.087494,20.122513,20.087494,20.209976,20.087494,20.471802,20.332268,20.419502,20.454369,20.593697,20.558884,20.489220,20.645866,20.767487,20.715385,20.923576,20.819542,20.923576,20.923576,20.906242,21.027458,21.096642,21.165756,21.286568,21.424393,21.165756,21.148476,21.458817,21.234810,21.389961,21.493217,21.372734,21.458817,21.579163,21.613518,21.476021,21.493217,21.561981,21.407181,21.561981,21.579163,21.527603,21.561981,21.544792,21.802162,21.819290,21.682167,21.561981,21.647850,21.699318,21.699318,21.887764,21.802162,21.836411,21.767891,21.699318,21.921967,21.853539,22.075729,22.075729,21.802162,21.665016,21.853539,21.904861,21.699318,21.819290,21.939064,21.939064,21.699318,21.750755,21.767891,21.613518,21.665016,21.699318,21.699318,21.682167,21.836411,21.973259,21.904861,21.887764,21.785027,21.956161,21.853539,21.870644,21.921967,22.007431,21.973259,21.904861,22.041588,21.750755,21.939064,21.733620,21.682167,21.904861,21.921967,22.092789,21.716469,21.767891,21.939064,21.853539,21.921967,21.939064,21.836411,21.870644,21.921967,21.973259,22.075729,22.041588,22.075729,21.802162,21.990349,21.802162,22.024513,22.058662,22.109856,21.819290,21.887764,22.007431,22.109856,22.143959,21.973259,22.212143,22.058662,22.314293,22.263237,22.263237,22.161018,22.280251,22.314293,22.229179,22.229179,22.331291,22.433289,22.212143,22.331291,22.365303,22.314293,22.416298,22.450264,22.297272,22.535133,22.467247,22.467247,22.280251,22.382309,22.382309,22.501198,22.602951,22.348305,22.450264,22.467247,22.467247,22.280251,22.569054,22.484222,22.365303,22.501198,22.450264,22.501198,22.314293,22.314293,22.314293,22.314293,22.246208,22.007431,22.126915,22.075729,22.058662,21.887764,21.853539,21.767891,21.853539,21.887764,21.870644,21.819290,21.870644,21.819290,21.870644,21.819290,21.853539,21.921967,21.802162,21.939064,21.870644,21.887764,21.819290,21.904861,21.887764,21.870644,21.939064,21.870644,21.904861,21.939064,21.887764,22.024513,22.143959,22.143959,22.195107,22.297272,22.161018,22.109856,22.280251,22.382309,22.433289,22.484222,22.518166,22.433289,22.450264,22.602951,22.619896,22.535133,22.518166,22.569054,22.399300,22.569054,22.399300,22.416298,22.212143,22.314293,22.246208,22.212143,22.126915,22.058662,21.956161,21.785027,21.750755,21.716469,22.041588,21.819290,21.819290,21.836411,21.887764,21.870644,21.767891,21.579163,21.819290,21.682167,21.579163,21.424393,21.699318,21.493217,21.372734,21.389961,21.269310,21.234810,21.044754,20.940895,20.871582,20.784843,20.663254,20.506645,20.715385,20.906242,20.767487,20.611084,20.767487,20.836899,20.854233,20.819542,20.819542,20.940895,20.854233,20.958221,21.010155,20.836899,20.958221,21.131203,20.906242,20.940895,20.888908,20.802200,20.698021,20.593697,20.314804,20.454369,20.489220,20.244934,20.367180,20.209976,19.947273,19.964821,20.069977,19.929733,19.912178,19.877083,19.648506,19.595665,19.419281,19.507530,19.436943,19.224815,19.224815,19.313263,19.065346,19.366287,19.029869,19.047615,18.763298,18.727684,18.567253,18.531555,18.102013,17.904396,17.616119,17.344955,16.963875,16.690620,16.068031,15.828796,15.588913,15.514977,15.329842,15.125755,14.995636,15.125755,14.809425,14.939812,14.846703,14.865326,14.921196,14.902580,15.088600,15.032837,15.088600,14.939812,15.051422,14.977043,14.865326,14.939812,14.790794,14.809425,14.958420,15.144333,14.865326,14.921196,15.032837,15.014244,14.883965,14.939812,14.883965,15.051422,14.958420,14.883965,15.070015,15.070015,14.939812,14.753487,14.902580,14.939812,14.939812,14.977043,14.846703,14.828064,14.921196,14.939812,14.921196,14.883965,14.958420,14.828064,14.697517,14.958420,14.921196,14.921196,14.753487,14.939812,15.032837,14.921196,14.995636,14.566772,14.641502,14.772133,14.846703,14.902580,14.995636,14.678848,14.716171,14.678848,14.883965,14.883965,14.734833,15.125755,14.678848,15.107178,14.865326,14.753487,14.865326,14.939812,14.995636,14.977043,14.865326,14.995636,14.828064,14.921196,14.809425,14.921196,14.641502,14.995636,14.753487,14.883965,14.772133,14.939812,14.772133,14.921196,14.865326,14.846703,14.846703,15.014244,14.790794,14.753487,14.828064,14.622826,14.828064,14.865326,14.828064,14.902580,14.883965,14.828064,14.790794,14.660179,14.604141,14.846703,14.753487,14.697517,14.921196,14.865326,14.678848,14.846703,14.828064,14.753487,14.958420,14.902580,14.772133,15.051422,15.014244,14.921196,15.107178,14.939812,14.939812,14.828064,14.921196,14.921196,14.921196,14.977043,14.846703,15.014244,15.032837,14.883965,15.051422,14.977043,14.772133,14.977043,14.809425,14.828064,14.716171,14.716171,14.734833,14.660179,14.772133,14.678848,14.641502,14.622826,14.772133,14.790794,14.548080,14.510681,14.828064,14.809425,14.902580,15.107178,15.051422,15.051422,14.902580,15.274223,14.883965,15.181458,15.311302,15.014244,15.088600,14.977043,14.846703,14.939812,14.790794,14.865326,14.809425,14.753487,14.678848,14.790794,14.641502,14.809425,14.734833,14.716171,14.828064,14.809425,14.716171,14.622826,14.753487,14.865326,14.902580,14.697517,14.828064,14.790794,14.939812,14.566772,14.790794,14.716171,14.678848,14.790794,14.697517,14.828064,14.753487,14.734833,14.921196,14.921196,14.828064,14.828064,14.921196,14.716171,14.939812,14.697517,14.753487,14.604141,14.772133,14.660179,14.697517,14.753487,14.566772,14.566772,14.660179,14.790794,14.790794,14.716171,14.566772,14.809425,14.622826,14.697517,14.548080,14.828064,14.697517,14.697517,14.902580,14.604141,14.734833,14.734833,14.753487,14.772133,14.716171,14.660179,14.641502,14.828064,14.641502,14.716171,14.660179,14.772133,14.809425,14.772133,14.697517,14.921196,14.660179,14.697517,14.790794,14.660179,14.846703,14.734833,14.678848,14.660179,14.865326,14.828064,14.921196,14.772133,14.865326,14.697517,14.772133,14.921196,14.660179,14.846703,14.753487,14.958420,14.753487,14.790794,14.846703,14.678848,14.510681,14.958420,14.902580,14.716171,14.641502,15.051422,14.977043,14.921196,14.883965,14.790794,14.902580,14.772133,14.958420,14.790794,14.939812,14.772133,14.883965,14.809425,14.865326,15.051422,
15.032837,14.902580,14.995636,15.014244,15.088600,14.865326,15.162895,14.809425,15.014244,14.995636,15.088600,15.181458,15.014244,14.865326,14.921196,14.995636,14.660179,14.902580,14.921196,14.865326,14.939812,15.292770,15.570435,15.718163,16.031273,16.453102,16.708862,17.145554,17.616119,17.922386,18.066116,18.495850,18.798889,19.171692,19.224815,19.613289,19.701309,19.912178,19.859520,20.052460,20.069977,20.262413,20.140007,20.349724,20.314804,20.558884,20.558884,20.367180,20.558884,20.593697,20.611084,20.645866,20.819542,20.524055,20.784843,20.767487,21.027458,20.663254,20.871582,21.079346,20.854233,21.217552,21.217552,21.044754,21.286568,21.252068,21.355507,21.303802,21.407181,21.338272,21.407181,21.716469,21.458817,21.510414,21.476021,21.476021,21.699318,21.682167,21.647850,21.665016,21.802162,21.802162,21.544792,21.904861,21.682167,21.836411,21.904861,21.819290,21.733620,21.767891,21.767891,21.682167,21.802162,22.024513,21.887764,21.956161,21.956161,21.887764,21.870644,21.887764,21.750755,21.836411,21.921967,21.973259,21.750755,21.956161,21.853539,21.887764,21.750755,21.802162,21.767891,21.699318,21.939064,21.613518,21.767891,21.802162,21.750755,21.956161,21.853539,21.870644,21.973259,22.024513,22.075729,22.024513,21.613518,21.921967,21.853539,22.007431,21.699318,21.750755,21.836411,21.853539,21.870644,21.921967,21.990349,21.921967,21.904861,21.887764,22.024513,22.007431,21.990349,22.092789,21.956161,22.058662,21.956161,22.092789,22.024513,21.973259,22.092789,22.075729,21.956161,22.075729,21.990349,22.007431,22.178062,21.990349,22.024513,22.178062,22.126915,22.007431,22.143959,22.212143,22.075729,22.348305,22.161018,22.246208,22.246208,22.161018,22.263237,22.126915,22.178062,22.280251,22.433289,22.229179,22.314293,22.297272,22.416298,22.399300,22.348305,22.484222,22.501198,22.314293,22.331291,22.348305,22.433289,22.365303,22.331291,22.348305,22.263237,22.382309,22.229179,22.467247,22.314293,22.382309,22.365303,22.382309,22.382309,22.467247,22.501198,22.297272,22.109856,22.314293,22.331291,22.178062,22.075729,22.024513,21.870644,21.956161,21.904861,22.007431,21.887764,21.939064,21.785027,21.802162,21.939064,21.853539,21.819290,21.733620,21.904861,21.956161,22.024513,21.956161,21.990349,21.904861,21.785027,21.956161,21.887764,22.058662,21.973259,21.990349,22.178062,21.904861,21.956161,21.973259,22.195107,22.161018,22.263237,22.229179,22.280251,22.331291,22.348305,22.416298,22.535133,22.552086,22.586006,22.365303,22.552086,22.433289,22.450264,22.484222,22.416298,22.450264,22.619896,22.263237,22.636833,22.314293,22.399300,22.331291,22.212143,21.956161,22.263237,22.024513,21.887764,21.921967,21.870644,21.939064,21.853539,21.802162,21.682167,21.836411,21.699318,21.613518,21.819290,21.527603,21.682167,21.733620,21.458817,21.613518,21.716469,21.544792,21.389961,21.441612,21.321045,21.148476,21.113914,20.940895,20.906242,20.732758,20.819542,20.732758,20.698021,20.888908,20.940895,20.715385,20.854233,20.750122,20.923576,21.010155,20.975533,21.096642,20.958221,20.888908,21.079346,20.784843,20.940895,20.940895,20.732758,20.784843,20.698021,20.663254,20.489220,20.471802,20.524055,20.419502,20.402061,20.279877,20.140007,20.157509,20.227455,20.034943,19.982353,19.841957,19.683716,19.859520,19.630898,19.789246,19.507530,19.419281,19.436943,19.348618,19.348618,19.260208,19.313263,19.277893,19.224815,19.153984,18.923340,18.727684,18.585091,18.460121,18.012245,17.652206,17.688278,17.000237,17.000237,16.562805,16.159874,16.012886,15.736610,15.496475,15.255684,14.977043,15.274223,15.162895,14.809425,14.846703,14.809425,14.921196,14.958420,14.846703,14.790794,15.051422,14.883965,14.977043,14.883965,14.846703,14.939812,14.809425,14.902580,15.107178,15.032837,14.846703,15.051422,14.995636,14.939812,14.995636,14.939812,15.144333,15.125755,14.865326,14.883965,14.883965,14.883965,14.902580,14.939812,14.883965,14.846703,14.883965,14.846703,14.883965,14.772133,14.697517,14.902580,14.828064,14.753487,14.958420,14.921196,14.846703,14.734833,14.809425,14.939812,14.977043,14.790794,14.697517,14.921196,14.772133,14.865326,14.734833,14.828064,14.883965,14.939812,14.939812,14.846703,14.697517,14.716171,14.753487,14.697517,14.865326,14.902580,14.660179,14.921196,14.809425,14.716171,14.902580,14.734833,15.014244,14.809425,14.902580,14.828064,14.846703,14.828064,14.977043,14.772133,14.828064,14.772133,15.032837,14.753487,14.939812,14.734833,14.809425,14.865326,14.958420,15.070015,14.753487,14.790794,14.995636,14.772133,14.772133,14.846703,14.995636,14.846703,14.772133,14.939812,14.921196,14.921196,14.697517,14.846703,14.828064,14.828064,14.977043,14.902580,14.939812,14.716171,14.846703,14.678848,14.828064,14.939812,14.828064,14.902580,14.883965,14.716171,15.107178,14.809425,14.958420,14.772133,15.014244,14.883965,14.977043,15.032837,14.865326,14.939812,14.772133,15.014244,15.014244,14.995636,15.070015,14.865326,15.014244,14.939812,15.051422,14.846703,14.753487,14.566772,14.548080,14.566772,14.566772,14.716171,14.828064,14.660179,14.697517,14.678848,14.604141,14.660179,14.883965,14.678848,14.865326,14.939812,15.051422,14.921196,15.144333,15.070015,15.107178,15.070015,15.070015,15.162895,15.051422,14.958420,14.734833,15.014244,14.958420,14.734833,14.883965,14.678848,14.716171,14.734833,14.753487,14.660179,14.828064,14.809425,14.641502,14.566772,14.734833,14.865326,14.883965,14.790794,14.809425,14.772133,14.716171,15.051422,14.734833,14.790794,14.622826,14.529381,14.865326,14.753487,14.734833,14.846703,14.716171,14.660179,14.809425,14.753487,14.828064,14.753487,14.958420,14.716171,14.865326,14.641502,14.846703,14.716171,14.678848,14.939812,14.902580,14.734833,14.566772,14.809425,14.883965,14.902580,14.641502,14.902580,14.772133,14.697517,14.548080,14.566772,14.622826,14.660179,14.491982,14.846703,14.716171,14.660179,14.529381,14.678848,14.734833,14.660179,14.604141,14.510681,14.828064,14.622826,14.809425,14.809425,14.697517,14.809425,14.510681,14.753487,14.697517,14.846703,14.753487,14.734833,14.604141,14.697517,14.902580,14.753487,14.865326,14.772133,14.995636,14.865326,14.828064,14.883965,14.716171,14.622826,14.939812,14.790794,14.641502,14.734833,14.902580,14.753487,14.902580,14.902580,15.125755,14.958420,14.902580,14.790794,14.809425,15.014244,14.790794,14.604141,15.088600,14.828064,14.622826,14.865326,14.790794,14.977043,14.809425,14.828064,14.939812,14.828064,14.790794,14.865326,14.809425,14.883965,15.144333,
15.107178,14.995636,14.939812,15.070015,14.902580,15.014244,14.809425,15.032837,14.977043,14.958420,14.790794,15.125755,14.921196,14.828064,14.622826,14.883965,14.977043,14.883965,14.902580,14.939812,15.329842,15.032837,15.477974,15.791931,15.865646,16.196571,16.672379,17.199982,17.598068,17.904396,18.066116,18.245445,18.941109,19.153984,19.171692,19.595665,19.736496,19.824394,19.912178,20.209976,19.964821,20.140007,20.140007,20.244934,20.209976,20.454369,20.402061,20.419502,20.471802,20.628487,20.611084,20.645866,20.680634,20.940895,20.750122,20.958221,20.888908,20.940895,20.923576,21.165756,21.113914,21.079346,21.131203,21.217552,21.269310,21.096642,21.527603,21.424393,21.407181,21.355507,21.579163,21.476021,21.407181,21.286568,21.303802,21.630684,21.579163,21.699318,21.493217,21.665016,21.561981,21.682167,21.682167,21.716469,21.887764,21.802162,21.767891,22.075729,21.665016,21.939064,21.921967,21.887764,21.836411,21.956161,22.041588,21.716469,21.973259,21.990349,21.956161,21.939064,22.058662,21.939064,22.007431,22.092789,21.887764,22.143959,22.075729,21.973259,21.682167,21.716469,21.733620,21.819290,21.870644,21.630684,21.733620,21.956161,21.921967,21.767891,22.092789,21.921967,21.973259,22.007431,21.990349,21.990349,21.853539,21.921967,22.092789,21.870644,21.836411,21.870644,21.956161,21.870644,21.682167,22.143959,21.870644,21.956161,21.939064,22.126915,22.058662,22.041588,21.853539,22.041588,22.109856,21.990349,22.126915,22.212143,22.126915,22.212143,22.126915,22.041588,22.092789,22.143959,21.956161,22.058662,22.126915,22.075729,22.195107,21.990349,22.092789,22.161018,22.092789,22.161018,22.058662,22.433289,22.161018,22.331291,21.956161,22.365303,22.348305,22.195107,22.178062,22.212143,22.399300,22.314293,22.467247,22.109856,22.399300,22.484222,22.365303,22.331291,22.450264,22.416298,22.280251,22.280251,22.280251,22.484222,22.246208,22.382309,22.348305,22.399300,22.484222,22.263237,22.467247,22.314293,22.280251,22.280251,22.433289,22.399300,22.229179,22.399300,22.195107,22.024513,22.263237,22.109856,22.041588,21.921967,22.024513,22.058662,22.041588,22.126915,22.178062,22.092789,22.075729,21.921967,21.973259,22.126915,22.024513,22.092789,22.007431,22.058662,21.956161,22.178062,21.990349,22.109856,22.075729,22.161018,21.990349,22.109856,22.041588,21.921967,22.092789,22.041588,22.092789,22.280251,22.109856,22.195107,22.263237,22.212143,22.331291,22.450264,22.450264,22.484222,22.365303,22.348305,22.653778,22.586006,22.450264,22.535133,22.399300,22.552086,22.416298,22.552086,22.552086,22.416298,22.263237,22.433289,22.246208,22.126915,22.246208,22.126915,22.143959,21.887764,21.870644,21.904861,21.785027,21.785027,21.579163,21.767891,21.682167,21.767891,21.561981,21.682167,21.733620,21.647850,21.596336,21.596336,21.630684,21.630684,21.579163,21.699318,21.338272,21.441612,21.183029,21.044754,21.027458,21.062057,20.888908,20.802200,20.732758,20.698021,20.802200,20.854233,20.819542,20.593697,20.593697,20.888908,20.836899,20.940895,20.715385,20.940895,20.975533,20.871582,20.836899,20.802200,21.010155,20.802200,20.819542,20.802200,20.732758,20.715385,20.576286,20.593697,20.645866,20.402061,20.367180,20.367180,20.244934,20.157509,20.174995,20.052460,20.017418,19.929733,19.947273,19.806816,19.894638,19.648506,19.348618,19.454590,19.330948,19.507530,19.277893,19.401619,19.189407,19.330948,19.083084,19.136261,18.976631,18.763298,18.477982,18.227524,18.137894,17.886406,17.399261,17.218117,17.036591,16.379883,16.233269,15.773499,15.607391,15.477974,15.329842,15.125755,14.958420,15.032837,14.865326,14.921196,14.902580,14.902580,14.809425,14.921196,14.865326,15.051422,14.846703,14.883965,14.995636,14.995636,14.921196,14.995636,14.809425,14.977043,14.939812,14.995636,14.977043,14.921196,14.846703,14.921196,14.865326,14.883965,15.070015,14.995636,14.958420,15.051422,14.995636,14.977043,15.032837,15.051422,14.753487,14.772133,14.939812,14.902580,15.162895,14.753487,14.753487,14.846703,14.753487,14.734833,15.107178,14.772133,14.828064,14.678848,14.883965,14.883965,14.716171,14.772133,14.958420,14.716171,14.809425,14.716171,14.790794,14.809425,14.977043,14.883965,14.809425,14.790794,14.734833,14.660179,14.846703,14.566772,14.828064,14.939812,14.865326,14.865326,14.977043,14.753487,14.846703,14.902580,14.902580,14.753487,14.790794,14.958420,14.641502,15.014244,14.772133,14.902580,14.939812,14.865326,14.883965,14.828064,14.734833,14.939812,14.865326,14.790794,14.772133,14.828064,14.883965,14.772133,14.846703,14.865326,14.753487,14.865326,14.865326,15.032837,14.622826,14.865326,14.716171,14.921196,14.753487,14.883965,14.865326,14.809425,14.809425,14.846703,14.921196,14.865326,14.753487,14.921196,14.734833,14.846703,14.809425,14.622826,14.883965,14.883965,14.660179,15.070015,14.716171,14.921196,14.995636,15.051422,14.697517,14.902580,14.921196,14.902580,14.958420,15.088600,14.883965,14.753487,14.921196,14.902580,14.809425,15.014244,14.734833,14.846703,14.883965,14.697517,14.790794,14.548080,14.753487,14.809425,14.585457,14.753487,14.734833,14.716171,14.660179,14.604141,14.902580,14.809425,14.977043,15.144333,15.014244,15.274223,15.032837,15.274223,14.995636,14.921196,15.218575,15.088600,15.162895,14.883965,14.846703,14.921196,14.846703,14.846703,14.678848,14.622826,14.734833,14.660179,14.398399,14.883965,14.641502,14.734833,14.660179,14.809425,14.678848,14.697517,14.753487,14.846703,14.995636,14.902580,14.604141,14.753487,14.809425,14.678848,14.660179,14.790794,14.697517,14.865326,14.641502,14.697517,14.753487,14.566772,14.772133,14.716171,14.641502,14.883965,14.678848,14.772133,14.697517,14.716171,14.883965,14.604141,14.846703,14.660179,14.772133,14.809425,14.790794,14.772133,14.809425,14.772133,14.678848,14.548080,14.566772,14.772133,14.772133,14.921196,14.622826,14.641502,14.660179,14.772133,14.753487,14.716171,14.697517,14.734833,14.697517,14.753487,14.734833,14.828064,14.660179,14.548080,14.660179,14.604141,14.678848,14.772133,14.697517,14.809425,14.585457,14.585457,14.678848,14.734833,14.641502,14.753487,14.660179,14.809425,14.622826,14.716171,14.678848,14.772133,14.585457,14.678848,14.753487,14.734833,14.883965,14.753487,14.641502,14.846703,14.865326,14.716171,14.753487,14.809425,14.902580,15.032837,14.678848,14.883965,14.921196,14.772133,14.939812,14.753487,14.902580,14.846703,15.014244,15.051422,14.921196,14.828064,14.995636,14.958420,14.753487,14.678848,14.921196,14.865326,14.958420,14.958420,
15.051422,15.107178,14.977043,15.051422,14.977043,14.939812,14.977043,15.088600,14.977043,15.014244,15.144333,15.144333,14.958420,14.995636,15.051422,14.921196,14.809425,15.014244,14.772133,15.144333,14.958420,15.144333,15.274223,15.607391,15.810371,16.214928,16.562805,17.018410,17.598068,17.634163,18.191681,18.460121,18.798889,19.171692,19.277893,19.542793,19.701309,19.894638,19.912178,19.912178,19.894638,20.087494,20.262413,20.034943,20.227455,20.384621,20.436943,20.593697,20.402061,20.558884,20.593697,20.628487,20.767487,20.715385,20.871582,20.767487,21.062057,20.750122,20.975533,20.940895,21.113914,21.217552,20.958221,21.200287,21.183029,21.148476,21.407181,21.407181,21.372734,21.493217,21.510414,21.579163,21.493217,21.458817,21.458817,21.682167,21.561981,21.870644,21.716469,21.682167,21.596336,21.819290,21.853539,21.802162,21.682167,21.853539,21.682167,22.161018,21.819290,21.939064,21.665016,21.853539,21.956161,22.041588,22.007431,22.075729,21.990349,22.212143,22.161018,22.041588,22.126915,22.143959,21.887764,22.075729,21.956161,22.109856,22.024513,22.058662,21.956161,21.819290,22.075729,21.802162,21.870644,21.819290,21.733620,21.973259,21.853539,21.733620,22.109856,21.990349,22.024513,21.939064,22.058662,22.007431,22.161018,22.126915,22.041588,21.973259,21.990349,21.973259,22.143959,22.075729,21.956161,22.007431,22.109856,22.092789,22.075729,22.092789,22.041588,22.126915,21.956161,22.195107,22.229179,22.075729,22.263237,22.143959,22.280251,22.161018,22.126915,22.212143,22.229179,22.365303,22.246208,22.161018,22.075729,22.212143,22.195107,22.092789,22.143959,22.314293,22.195107,22.143959,22.229179,22.365303,22.212143,22.331291,22.195107,22.126915,22.280251,22.246208,22.195107,22.212143,22.263237,22.399300,22.280251,22.246208,22.348305,22.365303,22.433289,22.450264,22.416298,22.382309,22.467247,22.450264,22.212143,22.365303,22.348305,22.484222,22.178062,22.348305,22.365303,22.348305,22.348305,22.399300,22.365303,22.348305,22.484222,22.348305,22.399300,22.518166,22.348305,22.263237,22.280251,22.178062,22.416298,22.143959,22.143959,22.178062,22.178062,22.024513,22.143959,22.058662,22.229179,22.143959,22.246208,22.195107,22.143959,22.212143,22.280251,22.246208,22.195107,22.161018,22.126915,22.041588,22.314293,22.143959,22.161018,22.178062,22.365303,22.229179,22.143959,22.280251,22.195107,22.161018,22.314293,22.416298,22.331291,22.416298,22.433289,22.416298,22.535133,22.501198,22.501198,22.467247,22.467247,22.331291,22.433289,22.586006,22.586006,22.721489,22.450264,22.246208,22.365303,22.416298,22.382309,22.416298,22.399300,22.314293,22.195107,22.024513,22.058662,21.819290,21.785027,21.802162,21.785027,21.665016,21.750755,21.596336,21.596336,21.630684,21.613518,21.510414,21.699318,21.355507,21.716469,21.510414,21.750755,21.476021,21.613518,21.476021,21.527603,21.458817,21.234810,21.217552,20.923576,20.975533,20.836899,20.680634,20.680634,20.784843,20.576286,20.750122,20.732758,20.680634,20.767487,20.628487,20.645866,20.767487,20.750122,20.906242,20.888908,20.940895,20.992851,20.888908,20.888908,20.819542,20.784843,20.940895,20.819542,20.732758,20.611084,20.593697,20.558884,20.402061,20.349724,20.384621,20.227455,20.174995,20.105003,20.209976,19.877083,19.859520,19.806816,19.771667,19.578049,19.613289,19.630898,19.525154,19.436943,19.454590,19.153984,19.277893,19.277893,19.189407,19.277893,19.136261,18.923340,18.781090,18.245445,18.388626,18.155830,17.760384,17.543900,17.363060,16.836464,16.562805,16.251610,15.957695,15.607391,15.607391,15.311302,15.144333,15.014244,14.958420,14.977043,14.977043,14.902580,15.014244,14.921196,14.995636,15.032837,15.032837,14.921196,15.070015,14.772133,14.865326,14.939812,14.902580,14.977043,14.977043,14.921196,14.939812,14.921196,15.014244,14.865326,14.921196,14.977043,14.921196,14.995636,15.125755,14.921196,15.125755,14.846703,14.921196,14.790794,15.107178,14.883965,14.958420,14.809425,14.977043,14.790794,14.846703,14.902580,14.939812,14.772133,14.809425,14.716171,14.902580,14.883965,14.697517,14.828064,14.865326,14.883965,14.828064,14.678848,14.883965,14.790794,14.772133,14.716171,14.958420,14.660179,14.995636,14.828064,14.790794,14.846703,14.753487,14.921196,14.846703,15.014244,14.921196,14.921196,14.697517,14.921196,14.809425,14.491982,14.678848,14.846703,14.846703,14.883965,14.753487,14.865326,14.939812,14.753487,14.883965,14.809425,14.977043,14.753487,14.939812,14.622826,14.697517,14.809425,14.828064,15.032837,14.772133,14.977043,14.790794,14.734833,14.734833,14.939812,14.772133,14.790794,14.828064,14.939812,14.790794,14.697517,14.865326,14.846703,14.772133,14.716171,14.734833,14.772133,14.828064,14.790794,14.902580,14.716171,14.828064,14.939812,14.939812,14.846703,14.902580,14.921196,15.125755,15.014244,15.070015,14.828064,14.939812,15.032837,15.107178,14.883965,15.032837,14.902580,14.809425,14.921196,14.977043,14.921196,14.958420,14.939812,14.921196,14.902580,14.790794,14.622826,14.939812,14.697517,14.939812,14.809425,14.734833,14.734833,14.641502,14.828064,14.734833,14.734833,14.622826,14.641502,14.865326,14.846703,14.958420,15.014244,15.032837,15.125755,15.107178,15.070015,14.902580,15.014244,14.977043,15.162895,15.051422,14.958420,14.697517,14.604141,14.622826,14.753487,14.734833,14.660179,14.678848,14.697517,14.622826,14.641502,14.604141,14.883965,14.697517,14.734833,14.809425,14.790794,14.753487,14.734833,14.697517,14.660179,14.753487,14.939812,14.828064,14.753487,14.809425,14.846703,14.697517,14.846703,14.753487,14.734833,14.641502,14.641502,14.846703,14.772133,14.772133,14.772133,14.790794,14.846703,14.678848,14.548080,14.883965,14.809425,14.678848,14.753487,14.790794,14.697517,14.753487,14.883965,14.772133,14.939812,14.734833,14.641502,14.734833,14.660179,14.846703,14.921196,14.734833,14.716171,14.734833,14.809425,14.678848,14.753487,14.790794,14.772133,14.585457,14.809425,14.902580,14.622826,14.529381,14.716171,14.790794,14.828064,14.977043,14.772133,14.697517,15.107178,14.697517,14.902580,14.548080,14.809425,14.697517,14.790794,14.846703,14.846703,14.921196,14.473274,14.678848,14.753487,14.734833,14.697517,14.865326,14.716171,14.828064,14.660179,14.772133,14.697517,14.734833,14.678848,14.902580,14.809425,14.809425,14.865326,14.958420,14.790794,14.846703,14.902580,14.883965,14.902580,14.865326,14.809425,14.902580,14.790794,14.995636,15.144333,14.828064,15.070015,15.014244,15.051422,14.883965,14.790794,14.939812,14.958420,15.014244,
15.218575,15.218575,15.255684,15.162895,14.958420,15.070015,14.902580,14.995636,14.977043,15.088600,14.734833,14.995636,15.070015,15.218575,14.772133,14.846703,14.865326,14.790794,14.734833,15.200020,15.032837,15.181458,15.625862,15.533455,16.123146,16.434807,16.635872,17.091087,17.471611,18.012245,18.137894,18.656418,18.692055,19.189407,19.472237,19.595665,19.666115,20.105003,19.754082,19.964821,19.964821,20.069977,20.140007,20.367180,20.157509,20.489220,20.471802,20.541473,20.489220,20.419502,20.506645,20.715385,20.715385,20.471802,20.992851,20.888908,20.715385,21.131203,20.975533,21.113914,20.940895,21.131203,21.252068,21.113914,21.269310,21.355507,21.476021,21.355507,21.096642,21.269310,21.493217,21.458817,21.441612,21.613518,21.716469,21.458817,21.750755,21.665016,21.647850,21.630684,21.785027,21.716469,21.716469,21.887764,21.853539,21.802162,21.767891,21.819290,21.990349,22.041588,21.802162,21.956161,21.990349,22.007431,21.939064,22.092789,22.109856,22.092789,22.126915,22.041588,21.956161,22.280251,22.126915,21.956161,21.956161,22.092789,22.041588,22.075729,22.041588,21.870644,21.836411,21.939064,22.075729,22.126915,22.007431,22.007431,21.921967,22.024513,22.058662,21.990349,21.939064,22.109856,21.887764,22.041588,22.092789,22.263237,22.126915,22.041588,22.092789,22.126915,22.092789,22.007431,22.075729,22.126915,22.178062,22.024513,22.058662,22.075729,22.024513,22.229179,22.092789,22.280251,22.212143,22.416298,22.314293,22.399300,22.178062,22.297272,22.178062,22.195107,22.092789,22.178062,22.058662,22.007431,22.161018,22.246208,22.075729,22.109856,22.212143,22.058662,22.280251,22.382309,22.178062,22.126915,22.109856,22.178062,22.212143,22.348305,22.058662,22.195107,22.365303,22.331291,22.229179,22.348305,22.416298,22.246208,22.280251,22.399300,22.348305,22.501198,22.297272,22.314293,22.348305,22.501198,22.331291,22.297272,22.399300,22.314293,22.246208,22.365303,22.416298,22.280251,22.314293,22.280251,22.399300,22.178062,22.365303,22.263237,22.229179,22.297272,22.365303,22.246208,22.314293,22.143959,22.075729,22.280251,22.280251,22.246208,22.092789,22.109856,22.246208,22.195107,22.280251,22.212143,22.109856,22.280251,22.126915,22.331291,22.024513,22.263237,22.263237,22.161018,22.365303,22.297272,22.280251,22.297272,22.246208,22.297272,22.246208,22.365303,22.297272,22.161018,22.229179,22.161018,22.348305,22.195107,22.229179,22.467247,22.586006,22.535133,22.484222,22.382309,22.365303,22.484222,22.365303,22.501198,22.569054,22.382309,22.569054,22.535133,22.365303,22.450264,22.552086,22.416298,22.569054,22.314293,22.433289,22.331291,22.161018,22.195107,21.939064,21.990349,21.785027,21.716469,21.630684,21.561981,21.630684,21.579163,21.493217,21.579163,21.613518,21.647850,21.630684,21.647850,21.613518,21.561981,21.579163,21.613518,21.630684,21.561981,21.458817,21.407181,21.234810,21.183029,21.079346,21.079346,20.854233,20.802200,20.593697,20.506645,20.732758,20.645866,20.558884,20.715385,20.698021,20.784843,20.802200,20.628487,20.958221,20.958221,21.148476,20.836899,21.010155,21.044754,20.958221,20.888908,20.940895,20.628487,20.767487,20.576286,20.454369,20.767487,20.349724,20.489220,20.262413,20.419502,20.122513,20.034943,19.999893,20.017418,20.087494,19.947273,19.771667,19.683716,19.736496,19.595665,19.595665,19.489883,19.613289,19.419281,19.313263,19.472237,19.242508,19.224815,19.242508,19.171692,18.887802,18.870033,18.674240,18.317062,18.137894,17.850410,17.453522,17.417351,16.891090,16.562805,16.251610,16.086403,15.699715,15.459480,15.181458,15.107178,15.218575,15.181458,14.958420,14.828064,14.790794,15.014244,15.107178,14.865326,14.772133,14.995636,14.865326,14.958420,14.809425,15.181458,15.014244,15.014244,14.902580,14.958420,15.014244,14.977043,14.846703,15.014244,15.032837,15.014244,14.865326,14.883965,15.088600,14.958420,14.790794,14.828064,15.051422,14.995636,14.846703,14.883965,14.939812,14.958420,14.828064,14.939812,14.883965,14.883965,14.772133,14.828064,14.828064,14.734833,14.734833,14.921196,14.772133,14.939812,14.716171,14.846703,14.846703,14.865326,14.939812,14.809425,14.828064,14.939812,14.828064,14.846703,14.809425,15.014244,14.865326,14.883965,14.865326,14.902580,14.772133,14.883965,14.790794,14.977043,14.883965,14.846703,14.977043,14.641502,15.014244,14.902580,14.846703,14.902580,14.902580,14.921196,14.828064,14.958420,14.883965,14.902580,14.846703,14.958420,14.772133,14.753487,14.902580,14.865326,14.809425,15.088600,14.846703,14.865326,15.014244,14.977043,14.865326,15.070015,14.958420,14.846703,14.958420,14.828064,14.865326,14.846703,14.921196,14.753487,14.846703,14.902580,14.697517,14.883965,15.014244,14.902580,14.809425,14.716171,14.865326,14.753487,14.772133,15.014244,14.865326,14.883965,14.790794,14.846703,14.958420,14.995636,15.070015,14.939812,14.883965,14.809425,14.828064,14.977043,14.958420,14.846703,14.828064,14.921196,14.734833,14.939812,14.846703,14.939812,14.921196,14.790794,14.828064,14.865326,14.379669,14.977043,14.660179,14.772133,14.846703,14.604141,14.641502,14.604141,14.809425,14.809425,14.828064,14.846703,14.716171,15.088600,15.051422,15.125755,15.070015,15.237137,14.977043,15.014244,15.088600,15.200020,15.107178,15.311302,14.958420,14.995636,14.772133,14.660179,14.809425,14.753487,14.697517,14.809425,14.697517,14.585457,14.641502,14.846703,14.921196,14.790794,14.865326,14.995636,14.734833,14.865326,14.753487,14.865326,14.902580,14.828064,14.902580,14.902580,15.051422,14.939812,14.660179,14.753487,14.697517,14.716171,14.865326,14.809425,14.734833,14.828064,14.828064,14.828064,14.865326,14.753487,14.790794,14.865326,14.883965,14.622826,14.846703,14.846703,14.734833,14.883965,14.846703,14.753487,14.697517,14.753487,14.660179,14.622826,14.772133,14.678848,14.734833,14.828064,14.660179,14.828064,14.921196,14.678848,14.622826,14.734833,14.585457,14.678848,14.734833,14.846703,14.790794,14.958420,14.734833,14.697517,14.809425,14.604141,14.809425,14.790794,14.716171,14.883965,14.865326,14.883965,14.846703,14.865326,14.604141,14.846703,14.753487,14.772133,14.902580,14.809425,14.790794,14.529381,14.790794,14.753487,14.697517,14.678848,14.865326,14.697517,14.921196,14.790794,14.734833,14.772133,14.660179,14.697517,14.865326,14.585457,14.697517,14.809425,14.865326,14.939812,14.995636,14.921196,14.977043,14.995636,14.883965,14.790794,14.678848,14.809425,14.902580,14.790794,14.883965,14.921196,14.921196,14.865326,14.883965,14.939812,14.734833,15.051422,
15.162895,15.088600,15.088600,15.162895,14.958420,14.902580,14.921196,14.977043,14.883965,14.995636,14.828064,15.088600,14.865326,15.125755,14.883965,14.883965,14.790794,14.846703,14.902580,15.070015,15.107178,15.237137,15.366905,15.588913,16.123146,16.379883,16.471397,16.909286,17.290627,17.904396,18.119965,18.477982,18.709869,19.118538,19.277893,19.648506,19.648506,19.982353,19.789246,19.947273,19.999893,20.034943,20.140007,20.297348,20.436943,20.402061,20.297348,20.663254,20.558884,20.489220,20.471802,20.906242,20.680634,20.836899,20.802200,20.836899,20.802200,20.836899,20.906242,21.113914,21.044754,21.217552,21.044754,21.113914,21.441612,21.372734,21.303802,21.476021,21.424393,21.476021,21.476021,21.424393,21.476021,21.561981,21.596336,21.630684,21.458817,21.699318,21.579163,21.665016,21.493217,21.802162,21.630684,21.682167,21.956161,22.007431,21.750755,21.990349,21.785027,21.785027,21.904861,21.939064,21.973259,22.109856,22.007431,22.041588,22.092789,21.973259,22.126915,22.178062,21.904861,22.092789,22.007431,22.246208,21.956161,22.024513,22.041588,22.075729,21.921967,22.058662,21.921967,22.092789,21.921967,22.024513,21.870644,21.973259,21.836411,21.990349,22.024513,22.041588,22.246208,21.939064,22.024513,22.075729,22.143959,21.853539,22.246208,22.126915,22.041588,22.109856,22.109856,22.178062,21.921967,22.041588,22.126915,22.229179,22.195107,22.143959,22.212143,22.280251,22.229179,22.161018,22.263237,22.263237,22.331291,22.399300,22.331291,22.399300,22.297272,22.126915,22.297272,22.143959,22.161018,22.212143,22.348305,22.178062,22.382309,22.331291,22.195107,22.075729,22.195107,22.229179,22.229179,22.212143,22.024513,22.161018,22.178062,22.178062,22.263237,22.195107,22.212143,22.229179,22.433289,22.569054,22.280251,22.484222,22.518166,22.416298,22.246208,22.399300,22.263237,22.365303,22.348305,22.450264,22.399300,22.331291,22.109856,22.297272,22.229179,22.212143,22.416298,22.212143,22.263237,22.229179,22.365303,22.365303,22.297272,22.433289,22.195107,22.280251,22.348305,22.314293,22.314293,22.195107,22.212143,22.467247,22.229179,22.314293,22.195107,22.433289,22.178062,22.297272,22.161018,22.331291,22.314293,22.331291,22.348305,22.467247,22.348305,22.365303,22.399300,22.602951,22.314293,22.586006,22.501198,22.433289,22.365303,22.229179,22.399300,22.331291,22.331291,22.314293,22.331291,22.382309,22.280251,22.467247,22.399300,22.331291,22.535133,22.552086,22.314293,22.552086,22.535133,22.552086,22.416298,22.467247,22.535133,22.484222,22.518166,22.602951,22.569054,22.535133,22.586006,22.518166,22.552086,22.433289,22.212143,22.382309,22.399300,21.990349,22.126915,21.921967,21.939064,21.819290,21.819290,21.682167,21.476021,21.870644,21.613518,21.647850,21.665016,21.647850,21.647850,21.544792,21.699318,21.458817,21.579163,21.527603,21.682167,21.372734,21.596336,21.286568,21.113914,21.217552,20.975533,20.992851,20.975533,20.836899,20.698021,20.680634,20.419502,20.663254,20.628487,20.645866,20.541473,20.680634,20.767487,20.802200,20.854233,20.975533,20.906242,21.027458,21.096642,20.958221,20.940895,21.096642,20.958221,20.819542,20.871582,20.854233,20.784843,20.558884,20.454369,20.489220,20.436943,20.332268,20.087494,20.157509,20.017418,19.982353,19.912178,19.999893,19.771667,19.701309,19.824394,19.613289,19.630898,19.454590,19.542793,19.330948,19.383957,19.277893,19.436943,19.224815,19.224815,18.941109,18.994377,18.887802,18.513702,18.388626,17.940361,17.706314,17.634163,17.435440,17.036591,16.617607,16.159874,15.902481,15.662788,15.292770,15.181458,15.107178,14.939812,15.014244,14.772133,14.846703,14.939812,14.958420,15.051422,15.070015,14.846703,14.902580,14.902580,14.977043,14.958420,14.958420,14.995636,14.958420,14.977043,14.995636,15.070015,14.902580,14.846703,15.014244,14.883965,14.809425,14.828064,14.865326,14.846703,15.218575,14.995636,14.865326,15.070015,15.014244,14.809425,15.088600,15.088600,14.902580,14.828064,14.902580,14.995636,14.995636,14.809425,14.828064,14.846703,14.995636,14.902580,14.846703,14.678848,14.622826,14.846703,14.716171,14.790794,14.883965,14.828064,14.846703,14.921196,14.809425,14.678848,14.846703,14.585457,14.790794,14.660179,14.921196,14.790794,14.865326,14.641502,14.846703,14.865326,14.883965,14.828064,14.939812,14.958420,14.772133,14.548080,14.753487,14.772133,14.977043,14.753487,14.939812,14.958420,14.902580,14.678848,14.716171,14.734833,14.902580,14.958420,14.883965,14.660179,14.921196,14.734833,15.051422,14.828064,14.772133,14.902580,14.939812,14.753487,14.846703,14.865326,14.809425,14.772133,14.734833,14.772133,14.846703,14.772133,14.828064,14.939812,14.865326,14.641502,14.809425,14.716171,14.921196,14.902580,14.753487,14.697517,14.865326,14.883965,14.697517,14.902580,14.828064,14.902580,14.790794,14.939812,14.772133,14.883965,14.958420,14.753487,14.977043,14.660179,15.051422,14.995636,14.809425,14.977043,14.883965,15.070015,14.977043,14.734833,14.883965,14.939812,14.939812,14.734833,14.790794,14.753487,14.454552,14.641502,14.828064,14.323463,14.566772,14.772133,14.716171,14.491982,14.566772,14.622826,14.734833,14.753487,14.753487,15.014244,15.032837,14.977043,15.088600,14.977043,14.846703,14.958420,15.274223,15.144333,14.939812,14.958420,14.902580,14.977043,14.734833,14.697517,14.622826,14.734833,14.716171,14.846703,14.678848,14.548080,14.548080,14.753487,14.473274,14.828064,14.734833,14.678848,14.753487,14.846703,14.846703,14.790794,14.809425,14.697517,14.641502,14.828064,14.716171,14.772133,14.641502,15.032837,14.566772,14.790794,14.734833,14.660179,14.716171,14.716171,14.772133,14.809425,14.921196,14.716171,14.828064,14.716171,14.753487,14.585457,14.753487,14.697517,14.828064,14.604141,14.604141,14.734833,14.828064,14.641502,15.051422,14.753487,14.697517,14.622826,14.473274,14.604141,14.753487,14.753487,14.697517,14.641502,14.622826,14.641502,14.697517,14.622826,14.716171,14.828064,14.734833,14.697517,14.753487,14.716171,14.883965,14.883965,14.977043,14.660179,14.828064,14.809425,14.622826,14.678848,14.678848,14.660179,14.809425,14.772133,14.678848,14.790794,14.772133,14.641502,14.790794,14.865326,14.716171,14.660179,14.846703,14.622826,14.622826,14.566772,14.809425,14.958420,14.697517,14.977043,14.734833,14.734833,14.921196,14.734833,14.883965,14.716171,14.772133,14.883965,14.716171,14.828064,14.772133,15.144333,14.939812,14.697517,14.883965,14.939812,15.014244,14.865326,14.995636,14.995636,14.977043,15.107178,15.051422,15.014244,15.070015,
15.014244,15.032837,15.107178,15.014244,14.865326,14.939812,15.162895,15.237137,14.958420,15.070015,14.958420,15.032837,15.051422,15.144333,15.088600,15.088600,14.921196,14.921196,14.977043,14.995636,15.088600,15.329842,15.662788,15.644325,16.086403,16.159874,16.763573,16.909286,17.652206,17.670250,18.263351,18.495850,18.549400,19.153984,19.401619,19.472237,19.436943,19.824394,20.105003,20.034943,20.157509,19.964821,20.227455,20.367180,20.262413,20.332268,20.297348,20.436943,20.454369,20.471802,20.436943,20.663254,20.698021,20.767487,20.836899,20.975533,20.958221,20.854233,21.010155,21.079346,20.854233,21.217552,21.217552,21.183029,21.113914,21.355507,21.355507,21.217552,21.252068,21.458817,21.234810,21.476021,21.527603,21.630684,21.458817,21.750755,21.441612,21.665016,21.665016,21.665016,21.665016,21.630684,21.750755,21.716469,21.939064,21.750755,21.647850,21.853539,21.836411,21.853539,21.819290,21.904861,21.904861,22.109856,22.024513,21.921967,22.263237,22.109856,22.007431,22.075729,22.075729,22.007431,22.092789,22.143959,21.887764,22.161018,22.024513,21.990349,21.990349,21.887764,21.733620,21.990349,22.024513,22.024513,21.836411,21.870644,21.973259,21.921967,21.921967,21.887764,21.973259,22.126915,22.075729,22.212143,22.058662,22.246208,22.092789,21.990349,22.126915,21.853539,22.075729,22.178062,22.024513,22.024513,22.212143,21.973259,22.178062,22.263237,22.075729,22.229179,22.416298,22.365303,22.416298,22.450264,22.348305,22.297272,22.433289,22.501198,22.263237,22.467247,22.229179,22.399300,22.365303,22.314293,22.161018,22.331291,22.161018,22.399300,22.229179,22.195107,22.297272,22.195107,22.399300,22.126915,22.212143,22.246208,22.178062,22.126915,22.143959,22.161018,22.161018,22.263237,22.246208,22.297272,22.348305,22.297272,22.433289,22.569054,22.365303,22.484222,22.467247,22.348305,22.365303,22.467247,22.433289,22.518166,22.212143,22.416298,22.263237,22.314293,22.246208,22.331291,22.195107,22.212143,22.416298,22.416298,22.143959,22.331291,22.331291,22.297272,22.143959,22.143959,22.297272,22.280251,22.246208,22.263237,22.297272,22.365303,22.280251,22.348305,22.229179,22.399300,22.348305,22.297272,22.484222,22.602951,22.467247,22.433289,22.416298,22.518166,22.518166,22.602951,22.535133,22.586006,22.433289,22.602951,22.535133,22.467247,22.467247,22.602951,22.348305,22.348305,22.535133,22.314293,22.365303,22.484222,22.450264,22.467247,22.450264,22.297272,22.348305,22.467247,22.501198,22.450264,22.602951,22.433289,22.535133,22.704575,22.348305,22.535133,22.535133,22.399300,22.467247,22.399300,22.246208,22.365303,22.331291,22.263237,22.331291,22.041588,21.973259,21.904861,22.007431,21.836411,21.767891,21.785027,21.647850,21.441612,21.493217,21.836411,21.767891,21.441612,21.493217,21.493217,21.527603,21.682167,21.596336,21.561981,21.579163,21.544792,21.476021,21.321045,21.234810,21.165756,21.079346,20.975533,20.819542,20.784843,20.819542,20.645866,20.541473,20.576286,20.541473,20.611084,20.524055,20.715385,20.680634,20.836899,20.871582,20.802200,21.027458,21.044754,20.854233,20.992851,20.940895,20.871582,20.975533,20.888908,20.836899,20.715385,20.576286,20.593697,20.419502,20.419502,20.454369,20.157509,20.227455,20.262413,20.297348,19.912178,19.806816,19.666115,19.877083,19.701309,19.771667,19.560417,19.630898,19.348618,19.419281,19.277893,19.242508,19.295586,19.118538,19.313263,19.136261,18.923340,19.012123,18.745483,18.495850,18.424385,18.084076,17.796410,17.543900,17.290627,16.818245,16.599342,16.361572,15.994492,15.644325,15.403938,15.274223,15.162895,14.939812,15.070015,14.939812,14.958420,15.014244,14.790794,14.921196,15.032837,14.828064,14.939812,14.865326,14.995636,15.088600,14.977043,15.070015,14.753487,14.865326,14.958420,14.660179,14.865326,14.958420,14.995636,15.162895,14.939812,15.088600,15.088600,14.977043,14.790794,14.921196,14.977043,14.828064,14.883965,14.865326,14.977043,14.883965,14.958420,14.697517,14.883965,14.995636,14.828064,14.902580,15.014244,14.828064,14.734833,14.753487,14.865326,14.753487,14.716171,14.939812,14.678848,14.865326,14.828064,14.660179,14.660179,14.660179,14.622826,14.790794,14.809425,14.660179,14.809425,14.772133,14.883965,14.716171,14.716171,14.883965,14.790794,14.902580,14.678848,14.828064,14.846703,14.939812,14.809425,14.753487,14.809425,14.902580,14.977043,14.716171,14.790794,14.809425,14.902580,14.939812,14.828064,14.883965,14.828064,14.753487,14.809425,14.790794,15.032837,14.697517,14.790794,14.846703,14.828064,14.846703,14.883965,14.809425,14.772133,14.753487,14.883965,14.939812,14.753487,14.734833,14.846703,14.883965,14.697517,14.828064,14.828064,14.734833,14.865326,15.032837,14.865326,14.716171,14.828064,14.809425,14.809425,14.734833,14.921196,14.865326,14.939812,14.865326,14.846703,15.032837,14.809425,14.902580,14.921196,14.977043,14.939812,14.995636,14.921196,14.790794,14.883965,14.678848,15.051422,14.865326,14.883965,15.144333,14.995636,14.977043,14.921196,14.697517,14.716171,14.641502,14.660179,14.716171,14.622826,14.548080,14.604141,14.697517,14.529381,14.660179,14.510681,14.548080,14.678848,14.734833,14.977043,14.939812,15.107178,14.902580,15.051422,15.107178,15.070015,15.014244,15.200020,14.995636,14.995636,14.958420,14.809425,14.995636,14.995636,14.828064,14.865326,14.753487,14.697517,14.753487,14.734833,14.641502,14.828064,14.828064,14.697517,14.902580,14.883965,14.995636,14.902580,14.622826,15.051422,14.753487,14.809425,14.865326,14.939812,14.529381,14.641502,14.548080,14.958420,14.772133,14.809425,14.828064,14.716171,14.772133,14.865326,14.939812,14.697517,14.958420,14.548080,14.716171,14.846703,14.921196,14.716171,14.809425,14.753487,14.753487,14.697517,14.753487,14.828064,14.622826,14.828064,14.790794,14.678848,14.678848,14.753487,14.585457,14.772133,14.529381,14.790794,14.604141,14.883965,14.846703,14.734833,14.660179,14.921196,14.734833,14.772133,14.660179,14.753487,14.753487,14.772133,14.678848,14.697517,14.716171,14.902580,14.660179,14.977043,14.846703,14.772133,14.865326,14.809425,14.697517,14.790794,14.604141,14.716171,14.678848,14.604141,14.734833,14.753487,14.809425,14.883965,14.585457,14.828064,14.660179,14.641502,14.790794,14.790794,14.660179,14.734833,14.809425,14.753487,14.883965,14.939812,14.846703,14.828064,14.883965,14.846703,15.070015,14.921196,14.977043,14.790794,14.865326,14.995636,14.753487,15.014244,14.883965,14.921196,14.958420,14.828064,14.809425,14.883965,14.977043,14.958420,15.014244,15.237137,
15.496475,15.070015,15.200020,14.958420,14.958420,14.772133,15.032837,14.977043,14.921196,15.107178,14.939812,14.939812,15.032837,14.977043,14.846703,14.846703,14.939812,14.902580,15.144333,15.255684,15.125755,15.366905,15.551949,15.718163,15.865646,16.379883,16.544525,17.145554,17.236252,17.778404,18.137894,18.209602,18.585091,19.047615,19.419281,19.595665,19.595665,19.683716,19.982353,19.824394,20.017418,20.069977,20.105003,20.279877,20.402061,20.262413,20.454369,20.471802,20.489220,20.471802,20.802200,20.645866,20.663254,20.784843,20.888908,20.871582,20.750122,21.062057,21.010155,21.062057,21.079346,21.217552,21.010155,21.217552,21.355507,21.252068,21.062057,21.269310,21.355507,21.407181,21.424393,21.252068,21.510414,21.338272,21.647850,21.407181,21.544792,21.579163,21.579163,21.596336,21.665016,21.682167,21.596336,21.836411,21.853539,21.887764,21.870644,21.853539,21.767891,21.956161,21.836411,21.973259,21.956161,21.990349,21.870644,22.041588,22.109856,21.973259,22.041588,22.058662,22.092789,21.990349,21.973259,21.973259,22.024513,22.075729,21.939064,21.887764,21.921967,21.836411,21.956161,22.109856,21.956161,21.990349,21.785027,21.887764,21.921967,22.058662,21.973259,22.007431,22.092789,22.075729,22.143959,22.297272,22.297272,22.007431,22.092789,22.075729,21.973259,22.178062,22.007431,22.092789,22.195107,22.092789,22.075729,22.126915,22.212143,22.161018,22.161018,22.212143,22.143959,22.297272,22.246208,22.178062,22.331291,22.246208,22.143959,22.212143,22.280251,22.143959,22.195107,22.092789,22.161018,22.297272,22.229179,22.161018,22.178062,22.143959,22.212143,21.973259,22.195107,22.161018,22.263237,22.075729,22.212143,22.178062,22.041588,22.126915,22.075729,22.331291,22.314293,22.126915,22.126915,22.297272,22.331291,22.280251,22.297272,22.297272,22.314293,22.229179,22.399300,22.501198,22.297272,22.348305,22.416298,22.331291,22.246208,22.314293,22.263237,22.348305,22.314293,22.161018,22.229179,22.126915,22.263237,22.484222,22.161018,22.126915,22.212143,22.126915,22.195107,22.297272,22.229179,22.314293,22.416298,22.348305,22.263237,22.280251,22.195107,22.450264,22.399300,22.280251,22.280251,22.399300,22.484222,22.518166,22.501198,22.602951,22.501198,22.416298,22.602951,22.416298,22.602951,22.569054,22.619896,22.484222,22.552086,22.535133,22.653778,22.535133,22.501198,22.450264,22.501198,22.535133,22.416298,22.467247,22.433289,22.518166,22.297272,22.399300,22.450264,22.450264,22.501198,22.518166,22.416298,22.484222,22.416298,22.619896,22.467247,22.586006,22.484222,22.416298,22.450264,22.416298,22.535133,22.433289,22.263237,22.161018,22.229179,22.024513,21.973259,21.973259,21.921967,21.802162,21.785027,21.682167,21.561981,21.561981,21.716469,21.544792,21.527603,21.630684,21.407181,21.544792,21.630684,21.682167,21.613518,21.527603,21.510414,21.510414,21.407181,21.389961,21.303802,21.200287,21.131203,20.923576,20.871582,20.732758,20.645866,20.680634,20.436943,20.680634,20.680634,20.558884,20.732758,20.767487,20.541473,20.836899,20.819542,20.906242,20.836899,20.836899,20.923576,20.871582,21.044754,20.923576,20.906242,20.888908,20.715385,20.750122,20.680634,20.541473,20.541473,20.454369,20.402061,20.384621,20.105003,20.209976,19.964821,19.982353,20.034943,19.771667,19.754082,19.666115,19.648506,19.560417,19.525154,19.436943,19.330948,19.507530,19.313263,19.207108,19.153984,19.313263,19.313263,19.189407,19.083084,18.816673,18.513702,18.263351,18.084076,17.886406,17.634163,17.525826,16.872887,16.781799,16.269951,15.920883,15.699715,15.644325,15.237137,15.162895,14.977043,15.014244,14.939812,15.014244,15.088600,14.865326,15.144333,15.107178,15.070015,14.958420,14.958420,14.958420,14.977043,15.014244,14.977043,14.883965,15.032837,14.921196,14.865326,14.995636,14.865326,15.070015,14.995636,14.902580,14.772133,15.014244,15.032837,14.828064,14.995636,14.865326,14.995636,14.902580,14.977043,14.977043,14.921196,14.846703,14.753487,15.070015,14.921196,14.921196,14.977043,14.883965,14.772133,14.790794,14.977043,14.809425,14.902580,15.125755,14.977043,14.865326,14.828064,14.883965,14.865326,14.828064,14.809425,14.790794,14.846703,14.883965,14.809425,14.753487,14.734833,14.772133,14.716171,14.865326,14.809425,14.809425,14.734833,14.846703,14.753487,14.977043,14.734833,14.958420,14.828064,14.828064,14.921196,14.995636,14.846703,14.939812,14.828064,14.902580,14.865326,14.734833,14.678848,14.883965,14.697517,14.697517,14.846703,14.753487,14.828064,14.716171,14.734833,15.014244,14.716171,14.809425,14.678848,14.958420,15.014244,14.939812,14.790794,14.772133,14.846703,14.846703,14.846703,14.790794,14.828064,14.921196,14.641502,14.828064,14.846703,14.883965,14.772133,14.846703,14.865326,14.697517,14.790794,14.790794,14.734833,14.846703,14.828064,14.939812,14.753487,14.828064,14.995636,14.902580,14.902580,14.734833,14.846703,15.162895,14.865326,14.977043,14.958420,14.865326,14.921196,15.032837,14.846703,15.014244,15.107178,14.939812,14.809425,14.846703,14.921196,14.566772,14.828064,14.660179,14.716171,14.846703,14.604141,14.622826,14.604141,14.660179,14.585457,14.641502,14.902580,14.921196,14.995636,15.125755,15.088600,15.162895,15.032837,15.014244,15.181458,15.125755,15.014244,15.051422,14.921196,14.772133,14.958420,14.902580,14.939812,14.828064,14.977043,14.828064,14.604141,14.697517,14.566772,14.790794,14.716171,14.772133,14.772133,14.772133,14.958420,14.734833,14.697517,14.716171,14.939812,14.734833,14.846703,14.548080,14.697517,14.902580,14.828064,14.846703,14.734833,14.809425,14.585457,14.828064,14.753487,14.678848,14.716171,14.902580,14.902580,14.716171,14.939812,14.772133,14.772133,14.678848,14.641502,14.753487,14.716171,14.678848,14.846703,14.790794,14.473274,14.828064,14.622826,14.660179,14.753487,14.828064,14.622826,14.622826,14.734833,14.697517,14.716171,14.809425,14.548080,14.585457,14.566772,14.716171,14.753487,14.958420,14.734833,14.716171,14.604141,14.734833,14.716171,14.529381,14.809425,14.660179,14.828064,14.809425,14.734833,14.660179,14.753487,14.883965,14.790794,14.697517,14.772133,14.622826,14.734833,14.790794,14.585457,14.772133,14.697517,14.678848,14.678848,14.697517,14.809425,14.734833,14.865326,14.734833,14.846703,14.734833,14.828064,14.585457,14.809425,14.641502,15.070015,14.772133,14.753487,14.865326,14.939812,14.846703,14.697517,14.697517,14.883965,14.865326,15.014244,14.809425,14.548080,14.995636,15.032837,14.939812,14.958420,14.958420,15.051422,14.828064,14.939812,15.403938,
15.070015,15.014244,14.902580,15.051422,14.902580,15.014244,15.032837,14.995636,15.255684,15.088600,14.809425,14.939812,15.014244,15.032837,14.902580,15.051422,14.883965,15.014244,15.107178,15.181458,14.995636,15.237137,15.385422,15.533455,15.865646,16.196571,16.672379,17.072929,17.308739,17.814415,18.119965,18.406502,18.656418,19.224815,19.383957,19.489883,19.578049,19.806816,19.771667,19.877083,19.929733,19.877083,20.174995,20.105003,20.174995,20.454369,20.436943,20.332268,20.419502,20.454369,20.558884,20.802200,20.888908,20.767487,20.819542,20.784843,20.888908,21.027458,20.940895,21.010155,21.286568,21.113914,21.217552,21.269310,21.062057,21.252068,21.286568,21.303802,21.269310,21.441612,21.372734,21.338272,21.441612,21.338272,21.561981,21.458817,21.458817,21.458817,21.733620,21.561981,21.767891,21.819290,21.699318,21.819290,21.785027,21.750755,21.973259,21.802162,21.750755,21.802162,21.819290,21.973259,22.058662,21.990349,22.109856,21.904861,21.853539,22.143959,22.041588,21.973259,22.024513,22.024513,22.058662,22.024513,22.024513,22.195107,22.126915,22.075729,22.109856,21.990349,22.058662,22.041588,21.853539,21.904861,22.092789,21.904861,21.904861,22.195107,21.973259,21.956161,22.075729,22.024513,22.143959,22.348305,22.058662,22.280251,22.143959,22.007431,21.956161,21.956161,22.007431,22.109856,22.058662,22.007431,22.041588,21.990349,22.092789,22.263237,22.229179,22.229179,22.075729,22.263237,22.161018,22.331291,22.109856,22.314293,22.331291,22.246208,22.263237,22.143959,22.178062,22.399300,22.024513,22.280251,22.126915,22.161018,22.212143,22.195107,22.178062,22.178062,22.126915,22.229179,22.195107,21.956161,22.143959,22.109856,22.075729,22.007431,22.126915,22.109856,22.075729,22.195107,22.229179,22.161018,22.229179,22.126915,22.212143,22.143959,22.263237,22.331291,22.297272,22.331291,22.314293,22.212143,22.212143,22.246208,22.178062,22.280251,22.195107,22.178062,22.229179,22.314293,22.143959,22.143959,22.212143,22.178062,22.195107,22.126915,22.143959,22.212143,22.246208,22.212143,22.229179,22.331291,22.246208,22.382309,22.331291,22.263237,22.212143,22.263237,22.348305,22.518166,22.280251,22.433289,22.399300,22.653778,22.586006,22.501198,22.484222,22.501198,22.552086,22.619896,22.619896,22.586006,22.704575,22.721489,22.552086,22.552086,22.518166,22.552086,22.450264,22.229179,22.602951,22.484222,22.552086,22.450264,22.484222,22.586006,22.467247,22.602951,22.535133,22.535133,22.535133,22.331291,22.484222,22.365303,22.586006,22.518166,22.619896,22.518166,22.518166,22.484222,22.433289,22.484222,22.501198,22.484222,22.331291,22.195107,22.092789,22.143959,22.058662,21.990349,21.802162,21.904861,22.007431,21.665016,21.630684,21.372734,21.647850,21.733620,21.613518,21.613518,21.613518,21.699318,21.579163,21.544792,21.493217,21.682167,21.527603,21.716469,21.510414,21.476021,21.183029,21.113914,21.062057,21.027458,20.923576,20.871582,20.836899,20.819542,20.576286,20.489220,20.558884,20.663254,20.506645,20.698021,20.663254,20.854233,20.836899,20.836899,20.836899,20.940895,20.698021,20.940895,20.923576,21.096642,20.871582,20.802200,20.871582,20.784843,20.663254,20.663254,20.332268,20.576286,20.297348,20.489220,20.262413,20.157509,20.209976,20.087494,20.157509,19.894638,19.630898,19.754082,19.701309,19.630898,19.454590,19.489883,19.419281,19.348618,19.348618,19.348618,19.065346,19.224815,19.047615,19.118538,18.816673,18.585091,18.513702,18.513702,18.048164,18.048164,17.598068,17.381157,16.781799,16.635872,16.141510,15.865646,15.625862,15.329842,15.366905,15.144333,15.200020,15.107178,14.865326,14.883965,14.846703,14.828064,14.939812,15.088600,15.070015,15.181458,15.070015,14.977043,14.977043,14.939812,14.995636,14.939812,14.753487,14.902580,14.939812,14.921196,14.828064,14.809425,14.939812,14.939812,14.902580,15.032837,14.977043,14.828064,14.902580,15.162895,14.846703,15.032837,14.921196,14.846703,14.902580,14.883965,14.921196,14.790794,14.846703,14.846703,14.883965,14.828064,14.977043,14.939812,14.883965,14.734833,14.883965,14.828064,14.809425,14.828064,14.790794,14.809425,14.883965,14.772133,14.809425,14.902580,14.865326,14.753487,14.902580,14.772133,14.678848,14.734833,14.921196,15.032837,14.846703,14.660179,14.865326,14.790794,14.921196,14.828064,14.921196,14.809425,14.902580,14.772133,14.716171,14.809425,14.921196,14.622826,14.828064,14.902580,14.772133,14.846703,14.865326,14.828064,14.809425,14.902580,14.772133,15.014244,14.678848,14.902580,14.828064,14.772133,14.734833,14.772133,14.846703,14.846703,14.772133,14.790794,14.734833,14.828064,14.828064,14.828064,14.716171,14.846703,14.809425,14.790794,14.809425,14.753487,14.828064,14.772133,14.678848,14.921196,14.958420,14.809425,14.772133,14.865326,14.734833,14.846703,14.865326,14.846703,14.809425,14.977043,15.125755,14.772133,14.977043,14.939812,14.865326,14.921196,14.734833,14.977043,14.678848,14.883965,15.014244,15.032837,15.032837,14.977043,14.846703,15.032837,14.939812,14.902580,14.734833,14.678848,14.566772,14.790794,14.828064,14.491982,14.753487,14.678848,14.529381,14.529381,14.716171,14.697517,14.716171,15.014244,15.107178,14.921196,14.921196,14.958420,14.921196,15.181458,15.088600,15.162895,14.772133,15.032837,14.902580,14.958420,14.921196,14.809425,14.865326,14.734833,14.678848,14.566772,14.604141,14.641502,14.772133,14.604141,14.809425,14.716171,14.921196,14.734833,15.014244,15.070015,14.753487,14.921196,14.828064,14.846703,14.585457,14.678848,14.828064,14.585457,14.716171,14.902580,14.902580,14.716171,14.716171,14.828064,14.828064,14.678848,14.772133,14.902580,14.828064,14.828064,14.716171,14.753487,14.678848,14.809425,14.772133,14.529381,14.809425,14.865326,14.697517,14.772133,14.809425,14.865326,14.883965,14.753487,14.622826,14.585457,14.753487,14.697517,14.660179,14.790794,14.716171,14.566772,14.790794,14.604141,14.734833,14.772133,14.660179,14.846703,14.939812,14.977043,14.828064,14.585457,14.772133,14.734833,14.697517,14.678848,14.604141,14.678848,14.697517,14.790794,14.939812,14.734833,14.809425,14.660179,14.734833,14.622826,14.734833,14.790794,14.828064,14.734833,14.734833,14.846703,14.828064,14.883965,14.828064,14.809425,14.734833,14.772133,14.790794,14.865326,14.753487,14.883965,14.846703,14.641502,15.032837,14.828064,14.716171,15.125755,14.865326,14.977043,14.902580,14.846703,14.865326,14.846703,15.125755,14.865326,14.846703,14.939812,14.883965,14.939812,14.883965,14.902580,14.734833,14.883965,14.995636,15.311302,
15.181458,14.846703,14.809425,14.958420,15.107178,14.958420,14.772133,14.995636,14.958420,14.977043,14.790794,15.162895,14.809425,15.032837,14.846703,14.883965,14.995636,15.014244,15.181458,15.162895,15.144333,15.329842,15.459480,15.736610,15.847229,16.269951,16.708862,17.218117,17.381157,17.760384,18.066116,18.460121,18.816673,19.100807,19.313263,19.648506,19.947273,19.595665,19.929733,19.894638,19.982353,20.087494,20.122513,20.332268,20.174995,20.419502,20.419502,20.349724,20.541473,20.680634,20.541473,20.332268,20.750122,20.628487,20.854233,20.767487,20.975533,20.888908,21.027458,21.113914,21.027458,21.096642,21.183029,21.183029,21.338272,21.217552,21.252068,21.200287,21.321045,21.113914,21.441612,21.321045,21.458817,21.407181,21.424393,21.493217,21.544792,21.424393,21.665016,21.544792,21.613518,21.527603,21.836411,21.973259,21.767891,21.733620,21.904861,21.853539,21.939064,22.041588,21.819290,22.058662,22.075729,21.973259,21.990349,22.126915,22.109856,22.109856,22.109856,22.024513,21.785027,21.973259,22.229179,22.212143,22.024513,22.007431,21.904861,22.143959,22.024513,21.921967,22.024513,21.990349,22.024513,21.921967,21.956161,21.921967,21.904861,22.007431,22.041588,22.126915,22.075729,21.956161,22.041588,22.092789,22.178062,22.092789,22.075729,21.990349,22.092789,22.280251,21.973259,22.075729,22.041588,21.870644,22.092789,22.178062,22.109856,22.041588,22.092789,22.229179,22.143959,22.229179,22.365303,22.314293,22.212143,22.382309,22.229179,22.178062,22.195107,22.263237,22.229179,22.178062,22.126915,22.041588,22.382309,22.109856,22.195107,22.280251,22.297272,22.178062,22.212143,22.075729,22.109856,22.246208,21.973259,22.092789,21.921967,22.041588,21.921967,21.973259,22.178062,22.126915,22.143959,22.178062,22.024513,22.212143,22.126915,22.246208,22.399300,22.229179,22.212143,21.990349,22.246208,22.331291,22.246208,22.314293,22.246208,22.161018,21.939064,22.109856,22.007431,22.229179,22.126915,21.887764,22.109856,22.092789,22.161018,21.990349,22.280251,22.075729,22.212143,22.178062,22.024513,22.007431,22.092789,22.195107,22.178062,22.161018,22.126915,22.331291,22.280251,22.212143,22.382309,22.229179,22.297272,22.348305,22.467247,22.348305,22.348305,22.399300,22.382309,22.450264,22.365303,22.552086,22.433289,22.535133,22.467247,22.484222,22.297272,22.467247,22.365303,22.331291,22.399300,22.433289,22.416298,22.484222,22.433289,22.484222,22.382309,22.399300,22.484222,22.365303,22.365303,22.331291,22.518166,22.416298,22.501198,22.501198,22.399300,22.484222,22.518166,22.484222,22.535133,22.569054,22.348305,22.433289,22.246208,22.195107,21.956161,22.212143,22.075729,21.887764,21.887764,21.716469,21.665016,21.476021,21.682167,21.613518,21.458817,21.579163,21.630684,21.510414,21.441612,21.544792,21.699318,21.699318,21.561981,21.630684,21.458817,21.372734,21.269310,21.424393,21.338272,21.338272,21.183029,21.131203,20.958221,20.698021,20.663254,20.593697,20.576286,20.767487,20.819542,20.802200,20.784843,20.645866,20.819542,20.975533,20.819542,20.888908,20.906242,20.715385,20.906242,20.906242,20.888908,20.923576,20.802200,20.836899,20.663254,20.593697,20.558884,20.715385,20.593697,20.332268,20.297348,20.332268,20.262413,20.034943,20.227455,20.069977,20.034943,19.877083,19.771667,19.666115,19.789246,19.666115,19.560417,19.419281,19.401619,19.436943,19.472237,19.100807,19.207108,19.295586,19.029869,19.029869,18.905579,18.870033,18.513702,18.209602,17.940361,17.796410,17.688278,17.290627,17.072929,16.562805,16.049652,16.123146,15.570435,15.588913,15.551949,15.311302,15.107178,15.032837,14.995636,14.939812,14.902580,14.883965,15.014244,15.032837,14.995636,15.014244,14.939812,15.014244,14.790794,14.977043,14.939812,14.921196,14.939812,14.977043,14.865326,14.939812,14.716171,14.995636,14.828064,14.921196,14.939812,14.828064,15.014244,14.790794,14.958420,14.846703,14.809425,15.144333,14.828064,14.828064,14.902580,14.809425,14.921196,14.828064,14.977043,14.846703,14.660179,15.088600,14.846703,14.921196,14.902580,14.660179,14.846703,14.828064,15.051422,14.809425,14.865326,14.641502,14.716171,14.846703,15.032837,14.846703,14.734833,14.921196,14.772133,14.846703,14.902580,14.846703,14.846703,14.921196,14.846703,14.790794,14.790794,14.809425,14.921196,14.753487,14.828064,14.772133,14.846703,14.902580,14.883965,14.772133,14.828064,14.828064,14.790794,14.883965,14.902580,14.828064,14.716171,14.846703,14.939812,14.846703,14.734833,14.828064,15.032837,14.790794,14.883965,14.809425,14.678848,14.846703,14.716171,14.790794,14.753487,14.660179,14.846703,14.846703,14.995636,14.828064,14.809425,14.865326,14.772133,14.846703,14.790794,14.809425,14.772133,14.902580,14.678848,14.883965,14.697517,14.865326,14.939812,14.716171,14.772133,14.809425,14.828064,14.753487,14.921196,14.865326,15.051422,14.902580,14.846703,15.014244,14.809425,14.809425,14.977043,14.958420,14.846703,14.790794,15.032837,14.958420,14.790794,14.977043,15.107178,14.865326,14.622826,14.753487,14.883965,14.734833,14.772133,14.939812,14.772133,14.716171,14.641502,14.641502,14.622826,14.753487,14.417122,14.865326,14.977043,14.828064,14.921196,14.995636,14.846703,15.032837,15.125755,14.902580,15.125755,15.107178,14.977043,15.014244,14.883965,15.032837,14.958420,15.014244,14.865326,14.734833,14.790794,14.660179,14.772133,14.828064,14.716171,14.772133,14.697517,14.921196,14.958420,14.753487,14.772133,15.014244,14.883965,14.883965,14.809425,14.809425,14.734833,14.753487,14.678848,14.865326,14.846703,14.734833,14.753487,14.622826,14.566772,14.809425,14.734833,14.566772,14.697517,14.641502,14.585457,14.939812,14.772133,14.995636,14.641502,14.939812,14.473274,14.678848,14.585457,14.790794,14.641502,14.548080,14.772133,14.641502,14.809425,14.790794,14.678848,14.753487,14.734833,14.716171,14.734833,14.566772,14.790794,14.772133,14.585457,14.604141,14.660179,14.660179,14.622826,14.734833,14.641502,14.622826,14.828064,14.716171,14.660179,14.772133,14.622826,14.585457,14.753487,14.921196,14.697517,14.604141,14.809425,14.977043,14.734833,14.809425,14.604141,14.809425,14.772133,14.716171,14.678848,14.548080,14.604141,14.660179,14.753487,14.790794,14.716171,14.734833,14.697517,14.902580,14.790794,14.902580,14.790794,14.697517,14.622826,14.902580,14.716171,14.753487,14.865326,14.921196,14.902580,15.088600,14.883965,14.883965,14.865326,14.734833,14.883965,15.032837,14.790794,14.846703,14.977043,14.939812,14.660179,14.939812,14.865326,14.772133,14.921196,15.014244,
14.977043,15.107178,14.641502,14.995636,15.014244,15.051422,14.902580,14.865326,14.921196,14.846703,14.995636,14.939812,14.921196,15.070015,14.772133,14.995636,14.828064,14.865326,14.958420,15.144333,15.237137,15.162895,15.459480,15.865646,15.828796,16.416496,16.489677,16.909286,17.326851,17.670250,18.173759,18.495850,18.567253,18.887802,19.224815,19.489883,19.436943,19.789246,19.718910,20.069977,19.789246,20.140007,20.069977,20.471802,20.262413,20.436943,20.349724,20.419502,20.349724,20.471802,20.593697,20.558884,20.645866,20.854233,20.663254,20.732758,20.940895,20.923576,21.010155,21.010155,20.836899,21.131203,20.854233,21.252068,21.044754,21.269310,21.252068,21.355507,21.338272,21.286568,21.372734,21.441612,21.234810,21.148476,21.458817,21.682167,21.647850,21.596336,21.596336,21.750755,21.579163,21.716469,21.682167,21.750755,21.785027,21.819290,21.870644,21.939064,21.887764,22.007431,21.921967,21.870644,21.887764,22.075729,21.939064,21.819290,21.939064,22.024513,21.973259,22.143959,22.024513,22.024513,22.007431,22.229179,22.007431,22.126915,21.819290,21.939064,21.853539,22.007431,21.956161,21.921967,21.956161,21.921967,21.990349,21.921967,21.853539,21.973259,22.161018,22.075729,22.143959,22.041588,21.990349,22.075729,22.178062,22.143959,21.939064,22.126915,22.041588,22.126915,22.143959,21.990349,21.990349,22.109856,22.075729,22.041588,22.109856,22.058662,22.092789,22.041588,22.143959,22.229179,22.212143,22.041588,22.246208,22.143959,22.143959,22.195107,22.058662,22.212143,22.195107,22.195107,22.297272,22.314293,22.212143,22.229179,22.092789,22.109856,22.126915,22.229179,22.075729,22.092789,22.195107,21.990349,21.956161,21.973259,21.887764,21.956161,22.041588,22.024513,21.973259,22.041588,22.075729,21.990349,21.990349,22.263237,22.041588,22.092789,22.075729,22.195107,22.058662,22.161018,21.973259,22.007431,22.041588,22.161018,22.058662,22.058662,22.041588,22.024513,22.229179,22.109856,22.161018,22.109856,22.024513,22.212143,22.041588,22.075729,22.212143,22.109856,22.092789,22.212143,22.143959,21.956161,22.143959,22.263237,22.297272,22.229179,22.092789,22.143959,22.178062,22.246208,22.161018,22.280251,22.297272,22.348305,22.484222,22.212143,22.484222,22.501198,22.382309,22.535133,22.348305,22.433289,22.433289,22.348305,22.501198,22.331291,22.602951,22.399300,22.331291,22.280251,22.450264,22.348305,22.450264,22.535133,22.263237,22.382309,22.450264,22.331291,22.450264,22.416298,22.399300,22.382309,22.365303,22.348305,22.433289,22.416298,22.484222,22.382309,22.450264,22.518166,22.619896,22.484222,22.382309,22.297272,22.161018,22.195107,22.178062,22.041588,21.904861,21.682167,21.682167,21.733620,21.682167,21.561981,21.407181,21.527603,21.372734,21.596336,21.665016,21.579163,21.441612,21.647850,21.458817,21.665016,21.647850,21.665016,21.802162,21.493217,21.441612,21.321045,21.355507,21.183029,21.096642,21.062057,20.992851,20.923576,20.698021,20.836899,20.541473,20.663254,20.715385,20.836899,20.471802,20.732758,20.541473,20.680634,20.680634,20.940895,20.906242,20.698021,20.802200,20.940895,20.715385,20.871582,20.992851,20.802200,20.802200,20.611084,20.611084,20.471802,20.541473,20.489220,20.349724,20.262413,20.174995,20.262413,20.087494,19.964821,19.999893,19.912178,19.736496,19.771667,19.771667,19.542793,19.507530,19.436943,19.525154,19.489883,19.295586,19.330948,19.242508,19.207108,19.242508,19.153984,19.012123,18.460121,18.585091,18.388626,18.245445,17.832420,17.543900,17.218117,16.854668,16.526253,16.269951,16.012886,15.514977,15.459480,15.311302,15.255684,15.070015,15.051422,14.828064,14.977043,14.921196,15.032837,14.865326,14.958420,14.809425,15.181458,14.921196,14.809425,14.883965,14.902580,14.958420,15.088600,15.051422,14.995636,15.032837,15.088600,14.809425,14.958420,14.958420,14.995636,14.809425,15.014244,14.958420,14.883965,14.828064,14.939812,14.865326,14.865326,14.846703,15.014244,15.032837,14.939812,14.697517,15.014244,14.883965,15.088600,14.883965,14.772133,14.883965,14.790794,14.902580,14.772133,14.734833,14.828064,14.902580,14.772133,14.772133,14.883965,14.883965,14.641502,14.809425,14.846703,14.995636,14.828064,14.753487,14.828064,14.790794,14.790794,14.846703,14.790794,14.678848,14.809425,14.846703,14.865326,14.828064,14.883965,14.772133,14.809425,14.697517,14.865326,14.772133,14.921196,14.846703,14.977043,14.772133,14.772133,14.809425,14.828064,14.883965,14.772133,14.846703,14.828064,14.846703,14.772133,14.772133,14.790794,14.828064,14.753487,14.939812,14.883965,14.846703,14.790794,14.902580,14.921196,14.716171,14.772133,14.678848,14.902580,14.921196,14.772133,14.939812,14.865326,14.809425,14.790794,15.032837,14.660179,14.865326,14.734833,14.902580,14.790794,14.622826,14.697517,14.902580,14.734833,15.014244,14.902580,14.828064,14.828064,14.902580,14.772133,14.865326,14.995636,14.977043,15.051422,14.883965,15.014244,14.939812,14.921196,15.014244,15.032837,14.660179,15.070015,14.995636,14.865326,14.939812,14.995636,14.678848,14.902580,14.604141,14.473274,14.622826,14.753487,14.660179,14.641502,14.529381,14.772133,14.529381,14.809425,14.846703,14.921196,14.865326,14.977043,15.032837,15.070015,15.125755,15.032837,15.070015,15.200020,15.218575,14.939812,14.846703,14.883965,14.828064,14.865326,14.809425,14.641502,14.734833,14.772133,14.566772,14.790794,14.734833,14.809425,14.716171,14.753487,14.902580,14.604141,14.939812,14.828064,14.622826,14.902580,14.716171,14.958420,14.641502,14.604141,14.604141,14.734833,14.939812,14.529381,14.828064,14.697517,14.566772,14.716171,14.809425,14.772133,14.585457,14.697517,14.678848,14.790794,14.716171,14.641502,14.753487,14.883965,14.529381,14.678848,14.734833,14.660179,14.809425,14.734833,14.697517,14.660179,14.604141,14.809425,14.790794,14.678848,14.865326,14.865326,14.641502,14.716171,14.772133,14.753487,14.622826,14.772133,14.697517,14.753487,14.809425,14.678848,14.660179,14.772133,14.734833,14.846703,14.622826,14.772133,14.809425,14.660179,14.734833,14.697517,14.790794,14.678848,14.697517,14.753487,14.753487,14.678848,14.902580,14.883965,14.660179,14.958420,14.790794,14.641502,14.678848,14.697517,14.865326,14.977043,14.883965,14.697517,14.865326,14.883965,14.809425,14.790794,14.716171,14.809425,14.809425,14.604141,14.939812,14.883965,14.697517,14.883965,14.921196,14.828064,14.939812,14.809425,14.883965,14.939812,14.753487,14.939812,14.828064,14.772133,14.716171,14.734833,14.958420,14.716171,14.828064,14.734833,14.809425,14.921196,
15.162895,15.144333,15.125755,14.883965,15.200020,15.311302,14.846703,15.014244,14.921196,15.088600,14.809425,14.921196,14.939812,15.070015,14.846703,14.977043,14.809425,14.902580,14.772133,15.200020,15.032837,15.570435,15.533455,15.477974,16.068031,16.269951,16.453102,16.891090,17.417351,17.832420,18.102013,18.388626,18.763298,19.260208,19.507530,19.436943,19.894638,19.964821,20.140007,19.947273,19.999893,20.297348,19.999893,20.122513,20.122513,20.332268,20.349724,20.384621,20.262413,20.506645,20.593697,20.767487,20.541473,20.663254,20.975533,20.871582,20.767487,20.854233,21.010155,21.010155,20.750122,20.940895,21.010155,21.148476,21.217552,21.200287,21.148476,21.234810,20.940895,21.183029,21.217552,21.372734,21.269310,21.407181,21.527603,21.441612,21.630684,21.476021,21.682167,21.544792,21.767891,21.802162,21.767891,21.870644,21.785027,21.716469,21.819290,21.870644,21.767891,21.939064,21.853539,21.785027,22.041588,22.092789,21.990349,22.075729,21.853539,21.870644,22.041588,22.058662,22.007431,21.887764,22.109856,21.887764,22.109856,22.092789,22.024513,22.075729,21.921967,21.904861,22.041588,21.836411,22.007431,22.024513,21.921967,21.956161,21.853539,22.024513,22.092789,21.939064,22.075729,22.161018,21.956161,22.024513,22.058662,22.263237,22.092789,22.109856,21.870644,21.973259,22.007431,22.126915,22.075729,21.870644,22.229179,22.041588,22.178062,22.161018,22.161018,22.195107,22.092789,22.109856,21.904861,22.109856,22.109856,22.109856,22.007431,22.075729,22.058662,22.161018,22.161018,22.212143,22.246208,22.041588,22.195107,22.075729,22.280251,22.058662,22.161018,22.365303,22.229179,21.921967,21.904861,22.399300,21.956161,22.041588,22.024513,21.990349,21.853539,21.939064,21.853539,21.990349,21.870644,21.990349,21.939064,21.939064,21.853539,21.990349,22.058662,22.024513,22.024513,22.024513,22.041588,21.921967,21.956161,21.973259,21.870644,21.973259,21.853539,21.870644,21.921967,22.075729,22.041588,22.007431,21.939064,21.973259,21.887764,21.956161,21.904861,21.990349,22.126915,21.921967,22.126915,22.075729,22.007431,22.007431,21.939064,22.007431,22.075729,22.143959,22.143959,22.024513,22.092789,22.246208,22.109856,22.229179,22.280251,22.246208,22.212143,22.161018,22.314293,22.229179,22.195107,22.331291,22.297272,22.263237,22.365303,22.263237,22.246208,22.246208,22.229179,22.263237,22.246208,22.229179,22.212143,22.212143,22.348305,22.348305,22.229179,22.263237,22.382309,22.331291,22.450264,22.433289,22.229179,22.263237,22.365303,22.331291,22.314293,22.297272,22.280251,22.331291,22.450264,22.501198,22.314293,22.314293,22.126915,22.007431,21.767891,21.887764,21.887764,21.767891,21.493217,21.716469,21.596336,21.389961,21.579163,21.527603,21.303802,21.458817,21.424393,21.458817,21.321045,21.476021,21.441612,21.424393,21.510414,21.596336,21.424393,21.493217,21.441612,21.234810,21.269310,21.234810,21.062057,20.940895,20.906242,20.854233,20.698021,20.680634,20.611084,20.558884,20.645866,20.593697,20.628487,20.645866,20.454369,20.680634,20.784843,20.767487,20.698021,20.750122,20.732758,20.854233,20.940895,20.802200,20.645866,20.732758,20.888908,20.489220,20.663254,20.454369,20.576286,20.506645,20.297348,20.192490,20.262413,20.244934,20.244934,20.034943,19.929733,19.789246,19.877083,19.630898,19.489883,19.648506,19.630898,19.489883,19.489883,19.313263,19.313263,19.436943,19.260208,19.436943,19.153984,18.923340,19.100807,18.727684,18.620766,18.460121,18.030205,17.922386,17.688278,17.181839,16.818245,16.599342,16.233269,16.123146,15.681252,15.348373,15.292770,15.200020,15.014244,14.921196,14.828064,15.051422,14.865326,15.032837,14.846703,14.902580,14.865326,15.088600,14.958420,14.865326,15.014244,14.958420,14.995636,15.032837,14.865326,14.939812,14.865326,15.014244,14.809425,14.883965,14.977043,15.014244,15.070015,14.828064,14.828064,15.107178,14.921196,14.958420,14.772133,14.921196,14.865326,15.088600,14.977043,15.200020,14.977043,14.977043,14.828064,14.995636,14.753487,14.772133,15.070015,14.809425,14.865326,14.977043,14.697517,15.051422,14.772133,14.604141,14.977043,14.753487,14.977043,14.846703,14.641502,14.790794,14.790794,14.939812,14.939812,14.772133,14.939812,14.809425,14.772133,14.921196,14.660179,14.865326,14.772133,14.958420,14.939812,14.809425,14.660179,14.828064,14.753487,15.107178,15.107178,14.995636,14.753487,14.828064,14.753487,14.846703,14.753487,14.734833,14.809425,14.753487,14.734833,14.828064,14.921196,14.846703,14.716171,14.902580,14.828064,14.660179,14.883965,14.828064,14.846703,14.772133,14.828064,14.809425,14.734833,14.865326,14.622826,14.828064,14.902580,14.697517,14.678848,14.921196,14.828064,14.660179,14.772133,14.809425,14.734833,14.865326,14.828064,14.809425,14.809425,14.828064,14.772133,14.697517,14.753487,14.846703,14.846703,14.809425,15.032837,14.958420,14.734833,14.939812,14.828064,14.902580,14.828064,14.902580,14.958420,15.051422,15.014244,15.014244,14.716171,14.883965,14.772133,14.939812,14.660179,14.772133,14.678848,14.697517,14.660179,14.753487,14.566772,14.790794,14.790794,14.641502,14.548080,14.716171,14.548080,14.716171,14.958420,15.070015,14.809425,14.883965,14.977043,15.181458,15.070015,15.051422,14.995636,15.107178,15.274223,14.921196,14.977043,14.995636,14.809425,14.678848,14.454552,14.716171,14.939812,14.660179,14.585457,14.660179,14.604141,14.510681,14.828064,14.716171,14.865326,14.809425,14.902580,14.883965,14.902580,14.939812,14.902580,14.772133,14.734833,14.772133,14.883965,14.883965,14.697517,14.772133,14.716171,14.622826,14.846703,14.678848,14.790794,14.491982,14.828064,14.828064,14.622826,14.678848,14.604141,14.772133,14.902580,14.585457,14.716171,14.772133,14.641502,15.014244,14.529381,14.622826,14.883965,14.734833,14.753487,14.566772,14.566772,14.753487,14.678848,14.734833,14.641502,14.790794,14.790794,14.809425,14.641502,14.939812,14.753487,14.939812,14.678848,14.548080,14.678848,14.548080,14.716171,14.734833,14.622826,14.772133,14.678848,14.697517,14.678848,14.790794,14.641502,14.678848,15.125755,14.883965,14.548080,14.809425,14.734833,14.828064,14.716171,14.641502,14.790794,14.491982,14.622826,14.604141,14.585457,14.809425,14.716171,14.772133,14.772133,14.809425,14.697517,14.883965,14.753487,14.697517,14.958420,14.846703,14.716171,14.809425,14.828064,14.846703,14.790794,14.790794,14.566772,14.995636,14.939812,14.921196,14.828064,14.883965,14.753487,14.809425,14.995636,15.107178,14.846703,14.902580,14.995636,14.958420,14.772133,15.070015,
14.846703,15.070015,15.051422,15.125755,14.883965,15.144333,15.014244,15.070015,14.977043,14.958420,14.716171,14.883965,14.902580,14.977043,15.014244,14.846703,14.883965,14.977043,15.125755,15.125755,15.032837,15.329842,15.311302,15.551949,15.847229,16.233269,16.599342,16.909286,17.688278,17.976311,18.173759,18.370735,18.781090,19.047615,19.224815,19.454590,19.806816,19.754082,19.701309,19.999893,19.999893,20.105003,20.174995,20.087494,20.279877,20.576286,20.471802,20.367180,20.628487,20.349724,20.715385,20.698021,20.576286,20.940895,20.836899,20.871582,20.836899,20.784843,20.888908,20.819542,20.975533,21.010155,20.992851,21.113914,21.062057,21.165756,21.252068,21.044754,21.148476,21.183029,21.096642,21.269310,21.252068,21.338272,21.252068,21.424393,21.372734,21.682167,21.682167,21.767891,21.699318,21.716469,21.802162,21.699318,21.682167,21.836411,21.956161,21.802162,21.887764,22.041588,21.682167,21.767891,21.853539,21.939064,22.007431,21.956161,21.853539,21.853539,21.990349,22.058662,22.229179,21.904861,22.007431,22.058662,22.075729,21.853539,22.007431,21.870644,21.819290,21.785027,22.041588,21.973259,21.853539,22.007431,22.024513,22.007431,22.007431,22.229179,21.956161,22.246208,22.109856,22.109856,22.092789,22.178062,22.246208,22.178062,22.195107,22.195107,22.109856,22.143959,22.024513,22.195107,22.075729,22.143959,22.126915,22.058662,21.973259,21.904861,22.109856,21.956161,22.092789,22.041588,21.990349,22.178062,22.058662,22.041588,22.007431,22.109856,21.990349,22.246208,22.092789,21.990349,22.058662,22.126915,22.109856,22.212143,22.161018,22.092789,22.126915,22.075729,22.143959,22.161018,21.904861,22.143959,22.041588,21.990349,21.785027,21.853539,21.767891,22.058662,21.921967,21.870644,21.733620,21.819290,21.699318,21.836411,21.733620,21.921967,21.939064,22.024513,21.887764,21.973259,21.939064,21.973259,22.041588,22.024513,21.990349,21.904861,21.939064,21.836411,22.007431,21.990349,21.904861,21.870644,21.836411,22.161018,21.990349,22.058662,22.041588,21.956161,22.007431,21.870644,22.075729,21.887764,22.075729,21.939064,21.819290,22.246208,21.990349,22.041588,21.939064,21.853539,22.058662,22.143959,21.973259,22.143959,22.126915,22.229179,22.092789,22.365303,22.178062,22.058662,22.161018,22.348305,22.178062,22.280251,22.126915,22.143959,22.058662,22.161018,22.229179,22.399300,22.058662,22.229179,22.195107,22.297272,22.058662,22.229179,22.280251,22.229179,22.161018,22.212143,22.263237,22.297272,22.314293,22.314293,22.161018,22.280251,22.331291,22.263237,22.263237,22.161018,22.433289,22.229179,22.280251,22.126915,22.024513,22.263237,22.075729,21.973259,21.836411,21.682167,21.458817,21.493217,21.665016,21.338272,21.458817,21.286568,21.389961,21.561981,21.476021,21.544792,21.355507,21.544792,21.476021,21.544792,21.372734,21.476021,21.561981,21.338272,21.407181,21.200287,21.234810,21.096642,20.923576,21.079346,20.750122,20.732758,20.541473,20.524055,20.558884,20.558884,20.680634,20.593697,20.524055,20.784843,20.767487,20.489220,20.784843,20.732758,20.923576,20.784843,20.732758,20.992851,20.767487,20.958221,20.854233,20.906242,20.767487,20.645866,20.593697,20.558884,20.402061,20.402061,20.384621,20.244934,20.244934,20.227455,20.157509,19.999893,19.806816,20.017418,19.754082,19.771667,19.630898,19.542793,19.613289,19.401619,19.348618,19.454590,19.436943,19.242508,19.454590,19.401619,19.171692,19.136261,18.958870,18.816673,18.727684,18.370735,18.102013,17.868416,17.561958,17.363060,16.854668,16.800026,16.214928,15.994492,15.884071,15.496475,15.385422,15.200020,14.977043,15.051422,14.902580,14.977043,14.995636,15.014244,14.809425,14.939812,14.883965,15.125755,14.902580,14.828064,14.939812,14.921196,14.977043,15.088600,15.032837,14.995636,14.772133,15.070015,14.790794,15.070015,14.902580,15.088600,15.014244,14.939812,14.939812,14.939812,14.865326,14.995636,15.032837,14.790794,14.921196,14.977043,14.995636,15.014244,14.846703,14.939812,14.809425,15.070015,14.734833,14.958420,14.716171,14.846703,14.697517,14.846703,14.716171,15.014244,14.678848,14.995636,14.809425,14.939812,14.734833,14.846703,14.566772,14.846703,14.902580,14.734833,14.734833,14.734833,14.697517,14.734833,14.790794,14.865326,14.604141,14.939812,14.828064,14.660179,14.697517,14.902580,14.734833,14.846703,14.678848,14.958420,14.846703,14.809425,14.921196,14.865326,14.678848,14.828064,14.939812,14.865326,14.828064,14.809425,14.716171,14.902580,14.772133,14.566772,14.790794,14.921196,14.846703,14.902580,14.753487,14.790794,14.716171,14.846703,14.641502,14.865326,14.883965,14.790794,14.809425,14.697517,14.865326,14.958420,14.734833,14.865326,14.865326,14.809425,14.828064,14.846703,15.014244,14.697517,14.828064,14.921196,14.828064,14.828064,14.921196,14.939812,14.846703,14.809425,14.939812,14.902580,15.014244,14.846703,14.902580,14.865326,15.032837,14.921196,15.032837,14.809425,14.641502,14.921196,14.790794,14.697517,14.772133,14.883965,14.883965,14.828064,14.921196,14.790794,14.828064,14.510681,14.622826,14.678848,14.548080,14.604141,14.604141,14.622826,14.753487,14.790794,14.753487,14.772133,14.753487,14.958420,14.921196,15.088600,15.181458,15.014244,14.995636,14.995636,15.144333,14.921196,14.977043,14.790794,14.883965,14.939812,14.883965,14.753487,14.883965,14.939812,14.790794,14.510681,14.772133,14.734833,14.697517,14.604141,14.865326,14.660179,14.697517,14.809425,14.883965,15.014244,14.660179,14.809425,14.828064,14.883965,14.828064,14.753487,14.660179,14.865326,14.772133,14.697517,14.566772,14.716171,14.772133,14.697517,14.828064,14.865326,14.883965,14.697517,14.809425,14.790794,14.753487,14.734833,14.641502,14.622826,14.697517,14.660179,14.641502,14.566772,14.902580,14.585457,14.790794,14.566772,14.809425,14.790794,14.678848,14.604141,14.529381,14.772133,14.753487,14.510681,14.828064,14.660179,14.809425,14.697517,14.753487,14.697517,14.883965,14.939812,14.660179,14.697517,14.678848,14.809425,14.753487,14.697517,14.660179,14.660179,14.772133,14.809425,14.753487,14.678848,14.622826,14.660179,14.809425,14.772133,14.883965,14.660179,14.566772,14.846703,14.828064,14.697517,14.604141,14.491982,14.566772,14.809425,14.828064,14.753487,14.697517,14.939812,14.790794,14.566772,14.977043,14.716171,14.641502,14.921196,14.697517,14.828064,14.753487,14.697517,14.734833,14.939812,14.790794,14.772133,14.902580,14.809425,15.014244,14.846703,14.995636,14.772133,15.051422,14.846703,14.902580,14.865326,14.883965,14.809425,15.088600,15.200020,
15.237137,14.865326,14.995636,15.144333,14.902580,14.790794,15.032837,14.865326,14.921196,15.107178,14.828064,14.865326,14.716171,15.070015,14.883965,15.070015,15.107178,14.995636,14.977043,15.329842,15.107178,15.440964,15.477974,15.459480,15.957695,16.288277,16.507973,16.927490,17.471611,17.814415,18.066116,18.424385,18.549400,18.958870,19.171692,19.436943,19.595665,19.648506,20.017418,20.052460,20.034943,19.929733,19.947273,20.105003,20.297348,20.419502,20.227455,20.489220,20.541473,20.715385,20.436943,20.645866,20.802200,20.888908,20.663254,20.854233,20.854233,20.906242,21.044754,20.888908,20.940895,21.131203,21.027458,20.992851,21.113914,21.010155,20.958221,21.131203,21.217552,21.131203,21.441612,21.303802,21.407181,21.338272,21.476021,21.544792,21.561981,21.613518,21.613518,21.647850,21.716469,21.887764,21.819290,21.904861,21.904861,21.750755,21.887764,21.836411,22.229179,21.939064,22.092789,21.973259,21.767891,22.024513,21.921967,21.904861,21.921967,22.041588,21.990349,22.075729,21.939064,22.263237,21.956161,21.853539,21.956161,21.870644,21.990349,22.143959,21.956161,21.904861,22.007431,22.229179,21.904861,21.956161,21.853539,21.921967,21.904861,22.058662,22.041588,22.195107,22.195107,22.058662,22.263237,22.229179,22.092789,22.246208,22.109856,22.058662,22.092789,22.007431,22.143959,22.058662,22.126915,22.126915,22.024513,22.143959,21.990349,22.126915,22.058662,22.024513,22.058662,22.058662,21.990349,21.973259,22.041588,22.143959,22.212143,22.024513,22.109856,22.126915,22.024513,22.126915,22.007431,22.161018,22.143959,22.195107,22.143959,22.161018,22.109856,22.075729,22.126915,21.990349,22.126915,22.024513,22.007431,21.596336,21.990349,21.836411,21.836411,21.665016,21.819290,21.956161,21.785027,21.750755,22.041588,21.802162,21.699318,21.870644,22.058662,21.819290,21.921967,21.870644,21.973259,21.767891,22.007431,21.904861,21.870644,21.904861,21.819290,21.699318,21.682167,21.956161,21.767891,22.058662,21.750755,21.887764,21.939064,21.887764,21.802162,21.853539,21.750755,21.887764,21.973259,21.939064,21.819290,21.939064,21.921967,21.904861,21.785027,21.836411,21.819290,21.836411,21.904861,21.939064,21.956161,22.024513,22.058662,22.007431,22.126915,22.092789,21.956161,22.024513,21.853539,22.161018,22.212143,22.314293,21.921967,22.109856,21.973259,21.904861,22.024513,22.058662,21.904861,22.075729,22.109856,21.887764,22.280251,22.075729,22.109856,22.075729,22.126915,22.143959,22.195107,22.195107,22.331291,22.280251,22.212143,22.263237,22.212143,22.263237,22.161018,22.195107,22.109856,22.365303,22.297272,22.126915,22.075729,21.956161,21.853539,21.716469,21.665016,21.647850,21.596336,21.493217,21.355507,21.355507,21.424393,21.234810,21.355507,21.510414,21.372734,21.372734,21.338272,21.321045,21.338272,21.441612,21.407181,21.286568,21.596336,21.234810,21.424393,21.269310,21.200287,21.027458,20.940895,20.871582,20.715385,20.732758,20.524055,20.645866,20.402061,20.558884,20.524055,20.471802,20.471802,20.489220,20.732758,20.645866,20.698021,20.836899,20.888908,20.958221,20.992851,20.992851,20.784843,20.871582,20.923576,20.940895,20.715385,20.628487,20.471802,20.611084,20.524055,20.506645,20.454369,20.367180,20.244934,20.034943,20.087494,19.947273,19.947273,19.912178,19.877083,19.683716,19.771667,19.718910,19.401619,19.489883,19.436943,19.277893,19.330948,19.313263,19.136261,19.436943,19.065346,18.905579,18.887802,18.781090,18.531555,18.406502,18.084076,17.904396,17.561958,17.254379,17.000237,16.617607,16.104774,15.994492,15.791931,15.570435,15.255684,15.329842,15.125755,15.107178,15.088600,14.883965,14.902580,14.734833,14.883965,14.846703,15.014244,14.995636,14.902580,15.032837,14.753487,15.088600,15.088600,14.995636,14.809425,14.921196,15.070015,14.977043,14.939812,14.958420,14.865326,15.051422,14.734833,14.958420,14.828064,14.865326,15.070015,14.995636,14.865326,14.883965,14.865326,14.883965,14.865326,14.828064,14.865326,14.846703,14.828064,14.921196,14.865326,14.883965,14.809425,14.753487,14.678848,14.734833,14.828064,14.772133,14.865326,14.697517,14.939812,14.995636,14.846703,14.939812,14.809425,14.753487,14.790794,14.678848,14.865326,14.846703,14.865326,14.809425,14.585457,14.828064,14.809425,14.865326,14.772133,14.641502,14.939812,14.790794,14.902580,14.865326,14.828064,14.902580,14.641502,14.958420,14.921196,14.977043,14.902580,14.790794,14.660179,14.716171,14.772133,14.678848,14.846703,14.790794,14.977043,14.772133,14.753487,14.753487,14.716171,14.660179,14.622826,14.641502,14.865326,14.883965,14.846703,14.828064,14.772133,14.660179,14.977043,14.883965,14.753487,14.865326,14.734833,14.716171,14.660179,14.828064,14.809425,14.753487,14.697517,14.883965,14.902580,14.977043,14.828064,14.828064,14.772133,14.828064,14.697517,15.014244,14.921196,14.958420,14.734833,14.790794,14.660179,14.995636,14.995636,14.865326,14.921196,14.865326,14.921196,14.995636,14.772133,14.846703,14.995636,14.865326,14.809425,14.846703,14.790794,14.697517,14.753487,14.622826,14.604141,14.566772,14.734833,14.454552,14.734833,14.641502,14.604141,14.622826,14.790794,14.716171,14.939812,14.958420,15.088600,15.070015,14.939812,15.144333,14.995636,14.939812,15.032837,15.162895,14.939812,14.921196,14.790794,14.921196,15.070015,14.753487,14.865326,14.846703,14.641502,14.716171,14.809425,14.566772,14.641502,14.604141,14.604141,14.678848,14.865326,14.604141,14.939812,14.716171,14.622826,14.809425,14.641502,14.809425,14.660179,14.846703,14.846703,14.883965,14.716171,14.716171,14.566772,14.939812,14.902580,14.883965,14.809425,14.697517,14.753487,14.828064,14.772133,14.716171,14.734833,14.716171,14.548080,14.697517,14.809425,14.828064,14.846703,14.846703,14.697517,14.566772,14.604141,14.865326,14.716171,14.660179,14.828064,14.660179,15.014244,14.902580,14.491982,14.753487,14.865326,14.585457,14.604141,14.809425,14.585457,14.622826,14.716171,14.734833,14.697517,14.865326,14.883965,14.772133,14.772133,14.678848,14.604141,14.772133,14.846703,14.828064,14.939812,14.753487,14.939812,14.604141,14.790794,14.660179,14.716171,14.809425,14.734833,14.678848,14.753487,14.790794,14.790794,14.697517,14.678848,14.790794,14.734833,14.790794,14.622826,14.828064,14.846703,14.772133,14.865326,14.790794,14.939812,14.734833,14.622826,15.070015,14.995636,14.865326,14.921196,14.622826,14.846703,14.734833,14.865326,14.995636,15.051422,14.921196,14.828064,14.790794,14.977043,15.070015,14.809425,15.088600,14.921196,14.995636,15.144333,15.088600,
15.218575,14.902580,14.939812,14.921196,15.014244,14.790794,14.902580,14.939812,14.977043,14.809425,14.921196,14.902580,14.772133,15.181458,14.902580,14.958420,14.883965,14.846703,14.977043,15.070015,15.107178,15.237137,15.403938,15.625862,15.884071,16.214928,16.654121,16.982056,17.453522,17.760384,18.066116,18.370735,18.692055,19.153984,19.012123,19.401619,19.489883,19.912178,19.894638,19.894638,19.894638,20.332268,20.192490,20.419502,20.157509,20.332268,20.454369,20.384621,20.541473,20.489220,20.680634,20.802200,20.680634,20.750122,20.750122,20.802200,21.079346,20.836899,20.628487,20.819542,20.802200,21.131203,21.113914,21.062057,21.079346,21.131203,21.010155,21.062057,21.286568,21.269310,21.407181,21.389961,21.321045,21.269310,21.476021,21.441612,21.355507,21.527603,21.544792,21.630684,21.665016,21.716469,21.699318,21.836411,21.785027,21.870644,21.716469,21.921967,21.939064,21.767891,22.075729,22.024513,21.939064,21.836411,21.870644,21.767891,21.921967,22.007431,21.750755,22.058662,22.041588,21.870644,22.109856,21.836411,22.109856,22.075729,21.990349,21.956161,22.075729,21.990349,21.939064,22.041588,21.870644,21.802162,21.921967,21.819290,22.126915,22.109856,22.058662,22.109856,22.178062,22.058662,22.126915,22.075729,22.058662,22.126915,22.161018,22.075729,22.092789,22.058662,21.904861,22.092789,22.195107,22.195107,21.921967,22.041588,22.024513,21.887764,22.024513,22.178062,21.939064,21.973259,22.126915,22.109856,22.058662,22.058662,21.870644,21.990349,21.973259,22.126915,21.990349,22.041588,21.956161,22.092789,22.126915,21.973259,22.161018,22.161018,22.212143,22.161018,21.870644,22.143959,21.870644,21.870644,21.785027,21.904861,21.785027,21.665016,21.682167,21.750755,21.785027,21.682167,21.579163,21.716469,21.716469,21.870644,21.836411,21.699318,21.630684,21.836411,21.733620,21.853539,21.699318,21.887764,21.819290,21.836411,21.767891,21.767891,21.596336,21.802162,21.819290,21.699318,21.665016,21.870644,21.647850,21.870644,21.750755,21.785027,21.716469,21.939064,21.802162,21.819290,21.853539,21.887764,21.699318,21.682167,21.699318,21.544792,21.647850,21.682167,21.836411,21.870644,21.819290,21.870644,21.887764,21.836411,21.836411,21.836411,21.699318,21.939064,21.939064,21.921967,22.075729,21.939064,21.939064,22.092789,21.819290,21.853539,21.836411,22.058662,21.904861,22.024513,22.212143,21.973259,21.887764,22.126915,22.126915,22.058662,21.870644,22.075729,22.092789,22.007431,22.178062,22.041588,22.195107,22.007431,21.973259,22.092789,22.126915,22.024513,22.195107,22.109856,22.229179,21.921967,22.075729,21.956161,21.990349,21.921967,21.819290,21.716469,21.613518,21.527603,21.527603,21.493217,21.372734,21.321045,21.303802,21.269310,21.269310,21.510414,21.062057,21.286568,21.441612,21.458817,21.269310,21.234810,21.389961,21.321045,21.441612,21.424393,21.252068,21.252068,21.200287,20.906242,20.992851,20.888908,20.750122,20.506645,20.367180,20.767487,20.297348,20.384621,20.524055,20.558884,20.454369,20.349724,20.558884,20.715385,20.888908,20.871582,20.888908,20.923576,20.958221,20.906242,21.010155,20.940895,20.663254,20.836899,20.767487,20.836899,20.680634,20.558884,20.419502,20.436943,20.454369,20.244934,20.314804,20.069977,20.087494,19.964821,19.859520,19.894638,19.894638,19.613289,19.666115,19.525154,19.436943,19.489883,19.507530,19.419281,19.436943,19.277893,19.277893,19.419281,19.047615,19.083084,18.887802,18.852249,18.477982,18.370735,18.155830,18.066116,17.525826,17.399261,16.982056,16.635872,16.251610,15.920883,15.718163,15.329842,15.366905,15.218575,15.070015,15.070015,14.902580,14.958420,14.995636,14.977043,14.809425,14.977043,14.921196,15.051422,15.107178,14.995636,14.921196,15.237137,14.977043,14.939812,14.883965,15.070015,14.958420,14.977043,15.051422,14.977043,14.902580,15.125755,14.921196,15.014244,14.995636,15.144333,15.088600,14.977043,14.883965,15.014244,14.790794,14.939812,14.939812,14.921196,14.846703,14.883965,14.846703,14.753487,14.977043,14.921196,14.678848,14.958420,14.790794,14.809425,14.529381,14.939812,14.753487,14.716171,14.921196,14.772133,14.772133,14.809425,14.716171,14.958420,14.828064,14.772133,14.883965,14.622826,14.660179,14.902580,14.697517,14.865326,14.790794,14.753487,14.809425,14.734833,14.828064,14.660179,14.697517,14.921196,14.716171,14.865326,14.772133,14.865326,14.734833,14.828064,14.921196,14.790794,14.622826,14.734833,14.716171,14.790794,14.697517,14.809425,14.790794,14.958420,14.678848,14.846703,14.902580,14.772133,14.846703,14.846703,14.809425,14.734833,14.790794,14.753487,14.828064,14.678848,14.921196,14.716171,14.865326,14.865326,14.977043,14.977043,14.790794,14.939812,14.753487,14.846703,14.809425,14.734833,14.846703,14.697517,14.790794,14.660179,14.921196,14.772133,14.734833,14.846703,15.070015,14.921196,14.865326,14.828064,14.828064,14.958420,14.809425,14.902580,14.958420,14.846703,14.790794,14.828064,14.958420,14.977043,15.088600,14.828064,14.790794,14.995636,14.977043,14.921196,14.417122,14.790794,14.660179,14.641502,14.641502,14.529381,14.678848,14.529381,14.716171,14.660179,14.510681,14.865326,14.865326,14.772133,14.846703,14.977043,14.939812,15.162895,15.088600,15.329842,15.255684,15.088600,14.734833,14.995636,14.921196,14.921196,14.921196,14.678848,14.865326,14.772133,14.716171,14.846703,14.697517,14.809425,14.734833,14.622826,14.772133,14.548080,14.716171,14.716171,14.883965,14.809425,14.883965,14.566772,14.678848,14.883965,14.846703,14.641502,14.828064,14.697517,14.585457,14.734833,14.883965,14.828064,14.790794,14.846703,14.641502,14.772133,14.622826,14.716171,14.772133,14.790794,14.939812,14.939812,14.716171,14.977043,14.809425,14.883965,14.566772,14.790794,14.734833,14.678848,14.753487,14.697517,14.734833,14.790794,14.772133,14.753487,14.772133,14.697517,14.697517,14.902580,14.790794,14.734833,14.734833,14.604141,14.622826,14.977043,14.828064,14.828064,14.716171,14.716171,14.865326,14.790794,14.548080,14.865326,14.716171,14.697517,14.921196,14.678848,14.865326,14.678848,14.772133,14.846703,14.604141,14.660179,14.772133,14.641502,14.790794,14.902580,14.828064,14.772133,14.566772,14.809425,14.772133,14.697517,14.790794,14.809425,14.585457,14.883965,14.566772,14.641502,14.977043,14.790794,14.660179,14.883965,14.883965,14.697517,14.828064,14.716171,14.846703,14.846703,15.051422,14.846703,14.828064,14.865326,14.958420,14.958420,15.014244,14.734833,14.734833,14.921196,14.865326,14.846703,14.753487,14.977043,14.902580,15.292770,
15.144333,15.181458,14.921196,15.218575,15.014244,14.995636,14.995636,14.939812,14.883965,15.200020,14.958420,15.144333,15.070015,15.051422,14.902580,14.977043,15.014244,15.014244,14.977043,15.070015,15.144333,15.200020,15.348373,15.496475,15.699715,16.288277,16.635872,16.781799,17.218117,17.724342,18.048164,18.370735,18.531555,19.012123,19.224815,19.330948,19.560417,19.701309,19.947273,19.912178,19.806816,19.912178,20.052460,19.999893,20.244934,20.419502,20.244934,20.541473,20.244934,20.750122,20.558884,20.680634,20.628487,20.906242,20.732758,20.802200,20.750122,20.940895,20.871582,20.992851,21.010155,21.010155,21.044754,20.940895,21.096642,21.286568,21.079346,21.286568,21.200287,21.252068,21.286568,21.165756,21.079346,21.389961,21.252068,21.510414,21.355507,21.613518,21.647850,21.613518,21.647850,21.493217,21.785027,21.613518,21.819290,21.733620,21.665016,21.887764,21.802162,22.024513,21.870644,21.921967,21.853539,21.921967,21.990349,21.750755,22.007431,21.887764,21.870644,21.870644,21.887764,21.939064,22.007431,22.075729,21.973259,22.041588,21.921967,21.887764,21.939064,21.956161,22.143959,22.007431,21.990349,21.956161,22.058662,21.921967,22.007431,21.990349,21.990349,21.990349,22.143959,22.109856,22.041588,22.143959,22.195107,22.058662,21.973259,22.143959,21.939064,22.109856,22.075729,22.041588,22.007431,22.024513,21.939064,21.853539,22.143959,22.109856,22.058662,22.007431,22.024513,22.143959,21.870644,22.263237,22.109856,22.058662,22.058662,22.024513,22.041588,22.092789,22.024513,21.939064,22.041588,22.041588,21.990349,22.143959,22.075729,22.195107,22.092789,22.007431,22.126915,22.024513,21.887764,21.990349,21.904861,21.665016,21.699318,21.853539,21.544792,21.750755,21.561981,21.561981,21.682167,21.579163,21.699318,21.665016,21.785027,21.682167,21.819290,21.613518,21.767891,21.647850,21.665016,21.699318,21.665016,21.716469,21.579163,21.527603,21.647850,21.561981,21.750755,21.527603,21.665016,21.682167,21.699318,21.836411,21.716469,21.716469,21.904861,21.853539,21.630684,21.630684,21.544792,21.630684,21.802162,21.716469,21.630684,21.767891,21.733620,21.802162,21.836411,21.767891,21.630684,21.836411,21.647850,21.579163,21.630684,21.699318,21.767891,21.750755,21.853539,21.682167,21.733620,21.956161,21.802162,21.802162,21.887764,21.836411,21.733620,21.921967,21.802162,21.956161,21.990349,21.853539,21.819290,21.802162,22.126915,21.973259,21.870644,21.870644,21.956161,21.990349,21.973259,21.921967,22.024513,21.904861,21.836411,22.007431,22.024513,22.007431,22.007431,21.904861,22.109856,21.904861,21.921967,21.802162,21.956161,21.853539,21.596336,21.647850,21.767891,21.527603,21.493217,21.527603,21.372734,21.303802,21.200287,21.217552,21.407181,21.355507,21.303802,21.062057,21.269310,21.493217,21.303802,21.269310,21.424393,21.200287,21.321045,21.303802,21.286568,21.096642,21.096642,20.906242,20.750122,20.767487,20.732758,20.576286,20.367180,20.524055,20.454369,20.436943,20.436943,20.454369,20.436943,20.698021,20.645866,20.576286,20.698021,20.819542,20.888908,20.958221,20.906242,20.940895,20.767487,20.854233,20.854233,20.888908,20.975533,20.680634,20.767487,20.784843,20.506645,20.314804,20.279877,20.384621,20.297348,19.982353,20.034943,20.052460,19.894638,19.982353,19.771667,19.560417,19.542793,19.383957,19.613289,19.560417,19.525154,19.578049,19.454590,19.224815,19.419281,19.330948,19.136261,19.136261,19.065346,18.781090,18.620766,18.424385,18.066116,18.030205,17.634163,17.308739,16.781799,16.745338,16.306610,15.847229,15.773499,15.459480,15.459480,15.200020,15.181458,15.032837,14.865326,14.958420,14.921196,15.051422,15.125755,14.883965,15.107178,14.883965,14.939812,14.883965,15.088600,15.107178,14.939812,14.939812,14.995636,14.939812,14.902580,15.014244,14.921196,14.846703,14.902580,14.828064,14.958420,15.070015,14.902580,14.772133,14.921196,15.014244,14.902580,14.902580,14.828064,14.939812,14.846703,14.921196,14.865326,15.014244,14.828064,14.939812,14.865326,15.051422,14.846703,14.809425,14.809425,14.734833,14.977043,14.977043,14.790794,14.772133,14.772133,14.921196,14.809425,14.939812,14.883965,14.716171,14.921196,14.697517,14.790794,14.865326,14.622826,14.790794,14.809425,14.678848,14.995636,14.734833,14.734833,14.753487,14.828064,14.790794,14.828064,14.958420,14.753487,14.846703,14.846703,14.865326,14.772133,14.660179,14.809425,14.772133,14.939812,14.921196,14.865326,14.809425,14.790794,14.809425,14.865326,14.790794,14.958420,14.846703,14.734833,14.865326,14.734833,14.772133,14.846703,14.697517,14.883965,14.678848,14.678848,15.032837,14.772133,14.828064,14.828064,14.958420,14.865326,14.958420,14.865326,14.846703,14.883965,14.790794,14.697517,14.678848,14.809425,14.995636,14.865326,14.828064,14.809425,14.828064,14.958420,14.753487,14.939812,14.772133,14.865326,14.846703,14.939812,14.828064,14.846703,14.902580,14.902580,14.921196,14.902580,15.107178,14.921196,15.051422,14.958420,14.772133,14.921196,14.958420,14.678848,14.753487,14.753487,14.753487,14.641502,14.678848,14.566772,14.622826,14.697517,14.734833,14.473274,14.790794,14.716171,14.828064,14.678848,14.716171,14.995636,15.125755,15.032837,15.032837,15.032837,15.070015,15.237137,14.939812,15.088600,14.939812,14.902580,14.809425,14.902580,14.865326,14.902580,14.958420,14.678848,14.790794,14.790794,14.604141,14.734833,14.958420,14.772133,14.902580,14.697517,15.032837,14.809425,14.921196,14.772133,14.921196,14.939812,14.977043,14.660179,14.641502,14.995636,14.734833,14.790794,14.716171,14.883965,14.809425,14.790794,14.641502,14.772133,14.697517,14.734833,14.772133,14.660179,14.790794,14.716171,14.790794,14.772133,14.846703,14.604141,14.529381,14.809425,15.070015,14.678848,14.939812,14.660179,14.809425,14.734833,14.641502,14.566772,14.790794,14.809425,14.585457,14.678848,14.772133,14.641502,14.921196,14.846703,14.678848,14.622826,14.529381,14.585457,14.883965,14.678848,14.753487,14.846703,14.809425,14.454552,14.697517,14.734833,14.697517,14.510681,14.585457,14.678848,14.828064,14.753487,14.865326,14.678848,14.828064,14.846703,14.809425,14.734833,14.510681,14.753487,14.697517,14.828064,14.902580,14.716171,14.865326,14.809425,14.622826,14.622826,14.883965,14.697517,14.772133,14.641502,14.828064,14.790794,14.902580,14.921196,14.790794,14.697517,14.977043,14.846703,14.902580,14.678848,14.995636,14.902580,14.921196,14.846703,14.790794,14.958420,14.865326,14.902580,14.772133,14.865326,14.977043,14.958420,14.865326,14.958420,14.958420,
15.032837,15.070015,14.939812,14.753487,14.734833,14.921196,14.939812,15.125755,14.902580,15.051422,14.846703,14.902580,14.902580,14.995636,14.921196,14.902580,14.921196,15.051422,15.070015,15.181458,15.200020,15.200020,15.348373,15.699715,15.681252,16.196571,16.507973,16.963875,17.363060,17.670250,18.048164,18.299164,18.549400,18.958870,19.242508,19.507530,19.666115,19.877083,19.894638,19.806816,19.929733,20.052460,20.017418,20.140007,20.471802,20.314804,20.314804,20.593697,20.506645,20.576286,20.576286,20.663254,20.541473,20.767487,20.732758,20.940895,20.680634,20.819542,21.010155,20.906242,20.958221,20.992851,21.079346,21.355507,21.096642,20.940895,21.044754,20.975533,21.183029,21.165756,21.252068,21.183029,21.355507,21.286568,21.252068,21.234810,21.407181,21.355507,21.527603,21.596336,21.733620,21.887764,21.596336,21.750755,21.579163,21.665016,21.870644,21.819290,21.767891,21.956161,22.007431,21.870644,21.887764,21.870644,21.785027,21.767891,21.973259,21.939064,21.699318,21.853539,22.007431,22.041588,21.767891,21.939064,21.921967,22.041588,21.956161,21.921967,21.853539,21.956161,21.990349,22.058662,22.058662,21.870644,22.024513,22.058662,22.041588,22.178062,22.109856,22.058662,22.143959,22.126915,22.212143,22.075729,22.058662,22.314293,22.178062,22.161018,22.126915,21.973259,22.263237,22.041588,21.973259,21.819290,22.007431,22.109856,22.041588,22.092789,22.058662,21.973259,21.870644,21.921967,21.939064,21.939064,21.870644,21.973259,22.143959,21.939064,22.075729,21.939064,21.990349,21.939064,22.126915,22.024513,22.161018,22.092789,22.161018,21.973259,22.126915,22.126915,22.092789,21.921967,22.161018,21.921967,21.682167,21.767891,21.767891,21.493217,21.699318,21.647850,21.493217,21.613518,21.699318,21.630684,21.510414,21.682167,21.596336,21.476021,21.527603,21.767891,21.733620,21.561981,21.561981,21.613518,21.527603,21.579163,21.630684,21.613518,21.527603,21.389961,21.647850,21.647850,21.561981,21.596336,21.682167,21.733620,21.647850,21.767891,21.630684,21.699318,21.630684,21.699318,21.750755,21.613518,21.561981,21.561981,21.458817,21.441612,21.424393,21.441612,21.819290,21.561981,21.613518,21.613518,21.630684,21.716469,21.699318,21.647850,21.750755,21.750755,21.647850,21.819290,21.819290,21.716469,21.579163,21.904861,21.613518,21.733620,21.716469,21.904861,21.716469,21.682167,21.750755,21.733620,22.024513,21.921967,21.956161,21.836411,21.785027,22.058662,21.887764,21.887764,21.682167,21.767891,21.887764,21.904861,21.802162,21.785027,21.682167,21.699318,21.750755,21.939064,21.802162,21.579163,21.767891,21.870644,21.544792,21.750755,21.836411,21.579163,21.458817,21.458817,21.303802,21.234810,21.252068,21.234810,21.234810,21.303802,21.372734,21.200287,21.269310,21.372734,21.286568,21.372734,21.355507,21.372734,21.338272,21.355507,21.355507,21.355507,21.027458,21.113914,21.044754,20.888908,20.854233,20.784843,20.663254,20.576286,20.611084,20.367180,20.332268,20.262413,20.593697,20.402061,20.611084,20.558884,20.611084,20.854233,20.715385,20.819542,21.044754,20.854233,20.819542,20.906242,20.750122,20.975533,20.836899,20.992851,20.732758,20.680634,20.419502,20.506645,20.314804,20.489220,20.384621,20.174995,20.157509,20.209976,20.140007,19.929733,19.877083,19.824394,19.683716,19.630898,19.560417,19.507530,19.330948,19.489883,19.242508,19.401619,19.330948,19.260208,19.189407,19.313263,19.029869,19.136261,18.834473,18.692055,18.620766,18.209602,18.119965,17.940361,17.489685,17.543900,17.054764,16.526253,16.214928,16.123146,15.459480,15.422462,15.292770,15.348373,15.255684,14.939812,14.958420,14.921196,14.977043,14.977043,15.032837,15.200020,15.051422,14.846703,14.809425,15.051422,14.958420,15.125755,14.902580,14.958420,15.051422,14.977043,14.865326,14.958420,15.032837,14.958420,14.977043,14.939812,14.939812,15.014244,14.883965,14.902580,14.977043,14.939812,14.921196,15.107178,14.772133,14.865326,15.070015,15.032837,14.921196,15.032837,14.846703,15.051422,14.958420,14.921196,14.828064,14.772133,14.716171,14.865326,14.846703,14.753487,14.790794,14.865326,14.809425,14.883965,14.977043,14.828064,14.828064,14.846703,14.697517,14.809425,14.809425,14.734833,14.753487,14.753487,14.697517,14.809425,14.883965,14.846703,14.790794,14.883965,14.772133,14.809425,14.772133,14.716171,14.660179,14.809425,14.660179,14.809425,14.977043,14.883965,14.697517,14.734833,14.828064,14.828064,14.883965,14.809425,14.809425,14.772133,14.790794,14.790794,14.660179,14.846703,14.846703,14.846703,14.883965,14.604141,14.883965,14.883965,14.790794,14.865326,14.809425,14.716171,14.809425,14.716171,14.772133,14.828064,14.921196,14.660179,14.716171,14.753487,14.790794,14.883965,14.902580,14.772133,14.809425,14.697517,14.883965,15.107178,14.865326,14.902580,15.070015,14.790794,14.753487,15.014244,14.958420,14.734833,14.902580,14.958420,14.977043,14.958420,15.032837,15.051422,14.995636,14.921196,14.716171,14.921196,14.995636,14.902580,14.772133,14.865326,14.716171,14.604141,14.678848,14.585457,14.678848,14.510681,14.660179,14.529381,14.548080,14.809425,14.604141,14.772133,14.697517,14.753487,14.622826,14.958420,14.958420,15.366905,14.977043,15.070015,14.865326,15.125755,15.088600,15.144333,15.032837,15.032837,15.051422,14.883965,14.865326,14.846703,14.883965,14.678848,14.809425,14.622826,14.585457,14.939812,14.585457,14.660179,14.641502,14.790794,14.902580,14.921196,14.828064,14.846703,14.883965,14.977043,14.772133,14.995636,14.529381,14.828064,14.641502,14.828064,14.753487,14.921196,14.921196,14.809425,14.697517,14.678848,14.716171,14.697517,14.846703,14.809425,14.622826,14.697517,14.585457,15.032837,14.566772,14.678848,14.734833,14.809425,14.716171,14.809425,14.828064,14.734833,14.716171,14.678848,14.790794,14.828064,14.716171,14.548080,14.883965,14.883965,14.865326,14.772133,14.809425,14.716171,14.772133,14.828064,14.697517,14.641502,14.883965,14.660179,14.772133,14.716171,14.753487,14.604141,14.790794,14.641502,14.548080,14.716171,14.734833,14.660179,14.902580,14.921196,14.865326,14.604141,14.790794,14.753487,14.921196,14.809425,14.753487,14.865326,14.865326,14.734833,14.716171,14.566772,14.678848,14.902580,14.828064,14.846703,14.772133,14.678848,14.883965,14.734833,14.846703,14.902580,14.734833,14.921196,14.883965,14.772133,14.865326,14.809425,14.883965,14.828064,14.828064,14.828064,14.883965,14.865326,14.902580,14.809425,14.734833,14.865326,14.883965,14.697517,14.809425,14.921196,14.809425,14.995636,15.051422,15.070015,
15.070015,14.809425,14.809425,15.032837,15.032837,14.716171,14.921196,14.902580,15.070015,14.846703,14.995636,15.032837,14.790794,15.051422,14.977043,14.883965,15.107178,14.995636,14.772133,14.958420,15.125755,14.921196,15.385422,15.459480,15.865646,16.196571,16.562805,16.745338,17.363060,17.724342,17.976311,18.245445,18.656418,18.941109,19.260208,19.401619,19.771667,19.789246,19.999893,19.964821,19.877083,19.999893,20.262413,20.069977,20.314804,20.227455,20.384621,20.419502,20.541473,20.332268,20.541473,20.871582,20.436943,20.524055,20.836899,20.906242,20.836899,20.888908,20.854233,20.836899,20.958221,21.165756,21.079346,21.079346,21.148476,20.906242,20.888908,21.148476,21.113914,21.131203,21.062057,21.217552,21.200287,21.217552,21.234810,21.165756,21.338272,21.527603,21.561981,21.424393,21.647850,21.665016,21.733620,21.767891,21.699318,21.682167,21.870644,21.802162,21.836411,21.853539,21.802162,22.041588,21.767891,21.939064,21.853539,21.956161,21.750755,21.887764,21.887764,21.819290,21.939064,21.921967,21.921967,21.921967,21.956161,21.836411,21.665016,22.058662,21.921967,21.870644,21.973259,22.024513,22.041588,22.024513,22.126915,22.280251,22.024513,22.212143,22.058662,22.143959,22.109856,22.126915,22.229179,22.161018,22.178062,22.212143,22.195107,22.041588,22.331291,22.007431,22.058662,21.973259,22.024513,21.956161,21.921967,21.990349,21.921967,22.109856,21.939064,22.041588,21.904861,21.785027,21.802162,21.939064,21.939064,21.990349,21.956161,21.973259,21.939064,22.007431,21.973259,22.007431,22.178062,22.229179,22.297272,22.161018,22.229179,22.246208,22.161018,22.126915,22.126915,22.007431,22.041588,22.007431,21.785027,21.939064,21.682167,21.699318,21.630684,21.596336,21.544792,21.561981,21.458817,21.561981,21.493217,21.613518,21.699318,21.613518,21.596336,21.493217,21.544792,21.613518,21.613518,21.476021,21.596336,21.647850,21.441612,21.613518,21.493217,21.647850,21.647850,21.544792,21.733620,21.527603,21.699318,21.510414,21.647850,21.596336,21.596336,21.665016,21.527603,21.682167,21.767891,21.510414,21.338272,21.596336,21.510414,21.527603,21.458817,21.493217,21.458817,21.476021,21.596336,21.321045,21.613518,21.561981,21.647850,21.544792,21.510414,21.424393,21.716469,21.544792,21.613518,21.527603,21.579163,21.493217,21.527603,21.579163,21.630684,21.767891,21.716469,21.630684,21.613518,21.647850,21.802162,21.785027,21.733620,21.767891,21.716469,21.767891,21.785027,21.802162,21.665016,21.716469,21.956161,21.836411,21.647850,21.716469,21.699318,21.682167,21.647850,21.733620,21.613518,21.682167,21.527603,21.579163,21.682167,21.647850,21.510414,21.407181,21.579163,21.407181,21.252068,21.183029,21.183029,21.183029,21.200287,21.148476,21.113914,21.303802,21.217552,21.217552,21.321045,21.286568,21.389961,21.321045,21.252068,21.252068,21.269310,21.148476,20.940895,21.131203,20.923576,20.923576,20.854233,20.767487,20.750122,20.558884,20.576286,20.402061,20.227455,20.454369,20.541473,20.402061,20.541473,20.436943,20.645866,20.645866,20.628487,20.819542,20.854233,20.888908,20.645866,20.906242,20.940895,21.131203,20.923576,20.854233,20.680634,20.680634,20.698021,20.349724,20.506645,20.506645,20.192490,20.279877,20.192490,20.140007,19.999893,19.859520,19.841957,19.894638,19.736496,19.789246,19.806816,19.666115,19.489883,19.489883,19.578049,19.401619,19.313263,19.242508,19.242508,19.313263,19.224815,19.083084,19.047615,18.477982,18.531555,18.191681,18.245445,17.850410,17.417351,17.127403,16.690620,16.599342,16.233269,15.828796,15.681252,15.607391,15.329842,15.144333,15.107178,15.032837,15.014244,14.939812,14.902580,15.014244,15.088600,14.995636,15.014244,15.032837,14.846703,14.995636,14.883965,15.051422,14.865326,14.846703,15.032837,14.828064,15.107178,14.902580,15.107178,15.125755,15.032837,15.014244,14.883965,15.088600,14.958420,14.995636,14.977043,14.883965,14.753487,14.828064,14.846703,14.902580,14.828064,14.921196,14.958420,14.921196,14.790794,14.995636,14.753487,15.070015,15.032837,15.032837,14.716171,14.772133,14.716171,14.995636,14.883965,14.846703,14.660179,14.734833,14.828064,14.828064,14.921196,14.697517,14.921196,14.809425,14.809425,14.753487,14.772133,14.772133,14.809425,14.790794,14.883965,14.902580,14.772133,14.753487,14.697517,14.828064,14.790794,14.641502,14.828064,14.678848,14.734833,15.014244,14.790794,14.734833,14.865326,14.865326,14.865326,14.790794,14.902580,14.753487,14.790794,14.678848,14.828064,14.902580,14.772133,14.772133,14.828064,14.790794,14.772133,14.828064,14.678848,14.772133,14.865326,14.772133,14.828064,14.772133,14.828064,14.772133,14.790794,14.753487,14.790794,14.734833,14.828064,14.753487,14.809425,14.846703,14.958420,14.939812,14.995636,14.995636,14.828064,14.790794,14.828064,14.921196,14.902580,14.865326,14.828064,15.144333,14.902580,14.883965,14.921196,14.883965,15.032837,14.846703,14.865326,14.977043,14.995636,14.939812,14.828064,14.716171,14.939812,14.846703,14.958420,14.809425,14.697517,14.660179,14.641502,14.734833,14.566772,14.734833,14.473274,14.828064,14.360939,14.753487,14.566772,14.790794,14.716171,14.790794,14.883965,15.032837,15.014244,14.977043,15.144333,15.125755,14.939812,15.051422,14.995636,15.051422,15.014244,14.697517,14.958420,14.734833,14.883965,14.697517,14.809425,14.790794,14.883965,14.585457,14.604141,14.734833,14.641502,14.828064,14.697517,14.734833,14.977043,14.883965,14.641502,14.697517,14.790794,14.828064,14.883965,14.995636,14.883965,14.977043,14.697517,14.566772,14.697517,14.865326,14.697517,14.716171,14.809425,14.753487,14.697517,14.939812,14.622826,14.846703,14.865326,14.772133,14.548080,14.828064,14.660179,14.622826,14.697517,14.548080,14.716171,14.809425,14.772133,14.641502,14.622826,14.828064,14.734833,14.865326,14.660179,14.772133,14.846703,14.753487,14.585457,14.828064,14.902580,14.772133,14.865326,14.678848,14.772133,14.865326,14.678848,14.510681,14.641502,14.753487,14.641502,14.865326,14.697517,14.846703,14.734833,14.678848,14.622826,14.753487,14.772133,14.641502,14.641502,14.678848,14.678848,14.865326,14.716171,14.772133,14.790794,14.921196,14.846703,14.678848,14.790794,14.548080,15.051422,14.660179,14.846703,14.809425,14.828064,14.902580,14.902580,14.883965,14.883965,14.865326,14.865326,14.995636,14.753487,14.622826,14.939812,14.828064,14.678848,14.734833,14.585457,14.604141,14.883965,14.772133,14.828064,14.883965,14.939812,15.014244,14.883965,15.070015,14.977043,15.014244,15.144333,14.995636,14.883965,15.181458,
15.162895,14.995636,14.939812,14.790794,14.809425,14.921196,14.883965,14.883965,14.995636,15.088600,14.790794,14.865326,14.697517,14.958420,14.734833,14.939812,14.995636,15.014244,14.921196,15.088600,15.181458,15.237137,15.237137,15.681252,15.699715,16.159874,16.489677,16.909286,17.308739,17.652206,17.814415,18.317062,18.585091,18.994377,19.029869,19.436943,19.595665,19.841957,19.894638,19.894638,19.894638,20.105003,20.209976,20.192490,20.174995,20.140007,20.367180,20.262413,20.402061,20.384621,20.349724,20.750122,20.524055,20.663254,20.836899,20.663254,20.888908,20.854233,20.784843,20.975533,21.062057,21.027458,21.044754,21.027458,21.062057,20.906242,21.252068,21.269310,21.044754,21.131203,21.027458,21.096642,21.269310,21.148476,21.269310,21.389961,21.321045,21.372734,21.458817,21.148476,21.527603,21.785027,21.733620,21.579163,21.682167,21.802162,21.750755,21.904861,21.904861,21.887764,21.699318,21.785027,21.819290,21.699318,21.716469,21.853539,21.887764,21.836411,21.682167,21.733620,21.853539,21.819290,21.973259,21.904861,21.870644,22.041588,21.819290,21.904861,21.716469,22.178062,21.750755,21.853539,22.229179,22.024513,22.007431,22.126915,21.939064,21.887764,22.007431,21.904861,22.058662,22.109856,22.280251,22.246208,22.143959,22.195107,22.041588,22.263237,22.229179,22.041588,21.939064,22.280251,21.990349,21.870644,22.058662,22.041588,21.870644,22.007431,22.024513,21.956161,21.956161,21.750755,21.733620,21.939064,21.939064,21.836411,21.904861,21.819290,21.887764,21.904861,21.836411,21.956161,22.092789,22.212143,22.024513,22.161018,22.092789,22.092789,22.058662,22.024513,22.075729,21.939064,21.870644,22.075729,21.802162,21.819290,21.647850,21.613518,21.510414,21.493217,21.355507,21.407181,21.372734,21.458817,21.510414,21.476021,21.544792,21.613518,21.561981,21.476021,21.544792,21.544792,21.510414,21.527603,21.647850,21.579163,21.493217,21.493217,21.561981,21.561981,21.493217,21.458817,21.493217,21.561981,21.527603,21.527603,21.510414,21.613518,21.630684,21.613518,21.493217,21.665016,21.527603,21.407181,21.441612,21.510414,21.476021,21.441612,21.476021,21.286568,21.389961,21.303802,21.527603,21.476021,21.252068,21.493217,21.441612,21.510414,21.458817,21.561981,21.510414,21.407181,21.510414,21.424393,21.596336,21.234810,21.476021,21.441612,21.458817,21.802162,21.493217,21.544792,21.510414,21.630684,21.544792,21.561981,21.561981,21.785027,21.767891,21.613518,21.785027,21.544792,21.544792,21.665016,21.785027,21.613518,21.527603,21.665016,21.613518,21.785027,21.647850,21.682167,21.544792,21.579163,21.458817,21.527603,21.682167,21.493217,21.407181,21.372734,21.355507,21.286568,21.269310,21.165756,21.148476,21.148476,21.062057,20.888908,21.096642,21.131203,21.286568,21.217552,21.269310,21.234810,21.286568,21.234810,21.355507,21.217552,21.027458,21.148476,21.096642,21.217552,20.888908,21.113914,20.940895,20.558884,20.419502,20.541473,20.419502,20.402061,20.332268,20.349724,20.349724,20.419502,20.489220,20.593697,20.611084,20.784843,20.784843,20.663254,20.958221,20.923576,20.819542,20.958221,20.836899,20.958221,20.871582,20.784843,20.698021,20.645866,20.576286,20.715385,20.489220,20.402061,20.454369,20.332268,20.174995,20.209976,20.192490,19.947273,20.017418,19.754082,19.701309,19.877083,19.630898,19.454590,19.578049,19.348618,19.542793,19.242508,19.401619,19.401619,19.260208,19.348618,19.136261,18.976631,18.834473,18.781090,18.549400,18.155830,18.030205,17.670250,17.417351,17.326851,16.872887,16.581078,16.196571,15.718163,15.773499,15.496475,15.385422,15.070015,15.181458,15.070015,15.107178,14.939812,14.846703,14.846703,14.958420,14.958420,14.790794,15.014244,14.977043,14.883965,14.902580,15.088600,14.828064,15.014244,14.902580,15.144333,14.846703,14.939812,14.977043,15.070015,14.902580,14.865326,14.921196,15.032837,15.070015,14.828064,14.902580,14.622826,15.088600,14.939812,14.902580,14.977043,14.995636,14.772133,14.995636,14.790794,14.939812,14.809425,14.995636,14.772133,14.958420,14.772133,14.790794,14.977043,14.977043,14.846703,14.772133,14.697517,14.716171,14.828064,14.734833,14.865326,14.790794,14.772133,14.939812,14.902580,14.921196,14.753487,14.772133,14.790794,14.828064,14.660179,14.697517,14.716171,14.716171,14.604141,14.772133,14.790794,14.734833,14.809425,14.883965,14.958420,14.716171,14.716171,14.828064,14.902580,14.939812,15.051422,14.697517,14.846703,15.014244,14.790794,14.790794,14.828064,14.753487,14.883965,14.753487,14.865326,14.902580,14.828064,14.734833,14.753487,14.660179,14.641502,14.772133,14.846703,14.641502,14.716171,14.939812,14.939812,14.865326,14.660179,14.678848,14.828064,14.790794,14.753487,14.790794,14.753487,14.809425,14.902580,14.828064,15.032837,14.753487,14.697517,14.865326,14.921196,14.678848,14.641502,14.846703,14.939812,14.921196,14.958420,14.921196,15.014244,14.865326,14.846703,14.809425,15.107178,14.902580,14.939812,14.939812,14.734833,15.014244,14.902580,14.772133,14.939812,14.641502,14.865326,14.753487,14.921196,14.716171,14.641502,14.622826,14.660179,14.660179,14.697517,14.529381,14.939812,14.772133,14.734833,14.883965,14.921196,15.088600,14.939812,15.051422,14.828064,14.995636,14.995636,15.051422,15.088600,15.107178,14.995636,14.641502,14.716171,14.865326,14.921196,14.828064,14.641502,14.697517,14.641502,14.697517,14.604141,14.772133,14.641502,14.753487,14.790794,14.753487,14.883965,14.939812,14.865326,14.809425,14.734833,14.977043,14.734833,14.921196,14.883965,14.566772,14.753487,14.678848,14.716171,14.641502,14.734833,14.809425,14.641502,14.865326,14.921196,14.622826,14.753487,14.734833,14.921196,14.566772,14.790794,14.753487,14.846703,14.921196,14.753487,14.734833,14.790794,14.846703,14.678848,14.678848,14.734833,14.734833,14.716171,14.995636,14.753487,14.809425,14.716171,14.828064,14.958420,14.772133,14.753487,14.753487,14.753487,14.772133,14.716171,14.716171,14.846703,14.548080,14.734833,14.716171,14.790794,14.883965,14.697517,14.604141,14.753487,14.734833,14.641502,14.660179,14.622826,14.958420,14.585457,14.678848,14.660179,14.865326,14.865326,14.790794,14.846703,14.641502,14.622826,14.772133,14.828064,14.828064,14.641502,14.734833,14.977043,14.828064,14.865326,14.454552,14.977043,14.585457,14.734833,14.716171,14.828064,14.865326,14.790794,14.921196,14.716171,14.902580,14.902580,14.921196,14.865326,14.921196,14.921196,14.865326,14.995636,14.772133,14.828064,14.958420,14.902580,14.716171,14.995636,14.790794,14.921196,15.088600,15.218575,
15.051422,14.939812,14.883965,14.772133,14.753487,14.939812,14.809425,15.051422,14.828064,14.921196,14.902580,14.883965,14.828064,14.939812,15.014244,15.070015,14.790794,14.902580,14.902580,15.032837,15.181458,15.125755,15.366905,15.514977,15.773499,16.123146,16.672379,16.690620,17.018410,17.814415,17.904396,18.155830,18.638596,19.100807,19.348618,19.595665,19.542793,19.736496,19.912178,19.877083,20.105003,20.069977,20.069977,20.087494,20.192490,20.402061,20.209976,20.279877,20.332268,20.541473,20.384621,20.524055,20.645866,20.680634,20.541473,20.923576,20.732758,20.680634,20.871582,21.062057,21.079346,20.871582,21.027458,20.975533,20.888908,20.940895,21.062057,21.148476,21.303802,20.923576,21.131203,20.992851,21.079346,20.871582,20.940895,21.286568,21.096642,21.286568,21.441612,21.544792,21.544792,21.493217,21.510414,21.510414,21.544792,21.544792,21.596336,21.682167,21.682167,21.665016,21.733620,21.733620,21.510414,21.699318,21.682167,21.767891,21.887764,21.785027,21.802162,21.819290,21.750755,21.956161,21.682167,21.733620,21.819290,21.716469,21.699318,21.802162,21.767891,21.853539,21.921967,21.904861,22.058662,21.990349,21.956161,21.956161,21.921967,22.041588,21.904861,22.041588,22.007431,21.939064,22.178062,22.041588,22.007431,21.990349,21.904861,22.263237,21.990349,22.126915,21.973259,21.819290,21.819290,21.870644,21.802162,21.733620,21.716469,21.767891,21.853539,21.939064,21.836411,21.716469,21.870644,21.819290,21.665016,21.921967,21.956161,21.921967,21.785027,21.870644,21.939064,21.990349,21.973259,22.024513,22.143959,22.212143,22.178062,22.092789,22.348305,22.007431,22.075729,22.041588,22.092789,21.973259,21.973259,21.750755,21.785027,21.802162,21.544792,21.493217,21.424393,21.510414,21.510414,21.407181,21.476021,21.355507,21.424393,21.596336,21.510414,21.579163,21.389961,21.407181,21.407181,21.407181,21.476021,21.647850,21.424393,21.476021,21.321045,21.544792,21.544792,21.407181,21.544792,21.613518,21.493217,21.682167,21.493217,21.596336,21.527603,21.699318,21.441612,21.527603,21.596336,21.561981,21.476021,21.441612,21.510414,21.424393,21.303802,21.407181,21.441612,21.458817,21.200287,21.338272,21.355507,21.441612,21.424393,21.407181,21.407181,21.441612,21.527603,21.321045,21.682167,21.510414,21.389961,21.372734,21.303802,21.407181,21.389961,21.510414,21.338272,21.372734,21.510414,21.510414,21.493217,21.579163,21.527603,21.665016,21.561981,21.596336,21.596336,21.665016,21.596336,21.665016,21.750755,21.596336,21.596336,21.699318,21.630684,21.596336,21.510414,21.458817,21.510414,21.476021,21.286568,21.407181,21.389961,21.321045,21.458817,21.303802,21.286568,21.252068,21.234810,21.148476,21.079346,21.165756,21.165756,21.079346,21.131203,21.424393,20.992851,21.269310,21.303802,21.217552,21.286568,21.148476,21.252068,21.217552,21.183029,21.252068,21.079346,20.992851,20.784843,20.888908,20.750122,20.767487,20.332268,20.471802,20.524055,20.454369,20.384621,20.524055,20.367180,20.541473,20.489220,20.576286,20.611084,20.698021,20.715385,20.784843,20.836899,20.940895,20.888908,20.802200,21.079346,20.992851,20.854233,20.802200,20.732758,20.680634,20.663254,20.384621,20.454369,20.402061,20.367180,20.279877,20.140007,20.174995,20.192490,20.087494,20.069977,19.929733,19.630898,19.824394,19.701309,19.578049,19.648506,19.472237,19.489883,19.436943,19.419281,19.454590,19.224815,19.277893,19.153984,19.136261,19.118538,18.674240,18.656418,18.388626,17.940361,17.688278,17.399261,17.127403,16.982056,16.581078,16.086403,15.920883,15.607391,15.459480,15.237137,15.181458,15.125755,14.995636,15.032837,14.977043,14.995636,15.218575,14.902580,14.734833,14.958420,14.977043,14.995636,15.014244,14.921196,15.144333,15.070015,15.088600,14.846703,14.921196,14.921196,14.883965,14.809425,14.902580,15.014244,14.921196,15.014244,14.977043,14.865326,15.051422,14.865326,14.846703,14.921196,14.977043,14.865326,14.828064,14.772133,15.014244,14.772133,14.977043,14.902580,14.958420,14.772133,14.921196,14.921196,14.809425,14.865326,14.921196,14.846703,14.921196,14.865326,14.939812,14.921196,14.902580,14.846703,14.828064,14.772133,14.846703,14.772133,14.809425,14.697517,14.809425,14.790794,14.716171,14.809425,14.697517,14.902580,14.548080,14.753487,14.977043,14.828064,14.865326,14.641502,14.828064,14.921196,15.014244,14.790794,14.846703,14.921196,14.697517,14.939812,14.790794,14.753487,14.753487,14.809425,14.753487,14.790794,14.846703,14.716171,14.809425,14.772133,14.921196,14.660179,14.697517,14.716171,14.921196,14.790794,14.846703,14.846703,14.809425,14.828064,14.846703,14.828064,14.790794,14.846703,14.790794,14.828064,14.846703,14.697517,14.828064,14.865326,14.772133,14.958420,14.828064,14.697517,14.865326,14.772133,14.678848,14.939812,14.883965,14.828064,14.828064,14.828064,14.995636,14.939812,14.977043,14.846703,14.865326,14.622826,14.939812,14.958420,14.790794,14.753487,14.958420,14.772133,15.107178,14.902580,14.883965,14.716171,14.995636,14.809425,14.772133,14.921196,14.828064,14.641502,14.734833,14.660179,14.660179,14.660179,14.753487,14.678848,14.660179,14.641502,14.977043,14.734833,15.014244,14.977043,15.107178,15.014244,15.032837,15.051422,15.088600,14.939812,14.995636,15.088600,14.977043,14.790794,14.995636,14.902580,14.809425,14.809425,14.753487,14.828064,14.641502,14.753487,14.772133,14.753487,14.660179,14.641502,14.734833,15.032837,15.014244,14.846703,14.734833,14.921196,14.697517,14.977043,14.809425,14.883965,14.753487,14.772133,14.958420,14.828064,14.995636,14.865326,14.697517,14.716171,14.809425,14.828064,14.772133,14.734833,14.772133,14.604141,14.772133,14.828064,14.753487,14.604141,14.977043,14.716171,14.772133,14.902580,14.772133,14.660179,14.809425,14.697517,14.604141,14.697517,14.846703,14.734833,14.883965,14.809425,14.491982,14.753487,14.716171,14.716171,14.753487,14.641502,14.622826,14.790794,14.828064,14.809425,14.865326,14.734833,14.753487,14.883965,14.604141,14.491982,14.865326,14.660179,14.566772,14.734833,14.883965,14.548080,14.753487,14.865326,14.734833,14.697517,15.014244,14.772133,14.865326,14.753487,14.772133,14.809425,14.790794,14.865326,14.809425,14.716171,14.846703,14.753487,14.939812,14.734833,14.902580,14.772133,14.883965,14.491982,14.939812,14.902580,14.622826,14.753487,14.753487,14.995636,15.200020,14.995636,14.902580,14.828064,14.883965,14.958420,14.828064,14.902580,14.902580,14.995636,14.641502,14.622826,14.995636,14.883965,15.014244,15.014244,14.921196,15.051422,14.995636,
15.144333,14.772133,14.772133,14.753487,14.734833,14.809425,15.032837,14.995636,14.865326,15.107178,14.939812,15.107178,14.697517,15.014244,14.921196,15.014244,15.032837,14.939812,14.828064,15.051422,15.181458,15.311302,15.274223,15.736610,15.865646,16.233269,16.379883,16.763573,17.218117,17.670250,17.796410,18.352852,18.585091,18.941109,19.153984,19.383957,19.595665,19.683716,19.929733,19.947273,19.718910,20.140007,20.017418,20.157509,20.157509,19.999893,20.349724,20.297348,20.367180,20.471802,20.524055,20.628487,20.419502,20.628487,20.750122,20.645866,20.784843,20.680634,20.819542,20.871582,20.923576,20.888908,20.940895,21.165756,21.044754,20.906242,21.165756,20.871582,21.096642,21.234810,20.940895,20.836899,21.044754,21.062057,20.871582,21.165756,20.992851,20.992851,21.338272,21.407181,21.372734,21.476021,21.630684,21.441612,21.252068,21.699318,21.630684,21.561981,21.716469,21.630684,21.493217,21.665016,21.527603,21.647850,21.921967,21.699318,21.733620,21.767891,21.613518,21.682167,21.561981,21.785027,21.733620,21.665016,21.561981,21.750755,21.785027,22.007431,21.836411,21.853539,21.819290,21.733620,22.109856,21.853539,21.819290,22.075729,21.956161,22.058662,22.143959,21.921967,21.939064,21.939064,22.126915,22.041588,22.246208,22.092789,22.092789,22.058662,22.075729,22.007431,22.109856,22.007431,21.939064,21.990349,21.819290,21.767891,21.853539,21.802162,21.819290,21.767891,21.921967,21.647850,21.767891,21.682167,21.630684,21.802162,21.716469,21.956161,21.750755,21.785027,21.904861,21.939064,21.973259,22.126915,22.212143,22.178062,22.041588,22.075729,22.126915,22.092789,22.161018,21.921967,21.973259,21.785027,21.887764,21.802162,21.665016,21.613518,21.407181,21.561981,21.458817,21.234810,21.355507,21.493217,21.252068,21.510414,21.389961,21.544792,21.355507,21.441612,21.252068,21.441612,21.476021,21.510414,21.200287,21.407181,21.527603,21.476021,21.544792,21.527603,21.476021,21.476021,21.441612,21.441612,21.510414,21.665016,21.630684,21.750755,21.647850,21.665016,21.544792,21.613518,21.682167,21.493217,21.544792,21.527603,21.389961,21.338272,21.113914,21.338272,21.338272,21.389961,21.234810,21.338272,21.200287,21.389961,21.286568,21.286568,21.200287,21.372734,21.407181,21.372734,21.493217,21.493217,21.424393,21.389961,21.338272,21.303802,21.355507,21.355507,21.493217,21.407181,21.217552,21.579163,21.493217,21.716469,21.389961,21.441612,21.630684,21.476021,21.630684,21.510414,21.613518,21.699318,21.407181,21.527603,21.458817,21.613518,21.389961,21.510414,21.424393,21.647850,21.493217,21.389961,21.424393,21.510414,21.338272,21.424393,21.372734,21.372734,21.269310,21.252068,21.062057,21.010155,21.113914,21.234810,21.183029,21.096642,21.062057,21.303802,21.079346,21.252068,20.906242,21.165756,21.010155,20.975533,21.217552,21.252068,21.062057,21.113914,20.958221,20.923576,20.923576,21.079346,20.767487,20.663254,20.611084,20.419502,20.489220,20.419502,20.576286,20.454369,20.489220,20.593697,20.576286,20.663254,20.541473,20.698021,20.784843,20.819542,20.940895,20.906242,21.010155,20.784843,20.784843,20.888908,20.715385,20.767487,20.871582,20.593697,20.628487,20.454369,20.402061,20.471802,20.227455,20.209976,20.192490,20.140007,20.122513,19.982353,19.894638,19.789246,19.912178,19.648506,19.754082,19.613289,19.578049,19.348618,19.401619,19.330948,19.366287,19.348618,19.207108,19.260208,19.242508,18.976631,19.171692,18.781090,18.638596,18.406502,17.922386,17.778404,17.489685,17.199982,16.891090,16.599342,16.233269,15.865646,15.607391,15.644325,15.237137,15.162895,15.144333,15.200020,15.088600,14.883965,14.846703,14.939812,15.051422,14.902580,14.846703,15.051422,15.032837,15.032837,14.939812,14.921196,15.051422,15.014244,15.070015,14.977043,14.809425,15.032837,15.032837,15.088600,14.790794,15.032837,14.958420,14.921196,14.958420,14.921196,14.958420,14.865326,14.902580,14.883965,14.921196,15.070015,14.995636,15.014244,14.846703,15.181458,14.921196,15.218575,14.883965,14.865326,14.921196,14.902580,14.883965,14.921196,14.902580,14.734833,14.790794,14.828064,14.734833,14.790794,14.902580,14.828064,14.734833,14.939812,14.734833,14.772133,14.734833,14.753487,14.883965,14.772133,14.716171,14.883965,14.790794,14.883965,14.846703,14.753487,14.809425,14.716171,14.753487,14.883965,14.865326,14.790794,14.753487,14.753487,14.865326,14.772133,14.772133,14.939812,14.697517,14.734833,14.883965,14.809425,14.883965,14.846703,14.883965,14.995636,14.958420,14.697517,14.828064,14.809425,14.865326,14.734833,14.865326,14.772133,14.902580,14.678848,14.846703,14.865326,14.716171,14.828064,14.678848,14.753487,14.697517,14.772133,14.846703,14.939812,14.921196,14.995636,14.566772,14.790794,14.883965,14.846703,14.883965,14.995636,14.846703,14.772133,14.790794,14.902580,14.697517,14.846703,15.014244,14.921196,14.958420,14.883965,14.809425,14.939812,14.828064,14.939812,14.734833,14.828064,14.902580,15.014244,14.921196,15.032837,14.902580,14.716171,14.828064,14.734833,14.790794,14.660179,14.473274,14.585457,14.585457,14.548080,14.566772,14.660179,14.604141,14.790794,14.660179,14.846703,14.977043,15.051422,15.088600,15.070015,15.311302,15.051422,14.995636,15.274223,15.070015,15.070015,15.051422,14.977043,15.088600,14.921196,15.070015,14.865326,14.660179,14.753487,14.809425,14.809425,14.846703,14.865326,14.772133,14.772133,14.865326,14.902580,14.548080,14.828064,14.716171,14.921196,14.883965,14.883965,14.846703,14.809425,14.846703,14.716171,14.716171,14.772133,14.883965,14.828064,14.641502,14.604141,14.828064,14.902580,15.014244,14.716171,14.846703,14.790794,14.604141,14.716171,14.753487,14.753487,14.772133,14.828064,14.734833,14.641502,14.846703,14.585457,14.809425,14.548080,14.548080,14.809425,14.585457,14.585457,14.660179,14.772133,14.491982,14.734833,14.566772,14.809425,14.902580,14.902580,14.846703,14.697517,14.790794,14.828064,14.753487,14.809425,14.716171,14.828064,14.828064,14.716171,14.790794,14.790794,14.678848,14.491982,14.548080,14.846703,14.734833,14.716171,14.883965,14.678848,14.753487,14.790794,14.716171,14.548080,14.846703,14.809425,14.734833,14.828064,14.734833,14.772133,14.491982,14.809425,14.716171,14.641502,14.641502,14.846703,14.809425,14.716171,14.790794,14.622826,14.790794,14.995636,15.051422,14.772133,14.939812,14.697517,15.032837,14.902580,14.902580,14.604141,14.883965,14.828064,15.051422,14.772133,14.809425,14.902580,15.070015,14.716171,14.641502,14.902580,14.846703,14.865326,14.921196,14.939812,
15.144333,14.902580,14.977043,14.939812,14.958420,14.939812,14.939812,14.902580,14.865326,15.070015,14.883965,14.939812,14.716171,15.107178,14.977043,14.958420,14.883965,14.921196,14.790794,15.218575,15.070015,15.200020,15.329842,15.366905,15.994492,16.159874,16.471397,16.727104,17.163704,17.616119,17.904396,18.209602,18.477982,18.870033,19.153984,19.454590,19.525154,19.789246,19.841957,20.052460,20.052460,20.105003,19.982353,20.279877,20.174995,20.105003,20.209976,20.244934,20.524055,20.384621,20.419502,20.645866,20.524055,20.541473,20.732758,20.576286,20.541473,20.854233,20.906242,21.027458,20.836899,21.010155,20.854233,21.044754,20.854233,20.975533,20.923576,20.750122,20.923576,20.888908,20.854233,20.871582,21.010155,21.044754,20.975533,21.010155,21.131203,21.355507,21.217552,21.372734,21.321045,21.338272,21.527603,21.544792,21.527603,21.389961,21.561981,21.389961,21.407181,21.544792,21.458817,21.682167,21.836411,21.630684,21.716469,21.682167,21.682167,21.699318,21.733620,21.716469,21.493217,21.647850,21.750755,21.716469,21.699318,21.716469,21.733620,21.785027,21.750755,21.682167,21.785027,21.921967,21.836411,22.024513,21.939064,21.887764,21.819290,21.750755,21.870644,21.956161,21.904861,21.853539,21.939064,22.092789,21.853539,21.921967,21.819290,21.904861,22.075729,21.956161,21.904861,22.058662,21.870644,21.939064,21.836411,21.853539,21.785027,21.904861,21.767891,21.699318,21.750755,21.682167,21.544792,21.767891,21.716469,21.561981,21.665016,21.716469,21.836411,21.767891,21.921967,21.990349,22.024513,22.195107,22.075729,22.450264,21.990349,22.143959,22.178062,22.075729,22.195107,21.956161,21.904861,22.041588,21.904861,21.716469,21.785027,21.733620,21.630684,21.493217,21.476021,21.441612,21.476021,21.372734,21.389961,21.372734,21.458817,21.303802,21.389961,21.200287,21.407181,21.389961,21.269310,21.372734,21.338272,21.424393,21.321045,21.355507,21.234810,21.355507,21.458817,21.527603,21.458817,21.510414,21.476021,21.596336,21.458817,21.389961,21.579163,21.441612,21.303802,21.441612,21.527603,21.458817,21.458817,21.510414,21.424393,21.338272,21.234810,21.372734,21.269310,21.321045,21.476021,21.338272,21.200287,21.217552,21.252068,21.252068,21.407181,21.338272,21.269310,21.355507,21.321045,21.389961,21.544792,21.389961,21.286568,21.252068,21.183029,21.389961,21.355507,21.303802,21.389961,21.303802,21.458817,21.596336,21.389961,21.647850,21.665016,21.493217,21.493217,21.682167,21.630684,21.613518,21.544792,21.596336,21.596336,21.389961,21.355507,21.699318,21.441612,21.372734,21.407181,21.372734,21.338272,21.527603,21.269310,21.252068,21.355507,21.303802,21.372734,21.113914,21.200287,21.183029,21.217552,21.062057,21.269310,21.200287,21.200287,21.113914,21.062057,21.234810,21.200287,21.113914,21.165756,21.269310,20.906242,21.321045,21.044754,20.767487,20.975533,21.044754,20.923576,20.819542,20.836899,20.611084,20.715385,20.436943,20.436943,20.506645,20.628487,20.541473,20.402061,20.471802,20.593697,20.628487,20.663254,20.680634,20.698021,20.906242,21.062057,20.871582,20.836899,21.062057,20.871582,20.888908,20.923576,20.819542,20.715385,20.628487,20.558884,20.524055,20.558884,20.402061,20.367180,20.122513,20.140007,20.157509,20.069977,20.069977,19.824394,19.929733,19.912178,19.754082,19.648506,19.472237,19.666115,19.419281,19.419281,19.419281,19.454590,19.295586,19.207108,19.224815,19.189407,19.224815,18.852249,18.870033,18.513702,18.424385,18.030205,17.868416,17.561958,17.417351,16.727104,16.781799,16.251610,15.810371,15.607391,15.514977,15.385422,15.292770,15.162895,15.311302,15.088600,14.921196,14.939812,14.921196,15.032837,14.846703,14.977043,15.218575,14.995636,14.828064,15.014244,15.088600,14.995636,14.995636,14.828064,14.921196,15.032837,14.995636,14.995636,15.014244,14.883965,15.107178,14.790794,14.977043,14.977043,14.958420,15.014244,14.902580,15.032837,14.902580,14.846703,14.883965,14.809425,15.088600,14.902580,14.865326,14.995636,14.939812,14.921196,14.958420,14.660179,14.902580,14.828064,14.716171,14.678848,14.921196,14.753487,14.772133,14.622826,14.809425,14.809425,14.809425,14.846703,14.641502,14.585457,14.958420,14.902580,14.846703,14.678848,14.809425,14.809425,14.846703,14.772133,14.678848,14.604141,14.902580,14.809425,14.809425,14.865326,14.902580,14.865326,14.790794,14.790794,14.604141,14.697517,14.734833,14.883965,14.772133,14.622826,14.883965,14.697517,14.772133,14.716171,14.790794,14.697517,14.716171,14.660179,14.828064,14.883965,14.678848,14.828064,14.790794,14.716171,14.790794,14.772133,14.883965,14.809425,14.846703,14.977043,14.753487,14.846703,14.809425,14.846703,14.790794,14.641502,14.883965,14.921196,14.828064,14.697517,14.716171,14.772133,14.939812,14.865326,14.846703,14.883965,14.846703,14.883965,14.958420,14.865326,14.772133,14.977043,14.977043,14.977043,14.865326,14.921196,14.846703,14.958420,15.014244,14.921196,14.977043,14.790794,15.014244,14.977043,14.828064,14.753487,14.846703,14.846703,14.828064,14.697517,14.753487,14.566772,14.939812,14.828064,14.641502,14.641502,14.660179,14.678848,14.641502,14.697517,14.939812,14.958420,14.846703,14.977043,15.107178,15.200020,15.088600,15.032837,15.162895,15.107178,15.162895,15.070015,14.828064,14.846703,14.977043,14.678848,14.529381,14.548080,14.790794,14.622826,14.846703,14.790794,14.753487,14.548080,14.790794,14.865326,14.697517,14.828064,14.697517,14.678848,14.753487,14.828064,14.828064,14.809425,14.828064,14.790794,14.828064,14.790794,14.772133,15.014244,14.865326,14.921196,14.902580,14.641502,14.641502,14.734833,14.772133,14.772133,14.772133,14.846703,14.660179,14.753487,14.958420,14.753487,14.865326,14.958420,14.865326,14.734833,14.585457,14.734833,14.828064,14.883965,14.883965,14.697517,14.660179,14.734833,14.790794,14.641502,14.846703,14.604141,14.883965,14.716171,14.491982,14.790794,14.846703,14.790794,14.902580,14.921196,14.772133,14.473274,14.585457,14.753487,14.660179,14.753487,14.585457,14.660179,14.828064,14.678848,14.660179,14.716171,14.865326,14.697517,14.697517,14.641502,14.379669,14.753487,14.604141,14.790794,14.828064,14.716171,14.958420,14.510681,14.828064,14.790794,14.828064,14.902580,14.697517,14.734833,14.790794,14.641502,14.697517,14.828064,14.790794,15.051422,14.660179,14.753487,14.865326,14.939812,14.697517,14.846703,14.828064,14.660179,14.902580,14.790794,14.883965,14.865326,14.921196,14.772133,14.828064,14.641502,14.958420,15.144333,14.865326,14.921196,14.846703,15.200020,15.088600,
15.162895,14.809425,15.014244,14.883965,14.753487,14.846703,14.772133,14.939812,14.809425,14.939812,14.902580,14.902580,15.088600,15.051422,14.921196,15.051422,14.921196,14.995636,15.070015,14.809425,15.200020,15.274223,15.311302,15.551949,15.662788,16.012886,16.434807,16.544525,17.344955,17.598068,17.904396,18.227524,18.585091,18.834473,19.207108,19.260208,19.630898,19.771667,19.806816,20.034943,19.841957,20.157509,20.174995,19.947273,20.174995,20.349724,20.436943,20.279877,20.297348,20.471802,20.402061,20.541473,20.506645,20.471802,20.854233,20.784843,20.698021,20.819542,20.854233,20.750122,20.975533,20.836899,20.975533,20.854233,21.010155,20.958221,21.165756,20.940895,20.888908,20.992851,20.819542,20.836899,20.975533,20.732758,21.010155,20.975533,21.096642,20.940895,21.441612,21.303802,21.303802,21.200287,21.458817,21.338272,21.441612,21.286568,21.424393,21.544792,21.458817,21.544792,21.544792,21.510414,21.476021,21.613518,21.613518,21.458817,21.579163,21.596336,21.596336,21.493217,21.647850,21.613518,21.819290,21.389961,21.613518,21.579163,21.527603,21.647850,21.579163,21.785027,21.596336,21.887764,21.750755,21.853539,21.733620,21.956161,21.699318,21.870644,21.990349,21.853539,21.887764,21.819290,21.887764,21.973259,21.904861,21.802162,21.870644,22.041588,21.973259,21.767891,21.990349,21.887764,21.785027,21.819290,21.939064,21.819290,21.887764,21.802162,21.750755,21.716469,21.767891,21.682167,21.682167,21.785027,21.682167,21.682167,21.767891,21.750755,21.836411,21.836411,21.853539,22.007431,22.109856,22.024513,22.161018,22.263237,22.143959,22.195107,22.143959,22.143959,22.195107,21.956161,22.058662,21.990349,21.973259,21.750755,21.716469,21.579163,21.630684,21.544792,21.441612,21.441612,21.458817,21.527603,21.476021,21.321045,21.372734,21.561981,21.372734,21.234810,21.200287,21.544792,21.321045,21.372734,21.252068,21.286568,21.441612,21.355507,21.234810,21.338272,21.355507,21.321045,21.493217,21.407181,21.407181,21.458817,21.493217,21.441612,21.321045,21.338272,21.458817,21.407181,21.527603,21.561981,21.493217,21.389961,21.338272,21.096642,21.355507,21.303802,21.458817,21.183029,21.286568,21.407181,21.217552,21.303802,21.252068,21.183029,21.286568,21.321045,21.372734,21.217552,21.183029,21.183029,21.269310,21.269310,21.183029,21.321045,21.338272,21.234810,21.303802,21.200287,21.338272,21.389961,21.407181,21.441612,21.424393,21.286568,21.630684,21.510414,21.458817,21.544792,21.785027,21.682167,21.682167,21.544792,21.579163,21.407181,21.579163,21.269310,21.389961,21.389961,21.303802,21.372734,21.338272,21.303802,21.234810,21.148476,21.303802,21.183029,21.303802,21.148476,21.217552,21.148476,21.338272,21.113914,21.165756,21.096642,21.096642,21.113914,20.958221,21.131203,21.044754,21.148476,21.183029,21.027458,21.079346,20.992851,21.027458,20.888908,20.854233,20.819542,20.906242,20.923576,20.767487,20.784843,20.750122,20.506645,20.541473,20.297348,20.419502,20.436943,20.436943,20.419502,20.663254,20.645866,20.558884,20.802200,20.767487,20.819542,21.010155,20.836899,21.062057,21.079346,20.819542,20.854233,20.819542,20.836899,20.715385,20.680634,20.802200,20.436943,20.506645,20.402061,20.436943,20.262413,20.227455,20.297348,20.140007,19.894638,19.964821,19.929733,19.841957,19.771667,19.542793,19.383957,19.613289,19.560417,19.401619,19.419281,19.348618,19.295586,19.366287,19.277893,19.277893,19.136261,18.958870,18.727684,18.442253,18.406502,18.119965,17.886406,17.453522,17.290627,16.854668,16.526253,16.269951,15.902481,15.681252,15.422462,15.311302,15.181458,15.162895,15.237137,14.995636,15.051422,14.995636,14.939812,15.032837,15.088600,14.939812,15.181458,14.846703,14.939812,14.939812,15.088600,15.014244,15.125755,15.051422,14.958420,15.088600,14.958420,14.995636,14.958420,14.977043,15.088600,14.921196,14.995636,14.958420,14.865326,15.070015,14.921196,15.088600,14.753487,14.828064,14.958420,14.958420,14.921196,15.088600,14.939812,14.772133,14.902580,14.958420,14.958420,14.846703,14.846703,14.753487,14.809425,14.921196,14.883965,14.753487,14.772133,14.734833,14.734833,14.734833,14.846703,14.697517,14.809425,14.753487,14.921196,14.828064,14.753487,14.772133,14.660179,14.772133,14.939812,14.566772,15.051422,14.622826,14.753487,14.716171,14.753487,14.809425,14.902580,14.902580,14.790794,14.641502,14.939812,14.697517,14.846703,14.604141,14.865326,14.846703,14.622826,14.828064,14.846703,14.772133,14.772133,14.790794,14.772133,14.790794,14.790794,14.790794,14.883965,14.753487,14.902580,14.753487,14.716171,14.772133,14.734833,14.883965,14.921196,14.772133,14.716171,14.883965,14.846703,14.865326,14.678848,14.902580,14.846703,14.772133,14.883965,14.734833,14.790794,14.846703,14.809425,14.921196,14.734833,14.846703,14.902580,15.032837,14.865326,14.977043,14.958420,14.865326,15.032837,14.809425,14.828064,14.697517,14.846703,14.865326,14.939812,14.902580,15.014244,14.809425,14.958420,14.902580,14.846703,14.902580,14.790794,14.678848,14.809425,14.660179,14.491982,14.417122,14.660179,14.790794,14.772133,14.641502,14.697517,14.697517,14.716171,14.622826,14.734833,15.125755,14.958420,14.939812,15.107178,15.051422,15.181458,14.865326,15.144333,15.032837,14.921196,15.070015,14.865326,14.846703,14.958420,14.883965,14.660179,14.828064,14.734833,14.660179,14.753487,14.790794,14.678848,14.734833,14.622826,14.622826,14.865326,14.660179,14.846703,14.716171,14.865326,14.697517,14.828064,14.828064,14.902580,14.846703,14.678848,14.585457,14.660179,14.977043,14.585457,14.902580,14.846703,14.678848,14.660179,14.622826,14.921196,14.772133,14.921196,14.753487,14.604141,14.753487,14.939812,14.678848,14.734833,14.883965,14.828064,14.622826,14.790794,14.753487,14.828064,14.548080,14.566772,14.734833,14.809425,14.716171,14.753487,14.604141,14.678848,14.902580,14.902580,14.660179,14.772133,14.529381,14.846703,14.716171,14.697517,14.772133,14.846703,14.772133,14.734833,14.734833,14.585457,14.809425,14.529381,14.753487,14.622826,14.641502,14.809425,14.790794,14.716171,14.678848,14.734833,14.678848,14.697517,14.790794,14.846703,14.697517,14.678848,14.678848,14.622826,14.883965,14.790794,14.622826,14.883965,14.772133,14.678848,14.809425,14.846703,14.734833,14.828064,14.809425,14.753487,14.902580,14.883965,14.809425,14.865326,15.032837,14.921196,14.846703,15.107178,14.902580,15.051422,14.846703,15.014244,15.070015,14.902580,14.977043,15.032837,14.622826,14.995636,14.995636,14.846703,15.051422,15.200020,14.977043,15.311302,
15.070015,15.237137,14.772133,14.883965,14.958420,14.958420,14.958420,14.883965,15.088600,14.958420,14.828064,14.977043,14.995636,15.107178,14.939812,14.921196,14.790794,15.329842,14.790794,14.753487,15.014244,15.162895,15.218575,15.274223,15.810371,16.159874,16.306610,16.745338,17.091087,17.525826,18.066116,18.227524,18.585091,19.012123,19.100807,19.383957,19.419281,19.630898,19.736496,20.017418,19.859520,20.017418,19.999893,20.279877,20.227455,20.314804,20.262413,20.524055,20.524055,20.367180,20.489220,20.698021,20.576286,20.576286,20.732758,20.992851,20.628487,20.854233,20.698021,20.802200,20.940895,20.854233,20.906242,20.871582,20.854233,20.958221,21.027458,20.854233,20.940895,20.663254,20.819542,20.680634,20.923576,20.975533,20.906242,21.027458,20.940895,21.062057,21.027458,21.165756,21.079346,21.183029,21.148476,21.286568,21.252068,21.355507,21.303802,21.372734,21.407181,21.579163,21.493217,21.493217,21.544792,21.441612,21.596336,21.561981,21.596336,21.613518,21.424393,21.476021,21.699318,21.596336,21.458817,21.544792,21.579163,21.493217,21.647850,21.596336,21.613518,21.630684,21.682167,21.699318,21.785027,21.544792,21.665016,21.853539,21.750755,21.613518,21.887764,21.853539,21.682167,21.836411,21.802162,21.904861,21.836411,21.853539,21.887764,22.007431,21.716469,21.921967,21.836411,21.750755,21.802162,21.802162,21.647850,21.819290,21.665016,21.819290,21.647850,21.630684,21.699318,21.579163,21.699318,21.682167,21.836411,21.733620,21.682167,21.613518,21.733620,21.853539,21.716469,21.921967,21.973259,22.007431,22.024513,22.024513,22.092789,22.126915,22.195107,22.075729,22.058662,21.939064,21.921967,22.126915,22.075729,21.733620,21.665016,22.058662,21.682167,21.476021,21.476021,21.493217,21.441612,21.458817,21.441612,21.372734,21.389961,21.338272,21.303802,21.407181,21.389961,21.407181,21.355507,21.476021,21.372734,21.476021,21.372734,21.458817,21.321045,21.372734,21.355507,21.355507,21.441612,21.303802,21.407181,21.424393,21.321045,21.441612,21.579163,21.424393,21.338272,21.389961,21.424393,21.286568,21.407181,21.303802,21.338272,21.303802,21.372734,21.286568,21.407181,21.269310,21.441612,21.355507,21.200287,21.321045,21.286568,21.286568,21.338272,21.183029,21.441612,21.200287,21.200287,21.458817,21.321045,21.389961,21.424393,21.217552,21.234810,21.321045,21.269310,21.303802,21.441612,21.441612,21.338272,21.338272,21.493217,21.355507,21.527603,21.493217,21.561981,21.579163,21.579163,21.476021,21.441612,21.424393,21.493217,21.407181,21.321045,21.338272,21.148476,21.321045,21.303802,21.217552,21.389961,21.303802,21.062057,21.252068,21.027458,21.200287,21.165756,21.200287,21.165756,21.010155,21.148476,21.079346,21.027458,20.923576,21.027458,21.079346,20.992851,21.148476,21.165756,21.010155,21.062057,20.836899,20.923576,20.888908,21.044754,20.940895,20.906242,20.854233,20.819542,20.819542,20.698021,20.819542,20.576286,20.506645,20.593697,20.489220,20.384621,20.506645,20.454369,20.524055,20.732758,20.819542,20.680634,20.819542,20.732758,20.854233,21.062057,20.888908,20.992851,20.923576,20.836899,20.784843,20.854233,20.906242,20.750122,20.645866,20.802200,20.506645,20.663254,20.367180,20.471802,20.279877,20.087494,20.034943,20.105003,19.999893,19.947273,19.841957,19.894638,19.648506,19.578049,19.666115,19.542793,19.401619,19.401619,19.525154,19.348618,19.260208,19.383957,19.330948,19.277893,19.065346,18.976631,18.781090,18.531555,18.352852,18.155830,17.778404,17.399261,17.163704,16.927490,16.617607,16.086403,15.773499,15.644325,15.459480,15.292770,15.162895,15.014244,15.200020,14.883965,15.070015,15.014244,15.107178,15.070015,14.995636,14.865326,15.088600,14.958420,15.051422,14.939812,14.995636,15.032837,15.014244,14.977043,14.921196,14.716171,15.051422,14.865326,14.846703,14.883965,14.995636,15.032837,15.014244,14.977043,14.958420,14.828064,14.995636,14.939812,14.846703,14.828064,14.977043,14.939812,14.865326,14.902580,14.921196,14.865326,14.865326,14.734833,14.902580,14.958420,14.883965,14.828064,14.772133,14.697517,14.939812,14.753487,14.697517,14.809425,14.790794,14.641502,15.014244,14.604141,14.921196,14.977043,14.809425,14.790794,14.772133,14.548080,14.716171,14.697517,14.939812,14.734833,14.660179,14.772133,14.604141,14.622826,14.828064,14.865326,14.622826,14.753487,14.772133,14.697517,14.846703,14.846703,14.790794,14.902580,14.772133,14.772133,14.716171,14.921196,14.678848,14.753487,14.921196,14.716171,14.678848,14.902580,14.678848,14.958420,14.846703,14.846703,14.753487,14.846703,14.716171,14.865326,14.734833,14.883965,14.790794,14.921196,14.566772,14.958420,14.902580,14.697517,14.883965,14.753487,14.958420,14.753487,14.828064,14.790794,14.828064,14.772133,14.828064,14.772133,14.846703,14.902580,14.902580,14.846703,14.902580,14.660179,15.014244,14.846703,14.958420,14.902580,14.902580,14.995636,14.790794,14.828064,14.753487,14.865326,14.846703,14.809425,14.809425,14.921196,14.846703,14.846703,14.846703,14.753487,14.716171,14.678848,14.697517,14.734833,14.622826,14.734833,14.734833,14.753487,14.604141,14.716171,14.772133,14.734833,14.585457,14.753487,15.032837,14.753487,14.977043,14.995636,15.032837,15.144333,15.014244,14.977043,14.995636,15.144333,14.995636,15.144333,14.678848,14.902580,14.846703,14.585457,14.734833,14.772133,14.883965,14.828064,14.828064,14.734833,14.790794,14.566772,14.828064,14.716171,14.809425,14.734833,14.734833,14.865326,14.790794,14.939812,14.660179,14.753487,14.846703,14.753487,14.939812,14.865326,14.734833,14.790794,14.772133,14.660179,14.846703,14.753487,14.790794,14.828064,14.790794,14.622826,14.790794,14.641502,14.678848,14.660179,14.790794,14.790794,14.641502,14.753487,14.678848,14.772133,14.790794,14.604141,14.641502,14.753487,14.622826,14.678848,14.828064,14.753487,14.828064,14.697517,14.734833,14.678848,14.604141,14.678848,14.678848,14.716171,14.641502,14.828064,14.753487,14.604141,14.697517,14.828064,14.809425,14.734833,14.585457,14.716171,14.473274,14.604141,14.622826,14.772133,14.939812,14.641502,14.622826,14.678848,14.828064,14.753487,14.883965,14.865326,14.641502,14.846703,14.865326,14.772133,14.753487,14.883965,14.660179,14.697517,14.716171,14.846703,14.641502,14.753487,14.790794,14.865326,14.772133,15.070015,14.828064,14.753487,14.921196,14.921196,15.088600,14.921196,14.734833,14.697517,14.734833,15.088600,14.921196,14.790794,15.070015,15.051422,14.977043,15.070015,14.958420,14.846703,15.032837,14.977043,14.977043,14.921196,15.032837,
15.274223,15.032837,14.753487,14.883965,14.902580,15.070015,14.828064,15.181458,14.753487,15.125755,14.734833,14.734833,14.958420,14.995636,15.051422,14.958420,14.865326,14.865326,14.846703,14.995636,14.995636,15.329842,15.422462,15.496475,15.755058,16.049652,16.526253,16.708862,17.290627,17.471611,17.976311,18.155830,18.674240,18.656418,19.047615,19.348618,19.595665,19.771667,19.841957,19.877083,19.999893,20.017418,20.034943,20.279877,20.122513,20.105003,20.541473,20.576286,20.436943,20.471802,20.558884,20.541473,20.611084,20.750122,20.767487,20.836899,20.819542,20.854233,20.888908,20.958221,20.906242,20.802200,20.871582,21.252068,21.027458,20.975533,20.940895,20.784843,20.767487,20.836899,20.715385,20.628487,20.802200,20.854233,20.836899,20.975533,20.906242,21.096642,20.871582,21.079346,21.027458,21.027458,21.183029,21.234810,21.165756,21.286568,21.355507,21.476021,21.510414,21.407181,21.424393,21.372734,21.544792,21.510414,21.458817,21.355507,21.355507,21.630684,21.321045,21.527603,21.493217,21.407181,21.527603,21.458817,21.476021,21.665016,21.647850,21.338272,21.716469,21.733620,21.767891,21.682167,21.716469,21.579163,21.836411,21.665016,21.785027,21.750755,21.579163,21.870644,21.682167,21.716469,21.544792,21.785027,21.836411,21.647850,21.716469,21.767891,21.887764,21.819290,21.802162,21.750755,21.939064,21.767891,21.819290,21.682167,21.733620,21.716469,21.510414,21.665016,21.510414,21.819290,21.630684,21.527603,21.613518,21.716469,21.682167,21.870644,21.596336,21.836411,21.836411,21.853539,21.939064,22.075729,22.161018,22.178062,22.109856,22.007431,22.212143,22.178062,22.092789,22.041588,22.058662,21.973259,21.904861,21.767891,21.921967,21.699318,21.733620,21.665016,21.561981,21.561981,21.733620,21.407181,21.355507,21.424393,21.493217,21.493217,21.441612,21.355507,21.355507,21.424393,21.424393,21.372734,21.389961,21.407181,21.493217,21.217552,21.493217,21.630684,21.441612,21.458817,21.407181,21.355507,21.389961,21.355507,21.321045,21.458817,21.407181,21.303802,21.424393,21.493217,21.493217,21.389961,21.286568,21.407181,21.458817,21.510414,21.458817,21.389961,21.372734,21.389961,21.424393,21.458817,21.269310,21.458817,21.424393,21.355507,21.510414,21.269310,21.321045,21.321045,21.338272,21.217552,21.321045,21.338272,21.355507,21.510414,21.355507,21.303802,21.303802,21.407181,21.355507,21.424393,21.441612,21.458817,21.510414,21.303802,21.458817,21.389961,21.544792,21.355507,21.493217,21.476021,21.510414,21.407181,21.424393,21.424393,21.200287,21.389961,21.286568,21.217552,21.234810,21.079346,21.165756,21.079346,21.113914,21.010155,21.148476,21.234810,21.044754,21.113914,21.062057,21.010155,20.958221,21.183029,21.096642,21.062057,20.940895,20.992851,21.079346,21.113914,21.027458,20.940895,21.044754,21.027458,20.992851,20.940895,20.836899,20.802200,20.819542,20.940895,20.680634,20.715385,20.611084,20.436943,20.454369,20.297348,20.436943,20.192490,20.454369,20.332268,20.436943,20.314804,20.576286,20.611084,20.541473,20.784843,20.958221,20.958221,20.698021,20.906242,20.906242,21.027458,21.044754,20.871582,20.940895,20.663254,20.923576,20.663254,20.680634,20.645866,20.349724,20.349724,20.262413,20.157509,20.140007,19.964821,20.174995,20.209976,19.894638,19.877083,19.771667,19.595665,19.683716,19.472237,19.754082,19.525154,19.401619,19.454590,19.348618,19.295586,19.313263,19.136261,19.189407,19.224815,19.029869,18.656418,18.585091,18.191681,18.191681,17.760384,17.417351,17.399261,16.818245,16.471397,16.306610,15.920883,15.662788,15.718163,15.218575,15.311302,15.200020,15.144333,15.014244,15.032837,14.902580,15.107178,14.902580,14.958420,14.883965,14.995636,15.070015,14.790794,14.809425,15.032837,14.939812,14.772133,14.828064,14.865326,15.051422,14.977043,14.977043,14.958420,14.902580,14.958420,14.958420,14.939812,14.977043,14.921196,14.809425,14.809425,15.014244,15.014244,14.865326,15.051422,14.902580,14.809425,14.995636,14.995636,14.902580,15.032837,14.977043,14.902580,14.828064,15.014244,14.772133,14.846703,14.790794,14.995636,14.809425,14.734833,14.734833,14.828064,14.828064,14.828064,14.604141,14.790794,14.716171,14.753487,14.828064,14.753487,14.790794,14.753487,14.622826,14.883965,14.716171,14.883965,14.790794,14.809425,14.846703,14.828064,14.846703,15.051422,14.865326,14.790794,14.809425,14.772133,14.883965,14.809425,14.753487,14.828064,14.865326,14.828064,14.902580,14.921196,14.865326,14.660179,14.809425,14.772133,14.697517,14.734833,14.828064,14.790794,14.697517,14.753487,14.846703,14.902580,14.622826,14.921196,14.865326,14.846703,14.828064,14.716171,14.716171,14.939812,14.809425,14.809425,14.939812,14.828064,14.604141,15.107178,14.865326,14.753487,14.753487,14.921196,14.697517,14.865326,14.790794,14.809425,14.716171,14.828064,14.846703,15.051422,14.883965,14.697517,14.883965,14.902580,14.995636,14.977043,14.921196,14.883965,14.809425,14.846703,14.828064,14.753487,14.753487,14.865326,14.697517,15.144333,14.716171,14.809425,14.641502,14.641502,14.734833,14.828064,14.510681,14.995636,14.529381,14.828064,14.622826,14.734833,14.753487,14.846703,14.790794,14.790794,14.828064,15.181458,15.162895,15.255684,15.070015,15.032837,15.014244,15.032837,15.144333,14.939812,14.921196,14.939812,14.883965,14.846703,14.828064,14.697517,14.921196,14.846703,14.697517,14.902580,14.697517,14.734833,14.660179,14.828064,15.107178,14.660179,14.716171,14.828064,14.790794,14.921196,14.828064,14.790794,14.716171,14.846703,14.939812,14.622826,14.716171,14.977043,14.734833,14.977043,14.716171,14.902580,14.734833,14.716171,14.734833,14.716171,14.865326,14.697517,14.753487,14.734833,14.734833,14.622826,14.678848,14.865326,14.809425,14.828064,14.678848,14.790794,14.753487,14.734833,14.753487,14.790794,14.548080,14.772133,14.716171,14.697517,14.697517,14.678848,14.566772,15.088600,14.697517,14.753487,14.753487,14.734833,14.622826,14.660179,14.753487,14.865326,14.790794,14.604141,14.753487,14.660179,14.902580,14.939812,14.660179,14.883965,14.865326,14.734833,14.865326,14.828064,14.958420,14.902580,14.828064,14.865326,14.716171,14.939812,14.622826,14.716171,14.790794,14.809425,14.604141,14.660179,14.790794,14.753487,14.828064,14.772133,14.828064,14.772133,14.809425,14.641502,14.641502,14.604141,14.846703,14.939812,14.921196,14.977043,15.125755,14.958420,14.995636,14.921196,14.958420,14.902580,14.772133,14.902580,14.678848,14.753487,14.921196,14.828064,14.753487,14.846703,14.902580,14.977043,15.107178,15.032837,
15.125755,14.865326,14.921196,14.977043,14.939812,15.107178,14.977043,14.865326,14.921196,15.144333,14.958420,14.958420,14.865326,14.939812,14.846703,14.902580,14.883965,15.051422,14.883965,14.902580,14.902580,15.107178,15.348373,15.403938,15.902481,16.214928,16.306610,16.982056,17.000237,17.525826,17.724342,18.352852,18.620766,18.870033,19.047615,19.277893,19.578049,19.754082,19.859520,19.877083,20.017418,19.841957,19.964821,20.105003,20.209976,20.279877,20.419502,20.349724,20.384621,20.349724,20.489220,20.767487,20.541473,20.628487,20.698021,20.541473,20.715385,20.888908,20.784843,21.062057,20.802200,20.871582,20.558884,20.819542,20.871582,20.923576,20.645866,20.923576,20.715385,20.802200,20.784843,20.750122,20.750122,20.663254,20.663254,20.836899,20.923576,20.888908,20.854233,21.010155,20.854233,20.767487,21.113914,21.044754,21.183029,21.200287,21.269310,21.303802,21.269310,21.321045,21.165756,21.338272,21.252068,21.269310,21.131203,21.303802,21.389961,21.458817,21.458817,21.441612,21.389961,21.355507,21.407181,21.441612,21.424393,21.493217,21.424393,21.630684,21.682167,21.476021,21.389961,21.544792,21.389961,21.682167,21.493217,21.716469,21.527603,21.630684,21.544792,21.630684,21.630684,21.682167,21.596336,21.699318,21.819290,21.630684,21.767891,21.630684,21.647850,21.630684,21.785027,21.836411,21.665016,21.682167,21.682167,21.716469,21.819290,21.613518,21.647850,21.665016,21.424393,21.321045,21.630684,21.716469,21.527603,21.716469,21.716469,21.699318,21.767891,21.887764,21.767891,21.887764,21.887764,22.007431,22.058662,22.007431,22.161018,22.024513,22.058662,22.161018,22.195107,22.024513,21.956161,22.024513,21.767891,21.699318,21.870644,21.716469,21.682167,21.510414,21.527603,21.630684,21.544792,21.561981,21.596336,21.527603,21.424393,21.389961,21.389961,21.579163,21.389961,21.252068,21.252068,21.510414,21.372734,21.493217,21.424393,21.355507,21.510414,21.596336,21.407181,21.476021,21.372734,21.476021,21.338272,21.252068,21.458817,21.527603,21.389961,21.286568,21.286568,21.544792,21.493217,21.441612,21.372734,21.269310,21.355507,21.286568,21.493217,21.269310,21.338272,21.338272,21.527603,21.510414,21.321045,21.458817,21.407181,21.544792,21.389961,21.389961,21.458817,21.441612,21.458817,21.544792,21.510414,21.407181,21.321045,21.355507,21.338272,21.441612,21.372734,21.544792,21.338272,21.389961,21.527603,21.286568,21.424393,21.510414,21.476021,21.510414,21.579163,21.579163,21.424393,21.665016,21.613518,21.424393,21.424393,21.269310,21.424393,21.321045,21.183029,21.217552,21.269310,21.113914,21.027458,21.165756,21.096642,21.234810,21.044754,21.096642,21.148476,21.234810,21.079346,21.217552,21.044754,21.062057,21.407181,21.062057,21.079346,21.183029,21.079346,21.148476,21.044754,20.923576,21.010155,20.940895,20.854233,20.906242,20.802200,21.044754,20.767487,20.680634,20.784843,20.663254,20.541473,20.541473,20.628487,20.419502,20.436943,20.454369,20.419502,20.384621,20.524055,20.628487,20.419502,20.402061,20.611084,20.680634,20.732758,20.854233,20.819542,20.871582,20.992851,20.975533,20.940895,21.062057,20.940895,20.698021,20.802200,20.576286,20.680634,20.489220,20.402061,20.471802,20.332268,20.122513,20.192490,20.192490,20.122513,20.052460,20.069977,19.877083,19.771667,19.999893,19.701309,19.666115,19.560417,19.578049,19.436943,19.224815,19.260208,19.242508,19.171692,19.313263,19.100807,18.994377,18.834473,18.656418,18.549400,18.442253,18.030205,17.868416,17.453522,17.381157,16.872887,16.489677,16.306610,15.828796,15.699715,15.459480,15.403938,15.237137,15.125755,15.032837,15.125755,15.070015,14.846703,15.107178,15.032837,15.107178,15.014244,15.144333,14.790794,14.977043,14.939812,14.977043,14.995636,14.753487,14.977043,14.828064,14.902580,14.977043,14.995636,15.107178,15.162895,15.144333,15.051422,14.809425,14.958420,15.014244,15.014244,14.865326,14.958420,15.107178,14.660179,14.716171,15.070015,15.051422,14.995636,14.977043,14.939812,15.088600,14.977043,14.977043,15.125755,14.809425,14.809425,14.921196,14.753487,14.716171,14.846703,14.809425,14.790794,14.641502,14.678848,14.977043,14.865326,14.828064,14.697517,14.809425,14.734833,14.995636,14.678848,14.809425,14.510681,14.772133,14.734833,14.809425,14.828064,14.846703,14.865326,14.772133,14.809425,14.809425,14.697517,14.828064,14.809425,14.809425,14.753487,14.883965,14.641502,14.883965,14.883965,14.828064,14.678848,14.865326,14.660179,14.716171,14.753487,14.883965,14.939812,14.772133,14.697517,14.753487,14.790794,14.828064,14.958420,14.809425,15.014244,14.809425,14.772133,14.865326,14.734833,14.809425,14.865326,14.828064,14.828064,14.828064,14.809425,14.828064,14.753487,14.809425,14.753487,14.809425,14.772133,14.790794,14.883965,14.734833,14.790794,14.865326,14.939812,14.939812,14.939812,15.014244,14.883965,14.977043,14.902580,14.902580,14.939812,15.070015,14.921196,14.995636,14.958420,14.921196,14.995636,15.014244,14.939812,14.809425,14.828064,14.902580,14.828064,14.697517,14.548080,14.660179,14.622826,14.790794,14.660179,14.697517,14.548080,14.865326,14.716171,14.697517,14.697517,14.641502,14.697517,14.977043,14.995636,15.014244,14.958420,14.995636,15.051422,14.977043,14.958420,15.200020,15.032837,14.772133,14.995636,14.921196,14.958420,14.809425,14.790794,14.697517,14.772133,14.585457,14.846703,14.548080,14.697517,14.790794,14.622826,14.772133,14.995636,14.697517,14.697517,14.716171,14.809425,14.902580,14.660179,14.809425,14.753487,14.828064,14.772133,14.865326,14.548080,14.734833,14.809425,14.697517,14.846703,14.678848,14.753487,14.790794,14.828064,14.641502,14.865326,14.772133,14.734833,14.809425,14.772133,14.585457,14.846703,14.734833,14.958420,14.660179,14.790794,14.734833,14.809425,14.939812,14.660179,14.772133,14.604141,14.678848,14.865326,14.678848,14.678848,14.734833,14.753487,14.660179,14.435844,14.865326,14.883965,14.678848,14.883965,14.809425,14.548080,14.716171,14.641502,14.678848,14.734833,14.622826,14.660179,14.548080,14.753487,14.772133,14.734833,14.902580,14.716171,14.828064,14.772133,14.828064,14.697517,14.902580,14.790794,14.604141,14.865326,14.958420,14.697517,14.883965,14.865326,14.604141,14.697517,14.660179,14.641502,14.529381,14.902580,15.088600,14.734833,14.697517,14.734833,14.846703,14.865326,14.977043,14.977043,14.790794,14.977043,14.865326,14.828064,15.051422,14.921196,14.995636,14.883965,14.939812,14.753487,14.734833,14.977043,14.958420,15.032837,14.828064,14.883965,14.939812,14.921196,15.181458,
15.070015,15.014244,14.939812,15.144333,14.883965,14.883965,14.846703,14.772133,14.734833,15.181458,14.902580,15.032837,14.939812,14.921196,14.958420,14.902580,14.995636,15.032837,14.902580,15.051422,15.107178,15.162895,15.311302,15.496475,15.588913,15.920883,16.453102,16.745338,17.163704,17.616119,17.850410,18.084076,18.460121,18.852249,18.941109,19.383957,19.701309,19.595665,19.701309,19.841957,19.736496,20.017418,20.105003,20.034943,20.314804,20.262413,20.140007,20.244934,20.262413,20.576286,20.436943,20.541473,20.750122,20.854233,20.819542,20.750122,20.767487,20.506645,20.732758,20.871582,20.906242,20.836899,20.958221,20.923576,20.784843,20.958221,20.819542,20.940895,20.767487,20.750122,20.715385,20.923576,20.923576,20.698021,20.698021,20.819542,20.819542,21.010155,20.906242,20.992851,21.010155,21.079346,21.044754,21.027458,21.010155,21.096642,21.165756,21.286568,21.389961,21.269310,21.269310,21.338272,21.407181,21.407181,21.303802,21.355507,21.234810,21.372734,21.441612,21.321045,21.321045,21.338272,21.252068,21.234810,21.269310,21.321045,21.407181,21.579163,21.579163,21.733620,21.476021,21.544792,21.544792,21.510414,21.493217,21.699318,21.647850,21.527603,21.544792,21.647850,21.699318,21.355507,21.579163,21.665016,21.596336,21.544792,21.682167,21.870644,21.596336,21.819290,21.699318,21.870644,21.682167,21.647850,21.767891,21.699318,21.544792,21.561981,21.613518,21.321045,21.527603,21.579163,21.407181,21.630684,21.630684,21.682167,21.699318,21.767891,21.699318,21.750755,21.819290,21.870644,22.007431,22.178062,22.075729,22.161018,22.382309,22.212143,22.143959,22.092789,22.075729,22.109856,22.126915,22.126915,21.956161,22.075729,21.870644,21.870644,21.699318,21.836411,21.630684,21.802162,21.613518,21.493217,21.579163,21.561981,21.389961,21.372734,21.372734,21.544792,21.613518,21.424393,21.561981,21.234810,21.424393,21.458817,21.355507,21.269310,21.510414,21.493217,21.493217,21.424393,21.493217,21.613518,21.561981,21.579163,21.613518,21.476021,21.647850,21.407181,21.338272,21.372734,21.544792,21.579163,21.407181,21.321045,21.338272,21.561981,21.407181,21.441612,21.389961,21.493217,21.476021,21.458817,21.424393,21.527603,21.458817,21.476021,21.338272,21.441612,21.407181,21.527603,21.527603,21.665016,21.613518,21.716469,21.476021,21.510414,21.441612,21.647850,21.579163,21.527603,21.579163,21.785027,21.716469,21.579163,21.561981,21.630684,21.493217,21.407181,21.476021,21.561981,21.510414,21.579163,21.493217,21.527603,21.544792,21.458817,21.441612,21.458817,21.183029,20.958221,21.096642,21.217552,21.113914,21.200287,21.183029,21.148476,20.992851,21.079346,21.148476,21.079346,21.148476,21.027458,21.131203,21.096642,21.183029,21.165756,20.992851,20.992851,20.992851,21.027458,21.131203,21.062057,20.992851,20.923576,20.802200,20.975533,20.992851,20.836899,20.802200,20.680634,20.732758,20.715385,20.524055,20.541473,20.471802,20.489220,20.436943,20.227455,20.367180,20.419502,20.244934,20.402061,20.436943,20.541473,20.576286,20.715385,20.645866,20.715385,20.923576,20.854233,20.940895,20.958221,20.802200,20.975533,20.906242,20.750122,20.750122,20.715385,20.436943,20.506645,20.471802,20.558884,20.349724,20.384621,20.140007,20.069977,19.999893,19.999893,19.929733,19.947273,19.999893,19.701309,19.648506,19.683716,19.595665,19.419281,19.436943,19.454590,19.507530,19.313263,19.330948,19.189407,19.136261,18.976631,18.798889,18.638596,18.352852,18.388626,17.868416,17.760384,17.543900,17.272507,16.836464,16.617607,16.233269,15.847229,15.662788,15.477974,15.218575,15.329842,15.107178,15.088600,14.958420,14.921196,14.977043,14.921196,14.865326,14.939812,14.958420,14.995636,14.939812,14.977043,14.865326,14.865326,15.107178,14.939812,14.977043,14.977043,14.734833,14.883965,14.995636,14.958420,14.977043,15.107178,14.921196,14.939812,15.181458,14.977043,14.772133,14.939812,14.939812,14.865326,14.883965,14.883965,14.809425,14.902580,14.846703,14.921196,14.865326,15.051422,14.790794,14.995636,14.809425,14.846703,14.846703,14.865326,14.883965,14.809425,14.846703,14.716171,14.809425,14.753487,14.697517,14.772133,14.716171,14.790794,14.902580,14.734833,14.716171,14.809425,14.865326,14.790794,14.734833,14.772133,14.790794,14.678848,14.772133,14.790794,14.921196,14.772133,14.790794,14.772133,14.772133,14.809425,14.902580,14.846703,14.828064,14.846703,14.828064,14.939812,14.697517,15.032837,14.678848,14.753487,14.865326,14.716171,14.697517,14.846703,14.641502,14.809425,14.641502,14.772133,14.734833,14.753487,14.678848,14.753487,14.883965,14.883965,14.809425,14.809425,14.697517,14.734833,14.828064,14.809425,14.902580,14.977043,14.790794,14.865326,14.902580,14.809425,14.809425,14.846703,14.977043,15.014244,14.921196,14.753487,14.846703,14.678848,14.865326,14.753487,14.753487,14.883965,14.977043,14.939812,14.921196,14.902580,14.753487,15.200020,14.883965,14.883965,14.828064,14.902580,14.865326,14.883965,14.678848,14.883965,14.883965,14.865326,14.977043,14.772133,14.772133,14.716171,14.454552,14.566772,14.660179,14.641502,14.660179,14.939812,14.809425,14.772133,14.660179,14.716171,14.716171,15.125755,14.846703,14.995636,15.014244,15.162895,14.939812,15.051422,14.846703,15.237137,14.902580,15.200020,14.846703,14.716171,14.716171,15.032837,14.734833,14.883965,14.790794,14.921196,14.921196,14.753487,14.828064,14.883965,14.921196,14.678848,15.070015,14.958420,14.678848,14.790794,14.716171,14.809425,14.772133,14.977043,14.809425,14.772133,14.809425,14.809425,14.510681,14.473274,14.809425,14.734833,14.510681,14.697517,14.883965,14.716171,14.753487,14.790794,14.734833,14.716171,14.716171,14.809425,14.716171,14.660179,14.734833,14.790794,14.883965,14.753487,14.865326,14.734833,14.641502,14.641502,14.809425,14.678848,14.828064,14.772133,14.809425,14.548080,14.697517,14.678848,14.641502,14.697517,14.566772,14.660179,14.828064,14.716171,14.772133,14.902580,14.641502,14.697517,14.641502,14.734833,14.641502,14.734833,14.865326,14.865326,14.641502,14.548080,14.678848,14.921196,14.772133,14.753487,14.883965,14.883965,14.883965,14.697517,14.734833,14.697517,14.734833,14.566772,14.790794,14.641502,14.846703,14.828064,14.697517,14.846703,14.828064,14.790794,14.660179,15.070015,14.883965,14.902580,14.939812,14.995636,14.846703,14.828064,14.958420,14.734833,14.660179,14.921196,15.051422,15.014244,14.995636,14.809425,14.883965,14.921196,15.088600,14.716171,14.939812,14.790794,14.828064,15.107178,14.939812,14.958420,14.921196,15.107178,
15.237137,15.125755,14.902580,14.939812,14.660179,14.939812,14.902580,15.162895,14.865326,15.181458,14.809425,14.902580,14.865326,14.958420,14.697517,15.274223,15.070015,14.977043,15.144333,15.032837,15.125755,15.051422,15.181458,15.533455,15.588913,16.104774,16.526253,16.927490,17.417351,17.471611,17.850410,18.299164,18.442253,18.727684,19.118538,19.366287,19.454590,19.929733,19.736496,19.894638,19.894638,19.964821,20.034943,20.227455,20.140007,20.227455,20.192490,20.279877,20.471802,20.645866,20.611084,20.384621,20.558884,20.576286,20.784843,20.611084,20.541473,20.802200,20.784843,20.628487,20.871582,20.888908,20.750122,20.923576,20.906242,20.715385,20.715385,20.698021,20.784843,20.854233,20.767487,20.663254,20.628487,20.923576,20.750122,20.940895,20.767487,20.802200,20.836899,21.044754,20.715385,20.923576,20.975533,20.975533,20.923576,21.165756,21.148476,21.113914,21.234810,21.183029,21.165756,21.148476,21.217552,21.321045,21.234810,21.217552,21.079346,21.286568,21.165756,21.321045,21.217552,21.269310,21.217552,21.252068,21.355507,21.389961,21.493217,21.389961,21.458817,21.217552,21.476021,21.544792,21.441612,21.596336,21.596336,21.424393,21.407181,21.561981,21.389961,21.476021,21.510414,21.596336,21.579163,21.424393,21.424393,21.682167,21.510414,21.476021,21.407181,21.682167,21.527603,21.630684,21.682167,21.647850,21.579163,21.767891,21.665016,21.544792,21.527603,21.458817,21.476021,21.596336,21.389961,21.476021,21.476021,21.665016,21.682167,21.699318,21.836411,21.767891,21.665016,21.904861,21.870644,22.024513,21.973259,22.246208,22.212143,22.195107,22.126915,22.246208,22.178062,22.229179,22.161018,22.195107,22.109856,22.092789,21.887764,21.990349,21.802162,21.819290,21.682167,21.802162,21.579163,21.613518,21.596336,21.510414,21.424393,21.699318,21.476021,21.321045,21.441612,21.321045,21.389961,21.493217,21.647850,21.527603,21.510414,21.389961,21.355507,21.579163,21.458817,21.544792,21.493217,21.493217,21.527603,21.527603,21.389961,21.458817,21.338272,21.372734,21.441612,21.476021,21.424393,21.493217,21.441612,21.424393,21.561981,21.544792,21.441612,21.750755,21.544792,21.544792,21.424393,21.665016,21.476021,21.630684,21.561981,21.630684,21.527603,21.561981,21.389961,21.561981,21.613518,21.613518,21.613518,21.716469,21.699318,21.493217,21.544792,21.544792,21.579163,21.613518,21.596336,21.733620,21.630684,21.579163,21.613518,21.647850,21.544792,21.527603,21.596336,21.682167,21.716469,21.510414,21.493217,21.682167,21.527603,21.441612,21.510414,21.338272,21.217552,21.200287,21.234810,21.096642,21.338272,21.131203,21.200287,21.131203,21.062057,21.217552,21.096642,21.252068,21.044754,20.906242,21.131203,21.079346,20.923576,20.906242,21.044754,20.992851,20.940895,20.975533,20.958221,21.010155,21.044754,21.027458,20.871582,20.784843,20.888908,21.010155,20.819542,20.576286,20.750122,20.750122,20.732758,20.558884,20.384621,20.279877,20.332268,20.384621,20.419502,20.349724,20.314804,20.506645,20.367180,20.611084,20.558884,20.923576,20.628487,20.888908,20.715385,20.906242,21.113914,21.148476,20.923576,21.113914,20.888908,20.750122,20.802200,20.611084,20.593697,20.506645,20.384621,20.367180,20.489220,20.297348,20.192490,20.034943,20.122513,19.999893,19.929733,19.754082,19.824394,19.841957,19.578049,19.560417,19.683716,19.419281,19.366287,19.489883,19.489883,19.330948,19.295586,19.224815,19.313263,19.065346,18.816673,18.834473,18.585091,18.334953,18.102013,17.868416,17.507759,17.308739,16.745338,16.471397,16.086403,15.939293,15.681252,15.496475,15.459480,15.181458,15.070015,15.014244,14.883965,14.995636,15.088600,15.162895,14.939812,15.107178,14.958420,14.977043,15.014244,15.032837,14.902580,15.070015,14.809425,14.958420,14.846703,14.902580,14.995636,15.107178,14.958420,14.883965,14.883965,14.902580,14.921196,14.921196,15.032837,14.865326,14.977043,14.958420,14.753487,14.939812,14.734833,14.716171,14.939812,14.958420,14.958420,14.977043,14.883965,15.070015,14.809425,14.734833,14.921196,14.883965,14.846703,14.790794,14.958420,14.883965,14.734833,14.772133,14.790794,14.585457,15.107178,14.697517,14.753487,14.828064,15.051422,14.828064,14.790794,14.809425,14.772133,14.846703,14.883965,14.902580,14.809425,14.809425,14.828064,14.828064,14.548080,14.828064,14.790794,14.809425,14.828064,14.716171,14.772133,14.716171,14.734833,14.622826,14.772133,14.772133,14.809425,14.697517,14.865326,14.883965,14.622826,14.790794,14.566772,14.772133,14.678848,14.660179,14.902580,14.977043,14.790794,14.790794,14.734833,14.622826,14.772133,14.865326,14.883965,14.660179,14.809425,14.790794,14.697517,14.772133,14.995636,14.809425,14.734833,14.734833,14.883965,14.921196,14.828064,14.809425,14.660179,14.809425,14.734833,14.678848,14.921196,15.032837,14.865326,14.772133,14.809425,15.051422,14.865326,14.977043,14.902580,15.051422,14.734833,15.032837,14.809425,14.902580,14.921196,15.051422,14.828064,14.939812,15.070015,14.995636,14.697517,14.809425,14.902580,14.716171,14.883965,14.790794,14.716171,14.641502,14.529381,14.772133,14.622826,14.379669,14.566772,14.585457,14.641502,14.510681,14.734833,15.014244,14.790794,15.144333,15.274223,15.162895,15.032837,14.977043,15.162895,14.995636,14.977043,14.753487,14.902580,14.846703,14.809425,14.809425,14.865326,14.865326,14.828064,14.734833,14.846703,14.753487,14.697517,14.697517,14.921196,14.772133,14.716171,14.772133,14.753487,14.921196,14.790794,14.753487,14.734833,14.828064,14.678848,14.939812,14.734833,14.753487,14.902580,14.790794,14.809425,14.622826,14.678848,14.716171,14.790794,14.902580,14.529381,14.809425,14.734833,14.753487,14.734833,14.809425,14.753487,14.772133,14.753487,14.697517,14.734833,14.902580,14.772133,14.734833,14.716171,14.529381,14.883965,14.585457,14.585457,14.846703,14.641502,14.828064,14.828064,14.716171,14.902580,14.734833,14.622826,14.716171,14.809425,14.883965,14.697517,14.790794,14.790794,14.697517,14.809425,14.846703,14.697517,14.828064,14.585457,14.604141,14.790794,14.790794,14.865326,15.051422,14.716171,14.846703,14.734833,14.678848,14.548080,14.828064,14.660179,14.604141,14.697517,14.828064,14.772133,14.622826,14.809425,14.697517,14.790794,14.585457,14.958420,14.734833,14.958420,14.641502,14.902580,14.977043,14.641502,15.014244,14.585457,14.958420,14.809425,14.921196,14.921196,14.977043,14.734833,14.846703,14.734833,14.772133,15.181458,14.491982,14.846703,14.902580,15.051422,15.107178,14.865326,14.585457,14.865326,15.088600,14.902580,15.070015,
15.237137,14.939812,15.144333,14.977043,14.921196,15.107178,14.828064,14.921196,15.162895,14.977043,14.865326,14.828064,14.734833,14.995636,14.883965,15.107178,15.125755,14.902580,14.921196,15.088600,15.070015,15.088600,15.385422,15.477974,15.736610,16.086403,16.306610,16.727104,17.091087,17.489685,17.976311,18.173759,18.442253,18.994377,19.242508,19.366287,19.401619,19.683716,19.630898,19.789246,19.964821,19.789246,19.894638,19.894638,20.087494,19.982353,20.297348,20.279877,20.471802,20.593697,20.402061,20.593697,20.454369,20.663254,20.506645,20.593697,20.663254,20.593697,20.784843,20.854233,20.854233,20.871582,20.663254,20.975533,20.767487,20.611084,20.732758,20.680634,20.593697,20.715385,20.923576,20.698021,20.732758,20.680634,20.784843,20.767487,20.698021,20.750122,20.593697,20.871582,20.975533,20.906242,20.819542,21.027458,20.992851,20.958221,20.975533,21.044754,21.200287,21.269310,21.010155,21.113914,21.355507,21.269310,21.183029,21.096642,21.131203,21.165756,21.234810,21.148476,21.044754,21.148476,20.923576,21.252068,21.321045,21.183029,21.183029,21.372734,21.527603,21.407181,21.372734,21.441612,21.441612,21.441612,21.441612,21.596336,21.613518,21.441612,21.389961,21.561981,21.424393,21.596336,21.493217,21.699318,21.613518,21.733620,21.579163,21.665016,21.613518,21.510414,21.527603,21.716469,21.699318,21.716469,21.561981,21.750755,21.527603,21.647850,21.510414,21.303802,21.372734,21.372734,21.527603,21.424393,21.476021,21.716469,21.819290,21.733620,21.887764,21.733620,21.853539,21.819290,21.939064,21.853539,22.092789,22.280251,22.178062,22.229179,22.161018,22.109856,22.195107,22.467247,22.297272,22.092789,22.075729,22.246208,21.939064,22.109856,21.802162,21.699318,21.836411,21.853539,21.630684,21.682167,21.561981,21.750755,21.458817,21.699318,21.544792,21.544792,21.493217,21.699318,21.493217,21.441612,21.510414,21.647850,21.493217,21.647850,21.441612,21.699318,21.476021,21.510414,21.544792,21.665016,21.527603,21.527603,21.527603,21.613518,21.424393,21.544792,21.476021,21.476021,21.476021,21.321045,21.441612,21.476021,21.579163,21.613518,21.579163,21.647850,21.613518,21.665016,21.767891,21.647850,21.665016,21.682167,21.750755,21.596336,21.716469,21.767891,21.716469,21.716469,21.819290,21.819290,21.921967,21.699318,21.836411,21.716469,21.596336,21.716469,21.613518,21.630684,21.836411,21.613518,21.647850,21.527603,21.682167,21.716469,21.716469,21.785027,21.733620,21.665016,21.630684,21.561981,21.785027,21.682167,21.613518,21.424393,21.372734,21.200287,21.321045,21.338272,21.165756,21.113914,21.217552,21.096642,21.079346,21.252068,21.079346,21.010155,21.027458,21.044754,21.027458,20.975533,21.027458,21.113914,21.062057,20.992851,21.148476,20.906242,20.992851,20.975533,20.923576,20.940895,21.062057,21.027458,20.836899,20.784843,20.888908,20.819542,20.750122,20.784843,20.836899,20.663254,20.471802,20.593697,20.541473,20.349724,20.332268,20.332268,20.367180,20.402061,20.524055,20.349724,20.541473,20.663254,20.558884,20.732758,20.645866,20.784843,20.767487,20.975533,21.079346,20.940895,20.836899,21.010155,20.819542,20.767487,20.558884,20.732758,20.611084,20.576286,20.402061,20.471802,20.349724,20.332268,20.157509,20.087494,20.017418,20.017418,19.894638,19.929733,19.806816,19.789246,19.736496,19.542793,19.595665,19.507530,19.383957,19.207108,19.277893,19.436943,19.260208,19.260208,19.100807,19.047615,18.852249,18.692055,18.638596,18.460121,17.886406,17.922386,17.616119,17.199982,16.818245,16.562805,15.957695,15.884071,15.773499,15.533455,15.218575,15.292770,15.051422,15.088600,14.939812,14.902580,15.070015,14.995636,15.070015,14.921196,14.902580,14.939812,14.883965,15.051422,15.181458,14.865326,14.958420,14.772133,14.939812,15.032837,14.939812,15.125755,15.107178,15.051422,14.846703,15.107178,14.921196,14.921196,15.051422,14.846703,14.958420,14.939812,14.790794,15.032837,15.051422,14.865326,14.865326,14.865326,15.014244,14.828064,14.809425,14.939812,15.014244,14.865326,14.883965,14.846703,14.716171,15.032837,14.846703,14.716171,14.846703,14.772133,14.697517,14.883965,14.921196,14.716171,14.846703,14.790794,14.865326,14.846703,14.772133,14.921196,14.734833,14.958420,14.697517,14.828064,14.809425,14.883965,14.697517,14.678848,14.753487,14.828064,14.753487,14.753487,14.697517,14.828064,14.641502,14.921196,15.051422,14.828064,14.883965,14.865326,14.753487,14.865326,14.753487,14.902580,14.883965,14.846703,14.809425,14.828064,14.660179,14.828064,14.958420,14.865326,14.846703,14.697517,14.995636,14.678848,14.883965,14.753487,14.790794,14.939812,14.716171,14.921196,14.678848,14.678848,14.902580,14.753487,14.865326,14.790794,14.716171,14.846703,14.809425,14.846703,14.772133,14.883965,15.014244,14.939812,14.902580,14.641502,14.790794,14.809425,14.995636,14.921196,14.828064,15.051422,14.883965,14.902580,14.865326,15.014244,14.753487,14.883965,14.846703,14.846703,14.790794,14.995636,14.828064,14.939812,14.995636,14.772133,14.865326,14.790794,14.902580,14.772133,14.734833,14.697517,14.697517,14.641502,14.641502,14.622826,14.716171,14.790794,14.585457,14.865326,14.865326,15.125755,14.921196,15.051422,14.939812,15.070015,14.958420,15.181458,14.995636,15.107178,14.883965,14.828064,15.162895,15.032837,14.921196,14.865326,14.716171,14.902580,14.604141,14.828064,14.660179,14.716171,14.753487,14.604141,14.716171,14.902580,15.088600,14.790794,14.846703,14.883965,14.828064,14.790794,14.753487,14.958420,14.846703,14.846703,14.753487,14.716171,14.790794,14.566772,14.660179,14.716171,14.734833,14.772133,14.865326,14.809425,14.529381,14.622826,14.604141,14.734833,14.622826,14.828064,14.454552,14.865326,14.622826,14.716171,14.772133,14.772133,14.660179,14.566772,14.548080,14.753487,14.548080,14.883965,14.865326,14.604141,14.846703,14.865326,14.641502,14.883965,14.734833,14.697517,14.716171,14.678848,14.753487,14.846703,14.809425,14.809425,14.622826,14.902580,14.772133,14.734833,14.622826,14.790794,14.734833,14.716171,14.865326,15.051422,14.734833,14.660179,14.622826,14.995636,14.883965,14.809425,14.753487,14.753487,14.734833,14.809425,14.846703,14.510681,14.772133,14.883965,14.734833,14.660179,14.753487,14.660179,14.828064,14.716171,15.051422,14.753487,14.977043,14.958420,14.846703,14.828064,14.753487,14.809425,14.846703,14.865326,14.734833,14.902580,14.865326,14.753487,14.995636,15.014244,14.883965,14.716171,14.977043,14.977043,14.958420,15.070015,14.865326,14.995636,15.051422,14.958420,15.107178,14.977043,
15.088600,15.070015,14.921196,14.958420,15.051422,14.865326,14.809425,15.107178,14.977043,15.107178,14.883965,15.107178,15.014244,14.939812,15.274223,15.032837,15.088600,14.995636,14.921196,14.977043,15.070015,15.218575,15.329842,15.329842,15.773499,16.104774,16.251610,16.745338,16.909286,17.561958,17.850410,18.317062,18.620766,18.887802,18.958870,19.224815,19.472237,19.824394,19.894638,19.894638,19.859520,19.929733,20.087494,20.087494,20.140007,20.244934,20.244934,20.209976,20.471802,20.367180,20.402061,20.419502,20.576286,20.698021,20.802200,20.611084,20.628487,20.698021,20.854233,20.906242,20.819542,20.888908,20.732758,20.975533,20.940895,20.802200,20.732758,20.576286,20.628487,20.663254,20.645866,20.593697,20.576286,20.836899,20.611084,20.732758,20.732758,20.732758,20.784843,20.888908,20.732758,20.715385,20.940895,20.940895,20.958221,21.079346,21.200287,20.888908,20.923576,21.183029,21.234810,21.079346,21.338272,21.079346,21.183029,21.044754,21.252068,21.148476,21.113914,21.200287,21.010155,21.217552,20.871582,21.217552,21.183029,21.183029,21.252068,21.441612,21.510414,21.389961,21.355507,21.424393,21.407181,21.389961,21.321045,21.424393,21.252068,21.493217,21.355507,21.407181,21.527603,21.372734,21.338272,21.441612,21.441612,21.665016,21.424393,21.665016,21.561981,21.699318,21.613518,21.665016,21.596336,21.424393,21.579163,21.665016,21.544792,21.579163,21.613518,21.647850,21.338272,21.493217,21.389961,21.527603,21.682167,21.544792,21.630684,21.647850,21.699318,21.904861,21.870644,21.887764,21.870644,22.092789,21.973259,22.297272,22.382309,22.263237,22.212143,22.246208,22.263237,22.143959,22.314293,22.246208,22.178062,22.246208,22.007431,21.990349,22.092789,21.887764,21.887764,21.853539,21.921967,21.819290,21.716469,21.682167,21.767891,21.493217,21.493217,21.372734,21.269310,21.579163,21.510414,21.579163,21.561981,21.544792,21.767891,21.579163,21.458817,21.665016,21.579163,21.630684,21.527603,21.476021,21.544792,21.579163,21.596336,21.441612,21.389961,21.613518,21.493217,21.407181,21.441612,21.476021,21.389961,21.527603,21.665016,21.527603,21.716469,21.733620,21.510414,21.630684,21.733620,21.939064,21.716469,21.785027,21.733620,21.870644,21.853539,21.767891,21.802162,21.767891,21.767891,21.870644,21.785027,21.887764,21.836411,21.802162,21.613518,21.836411,21.819290,21.750755,21.699318,21.750755,21.665016,21.819290,21.904861,21.887764,21.665016,21.750755,21.939064,21.665016,21.767891,21.630684,21.767891,21.596336,21.579163,21.665016,21.544792,21.613518,21.424393,21.338272,21.269310,21.252068,21.148476,21.165756,21.079346,21.027458,21.234810,21.200287,21.010155,21.062057,21.148476,21.079346,21.217552,21.079346,21.062057,21.113914,21.131203,21.062057,20.975533,21.044754,20.958221,20.836899,20.836899,20.906242,21.079346,20.958221,20.923576,20.698021,20.732758,20.611084,20.367180,20.645866,20.611084,20.524055,20.384621,20.506645,20.279877,20.297348,20.419502,20.367180,20.419502,20.541473,20.645866,20.576286,20.541473,20.750122,20.698021,20.871582,20.871582,20.767487,21.079346,20.958221,20.906242,20.958221,20.732758,20.732758,20.767487,20.732758,20.611084,20.506645,20.384621,20.367180,20.349724,20.227455,20.122513,20.192490,19.947273,19.912178,19.894638,19.824394,19.877083,19.701309,19.806816,19.736496,19.472237,19.436943,19.525154,19.295586,19.401619,19.348618,19.383957,19.136261,19.207108,19.065346,19.189407,18.727684,18.727684,18.299164,17.976311,18.066116,17.507759,17.145554,16.872887,16.635872,16.196571,15.939293,15.662788,15.570435,15.459480,15.107178,15.292770,15.051422,14.995636,14.995636,14.977043,14.977043,15.032837,15.107178,14.883965,15.032837,14.939812,14.977043,15.088600,15.107178,14.883965,14.902580,15.181458,14.977043,14.921196,14.977043,14.809425,14.939812,14.883965,14.939812,14.921196,15.014244,15.107178,15.014244,14.828064,14.883965,14.828064,15.014244,14.809425,14.883965,14.902580,14.995636,14.939812,14.865326,14.883965,14.939812,14.958420,14.772133,14.902580,14.865326,14.809425,14.977043,14.846703,14.995636,14.921196,14.809425,14.753487,14.921196,14.790794,14.734833,14.790794,14.678848,14.809425,14.958420,14.828064,14.753487,14.939812,14.697517,14.828064,15.107178,14.828064,14.921196,14.678848,14.809425,14.772133,14.902580,14.790794,14.604141,14.846703,14.753487,14.809425,14.846703,14.753487,14.772133,14.865326,14.921196,14.790794,14.958420,14.753487,14.716171,14.734833,14.790794,14.772133,14.865326,14.716171,14.809425,14.828064,14.809425,14.939812,14.883965,14.753487,14.921196,14.697517,14.902580,14.958420,14.828064,14.828064,14.753487,14.697517,14.772133,14.846703,14.958420,14.734833,14.697517,14.902580,14.828064,14.772133,14.772133,14.809425,14.697517,14.865326,14.678848,14.921196,14.772133,14.753487,14.790794,15.014244,14.846703,14.902580,14.734833,14.772133,14.846703,15.125755,15.088600,14.846703,14.921196,14.921196,14.939812,14.883965,14.921196,14.977043,14.921196,14.790794,15.014244,14.865326,14.697517,14.790794,14.529381,14.790794,14.753487,14.660179,14.510681,14.697517,14.697517,14.678848,14.846703,14.865326,15.032837,14.995636,14.995636,15.088600,15.014244,15.032837,15.125755,15.014244,14.995636,15.218575,15.181458,14.790794,14.995636,14.865326,14.883965,14.641502,14.865326,14.809425,14.772133,14.697517,14.734833,14.772133,14.622826,14.641502,14.734833,14.734833,14.772133,14.828064,14.809425,14.753487,14.865326,15.032837,14.809425,14.809425,14.790794,14.902580,14.734833,14.678848,14.734833,14.678848,14.772133,14.678848,14.865326,14.753487,14.585457,14.641502,14.622826,14.660179,14.566772,14.510681,14.716171,14.585457,14.641502,14.678848,14.753487,14.753487,14.734833,14.753487,14.772133,14.604141,14.529381,14.828064,14.678848,14.753487,14.772133,14.622826,14.604141,14.604141,14.678848,14.883965,14.790794,14.716171,14.622826,14.697517,14.435844,14.548080,14.828064,14.697517,14.828064,14.734833,14.753487,14.697517,14.660179,14.604141,14.809425,14.641502,14.958420,14.734833,14.622826,14.529381,14.977043,14.548080,14.734833,14.828064,14.622826,14.697517,14.865326,14.678848,14.809425,14.510681,14.435844,14.510681,14.865326,14.678848,14.548080,14.566772,14.921196,14.902580,14.977043,14.641502,14.809425,14.772133,15.014244,15.070015,14.865326,14.939812,14.772133,14.846703,15.088600,15.125755,15.014244,14.939812,14.958420,14.846703,14.790794,15.014244,15.088600,14.809425,14.902580,14.772133,14.828064,14.921196,14.734833,14.995636,15.107178,15.051422,15.032837,
15.125755,15.200020,14.902580,14.883965,14.977043,15.144333,15.070015,15.014244,14.828064,14.902580,15.014244,14.902580,14.828064,15.274223,15.070015,14.939812,14.660179,15.014244,15.200020,14.977043,15.070015,15.218575,15.422462,15.681252,15.718163,16.031273,16.086403,16.654121,17.109245,17.363060,17.742363,18.388626,18.442253,18.994377,19.224815,19.348618,19.507530,19.718910,19.806816,19.912178,19.982353,20.105003,20.017418,20.017418,20.314804,20.297348,20.367180,20.297348,20.192490,20.402061,20.349724,20.349724,20.663254,20.680634,20.558884,20.802200,20.680634,20.923576,20.836899,20.750122,20.923576,20.680634,20.784843,20.767487,20.992851,20.906242,20.836899,20.663254,20.784843,20.454369,20.593697,20.836899,20.645866,20.750122,20.750122,20.645866,20.645866,20.698021,20.663254,20.645866,20.836899,20.819542,20.819542,20.923576,20.888908,21.027458,20.940895,20.975533,21.010155,21.183029,21.148476,21.027458,21.027458,21.096642,21.044754,21.131203,21.113914,21.096642,20.923576,20.906242,21.027458,21.200287,21.113914,21.148476,21.027458,21.269310,21.079346,21.079346,21.252068,21.372734,21.113914,21.389961,21.458817,21.338272,21.338272,21.269310,21.424393,21.476021,21.269310,21.579163,21.458817,21.441612,21.269310,21.424393,21.476021,21.389961,21.596336,21.476021,21.613518,21.476021,21.544792,21.596336,21.579163,21.441612,21.441612,21.665016,21.596336,21.647850,21.579163,21.544792,21.476021,21.321045,21.355507,21.476021,21.613518,21.665016,21.750755,21.802162,21.802162,21.802162,22.007431,21.853539,21.973259,22.092789,22.229179,22.212143,22.161018,22.382309,22.143959,22.331291,22.314293,22.263237,22.297272,22.109856,22.280251,22.280251,22.161018,22.195107,21.836411,21.904861,21.836411,21.836411,21.819290,21.853539,21.904861,21.870644,21.699318,21.750755,21.682167,21.493217,21.630684,21.630684,21.561981,21.630684,21.733620,21.767891,21.579163,21.716469,21.682167,21.682167,21.561981,21.716469,21.665016,21.407181,21.510414,21.596336,21.493217,21.579163,21.424393,21.389961,21.510414,21.389961,21.424393,21.561981,21.785027,21.579163,21.682167,21.750755,21.733620,21.682167,21.716469,21.716469,21.733620,22.092789,21.870644,22.058662,21.716469,21.836411,21.921967,21.973259,21.904861,22.143959,22.161018,21.853539,22.058662,22.126915,22.143959,22.024513,22.109856,22.058662,21.939064,22.024513,21.733620,21.819290,21.870644,21.870644,22.024513,21.836411,21.904861,21.904861,21.956161,21.836411,21.785027,21.750755,21.819290,21.750755,21.647850,21.613518,21.682167,21.476021,21.527603,21.527603,21.252068,21.200287,21.131203,21.044754,21.200287,21.286568,21.131203,21.183029,21.148476,21.096642,21.131203,21.131203,21.200287,21.217552,21.217552,21.096642,21.165756,21.234810,20.958221,20.975533,20.923576,20.854233,20.871582,21.010155,20.906242,20.906242,20.906242,20.680634,20.836899,20.698021,20.645866,20.558884,20.593697,20.489220,20.402061,20.402061,20.419502,20.454369,20.297348,20.489220,20.524055,20.611084,20.541473,20.698021,20.558884,20.698021,20.906242,20.871582,20.906242,21.044754,21.062057,20.906242,20.906242,20.836899,20.923576,20.715385,20.680634,20.715385,20.663254,20.645866,20.436943,20.279877,20.174995,20.279877,20.227455,20.105003,20.034943,19.947273,20.087494,19.771667,19.736496,19.859520,19.718910,19.383957,19.507530,19.489883,19.560417,19.454590,19.454590,19.419281,19.419281,19.313263,19.277893,19.029869,18.816673,18.763298,18.460121,18.227524,17.976311,17.958336,17.435440,17.290627,16.945679,16.343254,16.288277,15.773499,15.644325,15.496475,15.385422,15.274223,15.032837,15.088600,15.181458,15.032837,15.014244,15.014244,15.014244,15.292770,14.995636,14.958420,14.902580,14.939812,14.958420,14.958420,15.014244,14.883965,15.181458,14.828064,15.051422,15.088600,15.088600,15.237137,14.958420,14.995636,14.995636,14.939812,15.014244,15.014244,15.107178,14.772133,14.846703,14.939812,15.051422,15.032837,15.107178,14.921196,14.977043,15.014244,14.939812,14.809425,14.939812,14.846703,14.846703,14.958420,14.809425,14.902580,14.716171,14.939812,14.846703,14.828064,14.809425,14.977043,14.716171,14.828064,14.846703,14.622826,14.883965,14.828064,14.604141,14.790794,14.753487,14.958420,14.865326,14.772133,14.734833,14.846703,14.772133,14.828064,14.660179,14.697517,14.790794,14.828064,14.790794,14.809425,14.790794,14.958420,14.958420,14.790794,14.809425,14.622826,14.660179,14.660179,14.939812,14.734833,14.809425,14.678848,14.734833,14.641502,14.678848,14.716171,14.734833,14.846703,14.809425,14.678848,14.678848,14.772133,14.753487,14.809425,14.734833,14.828064,14.548080,14.921196,14.734833,14.716171,14.772133,14.865326,14.921196,14.846703,14.809425,14.958420,14.828064,14.883965,14.772133,14.772133,14.716171,14.865326,14.828064,14.846703,14.846703,14.883965,14.902580,14.846703,14.846703,14.883965,14.883965,14.902580,14.865326,14.995636,14.865326,15.144333,14.883965,14.939812,14.846703,14.902580,14.846703,14.865326,14.939812,14.846703,14.865326,14.604141,14.660179,14.753487,14.641502,14.753487,14.809425,14.753487,14.473274,14.790794,14.660179,14.716171,14.902580,15.014244,14.921196,14.865326,15.237137,14.995636,14.995636,15.181458,14.902580,14.921196,15.125755,15.032837,14.790794,14.846703,14.902580,14.921196,14.883965,14.977043,14.846703,14.716171,14.660179,14.716171,14.809425,14.678848,14.883965,14.660179,14.716171,14.828064,14.809425,14.902580,14.734833,14.790794,14.977043,14.697517,14.828064,14.809425,14.809425,14.790794,14.510681,14.660179,14.491982,14.753487,14.734833,14.753487,14.716171,14.846703,14.585457,14.790794,14.753487,14.865326,14.585457,14.641502,14.753487,14.716171,14.902580,14.753487,14.622826,14.716171,14.585457,14.921196,14.716171,14.641502,14.846703,14.697517,14.753487,14.753487,14.883965,14.678848,14.697517,14.734833,14.828064,14.753487,14.566772,14.660179,14.753487,14.883965,14.622826,14.753487,14.772133,14.660179,14.510681,14.734833,14.641502,14.865326,14.529381,14.772133,14.473274,14.772133,14.772133,14.846703,14.753487,14.790794,14.641502,14.883965,14.566772,14.846703,14.641502,14.585457,14.585457,14.585457,14.641502,14.753487,14.734833,14.790794,14.660179,14.753487,14.809425,14.828064,14.790794,14.716171,14.604141,14.865326,14.809425,14.753487,14.902580,14.939812,14.734833,14.902580,14.921196,14.921196,14.921196,14.902580,15.144333,14.977043,15.125755,14.734833,15.032837,14.716171,14.939812,14.734833,15.051422,14.883965,14.828064,14.641502,14.883965,14.921196,15.051422,14.902580,
15.144333,15.162895,14.883965,15.051422,14.902580,15.032837,14.828064,14.977043,15.088600,15.088600,14.846703,14.846703,15.051422,14.977043,15.181458,15.088600,14.921196,15.070015,14.995636,14.790794,15.032837,15.181458,15.162895,15.533455,15.551949,16.086403,16.049652,16.854668,16.982056,17.399261,17.994278,18.012245,18.531555,18.745483,19.189407,19.330948,19.489883,19.630898,19.877083,19.789246,19.754082,19.859520,20.087494,20.192490,20.157509,20.314804,20.471802,20.297348,20.402061,20.192490,20.402061,20.489220,20.541473,20.489220,20.645866,20.628487,20.819542,20.750122,20.767487,20.819542,20.715385,20.975533,20.628487,20.923576,20.836899,20.836899,20.802200,20.680634,20.715385,20.732758,20.888908,20.819542,20.506645,20.698021,20.611084,20.680634,20.645866,20.836899,20.923576,20.784843,20.784843,20.680634,21.079346,20.906242,20.871582,20.975533,20.923576,20.992851,20.975533,20.992851,21.062057,21.062057,21.131203,21.079346,20.906242,21.062057,21.010155,21.165756,20.958221,21.096642,21.044754,20.888908,20.975533,21.027458,21.044754,21.027458,21.217552,21.269310,21.441612,21.561981,21.338272,21.165756,21.321045,21.338272,21.389961,21.200287,21.321045,21.217552,21.303802,21.286568,21.338272,21.234810,21.252068,21.441612,21.458817,21.458817,21.458817,21.682167,21.424393,21.441612,21.407181,21.596336,21.476021,21.476021,21.716469,21.493217,21.476021,21.613518,21.321045,21.596336,21.424393,21.252068,21.338272,21.665016,21.647850,21.493217,21.579163,21.699318,21.733620,21.870644,21.819290,21.921967,21.939064,22.126915,22.143959,22.007431,22.263237,22.212143,22.348305,22.075729,22.109856,22.365303,22.416298,22.212143,22.161018,22.314293,22.212143,22.246208,22.075729,22.041588,22.092789,21.990349,21.939064,21.990349,21.904861,21.802162,21.647850,21.819290,21.647850,21.630684,21.870644,21.510414,21.870644,21.716469,21.767891,21.750755,21.682167,21.819290,21.579163,21.647850,21.853539,21.647850,21.665016,21.836411,21.527603,21.750755,21.544792,21.682167,21.458817,21.613518,21.596336,21.750755,21.476021,21.699318,21.647850,21.819290,21.819290,21.647850,21.682167,21.836411,21.767891,22.126915,22.007431,22.007431,22.092789,21.956161,22.109856,22.212143,21.956161,21.990349,21.836411,22.007431,22.143959,21.939064,22.092789,22.007431,22.058662,21.973259,22.126915,21.973259,22.178062,21.904861,21.836411,22.058662,21.921967,21.973259,21.921967,21.939064,22.007431,22.007431,21.956161,21.939064,22.075729,21.819290,21.853539,21.836411,21.579163,21.682167,21.750755,21.767891,21.493217,21.493217,21.407181,21.303802,21.303802,21.321045,21.234810,21.234810,21.148476,21.148476,21.269310,21.183029,21.165756,21.372734,21.113914,21.183029,21.113914,21.165756,21.079346,20.992851,21.027458,21.027458,20.854233,20.940895,20.940895,20.819542,20.888908,20.923576,20.680634,20.819542,20.715385,20.645866,20.611084,20.576286,20.576286,20.489220,20.332268,20.349724,20.384621,20.332268,20.419502,20.367180,20.506645,20.541473,20.558884,20.558884,20.436943,20.906242,20.836899,20.802200,20.992851,21.044754,20.923576,20.819542,20.819542,20.923576,20.888908,20.767487,20.715385,20.611084,20.663254,20.541473,20.384621,20.314804,20.279877,20.192490,20.105003,20.209976,20.157509,19.929733,19.824394,19.947273,19.630898,19.718910,19.613289,19.648506,19.648506,19.383957,19.489883,19.454590,19.207108,19.136261,19.189407,19.383957,19.083084,18.941109,18.887802,18.852249,18.513702,18.406502,18.102013,17.850410,17.742363,17.163704,16.891090,16.471397,16.178230,15.939293,15.736610,15.422462,15.329842,15.200020,15.200020,14.977043,15.070015,14.921196,14.883965,15.107178,15.107178,15.032837,15.088600,15.088600,15.051422,14.977043,15.125755,15.144333,14.828064,15.200020,14.958420,14.977043,14.902580,14.958420,15.070015,14.902580,14.977043,14.977043,14.902580,15.051422,14.977043,15.051422,14.977043,14.865326,15.070015,14.921196,14.846703,14.921196,15.107178,15.051422,15.014244,14.772133,14.902580,14.865326,14.883965,14.865326,14.865326,14.809425,14.846703,14.772133,14.790794,14.809425,14.790794,14.716171,14.660179,14.734833,14.883965,14.902580,14.809425,14.977043,14.790794,14.958420,14.697517,14.902580,14.865326,14.883965,14.902580,14.846703,14.697517,14.753487,14.753487,14.809425,15.070015,14.828064,14.716171,14.921196,14.883965,14.828064,14.678848,14.604141,14.697517,14.585457,14.716171,14.809425,14.660179,14.790794,14.809425,14.790794,14.660179,14.697517,14.697517,14.958420,14.865326,14.977043,14.641502,14.772133,14.772133,14.809425,14.734833,14.697517,14.828064,14.809425,14.604141,14.977043,14.995636,14.846703,14.772133,14.772133,14.716171,14.865326,14.846703,14.977043,14.622826,14.734833,14.809425,14.865326,14.641502,14.828064,14.939812,14.772133,14.828064,14.716171,14.977043,14.921196,14.790794,14.734833,15.014244,14.883965,14.790794,15.107178,14.883965,14.958420,14.958420,14.865326,14.846703,14.977043,14.809425,14.865326,14.883965,14.697517,14.865326,14.772133,14.753487,14.995636,14.734833,14.510681,14.734833,14.753487,14.622826,14.585457,14.790794,14.585457,14.772133,14.678848,14.734833,14.883965,14.939812,15.070015,14.995636,14.865326,14.902580,15.107178,14.921196,15.014244,15.088600,15.144333,14.958420,14.753487,15.032837,15.088600,14.995636,14.790794,14.697517,14.772133,14.846703,14.660179,14.734833,14.678848,14.790794,14.753487,14.809425,14.883965,14.939812,14.883965,14.772133,14.921196,14.939812,14.734833,14.716171,14.548080,14.790794,14.660179,14.809425,14.977043,14.772133,14.828064,14.622826,14.734833,14.734833,14.828064,14.828064,14.585457,14.716171,14.660179,14.678848,14.790794,14.865326,14.641502,14.716171,14.790794,14.566772,14.678848,14.883965,14.828064,14.622826,14.716171,14.753487,14.697517,14.435844,14.716171,14.846703,14.585457,14.622826,14.809425,14.660179,14.828064,14.809425,14.958420,14.772133,14.697517,14.716171,14.678848,14.641502,14.753487,14.473274,14.678848,14.622826,14.641502,14.846703,14.716171,14.529381,14.641502,14.604141,14.772133,14.585457,14.846703,14.734833,14.678848,14.697517,14.772133,14.958420,14.697517,14.716171,14.716171,14.660179,14.604141,14.734833,14.753487,14.678848,14.921196,14.865326,14.716171,14.697517,14.660179,14.622826,14.678848,14.828064,14.865326,14.865326,15.032837,14.790794,14.716171,14.734833,15.014244,14.529381,14.902580,15.051422,14.772133,14.846703,15.107178,14.883965,15.144333,14.939812,14.921196,14.995636,14.921196,14.939812,14.716171,15.125755,14.958420,14.883965,15.218575,
15.088600,15.014244,15.032837,14.902580,14.753487,15.070015,14.939812,15.181458,14.977043,14.995636,14.809425,14.883965,14.921196,14.995636,15.051422,15.032837,14.995636,14.921196,14.939812,15.051422,14.828064,15.403938,15.385422,15.292770,15.625862,15.939293,16.251610,16.872887,17.127403,17.616119,17.958336,18.263351,18.531555,18.834473,19.047615,19.330948,19.489883,19.648506,19.841957,19.859520,19.877083,20.017418,19.929733,20.087494,20.279877,20.297348,20.227455,20.297348,20.593697,20.436943,20.471802,20.489220,20.454369,20.698021,20.524055,20.680634,20.784843,20.698021,20.698021,20.888908,20.836899,20.906242,20.767487,21.027458,20.975533,20.888908,20.680634,20.871582,20.732758,20.784843,20.854233,20.750122,20.576286,20.680634,20.767487,20.819542,20.819542,20.767487,20.923576,21.010155,21.079346,20.750122,20.767487,20.923576,20.871582,20.958221,20.767487,20.923576,21.010155,20.992851,20.888908,21.010155,21.044754,20.819542,21.010155,21.131203,21.010155,21.027458,21.044754,20.854233,20.923576,20.958221,21.027458,21.079346,20.819542,20.975533,21.183029,21.165756,21.079346,21.338272,21.269310,21.148476,21.217552,21.338272,21.303802,21.113914,21.200287,21.286568,21.338272,21.252068,21.200287,21.183029,21.165756,21.372734,21.476021,21.407181,21.544792,21.630684,21.252068,21.527603,21.407181,21.613518,21.321045,21.424393,21.424393,21.424393,21.544792,21.476021,21.424393,21.407181,21.321045,21.441612,21.476021,21.372734,21.527603,21.424393,21.819290,21.819290,21.665016,21.682167,21.665016,21.802162,21.699318,22.092789,22.143959,22.024513,22.161018,22.246208,22.126915,22.058662,22.212143,22.041588,22.246208,22.161018,22.263237,22.212143,22.109856,22.161018,22.161018,22.075729,21.990349,21.887764,21.819290,21.990349,21.716469,21.870644,21.630684,21.802162,21.716469,21.596336,21.561981,21.527603,21.613518,21.613518,22.041588,21.733620,21.665016,21.716469,21.699318,21.699318,21.561981,21.716469,21.630684,21.699318,21.665016,21.836411,21.493217,21.596336,21.493217,21.493217,21.476021,21.613518,21.682167,21.733620,21.785027,21.870644,21.853539,21.904861,21.716469,21.870644,21.904861,21.990349,21.921967,22.126915,22.092789,22.041588,22.075729,22.126915,21.973259,21.956161,22.041588,22.143959,22.007431,22.229179,22.109856,22.212143,22.161018,22.348305,22.280251,22.280251,22.212143,22.467247,22.161018,22.075729,22.041588,22.109856,22.109856,21.956161,22.058662,22.075729,21.921967,21.990349,21.973259,21.716469,21.785027,21.682167,21.682167,21.887764,21.699318,21.510414,21.493217,21.407181,21.493217,21.458817,21.424393,21.252068,21.183029,21.321045,21.148476,21.217552,21.183029,21.286568,21.044754,21.044754,21.217552,21.338272,21.131203,21.148476,21.148476,21.044754,21.079346,20.958221,21.096642,21.113914,21.079346,20.854233,20.802200,20.854233,20.715385,20.645866,20.611084,20.680634,20.611084,20.663254,20.558884,20.436943,20.506645,20.384621,20.454369,20.419502,20.506645,20.454369,20.715385,20.419502,20.663254,20.593697,20.524055,20.593697,20.680634,20.906242,20.958221,21.010155,20.888908,20.802200,20.802200,20.888908,20.854233,20.732758,20.854233,20.750122,20.506645,20.524055,20.419502,20.454369,20.140007,20.174995,20.157509,20.140007,20.140007,20.174995,19.754082,19.929733,19.736496,19.806816,19.736496,19.578049,19.648506,19.613289,19.436943,19.419281,19.348618,19.171692,19.207108,19.383957,19.100807,19.012123,18.923340,18.763298,18.656418,18.370735,18.012245,17.760384,17.435440,17.163704,16.909286,16.471397,16.324928,15.847229,15.791931,15.570435,15.255684,15.255684,15.125755,15.237137,14.995636,15.088600,15.088600,15.014244,15.032837,14.958420,15.051422,14.977043,14.977043,15.032837,14.977043,14.921196,14.958420,14.977043,15.144333,15.070015,15.051422,14.921196,14.921196,15.051422,14.995636,15.014244,14.921196,15.070015,14.902580,14.865326,14.902580,14.883965,15.014244,14.902580,14.883965,14.995636,14.734833,15.107178,15.144333,14.939812,14.828064,14.828064,15.070015,14.995636,15.014244,14.939812,14.921196,14.809425,14.939812,14.883965,14.828064,14.604141,14.846703,14.790794,14.865326,14.902580,14.921196,14.865326,14.846703,14.753487,14.753487,14.772133,14.865326,14.883965,14.772133,14.772133,14.977043,14.883965,14.883965,14.828064,14.790794,14.828064,14.734833,14.846703,14.828064,14.809425,14.660179,14.939812,14.883965,14.697517,14.828064,14.883965,14.678848,14.716171,14.846703,14.828064,14.716171,14.772133,14.790794,14.846703,14.846703,14.809425,14.753487,14.865326,14.828064,14.809425,14.753487,14.697517,14.828064,14.678848,14.809425,14.828064,14.772133,14.921196,14.678848,14.828064,14.902580,14.958420,14.753487,14.753487,14.828064,14.828064,14.772133,14.734833,14.865326,14.883965,14.939812,14.678848,14.790794,14.828064,14.958420,14.902580,14.828064,14.939812,14.865326,14.772133,14.865326,14.977043,14.697517,14.790794,14.921196,15.032837,14.958420,14.883965,14.828064,14.828064,14.977043,14.865326,15.070015,14.902580,14.883965,14.790794,14.697517,14.510681,14.790794,14.641502,14.566772,14.846703,14.678848,14.585457,14.510681,14.753487,14.883965,14.753487,14.902580,14.958420,15.070015,15.070015,14.883965,15.032837,14.958420,15.032837,15.070015,15.014244,15.107178,14.883965,14.977043,14.995636,14.902580,14.828064,14.995636,14.846703,14.641502,14.641502,14.753487,14.790794,14.902580,14.548080,14.641502,14.809425,14.846703,14.790794,14.697517,14.921196,14.958420,14.790794,14.809425,14.902580,14.772133,14.828064,14.604141,14.828064,14.883965,14.828064,14.921196,14.678848,14.753487,14.772133,14.716171,14.734833,14.790794,14.716171,14.958420,14.865326,14.753487,14.772133,14.828064,14.678848,14.697517,14.734833,14.716171,14.641502,14.734833,14.865326,14.828064,14.809425,14.660179,14.641502,14.678848,14.734833,14.604141,14.828064,14.772133,14.753487,14.566772,14.604141,14.660179,14.697517,14.734833,14.604141,14.716171,14.734833,14.846703,14.790794,14.641502,14.772133,14.454552,14.809425,14.828064,14.678848,14.772133,14.809425,14.939812,14.641502,14.548080,14.641502,14.604141,14.772133,14.660179,14.734833,14.678848,14.772133,14.716171,14.809425,14.716171,14.678848,14.772133,14.660179,14.753487,14.473274,14.828064,14.828064,14.939812,14.883965,14.939812,14.697517,14.828064,15.088600,14.716171,14.772133,14.809425,14.809425,14.883965,14.921196,14.790794,14.678848,14.790794,15.014244,14.902580,15.032837,14.828064,14.995636,14.790794,14.772133,15.088600,15.144333,14.753487,14.883965,14.902580,15.107178,
15.348373,15.014244,15.181458,14.902580,14.977043,14.902580,14.939812,15.218575,15.088600,14.958420,15.014244,14.902580,14.828064,14.977043,15.051422,15.070015,15.107178,14.995636,14.902580,14.772133,15.051422,15.274223,15.200020,15.255684,15.662788,15.884071,16.306610,16.690620,16.836464,17.344955,17.778404,18.012245,18.424385,18.763298,19.207108,19.383957,19.542793,19.771667,19.824394,20.105003,20.034943,19.964821,20.105003,20.052460,20.192490,20.105003,20.332268,20.314804,20.436943,20.314804,20.244934,20.611084,20.436943,20.645866,20.628487,20.419502,20.645866,20.454369,20.750122,20.854233,20.732758,20.854233,20.784843,20.819542,20.871582,20.767487,20.558884,20.784843,20.871582,20.732758,20.819542,20.750122,20.593697,20.767487,20.680634,20.680634,20.836899,20.750122,20.871582,20.854233,21.062057,21.113914,20.819542,20.975533,20.802200,20.906242,20.940895,20.940895,20.819542,21.044754,20.906242,20.923576,21.113914,21.044754,21.096642,20.923576,21.079346,20.854233,21.148476,20.975533,21.010155,20.992851,21.062057,20.888908,20.923576,21.062057,20.992851,21.079346,21.372734,21.389961,21.234810,21.044754,21.234810,21.113914,21.165756,21.131203,21.234810,21.407181,21.372734,21.286568,21.321045,21.252068,21.269310,21.338272,21.338272,21.407181,21.493217,21.476021,21.286568,21.389961,21.355507,21.458817,21.372734,21.665016,21.407181,21.476021,21.544792,21.321045,21.441612,21.407181,21.476021,21.389961,21.441612,21.527603,21.389961,21.407181,21.630684,21.716469,21.665016,21.579163,21.802162,21.819290,21.802162,21.939064,22.075729,21.870644,22.212143,22.126915,22.041588,22.331291,22.178062,22.126915,22.075729,22.075729,22.109856,22.024513,22.092789,22.246208,22.075729,21.887764,21.836411,22.109856,21.699318,22.007431,21.699318,21.887764,21.699318,21.733620,21.665016,21.527603,21.493217,21.630684,21.544792,21.733620,21.699318,21.750755,21.699318,21.682167,21.613518,21.596336,21.819290,21.613518,21.750755,21.579163,21.630684,21.665016,21.682167,21.527603,21.561981,21.493217,21.544792,21.819290,21.613518,21.647850,21.647850,21.802162,21.870644,21.819290,21.939064,21.699318,21.939064,21.904861,21.904861,22.126915,22.109856,22.195107,22.161018,22.195107,22.041588,22.178062,22.092789,22.365303,22.263237,22.161018,22.280251,22.433289,22.212143,22.382309,22.143959,22.382309,22.126915,22.212143,22.178062,22.212143,22.075729,22.058662,21.973259,22.058662,22.331291,22.229179,22.161018,22.024513,22.024513,22.024513,21.887764,21.785027,21.802162,21.836411,21.716469,21.682167,21.596336,21.338272,21.458817,21.372734,21.303802,21.355507,21.321045,21.200287,21.269310,21.269310,21.148476,21.355507,21.183029,21.113914,21.217552,21.234810,21.062057,21.355507,21.165756,21.010155,21.217552,21.079346,21.200287,21.079346,21.079346,20.819542,20.958221,20.784843,20.940895,20.802200,20.698021,20.784843,20.576286,20.419502,20.489220,20.663254,20.454369,20.297348,20.489220,20.471802,20.332268,20.489220,20.524055,20.489220,20.402061,20.593697,20.698021,20.663254,20.906242,20.819542,20.784843,20.906242,20.854233,20.784843,20.802200,20.871582,20.923576,20.698021,20.750122,20.680634,20.558884,20.489220,20.471802,20.384621,20.489220,20.262413,20.349724,20.192490,19.999893,19.964821,19.982353,19.964821,19.947273,19.613289,19.613289,19.648506,19.472237,19.454590,19.260208,19.436943,19.419281,19.313263,19.313263,19.260208,19.277893,18.958870,18.923340,18.549400,18.549400,18.245445,17.994278,17.796410,17.525826,17.218117,16.909286,16.544525,16.324928,15.736610,15.810371,15.588913,15.459480,15.088600,15.107178,15.311302,14.995636,14.977043,14.939812,15.144333,15.218575,15.311302,14.958420,15.162895,14.958420,15.070015,14.939812,14.846703,14.939812,14.939812,14.921196,14.977043,14.921196,14.939812,14.995636,15.181458,14.939812,14.995636,14.902580,14.939812,15.014244,15.162895,14.790794,14.995636,14.977043,15.051422,14.902580,15.051422,14.846703,15.032837,14.772133,14.902580,14.828064,14.977043,15.070015,14.828064,14.809425,14.790794,14.883965,14.865326,14.697517,14.846703,14.865326,14.846703,14.772133,14.753487,14.772133,14.622826,14.772133,14.697517,14.660179,14.790794,14.865326,14.977043,14.697517,14.883965,14.678848,14.772133,14.790794,14.865326,14.753487,14.939812,14.660179,14.977043,14.716171,14.753487,14.678848,14.828064,14.790794,14.734833,14.809425,15.014244,14.809425,14.772133,14.939812,14.921196,14.790794,14.790794,14.772133,14.883965,14.846703,14.865326,14.753487,14.753487,14.883965,14.902580,14.697517,14.790794,14.604141,14.809425,14.846703,14.902580,14.921196,14.809425,14.865326,14.716171,14.828064,14.846703,14.660179,14.660179,14.772133,14.939812,14.828064,14.697517,14.660179,14.883965,14.772133,14.846703,14.883965,14.604141,14.772133,14.939812,14.846703,14.958420,14.678848,15.014244,14.865326,14.902580,14.809425,14.921196,14.921196,14.902580,14.883965,14.865326,14.846703,14.958420,14.753487,14.883965,14.958420,14.939812,14.977043,14.790794,14.604141,14.510681,14.678848,14.790794,14.697517,14.622826,14.604141,14.921196,14.566772,14.734833,14.641502,14.604141,14.790794,14.883965,14.790794,14.921196,15.032837,14.958420,14.958420,15.051422,14.902580,14.958420,14.958420,14.716171,14.902580,14.772133,14.995636,14.921196,14.697517,14.828064,14.772133,14.846703,14.660179,14.902580,14.566772,14.790794,14.660179,14.697517,14.772133,14.939812,14.772133,14.753487,14.902580,14.697517,14.697517,14.828064,14.678848,14.734833,14.734833,14.604141,14.772133,14.697517,14.828064,14.604141,14.828064,14.660179,14.716171,14.846703,14.790794,14.902580,14.697517,14.809425,14.660179,14.641502,14.660179,14.697517,14.865326,14.716171,14.734833,14.921196,14.753487,14.809425,14.678848,14.809425,14.604141,14.809425,14.641502,14.548080,14.566772,14.604141,14.622826,14.753487,14.678848,14.846703,14.660179,14.734833,14.697517,14.678848,14.809425,14.790794,14.753487,14.697517,14.865326,14.828064,14.585457,14.772133,14.828064,14.548080,14.604141,14.548080,14.622826,14.883965,14.734833,14.678848,14.753487,14.660179,14.753487,14.753487,14.622826,14.828064,14.604141,14.790794,14.716171,14.660179,14.772133,14.846703,14.846703,14.585457,14.809425,14.716171,14.790794,14.790794,14.753487,14.958420,14.697517,14.883965,14.865326,14.977043,14.883965,14.865326,14.790794,14.753487,14.790794,14.809425,14.921196,14.828064,14.939812,15.125755,14.902580,14.865326,15.051422,14.995636,15.014244,14.921196,14.883965,14.828064,14.883965,14.977043,14.902580,14.977043,
15.181458,15.125755,15.125755,14.809425,15.181458,15.200020,15.181458,15.200020,15.014244,15.218575,14.939812,14.958420,14.790794,15.032837,14.939812,14.958420,14.939812,15.014244,14.921196,15.032837,15.014244,15.125755,15.162895,15.348373,15.625862,15.939293,16.324928,16.818245,16.927490,17.525826,17.814415,18.191681,18.388626,18.656418,19.065346,19.260208,19.630898,19.507530,19.630898,19.771667,19.859520,19.947273,19.982353,20.192490,20.105003,20.227455,20.314804,20.140007,20.349724,20.558884,20.489220,20.454369,20.436943,20.558884,20.471802,20.732758,20.680634,20.663254,20.975533,20.680634,20.923576,20.940895,20.923576,20.802200,20.854233,20.940895,20.958221,20.923576,20.611084,20.958221,20.732758,20.906242,20.628487,20.680634,20.715385,21.044754,20.645866,20.992851,20.923576,20.958221,20.819542,21.044754,21.044754,21.027458,21.131203,21.062057,20.836899,20.958221,21.027458,20.923576,20.923576,21.079346,20.992851,20.958221,20.871582,20.836899,20.923576,20.958221,20.715385,20.923576,20.923576,20.767487,21.079346,20.940895,20.975533,21.010155,20.906242,21.269310,21.113914,21.079346,21.355507,21.131203,21.183029,21.200287,21.148476,21.096642,21.096642,21.338272,21.338272,21.355507,21.286568,21.200287,21.200287,21.217552,21.476021,21.303802,21.424393,21.767891,21.458817,21.493217,21.458817,21.579163,21.579163,21.269310,21.407181,21.493217,21.596336,21.389961,21.458817,21.665016,21.321045,21.441612,21.458817,21.527603,21.441612,21.476021,21.699318,21.665016,21.887764,21.802162,21.836411,21.853539,21.887764,21.973259,21.921967,21.921967,22.161018,22.024513,22.126915,22.178062,22.058662,22.178062,22.161018,22.109856,22.229179,22.229179,21.956161,22.109856,22.075729,21.956161,21.887764,22.075729,21.819290,21.853539,21.733620,21.750755,21.921967,21.785027,21.579163,21.372734,21.527603,21.527603,21.596336,21.596336,21.613518,21.716469,21.767891,21.682167,21.716469,21.665016,21.527603,21.476021,21.613518,21.647850,21.596336,21.544792,21.493217,21.493217,21.493217,21.544792,21.613518,21.544792,21.579163,21.561981,21.682167,21.853539,21.613518,21.836411,21.699318,21.716469,21.904861,21.973259,21.870644,22.109856,22.109856,22.092789,22.143959,22.399300,22.007431,22.229179,22.246208,22.212143,22.229179,22.229179,22.314293,22.331291,22.433289,22.229179,22.314293,22.161018,22.212143,22.195107,22.229179,22.143959,21.973259,22.229179,22.126915,22.212143,22.007431,21.973259,22.178062,21.887764,22.126915,21.939064,21.956161,21.973259,21.785027,21.870644,21.613518,21.682167,21.682167,21.836411,21.561981,21.613518,21.338272,21.441612,21.441612,21.303802,21.217552,21.458817,21.476021,21.252068,21.286568,21.407181,21.183029,21.372734,21.286568,21.321045,21.062057,21.303802,21.131203,21.027458,21.217552,21.062057,20.906242,21.010155,20.940895,20.940895,20.906242,20.871582,20.750122,20.663254,20.715385,20.558884,20.419502,20.454369,20.489220,20.524055,20.367180,20.471802,20.611084,20.471802,20.471802,20.524055,20.367180,20.663254,20.802200,20.767487,20.767487,20.958221,20.802200,20.854233,21.010155,20.732758,20.854233,20.784843,20.611084,20.923576,20.750122,20.471802,20.558884,20.349724,20.611084,20.436943,20.332268,20.297348,20.157509,20.140007,19.982353,20.192490,19.999893,19.894638,19.630898,19.929733,19.507530,19.507530,19.401619,19.507530,19.366287,19.313263,19.366287,19.313263,19.277893,19.260208,19.153984,19.047615,18.798889,18.763298,18.424385,18.245445,17.958336,17.706314,17.272507,17.181839,16.690620,16.471397,16.269951,15.699715,15.718163,15.440964,15.144333,15.496475,15.051422,15.311302,15.032837,14.883965,14.939812,14.958420,15.051422,14.883965,15.144333,14.828064,14.977043,15.162895,14.995636,15.125755,14.809425,15.032837,14.902580,14.939812,15.051422,15.051422,15.032837,14.883965,15.088600,14.846703,14.977043,14.921196,15.032837,14.995636,14.939812,14.977043,15.014244,14.977043,14.921196,15.014244,14.753487,14.883965,14.902580,15.051422,14.883965,14.828064,14.921196,14.883965,14.921196,14.902580,14.772133,14.846703,14.846703,14.772133,14.753487,14.865326,14.828064,14.883965,14.902580,14.772133,14.828064,14.902580,14.716171,14.772133,14.902580,14.734833,14.753487,14.790794,14.734833,14.865326,14.753487,14.734833,14.883965,14.828064,14.865326,14.828064,14.828064,14.958420,14.716171,14.939812,14.809425,14.809425,14.809425,14.716171,14.921196,14.772133,14.753487,14.865326,14.790794,14.902580,14.566772,14.697517,14.883965,14.678848,14.921196,14.921196,14.883965,14.902580,14.622826,14.865326,14.772133,14.902580,14.883965,14.846703,14.939812,14.995636,14.790794,14.753487,14.753487,14.846703,14.958420,14.734833,14.958420,14.865326,14.753487,14.753487,14.846703,14.772133,14.883965,14.977043,14.622826,14.734833,14.846703,14.790794,14.902580,14.790794,14.865326,14.772133,14.995636,14.939812,14.958420,14.921196,14.828064,15.070015,14.883965,15.032837,14.902580,14.734833,14.995636,14.958420,14.790794,14.883965,15.014244,15.014244,14.809425,14.828064,14.660179,14.883965,14.734833,14.716171,14.809425,14.678848,14.622826,14.678848,14.622826,14.660179,14.790794,14.790794,14.995636,14.846703,15.070015,15.032837,15.144333,14.977043,15.014244,15.107178,15.107178,14.902580,15.051422,15.014244,15.051422,14.883965,15.088600,14.883965,14.883965,14.753487,14.734833,14.753487,14.734833,14.865326,14.604141,14.622826,14.846703,14.883965,14.883965,14.865326,15.014244,14.995636,14.697517,14.958420,14.753487,14.939812,14.865326,14.772133,14.921196,14.790794,14.473274,14.958420,14.678848,14.716171,14.809425,14.958420,14.921196,14.753487,14.734833,14.753487,14.660179,14.828064,14.772133,14.753487,14.716171,14.790794,14.716171,14.697517,14.753487,14.678848,14.716171,14.641502,14.641502,14.753487,14.828064,14.865326,14.734833,14.697517,14.716171,14.846703,14.622826,14.753487,14.716171,14.828064,14.846703,14.734833,14.716171,14.753487,14.772133,14.828064,14.660179,14.753487,14.678848,14.491982,14.697517,14.697517,14.790794,14.716171,14.809425,14.772133,14.902580,14.939812,14.622826,14.828064,14.604141,14.566772,14.716171,14.678848,14.716171,14.772133,14.678848,15.032837,14.641502,14.846703,14.529381,14.660179,14.641502,14.809425,14.939812,14.790794,14.921196,14.753487,14.883965,14.977043,14.753487,14.716171,14.716171,15.014244,14.977043,14.716171,14.790794,15.032837,14.921196,14.790794,15.014244,15.088600,14.678848,14.921196,14.883965,14.809425,14.716171,14.958420,14.753487,14.828064,14.828064,14.790794,14.958420,15.107178,
15.218575,15.070015,15.014244,15.088600,15.125755,15.070015,14.995636,14.828064,15.051422,15.181458,14.809425,14.958420,15.088600,15.051422,14.995636,15.088600,14.846703,14.995636,15.014244,15.014244,15.218575,15.292770,15.385422,15.607391,15.588913,15.773499,16.251610,16.781799,17.018410,17.453522,17.886406,18.370735,18.442253,18.905579,19.100807,19.189407,19.454590,19.789246,19.648506,19.877083,19.947273,20.052460,19.947273,20.122513,20.052460,20.332268,20.279877,20.209976,20.454369,20.436943,20.524055,20.367180,20.593697,20.506645,20.715385,20.732758,20.680634,20.628487,20.854233,20.767487,20.854233,20.836899,21.010155,20.767487,20.628487,21.044754,20.767487,20.992851,20.888908,20.802200,20.836899,20.767487,20.732758,20.906242,20.680634,20.732758,20.802200,20.871582,20.958221,20.784843,20.940895,20.906242,20.940895,21.200287,20.888908,20.958221,21.148476,20.802200,20.888908,21.010155,21.096642,20.802200,20.923576,20.940895,20.784843,20.940895,20.819542,20.940895,20.958221,20.992851,20.975533,21.027458,20.923576,20.992851,20.819542,21.027458,21.079346,21.062057,21.079346,21.096642,21.200287,21.458817,21.113914,21.269310,21.165756,21.269310,21.286568,21.407181,21.183029,21.389961,21.407181,21.338272,21.321045,21.407181,21.286568,21.321045,21.372734,21.355507,21.286568,21.647850,21.476021,21.561981,21.252068,21.544792,21.424393,21.424393,21.389961,21.424393,21.286568,21.579163,21.441612,21.407181,21.321045,21.372734,21.596336,21.596336,21.389961,21.647850,21.441612,21.682167,21.613518,21.716469,21.733620,21.904861,22.007431,22.041588,22.212143,22.092789,22.075729,21.921967,22.195107,22.178062,22.007431,22.092789,22.195107,22.092789,21.819290,22.041588,22.007431,21.956161,21.802162,21.767891,21.750755,21.733620,21.767891,21.819290,21.665016,21.596336,21.561981,21.613518,21.527603,21.476021,21.355507,21.476021,21.716469,21.510414,21.716469,21.476021,21.561981,21.682167,21.476021,21.699318,21.716469,21.424393,21.493217,21.561981,21.561981,21.596336,21.476021,21.544792,21.647850,21.596336,21.544792,21.544792,21.750755,21.682167,21.716469,21.750755,21.802162,22.007431,21.990349,22.024513,21.990349,22.109856,21.939064,22.058662,22.143959,22.195107,22.126915,22.178062,22.109856,22.246208,22.348305,22.501198,22.178062,22.229179,22.348305,22.297272,22.348305,22.331291,22.467247,22.246208,22.143959,22.212143,22.058662,22.041588,21.956161,22.126915,22.024513,22.109856,21.973259,22.041588,21.939064,22.041588,21.921967,21.990349,21.836411,21.699318,21.973259,21.665016,21.802162,21.939064,21.476021,21.630684,21.458817,21.321045,21.200287,21.200287,21.217552,21.372734,21.183029,21.389961,21.269310,21.407181,21.424393,21.200287,21.217552,21.286568,21.338272,21.286568,21.148476,21.269310,21.096642,21.113914,21.096642,21.062057,20.906242,20.836899,20.663254,20.836899,20.750122,20.680634,20.732758,20.663254,20.593697,20.750122,20.576286,20.663254,20.576286,20.541473,20.471802,20.698021,20.698021,20.628487,20.628487,20.732758,20.628487,20.888908,20.663254,20.836899,20.802200,20.784843,20.784843,20.854233,20.871582,20.784843,20.819542,20.715385,20.680634,20.645866,20.541473,20.471802,20.402061,20.489220,20.279877,20.034943,20.174995,20.349724,20.192490,20.034943,20.262413,19.947273,19.771667,19.718910,19.383957,19.366287,19.542793,19.348618,19.277893,19.383957,19.383957,19.313263,19.242508,19.260208,19.136261,19.065346,18.923340,18.763298,18.513702,18.388626,17.904396,17.832420,17.580009,17.181839,16.982056,16.544525,16.343254,15.920883,15.644325,15.533455,15.088600,15.107178,15.200020,15.162895,14.958420,14.958420,15.144333,15.051422,15.162895,15.162895,14.977043,14.995636,14.939812,14.865326,14.977043,14.977043,15.218575,15.070015,14.809425,14.902580,14.995636,14.977043,14.977043,14.921196,14.995636,14.939812,14.921196,14.902580,15.014244,15.014244,15.125755,14.958420,14.921196,15.107178,14.865326,14.977043,15.051422,14.865326,14.939812,14.977043,14.939812,14.883965,14.902580,14.995636,14.883965,14.828064,14.939812,14.977043,14.977043,14.883965,14.753487,14.865326,14.734833,14.734833,14.716171,14.790794,14.883965,14.790794,14.790794,14.809425,14.790794,14.846703,14.828064,14.977043,14.585457,14.939812,14.883965,14.809425,14.883965,14.772133,14.846703,14.809425,14.828064,14.828064,14.828064,14.753487,14.865326,14.865326,14.846703,14.865326,14.809425,14.790794,14.772133,14.846703,14.622826,14.846703,14.846703,14.660179,14.753487,14.939812,14.772133,14.641502,14.939812,14.902580,14.883965,15.032837,14.790794,14.753487,14.828064,14.828064,14.883965,14.958420,14.883965,14.902580,14.809425,14.921196,14.828064,14.883965,14.809425,14.883965,14.678848,14.660179,14.641502,14.958420,14.716171,14.828064,14.809425,15.014244,14.809425,14.883965,14.865326,14.790794,14.883965,14.921196,15.032837,14.902580,15.051422,14.995636,14.902580,14.921196,15.051422,15.125755,14.921196,14.828064,14.958420,14.697517,14.902580,14.865326,14.678848,14.828064,14.865326,14.604141,14.828064,14.772133,14.809425,14.622826,14.790794,14.622826,14.809425,14.454552,14.753487,14.622826,14.790794,14.828064,14.716171,15.070015,14.883965,15.032837,15.237137,15.088600,14.846703,15.051422,14.883965,15.032837,14.977043,14.921196,15.125755,14.809425,14.921196,14.977043,14.809425,14.883965,14.772133,14.809425,14.716171,14.622826,14.622826,14.809425,14.716171,14.753487,14.660179,14.921196,14.883965,14.865326,14.809425,14.772133,14.753487,14.697517,14.977043,14.846703,14.809425,14.809425,14.883965,14.958420,14.697517,14.753487,14.772133,14.846703,14.809425,14.697517,14.865326,14.772133,14.753487,14.977043,14.716171,14.790794,14.660179,14.716171,14.828064,14.883965,14.716171,14.772133,14.753487,14.753487,14.510681,14.734833,14.753487,14.734833,14.697517,14.939812,14.939812,14.790794,14.753487,14.585457,14.716171,14.660179,14.697517,14.660179,14.622826,14.734833,14.697517,14.697517,14.790794,14.865326,14.809425,14.753487,14.883965,14.716171,14.753487,14.790794,14.697517,14.660179,14.716171,14.641502,14.753487,14.678848,14.772133,14.753487,14.678848,14.716171,14.622826,14.622826,14.790794,14.641502,14.660179,14.529381,14.641502,14.790794,14.641502,14.790794,14.846703,14.697517,14.865326,14.753487,14.939812,14.753487,14.790794,14.753487,14.846703,14.828064,14.809425,14.753487,14.828064,14.958420,14.809425,15.032837,14.734833,14.902580,15.032837,14.660179,14.977043,14.865326,14.772133,14.902580,14.883965,14.902580,14.921196,14.939812,15.088600,15.237137,
14.939812,15.014244,14.939812,14.995636,14.995636,14.995636,15.014244,14.958420,14.958420,15.014244,14.977043,14.828064,14.958420,15.014244,15.014244,15.088600,15.125755,14.939812,14.865326,15.070015,15.070015,15.237137,15.422462,15.477974,15.810371,16.068031,16.581078,16.599342,17.054764,17.344955,17.796410,18.263351,18.245445,18.798889,19.224815,19.330948,19.630898,19.736496,19.666115,19.947273,19.877083,19.912178,20.069977,20.034943,20.244934,20.034943,20.209976,20.244934,20.314804,20.384621,20.454369,20.558884,20.576286,20.419502,20.558884,20.750122,20.767487,20.680634,20.750122,20.819542,21.010155,20.750122,20.836899,20.836899,20.888908,20.906242,21.062057,20.992851,20.732758,21.027458,20.923576,20.854233,20.854233,20.784843,20.940895,21.010155,21.113914,20.888908,20.906242,20.819542,21.010155,20.992851,20.923576,21.286568,20.975533,20.958221,21.096642,21.027458,20.802200,20.888908,20.923576,20.854233,20.923576,20.888908,20.698021,20.750122,20.871582,20.732758,20.698021,20.854233,20.958221,20.819542,21.096642,20.975533,20.906242,20.975533,20.923576,21.010155,21.131203,21.355507,21.148476,21.131203,21.234810,21.252068,21.217552,21.165756,21.200287,21.355507,21.234810,21.303802,21.389961,21.303802,21.355507,21.355507,21.424393,21.355507,21.441612,21.407181,21.510414,21.113914,21.372734,21.476021,21.544792,21.458817,21.407181,21.493217,21.424393,21.407181,21.424393,21.476021,21.303802,21.458817,21.269310,21.476021,21.372734,21.389961,21.596336,21.510414,21.647850,21.613518,21.579163,21.733620,21.836411,22.092789,22.109856,22.075729,21.973259,22.161018,22.092789,22.041588,21.887764,22.143959,22.092789,22.007431,22.143959,22.024513,22.041588,22.058662,21.956161,22.058662,21.904861,21.870644,21.733620,21.750755,21.682167,21.613518,21.682167,21.544792,21.682167,21.424393,21.579163,21.527603,21.630684,21.544792,21.596336,21.630684,21.579163,21.596336,21.630684,21.682167,21.630684,21.579163,21.579163,21.613518,21.544792,21.630684,21.510414,21.544792,21.613518,21.544792,21.527603,21.424393,21.630684,21.733620,21.785027,21.939064,21.785027,21.802162,21.921967,21.750755,21.956161,21.853539,22.109856,21.973259,22.143959,22.195107,22.058662,22.178062,22.246208,22.178062,22.229179,22.263237,22.212143,22.246208,22.365303,22.212143,22.075729,22.143959,22.246208,22.331291,22.314293,22.263237,22.280251,22.229179,22.229179,22.007431,22.143959,22.212143,22.007431,22.041588,22.229179,22.075729,22.126915,22.007431,21.939064,21.853539,21.767891,21.699318,21.665016,21.819290,21.613518,21.355507,21.407181,21.355507,21.355507,21.234810,21.148476,21.200287,21.252068,21.113914,21.338272,21.200287,21.217552,21.269310,21.286568,21.303802,21.183029,21.321045,21.252068,21.079346,21.079346,21.217552,21.044754,21.252068,20.888908,21.027458,20.819542,20.767487,20.958221,20.680634,20.992851,20.767487,20.454369,20.576286,20.558884,20.471802,20.454369,20.297348,20.524055,20.436943,20.593697,20.419502,20.593697,20.645866,20.611084,20.698021,20.628487,20.698021,20.767487,20.819542,20.819542,21.113914,20.940895,20.854233,20.836899,20.923576,20.750122,20.715385,20.767487,20.663254,20.541473,20.558884,20.367180,20.297348,20.244934,20.471802,20.174995,19.999893,20.209976,20.034943,19.754082,19.877083,19.718910,19.613289,19.648506,19.560417,19.472237,19.383957,19.472237,19.419281,19.260208,19.100807,19.189407,19.260208,19.171692,18.994377,18.923340,18.674240,18.495850,18.227524,18.030205,17.688278,17.326851,17.163704,16.763573,16.471397,16.196571,16.031273,15.718163,15.533455,15.348373,15.477974,15.088600,14.995636,15.237137,15.032837,14.958420,15.088600,15.051422,14.977043,14.958420,15.032837,15.107178,15.088600,15.051422,15.107178,14.958420,14.939812,14.865326,15.125755,14.846703,14.883965,15.014244,14.883965,14.809425,14.846703,15.032837,14.921196,14.883965,14.921196,14.790794,14.846703,14.790794,14.958420,14.883965,15.088600,15.032837,15.032837,14.902580,15.051422,14.883965,14.902580,14.809425,14.958420,14.921196,14.790794,14.958420,14.846703,14.809425,14.939812,14.790794,14.753487,14.753487,14.753487,14.902580,14.846703,15.014244,14.902580,14.716171,14.809425,14.716171,14.809425,14.734833,14.772133,14.753487,14.772133,14.790794,14.977043,14.529381,14.790794,14.865326,14.716171,14.790794,14.790794,14.939812,14.734833,14.865326,14.772133,14.716171,14.753487,14.828064,14.753487,14.828064,14.846703,14.939812,14.846703,14.753487,14.883965,14.846703,14.716171,14.697517,14.846703,14.716171,14.716171,14.939812,14.734833,14.809425,14.604141,14.697517,14.865326,14.734833,14.846703,14.790794,14.753487,14.660179,14.828064,14.753487,14.678848,14.753487,14.902580,14.958420,14.977043,14.809425,14.772133,14.883965,14.883965,14.846703,14.939812,14.697517,14.846703,14.697517,15.032837,14.809425,14.772133,14.939812,14.846703,14.883965,14.865326,14.753487,15.200020,14.977043,14.678848,14.958420,14.902580,15.032837,14.865326,14.790794,14.939812,14.828064,14.828064,14.828064,14.809425,14.846703,14.678848,14.734833,14.772133,14.585457,14.548080,14.454552,14.566772,14.604141,15.032837,14.678848,14.828064,14.977043,15.107178,14.939812,15.032837,15.032837,15.125755,14.883965,15.032837,15.348373,14.958420,15.088600,14.939812,14.809425,14.958420,14.902580,14.697517,14.734833,14.809425,14.883965,14.734833,14.865326,14.585457,14.790794,14.753487,14.772133,15.014244,14.790794,14.809425,14.828064,14.697517,14.828064,14.865326,14.660179,14.921196,14.809425,14.902580,14.790794,14.846703,14.828064,14.753487,14.678848,14.939812,14.828064,14.660179,14.790794,14.753487,14.790794,14.772133,14.809425,14.716171,14.828064,14.734833,14.753487,14.865326,15.070015,14.734833,14.716171,14.716171,14.734833,14.772133,14.678848,14.809425,14.678848,14.883965,14.660179,14.604141,14.772133,14.772133,14.716171,14.809425,14.716171,14.883965,14.566772,14.828064,14.828064,14.641502,14.622826,14.753487,14.790794,14.809425,14.678848,14.846703,14.883965,14.846703,14.566772,14.660179,14.790794,14.604141,14.716171,14.809425,14.902580,14.641502,14.790794,14.883965,14.678848,14.566772,14.678848,14.678848,14.753487,14.790794,14.846703,14.660179,14.772133,14.641502,14.734833,14.753487,14.678848,14.865326,14.585457,14.809425,14.790794,14.772133,14.772133,15.107178,14.865326,14.958420,14.828064,14.921196,14.846703,14.753487,14.753487,14.921196,14.697517,14.846703,14.753487,14.921196,14.939812,15.032837,14.958420,14.716171,15.051422,14.846703,15.032837,14.902580,14.977043,15.014244,
15.088600,15.218575,14.883965,15.200020,15.032837,14.977043,15.125755,15.070015,15.032837,15.107178,14.939812,14.958420,14.977043,15.255684,14.921196,14.865326,15.162895,14.828064,15.181458,15.107178,15.144333,15.181458,15.385422,15.440964,15.588913,16.068031,16.214928,16.544525,17.181839,17.381157,17.760384,18.191681,18.299164,18.994377,18.994377,19.083084,19.578049,19.630898,19.877083,19.841957,19.771667,20.017418,19.964821,20.069977,20.227455,20.105003,20.332268,20.489220,20.122513,20.384621,20.419502,20.558884,20.436943,20.576286,20.576286,20.802200,20.541473,20.906242,20.836899,20.854233,20.715385,21.010155,20.923576,20.836899,20.698021,21.096642,21.062057,21.044754,20.888908,20.975533,20.940895,20.767487,21.062057,21.079346,21.096642,20.888908,20.906242,20.802200,20.940895,21.027458,20.975533,20.975533,21.010155,20.940895,20.958221,21.010155,21.062057,21.010155,20.975533,21.010155,20.906242,20.802200,20.906242,21.027458,20.767487,21.010155,20.871582,20.784843,20.888908,20.836899,20.871582,20.888908,20.940895,20.836899,20.958221,20.940895,20.975533,20.940895,21.044754,21.044754,20.975533,21.217552,21.217552,21.148476,21.338272,21.200287,20.992851,21.217552,21.441612,21.234810,21.424393,21.338272,21.252068,21.476021,21.424393,21.476021,21.476021,21.252068,21.389961,21.424393,21.458817,21.493217,21.389961,21.286568,21.269310,21.303802,21.407181,21.200287,21.303802,21.303802,21.269310,21.234810,21.441612,21.458817,21.355507,21.441612,21.527603,21.476021,21.579163,21.510414,21.561981,21.596336,21.750755,21.733620,21.836411,21.785027,22.041588,22.058662,21.973259,22.007431,22.024513,21.973259,22.075729,22.041588,21.939064,22.058662,21.836411,21.836411,21.921967,21.767891,21.733620,21.699318,21.613518,21.699318,21.802162,21.630684,21.561981,21.424393,21.493217,21.647850,21.458817,21.510414,21.458817,21.750755,21.510414,21.665016,21.493217,21.458817,21.544792,21.716469,21.613518,21.613518,21.544792,21.510414,21.579163,21.613518,21.544792,21.544792,21.733620,21.441612,21.716469,21.510414,21.561981,21.802162,21.682167,21.750755,21.904861,21.921967,21.887764,21.887764,21.733620,21.973259,21.853539,22.007431,22.178062,22.126915,22.058662,21.887764,22.195107,22.229179,22.075729,22.058662,22.041588,22.246208,22.195107,22.195107,22.297272,22.178062,22.484222,22.212143,22.212143,22.365303,22.348305,22.143959,22.178062,22.178062,22.212143,22.109856,22.092789,22.024513,21.939064,21.956161,21.956161,21.887764,21.716469,21.973259,22.007431,21.939064,21.682167,21.613518,21.510414,21.527603,21.355507,21.234810,21.372734,21.303802,21.252068,21.131203,21.131203,21.217552,21.338272,21.252068,21.200287,21.165756,21.148476,21.372734,21.234810,21.131203,21.234810,20.940895,21.096642,21.027458,21.027458,20.836899,20.992851,20.923576,20.715385,20.784843,20.784843,20.784843,20.698021,20.715385,20.715385,20.454369,20.663254,20.593697,20.402061,20.436943,20.332268,20.489220,20.524055,20.419502,20.419502,20.402061,20.611084,20.923576,20.698021,20.732758,20.593697,20.836899,20.802200,20.940895,20.819542,20.663254,20.854233,20.906242,20.836899,20.819542,20.854233,20.471802,20.489220,20.558884,20.576286,20.227455,20.402061,20.297348,20.017418,20.105003,20.122513,20.192490,19.806816,19.964821,19.630898,19.841957,19.648506,19.613289,19.489883,19.578049,19.313263,19.348618,19.313263,19.260208,19.330948,19.224815,19.224815,18.994377,18.852249,18.656418,18.531555,18.370735,18.084076,17.760384,17.363060,17.127403,16.909286,16.544525,16.159874,15.902481,15.514977,15.459480,15.385422,15.162895,15.200020,15.144333,15.218575,15.237137,15.032837,15.014244,14.995636,15.051422,14.995636,15.218575,14.790794,14.939812,15.070015,15.051422,14.958420,14.958420,15.032837,15.032837,14.902580,14.828064,15.051422,14.902580,14.977043,15.032837,14.995636,14.939812,14.995636,14.995636,14.939812,14.809425,14.883965,14.977043,15.032837,14.995636,14.846703,14.865326,14.883965,14.939812,14.995636,14.790794,14.828064,15.051422,14.883965,15.032837,14.865326,14.809425,14.697517,14.958420,15.070015,15.032837,14.641502,14.939812,14.883965,14.883965,14.809425,14.883965,14.828064,14.883965,14.921196,14.809425,15.051422,14.828064,14.790794,14.902580,14.678848,14.772133,14.678848,14.809425,14.809425,14.622826,14.790794,14.753487,14.809425,14.921196,14.716171,14.790794,14.846703,14.958420,14.716171,14.865326,14.753487,14.977043,14.921196,14.716171,14.697517,14.828064,14.883965,14.883965,14.772133,14.846703,14.846703,14.846703,14.772133,14.865326,14.902580,14.865326,14.790794,14.697517,14.865326,14.846703,14.865326,14.753487,14.809425,14.828064,14.846703,14.995636,14.734833,14.641502,14.828064,14.828064,14.828064,14.865326,14.828064,14.921196,14.678848,14.846703,14.809425,14.790794,14.902580,14.809425,14.716171,14.921196,15.014244,14.958420,14.902580,14.883965,14.883965,14.958420,14.790794,14.921196,15.070015,15.070015,14.828064,14.921196,14.716171,14.921196,14.790794,14.828064,14.883965,14.753487,14.772133,14.753487,14.828064,14.716171,14.716171,14.622826,14.772133,14.529381,14.566772,14.790794,14.977043,14.604141,14.902580,14.902580,14.995636,15.200020,15.070015,15.014244,14.939812,14.865326,15.051422,15.162895,15.014244,15.051422,14.846703,14.902580,14.865326,14.995636,14.790794,14.585457,14.585457,14.809425,14.734833,14.753487,14.846703,14.753487,14.809425,14.995636,14.790794,14.939812,14.883965,14.883965,14.958420,14.790794,14.772133,14.846703,14.958420,14.716171,14.716171,14.697517,14.660179,14.660179,14.622826,14.678848,14.734833,14.697517,14.753487,14.697517,14.678848,14.529381,14.734833,14.678848,14.734833,14.697517,14.753487,14.902580,14.641502,14.772133,14.883965,14.697517,14.865326,14.809425,14.902580,14.902580,14.958420,14.604141,14.734833,14.828064,14.697517,14.622826,14.398399,14.697517,14.772133,14.977043,14.585457,14.734833,14.548080,14.790794,14.734833,14.828064,14.566772,14.641502,14.865326,14.660179,14.678848,14.790794,14.585457,14.641502,14.902580,14.828064,14.548080,14.716171,14.790794,14.828064,14.772133,14.921196,14.716171,14.846703,14.790794,14.678848,14.921196,14.678848,14.641502,14.883965,14.772133,14.865326,14.921196,14.790794,14.660179,14.716171,14.809425,14.921196,14.697517,15.014244,14.828064,14.846703,15.088600,14.604141,14.828064,14.902580,14.939812,14.828064,14.902580,14.958420,14.772133,14.846703,14.883965,14.977043,14.939812,15.107178,14.772133,14.995636,14.753487,15.014244,14.958420,14.883965,14.809425,15.125755,
15.311302,14.977043,15.162895,15.070015,15.051422,15.051422,14.995636,14.921196,14.883965,14.865326,15.125755,15.125755,14.902580,14.883965,14.958420,15.088600,14.921196,14.977043,14.753487,15.032837,15.051422,15.088600,15.274223,15.385422,15.755058,15.994492,16.068031,16.599342,17.000237,17.525826,17.796410,18.263351,18.406502,18.781090,19.012123,19.330948,19.401619,19.771667,19.648506,20.034943,19.701309,19.929733,19.947273,20.034943,19.912178,20.402061,20.454369,20.332268,20.349724,20.314804,20.262413,20.611084,20.663254,20.436943,20.558884,20.593697,20.663254,20.732758,20.663254,20.767487,20.558884,20.958221,20.940895,21.113914,20.784843,21.010155,21.027458,20.819542,21.183029,20.906242,20.975533,21.200287,20.871582,21.062057,20.958221,20.888908,20.940895,21.079346,20.888908,21.200287,20.940895,20.940895,21.096642,21.148476,20.906242,21.079346,20.836899,20.975533,21.131203,21.027458,20.958221,20.715385,20.819542,20.680634,20.663254,20.836899,20.906242,20.732758,20.819542,20.732758,20.767487,20.750122,20.819542,20.906242,20.871582,20.871582,20.906242,21.027458,20.958221,21.010155,21.183029,21.148476,21.148476,21.165756,21.183029,21.252068,21.441612,21.458817,21.441612,21.476021,21.338272,21.441612,21.424393,21.372734,21.389961,21.510414,21.424393,21.527603,21.321045,21.372734,21.458817,21.372734,21.355507,21.355507,21.286568,21.338272,21.476021,21.355507,21.389961,21.338272,21.338272,21.389961,21.355507,21.493217,21.424393,21.355507,21.389961,21.269310,21.510414,21.458817,21.579163,21.544792,21.613518,21.802162,21.785027,22.161018,21.939064,22.024513,21.904861,22.024513,21.904861,21.990349,22.041588,22.007431,21.990349,21.887764,22.024513,21.836411,21.733620,21.870644,21.682167,21.682167,21.716469,21.630684,21.613518,21.802162,21.630684,21.561981,21.407181,21.527603,21.407181,21.510414,21.561981,21.716469,21.613518,21.493217,21.389961,21.476021,21.613518,21.613518,21.630684,21.510414,21.750755,21.613518,21.630684,21.596336,21.476021,21.699318,21.613518,21.579163,21.785027,21.665016,21.665016,21.596336,21.750755,21.802162,21.904861,21.956161,21.939064,22.092789,21.956161,21.904861,21.836411,22.126915,21.921967,21.956161,21.990349,22.229179,22.058662,22.161018,22.195107,22.161018,22.280251,22.331291,22.331291,22.297272,22.365303,22.331291,22.314293,22.416298,22.109856,22.246208,22.263237,22.126915,22.297272,22.178062,22.143959,22.092789,22.143959,22.161018,22.178062,22.195107,21.939064,21.973259,21.956161,21.767891,21.750755,21.819290,21.716469,21.665016,21.613518,21.527603,21.493217,21.441612,21.321045,21.286568,21.131203,21.131203,21.252068,21.252068,21.131203,21.131203,21.303802,21.217552,21.321045,21.200287,21.113914,21.079346,20.975533,21.148476,21.217552,21.165756,21.165756,21.113914,20.975533,20.992851,20.854233,20.784843,20.923576,20.802200,20.628487,20.715385,20.680634,20.576286,20.524055,20.506645,20.576286,20.541473,20.541473,20.471802,20.384621,20.419502,20.454369,20.628487,20.593697,20.732758,20.645866,20.558884,20.680634,20.784843,20.836899,20.767487,20.819542,20.802200,20.732758,20.767487,20.836899,20.680634,20.802200,20.767487,20.454369,20.436943,20.436943,20.227455,20.419502,20.209976,20.227455,20.122513,20.034943,20.034943,20.034943,19.929733,19.718910,19.736496,19.595665,19.454590,19.613289,19.525154,19.401619,19.295586,19.366287,19.242508,19.242508,19.153984,19.100807,18.976631,18.798889,18.692055,18.460121,18.281258,18.048164,17.868416,17.381157,17.435440,16.800026,16.562805,16.068031,15.828796,15.662788,15.422462,15.292770,15.218575,15.088600,15.070015,14.977043,15.070015,14.865326,15.107178,14.995636,15.051422,14.939812,15.070015,14.865326,14.958420,15.070015,14.865326,14.995636,14.977043,14.865326,14.958420,14.939812,14.865326,15.088600,15.014244,15.032837,14.995636,14.995636,14.958420,15.051422,14.939812,14.921196,15.070015,14.883965,15.032837,15.051422,14.977043,14.977043,15.014244,14.958420,15.032837,14.921196,15.181458,14.828064,14.939812,14.995636,14.846703,15.014244,14.865326,14.828064,14.958420,14.921196,14.902580,14.883965,14.883965,14.995636,14.846703,14.734833,14.753487,14.828064,15.014244,14.697517,14.902580,14.939812,14.939812,14.753487,14.883965,14.678848,14.734833,14.716171,14.734833,14.716171,14.641502,14.809425,14.809425,14.939812,14.772133,14.846703,14.753487,14.753487,14.865326,14.772133,14.828064,14.809425,14.846703,14.828064,14.865326,14.734833,14.809425,14.772133,14.865326,14.809425,14.883965,14.828064,14.865326,14.678848,14.734833,14.809425,14.921196,14.772133,14.902580,14.604141,14.790794,14.921196,14.660179,14.772133,14.828064,14.678848,14.716171,14.772133,14.958420,14.809425,14.772133,14.902580,14.865326,14.790794,14.772133,14.734833,14.865326,14.641502,14.883965,14.958420,14.883965,14.828064,14.772133,14.790794,14.678848,14.828064,14.939812,14.995636,14.828064,15.014244,14.995636,15.125755,14.902580,14.865326,15.051422,15.051422,14.921196,14.939812,14.883965,14.939812,15.032837,14.641502,14.566772,14.529381,14.678848,14.510681,14.641502,14.772133,14.828064,14.585457,14.660179,14.846703,14.697517,14.809425,15.014244,14.977043,14.939812,15.181458,14.958420,15.088600,15.032837,15.162895,15.181458,14.995636,14.939812,14.865326,15.014244,14.734833,14.641502,14.753487,14.641502,14.678848,14.678848,14.772133,14.734833,14.921196,14.734833,14.772133,14.958420,15.032837,14.828064,14.883965,14.809425,14.939812,14.660179,14.734833,15.032837,14.883965,14.678848,14.716171,14.660179,14.846703,14.753487,14.846703,14.716171,14.790794,14.678848,14.660179,14.604141,14.865326,14.790794,14.697517,14.846703,14.660179,14.622826,14.809425,14.697517,14.753487,14.865326,14.883965,14.828064,14.678848,14.734833,14.660179,14.716171,14.753487,14.772133,14.641502,14.995636,14.846703,14.622826,14.828064,14.809425,14.772133,14.622826,14.697517,14.809425,14.716171,14.697517,14.753487,14.678848,14.678848,14.734833,14.828064,14.753487,14.734833,14.622826,14.604141,14.753487,14.697517,14.716171,14.660179,14.734833,14.678848,14.697517,14.809425,14.865326,14.734833,15.032837,14.697517,14.902580,14.641502,14.566772,14.753487,14.622826,14.790794,14.977043,14.939812,14.772133,14.846703,14.734833,14.828064,14.883965,14.939812,14.697517,14.641502,14.995636,15.088600,15.032837,14.790794,14.865326,14.846703,14.921196,14.660179,14.958420,14.753487,14.939812,14.772133,15.088600,14.790794,14.809425,14.958420,14.865326,14.939812,14.958420,14.753487,14.865326,14.977043,14.939812,
15.385422,15.070015,14.995636,14.995636,14.995636,14.883965,14.883965,15.032837,14.883965,15.014244,15.125755,15.181458,15.032837,15.051422,14.995636,15.014244,14.865326,15.088600,15.014244,14.995636,14.902580,15.162895,15.422462,15.459480,15.810371,15.791931,16.159874,16.690620,17.000237,17.670250,17.507759,18.137894,18.334953,18.816673,18.976631,19.012123,19.666115,19.630898,19.806816,19.982353,19.877083,19.877083,20.069977,20.034943,20.140007,20.279877,20.297348,20.384621,20.349724,20.593697,20.471802,20.454369,20.524055,20.611084,20.819542,20.506645,20.663254,20.750122,20.645866,20.663254,20.767487,21.010155,20.888908,20.992851,20.992851,21.079346,21.148476,20.888908,21.131203,21.010155,20.906242,20.940895,21.027458,21.044754,20.819542,20.923576,20.958221,21.096642,21.113914,20.958221,21.148476,21.096642,21.113914,20.940895,21.062057,20.802200,21.010155,21.010155,20.975533,21.027458,20.906242,20.906242,20.819542,20.802200,20.784843,20.958221,20.784843,20.940895,20.750122,20.854233,20.819542,20.836899,20.802200,20.888908,20.784843,20.750122,21.044754,20.958221,21.113914,21.200287,21.113914,21.113914,21.252068,21.234810,21.234810,21.269310,21.476021,21.355507,21.338272,21.252068,21.544792,21.407181,21.476021,21.321045,21.286568,21.613518,21.355507,21.544792,21.458817,21.510414,21.389961,21.407181,21.389961,21.682167,21.441612,21.458817,21.441612,21.441612,21.165756,21.510414,21.441612,21.269310,21.355507,21.372734,21.303802,21.510414,21.372734,21.458817,21.476021,21.527603,21.716469,21.476021,21.733620,21.802162,21.647850,21.887764,21.785027,21.990349,22.024513,21.853539,22.126915,22.024513,21.887764,21.921967,21.904861,22.041588,21.836411,21.904861,21.716469,21.836411,21.647850,21.785027,21.561981,21.579163,21.750755,21.561981,21.510414,21.733620,21.493217,21.476021,21.476021,21.407181,21.561981,21.476021,21.389961,21.647850,21.510414,21.544792,21.613518,21.596336,21.476021,21.596336,21.476021,21.596336,21.424393,21.544792,21.579163,21.510414,21.647850,21.630684,21.733620,21.647850,21.767891,21.853539,21.802162,21.819290,21.836411,21.904861,21.853539,21.802162,21.921967,21.990349,21.973259,22.092789,21.990349,21.904861,21.973259,22.092789,22.195107,22.024513,22.024513,22.143959,22.161018,22.297272,22.314293,22.126915,22.331291,22.195107,22.365303,22.109856,22.212143,22.348305,22.263237,22.229179,22.314293,22.178062,22.126915,22.041588,22.126915,22.024513,22.161018,22.126915,22.058662,22.058662,21.836411,22.041588,21.802162,21.836411,21.682167,21.647850,21.561981,21.458817,21.561981,21.441612,21.389961,21.183029,21.131203,21.252068,21.200287,21.148476,21.062057,21.217552,21.338272,21.252068,21.234810,21.286568,21.234810,21.200287,21.286568,21.113914,21.165756,21.079346,20.975533,20.923576,20.854233,20.923576,20.784843,20.784843,20.854233,20.802200,20.715385,20.836899,20.698021,20.506645,20.663254,20.506645,20.541473,20.506645,20.558884,20.489220,20.558884,20.471802,20.680634,20.506645,20.524055,20.524055,20.524055,20.680634,20.836899,20.715385,20.802200,20.854233,20.802200,20.992851,20.819542,20.802200,20.784843,20.784843,20.611084,20.698021,20.611084,20.593697,20.506645,20.279877,20.384621,20.314804,20.262413,20.034943,20.105003,19.824394,19.877083,19.824394,19.806816,19.666115,19.613289,19.472237,19.507530,19.578049,19.542793,19.260208,19.419281,19.401619,19.207108,19.118538,19.171692,19.153984,18.887802,18.834473,18.477982,18.209602,18.030205,17.634163,17.471611,17.091087,16.854668,16.453102,16.104774,16.012886,15.736610,15.514977,15.292770,15.162895,15.125755,15.032837,14.921196,14.939812,15.200020,14.939812,15.070015,15.107178,15.125755,15.014244,15.088600,14.958420,14.977043,14.939812,15.292770,14.977043,14.921196,14.958420,14.977043,15.032837,14.865326,15.051422,14.865326,15.032837,14.921196,14.865326,14.921196,15.070015,14.995636,14.995636,15.070015,14.865326,14.958420,14.921196,15.051422,14.958420,14.902580,14.995636,14.939812,14.995636,14.977043,14.995636,14.939812,14.865326,14.883965,14.772133,14.939812,14.902580,14.939812,14.958420,14.809425,14.883965,14.846703,14.734833,14.939812,14.883965,14.828064,14.865326,14.697517,14.809425,14.865326,14.995636,14.902580,14.809425,14.958420,14.902580,14.883965,14.678848,14.790794,14.865326,14.809425,14.939812,14.846703,14.883965,14.716171,15.014244,14.753487,14.939812,14.883965,14.846703,14.716171,14.641502,14.734833,14.734833,14.809425,14.716171,14.697517,14.846703,14.753487,14.772133,14.809425,14.977043,14.660179,14.716171,14.865326,14.865326,14.828064,14.958420,14.846703,14.846703,14.790794,14.846703,14.734833,14.790794,14.846703,14.902580,14.865326,14.846703,14.921196,14.622826,14.809425,14.828064,14.790794,14.790794,14.734833,14.828064,14.883965,14.977043,14.865326,14.883965,15.032837,15.014244,14.921196,15.051422,14.846703,14.995636,15.014244,14.883965,14.809425,14.865326,14.865326,14.865326,14.977043,15.070015,14.977043,14.939812,14.883965,14.809425,14.977043,14.716171,14.753487,14.790794,14.846703,14.939812,14.548080,14.697517,14.716171,14.660179,14.846703,14.660179,14.753487,15.200020,14.977043,14.939812,14.977043,15.070015,15.014244,15.051422,14.977043,15.051422,14.995636,15.088600,14.846703,15.200020,14.921196,14.790794,14.995636,14.604141,14.566772,14.828064,14.772133,14.753487,14.809425,14.660179,14.622826,14.828064,14.921196,14.828064,14.902580,15.014244,14.772133,15.032837,14.902580,14.846703,14.809425,14.865326,14.846703,14.753487,14.566772,14.939812,14.846703,14.753487,14.921196,14.697517,14.921196,14.790794,14.753487,14.790794,14.660179,14.772133,14.772133,14.828064,14.379669,14.660179,14.716171,14.828064,14.790794,14.753487,14.678848,14.660179,14.548080,14.734833,14.753487,14.772133,14.846703,14.846703,14.753487,14.491982,14.772133,14.697517,14.697517,14.753487,14.604141,14.697517,14.790794,14.697517,14.772133,14.604141,14.660179,14.790794,14.809425,14.660179,14.548080,14.604141,14.716171,14.716171,14.678848,14.753487,14.865326,14.529381,14.678848,14.995636,14.697517,14.716171,14.790794,14.828064,14.790794,14.734833,14.828064,14.734833,14.678848,14.566772,14.734833,14.995636,14.809425,14.585457,14.753487,14.678848,14.753487,14.828064,14.660179,14.790794,14.846703,14.790794,14.846703,14.846703,14.828064,14.828064,15.014244,15.014244,14.734833,15.088600,14.790794,14.995636,14.995636,15.070015,14.921196,14.865326,14.678848,14.921196,15.051422,14.995636,15.051422,14.995636,14.828064,14.977043,14.902580,15.311302,
14.977043,15.088600,15.329842,14.995636,15.070015,15.274223,14.772133,15.032837,15.181458,15.162895,14.846703,14.958420,15.070015,14.977043,14.902580,15.051422,15.107178,15.070015,15.070015,14.790794,14.977043,15.070015,15.570435,15.292770,15.625862,15.810371,16.141510,16.581078,16.635872,17.435440,17.561958,18.155830,18.370735,18.834473,18.923340,19.348618,19.419281,19.701309,19.894638,19.736496,19.877083,19.982353,20.052460,20.052460,20.192490,20.384621,20.122513,20.436943,20.227455,20.209976,20.332268,20.384621,20.558884,20.680634,20.645866,20.454369,20.628487,20.611084,20.593697,20.819542,20.958221,20.958221,20.819542,21.148476,20.871582,21.044754,20.940895,20.784843,21.079346,21.010155,21.096642,21.010155,21.010155,20.819542,21.010155,21.096642,21.027458,20.923576,20.975533,21.183029,21.027458,21.234810,21.148476,21.217552,21.200287,21.113914,20.940895,21.044754,20.958221,21.113914,20.750122,20.715385,20.992851,20.836899,21.010155,20.663254,20.958221,21.096642,20.940895,21.010155,20.854233,20.923576,20.802200,20.871582,20.802200,20.992851,20.888908,21.079346,21.079346,21.062057,21.044754,21.062057,21.113914,21.113914,21.113914,21.269310,21.355507,21.544792,21.424393,21.407181,21.355507,21.269310,21.544792,21.527603,21.476021,21.716469,21.596336,21.493217,21.493217,21.355507,21.510414,21.441612,21.424393,21.407181,21.561981,21.561981,21.234810,21.389961,21.561981,21.286568,21.252068,21.372734,21.234810,21.527603,21.217552,21.424393,21.424393,21.269310,21.596336,21.579163,21.527603,21.493217,21.699318,21.699318,21.682167,21.939064,21.733620,21.733620,21.733620,21.819290,21.887764,21.956161,21.904861,21.870644,21.733620,21.956161,22.007431,21.733620,21.802162,21.716469,21.647850,21.785027,21.596336,21.424393,21.561981,21.476021,21.407181,21.630684,21.613518,21.372734,21.321045,21.441612,21.441612,21.407181,21.458817,21.544792,21.613518,21.424393,21.372734,21.476021,21.630684,21.527603,21.476021,21.544792,21.579163,21.476021,21.665016,21.630684,21.767891,21.682167,21.699318,21.785027,21.836411,21.785027,21.699318,21.785027,21.733620,21.870644,21.750755,21.853539,21.904861,21.939064,22.058662,21.887764,21.921967,22.126915,21.990349,21.956161,22.007431,22.058662,22.143959,22.092789,22.126915,22.212143,22.229179,22.280251,22.263237,22.246208,22.109856,22.246208,22.161018,22.280251,22.092789,22.212143,22.195107,22.161018,22.195107,22.195107,21.939064,22.161018,21.904861,22.007431,21.870644,22.041588,21.887764,21.836411,21.665016,21.596336,21.750755,21.510414,21.527603,21.561981,21.407181,21.441612,21.355507,21.286568,21.338272,21.321045,21.234810,21.200287,21.131203,21.200287,21.269310,21.252068,21.217552,21.200287,21.234810,21.131203,21.303802,20.992851,21.183029,21.062057,20.958221,21.113914,21.183029,20.836899,20.906242,20.940895,20.750122,20.802200,20.732758,20.906242,20.628487,20.715385,20.645866,20.593697,20.698021,20.506645,20.541473,20.471802,20.645866,20.489220,20.384621,20.541473,20.524055,20.802200,20.524055,20.750122,20.698021,20.645866,20.958221,20.871582,20.923576,20.732758,20.819542,20.854233,20.906242,20.836899,20.593697,20.576286,20.436943,20.279877,20.419502,20.367180,20.279877,20.244934,20.209976,19.894638,20.087494,20.087494,19.947273,19.736496,19.754082,19.701309,19.613289,19.507530,19.507530,19.436943,19.648506,19.207108,19.136261,19.118538,19.207108,19.419281,19.047615,18.958870,18.798889,18.674240,18.442253,18.191681,17.886406,17.670250,17.326851,17.236252,16.818245,16.526253,15.884071,15.718163,15.570435,15.440964,15.255684,15.255684,14.883965,14.921196,14.977043,14.939812,14.883965,14.809425,14.883965,15.014244,15.032837,15.051422,14.958420,15.237137,14.921196,14.958420,15.032837,15.107178,15.125755,15.014244,15.014244,14.846703,15.218575,14.939812,14.921196,15.032837,14.995636,15.051422,14.939812,14.753487,14.958420,14.939812,14.958420,14.865326,14.828064,14.995636,15.107178,14.939812,14.995636,15.032837,15.014244,14.958420,14.939812,14.809425,15.070015,14.790794,14.865326,14.939812,14.828064,14.995636,15.032837,14.902580,14.790794,14.865326,14.921196,14.902580,14.995636,14.809425,14.865326,14.939812,14.883965,14.902580,14.790794,14.734833,14.865326,14.809425,14.939812,14.977043,14.734833,14.790794,14.828064,14.902580,14.846703,14.734833,14.790794,14.790794,14.753487,14.828064,14.809425,14.883965,14.697517,15.088600,14.846703,14.828064,14.828064,14.753487,14.958420,14.921196,14.883965,14.678848,14.678848,14.772133,14.716171,14.939812,14.865326,14.809425,14.753487,14.809425,14.846703,14.939812,14.883965,14.921196,14.995636,14.846703,14.828064,14.753487,14.958420,14.883965,14.716171,14.697517,15.032837,14.809425,14.846703,14.716171,14.753487,14.772133,14.846703,14.828064,14.697517,14.716171,14.865326,14.790794,14.828064,14.939812,14.958420,14.902580,14.846703,14.958420,14.846703,14.753487,14.939812,14.902580,15.014244,14.883965,14.828064,14.790794,14.883965,14.883965,14.902580,14.809425,14.921196,14.772133,14.678848,14.828064,14.660179,14.772133,14.921196,15.014244,14.828064,14.939812,14.734833,14.734833,14.622826,14.846703,14.828064,15.125755,14.809425,14.921196,15.088600,14.995636,15.070015,14.977043,15.107178,15.107178,14.939812,14.809425,14.958420,14.902580,14.734833,14.865326,14.641502,14.734833,14.809425,14.828064,14.529381,14.809425,14.772133,14.790794,14.883965,14.753487,14.641502,14.865326,14.865326,14.716171,14.921196,14.902580,14.734833,14.958420,14.846703,14.697517,14.846703,14.697517,14.828064,14.734833,14.772133,14.921196,14.753487,14.828064,14.716171,14.939812,14.883965,14.828064,14.883965,14.790794,14.716171,14.790794,14.697517,14.809425,14.921196,14.697517,14.772133,14.734833,14.883965,14.865326,14.772133,14.790794,14.716171,14.585457,14.678848,14.809425,14.585457,14.772133,14.660179,14.678848,14.734833,14.865326,14.548080,14.716171,14.753487,14.846703,14.883965,14.622826,14.641502,14.604141,14.641502,14.939812,14.604141,14.548080,14.846703,14.772133,14.772133,14.585457,14.604141,14.883965,14.921196,14.790794,14.548080,14.734833,14.902580,14.734833,14.846703,14.846703,14.865326,14.846703,14.809425,14.958420,14.753487,14.939812,14.660179,14.622826,14.828064,14.716171,14.585457,14.753487,14.902580,14.846703,14.958420,14.678848,15.107178,15.051422,14.790794,14.772133,15.107178,14.660179,14.828064,14.604141,14.828064,14.902580,15.088600,14.939812,14.772133,15.051422,14.753487,15.107178,14.772133,14.883965,15.014244,14.958420,15.200020,15.051422,
15.218575,15.032837,14.902580,14.995636,15.070015,14.883965,14.995636,14.865326,14.939812,14.939812,15.032837,14.977043,15.051422,15.014244,15.032837,15.125755,15.107178,15.162895,15.125755,15.088600,15.162895,15.144333,15.607391,15.422462,15.791931,15.847229,16.343254,16.617607,16.891090,17.344955,17.688278,18.227524,18.334953,18.567253,18.958870,19.383957,19.542793,19.701309,19.824394,20.087494,20.087494,19.947273,20.174995,20.122513,20.052460,20.052460,20.157509,20.332268,20.279877,20.402061,20.541473,20.611084,20.454369,20.471802,20.628487,20.802200,20.802200,20.750122,20.732758,20.663254,20.871582,20.958221,20.836899,21.044754,20.906242,21.096642,20.958221,20.784843,20.940895,21.027458,20.958221,20.888908,20.975533,20.992851,20.906242,21.234810,20.992851,21.165756,21.113914,21.183029,21.234810,21.234810,21.183029,21.062057,21.079346,20.992851,21.252068,20.923576,20.992851,20.923576,20.940895,20.940895,20.836899,20.906242,20.715385,20.854233,20.784843,20.958221,20.854233,21.044754,20.784843,20.906242,20.975533,20.836899,20.940895,21.096642,20.923576,21.269310,20.958221,21.044754,21.113914,21.286568,21.200287,21.148476,21.113914,21.372734,21.389961,21.493217,21.527603,21.527603,21.321045,21.476021,21.407181,21.493217,21.493217,21.252068,21.561981,21.596336,21.647850,21.544792,21.544792,21.544792,21.424393,21.596336,21.441612,21.355507,21.389961,21.372734,21.303802,21.458817,21.269310,21.441612,21.338272,21.217552,21.389961,21.389961,21.561981,21.441612,21.303802,21.441612,21.441612,21.544792,21.510414,21.682167,21.716469,21.699318,21.699318,21.819290,21.819290,21.665016,21.767891,21.750755,21.682167,21.870644,21.819290,21.956161,21.853539,21.699318,21.682167,21.682167,21.716469,21.630684,21.561981,21.321045,21.458817,21.338272,21.389961,21.544792,21.372734,21.303802,21.372734,21.355507,21.321045,21.544792,21.372734,21.303802,21.338272,21.372734,21.372734,21.389961,21.458817,21.561981,21.476021,21.630684,21.389961,21.613518,21.510414,21.630684,21.596336,21.750755,21.682167,21.561981,21.819290,21.699318,21.887764,21.836411,21.921967,21.802162,21.733620,21.767891,21.853539,21.853539,21.973259,21.990349,22.007431,21.904861,21.939064,21.973259,22.041588,22.178062,22.041588,21.956161,22.280251,22.126915,22.126915,22.195107,22.212143,22.109856,22.365303,22.263237,22.263237,22.246208,22.195107,22.143959,22.075729,22.212143,22.161018,22.058662,22.058662,22.075729,21.921967,21.973259,21.939064,21.887764,21.870644,21.870644,21.750755,21.665016,21.596336,21.647850,21.544792,21.458817,21.338272,21.441612,21.252068,21.252068,21.252068,21.321045,21.096642,21.321045,21.458817,21.200287,21.131203,21.234810,21.113914,21.200287,21.044754,21.286568,21.286568,21.096642,21.010155,20.975533,20.992851,21.200287,20.888908,20.940895,20.732758,20.802200,20.975533,20.802200,20.854233,20.854233,20.750122,20.784843,20.680634,20.593697,20.593697,20.558884,20.506645,20.419502,20.471802,20.436943,20.489220,20.454369,20.489220,20.576286,20.611084,20.611084,20.750122,20.871582,20.645866,20.767487,20.802200,20.819542,20.750122,20.715385,20.819542,20.628487,20.698021,20.593697,20.436943,20.419502,20.471802,20.384621,20.314804,20.209976,20.105003,19.999893,20.122513,20.157509,19.999893,19.912178,19.666115,19.630898,19.525154,19.507530,19.472237,19.472237,19.436943,19.595665,19.419281,19.224815,19.436943,19.313263,19.118538,19.100807,18.692055,18.745483,18.424385,18.263351,18.084076,17.778404,17.453522,17.236252,16.836464,16.471397,16.196571,15.865646,15.588913,15.385422,15.366905,15.329842,15.070015,15.144333,15.088600,14.902580,15.051422,14.995636,14.902580,14.865326,15.051422,15.032837,14.977043,15.144333,15.162895,14.995636,14.958420,14.977043,15.051422,14.995636,15.107178,14.977043,14.902580,14.977043,14.995636,14.958420,14.939812,15.088600,15.032837,15.070015,15.070015,14.977043,14.902580,14.865326,14.921196,14.883965,14.958420,14.846703,15.107178,14.977043,14.883965,14.995636,14.753487,14.883965,15.051422,14.753487,14.809425,14.958420,14.939812,14.828064,14.921196,14.809425,14.734833,14.902580,14.977043,14.883965,14.790794,14.772133,14.809425,14.883965,14.753487,14.865326,14.846703,15.032837,14.716171,14.846703,14.846703,14.883965,14.809425,14.939812,15.032837,14.846703,14.790794,14.902580,14.883965,14.753487,14.734833,14.772133,14.958420,14.828064,14.921196,14.846703,14.772133,14.883965,14.883965,14.772133,14.939812,14.883965,14.865326,14.772133,14.641502,14.828064,14.828064,15.014244,14.809425,14.604141,14.660179,14.753487,14.809425,14.772133,14.995636,14.753487,15.070015,14.883965,15.051422,14.902580,14.902580,14.753487,14.678848,14.921196,14.809425,14.865326,14.958420,14.865326,14.622826,14.958420,14.995636,14.939812,14.883965,15.032837,14.865326,15.107178,14.902580,14.809425,14.902580,14.902580,14.902580,14.995636,14.921196,14.977043,14.772133,14.902580,14.921196,14.902580,15.051422,14.883965,15.014244,14.995636,14.921196,14.921196,14.865326,14.622826,14.790794,14.734833,14.697517,14.660179,14.548080,14.772133,14.678848,14.697517,14.734833,14.678848,14.660179,15.125755,14.883965,14.939812,14.902580,14.995636,15.051422,15.162895,15.070015,15.051422,15.014244,14.865326,14.921196,15.070015,14.902580,14.790794,15.014244,14.883965,14.734833,14.828064,14.585457,14.846703,14.828064,14.772133,14.641502,14.678848,14.846703,14.809425,14.716171,14.753487,14.846703,14.921196,14.790794,14.790794,14.790794,14.678848,14.902580,14.716171,14.977043,14.939812,14.734833,14.902580,14.865326,14.772133,14.716171,14.865326,14.622826,14.716171,14.716171,14.641502,14.716171,14.753487,14.772133,14.641502,14.772133,14.809425,14.697517,14.697517,14.734833,14.716171,14.883965,14.473274,14.660179,14.641502,14.772133,14.660179,14.641502,14.753487,14.566772,14.697517,14.678848,14.958420,14.585457,14.734833,14.828064,14.716171,14.604141,14.678848,14.529381,14.529381,14.697517,14.491982,14.790794,14.604141,14.772133,14.604141,14.772133,14.678848,14.772133,14.697517,14.809425,14.753487,14.772133,14.678848,14.660179,14.883965,14.678848,14.660179,14.716171,14.790794,14.753487,14.716171,14.622826,14.809425,14.697517,14.939812,14.529381,14.678848,14.809425,14.902580,14.697517,14.678848,14.939812,14.939812,14.753487,14.939812,14.846703,14.958420,14.939812,14.828064,14.790794,15.014244,14.716171,14.828064,14.846703,14.790794,14.809425,14.790794,14.622826,14.883965,14.828064,14.828064,14.939812,14.958420,14.809425,14.865326,15.107178,14.958420,
15.032837,15.032837,15.051422,15.088600,14.753487,15.181458,14.846703,15.088600,14.939812,15.125755,14.939812,14.902580,14.921196,15.070015,14.977043,15.014244,14.902580,15.125755,14.883965,15.181458,14.995636,15.200020,15.088600,15.385422,15.588913,15.699715,16.178230,16.526253,16.891090,17.236252,17.868416,18.155830,18.406502,18.941109,19.012123,19.277893,19.383957,19.701309,19.947273,19.841957,19.859520,20.069977,19.964821,20.017418,20.017418,20.209976,20.332268,20.262413,20.192490,20.402061,20.454369,20.680634,20.454369,20.541473,20.524055,20.524055,20.611084,20.715385,20.732758,20.663254,20.645866,20.802200,20.836899,20.802200,20.767487,21.027458,20.802200,21.079346,20.750122,20.854233,21.062057,20.836899,20.906242,20.906242,21.044754,20.992851,20.940895,21.027458,21.113914,21.200287,21.131203,20.958221,21.200287,21.096642,21.062057,21.113914,20.888908,20.888908,20.975533,20.992851,20.958221,20.819542,20.836899,20.802200,20.819542,20.767487,20.802200,20.871582,20.836899,21.010155,20.802200,20.888908,20.958221,20.958221,20.836899,20.888908,20.802200,21.010155,21.079346,21.079346,21.010155,21.027458,21.183029,21.252068,21.286568,21.252068,21.424393,21.510414,21.561981,21.630684,21.579163,21.527603,21.527603,21.665016,21.561981,21.527603,21.682167,21.561981,21.493217,21.527603,21.579163,21.527603,21.389961,21.441612,21.458817,21.682167,21.476021,21.458817,21.338272,21.458817,21.527603,21.527603,21.355507,21.355507,21.372734,21.561981,21.476021,21.458817,21.476021,21.510414,21.338272,21.527603,21.372734,21.699318,21.750755,21.767891,21.836411,21.750755,21.785027,21.716469,21.767891,21.973259,21.699318,21.785027,21.682167,21.870644,21.750755,21.767891,21.699318,21.613518,21.527603,21.613518,21.441612,21.613518,21.407181,21.269310,21.407181,21.476021,21.647850,21.303802,21.407181,21.424393,21.527603,21.372734,21.441612,21.527603,21.476021,21.407181,21.527603,21.510414,21.372734,21.544792,21.441612,21.527603,21.647850,21.613518,21.767891,21.630684,21.613518,21.802162,21.596336,21.750755,21.853539,21.733620,21.870644,21.870644,22.007431,21.836411,21.921967,21.870644,21.939064,21.939064,21.853539,21.853539,21.819290,22.041588,21.819290,21.921967,21.870644,22.075729,21.956161,22.161018,22.229179,22.109856,21.990349,22.195107,22.143959,22.075729,22.263237,22.161018,22.212143,22.195107,22.109856,22.212143,22.178062,22.058662,22.041588,22.007431,22.109856,22.058662,22.092789,21.836411,21.596336,21.682167,21.750755,21.767891,21.647850,21.561981,21.527603,21.493217,21.441612,21.321045,21.303802,21.458817,21.217552,21.355507,21.079346,21.010155,21.113914,21.252068,21.321045,21.286568,21.217552,21.269310,21.200287,21.234810,21.355507,21.217552,21.200287,21.200287,21.252068,21.165756,20.975533,20.992851,20.992851,20.923576,20.940895,20.992851,20.958221,20.802200,20.819542,20.750122,20.715385,20.732758,20.784843,20.645866,20.558884,20.454369,20.524055,20.454369,20.402061,20.332268,20.628487,20.367180,20.611084,20.541473,20.471802,20.750122,20.611084,20.750122,20.854233,20.836899,21.096642,20.819542,20.715385,20.871582,20.732758,20.732758,20.663254,20.750122,20.611084,20.384621,20.436943,20.419502,20.262413,20.209976,20.174995,20.297348,19.929733,19.947273,19.999893,19.859520,19.701309,19.701309,19.630898,19.383957,19.330948,19.401619,19.366287,19.472237,19.224815,19.189407,19.171692,19.083084,19.224815,18.994377,18.852249,18.763298,18.602928,18.245445,18.012245,17.688278,17.489685,17.163704,16.781799,16.398201,16.123146,15.791931,15.662788,15.440964,15.440964,15.255684,15.237137,15.051422,15.070015,15.051422,15.070015,15.014244,14.902580,14.995636,14.939812,15.032837,15.162895,15.070015,15.014244,15.051422,14.902580,15.088600,14.828064,15.014244,14.846703,15.014244,15.051422,15.014244,15.107178,14.883965,15.032837,14.958420,14.809425,14.921196,14.883965,14.772133,14.995636,14.753487,14.939812,14.939812,15.051422,14.995636,14.958420,14.939812,14.977043,15.144333,14.828064,14.902580,15.088600,15.032837,14.883965,14.790794,14.753487,14.865326,14.828064,14.921196,14.846703,14.828064,14.772133,14.865326,14.809425,14.865326,14.772133,14.716171,14.846703,14.772133,14.772133,14.939812,14.902580,14.790794,14.828064,14.790794,14.828064,14.716171,14.846703,14.865326,14.734833,14.846703,14.809425,14.734833,14.828064,14.865326,14.809425,14.846703,14.753487,15.088600,14.772133,14.790794,14.753487,14.883965,14.995636,14.883965,14.828064,14.678848,14.772133,14.883965,14.772133,14.846703,14.790794,14.660179,14.809425,14.660179,14.697517,14.753487,14.790794,14.697517,14.828064,14.753487,15.014244,14.958420,14.809425,14.902580,14.772133,14.772133,15.032837,14.958420,14.790794,14.865326,14.921196,14.828064,14.902580,14.753487,14.734833,14.790794,14.846703,14.809425,14.828064,14.790794,15.032837,14.958420,14.958420,15.237137,14.939812,14.828064,14.921196,14.902580,14.809425,15.014244,15.032837,14.921196,14.977043,14.883965,14.977043,14.697517,14.865326,14.734833,14.604141,14.846703,14.548080,14.604141,14.548080,14.491982,14.678848,14.828064,14.622826,14.939812,14.753487,14.734833,14.883965,14.995636,15.014244,15.051422,15.014244,14.958420,15.125755,15.311302,15.162895,15.162895,15.107178,14.921196,14.902580,14.828064,14.828064,14.790794,14.902580,14.604141,14.846703,14.678848,14.641502,14.772133,14.678848,14.716171,14.697517,14.660179,14.921196,14.883965,14.846703,14.902580,14.865326,14.753487,14.828064,14.865326,14.753487,14.641502,14.902580,14.660179,14.809425,14.753487,14.846703,14.846703,14.828064,14.921196,15.051422,14.697517,14.828064,14.716171,14.585457,14.846703,14.846703,14.865326,14.604141,14.939812,14.660179,14.734833,14.678848,14.772133,14.772133,14.772133,14.697517,14.883965,14.660179,14.734833,14.790794,14.566772,14.809425,14.809425,14.716171,14.660179,14.734833,14.846703,14.902580,14.902580,14.660179,14.734833,14.716171,14.491982,14.790794,14.772133,14.734833,14.716171,14.529381,14.716171,14.753487,14.716171,14.790794,14.772133,14.641502,14.660179,14.734833,14.622826,14.865326,14.865326,14.790794,14.697517,14.641502,14.753487,14.790794,14.697517,14.566772,14.883965,14.622826,14.641502,14.790794,14.697517,14.734833,14.716171,14.939812,14.660179,14.977043,14.828064,14.958420,15.032837,14.958420,14.995636,14.772133,15.014244,15.051422,14.958420,15.014244,15.051422,14.883965,14.883965,14.958420,14.734833,14.958420,14.734833,14.865326,15.144333,14.921196,15.014244,15.051422,15.144333,14.939812,15.070015,
15.385422,15.014244,14.995636,15.181458,15.088600,15.088600,15.088600,15.051422,15.181458,14.995636,14.846703,15.107178,15.107178,14.790794,15.032837,15.032837,15.032837,15.181458,14.846703,14.828064,14.939812,15.292770,15.255684,15.311302,15.699715,15.828796,16.104774,16.617607,17.181839,17.381157,17.724342,18.227524,18.370735,18.834473,19.012123,19.171692,19.542793,19.542793,19.666115,19.877083,19.824394,19.859520,20.140007,20.069977,20.069977,20.244934,20.244934,20.384621,20.314804,20.419502,20.576286,20.558884,20.436943,20.611084,20.663254,20.663254,20.871582,20.698021,20.732758,20.906242,20.506645,20.871582,20.767487,20.906242,20.750122,20.784843,20.871582,20.940895,20.958221,21.113914,20.767487,20.958221,20.819542,20.940895,20.940895,21.062057,20.836899,20.992851,20.906242,21.096642,20.958221,20.923576,21.010155,21.062057,21.200287,21.010155,21.096642,20.940895,20.940895,20.940895,20.854233,20.958221,20.715385,20.680634,20.854233,20.611084,20.836899,20.923576,20.750122,20.854233,20.975533,20.836899,20.854233,20.975533,20.906242,21.096642,20.940895,21.303802,20.992851,21.286568,20.906242,20.975533,21.044754,21.252068,21.372734,21.234810,21.355507,21.355507,21.544792,21.579163,21.424393,21.510414,21.561981,21.544792,21.510414,21.870644,21.647850,21.802162,21.596336,21.630684,21.579163,21.561981,21.510414,21.217552,21.441612,21.561981,21.510414,21.527603,21.510414,21.544792,21.407181,21.286568,21.579163,21.630684,21.682167,21.493217,21.441612,21.458817,21.441612,21.407181,21.458817,21.424393,21.458817,21.561981,21.527603,21.682167,21.939064,21.510414,21.647850,21.836411,21.750755,21.750755,21.716469,21.887764,21.716469,21.699318,21.750755,21.819290,21.665016,21.596336,21.441612,21.561981,21.493217,21.630684,21.544792,21.476021,21.372734,21.527603,21.338272,21.424393,21.458817,21.527603,21.527603,21.389961,21.476021,21.407181,21.303802,21.372734,21.372734,21.355507,21.407181,21.476021,21.767891,21.647850,21.630684,21.750755,21.630684,21.853539,21.630684,21.819290,21.682167,21.785027,21.613518,21.767891,21.785027,21.836411,21.853539,22.007431,21.853539,21.921967,21.956161,21.802162,21.887764,21.904861,21.870644,21.870644,21.819290,21.939064,21.973259,21.956161,22.161018,22.058662,22.092789,22.212143,22.143959,22.126915,22.092789,22.109856,22.161018,22.314293,22.092789,22.178062,22.126915,22.229179,22.178062,22.195107,22.143959,21.956161,21.973259,21.990349,21.802162,21.921967,21.990349,21.904861,21.819290,21.785027,21.510414,21.579163,21.544792,21.544792,21.596336,21.493217,21.338272,21.355507,21.321045,21.527603,21.200287,21.217552,21.252068,21.389961,21.252068,21.234810,21.148476,21.269310,21.234810,21.148476,21.286568,21.321045,21.131203,20.992851,21.183029,21.148476,21.148476,21.010155,21.200287,20.888908,20.906242,21.079346,20.888908,20.888908,20.750122,20.767487,20.767487,20.888908,20.802200,20.489220,20.558884,20.663254,20.524055,20.454369,20.454369,20.367180,20.402061,20.332268,20.541473,20.541473,20.645866,20.558884,20.645866,20.750122,20.802200,20.854233,20.923576,20.663254,20.802200,20.750122,20.871582,20.732758,20.645866,20.732758,20.576286,20.471802,20.279877,20.227455,20.349724,20.157509,20.122513,20.017418,19.982353,19.982353,19.912178,19.789246,19.806816,19.648506,19.472237,19.489883,19.648506,19.472237,19.419281,19.507530,19.366287,19.153984,19.224815,19.153984,19.153984,18.905579,19.065346,18.923340,18.370735,18.137894,17.922386,17.724342,17.399261,17.254379,16.763573,16.635872,15.939293,15.884071,15.662788,15.644325,15.496475,15.311302,15.218575,14.995636,14.939812,14.977043,15.144333,15.032837,14.921196,15.107178,14.958420,15.014244,14.977043,14.902580,14.939812,14.902580,14.902580,15.144333,15.051422,14.958420,15.014244,14.977043,14.977043,14.958420,14.921196,15.144333,14.995636,15.032837,14.958420,15.070015,15.014244,14.958420,14.995636,14.939812,14.977043,14.939812,14.995636,15.051422,14.883965,14.902580,14.865326,14.902580,14.846703,14.883965,14.921196,14.753487,14.977043,14.828064,14.846703,15.014244,14.865326,14.828064,14.902580,14.977043,14.548080,14.958420,14.734833,14.828064,14.939812,14.883965,15.088600,14.809425,14.995636,14.846703,14.753487,14.846703,14.753487,14.846703,14.846703,14.977043,14.865326,14.939812,14.921196,14.828064,14.921196,14.828064,14.902580,14.883965,14.921196,14.958420,14.772133,14.939812,14.921196,14.790794,14.772133,14.809425,14.921196,14.902580,14.716171,14.883965,14.660179,15.070015,14.921196,14.790794,14.753487,14.939812,14.865326,14.678848,14.828064,14.772133,14.622826,14.846703,14.753487,14.697517,14.809425,14.883965,14.939812,14.939812,14.995636,14.772133,14.697517,15.051422,15.070015,14.977043,14.678848,14.939812,14.995636,14.809425,14.958420,14.977043,15.014244,15.032837,14.883965,14.865326,14.921196,14.939812,15.014244,14.828064,14.902580,14.995636,14.790794,15.070015,14.734833,15.014244,15.014244,14.716171,14.846703,14.846703,14.939812,14.883965,14.883965,14.753487,14.772133,14.753487,14.604141,14.622826,14.734833,14.734833,14.753487,14.697517,15.014244,14.828064,14.809425,14.977043,15.032837,15.311302,14.977043,15.032837,15.162895,14.828064,14.977043,15.051422,15.051422,14.977043,14.921196,15.032837,14.977043,14.828064,15.162895,14.753487,14.790794,14.828064,14.697517,14.734833,14.734833,14.604141,14.622826,14.678848,14.995636,14.958420,14.809425,14.697517,14.678848,14.958420,14.809425,14.828064,14.921196,14.660179,14.772133,14.790794,14.753487,14.921196,14.753487,14.790794,14.678848,14.977043,14.734833,14.902580,14.585457,14.828064,14.641502,14.734833,14.921196,14.566772,15.107178,14.828064,14.734833,14.883965,14.865326,14.846703,14.697517,14.828064,14.641502,14.678848,14.772133,14.790794,14.921196,14.641502,14.790794,14.660179,14.716171,14.697517,14.548080,14.790794,14.697517,14.772133,14.846703,14.772133,14.902580,14.790794,14.660179,14.809425,14.529381,14.772133,14.660179,14.846703,14.772133,14.697517,14.585457,14.790794,14.716171,14.809425,14.678848,14.939812,14.678848,14.939812,14.678848,14.772133,14.622826,14.828064,14.809425,14.828064,14.883965,14.753487,14.641502,14.828064,14.790794,14.660179,14.604141,14.790794,14.566772,14.828064,14.809425,14.921196,14.622826,14.473274,14.883965,14.697517,14.790794,14.716171,14.828064,15.051422,14.846703,14.995636,14.753487,14.977043,14.865326,14.883965,15.051422,14.790794,14.828064,14.828064,15.088600,14.883965,15.014244,15.070015,14.883965,15.255684,14.902580,14.921196,
14.921196,15.032837,14.828064,15.014244,14.753487,14.846703,14.939812,14.883965,14.995636,14.958420,15.014244,15.051422,14.977043,15.144333,14.939812,14.977043,14.809425,14.995636,14.958420,14.865326,15.032837,15.125755,15.237137,15.625862,15.533455,15.939293,16.269951,16.599342,17.000237,17.435440,17.616119,18.209602,18.477982,18.727684,18.958870,19.189407,19.525154,19.613289,19.683716,19.718910,19.789246,19.947273,19.929733,19.982353,20.034943,20.140007,20.192490,20.349724,20.314804,20.402061,20.209976,20.506645,20.541473,20.558884,20.384621,20.698021,20.454369,20.698021,20.802200,20.715385,20.836899,20.611084,20.698021,20.923576,20.767487,20.802200,20.732758,21.079346,20.767487,20.854233,20.906242,20.802200,20.906242,20.975533,20.784843,20.888908,20.802200,20.958221,20.940895,20.923576,20.975533,21.027458,21.096642,21.027458,20.854233,20.923576,20.784843,20.871582,20.888908,20.663254,20.628487,20.611084,20.871582,20.680634,20.784843,20.802200,20.628487,20.628487,20.611084,20.975533,20.732758,20.888908,20.854233,20.975533,20.923576,20.958221,20.958221,20.940895,21.096642,21.183029,21.027458,21.217552,21.079346,21.079346,21.355507,21.183029,21.372734,21.476021,21.476021,21.424393,21.458817,21.372734,21.544792,21.630684,21.510414,21.596336,21.476021,21.613518,21.527603,21.596336,21.493217,21.269310,21.527603,21.424393,21.458817,21.458817,21.493217,21.424393,21.458817,21.389961,21.458817,21.424393,21.510414,21.389961,21.407181,21.510414,21.476021,21.527603,21.613518,21.716469,21.561981,21.596336,21.424393,21.458817,21.750755,21.802162,21.716469,21.785027,21.853539,21.613518,21.493217,21.819290,21.733620,21.853539,21.665016,21.699318,21.699318,21.699318,21.596336,21.750755,21.303802,21.476021,21.544792,21.630684,21.286568,21.544792,21.476021,21.579163,21.407181,21.596336,21.389961,21.510414,21.321045,21.407181,21.630684,21.441612,21.527603,21.441612,21.544792,21.458817,21.682167,21.389961,21.510414,21.785027,21.544792,21.802162,21.767891,21.785027,21.733620,21.887764,21.802162,21.887764,21.767891,21.853539,21.939064,21.887764,21.819290,21.956161,21.647850,21.802162,21.904861,21.785027,22.092789,21.990349,21.887764,21.939064,21.870644,21.887764,21.904861,22.058662,21.956161,22.041588,22.075729,22.161018,21.904861,22.075729,22.126915,22.058662,22.195107,22.024513,22.229179,22.263237,22.058662,22.246208,22.143959,22.109856,22.229179,22.195107,21.921967,22.058662,21.904861,22.007431,21.750755,21.904861,21.665016,21.630684,21.527603,21.716469,21.579163,21.630684,21.493217,21.372734,21.424393,21.355507,21.389961,21.458817,21.183029,21.200287,21.269310,21.062057,21.183029,21.527603,21.286568,21.183029,21.252068,21.217552,21.372734,21.321045,21.113914,21.131203,21.131203,21.010155,21.096642,21.165756,21.165756,21.200287,21.044754,20.992851,21.096642,20.958221,20.992851,20.767487,20.923576,20.663254,20.593697,20.784843,20.628487,20.611084,20.506645,20.402061,20.419502,20.802200,20.506645,20.663254,20.524055,20.715385,20.628487,20.541473,20.698021,20.784843,20.628487,20.888908,20.750122,20.836899,20.784843,20.767487,20.663254,20.558884,20.628487,20.802200,20.489220,20.471802,20.489220,20.262413,20.314804,20.157509,20.157509,20.087494,20.087494,19.947273,19.929733,19.841957,19.578049,19.666115,19.613289,19.630898,19.436943,19.383957,19.366287,19.419281,19.330948,19.277893,19.242508,19.171692,18.994377,18.923340,18.905579,18.495850,18.442253,18.263351,18.012245,17.850410,17.489685,17.072929,16.562805,16.306610,16.233269,15.847229,15.588913,15.292770,15.292770,15.237137,15.107178,14.939812,15.051422,15.014244,15.070015,14.995636,15.162895,15.125755,14.958420,15.051422,15.014244,15.088600,15.051422,14.939812,14.809425,14.883965,15.070015,15.088600,14.995636,14.995636,15.014244,15.070015,14.883965,14.977043,15.144333,14.939812,14.939812,14.977043,14.883965,15.014244,14.939812,15.032837,15.088600,14.939812,14.883965,14.995636,15.144333,15.070015,14.902580,14.977043,14.883965,14.902580,14.846703,14.828064,15.088600,14.939812,14.902580,14.809425,14.921196,14.995636,14.772133,15.070015,14.921196,14.883965,14.790794,14.865326,15.088600,14.883965,14.883965,14.678848,14.772133,14.995636,14.902580,14.809425,14.883965,14.865326,14.865326,14.921196,14.977043,14.716171,14.809425,14.529381,14.958420,14.995636,14.902580,14.902580,14.809425,14.753487,14.809425,14.958420,14.846703,14.790794,14.958420,14.753487,14.828064,14.883965,14.753487,14.716171,14.772133,14.939812,14.678848,14.809425,14.790794,14.846703,14.716171,14.697517,14.883965,14.921196,14.772133,14.958420,14.883965,14.846703,15.014244,14.939812,14.846703,15.144333,15.014244,14.697517,14.883965,14.921196,14.865326,14.958420,14.660179,14.734833,14.995636,14.883965,14.865326,14.828064,14.902580,14.809425,14.716171,15.032837,14.995636,14.734833,14.921196,14.902580,15.070015,14.716171,15.014244,15.107178,15.032837,14.772133,14.772133,14.921196,14.921196,14.902580,14.697517,14.865326,14.883965,14.716171,14.660179,14.678848,14.772133,14.846703,14.604141,14.772133,14.660179,14.678848,14.753487,14.734833,14.809425,14.753487,15.014244,15.200020,15.181458,15.051422,14.883965,14.958420,15.070015,15.032837,15.051422,14.865326,15.162895,15.014244,14.902580,14.865326,14.809425,15.014244,14.828064,14.865326,14.865326,14.772133,14.753487,14.716171,14.678848,14.809425,14.921196,14.958420,14.902580,14.995636,14.753487,14.790794,14.716171,14.958420,14.641502,14.790794,14.865326,14.660179,14.772133,14.939812,14.772133,14.716171,14.716171,14.641502,14.678848,14.753487,14.865326,14.883965,14.790794,14.865326,14.865326,14.697517,14.585457,14.865326,14.529381,14.939812,14.772133,14.697517,14.902580,14.697517,14.790794,14.772133,14.622826,14.902580,14.753487,14.809425,14.734833,14.846703,14.921196,14.660179,14.678848,14.772133,14.622826,14.772133,14.435844,14.809425,14.604141,14.678848,14.716171,14.660179,14.473274,14.697517,14.809425,14.753487,14.902580,14.958420,14.790794,14.865326,14.734833,14.660179,14.716171,14.734833,14.828064,14.678848,14.809425,14.734833,14.697517,14.716171,14.678848,14.641502,14.883965,14.883965,14.435844,14.641502,14.753487,14.809425,14.585457,14.958420,14.716171,14.921196,14.865326,14.828064,14.660179,14.753487,14.809425,14.958420,14.828064,14.902580,15.107178,14.939812,14.902580,14.883965,14.995636,14.846703,14.902580,15.051422,15.032837,14.828064,14.939812,14.772133,15.014244,15.107178,14.790794,14.716171,14.828064,15.088600,14.958420,14.977043,
15.329842,15.014244,14.828064,15.181458,14.883965,14.939812,14.995636,15.070015,14.865326,15.051422,14.846703,14.921196,14.995636,14.734833,14.958420,14.902580,15.107178,15.014244,14.753487,15.032837,15.162895,14.995636,15.032837,15.496475,15.570435,15.994492,16.123146,16.599342,16.982056,17.272507,17.706314,18.012245,18.513702,18.745483,18.887802,19.295586,19.630898,19.701309,19.648506,19.683716,19.877083,20.157509,19.947273,19.964821,20.227455,20.332268,20.367180,20.262413,20.297348,20.244934,20.314804,20.489220,20.402061,20.349724,20.628487,20.698021,20.541473,20.628487,20.767487,20.888908,20.611084,20.854233,20.906242,20.698021,20.854233,20.836899,20.854233,20.715385,20.732758,20.819542,20.923576,20.819542,20.715385,20.836899,20.871582,20.802200,20.854233,20.906242,20.819542,21.044754,20.698021,20.836899,20.906242,20.923576,20.854233,20.871582,20.888908,21.044754,20.836899,20.871582,20.854233,20.732758,20.784843,20.698021,20.680634,20.628487,20.975533,20.593697,20.784843,20.836899,20.611084,20.888908,20.732758,20.854233,20.819542,20.906242,20.802200,20.975533,21.165756,21.044754,21.183029,21.269310,21.234810,21.217552,21.217552,21.303802,21.389961,21.647850,21.458817,21.596336,21.441612,21.544792,21.458817,21.338272,21.596336,21.493217,21.630684,21.630684,21.510414,21.579163,21.544792,21.424393,21.234810,21.510414,21.476021,21.372734,21.286568,21.252068,21.544792,21.441612,21.407181,21.424393,21.458817,21.355507,21.234810,21.493217,21.355507,21.424393,21.286568,21.389961,21.441612,21.303802,21.458817,21.647850,21.458817,21.767891,21.699318,21.458817,21.665016,21.665016,21.647850,21.665016,21.682167,21.699318,21.493217,21.613518,21.596336,21.699318,21.596336,21.493217,21.596336,21.476021,21.510414,21.338272,21.407181,21.338272,21.493217,21.338272,21.355507,21.510414,21.544792,21.424393,21.510414,21.613518,21.493217,21.458817,21.665016,21.527603,21.596336,21.561981,21.527603,21.510414,21.630684,21.630684,21.733620,21.767891,21.836411,21.750755,21.716469,21.887764,21.819290,21.973259,22.007431,21.939064,21.956161,21.956161,21.767891,21.802162,21.819290,21.904861,21.785027,21.904861,21.853539,21.716469,21.887764,21.990349,21.973259,22.041588,21.887764,21.990349,22.143959,22.075729,22.126915,22.024513,22.263237,22.007431,21.973259,22.229179,22.007431,22.195107,22.126915,22.280251,22.212143,22.178062,22.212143,22.161018,22.195107,22.143959,21.973259,22.178062,21.973259,21.767891,21.870644,21.939064,21.819290,21.613518,21.733620,21.596336,21.372734,21.441612,21.424393,21.493217,21.217552,21.372734,21.252068,21.458817,21.252068,21.493217,21.476021,21.286568,21.303802,21.321045,21.338272,21.148476,21.321045,21.286568,21.183029,21.113914,21.010155,21.079346,21.234810,21.269310,21.096642,21.165756,21.027458,21.200287,21.131203,21.062057,20.940895,21.044754,20.819542,20.871582,20.888908,21.010155,20.888908,20.698021,20.698021,20.471802,20.593697,20.244934,20.558884,20.611084,20.593697,20.628487,20.541473,20.628487,20.524055,20.663254,20.750122,20.732758,20.732758,20.819542,20.750122,20.871582,20.923576,20.923576,20.680634,20.698021,20.715385,20.558884,20.471802,20.454369,20.419502,20.489220,20.489220,20.227455,20.262413,20.157509,20.017418,20.034943,19.841957,19.999893,19.630898,19.754082,19.683716,19.560417,19.489883,19.401619,19.419281,19.277893,19.348618,19.171692,19.171692,19.029869,19.083084,19.136261,18.763298,18.620766,18.638596,18.209602,18.084076,17.670250,17.326851,17.054764,16.800026,16.672379,16.196571,15.865646,15.588913,15.422462,15.088600,15.144333,15.200020,15.125755,15.014244,15.014244,14.939812,15.051422,14.958420,14.939812,15.162895,15.144333,15.088600,14.958420,14.995636,14.995636,15.014244,14.958420,14.902580,14.995636,15.032837,15.051422,14.921196,15.032837,15.051422,14.921196,14.939812,14.977043,15.107178,15.032837,15.070015,14.902580,15.014244,15.051422,14.958420,14.977043,15.051422,14.977043,14.921196,14.958420,14.939812,15.107178,14.865326,14.883965,14.809425,14.883965,14.902580,14.828064,14.977043,15.051422,14.995636,14.958420,14.939812,14.902580,14.995636,14.977043,14.846703,14.828064,14.921196,14.902580,14.865326,14.883965,14.977043,14.977043,14.865326,14.846703,14.921196,14.790794,14.865326,14.828064,14.902580,14.772133,14.883965,14.883965,14.902580,14.734833,14.753487,14.828064,14.865326,14.828064,14.716171,14.734833,14.772133,14.902580,14.828064,14.753487,14.865326,14.809425,14.790794,14.790794,14.995636,14.883965,14.846703,14.790794,14.753487,14.902580,14.902580,14.772133,14.734833,14.809425,14.809425,14.809425,14.790794,14.697517,14.902580,14.641502,14.846703,14.865326,14.883965,14.846703,14.883965,14.977043,14.622826,14.883965,14.697517,14.939812,14.865326,14.977043,14.809425,14.939812,14.846703,14.790794,14.902580,14.883965,14.939812,15.032837,14.678848,15.125755,14.939812,14.865326,14.809425,14.828064,14.883965,14.958420,14.921196,14.772133,14.939812,14.883965,14.828064,14.958420,14.678848,14.641502,14.958420,14.697517,14.660179,14.790794,14.473274,14.790794,14.697517,14.660179,14.622826,14.883965,14.883965,14.977043,14.883965,14.902580,14.790794,14.846703,15.088600,15.144333,15.032837,15.032837,15.014244,15.125755,14.939812,14.995636,14.995636,14.772133,14.772133,14.604141,14.660179,14.622826,14.716171,14.790794,14.865326,14.660179,14.828064,14.697517,14.921196,14.921196,14.846703,14.753487,14.734833,14.734833,14.846703,14.958420,14.902580,14.753487,14.697517,14.902580,14.641502,14.678848,14.902580,14.809425,14.865326,14.939812,14.753487,14.846703,14.716171,14.846703,14.716171,14.678848,14.958420,14.939812,14.790794,14.641502,14.772133,14.734833,14.678848,14.828064,14.660179,14.977043,14.753487,14.660179,14.865326,14.846703,14.622826,14.772133,14.641502,14.641502,14.883965,14.697517,14.753487,14.772133,14.697517,14.734833,14.772133,14.604141,14.865326,14.846703,14.753487,14.734833,14.716171,14.604141,14.678848,14.641502,14.678848,14.660179,14.622826,14.828064,14.734833,14.697517,14.660179,14.790794,14.716171,14.753487,14.902580,14.622826,14.846703,14.585457,14.753487,14.566772,14.790794,14.828064,14.753487,14.716171,14.753487,14.921196,14.865326,14.790794,14.883965,14.604141,14.865326,14.846703,14.939812,14.846703,15.051422,14.958420,15.070015,14.995636,14.958420,14.939812,15.014244,15.014244,15.014244,14.883965,14.902580,14.939812,14.809425,14.995636,15.218575,15.088600,14.939812,15.125755,14.883965,14.921196,15.181458,14.883965,14.995636,15.125755,
15.237137,15.162895,15.032837,15.088600,14.958420,14.939812,14.883965,15.144333,14.883965,15.088600,14.865326,14.995636,14.958420,14.939812,15.200020,15.051422,15.144333,14.902580,15.107178,15.181458,14.995636,15.255684,15.014244,15.477974,15.551949,15.994492,16.104774,16.581078,16.891090,17.308739,17.453522,18.084076,18.442253,18.763298,19.189407,19.383957,19.454590,19.736496,19.701309,19.789246,19.841957,20.105003,19.947273,20.192490,20.174995,19.982353,20.332268,20.384621,20.332268,20.297348,20.297348,20.419502,20.367180,20.750122,20.611084,20.524055,20.436943,20.819542,20.279877,20.732758,20.871582,20.611084,20.888908,20.611084,20.732758,20.715385,20.698021,20.871582,20.698021,20.576286,20.506645,20.715385,20.611084,20.680634,20.663254,20.680634,20.698021,20.732758,20.854233,20.767487,20.750122,20.767487,20.750122,20.923576,20.819542,20.854233,20.871582,20.784843,20.802200,20.767487,20.871582,20.784843,20.680634,20.541473,20.698021,20.802200,20.698021,20.698021,20.802200,20.698021,20.923576,20.923576,20.784843,20.958221,21.148476,20.975533,21.252068,21.200287,21.234810,21.131203,21.234810,21.407181,21.200287,21.372734,21.286568,21.476021,21.407181,21.682167,21.476021,21.527603,21.544792,21.750755,21.441612,21.544792,21.561981,21.630684,21.527603,21.510414,21.596336,21.647850,21.596336,21.561981,21.372734,21.389961,21.424393,21.407181,21.527603,21.527603,21.561981,21.476021,21.510414,21.527603,21.493217,21.441612,21.252068,21.510414,21.527603,21.338272,21.389961,21.647850,21.441612,21.476021,21.613518,21.613518,21.527603,21.613518,21.853539,21.630684,21.853539,21.527603,21.647850,21.561981,21.613518,21.647850,21.544792,21.630684,21.510414,21.596336,21.613518,21.441612,21.355507,21.303802,21.561981,21.476021,21.372734,21.458817,21.286568,21.544792,21.579163,21.493217,21.389961,21.458817,21.441612,21.579163,21.389961,21.458817,21.493217,21.596336,21.407181,21.355507,21.493217,21.407181,21.510414,21.441612,21.699318,21.819290,21.904861,21.665016,21.630684,21.956161,21.819290,21.956161,21.904861,22.143959,21.853539,21.973259,21.785027,21.802162,21.956161,22.058662,21.904861,21.870644,21.956161,21.870644,21.939064,21.956161,21.921967,21.956161,22.058662,22.109856,21.956161,22.109856,22.092789,22.024513,22.075729,22.041588,22.041588,22.075729,22.143959,22.143959,22.229179,22.297272,22.075729,22.229179,22.161018,22.246208,22.178062,21.921967,22.092789,21.973259,21.767891,21.613518,21.870644,21.819290,21.544792,21.802162,21.716469,21.441612,21.407181,21.338272,21.441612,21.424393,21.407181,21.596336,21.269310,21.286568,21.338272,21.407181,21.338272,21.441612,21.286568,21.372734,21.286568,21.269310,21.252068,21.424393,21.355507,21.200287,21.165756,21.131203,21.113914,21.252068,21.183029,21.113914,21.252068,21.096642,21.234810,21.062057,21.096642,20.992851,20.992851,20.958221,21.044754,20.802200,20.767487,20.663254,20.663254,20.593697,20.471802,20.419502,20.454369,20.698021,20.506645,20.611084,20.471802,20.524055,20.628487,20.854233,20.558884,20.819542,20.611084,20.906242,20.645866,20.558884,20.750122,20.715385,20.576286,20.663254,20.628487,20.489220,20.506645,20.454369,20.279877,20.402061,20.174995,20.262413,20.297348,20.069977,19.964821,20.140007,20.017418,19.894638,19.771667,19.771667,19.630898,19.489883,19.383957,19.313263,19.224815,19.348618,19.436943,19.330948,19.029869,19.118538,19.118538,18.745483,18.692055,18.567253,18.352852,18.209602,17.814415,17.832420,17.363060,17.163704,16.690620,16.343254,15.976097,15.773499,15.588913,15.422462,15.459480,15.237137,15.144333,15.144333,15.014244,15.032837,15.200020,15.051422,15.107178,15.070015,15.070015,15.107178,15.107178,14.977043,15.181458,14.828064,14.846703,14.977043,15.162895,15.014244,14.977043,14.977043,14.977043,15.051422,15.032837,14.883965,14.958420,14.846703,15.051422,14.939812,14.977043,15.032837,14.977043,14.995636,15.107178,15.032837,14.883965,14.883965,14.958420,15.144333,15.014244,14.958420,14.865326,14.846703,14.865326,14.939812,14.846703,14.790794,14.977043,14.865326,15.070015,14.641502,14.772133,14.883965,14.716171,14.865326,14.734833,14.809425,14.921196,14.883965,14.734833,14.753487,14.772133,14.809425,14.716171,14.828064,14.902580,14.790794,14.865326,14.828064,14.883965,14.753487,14.790794,14.865326,14.846703,14.939812,14.753487,14.809425,14.865326,15.014244,14.809425,14.958420,14.734833,14.753487,14.809425,14.828064,14.772133,14.995636,14.716171,14.734833,14.697517,14.958420,14.716171,14.865326,14.660179,14.865326,14.753487,14.865326,14.641502,14.902580,14.809425,15.014244,14.846703,14.753487,14.995636,14.921196,14.846703,14.865326,14.716171,14.902580,14.772133,14.958420,14.828064,14.883965,14.641502,14.902580,14.921196,14.753487,14.753487,14.846703,14.772133,14.977043,14.809425,14.902580,14.939812,14.977043,14.939812,15.051422,15.032837,14.846703,14.790794,14.995636,14.828064,14.995636,15.070015,15.070015,14.883965,14.958420,14.828064,14.697517,14.921196,14.846703,14.883965,14.734833,14.883965,14.828064,14.753487,14.678848,14.697517,14.828064,14.828064,15.051422,14.641502,14.865326,14.846703,15.014244,14.809425,15.144333,15.162895,14.958420,15.032837,15.125755,14.958420,14.977043,14.902580,14.958420,14.883965,14.809425,14.846703,14.883965,14.790794,14.529381,14.660179,14.790794,14.958420,14.678848,14.772133,14.883965,14.902580,14.828064,14.846703,14.641502,14.678848,14.828064,14.902580,14.734833,14.846703,14.641502,14.902580,14.716171,14.753487,14.828064,14.977043,14.716171,14.865326,14.772133,14.697517,14.865326,14.902580,14.939812,14.566772,14.678848,14.660179,14.753487,14.846703,14.697517,14.660179,14.883965,14.734833,15.014244,14.473274,14.622826,14.772133,14.921196,14.716171,14.716171,14.548080,14.660179,14.753487,14.660179,14.772133,14.678848,14.604141,14.828064,14.846703,14.958420,14.566772,14.529381,14.585457,14.828064,14.660179,14.772133,14.697517,14.678848,14.753487,14.753487,14.622826,14.809425,14.828064,14.622826,14.678848,14.828064,14.772133,14.772133,14.697517,14.622826,14.883965,14.697517,14.809425,14.790794,14.491982,14.641502,14.734833,14.939812,14.641502,14.734833,14.828064,14.958420,14.921196,14.790794,14.734833,14.921196,14.678848,14.883965,14.846703,14.660179,14.828064,14.958420,14.697517,14.995636,14.809425,14.958420,14.977043,14.939812,14.995636,14.958420,14.958420,15.014244,14.753487,14.828064,14.921196,14.828064,14.828064,14.753487,14.883965,14.846703,15.032837,15.125755,15.088600,15.125755,
15.292770,15.051422,14.995636,15.125755,14.958420,15.014244,14.958420,14.846703,15.144333,15.051422,15.032837,15.144333,14.995636,15.032837,14.958420,15.125755,14.678848,14.939812,15.014244,15.088600,14.883965,15.032837,15.070015,15.551949,15.662788,15.994492,16.104774,16.489677,16.982056,17.290627,17.543900,17.976311,18.317062,18.763298,19.012123,19.242508,19.419281,19.736496,19.683716,19.894638,19.841957,20.017418,19.701309,20.122513,20.140007,20.122513,20.192490,20.244934,20.262413,20.297348,20.227455,20.506645,20.558884,20.402061,20.506645,20.593697,20.593697,20.576286,20.732758,20.732758,20.645866,20.732758,20.888908,20.680634,20.802200,20.906242,20.871582,20.767487,20.715385,20.819542,20.784843,20.715385,20.593697,20.558884,20.593697,20.767487,20.471802,20.784843,20.784843,20.767487,20.698021,20.680634,20.750122,20.541473,20.836899,20.732758,20.611084,20.715385,20.871582,20.767487,20.854233,20.680634,20.680634,20.645866,20.802200,20.767487,20.698021,20.750122,20.802200,20.958221,21.062057,20.871582,21.079346,20.992851,21.096642,21.286568,21.217552,21.079346,21.355507,21.010155,21.234810,21.407181,21.183029,21.389961,21.321045,21.407181,21.682167,21.338272,21.544792,21.544792,21.596336,21.579163,21.836411,21.630684,21.750755,21.682167,21.493217,21.785027,21.682167,21.699318,21.579163,21.527603,21.561981,21.527603,21.510414,21.424393,21.527603,21.596336,21.407181,21.476021,21.458817,21.424393,21.613518,21.510414,21.596336,21.389961,21.458817,21.733620,21.424393,21.407181,21.647850,21.544792,21.561981,21.510414,21.596336,21.613518,21.716469,21.699318,21.699318,21.613518,21.493217,21.853539,21.561981,21.682167,21.493217,21.682167,21.647850,21.476021,21.510414,21.647850,21.527603,21.389961,21.476021,21.476021,21.234810,21.476021,21.476021,21.269310,21.441612,21.510414,21.458817,21.476021,21.303802,21.407181,21.510414,21.596336,21.561981,21.510414,21.493217,21.407181,21.579163,21.561981,21.561981,21.630684,21.716469,21.870644,21.647850,21.939064,21.750755,21.802162,21.853539,21.836411,21.887764,21.956161,21.921967,21.921967,22.024513,21.836411,21.716469,22.075729,21.750755,21.785027,21.887764,21.836411,21.990349,22.041588,21.956161,21.887764,21.956161,21.904861,22.041588,21.887764,21.939064,21.973259,22.109856,22.041588,22.092789,22.075729,22.058662,22.126915,22.024513,22.263237,22.143959,22.212143,22.212143,22.161018,22.195107,22.126915,22.058662,21.921967,21.887764,21.870644,21.819290,21.716469,21.682167,21.716469,21.579163,21.579163,21.303802,21.596336,21.269310,21.441612,21.510414,21.458817,21.476021,21.510414,21.234810,21.424393,21.338272,21.321045,21.458817,21.372734,21.217552,21.303802,21.303802,21.407181,21.217552,21.355507,21.200287,21.234810,21.200287,21.234810,21.303802,21.165756,21.234810,21.303802,21.027458,21.252068,21.131203,21.183029,21.010155,21.234810,21.217552,20.871582,20.871582,20.802200,20.854233,20.750122,20.645866,20.419502,20.576286,20.680634,20.541473,20.645866,20.506645,20.663254,20.750122,20.645866,20.698021,20.611084,20.732758,20.750122,20.767487,20.767487,20.819542,20.663254,20.576286,20.663254,20.645866,20.611084,20.454369,20.384621,20.367180,20.279877,20.262413,20.332268,20.384621,19.929733,20.069977,19.982353,19.877083,19.947273,19.841957,19.718910,19.542793,19.472237,19.472237,19.366287,19.383957,19.436943,19.330948,19.171692,19.366287,19.100807,19.083084,18.852249,18.834473,18.549400,18.460121,18.119965,17.904396,17.670250,17.435440,17.018410,16.727104,16.434807,16.233269,15.957695,15.681252,15.292770,15.181458,15.274223,14.921196,15.070015,14.977043,15.032837,14.939812,15.088600,15.088600,14.995636,14.939812,14.977043,15.144333,15.218575,14.958420,15.107178,15.088600,15.181458,15.014244,15.125755,14.734833,15.107178,15.088600,14.958420,14.995636,14.883965,14.921196,15.051422,15.014244,14.995636,14.977043,14.939812,14.995636,14.995636,14.921196,15.070015,15.125755,15.051422,14.846703,14.977043,14.902580,15.051422,15.014244,14.939812,14.921196,14.734833,14.828064,14.921196,14.846703,14.921196,14.865326,15.032837,14.977043,14.939812,14.828064,14.995636,14.883965,14.977043,14.921196,14.846703,14.883965,14.865326,14.939812,15.032837,14.865326,14.921196,15.088600,14.846703,14.790794,14.883965,14.865326,15.032837,14.883965,14.753487,14.809425,14.809425,14.958420,14.809425,15.032837,15.014244,14.716171,14.809425,14.902580,14.902580,14.809425,14.753487,14.641502,14.977043,14.697517,14.846703,14.846703,14.697517,14.865326,14.678848,14.921196,14.902580,14.902580,14.772133,14.809425,14.921196,14.753487,14.846703,14.883965,14.828064,14.790794,14.883965,14.809425,14.939812,14.865326,14.828064,14.753487,14.846703,14.809425,14.790794,14.828064,14.828064,14.939812,14.883965,14.772133,14.790794,15.051422,14.716171,15.032837,14.846703,15.051422,14.883965,15.051422,15.032837,14.883965,14.921196,15.014244,14.958420,14.883965,14.828064,14.939812,14.939812,14.939812,14.865326,14.772133,14.883965,14.846703,14.697517,14.865326,14.865326,14.548080,14.828064,14.660179,14.716171,14.716171,14.902580,14.790794,14.809425,14.902580,14.846703,14.883965,15.088600,14.977043,14.902580,15.088600,15.032837,15.032837,15.032837,14.902580,15.162895,14.846703,14.772133,14.939812,14.809425,14.883965,14.828064,14.772133,14.734833,14.454552,14.921196,14.790794,14.491982,14.716171,14.734833,14.790794,15.014244,14.939812,14.977043,14.641502,14.772133,14.977043,14.865326,14.697517,14.772133,14.753487,14.772133,14.734833,14.790794,14.697517,14.809425,14.790794,14.921196,14.865326,14.753487,14.809425,14.604141,14.828064,14.566772,14.790794,14.828064,14.809425,14.772133,14.753487,14.753487,14.790794,14.828064,14.660179,14.772133,14.753487,14.660179,14.641502,14.678848,14.753487,14.604141,14.846703,14.846703,14.678848,14.716171,14.865326,14.790794,14.883965,14.641502,14.604141,14.566772,14.716171,14.641502,14.641502,14.753487,14.678848,14.790794,14.734833,14.604141,14.753487,14.734833,14.697517,14.716171,14.790794,14.790794,14.753487,14.734833,14.790794,14.977043,14.697517,14.902580,14.678848,14.809425,14.604141,14.846703,14.660179,14.846703,14.753487,14.995636,14.734833,14.697517,14.846703,14.846703,14.491982,14.902580,14.846703,14.977043,14.921196,14.902580,14.846703,14.753487,15.144333,14.828064,14.790794,15.051422,14.772133,14.921196,14.939812,14.790794,14.883965,14.921196,14.828064,14.734833,14.958420,14.958420,15.032837,14.939812,14.846703,14.716171,14.790794,15.070015,14.902580,15.200020,
14.883965,15.051422,15.032837,15.107178,14.995636,14.977043,15.070015,14.772133,14.995636,15.014244,14.958420,15.125755,14.921196,15.107178,15.014244,14.977043,15.070015,14.846703,15.125755,15.107178,15.070015,15.162895,15.366905,15.459480,15.514977,15.810371,16.269951,16.599342,17.145554,17.399261,17.688278,18.191681,18.263351,18.620766,19.047615,19.366287,19.401619,19.789246,19.683716,19.999893,19.999893,19.982353,20.087494,20.122513,20.122513,20.279877,20.244934,20.105003,20.227455,20.367180,20.576286,20.436943,20.471802,20.593697,20.314804,20.715385,20.628487,20.732758,20.645866,20.645866,20.541473,20.663254,20.524055,20.698021,20.819542,20.663254,20.750122,20.645866,20.576286,20.593697,20.576286,20.680634,20.541473,20.489220,20.576286,20.454369,20.524055,20.593697,20.767487,20.819542,20.645866,20.576286,20.836899,20.680634,20.750122,20.854233,20.663254,20.854233,20.750122,20.836899,20.680634,20.611084,20.698021,20.698021,20.628487,20.628487,20.871582,20.750122,20.802200,20.940895,20.836899,20.715385,21.079346,21.113914,21.165756,21.096642,21.321045,21.355507,21.165756,21.200287,21.286568,21.407181,21.510414,21.355507,21.441612,21.321045,21.596336,21.716469,21.682167,21.561981,21.802162,21.785027,21.613518,21.716469,21.544792,21.819290,21.579163,21.596336,21.665016,21.665016,21.630684,21.647850,21.527603,21.389961,21.441612,21.596336,21.579163,21.613518,21.476021,21.476021,21.613518,21.647850,21.527603,21.544792,21.527603,21.407181,21.630684,21.699318,21.699318,21.544792,21.476021,21.527603,21.424393,21.561981,21.682167,21.699318,21.802162,21.767891,21.733620,21.527603,21.579163,21.613518,21.802162,21.630684,21.716469,21.733620,21.630684,21.733620,21.510414,21.407181,21.561981,21.441612,21.458817,21.527603,21.527603,21.596336,21.493217,21.579163,21.527603,21.476021,21.321045,21.441612,21.407181,21.630684,21.613518,21.476021,21.510414,21.441612,21.596336,21.579163,21.510414,21.579163,21.596336,21.544792,21.596336,21.750755,21.733620,21.819290,21.665016,21.647850,21.785027,21.939064,21.767891,21.939064,22.041588,22.007431,21.767891,21.904861,21.904861,22.007431,21.767891,21.939064,21.682167,21.785027,21.767891,21.956161,21.887764,21.887764,21.921967,21.887764,21.887764,21.750755,21.956161,22.178062,21.887764,22.041588,21.956161,21.990349,21.956161,22.092789,22.161018,22.007431,22.058662,22.212143,21.990349,22.143959,22.058662,21.853539,21.990349,21.870644,21.904861,21.767891,21.682167,21.750755,21.785027,21.665016,21.441612,21.561981,21.372734,21.303802,21.458817,21.441612,21.372734,21.579163,21.407181,21.338272,21.389961,21.510414,21.269310,21.424393,21.355507,21.372734,21.252068,21.321045,21.234810,21.476021,21.183029,21.148476,21.234810,21.200287,21.269310,21.217552,21.217552,21.407181,21.217552,21.286568,21.372734,21.062057,21.252068,21.131203,21.113914,21.148476,21.131203,21.010155,20.975533,20.854233,20.836899,20.645866,20.576286,20.576286,20.524055,20.784843,20.628487,20.489220,20.628487,20.715385,20.524055,20.628487,20.645866,20.836899,20.645866,20.784843,20.628487,20.750122,20.906242,20.558884,20.611084,20.854233,20.628487,20.541473,20.297348,20.332268,20.524055,20.349724,20.332268,20.209976,20.069977,20.034943,19.999893,20.069977,19.859520,19.771667,19.771667,19.683716,19.489883,19.436943,19.313263,19.313263,19.242508,19.260208,19.507530,19.260208,19.260208,19.136261,18.941109,18.994377,18.887802,18.674240,18.406502,18.227524,17.994278,17.580009,17.290627,16.927490,16.635872,16.269951,15.976097,15.625862,15.570435,15.329842,15.292770,15.144333,15.051422,14.921196,15.032837,15.014244,14.883965,14.921196,14.958420,15.014244,14.977043,14.772133,15.051422,14.902580,14.865326,15.088600,14.995636,14.939812,14.921196,14.883965,15.125755,14.958420,15.032837,14.846703,14.939812,14.921196,14.921196,15.051422,14.846703,14.977043,14.977043,15.014244,14.995636,14.865326,14.921196,15.014244,14.995636,14.753487,15.014244,14.958420,14.921196,14.902580,14.865326,14.958420,14.716171,14.883965,14.846703,14.865326,14.809425,14.809425,14.809425,14.716171,14.865326,15.014244,14.697517,14.902580,14.772133,14.809425,15.070015,14.939812,14.865326,14.697517,14.846703,14.846703,14.678848,14.921196,14.883965,14.809425,14.995636,15.032837,14.790794,15.032837,14.790794,14.809425,14.809425,14.697517,14.790794,14.641502,14.995636,14.790794,14.790794,14.790794,14.865326,15.014244,14.883965,14.772133,14.865326,14.809425,14.790794,14.939812,14.958420,14.846703,14.697517,14.809425,14.865326,14.846703,14.921196,14.678848,14.753487,14.828064,14.828064,14.828064,14.697517,14.865326,14.995636,15.051422,14.883965,14.865326,14.772133,15.014244,14.883965,14.753487,14.809425,14.772133,14.995636,14.958420,14.828064,14.883965,14.995636,14.921196,14.809425,14.772133,14.883965,14.902580,14.865326,14.902580,14.921196,15.032837,14.883965,14.977043,14.883965,14.902580,14.883965,14.995636,14.921196,14.977043,14.939812,14.790794,14.902580,14.828064,14.865326,14.697517,14.809425,14.828064,14.734833,14.772133,14.939812,14.902580,14.529381,14.716171,14.548080,14.678848,14.939812,14.846703,14.828064,14.958420,14.977043,15.125755,15.200020,15.051422,14.977043,14.977043,15.051422,15.070015,15.125755,15.200020,14.772133,14.734833,14.566772,14.790794,14.734833,14.734833,14.678848,14.716171,14.678848,14.772133,14.585457,14.772133,14.772133,14.772133,14.958420,15.032837,14.790794,14.846703,14.809425,14.790794,14.846703,14.865326,14.753487,14.790794,14.921196,14.790794,14.697517,14.939812,14.529381,14.716171,14.790794,14.772133,14.809425,14.772133,14.678848,14.716171,14.809425,14.865326,14.604141,14.753487,14.622826,14.809425,14.995636,14.678848,14.660179,14.734833,14.828064,14.734833,14.753487,14.883965,14.604141,14.828064,14.753487,14.660179,14.790794,14.883965,14.772133,14.734833,14.697517,14.604141,14.809425,14.566772,14.772133,14.828064,14.958420,14.846703,14.734833,14.772133,14.902580,14.902580,14.734833,14.753487,14.734833,14.809425,14.660179,14.846703,14.846703,14.660179,14.790794,14.697517,14.809425,14.828064,14.846703,14.939812,14.809425,14.734833,14.977043,14.641502,14.641502,14.883965,14.772133,14.697517,14.790794,14.846703,14.734833,14.585457,14.828064,14.883965,14.865326,14.977043,14.790794,14.828064,14.995636,14.921196,14.809425,15.125755,14.958420,14.697517,14.697517,14.995636,14.921196,15.014244,14.958420,14.865326,14.828064,14.958420,14.828064,14.865326,15.032837,15.218575,15.051422,15.032837,15.014244,14.921196,
14.977043,15.107178,14.772133,15.125755,15.107178,15.070015,14.995636,15.088600,14.697517,14.995636,15.051422,15.107178,14.921196,15.125755,15.162895,14.921196,14.958420,15.107178,15.107178,15.181458,15.070015,15.403938,15.496475,15.440964,15.588913,15.902481,16.012886,16.489677,16.927490,17.363060,17.561958,18.066116,18.460121,18.887802,19.012123,19.366287,19.436943,19.736496,19.841957,20.140007,20.087494,19.912178,20.157509,20.069977,20.069977,20.227455,20.192490,20.209976,20.209976,20.489220,20.279877,20.402061,20.558884,20.680634,20.506645,20.576286,20.698021,20.663254,20.819542,20.576286,20.628487,20.680634,20.576286,20.628487,20.489220,20.784843,20.680634,20.732758,20.489220,20.663254,20.541473,20.384621,20.576286,20.593697,20.419502,20.558884,20.576286,20.558884,20.663254,20.436943,20.593697,20.576286,20.611084,20.576286,20.628487,20.628487,20.541473,20.767487,20.819542,20.628487,20.698021,20.645866,20.750122,20.975533,20.802200,20.715385,20.750122,20.767487,20.628487,21.027458,21.062057,21.010155,21.148476,21.148476,21.079346,21.355507,21.355507,21.338272,21.372734,21.286568,21.355507,21.338272,21.407181,21.441612,21.476021,21.699318,21.647850,21.613518,21.767891,21.767891,21.527603,21.733620,21.596336,21.785027,21.802162,21.596336,21.682167,21.802162,21.785027,21.544792,21.716469,21.682167,21.630684,21.630684,21.510414,21.665016,21.733620,21.733620,21.630684,21.733620,21.767891,21.716469,21.819290,21.579163,21.836411,21.665016,21.733620,21.665016,21.561981,21.544792,21.579163,21.561981,21.579163,21.665016,21.527603,21.647850,21.682167,21.733620,21.630684,21.630684,21.665016,21.802162,21.750755,21.682167,21.596336,21.802162,21.579163,21.510414,21.510414,21.750755,21.458817,21.630684,21.389961,21.407181,21.458817,21.441612,21.647850,21.510414,21.596336,21.527603,21.544792,21.510414,21.510414,21.476021,21.527603,21.596336,21.476021,21.596336,21.699318,21.699318,21.476021,21.647850,21.647850,21.750755,21.682167,21.802162,21.682167,21.921967,21.870644,21.853539,21.956161,21.921967,21.956161,21.921967,21.767891,21.939064,21.921967,21.887764,22.024513,21.973259,21.921967,21.887764,21.939064,21.853539,21.819290,21.904861,21.887764,21.870644,21.939064,22.024513,21.939064,22.041588,21.904861,22.024513,22.024513,22.024513,22.024513,22.126915,21.836411,21.973259,21.887764,22.041588,21.887764,22.041588,22.058662,22.109856,21.853539,21.853539,22.041588,21.870644,21.819290,21.802162,21.836411,21.665016,21.561981,21.407181,21.493217,21.303802,21.217552,21.269310,21.286568,21.355507,21.424393,21.493217,21.148476,21.476021,21.303802,21.372734,21.286568,21.407181,21.424393,21.372734,21.355507,21.234810,21.441612,21.355507,21.321045,21.148476,21.252068,21.113914,21.269310,21.165756,21.458817,21.217552,21.217552,21.200287,21.372734,21.234810,21.113914,20.992851,20.923576,21.096642,21.010155,21.183029,21.027458,20.871582,20.888908,20.698021,20.732758,20.698021,20.489220,20.698021,20.750122,20.854233,20.541473,20.663254,20.767487,20.698021,20.698021,20.784843,20.698021,20.888908,20.802200,20.645866,20.680634,20.906242,20.680634,20.802200,20.698021,20.576286,20.506645,20.332268,20.262413,20.279877,20.244934,20.087494,20.192490,20.122513,19.947273,20.069977,19.877083,19.841957,19.630898,19.578049,19.525154,19.454590,19.648506,19.348618,19.489883,19.489883,19.260208,19.277893,19.277893,19.224815,19.100807,18.870033,18.994377,18.567253,18.406502,18.245445,17.850410,17.471611,17.218117,16.945679,16.745338,16.306610,16.068031,15.755058,15.422462,15.311302,15.348373,15.200020,15.200020,15.051422,15.014244,15.125755,15.125755,14.995636,14.958420,15.051422,15.181458,15.125755,14.958420,14.902580,14.995636,15.125755,14.977043,15.070015,14.958420,14.939812,15.070015,15.032837,15.051422,15.070015,15.032837,14.865326,14.846703,14.977043,14.995636,14.902580,14.809425,14.977043,15.070015,15.051422,14.846703,15.181458,14.734833,14.977043,14.977043,15.107178,14.883965,14.921196,14.958420,14.828064,14.902580,15.014244,14.995636,14.772133,14.790794,14.883965,15.125755,14.958420,14.902580,14.977043,14.921196,14.939812,14.604141,14.828064,15.014244,14.753487,14.902580,14.772133,14.865326,14.865326,14.809425,14.790794,14.772133,15.032837,14.697517,14.828064,14.790794,15.051422,14.939812,14.865326,14.939812,14.939812,14.939812,14.883965,14.828064,15.088600,14.902580,14.902580,14.753487,14.846703,14.902580,14.865326,14.809425,14.883965,14.529381,14.585457,14.902580,14.697517,14.865326,14.790794,14.772133,14.846703,14.846703,14.772133,14.697517,14.846703,14.921196,14.921196,15.051422,14.995636,14.772133,14.995636,14.846703,14.995636,14.809425,14.883965,14.697517,14.772133,14.921196,14.995636,14.958420,14.846703,14.734833,14.958420,14.753487,14.678848,14.828064,14.809425,14.958420,14.939812,14.939812,14.921196,14.958420,14.883965,14.883965,14.958420,14.809425,15.051422,14.678848,15.014244,14.939812,14.809425,14.865326,14.939812,15.032837,15.014244,14.809425,14.977043,14.809425,14.641502,14.865326,14.883965,14.734833,14.790794,14.809425,14.865326,14.772133,14.753487,14.753487,14.883965,14.828064,14.921196,15.070015,14.921196,14.958420,15.107178,15.162895,15.107178,15.107178,14.977043,15.070015,15.014244,14.828064,14.809425,14.772133,14.977043,14.846703,14.790794,14.809425,14.753487,14.678848,14.697517,14.828064,14.697517,14.809425,14.790794,14.939812,14.790794,14.828064,14.828064,14.958420,14.790794,14.902580,14.828064,14.772133,14.865326,14.716171,14.828064,14.548080,14.678848,14.772133,14.772133,14.697517,14.753487,14.939812,14.790794,14.809425,14.772133,14.809425,14.846703,14.660179,14.678848,14.753487,14.883965,14.734833,14.660179,14.883965,14.753487,14.585457,14.678848,14.734833,14.809425,14.902580,14.790794,14.548080,14.883965,14.734833,14.828064,14.734833,14.809425,14.809425,14.921196,14.716171,14.697517,14.697517,14.678848,14.585457,14.828064,14.921196,14.846703,14.753487,14.790794,14.939812,14.716171,14.678848,14.902580,14.790794,14.697517,14.939812,14.977043,14.641502,14.790794,14.604141,14.790794,14.734833,14.790794,14.772133,14.865326,14.846703,14.753487,14.622826,14.734833,14.697517,14.772133,14.678848,14.622826,14.734833,14.716171,14.828064,14.883965,14.753487,14.902580,14.697517,14.828064,14.902580,14.902580,14.902580,14.921196,14.865326,15.070015,14.921196,14.883965,14.809425,14.790794,14.697517,14.828064,15.014244,14.902580,14.995636,15.051422,14.697517,14.902580,15.014244,15.144333,15.070015,15.088600,
14.921196,14.846703,14.865326,14.809425,14.995636,15.125755,15.088600,14.958420,14.902580,14.772133,15.032837,14.958420,15.088600,14.883965,14.921196,14.828064,14.977043,15.125755,14.734833,14.995636,15.088600,15.329842,15.237137,15.662788,15.459480,15.828796,16.123146,16.617607,16.927490,17.254379,17.832420,17.958336,18.263351,18.638596,18.994377,19.224815,19.472237,19.666115,19.929733,19.894638,19.964821,19.999893,19.877083,19.999893,20.105003,20.262413,20.087494,20.192490,20.227455,20.314804,20.489220,20.244934,20.297348,20.506645,20.419502,20.628487,20.419502,20.576286,20.698021,20.524055,20.628487,20.732758,20.663254,20.750122,20.767487,20.593697,20.576286,20.593697,20.402061,20.576286,20.384621,20.454369,20.402061,20.384621,20.506645,20.367180,20.244934,20.524055,20.349724,20.576286,20.332268,20.663254,20.593697,20.506645,20.471802,20.645866,20.698021,20.698021,20.541473,20.750122,20.698021,20.698021,20.593697,20.854233,20.628487,20.732758,20.871582,20.958221,20.698021,20.923576,20.923576,21.062057,21.010155,21.062057,21.200287,21.252068,21.269310,21.355507,21.441612,21.252068,21.303802,21.338272,21.561981,21.493217,21.647850,21.647850,21.493217,21.647850,21.802162,21.785027,21.802162,21.682167,21.596336,21.630684,21.613518,21.767891,21.767891,21.887764,21.699318,21.682167,21.785027,21.819290,21.785027,21.904861,21.767891,21.682167,21.887764,21.785027,21.836411,21.665016,21.767891,21.939064,21.613518,21.921967,21.613518,21.802162,21.836411,21.836411,21.750755,21.613518,21.921967,21.544792,21.699318,21.544792,21.716469,21.613518,21.733620,21.699318,21.613518,21.699318,21.647850,21.887764,21.939064,21.647850,21.733620,21.630684,21.682167,21.785027,21.493217,21.630684,21.407181,21.682167,21.372734,21.527603,21.544792,21.441612,21.699318,21.630684,21.699318,21.819290,21.665016,21.682167,21.630684,21.596336,21.716469,21.630684,21.785027,21.682167,21.510414,21.527603,21.579163,21.544792,21.579163,21.716469,21.939064,21.887764,21.853539,21.853539,21.716469,21.836411,21.904861,21.973259,21.956161,22.024513,21.990349,21.956161,21.990349,22.092789,22.007431,22.007431,21.921967,22.058662,21.870644,21.785027,21.870644,22.058662,21.973259,22.092789,21.956161,21.973259,21.956161,22.024513,21.939064,21.990349,22.041588,21.990349,21.921967,21.767891,21.990349,22.041588,22.007431,22.143959,21.990349,21.990349,22.126915,22.041588,21.939064,22.041588,21.870644,21.733620,21.750755,21.682167,21.733620,21.493217,21.493217,21.647850,21.476021,21.458817,21.407181,21.355507,21.234810,21.165756,21.234810,21.234810,21.200287,21.338272,21.407181,21.286568,21.252068,21.389961,21.303802,21.286568,21.286568,21.407181,21.338272,21.286568,21.217552,21.183029,21.286568,20.958221,21.286568,21.303802,21.303802,21.234810,21.200287,21.165756,21.183029,21.303802,21.079346,21.252068,21.183029,21.183029,21.027458,20.958221,21.027458,20.802200,20.750122,20.593697,20.628487,20.750122,20.802200,20.715385,20.471802,20.576286,20.593697,20.750122,20.715385,20.593697,20.732758,20.940895,20.715385,20.802200,20.645866,20.750122,20.802200,20.698021,20.645866,20.558884,20.506645,20.314804,20.402061,20.297348,20.349724,20.384621,20.174995,20.244934,20.105003,20.157509,20.069977,20.087494,19.982353,19.630898,19.630898,19.683716,19.648506,19.578049,19.330948,19.454590,19.419281,19.313263,19.153984,19.277893,19.153984,19.189407,19.012123,18.941109,18.567253,18.638596,18.352852,18.245445,17.886406,17.543900,17.489685,17.054764,16.745338,16.379883,16.049652,15.884071,15.551949,15.477974,15.255684,15.107178,15.051422,15.070015,14.939812,14.902580,14.995636,15.014244,14.958420,15.032837,15.218575,15.051422,15.125755,15.051422,15.088600,14.977043,15.014244,14.921196,14.939812,14.939812,14.939812,15.107178,14.939812,15.088600,15.125755,14.939812,14.977043,15.051422,15.032837,14.977043,15.014244,14.995636,14.921196,14.995636,15.144333,14.809425,14.995636,15.051422,14.846703,15.144333,14.977043,15.014244,14.883965,14.902580,14.921196,14.902580,14.921196,14.902580,14.846703,14.902580,14.977043,14.734833,14.977043,14.902580,14.921196,14.828064,14.828064,14.977043,14.846703,14.977043,14.828064,14.977043,14.995636,14.883965,14.865326,14.883965,14.939812,14.809425,14.883965,14.921196,14.753487,14.828064,14.902580,14.790794,14.958420,14.921196,14.977043,14.734833,14.716171,14.790794,14.883965,14.753487,14.809425,14.902580,14.790794,14.772133,14.828064,14.902580,14.678848,14.641502,14.697517,14.697517,14.902580,14.809425,14.716171,14.995636,14.902580,14.566772,14.846703,14.865326,14.902580,14.846703,14.772133,14.772133,15.032837,14.865326,14.995636,14.809425,14.772133,14.697517,14.716171,14.921196,14.865326,14.921196,14.865326,14.995636,14.753487,14.902580,14.790794,14.921196,14.865326,14.828064,15.014244,14.939812,15.051422,14.977043,14.939812,15.070015,14.883965,14.883965,14.846703,14.734833,14.865326,14.865326,14.772133,14.883965,14.846703,14.921196,14.772133,14.883965,14.809425,15.181458,14.995636,14.716171,14.660179,14.865326,14.660179,14.697517,14.697517,14.790794,14.716171,14.734833,14.865326,14.790794,14.939812,15.107178,14.846703,15.125755,15.107178,15.051422,15.032837,15.107178,15.014244,15.088600,14.939812,15.032837,14.883965,14.883965,14.809425,14.828064,14.660179,14.921196,14.641502,14.622826,14.883965,14.716171,14.902580,14.678848,14.622826,14.809425,14.809425,14.828064,14.809425,14.921196,14.716171,14.846703,15.181458,14.716171,14.660179,14.716171,14.716171,14.753487,14.939812,14.678848,14.697517,14.641502,14.566772,14.753487,14.697517,14.883965,14.902580,14.753487,15.144333,14.958420,14.809425,14.809425,14.697517,14.697517,14.902580,14.604141,14.921196,14.604141,14.902580,14.697517,14.566772,14.809425,14.678848,14.790794,14.566772,14.790794,14.865326,14.641502,14.641502,14.809425,14.809425,14.809425,14.641502,14.809425,14.678848,14.678848,14.716171,14.697517,14.734833,14.772133,14.734833,14.809425,14.678848,14.772133,14.566772,14.809425,14.641502,14.828064,14.548080,14.865326,14.678848,14.790794,14.697517,14.809425,14.716171,14.977043,14.772133,14.846703,14.846703,14.809425,14.697517,14.790794,14.772133,14.585457,14.604141,14.734833,14.828064,14.734833,14.921196,14.678848,14.790794,14.939812,14.828064,14.846703,14.921196,15.014244,15.014244,14.865326,14.977043,15.070015,14.772133,15.051422,14.846703,15.032837,14.939812,14.977043,14.846703,15.181458,14.921196,14.883965,14.995636,15.070015,15.125755,15.088600,15.162895,15.274223,
15.032837,15.237137,15.107178,14.883965,14.995636,15.181458,15.051422,15.032837,14.921196,15.107178,15.070015,14.995636,15.162895,15.070015,14.958420,15.014244,15.051422,15.125755,15.014244,14.958420,14.939812,14.995636,15.366905,15.366905,15.385422,15.773499,16.086403,16.416496,17.036591,17.471611,17.760384,18.173759,18.352852,18.709869,18.941109,19.260208,19.313263,19.806816,19.877083,19.877083,19.982353,20.017418,19.877083,19.964821,20.157509,20.157509,20.174995,20.227455,20.227455,20.349724,20.244934,20.506645,20.715385,20.297348,20.680634,20.541473,20.593697,20.593697,20.645866,20.628487,20.802200,20.663254,20.506645,20.767487,20.680634,20.489220,20.628487,20.558884,20.628487,20.297348,20.767487,20.436943,20.419502,20.402061,20.314804,20.367180,20.174995,20.419502,20.558884,20.279877,20.524055,20.419502,20.436943,20.663254,20.645866,20.541473,20.576286,20.680634,20.524055,20.628487,20.628487,20.750122,20.541473,20.576286,20.628487,20.663254,20.558884,20.802200,21.010155,20.975533,20.992851,21.217552,21.113914,21.027458,21.200287,21.458817,21.165756,21.544792,21.476021,21.338272,21.561981,21.561981,21.424393,21.389961,21.544792,21.665016,21.647850,21.647850,21.665016,21.613518,21.561981,21.870644,21.665016,21.819290,21.647850,21.904861,21.699318,21.750755,21.921967,21.767891,21.699318,21.921967,21.733620,21.613518,21.767891,21.819290,21.802162,21.887764,21.785027,21.802162,21.699318,21.921967,21.819290,21.921967,21.802162,21.733620,21.956161,21.647850,21.699318,21.699318,21.579163,21.785027,21.613518,21.321045,21.682167,21.613518,21.665016,21.699318,21.682167,21.682167,21.630684,21.630684,21.665016,21.836411,21.682167,21.853539,21.613518,21.647850,21.493217,21.716469,21.493217,21.682167,21.596336,21.682167,21.561981,21.561981,21.579163,21.647850,21.682167,21.579163,21.596336,21.699318,21.647850,21.819290,21.665016,21.579163,21.767891,21.733620,21.647850,21.785027,21.527603,21.939064,21.699318,21.716469,21.733620,21.887764,21.887764,21.716469,21.802162,21.921967,22.092789,22.109856,21.921967,21.802162,21.682167,21.887764,21.819290,22.041588,22.178062,21.973259,22.058662,22.109856,22.007431,22.212143,21.956161,22.024513,21.956161,22.007431,21.956161,22.007431,21.921967,22.161018,22.007431,22.075729,21.870644,21.990349,21.836411,21.973259,22.041588,21.973259,22.041588,22.109856,21.870644,21.904861,22.109856,21.836411,21.887764,21.887764,21.904861,22.058662,21.819290,21.613518,21.767891,21.561981,21.355507,21.476021,21.389961,21.441612,21.441612,21.424393,21.476021,21.234810,21.458817,21.269310,21.321045,21.476021,21.303802,21.424393,21.389961,21.303802,21.476021,21.389961,21.441612,21.165756,21.321045,21.424393,21.389961,21.372734,21.096642,21.148476,21.338272,21.234810,21.252068,21.372734,21.096642,21.234810,21.234810,21.321045,21.148476,21.183029,21.096642,21.044754,20.940895,21.010155,20.923576,20.958221,20.750122,20.715385,20.611084,20.854233,20.524055,20.732758,20.593697,20.593697,20.558884,20.576286,20.558884,20.558884,20.436943,20.715385,20.732758,20.767487,20.663254,20.663254,20.819542,20.645866,20.628487,20.732758,20.628487,20.663254,20.419502,20.489220,20.297348,20.471802,20.034943,20.262413,20.069977,20.122513,19.912178,19.912178,19.806816,19.912178,19.701309,19.613289,19.754082,19.683716,19.366287,19.472237,19.507530,19.189407,19.207108,19.366287,19.189407,19.295586,18.887802,19.012123,18.745483,18.585091,18.442253,18.209602,17.958336,17.742363,17.453522,17.218117,16.599342,16.471397,16.196571,15.755058,15.533455,15.440964,15.088600,15.403938,15.237137,15.144333,14.921196,15.032837,15.162895,15.107178,14.883965,15.070015,15.107178,15.162895,14.958420,14.977043,14.977043,14.995636,15.070015,15.032837,15.051422,14.865326,14.958420,14.921196,14.958420,15.088600,14.958420,14.790794,14.828064,15.088600,14.939812,15.032837,15.051422,15.125755,14.977043,14.995636,15.051422,14.790794,14.995636,14.995636,15.088600,15.051422,15.088600,14.865326,14.939812,14.790794,14.846703,14.939812,14.865326,14.883965,14.734833,14.921196,14.902580,14.977043,14.995636,14.977043,14.902580,14.921196,15.014244,14.865326,14.697517,14.790794,14.846703,14.846703,14.846703,14.921196,14.846703,14.865326,14.939812,15.032837,14.790794,14.809425,14.809425,14.846703,14.790794,14.902580,15.032837,14.902580,14.772133,14.865326,14.883965,14.921196,14.883965,14.921196,14.846703,14.772133,14.753487,14.697517,14.809425,14.809425,14.641502,14.772133,14.660179,14.921196,14.772133,14.790794,14.697517,14.846703,14.846703,14.902580,14.790794,14.585457,14.753487,14.753487,14.865326,14.809425,14.697517,14.790794,14.846703,15.014244,14.883965,15.070015,14.790794,14.846703,14.790794,14.883965,14.753487,14.958420,14.939812,14.995636,15.070015,15.088600,14.958420,14.995636,14.753487,14.790794,14.921196,15.014244,14.846703,15.162895,14.846703,15.014244,14.865326,14.828064,14.809425,14.977043,14.865326,15.032837,14.716171,14.995636,14.939812,14.865326,14.716171,14.865326,14.809425,14.697517,14.660179,14.660179,14.678848,14.790794,14.585457,14.846703,14.846703,14.958420,14.883965,15.014244,14.883965,14.995636,14.902580,14.883965,14.939812,15.070015,15.032837,15.051422,15.051422,14.958420,15.070015,15.125755,14.977043,14.790794,14.772133,14.958420,14.846703,14.790794,14.809425,14.772133,14.809425,14.660179,14.828064,14.790794,14.678848,14.883965,14.865326,14.772133,15.032837,14.828064,14.846703,14.734833,14.958420,14.902580,14.865326,14.995636,14.734833,14.828064,14.753487,14.939812,14.734833,14.660179,14.734833,14.529381,14.622826,14.995636,14.753487,14.585457,14.678848,14.660179,14.772133,14.660179,14.790794,14.846703,14.809425,14.641502,14.641502,14.828064,14.772133,14.734833,14.716171,14.753487,14.641502,14.902580,14.660179,14.697517,14.678848,14.790794,14.809425,14.939812,14.716171,14.753487,14.697517,15.032837,14.828064,14.939812,14.678848,14.734833,14.697517,14.772133,14.641502,14.939812,14.809425,14.641502,14.716171,14.846703,14.660179,14.660179,14.622826,14.902580,14.828064,14.753487,15.070015,14.772133,14.734833,14.883965,14.641502,14.660179,14.716171,14.977043,14.809425,14.641502,14.734833,14.641502,14.678848,14.828064,15.032837,14.734833,14.883965,14.865326,14.809425,14.995636,15.070015,14.921196,14.716171,14.865326,15.032837,14.883965,15.051422,14.939812,14.846703,15.237137,14.958420,14.697517,14.883965,15.032837,14.958420,14.902580,14.865326,14.660179,15.107178,15.107178,14.939812,14.902580,15.070015,15.125755,
15.218575,15.200020,14.977043,14.995636,14.939812,15.200020,15.125755,15.311302,15.088600,15.032837,15.218575,14.995636,14.958420,15.088600,14.883965,15.292770,15.181458,14.939812,15.032837,14.958420,15.237137,14.902580,15.348373,15.403938,15.496475,16.049652,16.049652,16.379883,16.909286,17.363060,17.688278,18.245445,18.173759,18.692055,18.852249,19.419281,19.366287,19.718910,19.683716,19.683716,19.947273,20.122513,20.069977,20.052460,20.192490,20.034943,20.209976,20.332268,20.244934,20.314804,20.209976,20.367180,20.680634,20.663254,20.489220,20.767487,20.698021,20.715385,20.645866,20.715385,20.784843,20.767487,20.698021,20.663254,20.558884,20.593697,20.506645,20.732758,20.489220,20.663254,20.367180,20.402061,20.489220,20.297348,20.122513,20.349724,20.174995,20.384621,20.419502,20.419502,20.297348,20.314804,20.541473,20.611084,20.576286,20.715385,20.593697,20.628487,20.611084,20.611084,20.558884,20.819542,20.715385,20.802200,20.854233,20.576286,20.732758,20.923576,20.750122,20.958221,21.044754,21.338272,21.217552,21.269310,21.372734,21.630684,21.424393,21.544792,21.458817,21.441612,21.596336,21.613518,21.579163,21.613518,21.802162,21.836411,21.579163,22.007431,21.887764,21.785027,21.647850,21.716469,21.836411,22.092789,21.887764,22.092789,21.921967,21.887764,21.904861,21.836411,21.733620,21.939064,21.767891,22.058662,21.836411,21.767891,21.870644,21.990349,21.921967,21.921967,22.126915,21.956161,21.939064,22.007431,21.853539,21.853539,21.836411,21.904861,21.990349,21.733620,21.733620,21.767891,21.647850,21.527603,21.476021,21.527603,21.750755,21.647850,21.785027,21.630684,21.630684,21.510414,21.544792,21.665016,21.630684,21.561981,21.579163,21.596336,21.579163,21.630684,21.682167,21.647850,21.613518,21.785027,21.699318,21.630684,21.665016,21.921967,21.819290,21.767891,21.785027,21.956161,21.733620,22.058662,21.990349,21.990349,21.939064,21.887764,21.921967,21.596336,21.750755,21.870644,21.785027,21.956161,21.836411,21.956161,21.750755,21.836411,21.836411,21.836411,22.143959,21.939064,22.109856,22.041588,21.939064,22.058662,22.075729,22.075729,21.973259,21.990349,22.024513,21.956161,22.007431,22.024513,22.246208,22.297272,21.956161,22.092789,22.178062,22.092789,21.939064,21.990349,22.041588,22.109856,21.802162,22.092789,21.921967,21.904861,21.973259,21.990349,21.956161,21.870644,21.819290,22.041588,21.836411,21.921967,21.853539,21.733620,21.785027,21.870644,21.665016,21.750755,21.579163,21.493217,21.596336,21.389961,21.596336,21.596336,21.286568,21.286568,21.476021,21.321045,21.544792,21.476021,21.252068,21.458817,21.372734,21.303802,21.458817,21.527603,21.493217,21.355507,21.458817,21.389961,21.303802,21.372734,21.458817,21.441612,21.389961,21.407181,21.372734,21.407181,21.338272,21.303802,21.407181,21.303802,21.131203,21.234810,21.131203,21.355507,21.252068,21.286568,21.027458,20.992851,21.131203,20.802200,20.836899,20.715385,20.715385,20.732758,20.732758,20.802200,20.715385,20.732758,20.558884,20.750122,20.663254,20.611084,20.784843,20.471802,20.732758,20.906242,20.819542,20.645866,20.819542,20.558884,20.663254,20.576286,20.367180,20.558884,20.489220,20.402061,20.279877,20.367180,20.140007,19.982353,19.999893,20.174995,19.947273,20.069977,19.754082,19.841957,19.736496,19.489883,19.578049,19.789246,19.383957,19.489883,19.454590,19.401619,19.242508,19.366287,19.065346,19.242508,19.012123,18.958870,18.674240,18.674240,18.460121,18.173759,17.922386,17.688278,17.381157,17.254379,16.708862,16.343254,15.957695,15.828796,15.514977,15.496475,15.440964,15.200020,15.032837,15.088600,15.051422,14.865326,15.051422,15.051422,15.014244,14.995636,15.070015,15.144333,14.995636,15.032837,15.162895,15.014244,15.032837,14.958420,14.958420,15.032837,15.032837,15.218575,14.958420,15.014244,14.865326,14.921196,15.032837,14.977043,14.846703,14.865326,15.070015,14.865326,14.883965,14.995636,14.995636,14.958420,14.883965,15.032837,14.977043,14.902580,14.921196,14.921196,14.846703,14.921196,14.902580,15.088600,14.939812,14.902580,14.977043,14.902580,15.070015,14.772133,14.977043,14.921196,14.828064,14.846703,14.995636,14.883965,14.883965,14.678848,14.883965,14.846703,14.958420,14.902580,14.622826,14.995636,14.828064,14.995636,14.809425,14.772133,14.809425,14.921196,14.939812,14.716171,14.716171,14.865326,14.846703,14.883965,14.828064,14.809425,14.846703,14.828064,14.809425,14.865326,14.865326,14.772133,14.921196,14.772133,14.753487,14.790794,14.939812,15.014244,14.883965,14.828064,14.902580,14.772133,14.809425,14.958420,14.697517,14.846703,14.846703,14.883965,14.660179,14.977043,14.846703,14.846703,14.846703,15.107178,15.014244,14.958420,14.809425,14.958420,14.846703,14.846703,14.883965,14.846703,14.995636,14.734833,14.790794,14.958420,14.977043,14.995636,14.865326,14.846703,14.939812,14.772133,15.070015,15.088600,14.883965,14.753487,15.014244,14.828064,14.939812,14.902580,14.977043,15.014244,14.939812,14.809425,14.902580,14.958420,14.678848,14.734833,14.809425,14.809425,14.697517,14.678848,14.660179,14.716171,14.865326,14.716171,14.697517,14.939812,14.697517,14.921196,14.902580,15.107178,14.865326,15.107178,14.995636,15.255684,15.051422,15.218575,15.125755,15.088600,14.995636,14.828064,14.902580,14.809425,14.902580,14.828064,14.622826,14.865326,14.604141,14.660179,14.678848,14.846703,14.734833,14.753487,14.790794,14.641502,14.734833,14.958420,14.697517,14.734833,15.051422,14.977043,14.809425,14.865326,14.921196,14.939812,14.753487,14.716171,14.772133,14.548080,14.902580,14.641502,14.772133,14.734833,14.809425,14.697517,14.716171,14.809425,14.790794,14.753487,14.772133,14.753487,14.734833,14.734833,14.828064,14.678848,14.753487,14.660179,14.734833,14.902580,14.716171,14.734833,14.566772,14.604141,14.772133,14.585457,14.678848,14.622826,14.902580,14.491982,14.734833,14.734833,14.697517,14.491982,14.697517,14.753487,14.678848,14.921196,14.716171,14.697517,14.697517,14.716171,14.716171,14.716171,14.697517,14.809425,14.641502,14.566772,14.977043,14.790794,14.716171,14.604141,14.753487,14.846703,14.641502,14.809425,14.660179,14.697517,14.510681,14.790794,14.809425,14.809425,14.622826,14.790794,14.921196,14.678848,14.753487,14.790794,14.828064,14.958420,14.697517,14.604141,14.902580,14.846703,15.014244,14.939812,15.088600,14.939812,14.883965,15.051422,14.865326,14.902580,14.772133,14.921196,14.902580,15.088600,14.958420,15.032837,14.977043,15.032837,14.734833,14.883965,14.939812,14.902580,15.051422,15.181458,
15.514977,15.014244,14.958420,14.902580,14.921196,14.958420,14.977043,15.200020,15.107178,14.865326,15.032837,14.921196,15.107178,15.144333,14.977043,15.051422,15.125755,14.977043,15.051422,15.218575,15.162895,15.348373,15.385422,15.440964,15.533455,15.773499,16.123146,16.507973,16.891090,17.399261,17.507759,18.119965,18.370735,18.852249,18.958870,19.047615,19.454590,19.648506,19.666115,19.771667,19.982353,19.929733,19.877083,20.227455,20.140007,20.192490,20.314804,20.244934,20.192490,20.349724,20.332268,20.454369,20.436943,20.436943,20.402061,20.332268,20.541473,20.645866,20.576286,20.784843,20.767487,20.715385,20.645866,20.628487,20.698021,20.314804,20.419502,20.489220,20.628487,20.436943,20.384621,20.367180,20.349724,20.471802,20.506645,20.349724,20.209976,20.244934,20.384621,20.471802,20.402061,20.471802,20.384621,20.576286,20.367180,20.558884,20.489220,20.506645,20.489220,20.732758,20.767487,20.715385,20.715385,20.732758,20.992851,20.715385,20.975533,21.027458,21.079346,21.148476,21.252068,21.234810,21.476021,21.544792,21.510414,21.424393,21.424393,21.596336,21.613518,21.733620,21.613518,21.579163,21.767891,21.785027,21.630684,21.647850,21.887764,21.819290,21.819290,21.973259,21.870644,21.665016,21.939064,21.836411,21.990349,21.921967,21.819290,21.990349,21.904861,21.819290,21.802162,21.853539,21.767891,21.819290,21.904861,22.024513,21.870644,22.041588,22.024513,21.973259,21.973259,22.058662,21.904861,21.939064,22.024513,21.939064,21.853539,21.973259,22.041588,21.836411,21.870644,21.699318,21.579163,21.767891,21.579163,21.613518,21.733620,21.665016,21.613518,21.699318,21.647850,21.596336,21.750755,21.767891,21.716469,21.750755,21.579163,21.647850,21.630684,21.665016,21.750755,21.750755,21.579163,21.665016,21.767891,21.819290,21.733620,21.819290,21.887764,21.870644,21.802162,22.007431,21.956161,22.092789,22.178062,21.939064,21.904861,21.836411,22.024513,21.921967,21.785027,21.887764,21.767891,22.126915,21.802162,21.887764,22.058662,22.041588,21.887764,22.092789,21.956161,22.092789,22.024513,22.075729,21.904861,22.007431,22.161018,22.212143,22.007431,22.075729,22.058662,21.973259,21.921967,22.126915,22.075729,22.143959,22.178062,22.126915,22.143959,22.212143,22.024513,22.075729,21.973259,22.058662,21.990349,21.836411,21.973259,21.887764,21.785027,21.870644,21.699318,21.870644,21.870644,21.939064,21.750755,21.870644,21.904861,21.767891,21.699318,21.767891,21.596336,21.647850,21.596336,21.561981,21.476021,21.458817,21.544792,21.303802,21.441612,21.303802,21.476021,21.458817,21.407181,21.372734,21.424393,21.458817,21.424393,21.579163,21.561981,21.579163,21.596336,21.527603,21.544792,21.544792,21.647850,21.630684,21.389961,21.510414,21.510414,21.458817,21.510414,21.441612,21.510414,21.407181,21.372734,21.630684,21.372734,21.441612,21.389961,21.407181,21.355507,21.441612,21.165756,21.027458,21.113914,21.079346,20.784843,20.888908,20.750122,20.784843,20.663254,20.802200,20.836899,20.680634,20.680634,20.767487,20.524055,20.715385,20.784843,20.767487,20.698021,20.906242,20.854233,20.732758,20.628487,20.680634,20.384621,20.645866,20.454369,20.419502,20.541473,20.349724,20.384621,20.367180,20.174995,20.052460,20.140007,20.209976,20.069977,19.999893,19.771667,19.701309,19.666115,19.806816,19.578049,19.401619,19.295586,19.454590,19.383957,19.207108,19.153984,19.029869,19.118538,19.100807,19.065346,18.887802,18.887802,18.549400,18.585091,18.155830,17.868416,17.670250,17.381157,16.927490,16.562805,16.416496,15.920883,15.662788,15.607391,15.477974,15.144333,15.107178,15.181458,15.144333,15.014244,14.921196,15.162895,15.274223,14.883965,15.032837,15.125755,15.070015,14.939812,15.107178,15.070015,15.162895,15.032837,15.032837,14.995636,15.032837,15.162895,14.977043,14.977043,14.921196,14.939812,15.107178,14.865326,14.921196,14.995636,15.014244,14.883965,14.958420,14.995636,14.995636,15.144333,14.828064,15.032837,14.939812,14.902580,15.088600,14.958420,15.051422,14.977043,15.014244,15.014244,15.070015,14.883965,14.846703,14.846703,14.939812,14.772133,14.828064,14.921196,14.828064,14.828064,14.883965,14.846703,14.809425,14.958420,14.846703,14.753487,14.958420,14.958420,14.865326,14.790794,14.902580,14.902580,14.977043,14.865326,15.014244,14.790794,14.883965,14.995636,14.753487,14.846703,14.790794,14.790794,14.958420,14.902580,14.883965,14.977043,14.753487,14.734833,14.772133,14.939812,14.846703,14.716171,14.828064,14.790794,14.790794,14.902580,14.772133,14.828064,14.846703,14.846703,14.846703,14.753487,15.070015,14.846703,14.790794,14.846703,14.902580,14.790794,14.939812,14.641502,14.753487,15.088600,14.902580,14.790794,14.939812,14.734833,14.846703,14.734833,14.790794,14.846703,14.977043,14.734833,14.902580,14.902580,14.902580,14.921196,14.902580,14.828064,15.032837,14.977043,14.809425,14.883965,14.809425,15.032837,14.958420,14.921196,14.977043,14.902580,14.846703,14.828064,14.958420,14.790794,14.790794,14.734833,14.697517,14.958420,14.678848,14.790794,14.622826,14.772133,14.790794,14.734833,14.753487,14.753487,14.846703,14.828064,14.716171,14.660179,14.995636,14.902580,14.939812,14.790794,15.144333,15.162895,15.070015,15.125755,14.902580,15.107178,14.902580,15.088600,14.883965,14.716171,14.902580,14.790794,14.883965,14.716171,14.846703,14.865326,14.865326,14.921196,14.772133,14.883965,14.734833,14.772133,14.809425,14.678848,14.734833,14.734833,14.622826,14.716171,14.809425,14.660179,14.772133,14.734833,14.716171,14.921196,14.753487,14.660179,14.585457,14.641502,14.809425,14.697517,14.828064,14.697517,14.939812,14.865326,14.753487,14.641502,14.809425,14.734833,14.734833,14.529381,14.921196,14.772133,14.846703,14.734833,14.678848,14.809425,14.753487,14.753487,14.846703,14.828064,14.753487,14.697517,14.734833,14.939812,14.622826,14.716171,14.809425,14.548080,14.828064,14.678848,14.734833,14.641502,14.883965,14.716171,14.772133,14.753487,14.809425,14.865326,14.604141,14.622826,14.697517,14.678848,14.902580,14.828064,14.734833,14.790794,14.772133,14.809425,14.604141,14.846703,14.753487,14.865326,14.678848,14.772133,14.828064,14.809425,14.846703,14.809425,14.883965,14.716171,14.977043,14.753487,14.958420,14.678848,14.809425,14.734833,14.772133,14.846703,14.902580,14.772133,14.790794,14.977043,15.014244,14.865326,14.921196,14.958420,14.995636,14.828064,14.865326,15.014244,14.995636,14.902580,14.958420,14.772133,15.032837,14.883965,15.014244,15.162895,14.809425,14.846703,14.939812,15.088600,15.144333,
15.125755,15.014244,15.014244,14.958420,14.958420,15.181458,15.032837,15.200020,14.865326,14.865326,15.014244,14.921196,15.051422,14.921196,15.162895,15.107178,15.032837,14.865326,15.181458,14.902580,15.125755,15.237137,15.070015,15.292770,15.625862,15.718163,16.159874,16.781799,16.818245,17.326851,17.634163,17.940361,18.299164,18.585091,18.834473,19.065346,19.666115,19.578049,19.718910,19.947273,19.683716,19.894638,19.999893,20.174995,19.894638,20.069977,20.192490,20.209976,20.262413,20.227455,20.279877,20.262413,20.314804,20.262413,20.750122,20.419502,20.506645,20.541473,20.628487,20.524055,20.698021,20.645866,20.489220,20.715385,20.663254,20.506645,20.576286,20.524055,20.489220,20.541473,20.244934,20.227455,20.262413,20.262413,20.489220,20.244934,20.174995,20.314804,20.279877,20.332268,20.297348,20.279877,20.419502,20.489220,20.576286,20.489220,20.471802,20.628487,20.558884,20.611084,20.506645,20.663254,20.611084,20.663254,20.767487,20.732758,20.750122,21.027458,21.027458,21.234810,21.269310,21.165756,21.596336,21.544792,21.510414,21.561981,21.733620,21.716469,21.458817,21.904861,21.802162,21.767891,21.699318,21.699318,21.870644,21.596336,21.647850,21.853539,21.699318,21.870644,21.665016,21.785027,21.716469,21.921967,21.802162,22.092789,22.007431,21.853539,21.802162,21.802162,21.939064,22.109856,21.904861,22.058662,22.041588,22.058662,22.075729,22.109856,22.195107,22.143959,22.058662,22.126915,22.007431,22.178062,21.990349,21.973259,22.161018,22.075729,21.956161,21.716469,21.613518,21.527603,21.733620,21.647850,21.785027,21.785027,21.853539,21.613518,21.750755,21.596336,21.699318,21.733620,21.682167,21.767891,21.510414,21.819290,21.544792,21.699318,21.819290,21.579163,21.682167,21.682167,21.733620,21.665016,21.767891,21.699318,21.887764,22.075729,21.990349,21.904861,22.007431,21.990349,21.939064,22.024513,22.024513,22.143959,22.024513,22.092789,22.041588,22.143959,21.956161,22.126915,21.921967,22.229179,22.007431,22.007431,22.041588,22.024513,22.024513,22.007431,21.921967,22.024513,21.956161,22.092789,22.263237,21.990349,21.870644,22.109856,22.212143,22.058662,22.007431,22.143959,22.109856,22.348305,22.058662,22.229179,22.229179,22.109856,22.178062,22.143959,22.058662,22.109856,21.870644,21.990349,21.819290,21.836411,21.887764,21.819290,21.904861,21.785027,21.853539,21.939064,21.699318,21.887764,21.682167,21.802162,21.819290,21.887764,21.750755,21.767891,21.561981,21.579163,21.561981,21.527603,21.716469,21.579163,21.303802,21.441612,21.389961,21.544792,21.372734,21.441612,21.338272,21.579163,21.355507,21.389961,21.493217,21.596336,21.544792,21.733620,21.682167,21.579163,21.596336,21.630684,21.630684,21.579163,21.699318,21.389961,21.579163,21.510414,21.389961,21.424393,21.476021,21.579163,21.252068,21.596336,21.355507,21.424393,21.372734,21.424393,21.183029,21.338272,21.252068,21.234810,21.131203,21.079346,21.079346,20.888908,20.871582,20.802200,20.802200,20.628487,20.784843,20.819542,20.698021,20.663254,20.767487,20.767487,20.802200,20.802200,20.663254,20.628487,20.628487,20.680634,20.750122,20.454369,20.454369,20.645866,20.506645,20.471802,20.436943,20.262413,20.297348,20.332268,20.174995,20.192490,20.157509,19.964821,19.947273,19.947273,19.859520,19.789246,19.630898,19.595665,19.348618,19.472237,19.472237,19.436943,19.366287,19.277893,19.224815,19.083084,19.136261,19.012123,19.083084,18.656418,18.763298,18.209602,18.317062,17.940361,17.922386,17.580009,17.254379,17.091087,16.745338,16.379883,16.123146,15.847229,15.403938,15.348373,15.348373,15.200020,15.088600,15.181458,15.051422,14.958420,14.865326,15.032837,15.032837,14.921196,14.921196,15.088600,14.883965,14.995636,15.014244,15.088600,14.995636,14.846703,15.070015,15.032837,14.958420,14.939812,15.088600,15.162895,14.958420,15.144333,15.088600,14.902580,14.958420,15.032837,14.865326,14.828064,14.902580,14.977043,15.070015,14.977043,14.883965,15.014244,15.070015,14.995636,14.995636,14.790794,14.977043,14.883965,14.790794,14.995636,14.660179,14.753487,14.995636,14.846703,14.846703,14.902580,14.809425,15.051422,14.865326,14.828064,14.734833,14.902580,14.902580,14.939812,14.902580,14.921196,14.772133,14.865326,14.772133,14.921196,14.753487,14.716171,14.977043,14.939812,14.790794,14.883965,14.921196,14.939812,14.753487,14.846703,14.865326,14.846703,14.939812,14.977043,14.902580,14.828064,14.865326,15.051422,14.753487,14.809425,14.734833,14.678848,14.753487,14.846703,14.828064,14.678848,14.809425,14.939812,14.753487,14.939812,14.883965,14.846703,14.865326,14.809425,14.921196,14.790794,14.846703,14.790794,14.772133,14.958420,14.772133,14.921196,14.902580,14.846703,14.753487,14.883965,14.921196,14.828064,14.939812,14.828064,14.939812,14.902580,14.902580,15.014244,14.883965,14.958420,14.995636,15.125755,15.070015,14.939812,15.070015,14.883965,14.828064,14.995636,14.902580,14.846703,15.014244,15.014244,14.939812,15.051422,14.921196,14.846703,14.902580,14.697517,14.716171,14.753487,14.734833,14.716171,14.660179,14.622826,14.734833,14.716171,14.641502,14.921196,14.921196,14.977043,14.828064,15.014244,15.088600,14.716171,14.995636,14.995636,15.051422,15.014244,15.107178,14.977043,14.939812,15.032837,15.051422,15.051422,14.846703,14.697517,14.865326,14.865326,14.585457,14.753487,14.734833,14.846703,14.697517,14.697517,14.678848,14.566772,14.921196,14.865326,14.734833,14.921196,14.697517,14.734833,14.865326,14.828064,14.660179,14.716171,14.678848,14.828064,14.809425,14.809425,14.809425,14.417122,14.473274,14.604141,14.641502,14.828064,14.809425,14.772133,14.753487,14.809425,14.939812,14.753487,14.772133,14.660179,14.678848,14.809425,14.604141,14.828064,14.772133,14.809425,14.772133,14.828064,14.734833,14.641502,14.809425,14.865326,14.716171,14.809425,14.865326,14.846703,14.566772,14.846703,14.772133,14.809425,14.828064,14.548080,14.697517,14.809425,14.660179,14.734833,14.622826,14.753487,14.828064,14.865326,14.809425,14.716171,14.772133,14.604141,14.660179,14.846703,14.902580,14.772133,15.014244,14.846703,14.716171,14.902580,14.828064,14.790794,14.883965,14.697517,14.772133,14.846703,14.697517,14.921196,14.697517,14.883965,14.809425,14.473274,14.772133,14.734833,14.921196,15.032837,14.883965,14.716171,14.883965,14.902580,14.828064,14.977043,14.734833,14.902580,14.995636,15.032837,15.107178,15.014244,15.032837,15.014244,14.772133,15.014244,14.939812,14.958420,14.921196,15.088600,15.051422,14.921196,15.144333,15.088600,15.070015,15.218575,
15.088600,15.200020,15.014244,14.939812,15.162895,15.125755,14.995636,15.311302,14.939812,15.200020,15.125755,14.939812,15.107178,15.051422,14.995636,15.181458,14.828064,14.958420,15.070015,14.939812,15.107178,15.255684,15.329842,15.274223,15.496475,15.810371,16.324928,16.526253,16.818245,17.344955,17.706314,18.048164,18.299164,18.727684,18.905579,19.348618,19.171692,19.613289,19.789246,19.841957,19.771667,20.034943,19.964821,19.982353,19.877083,20.087494,20.157509,20.157509,20.157509,20.384621,20.297348,20.297348,20.558884,20.541473,20.419502,20.663254,20.558884,20.576286,20.628487,20.576286,20.558884,20.593697,20.524055,20.489220,20.645866,20.436943,20.524055,20.332268,20.576286,20.402061,20.489220,20.262413,20.384621,20.262413,20.367180,20.140007,20.192490,20.367180,20.262413,20.157509,20.279877,20.314804,20.262413,20.314804,20.489220,20.384621,20.384621,20.558884,20.576286,20.541473,20.593697,20.454369,20.680634,20.784843,20.732758,20.715385,20.888908,20.871582,20.958221,21.183029,21.200287,21.303802,21.372734,21.372734,21.338272,21.699318,21.476021,21.596336,21.750755,21.767891,21.665016,21.870644,21.647850,21.921967,21.699318,21.716469,21.665016,21.904861,21.802162,21.750755,21.870644,21.904861,21.870644,22.024513,21.767891,21.887764,21.990349,22.058662,21.836411,21.785027,22.007431,22.041588,22.161018,21.939064,22.126915,22.075729,22.143959,22.229179,22.058662,22.229179,22.212143,22.331291,22.041588,22.109856,21.887764,22.263237,22.212143,21.990349,22.195107,21.887764,21.939064,22.041588,21.699318,21.853539,21.785027,21.853539,21.682167,21.767891,21.733620,21.887764,21.750755,21.682167,21.665016,21.802162,21.836411,21.665016,21.767891,21.750755,21.665016,21.939064,21.647850,21.887764,21.836411,21.887764,21.836411,21.836411,22.007431,22.143959,21.921967,22.212143,22.229179,22.058662,22.092789,21.973259,22.143959,22.058662,22.041588,22.297272,22.058662,22.109856,22.075729,21.956161,21.990349,22.143959,22.075729,22.041588,21.990349,22.161018,22.126915,22.092789,22.109856,22.212143,22.143959,22.195107,22.075729,22.178062,22.109856,22.229179,22.263237,22.229179,22.195107,22.297272,22.126915,22.161018,22.280251,22.178062,22.161018,22.195107,22.126915,22.075729,22.109856,22.126915,21.973259,22.075729,22.007431,21.819290,21.870644,21.887764,21.836411,21.921967,21.836411,21.647850,21.665016,21.904861,21.647850,21.647850,21.785027,21.750755,21.802162,21.665016,21.647850,21.544792,21.613518,21.389961,21.544792,21.407181,21.407181,21.407181,21.441612,21.441612,21.372734,21.407181,21.389961,21.493217,21.441612,21.579163,21.647850,21.682167,21.407181,21.441612,21.596336,21.785027,21.767891,21.802162,21.441612,21.561981,21.921967,21.716469,21.699318,21.682167,21.647850,21.596336,21.458817,21.596336,21.424393,21.699318,21.476021,21.476021,21.476021,21.527603,21.407181,21.424393,21.269310,21.252068,21.113914,21.217552,21.165756,20.906242,20.906242,21.044754,20.923576,20.819542,20.732758,20.871582,20.854233,20.836899,20.628487,20.888908,20.732758,20.732758,20.750122,20.802200,20.732758,20.854233,20.593697,20.471802,20.645866,20.645866,20.541473,20.558884,20.402061,20.297348,20.227455,20.279877,20.087494,20.209976,20.017418,20.192490,19.824394,19.859520,19.877083,19.666115,19.683716,19.525154,19.560417,19.383957,19.560417,19.436943,19.207108,19.330948,19.295586,19.295586,19.260208,19.047615,19.047615,18.976631,18.656418,18.388626,18.513702,18.030205,17.886406,17.634163,17.417351,17.109245,16.727104,16.288277,16.104774,15.847229,15.588913,15.422462,15.292770,15.237137,15.051422,15.237137,15.032837,15.181458,14.958420,15.125755,15.032837,15.125755,15.144333,14.846703,14.977043,14.828064,15.032837,14.958420,15.032837,14.921196,14.828064,15.032837,14.995636,14.865326,14.902580,15.107178,14.846703,14.939812,15.051422,14.958420,14.883965,14.865326,14.883965,15.088600,14.902580,15.014244,14.883965,14.865326,15.051422,14.995636,14.921196,14.846703,14.995636,15.051422,15.014244,15.014244,14.865326,14.809425,14.958420,14.846703,14.828064,14.939812,14.865326,14.921196,14.883965,14.809425,14.977043,14.865326,14.883965,14.902580,14.977043,14.790794,14.865326,15.032837,14.828064,15.014244,14.883965,14.846703,14.846703,14.995636,14.846703,14.846703,14.902580,14.828064,14.790794,14.846703,14.846703,14.809425,14.828064,14.883965,14.828064,14.772133,14.865326,14.828064,14.790794,14.716171,14.753487,14.977043,14.622826,14.902580,14.921196,14.716171,14.697517,14.846703,14.828064,14.846703,14.753487,14.790794,14.697517,14.697517,14.809425,14.772133,14.939812,14.921196,14.939812,14.939812,14.753487,14.921196,14.828064,14.921196,14.883965,14.939812,14.902580,14.846703,14.939812,15.051422,14.921196,14.977043,14.902580,14.846703,14.902580,14.828064,14.921196,14.995636,14.902580,14.977043,15.014244,14.734833,14.883965,14.883965,15.070015,14.902580,14.865326,14.921196,14.921196,14.809425,15.088600,14.828064,14.902580,15.070015,14.846703,14.977043,14.678848,14.697517,14.678848,14.772133,14.660179,14.753487,14.734833,14.491982,14.585457,14.865326,14.622826,14.641502,14.865326,14.865326,14.883965,14.902580,14.958420,15.032837,14.977043,15.032837,14.883965,15.125755,15.070015,14.678848,15.070015,14.790794,14.921196,14.734833,14.622826,14.622826,14.641502,14.828064,14.921196,14.753487,14.622826,14.772133,14.753487,14.772133,14.977043,14.753487,14.883965,14.678848,14.995636,14.846703,14.846703,14.641502,14.734833,14.678848,14.716171,14.790794,14.846703,14.865326,14.697517,14.716171,14.846703,14.697517,14.678848,14.828064,14.865326,14.790794,14.566772,14.641502,14.828064,14.660179,14.846703,14.809425,14.678848,14.883965,14.809425,14.753487,14.753487,14.734833,14.566772,14.809425,14.753487,14.678848,14.846703,14.716171,14.678848,14.734833,14.772133,14.697517,14.846703,14.921196,14.846703,14.753487,14.865326,14.828064,14.641502,14.753487,14.828064,14.697517,14.622826,14.660179,14.865326,14.697517,14.604141,14.790794,14.809425,14.828064,14.734833,14.734833,14.753487,14.809425,14.734833,14.790794,14.697517,14.846703,14.921196,14.828064,15.032837,14.753487,14.809425,14.660179,14.828064,14.772133,14.734833,14.809425,14.678848,14.921196,14.753487,14.846703,14.753487,14.660179,14.772133,14.902580,14.921196,14.883965,14.846703,14.790794,14.939812,14.697517,15.107178,15.070015,14.939812,15.162895,14.865326,15.014244,14.716171,14.902580,15.014244,14.790794,15.014244,15.107178,14.902580,15.125755,14.995636,15.144333,15.070015,15.237137,
15.107178,14.958420,14.809425,15.125755,14.921196,15.070015,15.014244,14.865326,14.995636,14.939812,14.734833,15.107178,15.125755,15.070015,15.014244,14.939812,15.107178,15.107178,14.977043,15.144333,15.162895,15.218575,15.255684,15.348373,15.570435,15.920883,15.976097,16.361572,16.745338,17.363060,17.706314,18.048164,18.531555,18.745483,19.029869,19.118538,19.348618,19.613289,19.789246,20.069977,19.824394,20.017418,19.859520,20.174995,20.244934,19.912178,20.157509,20.157509,20.122513,20.384621,20.227455,20.506645,20.402061,20.244934,20.558884,20.489220,20.489220,20.524055,20.645866,20.680634,20.558884,20.645866,20.558884,20.628487,20.541473,20.593697,20.419502,20.436943,20.384621,20.471802,20.645866,20.349724,20.454369,20.279877,20.244934,20.402061,20.332268,20.227455,20.384621,20.314804,20.506645,20.367180,20.332268,20.314804,20.367180,20.506645,20.558884,20.489220,20.593697,20.645866,20.593697,20.663254,20.471802,20.611084,20.524055,20.663254,20.698021,20.923576,20.576286,21.062057,21.079346,21.355507,21.200287,21.493217,21.561981,21.355507,21.613518,21.665016,21.716469,21.682167,21.699318,21.699318,21.630684,21.785027,21.836411,21.716469,21.630684,21.716469,21.767891,21.699318,21.904861,22.075729,21.887764,21.853539,21.956161,21.785027,22.092789,21.904861,21.802162,22.041588,22.024513,21.956161,22.092789,22.024513,22.041588,22.229179,22.246208,22.161018,22.178062,22.178062,22.075729,22.195107,22.109856,22.263237,22.143959,22.126915,22.143959,22.178062,22.161018,21.853539,21.647850,21.990349,21.767891,21.956161,21.767891,21.939064,21.647850,21.939064,21.819290,21.733620,21.767891,21.458817,21.647850,21.870644,21.836411,21.733620,21.836411,21.596336,21.767891,21.785027,21.596336,21.716469,21.956161,21.836411,21.870644,21.836411,21.939064,22.092789,21.853539,22.263237,22.109856,22.331291,22.212143,22.229179,22.178062,22.280251,22.246208,22.416298,22.246208,22.092789,22.212143,22.297272,22.365303,22.092789,22.178062,22.126915,22.058662,22.229179,22.126915,22.229179,22.126915,22.092789,22.195107,22.041588,22.126915,22.161018,22.058662,22.161018,22.263237,22.126915,22.178062,22.178062,22.092789,22.195107,22.229179,22.263237,22.229179,22.229179,22.126915,22.109856,22.143959,22.041588,22.075729,21.853539,21.973259,22.007431,21.853539,21.699318,21.561981,21.904861,21.682167,21.904861,21.613518,21.682167,21.819290,21.647850,21.665016,21.665016,21.699318,21.716469,21.665016,21.596336,21.544792,21.372734,21.458817,21.476021,21.819290,21.458817,21.424393,21.510414,21.372734,21.510414,21.510414,21.544792,21.389961,21.785027,21.579163,21.647850,21.630684,21.819290,21.699318,21.647850,21.887764,21.647850,21.819290,21.733620,21.939064,21.887764,21.819290,21.699318,21.665016,21.767891,21.647850,21.647850,21.613518,21.750755,21.682167,21.647850,21.596336,21.613518,21.372734,21.407181,21.321045,21.113914,21.217552,20.992851,21.148476,21.113914,20.975533,20.871582,20.836899,20.767487,20.888908,20.836899,20.784843,20.698021,20.819542,20.923576,20.732758,20.975533,20.680634,20.888908,20.767487,20.750122,20.593697,20.576286,20.489220,20.454369,20.349724,20.506645,20.227455,20.384621,20.262413,20.244934,20.227455,20.087494,20.105003,20.087494,19.841957,19.718910,19.841957,19.947273,19.542793,19.648506,19.401619,19.401619,19.419281,19.224815,19.313263,19.330948,19.295586,19.260208,19.136261,19.065346,19.065346,19.029869,18.834473,18.424385,18.299164,18.263351,17.886406,17.507759,17.181839,17.000237,16.562805,16.398201,15.957695,15.607391,15.588913,15.311302,15.125755,15.088600,15.107178,15.051422,15.070015,14.921196,15.088600,14.902580,15.051422,15.051422,15.070015,15.051422,14.921196,15.032837,14.939812,14.995636,15.144333,14.958420,14.958420,14.902580,15.125755,14.865326,15.014244,15.107178,15.032837,14.809425,14.921196,14.977043,14.883965,14.902580,14.995636,14.939812,14.790794,15.032837,15.014244,15.032837,14.846703,14.809425,14.828064,14.865326,15.051422,14.809425,15.125755,14.846703,14.809425,14.865326,14.958420,14.921196,14.902580,14.883965,14.921196,14.865326,14.697517,14.883965,14.883965,14.958420,14.734833,14.828064,14.809425,14.995636,14.902580,14.716171,14.921196,14.921196,14.958420,14.809425,14.865326,14.828064,15.014244,14.846703,14.995636,14.809425,14.883965,14.958420,14.902580,14.846703,14.734833,14.697517,14.753487,14.697517,14.846703,14.939812,14.883965,14.809425,14.958420,14.697517,14.846703,14.734833,14.828064,14.846703,14.828064,14.790794,14.772133,14.790794,14.846703,14.697517,14.697517,14.809425,14.734833,14.865326,14.828064,14.697517,14.977043,14.958420,14.828064,15.014244,14.809425,14.939812,14.772133,14.678848,14.883965,14.772133,14.660179,14.902580,14.958420,14.902580,14.790794,14.883965,14.865326,14.828064,14.977043,14.678848,14.809425,14.995636,14.958420,14.846703,14.865326,15.051422,14.883965,15.014244,14.995636,14.958420,15.032837,14.846703,14.921196,14.790794,14.772133,14.883965,14.772133,14.790794,14.939812,14.809425,14.902580,14.883965,14.772133,14.753487,14.716171,14.753487,14.678848,14.753487,14.865326,14.828064,14.734833,14.772133,14.902580,14.995636,14.921196,15.051422,15.070015,15.162895,14.939812,14.865326,14.958420,14.865326,15.032837,14.790794,14.697517,14.995636,14.772133,14.977043,14.660179,14.939812,14.697517,14.828064,14.585457,14.790794,14.734833,14.828064,14.809425,14.883965,14.697517,14.883965,14.510681,14.846703,14.753487,14.772133,14.753487,14.772133,14.865326,14.846703,14.697517,14.846703,14.883965,14.772133,14.846703,14.697517,14.809425,14.883965,14.790794,14.622826,14.753487,14.902580,14.772133,15.032837,14.939812,14.921196,14.865326,14.809425,14.772133,14.902580,14.660179,14.641502,14.902580,14.678848,14.716171,14.678848,14.883965,14.716171,14.846703,14.883965,14.809425,14.697517,14.883965,14.716171,14.641502,14.697517,14.828064,14.846703,14.585457,14.902580,14.977043,14.604141,14.678848,14.883965,14.716171,14.604141,14.716171,14.865326,14.921196,14.604141,14.939812,14.678848,14.883965,14.977043,14.772133,14.828064,14.734833,14.734833,15.051422,14.716171,14.846703,14.846703,14.846703,14.716171,14.865326,14.828064,14.641502,14.865326,14.995636,14.865326,14.846703,14.753487,14.678848,14.846703,14.883965,15.107178,14.641502,14.790794,15.181458,14.958420,14.846703,15.014244,15.051422,14.995636,14.790794,15.088600,14.660179,15.014244,14.753487,15.274223,14.995636,15.051422,14.716171,14.939812,14.883965,14.995636,14.809425,14.865326,15.144333,15.107178,
15.292770,15.107178,14.995636,15.107178,15.070015,15.088600,15.144333,15.070015,15.200020,14.902580,15.181458,14.958420,15.144333,15.088600,15.051422,14.958420,15.051422,15.051422,15.144333,14.846703,14.995636,15.311302,15.274223,15.533455,15.570435,15.847229,16.233269,16.507973,16.982056,17.435440,17.652206,18.012245,18.370735,18.656418,18.923340,19.277893,19.153984,19.313263,19.824394,19.841957,19.806816,19.982353,19.894638,20.017418,19.999893,20.034943,20.384621,20.384621,20.419502,20.402061,20.105003,20.541473,20.332268,20.314804,20.663254,20.436943,20.628487,20.663254,20.524055,20.558884,20.454369,20.628487,20.715385,20.715385,20.628487,20.750122,20.541473,20.524055,20.489220,20.611084,20.506645,20.436943,20.454369,20.262413,20.279877,20.489220,20.209976,20.402061,20.454369,20.454369,20.209976,20.402061,20.454369,20.384621,20.506645,20.402061,20.419502,20.506645,20.436943,20.506645,20.402061,20.524055,20.663254,20.593697,20.767487,20.680634,20.767487,20.767487,20.888908,21.131203,21.113914,21.096642,21.234810,21.303802,21.441612,21.355507,21.493217,21.527603,21.716469,21.527603,21.613518,21.665016,21.544792,21.785027,21.682167,21.665016,21.630684,21.733620,21.716469,21.682167,21.802162,21.716469,21.733620,21.904861,21.613518,21.939064,21.939064,21.750755,22.058662,21.836411,21.750755,21.990349,21.921967,21.870644,21.921967,22.007431,21.921967,22.212143,22.109856,22.143959,22.126915,22.143959,22.195107,22.161018,22.092789,22.092789,21.836411,22.007431,21.956161,21.853539,21.785027,21.819290,21.665016,21.785027,21.630684,21.733620,21.699318,21.802162,21.716469,21.853539,21.544792,21.819290,21.767891,21.853539,21.767891,21.939064,21.785027,21.682167,21.733620,21.630684,21.921967,21.836411,22.007431,21.921967,21.887764,22.109856,22.092789,22.126915,21.921967,22.075729,22.280251,22.109856,22.195107,22.331291,22.467247,22.382309,22.280251,22.331291,22.314293,22.297272,22.280251,22.297272,22.246208,22.280251,22.246208,22.467247,22.109856,22.246208,22.297272,22.212143,22.246208,22.143959,22.297272,22.195107,22.314293,22.246208,22.246208,22.365303,22.263237,22.365303,22.348305,22.382309,22.433289,22.450264,22.348305,22.416298,22.263237,22.229179,22.178062,22.399300,22.263237,22.195107,22.075729,21.973259,21.921967,22.075729,22.041588,21.647850,21.819290,21.785027,21.750755,21.819290,21.819290,21.699318,21.785027,21.836411,21.579163,21.630684,21.733620,21.733620,21.665016,21.613518,21.510414,21.544792,21.389961,21.527603,21.579163,21.458817,21.493217,21.493217,21.441612,21.561981,21.561981,21.665016,21.544792,21.699318,21.767891,21.767891,21.682167,21.836411,21.921967,21.802162,21.887764,21.973259,21.870644,21.630684,21.836411,21.853539,21.716469,21.819290,21.921967,21.716469,21.561981,21.665016,21.716469,21.853539,21.596336,21.596336,21.647850,21.630684,21.476021,21.424393,21.269310,21.321045,21.217552,21.493217,21.183029,21.183029,21.027458,21.010155,20.819542,20.958221,20.888908,20.819542,20.836899,21.010155,20.871582,20.888908,20.854233,20.923576,20.802200,20.888908,20.802200,20.715385,20.715385,20.402061,20.576286,20.593697,20.454369,20.558884,20.471802,20.349724,20.262413,20.087494,20.209976,20.174995,20.192490,20.105003,19.999893,19.982353,19.789246,19.771667,19.806816,19.560417,19.736496,19.348618,19.507530,19.507530,19.242508,19.153984,19.207108,19.366287,19.242508,19.083084,19.047615,18.923340,18.870033,18.442253,18.317062,18.048164,17.832420,17.688278,17.308739,17.236252,16.690620,16.471397,15.976097,15.755058,15.514977,15.181458,15.329842,15.292770,15.088600,15.088600,15.218575,15.032837,14.902580,15.329842,15.125755,15.107178,15.107178,15.051422,14.902580,15.051422,15.144333,15.051422,15.107178,14.977043,15.014244,14.939812,15.014244,14.790794,15.088600,14.902580,15.051422,15.051422,14.939812,15.051422,15.051422,14.902580,15.107178,14.995636,14.939812,14.939812,14.939812,15.032837,14.977043,15.070015,15.218575,14.921196,15.014244,14.809425,14.902580,15.070015,14.865326,14.790794,15.051422,14.958420,14.995636,14.939812,14.995636,14.828064,14.790794,14.828064,14.790794,14.977043,15.014244,14.641502,14.716171,14.958420,14.939812,14.921196,14.921196,14.958420,14.883965,15.051422,14.828064,14.828064,15.051422,14.846703,14.865326,14.753487,14.828064,14.846703,14.697517,14.865326,14.902580,14.846703,14.809425,14.902580,14.977043,14.772133,14.865326,14.865326,14.734833,14.939812,14.809425,14.790794,14.865326,14.846703,14.734833,14.809425,14.697517,14.883965,14.809425,14.883965,14.865326,14.772133,14.865326,14.828064,14.828064,14.790794,14.809425,14.660179,14.883965,14.828064,14.790794,14.846703,14.828064,14.772133,14.939812,14.790794,15.088600,14.846703,14.753487,14.697517,14.809425,14.790794,14.921196,14.734833,14.958420,14.939812,14.734833,14.939812,14.846703,15.088600,14.865326,14.772133,14.958420,14.958420,14.995636,14.772133,15.088600,14.828064,14.939812,14.716171,14.902580,14.958420,14.865326,14.846703,14.828064,14.865326,14.921196,14.865326,14.772133,14.809425,14.734833,14.716171,14.753487,14.809425,14.995636,14.865326,14.939812,14.995636,14.902580,15.051422,14.939812,15.051422,15.181458,14.977043,14.939812,15.014244,15.032837,15.125755,14.995636,14.977043,14.716171,14.846703,15.070015,14.902580,14.902580,14.753487,14.622826,14.734833,14.641502,14.865326,14.697517,14.753487,14.921196,14.977043,14.753487,14.734833,14.604141,14.883965,14.939812,14.790794,14.883965,14.678848,14.828064,14.883965,14.772133,14.772133,14.753487,14.902580,14.734833,14.977043,14.548080,14.753487,14.641502,14.846703,14.697517,14.865326,14.734833,14.883965,14.753487,14.865326,14.790794,14.641502,14.734833,14.753487,14.809425,14.641502,14.566772,14.716171,14.678848,14.828064,14.716171,14.697517,14.828064,14.790794,14.939812,14.883965,14.734833,14.790794,14.790794,14.716171,14.753487,14.809425,14.902580,14.790794,14.753487,14.828064,14.753487,14.790794,14.902580,14.716171,14.734833,14.622826,14.809425,14.678848,14.846703,14.566772,14.828064,14.622826,14.995636,14.902580,14.790794,14.846703,14.678848,14.734833,14.883965,14.641502,14.939812,14.622826,14.716171,14.828064,14.902580,14.977043,14.809425,14.865326,14.772133,14.958420,14.697517,14.939812,14.939812,14.939812,15.051422,15.014244,14.846703,14.883965,14.846703,15.014244,14.939812,14.977043,14.846703,15.014244,14.828064,14.902580,14.958420,15.014244,14.883965,14.921196,14.977043,15.070015,14.921196,14.902580,15.107178,15.051422,15.051422,15.292770,
15.218575,14.846703,14.977043,14.939812,15.200020,15.107178,14.921196,15.107178,14.865326,14.790794,14.958420,15.051422,15.107178,14.958420,15.032837,14.828064,15.051422,14.995636,15.200020,15.181458,15.088600,15.144333,15.533455,15.348373,15.625862,15.736610,15.994492,16.379883,16.945679,17.308739,17.580009,18.012245,18.227524,18.567253,19.153984,19.189407,19.366287,19.718910,19.701309,20.017418,19.841957,19.999893,19.912178,20.122513,20.069977,20.262413,20.209976,20.314804,20.192490,20.244934,20.279877,20.402061,20.367180,20.489220,20.314804,20.262413,20.611084,20.854233,20.471802,20.611084,20.854233,20.576286,20.489220,20.715385,20.524055,20.611084,20.628487,20.663254,20.541473,20.419502,20.558884,20.454369,20.471802,20.367180,20.262413,20.297348,20.227455,20.384621,20.384621,20.402061,20.384621,20.402061,20.541473,20.593697,20.506645,20.489220,20.454369,20.611084,20.524055,20.628487,20.489220,20.471802,20.732758,20.698021,20.645866,20.541473,20.698021,21.044754,20.836899,21.269310,21.113914,21.079346,21.183029,21.252068,21.441612,21.527603,21.544792,21.836411,21.527603,21.699318,21.682167,21.613518,21.819290,21.904861,21.596336,21.699318,21.476021,21.870644,21.785027,21.853539,21.716469,21.939064,21.802162,21.939064,21.921967,21.785027,21.853539,21.630684,21.767891,21.921967,22.007431,21.904861,22.007431,21.904861,21.785027,22.109856,21.921967,22.041588,22.058662,22.195107,21.990349,22.212143,22.143959,21.939064,22.178062,22.297272,22.109856,21.836411,21.956161,21.853539,21.853539,21.630684,21.647850,21.802162,21.785027,21.665016,21.561981,21.699318,21.750755,21.699318,21.613518,21.544792,21.836411,21.647850,21.699318,21.682167,21.596336,21.819290,21.785027,21.665016,21.647850,21.853539,21.682167,21.802162,21.904861,22.178062,22.109856,22.092789,22.109856,22.007431,22.365303,22.280251,22.331291,22.331291,22.229179,22.382309,22.382309,22.382309,22.416298,22.263237,22.263237,22.161018,22.314293,22.348305,22.365303,22.161018,22.382309,22.348305,22.161018,22.263237,22.161018,22.416298,22.178062,22.297272,22.365303,22.280251,22.348305,22.092789,22.161018,22.348305,22.416298,22.416298,22.501198,22.433289,22.484222,22.297272,22.331291,22.348305,22.399300,22.331291,22.161018,22.331291,22.058662,22.178062,22.195107,21.939064,22.041588,21.973259,21.665016,21.802162,21.733620,21.785027,21.665016,21.819290,21.665016,21.870644,21.647850,21.682167,21.733620,21.561981,21.767891,21.596336,21.527603,21.476021,21.579163,21.561981,21.441612,21.441612,21.544792,21.682167,21.355507,21.441612,21.544792,21.767891,21.476021,21.665016,21.699318,21.785027,22.024513,21.990349,22.058662,21.904861,21.956161,21.904861,21.973259,21.904861,21.939064,22.007431,21.887764,21.904861,22.007431,21.802162,21.802162,21.802162,21.682167,21.750755,21.613518,21.561981,21.561981,21.630684,21.596336,21.476021,21.355507,21.493217,21.510414,21.286568,21.200287,21.062057,21.183029,21.217552,21.131203,20.871582,20.871582,20.871582,21.113914,20.958221,20.854233,21.062057,20.958221,20.888908,20.732758,20.784843,20.871582,20.819542,20.715385,20.541473,20.611084,20.524055,20.506645,20.628487,20.279877,20.244934,20.244934,20.332268,20.052460,20.087494,20.087494,19.894638,19.824394,19.859520,19.683716,19.771667,19.613289,19.630898,19.560417,19.419281,19.330948,19.383957,19.313263,19.383957,19.383957,19.065346,19.313263,18.958870,19.118538,19.012123,18.709869,18.460121,18.317062,18.191681,17.886406,17.598068,17.181839,17.127403,16.690620,16.306610,15.994492,15.736610,15.533455,15.255684,15.274223,15.237137,15.144333,15.218575,14.977043,15.144333,15.014244,15.032837,15.051422,15.088600,15.051422,14.939812,15.032837,15.200020,14.902580,15.144333,15.070015,14.921196,14.921196,15.107178,15.200020,14.865326,14.902580,15.032837,14.939812,15.107178,14.977043,14.865326,14.939812,14.865326,14.977043,14.865326,15.051422,14.995636,15.032837,14.883965,14.883965,15.107178,14.921196,15.014244,14.902580,14.939812,14.828064,14.977043,14.995636,14.939812,14.734833,15.125755,15.070015,15.070015,14.828064,15.051422,14.939812,14.865326,14.939812,14.865326,14.753487,14.902580,14.846703,14.809425,14.883965,14.958420,14.828064,15.070015,14.865326,14.865326,14.734833,14.977043,14.939812,14.809425,14.753487,14.828064,14.958420,14.790794,14.883965,14.716171,15.014244,14.846703,14.902580,14.716171,14.865326,14.921196,14.753487,14.883965,14.846703,14.958420,14.958420,14.883965,14.846703,14.734833,14.846703,14.846703,14.809425,14.828064,14.772133,14.846703,14.678848,14.883965,14.809425,14.865326,14.865326,14.604141,14.809425,14.977043,14.846703,14.977043,14.921196,14.697517,14.828064,14.977043,14.697517,14.846703,14.902580,14.809425,14.921196,14.734833,14.939812,14.902580,14.902580,14.809425,14.865326,14.660179,15.088600,14.939812,14.828064,14.846703,14.846703,15.107178,14.939812,14.734833,14.883965,15.014244,14.828064,14.939812,14.828064,14.809425,14.865326,14.678848,15.032837,14.734833,14.734833,14.772133,14.716171,14.828064,14.566772,14.622826,14.828064,14.772133,14.716171,14.678848,14.604141,14.846703,14.902580,14.678848,14.809425,15.014244,14.939812,15.051422,14.883965,14.939812,14.921196,14.977043,15.107178,14.958420,14.939812,14.939812,14.846703,14.865326,14.734833,14.641502,14.697517,14.846703,14.678848,14.622826,14.734833,14.641502,14.716171,14.772133,14.865326,14.641502,14.753487,14.828064,14.828064,14.734833,14.809425,14.734833,14.660179,14.883965,14.678848,14.585457,14.828064,14.753487,14.641502,14.734833,14.809425,14.772133,14.753487,14.716171,14.753487,14.716171,14.809425,14.828064,14.716171,14.622826,14.772133,14.641502,14.846703,14.865326,14.809425,14.772133,14.660179,14.641502,14.716171,14.809425,14.809425,14.678848,14.883965,14.753487,14.716171,14.734833,14.809425,14.865326,14.809425,14.753487,14.678848,14.716171,14.828064,14.790794,14.660179,14.716171,14.846703,14.772133,14.828064,14.753487,14.753487,14.622826,14.734833,14.846703,14.566772,14.753487,14.716171,14.790794,14.697517,14.883965,14.846703,14.772133,14.846703,14.846703,14.716171,14.622826,14.716171,14.716171,14.622826,14.734833,14.697517,14.883965,14.697517,14.660179,14.790794,14.883965,14.809425,14.660179,14.846703,14.772133,14.902580,14.902580,14.809425,15.014244,14.977043,14.958420,14.902580,14.734833,14.921196,15.070015,15.051422,14.939812,14.977043,15.255684,14.939812,14.902580,14.809425,14.716171,14.921196,14.883965,14.828064,14.995636,14.939812,14.883965,15.162895,15.459480,
15.422462,15.051422,15.200020,14.902580,15.292770,15.162895,14.977043,15.014244,15.070015,15.032837,14.902580,14.958420,15.088600,14.995636,15.051422,14.995636,15.125755,15.088600,15.070015,14.921196,15.237137,15.088600,15.459480,15.329842,15.607391,16.012886,16.104774,16.507973,16.836464,17.326851,17.435440,17.922386,18.352852,18.781090,18.745483,19.047615,19.718910,19.736496,19.841957,20.069977,20.017418,19.999893,19.947273,20.052460,20.157509,20.140007,20.279877,20.279877,20.262413,20.244934,20.297348,20.034943,20.628487,20.506645,20.471802,20.489220,20.332268,20.663254,20.558884,20.784843,20.732758,20.593697,20.698021,20.715385,20.593697,20.524055,20.680634,20.524055,20.732758,20.541473,20.732758,20.576286,20.541473,20.454369,20.454369,20.489220,20.454369,20.767487,20.419502,20.524055,20.471802,20.402061,20.402061,20.558884,20.471802,20.436943,20.611084,20.524055,20.541473,20.628487,20.524055,20.663254,20.698021,20.802200,20.471802,20.645866,20.663254,20.836899,20.888908,21.200287,21.079346,21.338272,21.476021,21.303802,21.510414,21.527603,21.510414,21.682167,21.389961,21.441612,21.458817,21.630684,21.596336,21.750755,21.476021,21.561981,21.561981,21.682167,21.767891,21.750755,21.785027,21.630684,21.921967,21.785027,21.630684,21.887764,22.007431,21.904861,21.767891,21.853539,21.870644,21.887764,21.939064,21.870644,21.921967,22.007431,22.195107,21.956161,21.956161,22.024513,22.109856,22.007431,22.007431,22.126915,21.973259,21.990349,21.870644,21.836411,21.836411,22.024513,21.802162,21.836411,21.613518,21.767891,21.630684,21.836411,21.785027,21.733620,21.750755,21.647850,21.733620,21.767891,21.630684,21.699318,21.630684,21.767891,21.750755,21.699318,21.733620,21.785027,21.596336,21.596336,21.665016,21.887764,21.921967,21.853539,22.075729,22.058662,21.973259,21.973259,22.280251,22.314293,22.092789,22.280251,22.195107,22.229179,22.263237,22.280251,22.092789,22.024513,22.178062,22.280251,22.229179,22.263237,22.195107,22.263237,22.399300,22.246208,22.331291,22.297272,22.263237,22.195107,22.365303,22.263237,22.229179,22.297272,22.314293,22.399300,22.280251,22.467247,22.161018,22.501198,22.399300,22.602951,22.535133,22.382309,22.433289,22.501198,22.212143,22.365303,22.348305,22.382309,21.990349,22.212143,21.939064,21.956161,21.853539,21.716469,21.819290,21.785027,21.544792,21.665016,21.716469,21.819290,21.750755,21.630684,21.579163,21.647850,21.665016,21.733620,21.750755,21.699318,21.699318,21.561981,21.441612,21.750755,21.630684,21.630684,21.596336,21.665016,21.579163,21.561981,21.767891,21.699318,21.921967,21.836411,21.819290,21.921967,21.836411,22.126915,21.802162,22.024513,21.990349,22.024513,22.007431,21.887764,22.041588,21.870644,21.904861,21.956161,21.870644,22.041588,21.836411,21.767891,21.733620,21.785027,21.647850,21.665016,21.699318,21.647850,21.596336,21.458817,21.355507,21.372734,21.424393,21.424393,21.303802,21.355507,21.303802,21.183029,21.096642,20.888908,21.044754,21.010155,21.010155,20.819542,20.923576,20.888908,20.871582,20.871582,20.767487,20.923576,20.784843,20.854233,20.698021,20.732758,20.524055,20.436943,20.332268,20.471802,20.227455,20.227455,20.105003,20.034943,20.227455,20.069977,20.140007,19.947273,19.947273,19.824394,19.824394,19.859520,19.489883,19.472237,19.472237,19.383957,19.277893,19.489883,19.118538,19.207108,19.383957,19.330948,19.224815,19.029869,19.171692,18.941109,18.709869,18.585091,18.352852,18.173759,17.922386,17.507759,17.254379,17.018410,16.635872,16.288277,15.939293,15.791931,15.681252,15.385422,15.348373,15.144333,15.162895,14.977043,14.883965,14.939812,14.939812,14.958420,15.144333,14.921196,14.883965,14.865326,15.032837,14.865326,14.734833,14.995636,14.958420,14.958420,14.977043,14.716171,14.846703,15.014244,15.032837,14.977043,15.014244,15.144333,14.883965,14.958420,15.088600,14.939812,14.977043,14.939812,14.772133,15.237137,15.014244,14.883965,14.902580,14.977043,15.014244,15.051422,14.958420,15.051422,15.107178,14.921196,14.809425,14.846703,14.828064,14.902580,14.883965,14.809425,14.977043,14.604141,14.883965,15.014244,14.846703,14.883965,14.828064,14.939812,14.958420,14.939812,14.958420,14.921196,14.790794,14.809425,14.828064,14.809425,15.014244,14.772133,14.939812,14.958420,14.828064,14.828064,14.734833,14.828064,14.753487,14.846703,14.809425,14.790794,14.772133,14.995636,14.772133,14.883965,14.772133,14.772133,14.790794,14.753487,14.846703,14.865326,14.772133,14.716171,14.865326,14.809425,14.790794,14.828064,14.734833,14.902580,14.790794,14.995636,14.753487,14.846703,14.846703,14.734833,14.939812,14.828064,14.846703,14.790794,14.902580,14.828064,14.921196,14.809425,14.809425,14.846703,14.753487,14.921196,14.939812,14.883965,14.846703,14.790794,14.846703,14.772133,14.678848,14.921196,15.162895,14.977043,14.921196,14.939812,14.846703,14.995636,14.790794,14.883965,14.958420,15.070015,14.772133,14.865326,14.939812,14.809425,14.772133,14.921196,14.846703,14.790794,14.883965,14.734833,14.902580,14.790794,14.604141,14.697517,14.753487,14.790794,14.790794,14.734833,14.753487,14.753487,14.977043,14.809425,14.883965,15.088600,15.014244,15.088600,15.125755,15.200020,14.921196,14.977043,15.162895,15.051422,15.014244,15.014244,14.883965,14.734833,14.678848,14.772133,14.716171,14.772133,14.809425,14.585457,14.678848,14.883965,14.678848,14.548080,14.828064,14.790794,14.883965,14.809425,14.865326,15.107178,14.790794,15.162895,14.790794,14.883965,14.958420,14.772133,14.716171,14.753487,14.772133,14.660179,14.660179,14.772133,14.865326,14.660179,14.846703,14.697517,14.753487,14.641502,14.697517,14.716171,14.604141,14.678848,14.697517,14.772133,14.734833,14.491982,14.604141,14.753487,14.716171,14.660179,14.753487,14.622826,14.753487,14.622826,14.454552,14.883965,14.939812,14.641502,14.753487,14.865326,14.865326,14.772133,14.697517,14.772133,14.828064,14.678848,14.846703,14.716171,14.660179,14.865326,14.716171,15.032837,14.678848,14.828064,14.865326,14.958420,14.828064,14.846703,14.883965,14.790794,14.846703,14.883965,14.995636,14.828064,14.883965,14.753487,14.622826,14.734833,14.772133,14.883965,14.846703,14.846703,14.846703,14.790794,14.977043,14.772133,14.958420,14.716171,14.548080,14.865326,15.051422,15.032837,15.014244,14.902580,14.921196,15.070015,14.995636,14.809425,15.274223,14.921196,14.939812,15.107178,14.846703,14.939812,14.883965,14.939812,14.828064,14.977043,14.902580,15.107178,14.809425,15.348373,14.828064,15.200020,14.939812,15.311302,
15.329842,15.181458,15.032837,14.939812,15.237137,15.070015,15.051422,14.921196,14.958420,15.125755,15.014244,15.292770,15.051422,15.181458,14.977043,15.125755,15.032837,15.218575,14.828064,15.440964,15.125755,15.292770,15.162895,15.625862,15.533455,15.736610,16.012886,16.635872,16.800026,17.199982,17.489685,17.994278,18.209602,18.781090,18.763298,19.224815,19.472237,19.613289,19.701309,19.912178,20.157509,20.017418,20.069977,19.877083,20.069977,20.122513,20.314804,20.140007,20.367180,20.227455,20.262413,20.367180,20.297348,20.297348,20.454369,20.384621,20.628487,20.593697,20.524055,20.558884,20.558884,20.611084,20.663254,20.541473,20.611084,20.524055,20.628487,20.593697,20.367180,20.419502,20.558884,20.419502,20.663254,20.558884,20.611084,20.436943,20.698021,20.576286,20.576286,20.611084,20.611084,20.645866,20.645866,20.593697,20.489220,20.663254,20.715385,20.663254,20.645866,20.663254,20.784843,20.802200,20.506645,20.593697,20.541473,20.663254,20.906242,20.802200,21.027458,20.958221,21.044754,21.269310,21.183029,21.407181,21.476021,21.424393,21.355507,21.544792,21.321045,21.424393,21.424393,21.441612,21.510414,21.424393,21.372734,21.303802,21.338272,21.682167,21.733620,21.665016,21.819290,21.733620,21.665016,21.716469,21.785027,21.613518,21.921967,21.973259,21.767891,21.956161,22.007431,21.767891,21.733620,21.733620,21.904861,22.024513,21.836411,21.921967,21.921967,21.887764,21.956161,21.921967,22.007431,22.075729,21.939064,21.973259,21.836411,21.887764,21.733620,21.733620,21.665016,21.665016,21.682167,21.544792,21.561981,21.561981,21.716469,21.802162,21.630684,21.613518,21.544792,21.682167,21.716469,21.870644,21.716469,21.819290,21.647850,21.767891,21.682167,21.819290,21.716469,21.613518,21.613518,21.733620,21.785027,21.853539,22.092789,22.007431,22.178062,22.161018,22.024513,22.075729,22.109856,22.263237,22.126915,22.109856,22.246208,22.280251,22.058662,22.280251,22.007431,22.109856,22.263237,22.195107,22.161018,22.092789,22.229179,22.143959,22.058662,22.178062,22.109856,22.246208,22.297272,22.399300,22.229179,22.331291,22.246208,22.331291,22.229179,22.229179,22.348305,22.399300,22.416298,22.382309,22.450264,22.552086,22.297272,22.399300,22.382309,22.297272,22.263237,22.229179,22.092789,22.075729,21.973259,21.956161,21.990349,21.682167,21.699318,21.527603,21.476021,21.596336,21.510414,21.699318,21.510414,21.733620,21.613518,21.716469,21.476021,21.613518,21.699318,21.682167,21.441612,21.527603,21.579163,21.613518,21.613518,21.682167,21.665016,21.767891,21.561981,21.579163,21.767891,21.716469,21.956161,21.750755,21.785027,21.887764,21.921967,22.024513,22.007431,22.041588,22.246208,22.229179,22.109856,22.109856,22.041588,22.246208,21.990349,22.007431,22.041588,22.058662,21.904861,21.904861,21.767891,21.682167,21.699318,21.682167,21.596336,21.665016,21.630684,21.579163,21.510414,21.493217,21.321045,21.441612,21.027458,21.217552,21.269310,21.183029,21.096642,21.338272,21.148476,21.200287,20.992851,21.027458,20.819542,21.096642,20.871582,20.975533,20.698021,20.940895,20.576286,20.784843,20.680634,20.576286,20.506645,20.436943,20.367180,20.314804,20.314804,20.157509,20.017418,20.192490,20.052460,20.052460,20.069977,19.982353,19.771667,19.560417,19.947273,19.683716,19.507530,19.472237,19.507530,19.542793,19.313263,19.295586,19.189407,19.348618,19.136261,19.224815,19.065346,19.171692,19.029869,18.816673,18.692055,18.513702,18.370735,18.245445,17.778404,17.525826,17.453522,17.054764,16.781799,16.343254,16.104774,15.681252,15.551949,15.274223,15.311302,15.218575,14.883965,15.107178,14.902580,15.014244,14.902580,15.200020,15.032837,14.902580,15.014244,15.144333,14.977043,15.051422,14.958420,15.125755,15.032837,15.070015,15.032837,15.014244,15.032837,14.995636,14.995636,14.846703,14.828064,15.125755,14.883965,15.032837,15.032837,14.846703,14.958420,15.032837,15.107178,14.995636,15.014244,14.995636,15.014244,14.939812,14.939812,14.939812,14.939812,14.958420,14.939812,14.846703,14.809425,14.939812,14.921196,14.995636,14.828064,14.939812,14.846703,14.753487,14.790794,14.865326,14.921196,14.977043,14.902580,14.902580,14.902580,14.921196,14.883965,14.846703,15.014244,14.734833,14.902580,14.865326,14.902580,14.883965,14.902580,14.939812,14.828064,14.865326,14.790794,14.977043,14.809425,14.809425,14.828064,14.958420,14.865326,14.846703,14.921196,14.902580,14.809425,14.921196,14.809425,14.883965,14.809425,14.921196,14.697517,15.070015,14.809425,14.958420,14.772133,14.790794,14.809425,14.753487,14.716171,14.809425,14.716171,14.846703,14.697517,14.734833,14.865326,14.734833,14.753487,15.014244,14.604141,14.828064,14.772133,14.865326,14.883965,14.772133,14.846703,14.958420,14.939812,14.883965,14.753487,14.753487,14.716171,14.958420,14.753487,14.995636,14.939812,15.014244,14.753487,14.939812,14.846703,14.958420,14.828064,14.865326,14.977043,14.939812,14.921196,14.883965,14.772133,14.697517,14.883965,14.846703,14.828064,14.828064,14.790794,14.604141,14.772133,14.828064,14.809425,14.977043,14.734833,14.846703,14.641502,14.734833,14.790794,14.846703,14.809425,15.107178,14.678848,14.995636,15.014244,15.107178,15.162895,15.014244,14.921196,15.070015,14.977043,14.678848,14.865326,14.995636,14.809425,14.958420,14.772133,14.790794,14.734833,14.716171,14.753487,14.809425,14.622826,14.790794,14.734833,14.809425,14.604141,14.678848,14.753487,14.809425,14.622826,15.107178,14.753487,14.809425,14.790794,14.902580,14.697517,14.809425,14.604141,14.734833,14.753487,14.566772,14.790794,14.734833,14.529381,14.828064,14.828064,14.883965,14.716171,14.697517,14.641502,14.697517,14.828064,14.491982,14.604141,14.678848,14.734833,14.697517,14.977043,14.753487,14.660179,14.660179,14.678848,14.678848,14.734833,14.846703,14.510681,14.716171,14.604141,15.014244,14.902580,14.529381,14.622826,14.809425,14.734833,14.753487,14.865326,14.883965,14.678848,14.772133,14.716171,14.753487,14.902580,14.716171,14.790794,14.846703,14.753487,14.828064,14.846703,14.846703,14.641502,15.088600,14.604141,14.902580,14.734833,14.678848,14.790794,14.902580,14.828064,14.790794,14.809425,14.846703,14.846703,14.809425,14.753487,14.809425,14.828064,14.790794,14.790794,15.107178,14.883965,14.995636,14.828064,15.125755,14.865326,14.753487,14.865326,14.995636,14.921196,15.051422,15.032837,14.865326,14.809425,14.865326,15.032837,14.958420,14.772133,14.958420,15.032837,14.958420,14.939812,14.939812,15.200020,14.790794,14.995636,15.070015,15.107178,15.162895,
15.107178,15.144333,15.088600,14.995636,15.032837,15.051422,15.014244,14.977043,15.107178,15.107178,14.939812,15.032837,14.902580,15.329842,14.883965,15.200020,15.032837,14.995636,14.809425,14.995636,15.125755,14.977043,14.995636,15.477974,15.551949,15.644325,15.810371,16.361572,16.690620,17.127403,17.471611,18.048164,18.281258,18.460121,18.887802,19.313263,19.242508,19.683716,19.877083,20.017418,19.789246,19.964821,19.789246,20.087494,20.034943,20.262413,20.279877,20.192490,20.209976,20.349724,20.471802,20.419502,20.209976,20.489220,20.367180,20.541473,20.524055,20.663254,20.628487,20.593697,20.645866,20.576286,20.541473,20.454369,20.558884,20.715385,20.506645,20.663254,20.611084,20.471802,20.471802,20.593697,20.367180,20.558884,20.680634,20.524055,20.628487,20.541473,20.419502,20.611084,20.506645,20.611084,20.489220,20.750122,20.750122,20.732758,20.680634,20.663254,20.593697,20.750122,20.593697,20.489220,20.732758,20.750122,20.663254,20.698021,20.750122,20.888908,20.819542,21.044754,21.096642,21.200287,21.079346,21.355507,21.441612,21.493217,21.596336,21.321045,21.389961,21.407181,21.665016,21.579163,21.424393,21.441612,21.458817,21.476021,21.476021,21.441612,21.476021,21.750755,21.733620,21.561981,21.819290,21.921967,21.596336,21.630684,21.785027,21.853539,21.887764,21.956161,21.956161,21.836411,21.853539,21.733620,21.802162,21.767891,21.990349,21.939064,21.887764,21.973259,21.904861,21.870644,21.904861,21.904861,21.819290,22.007431,21.887764,21.870644,22.041588,21.733620,21.750755,21.682167,21.733620,21.579163,21.785027,21.647850,21.716469,21.767891,21.682167,21.647850,21.733620,21.561981,21.699318,21.785027,21.510414,21.870644,21.561981,21.682167,21.579163,22.007431,21.613518,21.716469,21.819290,21.733620,21.836411,21.904861,21.887764,21.956161,22.195107,21.973259,22.041588,22.195107,22.041588,22.263237,22.161018,22.297272,22.092789,22.416298,22.075729,22.246208,22.143959,22.331291,22.195107,22.263237,22.195107,22.246208,22.212143,22.416298,22.126915,22.246208,22.280251,22.161018,22.348305,22.246208,22.178062,22.143959,22.212143,22.416298,22.092789,22.246208,22.297272,22.297272,22.348305,22.331291,22.399300,22.433289,22.365303,22.484222,22.246208,22.178062,22.314293,22.195107,21.973259,22.041588,21.853539,21.733620,21.956161,21.785027,21.596336,21.510414,21.527603,21.767891,21.441612,21.785027,21.579163,21.561981,21.510414,21.613518,21.613518,21.870644,21.716469,21.630684,21.527603,21.733620,21.613518,21.647850,21.561981,21.699318,21.596336,21.441612,21.596336,21.665016,21.665016,21.750755,21.613518,21.939064,21.836411,21.956161,21.870644,21.990349,22.161018,21.870644,22.178062,22.246208,22.058662,22.143959,22.007431,22.161018,22.109856,22.092789,21.973259,22.024513,22.143959,22.024513,21.939064,21.921967,21.785027,21.750755,21.699318,21.802162,21.579163,21.630684,21.441612,21.389961,21.372734,21.355507,21.355507,21.148476,21.303802,21.252068,21.217552,21.010155,21.355507,21.286568,21.044754,21.131203,21.044754,21.062057,20.784843,20.784843,20.923576,20.732758,20.906242,20.750122,20.454369,20.576286,20.454369,20.541473,20.244934,20.332268,20.367180,20.384621,20.262413,20.087494,20.209976,20.105003,19.982353,20.017418,19.718910,19.806816,19.683716,19.648506,19.683716,19.454590,19.489883,19.542793,19.383957,19.489883,19.260208,19.313263,19.330948,19.153984,19.153984,18.994377,19.224815,18.727684,18.781090,18.674240,18.334953,18.048164,17.904396,17.778404,17.326851,17.181839,16.708862,16.343254,16.104774,15.902481,15.514977,15.329842,15.237137,15.237137,15.107178,14.865326,14.977043,14.921196,15.162895,14.921196,15.032837,15.107178,15.200020,14.977043,15.014244,15.144333,14.865326,14.902580,14.939812,14.921196,14.977043,14.921196,14.977043,14.995636,15.032837,14.902580,14.883965,15.144333,15.144333,14.958420,14.921196,15.051422,14.716171,14.995636,15.051422,15.051422,15.051422,15.070015,14.902580,14.977043,14.809425,15.107178,15.070015,14.958420,15.070015,14.902580,14.902580,14.995636,14.883965,14.846703,14.977043,14.809425,14.958420,14.921196,14.828064,14.753487,15.032837,14.809425,14.939812,14.939812,14.697517,14.809425,14.809425,14.828064,14.921196,14.809425,14.716171,14.939812,14.809425,14.846703,14.902580,14.828064,14.772133,14.939812,14.865326,14.828064,14.734833,14.790794,14.772133,14.678848,14.846703,14.902580,14.865326,14.828064,14.622826,14.865326,14.865326,14.772133,14.939812,14.678848,14.697517,14.790794,14.753487,14.865326,14.734833,14.902580,14.846703,14.734833,14.697517,14.734833,14.790794,14.883965,14.753487,14.772133,14.641502,14.958420,14.977043,14.734833,14.828064,14.790794,14.678848,14.753487,14.846703,14.846703,14.921196,14.790794,14.772133,14.865326,14.772133,14.753487,14.790794,14.921196,14.828064,14.772133,14.883965,15.051422,14.921196,14.958420,14.958420,14.939812,14.734833,14.865326,14.921196,14.902580,14.921196,14.958420,14.921196,14.790794,14.809425,14.809425,14.790794,14.790794,14.753487,14.716171,14.809425,14.809425,14.641502,14.678848,14.902580,14.753487,14.604141,14.697517,14.641502,14.660179,14.828064,14.865326,14.865326,15.070015,14.604141,14.958420,15.162895,15.051422,15.107178,15.032837,15.070015,15.014244,14.939812,14.958420,14.865326,14.809425,14.790794,14.828064,14.772133,14.622826,14.678848,14.566772,14.660179,14.753487,14.790794,14.772133,14.697517,14.809425,14.772133,14.809425,14.734833,14.902580,14.809425,14.790794,14.772133,15.051422,14.697517,14.883965,14.660179,14.734833,14.846703,14.604141,14.939812,14.790794,14.529381,14.622826,14.902580,14.809425,14.753487,14.697517,14.678848,14.828064,14.902580,14.697517,14.548080,14.622826,14.660179,14.697517,14.697517,14.697517,14.753487,14.734833,14.678848,14.734833,14.790794,14.510681,14.566772,14.753487,14.716171,14.697517,14.716171,14.977043,14.772133,14.678848,14.846703,14.865326,14.772133,14.828064,14.716171,14.734833,14.716171,14.790794,14.790794,14.697517,14.734833,14.846703,14.809425,14.716171,14.753487,14.716171,14.734833,14.529381,14.697517,14.491982,14.865326,14.790794,14.883965,14.753487,15.032837,14.772133,14.809425,14.790794,14.772133,14.697517,14.790794,14.529381,14.622826,14.697517,14.977043,14.883965,14.846703,14.809425,14.939812,14.939812,15.032837,15.125755,14.697517,14.995636,14.883965,14.846703,15.088600,15.014244,14.939812,14.958420,14.902580,14.995636,15.014244,14.902580,15.200020,15.107178,14.939812,15.125755,15.070015,15.144333,15.218575,15.181458,15.200020,15.218575,
15.070015,15.125755,14.977043,15.107178,14.939812,14.809425,15.311302,15.088600,14.902580,15.032837,15.125755,15.162895,14.995636,14.995636,14.939812,15.125755,14.958420,14.958420,14.828064,14.995636,14.921196,15.070015,15.144333,15.311302,15.496475,15.681252,15.847229,16.343254,16.745338,17.091087,17.363060,17.958336,18.370735,18.531555,18.870033,19.083084,19.083084,19.578049,19.824394,19.929733,19.947273,19.982353,20.017418,20.157509,19.964821,20.069977,20.157509,20.227455,20.244934,20.402061,20.314804,20.349724,20.419502,20.489220,20.541473,20.576286,20.506645,20.524055,20.715385,20.576286,20.698021,20.367180,20.732758,20.576286,20.611084,20.750122,20.645866,20.698021,20.940895,20.489220,20.645866,20.680634,20.593697,20.732758,20.628487,20.784843,20.750122,20.454369,20.784843,20.663254,20.784843,20.819542,20.680634,20.784843,20.871582,20.871582,20.802200,20.715385,20.767487,20.767487,20.558884,20.750122,20.576286,20.871582,20.836899,20.767487,20.628487,20.836899,20.854233,21.027458,21.010155,21.269310,21.252068,21.286568,21.561981,21.510414,21.303802,21.441612,21.458817,21.441612,21.527603,21.389961,21.476021,21.286568,21.424393,21.372734,21.476021,21.510414,21.424393,21.613518,21.733620,21.665016,21.682167,21.682167,21.733620,21.699318,21.699318,21.699318,21.716469,21.750755,21.802162,21.767891,21.665016,21.630684,21.613518,21.870644,21.887764,21.921967,21.904861,22.007431,21.887764,21.973259,21.956161,21.904861,21.904861,21.819290,21.956161,21.613518,21.767891,21.699318,21.750755,21.665016,21.613518,21.579163,21.716469,21.527603,21.596336,21.785027,21.785027,21.802162,21.785027,21.630684,21.665016,21.733620,21.682167,21.647850,21.853539,21.716469,21.767891,21.682167,21.750755,21.785027,21.716469,21.699318,21.665016,21.956161,21.750755,21.921967,22.092789,21.904861,22.109856,21.904861,22.007431,22.161018,22.143959,22.024513,22.024513,22.109856,21.973259,22.212143,22.195107,22.433289,22.229179,22.246208,22.075729,22.178062,22.024513,22.126915,22.109856,22.246208,22.178062,22.229179,22.126915,22.297272,22.195107,22.416298,22.348305,22.263237,22.161018,22.041588,22.178062,22.195107,22.382309,22.246208,22.331291,22.297272,22.467247,22.433289,22.212143,22.365303,21.973259,22.058662,22.212143,22.126915,21.921967,21.870644,21.973259,21.853539,21.785027,21.544792,21.510414,21.544792,21.647850,21.596336,21.613518,21.441612,21.579163,21.476021,21.596336,21.647850,21.510414,21.544792,21.510414,21.372734,21.613518,21.665016,21.544792,21.441612,21.424393,21.630684,21.527603,21.579163,21.407181,21.544792,21.853539,21.767891,21.819290,21.836411,21.939064,21.836411,22.024513,21.956161,22.229179,22.075729,22.007431,22.024513,22.007431,22.143959,22.092789,22.007431,22.126915,22.024513,21.887764,21.802162,21.785027,21.870644,21.802162,21.802162,21.733620,21.682167,21.527603,21.458817,21.476021,21.269310,21.441612,21.269310,21.200287,21.338272,21.079346,21.200287,21.217552,21.079346,20.992851,21.062057,21.131203,20.784843,20.923576,20.923576,20.854233,20.767487,20.854233,20.698021,20.663254,20.611084,20.698021,20.593697,20.506645,20.454369,20.471802,20.087494,20.262413,20.157509,20.122513,20.105003,19.982353,19.859520,19.929733,19.947273,19.877083,19.666115,19.806816,19.701309,19.736496,19.472237,19.401619,19.383957,19.366287,18.958870,19.171692,19.136261,19.189407,19.065346,19.012123,18.887802,18.958870,18.870033,18.763298,18.406502,18.460121,18.155830,17.958336,17.561958,17.453522,17.054764,16.708862,16.306610,15.847229,15.847229,15.477974,15.477974,15.422462,15.144333,15.125755,15.125755,14.846703,14.828064,14.977043,15.162895,15.088600,15.014244,15.088600,15.125755,14.921196,14.865326,14.958420,15.088600,15.107178,15.200020,15.107178,15.014244,14.921196,15.032837,14.939812,14.958420,14.977043,15.088600,15.014244,14.883965,15.144333,14.883965,15.107178,15.070015,15.032837,14.995636,15.032837,14.939812,14.977043,15.032837,14.977043,15.181458,14.958420,14.846703,15.032837,14.995636,15.125755,14.865326,14.883965,14.939812,14.660179,14.977043,14.828064,14.902580,14.883965,14.828064,14.753487,14.883965,14.790794,14.958420,14.828064,14.809425,14.772133,14.846703,14.753487,15.032837,14.772133,14.977043,15.088600,14.883965,14.977043,14.828064,14.622826,14.809425,14.902580,14.772133,14.921196,14.828064,14.753487,14.921196,14.865326,14.697517,14.846703,14.828064,14.678848,14.902580,14.772133,14.790794,14.902580,14.883965,14.883965,14.902580,14.809425,14.753487,14.828064,14.865326,14.622826,14.772133,14.753487,14.641502,14.697517,14.921196,14.753487,14.865326,14.772133,14.790794,14.846703,14.828064,14.604141,14.902580,14.865326,14.716171,14.865326,14.921196,14.716171,14.828064,14.809425,14.939812,14.790794,14.846703,14.716171,14.865326,14.790794,14.977043,14.772133,15.014244,14.678848,15.014244,14.865326,14.753487,14.958420,14.958420,14.604141,14.902580,15.032837,14.828064,14.977043,14.753487,14.958420,14.809425,15.051422,14.902580,14.977043,14.921196,14.809425,14.846703,14.790794,14.716171,14.753487,14.734833,14.828064,14.697517,14.809425,14.921196,14.902580,14.828064,15.181458,14.809425,15.070015,14.977043,15.051422,15.125755,14.921196,15.032837,14.958420,15.051422,14.995636,14.809425,14.977043,15.032837,14.790794,14.697517,14.734833,14.921196,14.753487,14.641502,14.846703,14.883965,14.772133,14.809425,14.809425,14.809425,14.939812,14.865326,14.660179,15.032837,14.809425,14.921196,14.734833,14.697517,14.716171,14.809425,14.510681,14.716171,14.697517,14.772133,14.846703,14.734833,14.772133,14.753487,14.678848,14.828064,14.790794,14.734833,14.585457,14.790794,14.604141,14.772133,14.716171,14.772133,14.828064,14.641502,14.697517,14.734833,14.697517,14.809425,14.790794,14.678848,14.790794,14.716171,14.417122,14.604141,14.734833,14.622826,14.678848,14.809425,14.585457,14.753487,14.716171,14.734833,14.678848,14.828064,14.753487,14.641502,14.716171,14.883965,14.716171,14.921196,14.939812,14.716171,14.585457,14.921196,14.753487,14.753487,14.604141,14.772133,14.865326,14.977043,14.678848,14.734833,14.604141,14.510681,14.753487,14.622826,14.883965,14.697517,14.828064,14.697517,14.939812,14.846703,14.902580,14.865326,14.790794,14.828064,14.846703,14.939812,14.697517,15.070015,14.846703,14.772133,14.921196,14.772133,14.865326,14.846703,15.255684,15.477974,15.181458,14.995636,15.070015,14.902580,15.125755,14.995636,14.809425,14.902580,15.125755,15.107178,15.032837,15.088600,14.865326,15.014244,14.977043,15.366905,
15.255684,15.237137,14.995636,14.939812,15.255684,15.051422,15.144333,15.088600,15.032837,15.032837,14.921196,15.144333,15.107178,15.218575,14.977043,15.144333,14.697517,14.939812,14.977043,14.902580,15.162895,15.107178,15.014244,15.329842,15.422462,15.644325,15.865646,16.507973,16.909286,17.254379,17.561958,17.940361,18.245445,18.567253,18.852249,19.224815,19.171692,19.542793,19.806816,19.912178,19.999893,20.105003,19.877083,20.087494,20.157509,20.034943,20.174995,20.052460,20.279877,20.244934,20.034943,20.227455,20.332268,20.436943,20.209976,20.419502,20.471802,20.645866,20.541473,20.611084,20.836899,20.454369,20.558884,20.715385,20.784843,20.524055,20.593697,20.541473,20.645866,20.628487,20.871582,20.767487,20.419502,20.732758,20.628487,20.454369,20.541473,20.698021,20.715385,20.784843,20.784843,20.871582,20.784843,20.940895,20.975533,20.871582,20.680634,20.802200,20.992851,20.698021,20.645866,20.611084,20.802200,20.750122,20.698021,20.819542,20.767487,20.854233,21.113914,21.148476,21.183029,21.234810,21.269310,21.424393,21.372734,21.424393,21.183029,21.355507,21.493217,21.493217,21.303802,21.407181,21.527603,21.441612,21.424393,21.613518,21.355507,21.458817,21.579163,21.355507,21.389961,21.579163,21.561981,21.630684,21.665016,21.613518,21.716469,21.836411,21.665016,21.836411,21.819290,21.716469,21.647850,21.596336,21.699318,21.887764,21.613518,21.819290,21.665016,21.750755,21.870644,21.973259,21.785027,21.973259,21.767891,21.836411,21.853539,21.716469,21.836411,21.527603,21.579163,21.870644,21.819290,21.579163,21.561981,21.682167,21.802162,21.750755,21.665016,21.544792,21.682167,21.802162,21.853539,21.750755,21.750755,21.887764,21.647850,21.887764,21.699318,21.665016,21.819290,21.544792,21.561981,21.785027,21.733620,21.819290,21.802162,21.767891,21.802162,22.041588,21.973259,22.092789,21.904861,22.212143,21.870644,21.939064,21.990349,21.973259,21.973259,22.041588,22.161018,22.195107,22.178062,22.007431,21.973259,22.109856,22.109856,22.126915,21.887764,22.075729,22.195107,22.143959,22.178062,22.143959,22.161018,22.041588,22.092789,21.956161,22.007431,22.297272,22.178062,22.161018,22.263237,22.382309,22.195107,22.143959,22.348305,22.484222,22.178062,22.195107,22.195107,22.246208,21.870644,21.973259,21.836411,21.836411,21.990349,21.682167,21.630684,21.716469,21.716469,21.699318,21.665016,21.544792,21.527603,21.527603,21.493217,21.682167,21.596336,21.630684,21.544792,21.630684,21.596336,21.407181,21.458817,21.476021,21.321045,21.493217,21.561981,21.458817,21.407181,21.613518,21.630684,21.699318,21.665016,21.647850,21.853539,21.870644,21.939064,21.836411,22.075729,21.887764,22.143959,21.990349,21.990349,21.973259,22.058662,22.075729,22.178062,21.767891,21.921967,21.870644,21.887764,21.716469,21.665016,21.767891,21.767891,21.733620,21.596336,21.579163,21.441612,21.493217,21.286568,21.407181,21.113914,21.131203,21.183029,21.044754,21.079346,21.148476,20.871582,20.854233,20.940895,21.096642,20.888908,21.165756,21.027458,21.079346,20.923576,20.715385,20.854233,20.784843,20.750122,20.541473,20.541473,20.611084,20.349724,20.436943,20.297348,20.279877,20.262413,20.209976,20.384621,20.174995,20.105003,19.912178,19.982353,19.894638,19.912178,19.806816,19.683716,19.436943,19.560417,19.489883,19.525154,19.419281,19.366287,19.153984,19.260208,19.189407,19.118538,19.136261,18.958870,18.976631,18.976631,19.083084,18.816673,18.620766,18.299164,18.030205,17.958336,17.670250,17.254379,16.945679,16.471397,16.434807,16.049652,15.718163,15.459480,15.459480,15.237137,15.144333,15.088600,15.162895,15.274223,15.032837,14.995636,15.125755,15.014244,15.088600,15.088600,15.070015,14.828064,14.883965,15.032837,15.014244,15.125755,15.014244,14.995636,14.902580,14.977043,14.828064,14.921196,15.051422,15.014244,14.995636,14.977043,14.958420,14.939812,14.977043,15.014244,15.014244,14.865326,14.921196,14.977043,15.014244,14.790794,15.070015,15.014244,15.070015,14.939812,15.032837,15.070015,14.902580,14.865326,14.958420,14.846703,15.014244,14.697517,14.697517,14.995636,14.566772,14.883965,14.865326,14.734833,14.902580,14.865326,14.772133,14.809425,14.828064,14.772133,14.883965,14.865326,14.809425,14.697517,14.641502,14.809425,14.958420,14.678848,14.809425,14.716171,14.828064,14.828064,14.846703,14.902580,14.939812,14.809425,14.809425,14.809425,14.716171,14.809425,14.995636,14.753487,14.660179,14.828064,14.902580,14.734833,14.995636,14.697517,14.660179,14.772133,14.604141,14.809425,14.790794,14.828064,14.865326,14.753487,14.921196,14.734833,14.678848,14.604141,15.070015,14.809425,14.753487,14.846703,14.678848,14.790794,14.902580,14.828064,14.902580,14.921196,14.734833,14.846703,14.828064,14.716171,14.846703,14.939812,14.772133,14.772133,14.809425,15.014244,14.790794,14.809425,15.070015,14.977043,14.939812,14.883965,14.883965,14.921196,14.977043,15.032837,14.958420,14.977043,14.809425,14.995636,15.051422,14.809425,14.958420,14.753487,14.883965,14.790794,14.790794,14.697517,14.921196,14.491982,14.865326,14.622826,14.697517,14.548080,14.772133,14.865326,14.828064,14.883965,14.902580,14.883965,15.144333,15.070015,15.218575,15.144333,15.107178,14.977043,15.014244,14.958420,14.921196,15.088600,14.883965,14.883965,14.846703,14.622826,14.828064,14.660179,14.734833,14.772133,14.716171,14.716171,14.883965,14.939812,14.697517,14.734833,14.772133,14.790794,14.828064,14.753487,14.734833,14.828064,14.828064,14.846703,14.828064,14.716171,14.585457,14.790794,14.660179,14.678848,14.734833,14.865326,14.828064,14.716171,14.790794,14.828064,14.921196,14.753487,14.772133,14.883965,14.678848,14.772133,14.846703,14.883965,14.604141,14.641502,14.790794,14.865326,14.790794,14.716171,14.772133,14.678848,14.753487,14.548080,14.678848,14.660179,14.828064,14.772133,14.660179,14.641502,14.716171,14.716171,14.548080,14.604141,14.585457,14.846703,14.566772,14.809425,14.622826,14.491982,14.809425,14.678848,14.716171,14.622826,14.753487,14.678848,14.734833,14.772133,14.697517,14.921196,14.790794,14.790794,14.716171,14.809425,14.772133,14.958420,14.939812,14.753487,14.828064,14.753487,14.921196,14.790794,14.865326,14.697517,14.641502,14.828064,14.883965,15.125755,14.902580,14.883965,14.753487,15.014244,14.660179,14.958420,14.958420,15.125755,15.051422,14.790794,15.014244,14.883965,14.958420,15.144333,14.790794,14.846703,15.051422,14.753487,14.790794,15.107178,15.070015,14.995636,15.051422,15.088600,14.939812,15.181458,15.292770,15.032837,15.237137,
15.162895,14.939812,14.939812,14.958420,15.032837,15.181458,15.107178,15.162895,14.939812,14.958420,14.902580,15.107178,14.958420,15.125755,14.902580,15.125755,14.883965,14.921196,14.939812,15.070015,14.809425,15.125755,15.107178,15.403938,15.422462,15.718163,16.049652,16.416496,16.708862,17.236252,17.326851,17.742363,18.245445,18.442253,18.941109,19.207108,19.401619,19.401619,19.894638,19.824394,19.736496,19.929733,19.859520,20.069977,19.947273,19.982353,20.087494,20.087494,20.105003,20.402061,20.192490,20.314804,20.349724,20.279877,20.541473,20.506645,20.506645,20.628487,20.367180,20.593697,20.645866,20.802200,20.663254,20.750122,20.663254,20.767487,20.558884,20.645866,20.436943,20.923576,20.611084,20.732758,20.888908,20.611084,20.576286,20.715385,20.645866,20.992851,20.871582,20.888908,20.906242,20.923576,20.923576,20.871582,20.940895,20.906242,20.784843,20.854233,20.732758,20.715385,20.663254,20.767487,20.611084,20.784843,20.888908,21.044754,21.044754,21.183029,20.975533,21.148476,21.044754,21.217552,21.441612,21.441612,21.476021,21.372734,21.372734,21.372734,21.424393,21.407181,21.441612,21.441612,21.269310,21.286568,21.321045,21.269310,21.372734,21.493217,21.527603,21.493217,21.510414,21.476021,21.372734,21.716469,21.544792,21.836411,21.665016,21.579163,21.682167,21.750755,21.579163,21.544792,21.561981,21.750755,21.630684,21.716469,21.699318,21.699318,21.716469,21.699318,21.699318,21.716469,21.630684,21.870644,21.819290,21.819290,21.836411,21.647850,21.699318,21.596336,21.493217,21.476021,21.699318,21.630684,21.647850,21.716469,21.716469,21.596336,21.716469,21.596336,21.767891,21.767891,21.836411,21.956161,21.733620,21.767891,21.785027,21.613518,21.853539,21.750755,21.750755,21.647850,21.561981,21.802162,21.802162,21.682167,21.596336,21.836411,21.699318,22.092789,21.802162,21.785027,21.887764,22.007431,21.887764,21.990349,21.904861,21.853539,21.956161,21.956161,21.990349,22.041588,22.058662,22.143959,22.109856,22.109856,22.126915,22.075729,22.007431,22.161018,22.263237,22.109856,22.058662,22.143959,22.075729,22.109856,22.041588,22.246208,22.143959,22.195107,22.195107,22.229179,22.195107,22.195107,22.297272,22.314293,22.229179,22.246208,22.195107,22.126915,22.075729,22.075729,21.887764,21.887764,21.853539,21.716469,21.630684,21.802162,21.785027,21.665016,21.579163,21.699318,21.870644,21.596336,21.579163,21.699318,21.476021,21.527603,21.630684,21.441612,21.647850,21.476021,21.647850,21.441612,21.458817,21.699318,21.510414,21.527603,21.424393,21.493217,21.407181,21.579163,21.630684,21.544792,21.647850,21.579163,21.613518,21.733620,21.630684,21.853539,21.767891,21.921967,22.041588,22.041588,21.921967,21.887764,21.973259,22.024513,21.956161,22.178062,21.921967,21.819290,21.785027,21.733620,21.767891,21.682167,21.750755,21.630684,21.510414,21.579163,21.510414,21.527603,21.372734,21.338272,21.113914,21.165756,21.096642,21.113914,21.027458,20.923576,20.906242,21.148476,21.183029,20.923576,20.940895,20.923576,20.489220,20.802200,20.888908,20.732758,20.819542,20.750122,20.715385,20.576286,20.558884,20.524055,20.489220,20.209976,20.436943,20.454369,20.192490,20.157509,20.052460,20.122513,20.052460,19.982353,19.841957,19.947273,19.754082,19.841957,19.560417,19.666115,19.507530,19.454590,19.366287,19.277893,19.189407,19.436943,19.065346,19.171692,19.189407,19.153984,19.012123,19.153984,18.816673,18.763298,18.763298,18.495850,18.299164,18.102013,17.832420,17.688278,17.308739,16.963875,16.690620,16.306610,15.920883,15.736610,15.422462,15.329842,15.329842,15.144333,15.162895,15.088600,14.958420,15.051422,15.144333,14.921196,14.939812,14.958420,15.162895,14.921196,14.958420,14.939812,14.846703,15.070015,15.051422,15.014244,15.032837,15.107178,14.865326,14.846703,15.014244,15.014244,14.995636,15.032837,15.200020,14.902580,14.902580,14.995636,14.939812,15.014244,14.902580,14.809425,14.753487,14.883965,14.828064,15.014244,15.107178,14.977043,14.697517,15.014244,14.939812,14.865326,14.828064,14.939812,14.939812,14.809425,15.014244,14.865326,14.828064,15.032837,14.902580,14.678848,14.753487,14.865326,14.977043,14.921196,14.883965,14.902580,14.828064,14.921196,14.772133,14.865326,14.883965,14.865326,14.716171,14.902580,14.828064,14.790794,14.828064,14.902580,14.958420,14.977043,14.828064,14.772133,14.790794,14.846703,14.902580,14.921196,14.846703,14.772133,14.828064,14.902580,14.809425,14.809425,14.697517,14.995636,14.828064,14.902580,14.734833,14.921196,14.883965,14.921196,14.902580,14.790794,14.622826,14.846703,14.697517,14.902580,14.716171,14.809425,14.958420,14.809425,14.977043,14.846703,14.809425,14.772133,14.809425,14.772133,14.809425,14.846703,14.939812,14.883965,14.753487,14.921196,14.846703,14.846703,14.604141,14.790794,14.865326,15.107178,15.107178,14.977043,14.753487,15.051422,14.958420,14.883965,14.846703,14.734833,14.846703,14.939812,15.107178,14.939812,14.939812,14.846703,14.995636,14.883965,14.883965,14.902580,14.697517,14.753487,14.790794,14.660179,14.753487,14.753487,14.641502,14.641502,14.846703,14.809425,14.939812,14.902580,14.772133,15.032837,14.902580,15.107178,14.921196,14.995636,15.014244,14.958420,15.014244,15.070015,15.014244,14.977043,14.977043,14.883965,14.790794,14.865326,14.865326,14.809425,14.697517,14.566772,14.678848,14.921196,14.678848,14.865326,14.678848,14.716171,14.865326,15.070015,14.958420,14.902580,14.772133,14.828064,14.697517,14.809425,14.790794,14.846703,14.734833,14.622826,14.809425,14.790794,14.753487,14.921196,14.734833,14.809425,14.790794,14.790794,14.772133,14.809425,14.865326,14.809425,14.939812,14.958420,14.790794,14.716171,14.809425,14.641502,14.790794,14.641502,14.660179,14.772133,14.734833,14.697517,14.790794,14.902580,14.772133,14.846703,14.809425,14.828064,14.734833,14.753487,14.883965,14.641502,14.566772,14.716171,14.660179,14.716171,14.622826,14.641502,14.753487,14.772133,14.828064,14.734833,14.548080,14.660179,14.790794,14.846703,14.622826,14.697517,14.772133,14.902580,14.678848,14.660179,14.753487,14.660179,14.846703,14.660179,14.548080,14.977043,14.865326,14.846703,14.716171,14.697517,14.809425,14.809425,14.921196,14.939812,14.883965,14.790794,14.921196,14.939812,14.921196,14.828064,14.734833,14.716171,14.902580,15.032837,14.995636,14.734833,15.255684,14.921196,15.032837,14.977043,14.921196,14.939812,14.809425,15.051422,14.902580,14.995636,14.977043,14.977043,14.883965,14.865326,15.088600,14.772133,14.883965,15.181458,15.014244,15.125755,
15.292770,15.144333,14.977043,15.070015,15.125755,14.921196,15.218575,15.181458,14.883965,14.921196,14.902580,14.995636,15.032837,15.162895,15.051422,14.958420,15.051422,14.883965,15.144333,14.958420,15.107178,14.977043,15.125755,15.274223,15.514977,15.736610,15.976097,16.361572,16.690620,17.018410,17.489685,17.886406,18.263351,18.674240,19.100807,19.171692,19.436943,19.771667,19.648506,19.736496,19.877083,19.947273,19.999893,19.964821,19.947273,20.174995,20.122513,20.227455,20.367180,20.297348,20.297348,20.244934,20.209976,20.471802,20.332268,20.454369,20.506645,20.506645,20.454369,20.576286,20.349724,20.628487,20.767487,20.750122,20.576286,20.732758,20.471802,20.767487,20.593697,20.698021,20.784843,20.836899,20.958221,20.663254,20.958221,20.819542,20.767487,20.958221,20.975533,21.165756,21.113914,20.871582,20.836899,20.958221,20.802200,20.802200,20.802200,21.027458,20.836899,20.975533,20.906242,20.940895,20.750122,20.698021,20.802200,20.819542,20.871582,20.923576,21.027458,21.148476,21.148476,21.234810,21.165756,21.389961,21.303802,21.165756,21.493217,21.355507,21.424393,21.389961,21.303802,21.303802,21.321045,21.286568,21.303802,21.338272,21.286568,21.252068,21.544792,21.441612,21.613518,21.785027,21.527603,21.561981,21.561981,21.647850,21.389961,21.682167,21.682167,21.579163,21.613518,21.579163,21.596336,21.596336,21.716469,21.527603,21.510414,21.596336,21.596336,21.699318,21.699318,21.853539,21.750755,21.750755,21.665016,21.767891,21.785027,21.904861,21.647850,21.647850,21.665016,21.767891,21.682167,21.699318,21.665016,21.750755,21.665016,21.682167,21.802162,21.785027,21.767891,21.699318,21.853539,21.819290,21.716469,21.939064,21.613518,21.956161,21.939064,21.630684,21.561981,21.630684,21.750755,21.613518,21.630684,21.750755,21.750755,21.767891,21.665016,21.802162,21.819290,21.853539,21.973259,22.024513,21.904861,21.904861,21.887764,21.904861,21.870644,21.904861,21.836411,21.870644,21.853539,21.973259,22.041588,22.041588,21.990349,21.990349,22.058662,22.058662,22.331291,22.263237,22.024513,22.263237,22.075729,22.246208,22.126915,22.263237,21.990349,22.178062,22.024513,22.092789,22.109856,22.109856,22.092789,22.143959,22.195107,22.195107,22.143959,22.075729,22.007431,22.195107,22.041588,21.939064,21.785027,22.092789,21.956161,21.767891,21.733620,21.802162,21.733620,21.561981,21.699318,21.750755,21.510414,21.665016,21.767891,21.665016,21.682167,21.561981,21.596336,21.665016,21.544792,21.561981,21.596336,21.647850,21.458817,21.579163,21.458817,21.527603,21.476021,21.544792,21.476021,21.441612,21.750755,21.682167,21.682167,21.870644,21.973259,21.819290,21.802162,21.904861,21.853539,21.802162,21.904861,22.007431,21.836411,21.819290,21.819290,21.596336,21.870644,21.853539,21.647850,21.682167,21.802162,21.682167,21.785027,21.665016,21.458817,21.561981,21.355507,21.493217,21.234810,21.372734,21.321045,21.234810,21.062057,21.079346,21.027458,21.044754,20.836899,20.923576,21.027458,21.113914,21.044754,21.010155,20.767487,20.819542,20.698021,20.767487,20.558884,20.975533,20.506645,20.663254,20.698021,20.558884,20.436943,20.384621,20.384621,20.297348,20.262413,20.297348,20.105003,20.069977,20.140007,19.894638,19.824394,19.824394,19.754082,19.789246,19.824394,19.666115,19.630898,19.666115,19.436943,19.419281,19.348618,19.313263,19.260208,19.260208,19.029869,18.994377,19.136261,19.083084,18.976631,18.887802,18.798889,18.513702,18.137894,18.066116,17.904396,17.580009,17.199982,17.000237,16.654121,16.379883,16.104774,15.681252,15.736610,15.477974,15.403938,15.200020,15.162895,15.144333,15.051422,15.107178,15.200020,15.032837,15.107178,15.088600,15.070015,15.014244,15.051422,15.070015,15.051422,14.958420,15.051422,15.032837,14.883965,15.014244,14.958420,14.995636,14.865326,14.977043,15.051422,15.032837,14.958420,14.995636,14.939812,14.902580,14.939812,14.958420,15.088600,14.958420,14.921196,14.939812,14.921196,14.865326,14.958420,14.865326,14.902580,15.070015,14.977043,14.939812,14.846703,14.828064,14.977043,14.902580,14.790794,14.977043,14.902580,14.883965,14.958420,14.828064,14.902580,14.846703,14.716171,14.939812,14.772133,14.883965,14.883965,15.051422,14.902580,14.846703,14.939812,14.865326,14.772133,14.734833,14.865326,14.902580,14.790794,14.902580,14.734833,14.902580,14.846703,14.921196,14.660179,14.865326,14.977043,14.902580,14.641502,14.828064,14.772133,14.828064,14.753487,14.977043,14.846703,14.995636,14.753487,14.734833,14.716171,14.790794,14.641502,14.772133,14.790794,14.753487,14.697517,14.716171,14.641502,14.753487,14.809425,14.828064,14.772133,14.846703,14.790794,14.828064,14.790794,14.790794,14.753487,14.734833,14.902580,14.921196,14.772133,14.921196,14.828064,14.828064,14.716171,14.902580,14.734833,14.977043,14.678848,15.107178,14.883965,14.958420,15.051422,14.734833,15.051422,14.958420,14.846703,14.921196,14.828064,14.716171,14.790794,14.939812,14.902580,15.014244,14.902580,15.014244,14.883965,14.678848,14.846703,14.846703,14.604141,14.865326,14.977043,14.883965,14.716171,14.641502,14.902580,14.660179,14.790794,14.828064,15.014244,14.846703,14.902580,14.977043,14.939812,14.958420,15.014244,15.014244,14.977043,15.032837,14.995636,15.088600,14.939812,15.051422,14.883965,14.734833,14.902580,14.958420,14.435844,14.828064,14.604141,14.772133,14.697517,14.883965,14.734833,14.902580,14.734833,14.977043,14.809425,14.977043,14.734833,14.772133,15.088600,14.865326,14.958420,14.790794,14.846703,14.753487,14.716171,14.772133,14.828064,14.716171,14.660179,14.734833,14.716171,14.566772,14.772133,14.734833,14.865326,14.828064,14.716171,14.734833,14.883965,14.622826,14.641502,14.734833,14.641502,14.790794,14.734833,14.753487,14.828064,14.678848,14.660179,14.622826,14.828064,14.828064,14.753487,14.828064,14.846703,14.753487,14.809425,14.678848,14.790794,14.716171,14.697517,14.697517,14.902580,14.753487,14.790794,14.753487,14.828064,14.846703,14.921196,14.753487,14.660179,14.622826,14.678848,14.753487,14.809425,14.734833,14.697517,14.622826,14.790794,14.566772,14.809425,14.510681,14.734833,14.995636,14.772133,14.865326,14.622826,14.995636,14.772133,14.809425,14.585457,14.809425,14.828064,14.734833,14.958420,14.883965,14.772133,14.753487,15.032837,14.921196,14.958420,14.883965,14.995636,14.921196,15.051422,14.977043,14.977043,14.921196,15.144333,15.181458,14.977043,15.014244,14.902580,14.939812,14.697517,15.107178,14.809425,14.604141,14.958420,14.772133,14.846703,14.939812,15.144333,15.200020,
15.051422,15.237137,15.051422,14.902580,15.014244,15.051422,15.181458,15.329842,14.958420,14.995636,14.939812,15.329842,15.107178,15.144333,15.181458,15.292770,15.014244,14.921196,15.051422,15.144333,15.032837,15.032837,15.329842,15.385422,15.366905,15.810371,16.031273,16.196571,16.872887,17.127403,17.525826,17.868416,18.102013,18.745483,18.923340,19.277893,19.419281,19.436943,19.683716,19.912178,20.017418,20.017418,20.140007,20.157509,20.157509,20.192490,19.999893,20.122513,20.297348,20.454369,20.209976,20.279877,20.489220,20.244934,20.349724,20.628487,20.645866,20.436943,20.436943,20.645866,20.628487,20.767487,20.576286,20.663254,20.784843,20.767487,20.802200,20.680634,20.698021,20.715385,20.698021,20.923576,20.854233,20.802200,20.923576,20.750122,20.802200,20.923576,20.975533,20.888908,20.992851,21.027458,20.975533,20.958221,20.888908,21.079346,21.062057,20.906242,20.888908,21.062057,21.010155,20.958221,20.958221,20.992851,20.940895,20.923576,21.044754,21.027458,21.131203,21.269310,21.217552,21.458817,21.355507,21.286568,21.234810,21.303802,21.286568,21.407181,21.234810,21.544792,21.303802,21.321045,21.286568,21.355507,21.372734,21.389961,21.321045,21.510414,21.544792,21.510414,21.561981,21.613518,21.458817,21.596336,21.596336,21.527603,21.647850,21.527603,21.476021,21.665016,21.579163,21.561981,21.596336,21.647850,21.613518,21.476021,21.527603,21.596336,21.767891,21.647850,21.544792,21.665016,21.613518,21.596336,21.733620,21.630684,21.750755,21.699318,21.750755,21.785027,21.716469,21.561981,21.596336,21.665016,21.802162,21.733620,21.665016,21.579163,21.973259,22.007431,21.939064,21.904861,21.870644,21.887764,21.819290,21.870644,21.921967,21.819290,21.802162,21.733620,21.767891,21.785027,21.819290,21.750755,21.665016,21.682167,21.630684,21.785027,21.819290,21.785027,21.699318,21.613518,21.750755,21.870644,21.767891,21.853539,22.075729,21.939064,21.904861,22.024513,21.887764,21.870644,21.904861,22.092789,21.973259,22.007431,22.024513,22.092789,22.075729,22.007431,22.161018,22.195107,21.939064,22.195107,22.075729,22.092789,22.007431,22.109856,22.109856,22.126915,22.195107,22.075729,22.280251,22.058662,22.314293,21.990349,22.229179,22.161018,21.973259,22.058662,22.075729,22.075729,22.075729,22.280251,21.939064,21.802162,21.887764,21.682167,21.596336,21.647850,21.682167,21.836411,21.665016,21.733620,21.750755,21.647850,21.613518,21.561981,21.733620,21.836411,21.476021,21.716469,21.682167,21.647850,21.682167,21.561981,21.527603,21.527603,21.338272,21.630684,21.527603,21.665016,21.544792,21.647850,21.561981,21.699318,21.904861,21.819290,21.647850,21.785027,21.750755,21.939064,21.870644,21.819290,21.853539,22.024513,21.716469,21.904861,21.870644,21.750755,21.750755,21.733620,21.510414,21.716469,21.716469,21.647850,21.665016,21.544792,21.321045,21.441612,21.613518,21.269310,21.303802,21.027458,21.183029,21.096642,21.027458,20.906242,20.819542,20.940895,20.923576,20.871582,21.027458,21.200287,20.992851,20.958221,20.871582,20.975533,20.680634,20.732758,20.750122,20.680634,20.698021,20.645866,20.489220,20.506645,20.367180,20.419502,20.192490,20.227455,20.227455,20.192490,20.069977,20.087494,19.964821,20.122513,19.982353,19.912178,19.859520,19.806816,19.578049,19.754082,19.525154,19.560417,19.348618,19.330948,19.330948,19.401619,19.242508,19.295586,19.136261,18.994377,19.171692,19.118538,19.029869,18.870033,18.674240,18.763298,18.299164,18.173759,17.706314,17.489685,17.181839,16.891090,16.544525,16.123146,15.957695,15.644325,15.422462,15.329842,15.255684,15.255684,14.958420,15.162895,14.753487,15.070015,15.125755,15.014244,14.734833,14.958420,15.032837,15.107178,14.977043,15.014244,14.995636,15.255684,15.014244,15.014244,14.977043,14.902580,14.921196,14.977043,15.032837,15.144333,15.051422,15.051422,14.995636,15.088600,14.977043,14.977043,15.014244,14.995636,14.865326,15.051422,14.995636,14.883965,14.958420,15.014244,14.939812,14.977043,14.939812,14.790794,14.902580,14.958420,15.162895,14.753487,14.678848,14.846703,14.809425,14.939812,14.790794,14.772133,14.865326,14.809425,14.828064,14.939812,14.790794,14.734833,14.678848,14.977043,14.921196,14.883965,14.846703,14.790794,14.883965,14.846703,14.753487,14.921196,14.622826,14.939812,14.790794,15.032837,14.865326,14.846703,14.902580,14.883965,14.753487,14.883965,14.977043,14.883965,14.772133,14.753487,14.809425,14.939812,14.790794,14.716171,14.772133,14.883965,14.846703,14.678848,14.697517,14.828064,14.678848,14.939812,14.790794,14.660179,14.697517,14.734833,14.697517,14.790794,14.883965,14.790794,14.865326,14.828064,14.772133,14.753487,14.865326,14.828064,14.734833,14.865326,14.846703,14.790794,14.865326,14.939812,14.865326,14.865326,14.753487,14.697517,14.790794,14.753487,14.958420,14.995636,14.641502,14.995636,14.977043,15.051422,14.846703,14.958420,14.753487,14.902580,14.865326,15.032837,14.865326,15.070015,14.865326,14.883965,14.846703,15.014244,14.958420,14.772133,14.846703,14.678848,14.790794,14.604141,14.660179,14.846703,14.604141,14.790794,14.734833,14.865326,14.809425,14.883965,14.865326,14.809425,15.107178,14.977043,15.144333,15.162895,14.902580,14.995636,14.921196,15.051422,15.162895,15.051422,14.846703,14.958420,14.697517,14.772133,14.622826,14.939812,14.790794,14.753487,14.697517,14.734833,14.753487,14.828064,14.865326,14.790794,14.846703,14.753487,14.902580,14.772133,14.883965,14.939812,14.790794,14.865326,14.883965,14.790794,14.828064,14.716171,14.846703,14.846703,14.716171,14.846703,14.622826,14.697517,14.846703,14.772133,14.772133,14.641502,14.510681,14.790794,14.846703,14.660179,14.828064,14.734833,14.660179,14.678848,14.529381,14.734833,14.790794,14.846703,14.641502,14.734833,14.753487,14.865326,14.865326,14.641502,14.790794,14.585457,14.604141,14.697517,14.828064,14.828064,15.014244,14.772133,14.678848,14.902580,14.604141,14.734833,14.790794,14.790794,14.902580,14.828064,14.846703,14.977043,14.716171,14.678848,14.622826,14.809425,14.772133,14.828064,14.846703,14.883965,14.809425,14.734833,14.790794,14.902580,14.790794,14.753487,14.753487,14.734833,14.734833,14.622826,14.566772,14.828064,14.828064,14.828064,14.753487,14.865326,14.865326,14.995636,15.014244,15.014244,14.566772,14.958420,15.107178,14.883965,15.032837,14.809425,14.921196,14.921196,15.496475,14.977043,15.181458,15.051422,14.995636,14.958420,14.790794,14.865326,14.921196,14.939812,14.865326,14.977043,15.088600,14.883965,15.088600,14.977043,15.070015,15.366905,
15.440964,15.218575,15.162895,15.014244,15.107178,15.218575,14.995636,14.958420,15.144333,15.200020,15.014244,15.144333,14.977043,15.107178,14.902580,15.200020,15.125755,15.070015,15.070015,15.088600,14.883965,15.255684,15.255684,15.348373,15.551949,15.644325,15.718163,16.031273,16.617607,17.072929,17.435440,17.724342,18.388626,18.424385,18.887802,18.976631,19.348618,19.683716,19.683716,19.841957,19.877083,20.052460,20.244934,20.157509,20.140007,20.209976,20.192490,20.140007,20.297348,20.332268,20.349724,20.332268,20.419502,20.454369,20.349724,20.402061,20.279877,20.454369,20.384621,20.558884,20.262413,20.541473,20.628487,20.645866,20.645866,20.663254,20.593697,20.645866,20.645866,20.715385,20.923576,20.871582,20.854233,20.802200,20.732758,20.767487,20.958221,21.096642,21.079346,21.217552,21.096642,20.940895,20.906242,20.992851,21.113914,20.940895,21.200287,20.992851,21.044754,21.044754,20.888908,20.698021,20.940895,20.940895,20.958221,20.750122,20.940895,20.975533,21.234810,21.286568,21.321045,21.165756,21.217552,21.321045,21.424393,21.458817,21.269310,21.389961,21.286568,21.424393,21.183029,21.234810,21.303802,21.269310,21.355507,21.355507,21.096642,21.338272,21.372734,21.527603,21.527603,21.510414,21.389961,21.647850,21.407181,21.682167,21.596336,21.613518,21.493217,21.579163,21.510414,21.527603,21.476021,21.424393,21.613518,21.476021,21.493217,21.630684,21.510414,21.802162,21.596336,21.716469,21.424393,21.596336,21.682167,21.682167,21.630684,21.665016,21.750755,21.733620,21.716469,21.613518,21.682167,21.613518,21.561981,21.630684,21.870644,21.887764,21.973259,21.767891,21.733620,21.750755,21.819290,22.109856,21.973259,21.802162,21.785027,21.819290,21.802162,21.802162,21.682167,21.819290,21.630684,21.596336,21.458817,21.630684,21.750755,21.733620,21.665016,21.682167,21.579163,21.819290,21.665016,21.819290,21.802162,21.716469,21.699318,21.853539,21.699318,21.853539,21.836411,21.990349,21.716469,22.041588,21.956161,22.007431,22.161018,21.939064,21.921967,22.075729,21.904861,22.212143,21.870644,21.973259,22.058662,22.229179,21.939064,22.007431,21.921967,21.956161,21.853539,21.956161,21.990349,22.092789,22.041588,22.195107,21.939064,22.024513,21.939064,22.092789,21.819290,21.956161,21.870644,21.870644,21.613518,21.990349,21.682167,21.647850,21.596336,21.853539,21.956161,21.887764,21.819290,21.870644,21.716469,21.716469,21.630684,21.750755,21.733620,21.596336,21.750755,21.870644,21.665016,21.544792,21.544792,21.613518,21.372734,21.544792,21.527603,21.476021,21.665016,21.424393,21.665016,21.682167,21.579163,21.544792,21.716469,21.527603,21.596336,21.613518,21.682167,21.767891,21.785027,21.750755,21.750755,21.613518,21.767891,21.785027,21.819290,21.819290,21.699318,21.665016,21.596336,21.579163,21.596336,21.596336,21.441612,21.561981,21.424393,21.458817,21.234810,21.217552,21.338272,21.131203,21.096642,20.888908,21.010155,20.871582,20.923576,20.854233,20.819542,20.680634,20.767487,20.871582,20.715385,20.854233,20.940895,20.871582,20.871582,20.750122,20.628487,20.906242,20.836899,20.524055,20.593697,20.558884,20.628487,20.349724,20.279877,20.314804,20.122513,20.122513,20.209976,19.999893,19.912178,19.841957,19.789246,20.069977,19.560417,19.630898,19.754082,19.754082,19.542793,19.542793,19.648506,19.330948,19.295586,19.171692,19.118538,19.401619,19.224815,19.118538,19.207108,19.029869,18.870033,18.905579,18.638596,18.620766,18.299164,18.084076,17.922386,17.670250,17.145554,16.818245,16.617607,16.269951,15.902481,15.644325,15.348373,15.385422,15.162895,15.237137,15.032837,15.125755,15.088600,14.883965,15.181458,15.070015,14.995636,14.939812,15.070015,15.181458,15.032837,15.032837,15.014244,15.107178,14.958420,15.088600,14.995636,14.883965,15.032837,14.995636,14.958420,15.144333,15.051422,14.977043,14.995636,14.995636,14.846703,15.032837,14.958420,14.883965,15.088600,14.883965,14.995636,14.828064,14.939812,14.958420,14.977043,14.865326,14.883965,14.828064,14.846703,14.958420,14.939812,14.604141,14.660179,14.846703,14.753487,14.828064,14.790794,14.883965,14.734833,14.790794,15.032837,14.846703,14.921196,14.921196,14.846703,14.846703,14.772133,14.828064,14.939812,14.958420,14.697517,14.865326,14.734833,14.939812,14.865326,14.809425,14.846703,14.809425,14.995636,14.753487,14.809425,14.790794,14.921196,14.846703,14.846703,14.790794,14.883965,14.697517,14.772133,14.865326,14.902580,14.772133,14.809425,14.921196,14.902580,14.753487,14.865326,14.716171,14.846703,14.660179,14.753487,14.995636,14.883965,14.828064,14.753487,14.977043,14.716171,14.939812,14.902580,14.846703,14.660179,14.828064,14.902580,14.828064,14.809425,14.678848,14.734833,14.939812,14.958420,14.846703,14.790794,14.846703,14.790794,14.865326,14.678848,14.809425,14.865326,14.921196,14.697517,14.734833,14.772133,14.828064,14.902580,15.070015,15.032837,14.995636,14.921196,14.734833,14.921196,14.846703,15.032837,14.828064,14.883965,14.995636,14.828064,14.865326,14.772133,14.753487,14.902580,14.772133,14.939812,14.697517,14.753487,14.846703,14.902580,14.958420,14.883965,14.865326,14.883965,14.883965,15.162895,15.051422,15.125755,15.255684,14.977043,14.995636,14.921196,15.125755,14.995636,15.144333,15.070015,14.995636,14.939812,14.809425,14.921196,14.846703,14.678848,14.809425,14.697517,14.678848,14.828064,14.828064,14.660179,14.809425,14.678848,14.828064,14.790794,14.734833,14.846703,14.995636,14.772133,14.660179,14.865326,14.828064,14.809425,14.753487,14.809425,14.660179,14.809425,14.921196,14.734833,14.753487,14.809425,14.697517,14.734833,14.846703,14.846703,14.977043,14.566772,14.697517,14.585457,14.772133,14.753487,14.660179,14.883965,14.734833,14.716171,14.641502,14.828064,14.716171,14.846703,14.865326,14.660179,14.548080,14.622826,14.641502,14.678848,14.660179,14.678848,14.660179,14.828064,14.660179,14.697517,14.883965,14.678848,14.846703,14.921196,14.604141,14.772133,14.958420,14.716171,14.678848,14.716171,14.865326,14.846703,14.716171,14.883965,14.809425,14.790794,14.697517,14.548080,14.716171,14.604141,14.772133,14.716171,14.604141,14.846703,14.790794,14.716171,14.865326,14.883965,15.200020,14.995636,14.753487,15.107178,14.678848,14.828064,14.753487,14.697517,15.162895,15.070015,15.125755,15.088600,15.181458,14.883965,14.958420,15.088600,14.958420,15.125755,14.939812,14.921196,15.051422,15.070015,15.014244,14.772133,14.846703,14.846703,15.032837,15.014244,15.200020,14.883965,15.237137,15.107178,15.088600,14.958420,15.329842,
15.403938,15.014244,15.107178,15.107178,14.902580,15.051422,15.237137,15.162895,15.107178,14.958420,15.181458,14.995636,15.107178,15.032837,15.032837,15.107178,14.939812,15.144333,14.883965,15.070015,14.977043,15.311302,15.237137,15.274223,15.348373,15.514977,15.828796,16.196571,16.562805,17.109245,17.525826,17.886406,18.173759,18.424385,18.816673,19.207108,19.207108,19.489883,19.560417,19.824394,19.789246,19.964821,19.929733,20.297348,19.964821,20.052460,20.105003,20.227455,20.297348,20.262413,20.332268,20.489220,20.419502,20.471802,20.454369,20.419502,20.489220,20.524055,20.419502,20.419502,20.576286,20.698021,20.593697,20.524055,20.558884,20.767487,20.802200,20.836899,20.593697,20.715385,20.645866,20.923576,20.784843,20.784843,20.698021,20.906242,20.888908,20.836899,21.113914,21.062057,21.044754,21.010155,20.975533,21.096642,20.906242,21.079346,20.923576,21.027458,20.992851,20.854233,20.767487,20.854233,20.958221,20.698021,21.131203,20.958221,20.958221,21.062057,21.165756,21.321045,21.234810,21.027458,21.338272,21.493217,21.200287,21.234810,21.286568,21.286568,21.183029,21.303802,21.217552,21.131203,20.992851,21.303802,21.234810,21.234810,21.079346,21.286568,21.217552,21.407181,21.476021,21.544792,21.510414,21.389961,21.561981,21.458817,21.630684,21.665016,21.561981,21.682167,21.544792,21.750755,21.372734,21.527603,21.493217,21.476021,21.476021,21.596336,21.579163,21.355507,21.476021,21.596336,21.596336,21.596336,21.579163,21.647850,21.579163,21.699318,21.665016,21.613518,21.527603,21.785027,21.561981,21.665016,21.682167,21.630684,22.024513,21.973259,21.921967,21.990349,21.853539,21.750755,21.836411,22.024513,21.956161,21.921967,21.767891,21.956161,21.956161,21.750755,21.750755,21.682167,21.596336,21.630684,21.767891,21.750755,21.716469,21.613518,21.750755,21.665016,21.544792,21.802162,21.613518,21.682167,21.647850,21.613518,21.665016,21.819290,21.613518,21.699318,21.904861,21.561981,21.785027,21.973259,21.836411,21.956161,21.904861,22.007431,21.921967,21.973259,22.075729,22.007431,22.075729,22.007431,22.007431,22.024513,22.195107,21.836411,21.990349,22.007431,21.887764,21.921967,21.921967,21.921967,22.007431,22.024513,21.921967,22.024513,22.007431,22.092789,21.853539,21.990349,21.802162,21.836411,21.785027,21.750755,21.802162,21.647850,21.819290,21.767891,21.785027,21.802162,21.836411,21.767891,21.665016,21.579163,21.647850,21.785027,21.630684,21.665016,21.767891,21.682167,21.682167,21.630684,21.561981,21.682167,21.476021,21.527603,21.544792,21.510414,21.527603,21.493217,21.476021,21.544792,21.544792,21.561981,21.544792,21.441612,21.596336,21.441612,21.596336,21.887764,21.579163,21.802162,21.682167,21.647850,21.630684,21.665016,21.613518,21.630684,21.665016,21.544792,21.596336,21.613518,21.579163,21.579163,21.579163,21.493217,21.458817,21.269310,21.183029,21.148476,21.303802,21.096642,21.079346,21.079346,20.923576,20.819542,20.732758,20.680634,20.628487,20.819542,20.784843,20.802200,20.698021,20.784843,20.888908,20.906242,20.732758,20.854233,20.732758,20.715385,20.750122,20.471802,20.506645,20.558884,20.558884,20.506645,20.524055,20.297348,20.140007,20.174995,20.174995,19.964821,19.894638,19.964821,19.806816,19.859520,19.736496,19.789246,19.841957,19.630898,19.630898,19.525154,19.348618,19.454590,19.313263,19.330948,19.029869,19.224815,19.012123,19.277893,19.153984,19.029869,18.941109,18.781090,18.709869,18.370735,18.263351,18.119965,17.904396,17.525826,17.344955,16.963875,16.526253,16.214928,15.920883,15.736610,15.533455,15.403938,15.200020,15.014244,14.958420,14.865326,14.939812,15.125755,14.865326,14.939812,15.088600,15.032837,15.144333,14.958420,14.977043,15.088600,15.032837,14.958420,15.144333,14.977043,15.014244,15.051422,14.921196,15.125755,14.902580,15.125755,14.902580,14.902580,14.958420,14.902580,15.200020,14.958420,14.753487,15.125755,15.032837,15.070015,15.014244,15.032837,14.865326,14.846703,14.902580,14.902580,14.995636,14.921196,14.939812,14.734833,14.958420,14.865326,14.753487,14.939812,14.865326,14.828064,14.772133,14.734833,14.865326,14.958420,14.790794,14.883965,14.865326,14.772133,14.921196,14.772133,14.716171,14.790794,14.828064,14.921196,15.014244,14.716171,14.865326,14.902580,14.790794,14.902580,14.939812,14.902580,14.772133,14.809425,14.753487,14.921196,14.716171,14.809425,14.734833,14.921196,14.716171,14.753487,14.641502,14.828064,14.846703,14.697517,14.678848,14.772133,14.660179,14.790794,14.491982,14.678848,14.734833,14.697517,14.660179,14.753487,14.734833,14.753487,14.883965,14.865326,14.435844,14.865326,14.716171,14.883965,14.883965,14.809425,14.865326,14.753487,14.697517,14.865326,14.809425,14.697517,14.883965,14.846703,14.716171,14.828064,14.828064,14.958420,14.697517,14.772133,14.921196,14.809425,14.921196,14.977043,14.828064,14.828064,14.883965,14.846703,14.939812,14.902580,15.051422,14.939812,14.790794,14.883965,14.678848,14.772133,14.790794,14.921196,14.697517,14.753487,14.902580,14.678848,14.846703,14.809425,14.772133,14.883965,14.753487,14.585457,14.828064,14.846703,14.790794,14.939812,14.995636,14.995636,15.088600,14.902580,15.070015,15.144333,14.995636,14.958420,15.014244,15.014244,14.809425,14.902580,14.902580,14.883965,14.772133,14.772133,14.902580,14.846703,14.753487,14.622826,14.921196,14.865326,14.772133,14.660179,14.622826,14.697517,14.548080,14.772133,14.734833,14.902580,14.697517,14.921196,14.716171,14.921196,14.846703,14.883965,14.678848,14.865326,14.734833,14.734833,14.678848,14.772133,14.641502,14.734833,14.753487,14.790794,14.734833,14.828064,14.790794,14.734833,14.622826,14.865326,14.790794,14.641502,14.790794,14.734833,14.734833,14.716171,14.790794,14.604141,14.809425,14.660179,14.548080,14.753487,14.716171,14.566772,14.678848,14.622826,14.921196,14.604141,14.660179,14.809425,14.846703,14.772133,14.678848,14.790794,14.790794,14.846703,14.622826,14.678848,14.865326,14.865326,14.883965,14.828064,14.790794,14.753487,14.883965,14.883965,14.865326,14.790794,14.772133,14.921196,14.753487,14.828064,14.790794,14.921196,14.678848,14.902580,14.958420,14.846703,14.865326,14.772133,14.734833,14.865326,14.790794,14.697517,14.660179,14.772133,14.772133,14.902580,14.939812,15.014244,14.734833,14.902580,14.921196,14.902580,15.014244,14.828064,15.088600,15.014244,14.902580,14.995636,14.958420,14.772133,14.939812,14.865326,14.939812,15.014244,14.977043,15.237137,14.939812,15.014244,15.144333,15.181458,15.107178,15.051422,15.181458,15.422462,
15.422462,15.237137,14.958420,14.902580,15.125755,14.995636,15.107178,14.921196,15.032837,15.181458,15.144333,15.088600,14.977043,14.958420,14.921196,15.032837,15.366905,15.032837,15.088600,14.902580,15.292770,15.237137,15.107178,15.385422,15.551949,15.736610,15.976097,16.233269,16.727104,16.982056,17.471611,17.652206,18.227524,18.531555,18.816673,19.029869,19.242508,19.666115,19.701309,19.999893,19.877083,19.982353,20.052460,19.947273,20.017418,20.192490,20.052460,20.244934,20.034943,20.192490,20.244934,20.297348,20.192490,20.419502,20.349724,20.541473,20.489220,20.436943,20.419502,20.611084,20.419502,20.715385,20.906242,20.524055,20.524055,20.576286,20.611084,20.611084,20.663254,20.715385,20.888908,20.923576,20.767487,20.802200,20.767487,20.923576,20.750122,20.802200,20.854233,21.044754,21.079346,21.113914,20.940895,21.027458,20.958221,21.217552,21.079346,21.079346,21.010155,20.784843,20.906242,21.062057,20.923576,21.113914,20.888908,20.906242,21.096642,21.044754,21.079346,21.165756,21.234810,21.338272,21.165756,21.200287,21.096642,21.269310,21.389961,21.079346,21.389961,21.441612,21.183029,21.131203,21.183029,21.131203,21.165756,21.165756,21.217552,21.234810,21.338272,21.286568,21.389961,21.372734,21.510414,21.338272,21.424393,21.407181,21.527603,21.389961,21.596336,21.561981,21.510414,21.441612,21.458817,21.424393,21.493217,21.407181,21.424393,21.458817,21.458817,21.424393,21.493217,21.407181,21.424393,21.561981,21.613518,21.647850,21.647850,21.596336,21.596336,21.493217,21.527603,21.613518,21.682167,21.544792,21.767891,21.733620,21.716469,21.853539,21.973259,21.870644,21.870644,21.802162,21.990349,22.075729,22.007431,21.956161,21.682167,21.973259,21.750755,21.785027,21.836411,21.785027,21.716469,21.596336,21.579163,21.819290,21.596336,21.630684,21.544792,21.493217,21.596336,21.716469,21.733620,21.596336,21.836411,21.733620,21.647850,21.613518,21.561981,21.630684,21.750755,21.785027,21.665016,21.853539,22.007431,21.990349,21.836411,21.819290,21.973259,22.024513,22.007431,21.990349,21.904861,21.990349,22.058662,22.109856,21.785027,22.092789,21.819290,21.836411,21.939064,21.836411,21.990349,21.853539,21.973259,21.887764,21.870644,22.058662,21.956161,22.092789,21.870644,21.921967,21.853539,21.939064,21.579163,21.870644,21.973259,21.647850,21.767891,21.579163,21.870644,21.836411,21.733620,21.802162,21.836411,21.819290,21.733620,21.682167,21.579163,21.665016,21.716469,21.596336,21.733620,21.733620,21.785027,21.699318,21.682167,21.389961,21.510414,21.596336,21.389961,21.596336,21.613518,21.561981,21.527603,21.630684,21.493217,21.647850,21.613518,21.699318,21.561981,21.716469,21.750755,21.579163,21.579163,21.476021,21.596336,21.441612,21.596336,21.321045,21.544792,21.424393,21.476021,21.544792,21.613518,21.338272,21.321045,21.372734,21.200287,21.252068,21.148476,21.079346,21.148476,20.923576,20.958221,20.871582,20.750122,20.784843,20.698021,20.732758,20.732758,20.645866,20.558884,20.802200,20.732758,20.663254,20.663254,20.645866,20.436943,20.906242,20.645866,20.767487,20.558884,20.471802,20.645866,20.384621,20.454369,20.419502,20.262413,20.262413,20.227455,20.157509,20.087494,19.947273,20.087494,19.666115,19.999893,19.736496,19.841957,19.824394,19.648506,19.789246,19.525154,19.401619,19.419281,19.277893,19.295586,19.313263,19.313263,19.065346,19.047615,19.207108,19.065346,19.171692,18.923340,18.781090,18.709869,18.585091,18.263351,18.102013,17.634163,17.543900,17.236252,17.036591,16.434807,16.196571,15.884071,15.644325,15.292770,15.403938,15.348373,15.051422,15.218575,15.088600,14.828064,15.051422,15.144333,15.181458,14.865326,15.014244,15.088600,14.977043,15.107178,15.088600,15.088600,14.883965,15.107178,14.977043,15.200020,15.107178,14.958420,14.995636,14.846703,15.237137,14.977043,15.032837,14.995636,15.032837,14.921196,14.995636,15.051422,14.977043,15.107178,14.977043,14.921196,14.921196,14.902580,14.939812,14.865326,14.921196,14.902580,14.883965,15.014244,14.977043,14.734833,14.939812,14.809425,14.921196,14.995636,14.548080,14.809425,14.977043,14.716171,15.070015,14.678848,14.846703,14.958420,14.883965,14.772133,14.883965,14.883965,14.865326,14.921196,14.902580,14.809425,14.846703,14.846703,14.809425,14.697517,14.809425,14.977043,14.977043,14.772133,14.809425,14.846703,14.846703,14.846703,14.883965,14.846703,14.883965,14.921196,14.958420,14.865326,14.921196,14.809425,14.865326,14.865326,14.660179,14.846703,14.678848,14.753487,14.865326,14.753487,14.697517,14.790794,14.566772,14.809425,14.772133,14.902580,14.790794,14.753487,14.809425,14.790794,14.846703,14.753487,14.921196,14.772133,14.921196,14.846703,14.790794,14.772133,14.865326,14.828064,14.846703,14.995636,14.790794,14.790794,14.865326,14.790794,14.958420,14.790794,14.865326,15.032837,14.846703,14.883965,15.014244,14.921196,14.883965,14.809425,14.958420,14.902580,14.939812,14.790794,14.828064,14.939812,14.790794,14.697517,14.790794,15.144333,14.622826,14.958420,14.678848,14.865326,14.753487,14.828064,14.865326,14.828064,14.902580,14.716171,14.846703,14.641502,14.995636,14.958420,15.088600,15.051422,15.088600,15.088600,15.125755,15.032837,15.032837,15.162895,15.051422,14.958420,15.070015,15.032837,14.622826,14.977043,15.014244,14.921196,14.716171,14.716171,14.678848,14.641502,14.865326,14.529381,14.828064,14.697517,14.883965,14.865326,14.865326,14.828064,14.865326,14.660179,14.846703,14.921196,14.772133,14.865326,14.828064,14.678848,14.939812,14.772133,14.734833,14.734833,14.734833,14.753487,14.622826,14.716171,14.753487,14.734833,14.828064,14.790794,14.772133,14.921196,14.846703,14.753487,14.809425,14.772133,14.828064,14.660179,14.678848,14.846703,14.809425,14.641502,14.585457,14.790794,14.660179,14.846703,14.772133,14.865326,14.716171,14.828064,14.734833,14.734833,14.902580,14.902580,14.883965,14.734833,14.604141,14.753487,14.660179,15.088600,14.865326,14.753487,14.716171,14.846703,14.678848,14.921196,14.734833,14.697517,14.846703,14.939812,14.977043,15.051422,14.977043,14.809425,14.734833,14.828064,14.678848,14.678848,14.772133,14.753487,14.883965,14.921196,14.921196,14.809425,14.660179,14.846703,14.772133,14.734833,14.641502,14.753487,14.902580,14.939812,15.162895,14.958420,15.107178,14.977043,14.921196,15.051422,15.032837,14.902580,14.939812,14.846703,15.107178,15.032837,15.032837,14.939812,14.958420,14.958420,15.107178,14.939812,14.958420,14.921196,14.958420,15.218575,15.051422,15.070015,15.088600,15.070015,15.162895,
15.274223,15.403938,15.348373,15.144333,14.939812,15.274223,15.162895,15.051422,15.051422,15.107178,15.292770,15.051422,14.883965,14.883965,15.051422,14.809425,14.977043,15.125755,15.051422,15.070015,14.939812,14.939812,15.292770,15.311302,15.125755,15.533455,15.773499,16.178230,16.507973,16.836464,17.054764,17.561958,18.209602,18.406502,18.692055,19.065346,19.383957,19.542793,19.683716,19.754082,19.824394,19.841957,20.069977,19.947273,19.947273,20.034943,20.122513,20.367180,20.140007,20.227455,20.209976,20.244934,20.489220,20.454369,20.419502,20.489220,20.262413,20.489220,20.489220,20.628487,20.349724,20.524055,20.593697,20.611084,20.506645,20.767487,20.436943,20.871582,20.663254,20.541473,20.489220,20.663254,20.767487,20.819542,20.593697,20.593697,20.819542,20.923576,20.888908,20.854233,20.819542,20.958221,20.940895,20.975533,21.200287,21.010155,21.113914,21.010155,21.010155,21.027458,20.958221,20.992851,21.062057,21.010155,20.958221,21.079346,21.010155,21.062057,21.200287,21.200287,21.252068,21.424393,21.441612,21.252068,21.476021,21.234810,21.217552,21.044754,21.252068,21.217552,21.062057,21.096642,21.010155,21.234810,21.183029,21.131203,21.113914,21.234810,21.217552,21.441612,21.338272,21.303802,21.389961,21.527603,21.234810,21.544792,21.252068,21.493217,21.424393,21.424393,21.355507,21.407181,21.321045,21.476021,21.424393,21.476021,21.424393,21.424393,21.476021,21.441612,21.355507,21.561981,21.389961,21.527603,21.407181,21.561981,21.493217,21.493217,21.476021,21.458817,21.613518,21.716469,21.493217,21.372734,21.665016,21.699318,21.613518,21.699318,21.699318,21.887764,21.836411,21.921967,21.853539,21.956161,21.921967,21.802162,21.853539,22.041588,21.785027,21.767891,21.853539,21.819290,21.647850,21.647850,21.647850,21.544792,21.596336,21.630684,21.699318,21.699318,21.716469,21.596336,21.561981,21.750755,21.665016,21.510414,21.579163,21.630684,21.596336,21.716469,21.767891,21.939064,21.665016,21.870644,21.819290,22.007431,21.819290,21.956161,22.007431,22.058662,21.836411,22.075729,22.024513,22.041588,22.109856,21.973259,22.075729,21.904861,21.904861,21.939064,21.733620,21.767891,21.939064,21.904861,21.973259,22.024513,21.939064,21.939064,21.921967,21.939064,21.785027,21.973259,21.853539,21.870644,21.750755,21.990349,21.853539,21.802162,21.767891,21.699318,21.887764,21.716469,21.836411,21.939064,21.853539,21.647850,21.750755,21.921967,21.699318,21.647850,21.630684,21.921967,21.887764,21.733620,21.733620,21.767891,21.458817,21.544792,21.647850,21.372734,21.476021,21.630684,21.682167,21.699318,21.493217,21.613518,21.510414,21.647850,21.561981,21.476021,21.750755,21.596336,21.561981,21.510414,21.544792,21.510414,21.372734,21.613518,21.389961,21.579163,21.510414,21.699318,21.389961,21.338272,21.424393,21.303802,21.269310,21.321045,21.234810,21.079346,21.183029,21.027458,21.027458,21.010155,20.940895,20.715385,20.663254,20.663254,20.541473,20.558884,20.767487,20.541473,20.576286,20.819542,20.680634,20.611084,20.471802,20.680634,20.750122,20.680634,20.698021,20.680634,20.698021,20.645866,20.454369,20.593697,20.419502,20.402061,20.367180,20.227455,20.140007,20.279877,19.999893,20.017418,19.947273,19.789246,19.877083,19.771667,19.683716,19.912178,19.507530,19.489883,19.436943,19.542793,19.419281,19.507530,19.295586,19.295586,19.295586,19.100807,19.330948,19.065346,19.136261,18.976631,18.958870,18.958870,18.585091,18.709869,18.299164,18.048164,17.814415,17.507759,17.091087,16.982056,16.581078,16.361572,16.086403,15.773499,15.422462,15.551949,15.329842,15.162895,15.032837,15.144333,14.977043,14.977043,14.958420,15.014244,15.181458,14.958420,15.014244,15.181458,14.883965,15.107178,15.032837,15.144333,15.014244,14.921196,14.995636,15.107178,15.051422,14.790794,14.865326,15.070015,14.846703,14.921196,15.051422,14.977043,15.125755,14.977043,15.032837,15.070015,14.921196,14.902580,15.032837,14.995636,14.995636,15.014244,14.772133,14.939812,14.995636,15.014244,15.014244,14.865326,14.772133,14.902580,14.753487,14.958420,14.865326,14.865326,14.846703,14.809425,14.958420,14.902580,14.790794,14.734833,14.977043,14.939812,14.809425,14.734833,14.660179,14.809425,14.921196,14.921196,14.865326,14.790794,14.734833,14.716171,14.697517,14.716171,14.753487,14.790794,14.716171,14.772133,14.809425,15.051422,14.772133,14.846703,14.865326,14.828064,14.921196,14.865326,14.846703,14.697517,14.790794,14.660179,14.697517,14.790794,14.697517,14.846703,14.622826,14.809425,14.790794,14.772133,14.809425,14.921196,14.902580,14.865326,14.865326,14.772133,14.846703,14.809425,14.790794,14.772133,14.716171,14.921196,14.846703,14.846703,14.865326,14.753487,14.753487,14.697517,14.772133,14.865326,14.809425,14.902580,14.790794,14.772133,14.660179,14.828064,14.883965,14.716171,14.790794,14.846703,14.921196,14.902580,14.772133,14.939812,15.032837,14.995636,14.977043,14.753487,14.846703,14.977043,14.921196,14.716171,14.921196,14.790794,14.921196,14.828064,14.678848,14.865326,14.828064,14.697517,14.585457,14.753487,14.734833,14.809425,14.790794,14.734833,14.734833,14.828064,14.865326,15.200020,14.958420,14.977043,14.883965,14.958420,14.939812,15.088600,14.939812,14.995636,15.107178,14.865326,15.088600,14.828064,15.014244,14.734833,14.865326,14.529381,14.622826,14.678848,14.641502,14.678848,14.846703,14.678848,14.678848,14.809425,14.846703,15.088600,14.809425,14.846703,14.678848,15.014244,14.828064,14.921196,14.529381,14.678848,14.772133,14.809425,14.828064,14.772133,14.921196,14.604141,14.697517,14.734833,14.678848,14.716171,14.883965,14.678848,14.790794,14.828064,14.641502,14.716171,14.697517,14.790794,14.772133,14.772133,14.660179,14.790794,14.772133,14.809425,14.790794,14.678848,14.753487,14.790794,14.548080,14.753487,14.716171,14.641502,14.846703,14.716171,14.939812,14.902580,14.716171,14.585457,14.716171,14.734833,14.622826,14.883965,14.902580,14.660179,14.995636,14.753487,14.883965,14.753487,14.790794,14.772133,14.753487,14.622826,14.697517,14.809425,14.660179,14.846703,14.753487,14.883965,14.809425,14.678848,14.921196,14.790794,14.846703,14.809425,14.828064,14.734833,14.734833,14.921196,14.716171,14.939812,14.716171,14.734833,14.902580,14.753487,14.753487,14.809425,14.902580,15.051422,14.958420,14.977043,14.697517,14.921196,14.977043,15.070015,15.051422,14.921196,14.939812,14.772133,14.902580,14.939812,14.977043,15.032837,15.162895,15.125755,15.162895,15.088600,15.125755,15.125755,14.921196,15.292770,15.255684,15.181458,
15.255684,15.329842,15.070015,15.144333,14.753487,15.162895,15.088600,15.088600,15.051422,15.255684,15.125755,15.107178,15.088600,15.181458,15.051422,15.255684,15.200020,14.921196,14.977043,15.218575,15.107178,15.070015,15.162895,15.533455,15.403938,15.662788,15.884071,16.012886,16.599342,16.891090,17.163704,17.706314,18.048164,18.549400,18.620766,19.083084,19.189407,19.401619,19.683716,19.877083,19.789246,19.894638,20.087494,20.262413,19.912178,19.999893,19.929733,20.052460,20.436943,20.052460,20.034943,20.402061,20.454369,20.384621,20.419502,20.611084,20.349724,20.402061,20.367180,20.576286,20.593697,20.541473,20.454369,20.489220,20.732758,20.576286,20.489220,20.628487,20.611084,20.645866,20.698021,20.663254,20.593697,20.732758,20.628487,20.698021,20.628487,20.767487,20.854233,20.802200,21.027458,20.836899,21.062057,21.010155,21.027458,21.044754,21.027458,20.992851,20.992851,21.044754,21.113914,21.027458,20.992851,21.200287,21.148476,20.940895,21.165756,20.975533,21.303802,21.372734,21.424393,21.389961,21.321045,21.252068,21.355507,21.389961,21.303802,21.338272,21.217552,21.165756,20.992851,21.165756,21.148476,20.854233,21.062057,21.044754,21.113914,21.183029,21.200287,21.148476,21.493217,21.200287,21.200287,21.303802,21.234810,21.458817,21.321045,21.355507,21.338272,21.493217,21.338272,21.510414,21.217552,21.389961,21.286568,21.389961,21.372734,21.372734,21.355507,21.476021,21.441612,21.355507,21.252068,21.510414,21.424393,21.389961,21.630684,21.493217,21.544792,21.510414,21.441612,21.647850,21.596336,21.767891,21.699318,21.767891,21.716469,21.802162,21.802162,21.819290,21.785027,21.819290,21.956161,21.767891,22.024513,21.853539,21.921967,21.750755,21.819290,21.853539,21.785027,21.527603,21.613518,21.647850,21.665016,21.544792,21.630684,21.458817,21.579163,21.596336,21.510414,21.493217,21.853539,21.596336,21.527603,21.647850,21.510414,21.767891,21.665016,21.613518,21.544792,21.750755,21.716469,21.802162,21.802162,21.767891,21.750755,21.802162,21.853539,22.007431,21.973259,21.956161,21.921967,21.870644,21.887764,21.990349,21.836411,22.041588,21.785027,21.853539,21.785027,21.921967,21.716469,21.904861,21.853539,21.819290,21.904861,21.904861,21.836411,22.109856,21.785027,21.956161,21.990349,21.836411,21.819290,21.819290,21.750755,21.870644,21.904861,21.973259,21.836411,21.733620,21.802162,21.853539,21.973259,21.750755,21.750755,21.802162,21.853539,21.733620,21.802162,21.785027,21.716469,21.750755,21.819290,21.665016,21.527603,21.647850,21.510414,21.561981,21.372734,21.527603,21.561981,21.476021,21.699318,21.579163,21.458817,21.596336,21.527603,21.785027,21.613518,21.527603,21.630684,21.441612,21.665016,21.579163,21.389961,21.338272,21.234810,21.527603,21.527603,21.389961,21.458817,21.338272,21.372734,21.458817,21.321045,21.062057,21.044754,21.200287,21.044754,21.010155,20.958221,20.906242,20.784843,20.836899,20.628487,20.645866,20.506645,20.436943,20.802200,20.628487,20.506645,20.436943,20.593697,20.628487,20.645866,20.454369,20.489220,20.611084,20.611084,20.454369,20.489220,20.558884,20.367180,20.436943,20.506645,20.402061,20.524055,20.262413,20.087494,20.227455,19.999893,20.069977,19.824394,19.806816,19.947273,19.701309,19.648506,19.771667,19.701309,19.578049,19.507530,19.419281,19.330948,19.242508,19.366287,19.313263,19.383957,18.994377,19.313263,19.029869,18.887802,19.118538,19.029869,18.709869,18.620766,18.513702,18.352852,17.994278,17.598068,17.363060,17.163704,17.000237,16.654121,16.123146,15.810371,15.607391,15.588913,15.329842,15.014244,15.255684,15.070015,14.958420,14.790794,15.032837,15.070015,15.144333,15.088600,15.014244,15.125755,14.902580,14.846703,14.958420,15.292770,14.995636,14.939812,15.051422,14.977043,15.014244,14.809425,14.883965,14.921196,14.921196,14.939812,14.995636,14.939812,15.237137,14.958420,15.070015,14.977043,14.921196,14.865326,14.977043,14.865326,14.958420,15.014244,15.032837,14.828064,15.088600,14.921196,14.921196,14.921196,14.939812,14.772133,14.958420,14.660179,14.883965,14.790794,14.958420,15.051422,14.716171,14.809425,14.846703,14.734833,14.865326,14.977043,14.641502,14.772133,14.865326,14.790794,14.828064,14.902580,14.809425,14.902580,14.753487,14.697517,14.678848,14.902580,14.809425,14.790794,14.828064,14.734833,14.772133,14.846703,14.828064,15.014244,14.883965,14.809425,14.883965,14.977043,14.809425,14.641502,14.883965,14.846703,14.921196,14.846703,14.716171,14.753487,14.660179,14.641502,14.958420,14.828064,14.828064,14.734833,14.697517,14.697517,14.846703,14.716171,14.828064,14.716171,14.772133,14.883965,14.809425,14.697517,14.883965,14.865326,14.809425,14.753487,14.846703,14.958420,14.828064,14.678848,14.846703,14.697517,15.032837,14.734833,14.958420,14.809425,14.846703,14.921196,14.734833,14.809425,14.828064,14.753487,14.958420,15.070015,14.902580,14.958420,14.790794,14.865326,14.753487,14.828064,14.846703,14.921196,14.865326,15.032837,14.772133,14.828064,14.716171,14.772133,14.921196,14.660179,14.902580,14.865326,14.734833,14.865326,14.697517,14.921196,14.809425,14.660179,14.828064,14.939812,15.125755,15.070015,15.181458,14.865326,14.977043,14.995636,15.237137,15.255684,15.218575,14.977043,14.921196,15.144333,15.051422,14.921196,14.790794,14.697517,14.939812,14.753487,14.809425,14.772133,14.828064,14.790794,14.716171,14.734833,14.883965,14.809425,14.939812,14.790794,14.846703,14.921196,14.846703,14.921196,15.032837,14.734833,14.828064,14.846703,14.790794,14.753487,14.734833,14.753487,14.790794,14.846703,14.790794,14.678848,14.716171,14.846703,15.014244,14.846703,14.939812,14.772133,14.846703,14.790794,14.772133,14.977043,14.772133,14.678848,14.753487,14.697517,14.809425,14.529381,14.846703,14.529381,14.716171,14.865326,14.865326,14.678848,14.790794,14.641502,14.809425,14.790794,14.697517,14.883965,14.734833,14.716171,14.772133,14.660179,14.641502,15.032837,14.883965,14.566772,14.790794,14.641502,14.790794,14.566772,14.660179,14.883965,14.790794,14.753487,14.734833,14.660179,14.790794,14.865326,14.865326,14.753487,14.921196,14.622826,14.772133,14.883965,14.772133,14.753487,14.753487,14.716171,14.883965,14.958420,14.883965,14.734833,14.846703,14.678848,14.902580,14.734833,14.921196,14.883965,14.921196,14.902580,14.921196,15.032837,14.977043,14.641502,15.051422,14.921196,14.921196,14.921196,15.032837,15.088600,15.014244,15.032837,15.162895,14.977043,15.181458,14.995636,15.200020,14.995636,15.292770,15.014244,15.181458,15.162895,15.496475,
15.348373,14.958420,15.162895,14.958420,15.088600,15.051422,15.014244,15.218575,15.107178,14.958420,14.902580,15.237137,14.921196,15.144333,14.902580,15.014244,15.181458,15.032837,15.051422,15.162895,15.181458,15.218575,15.125755,15.237137,15.274223,15.403938,15.865646,16.178230,16.635872,17.000237,17.706314,17.670250,17.994278,18.460121,18.887802,19.153984,19.313263,19.683716,19.718910,19.841957,19.683716,19.841957,19.894638,19.982353,19.982353,19.999893,20.140007,20.244934,20.244934,20.227455,20.052460,20.384621,20.227455,20.367180,20.314804,20.384621,20.367180,20.593697,20.332268,20.349724,20.593697,20.558884,20.558884,20.558884,20.506645,20.698021,20.680634,20.715385,20.628487,20.628487,20.611084,20.715385,20.645866,20.663254,20.767487,20.767487,20.611084,20.802200,20.888908,20.888908,21.079346,21.027458,20.836899,21.079346,20.975533,21.079346,21.010155,21.131203,20.992851,21.062057,20.923576,21.062057,20.975533,21.044754,21.044754,20.940895,21.027458,21.234810,21.321045,21.234810,21.286568,21.527603,21.269310,21.372734,21.441612,21.321045,21.286568,21.355507,21.338272,21.252068,21.234810,21.200287,21.165756,21.269310,21.027458,21.096642,21.372734,20.940895,21.217552,21.303802,21.062057,21.269310,21.303802,21.355507,21.303802,21.338272,21.355507,21.286568,21.286568,21.200287,21.441612,21.561981,21.389961,21.355507,21.493217,21.407181,21.217552,21.234810,21.286568,21.407181,21.303802,21.389961,21.389961,21.476021,21.234810,21.389961,21.596336,21.424393,21.493217,21.647850,21.355507,21.493217,21.441612,21.630684,21.596336,21.665016,21.785027,21.870644,21.682167,21.613518,21.870644,21.853539,21.956161,21.819290,21.750755,21.802162,21.750755,21.716469,21.716469,21.716469,21.424393,21.544792,21.493217,21.389961,21.372734,21.510414,21.441612,21.613518,21.372734,21.407181,21.544792,21.458817,21.458817,21.372734,21.372734,21.424393,21.389961,21.527603,21.527603,21.355507,21.441612,21.630684,21.647850,21.750755,21.665016,21.596336,21.716469,21.870644,21.921967,21.870644,21.853539,21.921967,21.767891,21.802162,21.819290,21.870644,21.904861,21.870644,21.750755,21.750755,21.596336,21.870644,21.973259,21.750755,21.647850,22.041588,21.887764,21.819290,21.870644,21.665016,21.699318,21.887764,21.819290,21.939064,21.716469,21.802162,21.785027,21.921967,22.024513,21.802162,21.853539,21.870644,21.853539,22.041588,21.870644,21.819290,22.024513,21.939064,21.870644,21.785027,21.699318,21.750755,21.853539,21.836411,21.596336,21.767891,21.613518,21.613518,21.407181,21.613518,21.510414,21.561981,21.441612,21.493217,21.321045,21.407181,21.647850,21.424393,21.544792,21.596336,21.510414,21.407181,21.527603,21.579163,21.303802,21.458817,21.338272,21.424393,21.372734,21.476021,21.321045,21.286568,21.217552,21.561981,21.372734,21.252068,21.234810,21.303802,21.113914,21.010155,20.871582,20.958221,20.992851,20.802200,20.645866,20.732758,20.715385,20.454369,20.576286,20.419502,20.402061,20.593697,20.558884,20.384621,20.524055,20.558884,20.489220,20.419502,20.558884,20.593697,20.663254,20.750122,20.471802,20.628487,20.611084,20.611084,20.419502,20.384621,20.297348,20.262413,20.192490,19.982353,20.105003,20.209976,20.052460,19.789246,19.754082,19.806816,19.771667,19.789246,19.701309,19.507530,19.648506,19.436943,19.401619,19.436943,19.419281,19.136261,19.207108,19.189407,19.047615,19.012123,19.083084,19.100807,18.923340,18.745483,18.709869,18.531555,18.317062,18.048164,17.706314,17.561958,17.091087,16.891090,16.489677,16.178230,15.994492,15.810371,15.440964,15.440964,15.311302,15.200020,14.921196,15.107178,15.107178,15.144333,15.200020,14.939812,15.070015,15.051422,15.014244,15.088600,15.014244,15.125755,14.939812,15.051422,15.144333,14.958420,14.939812,15.051422,14.977043,15.032837,14.921196,15.181458,14.958420,14.939812,15.125755,15.181458,14.921196,15.125755,14.865326,15.014244,14.939812,14.977043,14.995636,15.051422,14.939812,14.939812,14.809425,15.125755,14.939812,15.051422,14.865326,14.995636,14.977043,14.846703,14.828064,14.921196,14.865326,14.883965,14.939812,14.772133,14.790794,14.846703,14.865326,14.734833,14.958420,14.846703,14.977043,14.865326,14.883965,14.809425,14.772133,15.014244,14.734833,14.939812,14.660179,14.995636,14.772133,14.846703,14.995636,14.902580,14.846703,14.678848,14.977043,14.883965,14.883965,14.753487,14.828064,14.958420,14.697517,14.660179,14.846703,14.753487,14.697517,14.790794,14.697517,14.828064,14.828064,14.716171,14.622826,14.958420,14.604141,14.641502,14.697517,14.846703,14.846703,14.865326,14.753487,14.697517,14.865326,14.753487,14.790794,14.790794,14.734833,14.846703,14.939812,14.977043,14.734833,14.846703,14.753487,14.958420,14.846703,14.809425,14.902580,14.958420,14.697517,14.790794,14.883965,15.032837,14.697517,14.828064,14.828064,15.051422,14.902580,14.772133,14.939812,14.902580,14.939812,15.107178,14.977043,15.032837,14.902580,14.977043,14.883965,14.828064,14.809425,14.734833,14.902580,14.977043,14.846703,14.753487,14.902580,14.585457,14.734833,15.051422,14.753487,14.622826,14.753487,14.865326,14.883965,14.883965,14.939812,15.088600,14.995636,14.753487,15.144333,15.014244,15.144333,15.162895,15.051422,15.032837,15.144333,14.995636,14.977043,15.051422,14.846703,14.921196,14.828064,14.678848,14.790794,14.697517,14.697517,14.958420,14.809425,14.697517,14.846703,14.809425,14.902580,14.697517,14.809425,14.828064,14.846703,14.939812,14.883965,14.734833,14.883965,14.641502,14.734833,14.865326,14.772133,14.753487,14.772133,14.753487,14.809425,14.921196,14.846703,14.716171,14.865326,14.716171,14.716171,14.790794,14.716171,14.790794,14.828064,14.809425,14.697517,14.585457,14.902580,14.641502,14.697517,14.772133,14.809425,14.753487,14.697517,14.604141,14.753487,14.828064,14.753487,14.995636,14.772133,14.734833,14.772133,14.716171,14.716171,14.660179,14.958420,14.883965,14.753487,14.622826,14.958420,14.828064,14.883965,14.678848,14.772133,14.772133,14.753487,14.828064,14.697517,14.753487,14.790794,14.865326,14.772133,15.014244,14.865326,14.790794,14.716171,14.902580,14.641502,14.716171,14.753487,14.641502,14.939812,14.790794,15.014244,14.828064,14.828064,14.958420,14.753487,14.846703,14.939812,14.865326,14.809425,14.958420,14.995636,15.014244,14.939812,14.921196,14.977043,15.181458,14.753487,14.958420,15.200020,15.070015,15.014244,14.660179,15.088600,15.144333,15.014244,15.292770,15.125755,14.809425,14.939812,14.809425,14.995636,15.088600,14.958420,15.032837,15.088600,15.088600,
15.144333,15.070015,14.958420,15.144333,14.958420,15.144333,14.921196,14.977043,15.144333,14.939812,15.107178,15.107178,15.088600,15.181458,15.032837,14.939812,14.995636,15.107178,14.977043,15.200020,15.144333,15.237137,15.200020,15.348373,15.551949,15.884071,15.551949,16.251610,16.434807,17.054764,17.308739,17.706314,17.994278,18.495850,18.513702,19.029869,19.366287,19.578049,19.595665,19.736496,19.754082,19.947273,19.877083,19.894638,19.964821,20.069977,19.929733,19.947273,20.122513,20.209976,20.017418,20.332268,20.297348,20.384621,20.454369,20.209976,20.332268,20.367180,20.384621,20.314804,20.419502,20.506645,20.506645,20.611084,20.436943,20.628487,20.576286,20.576286,20.906242,20.802200,20.767487,20.611084,20.819542,20.524055,20.802200,20.767487,20.680634,20.663254,20.715385,20.802200,20.940895,20.940895,20.871582,20.992851,21.079346,21.044754,20.958221,20.958221,21.131203,20.923576,21.113914,20.940895,20.975533,20.975533,21.062057,21.303802,21.303802,21.148476,21.303802,21.493217,21.321045,21.338272,21.321045,21.286568,21.389961,21.510414,21.389961,21.338272,21.303802,21.234810,21.252068,21.165756,20.958221,21.234810,21.010155,21.096642,21.148476,21.079346,21.252068,21.269310,21.217552,21.217552,21.269310,21.286568,21.217552,21.355507,21.234810,21.234810,21.441612,21.458817,21.252068,21.424393,21.303802,21.338272,21.303802,21.407181,21.424393,21.321045,21.338272,21.596336,21.355507,21.527603,21.441612,21.355507,21.561981,21.441612,21.596336,21.527603,21.476021,21.303802,21.596336,21.527603,21.355507,21.665016,21.613518,21.630684,21.613518,21.870644,21.870644,21.613518,21.630684,21.716469,21.647850,21.682167,21.630684,21.699318,21.579163,21.802162,21.561981,21.441612,21.630684,21.458817,21.527603,21.389961,21.372734,21.493217,21.389961,21.458817,21.424393,21.510414,21.424393,21.407181,21.372734,21.389961,21.476021,21.493217,21.458817,21.458817,21.441612,21.441612,21.407181,21.630684,21.407181,21.510414,21.596336,21.699318,21.665016,21.665016,21.699318,21.836411,21.802162,21.682167,21.853539,21.767891,21.870644,21.904861,21.956161,21.716469,21.904861,21.819290,21.596336,21.750755,21.682167,21.630684,21.647850,21.802162,21.836411,21.527603,21.921967,21.853539,21.802162,21.733620,21.836411,21.733620,21.647850,21.716469,21.733620,21.767891,21.887764,21.802162,21.819290,21.853539,21.887764,21.733620,21.939064,21.836411,21.904861,21.750755,21.939064,21.819290,21.853539,21.802162,21.870644,21.802162,21.853539,21.819290,21.544792,21.493217,21.630684,21.647850,21.579163,21.596336,21.407181,21.561981,21.510414,21.613518,21.527603,21.561981,21.510414,21.630684,21.527603,21.303802,21.510414,21.286568,21.493217,21.407181,21.372734,21.424393,21.510414,21.476021,21.355507,21.183029,21.269310,21.355507,21.338272,21.321045,21.131203,21.321045,21.338272,21.252068,21.027458,21.062057,20.992851,20.888908,20.802200,20.663254,20.645866,20.541473,20.489220,20.419502,20.489220,20.593697,20.524055,20.436943,20.576286,20.402061,20.524055,20.541473,20.593697,20.454369,20.454369,20.541473,20.784843,20.471802,20.558884,20.349724,20.419502,20.279877,20.192490,20.227455,20.349724,20.174995,20.069977,20.034943,20.087494,19.789246,20.105003,19.859520,19.630898,19.648506,19.578049,19.666115,19.560417,19.454590,19.436943,19.295586,19.224815,19.419281,19.100807,19.242508,19.153984,19.224815,18.941109,19.153984,18.852249,18.976631,18.870033,18.406502,18.263351,17.976311,17.724342,17.598068,17.109245,17.036591,16.635872,16.251610,15.828796,15.718163,15.496475,15.366905,15.348373,15.218575,15.051422,15.051422,15.107178,15.125755,15.070015,15.014244,15.070015,15.107178,15.181458,15.107178,15.107178,14.995636,15.181458,14.939812,14.958420,14.958420,15.144333,15.014244,14.865326,15.014244,15.070015,15.014244,15.014244,15.125755,14.939812,15.032837,15.107178,15.014244,15.051422,14.958420,14.846703,15.107178,14.921196,14.883965,14.977043,14.977043,14.977043,14.977043,15.144333,15.014244,15.070015,14.865326,14.883965,14.828064,14.958420,14.790794,14.772133,14.828064,14.921196,14.939812,14.865326,14.958420,14.902580,14.902580,15.014244,14.921196,14.921196,14.865326,14.865326,14.809425,14.883965,14.883965,14.883965,14.790794,14.753487,14.902580,14.902580,14.939812,14.921196,14.939812,14.772133,14.846703,14.809425,14.921196,14.939812,14.753487,14.995636,14.828064,14.846703,14.641502,14.828064,14.734833,14.641502,14.697517,14.790794,14.939812,14.772133,14.753487,14.828064,14.828064,14.716171,14.865326,14.828064,14.846703,14.902580,14.753487,14.921196,14.883965,14.790794,14.883965,14.660179,14.753487,14.902580,14.809425,14.772133,14.734833,14.902580,14.958420,14.865326,14.790794,14.809425,14.902580,14.809425,14.939812,14.604141,14.716171,14.865326,14.883965,14.660179,14.809425,14.865326,15.051422,15.070015,14.883965,14.921196,14.939812,14.902580,14.865326,14.921196,14.753487,14.809425,14.921196,14.865326,14.977043,14.660179,14.902580,14.622826,14.883965,14.566772,14.902580,14.865326,14.977043,14.772133,14.772133,14.753487,14.883965,14.716171,14.939812,14.846703,14.809425,14.846703,14.977043,15.088600,14.995636,15.255684,15.088600,15.162895,14.902580,15.200020,14.958420,14.828064,14.977043,15.014244,14.865326,14.977043,14.865326,14.846703,14.809425,14.977043,14.883965,14.734833,14.828064,14.641502,14.660179,14.846703,14.828064,14.846703,14.697517,14.921196,14.772133,14.865326,15.032837,14.939812,14.772133,14.660179,14.790794,14.697517,14.641502,14.846703,14.734833,14.734833,14.828064,14.809425,14.678848,14.772133,14.660179,14.921196,14.921196,14.790794,14.809425,14.734833,14.697517,14.622826,14.585457,14.697517,14.846703,14.790794,14.772133,14.622826,14.622826,14.883965,14.846703,14.641502,14.790794,14.902580,14.734833,14.697517,14.958420,14.697517,14.510681,14.902580,14.697517,14.697517,14.716171,14.809425,14.772133,14.772133,14.678848,14.753487,14.716171,14.753487,14.828064,14.641502,14.828064,14.977043,14.809425,14.883965,14.604141,14.734833,14.809425,14.622826,14.641502,14.772133,14.995636,14.678848,14.828064,14.883965,14.772133,14.641502,14.883965,14.902580,14.939812,14.809425,14.902580,14.977043,14.678848,14.883965,14.865326,14.865326,14.883965,14.977043,14.828064,14.828064,15.014244,14.772133,14.865326,14.939812,14.865326,15.032837,15.125755,15.125755,14.828064,14.902580,14.865326,15.051422,15.218575,15.051422,14.977043,15.218575,15.125755,15.144333,14.809425,14.958420,14.939812,15.274223,14.828064,15.255684,15.440964,
15.422462,15.032837,15.032837,15.162895,14.865326,15.014244,14.939812,15.144333,14.828064,15.200020,15.070015,15.014244,15.032837,15.181458,15.144333,14.977043,15.218575,15.051422,15.051422,15.051422,14.939812,15.107178,15.496475,15.311302,15.440964,15.718163,15.976097,16.288277,16.654121,16.800026,17.363060,17.688278,18.227524,18.281258,18.798889,18.994377,19.295586,19.525154,19.806816,19.648506,19.859520,19.929733,19.999893,20.087494,19.912178,20.017418,19.912178,20.157509,20.209976,20.140007,20.332268,20.262413,20.244934,20.174995,20.367180,20.349724,20.367180,20.402061,20.506645,20.384621,20.384621,20.402061,20.506645,20.506645,20.663254,20.593697,20.402061,20.506645,20.645866,20.715385,20.680634,20.402061,20.784843,20.836899,20.906242,20.750122,20.663254,20.836899,20.750122,20.836899,20.992851,21.062057,20.940895,21.062057,20.975533,20.992851,21.113914,20.958221,20.940895,21.165756,20.906242,21.148476,21.321045,21.079346,21.096642,21.096642,21.096642,21.493217,21.269310,21.527603,21.372734,21.389961,21.407181,21.596336,21.286568,21.269310,21.269310,21.441612,21.510414,21.269310,21.321045,21.096642,21.113914,21.010155,21.131203,21.027458,21.044754,21.062057,21.148476,21.148476,21.424393,21.113914,21.113914,21.252068,21.200287,21.200287,21.407181,21.062057,21.338272,21.200287,21.269310,21.372734,21.234810,21.355507,21.183029,21.338272,21.389961,21.355507,21.338272,21.407181,21.338272,21.407181,21.252068,21.493217,21.596336,21.441612,21.458817,21.441612,21.699318,21.424393,21.493217,21.527603,21.424393,21.183029,21.613518,21.579163,21.561981,21.613518,21.785027,21.819290,21.733620,21.716469,21.699318,21.699318,21.767891,21.682167,21.647850,21.613518,21.579163,21.767891,21.630684,21.355507,21.355507,21.630684,21.424393,21.630684,21.510414,21.493217,21.321045,21.407181,21.510414,21.441612,21.596336,21.476021,21.389961,21.424393,21.355507,21.458817,21.510414,21.458817,21.493217,21.303802,21.630684,21.733620,21.699318,21.750755,21.630684,21.836411,21.733620,21.733620,21.733620,21.682167,21.716469,21.836411,21.853539,21.750755,21.802162,21.836411,21.647850,21.579163,21.733620,21.579163,21.716469,21.750755,21.733620,21.647850,21.785027,21.665016,21.665016,21.665016,21.682167,21.630684,21.750755,21.750755,21.699318,21.630684,21.613518,21.510414,21.665016,21.665016,21.904861,21.733620,21.870644,21.510414,21.716469,21.767891,21.887764,21.716469,21.716469,21.767891,21.665016,21.750755,21.853539,21.733620,21.613518,21.441612,21.527603,21.750755,21.476021,21.321045,21.441612,21.476021,21.355507,21.596336,21.321045,21.544792,21.458817,21.389961,21.355507,21.441612,21.458817,21.269310,21.424393,21.355507,21.234810,21.269310,21.131203,21.217552,21.217552,21.372734,21.217552,21.441612,21.321045,21.269310,21.217552,21.252068,21.183029,21.131203,21.079346,21.079346,21.148476,21.010155,20.958221,20.871582,20.611084,20.628487,20.349724,20.419502,20.402061,20.367180,20.454369,20.471802,20.384621,20.454369,20.454369,20.506645,20.436943,20.384621,20.419502,20.506645,20.645866,20.541473,20.698021,20.524055,20.645866,20.489220,20.402061,20.314804,20.402061,20.209976,20.017418,19.964821,19.894638,19.929733,20.034943,19.806816,19.736496,19.736496,19.718910,19.595665,19.683716,19.419281,19.436943,19.595665,19.595665,19.348618,19.401619,19.260208,19.295586,19.171692,19.171692,19.189407,19.189407,18.976631,18.798889,18.781090,18.585091,18.460121,18.030205,17.922386,17.724342,17.471611,17.163704,16.909286,16.471397,16.123146,15.902481,15.755058,15.385422,15.348373,15.125755,15.255684,15.125755,15.032837,15.014244,15.032837,15.107178,15.107178,14.958420,14.939812,15.070015,14.958420,14.921196,15.032837,14.958420,15.051422,15.107178,15.107178,15.051422,15.051422,14.977043,15.032837,15.070015,15.125755,14.846703,15.014244,14.865326,14.921196,14.790794,14.828064,14.977043,14.883965,14.790794,14.939812,15.051422,15.088600,15.051422,14.865326,15.014244,14.921196,14.977043,14.902580,14.977043,15.014244,14.828064,14.828064,14.790794,14.753487,14.753487,14.865326,14.790794,14.753487,14.958420,14.809425,14.753487,15.070015,14.790794,14.902580,14.790794,14.902580,14.902580,14.828064,14.958420,14.902580,14.772133,14.883965,14.828064,14.734833,14.753487,14.734833,14.772133,14.846703,14.865326,14.846703,14.921196,14.828064,14.846703,14.977043,14.846703,14.753487,14.846703,14.809425,14.828064,14.828064,14.809425,14.753487,14.883965,14.883965,14.734833,14.939812,15.014244,14.828064,14.809425,14.734833,14.939812,14.828064,14.697517,14.716171,14.809425,14.678848,14.883965,14.865326,14.790794,14.716171,14.809425,14.678848,14.790794,14.939812,14.902580,15.032837,14.697517,14.734833,14.753487,14.753487,14.678848,14.772133,14.716171,14.921196,14.883965,15.014244,14.809425,14.809425,14.790794,14.883965,14.921196,15.014244,14.902580,14.846703,14.902580,14.902580,14.995636,14.977043,14.846703,14.846703,15.032837,14.902580,14.660179,14.865326,14.828064,14.734833,14.902580,14.846703,14.921196,14.678848,14.660179,14.921196,14.772133,14.809425,14.753487,14.753487,14.716171,14.958420,14.790794,15.051422,14.883965,14.958420,15.274223,15.144333,14.883965,15.014244,15.181458,14.939812,14.865326,14.883965,14.883965,14.790794,14.902580,15.014244,14.995636,14.921196,14.846703,14.772133,14.865326,14.734833,14.753487,14.790794,14.753487,14.865326,14.921196,14.977043,14.828064,14.846703,14.660179,14.921196,14.939812,15.032837,14.977043,14.678848,14.958420,14.828064,14.716171,14.772133,14.772133,14.585457,14.716171,14.790794,14.716171,14.697517,14.660179,14.883965,14.790794,14.865326,14.566772,14.846703,14.921196,14.678848,14.902580,14.921196,14.865326,14.585457,14.697517,14.716171,14.678848,14.790794,14.697517,14.921196,14.772133,14.566772,14.734833,14.697517,14.753487,14.604141,14.809425,14.697517,14.772133,14.697517,14.772133,14.790794,14.846703,14.622826,14.734833,14.622826,14.622826,14.846703,14.865326,14.790794,14.846703,14.883965,14.753487,14.772133,14.902580,14.846703,14.846703,14.753487,14.921196,14.753487,14.790794,14.790794,14.977043,14.958420,14.865326,15.014244,14.865326,14.865326,14.828064,14.828064,14.809425,14.865326,14.977043,14.846703,14.753487,14.921196,15.144333,14.809425,14.716171,14.902580,14.828064,15.125755,15.032837,15.014244,14.977043,14.958420,15.051422,15.200020,15.070015,15.088600,14.995636,14.977043,14.846703,15.125755,15.051422,15.088600,14.995636,14.939812,14.977043,15.125755,15.088600,14.995636,15.107178,15.255684,
15.237137,15.070015,15.088600,15.311302,14.977043,15.274223,15.088600,15.014244,15.032837,15.125755,15.070015,14.995636,15.107178,14.977043,14.995636,14.865326,15.014244,15.107178,15.329842,14.865326,14.977043,15.088600,15.181458,15.329842,15.514977,15.902481,15.828796,15.939293,16.489677,17.109245,17.218117,17.904396,18.102013,18.513702,18.388626,18.887802,19.224815,19.578049,19.666115,19.754082,19.912178,19.982353,19.894638,20.087494,20.174995,19.982353,20.192490,20.034943,19.999893,20.069977,20.140007,20.349724,20.069977,20.227455,20.174995,20.332268,20.332268,20.384621,20.314804,20.593697,20.436943,20.558884,20.384621,20.506645,20.593697,20.506645,20.524055,20.663254,20.802200,20.611084,20.645866,20.593697,20.541473,20.732758,20.784843,20.906242,20.854233,20.698021,20.836899,20.906242,20.888908,20.958221,21.096642,20.923576,21.079346,20.992851,20.888908,21.303802,21.062057,21.217552,21.096642,21.338272,21.355507,21.234810,21.200287,21.113914,21.321045,21.200287,21.476021,21.527603,21.527603,21.476021,21.372734,21.579163,21.510414,21.407181,21.217552,21.407181,21.165756,21.407181,21.234810,21.252068,21.062057,21.183029,21.079346,21.148476,21.113914,21.027458,21.062057,21.010155,21.441612,21.303802,21.321045,21.269310,21.269310,21.321045,21.252068,21.286568,21.200287,21.355507,21.321045,21.458817,21.303802,21.165756,21.303802,21.252068,21.338272,21.372734,21.510414,21.338272,21.389961,21.441612,21.476021,21.476021,21.321045,21.338272,21.527603,21.510414,21.441612,21.355507,21.269310,21.476021,21.389961,21.389961,21.458817,21.407181,21.665016,21.544792,21.716469,21.579163,21.682167,21.596336,21.802162,21.544792,21.527603,21.596336,21.458817,21.630684,21.441612,21.579163,21.372734,21.613518,21.441612,21.630684,21.424393,21.527603,21.579163,21.389961,21.527603,21.458817,21.544792,21.441612,21.407181,21.510414,21.424393,21.561981,21.510414,21.510414,21.493217,21.372734,21.441612,21.527603,21.441612,21.682167,21.699318,21.596336,21.802162,21.716469,21.682167,21.887764,21.665016,21.750755,21.647850,21.699318,21.767891,21.699318,21.647850,21.750755,21.596336,21.596336,21.458817,21.665016,21.458817,21.613518,21.579163,21.682167,21.579163,21.665016,21.596336,21.853539,21.544792,21.493217,21.596336,21.682167,21.630684,21.613518,21.665016,21.579163,21.561981,21.699318,21.904861,21.647850,21.733620,21.802162,21.819290,21.767891,21.561981,21.819290,21.647850,21.785027,21.665016,21.819290,21.699318,21.699318,21.544792,21.665016,21.699318,21.407181,21.407181,21.407181,21.355507,21.476021,21.527603,21.458817,21.441612,21.493217,21.476021,21.544792,21.372734,21.424393,21.286568,21.458817,21.441612,21.165756,21.321045,21.217552,21.010155,21.355507,21.303802,21.252068,21.200287,21.027458,21.338272,21.269310,21.113914,21.338272,21.148476,21.096642,21.148476,21.044754,21.044754,20.992851,20.732758,20.871582,20.819542,20.628487,20.489220,20.384621,20.471802,20.227455,20.384621,20.506645,20.436943,20.384621,20.332268,20.384621,20.576286,20.384621,20.680634,20.558884,20.576286,20.576286,20.506645,20.680634,20.489220,20.489220,20.384621,20.174995,20.332268,20.192490,20.192490,20.244934,19.947273,20.052460,19.754082,19.999893,19.841957,19.894638,19.736496,19.595665,19.754082,19.578049,19.613289,19.507530,19.454590,19.542793,19.277893,19.207108,19.295586,19.171692,19.295586,19.189407,19.260208,19.118538,18.958870,18.905579,18.709869,18.424385,18.334953,18.030205,17.994278,17.543900,17.036591,16.727104,16.379883,16.159874,15.994492,15.662788,15.440964,15.403938,15.181458,15.125755,15.088600,15.032837,15.070015,15.181458,15.032837,15.200020,15.051422,14.995636,15.051422,15.144333,15.162895,15.032837,14.977043,15.125755,14.977043,14.977043,15.014244,14.921196,15.014244,14.958420,15.051422,15.144333,15.032837,14.995636,15.088600,15.014244,15.125755,15.051422,15.051422,15.014244,14.958420,14.902580,15.032837,15.088600,14.828064,15.144333,14.865326,14.977043,14.716171,14.995636,14.958420,14.902580,15.181458,14.902580,14.883965,14.809425,15.032837,14.902580,14.902580,14.846703,14.921196,14.734833,14.846703,14.772133,15.014244,14.753487,14.883965,14.828064,15.032837,14.828064,14.828064,14.865326,14.865326,14.790794,15.070015,14.921196,14.865326,14.921196,14.828064,14.828064,14.772133,14.883965,14.753487,14.883965,14.846703,14.902580,14.846703,14.846703,14.809425,14.883965,14.809425,14.883965,14.622826,14.809425,14.790794,14.604141,14.772133,14.790794,14.772133,14.716171,14.734833,14.697517,14.939812,14.734833,14.828064,14.790794,14.865326,14.921196,14.846703,14.921196,14.697517,14.883965,14.846703,14.790794,14.753487,14.734833,14.883965,14.622826,14.809425,14.939812,14.678848,14.716171,14.958420,14.883965,14.753487,14.846703,14.809425,14.809425,14.958420,14.678848,14.828064,14.828064,14.939812,15.162895,14.790794,14.921196,14.846703,14.939812,14.828064,14.939812,14.939812,14.921196,14.939812,14.958420,14.809425,14.977043,14.846703,14.753487,14.772133,14.772133,14.883965,14.828064,14.790794,14.865326,14.809425,14.716171,14.846703,14.772133,14.716171,14.995636,15.088600,14.977043,15.014244,14.902580,15.255684,15.051422,14.921196,15.162895,15.070015,15.200020,15.088600,15.032837,15.051422,14.958420,15.088600,14.865326,14.846703,14.939812,14.790794,14.846703,14.790794,14.977043,14.753487,14.809425,14.846703,14.697517,14.828064,14.865326,14.828064,15.014244,14.828064,14.809425,14.790794,14.883965,14.772133,14.828064,14.846703,14.790794,14.809425,14.716171,14.734833,14.883965,14.939812,14.809425,14.828064,14.846703,14.734833,14.846703,14.660179,14.846703,14.828064,14.716171,14.734833,14.828064,14.678848,14.902580,14.604141,14.883965,14.641502,14.753487,14.772133,14.716171,14.790794,14.716171,14.883965,14.772133,14.716171,14.716171,14.772133,14.585457,14.678848,14.753487,14.772133,14.809425,14.622826,14.697517,14.734833,14.660179,14.753487,14.902580,14.846703,14.790794,14.678848,14.753487,14.828064,14.883965,14.958420,14.772133,14.697517,14.828064,14.790794,14.958420,14.939812,14.716171,14.790794,14.622826,14.883965,14.846703,14.734833,14.697517,14.958420,14.846703,14.753487,15.014244,14.865326,14.809425,14.809425,14.902580,14.641502,14.958420,14.883965,14.902580,15.014244,14.753487,14.828064,14.828064,15.014244,14.977043,14.828064,15.255684,15.218575,14.995636,14.921196,15.032837,14.921196,15.125755,15.014244,15.070015,15.107178,14.995636,15.014244,14.939812,15.070015,14.995636,14.809425,14.921196,14.995636,15.237137,
15.292770,15.200020,15.125755,14.995636,15.200020,15.125755,15.255684,15.051422,15.070015,14.883965,14.883965,15.107178,15.088600,15.014244,15.107178,15.032837,15.014244,14.865326,14.958420,15.181458,15.014244,14.939812,15.144333,15.477974,15.607391,15.588913,15.699715,16.141510,16.214928,16.891090,17.072929,17.904396,18.012245,18.317062,18.727684,19.100807,19.189407,19.578049,19.648506,19.841957,19.666115,20.087494,19.736496,19.859520,19.929733,19.947273,20.052460,20.052460,20.017418,20.192490,20.052460,20.105003,20.227455,20.314804,20.332268,20.332268,20.297348,20.332268,20.297348,20.349724,20.489220,20.436943,20.279877,20.593697,20.524055,20.454369,20.524055,20.506645,20.611084,20.541473,20.506645,20.750122,20.576286,20.767487,20.715385,20.715385,20.819542,20.506645,20.923576,20.854233,21.217552,20.888908,20.992851,20.975533,21.079346,21.148476,21.096642,21.148476,21.044754,21.096642,21.234810,21.269310,21.200287,21.338272,21.286568,21.303802,21.389961,21.441612,21.407181,21.407181,21.338272,21.407181,21.476021,21.527603,21.476021,21.441612,21.113914,21.510414,21.183029,21.165756,21.252068,21.165756,21.131203,21.079346,21.131203,21.269310,21.234810,20.992851,20.923576,21.062057,21.148476,21.269310,21.131203,21.321045,21.269310,21.269310,21.303802,21.269310,21.389961,21.493217,21.286568,21.252068,21.372734,21.303802,21.252068,21.303802,21.372734,21.338272,21.441612,21.441612,21.252068,21.407181,21.493217,21.493217,21.424393,21.407181,21.303802,21.510414,21.544792,21.579163,21.355507,21.476021,21.338272,21.441612,21.338272,21.561981,21.510414,21.579163,21.527603,21.579163,21.682167,21.424393,21.699318,21.510414,21.613518,21.630684,21.665016,21.579163,21.561981,21.544792,21.389961,21.458817,21.510414,21.441612,21.476021,21.493217,21.424393,21.476021,21.303802,21.424393,21.476021,21.424393,21.493217,21.493217,21.407181,21.613518,21.527603,21.510414,21.424393,21.596336,21.441612,21.458817,21.527603,21.699318,21.733620,21.699318,21.493217,21.510414,21.630684,21.699318,21.733620,21.819290,21.716469,21.853539,21.647850,21.785027,21.733620,21.665016,21.716469,21.544792,21.493217,21.682167,21.613518,21.630684,21.613518,21.853539,21.579163,21.596336,21.579163,21.613518,21.544792,21.699318,21.647850,21.630684,21.544792,21.665016,21.665016,21.579163,21.767891,21.527603,21.579163,21.647850,21.750755,21.750755,21.939064,21.544792,21.665016,21.716469,21.750755,21.750755,21.682167,21.802162,21.647850,21.785027,21.613518,21.630684,21.613518,21.561981,21.407181,21.527603,21.493217,21.544792,21.476021,21.458817,21.389961,21.579163,21.682167,21.493217,21.476021,21.630684,21.458817,21.458817,21.269310,21.407181,21.407181,21.355507,21.131203,21.200287,21.113914,21.113914,21.079346,21.165756,21.252068,21.303802,21.303802,21.079346,21.200287,21.062057,21.079346,21.096642,20.940895,20.871582,20.940895,20.836899,20.767487,20.558884,20.593697,20.384621,20.349724,20.314804,20.419502,20.436943,20.349724,20.192490,20.419502,20.297348,20.541473,20.645866,20.454369,20.611084,20.489220,20.489220,20.645866,20.541473,20.524055,20.611084,20.402061,20.314804,20.157509,20.192490,20.174995,20.174995,20.052460,19.947273,19.841957,19.912178,19.771667,19.824394,19.754082,19.771667,19.877083,19.595665,19.507530,19.525154,19.401619,19.436943,19.383957,19.472237,19.224815,19.136261,19.153984,19.065346,19.171692,19.065346,19.012123,18.763298,18.656418,18.567253,18.388626,18.048164,17.742363,17.381157,17.127403,16.982056,16.617607,16.178230,16.012886,15.699715,15.681252,15.348373,15.070015,15.032837,15.051422,15.107178,14.921196,14.995636,15.107178,15.051422,15.032837,15.125755,14.995636,15.014244,15.014244,15.125755,15.032837,14.995636,15.014244,14.995636,15.014244,15.051422,15.088600,15.032837,14.921196,15.162895,15.125755,15.032837,15.181458,15.051422,15.088600,15.144333,14.995636,15.051422,14.809425,14.958420,15.070015,14.846703,14.995636,14.883965,14.939812,14.902580,14.921196,14.902580,14.828064,14.846703,14.809425,15.014244,14.865326,14.995636,14.809425,14.828064,14.921196,14.939812,14.883965,14.846703,14.902580,14.921196,14.977043,14.846703,14.828064,14.772133,14.883965,14.939812,14.753487,14.921196,14.902580,14.716171,14.716171,14.772133,14.716171,14.958420,14.846703,14.809425,14.734833,14.716171,14.753487,14.846703,14.828064,14.846703,14.939812,14.753487,14.828064,14.716171,14.734833,14.921196,14.697517,14.902580,14.772133,14.939812,14.828064,14.734833,14.753487,14.828064,14.995636,14.902580,14.772133,14.734833,14.921196,14.678848,14.809425,14.716171,14.846703,14.641502,14.809425,14.846703,14.678848,14.902580,14.790794,14.753487,14.846703,14.790794,14.902580,14.678848,14.660179,14.902580,14.660179,14.883965,14.846703,14.772133,14.772133,14.809425,14.809425,14.883965,14.828064,14.958420,14.828064,14.939812,14.883965,14.678848,14.995636,14.977043,15.032837,14.921196,14.939812,14.678848,14.939812,14.846703,15.032837,14.883965,14.902580,14.734833,14.566772,14.828064,14.883965,14.753487,14.846703,14.678848,14.846703,14.772133,14.828064,14.790794,14.883965,14.790794,14.734833,15.181458,14.939812,15.125755,15.107178,15.088600,14.865326,15.051422,15.200020,15.125755,14.865326,14.939812,14.921196,14.809425,14.809425,14.958420,14.753487,14.790794,14.566772,14.790794,14.772133,14.921196,14.772133,14.921196,14.865326,14.883965,14.734833,15.070015,14.697517,14.977043,14.734833,15.014244,14.865326,14.809425,14.790794,14.865326,14.939812,14.939812,15.014244,14.828064,14.641502,15.032837,14.716171,14.846703,14.678848,14.753487,14.716171,14.660179,14.921196,14.734833,14.697517,14.678848,14.753487,14.641502,14.678848,14.697517,14.772133,14.828064,14.753487,14.716171,14.641502,14.828064,14.958420,14.921196,14.529381,14.902580,14.604141,14.660179,14.734833,14.660179,14.883965,14.753487,14.678848,14.865326,14.753487,14.790794,14.753487,14.902580,14.790794,14.809425,14.548080,14.846703,14.753487,14.902580,14.678848,14.828064,14.809425,14.846703,15.070015,14.977043,14.734833,14.753487,15.070015,14.678848,14.809425,14.846703,15.070015,14.902580,14.716171,14.828064,14.734833,14.846703,14.790794,14.883965,15.051422,14.958420,14.716171,14.977043,14.697517,14.846703,14.846703,15.051422,14.939812,15.014244,14.790794,15.032837,14.958420,15.144333,15.051422,15.014244,15.144333,14.921196,15.014244,15.181458,14.939812,14.865326,14.939812,15.107178,15.255684,15.292770,15.070015,15.088600,15.181458,15.274223,15.088600,15.255684,15.070015,15.385422,
15.237137,15.237137,15.125755,15.200020,15.070015,15.107178,14.977043,15.162895,14.977043,14.865326,15.162895,14.753487,15.218575,15.051422,15.162895,15.144333,15.088600,15.218575,15.107178,15.051422,15.051422,15.274223,15.088600,15.422462,15.218575,15.348373,15.865646,16.269951,16.453102,16.818245,17.326851,17.742363,17.940361,18.424385,18.513702,18.976631,19.348618,19.507530,19.578049,19.947273,19.894638,19.754082,20.105003,19.912178,19.877083,20.034943,19.947273,19.982353,19.859520,20.174995,19.929733,20.227455,20.034943,20.087494,20.069977,20.384621,20.279877,20.227455,20.244934,20.262413,20.384621,20.524055,20.384621,20.454369,20.628487,20.645866,20.558884,20.524055,20.611084,20.524055,20.506645,20.558884,20.541473,20.489220,20.871582,20.698021,20.715385,20.819542,20.975533,20.854233,21.131203,20.958221,21.027458,21.044754,21.044754,21.303802,21.131203,21.165756,21.113914,21.441612,21.062057,21.407181,21.148476,21.303802,21.252068,21.458817,21.355507,21.579163,21.561981,21.389961,21.561981,21.424393,21.286568,21.441612,21.252068,21.476021,21.338272,21.441612,21.252068,21.217552,21.234810,21.131203,21.079346,20.975533,21.027458,21.165756,21.062057,21.010155,21.148476,21.148476,21.200287,21.338272,21.338272,21.252068,21.079346,21.148476,21.183029,21.338272,21.355507,21.286568,21.234810,21.321045,21.079346,21.372734,21.286568,21.321045,21.372734,21.338272,21.252068,21.338272,21.321045,21.424393,21.476021,21.321045,21.493217,21.493217,21.527603,21.527603,21.699318,21.458817,21.510414,21.424393,21.303802,21.510414,21.493217,21.476021,21.458817,21.441612,21.389961,21.389961,21.630684,21.665016,21.544792,21.407181,21.682167,21.561981,21.579163,21.493217,21.510414,21.407181,21.596336,21.613518,21.527603,21.493217,21.441612,21.493217,21.441612,21.613518,21.441612,21.407181,21.458817,21.544792,21.424393,21.407181,21.579163,21.510414,21.510414,21.510414,21.321045,21.510414,21.510414,21.476021,21.441612,21.527603,21.510414,21.510414,21.630684,21.613518,21.836411,21.665016,21.630684,21.699318,21.510414,21.665016,21.596336,21.767891,21.561981,21.579163,21.510414,21.647850,21.544792,21.767891,21.716469,21.630684,21.596336,21.613518,21.785027,21.836411,21.647850,21.767891,21.596336,21.699318,21.699318,21.665016,21.647850,21.647850,21.716469,21.699318,21.716469,21.579163,21.665016,21.785027,21.665016,21.767891,21.630684,21.887764,21.630684,21.921967,21.785027,21.750755,21.561981,21.733620,21.596336,21.527603,21.682167,21.544792,21.441612,21.544792,21.510414,21.510414,21.458817,21.476021,21.458817,21.493217,21.510414,21.613518,21.389961,21.561981,21.630684,21.441612,21.441612,21.372734,21.338272,21.303802,21.424393,21.561981,21.165756,21.338272,21.183029,21.424393,21.200287,21.355507,21.200287,21.355507,21.355507,21.234810,21.355507,21.234810,21.062057,21.079346,21.010155,20.975533,20.819542,20.750122,20.802200,20.750122,20.576286,20.454369,20.262413,20.262413,20.297348,20.332268,20.454369,20.279877,20.489220,20.576286,20.314804,20.541473,20.489220,20.436943,20.524055,20.576286,20.558884,20.471802,20.558884,20.645866,20.349724,20.209976,20.227455,20.140007,20.034943,20.157509,20.052460,20.017418,19.824394,19.894638,19.894638,19.754082,19.824394,19.560417,19.666115,19.648506,19.666115,19.348618,19.313263,19.277893,19.366287,19.242508,19.100807,19.224815,19.472237,18.976631,19.029869,18.994377,18.976631,19.047615,18.585091,18.477982,18.137894,17.886406,17.616119,17.435440,17.163704,16.909286,16.562805,16.324928,15.865646,15.662788,15.496475,15.329842,15.144333,15.014244,15.200020,15.014244,15.125755,14.921196,15.162895,14.958420,14.865326,15.162895,15.237137,15.088600,15.107178,15.125755,15.032837,15.162895,15.051422,14.921196,14.958420,15.107178,15.014244,15.088600,14.902580,14.977043,14.958420,14.995636,14.977043,15.125755,14.772133,15.107178,14.958420,15.181458,14.921196,15.051422,14.828064,14.958420,14.939812,15.014244,14.809425,15.014244,14.958420,14.977043,14.846703,14.828064,14.902580,14.809425,14.958420,14.828064,14.865326,14.883965,14.828064,14.772133,14.790794,14.697517,14.865326,14.939812,14.809425,14.902580,14.865326,14.772133,14.753487,14.809425,14.678848,14.828064,14.734833,14.921196,14.753487,14.902580,14.921196,14.790794,14.939812,14.790794,14.716171,14.902580,14.641502,14.828064,14.846703,14.772133,14.921196,14.790794,14.790794,14.809425,14.790794,14.772133,14.697517,14.641502,14.753487,14.548080,14.790794,14.939812,14.734833,14.622826,14.809425,14.921196,14.902580,14.678848,14.846703,14.939812,14.790794,14.772133,14.660179,14.753487,14.660179,14.734833,14.734833,14.902580,14.716171,14.958420,14.828064,14.790794,14.828064,14.697517,14.809425,15.014244,14.790794,15.051422,14.734833,14.995636,14.790794,14.865326,14.828064,14.772133,15.107178,14.958420,14.977043,14.883965,14.865326,14.828064,14.883965,14.939812,14.828064,14.958420,14.921196,14.958420,14.939812,14.921196,14.921196,14.939812,14.846703,14.753487,14.641502,14.921196,14.716171,14.716171,14.678848,14.846703,14.753487,14.846703,14.772133,14.790794,14.790794,14.995636,14.883965,14.902580,15.051422,14.995636,14.977043,14.958420,15.051422,15.051422,15.125755,14.995636,15.125755,14.902580,14.865326,14.939812,14.734833,15.070015,14.772133,14.809425,14.604141,14.716171,14.939812,14.473274,14.734833,14.753487,14.828064,14.678848,14.772133,14.921196,14.790794,14.865326,14.883965,14.921196,14.958420,14.809425,14.790794,14.809425,14.828064,14.734833,14.790794,14.772133,14.790794,14.865326,14.716171,14.828064,14.510681,14.790794,14.734833,14.753487,14.809425,14.902580,14.753487,14.828064,14.772133,14.585457,14.604141,14.772133,14.622826,14.678848,14.846703,14.753487,14.716171,14.697517,14.716171,15.014244,14.790794,14.753487,14.604141,14.697517,14.529381,14.790794,14.902580,14.846703,14.846703,14.734833,14.753487,14.921196,14.678848,14.809425,14.828064,14.753487,14.790794,14.958420,14.939812,14.753487,14.809425,14.641502,14.828064,14.790794,14.660179,14.828064,14.734833,14.809425,14.660179,14.883965,14.790794,14.772133,14.921196,14.734833,14.678848,14.958420,14.585457,14.902580,14.883965,14.846703,14.958420,14.734833,14.995636,15.051422,14.921196,14.846703,14.753487,15.144333,14.865326,14.846703,14.902580,14.958420,14.828064,14.995636,14.809425,14.790794,14.902580,14.958420,15.088600,15.088600,15.032837,14.995636,14.846703,15.051422,14.846703,15.032837,14.921196,15.088600,14.921196,14.921196,15.162895,15.088600,15.032837,15.459480,
15.144333,15.348373,14.865326,15.051422,15.107178,15.200020,15.070015,15.107178,15.125755,15.181458,14.883965,15.181458,14.921196,15.070015,15.477974,15.070015,15.032837,15.181458,15.088600,15.292770,15.088600,15.051422,15.200020,15.274223,15.459480,15.681252,15.533455,16.049652,16.434807,16.927490,17.290627,17.688278,17.994278,18.334953,18.495850,19.065346,19.207108,19.419281,19.648506,19.436943,19.877083,19.859520,20.087494,19.894638,19.999893,19.982353,19.999893,19.859520,19.859520,20.017418,19.964821,20.209976,20.227455,20.227455,20.402061,20.052460,20.105003,20.419502,20.227455,20.244934,20.314804,20.541473,20.524055,20.454369,20.454369,20.489220,20.367180,20.576286,20.558884,20.680634,20.419502,20.784843,20.524055,20.715385,20.698021,20.698021,20.645866,20.750122,20.576286,20.854233,20.611084,21.027458,20.975533,20.923576,20.992851,21.010155,21.252068,21.148476,21.217552,21.200287,21.148476,21.286568,21.389961,21.372734,21.372734,21.355507,21.407181,21.407181,21.476021,21.544792,21.389961,21.647850,21.613518,21.441612,21.493217,21.561981,21.476021,21.407181,21.286568,21.183029,21.096642,21.079346,21.131203,21.252068,20.923576,21.131203,21.096642,21.234810,21.010155,21.234810,21.234810,21.131203,21.338272,21.200287,21.217552,21.252068,21.131203,21.407181,21.148476,21.321045,21.338272,21.200287,21.269310,21.252068,21.424393,21.165756,21.355507,21.476021,21.493217,21.407181,21.372734,21.424393,21.527603,21.561981,21.407181,21.510414,21.510414,21.407181,21.424393,21.321045,21.338272,21.441612,21.441612,21.303802,21.389961,21.579163,21.527603,21.441612,21.303802,21.493217,21.544792,21.544792,21.476021,21.544792,21.596336,21.527603,21.476021,21.647850,21.476021,21.544792,21.493217,21.613518,21.338272,21.441612,21.269310,21.527603,21.303802,21.424393,21.544792,21.407181,21.544792,21.682167,21.544792,21.665016,21.458817,21.355507,21.544792,21.303802,21.389961,21.458817,21.527603,21.441612,21.441612,21.424393,21.527603,21.510414,21.527603,21.579163,21.424393,21.596336,21.579163,21.870644,21.647850,21.647850,21.665016,21.630684,21.561981,21.613518,21.493217,21.819290,21.665016,21.561981,21.613518,21.682167,21.544792,21.682167,21.665016,21.750755,21.561981,21.596336,21.527603,21.630684,21.682167,21.767891,21.682167,21.785027,21.682167,21.682167,21.699318,21.716469,21.561981,21.699318,21.630684,21.733620,21.682167,21.682167,21.802162,21.596336,21.733620,21.630684,21.647850,21.613518,21.682167,21.716469,21.665016,21.716469,21.561981,21.476021,21.579163,21.510414,21.338272,21.493217,21.389961,21.544792,21.493217,21.544792,21.476021,21.510414,21.647850,21.561981,21.424393,21.561981,21.441612,21.338272,21.424393,21.561981,21.286568,21.252068,21.079346,21.062057,21.286568,21.321045,21.355507,21.527603,21.355507,21.200287,21.321045,21.252068,21.458817,21.183029,20.958221,21.027458,21.096642,20.906242,20.854233,20.524055,20.489220,20.524055,20.402061,20.524055,20.436943,20.576286,20.367180,20.436943,20.349724,20.611084,20.489220,20.436943,20.402061,20.628487,20.436943,20.524055,20.524055,20.471802,20.593697,20.454369,20.297348,20.314804,20.332268,20.209976,19.964821,20.140007,20.087494,19.947273,19.999893,19.894638,19.841957,19.806816,19.789246,19.964821,19.525154,19.578049,19.436943,19.666115,19.507530,19.401619,19.366287,19.260208,19.224815,19.260208,19.171692,18.994377,19.153984,19.083084,18.923340,18.763298,18.781090,18.495850,18.406502,18.155830,17.688278,17.616119,17.290627,16.891090,16.617607,16.489677,15.828796,15.625862,15.514977,15.107178,15.274223,15.125755,15.051422,14.977043,14.939812,15.088600,15.032837,15.088600,15.032837,15.051422,15.125755,14.977043,15.125755,15.311302,15.162895,14.995636,14.939812,15.070015,14.939812,15.070015,15.125755,14.958420,15.107178,15.070015,15.125755,15.014244,14.883965,14.958420,15.014244,15.107178,15.181458,14.902580,15.014244,15.162895,14.921196,14.939812,14.977043,14.902580,14.883965,15.237137,14.865326,15.070015,14.921196,14.772133,14.772133,14.939812,14.958420,15.014244,14.753487,14.772133,14.809425,14.883965,14.772133,14.865326,14.921196,14.678848,14.902580,14.865326,14.846703,14.772133,14.865326,14.846703,14.883965,14.846703,14.678848,14.846703,14.753487,14.828064,14.790794,14.604141,14.772133,14.734833,14.865326,14.772133,14.846703,14.846703,14.716171,14.809425,14.772133,14.902580,14.772133,14.865326,14.846703,14.939812,14.604141,14.678848,14.883965,14.828064,14.641502,14.734833,14.697517,14.753487,14.846703,14.902580,14.697517,14.846703,14.491982,14.678848,14.753487,14.828064,14.604141,14.753487,14.883965,14.772133,14.753487,14.809425,14.790794,14.809425,14.734833,14.921196,14.828064,14.846703,14.865326,14.921196,14.734833,14.809425,14.660179,14.921196,14.753487,14.865326,14.809425,14.865326,14.809425,14.958420,14.772133,14.865326,14.883965,14.921196,14.921196,14.846703,14.716171,14.977043,14.921196,14.865326,14.958420,14.958420,14.939812,14.921196,14.846703,15.014244,14.809425,15.051422,14.977043,14.772133,14.809425,14.883965,14.660179,14.865326,14.809425,14.772133,14.734833,14.678848,14.995636,14.958420,14.921196,14.902580,15.070015,14.958420,15.200020,14.995636,14.809425,15.070015,15.125755,15.107178,14.865326,14.958420,14.697517,14.828064,14.716171,14.921196,14.566772,14.828064,14.809425,14.865326,14.828064,14.809425,14.491982,14.697517,14.716171,14.939812,14.641502,14.977043,14.902580,14.753487,14.958420,14.772133,14.921196,14.977043,14.809425,14.921196,14.883965,14.697517,15.014244,14.790794,14.772133,14.622826,14.939812,14.790794,14.697517,14.585457,14.865326,14.865326,14.809425,14.772133,14.772133,14.753487,14.921196,14.678848,14.678848,14.772133,14.697517,14.660179,14.678848,14.809425,14.921196,14.846703,14.865326,14.697517,14.510681,14.697517,14.828064,14.809425,14.790794,14.828064,14.772133,14.753487,14.660179,14.604141,14.809425,14.772133,14.883965,15.032837,14.865326,14.585457,14.828064,14.958420,14.828064,14.697517,14.678848,14.678848,14.790794,14.809425,15.032837,15.088600,14.846703,14.958420,14.678848,14.883965,14.716171,14.678848,14.697517,14.697517,14.921196,14.865326,14.977043,14.772133,14.846703,14.883965,14.921196,15.014244,14.641502,14.846703,15.125755,15.014244,14.846703,15.051422,14.883965,14.939812,14.809425,15.181458,15.107178,14.958420,14.902580,15.144333,15.070015,15.014244,15.144333,15.014244,14.921196,15.107178,14.790794,15.070015,15.070015,15.088600,14.865326,15.032837,15.125755,15.255684,15.032837,15.255684,
15.125755,15.144333,14.977043,15.181458,14.921196,15.088600,14.977043,14.939812,14.995636,15.125755,15.051422,15.107178,15.088600,15.051422,15.070015,15.014244,14.921196,15.032837,14.958420,14.939812,14.939812,14.995636,15.311302,15.274223,15.348373,15.533455,15.699715,16.068031,16.251610,16.872887,17.218117,17.598068,18.102013,18.388626,18.656418,18.905579,19.295586,19.507530,19.683716,19.982353,19.806816,19.841957,19.859520,19.859520,19.912178,19.999893,20.122513,19.912178,19.806816,20.192490,20.017418,20.209976,20.105003,20.244934,20.297348,20.192490,20.332268,20.105003,20.227455,20.454369,20.157509,20.297348,20.297348,20.244934,20.192490,20.419502,20.384621,20.645866,20.558884,20.384621,20.698021,20.436943,20.402061,20.558884,20.524055,20.663254,20.593697,20.802200,20.923576,20.819542,20.784843,20.854233,21.027458,21.148476,21.027458,21.217552,21.113914,21.286568,21.200287,21.372734,21.062057,21.493217,21.321045,21.441612,21.389961,21.613518,21.579163,21.613518,21.630684,21.544792,21.665016,21.596336,21.596336,21.544792,21.544792,21.321045,21.303802,21.493217,21.510414,21.389961,21.096642,21.286568,21.200287,21.234810,21.131203,21.131203,21.044754,21.252068,21.200287,21.303802,21.338272,21.234810,21.131203,21.269310,21.321045,21.321045,21.165756,21.303802,21.338272,21.234810,21.303802,21.441612,21.303802,21.355507,21.269310,21.355507,21.321045,21.476021,21.476021,21.630684,21.510414,21.424393,21.389961,21.321045,21.252068,21.321045,21.561981,21.527603,21.544792,21.424393,21.355507,21.338272,21.321045,21.407181,21.321045,21.200287,21.338272,21.424393,21.355507,21.527603,21.510414,21.338272,21.527603,21.527603,21.665016,21.458817,21.561981,21.561981,21.527603,21.338272,21.510414,21.458817,21.269310,21.561981,21.286568,21.510414,21.493217,21.458817,21.286568,21.321045,21.372734,21.561981,21.458817,21.613518,21.476021,21.389961,21.476021,21.561981,21.269310,21.269310,21.372734,21.476021,21.355507,21.527603,21.389961,21.561981,21.424393,21.527603,21.630684,21.544792,21.596336,21.579163,21.647850,21.510414,21.613518,21.527603,21.579163,21.544792,21.544792,21.613518,21.613518,21.458817,21.579163,21.493217,21.716469,21.699318,21.527603,21.716469,21.767891,21.802162,21.579163,21.665016,21.544792,21.785027,21.458817,21.750755,21.665016,21.561981,21.493217,21.579163,21.596336,21.665016,21.561981,21.699318,21.750755,21.579163,21.647850,21.665016,21.665016,21.630684,21.682167,21.613518,21.750755,21.682167,21.682167,21.613518,21.699318,21.510414,21.493217,21.579163,21.716469,21.596336,21.596336,21.527603,21.579163,21.458817,21.613518,21.458817,21.596336,21.579163,21.476021,21.389961,21.665016,21.579163,21.424393,21.407181,21.269310,21.458817,21.321045,21.269310,21.234810,21.303802,21.355507,21.321045,21.338272,21.441612,21.355507,21.286568,21.217552,21.269310,21.044754,21.338272,21.044754,20.888908,20.888908,20.715385,20.541473,20.506645,20.419502,20.628487,20.402061,20.436943,20.558884,20.489220,20.663254,20.402061,20.576286,20.454369,20.471802,20.489220,20.489220,20.576286,20.454369,20.576286,20.645866,20.279877,20.349724,20.140007,20.506645,20.209976,20.314804,20.087494,20.052460,19.912178,19.824394,19.947273,19.859520,19.560417,19.666115,19.806816,19.754082,19.595665,19.630898,19.313263,19.578049,19.348618,19.171692,19.260208,19.313263,19.118538,19.171692,19.189407,18.958870,19.083084,18.905579,18.745483,18.674240,18.442253,18.263351,17.958336,17.814415,17.399261,17.091087,16.909286,16.581078,16.306610,15.976097,15.736610,15.514977,15.218575,15.237137,15.292770,15.032837,15.125755,14.902580,14.958420,14.995636,15.218575,14.958420,14.995636,15.125755,15.107178,15.144333,14.977043,15.014244,14.958420,14.958420,15.125755,15.107178,15.070015,15.014244,14.995636,15.032837,15.070015,15.107178,15.070015,15.088600,14.995636,14.995636,15.070015,15.088600,14.902580,14.902580,15.144333,14.828064,14.958420,14.958420,14.828064,14.995636,14.865326,15.014244,15.070015,14.995636,14.902580,14.883965,14.958420,14.921196,14.865326,14.790794,14.753487,14.716171,14.697517,14.995636,14.734833,15.032837,14.716171,14.828064,14.790794,14.828064,14.883965,14.790794,14.809425,14.641502,14.622826,14.753487,14.678848,14.939812,14.995636,14.977043,14.846703,14.809425,14.939812,14.846703,14.660179,14.790794,14.678848,14.772133,14.697517,15.014244,14.828064,14.902580,14.734833,14.846703,14.734833,14.977043,14.753487,14.958420,14.828064,14.977043,14.604141,14.939812,14.828064,14.809425,14.734833,14.716171,14.883965,14.921196,14.809425,14.622826,14.510681,14.753487,14.958420,14.772133,14.772133,14.660179,14.809425,14.716171,14.753487,14.753487,14.883965,14.548080,14.939812,14.604141,14.772133,15.051422,14.716171,14.697517,14.977043,14.697517,14.939812,14.902580,14.865326,14.883965,14.939812,15.014244,14.828064,14.846703,14.883965,14.828064,14.958420,14.865326,14.846703,14.921196,14.865326,15.014244,14.902580,14.865326,14.828064,14.883965,14.772133,14.753487,14.865326,14.734833,14.790794,14.548080,14.697517,14.846703,14.902580,14.660179,14.734833,14.772133,15.051422,14.958420,14.921196,15.051422,15.162895,15.070015,14.958420,15.032837,15.107178,15.162895,14.958420,15.088600,14.809425,15.088600,14.846703,14.902580,14.772133,14.716171,14.716171,14.828064,14.734833,14.716171,14.809425,14.790794,14.865326,14.772133,14.921196,14.641502,14.921196,15.051422,15.032837,14.921196,14.846703,14.790794,14.977043,14.716171,14.846703,14.790794,14.921196,14.678848,14.753487,14.641502,14.977043,14.939812,14.790794,14.697517,14.622826,14.734833,14.790794,14.828064,14.809425,14.809425,14.716171,14.622826,14.697517,14.809425,14.716171,14.846703,14.865326,14.734833,14.622826,14.622826,14.828064,14.716171,14.716171,14.622826,14.846703,14.772133,14.809425,14.660179,14.939812,14.828064,14.846703,14.939812,14.734833,14.734833,14.697517,14.828064,14.809425,14.883965,14.977043,14.716171,14.958420,14.604141,15.088600,14.809425,14.921196,14.772133,14.865326,14.846703,14.902580,14.641502,14.753487,14.753487,15.014244,14.566772,14.734833,14.902580,14.772133,14.977043,14.846703,14.846703,14.883965,14.902580,14.734833,15.014244,14.753487,14.790794,14.958420,14.809425,14.883965,14.846703,14.846703,14.772133,14.977043,14.921196,15.070015,14.939812,14.902580,14.865326,14.846703,15.237137,14.977043,14.902580,15.255684,14.995636,14.790794,14.846703,15.107178,14.883965,15.051422,15.162895,15.107178,14.921196,15.088600,15.107178,15.200020,15.311302,15.125755,
14.958420,15.125755,15.144333,15.107178,14.995636,15.237137,14.939812,15.181458,15.125755,14.939812,14.939812,15.218575,14.846703,14.846703,15.181458,14.828064,15.088600,15.200020,14.995636,14.865326,14.846703,15.032837,15.348373,15.292770,15.255684,15.570435,15.920883,16.031273,16.453102,16.818245,17.163704,17.652206,18.084076,18.495850,18.567253,19.065346,19.313263,19.595665,19.648506,19.718910,19.894638,19.982353,19.718910,19.912178,19.982353,19.982353,19.912178,20.122513,20.017418,20.140007,19.964821,20.227455,19.982353,20.227455,20.034943,20.052460,20.209976,20.314804,20.402061,20.506645,20.227455,20.349724,20.349724,20.279877,20.367180,20.349724,20.227455,20.402061,20.524055,20.593697,20.489220,20.698021,20.645866,20.732758,20.558884,20.628487,20.645866,20.524055,20.732758,20.750122,20.645866,20.958221,20.836899,21.010155,21.027458,21.338272,21.010155,21.096642,21.252068,21.269310,21.234810,21.389961,21.424393,21.424393,21.286568,21.476021,21.493217,21.613518,21.527603,21.441612,21.458817,21.544792,21.389961,21.407181,21.458817,21.407181,21.321045,21.321045,21.338272,21.355507,21.200287,21.234810,21.010155,21.165756,21.062057,21.131203,21.148476,21.165756,21.148476,21.234810,21.148476,21.165756,21.200287,21.355507,21.234810,21.286568,21.372734,21.113914,21.493217,21.269310,21.269310,21.269310,21.286568,21.476021,21.252068,21.338272,21.372734,21.527603,21.321045,21.355507,21.527603,21.716469,21.407181,21.596336,21.493217,21.579163,21.424393,21.252068,21.372734,21.596336,21.424393,21.321045,21.389961,21.355507,21.510414,21.510414,21.510414,21.338272,21.510414,21.458817,21.596336,21.424393,21.476021,21.407181,21.493217,21.579163,21.321045,21.510414,21.303802,21.355507,21.510414,21.476021,21.441612,21.510414,21.372734,21.441612,21.338272,21.476021,21.389961,21.544792,21.544792,21.527603,21.321045,21.493217,21.424393,21.544792,21.441612,21.561981,21.372734,21.372734,21.544792,21.476021,21.476021,21.527603,21.424393,21.561981,21.407181,21.407181,21.338272,21.579163,21.458817,21.613518,21.424393,21.527603,21.596336,21.544792,21.665016,21.613518,21.510414,21.493217,21.441612,21.510414,21.527603,21.767891,21.510414,21.630684,21.596336,21.699318,21.630684,21.716469,21.476021,21.527603,21.750755,21.613518,21.561981,21.561981,21.579163,21.544792,21.527603,21.836411,21.596336,21.527603,21.802162,21.767891,21.476021,21.870644,21.476021,21.561981,21.561981,21.596336,21.579163,21.699318,21.682167,21.682167,21.579163,21.510414,21.441612,21.458817,21.510414,21.527603,21.544792,21.579163,21.579163,21.613518,21.665016,21.527603,21.682167,21.767891,21.665016,21.613518,21.613518,21.682167,21.596336,21.699318,21.561981,21.407181,21.217552,21.407181,21.165756,21.493217,21.355507,21.338272,21.286568,21.303802,21.286568,21.165756,21.389961,21.441612,21.217552,21.407181,21.183029,21.010155,21.234810,20.940895,20.854233,20.611084,20.836899,20.698021,20.680634,20.767487,20.506645,20.454369,20.784843,20.524055,20.593697,20.611084,20.349724,20.576286,20.419502,20.611084,20.558884,20.611084,20.489220,20.628487,20.558884,20.663254,20.367180,20.332268,20.314804,20.244934,20.209976,20.157509,19.912178,19.929733,19.947273,19.912178,19.789246,19.771667,19.789246,19.630898,19.666115,19.648506,19.542793,19.436943,19.419281,19.436943,19.383957,19.401619,19.118538,19.153984,19.366287,19.012123,19.118538,19.047615,18.870033,18.763298,18.477982,18.477982,18.334953,17.886406,17.688278,17.525826,17.308739,16.927490,16.544525,16.104774,15.865646,15.884071,15.607391,15.329842,15.181458,15.237137,15.144333,14.977043,14.995636,14.939812,15.181458,15.162895,15.107178,15.218575,14.995636,15.070015,14.865326,15.032837,15.014244,15.014244,14.995636,15.032837,15.107178,15.107178,15.107178,15.070015,15.088600,15.162895,14.902580,15.107178,15.107178,15.032837,14.939812,15.014244,14.995636,14.939812,14.977043,15.014244,14.977043,14.958420,14.958420,14.939812,15.329842,14.846703,15.088600,14.958420,14.977043,14.846703,14.977043,14.921196,15.014244,14.828064,14.809425,14.809425,14.846703,14.772133,14.809425,14.734833,14.995636,14.846703,14.977043,14.902580,14.846703,14.939812,14.753487,14.902580,14.604141,14.697517,14.902580,14.828064,14.958420,14.809425,14.734833,14.772133,14.734833,14.716171,14.716171,14.772133,14.734833,14.753487,14.846703,14.716171,14.846703,14.790794,14.865326,14.809425,14.883965,14.790794,14.883965,14.977043,14.995636,14.753487,14.678848,14.697517,14.809425,14.753487,14.734833,14.697517,14.809425,14.828064,14.772133,14.790794,14.697517,14.846703,14.622826,14.772133,14.846703,14.828064,14.678848,14.790794,14.753487,14.641502,14.902580,14.828064,14.697517,14.921196,14.809425,15.051422,14.977043,14.883965,14.846703,14.716171,14.734833,14.977043,14.828064,14.734833,14.753487,14.939812,15.032837,14.846703,14.846703,14.734833,14.883965,14.883965,14.939812,15.107178,14.734833,14.977043,14.809425,14.995636,14.902580,14.734833,14.846703,14.883965,14.772133,14.865326,14.809425,14.734833,14.716171,14.697517,14.790794,14.939812,14.828064,14.604141,14.846703,14.790794,14.828064,14.902580,14.846703,15.200020,14.995636,15.014244,15.181458,15.088600,15.218575,15.181458,15.107178,15.014244,14.939812,14.865326,14.790794,15.070015,14.660179,14.734833,14.883965,14.846703,14.660179,14.641502,14.790794,14.734833,14.753487,14.883965,14.790794,14.828064,14.772133,14.678848,14.772133,14.809425,14.828064,14.809425,14.883965,15.088600,14.604141,14.734833,14.734833,14.809425,14.939812,14.622826,14.716171,14.809425,14.828064,14.809425,14.660179,14.809425,14.753487,14.790794,14.809425,14.622826,14.846703,14.939812,14.641502,14.772133,14.678848,14.753487,14.753487,14.566772,14.995636,14.846703,14.678848,14.716171,14.772133,14.977043,14.753487,14.828064,14.660179,14.902580,14.883965,14.958420,14.753487,14.846703,14.678848,14.697517,14.995636,14.585457,14.678848,14.678848,14.510681,14.753487,14.846703,14.622826,14.846703,14.772133,14.641502,14.921196,14.977043,14.939812,14.865326,15.125755,14.958420,14.809425,14.977043,14.716171,14.660179,14.660179,14.753487,14.846703,14.790794,14.958420,14.846703,14.604141,14.921196,14.828064,14.883965,14.883965,14.958420,14.958420,14.995636,14.921196,14.828064,14.939812,15.032837,14.958420,14.753487,15.107178,14.902580,14.883965,14.995636,15.014244,15.274223,15.051422,14.921196,14.865326,14.958420,15.107178,15.162895,15.032837,14.790794,15.070015,15.088600,14.921196,14.921196,15.088600,15.274223,15.366905,
15.403938,14.939812,15.107178,15.200020,15.200020,15.014244,15.181458,15.144333,15.218575,15.144333,15.070015,14.977043,15.070015,15.014244,15.144333,15.051422,14.921196,15.255684,14.883965,14.828064,15.032837,14.902580,14.958420,15.348373,15.274223,15.588913,15.718163,15.994492,16.343254,17.072929,17.272507,17.435440,17.922386,18.245445,18.442253,18.905579,19.242508,19.295586,19.472237,19.613289,19.806816,19.929733,19.824394,19.912178,19.912178,20.140007,20.017418,19.947273,20.192490,19.894638,20.174995,20.140007,20.192490,20.122513,20.157509,20.297348,20.262413,20.279877,20.227455,20.244934,20.297348,20.402061,20.157509,20.436943,20.384621,20.367180,20.367180,20.384621,20.645866,20.419502,20.489220,20.645866,20.489220,20.541473,20.663254,20.593697,20.506645,20.663254,20.715385,20.750122,20.767487,21.044754,20.975533,20.888908,20.906242,20.958221,21.096642,21.044754,21.131203,21.338272,21.252068,21.286568,21.113914,21.407181,21.338272,21.441612,21.321045,21.561981,21.389961,21.476021,21.372734,21.682167,21.269310,21.441612,21.424393,21.441612,21.113914,21.269310,21.424393,21.303802,21.027458,21.217552,21.010155,21.113914,21.200287,21.044754,21.096642,21.113914,21.217552,21.252068,20.975533,21.113914,21.131203,21.355507,21.200287,21.079346,21.217552,21.303802,21.165756,21.131203,21.321045,21.269310,21.217552,21.321045,21.321045,21.355507,21.424393,21.355507,21.613518,21.355507,21.441612,21.630684,21.544792,21.544792,21.424393,21.699318,21.389961,21.510414,21.613518,21.458817,21.441612,21.269310,21.476021,21.510414,21.647850,21.458817,21.321045,21.424393,21.234810,21.424393,21.355507,21.493217,21.510414,21.372734,21.561981,21.682167,21.613518,21.441612,21.527603,21.389961,21.389961,21.476021,21.372734,21.441612,21.303802,21.647850,21.493217,21.527603,21.441612,21.510414,21.561981,21.630684,21.458817,21.579163,21.458817,21.441612,21.561981,21.613518,21.527603,21.458817,21.527603,21.441612,21.579163,21.510414,21.458817,21.458817,21.561981,21.424393,21.458817,21.630684,21.647850,21.596336,21.493217,21.733620,21.355507,21.682167,21.441612,21.527603,21.510414,21.579163,21.699318,21.579163,21.527603,21.733620,21.647850,21.802162,21.750755,21.647850,21.647850,21.836411,21.733620,21.836411,21.733620,21.870644,21.630684,21.699318,21.716469,21.647850,21.682167,21.647850,21.647850,21.716469,21.733620,21.733620,21.596336,21.785027,21.665016,21.836411,21.699318,21.716469,21.458817,21.630684,21.682167,21.716469,21.544792,21.527603,21.630684,21.579163,21.665016,21.561981,21.527603,21.544792,21.716469,21.716469,21.527603,21.613518,21.716469,21.665016,21.630684,21.904861,21.665016,21.613518,21.647850,21.767891,21.544792,21.527603,21.561981,21.389961,21.630684,21.493217,21.407181,21.579163,21.286568,21.269310,21.476021,21.544792,21.424393,21.424393,21.286568,21.372734,21.338272,21.321045,21.062057,21.131203,21.010155,21.010155,20.802200,20.732758,20.715385,20.645866,20.628487,20.454369,20.732758,20.628487,20.558884,20.767487,20.645866,20.611084,20.663254,20.680634,20.628487,20.541473,20.628487,20.506645,20.436943,20.628487,20.436943,20.192490,20.314804,20.244934,20.087494,20.105003,20.087494,19.912178,20.122513,19.877083,19.877083,19.929733,19.824394,19.754082,19.613289,19.595665,19.472237,19.330948,19.295586,19.277893,19.348618,19.224815,19.118538,19.330948,19.012123,19.171692,19.153984,18.994377,18.941109,19.047615,18.656418,18.370735,18.173759,18.048164,17.598068,17.580009,17.145554,16.818245,16.672379,16.306610,15.865646,15.681252,15.459480,15.403938,15.274223,15.200020,15.014244,14.958420,15.014244,15.200020,15.144333,15.162895,15.032837,15.032837,15.088600,15.032837,15.125755,15.181458,15.200020,14.902580,15.070015,15.051422,15.144333,15.107178,15.088600,15.032837,14.977043,14.995636,15.051422,15.125755,15.088600,15.144333,15.014244,15.032837,14.883965,15.032837,14.995636,14.995636,14.772133,14.865326,15.125755,14.921196,14.977043,15.070015,15.107178,15.051422,14.865326,14.921196,14.846703,14.921196,14.846703,14.828064,14.753487,15.014244,14.790794,14.883965,14.939812,14.753487,14.790794,14.846703,14.921196,14.883965,15.014244,14.865326,14.865326,14.865326,14.790794,14.977043,14.734833,14.734833,14.566772,14.977043,14.865326,14.809425,14.697517,14.939812,14.772133,14.883965,14.622826,14.846703,14.939812,14.939812,14.790794,14.828064,14.734833,15.051422,14.846703,14.734833,14.790794,14.716171,14.846703,14.809425,14.828064,14.716171,14.865326,14.846703,14.865326,14.902580,14.809425,14.772133,14.716171,14.716171,14.678848,14.809425,14.734833,14.865326,14.883965,14.828064,14.809425,14.697517,14.828064,14.641502,14.921196,14.921196,14.846703,14.902580,14.828064,14.865326,14.939812,14.958420,15.014244,15.032837,14.716171,14.678848,14.865326,14.828064,15.070015,14.921196,14.883965,14.995636,14.939812,14.939812,14.828064,14.809425,14.846703,14.939812,14.678848,14.790794,14.958420,14.846703,14.846703,14.716171,14.809425,15.070015,14.753487,14.865326,14.678848,14.753487,14.734833,14.977043,14.790794,14.734833,14.660179,14.790794,14.772133,14.995636,14.939812,14.883965,15.032837,14.734833,15.162895,14.977043,14.846703,14.995636,15.032837,15.070015,15.014244,14.883965,15.014244,14.958420,14.921196,14.753487,14.977043,14.716171,14.660179,14.753487,14.828064,14.678848,14.678848,14.716171,14.977043,14.958420,14.753487,15.032837,14.828064,14.828064,14.790794,15.051422,14.958420,14.902580,14.883965,14.846703,14.828064,14.883965,14.678848,14.939812,14.828064,14.753487,14.846703,14.716171,14.660179,14.716171,14.772133,14.902580,14.585457,14.790794,14.846703,14.828064,14.716171,14.846703,14.772133,14.958420,14.921196,14.790794,14.865326,14.883965,14.753487,14.716171,14.772133,14.734833,14.716171,14.678848,14.828064,14.716171,14.846703,14.604141,14.790794,14.660179,14.734833,14.790794,14.716171,14.716171,14.865326,14.753487,14.622826,14.865326,14.846703,14.865326,14.790794,14.883965,14.753487,14.660179,14.939812,14.846703,14.790794,14.939812,14.865326,14.772133,14.958420,14.921196,14.809425,14.865326,14.790794,14.977043,14.939812,14.790794,14.809425,14.977043,14.939812,14.883965,14.697517,14.939812,15.032837,14.977043,14.902580,14.995636,14.753487,14.828064,15.162895,14.828064,15.014244,15.051422,14.995636,14.883965,14.828064,14.939812,14.958420,15.107178,14.995636,15.088600,15.051422,15.032837,14.902580,15.292770,14.846703,15.051422,15.088600,15.088600,14.865326,15.403938,15.070015,14.939812,14.883965,15.366905,
15.366905,15.032837,15.144333,15.181458,15.162895,15.088600,15.200020,15.125755,15.162895,14.902580,15.125755,15.200020,14.902580,15.144333,15.070015,14.995636,15.070015,14.958420,15.032837,14.865326,14.995636,14.958420,15.237137,15.292770,15.348373,15.607391,15.699715,15.902481,16.416496,16.781799,17.236252,17.706314,17.886406,18.352852,18.674240,18.852249,19.171692,19.295586,19.595665,19.736496,19.894638,20.069977,19.683716,19.912178,19.841957,19.894638,19.964821,19.999893,19.964821,19.964821,19.982353,20.297348,20.192490,20.244934,20.262413,20.227455,20.227455,20.244934,20.279877,20.454369,20.052460,20.384621,20.436943,20.314804,20.140007,20.454369,20.384621,20.367180,20.524055,20.645866,20.489220,20.506645,20.384621,20.436943,20.541473,20.524055,20.698021,20.836899,20.767487,20.750122,20.784843,20.888908,20.906242,21.044754,20.854233,20.923576,20.992851,21.096642,21.200287,21.148476,21.183029,21.252068,21.252068,21.338272,21.096642,21.096642,21.458817,21.544792,21.613518,21.355507,21.252068,21.476021,21.561981,21.355507,21.338272,21.441612,21.234810,21.200287,21.303802,21.148476,20.940895,21.131203,20.992851,21.113914,20.992851,21.044754,20.888908,21.096642,21.183029,20.975533,21.148476,21.321045,21.027458,21.165756,21.148476,21.200287,21.183029,21.165756,21.096642,21.113914,21.148476,21.165756,21.200287,21.027458,21.407181,21.355507,21.321045,21.441612,21.424393,21.234810,21.424393,21.493217,21.476021,21.338272,21.424393,21.458817,21.476021,21.389961,21.441612,21.355507,21.441612,21.544792,21.183029,21.389961,21.561981,21.321045,21.441612,21.476021,21.493217,21.407181,21.338272,21.389961,21.355507,21.493217,21.424393,21.733620,21.355507,21.561981,21.424393,21.476021,21.407181,21.510414,21.510414,21.424393,21.665016,21.424393,21.733620,21.647850,21.647850,21.544792,21.561981,21.630684,21.476021,21.441612,21.510414,21.665016,21.579163,21.544792,21.613518,21.561981,21.441612,21.493217,21.596336,21.458817,21.544792,21.493217,21.493217,21.682167,21.716469,21.630684,21.561981,21.527603,21.544792,21.561981,21.682167,21.493217,21.579163,21.682167,21.561981,21.579163,21.561981,21.493217,21.527603,21.613518,21.733620,21.733620,21.682167,21.767891,21.630684,21.870644,21.750755,21.785027,21.733620,21.682167,21.647850,21.665016,21.785027,21.785027,21.682167,21.699318,21.544792,21.802162,21.665016,21.665016,21.682167,21.596336,21.767891,21.716469,21.733620,21.767891,21.527603,21.613518,21.579163,21.561981,21.613518,21.699318,21.407181,21.493217,21.596336,21.596336,21.510414,21.561981,21.527603,21.716469,21.613518,21.716469,21.716469,21.665016,21.665016,21.733620,21.750755,21.476021,21.750755,21.802162,21.716469,21.613518,21.458817,21.424393,21.544792,21.303802,21.389961,21.493217,21.527603,21.372734,21.424393,21.355507,21.424393,21.544792,21.372734,21.458817,21.441612,21.441612,21.234810,21.165756,21.010155,20.958221,20.888908,20.923576,20.663254,20.836899,20.576286,20.645866,20.611084,20.576286,20.593697,20.715385,20.576286,20.767487,20.698021,20.558884,20.576286,20.524055,20.471802,20.611084,20.524055,20.506645,20.279877,20.471802,20.174995,20.157509,19.982353,20.087494,19.982353,19.964821,19.999893,19.771667,19.771667,19.877083,19.859520,19.736496,19.613289,19.472237,19.683716,19.560417,19.507530,19.525154,19.489883,19.136261,19.207108,19.260208,19.313263,19.047615,18.994377,18.958870,18.923340,18.976631,18.727684,18.352852,18.209602,17.976311,17.796410,17.507759,17.109245,16.854668,16.526253,16.104774,15.773499,15.662788,15.496475,15.477974,15.348373,15.181458,15.051422,15.162895,14.939812,15.162895,14.995636,15.070015,15.032837,15.070015,15.125755,15.051422,15.144333,15.218575,14.958420,15.051422,14.995636,15.088600,14.995636,14.939812,15.144333,15.107178,14.939812,14.902580,15.144333,15.125755,15.051422,15.125755,15.088600,15.088600,15.125755,15.144333,14.902580,14.958420,14.865326,14.977043,15.181458,15.181458,14.939812,14.921196,15.014244,15.014244,14.902580,14.939812,14.828064,14.977043,14.977043,15.070015,14.921196,14.734833,14.790794,14.902580,14.921196,14.977043,14.846703,14.809425,14.697517,14.828064,14.809425,14.809425,14.846703,14.846703,14.995636,14.753487,14.772133,14.753487,14.734833,14.958420,14.828064,14.790794,14.772133,14.734833,14.716171,14.921196,14.995636,14.790794,14.809425,14.939812,14.790794,15.032837,14.790794,14.958420,14.734833,14.809425,14.772133,14.846703,14.697517,14.734833,14.921196,14.809425,14.790794,14.883965,14.753487,14.753487,14.883965,14.734833,14.678848,14.697517,14.809425,14.883965,14.697517,14.716171,14.921196,14.865326,14.939812,14.809425,14.753487,14.809425,14.902580,14.790794,14.753487,14.790794,14.641502,14.883965,14.585457,14.958420,15.051422,14.883965,14.772133,14.921196,14.809425,14.902580,14.734833,14.809425,14.995636,14.977043,14.902580,14.716171,14.846703,14.921196,14.939812,14.883965,14.995636,14.995636,14.921196,14.846703,14.902580,14.939812,14.939812,15.032837,14.995636,14.977043,14.939812,14.883965,14.772133,14.772133,14.939812,14.902580,14.809425,14.828064,14.716171,14.902580,14.939812,14.809425,14.865326,14.939812,15.144333,15.144333,15.162895,15.311302,14.977043,14.958420,14.995636,14.958420,14.921196,14.828064,14.828064,14.660179,14.958420,14.809425,14.622826,14.716171,14.846703,14.939812,14.734833,14.772133,14.995636,14.809425,14.977043,14.828064,14.828064,14.995636,14.977043,14.883965,14.846703,14.939812,14.772133,15.014244,14.828064,14.939812,14.790794,14.697517,14.790794,14.958420,14.865326,14.790794,14.697517,14.865326,14.697517,14.809425,14.772133,14.753487,14.828064,14.716171,14.566772,14.828064,14.660179,14.846703,14.846703,14.921196,14.697517,14.772133,14.622826,14.772133,14.678848,14.809425,14.734833,14.772133,14.678848,14.660179,14.753487,14.678848,14.716171,14.809425,14.753487,14.921196,14.809425,14.772133,14.828064,14.921196,14.865326,14.660179,14.921196,14.622826,14.902580,14.660179,14.697517,14.753487,14.921196,15.144333,15.032837,14.902580,14.921196,14.828064,14.734833,14.921196,14.753487,15.014244,14.660179,14.790794,14.809425,14.790794,14.697517,14.772133,14.641502,14.753487,14.883965,14.809425,14.958420,14.846703,14.828064,14.921196,14.604141,14.790794,14.958420,14.958420,15.237137,15.088600,14.995636,15.144333,15.200020,14.958420,15.125755,14.958420,15.125755,15.032837,15.107178,14.921196,15.125755,14.977043,14.902580,15.032837,15.255684,15.162895,15.014244,15.255684,15.274223,15.218575,15.459480,15.329842,
15.348373,15.255684,14.977043,15.032837,15.329842,15.218575,15.144333,15.144333,15.125755,15.032837,14.995636,15.051422,15.144333,15.051422,15.051422,15.014244,14.939812,15.162895,15.014244,14.958420,15.088600,15.181458,14.883965,15.162895,15.255684,15.459480,15.607391,15.884071,16.453102,16.854668,17.218117,17.489685,17.868416,18.334953,18.656418,18.941109,19.118538,19.507530,19.683716,19.683716,19.718910,19.912178,19.701309,19.912178,19.824394,20.209976,19.824394,20.034943,19.894638,20.192490,19.841957,20.034943,20.174995,20.174995,19.964821,20.279877,20.279877,20.209976,20.192490,20.105003,20.209976,20.244934,20.402061,20.122513,20.262413,20.297348,20.384621,20.332268,20.454369,20.349724,20.454369,20.384621,20.541473,20.524055,20.506645,20.558884,20.541473,20.576286,20.680634,20.506645,20.611084,20.802200,20.906242,20.854233,20.923576,21.010155,20.923576,20.836899,20.750122,21.165756,20.906242,21.096642,21.096642,21.252068,21.234810,21.079346,21.286568,21.303802,21.252068,21.217552,21.372734,21.269310,21.303802,21.407181,21.355507,21.252068,21.234810,21.200287,21.234810,21.183029,21.096642,21.096642,21.027458,21.044754,21.079346,20.906242,21.148476,20.871582,20.871582,21.096642,21.027458,21.131203,21.044754,21.165756,21.131203,21.131203,21.148476,21.131203,21.131203,21.113914,21.252068,21.113914,21.062057,21.165756,21.044754,21.252068,21.131203,21.252068,21.252068,21.338272,21.269310,21.355507,21.338272,21.252068,21.200287,21.424393,21.355507,21.441612,21.234810,21.458817,21.321045,21.269310,21.234810,21.441612,21.234810,21.183029,21.389961,21.286568,21.321045,21.424393,21.234810,21.476021,21.321045,21.321045,21.355507,21.389961,21.338272,21.338272,21.424393,21.355507,21.407181,21.544792,21.458817,21.458817,21.544792,21.665016,21.613518,21.596336,21.613518,21.510414,21.699318,21.510414,21.699318,21.579163,21.544792,21.561981,21.321045,21.561981,21.458817,21.458817,21.544792,21.561981,21.493217,21.544792,21.544792,21.355507,21.458817,21.665016,21.458817,21.630684,21.441612,21.441612,21.596336,21.665016,21.579163,21.544792,21.596336,21.596336,21.733620,21.596336,21.596336,21.630684,21.579163,21.887764,21.836411,21.853539,21.767891,21.767891,21.853539,21.665016,21.750755,21.579163,21.682167,21.767891,21.716469,21.733620,21.836411,21.802162,21.561981,21.630684,21.716469,21.733620,21.716469,21.665016,21.853539,21.630684,21.802162,21.750755,21.527603,21.613518,21.647850,21.682167,21.510414,21.613518,21.596336,21.682167,21.544792,21.527603,21.647850,21.476021,21.716469,21.647850,21.596336,21.785027,21.836411,21.665016,21.785027,21.767891,21.613518,21.819290,21.665016,21.682167,21.836411,21.733620,21.802162,21.647850,21.682167,21.561981,21.458817,21.561981,21.596336,21.510414,21.458817,21.699318,21.372734,21.493217,21.527603,21.407181,21.561981,21.458817,21.596336,21.458817,21.321045,21.252068,21.407181,21.234810,21.044754,20.923576,20.940895,20.854233,20.802200,21.027458,20.819542,20.784843,20.750122,20.698021,20.750122,20.663254,20.628487,20.645866,20.663254,20.663254,20.541473,20.576286,20.402061,20.576286,20.489220,20.244934,20.174995,20.105003,20.034943,19.999893,20.052460,19.912178,19.929733,19.894638,19.877083,19.806816,19.666115,19.841957,19.542793,19.454590,19.525154,19.277893,19.401619,19.383957,19.454590,19.366287,19.295586,19.207108,19.171692,19.047615,19.242508,19.029869,18.852249,18.816673,18.638596,18.334953,18.334953,17.886406,17.706314,17.525826,17.127403,16.891090,16.544525,16.306610,15.828796,15.755058,15.477974,15.292770,15.274223,15.274223,15.014244,15.200020,14.958420,15.144333,15.125755,14.977043,15.032837,15.181458,15.070015,15.162895,15.107178,15.181458,15.125755,15.032837,14.995636,14.902580,14.995636,15.070015,15.014244,15.125755,14.865326,14.995636,15.032837,15.032837,14.977043,15.144333,15.051422,14.939812,14.995636,15.032837,15.051422,15.162895,14.921196,14.939812,14.958420,15.088600,15.107178,15.032837,14.977043,14.921196,14.921196,14.883965,14.958420,15.051422,14.753487,14.697517,14.883965,14.809425,14.902580,14.716171,15.014244,14.865326,14.846703,14.865326,14.883965,14.772133,14.697517,14.753487,14.865326,14.865326,14.828064,15.014244,14.883965,14.865326,14.809425,14.846703,14.883965,14.753487,14.772133,14.716171,14.734833,14.846703,14.921196,14.790794,14.865326,14.883965,14.902580,14.772133,14.622826,14.716171,14.828064,14.846703,14.846703,14.697517,14.753487,14.902580,14.772133,14.660179,14.716171,14.716171,14.865326,14.865326,14.660179,14.790794,14.753487,14.902580,14.660179,14.828064,14.772133,14.865326,14.865326,14.902580,14.865326,14.734833,14.902580,14.697517,14.734833,14.846703,14.772133,14.753487,14.753487,14.939812,14.883965,14.809425,14.734833,14.828064,14.883965,14.883965,14.939812,14.604141,14.846703,14.828064,14.828064,14.809425,14.772133,14.772133,14.734833,14.939812,14.585457,14.734833,14.790794,14.585457,14.939812,15.051422,14.828064,14.958420,14.641502,14.716171,14.790794,14.902580,14.809425,14.977043,14.883965,14.734833,14.846703,14.809425,14.716171,14.678848,14.566772,14.883965,14.753487,14.958420,15.014244,14.790794,15.162895,15.107178,14.921196,15.162895,15.255684,14.865326,14.939812,14.995636,14.809425,14.790794,14.865326,14.902580,14.939812,14.883965,14.995636,14.622826,14.716171,14.604141,14.660179,14.828064,14.921196,14.865326,14.753487,15.014244,14.809425,14.921196,14.828064,14.939812,14.865326,14.883965,14.977043,14.958420,14.865326,14.921196,14.977043,14.846703,14.883965,14.883965,14.809425,14.753487,14.921196,14.716171,14.790794,14.678848,14.697517,14.865326,14.828064,14.790794,14.809425,14.697517,14.772133,14.697517,14.828064,14.790794,14.734833,14.716171,14.716171,14.753487,14.697517,14.734833,14.883965,14.995636,14.809425,14.790794,14.790794,14.846703,14.772133,14.678848,14.809425,14.921196,14.790794,14.753487,14.716171,14.753487,14.939812,14.753487,14.716171,14.697517,14.678848,14.865326,14.678848,14.790794,14.716171,14.772133,14.772133,14.772133,14.790794,14.734833,14.828064,14.865326,14.678848,14.828064,14.716171,14.958420,14.809425,14.921196,14.790794,14.977043,14.641502,14.995636,14.678848,14.790794,14.865326,14.772133,14.828064,14.883965,14.846703,14.828064,15.032837,14.772133,14.921196,15.181458,14.995636,14.902580,14.958420,14.958420,15.107178,15.088600,15.032837,15.088600,15.070015,15.144333,15.125755,15.051422,15.088600,14.995636,14.958420,15.200020,15.125755,14.995636,15.051422,14.939812,15.237137,15.237137,
15.533455,15.051422,15.440964,15.144333,15.107178,15.311302,15.032837,15.181458,15.144333,15.218575,14.865326,15.032837,15.200020,15.032837,15.162895,15.070015,14.977043,15.051422,15.051422,14.939812,14.958420,15.162895,15.255684,15.200020,15.440964,15.348373,15.514977,16.031273,16.507973,16.781799,17.091087,17.724342,17.940361,17.958336,18.424385,19.012123,19.224815,19.507530,19.436943,19.666115,19.736496,19.859520,19.666115,19.789246,19.894638,19.964821,19.894638,19.964821,19.789246,20.105003,20.017418,19.894638,19.982353,20.174995,20.174995,20.069977,20.262413,20.122513,20.192490,20.209976,20.105003,20.244934,20.279877,20.384621,20.262413,20.297348,20.314804,20.384621,20.314804,20.471802,20.367180,20.489220,20.576286,20.419502,20.489220,20.593697,20.524055,20.419502,20.611084,20.489220,20.732758,20.645866,20.975533,20.871582,20.940895,20.836899,20.958221,21.010155,20.819542,21.131203,20.958221,20.992851,21.044754,21.027458,21.148476,21.165756,21.217552,21.252068,21.148476,21.131203,21.234810,21.424393,21.131203,21.407181,21.269310,21.338272,21.183029,21.269310,21.113914,20.819542,20.906242,20.992851,20.940895,21.096642,21.113914,20.940895,20.854233,20.923576,20.906242,21.027458,21.165756,21.079346,21.079346,21.355507,21.269310,21.200287,21.062057,21.200287,21.200287,21.062057,21.252068,21.234810,21.148476,21.200287,21.355507,21.252068,21.200287,21.424393,21.217552,21.372734,21.217552,21.183029,21.355507,21.372734,21.286568,21.424393,21.338272,21.355507,21.217552,21.355507,21.321045,21.252068,21.286568,21.303802,21.338272,21.183029,21.407181,21.200287,21.269310,21.252068,21.269310,21.252068,21.269310,21.372734,21.183029,21.234810,21.355507,21.200287,21.321045,21.079346,21.286568,21.407181,21.338272,21.493217,21.355507,21.424393,21.389961,21.252068,21.441612,21.561981,21.424393,21.476021,21.407181,21.544792,21.579163,21.389961,21.476021,21.493217,21.303802,21.389961,21.355507,21.424393,21.458817,21.493217,21.424393,21.699318,21.355507,21.510414,21.510414,21.493217,21.476021,21.544792,21.424393,21.579163,21.458817,21.596336,21.527603,21.579163,21.561981,21.493217,21.510414,21.630684,21.716469,21.493217,21.870644,21.819290,21.699318,21.647850,21.904861,21.853539,21.904861,21.956161,21.750755,21.819290,21.836411,21.904861,21.802162,21.939064,21.716469,21.802162,21.682167,21.819290,21.682167,21.853539,21.527603,21.767891,21.647850,21.630684,21.682167,21.733620,21.596336,21.750755,21.613518,21.544792,21.441612,21.665016,21.630684,21.647850,21.613518,21.716469,21.750755,21.750755,21.870644,21.921967,22.195107,21.733620,21.904861,22.007431,21.904861,21.887764,21.819290,21.802162,21.853539,21.836411,21.887764,21.785027,21.699318,21.750755,21.561981,21.647850,21.579163,21.665016,21.647850,21.665016,21.596336,21.544792,21.544792,21.647850,21.544792,21.424393,21.493217,21.544792,21.441612,21.269310,21.355507,21.183029,21.148476,21.079346,21.096642,20.940895,20.906242,20.854233,20.836899,20.767487,20.802200,20.750122,20.767487,20.611084,20.628487,20.576286,20.628487,20.663254,20.402061,20.593697,20.471802,20.419502,20.367180,20.209976,20.034943,20.384621,20.244934,20.122513,20.017418,20.034943,19.999893,19.929733,19.736496,19.718910,19.736496,19.595665,19.789246,19.630898,19.630898,19.507530,19.489883,19.330948,19.348618,19.348618,19.419281,19.100807,19.029869,19.171692,19.100807,19.012123,18.834473,18.798889,18.602928,18.477982,18.209602,18.102013,17.814415,17.489685,17.308739,16.945679,16.471397,16.086403,15.865646,15.699715,15.459480,15.218575,15.088600,15.255684,15.144333,14.939812,14.846703,15.107178,15.162895,15.311302,15.070015,15.125755,14.939812,15.107178,14.902580,14.846703,15.014244,15.032837,15.144333,15.348373,15.088600,15.051422,14.977043,15.292770,14.977043,15.144333,14.958420,15.051422,14.977043,15.051422,14.902580,15.051422,14.902580,15.088600,15.125755,15.014244,14.958420,14.846703,14.902580,14.977043,14.883965,14.977043,14.846703,14.958420,14.902580,15.088600,14.995636,14.865326,14.809425,15.014244,14.995636,14.846703,14.865326,14.921196,14.977043,15.051422,14.865326,14.809425,14.902580,14.753487,14.809425,14.865326,14.958420,14.995636,14.865326,14.865326,14.902580,14.716171,14.921196,15.070015,14.883965,14.902580,14.921196,14.678848,14.641502,14.883965,14.734833,14.772133,14.921196,14.828064,14.790794,14.809425,15.014244,14.772133,14.995636,14.809425,14.660179,14.865326,14.958420,14.622826,14.828064,14.772133,14.697517,14.473274,14.828064,14.902580,14.716171,14.809425,14.772133,14.734833,14.790794,14.734833,14.734833,14.660179,14.716171,14.958420,14.697517,14.939812,14.716171,14.846703,14.958420,14.734833,14.828064,14.846703,14.865326,14.977043,14.939812,14.828064,14.716171,14.865326,14.865326,14.809425,14.846703,14.716171,14.958420,14.958420,14.772133,14.977043,14.716171,14.846703,14.660179,14.958420,14.883965,14.734833,14.828064,14.977043,14.865326,15.014244,15.014244,14.958420,14.734833,14.977043,14.828064,14.865326,14.790794,14.716171,14.772133,14.753487,14.753487,14.753487,14.790794,14.828064,14.846703,14.828064,14.734833,14.958420,14.772133,14.958420,15.181458,14.902580,14.995636,14.977043,15.162895,15.032837,15.051422,14.641502,14.958420,14.958420,14.846703,14.641502,14.828064,14.772133,14.697517,14.828064,14.660179,14.753487,14.753487,14.772133,14.716171,14.958420,14.865326,15.032837,14.678848,14.939812,14.846703,14.641502,14.753487,14.883965,14.809425,14.753487,14.977043,14.772133,14.902580,14.790794,14.828064,14.865326,14.734833,14.902580,14.716171,14.716171,14.846703,14.809425,14.734833,14.790794,14.772133,14.772133,14.828064,14.846703,14.697517,14.753487,14.678848,14.883965,14.883965,14.790794,14.921196,14.697517,14.697517,14.734833,14.772133,14.697517,14.772133,14.995636,14.846703,14.883965,15.088600,14.790794,14.865326,14.846703,14.846703,14.734833,14.790794,14.958420,14.865326,14.510681,14.958420,14.660179,14.734833,14.958420,14.828064,14.921196,14.790794,14.809425,14.660179,14.809425,14.865326,14.865326,14.921196,14.753487,14.772133,14.809425,14.772133,14.622826,14.902580,14.828064,14.828064,14.865326,14.772133,14.958420,14.790794,14.809425,15.088600,14.977043,14.846703,14.753487,14.902580,14.921196,15.144333,14.958420,15.051422,14.921196,15.292770,15.237137,14.939812,15.162895,14.939812,15.088600,15.274223,14.883965,14.809425,15.051422,14.883965,15.274223,14.772133,15.051422,14.939812,15.311302,15.200020,15.237137,15.292770,15.181458,15.162895,15.200020,
15.385422,15.440964,15.274223,15.070015,15.162895,15.255684,15.088600,15.070015,15.274223,15.088600,15.144333,15.107178,15.051422,15.200020,15.200020,15.255684,14.921196,15.070015,15.032837,15.144333,14.995636,14.865326,14.902580,15.274223,15.348373,15.440964,15.625862,16.068031,16.306610,16.909286,17.054764,17.417351,17.940361,18.245445,18.656418,18.976631,19.012123,19.454590,19.419281,19.718910,19.912178,19.894638,19.841957,19.982353,19.841957,19.877083,20.034943,20.262413,19.964821,20.140007,20.069977,20.174995,20.227455,20.034943,20.157509,20.140007,20.297348,20.454369,20.192490,20.174995,20.209976,20.209976,20.279877,20.262413,20.384621,20.436943,20.314804,20.279877,20.419502,20.349724,20.576286,20.332268,20.471802,20.645866,20.402061,20.489220,20.611084,20.471802,20.663254,20.819542,20.541473,20.923576,20.871582,20.888908,20.854233,20.923576,20.819542,20.906242,20.940895,21.096642,20.958221,20.958221,20.940895,20.992851,21.079346,20.975533,21.131203,21.062057,21.148476,21.131203,21.113914,21.079346,21.148476,21.131203,21.131203,21.217552,21.148476,21.027458,21.079346,21.079346,21.079346,21.079346,20.750122,20.992851,21.044754,20.975533,21.010155,21.010155,21.027458,21.010155,21.148476,21.044754,21.269310,21.338272,21.321045,21.269310,21.183029,21.269310,21.044754,21.303802,21.234810,21.113914,21.096642,21.200287,21.321045,21.113914,21.286568,21.027458,21.096642,21.338272,21.234810,21.476021,21.441612,21.372734,21.148476,21.355507,21.286568,21.441612,21.183029,21.372734,21.338272,21.183029,21.252068,21.252068,21.321045,21.269310,21.338272,21.286568,21.252068,21.200287,21.303802,21.200287,21.113914,21.303802,21.286568,21.338272,21.200287,21.424393,21.183029,21.252068,21.338272,21.355507,21.217552,21.269310,21.493217,21.355507,21.424393,21.493217,21.510414,21.458817,21.647850,21.458817,21.544792,21.424393,21.527603,21.613518,21.441612,21.493217,21.286568,21.510414,21.424393,21.338272,21.407181,21.372734,21.217552,21.389961,21.458817,21.389961,21.389961,21.269310,21.441612,21.544792,21.476021,21.596336,21.527603,21.596336,21.527603,21.561981,21.441612,21.493217,21.510414,21.561981,21.630684,21.682167,21.733620,21.476021,21.699318,21.716469,21.647850,21.836411,21.699318,21.733620,21.802162,21.699318,21.853539,21.939064,21.682167,21.750755,21.836411,21.733620,21.785027,21.785027,21.733620,21.939064,21.699318,21.665016,21.750755,21.716469,21.887764,21.750755,21.767891,21.613518,21.699318,21.561981,21.579163,21.527603,21.665016,21.665016,21.750755,21.819290,21.682167,21.699318,21.716469,21.870644,21.802162,21.733620,21.887764,21.802162,21.785027,21.819290,21.973259,21.802162,21.870644,21.870644,21.785027,21.802162,21.836411,21.750755,21.544792,21.596336,21.596336,21.596336,21.544792,21.579163,21.682167,21.733620,21.613518,21.527603,21.458817,21.544792,21.527603,21.544792,21.424393,21.372734,21.338272,21.217552,21.200287,21.096642,21.062057,21.286568,20.992851,21.027458,20.784843,20.715385,20.975533,20.784843,20.698021,20.871582,20.628487,20.524055,20.593697,20.558884,20.384621,20.454369,20.314804,20.576286,20.367180,20.349724,20.227455,20.174995,20.157509,19.999893,19.964821,19.877083,20.052460,19.841957,19.806816,19.754082,19.666115,19.630898,19.666115,19.754082,19.507530,19.401619,19.383957,19.277893,19.313263,19.118538,19.171692,19.295586,19.065346,18.958870,19.029869,18.852249,18.887802,18.870033,18.585091,18.334953,18.263351,18.084076,17.616119,17.326851,17.272507,16.745338,16.763573,16.159874,15.810371,15.681252,15.422462,15.311302,14.977043,15.014244,15.107178,15.144333,15.237137,15.032837,15.032837,15.051422,15.144333,15.200020,15.088600,14.995636,15.051422,15.237137,14.995636,14.958420,15.088600,15.088600,15.181458,15.014244,14.828064,15.088600,15.032837,15.070015,15.032837,15.032837,15.032837,15.014244,15.125755,15.032837,15.088600,15.032837,15.181458,15.070015,14.977043,14.995636,15.088600,14.921196,14.977043,14.846703,14.790794,14.883965,15.051422,14.883965,15.014244,14.921196,14.883965,14.902580,14.753487,14.790794,14.828064,14.902580,14.753487,14.883965,14.772133,14.921196,14.809425,14.921196,14.883965,14.846703,14.883965,14.660179,14.772133,14.958420,14.939812,14.790794,14.772133,14.883965,14.641502,14.641502,14.734833,14.660179,14.697517,14.828064,14.902580,14.939812,14.995636,14.809425,14.902580,14.883965,14.846703,14.846703,14.939812,14.921196,14.809425,14.883965,14.678848,14.846703,14.790794,14.660179,14.716171,14.809425,14.734833,14.716171,14.716171,14.939812,14.939812,14.846703,14.734833,14.828064,14.790794,14.753487,14.790794,14.865326,14.660179,14.809425,14.809425,14.790794,14.958420,15.014244,14.772133,14.809425,15.014244,14.772133,14.790794,14.753487,14.846703,14.939812,14.846703,14.772133,14.846703,14.883965,14.921196,15.014244,14.883965,14.809425,14.828064,14.809425,14.958420,14.883965,14.921196,14.753487,14.846703,15.181458,14.846703,14.977043,14.716171,14.809425,14.995636,14.939812,14.809425,14.939812,14.604141,14.753487,14.809425,14.772133,14.865326,14.604141,14.697517,14.772133,14.921196,15.125755,14.790794,14.921196,14.865326,15.051422,15.162895,15.107178,15.237137,15.088600,14.716171,15.014244,14.921196,15.032837,15.144333,14.939812,14.809425,14.828064,14.734833,14.734833,14.734833,14.846703,14.846703,14.753487,14.790794,14.865326,14.772133,15.032837,14.921196,14.753487,14.902580,14.641502,14.716171,14.958420,14.995636,15.014244,14.921196,14.902580,14.902580,14.902580,14.772133,14.828064,14.772133,14.809425,14.678848,14.809425,14.790794,14.883965,14.995636,14.809425,14.828064,14.977043,14.585457,14.865326,14.753487,14.828064,14.604141,14.846703,14.902580,14.772133,14.865326,14.809425,14.828064,15.032837,14.716171,14.995636,14.865326,14.772133,14.734833,14.753487,14.809425,14.865326,14.977043,14.883965,14.921196,14.902580,14.772133,14.772133,14.865326,14.921196,14.734833,14.846703,14.865326,15.014244,14.697517,15.088600,14.995636,14.604141,14.566772,15.070015,14.846703,14.809425,14.809425,14.865326,15.181458,15.070015,14.846703,14.939812,14.790794,14.753487,15.070015,14.753487,14.921196,14.772133,14.678848,14.958420,14.809425,15.144333,14.697517,14.809425,14.622826,14.865326,14.846703,14.977043,15.237137,14.939812,14.846703,15.125755,15.162895,15.014244,15.070015,14.977043,15.200020,15.070015,15.051422,15.125755,15.088600,15.051422,14.828064,15.144333,14.902580,15.070015,15.070015,15.181458,14.995636,15.088600,15.014244,14.939812,15.237137,15.255684,
15.477974,15.088600,15.459480,15.403938,15.200020,15.348373,15.125755,15.255684,15.218575,14.995636,15.274223,15.200020,14.995636,15.181458,14.902580,14.902580,15.014244,14.995636,15.218575,14.995636,15.181458,15.070015,15.329842,15.348373,15.403938,15.329842,15.625862,16.086403,16.178230,16.672379,17.236252,17.561958,17.778404,18.370735,18.763298,18.958870,19.100807,19.419281,19.613289,19.718910,19.683716,19.947273,19.806816,19.806816,19.947273,19.912178,19.912178,19.877083,19.929733,19.982353,20.017418,19.999893,19.999893,20.017418,20.157509,20.262413,19.877083,20.017418,20.105003,20.209976,19.999893,20.209976,20.192490,20.314804,20.349724,20.297348,20.279877,20.297348,20.209976,20.174995,20.297348,20.454369,20.576286,20.471802,20.244934,20.436943,20.436943,20.419502,20.628487,20.524055,20.732758,20.802200,20.663254,20.715385,20.750122,20.715385,20.871582,20.906242,20.958221,20.854233,20.750122,20.750122,20.750122,20.906242,20.940895,20.819542,20.906242,20.958221,20.871582,21.183029,20.888908,21.079346,21.062057,21.113914,21.200287,21.148476,20.923576,20.888908,20.871582,20.940895,20.836899,20.992851,20.923576,21.096642,20.906242,20.836899,21.044754,20.836899,21.113914,21.165756,21.252068,20.923576,21.303802,21.424393,21.303802,21.338272,21.165756,21.131203,21.321045,21.252068,21.441612,21.338272,21.200287,21.148476,21.269310,21.389961,21.286568,21.234810,21.217552,21.148476,21.321045,21.286568,21.252068,21.252068,21.286568,21.389961,21.321045,21.424393,21.200287,21.183029,21.079346,21.131203,21.183029,21.113914,21.165756,21.424393,21.079346,21.200287,21.148476,21.217552,21.303802,21.200287,21.338272,21.234810,21.269310,21.286568,21.321045,21.355507,21.303802,21.165756,21.234810,21.303802,21.252068,21.303802,21.321045,21.200287,21.389961,21.286568,21.355507,21.441612,21.527603,21.286568,21.544792,21.407181,21.424393,21.407181,21.476021,21.389961,21.234810,21.407181,21.200287,21.424393,21.424393,21.493217,21.303802,21.338272,21.355507,21.303802,21.321045,21.269310,21.424393,21.441612,21.389961,21.510414,21.493217,21.372734,21.510414,21.544792,21.458817,21.561981,21.665016,21.596336,21.682167,21.819290,21.682167,21.785027,21.802162,21.802162,21.887764,21.767891,21.682167,21.579163,21.733620,21.819290,21.767891,21.802162,21.819290,21.647850,21.630684,21.716469,21.682167,21.699318,21.733620,21.733620,21.767891,21.630684,21.665016,21.716469,21.716469,21.544792,21.630684,21.750755,21.527603,21.836411,21.596336,21.561981,21.579163,21.785027,21.630684,21.682167,21.596336,21.716469,21.630684,21.819290,21.767891,21.750755,21.870644,21.887764,21.973259,21.802162,22.161018,21.956161,21.921967,21.853539,21.853539,21.785027,21.733620,21.819290,21.630684,21.699318,21.699318,21.836411,21.785027,21.647850,21.904861,21.665016,21.665016,21.561981,21.527603,21.579163,21.716469,21.750755,21.407181,21.527603,21.493217,21.338272,21.321045,21.372734,21.303802,21.062057,21.131203,21.131203,20.975533,20.975533,20.819542,20.906242,20.836899,20.854233,20.715385,20.836899,20.663254,20.593697,20.576286,20.419502,20.367180,20.524055,20.367180,20.297348,20.506645,20.209976,20.069977,20.052460,19.964821,20.017418,19.789246,19.929733,19.947273,19.806816,19.894638,19.806816,19.578049,19.542793,19.560417,19.507530,19.383957,19.348618,19.560417,19.348618,19.100807,19.242508,19.083084,19.065346,19.242508,19.189407,18.941109,18.887802,18.495850,18.674240,18.209602,17.976311,17.850410,17.471611,17.145554,16.872887,16.599342,16.178230,15.847229,15.533455,15.403938,15.366905,15.274223,15.366905,15.125755,15.051422,14.995636,15.070015,15.200020,14.995636,15.088600,15.070015,15.070015,15.107178,15.088600,14.977043,15.181458,14.995636,15.125755,15.218575,15.162895,15.051422,15.014244,15.144333,15.014244,15.088600,15.070015,15.032837,15.181458,15.162895,15.070015,15.051422,15.070015,14.995636,14.995636,15.125755,14.902580,15.032837,15.255684,14.958420,14.995636,15.088600,14.790794,14.977043,14.772133,15.070015,14.977043,14.865326,14.902580,14.921196,14.809425,14.921196,14.883965,14.883965,14.809425,14.734833,14.939812,14.641502,14.734833,14.902580,14.716171,14.622826,14.939812,14.939812,14.716171,14.995636,14.809425,14.716171,14.697517,14.772133,14.828064,14.809425,14.883965,14.883965,14.902580,14.828064,14.828064,14.828064,14.995636,14.846703,14.809425,14.828064,14.622826,14.716171,14.697517,14.753487,14.958420,14.809425,14.734833,14.921196,14.809425,14.809425,14.846703,14.865326,14.716171,14.828064,14.697517,14.697517,14.902580,14.510681,14.846703,14.809425,14.734833,14.734833,14.772133,14.697517,14.790794,14.790794,14.809425,14.734833,14.753487,14.846703,14.809425,14.790794,14.753487,14.902580,14.772133,14.828064,14.716171,14.809425,14.921196,14.865326,14.772133,15.032837,14.734833,14.828064,14.958420,14.865326,14.958420,14.883965,14.902580,15.032837,14.865326,14.828064,15.014244,14.977043,14.865326,14.921196,14.846703,14.865326,14.902580,14.939812,14.921196,14.660179,14.697517,15.014244,15.014244,14.921196,14.828064,14.716171,14.809425,14.846703,14.883965,15.051422,14.846703,14.902580,14.958420,14.865326,15.051422,14.939812,15.051422,15.032837,14.921196,15.051422,14.958420,14.883965,14.883965,14.958420,15.051422,14.790794,14.753487,14.604141,14.753487,14.604141,14.772133,14.753487,14.660179,14.809425,14.846703,14.753487,14.809425,14.865326,14.828064,14.846703,14.939812,15.070015,14.809425,14.977043,14.809425,14.977043,14.772133,14.883965,14.828064,14.790794,14.809425,14.716171,14.753487,14.977043,14.865326,14.828064,14.772133,15.014244,14.902580,14.716171,14.846703,14.809425,14.716171,14.585457,14.846703,14.772133,14.641502,14.734833,14.883965,14.790794,14.772133,14.753487,14.678848,14.734833,14.604141,14.828064,14.828064,14.809425,14.734833,14.753487,14.772133,14.716171,14.790794,14.846703,14.417122,14.622826,15.032837,14.809425,14.678848,14.828064,14.809425,14.734833,14.641502,14.995636,14.939812,14.660179,14.828064,14.772133,14.697517,14.846703,14.790794,14.846703,14.939812,14.865326,14.902580,14.865326,14.790794,14.510681,14.865326,14.921196,14.772133,14.846703,14.660179,14.883965,14.883965,14.828064,14.604141,14.641502,14.846703,14.828064,14.772133,14.977043,14.772133,14.734833,14.828064,14.995636,15.144333,14.995636,15.032837,14.939812,15.144333,15.032837,14.939812,15.200020,15.088600,15.070015,15.032837,14.921196,15.181458,14.921196,15.144333,15.107178,15.125755,15.014244,15.014244,15.144333,15.144333,15.440964,
15.551949,15.440964,15.200020,15.533455,15.125755,15.366905,15.329842,15.070015,15.329842,15.533455,15.218575,15.181458,15.255684,15.292770,15.162895,15.088600,14.846703,15.032837,14.883965,15.144333,15.088600,15.070015,15.051422,15.125755,15.366905,15.403938,15.773499,15.957695,16.049652,16.599342,17.036591,17.489685,17.760384,18.263351,18.388626,18.781090,19.153984,19.436943,19.313263,19.718910,19.859520,19.859520,19.894638,19.947273,19.999893,19.859520,19.894638,20.017418,20.105003,20.105003,19.929733,20.052460,20.087494,20.244934,20.227455,20.157509,20.052460,20.384621,20.209976,20.297348,20.314804,20.419502,20.192490,20.454369,20.174995,20.279877,20.122513,20.332268,20.332268,20.314804,20.297348,20.419502,20.454369,20.297348,20.471802,20.593697,20.489220,20.506645,20.645866,20.593697,20.698021,20.698021,20.576286,20.698021,20.715385,20.906242,20.784843,20.784843,20.767487,20.732758,20.819542,20.888908,20.663254,20.836899,20.784843,20.680634,20.836899,20.698021,20.836899,21.113914,20.975533,20.923576,21.286568,21.010155,20.923576,21.113914,20.854233,21.096642,20.819542,20.906242,20.923576,20.923576,20.836899,20.888908,20.888908,20.888908,20.940895,21.424393,21.113914,21.062057,21.148476,21.148476,21.148476,21.424393,21.286568,21.510414,21.321045,21.372734,21.355507,21.269310,21.321045,21.217552,21.355507,21.355507,21.252068,21.131203,21.200287,21.338272,21.338272,21.234810,21.355507,21.389961,21.234810,21.217552,21.252068,21.252068,21.148476,21.148476,21.269310,21.321045,21.062057,21.200287,21.269310,21.165756,21.252068,21.200287,21.113914,21.286568,21.148476,21.252068,21.321045,21.200287,21.338272,21.252068,21.338272,21.286568,21.338272,21.355507,21.389961,21.303802,21.321045,21.200287,21.389961,21.338272,21.441612,21.303802,21.424393,21.338272,21.269310,21.338272,21.389961,21.424393,21.321045,21.510414,21.510414,21.407181,21.424393,21.286568,21.338272,21.252068,21.217552,21.321045,21.338272,21.321045,21.303802,21.355507,21.493217,21.303802,21.286568,21.217552,21.407181,21.510414,21.527603,21.493217,21.767891,21.630684,21.527603,21.561981,21.596336,21.544792,21.596336,21.716469,21.527603,21.613518,21.561981,21.682167,21.887764,21.802162,21.544792,21.750755,21.802162,21.785027,21.836411,21.785027,21.716469,21.819290,21.870644,21.887764,21.510414,21.647850,21.510414,21.682167,21.596336,21.887764,21.853539,21.699318,21.613518,21.802162,21.561981,21.527603,21.424393,21.750755,21.441612,21.476021,21.699318,21.579163,21.561981,21.579163,21.458817,21.458817,21.355507,21.785027,21.630684,21.733620,21.733620,21.836411,21.733620,21.836411,21.853539,21.613518,21.682167,21.887764,21.699318,21.544792,21.802162,21.733620,21.785027,21.699318,21.630684,21.665016,21.338272,21.853539,21.613518,21.561981,21.682167,21.613518,21.596336,21.767891,21.510414,21.579163,21.458817,21.441612,21.527603,21.665016,21.269310,21.647850,21.321045,21.079346,21.252068,21.148476,21.062057,20.958221,20.836899,21.079346,20.975533,20.871582,20.802200,20.715385,20.940895,20.628487,20.750122,20.663254,20.436943,20.436943,20.384621,20.332268,20.506645,20.314804,20.244934,20.034943,20.209976,19.964821,20.052460,19.964821,19.999893,19.771667,19.754082,19.683716,19.542793,19.648506,19.560417,19.419281,19.436943,19.419281,19.260208,19.348618,19.242508,19.277893,19.366287,19.118538,19.100807,19.047615,18.941109,18.887802,18.870033,18.709869,18.477982,18.495850,18.119965,18.084076,17.724342,17.399261,17.000237,16.891090,16.526253,16.159874,15.847229,15.533455,15.403938,15.255684,15.348373,14.921196,15.200020,15.107178,15.014244,15.070015,14.921196,15.032837,14.977043,15.162895,15.088600,15.144333,14.995636,15.032837,14.977043,15.014244,14.995636,14.958420,14.995636,15.181458,14.995636,15.107178,14.939812,15.107178,15.162895,15.051422,15.051422,14.995636,15.200020,15.237137,14.995636,15.051422,15.070015,15.237137,14.809425,14.921196,15.088600,15.051422,15.051422,15.014244,14.958420,14.846703,14.846703,14.939812,14.566772,15.032837,14.921196,14.883965,14.716171,14.772133,15.051422,14.753487,14.809425,14.883965,14.902580,14.790794,14.790794,14.865326,14.883965,14.865326,14.977043,14.622826,14.772133,14.790794,14.865326,14.734833,14.828064,14.809425,14.846703,14.772133,14.846703,14.958420,14.753487,14.865326,14.846703,14.809425,14.846703,14.734833,14.883965,14.846703,14.902580,14.809425,14.772133,14.828064,14.772133,14.772133,14.846703,14.921196,14.678848,14.846703,14.809425,14.697517,14.678848,14.846703,14.809425,14.790794,14.772133,14.846703,14.809425,14.660179,14.902580,14.790794,14.604141,14.753487,14.846703,14.939812,14.622826,14.790794,14.678848,14.660179,14.828064,14.828064,14.958420,14.921196,14.977043,14.772133,14.772133,14.883965,14.828064,14.772133,14.921196,14.865326,14.846703,14.865326,14.958420,14.921196,14.958420,15.014244,14.921196,14.753487,14.995636,14.883965,15.032837,14.939812,14.716171,14.697517,14.734833,14.772133,14.995636,15.032837,14.734833,14.828064,14.734833,14.828064,14.734833,14.697517,14.809425,14.697517,14.846703,14.883965,14.734833,14.828064,14.921196,14.958420,15.014244,14.921196,15.144333,15.144333,15.014244,15.125755,14.902580,14.977043,14.958420,14.809425,14.809425,14.678848,14.790794,15.162895,14.622826,14.734833,14.809425,14.809425,14.883965,14.865326,14.865326,14.566772,14.678848,14.809425,14.828064,14.772133,14.939812,14.809425,15.051422,14.883965,14.865326,15.125755,14.883965,14.865326,14.902580,14.734833,14.977043,14.809425,14.790794,14.846703,14.772133,14.865326,14.790794,14.753487,14.716171,14.678848,15.014244,14.716171,14.846703,14.660179,14.790794,14.809425,14.828064,14.828064,14.697517,14.809425,14.902580,14.846703,14.846703,14.734833,14.697517,14.921196,14.809425,14.809425,14.790794,14.716171,14.734833,14.958420,14.641502,14.697517,14.716171,14.660179,14.846703,14.921196,14.790794,14.809425,14.641502,14.604141,14.809425,14.585457,14.939812,14.809425,14.585457,14.734833,14.902580,14.865326,14.753487,14.846703,14.995636,14.865326,14.846703,14.958420,14.734833,14.846703,14.809425,14.958420,14.995636,14.753487,14.828064,14.809425,14.809425,15.051422,14.865326,14.883965,14.790794,14.828064,15.088600,14.865326,14.995636,14.902580,15.051422,14.939812,15.014244,15.144333,15.255684,15.181458,14.921196,14.995636,14.958420,14.921196,15.088600,14.902580,15.125755,14.902580,15.051422,15.237137,15.014244,15.051422,15.125755,15.051422,15.200020,15.385422,15.329842,15.218575,15.255684,15.181458,
15.625862,15.496475,15.107178,15.181458,15.292770,15.385422,15.125755,15.218575,15.107178,15.403938,15.255684,15.125755,15.162895,15.032837,15.162895,15.200020,15.070015,15.051422,15.237137,15.218575,14.977043,15.162895,15.051422,15.329842,15.329842,15.477974,15.440964,16.031273,16.306610,16.708862,16.982056,17.688278,17.634163,18.155830,18.585091,18.958870,19.047615,19.454590,19.419281,19.542793,19.894638,19.771667,19.771667,19.824394,19.912178,20.087494,19.929733,19.718910,19.894638,19.982353,19.999893,20.314804,19.982353,20.087494,19.912178,20.052460,19.982353,19.947273,20.174995,20.122513,20.017418,20.069977,20.349724,20.367180,20.262413,20.105003,20.314804,20.367180,19.912178,20.367180,20.349724,20.297348,20.384621,20.436943,20.454369,20.279877,20.454369,20.349724,20.767487,20.558884,20.663254,20.784843,20.593697,20.784843,20.628487,20.645866,20.819542,20.576286,20.524055,20.715385,20.819542,20.732758,20.628487,20.784843,20.628487,20.506645,20.663254,20.645866,20.715385,20.888908,20.732758,20.854233,20.888908,20.871582,20.819542,20.906242,20.992851,21.148476,20.836899,20.958221,21.096642,20.819542,20.819542,20.940895,21.044754,20.854233,20.975533,21.165756,21.165756,21.269310,21.165756,21.131203,21.338272,21.458817,21.338272,21.389961,21.441612,21.200287,21.424393,21.355507,21.441612,21.217552,21.321045,21.303802,21.200287,21.252068,21.183029,21.303802,21.303802,21.338272,21.252068,21.252068,21.200287,21.303802,21.286568,21.165756,21.303802,21.252068,21.027458,21.131203,21.303802,21.234810,21.010155,21.183029,21.027458,21.252068,21.183029,21.200287,21.286568,21.286568,21.113914,21.217552,21.303802,21.217552,21.234810,21.165756,21.131203,21.355507,21.217552,21.269310,21.217552,21.303802,21.200287,21.286568,21.338272,21.252068,21.303802,21.372734,21.372734,21.372734,21.372734,21.113914,21.424393,21.493217,21.372734,21.252068,21.476021,21.407181,21.561981,21.424393,21.286568,21.338272,21.338272,21.389961,21.303802,21.407181,21.424393,21.269310,21.303802,21.372734,21.544792,21.458817,21.561981,21.527603,21.527603,21.579163,21.647850,21.647850,21.630684,21.665016,21.682167,21.476021,21.819290,21.544792,21.596336,21.733620,21.733620,21.750755,21.853539,21.921967,21.750755,21.785027,21.836411,21.870644,21.870644,21.870644,21.682167,21.819290,21.647850,21.510414,21.665016,21.716469,21.716469,21.630684,21.699318,21.630684,21.750755,21.510414,21.647850,21.493217,21.510414,21.544792,21.355507,21.458817,21.476021,21.544792,21.476021,21.527603,21.544792,21.493217,21.476021,21.561981,21.596336,21.613518,21.785027,21.802162,21.716469,21.733620,21.750755,21.836411,21.870644,21.767891,21.665016,21.716469,21.647850,21.510414,21.527603,21.579163,21.476021,21.458817,21.527603,21.476021,21.527603,21.733620,21.544792,21.493217,21.510414,21.527603,21.596336,21.665016,21.750755,21.527603,21.389961,21.613518,21.544792,21.458817,21.407181,21.355507,21.148476,21.200287,21.010155,21.096642,21.062057,21.044754,20.836899,20.923576,20.836899,20.888908,20.628487,20.767487,20.698021,20.767487,20.471802,20.402061,20.558884,20.402061,20.489220,20.314804,20.262413,20.140007,20.262413,20.052460,20.017418,20.052460,19.947273,19.789246,19.789246,19.630898,19.841957,19.419281,19.542793,19.525154,19.578049,19.383957,19.436943,19.260208,19.313263,19.277893,19.224815,19.171692,19.242508,19.207108,19.189407,19.065346,18.887802,18.905579,18.620766,18.317062,18.137894,18.102013,17.634163,17.363060,17.109245,16.745338,16.324928,16.086403,15.939293,15.644325,15.533455,15.311302,15.329842,15.200020,15.144333,15.162895,15.070015,14.958420,15.070015,15.032837,15.032837,14.958420,15.070015,15.032837,15.107178,14.995636,15.181458,15.125755,15.051422,15.014244,15.125755,14.977043,15.051422,15.032837,15.070015,15.070015,15.107178,15.088600,15.218575,14.883965,15.088600,15.051422,15.051422,15.032837,14.977043,15.107178,14.995636,15.070015,14.958420,14.995636,15.032837,14.958420,14.958420,14.995636,14.828064,14.828064,15.088600,14.790794,15.032837,14.977043,14.883965,14.958420,14.865326,14.902580,14.846703,14.921196,14.846703,14.790794,14.846703,14.846703,14.939812,14.753487,14.939812,14.790794,14.865326,14.809425,14.883965,14.846703,14.790794,14.865326,14.883965,14.790794,14.753487,14.828064,14.772133,14.790794,14.753487,14.846703,14.902580,14.828064,14.977043,14.921196,14.734833,14.828064,14.809425,15.014244,14.753487,14.772133,14.846703,14.604141,15.032837,14.828064,14.921196,14.678848,14.734833,14.716171,14.790794,14.734833,14.734833,14.790794,14.734833,14.734833,14.828064,14.865326,14.772133,14.697517,14.604141,14.809425,14.772133,14.828064,14.809425,14.734833,14.697517,14.846703,14.790794,14.809425,14.809425,14.958420,14.883965,14.790794,14.846703,14.809425,14.865326,14.846703,14.939812,14.921196,14.772133,14.753487,14.902580,14.939812,14.883965,14.958420,14.790794,14.995636,14.977043,14.921196,14.995636,15.032837,14.865326,14.958420,14.828064,14.809425,14.902580,14.902580,14.939812,15.032837,14.846703,14.883965,14.939812,14.772133,14.809425,14.921196,14.995636,14.977043,15.051422,15.051422,14.902580,15.218575,15.014244,14.921196,15.014244,15.070015,15.107178,14.995636,15.032837,15.051422,15.014244,15.070015,14.846703,14.790794,14.529381,14.753487,14.641502,14.790794,14.678848,14.939812,14.939812,14.660179,14.734833,15.032837,14.921196,14.865326,14.753487,14.828064,14.828064,15.032837,14.921196,14.828064,14.883965,14.846703,14.828064,14.753487,14.846703,14.678848,14.790794,14.883965,14.883965,14.865326,14.772133,14.716171,14.828064,14.865326,14.790794,14.865326,14.828064,14.753487,14.902580,14.753487,14.753487,14.809425,14.846703,14.790794,14.716171,14.604141,14.566772,14.902580,14.753487,14.809425,14.828064,14.883965,15.070015,14.529381,14.734833,14.883965,14.604141,14.697517,14.790794,14.734833,14.865326,14.846703,14.790794,14.678848,14.734833,14.790794,14.939812,14.846703,14.883965,14.828064,14.809425,14.939812,14.828064,14.772133,14.995636,14.772133,14.828064,14.921196,14.790794,14.958420,14.734833,14.958420,15.014244,14.902580,14.846703,14.865326,14.790794,14.995636,14.734833,14.697517,15.032837,14.883965,14.809425,15.014244,14.995636,14.939812,15.051422,14.734833,14.958420,15.125755,14.939812,14.883965,15.162895,14.828064,15.014244,15.088600,14.958420,15.014244,15.032837,15.144333,15.218575,14.902580,14.995636,14.865326,15.125755,14.939812,15.088600,15.032837,15.218575,15.032837,15.070015,14.995636,15.237137,15.070015,
15.625862,15.533455,15.292770,15.403938,15.218575,15.274223,15.440964,15.292770,15.144333,15.237137,14.939812,15.088600,15.162895,15.162895,15.051422,14.921196,15.181458,15.014244,15.088600,15.255684,15.218575,15.200020,15.070015,15.181458,15.459480,15.348373,15.662788,15.957695,16.086403,16.854668,17.036591,17.363060,17.616119,17.994278,18.442253,18.709869,18.941109,19.118538,19.383957,19.630898,19.736496,19.736496,19.806816,19.999893,19.754082,20.087494,19.841957,19.859520,19.877083,20.069977,20.122513,19.964821,20.105003,20.209976,20.192490,20.087494,20.122513,20.087494,20.140007,20.122513,20.314804,20.087494,20.192490,20.157509,20.279877,20.384621,20.157509,20.349724,20.332268,20.279877,20.262413,20.314804,20.244934,20.384621,20.332268,20.506645,20.576286,20.576286,20.593697,20.471802,20.541473,20.558884,20.524055,20.558884,20.611084,20.558884,20.715385,20.558884,20.663254,20.732758,20.611084,20.732758,20.558884,20.506645,20.506645,20.593697,20.558884,20.558884,20.940895,20.663254,20.698021,20.715385,20.854233,20.784843,20.888908,20.888908,20.767487,20.906242,20.888908,20.680634,20.802200,20.940895,20.992851,20.906242,20.871582,20.836899,21.010155,21.131203,21.269310,21.096642,21.252068,21.148476,21.252068,21.355507,21.372734,21.407181,21.389961,21.476021,21.355507,21.493217,21.252068,21.441612,21.338272,21.183029,21.252068,21.321045,21.252068,21.372734,21.286568,21.131203,21.217552,21.217552,21.286568,21.321045,21.303802,21.303802,21.079346,21.096642,21.303802,21.044754,21.217552,21.096642,21.200287,21.010155,21.113914,21.027458,21.476021,21.303802,21.269310,21.217552,21.200287,21.321045,21.200287,21.183029,21.269310,21.234810,21.183029,21.303802,21.441612,21.355507,21.010155,21.234810,21.234810,21.458817,21.234810,21.234810,21.338272,21.424393,21.165756,21.355507,21.303802,21.561981,21.389961,21.252068,21.372734,21.355507,21.131203,21.510414,21.148476,21.269310,21.183029,21.407181,21.338272,21.355507,21.355507,21.338272,21.407181,21.338272,21.493217,21.458817,21.424393,21.596336,21.733620,21.682167,21.665016,21.372734,21.630684,21.579163,21.630684,21.630684,21.699318,21.767891,21.733620,21.750755,21.682167,21.956161,22.058662,21.836411,21.836411,21.716469,21.785027,21.921967,21.836411,21.836411,21.767891,21.682167,21.785027,21.733620,21.939064,21.699318,21.630684,21.853539,21.785027,21.802162,21.802162,21.733620,21.716469,21.647850,21.493217,21.870644,21.458817,21.613518,21.561981,21.596336,21.665016,21.613518,21.338272,21.579163,21.476021,21.750755,21.579163,21.596336,21.596336,21.836411,21.579163,21.544792,21.750755,21.579163,21.682167,21.699318,21.613518,21.785027,21.785027,21.630684,21.527603,21.527603,21.613518,21.527603,21.441612,21.355507,21.338272,21.458817,21.372734,21.561981,21.493217,21.596336,21.544792,21.389961,21.510414,21.785027,21.510414,21.682167,21.561981,21.561981,21.441612,21.355507,21.372734,21.269310,21.321045,21.165756,21.217552,21.010155,20.940895,20.975533,20.802200,21.027458,20.906242,20.854233,20.698021,20.767487,20.645866,20.593697,20.489220,20.419502,20.402061,20.471802,20.367180,20.314804,19.999893,20.034943,20.122513,20.052460,19.999893,19.736496,20.069977,19.982353,19.525154,19.648506,19.595665,19.595665,19.718910,19.454590,19.507530,19.401619,19.472237,19.100807,19.242508,19.401619,19.277893,19.260208,19.207108,19.207108,19.153984,19.065346,18.905579,18.763298,18.638596,18.317062,18.370735,18.048164,17.850410,17.290627,17.163704,16.927490,16.507973,16.178230,15.920883,15.810371,15.348373,15.274223,15.348373,15.292770,15.200020,15.144333,15.181458,15.200020,15.125755,14.921196,15.014244,14.883965,15.014244,15.162895,15.107178,15.274223,14.939812,15.070015,15.014244,15.144333,14.883965,14.995636,15.144333,15.144333,14.995636,14.995636,15.070015,15.088600,15.051422,15.144333,15.107178,15.255684,14.977043,14.846703,14.883965,15.125755,15.032837,14.902580,14.995636,14.846703,15.014244,14.958420,14.995636,14.883965,14.977043,15.051422,15.125755,15.125755,15.051422,14.958420,14.977043,14.958420,14.977043,14.865326,14.902580,14.753487,14.883965,14.809425,14.865326,15.014244,14.921196,14.958420,14.958420,14.828064,14.828064,14.883965,14.865326,14.939812,14.939812,14.790794,14.716171,14.716171,14.883965,14.641502,14.716171,14.846703,14.995636,14.846703,14.939812,14.921196,14.734833,14.772133,14.846703,14.828064,14.678848,14.902580,14.753487,14.772133,14.883965,14.846703,14.846703,14.753487,14.734833,14.790794,14.772133,14.734833,14.772133,14.716171,14.828064,14.772133,14.865326,14.622826,14.548080,14.865326,14.809425,14.790794,14.678848,14.604141,14.697517,14.678848,14.585457,14.883965,14.809425,14.790794,14.828064,14.790794,14.902580,15.032837,14.772133,14.902580,14.846703,14.828064,14.995636,14.995636,14.734833,14.921196,15.032837,14.958420,14.865326,15.107178,14.921196,14.902580,14.734833,14.809425,14.939812,14.828064,14.902580,15.051422,14.958420,14.939812,14.716171,15.014244,14.902580,14.790794,14.790794,14.716171,14.697517,14.716171,14.697517,14.828064,14.846703,14.902580,14.753487,14.883965,14.958420,15.032837,14.977043,15.070015,15.051422,14.846703,15.032837,14.958420,14.939812,15.070015,15.107178,14.809425,14.939812,14.939812,15.088600,14.716171,14.678848,14.921196,14.828064,14.846703,14.809425,14.716171,14.734833,14.828064,14.660179,14.865326,14.828064,14.995636,14.809425,14.809425,14.697517,14.809425,14.846703,14.828064,14.883965,14.678848,14.753487,14.865326,14.697517,15.014244,14.846703,14.772133,14.883965,14.828064,14.790794,14.697517,14.641502,14.828064,14.865326,14.828064,15.014244,14.958420,14.865326,14.790794,14.809425,14.828064,14.790794,14.958420,14.473274,14.939812,14.790794,14.865326,14.772133,15.014244,14.622826,14.753487,14.828064,14.790794,14.772133,14.865326,14.790794,14.753487,14.790794,14.939812,14.809425,14.716171,14.809425,14.883965,14.921196,14.883965,14.846703,14.753487,14.753487,14.753487,14.958420,14.809425,14.828064,15.070015,14.958420,14.846703,14.622826,14.828064,14.921196,14.939812,14.883965,14.977043,14.809425,14.846703,14.828064,14.734833,14.883965,14.660179,14.809425,14.939812,14.921196,14.902580,14.939812,14.883965,14.846703,14.828064,14.883965,14.753487,14.772133,14.809425,15.051422,15.162895,14.939812,15.070015,15.088600,14.977043,15.088600,14.921196,14.977043,14.790794,14.902580,15.070015,15.255684,15.237137,14.977043,14.883965,14.902580,15.014244,15.070015,15.032837,15.070015,15.070015,15.088600,15.422462,
15.662788,15.292770,15.533455,15.218575,15.607391,15.329842,15.107178,15.237137,15.274223,15.144333,15.237137,15.107178,15.255684,15.144333,15.014244,15.051422,15.088600,15.014244,15.292770,15.088600,15.107178,15.032837,15.144333,15.107178,15.144333,15.311302,15.588913,15.773499,16.214928,16.672379,17.000237,17.453522,17.724342,18.102013,18.352852,18.798889,19.065346,19.260208,19.525154,19.525154,19.648506,19.982353,19.683716,19.999893,19.859520,19.859520,19.964821,19.877083,20.017418,19.912178,19.947273,20.034943,19.999893,20.140007,20.174995,20.087494,20.105003,20.087494,20.244934,20.034943,20.087494,20.297348,20.244934,20.314804,20.174995,20.244934,20.314804,20.227455,20.454369,20.332268,20.367180,20.262413,20.384621,20.454369,20.262413,20.262413,20.489220,20.436943,20.454369,20.541473,20.506645,20.715385,20.471802,20.558884,20.611084,20.489220,20.524055,20.576286,20.541473,20.576286,20.524055,20.576286,20.471802,20.454369,20.227455,20.558884,20.698021,20.541473,20.663254,20.715385,20.732758,20.750122,20.715385,20.750122,20.750122,20.906242,20.732758,20.819542,20.802200,20.992851,20.836899,21.027458,20.923576,20.767487,20.732758,20.940895,21.044754,21.044754,21.200287,21.303802,21.252068,21.321045,21.372734,21.458817,21.321045,21.441612,21.493217,21.286568,21.424393,21.424393,21.544792,21.476021,21.234810,21.424393,21.338272,21.355507,21.269310,21.441612,21.269310,21.217552,21.183029,21.303802,21.217552,21.303802,21.338272,21.321045,21.269310,21.148476,21.096642,21.079346,21.027458,21.234810,21.079346,21.079346,21.079346,21.010155,21.217552,21.234810,21.234810,21.321045,21.389961,21.372734,21.493217,21.389961,21.303802,21.200287,21.234810,21.441612,21.372734,21.424393,21.252068,21.338272,21.424393,21.217552,21.338272,21.165756,21.200287,21.252068,21.338272,21.200287,21.372734,21.389961,21.286568,21.389961,21.441612,21.372734,21.441612,21.269310,21.510414,21.355507,21.165756,21.234810,21.407181,21.303802,21.217552,21.372734,21.424393,21.372734,21.647850,21.596336,21.561981,21.596336,21.630684,21.716469,21.699318,21.630684,21.613518,21.613518,21.699318,21.647850,21.819290,21.887764,21.665016,21.904861,21.904861,21.921967,21.836411,21.921967,21.939064,21.785027,21.767891,22.007431,21.887764,21.990349,22.041588,21.939064,22.041588,21.819290,21.973259,21.716469,21.853539,21.853539,21.887764,21.921967,21.853539,21.956161,21.819290,21.819290,21.699318,21.785027,21.665016,21.699318,21.544792,21.682167,21.579163,21.458817,21.321045,21.476021,21.407181,21.630684,21.544792,21.510414,21.561981,21.458817,21.510414,21.647850,21.699318,21.596336,21.579163,21.802162,21.733620,21.767891,21.750755,21.544792,21.527603,21.527603,21.441612,21.510414,21.458817,21.510414,21.493217,21.682167,21.458817,21.389961,21.372734,21.441612,21.407181,21.458817,21.527603,21.458817,21.441612,21.407181,21.458817,21.458817,21.544792,21.389961,21.321045,21.338272,21.165756,21.217552,21.217552,21.062057,20.854233,20.888908,20.940895,20.784843,20.819542,20.906242,20.732758,20.784843,20.663254,20.698021,20.436943,20.419502,20.506645,20.436943,20.384621,20.157509,20.105003,20.122513,20.069977,20.069977,20.052460,19.877083,19.912178,19.754082,19.789246,19.771667,19.683716,19.525154,19.401619,19.578049,19.348618,19.401619,19.366287,19.153984,19.313263,19.295586,19.242508,19.118538,19.118538,19.083084,18.852249,19.047615,18.923340,18.656418,18.460121,18.477982,18.263351,18.030205,17.688278,17.218117,17.181839,16.562805,16.471397,16.141510,15.902481,15.644325,15.366905,15.329842,15.218575,15.144333,15.107178,15.032837,15.051422,15.032837,15.088600,15.014244,15.088600,15.218575,15.014244,15.125755,15.162895,15.144333,15.125755,15.125755,15.125755,15.070015,15.107178,15.181458,14.865326,15.070015,14.995636,15.125755,15.014244,14.995636,15.181458,14.921196,14.921196,15.144333,15.051422,15.200020,15.032837,15.032837,15.032837,14.995636,15.051422,15.032837,14.921196,14.921196,14.902580,15.032837,14.883965,15.144333,14.865326,14.846703,14.939812,14.828064,14.883965,14.958420,14.921196,14.902580,14.678848,14.958420,14.734833,15.032837,14.865326,14.865326,14.809425,14.846703,14.865326,14.828064,14.883965,14.828064,14.902580,14.995636,14.902580,14.734833,14.958420,14.902580,14.790794,14.828064,14.828064,14.902580,14.902580,14.809425,14.828064,14.790794,14.790794,14.883965,14.790794,14.772133,14.716171,14.902580,14.809425,14.641502,14.734833,14.566772,14.734833,14.716171,14.585457,14.846703,14.753487,14.865326,14.865326,14.828064,14.883965,14.753487,14.641502,14.772133,14.622826,14.883965,14.716171,14.902580,14.790794,14.734833,14.828064,14.716171,14.809425,14.697517,14.865326,14.772133,14.883965,14.716171,14.828064,14.660179,14.828064,14.772133,14.828064,14.716171,14.828064,14.753487,14.939812,14.828064,14.995636,14.958420,14.902580,14.846703,14.753487,14.772133,15.051422,14.846703,14.790794,14.846703,14.697517,14.734833,14.772133,14.939812,14.865326,14.883965,15.070015,14.995636,14.939812,14.697517,14.958420,14.790794,14.809425,14.846703,14.977043,15.125755,14.790794,15.014244,14.958420,14.958420,14.977043,15.144333,15.125755,15.014244,15.125755,15.051422,15.051422,15.088600,14.921196,15.014244,14.641502,14.641502,14.828064,14.697517,14.772133,14.828064,15.051422,14.678848,14.772133,14.939812,14.865326,14.921196,14.772133,14.865326,14.753487,14.846703,14.902580,14.995636,15.014244,14.939812,14.921196,14.977043,14.772133,14.902580,14.883965,14.716171,14.697517,14.883965,14.753487,14.641502,14.753487,14.641502,14.902580,14.902580,14.921196,14.585457,14.753487,15.014244,14.753487,14.828064,14.753487,14.902580,14.809425,14.883965,14.828064,14.772133,14.641502,14.622826,14.678848,14.902580,14.641502,14.883965,14.921196,14.697517,14.753487,14.883965,14.734833,14.678848,14.772133,14.828064,14.772133,14.977043,14.734833,14.660179,14.809425,14.995636,14.865326,14.790794,14.846703,14.921196,14.828064,14.604141,14.697517,14.846703,14.809425,14.678848,14.939812,14.716171,14.772133,14.921196,14.995636,15.032837,14.958420,14.790794,14.958420,15.032837,14.883965,14.977043,14.753487,14.902580,14.809425,14.809425,14.809425,14.809425,14.883965,14.995636,14.846703,14.846703,15.088600,15.070015,15.088600,15.162895,15.144333,14.846703,14.958420,14.772133,14.883965,15.051422,15.107178,15.403938,14.753487,14.995636,14.809425,15.125755,15.125755,15.255684,15.032837,15.125755,15.070015,14.958420,15.348373,15.200020,15.144333,15.237137,15.440964,15.348373,
15.736610,15.644325,15.514977,15.422462,15.274223,15.422462,15.385422,15.366905,15.459480,15.551949,15.125755,15.311302,14.921196,15.218575,15.255684,15.385422,15.218575,15.311302,15.107178,15.311302,15.070015,15.032837,15.255684,15.200020,15.162895,15.625862,15.644325,15.847229,16.324928,16.489677,17.036591,17.344955,17.778404,17.904396,18.549400,18.585091,19.047615,19.454590,19.436943,19.613289,19.824394,19.841957,19.859520,19.947273,19.683716,19.982353,19.912178,19.999893,19.999893,19.841957,19.824394,20.087494,19.894638,20.017418,20.017418,20.192490,19.912178,20.244934,20.174995,20.052460,20.052460,20.069977,19.947273,20.314804,20.262413,20.297348,20.209976,20.454369,20.279877,20.192490,20.367180,20.262413,20.489220,20.262413,20.367180,20.454369,20.314804,20.471802,20.454369,20.471802,20.524055,20.524055,20.558884,20.558884,20.680634,20.436943,20.628487,20.593697,20.471802,20.506645,20.279877,20.576286,20.419502,20.576286,20.611084,20.645866,20.314804,20.628487,20.593697,20.663254,20.645866,20.802200,20.541473,20.541473,20.715385,20.784843,20.784843,20.784843,20.784843,20.923576,20.836899,20.906242,20.958221,20.992851,20.975533,20.940895,21.010155,21.424393,21.269310,21.476021,21.234810,21.303802,21.338272,21.321045,21.441612,21.613518,21.561981,21.630684,21.544792,21.493217,21.630684,21.493217,21.355507,21.441612,21.424393,21.338272,21.407181,21.269310,21.183029,21.372734,21.321045,21.269310,21.286568,21.269310,21.269310,21.062057,21.303802,21.062057,21.079346,21.424393,21.131203,21.131203,21.079346,21.113914,21.269310,21.269310,21.338272,21.527603,21.269310,21.269310,21.148476,21.252068,21.252068,21.286568,21.338272,21.372734,21.269310,21.389961,21.269310,21.321045,21.441612,21.252068,21.217552,21.372734,21.234810,21.217552,21.200287,21.389961,21.217552,21.234810,21.372734,21.252068,21.338272,21.286568,21.269310,21.493217,21.183029,21.148476,21.303802,21.183029,21.269310,21.441612,21.131203,21.389961,21.200287,21.286568,21.303802,21.510414,21.733620,21.596336,21.561981,21.596336,21.596336,21.665016,21.750755,21.733620,21.802162,21.904861,21.750755,21.887764,21.870644,21.785027,21.904861,22.092789,22.024513,21.853539,22.041588,21.939064,21.750755,22.126915,22.007431,22.007431,21.956161,22.058662,21.904861,21.819290,21.904861,21.836411,22.024513,21.870644,21.836411,21.836411,21.887764,21.870644,21.853539,21.853539,21.733620,21.647850,21.990349,21.836411,21.733620,21.613518,21.699318,21.596336,21.544792,21.527603,21.596336,21.407181,21.424393,21.544792,21.458817,21.269310,21.389961,21.561981,21.613518,21.767891,21.630684,21.493217,21.579163,21.476021,21.802162,21.476021,21.493217,21.527603,21.286568,21.493217,21.252068,21.476021,21.389961,21.389961,21.286568,21.303802,21.338272,21.493217,21.338272,21.424393,21.389961,21.458817,21.407181,21.647850,21.441612,21.424393,21.544792,21.389961,21.338272,21.372734,21.321045,21.079346,21.234810,21.062057,21.096642,21.234810,21.079346,21.079346,20.923576,20.819542,20.715385,20.836899,20.611084,20.628487,20.645866,20.663254,20.471802,20.489220,20.524055,20.349724,20.436943,20.209976,20.244934,20.017418,19.982353,20.069977,19.947273,20.105003,19.771667,19.771667,19.859520,19.824394,19.419281,19.595665,19.595665,19.436943,19.383957,19.348618,19.419281,19.330948,19.242508,19.260208,19.207108,19.065346,19.012123,19.100807,19.047615,19.189407,18.941109,18.816673,18.620766,18.442253,18.209602,18.030205,17.435440,17.598068,17.091087,16.781799,16.379883,16.324928,15.791931,15.662788,15.366905,15.348373,15.329842,15.070015,15.181458,15.107178,14.977043,15.088600,14.958420,15.125755,14.883965,14.865326,15.014244,15.125755,15.088600,15.051422,15.051422,15.088600,15.107178,15.200020,14.995636,14.921196,15.218575,15.014244,15.032837,15.088600,14.977043,14.977043,15.181458,14.958420,15.032837,14.995636,14.977043,15.218575,14.958420,15.125755,15.088600,14.995636,15.162895,14.902580,14.939812,14.846703,14.902580,14.921196,14.828064,15.070015,14.977043,15.051422,15.144333,14.958420,14.958420,14.902580,14.828064,14.958420,14.753487,14.828064,14.977043,14.958420,14.883965,14.716171,15.032837,14.958420,14.921196,14.697517,14.790794,14.809425,14.790794,14.865326,14.809425,14.809425,14.846703,14.790794,14.921196,15.237137,14.716171,14.734833,14.846703,14.846703,14.753487,14.828064,14.828064,14.585457,14.772133,14.790794,14.902580,14.939812,14.753487,14.772133,14.716171,14.865326,14.772133,14.622826,14.641502,14.883965,14.697517,14.828064,14.828064,14.809425,14.846703,14.772133,14.753487,14.790794,14.697517,14.828064,14.753487,14.716171,14.883965,14.790794,14.716171,14.660179,14.772133,14.939812,14.697517,14.716171,14.902580,14.716171,14.772133,14.809425,14.902580,14.846703,14.790794,14.716171,15.107178,14.883965,14.772133,14.697517,14.809425,14.958420,14.958420,14.902580,14.846703,14.958420,14.716171,15.125755,14.883965,14.902580,14.902580,14.828064,14.734833,14.641502,14.697517,14.809425,14.809425,14.846703,14.921196,14.995636,14.865326,14.828064,14.846703,14.809425,14.734833,14.995636,14.977043,14.995636,14.939812,14.939812,14.809425,15.125755,15.070015,15.162895,14.977043,15.088600,15.255684,15.032837,14.995636,14.958420,14.790794,15.032837,14.958420,14.995636,14.828064,14.902580,14.697517,14.809425,14.697517,14.809425,14.697517,14.846703,14.921196,15.070015,14.828064,14.734833,14.809425,15.032837,14.995636,14.809425,15.014244,14.809425,14.529381,14.846703,14.865326,14.716171,14.902580,14.939812,14.846703,14.772133,14.734833,14.772133,14.772133,14.790794,14.846703,14.828064,14.585457,14.828064,14.772133,14.697517,14.958420,14.790794,14.809425,14.828064,14.697517,14.716171,14.828064,14.828064,14.790794,14.865326,14.660179,14.828064,14.734833,14.790794,14.622826,14.772133,14.697517,14.790794,14.995636,14.846703,14.697517,14.641502,14.716171,14.846703,14.716171,14.846703,14.660179,14.865326,14.883965,14.995636,14.883965,14.697517,14.902580,14.883965,15.107178,14.641502,14.921196,14.753487,14.977043,14.772133,14.846703,14.716171,14.809425,14.846703,14.828064,14.921196,14.865326,14.865326,14.734833,14.865326,14.790794,14.902580,15.051422,14.809425,14.939812,14.902580,14.958420,15.051422,14.772133,14.790794,14.846703,15.051422,15.107178,15.311302,15.125755,14.921196,15.181458,14.809425,14.995636,14.921196,15.162895,14.902580,15.070015,14.995636,15.162895,15.070015,15.088600,15.218575,15.088600,15.107178,15.329842,15.107178,14.865326,14.902580,15.144333,15.533455,
15.570435,15.477974,15.607391,15.865646,15.200020,15.348373,15.403938,15.255684,15.200020,15.237137,15.181458,15.255684,15.311302,15.237137,15.200020,15.125755,15.181458,15.070015,14.995636,15.255684,15.088600,15.292770,14.939812,15.218575,15.385422,15.459480,15.514977,16.012886,16.269951,16.708862,16.982056,17.507759,17.706314,17.868416,18.155830,18.602928,19.083084,19.348618,19.525154,19.595665,19.824394,19.947273,19.929733,19.947273,19.824394,20.122513,19.947273,19.894638,19.877083,19.929733,19.912178,19.999893,20.052460,20.157509,19.982353,20.122513,20.192490,20.034943,19.841957,20.157509,20.017418,20.192490,20.140007,20.140007,20.192490,20.140007,20.367180,20.192490,20.262413,20.314804,20.279877,20.489220,20.105003,20.279877,20.227455,20.192490,20.367180,20.402061,20.645866,20.489220,20.506645,20.402061,20.454369,20.750122,20.384621,20.506645,20.419502,20.558884,20.506645,20.402061,20.611084,20.349724,20.140007,20.419502,20.489220,20.367180,20.489220,20.332268,20.471802,20.332268,20.436943,20.541473,20.402061,20.628487,20.628487,20.593697,20.715385,20.854233,20.888908,20.611084,20.698021,20.784843,20.802200,20.923576,20.750122,20.940895,21.200287,21.148476,21.200287,21.269310,21.579163,21.217552,21.321045,21.441612,21.355507,21.561981,21.613518,21.579163,21.544792,21.544792,21.407181,21.389961,21.372734,21.476021,21.372734,21.303802,21.286568,21.355507,21.407181,21.372734,21.389961,21.269310,21.338272,21.252068,21.372734,21.183029,21.269310,20.992851,21.183029,21.234810,21.096642,20.923576,21.183029,20.992851,21.148476,21.183029,21.493217,21.441612,21.338272,21.389961,21.338272,21.389961,21.355507,21.441612,21.372734,21.389961,21.424393,21.355507,21.389961,21.165756,21.389961,21.338272,21.269310,21.252068,21.200287,21.252068,21.252068,21.096642,21.269310,21.183029,21.338272,21.321045,21.389961,21.165756,21.303802,21.148476,21.355507,21.389961,21.183029,21.252068,21.338272,21.200287,21.200287,21.303802,21.424393,21.372734,21.200287,21.407181,21.372734,21.630684,21.750755,21.733620,21.579163,21.785027,21.767891,21.750755,21.802162,21.990349,21.853539,21.802162,21.921967,22.024513,21.921967,22.041588,22.075729,22.075729,21.887764,22.195107,21.973259,22.092789,21.939064,22.229179,21.973259,21.887764,21.956161,21.904861,21.904861,21.904861,22.126915,21.887764,21.887764,21.973259,21.785027,22.178062,22.007431,21.973259,22.007431,21.887764,21.973259,21.904861,21.544792,21.647850,21.596336,21.441612,21.682167,21.665016,21.355507,21.424393,21.389961,21.579163,21.407181,21.407181,21.476021,21.424393,21.579163,21.579163,21.407181,21.510414,21.407181,21.510414,21.458817,21.510414,21.458817,21.407181,21.458817,21.234810,21.269310,21.269310,21.338272,21.252068,21.200287,21.321045,21.372734,21.321045,21.234810,21.407181,21.458817,21.493217,21.389961,21.424393,21.269310,21.407181,21.355507,21.476021,21.510414,21.441612,21.165756,21.183029,21.131203,21.010155,21.079346,21.062057,20.958221,20.975533,21.044754,20.871582,20.906242,20.576286,20.732758,20.871582,20.663254,20.506645,20.628487,20.367180,20.402061,20.436943,20.140007,20.244934,20.297348,20.244934,20.052460,20.069977,19.964821,19.964821,19.999893,19.912178,19.771667,19.736496,19.701309,19.648506,19.648506,19.666115,19.595665,19.366287,19.313263,19.171692,19.153984,19.136261,19.260208,19.171692,19.029869,19.207108,19.100807,18.852249,18.870033,18.816673,18.585091,18.424385,18.084076,18.012245,17.742363,17.471611,17.254379,16.982056,16.544525,16.489677,15.755058,15.736610,15.496475,15.477974,15.292770,15.218575,15.162895,15.032837,15.014244,15.144333,15.144333,15.144333,15.181458,15.255684,14.995636,15.070015,14.995636,15.200020,15.051422,15.107178,14.995636,15.070015,15.014244,15.070015,15.107178,15.014244,14.995636,15.107178,15.162895,15.125755,14.995636,15.144333,14.995636,15.144333,14.995636,14.995636,14.921196,15.070015,14.995636,15.107178,15.088600,14.921196,14.865326,14.939812,14.846703,14.995636,14.958420,14.939812,14.772133,14.753487,15.014244,15.032837,14.846703,14.883965,14.828064,14.865326,14.734833,14.828064,14.790794,15.070015,14.828064,14.753487,14.865326,14.809425,15.107178,15.032837,14.865326,14.921196,14.902580,14.883965,14.716171,14.921196,14.846703,14.865326,14.883965,14.902580,14.883965,15.032837,14.865326,14.828064,14.828064,14.790794,14.828064,14.716171,14.790794,14.939812,14.716171,14.697517,14.660179,14.939812,14.790794,14.846703,14.585457,14.753487,14.790794,14.809425,14.865326,14.809425,14.660179,14.809425,14.622826,14.641502,14.660179,14.958420,14.809425,14.790794,14.809425,14.828064,14.753487,14.828064,14.865326,14.828064,14.790794,14.772133,14.865326,14.753487,14.846703,14.828064,14.753487,14.828064,14.753487,14.865326,14.865326,14.939812,14.958420,14.790794,14.921196,14.865326,14.921196,14.977043,14.790794,14.977043,14.828064,15.070015,14.772133,15.107178,14.883965,14.734833,14.828064,14.921196,14.977043,14.734833,14.753487,14.865326,14.921196,14.790794,14.828064,14.865326,14.753487,14.883965,15.014244,14.641502,14.846703,15.014244,14.809425,14.921196,14.809425,14.772133,14.846703,15.162895,14.977043,15.051422,15.088600,15.181458,14.958420,14.902580,15.070015,14.921196,14.865326,14.809425,15.032837,14.772133,14.790794,14.697517,14.734833,15.032837,14.753487,14.734833,14.921196,14.883965,14.716171,15.032837,14.939812,15.032837,14.921196,14.902580,15.014244,14.977043,14.995636,14.865326,14.809425,14.939812,14.865326,14.716171,14.716171,14.790794,14.548080,14.902580,14.772133,14.772133,14.846703,14.921196,14.977043,14.529381,14.995636,15.014244,14.697517,14.809425,14.529381,14.734833,14.902580,14.902580,14.790794,14.939812,14.753487,14.622826,14.716171,14.753487,14.772133,14.790794,14.902580,14.809425,14.865326,14.790794,14.697517,14.809425,14.939812,14.772133,14.790794,14.977043,14.865326,14.790794,14.678848,14.734833,14.753487,14.865326,14.435844,14.977043,14.772133,14.828064,14.622826,14.846703,14.939812,14.865326,14.641502,14.678848,15.014244,15.014244,15.051422,15.032837,14.902580,15.070015,14.865326,14.939812,14.958420,14.939812,14.828064,14.790794,14.883965,14.828064,14.828064,14.902580,14.697517,15.014244,14.902580,14.921196,14.809425,15.014244,14.958420,14.995636,15.070015,15.107178,14.939812,15.070015,15.032837,15.051422,15.014244,15.200020,15.162895,15.032837,15.051422,15.051422,15.181458,14.939812,15.107178,15.107178,15.200020,15.088600,15.162895,15.181458,15.125755,15.311302,15.200020,15.237137,
15.884071,15.699715,15.422462,15.459480,15.459480,15.607391,15.274223,15.348373,15.125755,15.255684,15.348373,15.255684,15.348373,15.403938,15.144333,15.403938,15.311302,15.237137,14.977043,15.311302,15.237137,15.125755,15.237137,15.274223,15.255684,15.477974,15.625862,15.957695,16.306610,16.489677,16.781799,17.344955,17.742363,18.137894,18.334953,18.745483,19.260208,19.295586,19.383957,19.630898,19.806816,19.877083,19.877083,19.877083,19.771667,19.877083,20.017418,19.929733,19.929733,20.034943,19.683716,20.052460,19.929733,20.017418,20.034943,20.140007,19.982353,20.174995,20.192490,20.052460,20.192490,20.157509,20.209976,20.157509,20.227455,20.192490,20.157509,20.174995,20.279877,20.244934,20.087494,20.262413,20.279877,20.419502,20.034943,20.349724,20.384621,20.244934,20.349724,20.349724,20.279877,20.349724,20.506645,20.402061,20.454369,20.262413,20.436943,20.034943,20.367180,20.402061,20.489220,20.069977,20.367180,20.349724,20.209976,20.122513,20.209976,20.279877,20.279877,20.349724,20.506645,20.489220,20.349724,20.576286,20.506645,20.524055,20.506645,20.784843,20.628487,20.732758,20.836899,20.992851,20.767487,20.888908,20.854233,20.836899,20.992851,21.338272,21.252068,21.527603,21.424393,21.372734,21.372734,21.252068,21.441612,21.458817,21.355507,21.579163,21.389961,21.544792,21.630684,21.579163,21.527603,21.527603,21.510414,21.561981,21.476021,21.321045,21.441612,21.424393,21.303802,21.286568,21.200287,21.286568,21.338272,21.234810,21.079346,21.096642,20.940895,21.113914,21.424393,21.200287,21.303802,21.148476,21.131203,21.424393,21.355507,21.338272,21.424393,21.372734,21.338272,21.234810,21.252068,21.389961,21.493217,21.699318,21.510414,21.321045,21.389961,21.303802,21.355507,21.252068,21.389961,21.234810,21.183029,21.200287,21.165756,21.510414,21.234810,21.321045,21.234810,21.321045,21.079346,21.372734,21.252068,21.200287,21.200287,21.252068,21.252068,21.234810,21.165756,21.372734,21.252068,21.286568,21.303802,21.389961,21.286568,21.355507,21.476021,21.630684,21.630684,21.665016,21.596336,21.596336,21.785027,21.887764,21.716469,21.853539,21.819290,21.853539,21.939064,22.007431,21.904861,21.973259,22.092789,21.904861,22.041588,22.041588,22.041588,22.041588,22.007431,22.109856,22.075729,22.161018,22.161018,22.126915,22.058662,22.007431,22.041588,22.161018,22.143959,22.212143,22.109856,21.870644,21.956161,21.973259,22.007431,21.990349,21.853539,21.887764,21.819290,21.561981,21.665016,21.665016,21.596336,21.510414,21.441612,21.321045,21.200287,21.527603,21.286568,21.355507,21.286568,21.510414,21.476021,21.527603,21.544792,21.493217,21.476021,21.510414,21.372734,21.372734,21.613518,21.217552,21.183029,21.355507,21.096642,21.131203,21.113914,21.252068,21.165756,21.252068,21.200287,21.286568,21.252068,21.062057,21.286568,21.338272,21.355507,21.613518,21.476021,21.355507,21.389961,21.303802,21.389961,21.321045,21.286568,21.183029,21.062057,21.286568,21.027458,21.062057,21.079346,20.698021,20.958221,20.906242,20.698021,20.767487,20.558884,20.541473,20.489220,20.506645,20.645866,20.402061,20.402061,20.192490,20.454369,20.297348,20.244934,20.052460,20.122513,19.912178,19.947273,19.912178,19.754082,19.666115,19.789246,19.472237,19.701309,19.666115,19.489883,19.436943,19.436943,19.436943,19.260208,19.295586,19.330948,19.136261,19.207108,19.083084,19.029869,18.958870,19.171692,18.887802,18.958870,18.692055,18.674240,18.460121,18.281258,18.155830,17.760384,17.616119,17.072929,16.872887,16.544525,16.233269,15.865646,15.699715,15.496475,15.274223,15.181458,15.162895,15.162895,15.200020,15.144333,15.088600,15.107178,15.014244,15.014244,15.292770,15.070015,14.995636,15.070015,15.051422,15.088600,15.162895,15.032837,15.088600,15.125755,15.162895,15.107178,14.977043,15.218575,15.144333,14.939812,15.200020,14.958420,15.014244,15.144333,15.181458,15.218575,15.162895,15.014244,15.032837,14.921196,14.883965,14.921196,15.200020,15.032837,14.958420,14.883965,15.107178,14.977043,14.958420,14.902580,14.995636,14.809425,14.939812,14.977043,15.107178,14.939812,14.809425,14.697517,14.883965,14.753487,14.865326,14.846703,14.772133,14.660179,14.865326,14.846703,14.716171,14.939812,14.753487,14.809425,14.977043,14.734833,14.921196,14.977043,14.977043,14.828064,14.828064,14.678848,14.604141,14.716171,14.902580,14.995636,14.883965,14.772133,14.883965,14.846703,15.107178,14.809425,14.753487,14.734833,14.678848,14.883965,14.883965,14.809425,14.883965,14.660179,14.790794,14.734833,14.678848,14.734833,14.772133,14.958420,14.734833,14.753487,14.865326,14.865326,14.622826,14.939812,14.660179,14.697517,14.865326,14.697517,14.809425,14.828064,14.828064,14.902580,14.902580,14.958420,14.883965,14.921196,14.883965,14.734833,14.790794,14.809425,15.014244,14.883965,14.734833,14.828064,14.939812,15.051422,14.995636,14.865326,14.977043,14.902580,14.809425,14.939812,15.032837,14.883965,14.772133,14.846703,14.902580,14.828064,14.902580,14.977043,14.865326,14.846703,14.660179,15.051422,14.977043,14.641502,14.734833,14.604141,14.846703,14.660179,14.865326,15.088600,14.809425,15.051422,14.846703,14.939812,14.977043,15.070015,15.366905,14.977043,15.088600,15.014244,15.125755,14.865326,14.939812,14.958420,14.772133,14.995636,14.734833,14.921196,14.846703,14.622826,14.828064,14.753487,14.865326,14.921196,14.828064,14.734833,14.995636,14.828064,15.088600,14.809425,14.828064,14.958420,14.958420,14.716171,14.921196,14.921196,14.921196,14.865326,14.939812,14.790794,14.622826,14.772133,14.828064,14.902580,14.622826,14.902580,14.883965,14.883965,14.939812,14.921196,14.865326,14.753487,15.070015,14.566772,14.790794,14.772133,14.828064,14.678848,14.977043,14.828064,14.809425,14.753487,14.734833,15.014244,14.697517,14.641502,14.772133,14.790794,14.697517,14.622826,14.678848,14.566772,14.678848,14.641502,14.883965,14.939812,14.828064,14.660179,14.865326,14.939812,14.902580,14.809425,14.716171,14.604141,14.902580,14.790794,14.622826,14.716171,14.921196,14.902580,14.865326,14.865326,14.883965,14.995636,15.051422,14.865326,14.809425,14.977043,14.809425,14.883965,14.977043,14.660179,14.846703,14.883965,14.921196,14.809425,14.865326,15.088600,15.237137,14.772133,14.883965,14.902580,14.939812,14.902580,15.107178,14.772133,14.995636,14.902580,15.014244,14.883965,15.107178,14.753487,14.958420,15.107178,14.958420,15.107178,14.921196,14.828064,15.070015,15.051422,15.032837,15.200020,15.200020,15.070015,15.144333,15.329842,15.070015,15.107178,15.348373,
15.644325,15.810371,15.607391,15.514977,15.551949,15.274223,15.607391,15.403938,15.366905,15.348373,15.292770,15.348373,15.329842,15.459480,15.348373,15.200020,15.144333,15.181458,15.181458,15.088600,15.274223,15.385422,15.218575,15.292770,15.366905,15.385422,15.329842,15.699715,16.178230,16.544525,16.872887,17.381157,17.724342,17.778404,18.245445,18.692055,18.941109,19.153984,19.436943,19.613289,19.560417,19.771667,19.648506,19.894638,19.806816,19.912178,19.982353,19.841957,19.894638,19.789246,19.929733,19.912178,19.894638,20.140007,20.087494,20.105003,20.174995,20.140007,20.087494,20.105003,20.052460,20.105003,19.771667,20.297348,20.332268,20.314804,20.157509,20.122513,20.157509,20.314804,20.279877,20.436943,20.209976,20.157509,20.314804,20.402061,20.332268,20.297348,20.297348,20.402061,20.541473,20.332268,20.576286,20.419502,20.367180,20.454369,20.471802,20.402061,20.279877,20.367180,20.402061,20.262413,20.314804,20.174995,20.174995,20.209976,20.314804,20.436943,20.140007,20.384621,20.367180,20.367180,20.454369,20.576286,20.663254,20.279877,20.802200,20.698021,20.454369,20.784843,20.784843,20.715385,20.767487,20.767487,20.784843,20.992851,21.010155,20.888908,21.303802,21.200287,21.183029,21.407181,21.338272,21.493217,21.458817,21.579163,21.476021,21.527603,21.476021,21.493217,21.596336,21.441612,21.441612,21.476021,21.321045,21.493217,21.321045,21.321045,21.096642,21.389961,21.044754,21.303802,21.252068,21.269310,21.113914,21.234810,21.286568,21.148476,21.096642,21.010155,21.234810,21.355507,21.286568,21.269310,21.183029,21.183029,21.303802,21.510414,21.252068,21.286568,21.458817,21.510414,21.458817,21.286568,21.183029,21.355507,21.424393,21.527603,21.493217,21.252068,21.355507,21.407181,21.493217,21.372734,21.217552,21.252068,21.217552,21.372734,21.321045,21.355507,21.321045,21.286568,21.148476,21.286568,21.355507,21.389961,21.252068,21.303802,21.096642,21.424393,21.355507,21.355507,21.355507,21.389961,21.217552,21.372734,21.493217,21.682167,21.561981,21.785027,21.665016,21.802162,21.750755,21.716469,21.887764,21.887764,21.870644,21.921967,21.939064,21.990349,22.058662,21.939064,21.990349,21.939064,22.041588,22.092789,21.939064,22.109856,21.921967,22.348305,22.195107,22.092789,22.143959,22.041588,22.075729,22.161018,22.143959,22.126915,22.246208,22.058662,22.178062,22.161018,22.178062,22.297272,22.075729,22.058662,22.024513,22.109856,21.973259,21.870644,21.716469,21.767891,21.665016,21.647850,21.561981,21.613518,21.544792,21.303802,21.389961,21.338272,21.441612,21.441612,21.252068,21.389961,21.269310,21.493217,21.338272,21.441612,21.424393,21.321045,21.510414,21.493217,21.286568,21.355507,21.269310,21.113914,21.148476,20.975533,21.062057,21.148476,21.183029,21.113914,21.217552,21.165756,21.096642,21.321045,21.303802,21.441612,21.269310,21.252068,21.321045,21.217552,21.183029,21.372734,21.493217,21.096642,21.252068,21.165756,21.079346,20.975533,20.940895,20.906242,21.027458,21.010155,20.802200,20.958221,20.750122,20.819542,20.819542,20.541473,20.593697,20.663254,20.541473,20.419502,20.541473,20.367180,20.192490,20.279877,20.314804,20.279877,20.192490,20.052460,20.087494,19.999893,19.999893,19.859520,19.824394,19.806816,19.824394,19.560417,19.366287,19.542793,19.436943,19.666115,19.489883,19.260208,19.100807,19.207108,19.242508,19.136261,19.029869,19.047615,19.153984,19.118538,18.709869,18.763298,18.567253,18.352852,18.173759,18.102013,17.778404,17.290627,17.308739,16.891090,16.562805,16.251610,15.847229,15.570435,15.607391,15.329842,15.403938,15.274223,15.088600,15.032837,15.237137,15.070015,14.921196,15.181458,15.181458,15.200020,15.200020,15.125755,15.032837,15.125755,15.181458,14.865326,15.125755,15.032837,15.144333,15.070015,15.125755,15.255684,15.088600,15.218575,15.014244,15.032837,15.181458,15.125755,14.939812,14.995636,15.070015,15.088600,15.125755,15.014244,14.939812,15.014244,15.107178,15.181458,15.144333,14.977043,14.958420,14.995636,15.032837,15.218575,14.958420,14.995636,14.883965,14.846703,14.995636,14.958420,14.939812,15.032837,14.790794,14.921196,14.977043,14.921196,14.883965,14.977043,14.902580,14.921196,14.716171,14.939812,14.921196,14.865326,14.828064,14.809425,14.865326,14.809425,14.809425,14.790794,14.716171,14.865326,14.902580,14.865326,14.939812,14.828064,14.921196,14.734833,14.939812,14.846703,14.772133,14.939812,14.604141,14.846703,14.772133,14.772133,14.697517,14.883965,14.697517,14.753487,14.846703,14.865326,14.828064,14.846703,14.660179,14.846703,14.697517,14.846703,14.753487,14.828064,14.660179,14.772133,14.809425,14.921196,14.883965,14.734833,14.846703,14.753487,15.014244,14.865326,14.809425,14.697517,14.828064,14.865326,14.716171,14.697517,14.977043,14.772133,14.865326,14.716171,15.107178,14.977043,14.939812,14.939812,14.921196,14.995636,15.070015,14.902580,14.977043,14.790794,14.958420,14.977043,14.883965,14.977043,14.883965,14.958420,14.865326,15.088600,14.772133,14.977043,14.995636,14.772133,14.678848,14.846703,14.772133,14.809425,14.678848,14.809425,14.958420,14.865326,14.753487,15.125755,14.883965,15.218575,15.014244,15.237137,15.200020,15.070015,15.051422,15.088600,14.958420,14.846703,15.032837,14.958420,15.051422,14.585457,14.846703,14.828064,14.809425,14.753487,14.865326,14.809425,14.641502,14.865326,14.865326,14.697517,14.977043,14.977043,14.958420,14.753487,14.809425,14.828064,14.995636,14.939812,14.865326,14.958420,14.790794,14.921196,14.790794,14.921196,14.958420,14.678848,14.734833,14.939812,14.977043,14.753487,14.995636,14.697517,14.697517,14.883965,14.753487,14.883965,14.772133,14.883965,14.865326,14.734833,14.809425,14.828064,14.641502,14.977043,14.865326,14.809425,14.697517,14.902580,14.865326,14.753487,14.846703,14.716171,14.678848,14.548080,14.473274,14.958420,14.716171,14.828064,14.865326,14.697517,14.883965,14.734833,14.790794,14.921196,14.678848,14.772133,14.846703,14.809425,14.790794,14.828064,14.883965,14.734833,14.753487,14.641502,14.902580,14.809425,14.828064,14.902580,14.846703,14.716171,15.070015,15.144333,14.865326,14.790794,14.716171,14.753487,14.939812,14.902580,14.921196,14.958420,14.846703,14.939812,15.051422,14.846703,14.772133,15.107178,15.014244,15.088600,15.088600,14.902580,15.107178,14.809425,14.828064,15.032837,14.846703,15.496475,14.883965,14.977043,14.995636,14.977043,15.070015,14.865326,14.958420,15.088600,15.070015,14.939812,15.088600,15.218575,15.329842,14.995636,15.107178,15.070015,15.200020,15.144333,
15.755058,15.496475,15.644325,15.496475,15.755058,15.699715,15.644325,15.477974,15.348373,15.237137,15.311302,15.237137,15.162895,15.403938,15.144333,15.274223,15.200020,14.958420,15.311302,15.329842,15.181458,15.570435,15.070015,15.292770,15.311302,15.422462,15.607391,15.865646,15.939293,16.489677,16.854668,17.272507,17.652206,18.137894,18.191681,18.674240,18.958870,19.189407,19.472237,19.436943,19.613289,19.859520,19.771667,19.771667,19.736496,19.912178,19.701309,19.789246,19.754082,19.947273,19.964821,19.964821,19.929733,19.929733,19.701309,20.105003,19.999893,20.105003,20.087494,20.105003,20.105003,20.279877,20.140007,20.244934,20.192490,20.332268,20.227455,20.209976,20.192490,20.279877,20.227455,20.297348,20.157509,20.279877,20.157509,20.174995,20.279877,20.402061,20.174995,20.402061,20.698021,20.436943,20.471802,20.506645,20.454369,20.436943,20.209976,20.454369,20.244934,20.034943,20.314804,20.122513,20.140007,19.929733,20.052460,20.227455,20.332268,20.192490,20.227455,20.384621,20.262413,20.244934,20.506645,20.471802,20.384621,20.715385,20.558884,20.784843,20.611084,20.871582,20.819542,20.940895,20.750122,20.819542,20.958221,20.888908,20.871582,21.079346,21.131203,21.234810,21.148476,21.269310,21.372734,21.234810,21.441612,21.355507,21.596336,21.493217,21.476021,21.458817,21.613518,21.544792,21.458817,21.510414,21.372734,21.217552,21.252068,21.321045,21.183029,21.234810,21.148476,21.079346,21.148476,21.131203,20.940895,21.096642,21.079346,20.992851,20.940895,21.234810,21.148476,21.200287,21.044754,20.975533,21.183029,21.217552,21.286568,21.321045,21.321045,21.252068,21.234810,21.217552,21.372734,21.234810,21.286568,21.493217,21.458817,21.596336,21.234810,21.424393,21.183029,21.355507,21.355507,21.200287,21.286568,21.303802,21.113914,21.424393,21.252068,21.096642,21.303802,21.338272,21.355507,21.338272,21.131203,21.286568,21.407181,21.407181,21.269310,21.183029,21.338272,21.217552,21.476021,21.458817,21.389961,21.579163,21.493217,21.802162,21.561981,21.819290,21.733620,21.716469,21.819290,21.853539,21.956161,21.939064,21.921967,21.939064,21.887764,21.956161,22.075729,22.143959,22.007431,22.058662,22.280251,22.161018,22.229179,22.263237,22.109856,22.297272,22.178062,22.297272,22.212143,22.229179,21.990349,22.229179,22.143959,22.297272,22.348305,22.161018,22.195107,22.467247,22.280251,22.297272,22.348305,22.126915,22.126915,22.212143,22.092789,22.075729,21.939064,22.007431,21.699318,21.630684,21.561981,21.613518,21.682167,21.441612,21.458817,21.372734,21.561981,21.424393,21.372734,21.217552,21.234810,21.252068,21.596336,21.372734,21.252068,21.527603,21.286568,21.165756,21.183029,21.217552,21.079346,21.286568,21.079346,21.010155,21.044754,21.096642,21.165756,21.027458,21.131203,21.062057,21.044754,21.269310,21.010155,21.183029,21.183029,21.303802,21.458817,21.510414,21.183029,21.269310,21.252068,21.234810,21.113914,21.389961,21.062057,21.044754,20.958221,20.854233,20.958221,20.784843,20.854233,20.784843,20.750122,20.663254,20.611084,20.663254,20.593697,20.628487,20.524055,20.558884,20.367180,20.384621,20.314804,20.244934,20.262413,20.279877,20.332268,20.227455,20.034943,19.894638,19.999893,19.824394,19.754082,19.736496,19.666115,19.666115,19.578049,19.489883,19.383957,19.207108,19.260208,19.383957,19.242508,19.153984,19.330948,19.277893,19.242508,19.065346,18.994377,18.958870,18.798889,18.567253,18.656418,18.460121,18.173759,18.030205,17.652206,17.417351,17.236252,16.963875,16.343254,16.104774,16.012886,15.828796,15.366905,15.366905,15.125755,15.200020,15.237137,15.088600,15.181458,15.311302,15.107178,15.051422,15.014244,15.051422,15.162895,14.995636,15.218575,15.125755,15.088600,15.051422,15.181458,15.181458,15.051422,15.181458,15.200020,15.107178,15.070015,15.051422,14.995636,15.144333,15.088600,15.200020,14.977043,14.865326,15.014244,15.107178,15.237137,15.125755,14.809425,15.200020,14.846703,15.181458,15.032837,14.977043,15.107178,14.921196,14.939812,14.939812,14.995636,15.088600,14.734833,15.032837,14.977043,14.883965,14.902580,15.014244,14.753487,14.921196,14.958420,14.939812,14.828064,14.809425,14.977043,14.902580,14.790794,14.921196,14.716171,14.958420,14.883965,14.790794,14.809425,15.051422,14.921196,14.846703,14.809425,14.790794,14.734833,14.958420,14.828064,14.790794,14.977043,14.734833,14.790794,14.865326,14.902580,14.939812,14.921196,14.660179,14.865326,14.865326,14.697517,14.641502,14.809425,14.660179,14.939812,14.902580,14.883965,14.753487,14.734833,14.641502,14.995636,14.660179,14.753487,14.622826,14.641502,14.753487,14.921196,14.753487,14.828064,14.865326,14.790794,14.641502,14.772133,14.772133,14.846703,14.678848,14.809425,14.846703,14.995636,14.734833,14.716171,14.977043,14.865326,14.921196,14.772133,14.883965,14.921196,14.883965,14.921196,15.051422,14.883965,14.846703,14.734833,14.939812,14.865326,14.883965,14.828064,14.995636,14.958420,14.939812,14.753487,14.995636,14.883965,14.865326,14.846703,14.641502,14.958420,14.902580,14.641502,14.995636,14.828064,14.865326,14.697517,14.902580,14.716171,15.032837,14.865326,15.032837,15.014244,15.032837,15.051422,15.162895,15.200020,15.107178,14.902580,14.958420,15.107178,15.014244,14.865326,14.902580,14.902580,14.660179,14.846703,14.958420,14.828064,14.828064,14.902580,15.088600,14.772133,14.809425,14.995636,14.921196,14.902580,14.977043,14.846703,14.995636,14.772133,14.995636,14.939812,14.883965,14.921196,14.902580,14.846703,14.828064,14.790794,14.995636,14.883965,14.865326,14.809425,14.828064,14.809425,14.995636,14.641502,14.753487,14.865326,14.828064,14.790794,14.716171,14.921196,14.772133,14.772133,14.846703,14.809425,14.809425,14.883965,14.790794,14.846703,14.678848,14.809425,14.883965,14.865326,14.865326,14.753487,14.977043,14.883965,14.790794,14.846703,14.790794,14.660179,14.828064,14.734833,14.809425,14.753487,14.734833,14.846703,14.790794,14.828064,14.995636,14.921196,14.902580,14.902580,14.846703,14.846703,14.790794,14.772133,14.753487,15.014244,14.734833,14.977043,14.865326,14.772133,14.697517,14.678848,14.939812,14.678848,14.697517,14.809425,14.865326,14.734833,14.772133,14.902580,14.846703,15.014244,14.939812,14.772133,15.181458,14.977043,14.939812,14.734833,15.014244,15.200020,15.088600,14.865326,15.162895,15.107178,15.070015,14.939812,15.014244,14.716171,15.051422,15.107178,15.014244,14.977043,15.032837,14.939812,15.088600,14.977043,15.014244,15.144333,15.200020,15.014244,15.162895,15.385422,15.366905,
15.681252,15.588913,15.533455,15.496475,15.422462,15.477974,15.366905,15.366905,15.644325,15.477974,15.200020,15.533455,15.385422,15.459480,15.274223,15.237137,15.162895,15.181458,15.200020,15.403938,15.237137,15.144333,15.218575,15.162895,15.496475,15.440964,15.699715,15.736610,16.178230,16.672379,16.745338,17.453522,17.616119,18.012245,18.352852,18.834473,18.941109,19.153984,19.348618,19.613289,19.701309,19.806816,19.630898,19.648506,19.701309,19.894638,19.877083,19.789246,19.859520,19.771667,19.754082,19.877083,19.999893,19.736496,19.929733,20.034943,20.087494,20.122513,20.105003,20.087494,19.964821,20.087494,20.087494,20.227455,20.052460,20.227455,20.192490,20.297348,20.349724,20.174995,20.174995,20.087494,20.384621,20.192490,20.209976,20.192490,20.244934,20.384621,20.332268,20.436943,20.489220,20.576286,20.279877,20.558884,20.419502,20.611084,20.314804,20.419502,20.140007,20.209976,20.034943,20.244934,20.105003,20.262413,20.157509,20.069977,20.069977,20.052460,19.929733,20.122513,20.140007,20.471802,20.558884,20.454369,20.524055,20.611084,20.732758,20.611084,20.715385,20.854233,20.767487,20.871582,20.819542,20.784843,20.784843,20.854233,20.992851,21.200287,21.165756,21.338272,21.303802,21.303802,21.234810,21.407181,21.493217,21.510414,21.424393,21.527603,21.407181,21.269310,21.596336,21.493217,21.458817,21.458817,21.527603,21.338272,21.252068,21.269310,21.062057,21.148476,21.131203,21.165756,20.992851,21.113914,21.010155,21.044754,21.148476,21.044754,21.010155,20.992851,21.096642,20.992851,20.940895,21.062057,21.200287,21.062057,21.096642,21.027458,21.113914,21.131203,21.079346,21.131203,21.252068,21.131203,21.131203,21.303802,21.286568,21.355507,21.321045,21.217552,21.252068,21.269310,21.217552,21.165756,21.113914,21.217552,21.027458,21.044754,21.131203,21.355507,21.131203,21.131203,21.148476,21.355507,21.148476,21.183029,21.355507,21.252068,21.131203,21.113914,21.458817,21.252068,21.234810,21.303802,21.321045,21.441612,21.458817,21.682167,21.544792,21.596336,21.682167,21.870644,21.802162,21.956161,21.819290,21.939064,22.109856,22.007431,21.990349,22.161018,22.041588,21.887764,22.212143,22.058662,22.161018,22.109856,22.212143,22.246208,22.092789,22.126915,22.212143,22.058662,22.178062,22.195107,21.904861,22.041588,22.263237,22.297272,22.161018,22.229179,22.331291,22.178062,22.195107,22.212143,22.331291,22.314293,22.263237,22.263237,22.143959,22.161018,21.904861,22.041588,21.819290,21.921967,21.802162,21.750755,21.527603,21.389961,21.321045,21.389961,21.338272,21.252068,21.286568,21.217552,21.234810,21.476021,21.321045,21.217552,21.131203,21.148476,21.303802,21.131203,21.286568,21.027458,21.217552,20.871582,21.010155,20.958221,20.958221,20.975533,21.027458,21.183029,21.096642,21.062057,20.958221,21.027458,21.062057,21.062057,21.269310,21.079346,21.286568,21.441612,21.183029,21.286568,21.269310,21.234810,21.165756,21.252068,21.165756,21.079346,20.888908,20.819542,20.888908,20.784843,20.854233,20.628487,20.802200,20.819542,20.524055,20.645866,20.558884,20.489220,20.349724,20.506645,20.297348,20.332268,20.262413,20.314804,20.087494,20.227455,20.105003,20.122513,19.982353,19.947273,20.034943,19.894638,19.718910,19.754082,19.630898,19.489883,19.613289,19.613289,19.419281,19.348618,19.277893,19.260208,19.224815,19.100807,19.171692,19.118538,19.136261,19.083084,19.065346,19.118538,18.763298,18.602928,18.638596,18.281258,18.066116,18.119965,17.670250,17.363060,17.344955,16.963875,16.471397,16.324928,15.791931,15.644325,15.570435,15.366905,15.274223,15.329842,15.014244,14.958420,15.125755,15.014244,15.051422,15.144333,15.088600,15.051422,15.329842,15.014244,15.292770,15.162895,15.032837,15.348373,15.088600,15.200020,14.958420,15.051422,15.088600,14.958420,14.883965,14.958420,15.088600,15.051422,15.051422,15.051422,15.051422,15.125755,14.939812,15.125755,14.902580,15.125755,14.995636,14.958420,14.995636,14.977043,15.070015,14.921196,14.977043,15.107178,14.921196,14.939812,14.977043,14.865326,14.977043,15.032837,14.939812,15.070015,14.846703,14.828064,14.939812,14.977043,14.939812,14.883965,14.977043,14.809425,14.772133,14.883965,14.697517,14.883965,14.921196,14.828064,14.883965,15.070015,14.809425,14.734833,14.809425,14.716171,14.921196,14.809425,14.883965,14.902580,14.828064,14.828064,14.883965,14.753487,15.051422,14.716171,14.921196,14.846703,14.865326,14.491982,14.865326,14.902580,14.883965,14.958420,14.716171,14.828064,14.604141,14.902580,14.939812,14.790794,14.753487,14.883965,14.865326,14.790794,14.678848,14.828064,14.846703,14.734833,14.678848,14.734833,14.697517,14.697517,14.734833,14.790794,14.828064,14.772133,14.828064,14.809425,14.678848,14.921196,14.753487,14.902580,14.921196,14.753487,14.716171,14.921196,14.772133,14.939812,15.088600,14.902580,14.977043,14.865326,14.865326,14.883965,14.772133,14.902580,15.051422,14.921196,14.995636,15.014244,15.200020,14.995636,14.939812,14.828064,14.958420,15.014244,14.883965,14.734833,14.995636,14.753487,14.548080,14.790794,15.070015,14.641502,14.939812,14.753487,14.883965,14.977043,14.977043,15.088600,15.014244,15.144333,14.902580,15.144333,15.181458,14.995636,15.032837,14.995636,15.032837,15.014244,14.828064,15.181458,14.883965,14.772133,14.846703,14.828064,14.753487,14.772133,14.883965,14.846703,14.902580,14.772133,14.958420,14.939812,14.958420,14.995636,14.865326,14.902580,14.846703,14.939812,14.921196,14.772133,14.865326,14.958420,14.828064,15.070015,14.828064,14.883965,14.902580,14.641502,14.865326,14.809425,14.846703,14.921196,14.883965,14.828064,14.697517,14.790794,14.995636,14.883965,14.660179,14.828064,14.902580,14.828064,14.939812,14.716171,14.846703,14.865326,14.865326,14.697517,14.716171,14.865326,14.809425,14.921196,14.548080,14.809425,14.548080,14.883965,14.622826,15.014244,14.883965,14.529381,14.622826,14.790794,14.772133,14.883965,14.622826,14.660179,14.865326,14.809425,14.716171,14.921196,14.772133,14.921196,14.828064,15.032837,14.716171,14.697517,14.921196,15.070015,14.846703,14.902580,14.977043,14.790794,14.660179,14.902580,14.790794,14.883965,14.995636,14.939812,14.865326,14.883965,14.865326,15.051422,14.828064,14.809425,14.846703,15.014244,14.958420,14.865326,15.070015,14.902580,15.181458,15.014244,14.958420,15.014244,15.125755,14.865326,15.162895,14.958420,14.958420,15.088600,14.958420,15.070015,15.088600,15.162895,15.200020,14.902580,15.218575,15.218575,15.051422,15.032837,15.255684,15.144333,15.274223,15.088600,
15.533455,15.385422,15.533455,15.681252,15.422462,15.588913,15.237137,15.385422,15.366905,15.366905,15.366905,15.311302,15.533455,15.385422,15.385422,15.551949,15.144333,15.218575,15.385422,15.237137,15.107178,15.218575,15.181458,15.329842,15.200020,15.514977,15.755058,15.736610,16.269951,16.690620,16.909286,17.326851,17.561958,17.940361,18.424385,18.727684,18.727684,19.118538,19.260208,19.401619,19.613289,19.789246,19.666115,19.806816,19.613289,19.736496,19.806816,19.859520,19.718910,19.964821,19.578049,19.718910,20.017418,19.912178,20.034943,20.087494,20.140007,19.964821,19.894638,19.999893,20.017418,20.087494,20.122513,20.052460,19.964821,20.087494,20.052460,20.192490,20.174995,20.192490,20.017418,20.087494,20.157509,20.349724,20.069977,20.279877,20.157509,20.402061,20.262413,20.192490,20.244934,20.419502,20.454369,20.262413,20.262413,20.244934,20.157509,20.244934,20.122513,20.122513,20.052460,20.105003,19.964821,20.244934,19.982353,20.017418,20.157509,20.087494,19.964821,20.192490,20.209976,20.297348,20.489220,20.524055,20.611084,20.454369,20.593697,20.558884,20.715385,20.732758,20.732758,20.663254,20.854233,20.854233,20.715385,20.871582,21.062057,21.148476,21.407181,21.424393,21.458817,21.424393,21.269310,21.630684,21.355507,21.493217,21.544792,21.561981,21.355507,21.510414,21.561981,21.647850,21.441612,21.458817,21.321045,21.355507,21.183029,21.252068,21.217552,21.079346,21.113914,21.096642,21.286568,21.200287,21.148476,20.906242,20.854233,21.062057,20.958221,21.096642,21.113914,21.062057,20.836899,21.131203,21.200287,21.286568,21.148476,20.992851,21.044754,21.027458,21.079346,21.044754,20.975533,21.200287,21.148476,21.217552,21.234810,21.217552,21.200287,21.044754,21.148476,21.096642,21.010155,21.165756,21.131203,21.027458,21.079346,21.096642,21.269310,21.079346,21.148476,20.992851,21.113914,21.113914,20.940895,20.975533,21.165756,21.148476,21.113914,21.010155,21.062057,21.234810,21.286568,21.286568,21.286568,21.234810,21.561981,21.561981,21.441612,21.476021,21.716469,21.785027,21.785027,21.767891,21.836411,22.058662,21.802162,22.007431,21.956161,21.939064,22.024513,22.246208,22.143959,22.109856,22.161018,22.161018,22.399300,22.212143,22.161018,22.195107,22.161018,22.212143,22.246208,22.178062,22.229179,22.178062,22.331291,22.263237,22.212143,22.365303,22.314293,22.331291,22.518166,22.212143,22.331291,22.280251,22.229179,22.041588,22.126915,22.075729,22.109856,21.853539,21.716469,21.836411,21.767891,21.682167,21.476021,21.561981,21.441612,21.527603,21.407181,21.441612,21.234810,21.303802,21.217552,21.148476,21.389961,21.165756,21.269310,21.303802,21.096642,21.113914,21.131203,21.148476,20.958221,20.975533,20.906242,20.819542,20.992851,20.871582,20.992851,21.113914,20.854233,20.992851,21.079346,21.096642,21.113914,21.131203,21.217552,21.269310,21.165756,21.252068,21.338272,21.217552,21.217552,21.113914,21.183029,21.131203,21.044754,21.010155,20.923576,21.044754,20.923576,21.027458,20.871582,20.854233,20.715385,20.767487,20.611084,20.611084,20.611084,20.489220,20.524055,20.332268,20.244934,20.419502,20.297348,20.384621,20.087494,20.052460,19.894638,20.105003,19.964821,19.947273,19.789246,19.701309,19.877083,19.648506,19.595665,19.613289,19.683716,19.613289,19.472237,19.207108,19.383957,19.242508,19.419281,19.242508,19.118538,19.100807,19.171692,19.083084,18.905579,18.887802,18.709869,18.477982,18.602928,18.352852,18.173759,17.958336,17.616119,17.598068,16.982056,16.617607,16.544525,16.123146,15.755058,15.514977,15.366905,15.385422,15.200020,15.107178,15.125755,15.218575,15.014244,14.958420,15.237137,15.144333,15.274223,15.088600,15.200020,15.014244,15.051422,15.107178,15.125755,15.403938,15.014244,14.939812,14.995636,15.292770,15.032837,14.995636,15.162895,15.218575,15.014244,15.218575,15.088600,14.921196,15.107178,15.107178,15.070015,15.162895,14.958420,14.977043,15.125755,14.939812,14.977043,14.883965,15.144333,15.107178,14.958420,14.828064,15.014244,14.902580,14.828064,14.958420,14.846703,15.070015,14.995636,15.051422,14.790794,15.144333,14.846703,14.958420,14.995636,14.772133,14.883965,14.995636,14.753487,14.865326,14.753487,14.902580,14.734833,14.772133,14.883965,14.902580,14.828064,14.921196,14.883965,14.939812,14.753487,14.921196,14.809425,14.734833,14.828064,14.753487,14.678848,14.846703,14.790794,14.921196,14.716171,14.883965,14.828064,14.753487,14.790794,14.585457,14.790794,14.753487,14.734833,14.902580,14.772133,14.809425,14.678848,14.772133,14.734833,14.958420,14.604141,14.753487,14.678848,14.772133,14.678848,14.790794,14.790794,14.697517,14.734833,14.454552,14.566772,14.865326,14.883965,14.772133,14.734833,14.809425,14.734833,14.753487,14.958420,14.977043,14.716171,14.790794,14.939812,14.995636,14.902580,14.958420,14.734833,14.772133,14.995636,14.865326,15.014244,14.939812,14.883965,14.921196,14.790794,14.846703,14.809425,14.883965,14.865326,15.032837,14.958420,14.883965,14.772133,14.809425,14.790794,14.921196,14.846703,14.939812,14.772133,14.977043,14.846703,14.846703,14.734833,14.865326,14.828064,14.865326,14.772133,15.014244,14.790794,14.921196,15.237137,14.977043,15.014244,14.828064,15.032837,15.088600,14.977043,15.014244,14.883965,14.921196,14.566772,14.772133,14.846703,14.939812,14.753487,14.809425,14.734833,14.678848,14.902580,14.883965,14.958420,14.790794,14.921196,14.977043,15.070015,14.995636,15.070015,14.772133,14.958420,14.921196,14.995636,14.883965,14.772133,14.921196,14.883965,14.622826,14.883965,15.032837,14.809425,14.921196,14.753487,14.809425,14.790794,14.846703,14.734833,14.902580,14.753487,14.865326,14.716171,14.902580,14.660179,14.678848,14.809425,14.790794,14.604141,14.548080,14.790794,14.995636,14.790794,14.660179,14.828064,14.846703,14.753487,14.622826,14.883965,14.641502,14.734833,14.585457,14.641502,14.883965,14.753487,14.772133,14.716171,14.921196,14.939812,14.772133,14.958420,14.939812,14.753487,14.678848,14.734833,14.790794,14.958420,14.883965,14.660179,14.846703,14.809425,14.921196,14.828064,14.846703,15.088600,14.865326,14.846703,14.510681,14.753487,14.883965,15.162895,15.088600,14.809425,14.846703,14.772133,14.958420,14.958420,14.846703,14.958420,15.070015,15.032837,15.237137,14.753487,14.977043,14.883965,15.088600,14.995636,14.883965,15.107178,15.125755,14.995636,15.032837,15.088600,15.014244,14.958420,15.032837,15.051422,14.790794,15.070015,15.051422,15.014244,15.051422,15.088600,15.255684,15.107178,15.070015,15.237137,15.385422,
15.533455,15.607391,15.533455,15.570435,15.570435,15.477974,15.218575,15.422462,15.292770,15.644325,15.348373,15.533455,15.403938,15.311302,15.292770,15.533455,15.274223,15.255684,15.125755,15.348373,15.014244,15.144333,15.274223,15.348373,15.255684,15.681252,15.403938,15.884071,16.104774,16.379883,17.181839,17.308739,17.616119,18.048164,18.227524,18.424385,18.781090,19.153984,19.277893,19.507530,19.666115,19.542793,19.771667,19.947273,19.718910,19.894638,19.912178,19.999893,19.595665,19.859520,19.841957,19.929733,19.929733,19.894638,20.017418,19.982353,19.859520,20.122513,20.140007,20.034943,19.999893,20.174995,20.174995,20.105003,19.947273,20.052460,19.964821,20.105003,19.982353,20.069977,20.140007,20.052460,20.105003,20.209976,19.964821,20.174995,20.192490,20.297348,20.244934,20.384621,20.314804,20.332268,20.332268,20.262413,20.279877,20.471802,20.314804,20.244934,20.174995,20.105003,19.912178,19.964821,19.947273,19.999893,20.087494,20.402061,20.122513,19.999893,19.964821,20.140007,20.192490,20.192490,20.279877,20.384621,20.628487,20.471802,20.628487,20.819542,20.750122,20.975533,20.923576,20.992851,20.923576,20.906242,21.113914,21.113914,21.217552,21.338272,21.286568,21.269310,21.407181,21.493217,21.372734,21.510414,21.596336,21.544792,21.510414,21.613518,21.579163,21.441612,21.527603,21.630684,21.579163,21.338272,21.355507,21.441612,21.407181,21.458817,21.079346,21.148476,21.183029,21.441612,21.269310,21.269310,21.234810,21.183029,21.113914,21.252068,21.079346,21.200287,21.027458,21.113914,21.079346,21.044754,21.200287,21.148476,20.906242,21.148476,21.113914,21.010155,21.148476,21.113914,21.148476,21.269310,21.217552,21.183029,21.321045,21.234810,21.113914,21.113914,21.148476,21.303802,21.217552,21.131203,21.044754,21.131203,21.113914,21.183029,21.200287,21.131203,21.096642,21.389961,21.148476,21.079346,21.096642,21.217552,21.062057,21.062057,21.200287,21.113914,21.113914,21.165756,21.148476,21.286568,21.269310,21.510414,21.269310,21.458817,21.630684,21.510414,21.630684,21.647850,21.750755,21.853539,21.802162,21.904861,22.041588,22.041588,22.024513,21.973259,21.887764,21.853539,22.195107,22.161018,22.058662,22.126915,22.041588,22.195107,21.973259,22.280251,22.126915,22.297272,22.092789,22.195107,22.212143,22.143959,22.161018,22.382309,22.178062,22.297272,22.212143,22.348305,22.178062,22.433289,22.178062,22.365303,22.195107,22.126915,22.263237,22.007431,22.041588,21.956161,21.904861,21.939064,21.904861,21.682167,21.458817,21.424393,21.321045,21.407181,21.321045,21.338272,21.183029,21.286568,21.269310,21.269310,21.044754,21.079346,21.010155,21.148476,21.010155,21.062057,21.044754,20.958221,21.062057,20.992851,20.958221,21.027458,20.906242,20.906242,20.680634,20.975533,20.767487,20.888908,20.888908,20.992851,20.975533,21.113914,21.113914,20.923576,21.027458,21.044754,21.148476,21.217552,21.079346,21.165756,21.217552,21.165756,21.027458,21.062057,20.992851,21.096642,20.906242,20.854233,20.698021,20.663254,20.767487,20.802200,20.419502,20.506645,20.402061,20.384621,20.384621,20.489220,20.262413,20.419502,20.087494,20.244934,20.192490,20.140007,20.227455,20.209976,20.034943,19.701309,19.824394,19.736496,19.701309,19.683716,19.701309,19.630898,19.630898,19.401619,19.525154,19.383957,19.383957,19.330948,19.118538,19.189407,19.153984,19.207108,19.224815,19.012123,19.012123,19.029869,18.763298,18.549400,18.602928,18.317062,18.263351,17.886406,17.652206,17.381157,16.891090,16.617607,16.379883,16.068031,15.884071,15.366905,15.514977,15.125755,15.088600,15.255684,15.070015,15.051422,14.995636,15.032837,14.958420,15.088600,14.995636,15.200020,15.014244,15.274223,15.032837,15.125755,15.162895,15.200020,15.255684,15.162895,15.200020,15.237137,15.237137,15.125755,14.921196,15.255684,15.144333,15.070015,15.200020,14.977043,15.218575,15.125755,14.902580,15.014244,15.051422,15.014244,15.032837,15.014244,15.032837,14.958420,14.902580,14.977043,14.958420,14.995636,15.032837,14.846703,14.995636,15.088600,15.051422,14.921196,14.939812,14.939812,14.828064,14.883965,14.977043,14.846703,14.809425,14.883965,14.697517,14.772133,14.977043,14.846703,14.902580,14.958420,14.828064,14.865326,14.753487,14.846703,14.809425,14.846703,14.772133,14.958420,14.828064,14.716171,14.828064,14.790794,14.883965,14.660179,14.734833,14.790794,14.790794,14.809425,14.883965,14.678848,14.716171,14.753487,14.622826,14.734833,14.846703,14.809425,14.790794,14.716171,14.958420,14.660179,14.902580,14.790794,14.566772,14.828064,14.772133,14.809425,14.753487,14.622826,14.883965,14.846703,14.716171,14.883965,14.697517,14.939812,14.622826,14.678848,14.753487,14.734833,14.697517,14.883965,14.958420,14.865326,14.678848,15.107178,14.846703,14.772133,14.753487,14.846703,14.902580,14.939812,14.790794,14.753487,14.939812,14.828064,14.939812,14.977043,14.846703,14.809425,14.883965,14.921196,14.883965,14.902580,14.921196,15.032837,15.070015,14.977043,14.902580,14.846703,14.790794,14.846703,14.995636,14.790794,14.734833,14.809425,14.902580,14.846703,14.939812,14.865326,15.070015,14.995636,15.200020,15.032837,15.070015,14.902580,15.032837,15.051422,15.200020,15.032837,14.995636,14.883965,15.181458,14.921196,14.790794,14.734833,14.939812,14.548080,14.995636,14.883965,14.678848,14.772133,14.977043,14.548080,14.734833,14.902580,14.958420,15.014244,14.921196,15.051422,14.939812,14.995636,14.958420,14.828064,14.772133,15.032837,14.716171,14.958420,14.828064,14.734833,14.902580,14.977043,14.753487,14.977043,14.641502,14.828064,14.716171,14.865326,14.809425,14.846703,14.902580,14.790794,14.790794,14.790794,14.641502,14.828064,14.846703,14.641502,14.902580,14.790794,14.790794,14.772133,14.809425,14.697517,14.865326,14.734833,14.772133,14.716171,14.809425,14.753487,14.883965,14.697517,14.790794,14.958420,14.977043,14.828064,14.641502,14.828064,14.865326,14.846703,14.772133,14.716171,14.828064,14.772133,14.753487,14.716171,14.921196,14.902580,14.660179,15.014244,14.828064,14.772133,14.734833,14.716171,14.678848,14.753487,14.697517,14.865326,14.828064,14.660179,14.921196,14.790794,14.828064,14.958420,14.697517,14.772133,14.958420,14.939812,14.772133,14.809425,14.828064,15.255684,14.902580,15.125755,14.772133,14.921196,14.809425,15.144333,14.977043,15.200020,15.088600,14.977043,15.218575,14.865326,14.995636,15.032837,15.144333,14.977043,14.828064,15.162895,15.125755,14.828064,14.865326,15.218575,15.051422,14.958420,14.995636,15.070015,15.162895,15.403938,
15.773499,15.459480,15.570435,15.588913,15.440964,15.533455,15.162895,15.570435,15.607391,15.218575,15.274223,15.718163,15.403938,15.385422,15.348373,15.459480,15.329842,15.440964,15.162895,15.255684,15.329842,15.255684,15.292770,15.329842,15.237137,15.551949,15.496475,15.773499,16.214928,16.581078,16.818245,17.199982,17.634163,17.814415,17.976311,18.442253,18.674240,19.100807,19.207108,19.525154,19.560417,19.630898,19.736496,19.754082,19.718910,19.912178,20.034943,19.877083,19.806816,19.718910,19.736496,19.982353,19.877083,19.859520,19.947273,20.087494,20.087494,20.034943,19.859520,19.912178,19.964821,20.017418,19.877083,20.069977,20.122513,19.999893,20.034943,19.999893,20.157509,20.105003,20.157509,20.034943,20.192490,20.192490,20.087494,20.122513,20.244934,20.174995,20.314804,20.140007,20.279877,20.402061,20.314804,20.524055,20.367180,20.436943,20.349724,20.105003,20.419502,20.227455,20.122513,20.105003,19.999893,19.947273,20.034943,20.174995,20.140007,20.052460,20.052460,20.262413,20.157509,20.297348,20.332268,20.262413,20.593697,20.628487,20.784843,20.906242,20.906242,20.940895,20.888908,20.940895,20.854233,21.183029,20.975533,21.062057,21.286568,21.234810,21.269310,21.286568,21.389961,21.544792,21.407181,21.493217,21.458817,21.527603,21.424393,21.682167,21.476021,21.647850,21.458817,21.544792,21.510414,21.389961,21.372734,21.338272,21.338272,21.355507,21.269310,21.183029,21.131203,21.303802,21.131203,21.148476,21.200287,21.200287,21.148476,21.062057,21.165756,21.183029,21.252068,21.062057,21.079346,20.854233,21.096642,21.096642,21.044754,21.217552,21.131203,21.148476,21.027458,21.027458,21.234810,21.096642,21.131203,21.148476,21.131203,21.252068,21.010155,21.183029,21.217552,21.148476,21.252068,20.940895,21.044754,21.096642,21.062057,21.286568,21.165756,21.131203,21.062057,21.131203,21.269310,21.131203,21.183029,21.113914,21.131203,21.200287,21.200287,21.113914,21.200287,21.269310,21.079346,21.027458,21.510414,21.407181,21.321045,21.389961,21.234810,21.527603,21.682167,21.579163,21.561981,21.887764,21.699318,21.921967,22.007431,21.956161,22.041588,22.109856,21.956161,22.075729,21.990349,22.143959,22.143959,21.956161,21.921967,22.161018,21.990349,22.143959,22.109856,22.075729,22.092789,22.075729,22.126915,22.126915,22.229179,22.280251,22.058662,22.314293,22.246208,22.229179,22.280251,22.433289,22.280251,22.297272,21.990349,22.161018,21.853539,22.041588,21.921967,21.870644,21.716469,21.630684,21.510414,21.579163,21.286568,21.458817,21.131203,21.165756,21.148476,21.269310,20.975533,21.010155,21.200287,21.044754,21.217552,21.079346,21.027458,20.940895,21.079346,20.836899,20.992851,20.767487,20.767487,20.836899,20.819542,20.888908,20.698021,20.819542,20.871582,20.628487,20.750122,20.663254,20.906242,20.923576,21.027458,20.940895,21.113914,21.062057,21.217552,21.079346,20.975533,21.062057,21.286568,21.303802,21.044754,21.062057,21.096642,20.975533,21.131203,20.888908,20.940895,20.784843,20.802200,20.680634,20.732758,20.471802,20.628487,20.628487,20.454369,20.402061,20.349724,20.332268,20.436943,20.367180,20.192490,20.157509,20.052460,20.052460,20.017418,20.157509,19.929733,20.017418,19.754082,19.578049,19.701309,19.754082,19.525154,19.824394,19.560417,19.578049,19.224815,19.489883,19.330948,19.401619,19.401619,19.207108,19.136261,19.100807,19.136261,19.100807,18.834473,18.958870,18.816673,18.923340,18.692055,18.442253,18.048164,17.994278,17.688278,17.308739,17.091087,16.800026,16.416496,16.086403,16.178230,15.496475,15.366905,15.366905,15.088600,15.162895,15.162895,15.014244,14.995636,14.883965,14.958420,15.200020,15.125755,15.144333,15.088600,14.865326,15.237137,15.274223,15.237137,15.274223,15.237137,15.181458,15.200020,15.162895,15.311302,15.070015,15.014244,14.958420,15.125755,14.995636,14.977043,14.958420,15.107178,15.088600,15.181458,15.070015,15.014244,14.958420,15.088600,15.125755,14.977043,15.088600,15.014244,14.939812,15.107178,15.125755,14.883965,14.939812,14.846703,14.995636,14.995636,14.921196,14.939812,14.809425,14.995636,14.865326,14.995636,14.902580,14.828064,14.846703,14.883965,14.977043,15.051422,14.995636,14.809425,14.921196,14.995636,14.883965,14.921196,14.790794,14.865326,15.051422,14.865326,14.865326,14.790794,14.865326,14.772133,14.734833,14.939812,14.846703,14.846703,15.125755,14.958420,14.809425,14.716171,14.883965,14.790794,14.697517,14.865326,14.697517,14.753487,14.846703,14.734833,14.753487,14.641502,14.865326,14.828064,14.772133,14.865326,14.865326,14.697517,14.734833,14.716171,14.883965,14.828064,14.921196,14.902580,14.697517,14.716171,14.809425,14.716171,14.846703,14.921196,14.753487,14.790794,14.995636,14.734833,14.734833,14.790794,14.865326,14.828064,14.883965,14.828064,14.865326,14.828064,14.995636,15.107178,14.772133,14.809425,14.902580,15.125755,15.088600,14.902580,14.883965,14.828064,14.921196,14.865326,14.958420,14.883965,15.088600,14.809425,14.939812,14.958420,15.070015,14.883965,14.641502,14.939812,14.883965,14.772133,14.622826,14.958420,14.977043,14.977043,14.883965,14.902580,14.883965,15.218575,15.144333,14.809425,15.181458,15.070015,15.032837,15.070015,15.125755,14.828064,14.977043,14.809425,14.958420,14.939812,14.809425,14.865326,14.902580,14.790794,14.809425,14.809425,14.753487,14.753487,14.809425,14.828064,15.144333,14.865326,14.790794,14.958420,14.958420,14.958420,15.107178,14.790794,14.921196,14.846703,15.051422,14.865326,14.865326,14.753487,14.846703,14.753487,14.995636,14.939812,14.865326,14.939812,14.697517,14.902580,14.828064,15.014244,14.958420,14.921196,14.660179,14.734833,14.883965,14.809425,14.772133,14.716171,14.734833,14.883965,14.641502,14.883965,14.566772,14.697517,14.753487,14.660179,14.865326,14.846703,14.604141,14.678848,14.697517,14.548080,14.790794,14.828064,14.678848,14.790794,14.865326,14.772133,14.790794,14.734833,14.716171,14.865326,14.697517,14.828064,14.846703,14.753487,14.641502,14.790794,15.088600,14.697517,14.995636,14.809425,14.809425,14.921196,14.828064,15.014244,14.678848,14.809425,14.809425,14.977043,14.977043,14.828064,14.883965,14.883965,15.051422,14.921196,14.921196,14.921196,15.014244,14.977043,14.902580,14.828064,14.883965,14.977043,15.107178,15.218575,14.921196,14.883965,14.865326,15.181458,15.237137,15.051422,15.070015,15.125755,15.107178,15.181458,15.144333,15.070015,15.292770,15.107178,15.144333,14.995636,14.660179,15.088600,14.995636,15.181458,15.218575,15.255684,15.237137,15.032837,15.514977,
15.718163,15.477974,15.385422,15.496475,15.403938,15.403938,15.255684,15.440964,15.237137,15.459480,15.533455,15.422462,15.329842,15.403938,15.070015,15.533455,15.422462,15.237137,15.107178,15.088600,15.274223,15.125755,15.348373,15.162895,15.403938,15.477974,15.348373,15.755058,16.178230,16.269951,16.727104,17.326851,17.326851,17.886406,18.030205,18.317062,18.870033,18.763298,19.277893,19.330948,19.489883,19.613289,19.701309,19.771667,19.436943,19.666115,19.718910,19.894638,19.595665,19.736496,19.683716,19.859520,19.648506,19.718910,19.859520,19.859520,19.877083,19.806816,19.947273,19.999893,20.034943,20.157509,19.912178,19.999893,19.982353,20.157509,20.105003,20.034943,20.034943,20.052460,20.017418,19.947273,20.140007,20.209976,20.017418,20.157509,20.192490,20.174995,20.192490,20.314804,20.192490,20.506645,20.297348,20.367180,20.227455,20.332268,20.489220,20.297348,20.209976,19.982353,20.034943,20.140007,19.877083,19.824394,20.052460,19.912178,19.824394,19.982353,20.052460,19.964821,20.279877,20.244934,20.419502,20.663254,20.332268,20.628487,20.819542,20.680634,20.819542,20.819542,21.010155,21.027458,21.096642,21.303802,21.113914,21.131203,21.131203,21.148476,21.252068,21.217552,21.458817,21.355507,21.527603,21.699318,21.579163,21.527603,21.441612,21.613518,21.476021,21.476021,21.389961,21.424393,21.424393,21.441612,21.579163,21.544792,21.355507,21.389961,21.234810,21.338272,21.269310,21.200287,21.338272,21.200287,21.165756,21.217552,21.165756,21.010155,21.165756,21.165756,21.096642,21.113914,20.992851,20.992851,20.958221,21.165756,21.062057,21.010155,21.010155,21.044754,21.027458,20.940895,21.148476,21.148476,20.975533,21.096642,21.044754,21.183029,21.165756,21.165756,21.096642,21.234810,21.269310,21.113914,20.923576,21.096642,21.148476,21.183029,21.165756,21.165756,21.027458,21.010155,21.200287,21.165756,20.992851,21.131203,21.148476,21.269310,21.062057,21.148476,21.148476,21.286568,21.234810,21.286568,21.217552,21.338272,21.217552,21.544792,21.389961,21.493217,21.613518,21.647850,21.630684,21.733620,21.819290,21.665016,21.887764,21.939064,22.041588,22.041588,21.904861,22.058662,22.075729,21.973259,22.024513,21.939064,21.921967,22.126915,22.007431,22.297272,22.212143,22.143959,21.904861,22.178062,22.143959,22.195107,22.007431,22.195107,22.195107,22.365303,22.092789,22.143959,22.178062,22.161018,22.178062,21.956161,22.058662,21.939064,21.939064,22.075729,21.887764,21.785027,21.561981,21.647850,21.527603,21.338272,21.252068,21.252068,21.217552,21.148476,21.286568,21.286568,21.062057,21.062057,20.992851,21.010155,20.992851,21.044754,20.923576,20.767487,20.888908,20.871582,20.802200,20.750122,20.715385,20.645866,20.611084,20.732758,20.489220,20.576286,20.680634,20.819542,20.628487,20.732758,20.732758,20.836899,20.906242,20.975533,20.732758,21.010155,20.906242,21.096642,21.044754,21.096642,21.200287,20.958221,21.165756,21.234810,21.010155,21.113914,20.992851,20.940895,20.975533,20.940895,20.784843,20.732758,20.836899,20.663254,20.750122,20.576286,20.454369,20.489220,20.402061,20.402061,20.262413,20.157509,20.209976,20.227455,20.087494,20.192490,20.087494,19.912178,19.929733,20.034943,19.964821,19.771667,19.754082,19.578049,19.666115,19.295586,19.595665,19.595665,19.472237,19.366287,19.295586,19.330948,19.171692,19.207108,19.083084,19.224815,19.100807,19.047615,19.029869,19.065346,18.887802,18.834473,18.549400,18.567253,18.406502,18.030205,17.652206,17.435440,17.000237,16.654121,16.599342,16.068031,15.551949,15.699715,15.496475,15.459480,15.144333,15.200020,15.125755,15.162895,15.032837,15.274223,15.070015,15.162895,14.977043,15.237137,14.883965,15.088600,15.144333,15.237137,15.144333,15.125755,15.162895,15.107178,15.218575,15.014244,15.125755,15.088600,15.107178,15.200020,15.255684,15.200020,15.070015,15.144333,15.088600,15.125755,15.032837,15.162895,15.162895,15.014244,15.088600,15.125755,15.051422,15.162895,14.995636,14.939812,14.995636,15.051422,15.051422,15.014244,14.958420,15.014244,14.939812,15.051422,14.790794,14.902580,14.846703,14.921196,14.902580,14.828064,14.753487,14.734833,14.809425,14.809425,14.790794,14.790794,14.977043,14.828064,14.939812,14.939812,14.809425,15.014244,14.772133,14.883965,14.846703,14.809425,14.958420,14.902580,14.939812,15.051422,14.902580,14.902580,14.753487,14.883965,14.958420,14.790794,14.809425,14.678848,14.809425,14.641502,14.697517,14.921196,14.865326,14.790794,15.051422,14.772133,14.828064,14.790794,14.716171,14.883965,14.622826,14.809425,14.883965,14.921196,14.846703,14.622826,14.678848,14.865326,14.772133,14.865326,14.641502,14.716171,14.828064,14.865326,14.846703,14.921196,14.977043,14.883965,14.865326,14.828064,14.865326,14.902580,14.753487,14.977043,14.809425,14.828064,14.828064,14.902580,14.958420,14.902580,14.958420,14.958420,14.846703,14.939812,15.051422,14.883965,14.902580,14.772133,14.939812,15.032837,14.921196,14.921196,14.809425,15.032837,15.032837,15.070015,14.883965,14.939812,14.790794,14.790794,14.734833,15.088600,14.958420,14.865326,14.828064,14.846703,14.958420,15.125755,14.958420,15.200020,15.200020,15.125755,15.088600,15.051422,15.125755,15.200020,15.125755,14.977043,15.274223,14.902580,14.883965,14.883965,14.883965,14.958420,14.846703,14.660179,14.846703,14.716171,14.734833,14.958420,14.958420,14.753487,14.958420,14.883965,14.883965,15.070015,15.162895,14.921196,14.939812,14.995636,14.883965,15.032837,14.921196,14.790794,14.958420,14.958420,14.865326,14.790794,14.753487,14.921196,14.753487,14.772133,14.716171,14.977043,14.958420,14.622826,14.902580,14.828064,14.622826,14.734833,14.716171,14.865326,14.846703,14.809425,14.678848,14.977043,14.772133,14.772133,14.790794,14.828064,14.828064,14.790794,14.772133,14.939812,14.790794,14.678848,14.809425,14.678848,14.883965,14.604141,14.865326,14.753487,14.753487,14.958420,14.921196,14.939812,14.660179,14.921196,15.032837,15.051422,14.753487,14.809425,14.772133,14.809425,14.697517,14.939812,14.921196,14.995636,14.753487,14.809425,15.014244,14.790794,14.958420,14.902580,14.921196,14.790794,14.846703,15.088600,14.921196,14.846703,14.790794,14.865326,14.809425,15.125755,14.828064,14.790794,14.772133,14.716171,14.902580,15.014244,14.958420,15.107178,15.403938,15.162895,14.921196,15.088600,15.014244,15.014244,15.088600,15.181458,15.255684,15.348373,15.218575,14.865326,14.958420,15.162895,14.790794,15.144333,15.181458,14.977043,14.958420,15.255684,15.181458,15.200020,15.070015,15.514977,
15.533455,15.459480,15.311302,15.551949,15.477974,15.496475,15.181458,15.588913,15.625862,15.588913,15.440964,15.514977,15.514977,15.348373,15.551949,15.422462,15.311302,15.255684,15.311302,15.200020,15.496475,15.292770,15.181458,15.366905,15.144333,15.329842,15.607391,15.496475,15.976097,16.471397,16.781799,17.018410,17.616119,17.904396,18.281258,18.299164,18.620766,19.012123,19.153984,19.525154,19.578049,19.701309,19.401619,19.841957,19.525154,19.595665,19.789246,19.771667,19.824394,19.613289,19.701309,19.999893,19.999893,19.771667,19.841957,19.947273,20.087494,20.034943,19.964821,19.754082,20.017418,20.087494,19.999893,19.947273,19.894638,20.209976,19.859520,20.052460,20.122513,20.034943,20.017418,19.982353,20.140007,20.034943,20.017418,19.929733,20.209976,20.052460,20.297348,20.140007,20.192490,20.419502,20.157509,20.297348,20.314804,20.419502,20.209976,20.192490,20.140007,20.140007,20.069977,20.087494,19.964821,19.964821,20.105003,19.929733,19.929733,20.017418,20.140007,20.279877,20.087494,20.541473,20.541473,20.645866,20.558884,20.628487,20.698021,20.854233,20.992851,20.975533,21.096642,20.940895,20.940895,21.113914,21.200287,21.044754,21.165756,21.424393,21.441612,21.234810,21.407181,21.424393,21.544792,21.579163,21.407181,21.699318,21.493217,21.647850,21.665016,21.476021,21.527603,21.561981,21.544792,21.407181,21.544792,21.510414,21.303802,21.269310,21.303802,21.338272,21.355507,21.183029,21.424393,21.010155,21.148476,21.113914,21.234810,20.958221,21.096642,21.389961,21.131203,21.096642,21.131203,21.079346,21.113914,20.992851,20.958221,21.044754,21.044754,21.252068,20.975533,20.906242,21.010155,21.234810,21.062057,21.165756,21.027458,21.113914,21.269310,20.923576,21.217552,21.286568,21.303802,21.234810,21.113914,21.252068,21.252068,21.338272,21.148476,21.044754,20.958221,21.234810,20.992851,20.958221,21.010155,21.389961,21.027458,21.217552,21.252068,21.269310,21.269310,21.252068,21.458817,21.165756,21.217552,21.183029,21.338272,21.424393,21.286568,21.441612,21.527603,21.579163,21.716469,21.887764,21.887764,21.802162,21.853539,21.956161,21.819290,21.887764,21.870644,22.075729,21.973259,21.956161,21.973259,22.109856,21.921967,22.041588,22.041588,22.161018,22.058662,22.024513,22.092789,22.229179,22.109856,22.212143,21.887764,22.195107,22.041588,22.109856,22.143959,22.126915,22.314293,22.161018,22.092789,22.024513,21.904861,22.024513,21.836411,21.870644,21.733620,21.596336,21.596336,21.647850,21.493217,21.424393,21.407181,21.269310,21.096642,21.234810,20.975533,21.148476,21.062057,21.044754,21.079346,20.888908,20.923576,20.958221,20.975533,20.923576,20.906242,20.802200,20.750122,20.663254,20.715385,20.611084,20.489220,20.645866,20.367180,20.732758,20.524055,20.680634,20.541473,20.645866,20.645866,20.698021,20.802200,20.680634,20.854233,21.010155,21.010155,20.958221,21.096642,21.113914,21.165756,20.923576,20.871582,20.975533,20.906242,20.992851,20.871582,20.975533,20.698021,20.888908,20.750122,20.750122,20.784843,20.628487,20.524055,20.489220,20.419502,20.506645,20.402061,20.419502,20.332268,20.314804,20.227455,20.105003,20.052460,19.999893,19.982353,20.034943,19.947273,19.806816,19.912178,19.613289,19.789246,19.648506,19.595665,19.683716,19.560417,19.454590,19.489883,19.330948,19.260208,19.366287,19.330948,19.136261,19.224815,19.100807,19.153984,18.905579,19.029869,18.958870,18.620766,18.674240,18.602928,18.388626,18.227524,18.137894,17.580009,17.453522,17.091087,16.708862,16.599342,16.288277,15.976097,15.699715,15.477974,15.255684,15.311302,15.162895,15.181458,15.051422,14.939812,15.218575,15.051422,15.014244,15.088600,15.088600,15.125755,15.255684,15.107178,15.088600,15.125755,15.125755,15.218575,15.181458,15.107178,15.088600,15.200020,15.200020,15.014244,15.218575,15.144333,15.144333,15.125755,15.162895,15.237137,15.237137,15.181458,15.051422,15.107178,14.939812,15.070015,15.144333,15.125755,15.162895,14.995636,15.107178,15.162895,14.995636,15.144333,14.846703,15.070015,15.014244,14.939812,15.014244,14.846703,14.958420,14.995636,14.809425,14.902580,15.032837,14.846703,14.883965,14.921196,14.865326,14.828064,15.088600,14.902580,14.921196,14.921196,14.865326,14.995636,14.995636,14.939812,14.828064,14.958420,14.697517,14.883965,14.716171,14.772133,14.995636,14.939812,14.846703,14.828064,14.846703,14.977043,14.939812,14.809425,14.772133,14.846703,14.772133,14.790794,14.809425,14.716171,14.828064,14.790794,14.790794,14.790794,14.883965,14.753487,14.734833,14.734833,14.809425,14.697517,14.566772,14.828064,14.697517,14.753487,14.641502,14.828064,14.902580,14.716171,14.790794,14.697517,14.921196,14.995636,14.921196,14.734833,14.828064,14.865326,14.902580,14.883965,14.883965,14.921196,15.032837,14.809425,15.070015,14.865326,14.995636,14.995636,14.958420,15.144333,14.921196,14.921196,14.921196,14.716171,15.107178,14.716171,14.809425,14.828064,14.865326,14.977043,14.828064,14.697517,14.958420,14.865326,14.883965,14.828064,14.828064,15.014244,14.958420,14.883965,14.809425,14.846703,14.622826,14.958420,14.902580,14.902580,14.902580,14.958420,14.995636,14.865326,15.162895,15.051422,15.088600,14.939812,15.144333,15.162895,15.107178,14.865326,15.051422,14.883965,14.977043,14.809425,15.032837,14.716171,14.753487,14.902580,14.641502,14.753487,14.697517,14.865326,14.865326,14.865326,14.977043,14.828064,15.200020,14.828064,15.032837,15.070015,14.958420,14.734833,14.883965,14.809425,14.846703,14.828064,14.772133,15.032837,14.790794,14.716171,14.902580,14.734833,14.958420,14.939812,14.902580,14.939812,14.883965,14.846703,14.529381,14.828064,14.865326,14.660179,14.809425,14.660179,14.902580,14.753487,14.865326,14.716171,14.790794,14.566772,14.772133,14.865326,14.716171,14.846703,14.828064,14.604141,14.939812,14.772133,14.772133,14.622826,14.921196,14.585457,14.939812,14.809425,14.697517,14.921196,14.641502,14.641502,14.809425,14.660179,14.716171,14.846703,14.734833,14.678848,14.772133,14.716171,14.697517,14.902580,14.939812,14.809425,15.070015,14.716171,14.790794,14.697517,14.939812,14.753487,14.883965,14.604141,14.716171,14.865326,15.088600,14.809425,14.939812,14.828064,14.865326,14.883965,14.734833,14.865326,14.921196,14.846703,14.902580,14.977043,14.977043,14.939812,14.883965,14.921196,15.051422,14.958420,14.883965,15.144333,15.144333,15.088600,14.865326,14.958420,15.051422,15.051422,15.107178,14.902580,15.144333,15.107178,15.107178,15.181458,15.070015,15.162895,15.348373,15.274223,15.218575,
15.644325,15.570435,15.292770,15.385422,15.422462,15.366905,15.662788,15.403938,15.588913,15.588913,15.422462,15.570435,15.588913,15.699715,15.625862,15.329842,15.403938,15.366905,15.292770,15.403938,15.329842,15.329842,15.311302,15.514977,15.329842,15.514977,15.570435,15.514977,16.049652,16.379883,16.581078,17.036591,17.507759,17.580009,18.102013,18.513702,18.638596,18.763298,19.136261,19.189407,19.330948,19.542793,19.666115,19.578049,19.507530,19.771667,19.718910,19.542793,19.666115,19.824394,19.595665,19.859520,19.648506,19.771667,19.806816,20.157509,20.105003,20.017418,19.771667,19.999893,19.929733,20.087494,19.877083,19.999893,19.999893,19.912178,19.947273,19.894638,19.982353,19.789246,20.122513,20.105003,19.982353,20.105003,20.140007,20.034943,20.069977,20.034943,20.122513,20.192490,20.105003,20.192490,20.174995,20.471802,20.262413,20.332268,20.297348,20.069977,20.017418,20.279877,19.912178,20.157509,20.174995,19.982353,20.244934,20.105003,20.052460,19.999893,19.999893,20.052460,20.157509,20.471802,20.349724,20.541473,20.663254,20.715385,20.750122,20.836899,20.854233,21.027458,21.010155,21.113914,21.062057,21.165756,21.286568,21.234810,21.096642,21.252068,21.252068,21.183029,21.493217,21.476021,21.510414,21.458817,21.441612,21.544792,21.544792,21.665016,21.527603,21.476021,21.544792,21.476021,21.561981,21.647850,21.493217,21.424393,21.493217,21.493217,21.355507,21.493217,21.407181,21.355507,21.113914,21.113914,21.217552,21.372734,21.252068,21.234810,21.269310,21.321045,21.183029,21.148476,21.062057,20.992851,20.940895,20.819542,21.062057,20.975533,21.027458,20.975533,20.854233,21.165756,20.819542,20.888908,21.131203,21.027458,20.992851,21.027458,21.096642,21.200287,21.079346,20.975533,21.165756,21.200287,21.165756,21.165756,21.113914,21.303802,21.286568,21.113914,21.183029,21.252068,21.252068,21.165756,21.165756,21.183029,21.096642,21.269310,21.096642,21.200287,21.303802,21.079346,21.424393,21.217552,21.286568,21.372734,21.372734,21.424393,21.338272,21.372734,21.424393,21.493217,21.476021,21.579163,21.699318,21.853539,21.647850,21.665016,21.802162,21.853539,22.075729,21.973259,21.836411,22.024513,21.990349,21.973259,21.990349,21.990349,22.024513,22.212143,22.109856,21.921967,22.092789,22.143959,22.007431,21.990349,22.007431,22.126915,22.126915,21.921967,22.178062,22.143959,21.973259,22.041588,21.939064,21.904861,21.990349,21.802162,21.647850,21.682167,21.733620,21.665016,21.458817,21.303802,21.407181,21.113914,21.355507,21.096642,21.079346,21.131203,20.906242,20.958221,20.958221,21.079346,20.992851,20.975533,20.975533,20.871582,20.871582,20.923576,20.940895,20.802200,20.732758,20.611084,20.541473,20.506645,20.715385,20.663254,20.524055,20.558884,20.454369,20.628487,20.419502,20.628487,20.576286,20.750122,20.611084,20.784843,20.645866,20.975533,21.113914,20.854233,20.992851,21.062057,20.958221,21.200287,21.165756,21.079346,20.958221,20.767487,20.888908,20.888908,20.767487,20.906242,20.802200,20.767487,20.750122,20.663254,20.436943,20.558884,20.436943,20.524055,20.454369,20.367180,20.279877,20.367180,20.227455,20.244934,20.034943,19.964821,20.034943,19.718910,19.947273,19.771667,19.789246,19.754082,19.841957,19.754082,19.542793,19.613289,19.542793,19.313263,19.613289,19.348618,19.542793,19.171692,19.171692,19.330948,19.029869,19.277893,18.887802,18.887802,18.923340,18.727684,18.745483,18.781090,18.638596,18.388626,18.245445,17.886406,17.706314,17.525826,16.927490,16.599342,16.599342,16.288277,15.773499,15.662788,15.514977,15.403938,15.348373,15.329842,14.995636,15.032837,15.014244,15.200020,15.088600,15.218575,15.070015,15.329842,15.200020,15.348373,14.921196,15.125755,15.181458,15.255684,14.977043,15.088600,15.237137,15.292770,15.162895,14.958420,15.088600,15.107178,15.107178,15.181458,15.181458,15.292770,15.107178,15.162895,15.144333,15.255684,15.292770,15.032837,15.070015,14.977043,15.051422,15.070015,15.162895,15.070015,15.070015,15.051422,15.014244,14.883965,15.032837,15.032837,14.865326,14.883965,14.883965,14.958420,14.865326,14.921196,14.846703,15.051422,14.772133,14.977043,14.790794,14.902580,14.846703,14.902580,14.846703,14.865326,14.753487,15.032837,14.883965,14.772133,14.902580,14.921196,14.846703,14.865326,14.734833,15.070015,14.865326,15.107178,14.753487,14.828064,15.014244,14.865326,14.753487,14.902580,14.828064,14.883965,14.846703,14.995636,14.697517,14.678848,14.716171,14.772133,14.846703,14.734833,14.865326,14.921196,14.585457,14.753487,14.790794,14.734833,14.622826,14.716171,14.734833,14.846703,14.828064,14.883965,14.846703,14.790794,14.772133,14.790794,14.622826,14.660179,14.828064,14.995636,14.734833,14.902580,14.660179,14.939812,14.902580,14.921196,14.977043,14.678848,14.883965,14.828064,14.902580,14.902580,14.921196,15.070015,14.883965,15.014244,14.921196,14.790794,14.828064,14.846703,14.995636,14.828064,14.995636,14.939812,14.734833,14.883965,14.902580,14.939812,14.790794,14.790794,14.734833,14.716171,14.790794,14.828064,14.753487,14.846703,14.828064,14.828064,14.977043,14.883965,14.790794,15.014244,14.902580,14.921196,15.051422,15.032837,14.939812,14.828064,15.181458,14.977043,15.144333,15.218575,15.144333,14.958420,14.772133,14.846703,14.846703,14.977043,14.846703,14.939812,14.641502,14.772133,14.790794,14.734833,14.790794,14.902580,14.846703,15.032837,14.977043,14.921196,14.734833,14.958420,15.051422,14.958420,14.790794,14.790794,14.902580,14.883965,14.883965,14.790794,14.921196,14.809425,14.641502,14.883965,15.032837,14.902580,14.902580,14.716171,14.828064,14.828064,14.790794,14.753487,15.032837,14.753487,14.697517,14.921196,14.734833,14.772133,14.921196,14.772133,14.809425,14.772133,14.828064,14.772133,14.697517,14.772133,14.697517,14.828064,14.716171,14.529381,14.734833,14.846703,14.641502,14.716171,14.660179,14.977043,14.660179,14.734833,14.977043,14.716171,14.958420,14.734833,14.995636,14.809425,14.846703,14.734833,14.828064,14.734833,14.939812,14.809425,14.697517,14.809425,14.772133,14.790794,14.939812,14.660179,14.641502,14.865326,14.790794,14.921196,15.051422,14.939812,14.828064,14.958420,14.734833,14.828064,14.828064,14.734833,14.772133,15.014244,14.939812,14.828064,14.772133,15.125755,14.977043,14.790794,15.088600,14.995636,15.032837,15.070015,15.088600,14.995636,15.144333,14.865326,15.032837,15.032837,15.088600,14.921196,15.070015,14.939812,15.051422,15.032837,15.274223,15.107178,15.051422,15.292770,15.329842,15.181458,15.348373,15.329842,
15.755058,15.422462,15.625862,15.533455,15.440964,15.514977,15.329842,15.385422,15.588913,15.348373,15.385422,15.570435,15.699715,15.366905,15.551949,15.422462,15.422462,15.385422,15.366905,15.237137,15.477974,15.311302,15.403938,15.311302,15.348373,15.292770,15.459480,15.847229,15.884071,16.306610,16.708862,17.453522,17.598068,17.796410,17.814415,18.549400,18.620766,18.905579,19.012123,19.419281,19.277893,19.260208,19.648506,19.718910,19.507530,19.666115,19.542793,19.525154,19.683716,19.578049,19.824394,19.701309,19.964821,19.912178,19.841957,19.964821,20.017418,20.017418,19.877083,19.841957,19.806816,20.034943,19.859520,20.087494,19.894638,19.999893,20.174995,19.947273,20.017418,20.087494,20.122513,19.912178,19.999893,20.140007,20.105003,20.087494,20.087494,19.912178,20.087494,19.999893,20.140007,20.122513,20.069977,20.157509,20.174995,20.384621,20.192490,20.192490,19.999893,20.140007,20.297348,19.947273,20.034943,20.227455,19.894638,20.140007,20.087494,20.069977,20.209976,20.384621,20.332268,20.506645,20.297348,20.698021,20.593697,20.698021,20.802200,20.888908,20.888908,21.062057,20.975533,20.958221,21.062057,21.148476,21.165756,21.183029,21.234810,21.165756,21.338272,21.269310,21.389961,21.355507,21.424393,21.647850,21.613518,21.750755,21.579163,21.802162,21.458817,21.819290,21.682167,21.750755,21.476021,21.561981,21.630684,21.561981,21.561981,21.493217,21.303802,21.372734,21.148476,21.217552,21.165756,21.217552,21.183029,21.113914,21.234810,21.303802,21.338272,21.096642,21.096642,20.975533,21.044754,21.269310,20.992851,20.715385,20.992851,21.044754,20.819542,21.079346,20.871582,21.010155,20.906242,21.027458,20.906242,20.940895,20.923576,21.010155,20.992851,20.854233,21.113914,21.234810,21.113914,21.200287,21.096642,21.062057,21.269310,21.321045,21.252068,21.372734,21.165756,21.217552,21.096642,21.286568,21.286568,21.269310,21.252068,21.165756,21.217552,21.303802,21.372734,21.217552,21.217552,21.131203,21.424393,21.269310,21.338272,21.561981,21.252068,21.372734,21.441612,21.407181,21.493217,21.665016,21.921967,21.596336,21.785027,21.767891,21.819290,22.007431,21.870644,21.887764,22.092789,21.836411,21.956161,22.075729,21.939064,21.956161,22.041588,22.143959,22.058662,21.939064,22.229179,22.075729,22.126915,22.195107,21.956161,22.109856,22.092789,22.041588,22.007431,22.024513,21.819290,22.058662,21.904861,21.990349,21.819290,21.716469,21.682167,21.682167,21.476021,21.561981,21.476021,21.389961,21.165756,21.286568,21.096642,21.079346,21.113914,21.027458,21.148476,20.888908,20.975533,20.958221,21.010155,20.871582,20.975533,20.802200,20.940895,20.958221,20.698021,20.698021,20.611084,20.750122,20.750122,20.698021,20.454369,20.541473,20.454369,20.402061,20.489220,20.489220,20.419502,20.524055,20.645866,20.558884,20.645866,20.732758,20.906242,20.871582,20.940895,20.975533,20.992851,21.131203,21.062057,20.836899,21.027458,20.975533,21.027458,21.027458,21.027458,20.923576,20.645866,20.767487,20.471802,20.715385,20.628487,20.593697,20.436943,20.524055,20.454369,20.279877,20.349724,20.297348,20.367180,20.262413,20.279877,20.069977,20.087494,20.105003,19.982353,20.052460,20.052460,19.912178,19.929733,19.736496,19.789246,19.666115,19.507530,19.436943,19.595665,19.454590,19.330948,19.401619,19.295586,19.224815,19.295586,19.348618,19.136261,19.153984,19.083084,18.887802,18.834473,18.852249,18.798889,18.887802,18.388626,18.317062,17.922386,18.084076,17.670250,17.471611,17.036591,16.763573,16.324928,15.976097,15.939293,15.459480,15.514977,15.292770,15.329842,15.088600,15.200020,15.181458,15.088600,15.125755,15.088600,15.162895,15.070015,15.162895,15.051422,15.218575,15.051422,15.032837,14.977043,15.200020,15.051422,15.107178,15.218575,15.237137,15.107178,15.181458,15.088600,15.200020,15.255684,15.088600,15.200020,15.200020,15.014244,15.107178,15.125755,15.107178,15.125755,15.181458,15.088600,15.125755,15.274223,15.107178,15.032837,15.088600,15.144333,15.014244,15.032837,15.070015,15.032837,14.753487,14.828064,14.902580,14.753487,14.902580,14.790794,14.939812,14.846703,14.939812,14.883965,15.032837,15.051422,14.902580,14.865326,14.865326,14.678848,14.977043,14.939812,14.921196,15.014244,14.921196,14.772133,14.809425,14.939812,14.790794,14.995636,14.790794,15.014244,14.772133,14.865326,14.902580,14.921196,15.032837,14.921196,14.846703,14.716171,14.753487,14.790794,14.828064,14.865326,14.939812,14.753487,14.939812,14.604141,14.678848,14.828064,14.622826,14.772133,14.846703,14.828064,14.641502,14.790794,14.902580,14.790794,14.809425,14.772133,14.566772,14.697517,14.753487,14.753487,14.641502,14.921196,14.977043,14.883965,14.716171,14.734833,14.809425,14.846703,14.846703,14.902580,14.958420,14.902580,15.070015,15.181458,15.162895,14.958420,14.995636,14.921196,14.958420,14.921196,14.753487,14.939812,14.939812,14.958420,15.088600,14.660179,14.753487,14.995636,14.958420,14.809425,14.921196,14.828064,15.014244,14.809425,14.902580,14.641502,14.995636,14.753487,14.921196,14.790794,14.697517,15.088600,14.902580,14.809425,14.716171,15.070015,14.883965,14.995636,14.939812,15.125755,14.958420,15.107178,15.237137,15.125755,15.200020,15.051422,15.181458,14.846703,14.977043,14.958420,14.846703,14.939812,14.828064,14.939812,14.790794,14.958420,14.846703,14.772133,14.921196,14.529381,14.995636,14.846703,14.716171,15.107178,14.883965,14.753487,14.977043,15.014244,14.790794,14.939812,14.753487,15.032837,14.809425,14.660179,14.772133,14.622826,14.883965,14.977043,14.809425,14.790794,14.939812,14.828064,15.070015,14.716171,14.790794,14.995636,14.958420,14.772133,14.883965,14.753487,14.809425,14.622826,14.753487,14.828064,14.641502,14.790794,14.921196,14.772133,15.107178,14.660179,14.790794,14.828064,14.883965,14.678848,14.697517,14.828064,14.902580,14.697517,14.697517,14.846703,14.865326,14.883965,14.790794,14.865326,14.772133,14.697517,14.846703,14.809425,14.809425,14.883965,14.716171,14.902580,14.828064,14.902580,14.809425,14.790794,14.772133,14.865326,15.051422,14.846703,14.865326,14.846703,14.921196,14.772133,14.883965,14.697517,14.809425,14.902580,14.772133,14.772133,14.772133,14.809425,14.809425,14.865326,14.921196,14.977043,15.144333,14.902580,14.921196,14.977043,14.958420,15.088600,15.032837,15.162895,14.939812,15.051422,15.051422,14.995636,15.088600,14.977043,15.070015,14.995636,14.995636,14.921196,15.107178,14.902580,15.181458,14.902580,15.014244,15.014244,15.237137,15.088600,15.088600,15.514977,15.551949,
15.625862,15.440964,15.551949,15.736610,15.385422,15.496475,15.644325,15.514977,15.440964,15.311302,15.533455,15.533455,15.496475,15.644325,15.718163,15.644325,15.348373,15.348373,15.459480,15.218575,15.329842,15.385422,15.459480,15.218575,15.255684,15.477974,15.366905,16.104774,15.884071,16.398201,16.654121,17.145554,17.218117,17.580009,17.976311,18.317062,18.549400,18.727684,18.994377,19.207108,19.189407,19.313263,19.436943,19.666115,19.613289,19.630898,19.542793,19.525154,19.912178,19.648506,19.630898,19.736496,19.595665,19.560417,19.929733,19.648506,19.947273,19.754082,19.666115,19.841957,19.877083,20.034943,19.683716,20.052460,19.841957,20.105003,19.929733,20.192490,19.894638,19.912178,20.069977,19.964821,20.034943,20.140007,19.929733,20.140007,20.087494,20.105003,20.122513,20.122513,19.964821,20.227455,20.122513,20.140007,20.454369,20.332268,20.209976,20.087494,20.192490,20.157509,20.087494,20.227455,20.034943,19.982353,19.912178,19.964821,20.157509,19.964821,20.034943,20.157509,20.314804,20.471802,20.489220,20.436943,20.645866,20.715385,20.750122,20.906242,21.062057,21.096642,21.148476,20.958221,21.096642,21.441612,21.079346,21.303802,21.372734,21.355507,21.407181,21.286568,21.338272,21.424393,21.544792,21.647850,21.458817,21.596336,21.527603,21.561981,21.527603,21.733620,21.579163,21.476021,21.493217,21.527603,21.596336,21.579163,21.303802,21.407181,21.372734,21.476021,21.355507,21.613518,21.303802,21.389961,21.234810,21.407181,21.148476,21.234810,21.303802,21.338272,21.027458,21.131203,21.044754,21.303802,21.010155,20.975533,20.975533,20.906242,21.044754,20.958221,20.698021,20.715385,20.871582,20.732758,20.958221,20.992851,21.010155,20.958221,20.906242,20.784843,20.958221,21.321045,21.183029,21.183029,21.234810,21.389961,21.303802,21.234810,21.286568,21.286568,21.217552,21.303802,21.062057,21.286568,21.338272,21.407181,21.252068,21.476021,21.234810,21.338272,21.372734,21.321045,21.303802,21.234810,21.252068,21.096642,21.252068,21.303802,21.217552,21.407181,21.527603,21.476021,21.802162,21.527603,21.682167,21.613518,21.613518,21.716469,21.699318,21.716469,21.870644,21.836411,21.939064,21.853539,21.802162,21.939064,21.904861,22.007431,22.058662,22.041588,21.853539,21.973259,21.956161,21.939064,22.024513,22.109856,22.161018,22.024513,21.990349,22.075729,21.990349,21.990349,21.939064,21.990349,21.887764,21.853539,21.750755,21.750755,21.733620,21.647850,21.286568,21.544792,21.389961,21.338272,21.321045,21.217552,21.027458,21.183029,20.992851,20.958221,21.010155,21.010155,21.044754,21.027458,20.888908,20.923576,20.975533,20.854233,20.750122,20.854233,20.975533,20.680634,20.732758,20.698021,20.715385,20.576286,20.541473,20.367180,20.471802,20.419502,20.402061,20.419502,20.297348,20.593697,20.628487,20.524055,20.732758,20.593697,20.802200,20.871582,20.819542,20.940895,20.854233,21.027458,20.871582,20.888908,21.269310,20.975533,20.871582,20.819542,20.836899,21.044754,20.784843,20.715385,20.628487,20.628487,20.645866,20.558884,20.471802,20.384621,20.436943,20.314804,20.332268,20.227455,20.349724,20.279877,20.209976,20.087494,20.069977,20.017418,20.034943,20.017418,19.841957,19.912178,19.877083,19.806816,19.666115,19.560417,19.507530,19.648506,19.542793,19.489883,19.489883,19.295586,19.295586,19.136261,19.153984,19.224815,19.100807,19.224815,18.798889,18.941109,18.852249,18.923340,18.602928,18.674240,18.334953,18.281258,18.137894,17.994278,17.616119,17.489685,17.036591,17.036591,16.398201,16.049652,16.086403,15.662788,15.329842,15.311302,15.125755,15.181458,15.144333,14.977043,15.274223,15.311302,15.125755,15.218575,15.107178,14.958420,15.218575,15.311302,15.070015,15.366905,15.088600,15.311302,15.088600,15.292770,15.070015,15.051422,15.200020,15.181458,15.144333,15.218575,15.125755,15.403938,15.144333,15.107178,15.125755,15.070015,15.255684,15.181458,15.070015,15.162895,15.144333,15.014244,15.070015,15.125755,15.070015,15.144333,15.051422,15.200020,14.939812,14.939812,15.070015,14.995636,14.958420,15.070015,14.790794,14.790794,14.958420,15.070015,14.828064,14.939812,14.921196,14.902580,14.846703,15.051422,14.883965,14.902580,14.753487,14.772133,14.977043,14.865326,14.809425,14.958420,14.846703,14.790794,14.772133,14.902580,14.753487,14.865326,14.921196,14.790794,14.921196,14.883965,14.772133,14.902580,14.716171,14.846703,14.809425,14.809425,15.051422,14.716171,14.958420,14.716171,14.678848,14.883965,14.716171,14.716171,14.697517,14.865326,14.790794,14.846703,14.622826,14.865326,14.678848,14.716171,14.678848,14.660179,14.883965,14.939812,14.809425,14.772133,14.678848,14.977043,14.622826,14.697517,14.734833,14.828064,14.921196,14.790794,14.809425,14.697517,14.865326,14.716171,14.846703,15.051422,15.014244,14.995636,14.828064,14.939812,15.070015,15.218575,14.977043,15.014244,14.846703,15.051422,15.014244,14.902580,14.958420,15.032837,14.977043,14.995636,14.958420,14.772133,15.051422,14.846703,14.846703,15.032837,14.660179,14.883965,14.753487,14.995636,14.697517,14.921196,14.883965,14.790794,14.716171,14.753487,15.070015,15.070015,14.995636,15.014244,15.144333,15.181458,15.144333,15.088600,15.032837,14.939812,15.200020,14.902580,15.125755,15.051422,14.883965,14.939812,14.883965,14.958420,14.828064,14.678848,14.809425,14.772133,14.604141,14.846703,15.014244,15.051422,14.846703,14.883965,14.995636,14.902580,14.995636,14.995636,14.772133,14.846703,14.846703,14.958420,14.753487,14.883965,14.883965,14.809425,14.809425,14.902580,14.809425,14.716171,14.939812,14.902580,14.772133,14.902580,14.716171,14.865326,14.902580,14.604141,14.939812,14.753487,14.828064,14.678848,14.660179,14.772133,14.939812,14.716171,14.865326,14.604141,14.865326,14.865326,14.716171,14.716171,14.734833,14.958420,14.678848,14.865326,14.828064,14.660179,14.772133,14.865326,14.772133,14.753487,14.678848,14.846703,14.660179,14.865326,14.921196,15.070015,14.566772,14.678848,14.828064,14.790794,14.790794,14.585457,14.772133,14.883965,14.921196,14.809425,14.977043,14.846703,14.697517,14.883965,14.865326,14.846703,14.734833,14.828064,14.958420,14.939812,14.734833,14.902580,14.790794,14.939812,14.921196,14.995636,14.865326,14.883965,14.921196,14.977043,14.995636,14.977043,14.921196,15.088600,15.070015,15.051422,14.753487,14.865326,14.828064,14.958420,14.921196,14.902580,15.237137,15.144333,14.977043,14.883965,15.070015,15.181458,15.200020,14.883965,14.958420,15.032837,15.125755,15.255684,15.107178,15.255684,15.255684,15.403938,
15.551949,15.440964,15.551949,15.403938,15.699715,15.644325,15.459480,15.625862,15.514977,15.496475,15.237137,15.662788,15.440964,15.625862,15.570435,15.681252,15.366905,15.403938,15.385422,15.274223,15.385422,15.200020,15.385422,15.255684,15.422462,15.607391,15.496475,15.884071,16.196571,16.361572,16.635872,17.127403,17.127403,17.742363,18.030205,18.173759,18.388626,18.941109,18.852249,19.189407,19.366287,19.489883,19.525154,19.578049,19.472237,19.489883,19.824394,19.348618,19.648506,19.683716,19.666115,19.754082,19.595665,19.683716,19.877083,19.754082,19.789246,19.754082,19.718910,19.912178,19.824394,19.999893,19.789246,19.982353,19.929733,19.947273,19.859520,20.122513,19.736496,19.982353,20.140007,20.105003,19.964821,19.929733,19.947273,19.964821,19.982353,20.017418,20.140007,19.964821,19.929733,20.209976,20.140007,20.227455,20.087494,20.192490,20.140007,20.034943,19.929733,19.824394,20.140007,19.789246,19.929733,19.859520,19.912178,19.964821,20.069977,19.964821,20.034943,20.227455,20.140007,20.297348,20.384621,20.489220,20.715385,20.784843,20.888908,20.750122,21.027458,20.940895,21.217552,21.044754,20.992851,21.407181,21.234810,21.355507,21.286568,21.252068,21.303802,21.613518,21.493217,21.269310,21.389961,21.458817,21.458817,21.750755,21.647850,21.613518,21.527603,21.647850,21.596336,21.579163,21.510414,21.544792,21.510414,21.389961,21.493217,21.544792,21.303802,21.321045,21.476021,21.355507,21.269310,21.338272,21.476021,21.269310,21.269310,21.200287,21.476021,21.338272,21.234810,21.131203,21.079346,21.269310,21.096642,21.131203,21.044754,21.165756,20.871582,20.888908,20.802200,20.802200,20.940895,21.062057,20.888908,21.148476,20.940895,20.992851,21.010155,21.044754,21.027458,21.079346,21.269310,21.252068,21.252068,21.096642,21.355507,21.234810,21.338272,21.355507,21.355507,21.389961,21.338272,21.252068,21.165756,21.355507,21.303802,21.544792,21.476021,21.510414,21.234810,21.372734,21.424393,21.372734,21.338272,21.372734,21.355507,21.372734,21.355507,21.424393,21.389961,21.424393,21.424393,21.493217,21.458817,21.510414,21.596336,21.699318,21.785027,21.785027,21.767891,21.887764,21.767891,21.870644,21.990349,21.733620,21.767891,22.007431,21.956161,21.921967,21.990349,21.904861,21.819290,21.939064,21.956161,21.990349,22.058662,22.058662,21.921967,21.939064,21.956161,21.767891,21.716469,21.802162,21.802162,21.853539,21.699318,21.767891,21.647850,21.613518,21.458817,21.269310,21.321045,21.303802,21.355507,21.113914,21.010155,21.113914,21.252068,20.836899,20.784843,20.958221,20.975533,21.010155,20.888908,20.819542,20.854233,20.802200,20.767487,20.906242,20.923576,20.715385,20.628487,20.732758,20.593697,20.506645,20.454369,20.349724,20.332268,20.227455,20.576286,20.489220,20.297348,20.524055,20.506645,20.593697,20.593697,20.680634,20.802200,20.975533,20.854233,21.010155,21.044754,21.234810,21.148476,20.940895,21.079346,20.958221,21.010155,20.836899,20.732758,20.906242,20.593697,20.698021,20.593697,20.611084,20.663254,20.524055,20.698021,20.402061,20.454369,20.436943,20.402061,20.349724,20.209976,20.244934,20.140007,20.140007,20.227455,19.877083,19.947273,19.859520,19.929733,19.824394,19.824394,19.789246,19.718910,19.806816,19.560417,19.613289,19.507530,19.472237,19.666115,19.436943,19.366287,19.171692,19.136261,19.118538,19.029869,19.029869,19.047615,19.047615,18.870033,18.852249,18.834473,18.763298,18.442253,18.334953,18.048164,17.904396,17.634163,17.308739,16.909286,16.854668,16.453102,15.939293,15.828796,15.699715,15.496475,15.551949,15.292770,15.200020,15.255684,15.125755,15.014244,15.088600,14.995636,15.014244,14.883965,15.218575,15.311302,15.311302,15.218575,14.995636,15.088600,15.274223,15.144333,15.088600,14.939812,15.181458,15.348373,15.200020,15.107178,15.070015,15.237137,15.218575,15.107178,15.070015,15.107178,15.181458,14.921196,15.162895,15.162895,15.032837,15.051422,14.902580,15.144333,14.977043,15.144333,15.162895,14.995636,15.088600,15.014244,15.070015,14.995636,14.846703,15.088600,14.921196,14.865326,15.070015,14.958420,14.809425,14.809425,14.865326,14.790794,14.846703,14.977043,14.883965,14.865326,14.958420,15.032837,15.162895,14.790794,15.014244,14.995636,14.921196,15.051422,14.716171,14.809425,14.977043,14.902580,14.883965,14.828064,14.809425,14.921196,14.678848,14.772133,14.846703,14.977043,15.032837,14.883965,14.809425,15.032837,14.828064,14.846703,14.902580,14.734833,14.678848,14.809425,14.790794,14.734833,14.828064,14.977043,14.585457,14.697517,14.828064,14.790794,14.641502,14.977043,14.828064,14.809425,14.753487,14.678848,14.958420,14.772133,14.697517,14.790794,14.734833,15.014244,14.921196,14.790794,14.865326,14.716171,14.772133,14.846703,14.902580,14.902580,14.939812,14.883965,15.051422,14.958420,14.809425,15.051422,15.032837,14.995636,15.032837,14.921196,15.032837,14.958420,14.977043,15.144333,15.014244,15.051422,15.032837,15.107178,15.088600,15.051422,14.828064,14.846703,14.790794,14.716171,14.977043,14.641502,14.846703,14.790794,14.809425,14.921196,14.902580,14.809425,14.977043,14.716171,14.921196,15.088600,14.828064,14.883965,15.051422,15.107178,15.200020,15.051422,15.088600,15.088600,14.958420,15.088600,14.902580,14.697517,14.622826,14.697517,14.772133,14.678848,14.846703,14.790794,14.753487,14.977043,14.697517,14.790794,14.790794,15.032837,14.883965,14.958420,14.828064,14.902580,14.939812,14.958420,15.144333,14.753487,14.902580,14.921196,14.809425,14.939812,14.660179,14.790794,14.865326,14.753487,14.921196,14.995636,14.865326,14.883965,14.921196,15.032837,14.753487,14.809425,14.902580,14.790794,14.828064,14.790794,14.697517,14.585457,14.790794,14.902580,14.958420,14.921196,14.865326,14.883965,14.865326,14.828064,14.828064,14.622826,14.883965,14.809425,14.809425,14.641502,14.846703,14.902580,14.846703,14.790794,14.716171,14.660179,14.697517,14.697517,14.753487,14.604141,14.697517,14.921196,14.809425,14.697517,14.883965,14.772133,14.790794,14.697517,14.902580,14.809425,14.828064,14.716171,14.995636,14.865326,14.753487,14.809425,14.790794,14.753487,14.753487,14.529381,14.716171,14.809425,14.846703,14.902580,14.828064,14.995636,14.753487,14.977043,15.162895,14.790794,15.014244,14.958420,15.088600,14.995636,14.846703,14.828064,15.144333,14.902580,15.051422,14.697517,14.995636,14.902580,15.107178,15.107178,15.292770,15.014244,14.977043,15.070015,15.125755,14.939812,15.255684,14.883965,14.995636,15.162895,15.237137,15.051422,15.366905,15.051422,15.422462,
15.902481,15.459480,15.403938,15.514977,15.607391,15.607391,15.422462,15.440964,15.681252,15.440964,15.477974,15.403938,15.607391,15.477974,15.422462,15.644325,15.588913,15.496475,15.181458,15.311302,15.366905,15.366905,15.366905,15.403938,15.496475,15.440964,15.607391,15.551949,16.233269,16.343254,16.635872,17.091087,17.272507,17.760384,17.886406,18.173759,18.585091,18.656418,19.065346,19.047615,19.401619,19.419281,19.295586,19.648506,19.683716,19.489883,19.401619,19.648506,19.542793,19.683716,19.630898,19.683716,19.630898,19.754082,19.824394,19.824394,19.683716,19.859520,19.701309,19.648506,19.999893,19.666115,19.894638,19.877083,19.912178,19.999893,19.859520,20.122513,20.052460,19.982353,19.771667,19.806816,20.017418,20.122513,19.859520,19.999893,20.017418,20.140007,20.069977,20.017418,20.105003,20.052460,19.894638,20.122513,20.052460,20.192490,20.157509,20.034943,19.982353,19.912178,20.034943,20.122513,19.841957,19.736496,19.982353,19.824394,19.947273,19.912178,19.859520,20.069977,20.122513,20.506645,20.279877,20.384621,20.471802,20.454369,20.663254,20.819542,20.992851,21.044754,21.027458,21.217552,20.923576,21.183029,21.424393,21.062057,21.355507,21.303802,21.407181,21.303802,21.217552,21.303802,21.338272,21.441612,21.561981,21.424393,21.579163,21.682167,21.321045,21.355507,21.476021,21.630684,21.579163,21.476021,21.527603,21.613518,21.321045,21.372734,21.389961,21.476021,21.407181,21.217552,21.372734,21.355507,21.338272,21.389961,21.372734,21.476021,21.286568,21.165756,21.303802,21.200287,21.200287,21.389961,21.044754,21.113914,21.079346,21.062057,21.286568,21.113914,20.750122,20.715385,20.576286,21.062057,20.802200,20.975533,21.010155,21.062057,21.044754,21.183029,20.975533,21.183029,21.338272,21.234810,21.286568,21.407181,21.269310,21.321045,21.355507,21.424393,21.355507,21.269310,21.321045,21.476021,21.441612,21.407181,21.338272,21.493217,21.303802,21.355507,21.286568,21.389961,21.355507,21.286568,21.286568,21.338272,21.269310,21.407181,21.338272,21.389961,21.424393,21.441612,21.561981,21.647850,21.682167,21.665016,21.699318,21.716469,21.682167,21.665016,21.647850,21.613518,21.802162,21.836411,21.887764,21.904861,21.990349,21.853539,21.836411,21.956161,21.904861,21.836411,21.887764,21.870644,21.956161,21.904861,22.024513,21.921967,21.870644,21.733620,21.973259,21.716469,21.802162,21.682167,21.647850,21.750755,21.596336,21.407181,21.286568,21.407181,21.476021,21.252068,21.183029,21.183029,21.096642,21.113914,21.113914,20.958221,21.062057,20.940895,20.750122,20.923576,21.079346,20.854233,20.975533,20.628487,20.802200,20.888908,20.836899,20.750122,20.906242,20.836899,20.784843,20.680634,20.611084,20.576286,20.489220,20.506645,20.506645,20.558884,20.262413,20.419502,20.384621,20.524055,20.489220,20.454369,20.593697,20.663254,20.454369,20.871582,20.802200,20.940895,20.819542,20.940895,21.044754,21.010155,20.923576,21.027458,20.923576,20.854233,20.906242,20.836899,20.767487,20.611084,20.628487,20.506645,20.454369,20.489220,20.349724,20.558884,20.314804,20.349724,20.209976,20.069977,20.174995,20.332268,20.192490,20.052460,20.017418,20.052460,19.947273,19.982353,19.947273,19.754082,19.595665,19.718910,19.525154,19.666115,19.419281,19.472237,19.613289,19.630898,19.295586,19.348618,19.260208,19.224815,19.224815,19.100807,19.047615,19.207108,19.083084,18.887802,19.029869,18.905579,18.727684,18.549400,18.334953,18.209602,18.084076,17.886406,17.670250,17.381157,16.891090,16.727104,16.416496,16.251610,15.865646,15.736610,15.366905,15.533455,15.162895,15.440964,15.218575,15.125755,14.995636,15.237137,14.958420,15.181458,15.218575,15.107178,15.032837,15.237137,15.162895,15.107178,15.311302,15.181458,15.255684,15.162895,14.977043,15.200020,15.051422,15.125755,15.107178,15.070015,14.939812,15.162895,15.032837,15.162895,15.218575,15.181458,14.995636,15.144333,15.070015,15.237137,14.995636,15.014244,15.200020,15.162895,14.958420,14.958420,14.883965,14.958420,14.846703,14.958420,14.977043,15.051422,14.790794,15.014244,15.088600,14.921196,14.958420,14.921196,14.753487,14.995636,15.014244,14.902580,14.753487,14.865326,14.790794,15.070015,14.846703,14.921196,14.921196,14.828064,14.716171,14.921196,14.809425,14.902580,14.660179,14.734833,15.070015,15.014244,14.921196,15.070015,14.865326,14.865326,14.958420,14.939812,14.846703,14.790794,15.014244,14.772133,14.921196,14.716171,14.734833,14.865326,14.828064,14.809425,14.716171,14.865326,14.790794,14.772133,14.902580,14.641502,14.883965,14.697517,14.753487,14.902580,14.660179,14.566772,14.678848,14.790794,14.790794,14.772133,14.846703,14.846703,14.939812,14.753487,14.958420,14.734833,14.939812,14.939812,14.660179,14.865326,14.921196,15.107178,14.902580,14.939812,14.865326,14.902580,14.865326,15.032837,14.753487,15.014244,14.828064,15.032837,14.883965,14.977043,14.846703,14.977043,14.828064,15.051422,15.014244,15.144333,15.051422,14.977043,14.977043,14.641502,14.995636,14.734833,14.939812,14.883965,14.865326,14.939812,14.828064,14.790794,15.107178,14.697517,14.790794,15.014244,14.939812,14.977043,15.032837,14.995636,14.958420,15.070015,15.200020,15.181458,14.921196,15.311302,15.162895,15.032837,15.014244,14.921196,15.181458,15.107178,14.790794,14.809425,14.865326,14.846703,14.958420,14.902580,14.939812,14.846703,14.865326,14.902580,15.051422,14.958420,15.162895,15.014244,14.865326,14.921196,14.828064,14.846703,14.865326,15.032837,14.883965,14.828064,15.070015,14.865326,14.828064,14.883965,14.809425,14.865326,14.939812,14.790794,14.846703,14.809425,14.753487,14.939812,14.772133,14.790794,14.772133,14.809425,14.660179,14.697517,14.772133,14.772133,14.902580,14.641502,14.772133,14.828064,14.772133,14.902580,14.772133,14.660179,14.641502,14.902580,14.660179,14.828064,14.660179,14.660179,14.902580,14.641502,14.902580,14.697517,14.865326,14.660179,14.753487,14.902580,14.660179,14.846703,14.753487,14.660179,14.678848,14.977043,14.883965,14.939812,14.716171,14.995636,14.939812,14.716171,14.753487,14.865326,14.772133,14.865326,14.772133,14.753487,14.809425,14.548080,14.809425,14.660179,14.995636,14.697517,14.883965,14.753487,14.790794,14.902580,14.753487,15.088600,15.070015,14.939812,14.828064,15.032837,14.939812,14.977043,14.958420,15.144333,14.939812,15.032837,14.865326,14.939812,14.958420,14.865326,14.772133,14.939812,14.828064,14.939812,15.070015,15.144333,15.032837,15.218575,15.181458,14.958420,15.181458,15.014244,15.162895,15.088600,15.200020,15.292770,
15.699715,15.292770,15.644325,15.551949,15.440964,15.477974,15.422462,15.403938,15.570435,15.607391,15.496475,15.570435,15.551949,15.403938,15.533455,15.403938,15.422462,15.514977,15.533455,15.274223,15.200020,15.181458,15.440964,15.366905,15.366905,15.459480,15.644325,15.994492,16.012886,16.416496,16.489677,16.982056,17.181839,17.417351,17.940361,18.263351,18.388626,18.834473,18.727684,19.065346,19.330948,19.224815,19.542793,19.260208,19.366287,19.419281,19.472237,19.436943,19.507530,19.454590,19.630898,19.630898,19.718910,19.578049,19.666115,19.683716,19.560417,19.736496,19.859520,19.824394,19.841957,19.894638,19.754082,19.806816,19.947273,19.947273,19.877083,19.771667,19.701309,19.999893,19.894638,19.999893,19.841957,19.701309,19.841957,20.034943,19.999893,19.806816,19.912178,19.999893,20.017418,19.999893,19.999893,20.157509,19.999893,19.964821,20.174995,19.929733,19.912178,20.052460,19.824394,19.912178,19.982353,19.859520,19.754082,19.929733,19.789246,19.859520,19.754082,20.105003,20.140007,19.929733,20.157509,20.279877,20.611084,20.558884,20.593697,20.802200,20.836899,20.854233,20.906242,21.131203,20.906242,21.165756,21.113914,21.096642,21.252068,21.148476,21.234810,20.923576,21.165756,21.234810,21.269310,21.165756,21.407181,21.407181,21.424393,21.579163,21.407181,21.441612,21.424393,21.372734,21.493217,21.286568,21.441612,21.441612,21.303802,21.389961,21.252068,21.234810,21.165756,21.200287,21.183029,21.131203,21.441612,21.200287,21.217552,21.269310,21.234810,21.389961,21.148476,21.200287,21.027458,21.010155,21.079346,21.113914,21.148476,21.044754,21.062057,20.975533,20.836899,20.715385,20.593697,20.854233,20.819542,20.802200,20.871582,20.940895,21.062057,21.010155,21.062057,21.027458,21.200287,21.062057,21.096642,21.458817,21.407181,21.338272,21.303802,21.407181,21.269310,21.234810,21.303802,21.579163,21.441612,21.424393,21.269310,21.476021,21.338272,21.372734,21.407181,21.544792,21.389961,21.286568,21.338272,21.458817,21.579163,21.493217,21.407181,21.527603,21.252068,21.321045,21.234810,21.544792,21.476021,21.493217,21.510414,21.665016,21.767891,21.665016,21.682167,21.596336,21.613518,21.733620,21.990349,21.887764,21.750755,21.973259,21.887764,21.939064,21.973259,21.853539,21.870644,21.785027,21.870644,21.956161,22.024513,21.767891,21.887764,21.904861,21.665016,21.682167,21.613518,21.733620,21.699318,21.561981,21.579163,21.561981,21.544792,21.252068,21.303802,21.113914,21.131203,21.044754,21.079346,21.044754,20.854233,20.975533,20.871582,21.062057,20.750122,20.975533,20.940895,21.010155,20.819542,20.940895,20.767487,20.819542,20.750122,20.871582,20.663254,20.819542,20.750122,20.715385,20.663254,20.471802,20.349724,20.506645,20.645866,20.367180,20.367180,20.332268,20.524055,20.367180,20.524055,20.593697,20.645866,20.489220,20.698021,20.871582,20.958221,21.044754,21.113914,21.027458,20.784843,20.923576,21.079346,20.906242,20.819542,20.732758,20.923576,20.698021,20.802200,20.715385,20.454369,20.576286,20.524055,20.576286,20.367180,20.332268,20.454369,20.297348,20.314804,20.332268,20.279877,20.332268,20.017418,20.209976,20.034943,19.999893,19.999893,19.982353,19.841957,19.806816,19.666115,19.683716,19.701309,19.560417,19.613289,19.525154,19.595665,19.436943,19.489883,19.489883,19.242508,19.277893,19.189407,19.100807,19.207108,19.100807,19.153984,18.976631,18.852249,18.887802,18.816673,18.549400,18.549400,18.119965,17.976311,18.048164,17.598068,17.363060,17.036591,16.654121,16.416496,16.086403,15.920883,15.533455,15.422462,15.514977,15.385422,15.255684,15.181458,15.125755,15.200020,15.051422,15.051422,15.181458,15.107178,15.144333,15.070015,15.088600,15.088600,15.107178,15.070015,15.274223,15.032837,15.181458,15.107178,15.200020,15.125755,15.274223,15.107178,15.200020,15.181458,15.218575,15.032837,15.088600,15.162895,15.014244,15.032837,15.125755,15.032837,15.051422,15.218575,15.125755,15.088600,15.014244,15.051422,15.200020,14.958420,15.125755,15.088600,15.051422,15.014244,14.995636,14.958420,14.921196,14.865326,14.958420,14.790794,15.014244,14.865326,14.828064,14.883965,14.958420,14.846703,14.828064,14.902580,14.809425,14.883965,14.790794,14.790794,14.846703,14.809425,14.828064,14.883965,14.883965,14.809425,14.828064,14.902580,15.107178,15.014244,14.977043,14.697517,14.865326,14.902580,15.070015,14.790794,14.883965,14.958420,14.958420,14.622826,14.828064,14.921196,14.790794,14.772133,14.790794,14.921196,14.828064,14.846703,14.790794,14.790794,14.734833,14.772133,14.902580,14.865326,14.828064,14.809425,14.566772,14.585457,14.716171,14.772133,14.921196,14.921196,14.846703,14.734833,14.883965,14.828064,14.716171,14.809425,14.772133,14.921196,14.772133,14.716171,14.846703,14.921196,15.014244,15.014244,14.902580,15.051422,14.921196,15.125755,15.181458,14.958420,14.977043,14.939812,14.828064,15.181458,14.865326,14.958420,15.051422,14.865326,15.014244,14.995636,14.883965,15.070015,14.790794,14.958420,14.939812,14.921196,14.939812,14.902580,14.828064,14.828064,14.921196,14.846703,15.032837,14.846703,14.902580,14.790794,14.977043,14.790794,15.070015,15.181458,15.107178,14.995636,15.218575,15.070015,15.088600,15.200020,15.162895,14.977043,15.051422,14.716171,14.977043,14.753487,14.809425,14.716171,14.828064,14.977043,14.678848,14.772133,15.107178,14.734833,14.865326,15.014244,15.014244,14.697517,15.014244,14.883965,15.162895,14.828064,15.255684,15.014244,14.977043,14.995636,14.902580,14.846703,14.977043,14.828064,14.846703,14.809425,14.939812,14.865326,14.790794,14.828064,14.790794,14.809425,14.790794,14.883965,15.088600,14.566772,14.846703,14.753487,14.921196,14.716171,14.753487,14.641502,14.977043,14.790794,14.753487,14.660179,14.753487,14.772133,14.790794,14.772133,14.809425,14.604141,14.921196,14.846703,15.014244,14.809425,14.790794,14.678848,14.828064,14.678848,14.697517,14.641502,14.716171,14.809425,14.734833,14.604141,15.107178,15.032837,14.865326,14.772133,14.678848,14.809425,14.846703,14.921196,14.772133,14.865326,15.181458,14.846703,14.883965,14.995636,14.939812,14.865326,14.734833,14.883965,14.753487,14.622826,14.865326,14.883965,14.697517,14.902580,14.921196,14.846703,14.828064,14.772133,15.032837,15.032837,14.977043,15.051422,14.641502,14.772133,14.865326,14.939812,15.070015,15.125755,15.144333,14.977043,15.125755,15.051422,15.107178,14.846703,14.977043,15.014244,15.200020,14.902580,15.070015,14.846703,14.865326,15.162895,15.162895,15.292770,14.828064,15.292770,15.070015,
15.607391,15.570435,15.459480,15.329842,15.440964,15.459480,15.625862,15.477974,15.533455,15.403938,15.551949,15.533455,15.366905,15.644325,15.570435,15.551949,15.403938,15.403938,15.477974,15.440964,15.274223,15.459480,15.255684,15.477974,15.440964,15.662788,15.662788,15.736610,15.736610,16.306610,16.471397,17.018410,16.945679,17.760384,17.868416,18.352852,18.513702,18.674240,18.976631,18.709869,19.171692,19.277893,19.153984,19.419281,19.295586,19.489883,19.330948,19.472237,19.489883,19.489883,19.718910,19.595665,19.578049,19.630898,19.648506,19.736496,19.718910,19.630898,19.841957,19.824394,19.525154,19.877083,19.841957,19.683716,19.789246,19.999893,20.087494,19.806816,19.877083,19.824394,19.666115,19.947273,19.877083,19.841957,19.824394,19.982353,19.824394,19.877083,19.999893,19.947273,19.912178,20.140007,19.789246,19.964821,19.947273,20.140007,19.894638,20.122513,19.912178,20.017418,19.859520,19.754082,19.736496,19.912178,19.912178,19.736496,19.912178,19.841957,19.789246,19.999893,20.017418,20.087494,20.402061,20.262413,20.332268,20.367180,20.384621,20.524055,20.854233,20.802200,20.802200,20.836899,20.906242,20.975533,21.044754,21.027458,21.062057,21.027458,21.010155,20.992851,21.148476,21.269310,21.269310,21.200287,21.131203,21.493217,21.303802,21.372734,21.200287,21.217552,21.338272,21.131203,21.234810,21.355507,21.113914,21.269310,21.183029,21.389961,21.303802,21.303802,21.044754,21.113914,21.165756,21.389961,21.200287,21.372734,21.338272,21.183029,21.252068,21.200287,21.303802,20.975533,20.906242,21.062057,21.079346,20.923576,20.715385,20.923576,20.992851,20.871582,20.923576,20.645866,20.593697,20.628487,20.645866,20.784843,20.750122,20.836899,20.940895,20.923576,21.113914,20.992851,21.131203,21.200287,21.200287,21.355507,21.234810,21.493217,21.200287,21.338272,21.165756,21.476021,21.372734,21.424393,21.338272,21.527603,21.286568,21.286568,21.355507,21.389961,21.269310,21.355507,21.458817,21.441612,21.338272,21.424393,21.355507,21.389961,21.441612,21.407181,21.389961,21.269310,21.303802,21.321045,21.458817,21.493217,21.561981,21.733620,21.733620,21.561981,21.596336,21.561981,21.476021,21.493217,21.767891,21.904861,21.836411,21.853539,21.853539,21.921967,21.956161,21.870644,21.630684,21.802162,21.853539,21.921967,21.939064,22.024513,21.733620,21.733620,21.613518,21.665016,21.630684,21.819290,21.476021,21.458817,21.493217,21.441612,21.355507,21.321045,21.148476,21.338272,21.131203,21.113914,20.854233,21.148476,21.027458,20.802200,20.854233,20.888908,20.958221,20.940895,20.975533,20.958221,21.027458,20.888908,20.888908,20.836899,20.732758,20.628487,20.750122,20.732758,20.611084,20.645866,20.506645,20.576286,20.454369,20.367180,20.471802,20.367180,20.332268,20.454369,20.419502,20.367180,20.593697,20.558884,20.489220,20.732758,20.715385,20.715385,20.819542,20.802200,20.888908,20.836899,20.836899,20.732758,20.732758,20.836899,20.784843,20.836899,20.975533,20.611084,20.680634,20.611084,20.367180,20.541473,20.419502,20.593697,20.244934,20.384621,20.192490,20.209976,20.332268,20.157509,20.140007,20.017418,19.877083,20.174995,19.912178,19.964821,20.052460,19.877083,19.894638,19.859520,19.683716,19.789246,19.613289,19.630898,19.595665,19.348618,19.436943,19.436943,19.542793,19.313263,19.383957,19.189407,19.083084,19.189407,18.976631,18.905579,18.976631,18.976631,18.923340,18.602928,18.923340,18.709869,18.531555,18.084076,18.263351,17.706314,17.616119,17.399261,17.109245,16.872887,16.416496,16.159874,15.755058,15.607391,15.496475,15.366905,15.181458,15.311302,15.218575,15.088600,15.088600,15.181458,15.162895,15.218575,15.274223,15.292770,15.311302,15.107178,15.162895,15.070015,15.070015,15.255684,15.107178,15.051422,15.162895,15.125755,15.088600,15.014244,15.051422,14.977043,15.125755,15.292770,15.181458,15.162895,15.070015,15.181458,15.014244,15.162895,14.939812,15.274223,15.181458,14.995636,15.051422,14.902580,14.977043,15.162895,15.162895,14.995636,15.070015,14.921196,14.939812,14.883965,14.921196,14.958420,14.753487,15.051422,14.958420,14.790794,15.144333,15.051422,14.809425,14.790794,14.790794,14.846703,14.828064,15.032837,14.902580,14.753487,14.865326,14.809425,14.902580,14.790794,14.828064,14.939812,14.846703,14.828064,14.977043,14.846703,14.753487,14.958420,14.660179,14.883965,14.977043,15.014244,14.772133,14.995636,14.697517,14.716171,14.716171,14.828064,14.790794,14.883965,14.790794,14.734833,14.790794,14.828064,14.772133,14.883965,14.790794,14.846703,14.939812,14.622826,14.939812,14.697517,14.660179,14.883965,14.678848,14.734833,14.697517,14.734833,14.678848,14.902580,14.883965,15.014244,14.809425,14.716171,14.883965,14.790794,14.846703,14.790794,14.846703,14.902580,15.070015,15.237137,14.846703,14.865326,15.070015,14.865326,14.883965,14.977043,14.995636,15.070015,14.865326,14.939812,15.144333,14.902580,15.144333,14.809425,15.125755,15.032837,14.958420,15.032837,14.809425,14.828064,14.958420,14.809425,14.865326,14.772133,14.846703,14.902580,14.902580,15.014244,14.921196,14.734833,14.790794,14.772133,14.977043,15.162895,15.070015,14.995636,15.107178,14.958420,14.995636,15.088600,15.181458,14.939812,15.088600,14.958420,14.958420,14.790794,15.070015,14.958420,14.883965,14.809425,14.828064,14.902580,14.939812,14.958420,14.697517,14.939812,14.939812,14.977043,14.772133,14.977043,14.734833,14.958420,15.162895,15.200020,15.014244,14.902580,15.051422,15.125755,14.660179,14.958420,14.865326,14.921196,14.660179,14.846703,14.958420,14.828064,14.921196,14.958420,14.772133,14.828064,14.883965,14.977043,14.753487,15.088600,14.846703,14.734833,14.734833,14.734833,14.846703,14.846703,14.753487,14.790794,14.865326,14.883965,14.734833,14.828064,14.604141,14.641502,14.753487,14.828064,14.846703,14.660179,14.772133,14.809425,14.641502,14.716171,14.846703,14.734833,14.604141,15.014244,14.828064,14.716171,14.734833,14.809425,14.790794,14.995636,14.939812,14.790794,14.883965,14.734833,14.828064,14.921196,14.622826,14.828064,14.772133,14.902580,14.995636,14.548080,14.977043,14.734833,14.883965,14.790794,15.051422,14.734833,14.697517,14.958420,14.809425,14.846703,14.958420,14.883965,14.846703,14.772133,14.865326,14.846703,15.181458,14.958420,14.883965,15.088600,15.032837,14.846703,14.883965,15.051422,15.051422,15.014244,14.809425,15.032837,14.828064,14.828064,14.865326,14.716171,15.070015,15.144333,15.051422,15.162895,14.753487,14.977043,14.902580,15.181458,15.088600,15.107178,15.144333,15.237137,
15.755058,15.588913,15.348373,15.533455,15.329842,15.514977,15.496475,15.422462,15.422462,15.477974,15.329842,15.625862,15.644325,15.403938,15.570435,15.533455,15.385422,15.181458,15.237137,15.440964,15.237137,15.274223,15.440964,15.274223,15.514977,15.644325,15.607391,15.755058,16.214928,16.104774,16.708862,16.763573,17.072929,17.688278,17.688278,18.155830,18.549400,18.638596,18.834473,19.083084,19.153984,19.366287,19.100807,19.383957,19.383957,19.330948,19.348618,19.401619,19.454590,19.560417,19.613289,19.507530,19.595665,19.789246,19.648506,19.666115,19.666115,19.595665,19.789246,19.754082,19.648506,19.754082,19.613289,19.754082,19.613289,19.789246,19.912178,19.754082,19.824394,19.771667,19.824394,19.859520,20.017418,19.982353,19.859520,19.912178,19.859520,19.982353,19.859520,20.087494,19.929733,20.105003,20.017418,19.947273,19.877083,19.999893,19.912178,19.982353,19.613289,19.964821,19.877083,20.052460,19.859520,19.859520,19.859520,20.052460,20.017418,19.929733,19.912178,19.999893,20.140007,20.157509,20.105003,20.227455,20.489220,20.349724,20.524055,20.593697,20.784843,20.732758,20.784843,20.767487,20.819542,20.767487,20.836899,20.958221,20.871582,21.148476,21.079346,20.888908,21.286568,21.303802,21.217552,21.303802,21.131203,21.269310,21.441612,21.372734,21.424393,21.321045,21.596336,21.476021,21.355507,21.252068,21.355507,21.303802,21.303802,21.303802,21.234810,21.303802,21.044754,21.217552,21.183029,21.200287,21.165756,21.183029,21.234810,21.338272,21.200287,21.183029,21.113914,21.062057,21.010155,21.062057,20.888908,21.148476,21.044754,20.819542,20.836899,20.906242,20.836899,20.645866,20.663254,20.802200,20.784843,20.732758,20.802200,20.906242,20.958221,20.992851,20.819542,20.975533,21.010155,20.958221,20.975533,21.183029,21.131203,21.148476,21.200287,21.269310,21.113914,21.286568,21.183029,21.303802,21.148476,21.165756,21.217552,21.252068,21.252068,21.303802,21.372734,21.424393,21.389961,21.338272,21.321045,21.441612,21.269310,21.389961,21.355507,21.148476,21.338272,21.476021,21.441612,21.372734,21.355507,21.389961,21.389961,21.510414,21.613518,21.441612,21.458817,21.665016,21.596336,21.561981,21.613518,21.613518,21.665016,21.921967,21.767891,21.802162,21.682167,21.921967,21.699318,21.870644,21.956161,21.716469,21.819290,21.939064,21.665016,21.630684,21.733620,21.767891,21.441612,21.527603,21.527603,21.321045,21.493217,21.183029,21.252068,21.165756,21.096642,21.027458,21.010155,21.062057,20.992851,21.079346,20.923576,20.958221,20.923576,20.888908,20.871582,20.958221,20.888908,20.784843,21.044754,20.958221,20.819542,21.027458,20.888908,20.767487,20.680634,20.698021,20.732758,20.558884,20.645866,20.367180,20.349724,20.262413,20.349724,20.471802,20.367180,20.489220,20.402061,20.227455,20.419502,20.436943,20.558884,20.645866,20.715385,20.750122,20.958221,20.802200,20.923576,20.732758,20.836899,20.871582,20.802200,20.784843,20.784843,20.802200,20.854233,20.628487,20.524055,20.524055,20.541473,20.506645,20.279877,20.489220,20.436943,20.367180,20.314804,20.174995,20.174995,20.262413,20.157509,19.912178,20.174995,20.069977,19.929733,20.140007,19.912178,19.877083,19.789246,19.841957,19.824394,19.718910,19.613289,19.507530,19.560417,19.419281,19.383957,19.472237,19.242508,19.260208,19.100807,19.047615,19.295586,19.047615,19.083084,19.012123,18.923340,18.887802,18.763298,18.816673,18.638596,18.531555,18.352852,18.352852,17.850410,17.922386,17.561958,17.363060,17.036591,16.599342,16.398201,16.031273,15.865646,15.570435,15.440964,15.218575,15.292770,15.329842,15.200020,15.292770,14.958420,15.218575,15.218575,15.181458,15.162895,15.237137,15.218575,15.200020,15.181458,15.051422,15.107178,15.125755,15.292770,15.162895,15.255684,15.237137,15.181458,15.200020,15.125755,15.107178,15.255684,15.162895,15.218575,15.088600,15.107178,15.311302,15.144333,15.181458,15.014244,15.051422,15.107178,15.107178,15.181458,14.902580,14.828064,15.162895,15.144333,14.977043,14.939812,14.939812,15.014244,14.995636,15.144333,14.939812,14.977043,14.809425,14.716171,14.921196,14.809425,15.014244,14.958420,14.958420,14.883965,15.051422,14.939812,14.939812,14.977043,15.032837,14.828064,14.772133,14.846703,14.865326,14.939812,14.958420,15.014244,14.977043,14.772133,14.846703,14.846703,14.883965,14.977043,14.734833,14.809425,14.790794,14.883965,14.939812,14.883965,14.995636,14.902580,14.734833,14.883965,14.753487,14.734833,14.958420,14.641502,14.548080,14.772133,14.772133,14.865326,14.734833,14.883965,14.883965,14.622826,14.846703,14.865326,14.753487,14.753487,14.846703,14.753487,14.902580,14.846703,14.939812,14.828064,14.790794,15.014244,14.921196,14.902580,14.902580,14.958420,14.865326,14.977043,14.865326,14.958420,14.846703,14.958420,14.977043,14.977043,14.958420,15.070015,14.995636,14.958420,15.014244,14.790794,14.977043,14.939812,14.977043,14.995636,14.939812,15.070015,14.958420,14.753487,15.051422,14.790794,15.070015,14.772133,15.014244,14.883965,14.716171,14.902580,14.697517,14.828064,14.883965,14.622826,14.753487,14.921196,14.883965,14.921196,14.921196,14.958420,15.051422,15.181458,15.032837,15.144333,15.274223,15.218575,14.958420,15.255684,15.125755,15.107178,14.958420,14.772133,14.865326,14.902580,14.772133,14.883965,14.883965,14.902580,14.846703,14.939812,14.809425,14.865326,14.846703,14.753487,14.828064,15.070015,15.032837,14.865326,15.218575,14.902580,14.921196,14.809425,15.032837,14.772133,14.958420,14.995636,14.921196,14.753487,14.828064,14.958420,14.902580,14.790794,14.883965,14.883965,14.828064,14.939812,14.790794,14.939812,14.977043,14.697517,14.921196,14.790794,14.809425,14.772133,14.883965,14.716171,14.790794,14.772133,14.604141,14.921196,14.622826,14.846703,14.753487,14.790794,14.697517,14.902580,14.753487,14.510681,14.772133,15.051422,14.790794,14.734833,14.772133,14.753487,14.939812,14.734833,14.678848,14.809425,14.734833,14.828064,14.865326,14.902580,14.828064,14.641502,14.977043,14.809425,14.921196,14.902580,14.716171,15.051422,14.846703,14.641502,14.678848,14.678848,14.902580,14.772133,14.660179,14.902580,14.865326,14.902580,14.772133,14.977043,14.697517,14.902580,14.865326,14.753487,14.995636,14.622826,14.958420,14.902580,15.032837,14.846703,15.070015,15.032837,15.200020,15.051422,14.921196,14.809425,14.921196,14.809425,15.088600,15.255684,15.255684,14.939812,14.977043,14.958420,15.255684,14.977043,14.921196,14.977043,15.107178,15.032837,15.051422,15.237137,15.144333,14.995636,15.218575,
15.625862,15.274223,15.440964,15.496475,15.570435,15.514977,15.477974,15.588913,15.551949,15.403938,15.644325,15.736610,15.551949,15.588913,15.366905,15.755058,15.514977,15.292770,15.514977,15.348373,15.477974,15.348373,15.403938,15.514977,15.422462,15.459480,15.644325,15.496475,15.957695,16.306610,16.599342,16.963875,17.181839,17.580009,17.706314,18.102013,18.263351,18.638596,18.976631,18.994377,19.348618,19.366287,19.419281,19.277893,19.313263,19.207108,19.436943,19.401619,19.507530,19.578049,19.401619,19.683716,19.525154,19.595665,19.525154,19.683716,19.542793,19.683716,19.701309,19.595665,19.630898,19.666115,19.841957,19.754082,19.736496,19.701309,19.701309,19.736496,19.648506,19.630898,19.648506,19.718910,19.824394,19.648506,19.841957,19.754082,19.912178,19.859520,19.929733,19.877083,19.789246,19.929733,20.157509,19.824394,19.789246,19.859520,19.964821,20.174995,19.771667,19.877083,19.947273,19.859520,19.841957,19.912178,20.157509,19.789246,19.947273,19.789246,19.806816,20.122513,19.877083,20.140007,20.349724,20.069977,20.332268,20.402061,20.419502,20.611084,20.576286,20.645866,20.698021,20.767487,20.645866,20.906242,20.593697,20.698021,20.940895,20.871582,20.940895,21.062057,21.027458,21.027458,20.732758,21.286568,21.183029,21.131203,21.338272,21.303802,21.217552,21.183029,21.338272,21.441612,21.234810,21.113914,21.079346,21.183029,21.044754,21.044754,21.200287,20.992851,20.958221,21.200287,21.044754,21.217552,21.183029,21.303802,21.131203,21.200287,21.217552,21.096642,21.217552,20.906242,21.217552,21.010155,20.871582,20.906242,20.958221,20.975533,20.558884,20.871582,20.628487,20.576286,20.593697,20.506645,20.593697,20.906242,20.698021,20.940895,20.958221,20.836899,20.836899,20.940895,20.923576,21.113914,21.027458,21.183029,21.148476,21.079346,21.165756,20.923576,20.992851,21.096642,20.992851,21.183029,21.010155,21.113914,21.044754,21.355507,21.131203,21.079346,21.252068,21.269310,21.269310,21.338272,21.252068,21.234810,21.269310,21.217552,21.200287,21.217552,20.975533,21.096642,21.424393,21.165756,21.424393,21.407181,21.527603,21.476021,21.286568,21.458817,21.596336,21.407181,21.699318,21.647850,21.561981,21.802162,21.699318,21.493217,21.699318,21.853539,21.819290,21.716469,21.887764,21.785027,21.836411,21.716469,21.802162,21.716469,21.665016,21.527603,21.682167,21.510414,21.372734,21.372734,21.407181,21.389961,21.303802,21.338272,21.044754,21.027458,21.096642,21.027458,21.027458,21.131203,20.906242,20.958221,20.940895,20.836899,20.628487,20.819542,20.715385,20.975533,20.836899,20.906242,20.767487,20.940895,20.854233,20.923576,20.732758,20.958221,20.819542,20.767487,20.750122,20.680634,20.541473,20.593697,20.628487,20.367180,20.297348,20.244934,20.332268,20.471802,20.454369,20.367180,20.402061,20.593697,20.524055,20.471802,20.436943,20.645866,20.715385,20.750122,20.836899,20.767487,20.802200,20.784843,20.715385,20.906242,20.871582,20.593697,20.732758,20.524055,20.628487,20.663254,20.576286,20.558884,20.524055,20.297348,20.402061,20.244934,20.244934,20.262413,20.349724,20.262413,20.122513,20.017418,19.999893,19.982353,20.157509,19.859520,19.929733,19.894638,19.736496,19.806816,19.789246,19.666115,19.754082,19.595665,19.419281,19.489883,19.560417,19.366287,19.348618,19.348618,19.366287,19.136261,19.136261,19.118538,18.923340,19.171692,19.083084,18.923340,18.905579,18.781090,18.638596,18.531555,18.513702,18.388626,17.994278,17.652206,17.706314,17.272507,16.854668,16.781799,16.453102,16.159874,15.884071,15.773499,15.607391,15.348373,15.218575,15.237137,15.070015,15.032837,15.088600,15.181458,15.181458,15.125755,15.144333,15.218575,15.311302,15.144333,15.311302,15.162895,15.181458,15.014244,15.311302,15.107178,15.162895,15.237137,15.200020,15.162895,15.107178,15.162895,15.107178,15.032837,15.032837,15.107178,14.977043,15.107178,15.292770,15.014244,15.181458,15.200020,14.958420,15.329842,15.107178,15.051422,15.070015,15.125755,14.846703,14.939812,15.014244,14.958420,14.977043,14.883965,14.846703,14.921196,15.014244,14.902580,14.939812,14.846703,14.865326,14.902580,14.846703,14.753487,14.809425,14.865326,14.995636,14.734833,14.902580,14.921196,14.809425,15.051422,14.790794,14.865326,14.846703,14.902580,14.865326,14.958420,14.902580,14.846703,14.716171,15.070015,14.902580,14.865326,14.902580,14.865326,14.977043,14.678848,14.772133,14.772133,14.846703,14.883965,14.995636,14.734833,14.846703,14.734833,14.622826,14.790794,14.846703,14.865326,14.716171,14.828064,14.809425,14.716171,14.604141,14.828064,14.622826,14.716171,14.809425,14.753487,14.846703,14.828064,14.921196,14.883965,14.958420,14.977043,14.846703,14.790794,14.809425,14.865326,14.995636,14.716171,15.051422,14.958420,14.995636,15.014244,14.939812,14.977043,14.977043,15.107178,15.051422,15.088600,15.032837,15.014244,15.051422,15.051422,15.107178,15.014244,14.846703,14.958420,14.977043,15.070015,15.051422,15.070015,15.014244,14.753487,14.977043,15.218575,14.697517,14.921196,14.865326,14.809425,14.790794,14.977043,14.828064,14.883965,14.790794,14.865326,15.070015,14.995636,14.921196,15.162895,15.070015,15.255684,15.051422,15.237137,15.014244,14.939812,15.014244,15.162895,14.809425,14.753487,14.809425,14.977043,14.790794,14.921196,14.865326,14.660179,14.753487,14.865326,14.883965,14.846703,15.107178,14.846703,15.032837,14.865326,14.995636,14.939812,14.865326,15.014244,15.070015,15.014244,14.958420,15.014244,14.846703,14.883965,14.753487,14.622826,14.921196,14.977043,14.846703,15.032837,14.883965,14.678848,14.790794,14.902580,14.977043,14.902580,14.883965,14.846703,15.070015,14.716171,14.790794,14.995636,14.753487,14.995636,14.716171,14.828064,14.846703,14.883965,14.865326,14.772133,14.660179,14.902580,14.772133,14.753487,14.772133,14.678848,14.660179,14.902580,14.790794,14.828064,14.790794,14.828064,14.772133,14.716171,14.790794,14.902580,14.809425,14.939812,14.865326,14.939812,15.051422,14.846703,14.790794,14.958420,14.865326,14.809425,14.753487,14.772133,14.753487,14.939812,14.790794,14.678848,14.902580,14.716171,14.883965,14.865326,14.716171,14.883965,14.865326,14.790794,14.734833,14.809425,14.809425,14.828064,14.902580,14.828064,14.958420,14.921196,14.809425,15.088600,14.790794,15.107178,14.828064,14.939812,15.070015,15.144333,14.902580,14.921196,14.939812,14.977043,14.828064,14.958420,15.051422,14.865326,15.237137,14.902580,14.921196,14.977043,15.162895,14.995636,15.218575,15.274223,15.088600,15.107178,15.162895,15.348373,
15.920883,15.570435,15.403938,15.403938,15.662788,15.773499,15.496475,15.514977,15.366905,15.496475,15.681252,15.588913,15.348373,15.181458,15.514977,15.496475,15.607391,15.570435,15.403938,15.274223,15.237137,15.422462,15.200020,15.570435,15.551949,15.588913,15.828796,15.681252,15.791931,16.288277,16.544525,16.891090,17.163704,17.580009,17.706314,18.012245,18.227524,18.424385,18.852249,18.887802,19.153984,19.242508,19.242508,19.436943,19.348618,19.224815,19.595665,19.207108,19.489883,19.472237,19.630898,19.595665,19.578049,19.454590,19.525154,19.525154,19.507530,19.648506,19.701309,19.648506,19.771667,19.841957,19.683716,19.718910,19.824394,19.718910,19.736496,19.806816,19.560417,19.718910,19.595665,19.771667,19.595665,19.595665,19.701309,19.736496,19.771667,19.754082,19.771667,19.789246,19.947273,19.929733,19.841957,19.841957,19.841957,19.999893,19.754082,19.929733,20.052460,19.999893,19.877083,19.824394,19.929733,19.771667,19.964821,19.929733,19.877083,19.947273,19.894638,19.964821,20.017418,20.087494,20.244934,20.279877,20.034943,20.209976,20.384621,20.244934,20.419502,20.419502,20.576286,20.645866,20.645866,20.732758,20.680634,20.715385,20.750122,20.836899,20.732758,20.923576,20.906242,20.871582,20.888908,21.183029,21.252068,21.113914,21.010155,21.183029,21.217552,21.062057,21.269310,21.269310,20.958221,21.252068,21.148476,21.079346,20.958221,21.269310,20.975533,21.079346,21.027458,21.165756,21.062057,21.096642,21.062057,21.044754,21.010155,20.923576,21.183029,21.217552,21.079346,21.148476,21.027458,21.096642,20.923576,20.940895,20.888908,20.923576,20.698021,20.836899,20.576286,20.645866,20.680634,20.871582,20.750122,20.663254,20.715385,20.854233,20.802200,20.784843,20.819542,20.923576,20.802200,20.923576,20.732758,20.888908,20.975533,20.992851,20.923576,21.113914,20.940895,21.113914,20.958221,20.888908,21.044754,21.062057,21.096642,21.079346,21.027458,21.148476,20.975533,21.027458,21.027458,21.234810,21.079346,21.148476,21.269310,21.165756,21.183029,21.303802,21.338272,21.217552,21.389961,21.113914,21.217552,21.389961,21.389961,21.165756,21.252068,21.527603,21.321045,21.527603,21.441612,21.476021,21.493217,21.750755,21.579163,21.321045,21.579163,21.596336,21.733620,21.544792,21.750755,21.579163,21.579163,21.785027,21.716469,21.870644,21.682167,21.458817,21.389961,21.493217,21.165756,21.217552,21.389961,21.148476,21.165756,21.113914,21.079346,20.992851,21.079346,21.044754,20.871582,20.888908,20.784843,21.010155,20.871582,20.750122,20.767487,20.802200,20.784843,20.802200,20.819542,20.836899,20.871582,20.854233,20.698021,20.784843,20.767487,20.802200,20.628487,20.611084,20.663254,20.715385,20.680634,20.524055,20.402061,20.384621,20.209976,20.332268,20.367180,20.262413,20.262413,20.436943,20.506645,20.436943,20.471802,20.767487,20.628487,20.663254,20.663254,20.715385,20.888908,20.906242,20.854233,20.732758,20.698021,20.680634,20.524055,20.576286,20.663254,20.593697,20.628487,20.489220,20.558884,20.262413,20.244934,20.157509,20.419502,20.454369,20.262413,20.332268,20.052460,20.069977,20.279877,20.052460,19.947273,19.912178,20.017418,19.964821,19.789246,19.789246,19.841957,19.701309,19.824394,19.736496,19.736496,19.595665,19.666115,19.489883,19.383957,19.489883,19.401619,19.242508,19.083084,19.171692,19.012123,18.976631,18.994377,19.029869,18.958870,19.029869,18.692055,18.745483,18.745483,18.549400,18.352852,18.173759,17.994278,17.742363,17.580009,17.290627,16.927490,16.654121,16.361572,16.012886,15.773499,15.496475,15.588913,15.292770,15.181458,15.200020,15.200020,15.107178,15.181458,15.107178,15.200020,15.014244,14.995636,15.162895,15.070015,15.200020,15.274223,15.274223,14.977043,15.162895,15.051422,15.311302,15.162895,15.070015,15.107178,15.311302,15.181458,15.274223,15.255684,15.125755,15.032837,15.274223,15.162895,15.051422,15.070015,15.218575,14.977043,15.162895,15.144333,14.939812,14.958420,14.921196,15.051422,14.939812,15.051422,15.014244,15.107178,15.051422,14.883965,14.865326,14.902580,14.939812,14.790794,15.032837,14.995636,14.995636,14.958420,15.014244,15.014244,14.809425,14.772133,15.032837,14.939812,14.790794,14.585457,14.883965,14.846703,14.790794,14.977043,14.865326,14.939812,14.641502,14.902580,14.977043,14.697517,14.828064,14.772133,14.865326,14.977043,14.865326,14.753487,14.753487,14.883965,14.809425,14.883965,14.809425,14.772133,14.995636,14.604141,14.753487,14.921196,14.809425,14.828064,14.809425,14.753487,14.865326,14.716171,14.939812,14.809425,14.790794,14.753487,14.697517,14.716171,14.716171,14.902580,14.846703,14.809425,14.883965,14.865326,14.734833,14.753487,14.828064,15.088600,14.902580,14.846703,14.790794,14.809425,15.070015,14.921196,15.051422,14.846703,15.051422,14.883965,14.958420,14.883965,15.051422,14.958420,15.032837,15.014244,14.977043,15.032837,15.051422,14.865326,15.014244,14.921196,14.921196,15.014244,15.014244,15.144333,14.939812,14.958420,14.939812,14.883965,14.977043,14.865326,14.958420,14.939812,14.977043,14.846703,14.977043,15.014244,14.846703,14.977043,14.977043,14.958420,15.032837,14.977043,15.348373,15.255684,15.070015,14.939812,15.162895,15.125755,15.107178,15.051422,15.088600,14.958420,14.902580,14.846703,14.995636,14.939812,15.051422,14.958420,15.032837,14.828064,14.921196,14.716171,14.883965,14.828064,14.883965,14.939812,14.977043,15.070015,14.883965,14.939812,15.144333,14.977043,14.865326,14.958420,15.032837,14.958420,14.883965,15.014244,15.088600,14.790794,14.846703,14.828064,14.958420,14.883965,14.977043,14.697517,14.921196,14.902580,14.939812,14.939812,14.939812,14.995636,14.846703,14.865326,14.939812,14.753487,14.883965,14.790794,14.921196,14.977043,14.902580,14.809425,14.734833,14.902580,14.902580,14.641502,14.772133,14.865326,14.734833,14.809425,14.622826,14.622826,14.697517,14.697517,14.734833,14.697517,14.809425,14.772133,14.809425,14.865326,14.678848,14.809425,14.697517,14.809425,14.883965,14.716171,14.883965,14.772133,14.734833,14.883965,14.846703,14.939812,14.678848,14.697517,14.902580,14.939812,14.753487,15.032837,14.790794,14.790794,14.939812,14.995636,14.753487,14.772133,15.070015,14.921196,14.883965,14.809425,14.548080,15.088600,15.014244,14.995636,15.014244,15.162895,15.107178,14.883965,14.865326,14.921196,15.032837,15.014244,14.958420,14.902580,14.939812,15.125755,14.995636,14.958420,15.070015,15.144333,14.977043,14.995636,14.977043,15.107178,15.051422,15.440964,15.255684,14.865326,15.440964,15.200020,15.144333,
15.828796,15.551949,15.422462,15.514977,15.570435,15.514977,15.403938,15.477974,15.570435,15.440964,15.533455,15.496475,15.403938,15.607391,15.514977,15.514977,15.440964,15.718163,15.218575,15.329842,15.311302,15.329842,15.237137,15.385422,15.459480,15.588913,15.459480,15.847229,16.178230,16.269951,16.526253,16.690620,17.054764,17.561958,17.796410,18.155830,18.299164,18.460121,18.763298,18.834473,18.958870,18.994377,19.118538,19.047615,19.383957,19.260208,19.295586,19.366287,19.277893,19.436943,19.401619,19.436943,19.472237,19.507530,19.754082,19.436943,19.525154,19.560417,19.666115,19.630898,19.525154,19.718910,19.683716,19.789246,19.701309,19.736496,19.578049,19.701309,19.630898,19.507530,19.630898,19.824394,19.806816,19.560417,19.806816,19.648506,19.683716,19.683716,19.789246,19.982353,19.824394,19.648506,19.999893,19.877083,19.841957,19.894638,19.824394,19.982353,19.666115,19.806816,19.718910,19.789246,19.736496,19.841957,19.894638,19.894638,19.789246,19.912178,19.771667,19.947273,20.069977,19.947273,20.122513,20.069977,20.279877,20.209976,20.279877,20.122513,20.349724,20.384621,20.314804,20.663254,20.593697,20.524055,20.645866,20.576286,20.611084,20.750122,20.715385,20.906242,20.663254,20.906242,21.096642,21.062057,21.044754,20.975533,21.096642,21.079346,21.286568,21.217552,21.062057,21.010155,21.148476,21.079346,20.888908,20.923576,20.802200,21.096642,21.010155,21.113914,21.096642,21.044754,20.992851,20.958221,20.958221,21.079346,20.854233,21.044754,21.200287,21.183029,21.113914,21.062057,20.871582,20.819542,20.871582,20.767487,20.784843,20.871582,20.698021,20.593697,20.854233,20.698021,20.471802,20.715385,20.802200,20.750122,20.680634,20.628487,20.750122,20.802200,20.802200,20.784843,20.871582,20.871582,20.819542,20.836899,20.836899,20.888908,20.802200,20.958221,20.940895,20.923576,20.958221,21.027458,20.888908,21.183029,20.923576,21.079346,21.044754,20.992851,21.062057,21.131203,21.079346,21.010155,21.027458,21.217552,21.044754,21.079346,21.286568,21.165756,21.234810,20.992851,21.131203,21.269310,21.044754,21.252068,21.286568,21.321045,21.269310,21.321045,21.321045,21.372734,21.424393,21.476021,21.561981,21.579163,21.493217,21.510414,21.579163,21.596336,21.613518,21.579163,21.510414,21.493217,21.596336,21.630684,21.527603,21.510414,21.424393,21.476021,21.561981,21.338272,21.217552,21.389961,21.234810,21.113914,21.148476,21.027458,21.027458,20.784843,20.819542,20.802200,20.836899,20.784843,20.802200,20.680634,20.767487,20.750122,20.628487,20.715385,20.750122,20.680634,20.732758,20.715385,20.715385,20.750122,20.802200,20.558884,20.732758,20.802200,20.680634,20.541473,20.576286,20.628487,20.611084,20.524055,20.332268,20.314804,20.262413,20.244934,20.314804,20.297348,20.297348,20.349724,20.454369,20.332268,20.506645,20.402061,20.541473,20.558884,20.645866,20.384621,20.854233,20.645866,20.784843,20.819542,20.767487,20.750122,20.698021,20.784843,20.732758,20.663254,20.506645,20.541473,20.436943,20.611084,20.454369,20.279877,20.506645,20.227455,20.314804,20.209976,20.209976,20.314804,20.017418,20.157509,20.069977,20.122513,19.964821,19.859520,19.841957,19.841957,19.824394,19.964821,19.754082,19.560417,19.806816,19.489883,19.366287,19.401619,19.507530,19.330948,19.366287,19.260208,19.277893,19.224815,19.207108,19.189407,18.958870,18.976631,19.012123,18.941109,18.923340,18.976631,18.798889,18.513702,18.299164,18.209602,18.084076,17.688278,17.561958,17.236252,17.000237,16.672379,16.343254,16.251610,15.736610,15.514977,15.385422,15.218575,15.107178,15.088600,15.107178,15.125755,15.088600,15.181458,15.237137,15.051422,15.218575,15.200020,15.162895,15.125755,15.181458,15.144333,15.107178,15.218575,15.181458,15.329842,15.070015,15.181458,15.181458,15.218575,15.107178,15.181458,14.995636,15.292770,15.051422,15.274223,15.329842,15.051422,15.218575,15.107178,15.218575,15.144333,15.107178,14.865326,15.218575,15.014244,15.125755,15.144333,14.958420,14.977043,15.107178,14.921196,14.790794,14.958420,14.977043,15.014244,14.921196,14.939812,14.902580,14.846703,14.883965,14.958420,14.902580,14.977043,14.977043,14.939812,14.921196,14.958420,14.939812,15.070015,14.977043,14.995636,14.883965,14.790794,15.014244,14.734833,14.641502,14.716171,14.716171,14.977043,14.865326,14.958420,14.921196,14.846703,14.846703,14.828064,14.846703,14.939812,14.883965,14.921196,14.902580,14.846703,14.790794,14.958420,14.883965,14.753487,14.790794,14.846703,14.809425,14.809425,14.790794,14.958420,14.939812,14.902580,14.846703,14.753487,14.734833,14.622826,14.678848,14.734833,14.846703,14.921196,14.772133,14.865326,14.883965,14.865326,14.883965,14.977043,14.921196,14.939812,14.828064,14.939812,14.995636,14.921196,14.939812,14.995636,15.051422,15.070015,15.107178,14.939812,15.181458,14.939812,15.125755,14.846703,15.051422,15.032837,14.958420,14.995636,15.032837,15.014244,14.865326,14.995636,15.032837,15.051422,14.697517,14.958420,14.995636,14.828064,15.070015,15.070015,14.846703,14.772133,14.809425,14.902580,15.032837,14.828064,14.883965,14.790794,15.032837,14.939812,14.902580,15.088600,15.125755,15.070015,15.125755,15.218575,15.070015,15.125755,15.162895,15.014244,15.125755,15.014244,14.902580,14.939812,15.125755,14.865326,14.846703,14.865326,14.641502,14.846703,14.921196,14.716171,14.585457,14.995636,14.902580,15.014244,14.939812,14.977043,15.107178,15.051422,14.883965,15.107178,14.865326,14.902580,14.958420,14.958420,14.921196,14.995636,14.995636,14.977043,15.070015,14.939812,14.828064,14.921196,14.846703,15.032837,14.902580,14.939812,14.809425,14.883965,14.566772,15.107178,15.051422,14.977043,14.846703,15.032837,14.790794,14.753487,14.939812,14.902580,15.032837,14.809425,14.772133,14.958420,14.865326,14.958420,14.790794,14.921196,14.772133,15.051422,14.790794,14.753487,14.883965,14.828064,14.772133,14.828064,14.809425,14.921196,14.809425,14.641502,14.753487,14.772133,14.958420,14.604141,14.958420,14.921196,14.958420,15.051422,14.939812,14.790794,14.753487,14.865326,14.846703,14.790794,14.865326,14.790794,14.753487,14.604141,14.660179,14.865326,14.622826,14.902580,14.846703,14.921196,14.753487,15.014244,14.921196,14.846703,14.939812,14.939812,15.014244,15.162895,15.088600,14.977043,14.865326,15.125755,15.032837,14.921196,14.977043,14.902580,14.828064,15.107178,14.939812,15.051422,15.014244,15.385422,15.088600,15.162895,14.958420,15.051422,15.181458,15.144333,15.274223,15.162895,15.162895,15.144333,15.107178,15.366905,
15.773499,15.588913,15.329842,15.773499,15.551949,15.422462,15.366905,15.496475,15.662788,15.588913,15.570435,15.736610,15.440964,15.459480,15.422462,15.477974,15.533455,15.181458,15.533455,15.625862,15.440964,15.422462,15.329842,15.385422,15.200020,15.514977,15.625862,15.755058,15.902481,16.233269,16.434807,16.818245,16.909286,17.254379,17.634163,17.868416,18.388626,18.263351,18.727684,18.798889,18.870033,18.941109,19.171692,19.277893,19.029869,19.100807,19.472237,19.348618,19.118538,19.401619,19.260208,19.436943,19.383957,19.348618,19.313263,19.542793,19.472237,19.436943,19.419281,19.507530,19.525154,19.366287,19.542793,19.666115,19.613289,19.613289,19.666115,19.525154,19.560417,19.489883,19.806816,19.595665,19.542793,19.595665,19.736496,19.683716,19.666115,19.648506,19.542793,19.824394,19.578049,19.648506,19.841957,19.806816,19.859520,19.877083,19.912178,19.701309,19.859520,19.841957,19.824394,19.789246,19.613289,19.877083,19.789246,19.982353,19.666115,19.877083,19.859520,19.877083,19.912178,19.894638,19.929733,20.105003,20.227455,20.209976,20.105003,20.436943,20.454369,20.454369,20.174995,20.524055,20.436943,20.454369,20.489220,20.611084,20.541473,20.541473,20.645866,20.471802,20.784843,20.923576,20.698021,20.906242,20.992851,20.940895,20.992851,21.062057,21.062057,21.148476,21.062057,20.992851,20.923576,20.923576,20.750122,20.958221,20.923576,20.975533,20.992851,21.027458,20.975533,20.906242,21.044754,20.940895,21.062057,21.096642,20.923576,21.113914,21.027458,21.062057,20.958221,21.113914,21.010155,20.958221,20.958221,21.010155,20.802200,21.010155,20.871582,20.836899,20.871582,20.698021,20.750122,20.784843,20.715385,20.663254,20.784843,20.819542,20.958221,20.715385,20.541473,20.767487,20.784843,20.784843,20.888908,20.680634,20.819542,20.715385,20.698021,20.802200,20.750122,20.802200,20.750122,20.888908,20.819542,20.784843,20.819542,20.940895,20.871582,20.906242,20.750122,20.784843,20.819542,21.096642,20.940895,21.113914,20.975533,21.113914,21.148476,20.906242,21.010155,21.079346,21.113914,21.200287,21.165756,21.252068,21.269310,21.372734,21.269310,21.407181,21.200287,21.321045,21.321045,21.493217,21.389961,21.510414,21.527603,21.407181,21.458817,21.510414,21.510414,21.493217,21.699318,21.682167,21.441612,21.544792,21.561981,21.527603,21.579163,21.389961,21.424393,21.286568,21.321045,21.183029,21.113914,21.165756,21.010155,20.940895,20.836899,20.906242,20.888908,20.888908,20.784843,20.836899,20.871582,20.871582,20.715385,20.698021,20.663254,20.750122,20.663254,20.715385,20.593697,20.541473,20.784843,20.576286,20.576286,20.628487,20.611084,20.732758,20.541473,20.314804,20.576286,20.471802,20.279877,20.279877,20.262413,20.227455,20.209976,20.209976,20.034943,20.209976,20.314804,20.244934,20.227455,20.558884,20.454369,20.349724,20.454369,20.611084,20.593697,20.698021,20.663254,20.611084,20.645866,20.802200,20.663254,20.784843,20.732758,20.576286,20.506645,20.698021,20.506645,20.402061,20.349724,20.297348,20.174995,20.402061,20.262413,20.227455,20.087494,20.052460,20.209976,20.034943,20.105003,20.227455,20.174995,19.929733,19.912178,19.894638,19.806816,19.754082,19.718910,19.648506,19.912178,19.859520,19.613289,19.595665,19.472237,19.507530,19.330948,19.136261,19.436943,19.330948,19.260208,19.136261,18.941109,19.118538,18.870033,19.100807,18.994377,18.887802,18.763298,18.674240,18.656418,18.674240,18.352852,18.227524,18.048164,17.543900,17.489685,17.326851,17.018410,16.599342,16.379883,16.141510,15.662788,15.699715,15.348373,15.292770,15.292770,15.329842,15.107178,15.292770,15.237137,15.348373,15.014244,15.255684,15.088600,15.237137,15.070015,15.237137,15.274223,15.200020,15.144333,15.144333,15.144333,15.255684,15.311302,15.014244,15.144333,15.218575,15.162895,15.218575,15.107178,15.200020,15.200020,14.995636,15.107178,15.107178,15.162895,15.125755,15.200020,15.237137,15.070015,15.162895,15.255684,14.995636,15.032837,15.032837,15.051422,14.995636,14.939812,14.846703,14.753487,14.921196,14.828064,14.902580,15.014244,14.921196,14.939812,14.958420,14.995636,14.846703,14.902580,14.958420,14.939812,14.939812,14.790794,14.939812,14.865326,14.977043,14.809425,14.865326,14.753487,14.772133,14.883965,14.902580,14.846703,14.902580,14.753487,14.828064,14.716171,14.790794,14.921196,14.753487,14.772133,14.809425,14.883965,14.995636,14.641502,14.828064,14.790794,14.828064,14.828064,14.883965,14.921196,14.790794,14.716171,14.697517,14.660179,14.790794,14.772133,14.828064,14.846703,14.865326,14.790794,14.939812,14.939812,14.865326,14.753487,14.883965,14.641502,14.753487,14.809425,14.902580,15.014244,14.734833,14.790794,14.977043,14.883965,14.809425,14.846703,14.902580,14.995636,14.865326,14.977043,14.995636,14.977043,14.995636,15.125755,15.014244,14.790794,15.014244,15.014244,14.958420,14.828064,14.977043,15.014244,15.032837,14.939812,15.200020,14.958420,14.958420,14.977043,15.051422,14.939812,14.958420,14.921196,14.883965,14.734833,14.958420,15.032837,15.051422,15.088600,14.977043,14.921196,15.014244,14.734833,14.734833,15.014244,14.958420,15.051422,15.255684,15.032837,15.162895,15.181458,15.237137,15.107178,15.014244,14.939812,15.032837,15.070015,14.828064,15.014244,14.865326,14.809425,14.921196,14.883965,14.548080,14.865326,14.753487,14.977043,14.809425,14.828064,15.162895,15.088600,14.846703,14.921196,14.772133,14.865326,14.883965,15.032837,15.125755,14.902580,14.865326,14.883965,14.921196,14.977043,15.088600,14.939812,14.921196,14.865326,14.939812,14.939812,14.977043,14.678848,15.032837,15.032837,15.032837,14.772133,15.051422,14.883965,14.902580,14.828064,14.883965,14.883965,14.902580,14.678848,14.902580,14.865326,14.883965,14.753487,14.716171,14.660179,14.753487,14.660179,14.772133,14.809425,14.883965,14.828064,14.828064,14.753487,14.846703,14.678848,14.772133,14.585457,14.772133,14.697517,14.883965,14.716171,14.902580,14.809425,14.921196,14.790794,14.939812,14.958420,14.902580,14.809425,14.846703,14.809425,14.753487,14.790794,14.790794,14.753487,14.734833,14.921196,14.883965,14.828064,14.753487,14.939812,14.660179,14.790794,14.977043,14.865326,14.828064,14.902580,14.753487,14.753487,14.790794,14.790794,14.995636,14.846703,15.274223,15.144333,15.051422,15.032837,14.995636,14.958420,15.107178,14.958420,15.162895,14.921196,14.790794,15.162895,15.125755,15.032837,14.939812,15.051422,14.995636,14.958420,15.237137,14.977043,14.995636,14.772133,15.107178,15.051422,15.125755,15.422462,15.051422,
15.588913,15.588913,15.311302,15.459480,15.496475,15.385422,15.366905,15.348373,15.274223,15.533455,15.459480,15.607391,15.496475,15.718163,15.533455,15.348373,15.644325,15.496475,15.311302,15.588913,15.422462,15.644325,15.311302,15.459480,15.385422,15.403938,15.551949,16.012886,16.031273,16.159874,16.526253,16.727104,17.127403,17.471611,17.850410,17.868416,17.994278,18.674240,18.388626,18.709869,19.012123,19.012123,19.047615,19.136261,19.029869,19.083084,19.189407,19.348618,19.277893,19.277893,19.295586,19.277893,19.260208,19.136261,19.454590,19.560417,19.366287,19.419281,19.613289,19.542793,19.472237,19.525154,19.489883,19.789246,19.718910,19.472237,19.436943,19.401619,19.525154,19.525154,19.630898,19.560417,19.366287,19.630898,19.330948,19.595665,19.613289,19.666115,19.824394,19.630898,19.648506,19.877083,19.683716,19.754082,19.754082,19.666115,19.595665,19.806816,19.894638,19.877083,19.701309,19.982353,19.683716,19.754082,19.648506,19.630898,19.771667,19.912178,19.595665,19.841957,19.789246,20.069977,19.999893,20.244934,20.367180,20.384621,20.157509,20.244934,20.174995,20.244934,20.297348,20.314804,20.384621,20.419502,20.384621,20.576286,20.471802,20.593697,20.558884,20.819542,20.715385,20.663254,20.680634,20.802200,20.888908,20.992851,20.906242,21.079346,20.940895,20.975533,21.010155,20.784843,20.715385,20.836899,20.698021,20.836899,20.906242,20.802200,20.958221,20.906242,21.010155,20.940895,20.802200,20.784843,21.027458,21.079346,20.992851,21.079346,21.165756,20.992851,21.044754,20.958221,20.767487,21.148476,20.906242,20.975533,20.923576,20.923576,20.906242,20.784843,20.732758,20.871582,20.871582,20.836899,20.767487,20.645866,20.802200,20.715385,20.611084,20.715385,20.593697,20.698021,20.715385,20.506645,20.750122,20.836899,20.663254,20.698021,20.802200,20.784843,20.576286,20.819542,20.715385,20.593697,20.802200,20.854233,20.680634,20.802200,20.802200,20.732758,20.784843,20.854233,20.906242,20.698021,20.871582,21.044754,21.234810,20.923576,20.888908,21.148476,20.958221,21.044754,20.940895,21.062057,21.183029,21.113914,21.200287,21.131203,21.183029,21.269310,21.217552,21.286568,21.286568,21.389961,21.338272,21.234810,21.476021,21.441612,21.372734,21.372734,21.510414,21.561981,21.372734,21.561981,21.458817,21.493217,21.579163,21.407181,21.424393,21.372734,21.079346,21.493217,21.200287,21.062057,21.269310,20.906242,21.010155,21.027458,20.732758,20.784843,20.784843,20.992851,20.888908,20.836899,20.767487,20.680634,20.784843,20.767487,20.663254,20.645866,20.524055,20.715385,20.576286,20.628487,20.558884,20.611084,20.628487,20.663254,20.489220,20.524055,20.558884,20.332268,20.471802,20.471802,20.279877,20.227455,20.279877,20.192490,19.912178,20.244934,20.244934,20.367180,20.157509,20.192490,20.140007,20.297348,20.174995,20.506645,20.541473,20.384621,20.611084,20.680634,20.541473,20.663254,20.680634,20.750122,20.611084,20.593697,20.576286,20.558884,20.576286,20.611084,20.262413,20.541473,20.506645,20.402061,20.332268,20.367180,20.244934,20.349724,20.174995,20.192490,20.349724,20.384621,19.964821,20.157509,20.034943,19.947273,19.894638,19.877083,19.999893,19.912178,19.630898,19.718910,19.595665,19.595665,19.771667,19.560417,19.419281,19.366287,19.436943,19.507530,19.189407,19.242508,19.313263,19.047615,18.994377,18.976631,18.958870,18.870033,18.834473,18.834473,18.727684,18.870033,18.727684,18.656418,18.531555,18.191681,17.778404,17.706314,17.489685,17.163704,16.836464,16.526253,16.361572,16.068031,15.662788,15.533455,15.459480,15.366905,15.200020,15.125755,15.032837,15.107178,15.107178,15.144333,15.107178,15.200020,15.107178,15.366905,15.181458,15.181458,15.088600,15.162895,14.995636,15.237137,15.255684,15.125755,15.070015,15.255684,14.958420,15.274223,15.200020,15.274223,15.200020,15.125755,15.088600,15.162895,15.162895,15.181458,15.181458,15.032837,15.107178,15.107178,15.088600,15.125755,15.032837,14.958420,14.995636,15.162895,14.958420,15.107178,14.921196,14.977043,14.883965,14.921196,15.051422,14.921196,14.734833,14.790794,14.939812,14.902580,14.697517,14.921196,14.939812,14.697517,14.958420,15.051422,14.883965,15.088600,14.697517,14.828064,14.790794,14.883965,15.088600,14.883965,14.939812,14.753487,14.753487,14.828064,14.697517,14.865326,14.846703,14.977043,14.734833,14.772133,14.809425,14.828064,15.032837,14.828064,14.865326,15.032837,14.809425,15.051422,14.883965,14.828064,14.828064,14.883965,14.958420,14.678848,14.622826,14.828064,14.939812,14.902580,14.846703,14.902580,14.921196,14.977043,14.790794,14.846703,14.865326,14.902580,14.902580,14.697517,14.939812,14.883965,14.809425,14.716171,15.032837,15.051422,14.828064,14.958420,14.902580,15.014244,14.995636,14.921196,14.977043,15.032837,15.088600,14.939812,14.902580,15.255684,14.865326,15.088600,15.107178,15.032837,14.902580,14.883965,15.125755,15.014244,15.088600,15.125755,14.902580,15.181458,14.995636,14.883965,14.678848,14.902580,14.883965,15.051422,14.772133,14.995636,14.902580,14.883965,14.921196,14.790794,14.809425,14.958420,14.995636,15.032837,15.070015,14.958420,14.809425,15.218575,14.958420,15.218575,15.107178,15.014244,14.958420,15.088600,14.995636,15.107178,15.032837,14.846703,14.939812,14.939812,14.865326,14.846703,14.902580,14.883965,14.716171,14.921196,14.604141,14.753487,14.883965,14.753487,14.809425,14.902580,15.051422,14.995636,15.051422,15.032837,14.921196,14.772133,14.921196,14.846703,14.865326,14.772133,14.809425,14.977043,14.921196,14.958420,15.032837,14.828064,14.902580,14.753487,14.883965,14.902580,15.014244,14.846703,14.846703,14.828064,14.883965,14.790794,14.753487,14.790794,14.790794,14.902580,14.828064,14.716171,14.977043,14.939812,14.846703,14.753487,14.716171,14.697517,14.697517,14.660179,14.641502,14.883965,14.641502,14.678848,14.697517,14.902580,14.548080,14.753487,14.734833,14.846703,14.883965,14.846703,14.622826,14.809425,14.902580,14.772133,14.753487,14.809425,14.604141,14.660179,14.902580,14.753487,14.790794,14.809425,14.753487,14.790794,14.809425,14.995636,14.697517,14.902580,14.753487,14.734833,14.958420,14.622826,14.939812,14.790794,14.958420,14.846703,14.790794,14.883965,14.939812,15.070015,15.162895,14.846703,14.977043,14.921196,14.883965,15.070015,14.939812,15.051422,15.070015,14.883965,15.070015,14.958420,15.125755,14.939812,14.977043,14.977043,15.051422,15.088600,15.107178,14.995636,15.088600,15.014244,15.107178,15.125755,15.088600,15.181458,15.218575,15.162895,15.051422,15.385422,
15.644325,15.348373,15.329842,15.551949,15.533455,15.348373,15.477974,15.144333,15.459480,15.644325,15.551949,15.533455,15.422462,15.625862,15.348373,15.366905,15.440964,15.422462,15.274223,15.588913,15.403938,15.607391,15.533455,15.625862,15.588913,15.514977,15.477974,15.755058,16.012886,16.123146,16.361572,16.982056,17.072929,17.254379,17.453522,17.868416,18.155830,18.388626,18.709869,18.923340,18.674240,19.118538,18.905579,19.065346,19.029869,19.207108,19.207108,19.436943,19.330948,19.366287,19.171692,19.436943,19.330948,19.401619,19.578049,19.454590,19.383957,19.542793,19.419281,19.525154,19.330948,19.613289,19.542793,19.595665,19.578049,19.436943,19.454590,19.348618,19.507530,19.366287,19.542793,19.383957,19.754082,19.595665,19.560417,19.683716,19.525154,19.683716,19.472237,19.771667,19.683716,19.701309,19.718910,19.841957,19.877083,19.789246,19.560417,19.859520,19.824394,19.754082,19.666115,19.736496,20.052460,19.877083,19.736496,19.683716,19.736496,19.841957,19.947273,19.824394,19.912178,20.105003,19.982353,20.174995,20.140007,19.947273,20.244934,20.262413,20.192490,20.262413,20.192490,20.349724,20.262413,20.297348,20.402061,20.611084,20.384621,20.454369,20.471802,20.611084,20.541473,20.732758,20.576286,20.888908,20.715385,20.784843,20.819542,20.732758,20.888908,20.698021,20.940895,20.767487,20.628487,20.854233,20.698021,20.836899,20.819542,20.854233,20.715385,21.010155,20.854233,20.906242,20.680634,20.888908,20.923576,20.992851,20.923576,20.819542,20.940895,21.096642,21.027458,20.871582,20.906242,20.836899,21.010155,20.940895,20.975533,20.871582,20.906242,20.645866,20.819542,20.715385,20.732758,20.784843,20.871582,20.854233,20.698021,20.732758,20.715385,20.663254,20.732758,20.611084,20.680634,20.802200,20.663254,20.680634,20.698021,20.698021,20.541473,20.611084,20.454369,20.593697,20.454369,20.489220,20.645866,20.611084,20.784843,20.541473,20.715385,20.645866,20.680634,20.611084,20.680634,20.871582,20.958221,20.819542,20.871582,20.784843,21.027458,20.836899,21.096642,20.923576,21.079346,20.992851,21.234810,21.148476,20.992851,21.269310,21.079346,21.183029,21.165756,21.321045,21.338272,21.424393,21.234810,21.252068,21.217552,21.476021,21.269310,21.424393,21.269310,21.321045,21.544792,21.493217,21.407181,21.424393,21.321045,21.510414,21.183029,21.321045,21.148476,21.217552,21.321045,21.079346,21.113914,21.148476,20.940895,21.062057,20.906242,20.593697,20.888908,21.010155,20.767487,20.680634,20.819542,20.698021,20.663254,20.628487,20.715385,20.611084,20.680634,20.784843,20.663254,20.732758,20.628487,20.611084,20.541473,20.506645,20.489220,20.471802,20.471802,20.663254,20.419502,20.402061,20.227455,20.157509,20.140007,20.140007,20.052460,19.947273,19.877083,20.052460,20.122513,20.174995,19.982353,20.262413,20.262413,20.471802,20.471802,20.524055,20.367180,20.715385,20.628487,20.680634,20.489220,20.680634,20.367180,20.593697,20.524055,20.506645,20.593697,20.506645,20.628487,20.489220,20.506645,20.384621,20.471802,20.297348,20.297348,20.332268,20.262413,20.279877,20.227455,20.227455,20.157509,20.087494,19.912178,20.069977,19.894638,20.017418,19.806816,19.824394,19.824394,19.542793,19.859520,19.630898,19.436943,19.578049,19.472237,19.542793,19.472237,19.295586,19.383957,19.065346,19.260208,19.189407,19.189407,19.012123,18.781090,19.029869,19.012123,18.834473,18.727684,18.834473,18.567253,18.638596,18.299164,18.191681,17.958336,17.778404,17.399261,17.308739,17.000237,16.654121,16.251610,16.123146,15.736610,15.773499,15.329842,15.422462,15.200020,15.348373,15.181458,15.292770,14.977043,15.237137,14.977043,15.255684,15.274223,15.274223,15.125755,15.311302,15.070015,15.348373,15.218575,15.255684,15.329842,15.125755,15.051422,15.144333,15.088600,15.051422,14.995636,15.218575,15.255684,15.088600,15.051422,15.162895,15.088600,15.014244,15.051422,15.032837,15.051422,15.070015,15.255684,15.014244,15.070015,15.311302,14.902580,14.939812,14.977043,14.977043,15.014244,15.088600,14.921196,14.958420,14.902580,14.939812,15.107178,14.995636,14.790794,14.641502,14.865326,14.902580,14.883965,14.958420,14.828064,14.828064,14.716171,14.883965,14.939812,15.051422,15.014244,14.716171,14.939812,14.921196,14.828064,14.977043,14.883965,14.921196,14.939812,14.865326,14.734833,15.070015,14.697517,14.921196,14.939812,14.809425,14.883965,14.902580,14.828064,14.716171,14.809425,14.734833,14.716171,14.977043,14.790794,14.790794,14.753487,14.828064,14.883965,14.753487,14.660179,15.051422,14.865326,14.734833,14.772133,14.902580,14.902580,14.790794,14.939812,14.678848,14.772133,14.958420,14.921196,14.883965,14.790794,14.828064,14.828064,14.921196,14.995636,14.977043,14.902580,15.014244,15.125755,14.902580,14.939812,15.032837,15.051422,15.125755,15.070015,14.958420,14.939812,14.995636,15.014244,15.032837,15.088600,15.218575,15.107178,15.125755,14.995636,14.828064,14.995636,15.125755,14.902580,15.125755,14.958420,15.014244,15.070015,14.846703,15.070015,14.716171,14.790794,14.921196,14.753487,14.921196,14.865326,14.865326,14.828064,14.977043,15.014244,14.995636,15.088600,15.144333,15.107178,15.255684,15.070015,15.181458,15.200020,15.181458,14.828064,15.125755,15.032837,14.995636,15.070015,14.883965,14.828064,14.809425,14.846703,14.734833,14.883965,14.977043,14.939812,14.883965,14.772133,14.865326,14.865326,14.995636,14.902580,14.865326,15.032837,14.977043,14.939812,14.921196,14.977043,14.883965,14.921196,15.051422,15.032837,14.958420,14.753487,14.939812,14.828064,15.051422,14.809425,15.051422,15.014244,15.107178,14.939812,14.846703,14.977043,14.939812,14.883965,14.753487,14.921196,15.051422,14.883965,14.995636,14.995636,14.902580,14.809425,14.865326,14.660179,14.865326,14.753487,14.865326,14.883965,14.809425,14.716171,14.716171,14.995636,14.958420,14.585457,14.697517,14.790794,14.846703,14.809425,14.809425,14.790794,14.865326,14.921196,15.032837,14.678848,14.828064,14.809425,14.734833,14.809425,14.716171,14.697517,14.790794,14.809425,14.865326,14.846703,14.790794,14.977043,14.921196,14.883965,14.772133,14.865326,14.958420,14.660179,14.828064,14.902580,14.809425,14.939812,14.883965,14.660179,14.921196,15.014244,14.865326,14.697517,14.883965,14.958420,14.865326,15.107178,15.144333,15.181458,14.995636,15.014244,14.921196,15.032837,15.014244,14.977043,15.162895,15.088600,14.921196,14.865326,15.181458,14.734833,15.088600,15.107178,14.883965,15.292770,15.125755,15.218575,15.088600,15.088600,15.218575,15.440964,15.144333,
15.422462,15.274223,15.385422,15.514977,15.348373,15.551949,15.255684,15.070015,15.274223,15.422462,15.311302,15.348373,15.366905,15.477974,15.366905,15.514977,15.496475,15.311302,15.644325,15.588913,15.348373,15.422462,15.440964,15.348373,15.588913,15.607391,15.662788,15.847229,15.957695,16.288277,16.507973,16.599342,16.909286,17.381157,17.652206,17.724342,18.227524,18.317062,18.549400,18.727684,18.976631,18.958870,19.136261,18.994377,19.083084,19.153984,19.313263,19.224815,19.153984,19.207108,19.330948,19.330948,19.224815,19.295586,19.083084,19.578049,19.419281,19.560417,19.683716,19.436943,19.295586,19.683716,19.348618,19.718910,19.383957,19.436943,19.366287,19.507530,19.507530,19.366287,19.578049,19.595665,19.560417,19.330948,19.489883,19.683716,19.578049,19.472237,19.454590,19.419281,19.525154,19.578049,19.454590,19.666115,19.630898,19.736496,19.771667,19.613289,19.648506,19.701309,19.666115,19.929733,19.542793,19.718910,19.771667,19.613289,19.841957,19.824394,19.771667,19.701309,19.947273,20.122513,20.017418,19.929733,20.122513,20.122513,20.174995,20.244934,20.227455,19.929733,20.034943,20.279877,19.982353,20.314804,20.349724,20.227455,20.384621,20.174995,20.489220,20.454369,20.489220,20.489220,20.541473,20.680634,20.698021,20.802200,20.784843,20.836899,20.698021,20.906242,20.593697,20.784843,20.663254,20.802200,20.541473,20.663254,20.645866,20.784843,20.784843,20.750122,20.854233,20.819542,20.732758,20.784843,20.923576,20.784843,20.802200,20.802200,20.923576,20.888908,20.923576,20.888908,20.819542,21.044754,20.940895,20.732758,20.732758,21.027458,20.802200,20.732758,20.923576,20.732758,20.663254,20.750122,20.698021,20.698021,20.645866,20.663254,20.541473,20.767487,20.489220,20.732758,20.558884,20.541473,20.489220,20.524055,20.541473,20.750122,20.332268,20.489220,20.349724,20.506645,20.349724,20.506645,20.489220,20.471802,20.541473,20.680634,20.645866,20.576286,20.663254,20.663254,20.663254,20.593697,20.906242,20.750122,20.819542,20.854233,20.836899,20.732758,20.888908,20.871582,20.975533,20.923576,21.200287,21.200287,21.148476,21.269310,21.079346,21.217552,21.062057,21.113914,21.269310,20.975533,21.200287,21.252068,21.252068,21.389961,21.217552,21.234810,21.148476,21.441612,21.269310,21.321045,21.217552,21.338272,21.183029,21.303802,21.321045,21.165756,21.183029,21.217552,21.096642,21.131203,21.131203,21.062057,20.819542,20.854233,20.923576,20.819542,20.767487,20.819542,20.750122,20.680634,20.645866,20.923576,20.802200,20.611084,20.576286,20.576286,20.489220,20.611084,20.628487,20.558884,20.732758,20.506645,20.436943,20.680634,20.471802,20.419502,20.349724,20.227455,20.454369,20.314804,20.262413,20.262413,20.017418,20.069977,20.157509,20.087494,19.947273,20.192490,20.034943,20.087494,20.069977,20.157509,20.174995,20.367180,20.506645,20.454369,20.541473,20.524055,20.628487,20.593697,20.558884,20.611084,20.506645,20.698021,20.506645,20.384621,20.558884,20.680634,20.506645,20.174995,20.419502,20.384621,20.297348,20.227455,20.227455,20.367180,19.999893,20.140007,20.122513,20.244934,20.140007,20.034943,20.069977,19.824394,19.894638,19.824394,19.859520,19.824394,19.824394,19.912178,19.489883,19.542793,19.454590,19.666115,19.542793,19.313263,19.348618,19.419281,19.136261,18.923340,19.029869,19.100807,19.047615,18.834473,18.887802,18.923340,18.887802,18.781090,18.567253,18.781090,18.531555,18.460121,18.209602,17.958336,18.048164,17.561958,17.344955,17.218117,16.781799,16.690620,16.068031,15.957695,15.920883,15.718163,15.348373,15.274223,15.292770,15.292770,14.977043,15.162895,15.255684,15.181458,15.107178,15.237137,15.144333,15.200020,15.162895,15.218575,15.051422,15.181458,15.255684,15.255684,15.218575,15.107178,15.032837,15.200020,15.088600,15.144333,15.107178,15.107178,15.181458,15.014244,15.070015,15.274223,15.255684,15.181458,14.995636,15.125755,15.051422,15.144333,14.883965,15.088600,15.051422,15.162895,15.107178,14.828064,14.921196,15.125755,14.995636,14.939812,15.051422,15.107178,14.958420,14.809425,14.828064,14.865326,14.865326,14.790794,14.902580,14.883965,14.865326,14.846703,14.921196,14.865326,14.865326,14.753487,14.939812,14.958420,14.809425,14.846703,14.883965,14.921196,14.977043,14.883965,14.939812,14.846703,14.790794,14.716171,14.883965,14.846703,14.790794,14.883965,14.883965,14.939812,14.809425,14.939812,14.865326,14.790794,14.846703,15.014244,14.828064,14.995636,14.958420,14.958420,14.902580,14.828064,14.753487,15.032837,14.846703,15.014244,14.939812,14.939812,14.902580,14.846703,14.809425,14.977043,14.921196,14.921196,14.883965,14.790794,14.939812,14.697517,14.939812,14.902580,14.939812,14.883965,14.939812,14.995636,15.032837,15.014244,14.921196,15.051422,15.070015,15.051422,14.958420,15.032837,14.902580,15.070015,15.218575,15.125755,15.107178,14.809425,15.032837,15.070015,14.828064,15.051422,14.977043,15.014244,15.125755,15.125755,14.939812,15.051422,14.883965,14.977043,14.846703,15.014244,14.902580,14.865326,14.809425,15.014244,14.809425,14.716171,14.753487,15.088600,15.144333,15.014244,15.014244,15.218575,15.125755,15.348373,15.051422,15.237137,15.144333,15.070015,15.032837,15.144333,15.162895,14.921196,14.977043,14.958420,14.902580,14.865326,15.032837,14.902580,14.995636,14.883965,14.865326,14.809425,14.921196,14.939812,14.772133,14.809425,14.921196,14.902580,15.032837,14.958420,14.921196,14.921196,14.958420,14.902580,14.883965,14.977043,14.995636,14.977043,15.088600,14.995636,14.772133,15.032837,14.939812,14.865326,14.753487,14.902580,15.088600,14.846703,14.865326,14.995636,14.846703,14.865326,14.977043,14.828064,15.014244,14.977043,14.883965,14.921196,14.865326,15.014244,14.977043,15.051422,14.883965,14.883965,14.734833,14.734833,14.641502,14.753487,14.902580,14.921196,14.958420,14.883965,14.678848,14.753487,14.716171,14.790794,14.883965,14.790794,14.902580,14.753487,14.995636,14.883965,14.622826,15.014244,14.865326,14.865326,14.828064,14.697517,14.790794,14.958420,14.734833,14.995636,14.902580,15.014244,14.790794,14.828064,14.865326,14.921196,14.846703,14.958420,14.734833,14.846703,14.828064,15.125755,14.641502,14.846703,14.828064,14.660179,14.921196,14.921196,14.809425,14.716171,14.865326,14.660179,15.051422,14.958420,15.014244,14.809425,14.883965,15.032837,14.977043,15.144333,14.958420,14.921196,15.014244,14.921196,14.883965,14.902580,15.051422,15.051422,15.051422,15.051422,15.144333,15.107178,14.977043,14.865326,15.014244,15.218575,15.200020,15.218575,
15.533455,15.459480,15.329842,15.200020,15.459480,15.496475,15.570435,15.255684,15.255684,15.496475,15.292770,15.699715,15.403938,15.311302,15.348373,15.681252,15.459480,15.422462,15.459480,15.459480,15.662788,15.607391,15.551949,15.570435,15.348373,15.496475,15.755058,15.681252,15.957695,16.324928,16.324928,16.672379,17.018410,17.072929,17.525826,17.634163,18.048164,18.263351,18.334953,18.709869,18.781090,18.816673,18.976631,18.941109,18.941109,19.047615,19.189407,19.348618,18.958870,19.260208,18.976631,19.242508,19.189407,19.313263,19.295586,19.242508,19.401619,19.701309,19.277893,19.260208,19.260208,19.401619,19.366287,19.472237,19.171692,19.489883,19.348618,19.472237,19.525154,19.171692,19.330948,19.436943,19.401619,19.295586,19.472237,19.489883,19.401619,19.419281,19.560417,19.366287,19.595665,19.507530,19.595665,19.648506,19.472237,19.630898,19.472237,19.489883,19.630898,19.701309,19.613289,19.701309,19.525154,19.666115,19.648506,19.754082,19.701309,19.912178,19.894638,19.929733,19.806816,19.877083,19.771667,19.912178,20.227455,19.877083,20.087494,20.034943,19.912178,20.069977,19.982353,20.227455,20.122513,20.017418,20.227455,20.227455,20.314804,20.436943,20.314804,20.402061,20.471802,20.471802,20.506645,20.611084,20.576286,20.715385,20.680634,20.698021,20.715385,20.698021,20.611084,20.698021,20.471802,20.628487,20.524055,20.611084,20.541473,20.750122,20.715385,20.698021,20.750122,20.732758,20.836899,20.784843,20.715385,20.611084,20.871582,20.645866,20.871582,20.940895,20.871582,21.062057,20.767487,20.923576,20.975533,20.958221,20.906242,20.975533,20.784843,20.750122,20.784843,20.784843,20.854233,20.645866,20.541473,20.593697,20.680634,20.819542,20.524055,20.506645,20.576286,20.663254,20.419502,20.576286,20.471802,20.314804,20.332268,20.402061,20.332268,20.244934,20.262413,20.419502,20.314804,20.367180,20.279877,20.384621,20.541473,20.367180,20.367180,20.524055,20.454369,20.611084,20.593697,20.611084,20.541473,20.975533,20.663254,20.923576,20.715385,20.819542,20.958221,20.784843,20.836899,21.027458,21.079346,21.113914,20.940895,21.148476,21.096642,21.044754,21.079346,21.010155,21.165756,21.407181,21.200287,21.165756,21.234810,21.183029,21.200287,21.183029,21.234810,21.148476,21.200287,21.269310,21.200287,21.355507,21.355507,21.234810,21.252068,21.183029,21.269310,21.234810,21.027458,21.027458,21.234810,20.854233,20.802200,20.958221,20.802200,20.784843,20.802200,20.784843,20.750122,20.506645,20.732758,20.628487,20.645866,20.680634,20.524055,20.680634,20.628487,20.576286,20.384621,20.349724,20.628487,20.454369,20.384621,20.349724,20.419502,20.436943,20.471802,20.262413,20.419502,20.262413,20.157509,20.174995,20.174995,19.912178,20.087494,19.841957,19.841957,20.314804,19.877083,20.087494,20.140007,20.140007,20.192490,20.262413,20.227455,20.489220,20.367180,20.419502,20.593697,20.611084,20.489220,20.419502,20.524055,20.558884,20.436943,20.384621,20.489220,20.384621,20.402061,20.314804,20.419502,20.332268,20.349724,20.192490,20.052460,20.069977,20.297348,20.034943,19.964821,19.947273,20.087494,20.087494,19.964821,19.771667,19.964821,19.929733,19.841957,19.736496,19.912178,19.613289,19.630898,19.701309,19.666115,19.436943,19.401619,19.366287,19.366287,19.242508,19.083084,19.153984,18.994377,19.136261,19.136261,18.923340,18.816673,18.852249,18.852249,18.887802,18.585091,18.656418,18.585091,18.352852,18.227524,18.084076,17.958336,17.724342,17.616119,17.181839,16.672379,16.690620,16.398201,16.012886,15.699715,15.607391,15.588913,15.403938,15.255684,15.218575,15.162895,15.181458,15.237137,15.200020,15.125755,15.311302,15.218575,15.237137,15.385422,15.292770,15.237137,15.218575,15.274223,15.200020,15.255684,15.255684,15.125755,15.181458,15.162895,15.181458,15.144333,14.921196,15.292770,15.088600,15.200020,15.218575,15.051422,14.958420,15.181458,15.181458,15.255684,15.107178,14.921196,15.107178,14.995636,14.977043,14.828064,15.088600,14.939812,14.921196,15.014244,15.125755,14.939812,14.995636,14.753487,14.828064,14.958420,14.846703,14.865326,14.995636,14.846703,14.622826,14.772133,15.014244,14.828064,14.921196,15.014244,14.753487,14.921196,14.846703,14.846703,14.846703,14.809425,15.014244,14.809425,14.753487,14.939812,15.014244,15.032837,14.865326,14.809425,14.753487,14.939812,14.939812,14.809425,14.939812,14.828064,14.828064,14.753487,14.753487,14.865326,14.883965,14.865326,14.939812,14.883965,14.883965,14.865326,14.772133,14.883965,14.772133,14.716171,14.753487,14.883965,14.846703,14.977043,14.958420,14.734833,14.846703,14.883965,14.902580,14.828064,14.809425,14.697517,14.883965,14.939812,14.828064,14.977043,14.977043,14.902580,14.977043,15.107178,15.070015,14.939812,15.070015,14.921196,14.939812,15.070015,14.828064,15.032837,14.883965,15.107178,14.939812,14.921196,14.939812,14.977043,15.051422,14.883965,14.902580,14.828064,15.032837,14.939812,15.088600,15.051422,15.051422,14.958420,14.865326,14.902580,14.846703,14.939812,14.846703,14.809425,14.977043,14.753487,14.995636,14.902580,14.902580,14.697517,14.995636,14.902580,15.237137,15.088600,15.014244,15.274223,14.977043,15.144333,15.107178,15.032837,15.107178,15.162895,14.902580,14.809425,14.977043,14.958420,14.846703,14.921196,14.753487,14.995636,14.865326,14.809425,14.734833,14.939812,14.846703,14.902580,14.921196,15.070015,15.125755,15.032837,14.865326,15.125755,15.070015,15.088600,14.902580,14.753487,14.828064,14.958420,14.697517,15.051422,15.200020,15.088600,14.660179,14.753487,14.902580,14.772133,14.921196,14.809425,15.088600,14.958420,15.070015,14.939812,14.809425,14.883965,15.014244,14.734833,14.939812,14.865326,14.921196,15.144333,15.125755,14.865326,14.939812,14.995636,14.902580,14.790794,15.070015,14.977043,14.846703,14.809425,14.809425,14.828064,14.697517,14.548080,14.772133,14.828064,14.977043,14.678848,14.809425,14.641502,15.051422,14.660179,14.697517,14.809425,14.828064,14.772133,14.809425,14.921196,14.939812,14.865326,14.846703,14.828064,14.716171,14.828064,14.790794,14.939812,14.977043,14.753487,14.902580,14.846703,14.772133,14.660179,14.902580,14.772133,14.846703,14.809425,14.902580,14.921196,14.828064,14.846703,14.753487,14.641502,14.883965,14.846703,14.921196,14.697517,14.846703,14.865326,14.883965,15.032837,14.883965,15.032837,14.734833,14.809425,15.088600,14.790794,14.958420,14.995636,14.921196,15.107178,14.995636,14.939812,14.865326,14.977043,15.070015,14.995636,15.218575,15.014244,15.088600,15.070015,15.125755,
15.514977,15.570435,15.329842,15.422462,15.403938,15.311302,15.459480,15.514977,15.348373,15.551949,15.311302,15.459480,15.311302,15.514977,15.514977,15.477974,15.366905,15.588913,15.533455,15.477974,15.514977,15.718163,15.533455,15.644325,15.570435,15.902481,15.496475,15.607391,16.068031,16.178230,16.526253,16.690620,17.036591,17.072929,17.344955,17.760384,17.850410,18.352852,18.281258,18.692055,18.745483,18.781090,18.941109,18.834473,18.798889,18.941109,18.958870,19.224815,19.118538,19.118538,19.295586,18.994377,19.136261,19.224815,19.047615,19.348618,19.295586,19.277893,19.207108,19.366287,19.189407,19.242508,19.153984,19.472237,19.366287,19.383957,19.313263,19.366287,19.366287,19.313263,19.383957,19.260208,19.330948,19.313263,19.348618,19.207108,19.507530,19.277893,19.436943,19.313263,19.542793,19.578049,19.507530,19.666115,19.595665,19.525154,19.560417,19.648506,19.348618,19.718910,19.560417,19.648506,19.648506,19.683716,19.736496,19.648506,19.666115,19.648506,19.666115,19.701309,19.894638,19.789246,19.630898,19.859520,19.841957,19.929733,19.929733,20.122513,20.140007,19.999893,19.982353,19.999893,19.982353,20.157509,20.174995,20.122513,20.122513,19.947273,20.174995,20.262413,20.297348,20.174995,20.524055,20.541473,20.541473,20.489220,20.471802,20.576286,20.558884,20.628487,20.593697,20.489220,20.628487,20.402061,20.314804,20.454369,20.506645,20.541473,20.611084,20.541473,20.611084,20.732758,20.593697,20.611084,20.854233,20.836899,20.767487,20.836899,20.888908,20.802200,20.906242,20.628487,20.732758,20.888908,21.096642,20.888908,20.802200,20.784843,20.923576,20.871582,21.044754,20.836899,20.854233,20.698021,20.576286,20.715385,20.558884,20.750122,20.645866,20.506645,20.524055,20.419502,20.524055,20.367180,20.384621,20.436943,20.384621,20.174995,20.297348,20.262413,20.157509,20.367180,20.279877,20.384621,20.262413,20.174995,20.209976,20.244934,20.419502,20.436943,20.471802,20.680634,20.576286,20.524055,20.854233,20.628487,20.888908,20.715385,20.871582,20.871582,20.819542,20.698021,20.750122,20.750122,21.027458,21.062057,21.044754,20.958221,20.992851,21.044754,21.027458,21.079346,21.148476,21.165756,20.975533,21.062057,21.096642,21.183029,21.079346,21.113914,21.234810,21.148476,21.234810,21.269310,21.131203,21.200287,21.096642,21.200287,21.372734,21.252068,21.372734,21.165756,21.044754,21.165756,21.062057,21.010155,20.923576,20.888908,20.854233,20.784843,20.836899,20.940895,20.576286,20.819542,20.732758,20.645866,20.784843,20.593697,20.593697,20.558884,20.506645,20.663254,20.541473,20.471802,20.593697,20.506645,20.436943,20.454369,20.384621,20.227455,20.349724,20.174995,20.244934,20.157509,20.174995,20.017418,20.192490,20.052460,19.964821,19.964821,20.087494,20.052460,19.912178,20.192490,20.087494,20.140007,20.227455,20.227455,20.314804,20.297348,20.349724,20.611084,20.576286,20.663254,20.558884,20.471802,20.611084,20.332268,20.436943,20.402061,20.471802,20.332268,20.402061,20.244934,20.192490,20.069977,20.227455,20.279877,20.227455,20.087494,20.034943,20.052460,20.262413,20.052460,19.912178,20.087494,20.034943,19.877083,20.017418,19.912178,19.771667,19.736496,19.666115,19.754082,19.436943,19.507530,19.348618,19.701309,19.401619,19.454590,19.313263,19.348618,19.401619,19.366287,19.065346,19.029869,19.029869,18.709869,18.905579,18.692055,18.727684,18.834473,18.852249,18.620766,18.442253,18.424385,18.102013,18.084076,17.742363,17.580009,17.417351,17.109245,17.000237,16.635872,16.141510,16.104774,15.828796,15.551949,15.385422,15.162895,15.477974,15.292770,15.125755,15.218575,15.237137,15.200020,15.125755,15.162895,15.200020,15.255684,15.218575,15.329842,15.237137,15.218575,15.348373,15.348373,15.070015,15.403938,15.088600,15.218575,15.255684,15.274223,15.125755,15.218575,15.144333,15.162895,15.107178,15.107178,15.051422,15.088600,15.088600,15.274223,15.088600,15.181458,14.883965,15.088600,15.051422,15.107178,15.107178,14.921196,15.032837,15.218575,14.958420,15.088600,15.051422,14.902580,14.809425,14.846703,14.846703,14.995636,14.902580,14.883965,14.641502,15.107178,14.902580,14.902580,14.865326,14.939812,14.883965,14.883965,14.790794,14.809425,14.790794,14.939812,14.809425,14.921196,14.921196,14.995636,14.995636,14.883965,14.977043,14.902580,14.790794,14.734833,14.995636,14.921196,14.902580,15.181458,14.846703,15.014244,14.828064,14.995636,15.107178,14.883965,14.883965,14.995636,14.809425,14.865326,14.902580,14.902580,14.734833,14.790794,14.846703,14.902580,14.883965,14.772133,14.939812,14.828064,14.678848,14.828064,14.753487,14.809425,14.977043,14.828064,14.828064,14.958420,14.809425,14.921196,14.883965,14.958420,14.977043,14.790794,15.070015,15.181458,14.995636,14.977043,14.828064,15.051422,15.144333,15.032837,14.865326,15.088600,15.162895,15.070015,15.032837,14.828064,15.051422,15.088600,15.162895,15.032837,15.032837,15.014244,15.125755,15.070015,14.958420,14.790794,14.939812,15.125755,14.939812,14.846703,14.828064,14.939812,14.828064,14.977043,14.716171,15.032837,14.902580,14.939812,14.958420,14.958420,15.088600,15.051422,15.107178,15.032837,15.051422,15.032837,14.977043,15.366905,15.144333,15.255684,15.032837,14.995636,14.921196,14.883965,14.828064,14.734833,14.828064,14.809425,14.865326,15.014244,14.772133,14.790794,14.977043,14.995636,14.977043,15.014244,15.125755,15.051422,14.939812,15.051422,15.107178,14.865326,14.846703,14.958420,14.921196,15.162895,14.828064,14.846703,14.958420,14.753487,14.865326,14.883965,14.846703,14.958420,15.014244,14.902580,14.883965,14.809425,14.958420,14.809425,14.641502,15.107178,14.828064,14.958420,14.995636,14.883965,14.883965,14.772133,14.828064,14.995636,14.622826,14.716171,14.716171,14.753487,14.697517,14.772133,14.790794,14.678848,14.883965,14.660179,14.753487,14.772133,14.809425,15.014244,14.622826,14.585457,14.604141,14.846703,14.585457,14.828064,14.772133,14.716171,14.641502,14.846703,14.883965,14.995636,15.088600,14.902580,14.697517,14.734833,14.883965,14.734833,14.734833,14.753487,14.828064,14.622826,14.921196,14.809425,14.604141,14.753487,14.790794,14.809425,14.921196,14.716171,14.828064,14.716171,14.977043,14.939812,14.995636,14.828064,15.014244,14.865326,14.921196,14.958420,14.846703,14.939812,15.014244,15.200020,14.902580,15.162895,14.828064,14.958420,14.958420,14.939812,14.977043,14.828064,15.051422,15.070015,14.846703,15.125755,14.902580,15.014244,15.144333,15.088600,14.995636,15.181458,15.218575,15.070015,14.977043,15.422462,
15.514977,15.496475,15.607391,15.533455,15.422462,15.403938,15.366905,15.274223,15.329842,15.551949,15.385422,15.403938,15.588913,15.496475,15.570435,15.514977,15.440964,15.292770,15.477974,15.440964,15.274223,15.533455,15.422462,15.828796,15.588913,15.718163,15.828796,15.570435,15.976097,16.214928,16.343254,16.708862,16.982056,17.399261,17.507759,17.814415,17.904396,18.245445,18.102013,18.585091,18.620766,18.727684,18.763298,18.816673,18.958870,18.852249,18.958870,19.118538,19.029869,18.958870,18.834473,19.153984,19.153984,19.277893,19.065346,19.189407,19.366287,19.277893,19.383957,19.189407,19.171692,19.419281,19.383957,19.595665,19.348618,19.224815,19.277893,19.189407,19.242508,19.348618,19.207108,19.419281,19.207108,19.224815,19.295586,19.401619,19.366287,19.313263,19.224815,19.366287,19.401619,19.525154,19.330948,19.560417,19.348618,19.454590,19.472237,19.525154,19.525154,19.560417,19.578049,19.525154,19.754082,19.578049,19.560417,19.525154,19.560417,19.595665,19.701309,19.754082,19.648506,19.542793,19.859520,19.701309,19.789246,19.789246,19.824394,19.947273,19.912178,19.859520,19.859520,19.999893,19.999893,19.859520,19.912178,20.052460,20.087494,20.122513,19.964821,20.105003,20.297348,20.297348,20.244934,20.262413,20.349724,20.332268,20.436943,20.402061,20.402061,20.436943,20.558884,20.314804,20.436943,20.489220,20.314804,20.367180,20.419502,20.454369,20.314804,20.506645,20.454369,20.524055,20.541473,20.402061,20.680634,20.576286,20.628487,20.802200,20.802200,20.767487,20.767487,20.836899,20.923576,20.732758,20.698021,20.732758,20.940895,20.715385,20.923576,20.663254,20.854233,20.906242,20.819542,20.958221,20.750122,20.663254,20.645866,20.576286,20.506645,20.436943,20.489220,20.297348,20.227455,20.436943,20.506645,20.052460,20.209976,20.227455,20.105003,20.087494,20.122513,20.349724,20.174995,20.209976,20.262413,20.209976,20.157509,20.174995,20.279877,20.297348,20.367180,20.402061,20.436943,20.611084,20.558884,20.558884,20.593697,20.802200,20.888908,20.975533,20.593697,20.923576,20.854233,20.854233,20.888908,21.113914,20.906242,20.940895,21.148476,21.027458,20.871582,20.940895,20.923576,21.027458,21.027458,20.958221,20.923576,21.217552,20.923576,20.923576,21.096642,21.044754,21.027458,21.200287,21.148476,21.183029,21.234810,21.096642,21.131203,21.131203,21.200287,21.079346,21.027458,21.148476,21.079346,21.200287,20.958221,21.062057,20.836899,20.923576,20.871582,21.010155,20.975533,20.715385,20.628487,20.836899,20.628487,20.732758,20.645866,20.541473,20.524055,20.419502,20.454369,20.524055,20.489220,20.314804,20.471802,20.419502,20.402061,20.332268,20.419502,20.314804,20.209976,20.192490,20.087494,19.964821,19.999893,19.947273,19.859520,19.841957,20.052460,19.912178,19.806816,19.999893,19.982353,20.192490,20.157509,20.087494,20.332268,20.349724,20.541473,20.663254,20.698021,20.576286,20.489220,20.454369,20.402061,20.506645,20.454369,20.402061,20.419502,20.262413,20.314804,20.349724,19.964821,20.297348,20.157509,20.157509,20.227455,19.894638,19.947273,20.052460,20.017418,19.947273,19.964821,19.824394,19.964821,19.841957,19.859520,19.560417,19.736496,19.701309,19.683716,19.683716,19.877083,19.454590,19.489883,19.578049,19.489883,19.330948,19.330948,19.242508,19.348618,19.083084,19.047615,19.029869,18.958870,19.171692,18.781090,18.834473,18.905579,18.709869,18.495850,18.638596,18.638596,18.495850,18.209602,18.084076,17.832420,17.670250,17.435440,17.236252,16.927490,16.562805,16.159874,16.123146,15.865646,15.570435,15.496475,15.403938,15.218575,15.255684,15.051422,15.088600,15.311302,15.107178,15.162895,15.329842,15.348373,15.348373,15.274223,15.200020,15.144333,15.311302,15.348373,15.181458,15.255684,15.237137,15.237137,14.921196,15.311302,15.200020,15.292770,15.125755,15.218575,15.218575,15.144333,15.014244,15.162895,15.218575,15.107178,15.218575,15.125755,15.107178,14.995636,15.125755,15.070015,15.162895,15.162895,15.088600,14.977043,15.032837,15.014244,15.088600,14.902580,14.828064,14.790794,14.958420,14.865326,14.883965,14.921196,14.828064,14.939812,14.902580,14.958420,14.939812,14.939812,14.809425,15.032837,14.921196,14.921196,14.828064,14.697517,15.014244,14.939812,14.772133,15.032837,14.977043,14.641502,14.958420,14.921196,14.883965,14.846703,14.697517,14.865326,14.716171,14.753487,14.865326,14.939812,14.790794,14.809425,14.828064,14.883965,14.846703,14.828064,14.809425,14.939812,14.790794,14.939812,15.032837,14.902580,14.753487,14.846703,14.883965,14.883965,14.958420,14.958420,14.902580,14.753487,14.939812,14.753487,14.678848,14.790794,14.883965,14.865326,14.939812,14.734833,14.772133,14.828064,14.790794,15.051422,14.921196,15.125755,14.865326,14.958420,15.181458,14.939812,14.939812,14.995636,14.939812,14.921196,15.107178,15.125755,15.088600,15.107178,15.237137,14.995636,14.883965,15.014244,14.977043,15.107178,14.977043,14.958420,14.902580,14.883965,15.088600,14.939812,14.902580,14.828064,14.678848,14.790794,14.734833,15.125755,14.939812,14.977043,14.865326,14.921196,14.734833,15.014244,14.958420,14.921196,15.051422,15.125755,15.311302,15.237137,15.162895,15.088600,15.200020,15.274223,14.921196,15.107178,15.070015,14.697517,14.995636,14.865326,14.883965,14.865326,14.678848,14.958420,14.809425,14.921196,14.921196,14.958420,14.958420,14.939812,15.051422,15.032837,14.753487,15.107178,15.070015,14.809425,15.051422,15.237137,15.125755,14.977043,15.014244,15.014244,14.995636,15.051422,14.995636,15.014244,14.995636,14.865326,14.977043,14.977043,14.958420,14.921196,14.846703,14.865326,15.014244,14.958420,14.958420,14.846703,14.921196,14.902580,14.865326,15.032837,14.865326,14.828064,14.921196,14.753487,15.014244,15.032837,14.977043,14.716171,14.958420,14.548080,14.846703,14.977043,14.809425,14.921196,14.790794,14.734833,14.846703,14.939812,14.697517,14.865326,14.809425,14.790794,14.753487,14.716171,14.809425,14.716171,14.753487,14.753487,14.809425,14.772133,14.772133,14.809425,14.809425,14.734833,14.790794,14.902580,14.921196,14.883965,14.883965,14.939812,14.753487,14.809425,14.753487,14.809425,14.678848,14.753487,14.772133,14.809425,14.865326,14.921196,14.883965,14.809425,14.995636,14.865326,14.921196,14.883965,14.902580,15.125755,14.958420,15.107178,14.995636,15.070015,14.921196,15.070015,14.828064,14.995636,15.144333,14.902580,14.995636,14.902580,14.939812,14.995636,15.274223,14.846703,14.846703,15.032837,15.070015,15.162895,15.200020,15.162895,15.144333,15.329842,15.274223,
15.440964,15.625862,15.496475,15.681252,15.514977,15.440964,15.551949,15.699715,15.385422,15.662788,15.440964,15.459480,15.514977,15.902481,15.366905,15.718163,15.477974,15.570435,15.477974,15.791931,15.644325,15.625862,15.514977,15.810371,15.459480,15.718163,15.847229,16.049652,16.068031,16.453102,16.836464,16.818245,17.091087,17.218117,17.724342,17.616119,17.940361,18.388626,18.442253,18.334953,18.531555,18.674240,18.798889,18.905579,19.029869,18.958870,18.976631,18.887802,18.887802,19.012123,18.923340,19.083084,19.171692,19.260208,19.171692,18.887802,19.083084,19.171692,19.171692,19.136261,19.083084,19.224815,19.295586,19.153984,19.224815,19.207108,19.207108,19.242508,19.118538,19.100807,19.277893,19.207108,19.330948,19.118538,19.366287,19.295586,19.260208,19.260208,19.224815,19.277893,19.313263,19.295586,19.401619,19.489883,19.189407,19.348618,19.771667,19.401619,19.489883,19.383957,19.224815,19.525154,19.560417,19.701309,19.666115,19.666115,19.525154,19.701309,19.613289,19.683716,19.894638,19.525154,19.666115,19.894638,19.771667,19.929733,19.771667,19.929733,19.859520,19.964821,19.824394,19.999893,19.999893,19.806816,19.841957,19.964821,19.982353,20.034943,20.069977,20.174995,20.297348,20.227455,20.034943,20.297348,20.314804,20.262413,20.558884,20.436943,20.384621,20.227455,20.454369,20.402061,20.367180,20.297348,20.034943,20.332268,20.436943,20.314804,20.227455,20.332268,20.541473,20.524055,20.541473,20.471802,20.558884,20.419502,20.819542,20.680634,20.506645,20.645866,20.576286,20.732758,20.611084,20.784843,20.645866,20.819542,20.854233,20.698021,20.698021,20.802200,20.698021,20.732758,20.767487,20.698021,20.680634,20.645866,20.471802,20.576286,20.436943,20.506645,20.314804,20.192490,20.314804,20.174995,20.174995,20.122513,19.964821,20.087494,20.122513,20.244934,19.877083,20.087494,19.964821,20.087494,20.052460,20.140007,20.105003,20.122513,20.157509,20.262413,20.122513,19.912178,20.209976,20.471802,20.279877,20.558884,20.454369,20.767487,20.645866,20.715385,20.680634,20.836899,20.767487,20.836899,20.871582,20.767487,20.802200,20.992851,20.680634,20.958221,21.062057,21.010155,20.975533,20.958221,20.871582,21.044754,20.819542,20.958221,20.854233,21.010155,20.836899,21.027458,20.854233,21.148476,21.165756,21.062057,21.113914,21.113914,21.096642,21.200287,20.975533,21.183029,21.010155,21.079346,21.131203,20.992851,20.992851,20.906242,20.923576,20.854233,20.819542,20.802200,20.906242,20.923576,20.767487,20.854233,20.680634,20.576286,20.541473,20.645866,20.576286,20.524055,20.192490,20.314804,20.332268,20.471802,20.244934,20.209976,20.279877,20.157509,20.174995,20.140007,20.087494,20.017418,19.964821,19.929733,19.947273,19.877083,19.859520,20.105003,19.964821,19.982353,19.982353,19.841957,20.140007,20.069977,20.140007,20.227455,20.157509,20.332268,20.367180,20.349724,20.454369,20.611084,20.349724,20.593697,20.332268,20.593697,20.471802,20.489220,20.262413,20.297348,20.384621,20.297348,20.034943,20.140007,20.157509,20.105003,20.052460,19.999893,19.894638,19.999893,19.947273,19.701309,19.736496,19.859520,19.894638,19.841957,19.595665,19.666115,19.630898,19.841957,19.525154,19.595665,19.595665,19.630898,19.648506,19.489883,19.489883,19.242508,19.436943,19.136261,19.136261,19.153984,19.065346,19.083084,18.852249,18.941109,18.781090,18.941109,18.692055,18.834473,18.727684,18.745483,18.370735,18.352852,18.155830,18.030205,17.724342,17.742363,17.344955,17.072929,16.854668,16.507973,16.196571,16.049652,15.755058,15.644325,15.459480,15.311302,15.514977,15.237137,15.107178,15.014244,15.255684,15.237137,15.032837,15.385422,15.274223,15.181458,15.218575,15.385422,15.311302,15.403938,15.181458,15.292770,15.237137,15.274223,15.385422,15.329842,15.218575,15.088600,15.329842,15.107178,15.181458,15.088600,15.088600,15.329842,14.958420,15.088600,15.181458,15.144333,14.977043,14.939812,14.846703,14.958420,14.977043,14.995636,15.070015,15.032837,15.125755,15.125755,15.107178,14.977043,14.995636,14.865326,14.921196,14.958420,14.846703,14.883965,14.697517,14.939812,14.958420,15.032837,14.977043,14.772133,14.883965,14.846703,14.995636,14.958420,14.828064,14.939812,15.032837,14.995636,15.070015,14.921196,14.697517,14.846703,14.697517,14.753487,14.828064,14.921196,15.014244,14.790794,14.809425,14.883965,14.883965,14.958420,14.865326,14.772133,14.865326,14.772133,15.032837,14.921196,14.753487,14.865326,14.921196,14.921196,14.846703,14.697517,14.995636,15.070015,14.902580,14.883965,15.051422,14.902580,14.977043,14.921196,14.753487,14.828064,14.772133,15.070015,14.902580,14.883965,14.790794,14.995636,14.865326,14.883965,14.958420,14.883965,14.902580,14.902580,14.995636,14.977043,14.883965,15.088600,15.070015,14.921196,15.144333,15.125755,15.125755,15.032837,14.921196,15.125755,15.162895,14.995636,14.902580,14.958420,15.070015,14.995636,15.014244,15.032837,15.051422,15.218575,14.902580,15.051422,14.958420,14.995636,14.790794,15.237137,14.883965,14.958420,15.237137,15.032837,15.014244,14.939812,14.921196,14.977043,14.772133,14.995636,15.032837,15.107178,15.218575,15.032837,15.255684,15.014244,15.255684,15.237137,15.218575,15.311302,15.014244,15.070015,15.014244,15.144333,14.921196,15.088600,15.181458,14.846703,14.883965,14.865326,14.902580,14.958420,14.958420,14.883965,14.995636,14.939812,15.014244,14.865326,15.032837,14.921196,14.846703,15.070015,15.070015,15.070015,14.977043,15.088600,14.902580,15.032837,14.828064,15.125755,15.144333,14.995636,14.939812,15.107178,14.772133,14.902580,15.144333,14.790794,14.921196,14.902580,14.939812,14.902580,14.902580,14.734833,15.032837,15.125755,15.014244,14.716171,14.828064,15.014244,14.921196,14.865326,14.995636,14.939812,14.883965,14.622826,14.753487,15.032837,14.772133,15.051422,14.604141,14.772133,14.939812,14.846703,14.846703,14.977043,14.753487,14.716171,14.772133,14.790794,14.865326,14.939812,14.585457,14.753487,14.753487,14.753487,14.883965,14.809425,14.790794,14.622826,14.958420,14.716171,14.921196,14.697517,14.939812,14.790794,14.697517,14.902580,14.883965,14.435844,14.865326,14.753487,14.772133,14.865326,14.921196,14.995636,14.865326,14.902580,14.772133,15.125755,14.828064,15.107178,14.809425,14.977043,14.716171,14.958420,15.014244,14.828064,14.939812,15.144333,14.902580,15.144333,14.678848,14.902580,14.902580,14.939812,14.846703,14.977043,14.865326,14.828064,14.846703,15.181458,14.809425,14.977043,15.162895,15.032837,15.144333,14.921196,15.237137,15.125755,
15.847229,15.791931,15.533455,15.607391,15.551949,15.422462,15.681252,15.773499,15.681252,15.477974,15.422462,15.551949,15.514977,15.773499,15.496475,15.791931,15.625862,15.570435,15.607391,15.477974,15.607391,15.607391,15.847229,15.810371,15.791931,15.699715,15.884071,16.031273,16.159874,16.324928,16.453102,16.909286,17.218117,17.344955,17.561958,17.832420,17.543900,17.904396,18.245445,18.495850,18.709869,18.602928,18.834473,18.816673,18.834473,18.745483,18.674240,18.941109,18.994377,18.709869,18.887802,19.083084,18.976631,19.136261,18.994377,19.100807,19.012123,19.047615,19.083084,19.348618,19.029869,19.295586,19.136261,19.242508,19.047615,19.224815,19.171692,19.100807,19.171692,19.295586,19.277893,19.189407,19.224815,19.153984,19.047615,19.277893,19.348618,19.313263,19.100807,19.313263,19.029869,19.366287,19.224815,19.260208,19.313263,19.348618,19.383957,19.330948,19.489883,19.525154,19.260208,19.419281,19.419281,19.525154,19.595665,19.436943,19.472237,19.666115,19.560417,19.630898,19.595665,19.771667,19.929733,19.578049,19.507530,19.613289,19.912178,19.754082,19.964821,19.771667,20.157509,19.806816,19.841957,19.999893,19.789246,20.069977,20.052460,19.806816,19.947273,19.964821,20.105003,20.244934,20.122513,20.052460,20.174995,20.314804,20.297348,20.349724,20.332268,20.279877,20.227455,20.209976,20.122513,20.279877,20.087494,20.279877,20.174995,20.105003,20.157509,20.384621,20.279877,20.192490,20.419502,20.402061,20.436943,20.367180,20.558884,20.489220,20.489220,20.558884,20.489220,20.611084,20.593697,20.663254,20.558884,20.541473,20.419502,20.593697,20.819542,20.645866,20.524055,20.663254,20.506645,20.524055,20.558884,20.663254,20.402061,20.419502,20.314804,20.244934,20.017418,20.174995,20.105003,20.087494,19.964821,19.964821,19.947273,19.947273,20.069977,19.929733,19.912178,19.929733,19.806816,19.999893,19.947273,20.017418,19.912178,20.157509,20.069977,20.192490,20.052460,20.122513,20.262413,20.279877,20.384621,20.611084,20.680634,20.611084,20.558884,20.906242,20.645866,20.784843,20.732758,20.836899,20.958221,20.888908,20.923576,20.992851,20.906242,20.854233,20.836899,21.010155,20.888908,20.940895,20.802200,20.854233,21.044754,20.784843,20.923576,20.871582,20.906242,20.784843,21.062057,21.010155,21.062057,21.079346,20.854233,21.079346,20.992851,20.992851,21.113914,20.940895,21.131203,21.165756,21.131203,21.027458,20.906242,21.079346,20.923576,20.802200,20.923576,20.923576,20.784843,20.923576,20.732758,20.940895,20.645866,20.732758,20.732758,20.923576,20.593697,20.576286,20.471802,20.506645,20.349724,20.367180,20.367180,20.227455,20.384621,20.367180,20.192490,20.227455,20.122513,20.069977,19.929733,20.087494,19.929733,20.105003,19.771667,20.017418,19.947273,19.982353,20.034943,20.069977,19.877083,20.034943,19.999893,20.262413,20.244934,20.209976,20.419502,20.506645,20.506645,20.628487,20.524055,20.524055,20.471802,20.297348,20.332268,20.262413,20.384621,20.279877,20.244934,20.105003,20.069977,19.999893,20.244934,19.999893,20.087494,20.069977,19.964821,20.157509,20.052460,19.754082,19.894638,19.894638,19.701309,19.841957,19.718910,19.630898,19.630898,19.754082,19.877083,19.595665,19.578049,19.419281,19.683716,19.436943,19.348618,19.472237,19.348618,19.295586,19.171692,19.207108,19.366287,18.923340,18.994377,18.958870,18.834473,19.083084,18.674240,18.763298,18.567253,18.745483,18.585091,18.460121,18.137894,17.958336,17.922386,17.543900,17.435440,17.145554,16.818245,16.599342,16.251610,15.902481,15.810371,15.496475,15.533455,15.422462,15.366905,15.311302,15.144333,15.274223,15.200020,15.255684,15.218575,15.311302,15.311302,15.366905,15.292770,15.329842,15.200020,15.200020,15.181458,15.200020,15.311302,15.292770,15.274223,15.237137,15.422462,15.292770,15.070015,15.181458,15.200020,15.181458,14.977043,15.051422,15.032837,15.162895,14.939812,15.070015,15.125755,15.088600,15.070015,15.014244,14.883965,15.032837,14.939812,15.032837,15.162895,14.977043,14.958420,14.828064,14.828064,14.902580,14.921196,14.939812,14.939812,14.772133,14.883965,14.921196,14.977043,15.162895,14.865326,15.014244,14.883965,14.977043,14.846703,15.051422,14.865326,14.958420,14.846703,14.958420,14.939812,15.032837,14.865326,14.883965,14.753487,14.828064,14.865326,14.921196,14.865326,14.902580,14.753487,14.939812,14.790794,14.939812,14.772133,14.790794,14.734833,14.809425,14.902580,14.939812,14.865326,14.921196,14.939812,14.939812,15.014244,14.809425,14.772133,14.939812,14.902580,14.921196,14.902580,14.958420,14.902580,14.790794,14.977043,14.921196,14.753487,15.014244,14.977043,14.977043,14.790794,14.734833,14.883965,14.939812,14.865326,14.921196,14.846703,15.107178,15.070015,15.032837,14.939812,15.125755,15.014244,14.995636,15.255684,15.107178,15.014244,15.051422,15.051422,15.107178,15.070015,14.995636,15.051422,15.088600,15.032837,14.939812,14.977043,15.088600,14.977043,15.070015,14.921196,15.051422,14.939812,15.014244,14.939812,14.809425,14.995636,15.088600,15.032837,14.939812,14.753487,15.070015,14.902580,14.958420,14.921196,14.977043,15.088600,15.162895,15.125755,15.051422,15.125755,15.181458,15.051422,15.274223,15.181458,15.107178,14.995636,15.014244,14.958420,14.883965,15.181458,14.828064,14.772133,14.734833,14.772133,14.921196,14.921196,14.865326,14.678848,14.958420,14.921196,15.014244,14.977043,14.977043,15.144333,14.809425,14.977043,14.865326,15.107178,15.125755,14.977043,14.958420,14.846703,15.051422,14.883965,14.995636,15.144333,15.032837,14.977043,14.809425,14.846703,14.865326,14.883965,15.014244,14.902580,15.032837,14.939812,14.753487,14.828064,14.883965,14.921196,15.032837,14.995636,14.790794,14.790794,14.865326,14.622826,14.939812,14.939812,14.734833,14.921196,14.883965,14.641502,14.958420,14.902580,14.846703,14.790794,14.977043,14.772133,14.772133,15.162895,14.846703,14.846703,14.828064,14.865326,14.883965,14.902580,14.865326,14.995636,14.921196,14.902580,15.032837,14.790794,14.846703,14.678848,14.846703,14.865326,14.883965,14.790794,14.678848,14.958420,14.734833,14.790794,14.716171,14.902580,14.902580,14.828064,14.790794,14.734833,14.828064,14.734833,14.902580,14.958420,14.939812,15.014244,14.921196,15.051422,15.014244,14.939812,14.883965,14.809425,15.014244,14.846703,15.088600,14.995636,15.125755,14.809425,14.958420,15.014244,14.846703,15.107178,14.772133,14.846703,15.144333,14.846703,14.902580,14.939812,15.051422,14.846703,15.014244,15.107178,15.200020,14.846703,15.107178,15.403938,15.125755,
15.902481,15.791931,15.847229,15.939293,15.496475,15.810371,15.791931,15.810371,15.718163,15.865646,15.736610,15.957695,15.847229,15.662788,15.755058,15.994492,15.939293,15.791931,16.068031,15.718163,15.773499,15.791931,15.865646,16.068031,15.939293,16.123146,16.049652,16.012886,16.398201,16.507973,16.872887,16.891090,17.109245,17.326851,17.381157,17.886406,17.958336,18.119965,18.209602,18.263351,18.477982,18.692055,18.674240,18.798889,18.638596,18.816673,18.834473,19.029869,18.976631,18.763298,18.870033,19.224815,19.065346,19.012123,18.976631,18.994377,19.029869,19.224815,18.994377,18.958870,19.100807,19.100807,19.047615,19.153984,19.065346,19.171692,18.941109,19.047615,19.118538,19.224815,19.100807,19.224815,19.153984,19.207108,19.136261,19.171692,19.171692,19.242508,19.207108,19.171692,19.207108,19.189407,19.401619,19.348618,19.277893,19.083084,19.507530,19.242508,19.313263,19.648506,19.419281,19.242508,19.578049,19.489883,19.436943,19.630898,19.436943,19.401619,19.613289,19.366287,19.666115,19.560417,19.789246,19.666115,19.754082,19.683716,19.771667,19.525154,19.947273,19.754082,19.771667,19.982353,19.789246,19.964821,19.964821,19.841957,19.947273,19.964821,20.174995,19.999893,20.209976,20.244934,20.262413,20.314804,20.122513,20.454369,20.279877,20.349724,20.332268,20.419502,20.244934,20.297348,20.384621,20.244934,20.192490,20.069977,20.244934,20.227455,20.541473,20.192490,20.314804,20.192490,20.262413,20.384621,20.297348,20.715385,20.541473,20.384621,20.419502,20.436943,20.611084,20.506645,20.506645,20.524055,20.384621,20.471802,20.576286,20.593697,20.489220,20.454369,20.576286,20.576286,20.750122,20.524055,20.593697,20.454369,20.227455,20.244934,20.332268,20.174995,20.192490,20.087494,20.140007,19.999893,20.069977,19.964821,19.912178,19.789246,20.052460,19.877083,19.929733,19.806816,19.771667,19.824394,19.912178,19.736496,19.806816,19.999893,19.824394,19.929733,19.964821,20.087494,19.999893,20.140007,20.297348,20.402061,20.611084,20.349724,20.454369,20.750122,20.906242,20.750122,20.819542,20.663254,20.802200,20.854233,20.715385,20.906242,20.767487,20.940895,20.871582,20.975533,20.715385,20.836899,20.611084,20.958221,20.784843,20.958221,20.836899,20.888908,20.992851,20.958221,20.836899,20.923576,20.923576,20.923576,20.975533,20.923576,20.888908,20.992851,20.836899,20.940895,21.044754,20.906242,20.940895,20.836899,21.062057,20.888908,20.802200,20.854233,21.044754,20.992851,20.784843,20.871582,20.871582,20.854233,20.802200,20.732758,20.750122,20.784843,20.593697,20.663254,20.454369,20.436943,20.349724,20.436943,20.314804,20.367180,20.192490,20.262413,20.279877,20.174995,19.912178,20.192490,19.982353,19.947273,19.912178,19.824394,19.964821,19.859520,19.929733,19.947273,19.964821,19.859520,20.052460,19.964821,20.052460,19.982353,20.227455,20.209976,20.244934,20.349724,20.367180,20.558884,20.384621,20.314804,20.279877,20.332268,20.227455,20.157509,20.297348,20.297348,20.192490,20.279877,20.105003,19.947273,20.122513,19.789246,20.052460,19.964821,19.841957,19.947273,19.683716,19.718910,19.806816,19.912178,19.894638,19.648506,19.841957,19.613289,19.542793,19.613289,19.578049,19.366287,19.489883,19.436943,19.419281,19.313263,19.383957,19.542793,19.313263,19.100807,18.887802,19.029869,19.207108,18.941109,18.816673,19.083084,18.709869,18.887802,18.887802,18.727684,18.602928,18.656418,18.513702,18.137894,18.119965,17.886406,17.832420,17.742363,17.453522,17.000237,16.763573,16.690620,16.324928,15.920883,15.718163,15.514977,15.459480,15.366905,15.274223,15.237137,15.181458,15.014244,15.107178,15.218575,15.200020,15.348373,15.329842,15.366905,15.162895,15.292770,15.311302,15.329842,15.107178,15.329842,15.329842,15.255684,15.533455,15.366905,15.348373,15.292770,15.366905,15.274223,14.921196,15.144333,15.200020,15.385422,15.032837,15.200020,15.237137,15.088600,14.939812,15.181458,15.014244,15.107178,14.846703,15.107178,15.181458,15.107178,15.051422,15.014244,14.995636,15.200020,15.051422,14.902580,14.958420,15.032837,15.088600,14.939812,14.977043,14.977043,14.958420,14.828064,14.995636,15.032837,14.958420,15.125755,14.958420,14.902580,15.125755,14.697517,14.902580,14.977043,14.902580,15.107178,15.014244,14.939812,15.088600,14.734833,14.846703,14.809425,14.902580,14.977043,14.865326,14.809425,14.958420,15.051422,14.883965,14.790794,14.641502,14.921196,14.902580,14.865326,14.809425,14.902580,14.939812,15.032837,14.939812,14.790794,14.977043,14.921196,14.865326,14.865326,14.828064,14.846703,15.014244,14.883965,14.716171,14.995636,14.977043,14.883965,15.014244,14.977043,14.772133,14.958420,14.828064,14.883965,14.995636,14.958420,14.939812,14.939812,15.162895,14.939812,15.051422,15.162895,15.107178,14.902580,15.070015,14.958420,14.958420,15.014244,15.107178,14.995636,15.014244,14.995636,15.032837,14.958420,15.051422,14.995636,15.032837,14.828064,14.995636,14.734833,14.977043,14.865326,14.921196,14.846703,14.939812,15.051422,14.977043,15.070015,14.958420,15.032837,14.846703,14.977043,15.088600,15.088600,15.107178,15.125755,15.162895,15.070015,15.385422,15.088600,15.311302,15.125755,15.255684,15.144333,15.218575,15.292770,15.200020,14.939812,15.051422,14.828064,15.070015,14.846703,14.734833,15.144333,15.032837,15.051422,14.828064,15.088600,14.716171,14.958420,14.995636,14.828064,15.274223,14.921196,15.125755,14.939812,15.070015,14.921196,14.902580,15.162895,14.995636,15.107178,14.809425,14.939812,15.014244,14.939812,15.088600,14.902580,15.125755,14.977043,14.977043,15.088600,14.790794,14.828064,14.828064,14.772133,14.809425,15.070015,14.921196,15.107178,14.902580,15.125755,14.734833,14.772133,14.883965,14.790794,14.883965,14.790794,14.865326,14.846703,14.902580,14.641502,14.716171,14.902580,14.734833,14.734833,14.585457,14.790794,14.772133,14.734833,14.697517,14.697517,14.510681,14.660179,14.753487,14.809425,14.828064,14.697517,14.902580,14.865326,14.678848,14.921196,14.809425,14.641502,14.921196,14.902580,14.753487,14.865326,14.939812,14.921196,14.772133,14.846703,14.585457,14.995636,14.828064,15.051422,14.958420,14.697517,14.958420,14.809425,14.753487,14.902580,14.809425,14.902580,14.902580,14.753487,14.977043,15.032837,14.809425,14.902580,14.902580,15.088600,14.977043,15.014244,14.828064,15.125755,15.200020,14.865326,14.678848,15.088600,15.032837,15.032837,15.088600,14.883965,15.292770,14.828064,15.070015,14.921196,15.032837,14.939812,15.070015,15.051422,15.200020,15.200020,15.329842,15.385422,
16.049652,16.104774,16.159874,16.049652,15.847229,15.865646,15.957695,15.902481,15.939293,16.049652,16.049652,15.865646,15.957695,15.939293,15.828796,16.233269,16.068031,15.976097,15.939293,16.049652,16.086403,15.902481,15.920883,15.957695,15.884071,16.141510,16.178230,16.489677,16.361572,16.581078,16.945679,17.109245,17.326851,17.471611,17.363060,17.706314,17.832420,18.137894,18.084076,18.424385,18.692055,18.531555,18.798889,18.567253,18.513702,18.745483,18.745483,18.852249,18.941109,18.976631,18.941109,18.834473,19.100807,18.905579,18.763298,19.118538,18.941109,19.012123,18.905579,19.136261,18.887802,18.870033,18.994377,18.958870,19.136261,19.189407,19.207108,18.958870,19.171692,19.118538,19.047615,19.136261,19.065346,19.136261,19.224815,19.136261,19.260208,19.047615,18.923340,19.153984,19.065346,19.242508,19.383957,19.100807,19.383957,19.366287,19.436943,19.136261,19.242508,19.348618,19.472237,19.383957,19.560417,19.436943,19.525154,19.436943,19.489883,19.454590,19.578049,19.630898,19.542793,19.507530,19.436943,19.824394,19.736496,19.841957,19.718910,19.824394,19.718910,19.912178,19.841957,19.929733,19.982353,19.912178,20.069977,19.999893,19.912178,19.877083,20.017418,20.017418,20.069977,20.209976,19.947273,20.436943,20.087494,20.349724,20.279877,20.227455,20.314804,20.105003,20.297348,19.999893,20.209976,20.244934,20.122513,20.174995,20.402061,20.069977,20.157509,20.279877,20.209976,20.157509,20.140007,20.297348,20.314804,20.367180,20.454369,20.192490,20.262413,20.279877,20.402061,20.506645,20.262413,20.436943,20.489220,20.436943,20.332268,20.541473,20.436943,20.524055,20.436943,20.314804,20.506645,20.593697,20.349724,20.419502,20.157509,20.279877,20.332268,20.192490,20.069977,20.017418,20.122513,20.069977,19.894638,19.912178,19.718910,19.929733,19.666115,19.912178,19.806816,19.701309,19.771667,19.806816,19.894638,19.841957,19.929733,19.771667,19.683716,19.947273,19.683716,20.034943,20.087494,20.069977,20.087494,20.174995,20.157509,20.367180,20.314804,20.454369,20.680634,20.454369,20.593697,20.558884,20.611084,20.680634,20.784843,20.732758,20.663254,20.645866,20.819542,20.750122,20.854233,20.576286,20.663254,20.750122,20.715385,20.698021,20.645866,20.715385,20.819542,20.784843,20.871582,20.680634,20.732758,20.854233,20.958221,20.854233,20.958221,20.698021,20.871582,21.027458,20.888908,20.819542,20.923576,20.750122,20.923576,20.958221,20.784843,20.888908,20.715385,20.871582,20.680634,20.923576,20.854233,20.767487,20.663254,20.663254,20.732758,20.663254,20.645866,20.541473,20.645866,20.436943,20.244934,20.454369,20.367180,20.244934,20.227455,20.349724,20.192490,20.052460,20.052460,20.052460,19.964821,19.999893,19.894638,19.929733,19.929733,19.947273,19.894638,19.877083,19.982353,19.964821,19.929733,20.052460,20.034943,19.929733,20.262413,20.279877,20.297348,20.384621,20.384621,20.367180,20.454369,20.402061,20.367180,20.262413,20.209976,20.192490,20.262413,20.227455,20.244934,20.122513,20.157509,20.052460,20.105003,19.947273,20.174995,19.947273,19.754082,19.877083,19.736496,19.789246,19.947273,19.877083,19.754082,19.754082,19.736496,19.701309,19.771667,19.701309,19.736496,19.489883,19.419281,19.277893,19.507530,19.472237,19.472237,19.207108,19.100807,19.260208,18.958870,19.189407,19.083084,18.958870,18.816673,19.012123,18.798889,18.816673,18.709869,18.692055,18.585091,18.495850,18.513702,18.531555,18.048164,18.102013,17.886406,17.580009,17.308739,17.145554,16.763573,16.489677,16.416496,16.104774,15.828796,15.459480,15.570435,15.422462,15.533455,15.403938,15.032837,15.311302,15.255684,15.237137,15.329842,15.218575,15.218575,15.107178,15.181458,15.422462,15.311302,15.385422,15.311302,15.329842,15.181458,15.385422,15.422462,15.366905,15.459480,15.311302,15.088600,15.200020,15.200020,15.329842,15.218575,15.088600,15.181458,15.162895,14.977043,15.051422,15.144333,15.088600,14.977043,15.144333,15.125755,15.144333,15.088600,15.107178,15.032837,15.292770,14.883965,15.070015,15.014244,14.921196,14.902580,14.902580,14.828064,14.846703,14.921196,15.088600,15.088600,14.883965,14.753487,14.902580,14.902580,14.958420,15.144333,14.939812,15.032837,14.958420,14.828064,14.865326,14.958420,15.051422,14.641502,14.846703,14.716171,14.977043,15.032837,14.828064,14.977043,15.125755,14.809425,15.014244,14.865326,14.921196,14.865326,14.846703,14.753487,14.921196,14.809425,15.032837,15.014244,14.865326,15.070015,14.958420,14.790794,14.828064,14.865326,14.958420,14.772133,14.883965,14.939812,14.790794,14.772133,14.772133,15.014244,14.828064,15.014244,14.883965,14.846703,14.809425,14.790794,14.921196,15.070015,15.107178,15.125755,14.995636,15.032837,14.828064,14.995636,15.125755,15.051422,15.070015,14.995636,14.865326,14.902580,15.070015,15.070015,15.274223,14.939812,15.274223,15.070015,15.051422,15.144333,14.977043,14.939812,14.939812,15.088600,15.051422,14.995636,15.088600,14.902580,15.107178,14.846703,14.977043,14.995636,15.070015,15.032837,15.070015,15.014244,15.329842,15.032837,14.846703,15.014244,15.032837,14.921196,15.107178,15.514977,15.292770,15.218575,15.366905,15.125755,15.403938,15.311302,15.311302,15.200020,15.218575,15.107178,15.329842,15.144333,14.977043,15.088600,14.995636,15.107178,14.995636,14.790794,14.902580,14.921196,14.958420,15.162895,14.921196,14.809425,15.088600,14.883965,14.995636,15.181458,14.902580,15.051422,15.181458,15.107178,14.921196,14.977043,15.107178,14.883965,15.088600,14.958420,15.162895,15.051422,14.753487,14.977043,14.958420,15.014244,15.014244,15.070015,14.809425,14.883965,15.051422,14.939812,15.181458,14.828064,14.809425,14.939812,14.995636,14.939812,14.921196,15.014244,14.865326,14.716171,14.883965,14.678848,14.995636,14.883965,14.753487,14.865326,15.014244,14.865326,14.902580,14.678848,14.790794,14.716171,14.828064,14.772133,14.921196,14.828064,14.883965,15.014244,14.716171,14.865326,14.660179,15.032837,14.865326,14.716171,14.921196,14.958420,14.865326,14.716171,14.809425,14.939812,15.014244,14.865326,14.883965,15.032837,14.790794,14.846703,14.828064,14.865326,14.828064,15.051422,14.716171,14.883965,14.790794,14.790794,14.772133,14.865326,14.902580,14.921196,15.051422,14.977043,15.014244,14.828064,14.902580,15.070015,14.977043,14.902580,14.809425,15.088600,14.995636,15.051422,15.144333,14.977043,15.181458,14.939812,15.200020,14.977043,14.921196,15.144333,15.162895,15.125755,15.014244,15.070015,14.921196,15.200020,15.088600,15.070015,15.181458,15.088600,15.588913,
16.343254,16.196571,16.159874,16.306610,16.123146,15.976097,16.178230,16.104774,16.141510,15.957695,16.031273,16.178230,16.123146,16.214928,16.141510,16.178230,16.031273,16.233269,16.049652,16.031273,15.920883,16.049652,15.957695,16.159874,16.141510,16.196571,16.288277,16.489677,16.453102,16.324928,16.526253,17.127403,17.091087,17.778404,17.399261,17.760384,17.958336,18.245445,18.137894,18.209602,18.299164,18.513702,18.531555,18.495850,18.495850,18.549400,18.763298,18.852249,18.958870,18.727684,18.887802,18.887802,18.994377,18.923340,18.816673,18.923340,18.834473,18.905579,18.887802,19.153984,19.029869,18.781090,18.923340,18.834473,18.994377,18.958870,18.887802,18.941109,18.976631,19.012123,19.047615,19.100807,18.958870,19.189407,18.941109,19.153984,19.065346,19.029869,18.905579,19.083084,19.083084,19.136261,19.047615,19.277893,19.260208,19.171692,19.171692,19.047615,19.260208,19.383957,19.330948,19.348618,19.383957,19.330948,19.436943,19.489883,19.118538,19.383957,19.472237,19.436943,19.578049,19.525154,19.718910,19.630898,19.754082,19.630898,19.666115,19.824394,19.789246,19.630898,19.806816,19.947273,19.877083,19.771667,19.789246,19.841957,19.718910,19.718910,19.683716,20.034943,19.929733,20.069977,20.017418,20.279877,20.140007,20.087494,20.105003,20.192490,20.332268,20.069977,20.192490,20.192490,20.087494,20.192490,20.052460,20.087494,20.052460,20.244934,20.122513,20.262413,19.999893,20.017418,20.087494,20.069977,20.244934,20.227455,20.052460,20.419502,20.332268,20.454369,20.244934,20.367180,20.297348,20.367180,20.349724,20.227455,20.244934,20.489220,20.314804,20.314804,20.402061,20.349724,20.367180,20.541473,20.332268,20.122513,20.349724,20.157509,19.982353,19.912178,19.894638,20.034943,19.824394,19.894638,20.034943,20.034943,19.754082,19.754082,19.859520,19.947273,19.806816,19.824394,19.789246,19.877083,19.859520,19.806816,19.806816,19.789246,19.824394,19.754082,19.806816,19.964821,19.859520,19.894638,20.052460,20.174995,20.174995,20.174995,20.244934,20.279877,20.314804,20.558884,20.419502,20.384621,20.611084,20.436943,20.506645,20.663254,20.715385,20.645866,20.558884,20.645866,20.628487,20.732758,20.645866,20.663254,20.732758,20.663254,20.680634,20.698021,20.732758,20.698021,20.750122,20.611084,20.611084,20.663254,20.645866,20.871582,20.645866,20.784843,20.680634,20.784843,20.698021,20.802200,20.645866,20.784843,20.715385,20.750122,20.767487,20.680634,20.767487,20.836899,20.784843,20.715385,20.593697,20.628487,20.489220,20.524055,20.524055,20.454369,20.332268,20.349724,20.384621,20.367180,20.192490,20.122513,20.367180,20.157509,20.140007,20.087494,20.227455,20.069977,20.069977,20.122513,20.069977,19.912178,19.841957,20.034943,19.824394,19.841957,19.894638,19.947273,19.841957,19.929733,19.736496,19.929733,19.929733,19.999893,19.947273,20.332268,20.069977,20.262413,20.209976,20.227455,20.332268,20.209976,20.244934,20.349724,20.192490,20.105003,20.192490,20.314804,20.279877,19.999893,20.227455,19.964821,19.964821,19.982353,20.069977,20.087494,19.947273,19.789246,19.736496,19.841957,19.718910,19.771667,19.736496,19.701309,19.718910,19.736496,19.507530,19.630898,19.595665,19.542793,19.277893,19.489883,19.489883,19.489883,19.224815,19.189407,19.295586,19.100807,19.242508,19.012123,18.994377,18.852249,19.047615,18.709869,18.763298,18.781090,18.798889,18.834473,18.495850,18.334953,18.460121,18.460121,18.102013,17.994278,17.904396,17.724342,17.417351,17.018410,16.745338,16.690620,16.269951,16.031273,15.847229,15.718163,15.422462,15.329842,15.274223,15.329842,15.255684,15.070015,15.237137,15.181458,15.162895,15.237137,15.237137,15.348373,15.255684,15.348373,15.311302,15.422462,15.181458,15.237137,15.329842,15.274223,15.329842,15.459480,15.218575,15.274223,15.237137,15.181458,15.200020,15.088600,15.107178,15.274223,15.218575,15.366905,14.995636,15.088600,15.181458,15.237137,14.977043,15.329842,15.014244,14.995636,14.977043,15.070015,15.107178,15.125755,15.070015,15.032837,15.014244,15.162895,15.051422,14.995636,14.660179,15.162895,14.995636,14.977043,15.014244,15.032837,14.921196,14.995636,14.939812,14.902580,15.144333,14.828064,15.200020,15.032837,14.865326,14.939812,15.014244,14.865326,15.032837,15.088600,14.921196,14.958420,14.865326,15.070015,14.939812,15.144333,14.902580,14.772133,15.181458,15.107178,14.828064,14.921196,14.883965,15.070015,14.883965,14.921196,14.939812,14.865326,14.902580,14.977043,14.902580,15.032837,14.772133,14.902580,14.790794,14.977043,14.995636,14.939812,14.883965,14.977043,14.902580,14.828064,14.828064,14.902580,14.995636,14.790794,14.977043,14.921196,15.014244,15.200020,15.014244,15.051422,14.902580,15.014244,15.088600,15.144333,14.958420,14.921196,14.958420,15.125755,15.070015,15.144333,15.051422,15.162895,15.014244,15.107178,15.125755,15.125755,15.107178,14.977043,15.181458,15.144333,14.921196,15.144333,14.809425,14.921196,15.014244,15.051422,14.809425,14.995636,15.014244,15.107178,14.865326,14.921196,15.070015,14.958420,14.921196,15.014244,15.070015,15.032837,15.032837,14.846703,15.181458,15.422462,15.255684,15.181458,15.181458,15.237137,15.255684,15.125755,15.274223,15.181458,15.255684,15.200020,15.200020,15.107178,14.902580,15.088600,15.070015,14.921196,14.809425,15.032837,14.846703,15.051422,15.162895,15.014244,14.977043,15.107178,15.014244,15.088600,15.181458,14.902580,14.995636,15.070015,15.125755,15.032837,15.014244,14.883965,15.200020,15.051422,15.051422,15.088600,14.977043,14.939812,15.032837,14.977043,15.014244,14.902580,15.051422,14.902580,14.995636,14.939812,14.977043,15.051422,14.828064,14.902580,14.790794,14.921196,14.865326,14.902580,14.921196,15.070015,14.883965,14.902580,15.162895,15.088600,14.902580,15.014244,14.753487,15.032837,14.958420,14.790794,14.883965,14.772133,14.809425,14.939812,14.660179,14.865326,14.846703,14.902580,14.883965,14.939812,14.753487,14.939812,14.772133,14.846703,14.865326,14.921196,14.772133,14.902580,14.883965,14.772133,14.790794,14.641502,14.883965,14.883965,14.958420,14.958420,14.977043,14.660179,14.902580,14.995636,15.125755,14.921196,14.865326,14.902580,15.088600,14.939812,14.865326,14.772133,14.697517,15.032837,14.958420,15.070015,14.846703,14.921196,14.846703,14.753487,14.865326,14.716171,14.809425,14.809425,15.014244,14.921196,14.902580,14.939812,15.125755,14.995636,14.883965,14.921196,14.865326,15.032837,15.200020,15.070015,14.995636,15.125755,15.200020,14.977043,15.181458,15.070015,15.070015,15.496475,
16.672379,16.324928,16.581078,16.159874,16.288277,16.471397,16.343254,16.251610,16.141510,16.159874,16.288277,16.526253,16.288277,16.141510,16.361572,16.324928,16.453102,16.324928,16.361572,16.251610,16.233269,16.068031,16.306610,16.324928,16.398201,16.251610,16.581078,16.379883,16.453102,17.018410,16.982056,16.872887,17.163704,17.381157,17.688278,17.652206,17.598068,17.922386,18.119965,18.191681,18.102013,18.334953,18.549400,18.460121,18.406502,18.549400,18.495850,18.727684,18.727684,18.692055,18.870033,18.816673,18.923340,18.816673,18.887802,18.852249,18.870033,19.118538,18.941109,18.816673,19.029869,18.905579,19.012123,18.994377,18.781090,19.136261,18.887802,18.870033,18.994377,19.242508,18.976631,18.834473,19.100807,19.118538,19.065346,19.029869,19.047615,19.136261,18.958870,19.029869,19.118538,19.171692,19.083084,19.100807,19.260208,19.207108,19.118538,19.153984,19.136261,19.189407,19.277893,19.277893,19.207108,19.472237,19.383957,19.348618,19.454590,19.507530,19.401619,19.419281,19.683716,19.718910,19.313263,19.436943,19.542793,19.630898,19.683716,19.771667,19.578049,19.771667,19.701309,19.771667,19.754082,19.736496,19.806816,19.841957,19.877083,19.754082,19.771667,19.894638,19.912178,19.982353,19.982353,19.806816,20.087494,20.017418,20.140007,19.947273,20.087494,20.262413,20.034943,20.052460,19.947273,19.964821,20.105003,20.052460,20.122513,20.017418,19.964821,20.122513,19.999893,20.105003,19.894638,20.227455,20.105003,20.244934,20.227455,20.209976,20.157509,20.297348,20.157509,20.314804,20.069977,20.087494,20.087494,20.279877,20.209976,20.297348,20.244934,20.349724,20.349724,20.087494,20.244934,20.034943,20.052460,20.017418,20.034943,19.947273,19.947273,19.894638,19.894638,19.841957,19.771667,19.754082,20.105003,19.771667,19.789246,19.824394,19.929733,19.824394,19.824394,19.859520,19.718910,19.912178,19.806816,19.771667,19.771667,19.806816,19.648506,19.736496,19.859520,19.806816,19.912178,19.841957,20.034943,20.157509,20.105003,20.227455,20.332268,20.174995,20.454369,20.506645,20.471802,20.471802,20.262413,20.436943,20.454369,20.576286,20.402061,20.384621,20.558884,20.436943,20.680634,20.489220,20.663254,20.489220,20.524055,20.489220,20.454369,20.836899,20.419502,20.558884,20.541473,20.663254,20.645866,20.611084,20.593697,20.558884,20.645866,20.680634,20.680634,20.750122,20.732758,20.593697,20.628487,20.854233,20.715385,20.680634,20.593697,20.611084,20.558884,20.471802,20.628487,20.593697,20.576286,20.367180,20.454369,20.349724,20.454369,20.349724,20.402061,20.244934,20.157509,20.157509,20.209976,20.157509,20.122513,20.122513,20.192490,19.947273,19.964821,19.859520,19.947273,19.912178,19.806816,19.964821,19.718910,19.789246,19.824394,19.859520,19.964821,19.894638,19.841957,19.841957,19.859520,19.982353,19.877083,19.947273,19.947273,20.140007,20.052460,19.982353,20.157509,20.140007,20.244934,20.122513,20.332268,20.262413,20.209976,20.227455,20.034943,19.982353,19.754082,20.017418,20.034943,20.122513,19.894638,19.947273,19.859520,20.034943,19.877083,20.069977,19.789246,19.789246,19.754082,19.754082,19.683716,19.666115,19.560417,19.754082,19.542793,19.613289,19.472237,19.701309,19.454590,19.489883,19.366287,19.383957,19.383957,19.277893,19.224815,19.029869,18.798889,19.047615,18.994377,18.745483,18.709869,18.798889,18.834473,18.585091,18.674240,18.692055,18.460121,18.549400,18.119965,18.137894,18.084076,17.850410,17.832420,17.507759,17.326851,17.145554,16.854668,16.617607,16.434807,15.957695,15.662788,15.681252,15.477974,15.440964,15.403938,15.422462,15.274223,15.237137,15.348373,15.274223,15.218575,15.070015,15.292770,15.237137,15.292770,15.366905,15.292770,15.218575,15.274223,15.311302,15.237137,15.403938,15.144333,15.292770,15.200020,15.292770,15.125755,15.255684,15.162895,15.255684,15.181458,15.218575,15.107178,15.255684,15.107178,15.385422,15.014244,15.144333,15.200020,15.088600,15.032837,15.218575,15.107178,14.977043,14.828064,15.125755,14.865326,15.070015,14.902580,15.051422,15.107178,14.902580,14.865326,14.902580,15.014244,14.977043,14.977043,14.995636,14.883965,15.125755,14.939812,15.032837,15.051422,15.051422,14.921196,14.809425,14.846703,14.995636,14.883965,14.977043,15.032837,14.995636,14.977043,14.977043,15.051422,15.051422,15.032837,14.865326,14.977043,14.790794,14.958420,14.921196,15.014244,15.032837,14.883965,15.200020,15.014244,14.902580,14.939812,15.070015,14.883965,14.921196,14.995636,14.846703,14.865326,14.883965,14.939812,14.995636,15.088600,14.865326,14.828064,14.865326,14.734833,14.734833,14.939812,14.921196,14.939812,15.125755,14.753487,14.883965,15.144333,15.144333,15.107178,14.995636,14.939812,15.070015,15.144333,15.144333,15.162895,15.292770,15.070015,15.107178,15.107178,14.846703,15.088600,15.088600,15.032837,15.200020,15.032837,15.181458,15.088600,15.125755,14.958420,14.958420,15.125755,15.125755,14.809425,15.070015,15.125755,14.883965,14.939812,15.107178,15.051422,15.051422,14.846703,15.088600,14.902580,14.809425,15.014244,15.051422,15.125755,15.070015,14.958420,15.181458,15.274223,15.311302,15.218575,15.311302,15.237137,15.292770,15.237137,15.403938,15.181458,15.162895,15.125755,15.329842,15.014244,14.977043,15.088600,15.032837,15.070015,14.977043,14.828064,15.051422,14.772133,15.032837,14.883965,15.107178,14.958420,14.939812,15.237137,15.255684,14.977043,15.107178,15.032837,15.051422,14.995636,15.181458,15.144333,14.883965,15.088600,15.181458,14.977043,15.014244,14.865326,15.032837,15.088600,14.995636,14.902580,14.977043,14.958420,14.995636,15.218575,15.032837,15.107178,14.977043,15.181458,15.088600,14.921196,15.255684,14.828064,15.144333,14.995636,14.977043,14.883965,14.846703,14.846703,15.032837,14.902580,15.014244,14.939812,14.828064,15.032837,14.772133,14.753487,14.995636,14.641502,14.641502,15.014244,14.995636,14.846703,14.809425,14.716171,14.753487,14.883965,14.716171,14.772133,14.865326,14.772133,14.902580,14.772133,14.753487,15.070015,14.865326,14.939812,15.014244,14.995636,15.088600,14.790794,14.921196,14.772133,14.958420,14.753487,14.939812,14.958420,14.921196,14.828064,15.070015,14.697517,15.107178,14.902580,14.902580,14.977043,14.772133,14.865326,14.902580,14.883965,15.032837,15.125755,14.902580,14.958420,14.772133,15.014244,14.734833,15.218575,14.995636,14.939812,15.144333,14.921196,14.865326,14.939812,15.032837,15.032837,14.828064,15.070015,14.995636,14.995636,15.144333,14.846703,15.088600,15.125755,15.107178,15.237137,15.366905,
16.489677,16.416496,16.434807,16.507973,16.489677,16.379883,16.453102,16.288277,16.526253,16.361572,16.141510,16.635872,16.398201,16.398201,16.324928,16.526253,16.581078,16.507973,16.526253,16.453102,16.544525,16.471397,16.324928,16.544525,16.251610,16.434807,16.562805,16.982056,16.708862,16.927490,17.272507,17.218117,17.453522,17.344955,17.543900,17.453522,17.742363,17.850410,18.155830,18.173759,18.317062,18.477982,18.513702,18.388626,18.585091,18.513702,18.549400,18.460121,18.763298,18.656418,18.870033,18.727684,18.674240,18.834473,18.531555,19.029869,18.745483,18.941109,18.923340,18.976631,18.976631,18.958870,18.905579,18.905579,19.118538,18.763298,18.692055,18.887802,18.905579,19.047615,19.136261,18.781090,18.994377,18.976631,18.976631,19.153984,18.798889,18.941109,18.958870,19.100807,19.029869,19.065346,18.976631,19.012123,19.224815,19.047615,19.083084,19.224815,19.313263,19.100807,19.189407,19.189407,19.224815,19.313263,19.277893,19.207108,19.383957,19.454590,19.436943,19.348618,19.507530,19.472237,19.419281,19.472237,19.630898,19.560417,19.489883,19.613289,19.718910,19.718910,19.754082,19.683716,19.648506,19.859520,19.648506,19.806816,19.877083,19.877083,19.754082,19.877083,19.929733,19.947273,19.877083,19.999893,20.244934,19.964821,20.052460,20.034943,19.964821,19.999893,19.999893,20.209976,19.947273,20.192490,20.087494,19.929733,19.929733,19.964821,20.174995,19.999893,19.982353,19.999893,20.087494,20.209976,20.122513,20.105003,20.017418,20.105003,20.122513,20.174995,20.105003,20.069977,20.017418,20.052460,19.683716,20.034943,20.017418,19.999893,20.157509,20.122513,20.174995,19.947273,20.017418,20.105003,19.929733,19.982353,19.929733,19.964821,19.630898,19.877083,19.894638,19.666115,19.666115,19.736496,19.648506,19.789246,19.754082,19.789246,19.771667,19.964821,19.999893,19.754082,19.754082,19.736496,19.964821,19.947273,19.701309,19.859520,19.789246,19.824394,19.841957,19.912178,19.877083,20.069977,20.034943,20.052460,20.034943,20.209976,20.192490,20.244934,20.069977,20.279877,20.402061,20.017418,20.349724,20.384621,20.384621,20.244934,20.471802,20.314804,20.227455,20.436943,20.384621,20.349724,20.471802,20.436943,20.558884,20.611084,20.611084,20.454369,20.558884,20.558884,20.593697,20.297348,20.663254,20.628487,20.645866,20.576286,20.645866,20.402061,20.541473,20.506645,20.489220,20.593697,20.524055,20.611084,20.489220,20.593697,20.402061,20.645866,20.349724,20.524055,20.454369,20.471802,20.402061,20.384621,20.314804,20.140007,20.244934,20.314804,20.174995,20.297348,20.157509,19.947273,20.017418,19.947273,19.964821,19.912178,19.929733,20.034943,20.034943,19.947273,19.806816,19.736496,19.771667,19.789246,19.824394,19.701309,19.560417,19.613289,19.789246,19.754082,19.736496,19.718910,19.789246,19.877083,19.929733,19.789246,19.982353,20.105003,20.105003,19.999893,20.174995,19.929733,20.052460,20.157509,20.140007,20.105003,20.192490,20.227455,20.227455,20.105003,20.034943,19.929733,20.034943,19.999893,19.999893,19.841957,19.999893,19.912178,19.877083,19.718910,19.701309,19.806816,19.595665,19.595665,19.683716,19.648506,19.666115,19.630898,19.683716,19.613289,19.436943,19.507530,19.436943,19.419281,19.224815,19.366287,19.260208,19.224815,19.260208,19.153984,19.065346,18.870033,18.870033,18.994377,18.781090,18.976631,18.905579,18.727684,18.567253,18.745483,18.602928,18.656418,18.388626,18.299164,18.102013,17.904396,17.706314,17.724342,17.272507,16.854668,16.672379,16.581078,16.361572,16.123146,15.755058,15.865646,15.514977,15.514977,15.292770,15.422462,15.144333,15.181458,15.200020,15.459480,15.237137,15.366905,15.311302,15.403938,15.477974,15.292770,15.274223,15.385422,15.181458,15.385422,15.237137,15.403938,15.348373,15.366905,15.218575,15.237137,15.162895,15.366905,15.237137,15.181458,15.329842,15.218575,15.311302,15.218575,15.144333,15.051422,15.125755,15.200020,15.107178,15.088600,15.144333,15.088600,14.995636,14.883965,15.255684,15.107178,15.051422,15.125755,15.107178,14.921196,14.921196,15.125755,14.939812,15.014244,14.846703,14.977043,14.883965,14.977043,14.883965,14.977043,15.032837,15.107178,14.995636,15.014244,14.977043,15.088600,14.865326,15.070015,15.051422,14.958420,14.902580,14.921196,14.883965,14.958420,15.014244,14.921196,15.032837,14.939812,14.958420,15.200020,14.865326,15.032837,14.958420,15.125755,14.939812,15.070015,14.939812,14.939812,15.070015,14.921196,14.883965,14.921196,15.032837,14.790794,14.753487,14.977043,14.902580,14.939812,14.958420,14.939812,14.772133,15.070015,14.678848,14.977043,14.939812,15.088600,15.014244,15.107178,15.014244,15.070015,15.070015,14.958420,15.218575,15.107178,14.977043,15.070015,15.051422,14.939812,15.051422,14.958420,15.088600,15.051422,15.125755,14.865326,15.218575,15.107178,14.846703,15.088600,14.995636,15.125755,15.292770,15.014244,15.125755,15.032837,14.995636,15.070015,14.865326,15.070015,15.070015,15.107178,14.902580,14.958420,15.014244,15.051422,14.921196,15.107178,14.902580,15.125755,14.958420,15.070015,15.014244,15.070015,15.032837,15.181458,15.218575,15.125755,15.125755,15.311302,15.403938,15.385422,15.200020,15.699715,15.051422,15.181458,15.200020,15.255684,15.274223,15.107178,14.958420,14.865326,15.032837,15.181458,14.995636,14.828064,15.032837,14.995636,15.014244,15.070015,15.107178,15.144333,15.070015,15.088600,15.311302,15.032837,15.070015,15.070015,15.107178,15.162895,14.958420,15.274223,15.051422,15.107178,15.107178,15.200020,15.107178,15.014244,15.107178,14.977043,14.678848,14.921196,14.995636,15.125755,14.977043,15.088600,14.958420,15.070015,15.107178,15.144333,15.144333,14.977043,14.995636,14.939812,14.883965,15.032837,15.107178,14.939812,15.181458,14.921196,15.014244,14.902580,14.902580,14.809425,14.865326,14.716171,14.660179,14.790794,14.958420,14.641502,14.939812,14.809425,14.716171,14.790794,14.660179,14.995636,14.883965,14.828064,14.828064,14.828064,14.790794,15.014244,14.902580,14.977043,14.753487,15.032837,14.828064,14.995636,14.865326,15.162895,14.865326,14.846703,14.809425,14.809425,14.865326,15.070015,15.032837,15.070015,15.014244,14.809425,14.734833,15.014244,14.828064,14.753487,14.753487,15.144333,14.883965,14.828064,15.088600,14.921196,15.032837,14.828064,14.828064,15.070015,14.995636,15.070015,15.032837,14.772133,14.939812,14.809425,15.070015,15.032837,15.088600,14.995636,14.977043,15.014244,15.014244,14.939812,14.995636,15.107178,15.255684,15.218575,14.995636,15.200020,15.385422,15.255684,
16.672379,16.434807,16.306610,16.635872,16.635872,16.471397,16.489677,16.471397,16.489677,16.690620,16.526253,16.507973,16.507973,16.581078,16.361572,16.562805,16.599342,16.690620,16.654121,16.434807,16.745338,16.763573,16.581078,16.781799,16.690620,16.599342,16.654121,16.708862,16.745338,16.963875,17.072929,17.453522,17.236252,17.453522,17.616119,17.868416,17.796410,18.012245,18.191681,18.173759,18.066116,18.299164,18.388626,18.495850,18.460121,18.424385,18.424385,18.424385,18.495850,18.638596,18.442253,18.674240,18.781090,18.656418,18.887802,18.709869,18.620766,18.923340,18.709869,18.602928,18.798889,18.709869,18.816673,19.100807,18.994377,18.834473,18.798889,18.905579,18.727684,18.816673,18.656418,18.798889,18.798889,18.727684,18.905579,18.994377,19.047615,18.905579,18.692055,18.727684,18.958870,18.941109,18.941109,18.958870,18.941109,19.012123,18.887802,19.207108,18.923340,19.207108,19.171692,19.277893,19.065346,19.277893,19.383957,19.295586,19.295586,19.401619,19.383957,19.507530,19.366287,19.454590,19.366287,19.383957,19.560417,19.436943,19.542793,19.824394,19.525154,19.841957,19.560417,19.859520,19.542793,19.841957,19.894638,19.701309,19.754082,19.789246,19.789246,19.859520,19.789246,19.877083,20.069977,19.982353,19.877083,20.122513,19.789246,19.982353,19.841957,20.192490,19.929733,19.999893,19.824394,19.859520,19.964821,19.929733,19.929733,19.947273,19.929733,19.912178,19.929733,19.912178,20.034943,19.912178,20.017418,20.017418,20.122513,19.859520,20.105003,20.017418,19.912178,19.999893,19.701309,19.964821,19.947273,19.771667,19.912178,19.947273,20.017418,19.999893,19.964821,20.052460,19.982353,20.087494,19.912178,19.912178,19.894638,19.877083,19.701309,19.841957,19.789246,19.771667,19.736496,19.789246,19.489883,19.912178,19.630898,19.894638,19.859520,19.701309,19.789246,19.771667,19.718910,19.841957,19.824394,19.701309,19.877083,19.859520,19.718910,19.736496,19.824394,19.648506,19.841957,19.894638,19.806816,19.894638,20.105003,19.982353,19.982353,19.999893,20.122513,20.087494,20.052460,20.140007,20.314804,20.402061,20.105003,20.244934,20.244934,20.279877,20.192490,20.209976,20.192490,20.384621,20.279877,20.384621,20.402061,20.349724,20.402061,20.436943,20.314804,20.402061,20.593697,20.367180,20.314804,20.454369,20.419502,20.593697,20.279877,20.244934,20.332268,20.227455,20.524055,20.402061,20.489220,20.506645,20.384621,20.524055,20.471802,20.297348,20.349724,20.192490,20.262413,20.454369,20.384621,20.332268,20.122513,20.367180,20.157509,19.999893,20.122513,20.384621,20.140007,19.999893,19.982353,19.982353,19.894638,19.964821,19.929733,20.017418,19.859520,19.912178,19.859520,19.912178,19.736496,19.877083,19.771667,19.525154,19.754082,19.754082,19.718910,19.929733,19.648506,19.630898,19.859520,19.806816,19.912178,19.929733,19.859520,19.947273,20.209976,19.982353,20.052460,20.122513,20.087494,20.034943,20.052460,20.157509,20.087494,20.122513,20.052460,19.947273,20.174995,20.017418,19.964821,19.824394,19.894638,19.912178,19.859520,19.877083,19.859520,19.824394,19.718910,19.666115,19.754082,19.736496,19.736496,19.648506,19.630898,19.683716,19.472237,19.560417,19.348618,19.595665,19.348618,19.383957,19.348618,19.472237,19.330948,19.171692,19.171692,18.870033,18.976631,18.852249,18.923340,18.870033,18.781090,18.674240,18.709869,18.549400,18.763298,18.692055,18.531555,18.513702,18.513702,18.119965,18.048164,17.742363,17.778404,17.489685,17.399261,17.109245,16.690620,16.526253,16.159874,15.994492,15.644325,15.625862,15.681252,15.403938,15.329842,15.237137,15.162895,15.385422,15.274223,15.237137,15.385422,15.144333,15.218575,15.440964,15.348373,15.274223,15.237137,15.403938,15.459480,15.422462,15.329842,15.551949,15.348373,15.348373,15.162895,15.422462,15.181458,15.385422,15.070015,15.162895,15.237137,15.348373,15.348373,15.218575,15.088600,15.237137,15.070015,15.107178,14.939812,15.181458,14.977043,15.218575,15.218575,15.032837,15.200020,15.144333,15.107178,15.107178,15.032837,14.939812,14.977043,15.051422,15.125755,15.088600,15.088600,15.032837,14.995636,15.014244,14.977043,14.921196,15.032837,14.977043,14.939812,15.162895,14.921196,15.107178,14.921196,14.902580,15.125755,15.051422,15.070015,14.921196,14.995636,15.051422,15.070015,15.070015,15.125755,15.070015,14.865326,15.070015,14.958420,15.070015,15.051422,15.070015,14.995636,14.921196,15.014244,14.995636,14.921196,14.846703,14.939812,14.995636,15.051422,15.070015,14.939812,14.921196,15.144333,15.070015,14.939812,14.809425,15.032837,14.865326,14.977043,14.958420,14.958420,15.032837,14.977043,14.977043,15.051422,15.014244,14.790794,15.032837,15.051422,14.939812,14.977043,14.939812,15.200020,15.144333,15.237137,15.051422,15.200020,15.181458,15.032837,15.070015,15.088600,15.051422,15.107178,14.939812,15.162895,15.181458,15.051422,15.200020,14.977043,14.977043,15.051422,15.107178,15.051422,15.162895,15.070015,15.200020,15.070015,14.977043,15.088600,15.348373,14.902580,14.865326,14.939812,14.939812,15.107178,15.032837,14.828064,15.014244,14.958420,15.329842,15.051422,15.385422,15.144333,15.440964,15.200020,15.403938,15.237137,15.477974,15.255684,15.403938,15.255684,15.181458,14.883965,15.162895,15.051422,15.162895,14.809425,14.995636,15.014244,14.939812,15.070015,14.995636,14.921196,14.977043,14.995636,15.014244,15.070015,15.162895,15.144333,15.051422,15.237137,15.274223,14.995636,15.200020,15.329842,14.734833,14.977043,14.809425,15.051422,14.958420,15.107178,15.088600,14.995636,15.032837,15.237137,14.865326,14.865326,15.032837,14.790794,15.218575,14.995636,14.995636,14.995636,14.995636,15.051422,15.070015,14.883965,15.070015,14.883965,15.088600,15.032837,15.088600,15.051422,14.828064,14.958420,15.125755,15.070015,14.939812,14.865326,14.902580,15.125755,14.772133,14.958420,14.846703,14.846703,14.865326,14.828064,15.014244,14.865326,14.902580,14.846703,14.883965,15.014244,14.977043,14.734833,15.070015,15.051422,14.753487,14.716171,14.958420,14.716171,14.772133,14.995636,15.070015,14.716171,14.977043,14.883965,14.753487,15.014244,15.014244,14.883965,15.032837,15.162895,14.939812,14.809425,14.995636,15.014244,14.977043,14.809425,15.070015,14.828064,15.125755,15.107178,14.921196,15.032837,15.107178,15.088600,15.125755,14.883965,15.014244,15.014244,14.678848,14.828064,14.902580,14.995636,14.865326,14.977043,14.995636,15.014244,14.939812,14.902580,15.088600,15.107178,15.032837,15.237137,15.274223,15.200020,15.255684,15.088600,15.366905,
16.672379,16.690620,16.781799,16.654121,16.745338,16.562805,16.562805,16.635872,16.581078,16.727104,16.526253,16.745338,16.727104,16.617607,16.745338,16.599342,16.581078,16.818245,16.708862,16.818245,16.745338,16.654121,16.891090,16.781799,16.763573,16.909286,16.727104,17.036591,16.909286,17.127403,17.091087,17.218117,17.453522,17.543900,17.308739,17.543900,17.742363,17.850410,17.832420,18.084076,18.263351,18.119965,18.370735,18.442253,18.281258,18.495850,18.424385,18.370735,18.299164,18.495850,18.620766,18.460121,18.585091,18.674240,18.798889,18.745483,18.549400,18.656418,18.460121,18.585091,18.781090,18.638596,18.745483,18.745483,18.816673,18.638596,18.852249,18.709869,18.816673,18.638596,18.887802,18.727684,18.870033,18.798889,18.887802,18.816673,18.709869,18.763298,18.941109,18.852249,18.638596,18.852249,18.852249,19.029869,18.923340,18.958870,18.834473,18.887802,18.816673,19.029869,19.083084,19.207108,19.118538,19.136261,19.277893,19.171692,19.100807,19.136261,19.260208,19.436943,19.383957,19.366287,19.260208,19.489883,19.489883,19.436943,19.436943,19.578049,19.613289,19.436943,19.630898,19.683716,19.454590,19.736496,19.701309,19.666115,19.736496,19.666115,19.789246,19.595665,19.771667,19.859520,19.683716,19.859520,19.859520,19.754082,19.806816,19.859520,20.034943,19.947273,19.912178,19.947273,19.964821,19.947273,19.701309,19.841957,19.999893,19.929733,19.859520,19.894638,19.771667,19.894638,19.982353,20.017418,19.929733,20.017418,20.052460,19.894638,19.877083,19.701309,19.947273,19.877083,20.017418,19.771667,19.683716,19.789246,19.683716,19.771667,19.806816,20.034943,19.771667,19.806816,19.912178,19.999893,19.806816,19.859520,19.666115,19.771667,19.701309,19.648506,19.560417,19.489883,19.613289,19.771667,19.754082,19.718910,19.789246,19.718910,19.560417,19.771667,19.560417,19.630898,19.595665,19.560417,19.754082,19.701309,19.595665,19.771667,19.718910,19.789246,19.894638,19.666115,19.754082,19.701309,19.789246,19.754082,19.894638,19.877083,19.701309,19.877083,19.964821,19.771667,20.017418,20.069977,20.034943,20.122513,20.140007,20.087494,20.052460,20.052460,20.209976,20.087494,20.262413,20.332268,20.297348,20.384621,20.349724,20.332268,20.244934,20.332268,20.367180,20.262413,20.384621,20.402061,20.192490,20.262413,20.349724,20.402061,20.262413,20.262413,20.244934,20.209976,20.105003,20.157509,20.349724,20.332268,20.227455,20.314804,20.227455,20.209976,20.384621,20.105003,20.279877,20.367180,20.140007,20.227455,20.297348,19.877083,19.894638,20.034943,19.964821,19.999893,19.754082,19.964821,20.069977,19.894638,19.877083,19.912178,19.929733,19.859520,19.859520,19.754082,19.964821,19.789246,19.736496,19.630898,19.929733,19.630898,19.683716,19.806816,19.894638,19.771667,19.666115,19.718910,19.824394,19.806816,19.771667,19.894638,19.929733,19.964821,20.087494,20.034943,20.122513,19.999893,19.877083,19.912178,19.999893,20.052460,20.052460,19.964821,20.052460,20.017418,19.806816,19.824394,19.947273,19.754082,19.841957,19.701309,19.824394,19.789246,19.718910,19.666115,19.718910,19.683716,19.578049,19.718910,19.542793,19.630898,19.613289,19.718910,19.525154,19.560417,19.489883,19.542793,19.595665,19.383957,19.348618,19.348618,19.224815,19.224815,19.118538,19.083084,18.958870,19.153984,18.852249,18.727684,18.781090,18.620766,18.638596,18.923340,18.727684,18.549400,18.388626,18.513702,18.424385,18.119965,18.119965,17.760384,17.561958,17.399261,17.254379,17.018410,16.708862,16.654121,16.214928,16.012886,15.810371,15.755058,15.570435,15.459480,15.533455,15.440964,15.422462,15.292770,15.311302,15.329842,15.292770,15.255684,15.292770,15.218575,15.496475,15.348373,15.422462,15.329842,15.274223,15.181458,15.329842,15.274223,15.255684,15.348373,15.440964,15.255684,15.051422,15.237137,15.051422,15.200020,15.162895,15.274223,15.088600,15.292770,15.070015,15.107178,15.088600,14.921196,15.107178,15.125755,15.255684,14.995636,15.255684,15.051422,14.995636,15.181458,15.107178,15.107178,15.088600,15.014244,15.107178,15.014244,15.088600,14.846703,14.902580,15.144333,15.088600,14.958420,14.977043,15.032837,15.070015,14.977043,15.088600,14.902580,14.977043,14.977043,15.032837,14.921196,14.883965,15.162895,15.032837,15.051422,15.014244,14.958420,14.958420,14.977043,15.274223,15.107178,14.865326,15.014244,15.014244,14.921196,15.051422,14.902580,14.958420,14.902580,15.051422,15.088600,14.995636,15.070015,14.883965,14.958420,14.921196,14.902580,14.734833,15.070015,14.977043,15.088600,14.883965,14.809425,14.939812,15.070015,14.865326,15.032837,14.977043,14.958420,14.939812,15.051422,15.051422,14.995636,14.921196,15.014244,15.070015,15.051422,14.995636,15.014244,15.144333,15.107178,15.032837,15.144333,15.088600,15.200020,15.032837,15.237137,15.032837,15.162895,15.014244,15.051422,15.088600,15.237137,15.051422,15.088600,15.274223,15.051422,15.125755,15.051422,15.032837,15.051422,15.144333,15.032837,14.939812,15.014244,15.125755,15.107178,15.181458,14.995636,14.958420,15.088600,15.014244,14.939812,14.977043,15.200020,15.070015,15.329842,15.292770,15.218575,15.496475,15.348373,15.514977,15.292770,15.292770,15.699715,15.440964,15.459480,15.237137,15.292770,15.088600,15.218575,14.921196,14.939812,15.144333,15.162895,15.162895,15.218575,14.883965,14.809425,14.828064,15.237137,15.088600,15.144333,15.218575,15.348373,15.200020,15.070015,14.939812,15.311302,15.366905,15.329842,15.144333,15.200020,14.939812,15.014244,15.088600,15.218575,15.014244,14.846703,14.865326,15.274223,14.939812,15.051422,15.070015,15.144333,15.032837,15.070015,15.014244,14.902580,15.032837,14.958420,14.995636,15.051422,14.977043,15.144333,15.070015,14.995636,14.846703,14.902580,14.939812,15.200020,14.790794,14.958420,15.014244,14.883965,14.977043,15.070015,15.070015,14.939812,14.883965,14.846703,14.865326,14.772133,14.883965,14.883965,14.772133,14.883965,14.716171,14.995636,14.734833,14.790794,14.828064,14.921196,14.865326,14.846703,14.883965,14.977043,14.977043,14.883965,14.939812,14.902580,14.902580,14.977043,14.828064,14.883965,14.865326,14.772133,15.107178,14.939812,14.846703,14.958420,14.772133,14.921196,14.828064,14.828064,14.883965,15.088600,14.995636,15.218575,14.809425,14.977043,15.107178,14.977043,14.921196,15.125755,15.107178,15.032837,15.032837,15.070015,15.051422,15.070015,15.032837,15.237137,15.144333,14.958420,15.032837,15.032837,14.921196,15.032837,15.181458,15.088600,15.125755,15.348373,15.162895,14.995636,15.218575,15.348373,
16.763573,16.672379,16.708862,16.708862,16.763573,16.471397,16.489677,16.745338,16.763573,16.745338,16.526253,16.562805,16.781799,16.800026,16.872887,16.763573,16.763573,16.818245,16.745338,16.763573,16.690620,16.708862,16.891090,16.891090,16.800026,16.945679,17.109245,16.963875,16.891090,17.344955,17.308739,17.290627,17.308739,17.634163,17.471611,17.850410,17.868416,18.137894,18.102013,18.084076,18.102013,18.012245,18.334953,18.084076,18.299164,18.281258,18.495850,18.227524,18.442253,18.388626,18.406502,18.352852,18.549400,18.602928,18.531555,18.477982,18.549400,18.602928,18.781090,18.620766,18.585091,18.798889,18.442253,18.923340,18.638596,18.656418,18.709869,18.602928,18.709869,18.781090,18.656418,18.781090,18.585091,18.834473,18.567253,19.047615,18.709869,18.852249,18.763298,18.763298,18.727684,18.781090,18.923340,18.941109,18.798889,18.834473,18.923340,18.887802,18.852249,18.941109,18.870033,19.029869,18.816673,18.941109,19.029869,19.029869,18.887802,19.047615,19.118538,19.277893,19.242508,19.171692,19.489883,19.242508,19.383957,19.366287,19.383957,19.436943,19.436943,19.542793,19.436943,19.454590,19.472237,19.472237,19.666115,19.683716,19.560417,19.754082,19.525154,19.666115,19.578049,19.736496,19.701309,19.666115,19.859520,19.859520,19.507530,19.630898,19.754082,19.859520,19.789246,19.929733,19.771667,19.929733,19.683716,20.017418,19.806816,19.771667,19.841957,19.877083,19.824394,20.034943,19.806816,19.894638,19.754082,19.806816,19.982353,19.982353,19.859520,19.824394,19.630898,19.771667,19.542793,19.578049,19.560417,19.630898,19.771667,19.701309,19.859520,19.859520,19.630898,19.912178,19.736496,19.648506,19.736496,19.824394,19.841957,19.613289,19.613289,19.736496,19.560417,19.789246,19.578049,19.806816,19.507530,19.648506,19.648506,19.701309,19.754082,19.578049,19.771667,19.630898,19.771667,19.736496,19.789246,19.701309,19.666115,19.666115,19.613289,19.754082,19.560417,19.806816,19.736496,19.718910,19.754082,19.754082,19.877083,19.718910,19.754082,19.754082,19.824394,19.736496,19.929733,19.841957,19.964821,19.999893,19.982353,20.034943,19.982353,19.877083,20.122513,19.964821,19.894638,19.912178,20.087494,20.192490,19.999893,20.105003,20.034943,20.105003,20.140007,20.034943,20.209976,20.314804,20.192490,20.227455,20.244934,20.244934,20.209976,20.227455,20.279877,20.087494,20.122513,20.174995,20.052460,20.244934,20.122513,20.157509,20.017418,20.122513,19.929733,20.227455,19.947273,20.017418,20.052460,19.999893,20.017418,20.034943,19.982353,19.877083,19.754082,19.929733,19.894638,19.947273,20.122513,19.789246,19.824394,19.806816,19.947273,19.877083,19.841957,19.859520,19.771667,19.771667,19.877083,19.824394,19.806816,19.824394,19.578049,19.771667,19.630898,19.736496,19.771667,19.824394,19.824394,19.824394,19.718910,19.929733,20.034943,20.052460,20.105003,19.999893,20.069977,19.964821,19.999893,20.017418,19.912178,19.964821,19.947273,19.982353,19.877083,20.034943,19.824394,19.964821,19.947273,19.877083,19.894638,19.806816,19.841957,19.648506,19.701309,19.789246,19.806816,19.454590,19.613289,19.630898,19.754082,19.454590,19.507530,19.613289,19.454590,19.595665,19.454590,19.366287,19.489883,19.366287,19.260208,19.277893,19.260208,19.171692,19.330948,19.171692,19.047615,19.065346,18.887802,18.781090,18.745483,18.727684,18.763298,18.709869,18.585091,18.513702,18.549400,18.495850,18.334953,18.155830,17.886406,17.922386,17.670250,17.471611,17.272507,16.945679,16.800026,16.489677,16.269951,16.159874,15.828796,15.570435,15.422462,15.533455,15.403938,15.533455,15.348373,15.403938,15.200020,15.422462,15.477974,15.348373,15.366905,15.422462,15.385422,15.144333,15.422462,15.440964,15.255684,15.496475,15.329842,15.292770,15.311302,15.440964,15.255684,15.107178,15.218575,15.200020,15.255684,15.218575,15.181458,15.440964,14.958420,15.255684,15.237137,15.385422,15.144333,15.107178,15.237137,15.107178,15.051422,15.200020,15.274223,15.144333,14.865326,15.051422,15.070015,15.032837,14.995636,15.125755,15.032837,15.107178,15.070015,14.958420,15.088600,15.218575,15.088600,15.088600,15.088600,15.107178,15.070015,15.088600,15.032837,15.162895,15.051422,15.051422,15.162895,15.088600,14.977043,14.939812,15.051422,15.070015,15.107178,14.958420,14.995636,15.162895,14.977043,14.921196,15.218575,15.014244,14.995636,15.032837,14.995636,15.125755,14.995636,14.865326,14.977043,14.995636,15.107178,14.958420,15.070015,15.014244,15.125755,14.828064,14.977043,14.902580,15.125755,14.846703,14.865326,14.995636,15.014244,14.921196,14.977043,15.070015,15.088600,15.088600,15.162895,15.070015,14.995636,14.939812,15.200020,15.051422,15.181458,15.088600,15.107178,15.162895,15.014244,14.995636,15.088600,15.088600,15.107178,15.014244,15.162895,15.107178,15.107178,15.162895,15.107178,15.051422,14.977043,15.125755,15.051422,15.107178,15.088600,15.107178,14.995636,14.846703,15.181458,14.977043,14.939812,14.902580,14.995636,15.014244,15.088600,15.218575,14.939812,15.051422,15.144333,15.200020,15.051422,15.162895,14.921196,14.865326,14.977043,14.995636,15.218575,15.311302,15.014244,15.496475,15.329842,15.255684,15.440964,15.440964,15.218575,15.292770,15.200020,15.144333,15.125755,15.014244,14.995636,14.977043,15.107178,14.995636,15.032837,14.921196,14.734833,14.958420,15.144333,15.088600,15.051422,15.292770,15.162895,15.014244,14.939812,15.014244,15.329842,15.255684,15.255684,14.883965,14.939812,15.162895,14.865326,15.032837,15.032837,14.921196,15.181458,15.032837,15.014244,14.883965,14.846703,14.977043,15.014244,15.088600,15.107178,15.014244,15.032837,15.014244,14.995636,15.255684,14.939812,15.032837,14.902580,14.958420,15.051422,14.995636,14.921196,14.977043,14.921196,14.939812,14.995636,14.902580,14.772133,14.865326,14.902580,14.828064,14.995636,14.921196,14.641502,15.070015,14.939812,14.828064,14.958420,14.697517,15.070015,14.828064,14.660179,15.051422,14.921196,14.734833,15.070015,14.902580,14.809425,14.753487,14.865326,14.902580,14.846703,14.865326,15.014244,14.697517,14.977043,14.921196,14.772133,15.218575,14.958420,14.939812,14.902580,14.828064,14.865326,14.883965,14.995636,14.846703,14.772133,15.051422,14.828064,14.846703,15.181458,14.846703,15.014244,15.255684,15.070015,15.125755,15.292770,15.107178,14.939812,14.921196,15.144333,15.088600,14.995636,14.958420,14.995636,15.125755,14.865326,15.125755,15.088600,15.255684,15.107178,15.218575,15.162895,15.144333,15.162895,15.014244,15.107178,15.422462,15.255684,15.385422,
16.927490,16.909286,16.654121,16.963875,16.763573,16.599342,16.781799,16.836464,16.818245,16.818245,16.836464,16.982056,16.690620,16.927490,16.891090,16.963875,16.727104,17.054764,16.581078,16.982056,16.872887,16.872887,17.036591,16.909286,16.872887,17.181839,17.072929,17.363060,17.181839,17.399261,17.199982,17.543900,17.507759,17.561958,17.543900,17.814415,17.634163,17.814415,17.940361,17.976311,17.922386,18.227524,18.155830,18.191681,18.245445,18.299164,18.352852,18.299164,18.317062,18.191681,18.370735,18.245445,18.513702,18.585091,18.406502,18.388626,18.531555,18.513702,18.531555,18.620766,18.460121,18.656418,18.531555,18.531555,18.781090,18.674240,18.567253,18.549400,18.585091,18.745483,18.638596,18.870033,18.656418,18.727684,18.692055,18.816673,18.567253,18.531555,18.656418,18.870033,18.513702,18.620766,18.923340,18.816673,18.816673,18.923340,18.745483,18.976631,18.976631,19.012123,18.781090,19.083084,18.887802,18.994377,18.994377,18.905579,18.958870,19.189407,19.153984,19.100807,19.100807,19.153984,19.100807,19.295586,19.242508,19.277893,19.295586,19.313263,19.348618,19.366287,19.542793,19.436943,19.454590,19.454590,19.542793,19.613289,19.366287,19.489883,19.648506,19.718910,19.330948,19.560417,19.595665,19.754082,19.701309,19.754082,19.683716,19.824394,19.648506,19.718910,19.824394,19.718910,19.718910,19.894638,19.701309,19.912178,19.841957,19.824394,19.701309,19.824394,19.630898,19.947273,19.806816,19.754082,19.736496,19.630898,19.912178,19.754082,19.701309,19.701309,19.613289,19.630898,19.525154,19.560417,19.683716,19.824394,19.630898,19.507530,19.595665,19.613289,19.578049,19.701309,19.542793,19.578049,19.666115,19.789246,19.630898,19.806816,19.578049,19.560417,19.419281,19.436943,19.295586,19.436943,19.613289,19.666115,19.630898,19.560417,19.613289,19.595665,19.383957,19.894638,19.718910,19.718910,19.648506,19.771667,19.789246,19.560417,19.595665,19.525154,19.613289,19.859520,19.595665,19.771667,19.630898,19.718910,19.666115,19.718910,19.595665,19.789246,19.560417,19.859520,19.841957,19.877083,19.824394,19.789246,19.789246,19.894638,19.736496,19.806816,19.841957,19.806816,20.052460,19.947273,19.683716,20.087494,19.964821,20.087494,19.824394,20.157509,20.244934,19.877083,20.017418,20.279877,20.192490,20.069977,19.947273,20.087494,20.034943,19.999893,20.069977,19.982353,20.052460,20.069977,19.841957,19.754082,20.122513,20.069977,20.087494,19.806816,19.754082,19.912178,20.157509,19.877083,19.912178,19.771667,19.877083,19.666115,19.736496,19.912178,19.806816,19.877083,19.877083,19.701309,19.824394,19.701309,19.771667,19.947273,19.806816,19.824394,19.947273,19.736496,19.806816,19.912178,19.771667,19.894638,19.771667,19.718910,19.648506,19.560417,19.736496,19.701309,19.789246,19.771667,19.789246,19.824394,19.578049,20.034943,19.894638,19.964821,20.052460,19.982353,19.964821,19.912178,19.964821,20.069977,19.947273,19.999893,19.912178,19.929733,19.806816,19.718910,19.718910,19.718910,19.525154,19.841957,19.841957,19.718910,19.666115,19.701309,19.841957,19.560417,19.613289,19.701309,19.542793,19.578049,19.472237,19.507530,19.648506,19.578049,19.454590,19.454590,19.277893,19.313263,19.313263,19.207108,19.260208,19.242508,18.994377,19.189407,19.171692,18.834473,18.887802,18.709869,18.745483,18.727684,18.887802,18.638596,18.602928,18.745483,18.602928,18.602928,18.281258,18.460121,18.173759,18.048164,18.155830,17.922386,17.561958,17.489685,17.218117,17.091087,16.727104,16.708862,16.343254,16.031273,15.773499,15.791931,15.422462,15.440964,15.385422,15.588913,15.311302,15.570435,15.477974,15.292770,15.440964,15.292770,15.329842,15.477974,15.329842,15.533455,15.274223,15.551949,15.403938,15.440964,15.162895,15.459480,15.459480,15.385422,15.292770,15.218575,15.274223,15.274223,15.274223,15.459480,14.958420,15.348373,15.051422,15.311302,15.181458,15.237137,15.088600,15.218575,15.070015,15.218575,15.255684,15.237137,15.181458,15.070015,15.070015,15.329842,15.125755,15.255684,15.014244,15.107178,15.200020,15.107178,15.032837,15.070015,15.051422,15.181458,15.181458,15.237137,14.977043,15.237137,15.070015,15.014244,15.144333,15.440964,15.088600,15.144333,15.107178,15.162895,15.200020,14.939812,15.181458,15.014244,15.144333,15.125755,14.939812,15.088600,14.939812,15.181458,15.032837,14.977043,14.865326,15.070015,14.995636,15.051422,14.921196,15.070015,14.883965,15.070015,15.200020,15.014244,15.032837,15.051422,14.995636,14.995636,14.883965,15.051422,15.162895,15.051422,15.051422,14.977043,15.070015,14.977043,15.051422,15.032837,15.014244,15.107178,15.051422,14.958420,15.107178,15.032837,14.958420,15.162895,15.014244,14.939812,15.070015,15.218575,14.958420,14.883965,15.088600,15.051422,14.921196,15.181458,14.977043,14.977043,14.939812,15.032837,15.162895,15.218575,15.144333,14.995636,14.995636,14.977043,15.144333,15.200020,15.088600,15.051422,14.977043,15.107178,15.014244,15.200020,15.032837,15.200020,15.181458,15.032837,14.883965,15.051422,15.125755,14.958420,15.088600,15.162895,15.070015,15.162895,15.274223,15.162895,15.311302,15.274223,15.496475,15.422462,15.348373,15.292770,15.162895,15.607391,15.237137,15.311302,15.403938,15.440964,15.274223,15.107178,15.070015,15.051422,15.125755,14.995636,14.921196,14.902580,15.162895,14.809425,14.883965,14.716171,15.088600,15.218575,15.070015,15.329842,15.366905,15.162895,14.939812,14.939812,15.051422,15.218575,15.107178,15.051422,14.995636,15.070015,15.088600,15.218575,14.939812,15.125755,14.958420,15.200020,14.977043,15.292770,14.921196,15.162895,15.088600,14.977043,14.902580,15.070015,15.107178,15.144333,14.977043,14.939812,14.958420,14.865326,15.125755,14.995636,15.070015,15.162895,14.958420,14.995636,14.939812,14.958420,14.865326,15.032837,14.902580,14.921196,14.977043,14.883965,14.734833,14.846703,14.921196,15.088600,14.772133,14.921196,14.977043,14.939812,14.846703,14.958420,14.995636,14.828064,15.014244,14.846703,14.846703,15.014244,14.921196,14.939812,15.070015,15.144333,14.865326,15.144333,15.032837,14.995636,15.014244,14.939812,14.958420,15.014244,15.107178,14.921196,14.883965,15.107178,14.977043,15.032837,14.958420,15.032837,14.921196,14.865326,14.958420,14.995636,15.125755,15.014244,14.958420,15.144333,14.902580,15.088600,14.977043,15.125755,14.939812,15.107178,15.032837,15.181458,15.237137,14.977043,15.181458,15.385422,15.070015,15.051422,15.181458,15.125755,15.107178,15.162895,15.107178,15.422462,15.218575,15.255684,15.385422,15.459480,
17.471611,16.963875,16.800026,17.091087,17.036591,16.781799,16.945679,17.072929,16.672379,16.836464,16.836464,16.909286,17.018410,16.945679,16.891090,16.854668,17.091087,17.109245,17.054764,17.091087,17.036591,17.254379,17.163704,17.036591,17.199982,17.091087,17.163704,17.199982,17.363060,17.417351,17.363060,17.453522,17.489685,17.706314,17.652206,17.688278,17.796410,18.155830,17.994278,17.868416,18.066116,17.994278,18.048164,18.102013,18.191681,18.155830,18.048164,18.245445,18.317062,18.317062,18.155830,18.245445,18.477982,18.388626,18.513702,18.334953,18.602928,18.513702,18.317062,18.620766,18.442253,18.602928,18.549400,18.406502,18.585091,18.620766,18.692055,18.781090,18.727684,18.549400,18.656418,18.638596,18.763298,18.585091,18.674240,18.745483,18.781090,18.709869,18.585091,18.620766,18.460121,18.763298,18.763298,18.763298,18.620766,18.709869,18.852249,18.798889,18.709869,18.852249,18.620766,18.834473,18.887802,18.887802,18.763298,18.905579,18.781090,19.065346,18.976631,18.994377,18.852249,18.976631,18.852249,19.065346,19.100807,19.242508,19.153984,19.401619,19.029869,19.189407,19.348618,19.454590,19.525154,19.489883,19.383957,19.507530,19.260208,19.507530,19.330948,19.330948,19.419281,19.454590,19.436943,19.525154,19.436943,19.666115,19.613289,19.436943,19.542793,19.454590,19.578049,19.613289,19.489883,19.542793,19.630898,19.578049,19.754082,19.525154,19.666115,19.771667,19.666115,19.648506,19.771667,19.630898,19.701309,19.666115,19.630898,19.578049,19.595665,19.489883,19.578049,19.472237,19.436943,19.330948,19.313263,19.419281,19.401619,19.525154,19.613289,19.542793,19.366287,19.366287,19.613289,19.330948,19.207108,19.419281,19.595665,19.472237,19.595665,19.383957,19.366287,19.224815,19.595665,19.507530,19.595665,19.542793,19.736496,19.648506,19.595665,19.472237,19.595665,19.489883,19.630898,19.841957,19.648506,19.630898,19.754082,19.806816,19.507530,19.578049,19.630898,19.683716,19.507530,19.630898,19.595665,19.595665,19.771667,19.595665,19.595665,19.718910,19.701309,19.613289,19.525154,19.771667,19.718910,19.718910,19.683716,19.718910,19.683716,19.718910,19.771667,19.771667,19.806816,19.754082,19.964821,19.947273,19.947273,20.034943,19.894638,19.982353,20.069977,20.174995,19.912178,19.947273,20.017418,20.017418,19.982353,20.034943,20.034943,19.929733,19.806816,19.841957,19.912178,19.894638,19.754082,19.595665,19.894638,19.877083,19.912178,19.929733,19.877083,19.894638,20.017418,19.859520,19.754082,19.683716,19.401619,19.841957,19.701309,19.824394,19.648506,19.771667,19.525154,19.595665,19.683716,19.754082,19.789246,19.683716,19.771667,19.736496,19.894638,19.683716,19.771667,19.683716,19.630898,19.771667,19.630898,19.754082,19.736496,19.683716,19.648506,19.666115,19.683716,19.754082,19.701309,19.754082,19.824394,19.578049,19.859520,19.683716,19.701309,19.841957,19.771667,19.806816,19.947273,19.964821,19.754082,19.982353,19.648506,19.929733,19.912178,19.754082,19.894638,19.648506,19.947273,19.859520,19.683716,19.771667,19.806816,19.507530,19.630898,19.578049,19.666115,19.630898,19.648506,19.507530,19.666115,19.542793,19.595665,19.366287,19.383957,19.366287,19.330948,19.260208,19.277893,19.436943,19.207108,19.313263,19.224815,19.171692,19.171692,19.029869,18.887802,18.798889,18.727684,18.674240,18.781090,18.745483,18.816673,18.781090,18.531555,18.334953,18.477982,18.477982,18.227524,18.137894,18.030205,17.868416,17.598068,17.561958,17.181839,17.091087,16.854668,16.544525,16.233269,16.049652,15.791931,15.699715,15.644325,15.570435,15.422462,15.514977,15.422462,15.385422,15.440964,15.292770,15.348373,15.403938,15.459480,15.496475,15.255684,15.403938,15.366905,15.477974,15.366905,15.274223,15.459480,15.348373,15.181458,15.348373,15.477974,15.422462,15.237137,15.459480,15.311302,15.311302,15.218575,15.403938,15.125755,15.366905,15.255684,15.329842,14.995636,15.107178,15.070015,15.144333,15.181458,15.329842,15.292770,15.200020,15.311302,15.162895,15.088600,15.051422,15.107178,15.107178,15.162895,15.292770,15.070015,15.032837,15.051422,15.181458,15.237137,15.107178,15.125755,15.107178,15.255684,15.181458,15.051422,15.032837,15.255684,15.070015,15.162895,15.125755,15.125755,15.237137,15.292770,15.144333,15.107178,15.144333,14.939812,15.032837,14.958420,15.014244,15.032837,15.181458,15.125755,14.939812,15.088600,14.995636,15.088600,15.181458,15.032837,15.051422,14.846703,15.125755,14.939812,15.107178,15.051422,15.125755,14.921196,15.014244,15.181458,15.088600,15.088600,15.144333,15.088600,14.846703,15.162895,15.181458,14.995636,15.014244,15.088600,15.088600,15.144333,14.977043,14.977043,15.014244,15.070015,15.107178,15.125755,15.051422,15.070015,15.051422,14.921196,15.070015,14.977043,15.051422,15.125755,15.051422,15.144333,15.125755,14.921196,15.181458,15.181458,15.032837,14.977043,15.032837,14.977043,15.014244,15.125755,15.144333,15.070015,15.125755,14.921196,14.958420,15.274223,15.311302,14.958420,15.107178,15.162895,15.144333,14.995636,15.162895,15.162895,15.032837,15.088600,15.274223,15.070015,15.144333,15.477974,15.422462,15.292770,15.514977,15.311302,15.496475,15.385422,15.496475,15.366905,15.348373,15.348373,15.200020,15.218575,15.144333,15.255684,15.032837,15.274223,15.088600,14.939812,15.014244,14.902580,15.014244,14.995636,14.902580,14.846703,15.292770,15.255684,15.144333,15.311302,15.218575,15.070015,15.014244,15.181458,15.051422,15.311302,15.237137,14.921196,15.051422,15.070015,14.958420,14.995636,15.107178,15.032837,14.995636,14.939812,14.809425,15.014244,14.977043,14.958420,15.162895,15.014244,14.939812,14.995636,15.107178,15.162895,15.014244,15.014244,15.144333,14.902580,14.939812,15.070015,15.088600,14.921196,14.995636,15.032837,15.051422,14.958420,14.995636,14.790794,14.902580,14.772133,14.902580,14.790794,15.051422,15.070015,14.939812,14.604141,14.939812,14.977043,14.902580,14.995636,14.846703,15.014244,14.958420,14.958420,15.125755,14.846703,14.995636,14.939812,14.939812,14.995636,15.032837,15.032837,14.828064,14.865326,14.883965,14.660179,15.014244,14.865326,15.181458,14.846703,14.790794,14.865326,14.921196,14.958420,15.200020,15.088600,15.162895,15.218575,15.181458,15.070015,14.865326,14.921196,15.181458,15.088600,15.200020,15.218575,15.051422,15.032837,15.144333,15.070015,15.144333,15.162895,15.107178,14.921196,15.181458,15.032837,15.144333,14.977043,14.958420,15.088600,15.329842,15.144333,15.144333,15.329842,15.403938,15.292770,15.181458,15.403938,15.237137,
16.927490,16.909286,16.909286,17.091087,17.054764,16.872887,16.909286,16.745338,16.945679,17.181839,17.036591,17.018410,16.927490,17.072929,17.091087,17.163704,16.927490,17.018410,16.836464,17.199982,17.000237,17.254379,16.927490,17.000237,17.072929,17.272507,17.254379,17.290627,17.218117,17.326851,17.254379,17.652206,17.634163,17.706314,17.904396,17.742363,17.778404,17.994278,17.868416,17.886406,18.137894,18.048164,17.994278,17.994278,17.958336,18.209602,18.030205,18.030205,17.796410,18.388626,18.155830,18.102013,18.281258,18.030205,18.155830,18.299164,18.334953,18.388626,18.299164,18.191681,18.406502,18.245445,18.352852,18.442253,18.406502,18.442253,18.513702,18.656418,18.549400,18.477982,18.317062,18.620766,18.638596,18.513702,18.460121,18.585091,18.495850,18.602928,18.620766,18.727684,18.370735,18.567253,18.638596,18.656418,18.638596,18.674240,18.727684,18.585091,18.692055,18.798889,18.638596,18.870033,18.638596,18.709869,18.763298,18.692055,18.709869,18.923340,18.852249,18.887802,18.994377,18.923340,19.065346,18.852249,19.083084,18.994377,19.118538,19.224815,19.065346,19.171692,19.171692,19.136261,19.153984,19.348618,19.277893,19.277893,19.348618,19.436943,19.189407,19.401619,19.383957,19.525154,19.295586,19.242508,19.224815,19.348618,19.348618,19.578049,19.366287,19.507530,19.542793,19.383957,19.489883,19.436943,19.489883,19.560417,19.525154,19.771667,19.578049,19.630898,19.454590,19.648506,19.613289,19.489883,19.436943,19.613289,19.595665,19.472237,19.578049,19.383957,19.207108,19.330948,19.100807,19.224815,19.189407,19.224815,19.313263,19.419281,19.401619,19.348618,19.260208,19.419281,19.330948,19.313263,19.330948,19.401619,19.330948,19.419281,19.330948,19.313263,19.436943,19.224815,19.436943,19.383957,19.207108,19.419281,19.542793,19.419281,19.560417,19.595665,19.472237,19.578049,19.560417,19.666115,19.472237,19.507530,19.648506,19.613289,19.489883,19.595665,19.648506,19.454590,19.489883,19.401619,19.472237,19.542793,19.401619,19.489883,19.613289,19.578049,19.613289,19.701309,19.648506,19.542793,19.560417,19.754082,19.383957,19.489883,19.736496,19.648506,19.613289,19.648506,19.754082,19.754082,19.736496,19.877083,19.754082,19.877083,19.701309,19.982353,19.789246,19.912178,19.595665,20.052460,19.912178,19.824394,19.894638,19.877083,19.736496,19.771667,19.666115,19.929733,19.683716,19.648506,19.683716,19.683716,19.560417,19.578049,19.542793,19.789246,19.859520,19.613289,19.718910,19.489883,19.683716,19.630898,19.489883,19.718910,19.578049,19.666115,19.454590,19.613289,19.595665,19.578049,19.718910,19.736496,19.613289,19.613289,19.648506,19.754082,19.613289,19.648506,19.666115,19.859520,19.841957,19.789246,19.701309,19.595665,19.771667,19.701309,19.578049,19.824394,19.736496,19.578049,19.718910,19.701309,19.542793,19.771667,19.666115,19.806816,19.754082,19.806816,19.947273,19.789246,19.806816,19.964821,19.859520,19.806816,19.806816,19.841957,19.841957,19.771667,19.648506,19.754082,19.754082,19.806816,19.666115,19.560417,19.683716,19.525154,19.507530,19.613289,19.542793,19.472237,19.472237,19.454590,19.401619,19.366287,19.595665,19.348618,19.348618,19.489883,19.189407,19.507530,19.348618,19.383957,19.242508,19.083084,19.242508,18.994377,19.136261,19.029869,18.958870,18.852249,18.941109,18.905579,18.834473,18.674240,18.638596,18.620766,18.638596,18.692055,18.424385,18.424385,18.317062,18.299164,17.904396,17.724342,17.634163,17.471611,17.272507,16.982056,16.690620,16.416496,16.416496,16.159874,15.884071,15.718163,15.976097,15.459480,15.773499,15.570435,15.551949,15.422462,15.588913,15.496475,15.681252,15.403938,15.496475,15.533455,15.440964,15.366905,15.422462,15.292770,15.403938,15.477974,15.311302,15.440964,15.366905,15.551949,15.255684,15.533455,15.366905,15.274223,15.329842,15.514977,15.274223,15.422462,15.292770,15.496475,15.348373,15.403938,15.292770,15.348373,15.255684,15.440964,15.292770,15.366905,15.181458,15.292770,15.237137,15.162895,15.181458,15.440964,15.144333,15.088600,15.329842,14.958420,15.162895,15.237137,15.181458,15.162895,15.181458,15.144333,15.051422,15.032837,15.200020,15.107178,15.162895,15.311302,15.144333,15.181458,15.200020,15.107178,15.311302,15.162895,15.162895,15.144333,15.237137,15.237137,15.125755,15.218575,15.292770,15.014244,15.181458,15.144333,15.348373,15.218575,15.014244,15.107178,15.051422,14.995636,15.274223,15.107178,15.144333,15.014244,15.070015,15.200020,14.921196,14.995636,15.237137,15.088600,15.255684,15.051422,14.939812,14.995636,15.014244,15.200020,15.088600,14.883965,14.921196,15.125755,15.088600,15.107178,14.902580,15.181458,14.828064,15.107178,15.144333,15.088600,15.070015,14.977043,15.255684,15.051422,15.162895,15.032837,14.939812,15.032837,15.200020,15.144333,15.051422,15.032837,15.125755,14.939812,15.162895,15.107178,15.162895,14.958420,15.218575,15.032837,15.125755,15.274223,15.237137,15.107178,15.051422,15.200020,15.032837,15.200020,15.088600,15.181458,14.958420,15.200020,14.995636,15.181458,14.958420,15.051422,15.107178,15.181458,15.237137,15.366905,15.514977,15.366905,15.422462,15.422462,15.440964,15.403938,15.422462,15.385422,15.292770,15.440964,15.422462,15.237137,15.329842,15.366905,15.162895,15.107178,15.088600,15.144333,14.995636,15.051422,14.772133,14.958420,14.902580,15.162895,15.125755,14.995636,15.348373,15.237137,15.255684,15.181458,15.051422,15.237137,14.958420,15.051422,15.181458,15.200020,14.883965,15.088600,15.255684,15.125755,14.958420,14.977043,15.014244,15.032837,14.902580,14.995636,14.921196,14.977043,15.014244,15.051422,15.125755,14.939812,14.995636,14.921196,15.088600,14.995636,14.865326,15.218575,14.921196,14.995636,14.958420,15.088600,14.883965,14.939812,14.828064,14.977043,14.865326,14.883965,14.977043,14.883965,14.828064,14.958420,14.716171,14.958420,14.958420,14.995636,14.977043,14.977043,15.070015,14.772133,14.977043,14.902580,15.014244,15.051422,14.902580,15.144333,14.902580,14.939812,15.051422,14.939812,14.883965,14.939812,14.939812,14.883965,15.032837,15.088600,14.958420,15.032837,14.753487,15.032837,14.865326,14.809425,14.790794,15.070015,15.014244,14.865326,14.977043,15.014244,15.125755,15.218575,15.162895,15.070015,15.014244,14.995636,15.088600,15.181458,15.088600,15.032837,15.051422,15.125755,15.237137,14.939812,15.014244,15.014244,15.051422,15.403938,15.088600,14.921196,14.902580,15.070015,15.070015,15.125755,14.958420,15.237137,15.311302,15.237137,15.162895,15.440964,15.181458,15.440964,
17.036591,16.854668,17.054764,16.963875,17.072929,16.781799,16.763573,16.909286,17.000237,16.854668,17.091087,16.963875,16.891090,17.000237,16.891090,17.218117,17.163704,17.181839,17.145554,17.127403,17.236252,17.290627,17.272507,17.181839,17.181839,17.381157,17.290627,17.326851,17.236252,17.399261,17.381157,17.417351,17.778404,17.561958,17.525826,17.778404,17.904396,17.994278,17.796410,17.958336,17.904396,17.958336,17.904396,17.814415,17.886406,18.048164,18.084076,17.994278,18.209602,18.155830,17.904396,17.958336,17.976311,18.155830,18.209602,18.317062,18.084076,18.191681,18.191681,18.370735,18.245445,18.119965,18.352852,18.245445,18.495850,18.191681,18.334953,18.495850,18.406502,18.585091,18.513702,18.513702,18.513702,18.424385,18.477982,18.602928,18.460121,18.567253,18.585091,18.531555,18.495850,18.424385,18.549400,18.531555,18.692055,18.709869,18.513702,18.585091,18.585091,18.709869,18.460121,18.727684,18.798889,18.656418,18.692055,18.674240,18.692055,18.709869,18.656418,18.798889,18.692055,18.674240,18.763298,19.118538,18.834473,18.852249,18.905579,19.029869,19.029869,19.242508,19.118538,18.994377,19.012123,19.207108,19.260208,19.224815,19.189407,19.224815,19.207108,19.313263,19.260208,19.207108,19.224815,19.224815,19.207108,19.383957,19.295586,19.242508,19.383957,19.313263,19.383957,19.419281,19.401619,19.401619,19.295586,19.489883,19.401619,19.507530,19.454590,19.419281,19.454590,19.348618,19.472237,19.383957,19.401619,19.207108,19.260208,19.277893,19.330948,19.260208,19.242508,19.136261,19.242508,19.207108,19.366287,19.224815,19.171692,19.207108,19.242508,19.047615,19.065346,19.189407,19.224815,19.260208,19.383957,19.366287,19.277893,19.260208,19.313263,19.207108,19.348618,19.330948,19.313263,19.224815,19.136261,19.419281,19.348618,19.295586,19.383957,19.454590,19.436943,19.436943,19.701309,19.419281,19.595665,19.419281,19.542793,19.736496,19.542793,19.472237,19.595665,19.525154,19.401619,19.260208,19.366287,19.472237,19.366287,19.348618,19.401619,19.525154,19.419281,19.383957,19.295586,19.419281,19.507530,19.330948,19.401619,19.613289,19.613289,19.666115,19.666115,19.542793,19.542793,19.666115,19.578049,19.701309,19.542793,19.578049,19.789246,19.894638,19.841957,19.771667,19.841957,19.771667,19.806816,19.894638,19.841957,19.789246,19.718910,19.701309,19.806816,19.771667,19.754082,19.666115,19.666115,19.578049,19.806816,19.525154,19.613289,19.595665,19.630898,19.736496,19.507530,19.701309,19.348618,19.401619,19.436943,19.436943,19.295586,19.366287,19.701309,19.507530,19.489883,19.489883,19.489883,19.472237,19.507530,19.313263,19.648506,19.683716,19.542793,19.683716,19.701309,19.578049,19.718910,19.683716,19.718910,19.595665,19.666115,19.666115,19.683716,19.736496,19.912178,19.595665,19.560417,19.683716,19.736496,19.648506,19.489883,19.701309,19.542793,19.877083,19.736496,19.789246,19.771667,19.841957,19.701309,19.877083,19.648506,19.789246,19.718910,19.771667,19.666115,19.542793,19.578049,19.436943,19.436943,19.683716,19.718910,19.648506,19.560417,19.648506,19.648506,19.525154,19.578049,19.454590,19.436943,19.595665,19.330948,19.295586,19.207108,19.136261,19.454590,19.224815,19.401619,19.171692,19.242508,19.242508,19.100807,19.100807,19.153984,18.834473,18.674240,18.941109,18.727684,18.602928,18.727684,18.549400,18.638596,18.620766,18.709869,18.477982,18.424385,18.388626,18.173759,18.227524,18.048164,17.904396,17.634163,17.344955,17.290627,17.072929,16.800026,16.672379,16.398201,16.233269,15.994492,15.847229,15.773499,15.514977,15.514977,15.551949,15.440964,15.570435,15.477974,15.477974,15.533455,15.385422,15.570435,15.551949,15.385422,15.570435,15.496475,15.496475,15.237137,15.588913,15.366905,15.459480,15.403938,15.366905,15.496475,15.348373,15.348373,15.440964,15.218575,15.255684,15.329842,15.533455,15.459480,15.255684,15.292770,15.496475,15.311302,15.477974,15.329842,15.200020,15.348373,15.329842,15.329842,15.274223,15.181458,15.181458,15.218575,15.181458,15.070015,15.162895,14.995636,15.218575,15.218575,15.181458,15.200020,15.292770,15.292770,15.237137,15.218575,15.200020,15.274223,15.107178,14.921196,15.274223,15.181458,15.107178,15.125755,15.181458,15.218575,15.125755,15.162895,15.162895,15.162895,15.144333,15.218575,15.162895,15.125755,15.162895,15.032837,15.051422,15.125755,15.144333,15.218575,15.237137,15.125755,15.051422,15.107178,15.070015,15.200020,15.144333,15.014244,15.107178,15.051422,15.144333,14.995636,15.237137,15.162895,15.051422,15.144333,15.088600,15.088600,14.977043,15.070015,15.200020,15.088600,15.181458,14.939812,15.255684,15.125755,15.144333,15.181458,15.292770,15.162895,15.218575,15.107178,15.125755,15.144333,14.958420,15.255684,15.366905,15.107178,15.070015,15.237137,15.162895,15.181458,15.162895,15.274223,15.200020,15.125755,15.311302,14.921196,15.200020,15.107178,15.088600,14.958420,15.162895,15.070015,15.051422,15.181458,15.051422,15.014244,15.162895,15.088600,15.181458,14.790794,15.348373,14.977043,15.181458,15.181458,15.181458,15.237137,15.014244,15.200020,15.274223,15.329842,15.422462,15.459480,15.440964,15.496475,15.588913,15.329842,15.255684,15.496475,15.385422,15.366905,15.403938,15.311302,15.181458,15.125755,15.070015,15.107178,14.939812,14.977043,14.846703,14.902580,14.958420,14.995636,14.846703,14.790794,14.977043,15.088600,15.162895,15.032837,15.107178,14.939812,15.088600,15.088600,15.125755,15.088600,15.218575,15.014244,14.883965,14.977043,15.144333,14.939812,15.014244,14.958420,14.977043,14.828064,14.902580,15.070015,15.200020,15.181458,14.995636,15.144333,15.088600,14.697517,14.865326,14.828064,14.995636,14.921196,14.958420,14.958420,14.846703,15.088600,14.846703,14.865326,14.828064,15.051422,15.181458,14.902580,15.032837,14.921196,15.032837,14.846703,14.846703,15.014244,14.865326,14.902580,14.977043,15.032837,15.032837,14.883965,14.921196,14.921196,15.014244,14.921196,14.939812,14.995636,15.014244,14.865326,14.883965,15.014244,14.660179,14.921196,15.032837,15.088600,15.070015,14.809425,14.995636,14.995636,14.883965,14.995636,15.144333,15.051422,14.883965,14.921196,14.995636,15.014244,14.921196,14.865326,14.995636,15.032837,14.790794,14.995636,15.144333,15.144333,15.181458,14.958420,15.200020,15.218575,15.255684,15.144333,15.274223,15.088600,15.144333,14.846703,15.292770,15.162895,15.311302,14.958420,15.107178,15.274223,15.144333,14.958420,14.902580,15.032837,15.144333,15.329842,14.921196,15.329842,15.162895,15.329842,15.514977,
17.199982,16.872887,17.000237,16.927490,16.891090,16.909286,16.963875,16.982056,16.891090,16.945679,16.982056,17.109245,17.018410,16.945679,17.163704,17.254379,17.127403,17.236252,17.218117,16.927490,17.417351,17.018410,17.308739,17.525826,17.018410,17.363060,17.308739,17.344955,17.290627,17.525826,17.598068,17.543900,17.525826,17.525826,17.904396,17.634163,17.543900,17.958336,17.832420,17.652206,17.904396,17.814415,17.868416,17.904396,17.832420,17.850410,18.102013,18.012245,17.850410,17.868416,18.030205,17.904396,17.904396,18.119965,17.958336,18.173759,18.030205,18.299164,18.209602,18.084076,18.155830,18.370735,17.922386,18.406502,18.299164,18.227524,18.477982,18.477982,18.352852,18.370735,18.299164,18.334953,18.281258,18.352852,18.352852,18.442253,18.406502,18.585091,18.334953,18.370735,18.191681,18.317062,18.227524,18.495850,18.406502,18.406502,18.674240,18.406502,18.531555,18.388626,18.477982,18.477982,18.745483,18.513702,18.370735,18.442253,18.424385,18.585091,18.549400,18.531555,18.531555,18.638596,18.620766,18.781090,18.763298,18.870033,18.905579,18.852249,19.047615,18.941109,18.870033,18.994377,19.118538,19.065346,19.083084,19.100807,19.189407,19.189407,19.136261,19.136261,18.976631,19.012123,19.171692,19.083084,19.118538,19.083084,19.153984,19.189407,19.118538,19.330948,19.260208,19.029869,19.260208,19.366287,19.330948,19.419281,19.207108,19.330948,19.419281,19.348618,19.260208,19.366287,19.313263,19.348618,19.207108,19.436943,19.260208,19.242508,19.189407,19.277893,19.012123,19.065346,19.242508,19.153984,19.029869,19.153984,18.994377,18.994377,18.958870,18.941109,19.065346,19.047615,18.905579,19.065346,18.994377,19.100807,19.136261,18.994377,19.029869,19.012123,19.065346,19.330948,19.171692,19.083084,19.189407,19.118538,19.012123,19.348618,19.419281,19.260208,19.295586,19.171692,19.242508,19.348618,19.330948,19.419281,19.419281,19.436943,19.277893,19.277893,19.295586,19.507530,19.242508,19.242508,19.136261,19.224815,19.207108,19.224815,19.189407,19.436943,19.260208,19.153984,19.260208,19.401619,19.313263,19.454590,19.224815,19.436943,19.436943,19.330948,19.525154,19.383957,19.542793,19.436943,19.454590,19.578049,19.507530,19.736496,19.578049,19.666115,19.630898,19.789246,19.701309,19.578049,19.718910,19.718910,19.613289,19.701309,19.683716,19.683716,19.542793,19.489883,19.489883,19.648506,19.454590,19.578049,19.454590,19.348618,19.313263,19.401619,19.454590,19.419281,19.383957,19.383957,19.348618,19.454590,19.242508,19.383957,19.260208,19.313263,19.383957,19.507530,19.330948,19.525154,19.472237,19.560417,19.525154,19.489883,19.472237,19.613289,19.630898,19.683716,19.595665,19.859520,19.630898,19.789246,19.542793,19.754082,19.701309,19.630898,19.648506,19.683716,19.630898,19.666115,19.806816,19.789246,19.560417,19.630898,19.736496,19.701309,19.806816,19.595665,19.595665,19.648506,19.736496,19.771667,19.701309,19.683716,19.648506,19.683716,19.595665,19.613289,19.525154,19.525154,19.472237,19.507530,19.507530,19.736496,19.560417,19.525154,19.718910,19.648506,19.401619,19.489883,19.489883,19.630898,19.383957,19.454590,19.313263,19.489883,19.189407,19.454590,19.242508,19.153984,19.189407,19.189407,19.224815,18.994377,19.118538,18.870033,19.100807,18.798889,18.923340,18.781090,18.887802,18.674240,18.763298,18.620766,18.424385,18.460121,18.406502,18.370735,18.317062,18.495850,18.263351,17.994278,18.012245,17.958336,17.580009,17.326851,17.272507,17.145554,16.854668,16.763573,16.324928,16.196571,16.012886,15.939293,15.755058,15.718163,15.533455,15.644325,15.403938,15.570435,15.551949,15.644325,15.644325,15.514977,15.403938,15.551949,15.440964,15.607391,15.514977,15.514977,15.440964,15.755058,15.607391,15.477974,15.422462,15.551949,15.514977,15.311302,15.237137,15.311302,15.570435,15.459480,15.477974,15.514977,15.533455,15.551949,15.348373,15.422462,15.366905,15.385422,15.422462,15.292770,15.329842,15.274223,15.274223,15.551949,15.311302,15.403938,15.366905,15.255684,15.292770,15.348373,15.237137,15.218575,15.237137,15.311302,15.200020,15.422462,15.088600,15.292770,15.329842,15.403938,15.162895,15.385422,15.292770,15.088600,15.274223,15.237137,15.274223,15.274223,15.200020,15.422462,15.162895,15.329842,15.162895,15.125755,15.274223,15.181458,15.218575,15.274223,15.292770,15.125755,15.162895,15.385422,15.274223,15.088600,15.088600,15.107178,15.200020,15.144333,15.181458,15.255684,15.218575,15.125755,15.144333,15.181458,15.162895,15.144333,15.162895,15.218575,15.051422,15.237137,15.292770,15.218575,15.051422,15.144333,14.995636,15.181458,15.162895,15.200020,15.107178,15.329842,15.237137,15.218575,15.181458,15.329842,15.107178,15.070015,15.051422,15.125755,15.218575,15.218575,15.107178,15.125755,14.977043,15.088600,15.070015,15.107178,15.162895,15.200020,15.088600,15.088600,15.144333,15.218575,15.070015,15.237137,14.995636,15.440964,15.070015,15.107178,15.107178,15.162895,15.125755,15.385422,15.070015,15.125755,15.162895,15.107178,15.274223,15.088600,15.070015,15.014244,15.162895,15.329842,15.385422,15.403938,15.755058,15.662788,15.477974,15.607391,15.551949,15.736610,15.625862,15.625862,15.514977,15.496475,15.514977,15.514977,15.588913,15.181458,15.181458,15.255684,15.107178,15.125755,14.995636,14.995636,15.088600,14.790794,14.939812,15.125755,14.995636,15.051422,15.070015,14.921196,15.144333,15.051422,14.977043,15.144333,14.921196,15.237137,14.883965,15.162895,14.958420,14.958420,15.014244,15.014244,15.125755,15.162895,15.088600,15.125755,14.734833,14.977043,14.921196,14.883965,15.051422,14.977043,14.753487,15.181458,15.181458,15.051422,14.865326,14.958420,14.939812,15.014244,14.790794,14.902580,14.641502,14.846703,14.772133,14.828064,14.790794,14.921196,14.902580,15.051422,15.014244,15.107178,14.846703,14.790794,14.939812,14.902580,14.977043,14.977043,14.828064,14.977043,14.921196,14.977043,14.809425,14.846703,14.809425,14.790794,15.070015,14.809425,14.846703,15.088600,14.865326,15.107178,14.995636,14.995636,14.883965,15.014244,14.865326,14.809425,14.939812,14.958420,14.902580,14.977043,14.883965,14.977043,15.014244,14.977043,15.051422,15.032837,15.051422,14.995636,15.070015,15.144333,14.883965,14.958420,14.995636,15.181458,15.218575,15.107178,15.162895,15.051422,15.162895,15.144333,15.032837,14.995636,15.181458,15.014244,14.977043,15.070015,14.977043,15.292770,15.125755,15.200020,15.218575,15.032837,15.237137,15.218575,15.181458,15.218575,15.200020,15.218575,15.144333,15.181458,
17.145554,16.836464,17.000237,16.891090,16.745338,16.982056,16.818245,16.800026,16.800026,17.036591,17.072929,16.963875,16.891090,17.018410,17.036591,17.018410,17.163704,17.000237,17.163704,17.072929,17.091087,17.199982,17.254379,17.254379,17.344955,17.326851,17.218117,17.236252,17.218117,17.453522,17.308739,17.778404,17.507759,17.958336,17.507759,17.489685,17.525826,17.598068,17.598068,17.688278,17.796410,17.724342,17.688278,17.814415,17.706314,17.760384,17.706314,18.030205,17.670250,17.760384,18.012245,18.012245,18.030205,17.850410,17.868416,18.102013,17.940361,18.012245,18.012245,18.048164,18.102013,18.030205,18.155830,18.084076,18.012245,18.281258,18.227524,18.406502,18.012245,18.227524,18.227524,18.119965,18.352852,18.334953,18.370735,18.477982,18.424385,18.191681,18.299164,18.334953,18.334953,18.263351,18.406502,18.424385,18.531555,18.477982,18.460121,18.477982,18.424385,18.567253,18.495850,18.388626,18.281258,18.424385,18.656418,18.442253,18.245445,18.334953,18.585091,18.531555,18.585091,18.477982,18.531555,18.709869,18.585091,18.638596,18.656418,18.923340,18.620766,18.602928,18.870033,18.674240,18.745483,18.923340,18.816673,18.781090,18.887802,18.923340,18.994377,18.923340,19.083084,19.189407,19.012123,19.029869,19.029869,18.976631,19.083084,19.100807,19.083084,19.153984,18.994377,19.171692,19.136261,19.118538,19.083084,19.242508,19.153984,19.313263,19.029869,19.171692,19.277893,19.313263,19.153984,19.242508,19.224815,19.136261,19.224815,19.118538,19.153984,18.958870,18.958870,19.100807,19.065346,19.012123,19.065346,19.153984,18.887802,19.047615,18.976631,18.994377,19.029869,18.941109,18.870033,19.100807,18.887802,19.224815,18.816673,18.994377,19.047615,18.941109,19.012123,19.118538,19.047615,19.118538,19.207108,19.189407,19.171692,19.083084,19.153984,19.366287,19.242508,19.472237,19.383957,19.436943,19.260208,19.260208,19.277893,19.118538,19.277893,19.083084,19.224815,19.313263,19.189407,19.153984,19.100807,19.100807,19.029869,19.065346,19.047615,19.100807,19.029869,18.976631,19.118538,19.313263,19.224815,19.100807,19.083084,19.083084,19.277893,19.260208,19.383957,19.242508,19.171692,19.348618,19.295586,19.436943,19.366287,19.525154,19.436943,19.507530,19.489883,19.613289,19.542793,19.648506,19.525154,19.613289,19.383957,19.489883,19.542793,19.507530,19.436943,19.525154,19.189407,19.489883,19.383957,19.260208,19.472237,19.260208,19.207108,19.507530,19.242508,19.153984,19.277893,19.136261,19.100807,19.330948,19.330948,19.295586,19.348618,19.295586,19.260208,19.277893,19.454590,19.436943,19.436943,19.260208,19.542793,19.507530,19.277893,19.419281,19.613289,19.578049,19.736496,19.489883,19.578049,19.454590,19.718910,19.701309,19.560417,19.595665,19.666115,19.507530,19.789246,19.771667,19.771667,19.578049,19.613289,19.754082,19.666115,19.630898,19.771667,19.613289,19.666115,19.613289,19.666115,19.560417,19.489883,19.507530,19.560417,19.806816,19.560417,19.648506,19.313263,19.507530,19.578049,19.630898,19.330948,19.295586,19.630898,19.401619,19.454590,19.436943,19.507530,19.648506,19.224815,19.613289,19.366287,19.454590,19.436943,19.454590,19.348618,19.153984,19.207108,19.189407,19.277893,19.136261,18.994377,19.136261,19.153984,18.887802,18.798889,18.798889,18.709869,18.781090,18.620766,18.727684,18.656418,18.692055,18.692055,18.656418,18.585091,18.602928,18.477982,18.495850,18.209602,18.102013,17.904396,17.868416,17.706314,17.417351,17.199982,17.218117,16.891090,16.727104,16.507973,16.233269,16.086403,16.012886,15.791931,15.662788,15.625862,15.699715,15.459480,15.755058,15.644325,15.699715,15.588913,15.440964,15.791931,15.625862,15.514977,15.644325,15.514977,15.533455,15.496475,15.644325,15.477974,15.644325,15.533455,15.570435,15.588913,15.403938,15.496475,15.496475,15.514977,15.403938,15.736610,15.514977,15.514977,15.496475,15.366905,15.588913,15.551949,15.551949,15.422462,15.477974,15.533455,15.329842,15.607391,15.514977,15.403938,15.533455,15.366905,15.422462,15.403938,15.477974,15.496475,15.440964,15.403938,15.348373,15.311302,15.570435,15.422462,15.348373,15.329842,15.496475,15.496475,15.329842,15.459480,15.496475,15.329842,15.329842,15.311302,15.459480,15.292770,15.477974,15.292770,15.255684,15.311302,15.274223,15.255684,15.422462,15.274223,15.125755,15.051422,15.237137,15.311302,15.274223,15.274223,15.181458,15.255684,15.218575,15.292770,15.107178,15.200020,15.200020,15.107178,15.200020,15.162895,15.237137,15.088600,15.274223,15.125755,15.014244,15.255684,15.051422,15.181458,15.274223,15.144333,15.032837,15.144333,15.292770,15.200020,15.200020,15.181458,15.144333,15.200020,15.181458,15.144333,15.032837,15.051422,15.311302,15.329842,15.125755,15.107178,15.255684,15.070015,15.218575,15.162895,15.088600,15.107178,15.181458,15.125755,14.995636,15.329842,15.181458,14.995636,14.995636,15.200020,15.107178,15.366905,15.125755,15.070015,15.385422,15.070015,15.311302,15.237137,15.255684,15.088600,15.292770,14.939812,15.274223,14.902580,15.162895,15.107178,14.995636,15.125755,15.218575,15.162895,15.292770,15.311302,15.311302,15.588913,15.477974,15.477974,15.607391,15.607391,15.570435,15.514977,15.699715,15.533455,15.625862,15.274223,15.459480,15.255684,15.162895,14.977043,15.144333,14.883965,15.051422,14.902580,14.958420,14.939812,15.070015,14.977043,15.088600,14.995636,15.218575,15.014244,14.921196,15.107178,15.181458,15.125755,14.977043,15.107178,15.051422,14.977043,15.144333,15.181458,15.088600,14.921196,15.051422,14.883965,14.958420,15.051422,15.274223,14.958420,15.032837,15.014244,15.014244,14.995636,14.995636,14.958420,15.014244,14.995636,14.977043,14.883965,14.828064,14.995636,14.921196,14.828064,15.014244,14.883965,14.902580,14.977043,15.088600,14.865326,14.921196,14.958420,14.753487,14.865326,14.939812,14.697517,14.604141,14.753487,14.939812,15.070015,14.977043,14.772133,14.828064,14.958420,14.809425,14.828064,14.846703,14.716171,14.828064,14.753487,14.977043,14.995636,14.939812,14.828064,14.828064,14.995636,15.218575,15.051422,14.846703,15.032837,14.865326,15.125755,15.014244,14.977043,14.772133,14.939812,15.218575,15.070015,15.014244,15.032837,15.144333,15.088600,14.939812,15.070015,15.218575,14.865326,15.032837,15.162895,14.977043,15.162895,14.958420,15.014244,14.958420,15.162895,15.088600,15.051422,15.070015,15.255684,15.144333,14.995636,15.218575,15.348373,14.883965,15.088600,15.051422,15.125755,15.477974,15.274223,15.107178,15.181458,15.403938,15.274223,15.311302,
17.036591,16.927490,16.836464,16.708862,16.635872,16.818245,16.963875,16.781799,16.891090,16.945679,16.909286,17.018410,16.854668,16.927490,17.000237,16.927490,16.945679,17.127403,16.927490,17.272507,17.199982,17.127403,16.818245,17.218117,17.453522,17.254379,17.218117,17.254379,17.254379,17.272507,17.435440,17.399261,17.435440,17.543900,17.634163,17.543900,17.543900,17.670250,17.580009,17.525826,17.634163,17.724342,17.634163,17.706314,17.634163,17.670250,17.778404,17.850410,17.706314,17.742363,17.850410,17.634163,17.670250,17.850410,17.742363,17.976311,17.904396,17.904396,17.976311,17.994278,18.012245,18.137894,18.012245,17.958336,17.904396,17.994278,18.119965,18.102013,18.048164,18.209602,18.155830,18.352852,18.066116,18.048164,18.191681,18.173759,18.030205,18.406502,18.352852,18.173759,18.281258,18.155830,18.227524,18.388626,18.299164,18.352852,18.406502,18.137894,18.209602,18.317062,18.245445,18.281258,18.299164,18.334953,18.352852,18.406502,18.388626,18.370735,18.334953,18.549400,18.388626,18.424385,18.388626,18.370735,18.602928,18.209602,18.567253,18.531555,18.692055,18.620766,18.692055,18.638596,18.709869,18.816673,18.745483,18.763298,18.816673,18.887802,18.781090,18.870033,18.923340,18.958870,18.816673,18.870033,18.976631,18.887802,18.763298,18.834473,18.870033,19.029869,18.763298,19.029869,19.047615,18.994377,18.941109,19.065346,19.065346,18.905579,19.153984,19.012123,19.171692,19.260208,19.118538,19.083084,19.065346,19.207108,18.887802,18.958870,18.941109,18.941109,18.976631,19.100807,19.065346,19.083084,18.958870,18.905579,19.047615,19.012123,19.083084,18.958870,18.745483,19.029869,19.012123,18.958870,18.852249,18.941109,19.012123,18.852249,19.083084,19.083084,18.887802,18.994377,19.401619,18.958870,19.065346,19.242508,19.083084,19.171692,19.047615,19.029869,19.171692,19.153984,19.313263,19.153984,19.047615,19.366287,19.029869,19.189407,19.029869,18.958870,19.277893,19.065346,19.100807,18.852249,19.136261,19.065346,19.047615,19.029869,18.941109,18.941109,18.870033,18.852249,19.242508,19.083084,19.029869,19.171692,18.994377,19.100807,18.994377,19.065346,19.171692,19.330948,19.260208,19.242508,19.242508,19.207108,19.383957,19.419281,19.313263,19.207108,19.313263,19.472237,19.401619,19.507530,19.313263,19.383957,19.507530,19.313263,19.224815,19.171692,18.994377,19.313263,19.242508,19.330948,19.224815,19.065346,19.065346,19.029869,19.100807,19.083084,19.083084,19.224815,19.012123,19.171692,19.207108,19.366287,18.976631,19.153984,19.029869,19.100807,19.047615,19.029869,19.171692,19.295586,19.313263,19.153984,19.419281,19.330948,19.242508,19.295586,19.542793,19.542793,19.525154,19.613289,19.613289,19.454590,19.454590,19.666115,19.648506,19.683716,19.436943,19.489883,19.630898,19.419281,19.613289,19.683716,19.560417,19.366287,19.736496,19.525154,19.666115,19.578049,19.630898,19.525154,19.507530,19.648506,19.542793,19.560417,19.489883,19.507530,19.701309,19.507530,19.472237,19.419281,19.348618,19.454590,19.401619,19.313263,19.630898,19.648506,19.507530,19.366287,19.436943,19.454590,19.383957,19.366287,19.330948,19.242508,19.207108,19.313263,19.330948,19.153984,19.189407,19.029869,19.207108,19.047615,18.976631,19.083084,19.100807,19.065346,18.994377,18.834473,18.816673,18.602928,18.781090,18.709869,18.656418,18.638596,18.638596,18.442253,18.531555,18.424385,18.334953,18.370735,18.281258,18.048164,18.066116,17.940361,17.688278,17.616119,17.254379,17.381157,16.909286,16.781799,16.544525,16.416496,16.288277,16.049652,15.957695,15.939293,15.902481,15.736610,15.718163,15.791931,15.828796,15.957695,15.736610,15.681252,15.699715,15.736610,15.736610,15.681252,15.644325,15.736610,15.570435,15.755058,15.625862,15.625862,15.588913,15.496475,15.496475,15.514977,15.422462,15.607391,15.644325,15.644325,15.570435,15.588913,15.477974,15.533455,15.533455,15.459480,15.533455,15.514977,15.570435,15.551949,15.533455,15.570435,15.459480,15.459480,15.570435,15.570435,15.514977,15.477974,15.311302,15.496475,15.385422,15.329842,15.329842,15.422462,15.329842,15.496475,15.551949,15.588913,15.385422,15.403938,15.366905,15.477974,15.422462,15.292770,15.237137,15.459480,15.551949,15.292770,15.144333,15.366905,15.385422,15.366905,15.255684,15.292770,15.385422,15.403938,15.477974,15.459480,15.348373,15.459480,15.329842,15.477974,15.200020,15.385422,15.237137,15.125755,15.403938,15.218575,15.107178,15.385422,15.162895,15.070015,15.237137,15.311302,15.051422,15.218575,15.162895,15.329842,15.181458,15.200020,15.218575,15.311302,15.255684,15.292770,15.200020,15.385422,15.255684,15.329842,15.237137,15.311302,15.255684,15.255684,15.329842,15.144333,15.440964,15.348373,15.348373,15.311302,15.385422,15.348373,15.348373,15.218575,15.070015,15.125755,15.181458,15.181458,15.125755,15.162895,15.107178,15.181458,15.237137,15.237137,15.088600,15.070015,15.200020,15.403938,14.977043,15.162895,15.292770,15.274223,15.200020,15.218575,15.125755,15.125755,15.162895,15.144333,14.958420,15.107178,15.237137,15.181458,15.292770,15.255684,15.477974,15.459480,15.440964,15.514977,15.366905,15.459480,15.625862,15.570435,15.681252,15.755058,15.644325,15.662788,15.422462,15.422462,15.385422,15.385422,15.311302,15.218575,15.366905,15.107178,15.107178,15.014244,14.939812,15.032837,15.144333,15.181458,15.107178,15.162895,15.051422,15.032837,15.181458,15.070015,15.144333,15.144333,14.977043,14.846703,14.995636,15.237137,14.977043,15.162895,15.014244,14.921196,14.902580,14.977043,15.162895,15.144333,14.977043,14.790794,15.032837,15.070015,14.977043,15.218575,14.958420,14.977043,15.070015,15.032837,14.977043,14.995636,14.977043,14.958420,14.939812,14.865326,15.051422,14.939812,14.734833,14.809425,14.995636,14.939812,14.958420,14.902580,14.977043,14.883965,14.809425,14.939812,14.697517,14.846703,14.753487,14.883965,14.921196,15.088600,14.846703,15.162895,14.958420,15.125755,14.828064,15.125755,14.977043,14.865326,15.051422,14.883965,14.883965,15.107178,14.883965,14.995636,14.977043,14.977043,14.977043,14.977043,15.088600,14.734833,14.865326,15.144333,14.846703,14.772133,14.939812,15.107178,14.883965,14.977043,15.125755,15.014244,15.125755,14.809425,15.144333,15.107178,15.088600,14.883965,15.125755,15.032837,14.995636,14.865326,15.181458,15.181458,15.274223,14.958420,15.144333,14.902580,15.348373,15.218575,15.032837,15.181458,15.366905,15.255684,15.014244,15.125755,15.070015,15.125755,15.032837,15.032837,15.403938,15.292770,15.237137,15.459480,
16.727104,16.727104,16.562805,16.818245,16.562805,16.690620,16.763573,16.818245,16.562805,16.599342,16.763573,16.872887,16.708862,16.800026,17.036591,17.036591,17.018410,17.072929,16.854668,16.963875,16.982056,17.000237,17.018410,17.054764,17.091087,17.000237,17.308739,17.054764,17.018410,17.163704,17.254379,17.254379,17.326851,17.363060,17.507759,17.236252,17.652206,17.363060,17.363060,17.399261,17.580009,17.363060,17.670250,17.652206,17.598068,17.580009,17.688278,17.580009,17.724342,17.543900,17.706314,17.706314,17.580009,17.652206,17.850410,17.616119,17.940361,17.742363,17.796410,17.778404,17.868416,17.778404,17.706314,17.940361,17.868416,18.191681,18.119965,18.066116,17.904396,17.904396,18.030205,18.048164,17.940361,18.066116,17.814415,18.012245,17.778404,17.976311,18.137894,18.245445,18.102013,18.155830,17.976311,17.940361,18.012245,18.066116,18.137894,18.137894,18.066116,18.173759,17.940361,17.940361,18.173759,18.137894,18.227524,18.102013,18.299164,18.263351,18.209602,18.352852,18.299164,18.299164,18.281258,18.209602,18.531555,18.424385,18.424385,18.549400,18.334953,18.602928,18.460121,18.424385,18.513702,18.692055,18.585091,18.531555,18.620766,18.656418,18.602928,18.709869,18.620766,18.816673,18.727684,18.781090,18.674240,18.709869,18.834473,18.923340,18.834473,18.941109,18.781090,18.816673,18.656418,18.852249,18.870033,18.958870,18.745483,19.029869,19.012123,18.994377,18.870033,18.941109,18.852249,18.994377,18.852249,19.065346,18.887802,18.781090,18.958870,18.887802,18.887802,18.834473,18.852249,18.816673,18.852249,18.816673,18.781090,18.745483,18.834473,18.816673,18.798889,18.905579,18.958870,18.852249,18.852249,18.887802,18.745483,18.905579,18.816673,18.905579,18.852249,18.834473,18.656418,18.887802,18.923340,18.816673,18.923340,18.994377,18.994377,19.012123,19.171692,19.012123,19.065346,19.136261,19.083084,19.136261,19.118538,19.065346,18.941109,19.029869,18.852249,19.242508,18.709869,18.958870,18.798889,19.047615,19.100807,19.029869,18.905579,18.994377,18.727684,19.012123,18.834473,18.798889,18.958870,19.029869,18.994377,18.887802,18.870033,18.923340,18.958870,19.029869,19.136261,19.047615,19.224815,19.189407,19.260208,19.029869,19.153984,19.330948,19.383957,19.171692,19.348618,19.242508,19.277893,19.260208,19.436943,19.171692,19.012123,19.083084,19.189407,19.313263,19.029869,18.976631,18.994377,18.958870,19.029869,18.941109,18.941109,18.816673,19.047615,19.047615,19.047615,19.083084,19.153984,18.816673,18.852249,19.012123,18.709869,19.065346,18.852249,19.029869,18.994377,19.171692,19.153984,19.029869,19.436943,19.472237,19.277893,19.419281,19.348618,19.436943,19.454590,19.630898,19.666115,19.542793,19.454590,19.525154,19.436943,19.401619,19.542793,19.454590,19.683716,19.454590,19.542793,19.507530,19.436943,19.489883,19.472237,19.419281,19.401619,19.560417,19.330948,19.630898,19.366287,19.578049,19.507530,19.348618,19.366287,19.348618,19.595665,19.419281,19.366287,19.313263,19.383957,19.419281,19.401619,19.419281,19.207108,19.454590,19.366287,19.330948,19.366287,19.277893,19.472237,19.277893,19.330948,19.313263,19.277893,19.118538,19.118538,19.189407,19.207108,18.994377,19.189407,19.118538,19.224815,18.976631,18.976631,19.029869,19.047615,18.781090,18.781090,18.798889,18.656418,18.567253,18.656418,18.602928,18.442253,18.370735,18.585091,18.656418,18.460121,18.495850,18.281258,18.173759,18.084076,17.958336,17.868416,17.525826,17.435440,17.435440,16.963875,16.909286,16.526253,16.471397,16.379883,16.104774,16.178230,16.214928,16.031273,15.828796,15.939293,15.625862,16.159874,15.847229,15.810371,15.865646,15.755058,15.939293,15.847229,15.718163,15.681252,15.791931,15.810371,15.865646,15.847229,15.828796,15.736610,15.884071,15.736610,15.828796,15.588913,15.755058,15.625862,15.773499,15.699715,15.847229,15.791931,15.736610,15.588913,15.736610,15.570435,15.865646,15.496475,15.588913,15.607391,15.625862,15.551949,15.681252,15.681252,15.625862,15.681252,15.625862,15.625862,15.625862,15.662788,15.533455,15.533455,15.403938,15.551949,15.514977,15.440964,15.681252,15.422462,15.496475,15.607391,15.551949,15.662788,15.570435,15.718163,15.496475,15.570435,15.570435,15.625862,15.533455,15.440964,15.570435,15.477974,15.422462,15.366905,15.459480,15.440964,15.385422,15.496475,15.348373,15.255684,15.292770,15.551949,15.422462,15.459480,15.422462,15.385422,15.348373,15.385422,15.237137,15.329842,15.366905,15.440964,15.440964,15.348373,15.348373,15.237137,15.385422,15.237137,15.366905,15.403938,15.403938,15.329842,15.274223,15.385422,15.533455,15.348373,15.274223,15.403938,15.181458,15.385422,15.477974,15.181458,15.311302,15.218575,15.107178,15.311302,15.385422,15.274223,15.422462,15.237137,15.348373,15.311302,15.255684,15.274223,15.366905,15.200020,15.237137,15.144333,15.237137,15.255684,15.292770,15.051422,15.255684,15.181458,15.218575,15.237137,15.366905,15.255684,15.274223,15.292770,15.125755,15.311302,15.218575,15.292770,15.311302,15.311302,15.237137,15.237137,15.366905,15.237137,15.514977,15.385422,15.551949,15.514977,15.644325,15.477974,15.533455,15.810371,15.699715,15.699715,15.699715,15.681252,15.644325,15.718163,15.459480,15.533455,15.329842,15.422462,15.311302,15.218575,15.051422,15.088600,15.274223,14.921196,15.200020,15.014244,15.237137,15.125755,15.125755,15.144333,14.958420,14.921196,14.921196,14.977043,15.070015,15.014244,15.014244,14.977043,14.902580,15.125755,15.051422,14.939812,14.977043,15.032837,15.070015,15.070015,14.921196,15.070015,14.939812,14.958420,15.051422,14.995636,14.865326,14.809425,14.995636,15.088600,14.921196,14.883965,14.902580,14.902580,14.902580,14.977043,15.125755,14.921196,14.958420,14.828064,14.828064,15.051422,14.865326,15.051422,14.958420,15.032837,14.828064,15.088600,15.032837,14.772133,14.958420,14.883965,14.977043,15.032837,14.772133,14.902580,15.051422,14.977043,15.051422,15.014244,15.070015,14.958420,15.107178,15.014244,14.846703,15.032837,14.828064,14.995636,15.070015,15.107178,15.032837,15.107178,14.995636,15.032837,15.070015,15.162895,14.921196,14.641502,15.051422,15.144333,14.809425,14.977043,14.865326,14.939812,15.144333,15.162895,14.865326,15.014244,15.088600,15.181458,15.144333,14.977043,14.995636,14.865326,15.014244,14.995636,15.107178,15.125755,15.032837,14.995636,15.051422,15.200020,15.125755,15.088600,15.385422,15.107178,15.218575,15.014244,15.237137,15.181458,15.144333,15.403938,15.292770,15.348373,15.237137,15.348373,15.348373,
16.635872,16.599342,16.526253,16.617607,16.708862,16.635872,16.781799,16.617607,16.434807,16.581078,16.617607,16.818245,16.672379,16.763573,17.000237,16.763573,16.982056,17.018410,16.982056,16.891090,16.745338,16.672379,16.854668,16.727104,16.872887,16.781799,16.891090,16.945679,16.982056,17.218117,16.927490,17.145554,17.145554,17.254379,17.308739,17.272507,17.308739,17.326851,17.435440,17.363060,17.399261,17.453522,17.272507,17.272507,17.344955,17.236252,17.417351,17.308739,17.580009,17.435440,17.453522,17.507759,17.435440,17.489685,17.670250,17.796410,17.670250,17.598068,17.543900,17.670250,17.742363,17.634163,17.507759,17.814415,18.012245,17.868416,17.814415,17.850410,17.706314,17.886406,17.850410,17.886406,17.922386,17.850410,17.868416,18.066116,17.922386,18.048164,17.868416,18.155830,17.976311,17.814415,17.940361,18.084076,17.742363,17.832420,18.102013,17.994278,17.850410,17.958336,17.976311,18.012245,17.850410,18.119965,17.904396,18.084076,18.209602,18.102013,17.994278,17.958336,17.994278,18.048164,18.030205,18.334953,18.102013,18.209602,18.281258,18.299164,18.137894,18.424385,18.281258,18.406502,18.245445,18.406502,18.424385,18.513702,18.370735,18.334953,18.602928,18.674240,18.495850,18.460121,18.692055,18.638596,18.602928,18.567253,18.567253,18.692055,18.585091,18.798889,18.531555,18.798889,18.745483,18.692055,18.692055,18.745483,18.816673,18.852249,18.887802,18.816673,18.887802,18.781090,18.763298,18.692055,18.692055,18.941109,18.798889,18.905579,18.763298,18.745483,18.585091,18.727684,18.674240,18.692055,18.692055,18.781090,18.602928,18.727684,18.816673,18.727684,18.692055,18.816673,18.656418,18.870033,18.674240,18.852249,18.958870,18.852249,18.638596,18.763298,18.816673,18.905579,18.798889,18.941109,18.870033,18.870033,18.834473,18.923340,19.029869,18.941109,18.976631,18.976631,19.083084,18.887802,18.870033,19.065346,19.153984,19.100807,19.083084,18.834473,18.798889,19.065346,18.834473,18.905579,18.923340,18.887802,18.941109,18.958870,18.941109,18.905579,18.745483,18.870033,18.870033,18.852249,18.941109,19.065346,18.816673,18.852249,18.531555,18.887802,18.834473,18.834473,18.941109,19.136261,19.136261,19.047615,19.047615,19.100807,19.136261,19.295586,19.295586,19.383957,19.118538,19.260208,19.171692,19.224815,19.136261,19.083084,19.189407,19.100807,19.189407,19.047615,19.100807,19.083084,18.887802,18.941109,18.905579,18.870033,18.816673,18.834473,18.923340,19.065346,19.029869,18.887802,18.656418,18.816673,18.870033,18.976631,18.976631,18.887802,18.852249,18.887802,18.994377,18.994377,19.065346,19.153984,19.136261,19.100807,19.189407,19.383957,19.330948,19.207108,19.419281,19.295586,19.348618,19.348618,19.242508,19.507530,19.507530,19.313263,19.383957,19.348618,19.313263,19.472237,19.224815,19.489883,19.260208,19.330948,19.277893,19.295586,19.383957,19.313263,19.348618,19.366287,19.383957,19.436943,19.542793,19.366287,19.224815,19.260208,19.348618,19.295586,19.330948,19.295586,19.313263,19.383957,19.366287,19.313263,19.401619,19.330948,19.153984,19.313263,19.366287,19.366287,19.366287,19.348618,19.260208,19.330948,19.207108,19.242508,19.171692,19.224815,19.207108,19.189407,19.083084,19.189407,18.994377,19.012123,18.905579,18.870033,18.870033,18.620766,18.852249,18.816673,18.620766,18.620766,18.638596,18.620766,18.531555,18.692055,18.495850,18.656418,18.477982,18.317062,18.299164,18.066116,17.994278,18.012245,17.814415,17.652206,17.417351,17.344955,17.363060,17.072929,16.818245,16.617607,16.617607,16.233269,16.306610,16.306610,16.178230,16.288277,16.123146,16.031273,16.123146,16.086403,16.141510,16.196571,15.884071,15.920883,15.920883,15.902481,15.957695,15.810371,15.884071,16.031273,16.012886,15.976097,15.847229,15.920883,16.049652,15.902481,15.920883,15.957695,15.755058,15.939293,15.976097,15.902481,15.957695,15.847229,15.718163,15.865646,15.939293,15.810371,15.791931,15.902481,15.773499,15.884071,15.865646,15.755058,15.681252,15.957695,15.736610,15.828796,15.662788,15.773499,15.791931,15.662788,15.791931,15.625862,15.699715,15.736610,15.718163,15.588913,15.588913,15.588913,15.718163,15.644325,15.644325,15.662788,15.755058,15.773499,15.570435,15.662788,15.607391,15.718163,15.607391,15.422462,15.625862,15.755058,15.773499,15.496475,15.718163,15.533455,15.477974,15.551949,15.348373,15.570435,15.644325,15.459480,15.625862,15.440964,15.422462,15.422462,15.551949,15.422462,15.570435,15.625862,15.551949,15.533455,15.422462,15.311302,15.644325,15.459480,15.311302,15.385422,15.422462,15.348373,15.274223,15.459480,15.440964,15.348373,15.348373,15.255684,15.403938,15.366905,15.348373,15.459480,15.348373,15.385422,15.496475,15.403938,15.329842,15.496475,15.403938,15.274223,15.255684,15.329842,15.274223,15.274223,15.311302,15.348373,15.181458,15.533455,15.237137,15.237137,15.292770,15.329842,15.329842,15.255684,15.311302,15.459480,15.200020,15.385422,15.014244,15.329842,15.088600,15.385422,15.459480,15.218575,15.348373,15.533455,15.366905,15.274223,15.292770,15.440964,15.366905,15.385422,15.459480,15.403938,15.681252,15.625862,15.625862,15.828796,15.773499,15.588913,15.681252,15.773499,15.625862,15.810371,15.662788,15.699715,15.570435,15.644325,15.773499,15.588913,15.255684,15.459480,15.255684,15.237137,14.977043,15.422462,15.311302,15.144333,15.125755,15.125755,15.125755,15.181458,15.162895,15.107178,14.995636,15.200020,15.366905,15.051422,14.995636,15.107178,15.200020,15.014244,15.032837,15.032837,15.051422,14.977043,15.051422,14.939812,15.274223,14.846703,15.032837,14.977043,15.051422,15.032837,15.014244,14.958420,14.921196,14.883965,14.865326,14.846703,14.883965,15.125755,14.977043,15.107178,14.921196,15.014244,14.977043,14.958420,14.734833,14.865326,14.995636,15.200020,14.883965,14.883965,14.865326,15.051422,14.958420,15.051422,14.939812,14.977043,14.828064,14.921196,15.125755,15.070015,14.828064,14.641502,14.958420,15.107178,14.846703,14.995636,14.902580,14.828064,14.828064,14.977043,15.051422,14.921196,14.883965,15.218575,14.939812,14.958420,15.014244,15.032837,15.107178,15.070015,14.939812,15.162895,15.032837,15.051422,14.828064,15.051422,14.995636,14.902580,15.144333,15.070015,15.032837,14.902580,15.144333,15.162895,15.070015,15.107178,15.274223,15.200020,15.032837,15.070015,15.014244,15.032837,15.181458,14.865326,15.088600,14.958420,14.902580,15.032837,15.162895,14.995636,15.162895,14.995636,15.032837,15.125755,15.181458,15.144333,15.144333,15.125755,15.311302,15.348373,
16.708862,16.306610,16.379883,16.562805,16.398201,16.306610,16.453102,16.727104,16.745338,16.544525,16.635872,16.672379,16.727104,16.672379,16.581078,16.727104,16.781799,16.507973,16.836464,16.654121,16.800026,16.763573,16.818245,17.000237,16.963875,16.872887,16.945679,16.945679,17.091087,16.836464,17.054764,17.218117,17.127403,17.272507,17.163704,17.272507,17.127403,17.163704,17.163704,17.236252,17.363060,17.344955,17.272507,17.308739,17.218117,17.363060,17.471611,17.399261,17.326851,17.218117,17.344955,17.417351,17.561958,17.399261,17.453522,17.616119,17.543900,17.598068,17.308739,17.670250,17.453522,17.634163,17.616119,17.580009,17.688278,17.706314,17.832420,17.598068,17.814415,17.868416,17.580009,17.724342,17.796410,17.706314,17.832420,17.886406,17.724342,17.868416,17.976311,17.832420,17.724342,17.724342,17.706314,17.958336,17.796410,17.904396,17.778404,17.652206,17.796410,17.616119,17.670250,18.066116,17.760384,17.724342,17.904396,17.922386,17.760384,17.868416,17.796410,17.976311,17.868416,17.868416,17.922386,17.904396,18.030205,17.994278,18.137894,18.263351,18.066116,18.263351,18.245445,18.245445,18.155830,18.317062,18.227524,18.406502,18.388626,18.209602,18.281258,18.352852,18.442253,18.442253,18.352852,18.317062,18.334953,18.567253,18.477982,18.585091,18.549400,18.692055,18.692055,18.567253,18.513702,18.406502,18.567253,18.585091,18.638596,18.620766,18.656418,18.442253,18.816673,18.585091,18.763298,18.781090,18.656418,18.709869,18.798889,18.834473,18.692055,18.674240,18.727684,18.692055,18.602928,18.798889,18.513702,18.656418,18.602928,18.798889,18.709869,18.638596,18.709869,18.656418,18.709869,18.692055,18.585091,18.816673,18.709869,18.816673,18.887802,18.763298,18.941109,18.781090,18.816673,18.852249,18.692055,18.763298,18.834473,18.852249,18.798889,18.994377,18.905579,18.887802,18.674240,18.994377,18.923340,18.941109,18.781090,19.047615,19.100807,18.852249,18.781090,18.798889,18.870033,18.923340,18.709869,18.958870,18.727684,18.816673,18.781090,18.745483,18.745483,18.941109,18.692055,18.834473,18.834473,18.692055,18.602928,18.905579,18.852249,18.781090,18.674240,18.905579,18.870033,18.905579,18.923340,18.923340,19.136261,19.012123,18.976631,19.047615,18.745483,19.012123,19.029869,19.224815,19.118538,19.207108,18.958870,19.207108,19.136261,18.887802,18.923340,18.870033,18.923340,18.994377,18.976631,18.887802,18.781090,19.012123,18.834473,19.012123,18.638596,18.941109,18.941109,19.012123,18.905579,18.763298,18.852249,18.905579,18.816673,18.887802,18.852249,19.029869,18.834473,18.870033,18.763298,19.047615,18.994377,19.100807,19.029869,18.923340,19.153984,19.277893,19.401619,19.454590,19.472237,19.330948,19.383957,19.454590,19.401619,19.242508,19.295586,19.313263,19.436943,19.383957,19.401619,19.366287,19.313263,19.277893,19.224815,19.242508,19.207108,19.277893,19.295586,19.313263,19.224815,19.330948,19.313263,19.242508,19.242508,19.277893,19.454590,19.207108,19.348618,19.383957,19.242508,19.295586,19.419281,19.401619,19.189407,19.313263,19.295586,19.419281,19.242508,19.313263,19.277893,19.153984,19.207108,19.083084,19.295586,19.189407,19.012123,19.348618,19.065346,19.171692,19.047615,19.083084,19.083084,18.923340,18.905579,18.834473,18.976631,18.781090,18.798889,18.442253,18.620766,18.602928,18.585091,18.709869,18.424385,18.460121,18.460121,18.513702,18.173759,18.388626,18.209602,18.119965,18.030205,17.922386,17.868416,17.760384,17.507759,17.435440,17.308739,17.127403,17.054764,16.727104,16.672379,16.727104,16.453102,16.599342,16.306610,16.398201,16.269951,16.526253,16.416496,16.398201,16.343254,16.214928,16.178230,16.196571,16.214928,16.379883,16.104774,16.379883,16.214928,16.269951,16.306610,16.031273,16.178230,16.196571,16.196571,16.233269,16.086403,16.049652,16.123146,16.343254,16.233269,16.159874,16.104774,16.178230,16.178230,16.068031,16.031273,16.123146,15.957695,16.214928,15.994492,16.049652,16.288277,16.031273,16.123146,15.976097,16.123146,16.141510,16.012886,16.086403,15.994492,15.755058,15.773499,16.068031,15.994492,16.104774,15.920883,16.086403,15.957695,15.957695,15.957695,15.884071,15.976097,16.068031,15.976097,15.588913,15.828796,15.865646,15.588913,15.957695,15.920883,15.847229,15.588913,15.699715,15.662788,15.699715,15.902481,15.828796,15.625862,15.810371,15.699715,15.828796,15.773499,15.736610,15.662788,15.625862,15.607391,15.810371,15.828796,15.681252,15.625862,15.625862,15.588913,15.607391,15.588913,15.459480,15.625862,15.662788,15.533455,15.736610,15.514977,15.588913,15.588913,15.477974,15.773499,15.514977,15.514977,15.588913,15.514977,15.644325,15.459480,15.755058,15.440964,15.607391,15.403938,15.570435,15.403938,15.440964,15.422462,15.366905,15.440964,15.477974,15.218575,15.348373,15.459480,15.366905,15.440964,15.570435,15.514977,15.496475,15.274223,15.422462,15.440964,15.274223,15.533455,15.514977,15.422462,15.459480,15.385422,15.366905,15.477974,15.662788,15.237137,15.403938,15.459480,15.348373,15.477974,15.440964,15.366905,15.477974,15.422462,15.644325,15.403938,15.459480,15.588913,15.718163,15.570435,15.625862,15.920883,15.957695,15.662788,15.884071,16.123146,15.828796,15.718163,15.736610,15.533455,15.625862,15.440964,15.496475,15.329842,15.255684,15.348373,15.200020,15.125755,15.218575,15.329842,15.162895,15.125755,15.088600,15.181458,15.292770,15.274223,15.125755,15.107178,15.218575,15.162895,15.088600,15.088600,15.144333,15.107178,15.181458,14.902580,14.902580,15.014244,14.977043,14.939812,15.014244,14.902580,14.939812,14.977043,15.088600,15.051422,14.977043,15.014244,15.032837,14.846703,14.921196,15.162895,14.995636,15.032837,15.051422,15.181458,14.958420,14.995636,15.051422,15.107178,15.014244,15.070015,14.939812,14.790794,15.051422,15.014244,14.958420,14.921196,14.939812,15.014244,15.107178,14.939812,14.977043,14.958420,15.032837,14.958420,15.051422,14.921196,14.939812,14.921196,14.958420,14.958420,15.032837,15.088600,15.051422,14.883965,15.181458,15.032837,15.088600,15.107178,15.107178,15.051422,14.995636,15.032837,14.865326,14.921196,15.237137,15.032837,15.107178,15.237137,14.995636,14.958420,14.958420,15.088600,15.070015,15.200020,15.144333,14.921196,15.051422,15.014244,15.088600,15.014244,14.883965,15.200020,15.088600,15.107178,14.939812,14.790794,15.088600,14.958420,15.237137,15.366905,15.200020,15.125755,15.237137,14.995636,15.200020,15.088600,15.032837,15.329842,15.144333,15.125755,15.181458,15.496475,15.514977,15.200020,15.440964,
16.544525,16.306610,16.471397,16.361572,16.507973,16.324928,16.489677,16.489677,16.379883,16.690620,16.434807,16.471397,16.708862,16.690620,16.562805,16.507973,16.544525,16.763573,16.763573,16.544525,16.745338,16.690620,16.854668,17.054764,16.672379,16.635872,16.745338,16.891090,16.836464,16.781799,16.982056,16.909286,17.036591,17.072929,16.909286,16.963875,17.072929,17.127403,17.199982,17.218117,17.018410,17.127403,17.091087,17.109245,17.054764,17.072929,17.218117,17.109245,17.363060,17.254379,17.290627,17.236252,17.199982,17.290627,17.381157,17.363060,17.326851,17.507759,17.344955,17.254379,17.471611,17.363060,17.652206,17.543900,17.543900,17.381157,17.435440,17.580009,17.652206,17.724342,17.706314,17.561958,17.525826,17.706314,17.543900,17.706314,17.652206,17.688278,17.652206,17.652206,17.598068,17.634163,17.634163,17.634163,17.561958,17.760384,17.616119,17.778404,17.814415,17.688278,17.670250,17.580009,17.760384,17.507759,17.760384,17.543900,17.760384,17.706314,17.652206,17.688278,17.742363,17.760384,17.706314,17.868416,18.066116,18.245445,17.940361,18.102013,17.886406,18.066116,18.102013,18.155830,18.012245,18.084076,18.263351,18.173759,18.137894,18.066116,18.137894,18.245445,18.155830,18.299164,18.245445,18.048164,18.263351,18.191681,18.281258,18.209602,18.191681,18.263351,18.352852,18.352852,18.334953,18.370735,18.317062,18.424385,18.352852,18.352852,18.317062,18.442253,18.460121,18.442253,18.495850,18.567253,18.477982,18.602928,18.334953,18.513702,18.513702,18.477982,18.638596,18.549400,18.692055,18.513702,18.495850,18.531555,18.531555,18.674240,18.674240,18.585091,18.602928,18.638596,18.477982,18.602928,18.477982,18.727684,18.585091,18.513702,18.567253,18.745483,18.549400,18.692055,18.763298,18.692055,18.638596,18.692055,18.745483,18.923340,18.727684,18.816673,18.745483,18.727684,18.781090,18.923340,18.745483,18.763298,18.958870,18.692055,18.656418,18.781090,18.781090,18.656418,18.745483,18.709869,18.692055,18.656418,18.905579,18.763298,18.745483,18.620766,18.709869,18.674240,18.620766,18.549400,18.781090,18.727684,18.620766,18.692055,18.585091,18.549400,18.656418,18.709869,18.709869,18.763298,18.781090,18.727684,18.798889,18.798889,18.994377,18.941109,18.958870,18.994377,19.083084,18.870033,18.941109,18.834473,18.887802,18.798889,18.994377,18.781090,18.941109,18.887802,18.923340,18.905579,18.781090,18.798889,18.781090,18.976631,18.709869,18.763298,18.763298,19.029869,18.763298,18.798889,18.834473,18.834473,18.727684,18.692055,18.727684,18.763298,18.745483,18.798889,18.887802,18.763298,18.781090,18.781090,18.976631,19.065346,18.958870,18.887802,19.083084,19.100807,19.047615,19.207108,19.065346,19.242508,19.224815,19.224815,19.171692,19.260208,19.189407,18.994377,19.171692,19.260208,19.260208,19.313263,19.136261,19.313263,19.153984,19.207108,19.224815,19.118538,19.224815,19.118538,19.100807,19.260208,19.207108,19.100807,19.153984,19.348618,19.100807,19.047615,19.029869,19.207108,19.224815,19.100807,19.277893,19.295586,19.083084,19.313263,19.242508,19.224815,19.313263,19.260208,19.171692,19.136261,19.171692,19.366287,19.118538,19.313263,19.136261,19.330948,18.941109,19.171692,18.958870,19.047615,19.029869,19.012123,18.852249,19.065346,18.994377,18.620766,18.941109,18.709869,18.692055,18.602928,18.495850,18.495850,18.602928,18.334953,18.406502,18.442253,18.352852,18.352852,18.012245,18.209602,17.994278,17.922386,18.030205,17.886406,17.742363,17.561958,17.363060,17.163704,17.072929,16.963875,17.000237,16.836464,16.654121,16.599342,16.727104,16.708862,16.416496,16.453102,16.544525,16.562805,16.453102,16.453102,16.434807,16.489677,16.544525,16.398201,16.343254,16.379883,16.343254,16.489677,16.434807,16.416496,16.398201,16.672379,16.471397,16.471397,16.269951,16.379883,16.416496,16.453102,16.324928,16.214928,16.361572,16.343254,16.416496,16.233269,16.361572,16.489677,16.251610,16.214928,16.416496,16.379883,16.269951,16.324928,16.343254,16.251610,16.306610,16.269951,16.178230,16.343254,16.141510,16.269951,16.196571,16.196571,16.196571,16.214928,16.233269,16.049652,16.251610,15.994492,16.159874,16.068031,16.141510,16.141510,16.086403,15.994492,15.920883,15.939293,15.957695,16.178230,15.939293,16.012886,15.920883,15.884071,16.123146,16.178230,15.976097,15.957695,15.902481,16.159874,15.736610,15.902481,15.810371,15.847229,15.939293,15.902481,15.791931,15.920883,15.847229,15.939293,15.681252,15.773499,15.718163,15.884071,15.865646,15.884071,15.957695,15.957695,15.699715,15.847229,15.681252,15.957695,15.773499,15.902481,15.533455,15.662788,15.681252,15.773499,15.699715,15.791931,15.699715,15.625862,15.644325,15.496475,15.736610,15.662788,15.681252,15.699715,15.570435,15.588913,15.681252,15.736610,15.551949,15.607391,15.459480,15.681252,15.459480,15.699715,15.607391,15.477974,15.366905,15.477974,15.588913,15.570435,15.607391,15.662788,15.496475,15.496475,15.496475,15.496475,15.459480,15.403938,15.385422,15.348373,15.570435,15.607391,15.588913,15.477974,15.755058,15.681252,15.718163,15.681252,15.828796,15.884071,15.644325,15.865646,16.012886,15.920883,15.625862,15.588913,15.939293,15.847229,15.920883,15.884071,16.031273,15.681252,15.828796,15.588913,15.514977,15.514977,15.403938,15.551949,15.422462,15.496475,15.403938,15.329842,15.255684,15.144333,15.403938,15.329842,15.200020,15.088600,15.274223,15.366905,15.144333,15.292770,15.125755,15.070015,15.255684,15.014244,15.348373,15.144333,15.181458,15.292770,15.125755,15.181458,15.237137,15.237137,15.162895,15.255684,15.162895,15.274223,15.088600,15.218575,15.070015,15.032837,14.995636,14.977043,15.070015,15.144333,15.125755,15.200020,15.237137,14.995636,15.200020,15.032837,15.107178,15.088600,14.939812,14.995636,15.014244,15.107178,15.014244,15.088600,15.274223,15.088600,14.995636,15.107178,14.995636,15.218575,15.014244,14.995636,14.939812,15.088600,15.144333,15.162895,15.125755,14.902580,15.088600,14.902580,14.939812,14.921196,15.051422,15.125755,15.032837,14.921196,14.566772,14.939812,15.088600,15.144333,15.162895,15.070015,15.218575,14.977043,15.125755,15.032837,15.014244,15.218575,15.088600,15.200020,15.070015,15.366905,15.255684,14.790794,15.255684,14.977043,15.088600,14.995636,15.255684,15.088600,15.032837,15.051422,15.014244,15.218575,15.051422,15.070015,15.237137,15.385422,15.348373,15.070015,15.311302,15.070015,15.162895,15.255684,15.274223,15.403938,15.218575,15.107178,15.237137,15.218575,15.070015,15.144333,15.144333,15.477974,
16.854668,16.434807,16.251610,16.434807,16.361572,16.306610,16.544525,16.251610,16.562805,16.453102,16.453102,16.453102,16.507973,16.654121,16.599342,16.708862,16.562805,16.581078,16.526253,16.581078,16.416496,16.544525,16.690620,16.635872,16.763573,16.745338,16.800026,16.727104,16.854668,16.763573,16.818245,16.945679,16.708862,16.818245,17.000237,16.891090,16.781799,16.727104,17.072929,17.163704,17.091087,17.163704,17.072929,17.145554,17.127403,17.127403,17.036591,17.163704,17.036591,17.181839,17.145554,17.308739,17.290627,17.236252,17.036591,17.163704,17.363060,17.254379,17.254379,17.363060,17.344955,17.507759,17.344955,17.163704,17.290627,17.525826,17.399261,17.308739,17.525826,17.507759,17.561958,17.507759,17.236252,17.507759,17.363060,17.218117,17.525826,17.543900,17.344955,17.435440,17.453522,17.381157,17.290627,17.489685,17.580009,17.435440,17.489685,17.525826,17.381157,17.507759,17.435440,17.525826,17.580009,17.543900,17.435440,17.399261,17.706314,17.435440,17.598068,17.561958,17.471611,17.489685,17.724342,17.724342,17.453522,17.814415,17.724342,17.814415,17.742363,17.868416,17.814415,18.012245,17.922386,17.814415,18.048164,17.994278,18.048164,18.030205,17.958336,18.048164,18.084076,17.904396,17.976311,18.173759,18.102013,18.137894,18.173759,18.155830,18.102013,18.155830,18.209602,18.137894,18.191681,18.317062,18.299164,18.137894,18.442253,18.155830,18.477982,18.424385,18.406502,18.227524,18.334953,18.352852,18.477982,18.442253,18.263351,18.406502,18.477982,18.442253,18.370735,18.317062,18.620766,18.585091,18.513702,18.549400,18.531555,18.620766,18.495850,18.549400,18.567253,18.406502,18.602928,18.620766,18.477982,18.424385,18.442253,18.602928,18.602928,18.567253,18.585091,18.567253,18.638596,18.495850,18.531555,18.531555,18.352852,18.567253,18.638596,18.692055,18.495850,18.334953,18.745483,18.692055,18.656418,18.745483,18.781090,18.674240,18.602928,18.656418,18.585091,18.620766,18.531555,18.513702,18.727684,18.638596,18.692055,18.585091,18.531555,18.638596,18.495850,18.567253,18.477982,18.585091,18.317062,18.495850,18.406502,18.620766,18.513702,18.638596,18.567253,18.549400,18.531555,18.709869,18.692055,18.870033,18.745483,18.727684,18.656418,18.745483,18.816673,18.781090,18.709869,18.905579,18.870033,19.012123,18.941109,18.674240,18.763298,18.781090,18.923340,18.852249,18.709869,18.781090,18.763298,18.816673,18.834473,18.638596,18.798889,18.620766,18.602928,18.834473,18.763298,18.798889,18.976631,18.638596,18.745483,18.798889,18.656418,18.763298,18.745483,18.816673,18.798889,18.638596,18.745483,18.905579,18.816673,18.887802,18.709869,18.958870,18.816673,19.083084,19.136261,18.870033,19.083084,19.100807,19.012123,18.976631,19.100807,19.100807,19.083084,19.136261,19.100807,19.348618,19.136261,18.976631,18.941109,19.029869,19.118538,19.242508,19.118538,19.083084,19.153984,19.153984,19.242508,19.047615,19.083084,19.153984,19.136261,19.118538,19.118538,19.189407,19.136261,19.153984,19.136261,19.083084,19.083084,19.029869,19.242508,19.207108,19.242508,19.242508,19.153984,19.189407,19.189407,19.065346,19.012123,19.029869,19.153984,19.083084,19.224815,19.029869,19.029869,19.029869,19.083084,19.242508,19.136261,18.923340,18.887802,18.781090,18.852249,19.047615,18.745483,18.816673,18.709869,18.406502,18.495850,18.513702,18.602928,18.602928,18.424385,18.477982,18.531555,18.424385,18.245445,18.317062,18.173759,18.137894,18.209602,17.886406,17.652206,17.543900,17.814415,17.435440,17.218117,17.326851,17.072929,16.854668,16.963875,16.818245,16.672379,17.018410,16.945679,16.800026,16.909286,16.854668,16.727104,16.818245,16.854668,16.708862,16.635872,16.654121,16.763573,16.818245,16.781799,16.854668,16.672379,16.781799,16.654121,16.599342,16.690620,16.763573,16.854668,16.818245,16.800026,16.562805,16.599342,16.727104,16.562805,16.562805,16.581078,16.854668,16.562805,16.690620,16.708862,16.507973,16.562805,16.745338,16.617607,16.763573,16.617607,16.526253,16.635872,16.635872,16.526253,16.745338,16.690620,16.434807,16.581078,16.526253,16.306610,16.562805,16.471397,16.562805,16.416496,16.562805,16.324928,16.617607,16.581078,16.416496,16.251610,16.562805,16.434807,16.269951,16.269951,16.324928,16.159874,16.361572,16.288277,16.269951,16.196571,16.489677,16.159874,16.269951,16.068031,16.269951,15.994492,16.178230,16.086403,16.288277,16.196571,16.214928,16.123146,16.104774,16.196571,16.068031,16.196571,16.178230,16.086403,16.159874,15.957695,16.178230,16.123146,16.141510,15.976097,16.159874,16.086403,15.957695,16.031273,15.902481,16.141510,16.031273,16.123146,16.214928,15.884071,15.976097,15.865646,15.939293,15.920883,15.976097,16.012886,15.865646,15.810371,15.939293,15.662788,15.755058,15.976097,15.718163,15.755058,15.810371,15.718163,15.755058,16.012886,15.736610,15.755058,15.755058,15.902481,15.699715,15.920883,15.865646,15.681252,15.699715,15.644325,15.791931,15.718163,15.865646,15.477974,15.699715,15.681252,15.828796,15.828796,15.662788,15.791931,15.976097,15.718163,15.773499,15.828796,15.625862,15.699715,15.773499,15.810371,15.865646,15.939293,15.884071,15.810371,16.086403,15.736610,16.068031,16.104774,15.791931,15.773499,16.012886,15.976097,15.773499,15.644325,15.681252,15.699715,15.662788,15.570435,15.551949,15.477974,15.292770,15.459480,15.403938,15.329842,15.385422,15.514977,15.311302,15.329842,15.255684,15.477974,15.311302,15.292770,15.459480,15.329842,15.366905,15.311302,15.218575,15.237137,15.237137,15.385422,15.088600,15.051422,15.255684,15.366905,15.237137,14.995636,15.218575,15.200020,15.125755,15.125755,15.274223,15.144333,15.329842,15.200020,14.939812,15.162895,15.274223,15.366905,15.311302,15.144333,15.070015,15.144333,15.200020,15.125755,15.218575,15.311302,15.366905,15.144333,15.366905,14.977043,15.144333,15.070015,15.088600,15.088600,15.348373,15.125755,15.070015,14.977043,15.088600,15.200020,15.107178,15.070015,15.014244,15.088600,15.144333,15.014244,15.088600,15.014244,15.218575,15.070015,15.107178,15.181458,15.088600,15.088600,15.070015,15.292770,15.274223,14.995636,14.977043,15.088600,15.162895,15.181458,14.883965,15.088600,15.403938,15.032837,15.181458,14.995636,15.088600,15.181458,15.237137,15.237137,15.070015,15.051422,15.348373,15.144333,15.125755,15.218575,15.200020,15.125755,15.329842,15.274223,15.348373,15.218575,15.070015,15.107178,15.162895,15.200020,15.200020,15.107178,15.014244,15.274223,15.218575,15.032837,15.533455,15.422462,15.181458,15.422462,15.422462,
16.434807,16.434807,16.269951,16.214928,16.526253,16.398201,16.343254,16.526253,16.434807,16.288277,16.416496,16.416496,16.233269,16.178230,16.306610,16.544525,16.434807,16.489677,16.635872,16.800026,16.526253,16.526253,16.526253,16.599342,16.836464,16.727104,16.562805,16.690620,16.599342,16.927490,16.836464,16.818245,17.054764,16.909286,16.781799,17.036591,16.927490,16.836464,16.836464,16.982056,16.854668,16.963875,16.781799,17.091087,17.181839,17.181839,17.054764,16.963875,17.127403,17.036591,16.909286,17.181839,17.236252,17.109245,17.145554,17.236252,17.127403,17.236252,16.963875,17.091087,17.344955,17.507759,17.344955,17.218117,17.199982,17.163704,17.326851,17.254379,17.236252,17.272507,17.381157,17.254379,17.471611,17.471611,17.109245,17.254379,17.399261,17.308739,17.290627,17.344955,17.181839,17.417351,17.344955,17.435440,17.272507,17.525826,17.417351,17.254379,17.272507,17.381157,17.435440,17.417351,17.344955,17.435440,17.381157,17.399261,17.272507,17.580009,17.489685,17.417351,17.489685,17.471611,17.489685,17.453522,17.417351,17.561958,17.796410,17.778404,17.688278,17.580009,17.652206,17.598068,17.724342,17.904396,17.868416,17.688278,17.706314,17.850410,17.634163,17.688278,17.958336,17.922386,17.940361,17.958336,18.030205,18.084076,17.976311,18.084076,17.940361,18.102013,17.940361,17.904396,18.137894,18.048164,17.976311,18.102013,18.084076,18.066116,18.209602,18.209602,18.066116,18.281258,18.263351,18.227524,18.084076,18.442253,18.370735,18.370735,18.137894,18.388626,18.245445,18.299164,18.263351,18.334953,18.317062,18.334953,18.388626,18.442253,18.460121,18.334953,18.245445,18.442253,18.495850,18.495850,18.388626,18.352852,18.495850,18.460121,18.442253,18.495850,18.406502,18.388626,18.495850,18.424385,18.442253,18.352852,18.334953,18.549400,18.549400,18.424385,18.513702,18.709869,18.549400,18.585091,18.460121,18.388626,18.567253,18.620766,18.638596,18.638596,18.352852,18.549400,18.585091,18.495850,18.424385,18.477982,18.460121,18.442253,18.317062,18.709869,18.388626,18.406502,18.727684,18.513702,18.442253,18.477982,18.370735,18.513702,18.281258,18.245445,18.388626,18.370735,18.602928,18.513702,18.549400,18.709869,18.567253,18.745483,18.567253,18.674240,18.620766,18.674240,18.585091,18.567253,18.781090,18.745483,18.674240,18.692055,18.870033,18.745483,18.727684,18.798889,18.852249,18.727684,18.674240,18.709869,18.692055,18.602928,18.638596,18.602928,18.602928,18.656418,18.887802,18.816673,18.709869,18.638596,18.692055,18.674240,18.674240,18.763298,18.620766,18.709869,18.620766,18.442253,18.638596,18.656418,18.798889,18.781090,18.834473,18.727684,18.781090,18.798889,19.012123,18.905579,18.958870,18.781090,18.834473,19.012123,19.100807,19.012123,18.905579,18.941109,19.012123,18.958870,19.242508,18.923340,18.941109,19.047615,18.994377,19.065346,19.118538,18.923340,19.012123,18.994377,18.976631,19.100807,19.136261,19.065346,19.171692,19.100807,19.171692,19.100807,19.047615,19.100807,19.118538,19.100807,18.887802,19.065346,19.100807,19.118538,19.136261,19.136261,18.941109,19.171692,19.065346,19.100807,19.171692,19.118538,19.029869,19.136261,18.941109,19.083084,19.047615,19.171692,19.029869,18.976631,18.905579,19.029869,18.834473,18.941109,18.923340,18.870033,18.816673,18.495850,18.727684,18.692055,18.477982,18.477982,18.460121,18.531555,18.388626,18.495850,18.531555,18.263351,18.245445,18.424385,18.334953,18.173759,18.281258,17.868416,17.922386,17.814415,17.814415,17.525826,17.363060,17.308739,17.091087,17.163704,17.000237,17.091087,17.109245,17.000237,17.036591,16.909286,17.018410,17.072929,16.945679,16.781799,17.036591,16.927490,16.927490,17.018410,16.945679,17.000237,17.036591,17.072929,17.109245,16.963875,17.018410,16.909286,16.963875,17.036591,17.036591,16.872887,16.963875,16.818245,16.909286,16.854668,16.781799,16.891090,16.781799,16.854668,16.763573,17.000237,16.654121,16.836464,16.745338,16.854668,17.072929,16.927490,16.818245,17.091087,16.927490,16.891090,16.982056,17.000237,16.891090,16.800026,16.745338,16.763573,16.800026,16.763573,16.872887,16.781799,16.854668,16.818245,16.581078,16.818245,16.581078,16.581078,16.818245,16.581078,16.562805,16.781799,16.617607,16.581078,16.471397,16.526253,16.672379,16.635872,16.635872,16.635872,16.599342,16.489677,16.453102,16.379883,16.489677,16.434807,16.708862,16.507973,16.361572,16.544525,16.617607,16.489677,16.489677,16.599342,16.361572,16.306610,16.453102,16.379883,16.453102,16.453102,16.251610,16.233269,16.343254,16.379883,16.269951,16.324928,16.233269,16.398201,16.343254,16.416496,16.544525,16.214928,16.214928,16.306610,16.233269,16.012886,16.123146,16.196571,16.178230,15.976097,16.306610,16.086403,16.104774,16.233269,16.178230,16.123146,16.049652,16.159874,16.012886,15.865646,16.031273,15.976097,15.957695,16.269951,15.939293,15.847229,15.902481,15.884071,15.884071,16.012886,15.865646,16.049652,15.865646,16.012886,15.755058,15.791931,15.994492,16.104774,15.828796,15.939293,15.976097,16.233269,16.104774,16.123146,16.031273,15.994492,16.196571,15.994492,16.233269,16.214928,15.994492,16.288277,16.141510,16.251610,16.068031,16.141510,16.104774,15.902481,16.049652,16.086403,16.214928,15.994492,16.031273,15.625862,15.681252,15.902481,15.496475,15.736610,15.718163,15.514977,15.422462,15.755058,15.681252,15.607391,15.514977,15.496475,15.477974,15.440964,15.551949,15.403938,15.459480,15.403938,15.496475,15.477974,15.403938,15.403938,15.477974,15.533455,15.348373,15.477974,15.329842,15.329842,15.366905,15.385422,15.292770,15.403938,15.422462,15.292770,15.274223,15.348373,15.218575,15.329842,15.200020,15.255684,15.181458,15.088600,15.255684,15.385422,15.403938,15.292770,15.274223,15.237137,15.088600,15.348373,15.070015,15.255684,15.051422,15.237137,15.274223,15.218575,15.255684,15.329842,15.218575,15.107178,15.459480,15.200020,15.274223,15.311302,15.311302,15.292770,15.329842,15.311302,15.125755,15.403938,15.125755,15.329842,15.125755,15.125755,15.329842,15.014244,14.939812,15.440964,15.070015,15.329842,15.162895,15.162895,15.144333,15.329842,15.162895,15.107178,15.255684,15.125755,15.125755,15.292770,15.274223,15.440964,15.588913,15.162895,15.366905,15.403938,15.218575,15.255684,15.125755,15.088600,15.292770,15.385422,15.181458,15.292770,15.162895,15.255684,15.218575,15.255684,15.088600,15.274223,15.311302,15.385422,15.255684,15.144333,15.274223,15.496475,15.311302,15.329842,15.385422,15.311302,15.514977,15.385422,15.477974,15.366905,
16.708862,16.324928,16.343254,16.251610,16.507973,16.324928,16.233269,16.343254,16.178230,16.617607,16.196571,16.251610,16.324928,16.489677,16.269951,16.617607,16.398201,16.453102,16.654121,16.471397,16.617607,16.434807,16.489677,16.471397,16.544525,16.416496,16.562805,16.416496,16.599342,16.453102,16.800026,16.745338,16.489677,16.800026,16.891090,16.836464,16.745338,16.800026,16.763573,16.818245,16.963875,16.800026,17.018410,16.854668,17.054764,16.945679,17.018410,16.927490,16.982056,17.036591,17.000237,17.054764,17.163704,16.945679,17.127403,17.018410,17.181839,16.963875,17.000237,17.145554,17.145554,17.308739,17.091087,17.127403,17.199982,17.344955,17.254379,17.326851,17.236252,17.363060,17.163704,17.199982,16.982056,17.054764,17.145554,17.326851,17.127403,17.163704,17.218117,17.036591,17.399261,17.272507,17.326851,17.109245,17.054764,17.417351,17.199982,17.163704,17.072929,17.254379,17.272507,17.218117,17.272507,17.254379,17.072929,17.254379,17.218117,17.308739,17.163704,17.381157,17.399261,17.199982,17.344955,17.344955,17.381157,17.363060,17.435440,17.561958,17.525826,17.634163,17.561958,17.616119,17.598068,17.670250,17.796410,17.489685,17.580009,17.904396,17.724342,17.598068,17.796410,17.616119,17.688278,17.904396,17.814415,17.742363,17.580009,17.922386,17.994278,17.742363,17.778404,17.904396,17.868416,17.760384,17.922386,17.760384,18.155830,17.868416,17.886406,17.904396,17.940361,18.012245,18.048164,18.048164,18.066116,18.048164,18.245445,18.209602,18.084076,18.173759,18.102013,18.281258,18.227524,18.173759,18.191681,18.334953,18.209602,18.245445,18.084076,18.119965,18.227524,18.119965,18.209602,18.334953,18.370735,18.173759,18.209602,18.495850,18.299164,18.263351,18.388626,18.281258,18.245445,18.442253,18.317062,18.370735,18.388626,18.460121,18.352852,18.352852,18.370735,18.281258,18.388626,18.638596,18.406502,18.424385,18.245445,18.513702,18.334953,18.281258,18.334953,18.388626,18.173759,18.352852,18.388626,18.495850,18.245445,18.388626,18.388626,18.388626,18.388626,18.334953,18.263351,18.460121,18.370735,18.263351,18.155830,18.155830,18.191681,18.209602,18.477982,18.299164,18.442253,18.460121,18.245445,18.352852,18.495850,18.317062,18.370735,18.388626,18.442253,18.442253,18.460121,18.585091,18.495850,18.585091,18.370735,18.549400,18.477982,18.477982,18.513702,18.692055,18.763298,18.763298,18.709869,18.495850,18.442253,18.638596,18.513702,18.870033,18.585091,18.727684,18.460121,18.549400,18.549400,18.549400,18.781090,18.674240,18.370735,18.727684,18.567253,18.513702,18.585091,18.620766,18.495850,18.531555,18.602928,18.745483,18.727684,18.549400,18.602928,18.727684,18.763298,18.763298,18.905579,18.870033,18.763298,18.852249,18.834473,18.994377,18.745483,18.852249,18.816673,18.976631,18.923340,18.958870,18.958870,18.816673,18.834473,19.047615,18.941109,18.674240,18.887802,18.941109,18.816673,18.958870,18.994377,19.083084,18.976631,19.029869,19.065346,19.012123,19.029869,18.923340,19.047615,19.012123,19.065346,18.941109,18.994377,19.012123,19.083084,18.887802,19.100807,19.136261,18.976631,19.083084,19.029869,18.852249,19.153984,19.065346,19.083084,18.976631,18.870033,18.852249,18.852249,18.976631,18.798889,18.941109,18.798889,18.709869,18.727684,18.852249,18.745483,18.549400,18.567253,18.531555,18.602928,18.531555,18.549400,18.495850,18.638596,18.495850,18.531555,18.585091,18.263351,18.477982,18.352852,18.227524,18.119965,18.263351,17.868416,17.742363,17.760384,17.598068,17.453522,17.453522,17.363060,17.344955,17.363060,17.254379,17.326851,17.308739,17.072929,17.272507,17.199982,17.163704,17.344955,17.199982,17.109245,17.254379,17.091087,17.036591,17.145554,17.127403,17.181839,17.145554,17.308739,17.236252,17.054764,17.181839,17.181839,17.272507,17.163704,17.254379,17.072929,17.163704,17.145554,17.199982,17.127403,17.181839,17.018410,17.290627,17.018410,17.254379,17.018410,17.163704,17.127403,17.254379,17.000237,17.218117,17.272507,17.236252,17.181839,17.036591,17.091087,17.163704,17.054764,17.054764,17.000237,16.945679,17.145554,17.000237,17.018410,17.054764,17.000237,16.891090,16.963875,16.891090,16.818245,17.163704,16.781799,16.854668,16.872887,16.891090,16.945679,17.000237,16.963875,16.963875,17.000237,16.818245,16.836464,16.818245,16.781799,16.800026,16.909286,17.018410,16.800026,16.872887,16.781799,16.945679,16.854668,16.763573,16.745338,16.781799,16.599342,16.854668,16.727104,16.781799,16.654121,16.800026,16.672379,16.617607,16.708862,16.708862,16.708862,16.708862,16.599342,16.489677,16.672379,16.617607,16.617607,16.654121,16.599342,16.526253,16.379883,16.562805,16.398201,16.379883,16.453102,16.434807,16.361572,16.398201,16.434807,16.507973,16.489677,16.288277,16.343254,16.251610,16.398201,16.361572,16.233269,16.196571,16.434807,16.324928,16.269951,16.306610,16.361572,16.434807,16.471397,16.233269,16.196571,16.398201,16.233269,16.233269,16.196571,16.343254,16.068031,16.086403,16.288277,16.214928,16.196571,16.123146,16.324928,16.361572,16.288277,16.471397,16.141510,16.398201,16.288277,16.251610,16.288277,16.288277,16.031273,16.343254,16.324928,16.544525,16.288277,16.489677,16.269951,16.288277,16.123146,15.902481,16.507973,16.453102,16.141510,15.939293,16.012886,16.068031,16.031273,16.012886,15.755058,15.939293,15.884071,15.773499,15.791931,15.976097,15.551949,15.810371,15.939293,15.755058,15.607391,15.496475,15.533455,15.791931,15.607391,15.681252,15.588913,15.644325,15.403938,15.496475,15.403938,15.847229,15.533455,15.440964,15.514977,15.403938,15.385422,15.422462,15.496475,15.311302,15.348373,15.348373,15.681252,15.181458,15.329842,15.348373,15.348373,15.699715,15.477974,15.533455,15.385422,15.459480,15.422462,15.533455,15.385422,15.274223,15.459480,15.477974,15.477974,15.477974,15.255684,15.422462,15.311302,15.496475,15.718163,15.385422,15.403938,15.218575,15.218575,15.459480,15.329842,15.533455,15.348373,15.477974,15.200020,15.237137,15.348373,15.292770,15.274223,15.292770,15.477974,15.459480,15.255684,15.385422,15.422462,15.422462,15.292770,15.348373,15.032837,15.551949,15.311302,15.403938,15.440964,15.422462,15.662788,15.366905,15.477974,15.625862,15.366905,15.385422,15.292770,15.348373,15.385422,15.459480,15.477974,15.255684,15.200020,15.440964,15.403938,15.237137,15.459480,15.366905,15.329842,15.311302,15.385422,15.366905,15.107178,15.311302,15.237137,15.403938,15.181458,15.348373,15.403938,15.477974,15.681252,15.440964,15.514977,15.403938,15.459480,15.607391,
16.581078,16.123146,16.086403,16.214928,16.068031,16.233269,16.379883,16.178230,16.233269,16.123146,16.416496,16.361572,16.306610,16.178230,16.214928,16.343254,16.507973,16.434807,16.361572,16.617607,16.306610,16.379883,16.398201,16.434807,16.489677,16.489677,16.599342,16.507973,16.654121,16.781799,16.599342,16.526253,16.635872,16.781799,16.581078,16.836464,16.562805,16.818245,16.781799,16.872887,16.836464,16.800026,16.727104,16.854668,16.909286,17.054764,17.018410,17.018410,16.800026,17.018410,16.963875,16.909286,16.854668,17.036591,16.708862,16.945679,16.872887,16.963875,17.018410,16.708862,16.982056,16.982056,16.927490,17.091087,17.308739,17.127403,17.326851,17.145554,17.145554,17.109245,17.145554,17.326851,17.254379,17.054764,16.927490,17.091087,16.982056,16.909286,16.982056,16.945679,16.909286,16.927490,17.018410,17.091087,16.909286,17.091087,17.000237,16.963875,16.963875,17.109245,17.054764,17.109245,17.000237,16.909286,17.018410,17.290627,17.145554,17.000237,17.109245,17.054764,17.145554,17.145554,17.127403,17.181839,17.127403,17.399261,17.236252,17.435440,17.471611,17.489685,17.399261,17.489685,17.453522,17.435440,17.363060,17.453522,17.453522,17.507759,17.417351,17.598068,17.254379,17.580009,17.543900,17.580009,17.616119,17.543900,17.670250,17.634163,17.453522,17.688278,17.724342,17.706314,17.670250,17.760384,17.778404,17.760384,17.778404,17.706314,17.796410,17.976311,17.706314,17.814415,17.724342,17.778404,17.922386,17.976311,17.940361,17.922386,17.958336,17.940361,17.886406,18.048164,17.922386,17.940361,18.173759,18.137894,18.012245,17.994278,18.048164,18.084076,18.048164,18.209602,17.868416,17.976311,18.119965,18.012245,18.119965,18.155830,18.191681,18.119965,18.173759,18.317062,18.370735,18.209602,18.137894,18.102013,18.299164,18.317062,18.281258,18.155830,18.281258,18.263351,18.245445,18.245445,18.137894,18.531555,18.191681,18.137894,18.066116,18.263351,18.173759,18.173759,18.155830,18.245445,18.245445,18.227524,18.263351,18.209602,18.066116,18.370735,18.119965,18.173759,18.119965,18.209602,18.209602,18.352852,18.137894,18.299164,17.994278,18.191681,18.119965,18.155830,18.030205,18.102013,18.119965,18.299164,18.263351,18.281258,18.352852,18.299164,18.227524,18.406502,18.137894,18.317062,18.370735,18.424385,18.352852,18.531555,18.370735,18.388626,18.173759,18.334953,18.406502,18.406502,18.334953,18.477982,18.299164,18.406502,18.549400,18.549400,18.406502,18.388626,18.388626,18.388626,18.424385,18.513702,18.317062,18.495850,18.370735,18.477982,18.370735,18.460121,18.388626,18.531555,18.656418,18.495850,18.567253,18.585091,18.549400,18.585091,18.656418,18.674240,18.620766,18.602928,18.638596,18.692055,18.549400,18.763298,18.781090,18.798889,18.692055,18.834473,18.745483,18.674240,18.745483,18.887802,18.798889,18.852249,18.656418,18.692055,18.763298,18.781090,18.727684,18.763298,18.816673,18.905579,18.692055,19.065346,18.905579,18.692055,18.763298,18.958870,18.834473,18.887802,18.692055,18.941109,18.763298,18.923340,18.781090,19.100807,18.798889,18.887802,19.012123,18.763298,19.065346,19.065346,18.976631,19.012123,19.083084,18.994377,18.798889,18.887802,18.923340,19.100807,18.941109,19.012123,18.798889,18.870033,18.692055,18.976631,18.674240,18.709869,18.620766,18.620766,18.567253,18.692055,18.602928,18.442253,18.442253,18.370735,18.334953,18.692055,18.370735,18.460121,18.442253,18.245445,18.370735,18.263351,18.137894,18.209602,17.886406,17.832420,17.940361,17.778404,17.760384,17.706314,17.580009,17.580009,17.561958,17.381157,17.507759,17.561958,17.580009,17.272507,17.598068,17.272507,17.254379,17.399261,17.399261,17.344955,17.399261,17.453522,17.326851,17.344955,17.616119,17.399261,17.290627,17.525826,17.453522,17.236252,17.363060,17.453522,17.561958,17.489685,17.326851,17.489685,17.543900,17.381157,17.580009,17.634163,17.507759,17.344955,17.363060,17.453522,17.344955,17.344955,17.326851,17.417351,17.272507,17.399261,17.453522,17.435440,17.145554,17.489685,17.489685,17.381157,17.399261,17.453522,17.363060,17.399261,17.199982,17.254379,17.272507,17.218117,17.109245,17.381157,17.308739,17.290627,17.163704,17.399261,17.363060,17.109245,17.199982,17.181839,17.344955,17.344955,17.181839,17.145554,17.127403,17.199982,17.163704,17.036591,17.163704,17.199982,17.072929,17.091087,17.018410,17.181839,17.091087,17.054764,16.927490,17.218117,17.091087,17.054764,17.018410,17.127403,17.091087,16.945679,17.109245,16.891090,17.036591,17.000237,16.909286,17.072929,17.091087,17.091087,16.982056,17.145554,16.872887,17.000237,17.127403,17.145554,16.909286,16.781799,16.800026,16.708862,16.781799,16.818245,16.872887,16.872887,16.854668,16.672379,16.909286,16.909286,16.690620,16.818245,16.836464,16.708862,16.672379,16.635872,16.781799,16.763573,16.544525,16.581078,16.617607,16.434807,16.526253,16.708862,16.745338,16.672379,16.654121,16.654121,16.398201,16.526253,16.781799,16.434807,16.434807,16.489677,16.453102,16.672379,16.416496,16.398201,16.324928,16.361572,16.379883,16.324928,16.526253,16.617607,16.489677,16.781799,16.269951,16.507973,16.306610,16.727104,16.489677,16.581078,16.617607,16.489677,16.471397,16.635872,16.471397,16.544525,16.233269,16.343254,16.306610,16.251610,16.361572,16.068031,16.123146,16.233269,16.068031,16.141510,15.994492,16.031273,16.012886,16.104774,15.994492,15.939293,15.976097,15.865646,15.699715,15.865646,15.828796,15.847229,15.902481,15.920883,15.791931,15.791931,15.699715,15.773499,15.865646,15.791931,15.865646,15.570435,15.533455,15.884071,15.662788,15.496475,15.847229,15.791931,15.791931,15.884071,15.699715,15.625862,15.810371,15.791931,15.699715,15.699715,15.551949,15.662788,15.625862,15.551949,15.607391,15.588913,15.551949,15.588913,15.440964,15.366905,15.422462,15.810371,15.551949,15.496475,15.699715,15.570435,15.366905,15.477974,15.385422,15.681252,15.459480,15.755058,15.570435,15.570435,15.551949,15.718163,15.403938,15.662788,15.459480,15.459480,15.496475,15.348373,15.385422,15.385422,15.607391,15.403938,15.496475,15.311302,15.533455,15.200020,15.588913,15.348373,15.459480,15.496475,15.662788,15.459480,15.533455,15.607391,15.662788,15.755058,15.459480,15.459480,15.477974,15.551949,15.440964,15.459480,15.366905,15.311302,15.422462,15.440964,15.422462,15.477974,15.477974,15.570435,15.514977,15.274223,15.570435,15.459480,15.514977,15.477974,15.551949,15.514977,15.514977,15.403938,15.440964,15.644325,15.625862,15.662788,15.274223,15.181458,15.588913,15.791931,
16.581078,16.343254,16.251610,16.141510,16.324928,16.233269,16.526253,16.416496,16.269951,15.994492,16.434807,16.471397,16.453102,16.471397,16.233269,16.233269,16.453102,16.416496,16.361572,16.434807,16.434807,16.416496,16.343254,16.196571,16.617607,16.489677,16.196571,16.251610,16.343254,16.727104,16.581078,16.599342,16.544525,16.562805,16.526253,16.416496,16.654121,16.836464,16.581078,16.763573,16.672379,16.727104,16.891090,16.836464,16.654121,16.727104,16.781799,16.909286,16.763573,16.763573,16.927490,16.909286,16.891090,16.800026,16.854668,16.982056,16.891090,16.909286,17.036591,16.836464,16.781799,17.000237,17.000237,16.945679,16.963875,17.018410,17.054764,16.909286,17.036591,16.872887,17.036591,17.054764,17.054764,16.982056,16.963875,16.854668,17.036591,16.927490,16.854668,17.018410,16.854668,17.000237,16.927490,17.000237,16.836464,16.763573,16.854668,16.836464,16.854668,17.054764,16.909286,16.872887,16.836464,16.945679,16.909286,17.000237,16.909286,17.091087,16.927490,17.145554,16.800026,17.145554,17.000237,17.054764,17.091087,17.091087,17.054764,17.363060,17.290627,17.163704,17.199982,17.199982,17.344955,17.290627,17.109245,17.435440,17.399261,17.381157,17.417351,17.489685,17.381157,17.381157,17.344955,17.489685,17.453522,17.363060,17.580009,17.507759,17.652206,17.417351,17.489685,17.489685,17.652206,17.489685,17.543900,17.652206,17.742363,17.543900,17.724342,17.742363,17.489685,17.670250,17.543900,17.742363,17.489685,17.580009,17.580009,17.940361,17.868416,17.868416,17.814415,17.778404,17.832420,18.012245,17.976311,18.012245,17.814415,18.084076,17.706314,17.940361,17.886406,18.119965,17.922386,18.012245,18.030205,17.958336,17.886406,18.102013,18.119965,17.850410,18.066116,18.048164,18.102013,18.084076,18.012245,18.084076,17.850410,17.904396,18.066116,17.796410,17.886406,18.119965,18.012245,18.066116,17.994278,18.030205,17.994278,18.281258,17.868416,18.066116,18.048164,17.976311,18.102013,17.922386,18.066116,18.227524,18.030205,18.066116,18.030205,17.886406,18.119965,18.012245,17.940361,18.012245,18.155830,18.030205,18.119965,17.922386,17.832420,17.958336,18.030205,18.048164,18.048164,18.137894,18.048164,18.227524,18.227524,18.048164,18.155830,18.066116,18.119965,18.209602,18.155830,18.227524,18.245445,18.173759,18.299164,18.191681,18.281258,18.173759,18.388626,18.137894,18.263351,18.388626,18.388626,18.137894,18.370735,18.227524,18.334953,18.424385,18.317062,18.388626,18.370735,18.388626,18.424385,18.388626,18.334953,18.334953,18.424385,18.460121,18.173759,18.317062,18.424385,18.370735,18.245445,18.513702,18.460121,18.585091,18.602928,18.442253,18.388626,18.656418,18.424385,18.477982,18.495850,18.585091,18.567253,18.585091,18.531555,18.585091,18.388626,18.531555,18.567253,18.638596,18.477982,18.602928,18.460121,18.531555,18.709869,18.567253,18.763298,18.585091,18.567253,18.656418,18.531555,18.745483,18.567253,18.745483,18.638596,18.816673,18.692055,18.798889,18.798889,18.727684,18.781090,18.923340,18.923340,18.727684,18.745483,18.727684,18.958870,18.905579,19.029869,19.029869,18.816673,18.816673,18.958870,18.976631,18.852249,18.816673,18.674240,18.976631,18.887802,18.852249,18.602928,18.816673,18.763298,18.834473,18.513702,18.923340,18.763298,18.709869,18.513702,18.692055,18.620766,18.781090,18.745483,18.549400,18.531555,18.549400,18.477982,18.549400,18.424385,18.406502,18.299164,18.442253,18.334953,18.102013,18.406502,18.263351,18.173759,18.030205,17.940361,17.850410,17.868416,17.652206,17.670250,17.616119,17.561958,17.580009,17.616119,17.634163,17.308739,17.652206,17.634163,17.616119,17.543900,17.561958,17.561958,17.652206,17.760384,17.634163,17.598068,17.670250,17.850410,17.616119,17.580009,17.796410,17.742363,17.561958,17.724342,17.616119,17.724342,17.796410,17.670250,17.760384,17.742363,17.670250,17.616119,17.598068,17.580009,17.561958,17.543900,17.796410,17.706314,17.706314,17.634163,17.670250,17.580009,17.814415,17.580009,17.489685,17.670250,17.724342,17.670250,17.724342,17.616119,17.507759,17.706314,17.580009,17.543900,17.616119,17.616119,17.760384,17.580009,17.453522,17.507759,17.634163,17.652206,17.724342,17.616119,17.580009,17.580009,17.489685,17.435440,17.580009,17.580009,17.507759,17.616119,17.598068,17.326851,17.435440,17.344955,17.634163,17.543900,17.453522,17.525826,17.489685,17.363060,17.525826,17.272507,17.435440,17.453522,17.326851,17.163704,17.363060,17.272507,17.272507,17.399261,17.254379,17.218117,17.363060,17.381157,17.399261,17.218117,17.344955,17.163704,17.145554,17.181839,17.326851,17.363060,17.417351,17.272507,17.254379,17.218117,17.054764,17.199982,17.181839,17.091087,17.308739,17.036591,17.109245,17.018410,17.145554,17.036591,17.000237,17.109245,17.109245,16.927490,17.163704,17.000237,16.963875,17.072929,17.036591,17.072929,17.036591,16.909286,16.945679,16.963875,16.909286,16.818245,16.963875,16.690620,16.818245,16.963875,16.872887,16.708862,16.818245,16.654121,16.781799,16.781799,17.163704,16.745338,16.745338,16.836464,16.872887,16.562805,16.690620,16.909286,16.836464,16.836464,16.818245,16.854668,16.872887,16.963875,16.708862,16.763573,16.781799,16.800026,16.800026,16.727104,16.599342,16.727104,16.800026,16.672379,16.526253,16.672379,16.562805,16.434807,16.361572,16.581078,16.398201,16.324928,16.324928,16.379883,16.233269,16.398201,16.214928,16.398201,16.159874,16.269951,16.104774,16.123146,16.214928,16.031273,16.086403,16.031273,16.141510,15.994492,15.920883,16.068031,15.791931,16.178230,16.233269,15.994492,16.104774,15.828796,15.902481,15.994492,15.884071,15.939293,16.104774,15.828796,15.957695,16.012886,16.031273,15.773499,15.957695,16.086403,15.884071,15.884071,15.920883,15.847229,15.828796,15.865646,15.755058,15.902481,15.920883,15.681252,15.791931,16.123146,16.049652,15.681252,16.012886,15.662788,15.920883,15.828796,15.828796,15.755058,15.736610,15.773499,16.086403,15.791931,15.625862,15.810371,15.736610,15.514977,15.718163,15.699715,15.644325,15.644325,15.718163,15.755058,15.551949,15.625862,15.773499,15.570435,15.920883,15.718163,15.755058,15.607391,15.773499,15.625862,15.403938,15.477974,15.902481,15.662788,15.514977,15.736610,15.588913,15.422462,15.884071,15.718163,15.514977,15.662788,15.551949,15.718163,15.847229,15.791931,15.607391,15.570435,15.662788,15.533455,15.588913,15.551949,15.699715,15.662788,15.810371,15.699715,15.810371,15.699715,15.625862,15.607391,15.902481,15.847229,15.718163,15.773499,15.755058,15.865646,15.920883,
16.581078,16.398201,16.324928,16.526253,16.031273,16.526253,16.196571,16.416496,16.379883,16.104774,16.178230,16.324928,16.507973,16.471397,16.398201,16.379883,16.361572,16.214928,16.306610,16.288277,16.288277,16.635872,16.343254,16.562805,16.562805,16.361572,16.379883,16.416496,16.672379,16.526253,16.324928,16.544525,16.361572,16.398201,16.763573,16.690620,16.507973,16.745338,16.635872,16.763573,16.800026,16.763573,16.854668,16.708862,16.836464,16.635872,16.818245,16.963875,16.945679,16.690620,16.854668,16.781799,16.690620,16.818245,16.672379,16.727104,16.836464,16.927490,16.727104,16.982056,16.854668,16.891090,16.872887,16.891090,16.818245,16.945679,16.708862,16.872887,16.927490,16.982056,16.836464,16.745338,16.781799,16.818245,16.690620,16.800026,16.581078,16.617607,16.672379,16.763573,16.763573,16.672379,16.836464,16.854668,16.872887,16.708862,16.891090,17.018410,16.727104,16.872887,16.872887,16.836464,16.854668,16.836464,16.836464,17.054764,17.000237,16.891090,16.909286,17.000237,16.727104,17.054764,16.909286,16.945679,17.091087,16.982056,16.891090,17.054764,17.218117,17.072929,17.163704,17.218117,17.272507,17.199982,17.109245,17.145554,17.290627,17.344955,17.272507,17.236252,17.218117,17.290627,17.308739,17.399261,17.290627,17.308739,17.218117,17.399261,17.363060,17.381157,17.290627,17.381157,17.236252,17.471611,17.381157,17.489685,17.652206,17.525826,17.381157,17.363060,17.525826,17.471611,17.417351,17.435440,17.634163,17.724342,17.507759,17.706314,17.778404,17.832420,17.742363,17.561958,17.778404,17.850410,17.814415,17.634163,17.742363,17.724342,17.688278,17.922386,17.778404,17.796410,17.850410,17.724342,17.904396,17.760384,17.778404,17.832420,17.832420,18.030205,17.814415,18.030205,17.706314,17.850410,17.814415,17.886406,17.742363,17.994278,17.832420,17.814415,17.886406,17.886406,17.868416,17.922386,17.922386,17.814415,18.030205,17.922386,17.742363,17.688278,17.976311,17.994278,17.850410,17.940361,17.940361,17.904396,17.958336,17.868416,17.814415,17.850410,17.796410,17.904396,17.850410,17.922386,17.922386,17.904396,17.688278,17.994278,17.868416,17.652206,17.814415,17.940361,17.706314,17.832420,17.904396,17.958336,17.904396,18.084076,17.832420,18.084076,17.976311,17.994278,18.012245,18.173759,18.012245,18.191681,18.084076,17.904396,18.370735,18.084076,18.191681,18.263351,18.137894,18.066116,17.958336,18.173759,18.281258,18.155830,18.102013,18.173759,18.119965,18.299164,18.137894,18.084076,18.227524,18.137894,18.084076,18.299164,18.209602,18.227524,18.137894,18.442253,18.334953,18.209602,18.281258,18.281258,18.281258,18.317062,18.227524,18.317062,18.406502,18.281258,18.209602,18.460121,18.317062,18.352852,18.263351,18.352852,18.406502,18.442253,18.406502,18.388626,18.495850,18.406502,18.281258,18.299164,18.281258,18.531555,18.299164,18.442253,18.531555,18.674240,18.388626,18.442253,18.549400,18.549400,18.567253,18.370735,18.531555,18.549400,18.692055,18.674240,18.638596,18.674240,18.709869,18.692055,18.763298,18.923340,18.692055,18.727684,18.887802,18.692055,18.870033,18.656418,18.816673,18.887802,18.816673,18.745483,18.781090,18.834473,18.816673,18.763298,18.834473,18.763298,18.834473,18.763298,18.834473,18.976631,18.692055,18.656418,18.709869,18.727684,18.424385,18.460121,18.602928,18.567253,18.370735,18.567253,18.406502,18.370735,18.495850,18.442253,18.388626,18.406502,18.442253,18.585091,18.477982,18.549400,18.352852,18.317062,18.084076,18.370735,18.173759,18.137894,18.102013,17.904396,17.778404,17.832420,17.886406,17.796410,17.868416,17.652206,17.742363,17.670250,17.724342,17.814415,17.598068,17.778404,17.814415,17.796410,17.958336,17.580009,17.742363,18.012245,17.796410,17.778404,17.796410,17.868416,17.850410,17.760384,17.760384,18.030205,17.940361,17.796410,17.940361,18.030205,17.958336,18.048164,17.850410,18.066116,17.832420,18.012245,17.904396,17.958336,17.886406,17.994278,18.084076,18.030205,18.191681,17.814415,17.904396,17.886406,17.976311,17.796410,17.904396,17.796410,17.886406,17.940361,17.778404,17.940361,17.850410,17.940361,17.850410,17.922386,17.922386,17.886406,17.868416,17.886406,17.940361,17.868416,17.868416,17.850410,17.868416,17.832420,17.904396,17.922386,17.886406,17.652206,17.706314,17.760384,17.561958,17.832420,17.760384,17.652206,17.724342,17.706314,17.760384,17.832420,17.688278,17.706314,17.832420,17.814415,17.634163,17.832420,17.543900,17.706314,17.561958,17.724342,17.706314,17.652206,17.688278,17.688278,17.634163,17.489685,17.706314,17.561958,17.688278,17.634163,17.453522,17.670250,17.417351,17.561958,17.525826,17.598068,17.453522,17.272507,17.507759,17.561958,17.471611,17.561958,17.471611,17.417351,17.507759,17.145554,17.489685,17.417351,17.254379,17.308739,17.363060,17.308739,17.290627,17.363060,17.272507,17.326851,17.308739,17.399261,17.236252,17.145554,17.290627,17.272507,17.145554,17.254379,17.218117,17.127403,17.145554,17.036591,17.218117,17.199982,16.927490,17.109245,17.254379,17.091087,16.891090,17.181839,17.109245,17.091087,17.272507,17.054764,17.072929,17.036591,17.381157,17.236252,17.054764,17.072929,17.036591,17.054764,17.036591,16.927490,16.927490,17.036591,16.745338,16.927490,16.800026,16.927490,17.054764,16.872887,16.800026,16.982056,16.836464,16.507973,16.708862,16.745338,16.581078,16.745338,16.581078,16.526253,16.872887,16.453102,16.745338,16.690620,16.398201,16.526253,16.489677,16.672379,16.324928,16.434807,16.453102,16.416496,16.416496,16.690620,16.416496,16.544525,16.379883,16.306610,16.306610,16.104774,16.434807,16.251610,16.416496,16.379883,16.288277,16.562805,16.288277,16.324928,16.361572,16.141510,16.214928,16.214928,16.288277,16.012886,16.159874,15.957695,16.049652,16.068031,16.288277,16.178230,16.068031,16.196571,16.233269,16.343254,16.214928,16.123146,16.068031,16.049652,16.233269,16.031273,16.214928,16.086403,16.251610,16.159874,15.920883,15.994492,15.994492,15.994492,15.939293,16.159874,16.141510,15.957695,16.012886,16.141510,16.031273,15.865646,16.012886,16.214928,15.847229,15.994492,15.957695,15.939293,15.939293,16.012886,15.773499,15.957695,15.847229,15.847229,16.086403,15.920883,16.012886,15.939293,15.902481,15.939293,16.012886,16.104774,15.939293,15.884071,16.031273,15.902481,15.902481,15.810371,15.902481,15.718163,15.939293,15.920883,16.031273,15.920883,15.976097,15.902481,15.920883,15.865646,15.884071,15.994492,15.976097,15.920883,15.957695,15.625862,15.957695,15.957695,15.810371,15.791931,15.957695,16.086403,
16.617607,16.489677,16.288277,16.306610,16.306610,16.251610,16.398201,16.526253,16.343254,16.269951,16.434807,16.453102,16.233269,16.398201,16.343254,16.324928,16.471397,16.159874,16.269951,16.324928,16.251610,16.489677,16.379883,16.361572,16.324928,16.324928,16.343254,16.379883,16.526253,16.471397,16.214928,16.361572,16.361572,16.672379,16.562805,16.434807,16.434807,16.672379,16.471397,16.672379,16.526253,16.836464,16.818245,16.818245,16.599342,16.745338,16.745338,16.854668,16.800026,16.800026,16.635872,16.781799,16.507973,16.672379,16.800026,16.727104,16.781799,16.727104,16.836464,16.781799,16.836464,17.018410,16.745338,16.727104,16.763573,16.963875,16.763573,16.818245,16.690620,16.872887,16.690620,16.617607,16.781799,16.635872,16.854668,16.690620,16.781799,16.672379,16.727104,16.690620,16.654121,16.745338,16.617607,16.562805,16.562805,16.854668,16.617607,16.690620,16.617607,16.708862,16.434807,16.708862,16.672379,16.836464,16.745338,16.763573,16.781799,16.800026,16.745338,16.836464,16.781799,16.836464,16.854668,17.018410,16.818245,16.727104,16.672379,16.763573,16.854668,17.072929,16.818245,16.836464,16.927490,17.054764,16.963875,16.963875,17.054764,16.781799,16.982056,17.199982,17.036591,17.145554,16.927490,17.218117,17.109245,17.054764,17.218117,17.163704,17.181839,17.181839,17.218117,17.127403,17.181839,17.218117,17.290627,17.381157,17.363060,17.344955,17.381157,17.489685,17.399261,17.507759,17.308739,17.417351,17.543900,17.381157,17.598068,17.417351,17.308739,17.417351,17.453522,17.598068,17.598068,17.471611,17.453522,17.453522,17.489685,17.670250,17.616119,17.616119,17.561958,17.796410,17.598068,17.580009,17.543900,17.561958,17.796410,17.634163,17.832420,17.724342,17.598068,17.616119,17.778404,17.832420,17.688278,17.598068,17.670250,17.706314,17.796410,17.670250,17.580009,17.706314,17.652206,17.598068,17.724342,17.724342,17.598068,17.742363,17.760384,17.742363,17.634163,17.634163,17.724342,17.742363,17.670250,17.742363,17.525826,17.652206,17.598068,17.724342,17.543900,17.453522,17.381157,17.525826,17.724342,17.435440,17.561958,17.760384,17.525826,17.363060,17.616119,17.724342,17.724342,17.580009,17.670250,17.670250,17.688278,17.652206,17.724342,17.616119,17.652206,17.904396,17.507759,17.778404,17.940361,17.742363,17.832420,17.850410,17.886406,17.922386,17.940361,17.922386,17.904396,17.994278,18.012245,18.030205,17.922386,18.012245,17.940361,17.958336,17.994278,18.066116,18.155830,17.922386,17.994278,18.119965,17.994278,18.030205,18.173759,18.119965,18.299164,18.030205,18.012245,18.048164,18.119965,18.191681,18.191681,18.155830,18.191681,18.137894,18.173759,18.137894,18.084076,18.173759,18.155830,18.173759,18.119965,18.191681,18.281258,18.370735,18.030205,18.137894,18.263351,18.352852,18.317062,18.263351,18.119965,18.299164,18.334953,18.334953,18.209602,18.281258,18.281258,18.299164,18.334953,18.460121,18.406502,18.388626,18.442253,18.442253,18.317062,18.477982,18.477982,18.798889,18.424385,18.638596,18.513702,18.834473,18.656418,18.727684,18.638596,18.549400,18.763298,18.781090,18.745483,18.781090,18.781090,18.656418,18.852249,18.656418,18.656418,18.834473,18.834473,18.745483,18.727684,18.674240,18.620766,18.638596,18.674240,18.334953,18.531555,18.585091,18.549400,18.567253,18.513702,18.495850,18.442253,18.531555,18.370735,18.674240,18.388626,18.567253,18.531555,18.424385,18.442253,18.477982,18.424385,18.352852,18.549400,18.137894,18.299164,18.263351,18.155830,18.030205,18.048164,17.904396,17.958336,18.048164,18.155830,18.084076,17.940361,17.994278,17.760384,17.832420,17.742363,17.868416,17.940361,17.832420,18.012245,17.958336,17.940361,17.922386,17.994278,17.760384,17.868416,17.922386,18.030205,17.976311,18.048164,18.012245,18.245445,17.976311,18.066116,18.191681,18.137894,18.030205,17.994278,18.209602,17.904396,18.263351,18.352852,18.281258,17.976311,18.030205,18.066116,18.137894,17.886406,18.012245,18.030205,18.084076,18.137894,18.281258,18.173759,18.191681,18.227524,18.209602,18.137894,18.012245,17.922386,18.209602,18.084076,18.155830,18.119965,18.066116,18.119965,18.030205,18.137894,18.191681,18.030205,18.012245,18.084076,18.030205,18.173759,18.066116,18.102013,17.976311,18.102013,17.976311,18.119965,18.030205,18.066116,17.994278,17.958336,18.012245,17.886406,18.137894,18.012245,18.137894,18.066116,18.119965,17.868416,18.209602,18.048164,17.940361,18.012245,18.048164,18.084076,17.958336,17.886406,17.958336,18.102013,17.886406,18.119965,18.048164,17.976311,17.958336,17.832420,18.012245,17.832420,17.868416,17.832420,17.850410,17.886406,17.670250,17.958336,17.850410,17.688278,17.670250,17.742363,17.832420,17.904396,17.778404,17.688278,17.580009,17.724342,17.525826,17.814415,17.525826,17.616119,17.742363,17.561958,17.706314,17.616119,17.561958,17.796410,17.525826,17.381157,17.543900,17.435440,17.598068,17.489685,17.616119,17.435440,17.435440,17.326851,17.363060,17.344955,17.489685,17.417351,17.489685,17.344955,17.344955,17.236252,17.417351,17.308739,16.927490,17.381157,17.290627,17.199982,17.363060,17.598068,17.435440,17.236252,17.236252,17.290627,17.344955,17.399261,17.399261,17.399261,17.199982,17.254379,17.290627,17.163704,17.054764,17.236252,17.218117,17.109245,17.000237,17.218117,17.181839,17.036591,17.018410,16.927490,17.018410,17.036591,17.163704,16.727104,16.891090,16.982056,16.945679,16.891090,16.781799,16.690620,16.690620,16.818245,16.781799,16.891090,16.727104,16.727104,16.727104,16.927490,16.818245,16.599342,16.617607,16.818245,16.745338,16.544525,16.581078,16.526253,16.690620,16.672379,16.781799,16.617607,16.599342,16.690620,16.489677,16.836464,16.507973,16.617607,16.690620,16.434807,16.453102,16.599342,16.745338,16.398201,16.471397,16.599342,16.727104,16.361572,16.599342,16.306610,16.471397,16.453102,16.379883,16.324928,16.581078,16.306610,16.416496,16.581078,16.434807,16.507973,16.141510,16.251610,16.526253,16.214928,16.288277,16.251610,16.398201,16.343254,16.343254,16.324928,16.781799,16.343254,16.416496,16.306610,16.306610,16.379883,16.416496,16.324928,16.196571,16.398201,16.379883,16.306610,16.324928,16.178230,16.196571,16.306610,15.865646,16.379883,16.196571,16.159874,16.288277,16.306610,16.214928,16.031273,16.233269,16.196571,16.123146,16.178230,16.049652,16.471397,16.178230,16.324928,16.251610,16.453102,15.957695,15.957695,16.178230,16.068031,16.012886,16.306610,16.288277,16.343254,16.214928,16.104774,16.141510,16.526253,16.214928,16.196571,16.306610,
16.526253,16.361572,16.434807,16.324928,16.635872,16.453102,16.526253,16.507973,16.398201,16.562805,16.562805,16.562805,16.416496,16.562805,16.398201,16.562805,16.398201,16.471397,16.306610,16.635872,16.361572,16.471397,16.453102,16.434807,16.343254,16.416496,16.416496,16.526253,16.507973,16.141510,16.635872,16.872887,16.544525,16.599342,16.434807,16.654121,16.690620,16.690620,16.727104,16.507973,16.635872,16.800026,16.672379,16.690620,16.544525,16.617607,16.891090,16.654121,16.599342,16.526253,16.836464,16.781799,16.599342,16.526253,16.690620,16.617607,16.617607,16.800026,16.763573,16.745338,16.562805,16.836464,17.018410,16.781799,16.800026,16.745338,16.781799,16.763573,16.727104,16.489677,16.854668,16.581078,16.854668,16.672379,16.599342,16.507973,16.471397,16.343254,16.617607,16.544525,16.453102,16.544525,16.818245,16.544525,16.544525,16.745338,16.507973,16.727104,16.654121,16.507973,16.489677,16.727104,16.654121,16.745338,16.945679,16.708862,16.781799,16.727104,16.745338,16.617607,16.763573,16.507973,16.617607,16.635872,16.562805,16.818245,16.635872,16.763573,16.763573,16.945679,17.054764,16.781799,17.018410,16.763573,16.672379,16.872887,17.018410,16.945679,16.854668,16.963875,16.818245,16.836464,16.800026,17.054764,17.054764,16.945679,16.872887,16.963875,16.909286,16.945679,17.145554,16.982056,16.945679,17.399261,17.308739,17.072929,17.236252,17.417351,17.290627,17.236252,17.290627,17.344955,17.199982,17.363060,17.163704,17.381157,17.435440,17.489685,17.344955,17.453522,17.326851,17.344955,17.453522,17.561958,17.326851,17.344955,17.399261,17.435440,17.435440,17.417351,17.363060,17.471611,17.598068,17.742363,17.507759,17.580009,17.489685,17.580009,17.507759,17.706314,17.453522,17.742363,17.598068,17.489685,17.616119,17.670250,17.525826,17.399261,17.525826,17.543900,17.326851,17.561958,17.507759,17.435440,17.670250,17.598068,17.344955,17.543900,17.453522,17.435440,17.489685,17.543900,17.507759,17.453522,17.381157,17.363060,17.290627,17.561958,17.308739,17.363060,17.435440,17.543900,17.471611,17.290627,17.344955,17.399261,17.308739,17.399261,17.417351,17.381157,17.616119,17.435440,17.507759,17.543900,17.381157,17.363060,17.543900,17.507759,17.507759,17.471611,17.724342,17.381157,17.652206,17.543900,17.742363,17.489685,17.598068,17.453522,17.580009,17.634163,17.580009,17.507759,17.706314,17.670250,17.525826,17.796410,17.706314,17.940361,17.742363,17.760384,17.922386,17.778404,17.706314,17.796410,17.814415,17.760384,17.814415,17.868416,18.102013,17.994278,17.940361,18.048164,17.868416,17.778404,17.994278,17.868416,17.922386,18.137894,18.030205,18.048164,17.868416,18.030205,18.030205,17.958336,18.012245,17.958336,17.958336,18.191681,17.958336,17.958336,17.958336,18.173759,17.958336,18.048164,17.994278,18.030205,18.048164,18.084076,18.227524,18.066116,17.940361,18.155830,18.012245,18.245445,18.137894,18.137894,18.245445,18.281258,18.245445,18.155830,18.299164,18.281258,18.370735,18.513702,18.352852,18.549400,18.460121,18.477982,18.352852,18.477982,18.513702,18.549400,18.620766,18.531555,18.495850,18.692055,18.567253,18.674240,18.567253,18.531555,18.567253,18.620766,18.656418,18.656418,18.388626,18.477982,18.602928,18.656418,18.352852,18.656418,18.495850,18.513702,18.406502,18.638596,18.531555,18.352852,18.460121,18.299164,18.424385,18.317062,18.406502,18.424385,18.477982,18.549400,18.495850,18.442253,18.388626,18.245445,18.299164,18.334953,18.245445,18.388626,18.137894,18.155830,18.048164,18.084076,18.173759,18.209602,17.994278,18.173759,18.012245,18.209602,17.940361,18.030205,17.850410,18.030205,17.958336,17.994278,18.048164,18.155830,18.030205,18.030205,17.976311,18.119965,18.191681,18.137894,18.299164,18.245445,18.030205,18.227524,18.048164,18.137894,18.245445,18.299164,18.245445,18.245445,18.084076,18.191681,18.317062,18.281258,18.209602,18.245445,18.370735,18.137894,18.370735,18.155830,18.317062,18.281258,18.209602,18.370735,18.406502,18.281258,18.495850,18.137894,18.281258,18.442253,18.424385,18.424385,18.263351,18.299164,18.406502,18.370735,18.442253,18.299164,18.334953,18.263351,18.334953,18.281258,18.370735,18.388626,18.317062,18.317062,18.173759,18.370735,18.299164,18.155830,18.209602,18.388626,18.352852,18.406502,18.245445,18.281258,18.191681,18.334953,18.317062,18.370735,18.245445,18.352852,18.281258,18.299164,18.388626,18.245445,18.352852,18.137894,18.317062,18.227524,18.299164,18.227524,18.281258,18.263351,18.263351,18.263351,18.352852,18.334953,18.370735,18.155830,18.281258,18.281258,18.137894,18.030205,18.173759,18.119965,18.137894,18.173759,18.173759,18.066116,18.066116,18.066116,18.137894,18.066116,18.119965,18.066116,18.245445,18.030205,18.102013,18.066116,18.030205,17.958336,17.958336,18.066116,17.922386,17.778404,17.976311,18.066116,17.868416,18.048164,17.958336,17.796410,17.814415,17.778404,17.742363,17.850410,17.760384,17.886406,17.652206,17.706314,17.796410,17.796410,17.814415,17.778404,17.724342,17.886406,17.525826,17.814415,17.652206,17.724342,17.670250,17.543900,17.580009,17.580009,17.670250,17.598068,17.417351,17.742363,17.670250,17.724342,17.344955,17.652206,17.742363,17.814415,17.652206,17.652206,17.507759,17.616119,17.453522,17.254379,17.598068,17.435440,17.363060,17.363060,17.254379,17.236252,17.272507,17.435440,17.163704,17.272507,17.181839,17.236252,17.199982,17.272507,17.344955,17.344955,17.072929,17.218117,16.945679,17.163704,17.127403,17.091087,17.018410,16.982056,17.000237,16.982056,16.891090,17.145554,16.909286,16.781799,16.872887,17.054764,17.127403,16.963875,17.072929,16.963875,16.854668,17.036591,17.054764,16.763573,16.909286,16.909286,16.818245,16.945679,16.836464,16.854668,16.854668,17.018410,16.982056,16.945679,17.000237,16.708862,17.109245,16.745338,16.763573,16.781799,16.891090,16.945679,16.581078,16.909286,16.727104,16.654121,16.927490,16.745338,16.854668,16.818245,16.599342,16.891090,16.745338,16.708862,16.635872,16.690620,16.872887,16.453102,17.127403,16.872887,16.818245,16.544525,16.581078,16.836464,16.800026,16.544525,16.836464,16.836464,16.617607,16.617607,16.635872,16.800026,16.416496,16.635872,16.489677,16.617607,16.745338,16.708862,16.745338,16.507973,16.708862,16.672379,16.379883,16.306610,16.581078,16.727104,16.416496,16.416496,16.544525,16.617607,16.690620,16.434807,16.453102,16.471397,16.471397,16.269951,16.654121,16.379883,16.526253,16.581078,16.617607,16.562805,16.544525,16.343254,16.654121,16.581078,16.398201,16.727104,
16.562805,16.818245,16.343254,16.672379,16.489677,16.526253,16.324928,16.361572,16.471397,16.635872,16.434807,16.471397,16.306610,16.507973,16.361572,16.398201,16.306610,16.434807,16.581078,16.635872,16.617607,16.288277,16.159874,16.416496,16.617607,16.324928,16.690620,16.398201,16.599342,16.526253,16.471397,16.562805,16.398201,16.489677,16.489677,16.599342,16.599342,16.507973,16.416496,16.544525,16.818245,16.599342,16.526253,16.690620,16.763573,16.690620,16.544525,16.544525,16.526253,16.526253,17.054764,16.727104,16.672379,16.635872,16.562805,16.471397,16.690620,16.745338,16.654121,16.836464,16.781799,16.781799,16.763573,16.927490,16.635872,16.617607,16.672379,16.763573,16.872887,16.599342,16.233269,16.507973,16.398201,16.507973,16.690620,16.507973,16.379883,16.617607,16.471397,16.489677,16.324928,16.306610,16.434807,16.526253,16.434807,16.489677,16.544525,16.434807,16.343254,16.471397,16.544525,16.507973,16.581078,16.708862,16.654121,16.489677,16.690620,16.581078,16.581078,16.562805,16.453102,16.489677,16.507973,16.800026,16.745338,16.745338,16.654121,16.708862,16.763573,16.690620,16.818245,16.690620,16.489677,16.708862,16.763573,16.927490,16.708862,16.727104,16.763573,16.854668,16.654121,16.708862,16.818245,16.945679,17.054764,16.727104,16.800026,17.036591,16.891090,16.836464,16.927490,17.036591,17.000237,17.018410,17.072929,17.199982,17.127403,17.163704,17.127403,16.891090,17.127403,17.218117,17.272507,17.236252,17.272507,17.127403,17.236252,17.363060,17.163704,17.435440,17.399261,17.507759,17.290627,17.489685,17.199982,17.181839,17.254379,17.199982,17.290627,17.399261,17.363060,17.344955,17.236252,17.453522,17.381157,17.290627,17.399261,17.290627,17.507759,17.471611,17.435440,17.308739,17.290627,17.417351,17.199982,17.471611,17.381157,17.344955,17.326851,17.363060,17.417351,17.489685,17.218117,17.525826,17.236252,17.417351,17.254379,17.254379,17.218117,17.381157,17.363060,17.290627,17.381157,17.163704,17.181839,17.163704,17.254379,17.381157,17.254379,17.344955,17.127403,17.072929,17.254379,17.163704,17.308739,17.272507,17.308739,17.181839,17.036591,17.199982,17.308739,17.326851,17.181839,17.543900,17.363060,17.308739,17.145554,17.326851,17.471611,17.453522,17.417351,17.254379,17.381157,17.489685,17.471611,17.381157,17.489685,17.471611,17.381157,17.417351,17.236252,17.525826,17.525826,17.435440,17.507759,17.561958,17.489685,17.525826,17.706314,17.652206,17.525826,17.580009,17.525826,17.940361,17.507759,17.904396,17.850410,17.778404,17.724342,17.724342,17.796410,17.922386,17.706314,17.706314,17.543900,17.850410,17.940361,17.706314,17.850410,17.868416,17.886406,17.760384,17.796410,17.742363,17.796410,17.922386,17.904396,17.868416,17.760384,17.814415,17.886406,18.048164,17.796410,17.796410,17.814415,17.814415,18.030205,17.706314,17.940361,17.976311,17.886406,17.976311,18.155830,17.976311,18.012245,17.958336,18.102013,18.191681,18.209602,18.173759,18.048164,18.155830,18.352852,18.281258,18.513702,18.119965,18.227524,18.531555,18.477982,18.370735,18.495850,18.602928,18.442253,18.620766,18.424385,18.549400,18.513702,18.442253,18.531555,18.602928,18.442253,18.460121,18.549400,18.477982,18.513702,18.549400,18.477982,18.567253,18.388626,18.513702,18.334953,18.495850,18.317062,18.388626,18.352852,18.406502,18.370735,18.334953,18.334953,18.406502,18.263351,18.460121,18.317062,18.352852,18.352852,18.334953,18.352852,18.388626,18.173759,18.388626,18.317062,18.317062,18.299164,18.191681,18.119965,18.119965,18.048164,18.334953,18.442253,18.281258,18.263351,18.263351,18.173759,18.084076,18.173759,18.155830,18.173759,18.245445,18.245445,18.424385,18.209602,18.406502,18.227524,18.245445,18.388626,18.370735,18.317062,18.334953,18.030205,18.263351,18.245445,18.245445,18.352852,18.263351,18.334953,18.317062,18.317062,18.442253,18.513702,18.477982,18.406502,18.460121,18.352852,18.567253,18.638596,18.352852,18.513702,18.531555,18.370735,18.442253,18.567253,18.352852,18.549400,18.460121,18.531555,18.442253,18.549400,18.424385,18.602928,18.442253,18.495850,18.638596,18.763298,18.602928,18.567253,18.442253,18.477982,18.656418,18.424385,18.727684,18.388626,18.638596,18.531555,18.442253,18.531555,18.495850,18.602928,18.477982,18.424385,18.620766,18.495850,18.620766,18.602928,18.549400,18.424385,18.585091,18.442253,18.602928,18.745483,18.602928,18.567253,18.531555,18.656418,18.495850,18.531555,18.531555,18.442253,18.585091,18.602928,18.460121,18.602928,18.388626,18.424385,18.388626,18.352852,18.442253,18.460121,18.531555,18.477982,18.406502,18.495850,18.424385,18.263351,18.513702,18.370735,18.460121,18.477982,18.245445,18.477982,18.299164,18.299164,18.334953,18.245445,18.370735,18.066116,18.334953,18.227524,18.263351,18.263351,18.191681,18.263351,18.084076,18.084076,18.299164,18.227524,18.191681,18.119965,18.012245,18.245445,18.155830,18.299164,17.994278,17.904396,18.030205,18.119965,17.958336,18.048164,18.084076,17.850410,17.958336,17.958336,18.084076,17.958336,18.137894,17.994278,18.030205,17.868416,17.904396,17.814415,17.940361,17.814415,17.904396,17.868416,17.904396,17.850410,17.904396,17.994278,17.778404,17.814415,18.012245,17.778404,17.652206,17.778404,17.742363,17.778404,17.886406,17.616119,17.670250,17.724342,17.886406,17.760384,17.489685,17.742363,17.652206,17.670250,17.724342,17.471611,17.616119,17.417351,17.435440,17.580009,17.417351,17.326851,17.326851,17.471611,17.507759,17.417351,17.507759,17.363060,17.399261,17.363060,17.417351,17.199982,17.181839,17.344955,17.254379,17.363060,17.109245,17.417351,17.417351,17.018410,17.381157,17.381157,17.272507,17.326851,17.489685,17.091087,17.290627,17.181839,17.072929,17.344955,17.145554,17.290627,17.181839,17.091087,17.072929,17.072929,17.018410,17.218117,17.091087,17.054764,16.982056,17.181839,17.109245,17.236252,17.290627,17.109245,17.199982,17.254379,17.163704,17.000237,17.018410,17.054764,17.018410,17.199982,17.109245,16.909286,17.236252,17.308739,16.945679,17.000237,17.163704,17.072929,16.945679,16.909286,17.091087,17.000237,16.854668,17.072929,17.036591,17.000237,17.109245,16.982056,16.927490,17.018410,17.091087,17.072929,17.145554,17.109245,17.127403,16.781799,16.800026,17.000237,16.854668,17.054764,16.927490,16.800026,16.982056,16.927490,16.654121,16.909286,16.982056,16.818245,16.945679,16.854668,16.745338,16.818245,17.072929,17.000237,16.891090,16.654121,16.745338,16.763573,16.708862,16.800026,16.854668,16.982056,16.781799,16.836464,17.254379,
16.672379,16.471397,16.453102,16.288277,16.416496,16.635872,16.581078,16.635872,16.361572,16.562805,16.489677,16.434807,16.617607,16.781799,16.708862,16.361572,16.562805,16.526253,16.599342,16.581078,16.708862,16.599342,16.544525,16.745338,16.690620,16.453102,16.599342,16.398201,16.617607,16.379883,16.672379,16.617607,16.324928,16.654121,16.581078,16.727104,16.635872,16.544525,16.745338,16.507973,16.453102,16.891090,16.581078,16.562805,16.617607,16.818245,16.617607,16.708862,16.745338,16.617607,16.635872,16.654121,16.599342,16.562805,16.927490,16.581078,16.763573,16.818245,16.617607,16.599342,16.727104,16.781799,16.727104,16.763573,16.654121,16.708862,16.727104,16.562805,16.690620,16.581078,16.507973,16.617607,16.562805,16.471397,16.416496,16.343254,16.434807,16.251610,16.269951,16.489677,16.379883,16.306610,16.453102,16.434807,16.233269,16.416496,16.471397,16.489677,16.471397,16.526253,16.306610,16.507973,16.617607,16.434807,16.489677,16.526253,16.343254,16.507973,16.471397,16.526253,16.324928,16.599342,16.398201,16.489677,16.361572,16.453102,16.562805,16.453102,16.453102,16.800026,16.635872,16.562805,16.562805,16.763573,16.599342,16.635872,16.763573,16.617607,16.727104,16.617607,16.599342,16.672379,16.781799,16.745338,16.654121,16.818245,16.781799,16.763573,16.818245,16.909286,16.854668,16.963875,16.891090,16.963875,16.854668,17.072929,16.945679,17.091087,17.127403,17.054764,17.181839,17.091087,17.000237,17.091087,17.091087,17.326851,17.163704,17.072929,17.163704,17.199982,17.199982,17.199982,17.236252,17.236252,17.308739,17.018410,17.236252,17.145554,17.272507,17.109245,17.236252,17.381157,17.363060,17.272507,17.272507,17.272507,17.272507,17.381157,17.236252,17.181839,17.163704,17.326851,17.163704,17.181839,17.199982,17.145554,17.290627,17.072929,17.181839,17.127403,17.018410,17.036591,17.254379,17.054764,17.181839,17.254379,17.036591,17.072929,17.254379,17.218117,16.909286,17.199982,16.945679,17.018410,17.091087,17.308739,17.236252,17.091087,16.891090,17.091087,16.909286,17.072929,16.982056,17.145554,17.272507,17.254379,16.800026,17.036591,17.145554,17.109245,17.036591,17.145554,17.072929,17.036591,17.272507,17.091087,17.072929,17.091087,17.109245,17.181839,17.145554,17.091087,17.181839,17.072929,17.290627,17.399261,17.236252,17.109245,17.381157,17.344955,17.453522,17.308739,17.254379,17.072929,17.399261,17.399261,17.471611,17.381157,17.381157,17.236252,17.399261,17.435440,17.417351,17.489685,17.543900,17.417351,17.580009,17.543900,17.453522,17.471611,17.453522,17.489685,17.489685,17.652206,17.688278,17.399261,17.561958,17.561958,17.634163,17.507759,17.561958,17.616119,17.381157,17.580009,17.543900,17.471611,17.652206,17.598068,17.580009,17.688278,17.724342,17.688278,17.994278,17.796410,17.543900,17.688278,17.652206,17.652206,17.652206,17.652206,17.598068,17.616119,17.868416,17.760384,17.922386,17.922386,17.832420,17.796410,17.760384,17.940361,17.850410,17.976311,17.994278,18.102013,18.281258,18.263351,18.245445,18.102013,18.317062,18.370735,18.495850,18.388626,18.317062,18.334953,18.442253,18.424385,18.531555,18.388626,18.352852,18.477982,18.388626,18.567253,18.370735,18.388626,18.388626,18.281258,18.460121,18.334953,18.263351,18.370735,18.352852,18.334953,18.370735,18.317062,18.299164,18.209602,18.263351,18.084076,18.299164,18.227524,18.334953,18.334953,18.227524,18.263351,18.406502,18.334953,18.155830,18.263351,18.173759,18.567253,18.352852,18.334953,18.263351,18.424385,18.245445,18.119965,18.352852,18.245445,18.317062,18.245445,18.281258,18.209602,18.263351,18.209602,18.299164,18.263351,18.209602,18.334953,18.317062,18.227524,18.263351,18.281258,18.317062,18.334953,18.334953,18.299164,18.406502,18.352852,18.370735,18.477982,18.317062,18.460121,18.442253,18.442253,18.513702,18.317062,18.460121,18.406502,18.638596,18.460121,18.692055,18.460121,18.602928,18.477982,18.692055,18.513702,18.709869,18.692055,18.513702,18.477982,18.620766,18.549400,18.781090,18.638596,18.585091,18.798889,18.460121,18.585091,18.602928,18.709869,18.531555,18.674240,18.567253,18.709869,18.709869,18.727684,18.513702,18.763298,18.549400,18.709869,18.442253,18.887802,18.709869,18.477982,18.692055,18.620766,18.495850,18.941109,18.567253,18.834473,18.745483,18.674240,18.692055,18.727684,18.834473,18.709869,18.852249,18.692055,18.816673,18.656418,18.852249,18.798889,18.870033,18.727684,18.709869,18.816673,18.941109,18.745483,18.870033,18.656418,18.834473,18.745483,18.745483,18.656418,18.656418,18.620766,18.549400,18.798889,18.638596,18.620766,18.656418,18.638596,18.816673,18.709869,18.620766,18.692055,18.638596,18.709869,18.870033,18.585091,18.781090,18.495850,18.495850,18.638596,18.477982,18.692055,18.442253,18.620766,18.513702,18.495850,18.477982,18.442253,18.442253,18.424385,18.531555,18.567253,18.442253,18.406502,18.531555,18.513702,18.477982,18.317062,18.281258,18.477982,18.245445,18.370735,18.352852,18.209602,18.155830,18.281258,18.388626,18.191681,18.191681,18.352852,18.173759,18.281258,18.227524,18.155830,18.173759,18.263351,18.155830,18.191681,18.173759,18.048164,18.245445,18.137894,18.119965,18.030205,18.119965,18.137894,18.173759,18.119965,17.904396,18.030205,18.066116,18.191681,18.173759,17.940361,17.904396,17.796410,18.066116,18.048164,17.958336,17.832420,17.958336,18.173759,17.850410,18.012245,17.832420,17.832420,17.796410,17.706314,17.814415,17.706314,17.742363,17.688278,17.670250,17.760384,17.688278,17.598068,17.580009,17.616119,17.453522,17.634163,17.363060,17.670250,17.489685,17.616119,17.507759,17.598068,17.580009,17.580009,17.525826,17.580009,17.525826,17.688278,17.616119,17.724342,17.561958,17.561958,17.507759,17.598068,17.543900,17.471611,17.435440,17.525826,17.435440,17.507759,17.507759,17.543900,17.598068,17.580009,17.344955,17.471611,17.435440,17.543900,17.381157,17.471611,17.363060,17.326851,17.127403,17.489685,17.399261,17.399261,17.199982,17.634163,17.489685,17.344955,17.489685,17.218117,17.308739,17.326851,17.163704,17.308739,17.199982,17.399261,17.417351,17.363060,17.525826,17.417351,17.344955,17.326851,17.199982,17.326851,17.489685,17.435440,17.417351,17.254379,17.290627,17.272507,17.435440,17.417351,17.326851,17.489685,17.236252,17.290627,17.127403,17.163704,17.290627,17.381157,17.272507,17.054764,17.272507,17.272507,17.290627,17.272507,17.127403,17.272507,17.000237,17.471611,17.417351,17.236252,17.489685,17.272507,17.272507,17.308739,17.091087,17.145554,17.381157,17.489685,
16.434807,16.562805,16.562805,16.581078,16.818245,16.672379,16.471397,16.453102,16.526253,16.544525,16.745338,16.763573,16.562805,16.854668,16.562805,16.854668,16.635872,16.617607,16.599342,16.581078,16.544525,16.654121,16.544525,16.654121,16.781799,16.453102,16.562805,16.544525,16.617607,16.654121,16.635872,16.672379,16.581078,16.654121,16.727104,16.672379,16.581078,16.489677,16.544525,16.453102,16.635872,16.581078,16.672379,16.872887,16.800026,16.672379,16.836464,16.891090,16.489677,16.581078,16.763573,16.581078,16.581078,16.781799,16.617607,16.872887,16.781799,16.800026,16.617607,16.800026,16.581078,16.727104,16.599342,16.727104,16.800026,16.617607,16.727104,16.708862,16.379883,16.800026,16.654121,16.507973,16.544525,16.745338,16.489677,16.434807,16.507973,16.581078,16.489677,16.526253,16.233269,16.306610,16.507973,16.489677,16.544525,16.562805,16.599342,16.672379,16.416496,16.471397,16.416496,16.471397,16.526253,16.434807,16.379883,16.581078,16.526253,16.324928,16.526253,16.416496,16.507973,16.526253,16.581078,16.581078,16.398201,16.635872,16.489677,16.526253,16.306610,16.526253,16.471397,16.453102,16.526253,16.416496,16.526253,16.398201,16.562805,16.471397,16.562805,16.544525,16.434807,16.526253,16.489677,16.507973,16.453102,16.690620,16.654121,16.745338,16.727104,16.781799,16.745338,16.745338,16.836464,16.763573,16.672379,16.690620,16.654121,16.909286,16.800026,16.909286,16.963875,17.199982,16.909286,16.763573,17.091087,16.927490,17.000237,17.181839,17.018410,17.127403,17.036591,17.091087,17.018410,17.054764,16.982056,17.163704,17.145554,17.054764,17.091087,17.109245,16.963875,17.109245,17.163704,17.109245,17.091087,17.091087,17.054764,17.091087,17.054764,17.181839,16.963875,17.054764,16.927490,16.927490,17.199982,17.054764,17.181839,17.000237,17.018410,17.109245,17.054764,17.000237,16.927490,16.963875,16.891090,17.036591,16.982056,17.018410,16.818245,16.927490,17.145554,17.018410,17.018410,16.818245,16.836464,16.872887,16.854668,16.945679,16.945679,16.982056,16.763573,16.927490,16.945679,16.818245,16.927490,16.727104,16.818245,16.872887,16.654121,16.800026,16.872887,16.727104,16.781799,16.963875,16.781799,16.909286,17.036591,16.891090,16.982056,16.891090,17.091087,16.963875,16.872887,17.181839,16.982056,17.072929,17.127403,17.109245,17.091087,17.163704,17.181839,17.272507,17.145554,17.236252,17.018410,17.000237,17.109245,17.326851,17.145554,17.127403,17.163704,17.163704,17.091087,17.163704,17.363060,17.199982,17.326851,17.308739,17.272507,17.326851,17.109245,17.399261,17.308739,17.435440,17.254379,17.363060,17.072929,17.381157,17.435440,17.507759,17.417351,17.417351,17.435440,17.471611,17.381157,17.471611,17.471611,17.435440,17.543900,17.561958,17.435440,17.543900,17.308739,17.598068,17.598068,17.381157,17.652206,17.435440,17.525826,17.453522,17.598068,17.634163,17.507759,17.652206,17.507759,17.652206,17.634163,17.598068,17.814415,17.634163,17.796410,17.868416,17.706314,17.868416,18.084076,18.137894,18.137894,18.209602,18.317062,17.976311,18.334953,18.227524,18.119965,18.209602,18.388626,18.370735,18.299164,18.281258,18.388626,18.209602,18.317062,18.388626,18.317062,18.334953,18.370735,18.299164,18.406502,18.495850,18.370735,18.227524,18.638596,18.137894,18.477982,18.084076,18.102013,18.352852,18.137894,18.137894,18.084076,18.119965,18.048164,18.155830,18.084076,18.119965,18.102013,18.173759,18.012245,18.155830,18.352852,18.263351,18.084076,18.299164,18.155830,18.227524,17.976311,18.495850,18.084076,18.048164,18.012245,18.352852,18.299164,18.424385,18.227524,18.173759,18.048164,18.173759,18.155830,18.245445,18.299164,18.334953,18.334953,18.495850,18.406502,18.352852,18.513702,18.299164,18.370735,18.460121,18.406502,18.531555,18.460121,18.495850,18.477982,18.299164,18.442253,18.442253,18.709869,18.585091,18.620766,18.549400,18.638596,18.585091,18.602928,18.638596,18.602928,18.638596,18.656418,18.638596,18.638596,18.620766,18.816673,18.602928,18.905579,18.745483,18.763298,18.674240,18.709869,18.763298,18.727684,18.727684,18.727684,18.781090,18.781090,18.709869,18.834473,18.727684,18.958870,18.763298,18.745483,18.816673,18.905579,18.638596,18.816673,18.745483,18.834473,18.781090,18.834473,18.834473,19.047615,18.852249,18.923340,18.958870,18.887802,18.887802,18.941109,18.816673,18.763298,19.047615,18.798889,18.852249,19.083084,19.029869,18.781090,19.047615,18.905579,18.852249,18.976631,18.870033,18.976631,19.136261,18.816673,18.887802,18.870033,19.047615,19.065346,19.012123,18.941109,18.905579,18.870033,18.887802,18.798889,18.976631,18.958870,18.781090,19.047615,18.852249,18.941109,18.745483,18.798889,18.745483,18.887802,18.781090,18.887802,18.638596,18.692055,18.976631,18.727684,18.834473,18.692055,18.549400,18.763298,18.656418,18.692055,18.870033,18.674240,18.763298,18.602928,18.727684,18.709869,18.656418,18.816673,18.781090,18.692055,18.638596,18.620766,18.585091,18.477982,18.549400,18.567253,18.674240,18.531555,18.531555,18.727684,18.495850,18.531555,18.388626,18.567253,18.442253,18.656418,18.513702,18.549400,18.317062,18.370735,18.317062,18.549400,18.460121,18.263351,18.460121,18.299164,18.299164,18.513702,18.477982,18.299164,18.495850,18.334953,18.281258,18.299164,18.084076,18.191681,18.191681,18.227524,18.334953,18.388626,18.173759,18.227524,18.155830,18.102013,18.155830,18.299164,18.048164,18.119965,18.119965,18.066116,18.066116,18.048164,18.012245,18.155830,18.084076,17.742363,17.994278,17.796410,17.814415,17.814415,17.886406,17.796410,17.976311,17.958336,17.724342,17.994278,17.796410,17.724342,17.850410,17.940361,17.850410,17.724342,17.850410,17.922386,17.922386,17.814415,17.886406,17.850410,17.706314,17.796410,17.778404,17.832420,17.670250,17.832420,17.850410,17.814415,17.778404,17.850410,17.706314,17.832420,17.724342,17.994278,17.561958,17.904396,17.832420,17.922386,17.760384,17.724342,17.580009,17.453522,17.652206,17.561958,17.688278,17.742363,17.796410,17.688278,17.580009,17.580009,17.525826,17.688278,17.580009,17.616119,17.742363,17.543900,17.850410,17.724342,17.832420,17.922386,17.580009,17.634163,17.634163,17.561958,17.561958,17.670250,17.507759,17.616119,17.471611,17.688278,17.652206,17.561958,17.760384,17.399261,17.453522,17.742363,17.381157,17.344955,17.561958,17.742363,17.543900,17.471611,17.471611,17.543900,17.652206,17.507759,17.399261,17.471611,17.634163,17.507759,17.471611,17.525826,17.652206,17.489685,17.580009,17.525826,17.634163,17.760384,17.634163,
16.581078,16.581078,16.507973,16.453102,16.617607,16.654121,16.434807,16.690620,16.562805,16.745338,16.763573,16.617607,16.599342,16.635872,16.781799,16.727104,16.581078,16.945679,16.434807,16.708862,16.581078,16.818245,16.781799,16.708862,16.526253,16.617607,16.800026,16.690620,16.672379,16.708862,16.599342,16.489677,16.745338,16.891090,16.562805,16.727104,16.635872,16.836464,16.654121,16.745338,16.635872,16.854668,16.818245,16.581078,16.836464,16.672379,16.672379,16.872887,16.872887,16.781799,16.672379,16.800026,16.763573,16.745338,16.690620,16.872887,16.635872,16.781799,16.672379,16.672379,16.909286,16.690620,16.836464,16.763573,16.836464,16.909286,16.635872,16.654121,16.635872,16.599342,16.690620,16.526253,16.507973,16.781799,16.599342,16.581078,16.288277,16.416496,16.581078,16.379883,16.379883,16.379883,16.361572,16.507973,16.471397,16.489677,16.507973,16.526253,16.379883,16.306610,16.507973,16.453102,16.617607,16.324928,16.416496,16.654121,16.635872,16.453102,16.471397,16.635872,16.581078,16.544525,16.581078,16.581078,16.398201,16.489677,16.434807,16.453102,16.507973,16.617607,16.581078,16.471397,16.690620,16.471397,16.471397,16.416496,16.453102,16.361572,16.562805,16.416496,16.507973,16.507973,16.379883,16.526253,16.562805,16.343254,16.617607,16.690620,16.599342,16.672379,16.581078,16.800026,16.635872,16.672379,16.800026,16.945679,16.872887,16.818245,16.891090,16.909286,16.745338,17.036591,16.818245,16.891090,16.872887,17.054764,17.072929,16.945679,17.091087,17.000237,16.927490,17.163704,17.072929,16.927490,17.181839,17.127403,17.091087,17.018410,16.909286,17.181839,17.054764,16.927490,17.199982,17.018410,16.945679,17.091087,17.109245,16.963875,17.072929,17.109245,17.000237,16.891090,16.909286,16.818245,16.727104,16.963875,16.963875,16.909286,16.909286,16.818245,16.672379,17.018410,16.854668,17.072929,16.836464,16.818245,16.800026,16.836464,16.818245,16.982056,16.854668,16.745338,16.909286,16.745338,16.727104,16.909286,16.891090,16.763573,16.708862,16.836464,16.854668,16.654121,16.599342,16.672379,16.690620,16.672379,16.599342,16.745338,16.763573,16.763573,16.745338,16.526253,16.727104,16.872887,16.836464,16.763573,16.672379,16.763573,16.836464,16.909286,16.872887,16.708862,16.818245,16.927490,16.654121,16.872887,16.909286,16.854668,16.963875,17.018410,16.872887,16.963875,16.818245,17.072929,16.945679,17.018410,16.891090,17.145554,16.909286,17.344955,17.054764,16.982056,17.181839,16.982056,17.145554,17.127403,17.036591,16.982056,17.072929,17.272507,17.072929,17.018410,17.236252,17.181839,17.199982,17.163704,17.054764,17.163704,17.326851,17.199982,17.127403,17.163704,17.308739,17.181839,17.236252,17.109245,17.181839,17.417351,17.181839,17.127403,17.163704,17.236252,17.344955,17.399261,17.218117,17.326851,17.326851,17.489685,17.218117,17.489685,17.381157,17.453522,17.326851,17.507759,17.561958,17.489685,17.417351,17.381157,17.453522,17.326851,17.580009,17.670250,17.598068,17.832420,17.760384,17.724342,17.796410,17.958336,18.119965,17.886406,17.904396,17.976311,18.048164,18.227524,17.868416,18.370735,18.102013,18.119965,18.066116,18.173759,18.119965,18.102013,18.281258,18.370735,18.155830,18.066116,18.191681,18.137894,18.137894,18.119965,18.334953,18.209602,18.191681,18.048164,18.137894,17.994278,18.066116,18.155830,18.066116,18.352852,18.048164,18.048164,18.155830,18.155830,17.958336,17.904396,17.940361,18.173759,18.084076,18.102013,18.209602,18.030205,18.137894,18.102013,18.084076,18.155830,17.922386,18.084076,17.940361,18.209602,18.317062,18.066116,17.976311,18.137894,18.209602,18.227524,18.137894,18.048164,18.245445,18.317062,18.245445,18.317062,18.317062,18.388626,18.102013,18.299164,18.370735,18.585091,18.495850,18.442253,18.406502,18.477982,18.638596,18.352852,18.442253,18.674240,18.370735,18.549400,18.370735,18.602928,18.656418,18.442253,18.602928,18.567253,18.477982,18.745483,18.656418,18.745483,18.531555,18.674240,18.834473,18.674240,18.870033,18.887802,18.781090,18.887802,18.745483,18.834473,18.870033,18.834473,18.976631,18.887802,18.852249,18.905579,18.816673,19.012123,19.047615,18.905579,18.887802,19.029869,18.905579,18.870033,18.923340,18.941109,18.905579,19.065346,18.870033,18.994377,18.887802,19.065346,19.118538,18.976631,18.763298,19.189407,19.207108,19.136261,19.029869,18.976631,18.994377,19.207108,19.136261,19.012123,19.136261,19.189407,19.136261,19.083084,19.083084,19.100807,18.976631,19.012123,18.958870,19.100807,19.242508,19.118538,19.029869,19.224815,19.100807,19.065346,19.029869,19.065346,19.260208,19.224815,19.153984,19.029869,19.083084,19.136261,18.994377,19.047615,18.852249,19.136261,19.065346,19.029869,19.136261,18.923340,18.905579,19.029869,18.958870,18.941109,18.905579,18.870033,18.834473,18.870033,18.994377,18.870033,19.012123,18.923340,18.976631,18.958870,18.870033,18.994377,18.958870,18.941109,18.692055,18.870033,19.029869,18.852249,18.816673,18.763298,18.834473,18.923340,18.870033,18.692055,18.763298,18.870033,18.727684,18.781090,18.656418,18.567253,18.745483,18.674240,18.656418,18.638596,18.709869,18.656418,18.709869,18.798889,18.727684,18.620766,18.620766,18.781090,18.709869,18.692055,18.513702,18.495850,18.674240,18.692055,18.602928,18.531555,18.531555,18.585091,18.549400,18.191681,18.531555,18.585091,18.424385,18.638596,18.477982,18.620766,18.352852,18.227524,18.245445,18.173759,18.370735,18.334953,18.173759,18.245445,18.388626,18.245445,18.173759,17.976311,18.012245,18.209602,18.012245,18.209602,18.102013,18.102013,17.994278,18.102013,18.191681,18.137894,18.137894,18.227524,18.281258,18.155830,18.173759,18.263351,18.084076,18.191681,18.030205,18.102013,18.245445,18.299164,17.994278,18.281258,18.048164,18.155830,18.137894,18.424385,18.030205,18.048164,18.012245,18.352852,18.370735,18.155830,17.976311,18.102013,17.832420,18.048164,17.868416,18.334953,17.976311,18.048164,18.209602,18.048164,17.778404,18.173759,17.940361,18.012245,18.066116,18.066116,17.922386,17.796410,17.886406,17.940361,18.084076,17.994278,17.886406,18.048164,18.048164,18.030205,17.976311,17.922386,18.030205,17.832420,18.084076,18.012245,17.796410,17.850410,17.940361,18.066116,18.137894,17.886406,17.904396,17.886406,17.724342,17.976311,17.904396,17.778404,17.976311,18.048164,18.048164,17.886406,17.796410,17.922386,17.760384,17.561958,17.976311,17.886406,17.814415,17.814415,17.778404,17.958336,18.048164,17.958336,17.904396,17.976311,17.868416,17.886406,17.742363,18.030205,
16.617607,16.581078,16.507973,16.727104,16.599342,16.781799,16.544525,16.562805,16.379883,16.818245,16.489677,16.872887,16.617607,16.690620,16.562805,16.800026,16.635872,16.690620,16.507973,16.781799,16.599342,16.800026,16.599342,16.708862,16.909286,16.526253,16.727104,16.708862,16.781799,16.727104,16.690620,16.599342,16.672379,16.654121,16.763573,16.872887,16.672379,16.945679,16.690620,16.690620,16.489677,16.727104,16.672379,16.727104,16.763573,16.781799,16.690620,16.836464,16.672379,16.599342,16.909286,16.909286,16.763573,16.909286,16.927490,16.781799,16.836464,16.763573,16.617607,17.036591,16.745338,16.927490,16.800026,16.708862,16.763573,16.836464,16.727104,16.654121,16.745338,16.599342,16.654121,16.544525,16.599342,16.507973,16.544525,16.562805,16.489677,16.343254,16.361572,16.379883,16.544525,16.599342,16.453102,16.635872,16.617607,16.489677,16.489677,16.453102,16.562805,16.471397,16.379883,16.434807,16.526253,16.763573,16.416496,16.526253,16.544525,16.471397,16.288277,16.489677,16.434807,16.398201,16.544525,16.544525,16.453102,16.654121,16.379883,16.654121,16.507973,16.489677,16.507973,16.324928,16.507973,16.453102,16.361572,16.562805,16.526253,16.453102,16.343254,16.434807,16.654121,16.416496,16.343254,16.544525,16.507973,16.526253,16.507973,16.398201,16.617607,16.617607,16.581078,16.708862,16.654121,16.672379,16.562805,16.654121,16.617607,16.635872,16.708862,16.927490,16.708862,16.854668,16.763573,16.872887,16.854668,16.927490,17.109245,17.018410,16.982056,16.763573,16.818245,16.909286,16.982056,16.963875,16.872887,16.891090,17.109245,16.690620,16.763573,16.909286,16.982056,17.036591,16.891090,16.727104,16.872887,16.781799,16.800026,16.800026,16.708862,16.854668,16.781799,16.891090,16.909286,16.800026,16.781799,16.818245,16.708862,16.891090,16.617607,16.781799,16.672379,16.781799,16.672379,16.599342,16.763573,16.763573,16.727104,16.800026,16.599342,16.763573,16.672379,16.654121,16.763573,16.599342,16.654121,16.800026,16.635872,16.635872,16.526253,16.453102,16.544525,16.489677,16.471397,16.800026,16.891090,16.672379,16.654121,16.708862,16.690620,16.562805,16.599342,16.581078,16.526253,16.708862,16.416496,16.654121,16.562805,16.617607,16.453102,16.872887,16.581078,16.562805,16.599342,16.581078,16.544525,16.690620,16.672379,16.544525,16.635872,16.745338,16.818245,16.800026,16.581078,16.818245,16.727104,16.745338,16.708862,16.800026,16.909286,16.818245,16.945679,16.708862,16.727104,16.872887,16.909286,17.018410,16.854668,16.927490,16.927490,16.909286,16.963875,17.072929,16.891090,16.963875,17.091087,17.054764,16.909286,16.927490,17.018410,17.072929,17.018410,17.036591,17.127403,17.145554,17.000237,17.272507,17.145554,16.854668,17.000237,17.091087,17.145554,17.236252,17.036591,17.054764,17.054764,17.054764,17.072929,17.091087,17.072929,17.399261,17.181839,17.218117,17.236252,17.218117,17.218117,17.163704,17.163704,17.290627,17.399261,17.344955,17.435440,17.561958,17.453522,17.507759,17.706314,17.670250,17.760384,17.922386,17.976311,18.048164,17.814415,17.904396,17.796410,18.119965,17.994278,17.922386,17.958336,18.012245,17.940361,18.102013,18.173759,18.048164,17.922386,17.922386,18.119965,18.155830,18.084076,18.137894,18.155830,17.940361,18.012245,18.263351,18.012245,18.066116,18.119965,18.084076,18.084076,17.976311,18.119965,17.994278,17.868416,17.922386,18.030205,17.868416,17.994278,18.084076,17.994278,18.191681,18.012245,17.976311,17.976311,18.066116,18.263351,17.868416,18.030205,17.994278,18.066116,18.119965,18.084076,18.084076,18.030205,18.173759,18.119965,17.958336,18.048164,18.066116,18.137894,18.066116,18.048164,17.994278,18.155830,18.173759,18.227524,18.191681,18.281258,18.424385,18.299164,18.299164,18.352852,18.317062,18.263351,18.495850,18.406502,18.317062,18.317062,18.281258,18.352852,18.549400,18.424385,18.567253,18.495850,18.709869,18.656418,18.495850,18.513702,18.602928,18.638596,18.727684,18.531555,18.638596,18.549400,18.692055,18.745483,18.745483,18.798889,18.798889,18.745483,18.745483,18.870033,18.905579,18.798889,18.674240,18.745483,19.047615,18.763298,18.887802,18.994377,19.065346,18.976631,19.047615,19.012123,18.905579,18.870033,18.923340,18.887802,19.083084,19.047615,19.029869,19.118538,18.976631,19.065346,18.994377,19.100807,19.171692,19.171692,19.171692,19.189407,19.171692,18.976631,19.207108,19.065346,19.136261,19.295586,19.277893,19.136261,19.153984,19.260208,19.383957,19.083084,19.242508,19.242508,19.401619,19.242508,19.100807,19.207108,19.295586,19.383957,19.330948,19.065346,19.153984,18.958870,19.348618,19.277893,19.277893,18.976631,19.012123,19.260208,19.100807,19.083084,19.136261,19.029869,19.012123,19.083084,19.065346,18.905579,19.383957,19.100807,19.171692,19.136261,19.189407,19.171692,18.994377,19.100807,19.118538,19.224815,18.887802,19.260208,19.224815,18.923340,19.118538,19.012123,19.224815,18.923340,19.047615,18.994377,19.047615,18.852249,19.171692,19.012123,18.923340,18.976631,18.976631,18.994377,18.887802,19.029869,18.976631,18.923340,18.905579,19.083084,18.923340,18.923340,18.798889,18.709869,18.887802,18.941109,19.012123,18.941109,18.674240,18.781090,19.029869,18.781090,18.816673,18.816673,18.602928,18.941109,18.923340,18.798889,18.602928,19.012123,18.923340,18.870033,18.834473,18.798889,18.602928,18.620766,18.781090,18.567253,18.674240,18.656418,18.674240,18.567253,18.620766,18.495850,18.317062,18.549400,18.585091,18.406502,18.638596,18.263351,18.477982,18.531555,18.352852,18.460121,18.567253,18.531555,18.424385,18.281258,18.370735,18.388626,18.585091,18.245445,18.567253,18.549400,18.477982,18.388626,18.460121,18.263351,18.477982,18.513702,18.442253,18.352852,18.531555,18.513702,18.585091,18.209602,18.602928,18.173759,18.281258,18.317062,18.155830,18.495850,18.299164,18.585091,18.424385,18.334953,18.352852,18.263351,18.263351,18.352852,18.460121,18.191681,18.370735,18.227524,18.352852,18.406502,18.191681,18.334953,18.477982,18.263351,18.424385,18.191681,18.352852,18.495850,18.191681,18.585091,18.173759,18.119965,18.442253,18.281258,18.191681,18.227524,18.406502,18.119965,18.191681,18.227524,18.334953,18.424385,18.227524,18.191681,18.209602,18.209602,18.227524,18.317062,18.334953,18.066116,18.155830,18.012245,18.173759,17.940361,18.084076,17.994278,17.940361,18.102013,18.281258,18.334953,17.958336,18.370735,18.119965,18.084076,18.048164,18.191681,18.102013,18.227524,18.317062,18.370735,18.209602,17.922386,18.317062,18.191681,18.638596,
16.818245,16.745338,16.690620,16.745338,16.599342,16.745338,16.544525,16.745338,16.434807,16.672379,16.727104,16.690620,16.672379,16.818245,16.763573,16.818245,17.054764,16.945679,16.891090,16.909286,16.398201,16.654121,16.781799,16.727104,16.963875,16.745338,16.872887,16.781799,16.763573,16.763573,16.617607,16.763573,16.745338,16.690620,16.781799,16.891090,16.800026,16.781799,16.745338,16.690620,16.635872,16.727104,16.909286,16.800026,16.635872,16.927490,16.800026,16.982056,16.581078,17.072929,16.818245,16.672379,16.708862,16.690620,16.927490,16.781799,16.909286,16.763573,16.690620,16.909286,16.708862,16.891090,16.800026,17.018410,16.727104,16.872887,16.818245,16.654121,16.745338,16.635872,16.818245,16.544525,16.489677,16.763573,16.361572,16.489677,16.635872,16.690620,16.453102,16.599342,16.654121,16.471397,16.489677,16.434807,16.416496,16.635872,16.489677,16.489677,16.471397,16.434807,16.507973,16.562805,16.617607,16.526253,16.489677,16.471397,16.453102,16.599342,16.471397,16.690620,16.416496,16.398201,16.434807,16.581078,16.489677,16.434807,16.489677,16.416496,16.434807,16.489677,16.635872,16.544525,16.324928,16.507973,16.434807,16.434807,16.544525,16.379883,16.269951,16.507973,16.343254,16.361572,16.343254,16.617607,16.507973,16.361572,16.672379,16.617607,16.763573,16.471397,16.507973,16.453102,16.635872,16.526253,16.781799,16.854668,16.672379,16.745338,16.781799,16.763573,16.800026,16.654121,17.000237,16.818245,16.818245,16.891090,16.800026,16.854668,16.836464,17.127403,16.945679,16.781799,16.708862,16.872887,16.963875,16.963875,16.891090,17.054764,16.818245,16.745338,16.963875,16.818245,16.781799,16.836464,16.727104,16.672379,16.872887,16.672379,16.818245,16.945679,16.727104,16.672379,16.818245,16.635872,16.727104,16.599342,16.800026,16.635872,16.708862,16.526253,16.599342,16.781799,16.471397,16.672379,16.526253,16.672379,16.562805,16.599342,16.544525,16.708862,16.489677,16.471397,16.489677,16.507973,16.379883,16.526253,16.416496,16.306610,16.379883,16.489677,16.416496,16.562805,16.306610,16.617607,16.324928,16.544525,16.672379,16.507973,16.471397,16.526253,16.654121,16.398201,16.343254,16.379883,16.489677,16.489677,16.379883,16.416496,16.526253,16.269951,16.471397,16.526253,16.617607,16.361572,16.471397,16.507973,16.654121,16.453102,16.562805,16.361572,16.745338,16.599342,16.562805,16.581078,16.635872,16.781799,16.672379,16.544525,16.599342,16.672379,16.763573,16.763573,16.599342,16.672379,16.763573,16.745338,16.654121,16.745338,16.599342,16.763573,16.781799,16.690620,16.872887,16.891090,16.781799,16.800026,16.872887,16.963875,16.909286,16.872887,16.854668,16.836464,16.781799,17.018410,17.054764,16.963875,16.781799,16.854668,16.818245,16.818245,16.800026,17.036591,16.927490,16.909286,16.945679,17.036591,16.891090,17.127403,17.054764,17.163704,17.072929,17.000237,17.036591,16.945679,17.036591,17.181839,17.109245,17.127403,17.272507,17.254379,17.308739,17.399261,17.561958,17.363060,17.399261,17.471611,17.561958,17.634163,17.598068,17.886406,17.634163,17.868416,18.048164,17.814415,18.030205,17.940361,17.976311,18.137894,17.796410,17.958336,17.922386,17.994278,17.994278,18.102013,17.976311,17.958336,17.904396,17.976311,18.084076,18.102013,17.994278,17.940361,17.976311,18.119965,18.119965,17.940361,17.958336,17.868416,17.868416,18.012245,17.940361,17.904396,17.958336,17.814415,17.868416,17.832420,17.868416,17.922386,17.796410,17.904396,17.814415,17.886406,17.850410,17.778404,17.814415,17.994278,17.940361,17.976311,17.904396,17.994278,17.904396,17.922386,17.994278,17.958336,17.922386,17.976311,18.173759,18.048164,17.976311,18.102013,18.066116,18.102013,18.137894,18.245445,18.245445,18.263351,18.263351,18.191681,18.460121,18.048164,18.119965,18.155830,18.245445,18.263351,18.460121,18.352852,18.531555,18.299164,18.263351,18.460121,18.317062,18.388626,18.495850,18.513702,18.370735,18.602928,18.638596,18.406502,18.567253,18.531555,18.585091,18.567253,18.460121,18.674240,18.602928,18.816673,18.745483,18.656418,18.602928,18.816673,18.834473,18.870033,18.727684,18.763298,18.852249,18.816673,18.941109,18.887802,18.798889,18.976631,18.923340,18.958870,19.153984,18.941109,18.941109,18.994377,18.852249,18.905579,18.941109,18.958870,19.012123,18.887802,18.958870,18.976631,18.976631,19.065346,19.065346,19.029869,19.313263,19.277893,19.153984,19.242508,19.100807,19.401619,19.260208,19.277893,19.207108,19.401619,19.118538,19.348618,19.330948,19.260208,19.348618,19.330948,19.348618,19.419281,19.260208,19.224815,19.277893,19.348618,19.153984,19.189407,19.207108,19.224815,19.242508,19.153984,19.260208,19.277893,19.260208,19.171692,19.224815,19.189407,19.277893,19.436943,19.118538,19.029869,19.330948,19.136261,19.295586,19.207108,19.295586,19.277893,19.260208,19.313263,19.260208,19.242508,19.153984,19.136261,19.260208,19.277893,19.029869,19.136261,19.171692,19.207108,19.224815,19.436943,19.171692,19.207108,19.295586,19.366287,19.136261,19.100807,18.976631,19.330948,18.887802,19.348618,19.100807,19.242508,19.189407,19.083084,19.100807,19.330948,19.171692,19.100807,19.065346,19.118538,19.047615,19.118538,19.100807,19.065346,19.029869,19.118538,18.994377,19.118538,19.224815,18.887802,19.029869,19.047615,19.136261,19.047615,18.994377,18.692055,18.887802,18.976631,19.029869,18.781090,18.816673,18.958870,18.905579,18.763298,18.781090,18.923340,18.674240,18.781090,18.585091,18.745483,18.834473,18.745483,18.870033,18.638596,18.567253,18.656418,18.620766,18.567253,18.674240,18.620766,18.531555,18.656418,18.709869,18.798889,18.585091,18.477982,18.460121,18.531555,18.585091,18.638596,18.549400,18.852249,18.620766,18.852249,18.674240,18.477982,18.638596,18.834473,18.656418,18.674240,18.674240,18.692055,18.781090,18.674240,18.638596,18.656418,18.549400,18.656418,18.709869,18.585091,18.406502,18.834473,18.674240,18.585091,18.460121,18.531555,18.460121,18.727684,18.585091,18.567253,18.513702,18.406502,18.388626,18.495850,18.477982,18.602928,18.406502,18.585091,18.460121,18.656418,18.585091,18.709869,18.513702,18.513702,18.585091,18.567253,18.620766,18.370735,18.638596,18.513702,18.549400,18.424385,18.567253,18.549400,18.567253,18.549400,18.531555,18.388626,18.549400,18.513702,18.585091,18.245445,18.388626,18.209602,18.406502,18.674240,18.227524,18.299164,18.299164,18.567253,18.317062,18.460121,18.567253,18.602928,18.388626,18.692055,18.388626,18.477982,18.460121,18.317062,18.549400,18.620766,18.638596,18.585091,
16.617607,16.654121,16.398201,16.453102,16.690620,16.836464,16.507973,16.745338,16.471397,16.836464,16.708862,16.763573,16.781799,16.836464,16.489677,16.708862,16.927490,16.690620,16.654121,16.690620,16.945679,16.891090,16.945679,16.800026,16.635872,16.654121,16.854668,16.872887,16.854668,16.617607,16.745338,16.763573,16.872887,17.000237,17.054764,17.109245,16.800026,16.635872,16.818245,16.763573,16.672379,16.818245,16.690620,16.927490,16.836464,16.745338,16.909286,17.018410,17.181839,16.654121,16.690620,16.800026,16.818245,16.836464,16.818245,16.872887,16.763573,16.818245,16.818245,16.982056,16.690620,16.818245,16.909286,16.963875,16.963875,16.909286,16.854668,16.800026,16.854668,16.690620,16.727104,16.690620,16.745338,16.672379,16.781799,16.599342,16.581078,16.416496,16.635872,16.617607,16.251610,16.453102,16.471397,16.398201,16.507973,16.544525,16.398201,16.690620,16.489677,16.324928,16.526253,16.635872,16.708862,16.599342,16.690620,16.599342,16.800026,16.617607,16.544525,16.581078,16.544525,16.599342,16.581078,16.544525,16.635872,16.526253,16.434807,16.507973,16.581078,16.599342,16.599342,16.635872,16.453102,16.562805,16.416496,16.526253,16.471397,16.562805,16.507973,16.562805,16.434807,16.617607,16.562805,16.727104,16.398201,16.471397,16.562805,16.800026,16.398201,16.361572,16.654121,16.507973,16.544525,16.599342,16.635872,16.617607,16.708862,16.927490,16.654121,17.018410,16.672379,16.781799,17.018410,17.000237,16.963875,16.800026,17.072929,16.927490,16.818245,16.836464,16.872887,16.891090,16.781799,16.945679,16.818245,16.927490,16.963875,16.690620,16.781799,16.945679,16.909286,16.872887,16.891090,16.781799,16.617607,16.927490,16.690620,16.672379,16.800026,16.526253,16.727104,16.544525,16.581078,16.672379,16.690620,16.581078,16.562805,16.635872,16.672379,16.434807,16.562805,16.818245,16.562805,16.453102,16.526253,16.507973,16.617607,16.526253,16.434807,16.562805,16.398201,16.489677,16.416496,16.306610,16.324928,16.526253,16.379883,16.471397,16.233269,16.288277,16.343254,16.214928,16.123146,16.471397,16.306610,16.343254,16.214928,16.159874,16.233269,16.269951,16.269951,16.379883,16.159874,16.343254,16.306610,16.398201,16.324928,16.251610,16.104774,16.379883,16.398201,16.507973,16.379883,16.251610,16.398201,16.269951,16.562805,16.544525,16.471397,16.324928,16.416496,16.398201,16.416496,16.416496,16.489677,16.251610,16.453102,16.379883,16.617607,16.526253,16.471397,16.379883,16.453102,16.544525,16.690620,16.562805,16.562805,16.562805,16.471397,16.745338,16.617607,16.507973,16.599342,16.599342,16.562805,16.562805,16.672379,16.690620,16.672379,16.635872,16.891090,16.763573,16.690620,16.763573,16.763573,16.690620,16.781799,16.617607,16.544525,16.562805,16.727104,16.763573,16.836464,16.854668,17.000237,16.927490,16.836464,16.836464,16.891090,16.635872,16.909286,16.690620,16.818245,16.963875,16.909286,16.872887,16.963875,17.072929,16.927490,17.072929,17.163704,17.091087,17.199982,17.399261,17.163704,17.543900,17.308739,17.417351,17.688278,17.598068,17.760384,17.616119,17.580009,17.742363,17.634163,17.922386,17.850410,17.850410,17.724342,17.994278,17.796410,17.832420,17.652206,17.760384,18.012245,17.922386,17.742363,17.958336,17.850410,17.904396,17.724342,17.994278,17.904396,17.922386,17.904396,17.724342,17.742363,17.832420,17.904396,17.850410,17.976311,17.958336,17.850410,17.850410,17.850410,17.742363,17.850410,17.850410,17.598068,17.724342,17.688278,17.706314,17.796410,17.850410,17.724342,17.832420,17.706314,17.958336,17.778404,17.868416,17.868416,17.742363,17.778404,17.796410,17.868416,17.814415,18.066116,17.886406,17.868416,17.850410,17.886406,17.958336,17.922386,18.048164,17.940361,18.352852,18.012245,18.102013,17.868416,18.012245,17.958336,18.048164,18.155830,18.209602,18.137894,18.281258,18.155830,18.155830,18.281258,18.406502,18.424385,18.317062,18.299164,18.531555,18.299164,18.549400,18.352852,18.352852,18.424385,18.495850,18.424385,18.585091,18.370735,18.495850,18.317062,18.406502,18.585091,18.460121,18.727684,18.620766,18.585091,18.585091,18.638596,18.834473,18.585091,18.816673,18.549400,18.727684,18.709869,18.620766,18.763298,18.816673,18.745483,18.745483,18.887802,19.029869,18.887802,19.012123,18.816673,18.852249,19.171692,18.923340,18.887802,18.834473,19.065346,19.100807,19.083084,19.153984,19.207108,19.065346,19.047615,19.224815,19.260208,19.171692,19.065346,19.189407,19.295586,19.136261,19.189407,19.224815,19.153984,19.207108,19.277893,19.295586,19.189407,19.348618,19.171692,19.295586,19.295586,19.330948,19.012123,19.224815,19.260208,19.330948,19.330948,19.189407,19.118538,19.366287,19.224815,19.171692,19.366287,19.136261,19.366287,19.366287,19.366287,19.313263,19.489883,19.242508,19.153984,19.295586,19.260208,19.260208,19.383957,19.260208,19.366287,19.207108,19.295586,19.207108,19.171692,19.348618,19.207108,19.189407,19.348618,19.171692,19.189407,19.436943,19.277893,19.313263,19.401619,19.295586,19.207108,19.330948,19.295586,19.313263,19.313263,19.189407,19.313263,19.295586,19.171692,19.136261,19.065346,19.242508,19.260208,19.100807,19.277893,19.260208,19.029869,19.100807,19.277893,19.260208,19.153984,19.260208,19.153984,19.330948,19.207108,19.136261,19.242508,19.189407,19.153984,19.100807,19.065346,19.242508,19.242508,19.153984,19.065346,19.047615,19.012123,19.012123,19.065346,18.870033,19.047615,19.047615,18.994377,18.816673,18.763298,19.029869,18.709869,18.994377,18.816673,18.976631,18.709869,18.905579,18.656418,18.905579,18.941109,18.656418,18.674240,18.727684,18.585091,18.834473,18.958870,18.923340,18.745483,19.029869,18.994377,18.870033,18.674240,18.887802,18.852249,18.923340,18.941109,18.852249,18.834473,18.656418,18.798889,18.834473,18.763298,18.709869,18.709869,18.798889,18.923340,19.083084,19.029869,18.905579,18.727684,18.585091,18.870033,18.692055,18.602928,18.870033,18.870033,18.834473,18.834473,18.816673,18.781090,18.834473,18.958870,18.887802,18.781090,18.727684,18.887802,18.674240,18.692055,18.852249,18.798889,18.852249,18.727684,18.602928,19.047615,18.870033,18.781090,18.763298,18.852249,18.852249,18.727684,18.958870,18.763298,19.047615,18.834473,18.834473,18.816673,18.923340,18.941109,18.745483,18.692055,18.763298,18.905579,18.460121,18.887802,18.567253,18.781090,18.781090,18.816673,18.816673,18.798889,18.745483,18.798889,18.745483,18.531555,18.709869,18.602928,18.941109,18.602928,18.709869,18.656418,18.781090,18.976631,18.816673,18.656418,18.870033,
16.599342,16.617607,16.379883,16.872887,16.617607,16.963875,16.763573,16.909286,16.507973,16.800026,16.617607,16.836464,16.617607,16.854668,16.745338,16.891090,16.745338,16.781799,16.963875,16.927490,16.781799,16.672379,16.945679,16.727104,16.909286,16.891090,16.745338,16.891090,16.672379,16.781799,16.982056,16.963875,16.909286,17.000237,16.800026,16.945679,16.927490,17.054764,16.781799,16.891090,16.781799,16.836464,16.727104,16.891090,16.708862,16.927490,16.854668,16.963875,17.109245,16.963875,16.891090,17.036591,16.945679,16.909286,16.745338,16.945679,16.818245,16.872887,17.000237,16.800026,16.781799,17.054764,16.818245,17.036591,16.800026,17.000237,16.818245,16.854668,16.854668,16.872887,16.562805,16.581078,16.672379,16.526253,16.708862,16.836464,16.434807,16.434807,16.526253,16.617607,16.434807,16.526253,16.562805,16.471397,16.489677,16.379883,16.453102,16.617607,16.398201,16.562805,16.745338,16.818245,16.398201,16.708862,16.489677,16.672379,16.544525,16.507973,16.507973,16.398201,16.526253,16.507973,16.361572,16.544525,16.654121,16.690620,16.544525,16.581078,16.507973,16.635872,16.599342,16.800026,16.526253,16.562805,16.526253,16.544525,16.507973,16.379883,16.599342,16.324928,16.361572,16.343254,16.416496,16.617607,16.562805,16.544525,16.453102,16.416496,16.727104,16.507973,16.581078,16.654121,16.727104,16.672379,16.471397,16.763573,16.507973,16.800026,16.927490,16.708862,16.872887,16.727104,16.672379,17.000237,16.836464,16.891090,16.963875,16.891090,16.854668,16.982056,17.000237,16.945679,16.745338,16.982056,16.872887,16.836464,16.891090,16.818245,16.872887,16.982056,16.872887,16.818245,16.745338,16.854668,16.727104,16.654121,16.453102,16.745338,16.617607,16.434807,16.544525,16.727104,16.672379,16.599342,16.526253,16.379883,16.489677,16.672379,16.544525,16.453102,16.434807,16.562805,16.562805,16.526253,16.562805,16.562805,16.306610,16.416496,16.343254,16.324928,16.489677,16.288277,16.471397,16.324928,16.196571,16.416496,16.379883,16.306610,16.196571,16.214928,16.233269,16.288277,16.269951,16.269951,16.196571,16.159874,16.178230,16.104774,16.178230,16.141510,16.049652,16.141510,16.269951,16.343254,16.324928,16.159874,16.214928,16.031273,16.214928,16.288277,16.178230,16.141510,16.159874,16.361572,16.141510,16.398201,16.196571,16.288277,16.123146,16.343254,16.233269,16.269951,16.086403,16.141510,16.324928,16.324928,16.379883,16.361572,16.379883,16.196571,16.178230,16.416496,16.361572,16.343254,16.526253,16.526253,16.288277,16.599342,16.434807,16.489677,16.288277,16.398201,16.526253,16.507973,16.526253,16.544525,16.379883,16.617607,16.581078,16.544525,16.379883,16.526253,16.507973,16.544525,16.727104,16.617607,16.507973,16.690620,16.581078,16.581078,16.507973,16.434807,16.672379,16.727104,16.526253,16.635872,16.526253,16.800026,16.599342,16.581078,16.526253,16.708862,16.800026,16.800026,16.654121,16.781799,16.800026,16.727104,17.036591,17.036591,17.145554,17.109245,17.254379,17.181839,17.236252,17.199982,17.363060,17.399261,17.507759,17.471611,17.453522,17.580009,17.634163,17.525826,17.580009,17.814415,17.634163,17.724342,17.706314,17.652206,17.724342,17.634163,17.796410,17.832420,17.796410,17.868416,17.814415,17.616119,17.706314,17.724342,17.940361,17.742363,17.796410,17.994278,17.868416,17.850410,17.850410,17.760384,17.760384,17.976311,17.742363,17.760384,17.760384,17.760384,17.616119,17.724342,17.778404,17.616119,17.652206,17.652206,17.760384,17.652206,17.724342,17.850410,17.616119,17.742363,17.652206,17.616119,17.688278,17.796410,17.922386,17.940361,17.778404,17.706314,17.778404,17.706314,17.670250,17.706314,17.742363,17.814415,17.976311,17.922386,18.012245,17.850410,17.976311,18.084076,18.066116,18.191681,17.994278,17.886406,17.958336,18.119965,17.940361,18.012245,18.102013,18.012245,18.263351,18.227524,18.191681,18.102013,18.209602,18.227524,18.263351,18.173759,18.263351,18.137894,18.263351,18.281258,18.263351,18.442253,18.352852,18.460121,18.317062,18.585091,18.495850,18.549400,18.549400,18.495850,18.406502,18.495850,18.513702,18.638596,18.531555,18.567253,18.638596,18.709869,18.674240,18.727684,18.852249,18.834473,18.727684,18.709869,18.745483,18.905579,18.781090,18.816673,18.674240,18.745483,18.887802,18.976631,18.923340,18.887802,18.976631,19.047615,19.047615,18.976631,18.941109,18.994377,18.923340,19.083084,19.065346,19.100807,19.047615,19.224815,19.012123,19.189407,19.118538,18.994377,19.083084,19.065346,19.171692,19.153984,18.994377,19.207108,19.207108,19.260208,19.207108,19.224815,19.171692,19.242508,19.224815,19.366287,19.277893,19.153984,19.330948,19.153984,19.330948,19.136261,19.277893,19.260208,19.083084,19.224815,19.083084,19.118538,19.260208,19.277893,19.189407,19.207108,19.242508,19.313263,19.136261,19.313263,19.295586,19.313263,19.383957,19.277893,19.383957,19.401619,19.189407,19.348618,19.330948,19.171692,19.348618,19.436943,19.401619,19.313263,19.348618,19.313263,19.260208,19.454590,19.207108,19.330948,19.224815,19.454590,19.366287,19.189407,19.260208,19.383957,19.313263,19.507530,19.489883,19.224815,19.366287,19.313263,19.366287,19.472237,19.313263,19.242508,19.171692,19.330948,19.118538,19.224815,19.401619,19.153984,19.171692,19.383957,19.136261,19.136261,19.029869,19.207108,19.277893,19.313263,19.277893,19.189407,19.171692,19.153984,19.277893,19.083084,19.313263,19.224815,19.277893,19.207108,18.994377,18.941109,18.976631,18.994377,18.994377,19.047615,18.923340,19.029869,18.852249,19.029869,19.029869,18.976631,19.136261,18.887802,18.941109,18.905579,18.905579,18.976631,18.887802,19.100807,18.976631,18.905579,18.887802,19.242508,18.745483,19.083084,19.012123,19.065346,19.136261,18.994377,19.118538,19.029869,18.870033,19.083084,19.047615,19.083084,19.065346,18.941109,18.816673,19.065346,19.153984,19.136261,18.852249,18.905579,18.905579,18.941109,19.047615,18.941109,18.994377,18.994377,19.083084,19.012123,18.816673,18.994377,19.083084,18.976631,18.745483,19.065346,18.620766,18.994377,18.798889,18.958870,19.189407,19.153984,18.816673,19.012123,19.029869,19.118538,18.887802,18.958870,19.189407,19.083084,19.083084,18.905579,19.083084,18.941109,18.905579,18.976631,18.976631,18.958870,19.047615,19.065346,18.994377,19.065346,19.189407,19.136261,18.745483,19.065346,18.994377,18.976631,18.834473,18.745483,19.065346,19.419281,18.976631,19.118538,18.834473,18.941109,18.976631,19.083084,19.065346,19.207108,18.887802,18.941109,19.012123,19.065346,19.065346,18.958870,
16.544525,16.453102,16.581078,16.690620,16.599342,16.654121,16.581078,16.727104,16.745338,16.672379,16.745338,16.708862,16.599342,16.690620,16.745338,16.854668,16.581078,16.909286,16.727104,16.617607,16.781799,16.982056,17.109245,16.836464,16.836464,16.672379,16.854668,16.963875,16.982056,16.471397,16.818245,16.763573,16.690620,16.836464,16.836464,16.854668,16.963875,16.727104,16.727104,16.927490,16.763573,16.927490,16.909286,16.836464,16.927490,17.018410,16.891090,17.036591,16.800026,16.872887,16.854668,16.800026,16.836464,16.763573,16.690620,16.635872,16.836464,17.018410,16.945679,17.018410,16.836464,16.891090,16.836464,17.109245,16.909286,16.836464,17.163704,16.727104,16.690620,16.708862,16.690620,16.654121,16.635872,16.635872,16.690620,16.398201,16.562805,16.635872,16.489677,16.635872,16.708862,16.654121,16.581078,16.434807,16.781799,16.581078,16.526253,16.836464,16.416496,16.526253,16.599342,16.690620,16.727104,16.635872,16.599342,16.562805,16.672379,16.727104,16.654121,16.599342,16.453102,16.562805,16.727104,16.471397,16.635872,16.581078,16.507973,16.526253,16.416496,16.708862,16.526253,16.654121,16.617607,16.708862,16.526253,16.672379,16.836464,16.581078,16.453102,16.745338,16.343254,16.507973,16.544525,16.544525,16.526253,16.544525,16.489677,16.672379,16.544525,16.453102,16.489677,16.708862,16.562805,16.581078,16.708862,16.763573,16.763573,16.763573,16.781799,16.800026,16.690620,16.854668,17.000237,17.000237,16.891090,16.891090,17.054764,16.745338,16.963875,16.727104,16.891090,16.963875,16.836464,16.781799,17.018410,16.891090,16.982056,16.818245,16.945679,16.727104,16.800026,17.000237,16.745338,16.690620,16.581078,16.672379,16.654121,16.763573,16.654121,16.635872,16.507973,16.617607,16.581078,16.471397,16.453102,16.489677,16.617607,16.526253,16.544525,16.434807,16.562805,16.489677,16.398201,16.416496,16.361572,16.361572,16.562805,16.489677,16.398201,16.416496,16.398201,16.324928,16.416496,16.544525,16.324928,16.123146,16.233269,16.012886,16.361572,16.343254,16.123146,16.214928,15.994492,16.288277,16.068031,16.269951,16.141510,16.141510,16.123146,16.141510,16.049652,16.141510,16.123146,16.178230,16.141510,16.178230,16.012886,16.049652,16.012886,16.196571,15.976097,15.957695,16.214928,16.233269,16.214928,16.141510,16.159874,16.086403,16.141510,16.214928,16.104774,16.196571,15.976097,16.068031,16.269951,16.141510,16.343254,16.196571,16.196571,16.361572,16.306610,16.251610,16.196571,16.361572,16.233269,16.196571,16.324928,16.251610,16.361572,16.361572,16.361572,16.233269,16.343254,16.379883,16.233269,16.379883,16.471397,16.324928,16.214928,16.379883,16.379883,16.398201,16.416496,16.288277,16.434807,16.288277,16.489677,16.471397,16.141510,16.526253,16.453102,16.306610,16.471397,16.434807,16.526253,16.489677,16.544525,16.526253,16.526253,16.635872,16.507973,16.489677,16.562805,16.617607,16.434807,16.708862,16.599342,16.635872,16.581078,16.854668,16.963875,17.018410,17.000237,17.109245,16.818245,17.254379,17.145554,17.326851,17.435440,17.399261,17.236252,17.399261,17.489685,17.399261,17.525826,17.507759,17.634163,17.616119,17.616119,17.634163,17.453522,17.580009,17.724342,17.670250,17.688278,17.580009,17.724342,17.616119,17.652206,17.634163,17.688278,17.634163,17.850410,17.832420,17.507759,17.760384,17.580009,17.706314,17.670250,17.832420,17.742363,17.814415,17.652206,17.706314,17.598068,17.417351,17.688278,17.561958,17.435440,17.453522,17.561958,17.634163,17.435440,17.489685,17.634163,17.598068,17.598068,17.616119,17.634163,17.561958,17.616119,17.580009,17.706314,17.543900,17.417351,17.724342,17.688278,17.760384,17.742363,17.652206,17.760384,17.742363,17.688278,17.760384,17.868416,17.724342,17.940361,17.994278,17.742363,17.994278,17.688278,17.940361,17.958336,17.796410,18.137894,17.922386,18.066116,18.030205,18.137894,18.048164,17.976311,17.994278,18.227524,18.263351,18.173759,18.102013,18.191681,18.406502,18.119965,18.352852,18.352852,18.299164,18.406502,18.317062,18.424385,18.299164,18.424385,18.263351,18.352852,18.370735,18.513702,18.281258,18.406502,18.477982,18.585091,18.567253,18.692055,18.477982,18.406502,18.424385,18.656418,18.602928,18.549400,18.460121,18.424385,18.709869,18.674240,18.585091,18.513702,18.638596,18.798889,18.709869,18.816673,18.745483,18.905579,18.887802,18.816673,18.727684,18.994377,18.834473,18.887802,18.923340,18.834473,18.905579,18.870033,18.763298,18.994377,19.047615,19.012123,18.834473,19.029869,19.029869,19.029869,19.100807,19.047615,18.745483,18.923340,18.834473,19.012123,19.118538,19.029869,19.047615,19.118538,18.941109,19.207108,19.083084,19.047615,19.083084,19.136261,19.065346,18.905579,19.224815,18.976631,19.047615,19.029869,19.047615,19.171692,19.189407,19.118538,19.153984,18.887802,19.083084,19.207108,19.224815,19.295586,19.507530,19.065346,19.153984,19.153984,19.029869,19.065346,19.436943,19.189407,19.207108,19.242508,19.366287,19.207108,19.189407,19.100807,19.189407,19.260208,19.277893,19.313263,19.242508,19.401619,19.277893,19.260208,19.277893,19.313263,19.330948,19.295586,19.383957,19.330948,19.207108,19.313263,19.260208,19.224815,19.153984,19.277893,19.118538,19.189407,19.277893,19.065346,19.277893,19.207108,19.401619,19.153984,19.189407,19.224815,19.207108,19.260208,19.313263,19.260208,19.242508,19.224815,19.065346,19.189407,19.242508,19.171692,19.171692,19.224815,19.207108,19.012123,19.189407,18.941109,19.136261,19.207108,18.976631,19.224815,19.224815,19.012123,18.958870,18.994377,18.994377,19.029869,19.012123,19.012123,18.905579,19.171692,19.207108,19.083084,19.065346,18.994377,19.065346,19.083084,19.277893,19.100807,19.100807,19.295586,18.941109,19.189407,19.029869,19.047615,18.976631,18.994377,19.171692,19.083084,19.029869,19.012123,19.012123,19.366287,19.136261,19.100807,19.171692,18.816673,19.189407,19.171692,19.260208,19.029869,19.083084,18.958870,19.065346,19.277893,19.012123,19.083084,19.136261,19.065346,19.260208,19.189407,19.012123,18.994377,19.348618,18.976631,19.189407,19.189407,18.994377,19.136261,19.207108,19.012123,19.207108,19.207108,19.029869,19.100807,19.012123,19.153984,19.348618,19.224815,19.401619,19.260208,19.224815,19.153984,19.277893,19.171692,19.401619,19.189407,19.295586,19.118538,19.153984,19.242508,19.083084,19.207108,19.595665,19.260208,19.401619,19.207108,19.207108,19.260208,19.136261,19.136261,19.171692,18.958870,19.295586,19.189407,19.207108,19.083084,19.260208,19.330948,19.083084,19.277893,19.047615,
16.745338,16.526253,16.416496,16.562805,16.416496,16.727104,16.544525,16.909286,16.727104,16.891090,17.453522,16.708862,16.854668,16.781799,16.963875,16.927490,16.781799,16.818245,16.836464,16.690620,16.745338,16.763573,16.800026,16.781799,16.963875,17.272507,16.891090,16.654121,16.945679,16.708862,16.818245,17.036591,16.854668,17.000237,16.836464,16.927490,16.945679,17.091087,16.927490,16.909286,17.000237,16.745338,16.854668,16.781799,16.818245,16.727104,16.836464,17.091087,16.854668,17.036591,16.836464,16.945679,16.763573,16.963875,16.708862,16.818245,16.909286,16.872887,16.945679,16.854668,16.836464,17.036591,16.909286,17.018410,16.708862,16.854668,16.708862,17.000237,16.708862,16.781799,16.763573,16.763573,16.489677,16.800026,16.654121,16.617607,16.581078,16.708862,16.617607,16.690620,16.690620,16.708862,16.635872,16.453102,16.708862,16.635872,16.654121,16.672379,16.544525,16.635872,16.507973,16.617607,16.562805,16.763573,16.581078,16.581078,16.379883,16.745338,16.635872,16.617607,16.617607,16.599342,16.489677,16.635872,16.562805,16.708862,16.617607,16.599342,16.453102,16.507973,16.654121,16.599342,16.599342,16.581078,16.617607,16.544525,16.526253,16.599342,16.526253,16.434807,16.544525,16.654121,16.471397,16.690620,16.434807,16.562805,16.324928,16.471397,16.727104,16.471397,16.398201,16.690620,16.544525,16.635872,16.599342,16.800026,16.727104,16.708862,16.672379,16.708862,16.708862,16.854668,16.672379,16.872887,16.836464,16.891090,17.072929,16.763573,16.945679,16.745338,16.909286,16.963875,16.727104,17.000237,16.891090,17.018410,16.909286,16.909286,16.872887,16.781799,16.909286,16.909286,16.672379,16.781799,16.727104,16.708862,16.507973,16.544525,16.581078,16.489677,16.745338,16.581078,16.599342,16.544525,16.708862,16.453102,16.343254,16.434807,16.544525,16.416496,16.434807,16.416496,16.453102,16.233269,16.178230,16.049652,16.178230,16.343254,16.361572,16.379883,16.379883,16.306610,16.343254,16.123146,16.104774,16.012886,16.104774,16.233269,16.288277,16.178230,16.178230,16.012886,15.865646,16.269951,16.012886,16.159874,16.086403,16.068031,16.086403,15.939293,15.865646,16.141510,15.902481,15.994492,15.920883,15.865646,16.049652,15.994492,16.012886,16.123146,15.976097,16.049652,15.902481,16.049652,15.828796,16.012886,16.031273,15.902481,16.049652,16.049652,15.994492,16.068031,16.068031,16.159874,15.902481,16.123146,16.068031,16.104774,16.104774,16.068031,16.178230,16.233269,16.141510,16.196571,16.123146,16.288277,16.324928,16.288277,16.141510,16.379883,16.214928,16.251610,16.306610,16.251610,16.086403,16.178230,16.159874,16.324928,16.343254,16.306610,16.306610,16.233269,16.288277,16.288277,16.269951,16.306610,16.416496,16.251610,16.324928,16.379883,16.416496,16.233269,16.416496,16.416496,16.324928,16.361572,16.379883,16.361572,16.306610,16.398201,16.361572,16.306610,16.453102,16.507973,16.544525,16.489677,16.471397,16.489677,16.562805,16.544525,16.745338,16.727104,16.763573,16.763573,16.836464,17.036591,17.127403,17.127403,16.963875,17.272507,17.018410,17.308739,17.236252,17.236252,17.435440,17.525826,17.561958,17.543900,17.561958,17.525826,17.417351,17.543900,17.363060,17.489685,17.435440,17.670250,17.543900,17.760384,17.525826,17.580009,17.634163,17.580009,17.670250,17.634163,17.471611,17.688278,17.507759,17.616119,17.561958,17.634163,17.489685,17.580009,17.417351,17.525826,17.453522,17.688278,17.417351,17.507759,17.561958,17.525826,17.363060,17.507759,17.543900,17.290627,17.417351,17.525826,17.742363,17.561958,17.561958,17.724342,17.724342,17.670250,17.507759,17.670250,17.688278,17.580009,17.616119,17.778404,17.525826,17.940361,17.489685,17.796410,17.706314,17.652206,17.580009,17.868416,17.814415,17.832420,17.886406,17.922386,18.084076,17.796410,17.670250,17.832420,17.832420,17.868416,17.922386,17.904396,17.922386,18.012245,18.012245,17.850410,17.976311,18.012245,17.940361,18.030205,18.155830,18.191681,18.137894,18.119965,18.209602,18.030205,18.155830,18.102013,18.209602,18.155830,18.567253,18.191681,18.334953,18.567253,18.334953,18.513702,18.460121,18.442253,18.352852,18.442253,18.442253,18.245445,18.442253,18.460121,18.370735,18.549400,18.460121,18.531555,18.352852,18.567253,18.674240,18.585091,18.781090,18.388626,18.602928,18.531555,18.585091,18.798889,18.692055,18.709869,18.656418,18.763298,18.692055,18.923340,18.834473,18.870033,19.065346,18.692055,18.745483,18.834473,18.958870,18.905579,18.870033,18.709869,18.976631,18.852249,19.012123,18.941109,18.976631,18.870033,18.852249,18.923340,18.976631,18.923340,19.065346,18.923340,19.012123,18.905579,18.905579,19.047615,18.870033,18.887802,18.976631,18.798889,19.047615,19.136261,18.887802,18.994377,19.029869,19.083084,18.887802,18.941109,19.029869,18.976631,18.941109,19.065346,19.207108,19.136261,18.994377,18.941109,18.976631,18.905579,18.976631,19.207108,19.118538,19.153984,19.118538,19.153984,18.976631,19.171692,18.941109,19.189407,19.171692,19.189407,18.976631,19.136261,19.083084,19.295586,19.047615,19.224815,19.207108,19.189407,19.313263,19.189407,19.171692,19.277893,19.242508,19.260208,18.994377,19.348618,18.994377,19.330948,19.118538,19.207108,19.047615,19.242508,19.136261,19.242508,19.260208,19.366287,19.171692,19.242508,19.153984,19.383957,19.472237,19.100807,19.171692,19.065346,19.153984,19.330948,18.941109,19.207108,19.277893,19.065346,19.224815,19.207108,19.047615,19.118538,18.994377,19.047615,18.994377,19.171692,19.012123,19.207108,19.047615,19.100807,19.171692,19.136261,18.958870,19.118538,19.118538,19.171692,19.118538,18.994377,18.905579,19.153984,19.029869,19.012123,19.118538,19.136261,19.029869,19.242508,18.994377,19.242508,19.029869,19.065346,18.941109,19.065346,19.065346,19.224815,19.100807,19.029869,19.260208,19.153984,19.242508,19.295586,19.118538,19.207108,19.366287,19.260208,19.419281,19.047615,19.260208,19.207108,19.295586,19.136261,19.277893,19.189407,19.348618,19.153984,19.153984,19.224815,19.260208,19.189407,19.224815,19.277893,19.189407,19.118538,19.348618,19.313263,19.295586,19.366287,19.242508,19.330948,19.242508,19.100807,19.189407,19.419281,19.366287,19.242508,19.436943,19.330948,19.348618,19.419281,19.383957,19.472237,19.189407,19.260208,19.224815,19.454590,19.472237,19.330948,19.330948,19.366287,19.489883,19.542793,19.295586,19.419281,19.366287,19.419281,19.472237,19.366287,19.383957,19.313263,19.401619,19.472237,19.419281,19.277893,19.260208,19.595665,19.207108,19.295586,19.330948,19.613289,
16.398201,16.654121,16.361572,16.781799,16.654121,16.471397,16.781799,16.581078,16.654121,16.544525,16.581078,17.000237,16.672379,16.654121,16.727104,17.000237,16.727104,16.617607,16.708862,16.800026,16.818245,16.672379,16.872887,16.836464,16.872887,16.872887,17.054764,17.036591,16.927490,16.836464,16.872887,17.054764,16.891090,16.909286,16.927490,16.945679,17.072929,16.800026,16.836464,16.945679,16.909286,17.000237,16.909286,16.927490,17.127403,17.018410,16.909286,17.054764,17.036591,16.927490,16.818245,16.727104,16.763573,16.836464,16.708862,17.000237,16.836464,16.800026,16.781799,16.982056,16.891090,16.872887,16.781799,16.963875,16.781799,16.836464,16.927490,16.963875,16.872887,16.727104,16.854668,16.800026,16.690620,16.727104,16.544525,16.581078,16.708862,16.654121,16.654121,16.635872,16.727104,16.745338,16.526253,16.745338,16.562805,16.763573,16.507973,16.617607,16.617607,16.416496,16.690620,16.617607,16.562805,16.635872,16.453102,16.544525,16.526253,16.416496,16.727104,16.471397,16.654121,16.599342,16.453102,16.581078,16.599342,16.727104,16.635872,16.617607,16.581078,16.507973,16.617607,16.745338,16.654121,16.544525,16.471397,16.617607,16.690620,16.800026,16.708862,16.708862,16.471397,16.562805,16.507973,16.617607,16.453102,16.489677,16.617607,16.708862,16.708862,16.635872,16.471397,16.562805,16.544525,16.599342,16.398201,16.635872,16.672379,16.526253,17.000237,16.781799,16.581078,16.672379,16.599342,16.727104,16.617607,16.708862,17.000237,16.909286,16.854668,16.727104,16.781799,17.018410,16.836464,16.945679,16.872887,16.982056,16.800026,16.800026,16.872887,16.836464,16.927490,16.781799,16.781799,16.800026,16.781799,16.635872,16.708862,16.708862,16.599342,16.544525,16.507973,16.562805,16.398201,16.562805,16.489677,16.599342,16.453102,16.416496,16.526253,16.581078,16.471397,16.269951,16.471397,16.471397,16.379883,16.233269,16.269951,16.453102,16.251610,16.178230,16.288277,16.324928,16.343254,16.214928,16.086403,16.196571,16.031273,16.141510,16.196571,16.196571,16.214928,15.957695,16.196571,16.324928,16.068031,16.031273,15.957695,16.123146,16.141510,15.957695,15.976097,15.810371,15.957695,16.104774,15.939293,16.068031,16.049652,16.068031,16.123146,15.847229,16.141510,15.957695,15.810371,16.123146,15.828796,16.159874,15.902481,15.939293,16.012886,16.178230,16.012886,16.123146,15.920883,16.049652,15.939293,16.104774,16.049652,15.976097,16.068031,16.269951,16.123146,16.123146,16.178230,15.994492,16.068031,16.031273,15.994492,16.123146,16.233269,16.159874,16.049652,16.196571,16.104774,16.104774,16.068031,16.306610,16.196571,16.214928,16.233269,16.233269,16.178230,16.251610,16.233269,16.233269,16.269951,16.507973,16.159874,16.178230,16.086403,16.159874,16.141510,16.324928,16.141510,16.123146,16.214928,16.141510,16.196571,16.269951,16.159874,16.324928,16.343254,16.269951,16.434807,16.507973,16.269951,16.306610,16.324928,16.343254,16.581078,16.581078,16.526253,16.635872,16.599342,16.763573,16.945679,16.836464,16.927490,17.127403,17.072929,17.199982,17.236252,17.272507,17.308739,17.199982,17.308739,17.272507,17.344955,17.254379,17.344955,17.381157,17.344955,17.381157,17.163704,17.417351,17.435440,17.525826,17.489685,17.561958,17.760384,17.616119,17.543900,17.417351,17.598068,17.598068,17.670250,17.598068,17.525826,17.598068,17.598068,17.634163,17.561958,17.543900,17.543900,17.561958,17.634163,17.381157,17.543900,17.561958,17.435440,17.580009,17.272507,17.326851,17.580009,17.580009,17.399261,17.561958,17.453522,17.399261,17.652206,17.308739,17.598068,17.580009,17.435440,17.706314,17.688278,17.543900,17.561958,17.580009,17.706314,17.652206,17.868416,17.706314,17.814415,17.598068,17.724342,17.796410,17.832420,17.832420,17.670250,17.886406,17.760384,17.814415,17.706314,17.670250,17.922386,17.922386,17.922386,17.904396,17.796410,18.137894,17.886406,17.904396,18.048164,18.030205,17.922386,18.048164,17.976311,18.173759,18.191681,18.173759,18.137894,18.012245,18.263351,18.066116,18.048164,18.137894,18.084076,18.263351,18.245445,18.317062,18.209602,18.209602,18.245445,18.406502,18.334953,18.245445,18.281258,18.442253,18.245445,18.620766,18.460121,18.299164,18.549400,18.460121,18.388626,18.442253,18.460121,18.495850,18.531555,18.585091,18.477982,18.477982,18.477982,18.477982,18.549400,18.638596,18.585091,18.620766,18.638596,18.531555,18.798889,18.727684,18.745483,18.602928,18.870033,18.709869,18.638596,18.656418,18.727684,18.763298,18.816673,18.976631,18.692055,18.781090,18.834473,18.816673,18.745483,19.100807,18.763298,18.781090,18.905579,18.816673,18.798889,18.816673,18.976631,18.852249,18.887802,19.100807,19.012123,18.798889,18.745483,18.941109,18.852249,18.923340,18.745483,18.958870,19.029869,18.852249,18.852249,18.923340,19.029869,18.976631,18.870033,18.745483,18.905579,18.834473,18.905579,19.029869,18.887802,18.994377,19.083084,18.941109,18.976631,18.852249,18.923340,19.136261,19.083084,18.923340,19.065346,19.207108,19.100807,19.083084,19.100807,19.012123,19.100807,19.100807,19.207108,19.207108,19.083084,19.153984,19.260208,18.976631,19.100807,19.065346,18.834473,19.029869,19.189407,19.100807,18.994377,19.047615,18.852249,19.012123,19.065346,19.242508,19.136261,19.012123,19.029869,18.958870,19.100807,19.136261,19.083084,19.277893,19.295586,19.436943,18.994377,19.189407,18.958870,19.100807,19.047615,19.100807,19.100807,18.941109,19.100807,19.065346,18.852249,19.118538,18.798889,19.029869,19.207108,19.065346,18.994377,18.798889,18.887802,19.012123,19.153984,19.207108,18.941109,18.941109,18.870033,19.189407,19.012123,19.100807,18.976631,18.941109,19.118538,18.923340,19.118538,19.047615,18.816673,18.941109,19.153984,19.065346,19.029869,19.207108,19.153984,18.958870,19.295586,19.047615,19.153984,19.171692,19.029869,19.224815,19.242508,19.047615,19.224815,19.224815,19.171692,19.260208,18.976631,19.295586,18.958870,19.242508,19.242508,19.224815,18.958870,19.171692,19.348618,19.100807,19.348618,19.153984,19.242508,19.330948,19.295586,19.153984,19.277893,19.118538,19.436943,19.330948,19.454590,19.260208,19.401619,19.277893,19.277893,19.313263,19.277893,19.419281,19.295586,19.489883,19.436943,19.489883,19.383957,19.330948,19.454590,19.171692,19.383957,19.330948,19.401619,19.401619,19.454590,19.330948,19.330948,19.560417,19.454590,19.525154,19.401619,19.489883,19.701309,19.383957,19.436943,19.277893,19.560417,19.630898,19.436943,19.366287,19.613289,19.207108,19.489883,19.472237,19.436943,19.472237,
16.690620,16.654121,16.471397,16.690620,16.690620,16.562805,16.672379,16.471397,16.635872,16.654121,16.763573,16.654121,16.745338,16.891090,16.909286,16.690620,16.891090,16.872887,16.690620,16.909286,16.562805,16.872887,16.818245,16.891090,16.763573,16.781799,16.727104,16.562805,17.036591,16.927490,16.690620,16.927490,16.963875,16.927490,17.145554,16.963875,16.982056,16.872887,16.854668,17.036591,16.945679,16.854668,16.818245,17.036591,16.909286,16.800026,16.727104,16.872887,16.909286,16.781799,16.745338,17.000237,16.927490,16.963875,16.982056,16.854668,17.018410,17.127403,16.836464,16.927490,16.781799,17.036591,16.800026,17.054764,16.927490,17.000237,16.818245,16.818245,16.672379,16.927490,16.800026,16.909286,16.672379,16.763573,16.690620,16.416496,16.781799,16.763573,16.599342,16.581078,16.635872,16.745338,16.526253,16.635872,16.599342,16.398201,16.818245,16.654121,16.745338,16.617607,16.489677,16.708862,16.635872,16.434807,16.690620,16.581078,16.781799,16.599342,16.654121,16.745338,16.489677,16.690620,16.544525,16.453102,16.416496,16.507973,16.708862,16.599342,16.617607,16.544525,16.489677,16.672379,16.544525,16.507973,16.635872,16.489677,16.434807,16.544525,16.434807,16.507973,16.672379,16.489677,16.544525,16.581078,16.398201,16.727104,16.544525,16.507973,16.343254,16.507973,16.507973,16.562805,16.379883,16.581078,16.781799,16.544525,16.708862,16.672379,16.727104,16.617607,16.854668,16.800026,16.763573,16.800026,16.708862,16.854668,16.945679,16.909286,16.927490,16.763573,16.781799,16.909286,16.818245,16.891090,16.800026,16.800026,16.854668,16.891090,17.054764,16.818245,16.672379,16.781799,16.818245,16.854668,16.909286,16.836464,16.745338,16.818245,16.800026,16.599342,16.507973,16.599342,16.599342,16.654121,16.599342,16.599342,16.489677,16.453102,16.690620,16.343254,16.690620,16.453102,16.288277,16.361572,16.599342,16.416496,16.361572,16.288277,16.251610,16.269951,16.453102,16.251610,16.288277,16.214928,16.178230,16.159874,16.123146,16.178230,16.269951,16.324928,16.159874,16.306610,16.068031,16.049652,16.068031,16.159874,16.123146,16.196571,15.994492,16.123146,16.068031,16.031273,16.086403,16.214928,15.939293,16.049652,15.994492,15.957695,16.012886,15.902481,15.920883,15.957695,16.031273,15.920883,15.939293,16.214928,16.049652,16.049652,16.049652,16.049652,16.031273,15.939293,15.865646,16.086403,16.049652,16.104774,16.031273,15.994492,16.141510,16.068031,16.031273,16.123146,15.810371,16.068031,16.068031,16.049652,16.178230,16.178230,16.049652,16.086403,16.068031,16.123146,16.104774,16.068031,16.123146,15.939293,16.306610,16.214928,16.159874,16.196571,16.086403,16.068031,16.068031,16.159874,16.123146,16.214928,16.104774,16.196571,16.068031,16.141510,16.049652,16.141510,16.251610,16.141510,16.196571,16.251610,16.196571,16.306610,16.233269,16.104774,16.306610,16.159874,16.233269,16.306610,16.214928,16.251610,16.379883,16.434807,16.489677,16.453102,16.544525,16.763573,16.544525,16.654121,16.909286,16.909286,16.818245,17.036591,16.982056,17.054764,17.145554,17.199982,17.236252,17.145554,17.308739,17.326851,17.399261,17.435440,17.381157,17.363060,17.326851,17.417351,17.399261,17.417351,17.236252,17.399261,17.453522,17.399261,17.363060,17.580009,17.598068,17.435440,17.399261,17.453522,17.688278,17.652206,17.543900,17.598068,17.453522,17.543900,17.489685,17.471611,17.399261,17.417351,17.435440,17.344955,17.417351,17.435440,17.399261,17.634163,17.435440,17.471611,17.580009,17.435440,17.489685,17.471611,17.561958,17.471611,17.616119,17.453522,17.381157,17.634163,17.507759,17.543900,17.435440,17.634163,17.580009,17.724342,17.724342,17.453522,17.616119,17.742363,17.561958,17.688278,17.724342,17.688278,17.742363,17.670250,17.724342,17.652206,17.904396,17.832420,17.796410,17.904396,17.850410,17.940361,17.940361,17.706314,18.066116,17.832420,17.958336,17.850410,17.886406,17.904396,18.048164,17.958336,18.048164,18.012245,18.066116,18.102013,17.886406,18.048164,18.209602,18.227524,18.066116,18.191681,18.119965,18.245445,18.030205,18.066116,18.245445,18.406502,18.477982,18.263351,18.370735,18.442253,18.388626,18.317062,18.245445,18.334953,18.281258,18.460121,18.388626,18.406502,18.317062,18.460121,18.495850,18.334953,18.281258,18.424385,18.567253,18.263351,18.477982,18.370735,18.513702,18.602928,18.638596,18.674240,18.531555,18.585091,18.602928,18.602928,18.709869,18.692055,18.727684,18.692055,18.834473,18.656418,18.638596,18.620766,18.620766,18.763298,18.709869,18.834473,18.798889,18.585091,18.941109,18.745483,18.727684,18.745483,18.674240,18.674240,18.745483,18.763298,18.834473,18.692055,18.834473,18.692055,18.887802,18.727684,18.816673,19.029869,18.887802,18.763298,18.887802,18.941109,18.674240,18.870033,18.745483,18.905579,18.763298,18.727684,18.763298,18.816673,18.958870,18.941109,18.834473,18.887802,18.816673,18.870033,18.834473,18.887802,19.083084,18.745483,19.065346,19.065346,18.994377,18.994377,18.941109,18.905579,18.905579,19.047615,19.083084,19.242508,19.100807,18.958870,18.994377,18.958870,19.083084,18.958870,18.887802,18.905579,18.887802,18.834473,18.958870,18.994377,19.171692,18.958870,18.905579,19.171692,18.798889,19.012123,19.012123,18.763298,19.153984,19.083084,19.029869,18.923340,18.887802,18.763298,18.763298,18.905579,19.065346,18.852249,18.958870,18.834473,18.887802,18.870033,19.047615,18.781090,18.994377,18.798889,18.834473,19.047615,18.905579,18.887802,19.047615,19.100807,18.852249,18.781090,18.941109,19.012123,19.047615,19.012123,18.923340,19.065346,18.834473,18.816673,19.100807,18.816673,18.692055,18.958870,19.012123,18.870033,18.887802,19.083084,18.958870,18.941109,19.047615,18.994377,19.136261,19.100807,18.958870,19.189407,18.870033,18.976631,19.224815,18.816673,19.189407,19.012123,19.118538,19.171692,19.029869,19.012123,19.189407,19.189407,18.976631,19.153984,19.083084,19.348618,18.976631,19.366287,19.100807,19.330948,19.100807,19.242508,19.207108,19.207108,19.100807,19.136261,19.295586,19.153984,19.100807,19.047615,19.153984,19.083084,19.383957,19.277893,19.348618,19.313263,19.419281,19.383957,19.242508,19.224815,19.383957,19.171692,19.401619,19.313263,19.277893,19.348618,19.383957,19.366287,19.260208,19.472237,19.118538,19.366287,19.366287,19.366287,19.507530,19.330948,19.578049,19.578049,19.472237,19.383957,19.595665,19.383957,19.419281,19.525154,19.242508,19.383957,19.489883,19.383957,19.525154,19.260208,19.472237,19.718910,19.595665,19.507530,19.330948,19.771667,
16.599342,16.471397,16.489677,16.434807,16.398201,16.526253,16.581078,16.416496,16.526253,16.581078,16.398201,16.617607,16.690620,16.727104,16.672379,16.781799,16.562805,17.000237,16.599342,16.982056,16.708862,17.000237,16.745338,17.054764,16.945679,17.072929,16.836464,16.836464,16.891090,16.745338,16.854668,16.927490,16.963875,16.945679,16.982056,16.818245,16.818245,17.218117,16.745338,17.018410,16.854668,17.000237,16.872887,17.018410,17.036591,17.036591,16.872887,16.836464,16.909286,16.945679,16.872887,16.818245,16.635872,16.909286,17.018410,16.927490,17.072929,16.800026,16.945679,16.818245,16.872887,16.854668,16.909286,16.909286,16.909286,16.982056,16.727104,16.781799,16.763573,16.982056,16.781799,16.617607,16.526253,16.654121,16.581078,16.727104,16.635872,16.599342,16.507973,16.745338,16.635872,16.544525,16.581078,16.635872,16.872887,16.672379,16.745338,16.581078,16.617607,16.434807,16.781799,16.507973,16.599342,16.672379,16.672379,16.635872,16.562805,16.526253,16.489677,16.727104,16.635872,16.507973,16.544525,16.306610,16.471397,16.562805,16.617607,16.617607,16.654121,16.361572,16.599342,16.562805,16.361572,16.635872,16.453102,16.453102,16.635872,16.526253,16.599342,16.434807,16.471397,16.617607,16.416496,16.526253,16.361572,16.617607,16.453102,16.562805,16.708862,16.690620,16.453102,16.599342,16.544525,16.361572,16.434807,16.635872,16.635872,16.654121,16.617607,16.654121,16.599342,16.599342,16.635872,16.763573,16.781799,16.836464,16.818245,16.745338,16.690620,16.836464,16.763573,16.945679,16.982056,17.036591,16.708862,16.708862,16.818245,16.872887,16.891090,16.763573,16.763573,16.763573,16.818245,16.872887,16.581078,16.927490,16.507973,16.781799,16.654121,16.672379,16.544525,16.727104,16.489677,16.562805,16.526253,16.251610,16.471397,16.599342,16.471397,16.416496,16.361572,16.361572,16.471397,16.379883,16.416496,16.233269,16.343254,16.507973,16.159874,16.379883,16.104774,16.233269,16.306610,16.306610,16.233269,16.306610,16.141510,16.288277,16.123146,16.269951,16.251610,16.214928,16.123146,16.068031,16.214928,16.159874,16.214928,15.884071,16.012886,16.178230,16.141510,15.976097,16.031273,16.068031,15.920883,15.902481,16.012886,15.994492,15.976097,15.976097,15.847229,15.994492,15.884071,16.104774,15.994492,15.884071,15.957695,15.920883,15.884071,16.086403,16.196571,16.068031,16.251610,16.141510,15.939293,16.104774,15.939293,15.994492,16.214928,16.141510,16.086403,16.031273,16.068031,15.976097,16.086403,16.269951,16.141510,15.994492,15.920883,16.141510,16.031273,16.031273,16.068031,16.178230,16.159874,16.049652,16.049652,16.086403,16.104774,16.068031,16.086403,16.086403,15.994492,16.159874,16.269951,15.791931,16.178230,16.068031,16.049652,16.178230,16.178230,16.012886,16.141510,16.104774,16.123146,16.288277,16.251610,16.123146,16.123146,16.159874,16.251610,16.343254,16.141510,16.214928,16.123146,16.269951,16.251610,16.361572,16.306610,16.471397,16.416496,16.781799,16.599342,16.818245,16.654121,16.818245,16.909286,16.781799,16.872887,17.054764,17.109245,17.054764,17.018410,17.145554,17.109245,17.054764,17.199982,17.199982,17.199982,17.236252,17.344955,17.616119,17.435440,17.290627,17.127403,17.507759,17.254379,17.381157,17.435440,17.344955,17.181839,17.344955,17.326851,17.453522,17.435440,17.507759,17.561958,17.381157,17.471611,17.561958,17.543900,17.453522,17.399261,17.344955,17.363060,17.363060,17.453522,17.507759,17.616119,17.399261,17.363060,17.616119,17.435440,17.652206,17.417351,17.399261,17.399261,17.543900,17.507759,17.543900,17.471611,17.543900,17.598068,17.453522,17.525826,17.634163,17.688278,17.525826,17.507759,17.670250,17.634163,17.616119,17.543900,17.616119,17.724342,17.706314,17.706314,17.832420,17.760384,17.670250,17.868416,17.796410,17.796410,17.922386,17.922386,17.940361,17.706314,17.814415,18.066116,17.922386,17.958336,17.958336,17.922386,17.976311,18.066116,18.066116,17.904396,18.281258,17.958336,18.066116,17.940361,18.245445,17.958336,18.173759,17.958336,18.281258,18.281258,18.066116,18.137894,18.191681,18.137894,18.281258,18.245445,18.173759,18.066116,18.442253,18.442253,18.119965,18.173759,18.227524,18.281258,18.155830,18.334953,18.424385,18.299164,18.495850,18.442253,18.442253,18.388626,18.424385,18.442253,18.460121,18.477982,18.352852,18.406502,18.567253,18.585091,18.477982,18.406502,18.692055,18.388626,18.727684,18.531555,18.620766,18.585091,18.727684,18.460121,18.638596,18.549400,18.567253,18.567253,18.745483,18.549400,18.656418,18.602928,18.638596,18.798889,18.638596,18.763298,18.852249,18.745483,18.763298,18.816673,18.781090,18.887802,18.745483,18.692055,18.602928,18.727684,18.674240,18.745483,18.620766,18.745483,18.852249,18.709869,18.887802,18.887802,18.638596,18.798889,18.763298,18.692055,18.763298,18.620766,18.745483,18.834473,18.798889,18.816673,18.727684,18.798889,18.727684,18.709869,18.905579,18.798889,18.905579,18.816673,19.012123,18.798889,18.816673,18.870033,18.816673,18.994377,18.994377,18.887802,19.012123,18.941109,18.976631,18.905579,18.852249,19.136261,18.923340,18.887802,19.153984,19.047615,19.083084,18.887802,19.065346,19.100807,18.923340,19.065346,19.118538,19.012123,18.745483,18.798889,18.781090,18.834473,19.012123,19.029869,18.923340,18.958870,18.905579,18.798889,18.834473,18.852249,18.923340,18.763298,18.834473,18.798889,18.745483,18.852249,18.887802,18.816673,18.923340,18.816673,18.834473,18.745483,18.709869,19.029869,18.923340,18.602928,18.727684,18.923340,18.745483,18.887802,18.763298,18.638596,18.745483,18.852249,18.585091,18.727684,18.798889,18.763298,18.923340,18.816673,18.781090,18.745483,19.012123,18.656418,18.994377,18.834473,19.029869,18.745483,18.994377,18.870033,18.781090,18.834473,18.763298,18.781090,19.065346,18.745483,18.976631,18.870033,18.834473,18.941109,19.118538,18.958870,19.047615,18.923340,18.994377,18.887802,19.171692,19.100807,19.136261,19.118538,19.083084,18.994377,19.118538,19.136261,19.313263,19.260208,19.136261,19.153984,19.065346,19.224815,19.295586,19.065346,19.330948,19.277893,18.816673,19.242508,19.295586,19.348618,19.189407,19.189407,19.189407,19.542793,19.083084,19.366287,19.207108,18.958870,19.171692,19.224815,19.153984,19.224815,19.383957,19.189407,19.295586,19.383957,19.542793,19.242508,19.507530,19.313263,19.277893,19.189407,19.260208,19.313263,19.401619,19.454590,19.507530,19.295586,19.401619,19.366287,19.489883,19.489883,19.436943,19.366287,19.472237,19.525154,19.383957,19.525154,19.542793,
16.635872,16.379883,16.306610,16.434807,16.599342,16.453102,16.416496,16.489677,16.745338,16.635872,16.654121,16.654121,16.672379,16.909286,16.800026,16.927490,16.727104,16.909286,16.818245,16.945679,16.727104,16.872887,16.818245,16.927490,16.927490,16.872887,16.781799,16.745338,16.891090,17.000237,17.072929,16.727104,16.945679,16.872887,16.763573,16.599342,16.963875,17.127403,16.836464,16.927490,16.800026,16.963875,16.872887,16.963875,17.036591,16.927490,16.927490,16.909286,16.945679,16.982056,16.872887,16.982056,16.800026,16.672379,16.927490,17.145554,16.763573,17.054764,16.781799,16.945679,16.818245,16.982056,16.982056,16.872887,16.963875,16.854668,16.909286,16.690620,16.781799,16.781799,16.781799,16.672379,16.690620,16.708862,16.891090,16.708862,16.763573,16.927490,16.617607,16.654121,16.471397,16.635872,16.562805,16.654121,16.690620,16.745338,16.654121,16.526253,16.581078,16.617607,16.635872,16.708862,16.617607,16.672379,16.398201,16.708862,16.507973,16.781799,16.288277,16.672379,16.581078,16.526253,16.599342,16.471397,16.581078,16.361572,16.617607,16.599342,16.562805,16.526253,16.635872,16.489677,16.526253,16.526253,16.708862,16.453102,16.617607,16.617607,16.379883,16.471397,16.306610,16.453102,16.654121,16.471397,16.343254,16.672379,16.361572,16.654121,16.379883,16.453102,16.471397,16.416496,16.544525,16.453102,16.416496,16.562805,16.635872,16.599342,16.617607,16.635872,16.672379,16.690620,16.562805,16.836464,16.544525,16.836464,16.745338,16.781799,16.872887,16.800026,16.763573,16.909286,16.781799,16.836464,16.909286,16.800026,16.800026,16.854668,16.836464,16.818245,16.781799,16.654121,16.818245,17.054764,16.854668,16.745338,16.635872,16.507973,16.690620,16.507973,16.672379,16.635872,16.654121,16.507973,16.471397,16.562805,16.489677,16.471397,16.398201,16.306610,16.251610,16.398201,16.104774,16.507973,16.251610,16.269951,16.251610,16.306610,16.251610,16.233269,16.031273,16.141510,16.159874,16.141510,16.214928,16.269951,16.196571,16.049652,16.288277,16.123146,15.994492,16.068031,16.123146,16.086403,16.068031,16.196571,16.178230,15.920883,16.123146,16.123146,16.141510,15.920883,16.141510,16.123146,16.031273,16.068031,15.994492,16.141510,16.068031,16.068031,15.865646,15.957695,16.049652,15.902481,15.791931,15.939293,15.920883,16.086403,15.847229,16.012886,15.884071,16.049652,16.031273,15.994492,16.012886,16.104774,16.031273,15.920883,16.031273,15.884071,16.086403,16.159874,15.810371,16.269951,16.086403,16.159874,16.086403,16.159874,16.141510,15.976097,16.104774,16.068031,15.976097,16.233269,16.159874,16.068031,16.178230,16.086403,16.269951,16.031273,16.141510,16.104774,16.159874,16.012886,16.178230,16.123146,16.031273,16.196571,15.939293,16.086403,16.196571,16.141510,16.214928,16.012886,16.049652,16.141510,16.049652,16.104774,16.288277,16.233269,16.141510,16.233269,16.251610,16.269951,16.324928,16.214928,16.544525,16.453102,16.343254,16.361572,16.581078,16.581078,16.617607,16.581078,16.672379,16.800026,16.800026,16.818245,16.800026,17.181839,16.854668,17.072929,17.018410,17.109245,17.091087,17.218117,17.091087,17.145554,17.290627,17.308739,17.218117,17.199982,17.272507,17.363060,17.308739,17.181839,17.254379,17.435440,17.163704,17.399261,17.435440,17.308739,17.381157,17.363060,17.399261,17.363060,17.489685,17.471611,17.417351,17.417351,17.435440,17.525826,17.326851,17.580009,17.471611,17.507759,17.598068,17.326851,17.417351,17.580009,17.363060,17.381157,17.326851,17.344955,17.399261,17.435440,17.381157,17.363060,17.525826,17.399261,17.670250,17.417351,17.525826,17.471611,17.580009,17.652206,17.489685,17.507759,17.471611,17.561958,17.778404,17.525826,17.507759,17.814415,17.634163,17.850410,17.778404,17.868416,17.742363,17.868416,17.670250,17.922386,17.760384,17.688278,17.742363,17.706314,17.814415,18.084076,17.832420,17.958336,18.119965,17.886406,17.940361,17.850410,17.976311,18.119965,17.904396,17.994278,17.886406,18.102013,17.940361,18.084076,18.334953,18.084076,18.263351,17.958336,18.245445,17.976311,18.155830,18.119965,18.173759,18.155830,18.173759,18.370735,18.370735,18.209602,18.317062,18.317062,18.209602,18.191681,18.191681,18.299164,18.245445,18.549400,18.245445,18.281258,18.370735,18.406502,18.227524,18.424385,18.281258,18.424385,18.424385,18.442253,18.442253,18.424385,18.477982,18.460121,18.334953,18.370735,18.460121,18.513702,18.549400,18.567253,18.656418,18.477982,18.692055,18.334953,18.567253,18.638596,18.585091,18.620766,18.620766,18.531555,18.567253,18.549400,18.585091,18.299164,18.692055,18.727684,18.602928,18.709869,18.834473,18.549400,18.549400,18.585091,18.709869,18.745483,18.692055,18.798889,18.656418,18.709869,18.941109,18.745483,18.692055,18.870033,18.798889,18.709869,18.798889,18.674240,18.763298,18.763298,18.674240,18.709869,18.834473,18.692055,18.620766,18.798889,18.870033,18.692055,18.887802,18.941109,18.958870,18.834473,18.887802,18.852249,18.727684,18.923340,19.012123,18.923340,18.958870,19.065346,18.923340,18.905579,18.870033,18.958870,18.798889,18.958870,18.905579,19.100807,18.870033,18.923340,19.029869,18.976631,19.047615,19.012123,18.763298,18.923340,18.798889,19.029869,18.958870,18.958870,18.834473,18.834473,18.976631,18.923340,18.852249,18.852249,18.941109,18.798889,18.798889,18.852249,18.852249,18.727684,18.620766,18.781090,18.656418,18.745483,18.870033,18.816673,18.816673,18.727684,18.727684,18.798889,18.834473,18.887802,18.585091,18.602928,18.763298,18.870033,18.674240,18.834473,18.852249,18.798889,18.852249,18.887802,18.709869,18.745483,18.727684,18.976631,18.727684,18.656418,18.692055,18.656418,18.674240,18.585091,18.727684,18.727684,18.870033,18.781090,18.887802,18.816673,18.781090,18.745483,18.763298,18.727684,18.905579,18.620766,18.958870,18.763298,18.834473,18.852249,18.958870,18.941109,18.923340,19.029869,19.083084,18.994377,18.887802,19.100807,18.923340,18.870033,18.958870,18.887802,18.834473,19.171692,18.798889,19.118538,18.976631,19.100807,18.905579,19.118538,19.171692,18.941109,19.118538,19.029869,19.242508,19.065346,18.870033,18.887802,19.171692,18.887802,19.100807,18.852249,18.976631,19.029869,19.242508,19.100807,18.994377,19.047615,19.207108,19.224815,19.136261,19.136261,19.207108,19.242508,19.330948,19.295586,19.383957,19.153984,19.472237,19.330948,18.870033,19.100807,19.383957,19.100807,19.348618,19.295586,19.260208,19.366287,19.295586,19.224815,19.118538,19.595665,19.330948,19.366287,19.507530,19.047615,19.454590,19.824394,
16.489677,16.343254,16.398201,16.361572,16.324928,16.617607,16.562805,16.379883,16.471397,16.599342,16.526253,16.654121,16.544525,16.763573,16.654121,16.818245,16.727104,16.672379,16.672379,16.745338,16.635872,16.818245,16.727104,16.672379,16.800026,16.745338,16.581078,16.818245,16.872887,16.963875,17.054764,16.854668,16.927490,16.800026,16.872887,16.800026,16.891090,16.854668,16.945679,16.854668,16.891090,16.945679,16.781799,16.872887,16.963875,16.800026,16.945679,16.836464,16.891090,16.635872,16.800026,16.745338,16.872887,16.690620,16.872887,16.854668,17.072929,16.891090,16.909286,17.036591,16.927490,16.891090,16.763573,17.054764,16.854668,16.945679,16.818245,16.818245,16.781799,16.690620,16.836464,16.800026,16.635872,16.800026,16.617607,16.471397,16.727104,16.489677,16.489677,16.781799,16.434807,16.562805,16.635872,16.672379,16.672379,16.690620,16.617607,16.635872,16.617607,16.708862,16.581078,16.562805,16.562805,16.489677,16.306610,16.617607,16.453102,16.544525,16.581078,16.398201,16.544525,16.416496,16.526253,16.416496,16.453102,16.617607,16.379883,16.617607,16.453102,16.544525,16.526253,16.599342,16.489677,16.581078,16.379883,16.434807,16.416496,16.434807,16.379883,16.416496,16.507973,16.416496,16.306610,16.507973,16.507973,16.453102,16.434807,16.343254,16.617607,16.489677,16.343254,16.434807,16.434807,16.581078,16.471397,16.599342,16.379883,16.526253,16.434807,16.544525,16.416496,16.672379,16.562805,16.654121,16.562805,16.763573,16.617607,16.745338,16.745338,16.781799,16.745338,16.836464,16.708862,16.599342,16.872887,16.745338,16.818245,16.872887,16.836464,16.800026,16.745338,16.927490,16.781799,16.544525,16.690620,16.599342,16.672379,16.654121,16.434807,16.672379,16.361572,16.398201,16.269951,16.288277,16.361572,16.398201,16.288277,16.361572,16.434807,16.324928,16.123146,16.214928,16.361572,16.196571,16.196571,16.141510,16.306610,16.233269,16.251610,16.306610,16.141510,16.251610,16.379883,16.123146,16.288277,16.269951,16.178230,16.324928,15.957695,16.141510,15.939293,16.049652,16.178230,16.159874,16.104774,15.976097,15.939293,16.031273,16.141510,16.031273,16.104774,16.123146,15.828796,15.994492,16.068031,16.031273,15.976097,15.957695,15.828796,16.068031,15.976097,15.865646,15.957695,15.884071,15.884071,15.884071,15.902481,15.865646,15.865646,16.031273,15.828796,15.976097,15.884071,15.994492,16.086403,16.141510,16.012886,16.086403,15.884071,16.196571,16.178230,16.012886,16.012886,16.086403,15.939293,16.086403,15.976097,16.086403,16.031273,16.049652,16.086403,16.068031,16.269951,16.031273,15.939293,16.178230,16.104774,16.159874,16.049652,16.068031,16.178230,15.976097,16.086403,16.159874,16.068031,16.141510,15.994492,16.159874,15.994492,16.104774,15.939293,16.123146,16.178230,16.123146,16.141510,16.031273,16.141510,16.086403,16.031273,16.361572,16.159874,16.343254,16.141510,16.068031,16.233269,16.141510,16.306610,16.306610,16.361572,16.416496,16.544525,16.489677,16.526253,16.672379,16.690620,16.818245,17.018410,16.781799,17.127403,17.054764,17.254379,17.018410,17.054764,17.109245,17.127403,17.036591,17.308739,17.199982,17.199982,17.054764,17.181839,17.308739,17.344955,17.236252,17.290627,17.344955,17.399261,17.344955,17.489685,17.326851,17.471611,17.381157,17.399261,17.363060,17.598068,17.471611,17.634163,17.471611,17.326851,17.453522,17.471611,17.489685,17.525826,17.507759,17.417351,17.399261,17.471611,17.561958,17.363060,17.561958,17.399261,17.598068,17.363060,17.471611,17.489685,17.652206,17.670250,17.507759,17.254379,17.507759,17.453522,17.489685,17.543900,17.598068,17.363060,17.634163,17.561958,17.814415,17.688278,17.616119,17.652206,17.706314,17.634163,17.832420,17.670250,17.724342,17.724342,17.742363,17.832420,17.814415,17.814415,17.796410,17.778404,17.796410,17.742363,17.724342,17.742363,17.922386,17.994278,18.137894,18.084076,17.904396,17.904396,17.940361,18.102013,18.030205,18.066116,17.868416,18.102013,18.102013,18.030205,18.263351,18.066116,18.084076,18.012245,18.209602,18.209602,18.084076,18.012245,18.209602,18.119965,18.066116,18.209602,17.976311,18.227524,18.299164,18.370735,18.317062,18.299164,18.334953,18.209602,18.227524,18.317062,18.370735,18.388626,18.352852,18.317062,18.263351,18.477982,18.370735,18.370735,18.406502,18.442253,18.370735,18.424385,18.370735,18.370735,18.513702,18.549400,18.513702,18.352852,18.495850,18.549400,18.388626,18.477982,18.442253,18.513702,18.620766,18.567253,18.585091,18.460121,18.567253,18.495850,18.602928,18.549400,18.745483,18.585091,18.798889,18.585091,18.602928,18.549400,18.816673,18.709869,18.620766,18.620766,18.585091,18.656418,18.513702,18.460121,18.656418,18.567253,18.727684,18.424385,18.781090,18.887802,18.602928,18.549400,18.620766,18.585091,18.941109,18.620766,18.745483,18.674240,18.745483,18.763298,18.870033,18.852249,18.763298,18.941109,18.887802,18.923340,18.798889,18.763298,19.029869,18.834473,18.994377,18.531555,18.870033,18.745483,18.763298,18.781090,18.905579,18.870033,18.905579,18.887802,18.905579,18.923340,18.994377,18.905579,18.887802,19.012123,19.012123,18.745483,18.941109,18.798889,18.852249,19.065346,18.976631,18.781090,18.887802,18.816673,18.923340,18.887802,18.816673,18.923340,18.941109,18.905579,18.994377,18.816673,18.852249,18.620766,18.620766,18.781090,18.798889,18.852249,18.674240,18.513702,18.692055,18.816673,18.656418,18.852249,18.549400,18.602928,18.834473,18.477982,18.638596,18.674240,18.745483,18.763298,18.709869,18.585091,18.585091,18.692055,18.674240,18.727684,18.727684,18.816673,18.442253,18.656418,18.727684,18.495850,18.763298,18.692055,18.585091,18.549400,18.763298,18.692055,18.692055,18.745483,18.656418,18.745483,18.692055,18.905579,18.763298,18.638596,18.852249,18.887802,18.692055,18.745483,18.923340,18.816673,18.958870,18.870033,18.549400,18.923340,18.816673,18.781090,18.834473,18.994377,18.781090,18.763298,18.976631,18.870033,18.692055,18.745483,19.083084,18.887802,18.727684,18.745483,18.727684,18.958870,19.029869,18.870033,18.870033,19.029869,18.976631,18.905579,18.923340,18.763298,19.029869,19.029869,19.242508,18.941109,19.136261,18.870033,19.083084,19.118538,19.083084,19.189407,19.100807,19.029869,19.100807,19.100807,19.118538,19.100807,19.277893,19.171692,19.171692,19.029869,19.313263,19.242508,19.295586,19.189407,19.189407,19.260208,18.958870,19.207108,19.136261,19.083084,19.012123,19.542793,19.136261,19.277893,19.100807,19.419281,19.383957,19.207108,19.330948,19.454590,19.472237,
16.379883,16.251610,16.306610,16.489677,16.306610,16.343254,16.617607,16.416496,16.416496,16.544525,16.453102,16.654121,16.635872,16.781799,16.562805,16.836464,16.727104,16.763573,16.635872,16.635872,16.453102,16.635872,16.708862,16.818245,16.927490,16.654121,16.507973,16.763573,16.781799,16.727104,16.909286,16.690620,16.763573,16.763573,17.072929,16.800026,16.800026,16.909286,16.800026,16.945679,16.872887,16.927490,17.000237,16.672379,16.745338,16.909286,16.872887,16.872887,16.945679,16.708862,16.927490,16.945679,16.781799,17.091087,16.818245,16.891090,16.781799,16.599342,16.745338,16.891090,16.745338,16.708862,16.927490,16.745338,16.872887,16.872887,16.745338,16.818245,16.872887,16.544525,16.818245,16.654121,16.654121,16.526253,16.836464,16.507973,16.818245,16.763573,16.416496,16.672379,16.690620,16.818245,16.599342,16.562805,16.708862,16.617607,16.562805,16.507973,16.562805,16.599342,16.599342,16.581078,16.471397,16.690620,16.581078,16.708862,16.635872,16.526253,16.526253,16.507973,16.581078,16.690620,16.617607,16.562805,16.526253,16.526253,16.562805,16.434807,16.398201,16.489677,16.562805,16.489677,16.398201,16.489677,16.233269,16.343254,16.434807,16.214928,16.324928,16.214928,16.251610,16.361572,16.306610,16.416496,16.416496,16.251610,16.343254,16.581078,16.123146,16.507973,16.196571,16.489677,16.544525,16.434807,16.379883,16.526253,16.507973,16.635872,16.562805,16.708862,16.562805,16.581078,16.562805,16.617607,16.781799,16.763573,16.599342,16.763573,16.690620,16.854668,16.690620,16.745338,16.672379,16.562805,16.818245,16.891090,16.690620,16.836464,16.745338,16.818245,16.617607,16.727104,16.544525,16.690620,16.654121,16.489677,16.635872,16.544525,16.544525,16.398201,16.453102,16.416496,16.434807,16.544525,16.379883,16.233269,16.453102,16.434807,16.343254,16.343254,16.434807,16.104774,16.288277,16.288277,16.196571,16.049652,16.214928,16.471397,16.233269,16.361572,16.251610,16.214928,16.288277,16.159874,16.068031,16.196571,16.141510,16.159874,16.049652,16.288277,16.123146,16.123146,16.086403,16.086403,15.994492,16.012886,15.976097,15.847229,16.049652,16.012886,15.884071,16.049652,16.049652,16.123146,15.976097,15.976097,15.810371,16.031273,16.086403,16.012886,15.847229,15.939293,15.939293,16.104774,15.884071,16.012886,15.920883,15.976097,15.902481,15.957695,15.994492,16.012886,15.939293,16.012886,15.920883,16.012886,16.086403,15.994492,15.994492,15.994492,16.178230,16.068031,16.141510,16.012886,16.049652,15.920883,15.828796,16.049652,15.884071,16.233269,16.086403,16.086403,16.123146,16.104774,16.086403,15.920883,16.141510,16.031273,15.847229,15.994492,16.012886,16.012886,16.123146,16.104774,16.104774,16.068031,16.012886,16.012886,16.012886,15.994492,16.306610,16.104774,16.086403,16.141510,16.178230,16.196571,15.976097,16.031273,15.994492,16.104774,16.068031,15.994492,16.104774,16.141510,16.214928,16.288277,16.214928,16.251610,16.471397,16.269951,16.398201,16.599342,16.416496,16.708862,16.617607,16.927490,16.854668,17.000237,16.800026,17.145554,17.018410,16.982056,17.036591,17.181839,17.290627,17.272507,17.218117,17.145554,17.326851,17.326851,17.072929,17.272507,17.254379,17.399261,17.218117,17.091087,17.453522,17.290627,17.417351,17.507759,17.399261,17.290627,17.453522,17.381157,17.435440,17.417351,17.399261,17.507759,17.561958,17.435440,17.272507,17.399261,17.453522,17.561958,17.381157,17.489685,17.525826,17.435440,17.435440,17.344955,17.471611,17.507759,17.399261,17.561958,17.616119,17.760384,17.363060,17.706314,17.525826,17.598068,17.580009,17.598068,17.453522,17.543900,17.598068,17.543900,17.652206,17.670250,17.688278,17.525826,17.670250,17.580009,17.580009,17.670250,17.580009,17.706314,17.670250,17.742363,17.616119,17.724342,17.778404,17.832420,17.688278,17.778404,17.904396,17.994278,17.796410,17.994278,17.850410,18.030205,17.922386,18.066116,18.084076,18.030205,17.994278,17.976311,17.976311,17.976311,17.976311,18.012245,18.066116,17.940361,18.137894,17.994278,18.137894,18.263351,18.048164,18.084076,18.030205,18.245445,18.263351,18.137894,18.102013,18.245445,18.155830,18.317062,17.994278,18.388626,18.299164,18.281258,18.209602,18.227524,18.317062,18.299164,18.209602,18.370735,18.334953,18.281258,18.352852,18.424385,18.495850,18.263351,18.424385,18.495850,18.334953,18.317062,18.370735,18.442253,18.424385,18.370735,18.424385,18.567253,18.477982,18.388626,18.549400,18.477982,18.424385,18.567253,18.567253,18.567253,18.674240,18.477982,18.495850,18.638596,18.638596,18.495850,18.656418,18.674240,18.567253,18.727684,18.638596,18.674240,18.495850,18.656418,18.692055,18.549400,18.424385,18.602928,18.709869,18.870033,18.513702,18.692055,18.692055,18.727684,18.638596,18.727684,18.638596,18.763298,18.709869,18.638596,18.442253,18.852249,18.674240,18.602928,18.870033,18.602928,18.870033,18.656418,18.870033,18.602928,18.727684,18.834473,18.709869,18.781090,18.709869,18.781090,18.727684,18.781090,18.763298,18.923340,18.887802,18.852249,18.798889,19.012123,18.852249,18.994377,18.976631,19.029869,18.852249,18.905579,18.905579,18.923340,18.923340,18.781090,18.923340,18.781090,18.870033,18.994377,18.887802,19.083084,18.781090,18.870033,18.976631,18.834473,18.905579,19.029869,18.692055,18.638596,18.816673,18.798889,18.798889,18.834473,18.887802,18.852249,18.905579,18.656418,18.781090,18.798889,18.798889,18.709869,18.638596,18.656418,18.816673,18.745483,18.531555,18.513702,18.477982,18.477982,18.602928,18.692055,18.531555,18.870033,18.727684,18.656418,18.602928,18.620766,18.549400,18.370735,18.602928,18.958870,18.549400,18.727684,18.656418,18.531555,18.549400,18.745483,18.602928,18.781090,18.727684,18.798889,18.656418,18.656418,18.692055,18.887802,18.602928,18.763298,18.549400,18.727684,18.692055,18.656418,18.781090,18.692055,18.745483,18.923340,18.638596,18.745483,18.976631,18.567253,18.781090,18.620766,18.656418,18.834473,18.763298,18.727684,18.781090,19.012123,18.958870,18.941109,18.887802,18.852249,18.994377,18.745483,18.656418,18.994377,18.638596,18.798889,18.923340,18.781090,18.958870,18.905579,19.224815,18.958870,18.798889,18.958870,18.905579,19.118538,19.100807,19.171692,18.745483,18.941109,19.171692,18.976631,19.012123,18.958870,19.153984,19.171692,19.207108,19.100807,19.136261,18.923340,19.012123,19.100807,19.189407,19.100807,19.401619,18.994377,19.313263,18.976631,19.029869,19.153984,19.313263,19.242508,19.330948,19.295586,19.065346,19.136261,19.118538,19.171692,19.242508,19.366287,
16.288277,16.306610,16.251610,16.288277,16.507973,16.416496,16.544525,16.471397,16.526253,16.562805,16.526253,16.507973,16.581078,16.654121,16.617607,16.599342,16.654121,16.781799,16.617607,16.672379,16.672379,16.617607,16.654121,16.599342,16.727104,16.708862,16.398201,16.909286,16.763573,16.672379,16.872887,16.763573,16.763573,16.781799,16.818245,16.581078,16.708862,16.581078,16.708862,16.945679,16.836464,16.818245,16.836464,16.872887,16.891090,16.836464,16.708862,17.036591,16.872887,16.927490,16.672379,17.109245,16.854668,16.818245,16.690620,16.781799,16.727104,16.727104,16.708862,16.745338,16.891090,16.818245,16.763573,16.982056,16.927490,16.727104,16.745338,16.818245,16.672379,16.690620,16.526253,16.818245,16.471397,16.836464,16.818245,16.526253,16.690620,16.872887,16.544525,16.617607,16.434807,16.599342,16.672379,16.763573,16.581078,16.562805,16.690620,16.471397,16.617607,16.379883,16.617607,16.672379,16.526253,16.544525,16.453102,16.854668,16.471397,16.599342,16.453102,16.727104,16.324928,16.507973,16.379883,16.471397,16.434807,16.635872,16.489677,16.379883,16.526253,16.489677,16.324928,16.343254,16.343254,16.471397,16.507973,16.361572,16.288277,16.324928,16.453102,16.489677,16.453102,16.434807,16.251610,16.434807,16.581078,16.379883,16.526253,16.214928,16.398201,16.453102,16.434807,16.434807,16.489677,16.526253,16.453102,16.526253,16.343254,16.526253,16.507973,16.654121,16.453102,16.507973,16.526253,16.581078,16.690620,16.781799,16.654121,16.581078,16.745338,16.654121,16.507973,16.599342,16.654121,16.599342,16.635872,16.690620,16.672379,16.745338,16.635872,16.800026,16.581078,16.654121,16.635872,16.562805,16.471397,16.507973,16.727104,16.654121,16.581078,16.526253,16.489677,16.398201,16.343254,16.453102,16.324928,16.361572,16.361572,16.361572,16.361572,16.214928,16.434807,16.562805,16.196571,16.324928,16.251610,16.251610,16.049652,16.416496,16.269951,16.123146,16.123146,16.214928,16.031273,16.031273,16.159874,16.049652,16.049652,16.104774,16.049652,16.196571,15.976097,16.159874,16.031273,16.141510,15.994492,15.994492,16.049652,15.976097,15.994492,16.086403,16.214928,16.196571,15.994492,15.902481,16.068031,16.031273,15.884071,15.994492,15.902481,15.994492,15.902481,15.994492,15.939293,15.884071,15.884071,15.902481,15.939293,15.976097,15.920883,16.031273,15.810371,16.049652,15.976097,15.884071,15.976097,15.718163,15.736610,16.086403,16.049652,15.976097,15.957695,15.976097,16.031273,15.902481,15.902481,15.920883,16.196571,16.178230,15.828796,16.031273,16.012886,15.828796,16.086403,16.178230,15.957695,16.123146,16.031273,16.068031,15.976097,15.847229,16.123146,16.123146,16.104774,16.049652,16.104774,16.031273,16.086403,16.159874,15.884071,15.976097,16.049652,16.196571,16.159874,16.031273,16.012886,15.957695,16.086403,16.178230,16.141510,16.159874,16.178230,16.141510,16.233269,16.233269,16.324928,16.379883,16.343254,16.416496,16.269951,16.489677,16.507973,16.416496,16.416496,16.763573,16.690620,16.781799,16.690620,16.927490,17.236252,16.945679,17.072929,17.181839,17.181839,17.181839,17.218117,17.272507,17.254379,17.453522,17.272507,17.109245,17.254379,17.326851,17.163704,17.272507,17.363060,17.199982,17.254379,17.236252,17.254379,17.326851,17.453522,17.326851,17.308739,17.344955,17.326851,17.489685,17.507759,17.381157,17.308739,17.326851,17.471611,17.417351,17.308739,17.453522,17.236252,17.616119,17.489685,17.543900,17.435440,17.525826,17.453522,17.580009,17.507759,17.652206,17.580009,17.634163,17.471611,17.724342,17.489685,17.489685,17.489685,17.652206,17.598068,17.616119,17.525826,17.561958,17.616119,17.598068,17.652206,17.598068,17.471611,17.724342,17.742363,17.688278,17.904396,17.886406,17.471611,17.868416,17.742363,17.904396,17.832420,17.886406,17.886406,17.760384,18.030205,17.850410,17.886406,18.209602,17.814415,18.048164,17.976311,17.958336,17.868416,17.904396,17.976311,18.012245,18.066116,18.084076,18.066116,17.976311,18.227524,18.119965,18.066116,18.155830,18.245445,18.048164,18.155830,18.406502,18.191681,18.155830,18.263351,18.317062,18.388626,18.263351,18.066116,18.227524,18.370735,18.317062,18.352852,18.424385,18.263351,18.370735,18.191681,18.299164,18.245445,18.424385,18.424385,18.102013,18.620766,18.495850,18.370735,18.513702,18.460121,18.317062,18.388626,18.317062,18.513702,18.406502,18.477982,18.370735,18.620766,18.406502,18.585091,18.531555,18.727684,18.549400,18.531555,18.460121,18.585091,18.567253,18.477982,18.531555,18.549400,18.602928,18.585091,18.602928,18.656418,18.798889,18.477982,18.656418,18.602928,18.798889,18.620766,18.620766,18.727684,18.602928,18.692055,18.620766,18.781090,18.709869,18.585091,18.620766,18.727684,18.905579,18.692055,18.709869,18.745483,18.656418,18.620766,18.620766,18.727684,18.692055,18.620766,18.495850,18.870033,18.709869,18.692055,18.905579,18.674240,18.798889,18.727684,18.976631,18.816673,19.012123,18.887802,18.941109,18.745483,19.029869,18.887802,19.047615,18.798889,18.905579,18.798889,19.100807,18.941109,18.834473,18.798889,18.816673,18.923340,18.852249,19.295586,18.923340,18.834473,18.852249,18.976631,18.834473,18.905579,18.834473,18.905579,18.834473,18.887802,18.727684,18.816673,18.852249,18.798889,18.674240,18.887802,18.763298,18.976631,18.816673,18.781090,18.816673,18.781090,18.602928,18.763298,18.585091,18.531555,18.923340,18.834473,18.567253,18.781090,18.602928,18.602928,18.763298,18.745483,18.887802,18.638596,18.781090,18.442253,18.692055,18.692055,18.763298,18.495850,18.567253,18.709869,18.692055,18.709869,18.317062,18.692055,18.727684,18.727684,18.727684,18.745483,18.656418,18.549400,18.638596,18.674240,18.745483,18.424385,18.585091,18.887802,18.674240,18.816673,18.905579,18.602928,18.460121,18.816673,18.870033,18.424385,18.798889,18.763298,18.602928,18.620766,18.781090,18.692055,18.567253,18.763298,18.495850,18.656418,18.976631,18.781090,18.816673,18.692055,18.834473,18.816673,18.816673,18.905579,18.745483,18.852249,18.852249,18.958870,18.620766,18.816673,18.976631,18.816673,18.834473,18.816673,18.870033,18.656418,19.012123,18.852249,18.834473,18.852249,18.870033,18.923340,18.834473,18.976631,18.887802,18.798889,19.012123,18.745483,18.958870,18.763298,18.709869,18.585091,19.224815,18.958870,19.047615,18.781090,18.958870,19.136261,19.118538,19.029869,19.118538,19.065346,18.958870,19.012123,19.065346,19.100807,19.260208,18.976631,19.083084,19.118538,19.153984,19.118538,19.100807,19.136261,19.277893,19.207108,19.295586,
16.379883,16.434807,16.288277,16.178230,16.178230,16.398201,16.324928,16.288277,16.233269,16.434807,16.690620,16.489677,16.526253,16.562805,16.672379,16.690620,16.526253,16.672379,16.489677,16.727104,16.690620,16.891090,16.672379,16.708862,16.635872,16.708862,17.000237,16.781799,16.562805,16.617607,16.927490,16.763573,16.690620,16.581078,16.690620,16.891090,16.781799,16.690620,16.854668,16.872887,16.708862,16.763573,16.800026,16.745338,16.763573,16.781799,16.800026,16.781799,16.800026,16.872887,16.836464,16.854668,16.800026,16.745338,16.690620,16.526253,16.672379,16.982056,16.690620,16.836464,16.836464,16.763573,16.672379,16.708862,16.581078,16.471397,16.745338,16.836464,16.617607,16.818245,16.690620,16.599342,16.635872,16.581078,16.599342,16.800026,16.635872,16.635872,16.562805,16.581078,16.617607,16.672379,16.562805,16.672379,16.708862,16.654121,16.763573,16.690620,16.690620,16.599342,16.654121,16.269951,16.745338,16.781799,16.398201,16.654121,16.507973,16.416496,16.434807,16.489677,16.453102,16.599342,16.324928,16.507973,16.434807,16.361572,16.178230,16.453102,16.489677,16.233269,16.526253,16.361572,16.123146,16.269951,16.434807,16.434807,16.306610,16.251610,16.398201,16.343254,16.269951,16.251610,16.343254,16.288277,16.434807,16.269951,16.398201,16.361572,16.343254,16.343254,16.379883,16.269951,16.251610,16.343254,16.416496,16.562805,16.288277,16.416496,16.361572,16.361572,16.361572,16.544525,16.690620,16.398201,16.453102,16.727104,16.581078,16.727104,16.544525,16.617607,16.708862,16.654121,16.599342,16.617607,16.507973,16.562805,16.781799,16.434807,16.489677,16.526253,16.617607,16.453102,16.562805,16.818245,16.489677,16.599342,16.361572,16.599342,16.672379,16.562805,16.434807,16.471397,16.379883,16.343254,16.343254,16.453102,16.233269,16.398201,16.324928,16.012886,16.233269,16.049652,16.012886,16.233269,16.086403,16.141510,16.251610,15.994492,16.269951,16.361572,16.288277,16.049652,16.178230,16.049652,16.012886,16.104774,16.049652,16.068031,16.104774,16.086403,16.159874,15.920883,16.068031,16.086403,16.159874,15.920883,15.994492,15.847229,15.976097,15.939293,16.104774,15.920883,15.791931,15.976097,16.086403,15.920883,16.012886,15.976097,15.791931,15.994492,15.865646,15.920883,15.865646,15.884071,15.736610,15.920883,15.828796,15.957695,15.828796,15.847229,15.865646,15.976097,15.957695,16.031273,15.884071,15.994492,15.994492,15.920883,16.031273,15.920883,15.976097,15.939293,15.939293,15.884071,15.957695,16.123146,15.994492,15.957695,15.939293,16.049652,15.847229,15.957695,15.920883,16.031273,16.159874,15.884071,15.847229,16.086403,16.068031,16.031273,16.031273,16.031273,16.581078,16.068031,15.976097,16.049652,16.086403,16.104774,15.994492,16.196571,16.214928,16.159874,16.031273,16.123146,16.086403,16.031273,15.902481,16.049652,15.847229,16.068031,16.141510,16.288277,16.068031,16.104774,16.012886,16.104774,16.086403,16.269951,16.434807,16.379883,16.471397,16.526253,16.672379,16.599342,16.800026,16.672379,16.763573,16.945679,16.963875,16.891090,16.836464,17.145554,17.199982,17.254379,17.199982,17.272507,17.127403,17.199982,17.363060,17.199982,17.308739,17.072929,17.199982,17.290627,17.308739,17.236252,17.525826,17.272507,17.145554,17.109245,17.199982,17.471611,17.471611,17.489685,17.363060,17.363060,17.435440,17.489685,17.326851,17.399261,17.344955,17.435440,17.417351,17.489685,17.399261,17.525826,17.453522,17.435440,17.489685,17.543900,17.634163,17.616119,17.471611,17.507759,17.543900,17.598068,17.598068,17.688278,17.652206,17.561958,17.706314,17.561958,17.670250,17.561958,17.670250,17.580009,17.652206,17.760384,17.543900,17.688278,17.742363,17.760384,17.670250,17.760384,17.850410,17.886406,17.796410,17.904396,17.940361,17.958336,17.940361,17.832420,17.724342,17.814415,17.850410,18.012245,17.670250,18.012245,17.958336,17.976311,17.868416,17.994278,17.994278,18.084076,18.155830,18.119965,17.976311,18.102013,18.048164,18.119965,18.048164,18.173759,18.245445,18.245445,18.191681,18.245445,18.227524,18.173759,18.084076,18.281258,18.191681,18.334953,18.209602,18.191681,18.191681,18.317062,18.173759,18.370735,18.531555,18.424385,18.173759,18.317062,18.352852,18.495850,18.460121,18.424385,18.317062,18.460121,18.352852,18.531555,18.442253,18.388626,18.495850,18.424385,18.352852,18.585091,18.442253,18.477982,18.656418,18.549400,18.585091,18.567253,18.442253,18.549400,18.549400,18.620766,18.477982,18.709869,18.567253,18.531555,18.727684,18.656418,18.602928,18.460121,18.567253,18.620766,18.781090,18.531555,18.709869,18.692055,18.692055,18.549400,18.656418,18.692055,18.852249,18.602928,18.620766,18.923340,18.745483,18.781090,18.585091,18.567253,18.620766,18.727684,18.620766,18.763298,18.638596,18.638596,18.495850,18.870033,18.816673,18.709869,18.727684,18.727684,18.709869,18.834473,18.620766,18.495850,18.923340,18.709869,18.923340,18.781090,18.781090,18.941109,18.781090,18.763298,18.870033,18.941109,18.709869,18.887802,18.834473,19.065346,19.012123,18.870033,18.941109,18.763298,18.727684,18.834473,18.958870,18.870033,19.012123,18.994377,18.870033,19.047615,18.781090,18.798889,18.834473,18.941109,18.887802,18.798889,18.870033,19.012123,18.941109,18.887802,18.870033,18.816673,18.923340,18.834473,18.852249,18.870033,18.585091,18.709869,18.620766,18.976631,18.798889,18.620766,18.745483,18.567253,18.834473,18.816673,18.602928,18.674240,18.941109,18.781090,18.727684,18.674240,18.798889,18.620766,18.638596,18.549400,18.638596,18.870033,18.549400,18.585091,18.745483,18.745483,18.567253,18.585091,18.727684,18.709869,18.620766,18.798889,18.727684,18.513702,18.585091,18.674240,18.585091,18.638596,18.816673,18.834473,18.709869,18.727684,18.638596,18.674240,18.674240,18.442253,18.763298,18.781090,18.370735,18.620766,18.656418,18.567253,18.781090,18.549400,18.763298,18.727684,18.834473,18.602928,18.745483,18.727684,18.870033,18.424385,18.781090,18.976631,18.905579,18.745483,18.763298,18.602928,18.763298,18.887802,18.495850,18.941109,18.674240,18.834473,18.905579,18.976631,19.012123,19.083084,18.763298,18.709869,18.745483,18.905579,18.727684,19.083084,18.727684,18.887802,19.118538,18.816673,18.816673,18.941109,18.941109,18.905579,19.047615,19.065346,19.083084,18.923340,19.100807,18.958870,18.816673,19.047615,18.870033,19.224815,18.852249,19.012123,18.816673,19.136261,18.727684,19.277893,19.083084,19.118538,19.189407,18.958870,19.029869,19.012123,18.905579,19.047615,19.171692,19.100807,19.012123,19.313263,
16.324928,16.141510,16.123146,16.012886,15.976097,16.269951,16.471397,16.324928,16.361572,16.507973,16.324928,16.507973,16.453102,16.654121,16.361572,16.690620,16.453102,16.489677,16.288277,16.708862,16.489677,16.763573,16.544525,16.818245,16.672379,16.727104,16.635872,16.526253,16.617607,16.872887,16.617607,16.635872,16.891090,16.471397,16.617607,16.891090,16.982056,16.763573,16.654121,16.836464,16.872887,16.763573,16.708862,16.727104,16.727104,16.581078,16.854668,16.617607,16.599342,16.581078,16.708862,16.599342,16.708862,16.800026,16.617607,16.854668,16.416496,16.708862,16.745338,16.654121,16.690620,16.800026,16.562805,16.690620,16.781799,16.763573,16.599342,16.471397,16.763573,16.909286,16.453102,16.781799,16.489677,16.507973,16.507973,16.581078,16.544525,16.416496,16.507973,16.471397,16.489677,16.562805,16.416496,16.544525,16.471397,16.708862,16.507973,16.654121,16.617607,16.635872,16.416496,16.507973,16.434807,16.324928,16.526253,16.507973,16.434807,16.324928,16.471397,16.453102,16.416496,16.526253,16.471397,16.361572,16.288277,16.471397,16.489677,16.398201,16.251610,16.214928,16.214928,16.068031,16.251610,16.324928,16.398201,16.398201,16.343254,16.306610,16.159874,16.324928,16.398201,16.214928,16.233269,16.343254,16.141510,16.104774,16.288277,16.306610,16.324928,16.489677,16.343254,16.159874,16.471397,16.398201,16.269951,16.324928,16.471397,16.306610,16.398201,16.361572,16.214928,16.453102,16.379883,16.379883,16.599342,16.581078,16.324928,16.398201,16.599342,16.398201,16.599342,16.562805,16.599342,16.654121,16.416496,16.581078,16.398201,16.581078,16.489677,16.763573,16.471397,16.599342,16.672379,16.672379,16.453102,16.489677,16.306610,16.599342,16.361572,16.489677,16.324928,16.361572,16.233269,16.361572,16.233269,16.288277,16.233269,16.214928,16.159874,16.251610,16.288277,16.159874,16.123146,16.123146,16.104774,16.233269,16.214928,16.049652,16.214928,16.141510,16.196571,16.086403,15.828796,16.068031,16.049652,16.068031,16.196571,16.159874,15.976097,16.269951,15.957695,16.068031,15.939293,16.123146,16.068031,15.847229,15.847229,15.976097,15.902481,15.976097,15.884071,15.976097,15.939293,15.939293,15.902481,15.718163,15.718163,15.847229,15.755058,15.902481,15.755058,15.773499,15.773499,15.920883,15.920883,15.902481,15.847229,15.718163,15.681252,15.976097,15.976097,15.828796,15.902481,15.865646,15.847229,15.902481,15.902481,15.939293,15.920883,15.828796,15.865646,15.847229,15.884071,15.939293,15.939293,15.976097,15.994492,16.012886,16.012886,15.957695,15.902481,16.104774,15.884071,16.012886,16.031273,15.976097,16.049652,15.994492,16.049652,15.791931,16.196571,15.939293,15.994492,15.994492,16.049652,15.957695,16.104774,16.049652,15.902481,15.810371,15.939293,16.012886,16.104774,16.012886,16.031273,15.920883,15.976097,16.178230,16.068031,16.104774,16.233269,16.086403,16.086403,16.086403,16.214928,16.233269,16.434807,16.031273,16.288277,16.306610,16.453102,16.324928,16.672379,16.635872,16.599342,16.745338,16.891090,17.000237,16.909286,17.072929,17.091087,17.127403,17.109245,17.018410,17.290627,17.290627,17.254379,17.181839,17.072929,17.272507,17.072929,17.272507,17.218117,17.199982,17.471611,17.236252,17.236252,17.344955,17.218117,17.218117,17.561958,17.199982,17.417351,17.507759,17.363060,17.435440,17.326851,17.435440,17.435440,17.308739,17.489685,17.453522,17.381157,17.525826,17.471611,17.453522,17.344955,17.453522,17.724342,17.471611,17.471611,17.580009,17.507759,17.724342,17.688278,17.616119,17.489685,17.760384,17.832420,17.724342,17.616119,17.724342,17.616119,17.561958,17.724342,17.652206,17.580009,17.724342,17.778404,17.760384,17.724342,17.778404,17.724342,17.958336,17.724342,18.012245,17.760384,17.958336,17.994278,18.048164,17.868416,17.976311,17.832420,17.922386,18.155830,17.940361,18.048164,18.030205,18.066116,18.048164,18.048164,18.137894,18.119965,18.119965,18.066116,18.119965,18.299164,18.102013,18.299164,18.209602,18.119965,18.442253,18.317062,18.263351,18.245445,18.263351,18.245445,18.317062,18.263351,18.155830,18.317062,18.370735,18.281258,18.388626,18.567253,18.317062,18.442253,18.191681,18.442253,18.227524,18.370735,18.531555,18.513702,18.442253,18.531555,18.674240,18.531555,18.442253,18.424385,18.602928,18.513702,18.495850,18.531555,18.656418,18.442253,18.549400,18.656418,18.549400,18.495850,18.388626,18.656418,18.567253,18.656418,18.692055,18.531555,18.585091,18.513702,18.388626,18.531555,18.656418,18.585091,18.887802,18.763298,18.798889,18.638596,18.638596,18.816673,18.781090,18.513702,18.531555,18.692055,18.745483,18.656418,18.709869,18.495850,18.602928,18.816673,18.620766,18.567253,18.692055,18.763298,18.709869,18.602928,18.745483,18.745483,18.834473,18.763298,18.763298,18.781090,18.727684,18.709869,18.834473,18.709869,18.816673,18.816673,18.958870,18.834473,18.816673,18.852249,18.976631,18.798889,18.834473,18.816673,18.887802,18.958870,18.852249,18.763298,19.047615,18.941109,18.798889,18.923340,18.941109,19.029869,18.852249,18.870033,18.941109,19.047615,18.887802,18.976631,18.781090,19.047615,19.083084,18.816673,19.083084,18.834473,19.065346,18.816673,18.941109,18.958870,18.941109,18.798889,18.887802,19.012123,19.012123,19.012123,18.905579,18.941109,18.905579,18.745483,18.905579,18.834473,18.816673,18.763298,18.727684,18.674240,18.620766,18.727684,18.620766,18.602928,18.834473,18.745483,18.816673,18.674240,18.674240,18.674240,18.638596,18.585091,18.727684,18.709869,18.495850,18.585091,18.798889,18.567253,18.585091,18.709869,18.585091,18.852249,18.638596,18.709869,18.549400,18.477982,18.834473,18.531555,18.602928,18.352852,18.674240,18.602928,18.602928,18.709869,18.727684,18.692055,18.620766,18.513702,18.781090,18.870033,18.870033,18.549400,18.638596,18.656418,18.763298,18.709869,18.567253,18.692055,18.958870,18.709869,18.620766,18.638596,18.905579,18.852249,18.745483,18.905579,18.763298,18.585091,18.834473,18.692055,18.656418,18.727684,18.638596,18.674240,18.656418,18.763298,18.887802,18.923340,18.763298,18.834473,18.692055,18.976631,18.923340,18.852249,18.887802,19.100807,18.745483,18.905579,18.781090,18.763298,18.905579,18.781090,18.763298,19.029869,18.870033,18.958870,18.887802,18.656418,19.153984,18.905579,18.994377,18.834473,18.958870,19.012123,18.905579,19.012123,18.781090,19.083084,18.958870,18.994377,19.136261,19.012123,19.065346,18.976631,18.763298,18.941109,19.153984,19.277893,19.083084,19.065346,19.383957,19.065346,19.171692,19.029869,19.277893,
16.288277,16.251610,15.994492,16.306610,16.159874,16.343254,16.288277,16.361572,16.306610,16.398201,16.562805,16.562805,16.343254,16.581078,16.654121,16.745338,16.727104,16.635872,16.672379,16.507973,16.562805,16.654121,16.599342,16.544525,16.727104,16.617607,16.617607,16.727104,16.727104,16.672379,16.708862,16.635872,16.654121,16.690620,16.562805,16.708862,16.708862,16.945679,16.526253,16.781799,16.854668,16.672379,16.489677,16.781799,16.708862,16.617607,16.672379,16.507973,16.763573,16.526253,16.635872,16.599342,16.562805,16.690620,16.581078,16.599342,16.727104,16.763573,16.544525,16.489677,16.581078,16.763573,16.909286,16.544525,16.708862,16.836464,16.708862,16.708862,16.727104,16.708862,16.854668,16.416496,16.361572,16.635872,16.507973,16.690620,16.416496,16.562805,16.562805,16.690620,16.581078,16.343254,16.471397,16.471397,16.471397,16.599342,16.526253,16.471397,16.398201,16.434807,16.489677,16.526253,16.288277,16.526253,16.398201,16.398201,16.379883,16.635872,16.324928,16.398201,16.343254,16.159874,16.178230,16.251610,16.416496,16.361572,16.324928,16.544525,16.251610,16.269951,16.379883,16.306610,16.324928,16.324928,16.214928,16.269951,16.214928,16.306610,16.123146,16.398201,16.123146,16.343254,16.453102,16.288277,16.123146,16.361572,16.086403,16.288277,16.178230,16.288277,16.159874,16.562805,16.269951,16.251610,16.233269,16.562805,16.031273,16.453102,16.159874,16.361572,16.416496,16.379883,16.269951,16.324928,16.361572,16.453102,16.489677,16.251610,16.416496,16.379883,16.489677,16.562805,16.361572,16.526253,16.635872,16.507973,16.324928,16.507973,16.288277,16.489677,16.581078,16.306610,16.324928,16.288277,16.507973,16.489677,16.214928,16.306610,16.306610,16.306610,16.214928,16.489677,16.269951,16.214928,16.104774,16.251610,16.233269,16.269951,16.178230,15.994492,16.178230,16.269951,16.031273,16.104774,16.159874,16.012886,15.939293,16.086403,16.288277,16.141510,16.031273,16.031273,15.902481,16.104774,16.104774,16.031273,16.159874,15.976097,15.939293,15.920883,16.049652,15.902481,15.828796,15.902481,15.865646,16.086403,15.884071,15.902481,15.957695,15.865646,15.773499,15.865646,15.810371,15.994492,15.920883,15.939293,15.644325,15.902481,15.828796,15.865646,15.828796,15.588913,16.086403,15.884071,15.847229,15.755058,15.718163,15.736610,15.718163,15.755058,15.718163,15.865646,15.994492,15.699715,15.884071,15.810371,15.644325,15.939293,15.736610,15.755058,15.773499,15.976097,15.755058,16.049652,15.939293,16.049652,15.902481,15.939293,15.718163,16.104774,15.902481,15.994492,16.233269,15.828796,16.049652,15.994492,15.939293,16.012886,16.012886,16.049652,16.251610,15.939293,15.884071,16.123146,15.939293,15.957695,15.847229,15.994492,15.976097,15.994492,16.031273,16.086403,16.104774,16.012886,15.957695,15.902481,16.104774,15.884071,15.994492,16.159874,15.994492,16.123146,16.049652,16.159874,16.141510,16.379883,16.288277,16.141510,16.159874,16.269951,16.251610,16.489677,16.471397,16.581078,16.872887,16.745338,16.617607,16.836464,17.000237,16.963875,16.818245,17.254379,17.145554,17.018410,17.181839,17.109245,17.054764,17.326851,17.199982,17.109245,17.163704,17.199982,17.145554,17.308739,17.199982,17.181839,17.254379,17.199982,17.254379,17.199982,17.326851,17.236252,17.326851,17.399261,17.507759,17.381157,17.435440,17.344955,17.507759,17.399261,17.363060,17.344955,17.435440,17.236252,17.507759,17.525826,17.489685,17.435440,17.417351,17.417351,17.616119,17.706314,17.489685,17.688278,17.561958,17.634163,17.670250,17.616119,17.652206,17.670250,17.580009,17.580009,17.634163,17.742363,17.652206,17.742363,17.706314,17.670250,17.742363,17.760384,17.724342,17.634163,17.688278,17.724342,17.868416,17.976311,17.922386,17.868416,18.066116,18.048164,18.030205,17.778404,17.958336,17.940361,18.030205,17.904396,17.958336,18.227524,18.066116,18.245445,18.084076,18.227524,18.048164,18.370735,18.370735,18.227524,18.173759,18.299164,18.317062,18.102013,18.334953,18.209602,18.352852,18.460121,18.442253,18.424385,18.263351,18.263351,18.227524,18.549400,18.442253,18.442253,18.406502,18.460121,18.477982,18.424385,18.442253,18.406502,18.281258,18.299164,18.620766,18.531555,18.531555,18.674240,18.549400,18.620766,18.656418,18.567253,18.620766,18.495850,18.602928,18.709869,18.656418,18.638596,18.745483,18.709869,18.585091,18.692055,18.567253,18.674240,18.620766,18.602928,18.513702,18.692055,18.656418,18.709869,18.585091,18.727684,18.602928,18.692055,18.656418,18.674240,18.763298,18.620766,18.816673,18.852249,18.834473,18.727684,18.727684,18.602928,18.620766,18.745483,18.620766,18.745483,18.870033,18.852249,18.763298,18.798889,18.905579,18.923340,18.745483,18.781090,18.692055,18.852249,18.994377,18.727684,18.798889,18.834473,18.692055,18.905579,18.745483,18.781090,18.798889,18.709869,18.887802,18.958870,18.941109,18.870033,18.692055,18.870033,18.905579,18.923340,18.905579,18.976631,18.994377,19.047615,19.047615,18.887802,18.870033,18.923340,18.905579,18.976631,18.816673,18.958870,18.905579,18.870033,19.012123,18.941109,18.994377,18.905579,18.994377,18.905579,18.905579,19.083084,19.100807,18.816673,18.958870,18.852249,18.976631,18.816673,19.224815,19.065346,18.941109,18.941109,18.887802,18.887802,18.994377,18.976631,18.976631,18.941109,18.887802,18.781090,18.781090,18.709869,18.745483,18.923340,18.816673,18.870033,18.852249,18.727684,18.638596,18.763298,18.674240,18.495850,18.763298,18.798889,18.745483,18.727684,18.602928,18.692055,18.763298,18.745483,18.549400,18.709869,18.620766,18.674240,18.692055,18.638596,18.549400,18.549400,18.531555,18.692055,18.585091,18.674240,18.763298,18.674240,18.638596,18.745483,18.958870,18.656418,18.674240,18.638596,18.709869,18.798889,18.727684,18.692055,18.674240,18.692055,18.477982,18.585091,18.674240,18.709869,18.620766,18.620766,18.674240,18.620766,18.460121,18.602928,18.798889,18.692055,18.798889,18.798889,18.870033,18.692055,18.834473,18.638596,18.442253,18.692055,18.798889,18.781090,18.798889,18.994377,18.834473,18.816673,18.692055,18.816673,18.709869,18.745483,18.852249,18.620766,18.816673,18.709869,18.958870,18.781090,18.745483,18.905579,19.047615,18.781090,19.029869,18.923340,18.923340,18.923340,18.870033,18.745483,18.852249,18.976631,18.958870,18.976631,18.834473,19.100807,18.923340,18.923340,18.834473,19.171692,18.816673,19.047615,18.798889,19.012123,19.065346,19.260208,19.100807,19.171692,19.277893,19.171692,19.136261,18.976631,18.852249,18.905579,19.047615,19.295586,
16.159874,16.141510,16.361572,16.086403,16.141510,16.214928,16.324928,16.343254,16.288277,16.471397,16.581078,16.214928,16.434807,16.471397,16.507973,16.599342,16.379883,16.507973,16.654121,16.562805,16.599342,16.507973,16.617607,16.672379,16.379883,16.635872,16.727104,16.544525,16.581078,16.727104,16.635872,16.635872,16.599342,16.781799,16.654121,16.654121,16.581078,16.562805,16.471397,16.581078,16.672379,16.635872,16.763573,16.690620,16.526253,16.526253,16.654121,16.544525,16.690620,16.434807,16.818245,16.507973,16.526253,16.617607,16.453102,16.672379,16.854668,16.453102,16.635872,16.635872,16.489677,16.763573,16.635872,16.434807,16.471397,16.544525,16.471397,16.745338,16.379883,16.562805,16.617607,16.453102,16.324928,16.544525,16.361572,16.471397,16.379883,16.581078,16.416496,16.599342,16.453102,16.507973,16.690620,16.398201,16.343254,16.398201,16.562805,16.416496,16.453102,16.343254,16.416496,16.434807,16.288277,16.471397,16.471397,16.544525,16.288277,16.269951,16.324928,16.324928,16.159874,16.379883,16.031273,16.288277,16.233269,16.306610,16.196571,16.178230,16.159874,16.324928,16.178230,16.398201,16.178230,16.269951,16.178230,16.233269,15.976097,16.159874,16.141510,16.251610,16.086403,16.141510,16.104774,16.269951,16.233269,16.233269,16.233269,16.251610,16.141510,16.214928,16.233269,16.196571,16.123146,16.343254,16.159874,16.288277,16.196571,16.233269,16.288277,16.306610,16.324928,16.306610,16.123146,16.324928,16.361572,16.214928,16.471397,16.416496,16.398201,16.489677,16.416496,16.361572,16.379883,16.489677,16.379883,16.251610,16.416496,16.324928,16.453102,16.416496,16.251610,16.544525,16.416496,16.361572,16.324928,16.379883,16.214928,16.343254,16.489677,16.306610,16.012886,16.251610,16.269951,16.288277,16.269951,16.214928,16.196571,16.214928,16.233269,16.104774,16.104774,16.049652,16.012886,16.288277,15.902481,16.068031,15.976097,15.994492,15.976097,16.269951,16.012886,15.957695,15.920883,15.939293,15.976097,16.086403,15.865646,16.068031,15.920883,16.012886,15.681252,16.012886,15.902481,15.865646,15.902481,15.884071,15.994492,15.865646,15.957695,15.773499,15.884071,15.976097,15.994492,15.828796,15.847229,15.828796,15.847229,15.791931,15.847229,15.884071,15.810371,15.791931,15.920883,15.902481,15.902481,15.865646,15.773499,15.847229,15.810371,15.736610,15.681252,15.920883,15.718163,15.773499,15.957695,15.736610,15.939293,15.920883,15.755058,15.976097,15.865646,15.828796,15.662788,15.847229,15.828796,15.773499,15.884071,15.884071,15.718163,15.884071,16.012886,16.031273,15.976097,15.920883,16.178230,15.884071,16.031273,16.086403,15.939293,15.994492,15.902481,15.847229,15.791931,16.049652,15.791931,15.939293,15.884071,15.976097,15.939293,16.141510,16.012886,15.957695,16.068031,16.068031,16.012886,15.976097,16.141510,16.178230,16.104774,15.920883,16.031273,16.068031,16.159874,15.994492,16.306610,16.214928,15.994492,16.159874,16.398201,16.361572,16.434807,16.489677,16.398201,16.654121,16.599342,16.635872,16.891090,16.909286,16.927490,16.982056,17.163704,17.127403,17.145554,17.199982,17.000237,17.054764,17.018410,17.290627,17.072929,17.236252,17.163704,17.254379,17.399261,17.218117,17.163704,17.109245,17.272507,17.326851,17.145554,17.254379,17.199982,17.507759,17.181839,17.417351,17.254379,17.344955,17.399261,17.453522,17.363060,17.417351,17.381157,17.344955,17.344955,17.417351,17.471611,17.471611,17.471611,17.435440,17.580009,17.489685,17.616119,17.598068,17.507759,17.760384,17.561958,17.598068,17.489685,17.652206,17.634163,17.652206,17.724342,17.688278,17.489685,17.634163,17.489685,17.778404,17.760384,17.850410,17.670250,17.832420,17.724342,17.922386,17.652206,18.066116,17.796410,17.778404,17.868416,18.012245,18.012245,18.030205,17.868416,17.904396,17.796410,18.048164,17.814415,18.066116,18.030205,18.030205,18.102013,18.137894,17.994278,18.155830,17.940361,18.191681,18.137894,18.137894,18.334953,18.317062,18.406502,18.191681,18.245445,18.370735,18.299164,18.317062,18.227524,18.191681,18.317062,18.317062,18.549400,18.299164,18.227524,18.245445,18.406502,18.370735,18.495850,18.299164,18.406502,18.495850,18.388626,18.424385,18.477982,18.602928,18.442253,18.173759,18.495850,18.692055,18.620766,18.656418,18.495850,18.745483,18.567253,18.709869,18.602928,18.638596,18.745483,18.709869,18.745483,18.602928,18.602928,18.513702,18.638596,18.727684,18.798889,18.727684,18.638596,18.692055,18.674240,18.798889,18.816673,18.656418,18.745483,18.709869,18.781090,18.852249,18.852249,18.763298,18.976631,18.656418,18.798889,18.834473,18.834473,18.763298,18.798889,18.745483,18.727684,18.870033,18.781090,18.674240,18.941109,18.852249,19.029869,18.816673,18.674240,18.763298,18.781090,18.905579,18.656418,19.029869,18.745483,19.100807,18.994377,18.834473,18.870033,18.905579,18.798889,18.994377,19.047615,18.834473,18.852249,19.047615,18.994377,19.100807,18.941109,18.976631,19.047615,18.994377,18.941109,19.100807,18.994377,19.029869,19.029869,18.994377,19.083084,19.083084,18.958870,18.994377,18.994377,18.834473,19.029869,19.189407,18.870033,19.118538,18.958870,19.012123,19.136261,19.065346,18.976631,19.012123,18.958870,19.083084,18.887802,19.029869,19.100807,18.994377,19.012123,18.994377,18.887802,18.923340,18.905579,19.100807,18.745483,19.083084,18.674240,19.012123,18.781090,18.834473,18.798889,18.692055,18.870033,18.852249,18.798889,18.692055,18.905579,18.852249,18.656418,18.941109,18.852249,18.692055,18.745483,18.781090,18.870033,18.674240,18.727684,18.585091,18.674240,18.763298,18.513702,18.620766,18.531555,18.923340,18.763298,18.781090,18.656418,18.870033,18.674240,18.709869,18.709869,18.763298,18.852249,18.674240,18.460121,18.585091,18.674240,18.549400,18.531555,18.745483,18.513702,18.638596,18.477982,18.763298,18.709869,18.674240,18.816673,18.549400,18.549400,18.763298,18.798889,18.763298,18.798889,18.709869,18.656418,18.781090,18.870033,18.781090,19.153984,18.834473,18.692055,18.852249,18.923340,18.887802,18.745483,18.905579,19.012123,18.727684,18.781090,18.958870,18.692055,18.976631,19.012123,18.816673,18.674240,18.727684,18.798889,18.994377,19.100807,18.976631,18.834473,18.941109,18.941109,19.047615,19.047615,18.709869,18.994377,18.994377,18.958870,18.763298,18.923340,18.994377,19.047615,18.763298,18.870033,18.834473,18.852249,18.941109,18.923340,18.958870,19.100807,19.083084,18.976631,19.207108,18.816673,18.994377,18.994377,19.029869,18.976631,19.153984,19.047615,19.065346,18.994377,19.118538,
16.306610,16.159874,16.178230,16.141510,16.159874,16.031273,16.086403,16.361572,16.617607,16.361572,16.434807,16.800026,16.544525,16.562805,16.453102,16.672379,16.599342,16.599342,16.471397,16.581078,16.526253,16.544525,16.617607,16.489677,16.489677,16.635872,16.763573,16.654121,16.507973,16.690620,16.526253,16.654121,16.581078,16.672379,16.745338,16.635872,16.471397,16.727104,16.727104,16.617607,16.872887,16.672379,16.690620,16.361572,16.745338,16.635872,16.690620,16.745338,16.562805,16.672379,16.526253,16.635872,16.544525,16.507973,16.361572,16.763573,16.672379,16.672379,16.471397,16.635872,16.489677,16.781799,16.544525,16.617607,16.599342,16.672379,16.489677,16.672379,16.434807,16.672379,16.489677,16.507973,16.507973,16.507973,16.526253,16.635872,16.141510,16.562805,16.379883,16.489677,16.434807,16.489677,16.599342,16.599342,16.214928,16.269951,16.196571,16.544525,16.251610,16.379883,16.562805,16.324928,16.416496,16.379883,16.416496,16.343254,16.269951,16.343254,16.324928,16.141510,16.361572,16.526253,16.343254,16.123146,16.306610,16.196571,16.031273,16.178230,16.086403,16.214928,16.233269,16.269951,16.343254,16.233269,16.031273,16.269951,16.086403,16.324928,16.233269,16.214928,15.994492,16.214928,16.123146,16.123146,16.123146,16.233269,16.233269,16.141510,16.306610,15.976097,16.196571,16.159874,16.012886,16.104774,16.178230,16.141510,16.123146,16.178230,16.324928,16.196571,16.233269,16.361572,16.214928,16.214928,16.251610,16.288277,16.471397,16.434807,16.306610,16.361572,16.416496,16.599342,16.361572,16.233269,16.507973,16.306610,16.379883,16.398201,16.416496,16.489677,16.233269,16.379883,16.398201,16.324928,16.012886,16.416496,16.361572,16.178230,16.123146,16.233269,15.994492,16.214928,16.068031,16.068031,16.068031,16.049652,16.049652,16.141510,15.976097,16.086403,16.104774,16.086403,15.681252,15.828796,16.068031,16.031273,16.141510,16.031273,16.012886,15.976097,15.976097,15.939293,15.865646,15.939293,15.976097,15.957695,15.847229,16.123146,15.976097,16.068031,15.976097,15.884071,15.865646,15.902481,15.791931,15.902481,15.957695,15.884071,15.810371,15.736610,15.828796,15.865646,15.755058,15.902481,15.644325,15.957695,15.625862,15.773499,15.773499,15.994492,15.828796,15.939293,15.773499,15.755058,15.847229,15.791931,15.681252,15.902481,15.533455,15.828796,15.828796,15.902481,15.828796,15.828796,15.791931,15.755058,15.736610,15.847229,15.847229,15.920883,15.810371,15.865646,16.068031,15.791931,15.773499,15.791931,15.847229,15.865646,15.902481,15.884071,15.718163,15.847229,15.847229,15.828796,15.718163,16.031273,16.159874,15.939293,15.847229,16.012886,15.902481,15.810371,15.902481,15.847229,15.902481,15.994492,15.773499,15.939293,15.994492,16.049652,15.865646,16.123146,15.920883,16.031273,15.847229,16.104774,15.976097,16.123146,15.847229,15.976097,15.920883,16.031273,15.773499,16.104774,16.123146,16.104774,16.141510,16.233269,16.178230,16.343254,16.526253,16.343254,16.544525,16.708862,16.581078,16.635872,16.617607,16.690620,16.708862,16.982056,17.091087,16.982056,17.163704,17.018410,17.036591,17.127403,17.054764,17.181839,17.091087,17.181839,17.000237,17.000237,17.163704,17.254379,17.054764,17.163704,17.054764,17.218117,17.163704,17.127403,17.145554,17.453522,17.127403,17.272507,17.435440,17.308739,17.163704,17.507759,17.254379,17.272507,17.471611,17.435440,17.381157,17.435440,17.453522,17.399261,17.399261,17.453522,17.471611,17.507759,17.634163,17.453522,17.453522,17.706314,17.507759,17.598068,17.435440,17.688278,17.634163,17.724342,17.652206,17.760384,17.634163,17.796410,17.543900,17.543900,17.760384,17.670250,17.688278,17.796410,17.688278,17.760384,17.778404,17.778404,17.796410,17.868416,17.904396,17.922386,17.778404,17.796410,17.868416,18.155830,17.814415,17.976311,17.886406,17.994278,18.048164,17.976311,18.102013,18.119965,18.209602,18.030205,18.102013,18.173759,18.048164,18.119965,18.173759,18.209602,18.245445,18.299164,18.388626,18.245445,18.442253,18.227524,18.263351,18.245445,18.281258,18.317062,18.227524,18.191681,18.281258,18.424385,18.585091,18.388626,18.549400,18.442253,18.460121,18.513702,18.602928,18.513702,18.424385,18.549400,18.620766,18.513702,18.549400,18.406502,18.620766,18.692055,18.674240,18.638596,18.531555,18.745483,18.567253,18.674240,18.567253,18.531555,18.620766,18.709869,18.674240,18.781090,18.656418,18.781090,18.745483,18.870033,18.887802,18.745483,18.727684,18.745483,18.834473,18.745483,18.905579,18.852249,18.727684,18.763298,18.887802,18.887802,18.656418,18.709869,18.834473,18.994377,18.763298,18.923340,18.852249,18.905579,18.763298,18.941109,18.958870,18.852249,18.976631,18.763298,18.870033,19.012123,18.834473,18.852249,18.781090,18.870033,18.923340,19.065346,18.727684,18.941109,18.994377,18.994377,18.887802,19.012123,19.118538,19.171692,18.994377,18.887802,19.012123,19.118538,19.083084,19.065346,18.976631,18.905579,18.976631,19.065346,19.083084,19.136261,19.136261,19.153984,19.029869,19.242508,18.976631,19.295586,18.994377,19.260208,19.224815,18.994377,19.118538,19.100807,19.295586,18.798889,18.887802,19.065346,18.958870,19.012123,19.136261,19.136261,18.887802,19.118538,18.763298,19.065346,19.029869,18.958870,19.012123,19.047615,18.958870,18.887802,18.905579,19.029869,18.923340,18.994377,18.798889,18.887802,18.958870,18.798889,18.905579,18.798889,18.798889,18.852249,18.745483,18.887802,18.923340,18.692055,18.887802,18.745483,18.852249,18.638596,18.763298,18.852249,18.870033,18.727684,18.709869,18.745483,18.531555,18.745483,18.638596,18.656418,18.638596,18.870033,18.834473,18.727684,18.816673,18.816673,18.923340,18.816673,18.781090,18.781090,18.852249,18.781090,18.816673,18.656418,18.852249,18.709869,18.638596,18.585091,18.549400,18.763298,18.638596,18.692055,18.798889,18.852249,18.567253,18.709869,18.976631,18.923340,18.745483,18.994377,18.709869,18.905579,18.602928,18.834473,18.620766,18.781090,18.602928,18.923340,18.763298,18.870033,18.834473,19.012123,18.905579,18.958870,18.941109,18.958870,18.692055,18.887802,18.976631,19.136261,18.887802,19.118538,18.976631,18.923340,18.994377,19.012123,19.171692,18.905579,19.083084,19.047615,18.727684,19.065346,18.781090,18.976631,18.816673,18.976631,18.834473,18.905579,18.852249,18.816673,19.047615,18.763298,19.083084,18.816673,19.029869,19.118538,19.171692,19.118538,18.994377,19.207108,18.798889,19.012123,19.083084,18.834473,19.295586,18.923340,19.100807,18.994377,18.941109,19.083084,18.994377,19.100807,
16.196571,16.233269,16.233269,16.141510,16.159874,16.398201,16.123146,16.251610,16.562805,16.324928,16.233269,16.453102,16.526253,16.416496,16.708862,16.453102,16.581078,16.617607,16.562805,16.453102,16.708862,16.690620,16.708862,16.599342,16.562805,16.581078,16.690620,16.562805,16.708862,16.690620,16.507973,16.708862,16.635872,16.690620,16.544525,16.489677,16.581078,16.690620,16.708862,16.872887,16.544525,16.507973,16.416496,16.672379,16.398201,16.781799,16.617607,16.654121,16.708862,16.599342,16.526253,16.489677,16.617607,16.489677,16.324928,16.581078,16.471397,16.599342,16.526253,16.507973,16.526253,16.708862,16.507973,16.324928,16.544525,16.489677,16.526253,16.562805,16.562805,16.727104,16.526253,16.544525,16.690620,16.416496,16.708862,16.398201,16.453102,16.324928,16.379883,16.617607,16.178230,16.581078,16.288277,16.269951,16.471397,16.453102,16.434807,16.361572,16.178230,16.398201,16.343254,16.288277,16.251610,16.214928,16.507973,16.306610,16.306610,16.379883,16.012886,16.379883,16.214928,16.214928,16.031273,16.159874,16.068031,15.920883,16.159874,16.269951,16.141510,16.104774,16.012886,16.251610,16.049652,16.104774,15.994492,16.123146,16.196571,16.159874,16.196571,16.086403,16.214928,16.233269,16.196571,16.233269,16.068031,16.159874,16.196571,16.031273,16.012886,16.123146,16.086403,16.031273,16.104774,16.324928,16.178230,16.104774,16.104774,16.251610,16.049652,16.269951,16.159874,16.361572,16.214928,16.068031,16.141510,16.343254,16.361572,16.269951,16.324928,16.178230,16.324928,16.343254,16.214928,16.306610,16.214928,16.251610,16.233269,16.324928,16.233269,16.324928,16.361572,16.269951,16.159874,16.288277,16.214928,16.178230,15.920883,16.123146,16.251610,16.288277,16.159874,16.196571,16.214928,16.233269,16.288277,15.994492,15.994492,15.994492,15.976097,16.086403,15.994492,15.994492,16.049652,16.104774,15.939293,15.920883,15.902481,16.031273,15.847229,15.976097,15.939293,15.865646,16.049652,15.920883,15.939293,15.828796,15.810371,15.902481,16.031273,15.755058,15.662788,15.810371,16.123146,15.976097,15.884071,16.068031,15.976097,15.957695,15.773499,15.755058,15.773499,15.736610,15.791931,15.828796,15.902481,15.884071,15.884071,15.810371,15.736610,15.865646,15.810371,15.828796,15.755058,15.920883,15.939293,15.847229,15.755058,15.718163,15.662788,15.736610,15.791931,15.920883,15.828796,15.736610,15.644325,15.736610,15.570435,15.718163,15.828796,15.847229,15.976097,15.884071,15.644325,15.736610,15.736610,15.847229,15.773499,15.847229,15.773499,15.755058,15.865646,15.939293,15.828796,15.884071,15.884071,15.957695,15.902481,15.755058,16.104774,15.902481,15.810371,15.847229,15.865646,15.920883,15.939293,15.957695,15.773499,15.791931,15.920883,15.920883,15.791931,15.810371,15.994492,15.865646,15.994492,15.957695,15.884071,15.957695,15.810371,15.976097,15.920883,15.994492,16.049652,16.031273,16.012886,16.104774,16.141510,16.379883,16.031273,16.471397,16.269951,16.178230,16.361572,16.544525,16.398201,16.617607,16.818245,16.945679,16.854668,17.145554,16.927490,16.800026,17.018410,16.909286,16.909286,17.036591,17.018410,17.000237,17.091087,16.982056,17.127403,17.036591,17.072929,17.091087,17.272507,16.909286,17.091087,17.145554,17.254379,17.091087,17.181839,17.254379,17.145554,17.272507,17.344955,17.199982,17.199982,17.308739,17.181839,17.290627,17.145554,17.453522,17.326851,17.344955,17.344955,17.561958,17.525826,17.417351,17.326851,17.507759,17.381157,17.381157,17.344955,17.525826,17.344955,17.598068,17.489685,17.543900,17.489685,17.598068,17.489685,17.435440,17.525826,17.616119,17.760384,17.724342,17.652206,17.543900,17.706314,17.616119,17.886406,17.796410,17.742363,17.958336,17.616119,18.030205,17.796410,17.832420,17.940361,17.688278,17.904396,17.850410,17.832420,17.976311,17.868416,18.102013,18.048164,18.012245,17.868416,17.994278,18.155830,18.119965,18.102013,18.084076,18.137894,18.066116,18.137894,18.245445,18.227524,18.245445,18.137894,18.263351,18.317062,18.299164,18.442253,18.406502,18.370735,18.299164,18.370735,18.299164,18.477982,18.334953,18.352852,18.513702,18.406502,18.549400,18.513702,18.442253,18.388626,18.620766,18.370735,18.692055,18.424385,18.585091,18.585091,18.477982,18.674240,18.709869,18.513702,18.585091,18.674240,18.692055,18.656418,18.674240,18.638596,18.638596,18.674240,18.727684,18.870033,18.798889,18.727684,18.745483,18.656418,18.834473,18.887802,18.745483,18.709869,18.870033,18.692055,18.852249,18.763298,18.923340,18.638596,18.941109,18.870033,18.852249,18.887802,18.905579,18.816673,18.958870,19.171692,18.887802,18.816673,18.958870,19.012123,18.816673,19.029869,18.905579,18.923340,18.816673,19.029869,18.994377,18.781090,18.958870,18.923340,18.976631,18.781090,18.976631,18.941109,19.029869,19.136261,18.870033,19.047615,19.012123,19.047615,18.923340,18.905579,19.189407,19.065346,19.171692,18.798889,18.958870,18.923340,19.224815,19.083084,19.189407,18.923340,19.277893,19.171692,19.224815,19.083084,19.136261,19.047615,19.171692,18.887802,19.065346,19.100807,19.189407,19.065346,19.242508,18.994377,19.207108,19.153984,19.153984,19.029869,19.277893,19.118538,19.047615,19.029869,19.083084,19.012123,19.189407,19.047615,19.012123,19.136261,19.153984,19.454590,19.083084,18.905579,19.171692,19.100807,18.958870,19.029869,18.923340,19.083084,19.047615,18.870033,18.852249,19.153984,18.905579,18.870033,18.923340,19.047615,18.781090,18.709869,18.994377,18.781090,18.887802,18.852249,18.905579,18.727684,18.941109,18.727684,18.638596,18.958870,18.745483,18.941109,18.763298,18.852249,18.852249,18.781090,18.870033,18.763298,18.781090,18.709869,18.763298,18.798889,18.870033,18.798889,18.887802,18.887802,18.781090,18.656418,18.745483,18.941109,18.887802,18.958870,18.905579,18.923340,18.745483,18.870033,18.709869,18.834473,19.012123,18.834473,18.852249,18.852249,18.709869,18.852249,18.656418,18.941109,18.870033,18.887802,18.567253,18.923340,18.798889,18.976631,18.852249,18.905579,19.065346,18.852249,19.012123,18.941109,19.083084,18.709869,18.887802,18.798889,18.816673,19.047615,19.277893,19.277893,18.887802,18.958870,18.727684,18.994377,18.994377,18.798889,19.118538,19.047615,18.834473,18.870033,19.083084,18.923340,18.994377,19.065346,19.065346,18.941109,18.923340,19.029869,18.870033,18.994377,19.100807,18.816673,19.100807,18.905579,19.065346,18.994377,19.118538,18.994377,18.941109,19.242508,19.207108,19.242508,19.047615,19.100807,19.118538,19.171692,19.047615,19.153984,19.242508,
16.324928,15.902481,16.288277,16.031273,16.251610,16.086403,16.361572,16.269951,16.306610,16.526253,16.251610,16.361572,16.288277,16.507973,16.324928,16.251610,16.708862,16.526253,16.708862,16.599342,16.489677,16.635872,16.763573,16.727104,16.617607,16.690620,16.471397,16.836464,16.581078,16.654121,16.416496,16.599342,16.635872,16.599342,16.453102,16.745338,16.562805,16.800026,16.763573,16.526253,16.617607,16.544525,16.416496,16.672379,16.708862,16.489677,16.544525,16.581078,16.581078,16.690620,16.324928,16.471397,16.562805,16.324928,16.654121,16.416496,16.672379,16.562805,16.398201,16.654121,16.617607,16.708862,16.471397,16.544525,16.727104,16.672379,16.581078,16.617607,16.507973,16.416496,16.635872,16.343254,16.654121,16.544525,16.471397,16.453102,16.398201,16.544525,16.306610,16.562805,16.233269,16.214928,16.581078,16.123146,16.379883,16.489677,16.544525,16.343254,16.489677,16.562805,16.361572,16.453102,16.214928,16.306610,16.434807,16.306610,16.361572,16.306610,16.434807,16.288277,16.214928,16.196571,15.920883,16.233269,16.343254,16.251610,16.233269,16.343254,16.416496,16.214928,16.104774,16.214928,16.269951,16.159874,16.104774,16.269951,16.141510,16.178230,15.994492,16.031273,15.791931,16.141510,16.049652,16.104774,16.214928,16.031273,16.141510,16.214928,16.031273,16.269951,16.233269,16.141510,15.828796,16.049652,15.939293,16.049652,16.233269,15.957695,15.976097,15.957695,16.306610,16.196571,16.012886,16.214928,16.141510,16.178230,16.269951,16.379883,16.141510,16.214928,16.324928,16.141510,16.379883,16.306610,16.141510,16.379883,16.012886,16.251610,16.178230,16.269951,16.104774,16.086403,16.233269,16.141510,16.086403,16.031273,16.012886,16.178230,16.012886,15.976097,15.994492,16.141510,15.939293,16.141510,16.086403,16.269951,15.976097,15.976097,15.884071,15.847229,15.957695,15.791931,15.902481,15.902481,16.049652,15.957695,15.957695,15.884071,15.773499,15.902481,15.939293,15.902481,15.884071,15.957695,15.865646,15.884071,15.920883,15.994492,15.976097,15.847229,15.773499,15.681252,15.755058,15.865646,15.939293,15.957695,15.865646,15.718163,15.810371,15.607391,15.644325,15.681252,15.681252,15.791931,15.884071,15.810371,15.644325,15.662788,15.699715,15.791931,15.644325,15.681252,15.810371,15.681252,15.718163,15.755058,15.884071,15.662788,15.570435,15.607391,15.514977,15.736610,15.718163,15.791931,15.588913,15.736610,15.699715,15.773499,15.477974,15.755058,15.791931,15.662788,15.699715,15.755058,15.699715,15.865646,15.884071,15.718163,16.012886,15.902481,15.865646,15.718163,15.662788,15.976097,15.847229,15.810371,15.902481,15.865646,15.847229,15.736610,15.847229,15.920883,15.884071,15.884071,15.810371,15.828796,15.957695,16.012886,15.994492,15.847229,15.957695,15.920883,15.847229,15.939293,15.791931,15.939293,15.884071,16.086403,15.957695,15.884071,15.920883,16.123146,16.031273,15.939293,15.884071,16.123146,16.104774,15.976097,16.269951,16.104774,16.379883,16.233269,16.453102,16.562805,16.434807,16.544525,16.672379,16.781799,16.599342,16.763573,16.781799,16.800026,17.091087,16.982056,16.763573,16.891090,17.036591,17.072929,17.036591,17.072929,17.181839,16.963875,16.982056,17.018410,17.091087,17.072929,17.091087,17.072929,16.982056,17.054764,17.181839,17.218117,17.072929,17.145554,16.982056,17.018410,17.036591,17.236252,17.254379,17.272507,17.254379,17.054764,17.218117,17.254379,17.254379,17.254379,17.308739,17.326851,17.344955,17.435440,17.525826,17.453522,17.254379,17.453522,17.489685,17.417351,17.453522,17.399261,17.471611,17.561958,17.634163,17.489685,17.471611,17.453522,17.453522,17.724342,17.688278,17.543900,17.616119,17.634163,17.543900,17.868416,17.724342,17.724342,17.742363,17.616119,17.670250,17.778404,17.868416,17.832420,17.742363,17.976311,17.940361,18.084076,17.850410,17.976311,18.030205,17.940361,18.012245,18.155830,17.886406,18.317062,18.137894,18.173759,18.030205,18.066116,18.173759,18.317062,18.048164,18.155830,18.317062,18.299164,18.155830,18.191681,18.406502,18.191681,18.442253,18.334953,18.191681,18.245445,18.460121,18.299164,18.495850,18.299164,18.388626,18.549400,18.442253,18.585091,18.406502,18.495850,18.477982,18.334953,18.531555,18.567253,18.334953,18.549400,18.424385,18.531555,18.620766,18.709869,18.567253,18.567253,18.620766,18.763298,18.477982,18.388626,18.620766,18.798889,18.638596,18.763298,18.602928,18.798889,18.638596,18.727684,18.887802,18.674240,18.941109,18.638596,18.816673,18.763298,18.852249,18.745483,18.941109,18.763298,18.941109,18.870033,18.745483,18.816673,18.923340,18.727684,18.923340,18.941109,18.870033,19.118538,18.905579,18.941109,18.994377,18.852249,18.976631,18.816673,19.171692,18.941109,18.798889,18.887802,18.905579,18.887802,18.638596,18.958870,19.029869,18.976631,19.065346,18.941109,19.029869,19.012123,18.941109,19.065346,18.994377,19.242508,19.100807,19.012123,19.118538,18.923340,18.994377,19.260208,19.029869,19.118538,19.366287,19.118538,19.118538,19.153984,19.313263,19.047615,19.171692,19.348618,19.207108,19.224815,19.100807,19.118538,19.189407,19.224815,19.207108,19.136261,18.994377,19.153984,19.366287,19.118538,19.171692,19.260208,19.189407,18.941109,19.118538,18.994377,19.171692,19.118538,19.136261,19.260208,19.012123,19.153984,19.277893,19.029869,19.065346,19.136261,18.887802,19.260208,19.012123,19.065346,19.029869,19.207108,19.136261,19.100807,18.976631,18.923340,19.083084,18.870033,18.834473,18.905579,18.958870,18.887802,18.976631,18.994377,18.958870,18.905579,18.958870,19.118538,18.870033,18.923340,18.620766,18.870033,18.709869,18.941109,18.763298,18.727684,18.887802,18.923340,18.834473,18.798889,18.620766,18.958870,18.905579,18.816673,18.816673,18.905579,18.923340,19.012123,18.905579,18.870033,18.994377,18.923340,18.941109,18.887802,18.834473,18.852249,18.816673,18.763298,19.012123,18.905579,18.958870,18.798889,18.958870,18.727684,18.941109,19.189407,18.816673,18.905579,18.905579,18.870033,18.905579,18.958870,18.994377,19.012123,19.171692,19.065346,18.941109,18.923340,18.887802,19.171692,18.905579,18.905579,19.136261,19.153984,19.207108,19.207108,18.994377,19.136261,19.153984,19.153984,18.958870,19.295586,19.189407,19.118538,19.100807,18.941109,19.012123,18.994377,18.976631,19.118538,19.012123,18.976631,19.083084,19.083084,19.118538,18.923340,19.153984,19.065346,19.260208,19.330948,19.083084,19.100807,19.348618,19.083084,19.224815,19.100807,19.100807,18.923340,19.047615,19.419281,19.313263,19.171692,19.224815,19.242508,
16.068031,15.718163,15.994492,16.141510,16.269951,16.031273,16.141510,16.233269,15.994492,16.104774,16.214928,16.361572,16.617607,16.434807,16.269951,16.672379,16.581078,16.471397,16.507973,16.745338,16.599342,16.544525,16.562805,16.708862,16.471397,16.581078,16.617607,16.562805,16.818245,16.453102,16.489677,16.763573,16.581078,16.617607,16.617607,16.434807,16.562805,16.818245,16.708862,16.507973,16.727104,16.690620,16.416496,16.544525,16.434807,16.416496,16.343254,16.672379,16.635872,16.416496,16.379883,16.599342,16.453102,16.599342,16.434807,16.599342,16.453102,16.489677,16.453102,16.526253,16.306610,16.379883,16.507973,16.526253,16.526253,16.398201,16.507973,16.635872,16.544525,16.544525,16.654121,16.635872,16.891090,16.599342,16.617607,16.635872,16.233269,16.416496,16.324928,16.288277,16.343254,16.214928,16.434807,16.288277,16.214928,16.507973,16.196571,16.489677,16.214928,16.434807,16.251610,16.196571,16.398201,16.251610,16.178230,16.306610,16.141510,16.178230,16.324928,16.251610,16.178230,16.031273,16.012886,15.976097,16.104774,16.288277,16.012886,16.196571,16.086403,15.976097,16.178230,16.086403,16.086403,16.104774,16.196571,16.214928,16.049652,15.939293,16.049652,16.196571,16.068031,16.159874,16.159874,16.141510,16.123146,15.994492,16.343254,15.902481,16.012886,15.994492,16.141510,16.104774,16.214928,15.939293,15.994492,16.196571,16.012886,16.068031,16.123146,15.976097,16.288277,16.031273,16.233269,16.086403,16.104774,16.233269,16.049652,16.196571,16.269951,16.159874,16.214928,15.994492,16.049652,16.141510,16.068031,16.159874,16.086403,16.086403,16.141510,16.104774,16.031273,16.214928,16.141510,16.104774,15.884071,16.123146,16.141510,15.939293,15.920883,15.920883,16.123146,15.847229,15.994492,16.049652,15.810371,16.031273,15.828796,16.068031,15.884071,15.810371,15.976097,15.865646,15.736610,15.902481,15.884071,15.847229,15.939293,15.847229,15.828796,15.607391,15.828796,15.791931,15.736610,15.957695,15.847229,15.920883,15.920883,15.902481,15.939293,15.791931,15.736610,15.718163,15.791931,15.884071,15.957695,15.828796,15.699715,15.736610,15.570435,15.496475,15.588913,15.662788,15.681252,15.681252,15.681252,15.718163,15.625862,15.588913,15.699715,15.828796,15.828796,15.828796,15.644325,15.718163,15.644325,15.662788,15.718163,15.551949,15.681252,15.847229,15.533455,15.681252,15.755058,15.699715,15.736610,15.607391,15.755058,15.588913,15.755058,15.607391,15.699715,15.736610,15.828796,15.699715,15.718163,15.736610,15.736610,15.588913,15.514977,15.773499,15.736610,15.718163,15.718163,15.681252,15.791931,15.681252,15.902481,15.810371,15.847229,15.902481,15.994492,15.773499,15.681252,15.902481,15.736610,15.736610,15.699715,15.847229,15.755058,15.920883,15.699715,15.736610,15.902481,15.957695,15.865646,15.828796,15.810371,15.847229,15.920883,15.976097,15.957695,15.791931,15.810371,15.976097,15.957695,16.104774,15.920883,16.233269,16.049652,16.233269,16.361572,16.324928,16.489677,16.581078,16.416496,16.453102,16.526253,16.654121,16.836464,16.745338,16.763573,16.836464,16.872887,16.909286,16.763573,16.800026,17.054764,16.982056,16.927490,16.818245,16.982056,17.000237,16.872887,16.945679,17.018410,16.963875,16.927490,17.000237,16.891090,17.018410,16.945679,17.036591,17.072929,17.091087,17.072929,17.000237,17.091087,16.945679,17.218117,17.072929,17.072929,17.326851,17.199982,17.218117,17.236252,17.290627,17.163704,17.236252,17.417351,17.344955,17.363060,17.399261,17.417351,17.471611,17.254379,17.399261,17.453522,17.580009,17.399261,17.561958,17.598068,17.561958,17.580009,17.543900,17.598068,17.489685,17.561958,17.634163,17.760384,17.507759,17.543900,17.616119,17.489685,17.742363,17.634163,17.868416,17.580009,17.796410,17.778404,17.850410,17.814415,17.760384,17.886406,18.030205,17.796410,17.868416,17.760384,18.048164,17.904396,18.084076,17.994278,18.191681,18.066116,18.155830,18.012245,18.119965,18.119965,18.263351,18.281258,18.263351,18.102013,18.317062,18.227524,18.388626,18.030205,18.119965,18.477982,18.388626,18.299164,18.406502,18.281258,18.299164,18.334953,18.334953,18.585091,18.281258,18.477982,18.370735,18.406502,18.460121,18.370735,18.442253,18.513702,18.567253,18.424385,18.638596,18.299164,18.531555,18.763298,18.334953,18.460121,18.442253,18.656418,18.656418,18.424385,18.513702,18.602928,18.709869,18.638596,18.727684,18.585091,18.745483,18.727684,18.620766,18.727684,18.709869,18.727684,18.798889,18.585091,18.834473,18.798889,18.585091,18.781090,18.798889,18.887802,18.941109,18.923340,18.834473,18.727684,18.816673,18.834473,19.118538,18.816673,18.798889,19.118538,18.887802,18.923340,18.994377,18.763298,18.870033,19.136261,18.692055,18.887802,18.976631,19.029869,19.153984,18.887802,18.994377,18.763298,18.976631,18.923340,18.870033,19.029869,19.065346,19.136261,19.065346,18.887802,18.941109,19.029869,19.065346,18.976631,19.136261,19.260208,19.189407,19.189407,19.153984,19.047615,19.330948,18.958870,19.153984,19.136261,19.136261,19.065346,19.207108,19.313263,19.189407,19.207108,19.153984,19.065346,19.295586,19.313263,19.295586,19.171692,19.189407,19.047615,19.260208,19.348618,19.189407,19.100807,19.189407,19.171692,19.136261,19.029869,19.171692,19.153984,19.047615,19.047615,19.295586,18.994377,19.436943,19.189407,19.260208,18.905579,19.118538,19.153984,19.295586,19.153984,18.994377,19.047615,19.012123,18.870033,19.083084,18.994377,19.224815,18.923340,19.029869,18.941109,19.100807,18.923340,19.153984,18.834473,18.994377,19.100807,19.029869,18.905579,19.065346,18.763298,19.029869,18.905579,18.923340,18.798889,19.065346,19.083084,18.958870,18.905579,18.976631,19.029869,18.923340,19.224815,19.136261,19.083084,18.781090,19.171692,18.798889,18.958870,18.958870,19.083084,18.763298,19.207108,19.118538,19.100807,19.047615,19.100807,18.976631,19.171692,18.923340,19.118538,18.834473,18.763298,19.029869,19.153984,19.029869,18.656418,18.905579,19.136261,19.083084,19.118538,19.100807,19.100807,18.941109,18.923340,19.083084,19.277893,19.118538,19.047615,19.207108,19.029869,19.100807,19.118538,19.083084,19.313263,19.260208,19.029869,19.295586,19.207108,19.153984,19.330948,19.242508,19.260208,19.366287,19.242508,18.994377,19.348618,19.029869,19.260208,19.029869,19.047615,19.047615,19.029869,19.366287,19.189407,19.136261,19.242508,19.029869,19.118538,19.189407,19.136261,19.207108,19.171692,19.083084,19.207108,18.994377,18.976631,19.171692,19.383957,19.153984,19.136261,19.277893,19.330948,19.348618,
16.086403,16.123146,15.994492,16.178230,16.049652,16.233269,16.361572,16.269951,16.324928,16.343254,16.141510,16.544525,16.471397,16.343254,16.471397,16.507973,16.672379,16.398201,16.398201,16.763573,16.617607,16.617607,16.416496,16.708862,16.690620,16.781799,16.562805,16.581078,16.763573,16.672379,16.526253,16.599342,16.544525,16.781799,16.690620,16.599342,16.581078,16.672379,16.690620,16.690620,16.654121,16.654121,16.617607,16.617607,16.471397,16.599342,16.324928,16.581078,16.324928,16.324928,16.233269,16.581078,16.434807,16.526253,16.471397,16.654121,16.489677,16.599342,16.526253,16.635872,16.453102,16.672379,16.562805,16.727104,16.727104,16.708862,16.544525,16.562805,16.544525,16.544525,16.654121,16.416496,16.453102,16.599342,16.507973,16.599342,16.379883,16.507973,16.471397,16.526253,16.361572,16.471397,16.489677,16.471397,16.471397,16.489677,16.398201,16.526253,16.453102,16.489677,16.343254,16.178230,16.324928,16.343254,16.306610,16.251610,16.361572,16.214928,16.141510,15.884071,16.251610,16.068031,16.031273,16.068031,16.012886,16.398201,16.012886,16.104774,16.086403,15.957695,16.178230,16.049652,16.196571,16.049652,16.141510,16.049652,16.104774,16.012886,15.957695,15.884071,15.957695,16.031273,15.939293,16.012886,16.012886,16.159874,15.994492,16.049652,16.012886,15.902481,15.994492,16.049652,15.884071,16.049652,15.994492,16.288277,15.902481,16.086403,16.049652,16.196571,16.104774,16.159874,15.976097,16.068031,16.288277,16.141510,15.994492,16.031273,16.178230,16.049652,16.343254,16.159874,16.123146,16.159874,16.159874,16.086403,16.288277,16.104774,16.012886,15.994492,15.994492,16.049652,15.994492,16.049652,16.123146,15.939293,15.976097,16.012886,16.031273,16.031273,15.884071,15.828796,15.994492,15.920883,15.718163,16.049652,15.902481,15.865646,15.755058,15.920883,15.828796,15.939293,15.699715,15.791931,15.939293,15.920883,15.847229,15.791931,15.828796,15.791931,15.718163,15.884071,15.773499,15.791931,15.847229,15.810371,15.736610,15.902481,15.865646,15.699715,15.736610,15.791931,15.662788,15.662788,15.607391,15.810371,15.699715,15.755058,15.570435,15.718163,15.791931,15.699715,15.459480,15.681252,15.607391,15.681252,15.755058,15.588913,15.588913,15.755058,15.644325,15.736610,15.533455,15.644325,15.607391,15.459480,15.736610,15.791931,15.514977,15.570435,15.810371,15.755058,15.625862,15.588913,15.533455,15.718163,15.662788,15.644325,15.736610,15.533455,15.607391,15.514977,15.514977,15.810371,15.607391,15.533455,15.736610,15.699715,15.607391,15.644325,15.718163,15.773499,15.551949,15.699715,15.828796,15.810371,15.699715,15.533455,15.828796,15.865646,15.625862,15.828796,15.588913,15.810371,15.625862,15.773499,15.847229,15.810371,15.791931,15.644325,15.699715,15.847229,15.939293,15.773499,15.773499,15.791931,15.699715,15.810371,15.828796,15.976097,15.994492,15.920883,15.957695,15.847229,15.902481,15.976097,16.012886,16.178230,16.104774,16.379883,16.507973,16.196571,16.104774,16.434807,16.544525,16.599342,16.544525,16.654121,16.763573,16.800026,16.945679,16.927490,16.854668,16.854668,16.854668,16.818245,16.872887,16.708862,16.836464,16.909286,16.963875,17.109245,16.818245,16.763573,16.963875,16.945679,17.018410,16.818245,16.818245,16.982056,16.800026,16.909286,17.018410,17.018410,17.091087,16.945679,16.927490,17.091087,16.945679,17.109245,17.072929,17.127403,17.109245,17.218117,16.854668,17.344955,17.091087,17.290627,17.435440,17.308739,17.363060,17.399261,17.199982,17.363060,17.218117,17.272507,17.290627,17.290627,17.381157,17.399261,17.580009,17.561958,17.471611,17.561958,17.561958,17.453522,17.435440,17.543900,17.453522,17.399261,17.417351,17.453522,17.525826,17.634163,17.580009,17.543900,17.634163,17.543900,17.850410,17.670250,17.616119,17.742363,17.832420,17.832420,17.796410,17.868416,17.706314,18.030205,17.832420,17.778404,17.796410,17.832420,17.922386,17.868416,17.940361,18.048164,18.048164,18.263351,17.922386,18.227524,18.191681,18.227524,18.102013,18.424385,18.155830,18.299164,18.281258,18.119965,18.263351,18.209602,18.155830,18.245445,18.334953,18.173759,18.227524,18.424385,18.352852,18.281258,18.388626,18.531555,18.334953,18.602928,18.495850,18.460121,18.317062,18.477982,18.406502,18.406502,18.442253,18.388626,18.531555,18.585091,18.585091,18.406502,18.620766,18.531555,18.495850,18.567253,18.620766,18.585091,18.585091,18.656418,18.495850,18.692055,18.674240,18.852249,18.745483,18.709869,18.709869,18.692055,18.781090,18.674240,18.745483,18.870033,18.870033,18.923340,18.870033,18.745483,18.727684,18.905579,18.567253,18.816673,18.745483,18.870033,18.941109,18.816673,18.781090,19.047615,18.798889,18.976631,18.692055,18.852249,18.834473,18.887802,18.852249,19.047615,18.958870,19.029869,18.958870,18.994377,18.958870,18.994377,18.923340,19.100807,18.905579,19.118538,19.047615,19.029869,19.047615,18.994377,18.976631,19.100807,19.065346,19.029869,19.136261,19.100807,19.136261,19.260208,19.171692,19.083084,19.207108,19.330948,18.941109,19.189407,19.207108,19.153984,19.207108,19.118538,19.100807,19.189407,19.153984,19.295586,19.012123,19.207108,19.366287,19.295586,19.207108,19.100807,18.958870,19.242508,19.242508,19.189407,19.171692,19.330948,19.153984,18.994377,19.171692,19.242508,19.330948,19.189407,19.118538,19.277893,19.153984,19.153984,19.207108,19.207108,19.083084,19.118538,19.153984,19.207108,19.171692,19.100807,19.029869,19.260208,19.136261,19.029869,18.994377,18.994377,19.118538,18.994377,18.781090,19.083084,19.047615,19.100807,19.224815,18.887802,18.923340,18.816673,19.029869,18.941109,18.905579,18.923340,19.171692,19.083084,18.870033,18.958870,19.100807,18.781090,19.118538,18.994377,19.083084,18.994377,18.958870,19.171692,19.065346,19.100807,19.100807,19.047615,19.136261,18.976631,18.976631,18.941109,19.083084,19.065346,19.012123,18.905579,19.224815,19.029869,18.994377,19.153984,19.153984,19.100807,19.295586,19.207108,18.994377,19.029869,19.171692,19.171692,19.029869,18.994377,19.118538,19.136261,19.153984,19.419281,19.065346,19.366287,19.136261,19.083084,19.260208,18.976631,19.295586,19.419281,19.118538,19.224815,19.136261,19.277893,19.313263,19.313263,19.277893,19.224815,19.366287,19.207108,19.401619,19.295586,19.595665,19.277893,19.277893,19.295586,19.348618,19.277893,19.260208,19.118538,19.295586,19.189407,19.348618,19.189407,19.118538,19.348618,19.330948,19.401619,19.153984,19.401619,19.260208,19.136261,19.207108,19.401619,19.224815,19.489883,19.383957,19.489883,
16.141510,16.031273,16.012886,16.214928,16.141510,16.141510,16.104774,16.324928,16.214928,16.233269,16.361572,16.251610,16.434807,16.306610,16.269951,16.635872,16.379883,16.654121,16.379883,16.599342,16.727104,16.672379,16.654121,16.453102,16.581078,16.690620,16.617607,16.526253,16.617607,16.672379,16.708862,16.562805,16.635872,16.599342,16.727104,16.416496,16.599342,16.379883,16.599342,16.544525,16.617607,16.453102,16.581078,16.507973,16.471397,16.416496,16.398201,16.599342,16.398201,16.654121,16.562805,16.123146,16.453102,16.526253,16.379883,16.526253,16.562805,16.507973,16.453102,16.471397,16.361572,16.672379,16.507973,16.544525,16.672379,16.635872,16.453102,16.599342,16.526253,16.471397,16.489677,16.544525,16.471397,16.581078,16.562805,16.507973,16.544525,16.306610,16.489677,16.690620,16.581078,16.818245,16.507973,16.306610,16.434807,16.398201,16.324928,16.288277,16.434807,16.343254,16.233269,16.361572,16.031273,16.196571,16.416496,16.214928,15.976097,16.196571,16.233269,15.994492,16.031273,16.178230,16.214928,16.141510,15.994492,16.123146,16.104774,16.306610,15.976097,16.196571,16.012886,16.214928,16.068031,16.214928,15.920883,16.049652,16.123146,16.086403,16.086403,15.957695,16.159874,16.141510,15.810371,15.920883,15.939293,16.068031,16.178230,16.086403,15.902481,16.031273,15.810371,15.957695,15.939293,15.957695,16.049652,16.049652,15.939293,16.104774,15.976097,16.104774,16.012886,16.086403,16.068031,16.086403,16.104774,16.251610,16.049652,15.902481,16.049652,16.306610,16.196571,15.994492,16.104774,16.049652,16.178230,15.957695,15.994492,16.141510,16.104774,15.994492,16.086403,16.104774,15.976097,15.902481,16.068031,15.884071,15.976097,16.031273,16.104774,15.976097,16.031273,15.976097,15.791931,16.012886,15.810371,16.086403,15.884071,15.791931,15.791931,15.681252,15.681252,15.791931,15.755058,15.773499,15.644325,15.810371,15.773499,15.773499,15.755058,15.755058,15.662788,15.810371,15.755058,15.810371,15.755058,15.736610,15.588913,15.791931,15.699715,15.957695,15.699715,15.773499,15.791931,15.607391,15.570435,15.828796,15.533455,15.625862,15.477974,15.477974,15.625862,15.459480,15.570435,15.496475,15.403938,15.570435,15.588913,15.625862,15.496475,15.625862,15.422462,15.755058,15.773499,15.570435,15.477974,15.570435,15.791931,15.551949,15.644325,15.773499,15.736610,15.718163,15.607391,15.477974,15.533455,15.644325,15.644325,15.588913,15.496475,15.607391,15.496475,15.551949,15.662788,15.533455,15.607391,15.570435,15.459480,15.773499,15.514977,15.699715,15.533455,15.477974,15.588913,15.791931,15.736610,15.607391,15.662788,15.681252,15.570435,15.773499,15.662788,15.588913,15.755058,15.551949,15.662788,15.588913,15.588913,15.810371,15.755058,15.939293,15.570435,15.957695,15.699715,15.828796,15.662788,15.773499,15.699715,15.773499,15.681252,15.791931,15.865646,15.828796,15.699715,15.828796,15.884071,15.902481,16.012886,15.902481,16.031273,15.994492,16.141510,16.288277,16.398201,16.269951,16.178230,16.379883,16.489677,16.617607,16.617607,16.617607,16.489677,16.708862,16.672379,16.763573,16.781799,16.635872,16.617607,16.781799,16.781799,16.927490,16.818245,16.891090,16.854668,16.745338,16.854668,16.672379,16.745338,16.836464,16.781799,16.909286,16.909286,16.927490,16.891090,16.836464,16.854668,16.781799,16.872887,16.854668,16.836464,16.945679,16.945679,16.891090,16.909286,17.054764,16.927490,17.127403,16.963875,17.018410,17.326851,17.054764,17.036591,17.109245,17.290627,17.326851,16.982056,17.218117,17.236252,17.236252,17.181839,17.363060,17.163704,17.471611,17.363060,17.363060,17.435440,17.308739,17.543900,17.254379,17.471611,17.399261,17.399261,17.525826,17.381157,17.561958,17.363060,17.543900,17.417351,17.489685,17.580009,17.616119,17.634163,17.616119,17.616119,17.670250,17.525826,17.724342,17.670250,17.922386,17.778404,17.778404,17.706314,17.742363,17.850410,17.958336,18.066116,17.832420,18.084076,18.102013,17.940361,18.030205,18.137894,17.904396,17.940361,18.066116,18.102013,18.155830,18.102013,18.299164,18.137894,18.281258,18.030205,18.191681,18.191681,18.102013,18.155830,18.245445,18.388626,18.334953,18.334953,18.173759,18.317062,18.424385,18.209602,18.460121,18.388626,18.442253,18.406502,18.352852,18.602928,18.388626,18.460121,18.674240,18.585091,18.620766,18.317062,18.370735,18.477982,18.406502,18.602928,18.549400,18.513702,18.567253,18.602928,18.816673,18.620766,18.674240,18.692055,18.531555,18.692055,18.852249,18.709869,18.781090,18.834473,18.763298,18.727684,18.887802,18.834473,18.709869,18.745483,18.692055,18.674240,18.923340,18.816673,18.834473,18.852249,18.781090,18.727684,18.887802,18.745483,18.852249,18.852249,18.941109,18.816673,19.047615,18.781090,19.065346,18.976631,18.976631,18.905579,18.745483,18.852249,19.012123,18.994377,18.958870,18.976631,18.923340,18.816673,19.065346,19.047615,19.012123,19.065346,19.012123,19.100807,19.171692,19.012123,19.136261,19.260208,18.870033,19.083084,19.012123,19.136261,19.189407,19.171692,19.171692,19.224815,19.348618,19.330948,19.224815,19.153984,19.065346,19.295586,19.029869,19.260208,19.348618,19.047615,19.277893,19.153984,19.207108,19.277893,19.313263,19.136261,19.260208,19.366287,19.242508,19.207108,19.118538,19.277893,19.260208,19.242508,19.207108,19.207108,19.207108,19.313263,19.171692,19.189407,19.419281,19.171692,19.189407,19.118538,19.189407,19.330948,19.330948,19.136261,19.118538,19.260208,19.189407,19.029869,19.171692,19.118538,18.976631,18.976631,18.941109,19.065346,19.118538,19.224815,19.118538,18.976631,19.100807,19.083084,19.207108,18.923340,19.207108,19.029869,19.153984,19.171692,19.207108,19.083084,19.029869,19.029869,19.083084,19.136261,18.976631,19.100807,19.189407,18.941109,19.100807,18.781090,19.171692,19.171692,18.976631,19.153984,19.207108,19.153984,19.136261,19.153984,19.189407,19.207108,19.118538,19.171692,19.153984,19.242508,19.136261,19.171692,19.207108,18.994377,19.136261,19.260208,19.454590,19.189407,19.189407,19.330948,19.366287,19.366287,19.171692,19.454590,19.136261,19.083084,19.436943,19.207108,19.295586,19.295586,19.242508,19.348618,19.383957,19.525154,19.348618,19.136261,19.489883,19.171692,19.313263,19.224815,19.489883,19.277893,19.153984,19.171692,19.260208,19.189407,19.224815,19.313263,19.224815,19.330948,19.454590,19.472237,19.224815,19.242508,19.419281,19.118538,19.242508,19.295586,19.401619,19.313263,19.560417,19.419281,19.436943,19.630898,19.348618,19.472237,19.401619,19.560417,19.736496,
16.159874,15.957695,15.957695,16.123146,16.104774,16.123146,16.214928,16.123146,16.123146,16.104774,16.251610,16.654121,16.507973,16.324928,16.251610,16.416496,16.635872,16.781799,16.379883,16.398201,16.434807,16.690620,16.562805,16.781799,16.581078,16.690620,16.581078,16.690620,16.434807,16.763573,16.562805,16.690620,16.745338,16.727104,16.763573,16.635872,16.453102,16.708862,16.526253,16.672379,16.489677,16.672379,16.361572,16.854668,16.544525,16.581078,16.507973,16.507973,16.324928,16.617607,16.141510,16.398201,16.398201,16.690620,16.526253,16.379883,16.562805,16.745338,16.416496,16.507973,16.434807,16.672379,16.343254,16.617607,16.599342,16.581078,16.763573,16.398201,16.635872,16.763573,16.416496,16.489677,16.453102,16.434807,16.379883,16.343254,16.306610,16.672379,16.690620,16.288277,16.251610,16.306610,16.453102,16.343254,16.288277,16.123146,16.306610,16.416496,16.178230,16.233269,16.104774,16.233269,16.196571,16.196571,16.123146,16.324928,16.031273,16.306610,15.957695,16.159874,16.031273,16.049652,16.159874,15.920883,15.994492,16.159874,15.957695,16.141510,16.159874,15.865646,16.141510,16.049652,15.920883,15.976097,16.049652,16.049652,16.012886,16.049652,16.012886,16.178230,16.012886,16.306610,16.031273,16.233269,15.902481,16.031273,16.031273,16.178230,15.920883,16.178230,16.306610,16.068031,16.068031,15.884071,16.031273,16.086403,15.810371,15.884071,15.957695,16.104774,16.068031,15.902481,16.086403,15.939293,16.031273,15.920883,15.994492,16.068031,15.957695,16.104774,15.957695,16.159874,16.086403,16.141510,16.141510,16.068031,16.159874,15.976097,16.086403,16.159874,15.976097,16.012886,15.994492,16.104774,16.104774,16.104774,15.865646,16.123146,15.884071,15.865646,16.049652,16.012886,15.976097,15.902481,15.828796,15.736610,15.791931,15.939293,15.736610,15.662788,15.810371,15.920883,15.644325,15.718163,15.533455,15.718163,15.773499,15.755058,15.681252,15.736610,15.588913,15.699715,15.662788,15.791931,15.681252,15.736610,15.681252,15.681252,15.533455,15.791931,15.607391,15.699715,15.791931,15.644325,15.718163,15.847229,15.496475,15.736610,15.625862,15.496475,15.477974,15.644325,15.496475,15.496475,15.274223,15.551949,15.644325,15.662788,15.570435,15.403938,15.533455,15.551949,15.459480,15.422462,15.625862,15.570435,15.496475,15.570435,15.459480,15.551949,15.496475,15.718163,15.459480,15.440964,15.533455,15.348373,15.644325,15.681252,15.644325,15.625862,15.440964,15.514977,15.625862,15.588913,15.496475,15.681252,15.607391,15.514977,15.625862,15.644325,15.681252,15.588913,15.588913,15.718163,15.607391,15.570435,15.644325,15.865646,15.699715,15.551949,15.810371,15.791931,15.718163,15.533455,15.681252,15.662788,15.625862,15.791931,15.588913,15.736610,15.736610,15.736610,15.828796,15.902481,15.699715,15.736610,15.810371,15.570435,15.699715,15.847229,15.828796,15.884071,15.884071,16.012886,15.865646,15.810371,15.976097,15.957695,16.049652,16.104774,16.012886,16.123146,16.178230,16.416496,16.269951,16.489677,16.453102,16.453102,16.617607,16.562805,16.581078,16.654121,16.635872,16.781799,16.635872,16.708862,16.562805,16.836464,16.672379,16.872887,16.635872,16.654121,16.581078,16.781799,16.654121,16.800026,16.836464,16.763573,16.708862,16.708862,16.745338,16.872887,16.982056,16.800026,16.654121,16.708862,16.745338,16.836464,16.781799,16.927490,16.745338,16.781799,17.036591,16.818245,16.763573,16.800026,16.963875,16.891090,16.963875,17.018410,16.982056,17.018410,17.072929,16.945679,16.945679,17.072929,17.163704,17.018410,17.163704,17.326851,17.127403,17.218117,17.308739,17.417351,17.308739,17.453522,17.181839,17.435440,17.435440,17.308739,17.363060,17.435440,17.290627,17.363060,17.525826,17.453522,17.453522,17.363060,17.417351,17.435440,17.435440,17.616119,17.507759,17.598068,17.598068,17.489685,17.706314,17.561958,17.688278,17.832420,17.724342,17.760384,17.688278,17.868416,17.706314,17.850410,18.030205,17.904396,17.778404,17.778404,18.066116,18.030205,17.832420,18.137894,18.137894,18.155830,18.012245,18.191681,18.299164,18.173759,18.030205,18.084076,18.119965,18.191681,18.119965,18.102013,18.227524,18.137894,18.352852,18.209602,18.155830,18.191681,18.281258,18.299164,18.602928,18.209602,18.388626,18.424385,18.084076,18.281258,18.263351,18.281258,18.299164,18.388626,18.245445,18.424385,18.585091,18.513702,18.370735,18.442253,18.370735,18.531555,18.531555,18.477982,18.638596,18.567253,18.460121,18.460121,18.585091,18.388626,18.709869,18.638596,18.567253,18.798889,18.549400,18.602928,18.727684,18.674240,18.638596,18.727684,18.620766,18.816673,18.745483,18.763298,18.638596,18.745483,18.870033,18.745483,18.513702,18.781090,18.852249,18.656418,18.887802,18.798889,18.834473,19.029869,18.870033,18.923340,18.781090,18.727684,18.976631,18.958870,18.905579,18.923340,18.852249,19.083084,18.994377,19.047615,18.941109,18.887802,18.887802,19.100807,19.189407,19.100807,19.047615,19.224815,19.047615,19.100807,19.029869,19.118538,19.047615,19.171692,19.260208,19.242508,19.207108,19.118538,19.083084,19.366287,19.277893,19.295586,19.207108,19.207108,19.171692,19.136261,19.242508,19.224815,19.153984,19.153984,19.136261,19.065346,19.330948,19.207108,19.260208,19.047615,19.136261,19.171692,19.330948,19.224815,19.207108,19.153984,19.171692,19.260208,19.029869,19.100807,19.118538,19.189407,19.171692,19.277893,19.242508,19.242508,19.083084,19.242508,19.118538,19.029869,19.065346,19.207108,19.065346,19.029869,19.313263,19.224815,19.029869,19.065346,19.153984,19.047615,19.065346,19.029869,19.047615,19.153984,19.171692,19.242508,18.870033,19.295586,19.277893,18.923340,19.153984,19.083084,19.277893,19.083084,19.100807,19.136261,18.905579,19.118538,19.136261,18.887802,19.029869,19.100807,19.171692,19.189407,19.153984,19.153984,19.083084,19.118538,19.348618,19.224815,19.083084,19.189407,19.136261,19.401619,19.242508,19.313263,19.277893,19.136261,19.207108,19.419281,19.189407,19.189407,19.260208,19.277893,19.189407,19.295586,19.330948,19.313263,19.348618,19.348618,19.436943,19.630898,19.260208,19.348618,19.295586,19.189407,19.224815,19.489883,19.489883,19.348618,19.436943,19.224815,19.436943,19.595665,19.295586,19.383957,19.242508,19.295586,19.366287,19.295586,19.207108,19.419281,19.330948,19.366287,19.419281,19.595665,19.489883,19.366287,19.348618,19.366287,19.295586,19.242508,19.366287,19.542793,19.207108,19.525154,19.383957,19.295586,19.525154,19.472237,19.560417,19.472237,19.419281,19.454590,19.613289,19.578049,
16.159874,16.233269,16.141510,15.920883,15.976097,15.884071,15.810371,16.196571,16.123146,16.214928,16.214928,16.288277,16.324928,16.343254,16.324928,16.471397,16.416496,16.581078,16.434807,16.617607,16.507973,16.434807,16.654121,16.562805,16.635872,16.544525,16.471397,16.745338,16.690620,16.654121,16.672379,16.526253,16.818245,16.507973,16.507973,16.708862,16.599342,16.581078,16.745338,16.635872,16.507973,16.635872,16.526253,16.836464,16.361572,16.781799,16.489677,16.617607,16.654121,16.544525,16.398201,16.379883,16.361572,16.672379,16.471397,16.672379,16.361572,16.471397,16.617607,16.617607,16.489677,16.599342,16.489677,16.544525,16.507973,16.745338,16.526253,16.489677,16.562805,16.544525,16.544525,16.324928,16.562805,16.599342,16.507973,16.489677,16.453102,16.416496,16.343254,16.471397,16.306610,16.471397,16.269951,16.453102,16.159874,16.343254,16.379883,16.269951,16.343254,16.306610,16.196571,16.233269,16.251610,16.434807,16.068031,16.068031,16.453102,16.141510,16.104774,16.159874,16.233269,15.884071,16.031273,15.939293,15.865646,15.939293,15.884071,16.031273,16.012886,16.086403,16.141510,16.104774,15.994492,16.104774,15.847229,16.104774,16.012886,16.012886,16.031273,16.104774,15.994492,16.068031,15.957695,16.104774,16.049652,16.123146,16.012886,16.141510,15.607391,16.031273,16.031273,16.123146,15.957695,16.031273,16.159874,15.920883,15.920883,15.994492,15.939293,16.086403,15.957695,16.159874,16.453102,15.976097,16.068031,16.104774,16.049652,16.178230,15.994492,16.068031,16.031273,16.123146,16.214928,16.379883,15.939293,16.123146,15.994492,16.068031,15.920883,15.994492,15.920883,16.049652,15.939293,16.068031,15.828796,15.976097,15.773499,15.884071,15.773499,15.865646,15.755058,15.791931,15.810371,15.681252,15.810371,15.755058,15.607391,15.847229,15.607391,15.755058,15.681252,15.681252,15.681252,15.699715,15.607391,15.810371,15.625862,15.570435,15.810371,15.588913,15.644325,15.607391,15.718163,15.607391,15.662788,15.681252,15.755058,15.533455,15.588913,15.644325,15.533455,15.570435,15.551949,15.588913,15.551949,15.681252,15.514977,15.662788,15.459480,15.551949,15.477974,15.422462,15.514977,15.477974,15.440964,15.551949,15.496475,15.810371,15.329842,15.385422,15.533455,15.496475,15.477974,15.477974,15.551949,15.551949,15.496475,15.422462,15.662788,15.385422,15.625862,15.459480,15.514977,15.607391,15.681252,15.477974,15.459480,15.440964,15.477974,15.533455,15.348373,15.588913,15.699715,15.385422,15.496475,15.496475,15.459480,15.533455,15.459480,15.496475,15.366905,15.422462,15.422462,15.533455,15.533455,15.625862,15.736610,15.551949,15.551949,15.607391,15.403938,15.588913,15.496475,15.551949,15.533455,15.607391,15.699715,15.791931,15.570435,15.662788,15.588913,15.644325,15.625862,15.828796,15.791931,15.847229,15.884071,15.736610,15.791931,15.551949,15.828796,15.791931,15.773499,15.828796,15.718163,15.920883,15.865646,15.920883,15.791931,15.920883,16.031273,16.178230,16.049652,16.196571,16.269951,16.434807,16.416496,16.526253,16.379883,16.398201,16.544525,16.581078,16.599342,16.635872,16.526253,16.763573,16.398201,16.599342,16.727104,16.544525,16.526253,16.544525,16.727104,16.800026,16.763573,16.635872,16.581078,16.581078,16.471397,16.654121,16.708862,16.763573,16.836464,16.800026,16.617607,16.690620,16.745338,16.654121,16.781799,16.727104,16.708862,16.800026,16.800026,16.836464,16.927490,16.818245,16.727104,16.872887,16.945679,16.982056,16.781799,16.836464,16.945679,16.945679,17.036591,17.000237,17.072929,17.036591,17.000237,17.218117,17.181839,17.127403,16.909286,17.127403,17.145554,17.308739,17.109245,17.272507,17.127403,17.236252,17.163704,17.272507,17.236252,17.417351,17.127403,17.453522,17.254379,17.326851,17.199982,17.417351,17.435440,17.435440,17.435440,17.561958,17.326851,17.616119,17.543900,17.634163,17.598068,17.435440,17.417351,17.652206,17.814415,17.616119,17.543900,17.760384,17.634163,17.958336,17.652206,17.760384,17.850410,17.886406,17.832420,17.850410,17.958336,17.886406,17.814415,17.904396,17.940361,18.012245,17.958336,18.155830,17.886406,18.066116,18.137894,18.084076,18.119965,18.299164,18.066116,18.173759,17.940361,18.191681,18.012245,18.155830,18.334953,18.173759,18.084076,18.209602,18.137894,18.173759,18.173759,18.317062,18.137894,18.424385,18.173759,18.424385,18.299164,18.477982,18.406502,18.424385,18.513702,18.513702,18.460121,18.495850,18.406502,18.460121,18.549400,18.549400,18.656418,18.531555,18.460121,18.709869,18.495850,18.513702,18.442253,18.656418,18.727684,18.674240,18.567253,18.567253,18.727684,18.531555,18.727684,18.513702,18.656418,18.709869,18.763298,18.585091,18.656418,18.567253,18.763298,18.781090,18.798889,18.638596,18.923340,18.798889,18.692055,18.781090,18.958870,18.905579,18.870033,18.870033,18.852249,18.923340,19.012123,18.923340,18.763298,18.887802,18.976631,18.887802,18.870033,18.958870,19.012123,18.905579,19.065346,18.781090,19.065346,19.189407,18.976631,19.065346,19.012123,19.100807,18.923340,19.242508,19.189407,19.313263,19.171692,19.100807,19.047615,19.189407,19.136261,19.401619,19.153984,19.136261,19.171692,19.171692,19.029869,19.012123,19.083084,19.207108,19.153984,19.224815,19.171692,19.083084,19.295586,19.118538,19.153984,19.313263,19.295586,19.348618,19.260208,19.224815,19.189407,19.383957,19.118538,19.153984,19.330948,19.277893,19.224815,19.083084,19.118538,19.153984,19.083084,19.260208,18.887802,19.171692,19.118538,19.029869,18.923340,19.136261,19.083084,18.958870,19.012123,19.295586,19.189407,19.065346,19.189407,19.118538,19.313263,19.100807,18.994377,19.242508,18.958870,19.100807,19.153984,19.136261,19.171692,19.118538,19.083084,19.295586,19.012123,19.029869,19.277893,19.171692,18.976631,19.207108,19.242508,19.330948,19.118538,19.277893,19.207108,19.100807,19.083084,19.189407,19.100807,19.224815,19.189407,19.242508,18.941109,19.171692,19.277893,19.118538,18.976631,19.401619,19.348618,19.436943,19.065346,19.366287,19.242508,19.330948,19.419281,19.189407,19.189407,19.454590,19.472237,19.366287,19.454590,19.525154,19.366287,19.419281,19.507530,19.419281,19.348618,19.330948,19.454590,19.507530,19.295586,19.560417,19.436943,19.507530,19.525154,19.348618,19.578049,19.454590,19.383957,19.560417,19.436943,19.401619,19.348618,19.436943,19.436943,19.525154,19.401619,19.613289,19.489883,19.436943,19.472237,19.189407,19.613289,19.595665,19.277893,19.472237,19.454590,19.595665,19.330948,19.207108,19.595665,19.630898,19.560417,19.701309,
16.068031,16.012886,15.957695,16.196571,15.847229,16.104774,16.434807,16.104774,16.104774,16.214928,16.012886,16.453102,16.361572,16.288277,16.507973,16.617607,16.434807,16.416496,16.635872,16.398201,16.434807,16.398201,16.471397,16.489677,16.507973,16.562805,16.453102,16.690620,16.526253,16.416496,16.708862,16.763573,16.434807,16.617607,16.343254,16.690620,16.453102,16.599342,16.507973,16.544525,16.599342,16.635872,16.507973,16.599342,16.727104,16.434807,16.398201,16.544525,16.416496,16.214928,16.489677,16.489677,16.599342,16.507973,16.471397,16.416496,16.489677,16.453102,16.635872,16.763573,16.562805,16.654121,16.562805,16.544525,16.526253,16.690620,16.416496,16.635872,16.672379,16.562805,16.398201,16.599342,16.617607,16.690620,16.507973,16.562805,16.599342,16.453102,16.324928,16.507973,16.416496,16.233269,16.306610,16.453102,16.361572,16.343254,16.361572,16.398201,16.288277,16.288277,16.214928,16.196571,16.233269,16.178230,16.288277,16.159874,16.031273,16.086403,16.178230,16.104774,16.123146,16.214928,15.957695,16.141510,15.884071,16.012886,15.865646,15.994492,16.049652,16.178230,15.902481,16.068031,15.957695,16.141510,16.141510,16.068031,16.123146,15.902481,16.012886,15.976097,16.159874,15.847229,15.902481,16.012886,15.920883,15.939293,15.994492,16.159874,15.994492,16.306610,16.086403,16.086403,15.902481,15.976097,15.865646,15.847229,15.976097,15.976097,15.976097,15.847229,16.086403,16.012886,16.141510,16.214928,16.012886,15.994492,16.031273,16.123146,15.976097,16.141510,15.994492,15.994492,16.196571,15.957695,15.902481,16.123146,15.920883,16.012886,15.939293,15.920883,15.957695,15.939293,15.736610,15.865646,16.049652,15.773499,15.736610,15.810371,15.699715,15.884071,15.939293,15.736610,15.625862,15.828796,15.884071,15.773499,15.755058,15.718163,15.847229,15.755058,15.681252,15.570435,15.662788,15.755058,15.718163,15.718163,15.625862,15.681252,15.607391,15.755058,15.736610,15.718163,15.533455,15.459480,15.625862,15.459480,15.699715,15.607391,15.736610,15.699715,15.662788,15.533455,15.699715,15.514977,15.625862,15.514977,15.496475,15.496475,15.644325,15.551949,15.403938,15.403938,15.588913,15.496475,15.422462,15.496475,15.329842,15.403938,15.625862,15.496475,15.570435,15.422462,15.477974,15.681252,15.570435,15.514977,15.477974,15.311302,15.477974,15.551949,15.459480,15.403938,15.533455,15.644325,15.366905,15.366905,15.459480,15.514977,15.311302,15.644325,15.440964,15.477974,15.533455,15.440964,15.570435,15.588913,15.607391,15.588913,15.514977,15.533455,15.477974,15.625862,15.533455,15.644325,15.533455,15.514977,15.496475,15.533455,15.607391,15.477974,15.496475,15.644325,15.607391,15.514977,15.588913,15.681252,15.514977,15.477974,15.477974,15.625862,15.681252,15.718163,15.588913,15.625862,15.533455,15.588913,15.662788,15.736610,15.459480,15.625862,15.588913,15.865646,15.828796,15.957695,15.810371,15.773499,15.902481,15.865646,15.976097,16.012886,15.939293,16.086403,16.159874,16.251610,16.159874,16.251610,16.379883,16.398201,16.343254,16.507973,16.453102,16.379883,16.635872,16.306610,16.471397,16.654121,16.526253,16.708862,16.471397,16.489677,16.635872,16.526253,16.507973,16.434807,16.416496,16.599342,16.453102,16.599342,16.581078,16.708862,16.654121,16.781799,16.526253,16.562805,16.690620,16.690620,16.562805,16.672379,16.581078,16.727104,16.581078,16.654121,16.581078,16.781799,16.654121,16.690620,16.708862,16.727104,16.800026,16.654121,16.854668,16.982056,16.891090,16.854668,16.818245,16.836464,16.927490,16.945679,16.854668,16.891090,17.018410,17.036591,17.072929,16.945679,17.199982,17.272507,17.072929,17.272507,17.127403,17.218117,17.199982,17.381157,17.127403,17.199982,17.236252,17.326851,17.163704,17.254379,17.236252,17.290627,17.363060,17.489685,17.254379,17.453522,17.489685,17.435440,17.381157,17.181839,17.399261,17.326851,17.760384,17.453522,17.489685,17.616119,17.471611,17.561958,17.670250,17.706314,17.760384,17.706314,17.832420,17.940361,17.814415,17.760384,17.922386,17.868416,17.886406,17.652206,18.012245,17.814415,17.886406,17.976311,17.742363,17.850410,18.084076,17.940361,17.922386,18.137894,18.048164,18.155830,18.119965,18.012245,18.137894,17.958336,18.012245,18.119965,18.119965,17.904396,18.066116,18.299164,18.066116,18.370735,18.173759,18.119965,18.352852,18.317062,18.227524,18.137894,18.388626,18.209602,18.263351,18.191681,18.352852,18.352852,18.406502,18.317062,18.406502,18.513702,18.317062,18.334953,18.477982,18.477982,18.424385,18.585091,18.620766,18.513702,18.334953,18.549400,18.638596,18.477982,18.424385,18.656418,18.477982,18.567253,18.549400,18.460121,18.620766,18.674240,18.513702,18.567253,18.692055,18.727684,18.781090,18.745483,18.602928,18.709869,18.816673,18.763298,18.709869,18.656418,18.816673,18.692055,18.709869,18.727684,18.763298,18.781090,18.923340,18.958870,18.887802,18.923340,19.029869,18.887802,18.852249,18.994377,18.905579,18.976631,18.976631,18.976631,19.136261,18.976631,18.994377,19.136261,19.012123,19.047615,19.029869,19.012123,19.153984,18.994377,18.870033,19.295586,19.047615,19.065346,19.189407,19.224815,18.976631,19.383957,19.047615,19.330948,19.100807,19.153984,19.171692,19.083084,19.207108,19.047615,19.153984,19.171692,19.153984,19.189407,19.047615,18.994377,19.260208,19.260208,19.224815,19.153984,19.118538,19.207108,19.366287,19.224815,18.994377,19.224815,19.153984,19.118538,18.852249,19.348618,18.994377,19.136261,19.171692,19.277893,19.083084,19.277893,19.189407,19.330948,19.189407,19.171692,19.242508,18.994377,19.153984,19.065346,19.153984,18.976631,18.941109,19.260208,19.100807,19.189407,19.242508,19.083084,19.171692,19.348618,19.171692,19.153984,19.153984,19.207108,19.083084,19.153984,19.295586,19.153984,19.260208,19.348618,19.383957,19.083084,19.207108,19.348618,19.118538,19.242508,19.171692,19.260208,19.330948,19.153984,19.260208,19.260208,19.277893,19.083084,19.454590,19.295586,19.313263,19.330948,19.153984,19.507530,19.366287,19.525154,19.366287,19.472237,19.454590,19.242508,19.436943,19.313263,19.525154,19.419281,19.454590,19.401619,19.472237,19.330948,19.348618,19.348618,19.383957,19.771667,19.525154,19.472237,19.613289,19.542793,19.383957,19.542793,19.666115,19.613289,19.595665,19.542793,19.507530,19.595665,19.824394,19.401619,19.542793,19.754082,19.383957,19.525154,19.542793,19.595665,19.666115,19.666115,19.701309,19.489883,19.630898,19.648506,19.295586,19.366287,19.666115,19.595665,19.630898,19.683716,19.701309,19.666115,
16.196571,15.957695,15.884071,15.828796,16.068031,15.902481,16.361572,16.141510,16.233269,16.196571,16.031273,16.489677,16.398201,16.361572,16.416496,16.507973,16.324928,16.507973,16.269951,16.214928,16.233269,16.489677,16.434807,16.581078,16.434807,16.763573,16.489677,16.690620,16.526253,16.434807,16.434807,16.781799,16.654121,16.781799,16.690620,16.526253,16.526253,16.379883,16.872887,16.672379,16.562805,16.581078,16.672379,16.489677,16.361572,16.471397,16.453102,16.489677,16.398201,16.526253,16.416496,16.526253,16.617607,16.434807,16.379883,16.507973,16.562805,16.599342,16.507973,16.471397,16.654121,16.434807,16.507973,16.544525,16.581078,16.562805,16.672379,16.599342,16.635872,16.617607,16.434807,16.599342,16.471397,16.581078,16.453102,16.599342,16.398201,16.416496,16.526253,16.288277,16.453102,16.453102,16.526253,16.196571,16.343254,16.379883,16.343254,16.306610,16.361572,16.068031,16.251610,16.159874,16.049652,16.178230,16.251610,16.031273,15.902481,16.049652,16.123146,16.104774,16.049652,16.233269,16.123146,16.068031,16.012886,16.031273,16.068031,16.159874,16.123146,16.159874,16.269951,16.141510,15.884071,15.939293,16.159874,15.994492,16.104774,16.104774,15.939293,15.920883,16.086403,15.902481,15.994492,16.068031,16.031273,16.031273,15.957695,15.884071,15.976097,15.939293,15.939293,16.049652,15.976097,15.920883,16.012886,16.031273,15.939293,16.012886,16.012886,16.104774,16.012886,16.123146,16.141510,15.976097,15.994492,15.994492,15.884071,16.123146,15.994492,16.104774,15.976097,16.196571,15.957695,16.086403,15.994492,16.141510,16.159874,15.902481,16.068031,15.791931,15.865646,15.939293,15.994492,15.902481,15.865646,15.957695,15.939293,15.810371,15.920883,15.939293,15.865646,15.699715,15.625862,15.847229,15.791931,15.810371,15.681252,15.736610,15.662788,15.644325,16.012886,15.736610,15.496475,15.718163,15.699715,15.828796,15.514977,15.514977,15.625862,15.699715,15.718163,15.662788,15.644325,15.533455,15.662788,15.736610,15.681252,15.718163,15.514977,15.477974,15.533455,15.773499,15.718163,15.570435,15.477974,15.681252,15.718163,15.440964,15.551949,15.477974,15.422462,15.607391,15.533455,15.588913,15.348373,15.588913,15.348373,15.329842,15.403938,15.477974,15.533455,15.718163,15.348373,15.366905,15.385422,15.477974,15.311302,15.348373,15.385422,15.551949,15.496475,15.588913,15.459480,15.644325,15.329842,15.477974,15.403938,15.570435,15.366905,15.311302,15.514977,15.644325,15.385422,15.292770,15.551949,15.385422,15.644325,15.403938,15.440964,15.385422,15.385422,15.607391,15.533455,15.514977,15.292770,15.533455,15.514977,15.477974,15.551949,15.533455,15.514977,15.477974,15.533455,15.459480,15.514977,15.551949,15.625862,15.644325,15.607391,15.514977,15.459480,15.533455,15.625862,15.588913,15.459480,15.681252,15.736610,15.551949,15.551949,15.662788,15.662788,15.625862,15.607391,15.810371,15.736610,15.791931,15.718163,15.773499,15.939293,15.810371,16.012886,16.123146,15.884071,16.214928,16.214928,16.178230,16.306610,16.343254,16.489677,16.471397,16.104774,16.324928,16.416496,16.361572,16.489677,16.434807,16.562805,16.562805,16.471397,16.398201,16.343254,16.398201,16.544525,16.507973,16.507973,16.434807,16.526253,16.379883,16.617607,16.544525,16.434807,16.544525,16.453102,16.635872,16.635872,16.398201,16.581078,16.599342,16.507973,16.434807,16.690620,16.471397,16.544525,16.434807,16.635872,16.708862,16.727104,16.635872,16.763573,16.635872,16.745338,16.581078,16.654121,16.617607,16.781799,16.927490,16.818245,16.854668,16.927490,16.836464,16.872887,16.872887,16.854668,16.963875,16.945679,16.927490,17.054764,17.109245,17.036591,17.072929,17.145554,17.109245,17.018410,17.018410,17.218117,17.109245,17.199982,17.000237,17.218117,17.163704,17.199982,17.290627,17.254379,17.254379,17.344955,17.181839,17.363060,17.254379,17.254379,17.435440,17.489685,17.290627,17.363060,17.399261,17.561958,17.561958,17.435440,17.254379,17.616119,17.543900,17.652206,17.652206,17.652206,17.598068,17.670250,17.724342,17.652206,17.652206,17.688278,17.760384,17.742363,17.814415,17.886406,17.832420,17.832420,17.796410,17.832420,17.994278,17.904396,17.832420,18.066116,18.084076,17.904396,18.102013,17.976311,17.940361,18.030205,18.030205,18.012245,18.119965,18.191681,18.084076,17.940361,18.030205,18.137894,18.048164,18.084076,18.119965,18.066116,17.994278,18.281258,18.191681,18.066116,18.227524,18.155830,18.406502,18.245445,18.370735,18.352852,18.155830,18.173759,18.352852,18.263351,18.299164,18.549400,18.388626,18.352852,18.334953,18.513702,18.334953,18.477982,18.585091,18.460121,18.477982,18.424385,18.370735,18.495850,18.513702,18.388626,18.549400,18.620766,18.567253,18.442253,18.620766,18.656418,18.870033,18.674240,18.692055,18.709869,18.656418,18.674240,18.763298,18.585091,18.763298,18.852249,18.638596,18.887802,18.727684,18.798889,18.816673,18.852249,18.976631,18.798889,18.976631,18.905579,18.887802,18.781090,18.852249,18.905579,19.083084,19.047615,19.224815,19.012123,19.136261,19.100807,19.012123,18.870033,19.012123,19.029869,19.047615,18.994377,18.994377,18.923340,18.976631,19.065346,19.083084,19.242508,18.994377,18.941109,18.976631,18.958870,19.012123,19.171692,19.012123,19.029869,19.083084,19.047615,19.047615,19.171692,19.189407,19.171692,19.118538,19.242508,19.047615,19.047615,19.083084,19.171692,19.242508,19.207108,18.994377,19.189407,19.330948,18.994377,19.224815,19.207108,19.153984,18.994377,19.083084,19.171692,19.153984,19.012123,19.012123,19.171692,19.047615,19.189407,18.994377,19.065346,19.047615,18.976631,19.224815,18.887802,19.065346,19.100807,19.189407,19.207108,19.100807,19.401619,18.958870,19.047615,19.029869,19.242508,19.083084,19.065346,19.366287,18.941109,19.348618,19.366287,19.012123,19.489883,19.277893,19.313263,19.295586,19.295586,19.578049,19.153984,19.313263,19.366287,19.295586,19.207108,19.383957,19.295586,19.313263,19.277893,19.136261,19.436943,19.401619,19.401619,19.330948,19.383957,19.065346,19.454590,19.436943,19.507530,19.436943,19.419281,19.507530,19.542793,19.525154,19.542793,19.489883,19.383957,19.666115,19.701309,19.454590,19.419281,19.578049,19.595665,19.718910,19.472237,19.525154,19.507530,19.260208,19.718910,19.472237,19.666115,19.436943,19.560417,19.666115,19.648506,19.330948,19.489883,19.542793,19.560417,19.242508,19.771667,19.472237,19.648506,19.754082,19.489883,19.648506,19.507530,19.401619,19.841957,19.489883,19.507530,19.736496,19.718910,19.648506,19.648506,19.841957,
16.343254,16.049652,15.957695,16.141510,16.049652,16.068031,16.288277,16.178230,15.884071,16.324928,16.031273,16.324928,16.178230,16.361572,16.361572,16.233269,16.214928,16.544525,16.398201,16.453102,16.471397,16.489677,16.635872,16.581078,16.635872,16.654121,16.654121,16.507973,16.361572,16.745338,16.526253,16.745338,16.635872,16.635872,16.581078,16.581078,16.453102,16.672379,16.672379,16.617607,16.763573,16.398201,16.324928,16.727104,16.379883,16.544525,16.416496,16.434807,16.416496,16.562805,16.214928,16.581078,16.745338,16.361572,16.453102,16.379883,16.471397,16.489677,16.562805,16.544525,16.416496,16.654121,16.635872,16.617607,16.544525,16.306610,16.398201,16.562805,16.690620,16.434807,16.836464,16.672379,16.526253,16.398201,16.526253,16.489677,16.471397,16.489677,16.471397,16.196571,16.288277,16.159874,16.214928,16.416496,16.251610,16.343254,16.196571,16.361572,16.031273,16.416496,16.306610,16.123146,16.159874,16.049652,15.939293,16.196571,16.068031,16.104774,16.012886,16.086403,16.068031,15.865646,16.068031,16.012886,15.920883,16.214928,15.957695,15.957695,16.104774,16.104774,15.976097,16.123146,16.031273,16.086403,15.939293,16.031273,16.159874,16.031273,16.012886,15.920883,16.159874,16.123146,15.976097,16.049652,15.957695,15.994492,16.068031,16.012886,15.976097,15.976097,15.902481,16.012886,15.994492,15.865646,15.902481,16.031273,15.920883,16.068031,16.049652,15.902481,15.884071,16.049652,16.141510,16.104774,16.012886,16.104774,16.086403,16.233269,16.159874,16.104774,16.086403,16.104774,15.976097,16.251610,15.994492,16.214928,15.976097,15.976097,15.939293,16.031273,16.086403,15.957695,15.994492,15.902481,15.828796,15.976097,15.865646,15.976097,15.755058,15.791931,15.718163,15.920883,15.681252,15.644325,15.718163,15.588913,15.644325,15.828796,15.773499,15.699715,15.810371,15.644325,15.644325,15.625862,15.459480,15.588913,15.477974,15.403938,15.588913,15.533455,15.681252,15.644325,15.607391,15.551949,15.570435,15.662788,15.625862,15.699715,15.681252,15.570435,15.588913,15.588913,15.625862,15.514977,15.477974,15.644325,15.570435,15.422462,15.311302,15.551949,15.385422,15.514977,15.422462,15.496475,15.348373,15.496475,15.329842,15.403938,15.348373,15.440964,15.533455,15.459480,15.200020,15.533455,15.274223,15.385422,15.366905,15.533455,15.422462,15.385422,15.311302,15.385422,15.533455,15.496475,15.551949,15.348373,15.551949,15.551949,15.403938,15.366905,15.514977,15.403938,15.385422,15.607391,15.422462,15.422462,15.533455,15.477974,15.274223,15.681252,15.292770,15.514977,15.570435,15.533455,15.514977,15.496475,15.551949,15.403938,15.514977,15.551949,15.422462,15.459480,15.514977,15.662788,15.422462,15.292770,15.329842,15.551949,15.459480,15.588913,15.551949,15.459480,15.662788,15.570435,15.422462,15.551949,15.570435,15.644325,15.459480,15.681252,15.699715,15.607391,15.607391,15.662788,15.699715,15.718163,15.810371,15.773499,15.791931,15.939293,15.755058,15.755058,15.939293,16.086403,16.178230,16.196571,16.416496,16.324928,16.214928,16.416496,16.324928,16.343254,16.269951,16.361572,16.269951,16.379883,16.453102,16.159874,16.269951,16.361572,16.398201,16.416496,16.361572,16.324928,16.196571,16.398201,16.343254,16.306610,16.343254,16.398201,16.471397,16.214928,16.654121,16.324928,16.453102,16.398201,16.398201,16.654121,16.361572,16.324928,16.544525,16.398201,16.507973,16.343254,16.654121,16.471397,16.398201,16.544525,16.379883,16.727104,16.562805,16.672379,16.581078,16.599342,16.781799,16.635872,16.617607,16.909286,16.745338,16.781799,16.800026,16.872887,16.836464,16.727104,16.763573,16.818245,16.727104,16.945679,16.927490,16.963875,16.982056,16.727104,17.054764,16.927490,17.000237,16.927490,17.145554,17.163704,17.091087,16.927490,17.163704,17.218117,17.109245,17.181839,17.127403,17.218117,17.326851,17.091087,17.218117,17.363060,17.145554,17.072929,17.308739,17.417351,17.236252,17.236252,17.471611,17.399261,17.525826,17.634163,17.489685,17.417351,17.417351,17.417351,17.471611,17.507759,17.453522,17.561958,17.760384,17.706314,17.616119,17.688278,17.561958,17.868416,17.814415,17.904396,17.724342,17.814415,17.778404,17.778404,17.832420,17.940361,17.886406,17.742363,17.742363,17.796410,17.868416,17.922386,17.940361,17.922386,17.922386,17.994278,17.868416,17.904396,17.976311,18.102013,17.994278,17.976311,17.868416,18.137894,18.137894,18.048164,18.191681,18.048164,18.066116,18.066116,18.209602,18.281258,18.173759,18.173759,18.227524,18.066116,18.317062,18.209602,18.155830,18.585091,18.263351,18.299164,18.317062,18.424385,18.513702,18.317062,18.442253,18.477982,18.585091,18.531555,18.549400,18.495850,18.460121,18.477982,18.424385,18.495850,18.477982,18.585091,18.567253,18.424385,18.549400,18.424385,18.477982,18.620766,18.692055,18.727684,18.727684,18.585091,18.692055,18.709869,18.549400,18.656418,18.709869,18.781090,18.941109,18.887802,18.798889,18.905579,18.905579,18.816673,18.692055,18.905579,18.674240,18.834473,18.941109,18.798889,18.976631,19.100807,18.852249,19.118538,18.976631,18.923340,19.012123,18.941109,19.136261,19.083084,19.083084,19.047615,18.887802,19.047615,18.958870,18.816673,18.905579,19.029869,18.976631,19.047615,19.153984,18.941109,19.171692,18.994377,19.065346,18.887802,19.012123,19.012123,19.029869,19.171692,18.941109,18.870033,19.136261,18.958870,19.153984,19.012123,18.994377,19.224815,19.189407,19.065346,19.065346,19.118538,19.100807,19.277893,19.118538,19.153984,18.923340,19.083084,18.941109,19.295586,19.277893,19.118538,19.153984,19.153984,18.994377,19.083084,19.153984,19.083084,19.065346,19.260208,19.136261,19.171692,18.976631,19.083084,19.083084,19.118538,19.348618,19.065346,19.207108,19.171692,19.348618,19.242508,19.454590,19.207108,19.224815,19.277893,19.313263,19.260208,19.507530,19.189407,19.436943,19.136261,19.242508,19.207108,19.436943,19.348618,19.295586,19.295586,19.189407,19.366287,19.153984,19.029869,19.366287,19.401619,19.401619,18.941109,19.401619,19.542793,19.242508,19.578049,19.295586,19.560417,19.454590,19.366287,19.560417,19.578049,19.542793,19.401619,19.348618,19.489883,19.348618,19.489883,19.560417,19.754082,19.348618,19.613289,19.578049,19.401619,19.630898,19.542793,19.736496,19.542793,19.595665,19.613289,19.736496,19.560417,19.560417,19.436943,19.648506,19.454590,19.525154,19.542793,19.630898,19.525154,19.419281,19.595665,19.436943,19.578049,19.560417,19.736496,19.366287,19.701309,19.683716,19.560417,19.472237,19.824394,19.454590,19.736496,
16.251610,16.049652,15.828796,16.159874,16.104774,16.012886,16.214928,16.104774,15.994492,16.214928,16.196571,16.214928,16.269951,16.251610,16.233269,16.471397,16.471397,16.654121,16.416496,16.471397,16.324928,16.599342,16.672379,16.489677,16.507973,16.562805,16.581078,16.581078,16.434807,16.690620,16.416496,16.453102,16.507973,16.708862,16.489677,16.471397,16.617607,16.453102,16.526253,16.471397,16.343254,16.672379,16.361572,16.269951,16.269951,16.453102,16.617607,16.434807,16.379883,16.434807,16.398201,16.398201,16.727104,16.471397,16.471397,16.379883,16.343254,16.562805,16.416496,16.526253,16.361572,16.617607,16.581078,16.324928,16.708862,16.599342,16.489677,16.617607,16.672379,16.635872,16.453102,16.507973,16.507973,16.343254,16.398201,16.379883,16.471397,16.507973,16.453102,16.434807,16.288277,16.251610,16.361572,16.398201,16.288277,16.196571,16.012886,16.324928,16.269951,16.288277,16.104774,16.324928,16.123146,16.068031,16.196571,16.086403,16.068031,16.086403,16.178230,16.141510,15.957695,16.196571,16.049652,15.902481,16.012886,16.104774,16.012886,16.104774,16.159874,16.031273,16.233269,15.994492,16.123146,16.012886,16.159874,16.104774,16.068031,15.755058,15.939293,16.068031,15.939293,15.957695,15.884071,16.159874,15.994492,15.976097,16.251610,15.976097,16.049652,16.012886,15.939293,16.086403,15.994492,16.141510,15.847229,16.141510,16.049652,16.012886,16.104774,16.086403,15.994492,15.939293,16.104774,16.068031,15.994492,16.123146,15.920883,16.196571,16.068031,16.104774,16.233269,15.994492,15.976097,16.178230,16.104774,16.306610,15.939293,15.976097,16.012886,16.068031,15.884071,15.847229,15.865646,15.828796,15.644325,15.884071,15.865646,15.902481,15.736610,15.662788,15.496475,15.810371,15.718163,15.755058,15.865646,15.736610,15.588913,15.699715,15.514977,15.736610,15.551949,15.570435,15.755058,15.570435,15.773499,15.847229,15.644325,15.699715,15.514977,15.588913,15.681252,15.459480,15.588913,15.644325,15.644325,15.607391,15.570435,15.533455,15.422462,15.773499,15.477974,15.459480,15.551949,15.514977,15.625862,15.459480,15.366905,15.385422,15.718163,15.496475,15.237137,15.311302,15.385422,15.459480,15.533455,15.403938,15.514977,15.570435,15.329842,15.422462,15.551949,15.385422,15.496475,15.496475,15.403938,15.422462,15.237137,15.440964,15.311302,15.477974,15.422462,15.514977,15.459480,15.551949,15.292770,15.348373,15.292770,15.607391,15.292770,15.237137,15.403938,15.514977,15.440964,15.403938,15.533455,15.440964,15.403938,15.459480,15.477974,15.311302,15.422462,15.514977,15.385422,15.496475,15.385422,15.274223,15.496475,15.514977,15.496475,15.403938,15.385422,15.477974,15.459480,15.551949,15.570435,15.422462,15.366905,15.440964,15.514977,15.477974,15.459480,15.551949,15.385422,15.662788,15.662788,15.570435,15.570435,15.422462,15.570435,15.551949,15.625862,15.681252,15.736610,15.551949,15.625862,15.699715,15.718163,15.736610,15.773499,15.920883,15.920883,15.939293,15.884071,16.104774,16.159874,15.994492,16.233269,16.343254,16.214928,16.251610,16.361572,16.269951,16.159874,16.434807,16.159874,16.233269,16.123146,16.343254,16.251610,16.159874,16.141510,16.233269,16.141510,16.104774,16.086403,15.939293,16.343254,16.398201,16.086403,16.416496,16.178230,16.251610,16.233269,16.251610,16.361572,16.507973,16.379883,16.288277,16.398201,16.507973,16.471397,16.471397,16.141510,16.453102,16.526253,16.306610,16.416496,16.581078,16.361572,16.617607,16.471397,16.398201,16.306610,16.635872,16.471397,16.672379,16.544525,16.654121,16.727104,16.781799,16.617607,16.654121,16.562805,16.672379,16.599342,16.745338,16.800026,16.763573,16.836464,16.891090,16.745338,16.800026,16.763573,16.836464,16.800026,17.072929,16.891090,16.891090,16.854668,16.745338,16.872887,16.945679,16.927490,17.127403,17.254379,16.854668,17.181839,17.054764,16.963875,17.072929,17.091087,16.963875,17.018410,17.308739,17.091087,17.435440,17.109245,17.181839,17.181839,17.181839,17.561958,17.308739,17.417351,17.326851,17.453522,17.344955,17.507759,17.471611,17.616119,17.525826,17.598068,17.381157,17.634163,17.706314,17.580009,17.670250,17.616119,17.616119,17.381157,17.760384,17.670250,17.652206,17.616119,17.706314,17.706314,17.598068,17.652206,17.742363,17.778404,17.688278,17.868416,17.778404,17.868416,17.778404,17.958336,17.814415,17.814415,17.832420,17.832420,17.850410,17.850410,17.760384,17.958336,18.173759,17.904396,17.832420,17.958336,18.137894,18.084076,18.155830,18.066116,18.102013,18.245445,18.119965,18.245445,18.030205,18.281258,18.317062,18.084076,18.191681,18.173759,18.352852,18.119965,18.227524,18.317062,18.299164,18.209602,18.281258,18.460121,18.477982,18.513702,18.388626,18.460121,18.477982,18.513702,18.406502,18.442253,18.299164,18.370735,18.352852,18.424385,18.406502,18.442253,18.531555,18.460121,18.531555,18.585091,18.692055,18.620766,18.727684,18.727684,18.638596,18.602928,18.798889,18.781090,18.745483,18.763298,18.798889,18.816673,19.012123,18.870033,18.852249,18.781090,18.905579,18.852249,19.171692,18.870033,18.834473,18.852249,18.994377,18.976631,18.887802,18.798889,18.816673,18.905579,19.012123,18.923340,18.994377,18.994377,18.923340,18.870033,19.118538,18.941109,19.118538,19.047615,18.958870,19.100807,18.994377,19.047615,19.065346,18.923340,18.976631,18.941109,19.047615,19.153984,18.941109,19.065346,19.012123,18.994377,19.207108,18.816673,18.994377,19.100807,18.976631,18.976631,19.100807,19.136261,18.976631,18.941109,19.118538,19.065346,19.189407,19.100807,19.047615,19.153984,19.100807,19.136261,19.012123,18.958870,19.136261,19.295586,19.153984,19.118538,19.012123,19.171692,19.118538,19.118538,19.189407,19.083084,19.330948,19.260208,19.083084,19.260208,19.100807,19.277893,19.330948,19.065346,19.366287,19.295586,19.260208,19.295586,19.454590,19.295586,19.277893,19.277893,19.189407,19.383957,19.224815,19.454590,19.295586,19.207108,19.560417,19.313263,19.419281,19.277893,19.383957,19.454590,19.348618,19.489883,19.330948,19.507530,19.313263,19.383957,19.224815,19.578049,19.472237,19.436943,19.436943,19.383957,19.366287,19.419281,19.507530,19.383957,19.454590,19.419281,19.472237,19.242508,19.401619,19.330948,19.648506,19.648506,19.330948,19.401619,19.613289,19.701309,19.578049,19.630898,19.454590,19.789246,19.330948,19.578049,19.613289,19.489883,19.436943,19.736496,19.595665,19.736496,19.630898,19.595665,19.507530,19.542793,19.630898,19.806816,19.613289,19.542793,19.877083,19.806816,19.595665,19.912178,19.701309,
16.104774,15.957695,15.976097,15.644325,15.681252,16.104774,16.031273,16.269951,16.031273,16.068031,16.031273,16.343254,15.994492,16.214928,16.544525,16.489677,16.104774,16.251610,16.214928,16.544525,16.214928,16.544525,16.507973,16.526253,16.306610,16.379883,16.727104,16.708862,16.416496,16.672379,16.361572,16.562805,16.489677,16.544525,16.453102,16.672379,16.781799,16.727104,16.398201,16.453102,16.544525,16.507973,16.398201,16.544525,16.507973,16.544525,16.672379,16.471397,16.489677,16.398201,16.434807,16.690620,16.343254,16.434807,16.544525,16.562805,16.416496,16.654121,16.526253,16.727104,16.544525,16.453102,16.800026,16.635872,16.453102,16.562805,16.507973,16.489677,16.635872,16.562805,16.599342,16.727104,16.581078,16.672379,16.416496,16.453102,16.453102,16.507973,16.178230,16.343254,16.269951,16.398201,16.269951,16.343254,16.123146,16.306610,16.159874,16.471397,16.012886,16.306610,16.251610,15.957695,16.214928,16.269951,16.104774,16.104774,16.012886,16.196571,16.233269,16.214928,16.214928,16.178230,16.031273,16.178230,16.086403,16.068031,16.012886,16.049652,16.196571,15.957695,16.086403,16.031273,16.104774,16.123146,16.159874,16.086403,16.104774,16.104774,16.141510,16.104774,16.012886,16.012886,16.196571,16.196571,16.049652,16.104774,16.159874,15.773499,16.012886,15.920883,16.049652,15.791931,16.031273,15.939293,16.104774,16.104774,15.994492,15.736610,15.773499,15.976097,16.086403,16.049652,15.976097,16.196571,16.049652,16.049652,16.086403,16.068031,16.214928,15.920883,16.031273,16.104774,16.104774,16.068031,15.939293,15.884071,15.976097,16.068031,15.920883,16.196571,15.847229,15.884071,16.012886,15.791931,15.810371,15.884071,15.810371,15.920883,15.976097,16.049652,15.810371,15.662788,15.791931,15.533455,15.791931,15.828796,15.644325,15.755058,15.681252,15.718163,15.662788,15.736610,15.699715,15.588913,15.625862,15.625862,15.644325,15.736610,15.533455,15.644325,15.551949,15.662788,15.607391,15.736610,15.607391,15.644325,15.644325,15.570435,15.588913,15.533455,15.385422,15.551949,15.625862,15.514977,15.588913,15.348373,15.385422,15.607391,15.422462,15.514977,15.459480,15.514977,15.477974,15.329842,15.459480,15.311302,15.459480,15.403938,15.514977,15.551949,15.385422,15.403938,15.440964,15.459480,15.200020,15.459480,15.422462,15.459480,15.496475,15.551949,15.255684,15.570435,15.311302,15.459480,15.366905,15.440964,15.403938,15.422462,15.366905,15.403938,15.459480,15.348373,15.385422,15.403938,15.311302,15.385422,15.385422,15.200020,15.607391,15.274223,15.329842,15.570435,15.533455,15.514977,15.274223,15.422462,15.533455,15.348373,15.551949,15.533455,15.477974,15.329842,15.514977,15.329842,15.440964,15.570435,15.403938,15.329842,15.366905,15.533455,15.496475,15.514977,15.329842,15.588913,15.662788,15.681252,15.385422,15.477974,15.440964,15.681252,15.477974,15.662788,15.570435,15.607391,15.607391,15.662788,15.699715,15.718163,15.699715,15.755058,15.884071,15.994492,16.012886,16.123146,16.049652,16.398201,16.343254,16.068031,16.068031,16.214928,16.178230,16.379883,16.214928,16.361572,16.288277,16.233269,16.104774,16.343254,16.398201,16.233269,16.233269,16.269951,15.994492,16.214928,16.269951,16.288277,16.269951,16.398201,16.141510,16.251610,16.159874,16.251610,16.288277,16.214928,16.196571,16.361572,16.398201,16.123146,16.288277,16.251610,16.159874,16.324928,16.141510,16.507973,16.471397,16.398201,16.214928,16.379883,16.233269,16.434807,16.214928,16.306610,16.379883,16.434807,16.507973,16.398201,16.453102,16.581078,16.617607,16.635872,16.343254,16.635872,16.635872,16.800026,16.635872,16.416496,16.818245,16.708862,16.708862,16.544525,16.727104,16.745338,16.708862,16.617607,16.581078,17.036591,16.872887,16.872887,16.891090,16.708862,16.672379,16.818245,16.818245,16.927490,16.927490,16.836464,16.909286,16.963875,17.109245,17.163704,16.963875,17.109245,17.091087,17.163704,17.072929,17.072929,17.236252,17.435440,17.254379,17.326851,17.109245,17.344955,17.091087,17.218117,17.181839,17.381157,17.471611,17.236252,17.290627,17.344955,17.489685,17.598068,17.435440,17.598068,17.507759,17.308739,17.670250,17.417351,17.543900,17.706314,17.598068,17.525826,17.381157,17.616119,17.525826,17.598068,17.580009,17.742363,17.525826,17.832420,17.507759,17.706314,17.832420,17.561958,17.706314,17.904396,17.616119,17.760384,17.742363,17.778404,17.598068,17.778404,17.724342,17.670250,17.904396,17.958336,17.796410,17.958336,17.796410,17.994278,18.030205,17.976311,17.814415,17.994278,18.030205,18.119965,18.173759,18.084076,17.940361,18.119965,18.227524,18.245445,18.102013,18.173759,18.173759,18.119965,18.245445,18.245445,18.245445,18.442253,18.334953,18.173759,18.281258,18.281258,18.352852,18.245445,18.352852,18.370735,18.388626,18.388626,18.460121,18.334953,18.442253,18.299164,18.602928,18.549400,18.602928,18.638596,18.781090,18.549400,18.585091,18.602928,18.656418,18.585091,18.567253,18.656418,18.692055,18.798889,18.477982,18.887802,18.709869,18.852249,18.816673,18.745483,19.029869,18.709869,18.852249,18.905579,18.887802,18.798889,18.905579,18.887802,18.513702,19.029869,18.941109,18.798889,18.852249,18.781090,19.012123,18.727684,18.905579,18.870033,18.781090,18.923340,18.887802,19.012123,19.012123,18.976631,18.976631,18.870033,18.834473,18.834473,19.012123,18.994377,18.781090,18.941109,18.834473,18.976631,19.100807,18.816673,18.923340,18.958870,19.047615,19.083084,18.976631,19.118538,18.976631,19.047615,18.976631,18.976631,18.941109,19.065346,18.887802,19.047615,18.852249,18.994377,18.976631,18.941109,18.923340,19.065346,19.100807,18.852249,19.224815,19.047615,19.029869,19.047615,19.047615,19.171692,19.065346,19.295586,19.171692,19.260208,19.224815,19.065346,18.709869,19.224815,19.118538,19.436943,19.047615,19.136261,19.348618,19.118538,19.224815,19.348618,19.207108,19.330948,19.348618,19.366287,19.330948,19.489883,19.065346,19.277893,19.348618,19.153984,19.330948,19.489883,19.560417,19.401619,19.118538,19.648506,19.507530,19.419281,19.330948,19.489883,19.507530,19.472237,19.224815,19.595665,19.578049,19.648506,19.472237,19.542793,19.507530,19.489883,19.560417,19.613289,19.701309,19.578049,19.436943,19.578049,19.525154,19.472237,19.648506,19.542793,19.419281,19.718910,19.683716,19.419281,19.560417,19.489883,19.630898,19.542793,19.630898,19.489883,19.718910,19.542793,19.701309,19.454590,19.666115,19.525154,19.560417,19.718910,19.666115,19.736496,19.507530,19.648506,19.630898,19.859520,19.701309,19.736496,
15.957695,15.828796,15.865646,16.068031,16.123146,15.644325,16.123146,15.994492,16.141510,16.233269,16.398201,15.920883,15.902481,16.269951,16.416496,16.233269,16.288277,16.141510,16.324928,16.343254,16.269951,16.635872,16.453102,16.178230,16.434807,16.453102,16.416496,16.489677,16.599342,16.526253,16.471397,16.654121,16.489677,16.526253,16.434807,16.727104,16.763573,16.654121,16.745338,16.635872,16.672379,16.306610,16.416496,16.379883,16.269951,16.288277,16.288277,16.361572,16.581078,16.562805,16.471397,16.453102,16.398201,16.434807,16.617607,16.489677,16.581078,16.306610,16.434807,16.398201,16.507973,16.708862,16.489677,16.416496,16.434807,16.453102,16.269951,16.544525,16.526253,16.416496,16.544525,16.581078,16.489677,16.581078,16.562805,16.562805,16.635872,16.178230,16.453102,16.214928,16.306610,16.453102,16.086403,16.361572,16.288277,16.233269,15.976097,16.159874,16.288277,16.141510,15.957695,16.141510,16.141510,15.976097,16.068031,16.159874,16.324928,15.847229,15.957695,16.178230,16.012886,15.920883,15.902481,16.269951,16.031273,16.123146,16.031273,16.012886,16.086403,15.791931,15.939293,16.123146,15.957695,15.994492,16.086403,15.920883,16.012886,16.086403,16.049652,16.012886,16.068031,15.957695,16.031273,15.791931,16.086403,16.104774,16.159874,16.086403,16.104774,15.847229,16.031273,16.178230,16.123146,16.104774,15.847229,15.810371,16.049652,16.068031,15.976097,15.939293,16.123146,16.141510,15.994492,16.123146,15.865646,16.196571,16.123146,16.031273,16.178230,15.976097,16.049652,16.306610,15.994492,16.123146,15.884071,16.049652,15.884071,15.902481,15.920883,16.012886,15.847229,15.939293,15.699715,15.791931,15.847229,15.699715,15.791931,15.773499,15.625862,15.662788,15.644325,15.847229,15.699715,15.773499,15.514977,15.699715,15.607391,15.810371,15.791931,15.385422,15.607391,15.588913,15.459480,15.551949,15.551949,15.588913,15.459480,15.644325,15.366905,15.570435,15.570435,15.736610,15.533455,15.570435,15.662788,15.662788,15.496475,15.736610,15.551949,15.662788,15.459480,15.570435,15.385422,15.773499,15.570435,15.514977,15.422462,15.440964,15.496475,15.570435,15.403938,15.348373,15.274223,15.385422,15.348373,15.422462,15.311302,15.440964,15.274223,15.459480,15.440964,15.255684,15.348373,15.459480,15.385422,15.329842,15.274223,15.366905,15.551949,15.366905,15.459480,15.477974,15.403938,15.255684,15.329842,15.440964,15.459480,15.237137,15.459480,15.533455,15.403938,15.366905,15.329842,15.385422,15.385422,15.459480,15.551949,15.292770,15.311302,15.311302,15.348373,15.292770,15.422462,15.422462,15.403938,15.496475,15.459480,15.514977,15.477974,15.422462,15.274223,15.588913,15.533455,15.496475,15.348373,15.551949,15.385422,15.459480,15.514977,15.533455,15.477974,15.625862,15.385422,15.514977,15.496475,15.366905,15.459480,15.551949,15.422462,15.533455,15.533455,15.644325,15.644325,15.718163,15.718163,15.699715,15.847229,15.847229,15.736610,16.031273,15.847229,16.104774,16.141510,16.086403,15.884071,15.994492,16.068031,16.086403,16.068031,16.233269,16.086403,16.141510,16.269951,16.178230,16.178230,16.214928,16.214928,16.398201,16.251610,16.196571,16.104774,16.141510,16.049652,16.269951,16.086403,16.049652,16.214928,16.123146,16.141510,16.233269,16.159874,16.233269,16.214928,16.123146,16.049652,16.306610,16.306610,16.141510,16.178230,16.196571,16.049652,16.196571,16.159874,16.196571,16.288277,16.178230,16.324928,16.214928,16.361572,16.288277,16.343254,16.288277,16.489677,16.416496,16.398201,16.379883,16.343254,16.434807,16.489677,16.562805,16.416496,16.416496,16.544525,16.544525,16.507973,16.617607,16.562805,16.434807,16.379883,16.562805,16.635872,16.708862,16.581078,16.690620,16.781799,16.708862,16.745338,16.672379,16.617607,16.654121,16.654121,16.727104,16.544525,16.745338,16.891090,16.836464,16.672379,16.690620,16.800026,16.963875,17.018410,16.800026,16.909286,17.145554,17.072929,17.018410,17.072929,17.163704,16.909286,17.236252,17.163704,17.127403,17.072929,17.163704,17.072929,17.199982,17.381157,17.272507,17.163704,17.363060,17.181839,17.290627,17.435440,17.290627,17.272507,17.363060,17.435440,17.272507,17.580009,17.326851,17.561958,17.326851,17.381157,17.598068,17.435440,17.543900,17.796410,17.543900,17.453522,17.507759,17.399261,17.507759,17.598068,17.616119,17.742363,17.760384,17.688278,17.634163,17.778404,17.814415,17.742363,17.670250,17.724342,17.742363,17.525826,17.904396,17.850410,17.850410,17.706314,17.832420,17.724342,17.868416,17.850410,17.778404,17.940361,18.048164,18.012245,18.048164,17.922386,17.958336,17.958336,17.994278,18.119965,18.155830,18.155830,18.173759,18.137894,18.102013,17.976311,18.227524,18.137894,17.958336,18.173759,18.263351,18.245445,18.460121,18.281258,18.173759,18.495850,18.352852,18.352852,18.442253,18.388626,18.352852,18.477982,18.424385,18.281258,18.370735,18.585091,18.495850,18.281258,18.352852,18.388626,18.495850,18.477982,18.567253,18.692055,18.709869,18.692055,18.816673,18.620766,18.638596,18.638596,18.852249,18.709869,18.727684,18.887802,18.834473,18.692055,18.620766,18.709869,18.834473,18.798889,18.834473,18.816673,18.976631,18.727684,18.709869,18.887802,18.923340,18.870033,18.709869,18.727684,18.763298,18.709869,18.923340,19.065346,18.656418,18.727684,18.941109,18.887802,18.870033,18.798889,18.870033,18.781090,19.083084,18.887802,18.923340,19.065346,18.958870,18.941109,19.083084,18.994377,18.870033,18.887802,18.923340,18.976631,19.047615,18.958870,18.781090,19.012123,19.012123,18.852249,18.727684,19.029869,18.887802,19.065346,18.905579,19.207108,19.065346,19.153984,19.083084,19.100807,19.029869,19.083084,18.976631,18.905579,19.100807,19.029869,18.994377,19.047615,19.171692,19.083084,19.153984,19.295586,19.171692,19.224815,19.224815,19.100807,19.065346,19.189407,19.330948,19.083084,19.277893,19.189407,19.083084,19.242508,19.260208,19.207108,19.313263,19.366287,19.578049,19.542793,19.401619,19.419281,19.295586,19.401619,19.330948,19.419281,19.401619,19.313263,19.260208,19.419281,19.260208,19.613289,19.313263,19.171692,19.419281,19.666115,19.419281,19.472237,19.525154,19.525154,19.207108,19.419281,19.666115,19.348618,19.436943,19.489883,19.472237,19.560417,19.630898,19.472237,19.171692,19.525154,19.560417,19.648506,19.507530,19.472237,19.648506,19.595665,19.542793,19.525154,19.507530,19.648506,19.525154,19.595665,19.683716,19.472237,19.718910,19.525154,19.718910,19.877083,19.525154,19.824394,19.666115,19.578049,19.542793,19.806816,19.947273,
16.123146,15.847229,15.976097,15.884071,15.791931,16.086403,16.104774,15.957695,16.012886,15.810371,15.920883,16.178230,16.031273,16.159874,16.361572,16.031273,16.159874,16.288277,16.123146,16.526253,16.233269,16.288277,16.581078,16.379883,16.324928,16.416496,16.434807,16.416496,16.453102,16.599342,16.599342,16.471397,16.635872,16.654121,16.617607,16.599342,16.690620,16.453102,16.471397,16.617607,16.635872,16.507973,16.544525,16.178230,16.617607,16.654121,16.324928,16.562805,16.288277,16.672379,16.453102,16.324928,16.507973,16.379883,16.526253,16.306610,16.434807,16.398201,16.343254,16.562805,16.562805,16.562805,16.398201,16.489677,16.434807,16.398201,16.562805,16.471397,16.544525,16.526253,16.416496,16.453102,16.343254,16.398201,16.159874,16.544525,16.379883,16.416496,16.196571,16.343254,16.306610,16.306610,16.178230,16.214928,16.123146,16.178230,16.178230,16.123146,16.068031,16.031273,16.068031,16.012886,15.920883,16.306610,16.159874,16.434807,16.196571,15.902481,16.031273,16.031273,15.957695,16.123146,15.920883,16.031273,15.994492,16.141510,16.086403,16.086403,16.012886,16.031273,16.159874,16.159874,16.049652,16.104774,16.068031,16.141510,15.957695,16.086403,15.994492,16.104774,16.086403,16.012886,15.976097,16.178230,16.141510,16.086403,16.068031,15.994492,16.086403,15.994492,16.104774,16.123146,16.031273,16.086403,16.068031,16.049652,15.976097,16.068031,16.086403,16.123146,15.939293,16.104774,15.976097,16.104774,16.196571,15.791931,16.178230,16.012886,16.214928,15.994492,15.957695,15.920883,16.104774,15.994492,15.884071,15.920883,16.068031,15.847229,15.939293,15.847229,15.957695,15.773499,15.607391,15.902481,15.736610,15.718163,15.828796,15.736610,15.920883,15.736610,15.699715,15.570435,15.736610,15.644325,15.699715,15.718163,15.477974,15.755058,15.625862,15.588913,15.588913,15.699715,15.570435,15.699715,15.459480,15.681252,15.644325,15.662788,15.459480,15.570435,15.699715,15.644325,15.440964,15.625862,15.477974,15.681252,15.588913,15.644325,15.403938,15.551949,15.533455,15.477974,15.292770,15.514977,15.440964,15.551949,15.533455,15.255684,15.496475,15.088600,15.514977,15.496475,15.625862,15.311302,15.292770,15.403938,15.366905,15.533455,15.422462,15.440964,15.385422,15.311302,15.514977,15.348373,15.348373,15.329842,15.477974,15.422462,15.477974,15.422462,15.329842,15.440964,15.311302,15.311302,15.348373,15.459480,15.440964,15.570435,15.292770,15.329842,15.348373,15.366905,15.403938,15.440964,15.385422,15.311302,15.348373,15.292770,15.200020,15.440964,15.366905,15.533455,15.292770,15.459480,15.459480,15.274223,15.551949,15.496475,15.477974,15.366905,15.311302,15.440964,15.551949,15.366905,15.329842,15.459480,15.385422,15.366905,15.348373,15.403938,15.366905,15.385422,15.440964,15.570435,15.385422,15.533455,15.477974,15.570435,15.440964,15.514977,15.477974,15.662788,15.514977,15.662788,15.736610,15.625862,15.644325,15.902481,15.773499,15.865646,15.773499,15.920883,15.810371,16.233269,15.976097,16.031273,15.976097,16.233269,16.178230,16.141510,16.031273,16.141510,16.123146,16.104774,16.159874,16.214928,16.324928,16.233269,16.049652,16.031273,16.031273,16.159874,16.049652,16.104774,16.123146,16.086403,16.159874,16.141510,16.123146,16.012886,16.159874,16.141510,15.994492,16.086403,16.233269,16.306610,16.159874,16.233269,16.068031,16.324928,16.049652,16.012886,16.214928,16.159874,16.251610,16.343254,16.178230,16.086403,16.196571,16.269951,16.361572,16.581078,16.214928,16.398201,16.324928,16.288277,16.398201,16.507973,16.251610,16.489677,16.269951,16.379883,16.453102,16.471397,16.379883,16.434807,16.471397,16.453102,16.306610,16.507973,16.544525,16.562805,16.544525,16.453102,16.562805,16.690620,16.544525,16.745338,16.654121,16.708862,16.581078,16.727104,16.727104,16.763573,16.690620,16.690620,16.727104,16.708862,16.781799,16.763573,16.745338,16.781799,16.800026,16.891090,16.781799,16.836464,16.872887,16.963875,17.000237,17.054764,17.181839,16.891090,17.091087,17.145554,17.127403,17.218117,17.036591,17.127403,17.109245,16.927490,17.218117,17.163704,17.218117,17.344955,17.000237,17.381157,17.272507,17.272507,17.453522,17.489685,17.254379,17.363060,17.290627,17.471611,17.634163,17.399261,17.471611,17.489685,17.435440,17.435440,17.435440,17.363060,17.525826,17.326851,17.399261,17.652206,17.471611,17.525826,17.616119,17.580009,17.634163,17.652206,17.399261,17.670250,17.525826,17.850410,17.796410,17.561958,17.616119,17.724342,17.453522,17.670250,17.814415,17.706314,17.724342,17.778404,17.688278,17.796410,17.778404,17.814415,17.652206,17.922386,17.904396,17.958336,18.012245,18.030205,17.958336,18.066116,18.012245,17.976311,18.155830,18.084076,18.191681,18.173759,18.137894,18.155830,18.137894,18.245445,18.299164,18.084076,18.477982,18.119965,18.227524,18.155830,18.299164,18.531555,18.155830,18.370735,18.370735,18.370735,18.263351,18.406502,18.388626,18.460121,18.245445,18.424385,18.602928,18.656418,18.352852,18.406502,18.585091,18.513702,18.620766,18.495850,18.781090,18.727684,18.602928,18.585091,18.602928,18.334953,18.674240,18.567253,18.709869,18.834473,18.727684,18.495850,18.727684,18.620766,18.620766,18.994377,18.692055,18.674240,18.727684,18.834473,18.745483,18.513702,18.798889,18.798889,18.905579,18.727684,18.763298,18.781090,18.976631,18.994377,18.656418,18.852249,18.905579,18.994377,18.887802,18.994377,18.763298,19.083084,18.763298,18.834473,18.763298,18.852249,18.870033,18.905579,18.852249,18.923340,18.905579,18.923340,18.923340,18.816673,18.798889,18.994377,18.923340,18.816673,18.870033,18.976631,19.065346,18.958870,18.905579,18.887802,19.189407,19.118538,19.153984,18.976631,19.153984,18.941109,19.100807,19.171692,19.029869,18.958870,19.083084,19.189407,19.012123,19.260208,19.224815,19.012123,19.224815,19.242508,19.313263,19.242508,19.189407,19.189407,19.295586,19.436943,19.100807,19.489883,19.419281,19.383957,19.189407,19.260208,19.419281,19.295586,19.472237,19.295586,19.277893,19.489883,19.401619,19.472237,19.277893,19.260208,19.401619,19.207108,19.525154,19.542793,19.489883,19.401619,19.366287,19.454590,19.525154,19.472237,19.489883,19.489883,19.648506,19.419281,19.736496,19.525154,19.542793,19.507530,19.525154,19.666115,19.454590,19.666115,19.472237,19.348618,19.648506,19.419281,19.525154,19.736496,19.489883,19.542793,19.489883,19.560417,19.507530,19.454590,19.525154,19.718910,19.701309,19.701309,19.595665,19.613289,19.701309,19.947273,19.683716,19.525154,19.824394,19.877083,
16.049652,16.233269,16.068031,15.976097,15.828796,16.086403,15.994492,15.994492,16.104774,16.068031,16.031273,15.994492,16.288277,16.251610,15.939293,16.233269,16.471397,16.269951,16.086403,16.324928,16.196571,16.398201,16.507973,16.379883,16.288277,16.672379,16.453102,16.379883,16.343254,16.562805,16.617607,16.398201,16.489677,16.581078,16.562805,16.324928,16.471397,16.471397,16.398201,16.599342,16.324928,16.599342,16.708862,16.562805,16.434807,16.489677,16.471397,16.562805,16.343254,16.434807,16.434807,16.654121,16.251610,16.453102,16.288277,16.361572,16.324928,16.434807,16.123146,16.434807,16.471397,16.306610,16.233269,16.654121,16.453102,16.544525,16.471397,16.416496,16.269951,16.471397,16.617607,16.288277,16.379883,16.288277,16.104774,16.489677,16.196571,16.343254,16.379883,16.269951,16.196571,16.251610,15.939293,16.123146,16.269951,15.976097,16.031273,16.123146,15.828796,16.104774,16.178230,16.086403,15.957695,16.196571,15.865646,15.939293,16.159874,15.920883,16.068031,16.233269,16.068031,16.086403,16.123146,15.976097,15.957695,16.159874,16.031273,16.049652,15.976097,16.031273,16.141510,16.049652,15.939293,16.068031,15.884071,16.012886,15.957695,16.012886,15.902481,16.086403,16.123146,15.736610,16.104774,16.306610,16.086403,15.976097,15.957695,16.123146,16.031273,16.012886,15.920883,15.939293,16.068031,16.012886,15.902481,16.031273,16.269951,15.902481,15.920883,16.031273,16.141510,16.068031,16.049652,16.214928,15.994492,16.031273,16.049652,16.031273,16.178230,16.086403,16.049652,15.939293,15.957695,15.976097,16.068031,15.884071,15.976097,15.939293,15.847229,15.902481,15.644325,15.847229,15.810371,15.810371,15.939293,15.920883,15.699715,15.865646,15.644325,15.551949,15.773499,15.681252,15.625862,15.644325,15.699715,15.644325,15.588913,15.625862,15.477974,15.514977,15.884071,15.607391,15.588913,15.736610,15.551949,15.644325,15.496475,15.551949,15.514977,15.533455,15.718163,15.533455,15.588913,15.533455,15.403938,15.644325,15.607391,15.477974,15.607391,15.607391,15.533455,15.551949,15.570435,15.514977,15.736610,15.533455,15.514977,15.440964,15.496475,15.459480,15.385422,15.366905,15.403938,15.588913,15.311302,15.329842,15.514977,15.366905,15.292770,15.570435,15.366905,15.422462,15.292770,15.385422,15.385422,15.385422,15.366905,15.514977,15.348373,15.440964,15.403938,15.403938,15.366905,15.348373,15.329842,15.477974,15.496475,15.440964,15.422462,15.422462,15.274223,15.625862,15.348373,15.311302,15.274223,15.440964,15.385422,15.644325,15.459480,15.403938,15.237137,15.292770,15.311302,15.255684,15.403938,15.385422,15.625862,15.440964,15.422462,15.440964,15.477974,15.385422,15.403938,15.440964,15.440964,15.403938,15.459480,15.385422,15.385422,15.588913,15.514977,15.607391,15.440964,15.440964,15.699715,15.533455,15.459480,15.533455,15.477974,15.477974,15.459480,15.570435,15.403938,15.514977,15.662788,15.718163,15.718163,15.533455,15.718163,15.939293,15.939293,15.755058,15.939293,16.068031,16.068031,15.957695,15.957695,16.049652,16.104774,16.251610,16.214928,16.159874,16.049652,16.086403,16.233269,16.123146,16.159874,16.123146,16.049652,16.086403,16.104774,16.104774,16.049652,16.123146,16.159874,16.086403,15.902481,15.865646,16.159874,16.086403,16.196571,16.196571,16.233269,16.288277,16.141510,16.196571,16.104774,16.324928,16.086403,16.233269,16.214928,15.994492,16.104774,16.141510,16.233269,16.178230,16.123146,16.288277,16.178230,16.233269,16.196571,16.178230,16.343254,16.379883,16.288277,16.306610,16.159874,16.398201,16.361572,16.526253,16.489677,16.288277,16.324928,16.398201,16.398201,16.379883,16.159874,16.379883,16.599342,16.489677,16.416496,16.489677,16.306610,16.269951,16.379883,16.434807,16.453102,16.562805,16.599342,16.690620,16.471397,16.562805,16.562805,16.453102,16.763573,16.727104,16.617607,16.745338,16.745338,16.562805,16.599342,16.836464,16.690620,16.818245,16.818245,16.836464,16.872887,16.945679,16.708862,16.909286,16.872887,17.000237,16.763573,17.072929,16.727104,16.927490,16.872887,17.036591,16.763573,16.945679,17.054764,17.218117,17.054764,17.091087,17.036591,17.236252,17.218117,17.036591,17.272507,17.091087,17.308739,17.181839,17.254379,17.453522,17.181839,17.145554,17.344955,17.091087,17.236252,17.453522,17.399261,17.399261,17.344955,17.507759,17.326851,17.344955,17.344955,17.399261,17.381157,17.580009,17.471611,17.363060,17.435440,17.561958,17.381157,17.453522,17.616119,17.507759,17.616119,17.616119,17.471611,17.670250,17.778404,17.670250,17.580009,17.688278,17.724342,17.706314,17.598068,17.778404,17.850410,17.634163,17.778404,17.850410,17.832420,17.688278,18.012245,17.850410,17.814415,17.994278,17.994278,17.976311,17.922386,18.227524,18.137894,18.227524,18.119965,18.173759,18.299164,18.119965,18.119965,18.012245,18.209602,18.209602,18.155830,18.030205,18.119965,18.209602,18.209602,18.102013,18.263351,18.299164,18.317062,18.334953,18.370735,18.263351,18.424385,18.442253,18.549400,18.638596,18.406502,18.585091,18.370735,18.495850,18.602928,18.781090,18.424385,18.638596,18.406502,18.370735,18.567253,18.602928,18.549400,18.585091,18.638596,18.585091,18.495850,18.442253,18.798889,18.513702,18.549400,18.567253,18.692055,18.549400,18.834473,18.656418,18.495850,18.531555,18.585091,18.763298,18.709869,18.816673,18.816673,18.745483,18.656418,18.798889,18.976631,18.905579,18.692055,18.745483,18.692055,18.816673,18.905579,18.781090,18.620766,18.852249,18.834473,18.870033,18.994377,18.958870,18.976631,18.816673,18.905579,18.834473,18.958870,18.798889,18.976631,18.656418,18.923340,19.047615,18.923340,18.994377,18.976631,18.941109,18.763298,19.118538,19.029869,18.994377,18.870033,19.083084,18.941109,19.029869,18.976631,18.994377,19.065346,19.012123,18.976631,19.366287,18.976631,19.029869,19.065346,19.065346,19.401619,19.277893,19.224815,19.295586,19.224815,19.401619,19.260208,19.507530,19.366287,19.260208,19.224815,19.171692,19.401619,19.242508,19.472237,19.613289,19.419281,19.683716,19.595665,19.260208,19.189407,19.454590,19.153984,19.436943,19.348618,19.348618,19.313263,19.383957,19.507530,19.595665,19.648506,19.383957,19.472237,19.613289,19.648506,19.507530,19.595665,19.348618,19.489883,19.489883,19.454590,19.525154,19.401619,19.613289,19.348618,19.701309,19.348618,19.736496,19.507530,19.260208,19.436943,19.542793,19.666115,19.366287,19.507530,19.436943,19.630898,19.683716,19.630898,19.525154,19.348618,19.718910,19.789246,19.666115,19.806816,19.736496,19.999893,19.613289,
16.123146,16.049652,15.847229,15.920883,15.884071,15.976097,15.828796,15.939293,15.976097,16.141510,15.976097,16.306610,16.233269,16.141510,16.049652,16.361572,16.068031,16.214928,16.324928,16.214928,16.288277,16.178230,16.434807,16.104774,16.196571,16.434807,16.306610,16.178230,16.526253,16.453102,16.416496,16.214928,16.324928,16.581078,16.471397,16.489677,16.471397,16.379883,16.361572,16.398201,16.672379,16.526253,16.526253,16.471397,16.233269,16.343254,16.288277,16.708862,16.416496,16.434807,16.269951,16.489677,16.361572,16.379883,16.251610,16.489677,16.453102,16.544525,16.471397,16.453102,16.324928,16.306610,16.581078,16.507973,16.379883,16.416496,16.361572,16.453102,16.324928,16.178230,16.599342,16.434807,16.489677,16.343254,16.269951,16.453102,16.416496,16.214928,16.251610,16.343254,16.159874,16.159874,16.068031,16.159874,16.123146,16.214928,16.012886,16.196571,15.994492,15.902481,16.086403,15.902481,16.049652,16.049652,16.159874,16.031273,15.957695,16.288277,15.976097,15.884071,16.031273,15.865646,16.068031,15.939293,15.699715,15.939293,16.031273,16.123146,16.012886,16.159874,16.104774,15.920883,16.068031,15.810371,15.976097,16.068031,16.012886,15.865646,15.865646,15.865646,15.976097,15.994492,15.994492,16.324928,16.049652,16.068031,16.068031,16.104774,15.976097,15.847229,15.828796,15.976097,16.086403,16.086403,15.847229,16.031273,15.847229,16.012886,16.068031,15.994492,16.196571,15.828796,15.884071,16.068031,16.012886,16.178230,16.141510,16.049652,15.920883,15.994492,15.957695,16.031273,16.233269,16.068031,16.086403,16.031273,16.012886,15.884071,15.957695,15.920883,15.828796,15.920883,15.847229,15.773499,15.847229,15.865646,15.810371,15.957695,15.773499,15.662788,15.533455,15.791931,15.533455,15.828796,15.644325,15.810371,15.718163,15.607391,15.496475,15.699715,15.625862,15.496475,15.644325,15.681252,15.607391,15.699715,15.514977,15.514977,15.607391,15.607391,15.514977,15.718163,15.681252,15.588913,15.681252,15.773499,15.496475,15.514977,15.607391,15.403938,15.329842,15.551949,15.422462,15.477974,15.329842,15.422462,15.533455,15.422462,15.329842,15.422462,15.348373,15.385422,15.311302,15.459480,15.440964,15.311302,15.422462,15.348373,15.514977,15.459480,15.570435,15.274223,15.348373,15.366905,15.329842,15.422462,15.422462,15.329842,15.329842,15.311302,15.496475,15.644325,15.459480,15.162895,15.255684,15.385422,15.329842,15.366905,15.588913,15.422462,15.237137,15.274223,15.385422,15.348373,15.403938,15.570435,15.403938,15.366905,15.477974,15.366905,15.348373,15.292770,15.403938,15.218575,15.440964,15.385422,15.348373,15.366905,15.422462,15.348373,15.496475,15.348373,15.422462,15.477974,15.385422,15.403938,15.533455,15.496475,15.403938,15.570435,15.496475,15.570435,15.440964,15.570435,15.422462,15.366905,15.440964,15.551949,15.477974,15.588913,15.422462,15.625862,15.551949,15.736610,15.551949,15.496475,15.496475,15.681252,15.718163,15.791931,15.810371,15.920883,15.939293,15.976097,16.049652,16.123146,15.828796,16.086403,16.086403,16.159874,16.012886,16.086403,16.031273,16.123146,16.086403,16.104774,15.976097,16.086403,16.031273,16.178230,16.178230,16.178230,16.086403,16.141510,15.976097,16.178230,15.957695,15.920883,16.159874,16.141510,16.178230,16.068031,15.939293,16.049652,16.159874,16.086403,16.196571,16.012886,16.159874,16.104774,16.123146,16.049652,16.049652,16.049652,16.233269,16.178230,16.049652,16.031273,16.233269,16.214928,16.049652,16.178230,16.068031,16.196571,16.269951,16.453102,16.288277,16.361572,16.269951,16.324928,16.288277,16.416496,16.269951,16.398201,16.416496,16.507973,16.416496,16.343254,16.233269,16.361572,16.324928,16.581078,16.453102,16.214928,16.434807,16.562805,16.453102,16.361572,16.599342,16.489677,16.416496,16.818245,16.635872,16.599342,16.708862,16.507973,16.599342,16.672379,16.581078,16.672379,16.581078,16.672379,16.818245,16.562805,16.745338,16.599342,16.745338,16.927490,16.891090,16.763573,16.763573,16.854668,16.854668,16.927490,16.854668,17.054764,17.054764,17.018410,16.800026,16.909286,17.054764,17.036591,17.127403,16.963875,17.018410,16.909286,17.145554,17.163704,16.945679,16.982056,17.018410,17.018410,17.272507,17.018410,17.272507,17.181839,17.272507,17.109245,17.199982,17.145554,17.236252,17.236252,17.344955,17.236252,17.399261,17.308739,17.308739,17.290627,17.453522,17.290627,17.236252,17.471611,17.435440,17.616119,17.507759,17.399261,17.417351,17.634163,17.417351,17.561958,17.489685,17.471611,17.399261,17.652206,17.453522,17.778404,17.652206,17.435440,17.543900,17.634163,17.760384,17.796410,17.706314,17.760384,17.706314,17.706314,17.688278,17.742363,18.048164,17.940361,17.796410,17.832420,17.922386,17.904396,17.832420,17.904396,18.102013,18.030205,18.084076,18.084076,17.940361,18.030205,17.904396,18.155830,17.940361,18.191681,18.119965,18.299164,18.030205,18.209602,18.317062,18.173759,18.299164,18.155830,18.370735,18.370735,18.173759,18.317062,18.370735,18.317062,18.155830,18.388626,18.137894,18.549400,18.245445,18.370735,18.406502,18.495850,18.281258,18.424385,18.370735,18.388626,18.317062,18.531555,18.638596,18.638596,18.317062,18.442253,18.567253,18.549400,18.460121,18.745483,18.370735,18.674240,18.531555,18.513702,18.656418,18.406502,18.602928,18.602928,18.549400,18.745483,18.495850,18.549400,18.674240,18.585091,18.620766,18.958870,18.692055,18.656418,18.834473,18.567253,18.674240,18.816673,18.798889,18.798889,18.674240,18.620766,18.745483,18.816673,18.674240,18.816673,18.745483,18.887802,18.763298,18.834473,18.834473,18.887802,18.852249,18.852249,18.923340,18.852249,18.798889,18.976631,18.905579,18.923340,18.994377,18.887802,18.941109,19.047615,19.065346,19.100807,18.905579,19.153984,19.153984,19.012123,18.994377,19.118538,19.136261,19.100807,19.207108,19.330948,18.994377,19.171692,19.207108,19.047615,19.295586,19.260208,19.295586,19.207108,19.366287,19.242508,19.330948,19.242508,19.295586,19.401619,19.436943,19.366287,19.348618,19.525154,19.153984,19.419281,19.383957,19.366287,19.489883,19.472237,19.595665,19.436943,19.383957,19.436943,19.472237,19.419281,19.789246,19.419281,19.366287,19.366287,19.348618,19.542793,19.383957,19.454590,19.171692,19.419281,19.560417,19.701309,19.295586,19.489883,19.489883,19.295586,19.560417,19.436943,19.489883,19.683716,19.330948,19.542793,19.383957,19.701309,19.383957,19.542793,19.578049,19.736496,19.701309,19.630898,19.595665,19.542793,19.472237,19.701309,19.736496,19.648506,19.578049,19.894638,
16.306610,16.086403,15.957695,15.994492,15.957695,15.976097,16.214928,16.178230,16.012886,16.269951,16.012886,16.269951,16.196571,16.049652,16.306610,16.068031,16.306610,16.233269,16.233269,16.288277,16.141510,16.288277,16.343254,16.104774,16.599342,16.324928,16.269951,16.581078,16.544525,16.398201,16.361572,16.434807,16.489677,16.416496,16.544525,16.507973,16.453102,16.416496,16.251610,16.453102,16.434807,16.562805,16.489677,16.196571,16.489677,16.562805,16.635872,16.416496,16.361572,16.379883,16.343254,16.288277,16.196571,16.306610,16.526253,16.434807,16.086403,16.324928,16.434807,16.471397,16.361572,16.453102,16.507973,16.434807,16.453102,16.288277,16.269951,16.343254,16.196571,16.453102,16.471397,16.288277,16.104774,16.343254,16.141510,16.123146,16.104774,16.251610,16.104774,15.994492,16.306610,16.178230,16.178230,15.994492,16.306610,15.957695,16.398201,16.012886,16.123146,16.123146,16.104774,16.104774,16.012886,16.031273,16.031273,16.104774,16.049652,15.957695,15.865646,16.031273,15.828796,15.939293,15.847229,15.902481,15.957695,15.791931,15.920883,16.104774,16.031273,16.086403,15.902481,15.994492,15.810371,15.791931,16.068031,16.068031,16.012886,15.828796,15.902481,15.791931,15.884071,16.068031,15.994492,15.791931,15.884071,15.847229,16.068031,16.049652,15.939293,16.068031,15.939293,15.847229,15.884071,15.884071,16.141510,15.902481,16.104774,16.086403,15.865646,15.957695,16.031273,16.012886,16.086403,16.049652,16.049652,16.049652,15.773499,16.012886,16.031273,16.104774,16.031273,15.865646,16.159874,15.957695,15.920883,16.123146,16.012886,15.976097,15.865646,15.810371,15.865646,15.847229,15.755058,15.939293,15.884071,15.902481,15.736610,15.791931,15.662788,15.588913,15.755058,15.718163,15.644325,15.644325,15.514977,15.385422,15.644325,15.791931,15.440964,15.440964,15.477974,15.718163,15.496475,15.736610,15.791931,15.644325,15.422462,15.699715,15.607391,15.662788,15.496475,15.588913,15.533455,15.440964,15.662788,15.551949,15.625862,15.570435,15.588913,15.440964,15.440964,15.459480,15.588913,15.551949,15.440964,15.625862,15.274223,15.440964,15.477974,15.311302,15.348373,15.422462,15.311302,15.255684,15.422462,15.292770,15.459480,15.366905,15.237137,15.477974,15.311302,15.218575,15.329842,15.385422,15.366905,15.311302,15.311302,15.477974,15.311302,15.403938,15.385422,15.348373,15.607391,15.311302,15.274223,15.125755,15.477974,15.255684,15.292770,15.348373,15.292770,15.329842,15.385422,15.422462,15.274223,15.422462,15.255684,15.348373,15.440964,15.570435,15.292770,15.496475,15.440964,15.385422,15.551949,15.348373,15.440964,15.255684,15.329842,15.292770,15.366905,15.607391,15.459480,15.496475,15.385422,15.292770,15.496475,15.422462,15.385422,15.459480,15.514977,15.348373,15.311302,15.274223,15.422462,15.588913,15.385422,15.607391,15.440964,15.588913,15.477974,15.625862,15.533455,15.496475,15.681252,15.718163,15.791931,15.588913,15.681252,15.828796,15.865646,15.791931,16.049652,16.068031,15.939293,16.049652,16.104774,15.994492,16.123146,16.049652,16.214928,15.902481,16.086403,16.049652,16.068031,16.178230,16.049652,16.141510,16.196571,15.994492,15.994492,15.957695,16.049652,16.159874,16.012886,16.159874,15.847229,16.233269,15.976097,16.049652,16.196571,16.012886,15.920883,15.957695,15.994492,16.159874,16.123146,16.141510,16.086403,16.214928,15.884071,16.086403,16.086403,16.159874,16.068031,16.251610,16.141510,16.178230,16.086403,16.178230,16.306610,16.398201,16.269951,16.178230,16.233269,16.324928,16.196571,16.379883,16.269951,16.086403,16.269951,16.214928,16.196571,16.434807,16.398201,16.251610,16.269951,16.288277,16.178230,16.507973,16.233269,16.379883,16.379883,16.343254,16.398201,16.562805,16.306610,16.453102,16.471397,16.599342,16.471397,16.489677,16.471397,16.453102,16.507973,16.635872,16.507973,16.251610,16.617607,16.672379,16.599342,16.526253,16.763573,16.617607,16.526253,16.672379,16.727104,16.763573,16.617607,16.562805,16.672379,16.781799,16.763573,16.763573,16.708862,16.945679,16.781799,16.745338,16.745338,16.781799,16.909286,16.945679,16.945679,17.072929,16.818245,16.891090,17.000237,17.036591,16.963875,17.054764,17.199982,17.254379,17.072929,17.308739,17.109245,17.272507,17.145554,17.326851,17.272507,17.000237,17.181839,17.272507,17.218117,17.254379,17.344955,17.381157,17.199982,17.272507,17.363060,17.417351,17.489685,17.399261,17.344955,17.272507,17.236252,17.489685,17.435440,17.417351,17.308739,17.326851,17.453522,17.381157,17.598068,17.417351,17.127403,17.598068,17.616119,17.616119,17.525826,17.598068,17.525826,17.724342,17.778404,17.561958,17.525826,17.742363,17.652206,17.886406,17.706314,17.958336,17.688278,17.850410,17.778404,17.832420,17.832420,18.030205,17.832420,17.922386,17.994278,17.958336,17.958336,17.886406,18.066116,17.994278,18.173759,17.940361,17.904396,18.209602,18.155830,18.191681,18.084076,18.334953,18.209602,18.352852,17.940361,17.976311,18.299164,18.066116,18.299164,18.406502,18.281258,18.460121,18.370735,18.370735,18.245445,18.245445,18.406502,18.388626,18.477982,18.388626,18.281258,18.477982,18.442253,18.209602,18.477982,18.460121,18.495850,18.424385,18.531555,18.388626,18.299164,18.549400,18.513702,18.513702,18.406502,18.477982,18.674240,18.352852,18.567253,18.406502,18.602928,18.638596,18.745483,18.460121,18.585091,18.406502,18.567253,18.513702,18.531555,18.727684,18.495850,18.709869,18.567253,18.727684,18.709869,18.692055,18.638596,18.620766,18.602928,18.798889,18.656418,18.656418,18.495850,18.763298,18.798889,18.798889,18.674240,18.781090,18.887802,18.763298,18.798889,18.976631,18.994377,18.798889,18.923340,18.709869,18.674240,18.852249,18.834473,19.012123,18.781090,19.029869,18.656418,19.047615,18.887802,18.905579,19.029869,19.153984,18.816673,18.994377,18.923340,19.100807,19.012123,18.941109,19.100807,19.224815,18.870033,19.171692,19.207108,19.029869,19.083084,19.348618,19.454590,19.136261,19.313263,19.207108,19.029869,19.313263,19.260208,19.100807,19.295586,19.348618,19.419281,19.578049,19.366287,19.277893,19.330948,19.436943,19.454590,19.277893,19.348618,19.666115,19.648506,19.277893,19.224815,19.136261,19.313263,19.242508,19.153984,19.366287,19.489883,19.366287,19.542793,19.578049,19.436943,19.507530,19.277893,19.630898,19.489883,19.436943,19.401619,19.648506,19.560417,19.595665,19.560417,19.313263,19.542793,19.595665,19.454590,19.472237,19.454590,19.595665,19.419281,19.578049,19.454590,19.754082,19.754082,19.630898,19.578049,19.912178,
16.343254,16.398201,16.324928,16.196571,16.031273,16.178230,15.957695,16.104774,16.214928,16.306610,16.361572,16.086403,16.104774,16.214928,16.178230,16.178230,16.141510,16.031273,16.269951,16.343254,16.233269,16.361572,16.251610,16.178230,16.434807,16.123146,16.306610,16.324928,16.324928,16.416496,16.489677,16.361572,16.489677,16.324928,16.434807,16.507973,16.471397,16.489677,16.379883,16.763573,16.453102,16.178230,16.453102,16.434807,16.324928,16.398201,16.361572,16.288277,16.507973,16.398201,16.324928,16.269951,16.086403,16.269951,16.471397,16.306610,16.398201,16.288277,16.434807,16.471397,16.361572,16.398201,16.324928,16.214928,16.526253,16.398201,16.269951,16.196571,16.343254,16.214928,16.343254,16.141510,16.086403,16.123146,16.343254,16.233269,16.196571,15.976097,16.012886,16.104774,16.178230,15.884071,16.031273,16.031273,15.865646,16.178230,15.902481,16.012886,15.976097,15.847229,15.957695,15.791931,16.012886,15.920883,16.104774,15.902481,15.791931,15.884071,15.884071,15.810371,15.828796,15.718163,15.736610,16.123146,15.791931,15.994492,15.939293,15.755058,16.104774,15.884071,15.791931,16.012886,15.920883,16.068031,15.902481,16.031273,15.994492,16.178230,15.828796,16.068031,15.976097,15.957695,15.865646,16.141510,15.957695,16.141510,16.068031,16.049652,15.865646,15.920883,15.810371,15.755058,15.939293,16.012886,15.865646,15.957695,16.123146,16.159874,16.086403,15.884071,16.049652,15.847229,15.755058,16.104774,15.847229,16.086403,16.416496,16.104774,16.049652,16.104774,15.957695,16.159874,15.920883,16.104774,15.976097,16.031273,15.847229,15.902481,15.957695,16.012886,15.681252,15.976097,15.791931,15.736610,15.791931,15.736610,15.773499,15.607391,15.736610,15.459480,15.533455,15.902481,15.773499,15.477974,15.736610,15.902481,15.699715,15.718163,15.662788,15.533455,15.681252,15.514977,15.607391,15.551949,15.570435,15.625862,15.662788,15.681252,15.533455,15.551949,15.551949,15.403938,15.422462,15.311302,15.514977,15.440964,15.477974,15.607391,15.403938,15.718163,15.422462,15.459480,15.570435,15.514977,15.218575,15.422462,15.699715,15.496475,15.736610,15.366905,15.533455,15.348373,15.422462,15.311302,15.570435,15.385422,15.237137,15.292770,15.348373,15.403938,15.496475,15.403938,15.403938,15.440964,15.218575,15.329842,15.274223,15.440964,15.366905,15.348373,15.440964,15.237137,15.385422,15.440964,15.440964,15.551949,15.366905,15.366905,15.459480,15.348373,15.496475,15.311302,15.366905,15.459480,15.237137,15.422462,15.422462,15.366905,15.403938,15.533455,15.496475,15.440964,15.459480,15.366905,15.218575,15.551949,15.477974,15.329842,15.385422,15.348373,15.311302,15.403938,15.551949,15.681252,15.514977,15.440964,15.440964,15.385422,15.311302,15.422462,15.570435,15.440964,15.533455,15.440964,15.533455,15.477974,15.496475,15.459480,15.588913,15.403938,15.662788,15.514977,15.440964,15.477974,15.718163,15.736610,15.736610,15.644325,15.791931,15.810371,15.865646,16.012886,15.828796,15.939293,15.939293,16.251610,16.141510,16.068031,16.049652,15.939293,16.049652,16.123146,16.123146,16.104774,16.141510,16.086403,16.159874,15.994492,16.068031,16.178230,15.957695,15.939293,15.755058,15.884071,15.847229,16.049652,16.086403,16.068031,16.068031,16.049652,16.251610,16.068031,15.994492,16.049652,15.976097,16.214928,16.233269,15.994492,16.031273,16.159874,16.196571,16.104774,15.957695,16.123146,16.178230,16.288277,15.939293,16.141510,16.141510,16.049652,16.104774,16.288277,16.233269,16.159874,16.141510,16.141510,16.159874,16.178230,16.178230,16.159874,16.159874,16.324928,16.196571,16.269951,16.233269,16.379883,16.159874,16.233269,16.489677,16.159874,16.306610,16.507973,16.214928,16.324928,16.324928,16.416496,16.398201,16.361572,16.581078,16.526253,16.416496,16.453102,16.398201,16.489677,16.581078,16.416496,16.507973,16.617607,16.526253,16.544525,16.617607,16.471397,16.599342,16.800026,16.654121,16.672379,16.635872,16.745338,16.690620,16.690620,16.927490,16.891090,16.818245,16.836464,16.727104,16.745338,16.617607,16.745338,16.727104,16.781799,16.800026,17.127403,16.982056,16.854668,16.872887,17.000237,16.927490,16.891090,16.963875,16.963875,17.018410,17.000237,16.963875,17.036591,16.945679,17.254379,17.236252,17.272507,17.018410,17.145554,17.109245,17.163704,17.145554,17.181839,17.290627,17.254379,17.145554,17.218117,17.236252,17.181839,17.163704,17.308739,17.254379,17.507759,17.435440,17.363060,17.471611,17.290627,17.308739,17.308739,17.236252,17.471611,17.435440,17.417351,17.525826,17.399261,17.525826,17.652206,17.580009,17.634163,17.724342,17.652206,17.598068,17.616119,17.561958,17.471611,17.616119,17.778404,17.796410,17.814415,17.832420,17.850410,17.994278,17.940361,17.940361,17.796410,17.634163,17.724342,17.832420,17.814415,18.030205,17.994278,17.850410,17.940361,17.922386,17.976311,18.066116,18.119965,18.030205,18.084076,18.084076,18.281258,18.048164,18.137894,18.084076,18.030205,18.155830,18.370735,18.299164,18.299164,18.263351,18.173759,18.406502,18.173759,18.030205,18.352852,18.281258,18.460121,18.263351,18.388626,18.173759,18.334953,18.245445,18.442253,18.281258,18.424385,18.352852,18.299164,18.370735,18.370735,18.513702,18.460121,18.334953,18.567253,18.370735,18.549400,18.227524,18.299164,18.709869,18.442253,18.567253,18.567253,18.299164,18.549400,18.460121,18.495850,18.460121,18.531555,18.442253,18.656418,18.620766,18.656418,18.567253,18.388626,18.460121,18.406502,18.424385,18.602928,18.638596,18.727684,18.727684,18.763298,18.656418,18.549400,18.745483,18.495850,18.567253,18.567253,18.852249,18.798889,18.941109,18.709869,18.905579,18.781090,18.834473,18.941109,18.567253,18.852249,18.923340,18.798889,18.745483,18.834473,18.958870,18.870033,18.656418,18.816673,18.798889,18.620766,18.887802,19.047615,18.923340,18.923340,18.887802,18.852249,19.171692,18.923340,18.870033,18.798889,18.870033,18.994377,18.958870,19.047615,19.047615,18.941109,19.136261,19.242508,19.295586,18.994377,19.224815,19.419281,19.366287,19.153984,19.313263,19.260208,19.383957,19.242508,19.383957,19.295586,19.171692,19.348618,19.366287,19.806816,19.277893,19.383957,19.224815,19.260208,19.171692,19.153984,19.330948,19.366287,19.330948,19.242508,19.472237,19.313263,19.295586,19.047615,19.330948,19.136261,19.348618,19.348618,19.454590,19.578049,19.295586,19.189407,19.472237,19.560417,19.472237,19.330948,19.383957,19.383957,19.472237,19.348618,19.472237,19.436943,19.613289,19.648506,19.454590,19.666115,19.718910,19.613289,
16.251610,16.269951,16.123146,16.269951,16.141510,16.379883,16.159874,16.471397,16.178230,16.361572,16.031273,16.233269,16.214928,16.104774,16.434807,16.178230,16.398201,16.288277,16.361572,16.434807,16.324928,16.196571,16.507973,16.324928,16.196571,16.343254,16.416496,16.526253,16.343254,16.269951,16.416496,16.398201,16.489677,16.233269,16.361572,16.562805,16.324928,16.544525,16.654121,16.526253,16.544525,16.453102,16.251610,16.361572,16.654121,16.416496,16.507973,16.526253,16.306610,16.635872,16.251610,16.562805,16.196571,16.361572,16.324928,16.599342,16.654121,16.324928,16.471397,16.398201,16.233269,16.269951,16.324928,16.196571,16.288277,16.288277,16.562805,16.233269,16.269951,16.159874,16.049652,16.379883,16.159874,16.031273,16.306610,16.086403,16.196571,15.865646,15.884071,16.068031,16.141510,16.031273,15.810371,15.884071,16.031273,15.920883,15.920883,15.976097,15.920883,15.902481,15.920883,15.884071,15.828796,15.902481,15.773499,15.884071,16.031273,15.773499,15.865646,15.884071,15.662788,15.865646,15.976097,16.031273,15.773499,15.976097,15.644325,15.755058,15.939293,16.049652,15.994492,15.865646,15.884071,15.791931,15.773499,15.791931,15.939293,15.884071,15.644325,15.920883,16.012886,15.847229,16.159874,15.681252,15.884071,15.902481,15.902481,16.068031,15.847229,16.141510,15.884071,15.902481,15.810371,15.957695,15.884071,15.902481,15.847229,15.773499,15.865646,15.939293,15.976097,15.847229,16.012886,15.957695,15.957695,15.920883,15.976097,15.884071,15.939293,16.104774,15.791931,15.957695,15.773499,16.123146,15.957695,16.123146,15.810371,16.012886,16.049652,15.920883,15.847229,15.755058,15.791931,15.773499,15.718163,15.625862,15.791931,15.718163,15.847229,15.607391,15.551949,15.570435,15.644325,15.551949,15.348373,15.477974,15.699715,15.477974,15.588913,15.459480,15.644325,15.570435,15.496475,15.533455,15.403938,15.644325,15.588913,15.607391,15.422462,15.625862,15.533455,15.496475,15.551949,15.348373,15.514977,15.570435,15.477974,15.440964,15.681252,15.496475,15.440964,15.403938,15.514977,15.533455,15.440964,15.551949,15.570435,15.292770,15.551949,15.385422,15.440964,15.366905,15.366905,15.329842,15.237137,15.403938,15.274223,15.514977,15.274223,15.366905,15.348373,15.496475,15.200020,15.385422,15.274223,15.237137,15.144333,15.403938,15.292770,15.366905,15.218575,15.477974,15.292770,15.292770,15.477974,15.440964,15.348373,15.403938,15.366905,15.144333,15.366905,15.366905,15.496475,15.440964,15.440964,15.311302,15.292770,15.440964,15.348373,15.385422,15.385422,15.385422,15.385422,15.496475,15.459480,15.311302,15.514977,15.366905,15.403938,15.422462,15.551949,15.533455,15.311302,15.496475,15.403938,15.533455,15.477974,15.625862,15.403938,15.459480,15.514977,15.496475,15.459480,15.459480,15.662788,15.440964,15.477974,15.533455,15.459480,15.496475,15.625862,15.588913,15.514977,15.459480,15.755058,15.681252,15.644325,15.865646,15.607391,15.791931,15.847229,15.718163,16.068031,16.104774,15.939293,15.994492,16.012886,16.012886,16.159874,16.031273,16.068031,16.086403,16.049652,16.031273,16.104774,15.957695,16.141510,15.994492,15.957695,16.104774,15.810371,16.086403,15.976097,15.939293,16.012886,16.086403,15.884071,16.159874,16.141510,15.976097,16.012886,15.976097,15.976097,15.994492,16.031273,16.086403,16.049652,16.086403,16.068031,16.031273,16.068031,16.031273,16.031273,16.049652,16.104774,16.159874,16.031273,16.233269,16.068031,16.123146,16.123146,16.104774,16.141510,16.031273,16.361572,16.141510,16.269951,16.269951,16.361572,16.141510,16.306610,16.196571,16.049652,16.104774,16.251610,16.104774,16.031273,16.251610,16.343254,16.324928,16.288277,16.324928,16.453102,16.233269,16.196571,16.398201,16.214928,16.324928,16.599342,16.398201,16.489677,16.269951,16.343254,16.398201,16.453102,16.526253,16.617607,16.654121,16.654121,16.526253,16.672379,16.672379,16.581078,16.489677,16.562805,16.654121,16.635872,16.708862,16.599342,16.800026,16.727104,16.672379,16.635872,16.599342,16.836464,16.708862,16.581078,16.854668,16.635872,16.872887,16.781799,16.781799,16.836464,16.690620,16.836464,16.872887,16.854668,16.854668,16.800026,17.072929,17.000237,16.872887,17.072929,16.982056,17.072929,17.127403,17.036591,17.145554,17.127403,17.199982,17.036591,17.145554,17.127403,17.236252,17.145554,17.272507,17.054764,17.091087,17.109245,17.199982,17.163704,17.344955,17.145554,17.471611,17.145554,17.308739,17.435440,17.525826,17.254379,17.435440,17.326851,17.344955,17.199982,17.344955,17.344955,17.344955,17.290627,17.435440,17.435440,17.344955,17.616119,17.381157,17.580009,17.471611,17.507759,17.543900,17.778404,17.634163,17.489685,17.706314,17.670250,17.706314,17.814415,17.832420,17.796410,17.904396,17.670250,17.850410,17.850410,17.832420,17.994278,18.191681,17.994278,17.886406,17.940361,17.958336,17.886406,17.976311,17.814415,17.922386,18.048164,17.940361,18.030205,18.119965,18.048164,18.155830,18.048164,18.281258,18.102013,18.137894,18.334953,18.066116,18.084076,18.227524,18.227524,18.191681,18.137894,18.245445,18.281258,18.102013,18.334953,18.317062,18.299164,18.155830,18.299164,18.406502,18.263351,18.334953,18.388626,18.137894,18.388626,18.227524,18.424385,18.334953,18.388626,18.334953,18.406502,18.227524,18.388626,18.442253,18.477982,18.460121,18.513702,18.281258,18.406502,18.442253,18.620766,18.549400,18.460121,18.352852,18.460121,18.352852,18.406502,18.638596,18.317062,18.388626,18.442253,18.638596,18.370735,18.709869,18.495850,18.674240,18.816673,18.495850,18.477982,18.638596,18.424385,18.763298,18.656418,18.549400,18.638596,18.531555,18.585091,18.620766,18.424385,18.692055,18.620766,18.585091,18.620766,18.798889,18.549400,18.834473,18.727684,18.816673,18.994377,18.674240,18.602928,19.083084,18.585091,18.692055,18.763298,19.029869,19.118538,18.976631,19.012123,18.852249,19.100807,19.100807,19.065346,19.100807,19.100807,18.816673,19.189407,18.941109,19.100807,19.153984,18.976631,19.224815,18.887802,19.171692,18.958870,19.100807,19.189407,19.065346,19.330948,19.136261,19.313263,19.153984,19.295586,19.242508,19.171692,19.189407,19.171692,19.330948,19.207108,19.401619,19.277893,19.313263,19.118538,19.242508,19.153984,19.153984,19.383957,19.348618,19.330948,19.277893,19.313263,19.260208,19.295586,19.171692,19.330948,19.472237,19.277893,19.383957,19.436943,19.100807,19.330948,19.472237,19.348618,19.295586,19.454590,19.472237,19.578049,19.436943,19.525154,19.277893,19.454590,19.489883,19.525154,19.525154,
16.269951,16.233269,16.471397,16.507973,16.453102,16.398201,16.324928,16.453102,16.214928,16.416496,16.398201,16.453102,16.178230,16.379883,16.562805,16.434807,16.343254,16.324928,16.526253,16.471397,16.343254,16.416496,16.471397,16.453102,16.416496,16.379883,16.635872,16.398201,16.489677,16.654121,16.489677,16.507973,16.599342,16.562805,16.599342,16.654121,16.599342,16.453102,16.727104,16.526253,16.251610,16.453102,16.544525,16.489677,16.654121,16.581078,16.104774,16.471397,16.324928,16.361572,16.416496,16.434807,16.306610,16.306610,16.434807,16.416496,16.453102,16.233269,16.233269,16.471397,16.453102,16.343254,16.269951,16.343254,16.251610,16.288277,16.178230,16.178230,16.324928,16.306610,15.957695,16.178230,16.031273,16.141510,16.031273,16.159874,16.123146,15.791931,15.939293,16.031273,15.865646,15.994492,15.939293,15.718163,15.773499,16.049652,16.012886,15.920883,15.736610,15.884071,15.865646,15.736610,15.939293,15.699715,15.994492,15.699715,15.681252,15.847229,15.994492,15.736610,15.791931,15.718163,15.736610,15.662788,15.625862,15.920883,15.810371,15.791931,15.736610,15.957695,15.957695,15.810371,15.718163,15.939293,15.810371,15.939293,15.791931,15.865646,15.884071,15.828796,15.902481,15.810371,15.773499,15.902481,15.994492,15.902481,16.012886,15.976097,16.031273,16.049652,15.957695,15.755058,15.884071,15.810371,15.902481,15.957695,15.865646,15.865646,15.810371,15.902481,15.847229,15.884071,15.902481,15.920883,16.031273,15.865646,15.773499,16.031273,16.012886,15.976097,15.810371,15.791931,15.865646,15.791931,15.662788,15.865646,16.068031,15.736610,15.847229,15.810371,15.791931,15.773499,15.810371,15.994492,15.755058,15.607391,15.625862,15.625862,15.477974,15.736610,15.644325,15.625862,15.662788,15.514977,15.459480,15.477974,15.607391,15.496475,15.644325,15.477974,15.662788,15.477974,15.588913,15.496475,15.699715,15.551949,15.403938,15.718163,15.588913,15.403938,15.311302,15.496475,15.644325,15.533455,15.533455,15.551949,15.496475,15.551949,15.662788,15.514977,15.477974,15.570435,15.477974,15.514977,15.385422,15.403938,15.348373,15.496475,15.255684,15.440964,15.292770,15.348373,15.440964,15.366905,15.403938,15.274223,15.440964,15.440964,15.403938,15.588913,15.348373,15.385422,15.311302,15.385422,15.311302,15.607391,15.366905,15.440964,15.181458,15.403938,15.422462,15.311302,15.181458,15.311302,15.422462,15.385422,15.403938,15.440964,15.237137,15.403938,15.422462,15.366905,15.329842,15.477974,15.311302,15.385422,15.329842,15.440964,15.403938,15.514977,15.403938,15.422462,15.366905,15.496475,15.348373,15.311302,15.459480,15.366905,15.329842,15.348373,15.570435,15.514977,15.422462,15.385422,15.551949,15.514977,15.385422,15.625862,15.514977,15.311302,15.551949,15.459480,15.440964,15.625862,15.403938,15.385422,15.588913,15.625862,15.440964,15.403938,15.699715,15.570435,15.551949,15.791931,15.459480,15.422462,15.791931,15.588913,15.939293,15.773499,15.773499,15.884071,15.902481,15.847229,16.049652,15.939293,16.068031,16.068031,16.031273,16.178230,16.104774,16.086403,16.068031,16.086403,16.012886,16.123146,16.068031,16.049652,15.976097,16.049652,16.104774,16.123146,16.123146,16.123146,15.791931,16.178230,15.865646,16.141510,16.049652,16.049652,15.994492,15.976097,15.884071,16.104774,16.269951,16.086403,15.847229,16.104774,16.049652,16.068031,15.994492,16.049652,16.123146,16.049652,16.104774,15.994492,15.847229,16.104774,16.049652,15.976097,16.141510,16.031273,15.994492,16.196571,15.976097,16.141510,16.159874,16.196571,16.288277,16.306610,16.233269,16.031273,16.123146,16.288277,16.141510,16.123146,16.159874,16.086403,16.269951,16.178230,16.196571,16.361572,16.159874,16.251610,16.196571,16.141510,16.343254,16.379883,16.288277,16.288277,16.269951,16.489677,16.507973,16.288277,16.526253,16.526253,16.434807,16.581078,16.379883,16.581078,16.654121,16.544525,16.489677,16.507973,16.379883,16.581078,16.617607,16.727104,16.544525,16.617607,16.891090,16.745338,16.599342,16.836464,16.690620,16.544525,16.745338,16.654121,16.635872,16.727104,16.672379,16.927490,16.763573,16.708862,16.836464,16.672379,16.781799,16.872887,17.000237,17.109245,16.781799,16.927490,16.927490,16.963875,17.000237,17.000237,17.000237,17.127403,17.000237,17.036591,17.091087,16.891090,17.054764,17.018410,17.109245,17.054764,17.109245,17.091087,17.308739,17.290627,17.054764,17.072929,17.127403,17.254379,17.489685,17.363060,17.471611,17.290627,17.145554,17.091087,17.254379,17.344955,17.381157,17.399261,17.471611,17.435440,17.308739,17.489685,17.471611,17.363060,17.525826,17.489685,17.525826,17.525826,17.598068,17.616119,17.670250,17.634163,17.417351,17.561958,17.670250,17.616119,17.778404,17.616119,17.724342,17.940361,18.048164,17.706314,17.706314,17.886406,17.796410,17.958336,17.778404,17.976311,17.904396,17.886406,17.886406,18.066116,17.886406,17.922386,18.066116,17.940361,17.922386,18.048164,18.102013,17.922386,17.976311,18.084076,18.173759,18.227524,18.299164,18.084076,18.317062,18.352852,18.209602,18.137894,18.245445,18.263351,18.155830,18.352852,18.227524,18.245445,17.958336,18.317062,18.102013,18.191681,18.191681,18.334953,18.173759,18.084076,18.137894,18.317062,18.370735,18.460121,18.352852,18.388626,18.370735,18.155830,18.460121,18.513702,18.352852,18.567253,18.066116,18.531555,18.495850,18.513702,18.352852,18.388626,18.281258,18.352852,18.549400,18.424385,18.531555,18.424385,18.209602,18.460121,18.531555,18.531555,18.638596,18.370735,18.567253,18.602928,18.620766,18.549400,18.602928,18.585091,18.781090,18.513702,18.602928,18.513702,18.531555,18.495850,18.870033,18.620766,18.620766,18.620766,18.513702,18.638596,18.763298,18.674240,18.887802,18.549400,18.834473,19.012123,18.727684,18.692055,18.745483,18.958870,18.656418,18.763298,18.602928,18.870033,18.941109,18.638596,18.958870,18.692055,18.976631,18.887802,19.029869,19.047615,19.083084,19.171692,19.065346,18.958870,19.153984,19.136261,19.083084,19.260208,19.153984,19.065346,19.118538,18.958870,19.224815,19.136261,19.118538,19.153984,19.118538,19.295586,19.100807,19.348618,18.923340,19.083084,19.136261,19.366287,19.224815,19.260208,19.295586,19.153984,19.100807,19.189407,19.330948,19.242508,19.136261,19.260208,19.295586,19.171692,19.171692,19.242508,19.295586,19.348618,19.242508,19.207108,19.207108,19.330948,19.153984,19.472237,19.383957,19.454590,19.242508,19.295586,19.401619,19.330948,19.383957,19.242508,19.366287,19.224815,19.330948,19.595665,19.613289,19.525154,
16.708862,16.544525,16.562805,16.635872,16.453102,16.379883,16.562805,16.416496,16.581078,16.489677,16.526253,16.581078,16.581078,16.708862,16.526253,16.690620,16.398201,16.745338,16.581078,16.745338,16.544525,16.471397,16.453102,16.471397,16.507973,16.453102,16.379883,16.581078,16.507973,16.635872,16.708862,16.581078,16.745338,16.544525,16.471397,16.727104,16.471397,16.489677,16.471397,16.599342,16.507973,16.398201,16.251610,16.544525,16.324928,16.654121,16.526253,16.453102,16.434807,16.379883,16.599342,16.306610,16.398201,16.068031,16.251610,16.269951,16.343254,16.471397,16.489677,16.416496,16.233269,16.507973,16.416496,16.343254,16.233269,16.086403,16.012886,16.086403,15.994492,16.141510,16.178230,16.123146,16.269951,16.104774,16.141510,15.810371,15.902481,16.068031,16.012886,15.920883,15.625862,15.773499,16.086403,15.920883,15.755058,16.269951,15.939293,15.994492,15.791931,15.976097,15.847229,15.718163,15.736610,15.791931,15.865646,15.791931,15.810371,15.662788,15.514977,15.718163,15.884071,15.957695,15.681252,15.847229,15.736610,15.718163,15.755058,15.773499,15.644325,15.939293,15.847229,15.755058,15.791931,15.699715,15.588913,15.681252,15.847229,15.865646,15.884071,15.847229,15.902481,15.939293,15.884071,15.939293,15.865646,15.810371,15.847229,15.884071,15.681252,15.884071,15.736610,16.068031,15.884071,15.773499,15.847229,16.012886,15.828796,15.902481,15.902481,15.810371,15.865646,16.068031,15.920883,15.976097,15.920883,15.847229,15.847229,15.902481,15.810371,16.012886,15.791931,15.976097,15.902481,15.939293,15.865646,15.791931,15.920883,15.699715,15.828796,15.865646,15.884071,15.810371,15.902481,15.644325,15.884071,15.718163,15.625862,15.681252,15.533455,15.625862,15.644325,15.625862,15.644325,15.477974,15.385422,15.496475,15.644325,15.551949,15.514977,15.551949,15.699715,15.588913,15.588913,15.385422,15.422462,15.422462,15.329842,15.496475,15.496475,15.570435,15.551949,15.625862,15.385422,15.588913,15.514977,15.459480,15.551949,15.366905,15.440964,15.459480,15.385422,15.477974,15.329842,15.422462,15.292770,15.440964,15.385422,15.496475,15.403938,15.422462,15.403938,15.440964,15.385422,15.403938,15.366905,15.329842,15.385422,15.237137,15.329842,15.422462,15.181458,15.348373,15.348373,15.403938,15.274223,15.292770,15.477974,15.477974,15.459480,15.385422,15.292770,15.533455,15.329842,15.477974,15.348373,15.477974,15.348373,15.385422,15.348373,15.440964,15.385422,15.403938,15.292770,15.385422,15.422462,15.551949,15.588913,15.329842,15.162895,15.422462,15.385422,15.514977,15.329842,15.403938,15.385422,15.366905,15.292770,15.440964,15.459480,15.366905,15.422462,15.477974,15.366905,15.551949,15.348373,15.348373,15.311302,15.514977,15.440964,15.496475,15.348373,15.496475,15.403938,15.533455,15.459480,15.403938,15.533455,15.459480,15.459480,15.329842,15.440964,15.699715,15.533455,15.551949,15.625862,15.551949,15.477974,15.939293,15.865646,15.847229,15.957695,15.884071,15.644325,15.847229,15.920883,15.976097,16.123146,16.068031,15.939293,15.939293,16.104774,16.104774,16.086403,15.976097,16.123146,16.012886,16.159874,15.773499,16.104774,16.398201,15.994492,16.288277,15.939293,16.159874,16.049652,15.884071,15.994492,15.939293,15.939293,15.773499,16.068031,15.884071,15.994492,16.104774,16.068031,15.957695,16.049652,16.159874,15.847229,16.031273,16.031273,15.994492,16.104774,16.031273,16.031273,16.123146,16.178230,16.178230,16.012886,16.031273,16.123146,16.159874,16.123146,16.196571,16.123146,16.031273,16.343254,16.086403,16.196571,16.214928,16.141510,16.104774,16.324928,16.306610,16.233269,16.141510,16.416496,16.196571,16.269951,16.324928,16.214928,16.196571,16.288277,16.398201,16.196571,16.324928,16.233269,16.251610,16.178230,16.324928,16.288277,16.379883,16.343254,16.361572,16.562805,16.343254,16.416496,16.599342,16.453102,16.471397,16.526253,16.398201,16.544525,16.507973,16.562805,16.507973,16.617607,16.654121,16.434807,16.398201,16.635872,16.672379,16.562805,16.471397,16.562805,16.854668,16.489677,16.690620,16.690620,16.654121,16.781799,16.581078,16.781799,16.818245,16.800026,16.836464,16.818245,16.927490,16.872887,16.836464,16.781799,16.945679,16.872887,16.854668,17.054764,16.836464,16.909286,17.072929,16.963875,16.945679,17.054764,17.091087,17.163704,16.909286,17.163704,17.054764,17.091087,17.236252,17.036591,17.036591,17.236252,17.109245,17.254379,17.091087,17.218117,17.218117,16.891090,17.381157,17.091087,17.290627,17.236252,17.218117,17.290627,17.381157,17.127403,17.326851,17.199982,17.489685,17.363060,17.399261,17.290627,17.489685,17.670250,17.399261,17.543900,17.616119,17.417351,17.525826,17.453522,17.525826,17.561958,17.580009,17.814415,17.616119,17.634163,17.616119,17.670250,17.778404,17.904396,17.688278,18.048164,17.796410,17.868416,17.940361,17.922386,18.102013,17.724342,17.994278,17.994278,17.850410,17.922386,17.922386,18.066116,18.030205,17.958336,18.173759,18.155830,18.137894,18.066116,18.263351,18.119965,18.048164,18.173759,18.155830,18.191681,18.245445,18.281258,18.066116,18.263351,18.263351,18.209602,18.263351,18.030205,18.424385,18.084076,18.263351,18.209602,18.263351,18.263351,18.263351,18.209602,18.317062,18.209602,18.245445,18.317062,18.173759,18.424385,18.406502,18.245445,18.460121,18.549400,18.263351,18.370735,18.370735,18.334953,18.388626,18.227524,18.352852,18.406502,18.155830,18.406502,18.317062,18.299164,18.299164,18.495850,18.263351,18.317062,18.602928,18.317062,18.406502,18.549400,18.442253,18.370735,18.460121,18.477982,18.620766,18.567253,18.495850,18.531555,18.442253,18.477982,18.709869,18.549400,18.567253,18.531555,18.692055,18.388626,18.727684,18.531555,18.513702,18.567253,18.656418,18.745483,18.763298,18.638596,18.763298,18.745483,18.709869,18.567253,18.531555,18.674240,18.976631,18.852249,19.012123,18.852249,18.941109,18.798889,18.567253,18.958870,18.798889,18.763298,18.798889,18.976631,19.118538,19.100807,18.870033,18.905579,18.958870,19.189407,19.012123,19.047615,19.436943,18.958870,19.047615,18.870033,18.941109,19.224815,19.348618,19.171692,19.100807,19.136261,19.065346,19.065346,19.083084,18.994377,19.153984,18.887802,19.047615,19.065346,19.153984,19.189407,19.277893,19.224815,19.313263,19.136261,19.260208,19.224815,19.366287,19.189407,19.029869,19.383957,19.224815,19.153984,19.419281,19.348618,19.242508,19.489883,19.401619,19.207108,19.189407,19.224815,19.383957,19.207108,19.260208,19.295586,19.419281,19.454590,19.436943,19.313263,19.771667,
16.635872,16.763573,16.489677,16.800026,16.745338,16.727104,16.672379,16.654121,16.763573,16.818245,16.361572,16.562805,16.581078,16.745338,16.544525,16.818245,16.672379,16.909286,16.781799,16.635872,16.672379,16.581078,16.635872,16.617607,16.672379,16.526253,16.745338,16.818245,16.635872,16.781799,16.471397,16.617607,16.635872,16.781799,16.654121,16.763573,16.781799,16.654121,16.416496,16.434807,16.800026,16.617607,16.581078,16.690620,16.727104,16.617607,16.434807,16.453102,16.471397,16.544525,16.507973,16.251610,16.214928,16.489677,16.581078,16.471397,16.507973,16.562805,16.489677,16.379883,16.672379,16.434807,16.379883,16.453102,16.306610,16.306610,16.251610,16.178230,16.306610,16.288277,15.939293,16.012886,16.123146,16.086403,16.178230,15.976097,15.939293,16.159874,16.104774,16.012886,15.976097,15.957695,15.865646,16.031273,15.681252,15.884071,15.847229,15.828796,15.976097,15.884071,15.736610,15.902481,15.828796,15.662788,15.773499,15.847229,15.773499,15.773499,15.718163,15.736610,15.920883,15.810371,15.625862,15.662788,15.884071,15.699715,15.699715,15.736610,15.662788,15.773499,15.847229,15.902481,15.791931,15.773499,15.736610,15.810371,15.662788,15.884071,15.865646,15.976097,15.699715,15.699715,15.607391,15.681252,15.644325,15.699715,15.736610,15.773499,15.810371,15.902481,15.662788,15.699715,15.736610,15.810371,15.718163,15.828796,15.939293,15.791931,15.920883,16.031273,15.773499,16.086403,15.828796,16.233269,15.920883,16.049652,15.902481,15.791931,15.810371,16.086403,15.884071,15.939293,15.902481,15.920883,15.865646,15.791931,15.810371,15.920883,15.828796,15.718163,15.718163,15.625862,15.718163,15.755058,15.736610,15.810371,15.459480,15.607391,15.625862,15.496475,15.662788,15.607391,15.644325,15.533455,15.459480,15.644325,15.681252,15.607391,15.477974,15.625862,15.551949,15.422462,15.477974,15.366905,15.533455,15.440964,15.440964,15.403938,15.311302,15.533455,15.607391,15.570435,15.348373,15.514977,15.348373,15.718163,15.477974,15.533455,15.403938,15.625862,15.422462,15.477974,15.274223,15.570435,15.329842,15.385422,15.514977,15.385422,15.403938,15.514977,15.366905,15.422462,15.403938,15.440964,15.385422,15.385422,15.311302,15.329842,15.385422,15.329842,15.440964,15.366905,15.237137,15.255684,15.403938,15.311302,15.440964,15.348373,15.366905,15.311302,15.366905,15.237137,15.348373,15.348373,15.237137,15.348373,15.274223,15.181458,15.274223,15.496475,15.088600,15.329842,15.292770,15.422462,15.348373,15.366905,15.200020,15.459480,15.477974,15.348373,15.514977,15.477974,15.348373,15.274223,15.329842,15.496475,15.329842,15.459480,15.274223,15.403938,15.403938,15.459480,15.348373,15.403938,15.403938,15.403938,15.403938,15.662788,15.459480,15.459480,15.422462,15.422462,15.329842,15.533455,15.422462,15.459480,15.477974,15.459480,15.459480,15.440964,15.570435,15.551949,15.533455,15.496475,15.662788,15.348373,15.607391,15.588913,15.681252,15.828796,15.902481,15.773499,16.031273,15.865646,15.828796,16.068031,15.920883,16.031273,15.994492,15.902481,16.086403,15.957695,16.104774,16.178230,16.123146,15.902481,15.939293,16.123146,16.031273,16.104774,15.976097,16.233269,15.976097,16.049652,15.994492,16.049652,16.031273,16.086403,16.012886,15.976097,15.957695,15.957695,15.902481,16.031273,16.031273,16.159874,16.068031,15.957695,15.736610,15.902481,15.847229,15.939293,15.994492,16.031273,15.957695,15.976097,16.104774,16.031273,16.123146,16.012886,15.957695,16.031273,15.994492,16.214928,16.214928,16.288277,15.957695,16.288277,16.269951,15.957695,16.233269,16.104774,16.251610,16.233269,16.196571,16.196571,16.379883,16.196571,16.104774,16.214928,16.343254,16.178230,16.324928,16.251610,16.159874,16.379883,16.196571,16.324928,16.288277,16.269951,16.159874,16.398201,16.178230,16.251610,16.324928,16.343254,16.507973,16.434807,16.361572,16.398201,16.398201,16.489677,16.672379,16.453102,16.379883,16.288277,16.562805,16.672379,16.269951,16.544525,16.745338,16.562805,16.453102,16.617607,16.690620,16.727104,16.672379,16.635872,16.654121,16.727104,16.708862,16.727104,16.672379,16.800026,16.854668,16.909286,16.963875,16.872887,16.672379,16.854668,16.945679,16.818245,16.963875,17.018410,16.963875,16.800026,16.854668,17.127403,16.836464,17.018410,16.963875,17.036591,16.927490,16.891090,17.091087,17.127403,17.127403,17.054764,16.909286,16.945679,17.109245,16.909286,16.963875,17.054764,17.091087,17.127403,17.036591,17.145554,17.218117,17.163704,17.054764,17.399261,17.254379,17.308739,17.363060,17.290627,17.326851,17.326851,17.290627,17.326851,17.272507,17.381157,17.326851,17.344955,17.489685,17.634163,17.453522,17.598068,17.724342,17.652206,17.616119,17.706314,17.507759,17.688278,17.634163,17.652206,17.634163,17.814415,17.724342,17.778404,17.760384,17.814415,17.778404,17.850410,17.868416,17.706314,17.940361,18.066116,18.030205,18.066116,17.904396,17.886406,17.976311,18.066116,17.958336,18.012245,18.119965,18.066116,18.137894,18.102013,17.922386,18.084076,18.227524,17.994278,18.119965,18.317062,18.155830,17.940361,18.370735,18.048164,17.994278,18.227524,18.048164,18.191681,18.119965,18.317062,18.173759,18.119965,17.958336,18.102013,18.317062,18.317062,18.281258,18.317062,18.263351,18.317062,18.227524,18.352852,18.281258,18.424385,18.173759,18.406502,18.317062,18.334953,18.066116,18.388626,18.370735,18.299164,18.495850,18.281258,18.424385,18.424385,18.317062,18.388626,18.406502,18.442253,18.674240,18.549400,18.602928,18.549400,18.370735,18.317062,18.495850,18.334953,18.567253,18.477982,18.495850,18.602928,18.299164,18.424385,18.602928,18.709869,18.798889,18.406502,18.477982,18.781090,18.549400,18.763298,18.798889,18.763298,18.745483,18.585091,18.745483,18.923340,18.727684,18.763298,18.692055,18.620766,18.905579,18.709869,18.656418,18.709869,18.887802,18.727684,18.602928,18.816673,18.941109,18.834473,18.798889,18.781090,18.958870,18.887802,18.941109,19.029869,18.923340,19.012123,19.065346,19.012123,19.065346,19.012123,18.994377,19.083084,19.083084,18.923340,18.976631,19.100807,19.065346,19.118538,19.012123,19.118538,19.207108,19.136261,19.207108,19.313263,19.224815,19.065346,19.012123,19.330948,19.189407,19.100807,19.383957,19.118538,19.100807,19.118538,19.029869,19.136261,19.207108,18.958870,19.189407,19.277893,19.047615,19.348618,19.153984,18.905579,19.489883,19.189407,19.277893,19.189407,19.207108,19.489883,19.401619,19.118538,19.489883,19.118538,19.401619,19.383957,19.171692,19.330948,19.436943,19.613289,
17.109245,16.745338,16.945679,16.909286,16.854668,16.963875,17.072929,17.000237,16.872887,16.982056,16.872887,16.818245,16.945679,16.982056,16.818245,17.181839,16.836464,16.672379,16.654121,16.963875,16.654121,16.927490,16.763573,16.781799,16.818245,16.654121,16.963875,16.891090,16.763573,16.927490,16.872887,16.836464,16.891090,16.672379,17.072929,16.599342,16.891090,16.800026,16.854668,16.708862,16.617607,16.599342,16.727104,16.818245,16.599342,16.672379,16.617607,16.599342,16.800026,16.800026,16.599342,16.763573,16.471397,16.526253,16.507973,16.324928,16.526253,16.507973,16.617607,16.434807,16.434807,16.562805,16.507973,16.489677,16.416496,16.343254,16.453102,16.361572,16.379883,15.976097,16.214928,16.251610,15.847229,15.994492,15.920883,15.994492,15.828796,16.214928,15.976097,15.976097,15.976097,15.791931,15.791931,15.957695,15.681252,16.031273,15.847229,16.031273,15.662788,15.773499,15.791931,16.012886,15.736610,15.718163,15.810371,15.773499,15.736610,15.681252,15.828796,15.847229,15.514977,15.828796,15.662788,15.884071,15.533455,15.644325,15.551949,15.718163,15.699715,15.828796,15.570435,15.385422,15.662788,15.625862,15.718163,15.736610,15.607391,15.718163,15.755058,15.718163,15.810371,15.644325,15.847229,15.902481,15.625862,15.588913,15.699715,15.810371,15.699715,15.865646,15.884071,15.644325,15.681252,15.625862,15.681252,15.847229,15.662788,15.865646,15.847229,15.810371,15.699715,15.920883,15.773499,15.902481,15.902481,15.939293,15.773499,15.939293,15.736610,15.828796,15.847229,15.791931,15.902481,15.828796,15.644325,15.865646,15.625862,15.514977,15.607391,15.607391,15.736610,15.755058,15.625862,15.718163,15.496475,15.570435,15.477974,15.755058,15.459480,15.791931,15.496475,15.496475,15.422462,15.514977,15.533455,15.274223,15.218575,15.533455,15.514977,15.218575,15.366905,15.422462,15.366905,15.403938,15.477974,15.440964,15.311302,15.348373,15.366905,15.348373,15.440964,15.385422,15.422462,15.329842,15.366905,15.311302,15.403938,15.440964,15.348373,15.366905,15.237137,15.422462,15.200020,15.403938,15.366905,15.274223,15.385422,15.274223,15.311302,15.200020,15.348373,15.237137,15.237137,15.440964,15.385422,15.366905,15.200020,15.422462,15.200020,15.125755,15.311302,15.496475,15.311302,15.403938,15.237137,15.366905,15.218575,15.348373,15.403938,15.440964,15.422462,15.144333,15.403938,15.292770,15.348373,15.274223,15.348373,15.200020,15.329842,15.403938,15.311302,15.403938,15.237137,15.440964,15.200020,15.459480,15.385422,15.366905,15.366905,15.292770,15.329842,15.440964,15.311302,15.311302,15.218575,15.440964,15.292770,15.366905,15.385422,15.422462,15.311302,15.477974,15.292770,15.329842,15.385422,15.459480,15.496475,15.311302,15.570435,15.514977,15.422462,15.366905,15.551949,15.514977,15.348373,15.514977,15.514977,15.440964,15.422462,15.440964,15.496475,15.551949,15.459480,15.570435,15.348373,15.681252,15.588913,15.699715,15.662788,15.884071,15.791931,15.681252,15.773499,15.902481,15.847229,16.031273,16.068031,16.068031,15.884071,16.141510,15.810371,15.976097,16.012886,15.994492,16.141510,15.865646,16.031273,16.049652,16.012886,16.123146,16.031273,15.976097,16.031273,16.123146,15.884071,16.031273,15.994492,15.976097,16.031273,16.049652,15.939293,15.976097,15.884071,16.159874,16.049652,16.031273,16.049652,16.123146,15.884071,15.939293,15.884071,16.049652,16.012886,16.123146,15.920883,15.957695,16.012886,16.031273,16.086403,15.976097,16.123146,16.049652,16.123146,16.031273,15.865646,16.068031,16.141510,16.178230,16.324928,16.233269,16.049652,16.068031,16.123146,16.086403,16.324928,16.141510,16.086403,16.141510,16.416496,16.123146,16.123146,16.416496,16.306610,16.178230,16.159874,15.939293,16.434807,16.104774,16.269951,16.288277,16.306610,16.141510,16.214928,16.251610,16.324928,16.526253,16.343254,16.416496,16.379883,16.398201,16.269951,16.379883,16.471397,16.471397,16.434807,16.306610,16.526253,16.453102,16.398201,16.745338,16.654121,16.526253,16.617607,16.562805,16.617607,16.526253,16.562805,16.581078,16.617607,16.544525,16.763573,16.635872,16.745338,16.727104,16.727104,16.781799,16.745338,16.763573,16.836464,16.891090,16.927490,16.854668,16.617607,16.854668,16.982056,16.891090,16.891090,16.909286,17.000237,16.836464,16.891090,17.000237,16.963875,17.018410,16.963875,17.181839,17.091087,16.909286,16.982056,17.091087,17.018410,17.018410,17.199982,17.399261,17.218117,17.109245,17.072929,17.000237,17.145554,17.381157,17.199982,17.399261,17.290627,17.236252,17.363060,17.308739,17.036591,17.290627,17.290627,17.308739,17.381157,17.489685,17.381157,17.471611,17.489685,17.688278,17.507759,17.561958,17.543900,17.616119,17.435440,17.760384,17.580009,17.850410,17.724342,17.616119,17.652206,17.760384,17.598068,17.868416,17.724342,17.922386,17.814415,17.922386,17.778404,18.012245,17.904396,17.922386,17.832420,18.066116,17.886406,17.958336,18.012245,17.976311,18.012245,18.227524,17.994278,18.048164,17.832420,17.958336,17.886406,18.066116,18.191681,18.137894,18.102013,17.976311,18.030205,18.155830,17.958336,18.084076,18.102013,18.263351,18.209602,18.263351,17.958336,18.370735,18.102013,18.281258,18.406502,18.155830,18.102013,18.102013,18.245445,18.155830,18.137894,18.209602,18.299164,18.352852,18.263351,18.102013,18.245445,18.263351,18.245445,18.317062,18.191681,18.370735,18.442253,18.513702,18.317062,18.334953,18.531555,18.388626,18.388626,18.245445,18.388626,18.495850,18.406502,18.692055,18.155830,18.531555,18.460121,18.370735,18.388626,18.406502,18.442253,18.370735,18.567253,18.692055,18.477982,18.602928,18.245445,18.763298,18.567253,18.709869,18.477982,18.620766,18.567253,18.763298,18.692055,18.620766,18.692055,18.567253,18.709869,18.798889,18.531555,18.816673,18.692055,18.798889,18.495850,18.585091,18.727684,18.781090,18.870033,18.727684,18.709869,18.674240,18.727684,18.834473,18.763298,18.620766,18.870033,18.905579,18.994377,19.012123,18.816673,18.976631,18.958870,18.976631,18.923340,18.923340,18.994377,19.047615,18.923340,18.976631,18.870033,18.958870,18.852249,19.171692,19.012123,18.994377,18.976631,19.118538,19.136261,19.118538,19.153984,19.153984,19.153984,19.029869,18.976631,19.136261,19.136261,19.065346,18.745483,19.100807,19.207108,19.153984,19.313263,19.047615,19.083084,18.994377,19.348618,19.189407,19.153984,19.189407,19.207108,19.065346,19.171692,19.330948,19.136261,19.153984,18.923340,19.277893,19.313263,19.330948,19.029869,19.207108,19.295586,19.648506,19.153984,19.472237,
16.945679,17.254379,17.199982,16.927490,17.072929,17.163704,17.054764,17.344955,17.091087,17.109245,17.127403,16.872887,17.000237,16.891090,17.199982,17.072929,17.018410,17.145554,16.872887,17.036591,17.072929,17.127403,17.036591,16.945679,17.036591,16.963875,16.982056,16.727104,17.018410,17.000237,17.000237,17.236252,16.927490,17.036591,16.891090,16.927490,17.000237,16.836464,17.127403,17.000237,16.818245,16.836464,16.854668,17.054764,16.781799,16.818245,16.727104,16.800026,16.599342,16.690620,16.690620,16.526253,16.635872,16.727104,16.581078,16.745338,16.690620,16.672379,16.544525,16.581078,16.617607,16.489677,16.599342,16.562805,16.599342,16.379883,16.471397,16.398201,16.507973,16.324928,16.288277,16.672379,16.343254,16.104774,16.123146,15.994492,16.214928,16.068031,16.233269,15.884071,16.012886,16.141510,15.902481,16.141510,16.086403,15.976097,15.957695,15.865646,15.884071,15.847229,16.031273,15.810371,16.012886,15.810371,15.920883,15.828796,15.828796,15.847229,15.828796,15.773499,15.828796,15.588913,15.662788,15.828796,15.755058,15.994492,15.718163,15.681252,15.662788,15.736610,15.828796,15.644325,15.773499,15.902481,15.662788,15.533455,15.551949,15.810371,15.533455,15.736610,15.681252,15.791931,15.514977,15.810371,15.625862,15.718163,15.533455,15.570435,15.718163,15.625862,15.625862,15.570435,15.533455,15.662788,15.625862,15.644325,15.736610,15.736610,15.828796,15.644325,15.699715,15.791931,15.718163,15.884071,15.755058,15.847229,15.810371,15.957695,15.699715,15.791931,15.718163,15.828796,15.755058,15.810371,15.699715,15.810371,15.681252,15.533455,15.514977,15.588913,15.607391,15.625862,15.718163,15.459480,15.662788,15.662788,15.570435,15.588913,15.533455,15.514977,15.366905,15.551949,15.385422,15.477974,15.459480,15.422462,15.255684,15.477974,15.311302,15.311302,15.496475,15.477974,15.274223,15.496475,15.403938,15.533455,15.366905,15.422462,15.477974,15.477974,15.403938,15.496475,15.329842,15.274223,15.422462,15.570435,15.292770,15.348373,15.403938,15.329842,15.237137,15.348373,15.385422,15.348373,15.348373,15.107178,15.292770,15.366905,15.144333,15.348373,15.292770,15.274223,15.477974,15.292770,15.255684,15.348373,15.385422,15.329842,15.385422,15.329842,15.348373,15.403938,15.311302,15.348373,15.292770,15.200020,15.292770,15.366905,15.237137,15.237137,15.440964,15.255684,15.200020,15.403938,15.348373,15.533455,15.125755,15.422462,15.200020,15.403938,15.255684,15.459480,15.255684,15.329842,15.440964,15.477974,15.311302,15.440964,15.348373,15.329842,15.440964,15.403938,15.348373,15.348373,15.459480,15.422462,15.459480,15.514977,15.348373,15.422462,15.440964,15.274223,15.274223,15.422462,15.274223,15.274223,15.440964,15.514977,15.385422,15.366905,15.311302,15.385422,15.551949,15.459480,15.551949,15.477974,15.385422,15.440964,15.422462,15.385422,15.496475,15.477974,15.477974,15.551949,15.644325,15.755058,15.514977,15.625862,15.865646,15.755058,15.718163,15.884071,15.791931,15.847229,15.939293,16.031273,16.086403,16.104774,16.031273,16.269951,15.976097,16.123146,15.994492,16.049652,15.865646,16.031273,15.920883,15.920883,16.031273,16.123146,15.902481,15.920883,15.791931,15.865646,15.994492,16.031273,15.902481,16.012886,15.939293,16.233269,16.068031,15.976097,16.012886,16.086403,15.957695,15.957695,15.939293,16.012886,16.123146,16.141510,15.810371,15.884071,16.068031,16.012886,15.902481,15.847229,16.141510,15.939293,15.976097,16.141510,15.957695,16.214928,16.031273,16.214928,16.233269,16.178230,16.104774,16.233269,16.068031,15.939293,16.159874,16.178230,16.086403,16.123146,16.068031,16.141510,16.288277,16.123146,16.178230,16.068031,16.031273,16.288277,16.012886,16.196571,16.233269,16.269951,16.068031,16.123146,16.086403,16.324928,16.361572,16.398201,16.031273,16.361572,16.269951,16.526253,16.251610,16.361572,16.361572,16.324928,16.233269,16.434807,16.434807,16.599342,16.453102,16.379883,16.233269,16.398201,16.398201,16.379883,16.471397,16.544525,16.617607,16.562805,16.489677,16.562805,16.763573,16.507973,16.398201,16.727104,16.672379,16.416496,16.727104,16.654121,16.727104,16.745338,16.489677,16.763573,16.544525,16.800026,16.781799,16.872887,16.818245,16.562805,16.745338,16.891090,16.909286,16.872887,16.836464,16.617607,17.072929,17.036591,16.909286,16.763573,16.836464,17.109245,16.872887,16.945679,17.145554,17.109245,17.181839,17.127403,17.127403,16.945679,17.181839,17.145554,17.036591,17.272507,17.290627,17.181839,17.163704,17.127403,17.254379,17.326851,17.109245,17.127403,17.272507,17.272507,17.399261,17.218117,17.507759,17.399261,17.290627,17.326851,17.417351,17.435440,17.453522,17.435440,17.417351,17.489685,17.435440,17.580009,17.742363,17.706314,17.598068,17.742363,17.742363,17.814415,17.868416,17.796410,17.868416,17.904396,17.796410,17.832420,17.940361,18.030205,17.868416,17.832420,17.796410,18.066116,17.976311,17.994278,17.922386,18.030205,18.173759,17.940361,18.066116,18.137894,18.209602,18.048164,17.940361,18.012245,17.994278,18.084076,18.137894,17.940361,18.299164,18.066116,18.119965,18.048164,18.334953,18.102013,18.155830,18.030205,18.137894,18.245445,18.281258,18.066116,18.191681,18.173759,18.137894,18.370735,18.334953,18.209602,18.227524,18.263351,18.173759,18.245445,18.263351,18.263351,18.245445,18.495850,18.066116,18.388626,18.442253,18.352852,18.334953,18.281258,18.119965,18.370735,18.173759,18.424385,18.370735,18.334953,18.245445,18.549400,18.227524,18.513702,18.370735,18.424385,18.477982,18.531555,18.299164,18.460121,18.424385,18.513702,18.299164,18.334953,18.656418,18.585091,18.424385,18.495850,18.585091,18.620766,18.477982,18.567253,18.585091,18.620766,18.798889,18.388626,18.727684,18.585091,18.549400,18.549400,18.674240,18.674240,18.870033,18.852249,18.513702,18.870033,18.781090,18.727684,18.763298,18.727684,18.834473,18.852249,18.781090,18.727684,18.852249,18.852249,18.816673,18.834473,18.745483,18.976631,18.834473,18.602928,19.083084,18.923340,19.153984,18.923340,19.012123,18.816673,18.816673,18.709869,18.852249,19.047615,18.958870,18.994377,19.065346,19.083084,19.065346,18.994377,18.958870,19.295586,19.118538,19.118538,18.994377,19.136261,19.277893,18.941109,19.153984,19.100807,18.958870,19.153984,19.118538,19.189407,19.277893,19.189407,19.047615,19.260208,19.260208,19.207108,19.083084,19.348618,19.171692,19.153984,19.330948,19.083084,19.260208,19.136261,19.242508,19.171692,19.260208,19.348618,19.366287,19.348618,19.383957,19.224815,19.542793,19.630898,
17.236252,17.254379,17.290627,17.199982,17.399261,17.344955,17.435440,17.199982,17.254379,17.181839,17.127403,17.344955,17.363060,17.290627,17.308739,17.199982,17.272507,17.435440,17.236252,17.109245,17.181839,17.181839,17.127403,17.163704,17.199982,17.054764,17.199982,17.072929,17.145554,17.091087,17.218117,17.199982,17.109245,17.036591,17.163704,17.036591,17.091087,16.818245,17.018410,17.163704,17.127403,16.963875,17.163704,17.072929,16.836464,16.763573,17.091087,16.763573,16.891090,16.727104,16.745338,16.818245,16.745338,16.836464,16.635872,16.708862,16.763573,17.018410,16.836464,16.909286,16.690620,16.909286,16.818245,16.745338,16.635872,16.635872,16.599342,16.781799,16.288277,16.306610,16.324928,16.288277,16.343254,16.324928,16.324928,16.159874,16.104774,16.233269,16.123146,16.068031,16.123146,15.994492,16.233269,16.049652,16.104774,16.012886,16.068031,16.159874,15.810371,16.068031,16.012886,15.902481,16.086403,15.976097,15.755058,15.773499,15.810371,16.214928,15.828796,15.920883,15.994492,15.902481,15.755058,15.662788,15.828796,15.884071,15.718163,15.828796,15.791931,15.699715,15.699715,15.718163,15.533455,15.662788,15.681252,15.773499,15.791931,15.699715,15.755058,15.773499,15.718163,15.662788,15.662788,15.644325,15.718163,15.533455,15.718163,15.625862,15.699715,15.699715,15.755058,15.551949,15.551949,15.699715,15.644325,15.699715,15.570435,15.644325,15.810371,15.736610,15.662788,15.681252,15.588913,15.828796,15.847229,15.736610,15.847229,15.755058,15.865646,15.865646,15.828796,15.718163,15.957695,15.810371,15.496475,15.607391,15.736610,15.920883,15.459480,15.514977,15.625862,15.736610,15.644325,15.662788,15.514977,15.681252,15.385422,15.570435,15.496475,15.477974,15.607391,15.459480,15.385422,15.662788,15.311302,15.218575,15.311302,15.514977,15.329842,15.348373,15.329842,15.385422,15.440964,15.385422,15.422462,15.496475,15.274223,15.403938,15.311302,15.496475,15.292770,15.422462,15.533455,15.366905,15.496475,15.422462,15.237137,15.385422,15.274223,15.255684,15.255684,15.366905,15.311302,15.311302,15.329842,15.292770,15.162895,15.144333,15.181458,15.144333,15.218575,15.218575,15.162895,15.366905,15.162895,15.422462,15.403938,15.200020,15.200020,15.329842,15.366905,15.144333,15.255684,15.329842,15.162895,15.274223,15.200020,15.311302,15.162895,15.422462,15.422462,15.292770,15.237137,15.274223,15.440964,15.348373,15.348373,15.255684,15.440964,15.366905,15.200020,15.311302,15.311302,15.329842,15.440964,15.292770,15.311302,15.274223,15.366905,15.311302,15.218575,15.366905,15.255684,15.440964,15.292770,15.348373,15.274223,15.311302,15.459480,15.422462,15.237137,15.329842,15.496475,15.329842,15.477974,15.459480,15.218575,15.292770,15.385422,15.366905,15.385422,15.477974,15.440964,15.385422,15.422462,15.533455,15.311302,15.570435,15.533455,15.440964,15.459480,15.477974,15.588913,15.662788,15.570435,15.625862,15.551949,15.718163,15.681252,15.662788,15.828796,15.865646,15.847229,15.847229,15.847229,16.049652,15.939293,15.957695,16.012886,16.141510,16.068031,15.847229,16.141510,16.104774,15.920883,15.920883,15.810371,15.884071,15.957695,15.976097,16.031273,15.957695,15.994492,15.920883,15.755058,15.957695,16.049652,15.939293,15.847229,16.104774,15.920883,16.068031,15.865646,16.086403,15.920883,16.031273,16.012886,15.976097,16.049652,15.994492,15.976097,16.049652,16.178230,16.049652,15.828796,16.012886,15.939293,16.012886,16.068031,15.884071,16.012886,16.012886,16.068031,16.123146,16.049652,16.141510,16.214928,16.012886,16.269951,16.012886,16.049652,16.141510,16.049652,16.141510,16.196571,16.123146,16.233269,16.214928,16.233269,16.251610,16.049652,16.306610,16.196571,16.178230,16.049652,16.104774,16.233269,16.251610,16.306610,16.306610,16.288277,16.104774,16.196571,16.379883,16.379883,16.471397,16.306610,16.324928,16.288277,16.306610,16.251610,16.269951,16.434807,16.526253,16.306610,16.398201,16.324928,16.416496,16.361572,16.471397,16.635872,16.453102,16.635872,16.708862,16.453102,16.562805,16.617607,16.763573,16.581078,16.489677,16.745338,16.690620,16.708862,16.544525,16.963875,16.654121,16.763573,16.800026,16.708862,16.909286,16.854668,16.672379,16.781799,16.818245,16.836464,17.127403,16.800026,16.909286,16.909286,16.872887,16.982056,16.654121,16.963875,16.927490,16.818245,16.854668,16.836464,16.963875,16.854668,16.891090,17.054764,17.018410,17.036591,16.945679,17.054764,17.000237,17.054764,17.145554,17.036591,17.199982,17.091087,17.054764,17.381157,17.308739,17.308739,17.363060,17.091087,17.363060,17.272507,17.381157,17.417351,17.326851,17.308739,17.290627,17.344955,17.381157,17.290627,17.417351,17.580009,17.399261,17.489685,17.688278,17.616119,17.904396,17.616119,17.742363,17.616119,17.742363,17.742363,17.688278,17.796410,17.976311,17.886406,17.796410,17.940361,17.742363,17.724342,17.886406,17.868416,17.706314,18.030205,18.137894,17.976311,17.886406,17.778404,18.084076,18.012245,17.976311,17.958336,18.299164,17.850410,18.048164,18.263351,18.317062,17.976311,18.084076,18.191681,18.137894,18.048164,18.119965,18.281258,18.030205,18.299164,18.137894,18.281258,18.227524,18.299164,18.263351,18.084076,18.155830,18.281258,18.317062,18.209602,18.155830,18.245445,18.370735,18.299164,18.084076,18.370735,18.370735,18.442253,18.513702,18.334953,18.281258,18.442253,18.299164,18.299164,18.352852,18.460121,18.209602,18.245445,18.334953,18.263351,18.549400,18.531555,18.424385,18.352852,18.352852,18.442253,18.442253,18.460121,18.388626,18.299164,18.531555,18.442253,18.638596,18.442253,18.460121,18.406502,18.638596,18.477982,18.692055,18.406502,18.602928,18.442253,18.549400,18.513702,18.442253,18.334953,18.692055,18.692055,18.763298,18.638596,18.745483,18.585091,18.763298,18.727684,18.798889,18.692055,18.781090,18.567253,18.692055,18.798889,18.798889,18.620766,18.798889,18.638596,18.852249,18.638596,18.852249,18.709869,19.118538,18.798889,18.852249,18.923340,18.763298,19.029869,18.941109,18.905579,18.923340,19.100807,18.905579,18.994377,19.029869,18.976631,19.083084,19.136261,18.638596,19.012123,18.727684,18.834473,18.816673,19.012123,18.923340,18.976631,19.029869,18.905579,18.958870,19.012123,19.012123,19.047615,19.065346,19.100807,19.277893,19.012123,19.153984,19.012123,19.118538,19.153984,18.887802,18.798889,19.260208,18.994377,18.941109,19.189407,19.189407,19.083084,19.260208,19.029869,19.260208,19.029869,19.083084,19.224815,19.189407,19.313263,19.348618,19.366287,19.207108,19.330948,19.383957,
17.616119,17.742363,17.381157,17.326851,17.471611,17.598068,17.399261,17.363060,17.308739,17.399261,17.760384,17.525826,17.417351,17.326851,17.308739,17.471611,17.507759,17.435440,17.218117,17.652206,17.489685,17.399261,17.417351,17.326851,17.543900,17.326851,17.417351,17.363060,17.072929,17.471611,17.272507,17.290627,17.381157,17.272507,17.072929,17.471611,17.381157,17.254379,17.218117,17.363060,17.272507,17.145554,17.127403,17.109245,17.145554,17.091087,17.181839,17.036591,16.945679,16.927490,17.000237,17.036591,16.872887,16.836464,16.909286,16.963875,16.818245,16.763573,16.927490,17.036591,16.781799,16.891090,16.617607,16.745338,16.800026,16.982056,16.635872,16.581078,16.526253,16.654121,16.507973,16.745338,16.288277,16.617607,16.471397,16.288277,16.178230,16.416496,16.288277,16.434807,16.196571,16.398201,16.233269,16.159874,16.233269,16.196571,16.086403,16.104774,16.141510,16.141510,15.976097,16.214928,16.178230,16.012886,16.159874,16.012886,16.049652,15.847229,15.884071,15.902481,15.976097,15.939293,15.791931,15.884071,15.884071,15.976097,15.994492,15.828796,16.031273,15.884071,16.012886,15.957695,15.736610,15.718163,15.976097,15.847229,15.496475,15.847229,15.736610,15.902481,15.699715,15.810371,15.884071,15.810371,15.994492,15.681252,15.681252,15.755058,15.644325,15.773499,15.773499,15.810371,15.496475,15.607391,15.588913,15.570435,15.681252,15.644325,15.625862,15.644325,15.681252,15.773499,15.791931,15.755058,15.514977,15.791931,15.810371,15.755058,15.699715,15.718163,15.902481,15.828796,15.625862,15.791931,15.588913,15.699715,15.570435,15.699715,15.551949,15.570435,15.422462,15.588913,15.440964,15.588913,15.440964,15.477974,15.403938,15.440964,15.440964,15.459480,15.366905,15.477974,15.496475,15.348373,15.311302,15.496475,15.385422,15.311302,15.496475,15.237137,15.348373,15.440964,15.329842,15.422462,15.440964,15.496475,15.144333,15.348373,15.274223,15.274223,15.385422,15.459480,15.385422,15.385422,15.514977,15.311302,15.477974,15.200020,15.255684,15.385422,15.237137,15.422462,15.329842,15.274223,15.144333,15.255684,15.032837,15.311302,15.274223,15.366905,15.274223,15.218575,15.218575,15.311302,15.385422,15.274223,15.162895,15.255684,15.088600,15.237137,15.292770,15.255684,15.218575,15.385422,15.181458,15.422462,15.181458,15.218575,15.218575,15.255684,15.274223,15.403938,15.162895,15.385422,15.144333,15.385422,15.274223,15.292770,15.311302,15.422462,15.311302,15.329842,15.200020,15.237137,15.162895,15.162895,15.311302,15.440964,15.200020,15.385422,15.366905,15.514977,15.329842,15.329842,15.366905,15.403938,15.311302,15.477974,15.274223,15.496475,15.348373,15.403938,15.292770,15.366905,15.496475,15.459480,15.274223,15.477974,15.385422,15.440964,15.440964,15.477974,15.385422,15.514977,15.533455,15.311302,15.385422,15.403938,15.403938,15.440964,15.440964,15.514977,15.588913,15.514977,15.718163,15.588913,15.681252,15.607391,15.607391,16.159874,15.828796,15.847229,15.773499,15.884071,15.884071,15.957695,15.994492,15.884071,16.031273,15.773499,15.810371,16.104774,15.957695,15.957695,15.976097,16.196571,16.012886,16.104774,16.049652,15.957695,16.012886,15.957695,15.884071,15.902481,16.031273,15.939293,16.049652,15.791931,15.976097,16.068031,15.976097,15.994492,15.994492,16.178230,15.957695,16.104774,15.939293,16.012886,15.939293,16.049652,16.031273,15.865646,16.012886,16.049652,15.939293,15.939293,16.141510,15.957695,16.031273,15.902481,15.902481,16.141510,16.178230,15.994492,15.957695,16.141510,16.086403,16.086403,16.324928,16.196571,15.976097,16.031273,16.141510,16.196571,15.957695,16.379883,16.214928,16.196571,16.288277,16.306610,16.178230,16.123146,16.269951,16.068031,16.159874,16.269951,16.141510,16.269951,16.123146,16.398201,16.159874,16.324928,16.306610,16.398201,16.178230,16.343254,16.324928,16.416496,16.343254,16.526253,16.288277,16.233269,16.343254,16.453102,16.398201,16.288277,16.489677,16.379883,16.471397,16.526253,16.507973,16.361572,16.581078,16.654121,16.434807,16.654121,16.379883,16.471397,16.690620,16.672379,16.635872,16.562805,16.745338,16.581078,16.781799,16.617607,16.544525,16.727104,16.872887,16.836464,17.018410,16.727104,16.909286,16.872887,16.763573,16.927490,16.854668,16.963875,16.891090,16.708862,17.018410,17.072929,16.800026,16.927490,16.891090,17.000237,16.945679,16.963875,16.909286,17.091087,16.909286,17.181839,17.163704,16.963875,17.072929,17.109245,17.127403,17.091087,17.036591,16.945679,17.236252,17.507759,17.127403,17.218117,17.218117,17.290627,17.127403,17.181839,17.290627,17.525826,17.163704,17.344955,17.399261,17.543900,17.399261,17.363060,17.417351,17.236252,17.453522,17.543900,17.525826,17.706314,17.543900,17.670250,17.670250,17.742363,17.634163,17.688278,17.724342,17.724342,17.922386,17.580009,17.652206,17.778404,17.922386,17.724342,17.814415,17.778404,17.940361,17.832420,18.245445,17.922386,17.868416,17.994278,17.994278,18.066116,17.868416,17.976311,18.048164,18.137894,18.030205,18.084076,18.066116,18.299164,18.012245,18.227524,18.102013,17.976311,18.119965,18.155830,18.227524,18.245445,18.119965,18.281258,17.940361,18.209602,18.299164,18.209602,18.263351,18.245445,18.227524,18.227524,18.137894,18.173759,18.388626,18.155830,18.406502,18.209602,18.263351,18.245445,18.245445,18.477982,18.370735,18.137894,18.245445,18.388626,18.191681,18.281258,18.299164,18.263351,18.173759,18.567253,18.334953,18.406502,18.370735,18.549400,18.406502,18.263351,18.424385,18.191681,18.352852,18.424385,18.460121,18.334953,18.317062,18.513702,18.370735,18.370735,18.460121,18.531555,18.477982,18.620766,18.567253,18.442253,18.442253,18.531555,18.245445,18.674240,18.549400,18.460121,18.638596,18.424385,18.513702,18.781090,18.513702,18.709869,18.674240,18.424385,18.513702,18.727684,18.905579,18.692055,18.887802,18.958870,18.567253,18.745483,18.763298,18.709869,18.834473,18.870033,18.692055,18.834473,18.816673,19.047615,18.549400,18.798889,18.781090,18.941109,18.727684,18.958870,18.958870,18.763298,18.958870,18.870033,18.816673,18.781090,18.870033,18.852249,19.029869,18.958870,19.065346,18.781090,18.727684,18.941109,19.083084,18.870033,18.941109,19.083084,18.958870,18.923340,19.083084,19.118538,19.330948,18.887802,18.994377,19.083084,19.012123,19.277893,19.029869,19.242508,19.207108,19.136261,18.798889,19.012123,19.100807,19.260208,19.189407,19.118538,19.100807,19.065346,19.171692,19.171692,19.171692,19.224815,19.260208,19.189407,19.295586,19.330948,19.419281,19.383957,
17.814415,17.706314,17.706314,17.724342,17.543900,17.580009,17.724342,17.616119,17.652206,17.543900,17.706314,17.778404,17.814415,17.706314,17.886406,17.688278,17.543900,17.598068,17.760384,17.724342,17.435440,17.742363,17.471611,17.471611,17.670250,17.634163,17.489685,17.435440,17.471611,17.688278,17.507759,17.652206,17.507759,17.688278,17.507759,17.507759,17.344955,17.417351,17.435440,17.598068,17.363060,17.363060,17.236252,17.399261,17.254379,17.363060,17.344955,17.109245,17.254379,17.236252,17.199982,17.054764,17.199982,17.018410,17.163704,16.982056,17.163704,17.127403,17.054764,16.963875,16.927490,17.109245,16.854668,17.054764,17.000237,17.000237,16.745338,16.963875,16.836464,16.562805,16.781799,16.727104,16.690620,16.635872,16.581078,16.526253,16.562805,16.471397,16.471397,16.654121,16.544525,16.361572,16.434807,16.581078,16.526253,16.416496,16.251610,16.398201,16.434807,16.196571,16.288277,16.416496,16.434807,16.068031,16.068031,16.251610,16.123146,16.196571,16.086403,16.178230,16.086403,16.178230,16.049652,16.068031,16.068031,16.086403,16.012886,16.123146,16.159874,16.123146,15.865646,15.939293,16.012886,16.123146,15.976097,16.068031,15.920883,15.496475,15.902481,15.773499,15.920883,15.791931,15.847229,16.049652,15.755058,15.976097,15.939293,15.976097,15.791931,15.681252,15.644325,15.810371,15.791931,15.773499,15.773499,15.773499,15.828796,15.994492,15.662788,15.920883,15.644325,15.884071,15.681252,15.847229,15.681252,15.773499,15.755058,15.957695,15.718163,15.791931,15.810371,15.699715,15.755058,15.681252,15.773499,15.625862,15.625862,15.662788,15.533455,15.588913,15.422462,15.588913,15.699715,15.588913,15.736610,15.681252,15.422462,15.551949,15.311302,15.551949,15.533455,15.403938,15.440964,15.218575,15.477974,15.292770,15.348373,15.496475,15.422462,15.255684,15.311302,15.440964,15.311302,15.348373,15.292770,15.459480,15.329842,15.311302,15.255684,15.366905,15.366905,15.348373,15.311302,15.496475,15.237137,15.366905,15.144333,15.237137,15.255684,15.292770,15.070015,15.348373,15.070015,15.329842,15.311302,15.311302,15.237137,15.237137,15.255684,15.533455,15.107178,15.237137,15.292770,15.329842,15.051422,15.125755,15.255684,15.422462,15.181458,15.440964,15.125755,15.070015,15.088600,15.274223,15.329842,15.255684,15.181458,15.329842,15.403938,15.255684,15.329842,15.088600,15.274223,15.311302,15.255684,15.403938,15.311302,15.311302,15.329842,15.274223,15.200020,15.348373,15.274223,15.181458,15.311302,15.218575,15.329842,15.200020,15.385422,15.366905,15.162895,15.366905,15.477974,15.385422,15.200020,15.292770,15.311302,15.255684,15.162895,15.366905,15.200020,15.329842,15.514977,15.311302,15.496475,15.385422,15.255684,15.477974,15.329842,15.533455,15.218575,15.329842,15.348373,15.311302,15.514977,15.422462,15.422462,15.348373,15.422462,15.477974,15.459480,15.644325,15.422462,15.699715,15.477974,15.699715,15.607391,15.736610,15.681252,15.718163,15.791931,15.810371,15.681252,15.791931,15.718163,15.902481,15.976097,15.939293,16.049652,15.976097,15.939293,16.196571,16.031273,15.976097,15.939293,15.828796,15.976097,16.086403,15.828796,16.031273,16.031273,15.994492,15.884071,15.920883,16.012886,15.847229,15.791931,15.957695,15.976097,15.976097,15.976097,15.902481,16.031273,15.957695,15.957695,15.920883,15.994492,16.086403,15.957695,16.012886,15.902481,15.939293,15.994492,15.976097,16.049652,16.178230,15.957695,15.828796,16.214928,15.865646,15.976097,16.031273,16.068031,16.159874,16.086403,16.123146,16.012886,16.086403,16.233269,16.178230,16.086403,16.068031,16.086403,15.902481,15.994492,16.012886,16.233269,16.123146,16.214928,16.068031,16.214928,16.086403,16.196571,16.343254,16.306610,16.214928,16.159874,16.214928,16.343254,16.379883,16.288277,16.306610,16.159874,16.269951,16.233269,16.306610,16.343254,16.178230,16.379883,16.233269,16.306610,16.379883,16.361572,16.269951,16.379883,16.361572,16.379883,16.288277,16.617607,16.507973,16.453102,16.471397,16.453102,16.416496,16.434807,16.562805,16.526253,16.526253,16.599342,16.800026,16.617607,16.471397,16.836464,16.672379,16.708862,16.471397,16.635872,16.672379,16.781799,16.654121,16.854668,16.727104,16.654121,16.781799,16.763573,17.091087,16.672379,16.745338,16.891090,16.891090,16.818245,16.945679,16.854668,16.818245,17.018410,16.654121,17.072929,16.963875,16.891090,17.000237,16.872887,16.963875,16.891090,16.927490,16.854668,17.127403,16.982056,17.181839,17.091087,17.000237,17.072929,17.363060,17.272507,16.982056,17.199982,17.272507,17.254379,17.127403,17.127403,17.199982,17.308739,17.290627,17.181839,17.326851,17.507759,17.507759,17.218117,17.326851,17.272507,17.580009,17.417351,17.561958,17.706314,17.598068,17.688278,17.688278,17.832420,17.580009,17.688278,17.778404,17.886406,17.634163,17.868416,17.688278,17.742363,17.706314,17.778404,17.994278,17.814415,18.119965,17.814415,18.048164,17.994278,18.137894,18.066116,18.084076,18.102013,17.976311,18.137894,18.048164,18.012245,18.191681,18.012245,18.173759,18.155830,18.119965,18.012245,18.030205,18.048164,18.084076,18.102013,18.119965,18.048164,18.030205,17.886406,18.155830,18.334953,18.119965,18.066116,18.388626,18.245445,18.227524,18.245445,18.137894,18.102013,18.263351,18.245445,18.317062,18.299164,18.388626,18.209602,18.460121,18.317062,18.227524,18.442253,18.263351,18.137894,18.352852,18.281258,18.245445,18.173759,18.424385,18.227524,18.299164,18.370735,18.245445,18.352852,18.370735,18.209602,18.549400,18.477982,18.281258,18.460121,18.531555,18.406502,18.352852,18.227524,18.173759,18.442253,18.317062,18.352852,18.281258,18.567253,18.585091,18.495850,18.567253,18.620766,18.531555,18.656418,18.656418,18.567253,18.620766,18.638596,18.513702,18.513702,18.656418,18.531555,18.602928,18.781090,18.656418,18.763298,18.602928,18.656418,18.781090,18.852249,18.745483,18.905579,18.781090,18.602928,18.692055,18.816673,19.065346,18.958870,18.870033,18.709869,18.763298,18.781090,18.976631,18.692055,18.923340,18.816673,18.941109,18.852249,18.958870,18.994377,18.798889,18.870033,18.923340,18.994377,18.994377,18.870033,18.941109,19.083084,18.976631,19.065346,19.012123,18.958870,18.834473,19.083084,18.887802,18.958870,18.923340,18.958870,18.941109,18.994377,19.242508,19.136261,19.118538,19.295586,19.118538,19.012123,19.207108,19.171692,19.065346,18.941109,19.330948,19.207108,19.047615,19.348618,19.012123,19.153984,19.295586,18.994377,19.189407,19.029869,19.525154,19.153984,19.224815,19.454590,19.578049,
18.066116,17.958336,17.904396,17.489685,17.868416,17.922386,18.066116,17.940361,17.796410,17.976311,17.886406,17.742363,17.976311,18.119965,17.922386,17.994278,17.778404,18.012245,17.814415,17.832420,17.778404,17.868416,17.742363,17.706314,17.868416,17.688278,17.922386,17.976311,17.724342,17.814415,17.706314,17.868416,17.616119,18.030205,17.814415,17.868416,17.814415,17.868416,17.561958,17.580009,17.832420,17.507759,17.561958,17.652206,17.525826,17.598068,17.326851,17.435440,17.326851,17.417351,17.272507,17.507759,17.381157,17.417351,17.290627,17.326851,17.344955,17.417351,17.417351,17.163704,17.290627,17.218117,17.218117,17.145554,16.945679,17.109245,17.163704,17.109245,17.018410,17.127403,16.727104,17.109245,16.745338,16.945679,16.800026,16.727104,16.727104,16.745338,16.854668,16.562805,16.635872,16.708862,16.654121,16.526253,16.507973,16.471397,16.526253,16.343254,16.379883,16.599342,16.361572,16.489677,16.416496,16.343254,16.599342,16.214928,16.269951,16.288277,16.196571,16.343254,16.196571,16.178230,16.141510,16.123146,16.178230,16.251610,15.902481,16.104774,16.233269,16.141510,16.086403,16.196571,16.104774,16.123146,16.049652,15.939293,15.884071,16.214928,16.086403,15.920883,15.939293,15.994492,16.012886,15.994492,16.086403,15.976097,15.976097,15.865646,16.012886,16.012886,15.755058,15.791931,15.884071,15.865646,15.865646,15.828796,15.791931,15.939293,15.884071,15.884071,15.755058,15.755058,15.791931,15.773499,15.773499,16.031273,16.086403,15.773499,15.736610,15.884071,15.865646,15.994492,15.810371,15.791931,15.994492,15.865646,15.920883,15.810371,15.810371,15.773499,15.681252,15.718163,15.551949,15.588913,15.514977,15.625862,15.551949,15.625862,15.514977,15.551949,15.514977,15.514977,15.366905,15.496475,15.422462,15.551949,15.422462,15.348373,15.496475,15.348373,15.200020,15.218575,15.366905,15.274223,15.385422,15.477974,15.200020,15.403938,15.385422,15.440964,15.329842,15.348373,15.255684,15.255684,15.200020,15.422462,15.292770,15.162895,15.218575,15.237137,15.311302,15.292770,15.311302,15.274223,15.274223,15.088600,15.088600,15.070015,15.274223,14.939812,15.329842,15.144333,15.218575,15.218575,15.403938,15.292770,15.311302,15.459480,15.237137,15.274223,15.181458,15.144333,15.088600,15.366905,15.292770,15.274223,15.311302,15.162895,15.311302,15.422462,15.366905,15.311302,15.200020,15.292770,15.274223,15.162895,15.218575,15.255684,15.366905,15.422462,15.218575,15.070015,15.403938,15.311302,15.329842,15.329842,15.255684,15.274223,15.181458,15.218575,15.255684,15.422462,15.255684,15.422462,15.348373,15.366905,15.311302,15.366905,15.403938,15.311302,15.200020,15.200020,15.162895,15.292770,15.292770,15.237137,15.255684,15.459480,15.311302,15.422462,15.422462,15.366905,15.218575,15.477974,15.348373,15.459480,15.385422,15.477974,15.496475,15.496475,15.440964,15.514977,15.588913,15.533455,15.588913,15.699715,15.644325,15.718163,15.681252,15.718163,15.718163,15.791931,15.773499,15.736610,15.681252,16.012886,15.847229,15.957695,15.902481,15.828796,15.976097,15.902481,15.773499,15.810371,16.123146,15.976097,15.884071,15.865646,15.865646,15.957695,15.884071,15.828796,15.755058,15.828796,15.920883,16.012886,16.141510,15.902481,15.847229,16.012886,16.049652,15.847229,16.031273,15.994492,15.773499,15.976097,15.920883,15.847229,15.957695,15.994492,15.865646,15.884071,15.994492,15.884071,16.104774,15.976097,16.068031,15.884071,16.141510,16.141510,16.031273,16.012886,15.920883,16.159874,16.049652,16.068031,16.123146,16.031273,15.976097,16.068031,16.049652,16.141510,16.086403,16.086403,15.939293,16.012886,16.086403,16.141510,16.049652,16.068031,16.159874,16.269951,16.178230,16.196571,16.251610,16.104774,16.104774,16.324928,15.994492,16.288277,16.343254,16.343254,16.196571,16.141510,16.159874,16.269951,16.141510,16.196571,16.324928,16.251610,16.214928,16.012886,16.178230,16.343254,16.269951,16.398201,16.288277,16.324928,16.214928,16.416496,16.214928,16.434807,16.379883,16.654121,16.453102,16.507973,16.526253,16.379883,16.581078,16.727104,16.434807,16.617607,16.489677,16.453102,16.507973,16.781799,16.672379,16.654121,16.690620,16.599342,16.654121,16.745338,16.708862,16.727104,16.763573,16.891090,16.945679,17.018410,16.927490,16.654121,16.927490,16.872887,16.891090,16.672379,16.818245,16.745338,16.836464,16.982056,16.818245,16.872887,16.836464,17.018410,17.145554,16.854668,17.072929,17.181839,17.018410,17.163704,17.000237,17.018410,17.036591,17.127403,17.308739,17.163704,17.218117,17.254379,17.163704,17.326851,17.163704,17.163704,17.344955,17.036591,17.417351,17.363060,17.417351,17.326851,17.236252,17.181839,17.381157,17.399261,17.507759,17.580009,17.580009,17.634163,17.580009,17.706314,17.471611,17.922386,17.598068,17.814415,17.796410,17.796410,17.850410,17.778404,17.868416,17.832420,18.012245,17.760384,17.850410,17.904396,18.066116,18.012245,17.724342,17.994278,17.994278,17.886406,17.922386,17.886406,18.066116,18.119965,17.940361,18.030205,17.904396,17.976311,18.066116,18.245445,18.155830,18.209602,18.137894,18.155830,18.227524,18.209602,18.227524,18.137894,18.155830,18.191681,17.994278,18.030205,18.209602,18.191681,18.102013,18.066116,18.299164,18.155830,18.084076,18.424385,18.191681,18.442253,18.281258,18.263351,18.209602,18.352852,18.191681,18.317062,18.191681,18.155830,18.263351,18.370735,18.424385,18.388626,18.352852,18.334953,18.388626,18.334953,18.424385,18.477982,18.317062,18.281258,18.299164,18.227524,18.602928,18.477982,18.495850,18.585091,18.424385,18.477982,18.460121,18.567253,18.549400,18.281258,18.585091,18.692055,18.370735,18.513702,18.388626,18.674240,18.299164,18.656418,18.495850,18.656418,18.656418,18.513702,18.406502,18.709869,18.406502,18.656418,18.620766,18.388626,18.424385,18.620766,18.763298,18.834473,18.816673,18.674240,18.567253,18.674240,18.834473,18.692055,18.798889,18.852249,18.656418,18.852249,18.834473,18.692055,18.745483,19.012123,18.887802,18.976631,18.887802,18.923340,18.781090,18.852249,18.781090,18.887802,18.941109,18.976631,19.012123,18.887802,19.047615,18.923340,18.834473,18.887802,18.923340,18.852249,18.923340,19.100807,18.816673,18.994377,18.976631,18.727684,19.083084,18.923340,18.870033,19.029869,19.065346,18.887802,19.207108,18.852249,19.207108,19.136261,18.994377,18.994377,18.870033,18.887802,19.136261,19.242508,18.976631,19.153984,18.994377,19.171692,19.277893,19.171692,19.029869,19.083084,19.224815,19.277893,19.277893,19.171692,19.366287,19.507530,
18.442253,18.245445,17.976311,18.317062,18.137894,18.066116,18.066116,18.155830,18.245445,18.209602,18.245445,18.066116,18.119965,18.173759,18.424385,18.191681,18.066116,17.994278,18.084076,18.245445,18.155830,18.102013,18.191681,17.976311,18.066116,18.119965,18.066116,17.922386,17.976311,17.994278,17.940361,17.868416,17.994278,18.102013,18.084076,17.850410,18.030205,17.922386,17.814415,17.940361,17.760384,18.012245,17.778404,17.796410,17.543900,17.814415,17.706314,17.670250,17.616119,17.706314,17.616119,17.634163,17.561958,17.724342,17.272507,17.435440,17.471611,17.453522,17.272507,17.580009,17.417351,17.435440,17.706314,17.507759,17.254379,17.054764,17.326851,17.399261,17.363060,17.326851,17.236252,17.036591,17.363060,16.927490,17.072929,17.145554,16.909286,16.945679,16.708862,16.927490,17.018410,16.945679,16.963875,16.854668,16.800026,16.854668,16.745338,16.672379,16.654121,16.599342,16.909286,16.416496,16.690620,16.635872,16.727104,16.672379,16.398201,16.581078,16.288277,16.471397,16.343254,16.416496,16.361572,16.562805,16.471397,16.416496,16.361572,16.214928,16.324928,16.526253,16.251610,16.343254,16.416496,16.159874,16.233269,16.049652,16.159874,16.178230,15.939293,15.994492,16.214928,16.196571,16.031273,15.957695,15.939293,16.104774,16.031273,15.994492,16.012886,16.012886,16.123146,15.902481,16.068031,15.920883,16.049652,16.068031,16.012886,15.718163,15.828796,15.957695,15.994492,16.012886,16.159874,16.141510,16.178230,16.068031,16.086403,16.068031,15.828796,15.994492,16.012886,15.902481,15.902481,15.920883,15.884071,15.939293,16.141510,15.773499,15.736610,15.791931,15.847229,15.588913,15.718163,15.847229,15.662788,15.736610,15.477974,15.810371,15.551949,15.551949,15.588913,15.755058,15.551949,15.514977,15.477974,15.459480,15.329842,15.644325,15.366905,15.533455,15.366905,15.625862,15.422462,15.533455,15.366905,15.403938,15.422462,15.329842,15.237137,15.348373,15.348373,15.496475,15.422462,15.329842,15.348373,15.440964,15.366905,15.348373,15.162895,15.385422,15.311302,15.422462,15.237137,15.440964,15.403938,15.422462,15.255684,15.237137,15.311302,15.311302,15.218575,15.162895,15.274223,15.200020,15.329842,15.385422,15.014244,15.255684,15.366905,15.200020,15.162895,15.218575,15.329842,15.348373,15.144333,15.311302,15.274223,15.144333,15.255684,15.237137,15.274223,15.348373,15.514977,15.200020,15.348373,15.237137,15.366905,15.274223,15.181458,15.107178,15.162895,15.181458,15.514977,15.348373,15.255684,15.274223,15.440964,15.514977,15.403938,15.403938,15.237137,15.311302,15.514977,15.514977,15.200020,15.274223,15.311302,15.292770,15.422462,15.292770,15.366905,15.255684,15.274223,15.255684,15.237137,15.237137,15.311302,15.385422,15.366905,15.311302,15.348373,15.348373,15.348373,15.422462,15.329842,15.403938,15.311302,15.348373,15.551949,15.496475,15.422462,15.570435,15.570435,15.459480,15.533455,15.496475,15.570435,15.644325,15.755058,15.810371,15.736610,15.644325,15.736610,15.736610,15.847229,15.828796,15.939293,16.031273,15.994492,16.031273,15.773499,15.920883,16.031273,15.810371,15.884071,15.865646,15.902481,15.902481,16.031273,16.012886,15.865646,16.031273,15.939293,15.939293,15.957695,15.920883,15.736610,15.939293,16.068031,15.884071,15.994492,15.865646,15.902481,15.902481,15.828796,15.920883,16.012886,15.920883,15.828796,15.939293,16.012886,16.031273,16.049652,15.902481,16.012886,15.865646,15.957695,15.884071,15.939293,15.976097,15.902481,16.086403,15.994492,16.031273,15.884071,16.012886,15.976097,16.049652,16.233269,16.141510,16.049652,15.957695,16.012886,16.251610,16.123146,16.141510,16.214928,16.141510,16.196571,16.196571,16.233269,16.031273,16.178230,16.104774,16.288277,16.178230,15.920883,16.288277,16.068031,16.269951,16.123146,16.068031,16.123146,16.049652,15.976097,16.159874,16.196571,16.214928,16.141510,16.196571,16.141510,16.159874,16.196571,16.379883,16.288277,16.526253,16.398201,16.398201,16.343254,16.398201,16.288277,16.306610,16.489677,16.453102,16.379883,16.471397,16.361572,16.416496,16.507973,16.581078,16.581078,16.434807,16.635872,16.581078,16.526253,16.690620,16.781799,16.672379,16.672379,16.727104,16.690620,16.635872,16.635872,16.909286,16.672379,16.708862,16.800026,16.872887,16.745338,16.836464,16.745338,16.745338,16.654121,16.635872,16.763573,16.891090,16.982056,16.781799,16.836464,16.963875,16.927490,17.018410,17.091087,17.036591,17.000237,17.036591,17.091087,17.091087,17.218117,17.127403,17.091087,17.109245,16.982056,17.145554,17.181839,17.218117,17.218117,17.236252,17.109245,17.127403,17.344955,17.127403,17.272507,17.272507,17.272507,17.363060,17.308739,17.254379,17.163704,17.435440,17.308739,17.525826,17.399261,17.525826,17.435440,17.706314,17.435440,17.634163,17.580009,17.742363,17.778404,17.724342,17.706314,17.886406,17.724342,17.814415,17.778404,17.814415,17.778404,17.778404,17.994278,17.670250,17.994278,18.155830,17.886406,17.724342,18.066116,17.940361,17.904396,18.048164,18.209602,17.994278,18.066116,17.958336,18.137894,18.137894,17.940361,18.281258,18.263351,17.904396,18.173759,18.263351,18.137894,18.209602,18.066116,18.227524,18.102013,18.299164,18.119965,18.137894,18.084076,18.137894,17.904396,18.173759,18.173759,17.994278,18.299164,18.209602,18.155830,18.263351,18.191681,18.209602,18.119965,18.388626,18.084076,18.173759,18.495850,18.477982,18.102013,18.442253,18.406502,18.513702,18.227524,18.227524,18.334953,18.137894,18.155830,18.406502,18.299164,18.567253,18.191681,18.299164,18.388626,18.317062,18.352852,18.460121,18.406502,18.442253,18.388626,18.424385,18.460121,18.513702,18.352852,18.424385,18.460121,18.585091,18.585091,18.531555,18.585091,18.495850,18.460121,18.370735,18.245445,18.495850,18.495850,18.763298,18.370735,18.692055,18.620766,18.727684,18.727684,18.674240,18.388626,18.656418,18.709869,18.585091,18.674240,18.745483,18.763298,18.763298,18.923340,18.816673,18.692055,18.709869,18.727684,18.763298,18.958870,18.674240,18.798889,18.852249,18.923340,18.994377,18.852249,19.065346,18.816673,18.798889,18.816673,18.638596,18.887802,18.870033,19.207108,19.029869,18.923340,18.870033,18.958870,18.941109,19.383957,18.941109,18.887802,19.171692,18.887802,18.852249,18.958870,19.083084,19.065346,19.047615,19.136261,19.065346,18.870033,19.100807,19.136261,18.941109,19.012123,19.348618,19.277893,18.905579,19.242508,19.136261,19.171692,19.065346,19.189407,18.958870,19.224815,19.207108,19.100807,19.189407,19.136261,19.419281,19.260208,19.383957,
18.495850,18.460121,18.495850,18.299164,18.460121,18.513702,18.460121,18.299164,18.173759,18.567253,18.763298,18.119965,18.299164,18.442253,18.460121,18.531555,18.370735,18.406502,18.370735,18.531555,18.334953,18.317062,18.209602,18.102013,18.334953,18.406502,18.406502,18.406502,18.334953,18.334953,18.334953,18.102013,18.227524,18.155830,17.976311,18.299164,18.066116,18.173759,18.209602,18.066116,18.066116,18.137894,18.084076,18.030205,17.922386,17.940361,17.886406,17.850410,17.850410,17.994278,17.904396,18.066116,17.760384,17.724342,17.796410,18.030205,17.616119,17.940361,17.652206,17.940361,17.814415,17.850410,17.598068,17.652206,17.471611,17.489685,17.453522,17.561958,17.435440,17.634163,17.290627,17.525826,17.525826,17.399261,17.344955,17.145554,17.218117,17.254379,17.236252,17.091087,17.036591,17.127403,16.909286,17.254379,16.982056,17.145554,16.982056,16.891090,17.091087,16.836464,17.091087,16.836464,16.818245,16.763573,16.854668,16.745338,16.854668,16.818245,16.745338,16.836464,16.891090,16.672379,16.471397,16.617607,16.562805,16.581078,16.471397,16.562805,16.635872,16.398201,16.233269,16.306610,16.324928,16.581078,16.453102,16.251610,16.233269,16.489677,16.489677,16.471397,16.214928,16.068031,16.361572,16.581078,16.489677,16.343254,16.123146,16.379883,16.123146,16.361572,16.379883,16.178230,16.049652,16.123146,16.086403,16.049652,15.976097,16.251610,16.012886,16.233269,16.068031,16.068031,16.196571,16.049652,15.976097,16.196571,15.976097,16.104774,15.957695,16.141510,16.086403,16.086403,15.884071,16.233269,15.976097,16.104774,15.957695,15.994492,15.976097,15.976097,15.920883,15.884071,15.718163,15.828796,15.791931,15.865646,15.755058,15.828796,15.755058,15.699715,15.570435,15.791931,15.607391,15.514977,15.773499,15.625862,15.570435,15.570435,15.459480,15.496475,15.570435,15.588913,15.514977,15.588913,15.329842,15.477974,15.440964,15.533455,15.385422,15.570435,15.440964,15.496475,15.329842,15.385422,15.366905,15.496475,15.403938,15.385422,15.348373,15.496475,15.255684,15.366905,15.274223,15.477974,15.533455,15.440964,15.255684,15.385422,15.237137,15.366905,15.329842,15.162895,15.218575,15.237137,15.255684,15.274223,15.292770,15.348373,15.181458,15.200020,15.255684,15.218575,15.311302,15.181458,15.051422,15.181458,15.348373,15.144333,15.162895,15.348373,15.125755,15.125755,15.366905,15.329842,15.200020,15.366905,15.200020,15.366905,15.459480,15.440964,15.366905,15.274223,15.237137,15.274223,15.422462,15.403938,15.274223,15.348373,15.311302,15.292770,15.366905,15.348373,15.255684,15.274223,15.237137,15.366905,15.311302,15.385422,15.274223,15.292770,15.403938,15.162895,15.162895,15.292770,15.329842,15.385422,15.218575,15.403938,15.200020,15.292770,15.422462,15.255684,15.403938,15.329842,15.255684,15.440964,15.514977,15.496475,15.348373,15.514977,15.496475,15.477974,15.348373,15.385422,15.533455,15.791931,15.570435,15.736610,15.681252,15.625862,15.902481,15.699715,15.810371,15.865646,15.736610,15.736610,15.810371,15.939293,16.012886,15.828796,15.957695,15.920883,15.773499,15.865646,15.902481,15.920883,15.957695,15.976097,15.902481,15.884071,15.828796,15.791931,16.031273,15.957695,15.939293,15.976097,15.920883,15.884071,15.976097,15.847229,15.828796,16.086403,15.939293,15.828796,16.123146,15.902481,15.902481,15.939293,15.847229,15.920883,15.828796,16.031273,16.049652,15.920883,15.828796,15.902481,15.828796,15.957695,15.884071,15.920883,15.828796,16.086403,15.902481,15.828796,16.031273,15.976097,15.976097,15.994492,15.920883,16.123146,15.902481,16.012886,15.957695,15.976097,16.159874,15.976097,15.957695,16.031273,15.939293,15.994492,16.012886,16.031273,16.123146,16.086403,16.031273,16.178230,16.104774,16.269951,16.233269,16.269951,16.141510,16.141510,16.068031,16.123146,16.012886,16.159874,16.178230,16.288277,16.178230,16.251610,16.178230,16.141510,16.123146,16.251610,16.269951,16.324928,16.361572,16.214928,16.379883,16.343254,16.233269,16.416496,16.507973,16.379883,16.361572,16.562805,16.526253,16.434807,16.361572,16.562805,16.581078,16.507973,16.654121,16.544525,16.690620,16.416496,16.544525,16.727104,16.763573,16.727104,16.544525,16.872887,16.617607,16.654121,16.708862,16.781799,16.781799,16.781799,16.891090,16.800026,16.763573,16.872887,16.872887,17.000237,16.745338,16.800026,16.963875,16.872887,16.745338,17.036591,17.000237,16.927490,16.982056,17.072929,16.891090,17.127403,17.000237,17.091087,17.272507,17.127403,17.091087,17.072929,17.127403,17.000237,17.091087,17.199982,17.199982,17.127403,17.181839,17.308739,17.000237,17.199982,17.163704,17.344955,17.344955,17.326851,17.326851,17.489685,17.525826,17.363060,17.218117,17.525826,17.561958,17.543900,17.471611,17.580009,17.580009,17.688278,17.598068,17.525826,17.688278,17.832420,17.706314,17.832420,18.084076,17.940361,17.688278,17.760384,17.940361,18.317062,18.084076,17.886406,17.976311,17.976311,17.922386,17.814415,17.904396,17.994278,18.030205,18.245445,18.030205,18.048164,18.030205,17.976311,18.030205,18.066116,18.119965,18.084076,18.155830,18.263351,18.119965,17.922386,18.155830,18.137894,17.994278,17.940361,18.155830,18.227524,18.227524,18.155830,18.155830,18.173759,18.066116,18.155830,18.119965,18.245445,18.209602,18.119965,18.209602,18.317062,18.299164,18.388626,17.994278,18.245445,18.317062,18.424385,18.442253,18.119965,18.352852,18.352852,18.227524,18.352852,18.388626,18.245445,18.281258,18.227524,18.245445,18.334953,18.424385,18.263351,18.638596,18.406502,18.585091,18.424385,18.406502,18.513702,18.388626,18.513702,18.388626,18.263351,18.656418,18.370735,18.460121,18.638596,18.585091,18.638596,18.567253,18.263351,18.352852,18.549400,18.442253,18.656418,18.495850,18.692055,18.442253,18.905579,18.513702,18.709869,18.567253,18.709869,18.674240,18.763298,18.798889,18.620766,18.727684,18.585091,18.816673,18.567253,18.549400,18.798889,18.656418,18.852249,18.852249,18.887802,18.834473,18.798889,18.852249,18.816673,18.709869,19.189407,18.585091,18.923340,18.941109,19.029869,18.781090,19.029869,18.923340,18.941109,18.923340,19.047615,19.047615,18.709869,18.905579,18.905579,18.870033,18.941109,19.083084,18.781090,18.958870,18.923340,18.905579,19.065346,18.976631,19.029869,19.118538,19.100807,18.816673,18.923340,18.870033,19.189407,19.171692,19.029869,18.905579,19.047615,19.260208,19.012123,19.065346,18.958870,19.100807,19.047615,19.065346,18.976631,19.348618,19.313263,19.260208,18.923340,19.083084,19.454590,19.348618,19.613289,
18.692055,18.781090,18.656418,18.745483,18.638596,18.709869,18.745483,18.745483,18.549400,18.781090,18.674240,18.602928,18.495850,18.602928,18.781090,18.781090,18.585091,18.424385,18.531555,18.692055,18.585091,18.620766,18.585091,18.495850,18.567253,18.549400,18.549400,18.263351,18.388626,18.495850,18.638596,18.388626,18.513702,18.620766,18.585091,18.567253,18.173759,18.084076,18.317062,18.299164,18.352852,18.263351,18.227524,18.155830,18.209602,18.155830,18.137894,18.048164,18.227524,17.976311,18.317062,18.084076,18.084076,18.227524,17.940361,17.940361,17.904396,17.886406,18.030205,17.940361,17.670250,17.868416,17.868416,17.832420,17.940361,17.724342,17.471611,17.670250,17.742363,17.525826,17.435440,17.525826,17.580009,17.471611,17.670250,17.598068,17.543900,17.580009,17.453522,17.561958,17.453522,17.471611,17.254379,17.254379,17.091087,17.363060,17.199982,17.308739,17.163704,17.236252,17.018410,17.218117,16.963875,17.236252,17.000237,17.036591,16.963875,17.127403,16.945679,17.218117,17.199982,16.945679,16.818245,17.000237,16.781799,16.800026,16.982056,16.909286,16.927490,16.763573,16.781799,16.690620,16.635872,16.781799,16.781799,16.727104,16.617607,16.727104,16.489677,16.800026,16.635872,16.727104,16.379883,16.471397,16.526253,16.471397,16.544525,16.434807,16.343254,16.398201,16.361572,16.306610,16.434807,16.416496,16.416496,16.343254,16.251610,16.398201,16.343254,16.251610,16.159874,16.288277,16.343254,16.288277,16.379883,16.507973,16.434807,16.141510,16.049652,16.269951,15.920883,15.994492,16.361572,15.939293,15.994492,15.976097,16.031273,16.159874,16.141510,16.159874,16.233269,16.068031,15.976097,15.957695,16.141510,15.773499,15.994492,15.957695,15.736610,15.755058,15.773499,15.957695,15.810371,15.644325,15.681252,15.681252,15.662788,15.755058,15.828796,15.773499,15.551949,15.588913,15.773499,15.736610,15.514977,15.551949,15.514977,15.533455,15.422462,15.440964,15.422462,15.625862,15.588913,15.551949,15.477974,15.440964,15.459480,15.403938,15.440964,15.514977,15.514977,15.385422,15.403938,15.422462,15.366905,15.403938,15.403938,15.366905,15.514977,15.366905,15.403938,15.403938,15.292770,15.348373,15.162895,15.329842,15.292770,15.459480,15.440964,15.366905,15.255684,15.274223,15.144333,15.329842,15.274223,15.274223,15.274223,15.459480,15.181458,15.218575,15.348373,15.274223,15.403938,15.274223,15.162895,15.255684,15.422462,15.237137,15.144333,15.311302,15.070015,15.292770,15.403938,15.218575,15.366905,15.366905,15.255684,15.237137,15.311302,15.125755,15.218575,15.385422,15.292770,15.329842,15.200020,15.218575,15.329842,15.237137,15.329842,15.255684,15.403938,15.218575,15.107178,15.385422,15.200020,15.459480,15.329842,15.348373,15.255684,15.292770,15.255684,15.348373,15.385422,15.496475,15.422462,15.459480,15.422462,15.496475,15.385422,15.440964,15.385422,15.385422,15.440964,15.385422,15.459480,15.551949,15.477974,15.736610,15.551949,15.625862,15.625862,15.847229,15.920883,15.699715,15.957695,15.828796,15.791931,15.920883,15.810371,15.755058,15.920883,15.939293,15.884071,15.810371,15.810371,15.755058,15.644325,15.644325,15.865646,15.828796,16.012886,15.865646,15.939293,16.049652,15.847229,15.939293,15.755058,15.976097,16.068031,16.141510,15.902481,15.939293,15.902481,16.104774,15.755058,15.939293,15.957695,15.920883,15.847229,15.791931,15.957695,15.902481,15.828796,15.810371,16.086403,15.865646,15.828796,15.884071,16.068031,16.031273,16.049652,16.324928,15.865646,16.123146,16.012886,15.994492,15.939293,16.196571,15.939293,15.957695,16.068031,15.957695,16.012886,15.976097,16.031273,15.994492,16.123146,16.104774,16.086403,16.104774,16.068031,16.068031,16.012886,16.104774,15.976097,16.178230,16.049652,16.123146,16.178230,16.269951,16.141510,16.214928,16.104774,16.178230,16.178230,16.233269,16.306610,16.141510,16.233269,16.141510,16.214928,16.214928,16.159874,16.233269,16.398201,16.398201,16.361572,16.233269,16.398201,16.214928,16.343254,16.416496,16.453102,16.507973,16.434807,16.343254,16.251610,16.471397,16.581078,16.544525,16.544525,16.379883,16.434807,16.617607,16.507973,16.654121,16.690620,16.654121,16.708862,16.763573,16.727104,16.599342,16.635872,16.781799,16.854668,16.544525,16.763573,16.727104,16.581078,16.781799,16.763573,16.800026,16.763573,16.690620,16.818245,16.836464,16.745338,16.818245,17.072929,16.800026,16.891090,16.836464,16.909286,16.854668,16.745338,16.836464,16.818245,17.109245,17.163704,17.054764,17.018410,17.109245,17.072929,17.145554,17.091087,17.036591,17.018410,17.145554,17.272507,16.872887,17.236252,17.054764,17.218117,17.181839,17.181839,17.381157,17.218117,17.290627,17.453522,17.453522,17.453522,17.525826,17.525826,17.471611,17.580009,17.616119,17.453522,17.417351,17.688278,17.670250,17.580009,17.580009,17.814415,17.616119,17.778404,17.634163,17.724342,17.904396,17.850410,17.832420,17.850410,17.994278,17.886406,17.832420,17.922386,17.922386,17.796410,18.030205,18.012245,18.012245,17.958336,18.155830,18.137894,17.868416,18.012245,18.030205,18.084076,18.084076,17.994278,18.102013,18.137894,18.012245,18.173759,17.994278,18.066116,17.958336,18.173759,18.209602,18.263351,18.263351,18.102013,18.227524,18.191681,17.994278,18.317062,18.173759,18.209602,18.084076,18.317062,18.299164,18.191681,18.442253,18.209602,18.263351,17.958336,18.227524,18.317062,18.245445,18.299164,18.191681,18.281258,18.424385,18.334953,18.352852,18.281258,18.281258,18.442253,18.245445,18.137894,18.209602,18.191681,18.531555,18.406502,18.388626,18.299164,18.406502,18.263351,18.424385,18.460121,18.495850,18.477982,18.495850,18.602928,18.442253,18.495850,18.424385,18.513702,18.495850,18.442253,18.460121,18.477982,18.424385,18.513702,18.763298,18.674240,18.709869,18.834473,18.388626,18.602928,18.692055,18.602928,18.745483,18.513702,18.763298,18.763298,18.620766,18.531555,18.745483,18.531555,18.602928,18.745483,18.602928,18.798889,18.941109,18.870033,18.602928,18.976631,18.692055,18.852249,18.798889,18.798889,18.692055,18.923340,18.638596,18.816673,18.834473,18.870033,18.763298,18.834473,18.905579,19.047615,18.870033,18.674240,18.887802,18.905579,18.905579,18.816673,19.012123,18.781090,18.905579,18.852249,18.727684,19.207108,18.870033,18.816673,19.083084,18.870033,18.976631,19.029869,19.012123,19.047615,19.083084,19.118538,18.781090,19.047615,19.047615,19.012123,19.136261,19.083084,19.242508,19.100807,18.976631,19.029869,18.994377,19.277893,19.100807,19.366287,19.136261,19.171692,19.542793,
19.029869,18.923340,18.923340,18.887802,18.781090,18.994377,18.852249,18.798889,18.781090,18.887802,18.887802,19.260208,18.745483,18.923340,19.047615,18.816673,19.047615,19.012123,19.118538,18.887802,18.781090,18.923340,18.781090,18.656418,18.834473,18.870033,18.692055,19.012123,18.727684,18.816673,18.852249,18.834473,18.656418,18.798889,18.798889,18.816673,18.905579,18.870033,18.692055,18.513702,18.709869,18.620766,18.602928,18.549400,18.460121,18.727684,18.442253,18.692055,18.602928,18.227524,18.245445,18.334953,18.406502,18.155830,18.245445,18.317062,18.209602,18.155830,18.191681,18.227524,17.940361,18.334953,18.102013,18.209602,18.048164,18.012245,18.263351,18.012245,18.066116,17.706314,18.102013,17.850410,17.832420,17.886406,17.724342,17.688278,17.724342,17.344955,17.724342,17.706314,17.507759,17.652206,17.381157,17.598068,17.652206,17.561958,17.543900,17.417351,17.670250,17.525826,17.489685,17.381157,17.344955,17.417351,17.218117,17.308739,17.254379,17.489685,17.018410,17.272507,17.308739,17.072929,16.982056,17.163704,17.218117,17.218117,16.909286,17.163704,16.982056,16.909286,17.036591,16.836464,16.927490,16.945679,16.781799,16.982056,16.781799,16.708862,17.018410,16.854668,16.836464,16.781799,16.909286,16.544525,16.727104,16.727104,16.672379,16.617607,16.854668,16.654121,16.654121,16.672379,16.562805,16.526253,16.507973,16.526253,16.617607,16.507973,16.489677,16.526253,16.763573,16.507973,16.306610,16.453102,16.434807,16.507973,16.562805,16.434807,16.379883,16.343254,16.453102,16.214928,16.086403,16.581078,16.233269,16.196571,16.306610,16.361572,16.159874,16.269951,16.178230,16.012886,16.233269,16.123146,16.104774,16.123146,16.012886,16.159874,15.957695,16.068031,15.976097,16.086403,16.012886,16.049652,15.976097,16.214928,15.755058,15.865646,15.681252,15.920883,16.049652,15.773499,15.625862,15.699715,15.625862,15.791931,15.588913,15.718163,15.699715,15.588913,15.533455,15.699715,15.440964,15.662788,15.570435,15.459480,15.588913,15.681252,15.551949,15.736610,15.459480,15.551949,15.607391,15.514977,15.440964,15.570435,15.533455,15.422462,15.459480,15.366905,15.514977,15.551949,15.440964,15.514977,15.237137,15.348373,15.440964,15.477974,15.551949,15.570435,15.477974,15.459480,15.459480,15.477974,15.385422,15.422462,15.255684,15.385422,15.477974,15.551949,15.329842,15.329842,15.329842,15.403938,15.274223,15.496475,15.366905,15.496475,15.366905,15.366905,15.385422,15.311302,15.348373,15.459480,15.274223,15.422462,15.181458,15.477974,15.255684,15.292770,15.144333,15.329842,15.274223,15.403938,15.366905,15.366905,15.403938,15.422462,15.200020,15.514977,15.144333,15.292770,15.348373,15.311302,15.403938,15.218575,15.200020,15.348373,15.181458,15.329842,15.496475,15.496475,15.385422,15.348373,15.218575,15.477974,15.477974,15.514977,15.385422,15.496475,15.551949,15.570435,15.625862,15.348373,15.440964,15.644325,15.533455,15.588913,15.533455,15.847229,15.625862,15.681252,15.976097,15.791931,15.828796,15.920883,15.791931,15.755058,15.920883,15.902481,15.791931,15.884071,15.681252,15.902481,15.865646,16.012886,15.718163,15.736610,15.828796,15.773499,15.847229,15.828796,15.884071,15.847229,15.847229,15.976097,15.847229,15.847229,15.662788,15.828796,15.791931,15.920883,15.828796,15.957695,15.939293,15.920883,15.755058,16.104774,15.755058,15.976097,15.865646,15.847229,15.847229,15.718163,15.920883,16.012886,15.773499,15.902481,15.847229,16.068031,15.773499,15.957695,15.755058,16.123146,15.791931,15.994492,16.031273,16.141510,15.865646,16.123146,16.012886,15.994492,16.031273,15.828796,15.865646,16.086403,15.939293,15.976097,15.939293,15.957695,16.141510,16.214928,16.086403,16.104774,15.976097,16.086403,16.269951,16.361572,16.178230,16.049652,16.214928,16.049652,16.086403,16.086403,16.196571,16.086403,15.920883,16.288277,16.214928,16.233269,15.994492,16.214928,16.178230,16.343254,16.141510,16.196571,16.214928,16.343254,16.361572,16.361572,16.233269,16.361572,16.251610,16.343254,16.489677,16.214928,16.379883,16.489677,16.269951,16.471397,16.398201,16.562805,16.635872,16.489677,16.507973,16.434807,16.507973,16.727104,16.635872,16.526253,16.745338,16.727104,16.654121,16.489677,16.690620,16.672379,16.727104,16.727104,16.836464,16.854668,16.763573,16.727104,16.599342,16.818245,16.617607,16.836464,16.745338,16.836464,16.654121,16.654121,16.891090,16.763573,16.982056,16.708862,16.909286,16.872887,16.909286,16.891090,16.745338,16.963875,16.927490,17.054764,17.018410,17.072929,17.000237,17.109245,17.236252,17.145554,17.018410,17.218117,16.963875,17.363060,17.163704,17.145554,17.109245,17.326851,17.236252,17.399261,17.489685,17.381157,17.453522,17.471611,17.525826,17.543900,17.363060,17.525826,17.471611,17.688278,17.471611,17.598068,17.634163,17.904396,17.616119,17.543900,17.706314,17.868416,17.688278,17.760384,17.742363,17.670250,17.742363,17.760384,17.778404,17.868416,17.850410,17.796410,17.886406,18.030205,17.940361,17.688278,17.868416,18.084076,17.922386,18.030205,17.958336,17.976311,18.102013,18.155830,17.976311,18.030205,17.904396,17.940361,18.137894,18.084076,18.030205,18.030205,18.012245,18.352852,18.137894,18.137894,18.227524,18.424385,18.227524,18.245445,18.119965,18.155830,18.173759,18.155830,18.263351,18.191681,18.209602,17.976311,18.352852,18.245445,18.102013,18.173759,18.066116,18.245445,18.245445,18.281258,18.155830,18.352852,18.227524,18.281258,18.209602,18.263351,18.299164,18.334953,18.155830,18.513702,18.227524,18.442253,18.442253,18.406502,18.388626,18.352852,18.370735,18.388626,18.406502,18.227524,18.406502,18.352852,18.406502,18.513702,18.567253,18.388626,18.549400,18.460121,18.370735,18.674240,18.317062,18.460121,18.424385,18.745483,18.674240,18.585091,18.745483,18.674240,18.513702,18.602928,18.763298,18.692055,18.567253,18.692055,18.852249,18.460121,18.763298,18.745483,18.870033,18.709869,18.567253,18.745483,18.745483,18.638596,18.798889,18.798889,18.745483,19.012123,18.941109,18.834473,18.763298,18.834473,18.745483,18.745483,18.852249,18.870033,18.745483,18.781090,18.798889,18.870033,18.745483,18.798889,18.745483,18.852249,18.887802,18.941109,18.923340,18.905579,18.905579,19.065346,18.905579,18.816673,18.887802,18.905579,18.958870,18.994377,18.709869,18.870033,18.994377,19.189407,19.100807,18.870033,18.781090,19.118538,18.976631,19.136261,19.171692,18.852249,18.994377,19.065346,19.242508,18.994377,19.083084,19.012123,19.012123,18.905579,19.012123,19.242508,19.118538,19.454590,
19.171692,19.047615,18.976631,18.852249,18.994377,19.083084,18.852249,19.065346,19.065346,19.012123,19.065346,18.958870,19.012123,19.065346,19.083084,19.083084,19.083084,19.330948,19.065346,19.153984,18.941109,18.976631,19.383957,18.994377,19.012123,19.224815,18.887802,19.118538,18.923340,19.029869,19.348618,19.118538,19.207108,19.136261,18.994377,18.905579,18.852249,19.065346,18.798889,18.870033,18.816673,19.012123,18.585091,18.781090,18.745483,18.674240,18.602928,18.477982,18.674240,18.727684,18.549400,18.620766,18.442253,18.674240,18.709869,18.531555,18.549400,18.727684,18.585091,18.299164,18.388626,18.370735,18.370735,18.299164,18.406502,18.460121,18.227524,18.388626,18.281258,18.155830,18.209602,18.334953,18.119965,18.155830,17.994278,18.155830,18.173759,18.048164,18.119965,17.976311,17.994278,17.814415,17.904396,18.012245,17.832420,17.652206,17.868416,17.832420,17.832420,17.976311,17.652206,17.688278,17.652206,17.598068,17.616119,17.652206,17.688278,17.525826,17.489685,17.598068,17.471611,17.489685,17.652206,17.616119,17.598068,17.218117,17.399261,17.399261,17.326851,17.363060,17.254379,17.163704,17.163704,17.218117,17.145554,17.381157,17.127403,17.000237,17.145554,17.127403,17.236252,17.236252,17.181839,17.036591,17.018410,16.945679,16.836464,16.982056,16.927490,16.781799,16.891090,17.127403,16.891090,16.891090,16.599342,16.872887,16.818245,16.727104,16.872887,16.690620,16.800026,16.672379,16.781799,16.690620,16.818245,16.635872,16.654121,16.672379,16.672379,16.526253,16.635872,16.690620,16.471397,16.581078,16.398201,16.434807,16.489677,16.526253,16.434807,16.214928,16.288277,16.343254,16.159874,16.343254,16.233269,16.379883,16.251610,16.269951,16.269951,15.957695,16.214928,16.123146,16.251610,15.994492,16.031273,16.123146,15.920883,16.104774,16.159874,15.884071,16.012886,16.068031,15.994492,15.976097,15.976097,15.994492,15.957695,15.902481,15.847229,15.736610,15.884071,15.902481,15.902481,15.828796,15.791931,15.736610,15.736610,15.718163,15.662788,15.939293,15.791931,15.644325,15.644325,15.625862,15.588913,15.644325,15.625862,15.699715,15.533455,15.551949,15.662788,15.607391,15.570435,15.588913,15.422462,15.459480,15.440964,15.551949,15.607391,15.514977,15.422462,15.644325,15.348373,15.662788,15.422462,15.533455,15.551949,15.533455,15.496475,15.588913,15.533455,15.514977,15.385422,15.570435,15.477974,15.477974,15.570435,15.570435,15.366905,15.218575,15.348373,15.533455,15.292770,15.311302,15.459480,15.385422,15.533455,15.477974,15.477974,15.440964,15.366905,15.459480,15.385422,15.385422,15.514977,15.496475,15.311302,15.385422,15.440964,15.403938,15.255684,15.385422,15.385422,15.329842,15.255684,15.403938,15.348373,15.237137,15.329842,15.218575,15.440964,15.533455,15.570435,15.496475,15.477974,15.477974,15.292770,15.607391,15.403938,15.496475,15.459480,15.403938,15.551949,15.440964,15.588913,15.662788,15.514977,15.699715,15.847229,15.810371,15.533455,15.773499,15.625862,15.847229,15.865646,15.736610,15.773499,15.718163,15.773499,15.791931,15.791931,15.791931,15.755058,15.736610,15.773499,15.791931,15.681252,15.847229,15.755058,15.884071,15.773499,15.736610,15.884071,15.773499,15.828796,15.902481,15.902481,15.699715,15.957695,15.847229,16.049652,15.773499,15.865646,15.755058,15.865646,16.086403,15.736610,15.884071,15.884071,15.884071,15.920883,15.773499,15.884071,15.920883,15.920883,15.884071,16.031273,15.865646,15.865646,15.865646,15.847229,15.699715,15.957695,15.847229,15.828796,15.939293,15.884071,15.773499,16.068031,15.994492,15.994492,15.920883,15.994492,15.976097,15.902481,16.031273,15.884071,15.920883,16.178230,15.902481,16.068031,16.104774,15.957695,16.049652,16.104774,16.012886,16.068031,16.086403,16.031273,15.976097,16.068031,16.104774,16.068031,16.123146,16.123146,16.123146,15.994492,16.178230,16.306610,16.233269,16.178230,16.086403,16.214928,16.031273,16.031273,16.306610,16.086403,16.178230,16.507973,16.288277,16.012886,16.251610,16.434807,16.416496,16.251610,16.434807,16.416496,16.361572,16.379883,16.379883,16.379883,16.434807,16.544525,16.672379,16.471397,16.562805,16.453102,16.489677,16.599342,16.763573,16.654121,16.672379,16.690620,16.562805,16.581078,16.690620,16.544525,16.617607,16.617607,16.672379,16.672379,16.654121,16.854668,16.872887,16.763573,16.672379,16.800026,16.872887,16.818245,16.927490,16.854668,16.763573,16.800026,16.690620,16.727104,17.036591,16.690620,16.800026,17.036591,16.982056,17.054764,16.891090,17.000237,16.982056,16.982056,17.000237,17.036591,16.800026,17.127403,17.181839,17.344955,17.218117,17.272507,17.254379,17.218117,17.399261,17.145554,17.163704,17.344955,17.326851,17.344955,17.417351,17.363060,17.670250,17.272507,17.525826,17.489685,17.435440,17.489685,17.634163,17.688278,17.525826,17.652206,17.670250,17.760384,17.742363,17.742363,17.706314,17.688278,17.814415,17.868416,17.868416,17.778404,17.814415,17.742363,17.850410,17.868416,17.832420,18.030205,18.030205,17.850410,17.868416,17.904396,17.868416,17.940361,18.102013,17.886406,17.778404,18.048164,18.102013,17.904396,17.994278,17.994278,17.958336,17.976311,17.994278,18.119965,18.066116,17.796410,18.030205,18.119965,18.173759,17.886406,17.940361,18.155830,18.299164,18.173759,18.299164,18.245445,18.048164,18.066116,18.191681,18.173759,18.370735,18.102013,18.370735,18.155830,18.477982,18.191681,18.173759,18.084076,18.370735,18.263351,18.191681,18.317062,18.406502,18.066116,18.299164,18.460121,18.352852,18.299164,18.424385,18.388626,18.299164,18.263351,18.495850,18.317062,18.299164,18.442253,18.424385,18.317062,18.317062,18.388626,18.370735,18.549400,18.549400,18.334953,18.513702,18.317062,18.602928,18.370735,18.674240,18.477982,18.567253,18.620766,18.602928,18.638596,18.727684,18.370735,18.317062,18.513702,18.692055,18.513702,18.173759,18.602928,18.674240,18.727684,18.692055,18.442253,18.798889,18.495850,18.852249,18.424385,18.602928,18.994377,18.763298,19.100807,18.976631,18.656418,18.905579,18.923340,18.781090,18.905579,18.798889,18.852249,18.941109,18.798889,18.798889,18.958870,18.745483,18.941109,18.727684,18.798889,18.870033,18.870033,19.047615,18.798889,18.923340,18.870033,19.065346,18.941109,19.047615,18.834473,18.763298,18.923340,19.047615,18.905579,18.870033,18.852249,19.207108,18.994377,18.958870,18.798889,19.136261,19.207108,18.958870,19.047615,19.136261,19.083084,19.029869,19.313263,18.727684,19.100807,18.887802,19.207108,19.065346,19.065346,19.224815,19.260208,19.472237,
18.816673,18.941109,19.118538,19.118538,18.923340,18.887802,19.189407,18.852249,19.136261,19.153984,19.029869,19.047615,18.976631,19.100807,18.976631,19.065346,19.224815,19.313263,19.224815,19.189407,19.047615,18.994377,19.207108,19.153984,19.100807,19.118538,19.224815,19.012123,19.136261,19.171692,19.260208,19.295586,19.065346,19.136261,19.295586,19.207108,19.277893,18.994377,19.489883,19.047615,19.136261,19.065346,18.958870,18.958870,19.065346,18.905579,18.870033,18.781090,18.692055,18.727684,18.958870,18.798889,19.118538,18.602928,18.781090,18.781090,18.816673,19.029869,18.460121,18.958870,18.585091,18.852249,18.567253,18.727684,18.745483,18.442253,18.638596,18.388626,18.477982,18.585091,18.388626,18.370735,18.531555,18.352852,18.531555,18.513702,18.406502,18.119965,18.281258,18.263351,18.191681,18.227524,18.477982,18.155830,18.352852,18.155830,18.245445,17.850410,17.922386,18.173759,18.191681,18.119965,17.976311,17.976311,17.886406,17.868416,17.976311,17.796410,17.832420,17.904396,17.742363,17.796410,17.814415,17.688278,17.706314,17.814415,17.652206,17.634163,17.616119,17.580009,17.543900,17.688278,17.525826,17.742363,17.670250,17.399261,17.381157,17.670250,17.363060,17.525826,17.417351,17.344955,17.363060,17.381157,17.417351,17.254379,17.326851,17.344955,17.163704,17.199982,17.127403,17.054764,17.054764,16.818245,17.091087,16.891090,16.872887,16.891090,17.000237,17.000237,16.927490,17.018410,16.727104,16.982056,16.708862,16.872887,16.891090,16.891090,16.836464,16.781799,16.818245,16.854668,16.654121,16.818245,16.854668,16.745338,16.781799,16.635872,16.599342,16.489677,16.562805,16.599342,16.635872,16.379883,16.708862,16.398201,16.581078,16.453102,16.453102,16.398201,16.324928,16.379883,16.398201,16.324928,16.453102,16.361572,16.159874,16.178230,16.416496,16.086403,16.178230,16.196571,16.012886,16.159874,16.104774,16.068031,15.939293,16.068031,15.884071,15.976097,15.939293,16.012886,16.196571,15.976097,15.847229,15.828796,15.976097,15.884071,15.810371,15.810371,15.828796,15.755058,15.920883,15.847229,15.902481,15.755058,15.865646,15.847229,15.607391,15.570435,15.791931,15.718163,15.699715,15.662788,15.791931,15.755058,15.514977,15.755058,15.736610,15.681252,15.736610,15.681252,15.588913,15.681252,15.514977,15.607391,15.718163,15.755058,15.699715,15.551949,15.681252,15.625862,15.607391,15.588913,15.607391,15.514977,15.533455,15.755058,15.607391,15.607391,15.644325,15.496475,15.699715,15.588913,15.533455,15.773499,15.477974,15.533455,15.644325,15.422462,15.625862,15.514977,15.329842,15.662788,15.570435,15.385422,15.607391,15.644325,15.292770,15.459480,15.477974,15.607391,15.662788,15.533455,15.477974,15.607391,15.422462,15.403938,15.385422,15.514977,15.403938,15.459480,15.459480,15.459480,15.459480,15.496475,15.366905,15.496475,15.570435,15.681252,15.791931,15.736610,15.422462,15.736610,15.570435,15.607391,15.644325,15.551949,15.644325,15.588913,15.773499,15.884071,15.902481,15.828796,15.902481,15.884071,15.902481,15.957695,15.976097,15.884071,15.773499,16.123146,15.755058,15.847229,15.755058,15.810371,15.884071,15.884071,15.920883,15.884071,16.012886,15.773499,15.755058,15.976097,15.920883,15.939293,15.828796,15.699715,15.773499,15.773499,15.828796,15.976097,15.865646,15.920883,15.884071,15.865646,15.810371,15.920883,15.994492,15.810371,15.884071,15.847229,15.810371,15.810371,15.939293,15.662788,15.791931,15.847229,15.884071,15.939293,15.828796,15.847229,15.755058,15.920883,15.994492,15.939293,15.939293,15.755058,15.976097,15.957695,15.884071,15.957695,15.976097,16.178230,16.049652,16.012886,15.920883,15.976097,15.957695,16.068031,16.012886,16.104774,16.086403,16.104774,16.141510,16.049652,16.049652,16.049652,16.012886,16.049652,16.068031,16.159874,16.068031,16.068031,16.178230,16.104774,16.141510,16.123146,16.159874,16.306610,16.178230,16.068031,16.141510,16.233269,16.288277,16.251610,16.196571,16.324928,16.196571,16.178230,16.251610,16.324928,16.361572,16.416496,16.159874,16.269951,16.562805,16.159874,16.306610,16.471397,16.434807,16.416496,16.434807,16.214928,16.471397,16.526253,16.086403,16.635872,16.800026,16.471397,16.672379,16.708862,16.544525,16.635872,16.617607,16.635872,16.727104,16.581078,16.818245,16.872887,16.544525,16.635872,16.854668,16.745338,16.708862,16.599342,17.000237,16.690620,16.708862,16.708862,16.654121,16.800026,16.654121,16.727104,16.836464,16.836464,16.745338,16.872887,16.818245,16.927490,16.872887,16.945679,16.909286,17.181839,16.945679,16.854668,17.072929,16.963875,16.982056,17.036591,17.036591,17.308739,17.054764,17.072929,17.163704,17.236252,17.218117,17.381157,17.399261,17.363060,17.381157,17.254379,17.344955,17.489685,17.580009,17.453522,17.471611,17.272507,17.525826,17.471611,17.598068,17.724342,17.724342,17.688278,17.706314,17.652206,17.616119,17.778404,17.760384,17.760384,17.850410,17.616119,17.922386,17.670250,17.760384,17.706314,17.670250,17.976311,17.814415,17.976311,17.940361,18.012245,17.976311,17.868416,17.886406,18.137894,17.904396,17.940361,18.119965,18.066116,17.922386,18.012245,17.850410,17.922386,18.227524,18.048164,17.922386,18.084076,18.137894,18.066116,18.084076,18.084076,18.263351,18.209602,18.245445,18.209602,18.173759,18.173759,18.048164,18.066116,18.227524,18.245445,18.299164,18.030205,18.173759,18.263351,18.245445,18.281258,18.030205,18.245445,18.102013,18.370735,17.976311,18.191681,18.263351,18.084076,18.317062,18.119965,18.102013,18.424385,18.424385,18.191681,18.424385,18.191681,18.352852,18.352852,18.352852,18.549400,18.388626,18.317062,18.388626,18.460121,18.352852,18.334953,18.263351,18.442253,18.460121,18.406502,18.281258,18.585091,18.424385,18.477982,18.334953,18.513702,18.388626,18.781090,18.513702,18.549400,18.334953,18.513702,18.674240,18.692055,18.442253,18.531555,18.620766,18.406502,18.656418,18.656418,18.620766,18.816673,18.656418,18.709869,18.638596,18.727684,18.567253,18.549400,18.585091,18.798889,18.602928,18.674240,18.870033,18.549400,18.816673,18.656418,18.852249,18.620766,18.870033,18.763298,18.852249,18.692055,18.958870,18.834473,18.816673,18.887802,18.958870,18.870033,18.834473,18.834473,18.834473,18.727684,19.118538,18.887802,18.994377,18.816673,18.781090,19.065346,18.976631,19.012123,19.189407,19.100807,19.083084,19.065346,18.852249,19.277893,19.083084,19.207108,18.905579,19.118538,19.207108,19.171692,19.260208,19.153984,19.224815,19.118538,19.047615,19.171692,19.047615,19.189407,19.118538,19.277893,
19.189407,19.207108,18.923340,19.260208,18.798889,19.012123,19.100807,19.330948,19.136261,19.171692,18.870033,19.136261,19.401619,19.401619,19.047615,18.941109,19.047615,19.065346,19.224815,19.242508,19.171692,19.136261,18.994377,18.958870,18.941109,19.136261,19.242508,19.136261,19.366287,19.029869,19.207108,19.454590,19.348618,19.242508,19.401619,19.542793,19.242508,19.118538,19.224815,19.224815,19.153984,19.295586,19.242508,19.118538,19.224815,19.065346,19.083084,19.189407,18.887802,19.153984,19.012123,19.118538,19.118538,18.976631,19.100807,19.260208,19.065346,18.887802,18.976631,19.171692,19.100807,19.029869,18.923340,18.870033,18.763298,18.887802,18.692055,18.745483,18.709869,18.798889,18.674240,18.941109,18.816673,18.852249,18.870033,18.692055,18.781090,18.620766,18.763298,18.585091,18.602928,18.692055,18.763298,18.709869,18.638596,18.477982,18.513702,18.567253,18.674240,18.638596,18.317062,18.406502,18.352852,18.477982,18.245445,18.048164,18.227524,18.263351,18.155830,18.299164,18.012245,18.263351,18.155830,18.048164,18.066116,18.281258,18.102013,18.084076,18.030205,17.958336,17.850410,17.742363,17.814415,17.814415,17.760384,17.922386,17.868416,17.850410,17.832420,17.706314,17.634163,17.724342,17.435440,17.652206,17.489685,17.688278,17.561958,17.417351,17.507759,17.471611,17.489685,17.543900,17.163704,17.254379,17.054764,17.363060,17.199982,17.272507,17.163704,17.290627,17.272507,17.127403,17.199982,17.000237,17.272507,17.163704,17.199982,17.109245,17.181839,17.109245,16.927490,17.109245,16.872887,17.054764,17.091087,17.036591,16.763573,17.072929,16.800026,16.927490,16.909286,16.727104,16.945679,16.763573,16.672379,16.727104,16.635872,16.800026,16.727104,16.745338,16.544525,16.727104,16.654121,16.526253,16.544525,16.526253,16.489677,16.526253,16.306610,16.489677,16.324928,16.343254,16.324928,16.324928,16.343254,16.544525,16.214928,16.269951,16.123146,16.233269,16.196571,16.123146,16.049652,16.178230,16.233269,16.416496,16.306610,16.159874,16.031273,16.104774,16.012886,16.214928,16.123146,16.012886,16.012886,16.012886,15.957695,15.920883,15.847229,15.976097,15.810371,15.939293,15.791931,15.920883,15.791931,15.865646,15.718163,15.791931,15.902481,15.920883,15.681252,15.810371,15.902481,15.920883,15.810371,15.865646,15.681252,15.791931,15.791931,15.902481,15.847229,15.865646,15.828796,15.755058,15.681252,15.828796,15.681252,15.847229,15.588913,15.773499,15.791931,15.699715,15.551949,15.588913,15.736610,15.644325,15.533455,15.902481,15.773499,15.902481,15.607391,15.755058,15.551949,15.699715,15.699715,15.625862,15.736610,15.736610,15.551949,15.533455,15.570435,15.588913,15.533455,15.496475,15.718163,15.644325,15.533455,15.551949,15.644325,15.514977,15.681252,15.607391,15.810371,15.755058,15.755058,15.644325,15.533455,15.533455,15.718163,15.533455,15.662788,15.718163,15.625862,15.736610,15.551949,15.902481,15.736610,15.920883,15.699715,15.976097,15.994492,15.884071,16.141510,16.012886,15.791931,15.957695,15.791931,15.847229,15.810371,15.865646,15.976097,15.773499,15.791931,15.865646,15.939293,15.994492,15.847229,15.791931,15.884071,15.755058,15.884071,15.957695,15.810371,15.847229,15.773499,15.681252,15.755058,15.773499,15.828796,15.902481,15.920883,15.865646,15.681252,15.847229,15.828796,15.957695,15.773499,15.828796,15.865646,15.681252,15.718163,15.884071,15.773499,15.902481,15.847229,15.718163,15.920883,15.828796,15.865646,15.847229,15.773499,15.920883,15.718163,15.957695,15.791931,15.810371,15.939293,15.976097,15.810371,16.012886,15.884071,16.012886,15.865646,15.994492,15.791931,16.031273,15.902481,15.939293,15.865646,16.141510,15.810371,16.068031,15.957695,16.159874,16.031273,15.884071,16.068031,16.159874,16.104774,15.976097,15.902481,16.031273,16.049652,16.178230,15.976097,16.233269,16.123146,16.123146,15.957695,16.068031,16.086403,15.994492,16.031273,16.049652,16.361572,16.141510,16.086403,16.269951,16.178230,16.196571,16.104774,16.178230,16.251610,16.141510,16.251610,16.141510,16.178230,16.178230,16.343254,16.306610,16.251610,16.453102,16.489677,16.361572,16.544525,16.599342,16.489677,16.489677,16.361572,16.507973,16.654121,16.343254,16.635872,16.471397,16.581078,16.599342,16.763573,16.581078,16.635872,16.836464,16.654121,16.672379,16.562805,16.617607,16.635872,16.800026,16.526253,16.654121,16.544525,16.727104,16.836464,16.800026,16.672379,16.690620,16.781799,17.036591,16.745338,16.891090,16.745338,16.800026,16.818245,16.672379,16.745338,16.854668,16.836464,16.963875,16.945679,16.945679,17.018410,16.854668,16.963875,17.181839,16.927490,17.036591,17.145554,17.308739,17.272507,17.435440,17.054764,17.363060,17.236252,17.344955,17.254379,17.381157,17.670250,17.453522,17.489685,17.435440,17.489685,17.471611,17.543900,17.634163,17.580009,17.670250,17.670250,17.760384,17.543900,17.688278,17.724342,17.760384,17.598068,17.598068,17.868416,17.706314,17.796410,17.706314,17.742363,17.832420,17.976311,18.030205,17.688278,17.922386,17.724342,17.904396,17.922386,17.922386,17.724342,17.850410,17.940361,18.084076,17.994278,17.958336,18.084076,18.048164,17.940361,18.030205,18.084076,18.155830,17.814415,18.066116,18.084076,17.886406,18.084076,18.084076,18.209602,18.352852,18.119965,17.958336,18.084076,18.334953,18.102013,18.263351,18.066116,18.066116,18.030205,17.994278,18.209602,18.299164,18.388626,18.191681,18.191681,18.281258,18.370735,18.173759,18.227524,18.227524,18.245445,18.388626,18.155830,18.299164,18.299164,18.227524,18.370735,18.352852,18.263351,18.191681,18.352852,18.352852,18.370735,18.460121,18.388626,18.495850,18.227524,18.299164,18.442253,18.334953,18.388626,18.531555,18.442253,18.477982,18.299164,18.674240,18.388626,18.692055,18.513702,18.460121,18.709869,18.709869,18.442253,18.513702,18.442253,18.424385,18.745483,18.727684,18.567253,18.852249,18.513702,18.620766,18.567253,18.585091,18.727684,18.656418,18.656418,18.727684,18.531555,18.638596,18.905579,18.709869,18.834473,18.745483,18.781090,18.692055,18.976631,18.709869,18.976631,18.834473,18.674240,18.852249,18.656418,18.763298,18.994377,18.941109,18.620766,18.976631,18.495850,18.870033,18.852249,18.727684,18.923340,18.852249,19.047615,18.870033,18.941109,19.065346,18.941109,18.994377,18.923340,18.852249,18.923340,19.260208,19.047615,19.065346,18.958870,18.941109,19.136261,18.941109,19.153984,19.012123,18.941109,19.065346,19.029869,19.153984,19.224815,19.136261,19.118538,19.136261,19.189407,19.277893,19.330948,19.313263,
19.012123,19.065346,19.153984,19.207108,19.100807,18.941109,19.136261,18.941109,19.330948,18.976631,19.012123,19.065346,19.189407,19.171692,19.065346,19.224815,18.976631,19.277893,19.065346,19.047615,19.366287,19.313263,19.171692,19.277893,19.207108,19.313263,18.976631,19.153984,19.295586,19.436943,19.348618,19.560417,19.189407,19.207108,19.489883,19.401619,19.489883,19.578049,19.295586,19.295586,19.419281,19.383957,19.366287,19.083084,19.224815,19.277893,19.224815,19.224815,19.277893,19.313263,19.330948,19.189407,19.189407,19.295586,19.171692,19.189407,19.366287,19.029869,19.313263,19.029869,19.012123,19.136261,19.100807,19.224815,18.781090,19.100807,18.941109,19.083084,19.065346,19.224815,19.189407,19.153984,19.224815,19.260208,19.029869,18.923340,19.295586,19.029869,18.994377,19.189407,19.029869,18.994377,18.941109,19.171692,19.100807,18.781090,18.887802,18.745483,19.029869,18.994377,18.816673,18.958870,18.567253,18.692055,18.781090,18.674240,18.656418,18.460121,18.602928,18.442253,18.460121,18.281258,18.334953,18.495850,18.424385,18.388626,18.209602,18.334953,18.191681,18.388626,18.209602,18.102013,18.137894,18.173759,18.012245,18.137894,18.066116,18.012245,17.904396,17.886406,18.227524,17.904396,17.868416,17.940361,17.850410,17.598068,17.760384,17.958336,17.832420,17.670250,17.634163,17.796410,17.344955,17.616119,17.543900,17.435440,17.399261,17.435440,17.525826,17.290627,17.543900,17.417351,17.344955,17.507759,17.435440,17.254379,17.399261,17.435440,17.236252,17.344955,17.145554,17.254379,17.181839,17.127403,17.072929,17.199982,17.181839,17.145554,17.109245,16.982056,16.982056,16.982056,17.018410,17.145554,17.163704,17.018410,17.036591,16.909286,17.000237,17.054764,16.836464,16.708862,16.836464,16.763573,16.818245,16.854668,16.891090,16.836464,16.708862,16.800026,16.727104,16.708862,16.526253,16.507973,16.489677,16.361572,16.690620,16.544525,16.453102,16.544525,16.526253,16.507973,16.416496,16.416496,16.398201,16.434807,16.398201,16.526253,16.434807,16.288277,16.453102,16.361572,16.343254,16.471397,16.306610,16.104774,16.214928,16.123146,16.159874,16.214928,16.178230,16.123146,16.068031,16.049652,16.159874,16.086403,16.159874,16.068031,15.994492,16.251610,15.865646,16.141510,16.049652,15.939293,15.884071,16.141510,15.976097,16.141510,15.902481,16.012886,16.049652,16.104774,16.068031,15.957695,15.976097,16.012886,15.884071,15.884071,15.939293,15.994492,15.902481,15.884071,15.920883,15.736610,16.049652,15.773499,15.847229,15.920883,15.976097,16.068031,15.828796,15.791931,15.884071,15.976097,15.828796,15.957695,15.791931,15.718163,15.884071,15.736610,15.902481,15.828796,15.773499,15.607391,15.662788,15.773499,15.681252,15.755058,15.847229,15.884071,15.828796,15.810371,15.718163,15.718163,15.865646,16.012886,15.662788,15.681252,15.773499,15.957695,15.847229,15.662788,15.920883,15.920883,15.828796,15.810371,16.086403,15.791931,15.828796,15.791931,15.939293,16.049652,15.791931,15.810371,16.049652,16.031273,16.031273,16.049652,15.957695,16.068031,15.828796,15.994492,15.957695,15.920883,15.994492,16.012886,15.884071,15.902481,15.791931,16.104774,16.012886,15.939293,15.791931,15.773499,16.012886,15.902481,15.865646,15.755058,15.755058,15.791931,15.865646,15.884071,15.644325,15.920883,15.847229,16.068031,15.865646,15.810371,15.791931,15.902481,15.828796,15.865646,15.884071,15.828796,15.644325,15.810371,15.939293,15.791931,15.994492,15.755058,15.773499,16.049652,16.012886,15.884071,15.847229,15.755058,15.865646,15.994492,15.865646,15.957695,15.884071,15.810371,15.865646,15.902481,15.920883,15.920883,15.828796,15.920883,15.939293,16.086403,15.902481,15.957695,15.847229,15.994492,15.865646,15.939293,15.791931,15.976097,16.086403,16.123146,15.957695,16.012886,16.049652,16.068031,15.994492,16.141510,15.976097,15.884071,16.068031,15.884071,15.939293,15.994492,16.068031,16.031273,16.159874,16.141510,16.233269,16.049652,15.994492,16.269951,16.141510,15.957695,16.123146,16.306610,16.343254,16.178230,16.178230,16.343254,16.306610,16.343254,16.159874,16.416496,16.361572,16.526253,16.745338,16.599342,16.635872,16.416496,16.507973,16.581078,16.654121,16.507973,16.507973,16.562805,16.471397,16.745338,16.526253,16.507973,16.708862,16.599342,16.471397,16.398201,16.690620,16.489677,16.690620,16.544525,16.617607,16.891090,16.599342,16.836464,16.654121,16.672379,16.526253,16.818245,16.727104,16.745338,16.854668,16.818245,16.836464,16.945679,16.617607,16.927490,16.909286,16.909286,16.763573,17.000237,17.000237,17.091087,16.781799,17.127403,17.054764,17.018410,17.018410,17.199982,17.254379,17.091087,17.091087,17.145554,17.036591,17.417351,17.363060,17.254379,17.290627,17.435440,17.381157,17.326851,17.308739,17.236252,17.344955,17.580009,17.652206,17.399261,17.706314,17.724342,17.525826,17.489685,17.724342,17.778404,17.543900,17.814415,17.634163,17.742363,17.778404,17.760384,17.796410,17.652206,17.543900,17.652206,17.742363,17.724342,17.886406,17.904396,17.706314,17.814415,17.958336,17.886406,18.030205,17.886406,18.048164,17.868416,18.102013,17.976311,17.868416,17.976311,18.012245,18.048164,17.940361,18.173759,18.012245,17.778404,18.012245,17.940361,18.048164,18.119965,18.263351,18.066116,18.012245,18.263351,18.012245,18.048164,18.066116,18.209602,18.227524,18.209602,18.102013,18.066116,18.227524,18.263351,17.994278,18.030205,18.048164,18.227524,18.084076,18.137894,18.281258,18.173759,18.227524,18.317062,18.281258,18.209602,18.191681,18.299164,18.173759,18.191681,18.334953,18.173759,18.245445,18.406502,18.370735,18.352852,18.388626,18.388626,18.495850,18.406502,18.209602,18.227524,18.531555,18.424385,18.442253,18.531555,18.281258,18.370735,18.495850,18.477982,18.585091,18.317062,18.460121,18.388626,18.388626,18.585091,18.585091,18.887802,18.549400,18.602928,18.763298,18.531555,18.727684,18.477982,18.781090,18.620766,18.585091,18.638596,18.638596,18.620766,18.763298,18.692055,18.620766,18.816673,18.905579,18.692055,18.781090,18.620766,18.638596,18.941109,18.923340,18.834473,18.781090,18.727684,18.976631,18.852249,18.674240,19.012123,18.585091,18.781090,18.692055,18.816673,18.852249,18.958870,18.923340,18.941109,18.887802,18.816673,18.887802,19.047615,18.870033,18.816673,18.941109,18.834473,18.941109,18.870033,19.012123,19.065346,19.083084,18.656418,19.242508,18.834473,19.047615,18.958870,18.923340,19.153984,19.065346,19.153984,19.171692,19.295586,18.781090,19.083084,19.136261,18.994377,19.136261,19.366287,
19.047615,19.189407,19.047615,19.224815,19.260208,19.189407,19.100807,19.153984,19.207108,19.136261,18.923340,19.295586,19.153984,19.224815,19.330948,19.207108,19.330948,19.489883,19.171692,19.525154,19.029869,19.313263,19.065346,19.207108,19.153984,18.852249,19.189407,19.224815,19.295586,19.330948,19.383957,19.454590,19.295586,19.436943,19.224815,19.525154,19.454590,19.419281,19.419281,19.472237,19.436943,19.348618,19.401619,19.295586,19.207108,19.136261,19.507530,19.401619,19.277893,19.401619,19.277893,19.366287,19.542793,19.454590,19.047615,19.330948,19.295586,19.313263,19.224815,19.401619,19.136261,19.313263,19.083084,19.348618,19.118538,19.242508,19.207108,19.313263,19.118538,19.136261,19.065346,19.207108,19.171692,19.224815,19.277893,19.260208,19.330948,19.153984,19.348618,19.207108,19.029869,19.224815,19.295586,19.242508,19.136261,19.454590,19.083084,19.242508,19.136261,19.029869,19.242508,19.047615,19.100807,18.923340,19.029869,18.816673,18.976631,18.870033,18.887802,18.923340,18.852249,18.692055,18.781090,18.674240,18.798889,18.798889,18.531555,18.585091,18.585091,18.585091,18.620766,18.567253,18.460121,18.299164,18.513702,18.102013,18.620766,18.191681,18.317062,18.406502,18.281258,18.334953,18.030205,18.477982,18.173759,18.495850,18.191681,18.191681,18.191681,17.904396,17.958336,17.850410,17.832420,17.832420,17.850410,17.850410,17.778404,17.742363,17.886406,17.598068,17.670250,17.598068,17.742363,17.598068,17.580009,17.634163,17.417351,17.616119,17.489685,17.453522,17.272507,17.543900,17.381157,17.580009,17.453522,17.290627,17.435440,17.290627,17.399261,17.344955,17.363060,17.381157,17.236252,17.326851,17.308739,17.254379,17.163704,17.236252,17.181839,17.145554,17.127403,17.145554,17.181839,17.091087,16.982056,17.145554,17.000237,17.145554,16.836464,16.800026,16.945679,16.982056,16.909286,16.672379,16.727104,16.909286,17.000237,16.745338,16.854668,16.745338,16.562805,16.763573,16.727104,16.690620,16.544525,16.635872,16.654121,16.599342,16.617607,16.909286,16.526253,16.434807,16.562805,16.526253,16.471397,16.562805,16.343254,16.324928,16.269951,16.379883,16.379883,16.453102,16.159874,16.123146,16.343254,16.214928,16.269951,16.526253,16.324928,16.398201,16.068031,16.288277,16.324928,16.269951,16.379883,16.214928,16.086403,16.306610,16.361572,16.251610,16.178230,16.306610,16.233269,16.178230,16.269951,16.178230,16.214928,16.068031,16.086403,16.251610,16.068031,16.049652,16.104774,16.086403,16.049652,16.068031,16.031273,16.049652,16.031273,16.214928,16.049652,16.141510,16.049652,16.031273,15.994492,15.939293,16.068031,15.976097,16.123146,16.049652,16.086403,16.141510,16.012886,15.994492,16.012886,15.847229,15.920883,16.049652,16.068031,16.104774,15.920883,16.104774,16.012886,16.086403,15.865646,15.865646,15.994492,15.920883,15.920883,15.976097,15.884071,15.939293,15.976097,15.920883,15.939293,16.288277,16.086403,16.233269,16.178230,16.214928,16.086403,16.159874,16.123146,16.324928,16.251610,15.994492,15.976097,16.233269,16.104774,16.031273,16.068031,16.196571,16.012886,16.049652,16.104774,16.269951,15.847229,16.141510,16.049652,16.086403,16.324928,16.049652,15.939293,16.123146,15.902481,16.012886,16.104774,15.976097,15.884071,15.773499,15.828796,15.976097,15.828796,15.957695,15.847229,15.920883,15.847229,15.902481,15.939293,15.828796,15.828796,15.810371,15.847229,16.031273,15.939293,15.847229,15.736610,15.847229,15.810371,16.049652,16.104774,15.884071,15.828796,15.828796,15.976097,15.884071,15.699715,15.791931,15.939293,15.902481,15.957695,15.976097,15.865646,15.773499,15.994492,15.976097,16.196571,15.939293,16.086403,15.902481,16.012886,15.847229,15.902481,16.086403,15.939293,15.902481,15.810371,16.049652,15.994492,15.976097,15.920883,15.957695,15.920883,16.141510,15.847229,16.196571,15.976097,16.068031,16.049652,15.976097,16.233269,15.994492,16.159874,16.086403,16.031273,16.068031,16.123146,16.288277,16.123146,16.104774,16.159874,16.251610,16.068031,16.196571,16.141510,16.324928,16.343254,16.288277,16.324928,16.178230,16.324928,16.324928,16.416496,16.288277,16.379883,16.288277,16.434807,16.416496,16.379883,16.361572,16.379883,16.471397,16.507973,16.398201,16.489677,16.562805,16.489677,16.562805,16.434807,16.599342,16.690620,16.526253,16.781799,16.562805,16.581078,16.727104,16.635872,16.654121,16.471397,16.708862,16.471397,16.672379,16.763573,16.745338,16.800026,16.818245,16.781799,16.745338,16.781799,16.800026,16.690620,16.963875,16.818245,16.800026,16.635872,16.854668,16.708862,16.891090,17.036591,17.018410,17.109245,17.018410,17.054764,16.909286,16.891090,17.163704,16.963875,17.091087,17.163704,16.927490,17.199982,17.399261,17.181839,17.163704,17.363060,17.435440,17.326851,17.290627,17.272507,17.254379,17.417351,17.525826,17.453522,17.507759,17.453522,17.417351,17.471611,17.561958,17.489685,17.471611,17.561958,17.598068,17.507759,17.507759,17.688278,17.742363,17.814415,17.724342,17.814415,17.850410,17.904396,17.652206,17.868416,17.742363,17.742363,17.886406,17.850410,17.958336,17.760384,17.598068,17.940361,17.850410,17.868416,17.886406,17.976311,17.940361,17.904396,18.119965,17.940361,17.958336,17.940361,17.868416,18.012245,18.102013,18.066116,18.084076,18.137894,18.173759,18.066116,18.084076,18.317062,18.012245,18.191681,18.012245,18.173759,18.173759,18.209602,18.119965,17.850410,17.904396,18.048164,18.263351,18.155830,18.084076,18.281258,17.958336,18.030205,18.334953,18.370735,18.012245,18.263351,17.940361,18.155830,18.424385,18.245445,18.263351,18.102013,18.281258,18.495850,18.370735,18.263351,18.531555,18.299164,18.460121,18.245445,18.317062,18.424385,18.424385,18.513702,18.317062,18.388626,18.460121,18.263351,18.513702,18.388626,18.495850,18.460121,18.692055,18.442253,18.477982,18.424385,18.567253,18.442253,18.513702,18.442253,18.531555,18.388626,18.834473,18.567253,18.102013,18.531555,18.495850,18.656418,18.638596,18.513702,18.495850,18.763298,18.513702,18.887802,18.781090,18.709869,18.905579,18.513702,18.620766,18.798889,18.834473,18.674240,18.656418,18.727684,18.816673,18.745483,18.798889,18.567253,18.585091,18.941109,18.620766,18.923340,18.923340,18.798889,18.656418,18.745483,18.941109,18.798889,18.567253,18.870033,18.692055,18.745483,18.958870,18.798889,18.763298,19.083084,18.674240,18.887802,18.887802,18.887802,19.083084,18.994377,18.905579,18.798889,18.958870,19.012123,18.763298,18.905579,19.171692,18.941109,19.083084,19.277893,19.047615,19.207108,19.189407,
19.401619,19.224815,19.118538,19.136261,19.136261,19.047615,18.976631,19.224815,19.136261,19.047615,18.958870,19.029869,19.118538,19.065346,19.383957,19.454590,19.260208,19.171692,19.118538,19.242508,19.295586,19.189407,19.277893,19.189407,19.171692,19.348618,19.100807,19.313263,19.348618,19.454590,19.419281,19.489883,19.383957,19.666115,19.648506,19.542793,19.153984,19.401619,19.383957,19.578049,19.507530,19.401619,19.595665,19.383957,19.065346,19.295586,19.436943,19.242508,19.578049,19.454590,19.578049,19.595665,19.454590,19.736496,19.419281,19.666115,19.313263,19.348618,19.595665,19.436943,19.472237,19.436943,19.366287,19.207108,19.630898,19.419281,19.242508,19.401619,19.542793,19.348618,19.419281,19.436943,19.472237,19.454590,19.153984,19.666115,19.330948,19.401619,19.295586,19.383957,19.419281,19.383957,19.489883,19.542793,19.330948,19.436943,19.366287,19.613289,19.507530,19.454590,19.242508,19.348618,19.065346,19.366287,19.366287,19.153984,19.383957,19.330948,19.260208,19.136261,19.136261,19.171692,19.100807,19.012123,18.958870,18.941109,18.976631,18.905579,18.905579,18.976631,18.852249,18.887802,18.727684,18.709869,18.567253,18.781090,18.692055,18.638596,18.638596,18.745483,18.674240,18.620766,18.567253,18.549400,18.567253,18.477982,18.531555,18.352852,18.245445,18.263351,18.334953,18.352852,18.173759,18.137894,18.227524,18.102013,18.317062,18.030205,17.886406,18.102013,18.137894,17.958336,17.922386,17.922386,17.850410,17.904396,17.922386,17.760384,17.580009,17.742363,17.652206,17.724342,17.634163,17.598068,17.688278,17.814415,17.652206,17.778404,17.417351,17.706314,17.688278,17.652206,17.598068,17.652206,17.688278,17.598068,17.471611,17.399261,17.525826,17.435440,17.543900,17.525826,17.435440,17.489685,17.218117,17.344955,17.308739,17.236252,17.290627,17.145554,17.272507,17.181839,17.018410,17.218117,16.891090,17.181839,17.018410,16.963875,17.018410,16.909286,17.018410,16.909286,16.963875,17.018410,16.836464,17.036591,16.927490,16.818245,16.945679,16.945679,16.927490,16.526253,16.727104,16.891090,16.599342,16.745338,16.763573,16.854668,16.581078,16.690620,16.781799,16.599342,16.453102,16.599342,16.544525,16.690620,16.526253,16.654121,16.489677,16.599342,16.507973,16.562805,16.416496,16.599342,16.507973,16.562805,16.708862,16.562805,16.453102,16.526253,16.434807,16.690620,16.507973,16.324928,16.471397,16.306610,16.379883,16.489677,16.324928,16.489677,16.434807,16.489677,16.343254,16.288277,16.324928,16.398201,16.361572,16.141510,16.434807,16.562805,16.269951,16.306610,16.453102,16.233269,16.306610,16.141510,16.196571,16.379883,16.214928,16.306610,16.214928,16.214928,16.159874,16.288277,16.159874,16.288277,16.269951,16.178230,16.123146,16.233269,16.233269,16.379883,16.214928,16.269951,16.159874,16.178230,16.324928,16.178230,16.068031,16.178230,16.178230,16.159874,16.159874,16.251610,16.104774,16.288277,16.251610,16.214928,16.159874,16.343254,16.398201,16.379883,16.159874,16.379883,16.196571,16.398201,16.306610,16.233269,16.288277,16.214928,16.068031,16.233269,16.141510,16.233269,16.104774,16.233269,16.086403,16.233269,16.251610,16.251610,16.068031,16.251610,16.104774,16.141510,16.233269,16.324928,16.196571,16.251610,15.920883,16.086403,16.104774,16.031273,16.049652,16.288277,16.031273,16.123146,16.104774,16.086403,15.994492,15.994492,15.976097,16.104774,16.012886,15.994492,15.902481,15.939293,16.012886,16.086403,16.031273,16.031273,16.049652,15.884071,15.994492,16.288277,16.141510,16.104774,15.994492,15.976097,15.939293,16.196571,16.196571,15.957695,16.012886,16.031273,16.104774,16.012886,15.939293,15.976097,15.920883,16.141510,16.123146,15.902481,15.976097,16.031273,15.976097,15.828796,15.939293,15.994492,15.865646,16.031273,15.939293,16.086403,15.957695,15.939293,16.123146,16.086403,16.159874,16.012886,16.049652,16.104774,16.379883,16.251610,15.884071,16.123146,16.049652,16.178230,16.306610,16.233269,15.902481,16.068031,15.994492,16.233269,16.159874,16.159874,16.214928,16.123146,16.141510,16.214928,16.398201,16.324928,16.251610,16.398201,16.178230,16.306610,16.361572,16.324928,16.453102,16.361572,16.434807,16.690620,16.562805,16.635872,16.654121,16.654121,16.581078,16.854668,16.635872,16.599342,16.581078,16.526253,16.544525,16.544525,16.617607,16.581078,16.727104,16.635872,16.690620,16.635872,16.562805,16.361572,16.617607,16.635872,16.672379,16.708862,16.526253,16.617607,16.581078,16.708862,16.727104,17.000237,16.635872,16.727104,16.708862,16.872887,16.800026,16.818245,16.672379,16.800026,16.872887,16.854668,16.909286,16.982056,17.054764,16.945679,16.872887,16.872887,17.054764,17.072929,17.054764,17.109245,17.109245,17.109245,17.199982,17.435440,17.054764,17.344955,17.127403,17.435440,17.290627,17.290627,17.489685,17.435440,17.254379,17.507759,17.616119,17.489685,17.471611,17.363060,17.543900,17.417351,17.760384,17.543900,17.742363,17.616119,17.561958,17.724342,17.742363,17.561958,17.850410,17.652206,17.760384,17.561958,17.868416,17.778404,17.958336,17.724342,17.688278,17.760384,17.886406,17.814415,17.796410,17.994278,18.066116,17.994278,17.940361,17.814415,17.850410,17.868416,18.030205,17.886406,17.868416,18.084076,17.850410,17.994278,18.066116,17.922386,17.850410,18.012245,18.084076,18.281258,17.814415,18.119965,17.904396,18.048164,18.048164,18.119965,18.173759,18.084076,17.940361,18.030205,17.994278,18.173759,18.173759,18.137894,18.066116,18.370735,17.976311,18.155830,18.281258,18.155830,18.012245,18.281258,18.227524,18.227524,18.227524,18.334953,18.334953,18.227524,18.406502,18.352852,18.281258,18.442253,18.102013,18.281258,18.549400,18.102013,18.370735,18.406502,18.173759,18.227524,18.317062,18.477982,18.495850,18.424385,18.549400,18.424385,18.602928,18.299164,18.495850,18.442253,18.477982,18.477982,18.567253,18.531555,18.477982,18.567253,18.424385,18.727684,18.585091,18.656418,18.727684,18.460121,18.460121,18.852249,18.656418,18.620766,18.620766,18.709869,18.567253,18.745483,18.709869,18.638596,18.585091,18.727684,18.674240,18.798889,18.709869,18.745483,18.887802,18.531555,18.887802,18.692055,18.638596,18.852249,19.047615,18.709869,18.798889,18.602928,18.923340,18.602928,18.602928,19.065346,18.692055,18.816673,18.781090,18.994377,18.816673,18.941109,18.834473,18.852249,18.727684,18.852249,18.816673,18.727684,18.887802,18.887802,18.870033,18.798889,18.905579,18.958870,18.958870,19.083084,18.763298,18.976631,18.958870,18.941109,19.083084,19.189407,19.136261,19.118538,
19.136261,19.525154,19.136261,19.242508,19.242508,19.330948,19.189407,19.224815,19.118538,19.224815,19.242508,19.295586,19.472237,19.136261,19.366287,19.100807,19.260208,19.100807,19.366287,19.100807,19.118538,19.472237,19.277893,19.295586,19.189407,19.260208,19.136261,19.295586,19.012123,19.507530,19.472237,19.472237,19.401619,19.366287,19.401619,19.383957,19.295586,19.736496,19.578049,19.348618,19.295586,19.542793,19.701309,19.419281,19.348618,19.330948,19.436943,19.348618,19.595665,19.578049,19.366287,19.366287,19.666115,19.525154,19.436943,19.507530,19.454590,19.348618,19.683716,19.366287,19.525154,19.383957,19.330948,19.383957,19.277893,19.401619,19.348618,19.366287,19.366287,19.366287,19.260208,19.542793,19.472237,19.560417,19.419281,19.383957,19.224815,19.454590,19.578049,19.489883,19.472237,19.436943,19.401619,19.383957,19.436943,19.436943,19.560417,19.383957,19.260208,19.436943,19.595665,19.401619,19.383957,19.366287,19.383957,19.472237,19.330948,19.525154,19.436943,19.348618,19.260208,19.295586,19.189407,19.383957,19.171692,19.171692,19.436943,19.313263,19.295586,19.171692,19.136261,18.976631,18.941109,19.100807,19.171692,19.100807,19.083084,19.029869,18.834473,18.976631,19.012123,18.941109,18.887802,18.923340,18.692055,18.852249,18.834473,18.674240,18.674240,18.674240,18.424385,18.620766,18.495850,18.370735,18.370735,18.317062,18.281258,18.495850,18.191681,18.102013,18.317062,18.155830,18.084076,18.245445,18.227524,18.227524,18.119965,18.173759,18.084076,18.137894,18.155830,18.137894,17.850410,17.976311,18.119965,17.922386,17.958336,17.886406,18.012245,17.904396,18.030205,17.796410,17.886406,18.281258,17.814415,17.814415,17.958336,17.958336,17.724342,17.742363,17.688278,17.796410,17.580009,17.453522,17.543900,17.489685,17.507759,17.634163,17.471611,17.543900,17.453522,17.543900,17.199982,17.381157,17.417351,17.272507,17.236252,17.199982,17.236252,17.254379,17.417351,17.145554,17.236252,17.091087,17.272507,17.072929,17.218117,17.145554,17.091087,17.181839,17.036591,17.054764,17.036591,17.072929,17.199982,17.036591,16.781799,16.982056,16.909286,16.927490,16.891090,16.982056,16.927490,16.818245,16.708862,16.690620,16.854668,16.818245,16.763573,16.800026,16.781799,16.818245,16.800026,16.800026,16.909286,16.727104,16.708862,16.745338,16.763573,16.727104,17.000237,16.599342,16.781799,16.781799,16.763573,16.963875,16.727104,16.654121,16.471397,16.507973,16.562805,16.818245,16.617607,16.453102,16.654121,16.599342,16.581078,16.708862,16.599342,16.672379,16.526253,16.708862,16.599342,16.599342,16.453102,16.690620,16.544525,16.581078,16.635872,16.507973,16.507973,16.654121,16.471397,16.581078,16.526253,16.489677,16.379883,16.379883,16.489677,16.581078,16.288277,16.562805,16.471397,16.361572,16.489677,16.288277,16.288277,16.343254,16.196571,16.379883,16.379883,16.434807,16.288277,16.398201,16.343254,16.416496,16.416496,16.544525,16.507973,16.526253,16.507973,16.544525,16.507973,16.599342,16.379883,16.471397,16.324928,16.361572,16.526253,16.379883,16.434807,16.526253,16.398201,16.471397,16.361572,16.507973,16.507973,16.379883,16.544525,16.251610,16.324928,16.416496,16.251610,16.159874,16.306610,16.361572,16.379883,16.306610,16.324928,16.324928,16.416496,16.233269,16.288277,16.361572,16.379883,16.343254,16.178230,16.251610,16.214928,16.104774,16.159874,16.104774,16.288277,16.141510,16.251610,16.269951,16.086403,16.141510,16.269951,16.178230,16.012886,16.288277,16.196571,16.343254,16.306610,16.141510,16.123146,16.288277,16.214928,16.104774,16.196571,16.123146,16.288277,16.269951,16.141510,16.031273,16.159874,16.269951,16.104774,16.123146,16.012886,16.196571,16.049652,16.031273,15.976097,16.214928,16.068031,16.141510,16.233269,16.012886,16.159874,15.902481,16.123146,16.068031,16.068031,16.031273,16.196571,16.104774,16.031273,16.196571,16.324928,16.012886,16.196571,16.214928,16.031273,15.994492,16.269951,16.196571,15.994492,16.159874,16.141510,16.214928,16.306610,16.123146,16.196571,16.123146,16.178230,16.233269,16.343254,16.361572,16.251610,16.507973,16.398201,16.324928,16.214928,16.471397,16.398201,16.141510,16.507973,16.562805,16.379883,16.489677,16.562805,16.489677,16.379883,16.690620,16.690620,16.507973,16.599342,16.434807,16.617607,16.544525,16.526253,16.544525,16.507973,16.453102,16.507973,16.654121,16.617607,16.635872,16.544525,16.526253,16.727104,16.526253,16.562805,16.672379,16.708862,16.727104,16.617607,16.453102,16.836464,16.800026,16.763573,16.800026,16.945679,16.708862,16.763573,16.836464,16.836464,16.763573,16.891090,16.690620,16.909286,16.927490,16.818245,16.945679,17.163704,16.963875,16.891090,17.072929,17.036591,17.199982,17.199982,17.236252,17.036591,17.381157,17.145554,17.471611,17.290627,17.308739,17.290627,17.236252,17.290627,17.145554,17.363060,17.272507,17.507759,17.453522,17.598068,17.670250,17.543900,17.616119,17.525826,17.580009,17.670250,17.634163,17.290627,17.670250,17.543900,17.561958,17.706314,17.868416,17.688278,17.796410,17.760384,17.832420,17.616119,17.778404,17.742363,17.922386,17.706314,17.886406,17.868416,17.868416,17.940361,17.850410,17.994278,17.724342,17.976311,17.940361,17.688278,17.886406,17.994278,17.868416,17.850410,17.796410,17.904396,17.904396,17.886406,17.904396,18.012245,17.922386,17.958336,18.209602,18.048164,18.030205,17.832420,18.048164,17.904396,17.922386,17.958336,17.994278,18.102013,18.012245,18.030205,18.155830,18.102013,17.940361,18.048164,18.066116,18.102013,18.334953,18.119965,18.137894,18.227524,18.388626,18.209602,18.048164,18.209602,18.299164,18.084076,18.227524,18.352852,17.958336,18.191681,18.209602,18.281258,18.281258,18.388626,18.370735,18.209602,18.352852,18.388626,18.513702,18.424385,18.370735,18.370735,18.227524,18.495850,18.263351,18.477982,18.424385,18.191681,18.460121,18.263351,18.388626,18.460121,18.602928,18.549400,18.620766,18.424385,18.424385,18.495850,18.334953,18.727684,18.585091,18.745483,18.567253,18.424385,18.656418,18.460121,18.442253,18.692055,18.585091,18.334953,18.620766,18.638596,18.585091,18.602928,18.816673,18.674240,18.781090,18.674240,18.763298,18.727684,18.638596,18.620766,18.674240,18.674240,18.709869,18.638596,18.887802,18.620766,18.709869,18.887802,18.870033,18.923340,18.763298,18.620766,18.602928,19.029869,18.798889,18.958870,18.763298,18.852249,18.745483,18.602928,18.852249,18.602928,18.976631,18.905579,18.887802,19.029869,19.065346,19.260208,19.012123,18.958870,19.012123,19.047615,19.153984,
19.542793,19.472237,19.295586,19.525154,19.136261,19.383957,19.224815,19.136261,19.153984,19.065346,19.295586,19.171692,19.295586,19.100807,19.189407,19.366287,19.065346,19.401619,19.260208,19.171692,19.189407,19.260208,19.242508,19.295586,19.383957,19.224815,19.118538,19.224815,19.436943,19.489883,19.401619,19.436943,19.507530,19.383957,19.525154,19.648506,19.578049,19.348618,19.630898,19.366287,19.560417,19.383957,19.153984,19.366287,19.436943,19.525154,19.419281,19.419281,19.525154,19.560417,19.330948,19.578049,19.454590,19.507530,19.595665,19.613289,19.489883,19.666115,19.348618,19.436943,19.560417,19.525154,19.419281,19.401619,19.701309,19.507530,19.841957,19.683716,19.666115,19.383957,19.648506,19.578049,19.525154,19.683716,19.366287,19.313263,19.683716,19.630898,19.472237,19.595665,19.542793,19.630898,19.542793,19.401619,19.701309,19.701309,19.366287,19.578049,19.401619,19.701309,19.525154,19.683716,19.330948,19.330948,19.489883,19.613289,19.295586,19.666115,19.472237,19.472237,19.560417,19.472237,19.436943,19.348618,19.383957,19.313263,19.436943,19.295586,19.224815,19.295586,19.348618,19.366287,19.242508,19.171692,19.313263,19.242508,19.242508,19.047615,19.153984,19.207108,19.153984,19.224815,19.153984,19.153984,19.065346,18.905579,19.029869,19.100807,18.852249,18.976631,18.887802,18.692055,18.745483,18.674240,18.460121,18.923340,18.620766,18.513702,18.674240,18.602928,18.638596,18.602928,18.549400,18.674240,18.531555,18.656418,18.424385,18.567253,18.370735,18.424385,18.460121,18.299164,18.406502,18.245445,18.388626,18.263351,18.209602,18.227524,18.334953,18.388626,18.209602,18.317062,18.173759,18.334953,18.352852,18.299164,18.137894,18.102013,18.227524,18.137894,18.102013,18.137894,17.994278,17.994278,17.868416,17.796410,17.868416,17.868416,17.634163,17.706314,17.904396,17.724342,17.706314,17.688278,17.760384,17.724342,17.580009,17.580009,17.489685,17.652206,17.652206,17.525826,17.453522,17.363060,17.561958,17.453522,17.507759,17.417351,17.471611,17.326851,17.363060,17.399261,17.561958,17.489685,17.561958,17.290627,17.254379,17.363060,17.236252,17.163704,17.145554,17.218117,17.000237,17.236252,17.308739,17.036591,17.109245,17.018410,17.000237,17.054764,17.036591,17.199982,16.909286,17.091087,16.945679,17.199982,17.018410,17.181839,16.872887,16.963875,17.145554,16.982056,17.036591,17.018410,17.072929,17.000237,16.781799,16.963875,16.909286,16.945679,17.036591,16.982056,16.982056,16.927490,16.909286,16.982056,16.818245,16.945679,16.909286,16.800026,16.854668,16.945679,16.854668,16.891090,16.872887,16.818245,16.781799,16.927490,16.872887,16.727104,16.781799,16.745338,16.562805,16.727104,16.818245,16.617607,16.800026,16.672379,16.763573,16.763573,16.690620,16.708862,16.781799,16.581078,16.727104,16.526253,16.635872,16.599342,16.599342,16.635872,16.672379,16.617607,16.690620,16.672379,16.690620,16.745338,16.690620,16.727104,16.872887,16.617607,16.727104,16.599342,16.854668,16.818245,16.690620,16.745338,16.672379,16.526253,16.781799,16.708862,16.654121,16.672379,16.672379,16.617607,16.581078,16.727104,16.544525,16.544525,16.672379,16.599342,16.562805,16.690620,16.599342,16.581078,16.361572,16.781799,16.489677,16.672379,16.562805,16.672379,16.654121,16.544525,16.599342,16.581078,16.526253,16.562805,16.507973,16.416496,16.178230,16.471397,16.379883,16.453102,16.434807,16.306610,16.507973,16.343254,16.453102,16.196571,16.416496,16.288277,16.288277,16.269951,16.324928,16.398201,16.233269,16.416496,16.178230,16.416496,16.379883,16.288277,16.306610,16.343254,16.361572,16.306610,16.288277,16.269951,16.269951,16.251610,16.196571,16.343254,16.196571,16.214928,16.251610,16.233269,16.361572,16.324928,16.269951,16.379883,16.324928,16.269951,16.251610,16.214928,16.196571,16.233269,16.049652,16.123146,16.306610,16.214928,16.288277,16.251610,16.434807,16.288277,16.086403,16.306610,16.196571,16.324928,16.324928,16.269951,16.269951,16.159874,16.159874,16.288277,16.233269,16.251610,16.288277,16.324928,16.416496,16.361572,16.141510,16.306610,16.233269,16.416496,16.416496,16.453102,16.562805,16.489677,16.434807,16.544525,16.306610,16.416496,16.581078,16.288277,16.526253,16.489677,16.434807,16.581078,16.526253,16.617607,16.434807,16.471397,16.453102,16.654121,16.599342,16.617607,16.672379,16.251610,16.581078,16.581078,16.544525,16.617607,16.672379,16.581078,16.489677,16.708862,16.434807,16.690620,16.672379,16.763573,16.526253,16.635872,16.635872,16.763573,16.654121,16.635872,16.727104,16.891090,16.635872,16.599342,16.836464,16.690620,16.708862,16.672379,17.000237,16.763573,16.945679,17.000237,16.599342,16.781799,17.109245,16.963875,16.963875,17.181839,17.091087,16.872887,17.054764,17.236252,17.072929,17.272507,17.072929,17.272507,17.272507,17.218117,17.290627,17.344955,17.507759,17.543900,17.308739,17.435440,17.507759,17.290627,17.199982,17.417351,17.453522,17.561958,17.489685,17.435440,17.471611,17.543900,17.254379,17.561958,17.453522,17.670250,17.543900,17.742363,17.706314,17.724342,17.580009,17.706314,17.525826,17.525826,17.616119,17.814415,17.652206,17.616119,17.670250,17.760384,17.814415,17.940361,17.724342,17.814415,17.580009,17.760384,17.706314,17.850410,17.742363,17.868416,17.832420,17.886406,17.850410,17.886406,17.958336,18.012245,17.832420,17.778404,17.904396,17.688278,18.012245,17.940361,18.066116,17.904396,17.922386,18.084076,18.155830,18.084076,18.191681,18.012245,17.868416,17.940361,18.048164,18.119965,18.066116,17.904396,18.137894,18.173759,17.814415,18.227524,18.191681,17.922386,17.886406,18.066116,18.317062,18.442253,18.173759,18.281258,18.155830,18.334953,18.334953,18.209602,18.119965,18.334953,18.602928,18.245445,18.442253,18.620766,18.424385,18.227524,18.299164,18.477982,18.263351,18.388626,18.245445,18.209602,18.155830,18.477982,18.137894,18.531555,18.209602,18.477982,18.477982,18.352852,18.317062,18.460121,18.620766,18.424385,18.495850,18.370735,18.834473,18.299164,18.620766,18.406502,18.620766,18.495850,18.709869,18.692055,18.656418,18.692055,18.745483,18.709869,18.602928,18.495850,18.727684,18.763298,18.727684,18.834473,18.585091,18.798889,18.834473,18.745483,18.656418,18.567253,18.798889,18.620766,18.870033,18.763298,18.549400,18.745483,18.763298,18.620766,18.852249,18.674240,18.798889,18.567253,18.638596,18.549400,18.602928,18.709869,18.531555,18.976631,18.887802,18.745483,18.905579,18.781090,19.295586,18.994377,18.941109,18.834473,18.905579,19.047615,19.029869,19.100807,
19.525154,19.595665,19.507530,19.525154,19.330948,19.578049,19.348618,19.224815,19.277893,19.754082,19.330948,19.454590,19.401619,19.330948,19.330948,19.224815,19.348618,19.348618,19.242508,19.330948,19.295586,19.277893,19.472237,19.348618,19.560417,19.401619,19.383957,19.560417,19.507530,19.454590,19.295586,19.736496,19.525154,19.560417,19.436943,19.560417,19.436943,19.789246,19.454590,19.542793,19.313263,19.419281,19.401619,19.383957,19.525154,19.383957,19.366287,19.366287,19.383957,19.472237,19.366287,19.436943,19.578049,19.366287,19.595665,19.454590,19.542793,19.507530,19.771667,19.507530,19.507530,19.578049,19.718910,19.595665,19.507530,19.701309,19.789246,19.525154,19.630898,19.472237,19.542793,19.630898,19.560417,19.789246,19.666115,19.648506,19.789246,19.683716,19.666115,19.754082,19.525154,19.542793,19.578049,19.736496,19.683716,19.454590,19.630898,19.542793,19.718910,19.542793,19.630898,19.507530,19.419281,19.595665,19.754082,19.295586,19.630898,19.436943,19.454590,19.595665,19.542793,19.313263,19.489883,19.366287,19.401619,19.454590,19.454590,19.489883,19.366287,19.260208,19.383957,19.419281,19.224815,19.189407,19.313263,19.224815,19.330948,19.313263,19.224815,19.295586,19.118538,19.383957,19.047615,19.083084,19.118538,19.242508,19.100807,19.118538,18.870033,18.958870,19.029869,18.834473,18.834473,18.781090,18.781090,18.781090,18.798889,18.816673,18.763298,18.834473,18.709869,18.745483,18.727684,18.709869,18.727684,18.656418,18.585091,18.745483,18.674240,18.816673,18.567253,18.495850,18.477982,18.549400,18.442253,18.406502,18.692055,18.567253,18.495850,18.638596,18.531555,18.620766,18.495850,18.406502,18.585091,18.495850,18.388626,18.585091,18.442253,18.388626,18.334953,18.299164,18.460121,18.352852,18.299164,18.102013,18.173759,18.084076,18.119965,18.119965,18.048164,18.048164,18.084076,17.958336,17.868416,18.012245,17.922386,17.922386,17.832420,17.886406,17.832420,17.904396,17.832420,18.066116,17.760384,17.652206,17.760384,17.886406,17.652206,17.742363,17.850410,17.778404,17.489685,17.652206,17.670250,17.670250,17.634163,17.580009,17.670250,17.561958,17.489685,17.507759,17.435440,17.344955,17.399261,17.634163,17.399261,17.272507,17.399261,17.218117,17.435440,17.272507,17.381157,17.236252,17.272507,17.326851,17.326851,17.272507,17.326851,17.344955,17.218117,17.344955,17.236252,17.308739,17.181839,17.236252,17.163704,17.091087,17.290627,17.145554,17.091087,17.109245,17.054764,17.145554,17.109245,17.018410,16.982056,17.054764,17.163704,17.109245,16.982056,17.163704,17.018410,17.054764,17.000237,17.363060,17.163704,17.018410,17.036591,17.018410,17.181839,17.018410,17.091087,16.927490,16.982056,17.109245,17.018410,16.909286,17.054764,16.854668,17.109245,17.054764,17.109245,16.982056,17.054764,16.891090,16.872887,16.891090,17.000237,16.982056,16.963875,16.963875,16.763573,17.000237,16.945679,16.891090,17.072929,16.891090,17.018410,16.818245,16.963875,16.963875,16.836464,16.836464,16.982056,16.781799,16.654121,16.891090,17.091087,16.745338,17.000237,16.945679,16.982056,16.854668,16.872887,16.872887,16.763573,16.763573,16.708862,16.982056,16.800026,16.818245,16.727104,16.945679,16.763573,16.763573,16.654121,16.818245,16.872887,16.690620,16.745338,16.617607,16.800026,16.727104,16.727104,16.872887,16.708862,16.617607,16.654121,16.654121,16.635872,16.617607,16.617607,16.599342,16.544525,16.544525,16.635872,16.562805,16.526253,16.361572,16.526253,16.562805,16.562805,16.269951,16.507973,16.617607,16.379883,16.581078,16.361572,16.599342,16.562805,16.288277,16.398201,16.507973,16.306610,16.343254,16.489677,16.544525,16.434807,16.343254,16.269951,16.507973,16.398201,16.434807,16.453102,16.471397,16.343254,16.635872,16.214928,16.398201,16.453102,16.306610,16.489677,16.379883,16.581078,16.343254,16.489677,16.398201,16.379883,16.416496,16.416496,16.489677,16.306610,16.434807,16.288277,16.306610,16.361572,16.343254,16.398201,16.324928,16.489677,16.324928,16.288277,16.507973,16.379883,16.434807,16.398201,16.379883,16.324928,16.599342,16.453102,16.526253,16.526253,16.672379,16.617607,16.690620,16.489677,16.635872,16.562805,16.599342,16.489677,16.489677,16.635872,16.581078,16.581078,16.654121,16.526253,16.654121,16.507973,16.507973,16.708862,16.690620,16.727104,16.963875,16.690620,16.471397,16.635872,16.581078,16.727104,16.800026,16.581078,16.434807,16.654121,16.581078,16.581078,16.599342,16.818245,16.763573,16.581078,16.581078,16.781799,16.800026,16.727104,16.818245,16.654121,16.672379,16.635872,16.727104,16.781799,16.818245,16.763573,16.818245,16.599342,16.927490,16.781799,17.054764,16.818245,16.872887,16.872887,17.054764,16.945679,16.872887,16.909286,17.145554,17.127403,17.091087,17.091087,17.145554,17.290627,17.127403,17.218117,17.254379,17.236252,17.290627,17.453522,17.272507,17.199982,17.054764,17.435440,17.417351,17.580009,17.507759,17.399261,17.706314,17.724342,17.435440,17.543900,17.706314,17.399261,17.580009,17.525826,17.580009,17.561958,17.634163,17.598068,17.453522,17.706314,17.580009,17.507759,17.525826,17.507759,17.561958,17.760384,17.814415,17.724342,17.706314,17.688278,17.670250,17.670250,17.760384,17.652206,17.814415,17.706314,17.832420,17.814415,17.760384,17.796410,17.760384,17.814415,17.850410,17.832420,17.904396,17.778404,17.742363,17.940361,17.904396,17.886406,17.850410,17.958336,17.994278,17.976311,18.102013,18.012245,17.922386,17.868416,18.048164,17.994278,18.102013,17.868416,18.173759,18.155830,17.994278,18.102013,18.263351,18.066116,18.030205,18.155830,18.119965,18.155830,18.102013,18.137894,18.209602,18.173759,17.886406,18.173759,18.334953,18.012245,18.370735,18.066116,18.299164,18.334953,18.012245,18.102013,18.281258,18.084076,18.209602,18.245445,18.424385,18.370735,18.388626,18.119965,18.495850,18.460121,18.406502,18.227524,18.155830,18.477982,18.245445,18.477982,18.406502,18.495850,18.334953,18.209602,18.281258,18.191681,18.424385,18.477982,18.370735,18.745483,18.513702,18.620766,18.495850,18.209602,18.620766,18.495850,18.692055,18.585091,18.602928,18.638596,18.620766,18.638596,18.513702,18.602928,18.709869,18.585091,18.692055,18.709869,18.513702,18.406502,18.692055,18.602928,18.745483,18.781090,18.674240,18.905579,19.136261,18.460121,18.941109,18.870033,18.727684,18.834473,18.727684,18.674240,18.709869,18.870033,18.905579,18.781090,18.424385,18.834473,18.852249,18.620766,18.870033,18.941109,19.029869,18.870033,18.656418,19.100807,18.976631,19.100807,18.958870,
19.578049,19.560417,19.701309,19.348618,19.454590,19.489883,19.419281,19.525154,19.277893,19.525154,19.419281,19.489883,19.383957,19.295586,19.348618,19.348618,19.277893,19.348618,19.242508,19.348618,19.419281,19.295586,19.330948,19.224815,19.472237,19.419281,19.348618,19.630898,19.472237,19.542793,19.489883,19.648506,19.419281,19.578049,19.630898,19.578049,19.507530,19.648506,19.489883,19.436943,19.436943,19.419281,19.313263,19.489883,19.560417,19.578049,19.419281,19.560417,19.507530,19.507530,19.366287,19.771667,19.613289,19.560417,19.525154,19.507530,19.648506,19.701309,19.489883,19.578049,19.754082,19.542793,19.736496,19.630898,19.171692,19.789246,19.454590,19.683716,19.701309,19.806816,19.648506,19.648506,19.701309,19.683716,19.771667,19.964821,19.525154,19.841957,19.630898,19.894638,19.472237,19.613289,19.578049,19.736496,19.666115,19.806816,19.630898,19.666115,19.595665,19.859520,19.683716,19.736496,19.736496,19.701309,19.718910,19.578049,19.648506,19.666115,19.401619,19.383957,19.525154,19.348618,19.613289,19.472237,19.701309,19.666115,19.648506,19.525154,19.277893,19.366287,19.330948,19.383957,19.207108,19.330948,19.330948,19.454590,19.242508,19.401619,19.171692,19.454590,19.153984,19.348618,19.260208,19.454590,19.277893,19.277893,19.207108,18.994377,19.189407,19.171692,19.047615,18.923340,19.100807,18.994377,18.976631,19.029869,18.923340,18.887802,18.994377,18.852249,18.905579,18.905579,18.763298,18.870033,18.781090,18.905579,18.709869,18.692055,18.656418,18.958870,18.620766,18.834473,18.709869,18.727684,18.870033,18.745483,18.816673,18.870033,18.887802,18.620766,18.994377,18.976631,18.798889,18.727684,18.567253,18.816673,18.495850,18.727684,18.585091,18.674240,18.620766,18.477982,18.477982,18.388626,18.281258,18.549400,18.549400,18.495850,18.442253,18.334953,18.460121,18.317062,18.299164,18.334953,18.281258,18.227524,18.173759,18.173759,18.209602,18.102013,18.442253,18.299164,18.281258,18.173759,18.299164,18.155830,18.263351,18.102013,18.102013,18.066116,18.102013,18.155830,18.102013,17.868416,18.012245,17.922386,17.814415,17.976311,17.796410,17.814415,17.994278,17.652206,17.670250,18.012245,17.796410,17.742363,17.724342,17.580009,17.561958,17.634163,17.561958,17.580009,17.598068,17.598068,17.580009,17.580009,17.561958,17.580009,17.561958,17.507759,17.670250,17.580009,17.760384,17.543900,17.634163,17.543900,17.471611,17.778404,17.326851,17.634163,17.417351,17.453522,17.471611,17.326851,17.471611,17.471611,17.507759,17.399261,17.399261,17.561958,17.326851,17.363060,17.308739,17.417351,17.290627,17.326851,17.598068,17.254379,17.091087,17.399261,17.399261,17.308739,17.580009,17.308739,17.127403,17.199982,17.326851,17.344955,17.363060,17.381157,17.254379,17.254379,17.344955,17.344955,17.272507,17.290627,17.091087,17.326851,17.145554,17.145554,17.091087,17.199982,17.218117,17.145554,17.199982,17.236252,17.272507,17.344955,17.218117,17.272507,17.381157,17.344955,17.344955,17.236252,17.163704,17.363060,17.290627,17.272507,17.199982,17.181839,17.199982,17.127403,17.091087,17.236252,17.091087,17.308739,16.963875,17.181839,17.091087,17.036591,17.218117,17.199982,17.000237,17.000237,17.036591,17.018410,17.290627,16.963875,17.145554,17.072929,17.000237,17.127403,16.909286,16.891090,16.891090,16.745338,16.781799,17.018410,17.036591,16.963875,16.818245,16.690620,16.836464,16.927490,16.872887,16.872887,16.781799,16.763573,16.708862,16.872887,16.763573,17.036591,16.836464,16.818245,16.745338,16.781799,16.763573,16.745338,16.690620,16.745338,16.745338,16.745338,16.654121,16.781799,16.763573,16.763573,16.544525,16.654121,16.690620,16.690620,16.581078,16.544525,16.617607,16.581078,16.398201,16.562805,16.690620,16.635872,16.654121,16.617607,16.672379,16.617607,16.581078,16.434807,16.489677,16.654121,16.635872,16.453102,16.489677,16.544525,16.453102,16.635872,16.544525,16.507973,16.690620,16.635872,16.526253,16.489677,16.654121,16.599342,16.581078,16.635872,16.581078,16.617607,16.398201,16.526253,16.434807,16.544525,16.526253,16.562805,16.599342,16.617607,16.690620,16.654121,16.781799,16.872887,16.763573,16.635872,16.927490,16.581078,16.836464,16.690620,16.763573,16.708862,16.763573,16.781799,16.617607,16.672379,16.690620,16.654121,16.727104,16.872887,16.763573,16.781799,16.599342,16.562805,16.872887,16.672379,16.690620,16.745338,16.781799,16.599342,16.489677,16.562805,16.672379,16.617607,16.654121,16.963875,16.909286,16.763573,16.708862,16.727104,16.854668,16.909286,16.781799,16.891090,16.891090,16.891090,16.909286,16.927490,16.818245,16.727104,16.800026,16.781799,16.909286,16.891090,16.945679,17.018410,17.072929,16.909286,16.818245,17.036591,16.963875,16.945679,17.181839,17.218117,17.036591,17.254379,17.181839,17.199982,17.127403,17.308739,17.091087,17.254379,17.272507,17.453522,17.363060,17.272507,17.435440,17.525826,17.218117,17.363060,17.344955,17.507759,17.399261,17.507759,17.326851,17.580009,17.543900,17.598068,17.507759,17.399261,17.616119,17.399261,17.634163,17.489685,17.435440,17.616119,17.580009,17.760384,17.489685,17.724342,17.561958,17.525826,17.688278,17.652206,17.652206,17.598068,17.688278,17.616119,17.706314,17.706314,17.742363,17.634163,17.525826,17.652206,17.670250,17.724342,17.850410,17.688278,17.796410,17.832420,17.778404,17.868416,17.634163,17.904396,17.742363,17.904396,17.778404,17.868416,17.832420,17.796410,18.012245,17.886406,17.940361,17.796410,17.796410,17.796410,18.155830,17.778404,18.048164,17.868416,18.191681,18.012245,18.227524,17.796410,17.850410,17.976311,17.904396,18.048164,18.030205,18.119965,17.922386,18.173759,17.958336,18.245445,18.155830,18.656418,17.940361,18.066116,18.209602,18.137894,17.994278,18.048164,18.281258,18.352852,18.030205,18.263351,18.155830,18.102013,18.317062,18.549400,18.173759,18.191681,18.173759,18.352852,18.370735,18.406502,18.388626,18.281258,18.495850,18.191681,18.137894,18.370735,18.263351,18.370735,18.388626,18.495850,18.388626,18.317062,18.334953,18.513702,18.477982,18.531555,18.531555,18.460121,18.424385,18.513702,18.406502,18.674240,18.495850,18.442253,18.460121,18.477982,18.227524,18.531555,18.585091,18.495850,18.424385,18.281258,18.460121,18.370735,18.727684,18.334953,18.370735,18.763298,18.495850,18.531555,18.674240,18.656418,18.745483,18.602928,18.798889,18.602928,18.763298,18.727684,18.692055,18.816673,18.656418,18.816673,18.585091,18.692055,18.477982,18.763298,18.852249,18.692055,18.692055,18.905579,18.567253,19.118538,
19.683716,19.472237,19.806816,19.560417,19.454590,19.525154,19.525154,19.366287,19.542793,19.472237,19.401619,19.630898,19.454590,19.489883,19.136261,19.824394,19.613289,19.489883,19.366287,19.595665,19.507530,19.277893,19.436943,19.313263,19.153984,19.560417,19.507530,19.348618,19.666115,19.701309,19.295586,19.736496,19.701309,19.313263,19.736496,19.736496,19.754082,19.578049,19.401619,19.701309,19.436943,19.542793,19.718910,19.454590,19.578049,19.771667,19.578049,19.683716,19.578049,19.595665,19.578049,19.718910,19.401619,19.683716,19.454590,19.525154,19.754082,19.701309,19.630898,19.666115,19.542793,19.859520,19.806816,19.982353,19.841957,19.771667,19.771667,19.578049,19.613289,19.806816,19.824394,19.718910,19.701309,19.806816,19.736496,19.894638,19.859520,19.718910,19.824394,19.560417,19.701309,19.824394,19.718910,19.736496,19.701309,19.754082,19.736496,19.560417,19.630898,19.806816,19.595665,19.613289,19.701309,19.366287,19.613289,19.595665,19.578049,19.648506,19.472237,19.701309,19.648506,19.648506,19.419281,19.613289,19.613289,19.578049,19.701309,19.736496,19.454590,19.578049,19.489883,19.419281,19.419281,19.260208,19.330948,19.419281,19.419281,19.419281,19.313263,19.436943,19.383957,19.207108,19.242508,19.366287,19.260208,19.260208,19.419281,19.207108,19.047615,19.100807,19.047615,19.083084,19.136261,18.958870,18.994377,18.852249,18.941109,18.852249,18.870033,19.118538,19.083084,18.870033,18.727684,19.065346,18.834473,18.870033,18.834473,19.118538,18.798889,18.994377,18.958870,18.656418,18.941109,18.905579,18.958870,18.852249,18.852249,18.994377,18.976631,18.976631,18.976631,19.171692,18.816673,18.781090,19.029869,18.905579,18.745483,18.816673,18.834473,18.692055,18.674240,18.674240,18.709869,18.477982,18.781090,18.531555,18.549400,18.585091,18.602928,18.727684,18.460121,18.602928,18.567253,18.513702,18.656418,18.424385,18.549400,18.513702,18.460121,18.495850,18.513702,18.388626,18.424385,18.424385,18.388626,18.334953,18.513702,18.477982,18.388626,18.227524,18.263351,18.424385,18.317062,18.424385,18.352852,18.495850,18.066116,18.119965,18.155830,18.066116,18.173759,18.281258,17.940361,17.868416,18.048164,18.066116,17.922386,18.048164,17.832420,18.102013,18.012245,17.976311,18.102013,17.958336,17.850410,17.994278,17.994278,17.868416,17.940361,18.012245,17.814415,17.832420,17.886406,17.940361,17.706314,17.868416,17.778404,17.850410,17.832420,17.868416,17.742363,17.796410,17.778404,17.904396,17.850410,17.778404,17.886406,17.760384,17.561958,17.652206,17.778404,17.543900,17.706314,17.616119,17.580009,17.670250,17.616119,17.670250,17.796410,17.525826,17.724342,17.616119,17.598068,17.543900,17.742363,17.616119,17.760384,17.507759,17.832420,17.742363,17.308739,17.634163,17.489685,17.580009,17.363060,17.778404,17.670250,17.706314,17.344955,17.688278,17.453522,17.525826,17.507759,17.489685,17.670250,17.489685,17.561958,17.561958,17.543900,17.670250,17.670250,17.688278,17.453522,17.381157,17.489685,17.435440,17.507759,17.435440,17.326851,17.616119,17.507759,17.363060,17.489685,17.344955,17.344955,17.580009,17.489685,17.525826,17.399261,17.561958,17.525826,17.254379,17.489685,17.507759,17.381157,17.381157,17.399261,17.308739,17.326851,17.218117,17.163704,17.453522,17.127403,17.199982,17.272507,17.109245,17.145554,17.036591,17.272507,17.091087,17.218117,17.072929,17.236252,17.163704,17.199982,17.109245,17.181839,17.163704,16.982056,16.945679,16.872887,17.036591,16.945679,17.054764,16.872887,17.054764,16.945679,17.127403,17.036591,16.945679,17.018410,17.000237,16.927490,16.872887,17.000237,17.000237,16.945679,16.982056,16.854668,16.927490,16.909286,16.854668,16.945679,16.854668,17.236252,16.727104,16.690620,16.836464,16.800026,16.727104,16.763573,16.781799,16.800026,16.872887,16.872887,16.872887,16.872887,16.708862,16.781799,16.836464,16.745338,16.800026,16.927490,16.727104,16.872887,16.745338,16.672379,16.909286,16.654121,16.672379,16.708862,16.818245,16.836464,16.708862,16.654121,16.708862,16.708862,16.891090,16.672379,16.927490,16.963875,16.872887,16.635872,16.635872,16.872887,16.672379,16.891090,17.000237,16.854668,16.872887,16.872887,16.763573,16.927490,16.672379,16.727104,16.745338,16.945679,16.836464,16.800026,16.562805,16.909286,16.818245,16.818245,16.745338,16.872887,16.781799,16.763573,16.963875,16.763573,16.763573,16.672379,16.654121,16.672379,16.434807,16.763573,16.635872,16.800026,16.945679,16.800026,16.836464,16.800026,16.763573,16.690620,16.635872,16.635872,16.781799,16.727104,16.818245,16.891090,16.909286,16.781799,16.800026,17.308739,16.854668,17.181839,17.000237,17.000237,17.000237,16.909286,17.163704,17.072929,17.000237,17.054764,17.091087,17.218117,17.199982,17.109245,16.982056,17.145554,16.982056,17.290627,17.199982,17.453522,16.982056,17.326851,17.181839,17.399261,17.326851,17.254379,17.199982,17.399261,17.525826,17.381157,17.326851,17.435440,17.489685,17.489685,17.363060,17.363060,17.598068,17.507759,17.706314,17.489685,17.363060,17.543900,17.507759,17.507759,17.652206,17.435440,17.580009,17.435440,17.453522,17.760384,17.507759,17.616119,17.670250,17.525826,17.778404,17.525826,17.670250,17.706314,17.706314,17.868416,17.561958,17.688278,17.706314,17.561958,17.616119,17.814415,17.525826,17.796410,17.543900,17.688278,17.706314,17.760384,17.688278,17.742363,17.760384,17.850410,17.832420,17.724342,18.048164,17.958336,17.922386,17.850410,18.012245,17.868416,17.886406,17.814415,17.958336,17.904396,17.688278,17.796410,17.940361,18.012245,17.760384,17.832420,17.922386,18.030205,17.760384,18.227524,18.084076,18.245445,17.958336,18.155830,18.191681,18.084076,17.958336,18.066116,18.227524,18.119965,18.227524,18.173759,18.084076,18.048164,17.976311,18.209602,18.245445,18.119965,18.263351,18.227524,18.424385,18.191681,18.209602,18.317062,18.263351,18.317062,18.119965,18.352852,18.352852,18.513702,18.155830,18.209602,18.281258,18.299164,18.460121,18.281258,18.495850,18.263351,18.334953,18.352852,18.531555,18.352852,18.281258,18.442253,18.442253,18.442253,18.424385,18.442253,18.406502,18.442253,18.709869,18.406502,18.656418,18.352852,18.424385,18.531555,18.406502,18.531555,18.763298,18.531555,18.585091,18.656418,18.763298,18.531555,18.834473,18.745483,18.763298,18.495850,18.424385,18.692055,18.674240,18.852249,18.620766,18.513702,18.798889,18.656418,18.602928,18.923340,18.549400,18.798889,18.531555,18.727684,18.620766,18.763298,18.745483,18.745483,18.638596,18.870033,18.958870,
19.701309,19.806816,19.489883,19.454590,19.454590,19.595665,19.348618,19.401619,19.189407,19.489883,19.383957,19.595665,19.525154,19.630898,19.472237,19.542793,19.419281,19.472237,19.489883,19.383957,19.383957,19.366287,19.701309,19.366287,19.507530,19.295586,19.542793,19.718910,19.613289,19.560417,19.824394,19.771667,19.789246,19.630898,19.859520,19.771667,19.666115,19.894638,19.683716,19.718910,19.489883,19.701309,19.613289,19.648506,19.648506,19.542793,19.472237,19.595665,19.595665,19.613289,19.560417,19.472237,19.630898,19.754082,19.701309,19.507530,19.718910,19.630898,19.789246,19.630898,19.754082,19.789246,19.964821,19.999893,19.736496,19.718910,19.754082,19.841957,19.701309,19.754082,19.999893,19.841957,19.859520,19.964821,19.912178,19.912178,20.017418,20.017418,19.912178,19.859520,19.771667,19.806816,19.789246,19.877083,19.841957,19.771667,19.824394,19.630898,19.736496,19.666115,19.630898,19.701309,19.542793,19.771667,19.666115,19.824394,19.736496,19.630898,19.683716,19.525154,19.718910,19.595665,19.613289,19.560417,19.578049,19.489883,19.507530,19.718910,19.578049,19.171692,19.419281,19.578049,19.436943,19.454590,19.313263,19.242508,19.313263,19.525154,19.189407,19.472237,19.366287,19.454590,19.383957,19.348618,19.419281,19.472237,19.366287,19.348618,19.171692,19.189407,19.313263,19.136261,18.941109,18.923340,19.118538,19.153984,19.136261,18.976631,19.047615,19.012123,18.923340,19.100807,18.798889,18.958870,19.083084,18.976631,18.852249,19.100807,18.763298,18.958870,19.029869,19.047615,18.870033,18.923340,19.242508,18.905579,18.976631,18.941109,18.923340,18.994377,18.958870,18.941109,18.958870,18.887802,18.781090,18.798889,18.976631,18.887802,18.834473,18.834473,18.852249,18.941109,18.887802,18.602928,18.638596,18.745483,18.620766,18.656418,18.709869,18.852249,18.656418,18.763298,18.798889,18.727684,18.585091,18.620766,18.585091,18.763298,18.442253,18.513702,18.709869,18.424385,18.585091,18.567253,18.638596,18.567253,18.567253,18.709869,18.442253,18.602928,18.602928,18.727684,18.477982,18.585091,18.602928,18.352852,18.370735,18.585091,18.460121,18.513702,18.460121,18.531555,18.317062,18.191681,18.370735,18.281258,18.281258,18.263351,18.209602,18.209602,18.137894,18.066116,18.155830,18.155830,18.281258,18.209602,18.388626,18.012245,18.352852,18.155830,18.334953,18.370735,18.191681,18.137894,18.209602,18.227524,18.281258,18.155830,18.066116,18.227524,18.119965,18.102013,18.155830,18.173759,18.155830,18.048164,18.173759,18.048164,17.904396,18.317062,18.119965,17.994278,17.886406,17.904396,17.904396,18.137894,18.048164,18.119965,17.904396,18.048164,17.922386,17.958336,17.904396,17.976311,17.904396,18.048164,18.012245,18.012245,17.850410,18.066116,18.102013,17.886406,18.263351,17.886406,17.958336,18.012245,17.940361,17.886406,17.940361,17.940361,17.940361,17.724342,17.760384,17.796410,17.958336,17.778404,17.832420,17.922386,17.940361,17.778404,17.868416,17.868416,17.778404,17.886406,17.832420,17.904396,17.742363,17.814415,17.742363,17.868416,17.634163,17.688278,17.688278,17.850410,17.814415,17.796410,17.688278,17.904396,17.778404,17.958336,17.688278,17.471611,17.814415,17.652206,17.850410,17.598068,17.760384,17.634163,17.598068,17.561958,17.616119,17.598068,17.561958,17.525826,17.525826,17.525826,17.561958,17.507759,17.507759,17.724342,17.598068,17.489685,17.525826,17.580009,17.489685,17.489685,17.525826,17.580009,17.543900,17.471611,17.489685,17.326851,17.399261,17.471611,17.290627,17.272507,17.363060,17.399261,17.308739,17.290627,17.181839,17.236252,17.417351,17.453522,17.163704,17.326851,17.181839,17.272507,17.254379,17.290627,17.254379,17.199982,17.218117,17.109245,17.072929,17.072929,17.091087,17.018410,17.127403,16.945679,17.072929,17.145554,17.000237,16.891090,17.000237,17.000237,17.054764,16.982056,16.909286,16.982056,17.054764,16.909286,16.982056,17.109245,17.091087,17.072929,17.018410,17.036591,17.000237,16.872887,16.854668,16.927490,16.927490,17.036591,16.872887,17.036591,17.109245,16.945679,17.018410,17.036591,17.018410,16.836464,17.091087,17.072929,16.982056,17.091087,16.891090,17.000237,17.145554,17.072929,17.036591,17.036591,17.018410,17.072929,16.872887,16.854668,17.054764,16.982056,17.109245,17.018410,16.836464,16.982056,17.000237,17.218117,16.690620,17.000237,16.854668,16.909286,16.854668,16.909286,16.836464,16.836464,16.781799,16.654121,16.872887,16.781799,16.745338,16.818245,16.927490,16.945679,16.927490,16.854668,16.945679,16.909286,16.909286,16.945679,16.781799,16.800026,16.891090,16.927490,16.963875,17.127403,16.963875,17.072929,16.909286,16.945679,16.745338,17.163704,17.236252,16.945679,17.163704,17.308739,17.072929,17.145554,17.145554,17.072929,17.181839,17.344955,17.308739,17.272507,17.163704,17.435440,17.634163,17.272507,17.344955,17.363060,17.417351,17.507759,17.471611,17.471611,17.598068,17.471611,17.199982,17.561958,17.598068,17.525826,17.363060,17.507759,17.417351,17.507759,17.706314,17.561958,17.525826,17.308739,17.507759,17.525826,17.634163,17.561958,17.742363,17.652206,17.634163,17.561958,17.580009,17.598068,17.616119,17.706314,17.598068,17.688278,17.616119,17.616119,17.796410,17.850410,17.742363,17.760384,17.742363,17.832420,17.688278,17.814415,17.580009,17.724342,17.688278,17.652206,17.832420,17.778404,17.796410,17.616119,18.066116,17.850410,17.850410,17.652206,17.886406,17.724342,17.868416,18.102013,17.922386,17.904396,17.832420,17.796410,17.976311,17.886406,17.760384,17.976311,17.940361,17.958336,17.868416,17.940361,18.030205,17.850410,17.940361,17.868416,17.994278,17.940361,18.155830,18.281258,18.209602,17.994278,18.227524,18.012245,18.281258,18.102013,18.155830,18.137894,17.976311,18.012245,18.155830,18.102013,18.191681,18.263351,18.227524,18.048164,18.245445,18.370735,18.119965,18.137894,18.155830,18.388626,18.084076,18.209602,18.137894,18.281258,18.119965,18.424385,18.263351,18.281258,18.227524,18.245445,18.424385,18.442253,18.281258,18.173759,18.352852,18.209602,18.406502,18.352852,18.102013,18.513702,18.299164,18.209602,18.424385,18.495850,18.299164,18.549400,18.317062,18.263351,18.495850,18.406502,18.334953,18.424385,18.745483,18.531555,18.460121,18.585091,18.442253,18.531555,18.549400,18.495850,18.424385,18.602928,18.442253,18.674240,18.495850,18.549400,18.692055,18.477982,18.495850,18.388626,18.602928,18.692055,18.834473,18.692055,18.585091,18.781090,18.692055,18.495850,18.513702,18.638596,18.656418,18.460121,18.816673,18.852249,
19.824394,19.525154,19.330948,19.666115,19.295586,19.701309,19.472237,19.224815,19.401619,19.348618,19.401619,19.295586,19.383957,19.419281,19.507530,19.525154,19.419281,19.560417,19.277893,19.419281,19.348618,19.542793,19.295586,19.578049,19.542793,19.153984,19.578049,19.472237,19.489883,19.630898,19.648506,19.648506,19.648506,19.754082,19.929733,19.648506,19.877083,19.718910,19.595665,19.683716,19.666115,19.630898,19.630898,19.525154,19.789246,19.507530,19.630898,19.525154,19.718910,19.754082,19.947273,19.595665,19.718910,19.630898,19.454590,19.754082,19.701309,19.648506,19.718910,19.701309,19.718910,19.578049,19.771667,19.859520,19.999893,20.087494,19.806816,19.859520,19.982353,20.052460,19.718910,19.929733,19.701309,19.964821,19.929733,19.912178,19.859520,19.806816,19.999893,20.122513,19.894638,20.069977,19.841957,19.947273,19.841957,19.999893,19.683716,19.560417,19.789246,19.771667,19.718910,19.964821,19.789246,19.736496,19.630898,19.683716,19.718910,19.595665,19.736496,19.666115,19.789246,19.718910,19.754082,19.542793,19.701309,19.560417,19.824394,19.595665,19.348618,19.436943,19.560417,19.401619,19.472237,19.419281,19.489883,19.489883,19.383957,19.366287,19.454590,19.560417,19.507530,19.383957,19.348618,19.189407,19.436943,19.419281,19.560417,19.348618,19.277893,19.242508,19.189407,19.313263,19.171692,19.012123,19.242508,19.224815,18.834473,19.100807,18.923340,18.923340,18.976631,19.136261,19.029869,19.047615,19.136261,19.029869,19.171692,19.189407,19.012123,19.083084,18.994377,19.029869,19.047615,19.083084,19.047615,19.100807,18.941109,19.171692,19.207108,19.100807,19.065346,19.136261,19.171692,18.905579,18.941109,18.852249,18.905579,18.941109,19.047615,19.012123,18.798889,18.798889,18.745483,18.745483,18.816673,18.923340,18.549400,18.870033,18.816673,18.602928,18.781090,18.923340,18.870033,18.798889,18.674240,18.745483,18.834473,18.870033,18.585091,18.798889,18.656418,18.638596,18.585091,18.763298,18.638596,18.692055,18.834473,18.638596,18.549400,18.798889,18.692055,18.692055,18.816673,18.923340,18.531555,18.816673,18.781090,18.620766,18.567253,18.745483,18.513702,18.620766,18.692055,18.674240,18.531555,18.477982,18.585091,18.656418,18.620766,18.620766,18.477982,18.495850,18.531555,18.567253,18.798889,18.495850,18.602928,18.477982,18.406502,18.602928,18.460121,18.567253,18.477982,18.692055,18.281258,18.352852,18.406502,18.317062,18.495850,18.406502,18.370735,18.638596,18.513702,18.567253,18.406502,18.513702,18.585091,18.567253,18.370735,18.370735,18.388626,18.388626,18.191681,18.406502,18.334953,18.299164,18.442253,18.334953,18.460121,18.227524,18.460121,18.334953,18.388626,18.460121,18.137894,18.245445,18.424385,18.245445,18.352852,18.442253,18.406502,18.442253,18.442253,18.317062,18.406502,18.227524,18.281258,18.048164,18.227524,18.191681,18.191681,18.209602,18.173759,18.209602,18.263351,18.119965,18.102013,18.102013,18.084076,18.066116,18.209602,18.317062,18.299164,18.066116,18.281258,18.084076,17.976311,17.886406,18.066116,18.155830,18.102013,18.084076,18.102013,18.173759,18.137894,18.227524,18.173759,18.173759,18.066116,18.119965,18.048164,18.048164,18.030205,17.958336,18.030205,18.012245,17.958336,17.940361,17.904396,18.012245,17.904396,17.958336,17.904396,17.778404,17.760384,17.958336,17.778404,17.976311,17.904396,17.760384,17.724342,17.814415,17.688278,17.850410,17.778404,17.760384,17.904396,17.940361,17.706314,17.886406,17.886406,17.814415,17.652206,17.543900,17.634163,17.688278,17.652206,17.724342,17.724342,17.507759,17.688278,17.543900,17.598068,17.652206,17.453522,17.543900,17.417351,17.652206,17.543900,17.435440,17.471611,17.399261,17.417351,17.543900,17.344955,17.344955,17.471611,17.417351,17.363060,17.363060,17.326851,17.199982,17.199982,17.181839,17.145554,17.344955,17.163704,17.363060,17.199982,17.163704,17.127403,17.218117,17.181839,17.236252,17.109245,17.272507,17.127403,17.218117,17.054764,17.272507,17.036591,17.163704,17.181839,17.127403,17.054764,17.054764,17.344955,17.363060,17.163704,17.381157,17.236252,17.036591,17.145554,17.290627,17.127403,17.163704,17.091087,17.163704,17.417351,17.290627,17.000237,17.127403,17.018410,17.091087,17.054764,17.236252,17.036591,17.163704,16.891090,17.000237,17.072929,16.727104,16.945679,17.072929,17.036591,16.800026,17.091087,16.963875,16.927490,16.891090,16.891090,17.054764,17.109245,16.927490,17.036591,16.963875,17.018410,16.927490,16.945679,16.872887,17.018410,16.800026,16.745338,17.018410,17.018410,16.927490,16.963875,16.818245,16.982056,17.091087,16.854668,16.982056,17.181839,17.091087,16.963875,17.054764,16.909286,16.927490,17.290627,17.018410,17.181839,17.507759,17.036591,17.127403,17.381157,16.872887,17.163704,17.036591,17.236252,17.236252,17.308739,17.254379,17.254379,17.326851,17.236252,17.417351,17.381157,17.326851,17.399261,17.363060,17.272507,17.399261,17.417351,17.471611,17.381157,17.363060,17.344955,17.525826,17.308739,17.724342,17.471611,17.634163,17.616119,17.616119,17.598068,17.507759,17.489685,17.453522,17.688278,17.652206,17.778404,17.561958,17.598068,17.616119,17.580009,17.598068,17.688278,17.489685,17.561958,17.742363,17.652206,17.796410,17.688278,17.850410,17.922386,17.580009,17.868416,17.706314,17.886406,17.652206,17.832420,17.922386,17.778404,17.652206,17.670250,17.778404,17.381157,17.742363,17.778404,17.850410,17.850410,17.706314,17.652206,17.958336,18.102013,17.994278,17.760384,17.742363,17.706314,17.976311,17.886406,18.030205,17.922386,17.958336,17.814415,18.012245,17.796410,18.030205,17.832420,17.886406,17.904396,18.066116,17.994278,17.886406,17.832420,18.084076,18.048164,18.048164,17.886406,18.155830,18.173759,18.030205,18.012245,17.976311,18.012245,18.084076,18.084076,17.850410,17.886406,18.048164,18.066116,18.209602,18.102013,18.084076,18.030205,18.030205,18.388626,17.976311,18.227524,18.352852,18.173759,18.119965,18.012245,18.281258,18.263351,18.424385,18.119965,18.370735,18.155830,18.370735,18.352852,18.102013,18.245445,18.334953,18.263351,18.119965,18.656418,18.299164,18.281258,18.495850,18.424385,18.352852,18.460121,18.263351,18.317062,18.388626,18.656418,18.495850,18.352852,18.209602,18.531555,18.281258,18.442253,18.513702,18.245445,18.460121,18.549400,18.549400,18.460121,18.495850,18.585091,18.495850,18.495850,18.638596,18.513702,18.585091,18.549400,18.638596,18.460121,18.567253,18.531555,18.709869,18.692055,18.549400,18.692055,18.638596,18.745483,18.513702,18.495850,18.941109,
19.648506,19.771667,19.648506,19.648506,19.525154,19.666115,19.806816,19.666115,19.454590,19.507530,19.578049,19.489883,19.454590,19.560417,19.295586,19.595665,19.578049,19.542793,19.295586,19.366287,19.401619,19.313263,19.366287,19.366287,19.436943,19.472237,19.436943,19.595665,19.648506,19.736496,19.771667,19.824394,19.736496,19.824394,19.754082,19.806816,19.683716,19.912178,19.824394,19.806816,19.754082,19.630898,19.754082,19.754082,19.771667,19.754082,19.436943,19.859520,19.560417,20.017418,19.771667,19.613289,19.542793,19.630898,19.841957,19.964821,19.877083,19.736496,19.859520,19.859520,19.806816,19.929733,20.087494,19.929733,19.824394,19.877083,20.017418,20.122513,20.034943,20.140007,20.034943,20.122513,20.052460,20.087494,20.122513,19.877083,20.122513,20.087494,20.017418,20.087494,19.718910,20.174995,20.017418,19.947273,19.859520,19.754082,19.841957,19.947273,19.859520,19.912178,19.859520,19.859520,20.017418,19.964821,19.877083,19.736496,19.806816,20.052460,19.824394,19.877083,19.718910,19.701309,19.841957,19.912178,19.648506,19.718910,19.560417,19.542793,19.648506,19.648506,19.542793,19.436943,19.436943,19.454590,19.542793,19.525154,19.436943,19.613289,19.560417,19.507530,19.401619,19.560417,19.454590,19.366287,19.366287,19.436943,19.454590,19.277893,19.083084,19.295586,19.295586,19.189407,19.224815,19.330948,19.242508,19.136261,19.047615,19.330948,18.905579,19.100807,19.136261,19.171692,19.083084,19.136261,19.207108,19.277893,19.224815,19.171692,18.816673,19.207108,19.171692,19.171692,19.118538,19.366287,18.941109,19.507530,19.083084,19.348618,19.100807,19.330948,19.065346,19.224815,19.065346,19.065346,19.118538,19.189407,19.171692,18.976631,19.065346,19.100807,19.029869,19.100807,18.870033,18.923340,18.976631,18.852249,18.656418,18.905579,19.012123,18.745483,18.709869,18.870033,18.976631,18.870033,18.816673,19.047615,18.941109,18.798889,18.620766,18.727684,18.692055,18.763298,18.870033,18.852249,18.692055,18.887802,18.709869,18.727684,18.816673,18.798889,18.923340,18.887802,18.798889,18.727684,18.958870,18.816673,18.745483,18.816673,18.745483,18.887802,18.674240,18.709869,18.763298,18.798889,18.585091,18.674240,18.727684,18.602928,18.727684,18.834473,18.816673,18.585091,18.620766,18.567253,18.585091,18.674240,18.567253,18.549400,18.745483,18.870033,18.674240,18.585091,18.638596,18.727684,18.638596,18.602928,18.567253,18.656418,18.727684,18.620766,18.692055,18.585091,18.477982,18.638596,18.620766,18.781090,18.477982,18.692055,18.745483,18.763298,18.656418,18.531555,18.674240,18.727684,18.513702,18.816673,18.763298,18.781090,18.727684,18.495850,18.692055,18.638596,18.638596,18.495850,18.763298,18.567253,18.763298,18.816673,18.531555,18.798889,18.781090,18.674240,18.602928,18.620766,18.709869,18.674240,18.549400,18.602928,18.495850,18.709869,18.620766,18.442253,18.317062,18.531555,18.406502,18.388626,18.495850,18.299164,18.602928,18.460121,18.567253,18.567253,18.513702,18.442253,18.442253,18.460121,18.352852,18.317062,18.191681,18.370735,18.370735,18.370735,18.406502,18.460121,18.370735,18.567253,18.209602,18.477982,18.477982,18.263351,18.567253,18.406502,18.388626,18.424385,18.424385,18.299164,18.227524,18.495850,18.352852,18.424385,18.209602,18.227524,18.227524,18.352852,18.137894,18.209602,18.209602,18.191681,18.191681,18.245445,18.191681,18.245445,18.227524,18.191681,18.102013,18.191681,18.119965,17.976311,18.281258,18.155830,18.012245,18.191681,17.922386,17.922386,18.030205,18.030205,17.976311,18.030205,17.904396,17.904396,17.778404,17.868416,17.832420,17.958336,17.940361,17.994278,17.940361,17.580009,18.012245,17.850410,17.616119,17.670250,17.814415,17.706314,17.724342,17.724342,17.634163,17.688278,17.760384,17.561958,17.598068,17.453522,17.616119,17.381157,17.543900,17.634163,17.489685,17.688278,17.616119,17.471611,17.435440,17.453522,17.399261,17.489685,17.417351,17.561958,17.525826,17.471611,17.435440,17.543900,17.254379,17.399261,17.634163,17.543900,17.435440,17.326851,17.580009,17.308739,17.344955,17.471611,17.489685,17.308739,17.308739,17.489685,17.489685,17.489685,17.236252,17.290627,17.399261,17.363060,17.272507,17.344955,17.399261,17.471611,17.091087,17.417351,17.543900,17.272507,17.381157,17.181839,17.181839,17.181839,17.326851,17.036591,17.091087,17.308739,17.181839,17.199982,17.072929,17.199982,16.963875,17.163704,17.072929,17.127403,16.982056,17.036591,17.036591,17.199982,16.963875,17.109245,17.163704,17.054764,16.909286,16.963875,16.891090,17.054764,16.963875,16.982056,16.909286,17.109245,16.945679,17.054764,17.109245,17.290627,17.199982,17.254379,17.127403,17.091087,17.145554,17.018410,17.145554,17.272507,17.254379,17.471611,17.344955,17.507759,17.344955,17.272507,17.163704,17.634163,17.363060,17.561958,17.417351,17.417351,17.507759,17.218117,17.453522,17.453522,17.435440,17.435440,17.272507,17.598068,17.634163,17.435440,17.453522,17.435440,17.670250,17.543900,17.435440,17.561958,17.453522,17.489685,17.634163,17.580009,17.525826,17.561958,17.634163,17.543900,17.598068,17.525826,17.525826,17.868416,17.670250,17.886406,17.652206,17.616119,17.561958,17.760384,17.688278,17.796410,17.706314,17.561958,17.976311,17.670250,17.904396,17.616119,17.778404,17.724342,17.850410,17.904396,17.886406,17.886406,17.652206,17.886406,17.940361,17.922386,17.634163,17.994278,18.084076,17.886406,17.922386,17.940361,17.814415,17.976311,17.886406,17.976311,17.940361,18.066116,17.958336,17.994278,17.940361,17.922386,18.119965,18.119965,18.191681,18.209602,18.102013,18.227524,17.922386,18.173759,18.102013,17.832420,18.048164,17.940361,18.299164,18.102013,18.191681,18.048164,18.299164,18.012245,18.173759,18.102013,18.137894,18.137894,18.137894,18.299164,17.868416,18.173759,18.119965,18.263351,17.868416,17.940361,18.048164,18.352852,18.066116,18.119965,18.155830,18.066116,18.299164,18.334953,18.137894,18.263351,18.191681,18.549400,18.245445,18.245445,18.227524,18.245445,18.299164,18.370735,18.227524,18.352852,18.137894,18.352852,18.424385,18.424385,18.620766,18.370735,18.531555,18.638596,18.352852,18.549400,18.299164,18.173759,18.424385,18.406502,18.602928,18.549400,18.424385,18.317062,18.477982,18.602928,18.460121,18.424385,18.317062,18.602928,18.763298,18.513702,18.245445,18.745483,18.585091,18.602928,18.477982,18.442253,18.531555,18.656418,18.620766,18.567253,18.477982,18.798889,18.531555,18.406502,18.727684,18.424385,18.549400,18.798889,18.585091,18.976631,18.852249,18.852249,
19.859520,19.666115,19.701309,19.789246,19.754082,19.912178,19.560417,19.736496,19.718910,19.560417,19.806816,19.718910,19.824394,19.613289,19.613289,19.613289,19.789246,19.472237,19.525154,19.472237,19.489883,19.666115,19.718910,19.666115,19.542793,19.841957,19.630898,19.789246,19.754082,19.824394,19.648506,20.017418,19.912178,19.789246,19.894638,19.841957,19.912178,19.824394,19.806816,20.034943,19.736496,20.087494,19.929733,19.666115,19.771667,19.824394,19.771667,19.736496,19.718910,19.806816,19.771667,19.859520,19.894638,19.771667,19.824394,19.929733,19.771667,19.841957,19.894638,20.209976,19.859520,19.894638,20.087494,20.140007,19.947273,20.087494,20.122513,20.262413,20.034943,20.332268,20.244934,19.929733,20.105003,20.105003,20.192490,20.419502,19.999893,20.244934,20.157509,20.349724,20.140007,20.157509,20.069977,20.052460,20.017418,20.052460,19.877083,20.122513,20.105003,19.947273,20.069977,20.105003,19.999893,19.841957,20.052460,19.824394,19.929733,19.595665,20.034943,19.929733,19.841957,19.841957,19.964821,19.929733,20.105003,19.648506,19.736496,19.666115,19.666115,19.824394,19.454590,19.489883,19.525154,19.630898,19.578049,19.595665,19.436943,19.330948,19.525154,19.578049,19.507530,19.472237,19.560417,19.595665,19.613289,19.507530,19.718910,19.472237,19.542793,19.525154,19.207108,19.295586,19.366287,19.383957,19.295586,19.207108,19.083084,19.313263,19.401619,19.118538,19.047615,19.083084,19.189407,19.330948,19.189407,19.224815,19.171692,19.383957,19.189407,19.189407,19.153984,19.171692,19.153984,19.401619,19.189407,19.313263,19.313263,19.260208,19.295586,19.029869,19.401619,19.083084,19.366287,19.047615,19.277893,19.366287,19.224815,19.260208,19.118538,19.242508,19.047615,19.100807,19.224815,19.029869,18.852249,19.047615,18.887802,19.047615,19.029869,18.905579,19.047615,18.941109,18.923340,19.047615,18.852249,19.012123,18.887802,18.852249,18.798889,18.958870,18.834473,18.994377,18.798889,18.941109,19.118538,18.870033,18.781090,18.976631,18.994377,19.100807,18.958870,18.781090,18.941109,18.994377,18.763298,18.763298,19.029869,18.816673,18.816673,18.834473,18.941109,19.047615,18.816673,18.834473,18.745483,18.834473,18.798889,18.692055,18.816673,18.781090,18.834473,18.816673,18.692055,18.781090,18.745483,18.958870,18.745483,18.674240,18.781090,18.852249,18.870033,18.834473,18.994377,18.781090,18.958870,18.781090,18.834473,18.834473,18.852249,18.620766,18.798889,18.638596,18.816673,18.834473,18.745483,18.887802,18.887802,18.763298,18.887802,18.887802,18.745483,18.834473,18.798889,18.976631,18.816673,19.118538,19.012123,18.905579,18.905579,19.065346,19.118538,19.047615,19.029869,19.171692,19.083084,19.029869,19.242508,19.047615,18.976631,19.153984,18.976631,19.047615,19.171692,19.012123,18.834473,18.923340,18.958870,18.941109,18.923340,19.047615,18.905579,18.887802,18.923340,18.745483,18.958870,18.816673,18.941109,18.870033,18.923340,18.798889,18.923340,18.887802,18.834473,19.065346,18.798889,18.709869,18.620766,18.745483,18.513702,18.834473,18.781090,18.709869,18.513702,18.656418,18.870033,18.816673,18.709869,18.852249,18.763298,18.781090,18.781090,18.958870,18.692055,18.816673,18.727684,18.834473,18.692055,18.567253,18.620766,18.798889,18.638596,18.638596,18.513702,18.585091,18.638596,18.460121,18.656418,18.638596,18.620766,18.495850,18.513702,18.370735,18.424385,18.692055,18.656418,18.460121,18.299164,18.477982,18.495850,18.442253,18.424385,18.531555,18.281258,18.477982,18.388626,18.352852,18.317062,18.442253,18.352852,18.281258,18.263351,18.263351,18.227524,18.370735,18.388626,18.388626,18.245445,18.155830,18.173759,18.191681,18.370735,18.066116,18.173759,18.173759,18.119965,17.958336,18.030205,17.922386,18.209602,17.958336,17.868416,17.778404,17.994278,17.922386,17.742363,17.868416,17.760384,17.796410,18.066116,17.814415,17.832420,17.742363,17.958336,17.742363,17.688278,17.724342,17.724342,17.832420,17.724342,17.724342,17.742363,17.688278,17.670250,17.976311,17.760384,17.868416,17.688278,17.922386,17.598068,17.706314,17.598068,17.706314,17.724342,17.634163,17.634163,17.652206,17.507759,17.580009,17.580009,17.688278,17.688278,17.308739,17.489685,17.417351,17.561958,17.598068,17.525826,17.598068,17.363060,17.543900,17.507759,17.471611,17.417351,17.399261,17.453522,17.435440,17.290627,17.363060,17.290627,17.471611,17.363060,17.489685,17.507759,17.489685,17.199982,17.290627,17.453522,17.236252,17.236252,17.399261,17.254379,17.236252,17.072929,17.254379,17.254379,17.163704,17.072929,17.236252,17.036591,17.363060,17.254379,17.163704,17.109245,17.218117,17.344955,17.199982,17.127403,17.000237,17.417351,17.417351,17.308739,17.381157,17.363060,17.326851,17.399261,17.652206,17.616119,17.580009,17.543900,17.760384,17.507759,17.580009,17.525826,17.399261,17.525826,17.471611,17.652206,17.652206,17.417351,17.525826,17.561958,17.616119,17.471611,17.634163,17.616119,17.435440,17.634163,17.724342,17.670250,17.796410,17.507759,17.471611,17.652206,17.561958,17.616119,17.670250,17.634163,17.634163,17.724342,17.580009,17.598068,17.706314,17.598068,17.634163,17.850410,17.904396,18.119965,18.155830,17.760384,17.778404,17.634163,17.850410,17.688278,17.904396,17.580009,17.850410,17.886406,17.742363,17.796410,18.084076,17.706314,17.688278,17.994278,17.958336,17.814415,17.688278,18.048164,17.868416,17.850410,17.922386,17.634163,18.066116,17.742363,17.814415,17.724342,18.012245,17.742363,17.994278,18.102013,17.832420,18.102013,17.886406,17.958336,18.066116,17.832420,17.922386,18.084076,18.030205,18.299164,18.317062,17.886406,18.066116,17.850410,18.119965,18.030205,18.245445,18.227524,18.191681,17.742363,18.245445,18.155830,18.424385,18.191681,18.317062,18.334953,18.191681,18.245445,18.191681,18.263351,18.227524,18.406502,18.119965,18.227524,18.281258,18.030205,18.334953,18.191681,18.209602,18.209602,18.137894,18.263351,18.442253,18.317062,18.388626,18.299164,18.281258,18.048164,18.442253,17.994278,18.191681,18.317062,18.370735,18.460121,18.299164,18.442253,18.191681,18.352852,18.424385,18.549400,18.084076,18.406502,18.513702,18.477982,18.209602,18.352852,18.585091,18.406502,18.567253,18.424385,18.460121,18.798889,18.388626,18.531555,18.531555,18.442253,18.549400,18.549400,18.495850,18.602928,18.745483,18.549400,18.692055,18.549400,18.477982,18.781090,18.692055,18.602928,18.692055,18.638596,18.549400,18.602928,18.424385,18.709869,18.638596,18.745483,18.976631,18.798889,18.692055,18.763298,18.976631,
