Version,1.00
Width,640
Height,512
MethaneSensorData,
GPS Latitude,
GPS Longitude,
GPS Altitude,
GPS Heading,
14.905037,15.257896,15.867470,15.683197,15.849052,15.498535,15.480049,15.941071,15.609375,15.443062,15.016617,15.350533,15.498535,15.793800,15.517014,15.461563,16.032974,15.202286,15.959457,15.590912,15.517014,15.849052,15.793800,15.812218,14.811943,15.701637,15.294960,15.332008,15.996223,15.016617,15.553970,15.387550,15.461563,15.276436,14.942238,15.406059,15.553970,15.294960,16.143143,15.480049,15.332008,15.035194,15.332008,15.424561,15.830643,14.942238,15.424561,15.572441,15.406059,15.553970,15.738518,15.016617,15.553970,15.350533,15.590912,15.406059,15.517014,14.494698,15.867470,15.977844,15.443062,14.923637,15.996223,15.720085,15.664742,15.922668,15.627831,15.904274,16.161499,14.905037,15.424561,15.609375,15.480049,15.572441,15.480049,15.904274,15.461563,15.572441,15.812218,15.756950,16.216530,15.183723,15.922668,15.756950,15.756950,15.387550,15.812218,15.461563,15.627831,16.124794,16.032974,15.609375,15.443062,16.106438,16.088081,15.922668,15.553970,15.941071,16.088081,15.830643,15.756950,15.793800,15.922668,16.198189,16.143143,15.480049,15.849052,16.069710,15.756950,15.775375,15.664742,15.849052,15.885872,15.720085,16.363075,16.198189,16.088081,16.436256,16.198189,16.509377,15.941071,15.959457,16.088081,16.436256,16.673668,15.996223,16.069710,16.032974,16.837654,16.014603,16.527649,16.637184,17.110275,16.874062,16.179840,16.014603,16.198189,16.143143,16.179840,16.545914,16.399666,16.819458,16.655434,16.600693,16.600693,16.874062,16.234848,16.308144,16.545914,16.618950,16.600693,16.783035,16.509377,16.983162,16.710136,16.728371,16.874062,16.545914,16.964989,16.855865,16.637184,16.673668,16.819458,16.746590,17.128418,16.983162,17.164696,17.092117,17.055817,17.164696,17.128418,17.291534,17.237198,17.073982,16.691910,16.928627,17.146553,16.801247,16.783035,17.309639,16.545914,16.673668,16.983162,17.273430,16.472824,17.526596,17.164696,16.946808,17.110275,16.618950,17.128418,16.874062,16.527649,17.019493,17.200951,17.001335,17.110275,17.182823,16.964989,17.472412,16.910439,17.110275,17.037659,17.037659,17.345833,17.200951,17.724983,16.928627,17.182823,17.037659,17.092117,16.746590,16.964989,17.019493,16.910439,17.037659,17.237198,16.691910,16.527649,16.783035,16.655434,16.910439,17.001335,17.092117,17.128418,17.273430,16.892258,17.037659,17.580750,17.327736,17.255310,17.073982,16.946808,16.764816,16.946808,17.092117,16.946808,17.309639,16.874062,17.037659,17.219078,16.946808,16.764816,17.092117,16.764816,16.837654,17.219078,16.946808,16.946808,17.146553,16.655434,16.691910,17.291534,17.309639,16.783035,16.855865,17.146553,16.983162,16.710136,17.327736,17.219078,17.110275,16.801247,16.946808,17.001335,16.892258,16.728371,16.783035,17.001335,16.928627,16.637184,16.928627,16.819458,16.928627,17.128418,16.564171,17.073982,16.728371,16.910439,16.855865,16.491104,17.472412,16.564171,16.783035,17.001335,16.491104,16.691910,16.600693,16.289825,16.910439,16.417961,16.764816,16.417961,16.527649,16.928627,16.764816,16.691910,16.964989,16.710136,17.092117,16.892258,17.055817,17.073982,16.454536,16.271500,16.509377,16.874062,16.363075,17.001335,17.019493,16.946808,16.964989,16.600693,17.472412,17.273430,17.164696,17.273430,17.237198,17.237198,17.110275,16.801247,16.983162,17.200951,16.892258,17.219078,17.019493,16.399666,16.564171,16.910439,16.964989,16.710136,17.073982,17.001335,16.855865,17.382019,17.037659,16.746590,17.092117,17.128418,17.073982,17.146553,17.037659,17.055817,16.964989,17.037659,17.670921,16.728371,16.855865,16.819458,16.855865,16.344765,17.128418,16.946808,16.874062,16.728371,16.600693,16.910439,16.983162,16.764816,17.255310,16.874062,16.946808,16.892258,17.037659,16.381371,16.819458,16.545914,16.728371,16.491104,16.746590,16.564171,16.710136,17.146553,16.710136,16.837654,16.983162,16.728371,17.055817,17.291534,16.691910,17.255310,16.454536,17.019493,16.454536,16.582436,17.327736,16.801247,16.946808,16.326462,16.946808,17.001335,16.363075,16.855865,16.728371,16.436256,16.855865,16.655434,17.200951,16.783035,16.472824,16.691910,16.472824,16.910439,16.764816,16.946808,16.964989,16.564171,16.691910,17.019493,16.855865,16.363075,17.001335,16.637184,16.910439,16.655434,17.001335,16.855865,16.764816,16.509377,16.509377,16.124794,16.673668,16.783035,16.673668,16.928627,16.874062,17.001335,16.728371,16.728371,16.436256,16.289825,16.655434,16.381371,16.564171,16.545914,17.019493,16.436256,16.216530,16.271500,16.728371,16.509377,16.216530,16.289825,16.289825,16.655434,16.582436,16.454536,16.454536,16.582436,16.326462,16.216530,16.417961,16.051353,15.830643,16.161499,16.326462,16.289825,16.564171,16.253181,16.527649,16.399666,16.143143,15.904274,16.106438,16.454536,15.793800,16.289825,16.289825,16.618950,16.454536,16.691910,16.014603,16.399666,15.867470,16.381371,16.124794,16.253181,16.746590,16.436256,16.198189,15.977844,16.234848,16.381371,16.069710,16.032974,16.417961,16.253181,15.959457,16.527649,15.977844,16.198189,16.691910,16.399666,15.830643,15.553970,16.271500,16.216530,15.904274,16.051353,16.051353,16.032974,16.179840,15.756950,15.904274,16.014603,15.701637,15.849052,16.051353,15.738518,16.124794,16.491104,16.014603,15.646294,15.775375,15.590912,15.572441,15.627831,15.664742,16.014603,15.387550,15.109489,15.535500,15.627831,16.032974,16.344765,15.756950,15.424561,15.664742,15.480049,15.922668,16.253181,15.867470,15.535500,15.369041,15.480049,15.535500,15.294960,15.609375,15.646294,15.369041,15.369041,14.830566,15.517014,15.276436,15.701637,15.257896,15.165176,16.051353,15.016617,15.941071,15.332008,15.922668,15.480049,15.035194,15.443062,15.406059,15.350533,15.756950,15.517014,15.165176,15.053780,15.202286,15.276436,15.016617,15.461563,15.867470,15.220818,15.553970,15.090919,15.480049,15.035194,15.332008,15.239365,14.419891,15.424561,14.998024,14.886414,15.183723,14.700096,14.625465,15.146614,15.202286,14.138817,14.998024,15.257896,14.960838,14.886414,14.886414,14.476006,15.239365,14.737404,14.756035,14.625465,14.213860,14.737404,15.146614,14.382469,14.550774,13.988556,14.625465,14.307571,13.969765,14.401184,13.706154,14.251350,13.800392,13.875710,14.401184,14.007355,13.536285,13.988556,14.270103,14.044937,13.838051,13.781540,14.251350,14.718750,13.838051,13.819221,14.270103,13.894524,13.347183,14.120049,13.894524,12.967819,13.138725,13.706154,13.290382,14.082504,13.838051,13.214584,13.441788,12.967819,12.548721,12.663208,11.839676,12.031822,10.911919,10.814766,9.542969,
14.960838,15.959457,16.308144,15.904274,16.216530,16.271500,16.143143,16.326462,15.683197,15.996223,15.959457,16.069710,16.289825,16.271500,15.885872,16.308144,15.683197,16.106438,16.106438,16.014603,15.922668,15.977844,15.720085,16.454536,15.553970,15.959457,16.014603,16.216530,15.922668,15.830643,14.793312,15.424561,16.051353,15.977844,15.461563,15.627831,16.216530,15.590912,15.756950,16.216530,16.051353,15.941071,16.014603,16.051353,15.701637,15.572441,15.941071,15.646294,16.417961,16.344765,15.867470,15.720085,15.646294,15.535500,16.234848,15.683197,16.051353,15.904274,15.443062,16.363075,16.143143,15.775375,16.491104,16.051353,16.271500,15.885872,15.738518,15.867470,15.775375,16.381371,15.849052,15.646294,16.344765,16.253181,16.179840,16.326462,16.472824,15.738518,15.590912,16.363075,16.454536,16.509377,16.088081,16.216530,16.198189,16.179840,15.590912,16.326462,15.996223,16.216530,16.399666,16.124794,16.764816,15.775375,16.637184,15.904274,16.253181,15.996223,15.701637,16.161499,16.582436,16.143143,15.812218,16.381371,16.271500,16.837654,16.582436,16.436256,16.051353,16.253181,16.381371,16.454536,16.637184,15.885872,16.509377,16.088081,16.564171,16.545914,16.363075,16.308144,16.179840,16.234848,16.326462,16.289825,16.344765,16.381371,16.710136,17.037659,16.564171,16.783035,17.037659,16.983162,17.128418,16.417961,16.399666,17.110275,16.728371,16.874062,16.946808,16.509377,16.545914,17.019493,17.237198,16.983162,16.874062,16.783035,17.200951,16.764816,17.055817,16.874062,16.837654,16.946808,17.110275,17.454338,16.837654,16.819458,17.128418,17.273430,16.983162,17.345833,16.910439,17.001335,17.001335,17.490471,17.670921,17.182823,17.237198,17.598785,17.598785,17.418190,17.237198,16.964989,17.742996,17.146553,17.200951,17.164696,17.273430,17.490471,17.019493,16.783035,16.910439,17.092117,16.983162,17.219078,17.472412,17.418190,17.255310,17.001335,17.019493,16.874062,16.983162,17.345833,17.436272,17.797005,17.237198,17.345833,17.309639,17.200951,17.309639,17.309639,17.327736,17.418190,17.164696,16.910439,17.200951,17.092117,17.382019,17.472412,17.688942,17.418190,17.128418,17.055817,17.562698,17.327736,17.454338,17.454338,17.219078,17.291534,17.146553,17.037659,17.616829,17.472412,17.200951,17.850990,17.562698,17.164696,17.309639,17.616829,17.724983,17.146553,17.237198,16.946808,17.273430,17.182823,17.904930,17.508537,17.724983,17.833000,17.652901,17.327736,17.526596,17.724983,17.327736,17.436272,17.797005,17.291534,17.850990,17.291534,17.562698,17.400101,17.688942,17.363930,17.742996,17.200951,17.200951,17.219078,17.309639,17.164696,17.634865,17.110275,17.182823,17.182823,17.273430,16.874062,17.255310,17.019493,17.092117,17.182823,17.363930,16.764816,17.092117,17.219078,17.327736,17.400101,16.892258,17.200951,17.164696,17.001335,16.855865,17.073982,17.526596,17.001335,16.928627,17.110275,16.928627,17.092117,16.892258,16.892258,17.146553,16.855865,17.164696,17.001335,17.019493,16.874062,17.182823,17.055817,16.855865,17.037659,16.892258,17.164696,17.490471,16.928627,17.200951,17.309639,17.182823,17.200951,17.146553,16.983162,17.598785,17.327736,17.273430,17.490471,17.073982,17.309639,17.237198,17.110275,17.382019,17.418190,17.146553,17.037659,17.110275,17.146553,17.037659,17.291534,17.255310,17.291534,16.892258,17.544655,17.092117,17.363930,16.801247,17.327736,17.797005,17.742996,17.291534,17.273430,17.146553,17.490471,17.526596,17.273430,17.382019,17.110275,17.092117,17.182823,17.110275,17.237198,17.436272,17.001335,17.309639,17.273430,16.892258,17.110275,16.710136,17.055817,17.055817,17.092117,17.833000,17.291534,16.710136,17.128418,17.436272,16.527649,16.928627,17.164696,17.055817,16.983162,17.146553,17.092117,17.436272,16.837654,17.652901,17.110275,17.019493,16.855865,17.237198,17.382019,16.910439,17.219078,17.219078,16.855865,16.910439,17.164696,17.128418,17.255310,17.164696,17.490471,17.110275,17.309639,17.436272,17.200951,16.983162,17.037659,16.764816,16.946808,17.255310,16.892258,16.874062,17.001335,17.472412,17.454338,17.200951,17.182823,16.964989,16.746590,16.983162,16.910439,17.219078,17.001335,16.964989,17.363930,16.819458,17.073982,17.164696,17.019493,17.345833,16.764816,17.092117,16.946808,16.964989,17.345833,17.400101,17.291534,16.819458,17.436272,16.964989,16.983162,16.801247,17.164696,17.092117,17.037659,17.454338,17.001335,16.308144,17.146553,16.673668,16.983162,16.764816,16.855865,16.801247,16.874062,16.509377,16.399666,16.783035,16.746590,16.783035,16.946808,16.454536,16.819458,16.892258,16.673668,17.037659,16.179840,16.472824,16.637184,16.326462,16.691910,16.928627,16.764816,16.710136,16.618950,16.381371,16.253181,16.509377,16.964989,16.491104,16.673668,16.436256,16.582436,16.637184,16.710136,16.509377,16.198189,16.801247,16.454536,16.326462,16.928627,16.399666,16.637184,16.436256,16.728371,16.454536,17.019493,16.436256,16.014603,16.783035,16.673668,16.417961,16.106438,16.308144,16.326462,16.161499,16.106438,17.128418,16.234848,16.637184,15.996223,16.234848,16.253181,16.564171,16.014603,16.710136,16.106438,16.783035,16.655434,16.271500,16.326462,16.691910,16.509377,16.179840,15.756950,16.399666,15.941071,16.637184,16.874062,16.308144,16.399666,16.381371,15.904274,16.564171,16.179840,16.491104,16.363075,15.996223,15.738518,16.143143,16.582436,15.885872,16.143143,16.472824,16.106438,16.344765,15.830643,15.738518,16.344765,16.161499,15.775375,16.161499,16.161499,16.271500,15.257896,16.014603,15.590912,15.756950,15.977844,15.535500,15.738518,15.701637,15.941071,16.032974,15.498535,15.683197,15.977844,15.996223,16.271500,15.535500,15.443062,16.234848,15.535500,15.720085,15.701637,15.941071,15.738518,15.627831,15.276436,15.849052,15.793800,15.996223,15.922668,15.424561,15.239365,15.793800,15.128059,15.701637,15.646294,15.498535,15.867470,14.960838,15.239365,15.443062,15.035194,15.590912,15.220818,15.202286,14.979439,15.664742,15.128059,15.572441,15.572441,14.737404,15.350533,14.886414,14.811943,15.553970,15.517014,14.662788,15.756950,15.183723,14.700096,15.387550,14.401184,14.718750,14.737404,14.811943,15.498535,15.165176,14.513397,14.251350,14.756035,14.700096,14.476006,14.476006,14.737404,14.270103,14.998024,14.867805,14.830566,15.090919,14.382469,15.090919,14.382469,14.251350,13.969765,13.988556,14.438606,14.063721,14.476006,14.288834,13.781540,13.969765,14.063721,14.101280,14.101280,13.517403,12.910774,12.929794,12.146942,12.108589,11.570000,11.125320,10.190697,
15.369041,16.326462,16.014603,16.179840,16.014603,15.904274,16.216530,15.977844,16.363075,15.535500,16.655434,16.051353,16.344765,16.326462,15.959457,16.161499,16.783035,16.032974,16.179840,16.417961,16.344765,15.683197,15.996223,16.179840,16.143143,15.498535,15.830643,15.867470,16.436256,16.014603,16.253181,15.738518,15.959457,15.720085,16.198189,15.756950,15.683197,15.996223,16.032974,16.124794,16.124794,16.363075,15.867470,16.289825,15.922668,15.812218,16.143143,16.124794,15.738518,16.161499,15.959457,16.198189,16.106438,16.106438,16.106438,15.904274,16.234848,15.683197,16.655434,16.216530,16.069710,15.406059,16.363075,16.234848,16.032974,16.417961,16.161499,16.289825,16.124794,16.069710,16.436256,16.253181,15.775375,16.728371,16.234848,16.198189,16.363075,15.904274,16.069710,16.545914,16.582436,15.830643,16.289825,16.344765,16.472824,16.088081,15.775375,16.417961,16.527649,16.673668,16.124794,16.234848,16.655434,16.014603,16.143143,16.564171,16.509377,16.088081,16.253181,16.051353,16.051353,16.051353,16.910439,16.436256,16.344765,16.764816,16.564171,15.793800,16.472824,16.198189,16.454536,16.564171,16.326462,16.637184,16.673668,16.637184,16.253181,16.344765,16.564171,16.051353,15.996223,16.637184,16.728371,16.892258,16.819458,16.710136,17.055817,16.728371,16.618950,16.892258,17.019493,16.874062,16.783035,16.399666,16.545914,17.037659,16.983162,16.472824,16.910439,17.019493,16.691910,16.710136,16.728371,16.783035,17.237198,16.764816,17.055817,17.454338,17.037659,16.819458,16.874062,17.092117,17.255310,17.200951,17.345833,17.055817,17.146553,17.418190,17.436272,17.273430,16.874062,17.219078,17.454338,17.508537,17.688942,17.255310,17.436272,17.309639,17.706970,17.797005,17.182823,17.724983,17.706970,17.761002,17.309639,17.904930,17.976807,17.472412,17.400101,17.544655,17.092117,17.958839,17.454338,17.092117,17.472412,17.128418,17.904930,17.868965,17.580750,17.219078,17.146553,17.833000,17.670921,16.874062,17.797005,17.562698,17.526596,17.092117,17.309639,17.418190,17.670921,17.273430,17.761002,17.092117,17.164696,17.472412,17.724983,17.382019,17.200951,17.073982,17.706970,17.904930,16.855865,17.418190,17.164696,17.400101,17.634865,17.490471,17.598785,17.200951,17.724983,17.472412,17.291534,17.309639,17.580750,17.382019,17.670921,17.255310,17.182823,17.237198,17.237198,17.562698,17.742996,17.382019,17.291534,17.363930,17.742996,17.562698,17.255310,17.454338,17.418190,17.472412,17.634865,17.976807,17.291534,17.291534,17.922905,17.761002,17.833000,17.544655,17.706970,17.019493,17.526596,17.598785,17.110275,17.037659,17.128418,16.946808,17.055817,17.037659,17.073982,17.182823,16.637184,17.580750,17.055817,17.273430,17.797005,17.490471,17.182823,17.164696,17.490471,17.382019,16.983162,17.345833,17.291534,17.400101,17.128418,17.544655,17.073982,16.892258,17.019493,16.892258,16.983162,17.001335,17.182823,17.128418,17.019493,17.146553,17.237198,16.783035,17.019493,17.146553,17.200951,17.652901,17.055817,17.291534,16.983162,16.582436,17.219078,17.110275,17.309639,17.255310,17.273430,17.219078,17.273430,16.964989,17.182823,17.128418,17.508537,17.544655,17.146553,17.544655,17.309639,16.928627,18.012718,17.652901,17.761002,17.382019,17.598785,17.345833,17.454338,17.363930,17.508537,17.418190,17.670921,17.146553,17.958839,17.508537,17.490471,17.580750,17.454338,17.327736,17.382019,17.291534,17.454338,16.874062,17.850990,17.598785,17.670921,17.146553,17.055817,17.200951,17.128418,17.508537,17.634865,17.418190,17.273430,17.472412,17.418190,17.273430,17.164696,17.019493,17.418190,17.182823,17.255310,17.345833,17.652901,16.728371,17.001335,17.345833,17.146553,17.454338,17.273430,17.146553,17.363930,17.472412,17.327736,17.309639,17.472412,16.892258,17.382019,17.418190,17.164696,16.964989,17.724983,17.706970,16.874062,17.454338,17.436272,17.508537,16.582436,17.327736,16.637184,17.073982,16.910439,17.418190,17.472412,17.544655,17.598785,17.634865,17.400101,17.128418,17.544655,17.454338,17.382019,17.164696,17.922905,17.363930,17.436272,17.363930,17.019493,16.983162,17.110275,16.801247,17.382019,16.783035,17.273430,17.761002,17.994759,17.128418,17.073982,17.345833,17.670921,16.910439,17.200951,17.309639,17.400101,17.019493,17.001335,17.291534,17.001335,17.291534,17.454338,17.490471,16.746590,17.055817,16.946808,17.382019,16.673668,17.110275,16.417961,17.055817,16.910439,16.874062,16.801247,17.164696,16.655434,17.037659,16.783035,17.037659,16.564171,16.892258,17.128418,17.055817,17.001335,16.436256,16.837654,16.472824,16.564171,17.001335,16.764816,16.618950,16.892258,16.892258,16.655434,17.273430,16.600693,16.710136,17.219078,16.691910,16.801247,16.381371,16.728371,16.618950,16.472824,16.124794,16.983162,17.110275,16.673668,16.289825,16.983162,16.783035,16.855865,16.874062,16.436256,16.363075,17.291534,16.271500,16.161499,16.673668,16.928627,16.764816,16.363075,16.509377,16.783035,16.326462,17.019493,16.436256,16.673668,16.910439,16.910439,16.673668,17.164696,16.289825,16.801247,16.801247,16.637184,16.655434,16.637184,16.472824,16.363075,16.143143,16.618950,16.764816,16.399666,16.783035,16.344765,16.673668,16.637184,16.289825,16.363075,16.289825,16.143143,16.746590,16.179840,16.910439,16.106438,16.783035,16.582436,16.179840,16.399666,16.253181,16.179840,16.509377,16.088081,16.124794,16.124794,16.618950,16.509377,16.837654,15.941071,15.830643,16.600693,15.756950,16.344765,15.904274,16.179840,16.454536,16.198189,15.738518,16.326462,15.904274,15.793800,15.849052,16.032974,15.959457,16.124794,15.885872,16.289825,15.867470,15.553970,16.216530,15.590912,16.106438,15.885872,15.535500,16.143143,16.161499,15.904274,15.350533,15.461563,15.959457,16.179840,15.959457,16.545914,15.276436,15.904274,15.756950,16.032974,16.491104,15.553970,15.941071,15.443062,15.239365,15.959457,16.143143,16.069710,15.276436,15.553970,15.646294,15.239365,15.276436,15.165176,15.535500,15.443062,15.756950,15.294960,15.053780,15.664742,15.072350,15.220818,15.276436,14.867805,14.588127,14.774681,15.812218,14.718750,14.998024,15.424561,14.532082,14.644127,14.550774,15.053780,14.774681,14.811943,15.183723,14.774681,14.793312,15.016617,15.053780,15.996223,14.588127,14.756035,14.923637,15.443062,14.849190,15.369041,14.867805,14.756035,14.532082,14.606796,14.700096,13.969765,14.588127,14.606796,13.574066,14.120049,14.007355,14.588127,13.630692,14.044937,13.781540,13.252487,13.290382,13.176659,12.051033,11.839676,11.839676,11.415558,10.386147,
15.257896,15.609375,15.922668,16.527649,16.124794,16.124794,15.996223,16.032974,16.051353,15.959457,16.143143,16.691910,16.051353,16.124794,16.582436,15.793800,16.527649,15.756950,15.664742,16.289825,16.051353,16.234848,15.922668,16.124794,16.527649,16.618950,15.849052,16.344765,15.756950,16.106438,15.996223,16.014603,16.271500,16.454536,16.051353,15.756950,15.849052,16.106438,16.069710,15.849052,16.014603,16.399666,16.088081,16.381371,16.069710,16.198189,15.996223,16.106438,16.143143,16.051353,15.904274,16.014603,15.996223,16.161499,15.977844,16.179840,16.124794,15.941071,16.436256,15.830643,16.344765,16.308144,16.216530,15.867470,16.271500,15.904274,16.032974,16.106438,15.941071,16.253181,16.253181,15.977844,16.198189,16.454536,16.289825,15.793800,16.509377,16.910439,16.198189,16.106438,16.271500,15.775375,16.032974,16.783035,16.637184,16.655434,16.344765,16.436256,15.996223,16.472824,16.491104,16.509377,16.673668,16.746590,16.637184,16.363075,15.941071,16.253181,16.143143,15.959457,16.344765,16.801247,16.088081,16.618950,16.124794,16.363075,16.618950,16.014603,16.216530,16.234848,16.179840,16.381371,16.801247,16.527649,16.143143,16.582436,16.436256,16.271500,16.271500,16.691910,16.691910,16.161499,16.637184,16.564171,17.001335,16.764816,16.582436,16.764816,16.618950,16.618950,16.928627,16.545914,16.801247,16.764816,16.637184,16.673668,16.910439,16.564171,17.001335,17.164696,16.783035,17.110275,16.655434,16.637184,16.928627,17.073982,16.326462,16.910439,17.255310,17.073982,17.092117,16.527649,17.670921,17.273430,17.055817,16.946808,17.146553,17.255310,17.001335,17.291534,17.436272,17.219078,17.327736,17.382019,16.964989,17.400101,17.436272,17.688942,17.418190,17.309639,17.670921,17.598785,17.886955,17.345833,17.291534,17.327736,17.472412,17.508537,17.472412,17.580750,17.436272,16.946808,17.670921,16.983162,17.544655,17.055817,17.886955,17.110275,17.128418,17.400101,17.200951,17.418190,17.164696,17.345833,17.273430,17.327736,17.508537,17.454338,17.580750,17.219078,17.382019,17.128418,17.724983,17.436272,17.544655,17.490471,17.219078,17.922905,17.436272,17.219078,17.580750,17.742996,17.508537,17.146553,17.436272,17.634865,17.598785,17.706970,16.910439,17.562698,18.048607,17.580750,17.761002,17.562698,17.400101,17.761002,17.562698,17.345833,17.436272,18.084496,17.400101,17.616829,17.815002,17.544655,17.073982,17.742996,17.724983,17.994759,17.363930,17.616829,17.309639,17.797005,17.309639,18.102425,17.526596,17.580750,17.670921,17.598785,17.706970,17.580750,17.454338,17.219078,17.670921,17.255310,17.634865,17.327736,17.400101,17.580750,17.706970,17.182823,17.670921,17.363930,17.436272,17.237198,17.544655,17.291534,17.327736,17.670921,17.382019,17.598785,17.200951,17.472412,17.580750,17.472412,17.219078,17.128418,17.146553,16.837654,17.200951,16.710136,17.128418,17.327736,17.291534,17.128418,16.837654,16.874062,17.255310,17.219078,17.400101,17.237198,17.219078,17.273430,17.850990,17.363930,17.237198,17.146553,17.327736,17.146553,17.382019,17.382019,17.200951,17.092117,17.146553,17.309639,17.345833,17.490471,17.436272,17.472412,17.200951,17.562698,17.200951,17.418190,17.309639,17.454338,17.580750,17.309639,17.616829,17.761002,17.472412,17.472412,17.291534,17.309639,17.327736,17.508537,17.490471,17.580750,17.454338,17.544655,17.544655,17.255310,17.580750,17.345833,17.922905,17.562698,17.200951,17.454338,17.490471,17.363930,17.200951,17.327736,17.490471,17.508537,17.436272,17.073982,17.472412,17.779015,17.273430,17.490471,17.761002,17.092117,17.598785,17.345833,17.382019,17.273430,17.291534,17.436272,17.454338,17.688942,16.946808,17.128418,17.309639,17.382019,17.128418,17.363930,17.454338,17.001335,17.273430,16.855865,17.309639,17.237198,17.327736,17.001335,17.436272,17.164696,17.327736,16.673668,17.092117,16.801247,17.598785,17.128418,17.128418,16.819458,17.327736,16.874062,17.652901,17.055817,17.400101,17.219078,17.400101,17.508537,17.182823,17.073982,17.146553,17.815002,17.092117,17.922905,17.544655,16.819458,17.670921,17.544655,17.291534,17.019493,17.490471,17.001335,17.400101,16.946808,17.073982,17.454338,17.345833,17.976807,16.910439,17.273430,17.490471,17.182823,17.580750,17.345833,17.382019,17.580750,17.418190,17.327736,17.526596,17.128418,17.200951,17.742996,17.200951,17.616829,16.655434,16.928627,17.526596,17.037659,16.509377,17.508537,16.801247,17.055817,17.363930,17.454338,16.892258,17.128418,16.198189,16.637184,17.110275,16.819458,16.655434,16.728371,16.855865,16.874062,16.161499,16.600693,16.399666,17.128418,16.892258,17.128418,16.710136,17.092117,16.509377,17.110275,16.491104,17.073982,17.001335,16.746590,16.637184,16.491104,16.910439,16.564171,16.783035,16.801247,16.874062,16.874062,16.928627,16.509377,16.855865,16.216530,16.801247,16.855865,16.819458,16.564171,16.801247,16.728371,17.237198,16.618950,17.019493,16.545914,16.801247,16.527649,16.161499,16.637184,16.819458,16.910439,16.892258,16.326462,16.892258,16.363075,16.946808,16.637184,16.509377,16.655434,16.454536,16.381371,16.637184,16.381371,16.179840,16.910439,16.545914,16.381371,16.564171,16.527649,16.600693,17.037659,16.527649,16.582436,17.019493,16.472824,16.436256,15.904274,16.691910,16.106438,16.308144,16.326462,16.326462,16.399666,16.618950,16.051353,16.216530,16.198189,16.618950,16.582436,16.014603,16.106438,16.308144,15.849052,15.959457,16.106438,15.793800,15.775375,16.417961,15.977844,16.014603,16.637184,15.904274,16.143143,16.545914,16.289825,15.996223,15.738518,16.527649,15.738518,16.326462,15.904274,15.812218,15.701637,16.088081,15.904274,15.904274,15.276436,16.216530,16.014603,15.849052,16.143143,15.664742,16.143143,16.216530,16.234848,15.461563,15.756950,15.867470,15.369041,15.812218,15.443062,16.051353,16.198189,15.756950,15.756950,15.904274,15.146614,15.922668,16.289825,15.812218,15.553970,15.424561,15.885872,16.179840,15.202286,15.220818,15.332008,15.443062,16.032974,15.165176,14.644127,15.257896,14.998024,15.016617,15.128059,15.072350,14.998024,15.128059,15.072350,15.090919,14.550774,15.424561,15.775375,15.369041,14.923637,15.128059,14.905037,14.737404,15.109489,14.998024,14.905037,14.644127,15.016617,14.942238,14.849190,14.550774,14.793312,15.183723,14.867805,14.232613,14.681450,14.774681,14.494698,14.811943,14.923637,14.476006,14.532082,14.213860,13.913338,14.063721,14.326302,13.611824,13.781540,13.894524,12.986824,13.649567,13.781540,12.815643,12.261917,12.663208,11.974228,10.950760,9.680710,
15.424561,15.646294,15.941071,16.417961,15.904274,16.582436,15.941071,16.289825,16.308144,16.289825,16.014603,16.234848,16.545914,16.216530,16.032974,16.618950,16.417961,16.161499,16.399666,16.454536,15.627831,15.922668,16.363075,16.088081,16.161499,15.941071,16.014603,16.253181,16.216530,15.977844,15.553970,15.664742,16.216530,16.344765,15.738518,16.198189,16.271500,15.756950,15.996223,15.885872,16.216530,17.019493,16.363075,16.271500,15.904274,15.849052,16.271500,16.728371,16.088081,16.308144,16.032974,16.216530,16.582436,15.904274,16.509377,16.253181,16.161499,15.775375,16.216530,16.253181,15.885872,16.964989,16.564171,15.996223,15.996223,16.143143,16.032974,16.161499,16.032974,16.564171,16.600693,16.124794,16.673668,16.179840,16.234848,16.088081,16.161499,16.837654,16.234848,16.582436,16.783035,16.417961,16.436256,16.381371,16.710136,16.436256,16.509377,16.216530,16.399666,15.922668,16.161499,16.124794,16.892258,16.618950,16.472824,15.830643,16.491104,16.564171,16.253181,15.738518,15.793800,16.363075,16.928627,16.363075,16.637184,16.014603,16.326462,16.143143,16.600693,16.691910,16.326462,16.436256,16.472824,15.977844,16.527649,16.655434,16.399666,16.326462,16.399666,16.491104,16.234848,16.564171,16.819458,16.928627,17.037659,16.582436,17.164696,17.019493,17.219078,17.345833,17.200951,16.928627,17.472412,16.564171,17.219078,17.436272,17.019493,17.055817,17.037659,16.874062,17.309639,17.200951,16.892258,17.055817,16.710136,17.037659,17.128418,16.637184,16.801247,17.237198,17.273430,17.073982,17.526596,17.490471,17.436272,17.110275,17.219078,16.655434,16.874062,17.200951,17.255310,17.508537,17.219078,17.670921,17.182823,17.363930,17.418190,17.490471,17.616829,17.309639,17.164696,17.797005,17.400101,17.472412,17.400101,17.994759,17.382019,17.237198,17.544655,17.327736,17.688942,17.309639,17.237198,17.490471,17.219078,17.815002,17.092117,17.219078,17.382019,17.182823,17.508537,17.382019,17.200951,17.436272,17.526596,17.815002,17.761002,17.436272,17.327736,17.182823,17.797005,17.345833,17.110275,17.255310,17.345833,17.833000,17.616829,17.670921,17.073982,17.382019,17.850990,17.219078,18.048607,17.327736,17.724983,17.761002,17.688942,17.580750,17.490471,17.436272,17.634865,17.526596,17.436272,17.815002,18.084496,17.779015,17.886955,17.273430,17.670921,17.868965,17.688942,17.526596,16.964989,17.670921,17.472412,17.886955,18.048607,17.490471,17.833000,17.688942,17.490471,17.580750,18.209953,17.634865,17.598785,18.245766,17.706970,17.797005,17.868965,17.562698,18.048607,17.761002,17.940880,17.544655,17.037659,17.327736,17.382019,17.345833,17.345833,17.454338,17.706970,17.454338,17.544655,17.706970,17.436272,17.273430,17.454338,17.472412,17.652901,17.037659,17.363930,17.273430,17.110275,17.164696,17.255310,17.146553,17.037659,16.983162,17.327736,16.837654,17.454338,17.182823,17.146553,17.345833,17.291534,17.128418,17.200951,17.562698,17.490471,17.382019,17.436272,17.327736,17.598785,17.327736,17.544655,17.436272,17.309639,17.544655,17.291534,17.273430,17.219078,17.580750,17.273430,17.182823,17.418190,17.472412,17.382019,18.084496,17.454338,17.526596,17.182823,17.706970,17.400101,17.688942,17.652901,17.255310,17.580750,17.454338,17.400101,17.418190,17.309639,17.055817,17.273430,17.490471,17.327736,17.164696,17.400101,17.797005,17.761002,17.652901,17.146553,17.526596,17.345833,17.327736,17.670921,17.400101,17.652901,17.382019,17.363930,17.291534,17.616829,17.562698,17.418190,17.472412,17.598785,17.598785,17.182823,17.146553,17.055817,17.436272,17.634865,17.001335,17.688942,17.580750,17.544655,17.363930,17.237198,17.508537,17.219078,17.037659,17.436272,17.418190,17.001335,17.037659,17.363930,17.345833,17.833000,17.472412,17.616829,17.345833,17.073982,16.783035,17.309639,16.892258,17.273430,16.964989,17.363930,17.363930,17.544655,17.055817,17.164696,17.291534,17.363930,17.073982,17.363930,17.526596,17.761002,17.454338,17.363930,17.327736,17.490471,17.688942,17.490471,17.309639,17.508537,17.508537,17.092117,17.418190,17.309639,17.200951,17.436272,17.454338,17.146553,17.237198,17.580750,17.092117,16.983162,17.092117,17.092117,17.418190,16.819458,17.454338,17.055817,17.327736,17.616829,17.219078,17.345833,17.418190,17.110275,17.634865,16.728371,16.801247,17.001335,17.363930,17.128418,17.019493,16.928627,17.237198,17.580750,17.309639,17.073982,17.055817,17.073982,16.837654,17.291534,16.928627,16.746590,16.874062,16.910439,16.801247,16.637184,16.728371,16.837654,17.182823,16.710136,17.037659,16.564171,17.182823,16.874062,17.019493,16.582436,16.964989,17.182823,16.783035,17.273430,17.037659,17.164696,16.983162,16.837654,17.037659,16.582436,17.309639,17.164696,17.073982,17.219078,16.600693,16.892258,16.728371,17.146553,17.037659,16.746590,16.855865,17.110275,16.783035,16.454536,16.764816,17.055817,16.600693,16.381371,16.746590,17.345833,17.055817,16.582436,17.110275,16.746590,17.219078,16.746590,17.146553,16.527649,17.073982,17.073982,17.001335,16.728371,16.746590,16.234848,16.253181,17.110275,16.600693,17.291534,16.344765,16.545914,17.073982,16.874062,16.527649,17.019493,16.088081,16.491104,16.637184,16.655434,16.746590,16.381371,16.637184,16.472824,16.363075,16.764816,17.055817,16.032974,16.234848,16.618950,16.234848,16.326462,16.271500,16.600693,16.564171,15.664742,16.637184,16.143143,16.582436,16.289825,16.673668,15.885872,16.710136,15.793800,16.179840,16.014603,16.637184,16.381371,16.161499,16.710136,15.977844,16.289825,16.161499,16.253181,16.124794,15.756950,16.655434,15.922668,15.664742,16.564171,15.683197,16.106438,16.069710,15.775375,15.738518,15.885872,16.014603,16.179840,15.664742,15.996223,15.664742,16.143143,15.350533,15.775375,16.509377,16.069710,16.308144,15.517014,15.904274,15.387550,16.014603,15.257896,15.775375,16.032974,15.775375,15.387550,15.627831,15.830643,16.106438,15.701637,15.369041,15.941071,15.922668,15.572441,15.387550,15.553970,15.553970,15.183723,15.480049,15.220818,15.128059,15.756950,15.053780,15.406059,14.960838,15.239365,15.443062,15.257896,14.942238,15.257896,15.220818,15.109489,14.718750,15.146614,14.681450,14.811943,15.498535,15.627831,15.183723,14.532082,15.257896,14.849190,14.532082,15.332008,14.494698,14.625465,14.849190,14.849190,14.644127,14.681450,14.662788,14.998024,14.588127,14.195114,14.457298,14.082504,14.419891,14.756035,14.476006,13.894524,14.569450,13.290382,14.007355,13.119759,13.062805,12.434105,12.567825,12.070213,11.704933,11.473503,10.581207,
15.443062,16.344765,16.710136,16.545914,16.910439,16.472824,16.088081,15.922668,16.032974,16.143143,16.618950,16.344765,16.088081,16.582436,16.527649,15.922668,16.946808,16.363075,16.308144,16.308144,16.436256,16.801247,15.830643,16.234848,16.673668,16.014603,15.959457,15.977844,16.032974,16.069710,16.326462,16.179840,16.069710,16.179840,16.198189,15.885872,16.655434,15.922668,16.106438,16.637184,16.198189,16.271500,16.216530,16.545914,16.545914,16.363075,16.454536,15.775375,16.106438,16.051353,16.216530,15.849052,16.216530,16.637184,16.527649,16.124794,16.892258,16.491104,16.179840,16.271500,16.564171,15.720085,16.436256,16.216530,16.198189,16.472824,16.198189,17.037659,16.472824,16.344765,16.106438,16.179840,16.637184,16.253181,16.198189,16.032974,16.783035,16.436256,16.436256,16.234848,16.564171,16.198189,16.454536,16.728371,16.618950,16.527649,16.710136,16.454536,16.436256,16.472824,16.491104,16.344765,16.564171,15.922668,16.234848,16.399666,16.600693,16.454536,16.326462,16.381371,16.673668,16.381371,16.783035,16.088081,16.399666,16.691910,16.216530,16.399666,16.198189,16.308144,16.728371,16.253181,16.491104,16.600693,16.819458,16.710136,16.618950,16.527649,16.910439,16.618950,16.928627,16.764816,16.582436,16.655434,17.219078,16.253181,17.073982,17.291534,17.219078,17.110275,17.019493,17.055817,16.946808,16.928627,16.964989,17.164696,16.819458,16.783035,17.055817,17.291534,16.764816,17.146553,17.200951,17.436272,17.237198,17.182823,17.291534,16.582436,17.073982,17.164696,17.092117,17.418190,17.037659,17.055817,16.946808,16.983162,17.400101,17.110275,17.436272,17.164696,17.616829,16.964989,17.345833,17.490471,17.616829,17.761002,17.797005,17.526596,17.472412,17.436272,17.200951,17.670921,17.976807,17.815002,17.363930,17.508537,16.728371,16.928627,17.436272,17.508537,17.237198,17.526596,16.910439,17.508537,17.742996,17.345833,17.797005,16.928627,17.688942,17.526596,17.706970,17.562698,17.598785,17.779015,17.508537,17.580750,17.652901,17.670921,17.904930,17.706970,17.779015,17.616829,17.797005,17.436272,17.436272,17.345833,17.544655,17.761002,17.580750,16.983162,17.526596,17.868965,17.904930,17.562698,17.652901,17.418190,17.761002,17.454338,17.850990,17.850990,17.724983,17.797005,17.779015,17.634865,17.742996,18.012718,18.030663,17.544655,17.652901,17.688942,17.940880,17.562698,17.400101,17.958839,17.833000,18.084496,17.886955,17.724983,18.048607,17.904930,18.138290,17.706970,17.779015,17.616829,17.797005,17.833000,18.138290,17.833000,18.066551,17.670921,17.436272,17.670921,17.940880,17.345833,18.012718,17.255310,18.048607,17.019493,17.128418,17.850990,17.562698,17.382019,17.146553,17.526596,17.327736,17.508537,17.164696,17.616829,17.327736,17.526596,17.652901,17.382019,17.742996,17.815002,17.454338,17.309639,17.327736,17.472412,17.616829,17.761002,17.616829,17.182823,17.508537,17.309639,17.400101,17.850990,17.345833,17.128418,17.490471,17.164696,17.616829,17.291534,17.327736,17.742996,17.490471,17.472412,17.200951,17.255310,17.670921,17.309639,17.219078,17.001335,17.219078,17.580750,17.146553,17.182823,17.868965,17.255310,17.345833,17.580750,17.833000,17.164696,17.237198,17.291534,17.400101,17.490471,17.436272,17.526596,17.544655,17.092117,17.850990,16.964989,17.797005,17.688942,17.706970,17.472412,17.037659,17.490471,17.273430,17.291534,17.562698,17.454338,17.562698,17.815002,17.670921,17.580750,17.291534,17.255310,17.598785,17.562698,17.616829,17.454338,17.291534,17.526596,17.454338,17.073982,17.706970,17.092117,17.670921,17.037659,17.490471,16.819458,17.833000,17.019493,17.255310,17.128418,17.652901,17.200951,17.652901,16.819458,17.345833,16.983162,17.797005,17.508537,17.327736,17.219078,17.616829,17.255310,17.001335,17.092117,17.616829,17.110275,17.291534,17.092117,17.454338,17.526596,17.309639,17.327736,17.291534,17.037659,17.001335,16.928627,17.237198,17.490471,17.255310,17.634865,17.273430,17.345833,17.327736,16.983162,17.291534,17.454338,16.417961,16.983162,17.255310,17.472412,17.309639,17.255310,17.327736,17.418190,17.363930,17.598785,17.146553,16.964989,17.454338,16.892258,17.273430,16.801247,17.055817,16.910439,17.562698,16.527649,17.580750,16.983162,16.289825,17.237198,17.219078,17.146553,17.273430,17.037659,17.019493,17.164696,16.983162,17.073982,17.037659,17.055817,16.892258,17.001335,17.345833,16.928627,16.710136,17.327736,16.637184,16.928627,16.691910,16.874062,17.019493,17.128418,17.001335,17.454338,16.983162,17.164696,16.928627,16.746590,16.783035,16.983162,16.600693,16.964989,16.691910,17.110275,16.691910,16.673668,16.618950,16.637184,17.255310,16.655434,16.928627,17.110275,16.655434,16.855865,16.801247,17.110275,16.874062,16.746590,16.308144,16.746590,16.892258,16.764816,16.946808,16.618950,16.946808,16.673668,16.289825,16.910439,16.874062,16.600693,17.418190,17.092117,17.055817,16.946808,16.964989,16.545914,17.182823,17.128418,16.564171,17.037659,17.001335,16.710136,17.309639,16.964989,17.182823,16.363075,16.454536,16.527649,16.253181,16.381371,16.491104,16.892258,16.527649,16.564171,17.273430,16.928627,16.728371,16.399666,16.509377,16.892258,16.801247,16.527649,16.472824,16.819458,16.491104,16.892258,16.491104,16.855865,16.673668,16.582436,16.179840,16.582436,16.764816,16.271500,16.381371,16.582436,16.472824,16.436256,16.436256,16.527649,16.545914,16.655434,16.308144,16.436256,16.673668,16.161499,16.326462,16.271500,16.509377,16.179840,16.728371,16.308144,16.106438,15.830643,16.234848,16.271500,16.179840,16.069710,15.885872,16.069710,16.673668,16.143143,15.849052,16.069710,15.609375,16.088081,16.728371,15.738518,15.996223,15.756950,16.253181,16.545914,15.443062,16.234848,15.904274,16.161499,16.161499,15.756950,16.124794,15.977844,16.819458,16.545914,15.590912,16.326462,15.941071,15.572441,15.165176,15.683197,15.424561,15.517014,15.885872,15.553970,15.553970,15.406059,15.720085,14.830566,15.664742,14.942238,16.014603,15.609375,15.683197,15.220818,15.977844,14.867805,15.885872,14.923637,15.885872,15.498535,15.072350,15.332008,15.202286,15.369041,15.369041,15.369041,14.942238,15.183723,15.720085,14.979439,14.756035,14.849190,15.220818,15.146614,14.886414,14.101280,14.793312,14.569450,15.406059,13.233543,15.035194,14.942238,14.550774,15.350533,14.532082,14.681450,14.457298,14.213860,13.950951,14.419891,13.969765,13.856880,14.082504,14.044937,13.574066,14.213860,14.176346,13.725006,13.574066,13.252487,13.422867,12.834679,12.242760,11.704933,10.795334,10.814766,
15.867470,16.417961,16.783035,16.618950,16.509377,15.793800,16.874062,16.143143,16.124794,16.564171,16.161499,16.527649,16.143143,16.179840,16.234848,16.051353,16.454536,16.344765,16.472824,16.582436,15.609375,16.234848,16.363075,16.344765,16.124794,15.793800,16.363075,15.885872,16.124794,16.179840,16.014603,16.014603,15.996223,16.032974,16.253181,15.977844,15.922668,16.253181,16.234848,16.363075,16.289825,16.216530,16.399666,16.088081,16.655434,16.436256,15.959457,15.885872,16.436256,16.014603,16.472824,16.143143,16.381371,16.198189,16.746590,16.271500,15.996223,16.509377,15.885872,16.399666,16.691910,15.959457,16.855865,16.436256,16.618950,16.527649,16.326462,16.381371,16.454536,16.381371,16.600693,16.564171,16.381371,16.509377,16.819458,17.001335,15.738518,16.892258,16.527649,16.673668,16.618950,16.216530,16.454536,16.673668,16.271500,16.363075,16.892258,16.454536,16.491104,16.691910,16.417961,16.363075,16.527649,16.234848,16.637184,16.289825,16.545914,16.088081,16.618950,16.600693,16.582436,16.564171,16.399666,16.582436,16.618950,16.363075,16.454536,16.764816,16.728371,16.326462,16.271500,16.819458,16.454536,16.710136,16.618950,16.436256,16.691910,16.308144,16.783035,16.545914,16.618950,16.855865,16.874062,17.327736,16.946808,16.545914,16.964989,16.728371,17.273430,16.983162,16.728371,17.309639,16.892258,17.219078,17.092117,17.526596,17.345833,16.983162,16.746590,17.037659,17.055817,17.237198,17.309639,17.291534,17.164696,17.472412,16.874062,17.273430,17.436272,17.345833,17.526596,17.110275,16.874062,16.691910,17.490471,17.526596,17.146553,17.562698,17.363930,17.037659,17.164696,17.182823,17.724983,17.472412,17.779015,17.309639,17.616829,17.526596,17.400101,17.454338,17.436272,17.382019,17.219078,17.742996,17.670921,17.724983,17.634865,17.182823,17.382019,17.164696,17.037659,17.291534,17.164696,17.940880,17.182823,17.688942,17.616829,17.652901,17.940880,17.055817,18.281563,17.436272,17.724983,17.454338,17.580750,17.345833,18.012718,17.200951,17.526596,17.309639,17.580750,17.652901,17.742996,17.706970,17.309639,18.048607,17.976807,17.688942,17.724983,17.850990,17.634865,17.815002,17.761002,17.598785,18.012718,17.598785,17.886955,17.886955,18.084496,18.048607,18.030663,18.120361,17.724983,18.084496,17.976807,18.030663,18.084496,18.030663,18.156204,18.138290,17.815002,18.245766,17.868965,17.761002,17.904930,18.281563,17.761002,17.940880,17.850990,17.815002,18.192039,18.066551,18.120361,18.066551,18.030663,18.048607,17.976807,17.598785,18.084496,17.958839,18.263664,17.940880,17.886955,17.454338,17.742996,17.562698,17.562698,17.418190,17.418190,17.833000,17.454338,17.182823,17.472412,17.454338,17.833000,17.400101,17.850990,17.255310,17.742996,17.291534,17.742996,17.327736,17.490471,17.688942,17.868965,17.418190,17.436272,17.670921,17.237198,17.110275,17.110275,17.255310,17.345833,17.037659,17.634865,17.454338,17.706970,17.073982,17.490471,17.544655,17.273430,17.273430,17.291534,17.164696,17.544655,17.724983,17.255310,17.634865,17.958839,17.652901,17.490471,17.273430,17.055817,17.436272,17.616829,17.616829,17.273430,17.019493,17.508537,17.580750,17.508537,17.327736,17.779015,17.237198,17.688942,17.634865,17.508537,17.616829,17.580750,17.634865,17.219078,17.742996,17.273430,17.761002,17.454338,17.544655,17.526596,17.454338,17.833000,17.868965,17.706970,17.454338,17.219078,17.219078,17.670921,17.598785,17.418190,17.580750,17.472412,17.472412,17.580750,17.616829,17.815002,17.779015,17.454338,17.742996,17.886955,17.110275,17.400101,17.291534,17.454338,17.327736,17.670921,17.562698,17.472412,17.706970,17.273430,17.472412,17.706970,17.598785,17.182823,17.418190,17.472412,17.291534,17.345833,17.110275,17.164696,17.418190,17.400101,17.940880,17.146553,17.237198,17.037659,17.436272,16.819458,17.436272,17.255310,16.928627,17.146553,17.255310,17.472412,16.892258,17.598785,17.418190,17.164696,17.454338,17.562698,17.327736,17.526596,17.255310,17.706970,16.710136,17.182823,17.309639,17.273430,17.562698,17.327736,17.237198,17.598785,17.327736,17.182823,16.964989,17.327736,17.255310,17.436272,17.110275,17.092117,17.200951,17.363930,16.746590,17.291534,17.237198,17.273430,17.273430,17.237198,17.544655,17.110275,17.418190,17.110275,17.092117,17.363930,17.309639,17.652901,17.255310,16.946808,17.454338,17.128418,17.055817,17.400101,17.327736,17.128418,16.964989,16.673668,17.073982,17.273430,17.019493,16.728371,17.128418,16.855865,17.182823,16.874062,17.001335,17.073982,16.691910,16.491104,17.164696,16.728371,16.964989,16.509377,16.819458,17.164696,16.728371,16.691910,16.855865,16.964989,16.855865,16.783035,16.855865,16.801247,16.874062,16.710136,17.182823,16.764816,16.582436,16.764816,17.092117,16.837654,16.983162,16.637184,16.600693,17.001335,16.710136,16.801247,17.019493,17.128418,16.874062,17.037659,16.399666,17.255310,16.764816,17.146553,16.600693,16.673668,17.219078,17.164696,16.600693,16.637184,16.874062,17.055817,16.892258,16.983162,16.637184,16.964989,16.637184,16.618950,16.216530,16.910439,16.124794,16.545914,16.655434,16.892258,16.728371,16.691910,16.655434,16.618950,16.946808,16.874062,16.910439,16.819458,16.746590,15.904274,16.618950,16.326462,16.637184,17.110275,16.618950,16.436256,16.728371,16.545914,16.472824,16.289825,16.014603,16.363075,15.885872,16.032974,16.618950,16.728371,16.124794,16.710136,16.491104,16.399666,16.673668,16.179840,16.234848,15.793800,16.691910,16.564171,16.143143,16.710136,16.069710,16.491104,16.946808,16.344765,16.436256,16.088081,16.088081,16.399666,16.381371,16.472824,16.179840,16.032974,16.051353,15.849052,16.051353,16.124794,16.308144,16.399666,16.014603,16.289825,16.344765,16.088081,16.289825,16.363075,15.922668,15.959457,16.344765,15.941071,16.326462,15.756950,15.756950,16.600693,15.867470,16.032974,15.609375,15.812218,15.885872,15.720085,15.849052,15.720085,15.424561,15.885872,15.627831,15.202286,15.904274,15.922668,15.332008,15.775375,15.239365,15.867470,15.535500,15.294960,14.774681,15.165176,15.535500,14.960838,15.239365,15.701637,15.424561,15.369041,15.128059,14.737404,15.183723,15.313492,15.350533,14.979439,14.363747,14.849190,15.202286,15.146614,14.811943,14.793312,14.830566,15.332008,14.644127,14.830566,15.053780,14.830566,14.756035,14.494698,15.016617,15.035194,14.288834,14.700096,14.363747,14.644127,13.725006,14.476006,14.550774,14.157593,13.913338,13.838051,13.762703,13.479599,13.574066,13.119759,12.376740,11.820435,12.051033,10.775871,10.795334,
15.294960,16.198189,16.161499,16.600693,15.941071,16.124794,16.363075,16.161499,16.855865,16.417961,16.326462,16.399666,16.728371,16.198189,16.032974,16.783035,16.216530,15.996223,16.655434,15.977844,16.417961,15.553970,16.308144,16.363075,16.673668,15.904274,16.088081,16.051353,15.849052,16.545914,16.179840,15.867470,16.381371,15.443062,16.143143,16.363075,16.234848,16.454536,16.344765,15.885872,15.941071,16.545914,16.069710,16.051353,16.344765,16.673668,16.783035,16.198189,16.491104,16.143143,16.326462,16.582436,16.399666,16.069710,16.381371,16.691910,16.417961,16.582436,16.381371,16.198189,16.564171,16.527649,16.783035,16.491104,16.545914,16.710136,16.509377,15.996223,16.746590,16.472824,17.019493,16.417961,16.673668,16.381371,16.983162,16.655434,16.655434,16.344765,16.472824,16.527649,16.472824,16.179840,16.363075,16.783035,16.819458,16.582436,16.855865,16.564171,16.600693,16.545914,16.564171,16.837654,16.381371,16.381371,16.509377,16.216530,16.983162,16.417961,16.417961,15.996223,16.655434,16.454536,17.128418,16.819458,16.454536,15.996223,16.198189,16.746590,16.545914,16.582436,16.746590,16.417961,16.600693,16.545914,16.618950,16.819458,16.491104,16.527649,16.983162,17.128418,16.764816,16.855865,16.417961,16.983162,17.092117,17.237198,16.764816,17.037659,17.418190,16.874062,17.616829,16.673668,17.128418,16.618950,16.964989,16.983162,17.273430,17.001335,17.019493,17.472412,17.255310,17.128418,17.345833,17.436272,17.146553,17.182823,17.237198,16.874062,17.200951,17.128418,17.273430,17.815002,17.255310,17.128418,16.946808,17.345833,17.418190,17.309639,17.291534,17.670921,17.363930,17.327736,17.255310,17.490471,17.688942,17.146553,17.706970,16.964989,17.454338,17.779015,17.706970,17.526596,17.182823,17.562698,17.454338,17.797005,17.634865,17.472412,17.291534,17.037659,17.327736,17.436272,17.255310,17.833000,17.345833,17.598785,17.345833,17.454338,17.562698,17.454338,17.073982,17.508537,17.742996,17.616829,17.706970,17.976807,17.363930,17.382019,17.652901,17.833000,17.490471,17.454338,17.634865,17.472412,17.562698,17.670921,17.634865,17.219078,17.868965,17.670921,17.490471,17.544655,17.940880,17.706970,17.904930,17.940880,17.508537,17.688942,18.353111,18.138290,17.598785,17.922905,18.138290,18.066551,18.388855,17.706970,18.317345,18.138290,17.833000,18.209953,17.994759,18.120361,17.562698,17.994759,18.174133,17.940880,17.922905,18.245766,17.940880,18.263664,18.156204,18.192039,18.120361,18.192039,18.567383,18.209953,18.245766,18.227867,17.797005,17.922905,17.797005,17.976807,17.418190,17.976807,17.742996,17.779015,17.526596,17.562698,18.012718,17.073982,17.724983,17.761002,17.436272,17.255310,17.508537,17.797005,17.436272,17.670921,17.309639,18.030663,17.815002,17.670921,17.742996,17.363930,18.156204,17.164696,17.797005,17.526596,17.670921,17.418190,17.255310,17.724983,17.742996,17.309639,17.363930,17.670921,17.833000,17.833000,17.291534,17.164696,17.472412,17.508537,17.598785,17.255310,18.048607,17.616829,17.472412,17.291534,17.634865,17.526596,17.382019,17.580750,17.164696,17.345833,17.436272,17.598785,17.436272,17.490471,17.418190,17.742996,17.634865,17.382019,17.815002,17.508537,17.815002,17.616829,17.886955,17.363930,17.598785,17.761002,17.128418,17.779015,17.598785,17.291534,17.273430,17.797005,17.616829,17.598785,17.598785,17.454338,17.940880,17.400101,17.309639,17.976807,17.454338,17.580750,17.544655,17.670921,17.850990,17.833000,17.761002,17.472412,17.833000,17.544655,17.797005,17.670921,18.030663,17.200951,18.030663,17.363930,17.724983,17.472412,17.219078,17.724983,17.616829,17.164696,17.670921,17.526596,17.454338,17.886955,17.291534,17.652901,17.688942,17.019493,17.634865,17.291534,17.382019,17.580750,17.291534,17.868965,17.237198,16.819458,17.544655,17.490471,17.182823,17.544655,17.345833,17.706970,17.255310,17.001335,17.382019,16.855865,17.200951,17.255310,17.146553,17.055817,17.327736,17.526596,17.544655,16.892258,17.219078,17.327736,17.544655,17.345833,17.761002,16.983162,17.779015,17.400101,17.345833,17.562698,17.237198,17.363930,17.110275,17.182823,17.490471,17.652901,17.273430,17.001335,17.345833,17.219078,17.182823,17.345833,16.564171,17.237198,16.874062,17.616829,17.490471,16.983162,17.037659,17.219078,17.219078,17.255310,16.801247,17.055817,17.055817,17.508537,17.092117,16.764816,17.418190,16.783035,17.345833,17.001335,16.910439,17.182823,16.837654,17.037659,17.164696,17.019493,17.146553,16.855865,16.837654,17.400101,17.327736,16.946808,17.092117,17.219078,16.819458,16.764816,17.001335,16.964989,16.946808,16.928627,17.073982,17.092117,17.110275,16.801247,16.673668,17.418190,16.710136,16.983162,16.746590,16.837654,16.928627,16.728371,17.092117,16.600693,16.983162,16.928627,16.928627,17.037659,17.001335,16.764816,16.855865,17.019493,17.001335,16.381371,16.783035,16.491104,16.655434,16.491104,16.837654,16.582436,16.710136,16.819458,16.837654,17.200951,17.073982,16.837654,16.728371,16.874062,17.055817,16.983162,16.874062,17.019493,16.637184,16.582436,16.837654,16.399666,16.564171,16.746590,16.308144,16.509377,16.436256,16.454536,17.237198,16.691910,16.837654,16.655434,17.164696,16.983162,16.710136,16.564171,16.910439,16.783035,16.308144,16.454536,16.710136,16.618950,16.363075,16.161499,16.143143,16.326462,16.308144,16.051353,16.600693,16.344765,16.764816,16.746590,16.032974,16.509377,16.582436,16.234848,16.673668,16.216530,16.436256,15.922668,16.344765,16.216530,15.996223,16.143143,16.032974,16.179840,16.381371,16.491104,16.308144,15.738518,16.691910,15.609375,15.996223,16.014603,15.977844,15.849052,16.253181,16.436256,15.756950,16.344765,16.417961,15.849052,16.363075,16.106438,16.198189,16.143143,15.480049,16.673668,16.454536,16.014603,15.756950,16.014603,15.867470,16.509377,16.308144,15.646294,16.564171,15.922668,15.904274,16.179840,15.812218,15.922668,16.216530,16.088081,15.553970,15.572441,15.609375,16.234848,15.996223,15.922668,15.793800,14.998024,15.387550,16.032974,15.498535,15.276436,15.202286,16.124794,15.498535,15.350533,14.998024,14.923637,14.905037,15.146614,14.886414,15.294960,15.183723,15.498535,15.294960,15.720085,14.811943,14.793312,15.202286,15.553970,14.662788,15.165176,14.905037,14.886414,15.035194,15.146614,15.406059,14.625465,15.369041,15.239365,14.307571,14.625465,13.950951,14.811943,14.101280,14.700096,14.101280,14.326302,14.063721,13.611824,13.422867,13.555183,13.536285,13.366112,13.081795,12.472336,12.720398,11.531410,11.762703,10.288467,
15.072350,16.491104,16.271500,16.417961,16.710136,15.812218,16.582436,16.545914,16.417961,16.491104,16.363075,17.055817,16.088081,15.941071,16.637184,16.308144,16.472824,15.590912,16.014603,16.198189,16.637184,15.959457,16.216530,16.381371,16.928627,16.564171,16.436256,16.673668,15.996223,15.756950,16.436256,16.088081,16.527649,16.088081,16.436256,16.179840,16.344765,16.417961,16.545914,16.253181,16.216530,16.892258,16.124794,16.637184,16.637184,16.545914,16.746590,16.746590,16.618950,16.308144,16.234848,16.436256,16.436256,16.088081,16.764816,16.381371,16.600693,16.069710,16.964989,16.545914,16.069710,16.491104,16.253181,16.564171,16.545914,16.308144,16.436256,16.253181,16.764816,16.673668,16.527649,16.801247,16.582436,16.564171,16.399666,16.399666,16.964989,16.545914,17.580750,16.728371,16.363075,16.655434,16.491104,16.454536,16.399666,16.417961,16.399666,16.069710,16.491104,16.710136,16.216530,16.710136,17.073982,16.983162,16.764816,16.728371,16.837654,16.381371,16.618950,16.253181,16.728371,16.783035,16.564171,16.837654,16.964989,16.746590,17.110275,16.143143,16.454536,17.309639,16.106438,16.764816,16.326462,16.618950,16.746590,16.691910,16.655434,16.600693,16.874062,16.527649,17.019493,16.527649,17.255310,16.728371,16.983162,16.819458,17.598785,16.837654,17.182823,16.801247,17.019493,16.691910,17.255310,16.964989,17.255310,17.255310,17.019493,17.544655,17.309639,17.309639,17.146553,17.273430,17.382019,16.399666,17.454338,17.345833,17.055817,17.092117,17.309639,17.309639,17.363930,16.837654,17.182823,17.055817,17.616829,17.454338,17.327736,17.273430,17.182823,16.983162,17.904930,17.400101,17.110275,17.526596,17.833000,17.219078,17.382019,17.670921,17.724983,17.454338,17.580750,17.345833,17.345833,17.508537,17.868965,17.164696,17.472412,17.526596,17.436272,17.868965,17.724983,17.490471,17.958839,17.562698,17.219078,17.580750,17.436272,17.616829,17.652901,17.382019,17.382019,17.868965,17.994759,17.472412,17.580750,17.562698,17.742996,17.580750,17.454338,17.742996,17.255310,17.724983,17.922905,17.742996,17.940880,17.833000,17.400101,17.634865,17.382019,17.706970,17.562698,17.652901,18.299454,18.174133,17.580750,17.490471,17.940880,18.030663,17.598785,18.084496,18.030663,18.012718,18.245766,17.833000,17.904930,18.370995,18.084496,18.263664,18.442459,18.192039,17.940880,17.994759,18.192039,18.353111,17.976807,18.084496,18.066551,18.084496,18.263664,18.424599,18.066551,18.120361,18.478165,18.281563,18.012718,18.281563,18.156204,17.940880,18.192039,17.958839,18.030663,18.048607,17.976807,18.102425,17.761002,17.779015,17.670921,17.508537,17.490471,17.146553,17.724983,17.598785,17.742996,17.616829,17.562698,17.779015,17.797005,17.976807,17.976807,18.030663,17.904930,17.976807,17.797005,17.850990,17.237198,17.418190,17.291534,17.634865,17.128418,17.382019,17.092117,17.418190,17.850990,17.797005,17.598785,17.327736,17.670921,17.363930,17.382019,17.400101,17.128418,16.928627,17.742996,17.562698,17.327736,17.309639,17.526596,17.400101,17.327736,17.526596,17.472412,17.291534,17.652901,17.400101,17.073982,17.562698,17.327736,17.291534,17.562698,17.652901,17.706970,17.616829,17.562698,17.526596,17.779015,17.886955,17.580750,17.670921,17.580750,17.742996,17.652901,17.634865,17.255310,17.382019,17.670921,17.598785,17.544655,17.544655,17.255310,17.562698,17.868965,17.219078,17.670921,18.102425,17.309639,17.418190,17.490471,17.706970,17.761002,17.797005,17.164696,17.815002,17.833000,17.598785,17.436272,17.706970,17.382019,17.562698,17.562698,17.363930,17.779015,17.400101,17.436272,17.562698,17.652901,17.382019,17.797005,17.146553,17.670921,17.652901,17.055817,17.073982,17.309639,17.418190,17.382019,17.526596,17.634865,17.634865,17.886955,17.345833,17.490471,17.382019,17.363930,17.598785,17.508537,17.055817,17.508537,17.850990,17.544655,17.110275,17.544655,17.309639,17.761002,17.164696,17.616829,17.382019,17.436272,17.868965,17.219078,17.273430,17.652901,17.200951,17.779015,17.019493,17.237198,17.598785,17.616829,17.508537,17.400101,17.382019,17.562698,17.128418,17.724983,17.037659,17.508537,17.291534,17.833000,17.688942,17.940880,17.345833,17.922905,17.634865,17.616829,17.345833,17.182823,17.616829,17.382019,17.291534,17.146553,17.146553,17.237198,17.110275,17.200951,17.382019,17.073982,16.545914,17.237198,16.983162,17.182823,16.892258,17.237198,17.580750,16.946808,17.146553,17.182823,17.363930,17.055817,17.001335,16.673668,16.637184,16.983162,17.146553,17.037659,17.001335,16.928627,16.728371,17.164696,16.983162,17.200951,16.819458,16.655434,16.983162,17.110275,17.055817,17.237198,17.019493,16.746590,16.855865,17.019493,16.545914,17.073982,16.509377,16.564171,17.255310,17.400101,16.509377,16.582436,17.418190,16.892258,17.219078,17.001335,17.237198,16.673668,17.001335,17.255310,16.892258,17.073982,16.637184,17.037659,16.728371,16.801247,16.673668,16.618950,16.764816,17.073982,16.946808,16.892258,17.327736,16.545914,16.655434,17.273430,16.892258,17.055817,17.200951,17.092117,16.509377,16.691910,16.710136,16.874062,17.001335,16.819458,16.837654,17.237198,16.436256,16.637184,17.182823,16.308144,16.582436,17.037659,16.691910,16.600693,16.728371,16.892258,16.106438,16.710136,17.146553,16.783035,16.582436,16.436256,16.088081,16.417961,16.582436,16.399666,16.491104,16.637184,16.710136,16.600693,16.710136,17.019493,16.618950,16.289825,16.783035,16.618950,16.106438,16.454536,17.073982,16.472824,16.032974,15.996223,16.326462,16.491104,16.308144,16.014603,16.472824,16.253181,16.198189,16.161499,16.436256,16.069710,16.436256,15.996223,16.161499,16.764816,16.106438,16.710136,16.454536,16.764816,16.143143,16.271500,15.793800,15.996223,16.014603,16.344765,15.775375,16.399666,16.710136,16.088081,16.069710,15.756950,16.417961,16.014603,16.161499,16.014603,16.088081,15.885872,16.088081,16.417961,16.124794,16.143143,16.106438,15.720085,15.867470,15.609375,15.609375,16.253181,15.959457,15.977844,15.517014,15.257896,15.332008,16.124794,15.461563,15.941071,15.701637,16.014603,14.849190,14.998024,14.979439,15.683197,15.977844,14.867805,15.313492,15.627831,15.738518,15.276436,15.294960,15.276436,15.424561,14.681450,15.053780,15.035194,15.461563,15.369041,14.811943,14.363747,15.535500,14.979439,14.923637,14.811943,14.849190,14.588127,14.681450,14.232613,14.625465,14.232613,14.251350,14.588127,14.419891,14.232613,13.838051,14.251350,13.385033,13.479599,13.252487,13.536285,12.567825,12.414986,12.012634,11.357582,10.581207,
15.387550,16.417961,16.801247,16.344765,16.417961,16.399666,16.124794,16.289825,16.637184,16.271500,16.491104,16.069710,16.710136,16.216530,16.344765,16.417961,16.106438,16.179840,16.216530,16.326462,16.234848,16.216530,16.143143,16.216530,16.472824,15.959457,15.904274,15.977844,16.582436,16.308144,16.618950,16.363075,16.289825,16.032974,16.051353,16.691910,16.673668,16.819458,16.032974,15.996223,16.545914,16.527649,16.216530,16.417961,16.161499,16.837654,16.691910,16.764816,16.564171,16.143143,15.885872,16.491104,16.728371,16.691910,15.294960,16.381371,16.910439,16.289825,16.783035,16.399666,16.161499,16.472824,16.381371,17.128418,16.344765,16.691910,16.417961,16.344765,16.892258,16.710136,16.564171,16.710136,16.801247,16.417961,16.582436,17.128418,16.234848,16.637184,16.436256,16.436256,16.655434,16.728371,16.253181,16.728371,16.710136,16.399666,16.454536,16.161499,16.855865,16.637184,16.892258,16.051353,16.637184,16.161499,16.618950,16.271500,16.582436,16.234848,17.182823,16.710136,16.637184,16.472824,16.618950,16.837654,16.417961,16.234848,16.564171,16.746590,16.582436,16.216530,16.436256,16.161499,16.637184,16.344765,16.509377,16.673668,16.783035,16.637184,16.509377,16.910439,16.363075,17.019493,16.399666,17.055817,16.819458,16.655434,17.001335,16.801247,17.255310,16.964989,17.037659,17.037659,17.472412,17.128418,17.073982,17.164696,16.928627,16.892258,17.073982,17.001335,17.200951,16.928627,17.418190,17.237198,17.255310,17.073982,17.164696,17.092117,17.327736,17.182823,16.819458,16.892258,17.363930,17.073982,17.291534,17.128418,17.255310,17.616829,17.652901,17.291534,17.309639,17.291534,17.400101,17.073982,17.309639,17.291534,17.526596,17.761002,17.652901,17.182823,17.562698,17.670921,17.526596,17.092117,17.544655,17.291534,17.146553,17.110275,17.237198,17.327736,17.309639,17.291534,17.508537,17.200951,17.418190,17.363930,17.616829,17.598785,17.544655,17.309639,17.580750,17.182823,17.779015,17.850990,17.562698,17.779015,17.761002,17.797005,17.670921,17.742996,17.490471,17.273430,17.544655,17.706970,18.102425,17.616829,17.580750,17.976807,17.922905,17.815002,17.850990,17.526596,17.706970,17.904930,17.797005,17.526596,17.490471,18.245766,17.850990,17.761002,18.120361,18.370995,18.030663,18.066551,18.245766,18.478165,17.562698,18.048607,17.833000,18.531708,18.585213,18.084496,18.478165,17.850990,18.388855,18.299454,18.424599,18.424599,18.496017,18.281563,18.513863,17.940880,18.585213,18.048607,18.281563,18.674309,18.513863,18.245766,18.406731,18.192039,17.958839,18.281563,17.904930,18.048607,18.209953,17.616829,17.634865,17.886955,17.779015,17.544655,17.273430,17.616829,17.454338,17.616829,17.490471,17.940880,18.192039,17.742996,17.562698,17.922905,17.994759,17.580750,17.850990,17.562698,17.940880,17.580750,17.382019,17.544655,17.255310,17.291534,17.922905,17.418190,17.598785,17.544655,17.634865,17.850990,17.634865,17.363930,17.526596,17.382019,17.616829,17.490471,17.110275,18.012718,17.327736,17.291534,17.110275,17.273430,17.219078,17.616829,17.273430,17.092117,17.418190,17.001335,17.580750,17.526596,17.363930,17.255310,17.291534,17.418190,17.255310,17.019493,17.544655,17.436272,17.670921,17.616829,17.670921,17.616829,17.868965,17.508537,17.724983,17.742996,17.418190,17.219078,17.544655,17.724983,17.580750,17.706970,17.742996,17.886955,17.670921,17.454338,17.868965,17.634865,17.580750,17.904930,17.472412,17.490471,17.472412,17.562698,17.976807,17.255310,17.670921,17.454338,17.688942,17.436272,17.797005,17.833000,17.652901,17.544655,17.580750,17.994759,17.580750,17.508537,17.833000,17.580750,17.797005,17.688942,17.779015,17.904930,17.706970,17.706970,17.200951,17.309639,17.291534,17.418190,17.634865,17.291534,17.724983,17.073982,17.904930,17.363930,17.200951,17.200951,17.219078,17.454338,17.742996,17.544655,17.526596,17.255310,17.418190,17.182823,17.779015,17.472412,16.946808,17.454338,17.345833,17.634865,17.291534,17.526596,17.526596,17.382019,17.454338,17.219078,17.363930,17.454338,17.598785,17.833000,17.868965,17.562698,17.508537,17.345833,17.291534,17.562698,17.363930,17.255310,17.580750,17.562698,16.819458,17.436272,17.454338,17.418190,17.508537,18.120361,17.309639,17.255310,17.146553,17.182823,17.797005,17.400101,17.164696,17.164696,17.327736,17.273430,16.783035,17.382019,17.055817,16.819458,17.273430,16.764816,17.472412,17.219078,17.001335,17.182823,17.418190,17.055817,17.092117,16.892258,17.164696,17.382019,16.545914,16.892258,17.363930,17.309639,17.454338,17.164696,17.544655,17.110275,16.819458,17.146553,16.819458,16.964989,16.783035,17.273430,16.746590,16.892258,16.855865,17.092117,17.598785,16.874062,16.783035,17.092117,16.837654,17.182823,17.200951,16.801247,16.691910,16.691910,17.327736,16.637184,16.928627,16.545914,16.819458,17.400101,17.110275,17.073982,16.637184,17.092117,17.200951,16.637184,17.110275,17.001335,16.764816,16.946808,16.673668,16.983162,17.037659,16.983162,17.073982,16.964989,16.892258,17.237198,16.874062,16.837654,16.691910,16.691910,16.910439,16.545914,16.600693,17.037659,16.655434,16.964989,16.746590,16.618950,16.783035,16.143143,16.655434,16.764816,17.273430,16.710136,16.837654,16.801247,16.417961,16.582436,16.964989,16.509377,16.527649,16.289825,16.819458,16.746590,16.837654,16.491104,17.110275,16.308144,16.014603,16.564171,16.728371,16.710136,17.164696,16.161499,16.691910,16.051353,16.454536,16.032974,16.253181,16.801247,16.253181,16.032974,16.216530,16.289825,16.472824,16.491104,16.783035,16.417961,16.746590,16.143143,16.764816,16.472824,16.417961,16.618950,16.271500,16.363075,15.941071,16.124794,16.417961,16.216530,16.946808,15.922668,15.977844,15.812218,16.289825,15.830643,16.051353,15.904274,16.344765,16.728371,16.069710,16.746590,15.996223,15.922668,16.527649,16.381371,15.867470,16.179840,16.106438,16.381371,15.683197,16.564171,16.143143,15.959457,15.701637,15.406059,15.904274,15.590912,15.664742,15.664742,15.756950,15.756950,15.775375,15.646294,15.090919,15.239365,15.701637,15.553970,15.406059,15.720085,15.239365,15.627831,14.849190,15.443062,15.627831,15.090919,15.016617,14.700096,14.756035,15.313492,14.960838,15.387550,14.979439,15.387550,15.146614,14.793312,14.737404,14.662788,14.830566,15.165176,15.498535,14.793312,15.035194,14.998024,14.532082,14.942238,15.053780,14.569450,14.588127,14.886414,13.950951,14.644127,14.718750,13.988556,13.743858,14.867805,13.271439,13.081795,13.875710,12.758507,12.242760,11.666397,11.338249,10.503227,
15.701637,16.491104,16.179840,16.764816,16.655434,17.092117,16.381371,16.143143,16.308144,16.728371,16.253181,16.326462,16.344765,16.582436,16.618950,15.849052,16.088081,16.381371,16.655434,16.363075,16.637184,15.996223,16.399666,16.564171,16.253181,16.308144,16.545914,16.051353,16.253181,15.849052,16.746590,16.491104,16.051353,16.234848,15.885872,16.399666,16.344765,16.582436,16.326462,16.381371,16.582436,16.855865,16.088081,15.701637,16.618950,16.618950,17.182823,16.472824,16.819458,16.545914,16.326462,16.564171,16.472824,16.710136,16.216530,16.564171,15.904274,16.527649,16.417961,16.564171,16.600693,16.600693,16.436256,16.344765,16.618950,16.783035,16.472824,15.996223,16.161499,16.179840,16.764816,16.271500,16.436256,16.399666,16.344765,16.491104,16.399666,16.216530,16.819458,16.289825,17.255310,16.216530,16.746590,17.019493,16.710136,16.728371,16.436256,16.271500,16.983162,16.983162,16.783035,16.691910,16.673668,16.124794,16.892258,16.564171,16.801247,16.545914,16.801247,16.454536,16.381371,16.728371,16.564171,16.600693,16.564171,16.618950,16.746590,16.964989,16.673668,16.746590,16.600693,16.892258,16.691910,16.582436,16.564171,17.019493,16.764816,16.855865,16.928627,16.271500,16.892258,17.037659,16.454536,16.454536,17.037659,16.910439,17.001335,16.892258,17.092117,17.055817,17.580750,17.634865,16.983162,17.436272,17.345833,17.255310,17.182823,16.983162,17.436272,17.382019,17.255310,16.819458,16.964989,17.273430,17.001335,17.182823,16.910439,17.255310,17.182823,17.291534,17.273430,16.983162,17.291534,17.454338,17.237198,17.055817,17.309639,17.544655,17.164696,17.146553,17.382019,17.797005,17.815002,17.670921,16.964989,17.850990,17.472412,17.055817,17.634865,17.850990,17.634865,17.706970,17.580750,17.418190,17.886955,17.688942,17.508537,17.345833,17.994759,16.946808,17.706970,17.363930,17.092117,17.580750,17.580750,17.562698,17.580750,17.219078,17.345833,17.508537,17.724983,17.219078,17.327736,17.418190,17.598785,17.327736,17.688942,17.833000,17.580750,17.688942,17.742996,17.580750,17.363930,17.291534,17.779015,17.616829,17.761002,17.868965,17.580750,17.779015,17.652901,17.886955,17.976807,18.263664,17.761002,17.580750,18.138290,17.940880,18.353111,18.370995,18.335236,18.012718,18.138290,17.833000,18.299454,18.263664,18.174133,17.850990,18.638680,18.245766,17.670921,18.299454,18.513863,18.370995,18.120361,18.406731,18.335236,18.192039,18.496017,18.442459,18.745514,18.263664,18.209953,18.370995,18.227867,18.156204,18.227867,18.138290,18.209953,18.299454,18.066551,17.940880,18.084496,18.263664,18.048607,18.084496,18.156204,17.706970,17.688942,17.345833,17.761002,17.382019,17.580750,17.327736,18.066551,17.562698,17.580750,17.886955,18.245766,17.779015,17.886955,18.066551,18.174133,18.138290,17.761002,18.030663,17.797005,17.562698,17.688942,17.958839,17.634865,17.815002,17.904930,17.724983,17.544655,17.580750,17.544655,17.779015,17.454338,17.472412,17.526596,17.742996,17.255310,17.580750,17.454338,17.706970,17.345833,17.706970,17.309639,17.580750,17.001335,17.110275,17.291534,17.436272,17.055817,17.670921,17.472412,17.562698,18.263664,17.237198,17.508537,17.670921,17.742996,17.273430,17.815002,17.904930,17.616829,17.544655,17.922905,17.255310,17.454338,17.472412,18.209953,17.761002,17.454338,17.598785,17.652901,17.418190,17.634865,17.670921,17.634865,17.255310,17.797005,17.382019,17.652901,17.255310,17.580750,17.742996,17.598785,17.400101,17.850990,17.742996,17.724983,17.309639,17.327736,18.102425,17.634865,17.508537,17.580750,17.508537,17.616829,17.652901,17.580750,17.724983,17.436272,17.815002,17.472412,17.940880,17.526596,17.327736,18.066551,17.670921,17.418190,17.472412,17.815002,17.454338,17.580750,17.454338,17.688942,17.037659,17.454338,17.454338,17.580750,18.120361,17.508537,17.327736,17.418190,17.037659,17.418190,17.255310,17.850990,17.436272,17.182823,17.526596,17.779015,17.797005,17.706970,17.616829,17.110275,17.562698,18.012718,17.562698,17.490471,17.526596,17.976807,17.526596,17.994759,17.544655,17.291534,17.508537,17.616829,16.874062,17.327736,17.327736,17.327736,17.400101,17.182823,17.742996,17.616829,17.182823,17.363930,17.490471,17.182823,17.237198,17.309639,17.128418,17.724983,17.273430,17.200951,16.819458,17.037659,17.544655,17.544655,17.436272,17.200951,17.219078,17.055817,17.073982,16.946808,16.855865,17.562698,17.291534,17.472412,17.037659,17.291534,16.764816,16.946808,17.182823,17.327736,17.182823,17.544655,17.237198,16.910439,16.673668,17.019493,17.200951,17.055817,17.182823,16.837654,17.237198,17.508537,16.874062,16.436256,17.001335,17.146553,16.892258,16.946808,17.092117,17.616829,16.618950,17.345833,17.128418,17.019493,16.618950,16.928627,17.237198,17.219078,16.673668,17.382019,17.073982,16.837654,16.892258,17.363930,17.073982,16.710136,16.673668,17.128418,17.092117,17.182823,17.182823,17.019493,17.219078,16.946808,17.073982,17.255310,17.237198,17.037659,17.128418,16.964989,16.928627,16.618950,16.874062,16.728371,16.837654,16.946808,17.110275,16.491104,17.237198,16.910439,16.527649,16.454536,16.564171,17.019493,16.381371,16.600693,16.819458,16.874062,16.655434,16.874062,16.143143,17.110275,16.892258,16.855865,16.600693,17.182823,16.618950,17.055817,16.746590,16.946808,17.110275,16.746590,16.618950,16.472824,16.527649,16.618950,16.381371,16.910439,16.710136,16.928627,15.867470,16.673668,16.946808,16.728371,16.198189,16.910439,16.618950,16.728371,16.381371,16.326462,16.417961,16.088081,16.472824,16.399666,16.545914,16.417961,15.738518,16.436256,16.289825,16.399666,16.344765,16.308144,15.904274,16.106438,16.124794,16.344765,16.618950,16.801247,16.253181,16.234848,15.885872,16.088081,16.179840,16.509377,16.344765,16.234848,16.032974,16.289825,16.454536,16.032974,16.801247,15.977844,15.941071,16.509377,16.014603,15.849052,16.014603,15.959457,15.885872,15.922668,15.756950,15.812218,15.812218,16.106438,15.517014,15.443062,16.179840,15.959457,15.406059,16.069710,15.220818,15.756950,15.664742,15.461563,15.812218,15.332008,15.202286,15.332008,15.183723,15.294960,14.718750,15.627831,15.609375,15.350533,15.756950,15.572441,14.737404,15.090919,15.332008,15.220818,15.424561,16.088081,15.053780,15.683197,15.332008,14.886414,15.369041,15.313492,14.625465,14.793312,15.165176,14.867805,14.476006,15.053780,15.035194,15.498535,14.288834,13.875710,14.120049,14.438606,13.649567,14.101280,14.345024,13.385033,13.024826,13.422867,13.195625,12.682281,12.051033,11.858910,10.581207,
16.106438,16.014603,16.509377,16.417961,16.710136,16.216530,16.344765,16.216530,17.092117,16.234848,16.491104,16.673668,16.363075,16.124794,16.088081,16.600693,16.399666,16.234848,16.491104,16.143143,16.124794,16.216530,16.051353,16.253181,15.977844,15.977844,16.234848,16.582436,16.344765,16.106438,15.849052,16.253181,16.271500,16.308144,16.417961,16.308144,16.253181,16.326462,16.618950,16.344765,16.618950,16.527649,16.655434,16.436256,16.783035,16.509377,17.200951,16.472824,16.637184,16.545914,16.600693,16.509377,16.946808,16.637184,16.545914,16.527649,16.564171,16.746590,16.928627,16.964989,16.783035,16.983162,16.509377,16.655434,16.564171,16.381371,16.764816,16.655434,16.964989,16.472824,16.910439,16.618950,16.655434,16.253181,17.200951,16.618950,16.819458,16.655434,16.545914,16.088081,16.600693,16.417961,16.764816,16.673668,17.055817,16.783035,16.783035,16.491104,16.874062,16.289825,16.746590,16.874062,16.910439,16.289825,16.564171,16.381371,16.983162,17.019493,16.363075,16.874062,16.618950,16.381371,16.746590,16.691910,16.746590,16.253181,16.655434,16.691910,17.182823,16.892258,16.326462,16.746590,17.164696,16.855865,16.472824,16.564171,16.783035,17.019493,16.874062,16.928627,16.946808,17.128418,16.964989,16.637184,17.345833,16.964989,17.128418,17.073982,17.200951,17.363930,17.670921,16.855865,17.634865,17.092117,16.892258,17.273430,17.309639,17.200951,17.634865,17.219078,17.164696,17.110275,17.219078,17.345833,17.146553,17.670921,17.219078,17.490471,17.472412,17.110275,17.345833,17.092117,17.850990,17.073982,16.983162,17.182823,17.273430,17.418190,17.490471,17.454338,17.200951,17.164696,17.219078,17.436272,17.670921,17.598785,17.580750,18.048607,17.345833,17.976807,17.490471,17.544655,17.779015,17.400101,17.001335,17.616829,17.544655,17.652901,17.815002,17.833000,17.382019,17.327736,17.309639,17.273430,17.670921,17.273430,17.688942,17.128418,17.309639,17.815002,17.634865,17.436272,17.472412,17.544655,17.706970,17.688942,17.761002,17.634865,17.454338,17.742996,17.761002,17.815002,17.797005,17.779015,17.797005,17.688942,17.634865,17.815002,17.472412,17.580750,17.833000,18.281563,17.688942,17.940880,18.209953,18.084496,18.227867,17.779015,18.012718,18.227867,18.192039,18.263664,18.638680,17.958839,18.066551,18.156204,18.156204,18.388855,18.370995,18.656494,18.406731,18.638680,18.263664,18.120361,18.478165,18.388855,18.603035,18.406731,18.263664,18.263664,18.156204,18.620857,18.406731,18.442459,18.531708,18.012718,18.317345,18.263664,18.192039,18.245766,18.388855,18.120361,17.976807,18.066551,18.048607,17.797005,17.958839,17.598785,17.580750,17.761002,17.706970,17.742996,17.706970,17.526596,17.815002,17.634865,17.994759,17.958839,17.652901,17.309639,17.598785,17.652901,18.102425,17.958839,18.209953,17.958839,17.742996,17.255310,17.724983,17.850990,17.724983,17.904930,17.994759,17.200951,17.706970,17.580750,17.200951,17.382019,17.976807,17.418190,17.634865,17.219078,17.472412,17.309639,17.382019,18.012718,17.652901,17.850990,17.146553,17.994759,17.200951,17.255310,17.472412,17.273430,17.327736,17.742996,17.255310,17.418190,17.526596,17.797005,17.706970,17.886955,17.490471,17.508537,17.958839,17.164696,17.850990,17.001335,17.508537,17.454338,17.562698,17.073982,17.562698,17.868965,17.742996,17.688942,17.418190,17.598785,17.670921,18.048607,17.868965,17.886955,17.436272,17.490471,17.652901,17.634865,17.255310,17.616829,17.580750,17.219078,17.724983,17.526596,17.886955,17.508537,17.345833,17.868965,17.219078,17.833000,17.472412,17.815002,17.382019,17.418190,17.670921,17.815002,17.055817,17.526596,17.526596,17.454338,17.958839,17.833000,17.724983,17.598785,17.761002,17.472412,17.472412,16.983162,17.562698,17.309639,17.327736,17.418190,17.634865,17.544655,17.092117,17.472412,17.815002,16.983162,17.634865,17.616829,17.327736,17.237198,17.237198,17.508537,17.742996,17.327736,17.400101,17.490471,17.670921,17.237198,16.964989,17.544655,17.382019,17.868965,17.508537,17.291534,17.833000,17.490471,17.922905,17.922905,17.634865,17.616829,17.652901,17.073982,17.508537,17.200951,17.634865,17.652901,17.652901,17.164696,17.472412,17.037659,17.634865,17.345833,17.418190,17.092117,17.508537,17.092117,17.001335,17.472412,17.273430,17.110275,17.526596,17.309639,17.382019,17.219078,17.146553,17.400101,17.291534,17.382019,17.526596,16.691910,17.092117,17.092117,17.418190,17.092117,17.363930,16.600693,16.855865,17.273430,17.001335,17.255310,16.946808,17.273430,17.001335,16.618950,16.964989,17.055817,16.983162,17.327736,17.037659,17.019493,16.783035,16.946808,16.946808,16.983162,16.837654,17.092117,17.073982,16.983162,17.146553,17.128418,17.219078,16.673668,17.363930,17.073982,17.128418,17.001335,17.128418,17.037659,17.182823,17.400101,17.273430,16.964989,16.855865,17.182823,16.783035,16.946808,17.110275,17.037659,17.128418,17.327736,16.655434,16.928627,17.164696,17.146553,17.182823,17.092117,16.801247,17.219078,17.562698,17.092117,17.073982,16.417961,17.073982,16.874062,17.055817,16.582436,16.855865,17.073982,16.618950,16.691910,16.983162,16.253181,16.764816,16.491104,16.983162,16.491104,16.946808,16.874062,17.092117,16.728371,16.491104,16.600693,17.182823,16.436256,16.837654,17.001335,16.618950,16.819458,17.128418,16.509377,16.655434,16.417961,16.691910,16.381371,16.946808,16.618950,17.182823,16.855865,16.892258,16.710136,16.491104,17.418190,16.491104,16.509377,16.637184,16.014603,16.637184,16.946808,16.363075,16.253181,16.308144,16.179840,16.691910,16.564171,16.764816,16.308144,16.454536,16.472824,16.509377,16.106438,16.454536,15.793800,16.216530,16.088081,16.179840,16.472824,16.801247,15.812218,16.509377,16.088081,16.179840,16.051353,16.819458,16.124794,16.124794,15.609375,15.830643,15.996223,16.417961,16.124794,16.399666,16.014603,15.922668,15.922668,16.069710,15.424561,16.582436,15.517014,15.664742,15.996223,15.701637,15.109489,16.088081,15.257896,15.867470,15.183723,16.344765,15.220818,15.738518,15.202286,15.276436,15.977844,15.609375,15.183723,15.424561,15.480049,15.627831,15.609375,15.183723,15.738518,14.905037,15.664742,15.109489,14.644127,15.664742,14.998024,14.998024,15.016617,15.128059,15.387550,15.904274,14.942238,15.517014,15.220818,14.923637,15.220818,14.494698,14.942238,14.942238,15.220818,14.251350,15.683197,14.419891,14.849190,14.700096,15.035194,14.793312,14.774681,13.592949,14.811943,14.494698,13.517403,13.630692,13.385033,12.796600,12.834679,12.242760,12.663208,11.993431,10.249367,
15.406059,16.088081,16.764816,16.801247,17.055817,16.381371,16.527649,16.819458,16.198189,16.764816,15.996223,16.746590,16.801247,16.308144,16.691910,16.691910,16.600693,16.655434,16.618950,15.941071,16.417961,16.637184,16.946808,16.637184,16.399666,16.417961,16.234848,16.801247,16.527649,16.253181,16.234848,16.381371,17.001335,16.436256,16.618950,16.655434,16.417961,16.417961,16.946808,16.399666,16.124794,16.928627,16.014603,16.691910,16.234848,16.271500,16.509377,17.092117,16.454536,15.867470,16.710136,16.545914,16.436256,16.983162,16.874062,17.073982,16.837654,16.600693,16.381371,17.037659,16.564171,16.691910,16.783035,16.855865,17.345833,16.618950,16.509377,16.472824,16.673668,16.910439,16.454536,16.509377,16.637184,16.746590,16.837654,16.655434,16.655434,17.055817,17.001335,16.874062,16.783035,16.983162,17.019493,16.819458,17.146553,17.182823,17.309639,16.527649,16.509377,16.582436,15.977844,17.255310,16.819458,16.161499,16.691910,16.582436,17.128418,16.527649,16.928627,16.710136,16.783035,16.655434,17.200951,16.728371,16.527649,16.874062,17.309639,16.582436,16.801247,17.001335,16.855865,16.417961,17.164696,16.710136,17.237198,17.092117,17.092117,16.801247,17.182823,17.164696,17.073982,16.618950,16.618950,17.580750,16.983162,16.983162,17.345833,17.019493,17.544655,17.345833,17.454338,16.928627,17.291534,17.255310,17.580750,17.037659,17.508537,17.508537,17.182823,17.580750,17.724983,16.710136,16.783035,17.128418,17.237198,17.273430,17.237198,16.910439,17.345833,17.237198,17.616829,17.200951,16.928627,17.382019,17.291534,16.946808,17.797005,17.400101,17.382019,17.868965,17.436272,17.309639,17.562698,17.363930,17.309639,17.598785,17.616829,17.598785,17.526596,17.309639,17.418190,17.418190,17.706970,17.382019,17.580750,17.508537,17.382019,17.273430,17.363930,17.219078,17.255310,17.255310,17.309639,17.164696,17.580750,17.598785,17.544655,17.327736,17.634865,17.526596,17.418190,17.562698,18.120361,17.164696,17.580750,17.237198,17.562698,17.724983,17.652901,17.904930,17.958839,17.797005,17.922905,17.779015,17.670921,17.833000,17.580750,18.156204,18.012718,18.030663,18.084496,18.406731,18.245766,18.478165,18.084496,17.779015,17.742996,18.138290,18.048607,18.585213,18.156204,18.335236,18.192039,18.620857,18.317345,18.281563,18.156204,18.531708,18.603035,18.620857,19.011993,18.084496,18.353111,18.798882,18.727722,18.388855,18.370995,18.388855,18.317345,18.281563,18.478165,18.174133,18.674309,19.011993,18.478165,18.353111,18.798882,18.478165,18.656494,17.833000,18.603035,18.478165,18.174133,18.084496,18.227867,17.833000,17.634865,17.742996,18.174133,18.138290,17.994759,17.833000,18.066551,18.030663,17.940880,17.958839,17.958839,17.706970,17.958839,17.904930,18.317345,18.156204,18.084496,17.598785,17.724983,17.797005,18.030663,17.598785,17.724983,17.886955,17.598785,18.030663,17.309639,17.904930,17.724983,17.761002,17.724983,17.508537,17.761002,17.833000,17.815002,17.742996,17.833000,17.580750,17.706970,17.490471,17.237198,17.670921,17.436272,17.652901,17.128418,17.472412,17.976807,17.237198,17.345833,17.616829,17.418190,17.652901,17.761002,17.526596,17.850990,17.652901,17.526596,18.048607,17.670921,17.526596,17.742996,17.490471,18.012718,18.066551,18.156204,17.382019,17.815002,17.815002,17.904930,17.544655,17.363930,17.868965,17.940880,17.219078,17.382019,17.761002,18.066551,17.815002,17.688942,17.797005,17.490471,17.418190,17.327736,17.940880,17.616829,17.454338,17.850990,17.815002,18.317345,17.418190,17.616829,17.761002,17.761002,17.634865,18.012718,18.335236,17.670921,18.048607,17.128418,17.598785,17.508537,17.345833,17.418190,17.255310,17.779015,17.508537,17.273430,17.327736,17.219078,17.850990,17.616829,17.128418,17.706970,17.255310,17.400101,17.508537,17.761002,17.454338,17.544655,17.742996,17.688942,17.200951,18.048607,17.436272,17.922905,17.110275,17.670921,17.797005,17.400101,17.273430,17.815002,17.562698,17.850990,17.742996,17.688942,17.580750,17.363930,17.472412,17.418190,17.436272,17.454338,18.012718,17.886955,17.363930,17.616829,17.779015,17.037659,17.634865,17.761002,17.652901,17.345833,17.345833,17.815002,17.092117,17.850990,17.363930,17.436272,17.418190,17.200951,17.291534,17.436272,17.273430,17.562698,17.508537,17.508537,16.837654,17.418190,17.309639,16.946808,17.309639,17.001335,17.146553,17.255310,17.182823,17.761002,17.418190,17.182823,17.164696,17.019493,17.345833,17.472412,17.055817,16.928627,17.400101,17.526596,17.092117,17.526596,16.637184,17.779015,16.910439,17.598785,16.946808,17.073982,16.801247,17.200951,16.673668,16.928627,16.764816,17.363930,17.922905,16.801247,17.146553,16.855865,16.764816,16.728371,17.146553,17.562698,16.946808,16.783035,16.928627,17.182823,17.327736,17.237198,17.327736,16.855865,17.327736,17.110275,17.688942,16.928627,16.819458,16.946808,17.616829,17.164696,16.564171,16.874062,17.200951,16.983162,16.783035,16.892258,17.055817,17.490471,16.946808,17.110275,17.128418,17.182823,17.182823,17.055817,16.728371,17.345833,17.019493,16.837654,16.874062,17.037659,16.837654,16.837654,16.946808,16.928627,17.200951,17.092117,16.381371,17.128418,16.124794,17.742996,16.417961,17.019493,17.273430,16.472824,17.128418,17.200951,16.764816,16.874062,17.327736,17.055817,16.637184,16.673668,17.001335,16.564171,16.545914,16.910439,16.198189,16.964989,16.728371,16.289825,16.472824,16.855865,16.637184,16.655434,15.996223,16.946808,16.783035,16.728371,16.655434,16.783035,16.399666,16.728371,16.673668,16.728371,15.775375,16.344765,15.867470,16.381371,16.545914,16.271500,16.819458,17.382019,16.143143,16.545914,16.124794,15.996223,15.977844,16.472824,15.867470,16.783035,15.996223,16.527649,15.812218,16.051353,16.271500,16.253181,15.959457,16.472824,16.454536,16.509377,15.904274,16.582436,16.124794,16.032974,15.922668,16.600693,16.234848,16.143143,15.904274,16.106438,15.867470,16.344765,15.849052,15.183723,16.179840,15.498535,16.363075,15.572441,15.369041,15.849052,16.051353,15.646294,15.332008,16.032974,15.535500,15.090919,15.313492,14.886414,15.572441,15.035194,15.202286,15.257896,15.480049,14.979439,15.276436,15.553970,15.239365,15.090919,15.239365,15.035194,15.332008,15.165176,15.109489,15.146614,15.146614,15.202286,14.905037,14.923637,14.793312,14.849190,14.644127,15.443062,14.923637,15.220818,14.513397,14.793312,14.363747,14.138817,13.913338,14.176346,14.101280,14.213860,13.969765,14.213860,12.986824,12.872734,12.872734,12.758507,12.414986,11.492813,10.014458,
16.143143,16.289825,16.746590,16.363075,16.964989,17.019493,16.417961,16.399666,16.874062,16.874062,16.289825,16.308144,16.582436,16.454536,16.618950,16.564171,16.381371,17.200951,16.198189,16.637184,16.308144,16.837654,16.234848,16.983162,16.289825,16.764816,16.069710,16.417961,17.001335,16.216530,16.600693,16.509377,16.271500,16.874062,16.600693,16.764816,16.143143,16.417961,16.564171,16.564171,16.417961,16.545914,16.946808,16.837654,17.182823,16.417961,16.472824,17.382019,16.600693,16.837654,16.728371,16.600693,16.527649,16.928627,16.088081,16.837654,16.545914,16.673668,16.673668,16.637184,17.019493,16.308144,16.655434,16.783035,16.454536,16.618950,17.255310,16.637184,16.764816,16.417961,16.801247,16.363075,16.728371,16.509377,16.710136,16.491104,16.983162,16.545914,17.092117,16.545914,16.600693,16.801247,16.289825,16.874062,16.874062,16.783035,17.273430,17.164696,16.454536,16.655434,16.234848,16.582436,17.237198,16.655434,16.746590,17.382019,17.309639,16.710136,16.710136,16.837654,16.910439,16.691910,17.019493,17.092117,16.637184,17.255310,17.237198,17.019493,17.019493,16.655434,16.964989,16.964989,16.964989,17.019493,17.255310,16.746590,17.219078,16.983162,16.728371,17.200951,16.874062,17.255310,16.983162,16.928627,17.418190,17.073982,16.910439,17.110275,17.526596,17.019493,17.146553,17.037659,17.110275,17.345833,17.345833,17.146553,17.055817,16.983162,17.273430,17.580750,17.092117,17.291534,17.291534,16.946808,16.928627,17.055817,17.345833,17.327736,17.418190,17.128418,17.670921,16.964989,17.019493,17.055817,16.946808,17.291534,17.200951,17.634865,17.490471,17.309639,17.345833,17.724983,17.797005,17.382019,17.291534,17.454338,17.761002,17.490471,17.580750,17.526596,17.580750,17.363930,17.616829,17.472412,17.724983,17.001335,18.048607,17.436272,17.400101,17.382019,17.598785,17.706970,17.634865,17.562698,17.345833,17.580750,17.580750,17.815002,18.138290,17.652901,17.634865,17.490471,17.994759,17.797005,17.670921,17.508537,17.797005,18.120361,17.815002,17.922905,17.273430,17.363930,17.670921,17.598785,17.580750,17.833000,17.418190,17.580750,17.958839,17.958839,18.692123,18.120361,18.048607,18.138290,18.120361,17.958839,18.281563,18.174133,18.120361,18.120361,18.299454,18.567383,18.335236,18.478165,18.138290,18.263664,18.442459,17.994759,18.406731,18.798882,18.549545,18.727722,18.513863,18.834435,18.585213,18.335236,18.460312,18.531708,18.656494,18.335236,18.567383,18.317345,18.781090,18.335236,18.460312,18.299454,18.227867,18.066551,18.531708,18.192039,18.674309,18.424599,18.442459,18.120361,18.066551,18.066551,17.761002,18.138290,17.742996,18.335236,17.904930,18.120361,17.922905,18.174133,17.904930,18.048607,18.084496,18.496017,17.868965,18.012718,18.102425,17.904930,18.174133,18.012718,18.174133,18.066551,17.958839,17.815002,17.833000,17.850990,17.886955,17.886955,18.102425,17.850990,17.850990,17.400101,17.706970,17.886955,17.797005,17.670921,17.652901,17.454338,17.815002,17.345833,17.706970,17.706970,17.490471,17.382019,17.200951,17.182823,17.526596,17.037659,17.761002,17.219078,17.110275,17.976807,17.580750,17.490471,17.562698,17.436272,17.742996,17.958839,17.779015,17.598785,17.508537,18.012718,17.797005,17.742996,17.833000,18.012718,17.418190,17.833000,17.652901,17.327736,17.815002,17.146553,17.400101,17.742996,17.562698,17.797005,17.994759,18.048607,17.958839,17.779015,17.255310,17.490471,18.012718,17.850990,17.237198,17.886955,17.237198,18.245766,17.634865,17.670921,17.652901,17.418190,17.833000,17.850990,17.797005,17.724983,17.706970,17.688942,17.200951,17.886955,17.400101,17.363930,17.652901,17.724983,17.544655,17.742996,17.670921,17.706970,17.742996,17.490471,17.634865,17.382019,17.598785,17.418190,17.797005,17.164696,17.904930,17.508537,17.200951,17.472412,17.508537,17.652901,17.508537,17.706970,17.544655,17.616829,17.454338,17.616829,17.761002,17.200951,17.327736,17.382019,17.363930,17.580750,17.688942,17.724983,17.922905,17.382019,17.833000,17.670921,17.922905,17.472412,17.976807,17.508537,17.634865,17.670921,17.436272,17.237198,17.200951,17.454338,17.724983,17.833000,17.454338,17.363930,17.815002,17.526596,17.418190,17.580750,17.598785,17.237198,17.868965,17.418190,17.219078,17.833000,17.490471,17.363930,17.472412,17.580750,17.382019,17.146553,17.255310,17.400101,16.964989,16.910439,17.273430,17.182823,17.219078,17.182823,17.309639,17.255310,17.400101,16.618950,17.092117,17.182823,17.110275,17.182823,16.983162,16.472824,16.874062,16.637184,17.562698,16.964989,16.783035,17.237198,16.746590,17.418190,16.910439,17.055817,16.964989,16.363075,17.182823,16.855865,17.128418,17.200951,17.309639,17.146553,17.544655,16.964989,17.019493,17.182823,16.655434,16.910439,17.363930,16.928627,17.164696,17.400101,17.363930,16.600693,17.345833,17.200951,17.001335,16.928627,17.110275,17.146553,17.309639,16.892258,17.490471,16.637184,17.146553,16.855865,17.255310,17.073982,17.037659,16.655434,17.073982,17.110275,17.001335,17.146553,17.128418,16.710136,17.327736,16.946808,17.001335,16.618950,17.182823,16.764816,17.219078,16.436256,17.200951,16.527649,16.673668,17.164696,17.273430,16.801247,16.837654,16.728371,17.164696,17.200951,16.928627,16.764816,16.874062,16.946808,16.600693,16.746590,17.001335,17.237198,16.289825,16.673668,16.308144,16.746590,16.819458,16.582436,16.637184,16.564171,16.691910,16.928627,16.637184,16.783035,16.527649,16.399666,16.326462,16.491104,16.161499,17.019493,16.655434,16.143143,16.819458,16.253181,16.509377,16.655434,16.234848,16.710136,16.600693,16.436256,16.271500,16.600693,16.874062,16.417961,16.545914,16.344765,16.509377,16.253181,16.216530,16.326462,16.673668,16.673668,16.216530,16.399666,16.545914,16.344765,16.179840,16.289825,16.436256,16.545914,16.179840,16.326462,15.664742,16.161499,15.959457,16.161499,15.793800,16.289825,15.996223,16.436256,16.161499,15.977844,16.344765,16.088081,16.161499,16.143143,16.051353,15.996223,15.627831,15.812218,16.051353,15.498535,15.387550,15.830643,15.756950,16.363075,15.867470,15.535500,15.146614,15.849052,15.350533,15.294960,15.090919,15.922668,14.737404,15.424561,14.942238,15.387550,15.239365,15.053780,15.517014,14.960838,15.053780,15.239365,14.942238,15.202286,15.090919,14.998024,14.774681,15.498535,15.072350,14.905037,14.718750,14.625465,14.700096,14.886414,15.016617,14.438606,14.345024,14.157593,14.157593,14.382469,13.328255,13.725006,14.307571,13.385033,12.929794,12.891754,12.414986,12.777557,10.853645,10.288467,
15.461563,16.564171,16.691910,16.728371,16.545914,16.710136,16.545914,16.855865,17.291534,16.234848,16.673668,16.710136,16.308144,16.928627,16.892258,16.472824,16.491104,16.801247,16.527649,16.436256,17.237198,16.545914,17.092117,16.582436,16.472824,16.491104,16.436256,16.271500,16.289825,16.491104,16.363075,16.801247,16.801247,16.051353,16.509377,16.454536,16.436256,16.381371,16.326462,16.582436,17.237198,16.454536,16.253181,16.271500,17.001335,17.291534,16.855865,16.545914,16.655434,16.819458,16.801247,16.161499,16.874062,16.637184,16.764816,16.819458,16.545914,16.545914,17.037659,16.545914,16.819458,17.019493,16.399666,16.710136,16.710136,16.892258,16.545914,16.710136,16.691910,17.182823,16.271500,16.564171,16.874062,16.271500,16.710136,16.344765,16.837654,16.783035,16.874062,17.037659,17.237198,16.783035,16.783035,16.783035,17.001335,17.055817,17.273430,16.837654,16.928627,17.273430,17.255310,16.472824,16.509377,16.600693,16.946808,16.472824,17.092117,16.783035,16.655434,16.308144,16.600693,16.892258,16.436256,16.564171,16.783035,17.255310,16.746590,16.491104,16.764816,16.983162,16.892258,16.801247,17.092117,16.946808,16.801247,16.637184,16.964989,16.983162,17.019493,16.819458,17.291534,17.092117,17.182823,17.418190,17.237198,17.164696,17.436272,17.128418,17.382019,17.400101,17.200951,17.706970,17.309639,17.200951,17.436272,17.073982,17.418190,17.092117,17.436272,17.670921,17.382019,17.309639,17.092117,17.255310,17.255310,17.382019,17.418190,17.037659,17.562698,17.598785,17.345833,17.345833,17.436272,17.309639,17.815002,17.110275,17.562698,17.273430,17.345833,17.436272,17.526596,17.526596,17.652901,17.382019,17.724983,17.562698,17.526596,17.400101,17.382019,17.309639,17.652901,17.580750,17.815002,17.418190,17.976807,16.892258,17.761002,17.580750,17.418190,17.490471,17.634865,17.526596,17.940880,17.418190,17.436272,17.634865,17.940880,17.724983,17.761002,17.580750,17.418190,17.291534,17.237198,17.797005,17.634865,18.030663,17.598785,17.688942,17.526596,18.156204,17.958839,17.598785,17.833000,17.652901,17.724983,17.418190,17.886955,17.815002,17.958839,17.742996,17.724983,18.156204,18.120361,17.761002,18.192039,18.012718,18.353111,18.388855,18.174133,18.245766,18.603035,18.424599,18.335236,18.263664,18.549545,18.245766,18.406731,18.030663,18.585213,18.388855,18.887749,18.353111,18.816666,18.388855,18.709923,18.424599,18.138290,18.496017,18.120361,18.531708,18.442459,17.544655,18.442459,18.549545,18.370995,18.496017,18.227867,18.227867,18.620857,18.727722,18.281563,18.353111,18.353111,18.066551,18.442459,18.299454,18.335236,17.761002,18.084496,18.066551,18.102425,18.603035,18.084496,18.048607,17.688942,17.779015,17.868965,18.299454,18.138290,18.263664,17.436272,18.138290,18.102425,17.868965,18.317345,18.012718,18.513863,17.454338,18.245766,17.940880,17.688942,18.030663,17.886955,17.706970,17.436272,17.850990,17.797005,17.634865,17.904930,17.797005,17.922905,17.454338,17.688942,17.544655,17.815002,17.761002,18.030663,17.634865,17.598785,17.490471,17.688942,17.688942,17.616829,17.761002,17.309639,17.922905,17.779015,17.815002,17.544655,17.634865,17.742996,17.652901,17.761002,17.598785,17.418190,17.940880,17.940880,18.048607,17.634865,17.886955,17.779015,17.724983,17.868965,18.120361,17.850990,17.742996,17.616829,17.688942,18.245766,17.761002,17.886955,17.472412,18.084496,17.616829,17.237198,17.706970,17.634865,17.815002,17.815002,17.652901,17.904930,17.508537,17.886955,17.454338,17.688942,17.922905,17.345833,17.904930,18.030663,18.263664,17.994759,17.797005,17.670921,18.120361,17.994759,17.688942,17.634865,17.562698,17.797005,18.012718,18.209953,17.490471,17.526596,17.922905,17.128418,17.508537,17.868965,17.219078,17.634865,17.742996,17.958839,17.327736,17.670921,17.562698,17.850990,17.958839,17.544655,17.598785,17.634865,17.779015,17.200951,18.012718,17.327736,17.688942,17.490471,17.291534,17.815002,17.345833,17.742996,17.724983,17.345833,17.580750,17.724983,18.012718,17.616829,17.779015,17.418190,17.309639,18.192039,17.688942,17.309639,17.940880,17.327736,17.182823,17.904930,17.706970,17.886955,17.634865,17.850990,17.454338,17.562698,17.652901,17.363930,17.598785,17.724983,17.544655,17.309639,17.598785,17.562698,17.382019,17.779015,17.706970,17.019493,17.382019,17.382019,17.164696,17.001335,17.164696,17.164696,17.562698,17.436272,17.291534,17.526596,17.073982,17.092117,17.182823,17.508537,16.783035,17.345833,17.237198,17.237198,17.327736,17.128418,17.219078,17.110275,17.634865,17.327736,17.055817,17.237198,16.946808,17.327736,16.764816,17.508537,17.255310,16.783035,16.983162,17.291534,17.128418,16.983162,17.400101,17.200951,17.164696,17.164696,17.110275,16.928627,17.182823,17.273430,16.801247,16.673668,16.928627,17.219078,17.037659,17.670921,16.874062,17.454338,17.327736,17.363930,17.526596,16.892258,17.019493,17.273430,17.037659,17.164696,17.073982,16.964989,17.363930,17.309639,17.327736,17.055817,16.783035,17.073982,17.019493,16.253181,17.200951,17.001335,17.128418,17.037659,17.128418,16.964989,17.110275,17.219078,16.564171,17.128418,16.764816,16.746590,17.019493,17.219078,16.764816,16.892258,16.710136,17.001335,16.600693,17.073982,16.819458,16.910439,16.819458,16.983162,16.983162,17.237198,16.855865,16.728371,16.655434,16.710136,16.509377,16.910439,17.164696,16.746590,17.037659,16.600693,16.746590,16.417961,16.399666,16.582436,16.618950,16.746590,17.037659,16.801247,16.527649,16.069710,16.837654,16.308144,16.308144,16.564171,16.143143,16.491104,15.720085,16.964989,16.637184,16.710136,16.436256,16.582436,16.253181,16.417961,16.472824,16.728371,16.088081,16.399666,16.454536,16.874062,16.216530,15.941071,16.710136,15.977844,16.491104,16.746590,16.234848,16.637184,16.381371,16.637184,16.124794,16.964989,16.143143,16.710136,16.326462,16.014603,16.491104,16.143143,16.253181,16.582436,16.069710,16.216530,16.051353,15.793800,16.472824,16.014603,15.775375,16.032974,15.443062,16.014603,16.161499,16.216530,15.830643,15.904274,15.053780,16.216530,15.904274,15.480049,15.350533,15.535500,15.443062,16.637184,15.683197,15.590912,15.941071,15.128059,15.109489,15.202286,15.035194,15.387550,15.128059,15.202286,15.369041,15.941071,15.664742,14.942238,15.683197,14.979439,15.977844,15.424561,14.886414,15.016617,15.350533,14.345024,14.625465,14.811943,14.606796,14.569450,14.756035,14.718750,14.830566,13.762703,13.894524,14.606796,13.706154,13.649567,12.872734,12.357613,12.127769,12.376740,10.425186,
15.183723,16.946808,16.910439,16.491104,17.001335,16.308144,16.673668,16.545914,16.399666,16.564171,16.399666,16.143143,16.308144,16.564171,16.088081,16.143143,16.454536,16.308144,15.904274,17.001335,16.198189,16.655434,16.509377,16.308144,16.363075,16.472824,16.910439,15.683197,16.143143,16.289825,16.051353,16.454536,16.472824,16.363075,16.051353,16.363075,16.161499,16.106438,16.344765,16.710136,16.764816,16.564171,16.417961,16.618950,16.637184,16.436256,16.983162,16.837654,16.983162,16.746590,16.618950,16.344765,16.509377,17.128418,16.746590,16.253181,16.326462,16.746590,16.509377,16.874062,16.819458,16.801247,16.618950,16.892258,16.928627,17.037659,16.600693,16.801247,17.219078,16.710136,16.454536,16.618950,16.618950,16.381371,16.637184,16.618950,16.417961,16.819458,16.582436,16.855865,16.691910,16.910439,16.673668,17.146553,16.964989,16.964989,16.491104,17.092117,16.874062,17.128418,17.092117,16.728371,17.073982,17.001335,16.198189,17.128418,16.964989,16.983162,17.001335,16.874062,17.037659,16.691910,16.819458,16.728371,17.164696,17.309639,17.019493,16.655434,17.309639,16.600693,16.728371,16.509377,17.128418,16.928627,17.055817,16.874062,16.600693,17.327736,17.073982,16.855865,17.255310,16.363075,17.055817,17.182823,17.363930,17.363930,16.964989,16.855865,17.562698,17.182823,17.255310,17.110275,17.237198,17.400101,16.964989,17.128418,17.055817,16.983162,17.255310,17.219078,17.219078,17.073982,16.983162,17.454338,16.837654,17.652901,17.544655,17.363930,17.309639,17.110275,17.742996,17.164696,16.910439,17.418190,17.472412,17.309639,17.273430,17.182823,17.219078,17.634865,17.309639,17.508537,17.363930,17.273430,17.580750,17.652901,17.273430,17.237198,17.616829,17.490471,17.508537,17.055817,17.868965,17.670921,17.363930,17.255310,17.200951,17.309639,17.255310,17.562698,17.526596,17.454338,17.544655,17.580750,17.688942,17.616829,17.400101,17.418190,17.436272,17.670921,18.012718,17.742996,17.580750,17.598785,17.598785,17.526596,17.833000,17.363930,17.779015,17.761002,17.850990,17.670921,17.797005,17.598785,17.580750,17.598785,18.138290,18.442459,17.779015,18.012718,18.066551,18.424599,18.066551,17.886955,18.012718,18.030663,18.245766,18.317345,17.850990,17.779015,18.317345,18.084496,17.994759,18.281563,18.513863,18.209953,17.904930,18.370995,18.763306,18.549545,18.496017,18.156204,18.692123,18.656494,18.066551,18.353111,18.012718,18.478165,18.496017,18.048607,18.335236,18.030663,18.887749,17.994759,18.048607,18.281563,18.424599,18.227867,18.887749,18.460312,18.513863,18.745514,18.603035,18.353111,18.120361,18.192039,18.460312,18.227867,18.138290,18.102425,18.192039,18.424599,18.299454,18.174133,18.192039,18.513863,18.531708,17.886955,18.816666,18.102425,18.442459,18.281563,18.406731,18.478165,18.388855,18.263664,17.868965,17.815002,18.084496,17.833000,18.030663,17.886955,17.850990,17.868965,17.418190,17.616829,17.994759,17.562698,17.418190,17.526596,17.562698,17.922905,17.436272,17.850990,17.652901,17.255310,17.400101,17.562698,17.724983,17.418190,17.779015,17.742996,17.544655,17.273430,17.742996,17.724983,17.598785,17.309639,17.850990,17.580750,17.526596,17.797005,18.048607,17.670921,17.724983,17.670921,17.850990,17.706970,17.797005,17.706970,17.508537,18.066551,17.761002,17.797005,17.255310,17.652901,17.958839,17.562698,18.102425,17.652901,18.066551,18.030663,17.976807,17.958839,17.779015,17.815002,17.526596,17.797005,18.335236,17.490471,17.886955,17.761002,17.562698,17.472412,17.436272,17.291534,17.958839,18.102425,17.815002,17.976807,18.120361,17.797005,18.066551,17.958839,17.994759,17.418190,17.742996,17.886955,17.742996,17.742996,17.761002,17.868965,18.030663,17.490471,17.886955,17.382019,17.652901,17.670921,17.309639,17.255310,17.724983,17.688942,17.436272,17.994759,17.779015,17.382019,17.833000,17.652901,17.472412,17.363930,17.472412,17.562698,17.742996,17.850990,17.237198,17.833000,17.976807,17.400101,17.868965,17.598785,17.868965,17.742996,18.012718,18.048607,17.345833,17.472412,17.544655,17.670921,18.120361,17.779015,17.886955,17.616829,17.886955,17.436272,17.146553,18.012718,17.616829,17.922905,17.436272,17.598785,17.454338,17.291534,17.833000,17.237198,17.670921,17.490471,17.742996,17.958839,17.922905,17.490471,17.508537,17.327736,17.508537,17.219078,17.508537,17.418190,17.544655,17.237198,17.544655,17.128418,17.182823,17.779015,17.327736,17.092117,17.544655,17.237198,17.454338,17.073982,16.946808,17.200951,16.910439,17.688942,17.273430,17.073982,17.833000,17.508537,16.928627,17.544655,17.526596,16.545914,16.746590,17.454338,17.309639,17.001335,17.110275,17.309639,16.928627,16.874062,17.327736,17.164696,17.073982,17.327736,17.400101,16.964989,17.490471,17.255310,17.363930,16.855865,17.146553,16.874062,17.219078,17.345833,17.092117,17.255310,17.110275,17.273430,17.508537,16.892258,17.037659,17.363930,16.746590,17.182823,17.237198,17.182823,17.001335,16.783035,17.146553,16.964989,17.200951,17.382019,17.019493,17.400101,17.055817,17.472412,16.855865,16.874062,17.219078,16.874062,16.819458,16.819458,16.363075,16.983162,17.291534,16.363075,17.200951,16.764816,17.019493,17.128418,17.219078,16.673668,16.819458,16.983162,17.400101,16.946808,16.783035,16.326462,17.327736,16.527649,17.291534,16.764816,16.874062,16.819458,16.381371,16.892258,16.637184,16.874062,16.983162,17.110275,16.637184,16.253181,17.019493,15.830643,16.618950,16.892258,16.710136,16.179840,16.491104,16.454536,16.728371,17.237198,16.198189,16.728371,16.801247,16.983162,16.381371,16.618950,16.655434,16.454536,16.308144,16.161499,16.564171,16.399666,16.417961,16.564171,15.793800,16.637184,16.051353,16.417961,15.977844,16.381371,15.959457,16.564171,16.637184,16.234848,16.600693,16.051353,16.234848,15.756950,16.600693,16.216530,15.904274,15.885872,16.069710,16.198189,16.271500,16.161499,16.069710,15.959457,16.253181,16.326462,15.904274,16.014603,16.088081,16.051353,15.922668,16.381371,16.051353,15.996223,15.775375,15.664742,15.498535,15.812218,15.535500,15.941071,16.032974,16.253181,14.960838,15.146614,15.885872,15.738518,15.498535,15.830643,15.239365,15.627831,15.627831,15.146614,15.387550,15.498535,15.646294,15.369041,15.016617,15.609375,14.811943,15.590912,15.257896,15.090919,15.183723,15.350533,14.849190,14.867805,15.072350,14.793312,15.128059,14.960838,14.793312,15.090919,14.026146,14.644127,15.053780,14.905037,14.625465,13.687294,13.988556,13.214584,12.910774,12.720398,12.242760,12.319344,11.781952,10.444702,
15.793800,16.106438,16.564171,16.710136,16.655434,16.088081,16.491104,16.746590,16.874062,16.326462,16.728371,16.124794,16.271500,16.855865,16.728371,16.344765,16.363075,16.088081,16.527649,16.198189,16.655434,16.509377,16.198189,16.088081,16.837654,16.032974,16.454536,16.381371,16.928627,16.289825,16.509377,16.399666,16.344765,16.564171,16.837654,16.783035,15.941071,16.509377,16.764816,16.436256,16.491104,16.509377,16.728371,16.710136,17.055817,16.928627,16.964989,16.964989,16.964989,16.910439,16.564171,16.910439,17.363930,16.381371,16.928627,16.783035,16.637184,16.837654,16.983162,17.110275,16.728371,16.837654,16.545914,17.219078,16.710136,16.928627,16.618950,16.582436,16.892258,16.399666,16.527649,17.055817,16.655434,16.618950,17.110275,16.564171,17.128418,17.255310,17.200951,16.344765,16.564171,16.509377,16.527649,16.728371,17.128418,17.128418,16.783035,16.143143,17.019493,16.618950,16.710136,16.472824,16.381371,16.673668,16.874062,16.819458,17.490471,17.291534,16.855865,16.655434,16.964989,16.527649,16.910439,17.182823,16.417961,16.527649,16.746590,16.691910,17.110275,16.746590,16.710136,16.600693,17.110275,17.055817,16.783035,17.363930,16.964989,17.164696,16.910439,17.001335,16.764816,16.964989,16.892258,17.436272,17.255310,17.146553,17.055817,16.946808,17.073982,17.652901,17.526596,17.110275,17.382019,17.255310,17.761002,17.616829,16.801247,17.327736,17.219078,17.219078,17.255310,17.019493,17.237198,17.454338,17.200951,17.255310,17.309639,17.237198,17.291534,16.946808,17.128418,17.327736,17.273430,17.237198,17.616829,17.092117,17.200951,17.073982,17.073982,17.237198,17.019493,17.073982,17.273430,17.345833,17.382019,17.562698,17.418190,17.182823,17.616829,17.562698,17.526596,17.815002,17.418190,17.327736,17.200951,17.363930,17.400101,17.200951,17.544655,17.797005,17.562698,17.382019,17.382019,17.616829,17.616829,17.255310,17.886955,18.030663,17.580750,17.598785,17.761002,17.724983,17.598785,17.110275,17.886955,17.508537,17.562698,17.868965,18.066551,17.850990,17.634865,18.138290,17.850990,17.706970,17.670921,17.833000,18.030663,18.406731,17.363930,17.815002,18.120361,17.815002,18.174133,18.030663,18.048607,18.299454,18.263664,18.478165,18.030663,18.066551,18.263664,18.496017,18.513863,18.620857,18.620857,18.513863,17.922905,18.102425,18.513863,18.424599,18.834435,18.958771,18.603035,18.496017,18.317345,18.066551,18.335236,18.192039,18.317345,18.048607,18.620857,18.281563,18.496017,18.478165,18.066551,18.245766,18.048607,17.976807,18.012718,18.496017,18.335236,18.513863,18.496017,18.887749,18.120361,18.424599,18.174133,18.370995,18.192039,18.549545,18.030663,18.406731,18.460312,18.692123,18.227867,18.335236,18.549545,18.353111,18.227867,18.263664,17.634865,18.424599,18.209953,18.192039,18.084496,17.797005,18.245766,17.779015,18.102425,17.922905,17.598785,17.886955,18.174133,17.976807,17.327736,17.688942,17.761002,17.616829,17.436272,17.886955,17.958839,17.868965,17.850990,17.779015,18.156204,17.580750,17.652901,17.237198,17.598785,17.454338,17.616829,17.940880,17.436272,17.544655,17.598785,17.544655,17.688942,17.382019,18.102425,17.400101,17.508537,17.850990,17.886955,17.779015,17.616829,17.742996,17.904930,17.670921,17.868965,18.084496,17.742996,17.544655,17.598785,18.066551,17.688942,17.797005,17.886955,17.706970,18.174133,17.724983,18.084496,17.490471,17.976807,17.688942,17.886955,17.454338,17.958839,17.508537,17.833000,17.922905,17.526596,18.156204,17.634865,17.904930,17.634865,17.688942,17.508537,17.940880,17.742996,17.815002,17.598785,17.706970,17.815002,17.598785,17.634865,17.652901,17.797005,17.815002,17.724983,17.580750,17.868965,17.868965,17.833000,17.182823,17.706970,17.472412,17.688942,17.526596,18.012718,17.724983,17.742996,17.724983,17.833000,17.922905,17.904930,18.048607,17.110275,17.472412,17.616829,17.688942,17.418190,17.490471,17.309639,18.138290,17.634865,17.472412,17.526596,17.544655,17.382019,17.850990,17.526596,18.084496,17.833000,18.084496,17.904930,17.868965,17.868965,17.976807,17.436272,17.904930,17.580750,17.490471,17.562698,17.670921,17.580750,17.976807,17.382019,17.976807,17.994759,17.237198,17.688942,17.526596,17.886955,17.994759,17.273430,17.508537,17.616829,17.309639,17.580750,17.742996,17.508537,17.508537,17.291534,17.616829,17.363930,17.110275,17.146553,17.327736,17.616829,17.092117,17.400101,17.219078,17.706970,17.019493,17.309639,17.273430,17.508537,17.363930,17.418190,16.746590,17.273430,17.580750,17.616829,16.746590,17.291534,17.182823,17.146553,17.327736,17.327736,17.291534,16.946808,17.345833,17.200951,17.761002,17.019493,17.273430,17.073982,17.001335,17.019493,17.363930,17.544655,17.345833,17.345833,17.182823,17.309639,17.019493,17.526596,16.928627,17.110275,16.855865,17.400101,17.454338,17.291534,17.237198,17.327736,17.544655,16.964989,17.634865,16.874062,17.001335,17.291534,17.146553,17.345833,17.219078,16.928627,16.946808,16.655434,16.855865,16.637184,17.110275,17.580750,16.874062,17.110275,17.291534,17.255310,17.019493,17.019493,16.928627,17.128418,16.983162,16.983162,16.746590,17.073982,17.073982,17.146553,17.019493,17.001335,16.600693,17.146553,16.673668,16.837654,16.874062,17.219078,17.237198,16.764816,17.073982,16.600693,16.910439,16.655434,16.946808,16.946808,16.928627,16.946808,16.363075,16.454536,16.710136,16.892258,16.855865,16.491104,16.582436,16.728371,16.308144,17.019493,16.381371,16.472824,17.237198,16.837654,16.728371,16.892258,16.819458,16.472824,16.198189,16.618950,16.417961,16.637184,16.271500,16.892258,16.417961,16.983162,16.399666,16.728371,16.783035,16.637184,16.728371,16.618950,16.600693,16.472824,15.609375,16.564171,16.124794,16.710136,16.308144,16.545914,16.051353,16.436256,16.491104,16.545914,15.941071,15.793800,16.271500,16.308144,15.941071,16.564171,16.600693,16.234848,15.756950,16.179840,16.198189,15.922668,15.738518,16.417961,16.234848,15.738518,15.793800,15.867470,16.032974,16.032974,16.289825,15.646294,15.683197,15.627831,15.350533,15.350533,16.069710,15.701637,15.720085,16.051353,15.756950,15.109489,15.424561,15.053780,15.590912,15.053780,15.035194,15.035194,14.867805,15.443062,15.517014,15.313492,15.517014,14.923637,15.683197,15.202286,15.090919,15.332008,15.332008,15.053780,14.644127,15.257896,15.332008,15.609375,14.756035,14.662788,14.550774,14.886414,15.350533,14.457298,14.176346,13.913338,14.569450,14.569450,14.569450,13.706154,13.819221,12.986824,12.491440,12.853714,11.666397,12.185280,10.931343,
15.793800,16.673668,16.509377,16.509377,17.128418,16.363075,16.472824,17.110275,16.691910,16.527649,16.600693,16.179840,16.253181,16.326462,16.746590,16.527649,16.344765,16.161499,16.728371,16.582436,16.618950,16.618950,16.764816,16.399666,16.417961,15.922668,16.564171,17.073982,16.710136,16.399666,16.527649,16.344765,16.509377,16.032974,16.509377,16.381371,17.055817,16.454536,16.344765,16.308144,16.691910,16.600693,16.253181,16.600693,16.564171,16.691910,16.801247,16.289825,16.710136,16.710136,16.801247,16.545914,16.582436,16.746590,16.491104,16.509377,16.600693,17.037659,16.271500,16.946808,16.874062,16.983162,16.728371,16.436256,16.964989,17.255310,16.545914,16.783035,16.764816,16.728371,16.910439,16.783035,17.110275,16.801247,16.855865,16.964989,16.946808,16.964989,16.051353,17.019493,16.983162,17.309639,17.055817,16.710136,16.655434,16.855865,16.819458,17.164696,17.037659,17.345833,16.855865,17.092117,16.326462,16.564171,16.946808,16.855865,16.600693,16.764816,17.055817,16.271500,16.710136,17.092117,16.983162,16.801247,17.146553,17.073982,17.110275,16.491104,17.055817,17.055817,16.928627,16.983162,17.237198,17.182823,16.673668,16.710136,17.164696,17.146553,17.182823,16.801247,16.764816,17.055817,17.219078,17.110275,17.472412,17.273430,17.670921,17.291534,17.382019,17.055817,17.472412,17.001335,17.273430,17.670921,17.273430,17.237198,16.946808,17.490471,17.652901,16.983162,17.382019,17.019493,17.544655,17.219078,17.237198,17.309639,17.688942,17.164696,17.110275,17.055817,16.892258,17.562698,16.910439,16.819458,17.345833,17.508537,17.219078,17.382019,17.092117,17.400101,17.706970,17.273430,17.219078,17.309639,17.291534,17.309639,17.724983,17.019493,17.327736,17.598785,17.382019,17.508537,17.472412,17.418190,17.526596,17.634865,17.418190,17.092117,17.436272,17.363930,17.850990,16.655434,17.634865,17.779015,17.436272,17.652901,17.472412,17.616829,17.526596,17.779015,17.815002,17.418190,17.345833,17.309639,17.508537,17.598785,17.904930,17.761002,17.994759,17.850990,17.724983,17.742996,17.833000,17.833000,17.652901,18.209953,18.012718,17.922905,17.761002,17.562698,18.638680,18.370995,17.688942,18.066551,18.174133,18.353111,18.120361,18.513863,18.120361,18.174133,18.567383,18.299454,18.531708,18.353111,18.353111,18.299454,18.263664,18.102425,17.706970,18.781090,18.245766,18.156204,18.674309,18.138290,17.761002,18.317345,18.335236,18.585213,18.406731,17.976807,17.833000,18.245766,18.245766,18.263664,18.156204,18.138290,18.460312,18.084496,18.567383,18.424599,18.549545,18.192039,18.335236,18.496017,18.120361,18.102425,18.460312,18.120361,18.709923,18.353111,18.227867,18.424599,18.727722,18.209953,18.138290,18.353111,18.156204,18.638680,18.460312,17.958839,18.138290,18.227867,18.603035,17.670921,17.976807,18.030663,18.120361,18.138290,17.833000,17.922905,18.048607,17.706970,17.761002,17.634865,17.886955,18.353111,17.779015,17.688942,17.706970,17.886955,17.797005,17.526596,17.670921,17.526596,17.724983,17.616829,17.472412,17.526596,17.436272,17.219078,17.815002,17.670921,17.345833,17.580750,17.598785,17.418190,17.490471,17.164696,17.382019,17.382019,17.544655,17.490471,17.833000,17.850990,17.598785,17.797005,17.779015,17.706970,17.815002,17.400101,17.580750,17.742996,17.850990,17.724983,17.634865,17.436272,17.724983,17.886955,17.688942,17.904930,17.976807,17.616829,17.327736,17.761002,17.833000,17.797005,17.940880,17.742996,17.652901,17.940880,17.652901,17.418190,18.066551,18.012718,17.761002,17.761002,17.436272,17.833000,17.833000,17.797005,17.904930,17.797005,18.030663,17.706970,17.580750,17.976807,17.742996,17.797005,17.634865,17.850990,17.634865,17.670921,17.724983,17.940880,17.958839,17.616829,17.562698,17.940880,17.761002,17.291534,17.436272,17.850990,17.761002,17.815002,17.418190,17.598785,18.012718,17.562698,17.562698,17.797005,17.598785,17.508537,17.904930,17.490471,17.472412,17.580750,17.994759,17.309639,17.508537,17.400101,17.761002,17.490471,17.742996,18.102425,17.761002,17.544655,17.382019,17.652901,17.652901,17.815002,17.688942,17.994759,17.128418,17.886955,17.688942,18.030663,17.055817,17.490471,17.580750,17.652901,17.345833,17.363930,17.454338,17.976807,17.037659,17.706970,17.652901,17.850990,17.580750,17.219078,17.688942,17.868965,17.598785,17.904930,17.436272,17.436272,16.855865,17.255310,17.418190,17.400101,17.001335,17.363930,17.454338,16.983162,17.255310,17.001335,17.382019,17.200951,17.019493,17.291534,17.200951,17.382019,17.219078,17.110275,17.146553,17.580750,17.073982,17.779015,17.237198,17.508537,17.544655,17.164696,17.508537,17.400101,17.454338,17.019493,17.490471,17.382019,17.309639,17.309639,17.291534,17.454338,17.309639,17.219078,17.616829,17.327736,17.055817,17.327736,17.200951,17.182823,17.616829,17.273430,17.382019,17.164696,17.508537,17.092117,17.670921,17.544655,17.345833,17.055817,17.037659,17.562698,17.055817,17.363930,17.219078,17.670921,17.400101,17.219078,16.855865,16.600693,17.237198,17.580750,17.327736,17.037659,17.092117,17.544655,16.637184,17.742996,16.928627,17.037659,17.472412,16.801247,16.892258,17.001335,17.291534,17.037659,17.237198,16.964989,16.728371,17.073982,16.801247,17.019493,17.400101,17.291534,17.001335,16.855865,17.001335,16.710136,17.237198,16.892258,17.291534,16.874062,16.710136,17.146553,17.219078,16.436256,16.509377,16.728371,16.491104,16.855865,16.691910,16.874062,17.037659,17.146553,16.454536,16.491104,16.454536,16.691910,16.509377,17.055817,16.691910,16.855865,16.527649,16.545914,16.801247,16.436256,16.618950,16.874062,16.363075,16.527649,16.234848,16.710136,16.783035,16.179840,16.801247,16.088081,16.564171,16.161499,16.344765,16.326462,16.051353,16.344765,16.326462,16.344765,16.253181,16.417961,15.996223,16.417961,16.618950,15.683197,16.564171,16.143143,16.491104,16.491104,16.710136,15.830643,15.701637,16.106438,16.436256,15.849052,15.904274,15.664742,16.032974,15.775375,15.959457,16.088081,15.812218,15.867470,15.830643,16.014603,15.775375,16.509377,16.014603,16.032974,15.701637,15.350533,15.720085,15.443062,15.830643,15.220818,15.332008,15.072350,15.738518,15.072350,15.443062,15.498535,15.165176,15.480049,15.572441,15.128059,15.590912,15.313492,15.072350,15.406059,15.498535,14.998024,15.146614,15.350533,15.443062,15.053780,15.146614,14.700096,15.535500,14.700096,14.811943,14.905037,14.979439,14.195114,14.419891,14.550774,14.176346,14.363747,13.460693,13.043808,13.555183,12.644142,12.376740,11.781952,11.666397,10.425186,
16.216530,16.216530,16.289825,16.637184,16.198189,16.051353,16.308144,16.582436,16.234848,17.073982,16.946808,16.106438,16.509377,16.344765,16.837654,16.454536,16.983162,16.198189,16.344765,16.582436,16.946808,16.892258,16.381371,16.491104,16.655434,16.874062,16.673668,16.600693,16.746590,16.363075,16.946808,16.436256,17.128418,16.088081,16.582436,16.637184,16.801247,16.509377,16.637184,16.472824,16.454536,16.819458,16.289825,16.783035,16.764816,17.200951,16.783035,16.837654,16.837654,16.946808,16.801247,16.308144,16.801247,16.728371,16.892258,16.710136,16.783035,16.179840,16.819458,16.892258,16.964989,16.946808,16.819458,16.527649,16.527649,16.855865,16.545914,16.964989,17.019493,16.600693,16.946808,16.637184,17.164696,16.491104,17.092117,16.600693,16.673668,16.600693,17.382019,16.673668,17.164696,16.673668,16.946808,17.164696,17.092117,16.308144,16.764816,16.910439,17.200951,17.200951,16.746590,16.545914,16.910439,16.600693,16.928627,16.910439,16.746590,16.855865,16.728371,17.019493,17.219078,16.837654,16.655434,16.837654,16.983162,16.728371,17.291534,16.600693,17.092117,16.819458,17.219078,17.146553,17.110275,16.983162,17.255310,17.164696,17.200951,17.164696,17.418190,16.801247,16.874062,17.200951,17.219078,16.819458,17.146553,17.436272,17.490471,17.182823,17.182823,17.309639,17.273430,17.128418,17.508537,17.164696,17.400101,17.237198,17.309639,17.182823,17.200951,17.146553,17.055817,17.562698,17.237198,17.273430,17.092117,17.454338,17.436272,17.436272,17.164696,17.309639,16.928627,17.237198,17.634865,17.309639,16.946808,17.544655,17.219078,16.928627,17.345833,17.219078,17.418190,17.237198,17.436272,17.706970,17.400101,17.363930,17.291534,17.544655,17.868965,17.345833,17.904930,17.436272,17.742996,17.382019,17.761002,17.382019,17.400101,17.110275,17.616829,17.598785,17.363930,17.182823,17.291534,17.418190,17.940880,17.454338,17.652901,17.634865,17.508537,17.652901,17.128418,17.958839,17.922905,17.868965,17.850990,17.994759,17.886955,17.994759,18.012718,17.922905,17.850990,17.670921,17.994759,17.508537,17.922905,17.904930,18.030663,17.922905,18.084496,17.526596,17.833000,18.048607,18.174133,18.048607,18.317345,18.102425,17.886955,18.156204,18.227867,18.120361,18.335236,18.084496,18.317345,18.834435,18.353111,18.496017,18.370995,18.442459,18.478165,17.922905,18.245766,18.388855,18.084496,18.442459,18.442459,17.868965,18.496017,18.460312,18.281563,18.209953,18.335236,18.496017,18.192039,18.388855,18.442459,18.299454,18.406731,18.460312,18.406731,18.245766,18.816666,18.245766,18.299454,18.460312,17.886955,18.745514,18.513863,18.727722,18.263664,18.549545,18.478165,18.603035,18.335236,18.353111,18.317345,18.174133,18.388855,18.353111,18.209953,18.156204,18.816666,18.674309,18.353111,18.388855,17.958839,17.940880,17.886955,18.138290,17.904930,17.779015,17.976807,17.652901,17.797005,18.066551,17.922905,17.868965,18.478165,17.976807,17.454338,17.779015,17.904930,17.868965,17.850990,17.886955,17.327736,17.598785,17.526596,17.634865,17.940880,17.652901,17.779015,17.724983,17.652901,17.544655,17.580750,17.454338,17.472412,17.526596,17.815002,17.742996,17.219078,17.706970,17.580750,18.174133,17.544655,17.850990,17.958839,17.868965,17.562698,17.688942,17.886955,17.868965,17.562698,17.436272,17.345833,17.922905,17.562698,17.580750,17.472412,18.012718,17.833000,17.742996,17.724983,17.850990,18.192039,17.652901,17.580750,17.670921,17.797005,17.508537,18.120361,17.958839,17.958839,17.544655,17.904930,17.994759,18.084496,17.922905,17.616829,17.688942,17.634865,17.562698,17.833000,17.580750,17.850990,17.994759,17.706970,17.797005,17.742996,17.797005,17.454338,17.652901,17.508537,17.688942,17.742996,17.490471,17.688942,17.761002,17.418190,17.742996,18.120361,17.418190,17.886955,17.724983,17.886955,17.634865,17.761002,17.922905,17.544655,18.030663,17.580750,17.580750,17.562698,17.562698,17.526596,17.616829,17.634865,17.904930,17.904930,17.958839,18.084496,17.886955,17.850990,17.779015,17.976807,17.670921,18.066551,18.192039,17.976807,17.490471,18.012718,17.922905,17.815002,17.382019,16.946808,17.761002,17.706970,17.309639,17.634865,17.526596,17.490471,17.634865,17.886955,17.382019,17.382019,17.616829,17.001335,17.454338,17.562698,17.670921,18.012718,17.291534,17.363930,17.019493,17.436272,17.580750,17.436272,16.946808,17.472412,17.598785,17.508537,17.237198,17.454338,16.783035,17.616829,17.273430,17.073982,17.724983,17.182823,17.146553,17.761002,16.983162,16.874062,17.110275,17.237198,17.110275,17.363930,17.055817,17.327736,17.454338,17.327736,16.801247,17.219078,17.291534,17.382019,17.454338,16.946808,17.200951,17.418190,17.219078,17.200951,17.634865,17.309639,17.146553,17.001335,17.940880,17.490471,16.928627,17.472412,17.073982,17.454338,17.309639,17.544655,17.454338,17.454338,17.382019,17.327736,17.490471,17.291534,17.490471,17.128418,17.562698,18.066551,17.742996,17.598785,17.382019,17.472412,17.037659,17.472412,16.837654,17.670921,17.200951,17.688942,17.219078,17.382019,17.309639,16.710136,16.600693,17.092117,16.928627,16.819458,17.327736,16.964989,17.345833,17.363930,16.874062,17.490471,17.110275,17.001335,17.110275,16.837654,17.219078,17.128418,17.182823,17.037659,16.983162,16.837654,16.892258,16.472824,16.308144,16.874062,16.983162,17.508537,16.618950,17.327736,16.491104,16.801247,16.472824,16.728371,16.910439,17.037659,16.746590,16.436256,16.509377,16.874062,17.092117,17.055817,16.691910,16.564171,17.073982,16.582436,16.673668,16.764816,16.545914,16.910439,16.454536,16.892258,16.436256,17.164696,16.308144,16.582436,16.509377,16.600693,16.928627,16.545914,16.783035,16.673668,16.399666,16.673668,15.959457,16.417961,16.436256,16.582436,16.545914,16.326462,16.179840,16.326462,16.234848,16.491104,16.271500,15.885872,16.088081,16.363075,16.179840,16.673668,16.764816,16.032974,16.454536,16.271500,16.143143,16.892258,15.959457,16.472824,15.609375,15.922668,16.051353,16.088081,15.941071,16.143143,16.069710,15.922668,15.756950,16.618950,15.572441,16.179840,15.830643,15.720085,15.406059,15.350533,15.443062,16.381371,15.461563,15.369041,15.627831,16.088081,15.461563,15.646294,15.535500,15.276436,15.646294,15.294960,15.498535,14.830566,15.664742,15.202286,15.313492,15.977844,14.681450,15.461563,15.812218,15.146614,14.960838,14.979439,14.960838,14.886414,14.213860,15.406059,14.438606,14.550774,14.138817,13.988556,14.213860,13.743858,13.233543,13.214584,12.986824,13.024826,12.472336,11.144691,10.717522,
15.609375,16.344765,16.436256,16.691910,16.051353,16.964989,16.892258,16.637184,16.691910,16.564171,16.582436,16.399666,16.399666,16.417961,16.728371,16.928627,16.491104,16.746590,16.600693,16.764816,16.381371,16.417961,16.801247,16.819458,16.764816,16.983162,16.088081,16.417961,16.417961,16.472824,15.609375,16.198189,16.874062,16.106438,16.545914,16.399666,16.363075,16.253181,16.837654,17.001335,16.582436,17.092117,16.728371,16.271500,16.637184,17.219078,16.564171,16.417961,16.454536,16.910439,16.746590,16.509377,16.582436,16.855865,17.019493,16.527649,16.892258,16.436256,16.910439,16.928627,17.055817,16.892258,16.509377,17.400101,16.509377,16.801247,16.673668,16.710136,16.946808,16.618950,16.910439,17.182823,16.801247,16.545914,16.983162,16.746590,16.363075,16.655434,16.874062,16.691910,16.746590,17.055817,17.706970,16.874062,17.001335,16.910439,17.146553,16.819458,16.855865,17.345833,16.837654,16.928627,16.764816,16.964989,17.001335,17.037659,16.910439,17.598785,17.291534,17.291534,16.728371,16.710136,17.309639,17.092117,16.801247,17.092117,16.983162,16.399666,16.983162,17.092117,16.837654,16.837654,17.128418,16.710136,16.983162,17.055817,16.637184,17.092117,17.200951,16.983162,16.746590,17.019493,17.219078,16.983162,17.454338,17.454338,17.146553,17.237198,17.363930,16.964989,17.219078,17.508537,17.237198,17.562698,17.454338,17.634865,17.815002,16.964989,17.092117,16.928627,17.291534,16.910439,17.580750,17.688942,17.182823,17.436272,17.219078,17.255310,17.418190,17.255310,17.436272,17.526596,17.508537,17.400101,17.363930,17.454338,17.382019,17.400101,17.472412,17.508537,17.146553,17.073982,17.327736,17.616829,17.418190,17.345833,17.544655,17.940880,17.472412,17.761002,17.706970,17.273430,17.634865,17.761002,17.237198,17.382019,17.616829,17.073982,17.472412,17.833000,17.742996,17.382019,17.904930,17.833000,17.688942,17.706970,17.886955,17.526596,17.634865,17.940880,17.634865,17.382019,17.273430,17.670921,17.182823,17.273430,17.904930,17.779015,17.976807,17.797005,17.652901,17.634865,17.779015,17.815002,17.797005,17.706970,18.048607,17.724983,17.706970,17.940880,17.797005,17.940880,17.815002,18.174133,17.904930,18.281563,18.156204,18.048607,18.370995,17.815002,18.066551,18.174133,18.299454,18.084496,18.424599,18.585213,18.388855,18.531708,18.120361,17.940880,18.781090,18.084496,18.209953,18.245766,18.192039,18.192039,17.994759,18.513863,18.102425,18.048607,18.102425,18.531708,18.317345,18.066551,18.227867,18.353111,18.192039,18.156204,18.281563,18.102425,18.353111,18.174133,18.674309,18.816666,18.567383,18.781090,18.370995,18.727722,18.370995,18.674309,18.424599,18.281563,18.585213,18.281563,18.317345,18.638680,18.478165,18.513863,18.370995,18.388855,18.424599,18.299454,18.174133,18.531708,18.388855,18.567383,18.370995,18.245766,18.030663,18.102425,18.138290,17.580750,18.030663,18.030663,18.030663,18.156204,18.012718,17.598785,17.815002,17.327736,17.833000,17.797005,17.886955,17.652901,17.652901,17.327736,18.227867,17.779015,17.886955,17.562698,17.562698,17.886955,17.742996,17.670921,17.797005,17.815002,17.724983,17.616829,17.616829,17.815002,17.454338,17.345833,17.958839,17.436272,17.724983,17.634865,17.345833,17.598785,18.084496,17.976807,17.472412,17.779015,18.263664,17.327736,17.436272,17.327736,18.138290,17.526596,17.598785,17.616829,17.634865,18.156204,18.120361,17.797005,17.850990,17.742996,17.670921,17.688942,17.779015,17.815002,17.454338,17.833000,17.868965,17.400101,18.048607,17.182823,17.706970,17.616829,17.886955,17.706970,17.616829,17.670921,17.345833,17.580750,17.688942,18.066551,17.724983,17.724983,17.291534,17.454338,17.815002,18.048607,17.742996,18.263664,17.454338,17.779015,17.382019,17.273430,18.138290,17.508537,17.797005,17.544655,17.706970,17.688942,18.012718,17.761002,17.436272,17.580750,17.958839,17.164696,17.815002,17.850990,17.724983,17.742996,17.850990,17.526596,17.742996,17.742996,18.102425,17.815002,17.436272,17.833000,18.156204,17.616829,17.833000,17.544655,18.156204,17.724983,18.012718,17.922905,17.598785,17.634865,17.742996,17.508537,17.958839,17.436272,17.652901,17.580750,17.833000,17.526596,17.797005,17.580750,17.797005,17.616829,17.580750,17.472412,17.526596,17.291534,17.670921,17.652901,17.634865,17.940880,17.797005,17.237198,17.580750,16.964989,17.146553,17.200951,16.855865,17.219078,17.073982,17.164696,17.472412,17.327736,17.037659,16.710136,17.345833,17.055817,16.819458,17.472412,17.327736,17.037659,17.128418,16.983162,17.019493,17.382019,17.255310,17.255310,17.616829,17.110275,16.983162,17.073982,17.110275,17.128418,17.652901,16.874062,17.255310,17.472412,17.742996,17.237198,17.309639,17.400101,17.508537,17.652901,17.092117,17.363930,17.146553,17.019493,17.544655,17.436272,17.562698,17.055817,17.327736,17.200951,17.544655,17.400101,17.472412,17.508537,17.742996,17.797005,17.436272,17.073982,17.779015,17.327736,17.092117,17.055817,17.273430,17.200951,17.291534,17.418190,17.327736,17.164696,17.418190,17.598785,17.363930,17.219078,17.237198,17.309639,17.128418,16.946808,17.073982,17.001335,17.472412,17.073982,17.363930,17.055817,17.146553,16.764816,16.746590,17.200951,17.490471,17.400101,17.418190,17.037659,17.255310,16.527649,17.526596,16.673668,16.964989,16.964989,16.710136,17.237198,16.964989,16.892258,16.946808,16.545914,16.509377,16.819458,16.491104,16.892258,16.910439,16.819458,16.837654,16.855865,16.454536,17.092117,16.819458,16.928627,16.564171,16.381371,17.073982,16.928627,16.655434,16.600693,16.764816,16.326462,16.655434,16.637184,16.764816,16.253181,16.691910,17.019493,16.764816,16.454536,16.143143,16.344765,16.454536,16.014603,16.655434,17.037659,15.775375,16.363075,16.472824,16.198189,16.564171,16.691910,16.764816,16.344765,16.527649,16.271500,16.143143,16.179840,16.326462,15.885872,16.673668,16.271500,16.289825,17.110275,15.904274,15.904274,16.837654,16.509377,16.564171,15.738518,15.849052,16.088081,15.720085,15.646294,16.088081,16.198189,16.032974,16.179840,15.369041,15.977844,15.830643,16.088081,15.793800,15.480049,15.830643,15.146614,16.106438,15.146614,15.294960,15.572441,15.590912,15.220818,15.904274,14.998024,15.572441,15.498535,15.701637,15.424561,15.146614,15.812218,15.109489,15.517014,15.646294,15.072350,14.830566,15.128059,14.979439,14.419891,14.942238,14.960838,14.998024,14.681450,15.109489,14.419891,14.700096,14.550774,14.419891,13.498497,13.743858,13.517403,13.725006,12.758507,12.472336,12.281059,11.897362,10.561714,
15.959457,16.600693,16.527649,16.472824,16.472824,16.710136,16.527649,16.491104,16.454536,16.855865,16.509377,16.600693,16.491104,16.545914,16.783035,17.019493,16.564171,16.179840,17.001335,16.910439,16.545914,16.491104,16.436256,16.855865,16.289825,16.545914,17.019493,17.019493,16.509377,16.436256,16.600693,16.910439,16.892258,16.710136,16.983162,16.691910,16.124794,16.106438,16.837654,16.509377,16.855865,16.472824,17.291534,16.710136,17.110275,16.837654,16.527649,16.946808,17.164696,16.892258,16.637184,17.019493,16.710136,17.128418,16.946808,16.746590,16.855865,16.819458,17.309639,16.764816,16.417961,16.764816,16.363075,16.964989,16.618950,16.928627,16.106438,16.710136,16.764816,16.600693,16.764816,16.637184,16.728371,16.764816,16.819458,17.110275,17.164696,16.710136,17.073982,17.073982,16.946808,16.564171,17.019493,16.983162,16.910439,16.216530,16.618950,16.746590,16.892258,16.746590,16.874062,16.946808,17.073982,16.764816,16.746590,16.655434,17.092117,16.545914,17.200951,16.910439,16.801247,16.910439,16.983162,16.582436,17.019493,16.564171,16.983162,17.055817,16.454536,17.073982,17.128418,16.874062,16.910439,16.983162,16.655434,16.964989,16.783035,17.019493,17.128418,17.164696,17.055817,17.019493,17.273430,16.837654,17.562698,17.219078,17.670921,17.562698,17.164696,17.146553,17.544655,17.200951,16.964989,17.544655,17.073982,17.418190,17.688942,17.436272,17.110275,17.182823,17.400101,17.237198,17.001335,17.037659,17.255310,17.128418,17.688942,16.910439,16.983162,17.598785,16.928627,17.182823,17.182823,16.874062,17.508537,17.164696,17.382019,17.562698,17.037659,17.797005,17.706970,17.273430,17.146553,17.652901,17.508537,17.200951,17.833000,17.200951,17.634865,17.472412,17.634865,17.815002,17.724983,17.382019,17.544655,17.237198,17.454338,17.850990,17.472412,17.073982,17.544655,17.634865,17.363930,17.291534,17.634865,17.922905,17.652901,17.688942,17.742996,17.580750,17.382019,17.436272,17.706970,18.030663,17.146553,17.833000,17.904930,17.815002,17.779015,17.922905,18.102425,17.779015,18.030663,17.904930,17.850990,18.227867,17.958839,17.922905,18.174133,17.761002,17.761002,18.227867,17.797005,18.442459,18.424599,18.353111,17.526596,17.958839,17.652901,18.084496,18.442459,18.156204,18.281563,18.353111,18.335236,18.263664,18.370995,18.012718,18.370995,18.317345,18.442459,18.084496,18.012718,18.620857,18.102425,18.388855,18.317345,18.281563,18.209953,18.281563,18.852211,17.994759,17.976807,18.335236,17.797005,17.652901,18.388855,17.994759,18.174133,18.048607,18.656494,18.620857,18.442459,18.388855,18.406731,18.905502,18.549545,18.317345,18.120361,18.353111,18.692123,18.727722,18.674309,18.727722,18.549545,18.638680,18.727722,18.209953,18.513863,18.263664,18.620857,18.585213,18.353111,18.460312,17.958839,18.281563,18.084496,18.156204,18.120361,18.048607,18.174133,18.102425,18.192039,17.815002,18.120361,18.245766,17.868965,17.922905,17.724983,18.263664,17.164696,17.634865,18.066551,17.850990,18.084496,17.688942,17.237198,17.688942,17.815002,17.688942,17.526596,17.976807,17.363930,17.850990,17.454338,17.742996,17.688942,17.868965,17.922905,17.670921,17.436272,17.886955,17.472412,18.012718,17.652901,17.940880,17.886955,17.922905,17.850990,17.255310,17.940880,18.120361,17.634865,17.850990,17.616829,17.940880,17.724983,18.120361,17.797005,17.904930,17.490471,17.761002,17.922905,17.761002,17.436272,17.779015,17.904930,17.976807,18.030663,18.048607,17.958839,17.724983,17.508537,18.102425,17.904930,17.616829,17.562698,18.102425,17.850990,18.012718,17.994759,18.012718,17.922905,17.904930,17.779015,17.454338,17.472412,17.833000,17.670921,17.526596,18.084496,17.815002,17.742996,18.084496,17.688942,17.345833,17.526596,17.164696,17.994759,17.670921,17.634865,17.490471,17.436272,17.833000,17.833000,17.598785,17.255310,17.652901,17.580750,17.850990,17.400101,18.084496,17.779015,17.976807,17.291534,17.868965,17.779015,17.779015,17.850990,17.418190,17.976807,18.227867,18.066551,17.706970,17.940880,17.742996,17.670921,18.299454,18.174133,17.886955,17.652901,17.670921,17.779015,17.886955,18.156204,17.994759,17.598785,18.120361,17.146553,18.066551,17.670921,17.526596,17.454338,17.345833,17.418190,17.436272,17.508537,17.815002,17.580750,17.291534,17.562698,17.345833,17.815002,17.670921,17.418190,17.128418,17.327736,17.128418,17.400101,17.200951,17.182823,17.400101,17.616829,17.001335,17.886955,17.019493,17.761002,17.345833,17.273430,17.598785,17.418190,17.001335,16.910439,17.724983,17.598785,17.472412,17.472412,17.255310,17.219078,17.670921,17.634865,17.418190,17.526596,17.472412,17.237198,17.761002,17.273430,16.964989,17.616829,16.892258,17.128418,17.200951,17.400101,17.436272,16.746590,17.110275,16.928627,17.037659,17.019493,17.634865,17.291534,17.490471,17.164696,17.670921,17.526596,17.345833,17.382019,17.436272,17.634865,17.164696,17.850990,17.001335,17.345833,17.382019,17.291534,16.910439,17.182823,17.237198,17.779015,17.761002,17.382019,17.382019,17.490471,16.910439,17.146553,17.182823,17.562698,17.128418,16.946808,17.219078,16.928627,17.436272,17.164696,17.128418,16.783035,17.110275,17.562698,16.600693,17.454338,17.255310,16.928627,17.309639,16.892258,16.928627,17.092117,16.710136,17.164696,17.237198,17.363930,16.673668,17.037659,17.273430,16.837654,16.892258,16.271500,16.855865,16.855865,16.764816,16.691910,16.691910,16.728371,16.472824,16.637184,16.892258,17.128418,16.946808,16.874062,16.527649,16.600693,16.637184,16.545914,16.344765,16.837654,16.509377,16.527649,16.527649,16.691910,16.582436,16.637184,16.728371,16.783035,16.673668,16.600693,16.710136,16.564171,16.143143,16.454536,16.783035,16.618950,16.381371,17.164696,16.216530,16.837654,16.344765,16.527649,16.527649,16.582436,16.454536,16.582436,16.454536,16.673668,16.710136,16.746590,17.019493,16.691910,15.959457,15.922668,16.454536,16.509377,16.106438,16.710136,16.308144,16.161499,16.892258,16.014603,16.271500,16.069710,16.399666,15.885872,15.664742,15.756950,16.051353,15.922668,15.793800,15.183723,15.830643,15.775375,15.406059,15.977844,16.106438,15.590912,16.124794,15.461563,15.609375,16.417961,15.035194,16.014603,15.590912,15.849052,15.424561,16.014603,15.738518,15.775375,14.886414,14.774681,14.849190,14.960838,14.718750,15.701637,14.718750,14.588127,15.369041,14.793312,14.401184,15.220818,14.793312,14.793312,14.550774,14.718750,13.630692,14.419891,14.476006,13.592949,13.081795,13.630692,12.872734,12.967819,12.567825,11.974228,11.241524,
15.867470,16.454536,16.399666,16.837654,16.032974,16.326462,16.308144,16.472824,16.801247,16.198189,16.454536,16.491104,16.691910,16.618950,15.996223,16.618950,16.308144,16.253181,16.710136,16.655434,16.655434,16.746590,16.637184,16.691910,16.837654,16.234848,16.637184,16.746590,16.837654,15.977844,16.509377,16.710136,16.673668,16.271500,16.618950,16.088081,16.069710,15.959457,16.289825,16.234848,16.874062,16.691910,16.819458,16.143143,17.019493,16.655434,16.710136,16.600693,16.655434,16.399666,16.764816,16.289825,16.855865,16.855865,16.527649,16.032974,16.928627,16.746590,16.691910,16.308144,16.728371,16.728371,17.164696,16.874062,16.271500,16.655434,16.381371,16.801247,16.454536,16.600693,16.946808,16.819458,16.783035,17.073982,16.363075,16.673668,17.037659,16.582436,16.253181,16.837654,16.600693,16.582436,16.892258,16.874062,16.527649,16.764816,17.128418,16.710136,16.673668,16.928627,16.855865,17.037659,17.219078,16.874062,16.655434,16.819458,16.673668,16.892258,17.164696,16.436256,16.801247,17.001335,17.019493,16.673668,17.237198,17.055817,17.037659,17.291534,17.164696,17.255310,17.182823,17.001335,17.219078,16.801247,17.200951,16.874062,16.691910,16.910439,17.200951,16.983162,17.019493,16.673668,17.200951,16.964989,17.382019,17.037659,17.055817,17.255310,17.092117,17.327736,17.436272,17.598785,16.837654,17.706970,17.345833,17.237198,17.092117,17.073982,16.964989,17.219078,17.110275,17.327736,17.400101,17.092117,17.037659,17.652901,16.983162,17.092117,17.182823,16.837654,17.309639,17.200951,17.508537,17.670921,17.219078,17.001335,17.400101,17.255310,17.418190,17.128418,17.073982,17.724983,17.400101,17.219078,17.291534,17.706970,16.819458,17.418190,17.363930,17.128418,17.886955,17.472412,17.382019,17.363930,17.994759,17.418190,17.652901,17.128418,17.436272,17.779015,17.850990,17.327736,17.761002,17.255310,17.164696,17.940880,17.850990,17.436272,17.598785,17.164696,17.761002,17.616829,17.472412,17.508537,17.868965,17.526596,18.120361,17.779015,17.742996,17.580750,17.922905,17.886955,18.066551,18.084496,17.940880,17.544655,17.815002,18.120361,17.940880,17.634865,17.994759,18.012718,18.209953,18.317345,17.815002,18.066551,18.567383,17.958839,18.192039,18.102425,18.335236,18.263664,18.335236,18.012718,18.192039,17.761002,17.850990,18.084496,17.922905,18.084496,18.281563,18.424599,18.048607,18.317345,17.850990,18.048607,17.922905,18.102425,18.209953,18.156204,17.544655,17.850990,18.138290,17.940880,18.048607,18.442459,17.868965,17.652901,18.406731,18.209953,18.353111,18.353111,18.174133,18.066551,18.549545,18.370995,18.388855,18.174133,18.638680,18.478165,18.281563,18.549545,18.603035,18.406731,18.656494,18.585213,18.496017,18.745514,18.656494,18.567383,18.620857,18.763306,18.353111,18.281563,18.084496,18.263664,18.066551,18.209953,18.048607,18.030663,18.192039,17.886955,17.454338,17.526596,17.922905,17.688942,17.940880,17.652901,18.424599,17.940880,18.012718,17.670921,17.706970,18.192039,17.940880,17.544655,17.418190,18.281563,17.779015,17.345833,17.779015,17.562698,17.850990,17.598785,17.634865,17.815002,18.048607,17.472412,17.940880,17.886955,18.299454,17.922905,17.815002,18.156204,17.526596,17.976807,17.886955,17.815002,17.886955,17.940880,18.030663,17.797005,17.652901,17.580750,17.797005,17.742996,17.580750,17.724983,18.138290,17.797005,18.066551,17.976807,18.406731,17.779015,17.922905,17.922905,17.868965,17.742996,18.603035,17.634865,17.833000,17.922905,17.382019,17.922905,17.850990,17.815002,17.868965,17.598785,17.544655,17.544655,18.030663,18.138290,17.526596,17.868965,17.922905,17.797005,17.886955,18.263664,17.886955,17.418190,17.994759,17.904930,17.940880,17.868965,17.833000,17.508537,17.779015,17.724983,17.868965,17.544655,17.580750,17.688942,17.868965,17.706970,18.299454,17.454338,17.327736,17.562698,18.120361,17.904930,17.779015,17.454338,18.263664,17.706970,17.761002,17.833000,17.526596,18.299454,17.976807,18.227867,17.815002,18.012718,17.976807,18.209953,17.616829,17.868965,17.706970,18.084496,17.922905,17.454338,18.156204,18.335236,17.580750,17.382019,17.958839,17.706970,17.724983,17.779015,17.544655,17.688942,17.958839,17.742996,17.616829,18.138290,17.670921,17.850990,17.994759,17.363930,17.958839,17.742996,17.273430,17.779015,17.652901,17.526596,17.019493,17.418190,18.066551,16.855865,17.436272,17.886955,17.400101,17.219078,17.019493,17.490471,17.164696,17.454338,17.092117,17.544655,17.436272,17.544655,16.892258,17.652901,16.892258,17.706970,17.634865,17.237198,17.055817,17.255310,17.670921,17.273430,17.472412,17.418190,17.580750,17.508537,17.400101,17.400101,17.724983,17.182823,17.255310,16.983162,17.526596,17.219078,17.580750,16.710136,17.182823,17.055817,17.146553,17.598785,17.580750,17.345833,17.073982,17.706970,16.783035,17.400101,17.400101,16.983162,17.345833,17.400101,17.237198,17.182823,17.110275,17.037659,17.562698,16.655434,16.928627,17.580750,16.983162,17.200951,17.634865,17.454338,17.345833,17.400101,17.436272,17.200951,17.110275,17.182823,17.327736,17.001335,17.200951,17.490471,17.508537,16.983162,16.855865,16.710136,16.983162,16.983162,17.110275,17.200951,17.273430,16.928627,17.309639,16.837654,16.637184,16.673668,17.363930,16.946808,16.946808,17.037659,17.255310,16.874062,16.783035,16.417961,17.110275,16.983162,16.691910,16.946808,16.819458,16.618950,16.691910,16.618950,16.746590,16.491104,16.855865,16.855865,16.545914,16.964989,17.001335,16.764816,16.928627,16.637184,17.037659,16.728371,17.273430,16.728371,16.472824,16.545914,16.691910,16.655434,16.928627,16.673668,16.271500,16.637184,16.691910,16.746590,16.582436,16.472824,16.381371,16.198189,16.289825,16.545914,16.710136,16.509377,16.344765,16.032974,16.618950,16.051353,16.564171,16.253181,16.124794,16.600693,16.618950,16.509377,16.746590,16.088081,16.088081,15.922668,16.088081,16.600693,16.161499,16.069710,16.472824,15.830643,16.253181,16.381371,15.922668,15.922668,15.683197,16.436256,15.941071,16.124794,16.198189,15.959457,16.014603,15.646294,15.996223,15.517014,16.363075,15.756950,16.161499,15.775375,15.590912,15.959457,15.646294,15.035194,15.738518,15.053780,15.443062,15.701637,15.517014,14.905037,15.830643,15.276436,15.535500,15.443062,15.996223,15.350533,15.146614,15.443062,15.406059,15.480049,15.535500,15.053780,14.905037,15.128059,14.867805,14.718750,14.644127,14.606796,14.513397,14.401184,14.476006,13.574066,13.913338,13.252487,13.233543,12.853714,12.796600,12.089409,11.974228,10.736977,
15.830643,16.124794,16.618950,17.001335,16.618950,16.472824,16.051353,16.363075,16.637184,16.582436,16.855865,16.234848,16.983162,16.381371,16.289825,16.710136,16.454536,16.124794,16.289825,16.655434,16.527649,16.819458,16.691910,16.746590,16.673668,15.849052,16.527649,16.564171,16.801247,16.399666,16.289825,16.783035,16.728371,16.454536,16.363075,16.509377,16.527649,16.454536,16.363075,16.363075,16.746590,16.363075,16.710136,16.271500,16.564171,17.055817,16.582436,16.691910,16.801247,16.746590,17.110275,16.198189,16.910439,16.161499,16.983162,16.527649,17.219078,16.491104,16.892258,17.110275,17.001335,16.746590,15.849052,16.454536,16.855865,16.326462,16.910439,17.001335,17.055817,16.454536,16.910439,16.124794,16.728371,16.837654,16.582436,16.910439,16.928627,16.819458,16.509377,16.746590,17.182823,16.728371,16.618950,16.855865,16.855865,16.472824,16.764816,16.964989,16.855865,17.200951,16.710136,16.673668,17.073982,17.001335,16.746590,17.037659,17.255310,16.582436,16.764816,16.618950,16.746590,16.655434,16.910439,16.946808,17.291534,16.928627,16.819458,17.073982,17.019493,16.819458,16.837654,16.801247,17.001335,16.746590,16.655434,17.219078,17.001335,16.983162,17.544655,17.110275,17.436272,17.562698,16.910439,16.728371,17.634865,17.073982,16.874062,17.110275,17.001335,17.508537,16.855865,17.164696,17.309639,17.309639,17.255310,17.182823,17.327736,17.073982,17.219078,17.363930,17.273430,17.400101,17.001335,17.146553,17.146553,17.508537,17.309639,17.055817,17.146553,17.092117,17.544655,17.490471,17.309639,17.382019,17.037659,17.200951,17.273430,17.490471,17.309639,17.200951,17.273430,17.418190,17.327736,16.928627,17.073982,17.418190,17.508537,17.508537,17.833000,17.073982,17.652901,17.652901,17.255310,17.652901,17.454338,17.634865,17.652901,17.508537,17.598785,17.219078,18.084496,17.562698,17.327736,17.309639,17.472412,17.580750,17.164696,17.526596,17.490471,17.526596,17.237198,17.128418,17.508537,17.742996,17.940880,17.670921,17.850990,17.670921,17.868965,17.922905,18.138290,17.544655,17.363930,17.994759,18.084496,18.030663,17.526596,17.670921,17.670921,18.030663,17.815002,18.209953,18.281563,18.048607,18.138290,17.868965,17.940880,18.120361,18.567383,18.353111,18.174133,18.084496,18.156204,17.706970,17.868965,17.761002,18.048607,17.724983,18.102425,17.886955,18.388855,18.012718,17.833000,17.779015,18.209953,17.940880,18.084496,18.442459,17.940880,17.958839,18.209953,18.209953,18.012718,18.656494,18.120361,17.994759,17.652901,18.030663,18.263664,18.138290,18.442459,18.066551,18.513863,18.102425,18.406731,18.317345,18.317345,18.317345,18.585213,18.460312,18.603035,18.263664,18.709923,18.513863,18.406731,18.674309,18.709923,18.674309,18.816666,18.674309,18.496017,18.531708,18.048607,17.868965,18.192039,18.245766,17.994759,17.994759,18.066551,18.174133,17.724983,17.797005,17.779015,18.138290,17.868965,17.580750,18.084496,17.797005,17.761002,17.742996,17.508537,17.526596,17.904930,17.922905,17.815002,17.761002,17.454338,17.616829,17.797005,17.382019,17.616829,17.797005,17.400101,17.670921,17.436272,17.688942,17.508537,17.688942,17.815002,17.688942,17.724983,17.976807,17.544655,17.508537,17.562698,17.634865,18.012718,17.580750,17.400101,18.138290,17.833000,17.472412,17.706970,17.976807,17.688942,17.922905,17.958839,17.761002,17.670921,17.634865,17.544655,17.850990,17.688942,18.138290,17.958839,17.418190,17.454338,17.742996,17.598785,17.815002,17.706970,17.418190,18.030663,17.886955,17.940880,17.761002,18.066551,17.580750,17.670921,17.797005,17.797005,17.544655,18.012718,17.797005,18.227867,17.815002,17.868965,17.544655,17.958839,17.706970,17.652901,17.688942,17.958839,17.616829,17.526596,17.363930,17.670921,17.976807,17.742996,17.634865,17.652901,17.779015,17.940880,17.761002,17.670921,17.164696,17.544655,17.850990,17.544655,18.120361,17.706970,18.102425,17.436272,17.797005,17.850990,17.580750,17.652901,17.616829,18.012718,18.012718,17.761002,17.598785,17.958839,17.670921,17.868965,17.994759,17.580750,17.976807,17.688942,18.174133,17.940880,17.922905,17.868965,17.724983,17.562698,17.652901,17.976807,17.670921,17.580750,17.400101,17.291534,17.526596,17.652901,17.724983,17.273430,17.742996,17.382019,17.670921,18.102425,17.761002,17.922905,17.544655,17.472412,17.291534,17.634865,17.472412,16.910439,17.110275,17.182823,17.526596,17.255310,17.580750,17.761002,17.219078,17.164696,17.182823,17.146553,17.345833,16.855865,17.418190,17.092117,17.670921,17.724983,17.273430,17.363930,17.598785,17.219078,17.544655,17.544655,17.327736,17.562698,17.724983,17.418190,17.327736,17.327736,17.526596,17.327736,17.436272,17.128418,17.128418,17.255310,17.237198,17.652901,17.073982,17.652901,17.508537,17.237198,17.073982,17.526596,17.652901,17.182823,17.436272,17.544655,17.327736,17.345833,17.309639,17.544655,16.928627,17.073982,16.983162,17.706970,16.910439,17.219078,17.544655,17.508537,17.327736,17.526596,17.418190,16.964989,17.526596,17.001335,17.237198,17.526596,17.382019,17.037659,17.182823,17.110275,17.073982,17.345833,17.400101,17.309639,17.182823,16.691910,17.363930,17.327736,17.146553,17.382019,17.037659,17.110275,17.128418,17.382019,16.964989,16.837654,17.092117,16.964989,16.783035,16.819458,16.983162,17.001335,16.399666,16.783035,16.582436,16.710136,17.037659,16.837654,16.655434,16.472824,16.691910,17.037659,16.344765,17.019493,17.001335,16.234848,16.710136,16.326462,16.491104,16.728371,16.417961,16.691910,16.253181,17.219078,16.564171,17.110275,16.946808,16.308144,16.399666,17.001335,16.637184,16.032974,17.219078,16.618950,16.746590,17.508537,17.110275,16.600693,16.454536,16.582436,16.289825,16.746590,16.271500,16.253181,16.582436,16.910439,16.637184,16.527649,16.946808,16.271500,15.720085,17.073982,17.001335,15.904274,16.344765,16.143143,16.124794,16.436256,16.819458,16.564171,16.837654,15.683197,16.069710,16.363075,16.216530,16.344765,16.454536,16.326462,16.234848,16.417961,16.326462,16.289825,16.271500,15.959457,15.738518,15.720085,15.756950,15.609375,15.480049,15.812218,15.701637,15.572441,15.849052,15.849052,15.941071,15.294960,15.830643,15.609375,15.146614,16.051353,15.867470,15.830643,15.793800,15.627831,15.572441,15.480049,15.683197,15.276436,15.498535,14.979439,15.053780,15.443062,14.532082,15.535500,15.128059,15.294960,14.438606,14.998024,14.307571,15.035194,14.979439,14.232613,13.819221,14.120049,13.932144,14.307571,13.271439,13.214584,12.548721,12.204445,12.453224,11.897362,10.814766,
15.498535,16.051353,16.618950,16.637184,16.216530,16.308144,15.996223,16.564171,16.691910,16.308144,16.472824,16.655434,16.637184,15.812218,16.271500,16.051353,16.417961,16.928627,16.819458,15.904274,16.710136,16.582436,16.582436,16.637184,16.032974,16.106438,16.746590,16.436256,16.161499,16.637184,16.363075,16.819458,16.582436,16.509377,16.618950,16.472824,16.436256,16.234848,16.746590,16.289825,16.436256,16.582436,16.582436,16.363075,16.783035,16.783035,16.618950,16.655434,16.783035,16.618950,16.381371,16.819458,16.582436,16.928627,16.673668,16.582436,16.051353,16.892258,16.983162,16.691910,16.600693,17.001335,16.399666,16.600693,16.582436,16.673668,16.491104,17.073982,16.436256,16.618950,16.928627,17.037659,16.874062,16.417961,16.746590,16.655434,16.618950,16.509377,16.637184,16.710136,17.454338,16.564171,17.164696,16.491104,16.928627,16.454536,17.092117,16.728371,16.728371,17.146553,16.783035,17.037659,16.874062,16.564171,16.819458,16.837654,17.200951,16.892258,17.055817,16.637184,17.219078,17.037659,17.128418,17.526596,16.892258,16.417961,17.001335,16.783035,17.255310,16.746590,17.164696,16.545914,17.128418,16.837654,16.764816,16.417961,16.837654,17.544655,16.874062,17.128418,16.855865,17.418190,17.092117,16.964989,17.019493,17.037659,16.655434,17.273430,17.037659,17.327736,17.200951,17.019493,17.724983,17.436272,17.073982,17.200951,17.634865,17.001335,16.618950,17.436272,17.164696,17.382019,17.508537,17.237198,17.273430,16.783035,17.490471,17.219078,17.400101,17.055817,17.291534,17.255310,17.544655,16.582436,17.400101,17.724983,17.291534,17.472412,17.164696,17.616829,17.345833,17.363930,17.164696,17.400101,17.345833,17.634865,17.345833,17.255310,17.544655,17.291534,17.761002,17.200951,17.616829,17.436272,17.652901,17.850990,17.182823,17.345833,17.724983,17.562698,17.345833,17.850990,17.273430,17.562698,17.598785,17.291534,17.562698,17.273430,17.598785,17.454338,17.418190,17.400101,17.779015,18.048607,17.761002,17.886955,17.508537,17.742996,17.833000,17.886955,17.833000,17.508537,18.227867,17.815002,17.958839,18.066551,18.066551,18.102425,17.688942,18.174133,17.418190,17.940880,18.120361,18.066551,17.940880,18.102425,18.406731,17.562698,18.012718,17.886955,17.922905,18.156204,18.012718,17.940880,17.616829,18.012718,17.742996,17.688942,17.922905,18.460312,17.904930,17.652901,17.652901,17.976807,18.281563,17.850990,17.922905,17.976807,17.958839,17.797005,18.138290,17.904930,18.227867,17.797005,17.833000,18.084496,18.102425,17.779015,17.994759,18.102425,18.638680,18.353111,18.781090,17.797005,18.066551,18.317345,18.531708,18.227867,18.513863,18.620857,18.388855,18.245766,18.549545,18.478165,18.709923,18.496017,19.100624,18.620857,18.567383,18.496017,18.567383,18.388855,18.603035,18.531708,18.317345,18.585213,18.370995,18.442459,17.797005,18.209953,17.670921,17.670921,17.850990,17.850990,18.281563,18.102425,17.598785,17.634865,17.724983,17.922905,17.886955,17.200951,17.904930,17.146553,17.904930,17.454338,17.616829,17.616829,17.688942,17.815002,17.562698,17.815002,17.958839,17.580750,17.454338,17.598785,18.030663,17.345833,17.833000,17.958839,17.508537,17.562698,17.797005,18.066551,18.030663,17.940880,17.616829,17.688942,17.652901,17.904930,17.706970,17.670921,17.797005,17.634865,17.833000,18.245766,18.245766,17.940880,17.779015,17.868965,17.562698,18.048607,18.192039,17.886955,17.616829,17.868965,17.309639,17.797005,18.156204,17.994759,17.922905,17.904930,17.815002,17.400101,17.418190,17.797005,17.761002,17.634865,17.562698,17.815002,17.797005,17.418190,17.868965,17.508537,17.976807,17.526596,17.562698,18.156204,17.958839,18.012718,17.418190,17.761002,17.670921,17.797005,17.922905,17.886955,17.706970,17.562698,17.273430,17.454338,17.634865,17.779015,17.490471,17.634865,17.976807,17.779015,17.688942,17.472412,17.652901,17.868965,18.030663,17.833000,17.580750,17.742996,18.084496,17.164696,18.012718,17.886955,17.761002,17.904930,17.994759,17.922905,18.156204,17.904930,18.066551,17.850990,18.084496,17.994759,18.245766,18.478165,17.508537,17.706970,17.850990,17.797005,18.066551,17.958839,17.616829,17.400101,17.309639,17.742996,17.904930,17.598785,17.652901,17.940880,17.833000,17.976807,17.634865,17.363930,17.544655,17.761002,17.634865,17.418190,17.454338,17.544655,17.688942,17.670921,17.110275,17.037659,17.255310,17.146553,17.454338,17.706970,17.073982,17.652901,17.670921,17.454338,17.291534,17.508537,17.544655,17.219078,17.454338,17.508537,17.073982,17.706970,17.616829,17.182823,17.219078,17.742996,17.598785,17.182823,17.634865,17.363930,17.742996,17.562698,18.012718,16.928627,17.580750,17.454338,17.436272,17.164696,17.742996,16.910439,17.327736,17.724983,17.146553,17.634865,17.055817,17.706970,17.273430,17.037659,17.291534,17.291534,17.472412,17.255310,17.237198,17.110275,17.688942,17.237198,17.616829,17.400101,17.327736,17.580750,17.454338,17.706970,17.833000,17.200951,17.309639,17.200951,17.128418,17.146553,17.345833,17.652901,17.508537,16.910439,17.073982,17.092117,17.273430,17.200951,17.055817,17.436272,17.345833,17.363930,17.291534,17.309639,16.928627,16.928627,17.345833,17.418190,16.764816,17.327736,16.728371,16.837654,17.164696,17.850990,17.508537,16.600693,17.219078,17.073982,16.746590,16.983162,16.910439,16.819458,17.110275,17.110275,17.037659,16.637184,16.509377,17.092117,16.964989,16.618950,16.673668,17.200951,17.237198,16.637184,16.837654,16.983162,17.309639,16.289825,17.146553,16.874062,16.819458,16.344765,16.637184,16.436256,16.198189,16.326462,16.874062,16.399666,16.655434,16.673668,16.819458,16.764816,17.128418,16.308144,16.710136,17.164696,17.092117,16.326462,16.344765,16.289825,16.417961,16.655434,16.582436,16.436256,16.436256,16.691910,16.381371,16.454536,16.564171,16.582436,16.381371,16.600693,16.582436,16.874062,15.867470,16.381371,15.904274,16.271500,16.032974,16.179840,16.618950,15.849052,16.363075,16.088081,15.738518,16.308144,15.977844,15.165176,15.941071,15.996223,16.069710,16.344765,15.646294,15.517014,15.646294,15.443062,15.738518,16.417961,15.294960,15.867470,15.996223,15.683197,15.885872,15.035194,15.701637,15.369041,15.387550,15.849052,15.720085,15.646294,15.406059,15.572441,15.406059,14.998024,15.294960,14.588127,15.498535,15.053780,15.627831,14.811943,15.959457,14.886414,14.923637,14.625465,14.849190,15.072350,14.625465,14.588127,14.867805,14.457298,14.457298,14.382469,13.649567,13.762703,13.517403,13.460693,12.510529,12.300209,11.318916,10.464218,
15.904274,16.234848,16.381371,16.746590,16.271500,16.271500,16.143143,16.417961,16.326462,17.200951,16.381371,17.092117,16.069710,16.801247,17.291534,16.728371,16.417961,17.092117,16.801247,16.691910,16.582436,16.564171,16.783035,16.454536,15.867470,16.198189,17.055817,16.545914,16.179840,16.344765,16.527649,16.837654,16.454536,16.436256,16.436256,17.019493,16.472824,16.783035,16.655434,16.564171,16.253181,16.746590,16.509377,17.110275,16.326462,16.964989,16.746590,16.545914,16.673668,16.892258,16.728371,16.819458,16.892258,16.764816,17.146553,16.618950,16.417961,16.710136,16.691910,17.146553,16.454536,16.874062,16.618950,16.983162,16.801247,16.783035,16.746590,16.855865,17.182823,16.527649,16.728371,16.673668,16.983162,16.454536,16.527649,16.801247,17.309639,16.618950,17.001335,16.910439,16.746590,16.381371,16.691910,16.618950,16.764816,16.892258,16.673668,16.344765,16.710136,17.382019,16.964989,16.509377,17.037659,17.037659,16.983162,16.801247,17.128418,16.673668,17.128418,16.381371,17.110275,16.564171,17.237198,16.783035,16.801247,17.001335,16.928627,16.673668,17.019493,17.055817,17.037659,17.363930,17.345833,16.910439,17.055817,17.001335,17.400101,16.855865,17.237198,17.255310,17.382019,16.892258,16.892258,17.291534,17.019493,16.855865,17.182823,17.164696,17.273430,17.219078,17.797005,16.928627,17.400101,17.490471,17.363930,17.472412,17.634865,16.946808,16.837654,17.544655,17.363930,17.182823,17.019493,17.146553,17.363930,17.345833,17.110275,17.164696,17.345833,17.454338,16.746590,17.363930,17.146553,17.490471,17.436272,16.946808,17.454338,17.128418,17.779015,17.327736,17.436272,17.454338,17.526596,17.436272,17.724983,17.001335,17.128418,17.182823,17.616829,17.128418,17.418190,17.652901,17.345833,17.797005,17.580750,17.237198,17.598785,17.580750,17.472412,17.761002,17.345833,17.363930,17.815002,17.255310,17.454338,17.815002,17.508537,17.454338,17.327736,17.400101,17.454338,17.616829,17.670921,17.616829,17.868965,17.634865,17.472412,17.815002,17.797005,17.706970,17.940880,17.544655,18.120361,18.174133,18.138290,17.580750,18.335236,18.120361,17.868965,17.797005,17.616829,17.797005,17.940880,17.779015,18.120361,18.048607,17.797005,17.850990,17.922905,17.850990,18.281563,18.120361,18.192039,18.388855,18.066551,18.209953,18.084496,17.904930,18.138290,17.886955,18.138290,17.688942,17.634865,17.976807,17.922905,17.652901,18.012718,18.048607,17.580750,17.922905,18.012718,17.958839,17.706970,18.102425,17.958839,18.012718,18.084496,17.886955,18.066551,18.084496,18.048607,18.406731,18.102425,18.209953,18.174133,17.940880,18.406731,18.263664,18.603035,18.531708,18.531708,18.299454,18.958771,18.638680,18.496017,18.460312,18.531708,18.781090,18.727722,18.120361,18.424599,18.102425,18.424599,18.174133,18.174133,18.263664,18.513863,17.958839,17.833000,17.922905,17.922905,17.886955,17.544655,18.156204,18.174133,17.526596,17.382019,17.815002,17.634865,17.706970,17.761002,18.353111,17.779015,17.652901,17.400101,17.237198,17.652901,17.688942,18.012718,17.688942,17.706970,17.688942,17.742996,17.454338,17.761002,17.688942,17.418190,17.598785,17.994759,17.580750,17.797005,17.580750,17.200951,17.797005,17.616829,18.227867,18.084496,17.526596,17.904930,17.706970,17.562698,17.779015,17.598785,17.904930,17.779015,18.012718,17.742996,17.454338,18.102425,17.724983,17.797005,17.472412,17.994759,17.688942,17.128418,17.400101,18.102425,17.994759,18.156204,17.742996,17.724983,17.886955,17.634865,17.670921,17.868965,17.616829,18.120361,18.012718,17.815002,17.761002,17.309639,17.850990,17.797005,17.742996,17.779015,17.544655,17.706970,17.742996,18.102425,17.815002,17.418190,17.815002,17.850990,17.580750,17.958839,17.634865,17.237198,17.237198,17.797005,17.940880,17.562698,17.490471,17.436272,17.688942,17.562698,17.779015,17.940880,17.634865,17.724983,17.833000,17.904930,17.761002,17.815002,17.706970,17.779015,17.688942,17.724983,17.904930,17.922905,17.779015,18.102425,17.490471,17.994759,17.850990,17.886955,17.815002,17.742996,17.490471,17.652901,17.797005,18.156204,17.922905,17.815002,17.797005,17.634865,17.544655,17.833000,17.200951,17.886955,17.833000,17.904930,17.327736,17.833000,17.779015,17.688942,17.309639,17.562698,17.526596,17.761002,17.652901,17.382019,17.779015,17.146553,17.418190,17.400101,17.652901,17.580750,17.418190,17.490471,17.255310,17.237198,17.544655,17.273430,17.237198,17.526596,17.562698,17.327736,17.454338,17.688942,17.200951,17.273430,17.382019,17.182823,17.526596,17.652901,17.706970,17.055817,17.652901,17.544655,17.652901,17.580750,17.454338,17.255310,17.436272,17.164696,17.327736,17.670921,17.742996,17.472412,17.182823,17.436272,17.255310,17.761002,17.472412,17.526596,17.688942,18.120361,17.454338,17.128418,17.652901,17.598785,17.652901,17.634865,17.688942,17.472412,17.073982,17.309639,17.544655,17.400101,17.634865,17.526596,17.327736,17.400101,17.219078,17.634865,17.400101,17.345833,17.237198,17.219078,16.983162,17.544655,17.490471,17.418190,17.327736,16.874062,17.634865,17.219078,17.309639,17.019493,17.382019,17.363930,17.219078,17.363930,16.910439,17.110275,16.728371,16.892258,17.037659,17.092117,16.874062,16.764816,17.598785,17.092117,16.874062,17.164696,17.146553,16.710136,17.309639,17.345833,16.983162,16.527649,16.764816,17.001335,16.728371,16.946808,16.874062,16.691910,16.946808,16.928627,16.983162,17.146553,16.600693,16.637184,16.710136,16.582436,16.600693,16.892258,17.255310,16.564171,17.237198,16.454536,16.691910,16.600693,17.363930,17.001335,16.691910,16.454536,16.673668,16.326462,16.454536,17.110275,16.491104,16.983162,16.363075,16.618950,16.491104,17.219078,16.289825,16.454536,16.124794,16.910439,16.509377,16.253181,16.216530,17.019493,15.977844,16.637184,16.161499,16.289825,16.363075,16.143143,16.069710,16.710136,16.673668,16.289825,16.545914,16.637184,16.014603,16.271500,16.143143,16.381371,15.756950,15.812218,16.381371,15.664742,16.472824,15.904274,15.977844,16.234848,15.720085,15.572441,16.051353,16.234848,16.051353,15.756950,15.867470,15.904274,15.572441,15.461563,15.239365,15.996223,15.849052,14.756035,15.812218,15.775375,15.461563,15.313492,15.812218,16.106438,15.202286,15.350533,15.257896,15.369041,15.313492,15.387550,15.053780,14.960838,15.517014,15.498535,15.572441,14.867805,14.550774,14.830566,14.718750,15.257896,14.774681,14.793312,14.232613,14.457298,14.232613,14.625465,14.157593,13.630692,13.913338,13.176659,12.853714,12.701340,12.319344,11.781952,10.639648,
16.179840,16.308144,16.271500,17.037659,16.637184,16.491104,16.106438,16.746590,16.855865,16.363075,16.964989,16.691910,16.308144,16.527649,16.271500,16.637184,16.637184,17.327736,16.124794,16.564171,16.106438,16.198189,16.234848,16.436256,16.472824,16.509377,16.710136,16.271500,16.783035,16.436256,16.637184,16.746590,16.710136,16.344765,17.037659,16.545914,17.255310,16.381371,16.399666,16.655434,16.710136,16.545914,16.855865,16.582436,17.073982,16.710136,16.764816,16.344765,16.728371,16.527649,16.728371,16.491104,16.673668,16.673668,17.019493,16.964989,17.037659,16.710136,16.509377,16.764816,16.892258,16.946808,16.946808,16.545914,16.381371,17.128418,16.673668,17.164696,16.545914,16.819458,16.417961,16.819458,16.673668,16.472824,17.110275,16.964989,17.001335,16.783035,17.073982,17.382019,17.055817,16.509377,17.164696,16.436256,16.946808,17.110275,16.764816,16.673668,16.764816,16.691910,16.600693,16.655434,17.182823,16.545914,17.598785,16.892258,16.746590,17.073982,17.309639,16.637184,17.363930,16.819458,16.855865,17.092117,17.037659,17.110275,17.092117,17.219078,17.092117,17.200951,17.273430,17.019493,17.128418,16.874062,17.200951,17.128418,16.783035,17.508537,17.200951,17.182823,16.855865,17.508537,17.255310,17.309639,17.544655,17.634865,17.526596,17.037659,17.580750,17.200951,16.964989,17.400101,17.309639,17.382019,17.490471,17.544655,17.128418,17.255310,17.237198,17.001335,17.472412,17.508537,17.382019,17.164696,17.562698,17.182823,17.273430,16.874062,17.237198,16.983162,17.634865,17.562698,17.508537,17.436272,17.291534,17.454338,17.327736,17.345833,17.616829,17.418190,17.472412,17.670921,17.562698,17.182823,17.526596,17.291534,17.976807,17.200951,17.688942,17.200951,17.940880,17.490471,17.454338,17.742996,17.976807,17.544655,17.886955,17.742996,17.237198,17.327736,17.562698,17.562698,17.219078,17.454338,17.382019,17.724983,17.055817,17.291534,17.454338,17.472412,17.382019,17.309639,17.200951,17.742996,17.634865,17.562698,18.066551,18.156204,18.120361,17.616829,17.815002,17.850990,17.797005,18.012718,18.084496,17.779015,17.994759,17.797005,18.048607,17.958839,17.472412,18.335236,18.192039,18.030663,18.263664,18.120361,17.797005,17.706970,17.815002,17.742996,17.994759,17.994759,18.174133,17.598785,17.850990,18.120361,17.833000,18.209953,18.263664,17.868965,18.030663,18.066551,18.299454,17.850990,18.066551,18.120361,18.030663,17.291534,17.922905,17.886955,18.424599,17.922905,17.958839,17.688942,17.652901,17.815002,18.174133,18.156204,17.940880,18.227867,18.120361,18.030663,18.030663,18.424599,18.263664,18.370995,18.388855,18.281563,18.263664,18.209953,18.442459,18.781090,18.656494,18.138290,17.868965,18.549545,18.638680,18.567383,18.406731,18.727722,18.353111,18.317345,18.335236,18.317345,18.245766,18.156204,18.102425,18.281563,17.940880,18.048607,17.472412,17.580750,17.833000,17.958839,17.562698,17.363930,17.634865,18.120361,17.670921,17.958839,17.363930,17.670921,17.616829,17.868965,17.994759,17.976807,17.508537,17.580750,17.904930,18.012718,17.706970,17.418190,17.976807,17.779015,17.904930,18.084496,17.976807,17.616829,17.742996,18.030663,17.128418,17.886955,17.922905,17.761002,17.761002,17.815002,17.562698,17.688942,17.976807,17.850990,18.478165,17.886955,17.850990,17.797005,17.291534,17.922905,17.345833,17.562698,17.526596,17.544655,18.084496,17.652901,17.363930,17.779015,17.724983,17.580750,17.779015,17.363930,18.066551,17.652901,17.670921,17.742996,17.797005,18.263664,18.442459,17.580750,17.797005,17.797005,17.688942,17.706970,17.922905,17.850990,17.779015,17.850990,17.868965,17.742996,17.670921,17.706970,17.670921,17.706970,17.652901,17.291534,17.797005,17.922905,17.598785,17.616829,17.670921,17.761002,17.797005,17.255310,17.436272,17.598785,17.886955,17.670921,17.850990,17.815002,17.688942,18.012718,17.652901,17.761002,17.688942,17.670921,17.454338,17.940880,17.850990,18.102425,17.797005,17.688942,17.580750,17.904930,18.084496,17.544655,17.940880,18.120361,17.670921,17.833000,17.886955,17.886955,18.048607,17.958839,17.904930,17.670921,17.418190,17.237198,17.454338,18.030663,17.742996,17.724983,17.598785,17.526596,17.761002,17.526596,17.634865,17.580750,17.815002,17.616829,17.436272,17.418190,17.363930,17.382019,17.255310,17.309639,17.055817,17.291534,17.382019,17.418190,17.345833,17.580750,17.490471,17.001335,17.273430,17.544655,16.855865,16.983162,16.946808,17.616829,16.801247,17.345833,17.146553,16.874062,17.634865,17.110275,17.490471,17.255310,17.327736,17.670921,17.562698,17.454338,17.327736,17.400101,17.580750,17.436272,17.797005,17.327736,17.652901,17.634865,17.436272,17.110275,17.255310,17.382019,17.652901,17.634865,17.544655,17.164696,17.706970,17.797005,17.580750,17.182823,17.400101,17.327736,17.219078,17.562698,17.670921,17.815002,17.237198,17.237198,17.472412,17.886955,17.616829,16.928627,17.237198,17.309639,17.815002,17.544655,17.363930,17.490471,17.363930,17.309639,17.400101,17.886955,17.345833,17.200951,17.472412,16.946808,17.616829,17.110275,16.783035,17.273430,17.164696,17.019493,17.200951,17.037659,17.182823,17.001335,17.418190,17.019493,17.327736,17.309639,16.928627,17.128418,17.291534,17.291534,17.309639,17.327736,17.219078,17.182823,17.219078,17.164696,17.237198,17.472412,16.600693,17.164696,16.910439,16.106438,16.491104,16.344765,16.892258,17.634865,17.001335,17.670921,16.582436,17.055817,16.837654,16.344765,17.128418,16.691910,16.673668,16.801247,16.837654,16.783035,17.237198,16.600693,16.819458,16.271500,16.618950,16.874062,16.892258,17.182823,16.783035,16.216530,16.728371,17.273430,16.509377,16.216530,16.637184,17.001335,16.892258,16.106438,16.618950,16.600693,15.977844,16.289825,16.746590,16.436256,16.308144,16.454536,16.618950,16.728371,16.289825,16.436256,16.179840,16.308144,16.253181,16.691910,16.582436,16.198189,16.179840,16.655434,15.959457,15.553970,16.655434,15.812218,16.124794,15.849052,16.363075,16.253181,15.885872,16.472824,16.143143,15.959457,15.683197,15.885872,15.849052,15.683197,15.812218,16.198189,15.720085,15.239365,16.088081,16.271500,15.775375,15.369041,15.646294,15.775375,15.072350,15.480049,15.720085,15.738518,15.885872,15.350533,15.830643,15.424561,15.461563,15.461563,15.609375,15.257896,15.183723,15.276436,15.553970,15.313492,15.553970,14.718750,15.220818,14.457298,14.532082,15.016617,14.867805,14.737404,14.867805,14.288834,14.700096,13.687294,13.819221,13.574066,13.328255,12.644142,13.195625,12.376740,11.839676,10.503227,
15.756950,16.855865,16.143143,16.637184,16.600693,16.399666,16.710136,16.106438,16.198189,16.983162,16.764816,16.728371,16.691910,16.710136,16.582436,16.363075,16.673668,16.198189,16.051353,16.746590,16.600693,16.582436,16.289825,16.271500,16.600693,16.618950,16.509377,16.928627,16.691910,16.655434,16.746590,16.983162,16.491104,16.637184,16.436256,16.253181,16.582436,16.910439,16.910439,16.746590,16.618950,16.783035,16.069710,16.618950,16.436256,16.728371,16.582436,16.928627,16.837654,16.637184,16.326462,16.637184,16.673668,16.655434,16.892258,16.253181,16.874062,16.527649,16.819458,16.509377,16.783035,16.764816,16.874062,16.545914,17.400101,16.946808,16.673668,16.179840,17.219078,16.527649,16.545914,17.200951,17.110275,16.618950,17.182823,16.928627,16.710136,16.436256,17.164696,16.564171,16.983162,17.001335,16.819458,16.618950,16.819458,16.527649,17.110275,16.819458,16.874062,17.345833,16.764816,16.545914,17.110275,16.801247,17.146553,17.128418,16.928627,16.946808,17.001335,16.910439,17.164696,16.928627,17.182823,16.746590,17.055817,17.400101,17.255310,16.928627,17.237198,16.928627,17.544655,16.983162,17.219078,17.273430,17.454338,16.527649,17.255310,16.928627,17.037659,17.037659,17.761002,17.706970,17.454338,16.855865,17.436272,17.255310,17.526596,17.634865,17.092117,17.418190,17.200951,17.634865,17.363930,17.291534,17.526596,17.400101,17.200951,17.273430,17.219078,17.200951,17.327736,17.255310,16.910439,17.418190,17.670921,17.291534,17.670921,17.273430,17.182823,17.526596,17.454338,17.327736,17.182823,17.309639,17.742996,17.182823,17.309639,17.110275,17.742996,17.200951,17.291534,17.400101,17.634865,17.652901,17.454338,17.850990,17.200951,17.490471,17.508537,17.670921,17.219078,17.055817,17.454338,17.922905,17.652901,17.400101,17.309639,17.237198,17.580750,17.634865,17.472412,17.544655,17.688942,17.616829,17.833000,17.128418,17.688942,17.598785,17.580750,17.706970,16.964989,17.472412,17.922905,17.779015,17.436272,18.012718,17.544655,17.544655,17.670921,17.670921,18.066551,17.761002,17.994759,17.742996,17.922905,18.030663,17.688942,18.030663,17.652901,17.797005,18.030663,18.156204,18.066551,18.120361,18.174133,17.833000,18.227867,17.815002,18.353111,17.833000,17.833000,17.562698,17.886955,17.779015,18.138290,17.742996,18.174133,18.012718,17.742996,18.227867,17.922905,17.958839,17.815002,17.797005,17.544655,18.102425,17.958839,18.156204,17.904930,18.335236,17.976807,18.066551,18.424599,18.138290,18.012718,18.281563,18.353111,18.138290,18.138290,17.761002,17.904930,17.940880,18.317345,18.460312,18.245766,18.299454,18.478165,18.174133,18.156204,17.706970,18.496017,18.299454,18.549545,18.567383,18.388855,18.370995,18.656494,18.424599,18.317345,18.620857,18.656494,18.353111,18.281563,18.567383,18.245766,18.388855,18.317345,18.120361,18.209953,17.940880,18.245766,17.580750,18.192039,17.742996,18.192039,18.138290,17.706970,17.886955,17.797005,18.030663,18.066551,17.742996,18.030663,17.994759,17.742996,18.030663,17.797005,17.742996,17.850990,17.886955,17.616829,17.940880,17.940880,17.526596,17.994759,18.156204,17.850990,17.904930,17.706970,17.886955,18.012718,17.779015,17.940880,17.544655,17.688942,18.478165,18.281563,18.084496,17.616829,18.353111,17.940880,17.994759,17.976807,17.850990,18.245766,17.580750,17.400101,17.761002,17.580750,17.706970,18.120361,17.815002,17.833000,18.048607,17.886955,18.102425,17.761002,17.779015,17.886955,17.940880,17.886955,17.742996,17.724983,18.012718,17.833000,17.761002,18.012718,18.227867,17.742996,17.922905,17.670921,17.922905,17.779015,17.833000,18.066551,17.904930,17.724983,17.886955,17.616829,17.742996,17.850990,17.598785,17.742996,17.886955,17.382019,17.904930,17.472412,18.012718,18.227867,17.779015,17.976807,17.219078,17.779015,17.833000,17.490471,17.706970,17.994759,17.490471,17.904930,17.670921,17.490471,17.598785,18.156204,17.128418,17.616829,17.436272,18.353111,17.833000,18.120361,18.012718,17.779015,17.868965,18.156204,17.724983,17.833000,17.868965,18.030663,17.688942,17.779015,17.958839,17.634865,17.976807,17.958839,17.544655,17.797005,17.815002,17.526596,17.724983,17.688942,17.724983,17.580750,17.724983,17.598785,17.490471,17.544655,17.418190,17.490471,17.544655,17.400101,17.580750,17.833000,17.526596,17.400101,17.164696,17.598785,17.418190,17.092117,17.382019,17.418190,17.255310,17.164696,17.598785,17.400101,17.237198,17.562698,17.182823,17.436272,17.418190,17.255310,17.291534,17.237198,17.616829,17.454338,17.436272,17.418190,17.526596,17.219078,17.309639,17.472412,17.508537,17.382019,17.616829,17.345833,17.490471,17.327736,17.092117,17.291534,17.400101,17.670921,17.110275,17.761002,17.490471,17.833000,17.092117,17.327736,17.146553,17.472412,17.833000,16.801247,17.382019,16.728371,17.037659,17.128418,17.073982,17.418190,17.454338,17.436272,17.237198,17.670921,17.345833,17.508537,17.418190,17.273430,17.850990,17.526596,17.472412,17.797005,17.110275,17.291534,16.764816,17.237198,17.001335,17.418190,17.363930,17.164696,17.128418,17.922905,16.801247,17.255310,17.309639,17.273430,16.964989,17.779015,17.055817,16.928627,16.855865,17.092117,17.128418,16.618950,16.983162,17.219078,17.382019,17.436272,17.490471,17.273430,17.182823,16.582436,17.055817,16.289825,17.128418,17.092117,17.200951,17.363930,16.564171,16.910439,16.600693,16.783035,16.837654,16.892258,16.253181,16.928627,16.928627,16.728371,16.564171,16.637184,16.801247,16.983162,16.837654,16.801247,16.783035,17.273430,17.110275,16.801247,16.527649,16.874062,16.691910,16.746590,16.691910,16.637184,17.273430,16.837654,16.344765,16.819458,17.833000,16.691910,16.710136,16.582436,17.019493,16.582436,16.600693,16.216530,16.472824,16.691910,16.381371,17.400101,16.637184,16.691910,16.874062,15.996223,16.655434,16.819458,16.655434,16.472824,16.673668,16.088081,16.564171,16.509377,16.637184,16.472824,16.051353,15.793800,16.271500,15.406059,15.922668,15.922668,16.564171,16.088081,16.326462,15.941071,16.069710,16.106438,16.088081,15.590912,15.609375,16.198189,15.775375,15.720085,15.664742,15.313492,15.517014,15.793800,15.720085,15.977844,15.572441,15.922668,15.387550,15.276436,15.738518,15.664742,15.664742,15.701637,14.979439,15.443062,15.609375,15.609375,15.016617,15.332008,15.369041,15.627831,14.345024,15.220818,14.830566,15.183723,14.737404,14.063721,14.588127,14.606796,14.513397,14.681450,13.668427,13.819221,13.687294,13.819221,13.838051,12.548721,12.815643,13.233543,12.070213,12.031822,10.131989,
15.313492,16.417961,16.673668,16.399666,16.161499,16.728371,16.855865,16.454536,16.582436,17.255310,16.564171,16.032974,16.472824,16.032974,16.564171,16.527649,16.600693,16.637184,16.710136,16.032974,17.164696,16.216530,16.289825,16.088081,16.216530,16.344765,16.454536,16.527649,16.618950,16.344765,16.892258,16.874062,16.326462,16.216530,16.399666,16.527649,17.110275,16.381371,16.509377,16.819458,16.892258,16.161499,17.291534,16.289825,16.088081,16.618950,16.326462,16.910439,16.454536,16.910439,16.399666,16.417961,16.637184,16.801247,16.728371,16.837654,16.746590,16.564171,16.637184,16.436256,16.655434,16.837654,17.363930,16.746590,16.655434,17.164696,16.764816,16.527649,16.564171,17.182823,16.855865,17.146553,16.764816,17.037659,16.946808,16.618950,16.928627,16.746590,17.001335,16.509377,16.910439,16.746590,17.400101,16.673668,17.037659,16.509377,16.928627,16.600693,16.892258,16.161499,17.001335,16.436256,17.146553,16.691910,17.345833,16.746590,16.728371,16.910439,16.801247,16.545914,16.946808,16.746590,17.164696,16.855865,16.946808,17.309639,17.146553,16.454536,16.964989,17.182823,17.273430,17.073982,17.019493,17.146553,17.182823,16.746590,17.436272,17.490471,17.110275,16.928627,17.291534,17.255310,17.400101,17.724983,17.309639,17.544655,17.436272,17.400101,17.128418,17.327736,17.182823,17.092117,17.598785,17.146553,17.490471,17.200951,17.291534,17.273430,17.182823,17.128418,17.382019,17.598785,17.273430,17.688942,17.436272,16.928627,16.892258,17.128418,17.345833,17.092117,17.037659,17.001335,17.273430,17.472412,17.128418,17.055817,17.073982,17.255310,17.400101,17.200951,17.616829,17.327736,17.418190,17.562698,17.508537,17.472412,17.472412,17.255310,17.976807,17.508537,17.940880,17.490471,17.363930,17.904930,17.850990,17.327736,17.472412,17.164696,17.273430,17.273430,17.472412,17.508537,17.219078,16.874062,17.526596,17.797005,17.940880,17.418190,17.670921,17.363930,17.526596,17.616829,17.868965,17.940880,17.833000,17.652901,17.652901,17.797005,17.472412,17.797005,18.263664,17.598785,18.245766,17.634865,17.670921,18.030663,18.012718,17.724983,18.370995,18.048607,18.227867,18.012718,18.066551,18.549545,18.299454,17.670921,18.012718,17.544655,17.940880,18.120361,18.299454,17.904930,18.012718,18.066551,17.994759,17.958839,18.603035,17.994759,18.192039,17.940880,18.209953,18.209953,17.940880,18.406731,18.209953,18.406731,17.976807,18.209953,18.406731,18.227867,18.156204,17.761002,18.263664,17.958839,17.940880,18.192039,18.442459,17.994759,18.102425,18.335236,18.138290,18.138290,18.388855,18.406731,18.299454,18.102425,17.958839,18.227867,18.460312,17.833000,18.353111,18.263664,18.335236,18.299454,18.460312,18.120361,18.406731,18.156204,18.638680,18.281563,18.620857,18.227867,18.656494,17.994759,18.281563,18.066551,18.174133,18.102425,18.299454,18.012718,17.904930,17.833000,18.120361,18.156204,17.833000,18.263664,18.084496,17.904930,17.490471,17.562698,17.652901,17.544655,18.120361,17.797005,17.761002,17.724983,17.634865,17.958839,17.255310,17.562698,17.526596,17.958839,17.850990,17.797005,17.797005,17.616829,18.156204,17.886955,18.156204,18.138290,18.102425,17.815002,17.940880,17.652901,17.580750,17.634865,17.742996,17.616829,18.012718,18.138290,18.102425,17.994759,18.209953,17.797005,17.688942,17.815002,18.012718,17.833000,17.779015,17.761002,17.436272,17.670921,17.526596,18.227867,17.886955,17.850990,18.192039,17.598785,17.761002,17.761002,17.562698,17.850990,18.030663,18.048607,17.526596,18.138290,17.526596,17.958839,17.706970,18.012718,17.580750,17.742996,17.976807,17.580750,17.779015,17.815002,17.436272,17.436272,17.815002,17.833000,17.761002,17.400101,17.850990,17.508537,17.670921,17.886955,17.724983,17.652901,17.994759,17.508537,18.102425,17.652901,17.976807,17.634865,18.012718,17.400101,18.012718,17.994759,18.138290,17.616829,17.472412,17.472412,17.779015,17.472412,17.454338,17.490471,17.761002,17.850990,18.192039,17.833000,17.922905,18.012718,17.976807,17.724983,18.084496,17.255310,17.904930,18.227867,17.779015,17.815002,17.742996,17.273430,17.833000,17.418190,17.309639,17.562698,17.724983,17.742996,17.291534,17.634865,17.976807,17.706970,17.724983,17.400101,17.436272,18.084496,17.688942,17.868965,17.562698,17.652901,17.400101,17.454338,17.327736,17.128418,17.490471,17.363930,17.400101,17.508537,16.983162,17.436272,17.345833,17.363930,17.146553,16.964989,17.273430,17.454338,17.363930,17.400101,17.146553,17.544655,17.490471,17.327736,17.490471,17.454338,17.182823,18.048607,17.490471,17.327736,17.797005,17.255310,17.706970,17.580750,17.363930,17.363930,17.490471,17.418190,17.200951,17.670921,17.182823,17.526596,17.255310,17.454338,17.363930,17.598785,17.544655,17.073982,17.724983,16.910439,17.688942,17.273430,17.508537,17.616829,17.400101,16.874062,17.019493,17.273430,17.382019,17.400101,17.345833,17.580750,17.382019,17.634865,17.562698,17.616829,17.146553,17.490471,17.146553,17.436272,17.616829,17.327736,17.634865,17.019493,17.237198,16.855865,17.976807,17.309639,17.255310,17.382019,17.472412,17.327736,16.874062,17.092117,17.436272,17.670921,17.309639,16.564171,17.182823,17.418190,17.237198,17.400101,16.472824,17.200951,17.128418,16.764816,16.728371,17.219078,16.946808,17.382019,17.436272,16.910439,16.344765,17.164696,16.783035,17.110275,16.801247,17.164696,16.691910,16.691910,16.819458,17.037659,16.892258,17.255310,17.128418,16.855865,16.691910,16.855865,16.710136,16.655434,17.255310,16.673668,16.983162,17.454338,16.855865,16.728371,16.819458,16.527649,16.910439,16.764816,16.691910,16.764816,16.728371,16.545914,16.308144,17.092117,16.417961,16.161499,16.691910,16.545914,16.600693,16.928627,16.381371,16.527649,16.564171,16.983162,16.564171,16.271500,16.161499,16.637184,16.271500,16.618950,16.381371,16.472824,15.922668,16.308144,16.088081,16.655434,16.253181,16.289825,16.728371,16.032974,16.161499,16.014603,15.756950,15.849052,16.124794,15.793800,15.590912,16.216530,15.498535,16.728371,15.775375,15.959457,16.143143,15.609375,16.271500,16.069710,15.812218,15.793800,16.509377,15.830643,15.572441,15.646294,15.387550,15.793800,15.406059,15.424561,15.977844,15.664742,16.124794,15.220818,15.498535,15.183723,15.016617,15.332008,15.276436,14.830566,15.904274,15.387550,15.183723,14.886414,14.811943,14.867805,15.183723,14.737404,14.737404,14.960838,14.532082,14.457298,15.220818,14.886414,13.856880,14.082504,13.687294,13.592949,13.403954,12.967819,12.663208,12.605988,11.858910,10.911919,
16.124794,16.491104,16.710136,16.600693,16.855865,16.728371,16.399666,16.673668,16.673668,16.746590,16.088081,16.454536,16.234848,16.069710,16.728371,16.308144,17.255310,16.436256,16.454536,16.344765,16.381371,16.363075,16.051353,16.618950,16.618950,16.837654,16.819458,16.363075,16.527649,16.216530,16.417961,16.472824,16.198189,17.092117,16.472824,16.655434,16.673668,16.198189,16.363075,16.326462,17.436272,17.182823,16.673668,16.892258,16.710136,16.509377,16.472824,16.728371,16.564171,16.892258,17.037659,16.545914,16.783035,16.874062,16.710136,16.454536,16.928627,16.892258,16.928627,17.164696,16.637184,16.928627,16.964989,16.637184,16.637184,16.637184,16.655434,17.019493,16.527649,16.527649,17.255310,16.545914,16.946808,16.728371,17.001335,16.637184,16.964989,16.527649,16.545914,16.509377,17.001335,16.637184,16.655434,16.728371,17.237198,16.582436,16.710136,16.783035,16.964989,16.946808,16.837654,16.710136,16.764816,17.110275,16.946808,16.527649,17.146553,17.037659,17.110275,16.910439,16.783035,17.019493,17.037659,16.855865,16.454536,16.637184,16.892258,17.182823,16.527649,17.255310,17.273430,17.418190,17.219078,17.092117,16.928627,16.964989,16.819458,17.073982,16.855865,16.946808,17.291534,17.110275,17.146553,17.436272,17.400101,17.309639,17.037659,17.219078,17.200951,17.255310,17.219078,16.801247,17.363930,17.073982,17.146553,17.400101,17.454338,17.363930,17.309639,17.742996,17.472412,17.019493,17.128418,17.055817,16.892258,17.200951,17.291534,16.764816,17.164696,17.454338,17.418190,17.345833,17.291534,17.182823,17.544655,17.273430,16.983162,16.946808,17.670921,17.291534,17.400101,17.400101,16.892258,17.526596,17.797005,16.983162,17.472412,17.724983,17.850990,17.994759,17.073982,17.634865,17.922905,17.724983,17.580750,17.092117,17.544655,17.345833,17.454338,17.670921,17.670921,17.490471,17.598785,17.418190,17.652901,17.200951,17.508537,17.652901,17.436272,17.400101,17.544655,18.066551,17.634865,17.363930,17.724983,17.761002,17.833000,18.424599,17.761002,18.030663,17.508537,17.670921,18.209953,18.084496,17.779015,17.815002,17.850990,18.388855,17.904930,17.652901,17.868965,18.138290,18.192039,18.227867,18.138290,18.048607,17.779015,18.102425,17.904930,17.886955,17.904930,17.472412,18.174133,17.815002,17.815002,18.209953,18.048607,18.048607,18.567383,17.868965,18.620857,18.335236,17.868965,18.227867,18.478165,18.209953,17.815002,18.227867,17.994759,17.904930,18.156204,18.674309,18.263664,18.120361,18.353111,17.994759,18.406731,18.227867,18.245766,18.138290,18.531708,18.513863,18.370995,18.209953,18.567383,17.833000,18.299454,18.299454,18.317345,18.227867,18.245766,18.227867,17.976807,18.066551,18.174133,18.763306,18.781090,18.281563,18.513863,18.620857,18.281563,18.406731,18.406731,18.281563,18.442459,18.424599,18.442459,17.815002,18.102425,18.066551,18.084496,17.688942,17.850990,18.281563,18.120361,18.066551,17.616829,17.940880,18.174133,17.706970,18.120361,17.508537,18.030663,17.833000,18.460312,17.815002,17.833000,17.363930,17.958839,18.066551,18.030663,17.472412,17.562698,18.120361,17.706970,18.192039,18.209953,17.706970,17.940880,17.779015,18.030663,17.886955,18.048607,17.761002,17.724983,17.958839,17.454338,17.868965,17.904930,17.868965,17.724983,17.634865,17.940880,17.508537,18.048607,17.526596,17.815002,17.706970,17.634865,18.048607,17.761002,17.797005,18.370995,17.815002,17.724983,18.084496,18.102425,18.048607,18.120361,17.616829,17.815002,17.940880,17.868965,17.255310,17.526596,17.724983,18.120361,17.634865,17.815002,17.634865,17.598785,17.976807,17.797005,17.850990,17.688942,17.526596,17.958839,18.424599,17.922905,18.102425,17.886955,18.084496,17.958839,17.886955,17.833000,17.833000,17.436272,17.815002,17.886955,17.779015,17.850990,17.833000,17.742996,17.634865,17.652901,17.706970,18.048607,17.200951,17.652901,18.012718,17.742996,17.742996,18.156204,17.797005,17.994759,17.850990,18.138290,18.335236,17.688942,18.192039,17.761002,18.120361,17.706970,17.309639,17.742996,18.353111,17.598785,17.994759,17.724983,17.994759,18.120361,17.580750,17.779015,17.976807,17.779015,17.958839,17.850990,17.688942,17.706970,17.652901,17.400101,18.030663,17.868965,17.670921,17.562698,17.886955,17.940880,17.833000,17.273430,18.138290,17.670921,17.128418,16.892258,17.922905,17.291534,17.255310,17.490471,17.309639,17.400101,17.073982,17.255310,17.019493,17.688942,17.092117,17.128418,16.746590,17.110275,17.146553,17.092117,17.309639,17.526596,17.652901,17.363930,17.706970,17.309639,16.837654,17.345833,17.164696,17.850990,17.598785,17.146553,17.237198,17.580750,17.255310,17.418190,17.219078,17.508537,17.454338,17.472412,17.200951,17.815002,17.472412,17.779015,17.327736,17.472412,17.652901,17.309639,17.598785,17.526596,17.273430,17.761002,17.073982,17.418190,17.237198,17.001335,17.472412,17.309639,17.327736,17.164696,17.652901,17.055817,17.273430,17.037659,17.128418,17.490471,17.273430,17.164696,17.761002,17.454338,17.255310,17.472412,17.526596,17.598785,17.182823,17.237198,17.436272,17.598785,17.019493,17.255310,17.724983,17.255310,17.688942,17.580750,17.164696,17.724983,16.545914,17.345833,16.892258,16.983162,17.073982,17.291534,16.837654,17.255310,16.783035,16.819458,17.019493,17.200951,16.764816,16.728371,17.164696,17.327736,16.874062,16.582436,17.110275,16.874062,17.200951,16.564171,16.910439,17.110275,16.491104,16.801247,16.892258,16.655434,16.764816,16.655434,16.983162,17.110275,16.289825,16.618950,16.417961,16.545914,16.509377,16.764816,16.454536,17.146553,16.454536,16.655434,16.837654,16.783035,17.092117,16.600693,16.179840,16.819458,16.363075,16.637184,16.764816,17.037659,16.600693,16.509377,16.964989,17.055817,16.253181,15.849052,16.545914,16.618950,16.509377,16.618950,16.216530,16.728371,16.271500,16.032974,16.545914,16.234848,16.801247,16.655434,16.088081,16.399666,16.326462,16.454536,16.271500,16.088081,16.344765,15.756950,16.491104,16.088081,15.109489,16.600693,16.892258,16.892258,15.959457,15.756950,15.701637,15.257896,16.253181,16.143143,16.234848,16.289825,16.106438,15.220818,16.014603,15.683197,15.553970,15.443062,15.646294,14.830566,16.308144,15.517014,15.738518,15.443062,15.480049,15.090919,15.424561,15.627831,15.885872,15.959457,15.443062,14.644127,14.513397,15.977844,15.072350,15.090919,14.718750,15.072350,14.905037,15.480049,14.700096,15.350533,14.644127,14.513397,13.913338,14.026146,14.419891,14.063721,13.725006,13.762703,12.510529,12.701340,12.070213,12.319344,10.288467,
15.812218,16.691910,16.855865,15.867470,16.983162,16.691910,16.417961,16.069710,16.728371,16.381371,16.600693,16.582436,16.673668,16.381371,17.001335,16.964989,16.381371,16.161499,16.344765,16.198189,16.728371,16.472824,16.399666,16.618950,16.673668,16.527649,16.564171,16.344765,16.655434,16.234848,16.363075,16.946808,16.363075,16.728371,16.618950,16.344765,16.564171,16.381371,16.983162,16.216530,17.092117,16.618950,16.783035,16.600693,16.892258,16.454536,16.892258,16.801247,16.509377,16.179840,16.509377,16.964989,16.764816,16.491104,16.691910,16.637184,16.928627,16.618950,16.637184,16.271500,16.710136,16.837654,16.910439,16.344765,17.146553,16.637184,16.746590,16.728371,16.819458,16.783035,17.092117,16.436256,16.946808,16.564171,16.399666,16.545914,17.019493,16.728371,16.564171,16.819458,16.983162,16.728371,17.237198,16.673668,17.001335,16.946808,17.001335,16.783035,16.728371,16.436256,16.964989,16.710136,17.219078,17.019493,16.874062,16.728371,16.837654,16.874062,16.746590,17.237198,16.673668,16.983162,17.019493,17.055817,16.783035,17.019493,17.200951,17.291534,17.400101,17.309639,17.327736,17.182823,17.182823,17.055817,16.910439,16.801247,17.706970,17.092117,17.255310,17.200951,16.946808,17.598785,17.327736,17.273430,17.200951,17.291534,17.219078,17.382019,17.019493,17.363930,17.526596,17.291534,17.454338,17.092117,16.910439,17.382019,17.436272,17.309639,17.400101,17.309639,17.291534,17.327736,17.472412,17.055817,16.746590,17.219078,16.819458,17.055817,17.797005,17.219078,16.764816,17.382019,17.200951,16.946808,17.128418,17.291534,17.255310,16.946808,17.363930,17.526596,17.255310,17.634865,17.490471,17.363930,17.454338,17.652901,17.688942,17.418190,17.508537,17.994759,17.598785,17.291534,17.472412,17.110275,17.761002,17.128418,16.946808,17.472412,17.382019,17.273430,17.562698,17.291534,17.797005,17.508537,17.128418,17.255310,17.327736,17.110275,17.761002,17.652901,17.273430,17.634865,17.508537,17.508537,17.255310,17.472412,17.616829,17.598785,17.815002,17.382019,17.868965,18.012718,17.850990,18.120361,17.309639,17.886955,18.066551,17.580750,17.886955,17.940880,17.616829,17.634865,17.994759,18.281563,18.245766,18.084496,18.012718,18.048607,18.120361,17.886955,18.138290,17.490471,18.156204,17.976807,17.580750,18.406731,18.353111,17.994759,17.904930,18.120361,17.976807,17.922905,18.478165,17.994759,18.317345,18.138290,18.245766,18.317345,18.120361,17.797005,17.976807,18.406731,18.406731,18.138290,17.833000,17.868965,18.209953,18.227867,18.299454,18.353111,18.012718,18.102425,18.460312,18.084496,18.442459,17.976807,18.192039,17.886955,18.281563,18.227867,17.958839,18.138290,18.281563,18.335236,17.886955,18.227867,18.424599,18.245766,18.745514,18.102425,18.549545,18.370995,18.335236,18.674309,18.209953,17.994759,18.513863,18.048607,18.030663,17.994759,18.388855,17.976807,17.688942,17.886955,17.994759,18.030663,17.922905,18.048607,17.724983,17.850990,18.227867,18.030663,17.634865,17.742996,18.120361,17.761002,18.227867,18.084496,17.868965,17.958839,17.472412,17.815002,18.102425,17.598785,17.724983,18.048607,17.922905,17.976807,18.263664,17.544655,17.904930,17.815002,18.460312,18.138290,17.761002,17.940880,17.994759,17.436272,17.815002,17.508537,18.066551,17.994759,17.868965,17.886955,17.958839,17.815002,17.436272,17.706970,17.976807,17.580750,18.263664,17.850990,18.281563,17.815002,17.922905,17.688942,18.353111,18.156204,17.976807,17.815002,17.472412,17.670921,17.544655,17.544655,17.886955,17.110275,17.706970,17.779015,17.508537,17.761002,17.850990,17.670921,17.508537,17.761002,17.616829,17.833000,18.048607,17.598785,17.779015,18.102425,17.670921,17.688942,17.670921,17.994759,17.850990,17.742996,17.904930,17.436272,17.652901,17.868965,17.472412,17.706970,17.363930,17.508537,17.922905,17.345833,17.976807,17.634865,17.724983,17.472412,17.797005,17.706970,17.994759,17.922905,17.797005,18.281563,18.030663,17.976807,18.281563,17.940880,18.174133,17.634865,17.742996,17.833000,18.066551,17.815002,17.616829,17.833000,18.048607,17.508537,17.706970,17.976807,17.706970,18.120361,17.688942,17.688942,18.102425,17.616829,18.066551,18.156204,17.850990,17.922905,17.363930,17.688942,18.030663,17.706970,18.048607,17.562698,17.742996,17.363930,18.102425,17.688942,17.616829,17.309639,17.291534,17.688942,17.544655,17.219078,17.146553,17.291534,16.928627,17.200951,17.309639,17.544655,17.472412,17.273430,17.182823,17.562698,17.418190,17.886955,17.670921,17.219078,17.164696,16.946808,17.616829,17.994759,17.472412,17.797005,17.418190,17.273430,17.454338,17.092117,17.363930,17.562698,17.400101,17.598785,17.688942,17.706970,17.940880,17.382019,17.508537,17.255310,17.490471,17.219078,17.291534,17.110275,17.418190,17.418190,17.580750,17.273430,17.055817,16.946808,17.508537,17.327736,17.019493,17.273430,17.255310,17.418190,17.454338,17.490471,17.526596,17.128418,17.273430,17.562698,17.200951,17.128418,17.436272,17.327736,18.066551,16.874062,17.833000,17.345833,17.418190,17.418190,17.200951,17.164696,17.237198,17.019493,17.219078,17.055817,17.400101,17.544655,17.019493,17.110275,17.345833,17.182823,17.472412,17.092117,17.019493,16.983162,17.327736,17.110275,17.001335,16.855865,17.436272,17.146553,16.764816,16.801247,17.128418,16.910439,16.801247,16.582436,17.001335,16.436256,16.892258,16.928627,16.728371,16.892258,16.491104,17.146553,16.946808,16.253181,16.655434,16.527649,16.837654,16.783035,17.237198,17.182823,16.691910,16.855865,17.580750,17.255310,16.655434,16.783035,16.564171,16.399666,17.382019,16.582436,16.710136,16.855865,16.655434,16.436256,17.001335,16.472824,16.746590,16.363075,16.783035,17.092117,16.564171,16.582436,16.874062,16.472824,16.454536,16.527649,16.472824,16.746590,15.720085,16.399666,16.124794,15.904274,16.143143,16.436256,16.819458,16.289825,16.161499,16.161499,16.289825,16.234848,15.849052,16.088081,16.472824,16.014603,16.014603,15.590912,15.461563,15.941071,15.498535,16.143143,15.756950,15.756950,16.088081,15.830643,15.904274,15.535500,15.793800,15.904274,15.572441,15.941071,15.480049,15.517014,15.756950,15.775375,15.572441,15.572441,15.350533,15.775375,15.904274,15.313492,15.627831,15.535500,15.350533,15.350533,15.350533,15.313492,15.424561,15.664742,15.461563,15.165176,14.774681,15.424561,15.128059,14.942238,14.960838,14.401184,14.830566,15.035194,15.109489,14.513397,14.942238,14.494698,14.195114,14.625465,13.913338,13.536285,13.555183,13.043808,13.138725,11.801193,11.820435,10.814766,
15.461563,16.673668,16.618950,16.381371,16.964989,16.564171,16.764816,16.618950,16.655434,16.308144,16.600693,16.783035,16.472824,16.618950,15.830643,16.234848,16.855865,16.179840,16.892258,16.454536,16.910439,15.885872,16.509377,16.509377,16.710136,16.106438,16.436256,16.399666,16.746590,16.143143,16.600693,16.600693,16.436256,16.381371,16.710136,16.855865,16.198189,17.019493,16.417961,16.710136,16.051353,16.381371,16.783035,16.234848,17.001335,16.143143,16.472824,16.673668,16.964989,16.179840,16.637184,16.308144,16.655434,16.545914,16.837654,16.600693,16.964989,16.710136,16.892258,16.600693,16.344765,16.655434,16.983162,16.691910,16.564171,16.216530,16.819458,16.600693,17.055817,15.977844,17.037659,16.746590,17.019493,16.728371,17.200951,16.234848,16.892258,16.308144,16.637184,16.289825,16.837654,16.655434,16.454536,16.673668,16.710136,16.764816,16.892258,16.491104,17.073982,16.964989,16.673668,16.691910,17.037659,16.855865,16.436256,16.983162,16.527649,16.837654,16.910439,16.746590,16.964989,16.673668,17.544655,16.801247,16.764816,16.837654,17.019493,17.019493,17.037659,16.764816,17.164696,16.819458,17.363930,17.019493,17.255310,16.983162,17.146553,17.073982,16.946808,17.472412,17.345833,16.673668,17.508537,17.400101,17.073982,17.146553,17.273430,17.363930,17.544655,17.526596,17.580750,17.436272,16.892258,16.910439,17.634865,17.037659,17.454338,17.327736,17.616829,17.309639,17.436272,17.237198,17.544655,17.255310,17.273430,17.291534,16.728371,17.255310,17.037659,16.819458,17.490471,17.037659,17.200951,17.472412,16.764816,16.910439,16.983162,17.237198,17.345833,17.562698,17.400101,16.928627,17.327736,17.291534,17.688942,17.363930,17.073982,17.363930,17.815002,17.580750,17.436272,17.616829,17.815002,17.670921,17.400101,17.526596,17.472412,17.670921,17.724983,17.724983,17.706970,17.382019,17.363930,17.400101,17.436272,17.616829,17.146553,17.526596,17.526596,17.436272,17.598785,17.779015,17.400101,17.526596,17.652901,17.616829,17.634865,17.670921,17.868965,17.815002,18.084496,17.670921,17.652901,18.066551,17.886955,18.030663,18.174133,18.299454,18.102425,17.652901,18.048607,18.120361,18.174133,17.904930,18.317345,18.138290,18.066551,18.209953,17.976807,17.940880,18.120361,18.030663,17.904930,18.066551,18.138290,18.066551,17.779015,18.263664,18.478165,18.138290,18.030663,18.048607,18.263664,17.940880,18.460312,18.353111,18.478165,18.192039,18.084496,18.406731,18.709923,18.138290,18.066551,18.084496,18.513863,18.120361,18.370995,18.012718,18.460312,18.424599,18.353111,18.120361,18.531708,18.335236,18.424599,17.904930,18.102425,18.030663,17.940880,17.779015,18.066551,18.012718,17.544655,17.761002,18.174133,18.066551,18.030663,17.833000,18.442459,17.886955,18.281563,18.245766,17.706970,17.724983,18.620857,17.688942,18.281563,18.299454,18.281563,18.120361,17.634865,17.940880,18.245766,17.670921,18.030663,17.815002,18.138290,18.138290,17.688942,17.724983,17.670921,17.652901,17.922905,18.227867,17.652901,17.634865,18.066551,17.904930,18.120361,17.670921,17.797005,17.958839,17.688942,17.345833,18.120361,18.102425,18.138290,17.490471,17.994759,17.724983,17.815002,17.706970,18.084496,18.102425,17.904930,17.850990,17.598785,17.868965,17.779015,17.634865,17.815002,17.490471,18.012718,17.886955,17.850990,17.688942,17.797005,17.833000,17.922905,17.850990,17.868965,17.976807,17.706970,17.797005,17.779015,17.724983,17.634865,17.886955,17.670921,17.940880,18.048607,17.688942,17.850990,17.580750,17.976807,17.958839,18.156204,17.616829,18.370995,17.779015,17.652901,17.976807,17.886955,18.102425,18.102425,18.281563,17.833000,17.779015,18.281563,17.526596,17.976807,17.833000,17.886955,17.779015,18.174133,17.779015,17.797005,17.670921,17.922905,17.850990,17.940880,17.868965,17.634865,17.742996,17.922905,18.030663,18.156204,17.904930,17.616829,18.048607,18.084496,17.526596,17.688942,17.886955,17.922905,18.048607,18.620857,17.598785,18.084496,17.508537,18.012718,18.066551,18.084496,17.940880,17.922905,17.922905,17.940880,17.904930,17.940880,17.580750,17.922905,17.670921,18.478165,17.616829,17.850990,17.454338,17.994759,17.706970,17.868965,17.400101,17.994759,18.335236,18.030663,17.508537,17.868965,17.652901,18.048607,17.904930,17.490471,17.976807,17.237198,17.363930,17.182823,17.688942,17.436272,17.454338,17.616829,17.255310,17.580750,17.508537,17.544655,17.797005,17.724983,17.128418,17.688942,17.363930,17.508537,17.237198,17.706970,17.580750,17.363930,17.400101,17.598785,17.146553,17.724983,17.418190,17.327736,17.670921,17.273430,17.418190,17.490471,17.382019,17.273430,17.761002,17.994759,17.670921,17.958839,17.255310,17.742996,17.345833,17.164696,17.526596,17.363930,17.598785,17.742996,17.182823,17.670921,17.544655,17.309639,17.490471,17.508537,17.508537,17.219078,16.946808,17.815002,17.454338,17.418190,17.345833,17.598785,17.436272,17.472412,17.868965,18.012718,17.345833,17.382019,17.436272,17.092117,17.868965,17.400101,17.724983,17.418190,17.886955,17.598785,17.200951,17.706970,17.815002,17.833000,17.544655,17.182823,17.797005,17.544655,17.182823,17.472412,17.345833,17.073982,17.001335,17.073982,17.237198,17.454338,17.128418,16.892258,17.019493,17.182823,17.237198,16.946808,17.092117,16.855865,16.801247,17.001335,16.764816,17.219078,17.182823,16.801247,17.092117,17.128418,17.508537,17.110275,16.545914,16.764816,16.983162,16.618950,16.710136,16.946808,17.073982,17.001335,16.618950,16.545914,16.691910,15.793800,16.600693,16.964989,17.128418,16.491104,16.892258,17.454338,16.746590,17.128418,16.655434,16.344765,16.179840,16.527649,16.509377,16.564171,16.509377,16.655434,16.673668,17.219078,16.545914,17.128418,16.399666,16.892258,16.582436,16.710136,16.436256,16.381371,16.253181,16.600693,16.618950,16.032974,16.801247,17.345833,16.198189,16.600693,16.381371,16.509377,16.308144,16.051353,16.289825,16.216530,15.867470,16.069710,16.198189,15.128059,16.234848,15.885872,15.922668,16.399666,16.545914,15.609375,15.332008,15.609375,15.941071,15.922668,15.738518,15.775375,16.344765,15.720085,15.609375,15.885872,15.498535,15.480049,15.387550,15.406059,15.701637,15.461563,15.775375,15.053780,15.498535,15.053780,15.480049,15.313492,15.257896,15.369041,15.109489,15.720085,15.146614,15.535500,15.406059,15.867470,15.109489,15.128059,15.239365,15.332008,14.550774,14.942238,14.905037,14.345024,14.476006,14.063721,14.681450,14.662788,14.569450,14.007355,13.781540,13.233543,12.739456,13.309326,12.166107,11.473503,10.288467,
15.849052,16.417961,16.436256,16.491104,16.655434,16.253181,16.472824,16.600693,16.363075,16.106438,16.582436,17.110275,16.454536,16.874062,16.527649,15.867470,16.363075,16.216530,16.764816,16.564171,16.819458,16.655434,16.216530,16.946808,16.069710,16.618950,16.308144,16.582436,16.764816,16.564171,16.582436,16.564171,16.344765,16.234848,17.400101,16.417961,16.710136,16.527649,16.600693,17.200951,16.564171,16.564171,16.673668,16.819458,16.454536,16.783035,16.618950,16.892258,16.472824,16.289825,16.946808,16.710136,16.673668,16.014603,15.867470,16.417961,16.801247,16.618950,16.363075,16.545914,17.055817,17.418190,16.399666,16.271500,16.710136,16.655434,16.600693,16.673668,16.691910,16.600693,16.910439,16.819458,16.874062,17.110275,17.110275,16.964989,16.837654,17.092117,16.801247,17.255310,16.764816,17.001335,16.874062,16.655434,16.637184,17.055817,16.746590,16.764816,16.673668,16.783035,17.255310,17.001335,16.801247,17.019493,16.472824,17.001335,16.783035,16.801247,16.728371,16.874062,16.710136,16.819458,16.655434,17.128418,17.400101,16.819458,16.417961,17.309639,17.436272,16.946808,16.691910,17.055817,17.327736,17.073982,17.526596,17.019493,16.964989,17.363930,17.382019,17.382019,17.073982,17.200951,17.490471,17.724983,17.273430,17.019493,17.073982,17.706970,17.219078,16.910439,17.219078,17.146553,17.291534,17.073982,17.092117,17.055817,17.219078,17.255310,17.382019,16.801247,17.472412,17.309639,17.255310,17.363930,17.182823,17.182823,17.219078,17.490471,17.019493,17.580750,17.055817,17.055817,17.400101,17.219078,17.219078,16.837654,17.037659,17.110275,17.146553,17.472412,17.200951,17.363930,17.110275,17.382019,17.327736,17.146553,17.526596,17.490471,17.797005,17.182823,17.833000,17.182823,17.634865,17.724983,17.526596,17.363930,17.652901,17.345833,17.706970,17.598785,17.815002,17.562698,17.092117,17.526596,17.526596,17.092117,17.508537,17.706970,17.562698,17.724983,17.436272,17.779015,17.761002,17.255310,17.706970,17.652901,17.670921,17.670921,18.012718,17.670921,17.850990,17.958839,17.976807,17.634865,17.940880,17.850990,18.227867,17.706970,17.994759,18.138290,18.138290,17.761002,18.174133,17.922905,18.030663,18.120361,18.281563,17.815002,18.048607,17.833000,18.353111,17.815002,17.742996,18.048607,18.638680,18.066551,18.102425,18.012718,18.209953,17.868965,18.192039,18.263664,18.299454,18.709923,18.192039,18.012718,18.120361,18.442459,18.227867,18.531708,18.638680,18.245766,18.174133,18.620857,18.299454,18.496017,18.406731,18.549545,18.066551,18.227867,17.922905,17.976807,18.227867,18.353111,17.742996,18.496017,18.263664,17.724983,17.598785,17.761002,17.850990,18.406731,18.442459,18.066551,17.994759,18.317345,17.994759,17.976807,18.567383,18.066551,17.886955,18.478165,17.815002,18.102425,18.030663,18.388855,17.868965,18.281563,18.066551,17.779015,17.761002,17.761002,17.922905,17.850990,18.012718,17.797005,17.976807,17.652901,18.030663,18.012718,17.815002,18.156204,17.994759,17.850990,17.418190,17.797005,17.652901,17.688942,17.958839,17.797005,18.048607,17.976807,18.066551,17.670921,18.245766,17.868965,17.652901,17.634865,17.652901,17.850990,17.779015,18.138290,17.670921,17.868965,17.797005,17.562698,17.904930,17.976807,17.327736,17.544655,18.030663,17.706970,17.976807,17.544655,18.012718,17.940880,17.922905,17.688942,17.761002,17.868965,18.263664,18.084496,17.634865,17.904930,18.048607,17.634865,18.138290,17.742996,18.120361,17.868965,17.742996,17.436272,17.850990,17.670921,17.436272,17.652901,18.156204,17.742996,17.706970,18.138290,17.652901,17.652901,17.922905,17.904930,17.706970,17.976807,17.580750,17.742996,17.904930,17.779015,17.418190,17.904930,17.958839,17.797005,18.030663,17.652901,17.616829,17.922905,18.066551,18.102425,17.761002,17.670921,17.724983,17.815002,17.868965,17.850990,18.138290,17.688942,18.084496,17.779015,17.688942,17.580750,18.048607,17.779015,17.742996,17.958839,17.779015,17.797005,17.724983,18.012718,17.779015,17.580750,17.779015,17.580750,18.317345,17.958839,18.209953,17.904930,18.209953,18.245766,17.994759,17.976807,18.030663,17.742996,17.598785,17.436272,17.940880,17.454338,17.779015,17.994759,18.030663,17.779015,17.526596,17.345833,17.940880,17.436272,17.779015,17.670921,17.868965,17.797005,17.182823,17.418190,17.164696,17.436272,17.363930,17.327736,17.670921,17.182823,17.526596,17.544655,17.652901,17.436272,17.598785,17.418190,17.634865,17.670921,17.724983,17.309639,17.652901,17.273430,17.363930,17.182823,17.616829,17.490471,17.526596,16.946808,17.580750,17.146553,17.598785,17.976807,17.580750,17.363930,17.886955,17.472412,17.562698,17.598785,17.454338,17.850990,17.598785,17.562698,17.363930,17.382019,17.598785,17.092117,17.634865,17.544655,17.019493,17.472412,17.580750,17.724983,17.273430,17.670921,17.418190,17.200951,17.833000,17.634865,17.706970,17.418190,17.688942,17.273430,17.634865,17.472412,17.345833,17.164696,17.976807,17.309639,17.490471,17.670921,17.616829,17.490471,17.273430,17.382019,17.255310,17.146553,17.562698,17.454338,17.454338,17.526596,17.454338,17.580750,17.128418,17.363930,17.164696,17.598785,17.508537,17.327736,17.110275,16.855865,17.037659,17.219078,16.637184,17.073982,16.983162,16.964989,16.910439,17.164696,17.110275,16.637184,17.309639,16.819458,17.418190,17.363930,17.055817,16.637184,17.309639,16.746590,16.946808,16.837654,17.255310,16.946808,17.200951,16.946808,16.600693,16.691910,16.673668,16.728371,16.417961,16.983162,16.545914,17.219078,16.910439,16.837654,16.855865,17.182823,16.545914,16.564171,17.200951,16.746590,16.746590,15.922668,16.874062,16.983162,16.381371,17.019493,16.710136,17.706970,17.418190,16.564171,16.198189,16.746590,16.253181,16.673668,16.179840,16.216530,16.655434,16.491104,16.454536,16.161499,16.673668,16.381371,16.764816,16.344765,16.509377,15.885872,15.977844,16.527649,16.326462,16.124794,15.941071,16.545914,16.032974,16.124794,16.216530,16.124794,16.253181,16.069710,15.922668,15.941071,15.387550,16.216530,15.664742,15.720085,15.941071,16.106438,15.183723,15.627831,15.517014,14.979439,15.443062,15.090919,15.793800,15.904274,15.146614,15.239365,15.461563,16.143143,14.811943,15.239365,15.793800,15.183723,14.905037,15.812218,15.146614,15.220818,15.646294,15.369041,15.369041,15.332008,15.350533,15.016617,15.239365,14.476006,15.090919,15.072350,14.588127,14.942238,14.960838,15.072350,14.774681,14.082504,14.176346,14.681450,14.157593,14.232613,13.611824,12.872734,12.434105,12.338478,11.897362,10.950760,
15.738518,16.234848,16.436256,16.344765,16.381371,16.399666,17.219078,15.683197,16.746590,16.946808,16.728371,16.491104,16.764816,16.509377,16.764816,16.582436,16.600693,16.454536,16.271500,16.655434,16.198189,16.545914,16.436256,16.892258,15.996223,16.069710,16.509377,16.637184,16.289825,16.088081,16.655434,16.673668,16.819458,16.855865,16.454536,16.819458,17.001335,16.673668,16.253181,16.399666,16.746590,16.655434,16.472824,16.728371,16.491104,16.582436,17.019493,16.874062,16.691910,16.874062,16.928627,16.892258,17.273430,17.110275,16.618950,16.837654,16.819458,16.728371,16.600693,16.819458,16.910439,16.545914,16.892258,16.673668,16.179840,17.092117,17.019493,16.582436,16.910439,16.892258,16.637184,16.381371,17.128418,17.073982,16.710136,16.124794,17.164696,16.837654,17.092117,16.801247,16.874062,16.764816,17.382019,16.746590,16.710136,16.764816,16.637184,16.655434,17.382019,17.073982,16.855865,16.764816,16.637184,17.001335,16.946808,17.472412,16.946808,16.801247,16.655434,16.910439,16.892258,16.928627,16.855865,16.801247,17.037659,17.128418,17.055817,16.819458,17.291534,16.710136,17.200951,16.710136,17.128418,17.219078,17.019493,17.110275,17.200951,17.200951,17.436272,17.055817,17.562698,17.182823,17.055817,17.327736,17.363930,17.382019,17.472412,17.182823,17.580750,17.309639,17.562698,17.200951,17.616829,17.490471,17.490471,17.526596,17.400101,17.019493,17.670921,17.237198,17.706970,17.400101,17.562698,17.110275,16.874062,17.291534,17.146553,17.634865,17.833000,17.833000,17.255310,17.562698,17.255310,17.001335,17.327736,17.706970,17.037659,16.801247,17.490471,17.400101,17.219078,18.084496,17.345833,17.490471,17.616829,17.092117,17.508537,17.508537,17.508537,17.490471,17.418190,17.454338,17.742996,17.797005,17.706970,17.363930,17.092117,17.761002,17.544655,17.688942,17.273430,17.580750,17.580750,17.706970,17.868965,18.012718,17.670921,17.670921,17.706970,17.490471,17.598785,18.120361,17.761002,17.724983,17.670921,17.580750,17.868965,17.724983,17.886955,17.616829,17.815002,17.454338,17.994759,18.012718,17.850990,17.562698,18.245766,17.761002,18.424599,18.263664,18.192039,18.263664,18.281563,17.868965,18.209953,17.886955,18.388855,18.138290,17.797005,18.048607,18.120361,17.958839,18.442459,17.652901,18.102425,18.245766,17.904930,18.442459,18.084496,18.120361,18.567383,18.442459,18.102425,18.388855,18.227867,18.496017,18.317345,18.531708,18.852211,18.496017,18.585213,18.317345,18.281563,18.460312,18.496017,18.245766,18.460312,17.850990,18.513863,18.692123,18.638680,18.406731,18.138290,18.102425,18.120361,17.472412,17.670921,17.922905,18.120361,17.922905,18.317345,17.958839,18.102425,17.958839,18.335236,17.761002,18.317345,17.922905,18.012718,18.549545,18.567383,17.886955,18.174133,18.370995,18.370995,18.281563,18.084496,17.779015,18.442459,18.012718,18.066551,17.886955,18.263664,17.616829,18.156204,17.815002,17.761002,17.976807,17.958839,17.850990,17.904930,17.958839,17.382019,18.120361,17.742996,17.833000,17.634865,17.526596,17.994759,17.761002,17.382019,17.761002,17.670921,17.976807,17.652901,17.616829,17.742996,18.370995,17.255310,17.797005,17.634865,18.048607,18.084496,17.815002,17.688942,18.263664,17.490471,18.227867,17.544655,17.815002,18.048607,17.418190,18.048607,17.886955,17.886955,17.797005,18.120361,17.598785,17.922905,17.345833,17.886955,17.761002,18.174133,17.850990,18.281563,17.904930,17.670921,18.102425,17.886955,17.580750,18.084496,17.886955,17.634865,17.886955,17.544655,17.904930,17.670921,17.779015,17.688942,18.048607,17.922905,17.779015,17.815002,17.779015,17.850990,17.472412,18.084496,17.868965,18.192039,17.580750,17.850990,17.779015,17.706970,18.156204,18.102425,17.598785,17.670921,17.868965,17.742996,17.580750,17.779015,17.886955,17.761002,17.472412,17.976807,17.850990,17.508537,17.580750,18.156204,17.706970,18.048607,17.976807,18.048607,17.904930,17.994759,17.616829,18.102425,17.815002,18.317345,17.436272,18.388855,18.156204,17.922905,17.833000,18.174133,18.012718,18.281563,17.382019,17.688942,17.958839,17.940880,17.976807,18.174133,17.958839,17.706970,18.048607,17.922905,17.904930,17.742996,17.940880,17.940880,17.779015,17.833000,17.580750,17.724983,17.436272,17.598785,17.742996,17.490471,17.382019,17.490471,17.742996,17.562698,17.472412,17.363930,17.580750,17.598785,17.182823,17.562698,17.291534,17.345833,17.345833,17.309639,17.652901,17.291534,17.886955,17.345833,17.363930,17.670921,17.472412,17.976807,17.562698,17.868965,17.092117,17.472412,17.345833,17.670921,17.128418,17.128418,17.544655,17.345833,17.490471,17.382019,17.670921,17.580750,17.073982,17.634865,17.472412,17.490471,17.400101,17.436272,17.562698,17.472412,17.544655,17.490471,17.634865,17.327736,17.544655,18.048607,17.273430,17.472412,17.454338,17.291534,16.928627,17.363930,17.146553,17.472412,17.400101,17.797005,17.019493,17.850990,17.562698,16.874062,17.237198,17.436272,17.092117,17.019493,17.472412,17.400101,18.066551,17.779015,17.418190,17.833000,17.309639,17.706970,17.382019,17.273430,17.345833,17.327736,17.055817,17.073982,17.309639,17.526596,17.291534,17.526596,17.327736,17.128418,17.291534,17.382019,17.182823,16.855865,16.874062,17.146553,17.182823,16.855865,17.219078,17.001335,16.691910,17.219078,17.092117,16.691910,16.691910,16.801247,16.964989,17.146553,16.837654,16.910439,16.910439,16.874062,17.490471,17.219078,17.037659,16.545914,16.983162,17.073982,16.783035,16.910439,17.291534,16.326462,17.073982,16.673668,16.491104,16.691910,16.600693,16.928627,16.381371,17.055817,16.855865,16.545914,16.600693,16.326462,16.618950,17.291534,16.289825,16.363075,16.472824,16.819458,16.764816,17.128418,16.691910,16.928627,16.564171,16.964989,16.746590,17.092117,15.738518,16.032974,16.673668,16.088081,16.946808,16.582436,16.381371,16.143143,16.088081,16.124794,16.618950,16.271500,15.996223,15.720085,16.417961,15.793800,16.216530,16.124794,15.350533,15.406059,15.609375,16.509377,16.308144,15.720085,15.369041,15.701637,15.517014,15.904274,16.014603,15.109489,16.106438,15.885872,15.849052,15.701637,15.572441,15.443062,15.775375,15.646294,15.387550,15.239365,15.664742,15.517014,15.609375,15.406059,15.406059,14.886414,15.369041,14.998024,15.609375,15.165176,15.239365,14.793312,14.213860,15.332008,15.016617,15.535500,15.072350,14.606796,14.438606,14.942238,15.369041,15.016617,14.942238,14.494698,14.923637,14.288834,14.363747,14.195114,13.894524,13.649567,13.100769,13.328255,12.720398,11.454193,12.127769,
16.509377,16.655434,16.691910,16.454536,16.381371,16.673668,16.600693,16.691910,16.564171,17.073982,16.527649,16.746590,16.837654,16.545914,16.363075,16.491104,16.253181,16.344765,16.801247,16.271500,17.019493,16.637184,16.600693,16.124794,16.436256,16.399666,16.819458,16.472824,16.783035,16.308144,16.728371,16.363075,16.417961,16.344765,16.582436,16.855865,16.198189,16.655434,17.128418,16.673668,16.964989,16.399666,16.472824,16.271500,16.874062,16.764816,16.326462,16.417961,16.946808,16.710136,16.655434,16.673668,16.381371,16.417961,17.237198,16.837654,16.582436,16.564171,16.454536,16.691910,17.001335,16.673668,16.381371,17.073982,16.874062,16.618950,16.874062,16.783035,17.092117,17.237198,16.874062,16.855865,16.983162,16.946808,16.837654,16.728371,16.855865,16.855865,16.946808,16.728371,17.164696,17.164696,16.783035,17.001335,16.783035,16.618950,16.545914,16.326462,17.182823,16.582436,16.710136,17.001335,17.400101,16.564171,17.237198,17.237198,16.983162,16.855865,17.073982,16.983162,16.691910,17.037659,16.910439,17.237198,17.001335,16.710136,17.146553,17.055817,16.728371,17.309639,16.253181,17.001335,17.237198,17.019493,17.327736,17.182823,17.073982,17.237198,17.309639,17.490471,16.618950,17.073982,17.418190,16.964989,16.691910,17.670921,17.363930,17.219078,17.580750,17.400101,17.092117,16.928627,17.580750,17.490471,16.855865,17.544655,17.634865,17.291534,17.309639,17.436272,17.200951,17.797005,17.490471,17.327736,17.526596,17.182823,16.928627,17.526596,17.652901,17.598785,17.526596,17.273430,17.634865,17.200951,17.255310,17.309639,17.164696,16.928627,17.418190,17.382019,17.400101,17.526596,17.562698,17.706970,17.164696,17.200951,17.670921,17.688942,17.454338,17.472412,17.670921,17.490471,17.652901,17.363930,17.616829,17.363930,17.580750,17.418190,17.670921,17.670921,17.706970,17.706970,17.490471,17.363930,18.102425,17.436272,17.418190,17.219078,17.472412,17.616829,16.946808,17.833000,17.904930,17.922905,17.670921,17.904930,17.634865,17.779015,17.652901,17.833000,18.084496,17.994759,17.940880,18.192039,18.066551,17.400101,18.156204,18.066551,17.797005,18.084496,18.120361,17.958839,18.299454,18.156204,17.833000,17.904930,17.994759,17.850990,18.674309,17.958839,18.335236,17.868965,18.388855,18.048607,17.634865,18.603035,18.585213,18.299454,18.496017,18.209953,17.922905,18.012718,18.513863,18.317345,18.209953,18.567383,18.370995,18.066551,18.567383,18.531708,18.958771,18.370995,18.941017,18.674309,18.478165,18.335236,18.620857,18.585213,18.620857,18.513863,18.245766,18.174133,17.940880,18.335236,18.353111,18.066551,18.442459,18.299454,17.940880,17.904930,18.335236,18.317345,17.724983,18.460312,17.761002,18.030663,18.192039,18.353111,18.174133,18.084496,18.585213,18.370995,18.335236,18.048607,18.281563,18.442459,18.156204,17.922905,17.958839,18.048607,18.030663,17.958839,18.066551,17.761002,18.138290,17.797005,18.012718,17.940880,18.549545,17.976807,17.976807,18.084496,17.922905,17.418190,17.922905,17.761002,17.850990,18.335236,17.833000,17.706970,17.815002,17.976807,17.833000,17.868965,17.418190,17.868965,17.670921,18.048607,18.174133,17.562698,17.886955,17.580750,18.174133,18.227867,18.120361,18.066551,17.616829,17.904930,17.850990,18.066551,17.761002,17.940880,17.994759,17.508537,17.904930,17.652901,17.976807,17.940880,18.120361,17.580750,17.598785,17.706970,17.815002,17.616829,18.102425,17.940880,18.120361,17.922905,17.904930,17.815002,17.904930,17.940880,17.779015,18.156204,18.102425,17.797005,17.761002,17.562698,18.120361,17.634865,17.958839,17.850990,17.706970,17.688942,17.598785,17.598785,17.508537,17.237198,17.994759,18.066551,17.904930,17.436272,18.174133,18.048607,17.850990,17.815002,17.904930,17.779015,17.994759,17.688942,17.580750,17.850990,17.652901,17.761002,17.958839,18.048607,17.976807,18.030663,17.742996,18.012718,17.994759,17.922905,17.562698,17.868965,17.976807,17.886955,18.192039,17.490471,18.120361,17.779015,18.048607,17.886955,18.102425,17.273430,18.227867,17.688942,18.120361,18.174133,18.263664,17.994759,18.209953,17.544655,17.850990,18.192039,17.797005,17.833000,17.797005,17.850990,17.652901,17.724983,18.102425,17.904930,17.742996,17.309639,17.562698,17.598785,17.598785,18.138290,17.472412,17.454338,17.833000,17.273430,17.255310,17.219078,17.526596,17.219078,17.761002,17.706970,17.580750,17.382019,17.634865,17.092117,17.580750,16.964989,17.309639,16.928627,17.922905,17.363930,17.742996,17.164696,17.634865,17.382019,17.724983,17.055817,17.797005,17.833000,17.382019,17.652901,17.706970,18.030663,17.670921,17.598785,17.345833,17.526596,17.833000,17.436272,17.472412,17.508537,17.273430,17.490471,17.598785,17.273430,17.363930,17.490471,17.382019,17.327736,17.544655,17.706970,17.291534,17.544655,17.019493,17.742996,17.400101,17.724983,17.345833,17.742996,17.382019,17.526596,17.200951,17.797005,17.761002,17.255310,17.382019,16.855865,17.219078,17.110275,17.833000,17.345833,17.562698,17.001335,17.110275,17.598785,17.001335,17.598785,17.436272,17.490471,17.779015,16.946808,17.833000,17.273430,17.436272,17.219078,17.164696,17.019493,17.526596,17.128418,17.454338,17.634865,17.255310,16.910439,16.910439,17.164696,16.783035,16.855865,17.472412,17.182823,16.855865,17.273430,17.670921,16.618950,16.946808,17.363930,16.746590,17.363930,16.892258,16.910439,16.655434,16.746590,16.746590,16.728371,16.801247,17.255310,16.946808,17.073982,16.545914,16.910439,16.491104,16.673668,16.855865,16.855865,16.527649,17.092117,16.764816,16.564171,16.783035,16.928627,17.073982,17.037659,16.910439,16.946808,16.691910,16.710136,17.037659,16.582436,16.088081,16.618950,16.964989,17.037659,16.527649,17.200951,16.600693,16.564171,16.289825,16.344765,16.253181,16.637184,16.545914,16.801247,16.253181,16.069710,16.014603,16.964989,16.454536,16.179840,16.014603,16.289825,16.417961,15.977844,16.783035,16.014603,15.996223,16.253181,16.308144,16.088081,15.904274,16.271500,15.867470,15.885872,15.959457,15.183723,15.406059,15.720085,15.904274,15.646294,15.775375,15.443062,15.646294,15.572441,15.443062,15.646294,15.738518,15.406059,15.443062,15.793800,15.461563,15.332008,14.942238,15.387550,15.183723,14.979439,15.775375,14.737404,15.220818,15.572441,15.756950,15.146614,14.625465,15.165176,14.998024,14.998024,14.830566,14.867805,15.016617,14.737404,14.532082,14.494698,14.438606,14.476006,14.700096,14.644127,14.382469,14.270103,14.513397,13.950951,13.838051,13.460693,12.567825,12.089409,12.051033,10.853645,
15.738518,16.545914,16.655434,16.582436,16.417961,16.472824,16.344765,16.746590,16.454536,16.564171,16.783035,16.600693,16.710136,16.472824,16.928627,16.582436,16.637184,16.783035,16.417961,16.436256,16.783035,16.618950,16.819458,16.618950,16.216530,16.637184,16.855865,16.618950,16.637184,16.124794,17.055817,16.216530,16.637184,16.436256,16.271500,17.200951,16.801247,16.472824,16.564171,16.216530,17.073982,16.691910,16.491104,16.801247,16.837654,16.381371,16.728371,16.417961,16.253181,16.143143,17.526596,16.801247,16.253181,16.308144,16.417961,16.946808,16.454536,16.637184,16.691910,17.237198,16.527649,16.308144,16.801247,16.728371,16.801247,16.545914,16.582436,16.964989,16.728371,16.051353,16.783035,16.764816,16.545914,16.582436,16.983162,17.110275,16.545914,16.910439,16.892258,16.801247,16.710136,17.019493,16.545914,17.092117,17.200951,17.055817,16.637184,17.001335,16.892258,16.271500,16.874062,16.855865,16.928627,17.055817,17.418190,16.837654,16.545914,17.001335,17.382019,16.855865,16.892258,16.928627,16.874062,17.146553,16.946808,16.746590,16.746590,17.237198,16.582436,16.564171,17.291534,17.037659,17.327736,16.910439,17.164696,17.219078,16.728371,17.001335,17.472412,17.001335,17.598785,16.946808,17.255310,17.164696,17.200951,17.055817,17.562698,16.946808,17.544655,17.598785,17.055817,17.526596,17.616829,16.892258,17.345833,17.237198,17.454338,17.219078,17.580750,17.092117,17.273430,17.454338,17.291534,16.983162,17.110275,17.128418,17.273430,17.382019,17.073982,16.819458,17.472412,17.309639,17.345833,17.128418,17.490471,17.779015,17.634865,17.273430,17.580750,17.255310,17.706970,17.400101,17.182823,17.237198,16.874062,17.580750,17.688942,17.400101,17.833000,17.110275,17.472412,17.327736,17.508537,17.363930,17.562698,17.092117,17.128418,17.092117,17.454338,17.309639,18.012718,17.580750,17.436272,17.922905,17.255310,17.526596,17.634865,17.688942,17.850990,17.833000,17.562698,17.994759,17.815002,17.833000,17.616829,17.670921,17.779015,17.382019,17.508537,17.526596,17.382019,17.634865,18.084496,17.652901,17.418190,17.850990,17.976807,18.048607,18.192039,17.976807,18.496017,17.976807,18.012718,17.994759,18.281563,18.120361,18.299454,18.084496,18.460312,18.227867,18.281563,18.245766,18.531708,17.634865,18.120361,17.886955,18.245766,18.084496,18.745514,17.833000,18.353111,18.406731,18.585213,18.209953,18.478165,18.138290,18.299454,18.763306,18.424599,18.263664,18.887749,18.370995,18.388855,18.816666,18.745514,18.496017,18.460312,18.317345,18.478165,18.620857,18.585213,18.227867,18.406731,18.156204,18.209953,18.120361,18.192039,17.706970,18.227867,18.192039,18.531708,18.048607,18.335236,18.174133,18.048607,18.281563,18.138290,18.317345,18.102425,17.904930,18.192039,17.940880,18.281563,18.424599,18.030663,17.886955,18.174133,18.245766,17.922905,18.299454,17.922905,17.994759,17.868965,17.940880,18.227867,18.120361,18.192039,17.886955,17.598785,17.797005,17.833000,18.066551,17.976807,17.688942,17.976807,18.120361,18.120361,17.490471,18.066551,18.066551,17.797005,17.904930,18.460312,18.138290,18.030663,18.066551,18.102425,18.012718,17.850990,18.048607,17.886955,17.688942,17.904930,17.922905,17.958839,18.245766,18.102425,17.868965,18.138290,17.562698,17.634865,17.797005,18.102425,17.580750,18.138290,17.797005,17.634865,17.886955,17.670921,18.084496,17.958839,17.815002,17.598785,18.012718,17.472412,17.797005,18.138290,18.227867,17.670921,17.779015,17.742996,17.904930,17.634865,18.120361,17.994759,17.922905,17.904930,17.544655,17.562698,17.616829,18.138290,17.850990,17.833000,17.904930,18.012718,18.245766,17.940880,18.120361,17.616829,17.886955,17.815002,17.904930,17.562698,17.850990,17.976807,17.797005,18.138290,18.102425,17.526596,18.156204,17.868965,17.994759,17.850990,17.815002,18.066551,17.544655,17.797005,17.742996,18.299454,17.688942,18.138290,17.634865,18.353111,17.940880,18.299454,17.922905,17.742996,18.030663,18.406731,18.066551,17.940880,17.958839,17.815002,17.958839,18.299454,18.048607,17.922905,18.138290,17.868965,17.815002,17.833000,17.761002,18.084496,18.030663,17.742996,17.327736,17.562698,17.886955,17.742996,18.209953,17.688942,18.245766,17.815002,17.742996,17.490471,17.904930,17.526596,18.102425,17.904930,17.418190,17.598785,17.562698,17.580750,17.273430,17.255310,17.797005,17.797005,17.562698,17.850990,17.327736,17.688942,17.363930,17.562698,17.345833,17.472412,17.418190,17.779015,17.037659,17.110275,17.724983,17.037659,17.128418,17.508537,17.580750,17.652901,17.454338,17.815002,17.400101,17.706970,17.490471,17.363930,17.219078,17.779015,17.688942,17.291534,17.580750,17.994759,17.418190,17.436272,17.472412,17.128418,17.652901,17.598785,17.164696,17.454338,17.327736,17.454338,16.983162,16.928627,17.382019,17.706970,17.490471,16.964989,17.309639,17.526596,17.508537,17.742996,17.724983,17.670921,17.273430,17.363930,17.598785,16.874062,17.400101,17.345833,17.128418,17.742996,17.598785,17.363930,17.382019,17.273430,17.526596,17.182823,17.237198,17.562698,17.255310,18.012718,17.688942,17.382019,17.182823,16.946808,17.327736,17.309639,17.001335,17.327736,17.273430,16.892258,17.164696,17.508537,17.580750,16.874062,16.892258,16.874062,17.001335,17.634865,16.710136,16.892258,17.092117,17.273430,17.019493,16.946808,16.910439,17.200951,16.819458,16.983162,17.019493,16.509377,17.037659,17.327736,17.309639,16.874062,16.746590,17.128418,16.764816,17.219078,17.309639,16.764816,17.472412,16.637184,16.271500,17.200951,16.710136,16.271500,16.837654,16.764816,16.910439,17.219078,17.019493,16.710136,17.182823,16.289825,16.819458,16.344765,16.910439,16.472824,16.618950,17.055817,16.746590,16.289825,16.253181,16.946808,16.582436,16.855865,16.253181,16.710136,16.673668,16.399666,16.801247,16.399666,16.545914,16.106438,16.308144,16.253181,16.161499,15.959457,15.977844,16.728371,16.326462,16.069710,15.830643,15.977844,15.406059,16.783035,15.720085,15.996223,15.498535,15.424561,16.161499,16.106438,15.683197,16.179840,16.014603,16.271500,15.720085,15.867470,15.424561,15.646294,16.069710,15.332008,15.369041,16.344765,15.480049,15.590912,15.090919,15.128059,15.498535,15.294960,15.202286,15.867470,14.550774,15.257896,14.718750,15.220818,15.590912,15.480049,15.239365,15.313492,14.644127,15.461563,15.350533,14.811943,15.016617,14.756035,14.811943,14.830566,14.476006,14.830566,14.438606,14.700096,14.120049,14.120049,14.195114,13.894524,14.007355,13.441788,12.357613,12.967819,12.510529,12.644142,11.202805,
14.905037,16.472824,16.381371,16.874062,16.399666,16.216530,16.801247,16.344765,16.417961,16.655434,16.454536,16.289825,16.216530,16.472824,16.874062,15.775375,16.892258,15.922668,16.618950,16.253181,16.783035,16.088081,16.472824,16.783035,15.904274,16.289825,16.143143,16.764816,16.454536,16.637184,16.618950,16.271500,16.564171,16.106438,16.564171,16.582436,16.728371,16.344765,16.271500,16.655434,16.582436,16.801247,16.271500,16.964989,16.344765,17.001335,16.417961,16.673668,16.472824,16.910439,16.874062,16.271500,16.764816,16.946808,16.655434,17.037659,16.472824,16.472824,16.928627,17.001335,16.454536,16.545914,16.783035,16.308144,16.399666,16.874062,16.417961,16.655434,16.618950,17.001335,16.764816,16.892258,17.055817,16.326462,16.910439,17.092117,16.783035,17.037659,17.182823,17.019493,17.001335,16.472824,16.728371,16.837654,16.710136,16.491104,16.600693,16.344765,16.964989,16.673668,16.874062,16.764816,17.273430,16.691910,16.946808,16.946808,17.001335,16.801247,16.983162,16.819458,16.837654,16.691910,17.273430,16.837654,16.618950,16.381371,17.055817,17.019493,16.837654,16.710136,17.200951,16.892258,16.837654,17.508537,17.182823,17.327736,17.092117,17.418190,16.892258,16.928627,16.946808,17.182823,17.146553,17.436272,16.417961,16.764816,17.110275,17.146553,17.055817,17.037659,16.964989,17.001335,17.200951,17.182823,17.616829,16.783035,17.508537,17.291534,17.562698,17.110275,17.200951,17.073982,17.237198,17.436272,17.291534,17.544655,17.164696,17.110275,17.490471,17.363930,17.634865,17.598785,16.837654,17.363930,17.164696,17.436272,17.472412,17.255310,17.454338,17.562698,17.670921,17.092117,17.382019,17.255310,17.688942,17.454338,17.634865,17.526596,17.001335,17.255310,17.327736,17.164696,17.273430,17.345833,17.850990,17.850990,17.815002,17.742996,17.815002,17.490471,17.472412,17.670921,17.598785,17.490471,17.616829,17.598785,17.418190,17.742996,17.742996,17.761002,17.634865,17.616829,17.868965,17.670921,17.922905,17.562698,18.102425,17.634865,17.815002,17.688942,18.048607,18.353111,17.436272,17.833000,17.742996,17.797005,18.209953,17.724983,18.048607,18.335236,18.012718,18.209953,18.030663,18.156204,18.138290,18.638680,18.156204,17.797005,18.496017,18.066551,18.227867,17.886955,18.066551,18.245766,18.370995,18.335236,18.603035,18.317345,18.335236,18.120361,18.478165,18.209953,18.317345,18.317345,18.388855,18.976524,18.353111,18.353111,18.370995,18.424599,18.585213,18.209953,18.460312,18.496017,18.084496,18.674309,18.727722,18.281563,18.120361,18.531708,18.603035,18.102425,18.335236,17.994759,18.585213,18.012718,18.335236,18.299454,18.174133,18.084496,18.192039,18.066551,17.976807,18.138290,18.227867,18.066551,18.585213,17.742996,18.245766,18.335236,18.174133,18.120361,18.138290,17.634865,17.868965,18.192039,18.353111,18.156204,17.815002,18.030663,17.886955,18.192039,17.886955,18.120361,18.048607,17.994759,18.192039,17.940880,17.797005,18.245766,17.922905,17.345833,17.472412,18.030663,18.299454,17.779015,17.688942,18.102425,17.868965,17.868965,17.833000,18.120361,17.886955,18.102425,17.652901,17.940880,17.724983,17.958839,17.850990,17.526596,17.436272,17.886955,17.904930,17.616829,18.496017,17.850990,17.779015,18.138290,18.012718,18.138290,17.958839,17.815002,17.688942,18.335236,17.652901,18.120361,17.886955,17.868965,17.833000,18.192039,18.102425,18.012718,17.670921,18.084496,17.797005,17.904930,17.922905,17.652901,17.994759,17.688942,17.724983,17.815002,17.904930,17.742996,18.192039,18.138290,17.940880,17.922905,18.066551,17.779015,18.263664,17.742996,17.815002,17.580750,17.652901,17.940880,17.922905,18.012718,17.580750,18.174133,17.526596,17.994759,18.048607,18.138290,17.508537,18.174133,17.508537,17.742996,17.886955,17.688942,17.922905,17.815002,17.580750,17.724983,18.317345,17.815002,17.779015,17.904930,18.138290,17.436272,18.066551,17.688942,18.030663,17.472412,18.263664,18.012718,18.174133,18.245766,17.922905,17.994759,18.120361,18.620857,18.388855,17.904930,18.102425,17.833000,17.940880,17.562698,18.156204,17.940880,18.138290,17.634865,17.850990,17.976807,17.580750,17.940880,17.994759,18.030663,17.850990,17.616829,17.904930,17.850990,17.652901,17.958839,17.544655,17.833000,18.335236,18.102425,17.761002,17.742996,17.562698,17.436272,17.598785,17.706970,17.490471,17.526596,17.454338,17.724983,17.833000,17.580750,17.886955,17.490471,17.742996,17.508537,17.327736,17.544655,17.580750,17.255310,17.472412,17.363930,17.400101,17.652901,17.382019,17.219078,17.562698,17.508537,17.544655,17.363930,17.670921,18.012718,17.562698,17.815002,17.850990,17.436272,17.200951,17.688942,17.634865,17.580750,17.219078,17.345833,17.598785,17.436272,18.138290,17.019493,17.580750,17.850990,17.418190,17.400101,17.815002,17.128418,17.327736,17.418190,17.182823,17.327736,17.327736,17.652901,17.363930,17.363930,17.110275,17.454338,17.327736,17.418190,17.363930,17.345833,17.019493,17.544655,17.237198,17.200951,17.255310,17.454338,17.255310,17.382019,16.710136,17.345833,17.436272,17.001335,17.436272,17.363930,17.200951,17.345833,17.526596,17.219078,16.655434,16.710136,17.219078,17.490471,17.219078,16.983162,17.345833,17.219078,16.728371,17.037659,17.200951,17.055817,17.200951,16.946808,16.783035,16.964989,16.855865,17.237198,16.855865,16.746590,16.964989,17.073982,17.110275,16.509377,16.728371,16.600693,16.983162,16.983162,16.801247,17.146553,16.655434,16.764816,16.564171,16.819458,16.855865,17.110275,16.637184,16.673668,16.344765,16.527649,16.764816,16.527649,16.600693,16.491104,16.344765,17.019493,16.783035,16.234848,16.637184,16.691910,16.637184,16.509377,16.819458,16.618950,16.710136,16.216530,16.417961,16.564171,17.055817,16.271500,17.237198,16.637184,17.363930,16.655434,16.691910,16.436256,16.637184,16.363075,16.673668,15.793800,16.088081,15.959457,16.436256,15.756950,16.253181,15.646294,16.088081,15.720085,16.234848,15.683197,16.106438,16.417961,15.812218,15.498535,16.124794,16.069710,15.775375,15.720085,15.572441,15.830643,15.959457,15.904274,15.683197,15.683197,15.646294,15.072350,15.128059,15.128059,15.830643,15.941071,16.253181,15.443062,15.424561,15.443062,15.294960,15.035194,15.867470,15.369041,15.461563,15.128059,15.443062,15.332008,15.146614,15.276436,15.387550,15.035194,15.276436,15.424561,14.494698,15.590912,14.662788,14.494698,14.998024,14.830566,14.737404,14.700096,14.811943,14.737404,14.270103,14.401184,14.401184,14.345024,13.706154,13.422867,13.024826,12.853714,11.858910,11.801193,
15.830643,16.124794,16.801247,16.344765,16.618950,15.941071,16.198189,16.673668,16.728371,16.326462,16.600693,16.308144,16.946808,16.216530,16.874062,16.600693,16.051353,17.291534,16.509377,16.892258,16.326462,16.436256,16.764816,16.454536,16.472824,16.216530,16.472824,16.253181,16.417961,16.436256,16.454536,16.216530,16.564171,16.198189,16.088081,16.326462,16.691910,16.874062,16.216530,16.454536,16.326462,16.472824,16.179840,15.812218,17.273430,16.326462,16.819458,16.910439,16.728371,16.363075,16.381371,16.600693,16.764816,16.783035,16.764816,17.110275,16.746590,16.855865,16.472824,16.216530,17.382019,16.509377,17.092117,16.618950,17.110275,16.399666,17.092117,16.564171,16.710136,16.527649,16.618950,16.582436,17.037659,17.019493,16.710136,16.964989,17.128418,16.783035,17.291534,16.855865,16.691910,17.019493,16.874062,17.037659,17.092117,16.673668,16.655434,16.764816,17.092117,17.037659,16.964989,17.037659,16.783035,17.001335,17.001335,16.855865,16.892258,16.983162,16.928627,16.764816,17.291534,16.874062,16.417961,16.964989,16.946808,16.691910,16.928627,17.001335,17.146553,16.746590,17.110275,16.983162,17.200951,17.382019,16.910439,16.764816,17.073982,16.910439,17.110275,16.746590,16.946808,17.164696,17.345833,16.928627,17.255310,16.874062,17.200951,16.855865,17.273430,17.073982,17.454338,17.382019,17.055817,17.219078,17.400101,17.182823,17.616829,17.164696,17.237198,16.964989,17.472412,17.164696,17.237198,17.436272,17.652901,17.580750,17.309639,17.363930,17.526596,17.073982,17.472412,17.237198,17.255310,17.291534,17.019493,17.363930,17.382019,17.146553,17.616829,17.400101,17.400101,17.037659,17.580750,17.418190,17.255310,17.616829,17.400101,17.182823,17.797005,17.490471,17.255310,17.670921,17.382019,17.742996,18.012718,17.472412,17.544655,17.544655,17.472412,17.363930,17.526596,17.400101,17.526596,17.616829,17.797005,17.761002,17.904930,17.688942,17.580750,17.742996,17.363930,17.833000,17.886955,17.598785,17.580750,17.400101,17.544655,17.670921,17.958839,17.670921,17.797005,17.634865,17.670921,17.580750,17.850990,17.472412,17.761002,17.833000,17.779015,17.833000,17.940880,18.281563,17.958839,18.030663,18.138290,18.335236,18.299454,18.263664,18.406731,18.263664,18.227867,18.174133,18.281563,18.513863,18.317345,18.281563,18.513863,18.353111,18.353111,18.781090,18.531708,18.174133,18.424599,18.281563,18.209953,18.442459,18.192039,18.442459,18.281563,18.102425,18.727722,18.370995,18.460312,18.531708,18.692123,18.353111,18.370995,18.496017,18.656494,18.424599,18.388855,18.192039,18.424599,18.245766,18.496017,18.388855,18.012718,18.460312,18.102425,18.317345,17.958839,18.692123,18.406731,18.084496,18.156204,18.317345,17.958839,17.994759,17.868965,18.048607,18.048607,17.886955,17.868965,18.263664,18.084496,17.994759,17.815002,18.209953,18.353111,17.616829,17.904930,17.922905,17.940880,17.850990,17.868965,18.478165,18.174133,17.994759,18.030663,18.102425,17.652901,17.922905,17.994759,17.922905,17.976807,17.580750,18.048607,17.779015,18.174133,18.120361,17.922905,18.156204,17.706970,17.327736,17.616829,17.940880,17.598785,17.742996,17.797005,17.616829,18.030663,17.688942,17.400101,17.958839,17.994759,17.922905,17.652901,17.724983,18.156204,18.084496,17.797005,17.742996,17.868965,17.886955,17.940880,18.120361,17.976807,17.833000,17.724983,17.562698,17.472412,17.779015,18.353111,17.634865,17.598785,18.245766,18.084496,17.688942,18.066551,18.030663,17.868965,17.868965,18.174133,17.797005,18.192039,17.706970,17.904930,17.490471,17.904930,18.048607,17.544655,17.724983,18.120361,17.779015,17.237198,17.634865,17.797005,17.598785,18.174133,18.048607,17.833000,17.958839,17.958839,17.994759,17.904930,18.120361,17.904930,18.192039,17.797005,17.544655,17.976807,17.706970,18.156204,17.850990,17.994759,17.886955,17.922905,17.868965,18.138290,18.120361,18.030663,18.102425,17.940880,17.994759,18.156204,18.192039,17.922905,18.263664,17.833000,18.048607,18.299454,18.084496,17.904930,17.922905,17.886955,17.706970,18.299454,18.048607,18.030663,17.724983,17.761002,18.156204,18.227867,18.102425,17.363930,17.742996,17.868965,18.174133,17.868965,18.030663,18.156204,17.850990,17.544655,17.940880,17.562698,17.797005,18.012718,17.526596,17.833000,17.634865,17.652901,17.146553,17.815002,17.761002,17.598785,17.742996,17.706970,17.904930,17.382019,17.652901,17.815002,17.382019,17.706970,17.580750,17.418190,17.815002,17.291534,17.779015,17.291534,17.724983,17.382019,17.418190,17.761002,17.797005,17.237198,17.634865,17.742996,17.670921,17.742996,17.019493,17.833000,17.580750,17.490471,17.652901,17.472412,17.363930,17.580750,17.580750,17.815002,17.634865,17.073982,17.363930,17.779015,17.073982,17.128418,17.652901,17.472412,17.255310,17.454338,17.291534,17.363930,17.327736,17.634865,17.273430,17.418190,17.382019,17.761002,17.562698,17.073982,17.472412,17.616829,17.363930,17.544655,17.436272,17.146553,17.291534,17.580750,17.363930,17.400101,17.616829,17.327736,17.598785,17.291534,17.309639,17.580750,17.526596,17.779015,17.454338,17.508537,16.673668,17.146553,17.400101,17.742996,17.670921,17.345833,17.073982,17.472412,16.728371,17.418190,16.964989,17.110275,17.345833,16.874062,16.837654,17.454338,17.055817,17.327736,16.855865,17.237198,17.001335,16.946808,16.983162,17.291534,17.291534,17.200951,17.309639,17.092117,17.327736,16.819458,16.837654,17.055817,16.855865,16.910439,17.200951,17.219078,16.928627,16.436256,16.582436,16.983162,16.527649,16.399666,16.417961,16.564171,16.124794,16.069710,16.417961,16.728371,16.271500,16.326462,16.637184,16.454536,16.545914,16.253181,16.436256,16.855865,16.637184,16.764816,16.801247,16.472824,16.436256,16.764816,17.037659,16.344765,16.363075,16.417961,16.491104,16.582436,16.472824,16.618950,16.710136,17.110275,16.417961,16.124794,16.655434,16.491104,16.564171,15.812218,16.216530,16.234848,16.106438,16.308144,15.793800,15.922668,15.664742,15.977844,15.535500,15.517014,15.996223,15.941071,15.165176,16.088081,16.088081,15.941071,15.387550,15.664742,15.812218,15.572441,15.775375,15.257896,15.294960,15.165176,15.830643,16.234848,15.553970,15.572441,15.646294,15.830643,14.886414,14.606796,15.443062,14.998024,15.498535,15.035194,15.294960,15.220818,15.683197,14.718750,15.257896,15.072350,14.960838,15.904274,14.681450,15.332008,15.090919,14.718750,14.737404,14.830566,15.053780,14.644127,14.737404,14.307571,14.644127,14.513397,14.082504,13.725006,13.725006,13.024826,11.955025,11.704933,11.028381,
15.756950,16.527649,16.363075,16.618950,16.582436,16.509377,16.472824,16.399666,16.472824,16.509377,16.855865,16.564171,16.271500,16.381371,16.618950,16.381371,16.691910,16.892258,17.019493,16.582436,16.946808,16.472824,16.399666,15.627831,16.344765,16.253181,16.289825,15.849052,16.527649,16.417961,16.381371,16.069710,16.069710,16.527649,16.491104,16.673668,16.253181,16.582436,16.527649,16.618950,16.582436,16.344765,16.691910,16.234848,16.564171,16.618950,16.344765,17.327736,15.977844,17.019493,16.436256,16.637184,16.436256,16.161499,16.837654,16.198189,16.326462,16.892258,16.892258,16.764816,17.001335,16.600693,16.710136,16.436256,16.783035,16.436256,16.582436,16.600693,16.892258,16.491104,17.037659,16.491104,16.710136,16.910439,17.273430,16.436256,17.291534,16.783035,17.309639,16.946808,17.037659,16.564171,16.527649,16.381371,17.037659,16.964989,16.381371,16.964989,16.637184,16.289825,16.892258,16.892258,17.019493,16.892258,16.837654,16.874062,16.928627,16.618950,17.273430,17.182823,16.764816,16.855865,16.582436,16.600693,16.837654,16.892258,16.728371,16.874062,16.983162,17.273430,16.801247,16.946808,16.946808,16.928627,16.928627,16.874062,16.801247,17.472412,17.327736,17.219078,17.001335,17.055817,16.746590,17.182823,16.746590,17.001335,17.273430,16.983162,17.273430,17.454338,17.273430,17.019493,17.200951,17.291534,17.182823,17.309639,17.164696,17.400101,17.418190,17.110275,17.616829,17.382019,17.073982,17.055817,17.670921,17.291534,17.688942,17.164696,16.892258,17.526596,17.128418,17.291534,17.309639,17.382019,17.273430,17.200951,17.237198,17.508537,17.182823,17.273430,17.598785,17.688942,17.128418,17.454338,17.382019,17.652901,17.526596,17.363930,17.454338,17.418190,17.418190,17.761002,17.400101,17.363930,17.922905,17.544655,17.146553,17.472412,17.616829,17.345833,17.598785,17.904930,17.976807,17.508537,17.562698,17.833000,17.598785,17.761002,17.562698,17.418190,17.724983,17.670921,17.742996,18.227867,17.490471,17.580750,17.922905,17.688942,17.724983,17.580750,17.868965,17.400101,17.580750,17.868965,17.508537,17.706970,18.030663,17.670921,18.102425,18.299454,18.174133,18.102425,18.388855,18.370995,18.727722,18.156204,18.388855,18.263664,18.263664,18.209953,18.335236,18.460312,18.531708,18.209953,18.406731,18.192039,18.030663,18.048607,18.156204,18.406731,18.406731,18.084496,17.922905,17.940880,18.209953,18.299454,18.370995,18.317345,18.353111,18.084496,18.549545,18.406731,18.603035,18.620857,18.084496,18.941017,18.388855,18.388855,18.335236,18.406731,18.138290,18.299454,18.245766,18.335236,18.102425,17.994759,18.299454,18.263664,17.833000,17.994759,18.209953,17.815002,17.904930,17.670921,18.156204,18.281563,18.084496,17.940880,18.424599,17.976807,18.156204,18.388855,18.156204,18.263664,18.066551,17.904930,18.263664,17.976807,18.227867,18.066551,17.850990,18.138290,17.652901,18.156204,17.706970,17.976807,18.156204,18.048607,17.742996,18.299454,17.724983,17.850990,18.263664,17.634865,17.815002,17.850990,18.156204,17.850990,17.940880,17.833000,17.904930,17.868965,17.958839,17.400101,17.761002,17.761002,18.209953,18.012718,17.724983,17.779015,17.850990,17.454338,17.868965,17.616829,17.436272,17.797005,17.472412,17.761002,17.580750,17.688942,17.868965,17.761002,18.048607,17.418190,17.868965,17.886955,17.797005,18.030663,18.138290,17.779015,17.616829,17.833000,17.850990,17.797005,17.598785,18.012718,18.012718,17.958839,18.102425,17.598785,17.436272,17.958839,17.994759,17.815002,17.886955,17.850990,17.670921,18.192039,17.670921,17.940880,17.508537,17.904930,17.994759,17.616829,17.670921,17.940880,17.580750,17.761002,17.850990,17.779015,17.958839,17.562698,18.209953,17.688942,18.549545,17.544655,17.850990,17.850990,18.030663,18.442459,18.066551,17.779015,18.299454,17.598785,17.652901,17.616829,17.616829,17.833000,18.120361,18.209953,18.460312,18.012718,17.868965,18.048607,17.994759,18.012718,18.012718,17.904930,17.976807,18.156204,18.227867,18.174133,17.742996,18.012718,17.797005,17.833000,18.192039,18.084496,18.567383,17.976807,18.102425,17.797005,18.120361,17.868965,17.850990,17.886955,18.692123,17.940880,17.382019,17.850990,17.562698,18.066551,17.616829,17.779015,17.868965,17.886955,17.815002,17.544655,17.994759,17.797005,17.815002,17.544655,17.616829,17.598785,17.200951,17.472412,17.418190,17.652901,17.706970,17.850990,18.012718,17.652901,17.688942,17.418190,17.904930,17.761002,17.526596,17.634865,17.400101,17.273430,17.670921,17.472412,17.833000,17.273430,17.436272,17.616829,17.742996,17.363930,17.616829,17.634865,17.472412,17.418190,17.472412,17.490471,17.164696,17.562698,17.508537,17.309639,17.508537,17.490471,17.797005,17.363930,17.580750,17.670921,17.562698,17.508537,17.128418,17.436272,16.892258,17.110275,17.472412,17.327736,17.652901,17.616829,17.291534,17.219078,17.164696,17.472412,17.363930,17.182823,17.291534,17.273430,17.508537,16.946808,17.706970,17.797005,17.580750,17.976807,17.291534,17.670921,17.994759,17.508537,17.418190,17.110275,17.508537,17.291534,17.886955,17.327736,17.255310,16.983162,17.309639,17.055817,17.418190,16.801247,17.490471,17.418190,17.110275,17.400101,17.182823,16.928627,17.327736,17.128418,16.819458,17.291534,17.598785,17.200951,16.910439,16.983162,16.946808,17.200951,16.582436,16.691910,17.128418,17.200951,16.983162,17.327736,16.746590,17.146553,17.616829,16.819458,17.001335,16.655434,17.128418,17.092117,16.764816,17.073982,17.073982,16.783035,16.746590,16.691910,16.655434,16.892258,16.545914,16.819458,16.710136,16.783035,16.637184,16.691910,16.710136,16.289825,16.417961,16.910439,16.491104,16.308144,16.088081,16.874062,16.454536,16.436256,16.801247,15.867470,15.867470,16.179840,16.253181,16.491104,16.253181,16.764816,16.253181,16.234848,16.637184,16.582436,15.793800,16.509377,16.855865,15.977844,16.271500,15.922668,15.977844,15.959457,15.996223,16.472824,15.904274,16.069710,16.344765,16.527649,15.239365,15.738518,15.885872,15.849052,16.216530,16.106438,15.369041,15.756950,16.179840,15.720085,15.720085,15.830643,15.498535,15.165176,15.053780,15.313492,15.109489,15.220818,15.646294,15.830643,14.942238,15.443062,15.239365,15.535500,15.313492,15.072350,14.849190,15.406059,15.202286,15.016617,15.257896,15.053780,14.625465,14.270103,15.257896,14.942238,15.294960,14.700096,14.737404,15.572441,14.606796,14.457298,14.232613,14.101280,15.202286,14.288834,14.905037,14.419891,13.592949,13.894524,13.668427,12.872734,12.510529,12.796600,11.955025,10.834213,
15.609375,16.271500,16.783035,16.161499,16.454536,16.198189,16.363075,16.582436,16.655434,16.564171,16.344765,16.819458,16.381371,16.454536,16.564171,16.545914,16.545914,16.326462,16.801247,16.344765,16.289825,16.253181,16.618950,16.289825,16.691910,16.344765,16.253181,16.399666,17.345833,16.710136,15.683197,16.106438,16.381371,16.637184,16.436256,16.417961,16.381371,16.527649,16.234848,16.928627,16.491104,15.849052,16.964989,16.436256,16.381371,16.564171,16.600693,16.326462,16.124794,16.710136,17.092117,16.946808,16.837654,16.801247,17.146553,16.710136,16.014603,16.600693,16.892258,16.637184,16.436256,16.764816,16.946808,16.728371,16.691910,16.527649,16.764816,16.764816,16.874062,16.837654,16.983162,16.783035,16.728371,16.637184,16.874062,17.073982,16.837654,16.637184,17.037659,16.746590,16.417961,16.710136,17.508537,16.964989,16.472824,16.855865,16.874062,16.710136,17.128418,16.892258,17.182823,16.837654,16.764816,16.637184,17.345833,17.073982,16.600693,16.783035,17.309639,17.073982,16.673668,16.582436,17.019493,17.237198,16.983162,16.764816,16.637184,17.255310,16.855865,17.055817,16.564171,17.001335,17.454338,16.928627,17.472412,16.837654,16.637184,17.128418,16.964989,17.200951,17.255310,17.164696,17.255310,16.892258,17.472412,16.855865,17.092117,17.400101,17.526596,17.309639,17.382019,17.055817,17.490471,17.706970,17.146553,17.418190,16.874062,17.634865,17.092117,17.182823,17.146553,17.436272,17.562698,17.164696,17.526596,17.508537,17.472412,17.436272,17.616829,17.345833,17.273430,17.472412,17.490471,17.309639,17.309639,17.400101,17.164696,17.092117,17.508537,17.092117,17.418190,17.255310,17.164696,17.363930,16.892258,17.454338,17.742996,17.490471,17.400101,17.309639,17.670921,17.237198,17.544655,17.706970,17.128418,17.688942,17.940880,17.706970,17.237198,17.309639,17.797005,17.724983,17.833000,17.508537,17.670921,17.382019,17.598785,17.490471,17.761002,17.616829,17.345833,17.904930,17.706970,17.400101,17.706970,17.833000,18.084496,17.724983,17.688942,17.418190,17.652901,17.508537,17.634865,17.761002,17.940880,17.850990,18.263664,17.544655,18.299454,17.815002,17.688942,17.940880,18.084496,17.976807,18.496017,18.263664,18.370995,18.227867,17.940880,18.192039,18.299454,18.102425,18.424599,18.513863,18.102425,18.335236,18.245766,18.549545,18.869980,18.192039,18.406731,18.816666,18.138290,18.834435,18.585213,18.638680,18.531708,17.958839,18.745514,18.281563,18.531708,18.227867,18.335236,18.496017,18.442459,18.531708,18.531708,18.478165,17.994759,18.370995,18.102425,18.281563,18.781090,18.513863,18.335236,18.620857,17.850990,18.370995,18.209953,18.209953,18.156204,18.353111,18.335236,18.299454,18.012718,17.688942,18.620857,18.084496,18.030663,17.761002,18.084496,18.156204,18.245766,18.335236,17.868965,18.156204,18.531708,18.317345,18.709923,17.868965,17.833000,17.761002,17.940880,18.317345,18.102425,18.209953,18.174133,18.048607,18.227867,18.102425,18.138290,18.227867,17.940880,18.281563,17.742996,17.616829,18.263664,17.706970,17.779015,17.742996,17.958839,17.598785,18.388855,17.797005,17.742996,17.436272,17.616829,17.904930,17.940880,17.761002,17.688942,17.904930,18.138290,18.048607,18.084496,17.868965,17.833000,17.815002,17.544655,17.833000,18.084496,17.634865,18.102425,17.976807,17.761002,18.120361,17.850990,17.652901,17.797005,18.084496,18.012718,17.508537,17.940880,17.670921,17.580750,17.670921,17.724983,17.598785,18.102425,17.797005,18.102425,17.724983,17.598785,17.706970,17.616829,17.724983,17.652901,17.994759,17.291534,17.976807,17.580750,17.797005,18.138290,17.544655,18.048607,17.562698,17.833000,17.742996,17.652901,17.904930,18.012718,18.066551,18.156204,18.030663,17.797005,17.833000,17.724983,17.922905,17.724983,18.138290,17.833000,17.598785,18.048607,17.940880,17.562698,17.634865,17.291534,18.066551,17.850990,17.779015,18.120361,18.102425,18.048607,17.940880,18.066551,17.940880,17.850990,18.120361,18.066551,17.724983,17.580750,18.048607,17.958839,18.245766,18.102425,18.156204,17.652901,18.030663,17.958839,18.120361,18.030663,17.994759,18.424599,18.066551,17.958839,17.904930,17.724983,17.616829,17.670921,17.833000,17.779015,17.742996,17.724983,17.634865,17.886955,17.797005,17.526596,17.544655,17.616829,17.850990,17.544655,17.508537,17.255310,17.761002,17.508537,17.508537,17.670921,17.436272,17.508537,17.037659,17.418190,17.850990,17.400101,17.273430,17.616829,17.472412,17.688942,17.110275,17.761002,17.508537,17.724983,17.092117,17.616829,17.418190,17.761002,17.526596,17.886955,17.616829,18.066551,17.526596,17.055817,17.940880,17.400101,17.345833,17.958839,17.598785,17.472412,17.073982,17.652901,17.255310,17.634865,17.382019,17.400101,17.779015,17.327736,17.526596,17.418190,17.400101,17.652901,17.472412,17.454338,17.418190,16.910439,17.219078,17.472412,17.418190,17.400101,17.164696,17.436272,17.092117,17.833000,17.400101,17.490471,17.815002,17.652901,17.273430,17.616829,17.309639,17.742996,17.327736,17.400101,17.761002,17.779015,17.797005,17.291534,17.670921,17.219078,17.508537,17.400101,17.291534,17.616829,17.037659,17.382019,17.037659,17.472412,16.910439,17.019493,17.146553,17.526596,17.200951,16.983162,16.819458,17.291534,16.691910,17.219078,17.001335,16.946808,16.892258,17.255310,16.983162,17.291534,16.874062,17.472412,17.382019,16.910439,17.055817,17.345833,17.128418,17.110275,17.219078,17.200951,16.964989,17.237198,17.001335,16.746590,16.545914,17.092117,16.764816,16.673668,16.106438,16.436256,16.819458,16.436256,16.710136,16.783035,16.691910,17.454338,16.491104,16.417961,16.308144,16.600693,16.545914,16.564171,16.472824,16.837654,16.582436,16.801247,17.001335,16.417961,17.055817,16.655434,16.491104,16.746590,16.417961,16.344765,16.764816,16.381371,17.128418,16.014603,16.491104,16.472824,16.088081,16.600693,16.564171,16.655434,16.051353,16.363075,15.775375,16.673668,16.106438,16.124794,16.069710,16.399666,15.941071,16.032974,15.775375,15.775375,16.198189,15.517014,15.812218,15.590912,15.904274,15.461563,15.387550,15.701637,15.720085,15.517014,15.904274,15.885872,15.867470,15.517014,15.720085,15.443062,15.387550,15.165176,15.683197,15.941071,15.128059,15.146614,15.793800,15.350533,15.128059,15.053780,15.350533,15.072350,15.498535,15.720085,14.718750,15.276436,15.202286,14.718750,14.438606,15.183723,14.737404,15.294960,14.419891,14.625465,15.109489,14.213860,13.800392,14.345024,14.476006,14.138817,13.592949,13.630692,12.777557,12.910774,12.567825,11.762703,10.717522,
16.051353,16.234848,16.363075,16.253181,16.728371,16.161499,16.454536,16.545914,17.001335,16.783035,15.664742,16.582436,16.344765,16.472824,16.454536,16.399666,16.399666,16.344765,16.509377,16.582436,16.874062,16.655434,16.582436,16.946808,16.326462,16.289825,16.892258,16.637184,16.289825,16.216530,16.655434,16.545914,16.564171,16.509377,16.271500,16.161499,16.436256,16.143143,16.582436,16.564171,16.454536,16.545914,16.564171,16.582436,16.874062,16.326462,16.344765,16.381371,16.855865,16.289825,16.417961,16.308144,16.600693,16.527649,16.728371,16.983162,17.164696,16.637184,16.746590,16.946808,16.874062,16.728371,16.764816,16.344765,16.710136,16.946808,16.673668,16.783035,16.801247,16.600693,16.527649,17.128418,16.928627,16.564171,16.637184,17.761002,16.764816,16.783035,16.983162,16.837654,16.874062,16.728371,16.764816,16.910439,16.764816,16.892258,16.783035,16.910439,16.582436,16.582436,17.345833,16.673668,17.291534,16.983162,16.819458,16.545914,16.928627,16.874062,16.637184,16.746590,16.764816,16.728371,17.200951,16.964989,17.055817,16.381371,16.964989,17.146553,17.219078,17.400101,16.892258,16.874062,17.146553,17.092117,16.710136,16.472824,16.928627,17.073982,16.928627,16.964989,17.128418,17.037659,17.237198,17.309639,16.964989,17.345833,16.874062,16.855865,17.508537,16.983162,17.345833,17.508537,17.073982,16.855865,17.200951,17.454338,17.291534,17.128418,17.019493,17.634865,17.454338,17.779015,17.616829,17.273430,17.580750,17.436272,17.652901,18.030663,17.652901,17.598785,17.219078,17.327736,16.910439,17.742996,17.200951,17.436272,17.363930,17.436272,17.273430,17.472412,17.652901,17.580750,17.436272,16.892258,17.400101,17.688942,17.670921,17.363930,17.490471,17.454338,17.526596,17.616829,17.418190,17.742996,17.454338,17.742996,17.598785,17.508537,17.562698,17.418190,17.742996,17.309639,17.255310,17.400101,17.976807,17.580750,17.526596,17.472412,17.562698,17.327736,17.652901,17.598785,17.652901,17.454338,17.904930,17.616829,17.598785,17.526596,17.850990,17.255310,17.454338,18.102425,18.066551,17.815002,17.976807,17.922905,18.102425,17.994759,18.120361,18.227867,17.868965,18.174133,18.156204,18.066551,18.066551,18.209953,18.120361,18.120361,18.335236,17.904930,18.174133,18.531708,18.263664,18.030663,18.905502,18.353111,18.209953,18.335236,18.620857,18.478165,18.227867,18.353111,18.388855,18.102425,18.012718,18.709923,18.513863,18.174133,18.781090,18.317345,17.922905,18.478165,18.370995,18.281563,18.424599,18.102425,18.209953,18.585213,17.886955,18.567383,17.994759,18.638680,18.353111,18.353111,17.940880,18.317345,18.585213,18.299454,18.066551,18.549545,18.638680,17.958839,18.227867,18.227867,18.335236,18.102425,18.048607,17.940880,18.388855,18.335236,18.245766,18.299454,17.940880,18.120361,17.940880,18.370995,18.048607,17.976807,18.478165,18.048607,18.209953,17.219078,17.742996,18.406731,17.994759,18.156204,17.562698,18.406731,18.066551,17.994759,17.904930,18.102425,17.779015,17.688942,17.815002,17.526596,17.833000,17.940880,17.940880,18.120361,18.281563,17.886955,18.209953,17.598785,17.940880,17.815002,18.048607,17.958839,17.850990,17.616829,18.227867,17.742996,17.868965,17.779015,18.012718,17.436272,18.638680,17.345833,17.797005,17.797005,17.363930,17.976807,18.192039,17.797005,17.797005,18.012718,17.940880,17.490471,17.742996,17.688942,17.562698,17.634865,17.815002,17.904930,17.868965,17.815002,18.227867,18.156204,17.634865,17.904930,18.174133,17.400101,17.436272,17.544655,17.886955,17.850990,17.526596,17.958839,17.598785,17.688942,18.066551,18.030663,17.940880,17.634865,17.454338,17.815002,17.994759,17.508537,17.833000,17.652901,18.012718,17.815002,17.994759,17.994759,17.797005,18.209953,18.120361,17.580750,17.994759,17.562698,18.084496,17.976807,17.815002,17.508537,17.904930,17.976807,17.670921,17.724983,17.779015,17.850990,18.012718,18.030663,17.670921,17.922905,18.227867,18.102425,18.030663,17.940880,18.102425,17.742996,18.442459,18.066551,17.833000,17.472412,18.084496,18.245766,18.156204,17.544655,17.833000,18.138290,18.281563,17.706970,17.958839,18.084496,17.797005,17.598785,17.688942,18.281563,17.833000,18.048607,17.616829,17.976807,17.850990,17.797005,17.382019,17.958839,17.508537,17.850990,17.526596,17.363930,17.742996,17.255310,17.598785,17.562698,17.779015,17.634865,17.797005,17.904930,17.490471,17.706970,17.652901,17.472412,17.562698,18.012718,16.946808,17.508537,17.868965,17.418190,17.382019,17.508537,17.363930,17.490471,17.652901,17.327736,17.634865,17.490471,17.580750,17.526596,17.922905,17.724983,17.418190,17.544655,17.237198,17.400101,17.724983,17.652901,17.616829,17.562698,17.652901,17.146553,17.436272,17.436272,17.110275,17.436272,17.327736,17.652901,17.670921,16.928627,17.490471,17.001335,17.200951,17.037659,17.706970,17.110275,17.219078,17.237198,17.652901,17.110275,17.670921,17.219078,17.200951,17.363930,17.688942,17.164696,17.327736,17.146553,17.400101,17.544655,17.237198,17.526596,17.436272,17.128418,17.652901,17.055817,17.742996,17.418190,17.526596,17.309639,17.634865,17.110275,17.670921,16.910439,17.544655,17.850990,17.146553,16.910439,17.562698,16.964989,16.983162,17.019493,17.055817,17.019493,17.128418,17.037659,16.783035,17.019493,17.146553,17.345833,17.345833,17.037659,16.691910,17.544655,17.291534,17.182823,16.946808,16.600693,17.164696,16.582436,17.073982,16.946808,16.910439,16.837654,16.910439,17.055817,16.472824,17.019493,17.219078,16.582436,17.037659,16.637184,16.691910,16.582436,17.092117,16.326462,16.783035,16.618950,17.092117,16.746590,16.655434,16.381371,16.545914,16.527649,17.128418,16.582436,16.946808,16.454536,16.801247,16.764816,16.801247,17.073982,16.837654,16.417961,17.110275,16.179840,16.564171,16.271500,16.855865,16.837654,16.819458,16.106438,16.527649,16.253181,16.564171,16.069710,16.308144,16.014603,16.491104,16.710136,16.746590,16.454536,16.271500,15.830643,15.646294,15.369041,15.775375,15.756950,15.793800,15.498535,15.793800,15.738518,16.161499,15.701637,15.406059,15.480049,15.812218,15.977844,15.701637,15.812218,15.220818,15.443062,15.294960,14.886414,14.867805,15.867470,15.313492,15.443062,15.183723,15.053780,15.572441,15.369041,15.609375,15.109489,15.332008,15.146614,15.220818,15.443062,15.257896,15.313492,15.035194,14.363747,14.718750,14.830566,15.090919,15.350533,14.513397,14.923637,14.476006,14.700096,14.569450,14.513397,14.700096,14.195114,14.251350,13.611824,13.460693,13.800392,13.441788,12.967819,12.510529,11.028381,
15.941071,15.922668,16.545914,16.746590,16.691910,17.037659,16.582436,16.764816,16.253181,16.344765,16.491104,16.363075,16.417961,15.996223,16.454536,16.491104,16.746590,16.491104,16.289825,16.691910,16.436256,16.728371,16.308144,16.618950,16.436256,15.996223,16.728371,15.793800,16.783035,16.143143,16.491104,16.509377,16.728371,16.564171,16.746590,16.564171,16.234848,16.234848,16.637184,16.344765,16.783035,16.161499,16.436256,16.289825,16.491104,16.783035,16.253181,16.801247,16.710136,16.472824,17.019493,16.710136,17.327736,16.618950,16.892258,16.582436,16.764816,16.746590,16.582436,16.582436,17.273430,16.710136,16.509377,16.655434,16.691910,17.110275,16.964989,17.418190,17.164696,16.491104,16.983162,16.946808,16.673668,16.545914,17.182823,16.710136,16.946808,17.073982,16.618950,17.001335,17.110275,17.073982,16.837654,16.855865,17.400101,17.037659,16.874062,16.801247,16.600693,17.019493,16.874062,16.436256,17.182823,17.092117,17.092117,16.691910,16.454536,16.728371,17.237198,16.691910,16.600693,17.001335,17.019493,16.381371,16.855865,16.801247,17.309639,17.092117,16.928627,16.691910,17.092117,17.110275,17.164696,16.892258,16.964989,16.344765,16.892258,16.892258,16.819458,16.710136,17.037659,17.019493,16.600693,16.910439,16.710136,16.964989,16.764816,17.182823,17.273430,17.472412,17.146553,17.580750,16.855865,17.436272,17.219078,17.237198,17.001335,17.291534,17.363930,17.309639,17.128418,17.490471,17.418190,17.363930,17.508537,17.598785,17.345833,17.544655,17.363930,17.886955,17.779015,17.055817,17.850990,17.182823,17.345833,16.819458,17.634865,17.544655,17.526596,17.490471,17.345833,17.580750,17.490471,17.490471,17.363930,17.544655,17.526596,17.345833,17.833000,17.634865,17.019493,17.490471,17.652901,17.634865,17.508537,17.345833,17.724983,17.345833,17.779015,17.779015,17.200951,17.382019,17.436272,17.670921,17.472412,17.598785,17.490471,17.706970,17.634865,17.598785,17.652901,17.688942,17.670921,17.616829,17.815002,18.012718,18.048607,17.472412,17.922905,17.526596,17.994759,17.110275,17.994759,18.012718,17.922905,17.850990,17.833000,17.868965,18.012718,17.544655,18.120361,17.833000,18.727722,18.209953,18.281563,18.370995,18.549545,18.120361,18.317345,18.174133,18.353111,18.460312,18.370995,18.245766,18.549545,18.424599,18.030663,18.656494,18.406731,18.192039,18.567383,18.727722,18.531708,18.299454,18.727722,18.834435,18.388855,18.424599,18.245766,18.638680,18.263664,18.066551,18.174133,18.567383,18.102425,18.442459,18.299454,18.263664,18.763306,18.781090,18.852211,18.192039,18.424599,18.174133,18.442459,18.478165,18.012718,18.084496,18.353111,18.585213,18.317345,18.084496,17.868965,18.209953,18.156204,18.174133,18.245766,17.994759,18.227867,17.797005,17.994759,17.940880,18.012718,18.227867,18.084496,18.370995,17.976807,18.227867,18.048607,17.940880,17.706970,17.616829,18.496017,18.030663,18.174133,17.833000,17.706970,18.084496,18.209953,18.585213,17.904930,18.012718,18.102425,18.138290,17.940880,17.994759,18.317345,17.670921,17.833000,18.263664,17.976807,17.886955,17.761002,17.400101,18.120361,17.634865,17.940880,17.652901,17.833000,17.706970,17.976807,17.706970,17.976807,17.850990,17.742996,17.580750,17.815002,17.797005,17.833000,17.742996,17.904930,17.976807,17.742996,17.904930,17.706970,17.976807,17.688942,18.138290,17.779015,17.562698,17.616829,17.616829,18.066551,17.886955,17.742996,17.797005,18.048607,17.761002,18.192039,17.940880,17.724983,17.761002,17.724983,17.940880,17.742996,17.598785,17.976807,17.940880,17.472412,17.580750,18.048607,17.815002,17.850990,17.958839,17.940880,17.922905,17.508537,17.976807,18.192039,18.227867,18.281563,17.706970,17.761002,17.400101,18.281563,17.779015,18.192039,17.418190,17.634865,17.904930,18.156204,18.048607,17.958839,17.958839,18.066551,17.580750,18.120361,17.922905,17.815002,17.868965,18.012718,17.958839,18.120361,17.815002,18.084496,17.922905,18.156204,18.048607,17.994759,18.299454,17.580750,18.012718,17.670921,18.406731,17.850990,17.940880,17.886955,17.994759,17.868965,18.030663,18.084496,18.138290,18.138290,17.886955,17.706970,17.886955,18.281563,17.976807,18.138290,18.138290,18.138290,17.634865,17.994759,18.012718,17.309639,17.922905,17.724983,17.868965,17.833000,17.994759,17.688942,17.400101,17.742996,17.724983,17.652901,17.418190,18.460312,17.616829,17.345833,17.309639,17.110275,17.562698,17.562698,17.634865,17.472412,17.436272,17.200951,17.345833,17.652901,17.526596,17.219078,18.030663,17.400101,17.164696,17.779015,17.652901,17.182823,17.345833,17.526596,17.092117,17.382019,17.562698,17.345833,17.128418,17.490471,17.255310,17.580750,17.562698,17.418190,17.001335,17.886955,17.309639,17.634865,17.436272,17.110275,17.164696,17.182823,17.345833,16.964989,17.146553,16.855865,17.237198,17.544655,17.237198,17.219078,16.946808,17.670921,17.418190,17.616829,17.472412,17.309639,17.454338,17.634865,17.562698,17.454338,17.652901,17.508537,17.001335,17.670921,17.327736,17.562698,17.309639,17.146553,17.128418,17.724983,17.055817,17.508537,17.598785,18.030663,17.327736,17.815002,17.436272,16.910439,17.128418,17.382019,16.874062,17.128418,17.562698,16.746590,17.164696,17.490471,17.019493,17.526596,16.983162,17.001335,17.490471,17.237198,16.910439,17.400101,17.001335,16.582436,17.544655,17.037659,16.855865,17.037659,17.164696,17.237198,16.983162,17.037659,16.819458,16.874062,16.837654,17.219078,16.564171,17.309639,16.910439,16.637184,16.600693,16.946808,17.110275,16.491104,16.326462,16.600693,16.491104,16.344765,16.436256,16.600693,16.381371,16.509377,16.764816,16.764816,16.928627,16.910439,16.308144,17.273430,16.637184,16.819458,17.110275,16.253181,16.436256,16.837654,16.618950,16.728371,16.417961,16.363075,16.289825,16.253181,17.128418,16.124794,16.289825,16.088081,16.454536,16.637184,16.454536,16.308144,15.867470,15.959457,16.454536,16.161499,16.582436,15.996223,15.904274,15.922668,15.664742,16.600693,15.996223,15.830643,15.793800,15.609375,15.830643,15.572441,15.090919,15.996223,15.480049,15.294960,15.257896,15.498535,15.387550,15.701637,15.775375,15.350533,15.443062,15.553970,15.239365,15.313492,16.014603,15.183723,14.830566,15.220818,15.406059,15.053780,15.016617,15.165176,15.146614,15.257896,14.867805,14.662788,15.350533,15.590912,14.867805,14.737404,14.662788,15.257896,14.737404,14.793312,14.867805,15.239365,14.662788,14.513397,14.532082,14.063721,13.950951,14.251350,14.007355,13.838051,13.328255,13.347183,12.395866,12.796600,11.338249,
15.922668,16.179840,16.399666,16.234848,16.271500,15.922668,16.436256,16.344765,16.436256,16.892258,16.472824,16.436256,16.088081,16.637184,16.527649,16.728371,16.801247,16.216530,16.216530,16.454536,16.728371,16.564171,16.436256,16.491104,16.436256,16.271500,16.618950,16.399666,16.326462,16.783035,16.491104,16.472824,16.454536,16.363075,16.472824,16.143143,16.801247,16.179840,16.892258,16.143143,16.436256,16.819458,16.618950,16.892258,16.417961,16.106438,16.014603,17.001335,16.783035,16.509377,16.600693,16.436256,16.618950,16.436256,16.509377,16.491104,16.527649,16.764816,17.092117,16.564171,16.892258,17.019493,17.037659,16.819458,16.728371,16.363075,17.037659,17.273430,16.874062,16.801247,16.637184,16.819458,16.691910,16.710136,17.001335,16.216530,16.509377,16.454536,17.128418,17.128418,16.655434,16.491104,16.801247,16.837654,17.073982,16.983162,17.073982,16.600693,17.363930,16.728371,16.946808,16.946808,16.801247,16.819458,16.801247,16.545914,16.710136,16.983162,16.728371,16.928627,16.964989,16.819458,17.128418,17.327736,17.363930,16.564171,17.092117,17.237198,17.436272,16.746590,17.146553,17.019493,17.128418,16.436256,16.801247,16.855865,17.092117,17.073982,17.055817,16.728371,17.182823,17.291534,17.309639,17.037659,16.928627,17.128418,17.164696,17.219078,17.092117,16.728371,17.327736,16.874062,17.273430,17.092117,17.055817,16.910439,17.490471,17.019493,17.255310,16.801247,17.128418,17.327736,17.363930,17.544655,17.363930,17.182823,17.634865,17.345833,17.815002,17.436272,17.508537,17.400101,17.363930,17.688942,17.382019,17.255310,17.598785,17.219078,17.345833,17.363930,17.724983,17.472412,17.670921,17.526596,17.418190,17.562698,17.327736,17.761002,17.508537,17.797005,17.382019,17.634865,17.652901,17.345833,17.580750,17.779015,17.327736,17.418190,17.400101,17.598785,18.048607,17.436272,17.706970,17.472412,17.670921,17.454338,17.526596,17.580750,17.598785,17.761002,17.652901,17.598785,17.868965,17.363930,17.436272,17.490471,17.616829,17.958839,17.833000,18.102425,17.670921,17.526596,17.922905,17.652901,17.940880,18.084496,18.066551,17.904930,17.526596,18.156204,18.102425,17.868965,18.388855,18.209953,18.227867,17.562698,18.424599,18.102425,18.066551,18.442459,17.958839,18.156204,18.567383,18.317345,18.388855,18.317345,18.478165,18.156204,18.549545,18.030663,18.549545,18.245766,18.353111,18.567383,18.496017,18.460312,18.816666,18.496017,18.567383,17.886955,18.442459,17.976807,18.353111,18.174133,18.531708,18.442459,18.370995,18.905502,18.317345,18.299454,18.460312,18.638680,18.066551,17.994759,18.030663,18.656494,18.245766,18.030663,18.012718,18.263664,18.174133,18.174133,18.102425,17.904930,18.138290,18.353111,18.174133,17.724983,18.460312,17.868965,18.138290,17.904930,18.048607,17.976807,18.388855,18.156204,17.797005,17.761002,18.335236,18.263664,18.066551,18.281563,18.048607,17.850990,18.281563,18.227867,18.353111,18.174133,18.174133,17.994759,18.048607,18.102425,17.976807,17.994759,18.066551,18.120361,18.012718,18.102425,17.922905,17.724983,17.958839,18.192039,17.815002,17.724983,17.850990,17.994759,18.048607,17.779015,18.084496,17.454338,17.526596,17.382019,17.976807,17.940880,18.048607,18.066551,18.317345,17.833000,18.120361,18.102425,17.670921,17.761002,18.066551,17.904930,17.706970,18.030663,18.102425,17.833000,17.958839,17.833000,17.562698,17.868965,17.616829,17.976807,18.012718,18.317345,17.994759,17.761002,17.454338,17.400101,17.850990,17.634865,17.652901,17.761002,17.815002,17.490471,17.833000,17.670921,18.084496,17.400101,17.670921,17.634865,17.400101,17.761002,17.850990,17.490471,17.850990,17.472412,18.120361,17.940880,18.174133,17.724983,17.976807,18.012718,17.490471,18.066551,17.418190,17.994759,18.209953,17.976807,18.030663,17.922905,17.706970,18.012718,17.742996,18.012718,17.994759,17.868965,18.084496,17.670921,17.850990,18.156204,17.200951,18.513863,17.976807,17.598785,18.120361,18.102425,17.958839,18.084496,18.263664,18.066551,18.012718,18.102425,17.940880,17.886955,17.976807,17.508537,18.317345,17.940880,17.598785,18.138290,18.030663,18.227867,18.192039,17.670921,17.994759,18.549545,18.138290,17.940880,18.030663,17.562698,17.976807,17.833000,17.868965,17.886955,18.048607,18.138290,17.562698,17.850990,17.508537,17.436272,17.400101,17.797005,17.436272,17.273430,17.616829,17.580750,17.490471,17.291534,17.255310,17.345833,17.724983,17.724983,17.400101,17.508537,17.742996,17.670921,17.634865,17.634865,17.544655,17.291534,17.472412,17.508537,17.994759,17.652901,17.418190,17.490471,17.273430,17.850990,17.110275,17.761002,17.886955,17.418190,17.436272,17.634865,17.363930,17.345833,17.562698,17.598785,17.670921,17.309639,17.580750,17.526596,17.400101,17.490471,17.237198,17.580750,17.598785,17.255310,17.182823,17.182823,17.092117,17.019493,17.073982,17.363930,17.454338,17.418190,17.670921,17.544655,17.237198,17.345833,17.436272,17.904930,17.382019,17.327736,17.670921,17.255310,17.598785,17.652901,17.652901,17.544655,18.030663,17.418190,17.850990,17.418190,17.001335,17.363930,17.400101,17.598785,17.110275,17.418190,17.327736,17.327736,17.670921,17.652901,16.344765,17.327736,17.164696,16.673668,17.652901,16.801247,17.182823,17.634865,17.001335,17.436272,17.237198,17.128418,17.237198,16.964989,16.910439,16.928627,16.801247,16.673668,16.764816,16.564171,17.019493,17.544655,16.363075,17.001335,16.691910,16.472824,17.146553,16.673668,16.691910,17.345833,16.783035,16.381371,17.128418,16.928627,16.783035,16.910439,16.801247,16.454536,16.399666,16.436256,16.837654,16.289825,16.472824,16.910439,16.582436,16.527649,16.691910,16.509377,16.691910,16.417961,16.710136,16.417961,16.855865,16.600693,16.472824,16.618950,16.344765,16.673668,16.472824,16.417961,16.764816,16.491104,16.764816,16.564171,16.271500,15.977844,16.454536,15.646294,16.454536,15.720085,15.885872,15.885872,15.885872,15.535500,15.849052,16.143143,16.051353,16.032974,16.124794,16.216530,15.738518,16.014603,15.553970,16.143143,15.775375,15.461563,15.941071,15.609375,15.959457,15.128059,15.701637,15.183723,15.738518,15.406059,15.257896,14.886414,15.313492,15.517014,15.146614,15.332008,15.904274,14.886414,14.830566,15.738518,15.424561,15.369041,15.369041,15.535500,15.165176,15.239365,15.276436,14.476006,15.387550,14.793312,14.718750,14.606796,14.494698,15.053780,14.157593,14.737404,14.849190,14.326302,14.457298,14.382469,14.700096,14.213860,14.588127,13.781540,13.366112,13.347183,13.119759,12.625069,11.357582,11.550713,
15.683197,15.941071,16.509377,16.271500,16.545914,16.198189,16.344765,16.564171,16.801247,16.289825,16.161499,16.308144,16.545914,16.417961,16.527649,16.655434,16.344765,16.179840,16.253181,16.545914,15.904274,16.436256,16.106438,16.436256,16.143143,16.472824,15.941071,16.106438,16.673668,15.977844,16.216530,16.472824,16.673668,16.088081,16.253181,16.289825,16.399666,16.326462,16.491104,16.783035,16.819458,16.618950,16.764816,16.691910,16.801247,16.381371,16.289825,16.014603,16.399666,16.454536,16.655434,16.491104,16.564171,16.673668,16.855865,16.527649,16.618950,16.673668,16.289825,16.910439,16.837654,16.527649,17.037659,16.710136,16.509377,16.673668,16.289825,16.179840,17.146553,17.037659,16.910439,16.728371,16.874062,16.691910,16.783035,17.345833,16.964989,17.019493,17.219078,17.001335,16.600693,16.600693,16.600693,16.928627,16.783035,16.783035,17.345833,16.892258,17.237198,16.710136,16.855865,16.527649,17.309639,16.637184,17.092117,16.874062,16.746590,16.326462,17.128418,17.055817,17.237198,16.491104,17.200951,17.128418,17.092117,16.928627,17.073982,17.291534,17.237198,16.928627,17.055817,16.874062,17.219078,17.219078,17.073982,17.128418,16.783035,17.146553,16.253181,17.382019,16.910439,17.363930,17.219078,16.983162,16.764816,17.200951,17.019493,17.055817,17.073982,16.436256,17.092117,16.746590,17.436272,17.128418,17.128418,16.892258,17.237198,16.964989,17.526596,17.580750,17.562698,17.219078,17.544655,17.182823,17.382019,17.345833,17.634865,17.363930,17.327736,17.382019,17.092117,17.544655,17.291534,17.110275,17.616829,17.382019,16.946808,17.526596,17.508537,17.562698,17.019493,17.526596,17.454338,17.742996,17.598785,17.761002,17.436272,17.164696,17.850990,17.073982,17.544655,17.255310,17.634865,17.652901,17.472412,17.219078,17.073982,17.291534,17.345833,17.454338,17.526596,17.580750,17.922905,17.688942,17.616829,17.652901,17.436272,17.382019,17.670921,17.562698,17.219078,17.508537,17.562698,17.508537,17.598785,17.508537,17.976807,17.382019,17.580750,17.742996,17.472412,17.940880,17.670921,17.706970,17.418190,18.102425,18.066551,17.868965,18.084496,17.994759,17.958839,18.192039,17.472412,18.317345,18.120361,18.209953,18.209953,18.227867,18.478165,18.120361,18.549545,18.281563,18.192039,17.976807,18.603035,18.263664,18.496017,18.156204,18.209953,18.370995,18.209953,18.227867,18.603035,18.245766,18.478165,18.209953,18.798882,18.549545,18.209953,18.388855,18.281563,18.674309,18.012718,18.406731,18.012718,18.692123,18.335236,18.353111,18.299454,18.388855,18.745514,18.317345,18.227867,18.585213,18.281563,18.460312,18.317345,17.976807,18.066551,18.370995,18.317345,18.281563,18.460312,17.850990,18.335236,17.761002,18.353111,18.227867,18.869980,18.281563,17.779015,18.281563,18.048607,18.370995,18.084496,18.048607,18.442459,17.904930,18.192039,18.263664,18.138290,18.460312,18.048607,18.102425,18.012718,17.994759,17.850990,18.209953,18.245766,17.688942,17.994759,18.012718,18.174133,18.174133,18.353111,18.030663,18.138290,18.030663,18.174133,17.670921,17.508537,18.012718,17.724983,18.192039,17.652901,17.815002,18.084496,17.922905,17.327736,17.886955,17.868965,17.779015,17.706970,17.526596,17.562698,18.603035,18.174133,17.598785,17.400101,17.688942,18.192039,17.815002,17.815002,17.797005,17.418190,17.994759,17.779015,17.454338,17.526596,17.779015,17.345833,18.084496,17.868965,17.815002,17.904930,17.850990,17.922905,17.742996,17.761002,18.048607,17.580750,17.634865,17.850990,17.868965,17.110275,18.030663,17.291534,17.994759,17.544655,17.598785,17.779015,18.012718,17.886955,18.317345,17.742996,17.868965,17.761002,17.922905,17.833000,17.634865,17.418190,18.335236,18.138290,17.797005,17.652901,18.209953,18.066551,17.454338,18.048607,17.922905,18.048607,17.815002,18.102425,17.994759,17.940880,18.084496,18.227867,17.886955,18.496017,17.940880,18.263664,18.156204,18.120361,17.833000,18.174133,17.797005,17.922905,18.012718,18.245766,18.299454,17.994759,17.904930,18.084496,18.281563,17.976807,18.066551,17.400101,18.030663,18.066551,17.688942,18.263664,18.263664,18.012718,18.048607,17.779015,17.761002,18.209953,17.958839,18.102425,17.868965,17.598785,18.174133,17.616829,17.688942,17.490471,17.922905,17.868965,17.904930,17.886955,18.030663,17.833000,17.400101,17.490471,17.273430,17.526596,17.200951,18.102425,17.670921,17.309639,17.291534,17.833000,17.652901,17.382019,17.688942,17.544655,17.616829,17.706970,17.833000,17.742996,17.868965,17.309639,17.490471,17.724983,17.670921,17.382019,17.580750,17.634865,17.544655,17.634865,18.084496,17.670921,17.490471,17.598785,17.670921,17.400101,17.001335,17.110275,17.291534,17.037659,17.850990,17.562698,18.120361,18.299454,17.273430,17.110275,17.400101,17.110275,17.291534,17.490471,17.508537,17.724983,17.472412,17.454338,17.055817,17.219078,17.128418,17.291534,17.345833,17.400101,17.363930,17.634865,17.255310,17.815002,17.037659,17.544655,17.128418,17.309639,17.382019,17.742996,17.562698,17.833000,17.055817,17.400101,17.976807,17.309639,16.691910,17.255310,17.309639,17.616829,17.291534,17.436272,17.255310,17.580750,17.055817,17.001335,16.964989,17.219078,17.237198,17.200951,17.164696,17.146553,16.618950,17.454338,16.928627,16.673668,17.110275,17.110275,17.001335,17.418190,17.019493,16.764816,16.728371,17.255310,16.928627,17.019493,17.037659,17.055817,16.801247,17.019493,17.019493,16.691910,16.801247,16.618950,16.417961,16.946808,16.783035,16.564171,16.801247,16.564171,16.637184,16.746590,16.381371,16.874062,17.200951,16.582436,16.399666,16.454536,16.399666,15.959457,16.728371,16.855865,16.600693,16.417961,16.472824,16.271500,16.381371,16.472824,16.874062,17.019493,16.618950,16.855865,16.691910,16.618950,16.655434,16.728371,16.253181,16.472824,16.582436,16.289825,16.253181,16.051353,16.143143,16.655434,16.564171,16.308144,16.837654,16.124794,15.941071,16.509377,16.051353,15.977844,15.996223,15.793800,15.849052,15.941071,15.941071,16.234848,15.959457,15.350533,15.294960,15.885872,15.313492,16.399666,16.161499,15.090919,15.830643,14.979439,16.014603,15.627831,15.350533,15.276436,15.922668,15.294960,14.811943,15.090919,14.756035,15.313492,14.718750,15.165176,14.867805,15.387550,15.072350,15.461563,15.202286,15.517014,14.756035,15.072350,14.737404,15.498535,15.313492,15.072350,14.662788,15.294960,14.718750,14.830566,14.401184,14.476006,14.232613,14.120049,14.625465,14.737404,14.476006,13.856880,14.007355,13.290382,13.252487,12.891754,12.834679,11.704933,11.183434,
15.922668,15.849052,16.417961,16.179840,16.564171,16.326462,16.673668,16.710136,16.161499,16.381371,16.600693,15.830643,16.216530,15.849052,15.775375,16.271500,16.509377,16.289825,16.491104,16.344765,16.417961,16.637184,16.326462,16.509377,16.545914,16.600693,16.179840,16.363075,16.472824,16.234848,16.124794,15.996223,16.326462,16.509377,16.326462,16.363075,16.198189,16.088081,16.381371,16.527649,16.545914,16.051353,16.655434,16.069710,16.801247,15.977844,16.161499,16.124794,16.289825,16.673668,16.527649,16.216530,16.582436,15.941071,16.472824,16.819458,16.253181,16.655434,16.728371,16.289825,16.582436,16.564171,16.764816,16.216530,16.819458,16.746590,16.819458,16.545914,16.801247,16.399666,16.946808,16.491104,16.691910,16.545914,17.055817,16.472824,16.545914,16.764816,17.055817,16.545914,16.454536,16.673668,17.128418,16.874062,16.600693,16.691910,17.055817,16.801247,16.928627,16.964989,16.928627,17.001335,16.819458,16.564171,16.874062,16.728371,17.019493,16.819458,16.964989,16.837654,16.600693,17.363930,17.019493,16.892258,17.055817,16.874062,16.600693,16.964989,17.400101,17.001335,16.910439,17.454338,17.164696,17.237198,17.291534,16.964989,16.874062,16.910439,16.746590,17.037659,17.019493,17.200951,17.110275,16.655434,17.200951,17.182823,17.037659,17.146553,17.182823,16.691910,16.746590,17.382019,17.436272,17.200951,17.128418,17.580750,17.110275,16.874062,17.092117,17.454338,17.544655,17.472412,17.490471,17.508537,17.436272,17.670921,17.200951,17.182823,17.833000,17.400101,16.928627,17.580750,17.616829,17.219078,17.706970,17.724983,17.001335,17.598785,17.363930,17.562698,17.797005,17.616829,17.850990,17.182823,18.066551,17.670921,17.706970,17.724983,17.345833,17.742996,17.706970,17.400101,17.616829,17.454338,17.526596,17.345833,17.291534,17.200951,17.400101,17.526596,17.833000,17.634865,17.598785,17.688942,17.454338,17.454338,17.706970,17.868965,17.472412,17.363930,17.868965,17.742996,17.273430,17.490471,17.850990,17.526596,17.436272,17.400101,17.779015,17.634865,17.418190,17.363930,17.490471,17.815002,18.138290,17.472412,17.724983,17.526596,17.976807,17.797005,17.833000,17.922905,17.994759,17.994759,18.245766,18.066551,18.174133,18.263664,18.174133,18.388855,18.156204,18.209953,18.227867,17.976807,18.370995,17.904930,18.066551,18.370995,18.120361,18.478165,17.922905,18.245766,18.692123,18.192039,18.674309,18.263664,18.335236,18.335236,17.958839,18.406731,18.263664,18.317345,18.406731,18.030663,18.174133,18.852211,18.442459,18.460312,18.263664,18.513863,18.424599,18.370995,18.048607,18.281563,18.370995,18.102425,17.922905,18.138290,18.496017,18.209953,18.120361,18.012718,18.174133,18.353111,18.174133,17.850990,18.317345,17.922905,18.102425,17.958839,17.976807,18.156204,18.281563,18.156204,17.922905,17.652901,18.030663,17.940880,18.084496,17.940880,17.976807,17.761002,18.299454,17.724983,17.976807,17.706970,18.227867,18.209953,18.317345,18.084496,17.634865,17.940880,18.048607,17.833000,17.868965,17.815002,17.833000,17.797005,17.815002,17.815002,17.815002,17.544655,17.797005,17.761002,17.688942,17.761002,17.815002,17.544655,17.616829,17.616829,17.724983,17.779015,18.030663,17.868965,17.634865,17.598785,17.815002,17.742996,17.706970,17.616829,17.327736,17.291534,17.616829,17.616829,17.904930,17.418190,17.833000,18.012718,17.400101,17.742996,17.309639,17.761002,17.688942,17.779015,18.156204,17.526596,17.994759,17.526596,17.779015,17.526596,17.580750,17.472412,17.562698,17.508537,17.436272,17.815002,18.370995,17.940880,17.797005,17.363930,17.976807,17.670921,17.652901,17.994759,17.724983,17.454338,17.779015,17.670921,17.526596,18.066551,17.797005,18.245766,18.335236,17.634865,17.976807,17.598785,17.508537,17.815002,17.706970,17.652901,17.958839,18.030663,17.797005,17.436272,17.761002,17.886955,17.688942,17.526596,17.958839,18.084496,17.779015,17.688942,17.904930,17.779015,17.886955,17.382019,18.424599,17.868965,18.209953,17.958839,18.138290,17.994759,17.797005,18.263664,17.868965,17.815002,17.850990,17.688942,17.761002,18.227867,17.958839,18.192039,17.724983,17.652901,18.048607,17.815002,17.797005,17.797005,17.958839,18.263664,17.598785,17.670921,17.761002,17.652901,17.490471,17.598785,17.418190,17.797005,17.779015,17.779015,17.868965,18.066551,17.634865,17.761002,17.544655,17.580750,17.598785,17.742996,17.472412,17.291534,17.544655,17.382019,17.779015,17.490471,18.030663,17.886955,17.400101,17.255310,17.273430,17.652901,17.490471,17.128418,17.761002,17.490471,17.490471,17.562698,17.634865,17.779015,17.598785,17.706970,17.652901,17.345833,17.526596,17.490471,17.418190,17.833000,17.291534,17.345833,17.850990,17.001335,17.562698,17.598785,17.454338,17.055817,17.850990,17.598785,16.837654,17.688942,17.345833,17.146553,17.237198,17.327736,17.128418,16.928627,17.327736,17.237198,17.472412,17.580750,17.146553,17.092117,17.436272,16.892258,17.363930,17.742996,17.055817,17.922905,17.055817,17.073982,17.634865,17.418190,17.363930,17.345833,17.490471,17.363930,17.237198,17.200951,17.436272,17.454338,17.400101,17.670921,17.363930,17.128418,17.363930,17.164696,16.874062,17.073982,17.291534,17.146553,17.237198,16.983162,17.472412,16.892258,16.964989,16.964989,17.037659,16.910439,17.345833,17.055817,17.164696,17.073982,17.363930,17.237198,17.182823,16.600693,17.273430,16.910439,16.527649,16.946808,16.892258,16.637184,16.837654,17.055817,16.381371,16.783035,16.655434,16.673668,16.801247,16.892258,16.983162,16.819458,16.454536,16.436256,16.691910,16.326462,16.582436,16.928627,17.037659,16.928627,16.216530,16.764816,15.959457,16.472824,16.691910,16.381371,16.308144,16.179840,15.977844,17.055817,16.472824,16.417961,16.271500,16.179840,16.764816,16.106438,16.892258,16.216530,16.582436,16.308144,16.472824,16.088081,16.673668,16.655434,15.849052,16.436256,16.289825,16.545914,15.885872,15.775375,16.582436,16.088081,15.885872,15.775375,16.032974,15.756950,16.289825,16.509377,15.572441,15.812218,15.183723,15.959457,15.849052,15.609375,15.146614,15.406059,15.128059,15.332008,15.627831,15.053780,15.627831,15.461563,15.053780,16.088081,15.369041,15.313492,14.979439,15.387550,15.035194,15.276436,15.646294,14.923637,15.443062,14.550774,14.606796,14.681450,15.406059,15.035194,15.202286,14.811943,15.239365,14.923637,14.867805,14.774681,15.109489,14.625465,14.960838,14.382469,14.345024,14.737404,14.270103,14.476006,14.438606,14.101280,13.555183,14.044937,13.328255,13.176659,12.815643,11.858910,12.625069,11.183434,
15.553970,15.977844,16.509377,16.216530,16.491104,16.032974,16.910439,16.106438,16.545914,16.910439,16.143143,16.728371,16.710136,16.161499,16.582436,16.527649,16.399666,16.124794,16.308144,16.582436,16.344765,16.344765,16.801247,16.728371,16.399666,16.253181,16.983162,16.783035,16.088081,16.783035,16.143143,16.069710,17.019493,16.399666,16.764816,16.253181,16.271500,16.363075,16.399666,16.819458,16.051353,16.691910,16.344765,16.326462,16.326462,16.874062,16.600693,16.234848,16.491104,16.234848,16.673668,16.582436,16.472824,16.837654,16.710136,16.472824,16.783035,16.600693,16.582436,16.928627,16.509377,16.600693,17.273430,16.728371,16.655434,16.582436,17.073982,16.600693,17.092117,16.764816,16.564171,16.637184,16.472824,16.564171,16.527649,16.509377,16.964989,16.655434,16.855865,16.527649,17.128418,16.710136,17.146553,16.710136,16.728371,17.110275,17.327736,16.710136,16.746590,17.309639,16.983162,16.564171,16.509377,16.527649,16.892258,16.600693,17.146553,17.037659,16.892258,16.801247,16.746590,16.837654,17.146553,16.983162,16.728371,17.128418,16.564171,17.146553,16.837654,16.837654,17.418190,17.164696,17.055817,17.092117,17.001335,16.910439,17.418190,17.092117,17.273430,17.255310,16.910439,17.146553,17.182823,17.400101,16.783035,17.055817,16.673668,16.801247,17.092117,16.928627,17.182823,16.964989,17.309639,16.837654,17.001335,16.892258,17.291534,17.073982,17.219078,17.327736,17.255310,17.055817,17.219078,17.598785,17.418190,17.490471,17.200951,17.454338,17.634865,17.273430,17.345833,17.363930,17.544655,17.363930,17.886955,17.110275,17.291534,17.110275,17.706970,17.688942,17.508537,17.670921,17.833000,17.634865,17.200951,17.616829,17.868965,17.526596,17.580750,17.544655,17.706970,17.670921,17.886955,17.544655,17.850990,17.382019,17.436272,17.418190,17.526596,17.273430,17.706970,17.724983,17.670921,17.652901,17.652901,17.382019,17.886955,17.472412,17.436272,17.508537,17.724983,17.454338,17.904930,17.742996,17.940880,17.382019,17.670921,17.544655,17.345833,17.490471,17.958839,17.761002,17.526596,17.815002,17.598785,17.958839,17.994759,17.994759,17.976807,17.976807,18.030663,18.012718,18.030663,17.850990,18.120361,18.478165,18.012718,18.370995,18.174133,17.976807,18.138290,18.388855,18.174133,18.585213,18.406731,18.084496,18.496017,18.424599,18.638680,18.299454,18.084496,18.709923,18.281563,18.603035,18.620857,17.868965,18.531708,18.066551,18.638680,18.138290,18.603035,18.388855,18.281563,18.156204,18.388855,18.209953,18.745514,18.424599,18.066551,18.370995,18.192039,18.138290,18.460312,18.353111,18.263664,18.549545,18.585213,18.460312,17.922905,17.886955,18.245766,18.048607,17.886955,18.227867,18.317345,18.102425,18.174133,18.156204,18.120361,18.120361,18.174133,18.066551,17.904930,18.192039,18.227867,18.263664,18.370995,18.549545,18.442459,18.281563,18.567383,18.478165,17.815002,17.742996,18.138290,17.976807,17.976807,17.724983,18.281563,18.030663,17.958839,17.797005,18.048607,18.120361,17.922905,17.922905,17.994759,17.688942,17.886955,18.048607,17.652901,17.779015,17.868965,17.742996,17.940880,17.833000,17.761002,17.904930,17.994759,17.688942,17.886955,17.580750,17.706970,17.904930,17.958839,17.688942,17.742996,17.833000,17.706970,18.084496,17.779015,17.508537,18.335236,17.382019,18.102425,17.580750,17.886955,17.833000,17.742996,17.291534,17.779015,17.490471,17.472412,18.102425,17.797005,17.580750,17.904930,18.048607,17.345833,17.019493,17.670921,17.580750,17.400101,17.598785,17.616829,17.490471,17.761002,17.797005,17.922905,17.580750,17.706970,17.309639,17.562698,17.742996,17.779015,17.815002,17.327736,17.526596,17.580750,17.742996,17.616829,17.436272,17.940880,18.012718,17.237198,17.779015,17.904930,18.066551,17.886955,17.670921,18.156204,18.496017,17.976807,18.120361,17.652901,18.138290,18.102425,17.761002,17.922905,17.670921,17.761002,17.634865,17.815002,18.174133,17.904930,17.761002,18.084496,17.958839,17.724983,18.263664,18.084496,17.670921,17.833000,17.670921,17.922905,17.833000,17.922905,18.335236,17.976807,17.779015,17.976807,18.317345,17.886955,18.192039,17.670921,17.490471,18.245766,18.174133,18.030663,18.048607,17.761002,17.634865,17.886955,17.255310,17.994759,17.724983,17.886955,17.779015,17.833000,17.327736,17.850990,17.562698,17.544655,17.562698,17.922905,17.761002,17.724983,17.508537,17.472412,17.815002,17.580750,17.706970,17.616829,17.418190,17.670921,17.850990,17.688942,17.472412,17.418190,17.706970,17.634865,17.490471,17.345833,17.490471,17.580750,17.652901,17.922905,17.562698,17.598785,17.472412,16.855865,17.436272,17.382019,17.562698,17.761002,17.291534,17.490471,17.418190,17.327736,17.544655,17.544655,17.110275,17.327736,17.273430,17.092117,17.706970,18.084496,17.363930,17.382019,17.200951,18.030663,17.742996,17.598785,17.182823,17.400101,17.797005,17.345833,17.309639,17.616829,17.580750,16.946808,17.363930,17.544655,17.291534,17.526596,17.345833,17.670921,17.291534,17.634865,17.526596,17.309639,17.400101,17.436272,17.200951,17.580750,17.598785,17.779015,17.508537,17.616829,17.418190,17.472412,17.146553,17.092117,16.928627,17.472412,17.309639,17.001335,17.110275,17.055817,17.146553,17.073982,16.819458,17.273430,17.327736,17.472412,17.237198,17.200951,16.910439,17.580750,17.472412,17.055817,17.327736,16.946808,17.436272,17.291534,17.055817,16.710136,17.073982,17.092117,16.928627,17.073982,16.673668,16.399666,16.764816,16.855865,17.037659,16.527649,16.855865,16.308144,16.527649,16.399666,16.326462,16.673668,16.344765,17.001335,16.655434,16.946808,16.143143,16.234848,16.928627,16.564171,16.417961,16.618950,16.381371,16.855865,16.124794,16.399666,16.179840,16.271500,16.673668,17.001335,16.216530,16.234848,16.545914,16.564171,16.032974,17.037659,16.545914,16.454536,16.527649,16.746590,15.849052,16.069710,16.399666,16.308144,15.977844,16.417961,15.996223,16.234848,15.590912,15.849052,16.417961,15.517014,15.941071,15.664742,15.627831,16.106438,15.627831,15.683197,15.332008,15.480049,15.313492,15.756950,15.720085,15.553970,15.664742,15.424561,15.294960,15.387550,14.867805,15.165176,15.202286,15.239365,15.517014,15.387550,15.276436,15.128059,14.960838,14.625465,15.387550,14.830566,14.569450,15.517014,15.016617,14.942238,14.718750,14.923637,15.498535,14.960838,15.109489,14.737404,15.350533,14.588127,14.476006,14.232613,14.737404,14.960838,14.849190,14.979439,14.457298,14.176346,14.138817,13.762703,14.026146,13.385033,13.119759,13.081795,12.031822,11.839676,11.318916,
15.996223,15.498535,16.069710,16.454536,16.637184,16.472824,15.904274,15.830643,16.014603,16.801247,16.655434,16.088081,16.491104,16.253181,16.472824,16.161499,16.253181,16.308144,16.253181,16.764816,16.308144,16.655434,16.069710,16.344765,16.381371,16.545914,16.509377,16.564171,16.253181,15.461563,17.073982,15.996223,16.326462,16.161499,15.885872,15.996223,16.983162,16.837654,16.582436,15.775375,16.436256,16.051353,16.618950,16.436256,16.691910,16.198189,16.910439,16.289825,16.527649,16.837654,16.545914,16.088081,16.801247,17.092117,17.019493,16.783035,16.161499,16.946808,16.618950,16.637184,16.363075,16.637184,16.764816,16.983162,16.564171,16.564171,16.618950,16.710136,16.892258,16.928627,16.253181,16.527649,16.326462,16.600693,16.728371,16.491104,16.527649,16.436256,16.964989,16.673668,16.161499,16.600693,16.728371,16.910439,16.509377,16.837654,16.928627,17.073982,16.928627,16.819458,16.454536,16.710136,16.746590,16.618950,16.946808,16.928627,16.655434,16.289825,17.273430,16.746590,16.783035,16.728371,17.001335,17.001335,16.618950,16.728371,17.291534,16.746590,17.073982,16.801247,17.055817,16.728371,16.946808,17.182823,16.946808,16.928627,17.001335,17.001335,17.182823,17.019493,17.019493,17.001335,17.110275,16.582436,17.073982,17.055817,17.345833,16.691910,17.055817,17.037659,17.616829,17.309639,17.146553,16.964989,17.255310,17.291534,17.092117,17.019493,16.710136,16.728371,17.237198,16.874062,16.691910,17.001335,17.382019,17.219078,17.255310,17.309639,17.436272,17.544655,17.327736,17.634865,17.706970,17.868965,17.670921,17.562698,17.128418,17.724983,17.562698,17.164696,17.562698,17.994759,17.544655,17.724983,17.255310,17.309639,17.815002,17.940880,17.904930,17.598785,17.237198,17.652901,17.508537,17.580750,17.797005,17.850990,17.562698,17.580750,17.598785,17.544655,17.688942,17.742996,17.255310,17.508537,17.598785,18.084496,17.797005,17.454338,17.382019,17.562698,17.815002,17.868965,17.490471,17.922905,17.598785,17.634865,17.363930,17.382019,17.670921,17.797005,17.454338,17.742996,17.940880,17.508537,18.066551,18.174133,17.742996,17.418190,17.886955,17.742996,17.797005,18.603035,17.868965,18.620857,18.656494,18.066551,18.406731,17.797005,18.370995,18.102425,18.335236,18.066551,18.012718,18.048607,18.209953,18.192039,18.227867,18.048607,18.460312,18.281563,18.192039,18.406731,18.923264,18.317345,18.513863,18.370995,18.263664,18.531708,18.388855,18.299454,18.531708,18.335236,18.317345,18.227867,17.958839,18.174133,18.674309,18.353111,18.620857,18.692123,18.156204,18.299454,18.834435,18.066551,18.798882,18.424599,18.424599,18.102425,18.353111,18.156204,18.496017,18.156204,18.030663,18.299454,17.904930,17.940880,18.281563,18.245766,18.245766,18.388855,17.833000,18.066551,17.994759,18.156204,17.886955,18.084496,18.192039,18.174133,18.138290,17.886955,18.084496,18.513863,17.940880,17.904930,17.994759,17.868965,18.048607,18.138290,18.388855,18.174133,17.490471,18.138290,17.904930,17.994759,17.742996,17.724983,18.048607,18.066551,18.209953,17.976807,18.012718,17.994759,17.706970,17.976807,17.833000,17.382019,17.598785,17.526596,17.886955,17.904930,17.886955,17.634865,18.012718,18.174133,17.994759,17.886955,17.508537,17.724983,17.850990,17.454338,17.634865,17.706970,17.670921,17.886955,17.562698,17.400101,17.850990,18.138290,17.976807,17.706970,17.976807,17.940880,17.291534,17.291534,17.724983,17.779015,18.120361,17.472412,17.940880,17.526596,17.598785,17.544655,17.508537,17.164696,17.580750,18.102425,17.616829,17.652901,18.227867,17.472412,17.850990,18.084496,18.030663,17.526596,17.868965,17.580750,17.742996,17.940880,18.156204,17.454338,18.192039,17.706970,17.598785,17.779015,17.958839,17.652901,17.886955,17.363930,17.724983,18.012718,18.209953,17.958839,17.886955,17.616829,17.976807,17.544655,17.940880,18.048607,18.120361,18.138290,17.958839,17.508537,17.779015,18.424599,17.868965,17.652901,17.976807,17.508537,17.886955,17.761002,17.761002,18.030663,17.976807,18.120361,17.761002,17.994759,17.616829,17.904930,17.922905,17.815002,17.904930,17.850990,17.904930,17.922905,17.815002,18.245766,17.742996,17.922905,18.227867,17.724983,17.922905,17.327736,17.904930,17.761002,17.815002,17.436272,18.048607,17.868965,17.761002,17.670921,17.544655,17.526596,17.562698,17.382019,17.418190,17.886955,17.472412,17.742996,17.544655,17.472412,17.309639,17.688942,17.761002,17.418190,17.797005,17.327736,17.219078,17.309639,17.382019,17.309639,17.490471,17.526596,17.436272,17.182823,17.958839,17.544655,17.219078,17.652901,17.182823,17.327736,17.544655,17.436272,17.526596,17.580750,17.562698,17.418190,17.562698,17.454338,17.472412,17.237198,17.544655,17.146553,16.928627,17.182823,17.634865,16.946808,17.544655,17.110275,17.291534,17.345833,17.164696,17.092117,17.688942,17.164696,17.110275,17.255310,17.508537,17.562698,16.691910,17.706970,17.237198,17.200951,17.670921,17.526596,17.001335,17.598785,17.110275,17.418190,17.904930,17.273430,17.490471,17.562698,17.110275,16.837654,17.508537,17.291534,17.237198,17.562698,17.327736,17.291534,17.110275,17.436272,17.634865,17.037659,17.092117,17.146553,16.618950,17.164696,17.616829,17.092117,17.001335,17.418190,16.928627,16.564171,17.001335,16.819458,17.128418,16.618950,16.910439,17.001335,17.128418,16.637184,16.783035,16.910439,17.037659,16.764816,17.073982,16.946808,17.110275,16.764816,16.801247,16.892258,16.837654,16.582436,16.746590,16.983162,16.801247,16.874062,16.819458,16.764816,16.600693,16.582436,16.746590,16.764816,16.545914,15.849052,16.326462,16.399666,17.037659,16.783035,16.855865,16.637184,16.436256,16.509377,17.019493,16.582436,16.545914,16.436256,17.037659,16.655434,16.326462,16.910439,16.783035,16.892258,16.582436,16.801247,16.234848,16.764816,17.037659,16.253181,16.014603,16.381371,16.088081,16.545914,16.198189,16.161499,16.234848,15.959457,16.088081,16.124794,16.381371,16.216530,16.143143,15.867470,15.867470,15.849052,15.664742,15.535500,15.443062,15.553970,15.535500,15.738518,15.535500,15.332008,15.627831,15.849052,15.590912,15.424561,15.720085,15.535500,15.146614,15.590912,14.756035,15.406059,14.998024,15.369041,14.942238,14.419891,15.035194,14.606796,15.128059,14.774681,14.867805,15.090919,14.867805,15.276436,14.905037,15.128059,14.737404,15.090919,14.681450,14.457298,14.774681,14.793312,15.035194,14.625465,14.644127,14.606796,14.101280,14.307571,13.800392,13.649567,14.288834,13.800392,13.894524,13.024826,12.663208,12.319344,11.839676,10.171120,
15.996223,16.124794,16.234848,16.399666,16.179840,16.216530,16.691910,16.381371,16.124794,16.179840,16.326462,16.491104,16.454536,15.867470,16.855865,16.143143,16.764816,16.014603,16.454536,16.527649,16.253181,15.959457,16.964989,16.655434,16.179840,16.472824,16.691910,16.819458,16.637184,16.198189,16.564171,16.564171,16.454536,16.399666,16.289825,16.491104,16.472824,16.454536,16.837654,16.124794,16.436256,16.088081,16.472824,16.454536,16.454536,16.454536,15.959457,16.691910,17.055817,16.509377,16.417961,16.946808,16.618950,16.491104,16.874062,16.582436,17.092117,16.892258,16.491104,17.110275,16.819458,16.874062,16.509377,16.564171,16.983162,16.124794,16.454536,16.363075,16.509377,16.928627,16.491104,16.691910,17.037659,16.509377,16.964989,16.618950,17.110275,16.618950,16.928627,16.600693,16.637184,16.837654,16.983162,16.746590,16.124794,16.655434,16.892258,16.454536,16.874062,17.037659,16.928627,17.001335,16.837654,16.910439,16.545914,17.092117,17.055817,17.110275,17.019493,17.128418,16.710136,16.983162,16.928627,16.983162,16.783035,16.746590,17.255310,16.837654,17.200951,16.509377,16.983162,17.001335,17.001335,17.146553,17.382019,16.892258,16.983162,16.801247,17.345833,17.291534,17.110275,16.837654,16.983162,16.983162,17.073982,16.855865,16.564171,16.819458,17.291534,17.273430,17.237198,17.688942,17.309639,17.255310,17.182823,17.164696,17.073982,16.746590,17.200951,17.382019,17.363930,17.273430,17.327736,17.454338,17.382019,16.855865,17.363930,17.454338,17.110275,17.454338,17.706970,17.019493,17.815002,17.309639,17.327736,17.652901,17.833000,17.761002,17.742996,17.797005,17.815002,17.580750,17.724983,17.779015,17.724983,17.436272,17.761002,17.382019,17.706970,17.616829,18.174133,17.436272,17.724983,17.508537,17.436272,18.138290,17.761002,16.983162,17.652901,17.724983,17.652901,17.400101,17.652901,18.084496,17.724983,17.418190,17.598785,17.976807,17.146553,17.688942,17.652901,17.309639,17.400101,17.472412,17.652901,17.904930,17.237198,17.418190,17.544655,17.345833,17.868965,17.904930,17.382019,17.850990,17.850990,17.994759,18.048607,17.688942,18.030663,17.833000,17.797005,17.958839,18.299454,18.066551,18.012718,18.120361,18.174133,17.797005,18.012718,18.513863,18.603035,18.656494,18.174133,18.174133,18.585213,18.442459,18.353111,18.388855,18.674309,18.798882,18.388855,18.156204,18.603035,18.834435,18.102425,18.353111,18.424599,18.531708,18.192039,18.299454,18.335236,18.692123,18.370995,18.209953,18.567383,18.442459,18.531708,18.531708,18.941017,18.370995,18.531708,18.674309,18.727722,18.460312,18.317345,18.353111,18.585213,18.442459,18.816666,18.478165,18.406731,18.317345,18.048607,18.245766,18.994255,18.317345,18.030663,18.102425,18.084496,18.335236,18.263664,18.138290,18.209953,17.815002,18.299454,18.048607,18.012718,18.263664,18.460312,17.670921,18.102425,18.156204,18.263664,17.868965,17.958839,17.815002,18.478165,18.406731,18.209953,18.245766,17.850990,18.120361,17.994759,17.724983,17.742996,17.833000,18.263664,18.209953,17.598785,18.317345,18.120361,17.562698,17.652901,18.120361,17.976807,17.904930,17.922905,17.976807,18.299454,17.598785,17.868965,17.958839,18.227867,17.688942,17.742996,17.670921,17.976807,17.652901,17.742996,17.779015,17.833000,17.976807,18.138290,17.922905,17.670921,17.976807,17.833000,18.245766,17.634865,17.724983,17.940880,17.616829,17.779015,17.562698,17.761002,17.363930,17.779015,17.345833,17.724983,17.400101,17.904930,17.833000,18.066551,17.850990,17.868965,17.706970,17.904930,17.652901,17.958839,17.797005,17.904930,18.138290,17.886955,17.815002,17.454338,18.048607,17.886955,18.245766,17.940880,17.761002,17.363930,17.724983,17.868965,17.454338,17.670921,17.797005,18.048607,17.580750,18.030663,17.562698,18.012718,17.922905,18.066551,17.490471,18.406731,17.886955,17.526596,17.868965,17.815002,17.779015,17.868965,18.066551,17.815002,17.742996,17.994759,17.868965,17.976807,17.976807,17.940880,17.652901,17.761002,17.976807,17.994759,17.833000,17.742996,17.833000,17.761002,18.012718,17.544655,18.227867,17.598785,17.779015,18.281563,17.562698,17.833000,18.048607,17.833000,18.138290,17.544655,17.544655,17.976807,18.012718,17.327736,17.742996,17.940880,17.922905,17.904930,17.815002,17.182823,17.490471,17.508537,17.742996,17.580750,17.400101,17.670921,17.490471,18.156204,17.436272,17.219078,17.688942,17.724983,17.436272,17.724983,17.073982,17.724983,17.382019,17.327736,17.146553,17.309639,17.309639,17.544655,17.508537,17.363930,17.345833,17.598785,17.580750,17.490471,17.055817,17.833000,17.454338,17.761002,17.055817,17.382019,17.742996,17.490471,17.200951,17.616829,17.327736,17.382019,17.562698,17.273430,17.073982,17.019493,17.019493,17.037659,17.073982,17.001335,16.964989,17.291534,17.363930,17.128418,17.019493,17.291534,16.855865,16.983162,17.019493,17.454338,17.418190,17.164696,16.892258,17.182823,17.400101,16.964989,16.928627,17.652901,17.200951,16.946808,17.580750,17.454338,17.418190,17.508537,17.634865,16.874062,16.983162,17.237198,17.652901,17.454338,17.200951,17.472412,17.291534,17.146553,17.634865,16.874062,17.146553,17.400101,17.237198,16.819458,16.819458,17.110275,17.055817,16.928627,17.146553,16.874062,16.964989,16.983162,16.783035,17.128418,17.073982,16.837654,17.073982,17.472412,16.637184,17.544655,16.801247,16.964989,16.106438,16.691910,16.855865,17.255310,17.200951,17.200951,16.910439,16.874062,16.545914,16.637184,16.892258,16.600693,17.001335,16.399666,17.055817,16.124794,16.855865,16.892258,16.783035,16.637184,16.326462,16.801247,16.509377,16.801247,16.326462,16.363075,16.637184,17.164696,16.527649,16.381371,16.783035,16.746590,16.600693,16.655434,16.600693,15.885872,16.491104,16.801247,15.922668,16.983162,16.691910,16.819458,16.179840,16.253181,16.454536,16.691910,15.977844,16.399666,16.289825,16.124794,16.472824,16.289825,16.234848,15.775375,16.253181,16.234848,16.179840,15.849052,15.922668,15.756950,15.627831,16.143143,15.775375,16.161499,15.646294,15.683197,15.480049,15.720085,14.905037,16.088081,15.849052,15.369041,15.239365,15.313492,15.406059,15.257896,15.183723,15.387550,15.202286,15.332008,15.756950,15.406059,15.553970,15.294960,15.090919,14.793312,14.513397,15.609375,14.923637,14.700096,14.811943,15.165176,15.016617,15.517014,14.606796,14.886414,14.942238,15.072350,13.668427,15.016617,14.457298,14.457298,14.457298,14.923637,14.401184,14.382469,14.176346,13.611824,13.592949,13.555183,12.739456,13.252487,13.024826,11.762703,10.911919,
15.369041,16.582436,16.069710,16.124794,16.545914,16.216530,16.710136,16.472824,16.764816,16.618950,16.216530,16.253181,16.289825,16.106438,16.417961,16.582436,16.253181,16.491104,16.179840,16.106438,16.764816,16.491104,16.491104,16.363075,16.582436,16.179840,16.783035,16.326462,16.143143,16.381371,15.996223,16.545914,16.234848,16.399666,16.344765,16.564171,15.977844,16.691910,16.363075,16.582436,16.198189,16.710136,16.381371,16.472824,16.746590,16.106438,16.618950,16.691910,16.271500,16.691910,16.710136,16.618950,16.892258,16.710136,16.801247,16.637184,16.326462,16.399666,17.219078,16.198189,16.855865,16.198189,16.910439,16.691910,16.764816,16.946808,16.161499,16.837654,16.106438,17.110275,16.837654,16.618950,16.928627,16.308144,16.728371,16.509377,16.892258,16.928627,16.691910,16.728371,17.164696,16.308144,17.164696,16.946808,16.564171,16.819458,16.472824,16.764816,17.128418,17.291534,17.291534,16.837654,16.545914,16.910439,17.073982,16.618950,16.691910,16.673668,16.983162,17.001335,17.128418,17.164696,16.855865,16.837654,17.219078,16.983162,16.964989,17.146553,17.164696,16.783035,17.055817,16.928627,16.819458,17.200951,16.837654,17.073982,17.146553,17.037659,17.073982,17.037659,17.146553,17.001335,17.309639,17.128418,17.309639,17.200951,16.764816,17.200951,17.255310,17.182823,16.928627,17.219078,17.345833,17.092117,17.616829,16.746590,17.454338,16.746590,17.544655,17.490471,16.874062,17.164696,17.472412,17.598785,17.182823,17.815002,17.544655,17.291534,17.706970,17.291534,17.382019,17.868965,17.922905,17.922905,17.562698,17.273430,17.472412,17.580750,17.779015,17.670921,17.472412,17.400101,17.904930,17.958839,17.850990,17.724983,17.868965,17.868965,17.526596,17.634865,17.688942,17.634865,17.994759,17.670921,18.030663,17.616829,17.868965,17.850990,17.598785,17.922905,17.580750,17.598785,17.670921,17.868965,17.815002,17.742996,17.688942,17.994759,17.400101,17.562698,17.436272,17.363930,17.616829,18.048607,17.616829,17.598785,17.400101,17.724983,17.742996,17.670921,17.652901,17.761002,17.850990,17.652901,17.761002,17.833000,17.779015,17.761002,17.724983,18.012718,17.634865,18.192039,17.670921,18.192039,18.245766,18.174133,17.976807,18.370995,18.066551,18.084496,18.012718,18.370995,18.066551,18.102425,18.353111,18.656494,18.781090,18.192039,17.904930,18.603035,18.012718,18.370995,18.656494,18.263664,18.834435,18.406731,18.620857,18.531708,18.424599,18.353111,18.030663,18.745514,18.727722,18.638680,19.029732,18.048607,18.209953,18.084496,18.513863,18.192039,17.850990,18.192039,18.156204,18.012718,18.245766,18.102425,18.174133,18.174133,18.478165,18.030663,18.227867,18.478165,18.567383,17.886955,18.048607,17.994759,18.245766,18.424599,18.102425,18.388855,18.120361,18.245766,18.299454,18.496017,18.388855,18.513863,18.012718,18.174133,18.638680,18.048607,18.763306,17.724983,18.406731,18.209953,18.245766,18.048607,18.209953,18.245766,18.299454,17.994759,17.922905,18.138290,17.779015,17.779015,18.030663,18.030663,18.192039,17.634865,18.335236,18.281563,17.904930,17.779015,17.670921,17.976807,17.886955,18.281563,18.102425,17.940880,18.263664,17.670921,18.066551,17.797005,17.886955,17.886955,17.940880,17.922905,18.120361,17.742996,18.388855,18.138290,17.833000,17.724983,17.742996,17.976807,18.066551,17.850990,17.454338,17.616829,18.084496,17.742996,17.797005,17.616829,18.353111,17.436272,17.616829,17.544655,17.688942,17.670921,17.742996,18.012718,17.958839,17.868965,17.490471,17.706970,18.030663,17.833000,17.904930,17.815002,18.442459,17.761002,17.904930,18.120361,17.454338,17.580750,17.652901,17.598785,17.940880,17.850990,17.976807,17.797005,18.012718,17.526596,18.388855,17.580750,17.490471,18.156204,17.940880,17.562698,17.562698,17.472412,18.120361,18.102425,17.544655,18.138290,18.174133,17.994759,17.779015,18.012718,18.281563,17.634865,17.922905,17.688942,18.012718,17.761002,17.652901,18.102425,17.833000,17.634865,17.688942,18.102425,17.868965,17.940880,17.562698,17.958839,18.478165,17.724983,18.174133,18.120361,18.209953,17.742996,17.706970,17.976807,18.156204,17.976807,17.850990,17.761002,17.797005,17.940880,17.940880,18.263664,18.048607,17.742996,18.156204,17.904930,17.815002,17.580750,17.634865,17.652901,18.012718,17.634865,17.580750,17.418190,17.562698,17.544655,17.472412,17.761002,17.815002,17.418190,17.436272,16.983162,17.580750,17.454338,17.742996,17.001335,17.490471,17.200951,17.526596,17.345833,17.382019,17.706970,16.819458,17.291534,17.652901,17.526596,17.544655,17.363930,16.837654,17.037659,17.418190,17.309639,17.940880,17.291534,17.454338,16.710136,17.472412,17.526596,17.382019,16.910439,17.400101,17.508537,17.544655,17.092117,17.309639,17.073982,16.801247,17.797005,17.037659,17.200951,17.562698,17.164696,17.019493,17.128418,17.110275,16.710136,17.146553,17.436272,16.983162,17.019493,17.164696,17.037659,17.345833,16.928627,17.200951,17.436272,17.815002,16.983162,17.562698,16.655434,16.837654,17.073982,17.652901,17.345833,17.182823,16.874062,17.382019,17.128418,17.454338,17.092117,17.436272,17.128418,17.309639,17.363930,17.273430,17.055817,17.146553,17.128418,16.892258,17.418190,17.670921,16.964989,17.164696,17.273430,17.019493,16.764816,17.001335,17.363930,16.819458,16.983162,17.291534,16.983162,16.783035,16.983162,16.655434,16.600693,16.746590,16.783035,17.146553,17.073982,16.874062,16.910439,17.255310,16.819458,17.200951,16.746590,16.198189,16.655434,16.582436,16.491104,16.983162,16.618950,16.728371,16.691910,15.922668,16.983162,16.637184,16.454536,16.728371,17.073982,16.399666,16.417961,16.143143,16.874062,16.106438,16.582436,16.491104,16.509377,16.161499,16.344765,17.092117,15.977844,16.600693,16.161499,16.069710,15.959457,16.308144,16.032974,16.801247,15.904274,16.399666,16.271500,16.161499,16.308144,16.088081,16.032974,16.032974,16.216530,16.308144,15.904274,16.271500,16.143143,16.216530,16.363075,15.867470,15.793800,16.344765,15.849052,16.198189,16.399666,16.106438,15.498535,16.234848,15.849052,15.996223,15.294960,15.683197,15.535500,15.535500,16.051353,15.793800,15.812218,15.720085,15.443062,14.905037,15.313492,15.387550,14.849190,14.774681,14.923637,15.517014,15.146614,15.572441,15.387550,15.128059,15.072350,14.960838,15.220818,15.053780,14.419891,14.998024,14.905037,15.072350,14.401184,14.681450,15.183723,14.811943,14.625465,14.793312,14.363747,14.401184,14.382469,14.044937,14.195114,13.819221,13.214584,13.328255,13.157700,12.529640,12.338478,12.242760,10.581207,
15.609375,15.646294,16.454536,16.472824,15.922668,15.977844,16.801247,16.161499,16.472824,16.436256,15.812218,16.271500,16.491104,16.198189,16.417961,16.344765,16.874062,16.454536,16.436256,16.363075,16.983162,16.014603,16.472824,16.381371,16.710136,16.198189,16.344765,16.216530,16.582436,16.527649,16.289825,15.977844,16.253181,16.271500,16.472824,16.491104,16.216530,16.564171,16.308144,17.073982,16.363075,16.691910,16.436256,16.637184,16.308144,16.582436,16.673668,16.764816,16.655434,16.910439,16.618950,16.801247,16.801247,16.564171,16.143143,16.728371,16.637184,16.253181,16.637184,17.092117,16.564171,16.545914,16.710136,16.874062,17.055817,16.691910,16.710136,16.928627,16.964989,16.855865,16.855865,16.564171,16.655434,16.289825,16.728371,15.756950,16.564171,16.783035,16.892258,17.055817,16.655434,16.892258,16.928627,16.910439,17.110275,16.582436,17.001335,16.819458,16.819458,16.399666,16.819458,16.801247,17.019493,16.946808,17.418190,17.055817,16.655434,16.710136,17.001335,17.019493,16.928627,16.910439,17.110275,17.037659,16.399666,17.019493,16.819458,17.055817,17.146553,16.855865,17.237198,16.746590,16.746590,16.746590,17.092117,16.527649,16.637184,17.454338,16.819458,16.964989,16.618950,17.146553,17.019493,16.728371,17.146553,17.073982,17.219078,16.728371,16.964989,17.073982,17.164696,17.055817,17.363930,17.164696,17.436272,16.928627,17.110275,17.182823,17.200951,17.327736,17.688942,17.255310,17.562698,17.001335,17.382019,17.237198,17.363930,17.128418,17.345833,17.742996,17.508537,17.850990,17.742996,17.019493,17.598785,17.472412,17.490471,17.761002,17.994759,17.580750,17.724983,17.526596,17.868965,17.670921,17.724983,17.598785,17.779015,18.048607,17.309639,17.544655,17.182823,17.706970,17.345833,18.030663,17.940880,18.048607,17.797005,18.030663,17.815002,17.490471,17.724983,17.652901,18.066551,17.922905,17.779015,17.868965,18.192039,17.958839,17.706970,17.850990,17.886955,17.526596,17.886955,17.742996,18.084496,17.742996,17.616829,17.237198,17.706970,17.508537,17.652901,17.526596,17.797005,17.922905,17.255310,17.815002,17.922905,17.958839,17.940880,17.922905,18.084496,17.886955,17.761002,18.281563,18.084496,18.209953,18.227867,17.958839,18.066551,18.442459,18.209953,18.603035,18.335236,18.335236,18.406731,18.513863,18.798882,18.460312,18.745514,18.442459,18.120361,18.656494,18.869980,18.263664,18.406731,18.781090,18.370995,18.174133,18.209953,18.299454,18.370995,18.120361,18.424599,18.763306,18.941017,18.406731,18.388855,18.388855,18.620857,18.281563,18.370995,18.102425,18.852211,18.388855,18.549545,18.638680,18.709923,18.424599,18.424599,18.245766,18.692123,18.335236,18.567383,18.263664,18.406731,18.030663,18.335236,18.460312,18.012718,17.779015,18.424599,18.192039,18.406731,17.994759,18.066551,18.102425,18.549545,17.994759,18.549545,18.120361,18.549545,18.138290,18.263664,18.120361,18.048607,18.388855,18.513863,18.281563,18.299454,17.598785,18.084496,17.634865,18.370995,17.922905,18.084496,17.994759,17.363930,17.958839,17.958839,18.066551,18.209953,17.779015,17.634865,18.335236,17.634865,17.850990,17.761002,18.138290,18.066551,17.904930,17.652901,18.066551,17.580750,18.084496,17.904930,17.886955,17.922905,17.940880,17.940880,18.209953,18.406731,17.904930,17.382019,17.742996,17.724983,17.797005,17.616829,17.508537,18.030663,17.761002,17.886955,17.724983,17.634865,17.922905,17.886955,17.815002,17.652901,17.616829,17.958839,17.652901,17.940880,17.850990,17.652901,17.904930,17.688942,17.652901,17.182823,17.850990,17.670921,17.815002,17.815002,17.706970,17.815002,17.345833,18.066551,17.634865,18.138290,17.724983,17.688942,17.724983,17.815002,17.868965,17.976807,17.382019,17.886955,17.886955,17.706970,17.833000,17.904930,17.580750,17.652901,17.724983,17.922905,18.012718,17.904930,17.779015,17.634865,17.922905,17.652901,18.030663,17.958839,17.868965,18.048607,17.976807,17.958839,17.670921,17.976807,17.652901,18.030663,17.815002,17.976807,18.084496,18.048607,18.066551,17.598785,18.084496,18.406731,18.120361,17.670921,18.084496,18.012718,17.616829,17.976807,17.850990,17.922905,17.815002,18.048607,17.833000,17.868965,17.706970,17.850990,18.030663,17.670921,18.048607,17.652901,17.922905,17.544655,17.508537,17.634865,17.616829,17.688942,17.472412,17.742996,17.382019,17.400101,17.291534,17.526596,17.400101,17.562698,17.490471,17.868965,17.922905,17.128418,17.616829,17.580750,17.598785,17.598785,17.309639,17.598785,17.616829,17.652901,16.874062,17.616829,17.128418,17.544655,17.001335,17.508537,17.291534,16.910439,17.418190,17.073982,17.472412,17.418190,17.291534,17.508537,17.219078,17.400101,16.691910,17.580750,17.146553,17.724983,17.291534,17.327736,17.273430,17.418190,17.454338,17.055817,17.688942,16.746590,17.291534,17.454338,17.219078,17.001335,17.309639,17.073982,17.110275,17.200951,17.400101,17.128418,17.850990,17.490471,17.363930,17.382019,17.146553,17.797005,17.092117,17.146553,17.055817,17.472412,17.454338,17.073982,17.472412,17.146553,17.146553,17.092117,17.436272,17.327736,17.128418,17.164696,17.345833,17.273430,17.418190,17.273430,17.001335,17.382019,16.928627,17.200951,16.728371,17.164696,17.001335,17.200951,16.783035,17.037659,16.892258,17.291534,16.746590,17.073982,17.418190,16.855865,17.164696,17.037659,16.874062,16.509377,17.092117,16.637184,17.128418,16.710136,16.600693,17.327736,16.655434,17.055817,16.564171,16.728371,16.106438,16.417961,16.289825,16.710136,16.582436,16.673668,16.509377,16.691910,16.399666,16.637184,16.106438,15.996223,16.728371,16.819458,16.344765,16.710136,15.959457,16.399666,15.941071,17.055817,16.764816,16.527649,16.509377,16.819458,16.491104,16.454536,16.545914,16.381371,16.381371,16.143143,16.673668,16.472824,15.904274,16.088081,16.326462,16.491104,16.051353,16.344765,15.849052,16.527649,16.399666,16.472824,16.179840,16.326462,15.996223,15.664742,15.922668,15.369041,16.088081,16.983162,16.381371,15.720085,16.892258,16.234848,16.179840,16.088081,15.701637,15.609375,16.198189,15.922668,15.849052,15.701637,15.498535,15.738518,15.332008,15.517014,15.830643,15.738518,15.332008,15.035194,15.369041,15.461563,15.332008,15.387550,15.220818,15.498535,15.480049,15.165176,15.406059,15.480049,15.146614,15.350533,15.202286,15.369041,15.443062,15.369041,14.923637,15.202286,15.035194,14.774681,14.326302,14.569450,14.849190,14.063721,15.793800,13.988556,14.960838,14.830566,14.138817,13.913338,13.706154,13.195625,13.498497,12.395866,12.701340,11.839676,10.775871,
15.461563,15.996223,16.399666,16.234848,16.326462,16.289825,15.922668,16.436256,16.161499,16.509377,16.289825,15.904274,16.106438,16.051353,16.363075,15.996223,16.179840,16.051353,16.069710,16.308144,16.032974,16.472824,16.673668,16.436256,16.289825,16.454536,16.161499,16.509377,16.216530,16.289825,15.867470,16.051353,15.609375,15.775375,15.885872,16.271500,16.253181,16.198189,16.637184,16.344765,16.417961,15.553970,16.491104,16.819458,16.014603,16.417961,16.491104,16.837654,16.764816,16.691910,16.637184,16.728371,16.783035,16.710136,16.764816,16.855865,16.582436,16.582436,16.673668,16.673668,16.545914,16.582436,16.436256,16.491104,16.819458,16.637184,16.051353,16.216530,16.874062,16.399666,16.454536,16.819458,16.637184,16.783035,16.271500,16.143143,16.234848,16.436256,16.454536,16.910439,16.801247,16.472824,16.764816,16.764816,16.509377,16.179840,17.128418,16.637184,16.710136,16.673668,16.600693,16.874062,16.746590,17.219078,16.491104,16.910439,16.910439,16.655434,16.710136,16.910439,16.764816,16.691910,16.618950,16.545914,16.819458,17.055817,16.946808,16.564171,16.728371,16.837654,17.382019,17.182823,17.273430,16.928627,16.655434,16.928627,16.892258,17.454338,17.128418,17.110275,17.110275,17.670921,16.855865,17.146553,17.526596,17.164696,17.110275,17.237198,16.655434,16.855865,17.164696,17.073982,17.110275,17.400101,17.363930,17.146553,16.837654,17.037659,16.892258,16.874062,17.345833,17.200951,17.128418,17.345833,17.255310,17.508537,17.273430,17.400101,17.400101,17.146553,17.616829,17.382019,17.472412,17.291534,17.382019,17.363930,17.146553,17.544655,17.363930,17.255310,17.544655,17.670921,18.120361,17.598785,17.544655,17.634865,17.833000,17.742996,17.779015,17.454338,17.327736,17.815002,17.724983,17.688942,17.742996,17.797005,17.850990,17.382019,18.066551,17.382019,17.742996,17.634865,18.048607,17.797005,17.472412,17.382019,17.634865,17.237198,17.490471,18.012718,17.634865,17.436272,17.562698,17.833000,17.815002,17.634865,17.634865,17.182823,17.454338,17.472412,17.670921,18.066551,17.724983,17.761002,17.904930,17.580750,17.526596,17.886955,17.436272,17.688942,18.084496,17.724983,17.797005,17.976807,18.138290,17.688942,18.727722,18.209953,18.030663,18.263664,18.156204,18.066551,18.335236,17.994759,18.603035,18.227867,18.834435,18.478165,18.674309,18.531708,18.763306,18.745514,18.620857,19.029732,18.781090,18.692123,18.549545,18.834435,18.245766,18.709923,18.263664,18.192039,18.424599,18.317345,18.424599,18.692123,18.620857,18.192039,18.798882,17.868965,18.549545,18.192039,18.567383,18.531708,18.478165,18.299454,18.478165,18.281563,18.513863,18.478165,18.478165,18.727722,18.084496,18.388855,18.727722,18.603035,18.460312,18.048607,18.174133,18.869980,18.353111,18.012718,18.102425,18.781090,18.674309,18.138290,18.496017,18.048607,18.585213,17.976807,18.192039,18.084496,18.263664,17.868965,18.048607,18.012718,18.084496,17.940880,18.245766,17.994759,18.424599,17.761002,18.102425,18.299454,18.066551,17.994759,17.904930,17.886955,17.850990,17.797005,18.048607,17.598785,18.120361,17.922905,17.508537,17.868965,18.406731,18.120361,17.904930,17.706970,18.030663,17.868965,17.761002,17.797005,17.922905,17.724983,18.030663,17.670921,17.833000,17.688942,17.833000,18.335236,17.706970,17.544655,17.815002,17.797005,17.815002,17.454338,17.994759,18.120361,17.454338,17.833000,17.850990,17.616829,17.994759,18.012718,18.012718,17.562698,17.742996,17.526596,17.724983,17.526596,17.976807,17.706970,17.724983,17.940880,17.833000,17.598785,17.797005,17.670921,17.706970,17.562698,17.815002,18.012718,17.958839,17.994759,17.850990,17.850990,17.779015,17.472412,17.904930,17.544655,17.815002,17.670921,17.508537,17.833000,17.958839,17.779015,17.797005,17.761002,18.030663,17.922905,18.209953,17.670921,17.994759,17.797005,17.598785,17.779015,18.299454,17.598785,18.174133,17.508537,17.886955,17.958839,17.815002,18.192039,17.976807,17.634865,18.012718,18.192039,18.102425,17.724983,17.815002,17.958839,17.850990,17.976807,17.580750,17.761002,18.370995,17.761002,18.156204,17.706970,17.958839,17.688942,18.102425,17.724983,17.652901,17.742996,17.940880,17.598785,18.012718,17.580750,17.815002,17.616829,17.976807,17.833000,17.688942,17.706970,17.976807,17.958839,18.102425,17.490471,17.634865,17.616829,17.616829,17.128418,17.544655,17.761002,17.345833,17.526596,17.472412,17.797005,17.327736,18.066551,16.910439,17.454338,17.544655,17.490471,17.110275,17.490471,17.418190,17.580750,17.019493,17.128418,17.237198,16.874062,17.634865,17.363930,17.652901,16.983162,17.400101,17.472412,17.508537,17.200951,17.237198,17.418190,17.273430,17.652901,17.164696,17.490471,16.983162,17.291534,17.382019,16.983162,17.418190,17.164696,17.019493,17.182823,17.110275,17.001335,17.472412,16.964989,17.724983,16.855865,16.855865,16.964989,17.345833,17.400101,17.291534,17.164696,17.291534,17.309639,17.616829,17.363930,17.128418,17.146553,17.164696,17.200951,17.526596,17.146553,17.382019,17.055817,17.055817,17.273430,16.691910,16.801247,16.819458,17.526596,17.037659,16.892258,16.728371,16.819458,16.964989,17.634865,17.146553,16.892258,17.164696,17.019493,17.237198,16.363075,16.344765,16.983162,16.946808,17.073982,17.544655,16.655434,16.710136,17.110275,16.728371,16.509377,16.399666,17.562698,16.819458,16.527649,16.928627,16.855865,17.055817,16.764816,16.491104,16.527649,16.691910,16.691910,17.073982,16.491104,16.764816,16.964989,16.673668,16.892258,16.764816,16.655434,16.399666,16.253181,16.655434,16.032974,16.618950,16.618950,16.308144,16.509377,16.381371,16.527649,16.837654,16.509377,16.964989,16.308144,16.234848,16.014603,16.618950,16.600693,16.143143,16.198189,16.527649,16.344765,16.417961,16.161499,16.308144,15.996223,16.527649,16.582436,16.655434,16.308144,15.775375,16.014603,16.198189,16.381371,16.179840,16.417961,15.941071,15.738518,16.124794,15.590912,16.344765,16.124794,16.161499,16.106438,16.234848,15.406059,16.399666,15.941071,15.996223,15.904274,15.812218,15.904274,15.646294,15.867470,16.032974,15.590912,15.738518,16.216530,16.032974,15.202286,15.369041,15.257896,15.664742,15.646294,15.977844,16.088081,15.369041,15.572441,14.960838,15.683197,16.088081,15.183723,15.553970,14.830566,15.756950,15.332008,15.109489,14.830566,15.498535,15.016617,15.424561,14.942238,14.905037,14.830566,14.718750,14.644127,14.718750,14.756035,14.419891,14.476006,14.007355,14.026146,14.120049,13.800392,13.422867,13.403954,13.460693,13.024826,12.682281,12.089409,
15.387550,16.161499,15.941071,16.143143,16.801247,16.216530,16.106438,16.051353,16.363075,15.849052,15.812218,15.627831,16.436256,16.326462,16.271500,16.088081,16.253181,16.509377,16.308144,16.253181,16.472824,16.564171,16.399666,16.124794,16.326462,16.051353,16.545914,16.308144,16.124794,15.959457,16.143143,16.381371,16.124794,16.198189,16.051353,15.775375,16.344765,16.399666,16.819458,16.143143,16.069710,16.399666,15.922668,16.326462,16.783035,16.491104,16.801247,15.959457,16.728371,16.545914,16.855865,16.326462,16.710136,16.600693,16.143143,16.655434,16.637184,16.673668,15.977844,16.564171,16.892258,16.436256,16.582436,16.472824,17.055817,16.637184,16.637184,16.728371,16.454536,16.892258,16.051353,16.344765,16.746590,16.289825,16.655434,16.216530,16.892258,16.783035,16.764816,16.710136,16.289825,16.491104,16.691910,16.509377,16.509377,16.673668,17.055817,16.710136,16.436256,16.801247,16.655434,16.874062,16.564171,16.710136,16.454536,17.001335,16.837654,16.783035,16.874062,16.691910,16.910439,16.801247,17.164696,17.255310,16.655434,16.600693,17.055817,17.128418,16.910439,16.637184,16.946808,16.892258,17.073982,17.001335,16.910439,16.691910,16.964989,17.182823,17.110275,16.436256,16.837654,16.874062,16.801247,17.092117,17.291534,17.363930,17.327736,16.855865,17.255310,17.345833,17.182823,16.728371,17.562698,16.855865,17.327736,17.073982,16.983162,17.110275,17.490471,16.874062,17.454338,17.454338,17.490471,17.128418,17.291534,17.237198,17.219078,17.382019,17.345833,17.073982,17.146553,17.400101,17.472412,17.128418,17.833000,17.400101,17.490471,17.508537,17.436272,17.706970,17.526596,17.598785,17.616829,17.976807,17.922905,17.779015,17.904930,17.670921,18.281563,17.724983,17.724983,17.797005,17.580750,17.922905,17.761002,17.544655,17.544655,17.382019,17.652901,17.562698,17.868965,17.634865,17.779015,17.382019,17.400101,17.345833,17.922905,17.706970,17.616829,18.066551,17.815002,17.815002,17.994759,17.724983,17.742996,17.526596,17.815002,17.219078,17.472412,17.454338,17.363930,17.508537,18.012718,17.562698,17.706970,17.616829,17.868965,17.976807,18.227867,18.030663,17.940880,18.263664,17.724983,17.868965,18.156204,18.138290,18.209953,18.245766,18.209953,18.192039,18.192039,17.940880,18.209953,18.442459,18.388855,18.549545,18.424599,18.603035,18.941017,18.406731,18.923264,18.745514,18.460312,18.442459,18.852211,18.353111,18.834435,18.478165,18.603035,18.549545,18.478165,18.299454,18.388855,18.620857,18.549545,18.335236,18.353111,18.549545,18.353111,18.335236,17.958839,17.976807,18.084496,18.674309,18.496017,18.638680,17.994759,18.478165,18.317345,17.958839,18.335236,18.406731,18.781090,18.335236,18.478165,18.620857,18.156204,17.761002,18.174133,18.245766,18.370995,18.084496,17.833000,18.709923,17.815002,17.976807,18.299454,18.066551,18.299454,18.102425,18.299454,18.281563,18.531708,18.066551,18.030663,18.763306,17.688942,17.598785,18.174133,18.030663,17.994759,17.833000,18.174133,17.994759,17.706970,18.209953,18.048607,17.742996,17.922905,17.706970,17.886955,17.797005,18.174133,18.102425,17.363930,18.066551,17.634865,18.209953,17.976807,18.263664,18.066551,17.797005,18.102425,18.048607,17.742996,18.030663,18.353111,17.922905,17.850990,18.084496,17.724983,17.634865,17.706970,17.815002,17.868965,17.634865,17.418190,17.327736,17.886955,17.688942,17.724983,17.724983,17.508537,18.138290,17.940880,17.526596,17.815002,17.850990,17.670921,17.670921,17.742996,17.508537,17.634865,17.670921,17.779015,17.761002,17.562698,17.327736,17.815002,17.472412,17.436272,17.670921,17.418190,17.562698,17.742996,17.490471,17.904930,17.779015,17.904930,17.706970,17.526596,17.706970,18.048607,17.526596,18.048607,17.526596,17.634865,17.454338,18.012718,17.742996,18.531708,17.850990,17.797005,17.436272,17.526596,17.976807,18.048607,17.634865,17.958839,17.797005,17.562698,18.281563,17.706970,17.562698,17.742996,17.706970,18.138290,17.797005,17.400101,17.976807,18.048607,17.922905,17.868965,17.994759,18.012718,17.706970,18.102425,17.850990,18.102425,17.922905,17.904930,17.616829,17.850990,17.994759,17.400101,17.616829,18.209953,17.327736,17.580750,17.490471,17.994759,17.200951,17.526596,17.634865,17.797005,17.761002,17.544655,17.886955,17.779015,17.688942,17.436272,17.363930,17.580750,17.544655,17.797005,18.066551,17.073982,17.634865,17.670921,17.779015,17.688942,17.815002,17.815002,17.273430,17.418190,17.598785,17.454338,18.030663,17.472412,17.652901,17.291534,17.291534,17.327736,17.128418,17.400101,17.436272,17.454338,17.562698,17.237198,17.850990,17.164696,17.742996,17.598785,17.761002,17.418190,17.092117,17.670921,17.146553,17.200951,16.673668,17.634865,17.526596,17.237198,17.182823,17.237198,17.490471,17.345833,17.073982,17.037659,17.200951,17.400101,17.055817,17.454338,17.164696,17.019493,16.855865,17.146553,17.815002,17.037659,17.363930,17.092117,17.382019,17.001335,17.001335,17.092117,17.237198,16.527649,17.219078,17.382019,17.490471,17.273430,17.219078,17.436272,16.964989,17.436272,16.728371,16.801247,17.508537,17.164696,17.037659,17.037659,17.092117,17.237198,17.436272,17.219078,16.819458,17.219078,17.037659,17.128418,17.200951,17.037659,17.182823,16.910439,16.837654,16.837654,17.309639,16.983162,17.255310,16.746590,17.055817,16.801247,17.092117,17.309639,16.600693,17.019493,16.855865,17.037659,16.710136,17.019493,16.564171,16.655434,16.728371,16.234848,16.344765,16.928627,16.691910,17.219078,16.363075,16.855865,16.783035,16.509377,16.819458,16.783035,16.691910,16.179840,16.326462,16.582436,16.051353,16.764816,16.326462,16.051353,16.874062,16.417961,16.051353,16.179840,16.344765,16.289825,16.874062,16.819458,16.637184,16.837654,16.179840,15.904274,16.454536,16.491104,16.673668,16.289825,16.344765,16.051353,15.904274,15.590912,16.491104,16.088081,16.198189,16.308144,16.106438,15.885872,16.179840,15.646294,15.977844,15.849052,16.289825,16.527649,15.867470,15.756950,16.216530,16.234848,16.106438,16.179840,15.609375,15.535500,16.161499,16.399666,16.216530,16.381371,15.701637,15.424561,16.179840,15.664742,16.198189,15.977844,15.313492,15.959457,15.332008,16.326462,15.812218,15.332008,15.609375,15.756950,15.202286,15.535500,15.313492,15.627831,15.517014,15.369041,14.830566,15.701637,15.683197,15.498535,15.904274,15.016617,15.461563,15.480049,15.443062,15.572441,14.886414,15.332008,14.681450,14.550774,14.569450,15.183723,14.007355,14.606796,13.460693,13.441788,13.479599,12.739456,12.644142,12.031822,11.067169,
15.885872,16.198189,16.014603,16.143143,16.253181,16.106438,16.106438,16.326462,16.673668,15.922668,16.234848,16.399666,16.491104,15.609375,16.271500,15.885872,16.326462,15.720085,16.271500,16.326462,16.509377,15.977844,15.996223,16.381371,16.308144,16.308144,15.922668,15.830643,16.088081,16.143143,16.363075,16.124794,16.710136,16.344765,15.627831,15.959457,16.271500,16.381371,16.673668,16.326462,16.710136,16.527649,15.996223,16.253181,16.527649,16.910439,16.417961,16.783035,16.326462,16.582436,16.655434,16.289825,16.326462,16.819458,16.691910,16.417961,16.545914,16.618950,16.545914,16.637184,16.491104,16.472824,16.655434,16.417961,16.381371,16.399666,16.746590,17.182823,16.600693,16.892258,16.564171,16.308144,16.491104,16.417961,16.363075,16.618950,16.216530,16.892258,16.673668,16.655434,16.691910,16.271500,16.892258,16.746590,16.527649,16.545914,16.910439,16.819458,16.344765,16.509377,17.182823,16.892258,16.746590,16.691910,16.271500,16.527649,16.892258,16.910439,16.892258,17.128418,16.728371,16.436256,17.219078,17.327736,16.691910,17.164696,16.983162,17.001335,16.673668,16.801247,16.673668,16.910439,16.801247,17.164696,16.728371,16.691910,16.837654,16.509377,16.764816,17.400101,16.564171,17.562698,16.855865,17.001335,17.055817,16.783035,16.728371,17.019493,17.092117,17.019493,17.001335,17.237198,16.892258,17.055817,16.964989,17.110275,17.273430,16.892258,17.128418,16.964989,17.291534,17.164696,17.219078,17.092117,17.164696,16.964989,17.562698,17.273430,17.273430,16.928627,17.345833,17.508537,17.418190,16.892258,17.363930,17.291534,17.526596,16.946808,17.490471,17.436272,17.562698,17.255310,17.833000,17.688942,17.526596,18.030663,17.688942,17.868965,17.833000,17.580750,18.012718,17.526596,17.922905,17.815002,17.706970,17.616829,17.616829,17.779015,17.868965,17.724983,17.922905,17.706970,17.958839,17.454338,17.363930,17.652901,17.742996,17.200951,17.815002,17.472412,18.048607,17.976807,17.670921,17.688942,17.868965,17.706970,17.454338,17.182823,17.182823,17.688942,17.850990,17.019493,17.400101,17.833000,17.616829,17.508537,17.850990,17.904930,17.598785,18.138290,17.742996,17.472412,18.406731,17.904930,18.084496,18.496017,18.335236,17.868965,18.084496,18.030663,18.084496,18.227867,18.567383,18.120361,18.460312,18.424599,18.781090,18.496017,18.887749,18.887749,18.478165,18.798882,18.692123,18.549545,18.603035,18.638680,18.460312,18.745514,18.781090,18.263664,18.834435,18.370995,18.513863,18.102425,18.138290,18.727722,18.585213,18.120361,18.388855,18.406731,18.263664,18.603035,17.868965,18.406731,18.156204,18.496017,18.245766,18.317345,18.567383,18.567383,18.460312,18.335236,18.263664,18.227867,18.585213,18.869980,18.692123,18.245766,18.209953,18.567383,18.281563,18.174133,18.209953,17.994759,18.245766,18.012718,18.424599,18.012718,18.209953,18.603035,17.958839,18.084496,18.174133,17.994759,18.066551,17.922905,18.138290,18.442459,18.030663,17.724983,18.174133,17.958839,18.030663,17.742996,17.544655,17.761002,18.370995,18.048607,17.688942,17.255310,17.815002,17.634865,17.868965,17.904930,17.868965,17.652901,17.815002,17.886955,18.048607,17.850990,17.976807,17.850990,17.958839,18.174133,18.156204,17.688942,18.012718,17.779015,18.084496,18.102425,17.886955,17.634865,17.454338,17.761002,17.688942,17.634865,17.634865,17.616829,18.120361,17.761002,18.245766,17.544655,17.797005,17.976807,17.886955,17.598785,17.345833,17.634865,17.797005,17.616829,17.706970,17.580750,17.761002,17.490471,17.761002,17.580750,17.761002,17.400101,17.797005,17.724983,17.616829,17.544655,17.418190,17.779015,18.030663,17.652901,17.706970,17.688942,17.850990,17.526596,17.761002,17.742996,17.580750,17.544655,17.634865,17.761002,17.868965,17.219078,17.652901,17.779015,17.688942,17.526596,17.779015,17.706970,17.761002,17.345833,17.634865,17.724983,17.490471,17.688942,17.418190,17.815002,18.156204,17.833000,17.291534,17.833000,17.634865,17.706970,18.442459,17.868965,17.562698,17.815002,17.544655,18.245766,17.779015,18.138290,18.012718,17.291534,18.156204,17.833000,17.779015,17.724983,18.030663,17.850990,18.138290,17.634865,17.779015,17.994759,17.958839,17.688942,18.066551,17.688942,17.886955,17.526596,17.994759,17.634865,17.815002,17.634865,18.084496,17.868965,17.779015,17.688942,17.400101,17.779015,17.815002,17.779015,17.886955,17.616829,17.688942,17.219078,17.779015,17.652901,17.037659,17.490471,17.345833,17.345833,17.670921,17.363930,17.886955,17.562698,17.562698,17.508537,17.219078,17.237198,17.273430,17.273430,17.472412,17.526596,17.688942,17.418190,17.309639,17.291534,17.219078,17.200951,17.436272,17.850990,16.910439,17.146553,17.255310,17.110275,17.055817,17.327736,17.327736,16.946808,17.309639,17.454338,17.255310,17.616829,17.182823,16.964989,17.327736,17.237198,17.073982,16.600693,17.345833,17.472412,17.309639,17.092117,17.454338,17.634865,16.983162,17.382019,17.200951,16.946808,17.327736,17.544655,17.363930,17.363930,17.164696,17.255310,17.164696,17.164696,17.309639,17.327736,17.200951,16.946808,17.037659,17.182823,17.670921,17.128418,17.526596,16.764816,17.182823,17.146553,17.055817,17.200951,16.509377,16.855865,17.092117,16.764816,17.652901,16.910439,17.164696,16.910439,17.200951,16.582436,16.892258,17.164696,17.400101,16.764816,16.910439,16.819458,16.618950,16.527649,16.564171,16.855865,16.600693,16.673668,16.253181,16.874062,16.910439,16.472824,16.673668,16.491104,16.710136,16.655434,16.381371,16.673668,16.436256,16.582436,16.344765,16.381371,16.545914,16.253181,16.344765,16.874062,16.964989,16.564171,16.161499,16.381371,16.545914,16.179840,16.545914,16.106438,16.417961,16.179840,16.454536,16.179840,16.308144,15.904274,16.014603,16.363075,15.849052,16.436256,16.417961,16.509377,15.885872,15.720085,16.344765,15.720085,15.664742,16.527649,16.472824,15.646294,16.088081,15.867470,16.143143,15.313492,16.051353,15.849052,15.977844,15.977844,16.655434,16.106438,15.996223,15.904274,16.308144,15.977844,15.369041,16.088081,16.161499,15.553970,15.517014,16.106438,16.161499,16.271500,16.381371,15.830643,15.257896,15.090919,16.344765,15.683197,15.885872,15.535500,15.294960,15.553970,16.216530,15.239365,15.959457,15.941071,15.701637,15.609375,14.979439,15.480049,15.443062,15.996223,15.387550,15.793800,15.720085,15.072350,15.387550,15.035194,15.406059,14.867805,15.257896,15.090919,14.867805,14.979439,15.332008,15.146614,14.886414,14.213860,13.913338,14.026146,13.460693,13.043808,13.005829,12.777557,12.663208,11.280220,
15.480049,16.363075,16.289825,16.143143,16.326462,16.014603,16.545914,16.728371,16.326462,15.609375,15.572441,16.143143,16.179840,16.600693,16.014603,15.239365,15.664742,15.885872,16.381371,16.509377,16.216530,16.509377,16.253181,16.271500,16.399666,16.582436,16.234848,15.830643,16.198189,16.308144,16.014603,16.308144,16.124794,16.106438,16.161499,16.308144,16.344765,16.179840,16.124794,16.326462,16.509377,16.289825,16.509377,16.417961,15.885872,16.545914,16.655434,16.472824,16.728371,16.491104,16.545914,16.618950,16.964989,16.728371,16.764816,16.801247,16.399666,16.819458,16.234848,16.308144,16.691910,16.764816,16.472824,17.128418,16.509377,16.124794,16.801247,16.436256,16.363075,15.904274,16.308144,16.673668,16.417961,16.381371,16.399666,16.363075,16.509377,16.618950,16.928627,16.363075,16.527649,16.582436,16.710136,16.655434,16.837654,16.564171,16.837654,16.746590,16.637184,16.564171,16.381371,16.964989,16.326462,17.128418,16.946808,16.801247,16.600693,16.454536,16.326462,17.001335,16.491104,16.946808,16.819458,16.983162,16.655434,17.128418,17.092117,16.417961,17.508537,16.600693,17.255310,16.764816,17.200951,16.600693,16.764816,16.964989,16.928627,16.691910,17.092117,17.200951,16.673668,16.874062,17.490471,17.327736,17.454338,17.255310,16.819458,17.055817,17.073982,16.910439,17.146553,17.418190,17.273430,16.983162,17.327736,17.146553,16.874062,17.182823,17.073982,17.634865,17.146553,17.219078,16.910439,17.164696,17.598785,17.706970,17.472412,17.454338,17.073982,17.418190,17.544655,17.273430,17.652901,17.164696,17.454338,17.544655,17.400101,17.454338,18.120361,17.110275,17.886955,17.073982,17.868965,17.526596,18.174133,17.327736,18.174133,17.940880,17.670921,17.779015,17.797005,17.454338,17.472412,17.544655,17.508537,17.994759,17.688942,17.742996,17.724983,17.958839,17.886955,17.508537,17.976807,17.779015,17.850990,17.706970,17.940880,17.472412,18.102425,17.850990,17.886955,17.291534,17.958839,17.598785,17.580750,17.634865,17.128418,17.490471,17.670921,17.544655,17.724983,17.237198,17.382019,17.219078,17.688942,17.472412,17.436272,17.761002,18.138290,17.526596,18.353111,18.281563,17.688942,17.868965,18.388855,17.922905,17.922905,18.227867,18.478165,18.424599,18.012718,17.868965,17.976807,18.353111,18.406731,18.388855,18.549545,18.567383,18.656494,19.047462,18.869980,18.887749,18.781090,18.834435,18.692123,18.638680,18.656494,18.478165,18.549545,18.585213,18.656494,18.102425,18.745514,18.478165,18.531708,18.585213,18.798882,18.603035,18.245766,18.174133,18.478165,18.531708,18.727722,18.174133,18.585213,18.442459,18.869980,18.513863,18.299454,18.048607,18.905502,18.834435,18.460312,18.442459,18.994255,18.263664,18.370995,18.317345,18.406731,18.549545,18.156204,18.370995,17.850990,18.084496,18.120361,18.531708,18.442459,18.048607,18.245766,18.620857,18.102425,18.174133,18.460312,18.102425,18.174133,18.084496,18.084496,18.102425,18.174133,18.012718,18.245766,18.531708,18.245766,17.940880,18.084496,18.353111,18.012718,17.922905,17.904930,17.922905,18.174133,17.688942,17.922905,18.138290,18.066551,17.868965,17.797005,17.598785,17.742996,17.526596,17.922905,17.994759,17.815002,17.833000,17.706970,17.779015,18.120361,17.761002,17.922905,17.724983,17.815002,17.544655,17.976807,17.994759,17.508537,17.958839,17.436272,17.688942,17.688942,17.634865,17.436272,17.761002,17.652901,17.797005,17.904930,17.724983,17.598785,17.742996,17.761002,17.688942,17.904930,17.670921,17.164696,17.327736,17.562698,17.472412,18.138290,17.833000,17.472412,17.706970,17.598785,17.616829,17.418190,17.940880,17.562698,17.797005,17.652901,17.994759,17.454338,17.797005,17.670921,17.634865,18.084496,18.192039,17.652901,17.634865,17.976807,17.634865,18.012718,18.156204,17.616829,17.742996,17.634865,17.472412,17.652901,17.544655,17.976807,17.472412,18.102425,17.688942,17.833000,17.291534,17.904930,17.958839,17.868965,17.345833,17.742996,17.706970,17.634865,17.508537,18.066551,17.779015,17.688942,18.192039,18.066551,17.598785,17.922905,17.779015,18.030663,17.652901,17.580750,17.868965,17.382019,17.958839,17.833000,18.048607,17.761002,17.562698,17.345833,17.580750,17.742996,17.598785,17.779015,17.182823,18.084496,17.490471,17.724983,17.724983,17.761002,17.724983,17.904930,17.688942,18.281563,17.327736,17.418190,17.688942,17.634865,17.472412,17.670921,17.146553,17.562698,17.526596,17.634865,17.940880,17.472412,17.309639,17.327736,17.490471,17.868965,17.200951,17.345833,17.128418,17.273430,17.146553,17.363930,17.363930,17.526596,16.637184,17.598785,17.670921,17.110275,17.200951,17.273430,16.910439,17.182823,17.182823,17.055817,17.092117,17.418190,17.562698,17.237198,17.309639,16.855865,17.073982,17.073982,17.164696,17.345833,17.544655,17.598785,17.164696,17.073982,17.073982,17.237198,17.363930,17.382019,17.001335,17.418190,17.309639,17.327736,17.146553,16.819458,17.363930,17.544655,17.200951,16.983162,17.219078,17.363930,17.598785,17.400101,16.928627,16.746590,17.345833,16.910439,17.200951,17.382019,17.164696,17.327736,16.783035,17.110275,17.418190,17.110275,16.600693,16.837654,17.001335,16.964989,16.728371,16.964989,16.910439,17.237198,16.910439,17.164696,17.001335,17.055817,16.344765,16.892258,16.855865,16.527649,17.019493,16.837654,16.491104,16.964989,16.874062,16.673668,16.946808,16.964989,17.128418,16.910439,17.400101,16.946808,16.710136,16.892258,17.037659,16.837654,16.855865,16.874062,16.746590,16.819458,16.344765,16.454536,16.527649,16.545914,16.564171,16.289825,16.161499,16.216530,17.055817,16.655434,17.001335,16.417961,16.673668,16.472824,16.326462,16.216530,16.271500,16.655434,16.143143,17.001335,16.527649,16.454536,16.326462,16.179840,16.216530,16.124794,16.161499,16.582436,16.179840,16.527649,15.996223,16.179840,16.069710,16.106438,15.941071,15.867470,15.885872,16.032974,16.417961,16.032974,16.436256,15.627831,16.032974,15.517014,16.253181,16.161499,16.069710,15.720085,16.032974,15.332008,16.326462,15.793800,16.014603,15.775375,16.143143,15.553970,15.904274,15.812218,15.720085,16.069710,15.756950,15.553970,16.069710,15.830643,15.332008,16.014603,15.922668,16.106438,15.627831,16.417961,15.646294,15.720085,15.775375,15.867470,15.922668,15.609375,15.480049,15.793800,15.387550,15.793800,15.109489,15.165176,15.775375,14.998024,15.313492,15.313492,15.922668,15.424561,14.737404,14.774681,14.494698,15.313492,15.146614,14.044937,14.550774,14.270103,13.856880,13.725006,13.347183,13.668427,12.281059,12.031822,11.183434,
15.387550,15.812218,16.069710,16.216530,16.014603,16.491104,16.161499,15.756950,15.996223,15.959457,16.454536,15.977844,16.143143,16.106438,16.381371,16.161499,15.756950,16.271500,16.216530,16.179840,16.051353,16.161499,16.051353,16.143143,16.234848,16.600693,16.253181,16.326462,16.014603,15.793800,16.491104,16.308144,16.216530,16.198189,16.564171,16.106438,16.234848,16.491104,16.436256,15.941071,16.417961,15.793800,16.545914,16.308144,16.253181,16.344765,16.344765,16.326462,16.417961,16.253181,16.399666,16.783035,16.472824,16.106438,16.436256,16.673668,16.161499,16.564171,16.673668,16.417961,16.946808,16.344765,17.200951,16.746590,16.436256,16.179840,16.326462,16.564171,16.783035,15.977844,16.509377,16.399666,16.545914,16.216530,16.326462,16.819458,16.874062,15.941071,16.454536,16.271500,16.454536,16.124794,17.092117,16.527649,16.326462,17.092117,16.618950,16.691910,16.728371,16.946808,16.436256,16.600693,16.509377,17.073982,16.983162,17.001335,16.874062,16.618950,16.691910,16.819458,17.200951,16.198189,16.600693,16.910439,16.472824,17.019493,16.582436,16.928627,16.783035,16.783035,17.001335,16.637184,17.037659,16.527649,16.582436,17.073982,16.855865,16.910439,16.764816,16.673668,16.746590,17.019493,17.128418,17.309639,17.436272,17.200951,17.164696,16.600693,17.219078,16.964989,16.874062,16.892258,16.983162,17.001335,17.001335,17.345833,17.200951,16.946808,17.418190,16.855865,17.073982,17.019493,17.544655,17.291534,17.652901,16.892258,17.616829,17.490471,17.670921,17.164696,17.526596,17.110275,17.237198,17.164696,17.634865,17.073982,17.562698,17.598785,17.490471,17.490471,17.309639,17.237198,17.706970,17.742996,17.886955,17.994759,17.886955,17.544655,17.309639,17.797005,17.490471,17.580750,17.958839,17.724983,17.688942,17.490471,17.815002,17.598785,17.219078,17.724983,17.779015,17.436272,18.030663,17.544655,17.886955,17.958839,17.958839,17.904930,17.976807,17.724983,18.066551,17.797005,17.670921,17.345833,17.562698,17.562698,17.454338,17.598785,17.490471,17.779015,17.868965,17.327736,17.327736,17.634865,17.454338,17.580750,17.688942,17.868965,17.994759,17.833000,17.904930,18.102425,17.815002,17.670921,18.209953,18.263664,17.940880,17.904930,18.066551,17.976807,18.263664,18.317345,18.656494,18.120361,18.620857,18.531708,18.674309,18.424599,18.585213,18.638680,18.905502,18.994255,18.638680,18.834435,18.638680,18.353111,19.011993,18.638680,18.603035,18.531708,18.638680,18.424599,18.941017,18.513863,18.567383,18.549545,18.638680,18.120361,18.424599,18.102425,18.674309,18.460312,18.335236,18.102425,18.424599,17.958839,18.692123,17.976807,18.084496,18.370995,18.620857,18.335236,19.100624,18.620857,18.281563,18.674309,18.442459,18.816666,18.138290,18.174133,18.120361,18.370995,17.922905,18.209953,18.120361,18.424599,18.370995,18.174133,18.406731,18.370995,17.850990,17.922905,18.138290,18.531708,17.976807,18.370995,18.263664,17.815002,17.994759,18.030663,18.192039,18.084496,17.994759,17.833000,17.958839,17.562698,17.833000,17.797005,17.940880,17.886955,17.436272,17.815002,17.850990,17.761002,17.742996,17.508537,17.779015,17.634865,18.174133,17.779015,18.030663,17.904930,18.478165,18.209953,17.670921,17.922905,18.245766,17.976807,18.048607,18.281563,17.922905,17.652901,17.976807,17.994759,17.904930,17.958839,17.779015,17.724983,18.030663,17.742996,18.245766,17.670921,18.120361,18.192039,17.291534,17.454338,17.779015,17.815002,17.580750,17.724983,17.598785,18.192039,17.634865,17.562698,17.400101,17.742996,17.037659,17.688942,17.472412,17.688942,17.904930,17.363930,17.454338,17.345833,17.670921,18.030663,17.724983,17.616829,17.634865,17.797005,18.120361,17.544655,17.994759,17.850990,17.904930,17.400101,17.850990,17.815002,17.815002,17.472412,17.976807,17.616829,17.634865,18.120361,17.904930,17.976807,17.904930,17.833000,17.562698,17.706970,17.490471,18.245766,17.742996,17.508537,17.850990,17.616829,17.544655,17.868965,17.994759,17.868965,17.868965,17.797005,17.779015,17.291534,17.904930,18.084496,17.958839,17.327736,17.994759,17.850990,17.994759,17.706970,18.209953,17.994759,18.102425,17.616829,17.670921,17.652901,17.761002,17.815002,17.976807,18.066551,17.724983,17.182823,17.815002,17.833000,17.562698,17.724983,17.976807,17.616829,17.779015,17.400101,17.688942,18.012718,17.400101,17.580750,17.508537,17.833000,17.309639,17.797005,17.219078,17.400101,17.255310,17.110275,17.490471,17.562698,17.850990,17.327736,17.508537,17.363930,17.490471,17.616829,17.128418,17.237198,17.309639,17.200951,17.182823,17.436272,17.327736,17.182823,17.092117,17.001335,17.037659,17.382019,17.363930,17.309639,17.237198,17.001335,17.237198,17.237198,17.200951,17.219078,17.345833,17.237198,17.418190,17.219078,17.019493,17.237198,17.182823,17.255310,17.037659,17.146553,17.037659,16.928627,17.219078,17.273430,16.874062,17.345833,17.237198,16.928627,17.237198,17.327736,16.946808,17.291534,17.128418,16.783035,17.490471,17.182823,17.562698,17.073982,16.728371,17.309639,17.164696,16.892258,16.655434,17.652901,16.983162,16.964989,17.073982,16.637184,17.472412,16.454536,17.092117,16.746590,17.092117,17.237198,16.582436,17.110275,16.874062,17.092117,17.472412,16.618950,17.182823,16.728371,16.928627,16.928627,17.037659,16.746590,16.983162,16.801247,16.801247,17.273430,17.309639,17.001335,16.655434,16.746590,17.073982,16.143143,17.001335,16.582436,17.345833,16.454536,16.855865,16.819458,16.509377,16.161499,16.710136,16.179840,16.436256,16.892258,16.234848,16.051353,16.454536,16.014603,16.618950,16.783035,16.326462,16.198189,16.710136,16.253181,16.472824,16.234848,16.691910,16.326462,16.928627,16.308144,16.564171,16.855865,16.527649,16.436256,16.491104,16.308144,16.051353,16.106438,16.032974,16.161499,16.436256,16.491104,15.941071,15.830643,16.198189,16.014603,16.289825,15.904274,16.637184,15.775375,17.019493,16.436256,16.106438,16.472824,16.198189,16.032974,15.646294,15.775375,16.308144,16.344765,15.996223,16.014603,16.069710,16.161499,15.959457,16.253181,16.234848,15.885872,16.527649,16.179840,15.480049,16.289825,16.124794,16.014603,15.830643,16.308144,15.535500,15.683197,15.867470,15.720085,15.109489,15.239365,15.461563,15.553970,15.849052,15.830643,16.032974,15.775375,15.664742,15.756950,15.498535,15.720085,15.683197,15.775375,15.313492,15.867470,15.220818,14.345024,14.867805,15.146614,15.350533,15.461563,14.476006,14.270103,14.830566,14.251350,14.532082,13.913338,14.007355,13.366112,13.062805,12.986824,12.146942,10.970169,
15.535500,15.885872,15.959457,16.326462,16.728371,16.143143,16.527649,16.032974,15.738518,16.143143,16.728371,15.867470,16.491104,16.143143,16.454536,15.683197,16.381371,16.106438,15.996223,15.830643,16.509377,16.582436,16.253181,16.032974,16.326462,15.922668,15.627831,16.746590,15.627831,16.106438,16.161499,15.756950,16.124794,15.977844,16.344765,16.143143,16.234848,16.143143,16.216530,16.326462,15.849052,15.793800,16.088081,16.764816,16.179840,16.253181,16.032974,16.381371,16.710136,16.783035,16.234848,16.454536,16.655434,16.564171,16.344765,16.837654,16.454536,16.454536,16.582436,16.801247,16.344765,16.527649,16.436256,16.819458,17.001335,16.289825,16.198189,16.491104,16.618950,16.326462,16.509377,16.509377,16.289825,16.069710,16.545914,16.491104,16.801247,16.564171,16.710136,16.764816,16.216530,16.527649,16.216530,16.216530,16.710136,16.216530,16.582436,16.582436,17.019493,16.271500,17.037659,16.308144,16.454536,16.618950,16.417961,16.874062,16.746590,17.146553,16.728371,16.801247,16.691910,16.527649,16.308144,17.092117,16.308144,16.527649,16.655434,16.472824,17.073982,16.381371,16.892258,16.637184,17.001335,16.381371,16.655434,16.545914,16.801247,17.055817,17.110275,16.928627,16.673668,17.001335,17.110275,17.110275,17.110275,17.073982,17.073982,17.092117,16.946808,16.964989,17.309639,16.472824,17.128418,17.164696,16.910439,17.092117,16.801247,16.545914,17.019493,16.983162,17.092117,16.801247,17.327736,17.219078,17.309639,16.928627,17.833000,17.291534,17.562698,17.291534,17.219078,17.237198,17.400101,17.382019,17.237198,17.327736,17.345833,17.164696,17.761002,17.797005,17.706970,17.724983,17.724983,17.833000,17.670921,17.526596,17.472412,17.833000,17.327736,17.922905,17.940880,17.779015,17.868965,17.779015,17.418190,17.779015,17.742996,17.454338,17.904930,17.562698,17.562698,17.670921,17.490471,17.670921,17.092117,17.688942,17.652901,17.616829,17.958839,17.670921,18.048607,17.994759,17.382019,17.616829,17.508537,17.291534,17.472412,17.164696,17.994759,17.309639,17.562698,17.472412,17.670921,17.580750,17.580750,17.940880,17.724983,17.652901,17.580750,17.976807,18.030663,17.815002,18.084496,17.940880,17.761002,18.066551,17.779015,18.066551,17.958839,18.513863,17.815002,18.388855,18.549545,18.406731,18.317345,18.406731,18.567383,18.496017,18.727722,18.781090,18.513863,18.460312,18.531708,18.496017,18.353111,18.478165,18.496017,18.084496,18.424599,18.531708,18.424599,18.388855,18.816666,18.138290,18.424599,18.424599,18.353111,18.317345,18.638680,18.442459,18.923264,18.798882,18.923264,18.406731,18.335236,18.513863,18.620857,18.478165,18.656494,18.496017,18.834435,18.585213,18.585213,18.887749,18.923264,18.567383,18.442459,18.727722,18.567383,18.513863,18.227867,18.460312,18.174133,18.192039,18.424599,17.958839,18.281563,18.066551,18.138290,18.192039,18.353111,18.120361,18.192039,18.424599,18.174133,18.120361,18.317345,18.102425,18.066551,18.012718,17.616829,18.030663,18.209953,17.940880,17.833000,18.406731,17.886955,17.850990,17.598785,17.976807,17.886955,17.688942,17.382019,17.779015,17.868965,18.138290,17.724983,17.616829,17.940880,17.436272,17.815002,17.940880,17.761002,18.012718,18.066551,17.976807,17.850990,18.174133,18.138290,17.436272,17.940880,18.263664,18.030663,17.868965,17.850990,17.940880,17.742996,17.688942,17.761002,17.922905,17.544655,17.940880,17.580750,17.994759,17.562698,17.833000,17.616829,17.544655,17.454338,18.084496,17.219078,17.652901,17.237198,18.102425,17.327736,17.742996,17.562698,17.490471,17.815002,17.436272,17.940880,17.634865,17.761002,17.616829,18.120361,17.634865,17.815002,17.724983,17.598785,17.182823,17.886955,17.670921,17.562698,18.012718,17.652901,17.706970,17.706970,17.580750,17.994759,17.706970,17.886955,17.815002,17.922905,17.688942,17.327736,17.634865,17.797005,17.940880,17.922905,17.815002,17.815002,17.688942,17.580750,17.940880,18.084496,17.526596,17.688942,17.922905,17.797005,17.688942,17.797005,17.940880,17.958839,17.508537,17.797005,18.120361,17.291534,17.922905,17.508537,18.066551,17.922905,17.436272,17.922905,17.797005,17.886955,17.706970,17.886955,17.670921,17.833000,17.994759,17.833000,17.850990,17.327736,17.797005,17.327736,17.761002,17.598785,17.652901,17.526596,17.742996,17.922905,17.670921,17.508537,17.562698,17.472412,17.580750,17.598785,17.345833,17.815002,17.580750,17.670921,17.508537,17.706970,17.472412,17.616829,17.164696,17.200951,17.526596,17.273430,17.598785,17.436272,17.382019,17.363930,17.219078,17.327736,17.490471,17.164696,17.345833,17.363930,17.182823,17.327736,17.019493,17.073982,17.345833,17.200951,16.855865,17.273430,17.146553,17.291534,17.616829,17.652901,17.037659,17.273430,17.128418,17.363930,17.128418,16.910439,17.327736,16.964989,17.164696,17.327736,17.363930,17.273430,16.964989,17.073982,16.728371,17.200951,17.291534,17.128418,17.001335,16.783035,17.055817,16.910439,16.983162,16.764816,17.092117,17.146553,17.037659,17.526596,16.673668,17.472412,17.037659,16.746590,17.273430,16.910439,17.019493,17.670921,17.200951,17.508537,17.291534,16.673668,17.382019,17.110275,17.327736,16.910439,17.273430,17.146553,17.219078,17.001335,16.910439,17.562698,17.037659,17.110275,16.892258,16.527649,16.618950,17.418190,16.837654,17.164696,17.073982,17.110275,17.182823,16.928627,16.874062,16.637184,16.564171,16.691910,16.910439,16.600693,16.710136,17.001335,16.417961,16.637184,17.110275,16.783035,16.855865,16.436256,16.436256,16.783035,16.417961,16.436256,16.253181,16.417961,16.491104,16.801247,16.436256,16.216530,16.491104,16.637184,16.326462,16.545914,16.143143,16.271500,16.014603,17.019493,16.289825,16.491104,16.454536,16.179840,16.637184,16.381371,16.691910,16.363075,16.655434,16.106438,16.088081,15.941071,16.363075,16.179840,15.904274,15.977844,16.399666,16.124794,15.996223,16.069710,16.326462,16.764816,15.996223,16.216530,15.904274,15.683197,15.424561,16.088081,16.124794,15.812218,16.289825,16.179840,16.032974,16.088081,16.271500,15.922668,16.289825,16.344765,15.498535,15.959457,15.756950,15.849052,16.308144,15.812218,15.812218,15.683197,15.294960,15.941071,15.738518,15.756950,16.289825,15.664742,15.793800,16.032974,16.179840,15.590912,15.664742,16.179840,15.996223,15.553970,15.775375,16.106438,15.443062,15.959457,16.106438,15.720085,15.035194,15.609375,15.517014,15.812218,15.443062,15.350533,15.424561,15.035194,14.718750,14.288834,14.288834,15.016617,14.513397,13.743858,13.592949,13.498497,12.815643,12.510529,11.260880,
14.644127,16.143143,15.609375,15.922668,16.564171,16.179840,15.977844,16.417961,16.234848,16.161499,16.014603,15.996223,15.885872,15.977844,16.106438,16.051353,16.289825,16.143143,16.509377,15.941071,16.106438,16.234848,16.582436,16.363075,16.600693,15.756950,16.143143,15.609375,15.720085,16.088081,16.271500,16.032974,16.234848,16.124794,15.904274,15.849052,16.088081,16.014603,15.498535,16.179840,16.582436,16.179840,16.363075,16.161499,16.143143,16.253181,16.143143,15.959457,16.618950,16.545914,16.892258,16.308144,16.710136,15.793800,16.910439,16.801247,16.673668,16.234848,16.253181,16.436256,16.673668,16.216530,16.491104,16.819458,16.344765,16.363075,16.600693,16.289825,15.793800,16.582436,16.618950,16.417961,16.014603,16.545914,16.637184,16.545914,16.253181,16.399666,16.234848,16.417961,16.673668,16.564171,16.271500,16.855865,16.691910,16.436256,16.509377,16.673668,16.801247,16.289825,16.472824,16.928627,16.637184,16.363075,16.655434,16.491104,16.783035,16.491104,16.837654,16.618950,16.216530,16.381371,16.655434,16.564171,16.673668,17.073982,16.874062,16.691910,16.837654,16.746590,16.618950,16.964989,16.381371,16.783035,16.509377,16.910439,16.691910,16.728371,16.691910,16.637184,16.527649,16.946808,16.527649,16.892258,16.710136,17.327736,16.801247,16.655434,16.837654,16.983162,16.983162,16.564171,16.910439,17.200951,17.019493,16.892258,16.710136,16.527649,17.327736,16.819458,17.182823,17.219078,17.291534,17.055817,17.182823,17.508537,17.363930,17.345833,17.291534,17.146553,17.562698,17.128418,17.490471,17.073982,17.436272,17.237198,17.291534,17.454338,17.110275,17.110275,17.073982,17.128418,17.598785,17.634865,17.490471,17.182823,17.815002,17.779015,18.012718,17.436272,17.797005,17.400101,17.526596,17.454338,17.634865,17.490471,17.472412,17.490471,17.436272,17.454338,17.724983,17.580750,17.400101,17.850990,17.562698,17.797005,17.850990,17.200951,17.742996,17.815002,17.976807,17.327736,17.526596,17.724983,17.418190,17.742996,17.200951,17.345833,17.598785,16.983162,17.472412,17.797005,17.634865,18.066551,17.797005,17.958839,18.299454,17.850990,17.815002,17.291534,18.030663,17.670921,17.616829,17.815002,18.048607,17.797005,17.850990,17.815002,18.120361,17.994759,17.940880,18.370995,18.120361,17.904930,18.209953,18.245766,18.370995,18.406731,18.478165,18.585213,18.692123,18.353111,18.299454,18.353111,18.263664,18.281563,18.335236,18.066551,18.834435,18.567383,18.370995,18.531708,18.174133,18.102425,18.424599,18.496017,18.209953,18.335236,18.549545,18.281563,18.692123,18.263664,18.478165,18.816666,18.245766,18.674309,18.370995,18.156204,19.011993,18.656494,18.531708,18.478165,18.834435,18.138290,18.478165,18.674309,18.585213,18.174133,18.531708,18.549545,18.549545,18.442459,18.531708,18.299454,18.549545,18.102425,18.084496,17.797005,17.976807,17.958839,18.174133,17.940880,17.815002,18.209953,18.227867,18.102425,17.904930,17.976807,18.388855,17.724983,17.724983,18.209953,18.317345,17.904930,18.048607,18.066551,18.084496,17.508537,18.192039,17.724983,17.688942,17.616829,17.652901,18.138290,17.598785,17.761002,18.012718,17.634865,17.904930,17.850990,17.490471,17.976807,17.706970,17.922905,18.066551,17.958839,17.922905,17.742996,18.209953,18.585213,17.904930,17.940880,18.209953,17.994759,17.562698,18.424599,17.815002,17.797005,17.850990,18.102425,18.066551,18.084496,17.652901,17.670921,17.940880,17.490471,17.309639,17.706970,17.382019,17.436272,17.418190,18.048607,17.616829,17.526596,17.670921,17.742996,17.508537,17.886955,17.670921,17.436272,17.761002,17.886955,17.797005,17.688942,17.850990,17.273430,17.724983,17.526596,17.958839,17.742996,17.706970,17.833000,17.598785,17.976807,17.886955,17.526596,17.670921,17.724983,17.815002,17.436272,18.120361,17.634865,17.976807,17.779015,18.012718,17.616829,18.012718,17.526596,17.526596,17.508537,17.688942,17.994759,17.454338,17.327736,17.833000,17.598785,17.904930,17.797005,17.598785,17.670921,17.688942,17.688942,17.994759,17.670921,17.797005,17.922905,18.066551,17.761002,17.436272,18.066551,18.102425,17.868965,17.886955,17.544655,17.904930,17.562698,17.580750,17.922905,17.562698,17.940880,17.544655,17.598785,17.508537,17.652901,18.156204,17.616829,17.976807,17.345833,18.066551,17.761002,17.779015,17.958839,17.544655,17.219078,17.670921,17.688942,17.815002,17.544655,17.363930,17.815002,17.688942,17.797005,17.634865,17.994759,17.400101,17.670921,17.219078,17.436272,17.291534,17.815002,17.436272,17.418190,17.815002,17.544655,17.472412,17.037659,17.019493,17.382019,17.073982,17.291534,17.562698,17.508537,17.400101,17.219078,17.146553,17.724983,16.710136,17.001335,17.526596,17.526596,17.309639,17.237198,17.073982,17.418190,17.382019,17.237198,17.200951,17.273430,17.436272,17.580750,17.055817,17.200951,17.544655,17.327736,17.146553,16.928627,16.892258,17.128418,17.037659,16.618950,17.255310,17.146553,16.801247,17.363930,17.037659,17.273430,16.946808,16.600693,16.874062,17.092117,17.019493,16.837654,16.564171,17.110275,17.291534,17.490471,17.291534,17.273430,16.783035,16.837654,17.363930,16.691910,16.928627,16.983162,17.273430,16.582436,17.363930,16.837654,16.855865,17.490471,17.273430,16.618950,16.946808,17.073982,16.983162,16.527649,16.436256,17.037659,17.237198,16.946808,16.928627,17.128418,16.710136,16.564171,16.946808,16.618950,16.527649,16.564171,16.600693,16.910439,16.837654,16.545914,16.308144,16.545914,17.110275,16.582436,16.289825,16.801247,16.344765,16.618950,16.161499,16.691910,16.399666,16.564171,16.509377,16.399666,16.946808,16.673668,16.491104,16.381371,16.051353,16.545914,16.289825,16.564171,16.088081,16.509377,16.509377,16.618950,16.764816,16.289825,15.977844,16.271500,16.509377,16.271500,16.271500,15.977844,16.124794,16.069710,16.472824,16.069710,16.436256,15.683197,16.014603,16.143143,16.051353,15.609375,16.198189,15.627831,16.051353,15.553970,15.627831,16.032974,15.775375,15.996223,15.517014,16.032974,16.051353,16.582436,16.014603,16.344765,15.830643,15.332008,15.812218,16.069710,16.051353,15.812218,15.683197,15.830643,15.313492,16.032974,15.885872,15.904274,15.406059,15.977844,16.454536,15.664742,15.849052,15.756950,15.424561,15.313492,16.545914,15.517014,15.498535,15.664742,15.793800,15.553970,16.069710,16.179840,15.276436,15.369041,15.683197,15.572441,15.202286,15.350533,14.588127,15.387550,15.793800,15.072350,15.313492,15.276436,14.476006,14.905037,14.251350,14.307571,13.932144,13.913338,13.875710,13.403954,12.929794,12.510529,
15.146614,15.885872,16.051353,15.996223,15.959457,16.069710,15.977844,15.885872,15.867470,16.161499,15.812218,16.032974,15.959457,15.885872,16.179840,15.812218,16.069710,15.904274,16.106438,15.664742,15.959457,16.106438,16.234848,16.124794,16.326462,16.344765,16.289825,16.051353,16.691910,16.436256,16.032974,15.609375,16.381371,15.627831,15.756950,16.216530,16.014603,16.308144,16.106438,16.545914,16.198189,16.326462,15.849052,15.959457,16.545914,15.627831,16.179840,15.959457,16.491104,16.088081,16.271500,16.344765,16.069710,16.655434,16.417961,16.289825,16.509377,16.655434,16.088081,15.867470,16.472824,16.764816,16.454536,16.600693,16.582436,16.691910,16.032974,16.363075,16.198189,16.271500,16.253181,16.271500,16.271500,16.106438,16.582436,16.161499,16.198189,16.253181,16.051353,16.417961,16.746590,16.399666,16.344765,16.691910,16.655434,16.600693,16.399666,16.289825,16.271500,16.363075,16.527649,16.946808,16.216530,16.253181,16.673668,16.417961,16.545914,16.527649,16.436256,16.874062,16.710136,16.198189,16.764816,17.037659,16.746590,16.618950,16.436256,16.381371,17.291534,16.472824,16.801247,16.710136,17.037659,16.491104,16.874062,16.710136,16.928627,16.344765,16.892258,16.783035,16.855865,16.710136,17.237198,16.491104,17.019493,16.728371,17.055817,16.837654,17.327736,16.964989,16.874062,16.728371,16.801247,16.819458,17.219078,16.892258,16.764816,16.801247,16.637184,16.764816,17.219078,16.564171,17.200951,16.710136,16.783035,17.037659,17.164696,17.508537,16.728371,17.001335,17.742996,16.892258,16.910439,17.146553,17.219078,17.454338,17.742996,16.964989,17.001335,17.598785,17.219078,17.273430,17.508537,17.309639,17.580750,17.815002,17.562698,17.454338,17.994759,17.309639,17.598785,17.273430,17.833000,16.964989,17.436272,17.706970,17.436272,17.779015,17.833000,17.742996,17.255310,17.164696,17.562698,17.976807,17.634865,17.724983,18.192039,17.652901,17.724983,17.508537,17.634865,17.508537,17.616829,17.706970,17.255310,17.526596,17.345833,17.544655,17.309639,17.400101,17.508537,17.490471,17.742996,17.382019,17.761002,17.815002,17.508537,17.779015,17.797005,17.616829,18.317345,17.526596,18.102425,17.994759,17.761002,17.833000,17.958839,17.797005,18.192039,17.724983,18.317345,17.815002,18.012718,18.084496,18.227867,18.120361,18.531708,18.317345,18.245766,18.353111,18.692123,18.549545,18.709923,18.281563,17.940880,18.513863,18.335236,18.156204,18.674309,18.353111,18.460312,18.227867,18.478165,18.030663,18.102425,17.724983,18.012718,18.299454,18.138290,18.460312,18.549545,18.567383,18.745514,18.370995,18.656494,18.603035,18.496017,18.852211,18.674309,18.638680,18.353111,18.245766,18.816666,18.709923,18.638680,18.656494,18.656494,18.567383,18.692123,18.353111,18.478165,18.174133,18.513863,18.192039,18.442459,17.976807,18.353111,17.886955,17.868965,18.030663,18.227867,18.227867,18.084496,18.227867,17.994759,18.174133,18.531708,18.263664,18.227867,18.120361,18.138290,18.281563,18.048607,18.174133,17.526596,18.156204,17.886955,18.012718,17.670921,17.742996,18.066551,17.706970,17.688942,17.761002,18.335236,18.012718,17.833000,17.850990,18.048607,17.598785,18.048607,18.048607,17.976807,18.209953,18.209953,17.886955,18.227867,18.102425,17.886955,17.634865,17.724983,17.994759,17.779015,17.994759,18.012718,17.418190,18.299454,17.779015,17.598785,17.761002,17.490471,17.562698,17.616829,17.976807,18.174133,17.652901,17.761002,17.472412,17.688942,17.291534,17.652901,17.652901,17.761002,17.634865,17.797005,17.128418,17.128418,17.291534,17.724983,17.436272,17.904930,17.544655,17.833000,18.012718,17.544655,17.490471,17.490471,17.958839,17.526596,17.382019,18.012718,17.598785,17.454338,17.976807,17.309639,17.815002,17.363930,17.904930,17.634865,18.102425,17.219078,17.508537,18.066551,17.904930,17.363930,17.472412,17.616829,17.634865,17.724983,17.508537,17.073982,17.291534,17.544655,17.598785,18.102425,17.742996,17.652901,17.815002,17.761002,17.904930,17.472412,17.436272,18.174133,18.156204,17.779015,18.209953,17.904930,18.048607,17.598785,17.508537,17.436272,17.634865,17.994759,17.742996,17.670921,18.012718,17.508537,17.580750,17.724983,17.724983,18.084496,17.779015,17.670921,17.526596,17.562698,17.886955,17.994759,17.976807,17.634865,17.688942,17.779015,17.724983,17.833000,17.670921,17.815002,17.454338,17.904930,17.472412,17.688942,17.363930,17.994759,17.508537,17.724983,17.273430,17.815002,17.616829,17.850990,17.255310,17.436272,17.237198,17.128418,17.255310,17.940880,17.092117,17.833000,17.454338,17.922905,17.146553,17.418190,17.073982,17.724983,16.946808,17.652901,17.797005,17.291534,17.146553,17.363930,17.128418,17.237198,16.983162,17.454338,17.219078,17.327736,17.200951,17.616829,17.400101,17.418190,17.110275,17.291534,16.892258,16.892258,17.237198,17.182823,17.092117,17.436272,17.182823,17.110275,17.073982,16.983162,16.746590,16.655434,16.710136,16.819458,16.964989,17.237198,17.363930,16.801247,17.182823,17.670921,16.837654,17.436272,16.964989,17.273430,16.764816,17.382019,17.255310,17.273430,17.237198,17.128418,16.874062,16.874062,17.001335,16.837654,16.691910,17.110275,16.673668,16.691910,16.545914,16.417961,17.200951,17.200951,16.928627,17.237198,17.019493,17.761002,16.637184,16.783035,17.073982,16.801247,16.527649,16.637184,17.092117,17.128418,17.110275,16.545914,17.092117,16.710136,16.655434,16.691910,16.764816,16.436256,16.344765,16.417961,16.143143,16.728371,16.618950,16.855865,16.637184,16.983162,16.326462,16.179840,16.545914,16.491104,16.527649,16.436256,16.234848,16.106438,16.819458,16.106438,16.600693,16.106438,16.436256,16.691910,16.764816,16.253181,16.253181,16.454536,16.124794,16.069710,16.216530,16.399666,15.996223,16.363075,16.032974,15.701637,16.088081,15.424561,16.198189,16.051353,15.220818,15.996223,15.701637,15.738518,15.720085,16.363075,15.701637,15.849052,15.683197,15.683197,15.867470,16.582436,15.683197,15.498535,15.830643,15.996223,15.904274,16.234848,16.253181,16.216530,15.756950,15.830643,15.387550,15.683197,16.417961,15.646294,15.830643,16.088081,15.590912,16.216530,15.812218,16.161499,15.977844,16.198189,15.683197,16.124794,15.941071,16.363075,15.738518,15.443062,15.830643,16.014603,15.109489,16.014603,15.257896,15.165176,15.885872,16.106438,15.590912,15.461563,16.271500,15.553970,15.609375,16.381371,15.387550,16.198189,14.756035,14.756035,15.443062,15.128059,15.294960,14.307571,14.681450,14.662788,14.176346,15.053780,14.960838,14.063721,13.271439,13.100769,11.974228,
15.738518,16.161499,15.996223,16.527649,15.646294,15.756950,15.996223,15.627831,16.179840,15.701637,16.088081,15.922668,16.143143,15.977844,16.161499,15.959457,15.793800,15.756950,15.996223,15.793800,16.088081,16.308144,16.417961,16.179840,16.363075,15.590912,16.106438,16.253181,16.051353,16.582436,16.289825,16.106438,16.106438,16.124794,16.308144,15.885872,16.032974,15.664742,15.683197,16.051353,16.363075,16.618950,16.344765,16.655434,16.253181,16.381371,16.198189,16.344765,16.106438,16.069710,16.289825,15.996223,16.582436,16.545914,16.216530,16.253181,16.143143,16.381371,16.161499,16.673668,16.051353,16.582436,17.001335,16.363075,16.271500,16.069710,15.664742,16.691910,16.069710,15.701637,15.941071,16.051353,16.637184,16.308144,16.289825,16.289825,15.885872,16.051353,16.819458,16.454536,16.472824,16.289825,16.308144,16.308144,16.179840,16.618950,16.179840,16.436256,16.198189,16.363075,16.289825,16.582436,16.381371,16.363075,16.819458,16.509377,16.014603,16.454536,16.491104,16.655434,16.381371,16.946808,16.618950,16.289825,16.837654,16.527649,16.509377,16.655434,16.527649,16.855865,16.764816,16.746590,16.271500,16.819458,16.691910,16.308144,16.253181,16.801247,16.764816,16.764816,16.618950,17.055817,16.582436,16.673668,16.910439,17.273430,16.399666,17.001335,17.164696,16.728371,17.110275,16.344765,16.910439,16.855865,16.964989,17.110275,17.255310,16.600693,16.618950,17.092117,16.582436,17.363930,17.382019,16.764816,17.255310,17.363930,17.273430,17.073982,17.200951,17.164696,17.382019,16.417961,17.092117,17.182823,16.910439,16.819458,16.946808,17.327736,17.309639,17.182823,17.237198,17.128418,17.382019,17.490471,17.363930,17.490471,17.418190,17.580750,17.652901,17.670921,17.616829,17.454338,17.345833,17.001335,17.110275,17.327736,17.273430,17.237198,17.508537,17.598785,17.850990,17.472412,17.958839,17.508537,17.273430,17.724983,17.688942,17.724983,17.670921,17.526596,18.030663,17.182823,17.976807,17.363930,17.670921,17.291534,17.273430,17.454338,17.508537,17.544655,17.472412,17.742996,17.670921,17.128418,17.200951,17.382019,17.994759,17.598785,17.940880,17.742996,17.490471,17.940880,18.317345,17.273430,18.084496,18.227867,17.562698,17.886955,17.886955,17.742996,18.335236,18.192039,18.442459,17.761002,18.084496,18.138290,18.263664,18.442459,18.317345,18.692123,18.549545,18.406731,18.513863,18.887749,18.138290,18.299454,18.638680,18.549545,18.174133,17.976807,18.442459,18.174133,18.299454,18.281563,18.120361,17.797005,18.317345,18.120361,18.496017,18.353111,18.138290,18.066551,18.549545,18.496017,18.781090,18.834435,18.406731,18.976524,18.478165,18.763306,18.905502,18.066551,18.638680,18.227867,18.460312,18.281563,18.531708,18.478165,18.496017,18.513863,18.424599,18.585213,18.227867,18.406731,18.048607,18.424599,17.868965,18.120361,18.102425,17.580750,17.922905,17.742996,18.102425,17.598785,17.994759,17.724983,17.904930,17.868965,18.066551,17.868965,17.940880,17.779015,18.048607,18.209953,18.084496,18.012718,17.850990,17.706970,17.706970,18.227867,18.048607,18.066551,17.598785,17.994759,18.245766,18.030663,17.418190,17.940880,17.994759,17.616829,17.904930,18.120361,18.102425,18.066551,18.138290,17.688942,18.299454,18.138290,17.670921,18.299454,18.066551,17.868965,18.156204,17.886955,18.335236,17.815002,17.779015,17.797005,17.904930,17.922905,17.616829,18.102425,17.706970,17.634865,17.652901,17.616829,17.490471,17.652901,17.688942,17.454338,17.255310,17.382019,17.436272,17.164696,17.544655,17.634865,16.964989,17.598785,17.454338,17.526596,17.526596,17.562698,17.940880,17.598785,17.128418,17.219078,17.400101,17.724983,17.616829,17.255310,17.418190,17.291534,17.400101,18.012718,17.815002,17.382019,17.255310,17.797005,17.200951,16.764816,17.886955,17.958839,17.742996,18.012718,18.299454,17.598785,17.688942,17.922905,17.255310,17.904930,17.490471,17.418190,17.742996,16.983162,17.418190,17.436272,17.706970,17.363930,17.255310,17.779015,17.886955,17.670921,17.688942,17.472412,18.138290,17.994759,17.724983,17.616829,17.724983,17.472412,17.868965,17.958839,17.742996,17.922905,17.761002,17.815002,17.958839,17.382019,17.436272,17.833000,17.670921,18.084496,18.048607,17.940880,17.742996,18.048607,17.904930,17.562698,18.120361,17.580750,17.797005,17.598785,17.418190,17.616829,17.904930,17.400101,17.886955,17.291534,17.526596,17.219078,17.634865,17.526596,17.724983,17.761002,17.797005,17.580750,17.418190,17.688942,17.255310,17.400101,17.886955,17.182823,17.544655,17.436272,17.382019,16.874062,17.472412,17.436272,17.219078,17.219078,16.910439,17.291534,17.363930,17.291534,17.418190,17.616829,17.019493,17.200951,17.436272,17.345833,17.128418,17.400101,17.327736,17.273430,17.670921,17.382019,17.327736,17.382019,17.454338,17.146553,17.273430,17.454338,17.327736,17.073982,17.237198,17.400101,17.164696,16.764816,17.164696,17.273430,16.819458,17.400101,17.490471,17.092117,17.273430,16.874062,16.819458,17.345833,17.219078,17.200951,17.291534,16.855865,17.110275,16.983162,16.964989,16.928627,17.037659,16.801247,17.001335,17.146553,16.946808,17.400101,17.092117,16.655434,16.655434,16.527649,17.073982,16.728371,17.146553,16.582436,17.001335,16.983162,16.837654,17.200951,17.327736,16.655434,16.344765,16.271500,17.200951,17.019493,16.746590,16.691910,17.291534,16.454536,16.564171,16.582436,16.874062,16.545914,17.345833,16.964989,16.564171,17.363930,16.764816,17.128418,16.746590,16.472824,16.289825,16.399666,16.545914,16.509377,16.819458,16.783035,16.728371,16.545914,16.253181,16.179840,16.564171,16.014603,16.234848,16.655434,16.618950,16.582436,16.216530,16.509377,16.691910,16.582436,15.996223,16.326462,16.289825,16.363075,16.436256,16.088081,16.216530,15.793800,16.308144,15.812218,16.179840,15.812218,16.344765,15.756950,16.161499,16.032974,15.922668,16.051353,15.977844,16.088081,15.849052,15.424561,15.406059,16.124794,16.216530,16.363075,15.590912,15.793800,15.664742,15.701637,16.509377,16.472824,15.885872,15.756950,16.014603,15.738518,15.590912,15.627831,15.904274,16.124794,15.664742,15.977844,15.959457,15.922668,15.941071,16.106438,15.406059,15.646294,15.646294,15.627831,15.294960,15.922668,16.454536,16.161499,15.830643,15.849052,15.535500,16.143143,15.424561,15.572441,15.849052,15.016617,15.941071,15.683197,16.051353,15.535500,15.885872,15.461563,15.276436,15.738518,14.886414,15.202286,15.590912,15.109489,14.942238,14.550774,14.793312,14.251350,14.101280,14.120049,14.382469,13.743858,13.100769,11.492813,
15.202286,15.959457,16.179840,16.179840,16.253181,16.088081,16.344765,16.436256,15.812218,15.627831,16.069710,16.179840,16.289825,15.959457,16.143143,15.664742,16.253181,16.271500,16.069710,15.590912,15.996223,16.014603,16.253181,15.904274,15.959457,15.830643,16.363075,15.756950,16.143143,15.885872,16.308144,15.922668,15.738518,16.564171,16.198189,15.812218,15.959457,16.198189,16.509377,15.922668,16.289825,16.106438,16.143143,16.308144,16.308144,15.941071,16.032974,16.381371,16.069710,15.996223,16.454536,15.609375,16.564171,16.491104,16.618950,16.234848,16.691910,16.618950,16.161499,16.655434,16.472824,16.161499,16.472824,15.996223,16.728371,16.417961,16.234848,15.996223,16.363075,16.509377,16.216530,16.618950,16.436256,16.216530,16.436256,15.904274,16.161499,15.977844,16.454536,16.545914,16.472824,15.977844,16.527649,17.073982,16.399666,16.344765,16.491104,16.801247,16.673668,16.032974,16.746590,16.600693,16.344765,16.673668,16.637184,16.673668,16.527649,16.417961,16.691910,16.655434,16.710136,16.691910,16.289825,16.436256,16.545914,17.055817,16.655434,16.545914,16.746590,16.637184,16.436256,16.271500,16.673668,16.271500,16.344765,16.399666,16.637184,16.764816,16.271500,16.491104,17.291534,16.545914,17.273430,16.910439,16.983162,16.874062,16.764816,17.200951,17.037659,16.764816,16.892258,16.928627,17.200951,16.545914,17.200951,17.309639,17.092117,16.819458,16.855865,17.200951,17.001335,16.545914,16.964989,17.255310,16.691910,17.327736,16.910439,17.345833,17.019493,17.237198,17.037659,17.055817,17.092117,17.092117,17.327736,16.855865,17.327736,16.928627,17.237198,17.237198,17.255310,17.526596,17.526596,17.291534,17.400101,17.652901,17.363930,17.436272,17.562698,17.634865,17.436272,17.688942,17.436272,17.436272,17.110275,17.652901,17.580750,17.688942,17.526596,17.182823,17.363930,17.472412,17.418190,17.291534,17.580750,17.345833,17.958839,17.670921,17.886955,17.868965,18.012718,17.652901,17.436272,17.652901,17.454338,17.255310,17.670921,17.382019,17.237198,16.928627,17.580750,17.490471,17.037659,17.309639,17.652901,17.273430,17.761002,17.508537,17.850990,17.688942,17.850990,17.670921,18.102425,17.400101,17.850990,17.815002,17.976807,17.779015,17.833000,17.670921,18.012718,18.030663,17.940880,18.335236,18.852211,18.066551,18.281563,18.478165,18.317345,18.281563,19.082909,18.227867,18.245766,18.513863,18.281563,18.192039,18.656494,18.388855,18.424599,18.460312,18.066551,18.174133,18.335236,17.940880,18.227867,18.370995,18.138290,18.156204,18.209953,18.567383,18.513863,18.227867,18.531708,18.156204,18.156204,18.424599,18.674309,18.781090,18.388855,18.638680,18.567383,18.692123,18.923264,18.496017,18.424599,18.798882,18.370995,18.281563,18.763306,18.263664,17.994759,18.030663,17.797005,18.281563,18.281563,18.299454,18.156204,17.670921,18.192039,18.174133,18.030663,18.192039,17.850990,18.102425,17.815002,17.886955,17.886955,18.227867,17.994759,18.245766,17.598785,17.833000,17.742996,18.084496,17.958839,17.922905,18.102425,17.976807,17.904930,17.886955,17.508537,17.761002,17.940880,17.454338,17.922905,17.652901,17.598785,17.634865,17.670921,17.833000,17.886955,18.120361,17.958839,18.192039,18.012718,18.084496,18.245766,17.815002,17.850990,18.084496,17.922905,18.192039,18.317345,17.904930,17.652901,17.850990,17.904930,17.958839,17.815002,17.994759,17.815002,17.868965,17.761002,17.886955,17.652901,17.634865,17.526596,17.490471,17.598785,17.706970,17.958839,17.815002,17.400101,17.922905,17.363930,17.580750,17.418190,17.400101,17.418190,17.598785,17.724983,17.291534,17.833000,17.850990,17.616829,17.742996,17.779015,17.327736,17.418190,17.309639,17.761002,17.616829,17.634865,17.815002,17.327736,17.382019,17.779015,17.562698,17.490471,17.598785,17.833000,17.850990,17.706970,17.815002,17.815002,17.724983,17.472412,17.688942,17.255310,17.562698,17.526596,17.508537,17.436272,18.012718,17.400101,17.868965,17.562698,17.255310,17.797005,17.363930,17.706970,17.327736,17.724983,17.526596,17.055817,17.634865,17.544655,17.833000,17.580750,17.761002,17.490471,17.255310,17.761002,17.904930,17.526596,17.363930,17.724983,17.345833,17.779015,17.580750,18.120361,17.833000,17.327736,17.833000,17.706970,17.904930,17.922905,17.544655,17.670921,17.922905,17.400101,17.616829,17.508537,17.815002,17.779015,17.688942,17.580750,17.688942,16.983162,17.815002,17.418190,17.327736,17.580750,17.255310,18.156204,17.490471,17.922905,17.400101,17.688942,17.146553,17.562698,17.706970,16.710136,17.001335,17.273430,17.797005,17.382019,17.291534,17.544655,17.454338,17.164696,17.327736,17.037659,17.490471,17.418190,17.110275,17.815002,17.291534,17.200951,16.983162,17.110275,16.892258,17.055817,17.382019,16.637184,17.309639,17.706970,16.964989,16.983162,17.436272,16.928627,17.200951,17.200951,17.436272,17.055817,17.291534,17.200951,17.200951,17.001335,17.019493,17.219078,17.182823,16.673668,17.382019,17.436272,16.801247,17.616829,17.742996,17.128418,16.710136,17.001335,17.598785,17.237198,16.819458,17.128418,16.764816,17.055817,16.855865,16.910439,16.855865,17.037659,16.964989,16.691910,16.637184,16.691910,17.164696,17.382019,17.128418,17.001335,16.655434,17.055817,16.801247,17.182823,16.819458,16.964989,16.381371,16.582436,17.309639,17.037659,16.946808,16.618950,16.564171,16.946808,16.964989,16.855865,16.454536,16.946808,17.327736,16.928627,16.454536,16.417961,16.946808,16.234848,16.728371,17.200951,17.073982,16.801247,16.271500,16.564171,16.399666,16.582436,16.600693,16.363075,16.545914,16.106438,16.124794,16.545914,16.637184,17.164696,16.801247,16.509377,16.289825,16.874062,16.234848,16.454536,16.344765,16.710136,16.363075,16.655434,16.289825,16.472824,16.253181,16.819458,15.922668,16.161499,15.830643,16.308144,16.381371,15.720085,15.941071,15.775375,15.941071,16.069710,16.234848,15.294960,15.977844,15.922668,16.032974,16.032974,15.424561,16.051353,15.738518,15.720085,15.517014,16.032974,15.756950,15.664742,16.014603,15.756950,15.553970,15.553970,15.812218,15.793800,15.535500,16.179840,15.406059,16.014603,16.216530,16.308144,16.088081,16.069710,15.553970,16.051353,16.417961,16.014603,15.904274,15.535500,15.867470,16.179840,15.627831,15.424561,15.646294,16.069710,15.609375,15.701637,15.922668,16.051353,15.720085,15.517014,15.387550,15.498535,15.146614,15.369041,15.035194,15.756950,15.090919,15.090919,15.294960,15.090919,14.811943,15.646294,14.998024,14.438606,14.830566,14.232613,14.438606,13.932144,13.422867,12.929794,12.281059,
15.572441,15.461563,16.161499,16.032974,16.271500,16.216530,15.812218,15.756950,15.941071,15.720085,15.996223,15.553970,15.683197,16.216530,16.106438,16.271500,15.977844,15.996223,16.032974,16.014603,15.720085,16.564171,16.234848,16.124794,16.253181,16.106438,16.106438,15.941071,16.509377,15.701637,15.977844,16.014603,16.363075,15.701637,16.491104,15.701637,16.014603,15.885872,15.922668,15.830643,15.996223,15.885872,16.106438,16.472824,16.198189,16.161499,16.454536,16.271500,16.964989,16.399666,16.271500,16.032974,16.326462,16.326462,16.179840,16.179840,16.564171,16.161499,16.491104,16.673668,16.746590,16.600693,16.472824,16.710136,16.837654,16.600693,16.491104,16.472824,16.527649,16.436256,16.363075,16.509377,16.308144,16.234848,16.179840,16.198189,16.069710,16.106438,16.198189,16.051353,16.234848,16.216530,16.618950,16.234848,16.472824,16.582436,16.928627,16.509377,16.399666,16.051353,16.363075,16.600693,16.344765,16.710136,16.691910,16.308144,16.910439,16.545914,16.253181,17.019493,16.564171,16.216530,16.363075,16.363075,16.946808,16.509377,16.728371,16.983162,16.491104,16.801247,16.801247,16.655434,16.837654,16.564171,17.055817,16.289825,16.436256,16.454536,16.983162,16.673668,16.308144,16.874062,16.600693,16.417961,16.454536,16.527649,16.855865,16.874062,17.273430,17.200951,16.746590,17.219078,17.019493,17.273430,17.055817,17.092117,17.110275,17.327736,17.146553,17.001335,16.783035,17.363930,16.874062,17.128418,16.964989,17.436272,17.092117,17.508537,17.255310,16.710136,17.237198,17.001335,16.910439,17.110275,17.110275,16.600693,17.019493,17.273430,17.309639,17.472412,17.128418,17.436272,17.327736,17.544655,17.436272,17.454338,17.382019,17.345833,17.418190,16.783035,17.742996,17.724983,17.382019,17.291534,17.634865,17.616829,17.797005,17.436272,17.309639,17.400101,17.327736,17.868965,17.761002,17.868965,17.958839,17.544655,17.400101,17.670921,17.255310,17.562698,17.544655,17.400101,18.012718,17.382019,17.490471,17.634865,17.706970,17.815002,17.418190,17.598785,17.940880,17.273430,17.382019,17.382019,17.940880,17.598785,17.634865,17.797005,17.940880,18.102425,17.670921,17.850990,17.904930,17.940880,17.797005,17.904930,17.616829,18.120361,17.922905,18.048607,18.192039,17.868965,18.406731,18.209953,17.886955,18.335236,18.478165,18.245766,18.424599,18.424599,18.585213,18.709923,18.317345,18.603035,18.299454,18.245766,18.353111,18.442459,18.102425,18.030663,18.192039,18.406731,18.138290,18.603035,18.120361,18.281563,18.549545,18.620857,18.513863,18.549545,18.496017,18.531708,18.317345,18.781090,18.834435,18.941017,18.905502,18.958771,18.834435,18.567383,18.834435,18.763306,18.745514,18.923264,18.549545,18.709923,18.227867,18.745514,18.263664,18.245766,19.011993,18.424599,18.353111,18.281563,18.531708,18.138290,18.192039,17.940880,18.727722,18.281563,17.958839,17.779015,18.102425,18.012718,17.850990,18.030663,17.688942,18.102425,18.102425,17.742996,18.317345,18.120361,17.706970,17.940880,17.976807,17.833000,17.886955,17.815002,18.102425,17.797005,17.833000,17.940880,17.652901,17.544655,17.850990,17.904930,17.779015,17.400101,18.245766,18.120361,18.120361,17.886955,17.976807,17.815002,18.066551,18.012718,17.670921,17.833000,17.994759,17.976807,17.670921,17.706970,18.084496,17.634865,17.490471,17.833000,18.209953,17.904930,18.030663,17.976807,17.976807,17.833000,17.291534,17.994759,17.598785,17.761002,18.084496,17.797005,17.598785,17.219078,17.291534,17.742996,17.580750,17.436272,17.128418,17.688942,17.146553,17.436272,17.273430,17.237198,17.472412,17.454338,17.291534,17.922905,17.291534,17.219078,17.472412,17.616829,17.382019,17.418190,17.724983,17.363930,17.400101,16.983162,18.066551,17.508537,17.616829,17.110275,17.309639,17.454338,17.724983,17.490471,17.761002,17.797005,17.128418,17.110275,17.779015,17.526596,17.472412,17.418190,17.219078,17.544655,17.724983,17.580750,17.454338,17.616829,17.472412,17.436272,18.012718,17.436272,17.544655,17.345833,17.922905,17.146553,17.797005,17.255310,17.779015,17.327736,17.580750,18.048607,17.526596,17.382019,17.164696,17.742996,17.779015,17.706970,17.400101,17.742996,17.779015,17.363930,17.742996,17.400101,17.670921,18.084496,17.580750,17.634865,17.688942,17.634865,17.616829,17.472412,17.688942,17.580750,17.580750,17.490471,17.868965,17.580750,17.815002,17.273430,17.454338,17.200951,17.454338,17.670921,17.706970,17.598785,17.724983,17.562698,17.454338,17.652901,17.273430,17.833000,17.219078,17.363930,17.237198,17.436272,18.120361,17.382019,17.327736,17.706970,17.598785,17.724983,17.255310,17.345833,17.436272,17.164696,17.688942,17.073982,17.436272,17.037659,17.291534,16.855865,17.182823,16.783035,17.200951,17.219078,17.237198,17.037659,16.855865,17.200951,17.562698,16.600693,17.001335,17.598785,17.454338,17.291534,17.309639,17.146553,17.037659,16.855865,17.200951,16.837654,17.182823,17.001335,16.946808,17.146553,16.928627,17.001335,17.562698,16.655434,17.219078,16.837654,17.110275,17.164696,16.910439,17.073982,16.819458,17.291534,16.946808,16.618950,16.509377,17.128418,16.801247,16.637184,17.164696,17.182823,17.128418,17.092117,17.037659,16.764816,16.728371,16.764816,17.255310,16.801247,16.928627,16.491104,17.164696,16.801247,16.892258,16.637184,16.509377,16.436256,16.509377,16.801247,17.110275,16.801247,17.237198,16.271500,16.983162,16.491104,16.143143,16.892258,17.092117,16.600693,16.855865,17.092117,17.037659,16.582436,16.436256,16.143143,16.381371,16.564171,16.472824,16.234848,16.417961,16.472824,16.436256,16.344765,16.326462,16.527649,16.545914,16.600693,16.417961,16.032974,16.234848,16.892258,16.964989,16.582436,16.564171,16.417961,16.491104,16.032974,16.069710,16.216530,16.381371,16.253181,16.363075,16.234848,15.922668,16.600693,15.720085,15.849052,16.179840,16.069710,15.867470,16.179840,15.664742,15.683197,16.106438,15.553970,15.904274,15.590912,16.051353,15.590912,15.535500,15.480049,15.977844,15.977844,15.867470,16.088081,15.498535,15.480049,15.332008,15.276436,15.461563,15.664742,15.756950,15.609375,15.812218,16.436256,15.664742,15.535500,15.793800,15.904274,15.793800,16.088081,15.572441,15.793800,15.627831,16.051353,15.609375,16.014603,15.793800,15.183723,16.234848,15.590912,15.294960,15.867470,16.326462,15.387550,15.387550,15.387550,15.202286,15.257896,15.572441,15.294960,14.513397,14.737404,14.979439,15.849052,15.146614,14.737404,16.051353,15.090919,14.793312,15.035194,14.438606,14.457298,13.875710,13.819221,12.891754,12.758507,
15.590912,15.572441,15.977844,16.032974,15.590912,15.812218,15.959457,16.600693,15.904274,15.590912,16.234848,16.069710,15.996223,15.922668,15.959457,15.941071,16.179840,16.161499,16.234848,15.756950,15.812218,16.234848,15.738518,16.161499,16.253181,16.032974,15.959457,16.161499,16.454536,15.959457,16.308144,16.032974,16.491104,16.014603,16.363075,16.143143,15.830643,16.106438,16.399666,15.646294,16.216530,16.582436,16.271500,16.234848,16.069710,16.014603,16.344765,16.527649,15.904274,16.271500,15.996223,16.106438,16.545914,16.710136,16.271500,16.363075,16.600693,16.509377,16.326462,16.289825,16.344765,16.088081,16.032974,16.179840,16.655434,16.691910,16.655434,16.179840,16.837654,16.032974,16.234848,15.941071,16.014603,16.216530,16.271500,15.922668,16.253181,16.564171,16.381371,16.399666,16.892258,16.436256,16.472824,16.399666,16.179840,16.472824,16.600693,16.143143,16.381371,16.216530,16.764816,16.308144,16.983162,16.564171,16.710136,16.308144,16.964989,16.837654,17.146553,16.545914,16.472824,16.472824,16.964989,16.691910,16.417961,16.454536,16.454536,16.234848,16.234848,16.764816,16.344765,16.728371,16.637184,16.801247,17.146553,16.582436,16.582436,16.637184,16.527649,16.381371,16.527649,17.037659,17.128418,16.728371,16.855865,16.928627,16.746590,17.200951,16.783035,16.710136,17.182823,17.055817,16.892258,17.291534,17.055817,16.801247,16.801247,17.255310,17.110275,16.874062,16.983162,17.237198,17.092117,17.128418,17.345833,17.055817,16.983162,17.128418,17.273430,17.073982,16.801247,17.652901,17.273430,17.128418,17.400101,17.073982,17.073982,17.382019,17.309639,17.309639,17.472412,17.255310,17.454338,17.562698,17.688942,17.291534,17.363930,17.237198,17.580750,17.345833,17.724983,17.598785,17.886955,17.182823,17.688942,17.400101,17.562698,17.526596,17.580750,17.418190,17.418190,17.598785,17.345833,17.634865,18.030663,17.815002,18.012718,17.526596,17.886955,17.761002,17.706970,17.797005,17.454338,17.634865,17.833000,17.833000,17.724983,17.526596,17.815002,17.652901,17.508537,17.454338,17.688942,17.761002,17.562698,17.886955,17.797005,17.327736,17.886955,18.227867,17.940880,17.904930,17.886955,17.976807,18.084496,17.815002,18.245766,18.460312,18.120361,18.388855,18.549545,18.012718,18.048607,18.869980,18.353111,18.567383,18.603035,18.513863,18.460312,18.656494,18.513863,18.656494,18.478165,18.299454,18.763306,18.496017,18.388855,18.263664,18.674309,18.335236,18.209953,18.585213,18.353111,18.066551,18.745514,18.353111,18.656494,18.084496,18.727722,18.638680,18.460312,18.585213,18.781090,18.496017,18.460312,18.994255,18.620857,18.567383,19.224541,18.887749,18.852211,18.781090,18.923264,18.567383,18.727722,18.763306,18.638680,18.567383,18.727722,18.781090,18.245766,18.513863,18.084496,18.603035,18.460312,18.353111,17.742996,18.084496,18.245766,18.478165,18.227867,18.174133,18.227867,17.797005,18.156204,17.958839,18.048607,17.886955,17.976807,18.084496,17.652901,18.370995,18.442459,18.120361,18.084496,17.779015,18.012718,17.868965,17.868965,17.436272,17.761002,18.174133,18.174133,17.850990,17.815002,18.317345,17.868965,17.616829,18.317345,17.922905,17.976807,18.102425,18.030663,17.742996,18.335236,18.048607,18.263664,18.388855,18.084496,18.174133,18.852211,17.598785,18.299454,18.084496,18.531708,17.833000,18.209953,17.904930,18.138290,17.976807,17.976807,17.940880,18.138290,17.761002,17.634865,17.670921,17.833000,17.400101,17.400101,17.291534,17.544655,17.526596,17.490471,17.797005,17.400101,17.418190,17.382019,17.001335,17.436272,17.670921,17.400101,17.146553,17.436272,17.219078,17.688942,17.472412,17.670921,17.490471,18.030663,17.418190,17.706970,17.418190,17.146553,17.200951,17.850990,17.273430,17.146553,17.580750,17.688942,17.886955,17.850990,17.472412,17.580750,17.544655,17.490471,17.742996,17.670921,17.779015,17.418190,17.037659,17.580750,17.562698,17.291534,17.779015,17.146553,17.327736,17.327736,17.345833,17.073982,17.472412,17.598785,17.562698,17.616829,17.526596,17.634865,17.037659,17.634865,17.345833,17.868965,17.490471,17.526596,17.562698,17.273430,17.562698,17.688942,17.688942,17.327736,17.616829,17.742996,17.526596,17.037659,17.200951,17.526596,17.436272,17.363930,17.345833,17.724983,17.382019,17.526596,17.634865,17.508537,18.192039,17.598785,17.797005,17.815002,17.508537,17.382019,17.454338,17.490471,17.544655,17.273430,17.400101,17.833000,17.128418,17.688942,17.544655,17.706970,17.363930,17.472412,17.616829,17.454338,17.454338,17.309639,17.345833,17.634865,17.724983,17.526596,17.418190,17.562698,17.273430,17.363930,17.037659,17.382019,16.892258,17.400101,17.255310,17.309639,17.200951,17.382019,17.037659,17.055817,17.400101,17.724983,17.454338,17.273430,17.363930,17.055817,17.128418,17.436272,17.327736,17.273430,16.946808,17.037659,17.110275,17.219078,17.273430,17.200951,17.128418,17.255310,17.001335,17.182823,17.110275,16.855865,17.146553,17.073982,17.001335,16.983162,17.073982,17.092117,16.946808,17.182823,16.436256,17.237198,16.964989,17.037659,17.001335,16.618950,16.946808,16.564171,17.200951,16.837654,16.983162,16.819458,17.001335,17.128418,16.673668,17.200951,16.527649,16.637184,16.874062,17.037659,16.673668,17.073982,17.019493,16.874062,17.182823,16.983162,16.198189,17.219078,16.509377,17.001335,16.837654,16.964989,16.710136,16.472824,16.454536,16.637184,17.092117,16.124794,16.637184,16.710136,16.381371,16.691910,16.545914,16.454536,16.655434,16.179840,16.344765,16.509377,16.289825,16.746590,16.124794,16.655434,16.545914,16.363075,16.308144,16.509377,16.928627,16.436256,16.491104,16.545914,16.527649,16.527649,16.289825,16.417961,16.472824,16.964989,16.271500,16.710136,16.088081,15.941071,16.198189,16.381371,15.996223,16.545914,15.849052,15.867470,15.572441,16.234848,16.051353,15.812218,15.775375,16.106438,16.069710,15.959457,16.253181,16.179840,16.289825,15.646294,15.720085,15.720085,15.627831,15.128059,16.088081,16.234848,15.664742,15.996223,16.032974,15.738518,15.977844,15.775375,15.738518,15.996223,15.977844,15.849052,15.664742,16.088081,15.720085,15.720085,15.072350,15.738518,16.179840,15.535500,15.664742,15.535500,16.032974,16.308144,16.308144,15.720085,15.590912,14.905037,15.867470,16.069710,15.072350,15.996223,15.165176,15.590912,15.369041,15.996223,15.701637,15.535500,15.498535,15.812218,15.443062,14.830566,14.401184,15.609375,15.369041,15.128059,15.035194,14.662788,14.886414,14.532082,14.681450,14.476006,14.213860,14.307571,13.460693,13.347183,12.395866,
15.035194,15.885872,15.904274,16.106438,15.941071,15.498535,15.959457,15.812218,15.885872,15.977844,16.124794,15.849052,16.234848,15.922668,16.363075,15.849052,15.996223,15.756950,15.849052,16.069710,16.491104,16.289825,15.977844,16.673668,16.527649,16.399666,16.673668,16.234848,16.417961,16.198189,16.179840,16.326462,15.885872,15.922668,16.014603,15.941071,16.014603,16.143143,16.253181,15.996223,16.326462,16.234848,16.783035,15.812218,16.198189,15.959457,16.527649,15.849052,16.253181,15.904274,16.308144,16.801247,15.996223,17.019493,16.509377,16.308144,16.289825,15.996223,16.582436,16.618950,16.326462,16.381371,16.216530,16.308144,16.928627,16.582436,16.837654,16.399666,16.308144,16.637184,16.527649,16.344765,16.910439,16.691910,16.472824,16.289825,16.582436,16.491104,16.509377,16.582436,16.436256,16.472824,16.819458,16.564171,16.179840,16.783035,16.344765,16.363075,16.928627,16.381371,16.728371,16.582436,16.600693,16.728371,16.472824,16.472824,16.728371,16.417961,16.728371,16.928627,16.691910,16.764816,16.819458,16.710136,16.746590,16.491104,16.874062,16.874062,16.710136,16.892258,16.655434,16.783035,16.946808,16.910439,16.545914,16.783035,16.454536,16.946808,16.491104,16.436256,17.273430,17.128418,16.491104,17.055817,17.001335,16.928627,16.892258,16.855865,16.928627,17.092117,16.983162,17.182823,16.983162,16.673668,16.892258,17.055817,17.092117,17.001335,16.855865,17.037659,17.273430,16.655434,16.874062,17.291534,16.837654,17.146553,17.291534,16.892258,16.964989,17.200951,17.400101,17.291534,17.508537,17.237198,16.946808,17.037659,16.874062,17.291534,17.382019,17.291534,17.237198,17.110275,17.490471,17.634865,17.833000,17.363930,17.182823,17.454338,17.436272,17.273430,17.634865,17.400101,17.526596,17.110275,17.255310,17.454338,17.526596,17.508537,17.688942,17.454338,17.706970,17.706970,17.724983,17.526596,17.670921,18.012718,17.616829,17.670921,17.886955,17.634865,18.012718,17.508537,18.066551,17.868965,17.580750,17.327736,17.670921,17.815002,17.797005,17.382019,17.761002,17.526596,17.544655,17.670921,17.815002,18.084496,18.030663,18.084496,17.472412,17.994759,18.084496,18.012718,18.030663,18.120361,18.084496,18.299454,18.084496,18.084496,18.030663,17.724983,17.850990,17.508537,18.603035,18.209953,18.478165,18.424599,18.424599,18.887749,18.674309,18.496017,18.585213,18.798882,18.638680,18.388855,18.317345,18.513863,18.692123,18.585213,18.138290,18.406731,18.567383,18.227867,18.424599,18.531708,18.531708,18.478165,18.709923,18.692123,18.478165,18.603035,18.531708,18.709923,18.781090,18.674309,18.513863,19.118340,18.603035,19.153755,18.692123,18.620857,18.887749,18.834435,18.905502,19.047462,18.531708,18.585213,19.295280,18.763306,18.263664,18.567383,18.585213,18.406731,18.245766,18.388855,18.442459,18.174133,18.709923,18.406731,18.603035,18.066551,18.478165,17.868965,17.922905,17.598785,18.030663,18.156204,18.317345,18.084496,18.442459,18.513863,18.263664,18.281563,17.922905,17.994759,18.120361,18.353111,18.138290,18.174133,18.120361,18.066551,17.886955,17.886955,17.833000,18.030663,17.958839,18.156204,17.958839,18.353111,18.066551,18.138290,18.370995,17.706970,17.073982,18.335236,18.299454,18.317345,18.585213,18.281563,18.084496,18.263664,18.317345,18.156204,18.192039,18.120361,18.281563,17.850990,17.994759,18.102425,18.227867,18.227867,18.030663,18.084496,17.976807,17.652901,17.724983,18.084496,17.724983,17.833000,17.472412,18.012718,17.526596,17.742996,17.994759,17.850990,17.616829,17.200951,17.598785,17.670921,17.670921,17.418190,17.146553,17.634865,17.327736,17.634865,17.508537,17.436272,17.508537,17.436272,17.327736,17.418190,17.797005,17.761002,17.400101,17.833000,17.742996,17.182823,17.994759,17.779015,17.833000,17.994759,17.797005,17.544655,17.797005,17.418190,17.706970,17.237198,17.472412,17.580750,17.634865,17.797005,17.454338,17.544655,17.490471,17.815002,17.544655,17.237198,17.454338,17.490471,17.382019,17.255310,17.291534,17.833000,17.652901,17.797005,17.850990,17.797005,17.706970,17.544655,17.526596,17.616829,17.490471,17.382019,17.922905,17.182823,17.598785,17.110275,17.706970,17.073982,17.309639,17.688942,17.508537,17.742996,17.309639,17.472412,17.742996,17.940880,17.886955,17.833000,18.138290,17.400101,17.742996,17.255310,17.526596,17.652901,17.490471,17.562698,17.779015,17.436272,17.526596,17.472412,17.868965,17.797005,17.706970,17.761002,17.868965,17.472412,17.164696,17.652901,17.544655,17.562698,17.724983,17.779015,17.508537,17.345833,17.363930,17.706970,17.418190,17.400101,17.562698,17.164696,17.055817,17.237198,17.454338,17.291534,17.219078,17.670921,17.400101,17.037659,17.400101,16.910439,17.291534,17.382019,17.345833,17.490471,17.309639,17.454338,17.110275,17.273430,17.309639,17.019493,16.746590,16.417961,16.728371,17.110275,17.688942,17.598785,16.874062,17.237198,17.237198,17.019493,16.964989,16.710136,17.128418,17.146553,16.892258,16.764816,17.309639,16.892258,17.182823,16.764816,17.055817,16.983162,16.819458,16.746590,17.219078,17.001335,16.710136,17.037659,16.637184,17.182823,17.146553,17.037659,16.819458,16.783035,16.746590,17.273430,17.128418,16.928627,17.110275,16.618950,16.764816,16.618950,16.874062,17.164696,16.655434,16.545914,16.582436,16.837654,16.819458,16.819458,16.545914,16.436256,16.600693,16.892258,16.655434,16.964989,16.527649,16.564171,16.655434,17.001335,16.509377,16.179840,16.764816,16.545914,16.381371,16.837654,16.491104,16.637184,16.363075,15.941071,16.363075,16.124794,16.472824,16.198189,16.106438,16.582436,16.764816,15.885872,16.454536,16.582436,16.655434,16.161499,16.088081,16.655434,16.600693,16.289825,16.454536,16.051353,16.234848,16.161499,16.655434,15.941071,16.344765,16.051353,16.289825,15.849052,16.234848,15.720085,15.996223,15.683197,15.959457,15.922668,16.216530,16.051353,16.582436,15.276436,15.996223,16.399666,15.904274,15.775375,15.535500,16.032974,15.756950,15.220818,15.683197,16.198189,15.775375,15.350533,15.590912,15.109489,15.701637,15.109489,15.793800,15.553970,16.106438,15.276436,15.443062,15.609375,15.146614,15.387550,15.885872,15.350533,15.553970,15.406059,14.942238,15.590912,15.959457,15.959457,15.517014,15.885872,15.849052,15.517014,15.146614,16.014603,15.461563,15.701637,15.461563,15.072350,16.051353,15.849052,16.289825,15.461563,15.406059,15.332008,14.867805,15.977844,15.350533,15.072350,15.202286,14.625465,15.072350,14.606796,14.288834,14.886414,13.592949,14.513397,14.401184,13.649567,13.838051,13.119759,
15.239365,16.454536,15.941071,16.381371,15.977844,15.867470,15.996223,15.977844,16.143143,15.904274,16.509377,15.922668,16.326462,15.517014,16.161499,15.812218,16.051353,16.344765,15.885872,16.527649,16.472824,16.216530,16.783035,15.977844,16.289825,16.088081,16.381371,16.673668,16.032974,15.959457,16.051353,16.032974,15.922668,15.959457,16.637184,16.454536,16.289825,16.381371,16.216530,16.234848,16.253181,16.527649,16.253181,16.032974,16.983162,16.655434,15.977844,16.618950,16.198189,16.417961,16.472824,16.216530,16.032974,16.582436,16.179840,16.363075,16.509377,16.600693,16.363075,16.417961,16.509377,16.710136,16.161499,16.618950,16.819458,16.454536,16.527649,16.655434,15.996223,16.509377,17.019493,16.179840,16.363075,15.959457,16.527649,16.491104,16.436256,16.691910,16.399666,17.073982,16.819458,16.454536,16.819458,16.363075,16.874062,16.655434,16.855865,16.179840,16.691910,16.783035,16.691910,16.728371,16.344765,16.582436,16.746590,16.710136,16.746590,16.564171,16.216530,16.837654,16.946808,16.600693,16.946808,16.582436,16.764816,16.545914,16.892258,16.161499,17.237198,17.255310,16.874062,16.801247,16.783035,16.910439,16.783035,16.618950,16.746590,16.655434,17.092117,16.819458,17.110275,16.855865,16.964989,17.037659,16.910439,17.001335,16.819458,17.255310,17.110275,16.964989,17.110275,17.363930,17.219078,16.910439,17.164696,17.454338,16.764816,17.382019,17.309639,16.928627,17.688942,17.146553,17.418190,17.309639,17.200951,16.983162,17.092117,17.182823,17.472412,17.110275,17.019493,17.128418,17.309639,17.219078,17.164696,17.490471,17.382019,17.110275,17.146553,17.382019,17.182823,17.400101,17.508537,17.472412,17.544655,17.400101,17.688942,17.291534,17.327736,17.490471,17.706970,17.436272,17.797005,17.454338,17.400101,16.983162,17.779015,17.904930,17.652901,17.634865,17.742996,17.598785,17.616829,17.652901,17.724983,17.580750,17.850990,17.670921,17.868965,17.868965,17.994759,17.850990,17.255310,17.742996,17.779015,17.526596,17.976807,17.382019,17.688942,17.490471,17.724983,17.472412,18.138290,17.940880,17.670921,18.066551,17.868965,17.833000,17.436272,17.779015,17.797005,17.850990,17.940880,18.066551,17.994759,18.174133,18.424599,18.317345,18.424599,18.281563,17.976807,18.138290,18.227867,18.709923,18.549545,18.030663,18.674309,18.513863,18.531708,18.798882,18.638680,18.656494,18.281563,18.603035,19.065178,18.603035,18.816666,19.065178,18.281563,18.620857,18.209953,18.567383,18.460312,18.478165,19.065178,18.887749,18.674309,18.745514,18.763306,18.923264,19.029732,18.620857,18.745514,18.816666,19.011993,18.496017,19.118340,18.887749,18.603035,18.692123,18.638680,18.834435,18.549545,19.136055,18.496017,18.638680,18.852211,18.674309,18.656494,18.531708,18.958771,18.638680,18.567383,18.745514,18.317345,18.585213,18.656494,18.245766,18.317345,18.066551,18.048607,18.727722,18.120361,18.406731,18.209953,18.102425,17.815002,18.370995,18.478165,18.388855,18.370995,18.281563,18.281563,18.585213,18.513863,18.048607,18.424599,18.353111,18.531708,18.192039,18.156204,17.994759,18.245766,18.174133,18.209953,18.192039,18.048607,18.084496,17.994759,18.048607,18.994255,18.299454,17.850990,18.066551,18.192039,18.692123,18.066551,18.156204,17.994759,18.745514,18.424599,18.156204,18.781090,18.317345,18.745514,18.531708,18.299454,18.263664,18.406731,18.102425,18.335236,17.815002,18.012718,17.904930,18.192039,17.922905,17.345833,18.317345,18.192039,17.922905,17.724983,17.634865,17.815002,17.309639,17.922905,17.779015,17.616829,18.120361,17.652901,17.761002,17.886955,18.209953,17.436272,17.724983,17.724983,17.797005,17.562698,17.797005,17.255310,17.886955,17.688942,17.779015,17.526596,17.598785,18.030663,17.833000,17.345833,17.779015,17.688942,17.724983,17.670921,17.400101,17.958839,18.102425,17.580750,17.706970,17.454338,17.309639,17.815002,17.779015,17.309639,17.670921,17.508537,17.761002,17.724983,17.562698,17.616829,17.833000,17.309639,17.363930,17.526596,17.544655,17.779015,17.634865,17.616829,17.706970,17.508537,17.400101,17.652901,17.904930,17.976807,17.688942,17.508537,17.562698,17.454338,17.598785,18.048607,17.761002,17.779015,17.544655,17.868965,17.490471,17.652901,18.353111,17.291534,17.742996,17.382019,17.616829,17.309639,18.048607,17.994759,17.742996,17.797005,17.526596,18.138290,17.182823,17.454338,17.454338,17.815002,18.012718,17.958839,17.363930,17.797005,17.580750,17.598785,17.255310,17.237198,17.634865,17.382019,17.706970,17.436272,17.634865,17.182823,17.400101,17.580750,17.436272,17.544655,17.219078,17.580750,17.634865,17.309639,17.345833,17.345833,17.544655,16.874062,17.092117,17.742996,17.037659,17.436272,17.273430,17.327736,17.001335,17.616829,17.345833,17.182823,17.418190,17.345833,17.670921,17.128418,17.128418,16.910439,17.019493,17.110275,17.309639,17.327736,17.472412,17.454338,17.073982,16.946808,16.983162,17.400101,16.746590,17.327736,17.055817,17.182823,16.892258,17.055817,16.819458,17.073982,17.037659,17.019493,17.001335,16.746590,17.182823,17.037659,17.055817,17.200951,17.255310,17.019493,17.327736,16.728371,17.164696,16.874062,17.128418,16.855865,16.801247,16.801247,16.472824,17.309639,16.874062,16.472824,17.019493,17.110275,16.618950,16.728371,16.874062,16.855865,16.582436,16.417961,17.110275,16.618950,17.255310,16.728371,16.837654,16.600693,16.910439,16.527649,16.691910,16.819458,16.032974,16.618950,16.783035,16.728371,16.673668,16.600693,16.564171,16.271500,16.216530,16.381371,16.124794,16.363075,16.234848,16.564171,16.289825,16.216530,16.234848,16.454536,16.344765,16.928627,16.637184,16.582436,16.454536,16.710136,16.564171,16.946808,16.399666,16.253181,16.326462,16.271500,16.728371,15.664742,15.904274,15.959457,15.849052,15.609375,15.996223,15.904274,16.143143,15.867470,15.977844,15.830643,15.812218,16.253181,15.535500,16.088081,16.161499,15.720085,15.498535,16.436256,16.436256,15.738518,15.812218,15.517014,16.124794,15.996223,15.517014,15.535500,15.517014,15.313492,15.016617,15.239365,15.553970,15.294960,15.443062,15.257896,15.627831,15.738518,15.590912,15.072350,15.720085,15.406059,16.014603,15.590912,15.701637,15.369041,15.424561,14.979439,15.498535,15.646294,15.498535,15.775375,15.387550,15.683197,15.867470,15.239365,15.646294,15.535500,15.572441,15.590912,15.812218,15.109489,15.276436,15.775375,14.867805,15.553970,15.109489,14.793312,14.998024,15.830643,14.942238,14.998024,14.476006,15.146614,14.737404,15.053780,14.213860,14.176346,14.457298,14.251350,12.108589,
15.276436,15.941071,16.032974,15.849052,15.738518,15.775375,16.069710,16.271500,16.216530,15.867470,15.646294,15.480049,16.088081,16.326462,16.216530,16.124794,15.720085,16.234848,15.959457,15.977844,16.179840,15.775375,16.673668,16.234848,16.691910,15.941071,16.892258,16.051353,15.922668,16.326462,16.363075,16.234848,16.161499,16.271500,16.344765,16.234848,16.472824,15.977844,16.308144,16.381371,15.959457,16.472824,16.289825,16.289825,16.088081,16.363075,16.106438,16.545914,16.344765,16.545914,16.582436,16.088081,16.216530,16.691910,16.673668,16.691910,16.234848,16.746590,16.491104,16.216530,16.545914,16.545914,16.928627,16.381371,16.728371,16.855865,16.600693,16.161499,16.801247,16.618950,16.564171,16.032974,16.417961,16.746590,16.454536,16.271500,16.454536,16.545914,16.837654,16.728371,16.271500,16.527649,16.746590,16.032974,16.618950,16.491104,17.309639,16.983162,16.710136,16.892258,16.618950,16.910439,16.491104,17.219078,16.618950,16.801247,17.327736,17.001335,17.327736,16.928627,17.128418,16.892258,16.326462,16.234848,17.237198,16.582436,16.855865,16.691910,16.819458,17.055817,16.728371,16.436256,16.819458,16.600693,17.001335,16.564171,17.327736,16.673668,16.746590,17.200951,16.892258,17.255310,16.764816,16.728371,17.255310,17.110275,17.219078,16.728371,17.454338,16.983162,17.652901,17.110275,17.255310,16.964989,17.363930,16.819458,17.237198,17.219078,17.092117,16.837654,17.616829,16.874062,17.092117,17.037659,17.309639,16.983162,17.146553,17.037659,17.688942,17.237198,17.309639,17.580750,17.345833,17.345833,17.508537,17.219078,17.508537,17.019493,17.092117,17.146553,17.490471,17.327736,17.164696,17.544655,17.526596,17.182823,18.012718,17.454338,17.616829,17.508537,17.327736,17.309639,17.490471,17.670921,16.946808,17.544655,17.670921,17.904930,17.940880,18.084496,17.616829,17.886955,17.742996,17.616829,17.724983,18.048607,18.066551,17.886955,17.904930,17.850990,17.724983,17.886955,18.138290,17.922905,17.742996,17.526596,17.598785,17.904930,17.742996,18.102425,18.048607,17.779015,17.958839,17.797005,17.724983,17.940880,18.066551,18.030663,17.868965,18.281563,18.030663,18.102425,18.281563,18.048607,18.281563,18.424599,18.370995,18.317345,18.424599,18.156204,18.156204,18.388855,18.281563,18.460312,18.406731,18.531708,18.674309,18.727722,18.281563,18.781090,18.941017,18.692123,18.994255,18.620857,18.941017,18.816666,18.442459,18.353111,18.763306,18.388855,18.549545,18.763306,18.209953,18.513863,18.496017,18.781090,19.047462,18.709923,18.816666,18.496017,18.370995,18.531708,18.923264,19.100624,18.424599,18.905502,19.171471,19.047462,18.798882,18.745514,18.549545,18.869980,18.994255,19.047462,19.312950,19.312950,18.958771,18.709923,19.259926,18.816666,18.834435,18.816666,18.834435,18.478165,19.029732,18.798882,18.585213,18.245766,18.424599,18.656494,18.620857,18.460312,18.370995,18.638680,18.656494,18.406731,18.656494,18.513863,18.852211,18.585213,18.281563,18.442459,17.833000,18.388855,17.922905,18.496017,18.460312,18.549545,18.174133,18.335236,18.102425,18.102425,17.994759,17.976807,17.815002,18.156204,18.496017,18.531708,18.531708,18.513863,18.281563,18.442459,18.620857,18.585213,18.442459,18.335236,18.012718,18.727722,18.370995,18.299454,18.174133,18.745514,18.120361,18.263664,18.335236,18.048607,18.120361,18.460312,18.335236,18.174133,18.156204,17.761002,18.227867,17.904930,18.102425,17.815002,18.066551,18.281563,17.886955,17.670921,17.815002,17.724983,17.418190,17.652901,17.688942,17.436272,17.922905,17.850990,17.724983,17.706970,17.958839,17.761002,17.976807,17.724983,18.048607,17.490471,17.742996,17.273430,17.652901,17.886955,17.580750,17.454338,18.048607,17.724983,18.066551,17.363930,18.192039,17.616829,17.418190,17.724983,17.616829,17.833000,17.833000,18.245766,17.706970,18.030663,18.138290,17.761002,17.958839,17.779015,17.670921,17.797005,17.797005,17.526596,17.400101,17.670921,17.742996,17.742996,17.850990,17.670921,17.904930,17.544655,18.066551,17.345833,17.815002,17.797005,17.797005,17.652901,17.761002,17.164696,17.797005,17.454338,17.670921,17.291534,17.815002,17.472412,17.634865,17.994759,17.868965,17.670921,17.833000,17.886955,17.526596,17.724983,17.490471,17.526596,17.363930,17.886955,18.209953,17.886955,17.922905,17.400101,17.400101,17.634865,18.335236,17.652901,17.724983,17.616829,17.797005,17.345833,17.886955,17.688942,17.761002,17.724983,17.472412,17.598785,17.742996,17.634865,17.526596,17.454338,17.706970,17.382019,17.598785,17.868965,17.526596,17.797005,17.634865,17.544655,17.472412,17.580750,17.526596,18.012718,17.761002,17.001335,17.742996,17.526596,17.544655,17.544655,17.200951,17.454338,17.382019,17.436272,17.237198,16.928627,17.200951,17.128418,17.182823,17.164696,17.742996,17.219078,17.670921,17.055817,17.237198,17.200951,17.472412,16.964989,17.345833,16.691910,17.327736,17.055817,17.580750,17.418190,17.128418,17.001335,16.910439,17.273430,17.418190,16.746590,17.345833,16.928627,17.327736,17.309639,17.128418,16.655434,17.019493,16.946808,17.345833,17.472412,16.910439,16.910439,17.055817,17.164696,17.400101,17.508537,17.055817,16.910439,16.983162,16.819458,17.019493,17.073982,16.783035,16.837654,16.655434,17.073982,16.783035,16.673668,16.564171,16.691910,16.710136,16.618950,16.527649,16.728371,17.273430,16.728371,16.673668,16.837654,17.037659,16.509377,16.271500,16.527649,16.564171,16.783035,16.216530,16.728371,16.289825,16.289825,16.161499,16.161499,16.910439,16.764816,16.289825,16.271500,16.308144,16.801247,16.179840,16.454536,16.381371,16.344765,16.381371,16.728371,16.564171,16.124794,16.106438,16.910439,15.959457,16.344765,16.106438,16.691910,16.271500,16.051353,16.253181,15.793800,15.977844,16.234848,16.363075,16.436256,16.216530,15.572441,16.143143,15.332008,16.289825,15.830643,15.572441,15.646294,15.646294,15.867470,16.069710,15.812218,15.812218,15.738518,16.014603,16.014603,15.406059,15.627831,15.294960,16.014603,15.369041,15.332008,15.683197,15.461563,15.387550,15.183723,15.239365,15.016617,15.553970,15.553970,15.035194,15.220818,15.590912,14.905037,16.088081,15.313492,15.922668,15.738518,15.775375,15.572441,15.996223,15.461563,15.461563,15.406059,15.775375,15.812218,15.350533,15.165176,14.960838,15.424561,15.090919,15.424561,15.812218,15.016617,14.494698,15.202286,14.830566,14.979439,15.220818,15.146614,15.072350,15.090919,14.588127,14.588127,14.700096,14.737404,14.737404,14.625465,14.138817,14.007355,13.668427,14.345024,13.460693,13.366112,
14.998024,15.775375,16.143143,16.161499,16.106438,16.069710,16.837654,15.996223,16.143143,15.977844,16.051353,16.179840,16.399666,16.198189,15.977844,15.701637,16.161499,15.867470,15.720085,16.069710,16.618950,16.289825,16.326462,15.609375,16.289825,16.454536,16.673668,16.289825,16.545914,15.609375,16.874062,16.161499,16.436256,16.179840,16.491104,16.253181,16.491104,16.106438,16.143143,16.271500,16.198189,16.564171,16.069710,15.867470,16.637184,16.564171,16.618950,16.472824,16.436256,16.088081,16.600693,16.179840,16.764816,16.326462,17.092117,16.509377,16.308144,16.472824,16.618950,16.728371,16.436256,16.946808,16.417961,16.637184,16.710136,16.234848,16.417961,16.216530,16.673668,16.801247,16.527649,16.582436,16.179840,16.363075,16.855865,16.381371,16.454536,16.928627,16.509377,16.637184,16.710136,16.527649,17.019493,16.216530,16.892258,16.491104,16.436256,17.037659,17.472412,16.637184,16.874062,16.691910,16.983162,16.874062,16.454536,16.892258,17.327736,16.472824,16.673668,16.600693,16.910439,16.801247,16.710136,17.092117,17.037659,16.710136,16.344765,17.073982,17.128418,16.910439,16.618950,16.837654,16.964989,16.855865,16.710136,16.746590,17.019493,16.910439,16.910439,16.983162,16.928627,16.673668,16.728371,17.146553,16.819458,17.019493,17.291534,16.983162,17.273430,17.418190,17.182823,16.819458,16.819458,17.273430,17.055817,17.472412,17.255310,17.037659,17.309639,17.200951,16.983162,17.092117,17.200951,17.363930,17.110275,17.200951,17.237198,17.037659,17.400101,16.673668,17.182823,17.128418,17.146553,17.400101,17.128418,17.363930,17.055817,17.237198,17.291534,16.855865,17.273430,16.746590,17.490471,17.055817,17.761002,17.382019,17.652901,17.418190,17.544655,17.146553,17.418190,18.066551,17.508537,17.815002,17.400101,17.994759,17.886955,17.724983,17.382019,17.940880,17.833000,17.526596,17.994759,17.742996,18.513863,17.886955,18.066551,17.833000,17.616829,18.120361,18.138290,17.761002,17.580750,17.652901,17.652901,17.598785,17.634865,18.030663,17.418190,18.066551,18.174133,18.066551,17.976807,18.263664,17.833000,17.976807,18.263664,18.138290,18.299454,18.120361,18.317345,18.102425,17.940880,18.066551,18.353111,18.174133,18.335236,18.281563,18.406731,18.281563,18.335236,18.620857,18.406731,18.798882,18.460312,19.011993,18.692123,18.816666,18.763306,18.692123,18.692123,18.923264,18.763306,18.798882,18.496017,18.745514,18.656494,18.638680,18.424599,18.585213,18.585213,18.209953,19.047462,18.585213,18.923264,18.852211,18.976524,18.442459,18.781090,18.727722,18.834435,19.011993,18.869980,18.834435,18.745514,19.118340,19.047462,19.029732,19.065178,18.816666,19.489464,18.745514,18.763306,18.941017,19.224541,18.656494,19.189156,18.887749,19.418907,18.816666,19.312950,18.745514,18.281563,18.709923,18.585213,18.781090,18.620857,18.460312,18.567383,18.478165,18.567383,18.549545,18.370995,18.656494,18.603035,18.156204,18.513863,18.370995,18.496017,18.549545,18.656494,18.335236,18.727722,18.299454,18.638680,18.513863,18.370995,18.585213,18.353111,18.156204,18.388855,18.209953,18.549545,18.353111,18.549545,18.406731,18.353111,18.656494,18.994255,18.531708,18.692123,18.513863,18.281563,18.066551,18.460312,18.549545,18.585213,18.030663,18.567383,18.424599,18.656494,18.496017,18.120361,18.603035,18.567383,18.281563,18.478165,18.156204,18.263664,18.299454,18.209953,18.138290,18.192039,18.513863,17.904930,18.066551,18.727722,17.400101,18.156204,17.580750,18.245766,17.779015,17.976807,17.868965,17.580750,17.652901,17.490471,17.994759,17.724983,17.815002,17.850990,18.066551,17.309639,17.580750,17.886955,17.779015,17.273430,17.833000,17.958839,17.940880,17.598785,17.706970,17.779015,17.904930,17.850990,17.850990,17.724983,17.724983,17.580750,17.706970,17.886955,18.102425,17.868965,17.815002,17.490471,17.688942,17.850990,17.742996,17.994759,17.815002,17.904930,17.724983,18.102425,17.779015,17.797005,17.490471,17.598785,17.418190,17.598785,17.706970,17.742996,17.418190,17.868965,17.976807,18.012718,17.833000,17.779015,17.634865,17.454338,17.868965,17.797005,18.138290,17.562698,17.833000,17.562698,17.994759,18.030663,18.120361,17.670921,17.976807,17.761002,17.688942,17.724983,17.724983,17.652901,18.012718,17.363930,17.833000,17.742996,17.652901,18.102425,17.886955,17.976807,17.940880,17.940880,17.418190,17.724983,17.652901,17.706970,17.779015,17.886955,17.868965,17.886955,17.850990,18.227867,17.382019,17.472412,17.634865,17.670921,18.048607,17.508537,17.652901,17.688942,17.833000,17.994759,17.616829,17.868965,17.436272,17.833000,17.273430,17.544655,17.688942,17.850990,17.327736,17.490471,17.418190,17.544655,17.164696,17.742996,17.779015,17.688942,17.219078,17.472412,17.436272,17.110275,17.544655,17.886955,17.019493,17.164696,17.055817,17.562698,16.946808,17.400101,17.436272,17.400101,17.345833,17.037659,17.182823,16.910439,17.037659,17.291534,17.182823,17.309639,17.309639,17.146553,17.164696,17.164696,17.110275,17.146553,17.200951,17.652901,17.073982,17.019493,16.892258,17.001335,16.764816,17.110275,16.837654,17.001335,16.874062,16.983162,17.037659,16.964989,16.764816,17.237198,16.618950,17.291534,16.491104,17.092117,16.783035,17.001335,16.545914,16.855865,17.237198,16.910439,17.182823,16.983162,16.600693,17.092117,16.764816,17.019493,16.436256,17.219078,16.545914,17.055817,16.600693,17.237198,16.783035,16.746590,16.326462,16.728371,16.289825,16.892258,16.801247,16.564171,16.746590,16.964989,17.037659,16.783035,16.509377,16.271500,16.472824,16.600693,16.618950,15.941071,16.801247,16.491104,16.161499,17.037659,16.124794,16.637184,16.910439,16.564171,16.161499,16.527649,16.399666,16.874062,16.363075,16.326462,16.289825,16.527649,15.959457,15.867470,15.996223,15.996223,16.088081,16.234848,15.572441,15.867470,15.977844,16.106438,16.032974,15.941071,15.885872,15.664742,15.609375,15.646294,15.904274,15.941071,15.830643,15.572441,16.253181,16.051353,15.904274,15.387550,15.443062,15.609375,15.609375,15.072350,15.183723,15.090919,15.498535,15.294960,15.535500,15.572441,15.146614,15.183723,15.387550,15.849052,14.867805,15.812218,15.443062,15.738518,15.090919,15.535500,15.220818,15.885872,15.756950,15.535500,15.220818,15.941071,15.202286,15.683197,15.701637,15.090919,15.443062,15.498535,15.128059,15.146614,15.332008,15.443062,14.849190,15.812218,15.183723,15.183723,15.128059,15.369041,14.886414,14.849190,14.830566,15.146614,14.681450,14.550774,15.072350,14.700096,14.401184,14.345024,14.606796,14.176346,12.453224,
15.128059,15.904274,16.216530,16.234848,16.014603,15.885872,16.032974,15.849052,16.564171,15.738518,16.143143,16.234848,16.509377,15.683197,15.775375,16.216530,16.381371,16.436256,15.922668,16.088081,16.234848,16.124794,16.363075,16.216530,16.417961,15.830643,16.436256,16.014603,16.527649,16.472824,16.527649,15.959457,16.454536,16.032974,15.977844,15.941071,16.381371,16.399666,16.143143,16.124794,16.618950,16.417961,16.509377,16.436256,16.746590,16.819458,16.472824,16.892258,16.436256,16.253181,16.344765,16.161499,16.454536,16.454536,16.746590,16.655434,16.564171,16.253181,16.710136,16.308144,16.600693,16.564171,16.801247,16.837654,16.783035,16.326462,16.381371,16.491104,15.959457,16.946808,16.472824,16.472824,16.946808,16.454536,16.600693,16.289825,16.472824,16.637184,17.001335,16.673668,16.783035,16.764816,16.491104,16.527649,16.946808,16.564171,16.983162,16.783035,16.637184,16.600693,17.110275,16.892258,16.928627,16.655434,16.837654,17.037659,16.855865,16.417961,16.691910,16.509377,16.946808,16.892258,17.273430,16.472824,16.946808,17.345833,16.491104,17.128418,16.746590,16.892258,16.874062,17.418190,17.164696,16.964989,17.092117,16.527649,16.691910,17.146553,17.164696,16.783035,16.910439,16.783035,16.892258,16.710136,17.345833,17.164696,17.237198,17.273430,16.946808,16.801247,17.219078,16.783035,17.490471,17.309639,17.128418,16.983162,17.363930,16.928627,17.219078,16.983162,17.037659,17.073982,16.983162,17.382019,17.598785,17.182823,17.182823,16.946808,17.001335,17.273430,16.983162,17.454338,17.345833,17.255310,17.400101,17.200951,16.855865,17.200951,17.182823,17.291534,17.182823,17.472412,17.472412,17.309639,17.544655,17.327736,17.508537,17.436272,17.904930,17.562698,17.724983,17.472412,17.833000,17.490471,17.779015,17.598785,17.652901,17.742996,18.066551,17.706970,17.472412,17.436272,17.868965,18.030663,17.580750,17.562698,17.670921,18.317345,17.904930,18.209953,17.400101,18.120361,18.120361,17.688942,17.508537,17.940880,17.940880,17.922905,17.850990,17.779015,18.066551,18.102425,17.670921,17.761002,17.922905,18.317345,18.138290,18.424599,18.012718,18.281563,18.084496,18.335236,18.245766,18.263664,18.245766,18.460312,18.567383,18.603035,18.406731,18.388855,19.011993,18.192039,18.353111,18.923264,18.763306,18.585213,18.994255,18.674309,19.011993,18.941017,18.887749,18.834435,18.745514,19.277603,19.011993,18.692123,19.011993,18.620857,19.082909,18.816666,18.620857,18.834435,19.153755,18.567383,18.603035,19.189156,19.136055,19.136055,18.958771,18.958771,18.781090,18.763306,19.189156,19.542351,19.401253,18.923264,18.638680,19.118340,19.524719,18.941017,18.976524,19.029732,19.471832,19.118340,19.224541,18.834435,19.082909,18.887749,19.171471,19.365944,19.065178,19.100624,18.887749,18.887749,18.692123,19.082909,18.496017,18.567383,18.603035,18.442459,18.852211,18.442459,18.317345,18.513863,18.763306,18.424599,18.388855,18.603035,18.763306,18.638680,18.674309,18.567383,18.406731,18.763306,18.656494,18.692123,18.513863,18.531708,18.781090,18.478165,18.674309,18.869980,18.209953,18.335236,18.353111,18.335236,18.513863,18.442459,18.335236,18.549545,18.763306,18.958771,18.816666,19.100624,18.638680,18.442459,18.763306,18.638680,18.976524,18.496017,18.781090,18.958771,18.406731,18.066551,18.353111,18.102425,18.120361,18.638680,18.030663,18.549545,18.192039,17.724983,18.335236,18.048607,18.209953,18.030663,18.245766,17.833000,18.263664,17.976807,18.120361,17.976807,17.562698,17.815002,18.066551,17.598785,18.138290,17.922905,18.156204,17.815002,17.797005,18.084496,17.706970,17.958839,18.263664,17.940880,18.192039,17.850990,17.598785,17.976807,18.048607,17.904930,17.544655,17.472412,17.797005,18.030663,17.363930,17.797005,17.904930,17.815002,18.066551,17.868965,18.030663,17.940880,17.850990,17.994759,17.742996,17.797005,17.508537,17.724983,17.508537,17.797005,17.454338,17.886955,17.779015,17.850990,17.508537,17.688942,18.048607,18.138290,17.634865,17.940880,17.868965,17.868965,17.724983,17.724983,17.958839,17.958839,17.904930,18.084496,17.797005,18.012718,18.317345,17.382019,17.833000,17.508537,17.652901,17.976807,17.616829,17.598785,17.868965,17.742996,17.508537,17.779015,17.742996,18.102425,18.030663,18.048607,17.976807,18.012718,17.815002,17.724983,18.281563,17.472412,17.904930,17.868965,17.994759,17.940880,18.066551,18.102425,17.994759,18.012718,18.192039,17.779015,17.833000,17.815002,18.138290,17.724983,18.084496,17.634865,18.192039,18.084496,18.048607,17.472412,18.174133,17.940880,17.616829,17.761002,18.084496,17.508537,17.976807,18.048607,17.634865,17.724983,17.652901,18.030663,17.273430,17.291534,17.994759,17.850990,17.634865,17.400101,17.724983,17.904930,17.164696,17.544655,17.652901,17.526596,17.400101,17.886955,17.670921,17.363930,17.472412,17.761002,17.363930,17.472412,17.164696,17.164696,17.164696,17.904930,17.273430,17.019493,17.418190,17.273430,17.345833,17.219078,16.910439,17.345833,17.182823,17.273430,17.309639,17.146553,17.255310,17.400101,17.833000,17.345833,17.182823,17.037659,16.673668,17.164696,17.436272,16.746590,16.928627,17.273430,17.219078,17.219078,16.746590,17.146553,17.110275,16.983162,17.382019,17.200951,17.055817,17.255310,17.182823,17.255310,16.801247,16.837654,17.001335,16.946808,16.946808,16.582436,16.837654,16.928627,16.655434,17.019493,16.928627,16.728371,16.545914,16.673668,16.564171,16.710136,16.728371,16.946808,16.910439,16.819458,16.491104,16.764816,16.964989,16.983162,16.764816,16.691910,16.728371,16.088081,16.655434,16.819458,16.819458,16.582436,16.964989,16.308144,16.417961,16.363075,17.055817,16.600693,17.073982,16.946808,16.618950,17.146553,16.454536,16.344765,16.436256,16.088081,16.161499,16.271500,16.472824,16.069710,16.179840,16.326462,16.143143,16.179840,15.812218,16.308144,16.032974,16.088081,15.996223,15.535500,16.600693,16.344765,15.517014,15.498535,15.977844,15.812218,16.051353,15.406059,15.350533,15.683197,15.276436,15.480049,15.424561,14.979439,14.756035,14.811943,15.535500,15.090919,15.572441,15.239365,15.202286,15.793800,15.406059,15.294960,15.683197,14.793312,15.480049,15.313492,15.128059,15.701637,15.165176,15.443062,15.720085,14.867805,15.128059,15.350533,15.977844,15.480049,15.498535,15.498535,15.720085,15.443062,15.202286,15.443062,14.960838,14.905037,15.553970,15.885872,15.332008,14.867805,15.183723,15.387550,14.476006,15.406059,15.128059,14.774681,14.830566,14.998024,14.625465,14.232613,13.460693,14.644127,13.781540,13.536285,
15.646294,15.627831,16.308144,15.996223,16.014603,16.051353,16.234848,15.553970,15.885872,15.683197,16.271500,16.582436,15.959457,15.738518,16.234848,16.124794,15.701637,16.198189,16.381371,16.344765,15.849052,16.454536,16.289825,15.996223,16.436256,15.609375,16.454536,16.088081,16.764816,16.106438,16.271500,16.326462,15.830643,16.271500,16.106438,16.381371,16.234848,16.691910,16.198189,15.904274,16.344765,16.491104,16.545914,16.399666,16.783035,16.472824,16.417961,16.032974,16.381371,16.363075,16.454536,16.106438,16.253181,16.253181,16.234848,16.728371,16.874062,16.637184,16.582436,16.728371,16.946808,16.928627,16.198189,16.436256,16.892258,16.381371,16.472824,16.308144,16.946808,16.928627,16.710136,16.069710,16.344765,16.399666,16.855865,16.710136,16.710136,16.655434,16.746590,16.746590,16.673668,16.600693,16.746590,16.855865,16.928627,16.783035,16.363075,16.928627,16.746590,16.673668,16.783035,16.910439,17.001335,16.928627,16.983162,16.527649,17.092117,17.001335,17.237198,16.710136,16.637184,16.710136,16.545914,17.073982,16.892258,17.001335,16.874062,16.983162,16.892258,17.164696,17.146553,16.600693,17.019493,17.019493,16.964989,17.092117,16.746590,16.964989,16.746590,17.037659,16.892258,16.783035,16.964989,17.037659,16.964989,17.562698,17.255310,17.146553,17.454338,17.345833,17.273430,17.273430,17.001335,17.291534,17.037659,17.219078,17.128418,17.345833,17.219078,17.110275,17.400101,16.801247,17.200951,17.363930,16.983162,17.073982,17.219078,16.983162,17.128418,17.309639,16.910439,17.544655,17.309639,17.815002,16.928627,17.400101,17.400101,17.454338,17.237198,17.472412,17.001335,17.092117,17.562698,17.309639,17.724983,17.073982,17.472412,17.200951,17.976807,17.634865,17.833000,17.833000,17.255310,18.048607,17.724983,17.724983,17.688942,17.688942,17.779015,18.120361,18.120361,17.526596,17.345833,18.030663,18.012718,18.174133,17.833000,18.012718,18.156204,18.138290,17.797005,17.958839,17.652901,18.084496,18.048607,17.815002,17.815002,18.209953,17.994759,17.472412,18.102425,18.192039,18.156204,17.886955,18.281563,18.066551,18.549545,18.174133,18.388855,18.281563,18.424599,18.585213,18.353111,18.709923,18.709923,18.709923,18.496017,18.460312,18.941017,18.941017,18.567383,18.585213,18.869980,18.745514,18.923264,18.798882,19.295280,19.029732,18.816666,18.816666,18.816666,19.136055,19.118340,19.277603,18.442459,18.281563,18.994255,19.100624,18.923264,18.816666,18.638680,19.029732,18.745514,18.603035,19.082909,19.011993,18.976524,18.905502,18.941017,18.994255,19.189156,18.941017,19.153755,19.065178,19.206863,19.100624,19.277603,18.887749,19.401253,19.277603,19.206863,18.834435,18.976524,18.941017,19.295280,19.259926,19.136055,19.365944,18.941017,18.781090,19.065178,18.727722,18.869980,19.011993,18.923264,18.763306,18.603035,18.567383,18.781090,18.976524,18.852211,18.603035,18.478165,18.709923,18.567383,18.994255,18.834435,18.603035,18.727722,18.496017,18.781090,18.549545,18.567383,18.442459,18.727722,18.709923,18.976524,18.692123,18.567383,18.603035,18.656494,18.424599,18.798882,18.976524,18.727722,18.406731,18.513863,18.727722,18.834435,18.816666,18.692123,18.887749,18.869980,18.531708,18.674309,18.478165,18.781090,18.656494,18.496017,18.335236,18.852211,18.549545,18.513863,18.496017,18.424599,18.727722,18.478165,18.478165,18.335236,18.388855,18.549545,18.209953,18.084496,18.656494,18.281563,17.850990,17.886955,18.209953,17.833000,17.724983,18.353111,17.544655,17.904930,17.706970,18.120361,17.508537,18.156204,17.976807,17.797005,17.598785,17.761002,17.976807,17.940880,17.976807,17.922905,17.994759,17.797005,17.706970,17.797005,17.994759,17.868965,17.994759,17.797005,17.904930,17.634865,17.580750,17.797005,18.012718,17.850990,17.779015,18.012718,17.580750,17.706970,18.317345,18.174133,17.886955,18.066551,17.742996,18.513863,17.580750,18.066551,18.138290,18.227867,17.886955,17.850990,17.670921,18.084496,17.544655,18.353111,17.706970,17.634865,17.922905,17.580750,17.904930,17.797005,17.688942,17.994759,17.724983,17.580750,17.652901,18.227867,18.174133,17.904930,17.724983,17.940880,17.598785,18.299454,17.580750,17.815002,18.102425,17.994759,17.994759,18.263664,17.994759,18.048607,18.066551,17.850990,18.102425,17.976807,17.742996,17.724983,18.156204,18.370995,18.245766,18.066551,17.833000,18.102425,18.030663,18.084496,17.652901,17.779015,18.192039,17.850990,18.245766,17.850990,17.868965,18.102425,17.544655,18.209953,17.598785,17.706970,17.688942,17.886955,17.779015,17.454338,18.012718,17.922905,17.670921,18.102425,17.886955,17.742996,17.472412,17.958839,17.652901,17.345833,17.976807,17.670921,17.815002,17.526596,17.940880,17.724983,17.706970,17.472412,17.490471,17.761002,17.652901,17.598785,17.526596,18.138290,17.598785,17.544655,17.273430,17.490471,17.850990,17.994759,17.309639,17.526596,17.382019,18.084496,17.363930,17.562698,17.454338,17.562698,17.418190,17.182823,17.526596,17.526596,17.219078,17.562698,17.706970,17.255310,17.436272,17.237198,17.273430,17.128418,16.874062,17.724983,17.580750,17.327736,17.400101,17.055817,17.382019,17.472412,16.964989,17.688942,16.600693,17.073982,17.562698,16.964989,17.327736,17.309639,17.508537,17.327736,17.219078,16.983162,17.182823,17.128418,16.728371,16.801247,16.491104,17.418190,16.874062,17.092117,16.491104,16.964989,16.910439,16.892258,17.037659,16.746590,17.164696,17.019493,16.855865,17.472412,16.801247,16.381371,17.146553,16.746590,16.618950,16.673668,16.472824,16.234848,16.855865,17.019493,16.564171,16.326462,16.764816,16.417961,16.582436,16.964989,16.819458,16.600693,16.783035,16.618950,16.764816,16.454536,16.088081,16.545914,16.892258,16.509377,16.728371,16.746590,16.198189,15.941071,16.436256,16.234848,15.867470,16.527649,16.417961,16.691910,16.271500,16.216530,15.996223,16.143143,16.253181,15.977844,15.867470,16.673668,15.812218,15.830643,15.498535,15.885872,15.830643,15.664742,15.922668,15.701637,16.234848,15.480049,15.313492,15.498535,14.960838,15.035194,14.886414,14.700096,15.332008,15.072350,14.793312,15.461563,15.664742,15.387550,15.313492,15.480049,15.146614,15.553970,15.922668,15.128059,15.461563,15.609375,14.998024,14.960838,15.664742,15.332008,15.793800,15.016617,14.998024,15.165176,15.202286,15.517014,15.332008,15.461563,15.664742,15.664742,14.979439,15.701637,14.942238,15.553970,15.053780,14.457298,14.718750,14.457298,15.498535,15.424561,14.606796,14.625465,14.662788,14.588127,14.326302,14.718750,13.913338,13.969765,13.574066,
15.701637,16.106438,16.143143,15.849052,16.198189,15.977844,16.051353,16.436256,16.124794,16.161499,16.253181,16.198189,16.216530,16.326462,16.344765,16.363075,16.124794,16.381371,15.959457,16.344765,16.637184,16.179840,16.710136,16.216530,16.527649,16.216530,16.198189,16.124794,16.710136,16.381371,15.849052,16.819458,16.216530,15.701637,16.216530,16.491104,16.271500,16.545914,16.271500,16.253181,16.764816,16.417961,16.363075,16.253181,16.308144,16.198189,16.783035,16.088081,16.436256,16.637184,16.673668,16.271500,16.234848,16.637184,16.234848,16.637184,16.289825,16.582436,16.691910,16.710136,16.983162,16.618950,16.143143,16.764816,16.344765,16.874062,16.399666,16.710136,16.983162,17.110275,16.344765,16.143143,16.363075,16.582436,16.892258,16.161499,16.363075,16.783035,16.691910,16.454536,16.618950,16.582436,16.892258,16.728371,16.637184,16.216530,16.399666,16.472824,16.728371,16.582436,16.910439,16.892258,17.001335,16.618950,16.855865,16.673668,17.237198,16.874062,16.892258,16.819458,17.146553,17.019493,16.673668,16.618950,16.964989,17.110275,16.892258,16.399666,17.019493,16.655434,16.855865,16.746590,16.983162,16.801247,16.819458,17.219078,17.327736,16.691910,16.928627,17.327736,17.544655,16.910439,16.946808,16.964989,16.910439,17.110275,17.146553,17.219078,17.110275,17.164696,17.436272,17.237198,17.670921,17.164696,17.291534,17.309639,17.400101,17.382019,17.436272,17.309639,17.652901,16.837654,17.436272,16.983162,17.472412,17.327736,17.508537,17.182823,17.363930,17.580750,17.219078,16.928627,16.819458,17.400101,17.418190,17.400101,17.291534,16.946808,17.400101,16.801247,17.110275,17.418190,17.128418,17.073982,17.670921,17.815002,17.219078,17.724983,17.418190,17.454338,17.526596,17.580750,18.209953,17.019493,17.616829,17.886955,17.634865,17.797005,17.454338,17.724983,17.724983,17.742996,17.761002,17.724983,17.850990,17.958839,18.496017,17.742996,18.066551,18.030663,18.156204,18.066551,18.209953,18.156204,18.496017,18.245766,18.209953,18.209953,18.048607,18.496017,18.012718,18.353111,18.370995,18.317345,18.084496,18.299454,18.192039,18.638680,18.531708,18.281563,18.496017,18.317345,18.816666,18.567383,18.460312,18.816666,18.674309,18.638680,18.460312,18.227867,18.816666,18.727722,19.082909,18.567383,18.620857,18.638680,18.727722,18.905502,18.620857,18.994255,19.259926,18.638680,19.118340,19.011993,19.082909,19.047462,18.941017,18.852211,19.330627,19.011993,19.383614,18.869980,18.781090,19.224541,19.153755,18.976524,19.153755,19.259926,19.082909,18.781090,19.206863,19.047462,19.577583,18.816666,18.958771,19.118340,18.976524,19.418907,19.295280,19.171471,19.577583,19.577583,18.994255,19.454201,19.047462,19.136055,19.082909,19.189156,19.118340,18.852211,19.471832,19.065178,19.047462,18.994255,19.189156,18.798882,18.852211,19.047462,18.941017,18.353111,18.424599,18.781090,18.388855,18.496017,19.011993,18.638680,18.781090,18.869980,18.745514,18.941017,19.082909,18.531708,19.011993,18.798882,19.082909,18.745514,18.424599,18.923264,18.958771,18.406731,18.905502,18.709923,18.852211,19.100624,18.905502,18.674309,18.692123,18.941017,18.887749,18.353111,18.763306,18.460312,19.082909,18.834435,18.567383,18.745514,18.531708,18.958771,18.905502,18.905502,18.585213,18.958771,18.941017,18.852211,18.549545,18.620857,18.709923,18.798882,18.549545,18.887749,18.513863,18.084496,18.245766,18.335236,18.227867,17.833000,18.674309,17.742996,18.192039,18.138290,18.138290,18.030663,18.012718,17.815002,17.670921,17.976807,17.994759,18.084496,17.868965,18.030663,17.922905,17.526596,18.066551,18.174133,18.012718,17.850990,17.598785,18.084496,17.797005,17.779015,17.976807,18.156204,17.815002,17.706970,17.616829,17.868965,17.922905,17.490471,17.688942,17.724983,17.706970,17.850990,17.886955,17.706970,17.724983,17.815002,17.598785,17.940880,17.454338,17.958839,17.833000,17.797005,17.850990,17.922905,18.030663,17.706970,17.797005,17.562698,17.994759,17.688942,17.724983,17.833000,17.940880,17.833000,17.797005,17.598785,17.237198,17.976807,17.815002,17.724983,17.833000,17.652901,17.868965,18.245766,17.490471,18.102425,17.598785,18.012718,17.868965,18.030663,17.833000,18.353111,17.562698,17.761002,17.976807,17.219078,18.012718,18.281563,18.030663,18.192039,18.460312,18.120361,17.886955,18.442459,17.833000,18.317345,17.940880,18.030663,18.048607,18.263664,18.353111,17.797005,17.922905,18.209953,18.174133,17.724983,17.958839,18.012718,17.670921,18.442459,18.066551,17.706970,17.580750,17.761002,17.940880,17.562698,18.138290,17.742996,18.030663,17.940880,18.030663,17.652901,17.797005,17.904930,17.724983,18.120361,17.652901,18.174133,18.353111,17.580750,17.724983,17.598785,17.688942,17.850990,17.833000,17.418190,17.670921,18.012718,17.508537,17.652901,17.850990,17.418190,17.400101,17.652901,17.616829,17.490471,17.724983,17.761002,17.345833,17.472412,17.418190,17.742996,17.508537,17.508537,17.382019,17.291534,17.724983,17.580750,17.598785,17.886955,17.073982,17.400101,17.508537,17.382019,17.779015,16.983162,17.490471,17.400101,17.490471,17.309639,17.436272,17.110275,17.200951,17.345833,17.182823,16.655434,16.892258,17.273430,17.400101,17.418190,17.200951,16.946808,17.327736,16.964989,17.291534,16.910439,16.910439,17.037659,17.037659,16.691910,16.783035,17.092117,16.691910,16.728371,16.946808,16.783035,17.255310,16.910439,16.326462,16.764816,16.946808,16.819458,16.928627,16.491104,16.910439,16.801247,16.819458,16.673668,16.892258,16.964989,16.855865,16.691910,16.746590,16.582436,16.564171,16.363075,16.600693,16.874062,16.874062,17.363930,16.710136,16.764816,17.037659,16.783035,16.983162,16.746590,16.527649,16.764816,16.928627,17.110275,16.691910,16.472824,16.892258,16.564171,16.179840,16.124794,15.904274,16.472824,16.655434,16.216530,16.106438,16.289825,15.793800,16.381371,15.793800,16.051353,16.472824,16.253181,15.904274,16.088081,16.051353,15.646294,16.472824,15.369041,15.720085,15.720085,15.461563,15.183723,15.941071,14.905037,15.035194,15.109489,15.183723,15.313492,15.369041,14.998024,14.849190,14.756035,15.276436,15.683197,15.480049,15.332008,15.239365,15.517014,15.535500,14.867805,15.406059,14.998024,15.294960,15.313492,15.646294,15.165176,15.109489,15.369041,15.332008,15.369041,14.905037,15.350533,14.998024,14.867805,15.035194,15.035194,15.146614,14.756035,15.590912,14.998024,14.960838,15.016617,15.387550,15.294960,14.830566,14.588127,14.195114,14.979439,14.232613,14.326302,14.606796,13.988556,13.649567,12.510529,
15.220818,16.308144,16.124794,16.179840,16.051353,16.161499,16.509377,16.106438,15.977844,16.014603,15.498535,16.161499,16.124794,16.308144,15.904274,15.922668,16.124794,16.545914,16.198189,15.830643,16.289825,15.867470,16.509377,16.088081,16.728371,16.600693,16.032974,16.198189,16.216530,16.326462,16.582436,16.801247,16.436256,16.051353,16.399666,16.710136,16.417961,16.691910,16.710136,16.673668,16.124794,16.746590,16.363075,16.564171,16.363075,16.216530,16.234848,16.545914,16.728371,16.600693,16.655434,16.874062,16.472824,16.289825,16.399666,16.710136,17.128418,16.509377,17.092117,16.819458,16.582436,16.417961,16.308144,16.783035,16.564171,16.308144,16.436256,16.874062,16.582436,17.019493,16.910439,16.491104,16.564171,16.216530,16.783035,16.399666,16.655434,16.600693,16.819458,16.655434,16.655434,16.855865,16.910439,17.055817,16.928627,16.874062,16.746590,16.983162,17.001335,16.783035,16.728371,16.655434,16.837654,17.037659,17.327736,17.055817,16.874062,17.037659,16.527649,16.746590,16.874062,17.001335,17.454338,16.783035,16.964989,17.182823,17.164696,17.255310,17.634865,16.746590,17.255310,17.273430,16.964989,16.964989,16.783035,16.564171,16.874062,16.946808,17.724983,17.092117,17.237198,16.910439,16.910439,17.182823,17.073982,17.454338,17.200951,16.910439,17.182823,17.110275,17.001335,17.073982,17.490471,16.910439,17.019493,17.255310,17.400101,17.146553,17.110275,17.200951,17.037659,16.892258,17.110275,16.637184,17.182823,17.055817,17.273430,17.400101,17.382019,17.073982,17.382019,17.037659,16.964989,17.037659,17.219078,17.219078,17.291534,17.128418,17.092117,17.418190,17.110275,17.363930,17.255310,17.598785,17.309639,17.110275,17.400101,17.688942,17.634865,17.418190,17.454338,18.174133,17.598785,17.508537,17.761002,17.815002,17.779015,17.652901,17.940880,17.706970,17.958839,17.382019,17.904930,18.192039,18.227867,17.850990,17.797005,17.922905,18.209953,18.102425,18.245766,17.994759,18.012718,18.388855,18.156204,18.281563,18.209953,18.048607,17.850990,18.335236,18.227867,18.370995,18.620857,18.388855,18.531708,18.531708,18.549545,18.424599,18.424599,18.674309,18.496017,18.603035,18.638680,18.496017,18.674309,18.603035,18.798882,19.047462,18.674309,18.745514,18.781090,18.781090,19.206863,19.224541,18.745514,19.383614,18.834435,18.638680,19.171471,19.348289,19.029732,19.436554,19.542351,19.312950,18.941017,18.976524,19.259926,19.100624,18.781090,19.136055,18.869980,19.189156,19.295280,19.206863,19.082909,19.242241,19.454201,19.189156,19.029732,18.976524,18.941017,19.401253,19.365944,19.206863,19.665596,19.383614,19.454201,19.630394,19.136055,19.295280,19.277603,19.630394,19.242241,19.277603,19.471832,19.171471,19.259926,19.242241,19.312950,19.524719,19.401253,18.869980,18.852211,18.976524,19.118340,18.798882,19.011993,18.549545,19.047462,18.656494,18.905502,18.941017,19.011993,18.905502,18.798882,18.887749,19.242241,18.745514,18.709923,18.994255,18.834435,19.082909,19.171471,18.869980,18.692123,18.887749,19.011993,18.745514,18.816666,19.082909,19.206863,18.887749,18.958771,19.136055,18.852211,18.941017,18.958771,18.709923,18.816666,18.798882,19.136055,18.923264,19.136055,18.941017,18.727722,18.905502,19.011993,18.923264,19.011993,18.834435,18.976524,18.549545,18.549545,18.709923,18.674309,18.281563,18.478165,19.100624,18.209953,18.388855,18.674309,18.335236,18.317345,18.245766,18.406731,18.424599,18.370995,18.084496,17.940880,18.048607,18.567383,17.994759,18.030663,17.958839,17.994759,18.263664,17.761002,17.634865,17.976807,17.490471,18.120361,18.496017,17.868965,18.192039,18.513863,18.048607,18.012718,17.724983,18.084496,17.904930,18.227867,17.670921,17.850990,17.634865,17.833000,17.850990,18.138290,17.454338,17.904930,17.526596,17.833000,17.724983,18.012718,17.886955,17.706970,18.192039,18.138290,18.048607,17.868965,17.706970,17.940880,17.562698,18.174133,17.815002,17.994759,17.670921,17.779015,18.048607,17.815002,17.868965,18.406731,17.472412,18.066551,17.580750,17.634865,18.084496,18.192039,17.868965,17.886955,18.102425,18.066551,17.797005,17.994759,17.886955,18.066551,17.868965,18.030663,18.084496,17.797005,17.670921,17.976807,17.886955,18.335236,17.940880,17.472412,18.353111,18.048607,18.102425,18.048607,18.281563,17.904930,18.102425,18.066551,18.102425,17.886955,17.994759,18.317345,18.102425,18.406731,18.084496,17.886955,18.549545,17.742996,18.174133,18.066551,18.012718,18.102425,18.120361,18.317345,18.084496,18.120361,18.299454,18.192039,17.688942,17.761002,18.709923,17.850990,17.850990,17.994759,17.688942,17.797005,17.706970,18.156204,17.850990,17.652901,17.652901,17.994759,17.724983,17.526596,17.797005,17.742996,17.490471,17.634865,17.436272,17.598785,17.291534,17.940880,18.084496,17.616829,18.120361,17.634865,17.706970,18.138290,17.761002,17.706970,17.237198,17.706970,17.400101,17.868965,16.983162,17.688942,17.363930,17.580750,17.508537,17.237198,17.544655,17.237198,17.652901,17.363930,17.255310,17.363930,17.580750,17.327736,17.436272,17.345833,17.237198,17.670921,17.418190,17.454338,17.706970,17.110275,17.472412,17.073982,17.580750,17.544655,17.092117,17.345833,17.363930,17.363930,17.454338,17.598785,17.544655,17.291534,17.055817,16.637184,17.073982,16.764816,17.200951,17.472412,17.073982,17.436272,17.128418,17.055817,16.728371,17.073982,17.345833,17.055817,17.219078,17.037659,17.309639,16.783035,16.801247,17.309639,16.801247,17.146553,16.728371,17.400101,16.710136,16.928627,16.892258,16.819458,17.055817,16.910439,17.110275,16.673668,16.728371,17.037659,16.892258,16.655434,17.110275,17.544655,16.783035,16.746590,16.892258,16.928627,16.892258,16.527649,16.964989,16.892258,16.637184,16.179840,17.345833,16.710136,16.161499,16.837654,16.618950,16.728371,16.253181,16.491104,16.564171,16.014603,15.590912,16.417961,16.032974,16.106438,16.106438,16.179840,15.959457,15.941071,16.527649,15.996223,15.885872,15.738518,15.590912,15.756950,15.590912,15.572441,15.535500,15.202286,14.662788,15.035194,14.905037,15.016617,15.202286,14.830566,14.886414,15.128059,14.476006,15.406059,15.885872,15.109489,15.220818,14.905037,15.332008,15.313492,15.220818,14.606796,15.424561,15.090919,15.109489,15.332008,15.664742,14.979439,14.905037,15.220818,15.332008,15.313492,15.090919,15.294960,14.942238,14.979439,14.923637,15.977844,14.213860,15.553970,14.307571,14.569450,14.513397,14.998024,14.737404,15.239365,14.270103,14.737404,15.294960,14.326302,14.363747,14.251350,14.026146,14.007355,12.701340,
15.572441,15.683197,16.106438,15.535500,16.032974,16.783035,15.904274,15.996223,15.830643,15.812218,16.289825,16.051353,15.756950,15.793800,15.977844,16.161499,16.106438,15.775375,15.720085,16.253181,15.775375,16.673668,15.775375,16.436256,16.783035,16.032974,16.069710,16.088081,16.436256,16.454536,15.959457,16.527649,16.892258,16.289825,16.545914,16.746590,16.691910,16.216530,16.910439,16.106438,16.363075,16.582436,16.527649,15.904274,16.509377,16.326462,17.182823,16.253181,16.417961,16.527649,16.764816,16.746590,16.527649,16.161499,16.600693,16.454536,16.454536,15.904274,16.399666,16.527649,15.922668,16.855865,16.691910,16.910439,16.764816,17.001335,16.600693,16.673668,16.216530,16.472824,16.655434,16.637184,16.874062,16.545914,16.837654,16.454536,16.637184,16.710136,16.673668,16.819458,16.746590,16.892258,16.801247,16.454536,16.637184,16.710136,16.710136,16.783035,16.837654,16.509377,17.219078,16.728371,16.928627,16.691910,17.001335,16.946808,16.855865,16.472824,17.110275,16.983162,16.928627,16.746590,16.837654,17.037659,17.019493,17.037659,17.092117,17.037659,17.037659,16.618950,17.055817,16.910439,16.964989,16.983162,17.508537,16.946808,17.200951,16.746590,17.291534,17.182823,17.363930,17.309639,16.527649,16.874062,16.892258,16.837654,17.255310,17.255310,17.037659,16.910439,17.146553,16.910439,17.037659,17.182823,17.255310,17.146553,17.273430,17.273430,17.037659,17.073982,17.327736,16.946808,17.598785,17.037659,17.182823,17.037659,17.327736,17.237198,17.110275,17.526596,17.237198,17.237198,17.146553,17.146553,16.874062,17.454338,17.562698,16.819458,17.237198,17.092117,17.508537,16.691910,17.146553,16.874062,17.363930,17.273430,17.454338,17.761002,17.616829,17.345833,17.815002,17.436272,17.616829,17.526596,17.526596,17.688942,17.797005,17.670921,18.066551,17.706970,18.406731,17.833000,18.174133,18.263664,18.084496,18.227867,18.084496,18.192039,18.299454,18.174133,18.263664,18.424599,18.549545,18.299454,18.245766,18.531708,18.388855,18.299454,18.335236,18.299454,18.674309,18.549545,18.496017,18.709923,18.370995,18.513863,18.709923,18.798882,18.549545,18.424599,18.549545,18.852211,18.798882,18.638680,18.923264,18.709923,18.976524,18.709923,18.869980,19.330627,18.745514,19.011993,19.136055,19.224541,18.941017,18.994255,18.905502,19.047462,19.224541,18.941017,19.259926,19.471832,19.242241,19.136055,18.976524,18.905502,19.418907,18.994255,18.887749,18.816666,19.224541,19.330627,19.277603,18.994255,19.312950,19.277603,19.489464,19.100624,19.489464,19.559967,19.312950,19.047462,19.401253,19.242241,19.524719,19.295280,19.436554,19.171471,19.330627,19.189156,19.542351,19.153755,19.082909,19.383614,19.206863,19.259926,19.206863,19.365944,19.383614,19.047462,19.065178,19.577583,19.189156,19.206863,19.454201,18.905502,19.065178,18.798882,18.994255,18.603035,18.478165,18.496017,19.171471,19.065178,18.905502,18.763306,18.834435,19.029732,19.348289,18.531708,19.312950,18.816666,19.224541,18.905502,19.171471,19.029732,19.242241,18.887749,18.709923,19.082909,19.029732,19.011993,18.834435,19.082909,18.798882,19.136055,18.727722,19.242241,19.065178,18.958771,19.011993,19.206863,19.206863,19.454201,18.923264,18.905502,19.259926,18.887749,19.189156,18.994255,18.478165,19.011993,18.994255,18.976524,18.745514,18.513863,18.567383,18.745514,18.245766,18.638680,18.478165,18.263664,18.209953,18.335236,18.317345,18.299454,18.406731,18.513863,18.209953,17.833000,17.850990,17.436272,17.904930,17.797005,17.868965,17.958839,17.886955,18.174133,17.833000,18.388855,18.227867,17.436272,17.652901,18.120361,17.815002,17.797005,18.263664,18.120361,17.940880,18.245766,17.706970,17.652901,17.670921,17.291534,18.030663,17.958839,17.634865,17.688942,18.084496,18.263664,18.012718,18.353111,18.192039,18.281563,18.066551,17.833000,17.761002,17.724983,18.567383,18.012718,18.120361,18.460312,17.490471,17.833000,18.335236,17.652901,17.904930,17.940880,17.526596,18.084496,17.815002,17.815002,17.850990,18.281563,17.850990,18.066551,17.940880,17.886955,17.904930,17.976807,18.030663,18.012718,17.833000,18.084496,17.940880,17.922905,18.156204,18.156204,18.066551,17.616829,17.724983,18.066551,17.904930,18.245766,18.227867,17.436272,17.886955,17.562698,17.922905,18.370995,18.012718,18.156204,18.424599,18.138290,18.192039,18.370995,17.976807,18.388855,18.460312,18.102425,18.424599,17.886955,18.317345,18.138290,18.030663,17.976807,18.174133,18.245766,18.263664,18.478165,18.674309,17.868965,18.174133,18.317345,18.048607,17.815002,18.227867,17.994759,17.922905,18.084496,18.120361,17.833000,18.120361,18.245766,17.922905,17.886955,18.012718,17.562698,18.174133,17.976807,18.227867,17.436272,17.797005,17.472412,17.994759,17.454338,17.779015,17.779015,17.688942,17.400101,17.688942,18.174133,17.850990,17.598785,17.652901,17.976807,17.634865,17.850990,17.345833,17.779015,17.761002,17.797005,17.598785,17.345833,17.688942,17.562698,17.616829,17.382019,17.779015,17.200951,17.164696,17.309639,17.490471,17.309639,17.472412,17.598785,17.400101,17.273430,17.418190,17.761002,17.508537,17.454338,17.092117,17.345833,17.400101,17.418190,17.652901,17.815002,17.309639,17.382019,17.598785,16.855865,17.724983,17.616829,17.598785,16.946808,17.273430,17.255310,17.544655,17.436272,17.472412,16.819458,17.400101,17.164696,17.164696,16.746590,17.291534,16.728371,17.055817,16.892258,17.200951,16.946808,17.327736,17.092117,17.128418,17.146553,16.819458,17.110275,17.200951,17.073982,17.146553,16.946808,16.655434,17.670921,16.545914,17.652901,16.964989,17.128418,17.001335,17.255310,17.182823,17.164696,17.418190,17.382019,17.073982,17.255310,17.037659,16.819458,16.764816,17.436272,17.092117,16.746590,16.801247,16.928627,16.417961,16.964989,16.436256,16.618950,16.326462,16.344765,16.417961,16.179840,15.996223,16.216530,16.253181,15.996223,16.527649,15.959457,16.819458,16.399666,16.106438,15.885872,16.124794,16.234848,15.701637,16.564171,15.443062,15.480049,15.239365,14.923637,14.998024,14.942238,14.905037,14.998024,15.294960,15.146614,15.109489,14.830566,15.053780,15.517014,15.183723,14.700096,15.332008,15.369041,15.035194,15.109489,15.053780,15.535500,15.553970,15.202286,15.701637,14.569450,15.053780,15.220818,15.406059,15.035194,15.220818,15.701637,14.737404,14.101280,15.424561,15.276436,14.662788,15.257896,15.294960,14.849190,14.942238,14.382469,15.332008,14.326302,14.120049,14.532082,14.737404,14.718750,14.345024,14.849190,14.101280,13.969765,13.536285,12.948814,
15.239365,15.977844,16.051353,15.701637,16.014603,15.812218,16.198189,15.922668,16.253181,15.424561,16.069710,15.941071,16.124794,15.664742,16.234848,16.179840,15.941071,15.553970,16.234848,16.436256,16.417961,16.069710,16.124794,16.381371,16.051353,16.399666,16.143143,15.996223,15.959457,16.308144,16.069710,16.088081,16.069710,16.344765,16.308144,16.106438,16.399666,16.801247,16.381371,16.124794,16.491104,15.959457,16.436256,16.253181,16.783035,16.764816,16.381371,16.289825,16.928627,16.326462,16.564171,16.216530,16.673668,16.344765,16.691910,16.527649,16.582436,17.019493,16.527649,16.728371,16.326462,16.691910,16.673668,16.032974,16.545914,16.014603,16.655434,16.964989,16.216530,16.326462,16.069710,16.710136,17.019493,16.363075,16.509377,16.326462,16.728371,16.289825,16.946808,16.764816,16.783035,16.417961,17.200951,16.618950,16.874062,16.710136,16.655434,16.746590,16.946808,16.964989,17.146553,16.344765,16.892258,16.618950,16.801247,16.946808,16.983162,16.728371,16.946808,17.200951,16.874062,16.801247,17.164696,17.001335,16.874062,17.237198,16.983162,17.055817,16.801247,16.855865,16.874062,17.001335,17.400101,16.910439,16.874062,16.946808,17.255310,16.783035,17.037659,17.454338,17.544655,17.400101,17.237198,16.801247,17.092117,16.983162,17.092117,17.037659,17.037659,17.345833,17.273430,17.526596,16.983162,17.200951,17.688942,17.273430,17.110275,16.928627,17.291534,17.544655,17.073982,16.983162,17.309639,16.964989,17.526596,17.128418,17.544655,17.418190,17.363930,17.164696,17.200951,17.001335,17.200951,16.946808,16.673668,17.110275,17.182823,16.855865,17.182823,17.164696,17.146553,17.472412,17.508537,17.092117,17.418190,17.580750,17.128418,17.382019,17.706970,17.382019,17.219078,17.508537,17.508537,17.490471,17.472412,17.868965,17.850990,18.281563,17.688942,17.724983,17.922905,17.670921,18.335236,18.084496,17.724983,18.209953,17.958839,18.388855,18.478165,18.281563,18.353111,18.209953,18.478165,18.066551,18.567383,18.084496,18.531708,18.424599,18.012718,18.138290,18.460312,18.460312,18.102425,18.299454,18.531708,18.478165,18.388855,18.603035,18.692123,18.745514,18.603035,18.692123,18.745514,18.816666,18.692123,18.638680,19.189156,18.887749,19.259926,18.905502,19.365944,18.994255,18.958771,19.242241,19.259926,19.242241,19.542351,19.295280,19.418907,19.648003,19.383614,19.648003,19.118340,19.436554,19.524719,19.542351,19.806221,19.029732,19.383614,19.295280,19.542351,19.401253,19.383614,19.277603,19.365944,19.295280,19.295280,19.242241,19.365944,19.153755,19.295280,19.436554,19.753517,19.295280,19.577583,19.436554,19.841331,19.401253,19.383614,19.665596,19.206863,19.259926,19.383614,19.436554,19.259926,19.471832,19.788658,19.577583,19.648003,19.242241,18.994255,19.753517,19.118340,19.471832,19.082909,19.806221,19.100624,19.118340,19.136055,19.047462,19.436554,19.136055,19.471832,19.118340,18.834435,18.834435,19.118340,19.011993,19.224541,19.100624,19.383614,19.206863,19.100624,18.958771,19.436554,19.295280,19.365944,18.941017,18.834435,19.100624,19.224541,19.136055,19.153755,19.365944,18.763306,19.136055,19.118340,18.745514,19.029732,19.065178,19.065178,19.136055,19.277603,19.118340,19.259926,18.869980,19.436554,18.994255,19.065178,18.852211,19.118340,18.958771,18.923264,18.834435,18.745514,18.941017,18.763306,18.994255,18.620857,18.656494,18.656494,18.335236,18.245766,18.620857,18.478165,18.281563,17.958839,18.674309,18.048607,18.102425,18.263664,17.706970,18.030663,17.490471,17.886955,17.994759,18.335236,17.815002,18.012718,18.066551,17.616829,17.904930,17.886955,17.724983,17.958839,17.742996,17.922905,17.652901,17.976807,17.940880,18.245766,17.904930,18.156204,17.886955,18.012718,18.156204,17.779015,17.940880,18.209953,17.724983,18.030663,17.940880,17.958839,17.797005,18.084496,18.227867,17.634865,18.102425,18.012718,17.815002,17.994759,17.904930,17.779015,18.066551,18.156204,18.012718,17.797005,17.815002,18.174133,18.120361,18.317345,17.994759,18.245766,17.868965,18.245766,17.958839,18.120361,17.815002,18.353111,18.299454,17.886955,17.940880,17.958839,17.994759,18.156204,17.670921,17.940880,17.616829,18.531708,17.706970,17.706970,18.102425,18.227867,18.048607,17.797005,18.102425,18.567383,18.424599,18.638680,18.245766,18.227867,17.994759,17.779015,18.209953,18.335236,18.353111,17.994759,18.138290,18.281563,18.299454,18.353111,18.299454,18.263664,18.120361,18.370995,18.353111,18.406731,18.048607,18.084496,18.709923,17.922905,18.084496,17.868965,18.102425,18.388855,18.263664,18.048607,18.281563,18.102425,18.156204,18.496017,17.904930,18.227867,17.850990,18.048607,17.850990,18.174133,17.724983,18.406731,18.353111,17.688942,17.526596,17.670921,18.012718,17.904930,17.815002,18.102425,17.598785,17.994759,18.281563,17.382019,17.652901,17.940880,18.084496,17.634865,18.263664,17.904930,17.634865,17.922905,17.363930,17.418190,17.742996,17.634865,17.580750,17.779015,16.910439,17.815002,17.580750,17.706970,17.797005,17.670921,17.706970,17.544655,17.327736,17.363930,17.616829,17.922905,17.779015,17.219078,17.219078,17.309639,17.255310,17.273430,17.706970,17.652901,17.833000,17.200951,17.200951,17.688942,17.706970,17.454338,17.273430,17.255310,17.182823,17.273430,17.382019,18.084496,17.706970,16.600693,17.037659,16.964989,17.200951,17.345833,17.526596,17.110275,17.544655,17.472412,16.983162,17.128418,17.472412,17.363930,17.182823,17.164696,17.363930,16.946808,17.418190,17.327736,17.255310,17.073982,17.182823,17.092117,17.128418,17.291534,17.073982,17.146553,16.928627,17.255310,16.983162,16.892258,17.345833,17.219078,16.691910,17.688942,17.128418,17.073982,17.400101,17.237198,16.983162,16.855865,16.491104,17.019493,16.928627,16.783035,16.874062,16.691910,16.783035,16.253181,16.491104,16.454536,16.582436,16.509377,16.564171,16.910439,16.289825,16.545914,16.032974,15.959457,16.198189,16.088081,15.775375,16.289825,14.998024,16.143143,15.498535,15.701637,15.517014,15.646294,15.239365,15.220818,15.239365,14.718750,14.718750,15.220818,14.606796,14.960838,14.737404,14.811943,15.332008,15.072350,15.202286,15.109489,15.035194,15.072350,14.960838,14.867805,15.683197,14.774681,15.090919,15.812218,14.718750,14.438606,15.035194,15.313492,14.774681,15.590912,14.811943,15.202286,15.053780,14.979439,15.387550,15.053780,14.979439,15.350533,14.849190,15.035194,14.998024,14.756035,15.220818,15.072350,15.313492,14.774681,14.830566,14.345024,14.513397,14.082504,14.419891,14.232613,14.494698,14.363747,13.157700,
15.535500,15.904274,15.664742,15.885872,15.996223,15.849052,16.454536,15.627831,15.572441,15.977844,15.996223,15.996223,15.720085,15.332008,16.436256,15.977844,16.143143,16.417961,15.646294,16.363075,15.867470,16.106438,16.234848,15.922668,15.885872,15.867470,16.454536,15.609375,16.106438,15.756950,16.399666,16.032974,16.527649,15.941071,16.910439,16.234848,16.271500,16.326462,16.710136,16.308144,16.253181,16.491104,16.454536,16.509377,16.545914,16.234848,16.746590,17.001335,16.673668,16.253181,16.637184,16.143143,16.819458,16.618950,16.582436,16.710136,16.655434,16.454536,16.673668,16.837654,16.436256,16.874062,16.710136,16.069710,16.746590,16.637184,16.326462,15.849052,16.946808,16.179840,16.928627,16.783035,16.983162,16.436256,16.819458,16.691910,16.545914,16.837654,16.655434,16.637184,16.673668,16.527649,17.055817,17.219078,16.491104,16.545914,16.582436,16.746590,16.783035,16.783035,16.801247,17.001335,16.964989,16.983162,16.655434,17.073982,16.801247,16.837654,16.710136,17.128418,16.564171,16.964989,16.783035,16.673668,17.400101,17.073982,16.710136,17.146553,17.037659,16.637184,16.983162,17.073982,16.509377,16.637184,17.273430,16.874062,16.637184,17.055817,16.655434,16.892258,17.092117,17.073982,17.291534,17.146553,17.128418,17.237198,17.092117,17.200951,17.454338,17.019493,17.200951,17.055817,16.837654,17.219078,17.055817,16.928627,17.019493,17.146553,17.200951,17.200951,17.526596,16.892258,17.128418,16.801247,17.670921,16.801247,17.019493,17.092117,17.182823,16.564171,17.490471,17.092117,17.182823,16.964989,17.291534,17.345833,17.345833,17.436272,16.819458,17.327736,17.580750,17.309639,17.110275,17.490471,17.400101,17.382019,17.526596,17.146553,17.472412,17.526596,17.706970,17.490471,17.580750,17.815002,17.670921,17.850990,17.868965,17.688942,18.048607,18.138290,17.958839,17.850990,18.102425,17.634865,18.174133,18.299454,18.174133,18.012718,18.030663,18.406731,18.227867,18.084496,18.513863,18.460312,17.940880,18.388855,18.174133,18.281563,18.567383,18.745514,18.567383,18.763306,18.299454,18.353111,18.388855,18.923264,18.531708,18.958771,18.905502,18.976524,19.029732,18.513863,18.994255,18.994255,18.976524,18.709923,19.100624,19.206863,19.153755,19.065178,18.887749,19.401253,19.118340,18.531708,19.365944,19.242241,19.436554,19.224541,19.454201,19.224541,19.330627,19.454201,19.189156,19.489464,19.471832,19.735939,19.683189,19.118340,19.348289,19.489464,19.559967,19.100624,19.383614,19.136055,19.348289,19.753517,19.312950,19.065178,19.630394,19.136055,19.330627,19.295280,19.489464,19.507095,19.401253,19.630394,19.542351,19.753517,19.259926,19.612793,19.612793,19.507095,19.471832,19.153755,19.383614,19.418907,19.735939,19.436554,19.542351,19.471832,19.665596,19.648003,19.383614,19.454201,19.365944,19.189156,19.401253,19.100624,19.082909,19.436554,19.648003,19.383614,19.153755,19.011993,19.136055,19.136055,19.577583,18.923264,18.976524,19.471832,19.189156,19.436554,19.153755,18.923264,19.118340,19.100624,19.612793,19.029732,19.224541,19.489464,19.295280,18.923264,19.454201,19.242241,19.242241,18.869980,19.630394,18.905502,19.418907,19.224541,19.242241,19.259926,18.869980,19.029732,18.869980,19.118340,19.011993,19.047462,18.941017,19.401253,19.189156,18.852211,18.941017,19.100624,19.011993,19.011993,18.923264,18.745514,18.709923,18.531708,18.745514,18.834435,18.567383,18.138290,18.048607,18.388855,18.263664,17.976807,18.120361,17.706970,17.779015,18.120361,17.779015,18.084496,18.102425,17.742996,17.976807,17.815002,18.084496,17.904930,17.958839,17.562698,17.904930,17.634865,17.815002,17.940880,17.833000,17.922905,17.815002,18.513863,17.761002,17.724983,18.156204,17.761002,17.797005,17.797005,18.120361,17.652901,17.850990,18.174133,18.245766,18.066551,17.652901,18.030663,18.317345,17.868965,18.335236,18.030663,17.815002,17.958839,17.850990,18.424599,18.245766,17.904930,17.994759,17.958839,18.066551,18.192039,17.598785,18.138290,18.263664,17.761002,17.670921,18.066551,18.138290,17.940880,17.868965,17.779015,18.120361,17.706970,18.066551,17.652901,17.922905,18.209953,17.904930,18.227867,18.048607,17.544655,17.904930,17.797005,17.994759,17.868965,17.904930,17.472412,18.442459,18.335236,17.922905,18.478165,18.048607,18.245766,18.317345,18.102425,17.940880,18.620857,18.388855,17.850990,18.102425,18.335236,18.156204,18.299454,18.209953,18.227867,18.370995,18.138290,18.174133,18.156204,18.567383,18.209953,18.353111,17.904930,17.904930,17.886955,18.192039,18.012718,17.994759,18.174133,18.424599,18.353111,18.066551,17.886955,17.833000,18.460312,17.850990,17.815002,17.761002,17.490471,18.138290,17.833000,18.084496,17.634865,18.209953,17.490471,17.904930,17.833000,18.048607,18.102425,17.472412,17.526596,17.418190,17.797005,17.580750,18.263664,17.904930,17.363930,17.994759,17.580750,17.724983,17.634865,17.833000,17.724983,17.779015,17.164696,17.472412,17.815002,17.345833,17.363930,17.850990,17.634865,17.850990,17.526596,17.670921,17.815002,17.400101,18.084496,17.868965,17.742996,17.562698,17.237198,17.580750,17.490471,18.048607,17.616829,17.382019,17.400101,17.219078,17.670921,17.850990,17.526596,17.779015,17.797005,17.327736,17.490471,17.868965,17.382019,17.688942,17.598785,17.418190,17.219078,16.983162,17.200951,17.580750,17.526596,17.200951,17.309639,17.472412,16.655434,17.255310,17.797005,17.490471,16.855865,17.092117,17.146553,17.219078,17.037659,16.928627,17.526596,17.019493,17.634865,17.255310,17.073982,17.237198,17.200951,17.454338,17.128418,17.200951,17.345833,17.001335,17.454338,17.237198,17.055817,17.164696,17.255310,17.562698,17.237198,17.001335,17.237198,17.508537,17.382019,16.527649,16.801247,17.092117,16.964989,17.001335,16.801247,16.928627,16.491104,16.527649,16.618950,16.983162,16.216530,16.582436,16.509377,16.728371,16.983162,16.198189,16.564171,17.073982,16.564171,16.106438,16.179840,16.088081,16.509377,15.830643,15.553970,15.922668,15.885872,15.257896,15.498535,15.498535,15.922668,15.165176,14.960838,15.350533,14.700096,15.183723,15.128059,14.979439,14.457298,14.923637,14.419891,14.905037,15.165176,15.016617,14.942238,14.942238,15.165176,15.294960,14.905037,14.923637,15.609375,15.313492,14.998024,15.128059,15.090919,14.811943,15.109489,14.942238,14.345024,15.369041,14.849190,14.830566,14.849190,15.498535,14.700096,14.960838,15.313492,15.053780,14.606796,15.165176,14.569450,15.202286,14.588127,14.382469,14.476006,14.270103,14.644127,14.063721,13.819221,13.479599,12.967819,
15.109489,15.683197,15.977844,15.590912,16.088081,15.369041,16.216530,15.738518,15.756950,15.756950,15.812218,15.535500,16.014603,15.775375,16.106438,16.014603,15.867470,16.216530,15.941071,15.812218,16.344765,16.344765,16.344765,16.308144,16.234848,16.014603,15.996223,16.326462,16.216530,16.069710,16.032974,16.363075,16.143143,16.928627,16.381371,16.069710,16.691910,16.363075,16.179840,16.289825,16.417961,16.308144,16.509377,15.996223,16.106438,16.381371,17.001335,16.600693,16.179840,16.179840,16.289825,16.143143,16.308144,16.710136,16.783035,16.600693,16.124794,16.491104,16.454536,16.032974,16.582436,16.198189,16.234848,16.472824,16.253181,16.491104,16.783035,16.234848,16.582436,16.509377,16.783035,16.399666,16.253181,16.253181,16.655434,16.417961,16.179840,16.618950,17.273430,16.637184,16.527649,16.564171,16.545914,16.783035,16.764816,16.564171,16.600693,16.545914,16.819458,16.746590,16.326462,16.764816,17.019493,16.454536,16.801247,16.837654,16.855865,16.910439,17.219078,16.600693,17.164696,16.691910,16.764816,17.200951,16.582436,16.819458,16.892258,16.710136,16.964989,16.308144,17.146553,16.783035,16.928627,16.874062,17.418190,16.801247,16.691910,16.545914,16.874062,16.910439,16.910439,17.182823,17.037659,17.037659,16.691910,17.182823,17.037659,17.237198,17.200951,16.892258,17.128418,17.327736,17.146553,16.983162,17.073982,17.200951,17.092117,17.019493,16.892258,17.182823,17.037659,16.910439,17.110275,17.055817,17.146553,16.928627,17.055817,17.237198,17.019493,16.600693,17.037659,17.092117,17.616829,16.655434,17.037659,17.092117,17.562698,17.092117,17.526596,17.037659,17.219078,17.146553,17.345833,16.983162,17.490471,17.200951,17.037659,17.616829,18.174133,17.382019,17.418190,16.928627,17.291534,17.850990,17.345833,17.833000,17.580750,17.309639,17.616829,18.030663,18.192039,18.030663,18.120361,18.478165,18.209953,18.281563,18.138290,18.388855,17.976807,18.281563,17.815002,18.353111,18.174133,18.102425,17.976807,18.442459,18.066551,18.442459,18.245766,18.603035,18.620857,18.370995,18.727722,18.620857,18.513863,18.638680,18.781090,19.189156,18.478165,18.585213,19.011993,18.496017,19.224541,18.994255,19.171471,18.709923,18.941017,18.994255,19.330627,19.189156,19.065178,19.206863,19.454201,19.153755,19.365944,19.029732,19.454201,19.312950,19.893990,19.206863,19.524719,19.348289,19.683189,19.436554,19.348289,19.471832,19.753517,19.595184,19.771080,19.365944,19.330627,19.189156,19.418907,19.454201,19.383614,19.100624,19.683189,19.401253,19.542351,19.718353,19.153755,19.718353,19.683189,19.418907,19.524719,19.189156,19.718353,19.507095,19.436554,19.418907,19.559967,19.206863,19.753517,19.471832,19.489464,19.489464,19.630394,19.559967,19.806221,19.401253,19.348289,19.823784,19.595184,19.454201,19.418907,19.312950,19.330627,19.401253,19.259926,18.887749,19.348289,19.065178,19.454201,19.189156,19.383614,19.259926,19.065178,19.224541,19.348289,19.242241,19.665596,18.994255,19.383614,19.365944,18.887749,18.958771,19.559967,19.153755,19.277603,19.454201,19.383614,19.330627,19.047462,19.259926,19.153755,18.620857,18.923264,19.065178,19.259926,19.189156,19.136055,19.153755,19.542351,19.312950,18.692123,19.206863,19.029732,19.665596,18.798882,19.295280,19.295280,18.976524,19.047462,18.852211,19.029732,18.549545,19.011993,18.585213,18.798882,18.692123,18.585213,18.424599,18.603035,18.192039,18.227867,18.496017,18.567383,18.227867,18.335236,18.120361,17.706970,17.670921,17.815002,18.102425,17.797005,17.976807,17.994759,17.904930,17.815002,18.066551,17.868965,17.526596,17.958839,17.922905,17.833000,17.958839,17.958839,18.084496,18.335236,17.345833,17.688942,17.724983,17.886955,17.454338,18.030663,18.066551,17.652901,18.048607,17.634865,17.886955,17.598785,18.138290,18.567383,17.815002,17.652901,17.724983,17.922905,17.904930,17.742996,17.652901,17.706970,17.958839,17.940880,17.616829,18.478165,17.815002,17.886955,17.904930,17.670921,18.120361,17.724983,17.994759,18.048607,17.922905,17.850990,18.102425,18.066551,18.263664,17.994759,18.209953,18.263664,17.850990,18.192039,17.940880,17.850990,17.797005,18.209953,17.670921,18.048607,18.012718,17.958839,18.030663,18.263664,18.138290,17.904930,17.562698,17.706970,17.886955,18.138290,17.958839,18.478165,18.084496,18.066551,18.156204,18.209953,18.156204,18.156204,18.478165,18.299454,17.922905,18.192039,18.317345,18.317345,18.513863,18.174133,18.138290,18.048607,18.281563,18.496017,17.994759,17.670921,18.638680,18.084496,18.084496,18.138290,17.815002,18.156204,18.012718,17.940880,17.958839,17.761002,18.012718,18.281563,17.688942,18.102425,17.436272,18.353111,17.526596,18.370995,17.886955,17.976807,17.724983,17.490471,17.779015,17.958839,18.012718,18.245766,17.976807,17.797005,17.688942,17.922905,17.815002,18.048607,17.868965,17.562698,17.598785,17.868965,17.706970,17.886955,17.958839,17.779015,17.797005,17.904930,17.868965,17.958839,17.562698,17.742996,17.562698,17.309639,17.833000,17.922905,17.742996,17.922905,17.562698,17.400101,17.182823,17.454338,17.797005,17.634865,17.490471,17.508537,17.490471,17.526596,17.779015,17.850990,17.797005,17.616829,18.012718,17.833000,17.670921,17.327736,17.436272,17.562698,17.526596,17.454338,17.182823,17.164696,17.508537,17.454338,17.164696,17.580750,17.092117,17.382019,17.779015,17.019493,17.146553,17.327736,17.454338,17.724983,17.092117,17.544655,17.200951,17.508537,17.037659,17.309639,17.291534,17.219078,18.066551,17.544655,17.255310,17.490471,16.928627,17.598785,17.055817,17.255310,17.200951,17.255310,17.363930,17.904930,17.490471,17.309639,17.634865,17.291534,17.001335,17.670921,17.200951,17.309639,17.019493,17.219078,16.892258,17.219078,16.892258,16.819458,16.928627,16.618950,16.819458,16.582436,16.491104,16.582436,16.655434,16.746590,16.527649,16.454536,16.673668,16.491104,16.637184,16.289825,16.582436,16.946808,16.088081,16.344765,16.179840,16.088081,15.793800,15.922668,15.775375,15.941071,15.369041,14.960838,14.588127,15.480049,14.588127,14.606796,14.494698,15.239365,14.550774,15.257896,15.350533,14.811943,15.072350,14.923637,14.811943,15.146614,14.867805,14.979439,14.960838,14.905037,14.419891,14.979439,15.332008,14.644127,15.220818,15.016617,15.090919,14.494698,14.942238,15.165176,14.756035,15.109489,15.165176,14.886414,15.165176,14.849190,15.294960,14.550774,14.942238,15.202286,15.053780,15.035194,14.662788,14.513397,14.718750,14.569450,14.345024,14.774681,14.138817,13.460693,14.419891,14.063721,13.024826,
15.276436,15.885872,15.812218,15.609375,15.424561,15.849052,15.424561,15.443062,15.646294,16.106438,15.812218,15.720085,15.922668,15.517014,15.627831,15.443062,15.313492,16.088081,15.720085,15.922668,15.996223,16.106438,16.381371,15.701637,16.363075,15.553970,16.179840,15.683197,16.344765,15.276436,16.161499,16.344765,15.830643,15.977844,16.326462,16.179840,15.959457,15.830643,16.436256,16.106438,16.326462,16.399666,16.509377,16.088081,16.179840,16.746590,15.812218,16.344765,16.088081,16.399666,16.509377,16.051353,16.564171,16.198189,16.198189,16.363075,16.655434,15.775375,16.454536,16.143143,16.801247,16.564171,16.417961,16.143143,16.673668,16.509377,16.710136,16.032974,16.783035,16.436256,16.600693,16.509377,16.618950,16.381371,16.417961,16.234848,16.964989,16.234848,16.618950,16.527649,16.436256,16.545914,16.564171,16.527649,16.308144,16.801247,16.892258,16.417961,16.344765,16.545914,16.855865,16.655434,16.655434,16.746590,16.436256,16.363075,16.819458,16.234848,17.073982,16.764816,16.801247,16.910439,16.618950,16.819458,16.655434,16.655434,16.855865,16.764816,16.764816,17.146553,16.837654,16.582436,16.783035,16.801247,16.746590,16.564171,17.255310,16.874062,17.037659,16.746590,17.001335,16.892258,16.910439,16.783035,16.837654,16.746590,16.946808,17.146553,16.964989,16.746590,16.801247,17.255310,17.219078,16.691910,17.073982,17.182823,17.454338,17.092117,16.964989,17.164696,17.037659,16.600693,17.128418,17.164696,16.910439,16.564171,17.146553,17.128418,17.146553,17.073982,17.436272,17.001335,16.964989,16.764816,17.073982,16.655434,17.128418,17.291534,17.146553,16.946808,16.582436,17.634865,16.892258,17.309639,17.652901,17.309639,17.237198,17.164696,17.922905,17.652901,17.616829,17.706970,17.634865,17.616829,17.706970,17.670921,17.670921,17.958839,17.868965,17.761002,17.815002,18.048607,18.531708,18.156204,18.317345,18.585213,18.156204,18.353111,18.335236,18.048607,18.066551,18.209953,18.424599,17.868965,18.227867,18.496017,18.209953,18.478165,18.816666,18.263664,18.816666,18.923264,18.674309,18.620857,18.745514,18.603035,19.029732,18.656494,18.941017,18.905502,18.656494,18.834435,19.383614,18.709923,19.542351,18.798882,19.436554,19.047462,19.171471,18.976524,19.683189,19.259926,19.418907,19.383614,19.648003,19.348289,19.065178,19.418907,19.665596,19.612793,19.471832,19.082909,19.507095,19.858894,19.524719,19.418907,19.612793,19.401253,19.365944,19.418907,19.365944,19.224541,19.524719,19.454201,19.841331,19.577583,19.683189,19.542351,19.876450,19.471832,19.542351,19.630394,19.964127,19.507095,19.454201,19.471832,19.365944,19.683189,19.858894,19.630394,19.718353,19.841331,19.630394,19.118340,19.507095,19.312950,19.771080,19.418907,19.542351,19.312950,19.595184,19.295280,19.612793,19.858894,19.648003,19.242241,19.418907,19.312950,19.383614,18.994255,19.259926,19.489464,19.118340,19.348289,19.312950,19.118340,19.189156,19.401253,18.869980,18.781090,19.418907,19.507095,19.330627,19.118340,19.471832,19.436554,19.630394,19.206863,19.277603,19.454201,19.295280,19.559967,19.418907,19.224541,19.753517,19.224541,19.383614,19.189156,19.118340,19.595184,19.436554,19.118340,19.295280,19.312950,19.295280,19.507095,19.295280,19.065178,19.206863,18.798882,19.189156,19.365944,18.958771,18.638680,18.549545,18.923264,18.994255,18.531708,18.496017,18.066551,18.763306,18.406731,18.567383,18.317345,18.335236,18.245766,18.209953,18.012718,17.886955,17.815002,17.616829,17.886955,17.904930,17.940880,17.472412,17.742996,17.779015,17.634865,18.156204,17.508537,17.742996,17.634865,17.779015,17.761002,17.940880,17.544655,17.922905,17.742996,17.994759,17.418190,17.922905,17.670921,17.976807,17.706970,17.634865,17.868965,18.102425,17.922905,17.670921,17.976807,17.580750,17.886955,17.670921,18.048607,17.886955,17.724983,17.580750,18.102425,18.209953,17.994759,18.048607,18.174133,17.761002,17.904930,17.940880,17.976807,18.084496,17.922905,17.868965,17.761002,17.797005,17.345833,17.472412,17.779015,17.544655,17.724983,17.779015,17.255310,17.761002,17.742996,18.084496,18.192039,17.490471,18.460312,18.263664,17.291534,17.598785,18.370995,17.652901,17.922905,17.868965,17.724983,17.922905,17.742996,17.904930,17.670921,17.904930,17.850990,18.424599,18.335236,18.370995,17.922905,18.192039,17.976807,17.940880,17.904930,18.424599,17.833000,18.120361,18.084496,18.066551,18.496017,17.994759,18.674309,18.263664,18.192039,17.616829,18.012718,18.156204,18.209953,17.904930,17.833000,18.156204,18.102425,18.281563,18.603035,18.012718,17.761002,17.904930,18.084496,18.156204,18.245766,18.012718,18.066551,18.281563,17.742996,18.192039,17.742996,17.922905,17.797005,17.904930,17.472412,17.958839,17.742996,17.904930,17.833000,17.291534,17.436272,17.706970,18.227867,18.209953,17.724983,17.742996,17.868965,17.994759,17.580750,17.652901,17.833000,17.363930,17.580750,17.363930,17.724983,17.634865,17.688942,18.030663,17.886955,17.580750,17.562698,17.580750,17.562698,17.382019,17.940880,17.724983,17.652901,17.724983,17.706970,17.598785,17.598785,17.580750,17.886955,17.363930,17.508537,17.436272,17.706970,17.418190,17.182823,18.120361,17.779015,17.958839,17.508537,17.526596,17.418190,17.400101,17.363930,17.363930,16.983162,17.598785,17.128418,17.110275,17.037659,17.454338,17.219078,17.454338,17.472412,17.273430,17.146553,17.400101,17.508537,16.946808,17.363930,17.815002,17.345833,17.073982,17.616829,17.182823,17.724983,17.562698,17.472412,17.652901,17.490471,17.598785,18.066551,17.850990,17.454338,17.472412,17.562698,17.345833,17.616829,17.544655,17.886955,17.544655,17.472412,17.616829,17.345833,17.055817,17.634865,17.418190,17.164696,17.200951,17.037659,17.019493,16.545914,17.055817,16.874062,16.801247,16.855865,16.691910,16.673668,16.491104,16.819458,17.255310,16.363075,17.092117,16.381371,16.527649,16.527649,16.527649,16.582436,16.801247,16.271500,16.216530,16.161499,16.143143,15.977844,15.609375,16.564171,15.387550,15.461563,15.165176,14.718750,14.849190,14.419891,14.401184,14.288834,14.681450,14.307571,14.867805,14.120049,14.737404,14.793312,14.494698,14.849190,14.419891,14.419891,14.905037,14.700096,13.743858,14.588127,14.998024,15.016617,15.257896,14.307571,15.257896,15.498535,15.369041,14.886414,15.812218,14.681450,15.053780,14.550774,14.923637,15.369041,14.793312,14.569450,14.793312,15.146614,14.718750,14.700096,14.923637,14.532082,14.195114,15.016617,14.700096,15.109489,14.681450,14.625465,14.438606,13.838051,13.743858,13.630692,
15.146614,15.406059,15.793800,15.572441,15.646294,15.480049,15.867470,15.627831,15.775375,15.646294,15.996223,15.922668,16.454536,15.793800,15.165176,15.517014,15.738518,15.535500,15.941071,16.161499,15.941071,15.517014,15.756950,16.198189,16.253181,16.051353,15.959457,15.738518,16.801247,15.627831,15.977844,16.106438,15.830643,15.830643,16.253181,16.234848,15.941071,16.728371,16.326462,16.161499,16.381371,16.088081,15.867470,16.179840,16.417961,16.472824,16.271500,16.161499,16.454536,16.216530,15.922668,16.106438,16.289825,15.977844,16.710136,16.161499,16.673668,15.849052,16.253181,16.363075,16.673668,15.959457,16.271500,16.143143,15.977844,16.417961,16.161499,16.399666,16.326462,16.783035,15.830643,16.564171,16.326462,16.253181,16.289825,16.545914,16.527649,16.381371,16.509377,16.509377,16.983162,16.179840,16.946808,16.454536,16.673668,15.720085,16.253181,16.198189,16.582436,16.783035,16.600693,16.271500,16.710136,16.454536,16.637184,16.399666,16.673668,16.892258,16.344765,16.253181,16.819458,16.436256,16.910439,16.454536,16.618950,16.874062,16.964989,16.618950,17.037659,16.764816,17.037659,16.691910,16.728371,17.146553,16.892258,16.946808,16.874062,16.801247,17.345833,16.637184,16.964989,16.710136,16.764816,17.327736,17.055817,16.637184,17.019493,17.255310,17.182823,16.673668,16.509377,16.855865,16.746590,17.200951,16.527649,17.436272,16.381371,17.055817,17.001335,16.509377,16.764816,16.928627,16.855865,16.837654,16.491104,16.819458,16.928627,17.418190,17.273430,16.874062,16.892258,16.801247,17.110275,16.946808,17.055817,16.746590,17.110275,17.182823,16.819458,16.964989,17.255310,17.055817,17.544655,17.055817,17.128418,17.400101,17.273430,16.983162,17.454338,17.363930,17.237198,17.670921,17.508537,17.706970,17.616829,17.976807,17.418190,17.724983,17.779015,17.761002,17.958839,17.886955,18.299454,17.868965,18.120361,17.940880,18.012718,17.742996,17.994759,18.335236,18.066551,18.335236,18.388855,18.263664,18.549545,18.299454,18.048607,18.424599,18.531708,18.585213,18.923264,18.549545,18.638680,18.478165,18.763306,18.388855,18.353111,19.242241,18.834435,18.816666,18.549545,19.047462,19.047462,18.958771,18.905502,18.958771,19.312950,19.171471,19.277603,19.418907,19.082909,19.330627,19.100624,19.489464,19.206863,19.295280,19.224541,19.312950,19.718353,19.489464,19.489464,19.507095,19.806221,19.718353,19.577583,19.401253,19.577583,19.700775,19.153755,19.136055,19.454201,19.542351,19.524719,19.136055,19.683189,19.524719,19.806221,19.612793,19.823784,19.735939,19.489464,19.348289,19.401253,19.981651,19.876450,19.471832,19.700775,19.612793,19.507095,19.436554,19.507095,19.454201,19.735939,19.206863,19.029732,19.348289,19.489464,19.946602,19.700775,19.630394,19.436554,19.436554,19.312950,19.806221,19.171471,19.612793,19.189156,19.454201,19.330627,19.648003,19.489464,19.242241,19.259926,19.189156,19.295280,19.330627,19.277603,19.454201,19.436554,19.224541,19.418907,19.383614,19.436554,18.994255,19.436554,19.436554,19.171471,19.383614,19.171471,19.383614,19.507095,19.383614,19.383614,19.876450,19.224541,19.524719,19.348289,19.524719,19.118340,19.011993,19.489464,19.242241,19.418907,18.745514,19.171471,19.206863,19.418907,18.994255,18.816666,18.763306,19.277603,18.976524,18.976524,18.958771,18.798882,18.958771,19.082909,18.138290,18.531708,18.763306,18.335236,18.209953,18.531708,18.263664,18.084496,18.012718,18.156204,18.102425,17.886955,17.815002,17.833000,17.904930,17.616829,17.634865,17.904930,17.797005,17.868965,17.761002,17.670921,17.382019,17.958839,17.616829,17.742996,17.508537,17.922905,18.102425,17.526596,17.598785,17.904930,17.904930,18.084496,17.958839,17.526596,17.833000,18.120361,17.454338,18.030663,17.382019,17.291534,17.688942,17.922905,18.138290,17.779015,18.048607,17.833000,17.544655,17.418190,17.382019,18.120361,17.652901,18.102425,17.688942,17.815002,17.508537,17.886955,17.634865,17.616829,17.994759,18.066551,17.904930,17.886955,17.472412,17.742996,17.652901,18.084496,17.779015,17.454338,18.317345,17.724983,17.850990,18.478165,17.400101,18.174133,17.562698,17.976807,17.976807,17.526596,17.904930,18.299454,17.994759,17.616829,17.670921,18.102425,18.030663,17.850990,17.779015,17.436272,18.102425,17.958839,18.138290,17.706970,18.763306,17.850990,18.245766,17.994759,18.156204,17.958839,17.994759,18.460312,18.102425,18.209953,18.335236,17.688942,18.209953,18.174133,17.922905,17.833000,17.652901,18.263664,17.940880,17.454338,18.156204,17.833000,17.940880,18.424599,18.209953,17.958839,18.138290,17.724983,17.742996,18.102425,17.994759,18.120361,18.370995,17.976807,17.886955,18.156204,17.742996,18.048607,17.237198,18.030663,18.048607,17.850990,17.958839,17.761002,18.012718,17.742996,17.688942,17.616829,18.353111,17.940880,17.544655,17.815002,17.904930,17.706970,17.904930,17.868965,17.580750,17.706970,17.562698,17.418190,17.544655,17.904930,17.724983,17.904930,17.634865,17.724983,17.706970,17.598785,17.797005,17.886955,17.904930,17.868965,17.580750,17.598785,17.815002,17.400101,17.761002,17.436272,17.616829,17.562698,17.868965,17.526596,17.598785,17.490471,17.797005,17.688942,17.940880,17.472412,17.237198,17.508537,17.616829,17.670921,17.436272,17.634865,17.454338,17.868965,17.436272,16.819458,17.544655,17.019493,17.037659,17.055817,17.200951,17.833000,17.182823,17.580750,17.273430,17.562698,17.472412,17.327736,17.237198,17.237198,17.724983,17.309639,17.055817,17.688942,17.544655,17.055817,17.652901,17.472412,17.616829,17.850990,17.562698,17.237198,17.562698,17.616829,17.761002,17.634865,17.652901,17.526596,17.454338,17.616829,17.797005,17.652901,17.146553,17.526596,17.164696,17.400101,17.580750,17.345833,17.001335,16.928627,17.019493,17.345833,17.382019,17.580750,16.837654,16.728371,16.928627,16.819458,17.219078,16.746590,16.928627,16.764816,16.819458,16.509377,16.673668,16.783035,16.198189,16.764816,16.472824,16.472824,15.922668,16.032974,16.051353,15.517014,15.683197,15.830643,14.345024,14.830566,14.849190,14.606796,14.063721,14.270103,14.793312,14.363747,14.923637,15.480049,14.588127,14.942238,14.774681,14.457298,14.867805,14.774681,14.886414,14.363747,15.701637,14.588127,15.072350,14.476006,14.662788,15.016617,14.793312,14.793312,14.532082,14.476006,14.569450,14.923637,15.553970,15.090919,15.090919,15.072350,14.979439,14.625465,14.307571,14.625465,14.756035,14.588127,14.681450,14.905037,14.157593,14.401184,14.923637,14.307571,13.894524,13.913338,14.550774,13.913338,13.743858,
15.276436,15.072350,16.253181,15.239365,15.738518,15.257896,15.701637,15.535500,15.664742,15.793800,15.276436,15.683197,15.627831,16.106438,15.849052,15.664742,16.179840,15.480049,15.498535,15.553970,16.032974,15.461563,15.609375,15.849052,15.885872,15.849052,16.069710,15.535500,16.088081,15.996223,16.014603,15.517014,16.271500,16.051353,15.867470,15.424561,16.253181,16.326462,16.088081,15.904274,15.904274,16.399666,16.161499,15.996223,16.746590,16.454536,16.069710,16.436256,16.124794,16.088081,16.143143,16.509377,16.564171,16.179840,15.849052,16.582436,16.326462,16.582436,16.143143,16.436256,16.326462,15.867470,15.775375,15.977844,15.922668,16.161499,15.885872,16.417961,16.381371,16.491104,16.271500,16.472824,16.764816,16.124794,16.764816,16.491104,16.069710,16.710136,16.326462,16.491104,16.527649,16.454536,16.710136,16.454536,15.922668,16.014603,16.179840,16.088081,16.399666,16.710136,16.051353,16.618950,16.454536,16.436256,16.637184,16.436256,16.472824,16.509377,16.545914,16.691910,16.783035,16.363075,16.710136,16.801247,16.600693,16.618950,16.253181,16.691910,16.655434,16.344765,16.819458,16.928627,16.509377,16.728371,17.001335,17.037659,16.691910,16.746590,16.837654,16.855865,16.399666,16.491104,16.491104,16.764816,16.637184,16.600693,16.673668,16.655434,16.928627,16.582436,17.055817,16.399666,16.600693,16.655434,17.001335,16.928627,16.691910,16.618950,16.564171,16.855865,16.874062,17.472412,16.637184,16.363075,16.381371,16.983162,16.728371,16.801247,16.819458,16.527649,16.783035,16.637184,17.037659,16.618950,16.527649,16.673668,17.291534,16.783035,16.819458,16.582436,16.983162,17.255310,17.200951,16.837654,17.019493,16.819458,16.874062,17.508537,17.363930,17.400101,17.146553,17.146553,16.983162,17.706970,17.634865,17.436272,17.670921,17.454338,17.742996,17.706970,17.580750,17.688942,18.084496,17.994759,17.742996,18.424599,17.940880,18.066551,18.227867,18.192039,18.138290,18.353111,18.585213,18.763306,18.567383,18.030663,17.976807,18.496017,18.869980,18.388855,18.692123,18.656494,18.388855,19.065178,18.549545,18.994255,18.941017,19.029732,18.585213,18.852211,19.224541,18.834435,18.887749,19.082909,19.118340,19.330627,19.118340,18.763306,19.365944,18.994255,18.941017,18.852211,19.577583,18.816666,19.118340,19.418907,19.348289,19.277603,19.665596,19.788658,19.595184,19.418907,19.665596,19.507095,19.242241,19.929070,19.595184,19.206863,19.383614,19.489464,19.153755,19.577583,19.383614,19.718353,19.718353,19.206863,19.735939,19.242241,19.542351,19.524719,19.771080,19.753517,19.753517,19.153755,19.047462,19.753517,19.542351,19.630394,19.612793,19.718353,19.489464,19.559967,19.771080,19.718353,19.735939,19.418907,19.436554,19.753517,19.524719,19.665596,19.348289,19.277603,19.436554,19.401253,19.577583,19.753517,19.047462,19.365944,19.401253,19.401253,19.507095,19.224541,19.242241,18.923264,19.383614,19.277603,19.242241,19.507095,19.277603,19.312950,19.383614,19.365944,19.171471,19.401253,19.224541,19.524719,19.436554,19.612793,19.047462,19.401253,19.118340,19.771080,18.923264,19.206863,19.471832,19.136055,19.418907,19.418907,19.735939,19.489464,19.100624,19.029732,19.242241,19.082909,19.753517,19.542351,19.383614,19.259926,18.674309,19.047462,18.941017,18.727722,18.763306,18.816666,19.047462,18.834435,18.674309,18.299454,18.567383,18.567383,18.424599,18.317345,18.496017,18.066551,17.886955,18.335236,18.299454,18.066551,17.761002,17.815002,17.706970,17.868965,17.761002,17.508537,17.922905,17.779015,17.616829,17.382019,17.544655,17.255310,17.616829,17.490471,17.688942,17.544655,17.779015,17.634865,17.724983,17.634865,17.309639,17.724983,17.345833,17.508537,17.904930,17.490471,18.012718,17.904930,18.048607,17.327736,17.833000,17.327736,17.940880,17.670921,18.030663,17.363930,17.562698,17.616829,17.562698,17.706970,17.598785,17.418190,17.922905,18.263664,17.508537,17.634865,17.922905,17.940880,17.724983,17.706970,17.868965,17.544655,17.616829,17.562698,17.706970,17.345833,17.508537,18.066551,17.976807,17.652901,17.833000,17.382019,18.030663,17.815002,17.958839,17.688942,17.400101,17.598785,18.102425,17.454338,17.616829,17.508537,17.815002,17.742996,18.281563,17.544655,17.850990,17.472412,18.299454,17.886955,17.616829,17.670921,18.353111,17.868965,17.922905,18.048607,17.850990,18.227867,18.227867,17.688942,17.922905,17.994759,18.012718,18.102425,18.174133,18.156204,18.209953,18.353111,17.742996,18.048607,17.868965,17.958839,18.030663,18.012718,18.012718,17.616829,18.048607,18.424599,18.138290,18.012718,18.156204,17.742996,17.868965,17.815002,17.616829,18.048607,18.084496,17.850990,17.580750,17.580750,17.994759,17.418190,17.508537,18.030663,17.688942,17.706970,18.120361,18.084496,17.815002,17.508537,17.706970,17.797005,17.472412,17.742996,17.833000,17.815002,17.652901,17.724983,17.526596,17.652901,17.904930,17.850990,17.616829,17.779015,17.833000,17.922905,17.345833,17.688942,17.598785,17.454338,17.868965,17.580750,17.976807,17.544655,17.472412,17.706970,17.670921,17.219078,17.418190,17.345833,17.850990,17.670921,17.291534,17.868965,17.164696,17.382019,17.472412,17.200951,17.436272,17.688942,17.779015,17.418190,17.436272,17.652901,17.327736,17.724983,17.779015,17.182823,17.688942,17.019493,17.472412,17.055817,16.837654,17.490471,17.580750,17.146553,17.797005,17.634865,17.598785,17.146553,17.779015,17.472412,17.273430,17.742996,17.508537,17.833000,17.670921,17.472412,17.779015,17.255310,17.868965,17.706970,17.634865,17.363930,17.634865,17.868965,17.472412,17.724983,17.815002,17.994759,17.904930,18.174133,17.761002,17.797005,17.526596,17.200951,17.761002,17.019493,17.922905,17.868965,17.580750,17.273430,17.508537,17.616829,17.164696,17.001335,17.363930,16.892258,16.509377,17.037659,17.001335,16.472824,17.019493,16.545914,16.326462,16.910439,16.855865,16.582436,16.637184,16.381371,16.728371,16.837654,16.124794,16.289825,16.014603,15.977844,16.088081,15.553970,15.830643,14.886414,14.867805,15.128059,14.625465,13.781540,14.157593,14.382469,14.681450,14.138817,14.438606,14.588127,14.082504,14.550774,14.960838,14.905037,14.960838,14.793312,14.718750,14.774681,15.239365,14.270103,14.401184,14.867805,14.606796,14.476006,14.644127,14.476006,14.681450,14.476006,14.811943,14.737404,15.016617,14.494698,14.886414,14.625465,14.886414,14.419891,14.476006,14.550774,14.942238,14.550774,14.494698,14.793312,14.700096,14.494698,14.494698,14.382469,14.232613,13.950951,14.044937,13.819221,13.574066,13.932144,
14.588127,15.609375,15.590912,15.424561,15.257896,15.720085,15.350533,15.738518,15.793800,15.313492,15.406059,15.535500,15.793800,14.979439,15.738518,15.553970,15.756950,15.350533,15.572441,16.014603,15.609375,15.276436,15.220818,15.959457,15.959457,15.959457,16.032974,15.849052,15.941071,15.128059,15.627831,16.399666,15.387550,15.793800,16.051353,15.553970,15.720085,15.738518,15.627831,16.271500,15.775375,15.885872,16.088081,15.830643,15.849052,15.959457,16.051353,15.941071,16.179840,15.701637,16.014603,16.509377,15.683197,15.849052,16.234848,16.014603,16.344765,16.143143,15.812218,16.124794,16.308144,15.885872,16.655434,16.436256,16.289825,16.271500,16.143143,16.179840,16.216530,15.996223,16.509377,16.014603,16.417961,15.977844,16.344765,15.849052,16.491104,15.830643,16.454536,16.673668,16.655434,16.637184,16.472824,16.124794,16.326462,16.454536,16.472824,16.381371,16.179840,16.124794,16.436256,16.655434,16.637184,15.996223,16.308144,16.454536,16.289825,16.819458,16.344765,16.088081,16.363075,16.527649,16.837654,16.509377,16.637184,16.564171,16.014603,16.234848,16.326462,16.783035,16.710136,16.289825,16.819458,16.527649,16.363075,16.289825,16.161499,16.271500,17.092117,16.746590,16.637184,16.436256,16.582436,17.019493,16.837654,16.509377,16.545914,16.673668,16.746590,16.710136,16.472824,16.527649,17.019493,16.928627,17.164696,16.801247,16.946808,16.819458,16.564171,16.728371,16.637184,16.783035,17.055817,16.655434,16.399666,17.219078,16.764816,16.964989,16.946808,16.819458,16.783035,16.600693,17.092117,17.182823,16.527649,17.128418,17.001335,16.819458,16.764816,16.710136,16.946808,16.618950,16.801247,16.783035,16.728371,17.273430,17.110275,17.037659,17.237198,17.019493,17.382019,17.164696,17.200951,17.562698,17.508537,17.237198,17.273430,17.544655,17.724983,17.598785,17.652901,18.120361,17.779015,17.922905,17.724983,18.102425,17.616829,18.012718,18.245766,18.102425,18.084496,18.066551,18.227867,18.460312,17.994759,18.335236,18.638680,18.692123,18.138290,18.852211,18.620857,18.424599,18.603035,19.118340,18.709923,18.638680,18.958771,18.905502,19.295280,19.224541,18.513863,18.976524,19.171471,18.727722,18.727722,18.798882,19.454201,19.348289,19.136055,18.941017,19.365944,19.047462,19.788658,19.348289,19.665596,19.312950,19.295280,19.436554,19.753517,19.489464,19.295280,19.595184,19.753517,19.665596,19.348289,19.489464,19.348289,19.171471,19.542351,19.471832,19.277603,19.876450,19.929070,19.630394,19.524719,19.365944,19.542351,19.630394,19.630394,19.735939,19.999184,19.559967,19.577583,19.507095,19.718353,19.648003,19.489464,19.630394,19.542351,19.929070,19.735939,19.348289,19.841331,19.841331,19.753517,19.436554,19.806221,19.295280,19.946602,19.559967,19.330627,19.718353,19.665596,19.735939,19.471832,19.171471,19.277603,19.595184,19.383614,19.507095,19.153755,19.577583,19.206863,19.471832,19.242241,19.312950,19.454201,19.348289,19.401253,19.082909,19.295280,19.630394,19.047462,19.365944,19.330627,19.242241,19.507095,19.559967,19.118340,19.383614,19.507095,19.788658,19.206863,19.224541,19.100624,19.489464,19.753517,19.489464,19.524719,19.383614,19.542351,19.330627,19.206863,19.436554,19.100624,18.994255,19.330627,18.798882,19.029732,18.958771,18.958771,18.941017,19.047462,18.709923,19.065178,18.531708,17.994759,18.763306,18.585213,18.209953,18.603035,18.102425,18.012718,18.138290,17.940880,18.066551,17.904930,17.850990,17.940880,17.797005,18.066551,17.958839,17.886955,17.670921,17.634865,17.833000,17.779015,17.237198,17.562698,17.544655,17.797005,17.526596,17.436272,17.797005,17.634865,17.418190,17.598785,17.436272,17.670921,17.436272,17.706970,17.363930,17.436272,17.237198,17.598785,17.454338,17.200951,17.255310,17.200951,17.418190,17.688942,17.724983,17.544655,17.345833,17.616829,17.562698,17.688942,17.418190,17.400101,17.110275,17.868965,17.182823,17.490471,18.120361,17.634865,17.742996,17.454338,17.724983,17.833000,17.779015,17.886955,17.454338,17.363930,17.273430,17.940880,17.688942,17.706970,17.182823,17.327736,17.400101,17.634865,17.472412,17.940880,17.724983,17.508537,17.273430,17.598785,17.363930,17.616829,17.418190,17.508537,17.128418,17.490471,17.580750,17.634865,17.761002,17.598785,17.815002,17.976807,18.030663,17.815002,17.994759,17.688942,18.209953,17.779015,17.850990,18.156204,17.797005,17.850990,17.598785,18.174133,18.120361,18.102425,18.192039,17.652901,17.868965,17.976807,17.797005,17.994759,17.616829,17.994759,17.200951,17.850990,17.436272,17.761002,17.562698,18.030663,18.048607,18.102425,18.102425,17.815002,17.670921,17.670921,17.598785,17.580750,17.652901,18.012718,17.886955,17.904930,17.652901,17.652901,17.994759,17.327736,17.382019,18.066551,17.850990,17.886955,17.742996,17.724983,17.940880,17.436272,18.209953,17.922905,17.454338,17.490471,17.634865,17.526596,17.580750,17.886955,17.652901,17.490471,17.454338,17.688942,17.544655,17.562698,17.598785,17.598785,17.833000,17.363930,17.779015,17.400101,17.110275,17.724983,17.363930,17.544655,17.436272,17.815002,17.472412,17.562698,17.652901,17.418190,17.706970,16.855865,17.110275,17.562698,17.273430,17.634865,17.598785,17.598785,17.237198,17.958839,17.255310,17.670921,16.801247,17.490471,17.562698,17.400101,17.382019,17.219078,17.544655,17.273430,17.128418,17.164696,16.892258,16.928627,17.400101,17.724983,17.634865,17.418190,17.400101,17.580750,17.526596,17.526596,17.400101,17.724983,17.688942,17.670921,17.724983,17.868965,17.688942,17.940880,17.200951,17.850990,17.598785,17.779015,17.400101,17.922905,17.833000,18.263664,17.616829,17.797005,17.761002,17.994759,17.562698,17.994759,17.490471,17.454338,17.797005,17.526596,17.128418,17.742996,16.946808,17.273430,17.092117,17.019493,16.928627,17.255310,16.855865,17.237198,17.146553,16.910439,16.673668,16.234848,16.910439,16.234848,16.472824,16.655434,16.271500,16.874062,16.892258,16.289825,16.308144,15.922668,16.198189,16.216530,15.775375,15.646294,15.183723,15.775375,15.294960,15.294960,14.923637,14.138817,14.513397,14.326302,14.044937,14.157593,15.035194,14.157593,14.307571,14.550774,14.176346,14.438606,14.007355,14.774681,14.345024,13.932144,14.867805,14.588127,14.550774,14.382469,14.345024,14.923637,14.550774,14.625465,14.849190,14.625465,14.923637,14.886414,14.700096,15.146614,14.718750,14.438606,14.569450,14.606796,14.251350,14.700096,14.644127,14.998024,14.326302,14.700096,14.195114,13.630692,14.138817,14.830566,14.157593,14.026146,13.725006,13.856880,13.043808,
14.438606,15.627831,15.387550,15.424561,15.424561,15.387550,15.461563,15.664742,15.627831,14.811943,15.350533,15.664742,15.646294,15.867470,15.220818,15.572441,15.738518,15.183723,15.775375,15.461563,15.683197,15.977844,15.812218,15.480049,15.553970,15.461563,15.332008,15.627831,15.738518,15.276436,15.553970,15.590912,15.553970,15.941071,15.572441,15.387550,15.885872,15.535500,16.106438,15.590912,15.775375,16.436256,16.032974,15.756950,15.793800,16.051353,16.216530,16.179840,15.664742,15.775375,15.996223,15.812218,15.849052,15.959457,16.399666,15.793800,15.738518,16.198189,15.922668,15.756950,16.308144,15.904274,16.491104,16.363075,16.198189,16.436256,16.014603,15.849052,16.161499,16.124794,15.646294,16.344765,16.161499,16.271500,16.436256,15.720085,16.014603,16.088081,16.179840,15.904274,16.216530,16.198189,16.032974,16.161499,16.069710,16.234848,16.399666,16.069710,16.124794,16.271500,16.216530,16.381371,16.491104,16.545914,16.545914,16.271500,16.399666,16.819458,16.472824,16.417961,16.454536,16.234848,16.691910,16.637184,16.344765,16.637184,16.198189,16.454536,16.545914,16.198189,16.655434,16.436256,16.124794,16.600693,16.655434,16.728371,16.179840,16.363075,16.363075,16.673668,16.728371,16.545914,16.637184,16.454536,17.092117,16.399666,16.655434,16.564171,16.564171,16.527649,16.655434,16.728371,16.545914,16.964989,16.855865,16.472824,16.710136,16.910439,16.710136,16.855865,16.946808,17.001335,16.764816,15.867470,16.618950,16.655434,16.582436,16.728371,16.764816,16.837654,16.472824,16.436256,17.055817,16.691910,16.582436,16.910439,16.983162,16.582436,16.983162,16.819458,16.892258,16.892258,16.655434,17.001335,16.582436,17.182823,16.910439,17.436272,16.964989,16.892258,17.037659,17.092117,17.128418,17.019493,17.526596,17.110275,17.833000,16.983162,17.850990,17.815002,17.833000,17.706970,18.066551,18.192039,17.616829,17.815002,18.012718,17.670921,18.048607,18.281563,17.761002,17.886955,18.478165,18.424599,18.156204,18.781090,18.317345,18.531708,18.727722,18.567383,18.620857,18.585213,18.692123,18.066551,18.531708,19.011993,18.727722,18.958771,18.994255,19.330627,18.620857,19.029732,18.709923,19.153755,18.816666,19.206863,18.941017,19.206863,19.206863,19.153755,19.029732,19.100624,18.781090,19.136055,19.348289,19.189156,18.994255,19.171471,19.823784,19.489464,19.595184,19.259926,19.401253,19.242241,19.330627,19.683189,19.259926,19.436554,19.577583,19.365944,19.295280,19.401253,19.401253,19.577583,19.242241,19.876450,19.648003,19.595184,19.683189,19.753517,19.981651,19.612793,19.507095,19.047462,19.718353,19.806221,19.841331,19.753517,19.365944,19.436554,19.577583,19.718353,20.051720,19.401253,19.436554,19.595184,19.630394,19.206863,19.595184,19.559967,19.911530,19.507095,18.994255,19.648003,19.418907,19.047462,19.471832,19.189156,19.136055,19.595184,19.348289,19.065178,19.100624,19.471832,19.330627,19.029732,19.489464,19.330627,19.100624,19.118340,19.401253,19.224541,19.295280,19.295280,19.735939,19.312950,19.011993,19.330627,19.911530,19.242241,19.011993,19.559967,19.330627,19.259926,19.436554,19.454201,19.189156,19.312950,19.383614,19.365944,19.330627,18.958771,19.401253,19.577583,19.189156,19.100624,19.524719,18.905502,19.295280,19.136055,19.171471,18.852211,18.638680,18.745514,18.674309,18.370995,18.442459,18.388855,18.442459,17.976807,18.138290,18.335236,17.526596,17.850990,17.761002,17.562698,17.940880,18.209953,17.670921,17.526596,18.174133,17.544655,17.436272,17.761002,17.688942,17.779015,17.472412,17.580750,17.418190,17.652901,17.128418,17.309639,17.779015,17.092117,17.363930,17.219078,17.472412,17.418190,17.850990,17.164696,17.273430,17.200951,17.273430,17.237198,17.670921,17.779015,17.200951,17.706970,17.237198,17.237198,17.309639,17.255310,17.418190,17.490471,17.237198,17.706970,16.946808,17.688942,17.508537,17.309639,17.309639,17.652901,17.255310,17.237198,17.598785,17.454338,17.742996,17.400101,17.382019,17.255310,17.400101,17.146553,18.102425,17.363930,17.724983,17.363930,17.345833,17.508537,17.598785,17.490471,17.958839,17.400101,17.562698,17.616829,17.815002,17.309639,17.634865,17.363930,17.200951,17.309639,17.797005,17.544655,17.724983,17.092117,17.779015,17.400101,17.815002,17.146553,17.508537,17.886955,17.436272,18.192039,17.779015,17.219078,17.922905,17.616829,17.886955,17.779015,18.084496,18.048607,18.192039,17.833000,17.904930,17.976807,17.833000,17.291534,17.797005,17.886955,17.688942,17.706970,17.580750,17.598785,17.779015,17.400101,17.670921,17.940880,17.761002,17.598785,18.138290,17.652901,18.156204,17.237198,18.120361,17.670921,17.598785,17.652901,17.958839,17.670921,17.128418,17.544655,17.526596,17.652901,18.192039,17.490471,17.436272,17.616829,17.994759,17.580750,17.797005,17.490471,17.670921,17.110275,17.634865,17.779015,17.779015,17.472412,17.382019,17.073982,17.454338,17.761002,17.598785,16.910439,17.580750,17.382019,17.958839,17.001335,17.742996,17.400101,18.048607,17.309639,17.526596,17.652901,17.001335,17.652901,17.073982,17.526596,17.255310,17.273430,17.400101,17.255310,17.146553,17.436272,17.327736,17.436272,17.055817,17.092117,18.245766,17.273430,17.363930,17.237198,17.598785,17.562698,17.382019,17.580750,17.327736,17.219078,17.490471,17.670921,17.291534,17.472412,17.508537,17.562698,17.526596,17.237198,17.200951,17.544655,17.490471,17.904930,17.508537,17.400101,17.742996,17.418190,17.724983,17.110275,17.418190,17.779015,17.886955,17.742996,17.850990,17.976807,17.797005,17.073982,18.066551,17.418190,17.779015,17.958839,17.634865,17.742996,17.742996,17.616829,17.868965,17.797005,18.174133,17.797005,17.779015,18.138290,17.200951,17.797005,17.670921,17.580750,17.779015,17.616829,17.363930,17.019493,17.454338,16.582436,17.255310,17.019493,16.964989,17.255310,17.019493,17.363930,16.928627,17.490471,16.855865,16.655434,16.564171,16.545914,16.655434,16.069710,16.600693,16.417961,15.904274,16.161499,15.959457,16.014603,15.793800,15.480049,14.793312,15.146614,14.625465,14.288834,14.176346,14.625465,14.044937,14.270103,14.401184,14.213860,15.035194,14.213860,14.662788,14.363747,14.195114,15.220818,13.913338,14.007355,14.849190,14.662788,14.513397,14.213860,14.438606,14.867805,14.644127,14.774681,14.737404,14.157593,14.662788,14.513397,14.063721,14.644127,14.176346,14.382469,14.886414,14.288834,14.625465,14.942238,13.838051,13.725006,14.157593,14.195114,14.569450,14.138817,14.288834,14.457298,13.856880,13.385033,14.232613,13.800392,14.232613,12.758507,
14.606796,15.165176,15.738518,15.072350,15.294960,15.239365,15.165176,15.424561,15.035194,15.480049,15.332008,15.090919,15.535500,15.775375,15.627831,15.220818,15.257896,15.535500,15.016617,15.461563,15.664742,15.257896,15.406059,15.609375,15.830643,15.756950,15.720085,15.830643,15.202286,15.738518,15.498535,15.517014,16.032974,15.812218,15.480049,15.517014,15.775375,15.996223,15.535500,15.387550,15.867470,15.276436,15.406059,16.454536,15.646294,16.271500,15.977844,16.014603,16.472824,15.867470,15.885872,15.885872,16.143143,16.032974,15.867470,15.738518,15.849052,16.600693,15.867470,15.720085,16.124794,16.179840,16.032974,15.738518,15.480049,15.664742,15.738518,16.032974,16.216530,16.253181,16.344765,15.977844,16.271500,15.720085,16.179840,15.922668,15.756950,16.289825,15.830643,16.014603,16.399666,15.922668,15.830643,16.289825,16.545914,16.198189,16.308144,16.417961,16.216530,16.106438,15.720085,16.088081,16.527649,16.271500,16.161499,16.253181,15.996223,16.253181,16.436256,16.344765,16.746590,16.106438,16.545914,16.143143,16.655434,16.454536,16.673668,16.326462,16.198189,16.728371,16.216530,16.381371,16.673668,15.941071,16.509377,16.491104,16.234848,16.032974,16.783035,16.564171,16.618950,16.673668,16.381371,16.344765,16.399666,16.399666,16.691910,16.673668,16.106438,16.454536,16.417961,16.381371,16.545914,16.783035,16.673668,16.509377,16.454536,16.637184,16.582436,16.618950,17.001335,16.618950,16.728371,16.417961,16.344765,16.124794,16.491104,16.564171,16.161499,16.472824,16.783035,16.837654,16.874062,16.655434,16.600693,16.600693,17.164696,16.855865,16.728371,16.509377,16.946808,16.819458,16.728371,16.673668,16.910439,17.073982,16.783035,16.928627,17.164696,17.309639,16.837654,17.019493,16.855865,17.291534,17.128418,17.472412,17.436272,17.345833,17.634865,17.309639,17.706970,17.779015,17.797005,17.886955,18.388855,17.976807,18.370995,18.048607,18.102425,17.779015,17.670921,18.245766,17.904930,18.048607,18.460312,18.030663,18.424599,18.335236,18.335236,18.549545,18.923264,18.603035,18.620857,18.816666,18.281563,18.816666,18.887749,18.905502,18.869980,18.923264,18.869980,18.442459,18.887749,19.100624,19.577583,19.118340,19.242241,19.171471,19.242241,18.513863,18.869980,19.224541,19.224541,19.489464,19.524719,19.206863,19.348289,19.206863,19.242241,19.577583,19.577583,19.383614,19.277603,19.577583,19.471832,19.648003,19.648003,19.806221,19.507095,19.365944,19.454201,19.542351,19.524719,19.648003,19.418907,19.507095,19.206863,19.665596,19.771080,19.365944,19.718353,19.542351,19.612793,19.418907,19.876450,19.771080,19.753517,19.365944,19.648003,19.946602,19.277603,19.665596,19.876450,19.524719,19.365944,19.418907,19.383614,19.718353,19.489464,19.401253,19.595184,19.753517,19.436554,19.489464,19.700775,19.118340,19.401253,19.312950,19.454201,19.471832,19.224541,19.383614,19.365944,19.082909,18.905502,19.330627,19.224541,18.834435,19.683189,19.507095,19.259926,19.418907,19.348289,19.330627,19.436554,19.718353,19.295280,19.295280,19.312950,19.277603,19.312950,19.771080,19.047462,19.189156,19.383614,19.206863,19.330627,19.383614,19.542351,19.224541,19.330627,19.524719,18.887749,19.206863,18.834435,19.295280,19.153755,19.383614,18.852211,18.388855,18.603035,18.692123,19.029732,18.388855,19.100624,18.513863,18.585213,18.317345,18.727722,18.317345,18.156204,18.192039,18.406731,17.976807,17.400101,18.084496,17.976807,18.066551,17.904930,17.598785,17.724983,17.580750,17.418190,17.652901,17.598785,17.382019,17.454338,17.508537,17.327736,17.237198,17.237198,17.255310,17.345833,16.892258,17.724983,17.490471,17.237198,17.055817,17.092117,17.073982,17.688942,17.019493,17.146553,17.309639,17.146553,17.255310,17.634865,17.309639,17.309639,17.037659,17.634865,17.382019,17.309639,17.255310,17.436272,17.490471,17.255310,17.110275,17.472412,17.616829,17.309639,17.164696,17.200951,17.273430,17.219078,17.940880,17.345833,17.490471,17.508537,17.200951,17.200951,17.634865,17.055817,17.363930,17.073982,17.309639,16.946808,17.327736,17.418190,17.454338,17.291534,17.508537,17.508537,16.819458,17.490471,17.327736,17.255310,17.724983,17.200951,17.490471,17.688942,17.400101,17.200951,17.400101,17.652901,17.526596,17.472412,17.706970,17.400101,17.706970,17.850990,17.110275,17.345833,17.761002,17.706970,17.616829,17.706970,17.706970,17.688942,17.761002,17.815002,17.940880,17.472412,17.634865,17.815002,17.868965,18.102425,17.994759,17.976807,17.454338,17.815002,17.634865,17.652901,17.544655,17.472412,17.436272,17.616829,17.868965,17.670921,16.964989,17.418190,17.580750,17.706970,17.164696,17.634865,17.382019,17.128418,17.363930,17.598785,17.868965,17.092117,17.598785,17.616829,17.688942,17.472412,17.526596,17.761002,17.200951,17.670921,17.742996,17.670921,17.598785,17.544655,17.616829,17.508537,17.200951,17.363930,17.544655,17.418190,17.454338,17.363930,17.363930,17.418190,17.436272,17.291534,17.508537,17.200951,17.309639,17.670921,17.345833,17.182823,17.001335,17.418190,17.363930,17.580750,17.363930,17.580750,17.418190,17.363930,17.182823,17.055817,17.291534,17.273430,17.454338,16.983162,16.928627,17.345833,17.345833,17.544655,17.418190,17.291534,17.182823,17.634865,17.526596,17.418190,17.418190,17.255310,17.110275,17.418190,17.634865,17.237198,17.345833,17.490471,17.436272,17.309639,17.580750,17.815002,17.128418,17.868965,17.580750,17.706970,17.382019,17.309639,17.363930,17.670921,16.874062,17.724983,17.255310,17.688942,17.400101,17.688942,17.436272,17.544655,17.670921,17.958839,17.706970,18.209953,17.886955,17.634865,17.833000,17.958839,17.724983,18.048607,18.192039,17.544655,17.904930,17.598785,17.400101,17.958839,17.436272,17.580750,17.580750,17.164696,16.964989,17.309639,17.182823,17.544655,17.146553,17.019493,16.618950,16.673668,16.710136,16.710136,16.928627,17.219078,16.783035,16.399666,16.946808,16.910439,16.326462,16.161499,16.764816,15.904274,15.627831,15.793800,15.977844,15.793800,14.998024,15.128059,15.498535,14.363747,14.867805,14.793312,14.401184,13.574066,15.183723,13.913338,14.288834,14.101280,14.138817,14.157593,14.345024,14.326302,14.195114,14.082504,14.326302,14.288834,14.195114,14.494698,14.438606,14.476006,14.082504,14.513397,14.756035,14.681450,14.532082,14.625465,13.913338,14.662788,14.401184,14.905037,14.867805,13.668427,13.743858,14.494698,14.700096,14.157593,14.345024,13.875710,14.905037,15.109489,13.894524,14.662788,13.856880,13.687294,13.781540,14.120049,14.195114,13.176659,13.043808,
14.737404,15.202286,15.406059,14.849190,15.609375,15.332008,15.720085,15.664742,15.369041,15.128059,15.904274,15.146614,15.369041,15.793800,15.406059,15.090919,15.553970,15.793800,15.016617,14.905037,15.977844,15.202286,15.553970,15.922668,15.220818,15.146614,15.701637,15.369041,15.646294,16.161499,15.165176,16.051353,15.369041,15.387550,15.313492,15.276436,15.849052,15.683197,16.032974,15.646294,15.756950,15.812218,15.830643,15.035194,15.904274,15.146614,15.646294,16.014603,15.387550,16.088081,15.498535,16.014603,15.867470,15.775375,15.517014,16.051353,15.830643,15.830643,15.572441,16.088081,16.088081,16.106438,16.344765,15.959457,16.399666,15.350533,15.830643,15.609375,15.793800,16.088081,15.369041,16.491104,15.720085,15.590912,16.088081,16.143143,15.793800,15.977844,16.271500,16.289825,16.399666,15.683197,15.812218,16.143143,15.959457,16.271500,16.179840,16.454536,16.032974,15.867470,15.996223,15.941071,15.904274,16.326462,15.904274,16.472824,16.124794,15.977844,16.289825,16.051353,16.253181,16.014603,16.801247,16.271500,16.381371,16.216530,16.436256,16.545914,16.454536,16.289825,16.161499,16.417961,16.600693,16.436256,16.271500,16.509377,16.436256,16.088081,16.545914,16.618950,16.928627,16.600693,16.344765,16.582436,16.417961,16.655434,16.417961,16.289825,16.124794,16.326462,16.014603,16.837654,16.124794,16.198189,16.381371,16.673668,16.691910,16.363075,16.673668,16.618950,16.527649,16.764816,16.381371,16.363075,16.454536,16.710136,16.819458,16.454536,16.746590,16.289825,16.417961,16.472824,16.691910,16.179840,16.710136,16.728371,16.673668,16.253181,16.363075,16.637184,16.673668,16.436256,17.019493,16.655434,16.801247,16.801247,16.855865,16.837654,16.983162,16.946808,16.983162,16.783035,17.055817,16.783035,17.200951,17.146553,17.327736,17.652901,17.309639,17.761002,17.616829,17.508537,17.490471,17.761002,17.634865,18.030663,18.620857,18.012718,17.922905,17.994759,18.442459,17.958839,18.138290,18.442459,18.388855,18.531708,18.388855,18.406731,18.281563,18.513863,18.620857,18.567383,18.638680,18.763306,18.887749,18.370995,18.727722,19.082909,18.638680,18.958771,18.620857,18.496017,18.887749,18.709923,18.905502,18.692123,18.852211,19.047462,19.136055,19.277603,19.029732,19.665596,19.100624,19.277603,19.118340,19.277603,19.436554,19.383614,19.189156,19.330627,19.136055,19.489464,19.418907,19.595184,19.082909,19.612793,19.718353,19.559967,19.383614,19.171471,19.136055,19.348289,19.418907,19.277603,19.242241,19.542351,19.365944,19.436554,19.189156,19.365944,19.665596,19.454201,19.082909,19.507095,19.401253,19.454201,19.436554,19.630394,19.648003,19.295280,19.401253,19.383614,19.312950,20.156708,19.383614,19.348289,19.224541,19.876450,19.489464,19.612793,19.735939,19.348289,19.330627,19.295280,19.295280,19.047462,19.312950,19.665596,18.923264,19.224541,19.418907,19.348289,19.471832,19.277603,19.136055,19.047462,18.692123,18.816666,18.923264,19.206863,19.330627,19.964127,19.047462,19.823784,19.418907,19.295280,19.242241,19.383614,18.923264,19.206863,19.524719,19.295280,19.348289,19.471832,19.365944,19.471832,19.242241,19.312950,19.312950,18.958771,19.295280,19.612793,19.330627,19.471832,18.923264,19.065178,18.887749,19.047462,18.798882,18.816666,18.727722,19.100624,18.406731,18.012718,18.567383,18.299454,18.585213,17.706970,18.299454,18.299454,17.958839,18.370995,17.994759,17.706970,17.652901,17.544655,17.670921,17.724983,17.598785,17.922905,17.634865,17.164696,17.219078,17.219078,17.309639,17.382019,17.580750,17.110275,17.001335,17.146553,17.200951,17.345833,17.237198,17.255310,17.092117,17.291534,17.309639,16.928627,17.019493,17.146553,16.910439,17.037659,16.964989,17.237198,17.182823,17.454338,17.146553,17.219078,17.508537,17.037659,17.073982,16.928627,16.983162,16.618950,16.983162,17.472412,17.616829,17.037659,17.037659,17.055817,17.526596,17.146553,16.983162,16.910439,17.472412,17.634865,17.508537,16.801247,17.309639,17.219078,17.291534,17.418190,17.273430,17.436272,17.255310,17.182823,17.037659,17.436272,17.544655,17.128418,16.946808,17.128418,17.037659,17.219078,17.309639,16.964989,17.400101,17.562698,17.580750,17.001335,17.742996,17.128418,17.508537,17.418190,17.092117,17.327736,17.508537,17.363930,17.200951,17.508537,17.508537,17.363930,17.219078,17.436272,17.688942,17.382019,17.616829,17.688942,17.490471,17.255310,17.922905,17.454338,17.454338,17.797005,17.598785,17.833000,17.958839,16.983162,17.219078,17.237198,17.273430,17.400101,17.670921,17.255310,17.273430,17.472412,17.688942,17.382019,17.110275,17.273430,17.598785,17.291534,17.255310,17.092117,17.616829,17.273430,17.670921,17.616829,17.418190,17.255310,17.055817,17.128418,17.255310,17.309639,17.544655,17.219078,17.237198,17.400101,17.400101,17.327736,17.345833,17.436272,17.037659,17.616829,17.418190,16.783035,17.128418,16.946808,17.436272,17.797005,17.363930,17.706970,17.164696,17.073982,17.055817,17.309639,17.237198,17.309639,17.237198,17.508537,17.092117,17.652901,17.037659,16.983162,17.309639,17.544655,16.801247,17.526596,17.110275,16.964989,17.400101,17.309639,16.783035,17.291534,17.400101,17.400101,17.073982,17.526596,17.363930,17.454338,17.472412,17.616829,17.868965,16.874062,17.598785,17.037659,17.037659,17.309639,17.200951,17.110275,17.472412,17.544655,17.164696,17.562698,16.946808,17.327736,16.964989,17.706970,17.544655,17.598785,17.634865,17.363930,17.652901,17.652901,17.833000,17.616829,17.454338,17.327736,17.327736,17.562698,17.833000,17.868965,17.850990,18.030663,18.084496,17.868965,17.706970,17.508537,17.886955,17.958839,18.353111,17.797005,17.237198,17.616829,17.850990,17.616829,18.209953,17.382019,17.580750,17.670921,17.237198,17.237198,16.964989,17.255310,17.237198,16.928627,17.073982,17.001335,17.327736,16.637184,16.837654,17.255310,16.344765,16.655434,16.600693,16.837654,16.983162,16.564171,16.198189,16.417961,16.600693,15.941071,16.289825,15.996223,15.922668,15.090919,15.517014,15.517014,15.128059,15.072350,14.101280,14.532082,14.401184,14.288834,14.232613,14.345024,13.347183,14.213860,14.120049,14.811943,14.176346,13.950951,14.063721,14.550774,13.969765,14.401184,14.363747,13.875710,14.326302,14.138817,14.345024,14.307571,13.969765,14.101280,14.363747,14.363747,14.176346,13.743858,14.101280,14.195114,14.419891,14.026146,13.762703,14.007355,13.838051,13.988556,14.157593,14.120049,13.875710,14.120049,14.457298,14.401184,14.363747,13.932144,13.781540,13.668427,13.706154,13.762703,13.988556,12.376740,
14.662788,15.627831,14.550774,14.867805,15.294960,15.072350,14.867805,14.905037,15.369041,15.035194,15.294960,15.053780,15.793800,15.350533,15.369041,15.239365,15.406059,15.239365,15.590912,14.979439,15.035194,15.553970,15.332008,15.387550,15.109489,15.165176,16.069710,15.424561,15.793800,16.179840,15.443062,15.257896,15.257896,15.553970,15.885872,15.996223,15.590912,15.517014,15.867470,15.867470,15.498535,15.257896,15.498535,15.922668,15.461563,15.738518,15.922668,15.443062,15.406059,15.830643,15.959457,15.922668,15.793800,15.664742,15.830643,15.553970,16.051353,15.941071,16.124794,15.830643,15.904274,16.234848,15.922668,15.683197,16.326462,15.294960,16.051353,16.381371,15.867470,16.088081,16.161499,15.941071,16.106438,15.793800,16.143143,15.959457,15.977844,16.161499,16.014603,16.216530,15.664742,15.904274,16.527649,15.941071,16.491104,16.069710,16.637184,16.106438,15.941071,16.179840,16.032974,16.032974,16.216530,16.124794,16.545914,15.756950,16.143143,16.344765,15.775375,16.491104,16.436256,16.051353,16.344765,16.289825,16.491104,15.996223,16.454536,16.216530,16.637184,16.326462,16.088081,16.746590,16.545914,16.289825,15.867470,16.234848,16.344765,16.326462,16.014603,15.922668,16.710136,16.271500,16.417961,16.198189,16.363075,16.234848,16.289825,16.710136,16.326462,16.728371,16.691910,15.904274,16.344765,16.673668,16.491104,16.600693,16.673668,16.344765,16.253181,16.308144,16.618950,16.673668,16.527649,16.655434,16.308144,16.746590,16.161499,16.399666,16.545914,16.344765,16.582436,16.928627,16.855865,16.545914,16.582436,16.837654,16.582436,16.472824,16.855865,16.399666,16.691910,16.691910,16.564171,16.783035,16.491104,17.128418,16.454536,16.874062,16.910439,17.055817,16.600693,16.946808,17.472412,16.983162,17.055817,17.382019,17.037659,17.146553,17.580750,17.634865,17.598785,17.345833,17.742996,17.922905,18.012718,17.616829,18.156204,17.868965,18.102425,17.976807,18.353111,18.370995,17.706970,18.174133,18.281563,17.940880,18.084496,18.370995,18.388855,18.513863,18.281563,18.227867,18.513863,18.549545,18.442459,18.478165,18.531708,18.869980,18.905502,18.513863,18.727722,18.763306,18.745514,19.047462,18.941017,18.852211,18.709923,19.295280,19.312950,18.852211,19.136055,18.674309,18.852211,19.365944,18.834435,19.295280,19.259926,19.153755,19.242241,19.401253,19.153755,19.471832,19.489464,19.224541,19.082909,19.153755,19.189156,19.507095,19.224541,19.348289,19.559967,19.577583,19.100624,19.330627,19.242241,19.047462,19.542351,19.189156,19.524719,19.507095,19.277603,19.559967,19.559967,19.365944,19.401253,19.418907,19.348289,19.595184,19.312950,19.454201,19.401253,19.665596,19.665596,19.524719,19.259926,19.524719,19.489464,19.489464,19.718353,19.171471,19.683189,19.911530,19.718353,19.524719,19.418907,19.171471,19.365944,19.259926,18.958771,19.418907,18.869980,18.692123,19.365944,19.100624,18.869980,19.136055,19.365944,19.277603,19.136055,19.259926,19.206863,19.171471,19.418907,19.612793,19.577583,18.923264,19.312950,19.559967,19.224541,19.277603,19.436554,19.577583,19.224541,19.507095,18.941017,19.559967,19.259926,19.118340,19.206863,18.923264,19.277603,19.383614,19.011993,19.312950,19.259926,18.781090,19.065178,19.206863,19.047462,18.763306,18.869980,18.513863,19.047462,18.692123,18.245766,18.335236,18.084496,18.406731,18.245766,17.670921,17.868965,18.192039,17.544655,17.761002,17.761002,17.454338,17.833000,17.598785,17.472412,17.508537,17.363930,17.616829,17.327736,17.418190,17.526596,17.580750,17.363930,17.490471,17.706970,17.092117,16.637184,16.964989,16.764816,17.200951,17.001335,17.073982,17.237198,17.382019,17.237198,16.910439,16.964989,17.001335,16.910439,16.928627,17.092117,17.182823,16.964989,17.073982,16.801247,16.910439,16.837654,17.001335,16.983162,17.182823,17.363930,16.746590,17.073982,17.309639,16.855865,17.418190,17.092117,16.764816,17.164696,17.490471,17.291534,17.182823,16.874062,17.073982,17.309639,17.092117,17.092117,17.345833,17.400101,17.092117,17.073982,17.001335,17.019493,17.037659,17.182823,17.037659,17.273430,16.673668,17.490471,17.001335,17.454338,17.327736,17.454338,16.964989,17.382019,17.219078,17.146553,16.946808,17.400101,17.164696,17.454338,16.710136,17.363930,17.001335,17.273430,17.128418,17.237198,17.634865,17.472412,17.273430,17.418190,16.892258,17.580750,17.327736,17.562698,17.219078,17.724983,17.327736,17.526596,17.273430,17.886955,17.472412,17.634865,17.472412,17.508537,17.345833,17.598785,17.092117,17.273430,17.598785,17.886955,17.146553,17.073982,17.454338,17.490471,16.964989,17.110275,17.327736,17.327736,17.291534,17.110275,17.327736,17.273430,17.146553,17.382019,17.255310,17.472412,17.526596,17.580750,17.309639,17.472412,17.073982,17.382019,17.019493,16.892258,17.073982,17.309639,17.291534,17.309639,17.092117,16.764816,17.598785,17.146553,17.055817,17.110275,16.874062,17.345833,17.237198,17.562698,17.110275,17.110275,17.436272,17.200951,16.454536,17.490471,17.092117,16.673668,17.255310,17.164696,17.146553,17.327736,17.237198,16.892258,17.309639,17.219078,17.073982,16.764816,17.436272,17.182823,16.892258,17.219078,17.309639,17.200951,17.073982,16.964989,17.309639,17.219078,16.983162,17.598785,17.164696,17.327736,17.110275,17.382019,16.874062,18.030663,17.472412,17.779015,16.964989,17.490471,16.874062,17.490471,17.164696,17.580750,17.309639,17.598785,17.327736,17.418190,17.327736,17.616829,17.580750,17.670921,17.850990,17.886955,17.200951,18.102425,18.030663,17.922905,17.490471,17.508537,17.797005,18.192039,17.761002,17.634865,17.742996,18.424599,17.508537,17.976807,17.868965,17.797005,17.670921,17.598785,17.922905,17.598785,17.994759,17.382019,17.562698,17.309639,17.200951,17.742996,17.436272,17.291534,17.273430,17.922905,17.345833,17.164696,17.146553,17.472412,16.892258,16.746590,16.564171,16.783035,16.637184,16.564171,16.326462,16.253181,16.710136,16.600693,16.271500,16.051353,16.344765,16.326462,16.051353,15.517014,15.350533,15.424561,15.090919,14.588127,14.176346,14.007355,14.082504,14.345024,14.007355,14.120049,14.550774,14.213860,14.082504,13.743858,14.213860,14.082504,13.668427,13.856880,15.109489,14.138817,14.419891,14.345024,13.819221,13.819221,14.550774,13.536285,14.476006,13.517403,14.026146,13.913338,14.419891,13.988556,14.457298,14.120049,14.157593,13.969765,14.419891,14.157593,14.138817,13.838051,14.044937,14.044937,14.438606,14.625465,14.213860,13.932144,14.176346,13.856880,13.536285,13.762703,13.441788,13.366112,12.586906,
14.550774,15.183723,14.979439,14.886414,14.923637,14.886414,14.905037,15.202286,15.202286,15.701637,14.625465,15.683197,15.183723,14.998024,15.128059,15.257896,15.239365,15.535500,15.332008,14.923637,15.072350,15.109489,15.313492,15.109489,14.774681,15.294960,15.294960,14.960838,15.627831,15.239365,15.590912,14.718750,15.276436,15.572441,15.016617,15.220818,15.553970,15.313492,15.128059,15.553970,15.646294,15.424561,14.960838,14.998024,15.959457,15.683197,16.106438,15.885872,15.590912,15.517014,15.701637,15.387550,15.498535,15.885872,15.350533,15.146614,15.683197,15.941071,16.216530,15.701637,15.904274,16.088081,15.664742,16.032974,15.480049,15.387550,16.051353,16.014603,15.720085,16.106438,16.032974,15.646294,15.867470,15.775375,15.590912,15.793800,15.738518,15.904274,15.904274,15.867470,15.369041,16.032974,15.941071,15.756950,15.406059,15.553970,15.646294,15.977844,16.106438,15.738518,16.032974,16.106438,15.959457,16.216530,15.959457,15.793800,16.399666,16.326462,16.179840,15.793800,16.143143,15.812218,15.996223,15.977844,15.609375,15.922668,15.904274,15.830643,16.637184,16.032974,16.417961,15.977844,16.564171,15.959457,16.344765,15.904274,16.271500,16.527649,16.106438,16.399666,16.124794,16.472824,16.436256,15.646294,16.234848,16.289825,16.527649,16.051353,16.381371,16.564171,16.764816,16.436256,16.106438,16.179840,16.051353,16.088081,16.253181,16.253181,16.234848,16.308144,16.271500,15.867470,16.179840,16.344765,16.271500,15.904274,16.691910,16.417961,16.308144,16.271500,16.454536,16.032974,16.124794,16.600693,16.728371,16.161499,16.618950,16.253181,16.637184,16.964989,16.764816,16.728371,16.710136,16.564171,16.964989,16.837654,16.582436,16.874062,16.527649,16.472824,16.637184,16.746590,17.309639,17.345833,17.037659,17.092117,17.146553,17.363930,17.345833,17.472412,17.255310,17.598785,17.345833,17.418190,17.580750,17.976807,17.472412,17.779015,17.363930,17.850990,17.761002,18.174133,17.327736,18.066551,18.156204,18.138290,18.174133,18.174133,17.904930,18.138290,18.585213,18.066551,18.460312,18.281563,18.656494,18.370995,18.227867,18.567383,18.245766,18.317345,18.692123,18.674309,18.692123,18.638680,19.153755,18.620857,18.567383,18.763306,18.941017,18.905502,19.136055,19.189156,18.549545,19.065178,19.206863,18.905502,19.277603,19.312950,19.242241,19.100624,19.436554,19.542351,19.330627,19.454201,19.100624,19.082909,19.011993,19.295280,18.816666,19.065178,18.869980,19.507095,19.365944,19.136055,18.763306,19.295280,19.100624,19.065178,18.994255,19.648003,19.118340,19.029732,19.029732,19.507095,19.189156,19.295280,19.559967,19.630394,19.471832,19.489464,19.189156,19.418907,19.242241,19.295280,19.206863,19.735939,18.869980,19.065178,19.507095,19.242241,19.224541,19.100624,19.153755,19.330627,18.923264,19.136055,19.136055,18.798882,18.976524,18.923264,18.923264,18.976524,19.206863,19.029732,18.852211,18.994255,18.994255,19.383614,19.418907,19.171471,19.312950,18.941017,19.029732,19.206863,18.958771,18.869980,18.763306,19.118340,19.489464,18.763306,19.118340,18.816666,19.224541,18.905502,18.869980,19.171471,19.206863,19.189156,19.118340,18.994255,18.976524,19.454201,19.100624,19.047462,18.905502,18.923264,19.383614,18.692123,19.295280,19.082909,18.709923,18.620857,18.656494,18.442459,18.567383,18.958771,18.066551,18.281563,17.886955,17.327736,17.868965,17.562698,17.833000,17.850990,17.382019,17.382019,17.670921,17.436272,17.092117,16.983162,17.562698,17.400101,17.110275,17.255310,17.073982,17.400101,17.273430,17.146553,17.037659,17.055817,17.110275,17.128418,17.055817,17.037659,17.580750,17.055817,16.855865,16.564171,17.001335,17.001335,17.055817,16.892258,16.783035,16.946808,16.801247,17.092117,16.928627,16.910439,16.983162,17.001335,17.182823,16.545914,16.874062,16.964989,16.964989,17.055817,17.128418,17.237198,17.037659,16.837654,17.182823,17.291534,16.801247,16.819458,17.291534,17.472412,16.837654,17.128418,16.983162,16.874062,17.237198,16.928627,16.983162,17.019493,17.219078,17.363930,17.019493,17.200951,17.073982,16.819458,16.910439,17.164696,17.454338,16.946808,16.801247,17.327736,17.490471,17.001335,17.363930,17.724983,16.983162,17.219078,16.910439,16.928627,16.837654,17.309639,17.092117,16.928627,17.472412,17.309639,17.219078,17.616829,17.237198,17.219078,17.255310,17.219078,17.797005,17.164696,17.454338,16.801247,17.291534,17.327736,17.670921,17.146553,17.472412,16.710136,17.779015,17.092117,17.309639,17.255310,17.706970,17.291534,17.273430,17.526596,17.436272,17.327736,17.472412,16.928627,17.219078,16.655434,17.073982,17.001335,17.146553,17.182823,17.418190,17.001335,17.019493,17.146553,17.200951,17.182823,17.001335,17.037659,16.964989,17.454338,17.490471,16.964989,17.273430,17.382019,17.363930,17.219078,17.037659,17.580750,17.092117,16.673668,17.580750,17.200951,16.746590,16.874062,16.983162,17.182823,17.327736,17.652901,17.327736,17.164696,16.928627,17.037659,16.746590,16.964989,17.037659,17.309639,16.892258,16.946808,16.855865,16.637184,17.073982,16.819458,17.309639,17.382019,17.345833,17.073982,17.055817,17.436272,16.946808,17.055817,16.746590,16.910439,17.616829,17.200951,17.110275,16.892258,16.819458,17.490471,16.946808,17.634865,17.580750,16.746590,16.746590,17.273430,17.291534,17.110275,17.472412,16.946808,17.490471,17.472412,17.110275,17.779015,17.688942,17.526596,17.526596,17.110275,17.562698,17.291534,17.508537,17.652901,17.544655,17.345833,17.724983,17.436272,17.994759,17.688942,17.724983,17.309639,17.634865,17.886955,18.370995,17.815002,18.102425,17.994759,17.616829,17.833000,17.490471,18.192039,17.779015,17.886955,17.833000,17.400101,17.904930,17.886955,17.833000,17.634865,17.219078,17.382019,17.382019,17.670921,17.490471,17.092117,17.128418,17.490471,16.946808,16.855865,16.874062,16.764816,17.291534,17.073982,16.600693,16.600693,15.977844,16.509377,16.910439,16.545914,16.545914,16.032974,16.399666,16.032974,15.313492,15.627831,16.088081,14.960838,15.424561,14.662788,14.756035,14.681450,14.251350,14.288834,13.762703,14.232613,13.838051,14.063721,13.781540,14.401184,14.138817,14.363747,13.838051,14.120049,14.044937,14.288834,14.007355,14.662788,13.781540,14.082504,14.082504,13.988556,14.213860,14.044937,14.232613,14.138817,14.176346,14.101280,13.988556,13.913338,14.157593,14.457298,14.382469,13.875710,14.793312,14.588127,14.026146,14.213860,13.668427,13.498497,14.270103,14.457298,14.513397,13.649567,12.853714,13.536285,14.007355,13.819221,13.138725,12.701340,
14.307571,14.886414,15.609375,15.090919,15.183723,15.053780,14.756035,14.588127,14.886414,14.569450,15.202286,14.886414,15.332008,14.979439,15.072350,14.811943,15.406059,14.998024,14.998024,15.220818,14.923637,14.625465,15.553970,15.053780,14.588127,15.109489,15.424561,15.849052,15.553970,15.220818,14.867805,14.979439,14.886414,15.498535,15.443062,15.294960,15.406059,15.369041,15.369041,14.830566,15.276436,15.424561,14.923637,15.590912,14.942238,15.517014,15.480049,15.276436,16.014603,15.332008,15.553970,15.443062,15.090919,15.572441,15.590912,15.313492,15.830643,15.535500,15.498535,15.313492,15.959457,15.257896,15.590912,15.276436,15.220818,15.276436,16.106438,15.461563,15.406059,16.161499,15.867470,15.202286,15.720085,15.535500,15.535500,15.793800,15.369041,15.609375,15.590912,15.664742,15.350533,15.646294,15.867470,15.183723,15.720085,15.406059,15.683197,15.294960,15.959457,15.812218,15.996223,15.535500,15.849052,15.461563,15.830643,15.720085,15.756950,16.051353,15.239365,15.959457,16.014603,15.885872,15.683197,16.253181,16.069710,15.572441,15.720085,15.720085,16.363075,15.941071,15.683197,16.179840,16.216530,15.793800,15.996223,15.812218,15.756950,15.941071,15.867470,15.775375,15.941071,16.051353,16.143143,15.812218,15.830643,15.867470,15.885872,16.124794,15.793800,15.720085,16.069710,15.812218,16.161499,16.564171,15.977844,16.582436,15.959457,16.216530,15.996223,16.545914,16.198189,16.106438,15.959457,16.198189,16.014603,16.014603,16.179840,15.904274,15.922668,16.234848,16.308144,15.941071,16.051353,16.381371,16.161499,16.344765,16.436256,16.308144,16.417961,15.793800,16.198189,16.344765,16.363075,16.527649,16.271500,16.454536,16.454536,16.399666,16.618950,16.051353,16.746590,16.637184,16.819458,17.019493,17.073982,16.946808,17.001335,17.327736,17.345833,17.291534,16.910439,17.363930,17.454338,17.382019,17.255310,17.833000,17.688942,17.598785,17.688942,17.958839,18.048607,17.490471,17.761002,17.886955,17.580750,17.815002,18.174133,18.192039,17.868965,18.263664,18.192039,18.263664,18.120361,18.192039,18.245766,18.192039,18.513863,18.299454,18.245766,18.174133,18.656494,18.263664,18.905502,18.620857,18.674309,18.424599,18.370995,18.798882,19.029732,18.424599,18.727722,18.745514,18.798882,18.798882,18.923264,19.100624,19.365944,18.531708,19.082909,18.620857,19.136055,18.941017,19.029732,18.994255,19.348289,19.189156,18.994255,18.763306,19.118340,19.577583,19.136055,19.224541,19.189156,18.958771,19.259926,19.348289,19.471832,19.065178,19.100624,19.259926,19.471832,19.189156,18.976524,19.735939,19.471832,19.401253,19.577583,19.718353,19.436554,19.047462,18.709923,19.242241,19.171471,19.065178,19.330627,19.418907,19.153755,19.065178,19.312950,19.277603,19.082909,19.259926,18.976524,18.905502,19.242241,19.348289,19.047462,19.047462,19.224541,18.798882,19.153755,18.442459,18.976524,18.638680,18.674309,19.029732,18.941017,19.136055,18.460312,18.958771,18.816666,18.781090,18.852211,18.781090,19.118340,18.781090,19.011993,19.259926,19.065178,19.065178,18.976524,18.763306,19.577583,19.224541,19.082909,19.047462,19.100624,18.531708,19.224541,18.887749,18.994255,19.011993,18.958771,19.171471,18.709923,19.029732,19.171471,19.242241,18.656494,18.281563,18.638680,18.887749,18.549545,18.281563,18.299454,18.281563,18.442459,18.442459,18.442459,18.012718,17.994759,17.761002,17.652901,17.562698,17.634865,17.110275,17.688942,17.454338,17.055817,17.490471,17.200951,17.092117,17.454338,17.019493,16.928627,17.382019,16.837654,16.946808,16.964989,17.001335,17.327736,16.618950,16.746590,17.219078,16.710136,16.600693,16.855865,17.001335,16.655434,17.001335,16.710136,17.110275,16.637184,17.309639,16.874062,17.128418,17.345833,17.019493,16.946808,17.182823,16.564171,16.892258,16.764816,16.564171,16.801247,16.983162,16.837654,16.837654,17.345833,17.128418,17.670921,17.001335,17.037659,17.291534,16.928627,17.128418,16.819458,17.055817,17.055817,17.200951,16.764816,17.110275,17.001335,16.783035,16.946808,16.892258,16.472824,17.345833,16.874062,17.327736,16.764816,17.273430,16.728371,17.164696,16.691910,17.255310,17.200951,17.345833,17.382019,16.801247,16.983162,16.253181,17.001335,16.801247,16.928627,17.382019,17.382019,17.200951,17.128418,17.418190,16.855865,17.688942,17.418190,17.237198,17.037659,17.255310,17.110275,16.855865,17.382019,17.164696,17.309639,17.291534,17.327736,16.874062,17.454338,17.237198,17.616829,17.128418,16.783035,16.928627,17.436272,17.146553,17.327736,17.146553,17.019493,16.783035,17.073982,16.910439,17.219078,16.874062,17.273430,16.892258,16.892258,17.146553,17.291534,17.327736,17.019493,16.764816,17.490471,16.928627,17.001335,16.417961,17.418190,16.746590,16.783035,17.001335,17.742996,16.764816,17.345833,17.073982,16.910439,17.073982,17.092117,17.382019,17.616829,17.001335,17.688942,17.073982,16.983162,17.001335,17.200951,16.837654,17.073982,16.855865,17.309639,16.910439,17.309639,16.964989,16.819458,17.037659,17.164696,17.128418,16.928627,16.855865,16.691910,16.946808,17.128418,16.564171,17.182823,16.964989,16.801247,16.892258,17.073982,16.946808,16.783035,16.819458,16.983162,17.037659,17.472412,17.037659,16.819458,17.200951,17.436272,16.728371,17.164696,16.600693,17.128418,16.710136,16.928627,17.382019,17.037659,17.382019,17.200951,17.345833,17.200951,17.237198,17.634865,17.436272,17.454338,17.562698,17.598785,17.544655,17.128418,17.508537,17.345833,18.084496,17.994759,17.833000,17.761002,17.309639,17.436272,18.048607,17.652901,17.598785,17.562698,17.994759,18.406731,17.815002,17.850990,18.174133,17.490471,17.508537,18.138290,17.309639,18.012718,17.418190,17.526596,17.724983,17.526596,17.508537,17.291534,17.508537,17.580750,17.327736,17.128418,17.418190,17.073982,17.092117,16.710136,17.309639,17.562698,17.291534,16.308144,16.673668,16.564171,16.564171,16.545914,16.491104,16.783035,16.564171,16.728371,16.014603,16.216530,16.308144,16.289825,15.535500,15.885872,15.202286,14.942238,14.905037,14.569450,14.007355,13.838051,14.101280,14.082504,13.441788,13.932144,13.479599,14.157593,14.756035,14.213860,14.569450,14.063721,14.419891,13.838051,13.838051,14.157593,14.270103,14.494698,14.007355,14.026146,13.517403,14.345024,14.007355,14.120049,14.251350,13.950951,14.157593,13.913338,14.044937,13.913338,13.988556,13.856880,14.101280,13.422867,14.063721,14.288834,14.157593,14.044937,13.913338,13.706154,13.668427,13.385033,13.950951,13.706154,13.630692,13.687294,13.743858,13.574066,12.605988,
14.382469,15.016617,14.867805,14.756035,15.109489,14.513397,14.905037,14.382469,14.382469,14.811943,15.257896,14.886414,15.053780,15.165176,14.363747,14.513397,15.183723,14.644127,14.606796,14.942238,14.251350,14.737404,14.923637,14.438606,15.276436,15.016617,14.756035,14.588127,14.588127,15.239365,15.090919,14.960838,14.718750,14.774681,14.382469,14.457298,15.165176,15.165176,14.998024,15.053780,15.165176,14.793312,14.532082,15.016617,15.239365,15.072350,14.867805,14.737404,14.830566,14.960838,15.016617,15.387550,15.443062,15.220818,15.220818,14.998024,15.202286,15.480049,15.128059,15.202286,15.090919,14.886414,15.369041,15.517014,15.109489,15.369041,15.035194,14.867805,15.701637,14.830566,15.090919,15.239365,15.720085,15.498535,15.480049,15.480049,15.701637,14.886414,15.332008,15.294960,15.090919,15.183723,15.775375,15.035194,15.257896,15.332008,15.443062,15.257896,15.461563,15.313492,15.738518,15.498535,15.424561,15.369041,15.646294,15.849052,15.646294,15.128059,15.517014,15.683197,15.756950,15.535500,15.609375,15.849052,15.701637,15.461563,15.812218,15.683197,15.701637,15.072350,15.202286,15.830643,16.088081,15.609375,15.664742,15.517014,15.849052,15.572441,15.553970,15.590912,15.904274,15.756950,15.239365,15.812218,15.756950,15.387550,16.088081,15.922668,15.332008,15.922668,15.517014,15.517014,15.720085,15.720085,16.161499,15.793800,16.106438,16.106438,15.959457,15.683197,15.775375,16.014603,15.517014,15.775375,16.032974,15.849052,15.387550,16.454536,15.793800,15.276436,16.161499,15.959457,16.032974,15.959457,15.701637,15.627831,16.106438,16.161499,16.014603,16.271500,16.234848,15.996223,16.564171,16.399666,16.143143,16.289825,16.417961,16.198189,16.381371,16.874062,16.928627,16.618950,16.964989,17.146553,17.073982,16.710136,17.182823,16.764816,17.255310,17.146553,17.616829,17.273430,17.652901,17.562698,17.490471,17.544655,17.634865,17.797005,17.598785,17.508537,17.634865,17.706970,17.508537,17.779015,17.886955,17.580750,17.976807,17.706970,18.030663,17.886955,18.245766,17.994759,18.442459,17.976807,18.138290,18.496017,18.335236,17.994759,18.317345,18.531708,18.478165,18.174133,18.567383,18.781090,18.745514,18.745514,18.656494,18.424599,18.781090,18.406731,18.816666,18.603035,19.242241,18.603035,18.798882,18.816666,19.011993,19.082909,18.620857,18.674309,18.656494,19.029732,19.242241,18.852211,18.763306,18.905502,18.674309,18.692123,19.065178,18.834435,19.082909,18.798882,18.549545,18.603035,18.674309,19.189156,18.852211,19.224541,19.171471,19.348289,19.312950,19.136055,19.206863,19.242241,18.905502,19.171471,18.798882,19.206863,19.401253,19.348289,18.976524,18.709923,19.153755,19.365944,19.136055,18.941017,18.976524,18.798882,18.887749,19.242241,19.100624,19.118340,18.941017,18.585213,19.047462,18.923264,18.994255,18.709923,18.994255,18.549545,19.047462,18.692123,18.424599,18.620857,18.460312,18.816666,18.620857,19.011993,19.100624,18.603035,18.603035,18.798882,19.029732,18.816666,18.958771,18.798882,19.065178,18.887749,18.905502,18.905502,18.834435,18.388855,19.100624,18.567383,18.869980,18.406731,18.603035,18.620857,18.852211,18.852211,19.118340,18.816666,18.763306,18.923264,18.727722,19.136055,19.206863,18.958771,18.709923,18.460312,18.496017,18.424599,18.496017,18.549545,18.120361,17.940880,18.478165,17.742996,17.940880,18.102425,17.688942,17.616829,17.797005,17.580750,17.490471,17.490471,17.291534,16.801247,16.801247,17.309639,17.019493,16.983162,16.837654,17.055817,16.637184,17.255310,17.019493,16.892258,16.928627,17.037659,16.655434,16.874062,16.344765,16.801247,17.110275,16.874062,16.874062,16.399666,16.983162,16.454536,16.746590,16.582436,16.946808,16.764816,16.637184,16.417961,16.582436,16.637184,16.691910,16.764816,16.819458,17.182823,16.691910,16.928627,17.273430,16.582436,16.710136,17.019493,16.564171,16.673668,16.764816,16.491104,16.509377,16.837654,17.019493,17.055817,17.037659,16.928627,16.618950,16.764816,16.746590,16.399666,17.200951,16.582436,16.637184,17.309639,16.819458,16.655434,16.801247,16.582436,17.164696,17.001335,17.037659,17.001335,16.691910,16.545914,17.200951,17.019493,17.019493,16.819458,16.746590,17.001335,17.092117,17.019493,17.019493,17.255310,17.092117,16.946808,17.382019,16.910439,17.001335,17.164696,17.182823,16.892258,17.472412,17.273430,17.092117,17.237198,16.764816,17.309639,17.219078,17.110275,17.291534,17.055817,17.237198,17.182823,17.237198,16.983162,16.837654,17.092117,17.037659,17.092117,16.746590,16.910439,16.801247,17.128418,17.255310,16.764816,17.616829,17.291534,16.946808,16.874062,17.073982,16.618950,17.128418,17.580750,16.728371,17.382019,17.182823,16.964989,16.655434,16.928627,16.819458,17.182823,17.200951,17.219078,17.382019,16.746590,16.746590,17.073982,16.946808,16.637184,16.946808,17.019493,16.837654,16.983162,17.092117,17.110275,16.746590,17.092117,17.073982,17.164696,16.600693,16.417961,16.637184,16.618950,17.345833,16.234848,17.073982,17.073982,17.019493,17.219078,16.637184,16.088081,16.491104,16.381371,16.855865,16.600693,17.237198,16.764816,16.728371,17.037659,16.764816,16.088081,16.545914,17.128418,16.910439,16.983162,16.764816,17.037659,16.728371,16.600693,17.182823,16.819458,17.001335,16.454536,17.327736,16.710136,16.946808,17.164696,17.055817,16.946808,16.874062,17.327736,17.345833,17.291534,17.219078,17.363930,17.382019,17.400101,17.526596,17.742996,17.670921,17.670921,17.868965,17.055817,17.688942,18.102425,17.779015,18.370995,17.815002,17.508537,17.922905,17.436272,17.688942,18.281563,17.742996,17.219078,18.102425,17.508537,18.335236,17.833000,18.174133,18.138290,18.120361,17.815002,17.976807,17.092117,17.309639,17.868965,17.382019,17.219078,17.237198,17.724983,17.562698,17.110275,17.219078,16.837654,17.526596,17.092117,16.946808,17.400101,16.874062,17.146553,16.710136,16.928627,17.400101,16.363075,16.728371,16.855865,16.491104,16.106438,16.655434,15.959457,15.996223,15.257896,15.387550,15.202286,15.072350,14.886414,14.157593,14.419891,14.026146,14.063721,14.120049,13.932144,13.875710,14.213860,13.819221,13.988556,14.457298,14.044937,13.875710,14.401184,14.307571,14.120049,14.138817,14.138817,13.592949,13.913338,14.270103,14.251350,14.157593,13.894524,14.157593,14.363747,14.588127,13.950951,14.138817,14.307571,13.479599,13.913338,13.517403,13.875710,13.649567,14.270103,14.213860,14.101280,13.781540,13.630692,13.856880,13.062805,13.385033,14.007355,13.309326,13.100769,13.385033,13.743858,13.517403,12.586906,
14.345024,13.838051,14.307571,14.588127,14.606796,14.718750,14.513397,14.905037,14.756035,14.774681,14.793312,14.476006,14.867805,14.007355,14.213860,14.774681,14.737404,14.532082,14.830566,14.513397,14.569450,14.457298,14.382469,15.128059,14.213860,14.737404,14.213860,14.550774,14.176346,14.811943,14.232613,14.737404,14.419891,14.513397,15.517014,14.811943,14.662788,15.072350,14.662788,14.867805,14.438606,14.886414,14.588127,15.220818,14.979439,14.849190,15.220818,14.606796,15.294960,14.811943,15.332008,14.494698,15.183723,14.960838,15.183723,15.406059,14.700096,14.811943,15.294960,14.942238,15.239365,14.998024,15.053780,14.588127,15.165176,14.232613,14.830566,15.053780,14.774681,14.793312,15.146614,15.369041,14.644127,15.313492,15.128059,15.294960,14.606796,14.793312,15.812218,15.202286,15.406059,14.998024,15.332008,15.276436,15.294960,15.053780,15.239365,15.332008,15.387550,15.239365,14.606796,15.239365,15.146614,14.942238,15.146614,15.146614,15.313492,15.128059,14.867805,15.053780,15.369041,15.553970,15.849052,15.480049,15.480049,15.332008,15.443062,15.276436,14.905037,15.276436,15.535500,15.239365,15.664742,15.590912,15.553970,14.998024,15.609375,15.350533,15.720085,15.535500,15.369041,15.590912,15.572441,15.867470,15.276436,15.480049,15.498535,15.683197,15.646294,15.220818,15.609375,15.535500,15.072350,15.332008,15.498535,15.332008,15.683197,15.146614,15.294960,15.756950,15.664742,15.720085,15.977844,15.313492,15.443062,15.609375,15.922668,15.406059,15.406059,15.553970,15.720085,15.590912,15.885872,15.701637,15.756950,16.106438,15.756950,15.941071,15.738518,15.443062,15.996223,15.498535,15.775375,16.069710,16.179840,15.849052,16.344765,16.124794,16.637184,16.564171,16.381371,16.600693,16.928627,16.983162,17.037659,16.764816,16.983162,17.291534,17.037659,17.019493,17.255310,17.400101,17.363930,17.382019,17.454338,17.562698,17.761002,17.309639,17.922905,17.652901,17.327736,17.418190,17.815002,17.815002,17.868965,17.291534,17.850990,18.066551,17.490471,18.263664,17.922905,18.138290,17.706970,18.227867,18.263664,18.442459,18.370995,18.066551,18.174133,18.030663,18.174133,18.084496,18.156204,18.406731,18.709923,18.442459,18.066551,18.620857,18.299454,18.603035,18.958771,18.478165,18.745514,18.638680,18.905502,18.994255,18.709923,18.958771,19.065178,19.100624,19.047462,18.620857,19.330627,18.852211,18.798882,18.781090,18.852211,18.549545,18.727722,18.887749,18.834435,18.549545,18.531708,18.656494,18.638680,19.082909,19.047462,18.798882,18.549545,18.905502,18.994255,18.994255,19.136055,19.348289,19.224541,19.136055,18.692123,19.011993,19.224541,18.852211,18.763306,18.763306,19.100624,18.994255,18.585213,19.153755,18.816666,18.869980,19.029732,18.905502,18.905502,18.852211,18.727722,18.781090,18.656494,18.816666,18.852211,18.513863,18.763306,18.406731,18.692123,18.299454,18.905502,18.281563,18.460312,18.692123,19.011993,18.370995,18.976524,18.245766,18.567383,19.171471,18.245766,18.941017,18.834435,18.905502,19.029732,18.816666,18.496017,18.763306,18.852211,18.585213,18.692123,18.869980,18.406731,18.478165,18.692123,18.781090,18.763306,19.136055,18.620857,18.567383,18.834435,18.905502,18.656494,18.531708,18.798882,18.620857,18.798882,18.567383,18.620857,19.029732,18.834435,18.620857,18.353111,17.562698,18.174133,17.724983,18.281563,17.724983,17.580750,17.472412,17.598785,17.164696,17.490471,17.237198,17.164696,16.710136,17.200951,17.037659,17.001335,17.454338,16.764816,16.545914,16.527649,16.216530,16.764816,16.381371,16.271500,16.143143,16.344765,16.271500,16.618950,16.399666,16.564171,16.472824,16.363075,16.600693,16.289825,16.710136,16.637184,16.637184,16.819458,16.783035,16.399666,16.436256,16.746590,16.216530,16.637184,16.600693,16.545914,16.509377,16.582436,16.454536,16.673668,16.436256,16.764816,16.673668,16.545914,16.545914,16.582436,16.545914,16.764816,17.073982,16.801247,16.491104,16.436256,16.582436,17.019493,16.746590,16.527649,16.179840,16.618950,16.436256,16.673668,16.655434,16.454536,16.946808,16.801247,16.728371,16.691910,16.746590,16.837654,16.637184,16.655434,16.691910,16.837654,16.910439,16.964989,17.200951,17.001335,16.491104,16.436256,17.219078,17.001335,16.874062,16.618950,16.728371,17.182823,16.892258,16.545914,16.783035,16.746590,16.910439,16.855865,16.837654,16.491104,16.491104,16.983162,16.928627,16.801247,16.454536,17.073982,16.837654,16.710136,16.819458,17.128418,16.819458,16.910439,16.946808,17.237198,17.055817,17.146553,16.801247,17.164696,16.964989,17.110275,16.527649,17.128418,16.946808,16.946808,17.146553,16.855865,16.855865,16.964989,16.545914,16.710136,16.855865,16.855865,16.363075,16.710136,16.837654,16.983162,17.092117,17.019493,17.092117,17.128418,16.892258,17.073982,16.946808,16.655434,16.691910,16.946808,16.783035,16.892258,16.436256,16.837654,17.001335,17.037659,16.527649,17.182823,16.472824,16.326462,16.783035,16.655434,17.019493,16.582436,16.491104,16.637184,16.655434,16.417961,16.764816,16.655434,16.363075,17.200951,17.019493,16.363075,17.146553,16.527649,16.582436,16.618950,16.710136,16.928627,16.892258,16.764816,16.545914,16.855865,16.746590,16.764816,16.472824,17.019493,16.855865,17.110275,16.564171,16.983162,17.073982,16.673668,16.892258,16.874062,17.110275,16.600693,17.200951,17.037659,17.110275,16.728371,17.436272,17.436272,17.850990,17.128418,17.454338,17.273430,17.255310,17.833000,17.886955,18.012718,17.400101,18.048607,17.616829,17.345833,17.526596,17.508537,17.815002,18.030663,17.598785,18.335236,17.400101,18.048607,17.562698,17.940880,17.976807,17.904930,17.815002,18.156204,17.868965,18.174133,17.779015,17.382019,17.742996,17.761002,17.418190,17.363930,17.815002,17.472412,17.797005,17.544655,17.508537,16.837654,17.418190,17.146553,16.764816,17.634865,17.652901,16.801247,16.874062,16.673668,16.746590,16.983162,17.255310,16.637184,16.472824,16.600693,16.728371,16.271500,16.472824,15.849052,15.701637,15.461563,15.294960,15.572441,14.681450,14.905037,14.270103,14.438606,14.326302,13.950951,13.592949,13.800392,13.706154,13.800392,14.550774,13.649567,13.988556,14.063721,13.781540,14.270103,13.441788,13.687294,14.270103,14.438606,14.176346,14.120049,14.251350,14.007355,14.213860,13.781540,13.838051,13.649567,13.290382,14.438606,13.838051,13.950951,13.875710,14.101280,13.950951,13.913338,14.195114,13.800392,13.592949,13.706154,14.157593,13.649567,13.668427,13.838051,13.781540,13.517403,13.460693,13.950951,14.082504,12.986824,12.510529,
13.649567,14.063721,14.513397,14.457298,14.363747,14.718750,14.101280,14.120049,14.382469,14.345024,14.326302,14.213860,14.101280,14.457298,13.913338,14.007355,14.138817,14.569450,14.345024,14.232613,13.838051,14.569450,14.494698,14.363747,14.307571,14.774681,14.700096,14.195114,14.476006,14.232613,13.838051,14.625465,14.213860,14.532082,14.363747,14.849190,14.681450,14.886414,14.718750,13.950951,14.923637,14.662788,14.494698,14.457298,14.513397,14.811943,14.644127,14.644127,14.569450,14.830566,14.942238,14.662788,14.232613,14.849190,14.363747,14.867805,15.165176,14.700096,14.830566,14.363747,15.313492,14.886414,15.406059,14.867805,14.588127,14.401184,14.849190,14.700096,14.588127,15.128059,14.886414,14.774681,14.718750,14.718750,15.016617,14.905037,14.830566,14.886414,14.979439,15.016617,15.090919,14.830566,15.109489,14.979439,15.035194,14.606796,15.257896,15.035194,15.294960,14.662788,14.942238,15.109489,15.332008,15.424561,15.053780,15.165176,15.090919,14.923637,15.090919,14.905037,14.923637,15.016617,15.016617,15.332008,14.979439,15.165176,15.313492,14.923637,14.811943,15.701637,15.350533,15.590912,15.498535,15.239365,15.350533,14.942238,15.090919,15.683197,15.313492,15.053780,14.998024,15.165176,15.683197,15.294960,15.053780,15.165176,14.811943,15.738518,14.960838,15.109489,15.220818,14.979439,15.517014,15.424561,15.590912,15.109489,15.590912,15.313492,15.016617,15.627831,15.480049,15.443062,15.756950,15.220818,15.239365,15.406059,15.406059,15.350533,15.646294,15.609375,15.609375,15.812218,15.646294,15.701637,15.683197,15.627831,15.627831,15.775375,15.849052,15.406059,15.443062,15.424561,15.904274,16.289825,16.124794,15.922668,16.179840,16.527649,16.454536,16.655434,16.326462,16.454536,16.582436,16.964989,16.837654,16.928627,17.001335,17.146553,16.928627,16.746590,17.472412,17.526596,17.761002,17.508537,17.309639,17.291534,17.164696,17.526596,17.436272,17.418190,17.868965,17.382019,17.345833,17.779015,17.436272,17.382019,17.779015,17.526596,17.850990,17.580750,17.922905,18.227867,17.688942,17.652901,18.209953,18.156204,18.317345,17.742996,18.460312,17.904930,18.353111,18.263664,17.994759,18.442459,18.513863,18.209953,18.478165,18.263664,18.513863,18.442459,18.958771,18.531708,18.745514,18.976524,19.082909,18.513863,18.620857,18.674309,18.923264,18.478165,19.206863,18.585213,18.531708,18.531708,18.620857,18.781090,18.958771,18.603035,18.406731,18.424599,18.513863,18.263664,18.852211,18.603035,18.585213,18.763306,18.923264,19.082909,18.513863,18.727722,18.976524,19.047462,19.153755,18.709923,18.798882,18.745514,18.531708,18.852211,18.976524,19.029732,18.549545,18.745514,19.242241,18.923264,18.638680,18.941017,18.603035,18.816666,18.852211,18.852211,18.781090,18.852211,18.852211,18.603035,18.834435,18.798882,18.496017,18.317345,18.281563,18.816666,18.585213,18.263664,18.923264,18.406731,18.763306,18.603035,18.353111,18.603035,18.531708,18.370995,18.603035,18.478165,18.656494,18.531708,18.263664,18.603035,18.603035,18.460312,18.496017,18.424599,18.567383,18.460312,18.299454,18.442459,18.442459,18.424599,18.227867,18.406731,18.478165,18.317345,18.887749,18.585213,18.120361,18.478165,18.335236,18.585213,18.781090,18.567383,18.460312,18.567383,18.834435,18.869980,17.976807,18.281563,18.263664,17.958839,18.102425,17.742996,17.994759,17.670921,17.182823,17.670921,17.092117,17.255310,17.327736,17.128418,16.946808,16.509377,16.527649,16.014603,16.728371,16.801247,16.618950,16.234848,16.436256,16.436256,16.051353,16.124794,16.363075,16.289825,16.600693,16.527649,16.014603,16.051353,16.179840,16.783035,16.454536,16.436256,16.308144,16.363075,15.922668,16.161499,16.363075,16.088081,16.198189,16.179840,16.179840,16.308144,15.959457,16.472824,16.399666,15.959457,16.308144,15.977844,16.032974,16.363075,16.764816,15.977844,16.124794,16.363075,16.582436,15.977844,16.819458,16.436256,16.436256,16.436256,16.527649,16.308144,16.161499,16.381371,16.161499,16.234848,16.491104,16.491104,16.764816,16.344765,16.326462,16.618950,16.271500,16.124794,16.691910,16.381371,16.326462,15.885872,16.069710,16.417961,16.454536,16.564171,16.472824,16.381371,16.600693,16.436256,16.436256,16.381371,16.801247,16.436256,16.326462,16.417961,16.637184,16.637184,16.618950,16.783035,16.618950,16.271500,16.582436,16.363075,16.637184,17.055817,16.783035,16.655434,17.110275,16.764816,16.344765,16.326462,16.454536,16.710136,16.527649,16.746590,16.728371,16.655434,16.746590,16.691910,16.545914,16.710136,16.124794,16.637184,17.073982,16.289825,16.637184,16.436256,16.874062,17.055817,16.637184,16.051353,16.855865,16.582436,16.509377,16.381371,16.088081,16.600693,16.472824,16.545914,16.509377,16.069710,16.436256,16.326462,16.673668,16.892258,16.582436,16.198189,16.964989,16.764816,16.819458,16.253181,16.436256,16.417961,16.472824,17.019493,16.637184,16.417961,16.454536,16.673668,16.454536,16.491104,16.527649,16.783035,16.910439,16.564171,16.472824,16.691910,16.545914,16.032974,16.545914,16.454536,16.564171,16.509377,16.710136,16.545914,16.801247,16.801247,16.491104,16.436256,16.399666,16.069710,16.637184,16.618950,16.691910,16.728371,16.472824,16.582436,17.037659,16.545914,16.819458,16.673668,16.564171,16.655434,17.037659,16.655434,16.928627,17.237198,17.580750,17.092117,17.490471,16.564171,17.164696,17.110275,16.855865,16.928627,17.724983,17.418190,16.983162,17.616829,17.526596,17.418190,17.580750,17.868965,17.958839,17.976807,17.833000,17.418190,18.084496,17.363930,17.616829,17.092117,17.472412,17.994759,17.904930,17.904930,18.299454,17.779015,18.102425,17.922905,17.958839,17.976807,17.922905,17.815002,17.797005,17.940880,17.958839,17.508537,17.454338,17.724983,17.850990,17.255310,17.237198,17.146553,17.345833,17.309639,17.327736,17.110275,16.618950,16.618950,16.600693,17.001335,16.582436,16.928627,16.764816,16.436256,16.618950,16.545914,17.345833,15.904274,16.124794,16.855865,15.498535,15.756950,15.701637,16.069710,14.811943,14.923637,14.793312,14.774681,14.063721,14.251350,14.363747,14.026146,14.138817,13.536285,14.007355,14.138817,14.007355,14.157593,13.498497,13.950951,13.950951,13.819221,14.363747,14.007355,14.326302,14.120049,14.157593,13.988556,14.157593,14.270103,14.082504,14.457298,14.026146,14.026146,14.569450,14.382469,14.625465,13.762703,13.592949,14.044937,14.026146,13.649567,14.438606,13.762703,13.800392,13.687294,13.819221,13.403954,14.457298,14.176346,13.366112,13.743858,14.082504,13.856880,13.309326,13.062805,
13.969765,13.328255,14.213860,14.307571,14.082504,14.532082,13.800392,14.979439,14.307571,14.382469,14.026146,13.838051,14.063721,14.044937,14.232613,14.120049,13.800392,14.007355,14.494698,13.725006,14.513397,14.251350,14.138817,14.026146,14.007355,14.213860,14.026146,14.251350,14.101280,14.026146,14.176346,14.232613,14.213860,14.550774,14.363747,14.644127,14.213860,14.476006,14.026146,14.718750,14.625465,14.438606,14.063721,14.382469,14.401184,14.457298,14.438606,14.007355,14.942238,14.044937,14.138817,14.905037,14.681450,14.082504,14.345024,14.419891,14.101280,14.494698,14.923637,14.476006,14.476006,14.476006,14.606796,14.438606,14.494698,14.532082,14.457298,14.681450,14.774681,14.793312,14.960838,14.419891,14.101280,15.016617,14.457298,14.625465,15.109489,14.942238,14.998024,15.313492,14.681450,14.401184,14.793312,14.998024,14.718750,14.700096,15.109489,14.793312,14.737404,14.700096,14.550774,15.016617,14.923637,14.532082,15.053780,14.588127,14.700096,15.090919,14.979439,15.053780,15.313492,14.662788,14.905037,15.202286,15.053780,14.849190,14.849190,14.905037,15.072350,15.128059,15.313492,14.737404,15.276436,15.146614,15.016617,14.830566,14.979439,15.406059,14.979439,14.811943,15.461563,15.202286,14.830566,15.183723,14.830566,14.923637,15.183723,14.476006,15.165176,15.109489,15.202286,15.072350,15.220818,14.905037,14.960838,15.443062,15.146614,15.627831,14.849190,14.905037,15.369041,14.867805,15.220818,15.294960,14.886414,15.035194,15.239365,15.035194,15.202286,15.239365,15.553970,15.535500,15.294960,15.424561,14.793312,15.406059,15.498535,15.498535,15.683197,15.701637,15.553970,15.239365,15.646294,15.830643,15.941071,15.793800,15.922668,16.216530,16.124794,16.234848,16.363075,16.436256,16.655434,17.182823,16.545914,16.892258,17.037659,16.801247,17.345833,16.983162,17.110275,17.273430,17.146553,17.363930,17.146553,16.928627,17.092117,17.454338,17.544655,17.363930,17.580750,17.562698,17.309639,17.309639,17.850990,17.688942,17.833000,17.472412,17.345833,17.724983,17.706970,17.922905,18.370995,17.940880,18.388855,18.370995,17.886955,18.209953,18.012718,18.048607,18.192039,18.174133,18.263664,18.209953,18.299454,18.227867,18.620857,18.317345,18.138290,18.370995,18.816666,18.852211,18.834435,18.638680,18.887749,18.638680,18.745514,18.727722,18.638680,18.709923,18.905502,18.781090,18.798882,18.192039,19.011993,18.406731,19.171471,18.709923,18.745514,18.692123,18.424599,18.460312,18.406731,18.656494,18.406731,18.656494,18.834435,18.460312,19.189156,18.656494,18.976524,19.259926,18.763306,19.065178,18.905502,18.887749,18.869980,19.065178,18.763306,18.745514,18.531708,18.692123,18.727722,18.816666,18.834435,18.585213,18.620857,18.727722,18.174133,18.442459,18.994255,18.460312,18.763306,18.781090,18.709923,18.370995,18.638680,18.388855,18.763306,18.620857,18.852211,18.424599,18.656494,18.674309,18.120361,18.442459,18.692123,18.156204,18.209953,18.406731,18.424599,18.263664,18.281563,18.763306,18.887749,18.709923,18.549545,18.798882,18.424599,18.066551,18.513863,18.317345,18.549545,18.317345,18.048607,18.245766,18.156204,18.496017,18.531708,18.245766,18.763306,18.549545,18.138290,18.567383,18.424599,17.940880,18.692123,18.656494,18.084496,18.496017,18.317345,18.227867,18.513863,18.084496,18.156204,17.868965,17.940880,17.652901,17.797005,17.526596,17.706970,17.436272,17.526596,17.200951,16.910439,17.219078,16.691910,16.417961,16.746590,16.655434,16.216530,16.454536,16.253181,16.289825,16.491104,15.885872,15.867470,16.545914,16.234848,15.885872,15.756950,16.308144,15.461563,15.904274,15.867470,15.664742,16.106438,15.553970,16.234848,16.088081,15.849052,15.977844,16.417961,16.051353,15.922668,15.756950,16.326462,15.830643,16.088081,15.720085,16.216530,15.683197,16.216530,16.655434,16.326462,15.867470,15.959457,15.775375,15.867470,16.088081,16.198189,16.088081,16.399666,15.830643,16.271500,15.812218,15.977844,15.793800,15.867470,16.326462,15.996223,16.326462,16.216530,15.885872,16.655434,16.253181,16.216530,15.941071,15.922668,16.198189,15.977844,15.977844,16.179840,16.014603,16.289825,16.198189,16.124794,16.326462,16.143143,15.959457,16.014603,16.216530,16.161499,15.812218,15.977844,16.363075,16.032974,16.527649,16.271500,16.326462,16.014603,16.491104,16.106438,16.234848,16.253181,16.289825,16.344765,16.308144,16.472824,16.161499,16.728371,16.216530,16.399666,16.271500,16.472824,15.756950,16.381371,16.124794,16.308144,16.928627,15.830643,16.582436,16.014603,16.326462,16.308144,16.143143,16.363075,16.491104,16.582436,16.417961,16.143143,16.308144,16.143143,16.436256,16.198189,16.527649,16.289825,16.436256,16.381371,16.253181,16.545914,16.764816,16.234848,16.326462,16.198189,16.106438,16.472824,16.363075,15.996223,16.106438,16.271500,16.436256,16.381371,15.867470,16.308144,16.051353,16.618950,15.904274,16.344765,16.618950,15.977844,16.106438,16.819458,15.959457,16.363075,15.885872,16.436256,16.143143,16.253181,16.271500,16.326462,16.289825,16.801247,16.032974,16.637184,16.161499,16.143143,17.055817,16.326462,16.308144,16.564171,15.977844,16.417961,16.874062,16.582436,16.527649,16.582436,16.545914,16.436256,16.363075,16.381371,16.399666,16.801247,16.381371,16.928627,16.728371,17.019493,17.001335,16.837654,16.545914,17.146553,16.582436,17.128418,17.110275,17.309639,16.910439,16.983162,17.073982,17.345833,17.110275,17.706970,16.983162,17.255310,17.110275,17.797005,17.562698,17.526596,17.652901,17.724983,17.363930,18.209953,17.400101,17.219078,17.037659,17.418190,17.904930,17.688942,17.994759,18.084496,17.688942,17.994759,17.904930,18.012718,18.138290,17.797005,17.634865,17.958839,17.400101,17.327736,17.779015,17.454338,17.237198,17.940880,17.128418,17.598785,17.363930,17.400101,17.055817,17.544655,16.910439,16.928627,16.691910,17.146553,16.746590,16.381371,16.399666,16.326462,17.327736,16.618950,16.855865,16.179840,17.219078,16.545914,15.959457,15.830643,15.830643,15.701637,15.016617,15.461563,14.886414,14.737404,14.681450,14.494698,13.838051,13.856880,14.532082,14.345024,14.007355,14.307571,14.063721,13.988556,14.101280,13.875710,14.195114,14.120049,14.513397,14.195114,13.875710,14.101280,13.574066,14.270103,13.687294,14.550774,14.288834,14.157593,14.476006,14.195114,13.422867,13.988556,14.195114,13.856880,14.251350,14.288834,14.232613,14.345024,13.932144,14.288834,13.800392,13.706154,13.366112,13.781540,14.007355,14.101280,14.625465,13.536285,13.555183,13.649567,13.100769,13.347183,13.043808,
13.517403,13.856880,13.894524,13.988556,14.176346,14.438606,13.894524,13.913338,13.725006,13.743858,13.536285,13.574066,13.309326,13.894524,13.988556,13.649567,13.969765,14.157593,13.592949,13.687294,13.856880,13.706154,13.498497,13.630692,13.347183,13.875710,14.157593,13.950951,13.498497,14.307571,13.988556,14.157593,13.856880,13.856880,14.044937,13.328255,14.213860,13.819221,14.176346,13.838051,14.401184,14.026146,14.232613,13.969765,14.457298,14.251350,13.894524,13.913338,14.625465,14.419891,14.550774,14.195114,14.288834,14.213860,14.326302,14.082504,14.157593,14.438606,14.513397,14.569450,14.044937,14.082504,14.793312,14.550774,14.419891,14.382469,14.213860,14.476006,14.457298,14.063721,14.176346,14.326302,14.438606,14.438606,14.382469,14.774681,14.138817,14.213860,14.138817,14.345024,14.307571,14.700096,14.979439,14.550774,14.849190,14.569450,14.401184,14.886414,14.718750,14.476006,14.550774,14.606796,14.830566,14.382469,14.905037,14.625465,15.053780,14.625465,14.681450,14.811943,14.849190,14.588127,14.513397,15.165176,14.232613,14.026146,15.109489,14.588127,14.363747,14.700096,14.569450,14.363747,14.811943,14.588127,14.774681,14.681450,14.756035,14.718750,14.662788,14.793312,14.476006,14.476006,14.513397,15.220818,14.532082,14.401184,15.053780,14.979439,14.681450,14.830566,15.128059,15.072350,14.830566,14.830566,14.774681,14.960838,14.923637,14.811943,15.016617,14.793312,14.905037,14.774681,14.867805,14.345024,14.960838,14.905037,14.942238,14.793312,15.257896,15.220818,15.183723,14.550774,14.830566,15.072350,15.535500,15.053780,14.998024,14.830566,15.387550,15.239365,15.720085,15.387550,15.535500,15.387550,15.885872,15.959457,16.051353,15.922668,16.381371,16.234848,16.582436,16.161499,16.344765,16.472824,16.928627,16.801247,16.637184,17.219078,17.019493,16.928627,17.345833,17.164696,17.724983,17.182823,17.327736,17.182823,17.273430,17.544655,17.146553,17.508537,16.892258,17.182823,17.598785,17.363930,17.544655,17.291534,17.526596,17.598785,17.490471,17.797005,17.598785,17.345833,17.273430,18.048607,17.850990,18.299454,18.353111,18.030663,18.066551,18.156204,18.120361,17.904930,18.317345,18.478165,17.994759,18.317345,18.549545,18.478165,18.567383,18.460312,18.531708,18.496017,18.585213,18.781090,18.620857,18.852211,18.745514,18.263664,18.709923,17.958839,18.923264,18.656494,18.567383,18.442459,18.406731,18.281563,18.549545,18.567383,18.317345,18.496017,19.153755,18.299454,18.299454,18.549545,18.478165,18.567383,18.781090,18.709923,18.585213,18.816666,18.727722,18.603035,18.869980,19.189156,18.869980,19.082909,18.852211,18.603035,18.620857,18.335236,18.585213,18.674309,18.656494,19.047462,18.620857,19.029732,18.460312,18.353111,18.496017,18.549545,18.460312,18.102425,18.603035,18.763306,18.299454,18.852211,18.585213,18.638680,18.531708,18.781090,18.388855,18.531708,18.549545,18.227867,18.958771,18.084496,18.227867,18.156204,18.852211,18.424599,18.603035,18.745514,18.442459,18.887749,18.424599,18.138290,18.406731,18.549545,18.353111,18.335236,18.281563,18.531708,18.192039,18.156204,18.424599,18.209953,18.406731,18.299454,18.513863,18.317345,18.424599,18.245766,18.335236,18.192039,18.478165,18.869980,18.496017,18.834435,18.478165,18.567383,18.084496,18.156204,18.299454,18.209953,18.156204,18.120361,17.958839,17.815002,17.850990,17.616829,17.092117,17.182823,16.983162,16.874062,17.291534,16.710136,16.582436,16.472824,16.234848,15.885872,16.582436,16.051353,16.032974,15.830643,15.572441,15.738518,15.941071,15.977844,15.406059,15.756950,15.720085,15.517014,16.051353,15.369041,15.941071,15.424561,15.517014,15.885872,16.069710,15.959457,16.069710,15.553970,16.308144,15.720085,15.627831,15.775375,15.646294,15.775375,15.480049,16.161499,16.106438,16.069710,15.775375,15.553970,15.830643,15.867470,15.480049,15.775375,15.830643,15.793800,16.234848,15.683197,15.793800,15.830643,15.517014,15.996223,15.738518,15.756950,15.922668,15.941071,15.683197,15.775375,15.922668,15.959457,15.720085,15.830643,15.793800,15.849052,16.326462,15.830643,15.812218,16.032974,15.775375,16.032974,15.720085,15.664742,15.793800,16.143143,15.959457,15.572441,16.088081,15.904274,15.959457,15.996223,16.014603,15.683197,16.234848,15.646294,15.959457,16.051353,16.014603,16.179840,16.051353,16.198189,16.344765,15.738518,15.885872,16.124794,16.344765,15.977844,15.977844,16.271500,15.959457,15.830643,15.977844,16.106438,15.904274,15.996223,16.088081,15.738518,16.198189,15.922668,16.124794,15.793800,15.867470,16.069710,16.326462,15.941071,16.344765,16.216530,16.088081,15.738518,16.198189,15.572441,16.069710,16.271500,16.124794,16.143143,16.106438,16.271500,15.830643,16.014603,16.344765,15.849052,16.106438,16.381371,16.088081,16.271500,16.363075,15.867470,16.399666,15.977844,16.582436,16.069710,15.977844,16.308144,15.977844,15.793800,15.941071,16.308144,15.627831,15.627831,16.234848,16.124794,16.253181,16.032974,16.088081,16.399666,16.088081,15.885872,16.363075,16.124794,15.720085,15.683197,15.922668,15.830643,16.381371,16.014603,16.106438,16.655434,16.051353,16.124794,16.088081,16.198189,16.363075,16.014603,16.509377,16.545914,16.417961,16.344765,15.904274,16.874062,16.289825,16.673668,16.417961,16.326462,16.344765,16.271500,17.037659,16.637184,16.746590,16.764816,17.382019,16.819458,17.055817,17.454338,17.037659,16.637184,17.418190,16.874062,16.874062,16.691910,17.706970,17.237198,17.526596,17.472412,17.886955,17.706970,17.742996,17.670921,17.019493,17.958839,17.472412,17.237198,17.345833,17.616829,17.742996,17.670921,17.291534,17.886955,17.670921,17.761002,17.904930,17.904930,17.688942,17.598785,18.263664,17.418190,17.092117,17.544655,16.964989,17.092117,17.182823,17.291534,17.309639,17.128418,16.783035,17.037659,16.381371,16.874062,16.691910,16.910439,16.509377,16.363075,16.472824,16.874062,16.801247,16.417961,16.600693,15.738518,16.106438,16.051353,16.124794,15.977844,15.793800,15.257896,15.609375,14.756035,15.294960,15.072350,14.830566,14.569450,14.438606,13.838051,14.157593,14.923637,14.270103,13.950951,14.082504,14.644127,13.838051,14.401184,13.969765,14.176346,14.213860,14.082504,14.438606,14.457298,13.743858,13.969765,14.401184,13.743858,14.867805,13.743858,13.950951,13.611824,14.457298,13.988556,14.363747,14.232613,14.382469,13.611824,13.441788,13.706154,14.793312,13.932144,14.662788,13.856880,13.479599,14.063721,13.819221,13.932144,13.932144,13.875710,13.668427,14.176346,13.195625,13.743858,13.195625,12.185280,
13.138725,14.251350,13.630692,13.252487,13.800392,13.574066,13.366112,13.195625,14.007355,13.309326,13.819221,13.385033,13.649567,13.706154,13.743858,13.214584,13.875710,13.385033,13.894524,13.649567,13.195625,13.838051,13.422867,12.967819,13.800392,13.347183,13.743858,13.328255,13.668427,13.706154,13.536285,13.574066,13.819221,13.838051,13.969765,12.739456,14.401184,13.838051,13.649567,14.082504,14.270103,14.044937,13.856880,13.611824,13.706154,13.592949,13.969765,13.649567,13.687294,14.007355,13.950951,13.894524,14.457298,14.307571,13.838051,14.195114,14.082504,13.592949,13.762703,13.875710,14.044937,14.082504,14.176346,14.700096,14.513397,14.457298,13.838051,13.800392,13.706154,13.932144,13.932144,13.988556,14.044937,14.138817,14.382469,14.120049,14.438606,14.345024,14.382469,14.419891,14.494698,14.176346,14.251350,14.606796,14.251350,13.687294,14.606796,14.138817,14.251350,14.138817,14.569450,14.138817,14.532082,14.232613,14.737404,14.960838,13.988556,14.363747,14.476006,14.662788,14.382469,14.644127,14.625465,14.737404,14.923637,14.457298,14.157593,14.606796,14.606796,14.793312,14.737404,14.998024,14.644127,14.157593,14.270103,14.532082,14.307571,14.382469,14.588127,14.494698,14.923637,14.718750,14.662788,14.419891,14.811943,14.662788,14.681450,14.644127,14.101280,14.550774,14.681450,14.438606,14.681450,14.662788,14.793312,14.849190,14.700096,14.195114,14.606796,14.700096,14.811943,14.793312,14.867805,14.793312,14.830566,14.606796,14.960838,14.718750,14.644127,14.644127,15.369041,15.109489,14.998024,15.035194,14.718750,14.942238,14.438606,14.588127,14.793312,14.849190,14.960838,15.387550,15.387550,15.090919,15.590912,15.941071,16.417961,15.627831,16.308144,15.977844,16.344765,16.234848,16.234848,16.710136,16.399666,16.964989,16.928627,16.855865,17.110275,17.309639,17.382019,17.436272,17.255310,17.019493,17.019493,17.616829,17.363930,17.616829,17.255310,17.309639,17.237198,17.526596,17.327736,16.783035,17.382019,17.291534,17.472412,17.382019,17.526596,17.833000,17.490471,17.761002,17.616829,17.580750,17.382019,17.976807,18.353111,17.742996,17.922905,18.102425,18.138290,18.138290,18.066551,18.084496,18.406731,18.567383,18.406731,18.460312,18.353111,18.388855,18.620857,18.209953,18.834435,18.442459,18.941017,18.869980,18.585213,18.692123,18.656494,18.370995,18.620857,19.082909,18.692123,18.709923,18.745514,18.335236,18.084496,18.460312,18.335236,18.138290,18.460312,17.922905,18.335236,18.531708,18.478165,18.692123,17.922905,18.585213,18.478165,18.567383,18.388855,19.065178,18.958771,18.763306,18.834435,18.905502,18.834435,18.798882,18.781090,18.513863,18.281563,18.638680,18.674309,18.816666,18.781090,18.727722,18.585213,18.798882,18.442459,18.567383,18.781090,18.585213,18.209953,18.299454,18.745514,18.299454,18.585213,18.656494,18.567383,17.833000,18.370995,18.335236,18.513863,18.281563,18.138290,18.174133,18.192039,18.192039,18.709923,18.281563,18.174133,18.120361,18.317345,17.994759,18.370995,18.478165,18.388855,17.940880,18.549545,18.442459,18.656494,18.299454,18.620857,18.120361,18.370995,18.281563,18.388855,18.030663,18.388855,18.442459,18.478165,18.281563,18.263664,18.709923,18.353111,18.603035,17.976807,18.745514,18.353111,18.442459,18.281563,18.048607,18.174133,18.227867,18.102425,18.084496,17.904930,17.616829,17.688942,17.580750,17.815002,17.182823,17.146553,16.874062,16.801247,16.253181,16.234848,16.399666,16.271500,16.253181,15.941071,15.701637,16.143143,15.738518,15.885872,15.959457,15.922668,15.775375,15.090919,15.738518,15.683197,15.867470,15.128059,15.941071,15.220818,15.683197,15.480049,15.517014,15.646294,15.646294,15.443062,15.480049,15.720085,15.294960,15.683197,15.424561,15.572441,15.369041,15.793800,15.369041,15.812218,15.664742,15.424561,15.572441,15.756950,15.165176,15.443062,15.332008,15.461563,15.738518,15.664742,15.480049,16.051353,15.369041,15.812218,15.517014,15.590912,15.369041,15.701637,15.683197,16.106438,15.683197,15.812218,15.535500,15.257896,15.830643,15.239365,15.701637,15.609375,15.553970,15.904274,15.590912,15.683197,15.090919,15.443062,15.332008,15.627831,15.756950,15.959457,15.498535,15.867470,15.775375,15.498535,15.461563,15.313492,15.424561,15.498535,15.128059,15.885872,16.124794,15.867470,15.756950,15.332008,15.830643,15.775375,15.498535,15.646294,15.941071,15.498535,15.793800,15.904274,15.738518,15.461563,15.701637,15.922668,16.179840,15.202286,15.535500,15.664742,15.646294,15.461563,15.738518,16.088081,15.701637,15.904274,15.701637,15.996223,15.424561,15.572441,15.941071,15.922668,15.646294,16.271500,15.239365,16.032974,15.738518,15.498535,15.443062,15.664742,15.165176,15.443062,15.756950,15.664742,15.977844,16.051353,15.720085,16.069710,15.793800,15.775375,15.664742,15.738518,15.793800,15.812218,15.424561,16.032974,15.830643,15.849052,15.701637,15.406059,15.959457,15.480049,15.701637,15.885872,16.106438,15.720085,15.220818,15.830643,15.443062,15.720085,14.942238,15.959457,15.627831,15.572441,15.683197,15.867470,15.812218,15.959457,15.535500,15.849052,15.756950,15.867470,16.106438,15.941071,15.867470,16.472824,16.637184,15.812218,16.600693,16.454536,16.436256,16.399666,16.545914,16.710136,15.885872,16.289825,16.106438,16.472824,16.564171,16.691910,16.874062,16.436256,16.069710,16.710136,16.928627,16.564171,16.928627,17.327736,17.200951,16.764816,17.164696,17.001335,16.837654,16.964989,17.688942,17.200951,17.382019,17.255310,17.001335,17.273430,17.616829,17.724983,17.291534,17.616829,17.436272,17.904930,17.797005,17.291534,17.219078,17.454338,17.544655,17.833000,17.309639,17.616829,17.580750,17.598785,17.544655,17.291534,17.688942,17.382019,17.472412,17.742996,17.472412,17.327736,16.691910,17.454338,17.019493,17.092117,17.182823,17.382019,16.874062,16.710136,16.618950,17.382019,16.179840,17.073982,16.764816,16.344765,16.764816,16.344765,16.308144,16.289825,16.582436,16.216530,15.572441,16.216530,16.289825,15.609375,15.090919,15.128059,14.588127,14.793312,14.737404,14.476006,14.345024,13.819221,14.044937,13.668427,14.588127,14.532082,14.007355,14.681450,13.932144,14.569450,14.345024,13.743858,13.950951,14.326302,13.856880,14.681450,13.875710,14.476006,14.307571,14.195114,14.438606,13.913338,13.781540,14.026146,14.082504,14.569450,13.800392,13.819221,14.007355,14.401184,13.856880,13.536285,13.969765,14.157593,14.082504,14.606796,14.082504,13.856880,13.950951,14.232613,13.856880,14.007355,13.875710,13.932144,13.309326,13.574066,12.758507,
13.100769,13.195625,13.517403,13.138725,13.347183,13.762703,13.687294,13.498497,13.422867,12.986824,13.498497,13.781540,13.195625,13.290382,13.176659,13.743858,13.555183,13.347183,13.574066,13.195625,13.611824,13.592949,13.309326,13.252487,13.743858,13.517403,13.062805,13.119759,14.157593,13.894524,13.366112,13.611824,13.517403,13.479599,13.271439,13.743858,13.668427,13.460693,13.403954,13.611824,13.422867,13.894524,13.725006,13.498497,13.725006,13.762703,13.781540,13.894524,13.668427,13.781540,14.363747,13.706154,13.649567,13.781540,13.875710,13.366112,14.213860,13.687294,13.668427,14.026146,14.213860,13.969765,13.555183,13.668427,13.819221,13.894524,13.875710,13.536285,13.725006,14.026146,13.725006,14.288834,13.988556,14.138817,13.856880,14.176346,14.195114,14.026146,14.157593,13.762703,13.969765,13.819221,14.232613,14.401184,13.932144,14.195114,14.307571,13.856880,14.476006,14.120049,14.101280,13.988556,14.026146,13.819221,14.569450,14.082504,14.307571,14.326302,14.793312,13.800392,14.007355,13.913338,14.326302,14.157593,13.950951,13.969765,14.307571,14.195114,14.044937,13.988556,14.532082,14.382469,13.743858,14.419891,14.044937,14.569450,14.176346,14.419891,14.101280,14.232613,14.082504,14.326302,14.345024,14.606796,14.494698,14.101280,14.270103,14.457298,14.382469,14.270103,14.774681,14.811943,14.737404,14.550774,14.326302,14.120049,14.438606,14.513397,14.569450,14.101280,14.345024,14.550774,14.513397,14.625465,14.457298,14.307571,14.588127,14.363747,14.063721,14.606796,14.457298,14.718750,14.756035,14.326302,14.830566,15.035194,14.700096,14.662788,14.756035,14.737404,15.035194,14.569450,15.090919,15.443062,15.849052,15.461563,16.234848,15.812218,16.051353,16.088081,16.582436,16.363075,16.381371,16.472824,17.146553,16.655434,16.837654,17.182823,16.983162,17.073982,17.436272,17.291534,17.418190,17.382019,17.055817,17.400101,17.742996,17.436272,17.616829,17.110275,17.382019,17.363930,17.363930,17.436272,17.255310,17.400101,17.237198,17.652901,17.273430,17.616829,17.670921,17.833000,17.508537,17.562698,17.562698,17.868965,17.833000,17.815002,18.012718,17.598785,17.940880,18.192039,18.263664,18.335236,18.192039,18.120361,18.102425,18.066551,18.478165,18.424599,18.798882,18.281563,18.424599,18.638680,18.638680,18.406731,18.370995,18.353111,18.585213,18.549545,18.585213,18.281563,18.388855,18.084496,18.138290,17.976807,18.370995,18.192039,18.531708,18.012718,18.709923,18.263664,18.442459,18.245766,18.496017,18.692123,18.549545,18.460312,18.424599,18.567383,18.353111,18.798882,18.620857,18.531708,18.674309,18.674309,18.798882,18.442459,18.549545,18.370995,18.263664,18.406731,18.478165,18.066551,18.496017,18.227867,18.353111,18.549545,18.442459,18.460312,18.227867,18.406731,18.174133,18.370995,18.227867,18.478165,18.745514,18.638680,18.102425,17.850990,18.192039,18.406731,18.192039,18.317345,18.281563,17.958839,18.496017,17.724983,18.335236,18.370995,18.424599,17.706970,18.120361,18.174133,18.317345,18.138290,17.833000,18.460312,18.066551,18.030663,18.066551,18.192039,18.209953,18.227867,18.531708,18.281563,17.779015,18.209953,17.904930,18.442459,18.120361,17.815002,18.048607,18.513863,18.102425,18.245766,18.567383,18.549545,18.567383,17.994759,18.030663,18.281563,18.852211,18.263664,17.850990,18.084496,17.833000,17.508537,17.472412,17.400101,17.200951,17.454338,16.928627,16.655434,16.582436,16.582436,16.069710,15.996223,15.830643,15.775375,15.812218,15.738518,15.775375,15.369041,15.683197,15.053780,15.590912,15.443062,15.517014,15.498535,15.146614,15.867470,15.257896,15.350533,15.035194,15.313492,15.627831,15.220818,15.109489,14.960838,15.350533,15.276436,15.369041,15.276436,15.443062,15.294960,15.294960,15.387550,15.480049,14.849190,15.461563,15.276436,15.387550,15.239365,15.350533,15.313492,15.553970,15.146614,15.424561,15.332008,15.294960,15.664742,15.072350,15.332008,15.406059,15.332008,15.109489,15.406059,15.202286,15.535500,15.369041,15.332008,15.406059,15.775375,15.480049,15.313492,15.146614,15.535500,14.942238,15.590912,15.350533,15.480049,15.313492,14.979439,15.109489,15.276436,15.609375,15.183723,15.609375,15.627831,15.406059,15.480049,14.960838,15.053780,15.072350,15.553970,15.922668,15.369041,15.016617,15.202286,15.424561,15.387550,15.904274,15.517014,15.369041,15.535500,15.480049,15.590912,15.775375,15.146614,15.146614,15.830643,15.572441,15.480049,15.553970,15.664742,15.849052,15.646294,15.867470,15.016617,15.146614,15.517014,15.498535,15.387550,15.332008,15.553970,15.590912,15.109489,15.461563,15.701637,15.183723,15.053780,15.590912,15.369041,15.332008,15.202286,15.276436,15.535500,15.609375,15.072350,14.923637,15.720085,15.443062,15.830643,15.590912,15.128059,15.646294,15.590912,15.517014,15.072350,15.701637,15.387550,15.350533,15.609375,15.387550,15.239365,15.294960,15.849052,15.128059,15.701637,15.461563,15.517014,15.369041,14.960838,15.646294,15.332008,15.480049,15.128059,15.572441,15.350533,15.590912,14.923637,15.090919,15.424561,16.124794,15.387550,15.738518,15.756950,15.830643,15.313492,15.756950,16.014603,16.032974,15.683197,15.996223,16.399666,16.106438,16.527649,16.032974,16.161499,16.326462,16.399666,16.618950,16.655434,16.764816,16.363075,16.892258,16.417961,16.381371,16.655434,16.545914,16.600693,16.819458,16.344765,16.819458,16.819458,17.327736,16.381371,16.637184,17.019493,16.783035,16.764816,17.363930,16.746590,16.673668,17.001335,17.291534,17.001335,17.182823,17.345833,17.382019,17.472412,17.255310,17.345833,17.237198,17.309639,17.327736,17.706970,18.209953,16.946808,17.761002,17.761002,17.400101,17.562698,17.436272,17.544655,17.454338,17.092117,16.874062,17.363930,17.363930,17.454338,16.837654,16.691910,16.946808,17.055817,16.417961,16.582436,16.655434,16.527649,17.219078,16.618950,16.363075,16.491104,16.271500,17.001335,16.600693,16.363075,15.977844,16.308144,15.941071,16.198189,15.941071,16.399666,15.627831,15.517014,15.146614,15.294960,14.923637,14.905037,14.662788,14.588127,14.157593,13.950951,14.195114,14.063721,13.932144,14.270103,14.270103,14.363747,14.960838,14.662788,14.625465,14.063721,14.382469,14.270103,14.905037,13.988556,14.195114,14.044937,14.438606,14.138817,14.307571,14.756035,14.213860,14.082504,13.894524,14.007355,14.288834,14.157593,14.251350,13.988556,14.867805,14.232613,14.026146,14.307571,14.176346,13.838051,14.007355,14.195114,13.781540,13.781540,14.288834,13.706154,14.494698,13.668427,13.856880,13.385033,13.725006,12.529640,
12.453224,12.834679,13.233543,14.345024,13.498497,13.195625,13.271439,13.271439,13.781540,12.986824,13.195625,13.706154,13.555183,12.967819,13.062805,13.366112,13.574066,13.347183,13.309326,13.894524,13.687294,13.460693,12.758507,13.403954,14.026146,13.233543,13.969765,13.630692,13.517403,13.157700,13.536285,13.385033,13.668427,12.777557,13.347183,13.138725,13.043808,13.366112,13.988556,12.796600,13.043808,13.403954,13.725006,13.347183,13.403954,13.574066,13.385033,13.385033,13.498497,13.347183,13.441788,13.441788,13.555183,13.176659,13.271439,13.725006,13.403954,13.574066,13.536285,13.781540,14.044937,13.460693,13.309326,13.328255,13.932144,13.517403,13.800392,13.592949,13.630692,13.233543,13.347183,13.611824,13.950951,14.438606,13.781540,13.706154,13.800392,13.913338,13.913338,13.913338,13.366112,14.082504,13.555183,13.498497,13.668427,13.819221,14.401184,14.101280,13.498497,14.101280,14.044937,13.856880,13.649567,13.555183,14.644127,14.044937,13.969765,13.950951,14.082504,14.476006,14.176346,13.838051,14.007355,13.592949,14.251350,14.082504,13.988556,14.232613,13.687294,13.630692,13.913338,14.157593,14.307571,14.120049,13.800392,13.856880,13.988556,13.969765,14.101280,13.781540,13.894524,14.063721,13.574066,13.988556,14.270103,13.913338,14.288834,13.913338,13.838051,14.138817,13.969765,14.288834,13.856880,14.307571,13.762703,14.195114,13.988556,14.288834,14.120049,14.251350,14.138817,14.044937,14.382469,14.101280,14.419891,13.913338,14.232613,14.213860,14.401184,13.969765,14.101280,14.457298,14.063721,13.913338,14.270103,14.270103,14.232613,14.363747,14.811943,14.662788,14.886414,14.288834,15.053780,14.905037,15.461563,15.535500,15.553970,15.885872,15.646294,15.996223,16.069710,16.271500,16.271500,16.198189,16.491104,16.472824,17.001335,16.764816,16.983162,16.892258,17.128418,17.309639,17.255310,17.146553,16.837654,17.110275,17.454338,17.182823,17.237198,17.345833,17.055817,17.146553,16.801247,16.454536,17.418190,17.164696,17.037659,17.363930,17.327736,17.418190,17.418190,17.309639,17.200951,17.526596,17.706970,17.526596,17.580750,17.742996,17.850990,17.508537,17.779015,18.066551,18.066551,18.245766,18.227867,17.850990,18.192039,18.531708,18.102425,18.460312,18.674309,18.424599,18.478165,18.335236,18.245766,18.478165,18.299454,18.513863,18.156204,18.692123,18.030663,18.513863,18.192039,18.174133,18.585213,18.156204,18.406731,18.263664,18.335236,18.335236,18.263664,18.478165,18.084496,18.424599,18.531708,18.227867,18.012718,18.370995,18.263664,18.335236,18.496017,18.335236,18.692123,18.317345,18.478165,18.353111,18.531708,18.317345,18.299454,18.066551,18.567383,18.263664,18.353111,18.585213,18.245766,18.012718,18.120361,18.120361,18.834435,18.084496,18.335236,18.012718,18.549545,18.424599,18.406731,17.922905,18.370995,18.138290,18.370995,18.066551,18.353111,17.868965,17.922905,18.549545,18.012718,18.281563,18.084496,17.940880,18.138290,17.886955,17.688942,18.335236,17.779015,17.994759,17.994759,17.976807,18.513863,18.030663,18.549545,18.442459,18.138290,17.616829,18.209953,17.940880,17.958839,17.868965,17.634865,17.815002,18.120361,18.066551,18.174133,18.012718,18.478165,18.245766,18.084496,18.102425,18.353111,18.263664,17.833000,18.263664,18.513863,18.263664,17.868965,17.994759,18.209953,18.192039,18.263664,17.634865,17.724983,17.400101,16.928627,17.273430,17.273430,16.819458,16.253181,15.941071,15.922668,16.032974,15.941071,15.220818,15.239365,15.480049,14.979439,15.775375,15.183723,15.220818,15.109489,15.480049,15.072350,15.535500,14.867805,14.960838,15.053780,15.294960,15.350533,15.053780,15.035194,14.960838,15.128059,15.313492,14.923637,14.942238,15.202286,15.090919,15.053780,14.756035,15.016617,14.849190,14.998024,15.146614,15.072350,14.756035,15.294960,14.998024,14.867805,15.035194,15.109489,15.016617,15.072350,14.830566,14.849190,15.053780,14.942238,15.183723,15.072350,15.517014,15.369041,15.072350,15.424561,14.849190,14.830566,14.960838,14.644127,14.774681,15.202286,14.793312,15.202286,15.016617,15.165176,15.220818,15.461563,15.165176,14.700096,15.387550,15.128059,15.146614,14.756035,15.183723,14.905037,14.867805,15.276436,14.886414,15.387550,15.313492,14.998024,14.923637,14.979439,14.830566,15.387550,15.109489,15.128059,15.239365,14.905037,14.998024,15.220818,14.979439,15.128059,15.165176,15.035194,15.053780,15.109489,14.905037,15.257896,15.443062,14.793312,15.109489,15.109489,15.146614,15.406059,15.202286,14.979439,15.480049,15.109489,15.202286,15.146614,14.979439,14.923637,15.276436,14.998024,15.332008,14.886414,15.146614,15.257896,15.257896,14.886414,14.886414,15.294960,15.016617,15.387550,15.072350,15.016617,15.053780,15.257896,15.332008,14.793312,15.461563,15.276436,14.606796,15.220818,15.276436,14.811943,15.443062,15.220818,15.294960,15.332008,15.146614,15.313492,15.517014,15.406059,15.387550,15.072350,14.998024,15.072350,15.202286,15.239365,15.424561,15.016617,15.239365,15.109489,14.700096,15.202286,15.332008,15.480049,14.998024,15.183723,15.202286,15.220818,15.720085,15.332008,15.627831,15.443062,15.941071,15.756950,15.553970,15.830643,15.941071,15.922668,15.885872,16.032974,16.308144,16.179840,16.271500,16.801247,16.271500,16.910439,16.509377,16.253181,16.454536,16.946808,16.600693,16.710136,16.783035,16.801247,16.618950,17.019493,16.819458,16.819458,16.783035,16.837654,17.237198,16.946808,16.964989,16.728371,16.710136,17.092117,17.255310,16.910439,16.892258,17.436272,16.855865,17.219078,16.892258,17.200951,17.598785,17.363930,17.544655,17.580750,17.724983,17.490471,17.255310,17.850990,17.544655,17.508537,17.833000,17.164696,17.724983,17.652901,17.309639,17.237198,17.146553,17.237198,17.146553,16.819458,16.801247,16.819458,16.928627,16.910439,16.801247,16.051353,16.308144,16.253181,16.344765,16.527649,16.051353,16.582436,16.764816,16.253181,15.885872,16.545914,16.253181,16.143143,15.849052,15.941071,15.609375,15.701637,15.369041,15.609375,15.109489,14.960838,14.923637,14.905037,14.476006,14.176346,14.401184,14.007355,14.288834,14.157593,14.195114,14.662788,14.588127,13.988556,14.138817,14.419891,14.569450,14.476006,14.457298,14.326302,14.363747,14.176346,14.195114,13.762703,14.007355,14.120049,14.120049,13.781540,13.894524,13.875710,14.251350,13.988556,13.819221,13.762703,14.176346,13.932144,13.762703,14.120049,13.932144,14.120049,14.251350,14.026146,13.555183,13.800392,14.569450,13.743858,14.007355,13.932144,13.838051,14.082504,13.555183,13.441788,12.586906,
12.625069,12.567825,13.271439,12.853714,12.625069,13.460693,13.176659,12.796600,13.043808,12.815643,13.005829,12.910774,13.517403,13.138725,13.309326,13.100769,12.967819,13.195625,12.929794,12.796600,12.777557,13.138725,12.682281,13.347183,13.024826,12.910774,12.834679,12.720398,13.347183,13.081795,13.385033,12.853714,12.986824,12.967819,13.214584,13.328255,13.005829,13.176659,12.948814,13.100769,12.948814,13.005829,13.100769,13.062805,13.536285,13.005829,13.366112,14.026146,13.233543,12.910774,12.758507,13.441788,13.403954,12.777557,13.479599,13.498497,13.422867,13.214584,13.668427,13.214584,13.536285,13.157700,14.026146,13.460693,12.891754,13.592949,13.081795,13.366112,13.498497,13.555183,13.950951,13.819221,13.630692,13.366112,13.781540,13.838051,13.252487,13.081795,13.706154,13.422867,13.668427,13.517403,13.725006,13.309326,13.536285,14.101280,13.441788,13.894524,14.007355,13.328255,13.838051,13.950951,13.611824,13.988556,14.120049,13.668427,13.800392,13.725006,14.120049,14.007355,13.969765,14.213860,13.422867,13.743858,14.120049,13.252487,13.856880,13.725006,13.592949,13.856880,13.422867,13.214584,13.781540,14.063721,14.101280,13.630692,13.950951,14.176346,13.517403,13.630692,13.819221,14.157593,13.536285,13.781540,13.743858,13.517403,13.875710,13.894524,13.649567,14.101280,13.875710,14.063721,13.536285,14.382469,13.743858,14.251350,13.875710,14.044937,14.307571,13.611824,14.157593,13.819221,13.913338,14.401184,14.213860,14.401184,14.345024,14.157593,14.195114,13.875710,14.044937,13.781540,13.781540,14.007355,14.457298,14.157593,14.157593,14.101280,14.307571,14.288834,14.419891,15.053780,14.998024,14.960838,15.016617,15.202286,15.165176,15.793800,15.996223,16.124794,16.253181,16.216530,16.143143,15.738518,16.381371,16.783035,17.019493,16.655434,16.344765,17.110275,17.128418,17.055817,16.783035,17.110275,16.983162,17.055817,17.255310,16.764816,17.092117,17.363930,17.128418,17.472412,16.746590,17.327736,17.436272,17.019493,17.001335,17.382019,17.706970,16.983162,17.526596,17.291534,17.400101,17.706970,17.562698,17.418190,17.815002,17.382019,17.580750,17.490471,17.761002,17.616829,17.976807,17.688942,18.245766,18.174133,18.174133,18.353111,18.406731,17.976807,18.460312,18.227867,18.834435,18.263664,18.192039,17.994759,17.922905,18.513863,18.603035,18.424599,18.496017,18.192039,18.192039,18.281563,18.066551,18.227867,18.048607,17.958839,17.940880,18.084496,18.227867,17.797005,18.335236,18.084496,18.209953,18.478165,18.406731,18.317345,18.030663,18.370995,18.798882,18.460312,18.442459,17.886955,18.227867,18.227867,18.781090,18.012718,18.442459,18.460312,18.513863,18.066551,17.886955,17.940880,18.192039,18.388855,17.940880,18.549545,18.030663,18.245766,18.567383,18.048607,18.513863,18.460312,18.460312,17.976807,18.245766,18.603035,18.478165,18.156204,18.209953,18.245766,18.192039,18.281563,18.406731,18.030663,17.994759,17.904930,17.868965,17.779015,18.066551,17.562698,17.761002,18.012718,18.335236,17.598785,18.066551,18.353111,17.833000,18.084496,17.724983,18.102425,17.940880,17.454338,18.012718,17.797005,17.833000,17.345833,17.508537,17.922905,17.706970,17.761002,18.156204,18.424599,17.706970,18.353111,18.496017,18.299454,18.263664,18.245766,18.638680,18.048607,18.174133,18.030663,17.886955,17.598785,17.958839,17.815002,17.922905,16.892258,16.964989,17.055817,16.764816,16.472824,16.545914,16.051353,15.959457,15.941071,15.350533,15.332008,15.202286,15.202286,15.239365,14.960838,15.053780,15.053780,15.128059,15.350533,15.220818,14.830566,14.923637,14.793312,14.960838,14.867805,14.476006,14.756035,14.923637,14.513397,14.923637,14.700096,14.998024,14.830566,14.662788,14.606796,14.979439,14.532082,14.793312,14.606796,14.774681,14.737404,14.960838,14.774681,14.756035,14.998024,14.737404,15.016617,14.625465,14.644127,14.532082,15.016617,14.998024,14.569450,14.942238,15.072350,14.942238,14.886414,14.476006,14.681450,14.923637,14.662788,14.662788,14.644127,15.035194,14.960838,14.793312,14.569450,15.146614,14.457298,14.960838,14.606796,14.923637,14.830566,14.345024,14.905037,15.128059,14.588127,14.569450,15.053780,15.035194,14.606796,14.886414,14.718750,14.998024,15.035194,14.588127,14.905037,14.942238,14.756035,15.294960,14.550774,14.905037,14.923637,14.793312,14.513397,14.905037,14.756035,15.165176,14.830566,14.886414,14.588127,14.550774,14.588127,14.737404,14.979439,15.128059,15.276436,14.998024,14.681450,14.625465,15.090919,15.313492,15.053780,14.960838,14.307571,14.830566,14.569450,15.220818,14.588127,14.960838,14.811943,14.979439,15.146614,14.849190,15.090919,14.811943,14.960838,14.737404,14.718750,14.644127,14.942238,15.035194,14.569450,14.830566,15.350533,15.406059,14.979439,15.276436,14.960838,15.109489,14.774681,14.942238,14.662788,14.998024,14.251350,14.979439,15.016617,14.811943,14.923637,14.625465,14.849190,14.923637,14.942238,14.718750,14.625465,14.606796,14.979439,15.035194,14.849190,15.165176,15.276436,15.016617,14.774681,14.644127,14.457298,14.774681,14.960838,15.220818,14.960838,14.979439,14.644127,15.535500,15.313492,15.183723,15.720085,16.216530,15.387550,16.289825,16.399666,16.308144,16.161499,16.308144,16.417961,16.381371,15.830643,16.253181,16.746590,16.179840,16.363075,16.344765,16.964989,16.637184,16.673668,16.637184,16.600693,16.673668,16.728371,17.128418,16.271500,16.892258,16.527649,16.928627,17.110275,16.819458,16.728371,17.110275,17.055817,17.019493,17.001335,17.237198,17.327736,17.055817,16.946808,17.128418,16.855865,17.164696,16.892258,17.815002,17.255310,17.580750,17.273430,17.146553,17.363930,17.327736,17.490471,17.092117,17.345833,17.544655,17.850990,17.400101,17.237198,17.219078,17.273430,17.418190,16.783035,17.019493,16.399666,16.874062,16.545914,16.728371,16.964989,16.691910,16.491104,16.837654,16.308144,16.637184,16.234848,16.399666,16.344765,16.399666,15.977844,16.436256,16.088081,16.143143,15.332008,15.849052,15.128059,15.294960,15.590912,15.406059,14.737404,14.700096,14.157593,14.251350,14.270103,14.644127,13.969765,14.288834,14.345024,14.718750,14.793312,14.774681,14.101280,14.793312,13.668427,14.251350,14.288834,14.532082,14.195114,14.401184,14.044937,14.270103,13.950951,14.176346,14.700096,14.251350,13.969765,13.706154,14.363747,14.082504,14.213860,14.120049,14.494698,14.120049,14.457298,14.326302,13.592949,14.363747,13.988556,13.819221,14.644127,13.725006,14.044937,13.687294,13.819221,13.969765,13.592949,13.668427,13.894524,13.649567,12.967819,
12.758507,12.967819,13.290382,12.834679,13.176659,12.605988,13.157700,13.157700,13.062805,13.403954,12.663208,12.720398,12.281059,12.796600,12.796600,12.853714,12.491440,13.100769,12.605988,13.176659,12.548721,12.834679,12.929794,12.586906,12.796600,12.720398,12.777557,12.472336,12.605988,12.891754,13.157700,13.100769,13.024826,12.682281,13.195625,13.100769,12.739456,12.644142,12.967819,12.758507,13.138725,12.853714,12.682281,13.347183,12.720398,13.195625,12.948814,13.157700,12.777557,13.290382,13.214584,12.644142,13.762703,13.062805,12.986824,13.138725,13.630692,13.043808,13.100769,13.347183,13.195625,13.517403,13.555183,13.441788,13.762703,13.309326,12.967819,13.176659,12.777557,13.328255,13.195625,13.498497,13.252487,13.024826,13.347183,13.725006,13.611824,13.100769,14.044937,13.100769,13.441788,13.422867,13.592949,13.366112,13.950951,13.233543,13.460693,13.630692,13.290382,13.932144,13.913338,13.819221,13.498497,13.932144,13.932144,13.403954,13.536285,13.819221,13.800392,13.385033,13.479599,13.441788,13.687294,13.894524,13.574066,13.687294,13.347183,14.007355,13.668427,13.781540,13.856880,13.781540,13.385033,14.176346,14.082504,13.988556,13.743858,13.781540,13.913338,13.913338,13.214584,14.044937,13.630692,13.422867,14.082504,13.913338,13.800392,13.592949,13.403954,13.725006,14.044937,14.026146,13.611824,13.781540,13.856880,13.460693,13.800392,13.969765,14.026146,13.800392,13.838051,13.856880,13.762703,13.819221,14.063721,13.687294,14.401184,14.270103,14.232613,14.007355,13.894524,13.819221,14.251350,14.195114,13.913338,14.288834,14.494698,14.044937,14.138817,13.988556,14.494698,14.176346,14.457298,15.146614,15.165176,15.090919,15.313492,15.720085,15.756950,16.234848,15.941071,16.344765,16.271500,15.904274,16.527649,16.673668,16.837654,16.509377,16.691910,16.910439,17.382019,17.200951,17.382019,17.327736,17.164696,16.946808,17.291534,17.200951,17.327736,17.237198,17.273430,16.946808,17.055817,17.037659,17.073982,17.164696,17.327736,17.073982,17.001335,16.910439,17.255310,17.273430,17.382019,17.255310,17.544655,17.291534,17.382019,17.544655,17.652901,17.670921,17.958839,17.742996,17.797005,18.174133,17.922905,17.994759,18.102425,18.299454,18.227867,18.192039,18.460312,18.638680,18.281563,18.335236,18.335236,18.496017,18.156204,18.370995,18.335236,18.102425,18.066551,18.120361,18.317345,17.994759,18.460312,18.156204,18.299454,18.138290,17.940880,17.761002,17.922905,18.299454,17.886955,18.263664,17.706970,17.724983,18.335236,18.245766,18.030663,18.263664,18.531708,18.335236,18.048607,18.958771,18.263664,18.209953,18.209953,18.406731,18.406731,18.335236,18.460312,17.797005,18.353111,18.209953,18.209953,17.742996,18.531708,18.138290,18.227867,18.263664,18.066551,18.102425,18.353111,18.120361,17.958839,18.388855,18.156204,18.281563,18.138290,18.138290,18.066551,17.904930,18.317345,17.815002,17.940880,17.904930,17.761002,18.012718,17.544655,18.102425,18.030663,18.209953,17.797005,18.084496,17.815002,17.976807,17.833000,17.958839,18.192039,18.048607,17.742996,17.958839,17.976807,17.779015,18.030663,17.562698,17.779015,18.335236,17.922905,17.544655,18.030663,17.940880,18.174133,17.652901,17.688942,18.012718,18.209953,18.227867,18.209953,18.317345,18.030663,18.388855,18.066551,17.976807,17.976807,17.724983,17.779015,17.598785,17.616829,17.237198,16.892258,16.746590,16.179840,16.618950,16.234848,15.793800,15.812218,15.276436,15.053780,14.569450,14.942238,14.588127,14.886414,14.811943,14.569450,14.532082,14.849190,14.550774,14.494698,14.513397,14.737404,14.532082,15.016617,14.382469,14.569450,14.588127,14.419891,14.700096,14.774681,14.737404,14.662788,14.737404,14.588127,14.363747,14.700096,14.270103,14.681450,14.569450,14.438606,14.569450,14.382469,14.811943,14.476006,14.213860,14.476006,14.625465,14.382469,14.363747,14.644127,14.401184,14.756035,14.438606,14.401184,14.326302,14.550774,14.513397,14.960838,14.830566,14.830566,14.550774,14.550774,14.625465,14.774681,14.644127,15.128059,14.345024,14.718750,14.326302,14.363747,14.213860,14.550774,14.606796,14.737404,14.625465,14.811943,14.532082,14.718750,14.681450,14.662788,14.044937,14.662788,14.886414,14.063721,14.662788,14.213860,14.363747,15.183723,14.513397,14.756035,14.700096,14.718750,14.588127,14.625465,14.681450,14.774681,14.532082,14.588127,14.513397,14.550774,14.345024,14.307571,14.606796,14.811943,14.700096,14.867805,14.756035,14.513397,14.363747,14.606796,14.345024,14.476006,14.476006,14.550774,14.363747,14.438606,14.326302,14.737404,14.774681,14.718750,14.774681,14.774681,14.606796,14.625465,14.998024,14.774681,15.369041,14.811943,14.363747,15.016617,14.476006,14.700096,14.606796,14.401184,14.756035,14.700096,14.886414,14.830566,14.886414,14.681450,14.419891,14.157593,14.494698,14.737404,14.923637,14.960838,14.905037,14.756035,14.588127,14.886414,14.700096,14.251350,14.886414,14.513397,14.288834,14.681450,14.625465,14.550774,14.681450,14.513397,15.183723,14.513397,14.923637,14.774681,14.756035,14.718750,15.016617,14.588127,14.942238,15.109489,15.424561,14.830566,15.313492,15.480049,15.257896,15.885872,15.830643,15.627831,16.124794,16.308144,15.517014,16.472824,15.904274,16.491104,16.216530,16.691910,16.179840,15.904274,16.399666,16.326462,16.910439,16.928627,16.783035,16.764816,16.892258,17.001335,16.491104,16.509377,16.910439,16.728371,16.837654,16.819458,16.655434,16.764816,16.710136,16.637184,17.037659,16.928627,17.291534,17.019493,16.892258,17.255310,16.764816,17.345833,17.291534,17.436272,17.526596,17.219078,17.128418,16.964989,17.219078,16.946808,17.688942,17.562698,17.490471,17.237198,17.868965,17.273430,17.164696,17.345833,17.508537,17.634865,16.928627,17.110275,16.946808,17.291534,16.618950,17.146553,16.764816,16.746590,16.691910,16.691910,16.344765,16.582436,16.837654,16.527649,15.996223,15.830643,16.874062,16.527649,16.855865,16.124794,16.124794,16.344765,15.332008,15.793800,15.553970,15.387550,14.811943,14.811943,15.035194,14.998024,14.625465,14.756035,14.401184,14.251350,13.988556,14.044937,14.195114,14.681450,14.588127,14.700096,14.251350,14.326302,14.157593,14.606796,14.419891,14.401184,14.101280,14.270103,14.382469,14.644127,13.932144,13.932144,14.288834,14.401184,13.630692,14.550774,14.494698,14.550774,14.830566,14.082504,14.082504,14.476006,13.969765,14.138817,14.082504,13.781540,14.044937,13.592949,13.856880,14.195114,13.913338,13.687294,14.026146,13.800392,13.856880,13.706154,13.574066,12.967819,12.223610,
11.589287,12.663208,12.815643,13.441788,13.100769,13.441788,12.472336,12.929794,13.271439,12.739456,12.644142,12.605988,12.910774,12.510529,12.986824,12.701340,12.223610,12.891754,12.376740,12.567825,12.529640,12.510529,12.796600,12.453224,12.815643,12.929794,12.815643,12.872734,12.948814,13.385033,12.701340,13.024826,13.347183,12.929794,12.701340,12.929794,12.682281,12.434105,12.815643,13.005829,13.043808,13.233543,13.290382,13.062805,12.682281,12.644142,13.233543,12.929794,12.986824,12.853714,12.777557,13.100769,13.195625,13.328255,13.328255,13.403954,12.701340,12.720398,13.422867,13.100769,13.214584,13.005829,13.536285,12.834679,13.574066,13.233543,13.479599,13.347183,12.853714,13.347183,13.176659,13.214584,13.630692,13.252487,13.024826,12.948814,13.309326,13.460693,13.271439,13.157700,13.157700,13.195625,13.062805,13.119759,13.762703,13.309326,13.309326,13.252487,13.687294,13.536285,13.687294,13.403954,13.706154,13.592949,14.101280,12.986824,13.517403,13.988556,13.555183,13.214584,13.517403,13.555183,13.366112,13.743858,13.781540,13.725006,13.252487,13.328255,13.460693,14.026146,13.460693,14.007355,13.309326,13.838051,13.290382,13.347183,13.856880,13.781540,13.611824,13.328255,13.479599,14.101280,13.706154,13.479599,13.611824,13.536285,13.913338,13.422867,13.819221,13.479599,13.856880,13.214584,13.743858,13.385033,13.838051,13.894524,13.838051,13.706154,13.800392,13.687294,13.894524,13.800392,13.725006,13.574066,14.438606,13.271439,13.592949,13.611824,13.574066,13.706154,14.138817,13.611824,13.969765,13.838051,13.969765,13.894524,14.120049,13.725006,14.457298,13.574066,14.176346,14.363747,14.830566,14.307571,14.830566,15.035194,15.109489,15.257896,15.239365,15.904274,16.088081,16.234848,16.527649,16.344765,16.928627,16.363075,16.691910,16.673668,16.819458,16.964989,17.128418,16.928627,16.892258,16.783035,17.345833,17.200951,17.219078,17.382019,17.110275,17.146553,17.345833,17.273430,17.237198,17.146553,16.946808,17.291534,16.946808,17.490471,17.255310,17.055817,17.110275,17.200951,17.490471,17.382019,17.418190,17.508537,17.580750,17.526596,17.815002,17.363930,17.652901,17.472412,17.706970,17.833000,17.850990,17.833000,18.335236,18.299454,18.388855,18.335236,18.834435,18.156204,18.388855,18.869980,18.192039,18.245766,18.245766,18.353111,18.442459,18.156204,18.263664,18.084496,18.102425,17.779015,18.209953,18.066551,18.174133,17.994759,17.958839,18.066551,17.904930,17.634865,17.976807,17.958839,18.353111,18.174133,18.102425,18.156204,18.370995,17.904930,19.047462,18.156204,18.299454,18.281563,18.084496,18.299454,18.549545,17.850990,17.958839,18.245766,17.994759,17.904930,17.940880,18.335236,17.886955,18.048607,18.406731,17.742996,18.120361,18.102425,18.513863,18.138290,18.192039,18.102425,18.030663,18.012718,18.227867,18.209953,18.066551,17.779015,18.245766,17.922905,18.245766,17.833000,17.850990,17.904930,18.192039,17.886955,18.299454,18.120361,18.209953,17.670921,18.030663,17.742996,17.940880,17.833000,18.496017,17.958839,18.335236,17.652901,17.598785,18.299454,17.616829,17.688942,17.850990,17.454338,17.742996,17.508537,17.598785,17.345833,17.761002,17.779015,18.281563,18.030663,17.922905,18.388855,18.263664,18.370995,18.174133,18.692123,17.868965,18.209953,18.227867,18.281563,17.940880,18.120361,17.706970,17.309639,17.400101,17.508537,17.255310,16.655434,16.655434,16.399666,15.996223,15.904274,15.590912,15.350533,15.406059,14.606796,14.476006,14.886414,14.644127,14.774681,14.756035,14.606796,14.662788,14.830566,14.625465,14.476006,14.681450,14.513397,14.513397,14.251350,14.007355,14.363747,14.494698,14.532082,14.793312,13.819221,14.401184,13.875710,14.326302,14.270103,14.401184,14.532082,13.913338,14.213860,14.644127,14.007355,14.644127,14.419891,14.101280,14.382469,14.138817,14.644127,14.270103,14.251350,14.195114,14.213860,14.213860,14.270103,14.606796,14.044937,14.251350,14.569450,14.082504,14.082504,14.457298,14.457298,14.345024,14.662788,14.494698,14.101280,14.401184,14.026146,13.932144,13.969765,14.307571,14.569450,14.476006,14.195114,14.307571,14.120049,14.588127,14.176346,14.157593,14.157593,14.232613,14.438606,14.232613,14.513397,14.213860,14.082504,14.457298,14.326302,14.513397,14.457298,14.251350,14.232613,14.606796,14.419891,14.513397,14.737404,14.830566,14.401184,14.307571,15.053780,14.886414,14.157593,14.550774,14.625465,14.345024,14.849190,14.662788,14.176346,14.886414,14.476006,14.270103,14.569450,14.588127,14.195114,14.550774,14.494698,14.476006,14.625465,13.819221,14.157593,14.026146,14.457298,14.793312,14.419891,14.550774,14.382469,14.438606,14.288834,14.476006,14.662788,14.438606,14.007355,14.700096,14.867805,14.625465,14.419891,14.232613,14.044937,14.044937,14.345024,14.382469,14.457298,14.270103,13.913338,14.288834,14.382469,14.513397,14.419891,14.345024,14.644127,14.382469,14.176346,14.942238,14.063721,14.270103,14.157593,14.662788,14.513397,14.550774,14.232613,14.213860,14.625465,14.942238,14.382469,14.157593,14.288834,14.550774,14.026146,14.662788,14.251350,14.811943,14.849190,15.276436,15.109489,15.165176,15.016617,15.535500,15.239365,16.106438,16.014603,16.014603,16.308144,15.793800,15.683197,16.161499,16.143143,15.701637,16.216530,15.959457,16.363075,16.509377,16.564171,17.055817,16.509377,16.417961,16.344765,16.728371,16.710136,16.637184,16.710136,16.618950,16.454536,16.710136,16.527649,16.837654,16.928627,16.764816,16.910439,16.582436,16.837654,17.544655,16.855865,17.092117,17.706970,17.544655,16.964989,16.892258,17.309639,17.598785,17.073982,17.291534,17.418190,17.219078,17.219078,17.418190,17.182823,17.327736,17.490471,17.598785,17.616829,17.219078,17.454338,16.983162,16.637184,16.728371,16.983162,17.037659,16.946808,16.746590,17.092117,16.710136,17.110275,16.344765,16.582436,16.637184,16.436256,16.308144,16.198189,16.234848,16.308144,16.527649,16.454536,15.867470,16.032974,16.106438,15.720085,15.257896,15.793800,15.369041,15.016617,14.830566,14.288834,14.288834,14.345024,13.913338,14.288834,14.382469,13.498497,14.419891,14.120049,14.886414,14.288834,14.998024,13.913338,14.288834,14.588127,14.138817,14.494698,14.419891,14.138817,14.401184,14.270103,13.762703,14.082504,14.270103,14.382469,13.687294,14.270103,14.513397,14.363747,14.044937,14.232613,14.382469,13.668427,14.270103,14.251350,13.932144,14.718750,13.913338,13.819221,14.494698,13.592949,13.988556,13.517403,13.856880,14.532082,13.969765,13.988556,14.082504,13.969765,13.385033,13.024826,
12.051033,12.605988,12.720398,12.758507,12.472336,13.138725,12.834679,13.081795,12.663208,12.012634,12.223610,13.005829,12.777557,12.682281,12.510529,12.491440,12.872734,12.395866,13.043808,12.834679,12.663208,13.024826,12.891754,12.185280,12.815643,12.414986,12.739456,13.043808,12.682281,12.663208,12.644142,13.081795,12.644142,12.567825,13.385033,13.422867,11.839676,12.261917,13.271439,12.644142,12.929794,12.453224,13.138725,12.663208,12.929794,13.005829,12.739456,13.043808,12.948814,13.157700,13.138725,13.005829,12.739456,13.290382,12.777557,12.910774,13.517403,13.024826,13.214584,13.422867,13.043808,13.176659,13.214584,12.663208,13.517403,12.853714,13.290382,13.043808,13.043808,13.005829,13.043808,12.834679,13.157700,13.366112,13.138725,13.081795,13.081795,13.005829,13.328255,13.176659,13.005829,13.403954,13.157700,13.460693,13.366112,12.853714,13.233543,13.385033,13.005829,13.422867,13.555183,13.309326,13.592949,13.498497,13.781540,13.894524,13.649567,13.309326,13.555183,13.366112,13.781540,13.422867,13.743858,13.932144,13.819221,13.838051,13.517403,13.347183,13.385033,13.119759,13.611824,13.422867,14.026146,13.233543,13.517403,13.366112,13.592949,13.555183,13.290382,13.441788,13.422867,13.366112,13.422867,13.649567,13.403954,13.706154,13.479599,13.819221,13.403954,13.762703,13.176659,13.819221,13.460693,13.385033,13.574066,13.838051,13.950951,13.290382,13.574066,13.328255,13.743858,13.856880,13.536285,13.649567,13.913338,13.649567,14.213860,13.819221,14.288834,13.781540,13.988556,13.668427,13.611824,14.195114,13.838051,13.668427,14.176346,13.498497,13.422867,14.063721,13.611824,14.251350,14.195114,14.550774,14.326302,15.016617,15.646294,15.276436,15.332008,15.646294,16.069710,15.812218,15.996223,16.892258,16.545914,16.545914,16.746590,16.655434,16.691910,16.837654,17.345833,17.110275,17.146553,17.001335,17.742996,17.309639,17.237198,17.200951,17.237198,17.454338,17.092117,17.255310,16.819458,17.200951,17.255310,17.472412,17.055817,16.855865,17.436272,17.019493,17.616829,17.273430,17.219078,17.182823,17.418190,17.742996,17.761002,17.255310,17.616829,17.598785,18.066551,17.598785,18.102425,17.688942,18.406731,18.084496,18.281563,18.012718,18.388855,18.120361,18.245766,18.030663,17.742996,18.281563,18.156204,18.370995,17.976807,18.066551,17.976807,18.406731,18.299454,18.549545,18.317345,18.048607,18.174133,18.030663,18.406731,17.886955,18.120361,17.976807,18.084496,18.209953,17.976807,17.850990,18.030663,17.976807,18.192039,18.138290,18.353111,18.192039,18.120361,18.138290,18.692123,18.012718,18.156204,18.245766,18.442459,18.496017,18.281563,18.227867,18.102425,17.797005,18.120361,18.245766,17.850990,18.299454,18.388855,18.388855,18.120361,18.227867,18.353111,18.174133,18.084496,18.353111,18.388855,18.192039,18.406731,18.066551,18.120361,17.850990,17.886955,18.156204,18.138290,17.868965,18.317345,17.652901,18.370995,17.868965,18.138290,17.616829,18.084496,17.976807,18.120361,18.299454,18.245766,17.886955,18.156204,17.904930,17.994759,18.102425,17.598785,17.616829,17.940880,17.616829,17.815002,17.922905,17.815002,17.976807,17.490471,17.688942,17.994759,18.138290,18.102425,17.868965,18.460312,18.012718,18.299454,18.281563,18.745514,18.012718,18.102425,18.209953,18.048607,17.616829,18.066551,17.562698,17.761002,17.200951,17.436272,17.273430,16.928627,16.710136,16.454536,16.253181,15.793800,15.220818,15.424561,15.035194,15.109489,14.532082,14.644127,14.718750,14.494698,14.176346,14.550774,14.307571,14.438606,14.737404,14.307571,14.588127,14.588127,14.419891,14.363747,14.063721,14.419891,14.044937,14.569450,14.120049,13.969765,14.288834,13.630692,14.120049,14.138817,14.494698,14.457298,14.138817,14.232613,14.457298,14.513397,14.101280,14.532082,14.120049,13.819221,14.270103,14.232613,14.232613,14.382469,14.026146,14.513397,14.044937,14.644127,13.838051,14.419891,14.345024,14.176346,13.969765,14.326302,14.138817,14.213860,14.513397,14.195114,14.120049,14.176346,14.307571,14.550774,14.401184,14.288834,14.044937,14.326302,14.363747,14.082504,13.856880,14.120049,14.044937,14.345024,14.138817,14.494698,14.811943,14.419891,13.932144,13.913338,14.457298,14.026146,13.838051,14.232613,14.176346,14.569450,14.120049,13.819221,14.213860,14.044937,14.176346,14.382469,14.419891,14.476006,14.326302,13.762703,14.363747,14.251350,14.120049,13.894524,14.176346,14.625465,14.494698,13.932144,14.382469,14.176346,14.588127,14.569450,14.251350,14.063721,14.270103,14.569450,14.345024,14.307571,13.762703,14.606796,14.457298,13.555183,13.856880,13.894524,14.550774,14.513397,14.419891,13.875710,14.513397,13.969765,13.950951,13.536285,14.457298,14.157593,14.513397,14.363747,14.101280,14.363747,14.419891,13.536285,14.101280,14.082504,14.082504,14.345024,14.588127,14.550774,14.176346,14.044937,14.307571,14.326302,13.781540,14.007355,14.288834,14.213860,14.382469,14.251350,14.550774,14.082504,14.026146,13.762703,13.668427,13.969765,14.138817,14.213860,13.743858,14.213860,14.307571,14.401184,14.419891,14.419891,14.288834,14.625465,14.625465,15.239365,15.072350,15.276436,14.942238,15.683197,15.369041,15.424561,15.775375,16.069710,15.812218,15.775375,15.904274,15.738518,16.069710,16.271500,16.051353,15.849052,16.600693,16.783035,16.983162,16.564171,16.910439,16.564171,16.819458,16.673668,17.182823,16.454536,16.326462,17.073982,16.545914,16.399666,16.472824,16.179840,17.001335,16.983162,16.618950,16.892258,17.345833,17.200951,17.146553,16.764816,16.746590,17.200951,17.200951,17.164696,17.237198,16.801247,17.001335,17.418190,17.345833,17.219078,17.363930,17.526596,17.237198,17.454338,17.382019,17.073982,17.219078,17.164696,17.146553,17.110275,17.092117,16.655434,16.983162,17.146553,16.801247,16.910439,16.855865,17.164696,16.783035,16.746590,16.691910,16.436256,16.106438,16.764816,16.874062,16.143143,16.363075,16.527649,16.271500,16.746590,15.941071,15.959457,15.683197,15.977844,15.165176,15.257896,15.276436,14.830566,15.090919,14.532082,14.138817,14.063721,14.363747,14.270103,13.875710,14.905037,14.326302,14.438606,14.363747,14.101280,14.044937,14.363747,14.811943,14.251350,14.569450,14.644127,14.419891,14.457298,14.326302,14.363747,13.894524,14.120049,14.288834,13.781540,14.681450,14.157593,13.950951,13.800392,14.007355,14.026146,13.838051,14.138817,14.644127,14.063721,14.401184,14.138817,14.232613,14.251350,13.913338,13.460693,13.781540,13.988556,13.668427,13.649567,13.328255,13.555183,13.800392,13.479599,13.043808,
11.666397,12.663208,12.815643,12.644142,13.252487,12.529640,12.891754,12.223610,12.720398,12.796600,12.872734,12.872734,12.414986,12.070213,12.777557,12.586906,12.720398,12.338478,13.271439,12.739456,13.062805,12.625069,12.261917,12.472336,12.796600,12.758507,12.720398,12.644142,12.720398,12.948814,12.682281,12.453224,13.176659,12.929794,12.472336,12.758507,12.204445,12.872734,12.853714,13.176659,12.834679,12.720398,12.758507,13.005829,12.319344,13.005829,12.739456,13.081795,13.233543,13.233543,13.347183,13.138725,12.644142,13.024826,12.605988,12.625069,12.834679,13.517403,13.271439,12.625069,12.491440,13.290382,13.043808,13.062805,13.271439,13.214584,13.043808,13.214584,13.574066,13.233543,13.195625,13.176659,13.233543,13.157700,13.328255,12.986824,12.986824,13.214584,13.062805,12.815643,12.910774,13.005829,12.872734,13.043808,13.479599,12.986824,13.422867,13.422867,13.422867,13.460693,13.347183,13.517403,13.743858,13.328255,13.138725,13.743858,13.762703,13.157700,13.176659,13.536285,13.347183,13.252487,13.460693,13.555183,13.913338,13.252487,13.819221,13.290382,13.119759,13.706154,13.856880,13.743858,13.214584,13.271439,13.630692,13.214584,13.819221,13.592949,13.328255,13.536285,13.403954,13.536285,13.555183,13.725006,13.950951,13.630692,13.422867,13.403954,13.498497,13.100769,13.422867,13.574066,13.781540,13.100769,13.252487,13.309326,13.460693,13.706154,13.574066,13.668427,13.725006,13.347183,13.309326,13.517403,13.555183,13.366112,14.176346,13.932144,13.271439,13.630692,13.441788,13.555183,13.781540,13.536285,13.687294,13.913338,13.875710,13.592949,14.007355,13.856880,13.969765,13.819221,14.101280,14.157593,14.849190,15.480049,15.072350,15.590912,15.627831,15.609375,15.756950,16.728371,15.996223,16.234848,16.381371,16.819458,16.491104,16.691910,16.892258,16.983162,17.182823,16.874062,17.110275,17.200951,17.724983,17.055817,17.237198,17.562698,16.892258,16.710136,17.128418,17.255310,17.092117,16.983162,16.874062,16.910439,17.128418,16.855865,17.128418,16.819458,17.598785,17.616829,17.363930,17.742996,17.255310,17.652901,17.688942,17.742996,17.797005,17.454338,17.922905,18.192039,17.868965,18.263664,18.012718,17.886955,18.209953,18.263664,18.335236,18.174133,18.513863,18.460312,18.138290,18.281563,18.102425,18.138290,18.263664,18.192039,18.478165,18.442459,18.745514,18.192039,18.460312,18.245766,18.209953,17.994759,18.299454,18.174133,18.281563,18.012718,18.138290,18.227867,18.567383,17.994759,18.048607,18.102425,18.209953,18.245766,18.585213,18.478165,18.299454,18.335236,18.370995,17.797005,18.066551,18.370995,18.209953,18.084496,18.227867,17.958839,18.263664,18.245766,17.833000,18.335236,17.833000,18.012718,18.030663,18.048607,18.012718,18.353111,18.496017,18.245766,18.012718,18.281563,18.156204,18.209953,18.030663,18.209953,18.496017,18.370995,18.299454,18.192039,17.850990,18.030663,17.779015,17.652901,18.478165,17.616829,17.904930,17.958839,18.531708,17.815002,18.406731,18.388855,17.976807,18.192039,18.066551,17.670921,18.084496,17.886955,18.156204,17.562698,17.526596,17.958839,17.922905,17.797005,17.580750,17.833000,17.724983,17.670921,17.688942,18.156204,17.742996,18.138290,18.084496,17.706970,18.030663,18.281563,17.958839,18.245766,18.066551,17.815002,18.263664,18.030663,17.904930,17.598785,17.327736,17.454338,17.146553,17.073982,16.783035,16.179840,16.509377,16.198189,15.885872,15.535500,15.738518,14.942238,15.128059,14.849190,14.606796,14.401184,14.363747,14.363747,14.213860,14.438606,14.195114,13.950951,14.213860,14.026146,14.457298,14.401184,14.476006,14.195114,14.270103,14.457298,14.176346,14.700096,14.476006,13.875710,14.569450,14.101280,14.307571,14.270103,14.176346,14.419891,14.457298,13.894524,14.382469,13.611824,14.195114,13.743858,14.063721,13.950951,14.419891,13.913338,14.176346,14.026146,14.232613,14.138817,14.457298,14.120049,13.875710,13.838051,14.026146,13.913338,14.101280,14.157593,14.044937,13.856880,13.649567,14.007355,14.232613,13.894524,14.195114,14.270103,14.044937,14.382469,14.044937,13.819221,13.687294,14.176346,14.644127,13.743858,14.063721,14.288834,13.838051,14.195114,14.532082,14.288834,14.026146,14.363747,13.913338,13.649567,14.176346,13.932144,14.044937,13.592949,14.101280,14.419891,14.120049,13.894524,13.574066,14.345024,13.856880,13.969765,14.101280,14.195114,14.363747,14.157593,14.288834,14.138817,14.176346,13.856880,14.494698,13.592949,14.849190,14.213860,14.307571,14.157593,14.007355,13.894524,14.307571,14.082504,14.513397,14.157593,14.007355,14.120049,13.988556,14.007355,14.082504,13.913338,14.232613,14.157593,13.460693,13.969765,14.082504,14.438606,13.932144,13.988556,13.819221,14.251350,14.345024,13.894524,14.044937,14.101280,14.007355,13.913338,13.838051,14.588127,14.213860,14.251350,14.120049,14.270103,13.969765,14.176346,14.138817,14.288834,13.668427,13.725006,14.606796,13.988556,13.762703,14.270103,13.668427,13.875710,14.063721,14.363747,14.082504,14.588127,14.007355,13.856880,13.800392,14.138817,14.419891,14.307571,14.270103,14.849190,14.681450,14.606796,14.644127,14.886414,15.109489,14.979439,15.053780,15.480049,15.239365,15.313492,15.517014,15.683197,15.590912,16.161499,15.683197,15.996223,16.032974,16.234848,16.472824,16.600693,16.417961,16.179840,16.946808,16.326462,16.527649,16.728371,16.964989,16.308144,16.436256,16.454536,16.545914,16.491104,16.472824,16.234848,16.764816,16.472824,17.237198,16.344765,16.436256,16.710136,16.764816,17.164696,16.746590,17.670921,17.363930,17.092117,17.037659,17.436272,17.418190,16.764816,17.526596,16.819458,17.454338,17.164696,17.382019,17.291534,16.910439,17.200951,16.655434,16.655434,17.255310,17.182823,17.182823,17.418190,16.344765,16.983162,16.637184,16.399666,16.837654,16.728371,16.892258,16.216530,16.728371,16.946808,16.874062,15.701637,16.216530,16.545914,16.819458,16.363075,16.472824,16.143143,16.161499,16.326462,15.812218,15.535500,15.183723,15.517014,14.998024,15.128059,15.239365,14.905037,14.476006,14.157593,14.513397,14.345024,14.532082,13.574066,14.120049,14.270103,13.460693,13.988556,14.176346,14.026146,13.687294,14.532082,14.457298,14.120049,14.195114,14.232613,14.681450,14.007355,13.932144,14.288834,14.176346,14.213860,14.307571,13.856880,13.875710,13.894524,14.157593,14.176346,13.460693,14.345024,14.195114,14.681450,13.762703,14.681450,14.288834,13.536285,13.517403,14.251350,14.138817,13.687294,13.856880,13.932144,13.479599,13.969765,14.101280,13.800392,13.403954,12.910774,
12.166107,12.910774,12.567825,12.758507,12.472336,13.328255,12.434105,12.777557,12.796600,12.472336,12.929794,12.720398,12.891754,12.395866,12.948814,12.758507,12.338478,12.796600,12.586906,12.853714,13.081795,12.070213,12.834679,12.644142,12.910774,12.338478,13.517403,12.051033,12.910774,12.548721,13.290382,12.281059,13.233543,12.453224,12.548721,13.100769,12.510529,12.338478,12.834679,13.062805,12.948814,12.777557,12.586906,13.328255,12.948814,12.720398,13.347183,12.853714,13.081795,13.385033,13.119759,13.062805,13.536285,13.100769,13.328255,13.043808,13.403954,13.119759,12.967819,13.403954,13.403954,13.195625,13.574066,12.948814,13.271439,12.910774,13.290382,12.720398,12.796600,13.119759,12.910774,12.891754,13.119759,12.853714,13.385033,13.005829,12.682281,13.347183,13.043808,12.796600,13.119759,12.853714,12.739456,13.195625,13.081795,12.967819,13.157700,13.611824,13.233543,13.441788,13.422867,13.611824,13.366112,13.290382,13.517403,13.517403,13.271439,13.611824,13.347183,13.819221,13.195625,13.781540,13.668427,13.687294,13.119759,13.725006,13.630692,13.498497,13.630692,13.157700,13.498497,13.309326,13.574066,13.725006,13.762703,13.630692,13.366112,13.611824,13.479599,13.574066,13.819221,13.611824,13.536285,13.176659,13.460693,13.176659,13.630692,13.706154,13.271439,13.630692,13.536285,13.100769,13.081795,13.536285,13.725006,13.894524,13.819221,13.630692,13.479599,13.479599,13.441788,13.743858,13.781540,14.007355,13.574066,14.026146,13.498497,14.232613,13.309326,14.326302,13.819221,13.725006,14.213860,13.819221,13.988556,13.517403,13.479599,13.725006,13.894524,13.611824,13.950951,14.101280,14.345024,14.419891,14.718750,14.700096,15.332008,15.424561,15.720085,16.106438,15.867470,16.436256,16.161499,15.922668,16.399666,16.764816,17.037659,16.527649,16.855865,17.073982,16.964989,17.019493,17.490471,17.255310,17.237198,16.855865,17.200951,17.037659,17.598785,16.874062,17.110275,16.946808,17.472412,17.418190,17.219078,17.037659,17.345833,17.219078,17.273430,17.670921,17.706970,17.327736,17.146553,17.436272,17.508537,17.706970,17.363930,17.327736,17.833000,17.508537,17.724983,17.508537,18.174133,17.815002,18.066551,17.724983,18.066551,18.048607,18.084496,17.904930,18.442459,18.174133,18.335236,18.192039,18.406731,18.192039,18.585213,18.012718,17.940880,18.120361,18.335236,18.299454,18.227867,18.012718,17.958839,18.066551,17.904930,17.833000,18.245766,18.156204,18.370995,18.370995,17.976807,17.779015,18.066551,17.868965,18.102425,18.174133,18.192039,17.940880,18.638680,17.797005,18.209953,18.030663,18.567383,17.833000,18.281563,18.281563,18.209953,18.209953,18.513863,17.833000,18.353111,18.317345,18.263664,17.886955,17.940880,18.012718,18.030663,17.994759,18.388855,18.263664,18.048607,18.048607,18.709923,18.335236,18.620857,17.976807,18.656494,17.850990,18.138290,18.209953,18.603035,17.958839,18.388855,17.976807,17.976807,18.263664,17.562698,17.815002,18.138290,18.335236,18.102425,18.281563,18.656494,17.994759,18.012718,17.922905,18.245766,17.994759,17.472412,18.048607,17.580750,17.742996,17.797005,17.779015,17.994759,17.706970,17.508537,17.940880,18.066551,17.886955,17.958839,17.994759,18.156204,18.192039,18.084496,18.353111,18.192039,18.084496,18.048607,18.048607,18.030663,17.797005,17.976807,17.833000,17.706970,17.219078,17.472412,16.564171,16.946808,16.198189,16.527649,16.088081,15.683197,15.387550,14.886414,14.811943,14.998024,14.793312,14.718750,14.326302,14.625465,14.232613,14.382469,14.101280,14.101280,14.007355,14.382469,14.213860,14.438606,14.063721,14.138817,14.063721,14.251350,13.800392,14.101280,14.326302,13.913338,14.251350,14.195114,14.101280,13.932144,13.913338,14.195114,14.026146,13.950951,14.007355,14.007355,13.781540,13.894524,14.101280,13.687294,14.026146,13.743858,13.875710,13.950951,13.932144,13.743858,13.536285,13.894524,14.307571,14.063721,13.988556,14.157593,13.856880,14.007355,13.555183,14.007355,14.082504,14.026146,13.555183,14.082504,13.856880,13.517403,13.687294,14.157593,13.932144,13.969765,13.875710,13.932144,13.422867,13.762703,14.270103,13.969765,14.195114,14.176346,14.063721,13.555183,13.725006,13.950951,13.856880,13.894524,13.271439,13.969765,13.725006,13.668427,13.819221,13.932144,13.555183,13.988556,13.856880,13.800392,14.007355,14.251350,14.138817,14.270103,14.063721,13.894524,14.138817,14.044937,13.762703,13.781540,13.875710,14.494698,14.363747,13.988556,14.026146,13.630692,14.288834,14.138817,14.082504,13.328255,13.479599,13.592949,14.326302,13.743858,13.555183,14.082504,13.687294,13.875710,13.687294,13.743858,14.007355,13.932144,14.138817,13.838051,14.007355,13.781540,14.007355,14.044937,13.649567,14.063721,14.082504,13.932144,13.574066,13.856880,14.063721,13.611824,14.176346,13.950951,13.762703,14.326302,14.176346,13.498497,14.063721,13.781540,13.687294,13.592949,13.894524,13.819221,13.856880,13.517403,14.157593,13.913338,13.950951,13.988556,14.026146,14.176346,13.800392,14.120049,13.743858,14.120049,13.479599,13.894524,13.725006,14.382469,14.138817,14.157593,14.363747,14.457298,14.811943,14.942238,14.886414,15.517014,15.424561,15.165176,15.572441,15.977844,15.996223,16.124794,15.461563,15.461563,15.812218,15.775375,16.143143,16.344765,16.051353,16.381371,16.837654,16.509377,16.728371,16.381371,16.545914,16.710136,16.691910,16.673668,16.527649,16.436256,16.472824,16.801247,16.436256,16.069710,16.527649,16.308144,16.582436,16.946808,16.783035,16.983162,16.381371,17.309639,16.837654,17.273430,16.910439,16.983162,17.255310,17.436272,17.037659,16.855865,17.237198,16.892258,17.309639,17.001335,17.309639,17.182823,17.255310,17.327736,17.219078,17.200951,16.783035,16.983162,16.964989,16.600693,16.928627,16.819458,17.128418,16.417961,16.600693,16.837654,16.655434,16.143143,16.161499,16.892258,16.509377,15.461563,16.326462,16.363075,16.582436,16.289825,15.849052,16.198189,16.289825,15.664742,15.775375,15.183723,15.406059,15.812218,15.072350,15.109489,14.476006,14.138817,14.513397,13.988556,13.800392,14.382469,14.082504,13.725006,14.401184,14.513397,13.536285,14.476006,13.875710,14.793312,14.044937,14.979439,14.251350,13.819221,14.082504,14.007355,14.288834,14.345024,13.725006,13.743858,14.007355,14.681450,13.385033,13.913338,14.569450,13.875710,14.644127,13.950951,13.969765,13.950951,14.232613,14.363747,13.611824,14.270103,14.063721,13.536285,13.913338,14.007355,13.385033,14.120049,13.176659,13.932144,13.932144,13.195625,13.366112,13.195625,13.385033,
12.051033,12.663208,13.309326,12.166107,12.242760,13.081795,13.119759,12.185280,13.062805,12.701340,12.663208,12.605988,12.758507,12.108589,12.682281,12.682281,12.625069,12.758507,13.081795,12.948814,13.309326,12.185280,12.758507,12.472336,12.701340,12.701340,12.720398,12.986824,12.834679,12.395866,12.967819,12.242760,12.682281,13.214584,13.233543,13.062805,13.081795,12.567825,13.176659,12.910774,12.948814,12.300209,13.005829,13.252487,13.969765,12.872734,13.195625,13.195625,12.929794,12.663208,12.967819,13.176659,13.214584,13.271439,12.986824,13.062805,13.574066,12.777557,12.986824,12.625069,13.403954,13.138725,13.119759,12.929794,12.910774,12.376740,13.309326,13.347183,13.290382,12.395866,13.366112,12.777557,13.347183,13.385033,12.472336,13.005829,12.682281,12.777557,13.233543,13.081795,13.176659,12.929794,13.290382,13.498497,12.796600,13.100769,13.725006,13.498497,13.328255,13.536285,13.479599,12.872734,13.214584,13.536285,13.630692,13.517403,13.271439,13.479599,13.781540,13.536285,13.479599,13.536285,13.005829,13.195625,13.649567,13.479599,14.101280,13.725006,13.290382,13.969765,13.271439,13.555183,13.138725,13.403954,13.875710,13.611824,13.969765,13.366112,13.819221,13.081795,13.024826,13.100769,13.536285,13.460693,13.687294,13.838051,13.290382,13.555183,13.309326,13.592949,13.498497,13.592949,13.385033,14.120049,13.838051,13.271439,13.781540,13.649567,13.005829,13.950951,13.422867,13.838051,13.479599,14.007355,13.875710,13.894524,13.875710,14.101280,13.932144,13.649567,13.988556,13.725006,14.044937,13.630692,13.479599,13.195625,13.894524,13.969765,13.592949,13.687294,14.082504,13.894524,14.063721,14.419891,14.588127,15.109489,15.276436,15.239365,15.498535,15.701637,16.234848,16.143143,16.363075,16.472824,16.819458,16.691910,16.179840,17.019493,16.655434,16.910439,16.801247,17.200951,16.928627,17.110275,17.436272,17.092117,17.327736,17.092117,17.055817,17.037659,17.327736,17.382019,17.291534,16.764816,17.219078,17.219078,16.928627,17.237198,17.110275,17.019493,16.928627,17.382019,17.436272,17.019493,17.815002,17.418190,17.490471,17.598785,17.886955,17.688942,17.833000,18.209953,17.724983,17.562698,18.174133,17.850990,18.353111,17.868965,18.227867,18.048607,18.245766,17.833000,18.084496,18.084496,18.424599,18.048607,18.227867,18.370995,18.317345,18.120361,18.353111,18.388855,18.353111,18.120361,17.940880,17.868965,18.102425,18.174133,18.513863,17.958839,18.030663,18.120361,17.598785,18.084496,18.138290,18.192039,18.048607,17.922905,18.084496,18.012718,18.406731,18.227867,18.335236,17.616829,18.263664,17.976807,17.815002,17.850990,18.263664,17.761002,18.227867,17.922905,18.120361,18.263664,18.245766,17.797005,18.120361,17.994759,17.922905,18.084496,18.478165,18.048607,18.102425,18.424599,18.513863,18.209953,18.442459,18.335236,18.388855,18.227867,18.174133,18.209953,18.603035,18.138290,18.245766,17.886955,18.263664,17.670921,18.585213,17.850990,17.994759,17.670921,17.886955,18.370995,17.833000,18.012718,17.994759,17.833000,18.084496,17.688942,17.797005,17.994759,17.940880,17.345833,18.012718,17.418190,17.706970,17.886955,18.048607,17.724983,17.904930,17.761002,17.724983,18.227867,18.353111,18.353111,18.388855,17.833000,18.245766,18.227867,18.370995,17.940880,18.209953,17.706970,17.940880,17.940880,17.797005,17.652901,17.146553,17.382019,17.037659,16.892258,16.124794,15.867470,15.387550,15.461563,14.923637,14.960838,14.662788,14.363747,14.457298,14.195114,14.251350,14.326302,14.120049,13.988556,13.668427,13.800392,14.157593,14.532082,14.007355,13.913338,14.288834,13.460693,14.176346,13.838051,14.157593,14.307571,13.894524,13.687294,13.743858,13.875710,14.494698,13.781540,13.536285,13.875710,14.176346,13.725006,14.401184,13.819221,14.232613,13.706154,13.649567,13.950951,13.932144,14.120049,13.950951,14.007355,13.592949,13.611824,14.157593,14.120049,14.138817,14.195114,14.213860,14.157593,13.592949,14.082504,13.932144,13.574066,13.725006,13.969765,14.007355,14.382469,14.007355,14.101280,14.157593,14.101280,14.063721,13.649567,13.743858,13.706154,14.138817,14.363747,13.574066,13.856880,14.270103,13.498497,13.932144,13.517403,13.969765,13.555183,14.101280,13.460693,13.781540,13.611824,13.460693,13.668427,14.288834,13.498497,14.176346,13.819221,13.743858,13.668427,13.762703,13.819221,13.743858,13.950951,13.762703,13.932144,13.781540,13.762703,14.288834,13.969765,14.345024,13.781540,13.969765,13.894524,13.838051,14.082504,13.687294,13.649567,13.725006,14.157593,14.082504,14.007355,13.687294,13.932144,13.969765,13.743858,14.120049,14.363747,13.932144,13.856880,14.138817,13.819221,13.950951,14.007355,13.950951,13.894524,13.838051,14.026146,13.706154,13.403954,13.781540,13.649567,13.536285,14.063721,13.592949,13.988556,13.195625,13.630692,13.649567,14.044937,13.932144,13.781540,14.213860,13.517403,14.101280,13.894524,13.969765,13.762703,14.138817,14.026146,13.517403,13.969765,14.044937,13.668427,13.781540,14.007355,14.101280,14.044937,13.875710,13.630692,13.875710,13.725006,14.063721,13.630692,13.555183,14.288834,14.849190,14.606796,14.644127,14.774681,15.517014,15.109489,15.996223,15.959457,16.253181,15.424561,15.812218,15.922668,15.756950,15.996223,15.498535,15.904274,16.472824,16.381371,16.161499,16.344765,16.673668,16.509377,16.381371,16.600693,16.637184,16.472824,16.527649,16.837654,16.618950,16.344765,16.363075,16.399666,16.801247,16.344765,16.289825,16.271500,16.417961,16.728371,17.182823,16.928627,16.600693,16.746590,16.691910,16.892258,16.801247,17.146553,17.309639,17.436272,17.001335,17.073982,17.128418,17.345833,17.363930,17.273430,17.092117,16.691910,17.526596,16.964989,17.418190,16.819458,16.728371,16.673668,17.652901,16.946808,16.454536,16.855865,17.037659,16.728371,16.673668,16.564171,15.867470,16.855865,16.746590,16.051353,16.454536,16.161499,16.216530,16.271500,16.014603,16.161499,15.812218,15.701637,15.461563,15.627831,15.941071,15.849052,14.550774,15.220818,15.332008,14.345024,14.867805,14.345024,14.232613,13.856880,14.026146,14.419891,14.082504,14.326302,14.195114,14.138817,14.438606,14.138817,14.662788,13.913338,14.213860,14.007355,14.007355,14.251350,13.875710,13.743858,14.345024,14.401184,13.630692,13.950951,13.838051,13.725006,13.913338,14.550774,13.062805,13.762703,13.894524,14.120049,14.213860,14.044937,14.157593,13.743858,14.270103,14.063721,14.044937,13.668427,13.894524,13.762703,13.441788,13.233543,13.592949,14.007355,14.195114,13.574066,13.460693,12.434105,
12.376740,12.625069,13.043808,12.720398,12.948814,12.948814,12.682281,13.005829,13.043808,12.548721,12.967819,12.261917,12.242760,12.357613,12.834679,12.758507,12.834679,12.625069,13.214584,12.891754,12.853714,12.663208,12.376740,12.510529,12.758507,12.758507,12.986824,12.166107,12.929794,12.548721,12.625069,12.815643,12.720398,12.701340,12.338478,12.891754,12.682281,12.872734,12.701340,13.100769,12.986824,12.586906,13.005829,12.701340,13.517403,13.100769,12.644142,12.967819,12.777557,12.625069,13.043808,13.403954,13.176659,12.891754,13.119759,13.460693,13.403954,13.271439,13.875710,12.929794,13.157700,13.422867,13.422867,13.536285,13.043808,13.024826,13.460693,13.195625,12.834679,12.967819,12.891754,12.834679,12.834679,13.119759,12.338478,12.777557,12.967819,13.309326,12.853714,13.309326,13.252487,12.929794,12.739456,12.625069,13.119759,12.948814,13.592949,13.214584,13.005829,13.422867,13.668427,13.347183,13.403954,13.403954,13.574066,13.517403,13.498497,13.403954,13.403954,13.328255,13.687294,13.611824,13.176659,13.385033,13.592949,13.649567,13.555183,13.479599,13.838051,13.687294,13.498497,13.555183,13.875710,13.422867,13.574066,13.649567,14.138817,13.498497,13.214584,13.592949,13.687294,13.630692,13.838051,13.328255,13.687294,12.777557,13.687294,13.687294,13.460693,13.762703,13.668427,13.743858,13.819221,13.668427,13.932144,13.687294,13.687294,13.781540,13.819221,14.401184,14.120049,13.366112,13.555183,13.800392,13.950951,13.743858,14.232613,13.574066,14.232613,13.950951,14.138817,13.706154,13.781540,14.101280,13.687294,13.800392,13.290382,13.630692,13.574066,13.555183,13.441788,14.007355,14.326302,14.532082,14.569450,14.849190,15.350533,15.220818,15.480049,16.106438,16.289825,15.996223,16.545914,16.399666,16.527649,16.746590,16.728371,16.344765,16.837654,17.200951,16.964989,17.037659,17.363930,17.128418,16.600693,17.255310,17.363930,17.472412,17.055817,17.327736,16.801247,16.928627,16.964989,17.110275,17.255310,17.219078,16.964989,16.892258,17.273430,16.801247,17.164696,17.200951,16.837654,17.219078,17.544655,17.309639,17.868965,17.544655,17.562698,17.472412,17.815002,17.958839,18.227867,17.688942,18.674309,17.616829,18.281563,18.138290,18.478165,18.442459,17.688942,17.797005,17.904930,18.030663,18.263664,17.940880,18.353111,18.709923,18.335236,18.245766,18.209953,18.174133,18.138290,18.084496,18.263664,17.850990,18.388855,18.138290,18.245766,18.263664,18.156204,18.245766,18.120361,18.084496,18.245766,17.958839,17.958839,17.976807,17.904930,17.958839,18.478165,18.370995,18.353111,18.138290,18.048607,17.922905,18.030663,18.245766,17.670921,17.994759,17.797005,17.724983,18.084496,18.478165,17.994759,18.066551,18.048607,18.478165,18.424599,18.406731,18.370995,18.263664,18.941017,18.585213,18.442459,18.048607,18.424599,18.066551,18.030663,18.084496,18.299454,17.994759,18.263664,18.460312,18.192039,18.513863,18.030663,17.815002,18.102425,18.209953,18.227867,18.030663,18.012718,17.616829,18.370995,17.652901,18.102425,17.958839,18.048607,17.976807,17.436272,17.886955,17.706970,18.048607,18.102425,17.797005,17.327736,17.742996,18.030663,17.688942,17.779015,18.138290,17.742996,17.940880,18.299454,18.442459,18.460312,18.138290,17.976807,18.549545,18.066551,18.478165,18.012718,17.761002,17.688942,17.904930,17.616829,17.146553,17.670921,16.618950,16.928627,16.801247,16.124794,15.941071,15.720085,15.369041,15.627831,15.165176,14.979439,14.213860,14.307571,14.157593,14.438606,14.232613,14.251350,13.517403,14.345024,14.513397,14.213860,13.800392,14.232613,14.101280,13.838051,13.894524,14.419891,14.101280,13.875710,13.668427,14.082504,14.251350,14.345024,14.176346,14.270103,14.232613,13.932144,14.026146,13.687294,13.894524,13.932144,14.026146,13.555183,14.213860,14.007355,13.498497,14.101280,14.101280,13.950951,13.969765,13.950951,14.120049,14.157593,13.762703,13.781540,14.082504,14.363747,13.649567,14.120049,14.007355,13.819221,14.063721,14.401184,14.138817,13.894524,14.044937,13.894524,13.725006,13.932144,14.026146,14.101280,14.176346,13.347183,14.457298,13.819221,14.307571,13.894524,13.706154,13.630692,14.044937,14.044937,13.687294,13.574066,13.856880,13.800392,13.081795,13.988556,13.668427,13.271439,13.328255,13.517403,14.007355,13.592949,13.536285,13.932144,13.385033,13.969765,14.007355,14.082504,13.875710,14.026146,13.969765,13.913338,14.101280,13.875710,13.950951,14.007355,13.762703,14.120049,14.270103,13.932144,13.706154,13.536285,14.232613,14.007355,14.251350,13.800392,14.176346,13.988556,13.743858,13.498497,13.894524,13.762703,13.706154,13.649567,13.894524,13.913338,13.988556,13.611824,13.894524,13.800392,13.875710,14.026146,13.668427,13.743858,13.649567,13.517403,13.932144,13.479599,13.536285,14.288834,13.725006,13.819221,13.555183,13.687294,13.536285,13.969765,13.856880,13.403954,13.800392,13.347183,13.574066,13.950951,13.875710,14.044937,13.479599,13.517403,13.611824,14.063721,13.725006,13.913338,13.668427,13.460693,13.800392,13.875710,13.781540,13.894524,13.800392,13.743858,13.781540,14.044937,14.138817,14.195114,14.662788,14.457298,14.718750,15.220818,15.016617,15.257896,15.627831,15.090919,15.369041,16.051353,15.443062,16.051353,15.885872,15.904274,16.198189,16.161499,16.143143,16.801247,16.216530,16.454536,16.892258,16.673668,16.363075,16.363075,16.527649,16.819458,16.691910,16.326462,16.124794,15.904274,16.655434,16.600693,16.509377,16.637184,16.399666,17.001335,16.855865,16.837654,16.819458,17.182823,17.128418,17.273430,17.273430,17.073982,16.764816,17.327736,17.255310,17.001335,17.544655,17.255310,17.652901,17.724983,17.562698,17.327736,17.400101,17.200951,17.146553,17.400101,17.073982,16.545914,16.837654,16.600693,16.819458,16.910439,16.837654,16.582436,16.436256,16.051353,16.746590,16.564171,16.710136,16.491104,16.600693,16.545914,16.344765,16.491104,16.527649,16.837654,16.161499,16.124794,16.161499,15.793800,15.387550,15.775375,15.369041,15.146614,15.146614,14.979439,14.606796,14.793312,14.774681,13.950951,13.592949,13.988556,13.687294,14.382469,14.288834,14.157593,14.382469,13.932144,13.875710,13.819221,14.363747,14.363747,14.532082,14.044937,13.743858,13.800392,14.007355,13.932144,14.101280,13.856880,14.195114,13.762703,13.781540,14.345024,13.969765,13.988556,13.856880,14.288834,13.517403,14.532082,13.328255,13.725006,14.063721,13.950951,13.592949,13.800392,13.517403,13.762703,13.725006,13.743858,13.422867,13.800392,13.536285,13.668427,13.725006,13.441788,12.758507,
11.685669,12.261917,13.157700,12.777557,13.119759,12.338478,13.138725,12.472336,12.986824,12.682281,12.682281,12.739456,12.567825,12.834679,13.290382,12.586906,13.309326,12.967819,12.929794,12.338478,12.414986,13.555183,13.043808,12.644142,12.185280,13.043808,12.853714,13.005829,12.758507,12.796600,12.910774,13.024826,12.815643,12.510529,12.261917,12.910774,12.453224,13.043808,13.138725,12.586906,12.605988,12.701340,12.986824,13.309326,13.479599,12.720398,12.739456,13.157700,13.271439,12.777557,13.043808,13.157700,13.347183,13.271439,13.024826,13.819221,12.948814,13.725006,13.271439,12.986824,13.252487,13.271439,12.986824,13.005829,13.252487,13.176659,13.385033,13.233543,13.081795,13.309326,13.176659,12.796600,13.195625,12.605988,12.720398,12.910774,12.605988,13.062805,13.214584,12.777557,12.605988,12.986824,13.157700,12.891754,13.385033,13.385033,13.252487,13.479599,13.517403,13.328255,13.441788,13.517403,13.969765,13.555183,13.592949,13.290382,14.138817,13.649567,13.195625,13.819221,13.366112,13.290382,13.592949,13.800392,13.706154,13.385033,13.385033,13.988556,13.592949,13.138725,13.385033,13.441788,13.649567,13.687294,12.929794,14.044937,13.611824,13.592949,13.441788,13.574066,13.611824,13.687294,13.611824,13.725006,13.630692,13.706154,13.969765,13.725006,13.969765,13.555183,13.366112,14.082504,13.875710,13.762703,13.422867,14.101280,13.687294,13.838051,14.345024,14.232613,13.366112,14.307571,13.950951,14.120049,13.725006,13.555183,14.270103,13.969765,13.838051,14.101280,14.195114,13.668427,14.345024,13.422867,13.725006,13.725006,13.630692,13.460693,14.232613,13.592949,13.856880,14.363747,14.157593,14.979439,14.270103,14.756035,15.350533,15.332008,15.738518,15.406059,16.289825,15.793800,16.253181,16.198189,16.124794,16.728371,16.618950,17.001335,16.764816,16.509377,17.200951,16.764816,17.164696,16.673668,17.128418,17.418190,17.237198,17.073982,17.146553,17.019493,17.110275,17.273430,17.073982,17.037659,16.928627,17.037659,16.837654,17.291534,17.345833,17.255310,17.146553,17.110275,17.200951,17.454338,17.436272,17.309639,18.138290,17.382019,17.868965,17.580750,17.850990,17.761002,17.850990,18.174133,17.797005,18.048607,18.317345,18.209953,18.209953,17.994759,18.335236,17.797005,17.815002,18.102425,18.156204,18.227867,18.245766,18.138290,18.281563,18.353111,18.406731,18.567383,18.048607,17.922905,17.761002,17.886955,18.174133,18.048607,18.245766,17.255310,17.688942,17.922905,18.281563,18.406731,17.958839,18.192039,18.066551,18.156204,17.922905,17.940880,17.904930,18.567383,18.478165,18.442459,17.833000,18.012718,18.030663,17.833000,17.904930,18.030663,18.030663,18.353111,18.012718,17.868965,17.886955,18.281563,17.761002,17.850990,18.299454,18.227867,18.656494,18.353111,18.335236,18.174133,18.030663,18.245766,18.674309,18.192039,18.442459,17.904930,17.922905,18.012718,18.174133,18.442459,18.156204,18.066551,18.156204,17.994759,17.815002,17.958839,17.904930,18.174133,18.209953,18.263664,17.904930,17.815002,17.940880,17.868965,17.976807,17.598785,17.833000,17.833000,17.850990,17.634865,17.724983,17.616829,17.833000,18.048607,17.580750,17.833000,17.742996,18.102425,18.120361,17.994759,17.940880,18.317345,17.742996,18.120361,18.066551,18.209953,18.102425,18.120361,18.156204,17.958839,17.724983,17.761002,17.634865,17.779015,17.363930,16.892258,16.545914,16.326462,16.198189,15.977844,16.106438,15.369041,15.406059,15.128059,14.550774,14.905037,14.213860,14.401184,14.569450,14.363747,14.101280,14.101280,14.494698,14.195114,14.232613,14.270103,13.969765,14.157593,14.044937,14.270103,14.026146,14.438606,14.007355,14.363747,14.307571,13.856880,13.536285,13.950951,13.819221,13.838051,14.101280,14.232613,14.213860,13.706154,13.969765,14.101280,14.419891,13.687294,13.932144,14.063721,14.082504,14.157593,13.762703,14.157593,14.082504,14.082504,13.687294,13.574066,14.195114,14.195114,14.007355,14.232613,13.932144,13.932144,14.195114,13.988556,13.592949,13.781540,13.781540,13.743858,14.157593,14.419891,13.725006,13.913338,13.950951,13.950951,13.706154,14.419891,13.913338,14.007355,14.026146,13.668427,13.913338,13.969765,14.213860,13.460693,14.213860,13.630692,13.347183,13.875710,13.649567,14.007355,13.517403,13.592949,13.838051,13.611824,13.347183,14.044937,13.743858,13.592949,13.630692,13.574066,14.026146,13.611824,13.743858,13.875710,14.138817,13.932144,14.232613,13.894524,14.419891,14.063721,14.101280,13.743858,13.271439,13.819221,13.856880,13.649567,13.649567,13.498497,13.913338,13.743858,13.819221,13.498497,13.706154,13.498497,13.950951,13.668427,13.706154,13.875710,13.536285,13.762703,13.725006,13.781540,13.630692,14.251350,13.422867,13.725006,14.101280,13.555183,13.781540,13.479599,13.894524,13.856880,13.687294,13.800392,13.290382,13.781540,13.932144,13.913338,13.762703,13.441788,13.932144,13.498497,14.063721,13.819221,13.838051,13.630692,13.592949,13.630692,13.838051,13.706154,13.800392,13.630692,14.195114,13.819221,13.894524,13.252487,13.668427,13.517403,13.913338,13.668427,14.438606,14.007355,13.932144,14.026146,14.419891,14.644127,14.438606,14.849190,14.923637,14.700096,15.332008,15.738518,15.738518,15.664742,15.849052,15.461563,16.326462,15.738518,16.051353,16.509377,16.381371,16.491104,16.381371,16.618950,16.124794,16.618950,16.454536,16.344765,16.472824,16.527649,16.344765,16.198189,16.545914,16.399666,16.124794,16.618950,16.892258,16.417961,16.216530,16.564171,17.001335,16.801247,16.783035,16.637184,16.910439,16.746590,17.200951,16.819458,17.580750,17.400101,17.110275,16.837654,17.073982,17.309639,16.783035,17.345833,17.237198,17.526596,17.688942,17.400101,17.200951,17.345833,17.001335,16.874062,16.964989,16.764816,16.710136,16.618950,16.691910,16.892258,16.964989,16.637184,17.110275,16.399666,16.436256,16.691910,16.198189,16.673668,16.764816,17.019493,16.417961,15.793800,16.253181,16.271500,15.922668,15.959457,15.849052,15.793800,15.941071,15.332008,15.294960,14.756035,14.681450,14.625465,14.550774,14.063721,14.494698,14.044937,14.270103,14.157593,13.762703,14.176346,13.460693,14.138817,14.082504,15.202286,14.251350,13.800392,14.063721,14.195114,13.856880,14.532082,14.326302,13.668427,13.706154,14.363747,14.251350,14.082504,14.026146,14.082504,14.270103,14.007355,14.363747,13.460693,13.800392,13.422867,14.007355,13.498497,13.838051,13.611824,14.082504,13.271439,13.630692,13.950951,14.120049,13.309326,13.574066,13.460693,14.063721,13.932144,13.875710,13.176659,13.271439,12.834679,
11.473503,12.567825,13.233543,12.625069,12.796600,12.967819,12.701340,12.910774,13.119759,13.403954,12.986824,12.872734,12.682281,13.214584,13.157700,12.796600,13.366112,12.644142,12.758507,13.233543,13.252487,13.271439,13.157700,12.548721,12.910774,12.929794,13.005829,12.472336,12.910774,12.910774,13.043808,12.663208,13.290382,12.834679,13.062805,12.739456,13.252487,12.777557,13.385033,12.682281,13.024826,13.100769,13.176659,12.872734,13.347183,13.157700,13.005829,13.214584,13.271439,13.252487,13.328255,13.687294,13.422867,13.252487,13.176659,13.138725,13.649567,12.815643,13.460693,13.214584,13.668427,13.176659,13.630692,13.005829,13.176659,13.479599,13.347183,12.720398,13.460693,13.195625,13.195625,13.233543,12.758507,13.252487,12.720398,12.948814,13.290382,12.929794,12.948814,12.682281,13.233543,13.119759,12.891754,12.853714,13.024826,13.611824,13.214584,13.592949,13.119759,13.498497,13.290382,13.479599,13.536285,13.894524,13.762703,13.725006,14.176346,14.382469,13.592949,13.536285,13.517403,13.403954,14.101280,13.875710,13.781540,13.630692,13.950951,13.100769,13.574066,13.630692,13.630692,13.385033,13.460693,13.138725,13.875710,13.725006,13.592949,13.630692,13.668427,13.649567,13.838051,13.819221,13.668427,13.630692,14.082504,13.838051,13.668427,13.630692,13.668427,13.687294,13.969765,13.290382,13.913338,14.063721,14.063721,14.176346,13.630692,14.419891,14.138817,13.441788,13.706154,13.950951,13.969765,13.856880,13.894524,13.856880,14.232613,13.838051,13.536285,13.969765,14.195114,13.950951,14.063721,13.950951,13.988556,13.309326,13.950951,13.574066,13.894524,13.819221,13.800392,14.195114,14.007355,14.270103,13.950951,15.239365,15.609375,15.480049,15.387550,15.461563,16.527649,15.720085,16.582436,16.363075,16.600693,16.783035,16.198189,16.564171,17.092117,17.237198,17.327736,17.110275,17.345833,17.327736,17.219078,17.146553,17.363930,17.146553,16.910439,17.670921,17.092117,17.291534,17.146553,17.073982,17.073982,17.219078,16.801247,16.928627,17.146553,17.273430,17.345833,17.598785,17.146553,17.544655,17.940880,17.309639,17.761002,17.706970,17.724983,17.544655,17.922905,17.706970,17.670921,17.580750,17.940880,18.478165,18.263664,18.209953,17.994759,18.066551,18.174133,18.353111,18.370995,18.138290,18.084496,18.209953,18.084496,18.281563,18.138290,18.317345,18.048607,18.209953,18.192039,17.994759,18.281563,18.066551,18.048607,17.815002,18.120361,17.958839,18.317345,18.120361,18.281563,18.102425,18.138290,18.120361,18.299454,18.084496,18.174133,18.084496,18.245766,18.727722,18.567383,17.958839,18.120361,18.317345,17.886955,18.567383,18.299454,18.084496,17.904930,18.227867,18.174133,17.742996,18.174133,17.868965,17.886955,18.263664,17.976807,18.120361,18.209953,18.048607,18.138290,18.388855,18.388855,18.209953,17.994759,17.904930,18.048607,18.335236,18.138290,18.442459,18.084496,18.030663,18.012718,18.174133,18.281563,17.779015,18.030663,17.976807,18.156204,17.994759,17.850990,17.886955,18.138290,17.670921,18.353111,18.174133,18.030663,17.761002,18.048607,18.102425,18.048607,17.797005,17.616829,17.922905,17.976807,17.634865,17.742996,17.904930,18.048607,18.263664,17.922905,18.120361,18.066551,18.102425,18.030663,18.084496,18.317345,18.120361,17.868965,18.102425,18.012718,17.868965,17.994759,17.273430,17.616829,17.724983,17.436272,17.073982,16.983162,16.673668,16.161499,16.014603,15.461563,15.350533,14.923637,14.774681,14.886414,14.681450,14.363747,14.419891,13.969765,14.101280,14.176346,14.101280,14.270103,14.419891,14.681450,14.082504,14.569450,14.288834,14.419891,14.326302,14.326302,14.513397,14.120049,14.213860,14.326302,14.082504,14.120049,13.932144,14.213860,14.063721,13.875710,13.988556,13.894524,13.762703,14.044937,13.555183,14.157593,13.875710,13.800392,13.800392,13.894524,13.969765,14.044937,13.894524,14.120049,13.969765,13.498497,13.762703,13.706154,14.438606,14.007355,13.969765,14.176346,13.988556,14.082504,14.007355,14.513397,13.819221,14.382469,13.838051,14.101280,13.894524,13.969765,13.932144,14.270103,14.288834,13.894524,13.838051,14.270103,14.401184,14.382469,14.063721,13.913338,13.611824,13.875710,13.875710,13.611824,13.536285,14.195114,13.819221,13.498497,14.213860,13.555183,13.668427,13.875710,13.630692,13.706154,13.969765,13.781540,13.630692,13.950951,13.988556,14.026146,14.063721,13.498497,14.138817,14.326302,13.950951,14.063721,13.856880,14.101280,13.913338,14.063721,13.460693,14.026146,14.513397,14.026146,14.082504,13.781540,13.706154,13.762703,13.630692,13.668427,13.668427,14.120049,13.611824,13.969765,13.950951,14.138817,13.856880,14.288834,14.007355,14.101280,13.819221,14.138817,14.026146,14.213860,13.725006,13.271439,14.063721,14.063721,13.574066,13.913338,13.950951,13.932144,13.819221,13.441788,13.649567,13.950951,13.969765,14.101280,13.950951,13.611824,13.574066,13.819221,13.498497,14.157593,13.441788,13.969765,13.838051,14.007355,14.007355,14.082504,13.819221,14.026146,13.875710,13.819221,14.288834,13.743858,13.403954,13.498497,13.687294,14.082504,13.592949,13.838051,14.363747,14.345024,14.513397,14.700096,14.662788,14.438606,14.886414,15.128059,15.664742,15.977844,15.959457,15.756950,15.609375,15.941071,15.756950,16.014603,15.904274,16.509377,16.344765,16.198189,16.344765,16.673668,16.472824,16.728371,16.491104,16.637184,16.582436,16.746590,16.326462,16.728371,16.819458,16.363075,16.801247,16.472824,16.783035,17.019493,16.655434,16.600693,16.855865,16.764816,16.964989,16.928627,16.545914,17.073982,16.234848,16.728371,17.580750,16.946808,17.182823,17.382019,17.055817,17.797005,17.128418,16.928627,17.940880,17.436272,17.073982,17.092117,16.837654,17.110275,17.436272,16.946808,17.382019,16.946808,16.673668,16.928627,17.073982,16.673668,17.200951,16.910439,16.964989,17.164696,16.491104,16.855865,16.746590,16.764816,16.124794,16.234848,16.014603,16.124794,16.124794,16.326462,15.756950,15.941071,15.701637,15.627831,15.424561,15.072350,15.016617,14.774681,14.756035,13.781540,14.026146,14.082504,14.138817,13.762703,13.950951,14.438606,14.082504,14.176346,14.120049,14.176346,14.326302,14.176346,14.176346,14.157593,14.476006,14.063721,14.382469,14.588127,13.838051,14.251350,13.913338,14.569450,14.326302,13.913338,13.592949,13.800392,13.838051,14.063721,13.950951,13.913338,13.592949,14.082504,13.157700,13.838051,13.725006,14.101280,14.195114,14.026146,13.441788,13.819221,13.555183,13.856880,13.838051,13.366112,13.988556,13.687294,13.800392,13.668427,12.586906,
12.357613,12.605988,12.834679,12.453224,12.910774,13.555183,13.498497,12.796600,13.024826,13.328255,13.309326,13.119759,12.910774,12.948814,13.119759,13.100769,12.853714,13.138725,13.062805,12.395866,12.872734,12.796600,12.682281,13.271439,13.005829,12.414986,12.548721,12.853714,12.644142,12.758507,12.986824,12.338478,13.119759,12.682281,13.024826,12.834679,13.005829,13.479599,12.967819,13.611824,12.834679,13.214584,12.815643,13.290382,13.119759,12.929794,13.005829,13.328255,12.910774,13.138725,13.441788,13.100769,13.630692,13.138725,13.309326,13.119759,13.517403,13.706154,13.385033,14.026146,13.762703,13.328255,13.668427,13.932144,13.441788,13.347183,13.460693,13.479599,13.176659,13.138725,13.005829,12.777557,13.043808,12.453224,12.319344,13.024826,12.777557,12.548721,12.625069,13.138725,13.081795,12.929794,13.271439,12.815643,13.081795,12.872734,13.043808,13.649567,13.630692,13.517403,13.195625,13.536285,13.555183,13.932144,13.913338,13.725006,13.894524,13.762703,13.969765,13.649567,13.913338,13.743858,13.649567,13.838051,13.875710,13.838051,13.574066,13.819221,13.574066,14.157593,13.555183,13.517403,13.875710,13.819221,14.044937,13.988556,13.875710,13.762703,14.419891,13.819221,13.706154,13.687294,13.630692,14.007355,13.479599,13.950951,13.649567,13.819221,14.044937,14.044937,14.213860,13.592949,13.875710,13.819221,14.007355,13.988556,14.326302,13.574066,14.026146,13.743858,14.120049,14.195114,13.781540,14.401184,13.668427,13.838051,14.044937,14.307571,14.307571,14.063721,13.894524,14.063721,13.743858,13.706154,13.894524,13.762703,13.460693,13.950951,13.687294,13.875710,14.044937,14.326302,14.737404,14.718750,14.737404,15.072350,15.109489,15.146614,15.350533,15.793800,16.179840,16.271500,16.436256,16.051353,16.527649,16.600693,16.618950,16.764816,16.964989,16.874062,17.110275,16.874062,17.291534,16.946808,17.110275,17.327736,16.874062,17.580750,17.400101,17.363930,17.182823,17.418190,17.110275,17.146553,16.928627,17.255310,17.400101,17.128418,17.055817,17.182823,17.526596,17.382019,17.055817,17.490471,17.616829,17.291534,17.146553,17.616829,17.309639,17.797005,17.976807,17.797005,17.833000,17.976807,17.940880,18.030663,18.120361,18.102425,18.120361,18.460312,18.066551,18.012718,18.120361,18.317345,18.353111,17.833000,18.227867,18.442459,18.692123,18.209953,18.353111,18.549545,18.209953,18.299454,18.424599,18.084496,18.048607,18.299454,18.209953,18.406731,18.388855,18.066551,18.478165,18.299454,18.299454,18.084496,17.994759,18.084496,18.156204,17.976807,18.138290,18.496017,18.370995,18.281563,18.102425,18.084496,18.424599,17.958839,18.192039,18.317345,18.138290,17.868965,18.102425,18.084496,18.102425,18.227867,18.030663,18.102425,17.994759,18.138290,18.567383,18.460312,18.460312,18.406731,18.209953,18.460312,18.531708,18.174133,18.156204,18.263664,18.353111,18.227867,18.281563,18.192039,17.958839,18.084496,18.335236,17.976807,18.299454,17.797005,17.797005,18.012718,17.886955,17.940880,18.245766,17.904930,17.958839,17.598785,18.174133,18.174133,17.922905,17.994759,17.940880,17.382019,18.120361,17.761002,17.634865,18.263664,17.652901,17.779015,18.120361,18.317345,18.102425,18.066551,17.850990,18.156204,18.335236,18.156204,18.335236,18.084496,17.868965,18.335236,18.120361,17.868965,17.922905,17.544655,17.526596,17.616829,17.363930,17.055817,16.928627,16.600693,16.527649,15.572441,15.646294,14.960838,15.313492,14.998024,14.942238,14.644127,14.550774,14.307571,14.176346,14.270103,14.082504,13.913338,14.195114,14.513397,14.588127,14.419891,14.737404,14.606796,14.345024,13.856880,14.363747,14.007355,14.625465,14.044937,13.932144,14.007355,14.007355,14.063721,14.251350,14.176346,13.781540,13.838051,14.101280,13.743858,14.232613,14.232613,14.363747,14.270103,14.138817,14.213860,13.781540,14.082504,13.611824,14.138817,13.875710,14.307571,13.706154,14.213860,13.913338,14.251350,14.270103,14.120049,14.419891,13.819221,14.213860,14.494698,14.588127,14.476006,14.213860,13.969765,14.213860,13.838051,14.363747,14.026146,14.176346,13.856880,14.044937,14.044937,14.345024,14.082504,14.288834,14.363747,13.385033,13.592949,13.762703,13.725006,14.007355,13.875710,13.271439,13.668427,13.743858,13.138725,13.403954,13.290382,13.498497,13.328255,13.611824,13.328255,13.856880,13.536285,13.574066,13.932144,13.838051,13.762703,14.007355,13.894524,14.606796,14.157593,13.969765,13.592949,13.894524,13.988556,14.345024,13.856880,14.026146,13.856880,13.969765,14.063721,13.743858,13.762703,14.138817,13.743858,14.082504,14.007355,13.536285,13.950951,13.932144,13.592949,13.781540,14.044937,13.819221,13.875710,14.251350,13.932144,13.630692,13.706154,13.781540,13.479599,14.101280,13.800392,13.800392,13.819221,13.800392,13.422867,14.044937,13.894524,13.668427,13.630692,13.838051,13.932144,13.743858,13.856880,13.913338,13.781540,13.932144,14.195114,14.419891,14.007355,14.195114,13.762703,13.706154,14.588127,14.176346,13.781540,13.875710,13.668427,13.913338,13.725006,13.460693,13.649567,13.838051,13.347183,14.044937,13.630692,13.214584,14.232613,14.082504,14.382469,14.419891,14.195114,15.480049,15.090919,15.276436,15.517014,16.014603,15.775375,16.014603,16.326462,15.756950,16.106438,16.454536,16.216530,16.179840,16.216530,16.253181,16.216530,16.308144,16.764816,16.783035,16.855865,16.491104,16.564171,16.618950,16.728371,16.655434,16.271500,16.928627,16.253181,16.691910,16.837654,17.255310,16.271500,16.910439,16.472824,16.874062,16.161499,16.564171,16.655434,17.273430,16.983162,17.146553,17.219078,17.400101,17.200951,17.055817,16.983162,17.562698,17.779015,17.418190,17.454338,17.598785,17.309639,16.746590,17.291534,16.910439,17.200951,16.874062,17.001335,17.073982,17.255310,17.092117,17.128418,16.728371,17.309639,17.019493,16.801247,16.928627,16.564171,16.618950,16.691910,17.019493,16.691910,16.527649,15.830643,16.600693,16.673668,15.977844,16.234848,15.812218,15.720085,16.032974,15.183723,15.109489,15.183723,14.438606,15.165176,14.063721,14.849190,14.044937,14.195114,14.363747,14.457298,14.438606,14.251350,14.120049,13.630692,14.476006,14.363747,14.756035,14.326302,13.762703,13.875710,14.120049,14.270103,13.706154,13.536285,13.630692,13.611824,14.195114,13.838051,13.932144,13.838051,13.743858,13.441788,14.213860,13.819221,14.101280,13.592949,13.649567,13.838051,13.441788,14.044937,13.800392,13.649567,13.290382,13.536285,13.894524,13.403954,14.176346,13.479599,12.625069,13.347183,14.007355,13.271439,12.834679,12.146942,
11.781952,12.644142,12.548721,12.891754,12.777557,13.347183,12.663208,13.157700,12.834679,13.290382,13.081795,12.739456,12.891754,12.986824,12.491440,13.233543,13.195625,12.853714,13.062805,12.986824,13.328255,13.555183,12.796600,12.300209,12.701340,13.233543,13.081795,12.796600,13.062805,12.682281,13.366112,13.347183,13.062805,13.081795,13.252487,13.422867,13.157700,12.739456,13.422867,13.062805,13.119759,13.498497,13.176659,13.328255,13.498497,12.986824,13.005829,13.214584,13.309326,13.574066,13.005829,13.119759,13.856880,13.536285,13.743858,13.176659,13.536285,13.913338,13.195625,13.385033,13.536285,13.157700,13.630692,13.687294,13.592949,13.460693,13.517403,13.290382,12.948814,13.441788,13.119759,13.271439,12.777557,13.176659,12.986824,13.043808,12.567825,12.720398,12.414986,12.891754,12.853714,12.605988,13.460693,13.157700,13.309326,12.929794,13.328255,12.891754,13.290382,13.271439,13.517403,13.536285,13.743858,13.630692,14.120049,13.932144,14.307571,13.725006,13.875710,13.838051,13.630692,13.498497,13.932144,13.611824,13.988556,13.366112,13.725006,14.026146,13.838051,13.725006,14.082504,13.630692,13.592949,13.385033,13.819221,13.743858,13.725006,13.498497,13.875710,13.781540,13.781540,13.762703,13.649567,13.856880,13.856880,13.932144,14.307571,13.932144,13.894524,14.082504,14.082504,13.762703,13.875710,13.762703,14.138817,14.044937,14.270103,13.894524,14.213860,13.894524,14.007355,13.950951,14.251350,13.969765,13.574066,14.101280,14.288834,14.588127,13.592949,13.950951,14.438606,14.213860,14.120049,14.007355,13.913338,13.555183,13.969765,13.838051,13.574066,13.762703,13.706154,13.894524,14.513397,14.363747,14.644127,14.737404,14.867805,15.517014,15.738518,15.849052,16.088081,16.088081,15.959457,16.454536,16.910439,16.198189,16.472824,16.783035,17.182823,17.164696,17.037659,17.110275,17.128418,17.200951,17.418190,17.544655,17.200951,17.363930,17.472412,17.670921,16.855865,17.454338,16.964989,16.509377,16.801247,17.164696,17.092117,17.146553,17.382019,17.363930,17.472412,17.508537,16.964989,17.345833,17.724983,17.634865,17.526596,17.562698,17.580750,17.598785,17.797005,17.454338,17.742996,17.940880,18.227867,18.388855,18.227867,18.066551,18.066551,18.299454,18.478165,18.406731,18.084496,18.531708,18.281563,18.406731,18.227867,18.227867,18.156204,18.370995,18.370995,17.994759,18.567383,18.406731,18.460312,18.353111,18.442459,18.317345,18.388855,18.388855,18.335236,18.513863,18.353111,18.281563,18.442459,18.245766,18.567383,18.138290,18.709923,18.048607,18.442459,18.869980,18.192039,18.138290,18.030663,18.138290,18.335236,18.299454,18.156204,18.138290,18.102425,18.424599,17.994759,18.030663,18.335236,18.156204,18.084496,17.886955,18.174133,17.797005,18.317345,18.209953,18.299454,18.370995,18.317345,18.012718,18.692123,18.388855,18.709923,18.388855,18.674309,17.508537,18.192039,18.192039,18.496017,18.084496,17.850990,18.406731,18.406731,18.120361,18.245766,18.174133,18.174133,18.227867,17.886955,17.904930,17.940880,17.616829,17.688942,17.652901,18.227867,17.976807,18.030663,17.688942,17.994759,17.688942,17.616829,17.724983,18.245766,17.833000,17.688942,17.761002,17.724983,17.940880,18.156204,17.562698,17.976807,18.192039,18.174133,18.281563,18.048607,17.958839,18.102425,18.227867,17.761002,17.706970,17.454338,17.526596,17.454338,17.182823,16.855865,15.959457,16.308144,15.313492,15.498535,15.720085,14.960838,15.202286,14.419891,14.513397,14.513397,14.082504,14.082504,14.063721,14.120049,14.345024,14.195114,14.326302,14.120049,14.550774,14.288834,14.532082,14.419891,14.476006,14.138817,14.026146,14.718750,14.363747,14.026146,14.588127,13.913338,14.326302,14.120049,14.176346,14.232613,14.494698,14.307571,14.063721,13.988556,14.195114,13.894524,13.819221,14.120049,14.438606,13.913338,14.044937,14.251350,13.668427,14.176346,13.781540,14.307571,13.819221,14.176346,13.743858,14.063721,14.307571,14.438606,13.988556,14.044937,14.232613,14.401184,13.969765,14.774681,13.630692,14.176346,14.401184,14.288834,14.438606,14.251350,14.270103,14.120049,13.894524,14.138817,14.811943,14.363747,14.326302,13.309326,14.101280,14.251350,13.536285,13.479599,13.988556,13.328255,13.422867,13.781540,13.385033,13.630692,13.555183,13.706154,13.875710,13.366112,13.555183,13.290382,13.856880,13.875710,13.536285,13.819221,13.479599,13.611824,13.875710,13.819221,14.176346,14.401184,13.950951,14.232613,13.894524,14.157593,14.326302,13.706154,14.138817,14.232613,13.913338,13.875710,14.157593,14.063721,14.063721,14.101280,14.157593,13.969765,13.630692,13.781540,13.838051,14.195114,14.007355,13.838051,13.856880,13.347183,14.288834,13.856880,13.687294,14.176346,14.251350,13.950951,13.913338,14.063721,13.687294,13.950951,13.819221,14.044937,14.026146,14.120049,14.138817,14.063721,13.913338,13.988556,13.706154,14.044937,13.838051,13.913338,13.838051,13.950951,13.838051,14.082504,14.251350,14.251350,14.232613,13.611824,14.138817,14.213860,13.875710,13.969765,13.536285,13.630692,14.044937,13.743858,13.668427,13.743858,14.157593,14.213860,13.838051,13.932144,14.625465,14.886414,14.942238,14.998024,14.774681,15.627831,15.424561,15.775375,15.517014,15.424561,16.106438,15.922668,16.051353,16.271500,16.216530,16.436256,16.545914,16.179840,16.454536,16.710136,16.399666,16.874062,16.637184,16.344765,16.637184,16.564171,16.673668,16.746590,16.618950,16.819458,16.143143,17.182823,16.655434,16.801247,16.673668,16.582436,16.545914,16.801247,17.219078,16.928627,17.146553,17.255310,17.237198,17.128418,17.562698,17.688942,17.508537,17.001335,17.237198,17.562698,17.019493,17.164696,17.110275,17.580750,17.037659,16.910439,17.001335,17.182823,17.092117,17.037659,17.146553,17.001335,17.490471,17.128418,16.746590,17.055817,16.618950,17.490471,16.946808,16.819458,16.655434,16.964989,16.946808,16.928627,16.124794,16.491104,16.326462,16.436256,16.472824,15.904274,15.904274,16.454536,15.756950,15.424561,15.553970,15.035194,15.016617,14.942238,14.307571,14.830566,13.932144,14.438606,14.251350,13.271439,14.082504,13.856880,14.251350,13.894524,13.894524,13.969765,14.270103,14.101280,14.120049,13.875710,14.288834,14.251350,13.706154,13.913338,13.743858,14.138817,13.649567,14.251350,14.101280,14.251350,13.856880,13.913338,13.800392,13.611824,13.838051,13.479599,13.668427,14.120049,14.718750,14.532082,13.366112,13.838051,12.929794,13.687294,14.476006,13.894524,13.403954,13.366112,13.062805,13.233543,13.706154,13.536285,12.872734,13.328255,12.395866,
12.319344,12.434105,13.176659,12.395866,12.777557,12.739456,13.460693,12.720398,13.176659,13.081795,13.536285,12.682281,13.536285,12.986824,13.100769,13.252487,12.796600,12.586906,13.441788,12.739456,13.385033,13.441788,13.138725,13.498497,13.214584,12.967819,13.252487,13.119759,13.422867,13.875710,13.385033,13.498497,13.195625,13.725006,13.005829,12.567825,13.081795,12.758507,12.891754,13.138725,12.815643,13.422867,12.872734,13.214584,13.290382,13.498497,13.611824,12.948814,13.119759,13.441788,13.422867,13.536285,13.498497,13.819221,13.536285,13.838051,13.536285,13.687294,13.894524,13.630692,13.762703,13.819221,13.687294,13.441788,13.725006,13.574066,13.119759,13.630692,13.043808,13.233543,12.967819,12.510529,12.491440,13.043808,12.682281,12.872734,12.929794,13.062805,12.967819,13.214584,12.891754,12.491440,12.948814,13.005829,12.910774,13.005829,13.422867,13.290382,13.592949,13.366112,13.725006,13.950951,13.574066,13.856880,14.195114,13.630692,14.176346,13.479599,14.026146,13.649567,14.213860,13.781540,13.781540,14.270103,13.894524,13.932144,13.592949,14.213860,14.345024,13.781540,13.781540,13.988556,13.290382,14.438606,13.706154,14.195114,13.725006,14.625465,13.838051,13.630692,13.819221,13.894524,14.082504,13.725006,14.063721,13.498497,13.875710,13.932144,14.120049,13.649567,13.725006,13.932144,14.063721,14.101280,14.063721,13.706154,13.932144,14.044937,13.875710,14.307571,13.781540,13.800392,14.307571,14.195114,14.026146,14.082504,14.251350,14.419891,13.988556,14.251350,14.457298,14.120049,14.476006,13.819221,13.668427,14.044937,13.611824,13.743858,13.856880,14.195114,14.213860,13.762703,14.550774,14.326302,14.270103,14.681450,15.072350,15.313492,15.461563,15.996223,16.271500,16.271500,16.289825,16.801247,16.618950,16.855865,16.673668,16.527649,16.381371,17.110275,16.837654,17.092117,17.327736,17.182823,17.273430,17.454338,17.092117,17.037659,17.146553,17.382019,16.691910,17.200951,16.618950,17.073982,16.764816,17.382019,16.892258,17.562698,17.073982,16.964989,17.146553,17.110275,17.327736,17.472412,17.327736,17.490471,17.382019,17.670921,17.706970,18.227867,17.688942,18.066551,17.652901,18.245766,17.761002,17.797005,17.868965,18.156204,18.012718,18.317345,18.478165,18.638680,18.335236,18.174133,18.353111,18.496017,18.549545,18.209953,18.442459,18.370995,18.174133,18.388855,18.263664,18.406731,18.192039,18.531708,18.424599,18.549545,18.567383,18.567383,18.263664,17.958839,18.192039,18.460312,18.317345,18.388855,18.424599,18.370995,18.281563,18.406731,18.460312,18.030663,18.692123,18.317345,18.370995,18.513863,18.709923,18.012718,18.263664,18.048607,18.692123,17.994759,18.335236,18.406731,17.797005,17.904930,17.958839,18.138290,18.638680,18.442459,18.299454,18.120361,18.353111,18.299454,18.120361,18.335236,18.102425,18.048607,18.227867,18.567383,18.227867,18.263664,18.370995,17.922905,17.976807,18.012718,17.742996,17.886955,18.120361,17.886955,17.976807,18.084496,17.868965,18.120361,18.084496,18.227867,18.317345,17.940880,17.833000,18.281563,17.797005,17.886955,18.084496,17.724983,17.922905,17.833000,17.994759,17.904930,17.868965,18.138290,17.922905,17.850990,18.370995,17.940880,17.868965,18.030663,18.012718,18.245766,18.299454,18.156204,17.833000,17.958839,18.102425,17.616829,17.761002,17.868965,17.688942,17.616829,17.779015,16.874062,16.545914,16.417961,16.179840,15.959457,15.332008,15.609375,14.886414,14.905037,15.016617,14.737404,14.718750,14.326302,14.513397,14.662788,14.044937,14.569450,14.438606,14.569450,14.905037,14.101280,14.438606,14.457298,14.138817,14.494698,14.494698,14.718750,14.457298,14.044937,14.326302,14.195114,14.419891,14.232613,14.232613,14.082504,14.382469,14.419891,14.176346,13.988556,14.138817,13.875710,14.419891,14.326302,14.251350,14.438606,14.307571,14.157593,14.195114,13.856880,14.345024,14.101280,14.007355,14.419891,14.044937,14.213860,14.756035,14.213860,14.157593,14.101280,14.532082,14.026146,14.569450,14.307571,14.138817,14.737404,14.569450,14.307571,14.082504,14.606796,14.213860,14.213860,14.457298,14.288834,14.288834,14.251350,14.326302,14.270103,13.762703,13.781540,14.138817,14.120049,13.819221,13.781540,13.574066,13.706154,13.460693,13.536285,13.592949,13.592949,13.214584,13.649567,13.819221,13.252487,13.574066,13.687294,14.026146,13.988556,13.781540,13.687294,13.988556,13.706154,14.101280,14.082504,14.251350,14.345024,14.382469,14.494698,14.120049,14.363747,14.569450,13.894524,13.988556,13.743858,14.026146,13.988556,13.894524,14.345024,14.363747,14.176346,14.138817,14.513397,14.307571,14.288834,14.138817,14.251350,14.326302,13.574066,14.176346,13.781540,13.894524,14.044937,13.649567,14.494698,13.800392,13.649567,14.007355,14.494698,13.781540,13.706154,14.213860,14.044937,13.725006,13.875710,14.101280,14.457298,14.007355,14.232613,13.706154,14.625465,13.950951,14.007355,14.363747,13.668427,14.157593,13.649567,13.630692,13.875710,13.875710,14.457298,14.195114,13.743858,13.950951,14.026146,13.932144,13.762703,13.252487,13.894524,13.611824,13.838051,13.630692,13.875710,14.363747,14.270103,14.606796,14.774681,15.183723,14.625465,15.830643,15.498535,15.424561,15.332008,16.014603,15.627831,16.106438,15.959457,16.032974,15.738518,16.032974,16.161499,16.381371,16.527649,16.764816,16.527649,16.253181,16.691910,16.983162,16.801247,16.746590,16.545914,16.198189,15.738518,16.216530,16.308144,16.673668,16.710136,16.491104,16.673668,16.691910,16.710136,17.164696,16.874062,16.801247,16.964989,17.037659,17.001335,17.291534,16.855865,16.874062,17.327736,16.637184,17.237198,17.055817,17.436272,17.200951,17.110275,17.237198,17.237198,16.928627,17.237198,17.219078,17.164696,17.073982,17.001335,17.219078,17.055817,16.964989,17.110275,16.983162,17.092117,17.182823,16.491104,16.983162,16.655434,16.637184,16.363075,16.746590,16.472824,17.037659,16.234848,15.885872,16.032974,15.941071,16.454536,16.527649,15.350533,15.183723,15.517014,15.035194,15.276436,14.718750,14.270103,13.950951,14.569450,14.232613,13.706154,13.800392,13.725006,14.288834,13.856880,14.232613,13.687294,14.251350,13.762703,14.063721,13.252487,13.649567,14.270103,13.950951,13.649567,14.232613,13.894524,14.195114,13.649567,13.969765,14.082504,13.347183,14.326302,13.932144,13.819221,13.574066,13.347183,13.555183,13.932144,13.875710,13.706154,13.913338,13.781540,13.687294,13.517403,13.574066,13.668427,13.328255,13.460693,13.119759,13.932144,12.739456,13.743858,13.176659,13.743858,12.644142,12.701340,
11.820435,13.100769,12.491440,13.024826,13.043808,13.347183,12.891754,13.005829,12.605988,13.498497,13.214584,13.517403,13.536285,13.195625,13.687294,12.967819,13.309326,13.328255,13.005829,12.834679,13.043808,12.929794,13.119759,13.119759,13.138725,13.252487,13.309326,12.967819,13.347183,13.138725,13.422867,12.986824,12.948814,13.214584,13.214584,13.233543,13.043808,13.100769,13.062805,13.347183,13.403954,12.967819,13.100769,13.385033,13.195625,13.100769,13.574066,13.138725,13.252487,13.290382,13.687294,13.441788,13.517403,13.950951,13.687294,13.819221,13.649567,13.309326,13.668427,13.385033,13.706154,13.611824,13.856880,13.195625,13.988556,13.536285,13.460693,13.536285,13.100769,13.385033,13.233543,12.967819,12.948814,12.491440,12.414986,12.834679,12.986824,12.357613,12.529640,13.024826,12.281059,12.815643,12.625069,12.891754,13.024826,13.649567,13.119759,13.024826,13.800392,13.176659,13.536285,13.498497,13.969765,13.875710,14.176346,13.856880,13.894524,14.195114,13.800392,14.157593,13.988556,14.026146,13.819221,14.044937,14.419891,14.176346,13.988556,13.649567,13.932144,13.856880,14.419891,13.555183,13.725006,13.574066,13.819221,13.932144,13.856880,13.687294,14.288834,13.762703,14.307571,14.213860,14.513397,13.781540,14.063721,14.044937,14.101280,14.120049,14.120049,13.706154,13.668427,14.007355,13.932144,14.232613,13.950951,14.195114,14.569450,14.101280,13.838051,14.345024,14.026146,14.232613,14.213860,14.213860,14.157593,13.969765,14.063721,14.251350,13.913338,14.101280,14.176346,14.438606,14.644127,14.044937,14.101280,13.969765,13.725006,13.630692,14.063721,13.838051,13.988556,13.762703,14.270103,14.082504,14.811943,14.979439,14.942238,15.276436,15.830643,15.350533,16.032974,16.143143,16.764816,16.381371,16.655434,16.673668,16.855865,16.764816,16.946808,17.200951,17.073982,17.128418,17.219078,17.382019,17.382019,16.564171,17.037659,17.382019,17.128418,16.910439,16.928627,17.291534,17.073982,17.382019,17.110275,17.037659,17.472412,16.910439,17.382019,17.382019,17.219078,17.400101,16.928627,17.400101,17.580750,17.454338,17.706970,17.761002,17.128418,17.345833,17.634865,18.084496,18.442459,17.598785,18.048607,17.670921,18.192039,18.084496,17.779015,18.335236,18.763306,18.281563,18.281563,18.353111,17.797005,18.370995,18.460312,18.816666,18.460312,18.763306,18.567383,18.585213,18.156204,18.370995,18.852211,18.567383,18.299454,18.281563,18.317345,18.513863,18.442459,18.603035,18.138290,18.209953,18.638680,19.171471,18.406731,18.209953,18.424599,18.245766,18.120361,18.335236,17.904930,18.442459,18.406731,18.102425,18.227867,18.048607,18.227867,18.263664,17.886955,18.406731,18.174133,17.833000,18.209953,18.102425,17.886955,18.317345,17.724983,18.281563,18.263664,17.940880,18.299454,18.335236,18.353111,18.030663,18.048607,18.263664,17.994759,17.958839,18.281563,18.335236,17.868965,18.084496,17.976807,18.138290,18.156204,18.048607,18.066551,17.616829,18.030663,18.048607,18.102425,18.030663,18.442459,18.192039,18.102425,17.904930,18.281563,18.227867,18.102425,17.833000,17.544655,18.030663,17.922905,18.138290,17.634865,17.779015,18.227867,17.652901,17.544655,17.976807,17.742996,17.940880,17.742996,17.833000,18.353111,18.442459,18.084496,18.638680,18.245766,17.922905,18.012718,17.742996,18.263664,17.904930,17.922905,17.273430,17.237198,16.928627,16.618950,16.289825,15.977844,15.830643,15.904274,15.202286,15.387550,14.532082,14.662788,14.998024,14.419891,14.157593,14.382469,14.419891,14.157593,14.457298,14.569450,14.774681,14.382469,14.718750,14.270103,14.681450,14.457298,14.251350,14.550774,14.476006,14.457298,14.457298,14.532082,14.588127,14.419891,14.569450,14.251350,14.288834,13.913338,14.326302,14.232613,14.213860,14.307571,14.419891,13.706154,14.550774,14.401184,14.082504,14.176346,13.950951,14.195114,14.307571,13.969765,13.932144,14.007355,14.157593,14.494698,14.419891,14.007355,14.101280,14.345024,13.875710,14.138817,14.494698,13.762703,14.307571,14.419891,14.363747,14.138817,14.419891,14.232613,14.494698,14.718750,14.700096,14.326302,14.157593,14.363747,14.569450,14.419891,14.120049,14.382469,13.856880,13.875710,14.082504,14.176346,13.611824,13.347183,13.894524,13.460693,13.762703,13.422867,13.214584,13.725006,13.138725,13.592949,13.328255,13.422867,14.157593,13.762703,13.762703,13.517403,14.082504,14.213860,14.044937,13.988556,14.382469,14.044937,14.082504,14.270103,13.932144,14.345024,14.288834,14.513397,14.176346,13.932144,13.950951,14.401184,13.800392,14.232613,14.251350,13.706154,13.781540,14.120049,14.026146,13.668427,14.157593,14.213860,14.007355,13.932144,14.101280,13.969765,13.875710,13.706154,13.630692,14.082504,13.668427,13.838051,14.213860,14.195114,14.419891,13.743858,13.762703,13.687294,13.894524,14.044937,14.007355,14.251350,13.649567,14.101280,14.644127,14.251350,13.894524,13.969765,14.026146,13.913338,14.176346,13.856880,14.363747,13.819221,13.894524,14.120049,14.157593,13.875710,14.232613,14.138817,14.063721,13.536285,13.762703,14.213860,13.725006,13.781540,14.007355,14.176346,13.988556,14.382469,14.457298,14.345024,14.700096,14.550774,14.923637,15.239365,15.239365,15.941071,15.609375,15.313492,15.904274,15.922668,15.959457,16.143143,15.922668,16.253181,16.564171,16.381371,16.564171,16.691910,16.819458,16.545914,16.491104,16.983162,16.910439,16.928627,16.509377,16.179840,17.110275,16.308144,16.381371,16.764816,16.673668,16.326462,16.764816,17.019493,16.819458,16.964989,17.345833,16.983162,16.819458,17.164696,17.219078,17.436272,17.616829,17.037659,17.110275,17.219078,17.146553,17.508537,17.327736,17.146553,17.779015,17.345833,17.327736,17.562698,17.454338,17.580750,17.616829,17.219078,17.526596,17.508537,16.964989,16.874062,17.363930,16.545914,16.655434,17.128418,16.491104,16.673668,16.728371,16.600693,16.289825,16.436256,16.964989,16.436256,16.527649,16.417961,16.289825,15.812218,15.959457,15.646294,15.849052,15.035194,14.979439,14.644127,15.720085,15.016617,14.494698,14.044937,13.932144,13.950951,13.894524,14.138817,14.082504,13.988556,14.026146,13.668427,13.988556,14.138817,13.969765,14.288834,13.988556,13.913338,13.950951,14.176346,13.913338,14.307571,13.856880,13.630692,13.969765,13.385033,14.213860,13.800392,13.574066,13.668427,13.800392,14.044937,13.309326,14.082504,13.706154,13.894524,13.819221,14.007355,13.687294,13.366112,13.460693,13.498497,13.328255,13.366112,13.668427,13.838051,14.101280,13.762703,13.403954,13.233543,13.498497,13.005829,12.242760,
13.043808,12.929794,13.328255,13.441788,12.834679,13.043808,12.815643,12.910774,12.796600,12.720398,13.555183,13.119759,13.195625,13.081795,12.967819,13.385033,13.138725,13.252487,13.630692,12.948814,13.328255,12.891754,13.574066,13.422867,13.555183,12.948814,13.536285,12.891754,13.214584,13.271439,12.967819,12.625069,13.366112,13.800392,13.043808,12.986824,13.422867,13.176659,13.157700,13.555183,13.422867,13.498497,13.081795,13.271439,13.119759,12.720398,13.725006,13.328255,13.555183,13.498497,13.555183,13.592949,13.422867,13.422867,14.251350,13.290382,13.479599,13.403954,13.157700,13.913338,13.668427,13.195625,13.441788,14.007355,13.441788,13.479599,13.611824,13.290382,13.328255,13.119759,12.644142,13.062805,13.119759,13.233543,13.024826,12.948814,12.853714,12.872734,13.081795,12.701340,12.796600,12.777557,12.929794,12.967819,13.195625,13.195625,13.592949,13.366112,13.611824,13.441788,13.630692,13.781540,13.988556,13.894524,13.988556,14.120049,14.232613,13.781540,14.270103,13.969765,14.270103,13.762703,14.363747,13.630692,14.007355,14.138817,13.932144,13.555183,13.875710,13.894524,14.157593,14.326302,14.101280,14.063721,13.781540,13.894524,14.251350,14.044937,13.762703,14.026146,13.574066,13.668427,14.176346,13.838051,14.120049,14.157593,14.213860,13.838051,13.781540,13.913338,13.800392,13.649567,14.082504,14.044937,13.819221,14.345024,13.894524,14.419891,14.569450,14.401184,14.044937,13.969765,14.363747,14.044937,14.213860,14.101280,14.307571,14.307571,14.382469,14.401184,14.438606,14.513397,14.307571,14.026146,13.875710,13.969765,14.195114,13.649567,13.687294,13.762703,13.838051,13.800392,14.438606,14.494698,14.811943,15.053780,15.294960,15.406059,15.775375,15.996223,15.904274,16.308144,16.472824,16.436256,16.509377,16.381371,16.691910,16.527649,17.291534,17.037659,17.327736,17.436272,17.092117,17.436272,17.436272,17.073982,16.764816,17.400101,16.801247,16.874062,17.200951,16.964989,17.255310,17.055817,17.219078,16.983162,17.164696,17.309639,16.801247,17.436272,17.436272,17.436272,17.255310,17.001335,17.110275,17.958839,17.797005,17.418190,17.472412,17.958839,18.192039,17.850990,17.634865,18.209953,18.263664,18.335236,18.066551,18.102425,18.156204,18.227867,18.048607,18.281563,18.674309,18.388855,18.585213,18.406731,18.531708,18.620857,18.406731,18.478165,18.620857,18.370995,18.781090,18.370995,19.029732,18.674309,18.692123,18.887749,18.709923,18.513863,18.603035,18.745514,18.781090,18.317345,18.531708,18.335236,18.674309,18.692123,18.370995,18.531708,18.549545,18.603035,18.478165,18.763306,18.603035,18.442459,18.496017,18.174133,18.335236,18.120361,18.460312,18.102425,18.048607,18.084496,18.209953,18.174133,18.299454,18.281563,17.976807,18.066551,18.192039,18.227867,17.886955,18.656494,18.174133,18.174133,18.192039,18.263664,18.174133,18.460312,17.958839,17.904930,18.709923,18.048607,18.209953,18.012718,18.174133,18.084496,17.958839,17.291534,18.030663,18.156204,17.761002,17.994759,17.940880,17.670921,17.634865,17.940880,18.209953,17.922905,17.652901,17.761002,17.670921,17.345833,17.724983,17.580750,17.670921,17.815002,18.209953,18.174133,17.958839,17.797005,17.850990,17.850990,18.281563,18.513863,18.496017,18.424599,18.388855,18.209953,17.886955,17.958839,18.102425,18.156204,17.850990,17.958839,17.580750,17.472412,17.237198,17.544655,16.655434,16.600693,16.271500,16.179840,15.683197,14.849190,15.553970,14.494698,15.035194,14.007355,14.270103,14.157593,14.476006,14.513397,14.195114,14.774681,14.588127,14.307571,14.756035,14.588127,14.830566,14.419891,14.494698,14.382469,14.849190,14.513397,14.905037,14.438606,14.793312,14.101280,14.138817,14.625465,14.588127,14.588127,13.988556,14.494698,14.606796,14.457298,14.401184,14.457298,14.307571,14.157593,14.662788,14.213860,14.195114,14.494698,14.232613,13.932144,14.138817,14.213860,14.363747,14.026146,14.569450,14.044937,14.176346,14.457298,14.307571,14.026146,13.875710,14.195114,14.494698,14.532082,14.326302,14.457298,14.532082,13.875710,14.195114,14.120049,14.232613,14.588127,14.176346,14.438606,14.176346,14.438606,14.195114,14.644127,14.513397,14.157593,14.007355,14.232613,13.988556,13.950951,13.762703,13.687294,13.385033,13.932144,13.290382,13.630692,13.366112,13.536285,14.457298,13.819221,13.743858,13.932144,13.498497,13.819221,14.063721,13.894524,13.592949,13.913338,14.120049,14.044937,14.307571,14.195114,14.419891,14.401184,14.438606,14.532082,13.988556,14.157593,13.913338,14.532082,14.700096,14.251350,14.101280,13.988556,14.550774,14.044937,14.326302,14.120049,14.270103,13.988556,14.251350,14.251350,14.101280,13.894524,14.120049,14.213860,14.288834,13.611824,13.875710,14.213860,14.063721,13.668427,14.307571,14.438606,14.419891,14.307571,14.307571,13.743858,14.363747,13.950951,13.913338,14.288834,14.138817,14.326302,14.476006,14.157593,13.894524,14.363747,13.706154,14.307571,14.438606,14.532082,14.232613,13.706154,14.120049,14.569450,14.157593,14.082504,14.044937,14.157593,13.592949,13.309326,13.630692,13.856880,13.649567,13.856880,13.819221,14.270103,14.419891,13.894524,14.867805,14.923637,14.998024,15.332008,15.350533,15.609375,15.683197,15.959457,15.738518,15.849052,15.904274,16.289825,16.216530,15.885872,15.959457,16.746590,16.124794,16.527649,16.746590,16.363075,16.564171,16.216530,16.454536,16.399666,17.182823,17.073982,16.161499,17.019493,16.637184,16.509377,16.527649,16.691910,16.983162,16.363075,16.910439,17.019493,16.892258,16.855865,17.019493,17.273430,17.001335,17.146553,17.436272,17.616829,17.182823,16.946808,17.345833,17.508537,17.237198,17.055817,17.761002,17.724983,17.273430,17.526596,17.092117,17.001335,17.400101,17.146553,17.073982,17.237198,17.110275,17.309639,16.764816,16.801247,16.564171,16.837654,16.801247,16.874062,16.837654,16.837654,17.001335,16.161499,16.801247,16.874062,16.417961,16.069710,16.363075,16.216530,16.545914,16.198189,16.289825,16.179840,15.812218,15.977844,14.811943,15.294960,14.942238,14.830566,14.532082,14.026146,14.700096,14.251350,13.950951,14.120049,14.232613,14.157593,14.026146,14.401184,14.157593,14.101280,13.950951,13.932144,14.401184,14.063721,14.176346,13.875710,13.875710,14.382469,13.913338,13.687294,13.743858,13.706154,14.213860,13.441788,14.288834,13.385033,14.063721,13.517403,13.195625,14.157593,13.950951,13.555183,13.856880,13.819221,13.441788,13.271439,13.366112,13.252487,13.441788,13.988556,13.592949,13.668427,13.252487,13.706154,13.081795,13.743858,13.309326,12.967819,
12.051033,13.157700,13.024826,13.290382,13.081795,13.252487,13.422867,13.328255,13.043808,12.586906,13.138725,13.819221,13.309326,13.157700,13.100769,13.517403,13.214584,13.062805,13.271439,13.271439,13.195625,12.815643,13.706154,13.271439,13.328255,13.536285,13.062805,13.195625,12.891754,13.290382,13.176659,13.195625,13.706154,13.725006,13.366112,13.271439,12.663208,13.157700,13.706154,13.403954,13.309326,13.309326,13.328255,13.043808,13.062805,13.687294,13.290382,13.271439,13.950951,13.422867,14.063721,13.479599,14.101280,13.555183,13.403954,13.403954,14.176346,13.894524,14.251350,13.441788,13.725006,13.781540,14.063721,13.819221,13.875710,13.233543,14.026146,13.309326,13.366112,13.119759,13.062805,12.834679,13.479599,12.548721,12.986824,12.948814,12.853714,12.376740,12.357613,12.701340,13.214584,12.625069,13.138725,13.138725,13.081795,13.290382,13.385033,13.649567,13.385033,13.743858,13.875710,13.762703,13.422867,13.838051,13.706154,14.288834,14.513397,14.176346,14.457298,14.157593,13.725006,14.138817,13.630692,14.363747,14.138817,14.157593,14.438606,13.894524,14.044937,13.838051,13.800392,13.611824,14.213860,13.875710,14.438606,14.251350,13.894524,14.157593,14.026146,14.120049,14.101280,14.101280,14.120049,14.120049,14.044937,14.195114,14.101280,13.592949,14.270103,14.007355,14.176346,13.668427,14.532082,13.781540,14.588127,14.213860,14.138817,14.120049,14.419891,14.251350,14.288834,14.401184,14.176346,14.026146,14.082504,14.270103,14.138817,14.251350,14.419891,14.251350,14.606796,14.026146,14.811943,14.082504,14.326302,13.988556,13.422867,13.649567,14.307571,13.762703,13.781540,13.856880,13.988556,14.419891,14.644127,15.035194,14.681450,15.387550,15.775375,15.701637,15.812218,16.363075,16.472824,16.691910,16.710136,16.783035,17.055817,16.855865,17.001335,16.764816,17.110275,17.327736,17.363930,17.128418,17.400101,17.291534,17.291534,17.219078,17.255310,17.634865,16.855865,16.983162,17.255310,17.327736,17.055817,17.291534,16.837654,17.146553,17.200951,17.146553,17.055817,16.928627,17.598785,17.219078,17.797005,17.922905,17.436272,17.688942,17.508537,17.833000,17.742996,17.544655,17.580750,17.904930,18.048607,18.585213,17.706970,18.066551,17.904930,17.976807,18.781090,18.335236,18.460312,18.406731,18.692123,18.513863,18.424599,18.638680,18.388855,18.869980,18.709923,18.709923,18.816666,18.406731,18.905502,18.567383,18.727722,18.887749,18.994255,18.834435,18.603035,18.370995,18.887749,18.460312,18.460312,18.869980,19.100624,18.745514,18.941017,18.620857,18.763306,18.674309,18.781090,18.620857,18.513863,18.709923,18.442459,18.727722,18.674309,18.245766,18.281563,18.585213,17.994759,18.567383,18.156204,17.976807,18.406731,18.209953,18.102425,17.904930,18.424599,18.084496,17.886955,18.317345,18.227867,17.922905,18.066551,18.030663,18.424599,18.227867,18.120361,18.513863,18.745514,18.263664,18.048607,17.958839,17.940880,18.263664,17.815002,17.598785,17.544655,17.940880,18.084496,18.192039,18.496017,18.227867,18.012718,17.868965,18.245766,18.066551,17.833000,18.066551,18.030663,18.030663,17.868965,17.742996,17.958839,17.454338,18.030663,17.706970,17.976807,17.904930,17.833000,18.048607,18.030663,18.442459,18.299454,18.353111,18.869980,18.353111,18.120361,17.976807,18.299454,17.976807,17.904930,17.562698,17.761002,17.508537,17.182823,17.073982,16.910439,16.673668,16.381371,16.014603,15.517014,14.960838,15.257896,14.625465,14.960838,14.811943,14.157593,14.044937,14.532082,14.345024,14.494698,14.419891,14.644127,14.718750,14.662788,14.700096,14.793312,15.072350,14.326302,14.288834,14.700096,14.569450,14.700096,14.438606,14.625465,14.718750,14.401184,14.494698,14.625465,14.457298,14.026146,14.270103,14.382469,14.195114,14.401184,14.550774,14.176346,13.932144,14.120049,14.363747,14.569450,13.950951,14.382469,14.419891,14.232613,14.345024,14.345024,14.382469,14.251350,13.913338,14.157593,14.195114,14.213860,14.288834,14.213860,14.774681,14.644127,14.288834,14.793312,14.737404,14.550774,14.101280,14.457298,14.718750,14.419891,14.700096,14.363747,14.662788,14.849190,14.532082,14.401184,14.401184,14.345024,13.819221,13.725006,14.195114,13.668427,13.479599,13.800392,13.894524,13.309326,13.271439,13.574066,13.119759,13.725006,13.176659,13.422867,13.441788,13.649567,13.611824,14.026146,13.856880,13.800392,13.856880,13.856880,14.401184,13.913338,14.270103,14.419891,14.382469,14.345024,14.494698,14.401184,13.875710,14.905037,14.138817,14.401184,14.494698,13.875710,14.157593,14.101280,13.913338,14.176346,14.007355,13.611824,14.138817,13.856880,14.026146,13.743858,14.026146,13.950951,14.120049,14.026146,14.251350,13.649567,13.574066,14.232613,14.232613,14.138817,14.438606,14.082504,14.307571,13.969765,13.706154,14.007355,13.838051,13.932144,14.007355,13.725006,14.044937,14.363747,14.213860,14.382469,14.588127,14.232613,14.401184,14.550774,14.569450,14.363747,13.856880,14.026146,14.120049,14.382469,14.044937,14.195114,14.120049,14.401184,13.743858,14.157593,13.328255,13.950951,13.762703,13.611824,13.743858,14.120049,13.969765,14.438606,14.195114,14.774681,14.644127,14.979439,15.220818,15.090919,15.535500,16.051353,15.313492,15.793800,15.775375,16.069710,15.996223,16.161499,16.472824,16.527649,16.326462,16.436256,16.381371,16.691910,16.161499,16.801247,15.885872,16.363075,16.855865,16.801247,16.637184,16.454536,16.545914,16.417961,16.216530,16.946808,16.691910,16.381371,16.801247,16.910439,16.746590,16.928627,17.092117,17.037659,17.092117,16.910439,16.983162,16.874062,16.946808,17.868965,16.983162,17.219078,17.634865,17.273430,17.472412,17.128418,17.724983,17.454338,17.742996,17.526596,17.454338,17.327736,17.670921,17.779015,16.746590,17.128418,17.363930,16.910439,17.182823,17.164696,17.055817,17.418190,16.527649,17.037659,16.326462,17.164696,16.801247,15.996223,16.454536,16.783035,16.710136,16.710136,16.454536,16.564171,16.014603,16.527649,16.088081,15.146614,15.016617,15.609375,15.016617,14.979439,14.157593,14.569450,14.681450,14.494698,14.476006,14.082504,14.550774,13.725006,13.838051,14.345024,14.438606,14.270103,13.894524,13.969765,14.082504,14.044937,13.385033,14.270103,13.706154,13.517403,14.120049,13.800392,14.063721,13.214584,13.894524,13.403954,13.517403,14.044937,14.101280,13.422867,14.063721,14.044937,13.668427,13.385033,13.969765,13.687294,13.649567,13.611824,13.422867,13.838051,13.309326,13.574066,13.176659,13.574066,13.233543,14.213860,13.271439,13.233543,13.781540,12.853714,12.261917,
12.758507,12.739456,13.062805,13.062805,13.195625,13.062805,13.479599,12.701340,13.138725,13.347183,13.611824,13.176659,12.491440,13.290382,13.441788,13.214584,13.706154,13.517403,13.781540,13.781540,13.649567,13.195625,13.233543,13.081795,13.668427,13.100769,13.347183,12.682281,13.176659,13.649567,13.460693,12.967819,13.611824,13.024826,12.929794,13.005829,13.252487,13.252487,13.366112,13.649567,13.498497,13.649567,13.328255,13.403954,13.800392,13.932144,13.422867,13.479599,13.309326,13.574066,13.309326,14.026146,13.555183,13.706154,13.781540,13.385033,13.366112,13.479599,13.441788,13.668427,13.668427,13.932144,13.894524,13.536285,13.536285,13.517403,13.309326,13.781540,13.517403,12.986824,13.081795,12.586906,13.176659,13.024826,13.157700,12.185280,12.929794,12.967819,13.100769,12.644142,12.510529,12.891754,12.834679,13.005829,12.834679,13.138725,13.062805,13.138725,13.403954,13.403954,13.479599,13.403954,13.725006,13.611824,13.555183,14.007355,13.969765,13.856880,13.875710,13.894524,14.382469,14.382469,14.213860,14.120049,14.326302,14.007355,13.894524,13.762703,14.063721,14.026146,13.819221,14.044937,14.138817,13.894524,13.385033,14.082504,14.026146,14.195114,13.969765,14.157593,14.044937,13.706154,14.457298,13.800392,14.063721,14.138817,14.026146,14.176346,14.007355,13.875710,14.569450,14.288834,14.756035,13.913338,14.232613,14.044937,14.213860,14.082504,14.120049,14.345024,14.213860,13.969765,14.213860,14.101280,14.251350,13.988556,14.082504,14.438606,14.326302,14.382469,14.288834,14.363747,13.894524,14.176346,13.932144,14.007355,13.800392,13.555183,13.838051,13.555183,13.894524,13.913338,14.382469,14.195114,14.979439,14.625465,15.053780,15.480049,15.775375,15.793800,16.289825,16.417961,16.363075,16.216530,16.381371,16.417961,16.710136,16.417961,17.001335,17.255310,16.691910,17.833000,17.219078,17.237198,17.219078,17.291534,17.237198,16.910439,17.490471,17.055817,16.928627,17.508537,17.291534,16.746590,17.055817,16.855865,17.055817,17.146553,16.964989,17.019493,17.255310,17.382019,17.273430,17.146553,17.490471,17.868965,17.382019,17.562698,17.472412,18.048607,17.922905,18.209953,17.994759,18.048607,17.940880,18.209953,18.353111,17.958839,18.192039,18.227867,18.958771,18.567383,18.370995,18.656494,18.585213,18.585213,18.496017,18.834435,19.224541,18.603035,18.727722,19.011993,18.674309,18.192039,18.923264,18.674309,18.692123,18.620857,18.531708,18.727722,19.206863,18.674309,18.709923,18.370995,18.335236,18.834435,18.976524,18.674309,18.692123,18.603035,18.549545,18.781090,18.406731,18.656494,18.816666,18.513863,18.905502,18.656494,18.442459,18.460312,17.742996,18.174133,17.868965,17.976807,17.922905,18.388855,18.388855,18.317345,18.174133,17.958839,18.174133,18.424599,18.012718,18.048607,18.012718,18.192039,18.012718,18.174133,18.066551,18.281563,18.567383,18.102425,18.102425,18.353111,17.994759,18.012718,17.994759,17.940880,18.102425,17.742996,18.192039,18.030663,17.724983,18.084496,18.102425,18.353111,18.030663,18.030663,17.797005,17.724983,18.102425,18.102425,17.779015,17.797005,18.066551,17.994759,17.958839,18.084496,17.706970,17.706970,18.138290,18.209953,18.156204,18.245766,18.030663,18.102425,17.994759,18.424599,18.478165,18.370995,18.192039,17.940880,18.120361,17.761002,17.904930,17.526596,17.670921,16.964989,17.382019,16.928627,16.198189,16.472824,16.143143,15.941071,15.701637,15.369041,14.905037,15.387550,14.476006,14.756035,14.700096,14.550774,14.662788,14.513397,14.606796,14.811943,14.588127,14.382469,15.128059,14.662788,14.550774,14.905037,14.793312,14.681450,14.644127,14.550774,14.476006,14.588127,14.550774,14.270103,14.737404,14.270103,14.644127,14.157593,14.138817,14.588127,13.932144,14.756035,14.756035,14.513397,14.138817,14.063721,13.913338,14.625465,14.662788,13.988556,14.588127,14.307571,14.213860,14.457298,14.345024,13.875710,14.438606,14.307571,14.476006,14.288834,14.401184,14.644127,14.213860,14.082504,14.457298,14.363747,14.513397,14.120049,14.457298,14.457298,14.326302,14.270103,14.625465,14.457298,15.035194,14.476006,14.662788,14.662788,14.513397,14.326302,14.307571,13.781540,14.232613,13.969765,13.838051,13.611824,13.630692,13.894524,13.574066,13.271439,13.176659,13.214584,13.555183,13.309326,13.592949,14.044937,13.725006,13.875710,13.762703,13.950951,13.479599,13.762703,14.044937,13.838051,14.419891,14.288834,13.950951,14.251350,14.457298,14.737404,14.700096,13.913338,14.063721,14.195114,14.326302,14.082504,14.138817,14.120049,13.950951,14.026146,14.401184,14.120049,14.120049,14.063721,14.213860,13.969765,14.700096,14.195114,14.494698,13.969765,13.856880,14.382469,13.819221,13.932144,14.288834,14.138817,13.894524,14.476006,14.419891,14.063721,13.762703,14.082504,14.382469,14.232613,13.969765,14.213860,13.950951,14.644127,14.007355,13.950951,14.157593,14.044937,14.120049,13.856880,14.176346,14.662788,14.232613,14.232613,14.082504,14.157593,14.176346,14.251350,14.138817,13.988556,14.007355,13.932144,14.101280,13.290382,13.969765,13.649567,13.687294,13.819221,14.101280,14.213860,14.513397,13.969765,14.457298,14.588127,14.849190,15.239365,15.332008,15.572441,15.572441,16.198189,15.590912,15.498535,16.161499,15.922668,15.646294,16.308144,16.527649,16.234848,16.454536,16.161499,16.728371,16.764816,16.801247,16.363075,16.946808,16.946808,16.399666,16.308144,16.618950,16.564171,16.728371,16.600693,16.436256,17.327736,16.728371,16.564171,16.564171,17.110275,17.544655,17.164696,17.309639,16.837654,17.508537,17.291534,17.580750,17.508537,16.874062,17.128418,17.309639,17.255310,17.219078,17.110275,17.886955,17.580750,17.454338,17.544655,16.837654,17.454338,17.146553,17.055817,17.598785,17.200951,17.454338,16.892258,17.273430,17.472412,16.946808,16.983162,17.110275,17.001335,17.055817,16.837654,16.600693,16.216530,16.910439,17.055817,16.454536,16.545914,16.143143,16.436256,16.161499,16.051353,15.683197,16.216530,15.646294,15.350533,14.979439,15.146614,14.700096,14.457298,14.774681,14.044937,14.232613,14.082504,14.494698,13.706154,14.063721,13.894524,13.630692,14.195114,13.875710,14.232613,14.532082,14.401184,13.725006,13.611824,13.875710,13.630692,13.536285,13.668427,14.232613,13.668427,13.611824,14.101280,13.969765,13.894524,13.950951,14.213860,13.649567,14.213860,14.401184,13.176659,13.932144,13.536285,13.781540,13.838051,13.138725,13.366112,13.252487,12.948814,13.574066,13.725006,13.385033,12.872734,13.347183,13.536285,13.838051,13.385033,12.644142,12.605988,
12.319344,12.777557,13.479599,13.460693,13.043808,13.385033,13.328255,13.157700,13.800392,13.024826,13.214584,13.460693,13.309326,13.252487,13.043808,13.366112,12.682281,13.536285,13.328255,13.536285,13.385033,13.252487,13.555183,13.100769,13.498497,13.024826,13.119759,13.290382,13.081795,13.517403,13.062805,13.138725,12.739456,13.479599,13.592949,13.630692,13.347183,13.706154,13.138725,13.233543,13.385033,13.081795,13.252487,13.592949,13.479599,13.950951,13.687294,13.781540,14.120049,13.856880,13.271439,13.328255,13.706154,13.762703,13.592949,13.555183,13.762703,13.233543,14.063721,13.725006,13.894524,14.082504,13.536285,13.819221,13.668427,13.536285,13.611824,13.290382,13.157700,13.005829,12.834679,12.815643,13.555183,12.605988,13.157700,12.357613,13.119759,12.891754,12.625069,13.062805,12.548721,12.185280,12.853714,12.967819,13.157700,13.176659,12.929794,13.157700,13.403954,13.838051,13.969765,13.366112,13.800392,13.988556,13.913338,13.668427,14.195114,13.969765,14.063721,14.157593,14.138817,14.138817,14.213860,14.494698,14.401184,14.082504,14.176346,14.251350,13.479599,13.894524,14.195114,13.913338,14.251350,13.517403,13.950951,14.101280,14.288834,13.838051,13.913338,14.232613,13.781540,14.082504,14.307571,13.894524,14.044937,13.687294,14.288834,14.026146,14.513397,13.781540,14.176346,14.082504,14.063721,13.762703,13.969765,14.157593,14.288834,14.176346,14.082504,13.838051,14.026146,14.232613,13.913338,14.082504,14.830566,13.894524,14.345024,14.232613,13.988556,14.232613,14.756035,14.756035,14.363747,13.969765,13.988556,13.950951,14.120049,13.743858,13.800392,14.007355,14.176346,14.101280,14.138817,14.756035,14.662788,14.662788,14.811943,15.424561,15.220818,15.941071,16.234848,16.289825,16.509377,16.746590,16.344765,16.764816,16.892258,17.037659,16.855865,16.837654,17.146553,16.746590,17.291534,17.237198,16.855865,17.200951,17.073982,16.837654,16.946808,16.710136,17.019493,17.055817,17.255310,16.710136,17.544655,17.273430,17.309639,17.092117,17.019493,17.634865,17.327736,17.363930,17.219078,17.742996,17.562698,17.363930,17.850990,17.904930,17.815002,17.616829,17.418190,17.868965,18.030663,17.761002,17.922905,18.406731,18.442459,17.815002,18.370995,18.406731,18.388855,18.353111,18.353111,18.745514,18.496017,18.656494,18.869980,18.709923,18.709923,18.603035,18.816666,18.834435,18.958771,18.798882,18.958771,18.442459,18.834435,18.656494,18.709923,18.869980,18.869980,18.192039,19.065178,18.496017,18.460312,18.852211,18.923264,18.781090,18.852211,18.798882,18.852211,18.620857,18.638680,18.727722,18.656494,19.065178,18.513863,18.567383,18.585213,18.424599,18.317345,18.603035,18.460312,18.335236,18.102425,18.030663,18.174133,18.424599,17.958839,18.048607,17.742996,17.976807,18.370995,17.886955,18.406731,17.688942,18.353111,18.442459,18.317345,18.513863,18.299454,17.958839,18.227867,17.833000,18.281563,17.779015,17.815002,18.030663,18.263664,18.227867,18.353111,18.281563,18.120361,18.084496,18.442459,18.138290,18.174133,18.227867,17.868965,18.156204,17.797005,17.940880,17.562698,17.940880,17.994759,18.048607,17.976807,17.833000,18.156204,18.406731,17.886955,17.940880,17.958839,18.048607,18.174133,18.370995,18.460312,18.585213,18.156204,18.245766,18.156204,18.066551,18.138290,17.958839,17.526596,17.345833,17.670921,17.526596,17.092117,16.983162,17.001335,16.637184,16.234848,15.775375,15.793800,15.590912,15.313492,14.082504,14.793312,14.867805,14.195114,14.082504,14.401184,14.644127,14.625465,14.662788,14.886414,14.923637,14.681450,14.905037,14.176346,14.774681,14.326302,14.419891,14.774681,14.849190,14.494698,14.569450,14.700096,14.457298,14.756035,14.382469,14.606796,14.550774,14.082504,14.288834,14.251350,14.176346,14.232613,14.550774,14.550774,14.195114,14.532082,14.213860,14.213860,14.213860,14.195114,14.382469,14.681450,14.494698,14.270103,14.157593,14.082504,14.494698,14.063721,14.700096,14.157593,14.457298,14.101280,14.849190,14.513397,14.363747,14.569450,14.494698,14.044937,14.569450,14.195114,14.326302,14.082504,14.419891,14.288834,14.625465,14.700096,14.513397,14.644127,14.606796,14.718750,14.026146,13.969765,14.213860,14.157593,13.856880,13.536285,13.119759,14.082504,13.743858,13.195625,13.498497,13.233543,13.592949,14.251350,13.574066,13.592949,13.932144,13.403954,13.498497,13.988556,14.138817,14.063721,14.176346,14.307571,14.082504,14.513397,14.606796,14.363747,14.232613,14.307571,14.419891,14.101280,14.382469,14.811943,14.644127,14.532082,13.781540,14.588127,14.288834,14.176346,14.063721,13.875710,14.101280,14.232613,13.988556,14.382469,13.894524,14.232613,13.687294,13.800392,14.326302,14.157593,14.476006,13.875710,14.401184,14.063721,14.438606,14.044937,13.988556,14.120049,14.195114,14.176346,13.856880,14.457298,14.082504,14.307571,14.345024,14.213860,14.044937,14.326302,13.762703,14.176346,14.457298,13.687294,14.232613,14.401184,13.894524,14.737404,14.101280,14.662788,14.270103,13.800392,14.232613,14.026146,13.838051,14.120049,14.120049,13.950951,13.309326,13.913338,13.706154,14.438606,13.800392,14.270103,14.401184,14.345024,14.494698,14.606796,15.424561,15.387550,15.369041,15.294960,15.720085,15.867470,15.720085,15.904274,16.143143,15.756950,16.399666,16.344765,16.764816,16.691910,16.308144,16.910439,16.764816,16.946808,16.326462,16.472824,16.764816,16.783035,16.964989,16.253181,16.381371,16.344765,16.271500,16.764816,16.491104,16.819458,17.019493,17.055817,16.892258,17.363930,17.001335,16.983162,16.946808,16.874062,17.092117,17.616829,17.073982,17.490471,17.037659,17.219078,17.652901,17.327736,17.019493,17.019493,17.309639,17.454338,17.255310,17.128418,17.363930,17.110275,17.472412,17.255310,17.400101,17.237198,17.363930,16.964989,16.545914,17.291534,16.746590,17.400101,16.964989,16.491104,16.454536,16.691910,16.819458,16.801247,16.363075,16.582436,16.855865,16.472824,16.363075,16.600693,16.032974,16.124794,16.032974,15.553970,15.609375,15.350533,15.443062,15.016617,14.513397,14.401184,14.063721,14.232613,13.838051,13.781540,13.894524,14.157593,14.270103,14.026146,14.532082,14.195114,14.082504,14.457298,14.213860,14.044937,14.195114,14.120049,14.101280,14.044937,13.574066,13.498497,13.725006,13.743858,13.969765,13.969765,14.550774,13.838051,13.725006,13.441788,13.913338,13.536285,13.856880,13.536285,13.630692,13.743858,14.157593,13.781540,13.385033,14.176346,13.403954,12.815643,13.856880,13.725006,13.630692,13.422867,13.252487,13.441788,12.929794,13.100769,12.281059,
12.146942,12.986824,12.910774,13.138725,13.328255,12.986824,13.479599,13.328255,13.138725,12.796600,14.007355,13.100769,13.574066,13.385033,13.536285,12.796600,13.422867,13.366112,12.872734,13.290382,13.309326,13.271439,13.800392,12.739456,13.347183,13.252487,13.100769,13.195625,12.605988,13.252487,12.986824,13.366112,13.611824,13.119759,12.834679,13.081795,13.271439,13.706154,13.517403,13.233543,13.005829,13.668427,13.611824,13.328255,13.574066,13.687294,13.555183,13.252487,13.630692,13.460693,14.307571,13.592949,13.592949,13.536285,13.800392,13.856880,14.251350,13.687294,13.932144,13.875710,14.007355,13.479599,13.687294,13.800392,13.555183,13.725006,13.460693,13.290382,13.536285,12.967819,13.309326,13.081795,13.328255,12.701340,13.005829,12.300209,12.701340,13.138725,12.491440,12.739456,12.891754,12.625069,12.663208,13.195625,13.611824,13.119759,13.498497,13.385033,13.498497,13.498497,13.611824,13.725006,13.800392,13.913338,14.007355,13.422867,14.382469,14.063721,14.532082,13.969765,14.419891,13.988556,14.007355,13.800392,14.157593,14.176346,14.251350,13.800392,13.819221,13.950951,13.950951,13.894524,13.574066,13.781540,14.138817,13.932144,14.232613,14.026146,14.138817,13.819221,14.232613,13.762703,13.950951,13.988556,13.838051,13.894524,14.007355,14.007355,14.176346,13.725006,14.044937,13.819221,14.063721,14.326302,14.101280,14.419891,13.913338,14.044937,13.781540,14.494698,14.120049,14.550774,14.082504,14.363747,14.606796,14.157593,14.213860,13.725006,14.232613,14.345024,14.476006,14.270103,14.569450,14.195114,14.419891,13.592949,13.875710,13.875710,13.592949,13.385033,13.800392,14.101280,14.700096,14.419891,14.569450,15.072350,14.811943,15.572441,15.738518,15.922668,16.014603,16.069710,16.363075,16.855865,16.691910,16.946808,16.564171,16.545914,16.946808,17.092117,16.618950,17.146553,17.128418,16.983162,17.327736,17.345833,17.400101,17.363930,16.855865,17.508537,17.019493,17.200951,17.472412,16.964989,17.110275,17.273430,17.309639,17.237198,17.182823,17.363930,17.164696,17.273430,17.345833,17.382019,17.128418,17.742996,17.797005,17.670921,17.850990,17.850990,17.724983,17.706970,17.742996,18.192039,18.192039,17.940880,18.263664,18.245766,18.084496,18.353111,18.281563,18.174133,18.496017,18.424599,18.460312,18.478165,18.745514,18.299454,19.029732,18.353111,19.047462,18.549545,18.923264,18.638680,18.941017,18.496017,18.478165,18.941017,18.763306,18.638680,18.958771,18.549545,18.923264,18.478165,18.549545,18.798882,18.424599,18.335236,18.674309,18.798882,18.227867,18.102425,18.745514,18.692123,18.620857,18.317345,18.299454,18.638680,18.531708,18.388855,18.227867,18.496017,18.370995,18.781090,18.478165,18.620857,18.030663,18.156204,18.263664,17.850990,18.531708,18.102425,18.281563,18.192039,18.442459,17.904930,18.227867,17.850990,17.976807,17.779015,18.138290,18.209953,18.281563,17.815002,18.030663,17.994759,18.048607,17.797005,18.478165,17.976807,18.388855,18.156204,17.958839,17.976807,18.012718,18.048607,17.958839,18.084496,17.706970,18.030663,18.012718,17.886955,17.886955,17.742996,17.688942,18.120361,18.209953,17.940880,17.940880,17.994759,18.102425,18.012718,18.567383,18.030663,18.335236,18.245766,18.245766,18.227867,18.424599,18.209953,18.156204,17.815002,17.833000,17.634865,17.724983,17.616829,17.490471,17.670921,17.508537,17.146553,16.564171,16.436256,15.977844,16.308144,15.885872,14.960838,14.662788,15.165176,14.942238,14.401184,14.569450,14.588127,14.569450,14.718750,14.644127,14.662788,14.494698,14.662788,14.625465,14.550774,14.886414,14.979439,15.090919,14.905037,14.345024,14.569450,14.606796,14.737404,14.438606,14.811943,14.363747,14.176346,14.213860,14.007355,14.363747,14.251350,14.157593,14.176346,14.288834,14.157593,14.063721,14.101280,14.513397,14.606796,14.063721,13.950951,13.838051,13.913338,14.718750,14.044937,14.513397,14.401184,14.532082,14.157593,14.438606,14.662788,14.382469,13.988556,14.157593,14.401184,14.588127,14.494698,14.513397,14.101280,14.476006,14.569450,14.606796,14.569450,14.401184,14.345024,14.438606,14.569450,14.569450,14.569450,14.569450,14.307571,14.251350,14.588127,13.913338,13.498497,14.082504,13.630692,13.781540,13.932144,13.856880,13.800392,13.592949,13.119759,13.536285,13.668427,13.460693,13.347183,13.574066,13.725006,13.762703,13.555183,14.251350,13.838051,13.762703,14.101280,14.101280,14.176346,14.288834,14.457298,14.345024,14.288834,14.774681,14.438606,14.644127,14.438606,14.288834,14.157593,14.532082,14.401184,14.195114,14.494698,14.007355,14.307571,14.288834,14.513397,14.195114,13.838051,14.307571,14.532082,14.138817,14.457298,14.251350,13.800392,14.532082,14.044937,14.307571,13.875710,14.288834,14.363747,14.382469,13.687294,13.894524,14.082504,14.401184,14.176346,14.063721,14.588127,14.363747,14.120049,13.932144,14.044937,14.157593,14.270103,14.232613,14.288834,14.476006,14.195114,14.157593,14.307571,14.288834,14.213860,14.363747,13.725006,13.894524,14.026146,13.988556,13.743858,14.007355,14.532082,13.479599,14.063721,13.574066,13.725006,13.856880,14.120049,14.007355,14.419891,14.588127,14.569450,14.998024,15.109489,15.517014,15.664742,15.646294,15.775375,16.069710,15.959457,15.683197,16.216530,16.417961,16.161499,16.198189,16.344765,16.691910,16.363075,16.491104,16.454536,16.600693,16.691910,16.491104,16.691910,16.143143,16.509377,16.837654,16.837654,16.051353,16.253181,16.234848,16.783035,16.582436,16.545914,16.874062,16.964989,16.964989,17.092117,17.019493,16.964989,16.746590,17.200951,17.382019,16.819458,17.345833,17.037659,17.761002,17.436272,17.886955,17.291534,17.526596,17.598785,17.508537,17.255310,17.219078,17.670921,17.742996,17.526596,17.400101,17.309639,17.400101,17.200951,17.598785,17.200951,17.019493,17.382019,16.874062,17.037659,16.983162,16.855865,16.216530,16.655434,16.764816,16.983162,16.673668,16.417961,16.143143,16.234848,16.032974,16.691910,16.088081,15.812218,15.849052,15.553970,15.035194,15.590912,14.811943,14.774681,14.644127,14.251350,14.774681,13.800392,14.213860,14.737404,13.856880,14.700096,13.819221,14.026146,13.725006,14.232613,13.950951,14.138817,14.101280,13.819221,13.838051,14.195114,14.213860,14.569450,13.441788,13.649567,13.517403,13.460693,13.743858,13.819221,13.743858,13.781540,13.800392,13.649567,13.422867,13.913338,13.687294,13.441788,14.026146,13.668427,13.157700,13.611824,13.403954,13.214584,13.894524,13.687294,13.385033,13.366112,13.460693,13.668427,12.967819,13.592949,12.758507,12.070213,
11.685669,12.701340,12.682281,13.100769,12.872734,13.043808,13.176659,13.366112,13.819221,13.195625,13.385033,13.555183,13.649567,14.007355,13.195625,12.910774,13.176659,13.195625,13.969765,12.872734,13.649567,13.157700,13.460693,13.176659,13.195625,13.195625,13.043808,13.422867,12.967819,12.967819,13.819221,13.119759,13.214584,13.743858,13.555183,13.176659,13.233543,13.195625,13.385033,13.668427,13.498497,13.479599,13.271439,13.119759,13.819221,13.592949,13.024826,13.725006,13.290382,13.403954,13.592949,13.856880,13.441788,14.082504,13.762703,13.214584,13.441788,13.725006,14.251350,13.743858,13.932144,13.969765,14.382469,14.213860,13.498497,13.309326,13.309326,13.800392,13.611824,13.969765,13.309326,12.434105,12.910774,12.967819,13.176659,12.204445,12.300209,12.453224,12.739456,12.510529,13.024826,12.891754,13.100769,13.081795,13.195625,13.043808,13.555183,13.214584,13.762703,13.422867,13.536285,13.913338,13.762703,13.875710,14.157593,13.856880,14.345024,13.762703,13.950951,13.894524,14.176346,14.138817,13.838051,13.856880,14.251350,13.706154,13.611824,13.932144,13.875710,13.328255,13.988556,13.498497,13.743858,13.479599,13.574066,13.838051,13.969765,13.856880,14.213860,14.382469,13.988556,14.101280,14.138817,13.969765,13.988556,14.063721,14.288834,14.063721,13.894524,13.743858,14.213860,14.101280,14.232613,14.082504,14.345024,13.725006,14.251350,14.120049,14.401184,13.781540,14.307571,14.138817,14.644127,13.932144,14.270103,13.894524,14.138817,14.213860,14.082504,13.932144,14.213860,14.363747,14.644127,13.988556,13.743858,13.950951,13.838051,13.819221,13.592949,13.913338,13.725006,14.307571,14.007355,14.270103,14.588127,14.793312,14.905037,15.350533,15.517014,15.849052,15.756950,16.326462,16.363075,16.344765,16.088081,16.764816,16.582436,16.436256,17.110275,16.964989,16.728371,17.092117,17.037659,16.764816,17.164696,16.964989,16.910439,17.182823,17.019493,17.110275,16.964989,17.146553,17.019493,16.964989,17.146553,17.110275,17.200951,16.655434,17.454338,17.724983,17.164696,16.983162,17.634865,17.526596,17.761002,17.706970,17.940880,17.904930,17.761002,17.833000,18.192039,17.994759,18.030663,18.120361,18.048607,18.281563,18.406731,18.245766,18.084496,18.209953,18.442459,18.406731,18.370995,18.745514,18.192039,18.656494,18.620857,19.029732,18.263664,18.834435,18.692123,18.727722,18.816666,18.887749,18.531708,18.620857,18.763306,18.567383,18.603035,18.638680,18.709923,19.047462,18.887749,18.709923,18.638680,18.638680,18.460312,18.638680,18.852211,18.781090,18.852211,18.745514,18.923264,18.567383,18.513863,18.496017,18.478165,18.424599,18.460312,18.460312,18.585213,18.281563,18.531708,18.638680,18.335236,18.156204,18.638680,17.724983,18.048607,18.048607,17.976807,18.209953,18.227867,18.245766,18.513863,18.406731,18.120361,18.245766,18.442459,18.281563,18.120361,17.833000,18.120361,18.084496,18.066551,18.138290,17.886955,17.976807,17.742996,17.994759,18.406731,18.192039,17.850990,18.192039,18.370995,18.066551,17.598785,17.940880,17.976807,17.904930,17.580750,17.868965,17.850990,17.490471,18.299454,18.174133,17.797005,17.904930,17.815002,17.958839,18.335236,18.084496,18.120361,18.442459,17.922905,18.192039,18.245766,18.156204,18.656494,18.156204,18.066551,18.263664,18.442459,17.850990,18.370995,17.688942,17.544655,17.761002,17.761002,16.710136,16.964989,16.527649,15.683197,15.941071,15.572441,15.461563,15.202286,14.886414,15.128059,14.326302,14.849190,14.419891,14.307571,14.700096,14.307571,14.307571,14.457298,14.382469,14.401184,14.532082,14.606796,14.737404,14.625465,14.513397,14.625465,14.382469,14.345024,14.550774,14.830566,14.270103,14.288834,14.700096,14.457298,14.120049,14.942238,14.550774,14.588127,14.476006,14.363747,14.232613,14.251350,14.401184,14.494698,14.251350,14.476006,14.157593,14.138817,14.438606,14.363747,14.606796,14.569450,14.606796,14.307571,14.288834,14.886414,14.251350,14.176346,14.588127,14.625465,14.382469,14.550774,14.288834,14.644127,14.438606,14.849190,14.681450,14.326302,14.457298,14.270103,14.513397,14.830566,14.867805,14.288834,14.756035,14.700096,14.569450,13.460693,13.988556,14.606796,14.101280,14.195114,13.838051,13.819221,13.762703,13.347183,13.592949,13.630692,13.460693,13.460693,13.630692,13.706154,13.119759,13.762703,13.743858,13.743858,13.781540,13.781540,14.138817,14.382469,13.838051,14.288834,13.988556,14.681450,14.363747,14.532082,14.401184,14.494698,14.326302,14.476006,14.082504,14.307571,14.138817,14.232613,14.662788,14.120049,14.251350,14.307571,14.345024,14.026146,13.913338,14.044937,13.706154,14.044937,14.026146,13.611824,14.082504,14.363747,13.969765,14.082504,14.120049,14.307571,14.063721,14.138817,13.856880,14.251350,14.195114,14.157593,14.195114,14.232613,13.932144,14.007355,14.138817,14.138817,13.969765,14.270103,14.176346,14.625465,14.737404,14.345024,14.326302,14.419891,13.668427,14.419891,13.988556,14.513397,13.969765,14.120049,13.838051,14.550774,14.101280,14.082504,13.630692,13.743858,14.457298,13.611824,14.007355,14.138817,13.517403,13.988556,13.838051,14.270103,14.120049,14.401184,14.998024,15.239365,15.220818,15.350533,15.683197,15.830643,15.849052,16.161499,15.977844,15.775375,15.701637,16.234848,16.436256,16.344765,16.417961,16.363075,16.216530,16.363075,16.564171,16.582436,16.527649,16.472824,16.837654,17.092117,16.983162,16.271500,16.289825,16.014603,16.436256,16.399666,16.946808,17.073982,16.928627,16.910439,16.564171,17.146553,17.164696,16.801247,16.691910,16.964989,17.219078,17.219078,16.728371,17.400101,17.055817,17.436272,17.634865,17.273430,17.200951,17.490471,17.237198,17.418190,17.580750,17.164696,17.562698,17.363930,17.219078,16.892258,17.544655,17.598785,17.291534,17.291534,16.928627,17.309639,16.855865,17.309639,16.983162,16.983162,16.600693,17.055817,16.837654,16.819458,16.253181,16.527649,16.491104,16.436256,16.417961,16.417961,16.161499,16.454536,15.830643,16.014603,15.146614,15.461563,14.438606,15.072350,14.811943,14.606796,14.270103,14.625465,13.536285,14.157593,14.101280,13.838051,13.649567,14.251350,14.120049,14.195114,14.288834,14.232613,14.138817,13.838051,14.026146,14.176346,14.063721,14.138817,14.063721,14.138817,13.838051,13.668427,13.950951,13.762703,13.649567,14.401184,13.555183,13.668427,13.969765,13.706154,13.781540,14.007355,13.195625,13.781540,13.611824,13.328255,13.366112,13.762703,13.706154,13.385033,14.063721,13.328255,13.969765,13.081795,13.725006,13.138725,13.819221,13.498497,12.453224,
12.012634,12.434105,13.081795,12.434105,13.649567,13.214584,13.138725,13.119759,13.460693,13.347183,13.838051,13.290382,13.574066,12.948814,13.347183,13.668427,13.290382,13.138725,13.630692,13.347183,13.271439,13.875710,13.100769,12.948814,12.929794,12.663208,12.682281,13.536285,13.536285,13.157700,13.252487,13.309326,13.630692,13.800392,13.100769,12.663208,13.347183,13.043808,13.005829,13.347183,13.517403,13.781540,13.668427,12.625069,13.517403,13.081795,13.214584,13.195625,13.649567,13.555183,13.894524,14.026146,13.932144,13.574066,13.574066,13.536285,13.422867,13.743858,13.422867,13.366112,13.743858,13.781540,13.838051,14.007355,13.649567,13.649567,12.929794,13.687294,13.157700,13.138725,13.138725,13.347183,13.138725,13.460693,12.758507,12.586906,13.347183,13.081795,12.777557,12.967819,12.777557,12.376740,12.910774,13.119759,13.157700,13.385033,12.967819,13.611824,13.687294,13.950951,14.157593,13.781540,13.819221,14.157593,13.725006,14.382469,13.875710,13.781540,13.913338,13.950951,13.875710,14.307571,13.536285,13.687294,14.176346,14.326302,13.668427,14.213860,13.781540,13.687294,13.875710,13.706154,13.913338,14.176346,13.668427,13.743858,13.838051,13.762703,14.213860,13.781540,13.762703,14.232613,14.120049,13.969765,14.082504,14.270103,14.138817,14.232613,13.913338,14.176346,14.157593,14.044937,14.120049,14.401184,13.950951,14.007355,14.270103,14.251350,14.307571,14.401184,13.969765,14.120049,13.725006,14.195114,13.706154,14.082504,14.176346,14.326302,14.288834,14.026146,14.401184,14.476006,14.307571,14.307571,13.706154,14.026146,14.120049,13.819221,14.007355,13.932144,14.082504,13.800392,15.072350,14.700096,14.793312,14.737404,14.886414,15.369041,15.424561,15.941071,15.775375,16.491104,16.691910,16.234848,16.491104,16.783035,16.655434,16.691910,16.691910,17.418190,16.783035,17.055817,16.874062,17.001335,17.327736,16.892258,16.819458,16.874062,17.273430,17.128418,17.146553,17.019493,17.200951,16.691910,16.783035,17.237198,17.508537,17.309639,17.146553,17.164696,17.128418,17.418190,17.073982,17.472412,17.779015,17.580750,17.219078,17.833000,17.922905,17.706970,17.562698,17.886955,17.400101,17.815002,18.138290,18.245766,17.886955,17.850990,18.460312,18.281563,18.209953,18.030663,18.638680,18.209953,18.209953,18.941017,19.047462,18.603035,18.513863,18.281563,18.923264,18.798882,18.745514,18.887749,18.620857,18.496017,19.082909,19.047462,18.976524,18.567383,18.209953,18.852211,18.692123,18.531708,19.047462,18.852211,18.994255,18.958771,18.245766,18.709923,18.709923,18.852211,18.674309,18.585213,18.709923,18.478165,18.852211,18.299454,18.353111,18.299454,18.496017,18.227867,18.317345,18.227867,18.424599,18.603035,18.174133,18.388855,18.192039,18.066551,18.120361,17.976807,18.406731,18.012718,18.138290,18.192039,18.513863,18.227867,18.138290,18.120361,18.227867,18.424599,17.958839,17.815002,18.156204,18.138290,17.940880,18.138290,18.299454,18.174133,18.388855,17.922905,17.833000,18.084496,18.066551,17.958839,18.048607,17.940880,17.850990,18.084496,17.652901,17.976807,17.922905,17.850990,17.850990,17.868965,17.994759,17.797005,18.102425,18.030663,18.513863,18.030663,18.084496,18.156204,18.335236,18.174133,17.976807,18.388855,17.976807,18.192039,18.406731,18.174133,18.263664,17.670921,18.030663,17.958839,17.976807,17.273430,17.436272,17.219078,17.073982,16.637184,15.775375,16.014603,15.830643,15.350533,15.350533,14.886414,14.401184,14.700096,14.662788,14.438606,14.625465,14.532082,14.345024,14.326302,14.476006,14.588127,14.213860,14.326302,14.419891,14.326302,14.176346,14.942238,14.737404,14.401184,13.969765,14.270103,14.326302,14.326302,14.606796,14.606796,14.513397,14.494698,14.176346,14.232613,15.072350,14.476006,14.476006,14.401184,14.532082,14.345024,14.195114,14.401184,14.532082,14.419891,13.725006,14.419891,14.625465,14.681450,14.026146,14.662788,14.681450,14.363747,14.326302,14.157593,14.662788,14.401184,14.513397,14.513397,14.438606,14.662788,14.700096,14.569450,14.457298,14.345024,14.756035,14.457298,14.419891,14.550774,14.401184,14.363747,14.606796,15.016617,14.419891,14.457298,14.176346,13.800392,14.251350,14.345024,14.007355,13.875710,14.101280,13.385033,13.687294,13.138725,13.328255,13.517403,13.592949,13.290382,13.290382,13.536285,13.762703,13.233543,13.649567,13.555183,14.232613,14.063721,13.800392,13.687294,14.532082,14.588127,14.138817,14.288834,14.326302,14.476006,14.007355,14.419891,14.232613,14.550774,13.969765,14.494698,14.662788,14.288834,14.195114,14.419891,13.950951,13.969765,14.288834,14.138817,14.588127,14.232613,14.251350,14.101280,14.082504,14.101280,14.363747,14.606796,14.101280,14.007355,14.213860,13.781540,14.345024,14.288834,14.326302,13.875710,14.382469,14.345024,14.401184,14.700096,14.138817,14.063721,14.232613,13.781540,14.457298,14.044937,13.988556,14.101280,14.176346,14.138817,14.401184,14.063721,14.457298,14.195114,14.120049,14.232613,14.457298,14.363747,13.743858,14.195114,14.270103,14.026146,14.270103,13.649567,13.460693,13.611824,13.969765,13.536285,13.950951,13.233543,14.476006,14.138817,14.923637,14.625465,15.553970,14.960838,15.517014,15.959457,15.756950,15.756950,16.216530,16.253181,15.867470,15.885872,15.922668,16.436256,16.363075,16.454536,16.545914,16.326462,16.783035,17.001335,16.691910,16.783035,16.637184,16.436256,16.472824,16.363075,16.564171,16.637184,16.491104,16.491104,16.728371,16.344765,16.983162,16.910439,16.472824,17.073982,17.363930,16.783035,17.037659,17.146553,17.219078,17.345833,16.983162,17.164696,16.728371,17.544655,17.472412,17.146553,17.382019,17.092117,17.742996,16.910439,17.850990,17.598785,17.797005,17.616829,17.580750,16.874062,17.598785,17.454338,17.616829,17.291534,16.874062,17.237198,17.382019,17.019493,17.110275,16.964989,16.946808,16.892258,16.892258,16.326462,16.783035,16.326462,16.308144,16.179840,16.728371,16.454536,16.637184,15.977844,16.014603,15.609375,15.535500,15.922668,15.239365,15.406059,15.461563,14.793312,14.401184,14.120049,13.913338,14.213860,14.307571,13.574066,14.138817,14.082504,14.251350,14.007355,14.195114,13.969765,14.476006,14.251350,14.138817,13.800392,13.498497,13.819221,13.649567,14.363747,13.838051,13.894524,13.800392,13.800392,13.687294,13.838051,13.649567,13.913338,14.007355,13.725006,13.781540,13.932144,13.043808,13.441788,13.913338,12.967819,13.969765,13.969765,13.005829,13.856880,13.403954,13.479599,13.043808,13.233543,13.271439,13.460693,13.403954,13.441788,13.024826,13.119759,
11.858910,13.347183,12.242760,12.986824,13.536285,13.574066,13.441788,13.233543,13.441788,13.081795,13.328255,13.328255,13.460693,13.441788,13.498497,13.743858,13.176659,12.586906,13.403954,13.195625,13.100769,13.441788,13.195625,13.024826,13.347183,13.024826,13.385033,12.701340,13.081795,13.498497,13.517403,13.100769,13.309326,13.498497,13.005829,13.630692,13.460693,13.498497,13.574066,13.498497,13.460693,13.687294,13.233543,13.479599,13.385033,13.441788,13.800392,13.403954,13.649567,13.649567,14.176346,13.687294,13.743858,13.536285,14.138817,13.856880,13.668427,13.309326,13.725006,13.988556,13.536285,13.630692,13.649567,13.479599,13.743858,13.271439,14.007355,13.176659,13.630692,13.347183,13.403954,13.100769,13.233543,12.910774,12.758507,12.739456,12.891754,13.479599,13.024826,12.815643,12.625069,13.422867,12.834679,12.872734,13.271439,12.891754,13.290382,12.891754,13.479599,13.668427,13.932144,13.649567,13.894524,13.950951,14.213860,13.762703,14.363747,14.419891,13.819221,13.819221,14.101280,14.138817,13.875710,13.819221,14.082504,13.875710,14.288834,13.706154,13.913338,13.687294,14.082504,13.555183,13.969765,14.288834,14.082504,14.213860,14.195114,13.969765,13.611824,13.762703,13.668427,13.687294,14.063721,13.574066,14.063721,13.969765,14.101280,14.101280,14.120049,14.138817,14.101280,14.157593,14.288834,13.706154,14.251350,14.044937,14.176346,13.555183,14.101280,14.138817,14.232613,13.913338,13.950951,13.988556,14.044937,14.307571,14.737404,13.913338,14.401184,14.401184,14.401184,14.007355,14.326302,14.101280,14.120049,13.668427,13.932144,13.762703,13.725006,13.800392,13.366112,14.251350,13.875710,14.401184,14.494698,14.960838,15.090919,15.498535,15.756950,15.849052,15.572441,16.271500,16.472824,16.088081,16.691910,16.436256,16.819458,16.655434,16.964989,16.819458,16.618950,16.764816,17.092117,16.892258,17.526596,16.710136,17.237198,17.019493,17.037659,16.910439,16.582436,17.400101,17.400101,16.600693,17.092117,17.019493,17.255310,16.874062,16.946808,17.418190,17.761002,16.892258,17.237198,17.815002,17.562698,17.742996,17.797005,17.761002,17.562698,18.048607,17.634865,17.652901,18.156204,18.156204,18.174133,18.281563,18.102425,18.513863,18.442459,18.317345,18.227867,18.353111,18.513863,18.585213,18.656494,18.638680,18.496017,18.585213,18.816666,18.976524,18.496017,18.745514,19.082909,18.941017,18.745514,18.656494,18.727722,18.620857,18.192039,18.531708,18.424599,18.656494,18.585213,18.406731,18.958771,18.442459,18.816666,18.852211,18.549545,18.549545,18.692123,18.603035,18.798882,18.496017,18.674309,18.763306,18.567383,18.531708,18.496017,18.798882,18.317345,18.388855,17.940880,18.281563,18.478165,18.030663,17.815002,18.030663,17.815002,18.603035,18.281563,17.976807,18.030663,18.012718,18.424599,18.531708,17.958839,18.209953,18.012718,18.209953,17.634865,17.886955,18.156204,18.048607,18.388855,17.940880,18.048607,18.174133,18.066551,18.120361,18.156204,17.688942,18.209953,18.066551,18.192039,18.048607,17.815002,18.066551,17.652901,17.850990,18.156204,17.886955,17.797005,18.012718,17.634865,17.652901,18.012718,17.886955,17.797005,17.940880,17.994759,18.406731,18.012718,18.084496,18.245766,18.174133,18.299454,18.388855,18.460312,18.048607,18.120361,17.940880,18.102425,17.976807,17.761002,17.616829,17.670921,17.400101,17.562698,17.327736,17.363930,16.582436,16.344765,15.701637,15.941071,15.498535,15.146614,15.424561,14.606796,14.363747,14.811943,14.532082,14.270103,14.195114,14.606796,14.867805,14.345024,14.867805,14.756035,14.307571,14.494698,14.438606,14.606796,14.644127,14.438606,14.251350,14.382469,14.849190,14.606796,14.774681,14.382469,14.550774,14.326302,14.363747,14.082504,14.438606,14.438606,14.457298,14.101280,14.513397,14.419891,14.288834,14.681450,14.326302,14.532082,13.988556,15.183723,14.550774,14.476006,13.725006,14.494698,14.082504,14.923637,14.513397,14.195114,13.894524,14.307571,14.157593,13.913338,14.213860,14.457298,14.251350,14.662788,14.476006,14.494698,14.793312,14.345024,14.756035,14.662788,14.606796,14.811943,14.625465,14.345024,14.476006,14.457298,14.644127,13.875710,14.569450,14.232613,13.950951,13.932144,13.913338,13.875710,13.574066,13.081795,13.517403,13.592949,13.195625,13.385033,13.498497,13.195625,13.422867,13.611824,13.611824,13.706154,13.856880,14.401184,13.969765,13.706154,14.063721,13.969765,14.101280,14.979439,14.476006,14.120049,14.737404,14.438606,14.513397,14.382469,14.363747,14.345024,14.157593,14.232613,14.401184,14.307571,14.120049,14.457298,14.251350,14.007355,14.120049,14.288834,14.718750,14.401184,13.762703,14.232613,14.232613,14.138817,13.781540,14.532082,14.063721,14.363747,14.401184,14.532082,14.026146,14.213860,13.894524,13.743858,14.232613,14.363747,14.082504,14.288834,14.288834,14.157593,14.270103,14.363747,13.536285,14.120049,14.326302,13.762703,14.494698,14.213860,13.875710,14.232613,14.176346,13.950951,13.706154,14.288834,13.894524,13.894524,14.213860,14.213860,13.574066,13.762703,13.517403,13.969765,13.762703,14.007355,13.611824,14.120049,14.007355,14.195114,14.176346,14.326302,14.774681,15.072350,15.202286,15.294960,15.609375,15.627831,15.609375,15.996223,15.922668,15.867470,16.088081,16.655434,15.941071,16.637184,15.959457,16.582436,16.874062,16.326462,16.198189,16.691910,16.289825,16.928627,17.146553,16.436256,16.892258,16.928627,16.801247,16.618950,16.417961,16.946808,16.764816,16.819458,16.710136,16.819458,16.983162,17.037659,17.110275,17.688942,17.454338,17.436272,17.454338,17.976807,17.055817,17.652901,17.526596,17.634865,17.472412,17.652901,17.868965,17.073982,17.382019,17.382019,17.436272,17.688942,17.815002,17.724983,17.309639,17.418190,17.291534,17.526596,17.327736,17.400101,17.436272,17.418190,17.182823,16.819458,17.019493,17.037659,16.527649,16.582436,17.037659,16.216530,16.801247,17.309639,16.308144,16.344765,16.399666,16.837654,15.922668,16.381371,16.106438,14.960838,15.977844,15.959457,15.369041,15.146614,13.555183,14.606796,14.756035,14.326302,14.120049,14.288834,14.120049,14.532082,14.532082,14.213860,13.819221,14.438606,14.288834,14.419891,13.856880,14.063721,14.251350,13.932144,13.800392,14.307571,13.838051,14.345024,14.457298,13.706154,14.044937,14.176346,13.743858,13.668427,13.743858,13.743858,13.100769,13.913338,13.819221,13.668427,13.894524,13.309326,13.611824,13.479599,13.328255,13.932144,14.007355,13.271439,13.555183,13.479599,13.460693,13.875710,13.800392,13.498497,13.988556,13.176659,12.472336,
12.051033,13.081795,13.347183,12.929794,13.233543,13.460693,13.422867,13.328255,13.347183,13.385033,13.138725,13.024826,12.891754,12.796600,13.119759,13.517403,13.479599,13.214584,13.385033,13.441788,12.948814,13.195625,13.309326,12.986824,12.834679,13.119759,13.252487,13.024826,13.100769,12.815643,13.592949,13.005829,12.910774,13.271439,13.800392,13.536285,13.366112,12.929794,13.176659,13.517403,13.366112,13.422867,13.385033,13.441788,13.195625,13.725006,13.328255,13.819221,13.592949,13.422867,13.214584,13.687294,13.743858,13.536285,13.687294,13.366112,14.345024,13.687294,13.743858,13.800392,14.213860,13.819221,14.082504,13.838051,13.988556,13.043808,13.460693,13.100769,12.910774,13.328255,13.119759,13.005829,12.777557,13.138725,12.929794,12.682281,12.644142,13.024826,12.644142,12.682281,12.796600,12.242760,13.176659,12.986824,12.910774,12.929794,13.422867,13.592949,13.328255,13.781540,13.630692,13.290382,14.120049,13.517403,14.326302,13.743858,14.063721,14.251350,14.270103,13.706154,14.063721,14.176346,14.026146,13.875710,14.232613,13.988556,14.138817,13.460693,13.460693,14.120049,14.044937,13.517403,13.725006,13.460693,13.932144,13.781540,14.101280,13.894524,14.026146,14.063721,13.800392,13.630692,14.044937,13.913338,13.687294,14.270103,14.044937,14.120049,13.969765,13.574066,14.251350,13.630692,14.363747,13.875710,13.932144,13.913338,13.536285,14.101280,13.950951,14.157593,14.063721,13.781540,14.101280,13.913338,14.232613,14.401184,14.494698,14.419891,14.288834,14.101280,14.101280,14.120049,14.457298,14.101280,14.007355,14.007355,13.725006,14.044937,13.630692,13.875710,14.213860,14.063721,14.232613,14.625465,14.513397,14.998024,15.332008,15.480049,15.904274,15.793800,16.509377,15.885872,16.454536,16.381371,16.527649,16.399666,16.764816,16.454536,16.545914,16.783035,17.110275,16.746590,16.527649,16.582436,16.655434,16.910439,16.874062,16.783035,16.472824,16.874062,16.892258,16.764816,16.855865,16.728371,16.983162,17.092117,17.092117,16.819458,17.237198,17.164696,17.382019,17.092117,17.779015,17.797005,17.779015,17.472412,17.508537,17.508537,17.688942,17.797005,17.958839,18.066551,17.976807,17.688942,17.886955,17.904930,18.192039,17.779015,18.388855,18.030663,18.120361,18.852211,18.192039,18.353111,18.709923,18.227867,19.047462,18.567383,18.941017,18.567383,18.869980,18.478165,18.781090,18.958771,18.941017,18.727722,18.727722,18.656494,18.798882,18.620857,18.798882,18.852211,18.834435,18.674309,18.478165,18.674309,18.834435,18.531708,18.763306,18.727722,18.567383,18.674309,18.549545,18.442459,18.709923,18.709923,18.887749,18.656494,18.656494,18.585213,18.335236,17.994759,18.209953,18.353111,18.442459,18.138290,18.478165,18.496017,18.048607,18.030663,17.940880,18.317345,18.353111,18.156204,18.209953,18.353111,18.281563,18.353111,18.156204,18.281563,18.138290,18.299454,18.120361,17.724983,17.868965,17.779015,18.442459,18.335236,18.353111,18.138290,17.833000,18.281563,17.815002,18.048607,18.030663,18.138290,17.652901,17.904930,17.886955,17.345833,17.779015,17.580750,18.012718,17.797005,18.048607,17.868965,18.174133,18.030663,17.742996,17.815002,18.030663,18.012718,18.496017,18.388855,18.245766,18.012718,18.120361,18.192039,18.263664,18.138290,17.886955,18.317345,17.922905,17.886955,18.192039,17.562698,17.616829,17.164696,17.128418,17.110275,16.928627,16.582436,16.088081,16.124794,15.406059,15.369041,15.072350,14.849190,14.737404,14.681450,14.401184,14.419891,14.120049,14.213860,14.569450,14.494698,14.681450,14.644127,14.867805,14.307571,14.737404,14.457298,14.569450,13.819221,14.793312,14.774681,14.756035,14.569450,14.662788,14.513397,14.644127,13.894524,14.532082,14.345024,14.251350,14.419891,14.588127,14.176346,14.588127,14.063721,14.138817,14.644127,14.213860,13.988556,14.176346,13.856880,14.138817,14.157593,14.513397,14.270103,13.950951,14.251350,14.176346,14.401184,14.307571,14.251350,14.345024,14.476006,14.345024,14.157593,14.681450,14.438606,14.606796,14.195114,14.307571,14.681450,14.251350,14.401184,14.606796,14.345024,14.756035,14.401184,14.438606,14.082504,14.195114,14.270103,14.326302,13.800392,14.288834,13.969765,13.687294,13.781540,13.969765,14.007355,13.668427,13.385033,13.290382,13.043808,13.271439,13.536285,13.725006,13.592949,13.536285,13.725006,13.894524,13.403954,13.611824,14.345024,13.649567,13.649567,14.270103,14.513397,14.213860,14.438606,14.195114,14.213860,14.232613,14.345024,14.419891,14.476006,14.476006,14.195114,14.345024,14.718750,14.569450,14.644127,14.288834,14.288834,14.176346,14.700096,14.007355,14.270103,14.625465,14.363747,14.401184,14.232613,14.026146,14.082504,14.401184,14.251350,14.195114,13.838051,14.082504,13.875710,14.550774,14.101280,14.138817,14.101280,14.270103,13.838051,14.401184,14.307571,14.569450,14.270103,14.007355,13.894524,14.363747,14.101280,14.195114,14.026146,13.950951,13.706154,14.419891,14.494698,14.345024,13.969765,14.157593,14.138817,14.138817,13.441788,13.913338,13.762703,13.932144,13.819221,13.988556,13.950951,13.687294,13.574066,13.800392,13.385033,14.213860,14.082504,14.232613,14.476006,15.053780,15.165176,15.609375,15.535500,16.051353,15.609375,15.793800,15.922668,16.014603,16.198189,16.472824,15.849052,15.922668,16.399666,16.381371,16.253181,16.363075,16.527649,16.855865,16.545914,16.381371,16.399666,16.564171,16.417961,16.637184,16.783035,16.527649,16.198189,16.527649,17.019493,17.237198,16.582436,16.983162,16.655434,17.001335,16.436256,17.001335,17.345833,17.652901,17.562698,17.652901,17.128418,17.761002,17.436272,17.958839,17.400101,17.309639,17.291534,17.255310,17.580750,17.904930,17.237198,17.779015,18.156204,17.544655,17.200951,16.874062,17.291534,17.742996,17.273430,17.309639,16.783035,17.182823,16.600693,17.363930,17.164696,16.819458,16.964989,16.874062,16.946808,17.001335,16.928627,17.019493,16.509377,16.582436,15.977844,16.363075,15.904274,16.271500,15.812218,15.572441,15.959457,15.738518,15.202286,15.480049,15.072350,14.998024,14.195114,14.438606,14.718750,13.838051,13.950951,14.326302,13.988556,14.138817,13.969765,14.793312,13.988556,13.819221,14.438606,14.138817,13.969765,13.781540,13.856880,14.120049,13.988556,14.476006,13.856880,13.932144,14.026146,13.932144,13.479599,13.555183,13.932144,13.819221,13.195625,14.232613,14.157593,14.082504,13.725006,13.838051,14.082504,13.630692,13.894524,14.007355,13.517403,13.479599,13.441788,13.838051,13.233543,13.555183,13.403954,13.043808,13.309326,13.290382,12.872734,
12.472336,12.910774,13.138725,12.548721,12.815643,13.100769,13.290382,13.422867,12.967819,13.479599,13.403954,13.119759,13.328255,13.233543,13.005829,13.157700,13.290382,13.347183,13.441788,13.290382,13.271439,13.385033,13.233543,13.062805,13.043808,12.434105,13.252487,12.986824,12.834679,13.403954,12.891754,13.498497,13.555183,13.119759,14.138817,13.668427,13.422867,13.403954,13.252487,13.422867,13.819221,13.762703,13.517403,12.625069,13.725006,13.441788,13.479599,13.479599,13.649567,13.347183,13.328255,13.271439,13.479599,14.195114,13.498497,13.517403,13.574066,14.157593,13.498497,14.195114,13.819221,13.706154,13.119759,13.517403,13.856880,13.441788,13.385033,13.555183,13.422867,13.574066,13.498497,13.309326,12.395866,13.024826,13.138725,12.644142,12.720398,12.834679,12.319344,12.720398,12.586906,12.758507,12.510529,13.081795,12.796600,13.195625,13.649567,13.233543,13.366112,13.630692,13.176659,13.176659,13.252487,13.875710,14.082504,13.800392,14.251350,14.307571,14.101280,13.611824,14.101280,13.706154,14.213860,14.307571,14.007355,14.082504,13.875710,13.687294,14.307571,13.176659,14.120049,13.875710,13.725006,14.195114,14.195114,14.026146,14.082504,13.743858,13.838051,13.498497,14.251350,13.913338,13.649567,13.856880,13.668427,14.120049,13.875710,13.668427,14.270103,13.781540,13.649567,14.157593,14.176346,14.101280,14.363747,14.026146,14.082504,13.762703,14.044937,14.138817,13.950951,14.138817,13.932144,14.007355,14.120049,14.232613,14.270103,14.513397,13.856880,14.176346,14.457298,14.419891,14.176346,13.913338,14.007355,13.347183,14.232613,13.574066,13.460693,13.913338,13.913338,14.288834,14.513397,14.419891,14.793312,14.830566,15.035194,15.220818,15.387550,16.051353,16.014603,15.996223,16.198189,16.691910,16.308144,16.746590,16.363075,16.783035,16.363075,16.436256,17.363930,16.964989,17.092117,16.946808,16.746590,16.764816,16.527649,17.037659,16.801247,16.983162,17.110275,17.110275,17.219078,17.019493,17.454338,17.110275,16.946808,17.110275,17.055817,17.490471,17.400101,17.219078,17.327736,17.634865,17.309639,17.616829,17.418190,17.958839,17.886955,17.994759,17.724983,18.245766,18.209953,18.084496,17.742996,18.156204,18.192039,18.388855,18.585213,18.102425,18.567383,18.638680,18.513863,18.674309,18.958771,19.082909,18.388855,18.567383,19.136055,18.923264,18.923264,18.781090,18.816666,18.781090,18.603035,18.923264,18.994255,18.709923,18.958771,18.620857,18.674309,18.923264,18.763306,18.638680,18.905502,19.242241,18.781090,18.567383,19.189156,18.620857,18.424599,18.976524,18.781090,18.567383,18.638680,18.798882,18.816666,18.370995,18.923264,18.585213,18.299454,18.745514,18.709923,18.353111,18.620857,18.245766,18.603035,18.281563,18.656494,17.976807,18.460312,18.478165,18.263664,18.620857,18.460312,18.496017,18.299454,18.030663,17.994759,18.084496,18.263664,18.192039,18.192039,18.263664,18.245766,18.066551,18.460312,17.976807,18.245766,17.724983,18.156204,17.850990,18.120361,18.120361,17.833000,17.833000,18.102425,17.904930,17.958839,18.335236,17.761002,18.245766,18.335236,18.048607,18.353111,17.850990,18.102425,17.922905,18.209953,17.472412,18.120361,18.048607,17.598785,18.513863,18.084496,18.012718,17.815002,18.317345,18.227867,17.904930,18.478165,18.030663,18.174133,18.174133,17.761002,17.761002,17.634865,17.940880,17.400101,17.001335,17.073982,16.143143,16.837654,16.344765,15.369041,15.332008,15.424561,15.332008,14.923637,14.700096,14.700096,14.363747,14.026146,14.307571,14.457298,14.438606,14.513397,14.923637,14.644127,14.923637,14.419891,14.550774,14.532082,14.886414,14.849190,14.625465,14.307571,14.138817,14.550774,14.213860,14.438606,14.401184,14.270103,14.532082,14.419891,14.476006,14.532082,14.101280,14.232613,13.969765,14.176346,14.063721,14.326302,14.157593,14.382469,14.307571,14.326302,13.894524,14.044937,14.082504,14.251350,14.120049,13.969765,13.969765,14.063721,14.307571,14.326302,14.363747,14.251350,14.550774,14.232613,14.232613,14.213860,14.326302,14.867805,14.438606,14.363747,14.101280,14.569450,14.569450,14.532082,14.419891,14.588127,14.662788,14.044937,14.195114,14.326302,14.176346,13.894524,13.894524,13.743858,14.176346,13.838051,13.290382,13.668427,13.385033,13.347183,12.853714,13.555183,13.328255,12.815643,13.460693,13.668427,13.706154,13.687294,13.743858,14.026146,13.649567,14.195114,13.875710,14.176346,14.532082,14.345024,14.849190,14.232613,14.101280,14.176346,14.251350,14.101280,14.307571,14.176346,14.120049,14.606796,14.270103,14.438606,14.476006,14.120049,14.326302,13.800392,14.120049,14.288834,14.082504,14.288834,14.120049,13.913338,14.569450,14.718750,14.363747,14.270103,14.251350,14.307571,13.875710,14.044937,14.232613,14.457298,13.932144,14.176346,14.120049,14.026146,14.082504,14.120049,13.706154,14.419891,13.536285,13.819221,13.969765,13.969765,13.460693,14.251350,14.232613,14.345024,14.232613,14.063721,13.838051,14.007355,14.326302,14.026146,13.762703,13.856880,13.838051,14.007355,13.649567,13.668427,13.574066,13.668427,13.894524,14.138817,13.252487,13.838051,14.026146,13.875710,14.345024,14.345024,14.681450,14.718750,15.369041,15.165176,15.664742,15.959457,15.553970,15.977844,15.683197,15.387550,16.051353,16.106438,16.124794,16.381371,16.069710,16.289825,16.088081,15.941071,16.308144,16.271500,16.253181,16.545914,16.637184,16.253181,16.509377,16.746590,16.326462,16.637184,16.381371,16.837654,16.600693,17.273430,16.837654,16.746590,16.801247,17.110275,17.273430,17.073982,16.710136,17.779015,17.001335,17.472412,17.110275,17.706970,17.327736,17.652901,17.670921,17.436272,17.616829,17.562698,17.544655,17.868965,17.797005,17.616829,17.418190,17.670921,17.400101,17.598785,17.779015,17.309639,17.345833,17.598785,17.418190,16.819458,17.110275,17.055817,17.128418,16.655434,16.509377,16.874062,16.417961,16.582436,16.399666,16.710136,16.764816,16.472824,16.728371,16.801247,16.198189,16.673668,15.959457,15.904274,15.977844,15.775375,15.128059,15.090919,14.662788,14.401184,14.213860,14.588127,14.232613,14.288834,14.007355,14.494698,14.138817,14.232613,14.232613,14.438606,13.875710,14.307571,14.157593,13.856880,14.550774,14.101280,14.270103,13.800392,14.026146,14.532082,14.082504,14.288834,13.574066,14.157593,14.213860,13.932144,13.856880,13.592949,14.007355,14.176346,13.894524,13.611824,14.345024,13.668427,13.875710,13.517403,13.328255,13.385033,13.498497,14.138817,13.252487,13.347183,13.706154,13.800392,13.214584,13.176659,13.233543,13.176659,12.146942,
12.166107,12.891754,13.043808,13.024826,12.586906,13.157700,13.328255,13.233543,13.517403,13.422867,13.328255,13.574066,13.062805,12.948814,13.195625,13.024826,13.328255,13.366112,13.024826,13.081795,13.271439,13.366112,13.366112,13.856880,13.119759,13.214584,12.891754,13.005829,13.687294,13.479599,12.967819,13.062805,12.891754,13.385033,13.271439,13.479599,13.366112,12.948814,12.967819,13.157700,13.271439,13.233543,12.967819,13.081795,13.800392,13.950951,13.555183,13.403954,13.498497,13.347183,13.081795,13.062805,13.913338,13.403954,13.460693,13.403954,13.687294,13.649567,13.347183,13.555183,13.574066,13.479599,13.743858,13.687294,14.082504,13.005829,13.385033,13.024826,13.460693,13.195625,13.460693,12.910774,12.625069,12.872734,12.739456,12.910774,12.777557,12.434105,12.682281,13.081795,12.872734,12.204445,12.701340,13.233543,13.157700,13.309326,13.422867,13.328255,13.668427,13.460693,13.856880,13.932144,13.592949,14.082504,13.950951,13.592949,13.195625,13.555183,13.875710,13.555183,13.932144,13.856880,14.157593,14.101280,14.044937,13.875710,12.872734,13.950951,13.875710,13.762703,13.517403,13.422867,14.176346,13.932144,13.762703,13.214584,13.894524,13.800392,13.988556,13.875710,14.082504,13.725006,13.856880,13.725006,13.725006,13.969765,13.517403,14.326302,13.668427,13.611824,14.213860,13.856880,13.819221,13.950951,13.725006,14.176346,14.382469,14.044937,14.288834,13.894524,14.176346,14.101280,13.743858,14.476006,14.101280,14.326302,14.176346,14.082504,14.082504,14.138817,14.195114,14.345024,14.157593,14.120049,13.894524,13.498497,13.894524,13.479599,13.479599,13.706154,14.063721,13.950951,14.288834,14.662788,14.476006,14.644127,15.313492,15.830643,15.627831,15.720085,16.124794,16.326462,16.509377,16.106438,16.728371,16.363075,16.509377,16.436256,16.381371,16.783035,16.874062,16.509377,16.946808,16.837654,17.073982,16.910439,16.728371,16.710136,17.237198,17.110275,17.055817,17.200951,16.855865,17.219078,17.019493,17.309639,17.616829,17.580750,17.255310,16.783035,17.255310,17.544655,17.327736,17.562698,17.706970,17.779015,17.724983,17.742996,18.156204,18.084496,18.084496,18.281563,18.227867,17.850990,18.745514,18.120361,18.335236,18.066551,18.638680,18.745514,18.299454,18.513863,18.638680,19.206863,19.047462,18.994255,18.781090,18.905502,18.763306,18.335236,18.531708,18.834435,18.852211,18.905502,18.781090,18.923264,18.798882,18.994255,18.923264,18.692123,19.065178,18.745514,18.478165,18.727722,18.460312,18.299454,18.603035,18.869980,18.816666,18.638680,19.206863,18.513863,18.976524,18.585213,18.745514,18.353111,18.941017,18.460312,17.976807,18.834435,18.603035,18.192039,18.781090,18.603035,18.567383,18.370995,18.406731,18.209953,18.227867,18.299454,18.603035,18.549545,18.478165,18.156204,18.192039,18.174133,18.603035,18.335236,18.370995,18.174133,18.299454,18.066551,18.263664,18.048607,17.886955,17.904930,18.638680,18.138290,18.192039,18.281563,17.850990,17.904930,18.281563,17.940880,17.958839,18.066551,18.138290,18.227867,17.904930,17.850990,18.263664,17.958839,17.976807,18.084496,18.102425,18.048607,18.192039,18.227867,17.779015,17.833000,17.652901,17.761002,18.012718,18.299454,18.263664,17.940880,17.976807,18.209953,18.174133,17.904930,18.120361,18.102425,18.156204,18.156204,18.102425,17.688942,17.886955,17.562698,17.200951,17.110275,16.710136,16.545914,16.253181,15.904274,15.683197,15.535500,15.350533,14.905037,14.867805,14.457298,14.830566,13.932144,14.550774,14.288834,14.625465,14.737404,14.345024,14.438606,14.718750,14.756035,14.644127,14.438606,14.419891,14.326302,14.588127,14.345024,14.886414,14.494698,14.662788,14.288834,14.326302,14.345024,14.588127,14.232613,14.532082,14.345024,13.969765,14.606796,14.326302,14.588127,14.270103,14.082504,14.288834,14.345024,14.606796,14.195114,14.588127,14.176346,14.251350,14.044937,14.382469,14.195114,14.213860,13.819221,14.476006,13.838051,14.307571,14.251350,14.625465,14.569450,14.625465,14.494698,14.774681,14.363747,14.401184,14.550774,14.213860,14.232613,14.513397,14.082504,14.288834,14.569450,14.606796,14.513397,14.606796,14.382469,14.120049,14.195114,13.725006,14.044937,13.819221,13.819221,13.592949,13.252487,13.706154,13.328255,13.100769,13.536285,13.932144,13.630692,13.005829,13.328255,13.592949,13.725006,13.800392,13.366112,13.988556,13.932144,13.969765,14.363747,13.969765,14.513397,14.662788,14.345024,14.120049,14.457298,14.625465,14.569450,14.513397,14.588127,14.157593,13.950951,13.950951,14.176346,14.195114,14.270103,14.288834,14.550774,14.157593,13.781540,13.743858,14.044937,14.270103,14.213860,14.213860,14.120049,13.950951,14.082504,14.307571,14.270103,14.307571,14.120049,14.419891,13.932144,14.138817,14.251350,14.232613,14.176346,14.737404,13.894524,14.007355,14.101280,13.555183,13.894524,14.270103,13.517403,14.082504,14.307571,14.288834,14.120049,13.950951,14.101280,13.932144,13.743858,13.743858,14.382469,14.588127,13.781540,14.307571,13.630692,13.687294,14.026146,13.800392,13.385033,14.007355,13.630692,13.838051,13.838051,14.026146,14.307571,14.401184,14.007355,14.457298,14.849190,14.886414,15.146614,15.738518,15.977844,15.775375,15.756950,16.363075,15.664742,15.941071,16.051353,16.271500,15.609375,16.179840,16.363075,16.289825,16.161499,16.527649,16.399666,16.673668,16.271500,16.509377,16.069710,16.582436,16.124794,17.001335,16.216530,16.381371,15.977844,16.783035,16.874062,16.637184,16.545914,17.073982,16.673668,17.255310,16.837654,17.273430,17.237198,17.688942,16.783035,16.874062,17.200951,17.436272,17.472412,18.263664,17.670921,17.454338,17.291534,17.815002,17.616829,17.706970,17.309639,17.273430,17.146553,17.616829,17.200951,17.526596,17.508537,17.291534,17.019493,17.562698,16.910439,17.110275,16.855865,17.019493,17.418190,17.128418,16.928627,16.783035,16.618950,17.019493,16.691910,16.491104,16.728371,16.344765,16.673668,16.928627,16.198189,15.775375,15.756950,15.387550,15.885872,16.161499,14.830566,15.183723,14.849190,15.313492,14.681450,14.905037,14.138817,14.232613,13.856880,14.811943,14.681450,13.743858,14.326302,14.644127,15.016617,13.819221,13.913338,13.856880,14.213860,14.120049,14.419891,14.157593,13.913338,14.138817,13.932144,13.309326,13.856880,13.875710,14.157593,13.932144,13.574066,13.687294,14.026146,13.725006,13.233543,13.668427,14.401184,13.649567,14.382469,13.441788,13.894524,14.063721,13.498497,13.950951,13.649567,13.176659,13.536285,12.872734,13.347183,13.138725,13.138725,12.758507,12.472336,
11.434883,13.138725,13.100769,12.357613,12.796600,12.834679,12.967819,13.762703,13.366112,12.891754,13.176659,12.815643,13.743858,13.875710,13.043808,13.081795,12.948814,13.592949,13.271439,13.024826,12.948814,13.195625,13.800392,13.195625,13.328255,13.100769,13.081795,13.385033,13.555183,13.479599,12.815643,13.119759,13.157700,13.536285,13.517403,13.460693,13.024826,13.043808,13.176659,13.517403,13.290382,13.555183,13.875710,12.720398,13.271439,13.176659,13.479599,13.479599,13.649567,13.347183,13.498497,13.611824,13.271439,13.328255,13.762703,13.668427,13.706154,13.536285,13.574066,13.781540,13.460693,13.856880,13.781540,13.725006,13.271439,13.498497,13.385033,13.157700,13.157700,12.986824,13.347183,12.395866,13.119759,12.967819,13.119759,12.491440,12.910774,12.796600,13.043808,12.739456,12.395866,12.796600,13.119759,13.195625,12.967819,13.252487,13.366112,13.403954,13.309326,13.611824,14.270103,13.536285,13.875710,13.856880,13.932144,13.894524,14.026146,14.138817,14.251350,13.687294,13.838051,14.101280,14.232613,13.913338,13.875710,13.743858,14.026146,13.969765,13.894524,13.894524,14.195114,13.950951,13.290382,13.611824,13.725006,13.988556,14.082504,14.026146,13.913338,13.988556,13.687294,13.441788,13.706154,13.555183,14.082504,13.706154,14.026146,14.026146,13.856880,14.026146,14.513397,13.913338,14.120049,13.969765,13.988556,14.101280,14.213860,13.800392,13.988556,14.326302,14.157593,14.138817,14.382469,14.007355,14.195114,14.026146,14.401184,14.401184,14.101280,14.345024,14.026146,14.176346,14.120049,13.706154,14.326302,14.026146,13.611824,13.838051,13.422867,13.913338,13.894524,14.026146,14.026146,14.363747,14.476006,14.756035,15.461563,14.979439,16.179840,15.424561,16.161499,16.198189,16.600693,16.582436,16.381371,16.618950,16.454536,16.983162,16.564171,16.326462,16.637184,16.837654,16.855865,16.618950,16.436256,16.764816,16.527649,16.855865,17.309639,16.746590,16.946808,16.783035,16.910439,17.182823,16.983162,17.472412,17.146553,17.490471,17.291534,17.345833,17.309639,17.562698,17.598785,17.904930,17.904930,17.670921,18.102425,17.976807,17.345833,18.317345,17.761002,18.084496,18.370995,18.460312,18.567383,18.317345,18.370995,18.156204,18.335236,18.620857,18.709923,18.209953,18.460312,18.727722,18.887749,18.798882,18.692123,18.567383,19.011993,18.763306,18.603035,18.941017,18.905502,18.852211,18.976524,18.798882,18.692123,18.816666,18.745514,18.869980,18.923264,18.709923,18.763306,18.763306,18.478165,18.923264,18.798882,18.709923,18.727722,18.478165,18.585213,18.335236,18.692123,18.798882,18.798882,18.727722,18.620857,18.406731,18.192039,18.638680,18.781090,18.388855,18.567383,18.299454,18.638680,18.281563,19.029732,18.120361,18.388855,18.227867,18.763306,18.299454,18.066551,18.460312,18.317345,18.335236,18.513863,18.084496,18.120361,18.442459,18.388855,17.797005,18.048607,17.940880,18.424599,18.084496,18.567383,18.335236,18.245766,18.102425,17.940880,18.066551,18.317345,18.174133,18.030663,18.406731,18.138290,18.227867,18.317345,17.634865,18.102425,18.012718,17.958839,17.761002,17.994759,18.496017,18.048607,17.742996,17.868965,17.868965,18.012718,18.281563,18.388855,17.634865,18.138290,17.994759,18.496017,18.281563,18.442459,17.904930,18.012718,18.120361,18.066551,18.030663,17.886955,17.886955,17.724983,17.400101,17.922905,16.764816,17.291534,16.710136,16.363075,15.812218,15.701637,15.220818,15.276436,15.683197,14.979439,14.830566,14.345024,14.419891,14.532082,14.438606,14.288834,14.288834,14.476006,14.867805,14.718750,14.476006,14.588127,14.774681,14.811943,14.532082,14.457298,14.326302,14.569450,14.457298,14.270103,14.718750,14.326302,14.774681,14.288834,14.382469,14.457298,14.176346,14.532082,14.120049,14.363747,14.326302,14.867805,14.007355,14.195114,14.213860,14.345024,14.513397,13.969765,14.419891,14.606796,14.513397,14.401184,14.138817,14.532082,14.288834,14.588127,13.950951,14.213860,14.644127,14.606796,14.176346,14.251350,14.569450,14.419891,13.950951,14.625465,14.345024,14.569450,14.401184,14.476006,14.307571,14.138817,14.438606,14.513397,14.905037,14.195114,14.476006,14.157593,14.345024,13.969765,13.800392,14.026146,13.706154,13.819221,13.592949,13.517403,13.138725,13.309326,13.138725,13.422867,13.517403,13.271439,13.743858,13.762703,13.894524,13.856880,14.082504,13.687294,13.856880,14.007355,14.120049,13.988556,13.706154,14.419891,13.988556,14.232613,14.007355,14.737404,14.138817,14.438606,14.644127,14.588127,14.213860,14.138817,13.969765,13.913338,13.969765,14.063721,13.762703,14.345024,14.270103,13.706154,14.063721,14.513397,14.270103,14.044937,14.063721,14.195114,14.026146,14.326302,14.044937,14.401184,14.138817,13.894524,13.932144,14.419891,14.345024,14.082504,14.213860,14.007355,13.875710,13.819221,14.307571,13.894524,14.363747,13.988556,14.176346,14.251350,14.157593,14.307571,14.457298,14.101280,14.044937,14.101280,14.438606,14.157593,13.800392,14.232613,14.101280,13.950951,14.457298,14.251350,13.649567,13.574066,14.026146,13.856880,13.460693,13.592949,14.101280,13.687294,14.251350,14.063721,13.913338,15.072350,14.532082,15.369041,15.387550,15.276436,15.738518,15.720085,15.941071,16.198189,16.399666,15.276436,15.849052,15.904274,16.124794,16.271500,16.344765,16.326462,16.216530,15.904274,16.564171,16.143143,16.198189,16.234848,16.106438,16.216530,16.124794,16.964989,16.472824,17.237198,16.928627,16.582436,16.363075,16.527649,16.783035,17.237198,17.309639,17.182823,17.291534,17.182823,17.400101,17.724983,17.273430,17.580750,16.564171,17.291534,17.454338,17.652901,17.526596,17.345833,17.779015,17.490471,17.490471,17.200951,17.598785,18.138290,17.382019,17.761002,17.164696,17.472412,17.742996,17.291534,17.490471,17.092117,16.837654,17.400101,17.327736,16.910439,16.892258,16.764816,16.964989,17.200951,16.764816,17.562698,16.454536,16.710136,16.564171,16.946808,16.124794,16.600693,15.775375,16.637184,16.527649,15.775375,16.308144,15.867470,15.443062,15.461563,14.979439,14.998024,14.401184,14.232613,14.419891,14.550774,14.176346,14.513397,13.687294,14.213860,14.401184,13.762703,14.606796,14.082504,13.894524,14.063721,14.232613,13.517403,13.743858,14.232613,14.476006,13.800392,13.969765,14.382469,13.913338,13.950951,14.382469,14.195114,13.762703,13.781540,13.725006,13.668427,13.743858,13.214584,14.120049,13.630692,14.401184,13.233543,13.214584,14.101280,13.819221,13.309326,13.819221,14.138817,13.385033,13.725006,13.138725,13.214584,13.157700,12.720398,12.529640,
12.223610,12.701340,13.592949,13.043808,13.081795,13.271439,13.214584,12.929794,13.176659,13.176659,13.574066,13.214584,12.815643,13.252487,13.649567,13.100769,13.062805,12.834679,13.536285,13.024826,13.195625,13.176659,13.555183,13.403954,13.176659,12.644142,13.309326,12.758507,13.214584,12.948814,13.062805,12.796600,12.853714,13.743858,13.725006,13.309326,13.347183,13.460693,13.385033,13.460693,13.290382,12.242760,13.630692,12.777557,13.555183,13.800392,13.233543,13.479599,13.176659,13.687294,13.706154,13.328255,13.988556,13.460693,13.743858,13.460693,13.517403,13.762703,13.347183,13.668427,13.781540,13.233543,13.969765,13.668427,13.725006,13.024826,13.743858,13.233543,13.403954,12.891754,13.611824,13.668427,12.548721,13.176659,12.758507,12.967819,12.510529,12.720398,12.586906,12.910774,12.338478,12.872734,13.005829,13.100769,13.366112,13.138725,12.910774,13.687294,12.872734,13.668427,13.668427,13.630692,13.498497,14.007355,13.800392,14.157593,13.574066,13.988556,13.630692,13.743858,13.819221,13.969765,14.082504,13.932144,14.138817,14.007355,13.875710,13.743858,14.176346,13.725006,13.819221,13.290382,13.950951,13.725006,13.988556,13.856880,14.007355,13.649567,14.101280,13.800392,14.063721,13.649567,14.251350,13.555183,13.706154,13.932144,14.101280,13.988556,14.157593,14.101280,13.800392,14.176346,14.270103,14.101280,14.101280,14.007355,14.120049,13.969765,13.988556,13.800392,14.138817,14.101280,14.326302,13.630692,14.101280,13.988556,14.213860,14.326302,13.800392,13.743858,14.401184,14.419891,14.213860,13.913338,13.913338,13.819221,14.157593,13.309326,13.781540,13.781540,13.950951,14.176346,13.743858,14.513397,14.681450,14.774681,14.979439,15.183723,16.014603,16.051353,16.234848,16.069710,16.582436,16.308144,16.472824,16.363075,16.363075,16.691910,16.326462,16.946808,16.545914,16.564171,16.728371,16.326462,16.582436,17.001335,16.801247,16.198189,16.545914,16.417961,17.200951,16.964989,16.564171,16.910439,17.291534,16.892258,17.146553,17.382019,17.237198,17.454338,17.490471,17.940880,17.616829,17.904930,17.616829,18.084496,17.797005,17.994759,18.209953,18.030663,18.299454,18.156204,17.868965,18.263664,18.460312,18.174133,18.674309,18.317345,17.958839,18.638680,18.976524,18.531708,18.763306,18.549545,18.531708,18.478165,18.852211,18.496017,18.656494,18.781090,18.745514,18.887749,18.603035,18.656494,18.834435,18.781090,18.388855,18.869980,18.281563,18.958771,18.353111,18.763306,18.638680,18.941017,18.674309,18.869980,18.709923,18.245766,18.692123,18.745514,18.442459,18.620857,18.834435,18.692123,19.011993,18.388855,18.406731,18.406731,18.549545,18.585213,18.496017,18.709923,18.887749,18.227867,18.048607,18.709923,18.227867,18.174133,18.138290,18.299454,18.281563,18.496017,18.299454,18.066551,18.281563,17.833000,18.317345,18.084496,18.388855,18.281563,18.192039,18.174133,18.066551,18.156204,18.192039,18.048607,18.245766,18.442459,17.850990,18.138290,18.496017,17.940880,17.922905,18.084496,18.138290,18.048607,18.317345,17.815002,17.958839,18.066551,18.209953,17.976807,17.994759,17.598785,17.634865,18.084496,17.706970,18.102425,18.048607,18.120361,18.120361,17.886955,18.245766,18.192039,18.084496,18.478165,17.779015,18.138290,17.994759,18.174133,18.263664,18.192039,18.174133,18.174133,18.192039,17.472412,18.084496,17.363930,17.182823,17.182823,16.855865,16.527649,16.051353,16.472824,15.867470,15.369041,15.165176,14.905037,14.625465,14.288834,14.494698,14.382469,14.251350,14.213860,14.419891,14.101280,14.811943,14.606796,14.345024,14.774681,14.550774,14.438606,14.774681,13.024826,14.288834,14.307571,14.756035,14.270103,14.550774,14.419891,14.363747,14.476006,14.345024,14.718750,14.363747,14.457298,14.326302,14.494698,14.176346,14.363747,14.326302,13.838051,14.345024,14.438606,14.345024,14.401184,14.138817,14.326302,14.307571,14.606796,14.419891,14.026146,14.382469,13.988556,14.494698,14.270103,14.345024,14.625465,14.438606,14.026146,13.913338,14.737404,14.138817,14.476006,14.718750,14.457298,14.457298,14.737404,14.345024,14.494698,14.569450,14.457298,14.213860,14.550774,14.942238,14.251350,14.513397,14.138817,14.120049,14.026146,14.044937,13.819221,13.913338,13.536285,13.574066,13.668427,13.460693,13.252487,13.119759,13.366112,13.498497,13.479599,13.743858,13.932144,13.385033,14.101280,13.894524,13.403954,13.856880,13.875710,13.838051,14.326302,14.681450,14.138817,14.195114,14.195114,14.830566,14.007355,14.326302,14.830566,14.213860,13.969765,14.082504,14.176346,13.630692,14.307571,14.288834,14.513397,13.856880,13.969765,13.969765,14.213860,14.157593,13.555183,14.157593,13.913338,13.988556,13.913338,13.875710,14.007355,14.382469,13.894524,14.513397,14.138817,13.743858,13.800392,13.913338,13.875710,14.569450,14.120049,14.026146,14.326302,14.120049,14.082504,14.345024,13.611824,14.044937,13.856880,14.457298,14.363747,14.419891,14.345024,14.026146,14.176346,14.363747,13.687294,14.195114,13.725006,14.101280,13.706154,13.762703,13.819221,13.649567,13.649567,13.743858,13.536285,13.743858,13.819221,13.875710,13.856880,13.838051,14.270103,14.195114,14.960838,14.960838,15.165176,15.664742,15.849052,15.885872,15.701637,15.849052,15.756950,15.904274,15.885872,16.014603,16.014603,15.812218,15.553970,15.922668,16.491104,15.959457,16.655434,16.106438,16.582436,16.344765,15.775375,16.161499,16.143143,16.710136,16.179840,16.673668,16.673668,16.655434,16.637184,17.037659,17.291534,16.673668,16.710136,16.983162,16.946808,17.436272,17.019493,17.706970,17.580750,17.291534,17.019493,17.688942,17.526596,17.382019,17.454338,17.580750,17.815002,17.418190,17.688942,17.345833,17.598785,18.048607,18.066551,17.580750,17.634865,17.742996,17.922905,17.580750,17.092117,17.019493,17.345833,17.327736,16.655434,17.291534,16.710136,16.983162,16.289825,17.037659,16.600693,17.182823,16.564171,16.691910,16.545914,17.092117,16.399666,16.381371,16.069710,16.179840,16.143143,16.271500,15.517014,15.977844,15.369041,14.905037,15.146614,14.476006,15.016617,14.157593,14.307571,14.044937,14.382469,14.382469,14.718750,14.044937,13.932144,14.270103,14.232613,14.101280,13.687294,14.101280,14.063721,14.251350,13.611824,14.176346,14.082504,13.969765,14.251350,13.347183,13.950951,14.195114,13.290382,14.213860,13.668427,13.800392,14.176346,13.668427,13.536285,14.063721,13.988556,13.932144,13.366112,13.781540,13.819221,13.214584,13.743858,13.043808,13.214584,13.119759,13.517403,14.082504,13.119759,13.479599,12.891754,13.498497,12.414986,
12.357613,12.605988,13.005829,12.739456,13.252487,12.967819,12.967819,12.872734,13.328255,13.138725,13.441788,13.555183,13.195625,13.138725,13.252487,13.271439,13.403954,12.948814,13.195625,13.498497,12.986824,13.233543,13.138725,13.328255,13.479599,13.403954,13.611824,12.853714,13.743858,13.081795,13.062805,13.271439,13.005829,13.441788,12.986824,13.024826,13.687294,13.100769,13.347183,13.195625,13.517403,13.668427,13.271439,13.441788,13.706154,13.555183,13.309326,13.460693,13.460693,13.913338,13.517403,13.309326,13.498497,13.460693,13.781540,13.819221,13.781540,13.441788,13.725006,13.819221,13.252487,13.725006,13.460693,13.385033,13.856880,13.706154,13.649567,13.290382,12.796600,13.309326,12.701340,12.644142,12.853714,12.739456,12.701340,12.777557,13.081795,12.223610,12.510529,12.644142,12.891754,12.777557,13.347183,12.434105,13.005829,13.517403,13.195625,13.366112,13.005829,13.290382,13.630692,13.555183,13.913338,14.326302,13.781540,14.082504,14.007355,13.950951,13.800392,13.687294,13.668427,13.743858,13.743858,13.762703,13.762703,13.913338,14.120049,13.725006,13.649567,14.232613,13.894524,13.838051,13.950951,13.875710,13.913338,14.063721,13.592949,13.988556,13.649567,13.875710,14.157593,13.555183,14.007355,13.950951,14.138817,13.875710,13.800392,14.176346,14.120049,14.307571,14.270103,13.725006,14.063721,13.819221,14.007355,13.856880,13.932144,13.969765,14.101280,13.969765,14.101280,13.894524,14.082504,13.592949,13.838051,14.476006,14.494698,14.120049,14.494698,14.101280,13.706154,13.894524,14.307571,14.044937,13.479599,13.762703,13.366112,13.592949,13.668427,13.687294,13.819221,13.611824,14.644127,14.811943,14.270103,14.774681,15.239365,14.942238,15.480049,15.867470,15.922668,16.289825,16.381371,16.289825,16.417961,16.454536,16.582436,16.454536,16.161499,16.673668,16.491104,16.509377,16.783035,16.801247,16.289825,16.381371,16.673668,16.124794,16.855865,16.545914,17.128418,16.910439,16.964989,16.819458,17.237198,16.964989,17.219078,17.146553,17.688942,17.418190,17.345833,17.797005,17.815002,17.291534,18.066551,17.363930,18.156204,18.192039,17.833000,17.580750,18.513863,18.460312,18.263664,18.174133,18.442459,18.174133,18.227867,18.138290,18.353111,18.460312,18.227867,18.727722,18.335236,18.781090,18.513863,18.603035,18.567383,18.549545,18.585213,18.709923,18.531708,18.727722,18.869980,18.816666,18.709923,18.513863,18.460312,18.245766,18.567383,18.887749,18.692123,18.727722,19.065178,18.567383,18.674309,18.138290,18.656494,18.958771,18.798882,18.585213,18.603035,18.567383,19.047462,19.011993,18.816666,18.460312,18.958771,18.496017,18.976524,18.781090,18.709923,18.656494,18.388855,18.281563,18.638680,18.245766,18.388855,18.513863,18.370995,18.353111,18.745514,18.263664,18.388855,18.120361,18.727722,18.030663,18.763306,18.066551,18.531708,18.227867,18.102425,18.084496,18.496017,18.030663,18.424599,18.281563,18.299454,18.513863,18.567383,17.688942,18.209953,18.549545,18.281563,18.460312,18.192039,18.245766,18.174133,17.976807,18.245766,17.958839,17.886955,18.120361,18.048607,18.102425,17.994759,17.994759,17.958839,17.797005,17.868965,18.245766,18.370995,17.779015,18.066551,17.994759,18.030663,17.940880,18.299454,17.833000,18.299454,17.976807,18.048607,17.472412,18.048607,17.724983,17.706970,17.833000,17.634865,17.688942,18.102425,17.164696,16.728371,16.271500,16.308144,15.996223,15.646294,15.313492,15.202286,15.053780,14.811943,14.476006,14.942238,14.513397,14.363747,14.288834,14.438606,14.476006,14.438606,14.476006,14.905037,14.774681,14.513397,14.550774,14.588127,14.401184,14.288834,14.942238,14.213860,14.195114,14.307571,14.532082,14.363747,14.662788,14.251350,14.101280,14.457298,14.326302,14.438606,13.856880,14.176346,14.176346,14.288834,14.476006,14.382469,14.251350,14.438606,14.476006,14.213860,14.419891,14.063721,14.120049,14.644127,14.082504,14.157593,14.419891,14.120049,13.913338,14.401184,14.532082,14.270103,14.176346,14.811943,14.195114,14.644127,14.288834,14.307571,14.345024,14.457298,13.875710,14.363747,14.157593,14.662788,14.307571,14.960838,14.044937,14.176346,13.988556,13.894524,14.044937,14.213860,13.838051,13.838051,13.119759,13.668427,13.347183,13.347183,13.819221,13.762703,13.479599,12.967819,13.176659,13.157700,13.441788,13.668427,13.630692,13.913338,13.856880,13.969765,13.781540,14.044937,14.063721,13.894524,14.737404,14.363747,14.195114,14.138817,13.988556,14.457298,13.913338,13.838051,14.681450,14.176346,14.195114,14.476006,14.457298,13.743858,14.157593,14.382469,14.363747,14.288834,13.725006,14.513397,14.232613,13.762703,14.195114,14.307571,14.270103,14.251350,14.026146,14.063721,14.307571,14.213860,13.800392,13.875710,13.988556,14.307571,14.007355,13.969765,13.988556,13.668427,13.875710,14.270103,14.382469,14.195114,14.457298,14.438606,13.969765,14.288834,13.875710,14.120049,14.251350,13.950951,14.120049,14.307571,13.875710,14.157593,14.007355,14.082504,13.894524,13.894524,14.213860,13.932144,14.101280,14.026146,13.630692,14.270103,13.988556,13.800392,13.668427,13.856880,13.592949,14.513397,13.932144,14.438606,14.681450,14.811943,15.035194,15.535500,15.904274,15.350533,16.124794,16.161499,15.922668,15.959457,15.885872,15.959457,15.756950,16.032974,16.106438,16.289825,16.509377,16.417961,16.308144,15.996223,16.472824,16.198189,16.143143,16.637184,16.436256,16.363075,16.801247,16.710136,16.673668,16.673668,17.073982,16.582436,16.819458,17.019493,17.019493,17.291534,16.673668,16.964989,17.182823,16.892258,17.164696,17.616829,17.508537,17.688942,17.110275,17.436272,17.363930,17.544655,17.616829,17.219078,17.940880,17.850990,17.309639,17.976807,17.580750,17.833000,17.363930,17.616829,17.400101,17.019493,17.001335,17.363930,17.019493,17.291534,17.382019,17.073982,16.801247,17.219078,17.001335,16.691910,17.128418,17.382019,17.037659,16.874062,16.910439,16.710136,16.545914,16.710136,16.161499,16.417961,15.977844,16.344765,15.830643,15.793800,14.662788,15.276436,15.128059,14.662788,14.569450,14.625465,14.494698,14.345024,14.288834,14.644127,14.288834,14.625465,14.382469,14.363747,14.457298,14.457298,13.611824,14.606796,13.800392,14.513397,13.725006,14.288834,13.838051,14.270103,14.326302,13.649567,13.894524,14.251350,14.363747,13.894524,14.138817,13.347183,14.176346,13.875710,13.969765,13.743858,14.082504,13.649567,13.838051,13.592949,13.894524,13.460693,13.592949,13.743858,13.328255,13.932144,13.422867,14.007355,12.948814,13.157700,13.233543,12.644142,12.644142,
12.720398,12.242760,13.271439,12.815643,12.853714,12.872734,12.967819,13.611824,13.176659,13.611824,13.176659,13.290382,13.592949,13.555183,13.043808,12.796600,13.309326,13.062805,13.271439,13.062805,13.536285,12.395866,12.967819,13.725006,13.385033,13.422867,12.682281,12.853714,13.838051,12.948814,13.347183,13.214584,12.834679,12.872734,13.725006,13.100769,13.441788,13.309326,13.138725,13.271439,13.555183,13.309326,13.233543,13.441788,13.706154,13.252487,13.574066,12.872734,13.630692,13.838051,13.649567,12.720398,13.100769,13.422867,13.366112,13.932144,13.403954,13.706154,12.967819,13.592949,13.630692,13.233543,13.366112,13.800392,13.819221,13.517403,13.157700,13.347183,13.385033,13.271439,13.024826,13.328255,12.872734,12.910774,12.644142,12.796600,13.385033,13.024826,13.005829,13.081795,12.834679,12.338478,12.796600,12.739456,13.347183,13.176659,13.233543,13.649567,13.252487,13.687294,13.309326,13.875710,14.213860,13.290382,14.101280,13.894524,13.800392,13.422867,13.574066,14.251350,13.743858,14.026146,13.668427,13.611824,13.913338,14.138817,13.838051,14.101280,13.950951,14.082504,13.611824,13.062805,13.856880,13.328255,13.687294,13.668427,13.762703,13.668427,13.856880,13.498497,13.574066,13.800392,13.894524,13.555183,13.800392,13.988556,14.026146,13.894524,14.438606,14.120049,13.422867,13.498497,13.347183,14.063721,14.363747,14.307571,14.213860,14.195114,14.232613,14.326302,14.101280,14.007355,14.288834,13.856880,14.176346,14.007355,13.875710,13.950951,13.932144,13.875710,13.913338,14.007355,13.819221,14.157593,13.932144,13.592949,13.819221,13.592949,13.725006,13.441788,13.838051,14.120049,13.969765,14.457298,14.270103,14.419891,14.625465,15.683197,15.313492,15.627831,16.069710,16.179840,16.234848,16.600693,16.637184,16.417961,16.728371,16.363075,16.545914,16.527649,16.454536,16.582436,16.855865,16.964989,16.783035,16.399666,16.710136,16.764816,16.837654,16.326462,17.037659,17.092117,16.801247,17.146553,17.327736,17.273430,17.382019,17.382019,16.983162,17.382019,17.291534,18.102425,17.833000,17.779015,17.706970,18.012718,18.174133,17.761002,18.030663,17.886955,17.922905,18.030663,18.012718,18.709923,18.156204,18.460312,18.478165,18.227867,18.209953,18.460312,18.603035,18.531708,18.887749,18.496017,19.065178,18.513863,19.011993,18.692123,18.763306,18.763306,18.923264,19.011993,18.834435,18.585213,18.941017,19.171471,18.424599,18.869980,18.603035,18.567383,18.958771,18.656494,18.585213,18.674309,18.923264,18.816666,18.727722,18.656494,18.816666,18.585213,18.638680,18.620857,19.082909,18.567383,18.709923,18.709923,18.567383,18.745514,18.852211,18.531708,18.781090,18.585213,18.638680,18.923264,18.281563,17.598785,18.227867,17.940880,18.156204,18.120361,18.209953,18.066551,18.245766,18.209953,18.066551,18.370995,18.353111,18.281563,18.066551,18.478165,18.263664,18.120361,18.442459,18.442459,18.638680,18.048607,17.868965,18.406731,18.156204,18.406731,17.886955,18.138290,17.922905,18.084496,18.442459,18.048607,18.317345,18.156204,18.084496,17.958839,18.388855,17.868965,18.066551,17.815002,17.742996,17.886955,18.209953,17.958839,17.994759,18.120361,18.478165,17.724983,17.797005,17.976807,17.688942,18.030663,18.317345,18.138290,18.066551,17.797005,18.245766,18.066551,18.102425,17.761002,17.652901,17.670921,17.761002,17.922905,17.688942,17.309639,16.764816,16.710136,16.161499,16.179840,15.461563,15.406059,15.387550,15.183723,14.774681,14.251350,14.138817,14.569450,14.401184,14.363747,14.419891,14.288834,14.756035,14.513397,14.606796,14.307571,14.811943,14.532082,14.513397,14.363747,14.457298,13.950951,14.588127,14.662788,14.700096,14.101280,14.793312,14.270103,14.307571,14.476006,14.569450,14.588127,13.706154,14.588127,14.195114,14.550774,14.419891,14.588127,13.988556,14.251350,14.120049,14.157593,14.438606,14.532082,14.513397,13.819221,14.101280,14.007355,14.101280,14.176346,14.157593,14.176346,14.288834,14.007355,13.988556,14.007355,14.737404,14.382469,14.082504,14.326302,14.476006,14.494698,14.718750,14.588127,14.588127,14.457298,14.644127,14.195114,14.044937,14.101280,14.270103,14.307571,13.969765,14.382469,14.195114,14.120049,13.838051,13.592949,13.687294,13.195625,13.043808,13.233543,13.005829,13.081795,13.950951,13.328255,13.536285,13.403954,13.819221,13.838051,13.819221,13.517403,13.819221,13.875710,13.781540,14.326302,14.138817,14.644127,14.606796,14.270103,14.588127,14.044937,14.662788,14.176346,14.176346,13.969765,14.532082,14.419891,14.176346,14.007355,13.875710,14.176346,14.157593,13.592949,13.894524,13.913338,13.743858,14.007355,14.700096,13.969765,14.195114,14.101280,14.082504,14.176346,13.800392,14.494698,14.007355,14.288834,13.555183,14.157593,13.725006,13.838051,14.082504,13.913338,14.007355,14.288834,13.800392,14.438606,14.195114,13.706154,13.800392,14.382469,14.101280,14.476006,14.044937,13.649567,14.120049,13.969765,14.026146,13.838051,13.932144,14.195114,13.838051,13.498497,14.082504,13.687294,13.932144,13.950951,14.288834,13.498497,13.762703,13.781540,13.819221,14.120049,13.725006,14.176346,14.157593,14.569450,14.756035,14.979439,14.923637,15.276436,15.775375,15.387550,16.234848,16.069710,15.646294,15.720085,15.664742,15.867470,16.326462,15.443062,15.756950,16.179840,15.996223,16.014603,15.830643,15.738518,16.161499,15.904274,16.198189,15.996223,16.910439,16.399666,16.509377,16.637184,16.454536,16.983162,16.600693,16.710136,16.764816,17.273430,17.273430,16.728371,17.164696,17.616829,17.724983,17.164696,17.454338,17.833000,17.110275,17.454338,17.291534,17.436272,17.472412,17.345833,17.616829,17.182823,17.291534,17.182823,17.724983,17.309639,17.309639,17.976807,17.508537,17.616829,17.327736,17.580750,17.182823,17.490471,17.418190,17.652901,16.964989,17.019493,17.327736,17.273430,16.783035,16.874062,17.037659,17.037659,16.509377,16.399666,16.910439,16.582436,16.234848,16.600693,16.381371,16.051353,16.509377,16.198189,15.959457,15.885872,15.812218,15.609375,15.146614,15.590912,14.811943,14.401184,13.969765,14.419891,14.513397,14.681450,14.588127,14.811943,14.438606,14.288834,14.026146,14.494698,14.625465,13.969765,13.988556,13.856880,14.251350,13.988556,13.950951,14.101280,13.762703,14.307571,14.251350,14.044937,13.913338,14.063721,14.270103,13.875710,13.592949,14.345024,14.138817,14.157593,13.913338,13.988556,13.668427,13.800392,13.536285,13.706154,14.363747,13.743858,14.588127,13.385033,13.290382,13.403954,13.328255,13.668427,13.441788,13.309326,12.414986,12.872734,
11.627853,12.910774,12.644142,12.834679,13.328255,12.625069,13.913338,13.024826,13.347183,12.948814,12.986824,12.758507,13.517403,13.385033,12.853714,13.403954,13.309326,13.630692,13.403954,13.252487,13.290382,13.498497,13.138725,12.891754,13.347183,13.043808,13.157700,13.422867,13.517403,12.891754,13.081795,13.176659,13.233543,12.663208,13.347183,13.819221,13.347183,12.986824,12.967819,13.422867,13.043808,13.536285,13.611824,13.043808,13.385033,13.328255,13.687294,13.536285,13.176659,13.252487,13.668427,13.517403,13.574066,13.422867,13.347183,13.555183,13.309326,13.233543,13.290382,13.328255,13.894524,13.630692,13.875710,14.270103,14.176346,14.063721,13.024826,13.062805,13.762703,13.138725,13.119759,13.119759,12.891754,12.204445,12.796600,12.567825,12.929794,12.891754,12.586906,12.720398,12.414986,12.166107,12.986824,13.100769,13.081795,13.290382,13.856880,13.024826,13.725006,13.214584,13.668427,13.441788,13.649567,13.536285,13.743858,13.913338,13.781540,13.819221,13.517403,13.536285,14.063721,13.781540,14.120049,14.213860,13.800392,14.101280,13.932144,13.706154,14.044937,13.988556,13.687294,14.382469,13.649567,13.932144,13.743858,13.592949,14.326302,13.271439,13.988556,13.706154,13.762703,13.894524,13.913338,13.800392,13.988556,13.687294,14.063721,14.157593,14.157593,13.781540,14.176346,13.988556,13.743858,13.969765,13.800392,14.270103,14.138817,13.932144,14.195114,14.063721,14.550774,14.044937,14.419891,14.120049,13.932144,14.026146,13.894524,14.026146,14.026146,14.382469,14.082504,13.819221,13.988556,14.007355,14.176346,13.819221,13.894524,13.328255,13.725006,13.517403,13.800392,14.213860,14.326302,14.550774,14.251350,15.016617,14.830566,15.885872,15.885872,15.812218,16.014603,16.381371,16.837654,16.436256,16.417961,16.253181,16.454536,16.253181,16.344765,16.637184,16.892258,16.326462,16.691910,16.710136,16.783035,16.964989,16.983162,16.837654,16.764816,16.837654,16.928627,16.892258,17.092117,16.874062,17.182823,17.182823,17.309639,17.219078,17.724983,17.508537,17.508537,17.868965,17.526596,18.084496,18.245766,17.779015,18.102425,17.779015,18.281563,18.174133,18.513863,17.922905,18.603035,18.370995,18.281563,18.299454,18.656494,18.138290,18.585213,18.424599,19.029732,18.567383,18.531708,18.460312,18.549545,18.478165,18.852211,18.745514,19.065178,18.406731,18.709923,18.638680,18.905502,18.603035,19.259926,18.513863,19.065178,18.620857,18.852211,18.816666,18.638680,18.709923,18.941017,18.513863,18.834435,18.567383,18.603035,18.638680,18.958771,19.029732,18.513863,18.656494,19.029732,18.745514,18.567383,18.709923,18.763306,18.370995,18.048607,18.781090,18.709923,18.263664,18.727722,18.620857,18.674309,18.674309,18.513863,18.692123,18.353111,18.620857,17.940880,18.317345,18.709923,18.317345,18.209953,18.638680,18.727722,18.478165,18.102425,18.567383,18.513863,18.317345,18.353111,18.138290,18.406731,18.174133,18.209953,18.174133,18.335236,17.994759,18.281563,18.317345,18.317345,18.138290,18.209953,18.084496,18.066551,17.958839,18.263664,18.370995,18.174133,18.066551,18.227867,17.940880,17.940880,18.120361,18.138290,18.084496,17.976807,17.940880,18.370995,17.850990,18.084496,18.138290,17.815002,18.084496,18.335236,18.192039,17.779015,17.670921,17.815002,17.454338,18.012718,17.994759,17.688942,17.363930,17.815002,17.436272,17.454338,17.345833,16.618950,16.691910,16.509377,16.051353,15.387550,15.369041,15.294960,15.128059,14.998024,14.438606,14.644127,14.532082,14.811943,14.307571,14.307571,14.288834,14.513397,14.774681,14.213860,14.569450,14.867805,14.886414,14.419891,14.513397,14.886414,14.606796,14.382469,14.326302,14.307571,14.774681,14.438606,14.737404,14.513397,14.457298,14.438606,14.213860,14.195114,14.270103,14.886414,14.288834,14.082504,14.101280,14.662788,14.288834,14.793312,14.232613,14.195114,14.513397,14.532082,14.120049,14.195114,14.288834,14.532082,14.550774,14.811943,14.213860,13.913338,14.326302,14.700096,14.288834,14.550774,14.026146,14.419891,14.326302,14.550774,14.532082,14.251350,14.419891,14.326302,14.101280,14.195114,14.157593,14.457298,14.326302,14.138817,14.044937,14.176346,13.969765,13.819221,13.517403,13.611824,13.894524,13.743858,13.555183,13.592949,13.195625,13.592949,13.517403,13.422867,13.422867,13.611824,13.328255,13.649567,14.063721,13.536285,14.101280,13.252487,14.270103,14.101280,14.288834,13.969765,14.157593,14.606796,13.913338,13.894524,14.138817,14.326302,14.457298,14.307571,14.082504,13.913338,13.687294,14.569450,14.044937,14.251350,14.101280,14.101280,14.082504,14.307571,13.762703,14.176346,13.875710,13.800392,13.743858,14.176346,14.213860,14.176346,14.270103,13.838051,14.176346,14.251350,14.288834,14.700096,13.932144,14.307571,14.232613,14.157593,14.101280,14.044937,13.838051,13.969765,14.120049,14.120049,13.950951,14.120049,14.550774,13.460693,13.875710,14.082504,13.800392,13.969765,14.101280,14.513397,13.913338,14.026146,13.517403,14.288834,13.932144,13.932144,14.082504,13.875710,13.800392,13.800392,13.687294,13.819221,13.668427,13.743858,13.932144,14.270103,14.026146,14.044937,13.913338,14.625465,14.363747,15.146614,15.239365,15.830643,15.849052,15.683197,16.253181,16.069710,15.646294,15.959457,15.793800,16.124794,16.124794,15.849052,15.885872,15.756950,15.683197,15.849052,15.830643,16.143143,16.161499,15.720085,16.271500,16.344765,16.491104,16.363075,16.509377,16.600693,16.363075,16.710136,16.600693,16.837654,16.728371,17.019493,16.655434,17.092117,17.779015,16.928627,17.327736,17.562698,17.418190,17.868965,17.472412,17.526596,17.544655,17.454338,17.616829,17.436272,17.345833,17.472412,17.508537,17.490471,17.345833,17.994759,17.652901,17.418190,18.048607,17.182823,17.418190,17.128418,17.055817,17.073982,17.164696,17.200951,16.910439,17.490471,17.490471,16.564171,16.472824,16.874062,16.746590,16.691910,16.728371,16.892258,16.673668,16.892258,16.363075,16.618950,15.941071,16.326462,15.885872,15.720085,15.276436,15.701637,15.627831,15.590912,14.774681,14.401184,14.550774,14.251350,14.774681,14.195114,14.401184,14.288834,13.913338,14.176346,14.288834,13.932144,14.737404,14.232613,13.950951,14.476006,13.988556,14.345024,13.913338,14.606796,14.363747,14.176346,13.913338,14.438606,14.457298,14.082504,14.157593,13.668427,14.007355,13.838051,14.007355,14.120049,14.138817,13.819221,13.214584,13.781540,13.214584,14.082504,13.800392,13.875710,13.119759,13.422867,13.574066,13.347183,13.119759,13.385033,13.138725,13.536285,12.720398,12.948814,12.453224,
12.319344,12.796600,12.758507,13.536285,13.290382,12.834679,13.366112,13.119759,13.024826,13.479599,13.024826,13.271439,13.119759,13.024826,13.290382,12.910774,13.875710,13.214584,12.834679,13.100769,13.043808,12.948814,12.701340,13.271439,13.479599,12.853714,12.853714,12.929794,12.529640,13.062805,13.176659,13.403954,13.062805,13.138725,13.138725,13.271439,13.024826,12.758507,13.176659,13.062805,13.176659,13.328255,13.024826,13.309326,13.081795,13.536285,13.233543,13.119759,12.872734,13.366112,13.271439,13.649567,13.195625,13.592949,13.422867,13.347183,13.894524,13.592949,13.630692,13.517403,13.988556,13.441788,13.800392,13.062805,13.271439,13.214584,13.385033,13.403954,13.119759,13.422867,12.967819,13.252487,12.853714,13.081795,12.853714,12.796600,13.119759,12.948814,12.701340,12.948814,13.157700,12.491440,12.891754,12.701340,13.252487,13.100769,13.706154,13.555183,13.290382,13.366112,13.762703,13.479599,13.781540,13.649567,13.819221,14.101280,14.157593,13.932144,13.347183,14.063721,13.592949,13.781540,14.138817,13.800392,14.251350,13.649567,13.856880,13.932144,13.611824,13.743858,14.157593,13.950951,14.026146,13.838051,13.913338,13.781540,13.630692,13.385033,13.988556,13.838051,14.251350,13.781540,13.611824,13.611824,14.138817,13.555183,14.307571,13.668427,13.969765,14.326302,13.611824,13.743858,13.743858,13.988556,13.498497,13.762703,14.007355,14.044937,14.120049,14.063721,14.082504,13.743858,13.875710,14.063721,13.725006,13.969765,13.950951,14.270103,14.044937,14.588127,13.800392,14.588127,14.532082,13.630692,13.875710,13.950951,13.819221,13.479599,13.441788,13.403954,14.101280,13.592949,14.382469,13.913338,14.681450,14.737404,15.016617,15.480049,15.535500,15.738518,16.271500,15.812218,16.509377,16.655434,16.344765,16.326462,16.088081,16.637184,16.673668,16.436256,16.819458,16.728371,16.509377,16.363075,16.710136,16.728371,16.983162,16.637184,16.764816,16.655434,16.527649,17.055817,17.073982,17.382019,17.255310,17.454338,17.400101,17.886955,17.634865,17.958839,18.299454,17.382019,18.084496,17.958839,17.994759,18.156204,17.976807,18.138290,18.030663,18.102425,18.424599,17.994759,18.353111,18.263664,18.531708,18.567383,18.638680,18.620857,18.299454,18.424599,18.798882,18.638680,18.424599,18.335236,18.549545,18.709923,18.941017,18.852211,18.638680,18.460312,18.905502,19.011993,18.887749,18.620857,19.153755,19.118340,19.082909,18.603035,18.549545,18.869980,18.976524,18.976524,18.781090,18.781090,19.047462,19.047462,18.852211,18.727722,18.656494,18.513863,18.798882,18.549545,18.709923,18.976524,18.317345,18.424599,18.941017,18.852211,18.727722,18.406731,18.603035,18.674309,18.923264,18.370995,18.567383,18.460312,18.620857,18.834435,18.370995,18.496017,18.370995,18.335236,18.585213,18.869980,18.674309,18.227867,18.513863,18.727722,18.674309,18.460312,18.834435,18.335236,18.245766,18.353111,18.317345,18.084496,17.833000,18.299454,18.245766,18.227867,18.138290,18.174133,18.335236,18.227867,18.174133,18.620857,18.656494,18.370995,17.922905,17.994759,18.227867,17.940880,18.209953,18.084496,18.174133,18.048607,17.508537,18.012718,17.833000,18.102425,17.724983,18.102425,18.138290,18.209953,17.994759,17.688942,18.084496,18.281563,18.263664,18.138290,18.102425,18.227867,17.922905,17.490471,17.994759,18.030663,17.598785,17.652901,17.400101,17.019493,16.910439,16.819458,16.143143,16.014603,15.720085,15.535500,15.053780,14.886414,14.662788,14.569450,14.288834,14.307571,14.550774,14.382469,14.307571,14.867805,14.718750,14.457298,14.232613,14.288834,14.662788,14.401184,14.569450,14.588127,14.569450,14.513397,14.513397,14.419891,14.270103,14.457298,14.569450,14.513397,14.326302,14.176346,14.270103,13.913338,14.625465,14.476006,14.476006,14.681450,14.026146,14.288834,14.176346,14.044937,14.251350,14.588127,14.288834,14.082504,13.800392,14.363747,14.681450,13.725006,14.494698,14.326302,14.251350,14.101280,13.913338,14.270103,14.307571,14.326302,14.270103,14.438606,14.718750,14.026146,14.176346,14.120049,14.419891,14.345024,14.737404,14.419891,14.513397,13.875710,14.457298,14.345024,14.494698,13.668427,13.913338,14.476006,14.345024,13.762703,13.875710,13.838051,13.460693,13.762703,13.385033,14.007355,13.214584,12.948814,13.838051,13.366112,13.157700,13.271439,13.460693,13.252487,14.419891,14.120049,13.687294,14.101280,14.120049,13.668427,14.232613,13.875710,14.213860,14.513397,14.326302,14.326302,14.007355,14.494698,14.532082,14.138817,14.157593,13.838051,14.063721,14.382469,14.138817,14.270103,14.082504,13.932144,14.307571,14.326302,13.913338,14.270103,14.195114,13.913338,14.120049,14.026146,13.969765,14.382469,14.101280,13.932144,13.555183,14.026146,13.875710,13.950951,14.401184,14.270103,13.913338,14.363747,14.138817,14.288834,13.875710,14.494698,14.082504,13.725006,14.157593,14.419891,14.625465,14.101280,14.251350,13.743858,14.401184,14.307571,14.532082,14.513397,13.611824,13.838051,13.725006,13.838051,14.026146,13.781540,13.819221,13.649567,13.743858,13.913338,13.309326,13.800392,14.288834,13.725006,13.988556,14.101280,14.082504,14.270103,14.662788,14.550774,14.886414,15.553970,15.090919,15.461563,15.406059,16.014603,16.032974,15.775375,15.498535,16.179840,15.683197,16.253181,15.849052,15.756950,15.387550,15.775375,15.996223,16.032974,15.609375,16.106438,16.491104,16.381371,16.472824,16.472824,16.363075,16.764816,16.746590,16.308144,16.564171,16.928627,17.309639,16.928627,16.801247,17.363930,16.983162,17.327736,17.418190,17.200951,17.562698,17.309639,17.400101,17.634865,17.454338,17.562698,17.508537,17.490471,17.110275,17.544655,17.634865,17.055817,17.454338,17.255310,17.219078,17.472412,17.345833,17.598785,17.652901,17.237198,17.526596,17.073982,17.110275,17.073982,17.219078,17.073982,17.273430,16.728371,16.509377,17.055817,16.618950,16.964989,16.983162,16.983162,16.582436,16.874062,16.892258,16.198189,16.509377,16.710136,16.234848,15.812218,15.350533,15.646294,15.406059,15.590912,15.332008,15.535500,14.867805,14.401184,14.550774,14.382469,14.307571,14.513397,14.288834,14.382469,14.213860,14.157593,14.382469,14.288834,14.326302,14.307571,14.476006,14.232613,13.856880,14.044937,13.969765,13.950951,14.195114,14.120049,13.762703,13.743858,13.328255,14.026146,13.781540,14.195114,14.176346,14.270103,13.988556,13.856880,13.762703,14.232613,13.725006,13.347183,14.026146,13.838051,13.328255,13.894524,13.838051,13.592949,13.422867,13.687294,13.687294,13.328255,13.574066,13.328255,13.081795,12.300209,
12.089409,13.214584,12.548721,12.777557,12.605988,12.644142,13.100769,13.176659,12.701340,13.176659,13.100769,12.986824,13.005829,13.233543,13.460693,13.441788,13.195625,13.005829,13.005829,12.967819,13.062805,13.043808,13.043808,13.157700,12.948814,13.176659,12.682281,13.252487,13.119759,13.366112,13.309326,13.781540,13.081795,13.252487,13.176659,13.214584,13.081795,13.233543,13.517403,13.385033,13.347183,13.119759,13.592949,13.743858,13.555183,13.138725,13.498497,12.986824,13.498497,13.592949,14.063721,13.176659,13.403954,13.366112,13.819221,13.592949,13.725006,13.366112,13.479599,13.649567,13.913338,13.574066,13.668427,13.328255,13.668427,13.498497,13.498497,13.441788,13.157700,12.872734,13.309326,13.347183,13.157700,12.758507,12.434105,12.644142,13.214584,12.625069,12.948814,12.682281,12.948814,12.834679,12.910774,13.024826,13.252487,13.157700,13.195625,13.668427,13.819221,13.422867,13.517403,13.252487,13.781540,13.856880,13.460693,13.611824,14.138817,13.781540,13.725006,13.668427,13.762703,13.517403,14.251350,13.630692,13.403954,13.706154,13.838051,14.063721,13.743858,13.611824,14.007355,13.517403,13.819221,13.668427,13.762703,13.762703,13.894524,13.271439,13.838051,13.706154,13.649567,14.063721,13.366112,14.082504,13.838051,14.044937,14.044937,13.988556,13.668427,13.800392,14.232613,13.856880,13.894524,14.288834,14.138817,14.082504,14.232613,14.063721,14.157593,13.950951,14.251350,14.026146,14.307571,14.288834,14.232613,13.762703,13.950951,13.706154,14.176346,14.213860,14.494698,14.232613,14.232613,13.536285,14.195114,13.706154,13.913338,13.725006,14.044937,13.875710,13.555183,14.345024,14.138817,14.457298,14.960838,14.494698,14.960838,15.276436,15.609375,15.461563,16.326462,16.509377,16.655434,16.253181,16.527649,16.381371,16.436256,16.289825,16.928627,16.308144,16.472824,16.637184,16.964989,16.417961,16.436256,16.618950,16.637184,16.564171,16.983162,16.874062,16.910439,17.291534,17.092117,17.037659,17.797005,17.219078,17.508537,17.400101,17.490471,17.363930,17.815002,17.815002,17.886955,17.706970,17.706970,17.833000,18.531708,17.850990,18.102425,18.030663,18.353111,18.638680,18.012718,18.531708,18.513863,18.442459,18.674309,18.388855,18.531708,18.299454,18.496017,18.869980,18.496017,18.727722,18.852211,18.869980,18.727722,18.869980,18.941017,18.638680,18.798882,19.118340,18.478165,19.082909,19.029732,19.471832,18.923264,18.603035,18.763306,18.763306,19.029732,18.727722,18.958771,19.100624,19.065178,18.781090,19.153755,18.478165,18.923264,18.905502,19.065178,18.531708,19.047462,18.816666,19.295280,18.887749,18.923264,18.513863,18.976524,18.692123,18.531708,18.674309,18.709923,18.620857,18.692123,19.029732,18.406731,18.370995,18.745514,18.816666,18.549545,18.567383,17.976807,18.478165,18.299454,18.460312,18.869980,18.048607,18.192039,18.531708,18.603035,18.424599,18.084496,18.048607,18.209953,18.674309,18.138290,18.245766,18.066551,18.388855,18.209953,18.084496,18.353111,18.370995,18.638680,18.424599,18.317345,18.227867,18.567383,17.994759,18.192039,18.227867,17.904930,18.192039,18.299454,17.904930,18.263664,18.102425,18.192039,18.245766,17.976807,18.084496,18.281563,17.958839,18.084496,17.688942,17.904930,18.174133,18.012718,17.850990,17.779015,17.761002,18.192039,18.012718,17.761002,17.797005,18.066551,17.616829,17.363930,17.454338,16.801247,16.436256,16.326462,16.106438,16.014603,15.239365,15.387550,14.960838,15.016617,14.793312,14.718750,14.662788,14.288834,14.476006,14.382469,14.606796,14.625465,14.886414,14.793312,14.681450,14.662788,14.326302,14.569450,15.350533,14.382469,14.438606,14.476006,14.101280,14.569450,14.195114,14.457298,14.232613,14.082504,14.401184,14.157593,14.157593,14.382469,14.101280,13.950951,14.476006,14.063721,14.026146,14.532082,14.700096,14.401184,14.270103,14.532082,13.988556,14.176346,14.550774,14.476006,13.781540,14.419891,14.044937,14.007355,14.681450,14.401184,14.401184,14.700096,14.195114,14.625465,14.232613,14.494698,14.644127,14.251350,14.550774,14.363747,14.270103,14.101280,14.606796,14.251350,14.345024,14.363747,14.138817,14.513397,14.588127,14.476006,13.819221,13.838051,14.213860,13.950951,13.498497,13.043808,13.498497,13.347183,13.062805,13.630692,13.233543,13.195625,13.517403,13.574066,13.366112,13.611824,13.498497,13.517403,13.875710,13.988556,13.762703,13.611824,13.838051,14.213860,14.101280,14.401184,14.307571,14.007355,14.419891,14.213860,13.988556,13.969765,14.157593,14.213860,14.270103,14.382469,14.120049,13.894524,14.288834,14.550774,13.875710,14.251350,13.819221,14.044937,14.138817,14.044937,14.120049,13.687294,14.476006,14.120049,13.894524,14.138817,13.856880,14.588127,14.550774,14.157593,13.969765,13.875710,13.894524,13.913338,14.138817,14.419891,14.232613,14.195114,14.101280,14.101280,14.082504,13.800392,13.743858,14.213860,14.232613,14.176346,13.725006,14.044937,14.176346,14.063721,13.706154,14.176346,13.611824,13.969765,13.687294,14.026146,13.894524,14.063721,13.385033,14.044937,13.687294,13.819221,13.441788,13.555183,13.517403,13.838051,13.913338,13.988556,14.419891,14.213860,14.811943,15.350533,15.128059,15.313492,15.867470,15.683197,15.461563,15.849052,15.701637,15.461563,16.051353,15.775375,15.996223,15.867470,15.849052,16.106438,16.051353,15.904274,16.308144,16.106438,16.216530,16.381371,16.069710,16.216530,16.234848,16.691910,16.253181,16.234848,16.234848,16.910439,16.564171,17.128418,16.892258,16.746590,16.801247,17.110275,17.092117,16.910439,17.255310,17.273430,17.164696,17.779015,17.182823,17.327736,17.454338,17.110275,17.382019,17.868965,17.400101,17.688942,17.182823,17.472412,17.309639,17.598785,17.436272,17.418190,17.526596,17.418190,17.200951,16.928627,17.309639,17.418190,16.855865,17.255310,17.345833,17.164696,17.291534,17.164696,16.582436,17.291534,16.964989,16.673668,16.655434,16.527649,16.928627,16.618950,16.527649,16.253181,16.399666,16.673668,15.977844,15.977844,15.885872,15.369041,15.276436,15.461563,15.053780,14.830566,14.532082,14.101280,14.232613,14.270103,14.120049,14.307571,13.894524,14.044937,14.476006,14.288834,13.988556,14.662788,14.213860,14.345024,14.382469,13.875710,13.856880,13.894524,14.401184,14.476006,13.479599,14.345024,14.326302,14.401184,14.026146,13.574066,13.913338,14.326302,14.063721,13.856880,14.345024,13.875710,14.213860,13.725006,13.725006,13.441788,13.536285,13.290382,13.950951,13.138725,13.328255,13.441788,13.366112,13.328255,13.290382,13.536285,13.062805,13.138725,13.043808,
11.935799,11.608574,12.586906,12.644142,12.815643,12.682281,13.328255,13.347183,13.819221,13.611824,13.005829,13.138725,13.043808,13.062805,13.290382,13.252487,13.119759,13.024826,12.777557,12.758507,13.195625,12.986824,13.460693,13.119759,12.472336,13.081795,13.517403,12.815643,13.838051,13.309326,13.460693,13.214584,13.498497,12.739456,13.138725,13.138725,13.479599,12.910774,12.986824,13.536285,13.233543,13.611824,13.043808,13.725006,13.479599,13.100769,13.347183,13.574066,13.819221,13.290382,13.762703,12.929794,13.630692,13.498497,13.668427,13.687294,14.044937,13.479599,13.233543,13.422867,13.403954,13.950951,13.592949,13.081795,13.668427,13.081795,13.385033,13.460693,13.195625,13.157700,13.385033,12.834679,12.777557,12.796600,12.796600,12.986824,12.625069,12.663208,12.453224,12.815643,12.720398,12.796600,13.138725,13.062805,12.948814,13.195625,13.214584,13.233543,13.366112,13.403954,13.138725,13.536285,13.725006,13.479599,14.007355,13.725006,13.932144,13.781540,14.026146,13.592949,13.819221,14.138817,14.044937,13.611824,13.743858,13.969765,14.044937,13.687294,13.649567,13.687294,13.630692,13.950951,13.611824,14.026146,13.838051,13.630692,14.232613,14.232613,14.026146,13.838051,14.120049,13.762703,13.743858,13.555183,13.743858,13.385033,14.101280,13.988556,13.668427,13.725006,13.932144,14.138817,13.988556,14.213860,13.988556,13.819221,13.479599,13.950951,14.157593,14.101280,14.007355,14.026146,14.213860,13.856880,14.270103,13.950951,14.251350,14.101280,14.401184,14.382469,14.307571,13.969765,13.574066,14.044937,13.668427,14.044937,13.781540,13.913338,13.668427,13.138725,14.101280,14.138817,14.550774,14.251350,14.532082,15.072350,15.239365,15.257896,15.590912,16.051353,15.756950,16.527649,16.399666,16.600693,16.381371,16.289825,16.491104,16.326462,16.491104,16.582436,16.600693,16.728371,16.673668,16.673668,16.344765,16.363075,16.655434,16.837654,16.964989,16.655434,16.892258,16.837654,16.837654,17.345833,17.128418,17.309639,17.670921,17.562698,17.544655,17.363930,17.833000,17.742996,17.797005,17.526596,17.994759,17.779015,18.388855,18.370995,18.084496,18.442459,18.084496,18.263664,18.549545,18.281563,18.531708,18.209953,18.424599,18.209953,18.496017,18.620857,18.727722,18.674309,18.976524,18.567383,18.460312,18.781090,18.923264,18.496017,19.295280,18.816666,19.118340,18.852211,19.082909,19.118340,18.781090,18.976524,18.852211,18.941017,18.834435,19.082909,19.153755,18.941017,18.745514,18.692123,18.852211,18.798882,18.317345,18.727722,18.923264,18.941017,18.603035,18.941017,18.923264,18.816666,19.029732,18.816666,18.834435,18.406731,19.029732,18.513863,18.585213,18.549545,18.976524,18.299454,18.763306,18.549545,18.585213,18.370995,18.281563,18.798882,18.638680,18.066551,18.478165,18.496017,18.406731,18.709923,18.549545,18.781090,18.317345,19.100624,18.549545,18.227867,18.388855,18.585213,18.745514,18.781090,18.388855,17.976807,18.460312,18.370995,18.012718,18.084496,18.299454,18.424599,17.868965,18.745514,18.263664,18.084496,18.335236,18.388855,18.174133,18.209953,18.353111,17.833000,17.958839,18.245766,18.245766,18.138290,18.048607,18.102425,18.281563,18.209953,17.797005,17.833000,17.904930,17.940880,17.994759,17.850990,17.868965,18.030663,18.084496,18.012718,17.850990,17.742996,18.048607,17.958839,17.833000,17.652901,17.508537,17.580750,16.892258,16.527649,16.454536,16.179840,15.738518,15.424561,15.424561,15.498535,14.662788,14.811943,14.569450,14.401184,14.213860,14.625465,14.793312,14.718750,14.756035,14.438606,14.438606,13.950951,14.700096,14.532082,14.588127,14.662788,14.195114,14.494698,14.438606,14.513397,14.326302,14.438606,13.838051,14.307571,14.438606,14.363747,14.363747,14.569450,13.894524,14.476006,14.195114,14.644127,13.932144,13.894524,13.932144,14.326302,14.288834,13.875710,14.157593,13.932144,14.063721,14.157593,14.457298,14.157593,14.307571,14.101280,14.513397,13.988556,14.345024,14.232613,14.251350,14.363747,14.718750,13.969765,14.588127,14.270103,14.494698,14.176346,14.082504,14.419891,14.588127,14.120049,14.476006,14.044937,14.569450,14.700096,14.288834,14.157593,14.195114,14.270103,14.195114,14.270103,14.101280,13.687294,13.706154,13.574066,13.479599,13.024826,12.929794,13.366112,13.498497,13.157700,13.460693,13.649567,13.800392,13.913338,13.649567,13.649567,14.157593,13.668427,13.913338,14.270103,14.063721,14.195114,14.625465,13.762703,13.875710,14.476006,14.288834,14.288834,13.969765,14.082504,14.044937,14.101280,14.326302,14.195114,13.800392,14.120049,14.082504,13.706154,14.288834,13.630692,13.800392,14.138817,13.894524,14.195114,14.176346,13.781540,13.913338,13.950951,13.988556,13.875710,13.969765,13.592949,14.326302,13.838051,14.307571,14.363747,13.913338,14.326302,14.251350,13.536285,14.700096,13.856880,13.743858,13.913338,13.988556,14.288834,14.232613,14.176346,14.101280,13.611824,14.419891,13.950951,14.026146,14.101280,14.007355,14.382469,13.781540,14.157593,13.498497,13.687294,13.630692,14.026146,13.988556,13.441788,13.479599,13.290382,13.630692,13.498497,13.668427,13.649567,14.345024,14.288834,14.886414,14.923637,14.979439,15.109489,15.627831,15.996223,15.885872,15.904274,16.088081,15.904274,15.959457,15.517014,16.253181,16.344765,15.922668,16.088081,16.032974,16.582436,15.959457,15.885872,15.590912,16.326462,15.941071,16.289825,15.867470,16.234848,16.216530,16.855865,16.874062,16.673668,16.801247,16.363075,16.545914,17.073982,16.892258,16.710136,17.164696,16.983162,17.019493,17.382019,17.146553,17.200951,17.688942,17.598785,17.418190,17.182823,17.345833,17.670921,17.237198,17.670921,17.815002,17.200951,17.652901,17.219078,17.742996,17.400101,17.164696,17.598785,16.855865,17.850990,17.454338,17.128418,17.273430,17.418190,16.964989,17.508537,17.073982,16.618950,16.910439,16.271500,16.746590,16.874062,16.436256,16.691910,16.837654,17.037659,16.600693,16.179840,16.399666,16.179840,16.381371,15.387550,15.498535,15.461563,15.572441,15.738518,15.146614,14.737404,15.072350,14.532082,14.232613,14.830566,13.668427,14.457298,13.894524,14.195114,14.363747,14.270103,14.867805,14.307571,14.363747,14.251350,14.176346,14.007355,13.950951,14.457298,13.894524,14.457298,14.213860,14.513397,14.063721,14.307571,14.382469,14.101280,13.950951,13.781540,13.875710,13.441788,14.101280,13.856880,14.101280,13.290382,14.288834,13.649567,13.781540,13.781540,14.082504,13.214584,13.630692,13.043808,13.875710,13.252487,13.309326,13.195625,13.422867,13.536285,13.214584,12.929794,
11.858910,12.929794,12.815643,12.948814,13.214584,13.271439,13.062805,13.309326,12.834679,14.026146,12.929794,13.176659,13.328255,12.548721,13.969765,13.176659,12.929794,13.233543,13.005829,13.574066,13.592949,13.347183,13.176659,13.611824,13.214584,13.347183,13.347183,13.062805,13.043808,13.195625,13.611824,13.271439,13.081795,13.100769,13.195625,13.290382,13.441788,13.385033,13.460693,13.081795,13.157700,13.157700,13.005829,13.328255,13.347183,13.460693,13.574066,13.498497,13.536285,13.536285,13.024826,13.214584,13.385033,13.988556,13.517403,13.743858,13.271439,13.668427,13.441788,13.252487,14.007355,13.403954,13.630692,13.762703,13.781540,13.271439,13.630692,13.005829,13.366112,12.986824,13.214584,12.834679,13.005829,12.853714,13.062805,12.414986,12.605988,12.166107,13.005829,12.815643,12.948814,13.176659,13.214584,13.043808,13.176659,13.043808,12.929794,13.687294,13.517403,13.611824,13.555183,13.762703,13.328255,13.950951,13.781540,13.649567,14.251350,13.838051,13.762703,14.044937,13.838051,13.950951,14.026146,13.706154,13.555183,13.894524,13.950951,13.856880,13.913338,13.800392,13.517403,13.743858,13.630692,13.422867,13.743858,14.232613,13.668427,13.781540,13.668427,13.536285,13.800392,13.762703,14.213860,13.498497,13.574066,13.687294,14.251350,13.592949,14.157593,14.026146,13.932144,14.007355,13.875710,14.270103,14.157593,14.270103,13.875710,13.762703,14.213860,13.856880,14.176346,14.213860,13.856880,13.838051,14.063721,13.875710,14.326302,13.988556,13.668427,14.195114,14.270103,13.988556,14.195114,13.838051,13.574066,13.706154,13.762703,13.762703,13.838051,13.328255,14.157593,14.232613,14.382469,14.681450,14.774681,14.700096,14.793312,15.941071,15.517014,16.198189,16.051353,16.069710,16.161499,16.363075,16.308144,17.092117,16.545914,16.819458,16.527649,16.436256,16.582436,16.783035,16.728371,16.946808,16.564171,16.964989,16.801247,16.746590,16.855865,16.946808,16.746590,16.910439,17.382019,17.273430,16.819458,17.309639,16.728371,17.382019,17.742996,17.418190,17.815002,17.490471,17.634865,17.833000,18.102425,17.958839,18.156204,17.688942,18.245766,18.656494,18.317345,18.227867,18.424599,18.406731,18.370995,18.887749,18.406731,18.763306,18.727722,18.281563,18.531708,18.620857,18.478165,18.798882,18.923264,18.513863,18.798882,18.513863,18.745514,19.330627,18.941017,18.727722,19.011993,18.585213,18.994255,18.727722,18.727722,18.781090,18.763306,18.674309,18.692123,19.029732,18.709923,18.496017,19.047462,18.923264,19.065178,19.047462,18.549545,18.656494,19.330627,18.798882,18.976524,18.781090,18.852211,18.656494,18.531708,18.620857,18.442459,18.460312,18.620857,18.317345,18.424599,18.727722,18.567383,18.478165,18.478165,18.460312,18.442459,18.245766,18.692123,18.370995,18.531708,18.174133,18.406731,18.603035,18.299454,18.478165,18.620857,18.192039,18.620857,18.424599,18.227867,18.209953,18.442459,18.406731,18.299454,18.549545,18.745514,18.209953,18.353111,18.709923,18.781090,18.478165,18.138290,18.531708,18.227867,18.335236,18.281563,18.012718,18.192039,18.442459,18.424599,18.138290,18.263664,18.156204,18.317345,18.156204,18.335236,17.904930,17.886955,18.317345,18.281563,17.994759,17.868965,18.317345,18.370995,18.245766,17.958839,18.066551,18.370995,18.066551,17.886955,18.102425,17.958839,17.850990,17.886955,17.652901,17.200951,17.037659,17.182823,17.001335,16.454536,16.124794,15.941071,15.775375,15.257896,15.202286,14.886414,14.886414,14.700096,14.494698,14.588127,14.251350,14.476006,14.588127,14.700096,14.457298,14.793312,14.288834,14.700096,14.550774,14.569450,14.625465,14.382469,14.438606,14.737404,14.251350,14.886414,14.401184,14.606796,14.438606,14.606796,14.007355,14.494698,14.363747,14.251350,14.625465,14.176346,14.419891,14.288834,14.513397,14.401184,14.307571,13.988556,14.438606,14.026146,13.894524,14.120049,14.494698,13.932144,14.101280,13.894524,14.232613,14.101280,14.288834,14.326302,14.307571,14.288834,14.345024,14.363747,14.232613,14.251350,13.988556,14.138817,14.419891,14.345024,14.307571,14.195114,14.569450,14.644127,14.662788,14.326302,14.382469,14.157593,14.867805,14.138817,13.856880,13.800392,13.838051,14.345024,13.611824,13.725006,13.517403,13.062805,13.271439,12.986824,13.290382,13.479599,13.328255,13.611824,13.800392,13.138725,13.649567,13.856880,13.969765,14.138817,13.555183,13.422867,14.345024,13.856880,14.438606,14.101280,14.232613,14.457298,14.063721,13.913338,14.063721,14.494698,14.101280,14.251350,14.063721,14.213860,13.988556,14.213860,13.574066,13.913338,14.044937,13.950951,14.195114,13.988556,13.950951,14.120049,14.494698,13.838051,14.476006,13.687294,13.668427,14.063721,13.950951,14.382469,14.063721,13.800392,14.195114,14.195114,14.251350,14.044937,14.120049,14.363747,13.743858,13.687294,14.120049,13.838051,14.195114,14.120049,14.363747,13.422867,14.044937,13.536285,13.950951,14.213860,14.326302,14.345024,13.611824,14.513397,13.969765,13.574066,14.082504,13.875710,13.043808,14.270103,13.819221,13.517403,13.668427,13.687294,13.611824,13.706154,13.517403,13.233543,14.007355,14.681450,14.438606,14.886414,14.923637,15.313492,15.590912,15.646294,15.590912,16.198189,15.959457,16.143143,15.498535,15.885872,15.756950,16.308144,16.106438,15.867470,15.904274,15.793800,16.014603,16.051353,15.775375,16.253181,16.234848,16.637184,16.399666,16.582436,16.234848,16.964989,16.509377,15.996223,16.600693,17.019493,16.910439,16.691910,16.819458,17.037659,17.418190,17.418190,17.291534,17.779015,17.055817,17.490471,17.616829,17.110275,17.508537,17.128418,17.382019,17.363930,17.490471,17.976807,17.508537,17.146553,17.164696,17.652901,17.273430,17.544655,17.562698,17.472412,17.454338,17.779015,17.219078,17.382019,17.182823,17.164696,17.345833,17.363930,16.819458,16.946808,17.001335,16.472824,16.983162,16.417961,16.910439,16.801247,16.874062,17.037659,16.472824,16.819458,16.946808,16.436256,16.545914,16.892258,16.289825,16.014603,16.051353,15.443062,15.830643,15.332008,14.979439,14.774681,14.998024,14.401184,14.213860,13.950951,14.569450,13.838051,14.232613,14.419891,14.232613,14.326302,14.438606,14.457298,14.569450,14.120049,14.176346,13.969765,13.950951,14.082504,14.007355,14.176346,13.875710,14.213860,13.838051,14.270103,14.288834,13.517403,14.307571,13.969765,14.457298,14.026146,13.649567,13.706154,13.649567,13.894524,13.969765,13.913338,14.101280,13.611824,13.081795,13.932144,13.743858,13.479599,13.214584,12.910774,13.176659,13.574066,13.176659,12.929794,12.872734,
12.281059,12.586906,12.891754,12.834679,13.498497,13.214584,13.176659,12.986824,13.290382,12.777557,12.891754,13.800392,13.119759,12.777557,12.815643,13.422867,13.592949,12.720398,13.441788,12.338478,13.555183,12.529640,13.214584,12.739456,13.517403,13.043808,13.138725,13.138725,13.366112,13.119759,13.479599,12.986824,13.214584,13.195625,12.948814,13.309326,13.668427,13.517403,13.119759,13.100769,13.687294,13.233543,13.233543,12.929794,13.649567,13.347183,13.555183,13.347183,13.819221,13.252487,13.290382,13.290382,13.233543,13.536285,13.328255,13.271439,13.460693,13.743858,13.252487,13.517403,13.479599,13.725006,13.347183,13.366112,13.762703,13.214584,13.555183,13.271439,12.872734,13.290382,13.005829,13.403954,12.967819,12.796600,12.644142,12.796600,12.644142,12.644142,13.024826,12.644142,12.891754,12.567825,12.967819,12.758507,12.891754,13.024826,13.176659,13.176659,13.668427,13.800392,13.762703,13.611824,13.630692,13.290382,13.441788,13.611824,13.762703,13.611824,14.044937,13.366112,13.611824,13.498497,14.063721,13.649567,13.479599,13.743858,13.988556,13.894524,13.706154,13.932144,13.913338,13.706154,13.969765,14.044937,13.969765,13.913338,14.176346,13.706154,13.460693,13.574066,13.913338,13.649567,14.026146,13.894524,13.932144,13.517403,13.838051,14.438606,14.213860,13.649567,13.819221,13.498497,14.232613,13.781540,13.969765,14.101280,14.007355,13.725006,13.913338,13.668427,13.988556,14.345024,13.762703,13.800392,14.082504,14.326302,13.988556,13.781540,14.157593,13.875710,14.176346,14.082504,14.157593,14.007355,13.894524,13.819221,13.592949,13.668427,13.819221,14.307571,13.838051,13.950951,14.419891,14.457298,15.053780,14.923637,14.998024,15.350533,15.294960,15.664742,16.179840,15.977844,16.564171,16.363075,16.509377,16.509377,16.417961,16.673668,16.764816,16.582436,16.472824,16.216530,16.600693,16.655434,16.637184,16.509377,16.691910,16.746590,16.910439,17.055817,17.073982,16.837654,17.001335,16.892258,17.219078,17.001335,16.874062,17.001335,17.724983,18.030663,17.400101,17.779015,17.922905,17.761002,17.706970,18.030663,18.513863,17.994759,17.976807,18.066551,18.513863,18.299454,18.299454,18.317345,18.603035,18.174133,18.603035,18.763306,18.923264,18.994255,18.585213,18.585213,18.958771,18.727722,18.531708,18.852211,18.976524,19.029732,18.585213,18.763306,19.029732,18.923264,19.595184,18.976524,19.242241,19.011993,18.923264,18.887749,18.905502,18.816666,18.905502,18.513863,18.976524,18.958771,18.692123,19.224541,18.460312,18.370995,18.852211,18.603035,19.029732,18.994255,18.692123,18.442459,19.136055,18.460312,18.638680,18.638680,18.406731,18.869980,17.976807,18.192039,18.353111,18.138290,18.209953,18.567383,18.531708,18.781090,18.281563,18.603035,18.674309,18.638680,18.692123,18.406731,19.029732,18.245766,18.281563,18.656494,18.209953,18.745514,18.638680,18.638680,18.460312,18.460312,18.692123,18.709923,18.674309,18.388855,18.513863,18.299454,18.192039,18.066551,18.263664,18.227867,18.138290,18.281563,18.442459,18.281563,18.406731,18.138290,18.245766,18.156204,18.209953,18.084496,18.030663,18.317345,18.245766,18.174133,18.174133,18.156204,18.066551,17.994759,18.192039,18.012718,17.742996,18.281563,17.761002,17.670921,18.299454,18.066551,18.138290,17.797005,18.084496,18.138290,17.706970,18.066551,17.797005,17.797005,17.598785,17.291534,17.255310,16.454536,16.381371,16.198189,15.830643,15.572441,15.128059,15.035194,14.774681,14.700096,14.718750,14.438606,14.494698,14.232613,14.401184,14.588127,14.476006,14.176346,14.401184,14.793312,15.128059,14.606796,14.176346,14.849190,14.700096,14.438606,14.662788,14.569450,14.513397,14.007355,14.382469,14.513397,14.662788,14.326302,14.811943,14.120049,14.476006,14.513397,14.438606,14.419891,14.082504,14.270103,14.326302,14.195114,14.363747,14.120049,13.762703,14.513397,14.363747,13.838051,14.082504,14.176346,13.762703,13.988556,14.457298,14.681450,14.082504,14.307571,14.213860,14.270103,14.401184,14.044937,14.326302,14.251350,13.950951,14.438606,14.288834,14.345024,14.438606,14.063721,14.419891,14.288834,14.606796,13.969765,14.494698,14.644127,14.138817,14.288834,14.363747,14.026146,14.101280,13.517403,13.781540,12.967819,13.913338,13.479599,13.441788,13.536285,13.385033,13.214584,12.986824,13.422867,13.950951,13.422867,13.668427,13.819221,13.536285,13.838051,13.743858,13.668427,13.969765,14.793312,14.569450,14.101280,13.875710,14.438606,14.026146,13.838051,14.513397,13.875710,14.569450,14.363747,14.138817,13.856880,14.195114,14.063721,14.082504,13.969765,14.157593,14.026146,14.044937,13.894524,14.251350,14.550774,14.120049,14.288834,14.044937,14.307571,14.401184,13.894524,14.213860,14.251350,14.326302,14.232613,13.894524,14.382469,13.875710,13.781540,13.875710,13.856880,13.875710,14.082504,14.007355,14.345024,14.120049,14.345024,13.988556,13.950951,13.894524,14.157593,13.611824,13.969765,13.725006,14.082504,13.668427,13.725006,13.913338,13.347183,13.592949,13.950951,13.687294,13.309326,13.630692,13.630692,13.100769,13.875710,13.950951,13.969765,13.875710,14.176346,13.969765,14.176346,14.756035,15.016617,14.811943,15.332008,15.590912,15.387550,15.535500,16.198189,15.332008,16.051353,16.289825,16.143143,15.885872,15.313492,15.996223,15.885872,15.793800,15.664742,16.106438,16.454536,16.179840,16.051353,16.051353,16.308144,16.545914,16.436256,16.637184,16.198189,16.783035,16.472824,17.073982,16.801247,17.019493,17.092117,16.855865,17.128418,17.019493,17.219078,17.472412,17.454338,17.454338,17.580750,17.128418,16.874062,17.472412,17.291534,17.652901,17.092117,17.418190,17.400101,17.309639,17.400101,17.255310,17.724983,17.382019,17.418190,17.055817,17.833000,17.400101,17.164696,17.598785,17.073982,16.964989,17.363930,16.801247,16.855865,17.055817,17.037659,16.691910,17.146553,16.874062,17.146553,16.655434,16.344765,16.655434,16.746590,16.363075,16.564171,16.271500,16.124794,16.710136,16.124794,15.922668,15.849052,16.289825,15.959457,15.053780,14.886414,14.979439,14.026146,14.363747,13.950951,14.138817,14.419891,13.649567,14.251350,13.988556,14.700096,13.988556,14.307571,14.270103,13.950951,14.756035,13.875710,14.044937,13.875710,14.476006,14.345024,13.950951,13.819221,13.932144,13.913338,14.026146,14.401184,13.668427,13.743858,13.743858,13.328255,13.555183,13.725006,13.592949,13.875710,13.932144,14.401184,13.856880,14.232613,13.460693,13.668427,14.326302,13.271439,13.574066,13.271439,14.138817,13.422867,13.460693,13.517403,13.119759,12.663208,
11.724190,12.739456,13.233543,12.414986,12.834679,12.758507,12.682281,12.891754,13.005829,13.856880,13.195625,13.271439,13.366112,12.948814,13.233543,12.815643,12.891754,13.043808,13.725006,13.157700,13.309326,13.005829,12.548721,12.605988,13.309326,13.157700,13.062805,12.758507,13.119759,13.214584,13.081795,12.872734,13.422867,13.328255,13.668427,13.422867,13.309326,13.328255,12.625069,13.403954,13.385033,13.422867,13.403954,13.649567,13.781540,13.328255,13.385033,13.328255,13.479599,13.195625,13.176659,13.800392,13.479599,13.611824,13.932144,13.725006,13.403954,13.725006,13.781540,13.195625,13.762703,13.271439,13.138725,13.347183,13.800392,13.592949,13.875710,13.081795,13.309326,12.967819,12.948814,12.967819,12.777557,12.834679,12.967819,12.815643,12.834679,13.233543,12.605988,12.510529,12.777557,12.834679,13.081795,12.739456,13.233543,13.328255,13.441788,12.967819,13.157700,13.988556,13.592949,13.913338,13.668427,13.856880,13.687294,13.762703,13.819221,13.969765,13.555183,13.932144,13.555183,13.800392,13.214584,13.932144,13.195625,13.781540,13.950951,13.913338,13.574066,13.800392,14.101280,13.403954,13.555183,13.555183,13.819221,13.649567,14.063721,13.838051,13.894524,13.969765,13.969765,13.592949,14.044937,13.950951,13.913338,13.403954,14.120049,13.781540,13.913338,13.913338,14.007355,13.932144,13.819221,13.950951,14.101280,14.007355,14.288834,13.950951,14.044937,13.988556,14.082504,14.007355,14.007355,14.345024,13.668427,13.800392,13.894524,14.120049,14.569450,13.932144,13.950951,14.157593,14.382469,13.988556,14.082504,13.630692,13.819221,13.536285,13.856880,13.687294,14.026146,14.382469,14.401184,14.644127,14.737404,14.886414,14.942238,15.332008,15.480049,15.941071,16.381371,16.837654,16.289825,16.253181,16.783035,16.143143,16.637184,16.363075,16.637184,16.491104,16.363075,16.582436,16.289825,16.527649,16.436256,16.728371,16.764816,16.344765,16.691910,16.946808,17.146553,17.309639,17.146553,17.128418,17.164696,17.001335,16.983162,17.526596,16.964989,17.940880,17.886955,17.490471,17.724983,17.706970,18.317345,17.833000,18.496017,18.281563,18.263664,18.406731,18.192039,18.209953,18.852211,18.138290,18.335236,18.406731,18.317345,18.603035,18.549545,18.513863,18.299454,18.496017,18.745514,18.781090,18.852211,18.424599,18.834435,18.496017,19.330627,18.923264,19.118340,19.171471,18.745514,18.798882,19.100624,18.727722,18.887749,18.852211,18.763306,18.798882,18.852211,18.603035,18.798882,18.763306,18.656494,18.674309,18.674309,18.478165,19.082909,18.887749,18.656494,19.065178,18.798882,18.245766,19.029732,18.478165,18.656494,18.585213,18.549545,18.335236,18.531708,18.209953,18.638680,18.263664,18.192039,18.406731,18.370995,18.745514,18.496017,18.442459,18.549545,18.834435,18.531708,19.029732,18.030663,18.460312,18.513863,18.513863,18.513863,18.030663,19.100624,18.012718,18.353111,18.727722,18.120361,18.798882,18.192039,18.102425,18.709923,17.742996,18.496017,18.460312,18.263664,18.638680,18.281563,17.761002,18.442459,18.192039,18.638680,18.567383,18.192039,18.567383,18.084496,18.227867,18.120361,18.460312,18.048607,18.353111,18.048607,18.030663,18.209953,18.012718,18.030663,18.084496,17.904930,18.120361,18.227867,17.904930,17.688942,17.850990,17.706970,17.562698,17.886955,17.815002,17.922905,17.976807,17.976807,17.797005,17.850990,17.128418,17.255310,16.673668,16.855865,16.326462,15.517014,15.553970,15.756950,15.146614,14.923637,14.550774,14.251350,14.662788,14.569450,14.569450,14.345024,14.382469,14.307571,14.793312,14.532082,14.288834,14.532082,14.457298,14.419891,14.737404,14.625465,14.326302,14.345024,14.382469,14.438606,14.606796,14.438606,14.251350,14.101280,14.457298,14.044937,14.588127,14.157593,14.345024,14.625465,14.494698,14.363747,14.157593,14.345024,13.932144,13.969765,14.007355,14.120049,14.532082,14.363747,14.401184,14.157593,14.026146,14.494698,14.176346,14.195114,13.969765,14.588127,14.438606,13.950951,14.476006,13.592949,14.138817,14.307571,14.494698,14.195114,14.382469,14.438606,14.326302,14.345024,14.251350,14.363747,14.270103,14.401184,13.838051,14.288834,14.157593,14.270103,14.026146,14.101280,13.781540,14.026146,13.800392,13.706154,13.762703,13.574066,13.422867,13.460693,13.328255,12.967819,13.517403,13.498497,13.195625,13.422867,13.138725,13.517403,13.479599,13.687294,13.592949,13.800392,13.969765,14.120049,14.326302,14.101280,14.270103,14.157593,14.195114,14.345024,14.063721,14.513397,13.969765,14.382469,14.251350,14.288834,14.176346,14.307571,13.781540,14.307571,14.157593,14.213860,14.326302,14.326302,13.988556,14.176346,13.988556,14.532082,13.988556,14.363747,13.781540,14.044937,14.063721,14.138817,14.270103,14.120049,13.781540,14.082504,14.251350,13.932144,13.856880,14.063721,14.063721,14.419891,14.157593,14.138817,14.026146,14.307571,14.438606,14.569450,14.569450,14.270103,14.026146,13.498497,13.819221,13.875710,13.838051,13.743858,14.120049,14.382469,14.082504,14.532082,13.555183,13.762703,13.668427,13.290382,13.838051,13.950951,13.875710,13.762703,13.743858,14.476006,14.026146,13.725006,14.195114,15.109489,14.737404,15.646294,15.369041,15.572441,16.289825,16.253181,15.830643,16.088081,16.032974,15.885872,16.253181,15.849052,15.775375,16.216530,16.161499,16.179840,16.326462,15.775375,15.683197,16.161499,15.941071,16.363075,16.289825,16.637184,16.436256,16.472824,16.326462,16.710136,16.783035,16.964989,16.910439,16.983162,16.928627,16.874062,17.037659,17.237198,17.055817,17.309639,17.073982,17.345833,17.418190,17.309639,17.797005,17.688942,17.598785,17.400101,17.472412,17.562698,17.128418,17.400101,17.652901,18.138290,17.833000,16.746590,17.688942,17.761002,17.182823,17.001335,17.037659,17.237198,17.400101,17.146553,16.946808,17.146553,17.490471,17.019493,17.073982,17.146553,16.910439,16.764816,16.910439,16.764816,16.837654,16.892258,16.545914,16.801247,16.509377,16.454536,16.014603,16.308144,15.885872,16.308144,15.350533,15.885872,16.253181,14.979439,14.476006,14.700096,14.438606,14.905037,14.176346,14.345024,14.737404,13.950951,14.625465,14.476006,14.195114,15.461563,13.969765,14.082504,14.063721,14.625465,14.026146,13.687294,14.270103,14.063721,13.800392,14.307571,13.649567,13.800392,13.366112,14.120049,13.649567,13.913338,13.781540,14.026146,13.574066,13.649567,14.363747,13.781540,13.969765,14.213860,13.969765,13.347183,13.271439,14.307571,13.630692,13.932144,13.856880,13.555183,13.988556,14.026146,13.403954,13.800392,13.081795,13.271439,13.081795,
11.858910,12.815643,12.395866,12.376740,13.252487,13.062805,13.100769,12.739456,13.176659,12.663208,13.309326,13.157700,13.290382,13.271439,12.853714,13.100769,12.910774,13.138725,13.366112,12.663208,13.157700,13.309326,13.328255,13.233543,13.328255,13.195625,13.385033,13.347183,12.948814,13.498497,13.176659,12.720398,13.176659,13.214584,13.290382,12.910774,13.062805,12.758507,13.460693,13.385033,13.403954,13.176659,13.498497,13.062805,13.611824,13.460693,13.195625,13.309326,13.062805,13.649567,13.309326,13.574066,13.536285,13.536285,13.385033,13.328255,14.157593,13.536285,13.743858,13.611824,13.611824,13.385033,13.574066,13.574066,13.781540,13.138725,13.214584,13.441788,12.948814,13.119759,13.024826,12.815643,12.472336,12.491440,13.081795,12.777557,12.929794,13.024826,12.910774,12.663208,12.453224,12.853714,13.138725,12.815643,13.138725,12.815643,13.176659,13.176659,13.460693,13.309326,13.856880,13.195625,13.366112,13.479599,13.856880,13.781540,13.725006,13.498497,13.800392,13.630692,13.706154,13.762703,13.687294,13.800392,13.875710,13.668427,13.762703,13.668427,13.988556,13.706154,13.856880,13.838051,13.555183,13.743858,13.460693,13.838051,13.743858,13.762703,13.668427,14.007355,14.157593,13.913338,13.894524,13.800392,13.687294,14.026146,13.894524,13.176659,13.611824,14.082504,14.120049,14.101280,13.913338,13.592949,13.932144,14.044937,13.536285,13.856880,14.345024,13.630692,14.007355,13.913338,13.366112,14.063721,14.195114,13.950951,14.120049,14.007355,14.101280,14.251350,14.213860,14.101280,14.044937,13.592949,14.251350,13.743858,13.988556,13.706154,13.800392,13.875710,13.517403,14.026146,14.157593,14.251350,14.550774,14.793312,15.257896,14.979439,15.977844,16.271500,16.527649,16.179840,16.691910,16.564171,16.673668,16.179840,16.655434,16.673668,16.600693,16.436256,16.399666,17.164696,16.710136,16.946808,16.837654,16.491104,16.928627,16.673668,16.691910,16.819458,16.892258,17.345833,17.490471,17.200951,17.200951,17.164696,17.219078,17.092117,17.706970,17.706970,17.634865,17.724983,18.174133,17.761002,17.724983,18.120361,18.138290,17.850990,18.102425,18.299454,18.120361,18.012718,18.460312,18.424599,18.460312,18.460312,18.335236,18.424599,18.496017,18.585213,18.727722,18.478165,18.549545,18.781090,19.312950,18.798882,19.206863,18.763306,19.047462,19.383614,18.905502,18.763306,19.418907,19.206863,18.941017,19.206863,18.567383,18.531708,18.923264,18.781090,18.887749,19.047462,18.923264,18.549545,19.082909,18.869980,18.852211,18.656494,18.994255,18.745514,18.585213,18.763306,18.781090,18.620857,18.656494,18.674309,18.424599,18.245766,18.174133,18.603035,18.281563,18.496017,18.852211,18.138290,18.620857,18.353111,18.460312,18.192039,18.567383,18.460312,18.638680,18.923264,18.674309,18.887749,18.887749,18.763306,18.727722,18.620857,18.585213,18.674309,18.531708,18.317345,18.299454,18.692123,18.192039,18.567383,17.940880,18.496017,18.209953,18.674309,18.513863,17.904930,18.353111,17.868965,18.209953,18.192039,18.299454,18.156204,18.335236,17.922905,18.156204,18.317345,18.192039,18.245766,18.174133,18.138290,18.048607,18.745514,18.120361,18.370995,17.994759,17.958839,17.616829,17.779015,18.012718,17.706970,17.562698,17.833000,18.066551,18.012718,17.958839,17.797005,17.922905,17.904930,17.976807,18.030663,17.436272,17.652901,17.454338,17.490471,17.237198,17.128418,16.271500,15.904274,15.664742,15.627831,15.590912,15.239365,14.905037,14.737404,14.606796,14.532082,14.606796,14.270103,14.811943,14.886414,14.867805,14.923637,14.307571,14.438606,14.195114,14.213860,14.662788,14.606796,14.588127,14.569450,14.176346,14.270103,14.157593,14.213860,14.569450,14.270103,14.213860,14.476006,14.138817,14.345024,14.270103,14.326302,14.625465,13.668427,14.176346,14.232613,14.438606,14.101280,14.288834,13.819221,14.044937,14.007355,14.101280,13.988556,14.476006,14.232613,14.007355,14.756035,14.176346,14.007355,14.026146,14.101280,14.401184,14.363747,14.345024,14.401184,14.382469,14.513397,14.345024,14.326302,13.932144,14.157593,14.213860,14.494698,14.363747,14.513397,13.969765,14.101280,14.326302,14.382469,14.157593,13.498497,13.856880,13.894524,14.026146,13.932144,13.309326,13.894524,13.441788,13.441788,13.498497,13.592949,13.347183,13.706154,13.743858,13.875710,13.347183,13.479599,13.762703,13.819221,13.950951,13.838051,13.875710,13.838051,14.044937,14.120049,14.063721,14.195114,14.345024,13.950951,14.513397,14.345024,14.288834,13.988556,14.606796,14.063721,14.213860,13.800392,14.251350,14.326302,14.419891,13.913338,14.569450,13.875710,14.176346,13.555183,14.345024,13.800392,14.513397,13.950951,13.819221,13.856880,13.630692,14.157593,13.819221,13.988556,14.213860,14.251350,13.950951,14.120049,14.007355,14.138817,13.706154,13.950951,14.213860,14.307571,14.007355,14.176346,13.838051,13.932144,13.988556,13.988556,14.307571,14.401184,13.536285,13.611824,13.668427,14.044937,14.007355,13.988556,14.176346,13.725006,13.838051,13.536285,13.894524,14.007355,13.706154,13.649567,13.195625,13.649567,13.385033,13.856880,13.875710,14.270103,14.457298,14.120049,15.090919,15.090919,15.072350,15.461563,15.849052,15.977844,15.756950,15.498535,16.106438,16.216530,16.032974,15.959457,16.253181,16.124794,16.234848,15.885872,15.830643,15.443062,16.198189,16.289825,15.977844,16.253181,15.867470,16.363075,16.545914,16.308144,16.801247,16.399666,16.946808,16.874062,16.764816,16.417961,16.691910,16.910439,17.400101,17.200951,17.110275,17.237198,17.182823,16.910439,17.670921,17.652901,17.688942,17.382019,17.345833,17.219078,17.219078,17.182823,17.724983,17.472412,17.580750,17.562698,17.562698,17.291534,17.309639,17.670921,17.164696,17.345833,17.219078,17.182823,17.526596,16.837654,17.092117,17.544655,17.200951,17.019493,17.128418,17.073982,17.182823,16.837654,16.673668,16.837654,17.164696,16.618950,17.146553,16.764816,16.032974,16.983162,16.472824,16.436256,16.618950,15.885872,15.977844,16.124794,15.498535,15.443062,15.572441,14.923637,14.438606,14.288834,14.476006,14.532082,13.875710,14.270103,14.176346,13.819221,14.326302,14.363747,14.532082,14.213860,13.875710,14.494698,14.457298,14.007355,14.419891,13.838051,14.213860,14.681450,14.232613,14.120049,14.213860,14.063721,13.819221,13.969765,14.270103,13.838051,13.875710,13.894524,14.644127,13.800392,13.894524,13.592949,14.176346,13.988556,13.800392,12.891754,13.875710,13.743858,14.157593,13.347183,13.762703,13.290382,13.592949,13.479599,13.100769,13.649567,13.157700,12.548721,
12.929794,12.796600,12.777557,12.625069,13.157700,12.739456,12.948814,13.195625,13.347183,12.739456,13.517403,13.195625,13.498497,12.986824,12.834679,12.815643,13.138725,12.758507,13.062805,12.872734,13.176659,12.872734,13.062805,13.062805,13.024826,13.043808,13.706154,13.024826,13.100769,13.138725,13.043808,12.929794,13.214584,13.460693,13.005829,13.043808,12.967819,13.214584,13.290382,13.195625,13.100769,13.271439,13.422867,12.853714,13.328255,13.328255,13.460693,13.592949,12.815643,12.701340,13.630692,13.725006,13.574066,13.592949,13.498497,13.800392,13.856880,13.422867,13.233543,13.460693,13.725006,13.838051,13.574066,13.819221,14.007355,13.024826,13.119759,13.309326,13.385033,13.347183,13.479599,12.682281,13.366112,12.910774,12.739456,12.701340,12.701340,12.948814,12.815643,12.663208,13.100769,12.720398,13.043808,13.043808,13.119759,13.309326,13.460693,13.555183,13.271439,13.138725,13.894524,13.271439,13.856880,13.498497,13.913338,13.913338,13.479599,13.630692,14.345024,13.762703,13.725006,13.856880,13.838051,13.706154,13.611824,13.838051,13.781540,13.969765,13.725006,13.819221,13.743858,13.290382,14.063721,13.592949,13.555183,13.592949,14.063721,13.743858,13.800392,14.232613,13.460693,13.838051,14.157593,13.725006,14.288834,13.875710,13.706154,13.706154,14.251350,13.706154,13.668427,14.026146,14.063721,13.725006,13.479599,14.232613,14.401184,14.007355,13.781540,13.687294,13.800392,13.630692,13.913338,13.536285,14.157593,14.063721,13.743858,13.838051,13.950951,13.969765,13.932144,14.251350,14.007355,14.026146,14.213860,13.913338,13.649567,13.366112,14.138817,13.687294,13.969765,13.988556,14.326302,14.251350,14.644127,15.016617,14.867805,15.128059,15.849052,15.756950,16.179840,16.253181,16.673668,16.454536,16.545914,16.454536,16.582436,16.363075,16.545914,16.472824,16.491104,16.472824,16.819458,17.055817,16.819458,16.983162,17.219078,16.928627,17.092117,17.182823,16.946808,17.164696,17.164696,17.291534,17.146553,17.724983,17.490471,17.182823,17.562698,17.454338,17.976807,18.048607,17.886955,17.976807,18.066551,17.940880,17.994759,17.940880,18.370995,18.263664,18.192039,18.012718,18.174133,18.317345,18.030663,18.353111,18.709923,18.638680,18.281563,18.513863,18.816666,18.496017,18.994255,18.994255,18.869980,18.816666,19.029732,18.585213,18.656494,18.745514,18.976524,19.100624,19.242241,18.958771,19.065178,18.958771,18.923264,19.047462,18.745514,19.047462,19.224541,18.816666,18.727722,18.976524,19.171471,18.816666,19.118340,18.656494,18.692123,18.834435,19.259926,18.869980,18.531708,18.727722,18.656494,18.424599,18.763306,18.745514,18.620857,18.549545,18.496017,18.727722,18.709923,18.656494,18.406731,18.816666,18.299454,18.798882,18.620857,18.531708,18.958771,18.424599,18.620857,18.958771,18.709923,19.011993,18.834435,18.994255,18.209953,18.263664,18.406731,18.887749,18.424599,18.460312,18.209953,18.531708,18.388855,18.567383,18.335236,17.850990,18.209953,18.638680,18.656494,18.585213,18.638680,18.460312,18.263664,18.887749,18.263664,18.353111,18.192039,18.227867,18.227867,18.156204,18.442459,18.299454,18.281563,18.030663,17.886955,17.779015,17.797005,18.066551,18.174133,17.958839,17.742996,17.706970,18.030663,17.976807,18.281563,18.281563,17.940880,17.670921,18.102425,18.192039,17.868965,17.761002,17.616829,17.940880,17.742996,17.182823,17.055817,16.691910,16.764816,16.161499,15.922668,15.720085,15.276436,14.830566,15.257896,14.960838,14.307571,14.774681,14.345024,14.213860,14.625465,14.532082,14.700096,14.213860,14.737404,14.476006,14.756035,14.998024,14.606796,14.550774,14.774681,14.120049,14.532082,14.044937,14.457298,14.476006,14.251350,14.457298,14.007355,14.288834,14.756035,14.157593,14.213860,14.382469,14.625465,14.438606,14.044937,14.382469,14.063721,13.838051,14.063721,14.195114,14.232613,14.138817,14.345024,14.232613,14.232613,13.950951,14.101280,14.063721,14.288834,14.345024,13.856880,14.401184,14.606796,14.307571,14.063721,13.988556,14.382469,14.363747,14.550774,14.307571,14.063721,14.532082,14.382469,14.270103,14.419891,14.345024,14.288834,14.513397,14.251350,13.668427,14.138817,14.363747,13.838051,13.725006,13.875710,14.007355,13.838051,13.592949,13.422867,13.649567,13.403954,12.967819,13.498497,13.611824,13.574066,13.800392,13.574066,13.498497,13.838051,13.725006,13.856880,14.270103,13.781540,14.157593,14.457298,13.856880,14.457298,14.681450,14.737404,14.101280,14.251350,14.026146,14.382469,13.762703,14.270103,14.326302,14.270103,13.969765,13.687294,14.213860,14.457298,14.307571,14.307571,13.950951,14.550774,13.969765,14.232613,14.232613,14.176346,14.044937,14.588127,13.403954,14.345024,14.120049,14.363747,14.157593,13.894524,13.875710,14.063721,14.063721,14.082504,14.494698,14.063721,14.213860,13.969765,14.270103,14.213860,13.894524,13.950951,13.894524,14.195114,13.932144,14.157593,13.932144,13.856880,13.969765,13.838051,14.213860,14.288834,14.026146,13.800392,14.007355,13.743858,13.932144,14.082504,13.422867,13.517403,13.271439,14.213860,13.592949,14.007355,13.309326,13.856880,13.706154,13.762703,14.737404,14.457298,14.569450,15.239365,15.146614,15.553970,16.032974,15.849052,15.553970,16.436256,15.904274,16.143143,15.332008,16.106438,15.830643,16.344765,15.572441,15.793800,15.977844,15.775375,15.756950,16.417961,16.051353,15.941071,16.417961,16.069710,16.691910,16.582436,17.092117,16.308144,17.055817,16.892258,16.964989,16.655434,17.255310,16.783035,16.746590,17.363930,17.886955,17.182823,17.345833,17.454338,16.983162,17.363930,17.255310,17.526596,17.219078,17.508537,17.472412,17.598785,17.363930,17.724983,17.291534,17.382019,17.345833,17.616829,17.526596,17.146553,17.616829,17.382019,17.400101,17.255310,17.237198,17.833000,16.837654,17.526596,17.164696,16.983162,16.783035,17.128418,16.892258,17.019493,16.819458,16.764816,16.637184,17.200951,17.219078,16.710136,17.092117,16.271500,16.673668,16.143143,15.959457,15.977844,15.627831,15.849052,15.498535,15.332008,15.035194,14.326302,15.109489,14.213860,14.681450,14.063721,14.063721,14.251350,13.988556,14.176346,14.251350,14.213860,14.476006,14.718750,14.251350,13.875710,14.232613,14.176346,14.120049,14.979439,13.649567,14.644127,14.232613,14.326302,14.157593,13.838051,14.457298,13.950951,13.687294,14.007355,14.419891,13.875710,13.800392,14.213860,13.819221,13.611824,13.894524,14.007355,12.929794,13.592949,13.592949,13.668427,13.460693,13.536285,13.460693,13.233543,13.536285,13.649567,13.233543,13.347183,12.682281,
12.051033,12.701340,12.644142,13.157700,13.138725,12.834679,13.119759,13.024826,12.872734,13.479599,13.252487,12.929794,13.366112,12.682281,13.214584,12.625069,13.366112,13.081795,13.062805,13.214584,13.309326,12.567825,12.986824,13.119759,12.986824,12.853714,13.100769,13.024826,13.460693,12.948814,13.630692,13.479599,12.777557,12.872734,13.479599,13.233543,13.138725,13.290382,13.385033,13.252487,12.967819,13.119759,13.176659,13.800392,13.366112,13.138725,13.138725,13.043808,13.574066,13.403954,13.479599,13.574066,13.555183,13.913338,13.498497,13.687294,13.347183,13.517403,13.819221,13.762703,13.819221,13.441788,13.687294,13.290382,13.875710,13.366112,13.005829,13.214584,13.328255,13.347183,13.498497,12.319344,13.119759,13.271439,12.510529,12.910774,13.119759,12.453224,12.491440,13.252487,12.434105,12.720398,13.005829,13.062805,12.739456,13.043808,13.157700,13.668427,13.422867,13.838051,13.460693,13.668427,13.762703,13.460693,13.800392,13.517403,14.026146,13.819221,13.403954,13.441788,13.517403,13.781540,13.706154,13.649567,14.101280,13.706154,14.270103,14.082504,13.592949,13.743858,13.725006,13.913338,13.725006,13.119759,13.687294,13.838051,13.630692,13.157700,13.950951,13.138725,14.363747,14.007355,13.725006,13.762703,14.138817,13.781540,13.517403,13.988556,13.988556,13.969765,14.232613,13.969765,13.988556,13.988556,13.498497,13.781540,14.270103,13.611824,13.875710,13.819221,14.251350,13.743858,13.932144,13.762703,14.120049,14.026146,13.819221,14.120049,14.476006,13.950951,13.536285,14.063721,14.044937,14.251350,13.781540,13.725006,13.441788,13.611824,13.856880,13.460693,13.913338,14.382469,14.138817,14.251350,14.588127,14.550774,15.498535,15.498535,15.646294,15.849052,16.143143,15.996223,16.289825,16.289825,16.874062,16.728371,16.509377,16.454536,16.472824,16.454536,17.037659,16.381371,16.582436,16.783035,16.837654,16.819458,16.728371,17.092117,16.874062,16.801247,16.837654,17.092117,17.092117,17.616829,17.345833,17.382019,17.526596,17.255310,17.345833,17.526596,17.670921,17.652901,18.227867,17.994759,17.850990,18.174133,17.833000,17.815002,18.335236,18.192039,17.797005,18.227867,18.424599,18.317345,18.549545,18.460312,19.029732,18.299454,18.513863,18.442459,18.709923,18.905502,18.745514,18.227867,18.923264,19.011993,19.401253,19.082909,18.727722,19.171471,18.976524,18.781090,19.047462,19.047462,19.153755,18.798882,18.994255,19.136055,18.406731,19.100624,19.082909,18.692123,18.798882,18.745514,18.923264,18.674309,19.029732,18.727722,19.029732,18.709923,18.763306,18.496017,18.781090,18.905502,18.887749,18.531708,18.692123,18.834435,18.692123,18.976524,18.406731,18.620857,18.656494,18.549545,18.496017,18.370995,18.674309,18.887749,18.620857,18.192039,18.727722,18.976524,18.763306,18.424599,19.100624,18.781090,19.330627,18.406731,18.727722,18.585213,18.656494,18.603035,18.424599,18.192039,18.513863,18.549545,18.406731,18.620857,18.603035,18.317345,18.317345,18.478165,18.335236,18.227867,18.353111,18.620857,18.335236,18.496017,18.227867,18.549545,18.335236,17.958839,18.620857,18.370995,18.692123,18.263664,18.245766,18.281563,18.263664,18.012718,18.353111,18.156204,17.886955,17.886955,18.209953,17.562698,17.815002,18.209953,18.102425,17.779015,17.815002,18.102425,18.084496,17.616829,18.585213,17.526596,18.048607,17.345833,17.688942,17.363930,16.983162,16.710136,16.509377,16.014603,15.590912,15.072350,15.313492,15.369041,15.128059,15.165176,14.569450,14.232613,14.082504,14.662788,14.307571,14.588127,14.793312,15.165176,14.849190,14.793312,14.232613,14.979439,14.700096,14.960838,14.513397,14.288834,14.867805,14.213860,14.476006,14.176346,14.251350,13.762703,14.195114,13.969765,14.382469,14.718750,14.588127,14.101280,14.288834,13.913338,14.288834,14.457298,14.644127,14.157593,14.476006,14.345024,14.251350,14.120049,14.270103,14.345024,13.913338,13.894524,13.950951,13.950951,13.875710,14.251350,14.213860,14.176346,14.251350,14.326302,14.101280,14.625465,13.800392,14.326302,14.157593,13.988556,14.138817,14.288834,14.345024,14.063721,14.532082,14.195114,14.157593,13.969765,14.513397,13.988556,14.101280,13.706154,14.157593,14.232613,13.819221,13.592949,13.252487,13.441788,13.574066,13.138725,13.252487,13.214584,13.328255,13.195625,13.366112,13.611824,13.328255,13.366112,13.913338,13.441788,13.875710,14.213860,13.630692,13.762703,13.725006,14.195114,14.513397,14.120049,14.195114,14.026146,14.101280,13.913338,14.438606,14.063721,13.894524,14.326302,13.950951,14.363747,13.988556,14.345024,14.345024,13.969765,14.326302,14.382469,14.363747,13.592949,14.326302,13.574066,14.026146,14.007355,14.044937,14.044937,13.819221,14.063721,14.401184,13.969765,13.969765,14.213860,14.063721,14.232613,14.326302,13.819221,13.856880,13.743858,13.988556,13.460693,13.988556,14.101280,13.781540,14.232613,14.176346,14.494698,14.288834,13.781540,14.007355,13.950951,13.611824,13.819221,13.366112,13.856880,13.819221,13.441788,14.026146,14.120049,13.385033,13.913338,13.743858,13.838051,13.762703,13.668427,13.574066,13.743858,13.781540,14.326302,14.345024,14.476006,14.886414,14.700096,14.960838,15.443062,15.922668,15.424561,15.646294,15.812218,16.417961,16.198189,15.941071,15.517014,16.143143,15.885872,15.849052,16.253181,15.775375,16.032974,15.701637,16.051353,16.106438,16.051353,16.509377,16.234848,15.904274,15.756950,16.271500,16.728371,16.673668,16.910439,16.618950,16.436256,16.837654,17.237198,16.874062,16.964989,17.182823,17.219078,17.436272,17.055817,17.309639,16.964989,17.146553,17.598785,17.616829,17.327736,17.526596,17.255310,17.237198,17.616829,17.508537,17.652901,17.670921,17.688942,17.291534,17.363930,17.761002,17.363930,17.400101,17.273430,17.092117,17.400101,17.688942,16.819458,17.019493,17.273430,17.146553,17.237198,16.710136,17.327736,17.110275,16.655434,16.764816,16.837654,16.874062,16.673668,16.491104,16.600693,16.106438,16.746590,16.014603,16.106438,15.609375,15.959457,15.350533,15.183723,15.443062,14.867805,15.016617,14.401184,14.419891,14.307571,14.513397,14.232613,14.288834,14.101280,14.588127,14.195114,14.063721,14.326302,14.513397,14.157593,14.363747,14.363747,13.913338,13.649567,14.307571,13.894524,13.988556,13.913338,13.969765,14.588127,13.460693,14.494698,13.988556,13.555183,14.007355,13.950951,14.213860,13.913338,14.195114,14.213860,14.138817,13.195625,13.932144,13.706154,13.290382,13.422867,13.214584,13.706154,12.948814,13.441788,13.252487,13.176659,13.214584,12.891754,12.815643,12.261917,
12.070213,12.986824,12.472336,13.043808,12.663208,12.834679,13.536285,12.986824,13.119759,13.195625,12.739456,12.815643,13.555183,12.720398,13.081795,13.005829,13.214584,13.062805,13.460693,13.176659,13.119759,12.834679,12.929794,13.062805,12.948814,13.271439,12.872734,13.195625,13.479599,13.233543,13.441788,13.119759,13.290382,13.403954,13.460693,13.024826,13.328255,12.910774,13.441788,13.385033,13.309326,13.328255,13.214584,12.948814,13.138725,13.271439,13.687294,13.441788,13.119759,13.630692,13.725006,13.176659,13.100769,13.441788,13.366112,13.347183,13.214584,13.328255,13.460693,13.932144,13.252487,13.479599,13.743858,13.290382,13.706154,13.574066,13.385033,13.574066,13.138725,13.100769,12.986824,13.062805,13.062805,13.100769,13.479599,12.281059,12.625069,12.872734,12.910774,12.548721,13.328255,12.834679,12.777557,12.872734,13.555183,13.668427,12.986824,13.043808,13.403954,13.479599,13.271439,13.574066,13.347183,13.309326,13.838051,13.630692,13.649567,13.762703,13.668427,13.762703,13.856880,13.536285,13.762703,13.950951,13.555183,13.460693,13.894524,13.555183,13.687294,13.856880,13.592949,13.555183,13.536285,13.781540,13.460693,13.574066,13.875710,13.838051,13.422867,13.441788,13.233543,13.574066,13.649567,13.649567,14.044937,13.498497,13.950951,13.875710,13.969765,14.213860,14.007355,13.233543,13.668427,13.668427,13.762703,14.120049,13.894524,13.894524,14.382469,14.007355,14.101280,13.517403,13.932144,14.063721,14.120049,14.101280,13.781540,13.743858,14.363747,14.326302,14.251350,14.195114,14.326302,13.875710,14.082504,13.441788,13.422867,13.195625,13.536285,13.856880,13.762703,14.082504,14.401184,14.569450,14.588127,14.513397,15.109489,14.998024,15.775375,16.069710,15.941071,16.399666,16.289825,16.472824,16.509377,16.216530,16.600693,16.783035,16.344765,16.728371,16.454536,16.491104,16.910439,16.710136,16.837654,16.964989,16.910439,16.928627,17.019493,16.618950,17.273430,17.073982,17.255310,17.562698,17.508537,17.598785,17.454338,17.363930,17.598785,17.526596,17.779015,17.922905,17.472412,18.048607,18.030663,17.958839,18.192039,18.335236,17.868965,18.209953,18.048607,18.245766,18.299454,18.084496,18.798882,18.174133,18.406731,19.011993,18.656494,18.496017,18.317345,18.585213,18.620857,19.047462,18.923264,18.727722,18.869980,18.905502,19.011993,18.727722,18.923264,18.745514,18.905502,18.709923,18.958771,18.834435,18.603035,18.496017,19.189156,18.496017,19.011993,18.638680,18.567383,18.496017,18.674309,18.656494,19.153755,18.781090,18.745514,18.709923,18.620857,18.709923,18.834435,18.460312,18.709923,18.709923,18.674309,19.047462,18.478165,18.335236,18.478165,18.460312,18.727722,18.406731,18.834435,18.549545,18.727722,18.781090,18.656494,19.047462,18.834435,18.941017,18.745514,18.834435,18.905502,18.781090,18.656494,18.941017,18.442459,18.442459,18.460312,18.442459,18.156204,18.709923,18.656494,18.496017,18.692123,18.424599,18.656494,18.424599,18.513863,18.709923,18.335236,18.066551,18.531708,18.245766,18.798882,18.281563,18.620857,18.478165,17.922905,18.192039,18.585213,18.317345,18.620857,18.084496,18.335236,18.478165,18.603035,18.120361,18.227867,18.424599,17.976807,18.335236,18.138290,18.138290,17.670921,17.833000,18.335236,17.761002,17.598785,17.761002,17.833000,17.580750,18.066551,18.156204,17.868965,17.562698,17.706970,17.652901,17.037659,16.271500,16.892258,16.417961,15.627831,15.701637,14.774681,15.257896,14.737404,14.326302,14.438606,14.270103,14.644127,14.476006,14.662788,14.270103,14.811943,14.438606,14.625465,14.438606,14.588127,14.232613,13.969765,14.886414,14.401184,14.513397,14.232613,14.569450,14.476006,14.513397,14.494698,14.382469,14.270103,14.157593,14.644127,13.913338,14.288834,14.345024,14.401184,14.213860,14.438606,14.401184,14.326302,14.700096,14.382469,14.532082,14.101280,14.307571,14.232613,13.838051,14.082504,13.988556,14.419891,14.326302,14.026146,14.532082,13.838051,14.288834,14.082504,14.138817,14.120049,14.101280,14.382469,14.307571,14.195114,14.007355,14.382469,14.363747,14.681450,14.101280,14.138817,14.288834,14.007355,14.681450,14.232613,14.606796,14.176346,14.044937,13.875710,13.517403,13.932144,14.007355,13.950951,13.800392,13.403954,13.366112,13.290382,13.157700,13.347183,13.441788,13.366112,13.762703,13.328255,13.309326,13.781540,13.800392,13.668427,13.460693,13.800392,13.969765,14.044937,14.157593,14.401184,14.288834,14.382469,14.157593,14.307571,14.251350,14.101280,14.401184,14.438606,14.513397,13.932144,14.345024,14.026146,14.457298,14.026146,14.063721,14.157593,13.950951,14.195114,13.894524,14.288834,14.120049,14.101280,14.176346,14.569450,13.422867,13.800392,13.932144,13.819221,14.101280,14.195114,14.063721,14.232613,13.233543,13.950951,13.856880,14.082504,13.630692,14.063721,14.157593,13.838051,13.969765,13.781540,13.725006,13.536285,13.800392,14.082504,13.649567,13.969765,13.517403,13.856880,13.611824,13.894524,13.743858,13.932144,14.101280,14.382469,13.366112,13.932144,13.479599,13.366112,13.592949,13.969765,13.385033,13.762703,14.026146,14.063721,13.706154,14.382469,14.419891,14.363747,15.072350,15.202286,15.128059,15.369041,15.664742,16.436256,15.812218,15.867470,15.904274,15.904274,16.271500,16.363075,15.849052,16.308144,16.143143,16.143143,15.720085,15.553970,15.867470,15.646294,16.399666,16.124794,15.922668,16.582436,16.069710,16.564171,17.001335,17.037659,16.527649,16.582436,16.691910,16.673668,17.001335,17.273430,17.146553,16.964989,17.073982,16.655434,17.146553,16.837654,16.910439,16.655434,17.580750,17.345833,17.436272,17.436272,17.382019,17.363930,17.345833,17.327736,17.562698,17.345833,17.598785,17.562698,17.886955,17.146553,17.400101,17.327736,17.273430,16.928627,16.837654,17.182823,17.219078,17.200951,17.092117,17.273430,17.182823,16.545914,16.855865,16.874062,16.855865,17.273430,16.673668,16.491104,16.801247,16.582436,16.764816,16.234848,16.399666,15.977844,16.308144,16.143143,15.369041,15.609375,15.257896,15.922668,14.700096,15.165176,14.288834,13.781540,14.082504,14.157593,14.998024,13.913338,14.737404,14.476006,14.588127,14.625465,14.513397,14.026146,14.532082,14.457298,14.774681,14.213860,13.838051,14.138817,14.419891,14.063721,14.550774,14.120049,14.157593,14.288834,13.630692,13.574066,14.251350,14.007355,13.913338,14.345024,13.498497,13.856880,14.082504,13.176659,13.460693,14.120049,14.120049,13.781540,13.969765,13.460693,13.214584,13.403954,13.328255,13.988556,13.856880,13.195625,13.441788,13.138725,12.701340,
11.781952,12.853714,12.891754,12.701340,12.758507,12.605988,12.777557,13.214584,12.986824,13.081795,13.043808,12.834679,13.290382,12.986824,13.441788,13.157700,13.138725,12.777557,12.625069,13.024826,13.119759,12.929794,13.233543,12.948814,13.138725,13.536285,12.948814,12.796600,13.062805,13.309326,12.796600,13.214584,13.309326,13.422867,13.043808,13.347183,12.796600,13.043808,13.706154,13.100769,13.328255,13.024826,13.005829,13.005829,13.479599,13.668427,13.403954,13.043808,13.157700,13.441788,13.856880,12.872734,13.403954,13.176659,13.592949,13.555183,13.988556,13.176659,13.574066,13.441788,13.687294,13.479599,13.781540,13.119759,13.856880,13.555183,13.309326,13.214584,13.176659,12.777557,13.157700,12.682281,12.910774,13.347183,12.834679,12.834679,12.891754,12.663208,12.872734,12.491440,12.701340,12.682281,13.062805,12.967819,13.100769,12.929794,13.498497,12.967819,13.422867,13.062805,14.044937,13.328255,13.894524,13.385033,13.762703,13.875710,13.969765,13.800392,13.800392,13.800392,13.762703,13.403954,13.969765,13.875710,13.649567,14.213860,13.403954,13.819221,13.913338,13.913338,14.063721,13.781540,13.894524,13.290382,13.725006,13.536285,13.743858,13.725006,13.969765,13.555183,13.536285,14.120049,13.969765,13.555183,14.157593,13.762703,13.725006,14.251350,13.894524,13.819221,13.517403,14.026146,13.403954,14.082504,13.894524,13.460693,14.513397,13.856880,13.950951,13.630692,13.856880,14.270103,13.800392,13.988556,14.251350,13.479599,13.762703,13.649567,13.969765,14.419891,14.232613,14.213860,13.988556,13.517403,13.422867,13.762703,13.800392,13.366112,14.026146,13.838051,14.288834,14.288834,14.213860,14.270103,14.849190,15.072350,15.313492,15.627831,15.959457,15.959457,16.308144,16.161499,16.728371,16.655434,16.271500,16.454536,16.363075,16.545914,16.710136,16.819458,16.673668,16.527649,16.710136,16.655434,16.527649,16.582436,16.618950,16.764816,17.490471,17.128418,17.237198,16.874062,16.910439,17.382019,17.562698,17.219078,17.724983,17.634865,17.761002,17.436272,17.724983,17.706970,18.156204,17.994759,18.048607,17.742996,17.779015,18.353111,18.156204,18.192039,18.370995,18.263664,18.745514,18.174133,18.227867,18.299454,18.531708,18.156204,18.745514,18.549545,18.656494,18.442459,18.887749,18.620857,19.029732,18.620857,18.727722,18.923264,19.065178,19.259926,19.065178,18.816666,19.153755,19.029732,18.353111,19.065178,18.709923,18.834435,18.585213,18.620857,18.781090,18.941017,18.869980,18.745514,18.781090,18.798882,18.442459,18.531708,19.100624,18.816666,18.905502,18.727722,18.887749,18.941017,18.442459,18.674309,18.388855,18.531708,18.887749,18.030663,18.727722,18.048607,18.424599,18.585213,18.834435,18.763306,18.263664,18.816666,18.869980,18.745514,18.709923,18.887749,18.603035,18.869980,18.958771,18.620857,18.869980,18.958771,18.869980,18.958771,18.798882,18.674309,18.531708,18.620857,18.442459,18.227867,18.424599,18.192039,18.192039,18.281563,18.620857,18.353111,18.317345,18.869980,18.852211,18.798882,18.406731,18.603035,18.281563,18.460312,18.335236,18.299454,18.460312,18.370995,18.549545,18.030663,18.709923,18.549545,18.227867,18.442459,17.886955,18.030663,17.994759,17.940880,17.797005,18.192039,17.833000,17.904930,18.299454,17.742996,18.066551,17.886955,17.886955,17.797005,17.886955,17.833000,17.868965,17.490471,17.886955,17.291534,17.001335,16.728371,16.234848,16.564171,15.738518,15.387550,15.461563,14.756035,15.090919,14.774681,14.326302,14.345024,14.345024,14.494698,14.606796,14.457298,14.382469,14.476006,14.979439,14.532082,14.606796,14.401184,14.363747,14.326302,14.213860,14.606796,14.532082,14.326302,14.476006,14.138817,13.988556,14.326302,14.157593,14.044937,14.401184,14.326302,14.307571,14.063721,14.176346,14.138817,14.120049,14.232613,14.138817,14.457298,14.476006,14.419891,14.176346,14.138817,14.588127,14.082504,14.082504,14.326302,14.213860,14.307571,13.611824,14.382469,14.195114,14.120049,14.251350,14.157593,14.438606,14.157593,14.513397,14.569450,14.288834,14.307571,14.232613,13.950951,14.401184,14.157593,13.950951,14.401184,14.662788,14.157593,14.793312,14.307571,14.176346,13.819221,13.630692,14.138817,14.307571,13.555183,13.536285,13.024826,13.706154,13.214584,13.479599,13.062805,12.986824,13.195625,13.385033,13.498497,13.574066,13.422867,13.762703,13.555183,13.347183,13.574066,13.894524,14.007355,14.101280,14.082504,14.401184,13.988556,13.894524,14.288834,13.819221,14.401184,14.532082,14.270103,14.120049,13.969765,13.950951,14.101280,14.700096,14.326302,14.157593,13.988556,13.819221,13.517403,14.101280,13.800392,14.569450,13.687294,13.781540,14.026146,14.082504,13.856880,13.932144,14.082504,14.007355,13.668427,14.101280,13.687294,14.063721,13.725006,13.781540,14.007355,14.044937,13.366112,14.063721,14.195114,13.706154,14.419891,14.063721,13.969765,14.157593,14.120049,14.326302,13.875710,13.800392,13.555183,13.988556,14.176346,13.913338,13.479599,14.550774,13.913338,14.044937,13.328255,14.007355,14.026146,13.969765,13.441788,13.725006,13.781540,14.026146,13.668427,14.138817,13.856880,14.363747,14.213860,14.438606,14.793312,15.183723,15.035194,15.535500,15.664742,16.143143,16.271500,15.738518,15.830643,16.216530,16.179840,15.517014,16.381371,15.941071,16.106438,16.326462,16.069710,15.775375,15.609375,16.472824,16.564171,16.527649,16.509377,16.436256,16.088081,16.710136,16.454536,16.271500,17.055817,16.746590,16.673668,16.289825,16.527649,17.182823,17.472412,17.219078,17.526596,17.001335,17.309639,17.092117,17.382019,17.237198,17.345833,17.634865,17.616829,17.418190,17.472412,17.472412,17.345833,17.146553,17.742996,17.418190,17.779015,17.400101,17.418190,17.526596,17.001335,17.418190,17.363930,17.110275,17.055817,17.833000,17.526596,17.273430,17.146553,17.436272,16.910439,16.764816,16.892258,16.527649,16.728371,16.399666,16.600693,16.564171,16.728371,16.436256,16.344765,16.161499,16.234848,16.363075,16.344765,15.553970,15.793800,15.553970,15.646294,14.756035,15.072350,14.532082,14.138817,14.044937,13.894524,14.063721,14.438606,14.625465,14.007355,14.157593,14.419891,14.513397,14.176346,14.326302,14.774681,14.644127,14.307571,13.894524,14.120049,14.082504,13.856880,14.550774,13.969765,15.128059,13.969765,14.176346,14.718750,13.856880,14.195114,14.213860,13.762703,13.743858,13.838051,13.611824,13.932144,14.007355,13.422867,13.875710,14.288834,13.932144,13.233543,13.574066,13.555183,13.347183,12.948814,13.498497,13.100769,13.214584,13.630692,12.777557,11.993431,
11.454193,12.166107,12.929794,13.062805,12.948814,13.309326,12.815643,12.529640,13.138725,13.252487,13.100769,13.403954,12.682281,13.252487,12.777557,13.157700,13.214584,12.948814,13.043808,13.100769,12.834679,12.682281,13.574066,13.290382,12.834679,13.062805,13.611824,12.777557,13.328255,13.024826,13.555183,12.967819,13.441788,12.834679,13.252487,13.119759,13.214584,13.555183,13.005829,13.062805,12.986824,13.290382,13.762703,12.948814,13.366112,13.309326,13.441788,13.800392,13.441788,13.157700,13.366112,13.460693,13.233543,13.574066,13.630692,13.819221,13.460693,13.894524,13.781540,13.800392,13.517403,13.328255,14.213860,13.592949,13.195625,13.290382,13.290382,13.005829,13.138725,13.252487,13.062805,12.834679,13.138725,12.548721,12.891754,12.739456,13.100769,13.081795,12.929794,12.891754,12.739456,12.777557,12.625069,13.403954,13.062805,13.024826,13.366112,13.100769,13.574066,13.309326,13.574066,13.611824,13.630692,13.819221,14.082504,13.422867,13.687294,13.649567,13.706154,13.950951,13.800392,13.687294,13.725006,13.687294,13.725006,13.706154,14.138817,13.725006,13.649567,13.043808,13.856880,13.403954,13.536285,13.875710,13.592949,13.781540,13.950951,13.932144,14.288834,13.668427,13.687294,13.422867,13.536285,13.611824,13.498497,13.687294,13.932144,13.781540,13.687294,13.479599,13.856880,13.743858,13.875710,13.838051,14.288834,13.611824,14.195114,13.743858,14.288834,13.781540,14.419891,13.950951,13.706154,13.856880,14.007355,13.894524,13.988556,13.800392,13.819221,14.307571,14.082504,14.026146,14.232613,13.687294,13.932144,13.252487,13.743858,14.120049,14.176346,13.592949,14.026146,14.326302,14.569450,14.120049,14.998024,14.044937,15.128059,15.885872,15.793800,15.664742,16.161499,15.959457,16.491104,16.491104,16.582436,16.545914,16.326462,16.673668,16.344765,16.289825,16.710136,16.417961,16.417961,16.600693,16.454536,16.509377,16.764816,17.182823,16.344765,17.363930,16.764816,17.037659,17.598785,16.892258,17.037659,17.472412,17.200951,17.454338,17.868965,17.327736,17.598785,17.761002,17.652901,17.724983,17.904930,18.192039,18.192039,18.030663,18.317345,18.424599,17.976807,18.138290,18.335236,18.048607,18.245766,18.424599,18.156204,18.816666,18.406731,18.370995,18.727722,18.299454,18.763306,18.531708,18.585213,18.567383,19.206863,18.709923,18.976524,18.709923,18.763306,18.727722,18.674309,18.976524,18.745514,18.781090,18.638680,18.620857,18.887749,18.869980,18.638680,18.531708,18.869980,18.709923,18.781090,18.585213,18.994255,18.941017,18.531708,18.674309,18.798882,18.674309,18.603035,18.745514,18.442459,18.460312,18.994255,18.923264,18.460312,18.549545,18.941017,18.763306,18.781090,18.834435,18.478165,18.388855,18.603035,18.745514,18.460312,18.478165,18.816666,18.941017,18.620857,18.674309,18.585213,18.869980,18.958771,18.941017,18.869980,18.513863,18.994255,18.353111,18.620857,18.620857,18.478165,18.798882,18.263664,18.335236,18.478165,18.513863,18.424599,18.370995,18.388855,18.460312,18.388855,18.299454,18.156204,18.174133,18.209953,18.424599,18.656494,18.102425,18.478165,18.531708,18.424599,18.084496,18.406731,18.388855,18.496017,18.209953,18.138290,18.406731,17.868965,17.850990,18.227867,18.084496,17.994759,17.850990,18.227867,17.976807,18.012718,17.940880,18.388855,17.994759,17.797005,18.120361,18.012718,17.436272,17.273430,17.454338,16.764816,16.545914,16.837654,16.234848,15.646294,14.998024,15.035194,15.257896,14.905037,14.606796,14.644127,14.438606,14.737404,14.588127,15.090919,14.457298,14.532082,14.457298,14.494698,14.363747,14.176346,14.326302,14.082504,14.438606,14.756035,14.326302,13.932144,14.345024,14.718750,14.063721,14.774681,14.606796,14.569450,14.213860,14.326302,13.969765,14.569450,14.550774,14.288834,13.819221,13.649567,14.007355,14.044937,13.800392,13.894524,14.363747,13.894524,14.026146,14.044937,13.988556,14.026146,14.345024,14.457298,13.950951,14.288834,13.913338,14.494698,13.856880,14.345024,14.063721,14.681450,14.700096,14.176346,14.232613,14.588127,14.101280,14.681450,14.157593,14.157593,14.213860,14.550774,14.138817,14.625465,14.476006,14.157593,14.213860,14.401184,14.494698,14.026146,14.007355,13.706154,13.894524,13.252487,13.252487,13.725006,13.005829,13.385033,13.422867,13.119759,13.819221,13.328255,13.856880,13.498497,13.725006,13.894524,13.555183,13.819221,13.687294,13.838051,13.725006,14.120049,13.838051,14.270103,14.120049,14.082504,14.213860,14.457298,13.743858,14.044937,14.157593,14.101280,14.026146,13.969765,14.157593,14.569450,14.082504,13.950951,14.251350,14.251350,14.101280,14.401184,14.101280,14.251350,13.725006,13.875710,13.932144,14.176346,14.176346,13.706154,13.875710,14.138817,13.988556,14.101280,13.932144,14.176346,13.574066,14.082504,14.063721,13.988556,13.800392,13.950951,14.007355,14.213860,13.950951,14.044937,13.856880,13.800392,14.063721,13.743858,13.988556,14.044937,13.725006,14.382469,13.819221,13.969765,14.550774,14.288834,13.856880,13.762703,14.138817,13.894524,13.574066,13.706154,13.969765,13.649567,14.044937,14.044937,14.063721,13.385033,14.307571,14.195114,14.307571,14.550774,14.793312,15.202286,15.480049,15.720085,16.106438,15.609375,16.637184,16.032974,15.941071,15.867470,16.289825,16.545914,15.849052,16.198189,15.885872,15.904274,16.143143,16.326462,16.161499,15.959457,16.179840,16.014603,16.564171,16.143143,16.143143,16.545914,16.582436,16.491104,17.128418,16.618950,16.892258,17.001335,17.092117,17.490471,17.073982,17.345833,17.182823,17.255310,17.309639,17.255310,17.092117,17.345833,16.618950,17.454338,17.382019,17.761002,17.164696,17.706970,17.164696,17.363930,17.219078,18.012718,17.526596,17.363930,17.164696,16.964989,17.472412,17.273430,17.562698,18.174133,17.994759,18.030663,17.200951,17.363930,17.273430,17.164696,17.037659,17.363930,16.637184,17.291534,16.928627,16.764816,16.728371,16.964989,17.237198,17.273430,16.728371,16.728371,16.655434,15.922668,15.793800,15.572441,15.812218,15.590912,15.165176,15.109489,14.774681,15.016617,14.718750,14.849190,14.401184,14.662788,14.120049,14.063721,14.756035,14.120049,14.494698,14.476006,14.007355,14.307571,14.138817,14.419891,14.606796,14.401184,14.363747,14.213860,14.063721,13.762703,14.251350,13.875710,14.419891,14.007355,13.819221,13.950951,14.120049,14.138817,13.819221,14.195114,14.063721,14.625465,13.517403,13.592949,13.781540,13.913338,13.950951,13.894524,13.762703,13.800392,13.838051,13.479599,13.630692,13.385033,13.347183,13.366112,13.441788,13.176659,12.491440,
11.935799,11.897362,12.720398,12.853714,12.986824,12.986824,12.758507,12.929794,13.043808,12.605988,12.948814,12.663208,13.271439,12.548721,13.366112,13.005829,13.460693,12.758507,13.100769,13.119759,12.986824,13.328255,12.853714,12.625069,13.024826,13.252487,13.176659,12.777557,13.460693,13.195625,13.062805,12.701340,12.834679,12.682281,13.043808,12.376740,13.328255,13.233543,13.347183,13.498497,13.328255,13.328255,13.005829,13.157700,13.403954,13.347183,13.555183,13.819221,13.517403,13.176659,13.536285,13.422867,13.252487,13.592949,13.403954,13.328255,13.743858,13.328255,13.592949,13.894524,13.649567,13.100769,14.026146,13.649567,13.309326,13.668427,13.271439,12.967819,13.366112,13.347183,13.214584,13.328255,13.157700,13.138725,12.644142,12.910774,12.185280,12.586906,12.948814,12.586906,12.796600,12.967819,13.119759,12.682281,13.290382,13.119759,13.630692,13.630692,13.875710,13.422867,13.574066,13.441788,13.555183,13.743858,14.270103,13.592949,13.894524,13.762703,13.706154,13.138725,13.611824,13.932144,14.026146,14.007355,13.800392,13.630692,13.800392,13.347183,13.611824,13.800392,13.781540,13.555183,13.498497,13.195625,13.856880,13.649567,13.913338,13.743858,13.687294,13.988556,13.498497,13.800392,13.536285,13.668427,13.988556,13.555183,13.517403,14.176346,13.819221,14.176346,14.044937,13.894524,13.762703,13.668427,13.555183,13.687294,14.063721,14.382469,13.856880,13.913338,13.819221,13.856880,13.725006,14.044937,14.270103,13.894524,13.894524,14.044937,14.326302,13.781540,14.082504,13.894524,13.743858,14.195114,13.574066,13.762703,13.743858,13.385033,13.592949,13.725006,14.195114,14.195114,14.307571,14.363747,14.942238,14.849190,15.257896,15.443062,15.276436,15.959457,16.564171,16.527649,16.618950,16.326462,16.344765,16.198189,16.545914,16.545914,16.216530,16.289825,16.363075,16.399666,16.545914,16.600693,16.673668,16.088081,16.582436,16.691910,17.001335,16.381371,16.964989,17.526596,17.001335,17.200951,17.472412,17.164696,17.363930,17.291534,17.797005,17.868965,17.670921,17.833000,17.706970,18.084496,17.958839,18.245766,18.174133,18.066551,18.048607,18.335236,18.263664,18.335236,18.460312,18.120361,18.424599,18.478165,18.424599,18.370995,18.513863,18.335236,18.798882,18.513863,18.531708,18.798882,18.620857,18.478165,18.816666,18.727722,18.745514,18.887749,18.513863,18.994255,18.692123,18.798882,18.745514,18.887749,18.781090,18.834435,18.513863,18.745514,18.496017,18.656494,18.174133,18.905502,18.638680,18.656494,18.709923,18.692123,18.656494,18.887749,18.941017,18.549545,18.923264,18.727722,18.709923,18.727722,18.834435,18.603035,18.745514,18.620857,18.531708,18.852211,18.496017,18.656494,18.656494,18.852211,18.585213,18.852211,18.763306,18.781090,19.206863,18.656494,18.869980,18.798882,19.047462,18.923264,18.976524,18.370995,18.585213,18.335236,18.388855,18.674309,18.798882,18.496017,18.102425,18.102425,18.388855,18.424599,18.442459,18.406731,18.460312,18.460312,18.299454,18.460312,18.209953,18.745514,18.442459,18.281563,18.299454,18.513863,18.335236,18.388855,18.638680,18.066551,18.549545,18.263664,18.478165,18.030663,18.245766,18.227867,18.245766,18.709923,17.652901,17.797005,17.544655,18.442459,17.886955,17.616829,18.388855,18.156204,17.706970,18.066551,17.562698,17.724983,17.922905,17.833000,18.120361,17.706970,17.904930,17.146553,17.164696,17.110275,16.855865,15.904274,15.977844,15.443062,15.424561,14.811943,14.793312,14.588127,14.550774,14.044937,14.120049,14.662788,14.532082,14.830566,14.625465,14.532082,14.625465,14.363747,14.550774,14.270103,14.307571,14.625465,14.569450,14.662788,14.419891,14.662788,14.251350,14.326302,14.382469,14.063721,14.513397,14.550774,14.270103,14.120049,14.232613,14.532082,13.894524,14.345024,14.101280,14.120049,14.138817,14.082504,14.363747,14.138817,14.120049,14.157593,13.950951,14.288834,13.932144,14.270103,14.363747,14.288834,14.345024,14.513397,14.419891,13.800392,14.138817,14.569450,14.044937,14.326302,13.195625,14.251350,14.082504,14.044937,14.438606,14.401184,13.875710,14.138817,14.195114,14.457298,14.550774,13.988556,14.195114,14.232613,14.345024,13.762703,13.630692,14.044937,13.800392,13.479599,13.913338,13.668427,13.630692,13.687294,12.929794,13.005829,13.555183,13.498497,13.479599,13.517403,13.517403,13.252487,13.366112,13.932144,13.800392,13.725006,13.838051,13.950951,14.082504,14.101280,14.532082,14.232613,13.988556,13.781540,14.363747,14.101280,14.157593,14.157593,14.476006,14.026146,14.120049,14.513397,13.800392,14.270103,14.288834,13.913338,14.195114,14.138817,14.101280,14.063721,14.063721,13.611824,13.932144,14.270103,14.176346,13.819221,14.063721,14.176346,14.382469,14.120049,14.307571,13.988556,13.574066,14.195114,13.894524,14.195114,13.743858,14.195114,13.838051,14.082504,13.988556,14.288834,14.101280,14.307571,13.856880,14.082504,13.781540,13.988556,13.555183,14.063721,13.781540,13.687294,13.875710,14.026146,13.950951,13.856880,13.894524,13.950951,13.781540,13.894524,13.592949,13.498497,13.687294,13.536285,13.856880,13.706154,13.819221,13.894524,13.422867,14.063721,14.401184,14.923637,15.239365,15.090919,15.609375,16.014603,16.216530,16.032974,15.922668,15.461563,16.069710,15.977844,16.253181,15.720085,16.069710,15.867470,15.793800,16.088081,15.922668,16.051353,16.326462,15.775375,16.014603,16.655434,16.417961,16.764816,16.216530,16.381371,16.655434,16.491104,16.673668,16.801247,16.655434,16.564171,16.946808,17.146553,17.092117,17.092117,17.472412,17.327736,17.255310,17.454338,17.182823,17.850990,17.309639,17.345833,17.544655,17.940880,17.904930,17.526596,17.652901,17.454338,17.073982,17.363930,17.742996,17.382019,17.490471,17.779015,17.237198,17.508537,17.219078,17.092117,17.652901,17.237198,17.255310,17.237198,17.237198,16.710136,17.037659,16.764816,17.291534,16.655434,16.764816,17.055817,17.055817,16.582436,17.164696,16.582436,16.363075,16.472824,16.746590,16.253181,15.922668,15.959457,15.443062,15.664742,14.494698,15.406059,15.072350,14.157593,14.044937,14.513397,14.176346,14.120049,13.460693,14.625465,13.875710,14.232613,14.326302,14.457298,14.120049,14.363747,14.457298,14.157593,14.251350,13.913338,14.382469,14.476006,14.401184,13.875710,14.830566,13.932144,14.476006,13.498497,13.668427,14.326302,14.213860,13.800392,14.176346,14.138817,14.026146,13.781540,14.326302,13.706154,13.460693,13.611824,14.363747,13.838051,13.630692,13.743858,13.875710,13.309326,13.725006,13.706154,13.460693,13.233543,13.157700,12.281059,
12.281059,12.472336,12.815643,13.119759,13.309326,12.967819,13.498497,12.701340,13.176659,13.252487,12.834679,13.252487,13.536285,13.214584,13.195625,13.176659,13.328255,13.233543,12.891754,12.853714,12.758507,13.214584,13.403954,12.739456,13.043808,12.453224,12.853714,12.986824,12.948814,13.176659,13.005829,12.910774,13.460693,13.838051,13.157700,13.347183,13.271439,13.062805,13.290382,13.555183,13.176659,13.403954,13.214584,13.119759,13.517403,13.309326,13.233543,12.739456,13.403954,13.290382,13.498497,12.948814,13.574066,13.422867,13.479599,13.214584,13.024826,13.762703,13.422867,13.214584,13.950951,13.460693,13.366112,13.100769,13.366112,13.592949,13.422867,13.290382,13.460693,12.891754,13.081795,13.233543,12.910774,12.586906,12.777557,12.701340,12.853714,13.252487,12.853714,12.815643,13.043808,12.891754,12.701340,12.777557,13.309326,13.536285,13.385033,13.347183,13.555183,13.328255,13.479599,13.762703,13.498497,13.100769,13.630692,13.932144,13.762703,13.611824,13.536285,13.649567,13.838051,13.743858,13.838051,13.649567,13.668427,13.838051,13.649567,13.536285,14.157593,13.894524,13.592949,13.403954,13.725006,13.366112,14.063721,13.725006,13.649567,13.781540,14.082504,13.969765,13.781540,13.743858,13.913338,13.517403,14.157593,13.819221,13.649567,14.044937,13.592949,13.969765,13.950951,13.988556,13.781540,13.403954,14.101280,14.007355,14.138817,13.932144,13.762703,13.894524,14.026146,14.120049,13.762703,14.288834,14.345024,14.176346,14.213860,13.800392,14.176346,14.251350,13.838051,14.007355,14.288834,13.479599,14.007355,13.479599,13.498497,13.819221,13.687294,13.725006,14.288834,13.969765,14.195114,14.569450,14.681450,15.387550,14.905037,15.517014,15.627831,15.941071,16.436256,16.399666,16.124794,16.582436,16.436256,16.014603,16.289825,16.363075,16.600693,16.582436,16.783035,16.564171,16.673668,16.436256,16.564171,16.618950,16.637184,16.801247,17.400101,16.746590,17.055817,16.964989,17.472412,17.418190,17.508537,17.526596,17.073982,17.363930,17.779015,17.382019,17.508537,17.598785,17.922905,17.382019,17.994759,17.940880,17.724983,18.227867,18.120361,18.174133,18.209953,18.138290,18.424599,18.353111,18.192039,18.478165,18.048607,18.227867,18.263664,18.549545,18.763306,18.496017,18.353111,18.245766,18.513863,18.496017,18.531708,18.763306,19.082909,19.011993,18.816666,18.709923,19.047462,18.941017,18.763306,18.994255,18.727722,18.603035,18.638680,18.227867,19.011993,18.727722,18.531708,18.656494,18.478165,18.620857,18.656494,18.620857,18.976524,18.549545,18.852211,18.549545,18.763306,18.460312,18.798882,18.531708,18.745514,18.478165,18.638680,18.763306,18.335236,18.496017,18.709923,18.887749,18.478165,18.656494,18.442459,18.958771,18.585213,18.692123,18.852211,18.478165,18.887749,18.781090,18.513863,19.153755,18.798882,18.692123,18.834435,18.869980,18.692123,18.209953,18.620857,18.192039,18.370995,18.638680,17.940880,18.531708,18.424599,18.513863,18.549545,18.353111,18.781090,18.513863,18.496017,18.209953,18.478165,18.370995,18.227867,18.603035,18.424599,18.370995,18.192039,18.727722,18.299454,18.299454,18.245766,18.549545,18.084496,18.066551,17.562698,18.012718,18.084496,18.066551,18.478165,17.904930,17.904930,17.779015,18.120361,17.976807,17.922905,17.886955,17.922905,18.227867,18.012718,17.508537,18.192039,17.706970,17.922905,17.182823,17.055817,16.819458,16.436256,16.143143,15.941071,15.701637,14.867805,15.424561,14.457298,14.718750,14.550774,14.326302,14.625465,14.382469,14.588127,14.363747,14.532082,14.457298,15.035194,14.401184,14.811943,14.288834,14.382469,15.090919,14.419891,14.082504,14.532082,14.232613,14.438606,14.681450,14.588127,14.120049,14.382469,14.232613,14.588127,14.382469,14.063721,14.007355,13.687294,14.232613,14.345024,14.569450,14.157593,14.101280,13.894524,14.345024,14.326302,13.988556,14.401184,14.251350,14.307571,14.157593,14.176346,14.588127,14.101280,13.856880,14.157593,14.063721,14.176346,13.932144,13.932144,14.213860,14.737404,14.345024,14.606796,14.157593,14.625465,14.307571,14.232613,14.457298,14.550774,14.401184,14.270103,14.532082,14.195114,13.950951,14.063721,13.969765,13.385033,13.969765,13.762703,13.385033,13.932144,13.536285,13.743858,13.668427,13.706154,13.005829,13.214584,13.498497,13.233543,13.762703,13.555183,13.875710,13.517403,13.969765,14.007355,13.441788,14.026146,14.251350,13.781540,14.457298,14.157593,14.213860,14.457298,14.026146,14.513397,14.326302,14.101280,14.345024,14.382469,14.007355,14.251350,14.213860,14.494698,13.838051,13.969765,14.270103,13.875710,14.401184,14.026146,13.950951,14.232613,14.007355,13.969765,13.706154,14.419891,14.588127,13.988556,13.856880,14.195114,14.213860,14.157593,14.120049,14.494698,13.969765,14.176346,13.762703,14.176346,14.082504,14.270103,14.026146,14.082504,14.007355,14.082504,14.401184,13.969765,14.345024,13.574066,13.781540,13.913338,14.195114,13.309326,14.063721,13.932144,13.555183,13.498497,13.819221,14.007355,13.233543,14.288834,13.743858,13.611824,13.950951,13.950951,13.422867,13.913338,13.819221,13.932144,13.894524,14.195114,14.195114,14.979439,14.979439,15.257896,15.627831,15.922668,16.032974,15.977844,16.088081,16.381371,15.683197,16.161499,16.014603,15.904274,15.867470,16.289825,15.535500,16.381371,16.143143,16.491104,15.775375,16.069710,15.793800,17.019493,16.344765,16.124794,16.637184,16.983162,16.710136,17.073982,16.600693,16.983162,16.655434,16.801247,16.637184,17.436272,17.255310,17.073982,17.508537,17.598785,16.946808,17.164696,17.382019,17.073982,17.472412,17.345833,18.138290,17.616829,17.454338,17.436272,17.327736,17.454338,17.237198,17.128418,17.200951,17.742996,17.761002,17.436272,17.472412,17.363930,17.055817,17.616829,16.910439,17.400101,17.580750,16.764816,16.691910,17.092117,17.200951,17.110275,16.710136,16.983162,16.399666,16.691910,16.637184,17.001335,16.764816,16.472824,16.527649,16.234848,16.344765,16.928627,16.106438,16.582436,16.051353,15.609375,15.738518,15.664742,14.756035,15.424561,14.569450,14.718750,14.849190,14.382469,14.532082,14.606796,14.213860,14.138817,14.569450,14.681450,14.176346,14.157593,14.457298,14.532082,14.063721,14.213860,14.195114,14.345024,14.550774,13.932144,13.894524,14.550774,14.382469,14.232613,13.969765,13.725006,14.270103,14.138817,14.345024,13.574066,13.347183,13.913338,14.138817,14.120049,14.007355,13.592949,13.460693,13.611824,13.328255,13.498497,13.800392,13.649567,13.725006,13.668427,13.762703,13.441788,14.026146,12.777557,12.281059,
12.051033,13.195625,12.948814,12.758507,13.214584,13.252487,13.252487,13.309326,13.119759,12.338478,13.157700,13.119759,13.138725,13.100769,12.872734,13.138725,12.967819,12.605988,12.815643,12.929794,13.347183,13.138725,13.611824,13.043808,13.157700,12.796600,13.271439,13.195625,12.948814,13.252487,13.271439,12.472336,13.138725,12.853714,13.233543,13.271439,13.328255,13.157700,13.460693,13.100769,13.385033,13.271439,13.517403,13.536285,13.422867,13.498497,13.536285,13.214584,13.800392,13.081795,13.062805,13.290382,13.043808,12.910774,13.706154,13.592949,13.195625,13.214584,13.290382,13.611824,13.725006,13.517403,13.555183,13.479599,13.875710,13.649567,13.290382,13.138725,13.403954,13.498497,13.214584,12.682281,13.309326,12.796600,12.967819,12.834679,13.328255,12.777557,12.510529,12.663208,12.089409,12.910774,12.872734,13.176659,12.986824,12.891754,13.024826,13.555183,13.385033,13.517403,13.875710,12.986824,14.063721,13.668427,13.950951,13.838051,13.611824,13.517403,13.460693,13.819221,13.441788,13.479599,14.101280,13.706154,13.932144,14.007355,13.875710,13.743858,14.026146,13.725006,13.725006,13.725006,13.555183,13.762703,13.706154,13.385033,13.290382,13.441788,13.668427,13.781540,13.422867,13.592949,13.913338,13.932144,13.762703,13.706154,13.875710,13.856880,13.309326,13.950951,13.743858,13.668427,13.403954,14.195114,13.875710,13.875710,13.894524,14.251350,14.213860,14.251350,14.007355,14.176346,14.195114,13.894524,14.063721,13.649567,14.476006,13.762703,13.838051,14.026146,14.476006,13.856880,14.213860,13.649567,13.781540,13.517403,13.668427,13.838051,13.819221,14.082504,14.270103,14.063721,14.288834,14.063721,14.718750,14.905037,15.517014,15.443062,15.720085,16.253181,16.234848,16.308144,16.618950,16.326462,16.691910,16.582436,16.637184,16.545914,16.673668,16.637184,16.673668,16.928627,16.691910,16.764816,16.691910,16.801247,16.964989,16.783035,17.128418,17.073982,17.345833,16.892258,17.418190,17.255310,17.128418,17.436272,17.598785,18.174133,17.200951,17.237198,17.526596,18.012718,17.742996,18.120361,17.742996,17.940880,17.904930,18.012718,18.513863,18.317345,17.616829,18.620857,18.674309,18.674309,18.781090,18.245766,18.084496,18.692123,18.156204,18.442459,18.781090,18.531708,18.709923,18.638680,19.259926,18.674309,18.513863,18.478165,18.816666,18.567383,18.281563,18.834435,18.388855,18.424599,18.603035,18.798882,18.496017,18.727722,18.816666,18.887749,18.994255,18.869980,18.852211,18.709923,18.585213,18.388855,18.478165,18.424599,19.065178,19.011993,19.047462,18.976524,18.994255,18.656494,18.887749,18.585213,18.567383,18.460312,18.603035,18.567383,18.905502,18.905502,18.460312,18.727722,18.763306,18.496017,18.638680,18.567383,19.029732,18.656494,18.976524,18.887749,18.958771,18.941017,19.047462,18.388855,18.656494,18.567383,18.709923,18.692123,18.781090,18.781090,18.727722,18.513863,18.816666,18.496017,19.011993,18.353111,18.585213,18.638680,18.567383,18.887749,18.958771,18.496017,18.496017,18.442459,18.209953,18.281563,18.370995,18.567383,18.317345,18.174133,18.370995,18.084496,18.549545,18.460312,18.370995,18.388855,18.388855,17.616829,18.442459,18.174133,18.120361,18.138290,18.066551,18.156204,18.048607,17.940880,17.940880,17.886955,17.958839,18.156204,18.102425,18.102425,17.634865,18.174133,17.779015,18.030663,17.616829,17.418190,17.092117,16.710136,16.637184,16.124794,16.014603,15.535500,15.350533,15.146614,14.700096,14.232613,14.532082,14.176346,14.176346,14.513397,14.476006,14.457298,14.307571,14.718750,14.382469,14.625465,14.345024,14.886414,14.886414,14.625465,14.606796,14.550774,14.644127,14.363747,14.438606,14.569450,14.681450,14.382469,14.270103,14.213860,14.419891,14.737404,14.213860,14.101280,14.120049,13.913338,14.419891,14.195114,13.988556,14.419891,14.270103,13.668427,14.251350,14.401184,14.532082,13.819221,14.382469,14.532082,14.026146,14.101280,14.644127,14.213860,14.345024,14.718750,14.438606,14.662788,14.138817,14.101280,14.138817,14.176346,14.307571,14.270103,14.681450,14.213860,14.401184,14.082504,14.120049,14.588127,14.232613,14.251350,14.082504,14.007355,14.157593,14.101280,13.555183,14.044937,13.762703,13.875710,13.668427,13.328255,13.479599,13.385033,13.555183,13.422867,13.100769,13.441788,13.574066,13.611824,14.026146,13.856880,13.574066,13.592949,13.950951,13.725006,13.932144,13.838051,14.101280,13.932144,14.232613,14.082504,14.326302,14.138817,14.251350,13.988556,14.026146,14.476006,13.913338,13.950951,14.288834,14.476006,14.419891,14.007355,13.988556,13.800392,14.082504,14.363747,14.176346,13.687294,14.101280,14.082504,13.743858,14.513397,13.875710,14.063721,14.044937,14.213860,14.101280,13.875710,13.913338,13.574066,13.838051,13.574066,13.536285,13.441788,13.969765,13.743858,14.232613,14.251350,14.044937,13.894524,13.555183,13.574066,13.913338,13.913338,13.592949,14.382469,13.762703,14.044937,13.309326,13.479599,14.176346,14.063721,14.382469,13.781540,13.781540,13.706154,13.894524,13.328255,13.894524,13.743858,13.309326,13.950951,14.007355,13.988556,14.157593,13.687294,14.494698,13.894524,14.756035,15.202286,14.886414,15.165176,15.498535,15.738518,15.922668,15.904274,15.904274,16.289825,16.216530,15.572441,16.088081,16.417961,15.756950,16.271500,16.051353,15.701637,16.106438,15.720085,16.326462,15.959457,16.381371,16.198189,16.946808,16.527649,16.527649,16.454536,16.964989,16.819458,16.874062,16.910439,16.637184,16.472824,17.055817,16.983162,17.436272,16.819458,17.273430,17.182823,17.363930,17.382019,17.291534,17.652901,17.363930,17.291534,17.436272,17.219078,17.526596,16.637184,17.200951,17.742996,17.382019,17.418190,17.688942,17.454338,17.634865,17.761002,16.892258,17.200951,17.219078,17.580750,17.742996,16.892258,17.454338,17.182823,17.562698,17.200951,16.691910,17.128418,16.910439,16.655434,17.037659,17.164696,16.545914,16.600693,16.764816,16.618950,16.892258,16.106438,16.308144,16.216530,16.326462,15.646294,15.720085,15.480049,15.239365,14.942238,14.793312,14.513397,14.401184,14.513397,14.082504,14.457298,14.532082,14.251350,14.494698,14.494698,14.401184,14.550774,13.932144,14.476006,14.232613,14.457298,14.176346,13.950951,14.401184,14.419891,14.138817,13.969765,14.044937,13.894524,14.082504,14.288834,13.498497,14.606796,13.913338,14.176346,13.668427,13.950951,14.307571,13.706154,13.913338,13.366112,14.419891,13.555183,13.706154,13.592949,13.403954,13.555183,12.986824,13.800392,13.668427,13.555183,13.138725,13.347183,13.668427,12.720398,
12.261917,12.567825,12.834679,12.682281,13.005829,12.605988,12.986824,12.891754,12.491440,12.720398,12.872734,12.834679,12.644142,13.119759,13.271439,12.872734,12.929794,12.967819,13.271439,12.739456,13.062805,12.739456,12.777557,13.366112,13.043808,12.586906,13.233543,13.138725,13.100769,13.119759,13.422867,12.834679,13.403954,12.739456,13.819221,12.644142,13.062805,13.100769,13.517403,12.834679,13.100769,12.948814,13.460693,13.081795,13.385033,13.024826,13.743858,13.290382,13.005829,13.725006,13.517403,13.157700,13.687294,13.252487,13.800392,13.649567,13.081795,13.725006,13.403954,13.460693,13.555183,13.668427,13.649567,13.894524,13.498497,13.950951,13.649567,13.309326,13.403954,12.663208,13.119759,13.024826,13.366112,13.309326,13.005829,12.796600,12.986824,12.605988,12.567825,12.586906,13.195625,12.910774,13.214584,13.100769,13.385033,13.138725,13.385033,13.157700,13.403954,13.252487,13.536285,13.138725,13.762703,13.762703,13.762703,13.555183,13.725006,13.479599,13.932144,13.932144,13.479599,13.932144,13.894524,13.498497,13.969765,13.555183,13.913338,13.969765,13.555183,13.630692,13.517403,13.592949,13.762703,13.611824,13.838051,13.517403,13.800392,13.950951,13.875710,13.988556,13.517403,13.385033,13.875710,14.026146,14.101280,13.574066,13.969765,14.082504,13.668427,13.800392,13.630692,13.950951,13.725006,13.969765,13.762703,13.988556,14.176346,13.781540,13.932144,13.687294,14.363747,13.875710,14.157593,14.101280,13.819221,13.932144,14.251350,14.007355,13.706154,13.743858,14.476006,13.913338,13.630692,13.743858,14.063721,13.894524,13.592949,13.460693,13.800392,13.668427,13.743858,13.592949,14.270103,14.774681,14.625465,14.532082,15.146614,15.313492,15.109489,16.289825,16.746590,16.234848,16.600693,16.454536,16.216530,16.801247,16.417961,16.764816,16.637184,16.106438,16.637184,16.746590,16.527649,16.783035,16.801247,16.783035,16.691910,16.928627,17.055817,16.801247,17.001335,17.327736,17.273430,17.200951,17.562698,17.363930,17.526596,17.562698,17.904930,17.382019,17.904930,17.761002,17.815002,17.886955,17.797005,18.406731,18.120361,17.958839,18.388855,18.048607,18.317345,18.638680,18.102425,18.674309,18.263664,18.192039,18.406731,18.531708,18.478165,18.549545,18.549545,18.460312,18.816666,18.763306,18.745514,18.727722,18.692123,19.153755,18.798882,18.460312,19.029732,18.549545,18.460312,18.709923,18.763306,18.674309,18.798882,18.603035,18.620857,18.496017,18.941017,18.549545,18.656494,18.656494,18.406731,18.887749,18.852211,18.567383,18.656494,18.852211,18.781090,18.745514,18.549545,18.905502,18.585213,19.118340,19.082909,19.065178,18.798882,19.065178,18.674309,18.549545,18.674309,18.674309,18.976524,18.781090,18.531708,19.047462,18.852211,18.656494,19.189156,18.692123,18.994255,18.905502,18.976524,18.958771,18.603035,18.816666,18.567383,18.692123,18.656494,18.478165,18.496017,18.317345,18.496017,18.442459,18.727722,18.263664,18.406731,18.299454,18.549545,18.745514,18.388855,18.353111,18.674309,18.084496,18.745514,18.709923,18.567383,18.281563,18.209953,18.370995,18.353111,18.263664,18.209953,17.994759,18.763306,18.442459,18.066551,18.192039,18.174133,17.958839,18.335236,18.406731,18.227867,18.102425,17.797005,17.922905,18.012718,17.634865,17.706970,18.048607,18.102425,18.048607,17.994759,17.616829,18.192039,17.652901,17.219078,17.327736,17.382019,17.073982,16.783035,16.289825,15.664742,15.756950,15.183723,14.886414,14.923637,14.438606,14.326302,14.157593,14.700096,14.232613,14.382469,14.326302,14.419891,14.681450,14.700096,14.569450,14.438606,14.737404,14.457298,14.513397,14.756035,14.532082,14.588127,14.476006,13.894524,14.513397,14.849190,14.718750,14.326302,14.138817,14.438606,14.830566,14.270103,13.838051,14.532082,14.288834,14.513397,14.026146,14.326302,14.363747,13.894524,14.213860,14.101280,14.044937,14.232613,14.270103,14.288834,14.288834,14.232613,13.894524,13.894524,14.401184,14.082504,14.213860,13.950951,14.494698,14.195114,14.138817,14.401184,14.232613,14.476006,14.288834,14.082504,14.326302,14.176346,14.101280,14.176346,14.438606,14.494698,14.195114,14.232613,14.101280,13.950951,14.195114,13.800392,13.706154,13.875710,13.611824,13.592949,14.044937,13.366112,13.403954,13.347183,13.366112,13.043808,13.366112,13.479599,13.725006,14.026146,13.592949,13.875710,13.743858,14.007355,13.988556,14.007355,13.913338,14.326302,13.725006,14.419891,14.532082,13.913338,14.138817,14.326302,14.195114,14.157593,14.550774,14.550774,14.401184,14.120049,13.913338,14.270103,13.649567,14.513397,14.120049,14.307571,13.932144,14.026146,14.195114,13.762703,13.838051,14.382469,13.988556,13.762703,14.063721,14.457298,13.894524,14.007355,13.856880,14.138817,14.044937,13.856880,14.774681,14.923637,13.781540,14.625465,14.082504,13.856880,13.932144,13.687294,13.913338,14.101280,13.498497,14.550774,13.517403,14.532082,14.345024,13.441788,14.138817,13.988556,13.932144,14.044937,14.138817,13.460693,14.288834,13.422867,13.819221,13.460693,14.101280,13.441788,13.706154,13.856880,13.460693,13.574066,13.536285,14.288834,14.307571,13.875710,14.026146,14.120049,14.830566,15.035194,15.424561,15.183723,16.051353,16.179840,15.996223,15.756950,16.143143,15.867470,15.977844,15.922668,16.088081,15.849052,16.088081,16.124794,15.977844,15.904274,15.904274,16.069710,16.234848,15.904274,16.106438,16.564171,16.124794,16.618950,16.801247,17.219078,16.253181,16.746590,16.928627,17.164696,16.855865,17.073982,16.801247,16.983162,17.255310,17.616829,16.819458,17.255310,17.382019,17.309639,17.345833,17.273430,17.598785,17.309639,17.454338,17.688942,16.710136,17.291534,17.508537,17.472412,17.454338,17.073982,17.797005,17.562698,17.237198,17.976807,17.562698,17.327736,17.219078,17.309639,17.092117,16.964989,16.964989,17.363930,17.164696,16.673668,16.472824,16.928627,16.874062,16.983162,16.509377,16.964989,17.055817,16.564171,17.037659,16.527649,16.928627,16.491104,16.216530,15.996223,16.179840,15.350533,15.646294,14.998024,14.979439,14.700096,14.830566,14.644127,14.700096,14.476006,13.988556,13.932144,14.176346,14.401184,14.700096,14.363747,14.811943,14.644127,14.345024,14.718750,13.649567,14.082504,14.120049,14.774681,14.532082,14.232613,13.969765,14.532082,13.969765,13.950951,14.438606,14.195114,13.555183,14.476006,14.213860,14.232613,14.532082,14.195114,14.026146,13.856880,13.668427,13.781540,13.819221,14.026146,13.611824,13.894524,14.326302,13.214584,13.932144,13.441788,13.536285,13.536285,13.800392,13.233543,12.012634,
11.589287,12.300209,12.605988,12.261917,13.100769,12.929794,13.157700,12.529640,12.491440,12.682281,12.834679,13.005829,13.328255,13.081795,13.460693,12.682281,13.422867,13.100769,12.967819,13.081795,13.024826,13.611824,12.967819,13.517403,13.214584,12.891754,13.176659,13.195625,13.043808,13.195625,13.328255,13.441788,13.024826,13.043808,12.967819,12.644142,13.233543,12.910774,13.479599,13.157700,13.252487,12.910774,12.929794,13.366112,13.366112,13.081795,13.195625,13.176659,13.290382,13.347183,13.195625,13.422867,13.290382,13.800392,13.081795,12.891754,13.441788,13.347183,14.138817,13.687294,13.913338,13.762703,13.347183,13.498497,13.574066,13.422867,13.176659,12.910774,13.271439,13.138725,13.328255,12.357613,12.948814,13.024826,12.548721,12.948814,13.138725,12.910774,12.510529,13.081795,12.948814,12.929794,13.252487,13.100769,13.195625,13.309326,13.460693,13.403954,13.422867,13.517403,13.592949,13.819221,13.611824,13.422867,13.856880,13.706154,13.555183,13.819221,13.743858,13.555183,13.819221,13.403954,13.649567,13.988556,13.309326,13.762703,13.819221,13.950951,13.630692,14.120049,13.649567,13.838051,13.592949,13.932144,13.800392,13.460693,13.592949,13.913338,13.630692,13.800392,13.649567,13.856880,14.138817,13.819221,14.101280,14.157593,13.498497,13.479599,13.838051,13.969765,13.950951,13.479599,14.026146,14.007355,13.838051,13.555183,14.044937,13.762703,14.251350,13.894524,14.270103,13.819221,14.419891,14.007355,14.494698,13.800392,13.913338,13.875710,14.120049,14.044937,14.251350,13.913338,13.894524,13.988556,13.460693,13.894524,13.441788,13.894524,13.838051,13.781540,13.574066,13.988556,14.606796,14.438606,14.606796,14.867805,14.718750,15.461563,15.756950,16.124794,16.161499,16.308144,16.271500,16.161499,16.600693,16.271500,16.454536,16.582436,16.509377,16.124794,16.381371,16.491104,16.783035,16.655434,16.618950,16.618950,16.746590,16.509377,16.874062,17.182823,17.055817,16.946808,16.855865,16.946808,17.237198,17.200951,17.508537,17.562698,17.363930,17.400101,17.598785,17.472412,17.544655,17.670921,18.012718,17.526596,18.192039,18.084496,18.388855,18.156204,18.245766,18.281563,18.048607,18.245766,18.353111,18.656494,18.281563,18.674309,18.263664,18.084496,18.816666,18.531708,18.709923,18.763306,18.674309,18.460312,18.549545,19.259926,18.816666,19.029732,18.958771,18.852211,19.082909,18.709923,18.496017,18.763306,19.242241,18.478165,18.388855,18.424599,18.245766,18.370995,18.513863,19.259926,18.674309,18.869980,18.656494,19.136055,18.745514,18.958771,18.692123,18.763306,18.727722,18.656494,18.834435,18.745514,18.406731,18.781090,18.781090,18.585213,18.638680,18.798882,18.798882,18.603035,18.174133,18.781090,18.905502,18.976524,18.531708,18.727722,19.171471,18.513863,18.923264,18.620857,18.656494,18.727722,18.745514,18.513863,18.887749,18.709923,18.531708,18.549545,18.585213,18.549545,18.585213,18.620857,18.620857,18.692123,18.603035,18.353111,18.496017,18.227867,18.674309,18.709923,18.496017,18.692123,18.317345,18.424599,17.994759,18.335236,18.674309,18.549545,18.692123,18.299454,18.335236,18.370995,18.513863,18.478165,18.674309,18.299454,18.209953,18.192039,18.317345,18.102425,17.976807,18.317345,17.868965,17.868965,17.886955,18.048607,17.976807,17.886955,18.174133,17.850990,17.958839,17.940880,17.598785,17.958839,17.418190,16.983162,17.128418,16.253181,16.436256,16.124794,15.756950,15.553970,14.923637,14.681450,14.550774,14.419891,14.569450,14.419891,14.476006,14.270103,14.288834,14.457298,14.718750,14.401184,14.494698,14.606796,14.811943,14.942238,14.345024,14.756035,14.419891,14.419891,14.382469,14.476006,14.923637,14.419891,14.195114,14.532082,14.326302,13.800392,14.363747,14.195114,14.457298,14.213860,14.307571,13.969765,14.195114,14.569450,13.838051,13.913338,14.120049,14.270103,14.138817,14.419891,14.307571,13.856880,14.288834,14.195114,14.401184,14.213860,14.120049,14.326302,14.476006,14.232613,14.494698,14.307571,14.457298,14.138817,13.950951,14.157593,14.476006,14.195114,14.438606,14.176346,14.307571,14.326302,14.288834,14.401184,14.363747,13.894524,14.307571,13.630692,14.213860,13.819221,13.687294,13.536285,13.762703,13.668427,13.176659,13.195625,13.460693,13.385033,13.043808,13.233543,13.062805,13.498497,12.929794,13.536285,13.819221,13.536285,13.800392,14.063721,13.611824,13.988556,13.913338,13.743858,14.007355,14.007355,14.101280,14.101280,14.195114,14.157593,14.082504,14.063721,13.630692,14.326302,13.932144,14.044937,14.513397,13.838051,14.232613,14.120049,14.326302,13.913338,14.138817,14.232613,14.326302,14.326302,14.213860,13.875710,13.630692,14.120049,13.819221,13.969765,13.668427,14.101280,13.479599,14.063721,14.345024,14.195114,13.856880,14.251350,13.913338,14.606796,13.913338,13.762703,14.288834,14.007355,14.251350,13.932144,14.176346,13.668427,14.138817,14.307571,13.725006,13.687294,14.213860,13.969765,13.743858,13.894524,14.288834,14.007355,14.419891,14.157593,14.007355,13.479599,13.290382,13.441788,13.630692,13.819221,12.872734,13.309326,13.517403,13.743858,13.913338,13.894524,14.270103,14.251350,14.513397,14.588127,15.461563,14.756035,15.959457,15.756950,15.941071,16.032974,15.683197,15.867470,16.088081,15.941071,16.198189,16.436256,16.308144,16.032974,16.032974,16.051353,16.234848,15.775375,15.793800,16.454536,16.472824,16.106438,16.326462,16.874062,16.363075,16.436256,16.801247,16.837654,16.783035,17.219078,17.092117,16.454536,17.110275,17.291534,17.309639,17.128418,17.273430,17.309639,17.291534,17.219078,17.291534,17.454338,17.237198,17.562698,17.761002,17.055817,17.436272,17.146553,17.761002,17.562698,17.544655,17.382019,17.327736,17.706970,17.670921,17.055817,17.742996,17.200951,17.526596,17.634865,17.146553,17.309639,17.037659,16.710136,17.273430,17.001335,16.983162,16.928627,17.164696,16.691910,16.691910,17.128418,16.673668,16.454536,16.855865,16.764816,16.946808,16.436256,16.124794,15.885872,15.627831,15.369041,15.849052,15.146614,15.480049,14.942238,14.718750,14.251350,14.382469,14.662788,13.894524,14.532082,14.063721,14.718750,14.382469,14.550774,14.251350,14.494698,14.550774,14.681450,14.044937,14.401184,14.476006,14.213860,14.886414,14.774681,13.762703,14.401184,14.026146,14.063721,13.875710,13.913338,14.026146,14.213860,14.419891,14.063721,14.401184,14.213860,13.781540,14.288834,14.737404,13.743858,13.422867,13.706154,13.932144,14.026146,14.476006,13.950951,13.119759,14.138817,13.081795,13.479599,13.611824,12.720398,13.290382,12.682281,
12.012634,12.070213,12.777557,12.986824,12.682281,12.834679,13.157700,13.271439,13.347183,12.586906,13.157700,13.422867,13.460693,12.625069,13.271439,12.777557,13.024826,13.176659,12.758507,13.157700,12.701340,13.403954,13.176659,13.138725,13.119759,13.460693,13.138725,13.366112,12.967819,12.891754,13.385033,13.005829,13.781540,13.081795,13.422867,13.479599,13.005829,12.739456,12.986824,13.460693,13.005829,12.910774,13.592949,12.758507,13.271439,12.739456,13.743858,13.024826,12.929794,13.328255,13.725006,13.005829,13.100769,13.422867,13.950951,13.479599,13.800392,13.271439,13.555183,13.403954,13.630692,13.422867,13.403954,13.668427,13.422867,13.403954,12.872734,13.460693,13.441788,13.309326,13.385033,12.910774,12.834679,12.739456,12.948814,12.395866,12.701340,12.929794,13.441788,12.453224,12.872734,12.510529,12.929794,13.005829,13.081795,12.948814,13.347183,13.043808,13.290382,13.005829,13.649567,13.422867,13.856880,13.403954,13.498497,13.592949,13.838051,13.819221,13.385033,14.195114,13.932144,13.479599,13.385033,13.856880,13.176659,13.894524,13.498497,13.743858,13.233543,13.574066,13.441788,13.574066,13.819221,13.725006,13.422867,13.800392,14.007355,13.856880,13.838051,13.762703,13.630692,13.781540,13.630692,13.668427,13.894524,13.555183,13.781540,13.195625,14.026146,13.592949,13.932144,14.063721,13.819221,13.894524,13.950951,13.630692,14.120049,13.611824,13.894524,14.026146,14.288834,14.251350,14.120049,13.536285,14.044937,13.574066,14.120049,13.422867,14.101280,13.725006,14.120049,13.479599,13.762703,13.969765,13.894524,13.875710,14.044937,13.517403,13.441788,14.101280,14.532082,14.176346,14.532082,14.195114,14.606796,15.165176,15.369041,15.165176,15.609375,15.590912,16.472824,16.545914,16.472824,16.655434,16.106438,16.509377,16.655434,16.381371,16.655434,16.545914,16.964989,16.783035,16.783035,16.691910,16.819458,16.381371,16.983162,17.055817,17.146553,17.019493,16.764816,16.764816,16.928627,16.819458,17.219078,17.436272,17.327736,17.291534,17.580750,17.472412,17.761002,17.508537,17.761002,17.922905,17.724983,17.508537,18.030663,18.138290,18.335236,18.174133,18.388855,18.388855,18.478165,18.424599,18.388855,18.478165,18.406731,18.603035,18.923264,18.585213,18.709923,18.317345,18.745514,18.638680,19.082909,18.638680,18.798882,19.242241,18.692123,18.406731,18.816666,18.763306,18.692123,18.353111,18.781090,18.478165,18.388855,18.460312,18.567383,18.353111,18.620857,18.478165,18.513863,19.100624,18.603035,18.460312,18.692123,19.100624,18.460312,18.781090,18.852211,19.171471,19.136055,18.709923,19.153755,18.442459,18.976524,18.923264,18.798882,18.656494,18.798882,18.976524,18.620857,18.781090,19.136055,18.923264,18.513863,18.852211,19.100624,18.994255,18.585213,19.100624,18.745514,18.887749,18.941017,18.674309,18.727722,19.047462,18.442459,18.460312,18.709923,18.745514,18.638680,18.567383,18.478165,18.424599,18.692123,18.513863,18.745514,18.281563,18.887749,18.567383,18.727722,18.424599,18.549545,18.531708,17.922905,18.478165,18.317345,18.478165,18.370995,18.585213,18.174133,18.531708,18.156204,18.209953,18.424599,18.281563,18.353111,18.585213,18.245766,18.478165,18.460312,18.406731,18.281563,17.724983,17.994759,18.156204,17.363930,18.227867,18.012718,17.544655,17.886955,17.868965,17.958839,17.922905,17.868965,17.490471,17.526596,17.291534,16.801247,16.600693,16.436256,16.472824,15.830643,15.332008,15.239365,14.662788,15.627831,14.363747,14.550774,14.363747,14.401184,14.942238,14.438606,14.138817,14.849190,14.438606,14.942238,14.438606,14.830566,14.307571,14.419891,14.270103,14.438606,13.894524,14.401184,14.082504,14.457298,14.438606,14.756035,14.438606,14.457298,14.138817,14.288834,14.494698,14.138817,13.838051,14.138817,14.176346,14.195114,14.213860,14.213860,13.969765,14.232613,14.419891,14.345024,13.856880,14.513397,14.251350,14.251350,14.044937,14.007355,14.120049,14.120049,14.157593,14.793312,14.756035,14.213860,14.082504,14.401184,14.382469,14.513397,14.213860,14.550774,14.288834,13.950951,14.138817,14.419891,13.932144,14.438606,14.345024,14.363747,14.176346,14.532082,14.550774,13.932144,14.737404,13.894524,13.950951,13.950951,13.328255,13.630692,13.233543,13.290382,13.005829,13.233543,13.574066,13.856880,13.517403,13.649567,13.725006,13.932144,13.611824,13.630692,13.894524,13.668427,13.403954,14.063721,14.213860,13.838051,13.913338,14.288834,14.232613,14.532082,14.044937,14.251350,13.838051,14.138817,13.950951,14.345024,14.120049,13.932144,14.195114,14.195114,14.382469,13.950951,13.762703,14.082504,13.800392,14.026146,14.494698,14.195114,13.969765,14.120049,14.138817,14.195114,13.800392,14.082504,14.157593,14.044937,14.101280,14.063721,14.044937,13.969765,14.138817,14.138817,13.856880,14.363747,14.307571,14.457298,13.517403,14.044937,14.363747,13.611824,14.176346,14.138817,14.120049,13.781540,14.176346,13.611824,13.819221,14.007355,14.101280,14.063721,13.913338,13.781540,13.592949,13.838051,13.913338,13.725006,13.743858,13.687294,13.517403,13.762703,13.838051,14.026146,13.517403,13.838051,14.176346,14.101280,14.307571,14.681450,15.090919,15.590912,15.443062,15.996223,15.701637,15.959457,15.959457,16.253181,16.143143,16.106438,16.216530,15.959457,15.867470,15.904274,16.179840,16.472824,16.308144,16.271500,15.646294,16.344765,16.527649,16.491104,16.454536,16.381371,16.491104,16.582436,16.289825,17.128418,16.673668,16.417961,16.764816,16.855865,17.200951,17.544655,17.146553,16.527649,17.273430,17.073982,17.291534,17.472412,16.964989,17.436272,17.472412,17.652901,17.327736,17.724983,17.291534,17.182823,17.309639,17.833000,17.688942,17.508537,17.833000,17.237198,17.544655,17.616829,17.273430,17.490471,17.345833,17.562698,17.418190,17.382019,17.182823,16.964989,17.128418,17.237198,16.454536,17.110275,16.600693,17.182823,16.564171,16.710136,16.509377,16.874062,17.019493,16.746590,16.637184,16.728371,15.904274,16.417961,15.756950,16.472824,15.627831,15.849052,15.646294,15.035194,14.830566,14.830566,14.849190,14.326302,14.550774,14.157593,14.326302,14.044937,14.681450,14.157593,14.569450,14.532082,14.476006,14.401184,14.345024,14.270103,13.894524,14.700096,14.195114,14.270103,14.063721,14.662788,14.195114,14.007355,13.743858,13.913338,14.438606,14.026146,14.213860,14.513397,14.044937,13.838051,14.232613,13.347183,13.762703,14.382469,14.082504,13.687294,14.494698,13.988556,13.592949,13.725006,13.819221,13.649567,13.498497,13.479599,13.271439,13.422867,13.630692,13.005829,12.891754,
11.878136,12.031822,12.586906,12.605988,13.043808,12.663208,12.796600,12.891754,13.366112,13.195625,13.005829,13.498497,12.967819,12.663208,13.743858,13.024826,12.891754,13.385033,13.309326,13.157700,13.100769,12.682281,12.663208,13.138725,13.100769,12.834679,12.853714,13.138725,12.567825,13.574066,12.758507,13.062805,13.138725,13.233543,13.062805,13.119759,13.119759,12.872734,13.725006,13.157700,13.403954,13.024826,13.328255,12.948814,13.555183,13.195625,13.195625,13.366112,13.479599,12.777557,13.403954,13.233543,13.725006,13.574066,13.706154,14.044937,13.838051,13.290382,14.026146,13.630692,13.347183,13.403954,13.366112,13.517403,13.781540,13.536285,13.271439,13.138725,13.422867,13.403954,13.328255,13.176659,12.834679,12.948814,12.682281,13.005829,12.720398,12.853714,13.195625,12.548721,13.119759,12.586906,12.644142,13.441788,13.271439,13.062805,13.233543,13.706154,13.328255,13.195625,13.517403,13.687294,13.781540,13.611824,13.781540,13.706154,13.668427,13.781540,13.687294,13.649567,13.969765,13.668427,13.725006,13.555183,13.932144,13.725006,14.138817,13.441788,13.460693,13.309326,14.251350,13.668427,13.574066,13.988556,13.347183,13.555183,13.555183,13.290382,13.800392,13.800392,13.574066,13.366112,14.157593,13.781540,13.950951,13.894524,14.138817,13.574066,13.856880,14.007355,13.894524,13.894524,13.781540,13.875710,13.725006,14.007355,14.195114,13.950951,13.611824,13.800392,13.800392,13.725006,13.762703,14.457298,13.988556,14.007355,14.213860,13.894524,14.382469,14.063721,13.781540,14.101280,14.345024,13.800392,13.894524,13.592949,14.176346,13.725006,14.026146,13.668427,14.026146,14.270103,13.875710,14.101280,14.120049,15.072350,15.313492,15.646294,15.664742,16.253181,16.308144,16.454536,16.014603,16.326462,16.892258,16.472824,16.344765,16.837654,16.216530,16.472824,16.436256,16.964989,16.582436,16.600693,16.837654,16.837654,16.710136,16.710136,17.273430,17.055817,16.964989,16.764816,17.019493,17.255310,17.454338,17.309639,17.291534,17.345833,17.940880,17.291534,17.598785,17.580750,17.544655,17.688942,17.994759,17.779015,18.084496,18.012718,18.227867,18.030663,18.299454,17.976807,18.406731,18.156204,18.513863,18.513863,18.442459,18.263664,18.620857,18.388855,18.692123,18.798882,18.763306,18.513863,18.869980,18.763306,18.852211,19.029732,18.834435,18.478165,18.513863,18.603035,18.496017,18.531708,18.941017,18.638680,18.656494,18.869980,18.816666,18.869980,18.674309,18.513863,18.620857,18.496017,18.763306,18.692123,18.781090,18.869980,18.941017,18.798882,18.994255,18.692123,18.692123,18.727722,18.798882,18.852211,18.763306,18.603035,18.816666,19.029732,18.745514,18.727722,18.692123,18.656494,18.958771,18.798882,18.620857,19.312950,18.887749,18.531708,18.798882,19.065178,18.994255,18.941017,18.781090,18.585213,18.513863,18.549545,18.638680,18.816666,18.852211,18.513863,18.549545,18.638680,18.567383,18.763306,18.513863,18.335236,18.317345,18.281563,18.852211,18.496017,18.549545,18.513863,18.227867,18.066551,18.513863,18.174133,18.442459,18.727722,18.869980,18.513863,18.245766,18.263664,18.709923,18.370995,18.442459,18.370995,18.478165,17.779015,18.263664,18.353111,18.066551,18.209953,17.922905,18.120361,17.706970,17.580750,18.174133,18.048607,18.174133,17.850990,18.120361,18.048607,17.850990,17.815002,17.815002,17.670921,17.742996,17.382019,17.146553,16.783035,16.819458,16.161499,15.424561,16.051353,15.313492,14.811943,15.128059,14.774681,14.811943,14.625465,14.550774,14.138817,14.382469,14.232613,14.867805,14.513397,14.550774,14.811943,14.213860,14.457298,14.644127,14.718750,14.419891,14.363747,14.569450,14.101280,14.419891,14.288834,14.494698,14.251350,14.905037,14.532082,14.457298,14.288834,14.026146,14.082504,14.213860,14.120049,14.513397,14.606796,14.326302,14.138817,14.513397,14.476006,14.569450,14.101280,14.457298,14.363747,13.988556,13.819221,14.026146,14.513397,13.950951,14.457298,14.494698,14.157593,14.195114,14.569450,14.419891,14.157593,14.326302,14.644127,14.457298,14.363747,14.138817,14.288834,14.063721,14.082504,14.550774,14.251350,14.120049,13.950951,13.630692,13.913338,13.913338,13.687294,14.251350,13.875710,13.725006,13.347183,13.725006,13.498497,13.517403,13.725006,13.517403,13.366112,13.649567,13.005829,13.555183,13.649567,13.479599,13.894524,13.555183,13.574066,13.592949,13.687294,14.082504,13.856880,13.894524,13.913338,14.401184,14.232613,14.270103,14.232613,14.457298,14.251350,14.232613,14.419891,14.326302,14.026146,14.026146,14.232613,14.026146,14.401184,14.251350,13.800392,14.026146,13.781540,14.345024,14.251350,14.195114,13.950951,14.213860,14.270103,13.913338,13.875710,14.213860,14.101280,14.270103,13.800392,14.176346,14.195114,13.687294,13.969765,14.063721,13.932144,14.157593,14.345024,13.800392,13.762703,14.101280,13.611824,13.725006,13.422867,13.969765,13.913338,14.026146,13.875710,13.630692,13.630692,14.120049,13.762703,13.969765,14.138817,13.743858,13.856880,13.969765,13.385033,13.592949,13.214584,13.592949,13.517403,13.706154,13.176659,13.498497,13.422867,14.270103,13.649567,14.270103,14.681450,14.363747,14.700096,14.886414,15.090919,15.849052,15.239365,16.124794,16.691910,15.867470,16.363075,15.922668,15.738518,15.535500,16.032974,15.683197,16.234848,16.801247,15.756950,16.527649,16.198189,15.701637,16.179840,16.326462,16.472824,16.509377,16.564171,16.655434,16.946808,16.928627,16.491104,16.618950,17.327736,17.110275,16.819458,17.128418,17.237198,16.928627,16.983162,17.255310,17.055817,17.382019,17.291534,17.164696,17.273430,17.219078,17.418190,17.436272,17.616829,17.382019,17.490471,17.580750,17.291534,17.652901,17.670921,17.508537,17.544655,17.580750,17.345833,17.706970,18.102425,16.910439,17.128418,17.436272,17.182823,17.255310,16.855865,17.182823,16.837654,16.783035,16.691910,16.783035,16.964989,16.874062,16.983162,17.164696,16.819458,17.092117,16.454536,16.198189,16.637184,16.417961,16.691910,15.977844,15.627831,15.683197,15.332008,15.165176,15.090919,14.886414,14.569450,14.550774,14.363747,14.625465,14.270103,14.138817,14.494698,14.457298,14.644127,14.457298,14.700096,14.793312,14.213860,14.644127,14.251350,14.044937,14.288834,14.476006,14.662788,14.345024,13.725006,14.251350,13.630692,14.026146,14.494698,14.270103,14.138817,14.494698,13.950951,13.668427,14.082504,14.157593,13.630692,13.856880,13.838051,13.574066,13.743858,14.457298,13.536285,13.536285,13.856880,13.725006,13.630692,13.479599,14.026146,13.819221,13.574066,12.815643,12.223610,
11.897362,12.204445,12.815643,12.510529,12.815643,13.100769,13.252487,12.891754,13.441788,12.758507,12.872734,12.720398,12.510529,12.891754,13.138725,12.796600,13.043808,12.872734,13.138725,12.739456,12.910774,13.233543,13.024826,12.720398,12.891754,13.157700,12.948814,13.081795,12.644142,13.347183,13.347183,13.062805,13.233543,13.611824,13.119759,12.853714,13.347183,12.586906,13.460693,13.214584,13.157700,12.948814,13.441788,13.062805,12.777557,13.479599,13.479599,13.555183,12.948814,13.649567,13.555183,12.701340,13.649567,13.328255,13.252487,13.290382,13.743858,13.441788,13.498497,13.366112,13.422867,13.555183,13.781540,13.668427,13.366112,13.176659,13.950951,13.195625,12.986824,13.498497,13.138725,13.441788,12.929794,13.081795,13.290382,12.625069,12.834679,12.853714,13.081795,13.100769,12.548721,12.853714,13.043808,12.720398,13.233543,13.385033,13.328255,13.157700,13.100769,13.611824,13.630692,13.252487,13.592949,13.271439,13.252487,13.403954,13.517403,13.687294,13.630692,13.687294,13.611824,13.574066,13.969765,13.214584,13.950951,14.176346,13.592949,13.894524,13.725006,13.725006,13.498497,13.517403,13.969765,13.309326,13.668427,13.725006,13.574066,13.725006,13.611824,13.517403,14.138817,14.138817,13.706154,14.382469,13.762703,13.574066,13.555183,14.082504,14.082504,13.838051,14.494698,14.082504,13.875710,13.630692,13.743858,13.894524,14.157593,13.819221,13.838051,14.195114,13.988556,13.913338,14.007355,14.195114,14.288834,13.856880,13.819221,13.536285,14.176346,13.781540,14.176346,13.781540,14.026146,14.063721,13.762703,13.347183,13.555183,13.819221,13.762703,13.498497,14.120049,13.725006,14.401184,14.625465,14.195114,15.016617,15.239365,15.406059,15.867470,15.959457,16.289825,16.271500,16.161499,16.143143,16.417961,16.363075,16.399666,16.417961,16.491104,16.216530,16.582436,16.454536,16.436256,16.381371,16.764816,16.691910,17.001335,16.509377,17.309639,17.182823,17.472412,16.837654,17.001335,17.237198,17.544655,17.327736,17.616829,16.910439,17.616829,17.526596,17.544655,17.706970,17.598785,18.120361,18.192039,17.904930,17.958839,18.317345,18.460312,18.442459,18.370995,18.299454,18.317345,18.299454,18.388855,18.120361,18.603035,18.299454,18.406731,19.047462,18.513863,18.798882,18.156204,18.585213,18.941017,18.816666,18.531708,18.834435,18.781090,18.834435,18.745514,18.781090,18.460312,18.549545,18.976524,18.496017,18.496017,18.620857,18.763306,18.442459,18.281563,18.852211,18.531708,18.656494,19.029732,18.869980,18.406731,18.816666,19.011993,18.709923,18.976524,18.976524,19.065178,18.692123,18.763306,18.709923,18.816666,18.549545,18.692123,19.171471,19.136055,18.496017,18.852211,18.281563,19.047462,19.047462,19.171471,18.905502,19.330627,19.029732,18.567383,19.153755,19.029732,18.709923,18.976524,18.816666,18.709923,18.603035,18.442459,18.620857,18.603035,18.656494,19.100624,18.478165,18.638680,18.209953,18.745514,18.496017,18.620857,18.567383,18.656494,18.406731,18.531708,18.174133,18.406731,18.478165,18.603035,18.496017,18.406731,18.442459,18.763306,18.353111,18.513863,18.388855,18.496017,18.567383,18.335236,18.442459,17.994759,18.317345,18.424599,18.299454,18.370995,17.922905,18.209953,17.868965,17.815002,17.742996,17.724983,17.904930,17.724983,18.496017,18.209953,17.761002,18.012718,18.030663,17.670921,17.815002,17.454338,17.508537,17.055817,16.527649,16.600693,15.830643,15.572441,15.480049,15.332008,14.960838,14.270103,14.830566,14.849190,14.569450,14.382469,14.830566,14.532082,14.138817,14.326302,14.700096,14.718750,14.251350,14.345024,14.625465,14.905037,14.251350,14.588127,14.195114,14.513397,14.774681,14.363747,14.213860,14.625465,14.326302,14.195114,14.345024,14.176346,14.942238,14.195114,14.363747,14.251350,14.082504,14.307571,13.838051,14.213860,14.007355,14.213860,14.157593,14.232613,14.082504,14.718750,14.101280,14.213860,14.176346,14.307571,13.781540,14.326302,14.345024,14.363747,14.251350,15.035194,14.044937,14.345024,14.307571,14.101280,14.120049,14.438606,14.326302,14.382469,14.307571,14.232613,13.762703,14.550774,14.569450,14.026146,14.176346,14.419891,14.270103,14.026146,14.063721,13.856880,13.630692,13.932144,13.781540,13.800392,13.441788,13.743858,13.138725,13.800392,13.271439,13.498497,13.687294,13.403954,13.403954,13.309326,14.007355,13.649567,13.875710,13.630692,13.856880,14.195114,14.232613,13.536285,14.419891,14.101280,14.270103,14.588127,13.969765,14.213860,14.345024,14.120049,14.232613,13.894524,13.988556,13.762703,14.063721,14.082504,14.270103,14.176346,14.382469,13.875710,14.307571,14.101280,14.120049,14.232613,13.800392,13.838051,14.363747,13.875710,13.706154,14.419891,13.932144,14.401184,13.988556,14.382469,13.913338,13.913338,13.781540,14.063721,13.913338,14.176346,14.026146,13.875710,13.969765,13.988556,13.988556,14.026146,13.687294,13.875710,14.120049,14.138817,13.762703,14.101280,14.138817,13.687294,14.176346,14.026146,13.819221,13.630692,13.725006,13.762703,13.969765,13.894524,13.894524,14.007355,13.441788,13.762703,13.138725,13.592949,13.743858,13.838051,14.138817,14.232613,14.251350,14.811943,14.979439,14.849190,15.443062,15.146614,15.996223,16.308144,15.885872,15.627831,16.088081,15.996223,16.051353,16.051353,16.417961,16.308144,16.161499,16.051353,15.812218,16.161499,15.996223,16.106438,15.793800,16.106438,16.289825,16.106438,16.216530,17.092117,16.381371,16.928627,16.728371,16.691910,16.801247,17.200951,16.801247,16.892258,17.182823,17.146553,17.128418,17.146553,17.418190,17.309639,16.819458,17.055817,17.994759,16.801247,17.779015,17.670921,17.363930,17.670921,17.544655,17.868965,17.706970,18.012718,17.922905,17.940880,17.797005,17.490471,17.652901,17.472412,17.580750,17.237198,17.092117,17.019493,18.030663,17.273430,17.273430,17.164696,17.309639,17.073982,16.855865,17.309639,16.946808,17.073982,17.092117,16.874062,16.764816,16.746590,16.964989,16.637184,16.032974,16.216530,15.793800,16.253181,15.885872,15.701637,15.590912,15.350533,15.424561,14.700096,14.232613,14.232613,14.681450,14.195114,14.625465,14.644127,14.476006,15.035194,14.494698,14.438606,14.494698,14.138817,14.830566,14.438606,14.569450,14.270103,14.176346,14.532082,14.644127,14.494698,13.725006,14.588127,14.213860,14.157593,14.138817,14.774681,14.363747,14.438606,13.743858,14.550774,13.328255,13.762703,13.668427,14.026146,14.007355,14.026146,13.687294,14.007355,13.819221,13.800392,13.856880,13.574066,13.403954,13.366112,13.157700,13.385033,13.195625,13.309326,12.986824,
12.185280,12.548721,12.491440,12.910774,12.815643,13.043808,12.967819,12.625069,12.986824,12.929794,12.929794,13.233543,12.796600,13.119759,13.119759,13.062805,13.366112,13.157700,12.853714,12.739456,12.701340,13.043808,12.777557,13.062805,13.005829,13.233543,12.510529,13.195625,12.872734,12.910774,13.271439,12.166107,12.815643,12.910774,12.815643,12.510529,13.157700,12.319344,13.081795,13.214584,12.834679,13.555183,13.422867,13.328255,13.555183,13.385033,13.157700,13.119759,13.119759,13.536285,13.043808,12.910774,13.195625,13.271439,13.214584,13.725006,13.138725,13.309326,13.630692,13.271439,13.725006,13.592949,13.800392,13.517403,13.611824,14.007355,13.441788,13.630692,13.138725,13.195625,13.081795,13.385033,13.081795,12.701340,12.529640,12.720398,13.024826,12.834679,13.043808,12.967819,13.157700,12.663208,13.062805,13.024826,13.630692,13.309326,12.986824,13.233543,13.347183,13.592949,13.422867,13.630692,14.157593,13.913338,13.592949,13.649567,13.460693,13.517403,13.385033,14.007355,13.687294,13.630692,13.290382,13.932144,13.592949,13.800392,13.687294,13.460693,13.498497,13.725006,13.498497,13.441788,13.611824,13.743858,13.668427,13.460693,13.403954,13.233543,13.781540,13.988556,13.668427,13.875710,13.592949,13.838051,13.875710,13.743858,13.856880,14.138817,13.687294,13.969765,13.894524,13.403954,14.044937,13.875710,13.856880,13.687294,14.044937,13.875710,13.706154,14.307571,13.969765,14.007355,13.668427,14.101280,14.195114,13.856880,13.706154,14.101280,13.969765,13.969765,13.743858,13.706154,13.913338,13.762703,13.894524,13.555183,13.517403,13.592949,13.668427,13.988556,13.819221,13.932144,15.090919,14.550774,14.718750,14.756035,15.165176,14.998024,15.609375,15.885872,16.417961,15.867470,16.124794,16.417961,16.819458,16.436256,16.564171,16.179840,16.764816,16.381371,16.399666,16.344765,16.637184,16.253181,16.710136,16.179840,16.509377,17.055817,17.110275,16.928627,16.928627,17.291534,16.964989,17.164696,17.019493,17.055817,17.562698,17.688942,17.291534,17.255310,17.544655,17.382019,17.237198,17.526596,18.174133,17.994759,18.012718,18.012718,18.460312,18.496017,18.156204,18.174133,18.174133,18.263664,18.656494,18.887749,18.353111,18.638680,18.638680,18.317345,18.674309,18.549545,18.976524,18.816666,18.709923,18.460312,18.852211,18.994255,18.567383,18.745514,18.709923,18.513863,18.353111,18.923264,18.798882,18.692123,18.496017,18.496017,18.638680,18.585213,18.692123,18.585213,18.852211,18.442459,18.834435,18.174133,18.976524,18.281563,19.100624,18.227867,18.976524,18.994255,19.118340,18.674309,18.620857,18.976524,19.100624,18.869980,18.781090,18.834435,18.727722,18.941017,18.869980,18.834435,18.709923,18.513863,18.781090,19.295280,18.798882,18.567383,18.958771,19.065178,18.852211,18.692123,18.781090,18.531708,18.852211,18.335236,18.388855,18.442459,18.513863,18.478165,18.281563,18.852211,18.798882,19.118340,18.656494,18.727722,18.531708,18.763306,18.406731,18.798882,18.549545,18.567383,18.406731,18.620857,18.834435,18.674309,18.603035,18.478165,18.263664,18.513863,18.620857,18.388855,18.317345,18.370995,18.388855,18.281563,18.335236,18.245766,18.048607,18.335236,17.994759,18.156204,17.779015,17.833000,17.761002,18.120361,18.174133,17.670921,18.102425,17.779015,18.048607,17.797005,18.066551,17.958839,18.174133,17.454338,17.598785,17.019493,16.964989,16.728371,16.710136,16.527649,15.664742,15.480049,15.276436,15.257896,14.625465,14.438606,14.438606,14.401184,14.494698,14.176346,14.363747,14.718750,14.905037,14.251350,14.718750,14.401184,14.326302,14.774681,14.532082,14.494698,14.494698,14.251350,14.550774,14.476006,14.401184,14.662788,14.718750,14.326302,14.438606,14.363747,14.532082,14.307571,14.044937,14.044937,14.307571,14.007355,13.800392,14.157593,14.176346,14.382469,14.401184,14.401184,13.988556,13.762703,14.195114,14.532082,14.382469,14.513397,14.588127,13.913338,14.345024,14.195114,14.326302,14.101280,13.819221,14.307571,14.401184,14.288834,13.988556,14.082504,13.819221,14.532082,14.550774,14.811943,14.363747,15.016617,14.419891,14.120049,14.026146,14.382469,14.401184,13.950951,13.894524,13.687294,13.913338,13.950951,13.611824,13.894524,13.271439,12.967819,13.422867,13.366112,13.214584,13.328255,13.233543,13.081795,13.441788,13.838051,13.555183,13.781540,13.725006,13.498497,13.441788,13.687294,14.307571,13.762703,13.950951,13.725006,14.026146,13.875710,14.101280,14.120049,14.363747,14.101280,14.120049,13.988556,14.195114,14.588127,14.438606,13.988556,13.969765,14.138817,14.063721,14.157593,14.026146,14.494698,14.326302,13.630692,13.819221,13.875710,14.232613,13.875710,14.326302,13.894524,13.969765,13.649567,14.326302,13.838051,14.082504,13.781540,14.082504,14.026146,13.819221,13.932144,14.101280,14.288834,14.063721,14.251350,13.988556,14.176346,14.044937,14.176346,13.819221,14.026146,13.441788,14.120049,14.138817,13.969765,13.913338,14.044937,13.687294,13.290382,13.460693,14.026146,13.706154,14.288834,14.026146,13.875710,13.894524,13.536285,13.517403,13.800392,13.725006,13.687294,14.157593,13.875710,14.138817,14.044937,14.251350,15.053780,15.498535,15.165176,15.941071,15.977844,16.381371,16.545914,16.014603,15.609375,16.363075,16.051353,15.720085,16.289825,16.014603,15.977844,16.032974,16.216530,16.051353,16.216530,15.812218,16.179840,16.253181,16.600693,16.308144,16.545914,16.399666,16.783035,16.819458,16.819458,17.182823,16.928627,16.983162,17.237198,17.182823,16.801247,17.724983,17.092117,17.526596,17.200951,17.128418,17.128418,17.815002,17.598785,17.309639,17.418190,17.255310,17.742996,17.868965,17.724983,18.030663,17.363930,17.526596,17.616829,17.850990,17.562698,17.508537,17.580750,17.164696,17.580750,17.382019,18.084496,17.092117,17.110275,17.454338,17.055817,17.237198,16.855865,17.182823,16.819458,16.983162,17.273430,17.382019,16.964989,16.746590,16.983162,16.454536,16.381371,16.454536,16.673668,16.308144,16.271500,16.032974,16.344765,16.363075,15.257896,15.535500,15.276436,15.053780,14.774681,14.307571,13.932144,14.345024,15.035194,14.307571,14.345024,14.644127,14.457298,14.494698,14.007355,14.644127,14.532082,14.625465,14.026146,14.288834,14.401184,14.606796,14.101280,14.026146,14.363747,13.574066,14.662788,14.270103,13.819221,14.307571,14.063721,14.138817,15.016617,13.856880,13.762703,13.706154,15.109489,13.574066,14.476006,14.026146,14.793312,13.271439,14.195114,13.403954,14.195114,13.385033,12.758507,13.743858,13.743858,13.668427,14.138817,13.328255,13.290382,
11.627853,12.472336,13.195625,12.910774,12.510529,13.214584,12.815643,12.815643,12.986824,13.100769,13.422867,13.005829,12.625069,13.062805,13.214584,13.062805,13.233543,12.967819,13.347183,12.986824,13.119759,12.834679,13.195625,12.663208,13.290382,13.252487,12.872734,13.233543,13.119759,13.328255,13.630692,12.739456,13.081795,13.271439,13.460693,13.309326,13.214584,13.119759,13.668427,13.328255,13.913338,13.762703,13.574066,13.403954,13.649567,13.271439,13.081795,13.403954,12.986824,13.195625,13.460693,12.815643,13.385033,13.157700,13.252487,13.574066,14.120049,12.796600,13.309326,13.385033,13.233543,13.498497,14.120049,13.441788,13.517403,13.460693,13.252487,13.328255,13.517403,12.815643,13.081795,12.853714,13.138725,12.910774,12.872734,13.138725,12.967819,13.005829,13.385033,13.100769,13.005829,12.548721,12.929794,13.157700,12.986824,13.176659,13.214584,13.403954,13.819221,13.460693,13.441788,13.555183,13.725006,13.536285,13.536285,13.176659,13.838051,13.630692,13.988556,13.592949,13.781540,13.743858,13.403954,13.574066,13.611824,13.762703,13.856880,13.574066,14.063721,13.630692,13.630692,13.781540,13.460693,13.706154,13.668427,13.574066,13.668427,13.479599,13.988556,13.875710,13.574066,13.781540,13.706154,13.856880,13.706154,13.819221,13.781540,13.819221,13.687294,14.044937,13.856880,13.988556,14.044937,13.819221,13.517403,13.592949,13.932144,13.536285,13.800392,13.611824,14.401184,13.838051,13.875710,13.838051,13.762703,14.307571,13.649567,14.157593,14.401184,13.630692,13.838051,14.307571,13.630692,13.950951,13.668427,13.687294,13.819221,13.214584,13.555183,13.932144,14.307571,14.176346,14.345024,14.588127,14.569450,14.700096,15.165176,15.664742,15.553970,15.627831,16.399666,16.289825,16.691910,16.308144,16.363075,16.564171,16.363075,16.289825,16.308144,16.253181,16.417961,16.289825,17.073982,16.691910,16.746590,16.691910,17.110275,16.801247,17.255310,16.946808,17.073982,17.400101,17.418190,17.634865,17.219078,17.273430,17.526596,16.819458,17.400101,17.670921,18.066551,18.066551,17.886955,17.922905,18.317345,17.904930,18.388855,18.048607,18.227867,18.120361,18.245766,18.460312,18.335236,18.156204,18.406731,18.798882,18.709923,18.299454,18.674309,18.763306,18.994255,18.976524,18.941017,18.531708,18.816666,18.585213,18.620857,18.496017,18.834435,18.781090,18.816666,18.638680,18.727722,18.834435,19.011993,18.869980,18.603035,18.727722,18.816666,18.941017,18.976524,18.656494,18.567383,18.442459,18.781090,18.709923,19.029732,18.834435,18.923264,19.047462,18.478165,19.136055,19.224541,18.727722,19.082909,19.065178,19.259926,18.603035,18.603035,18.370995,18.869980,18.869980,18.638680,19.189156,18.567383,18.549545,19.224541,18.763306,18.816666,18.513863,18.958771,19.011993,18.994255,18.603035,18.887749,18.478165,18.156204,18.923264,18.674309,18.781090,18.887749,18.656494,18.656494,18.727722,18.763306,18.263664,18.620857,18.763306,18.674309,19.082909,18.727722,18.763306,18.638680,19.082909,18.905502,18.656494,18.370995,18.727722,18.406731,18.674309,18.763306,18.192039,18.763306,18.496017,18.388855,18.513863,18.442459,18.496017,18.299454,18.478165,18.192039,18.406731,17.904930,17.886955,17.886955,17.976807,18.156204,18.281563,18.066551,17.688942,17.779015,17.742996,18.120361,17.779015,17.652901,18.048607,17.940880,17.454338,17.400101,17.273430,17.797005,16.308144,16.691910,16.014603,15.517014,15.443062,15.627831,14.849190,14.550774,14.550774,14.494698,14.326302,14.363747,14.326302,14.569450,14.288834,14.811943,14.550774,14.756035,15.350533,14.756035,14.923637,14.494698,14.438606,14.942238,14.662788,14.232613,13.819221,14.588127,14.737404,14.195114,14.756035,14.026146,14.120049,14.120049,14.419891,14.138817,14.176346,14.457298,14.419891,13.800392,14.345024,14.157593,14.138817,14.251350,14.044937,14.251350,14.007355,13.932144,14.195114,14.270103,14.176346,14.401184,14.232613,13.988556,14.176346,14.138817,14.063721,14.176346,13.969765,13.706154,14.176346,14.382469,14.007355,14.026146,13.800392,14.718750,14.569450,13.969765,14.232613,14.138817,14.923637,14.606796,13.894524,14.138817,14.700096,13.932144,13.856880,14.138817,13.838051,13.856880,13.781540,13.592949,13.005829,13.252487,13.138725,13.555183,13.611824,13.725006,13.762703,13.138725,13.762703,13.611824,13.838051,14.082504,14.007355,13.800392,13.819221,13.422867,13.611824,14.026146,13.950951,14.419891,13.969765,13.950951,14.120049,14.550774,14.270103,14.251350,14.270103,14.082504,14.082504,13.856880,13.988556,14.195114,13.894524,13.950951,14.288834,14.419891,13.838051,13.875710,14.101280,13.950951,13.969765,14.101280,13.988556,14.082504,13.574066,14.326302,13.932144,13.856880,13.950951,13.649567,13.555183,13.913338,13.687294,14.307571,13.706154,14.513397,13.668427,13.913338,14.251350,13.630692,14.082504,13.894524,14.157593,13.950951,13.932144,13.781540,14.213860,13.969765,13.988556,13.856880,13.856880,14.288834,13.781540,14.044937,13.725006,14.326302,13.894524,13.460693,14.026146,13.687294,13.611824,14.157593,13.498497,13.838051,13.743858,14.195114,14.044937,14.063721,14.345024,14.569450,14.830566,15.090919,15.239365,15.720085,15.627831,16.417961,15.941071,16.289825,16.088081,16.179840,15.996223,16.509377,15.830643,16.106438,15.830643,16.417961,16.234848,16.143143,15.406059,15.904274,15.996223,16.637184,16.308144,16.637184,16.381371,16.637184,17.055817,16.983162,16.308144,16.910439,16.600693,16.892258,16.472824,17.652901,16.983162,17.200951,17.110275,17.345833,17.219078,17.472412,17.454338,17.327736,17.634865,17.526596,17.345833,17.418190,17.200951,17.562698,17.706970,17.237198,17.994759,17.797005,17.922905,17.634865,17.797005,17.616829,17.562698,17.670921,17.724983,17.454338,17.868965,17.508537,17.037659,17.562698,17.037659,17.255310,17.037659,17.092117,17.327736,17.237198,17.219078,16.855865,16.564171,17.037659,16.600693,16.673668,16.728371,17.345833,16.491104,16.618950,16.289825,16.069710,16.253181,16.271500,15.480049,15.202286,14.774681,14.867805,14.681450,14.774681,14.457298,14.232613,14.063721,14.101280,14.979439,14.681450,14.345024,14.382469,14.718750,14.550774,14.232613,14.363747,14.176346,14.195114,14.718750,14.438606,14.438606,14.532082,14.120049,14.007355,14.157593,14.288834,14.532082,13.932144,14.550774,14.588127,14.176346,13.630692,13.611824,14.419891,13.687294,13.969765,14.401184,13.800392,13.950951,13.856880,14.270103,13.743858,13.441788,13.913338,13.988556,13.649567,13.762703,13.725006,13.138725,13.119759,12.986824,
11.724190,13.024826,12.567825,13.005829,12.567825,12.967819,12.739456,12.929794,13.100769,13.176659,13.385033,12.758507,12.815643,12.910774,12.929794,13.328255,13.441788,12.891754,13.214584,12.986824,12.872734,12.720398,13.271439,13.138725,12.815643,12.338478,13.290382,12.491440,13.271439,13.592949,12.891754,13.005829,13.176659,13.290382,13.479599,13.328255,13.100769,13.214584,12.605988,13.517403,13.422867,13.743858,13.195625,13.176659,13.005829,13.252487,13.290382,13.422867,13.479599,13.498497,13.574066,12.986824,12.967819,13.403954,14.120049,13.100769,13.856880,13.668427,13.555183,13.271439,13.479599,13.536285,13.611824,13.706154,13.611824,13.517403,13.385033,13.555183,13.479599,13.062805,13.309326,12.720398,12.548721,13.043808,13.062805,13.176659,12.395866,12.853714,13.157700,13.024826,12.948814,12.644142,12.758507,13.403954,12.948814,13.422867,13.290382,13.233543,12.777557,13.005829,13.309326,13.555183,13.479599,13.574066,14.007355,13.781540,14.176346,13.725006,13.856880,13.630692,13.555183,13.969765,13.460693,13.649567,13.856880,13.460693,13.725006,13.195625,13.800392,13.574066,14.026146,13.422867,13.649567,13.668427,13.781540,13.913338,13.460693,13.536285,13.819221,14.120049,14.007355,13.950951,14.007355,13.762703,13.706154,13.932144,13.668427,14.288834,13.819221,13.555183,14.026146,13.328255,13.988556,13.743858,13.687294,13.706154,14.157593,14.213860,14.120049,13.875710,13.668427,14.270103,13.649567,14.251350,14.232613,14.288834,14.363747,14.326302,13.913338,13.536285,14.138817,14.213860,14.251350,14.157593,12.872734,13.819221,13.819221,13.479599,13.385033,13.574066,13.687294,14.176346,14.326302,14.288834,14.307571,14.867805,14.849190,15.461563,15.498535,15.867470,16.618950,16.582436,16.198189,15.977844,16.491104,16.381371,16.582436,16.582436,16.746590,16.344765,16.399666,16.436256,16.728371,16.308144,16.069710,16.764816,16.545914,16.764816,17.273430,17.001335,17.508537,17.037659,17.363930,17.092117,16.964989,17.345833,16.874062,17.237198,17.761002,17.164696,17.886955,17.868965,17.670921,18.138290,17.742996,17.850990,17.652901,17.886955,18.030663,18.245766,18.549545,18.048607,18.335236,18.727722,18.727722,18.905502,18.709923,18.603035,18.638680,18.674309,18.478165,18.869980,18.656494,18.638680,18.478165,19.011993,18.585213,18.763306,18.370995,18.745514,18.674309,18.905502,18.941017,18.585213,18.353111,18.656494,18.603035,18.478165,18.834435,18.317345,18.460312,18.478165,18.460312,18.245766,18.763306,18.852211,18.620857,19.082909,19.011993,18.923264,18.869980,19.100624,18.798882,18.674309,19.224541,19.029732,19.100624,18.923264,18.834435,18.798882,19.029732,19.011993,18.852211,18.620857,18.994255,18.798882,18.692123,18.869980,18.656494,19.065178,18.976524,18.656494,18.781090,18.745514,18.674309,18.834435,18.603035,18.388855,18.745514,18.709923,18.317345,18.692123,18.603035,18.941017,18.567383,18.496017,18.638680,18.030663,18.603035,18.816666,18.638680,18.603035,18.638680,18.798882,18.513863,18.798882,18.798882,18.442459,18.603035,18.585213,18.263664,18.174133,18.370995,17.868965,18.674309,18.513863,18.958771,18.531708,18.192039,18.174133,18.227867,18.138290,18.084496,17.958839,18.424599,17.868965,17.976807,17.958839,18.209953,18.102425,18.066551,17.182823,18.084496,17.454338,17.616829,17.616829,17.688942,17.779015,17.363930,16.910439,16.655434,16.910439,16.344765,15.959457,15.701637,15.664742,15.406059,14.905037,14.756035,14.811943,14.457298,14.681450,14.251350,14.195114,14.457298,14.401184,14.476006,14.811943,14.625465,14.288834,14.867805,14.550774,14.606796,14.588127,14.307571,14.382469,14.662788,14.270103,14.550774,14.494698,14.345024,13.875710,14.382469,14.138817,14.681450,14.288834,14.532082,13.950951,14.606796,14.026146,14.082504,14.363747,14.438606,14.195114,14.232613,14.082504,14.438606,13.969765,14.120049,14.606796,13.950951,14.681450,14.044937,14.457298,13.969765,14.457298,13.800392,14.213860,14.063721,14.569450,14.401184,14.176346,14.569450,14.213860,13.894524,14.288834,14.532082,14.662788,14.082504,14.063721,14.270103,14.718750,14.382469,14.550774,14.232613,14.438606,14.494698,13.950951,13.856880,13.611824,14.195114,13.479599,13.932144,13.214584,13.536285,13.441788,13.252487,13.574066,13.668427,13.214584,13.687294,13.649567,13.290382,13.913338,14.251350,13.668427,13.592949,14.157593,13.725006,14.288834,14.270103,14.251350,14.213860,14.082504,14.494698,13.988556,14.644127,14.044937,13.762703,14.457298,14.345024,14.026146,14.419891,14.232613,14.007355,13.592949,14.063721,13.781540,14.120049,14.363747,13.913338,13.932144,13.894524,14.513397,13.725006,13.800392,13.800392,14.063721,14.044937,13.743858,14.232613,13.894524,13.611824,14.120049,14.082504,13.932144,14.307571,13.611824,13.950951,14.026146,13.932144,13.762703,13.875710,13.649567,13.781540,13.838051,14.044937,13.950951,14.157593,13.819221,13.668427,13.706154,13.630692,13.668427,13.913338,13.743858,14.138817,14.101280,13.762703,13.800392,14.120049,14.138817,13.555183,13.403954,13.555183,13.932144,13.894524,13.290382,14.494698,13.950951,14.438606,14.307571,14.644127,15.128059,14.830566,15.369041,15.793800,15.941071,16.014603,16.051353,15.867470,15.977844,15.941071,16.198189,15.959457,16.143143,16.143143,15.701637,15.977844,15.849052,16.399666,16.344765,16.216530,16.417961,16.198189,16.069710,16.746590,16.710136,16.910439,16.764816,16.783035,16.637184,17.580750,16.491104,17.073982,16.728371,17.182823,16.946808,17.037659,17.382019,17.237198,16.819458,17.237198,17.273430,17.345833,17.382019,17.526596,17.164696,17.255310,17.237198,17.598785,17.454338,17.436272,17.526596,17.363930,17.706970,17.904930,17.544655,17.400101,18.102425,17.508537,17.508537,17.526596,17.309639,17.255310,17.345833,17.886955,17.037659,16.746590,17.400101,17.073982,17.219078,17.436272,16.746590,17.146553,16.545914,16.491104,16.946808,16.764816,15.867470,16.363075,16.673668,16.637184,16.509377,15.885872,15.756950,15.461563,15.756950,15.424561,15.294960,14.476006,14.550774,14.662788,14.307571,14.457298,14.382469,14.513397,14.138817,14.662788,14.681450,14.681450,14.307571,14.345024,14.382469,14.176346,14.494698,14.007355,14.213860,13.913338,14.363747,14.363747,14.195114,14.063721,14.044937,13.932144,14.737404,13.950951,13.875710,14.176346,14.363747,14.026146,14.101280,13.574066,13.819221,13.913338,14.457298,13.819221,13.762703,14.251350,13.800392,13.574066,13.838051,13.875710,14.157593,13.176659,13.762703,13.536285,13.460693,13.005829,12.777557,
12.453224,12.929794,12.223610,12.815643,12.625069,13.574066,12.891754,12.815643,13.081795,12.720398,13.043808,13.271439,12.815643,12.891754,13.195625,12.453224,13.100769,13.138725,13.290382,13.100769,12.720398,13.043808,12.796600,12.548721,13.195625,12.910774,12.910774,13.062805,13.005829,12.986824,12.872734,13.214584,13.328255,13.290382,13.271439,13.479599,13.157700,13.460693,13.138725,13.328255,13.517403,12.929794,13.138725,13.536285,12.853714,13.062805,13.290382,13.385033,13.100769,13.271439,13.479599,13.233543,13.271439,13.328255,12.853714,13.687294,13.441788,13.592949,13.460693,13.800392,13.517403,13.687294,13.385033,13.271439,13.800392,13.536285,13.290382,13.138725,12.872734,12.663208,13.347183,13.233543,13.081795,13.138725,12.701340,12.529640,12.929794,12.853714,12.682281,13.138725,12.644142,12.796600,12.567825,13.271439,13.366112,13.252487,13.214584,13.328255,13.611824,13.309326,13.366112,13.347183,13.687294,13.630692,13.422867,13.687294,13.630692,13.819221,13.743858,13.574066,13.856880,13.574066,14.082504,13.592949,14.044937,14.026146,13.875710,13.743858,13.687294,13.856880,13.706154,13.687294,13.347183,13.988556,13.819221,13.592949,13.309326,13.687294,13.838051,13.725006,13.214584,13.441788,14.120049,13.385033,13.762703,13.385033,14.063721,13.479599,13.781540,13.800392,13.913338,14.176346,13.856880,14.326302,13.875710,13.441788,14.569450,13.819221,13.725006,13.630692,14.026146,14.101280,13.743858,13.460693,13.800392,14.157593,14.007355,14.082504,14.101280,14.157593,14.157593,14.176346,14.176346,13.611824,13.800392,13.781540,13.781540,13.611824,13.725006,14.063721,13.592949,14.550774,14.419891,14.457298,14.886414,15.090919,15.332008,15.830643,15.720085,15.646294,16.014603,15.812218,16.253181,16.655434,16.271500,16.618950,16.308144,16.600693,16.764816,16.363075,16.837654,16.363075,16.600693,17.019493,16.728371,16.855865,17.001335,17.237198,16.892258,16.946808,17.073982,17.508537,16.910439,16.946808,16.874062,17.237198,16.874062,17.219078,17.255310,17.146553,17.400101,17.400101,17.779015,17.815002,17.833000,17.904930,17.994759,17.976807,18.048607,18.245766,18.120361,18.138290,18.424599,18.816666,18.727722,18.781090,18.513863,18.549545,18.638680,18.424599,18.745514,18.603035,18.567383,18.798882,18.887749,18.763306,18.388855,18.460312,19.189156,18.585213,18.692123,18.620857,18.638680,18.513863,18.781090,18.763306,18.549545,18.513863,18.478165,18.406731,18.603035,18.263664,18.834435,18.709923,18.923264,18.370995,18.905502,18.638680,18.852211,18.227867,18.567383,18.585213,19.118340,18.620857,19.100624,18.478165,18.976524,18.585213,18.353111,19.153755,18.816666,18.834435,18.994255,18.763306,18.692123,18.958771,18.852211,18.834435,18.192039,18.816666,18.388855,18.834435,18.496017,18.816666,18.531708,19.082909,18.692123,18.852211,18.674309,18.781090,18.852211,18.638680,18.727722,18.816666,18.834435,18.869980,18.674309,18.958771,18.478165,18.692123,18.549545,18.869980,18.567383,18.798882,18.513863,18.976524,18.620857,18.460312,18.227867,18.209953,18.317345,18.745514,18.138290,18.763306,18.388855,18.531708,18.478165,18.585213,18.424599,18.084496,18.192039,18.048607,17.994759,18.120361,18.120361,17.958839,18.120361,18.048607,17.994759,17.833000,18.012718,17.634865,17.634865,17.904930,17.688942,18.227867,17.652901,17.616829,17.490471,17.670921,16.946808,16.764816,16.198189,16.289825,15.498535,15.885872,15.072350,15.035194,14.513397,14.625465,14.307571,14.625465,14.569450,14.288834,14.513397,14.457298,14.606796,14.644127,14.923637,15.072350,14.363747,14.457298,14.476006,14.326302,15.016617,14.138817,14.326302,14.401184,14.401184,14.625465,14.494698,14.625465,14.550774,14.419891,14.232613,14.382469,14.232613,14.138817,14.419891,13.913338,14.494698,14.120049,14.288834,14.588127,13.856880,13.988556,13.950951,13.988556,14.382469,13.894524,14.176346,14.007355,13.856880,14.401184,14.232613,14.401184,14.288834,14.232613,14.082504,14.063721,14.345024,14.363747,14.681450,14.082504,14.588127,14.044937,14.550774,14.457298,14.345024,14.120049,14.382469,13.950951,14.382469,14.401184,14.363747,14.382469,14.270103,14.513397,14.082504,13.536285,13.781540,13.894524,13.762703,13.290382,13.988556,13.687294,13.100769,13.422867,13.555183,13.743858,13.328255,13.574066,13.498497,13.441788,14.120049,13.762703,13.687294,14.307571,14.363747,14.138817,13.875710,14.082504,14.457298,14.101280,14.363747,14.270103,14.326302,13.932144,14.120049,14.363747,14.232613,14.756035,13.687294,14.157593,14.063721,14.120049,13.856880,14.082504,13.706154,13.988556,14.120049,14.307571,14.307571,13.875710,14.026146,13.875710,13.894524,14.063721,14.811943,13.762703,13.950951,14.326302,13.781540,13.988556,14.157593,13.743858,13.932144,13.762703,14.550774,14.195114,14.345024,13.932144,13.611824,13.875710,14.007355,13.517403,14.101280,13.762703,13.781540,13.592949,13.611824,13.687294,14.007355,13.743858,14.138817,13.762703,13.856880,13.800392,14.401184,14.026146,13.138725,13.611824,14.007355,13.422867,13.536285,13.347183,13.574066,13.819221,14.625465,14.026146,14.007355,14.063721,14.662788,14.905037,15.517014,15.202286,15.701637,15.572441,15.313492,15.941071,16.326462,15.756950,15.941071,15.849052,16.564171,16.454536,16.417961,16.326462,16.088081,16.143143,15.775375,15.664742,15.867470,16.216530,16.344765,16.655434,16.837654,16.271500,17.037659,16.472824,16.855865,17.055817,16.545914,17.092117,16.928627,16.855865,17.309639,17.255310,17.436272,16.801247,17.418190,16.874062,17.363930,17.598785,17.273430,17.616829,17.454338,17.146553,17.779015,17.237198,17.508537,17.490471,17.508537,17.922905,18.102425,17.526596,17.868965,17.418190,17.922905,17.544655,17.382019,17.868965,17.345833,17.327736,17.544655,17.418190,17.472412,17.219078,17.273430,16.673668,17.055817,17.073982,17.400101,16.801247,16.234848,16.855865,16.655434,16.399666,16.819458,16.491104,17.055817,16.326462,16.728371,16.308144,15.775375,16.106438,15.756950,15.830643,15.276436,15.424561,15.053780,14.960838,14.793312,14.382469,14.513397,14.905037,14.569450,14.774681,14.606796,14.120049,14.307571,14.532082,14.419891,14.476006,14.401184,13.950951,14.644127,14.044937,14.157593,14.176346,14.625465,14.326302,13.932144,14.625465,14.232613,14.213860,14.644127,14.270103,14.195114,14.513397,13.894524,13.517403,13.536285,14.007355,13.687294,13.687294,14.288834,14.232613,13.592949,13.574066,13.517403,14.251350,14.569450,13.819221,13.328255,13.517403,13.988556,14.138817,13.309326,12.986824,
11.144691,12.472336,12.872734,12.644142,13.309326,12.929794,12.682281,12.910774,12.872734,12.967819,13.460693,13.024826,12.548721,12.853714,12.395866,12.815643,13.328255,12.663208,12.739456,12.853714,13.176659,13.271439,13.138725,12.815643,12.815643,12.567825,13.100769,13.195625,13.441788,12.872734,13.176659,12.967819,13.062805,13.347183,13.290382,12.967819,13.555183,13.328255,13.214584,13.100769,13.214584,12.872734,13.403954,13.498497,13.195625,13.460693,12.929794,13.536285,13.875710,13.555183,13.366112,13.119759,13.157700,13.517403,13.403954,13.592949,13.081795,13.441788,13.838051,13.347183,13.649567,13.687294,13.403954,13.498497,13.630692,13.252487,13.176659,13.100769,13.062805,13.024826,12.948814,13.081795,12.967819,12.434105,12.586906,12.663208,12.986824,12.300209,13.195625,12.701340,12.853714,12.853714,12.948814,13.366112,13.157700,12.891754,13.081795,13.725006,13.479599,13.309326,13.403954,13.441788,13.347183,13.725006,13.838051,13.743858,13.592949,13.743858,13.725006,13.649567,13.290382,13.932144,13.195625,13.479599,14.176346,13.706154,13.856880,13.460693,13.479599,13.913338,13.498497,13.800392,13.856880,13.252487,13.762703,13.630692,13.743858,13.555183,13.422867,13.592949,14.026146,13.479599,13.687294,13.894524,13.611824,13.762703,13.969765,13.592949,13.894524,13.536285,13.385033,13.630692,13.668427,13.894524,13.988556,13.743858,13.856880,13.932144,13.913338,13.706154,14.401184,13.950951,14.007355,14.026146,14.026146,14.063721,14.101280,14.157593,13.988556,14.195114,13.932144,13.988556,14.326302,13.856880,13.536285,13.592949,13.856880,13.630692,13.894524,13.725006,14.026146,14.138817,14.345024,14.737404,14.774681,15.128059,14.793312,16.069710,15.535500,15.885872,15.738518,16.106438,16.783035,16.088081,16.363075,16.253181,16.746590,16.234848,16.454536,16.454536,16.691910,16.399666,16.983162,16.326462,16.746590,16.454536,16.436256,16.637184,17.092117,16.983162,17.037659,17.291534,17.580750,17.037659,17.580750,17.652901,17.598785,17.418190,17.580750,17.490471,17.237198,17.670921,17.634865,17.779015,17.436272,18.030663,17.815002,17.761002,18.048607,18.263664,18.048607,18.370995,18.245766,18.353111,18.620857,18.567383,18.745514,18.603035,18.531708,18.692123,18.567383,18.388855,18.976524,18.317345,18.763306,18.424599,18.192039,18.460312,18.442459,18.317345,18.816666,18.798882,18.656494,18.620857,18.335236,18.567383,18.727722,18.620857,18.299454,18.317345,18.335236,18.798882,18.834435,18.834435,18.781090,19.136055,18.496017,18.496017,18.567383,18.406731,18.638680,19.153755,18.958771,19.436554,18.656494,19.065178,18.834435,18.745514,19.100624,18.745514,19.065178,19.100624,18.887749,18.923264,18.335236,19.206863,18.727722,18.603035,18.638680,19.029732,18.709923,18.941017,18.798882,18.745514,18.727722,18.620857,18.674309,18.781090,18.958771,18.549545,18.442459,18.496017,18.281563,18.781090,18.923264,18.798882,18.674309,18.353111,18.834435,18.905502,18.442459,18.727722,18.406731,18.299454,18.442459,18.941017,18.656494,18.460312,18.353111,18.692123,18.012718,18.066551,18.567383,18.030663,18.656494,18.585213,18.102425,18.370995,18.585213,18.638680,18.156204,18.317345,18.138290,17.868965,17.797005,17.958839,17.634865,18.012718,17.815002,17.418190,18.281563,17.779015,18.012718,17.761002,18.156204,17.454338,17.724983,17.922905,17.598785,17.182823,17.073982,16.710136,16.472824,16.234848,15.535500,15.276436,15.387550,14.737404,15.109489,14.363747,14.774681,14.476006,14.476006,14.588127,14.793312,14.625465,14.625465,14.270103,14.532082,14.681450,14.700096,14.849190,14.588127,14.213860,14.569450,14.494698,14.662788,14.513397,14.550774,14.270103,14.569450,14.138817,14.457298,14.007355,14.326302,14.082504,14.213860,14.082504,14.288834,13.913338,14.345024,13.969765,14.063721,13.932144,14.251350,14.082504,14.195114,14.363747,14.419891,14.007355,14.232613,14.176346,13.762703,14.044937,13.932144,14.345024,14.176346,14.176346,14.494698,14.251350,14.718750,14.120049,14.345024,13.913338,14.307571,14.232613,14.849190,14.307571,14.082504,14.326302,14.195114,13.969765,14.270103,14.345024,14.026146,14.270103,13.706154,13.800392,13.743858,13.932144,13.894524,13.668427,13.649567,13.271439,13.611824,13.555183,13.592949,13.366112,13.630692,13.479599,13.214584,13.611824,13.856880,13.517403,13.856880,13.649567,14.026146,14.044937,14.026146,13.950951,13.838051,14.157593,14.120049,14.251350,14.232613,14.044937,14.213860,14.401184,14.063721,13.913338,14.232613,14.213860,14.513397,13.725006,14.457298,14.232613,13.668427,14.082504,14.457298,14.157593,13.913338,14.157593,13.913338,13.988556,14.120049,14.063721,14.213860,13.668427,14.288834,14.232613,13.913338,13.950951,14.363747,13.781540,14.063721,13.894524,14.101280,14.044937,14.401184,14.044937,14.007355,13.611824,14.382469,14.195114,14.345024,13.743858,14.176346,13.762703,13.988556,13.932144,13.725006,13.819221,13.950951,13.819221,14.026146,13.950951,13.668427,14.176346,14.082504,14.120049,13.574066,13.725006,13.498497,13.309326,13.856880,13.460693,13.725006,13.574066,14.157593,13.875710,13.856880,14.606796,14.588127,14.867805,15.035194,15.480049,15.627831,15.572441,16.161499,16.179840,16.198189,16.198189,16.637184,15.867470,15.977844,16.069710,15.922668,15.775375,16.326462,16.472824,15.977844,15.867470,16.051353,16.088081,16.710136,16.910439,16.600693,16.837654,16.783035,16.655434,16.874062,17.037659,17.345833,17.526596,16.764816,16.837654,17.001335,16.582436,17.055817,17.706970,17.146553,17.200951,17.454338,17.544655,17.670921,17.255310,17.544655,17.779015,17.345833,17.382019,17.508537,17.616829,17.779015,17.219078,17.670921,17.092117,17.868965,17.490471,17.797005,17.922905,17.508537,17.472412,17.779015,17.327736,17.073982,17.110275,17.219078,17.472412,17.110275,17.255310,17.382019,17.128418,17.616829,16.618950,17.146553,17.490471,16.417961,16.527649,16.637184,16.946808,16.582436,16.198189,16.582436,15.996223,16.014603,15.904274,16.179840,16.198189,15.443062,14.793312,14.662788,14.774681,14.606796,14.476006,14.419891,14.886414,14.532082,14.588127,14.476006,14.532082,14.793312,14.382469,14.569450,14.662788,14.569450,14.082504,14.120049,14.363747,14.232613,14.251350,14.232613,13.950951,13.969765,14.195114,14.026146,13.838051,14.774681,13.988556,14.494698,13.800392,14.007355,13.913338,14.063721,13.950951,14.157593,13.479599,14.476006,14.251350,13.706154,14.419891,13.498497,13.819221,13.875710,13.856880,14.063721,13.819221,13.214584,13.969765,14.101280,12.376740,
11.473503,12.453224,12.663208,12.070213,13.119759,12.586906,12.758507,13.100769,13.100769,13.062805,13.271439,13.081795,12.910774,13.195625,12.777557,13.290382,13.100769,12.625069,13.100769,12.586906,13.328255,12.605988,12.739456,12.720398,13.403954,13.062805,13.062805,13.214584,12.986824,12.891754,12.986824,13.290382,13.271439,12.644142,13.649567,13.062805,12.929794,13.252487,13.176659,13.043808,13.043808,12.986824,13.119759,13.176659,13.252487,13.403954,13.422867,13.385033,13.290382,13.611824,13.536285,13.119759,13.441788,13.706154,13.781540,12.682281,13.517403,13.422867,13.366112,13.043808,13.195625,13.555183,13.347183,13.119759,13.875710,13.347183,13.176659,13.611824,12.986824,13.062805,12.967819,13.611824,13.309326,12.796600,13.271439,12.796600,12.625069,13.574066,12.720398,12.357613,12.758507,13.157700,12.414986,12.720398,13.555183,13.271439,13.479599,13.233543,13.422867,13.630692,13.913338,13.555183,13.687294,13.385033,13.762703,12.319344,13.403954,13.460693,13.856880,13.781540,13.913338,14.195114,13.479599,13.668427,13.366112,13.838051,13.498497,13.668427,13.781540,13.687294,13.385033,13.592949,13.611824,13.517403,13.574066,14.157593,13.385033,13.498497,13.932144,13.536285,13.838051,13.856880,13.536285,13.668427,13.706154,14.026146,13.517403,13.856880,14.007355,13.649567,13.649567,13.536285,13.838051,14.044937,13.969765,13.574066,13.706154,13.800392,13.574066,13.706154,13.894524,13.800392,13.913338,13.969765,14.138817,13.856880,13.950951,13.894524,13.875710,13.913338,13.913338,14.007355,14.176346,13.536285,13.894524,13.668427,13.290382,13.479599,13.932144,14.007355,13.913338,13.800392,14.401184,14.849190,14.998024,14.737404,15.350533,15.424561,15.775375,15.922668,16.069710,16.143143,16.308144,16.472824,16.509377,16.582436,15.664742,16.637184,16.564171,16.454536,16.637184,16.271500,16.746590,16.600693,16.837654,16.216530,16.655434,16.801247,17.182823,16.892258,17.092117,17.291534,16.892258,17.200951,17.508537,17.598785,17.128418,17.219078,17.886955,17.797005,17.291534,17.761002,17.761002,17.598785,17.526596,17.994759,17.922905,17.904930,17.886955,18.335236,18.281563,18.335236,18.102425,18.227867,18.370995,18.585213,18.460312,18.763306,18.816666,18.317345,18.798882,18.603035,18.834435,18.620857,18.763306,18.353111,18.958771,18.674309,18.763306,18.585213,18.834435,18.585213,18.869980,18.585213,18.174133,18.674309,18.227867,18.531708,18.174133,18.585213,18.549545,18.281563,18.727722,18.923264,18.370995,18.424599,18.656494,18.692123,18.887749,18.709923,19.047462,18.816666,19.100624,19.011993,18.763306,18.674309,19.189156,18.923264,19.011993,19.011993,19.029732,18.781090,18.816666,18.727722,18.585213,18.834435,18.958771,18.958771,19.189156,18.424599,18.692123,19.047462,18.478165,18.567383,18.674309,18.478165,18.781090,18.763306,18.674309,18.585213,18.531708,18.745514,18.674309,18.460312,18.478165,18.692123,18.709923,18.852211,18.370995,18.531708,18.281563,18.370995,18.620857,18.299454,18.852211,18.656494,18.496017,18.263664,18.424599,18.353111,18.549545,18.156204,18.227867,18.227867,18.603035,18.299454,18.138290,18.549545,18.030663,18.174133,17.868965,18.174133,18.102425,17.958839,18.120361,17.904930,18.066551,18.048607,18.084496,17.724983,17.652901,17.815002,17.562698,17.833000,17.850990,18.102425,17.706970,17.833000,17.797005,17.110275,16.783035,17.073982,16.527649,16.271500,15.609375,15.664742,15.350533,15.053780,14.811943,14.532082,14.550774,14.625465,14.606796,14.382469,14.232613,14.700096,14.401184,14.363747,14.457298,14.625465,14.157593,14.063721,14.513397,14.326302,14.270103,14.886414,14.550774,14.120049,14.476006,14.401184,14.457298,14.737404,14.101280,14.588127,13.969765,14.251350,14.232613,14.345024,14.044937,14.401184,14.737404,14.345024,14.494698,14.063721,14.270103,13.913338,14.044937,14.213860,13.800392,14.363747,14.026146,13.875710,14.438606,13.460693,14.120049,14.232613,14.288834,13.969765,13.913338,13.969765,14.401184,14.157593,14.251350,13.743858,14.288834,14.606796,14.251350,14.476006,14.157593,14.232613,14.176346,14.830566,14.157593,14.288834,14.101280,14.120049,14.026146,14.026146,13.969765,13.630692,13.950951,13.969765,13.366112,13.271439,13.574066,13.005829,13.479599,13.176659,13.347183,13.422867,13.706154,13.252487,14.007355,14.176346,13.838051,13.630692,13.932144,13.687294,13.800392,13.950951,13.819221,14.307571,14.251350,14.063721,14.195114,14.176346,14.251350,14.213860,14.401184,14.270103,14.120049,14.176346,14.007355,14.213860,14.270103,13.894524,14.138817,14.476006,14.382469,14.082504,14.345024,14.157593,14.419891,13.781540,14.063721,14.138817,14.026146,14.120049,14.101280,13.969765,14.176346,14.625465,13.649567,14.307571,14.044937,13.913338,13.856880,13.819221,14.438606,14.176346,13.800392,14.195114,13.988556,14.007355,13.856880,14.382469,13.988556,13.460693,13.838051,13.517403,14.176346,13.894524,14.101280,14.213860,13.762703,13.536285,14.345024,14.026146,14.007355,14.044937,13.706154,13.875710,13.385033,13.894524,13.687294,13.422867,13.725006,13.856880,13.706154,14.270103,14.718750,14.550774,14.849190,14.886414,14.923637,15.572441,16.032974,15.332008,16.161499,15.977844,15.959457,16.051353,15.756950,16.161499,15.830643,15.922668,16.124794,16.454536,15.793800,15.756950,16.088081,16.363075,15.775375,16.545914,16.545914,16.491104,16.472824,16.600693,16.983162,16.819458,17.073982,16.728371,17.073982,16.819458,17.400101,16.964989,17.055817,17.291534,17.454338,17.237198,17.345833,17.164696,17.309639,17.327736,17.454338,17.219078,18.335236,17.724983,17.797005,17.562698,17.958839,17.688942,18.030663,17.958839,17.472412,17.219078,18.227867,17.922905,17.761002,17.544655,18.084496,17.634865,16.964989,17.400101,17.994759,17.363930,17.019493,17.146553,17.327736,18.012718,17.092117,17.164696,17.526596,16.491104,17.237198,16.764816,17.382019,16.764816,16.545914,16.381371,16.783035,16.308144,16.491104,15.959457,15.941071,15.627831,15.867470,15.701637,15.165176,15.498535,15.109489,14.476006,14.662788,14.213860,14.176346,14.532082,14.513397,14.345024,14.606796,14.307571,13.932144,14.363747,14.588127,14.662788,14.569450,14.063721,14.438606,14.232613,13.517403,14.251350,14.270103,13.932144,14.382469,14.382469,14.176346,13.800392,14.251350,14.345024,13.611824,13.706154,14.550774,14.232613,14.120049,13.894524,14.026146,14.176346,13.347183,13.725006,14.232613,13.706154,13.932144,13.875710,13.856880,13.385033,13.309326,14.382469,13.743858,13.479599,13.611824,12.012634,
11.376915,12.910774,12.567825,12.739456,13.195625,12.625069,13.214584,13.347183,12.872734,12.242760,13.062805,12.605988,13.328255,13.271439,13.138725,13.233543,13.328255,12.872734,13.687294,12.967819,13.157700,12.701340,13.422867,13.024826,13.328255,13.385033,12.701340,13.138725,12.834679,12.625069,13.347183,12.853714,13.081795,13.195625,13.403954,12.663208,13.214584,13.005829,13.592949,13.024826,13.498497,13.762703,13.271439,13.290382,12.834679,13.214584,12.967819,13.328255,13.309326,12.910774,13.460693,13.592949,13.460693,13.536285,13.592949,13.555183,13.932144,13.422867,13.517403,13.460693,13.536285,13.517403,13.403954,13.498497,13.743858,13.555183,12.986824,13.385033,13.687294,13.081795,13.195625,12.853714,13.062805,12.758507,12.853714,12.625069,12.663208,13.328255,12.815643,12.853714,12.872734,12.872734,12.967819,13.024826,12.720398,13.347183,13.043808,13.119759,13.233543,13.479599,13.214584,13.119759,13.592949,13.875710,13.668427,13.950951,13.441788,13.385033,13.347183,13.574066,13.725006,13.819221,13.630692,13.498497,13.649567,14.026146,13.555183,13.969765,13.875710,13.403954,13.290382,13.668427,13.932144,13.800392,13.838051,13.403954,13.706154,13.950951,13.592949,13.309326,13.706154,13.498497,13.932144,13.725006,14.044937,13.347183,13.347183,13.875710,13.347183,13.875710,13.743858,13.838051,13.800392,13.479599,14.120049,13.611824,13.781540,13.988556,13.800392,14.044937,13.856880,14.120049,13.988556,13.649567,14.063721,14.401184,13.913338,14.063721,13.913338,13.856880,13.950951,14.082504,14.063721,13.195625,13.592949,13.743858,13.894524,13.668427,13.819221,14.007355,14.363747,13.706154,14.270103,14.457298,14.793312,14.998024,15.369041,15.775375,15.885872,15.959457,16.216530,16.106438,16.564171,16.344765,15.885872,16.179840,16.216530,16.363075,16.106438,16.216530,16.710136,16.545914,16.436256,16.783035,17.255310,16.600693,16.545914,16.691910,16.946808,17.019493,17.073982,17.001335,17.128418,17.073982,17.363930,16.964989,17.616829,17.400101,17.382019,17.363930,17.508537,17.761002,17.850990,17.797005,17.382019,17.833000,17.652901,18.048607,18.192039,18.048607,18.030663,18.388855,18.567383,18.156204,18.549545,18.227867,18.638680,18.513863,18.638680,18.585213,18.620857,18.745514,18.816666,18.603035,19.047462,18.460312,18.281563,18.531708,18.585213,18.656494,18.709923,18.227867,18.656494,18.567383,18.656494,18.709923,18.656494,18.442459,18.852211,18.585213,18.798882,18.620857,18.620857,18.923264,18.531708,18.905502,18.692123,18.478165,18.638680,18.994255,18.727722,18.834435,18.656494,18.834435,18.745514,18.692123,19.047462,18.763306,19.082909,18.869980,19.206863,18.763306,18.852211,19.153755,18.905502,19.011993,18.763306,18.620857,18.905502,18.958771,18.781090,18.388855,18.958771,18.923264,18.496017,18.692123,18.603035,18.388855,18.353111,18.424599,18.513863,18.727722,18.709923,18.299454,18.531708,18.656494,18.709923,18.887749,18.442459,18.656494,18.585213,18.353111,18.674309,18.317345,18.905502,18.335236,18.424599,18.156204,18.567383,18.460312,18.335236,18.353111,18.406731,18.496017,18.496017,18.192039,18.317345,18.585213,18.102425,18.012718,18.066551,18.299454,18.138290,17.850990,18.012718,17.400101,17.598785,17.833000,17.976807,17.850990,17.904930,17.724983,17.833000,17.688942,17.994759,17.868965,17.868965,17.652901,17.436272,17.073982,16.964989,16.964989,16.527649,16.069710,15.738518,15.793800,15.904274,15.313492,14.737404,14.811943,14.886414,14.213860,14.811943,14.044937,14.382469,14.195114,14.830566,14.513397,14.476006,14.532082,14.700096,14.700096,14.718750,14.718750,14.419891,14.569450,14.063721,14.382469,14.363747,13.950951,14.382469,14.625465,14.569450,14.232613,14.307571,13.950951,14.606796,14.120049,14.419891,14.251350,14.401184,14.401184,14.270103,14.307571,14.101280,14.270103,14.270103,14.326302,14.457298,13.932144,14.026146,14.044937,14.326302,13.875710,14.213860,14.007355,14.157593,14.382469,14.476006,14.494698,14.101280,13.969765,14.082504,13.856880,14.251350,14.082504,14.044937,14.307571,14.270103,14.326302,14.195114,14.457298,14.044937,14.120049,14.213860,14.176346,13.687294,13.894524,13.913338,13.536285,13.479599,14.026146,13.668427,13.800392,13.422867,13.195625,13.062805,13.024826,13.498497,13.479599,13.441788,13.630692,14.063721,13.875710,13.706154,13.403954,13.819221,13.856880,14.232613,13.743858,14.213860,13.875710,13.950951,14.157593,13.913338,14.157593,14.345024,14.232613,14.213860,14.026146,13.988556,13.988556,13.913338,14.213860,13.668427,14.886414,14.101280,14.120049,14.138817,14.138817,14.026146,14.101280,13.800392,14.232613,13.856880,14.288834,14.476006,14.120049,14.120049,13.800392,14.044937,13.913338,13.894524,13.894524,13.856880,13.819221,13.706154,13.894524,14.457298,14.419891,14.044937,13.988556,13.592949,14.138817,13.969765,14.232613,13.819221,13.894524,14.026146,14.063721,14.138817,13.630692,13.630692,14.044937,13.347183,13.743858,13.838051,14.195114,13.819221,13.649567,13.649567,13.611824,13.781540,13.668427,13.592949,13.536285,13.875710,13.838051,14.213860,14.195114,13.988556,14.270103,14.569450,14.774681,15.202286,15.035194,15.959457,15.646294,16.399666,16.472824,16.143143,16.399666,16.472824,16.014603,15.996223,15.498535,15.867470,16.326462,15.904274,16.289825,16.198189,15.867470,15.904274,16.143143,16.472824,16.326462,16.655434,16.289825,16.783035,16.964989,16.673668,16.582436,16.637184,16.710136,16.910439,16.983162,17.019493,17.327736,17.110275,17.219078,17.922905,17.454338,17.382019,17.164696,17.418190,17.742996,17.219078,17.833000,17.508537,17.833000,17.508537,17.128418,17.634865,17.815002,17.562698,18.012718,17.922905,18.030663,17.580750,17.508537,17.490471,17.436272,17.797005,17.779015,17.508537,17.073982,17.291534,17.490471,17.273430,17.363930,17.128418,16.819458,17.291534,16.746590,16.928627,17.255310,16.928627,16.819458,16.527649,16.801247,17.019493,16.454536,16.783035,16.161499,16.088081,15.830643,16.179840,15.202286,15.701637,14.849190,15.035194,15.016617,14.363747,14.326302,14.960838,14.700096,14.513397,14.419891,15.239365,14.793312,14.382469,14.644127,14.513397,14.195114,14.176346,14.195114,14.307571,14.457298,14.700096,14.345024,14.513397,14.307571,14.063721,14.307571,13.630692,13.932144,14.419891,14.007355,14.438606,14.532082,14.419891,13.781540,14.026146,14.326302,13.913338,14.270103,13.950951,13.081795,13.819221,14.307571,13.725006,13.856880,13.460693,14.007355,13.762703,13.422867,13.630692,13.611824,13.347183,13.385033,
11.993431,12.146942,12.472336,13.309326,12.376740,12.548721,12.891754,12.758507,12.853714,13.100769,13.081795,12.948814,13.252487,12.720398,12.548721,12.739456,13.385033,13.100769,12.586906,13.119759,13.157700,13.024826,12.663208,12.910774,12.891754,12.644142,13.309326,13.195625,12.758507,13.157700,13.271439,13.195625,13.441788,12.910774,12.834679,13.062805,12.929794,12.720398,12.758507,13.309326,13.762703,13.498497,13.309326,12.567825,13.328255,13.630692,13.555183,13.536285,13.574066,12.777557,13.574066,13.176659,13.800392,13.138725,13.309326,13.517403,13.536285,13.592949,13.819221,13.630692,13.706154,13.460693,13.555183,13.687294,13.479599,13.403954,13.781540,12.986824,13.347183,13.081795,12.986824,13.214584,12.491440,12.910774,13.176659,12.453224,12.739456,12.548721,12.967819,12.586906,12.910774,13.271439,12.796600,13.309326,13.441788,13.005829,13.043808,13.005829,13.233543,13.611824,13.498497,13.781540,13.479599,13.309326,14.120049,14.007355,13.460693,13.668427,13.555183,13.649567,13.913338,13.366112,13.385033,14.026146,13.403954,14.101280,13.894524,13.385033,13.668427,13.706154,13.611824,13.762703,13.668427,13.479599,13.555183,13.214584,13.479599,13.422867,13.574066,13.950951,14.138817,13.649567,13.969765,13.725006,13.630692,13.347183,13.517403,13.781540,14.063721,13.555183,14.063721,13.838051,13.706154,13.630692,13.838051,13.385033,13.838051,13.838051,13.762703,14.213860,13.838051,13.913338,14.007355,13.856880,13.856880,14.176346,13.460693,13.838051,13.894524,13.574066,14.157593,13.800392,13.762703,13.366112,13.630692,13.781540,13.592949,13.385033,13.950951,13.687294,13.800392,13.441788,14.811943,14.288834,14.625465,14.569450,15.535500,15.461563,15.590912,16.198189,16.161499,16.106438,16.253181,16.289825,16.271500,16.253181,16.253181,16.381371,16.783035,16.545914,16.655434,16.454536,16.691910,16.253181,17.037659,16.509377,16.874062,16.746590,16.801247,17.164696,17.309639,16.964989,17.436272,17.309639,17.309639,17.037659,17.472412,17.472412,17.544655,17.309639,17.706970,17.670921,17.688942,17.742996,18.317345,18.048607,17.976807,17.940880,17.761002,18.066551,18.138290,18.370995,18.478165,18.335236,18.478165,18.174133,18.531708,18.496017,18.620857,18.905502,18.317345,19.136055,18.745514,18.585213,18.816666,18.834435,18.763306,18.478165,18.263664,19.011993,18.549545,18.585213,18.781090,18.976524,18.478165,18.370995,18.852211,18.478165,18.567383,18.317345,18.353111,18.745514,19.047462,18.674309,19.082909,18.638680,18.531708,18.763306,18.709923,18.692123,18.781090,18.513863,18.798882,18.887749,18.603035,19.100624,19.153755,19.100624,19.011993,18.656494,19.189156,18.549545,18.798882,18.727722,19.312950,18.976524,18.745514,19.082909,18.798882,18.941017,18.852211,18.709923,18.709923,18.603035,18.834435,19.082909,18.869980,18.567383,18.763306,18.727722,18.084496,18.941017,18.941017,18.620857,18.798882,18.816666,18.727722,18.299454,18.745514,18.460312,18.692123,18.727722,18.513863,18.887749,18.781090,18.638680,18.567383,18.941017,18.317345,18.549545,18.638680,18.353111,18.227867,17.994759,18.638680,18.066551,18.603035,18.442459,18.192039,17.779015,18.263664,18.370995,18.084496,18.120361,17.904930,18.084496,18.174133,17.598785,18.030663,17.994759,17.688942,17.868965,17.833000,17.526596,17.994759,17.670921,17.688942,17.742996,17.598785,17.472412,17.073982,16.527649,16.289825,16.014603,15.977844,15.332008,15.387550,14.979439,14.923637,14.606796,14.606796,14.532082,14.513397,14.176346,14.942238,14.232613,14.588127,14.569450,14.700096,14.718750,14.700096,14.232613,14.849190,14.457298,14.138817,14.550774,14.457298,14.550774,14.606796,14.288834,14.120049,14.419891,14.326302,14.363747,14.345024,14.232613,14.288834,13.649567,14.082504,13.856880,14.363747,14.213860,14.345024,14.063721,14.232613,14.270103,14.195114,14.082504,14.326302,14.195114,14.138817,14.382469,14.082504,14.026146,14.569450,14.044937,14.213860,14.288834,14.681450,14.494698,14.213860,14.251350,14.232613,14.737404,14.494698,14.307571,14.288834,14.176346,14.401184,14.251350,13.800392,14.138817,14.513397,14.007355,14.270103,14.232613,13.913338,13.856880,14.007355,13.800392,14.044937,13.403954,13.649567,13.536285,13.479599,13.649567,13.441788,13.233543,13.422867,13.441788,13.592949,13.479599,13.347183,13.517403,13.574066,13.498497,13.536285,14.063721,13.800392,13.932144,13.762703,14.063721,13.743858,13.932144,14.382469,14.251350,14.288834,14.176346,14.307571,14.363747,14.213860,13.950951,13.649567,14.213860,14.213860,14.044937,13.800392,13.988556,14.120049,14.288834,14.063721,13.932144,13.517403,14.213860,14.120049,14.026146,14.251350,14.195114,14.288834,13.574066,14.251350,14.120049,14.401184,13.762703,13.894524,14.082504,14.251350,13.555183,13.838051,14.063721,13.856880,13.950951,14.138817,13.988556,14.138817,14.213860,13.932144,13.725006,13.932144,13.913338,13.988556,14.251350,13.592949,13.668427,14.401184,13.894524,14.345024,14.363747,13.762703,13.988556,13.781540,13.988556,13.574066,13.706154,13.725006,13.649567,13.668427,13.819221,14.345024,14.401184,14.419891,14.195114,14.867805,14.849190,15.016617,14.960838,15.793800,15.830643,16.014603,16.234848,16.088081,15.904274,16.289825,16.326462,16.308144,15.775375,15.517014,16.143143,16.106438,16.253181,16.161499,15.830643,15.941071,15.959457,16.691910,16.819458,16.032974,16.326462,16.637184,16.417961,16.819458,16.928627,16.618950,17.019493,16.964989,16.728371,17.237198,17.237198,16.855865,17.146553,17.019493,16.746590,17.472412,17.237198,17.309639,17.164696,17.400101,17.327736,17.886955,17.616829,17.092117,17.598785,17.688942,17.580750,17.598785,18.245766,17.904930,17.562698,17.833000,17.724983,17.850990,17.544655,17.255310,17.580750,17.797005,17.742996,17.273430,17.544655,17.363930,17.019493,17.073982,16.728371,16.855865,17.001335,17.200951,16.655434,16.983162,17.055817,17.037659,17.255310,16.764816,16.582436,16.472824,16.472824,16.106438,15.720085,15.535500,15.257896,15.756950,14.793312,14.419891,15.183723,14.923637,14.681450,14.345024,14.662788,14.288834,15.313492,14.625465,14.550774,15.350533,13.988556,13.800392,14.532082,14.213860,14.363747,14.588127,14.382469,14.438606,14.438606,14.494698,14.905037,14.007355,14.157593,13.649567,14.232613,13.894524,13.781540,13.894524,13.630692,14.195114,14.438606,13.687294,14.176346,14.026146,13.536285,14.120049,13.649567,13.574066,13.875710,14.326302,14.101280,13.592949,14.270103,13.479599,13.725006,13.366112,12.967819,13.498497,13.271439,
12.300209,12.357613,12.127769,12.777557,12.644142,13.328255,12.796600,13.100769,12.967819,13.176659,12.739456,13.081795,12.929794,12.682281,12.796600,13.081795,13.005829,13.347183,13.309326,13.138725,13.176659,13.024826,12.872734,12.586906,12.338478,13.062805,13.176659,12.605988,13.517403,13.043808,12.986824,12.967819,13.005829,13.536285,13.138725,13.005829,12.948814,13.290382,13.233543,13.385033,12.967819,12.796600,13.252487,13.347183,13.347183,13.233543,13.176659,13.347183,13.366112,13.706154,13.214584,13.138725,13.271439,12.625069,13.555183,13.592949,13.479599,13.706154,13.347183,13.555183,13.385033,13.630692,13.555183,13.328255,13.725006,13.290382,13.252487,13.517403,13.062805,13.043808,13.214584,12.853714,12.986824,12.815643,12.739456,12.929794,12.853714,12.948814,12.300209,12.986824,12.739456,12.491440,13.119759,12.739456,13.157700,12.796600,13.271439,13.536285,13.233543,13.081795,13.119759,13.422867,13.630692,13.460693,13.479599,13.460693,13.460693,13.725006,13.574066,13.800392,13.498497,13.422867,13.781540,13.894524,13.611824,13.574066,13.988556,13.856880,13.894524,13.271439,13.894524,13.290382,13.630692,13.932144,13.969765,13.517403,13.498497,14.101280,13.856880,13.819221,13.668427,13.460693,13.668427,13.706154,13.781540,13.555183,14.157593,13.441788,13.706154,13.875710,14.138817,13.687294,13.969765,13.743858,14.026146,14.120049,13.649567,13.743858,13.932144,14.157593,14.195114,13.517403,13.913338,13.800392,13.969765,14.213860,13.894524,13.743858,13.762703,13.668427,13.894524,14.044937,13.574066,13.649567,14.007355,13.800392,13.517403,13.536285,13.498497,13.592949,14.213860,13.838051,14.401184,14.326302,14.644127,14.532082,15.387550,15.793800,15.461563,15.812218,16.106438,16.308144,16.363075,16.216530,16.216530,16.344765,16.326462,16.124794,16.216530,16.655434,16.399666,16.600693,16.874062,16.673668,16.691910,16.582436,16.710136,16.673668,17.037659,17.055817,17.273430,17.146553,17.182823,16.819458,17.580750,17.219078,17.652901,17.363930,17.164696,17.400101,17.724983,17.706970,17.976807,17.724983,17.616829,17.904930,17.868965,17.922905,18.388855,18.245766,18.102425,18.531708,18.227867,18.388855,18.674309,18.424599,18.745514,18.656494,18.603035,18.388855,18.245766,18.585213,18.869980,18.781090,18.531708,18.692123,18.585213,18.976524,18.478165,18.567383,18.905502,18.709923,18.745514,18.834435,18.406731,18.727722,18.709923,18.388855,18.299454,18.424599,18.656494,18.603035,18.549545,18.585213,18.656494,18.816666,18.496017,18.852211,18.816666,18.245766,18.638680,18.923264,19.295280,18.727722,18.852211,18.603035,18.905502,18.958771,18.603035,18.388855,18.887749,18.816666,18.941017,19.011993,18.958771,18.994255,18.994255,18.958771,18.976524,18.834435,18.941017,19.029732,18.816666,18.923264,18.816666,18.353111,18.941017,18.513863,18.603035,18.798882,18.674309,18.442459,18.674309,18.709923,18.478165,18.887749,18.692123,18.692123,18.798882,18.549545,18.406731,18.478165,18.424599,18.745514,18.603035,18.585213,18.406731,18.174133,18.442459,18.388855,18.478165,18.156204,18.353111,18.192039,18.281563,18.745514,18.496017,18.174133,18.496017,18.335236,17.922905,18.513863,18.335236,17.886955,17.868965,18.012718,17.779015,17.850990,17.815002,17.922905,17.886955,17.490471,18.209953,17.670921,17.742996,17.761002,18.317345,17.055817,17.580750,17.110275,17.092117,16.637184,16.271500,16.253181,15.627831,15.590912,15.276436,15.239365,14.494698,14.363747,14.120049,14.345024,14.662788,14.438606,14.476006,14.438606,14.606796,14.588127,14.363747,14.625465,14.681450,14.756035,14.979439,14.401184,14.737404,14.326302,14.251350,14.476006,14.476006,14.232613,14.326302,14.063721,14.345024,14.044937,14.363747,14.232613,14.457298,14.101280,14.326302,13.856880,14.270103,14.588127,14.232613,13.781540,13.875710,14.382469,14.101280,14.176346,14.044937,14.382469,14.401184,14.195114,14.251350,13.913338,13.725006,14.270103,14.157593,13.988556,14.157593,14.176346,14.176346,14.063721,14.232613,14.195114,14.457298,14.251350,14.307571,14.232613,14.438606,14.195114,14.120049,14.382469,14.270103,14.138817,14.232613,14.625465,14.138817,13.630692,13.536285,13.630692,13.403954,13.214584,13.347183,13.479599,13.498497,13.195625,13.290382,13.555183,13.592949,13.347183,13.290382,13.062805,13.894524,13.574066,13.687294,13.517403,13.517403,13.819221,13.819221,13.498497,13.950951,14.120049,13.743858,14.363747,14.494698,14.157593,14.120049,14.232613,14.270103,14.213860,14.251350,14.007355,14.007355,13.988556,14.082504,14.063721,13.875710,13.668427,14.007355,13.988556,13.875710,13.630692,14.138817,13.706154,14.082504,13.932144,14.157593,13.856880,14.063721,14.082504,14.213860,13.819221,13.725006,13.913338,14.063721,13.856880,14.120049,13.743858,14.232613,13.555183,14.213860,13.630692,14.026146,13.649567,13.706154,13.800392,14.082504,13.574066,13.819221,14.007355,13.706154,13.781540,14.082504,14.138817,13.969765,13.536285,13.838051,13.555183,14.176346,14.044937,13.611824,13.800392,13.762703,13.875710,13.422867,13.592949,13.950951,13.574066,14.213860,14.120049,14.251350,14.419891,14.960838,14.494698,15.257896,15.738518,15.756950,16.051353,15.904274,16.088081,16.436256,16.014603,16.344765,15.959457,15.904274,16.253181,15.830643,16.253181,15.996223,16.454536,16.234848,16.673668,16.161499,16.216530,16.746590,16.673668,16.746590,16.783035,16.874062,16.710136,16.928627,16.874062,17.073982,16.600693,16.801247,17.001335,16.964989,16.855865,17.255310,16.983162,17.922905,17.200951,17.490471,17.291534,17.742996,17.670921,17.652901,17.110275,17.309639,17.073982,17.255310,17.526596,17.922905,17.779015,17.598785,17.634865,18.120361,17.400101,17.472412,18.353111,17.472412,17.382019,17.850990,17.255310,18.102425,17.418190,16.783035,17.688942,17.797005,17.418190,17.255310,17.055817,17.418190,17.255310,16.855865,16.710136,17.019493,16.417961,17.200951,16.564171,16.710136,16.363075,16.564171,16.326462,16.289825,15.849052,15.812218,15.553970,14.326302,15.461563,15.276436,14.793312,15.109489,14.830566,14.438606,14.700096,14.606796,14.307571,14.345024,14.195114,14.662788,14.774681,14.681450,14.998024,14.718750,14.494698,14.737404,14.438606,14.569450,13.856880,14.307571,14.270103,14.251350,13.819221,14.251350,14.026146,14.120049,14.120049,14.588127,14.063721,13.875710,14.532082,14.494698,14.082504,14.251350,14.138817,13.988556,14.476006,13.668427,14.270103,13.574066,14.063721,13.894524,13.649567,13.819221,14.288834,13.781540,13.441788,13.611824,13.119759,
12.338478,12.644142,12.834679,12.815643,12.910774,13.157700,12.758507,12.853714,13.062805,12.720398,13.005829,13.100769,13.138725,12.796600,13.195625,13.005829,12.720398,12.796600,12.948814,13.005829,13.100769,12.777557,13.195625,12.701340,13.460693,12.929794,13.157700,13.517403,13.271439,12.891754,12.815643,13.403954,13.347183,13.024826,13.043808,13.005829,13.005829,13.195625,13.385033,13.271439,13.214584,13.043808,13.043808,13.062805,13.233543,12.986824,13.422867,13.195625,13.574066,13.403954,13.176659,13.347183,13.252487,13.422867,13.290382,13.271439,13.309326,13.498497,13.649567,13.195625,13.762703,13.498497,13.328255,13.781540,13.913338,13.441788,13.687294,12.967819,13.157700,13.176659,13.403954,12.853714,12.891754,12.567825,12.395866,12.758507,12.834679,12.967819,13.005829,12.491440,12.967819,13.062805,13.233543,13.005829,13.005829,13.214584,12.872734,13.309326,13.592949,13.630692,13.517403,13.309326,13.592949,13.611824,13.555183,13.838051,13.498497,13.555183,13.687294,13.894524,13.517403,13.403954,13.592949,13.838051,13.819221,13.555183,14.101280,13.479599,13.819221,13.856880,13.592949,13.479599,13.856880,13.385033,13.309326,13.460693,13.894524,13.479599,14.007355,13.479599,13.555183,13.743858,13.555183,13.630692,13.630692,13.913338,14.026146,13.441788,13.706154,13.988556,14.213860,13.687294,13.800392,14.213860,13.762703,13.838051,13.630692,14.101280,13.592949,14.007355,14.195114,13.385033,13.894524,13.781540,13.592949,14.120049,13.555183,13.687294,14.288834,13.894524,14.063721,14.026146,14.138817,13.328255,13.913338,13.611824,13.214584,13.800392,13.498497,13.157700,14.157593,14.195114,14.438606,14.681450,14.644127,14.811943,15.090919,15.480049,15.977844,15.830643,16.069710,16.637184,16.363075,16.472824,16.198189,16.289825,16.673668,16.545914,16.509377,16.618950,16.673668,16.326462,16.545914,16.582436,16.308144,16.600693,16.600693,16.801247,16.874062,17.164696,17.128418,16.983162,17.273430,17.037659,17.634865,17.382019,17.436272,17.309639,17.526596,17.327736,17.706970,17.652901,17.994759,17.526596,18.102425,18.263664,18.084496,17.670921,18.192039,17.904930,18.066551,18.816666,18.478165,18.531708,18.442459,18.478165,18.353111,18.370995,18.424599,18.567383,18.084496,18.317345,18.567383,18.852211,18.335236,18.905502,18.567383,18.620857,18.424599,18.227867,18.745514,18.763306,18.496017,18.370995,18.656494,18.174133,18.727722,18.869980,18.585213,18.156204,18.513863,18.317345,18.478165,18.745514,18.460312,18.674309,18.852211,18.531708,18.585213,18.816666,18.905502,18.958771,18.869980,18.834435,18.692123,18.496017,18.923264,19.189156,18.816666,18.727722,18.816666,18.745514,18.567383,18.638680,18.923264,19.065178,18.692123,18.745514,18.976524,18.958771,18.638680,18.692123,18.852211,18.209953,18.388855,18.816666,18.709923,18.549545,18.335236,18.887749,18.692123,18.513863,18.638680,18.905502,18.549545,18.656494,18.638680,18.727722,18.745514,18.692123,18.781090,18.692123,18.727722,18.638680,18.549545,19.082909,18.745514,18.638680,18.603035,18.496017,18.012718,18.120361,18.620857,18.281563,18.317345,18.424599,18.603035,18.156204,18.209953,17.994759,18.066551,18.317345,18.012718,18.030663,18.227867,17.904930,18.174133,17.940880,17.688942,18.066551,17.724983,17.958839,17.904930,17.761002,17.742996,17.797005,17.868965,17.616829,17.490471,17.182823,17.037659,16.801247,16.527649,15.830643,15.885872,15.369041,15.090919,14.979439,14.849190,13.988556,14.569450,14.138817,14.476006,14.401184,14.681450,14.363747,14.774681,14.625465,14.494698,14.905037,14.382469,14.550774,14.213860,14.662788,14.345024,14.326302,14.662788,14.457298,14.326302,14.718750,14.232613,14.625465,14.138817,14.625465,14.345024,14.345024,14.082504,14.476006,14.251350,14.176346,14.120049,14.176346,14.082504,14.026146,14.195114,14.063721,13.988556,14.326302,13.725006,14.007355,14.044937,14.625465,14.176346,13.969765,14.270103,14.419891,14.513397,13.969765,14.476006,14.213860,14.363747,14.044937,13.762703,14.363747,14.532082,14.363747,14.476006,14.307571,14.718750,14.326302,14.476006,14.195114,14.476006,13.781540,14.288834,13.781540,13.875710,13.706154,13.988556,13.894524,13.800392,13.856880,14.026146,13.347183,13.347183,13.309326,13.517403,13.574066,13.649567,13.195625,13.592949,13.328255,13.725006,13.574066,13.574066,13.687294,13.687294,13.875710,14.176346,13.800392,13.988556,14.082504,14.700096,14.307571,14.345024,14.438606,13.762703,14.401184,14.195114,14.419891,14.063721,14.288834,14.007355,14.438606,13.988556,13.838051,13.856880,14.326302,13.894524,14.063721,14.082504,14.082504,13.913338,13.969765,13.988556,13.950951,14.345024,13.819221,14.157593,14.251350,14.101280,14.157593,13.988556,14.120049,14.251350,13.819221,13.932144,14.157593,13.950951,13.743858,14.138817,14.138817,14.419891,13.592949,14.082504,13.649567,14.063721,13.856880,13.706154,13.988556,14.007355,13.894524,13.762703,13.894524,13.743858,13.441788,13.856880,13.706154,13.819221,13.630692,14.120049,13.668427,13.706154,13.441788,14.082504,13.932144,13.460693,13.838051,13.800392,13.743858,14.345024,14.401184,14.026146,14.979439,15.553970,15.480049,15.276436,16.143143,15.664742,16.069710,15.941071,15.756950,16.161499,15.867470,16.399666,15.885872,15.941071,15.720085,16.326462,16.253181,16.014603,16.161499,15.885872,16.106438,16.472824,16.326462,16.637184,16.472824,16.454536,17.019493,16.618950,16.454536,17.219078,17.146553,17.436272,16.545914,17.400101,17.001335,17.526596,17.037659,17.815002,17.616829,17.182823,17.436272,17.291534,17.526596,17.309639,17.634865,17.886955,17.562698,17.490471,17.779015,17.742996,17.472412,17.706970,17.868965,17.868965,17.688942,17.904930,17.146553,17.490471,17.868965,17.400101,17.742996,17.363930,17.922905,17.255310,17.019493,17.055817,17.327736,17.237198,17.182823,16.910439,17.309639,16.600693,16.801247,16.618950,17.164696,17.128418,16.874062,16.472824,16.399666,16.271500,16.326462,15.977844,15.904274,15.849052,15.775375,15.424561,14.923637,15.498535,14.849190,14.867805,14.195114,14.363747,13.894524,14.550774,14.811943,14.401184,14.101280,14.419891,14.326302,14.382469,14.905037,14.363747,14.120049,14.419891,14.232613,14.288834,14.063721,14.176346,13.913338,14.345024,13.894524,14.700096,14.026146,13.725006,14.457298,13.649567,13.913338,14.288834,13.988556,14.326302,13.800392,13.517403,14.457298,14.157593,14.326302,13.800392,13.894524,14.588127,13.894524,14.063721,13.479599,13.574066,13.536285,13.347183,13.328255,13.574066,13.081795,
12.357613,13.081795,13.309326,13.138725,12.948814,12.663208,13.668427,12.625069,12.281059,12.948814,12.720398,13.062805,12.758507,13.157700,12.872734,12.567825,12.986824,13.043808,12.929794,12.586906,12.663208,13.347183,13.233543,12.567825,12.910774,12.319344,12.739456,12.910774,12.491440,13.100769,12.986824,12.815643,13.119759,12.872734,13.062805,12.815643,13.119759,13.062805,12.910774,13.081795,13.157700,12.891754,13.422867,12.948814,12.872734,13.157700,13.252487,13.043808,13.687294,12.872734,13.309326,13.214584,13.611824,13.517403,13.366112,13.138725,13.195625,13.062805,13.536285,13.517403,13.592949,13.592949,13.233543,13.328255,13.687294,12.929794,12.948814,13.100769,13.081795,13.290382,13.157700,13.403954,13.157700,12.644142,12.548721,12.796600,13.119759,12.739456,12.777557,12.644142,13.157700,12.891754,12.872734,12.986824,12.891754,12.739456,13.517403,12.948814,13.479599,13.271439,13.649567,13.290382,13.555183,13.838051,13.725006,13.668427,13.762703,13.592949,13.856880,13.460693,13.119759,13.385033,13.725006,13.875710,13.460693,13.422867,14.101280,13.838051,13.536285,13.611824,13.649567,13.441788,13.460693,13.875710,13.498497,13.347183,13.611824,13.479599,13.592949,13.517403,13.894524,14.251350,13.838051,13.536285,13.517403,13.932144,13.536285,14.195114,13.781540,13.762703,13.988556,13.913338,13.611824,14.120049,13.611824,13.969765,13.969765,14.044937,14.270103,13.800392,13.781540,14.007355,13.725006,13.932144,13.856880,13.762703,13.913338,14.195114,14.307571,13.875710,13.856880,14.007355,14.270103,13.347183,13.706154,13.611824,13.536285,13.687294,14.157593,13.441788,13.517403,14.120049,14.662788,14.532082,14.830566,15.128059,15.369041,15.553970,15.517014,16.124794,15.959457,16.198189,16.454536,16.051353,16.417961,16.417961,16.381371,16.143143,16.655434,16.124794,16.381371,16.874062,16.637184,16.600693,17.200951,16.655434,16.946808,16.728371,17.291534,17.273430,17.055817,17.382019,17.454338,17.363930,17.291534,17.454338,17.237198,17.598785,17.562698,17.382019,17.255310,18.084496,17.904930,18.012718,17.742996,18.066551,18.102425,17.994759,17.868965,18.424599,18.102425,18.692123,18.638680,18.317345,18.388855,18.370995,18.905502,18.299454,18.674309,19.047462,18.709923,18.388855,18.781090,18.460312,19.171471,18.763306,19.118340,18.478165,18.567383,18.709923,18.585213,18.869980,18.923264,18.852211,18.335236,18.531708,18.442459,18.620857,18.745514,18.692123,18.674309,18.941017,19.011993,18.816666,18.798882,18.923264,18.745514,18.852211,18.513863,18.513863,19.206863,18.674309,18.567383,18.869980,18.674309,18.798882,18.941017,18.852211,18.585213,18.816666,18.709923,18.370995,18.478165,18.763306,18.603035,18.781090,19.011993,18.887749,19.118340,18.460312,19.153755,18.798882,18.460312,18.727722,18.834435,18.281563,18.674309,18.299454,18.424599,18.781090,18.603035,18.958771,18.887749,18.567383,18.674309,18.620857,18.603035,18.905502,18.763306,18.567383,18.585213,18.567383,18.674309,18.674309,18.406731,18.620857,18.442459,18.531708,18.424599,18.496017,18.496017,18.603035,18.496017,18.567383,18.227867,18.709923,18.317345,18.335236,18.513863,18.335236,18.012718,18.120361,18.174133,18.066551,17.904930,17.724983,18.048607,17.994759,18.012718,17.850990,17.922905,17.850990,17.797005,17.761002,18.138290,17.508537,17.833000,17.616829,17.055817,17.562698,16.855865,16.691910,16.344765,15.627831,15.941071,15.609375,15.461563,14.960838,14.532082,14.606796,14.550774,14.213860,14.476006,14.251350,14.063721,14.532082,14.588127,15.016617,14.737404,14.700096,14.718750,14.644127,14.176346,14.082504,14.363747,14.419891,14.625465,14.457298,14.157593,14.419891,14.307571,14.419891,14.550774,14.419891,14.195114,14.326302,14.569450,13.838051,14.363747,14.700096,14.120049,14.288834,14.532082,14.251350,14.213860,14.494698,14.270103,14.063721,14.494698,13.819221,13.913338,14.251350,13.950951,14.176346,14.326302,14.082504,14.251350,14.419891,14.326302,14.793312,14.288834,13.781540,13.819221,14.326302,14.044937,13.950951,14.063721,13.668427,14.644127,14.138817,14.063721,14.213860,14.718750,14.457298,14.401184,13.875710,14.363747,13.668427,14.382469,13.706154,14.232613,13.819221,13.517403,13.555183,13.649567,13.119759,13.479599,13.005829,13.271439,13.366112,13.119759,13.630692,13.385033,13.706154,13.838051,13.309326,13.950951,13.743858,13.498497,13.762703,14.382469,13.574066,14.793312,14.044937,14.345024,14.007355,14.345024,14.044937,14.195114,14.457298,14.232613,13.800392,14.382469,14.120049,14.120049,14.007355,13.838051,13.856880,13.555183,13.668427,14.063721,14.044937,13.743858,14.063721,13.781540,13.969765,13.932144,14.157593,14.007355,14.176346,14.044937,13.950951,13.574066,14.176346,13.725006,13.385033,14.176346,13.913338,13.422867,14.026146,13.668427,13.611824,13.460693,13.460693,13.988556,13.932144,14.026146,14.345024,13.611824,13.781540,13.875710,13.649567,13.725006,13.762703,13.932144,13.950951,13.347183,13.894524,13.875710,13.762703,13.517403,13.706154,13.762703,13.574066,13.950951,13.574066,13.706154,13.725006,13.800392,13.706154,14.138817,13.950951,14.979439,14.363747,15.424561,15.498535,15.517014,16.051353,16.124794,16.143143,16.106438,15.517014,15.775375,16.234848,16.106438,16.161499,16.326462,16.491104,16.143143,15.849052,16.124794,15.830643,15.867470,16.253181,16.326462,16.417961,16.216530,16.106438,16.381371,16.728371,16.874062,16.710136,16.910439,16.618950,16.892258,17.128418,17.327736,17.146553,17.490471,17.363930,17.309639,17.724983,17.327736,17.652901,17.652901,17.092117,17.779015,17.363930,17.742996,17.544655,17.670921,17.580750,17.508537,17.454338,17.797005,17.073982,18.048607,17.688942,17.724983,17.976807,17.580750,17.886955,17.797005,17.363930,18.245766,17.580750,17.164696,17.454338,17.237198,17.309639,17.128418,17.110275,17.019493,16.874062,17.019493,17.146553,16.600693,16.746590,16.564171,16.728371,16.801247,16.819458,16.472824,16.051353,16.344765,15.904274,16.051353,15.922668,15.387550,15.517014,15.202286,14.588127,15.053780,14.007355,14.569450,14.550774,14.363747,14.588127,14.513397,14.401184,14.026146,14.044937,13.856880,14.438606,13.932144,14.288834,13.988556,14.419891,14.251350,14.307571,14.044937,14.270103,14.438606,13.913338,13.950951,13.932144,14.044937,13.479599,14.606796,14.251350,14.307571,13.856880,14.905037,13.592949,13.592949,14.044937,14.176346,13.725006,13.913338,13.498497,13.838051,13.988556,14.270103,13.309326,14.063721,13.536285,13.271439,13.498497,13.762703,12.967819,
11.955025,12.586906,12.796600,13.062805,13.138725,12.663208,12.510529,13.043808,13.555183,12.967819,12.948814,12.796600,13.252487,12.815643,13.100769,12.891754,12.376740,13.195625,12.777557,13.100769,12.872734,12.758507,13.062805,12.910774,13.195625,12.834679,13.043808,13.024826,12.796600,12.986824,12.567825,13.271439,13.043808,13.024826,13.536285,12.853714,13.498497,12.853714,12.986824,13.214584,13.498497,12.834679,13.233543,12.853714,13.100769,13.668427,12.796600,13.290382,13.119759,13.649567,13.460693,13.100769,13.422867,12.986824,13.290382,13.328255,12.967819,12.948814,13.913338,13.043808,13.233543,13.574066,13.819221,12.796600,13.460693,13.233543,13.081795,13.347183,13.328255,12.967819,12.872734,12.910774,13.271439,12.395866,12.891754,12.834679,12.834679,13.043808,12.967819,12.663208,12.453224,13.062805,13.024826,13.062805,13.024826,12.796600,13.233543,13.403954,13.706154,13.214584,13.574066,13.422867,13.422867,13.668427,13.385033,13.309326,13.725006,13.422867,13.838051,13.385033,13.743858,13.762703,13.347183,13.781540,14.176346,13.176659,13.649567,13.725006,13.668427,13.081795,13.592949,13.517403,13.743858,13.043808,13.328255,13.706154,13.781540,13.630692,13.838051,13.290382,13.875710,13.649567,14.026146,13.800392,13.555183,13.611824,13.687294,13.536285,13.592949,13.460693,13.856880,13.800392,13.574066,13.611824,13.649567,13.403954,13.856880,13.574066,13.819221,13.856880,13.856880,14.082504,13.743858,13.630692,13.856880,14.213860,14.101280,13.856880,13.950951,14.213860,13.875710,13.743858,13.913338,13.328255,13.819221,13.479599,13.706154,13.592949,13.403954,13.969765,13.800392,14.270103,14.718750,14.513397,14.288834,14.979439,15.128059,15.517014,15.756950,16.106438,15.996223,16.527649,16.545914,16.417961,16.381371,16.527649,16.363075,16.600693,16.527649,16.417961,16.417961,16.691910,16.454536,16.308144,16.527649,17.037659,17.128418,16.564171,17.182823,17.363930,16.783035,17.544655,17.742996,16.910439,17.255310,17.363930,17.544655,17.490471,17.490471,17.724983,17.400101,17.688942,17.652901,17.833000,18.120361,17.724983,18.245766,18.048607,18.781090,18.084496,18.120361,18.192039,18.370995,18.406731,18.138290,18.585213,18.513863,17.958839,18.138290,18.460312,18.549545,18.227867,18.674309,18.727722,18.692123,18.281563,18.549545,18.370995,18.388855,18.674309,18.603035,18.496017,18.816666,18.496017,18.513863,18.745514,18.424599,19.383614,18.406731,18.620857,18.709923,18.620857,18.335236,18.424599,18.388855,18.834435,18.745514,18.531708,18.674309,18.798882,18.531708,18.869980,18.869980,19.065178,18.478165,19.047462,19.065178,18.567383,18.460312,18.763306,18.388855,18.549545,18.638680,18.834435,18.620857,18.478165,18.923264,19.171471,18.834435,18.603035,18.745514,18.692123,18.513863,18.816666,18.638680,18.496017,18.798882,18.370995,18.603035,18.549545,18.549545,18.353111,18.442459,18.674309,18.692123,18.763306,18.656494,18.585213,18.513863,18.531708,18.478165,18.638680,18.138290,18.674309,18.353111,18.585213,18.674309,18.585213,18.012718,18.299454,18.603035,18.603035,18.442459,18.638680,18.763306,18.388855,18.478165,18.335236,18.388855,18.549545,18.138290,17.994759,18.138290,17.815002,18.084496,17.850990,17.994759,17.688942,17.598785,17.779015,17.886955,17.598785,18.066551,18.012718,18.156204,18.209953,17.904930,17.544655,17.652901,17.182823,17.382019,16.892258,16.216530,15.885872,16.179840,15.387550,15.090919,15.257896,14.849190,14.063721,14.494698,14.401184,13.969765,14.606796,14.476006,14.644127,14.644127,14.644127,14.625465,14.588127,14.681450,14.419891,14.867805,14.419891,14.513397,14.811943,14.737404,14.457298,14.550774,14.232613,14.513397,14.363747,14.195114,14.457298,14.195114,14.401184,14.326302,13.856880,13.800392,14.026146,13.517403,14.326302,14.101280,14.625465,13.781540,13.913338,14.138817,14.307571,13.969765,13.894524,13.950951,14.157593,14.438606,13.743858,14.026146,14.044937,14.120049,14.157593,14.101280,14.063721,14.569450,13.969765,14.120049,14.044937,14.120049,14.270103,14.457298,13.913338,14.138817,14.270103,14.494698,14.401184,14.438606,13.932144,14.307571,14.588127,14.044937,13.988556,13.725006,13.611824,13.725006,13.271439,13.328255,13.460693,13.347183,13.233543,13.555183,13.176659,13.649567,13.385033,13.875710,13.157700,13.555183,13.800392,13.668427,13.781540,13.781540,13.894524,13.800392,14.007355,13.856880,13.725006,14.007355,14.176346,14.213860,13.800392,14.288834,14.363747,14.363747,13.781540,14.176346,14.213860,14.476006,14.063721,13.800392,14.082504,13.668427,14.138817,14.195114,14.307571,14.625465,14.007355,14.026146,13.932144,13.706154,14.419891,14.120049,13.800392,14.101280,13.611824,14.063721,13.819221,13.913338,13.856880,13.668427,13.875710,13.762703,13.479599,13.725006,13.819221,14.288834,14.044937,13.649567,13.725006,13.630692,13.969765,13.706154,13.800392,14.120049,14.138817,14.213860,13.913338,14.044937,13.950951,13.856880,13.706154,13.762703,13.932144,13.592949,13.913338,13.441788,13.649567,13.555183,13.328255,13.687294,13.781540,13.498497,14.026146,13.800392,13.913338,14.532082,14.625465,14.700096,15.035194,15.053780,15.664742,15.424561,15.553970,16.106438,15.627831,16.216530,16.106438,16.198189,16.198189,15.775375,15.775375,16.363075,15.812218,16.582436,16.381371,15.812218,15.977844,16.051353,16.179840,16.124794,16.564171,16.198189,16.472824,16.363075,16.819458,16.964989,17.309639,16.655434,17.055817,17.490471,17.255310,17.526596,16.946808,17.146553,17.688942,17.255310,17.255310,17.562698,17.400101,17.345833,17.994759,17.454338,17.472412,17.526596,17.634865,17.454338,17.562698,17.886955,18.102425,17.598785,17.724983,17.345833,17.562698,17.761002,17.526596,17.742996,17.418190,17.670921,17.490471,17.706970,17.724983,17.345833,17.454338,17.688942,17.200951,17.200951,17.868965,16.964989,16.819458,16.417961,17.182823,16.928627,17.146553,16.728371,17.037659,16.928627,16.527649,16.216530,16.637184,16.564171,16.124794,15.775375,15.424561,15.590912,14.923637,14.960838,14.811943,14.288834,14.307571,14.774681,14.793312,14.662788,14.718750,14.401184,14.737404,14.270103,14.363747,14.756035,14.457298,14.886414,14.270103,14.382469,14.195114,14.345024,14.606796,14.270103,13.932144,14.138817,14.232613,14.419891,14.101280,14.494698,13.611824,14.007355,14.419891,14.606796,14.044937,13.875710,14.513397,14.288834,14.382469,14.176346,14.120049,13.838051,14.101280,13.838051,14.044937,13.969765,13.875710,13.555183,13.875710,14.026146,13.233543,13.649567,12.758507,
12.127769,12.491440,13.422867,12.319344,12.777557,12.834679,12.948814,13.233543,12.453224,12.872734,13.347183,12.758507,13.479599,12.777557,13.479599,12.967819,13.005829,12.453224,12.929794,13.138725,12.796600,13.214584,13.176659,12.948814,13.441788,12.872734,13.157700,12.529640,12.777557,13.611824,12.701340,12.967819,13.176659,13.100769,13.252487,13.062805,13.176659,13.043808,12.872734,13.157700,13.062805,12.758507,13.233543,13.043808,13.800392,13.762703,13.271439,13.271439,13.062805,13.555183,13.630692,13.290382,13.706154,13.403954,13.668427,13.157700,13.290382,13.630692,13.195625,13.441788,13.517403,13.100769,13.950951,13.668427,13.762703,13.555183,12.891754,12.815643,13.630692,13.081795,13.479599,13.347183,13.214584,13.271439,12.929794,12.891754,12.891754,13.100769,12.967819,12.644142,12.720398,12.644142,12.967819,12.986824,13.005829,13.555183,12.910774,13.328255,13.706154,13.252487,13.498497,13.290382,13.536285,13.630692,13.932144,13.290382,13.856880,13.574066,13.856880,13.517403,13.498497,13.630692,13.252487,13.800392,13.932144,13.611824,13.536285,13.385033,13.838051,13.856880,13.479599,13.913338,13.460693,13.328255,13.611824,13.536285,14.101280,13.611824,13.611824,13.252487,13.498497,13.743858,13.743858,13.555183,14.044937,13.838051,14.044937,13.536285,13.932144,13.762703,13.762703,13.328255,14.307571,13.441788,13.875710,13.894524,14.044937,13.856880,14.138817,13.781540,13.819221,13.479599,13.988556,13.969765,13.706154,13.800392,13.630692,14.382469,13.441788,13.932144,14.101280,13.725006,14.063721,14.063721,13.536285,13.555183,13.706154,13.668427,13.328255,13.630692,14.120049,14.138817,13.856880,14.718750,14.606796,15.146614,15.128059,15.313492,15.480049,15.830643,16.143143,16.051353,16.253181,16.545914,16.399666,16.234848,16.308144,16.655434,16.564171,16.143143,16.655434,16.618950,16.655434,16.801247,16.655434,16.509377,17.164696,16.618950,17.273430,16.910439,17.345833,17.237198,17.182823,17.164696,17.454338,17.400101,17.219078,17.562698,16.928627,17.922905,17.598785,17.472412,17.598785,17.616829,18.048607,17.833000,17.958839,18.012718,18.281563,17.868965,18.245766,18.209953,18.227867,18.406731,18.656494,18.496017,18.138290,18.370995,18.549545,18.585213,18.406731,18.620857,18.692123,18.816666,18.798882,18.263664,18.887749,18.353111,18.066551,18.603035,18.638680,18.709923,18.513863,18.370995,18.549545,18.370995,18.406731,18.603035,18.709923,18.460312,18.834435,18.674309,18.620857,18.442459,18.585213,18.852211,18.994255,18.692123,18.638680,18.066551,18.299454,18.620857,18.709923,18.781090,18.496017,18.941017,18.781090,18.852211,18.531708,18.869980,18.603035,18.727722,18.674309,18.620857,18.656494,19.100624,19.082909,19.047462,18.585213,18.816666,18.816666,18.727722,18.531708,18.567383,18.496017,18.603035,18.887749,18.478165,18.460312,18.209953,18.513863,18.227867,18.245766,18.424599,18.567383,18.620857,18.692123,18.460312,18.585213,18.102425,18.496017,18.603035,18.923264,18.620857,18.674309,18.638680,18.745514,18.317345,18.549545,18.727722,18.442459,18.460312,18.245766,18.567383,18.174133,18.603035,18.406731,18.460312,18.317345,18.102425,18.084496,18.174133,18.120361,18.335236,17.761002,18.048607,17.850990,17.886955,17.562698,18.120361,18.120361,17.797005,17.958839,17.562698,17.706970,17.706970,17.797005,17.994759,17.797005,17.382019,16.710136,16.837654,16.728371,16.179840,15.775375,15.664742,15.830643,14.923637,14.886414,14.176346,14.438606,14.232613,14.737404,14.251350,14.662788,14.569450,14.588127,14.849190,14.681450,14.326302,14.438606,14.419891,14.288834,14.419891,14.588127,14.363747,14.737404,14.401184,14.063721,14.307571,14.251350,14.382469,14.457298,14.345024,14.063721,13.781540,13.838051,14.288834,14.007355,14.326302,14.213860,13.969765,14.494698,14.157593,14.382469,14.213860,14.550774,13.725006,14.345024,14.270103,13.894524,14.532082,14.270103,14.270103,14.176346,14.176346,14.007355,14.513397,14.270103,14.382469,14.270103,14.044937,14.419891,14.345024,14.270103,14.195114,14.195114,14.532082,14.811943,14.494698,14.044937,14.382469,14.195114,14.382469,14.251350,14.232613,14.044937,14.457298,13.743858,13.517403,13.762703,13.687294,13.932144,13.856880,13.100769,13.894524,13.233543,13.252487,13.479599,13.498497,13.555183,13.403954,13.668427,13.913338,13.762703,13.856880,13.668427,14.138817,13.479599,13.574066,14.195114,14.176346,14.157593,13.950951,14.120049,14.494698,13.856880,14.176346,14.923637,13.762703,13.894524,14.157593,14.157593,13.706154,14.157593,13.668427,14.044937,13.706154,13.913338,13.894524,13.611824,14.138817,14.138817,13.611824,13.800392,13.838051,13.875710,13.913338,14.401184,13.649567,14.101280,14.251350,13.894524,13.687294,13.875710,13.988556,14.101280,14.270103,14.213860,13.668427,13.988556,13.687294,14.157593,14.232613,14.363747,14.288834,14.044937,13.838051,14.157593,13.574066,14.176346,13.932144,13.969765,14.176346,13.762703,13.969765,13.932144,14.401184,14.101280,13.706154,14.082504,13.687294,13.574066,14.044937,13.706154,13.781540,14.007355,13.856880,13.555183,13.875710,14.363747,14.457298,14.588127,14.979439,14.960838,15.294960,15.183723,15.977844,15.977844,16.234848,15.959457,15.517014,16.124794,15.977844,15.941071,16.234848,15.977844,16.088081,16.253181,16.472824,15.977844,15.720085,15.977844,15.977844,16.545914,16.179840,16.436256,16.491104,17.128418,16.764816,16.946808,16.691910,16.928627,17.219078,17.472412,17.110275,17.255310,17.219078,17.472412,17.382019,17.580750,17.273430,17.508537,17.454338,17.994759,17.652901,17.886955,17.490471,17.562698,17.508537,17.779015,17.562698,17.580750,17.490471,17.634865,17.490471,17.850990,17.472412,17.255310,17.544655,17.833000,18.156204,17.958839,17.706970,17.001335,17.761002,17.273430,17.634865,17.291534,17.634865,17.327736,16.910439,17.073982,17.110275,16.910439,16.855865,16.527649,17.019493,16.764816,17.309639,16.655434,16.253181,16.801247,16.124794,16.472824,15.885872,15.885872,15.609375,15.720085,15.183723,14.979439,14.345024,14.849190,14.382469,14.213860,14.438606,14.662788,14.625465,15.498535,14.363747,14.644127,14.700096,14.811943,14.588127,14.288834,14.700096,14.774681,14.120049,14.606796,14.756035,14.532082,13.649567,14.195114,14.251350,14.307571,14.176346,14.288834,14.063721,14.120049,13.932144,13.762703,13.875710,13.950951,14.251350,13.649567,13.932144,14.401184,13.988556,13.800392,14.213860,14.326302,13.574066,13.781540,13.762703,14.101280,13.687294,14.120049,13.932144,13.100769,12.510529,
11.916588,12.586906,12.625069,12.910774,13.062805,12.434105,13.062805,13.385033,13.195625,13.725006,12.395866,12.796600,12.720398,12.948814,13.043808,13.024826,13.347183,12.891754,12.796600,12.758507,12.758507,12.529640,12.815643,12.796600,12.682281,13.422867,13.081795,12.948814,13.100769,13.081795,13.214584,13.479599,12.948814,13.347183,13.649567,12.548721,12.701340,13.309326,13.460693,13.592949,13.555183,13.119759,13.347183,13.195625,13.062805,13.403954,13.800392,13.385033,13.062805,13.024826,13.687294,13.498497,13.271439,12.986824,13.668427,13.403954,13.366112,13.630692,13.649567,13.385033,13.422867,13.668427,13.574066,13.271439,12.929794,13.176659,13.460693,12.376740,13.536285,13.157700,13.649567,12.872734,13.214584,12.948814,13.081795,12.739456,12.644142,12.834679,12.586906,12.739456,12.567825,13.043808,12.967819,13.385033,12.986824,13.195625,13.574066,13.176659,13.479599,13.403954,13.630692,13.024826,13.328255,13.422867,13.630692,13.498497,13.649567,13.479599,13.138725,13.592949,13.536285,13.309326,13.781540,13.668427,13.781540,13.290382,13.875710,13.687294,13.800392,13.574066,13.574066,13.517403,13.536285,13.043808,13.157700,14.270103,13.706154,13.517403,13.309326,13.630692,13.969765,13.252487,13.838051,13.498497,13.743858,13.366112,13.630692,13.668427,13.347183,13.574066,13.800392,14.101280,13.913338,14.063721,14.007355,13.422867,13.969765,13.913338,13.932144,13.479599,14.026146,13.743858,13.517403,13.950951,14.120049,13.687294,14.176346,13.687294,14.176346,13.988556,13.762703,14.120049,13.913338,13.838051,14.101280,13.574066,13.366112,13.422867,13.687294,13.743858,14.251350,14.270103,14.419891,14.662788,14.737404,15.053780,15.756950,15.276436,15.664742,15.683197,15.830643,16.326462,16.289825,16.527649,16.069710,16.289825,16.527649,16.399666,16.691910,16.874062,16.509377,16.746590,16.783035,16.728371,16.673668,16.527649,16.928627,16.746590,16.964989,17.055817,17.200951,17.073982,17.146553,16.855865,17.472412,17.237198,17.454338,17.200951,17.363930,17.418190,17.616829,17.815002,17.706970,17.580750,18.353111,17.850990,17.797005,17.958839,17.652901,18.263664,18.227867,18.263664,18.048607,17.940880,18.245766,18.549545,18.370995,17.976807,18.281563,18.620857,18.442459,18.406731,18.317345,18.084496,18.798882,18.478165,18.638680,18.353111,18.370995,18.460312,18.513863,18.245766,18.513863,18.353111,18.620857,18.567383,18.674309,18.834435,18.496017,18.370995,18.656494,18.887749,18.496017,18.781090,18.781090,18.209953,18.674309,18.887749,18.816666,18.585213,18.923264,18.727722,18.496017,18.745514,18.478165,18.834435,18.656494,18.798882,18.638680,18.852211,18.816666,18.816666,18.620857,18.692123,18.478165,19.011993,18.923264,18.727722,18.976524,18.603035,18.424599,18.424599,18.603035,18.958771,18.763306,18.567383,18.567383,18.317345,18.727722,18.353111,18.335236,18.603035,18.460312,18.120361,18.442459,18.638680,18.513863,18.620857,18.905502,18.299454,18.102425,18.496017,18.549545,18.406731,18.460312,18.674309,18.692123,18.620857,18.478165,18.496017,18.353111,17.886955,18.603035,18.496017,18.120361,18.549545,18.531708,18.370995,18.370995,18.227867,17.868965,17.815002,17.922905,17.904930,17.922905,18.066551,18.030663,18.138290,17.886955,17.940880,17.833000,17.616829,17.688942,17.688942,17.976807,18.030663,17.345833,17.598785,17.400101,17.164696,16.600693,16.855865,16.289825,16.161499,16.051353,15.553970,15.128059,14.960838,14.811943,14.644127,14.476006,14.457298,14.419891,14.588127,14.811943,14.438606,14.625465,14.476006,14.476006,14.532082,14.867805,14.774681,14.588127,14.494698,14.382469,14.363747,14.774681,14.251350,14.867805,14.569450,14.588127,14.550774,14.718750,14.195114,13.932144,13.649567,14.270103,14.419891,14.476006,14.195114,14.476006,13.988556,14.176346,13.969765,14.176346,14.026146,14.438606,13.950951,14.120049,14.532082,14.382469,14.363747,14.063721,13.950951,14.382469,14.532082,14.270103,14.157593,14.457298,14.288834,13.894524,14.195114,14.101280,13.403954,14.288834,14.532082,13.894524,14.232613,14.419891,14.382469,14.195114,14.588127,14.288834,14.326302,14.213860,13.781540,14.382469,14.101280,14.082504,13.574066,14.026146,13.762703,13.498497,13.309326,13.838051,12.910774,13.460693,13.252487,13.422867,13.517403,13.479599,13.385033,13.762703,13.668427,13.725006,13.347183,13.838051,13.555183,14.138817,13.875710,14.101280,13.630692,14.307571,14.382469,13.932144,14.138817,14.550774,14.213860,14.588127,13.743858,13.969765,14.363747,13.913338,13.743858,14.063721,14.270103,14.213860,13.743858,14.044937,13.838051,14.044937,13.762703,14.101280,14.063721,14.063721,13.819221,13.856880,14.138817,14.138817,14.101280,13.894524,14.044937,13.743858,14.195114,13.668427,13.781540,14.063721,13.969765,14.363747,14.232613,13.611824,13.950951,14.044937,13.781540,13.630692,14.063721,14.195114,13.781540,14.026146,13.969765,14.026146,13.630692,14.232613,13.950951,13.441788,13.668427,13.687294,13.913338,13.725006,14.101280,14.120049,13.781540,13.271439,13.441788,14.157593,13.611824,13.781540,13.894524,14.120049,14.363747,14.326302,14.494698,14.830566,14.960838,15.090919,15.498535,15.627831,15.646294,16.088081,16.051353,16.032974,16.032974,16.088081,16.014603,16.216530,16.143143,16.198189,16.124794,15.941071,15.996223,16.472824,16.198189,16.216530,16.381371,16.582436,16.344765,16.746590,16.509377,16.582436,16.801247,16.983162,17.055817,17.146553,16.655434,17.164696,16.728371,17.363930,17.382019,17.922905,17.418190,17.706970,17.688942,17.273430,17.454338,17.526596,17.922905,17.652901,17.994759,17.652901,17.508537,17.634865,17.634865,17.833000,17.815002,17.237198,18.192039,18.138290,17.706970,17.652901,17.797005,17.580750,17.670921,17.833000,17.779015,17.779015,17.670921,17.580750,17.580750,17.019493,17.363930,17.146553,17.526596,17.200951,17.073982,17.219078,17.182823,17.128418,17.200951,17.001335,16.928627,16.728371,16.746590,16.673668,16.801247,16.308144,15.959457,16.161499,15.646294,15.572441,14.849190,15.035194,14.979439,14.756035,14.326302,14.195114,14.288834,14.382469,14.849190,14.569450,14.326302,14.270103,14.532082,14.457298,14.625465,14.120049,14.830566,14.550774,14.288834,14.606796,14.026146,14.232613,14.476006,14.700096,14.363747,14.157593,13.743858,14.307571,13.403954,14.494698,13.762703,14.195114,14.756035,14.569450,14.044937,14.138817,14.363747,13.894524,13.913338,14.101280,14.044937,14.363747,14.176346,13.875710,14.026146,14.157593,13.649567,13.668427,13.725006,13.062805,12.986824,
11.820435,12.242760,12.663208,12.777557,12.644142,12.644142,12.739456,12.625069,12.548721,12.720398,13.422867,12.853714,12.853714,12.891754,12.834679,13.024826,13.195625,13.024826,12.986824,13.195625,13.100769,13.536285,13.176659,12.701340,13.233543,12.472336,12.967819,13.176659,12.777557,13.005829,13.119759,12.853714,13.479599,12.986824,13.100769,13.081795,13.100769,13.498497,12.777557,13.611824,13.498497,13.460693,12.853714,13.043808,13.687294,13.176659,13.214584,13.385033,13.119759,13.005829,13.422867,13.498497,13.195625,13.290382,13.668427,13.422867,13.517403,13.309326,13.309326,13.838051,13.385033,13.176659,13.630692,13.233543,13.536285,13.100769,13.800392,12.967819,13.100769,12.948814,13.309326,12.948814,12.967819,12.929794,12.777557,12.682281,12.605988,13.536285,12.491440,13.005829,13.214584,12.910774,13.630692,13.441788,13.214584,13.024826,13.062805,12.929794,13.856880,13.592949,13.555183,13.214584,13.819221,13.687294,13.309326,13.649567,13.706154,13.856880,13.555183,13.687294,13.706154,13.366112,13.611824,12.834679,13.536285,13.592949,13.574066,13.347183,13.460693,13.309326,13.630692,13.875710,13.687294,13.233543,13.743858,13.403954,13.574066,13.403954,13.668427,13.441788,13.875710,13.611824,13.743858,13.422867,13.687294,13.894524,13.498497,13.819221,13.969765,13.875710,14.195114,12.891754,13.668427,14.007355,14.176346,13.233543,14.232613,13.743858,13.611824,14.007355,13.800392,13.649567,13.574066,13.894524,13.819221,13.706154,13.706154,13.950951,13.819221,13.894524,14.232613,13.988556,13.875710,13.668427,13.460693,13.498497,13.630692,14.044937,13.630692,13.969765,13.988556,14.213860,14.232613,14.326302,14.513397,14.793312,15.128059,15.072350,15.646294,15.572441,15.904274,16.326462,16.253181,16.179840,16.399666,16.472824,16.399666,16.399666,16.983162,16.564171,16.691910,16.964989,16.691910,16.472824,17.001335,16.691910,17.055817,17.219078,16.892258,17.164696,16.964989,17.400101,17.255310,17.309639,17.436272,17.706970,17.418190,17.761002,17.724983,17.544655,17.634865,17.616829,17.562698,17.761002,17.886955,17.580750,18.066551,18.030663,17.886955,18.192039,17.868965,18.174133,18.513863,18.048607,18.388855,18.227867,18.299454,18.496017,18.281563,18.603035,18.317345,18.763306,18.353111,18.567383,18.692123,18.763306,18.674309,18.585213,18.353111,18.567383,18.923264,18.834435,18.923264,18.656494,18.585213,18.638680,18.567383,18.156204,18.478165,18.585213,18.674309,18.370995,18.424599,18.638680,18.727722,18.781090,18.638680,18.709923,18.745514,18.745514,18.816666,18.781090,18.923264,18.816666,18.549545,18.406731,18.727722,18.674309,18.656494,19.153755,18.549545,18.674309,18.763306,18.852211,18.923264,18.674309,18.852211,18.958771,19.047462,18.745514,18.781090,18.370995,18.353111,18.727722,18.620857,18.513863,18.496017,18.692123,18.442459,18.406731,18.513863,18.388855,18.834435,18.353111,18.567383,18.798882,18.763306,18.603035,18.549545,18.496017,18.317345,18.620857,18.638680,19.153755,18.209953,18.513863,18.478165,18.299454,18.531708,18.692123,18.388855,18.496017,18.102425,18.102425,18.531708,18.531708,18.549545,18.299454,18.281563,18.460312,17.886955,17.886955,18.156204,18.138290,17.562698,18.102425,18.156204,17.616829,17.616829,17.724983,17.904930,18.227867,17.688942,17.436272,18.084496,17.886955,17.580750,17.904930,17.652901,17.490471,17.327736,16.728371,16.527649,15.922668,15.922668,15.664742,15.183723,15.276436,14.998024,14.625465,14.681450,14.345024,14.550774,14.419891,14.082504,14.550774,14.326302,14.606796,14.774681,14.457298,14.476006,14.345024,14.494698,14.026146,14.494698,14.419891,13.894524,14.476006,14.382469,14.232613,14.550774,13.856880,14.644127,14.494698,14.213860,14.213860,14.326302,14.007355,14.438606,14.382469,14.007355,14.157593,14.063721,14.662788,14.494698,14.120049,14.270103,14.213860,14.026146,14.345024,14.026146,14.044937,14.737404,14.044937,14.363747,13.950951,14.363747,14.363747,14.026146,14.251350,14.363747,13.894524,14.082504,14.213860,14.307571,14.345024,14.700096,14.569450,14.401184,14.363747,14.363747,14.345024,14.270103,14.326302,13.875710,13.950951,13.913338,14.176346,14.195114,13.932144,13.592949,13.630692,13.441788,13.309326,13.328255,12.967819,13.441788,13.062805,13.555183,13.630692,13.479599,13.385033,13.422867,14.232613,13.460693,13.781540,13.611824,13.800392,13.649567,13.800392,13.781540,14.307571,14.063721,14.494698,14.270103,14.232613,14.232613,13.969765,14.157593,14.101280,13.781540,14.811943,14.307571,13.932144,14.176346,13.988556,14.026146,14.063721,13.687294,13.932144,13.932144,13.819221,14.176346,13.668427,13.950951,14.176346,13.838051,14.157593,14.082504,14.232613,14.176346,14.326302,13.706154,13.932144,13.894524,14.157593,14.588127,14.082504,13.988556,14.082504,14.101280,14.120049,13.781540,13.838051,13.630692,13.894524,13.743858,14.007355,13.800392,13.800392,14.251350,14.026146,14.007355,13.328255,13.725006,14.213860,13.969765,13.611824,13.649567,13.214584,13.649567,13.743858,13.838051,13.819221,13.309326,13.932144,14.101280,13.913338,13.762703,14.457298,13.856880,14.232613,15.090919,15.109489,14.886414,15.313492,15.369041,15.922668,16.143143,16.088081,16.234848,16.143143,15.885872,16.161499,16.271500,16.381371,16.381371,15.977844,15.977844,15.922668,15.830643,16.179840,16.271500,16.253181,16.032974,16.381371,16.253181,16.454536,16.491104,16.746590,16.436256,16.783035,16.928627,17.182823,17.019493,17.110275,16.910439,17.182823,17.110275,17.200951,17.472412,17.219078,17.688942,17.164696,17.273430,17.616829,17.490471,17.562698,17.544655,18.227867,17.490471,17.886955,17.634865,17.779015,18.030663,17.833000,17.562698,17.400101,17.742996,17.868965,17.508537,17.291534,17.724983,17.922905,17.472412,17.598785,17.598785,17.994759,17.616829,17.508537,17.706970,17.128418,16.710136,17.037659,17.019493,17.200951,17.291534,16.964989,16.946808,16.764816,16.509377,16.874062,16.253181,16.509377,16.417961,16.124794,15.977844,15.867470,15.627831,15.701637,15.128059,14.867805,14.457298,14.756035,14.307571,14.438606,14.811943,14.532082,14.307571,14.606796,14.157593,14.232613,14.774681,14.438606,14.251350,14.476006,14.494698,13.838051,14.101280,14.307571,14.082504,14.288834,14.082504,13.932144,14.082504,13.932144,14.326302,14.044937,14.063721,14.438606,14.176346,14.138817,14.401184,13.894524,14.082504,13.950951,15.090919,14.363747,14.457298,14.176346,13.630692,13.856880,13.950951,14.026146,13.800392,13.611824,13.649567,13.138725,13.856880,13.271439,
11.724190,12.586906,12.300209,12.872734,13.005829,13.119759,12.625069,12.319344,12.910774,13.062805,13.024826,12.929794,12.720398,13.081795,12.986824,12.796600,12.586906,12.967819,12.891754,12.682281,12.948814,13.024826,13.081795,12.986824,13.290382,12.720398,13.422867,12.948814,13.328255,13.157700,13.176659,12.701340,13.252487,13.366112,12.853714,13.100769,13.062805,12.815643,13.309326,12.872734,12.948814,13.157700,13.214584,13.252487,13.119759,13.309326,13.233543,13.195625,13.195625,13.271439,13.309326,13.347183,13.195625,13.498497,13.441788,13.062805,13.630692,13.441788,13.725006,13.762703,13.422867,13.706154,13.479599,13.043808,13.366112,13.555183,13.005829,13.214584,13.100769,13.328255,13.138725,12.929794,12.815643,12.644142,12.453224,12.967819,12.089409,12.853714,12.605988,12.872734,12.777557,13.119759,12.720398,12.586906,13.157700,13.422867,12.758507,13.214584,12.910774,13.024826,13.385033,13.422867,13.592949,13.555183,13.385033,13.366112,13.366112,13.687294,13.668427,13.743858,13.687294,13.441788,13.630692,13.875710,13.517403,13.649567,13.913338,13.706154,13.592949,13.800392,14.044937,13.328255,13.875710,13.328255,13.819221,13.555183,13.856880,13.574066,13.422867,13.347183,13.875710,13.668427,13.875710,13.347183,13.668427,13.555183,13.762703,13.706154,13.536285,13.517403,13.403954,13.875710,13.611824,13.668427,13.479599,13.725006,13.460693,14.026146,13.743858,13.592949,13.988556,14.007355,14.026146,13.422867,14.044937,14.063721,13.913338,13.781540,14.063721,13.668427,13.743858,14.026146,13.800392,13.894524,13.950951,13.233543,13.913338,13.176659,13.536285,13.611824,14.044937,13.969765,14.438606,14.737404,14.606796,14.606796,15.480049,15.387550,15.535500,15.646294,15.977844,16.289825,16.564171,16.691910,16.545914,16.491104,16.271500,16.454536,16.399666,16.491104,16.819458,16.928627,16.837654,16.436256,16.874062,16.874062,17.219078,16.910439,17.327736,17.200951,17.291534,17.363930,17.001335,17.526596,17.724983,17.327736,17.508537,17.490471,17.850990,17.724983,17.886955,17.670921,17.958839,17.958839,17.958839,18.227867,17.706970,18.299454,17.670921,18.084496,18.442459,18.478165,18.370995,17.940880,18.585213,18.674309,18.263664,18.869980,18.727722,18.905502,18.638680,18.406731,18.317345,17.994759,18.478165,18.585213,18.531708,18.442459,18.353111,18.442459,18.388855,18.656494,18.656494,18.709923,18.727722,18.869980,18.709923,18.496017,18.442459,18.603035,18.460312,19.082909,18.549545,18.869980,18.869980,18.317345,18.656494,18.834435,18.692123,18.603035,18.692123,18.763306,18.478165,18.923264,18.674309,18.941017,18.887749,19.029732,18.887749,19.047462,18.674309,18.513863,18.923264,18.567383,19.011993,18.976524,19.082909,18.513863,18.994255,18.620857,18.941017,18.745514,18.353111,18.887749,18.798882,18.513863,18.388855,18.727722,18.424599,18.317345,18.138290,18.263664,18.638680,18.478165,18.603035,18.227867,18.513863,18.567383,18.406731,18.353111,18.549545,18.513863,18.656494,18.692123,18.531708,18.585213,18.549545,18.388855,18.531708,18.370995,18.638680,18.442459,18.030663,18.335236,18.066551,18.727722,18.299454,18.317345,18.245766,18.496017,18.030663,18.030663,17.868965,18.138290,17.958839,17.833000,17.833000,17.850990,18.066551,17.958839,17.904930,17.994759,18.066551,17.815002,17.670921,17.724983,17.490471,17.670921,17.544655,17.273430,16.618950,16.417961,16.618950,15.867470,15.756950,15.590912,15.517014,15.517014,14.998024,14.700096,14.513397,14.588127,14.176346,14.326302,14.644127,14.288834,14.793312,14.662788,14.793312,14.232613,14.569450,14.569450,14.401184,14.288834,14.830566,14.307571,14.457298,14.007355,14.307571,14.157593,14.513397,14.588127,14.326302,14.082504,14.213860,14.101280,14.476006,14.138817,13.988556,14.007355,14.176346,14.213860,14.082504,14.494698,13.781540,14.588127,14.307571,14.251350,14.363747,14.007355,14.494698,14.044937,14.476006,13.762703,14.007355,13.950951,14.513397,14.382469,14.232613,14.606796,14.326302,14.063721,13.894524,14.345024,14.438606,14.382469,14.138817,14.082504,14.195114,14.438606,14.569450,14.363747,14.326302,14.082504,14.120049,13.969765,14.569450,13.536285,13.800392,13.950951,13.838051,13.441788,13.555183,13.366112,13.309326,13.403954,13.422867,13.005829,13.762703,13.498497,13.403954,13.328255,13.479599,13.422867,13.592949,13.422867,13.725006,13.875710,13.592949,14.082504,14.082504,14.063721,14.026146,13.875710,13.988556,13.819221,14.438606,13.950951,14.401184,14.026146,14.419891,14.232613,14.101280,13.969765,14.007355,14.307571,13.969765,14.288834,14.251350,13.800392,14.138817,13.932144,13.932144,14.026146,13.932144,13.838051,13.913338,14.176346,13.950951,14.101280,13.913338,13.838051,13.800392,14.007355,13.687294,13.479599,14.101280,14.213860,14.044937,13.838051,14.195114,13.611824,14.063721,13.743858,14.063721,13.875710,14.588127,13.894524,14.270103,14.007355,13.838051,13.932144,13.743858,13.536285,13.875710,14.063721,14.026146,14.157593,13.743858,13.950951,13.875710,13.592949,13.536285,13.422867,13.062805,13.271439,14.007355,13.969765,14.213860,14.044937,14.082504,14.213860,14.457298,14.644127,14.998024,15.109489,15.867470,15.294960,15.885872,15.793800,16.069710,15.683197,16.161499,15.775375,15.904274,16.234848,16.069710,15.812218,16.014603,15.977844,16.198189,15.885872,15.590912,16.088081,16.417961,15.812218,16.600693,16.014603,16.691910,17.073982,16.746590,16.527649,16.874062,17.092117,16.855865,17.019493,17.345833,17.128418,17.363930,17.454338,17.128418,17.110275,16.983162,17.146553,17.652901,17.327736,17.742996,17.327736,18.138290,17.994759,17.073982,17.562698,17.454338,17.904930,17.580750,17.291534,17.544655,17.382019,17.616829,17.508537,17.273430,17.454338,17.327736,17.400101,17.779015,17.019493,17.001335,17.345833,17.291534,17.255310,17.255310,17.200951,16.983162,17.327736,17.146553,17.291534,16.892258,16.764816,17.019493,17.237198,16.582436,16.454536,16.746590,16.289825,15.775375,16.032974,15.922668,15.775375,15.904274,15.627831,15.016617,14.942238,14.345024,14.550774,14.213860,14.625465,14.101280,14.998024,14.718750,14.232613,14.756035,14.476006,14.363747,14.513397,14.662788,14.401184,14.737404,14.082504,14.307571,14.270103,14.138817,14.232613,13.969765,14.251350,14.419891,14.700096,13.743858,14.101280,14.419891,13.950951,14.644127,13.687294,14.157593,14.251350,13.932144,13.969765,14.101280,14.082504,13.932144,13.403954,13.988556,13.668427,13.743858,13.517403,13.856880,13.592949,13.536285,13.856880,13.498497,12.910774,
11.974228,12.108589,13.328255,12.472336,12.910774,12.948814,13.043808,12.223610,13.176659,12.777557,12.796600,13.328255,12.986824,12.948814,13.290382,12.300209,13.081795,12.720398,12.796600,12.891754,12.605988,12.548721,12.967819,13.366112,13.119759,12.529640,13.024826,13.005829,12.834679,12.910774,13.138725,12.891754,13.214584,13.138725,13.290382,13.138725,13.366112,12.910774,13.062805,13.081795,13.574066,13.157700,13.252487,12.777557,13.195625,13.479599,13.214584,12.891754,12.872734,13.233543,13.649567,12.872734,13.517403,13.043808,13.347183,13.176659,13.800392,13.479599,13.743858,13.687294,13.328255,13.214584,13.875710,13.195625,13.271439,13.290382,12.986824,13.762703,13.005829,13.081795,13.100769,13.119759,12.682281,13.441788,12.586906,13.119759,12.872734,12.834679,12.796600,13.119759,12.853714,12.834679,12.891754,13.024826,13.176659,12.834679,13.536285,13.195625,13.233543,13.611824,13.592949,13.271439,13.252487,13.649567,13.611824,13.800392,13.668427,13.460693,13.574066,13.328255,13.950951,13.706154,13.422867,13.574066,13.574066,13.498497,13.762703,13.611824,13.422867,13.309326,13.969765,13.366112,13.536285,13.536285,13.252487,13.630692,13.403954,13.517403,13.950951,13.138725,13.536285,13.800392,13.630692,13.422867,13.762703,13.460693,13.819221,13.706154,13.479599,13.856880,13.875710,13.403954,13.592949,14.157593,13.725006,13.762703,13.422867,13.988556,13.950951,13.460693,13.725006,14.138817,14.026146,14.007355,13.366112,13.969765,14.307571,13.856880,13.668427,13.611824,14.063721,13.347183,14.082504,13.517403,13.498497,13.856880,13.988556,13.743858,13.592949,13.838051,14.213860,14.288834,14.120049,14.569450,14.793312,14.438606,15.146614,15.849052,15.701637,15.756950,16.234848,15.922668,16.363075,15.830643,16.582436,16.746590,16.491104,16.928627,16.582436,16.710136,16.600693,16.564171,16.819458,16.928627,16.892258,16.910439,16.472824,17.382019,17.688942,17.146553,17.182823,17.273430,17.994759,17.037659,17.652901,17.833000,17.237198,17.688942,17.976807,17.598785,17.940880,17.688942,18.084496,17.761002,17.761002,17.868965,18.263664,18.084496,18.353111,17.850990,18.227867,18.585213,18.192039,17.976807,18.227867,18.299454,18.567383,18.442459,18.531708,18.335236,18.370995,18.549545,18.656494,18.638680,18.585213,18.674309,18.923264,18.120361,19.047462,18.869980,18.745514,18.460312,18.923264,18.585213,18.638680,18.745514,18.638680,18.905502,18.727722,18.620857,18.745514,18.816666,18.531708,18.923264,18.923264,19.082909,18.745514,18.513863,19.118340,18.727722,19.082909,18.763306,18.585213,18.834435,19.383614,18.692123,19.065178,18.852211,18.727722,18.834435,19.082909,18.852211,18.887749,18.869980,18.763306,18.709923,18.656494,18.834435,18.745514,19.082909,18.585213,18.674309,18.745514,18.763306,19.171471,18.763306,18.692123,18.281563,18.513863,18.192039,18.370995,18.620857,18.549545,18.317345,18.460312,18.442459,18.816666,18.567383,18.478165,18.406731,18.656494,18.638680,18.816666,18.353111,18.709923,18.513863,18.388855,18.496017,18.567383,18.084496,18.567383,18.905502,18.496017,18.442459,18.816666,18.478165,18.424599,18.388855,18.317345,18.263664,18.120361,17.670921,18.317345,17.994759,18.012718,18.030663,17.940880,17.886955,17.797005,17.958839,17.868965,17.994759,17.688942,17.815002,17.850990,17.868965,17.454338,17.940880,17.400101,16.910439,17.182823,16.874062,16.161499,16.124794,16.417961,15.332008,15.406059,14.998024,14.774681,14.625465,14.101280,14.251350,14.494698,14.550774,14.793312,14.063721,14.401184,14.494698,14.960838,14.625465,14.588127,14.195114,14.195114,14.588127,14.476006,14.756035,14.419891,14.307571,14.625465,14.307571,14.176346,14.307571,13.969765,14.288834,14.363747,14.457298,14.270103,14.120049,14.251350,13.950951,14.044937,14.288834,14.232613,14.213860,14.382469,14.026146,13.649567,14.063721,13.969765,14.251350,14.195114,14.307571,14.513397,13.800392,13.800392,14.326302,14.662788,13.950951,14.363747,14.120049,14.588127,13.856880,14.044937,13.988556,14.419891,14.345024,14.363747,14.476006,14.494698,13.932144,14.176346,14.213860,14.401184,14.082504,13.725006,14.044937,14.270103,13.309326,13.743858,13.913338,13.819221,13.422867,13.517403,13.498497,13.403954,13.176659,13.460693,13.100769,13.649567,12.872734,13.762703,12.986824,13.536285,13.441788,13.875710,14.044937,13.856880,13.366112,13.781540,13.649567,14.195114,14.213860,14.251350,14.251350,13.630692,14.026146,14.288834,14.494698,13.988556,14.120049,13.687294,14.082504,14.157593,14.419891,14.044937,14.270103,13.969765,14.026146,14.176346,14.044937,13.950951,13.969765,13.498497,13.687294,14.007355,14.176346,14.457298,13.875710,13.969765,13.894524,14.026146,14.382469,14.213860,13.950951,13.743858,13.950951,13.969765,13.913338,13.875710,13.856880,14.082504,14.044937,14.195114,13.460693,13.894524,13.875710,13.913338,13.725006,14.157593,13.611824,14.382469,13.649567,13.781540,13.687294,13.743858,13.687294,13.574066,14.213860,13.706154,13.668427,13.574066,13.517403,13.290382,13.555183,13.441788,13.725006,13.460693,13.668427,13.743858,14.157593,14.288834,14.270103,14.251350,14.867805,15.498535,14.960838,15.424561,15.701637,16.161499,15.922668,15.830643,16.289825,15.996223,15.572441,16.179840,15.793800,16.143143,15.646294,16.289825,15.959457,15.812218,15.756950,16.014603,15.720085,16.179840,16.051353,16.381371,16.545914,17.110275,16.582436,16.783035,17.073982,16.874062,16.655434,17.110275,16.964989,17.327736,17.255310,17.055817,16.964989,17.237198,17.200951,17.019493,17.526596,17.291534,17.526596,17.073982,17.472412,17.886955,17.904930,17.309639,17.327736,17.526596,17.779015,17.815002,17.255310,17.634865,17.562698,17.958839,17.724983,17.797005,17.706970,18.012718,17.291534,17.327736,17.273430,17.363930,17.055817,17.128418,17.255310,16.983162,17.724983,17.110275,17.255310,17.363930,17.219078,16.399666,16.910439,16.837654,17.128418,16.837654,16.454536,16.783035,16.381371,16.271500,16.032974,15.646294,15.885872,15.830643,14.960838,15.683197,14.588127,14.569450,14.942238,14.195114,14.550774,14.625465,14.345024,14.867805,14.288834,14.737404,14.737404,14.363747,14.644127,15.183723,14.569450,14.026146,14.513397,14.419891,14.195114,14.382469,13.894524,14.120049,13.969765,14.176346,13.706154,13.611824,14.251350,13.913338,14.401184,13.856880,14.138817,14.232613,14.382469,14.606796,14.681450,13.687294,14.044937,13.611824,14.476006,14.082504,13.800392,13.649567,13.932144,13.649567,13.743858,13.611824,13.988556,13.913338,12.796600,
11.685669,12.567825,12.682281,12.796600,12.663208,12.605988,13.119759,13.005829,12.701340,12.567825,12.701340,13.119759,12.986824,12.625069,12.758507,13.043808,12.967819,13.100769,12.586906,12.701340,12.701340,13.100769,12.720398,13.271439,12.682281,12.739456,12.682281,13.233543,12.834679,12.929794,13.081795,13.649567,12.720398,13.138725,13.328255,12.491440,13.119759,12.910774,13.385033,13.347183,13.366112,13.005829,13.176659,13.385033,13.536285,12.853714,13.195625,13.592949,13.062805,13.233543,13.233543,12.815643,12.720398,13.347183,13.762703,13.611824,13.005829,12.967819,13.100769,13.517403,13.932144,13.517403,13.611824,13.441788,13.536285,14.026146,13.309326,13.309326,13.233543,13.157700,13.024826,12.472336,13.536285,13.119759,13.138725,12.853714,12.300209,12.567825,12.986824,12.567825,12.625069,12.891754,12.910774,12.567825,13.441788,12.796600,13.157700,13.422867,13.630692,13.252487,13.271439,13.668427,13.536285,13.536285,13.460693,13.252487,13.366112,13.574066,13.328255,13.574066,13.328255,13.290382,13.271439,13.969765,13.422867,13.366112,13.875710,13.441788,13.932144,13.498497,13.574066,13.328255,13.687294,12.948814,13.403954,13.800392,13.555183,13.536285,13.592949,13.555183,13.706154,13.706154,13.950951,13.366112,13.592949,13.555183,13.460693,13.913338,13.422867,13.592949,13.517403,13.706154,13.687294,13.856880,13.214584,13.460693,13.743858,13.950951,14.270103,13.725006,13.649567,13.875710,14.157593,13.517403,13.611824,13.894524,13.950951,14.213860,13.630692,13.252487,13.781540,13.800392,13.950951,13.385033,13.517403,13.309326,13.668427,13.988556,13.875710,13.800392,13.913338,14.044937,14.326302,14.326302,14.998024,14.550774,15.572441,14.923637,15.553970,15.812218,16.344765,16.014603,16.234848,16.417961,16.161499,16.618950,16.326462,16.454536,16.545914,16.454536,16.691910,16.746590,16.673668,16.728371,16.691910,16.363075,16.964989,16.801247,16.673668,17.327736,17.327736,16.964989,17.345833,17.508537,17.634865,17.562698,17.562698,17.742996,17.580750,17.833000,17.958839,17.994759,18.066551,17.652901,18.084496,17.742996,18.192039,17.994759,18.192039,18.317345,18.567383,18.281563,18.174133,18.353111,18.905502,18.263664,18.353111,18.745514,18.245766,18.478165,18.496017,19.029732,18.531708,18.923264,18.941017,18.692123,18.869980,18.656494,19.082909,19.082909,18.976524,18.549545,18.513863,18.798882,18.798882,19.100624,18.674309,18.781090,18.869980,18.869980,18.513863,19.029732,18.603035,18.549545,18.834435,18.513863,18.781090,18.994255,19.011993,18.923264,18.994255,18.531708,18.869980,18.763306,18.852211,19.277603,18.709923,19.029732,18.603035,19.118340,18.958771,19.011993,18.905502,18.869980,19.011993,19.029732,18.781090,19.171471,18.496017,19.082909,18.958771,18.941017,18.460312,18.674309,18.388855,18.531708,18.620857,18.442459,18.353111,18.567383,18.478165,18.066551,18.388855,18.513863,18.335236,18.335236,18.263664,18.798882,18.174133,17.958839,18.549545,18.709923,18.603035,18.442459,18.406731,18.353111,19.118340,18.388855,18.923264,18.335236,18.120361,17.994759,18.549545,18.549545,18.620857,18.335236,18.227867,17.904930,17.958839,18.460312,18.460312,18.102425,18.299454,18.102425,17.833000,18.209953,18.138290,17.815002,17.850990,17.724983,18.192039,17.472412,17.904930,17.833000,17.833000,17.779015,17.742996,17.526596,17.472412,17.309639,16.874062,16.964989,16.527649,16.234848,15.977844,15.480049,15.257896,14.737404,14.886414,14.382469,14.307571,14.625465,13.950951,14.588127,14.662788,14.288834,14.849190,14.457298,14.774681,14.700096,14.644127,14.737404,14.494698,14.270103,14.737404,14.438606,14.401184,14.700096,14.550774,14.438606,14.026146,14.700096,14.157593,14.232613,14.326302,14.625465,14.288834,13.988556,14.419891,14.101280,13.894524,14.082504,14.307571,14.101280,14.120049,14.044937,14.063721,13.969765,14.063721,14.120049,14.213860,14.326302,14.363747,14.176346,14.251350,14.007355,14.063721,14.476006,14.457298,14.457298,14.044937,14.044937,14.213860,14.232613,14.326302,14.606796,14.232613,14.251350,14.270103,14.157593,14.138817,13.950951,14.195114,14.382469,13.969765,13.932144,13.781540,13.875710,14.063721,13.800392,13.762703,14.251350,13.290382,13.347183,13.592949,13.176659,13.328255,13.819221,13.195625,13.403954,13.271439,13.385033,13.536285,13.838051,13.290382,13.725006,13.422867,13.894524,13.725006,13.932144,13.668427,13.781540,14.195114,14.026146,14.476006,14.195114,13.856880,14.063721,14.195114,13.913338,14.326302,13.894524,13.800392,14.737404,13.706154,14.232613,13.932144,13.800392,13.932144,13.668427,14.007355,14.195114,14.213860,14.345024,14.082504,14.138817,13.932144,14.606796,14.288834,14.326302,14.288834,13.460693,14.063721,14.082504,14.382469,13.856880,13.725006,13.762703,13.932144,14.101280,13.856880,14.157593,14.101280,14.195114,13.988556,13.932144,13.781540,13.517403,13.743858,14.157593,14.138817,13.687294,14.288834,13.743858,13.913338,13.479599,13.762703,13.762703,13.271439,14.082504,13.856880,13.668427,13.479599,13.725006,13.517403,13.743858,13.611824,13.819221,14.044937,14.063721,14.063721,14.625465,14.382469,14.700096,14.830566,15.090919,15.517014,15.830643,15.977844,15.627831,16.253181,16.088081,16.014603,16.198189,15.553970,16.143143,16.271500,15.590912,15.793800,15.996223,15.756950,16.143143,16.363075,15.830643,16.271500,16.143143,16.363075,16.691910,16.436256,16.855865,16.783035,17.019493,17.327736,16.819458,17.616829,16.964989,17.019493,17.400101,17.146553,17.634865,17.092117,17.508537,17.490471,17.562698,17.255310,17.436272,17.544655,17.291534,17.544655,17.670921,17.580750,17.418190,17.291534,17.598785,17.273430,17.634865,17.327736,17.958839,17.634865,17.436272,17.833000,17.273430,17.706970,17.761002,17.724983,17.436272,17.797005,17.382019,17.382019,17.255310,17.219078,17.273430,17.291534,16.710136,17.490471,17.255310,17.037659,17.363930,17.164696,17.146553,16.472824,16.819458,16.819458,16.910439,16.691910,16.582436,16.234848,15.664742,15.313492,15.220818,14.960838,15.239365,14.363747,14.101280,14.438606,14.774681,14.438606,14.681450,14.457298,14.569450,14.905037,14.326302,14.700096,15.090919,14.026146,14.979439,14.401184,14.625465,14.513397,13.950951,13.988556,14.044937,14.401184,14.270103,13.969765,13.875710,14.101280,13.969765,14.345024,14.513397,14.232613,14.101280,14.063721,14.044937,14.120049,14.213860,13.366112,14.232613,13.950951,13.366112,14.082504,13.611824,13.932144,13.856880,13.422867,14.457298,14.120049,14.195114,13.611824,12.739456,
12.108589,12.453224,13.119759,12.127769,12.682281,13.005829,13.043808,12.357613,12.453224,13.176659,13.119759,13.005829,12.891754,12.948814,13.005829,12.548721,12.529640,13.005829,13.024826,12.929794,12.796600,13.062805,13.271439,12.834679,13.214584,12.625069,13.252487,13.043808,12.929794,12.777557,13.309326,12.986824,13.233543,12.891754,13.422867,13.119759,12.834679,12.967819,13.195625,13.157700,12.682281,13.024826,13.271439,13.309326,13.119759,12.796600,13.894524,12.682281,13.347183,13.233543,13.328255,13.498497,13.366112,13.347183,13.157700,13.366112,13.668427,13.176659,13.781540,13.819221,13.138725,13.214584,13.024826,13.119759,13.630692,13.422867,13.498497,12.910774,12.872734,12.967819,12.929794,13.081795,13.157700,13.043808,13.100769,12.663208,12.453224,12.910774,12.815643,12.682281,13.005829,13.024826,13.024826,13.233543,12.986824,13.195625,13.347183,12.853714,13.479599,13.630692,13.498497,13.592949,13.403954,13.517403,13.309326,13.422867,13.894524,13.195625,13.838051,13.498497,13.271439,13.649567,13.290382,13.328255,13.611824,13.838051,13.950951,13.290382,13.743858,13.781540,13.252487,13.366112,13.743858,13.743858,13.800392,13.195625,13.592949,13.290382,13.536285,13.743858,13.894524,13.441788,13.630692,13.630692,13.517403,13.422867,13.668427,13.762703,13.536285,13.932144,13.630692,13.649567,13.706154,13.743858,13.668427,13.479599,13.668427,13.988556,13.875710,14.007355,13.668427,13.649567,14.213860,13.725006,13.668427,13.838051,13.479599,14.157593,13.574066,14.007355,13.630692,13.800392,14.307571,13.574066,13.592949,13.422867,13.838051,13.687294,13.630692,13.932144,13.988556,13.725006,13.950951,14.811943,15.016617,14.457298,15.313492,15.313492,16.088081,15.406059,16.216530,16.454536,16.417961,16.216530,16.289825,16.069710,16.964989,16.363075,16.253181,16.746590,16.783035,16.637184,17.019493,16.801247,16.417961,16.983162,16.783035,17.055817,17.490471,17.019493,17.037659,17.544655,17.237198,17.110275,17.724983,17.652901,17.976807,17.761002,17.761002,17.670921,17.436272,18.335236,17.904930,17.922905,17.904930,18.012718,17.922905,18.138290,18.120361,18.030663,18.120361,18.638680,18.120361,18.066551,18.048607,18.227867,18.442459,18.174133,18.388855,18.763306,18.692123,18.798882,18.513863,18.531708,18.513863,18.603035,19.189156,18.603035,18.406731,18.406731,18.620857,18.709923,19.330627,18.869980,18.638680,18.852211,18.887749,19.348289,18.941017,18.709923,19.206863,19.100624,18.656494,18.798882,19.029732,18.976524,19.189156,18.781090,18.923264,18.869980,18.941017,18.816666,19.100624,18.941017,19.136055,18.674309,19.082909,18.745514,19.118340,18.692123,18.745514,18.834435,18.656494,18.798882,18.887749,18.869980,19.206863,19.082909,18.798882,19.082909,18.976524,18.816666,18.727722,18.513863,18.763306,18.531708,18.549545,18.406731,18.781090,18.406731,18.674309,18.120361,18.299454,18.442459,18.245766,18.192039,18.638680,18.424599,18.709923,18.012718,18.335236,18.442459,18.727722,18.603035,18.709923,18.370995,18.478165,18.335236,18.460312,18.763306,18.442459,18.567383,18.424599,18.585213,18.299454,18.442459,18.317345,18.138290,18.227867,18.335236,18.138290,17.904930,17.940880,17.904930,17.904930,18.012718,17.688942,18.335236,17.724983,17.833000,18.281563,17.815002,17.940880,17.886955,17.940880,17.868965,17.742996,17.779015,17.327736,17.219078,16.855865,16.728371,16.289825,15.885872,16.051353,15.183723,14.905037,14.662788,14.774681,14.513397,14.382469,14.026146,14.213860,14.419891,14.923637,14.419891,14.700096,14.811943,14.532082,14.513397,14.606796,14.120049,14.830566,14.213860,14.307571,14.345024,14.270103,14.419891,14.401184,14.569450,14.157593,14.044937,14.213860,14.363747,14.382469,14.270103,13.913338,14.232613,14.082504,13.781540,14.063721,13.932144,14.382469,13.988556,14.213860,14.157593,14.476006,14.288834,14.213860,14.382469,13.932144,14.270103,13.950951,14.026146,14.026146,14.288834,14.232613,14.120049,14.401184,13.932144,14.157593,14.007355,14.288834,14.625465,14.345024,14.681450,14.213860,14.438606,14.176346,14.419891,14.232613,14.401184,14.457298,14.138817,14.419891,14.120049,14.345024,13.894524,14.157593,13.819221,13.138725,14.007355,13.838051,13.347183,13.385033,13.138725,13.138725,13.100769,13.479599,13.668427,13.611824,13.687294,13.252487,13.195625,13.725006,14.063721,13.441788,13.611824,13.592949,14.026146,13.819221,14.082504,14.195114,14.438606,13.856880,14.138817,14.007355,14.270103,14.213860,13.819221,14.270103,14.120049,13.800392,14.026146,14.007355,14.307571,13.894524,13.781540,14.288834,14.044937,14.270103,13.894524,13.555183,13.969765,14.213860,14.345024,14.157593,14.082504,14.044937,13.725006,13.838051,13.800392,14.044937,13.706154,13.762703,14.251350,14.401184,13.932144,14.288834,13.838051,13.838051,13.687294,14.026146,14.288834,13.950951,14.120049,14.232613,13.517403,13.800392,13.649567,13.687294,13.555183,13.498497,13.950951,13.856880,13.611824,13.725006,13.592949,13.630692,13.819221,13.838051,13.460693,13.366112,13.309326,13.460693,13.725006,14.101280,13.856880,13.706154,13.932144,14.101280,14.176346,14.307571,15.738518,15.165176,14.979439,15.941071,15.720085,15.977844,16.417961,15.885872,15.904274,16.253181,15.701637,15.904274,15.959457,16.014603,15.849052,16.326462,16.308144,15.830643,15.885872,15.738518,16.746590,17.055817,16.600693,16.746590,16.618950,16.746590,16.582436,16.783035,16.527649,16.545914,16.837654,16.983162,16.910439,17.055817,16.946808,17.490471,17.868965,17.019493,17.598785,17.616829,17.526596,17.436272,17.055817,17.454338,17.219078,17.761002,17.345833,17.327736,18.012718,17.868965,17.868965,17.309639,17.418190,17.724983,17.616829,17.742996,17.779015,17.309639,17.833000,17.508537,17.110275,17.400101,17.598785,17.472412,17.291534,17.219078,17.291534,17.508537,16.764816,17.345833,16.946808,17.055817,16.819458,17.327736,16.710136,17.164696,16.655434,16.855865,16.910439,16.855865,16.069710,16.746590,16.344765,16.088081,15.424561,15.683197,15.350533,15.406059,15.128059,14.942238,14.606796,14.886414,14.382469,14.625465,14.905037,14.213860,13.800392,14.867805,14.737404,14.419891,14.382469,14.213860,14.457298,14.457298,13.574066,14.157593,14.195114,14.588127,14.326302,14.476006,13.441788,14.569450,14.082504,14.007355,14.345024,14.532082,14.044937,14.063721,13.574066,13.800392,14.793312,14.382469,14.438606,13.875710,14.232613,14.363747,14.606796,14.307571,13.932144,13.894524,13.819221,14.026146,13.988556,14.307571,14.082504,13.536285,12.758507,
11.858910,12.586906,11.955025,12.338478,12.796600,13.005829,12.891754,13.233543,12.395866,13.157700,13.157700,13.157700,13.347183,12.872734,12.586906,12.682281,12.777557,13.195625,12.853714,12.929794,12.872734,13.138725,13.252487,12.834679,13.592949,12.720398,12.910774,12.625069,13.043808,12.777557,12.986824,13.138725,12.739456,13.176659,13.005829,13.271439,13.460693,13.138725,13.005829,13.950951,12.834679,12.682281,13.403954,13.138725,13.422867,13.081795,12.853714,13.725006,13.403954,13.271439,13.950951,13.328255,13.403954,12.910774,13.366112,13.081795,13.819221,13.668427,13.024826,13.252487,13.517403,13.441788,13.441788,13.233543,13.214584,13.214584,13.138725,12.929794,13.687294,13.062805,12.758507,12.986824,12.967819,13.195625,13.043808,12.720398,12.376740,12.929794,12.891754,12.682281,12.491440,12.948814,12.625069,12.929794,12.682281,12.929794,13.081795,13.290382,13.119759,13.062805,13.252487,13.555183,13.630692,13.309326,13.592949,13.517403,13.422867,13.725006,13.385033,13.913338,13.347183,13.555183,13.328255,13.649567,13.668427,13.687294,13.479599,13.875710,13.252487,13.366112,13.214584,13.214584,13.875710,13.555183,13.498497,13.138725,13.800392,12.967819,13.592949,13.687294,13.157700,13.195625,13.062805,13.630692,13.706154,12.872734,13.422867,13.498497,13.781540,14.063721,13.762703,13.422867,13.875710,13.762703,14.157593,13.536285,13.762703,13.781540,13.611824,13.743858,13.309326,13.781540,13.894524,13.403954,13.856880,13.838051,13.403954,14.026146,13.819221,13.479599,13.838051,13.706154,13.988556,13.706154,13.271439,13.347183,13.574066,13.592949,13.555183,13.687294,14.307571,14.063721,14.326302,14.979439,14.513397,14.588127,14.923637,15.424561,15.257896,15.793800,16.234848,16.234848,16.436256,15.996223,16.271500,16.417961,16.216530,16.600693,16.874062,16.600693,16.655434,16.253181,16.764816,16.637184,17.164696,16.819458,17.073982,17.200951,16.801247,16.983162,17.128418,17.345833,17.345833,17.291534,17.797005,17.706970,17.994759,17.652901,17.092117,17.598785,17.562698,17.688942,17.940880,18.209953,18.030663,18.353111,18.317345,18.120361,18.209953,18.174133,17.850990,18.227867,18.245766,18.460312,18.245766,18.084496,18.781090,18.370995,18.531708,18.603035,18.692123,18.869980,18.834435,18.941017,18.798882,19.100624,18.603035,18.531708,18.620857,19.153755,18.603035,18.887749,18.763306,18.852211,19.029732,18.994255,18.994255,19.011993,18.869980,18.994255,19.065178,18.869980,18.994255,19.171471,19.365944,18.869980,18.834435,19.100624,19.171471,18.692123,19.224541,18.958771,19.277603,18.745514,18.692123,18.656494,18.994255,18.798882,18.834435,19.418907,18.781090,18.923264,19.418907,19.242241,19.118340,19.118340,19.153755,19.065178,18.923264,18.869980,19.029732,18.994255,18.816666,18.585213,18.603035,18.994255,18.781090,18.567383,18.406731,18.281563,18.370995,18.442459,18.603035,18.424599,18.478165,18.353111,18.335236,18.549545,18.120361,18.227867,18.478165,18.263664,18.442459,18.245766,18.513863,18.317345,18.406731,18.656494,18.442459,18.549545,18.084496,18.478165,18.763306,18.227867,18.709923,18.424599,17.706970,18.120361,18.138290,18.245766,18.317345,18.066551,17.922905,17.779015,17.850990,17.616829,17.994759,17.598785,18.012718,17.742996,17.706970,18.066551,17.598785,17.652901,17.940880,17.742996,17.958839,17.724983,17.255310,17.490471,17.037659,16.691910,16.417961,15.830643,15.922668,15.387550,15.146614,15.072350,14.681450,14.569450,14.401184,14.419891,14.232613,14.363747,14.625465,14.644127,14.026146,14.662788,14.382469,14.569450,14.157593,14.644127,14.718750,14.625465,14.326302,14.176346,14.382469,13.762703,14.532082,14.419891,14.120049,14.195114,13.950951,14.307571,14.401184,14.232613,14.232613,14.307571,14.007355,13.856880,14.120049,14.457298,13.988556,13.950951,13.950951,14.101280,13.498497,13.913338,14.007355,13.875710,14.438606,14.101280,13.932144,14.270103,13.988556,14.606796,14.532082,14.251350,14.176346,14.120049,13.969765,14.307571,14.326302,14.026146,14.494698,14.232613,14.232613,14.063721,14.419891,13.894524,14.588127,14.195114,14.419891,14.588127,14.120049,14.195114,13.838051,14.044937,14.382469,13.176659,14.101280,13.706154,13.781540,13.743858,13.328255,13.498497,13.479599,13.441788,13.403954,13.385033,13.479599,13.441788,13.366112,13.214584,13.403954,13.743858,13.536285,13.611824,13.441788,13.950951,14.213860,14.007355,14.288834,14.176346,14.307571,14.363747,14.195114,14.213860,14.401184,14.625465,14.588127,14.251350,13.555183,13.988556,14.213860,13.969765,14.232613,14.213860,14.232613,13.762703,14.120049,13.649567,14.251350,13.706154,13.856880,13.630692,13.706154,13.913338,14.270103,14.044937,13.875710,13.649567,13.611824,13.913338,13.819221,13.913338,14.101280,13.385033,13.687294,13.819221,13.706154,13.856880,13.894524,13.988556,13.932144,13.781540,13.762703,13.856880,13.762703,13.762703,13.894524,14.213860,13.856880,13.479599,13.875710,13.950951,13.762703,13.969765,13.913338,14.044937,13.668427,13.422867,13.422867,13.555183,13.479599,13.687294,13.687294,13.328255,13.517403,14.270103,14.026146,14.662788,14.382469,14.476006,14.644127,15.443062,15.849052,15.664742,16.032974,15.885872,15.701637,15.609375,15.959457,15.941071,16.417961,15.959457,15.867470,16.051353,16.600693,16.289825,16.161499,16.271500,15.885872,15.849052,16.436256,16.472824,16.399666,17.037659,16.728371,16.783035,16.381371,17.110275,16.837654,17.363930,16.928627,17.472412,17.073982,17.382019,17.670921,17.670921,16.691910,17.146553,17.255310,17.886955,17.327736,17.815002,17.580750,17.958839,17.454338,17.363930,17.490471,17.164696,17.779015,18.066551,17.797005,17.616829,17.886955,18.048607,18.066551,17.797005,17.815002,17.598785,17.146553,17.580750,17.724983,17.598785,17.652901,16.618950,17.634865,17.200951,17.255310,17.454338,17.146553,17.327736,16.837654,17.688942,17.164696,17.237198,16.764816,16.819458,17.001335,16.637184,16.454536,16.308144,16.253181,16.454536,15.646294,16.198189,15.369041,15.294960,15.424561,15.109489,15.109489,14.363747,14.625465,14.550774,14.625465,14.326302,14.438606,14.494698,14.138817,15.109489,14.251350,14.569450,14.588127,14.419891,14.476006,14.905037,14.457298,14.195114,14.345024,14.401184,14.345024,14.176346,14.063721,14.026146,14.213860,13.969765,13.969765,13.913338,14.923637,14.476006,13.913338,14.251350,14.288834,14.026146,13.894524,14.063721,13.781540,14.157593,14.419891,13.460693,14.063721,13.856880,13.649567,13.762703,13.536285,13.894524,13.119759,12.872734,
12.548721,11.781952,12.663208,12.127769,12.625069,12.739456,13.138725,12.548721,12.777557,12.796600,12.586906,13.081795,13.214584,12.891754,13.574066,13.422867,12.510529,12.758507,13.271439,12.910774,12.739456,13.119759,12.701340,12.682281,13.271439,13.081795,12.948814,13.062805,13.100769,12.853714,13.385033,12.910774,12.434105,12.663208,12.872734,12.701340,12.910774,13.706154,13.195625,12.758507,13.005829,12.815643,12.986824,12.872734,13.081795,13.157700,13.271439,13.309326,13.441788,12.929794,13.195625,13.800392,13.081795,13.024826,13.290382,13.309326,12.967819,13.195625,13.592949,12.834679,13.309326,13.441788,13.385033,13.403954,13.479599,13.668427,12.967819,13.043808,12.834679,13.157700,12.967819,12.739456,12.948814,13.157700,12.758507,12.739456,12.300209,12.948814,12.853714,12.682281,13.138725,12.910774,13.062805,13.233543,13.062805,12.910774,13.195625,13.043808,13.157700,13.252487,13.176659,13.271439,13.309326,13.441788,13.592949,13.062805,13.725006,13.687294,13.119759,13.517403,13.592949,13.762703,13.422867,13.233543,13.687294,13.309326,13.762703,12.910774,13.441788,13.385033,13.630692,13.100769,13.611824,13.574066,13.403954,13.611824,12.948814,13.762703,13.460693,13.233543,13.460693,13.574066,13.347183,13.441788,13.555183,13.838051,13.630692,13.366112,13.969765,13.422867,13.328255,13.309326,13.366112,13.536285,13.838051,13.800392,14.157593,13.403954,13.687294,13.290382,13.725006,13.347183,13.592949,13.081795,13.894524,13.687294,13.119759,13.517403,13.969765,13.555183,13.762703,13.856880,13.950951,13.762703,13.062805,13.668427,13.271439,13.649567,13.819221,13.838051,13.441788,14.213860,14.195114,14.550774,14.569450,14.718750,15.332008,15.332008,15.257896,15.830643,16.069710,16.051353,16.582436,16.509377,16.527649,16.198189,16.946808,16.819458,16.892258,16.417961,16.051353,16.637184,16.819458,17.472412,16.454536,16.819458,16.928627,16.855865,17.273430,17.309639,17.037659,17.436272,17.219078,17.670921,17.634865,17.472412,17.400101,17.886955,17.850990,17.761002,17.868965,17.922905,17.761002,17.815002,17.922905,17.904930,17.922905,17.850990,18.030663,17.976807,18.620857,18.442459,18.138290,18.406731,18.353111,18.317345,18.674309,18.317345,18.567383,18.567383,18.299454,18.353111,18.567383,18.763306,18.887749,19.029732,18.513863,18.887749,19.011993,18.834435,18.638680,18.869980,18.816666,19.082909,18.905502,19.171471,19.029732,18.834435,18.905502,18.763306,19.242241,18.976524,18.923264,18.923264,19.100624,19.065178,19.100624,19.259926,19.224541,18.603035,19.136055,18.869980,19.153755,18.638680,19.029732,19.118340,19.312950,18.887749,19.082909,19.206863,18.958771,18.763306,19.295280,18.781090,19.524719,18.994255,19.295280,19.082909,18.727722,19.507095,18.763306,18.816666,18.887749,18.638680,18.585213,18.442459,18.781090,18.406731,18.281563,18.603035,18.388855,18.335236,18.317345,18.263664,18.727722,18.585213,18.192039,18.299454,18.317345,18.869980,18.353111,18.192039,18.353111,18.174133,18.353111,18.370995,18.549545,18.388855,18.567383,18.638680,18.496017,18.353111,18.585213,18.406731,18.406731,18.585213,18.263664,18.388855,18.227867,18.102425,18.138290,17.904930,18.084496,17.598785,17.815002,17.742996,17.833000,17.634865,17.363930,17.868965,17.400101,17.886955,18.084496,18.048607,17.761002,17.958839,17.562698,17.309639,17.237198,17.598785,17.055817,17.019493,16.363075,16.234848,15.867470,15.590912,15.128059,14.960838,14.979439,14.625465,14.195114,14.476006,13.950951,14.251350,14.569450,14.195114,14.662788,14.176346,14.232613,13.950951,14.569450,14.232613,14.438606,14.026146,14.326302,14.494698,14.419891,14.176346,14.811943,14.082504,14.101280,14.044937,14.382469,14.101280,13.932144,14.213860,13.687294,13.913338,14.737404,14.382469,14.157593,13.894524,14.082504,13.950951,14.063721,13.950951,13.819221,14.195114,13.743858,13.969765,14.176346,14.363747,14.120049,14.213860,14.288834,14.326302,13.762703,14.401184,14.101280,14.382469,13.950951,14.382469,14.082504,14.063721,14.044937,14.007355,14.532082,14.120049,14.513397,13.969765,14.101280,14.662788,14.120049,14.195114,14.101280,13.875710,14.026146,13.687294,14.138817,13.536285,13.706154,14.251350,13.950951,13.309326,13.592949,13.347183,13.347183,13.592949,13.252487,13.574066,13.630692,13.214584,13.592949,13.687294,13.649567,13.290382,13.762703,13.913338,13.800392,13.214584,13.913338,13.894524,14.270103,13.913338,14.345024,13.894524,13.611824,14.288834,13.819221,14.044937,14.157593,14.157593,14.157593,13.687294,14.345024,13.743858,14.457298,13.687294,13.725006,13.856880,14.363747,13.649567,14.213860,13.536285,13.988556,13.706154,14.419891,13.574066,13.913338,14.138817,14.026146,13.969765,14.082504,13.498497,14.176346,13.460693,14.101280,13.969765,13.574066,13.366112,13.781540,13.781540,14.101280,13.592949,13.725006,13.668427,14.007355,13.687294,13.422867,13.630692,14.063721,13.743858,13.592949,13.781540,13.630692,13.781540,13.950951,13.875710,13.574066,14.063721,13.932144,13.630692,13.479599,13.649567,13.611824,13.347183,13.347183,14.326302,13.819221,14.082504,13.932144,14.288834,14.532082,14.811943,14.550774,15.498535,15.517014,15.701637,16.253181,16.271500,16.124794,16.032974,16.253181,16.179840,15.646294,15.830643,15.959457,15.977844,15.885872,16.819458,16.198189,16.637184,16.234848,16.032974,15.922668,16.161499,16.289825,16.819458,16.710136,16.783035,16.710136,17.073982,16.399666,16.928627,17.418190,16.764816,17.706970,17.037659,17.182823,17.634865,17.490471,17.418190,17.363930,17.037659,17.634865,17.472412,17.200951,17.382019,17.418190,17.382019,17.110275,17.922905,17.868965,17.761002,17.797005,17.562698,17.742996,17.219078,17.868965,17.616829,17.598785,17.976807,17.345833,17.146553,17.363930,17.616829,17.345833,17.850990,17.958839,17.200951,17.237198,16.983162,17.128418,16.399666,17.182823,16.600693,17.037659,17.255310,17.255310,16.983162,17.182823,16.928627,16.509377,16.892258,16.363075,15.683197,15.756950,16.161499,15.646294,15.146614,15.202286,14.681450,14.979439,14.401184,14.532082,13.950951,14.606796,14.830566,14.569450,14.326302,15.183723,14.307571,14.811943,14.251350,14.588127,14.569450,14.830566,14.382469,14.606796,14.849190,14.101280,14.419891,13.819221,14.176346,14.063721,14.326302,13.517403,14.774681,14.288834,14.026146,14.345024,14.494698,14.382469,14.120049,14.382469,13.969765,14.644127,14.213860,14.082504,14.120049,13.875710,14.063721,14.644127,13.385033,14.270103,13.687294,13.479599,13.762703,13.498497,13.403954,
11.820435,12.012634,12.663208,12.529640,12.567825,12.376740,12.739456,12.644142,13.271439,12.644142,12.376740,12.929794,12.605988,12.720398,12.758507,12.872734,12.815643,12.815643,12.872734,12.796600,13.138725,12.739456,13.024826,12.986824,13.157700,12.891754,12.891754,13.024826,13.157700,12.491440,13.005829,12.891754,13.328255,12.605988,12.758507,13.176659,12.910774,13.081795,12.853714,12.758507,13.119759,13.290382,13.309326,12.853714,13.403954,12.929794,12.967819,13.062805,13.176659,13.385033,13.403954,13.403954,13.005829,12.472336,13.385033,13.214584,13.024826,13.441788,13.498497,13.138725,13.630692,13.422867,13.574066,13.271439,13.762703,13.460693,12.929794,13.668427,13.005829,13.347183,13.062805,12.376740,12.108589,12.967819,12.758507,12.395866,13.100769,13.062805,12.777557,12.986824,12.891754,13.233543,12.644142,12.605988,13.176659,13.005829,12.834679,12.967819,13.290382,13.024826,12.777557,13.555183,13.460693,12.948814,13.347183,13.328255,13.630692,13.441788,12.967819,13.309326,13.176659,13.517403,12.967819,13.479599,13.309326,13.422867,13.517403,13.100769,13.498497,13.611824,13.309326,13.309326,13.252487,13.309326,13.422867,13.555183,13.385033,13.517403,13.687294,13.385033,13.479599,13.176659,13.687294,13.687294,13.403954,13.138725,13.403954,13.403954,13.403954,13.138725,13.555183,13.630692,13.555183,13.498497,13.460693,13.119759,13.894524,13.743858,13.517403,13.592949,13.592949,13.574066,13.913338,13.536285,13.555183,13.630692,14.063721,13.630692,14.138817,13.875710,13.875710,13.800392,14.044937,13.479599,13.819221,13.385033,13.328255,13.536285,13.649567,13.081795,14.138817,14.082504,14.326302,14.494698,14.793312,14.942238,15.461563,14.625465,15.424561,16.088081,15.885872,16.051353,16.253181,16.124794,16.509377,16.308144,16.436256,16.545914,16.106438,16.161499,16.783035,16.728371,16.710136,16.436256,17.073982,17.037659,16.545914,17.164696,16.837654,16.964989,16.983162,17.073982,17.273430,17.146553,17.382019,17.580750,18.048607,17.761002,17.850990,17.670921,17.508537,18.030663,17.922905,17.779015,18.084496,18.030663,18.102425,18.209953,18.281563,18.048607,18.335236,18.478165,18.317345,18.620857,18.549545,18.496017,18.585213,18.745514,18.531708,18.353111,18.852211,18.745514,19.242241,18.994255,19.189156,18.923264,19.171471,18.549545,18.834435,19.189156,19.136055,18.923264,18.976524,18.923264,18.994255,18.905502,19.206863,18.781090,19.171471,19.330627,18.923264,18.923264,19.295280,19.153755,19.277603,19.542351,19.330627,19.047462,19.401253,19.259926,18.869980,18.941017,19.242241,18.852211,19.153755,19.171471,19.295280,18.994255,19.224541,19.118340,19.330627,19.153755,19.401253,19.189156,18.603035,19.312950,18.994255,18.976524,18.941017,19.047462,19.171471,18.442459,18.692123,18.798882,18.976524,18.745514,18.603035,18.905502,18.781090,18.692123,18.353111,18.156204,18.976524,18.245766,18.620857,18.424599,18.281563,18.281563,18.781090,18.406731,18.192039,18.406731,18.478165,18.442459,18.620857,18.299454,18.763306,18.370995,18.638680,19.082909,17.940880,18.030663,18.478165,18.174133,18.638680,18.424599,18.388855,18.245766,18.245766,18.102425,18.424599,18.012718,18.030663,17.833000,18.084496,17.724983,17.904930,18.156204,17.742996,17.652901,18.084496,17.886955,17.994759,17.562698,17.940880,17.580750,17.724983,17.797005,17.382019,17.436272,16.819458,16.874062,16.363075,16.143143,15.609375,15.885872,15.239365,15.443062,14.569450,14.345024,14.494698,14.513397,14.195114,14.307571,14.438606,14.232613,14.326302,14.345024,14.830566,14.195114,14.326302,14.326302,14.494698,14.026146,14.457298,14.307571,14.737404,14.251350,14.007355,14.195114,14.307571,14.232613,14.251350,14.157593,14.138817,13.988556,14.063721,14.326302,14.120049,13.988556,14.101280,14.494698,13.781540,13.856880,13.988556,13.781540,14.101280,13.913338,14.644127,14.213860,13.950951,13.838051,14.251350,13.649567,14.195114,14.532082,14.007355,13.725006,14.044937,14.157593,13.819221,14.026146,14.419891,14.138817,14.438606,14.138817,14.494698,13.894524,14.026146,14.307571,13.800392,14.157593,14.457298,14.213860,13.894524,14.438606,13.969765,13.932144,13.856880,13.856880,13.894524,13.403954,14.232613,13.460693,13.706154,13.062805,13.100769,13.498497,13.706154,13.479599,13.592949,13.706154,13.592949,13.366112,13.592949,13.498497,13.574066,13.630692,13.649567,13.800392,13.385033,13.441788,14.101280,13.800392,13.988556,14.251350,13.800392,13.838051,13.592949,14.326302,14.326302,13.913338,14.195114,13.611824,14.007355,13.762703,13.800392,14.138817,14.101280,13.819221,13.950951,13.838051,14.044937,13.875710,13.536285,13.913338,13.630692,13.819221,13.592949,14.044937,13.649567,13.743858,13.668427,14.101280,14.063721,13.592949,13.725006,13.838051,13.706154,13.838051,13.611824,13.630692,13.819221,13.668427,13.856880,13.743858,13.460693,14.007355,13.856880,13.536285,13.687294,13.875710,13.913338,13.819221,13.894524,13.800392,13.725006,13.385033,13.422867,13.630692,13.838051,13.517403,13.441788,13.725006,13.819221,13.574066,13.819221,13.668427,13.536285,14.345024,14.138817,14.569450,14.195114,14.830566,14.793312,15.646294,15.830643,15.294960,16.032974,15.627831,16.143143,16.161499,16.216530,16.564171,16.014603,15.867470,15.922668,16.179840,16.344765,16.032974,15.977844,16.271500,15.683197,15.904274,16.253181,16.855865,16.728371,16.436256,16.491104,16.637184,17.001335,16.746590,16.837654,16.837654,16.837654,17.055817,17.670921,16.728371,17.237198,17.309639,17.128418,17.526596,16.964989,17.779015,17.472412,17.580750,17.904930,17.418190,18.084496,17.327736,17.904930,17.616829,17.815002,17.833000,17.850990,17.418190,17.237198,18.227867,18.066551,17.327736,17.562698,17.400101,17.958839,17.598785,17.544655,17.958839,16.983162,17.436272,17.490471,16.637184,17.092117,17.544655,16.892258,17.508537,17.219078,16.910439,17.508537,17.255310,17.273430,17.092117,17.037659,16.564171,16.783035,16.069710,16.710136,16.381371,15.849052,16.271500,15.646294,15.756950,15.165176,14.718750,15.016617,14.737404,13.875710,14.494698,14.700096,14.550774,14.681450,14.063721,14.288834,14.737404,14.457298,14.082504,14.120049,14.588127,14.307571,14.195114,13.706154,13.800392,13.932144,14.195114,13.838051,14.326302,14.830566,14.457298,14.307571,14.176346,13.838051,14.363747,14.251350,13.743858,13.894524,14.476006,14.007355,14.345024,13.969765,14.007355,13.969765,13.725006,14.082504,13.781540,13.969765,13.498497,14.774681,13.856880,14.588127,14.401184,13.252487,13.347183,
11.434883,12.414986,12.796600,12.548721,12.395866,12.853714,12.625069,12.529640,12.929794,12.910774,12.625069,12.834679,13.005829,12.910774,12.910774,12.567825,13.366112,12.548721,12.872734,12.929794,12.853714,13.081795,12.986824,12.663208,12.414986,12.796600,13.119759,12.720398,13.157700,12.739456,12.815643,12.853714,12.948814,13.138725,13.024826,12.758507,13.081795,12.548721,12.910774,13.479599,12.986824,12.967819,13.517403,13.157700,13.062805,13.005829,13.119759,12.777557,13.347183,13.043808,13.479599,13.385033,12.472336,13.630692,13.214584,13.233543,13.460693,13.138725,13.233543,13.005829,13.479599,13.403954,13.725006,12.567825,13.422867,13.176659,12.948814,12.625069,12.834679,12.910774,13.062805,12.777557,13.214584,12.281059,12.777557,12.529640,12.853714,12.663208,12.758507,12.625069,12.453224,12.777557,12.605988,13.062805,12.986824,12.586906,13.385033,13.366112,13.043808,13.157700,13.024826,13.271439,13.517403,13.366112,13.403954,13.385033,13.725006,13.460693,13.328255,13.517403,13.517403,13.157700,13.894524,13.441788,13.081795,13.309326,12.891754,13.725006,13.725006,13.328255,13.385033,13.328255,13.043808,13.328255,13.630692,13.687294,13.422867,13.252487,13.385033,13.894524,13.498497,13.024826,13.706154,13.233543,13.706154,13.460693,13.838051,13.119759,13.252487,13.517403,13.725006,13.271439,13.988556,13.819221,13.195625,13.233543,13.214584,13.762703,13.517403,13.460693,13.214584,13.875710,13.574066,13.649567,14.382469,13.743858,13.138725,13.517403,13.950951,13.630692,13.743858,13.800392,13.347183,13.668427,13.649567,13.517403,13.252487,13.536285,13.441788,13.781540,14.026146,14.195114,14.044937,14.270103,14.923637,14.793312,14.830566,15.553970,15.849052,15.720085,15.904274,16.545914,16.308144,16.326462,16.491104,16.637184,16.326462,15.996223,16.637184,16.892258,17.001335,16.527649,16.564171,16.855865,16.691910,16.381371,16.964989,17.544655,17.598785,17.037659,17.255310,17.182823,17.815002,17.940880,17.634865,17.940880,17.544655,17.706970,17.940880,17.868965,18.192039,17.922905,18.102425,17.886955,18.478165,17.994759,18.066551,18.370995,18.263664,18.353111,18.317345,18.263664,18.299454,18.084496,18.496017,18.317345,18.370995,18.709923,18.317345,18.958771,18.567383,18.620857,18.781090,18.852211,18.976524,18.941017,18.923264,19.295280,19.312950,18.941017,18.976524,19.047462,18.869980,19.295280,19.171471,19.189156,19.436554,19.224541,19.700775,19.047462,19.047462,18.958771,18.887749,19.277603,19.507095,19.524719,19.242241,19.082909,18.816666,19.242241,19.348289,18.941017,19.171471,19.206863,18.958771,19.011993,19.011993,19.206863,18.781090,19.454201,19.295280,19.100624,19.401253,18.709923,18.941017,19.401253,19.542351,19.100624,19.242241,18.869980,18.727722,18.976524,18.869980,18.763306,19.011993,18.638680,18.727722,18.585213,18.638680,18.620857,18.478165,18.245766,18.317345,18.585213,18.834435,18.209953,18.656494,18.531708,18.353111,18.727722,18.638680,18.460312,18.406731,18.745514,18.406731,18.496017,18.781090,18.674309,18.120361,18.460312,18.442459,18.281563,18.513863,18.209953,18.335236,18.245766,18.138290,18.156204,18.531708,18.084496,18.192039,17.670921,17.958839,17.797005,17.976807,17.868965,17.779015,17.670921,18.120361,17.688942,17.472412,17.472412,17.868965,18.102425,17.833000,17.634865,17.508537,17.742996,17.092117,16.746590,17.164696,16.783035,16.381371,16.161499,15.443062,15.646294,15.609375,15.165176,14.923637,14.082504,14.401184,14.251350,14.138817,14.419891,14.270103,14.288834,14.476006,14.326302,14.345024,14.588127,14.830566,14.026146,14.345024,13.875710,14.138817,14.063721,14.569450,14.270103,13.932144,14.438606,14.382469,14.176346,13.969765,14.176346,14.101280,14.063721,14.007355,14.251350,14.157593,13.950951,14.457298,13.969765,13.969765,14.345024,14.026146,13.838051,13.932144,14.569450,13.950951,14.101280,13.950951,13.668427,14.007355,13.988556,13.630692,14.307571,14.026146,13.725006,14.101280,13.894524,14.288834,14.026146,14.063721,13.725006,14.138817,13.932144,14.101280,14.307571,14.195114,14.063721,13.668427,14.044937,14.288834,14.382469,14.044937,13.894524,13.894524,13.800392,14.232613,13.894524,13.762703,13.743858,13.630692,13.498497,13.328255,13.328255,13.574066,13.403954,13.347183,13.611824,13.460693,13.498497,13.385033,13.668427,13.592949,13.422867,13.969765,13.309326,13.706154,13.498497,13.781540,14.625465,13.950951,14.176346,14.138817,13.687294,13.988556,13.687294,14.270103,13.762703,14.232613,13.611824,14.120049,13.800392,13.725006,14.101280,13.649567,13.819221,13.592949,13.838051,14.138817,13.706154,13.875710,13.800392,13.875710,13.630692,14.288834,13.762703,13.687294,13.479599,13.630692,13.838051,13.668427,13.819221,13.479599,13.441788,13.988556,13.460693,14.270103,14.138817,13.403954,13.762703,13.819221,14.138817,13.988556,13.969765,13.969765,13.460693,13.894524,13.328255,13.100769,13.781540,13.536285,13.781540,13.706154,13.743858,13.630692,13.969765,13.800392,13.630692,13.894524,13.611824,13.856880,13.214584,13.498497,13.668427,13.875710,13.403954,13.347183,14.288834,14.401184,14.101280,14.644127,15.072350,15.072350,15.664742,15.922668,15.775375,15.830643,16.545914,16.088081,15.720085,15.535500,15.701637,15.756950,15.996223,16.436256,15.977844,16.363075,15.922668,16.344765,16.472824,16.088081,16.014603,16.399666,16.326462,16.600693,16.472824,16.509377,16.600693,16.728371,16.655434,16.855865,16.819458,17.219078,16.892258,17.073982,17.128418,17.110275,17.670921,17.508537,17.019493,17.219078,17.436272,17.580750,17.436272,17.815002,17.616829,17.779015,17.436272,17.922905,17.508537,17.526596,17.309639,17.418190,17.850990,17.418190,17.508537,18.048607,17.255310,17.580750,17.418190,17.634865,17.128418,17.742996,17.797005,17.616829,17.291534,17.309639,17.273430,17.472412,16.964989,17.146553,17.200951,17.164696,17.019493,17.073982,16.746590,16.764816,16.964989,16.527649,16.545914,16.655434,16.527649,16.032974,16.271500,16.069710,15.720085,15.369041,15.793800,14.718750,14.979439,15.035194,14.532082,14.625465,14.419891,14.588127,14.886414,14.662788,14.774681,14.457298,14.718750,14.681450,15.053780,14.345024,14.532082,13.856880,14.588127,14.401184,14.307571,14.401184,14.044937,14.457298,13.875710,14.307571,14.044937,14.550774,14.494698,14.082504,14.007355,14.288834,13.950951,14.681450,14.063721,14.138817,14.307571,13.988556,13.498497,13.969765,14.007355,14.681450,14.307571,14.457298,13.932144,13.649567,13.574066,13.875710,13.894524,14.082504,12.758507,
11.801193,11.935799,13.460693,12.434105,12.472336,12.529640,13.706154,12.967819,12.548721,12.910774,13.195625,12.739456,12.739456,12.891754,12.967819,12.338478,12.701340,12.929794,12.891754,12.853714,12.929794,13.403954,12.815643,12.777557,12.834679,13.290382,13.138725,12.986824,12.701340,13.176659,13.290382,13.290382,13.328255,12.720398,13.214584,13.328255,13.138725,13.403954,13.157700,13.100769,13.119759,12.910774,13.100769,13.005829,12.815643,12.625069,13.422867,12.948814,13.157700,12.910774,13.214584,13.214584,12.929794,13.441788,13.176659,13.138725,13.043808,13.290382,13.743858,13.422867,13.195625,12.834679,13.649567,13.385033,13.195625,13.062805,13.328255,13.555183,13.024826,13.119759,12.967819,13.403954,12.796600,13.024826,12.872734,12.663208,13.328255,12.853714,12.108589,12.872734,13.195625,12.777557,12.720398,13.176659,13.119759,12.567825,13.460693,12.796600,13.195625,13.157700,13.157700,12.967819,13.630692,13.441788,13.555183,13.536285,13.233543,13.385033,13.214584,13.366112,13.574066,13.214584,13.630692,13.385033,13.460693,13.403954,13.574066,13.195625,13.517403,13.611824,13.649567,13.309326,13.649567,13.043808,13.309326,13.062805,13.328255,13.555183,13.725006,14.101280,13.214584,13.969765,13.403954,13.157700,13.592949,13.403954,13.347183,13.800392,13.024826,14.401184,13.366112,13.574066,13.592949,13.422867,13.838051,13.687294,13.536285,13.649567,13.347183,13.969765,13.460693,13.385033,13.479599,13.743858,14.044937,13.762703,13.725006,13.762703,13.932144,13.498497,13.536285,13.328255,14.120049,13.195625,13.498497,13.630692,13.592949,13.668427,13.574066,14.176346,13.913338,14.382469,14.307571,14.457298,14.606796,14.774681,15.350533,15.498535,15.443062,15.572441,16.216530,16.289825,16.234848,16.472824,16.399666,16.198189,16.234848,16.344765,16.381371,16.582436,16.673668,17.092117,16.308144,16.637184,16.946808,17.146553,17.019493,16.910439,17.291534,17.073982,17.490471,17.273430,17.688942,17.418190,17.598785,17.652901,17.706970,17.418190,17.454338,17.761002,18.156204,18.030663,17.815002,18.138290,18.174133,17.994759,18.102425,18.012718,17.833000,18.263664,18.585213,18.317345,18.549545,18.299454,18.424599,18.227867,18.442459,18.335236,18.620857,18.442459,18.478165,18.513863,18.460312,19.224541,18.656494,19.189156,19.136055,19.029732,18.816666,19.224541,18.976524,18.958771,19.029732,19.418907,19.100624,19.242241,19.365944,19.065178,19.065178,19.153755,19.082909,19.189156,18.994255,19.118340,19.277603,19.542351,19.383614,19.524719,19.630394,19.189156,19.242241,19.259926,19.171471,19.277603,19.489464,18.994255,19.171471,19.330627,18.763306,18.923264,19.242241,19.029732,19.100624,19.330627,18.798882,19.454201,19.153755,19.206863,19.383614,18.834435,19.047462,19.418907,18.994255,18.745514,19.047462,19.065178,18.727722,18.585213,18.852211,18.174133,18.370995,18.388855,18.620857,18.638680,18.496017,18.442459,18.620857,18.353111,18.281563,18.585213,18.585213,18.709923,18.549545,18.370995,18.763306,18.816666,18.656494,18.496017,18.442459,18.674309,18.406731,18.406731,18.620857,17.833000,18.317345,18.388855,18.513863,18.353111,18.620857,18.048607,17.850990,18.209953,17.886955,17.815002,18.209953,17.815002,18.263664,17.994759,18.012718,17.742996,18.066551,17.742996,17.940880,17.400101,17.994759,17.779015,17.815002,17.886955,17.418190,17.382019,16.527649,17.128418,16.728371,15.793800,15.922668,15.202286,15.683197,14.849190,14.737404,14.494698,14.588127,14.120049,14.063721,14.662788,14.457298,14.157593,14.401184,14.606796,14.326302,14.288834,14.326302,14.494698,14.007355,14.213860,14.363747,14.307571,14.363747,14.494698,13.969765,14.326302,14.513397,14.326302,13.838051,14.476006,14.044937,14.007355,14.195114,13.969765,13.969765,13.630692,14.138817,14.120049,14.195114,13.988556,13.894524,14.120049,13.574066,14.007355,13.913338,14.026146,13.875710,14.082504,13.725006,13.875710,14.082504,13.800392,14.270103,13.988556,14.251350,13.856880,14.270103,14.326302,14.363747,14.382469,13.950951,13.932144,13.932144,14.026146,14.044937,14.419891,13.800392,14.157593,13.913338,14.082504,13.913338,13.649567,13.875710,13.875710,13.856880,13.649567,13.441788,13.328255,13.574066,13.498497,13.422867,13.403954,13.479599,13.176659,13.441788,13.366112,13.498497,13.347183,13.271439,13.630692,13.762703,13.875710,13.555183,13.838051,13.271439,13.988556,14.082504,14.138817,13.988556,14.007355,14.232613,13.969765,14.120049,13.838051,13.988556,14.213860,14.157593,13.668427,14.532082,13.725006,14.044937,14.176346,14.026146,13.800392,14.232613,14.007355,13.649567,13.762703,14.270103,13.214584,14.120049,13.932144,13.838051,13.630692,14.026146,14.044937,13.687294,13.725006,13.950951,13.555183,13.422867,13.611824,14.195114,13.252487,13.611824,14.176346,13.819221,14.007355,14.044937,13.309326,13.385033,13.894524,13.403954,13.800392,13.932144,13.800392,13.913338,13.969765,13.611824,13.271439,13.950951,13.894524,13.894524,13.403954,13.706154,13.422867,13.005829,13.441788,13.479599,13.913338,13.290382,13.630692,13.460693,13.781540,13.706154,14.213860,13.611824,14.044937,13.988556,14.363747,14.998024,15.387550,15.793800,15.498535,16.271500,16.088081,15.849052,16.106438,16.198189,15.959457,15.387550,16.308144,16.124794,16.088081,15.775375,15.977844,16.216530,15.977844,16.179840,16.143143,16.216530,16.198189,16.234848,16.746590,16.051353,16.910439,16.417961,16.928627,16.728371,16.964989,16.691910,16.910439,17.327736,17.164696,17.327736,17.110275,17.598785,16.928627,17.255310,17.146553,17.544655,17.815002,17.779015,17.490471,17.634865,17.544655,17.508537,17.544655,17.886955,17.418190,17.742996,18.138290,17.598785,17.454338,17.309639,17.490471,17.598785,17.562698,17.688942,17.472412,17.363930,17.182823,17.219078,17.182823,17.128418,17.382019,17.616829,17.472412,17.128418,16.637184,17.200951,16.819458,17.073982,17.273430,17.454338,16.983162,17.019493,16.946808,16.837654,16.399666,16.289825,16.344765,16.234848,15.572441,15.424561,15.830643,15.183723,15.128059,14.718750,14.513397,14.662788,14.905037,14.644127,14.476006,14.476006,14.793312,14.588127,14.644127,14.550774,14.700096,14.923637,14.886414,14.644127,14.120049,14.176346,14.270103,14.849190,14.382469,14.345024,14.588127,14.026146,14.251350,14.063721,14.363747,14.326302,14.307571,14.026146,14.569450,14.120049,14.569450,14.644127,14.382469,14.270103,14.176346,14.213860,14.476006,14.625465,14.363747,14.213860,13.838051,14.176346,14.007355,14.476006,14.270103,13.988556,13.100769,
11.550713,12.031822,12.948814,12.834679,12.242760,12.605988,12.739456,12.548721,12.720398,12.491440,12.529640,12.567825,12.910774,13.328255,13.328255,12.796600,12.796600,13.024826,12.739456,13.195625,13.138725,12.948814,12.986824,13.252487,13.043808,13.024826,12.796600,13.555183,12.967819,13.176659,13.309326,13.005829,13.366112,13.138725,12.853714,12.872734,13.119759,13.005829,13.403954,13.138725,13.024826,13.100769,13.195625,13.119759,13.043808,13.138725,12.815643,13.081795,12.967819,13.233543,13.498497,12.948814,12.891754,13.687294,13.403954,13.195625,12.872734,13.347183,13.328255,13.081795,12.986824,13.100769,13.592949,13.479599,13.574066,13.214584,12.605988,12.967819,12.796600,13.441788,13.138725,13.081795,13.328255,12.796600,13.062805,12.625069,12.701340,12.758507,13.290382,12.491440,12.891754,12.815643,12.720398,13.024826,13.403954,12.548721,12.796600,13.024826,13.592949,12.986824,13.894524,13.460693,13.385033,13.706154,13.950951,13.347183,13.536285,13.366112,13.441788,12.796600,13.649567,13.460693,13.366112,13.630692,13.366112,13.611824,13.555183,13.725006,13.366112,13.422867,13.403954,13.328255,13.762703,13.574066,13.100769,13.366112,13.706154,13.309326,13.441788,13.932144,14.195114,13.555183,13.403954,13.422867,13.214584,13.838051,13.743858,13.422867,13.403954,13.611824,13.592949,13.611824,13.800392,13.894524,13.819221,13.687294,13.969765,13.460693,13.498497,13.441788,13.838051,13.913338,13.517403,13.800392,13.422867,13.649567,13.252487,14.195114,13.894524,14.120049,13.950951,13.574066,13.668427,13.536285,13.838051,13.630692,13.555183,13.706154,13.988556,13.347183,13.611824,14.345024,14.457298,14.662788,14.681450,14.756035,15.775375,15.424561,15.922668,15.738518,15.941071,16.399666,16.472824,16.179840,16.326462,16.344765,16.399666,16.564171,16.344765,16.564171,16.454536,16.545914,16.691910,16.710136,16.910439,16.783035,16.874062,17.164696,17.128418,16.710136,17.400101,17.055817,17.490471,17.255310,17.958839,17.327736,17.508537,17.634865,17.580750,17.940880,17.868965,17.958839,18.030663,17.994759,18.048607,17.797005,18.120361,18.227867,18.263664,18.442459,18.317345,18.245766,18.674309,18.263664,18.549545,18.424599,18.994255,18.674309,18.531708,18.406731,18.674309,18.656494,18.674309,18.852211,19.259926,18.531708,19.383614,18.905502,19.136055,19.312950,19.312950,18.941017,18.905502,19.401253,19.471832,19.259926,19.577583,18.781090,19.542351,18.994255,19.259926,19.612793,19.100624,19.277603,19.700775,19.312950,19.206863,19.312950,19.171471,19.259926,19.507095,19.259926,19.277603,19.259926,19.189156,19.171471,18.958771,18.905502,19.118340,19.065178,19.401253,18.781090,19.153755,18.976524,19.542351,19.136055,19.082909,18.798882,19.312950,19.153755,18.958771,19.100624,18.905502,18.567383,18.869980,18.852211,18.585213,18.478165,18.745514,18.781090,18.192039,18.567383,18.496017,18.370995,18.370995,18.174133,18.424599,18.513863,18.834435,18.406731,18.460312,18.549545,18.869980,18.209953,18.692123,18.174133,18.281563,18.388855,18.513863,18.727722,18.442459,18.281563,18.513863,18.478165,18.317345,18.120361,18.335236,18.281563,18.406731,18.460312,18.513863,17.904930,18.406731,18.138290,17.436272,17.616829,17.815002,17.724983,17.976807,17.616829,17.976807,17.994759,18.227867,17.815002,17.958839,17.562698,17.670921,17.436272,17.598785,16.837654,16.837654,16.710136,16.491104,15.867470,15.904274,15.350533,15.035194,15.072350,14.382469,14.644127,14.307571,14.195114,14.793312,14.419891,14.138817,14.476006,14.101280,14.120049,14.157593,14.382469,13.762703,14.382469,14.401184,14.401184,14.157593,14.213860,14.082504,14.138817,14.251350,14.345024,14.494698,14.401184,13.838051,13.856880,14.457298,14.138817,14.026146,14.082504,14.138817,14.176346,13.932144,13.969765,14.101280,13.969765,13.950951,14.007355,14.101280,14.419891,13.687294,14.026146,13.743858,13.706154,13.875710,13.856880,14.138817,14.401184,14.550774,14.345024,14.101280,14.213860,13.969765,14.213860,13.932144,14.026146,14.213860,14.082504,14.251350,13.988556,14.063721,13.988556,13.988556,14.382469,13.875710,14.044937,14.382469,14.157593,13.913338,14.251350,13.856880,13.592949,13.819221,13.706154,13.838051,13.781540,12.967819,13.668427,13.119759,13.062805,13.517403,13.422867,13.875710,13.309326,13.706154,13.856880,13.555183,13.819221,13.328255,13.630692,13.630692,13.800392,13.856880,14.232613,13.762703,13.988556,13.988556,13.894524,13.838051,13.819221,13.706154,14.101280,14.232613,14.044937,14.176346,13.988556,14.176346,13.706154,13.969765,13.875710,14.251350,13.894524,13.913338,13.649567,14.176346,13.668427,14.138817,14.044937,13.611824,13.875710,14.270103,13.856880,13.913338,13.668427,14.007355,13.932144,13.856880,13.517403,13.328255,13.668427,13.950951,13.366112,13.988556,14.082504,13.762703,13.875710,13.536285,13.630692,13.347183,13.932144,13.762703,13.762703,14.063721,13.762703,14.082504,14.026146,14.251350,13.536285,13.875710,13.498497,14.082504,13.687294,13.347183,13.441788,13.932144,13.441788,13.498497,13.668427,13.725006,13.498497,13.536285,14.120049,13.668427,14.438606,14.457298,14.905037,15.239365,15.756950,15.443062,15.867470,15.517014,15.830643,16.143143,16.014603,16.454536,15.793800,16.069710,15.849052,16.308144,15.996223,15.977844,16.124794,16.271500,16.161499,15.977844,16.124794,16.855865,16.216530,16.564171,16.710136,16.746590,16.819458,17.110275,16.837654,17.182823,16.545914,16.509377,16.964989,17.400101,17.128418,17.598785,17.164696,17.526596,17.598785,17.110275,17.688942,17.363930,17.255310,17.779015,17.508537,17.868965,17.886955,18.048607,17.670921,17.182823,17.309639,17.436272,17.345833,17.454338,17.958839,17.688942,17.327736,17.200951,17.562698,17.472412,17.182823,17.073982,17.850990,17.092117,17.345833,17.219078,17.544655,17.128418,16.783035,16.892258,17.164696,17.273430,16.600693,16.381371,17.092117,16.564171,17.182823,16.783035,16.454536,16.946808,17.055817,16.728371,16.032974,15.977844,15.627831,16.051353,14.960838,15.220818,14.625465,14.849190,14.979439,14.700096,14.288834,14.550774,14.532082,14.681450,14.644127,14.457298,14.700096,14.457298,14.923637,14.326302,14.830566,14.532082,14.138817,14.532082,15.016617,14.625465,14.438606,14.532082,14.120049,13.988556,14.326302,13.403954,14.401184,14.101280,14.513397,13.969765,13.969765,14.345024,14.120049,13.838051,14.345024,14.681450,14.345024,14.044937,14.213860,13.819221,14.044937,14.120049,14.476006,13.932144,13.403954,13.875710,13.856880,14.026146,13.309326,
12.146942,12.777557,13.252487,13.081795,13.517403,12.701340,12.986824,13.195625,13.024826,13.403954,12.625069,13.252487,12.777557,13.214584,12.853714,13.441788,12.720398,13.309326,12.682281,12.891754,13.024826,12.663208,13.252487,12.777557,13.328255,13.441788,13.138725,13.233543,13.517403,12.967819,12.910774,12.891754,13.309326,13.233543,13.422867,13.271439,13.043808,13.138725,13.743858,13.024826,12.872734,13.441788,13.214584,13.460693,13.081795,13.422867,13.214584,12.872734,12.834679,12.739456,13.441788,12.891754,13.195625,13.403954,13.687294,13.081795,12.948814,13.328255,13.668427,13.781540,13.233543,13.856880,13.706154,14.082504,13.195625,13.649567,12.796600,13.176659,12.644142,13.176659,12.739456,12.529640,12.586906,12.834679,12.853714,12.357613,12.586906,12.815643,12.872734,12.967819,13.043808,12.872734,13.328255,13.366112,13.233543,13.290382,12.834679,13.309326,13.894524,13.649567,13.366112,13.592949,13.366112,13.460693,13.536285,13.611824,13.762703,13.328255,13.875710,13.385033,14.138817,13.498497,13.781540,13.988556,13.479599,13.574066,13.385033,13.441788,13.328255,13.366112,13.630692,13.138725,13.536285,13.592949,13.517403,13.574066,13.611824,13.233543,14.270103,13.630692,13.498497,13.592949,13.366112,13.441788,13.687294,13.574066,13.366112,13.913338,13.988556,13.950951,13.592949,13.743858,13.536285,13.743858,14.063721,13.649567,13.479599,13.214584,13.706154,13.460693,13.592949,13.649567,13.781540,13.668427,13.988556,13.214584,13.856880,13.649567,14.026146,13.969765,14.101280,13.819221,13.611824,13.592949,13.385033,13.385033,13.214584,13.611824,13.743858,13.649567,14.157593,14.176346,14.494698,14.288834,15.035194,15.202286,15.517014,15.480049,15.369041,16.032974,15.959457,16.198189,16.363075,16.198189,16.289825,16.417961,16.545914,16.637184,16.509377,16.746590,16.564171,17.019493,17.019493,16.928627,17.219078,17.146553,17.255310,17.019493,17.128418,17.237198,17.291534,17.110275,17.490471,17.688942,17.670921,17.634865,17.598785,17.868965,17.797005,17.940880,17.724983,18.299454,17.670921,17.688942,18.030663,18.156204,18.048607,18.156204,18.156204,18.299454,18.317345,18.192039,18.424599,18.424599,18.156204,18.442459,18.317345,18.603035,18.620857,18.603035,18.370995,18.745514,18.798882,18.496017,18.941017,18.869980,19.136055,18.763306,18.923264,19.118340,19.365944,19.365944,19.153755,19.612793,19.136055,19.295280,19.507095,19.242241,19.171471,19.365944,19.542351,19.189156,19.630394,19.189156,19.259926,19.189156,19.259926,19.312950,19.630394,19.171471,19.559967,18.994255,19.489464,19.436554,19.047462,19.171471,19.295280,19.259926,19.082909,19.312950,19.206863,18.798882,18.994255,19.153755,19.524719,19.259926,18.834435,19.612793,19.029732,19.118340,19.383614,19.011993,19.100624,19.153755,18.852211,18.549545,18.745514,18.531708,18.370995,18.299454,18.460312,18.192039,18.263664,18.674309,18.245766,18.620857,18.102425,18.478165,18.156204,18.263664,18.745514,18.245766,18.281563,18.245766,18.798882,18.638680,18.353111,18.192039,18.585213,18.174133,18.174133,18.585213,18.102425,18.227867,18.102425,18.120361,18.281563,18.353111,18.102425,18.263664,18.102425,17.850990,18.317345,17.742996,17.761002,17.688942,17.922905,18.012718,17.886955,17.958839,17.761002,17.454338,17.652901,17.688942,17.976807,17.688942,17.472412,17.922905,17.526596,17.472412,16.764816,16.600693,16.764816,16.124794,15.959457,15.332008,15.387550,15.072350,14.811943,14.662788,14.625465,14.532082,14.363747,14.157593,14.476006,14.476006,14.082504,14.793312,14.849190,14.270103,14.288834,14.457298,13.800392,14.270103,14.419891,14.063721,14.550774,13.988556,14.382469,14.513397,14.120049,14.176346,14.606796,14.270103,14.195114,14.157593,13.838051,14.044937,14.213860,14.232613,14.082504,14.063721,14.345024,14.363747,14.232613,14.120049,14.213860,13.894524,13.913338,13.706154,13.913338,14.288834,13.875710,14.307571,13.856880,14.213860,14.550774,14.120049,14.625465,14.082504,14.101280,14.101280,14.401184,13.894524,14.307571,14.251350,14.213860,14.401184,13.913338,14.251350,14.101280,13.781540,14.176346,14.438606,14.044937,13.969765,14.251350,13.555183,13.762703,13.403954,13.800392,13.743858,13.479599,13.460693,13.574066,13.309326,13.138725,13.555183,13.630692,13.385033,13.498497,13.649567,13.157700,13.762703,13.819221,13.592949,13.762703,13.969765,13.800392,14.213860,14.307571,13.988556,13.932144,14.345024,14.063721,14.232613,14.345024,14.138817,14.307571,14.326302,14.251350,14.476006,14.288834,14.026146,14.232613,14.213860,14.157593,14.288834,13.725006,14.457298,14.138817,13.138725,13.932144,13.611824,13.969765,13.819221,14.513397,14.382469,13.800392,13.913338,13.630692,13.328255,14.195114,13.932144,13.913338,14.195114,14.307571,13.856880,13.875710,13.988556,14.401184,13.743858,14.007355,13.969765,13.800392,13.800392,13.536285,13.592949,13.988556,13.725006,13.611824,13.574066,13.875710,13.385033,14.063721,13.630692,13.932144,13.630692,13.385033,13.649567,13.781540,13.743858,13.100769,13.555183,13.687294,13.649567,13.649567,13.460693,14.382469,13.649567,14.082504,14.326302,14.363747,14.849190,15.146614,15.202286,15.128059,15.904274,15.793800,15.885872,16.637184,16.069710,15.664742,16.417961,16.124794,16.032974,15.885872,16.143143,16.436256,15.756950,15.849052,15.775375,15.553970,15.977844,16.527649,16.491104,16.344765,16.106438,16.564171,16.582436,17.128418,16.819458,16.363075,17.526596,17.291534,16.837654,17.146553,17.345833,17.382019,17.400101,16.946808,16.983162,17.092117,17.454338,17.616829,17.164696,17.418190,17.580750,17.454338,17.833000,17.652901,17.724983,17.598785,17.544655,17.562698,17.634865,17.562698,17.526596,17.652901,18.174133,17.382019,17.472412,17.436272,17.237198,17.327736,16.855865,17.886955,17.146553,16.946808,17.508537,17.562698,16.983162,17.001335,16.855865,17.382019,17.182823,17.182823,16.618950,16.819458,17.164696,16.637184,16.783035,16.637184,16.216530,16.783035,15.812218,16.618950,15.775375,15.996223,15.332008,15.369041,15.257896,15.128059,14.457298,14.232613,14.867805,14.363747,14.270103,14.681450,14.960838,14.737404,14.998024,14.588127,14.270103,14.345024,14.681450,14.532082,14.662788,14.419891,14.737404,14.382469,14.550774,14.457298,13.913338,14.513397,13.932144,14.363747,14.476006,14.176346,14.513397,13.875710,13.932144,14.120049,14.195114,14.457298,14.307571,14.044937,14.419891,14.082504,14.886414,13.536285,14.532082,14.307571,14.401184,13.800392,14.232613,14.026146,13.630692,13.630692,13.649567,
11.801193,12.223610,12.625069,12.261917,12.853714,12.929794,13.290382,12.929794,12.739456,12.777557,13.233543,12.815643,13.441788,13.328255,12.834679,12.948814,13.138725,13.081795,13.328255,12.967819,12.891754,13.460693,13.062805,13.271439,13.138725,13.005829,13.403954,13.100769,13.328255,13.214584,13.100769,13.233543,13.024826,13.592949,13.081795,12.872734,13.517403,13.043808,12.929794,13.252487,13.005829,12.986824,13.043808,13.024826,13.366112,13.668427,13.366112,12.777557,13.119759,13.422867,13.536285,13.422867,12.929794,13.422867,12.720398,13.347183,13.347183,13.403954,13.385033,13.271439,13.385033,13.062805,13.687294,13.592949,13.875710,13.081795,13.309326,13.611824,12.910774,13.309326,12.796600,13.176659,13.969765,12.796600,12.720398,12.853714,12.510529,12.777557,12.872734,12.414986,12.701340,12.625069,13.290382,12.891754,13.290382,13.138725,13.403954,13.309326,13.290382,13.157700,13.347183,13.536285,13.536285,13.781540,13.574066,13.630692,13.479599,13.479599,13.536285,13.328255,13.630692,13.875710,13.498497,13.706154,13.422867,13.762703,13.385033,13.441788,13.743858,13.856880,13.385033,13.498497,13.347183,13.649567,13.005829,13.252487,13.460693,13.574066,13.781540,13.649567,13.422867,13.762703,13.950951,13.498497,13.894524,13.743858,13.536285,13.894524,13.611824,13.649567,13.781540,13.630692,13.969765,13.517403,13.630692,13.856880,13.574066,13.498497,14.082504,14.007355,13.762703,13.687294,13.762703,13.592949,13.743858,13.290382,14.007355,13.913338,14.007355,13.649567,14.326302,13.800392,14.138817,13.781540,14.232613,13.441788,13.309326,13.271439,13.592949,13.856880,14.157593,14.176346,14.082504,14.644127,14.849190,14.960838,15.276436,15.461563,15.904274,15.738518,16.051353,16.069710,16.436256,16.600693,16.253181,16.253181,16.491104,16.399666,16.399666,16.564171,16.381371,16.509377,16.801247,16.509377,17.037659,16.910439,16.983162,16.910439,17.200951,16.892258,17.110275,17.472412,17.273430,17.850990,17.779015,17.400101,17.634865,17.616829,17.670921,17.922905,17.688942,17.779015,18.138290,17.833000,17.922905,17.652901,18.209953,17.779015,18.406731,18.138290,18.620857,18.335236,18.442459,18.317345,18.513863,18.478165,18.638680,18.656494,18.531708,18.549545,18.674309,18.317345,18.656494,18.869980,18.958771,18.745514,18.869980,18.941017,19.242241,19.348289,19.136055,19.100624,19.542351,19.806221,19.718353,19.348289,19.118340,19.295280,19.383614,19.418907,19.330627,19.418907,19.418907,19.206863,19.630394,19.365944,19.471832,19.348289,19.312950,19.630394,19.242241,19.065178,19.171471,19.418907,19.206863,19.577583,19.206863,19.047462,18.620857,19.224541,19.011993,18.798882,19.295280,18.923264,18.798882,19.312950,18.834435,18.923264,19.206863,18.887749,19.153755,19.100624,19.029732,18.638680,18.620857,18.905502,18.852211,18.496017,19.136055,18.335236,18.478165,18.281563,18.174133,18.370995,18.209953,18.353111,17.868965,17.904930,18.585213,18.513863,18.620857,18.048607,18.460312,18.156204,18.798882,18.156204,18.424599,18.102425,18.549545,18.138290,18.102425,18.656494,18.299454,18.138290,18.299454,17.868965,18.156204,18.156204,18.174133,17.779015,17.868965,18.102425,18.102425,17.761002,18.209953,18.192039,17.724983,17.779015,17.994759,17.327736,17.976807,17.868965,17.958839,17.652901,18.084496,18.048607,17.634865,17.363930,17.200951,16.928627,17.382019,16.655434,16.344765,16.253181,15.922668,15.498535,15.424561,14.867805,14.756035,14.606796,13.819221,14.195114,14.120049,14.438606,14.532082,14.625465,14.345024,14.681450,14.288834,14.923637,14.363747,14.138817,14.700096,13.743858,14.513397,14.382469,14.251350,14.157593,14.213860,14.588127,14.157593,14.288834,14.251350,14.063721,13.838051,13.988556,13.932144,14.213860,14.213860,14.345024,14.007355,14.157593,14.176346,13.725006,14.232613,13.969765,13.838051,14.363747,13.950951,14.195114,14.007355,13.913338,14.382469,14.026146,14.363747,13.950951,14.737404,13.875710,13.988556,13.894524,14.550774,14.569450,13.932144,14.288834,14.007355,14.176346,14.345024,14.044937,14.251350,14.026146,13.988556,13.969765,13.932144,14.363747,14.251350,13.574066,13.894524,13.687294,14.176346,13.894524,13.649567,13.950951,13.800392,13.422867,13.555183,13.328255,13.271439,13.574066,13.214584,13.157700,13.743858,13.347183,13.498497,13.555183,13.555183,13.592949,13.574066,13.195625,14.270103,13.838051,14.120049,14.550774,14.382469,14.044937,14.044937,14.270103,13.838051,14.345024,13.988556,14.176346,13.536285,14.026146,13.819221,13.950951,13.649567,13.894524,13.875710,13.668427,14.251350,14.082504,14.157593,13.932144,13.781540,13.894524,13.950951,14.176346,14.232613,14.063721,13.706154,14.063721,14.176346,13.743858,14.120049,14.007355,13.838051,14.251350,13.668427,13.725006,13.574066,14.007355,13.611824,13.838051,13.687294,13.838051,13.592949,13.611824,13.932144,13.743858,13.119759,13.838051,13.762703,13.290382,13.517403,13.838051,13.517403,13.687294,13.819221,13.819221,13.517403,13.441788,13.555183,13.517403,13.498497,13.536285,13.385033,13.460693,13.969765,13.403954,13.630692,14.026146,14.213860,14.195114,14.625465,14.830566,15.424561,15.369041,15.480049,15.646294,15.775375,16.326462,15.941071,16.253181,16.106438,15.904274,15.830643,16.198189,15.885872,16.216530,16.710136,16.308144,15.720085,15.996223,15.941071,15.941071,15.922668,16.106438,16.381371,16.289825,16.710136,16.509377,17.001335,16.655434,17.037659,17.200951,16.928627,16.728371,17.073982,17.418190,17.382019,17.237198,17.472412,17.562698,17.200951,17.182823,17.616829,16.874062,17.291534,17.616829,17.363930,17.146553,17.526596,17.345833,17.526596,17.580750,17.472412,17.382019,17.779015,16.964989,17.922905,17.273430,17.110275,17.164696,17.200951,17.688942,17.363930,17.544655,17.761002,17.400101,17.706970,17.544655,17.128418,16.910439,17.309639,16.837654,16.928627,16.964989,17.055817,17.182823,16.928627,17.092117,17.309639,16.964989,16.655434,16.253181,16.746590,16.143143,15.885872,15.664742,16.161499,15.609375,14.830566,15.053780,14.513397,14.176346,15.109489,14.007355,14.457298,14.419891,14.288834,14.849190,14.326302,15.128059,14.157593,14.662788,14.662788,14.363747,14.494698,14.905037,13.800392,13.950951,14.157593,14.195114,14.923637,14.532082,14.363747,14.401184,14.457298,14.213860,14.438606,13.819221,14.625465,14.382469,13.838051,14.063721,14.756035,14.270103,14.101280,14.044937,14.288834,13.743858,14.438606,13.913338,14.213860,13.328255,13.706154,14.195114,13.838051,13.611824,14.662788,12.929794,
12.338478,12.567825,12.510529,12.986824,12.472336,13.062805,13.536285,12.777557,12.986824,13.385033,13.517403,13.252487,13.290382,12.967819,13.233543,13.024826,13.611824,12.625069,13.100769,13.271439,13.024826,12.872734,12.872734,13.100769,13.460693,12.967819,12.872734,13.024826,13.668427,12.967819,13.403954,13.347183,13.176659,13.403954,13.100769,12.910774,13.176659,12.986824,13.176659,13.005829,12.834679,13.366112,13.574066,13.290382,13.043808,12.891754,13.706154,13.081795,13.611824,13.366112,13.403954,13.366112,13.592949,13.252487,13.441788,13.422867,13.592949,13.403954,13.743858,13.479599,12.967819,13.743858,13.574066,13.195625,13.668427,13.043808,13.441788,12.986824,13.214584,13.024826,12.625069,12.644142,12.929794,12.242760,12.720398,12.777557,13.366112,12.644142,12.929794,12.548721,12.529640,12.644142,13.024826,12.434105,12.986824,13.328255,13.271439,13.517403,13.271439,13.157700,13.875710,13.460693,13.441788,13.630692,13.479599,13.630692,13.555183,13.233543,13.290382,13.611824,13.592949,13.574066,13.687294,13.347183,13.894524,14.044937,13.725006,13.498497,13.403954,13.309326,13.611824,13.706154,13.498497,13.403954,13.762703,13.611824,13.460693,13.517403,13.800392,13.536285,13.668427,13.479599,14.063721,13.157700,13.894524,13.441788,13.969765,13.668427,13.498497,14.063721,13.932144,13.988556,13.403954,14.176346,13.498497,13.441788,13.950951,14.101280,13.574066,14.307571,13.725006,13.875710,13.932144,13.988556,13.932144,13.800392,13.762703,13.347183,13.988556,14.101280,14.438606,13.668427,13.592949,13.743858,13.687294,13.781540,13.517403,13.574066,13.649567,13.894524,13.819221,14.251350,14.382469,14.793312,14.681450,15.090919,15.090919,15.276436,15.701637,15.775375,15.867470,16.032974,16.637184,16.271500,16.198189,16.618950,16.600693,16.855865,16.436256,16.051353,16.746590,16.691910,17.092117,16.491104,16.892258,16.819458,17.019493,16.946808,17.019493,17.055817,17.110275,17.327736,17.146553,17.345833,17.724983,17.128418,17.400101,17.634865,17.670921,17.833000,17.994759,17.616829,17.994759,17.833000,17.994759,17.706970,18.120361,18.299454,18.156204,17.940880,17.976807,18.317345,18.620857,18.531708,18.388855,18.513863,18.370995,18.460312,18.299454,18.638680,18.531708,18.869980,18.674309,18.887749,18.585213,18.674309,18.852211,19.295280,19.295280,19.011993,19.259926,18.941017,19.524719,18.994255,19.224541,19.489464,19.418907,19.312950,19.011993,19.418907,19.595184,19.312950,19.348289,19.100624,19.454201,19.524719,19.489464,19.489464,19.277603,19.295280,19.029732,19.507095,19.418907,19.242241,19.011993,18.994255,18.976524,19.259926,19.171471,19.224541,19.136055,18.976524,19.295280,18.994255,19.153755,19.348289,18.869980,18.852211,19.524719,18.585213,19.065178,19.011993,19.011993,18.585213,19.011993,18.317345,18.869980,18.585213,18.674309,18.603035,18.335236,18.317345,18.424599,18.335236,17.761002,18.335236,18.353111,18.317345,18.388855,18.317345,18.209953,18.102425,18.674309,18.317345,18.066551,17.994759,18.460312,18.192039,18.353111,18.353111,18.048607,18.102425,18.335236,18.317345,18.102425,17.742996,18.281563,18.335236,18.174133,17.850990,17.940880,17.797005,17.544655,18.066551,17.508537,17.652901,17.868965,17.382019,18.120361,17.904930,17.706970,17.616829,17.670921,17.436272,17.922905,17.652901,17.490471,17.688942,17.146553,17.019493,17.363930,16.618950,16.326462,15.646294,15.922668,15.424561,15.257896,15.016617,14.979439,14.718750,14.157593,14.644127,14.270103,14.532082,14.438606,14.606796,14.700096,14.849190,14.569450,13.800392,14.569450,14.120049,14.494698,14.494698,14.345024,14.176346,14.662788,14.494698,14.213860,14.270103,14.419891,14.625465,14.044937,14.288834,13.781540,14.195114,14.176346,14.307571,14.120049,14.588127,14.120049,14.082504,14.195114,14.007355,14.438606,14.044937,14.176346,13.649567,14.082504,13.969765,14.063721,14.625465,14.251350,13.630692,14.251350,13.988556,14.044937,14.232613,14.849190,13.856880,14.101280,14.288834,14.195114,14.270103,14.213860,13.988556,13.894524,13.781540,14.345024,14.345024,14.681450,13.725006,14.588127,14.288834,14.120049,14.063721,13.950951,13.988556,13.988556,13.536285,13.422867,13.536285,13.894524,13.233543,13.385033,13.347183,13.366112,13.119759,13.762703,13.309326,13.214584,13.592949,13.574066,13.630692,13.649567,13.838051,13.479599,13.762703,14.007355,13.894524,14.363747,14.270103,14.120049,14.082504,14.138817,14.550774,14.232613,14.625465,14.082504,14.044937,14.213860,13.819221,14.681450,14.251350,13.950951,13.988556,13.988556,14.120049,14.044937,14.232613,13.781540,14.082504,13.875710,13.819221,14.082504,13.781540,14.213860,14.101280,14.082504,13.800392,13.687294,14.082504,13.725006,13.950951,13.894524,13.838051,13.856880,14.270103,13.875710,13.517403,14.157593,13.498497,14.195114,13.630692,13.687294,13.856880,14.120049,13.856880,13.800392,13.743858,14.251350,14.251350,13.800392,13.856880,14.232613,13.762703,13.838051,13.856880,13.950951,13.969765,13.819221,13.856880,13.498497,13.950951,13.555183,13.233543,13.611824,13.668427,13.706154,14.101280,14.307571,14.326302,14.811943,14.588127,15.165176,15.128059,15.443062,15.867470,16.143143,15.959457,16.069710,16.088081,16.216530,15.830643,15.830643,15.793800,16.032974,15.775375,16.454536,15.812218,16.454536,15.885872,16.509377,15.885872,16.032974,15.867470,15.959457,16.454536,16.454536,16.509377,17.037659,16.746590,16.964989,16.855865,16.983162,17.273430,17.092117,17.255310,17.055817,17.273430,17.073982,17.454338,17.273430,16.983162,17.382019,17.454338,17.850990,17.291534,17.418190,17.544655,17.994759,17.580750,17.670921,17.544655,17.544655,17.670921,17.833000,17.472412,17.363930,17.526596,17.976807,17.363930,17.526596,17.382019,17.652901,17.490471,17.037659,17.237198,17.237198,17.472412,16.892258,17.327736,16.983162,17.472412,17.345833,17.110275,17.400101,17.327736,16.946808,16.983162,16.673668,16.271500,16.746590,16.728371,16.710136,15.849052,16.363075,15.627831,15.294960,15.294960,15.553970,14.681450,15.165176,14.251350,15.146614,14.251350,14.345024,14.774681,14.774681,14.625465,14.550774,14.476006,14.830566,14.457298,14.382469,14.550774,14.476006,14.363747,13.819221,14.419891,15.350533,14.345024,13.969765,14.569450,14.588127,13.950951,14.120049,14.625465,13.838051,14.213860,14.476006,14.401184,14.401184,14.157593,13.950951,13.856880,14.007355,14.063721,13.630692,14.213860,14.606796,13.913338,14.157593,14.213860,13.517403,14.157593,13.536285,13.969765,14.120049,13.252487,
11.993431,12.644142,12.929794,13.081795,12.986824,12.758507,13.195625,12.586906,13.043808,12.967819,13.630692,13.081795,13.214584,12.796600,12.872734,13.328255,13.005829,13.100769,13.290382,12.910774,13.950951,13.024826,13.366112,13.479599,12.986824,12.929794,13.176659,13.366112,13.138725,13.271439,13.081795,13.328255,12.853714,13.024826,13.195625,12.910774,12.929794,13.403954,13.024826,13.252487,13.195625,13.081795,12.872734,13.385033,13.195625,12.739456,12.967819,13.233543,13.005829,13.252487,13.233543,13.649567,13.290382,14.138817,13.460693,13.328255,13.422867,13.517403,13.119759,13.214584,13.252487,13.422867,13.328255,13.441788,13.611824,13.290382,13.498497,13.043808,13.271439,13.138725,13.195625,12.967819,12.739456,12.929794,12.853714,12.720398,12.567825,12.625069,12.567825,12.682281,13.043808,12.739456,13.043808,13.119759,12.948814,13.271439,13.195625,13.347183,13.005829,13.309326,13.100769,13.517403,14.026146,13.592949,13.403954,13.819221,13.819221,13.969765,13.781540,13.536285,13.309326,13.536285,13.385033,13.422867,13.687294,13.479599,13.611824,13.781540,13.668427,13.950951,13.517403,13.819221,14.120049,13.005829,13.950951,13.441788,12.853714,13.536285,13.894524,13.517403,13.838051,13.838051,13.762703,13.743858,13.592949,13.800392,13.441788,13.781540,13.838051,13.819221,14.007355,13.762703,13.838051,13.950951,13.932144,14.026146,13.743858,13.932144,14.120049,13.800392,13.592949,13.800392,14.307571,13.894524,14.082504,13.762703,14.138817,14.063721,13.574066,14.026146,14.044937,13.649567,13.536285,13.781540,13.838051,13.574066,14.120049,13.479599,13.856880,13.856880,13.913338,14.438606,14.457298,14.681450,15.090919,14.774681,15.165176,15.701637,15.609375,15.830643,16.179840,16.399666,16.436256,16.491104,16.527649,16.545914,16.271500,16.326462,16.308144,16.564171,16.399666,16.454536,16.527649,16.673668,16.946808,17.073982,17.164696,16.673668,17.345833,17.652901,17.164696,17.219078,17.418190,17.255310,17.850990,17.200951,17.454338,17.544655,17.598785,17.761002,18.066551,18.138290,17.922905,17.779015,17.940880,17.904930,18.174133,18.174133,18.227867,17.976807,18.317345,17.922905,18.227867,17.976807,18.012718,17.922905,17.940880,18.388855,18.513863,18.317345,18.727722,18.834435,18.585213,18.567383,18.388855,19.065178,18.852211,19.348289,19.189156,19.189156,19.029732,19.206863,19.312950,19.418907,19.365944,19.189156,19.683189,19.295280,19.118340,19.648003,19.312950,19.595184,19.136055,19.401253,19.612793,19.330627,19.489464,19.489464,19.330627,19.471832,19.436554,19.136055,19.595184,19.189156,19.242241,19.348289,19.118340,18.923264,19.471832,19.348289,19.118340,18.941017,18.745514,19.153755,18.976524,19.542351,19.118340,19.065178,19.047462,18.869980,18.852211,18.923264,18.869980,18.816666,19.082909,18.692123,18.370995,18.513863,17.958839,18.478165,18.603035,18.299454,18.299454,18.406731,18.798882,18.460312,18.406731,18.299454,18.603035,18.192039,18.048607,17.940880,18.227867,18.030663,18.674309,18.478165,18.513863,18.209953,18.567383,18.620857,18.442459,18.424599,18.048607,18.353111,18.209953,18.263664,18.299454,18.388855,18.227867,18.209953,18.299454,17.922905,18.174133,18.012718,18.030663,17.670921,17.779015,17.761002,17.976807,17.868965,17.742996,17.868965,17.562698,17.237198,17.634865,17.976807,18.048607,17.976807,17.508537,16.783035,16.910439,16.436256,16.179840,15.867470,15.701637,16.032974,15.498535,14.849190,14.718750,14.960838,14.513397,14.345024,14.044937,14.401184,14.569450,14.494698,14.569450,14.401184,14.830566,14.494698,14.213860,14.382469,14.288834,14.588127,14.251350,14.307571,14.588127,14.007355,14.588127,13.894524,14.326302,14.270103,14.307571,14.401184,13.706154,14.082504,14.120049,13.913338,14.345024,14.026146,13.555183,14.270103,14.550774,13.781540,14.419891,14.232613,14.063721,14.063721,14.044937,14.213860,13.422867,14.176346,13.988556,14.120049,14.419891,14.063721,13.649567,14.138817,14.213860,13.781540,14.476006,13.932144,14.270103,14.138817,14.382469,14.082504,14.138817,14.494698,14.345024,14.213860,14.307571,14.494698,14.288834,14.082504,14.718750,13.819221,13.743858,13.498497,14.082504,13.725006,13.574066,13.838051,13.252487,13.781540,13.403954,13.422867,13.913338,12.834679,13.574066,13.762703,13.441788,13.385033,13.725006,13.706154,13.498497,13.592949,14.195114,14.138817,13.950951,13.762703,14.082504,13.969765,14.569450,13.838051,13.894524,14.363747,14.138817,14.326302,14.326302,14.007355,14.007355,14.176346,14.176346,14.082504,13.969765,13.819221,13.988556,14.307571,13.932144,13.517403,13.762703,13.950951,13.913338,14.063721,14.120049,13.781540,13.668427,13.894524,14.251350,13.800392,13.913338,13.762703,13.592949,13.819221,14.120049,13.630692,13.988556,14.007355,13.592949,14.120049,13.819221,13.950951,14.082504,13.875710,13.649567,14.213860,14.176346,13.706154,13.649567,13.706154,13.574066,13.819221,13.687294,13.725006,13.536285,13.894524,14.138817,13.800392,13.630692,13.819221,13.706154,13.233543,13.385033,13.536285,13.157700,13.271439,13.555183,13.536285,14.007355,13.988556,14.176346,14.718750,14.532082,14.793312,15.369041,15.090919,15.720085,15.627831,16.014603,15.885872,15.904274,15.756950,16.106438,16.253181,16.106438,16.124794,16.014603,16.069710,15.461563,15.701637,15.977844,15.922668,16.069710,15.904274,16.051353,15.996223,16.545914,16.069710,17.128418,16.710136,16.436256,16.491104,16.728371,16.509377,17.128418,17.092117,17.128418,16.363075,16.855865,17.436272,17.797005,17.327736,17.382019,17.400101,17.580750,17.273430,17.237198,17.706970,17.309639,17.436272,17.200951,17.073982,17.472412,17.436272,17.634865,17.580750,17.454338,17.237198,17.779015,16.874062,16.964989,17.200951,17.146553,18.066551,16.764816,17.652901,17.363930,17.454338,17.255310,17.652901,17.742996,17.273430,17.291534,16.928627,17.200951,16.728371,16.582436,17.291534,16.655434,17.255310,17.110275,16.783035,16.728371,16.198189,16.344765,15.885872,15.756950,16.161499,15.701637,15.350533,14.700096,14.849190,14.476006,14.569450,14.700096,14.606796,14.942238,14.363747,14.532082,14.382469,14.923637,14.569450,14.382469,14.120049,14.700096,14.401184,14.363747,14.569450,14.532082,14.476006,14.044937,14.157593,14.438606,14.625465,14.270103,14.307571,13.781540,14.120049,14.270103,14.532082,14.251350,14.176346,14.157593,14.120049,13.894524,14.007355,14.438606,14.101280,15.016617,14.700096,14.007355,14.494698,14.232613,13.969765,13.725006,13.913338,13.441788,14.307571,14.288834,13.214584,
11.647133,12.414986,12.414986,13.309326,12.796600,12.834679,13.233543,13.233543,13.005829,13.403954,13.403954,13.385033,13.328255,13.498497,13.062805,13.574066,13.611824,12.891754,13.081795,13.176659,13.555183,13.762703,13.100769,13.385033,13.649567,13.176659,13.328255,13.138725,13.233543,13.233543,12.910774,13.252487,13.592949,13.024826,13.479599,13.100769,12.948814,13.252487,13.479599,12.872734,13.668427,12.796600,13.005829,13.309326,12.986824,13.441788,13.214584,12.891754,13.271439,13.366112,13.366112,13.138725,13.743858,13.725006,13.403954,13.271439,13.762703,13.157700,13.913338,13.555183,13.932144,13.479599,13.574066,13.252487,13.592949,13.271439,13.119759,13.800392,13.932144,13.043808,13.233543,13.138725,13.366112,12.682281,12.758507,12.872734,12.739456,12.453224,12.910774,12.644142,12.510529,12.910774,12.986824,12.853714,13.043808,13.043808,12.967819,12.872734,13.611824,13.969765,13.574066,13.403954,13.252487,13.649567,13.081795,14.044937,13.668427,13.725006,13.856880,13.309326,13.649567,13.743858,13.743858,13.856880,13.347183,13.517403,14.176346,13.706154,13.781540,13.687294,13.309326,13.743858,13.668427,13.328255,13.403954,13.081795,13.517403,13.555183,13.005829,13.592949,13.592949,13.687294,13.875710,13.403954,13.762703,13.441788,13.214584,13.668427,13.875710,13.932144,13.649567,13.800392,13.630692,13.838051,13.894524,13.460693,13.649567,13.574066,13.819221,13.875710,14.120049,13.781540,14.026146,14.044937,14.007355,13.762703,13.687294,14.251350,13.687294,13.743858,13.385033,14.195114,13.762703,13.932144,13.498497,13.611824,13.819221,13.271439,13.781540,13.574066,13.649567,14.401184,14.195114,14.213860,14.960838,14.774681,15.313492,15.369041,15.812218,15.664742,16.216530,16.032974,16.198189,16.600693,16.198189,16.436256,16.308144,16.399666,16.637184,16.637184,16.491104,16.600693,16.710136,16.344765,16.946808,16.618950,17.164696,17.670921,16.946808,17.327736,17.200951,17.363930,17.779015,17.472412,17.994759,17.815002,17.001335,17.886955,17.598785,17.382019,17.904930,17.886955,17.904930,17.904930,17.994759,17.886955,18.066551,17.815002,18.442459,17.958839,18.245766,18.263664,18.513863,18.442459,18.531708,18.603035,18.567383,18.549545,18.299454,18.709923,18.781090,18.994255,18.727722,18.513863,19.029732,18.923264,19.029732,19.259926,19.171471,19.259926,19.348289,18.923264,19.383614,18.816666,19.454201,19.065178,19.806221,19.136055,19.489464,19.011993,19.648003,19.542351,19.100624,19.312950,19.893990,19.507095,19.806221,19.365944,19.735939,19.365944,19.595184,18.994255,19.242241,19.348289,19.136055,18.834435,19.118340,18.869980,18.923264,19.189156,19.401253,18.976524,19.189156,19.171471,18.852211,18.976524,19.277603,19.047462,19.136055,18.763306,18.869980,18.745514,18.745514,18.674309,18.852211,18.781090,18.603035,18.852211,18.816666,19.029732,18.513863,18.549545,18.281563,18.102425,18.281563,18.174133,18.585213,18.084496,18.192039,18.388855,18.460312,18.370995,18.406731,18.263664,18.852211,18.638680,18.656494,18.174133,18.209953,18.335236,18.335236,18.388855,18.478165,18.102425,18.424599,18.245766,18.531708,18.066551,18.245766,17.815002,18.138290,18.084496,18.084496,17.958839,17.508537,17.436272,17.742996,17.850990,17.940880,17.670921,17.850990,17.616829,17.688942,17.652901,17.526596,17.850990,17.688942,17.616829,17.273430,17.508537,17.146553,16.399666,16.234848,16.051353,15.793800,15.738518,15.276436,14.905037,15.035194,14.737404,14.494698,14.270103,14.195114,14.382469,14.625465,14.457298,14.811943,14.793312,14.326302,14.830566,14.288834,14.811943,14.606796,14.288834,14.363747,14.419891,14.923637,14.044937,14.681450,14.288834,14.307571,14.251350,14.363747,14.213860,14.232613,14.251350,14.307571,14.438606,14.419891,14.288834,14.120049,14.120049,14.195114,14.138817,14.138817,14.326302,14.382469,13.875710,13.838051,13.988556,14.644127,13.875710,14.101280,13.988556,14.513397,14.345024,14.195114,14.176346,14.026146,14.345024,14.007355,14.513397,14.457298,14.157593,14.195114,14.044937,13.743858,14.232613,14.288834,14.457298,14.438606,13.875710,14.232613,13.894524,14.195114,14.569450,13.969765,14.382469,14.232613,14.251350,13.498497,13.725006,13.630692,13.403954,13.668427,13.460693,13.195625,12.796600,13.347183,13.366112,13.762703,13.062805,13.460693,13.706154,13.252487,13.800392,13.611824,13.725006,14.101280,13.969765,14.007355,14.101280,14.532082,14.307571,14.326302,13.894524,14.513397,14.457298,13.800392,14.063721,13.988556,14.625465,14.251350,14.569450,13.875710,13.932144,14.438606,13.969765,14.176346,14.063721,13.743858,13.630692,14.345024,14.232613,13.838051,13.781540,14.476006,13.441788,14.438606,13.856880,14.157593,13.875710,13.498497,14.138817,13.838051,13.950951,14.270103,13.536285,14.063721,13.913338,13.687294,13.800392,13.932144,13.856880,14.326302,14.195114,13.498497,14.007355,13.932144,13.687294,13.781540,13.838051,13.536285,13.838051,13.819221,14.007355,13.630692,13.950951,13.913338,13.498497,13.649567,13.403954,13.856880,13.328255,13.574066,13.725006,13.460693,13.649567,14.138817,13.932144,13.988556,14.138817,14.382469,14.811943,15.294960,15.369041,15.553970,15.756950,16.326462,16.143143,16.399666,16.289825,15.941071,16.179840,16.179840,15.959457,16.271500,15.977844,15.664742,15.867470,16.124794,16.326462,16.143143,16.032974,16.271500,16.051353,16.308144,16.399666,16.564171,16.399666,16.655434,16.582436,16.837654,16.417961,16.964989,16.801247,16.983162,17.110275,17.055817,17.019493,16.892258,17.255310,16.983162,16.892258,17.273430,17.400101,17.200951,17.688942,17.706970,17.688942,17.363930,17.544655,17.724983,17.055817,17.092117,17.327736,17.724983,17.742996,17.706970,17.327736,17.200951,17.418190,17.363930,17.055817,17.291534,17.110275,17.200951,17.345833,16.946808,17.073982,16.855865,17.237198,17.382019,16.892258,17.055817,16.983162,17.508537,17.200951,16.910439,17.164696,16.928627,16.582436,16.783035,16.308144,16.363075,16.032974,15.867470,15.867470,15.775375,15.461563,14.644127,14.419891,14.960838,14.438606,14.288834,14.513397,14.532082,14.363747,14.849190,14.307571,14.251350,15.165176,14.756035,14.401184,14.251350,14.867805,15.053780,14.232613,14.606796,14.082504,14.195114,14.457298,14.120049,14.923637,14.026146,14.532082,14.606796,13.969765,14.737404,14.213860,14.625465,14.625465,14.270103,14.082504,14.644127,14.681450,13.743858,14.213860,14.213860,14.213860,14.307571,13.950951,13.762703,14.476006,13.913338,13.781540,13.725006,14.157593,13.950951,13.176659,
11.454193,12.853714,12.625069,12.986824,13.252487,13.157700,13.024826,13.555183,13.611824,13.233543,13.611824,13.403954,13.555183,13.687294,13.611824,13.233543,13.309326,13.005829,13.649567,12.872734,13.309326,12.739456,13.119759,13.290382,13.176659,13.781540,13.498497,13.024826,13.913338,13.271439,13.441788,13.592949,13.706154,13.403954,13.536285,13.119759,13.422867,13.422867,12.891754,12.948814,13.081795,13.233543,12.834679,13.460693,13.328255,13.176659,13.517403,13.214584,13.081795,13.176659,13.271439,13.762703,13.081795,13.422867,13.856880,13.309326,13.479599,13.611824,13.195625,13.233543,13.743858,13.687294,13.762703,13.555183,13.950951,13.366112,13.460693,13.024826,12.948814,12.929794,13.290382,13.385033,13.005829,12.605988,12.986824,12.739456,12.853714,12.720398,12.967819,13.233543,12.625069,12.910774,13.138725,12.929794,12.910774,13.100769,13.290382,13.347183,13.195625,13.875710,13.725006,13.611824,13.498497,13.668427,13.838051,13.290382,14.026146,13.630692,13.725006,13.781540,13.328255,13.630692,13.517403,14.176346,13.781540,13.781540,13.536285,13.649567,13.649567,13.195625,13.555183,13.403954,13.611824,13.611824,13.687294,13.611824,13.819221,13.781540,13.649567,13.819221,13.819221,13.536285,13.781540,13.309326,13.781540,13.574066,13.875710,13.536285,13.743858,13.856880,14.082504,13.649567,13.781540,13.894524,13.649567,13.706154,13.706154,13.856880,13.913338,13.894524,13.385033,13.725006,14.157593,14.157593,14.044937,13.762703,14.007355,13.875710,14.157593,14.157593,13.743858,14.138817,13.969765,13.668427,13.706154,13.517403,13.781540,14.270103,13.385033,13.743858,13.687294,14.213860,14.232613,14.438606,14.476006,14.774681,14.905037,15.590912,15.590912,15.959457,16.161499,16.014603,16.124794,16.308144,16.655434,16.472824,15.941071,16.344765,16.819458,16.308144,16.216530,16.216530,17.164696,16.746590,16.946808,17.146553,17.291534,16.783035,16.655434,17.580750,17.363930,17.327736,17.418190,17.454338,17.508537,17.363930,17.779015,17.994759,17.490471,17.724983,18.102425,17.833000,17.797005,17.580750,18.030663,18.084496,18.120361,18.281563,18.620857,18.120361,18.513863,18.353111,18.192039,18.460312,18.549545,18.370995,18.531708,18.424599,18.549545,18.174133,18.567383,18.674309,18.460312,18.549545,19.348289,18.620857,19.242241,19.011993,19.100624,19.153755,19.295280,19.330627,19.171471,19.259926,19.011993,19.348289,19.683189,19.100624,19.542351,19.259926,19.524719,19.047462,19.507095,19.383614,19.418907,19.365944,19.312950,19.365944,19.259926,19.171471,19.648003,19.029732,19.436554,19.065178,19.153755,19.365944,18.585213,19.206863,19.029732,18.603035,18.958771,18.727722,18.709923,19.277603,18.816666,18.852211,19.277603,18.852211,19.100624,19.029732,18.638680,18.834435,18.727722,18.976524,19.206863,18.620857,18.549545,18.781090,18.406731,18.299454,18.388855,18.585213,18.442459,18.692123,18.531708,18.263664,18.424599,18.727722,18.245766,18.460312,18.317345,18.603035,18.496017,18.192039,18.656494,18.656494,18.406731,18.227867,18.174133,18.692123,18.567383,18.138290,18.424599,18.192039,18.317345,18.353111,18.209953,18.370995,18.406731,18.442459,17.904930,18.370995,17.580750,18.048607,18.281563,17.616829,17.598785,17.562698,17.436272,17.598785,17.670921,17.797005,17.742996,17.688942,17.779015,18.048607,17.652901,16.928627,17.291534,17.237198,17.146553,16.326462,16.198189,15.977844,15.849052,15.239365,15.535500,14.494698,14.923637,14.718750,14.438606,14.737404,14.345024,14.476006,14.550774,14.419891,14.532082,14.382469,14.213860,14.700096,14.625465,14.793312,14.157593,14.401184,14.213860,14.811943,14.550774,14.700096,14.419891,14.251350,14.326302,14.063721,14.606796,14.101280,14.326302,13.913338,14.307571,14.138817,13.913338,14.176346,14.382469,14.251350,14.082504,14.363747,14.270103,14.326302,13.969765,14.476006,14.176346,13.706154,13.838051,14.457298,14.476006,13.856880,14.157593,14.232613,14.513397,14.195114,14.513397,14.569450,14.251350,14.513397,14.345024,14.345024,14.494698,14.232613,14.232613,14.345024,14.382469,14.550774,14.213860,14.401184,13.950951,14.232613,14.232613,14.288834,14.157593,14.138817,14.044937,13.725006,13.309326,13.725006,13.479599,13.649567,13.762703,13.706154,13.100769,13.214584,13.290382,12.948814,13.668427,13.781540,13.385033,13.950951,13.932144,13.498497,14.176346,13.875710,14.044937,13.819221,14.195114,13.988556,14.345024,14.307571,14.550774,14.251350,14.382469,14.120049,14.588127,14.026146,13.969765,14.307571,14.026146,14.176346,14.382469,13.838051,13.969765,13.932144,13.969765,13.950951,14.044937,14.063721,14.026146,14.476006,14.138817,13.441788,14.195114,14.288834,14.288834,13.687294,14.232613,13.932144,13.743858,13.969765,14.457298,13.932144,14.082504,14.044937,14.345024,13.574066,14.044937,13.706154,13.649567,14.213860,13.875710,13.687294,13.725006,14.138817,14.382469,13.536285,14.288834,13.819221,14.063721,13.856880,13.838051,13.668427,14.101280,13.856880,14.138817,13.856880,13.856880,13.630692,13.517403,13.366112,13.706154,13.403954,13.176659,13.969765,13.856880,14.251350,14.007355,14.307571,14.326302,14.625465,14.830566,15.146614,15.553970,15.904274,15.572441,16.344765,16.344765,15.996223,16.143143,15.683197,15.775375,15.830643,16.399666,15.885872,15.849052,15.977844,15.849052,15.867470,16.051353,16.179840,16.198189,15.996223,16.271500,16.545914,16.399666,16.326462,16.509377,16.014603,16.910439,16.964989,17.634865,17.001335,17.037659,17.164696,16.691910,17.363930,17.255310,17.418190,17.291534,16.874062,17.273430,17.255310,17.454338,16.582436,17.436272,17.472412,17.309639,17.688942,17.200951,17.382019,17.363930,17.182823,17.724983,17.110275,17.255310,17.490471,17.544655,16.928627,17.182823,17.110275,18.120361,17.019493,17.055817,17.724983,17.345833,17.273430,17.327736,17.797005,17.019493,17.164696,16.910439,17.237198,17.001335,16.618950,17.616829,16.655434,17.146553,17.055817,16.527649,16.509377,16.399666,16.088081,16.216530,15.609375,15.720085,15.498535,15.072350,14.960838,14.942238,14.718750,14.569450,14.213860,14.550774,14.569450,14.737404,14.550774,14.774681,15.072350,14.044937,14.644127,14.494698,14.588127,14.513397,13.875710,14.251350,14.345024,14.138817,14.138817,14.345024,14.382469,14.195114,13.687294,14.063721,14.532082,13.988556,14.419891,14.195114,13.969765,14.382469,14.120049,13.950951,14.270103,14.157593,14.063721,14.007355,14.007355,14.251350,14.195114,14.401184,14.345024,14.044937,13.422867,14.007355,13.460693,14.026146,12.986824,
12.242760,12.529640,12.796600,12.567825,13.592949,13.555183,12.682281,12.948814,13.574066,13.385033,13.347183,13.441788,13.024826,13.252487,13.176659,13.781540,13.574066,13.195625,13.081795,13.005829,13.309326,13.157700,13.950951,13.706154,13.005829,13.366112,13.252487,13.460693,13.668427,13.347183,13.195625,13.100769,12.929794,13.119759,13.138725,13.347183,13.005829,12.929794,13.592949,13.441788,13.611824,13.611824,13.214584,13.100769,13.385033,13.138725,13.138725,13.385033,13.592949,13.385033,13.536285,13.630692,13.725006,13.385033,13.574066,13.347183,13.932144,13.555183,13.762703,13.385033,13.687294,13.649567,13.687294,13.800392,13.856880,13.913338,13.328255,13.517403,12.891754,13.062805,13.385033,13.517403,12.701340,13.233543,12.701340,12.720398,12.319344,12.644142,13.176659,12.834679,12.853714,12.929794,13.081795,12.910774,13.271439,13.536285,13.328255,13.347183,13.366112,13.309326,13.725006,13.271439,13.894524,13.422867,13.875710,13.498497,13.856880,13.950951,13.781540,13.687294,14.007355,13.290382,13.555183,13.781540,13.725006,13.838051,13.913338,13.574066,13.668427,14.044937,13.800392,13.800392,13.743858,13.706154,13.762703,13.781540,13.195625,13.403954,13.932144,13.271439,13.913338,13.611824,13.214584,13.856880,14.120049,13.403954,13.838051,13.800392,13.687294,13.913338,13.856880,13.894524,13.856880,13.574066,13.611824,14.101280,13.479599,13.988556,14.120049,13.838051,13.856880,13.800392,13.856880,13.762703,14.213860,14.401184,13.630692,14.382469,13.988556,14.232613,14.026146,14.120049,13.894524,13.969765,13.706154,13.762703,13.706154,13.875710,13.706154,13.574066,13.687294,14.195114,14.363747,14.774681,14.569450,15.090919,14.588127,15.146614,15.720085,16.253181,16.161499,16.234848,16.673668,16.124794,16.691910,16.728371,16.527649,16.637184,16.819458,16.673668,16.637184,16.582436,16.673668,16.928627,16.837654,17.146553,16.874062,17.273430,17.073982,17.019493,17.490471,17.291534,16.910439,17.345833,17.598785,17.526596,17.580750,17.779015,17.508537,17.850990,17.400101,17.815002,17.761002,18.245766,17.922905,17.868965,18.263664,18.192039,18.030663,18.674309,18.174133,18.370995,18.513863,18.030663,18.656494,18.156204,18.442459,18.370995,18.620857,17.976807,18.603035,18.227867,18.620857,18.531708,18.923264,18.834435,18.763306,19.171471,18.816666,19.418907,18.941017,19.029732,19.436554,19.011993,19.136055,19.401253,19.454201,19.559967,19.542351,19.471832,19.295280,19.436554,19.735939,19.242241,19.312950,19.507095,19.118340,19.489464,18.905502,19.171471,19.700775,19.577583,19.171471,19.312950,19.630394,19.029732,18.834435,18.709923,18.816666,19.011993,18.994255,18.638680,19.224541,18.798882,18.905502,19.011993,18.460312,18.834435,18.745514,18.816666,18.852211,18.763306,19.136055,18.656494,18.638680,18.513863,18.781090,18.281563,18.674309,19.065178,18.692123,18.299454,18.353111,18.370995,18.638680,18.513863,18.531708,18.513863,18.317345,18.209953,18.156204,18.585213,18.531708,18.406731,18.709923,17.976807,18.281563,18.442459,18.478165,18.048607,18.209953,18.478165,18.245766,18.603035,18.585213,18.281563,18.156204,18.281563,17.797005,18.120361,18.317345,17.886955,17.670921,17.508537,17.363930,17.490471,18.138290,17.616829,18.084496,17.508537,17.616829,17.868965,18.138290,17.490471,17.706970,17.779015,17.761002,17.688942,17.797005,17.255310,17.182823,16.746590,16.436256,15.867470,15.793800,15.941071,15.350533,14.960838,14.867805,14.606796,14.513397,14.401184,14.774681,14.662788,14.157593,14.438606,14.513397,14.811943,15.090919,14.625465,14.419891,14.213860,14.756035,14.942238,14.513397,14.195114,14.382469,14.345024,14.494698,14.606796,14.232613,14.476006,14.270103,14.382469,14.270103,13.988556,14.494698,14.120049,14.438606,14.232613,14.569450,14.195114,14.401184,14.363747,13.988556,14.270103,14.550774,14.532082,14.476006,13.819221,14.662788,13.781540,13.932144,13.894524,14.270103,14.401184,14.438606,13.969765,14.811943,14.251350,13.611824,14.494698,13.894524,14.494698,13.950951,14.288834,14.307571,14.195114,14.007355,14.120049,14.662788,14.251350,14.138817,14.157593,14.232613,14.625465,14.138817,13.856880,13.950951,13.574066,13.856880,13.743858,13.762703,13.403954,13.555183,13.555183,13.592949,13.214584,13.422867,13.328255,13.366112,13.838051,13.574066,13.687294,13.856880,13.309326,13.460693,13.856880,13.856880,14.138817,14.195114,13.875710,14.232613,14.737404,14.569450,14.044937,13.950951,14.532082,14.063721,13.725006,14.176346,14.232613,14.513397,13.856880,14.419891,14.101280,14.176346,13.706154,14.457298,13.819221,13.856880,14.213860,14.157593,13.950951,14.213860,14.082504,14.270103,14.063721,14.326302,14.082504,13.875710,14.007355,13.838051,13.988556,14.232613,14.176346,14.101280,13.403954,14.007355,14.213860,14.176346,13.969765,14.213860,13.913338,14.007355,13.668427,14.082504,13.309326,13.706154,13.725006,13.913338,14.044937,13.800392,14.044937,13.479599,13.366112,14.044937,13.649567,14.195114,14.176346,13.743858,13.856880,13.347183,13.422867,13.328255,13.743858,13.611824,14.082504,14.232613,14.438606,14.270103,14.307571,14.662788,14.251350,15.128059,15.738518,16.051353,15.627831,16.271500,15.775375,16.198189,15.646294,16.124794,16.088081,15.627831,15.959457,15.775375,16.088081,16.234848,15.812218,16.088081,15.646294,16.124794,16.216530,16.509377,16.326462,16.454536,16.691910,16.691910,16.326462,16.600693,16.491104,16.363075,16.600693,17.110275,16.673668,17.182823,17.255310,17.508537,16.983162,17.128418,17.110275,17.363930,17.146553,17.273430,17.255310,17.544655,17.490471,17.200951,17.490471,17.580750,17.544655,17.382019,17.327736,17.291534,17.345833,17.472412,17.724983,17.454338,17.418190,17.291534,17.200951,16.946808,16.964989,17.055817,16.928627,17.001335,17.670921,17.019493,16.819458,17.182823,17.092117,16.837654,16.892258,17.200951,16.691910,16.874062,17.092117,17.670921,16.874062,17.001335,17.200951,16.964989,16.892258,16.783035,16.509377,16.417961,15.775375,16.051353,15.517014,14.811943,14.998024,14.700096,14.044937,14.195114,14.476006,14.345024,14.195114,14.606796,14.737404,14.756035,14.326302,14.476006,14.756035,14.513397,14.774681,14.793312,14.345024,14.569450,14.569450,14.345024,14.082504,14.363747,14.382469,14.345024,14.382469,14.737404,14.401184,14.625465,14.007355,13.687294,14.438606,14.157593,14.532082,14.157593,14.288834,14.251350,14.569450,14.569450,13.969765,13.574066,14.138817,14.476006,13.856880,13.555183,13.725006,14.176346,14.026146,13.517403,13.138725,
12.051033,12.586906,13.024826,13.422867,12.986824,13.024826,13.555183,13.214584,13.062805,13.479599,13.157700,12.586906,13.233543,13.195625,13.366112,13.875710,13.649567,13.819221,13.347183,13.214584,13.687294,13.574066,13.517403,12.948814,13.366112,12.910774,13.347183,13.328255,13.195625,13.441788,13.271439,13.422867,12.910774,13.479599,13.176659,13.138725,13.403954,13.005829,13.460693,13.687294,12.853714,13.100769,13.403954,13.668427,13.176659,13.366112,13.687294,13.271439,13.800392,13.460693,13.498497,13.498497,13.233543,13.592949,13.932144,13.309326,13.498497,13.743858,13.950951,13.460693,13.649567,13.838051,13.725006,13.875710,13.555183,13.687294,13.498497,13.138725,13.403954,13.271439,13.271439,12.815643,12.853714,12.967819,12.834679,12.682281,12.872734,12.777557,12.567825,12.853714,12.986824,13.024826,13.214584,12.910774,12.872734,12.834679,13.233543,12.929794,13.687294,13.403954,13.138725,13.668427,13.479599,13.819221,13.988556,13.932144,13.592949,13.422867,13.950951,13.479599,13.385033,13.271439,13.668427,13.328255,13.743858,13.800392,13.460693,13.875710,13.517403,13.743858,13.856880,13.988556,13.555183,13.687294,13.762703,13.611824,13.800392,13.894524,13.743858,14.157593,13.762703,13.630692,13.555183,13.706154,13.630692,13.875710,13.555183,13.649567,13.950951,13.856880,13.762703,13.611824,14.195114,14.101280,13.762703,13.498497,13.403954,14.007355,13.913338,13.630692,13.725006,13.668427,14.345024,13.875710,14.082504,13.894524,13.875710,14.101280,14.044937,14.157593,13.838051,13.950951,13.988556,13.687294,13.460693,13.743858,13.875710,13.838051,13.649567,13.574066,14.120049,13.988556,14.793312,14.550774,14.681450,15.016617,15.165176,15.294960,15.922668,15.941071,15.867470,15.793800,16.032974,16.509377,16.308144,16.454536,16.289825,16.855865,16.746590,16.198189,16.527649,16.874062,16.874062,16.746590,16.910439,16.691910,16.946808,17.418190,17.255310,17.327736,17.273430,17.182823,17.237198,17.182823,17.688942,17.598785,17.580750,17.562698,17.508537,17.868965,18.066551,17.886955,17.815002,18.066551,18.245766,17.850990,18.335236,17.958839,18.030663,18.370995,18.245766,18.513863,18.406731,18.585213,18.424599,18.531708,18.496017,18.299454,18.227867,18.227867,18.656494,18.245766,18.692123,18.567383,18.976524,19.065178,19.312950,19.100624,19.206863,18.834435,19.383614,19.206863,19.259926,19.471832,19.295280,19.348289,19.153755,19.011993,19.489464,19.471832,19.153755,19.365944,19.489464,19.401253,19.312950,19.029732,19.365944,19.312950,19.489464,19.365944,19.612793,19.065178,19.312950,19.259926,18.852211,18.763306,18.941017,18.674309,18.603035,18.763306,18.727722,19.153755,18.709923,19.065178,18.763306,18.941017,18.941017,18.923264,18.852211,18.531708,18.994255,18.941017,18.353111,18.317345,19.029732,18.299454,18.603035,18.531708,18.549545,18.603035,18.030663,18.335236,18.424599,18.692123,18.102425,18.424599,18.281563,18.370995,18.709923,17.850990,18.424599,18.317345,18.370995,18.424599,18.513863,18.388855,18.442459,18.567383,18.353111,18.442459,18.084496,18.281563,18.084496,18.120361,18.012718,18.209953,18.227867,18.030663,18.030663,17.688942,17.886955,17.724983,17.345833,17.544655,18.048607,17.670921,17.850990,17.724983,17.562698,18.066551,17.562698,17.562698,17.976807,17.994759,17.761002,17.922905,17.706970,17.219078,17.400101,16.892258,16.764816,16.728371,16.381371,15.701637,15.738518,14.905037,15.072350,15.443062,14.905037,14.662788,14.494698,14.157593,14.251350,14.569450,14.251350,14.811943,14.662788,14.382469,14.588127,14.419891,14.849190,14.063721,14.700096,14.513397,14.513397,14.569450,14.811943,14.438606,14.513397,14.288834,14.811943,14.363747,14.550774,14.176346,14.138817,14.138817,14.176346,14.419891,14.138817,14.382469,14.363747,14.270103,14.288834,13.932144,14.942238,14.007355,14.532082,14.044937,14.195114,14.288834,14.232613,14.532082,14.270103,14.044937,13.932144,14.063721,14.363747,14.625465,14.382469,13.894524,14.625465,14.363747,14.382469,14.513397,14.326302,14.176346,14.363747,14.550774,14.419891,14.606796,14.213860,14.476006,14.157593,14.588127,14.232613,14.288834,14.345024,13.838051,14.007355,13.838051,14.007355,13.913338,13.498497,13.574066,13.290382,13.611824,13.328255,12.967819,13.271439,13.100769,13.441788,13.366112,13.422867,13.460693,13.932144,13.536285,13.649567,14.026146,14.044937,13.969765,14.232613,14.476006,14.569450,13.913338,14.886414,14.307571,14.288834,14.101280,14.345024,14.382469,14.213860,14.120049,14.401184,14.345024,13.913338,13.932144,14.307571,14.494698,14.195114,14.419891,13.950951,13.800392,14.101280,13.875710,14.026146,14.176346,14.082504,14.457298,13.988556,14.251350,13.950951,14.811943,14.382469,14.345024,13.950951,14.232613,14.007355,13.894524,14.213860,13.781540,13.950951,14.251350,14.026146,14.588127,14.270103,14.063721,14.513397,13.668427,13.819221,13.913338,14.026146,13.856880,14.063721,13.762703,14.288834,13.611824,13.856880,14.082504,13.800392,13.875710,14.026146,13.913338,13.913338,13.366112,13.309326,13.366112,13.894524,13.668427,14.195114,13.950951,14.044937,14.457298,14.550774,14.288834,15.220818,15.498535,15.239365,15.535500,15.793800,15.720085,15.793800,15.996223,16.051353,16.161499,15.738518,15.535500,16.051353,15.461563,15.904274,15.812218,15.812218,15.867470,16.161499,16.069710,16.014603,16.271500,16.271500,16.545914,16.582436,16.179840,16.655434,16.363075,16.600693,16.946808,16.892258,16.582436,17.001335,16.764816,17.001335,17.073982,17.164696,17.291534,17.255310,16.728371,17.634865,17.454338,17.544655,17.418190,17.309639,17.436272,17.237198,17.454338,17.508537,17.219078,17.833000,17.255310,17.652901,17.418190,17.436272,17.291534,17.490471,17.670921,17.382019,17.544655,17.110275,17.580750,16.673668,17.418190,17.436272,17.073982,17.562698,17.219078,17.345833,16.946808,16.746590,17.073982,17.182823,16.946808,16.801247,17.001335,16.910439,16.618950,16.564171,16.764816,16.161499,15.885872,16.253181,15.775375,15.701637,15.867470,15.053780,14.811943,14.251350,15.128059,14.718750,14.513397,14.419891,14.532082,14.681450,14.063721,15.220818,14.737404,14.625465,15.109489,14.363747,14.438606,14.063721,14.382469,14.157593,14.419891,14.270103,14.251350,14.401184,14.326302,14.232613,14.345024,14.550774,14.867805,13.894524,14.718750,14.195114,14.363747,14.606796,14.363747,14.476006,14.195114,14.251350,14.101280,13.800392,14.476006,14.345024,14.007355,14.120049,13.950951,13.800392,14.681450,13.838051,13.762703,14.438606,13.366112,
12.319344,12.605988,13.290382,12.758507,13.309326,13.195625,13.252487,12.720398,13.422867,13.460693,12.834679,13.403954,13.913338,13.024826,13.611824,13.479599,13.460693,13.062805,13.441788,13.422867,13.195625,13.498497,13.366112,13.366112,13.536285,13.366112,13.043808,13.479599,13.649567,13.441788,13.574066,13.195625,13.498497,13.024826,13.536285,13.441788,13.800392,13.555183,13.385033,13.100769,13.630692,13.309326,13.271439,13.233543,13.366112,13.498497,13.176659,13.290382,13.385033,13.043808,13.894524,13.176659,13.176659,13.536285,13.856880,13.536285,13.555183,13.385033,13.592949,13.366112,13.800392,13.385033,13.441788,13.856880,13.592949,13.385033,13.498497,13.328255,13.555183,13.498497,13.119759,12.777557,12.720398,13.574066,13.328255,12.777557,12.510529,12.586906,12.929794,12.967819,12.739456,12.910774,13.347183,12.910774,13.328255,13.024826,13.403954,13.517403,13.403954,13.309326,14.101280,13.479599,13.328255,13.385033,13.611824,13.706154,13.819221,13.385033,13.611824,13.819221,14.157593,14.345024,13.706154,13.819221,14.082504,13.856880,13.706154,13.460693,13.781540,13.932144,14.176346,13.743858,13.932144,13.762703,13.800392,13.592949,13.856880,14.176346,13.668427,13.800392,13.762703,13.969765,13.932144,14.063721,13.988556,13.838051,14.382469,13.875710,13.894524,13.781540,14.138817,13.838051,13.894524,13.838051,14.307571,13.592949,13.630692,13.969765,14.270103,13.781540,13.913338,13.611824,14.157593,14.007355,13.856880,14.288834,13.950951,14.251350,14.662788,13.800392,13.630692,14.419891,14.007355,14.176346,13.800392,13.856880,13.725006,13.498497,13.479599,13.800392,13.592949,14.326302,14.401184,14.307571,14.849190,14.923637,15.072350,15.572441,15.849052,15.812218,15.959457,16.399666,16.363075,16.143143,16.874062,16.491104,16.637184,16.106438,16.326462,16.198189,16.308144,16.454536,16.308144,16.179840,16.491104,16.946808,17.092117,16.673668,17.309639,17.092117,16.928627,17.382019,17.182823,17.273430,17.055817,17.490471,17.833000,17.526596,17.706970,17.526596,17.634865,17.724983,18.120361,18.281563,17.940880,18.174133,18.066551,18.353111,18.245766,18.192039,18.299454,18.030663,18.299454,18.281563,18.513863,18.496017,18.442459,18.227867,18.317345,18.245766,18.513863,18.388855,18.745514,18.567383,19.047462,18.745514,19.471832,18.869980,19.171471,18.941017,19.259926,18.905502,19.118340,19.065178,19.011993,19.330627,19.295280,19.648003,18.958771,19.259926,19.206863,18.958771,19.454201,19.224541,18.923264,18.958771,19.224541,18.958771,19.259926,19.277603,19.401253,18.941017,19.065178,19.171471,18.834435,18.852211,19.047462,18.923264,18.620857,18.406731,18.852211,18.727722,18.299454,18.781090,18.424599,18.585213,18.994255,18.638680,18.531708,18.781090,18.424599,18.781090,18.245766,18.424599,18.674309,18.174133,18.531708,18.353111,18.192039,18.388855,18.174133,18.192039,18.174133,18.066551,18.353111,18.299454,18.603035,18.460312,18.388855,18.460312,18.388855,18.317345,18.156204,18.335236,18.388855,18.513863,18.299454,18.603035,18.227867,18.102425,18.048607,18.156204,18.370995,18.227867,18.030663,17.922905,18.030663,17.994759,18.084496,17.922905,18.084496,17.670921,17.833000,17.940880,17.958839,17.886955,17.797005,17.652901,17.706970,17.833000,17.815002,17.508537,17.742996,17.255310,18.030663,17.742996,17.616829,17.688942,17.742996,17.382019,16.837654,16.710136,15.941071,16.106438,15.683197,15.369041,15.053780,14.774681,14.979439,14.120049,14.494698,14.176346,14.718750,14.606796,14.886414,14.550774,14.700096,14.849190,14.644127,14.494698,14.644127,14.419891,14.588127,14.849190,14.756035,14.662788,14.532082,14.793312,14.756035,14.513397,14.625465,14.513397,14.382469,14.476006,14.457298,13.988556,14.307571,14.138817,14.307571,14.476006,14.457298,14.157593,14.307571,14.681450,14.251350,14.232613,14.681450,14.251350,14.569450,14.138817,14.494698,14.120049,14.251350,14.288834,14.363747,14.457298,14.494698,13.743858,14.326302,14.382469,14.232613,14.532082,14.438606,14.606796,14.326302,14.419891,14.569450,14.569450,14.457298,14.625465,14.401184,14.476006,14.288834,14.681450,14.532082,14.138817,14.830566,14.345024,13.950951,14.026146,14.120049,13.668427,13.252487,14.026146,13.328255,13.441788,13.081795,13.271439,13.328255,13.800392,13.706154,13.819221,13.385033,13.706154,13.252487,13.838051,13.894524,14.232613,14.270103,14.082504,14.195114,14.363747,14.476006,14.232613,13.950951,14.550774,14.532082,13.988556,14.082504,14.307571,13.913338,14.007355,14.176346,14.120049,14.082504,14.270103,14.213860,13.913338,14.101280,13.932144,14.532082,14.288834,14.026146,14.195114,13.875710,14.120049,14.345024,14.307571,14.288834,13.894524,14.681450,14.326302,14.082504,13.649567,14.401184,13.988556,14.401184,14.120049,13.932144,14.157593,14.101280,14.063721,13.950951,14.063721,14.307571,14.138817,13.687294,13.536285,13.838051,14.213860,13.838051,14.026146,13.536285,14.063721,14.138817,13.479599,13.875710,14.176346,13.800392,13.517403,13.969765,13.762703,13.119759,13.668427,13.894524,13.366112,13.838051,13.800392,13.649567,14.532082,14.345024,14.363747,14.288834,14.886414,14.737404,15.016617,15.146614,15.922668,15.977844,16.143143,16.253181,16.253181,15.849052,16.363075,16.088081,15.977844,16.381371,16.179840,16.124794,15.849052,15.498535,16.216530,15.959457,15.904274,16.124794,15.959457,16.417961,16.417961,16.399666,16.655434,16.271500,16.491104,16.454536,16.783035,16.710136,16.783035,16.837654,16.673668,17.237198,16.983162,17.363930,17.219078,17.400101,17.508537,17.418190,17.291534,17.472412,17.580750,17.490471,17.779015,17.472412,17.454338,17.418190,17.345833,17.922905,17.652901,17.418190,17.833000,17.670921,17.110275,17.200951,17.562698,17.255310,17.309639,17.886955,17.382019,17.418190,17.490471,17.382019,17.073982,17.092117,17.273430,17.327736,16.783035,17.164696,17.164696,16.764816,16.436256,16.673668,17.164696,17.001335,16.855865,17.001335,16.454536,16.271500,15.867470,16.088081,15.590912,15.904274,15.128059,15.072350,14.998024,14.700096,14.606796,15.387550,14.438606,14.849190,14.588127,14.232613,15.146614,14.979439,14.401184,15.146614,14.625465,14.830566,14.457298,14.737404,14.063721,14.176346,14.438606,14.251350,14.457298,14.213860,14.550774,14.195114,14.288834,14.063721,14.644127,13.630692,13.913338,13.856880,14.213860,14.138817,14.176346,14.251350,14.494698,13.856880,14.307571,14.401184,13.875710,14.138817,14.176346,14.026146,13.913338,13.328255,13.517403,14.363747,13.762703,13.668427,13.479599,
11.762703,12.663208,12.625069,12.663208,13.195625,13.100769,13.119759,13.271439,12.967819,13.441788,13.649567,13.138725,13.479599,13.403954,13.328255,13.176659,13.366112,13.119759,13.403954,13.233543,13.441788,13.271439,13.157700,13.005829,13.517403,13.328255,13.233543,13.328255,13.252487,13.347183,13.328255,13.555183,13.233543,13.385033,13.385033,12.967819,13.555183,13.290382,13.498497,13.517403,13.517403,13.536285,13.347183,13.366112,13.385033,12.891754,13.233543,13.271439,13.347183,13.517403,13.195625,13.366112,13.290382,13.932144,13.649567,13.574066,13.403954,13.460693,14.288834,13.574066,13.762703,13.969765,13.592949,13.385033,13.271439,13.536285,13.271439,13.649567,13.517403,13.252487,12.872734,13.328255,12.605988,12.796600,13.138725,12.796600,13.024826,12.491440,13.024826,12.910774,12.529640,12.529640,13.479599,13.328255,13.422867,12.739456,13.517403,13.290382,13.630692,13.441788,13.819221,14.007355,13.403954,14.082504,13.988556,13.668427,14.082504,13.460693,13.630692,13.894524,13.347183,13.687294,13.856880,13.630692,13.630692,13.725006,13.856880,13.706154,13.309326,13.913338,13.781540,14.007355,13.819221,13.611824,14.213860,13.498497,13.668427,13.592949,13.838051,14.007355,14.044937,13.687294,14.288834,13.932144,13.517403,14.026146,13.838051,13.781540,13.403954,13.969765,14.082504,13.894524,13.969765,13.875710,14.288834,14.345024,14.176346,13.687294,13.932144,14.082504,14.195114,14.044937,13.743858,14.176346,14.044937,14.138817,14.213860,14.401184,14.101280,14.251350,14.382469,13.838051,14.270103,13.819221,13.687294,13.913338,13.762703,13.592949,14.063721,13.950951,14.026146,14.007355,14.251350,14.569450,14.588127,15.443062,15.257896,15.276436,15.977844,15.701637,15.867470,15.664742,16.234848,16.253181,16.509377,16.069710,16.582436,16.436256,16.308144,16.326462,16.764816,16.764816,16.710136,16.673668,16.545914,16.746590,17.092117,16.545914,17.128418,17.508537,17.128418,17.182823,17.001335,17.182823,17.418190,17.922905,17.237198,17.418190,17.490471,17.833000,17.833000,17.976807,17.598785,17.868965,17.761002,17.761002,17.994759,18.048607,18.460312,17.886955,18.317345,18.281563,18.245766,18.066551,17.904930,18.406731,18.424599,17.886955,18.138290,18.388855,18.406731,18.335236,18.585213,18.120361,18.620857,18.816666,19.011993,18.869980,18.692123,19.100624,18.994255,19.277603,19.118340,18.798882,19.295280,19.224541,18.976524,19.206863,19.242241,18.923264,19.224541,19.242241,19.295280,19.259926,19.312950,19.471832,19.189156,19.029732,19.206863,18.745514,19.365944,18.923264,19.401253,18.958771,18.549545,18.941017,18.656494,18.745514,18.692123,18.958771,18.745514,18.335236,18.281563,18.299454,18.727722,18.798882,18.567383,18.513863,18.905502,18.638680,18.620857,18.406731,18.335236,18.923264,18.496017,18.478165,18.263664,18.513863,18.460312,18.424599,18.335236,18.245766,18.549545,18.066551,18.299454,18.353111,18.227867,18.442459,18.370995,18.353111,18.745514,18.138290,18.727722,18.245766,18.335236,18.674309,18.656494,18.442459,18.567383,18.388855,18.585213,18.388855,18.174133,18.549545,18.245766,18.120361,18.102425,18.209953,18.030663,18.066551,17.688942,17.958839,18.066551,18.138290,17.850990,17.886955,17.940880,17.526596,17.940880,17.508537,17.580750,17.363930,17.688942,17.652901,17.724983,17.616829,17.634865,17.400101,17.544655,17.146553,16.399666,16.491104,16.436256,15.922668,15.941071,15.387550,15.387550,15.072350,14.681450,14.886414,14.457298,14.270103,14.700096,14.457298,14.550774,14.849190,14.270103,14.774681,15.183723,14.438606,14.382469,14.644127,14.960838,14.532082,14.382469,14.476006,14.700096,14.606796,14.401184,14.625465,14.401184,14.288834,14.101280,14.213860,14.886414,14.345024,14.606796,14.457298,14.438606,14.476006,14.457298,14.288834,14.101280,14.588127,14.120049,14.270103,14.176346,14.101280,14.550774,14.270103,14.270103,14.176346,14.101280,14.307571,14.026146,14.138817,14.363747,14.588127,14.176346,14.550774,14.457298,14.532082,14.830566,14.345024,14.588127,14.867805,14.438606,14.774681,14.157593,14.138817,14.625465,14.157593,14.476006,13.932144,14.063721,14.044937,14.007355,13.819221,13.856880,14.082504,13.988556,13.687294,13.762703,13.460693,13.668427,13.441788,13.366112,13.214584,13.743858,13.592949,13.668427,13.214584,13.517403,13.555183,13.838051,13.743858,13.498497,14.232613,13.950951,14.176346,14.232613,13.969765,14.718750,14.476006,14.700096,14.532082,14.345024,13.800392,14.494698,14.251350,14.494698,14.326302,14.569450,14.363747,14.756035,14.737404,14.288834,13.894524,14.157593,14.363747,14.157593,14.363747,14.270103,14.063721,14.382469,14.419891,14.063721,14.494698,14.007355,14.007355,14.157593,14.345024,14.811943,14.044937,14.213860,14.232613,14.007355,13.913338,14.176346,14.270103,14.044937,13.894524,14.438606,14.382469,14.157593,13.913338,14.101280,13.856880,14.213860,13.706154,13.988556,14.195114,14.120049,14.138817,13.555183,13.913338,14.101280,14.120049,13.819221,13.743858,13.403954,13.988556,14.101280,13.894524,13.441788,14.044937,13.536285,13.555183,13.630692,13.875710,13.988556,14.513397,14.718750,14.401184,15.387550,15.369041,15.756950,15.756950,15.904274,15.867470,15.517014,15.683197,15.996223,15.977844,16.032974,16.051353,15.664742,15.756950,15.775375,15.922668,16.198189,15.406059,15.867470,16.032974,16.069710,16.491104,15.867470,16.051353,16.600693,16.289825,16.728371,16.564171,16.527649,16.710136,16.691910,17.055817,16.819458,16.874062,16.801247,17.146553,16.728371,16.910439,16.983162,17.037659,17.688942,17.182823,17.128418,17.562698,17.761002,17.382019,17.146553,17.490471,17.634865,17.237198,17.418190,17.688942,17.508537,17.688942,17.382019,17.562698,17.670921,17.219078,17.128418,17.092117,17.436272,17.200951,17.454338,17.164696,17.327736,17.146553,17.037659,16.491104,16.964989,17.255310,17.363930,16.600693,17.436272,16.728371,16.946808,17.019493,17.237198,16.308144,17.073982,16.051353,16.655434,16.564171,15.461563,16.014603,15.369041,15.257896,14.681450,14.979439,14.960838,14.532082,14.401184,14.345024,14.532082,14.401184,14.718750,14.625465,14.774681,14.588127,14.849190,14.942238,14.588127,14.176346,14.007355,13.649567,14.419891,13.950951,14.232613,14.213860,14.419891,13.762703,14.793312,14.195114,14.007355,13.969765,13.969765,14.625465,14.494698,14.718750,13.819221,14.232613,14.101280,13.819221,13.630692,15.053780,14.026146,14.588127,14.513397,14.044937,14.625465,13.385033,13.988556,14.101280,13.819221,14.007355,12.986824,12.720398,
12.548721,12.853714,12.758507,12.967819,12.872734,13.081795,13.290382,13.762703,13.195625,13.894524,13.762703,13.309326,13.574066,12.853714,13.649567,13.385033,13.441788,13.630692,13.592949,13.574066,13.195625,13.062805,13.574066,13.592949,13.479599,13.138725,13.517403,12.872734,14.082504,13.762703,13.233543,13.687294,13.762703,13.347183,13.195625,13.856880,13.081795,13.347183,13.385033,13.422867,13.706154,13.555183,13.309326,13.800392,13.649567,13.309326,13.290382,13.856880,13.517403,14.026146,13.574066,13.157700,13.687294,13.100769,13.762703,13.043808,13.762703,13.649567,13.422867,13.687294,13.743858,13.706154,13.043808,13.422867,13.800392,13.856880,13.574066,13.081795,13.460693,13.460693,12.986824,12.929794,13.385033,12.720398,12.910774,12.796600,12.491440,12.815643,12.834679,12.834679,12.701340,12.834679,13.233543,12.777557,13.328255,12.777557,13.479599,13.460693,13.366112,13.800392,13.725006,13.611824,13.687294,13.517403,13.950951,13.743858,14.382469,13.781540,13.611824,13.668427,13.800392,13.838051,14.438606,13.611824,13.838051,13.366112,14.101280,13.800392,13.988556,13.838051,13.668427,13.800392,13.441788,13.498497,14.157593,13.668427,13.214584,13.592949,14.232613,13.555183,14.026146,13.988556,13.894524,14.044937,13.875710,13.762703,14.026146,13.555183,13.800392,14.157593,13.988556,13.592949,14.138817,14.026146,14.138817,13.555183,14.007355,14.063721,14.120049,13.517403,13.725006,13.687294,14.044937,14.026146,13.875710,13.781540,13.630692,14.232613,14.044937,13.950951,14.157593,13.856880,14.176346,13.687294,13.725006,13.479599,13.630692,13.762703,14.082504,13.856880,14.007355,14.307571,14.550774,14.232613,15.072350,14.979439,15.369041,15.387550,15.332008,15.461563,15.996223,16.069710,16.198189,16.874062,16.545914,16.363075,16.946808,16.088081,16.764816,16.436256,16.436256,16.855865,16.746590,16.600693,17.055817,16.928627,17.200951,16.764816,17.273430,16.710136,16.910439,17.327736,17.146553,17.508537,17.761002,17.164696,17.815002,17.634865,17.761002,17.562698,17.797005,17.670921,17.634865,17.886955,17.850990,18.012718,18.263664,17.994759,18.281563,18.424599,17.940880,18.102425,18.030663,18.245766,18.263664,18.317345,18.281563,18.370995,18.388855,18.281563,18.066551,18.406731,18.692123,18.781090,18.763306,18.335236,18.442459,18.674309,19.259926,18.496017,19.136055,19.153755,19.577583,19.047462,19.454201,18.869980,18.994255,18.923264,19.436554,19.224541,19.206863,19.047462,19.065178,19.489464,19.047462,19.295280,19.348289,18.923264,19.206863,18.727722,19.489464,18.976524,19.118340,19.029732,18.709923,19.029732,18.674309,18.549545,18.496017,18.531708,18.852211,18.478165,18.923264,18.424599,18.335236,18.816666,18.460312,18.442459,18.335236,18.603035,18.174133,18.478165,18.781090,18.567383,18.816666,18.442459,18.603035,18.174133,18.406731,18.567383,18.496017,18.442459,18.209953,18.620857,17.922905,18.388855,18.174133,18.585213,18.638680,18.388855,18.638680,18.513863,18.460312,18.156204,18.638680,18.281563,18.567383,18.513863,18.138290,18.442459,18.209953,18.030663,18.066551,18.281563,18.174133,17.976807,18.192039,18.084496,17.779015,18.120361,18.138290,17.904930,18.138290,18.030663,17.562698,17.526596,17.688942,17.742996,18.030663,17.219078,18.030663,17.616829,17.634865,17.382019,17.616829,17.526596,17.742996,17.508537,17.508537,17.146553,16.783035,16.161499,15.996223,16.253181,15.775375,15.627831,15.090919,15.294960,14.550774,14.401184,14.419891,14.700096,14.588127,14.138817,14.569450,14.979439,14.737404,14.718750,15.016617,14.700096,14.793312,14.737404,14.811943,14.606796,14.457298,14.326302,14.681450,14.326302,14.476006,14.138817,14.718750,14.307571,14.345024,14.419891,14.532082,14.213860,14.270103,14.774681,14.326302,14.270103,14.662788,14.363747,14.569450,14.251350,14.476006,14.270103,14.476006,14.176346,14.345024,14.476006,14.401184,14.326302,13.913338,14.457298,14.363747,14.138817,14.363747,14.401184,14.569450,14.307571,14.401184,14.307571,14.438606,14.307571,14.494698,14.213860,14.345024,14.457298,14.811943,14.120049,14.157593,14.232613,14.176346,14.588127,14.419891,14.026146,13.781540,14.176346,14.251350,13.988556,13.894524,13.762703,13.819221,13.422867,13.460693,13.252487,13.403954,13.062805,13.592949,13.233543,13.781540,13.574066,13.668427,13.290382,13.950951,13.894524,13.706154,13.969765,14.307571,14.195114,14.307571,14.476006,14.606796,14.438606,14.419891,14.681450,14.382469,14.345024,14.082504,14.588127,13.838051,14.606796,14.251350,13.969765,14.569450,14.213860,14.026146,13.838051,14.345024,13.819221,14.251350,13.932144,14.307571,14.270103,14.157593,14.213860,14.457298,14.232613,13.932144,14.625465,14.138817,13.856880,13.950951,13.950951,14.681450,13.687294,14.457298,14.026146,14.382469,13.838051,14.176346,14.550774,13.800392,14.138817,14.270103,13.762703,14.213860,13.875710,13.819221,14.251350,14.176346,14.101280,14.307571,13.743858,14.138817,14.326302,13.969765,14.157593,14.213860,13.950951,14.138817,13.271439,13.441788,13.536285,13.988556,13.743858,13.838051,13.875710,13.781540,14.101280,14.251350,14.007355,14.606796,14.662788,14.998024,15.053780,15.276436,15.553970,16.069710,15.904274,16.124794,15.738518,16.124794,16.014603,16.198189,15.720085,15.812218,15.849052,15.867470,15.701637,16.179840,15.443062,16.088081,15.812218,15.793800,15.609375,16.344765,16.032974,16.088081,16.143143,16.436256,16.764816,16.783035,16.673668,16.783035,17.128418,17.092117,16.855865,17.200951,17.526596,16.910439,17.526596,17.237198,16.983162,17.237198,17.019493,17.508537,17.815002,17.182823,17.436272,17.382019,17.237198,17.273430,18.012718,17.128418,17.345833,17.363930,17.309639,17.742996,17.490471,17.291534,17.055817,17.200951,17.454338,17.562698,17.255310,17.273430,17.345833,17.670921,16.582436,17.001335,16.783035,17.273430,17.182823,17.055817,16.691910,16.819458,16.855865,16.855865,17.273430,17.219078,16.728371,17.400101,16.399666,16.454536,16.124794,16.106438,15.812218,15.793800,15.406059,14.923637,15.072350,14.662788,15.090919,14.513397,14.532082,14.157593,14.513397,14.625465,14.307571,14.830566,14.513397,14.662788,14.513397,14.550774,14.774681,14.345024,14.270103,14.082504,14.513397,14.905037,14.363747,14.457298,14.082504,14.905037,13.875710,14.588127,14.157593,14.363747,14.288834,14.494698,14.363747,13.932144,14.830566,14.737404,14.270103,13.950951,13.988556,14.251350,14.213860,14.176346,13.894524,14.363747,13.687294,13.668427,13.441788,14.251350,13.479599,13.460693,12.872734,
12.051033,12.739456,12.967819,13.347183,13.024826,13.081795,13.498497,13.706154,12.834679,13.100769,13.592949,13.252487,13.081795,13.366112,13.574066,13.328255,13.743858,13.100769,13.725006,13.403954,13.005829,13.328255,13.555183,13.252487,13.271439,13.100769,13.347183,13.290382,13.233543,13.611824,13.366112,13.366112,13.233543,13.403954,13.649567,13.403954,13.762703,13.517403,13.441788,13.100769,12.853714,13.271439,13.366112,13.290382,13.649567,13.441788,13.574066,13.441788,13.214584,13.176659,13.422867,13.441788,13.252487,13.894524,13.687294,13.706154,13.479599,13.630692,14.251350,13.100769,14.026146,13.630692,13.725006,13.687294,13.290382,13.309326,13.460693,13.479599,13.366112,13.138725,13.024826,13.081795,12.701340,13.138725,12.948814,12.739456,12.777557,12.376740,13.138725,13.290382,12.872734,13.005829,13.574066,12.910774,12.796600,13.176659,13.119759,13.725006,13.347183,13.422867,14.082504,13.706154,13.366112,13.781540,13.611824,13.781540,13.611824,13.950951,13.856880,14.082504,14.232613,13.536285,14.082504,13.932144,13.668427,13.668427,14.101280,14.270103,14.063721,13.725006,14.251350,13.592949,13.913338,13.479599,14.157593,13.894524,14.026146,13.725006,13.441788,13.498497,13.913338,13.800392,13.762703,14.007355,13.838051,14.044937,13.950951,13.611824,14.232613,14.176346,14.082504,13.555183,13.988556,14.307571,14.063721,14.419891,13.894524,14.401184,14.569450,13.630692,13.950951,14.044937,14.007355,13.913338,14.213860,13.969765,14.401184,13.932144,14.345024,13.988556,14.120049,13.969765,14.026146,14.176346,13.498497,13.574066,13.385033,13.819221,13.119759,13.988556,14.120049,13.743858,14.026146,14.625465,14.662788,14.756035,15.053780,15.332008,15.683197,15.646294,15.720085,16.363075,16.143143,16.491104,16.381371,16.363075,16.124794,16.582436,16.764816,16.618950,16.691910,16.472824,16.801247,16.801247,16.582436,16.600693,16.655434,16.928627,17.110275,17.073982,17.255310,17.454338,17.508537,17.200951,17.418190,17.490471,17.418190,17.670921,17.976807,17.418190,17.815002,18.138290,17.670921,17.670921,17.958839,17.742996,17.976807,18.066551,18.353111,17.797005,18.299454,17.994759,18.084496,18.496017,18.138290,18.209953,18.513863,18.066551,18.066551,18.531708,18.549545,18.531708,18.370995,18.335236,18.674309,18.585213,18.656494,18.852211,19.029732,19.189156,19.153755,19.242241,19.189156,19.065178,19.277603,19.065178,19.295280,19.100624,18.958771,18.941017,19.065178,19.206863,19.118340,18.834435,19.011993,19.082909,18.745514,19.259926,18.958771,18.798882,19.259926,18.816666,19.383614,18.674309,18.816666,18.852211,18.567383,18.227867,18.424599,18.798882,18.370995,19.047462,18.852211,18.567383,18.834435,18.585213,18.852211,18.496017,18.585213,18.567383,18.245766,18.674309,18.834435,18.727722,18.030663,18.174133,18.335236,18.388855,18.460312,18.317345,18.442459,18.227867,18.763306,18.549545,18.460312,18.048607,18.353111,18.442459,18.442459,18.263664,18.692123,17.994759,18.656494,18.263664,18.370995,18.442459,18.388855,18.120361,18.727722,18.012718,18.120361,18.227867,18.174133,18.012718,17.886955,17.994759,18.299454,18.012718,18.102425,18.066551,18.102425,17.994759,17.868965,17.976807,17.994759,17.634865,17.363930,17.652901,17.994759,17.345833,17.833000,17.797005,17.508537,18.012718,17.940880,17.490471,17.345833,17.670921,17.454338,17.073982,17.182823,16.472824,15.977844,15.849052,15.590912,15.443062,15.387550,14.513397,14.513397,14.644127,14.979439,14.494698,14.251350,14.513397,14.270103,14.718750,14.960838,14.513397,14.811943,14.532082,14.774681,14.606796,14.681450,14.251350,14.681450,14.718750,14.138817,14.960838,14.700096,14.176346,14.457298,14.176346,14.494698,14.307571,14.457298,14.326302,14.756035,14.476006,14.532082,14.532082,14.288834,14.569450,14.138817,14.811943,14.307571,14.195114,14.401184,14.700096,14.644127,14.606796,14.176346,14.494698,14.044937,13.950951,14.101280,14.007355,14.176346,14.662788,14.363747,14.681450,14.774681,14.382469,14.382469,14.494698,14.532082,14.476006,14.550774,14.532082,14.288834,14.382469,14.457298,14.419891,14.662788,14.251350,14.513397,14.345024,14.886414,13.800392,13.687294,13.762703,13.743858,13.649567,13.195625,13.347183,13.366112,13.819221,13.460693,13.403954,13.100769,13.347183,13.100769,13.403954,13.725006,13.328255,13.592949,14.026146,13.856880,14.026146,13.969765,13.856880,14.494698,14.494698,14.532082,14.494698,14.756035,14.326302,14.476006,14.419891,14.213860,14.942238,14.026146,14.270103,14.419891,14.101280,14.232613,14.419891,13.988556,14.307571,14.120049,14.063721,14.176346,14.457298,14.326302,13.630692,14.120049,14.307571,13.988556,14.157593,14.026146,14.007355,14.382469,14.232613,14.363747,13.875710,14.082504,13.875710,14.419891,14.307571,14.213860,14.438606,14.176346,14.026146,14.476006,14.550774,13.875710,14.176346,14.082504,13.781540,14.438606,13.498497,14.120049,13.932144,14.382469,14.120049,14.232613,14.213860,14.476006,13.762703,13.838051,13.988556,14.120049,13.630692,13.668427,13.536285,13.856880,13.592949,14.288834,14.044937,14.326302,13.668427,14.195114,14.026146,14.363747,14.718750,14.830566,15.016617,15.369041,15.553970,15.830643,16.051353,15.443062,16.161499,15.701637,15.480049,15.683197,15.959457,15.996223,15.664742,15.775375,16.051353,16.161499,15.738518,15.646294,15.572441,15.977844,16.271500,16.472824,15.941071,16.216530,16.746590,16.234848,16.271500,16.801247,16.837654,16.509377,16.910439,16.874062,16.874062,17.037659,16.928627,17.200951,17.418190,17.001335,17.688942,17.128418,17.400101,17.237198,17.634865,17.309639,17.345833,17.345833,17.454338,17.273430,17.219078,17.761002,17.670921,17.363930,17.742996,17.490471,17.850990,17.182823,16.964989,17.309639,17.652901,17.309639,16.983162,17.309639,16.746590,16.946808,17.182823,17.400101,17.219078,17.128418,17.019493,16.527649,17.237198,16.764816,16.964989,17.019493,17.128418,16.783035,16.746590,17.110275,16.582436,16.381371,15.793800,15.720085,15.775375,15.443062,15.572441,14.756035,14.606796,14.681450,14.101280,15.090919,14.532082,14.774681,14.569450,14.811943,14.063721,14.737404,14.419891,14.606796,14.625465,14.625465,14.681450,14.662788,14.494698,14.681450,14.232613,13.894524,14.681450,14.307571,14.007355,14.157593,13.460693,14.232613,14.288834,14.213860,14.232613,14.401184,14.363747,14.438606,14.345024,13.969765,14.007355,14.232613,13.988556,13.592949,13.271439,13.988556,13.988556,13.385033,13.819221,13.988556,13.762703,13.176659,14.232613,13.328255,13.195625,
12.204445,12.929794,12.967819,12.720398,13.574066,13.536285,13.800392,13.100769,12.701340,12.567825,13.725006,13.347183,13.479599,13.838051,13.252487,13.668427,13.460693,13.328255,13.988556,13.119759,13.838051,13.100769,13.366112,13.176659,13.176659,13.725006,13.403954,13.574066,13.479599,13.611824,13.555183,13.271439,13.592949,13.460693,13.385033,13.252487,13.138725,13.385033,13.460693,13.592949,13.233543,13.441788,13.687294,13.328255,13.762703,13.668427,13.725006,14.026146,14.044937,13.668427,13.498497,13.536285,13.479599,13.479599,14.101280,13.781540,13.725006,13.781540,13.894524,12.929794,13.555183,13.366112,13.875710,13.706154,13.479599,13.517403,13.214584,13.498497,13.290382,13.024826,13.385033,12.872734,13.005829,12.986824,12.720398,13.081795,12.758507,12.644142,12.625069,12.777557,13.214584,12.834679,13.005829,12.967819,12.815643,13.138725,12.777557,13.138725,13.441788,13.271439,13.781540,13.574066,13.668427,13.441788,13.630692,13.800392,13.932144,13.875710,13.762703,13.932144,13.574066,13.913338,13.630692,12.929794,13.988556,13.838051,14.063721,13.687294,13.875710,13.555183,14.007355,13.894524,13.366112,13.328255,13.328255,14.101280,13.838051,13.479599,13.743858,13.762703,14.007355,13.969765,14.138817,13.592949,13.385033,13.536285,13.441788,13.611824,13.706154,14.138817,13.894524,13.649567,13.706154,13.555183,14.251350,13.913338,13.592949,13.743858,14.120049,14.026146,14.195114,14.063721,13.950951,14.382469,14.401184,13.950951,14.382469,14.382469,13.932144,13.988556,14.082504,14.176346,14.176346,13.611824,13.574066,13.875710,13.706154,14.007355,13.555183,13.988556,13.913338,14.120049,14.419891,14.700096,14.886414,15.090919,15.350533,15.239365,15.812218,15.904274,16.014603,16.014603,15.830643,16.161499,16.399666,16.179840,16.417961,16.253181,16.764816,16.454536,16.600693,16.928627,16.545914,16.253181,17.055817,16.928627,17.092117,17.019493,17.327736,17.001335,17.544655,17.436272,17.472412,17.146553,17.490471,17.580750,17.580750,17.363930,17.706970,17.454338,17.850990,17.472412,17.724983,18.156204,17.815002,18.174133,17.958839,18.406731,18.299454,18.138290,18.335236,18.138290,18.335236,18.496017,18.317345,18.460312,18.549545,18.245766,18.478165,18.406731,18.798882,18.263664,18.531708,18.603035,18.869980,18.798882,18.603035,19.136055,18.923264,19.277603,19.365944,18.976524,19.065178,19.507095,19.489464,19.082909,19.206863,19.118340,19.189156,19.277603,19.047462,19.189156,19.153755,18.941017,18.781090,19.259926,18.869980,18.709923,19.224541,18.941017,18.709923,19.047462,19.136055,19.295280,18.887749,18.798882,18.905502,18.798882,18.442459,18.745514,18.603035,18.603035,18.816666,18.513863,18.370995,18.638680,18.638680,18.531708,18.745514,18.620857,18.424599,18.370995,18.638680,18.370995,19.312950,18.603035,18.531708,18.227867,18.227867,18.585213,18.192039,18.048607,18.209953,18.353111,17.922905,18.353111,18.513863,18.084496,18.227867,18.120361,18.245766,18.406731,18.585213,18.674309,18.156204,18.745514,18.156204,18.370995,18.763306,18.370995,18.709923,18.263664,18.603035,18.138290,18.370995,18.192039,17.886955,18.227867,18.120361,17.868965,18.353111,18.030663,17.815002,18.030663,17.958839,17.454338,17.580750,17.761002,17.779015,17.237198,17.544655,17.436272,17.815002,17.779015,17.598785,17.508537,17.688942,17.490471,17.092117,17.291534,16.618950,16.436256,16.399666,16.014603,15.239365,14.867805,14.345024,14.176346,14.644127,14.662788,14.793312,13.969765,14.700096,14.830566,14.532082,14.718750,14.588127,14.625465,14.438606,15.239365,14.363747,14.718750,14.363747,14.213860,14.401184,14.438606,14.979439,14.532082,14.382469,14.438606,14.363747,14.513397,14.232613,14.307571,14.494698,14.438606,14.401184,14.756035,14.382469,14.513397,14.513397,14.251350,14.232613,14.176346,14.494698,14.326302,14.363747,14.232613,14.307571,14.176346,14.195114,14.082504,14.082504,13.819221,14.307571,14.307571,14.176346,14.195114,14.419891,14.588127,14.438606,14.681450,14.569450,14.588127,14.644127,14.550774,14.345024,14.438606,14.923637,14.251350,14.662788,14.494698,14.494698,14.494698,14.382469,14.326302,14.101280,14.063721,14.270103,14.120049,14.138817,13.838051,13.517403,13.403954,13.252487,12.910774,13.668427,13.005829,13.781540,13.536285,13.403954,13.385033,13.574066,13.743858,14.063721,13.913338,13.894524,13.969765,13.969765,14.176346,14.138817,14.326302,14.793312,14.307571,14.270103,14.120049,14.213860,14.644127,14.120049,14.213860,14.251350,14.138817,14.476006,14.457298,13.988556,14.345024,14.494698,13.894524,14.082504,13.969765,14.270103,14.063721,13.932144,14.213860,14.044937,14.494698,14.606796,13.950951,14.101280,14.120049,14.232613,14.494698,14.867805,14.270103,13.838051,14.345024,14.307571,14.307571,14.588127,14.195114,14.044937,14.532082,14.026146,14.120049,14.101280,14.082504,14.457298,13.743858,14.232613,14.157593,13.800392,14.307571,13.932144,13.856880,14.232613,14.101280,14.662788,14.176346,14.213860,13.762703,13.536285,13.555183,13.762703,14.082504,14.082504,13.347183,13.743858,14.438606,13.762703,13.687294,14.026146,14.213860,14.569450,14.569450,15.202286,15.202286,15.276436,15.517014,15.590912,16.326462,15.738518,16.014603,15.959457,15.996223,16.088081,15.775375,15.701637,16.051353,16.032974,15.849052,16.161499,16.106438,15.867470,15.738518,16.198189,16.326462,16.253181,15.867470,16.436256,16.472824,16.417961,16.691910,16.509377,16.855865,16.746590,16.964989,17.291534,17.200951,17.327736,16.637184,17.454338,17.400101,17.019493,16.801247,17.092117,17.454338,17.345833,17.490471,17.363930,17.922905,17.670921,17.400101,17.255310,17.634865,17.055817,17.273430,17.670921,17.490471,17.742996,17.200951,17.958839,17.490471,17.382019,17.598785,17.073982,17.200951,17.309639,16.946808,17.363930,17.110275,17.255310,16.892258,16.582436,16.746590,17.526596,17.418190,16.728371,16.527649,17.562698,16.983162,16.655434,16.819458,16.746590,16.271500,16.234848,16.381371,15.572441,15.701637,15.313492,15.406059,15.109489,14.737404,14.476006,14.718750,14.625465,14.550774,14.063721,14.644127,14.457298,14.588127,14.849190,14.438606,14.195114,14.419891,14.681450,14.307571,14.606796,14.363747,14.513397,14.232613,14.476006,13.838051,14.625465,14.251350,14.044937,14.026146,14.026146,14.251350,14.157593,14.998024,14.082504,14.438606,14.979439,13.743858,14.138817,14.063721,14.232613,14.157593,14.270103,13.932144,13.819221,13.856880,13.913338,13.856880,13.838051,13.875710,13.592949,13.800392,13.536285,13.214584,
11.820435,12.948814,13.005829,12.529640,13.138725,13.347183,13.138725,13.233543,13.176659,13.271439,13.498497,13.347183,14.007355,12.472336,13.913338,13.290382,14.101280,13.555183,13.214584,13.498497,12.948814,13.290382,13.592949,13.252487,13.592949,13.649567,13.687294,13.441788,13.119759,13.309326,13.195625,13.214584,13.100769,13.119759,13.422867,13.290382,13.157700,12.891754,13.706154,13.422867,13.309326,13.290382,13.536285,13.856880,13.347183,13.460693,13.725006,12.815643,13.290382,13.347183,13.592949,13.214584,13.385033,12.967819,13.725006,13.328255,14.063721,13.800392,13.592949,13.611824,13.913338,13.422867,13.781540,13.875710,13.649567,13.271439,14.026146,12.891754,13.706154,13.706154,13.271439,13.422867,12.853714,12.510529,12.948814,12.472336,13.062805,13.062805,13.460693,12.815643,12.605988,12.948814,13.100769,13.252487,13.119759,12.796600,13.176659,13.592949,13.309326,13.687294,13.725006,13.347183,13.536285,14.195114,13.762703,13.819221,13.649567,13.328255,14.457298,13.687294,13.819221,13.555183,14.101280,13.875710,13.592949,13.932144,14.044937,13.932144,13.517403,13.536285,14.176346,13.668427,13.706154,13.441788,13.781540,13.800392,14.082504,13.611824,13.819221,14.138817,13.913338,13.838051,14.176346,13.781540,13.441788,13.875710,13.781540,13.762703,14.251350,13.762703,14.120049,13.988556,13.668427,14.550774,13.913338,13.725006,14.270103,14.232613,13.649567,14.307571,13.856880,13.309326,14.044937,14.213860,14.232613,14.213860,14.082504,14.270103,14.157593,13.743858,13.687294,13.969765,14.270103,14.026146,14.213860,13.536285,13.875710,13.762703,13.592949,13.649567,14.157593,13.706154,14.213860,14.644127,14.923637,14.681450,15.480049,15.165176,15.535500,15.996223,16.088081,16.069710,16.106438,15.996223,16.381371,16.655434,16.673668,16.527649,16.637184,16.527649,16.801247,16.381371,17.128418,16.783035,16.855865,16.710136,17.327736,17.255310,16.946808,17.019493,17.345833,17.255310,17.146553,17.291534,16.928627,17.219078,17.073982,17.779015,17.544655,17.472412,17.400101,17.616829,17.833000,17.779015,17.833000,17.850990,18.227867,18.138290,18.102425,18.281563,18.388855,18.317345,18.174133,18.102425,18.192039,18.281563,18.084496,18.317345,18.335236,17.958839,18.245766,18.816666,18.549545,18.496017,18.656494,18.478165,18.869980,19.277603,19.029732,18.976524,19.029732,19.136055,18.887749,19.189156,18.887749,19.153755,18.727722,18.727722,19.082909,18.727722,19.136055,18.674309,19.047462,18.887749,18.869980,19.295280,19.277603,18.781090,19.189156,18.887749,18.941017,18.887749,19.029732,19.100624,19.383614,18.709923,19.011993,18.460312,18.638680,18.887749,18.834435,18.674309,18.656494,18.442459,18.478165,19.029732,18.603035,18.709923,18.317345,18.245766,18.388855,18.496017,18.066551,18.638680,18.174133,18.299454,18.227867,18.030663,18.120361,18.335236,18.388855,17.976807,18.156204,18.281563,18.012718,18.120361,18.460312,18.709923,18.567383,18.209953,18.263664,18.317345,18.567383,18.834435,18.460312,18.299454,18.603035,18.209953,18.370995,18.353111,18.120361,18.030663,18.263664,18.460312,18.245766,18.478165,18.353111,18.120361,18.620857,18.245766,17.994759,17.833000,18.174133,17.742996,17.742996,18.030663,17.688942,17.833000,17.742996,17.544655,17.850990,17.922905,17.616829,17.652901,17.797005,17.670921,17.634865,17.688942,17.508537,17.345833,17.164696,16.509377,16.014603,14.923637,14.569450,15.165176,15.035194,14.270103,14.625465,14.438606,14.120049,14.644127,14.681450,14.457298,14.476006,14.737404,14.867805,14.737404,14.774681,14.700096,14.979439,14.625465,14.457298,14.718750,14.476006,14.569450,14.793312,14.457298,14.606796,14.401184,14.476006,14.494698,14.793312,14.830566,14.251350,14.737404,14.101280,14.382469,14.569450,14.401184,14.606796,13.894524,14.307571,14.401184,14.326302,14.232613,14.382469,14.588127,14.251350,14.532082,14.120049,14.251350,14.942238,14.625465,14.569450,14.569450,14.401184,14.176346,14.867805,14.307571,14.213860,14.326302,14.382469,14.363747,14.700096,14.363747,14.830566,14.644127,14.662788,14.213860,14.476006,14.288834,14.419891,14.625465,14.157593,13.913338,14.213860,14.044937,14.382469,13.611824,14.232613,13.743858,13.687294,13.894524,13.536285,13.460693,13.328255,13.233543,13.138725,13.517403,13.536285,13.233543,13.668427,13.781540,13.706154,13.819221,13.988556,14.345024,13.894524,14.138817,14.419891,14.588127,14.923637,14.476006,14.494698,14.588127,14.251350,14.438606,14.401184,14.438606,14.438606,14.625465,14.382469,14.213860,14.588127,14.195114,14.737404,13.988556,14.138817,13.800392,14.363747,14.382469,13.838051,13.950951,14.101280,14.532082,14.438606,14.213860,14.044937,14.176346,13.498497,14.737404,13.913338,13.913338,14.382469,14.044937,14.382469,14.345024,14.082504,14.232613,14.476006,14.288834,13.856880,13.988556,14.138817,14.288834,14.176346,14.138817,13.875710,14.270103,13.988556,14.176346,13.988556,14.082504,13.894524,13.630692,13.838051,14.120049,13.838051,14.026146,13.856880,13.706154,13.630692,13.762703,13.630692,13.271439,13.894524,13.592949,14.307571,14.960838,14.157593,14.588127,14.960838,14.195114,14.811943,15.072350,15.553970,15.904274,15.756950,15.849052,15.627831,15.793800,15.146614,16.143143,15.793800,15.849052,15.553970,16.454536,15.498535,16.216530,15.885872,16.088081,15.996223,15.775375,15.812218,15.959457,16.051353,16.014603,16.344765,16.472824,16.910439,16.910439,16.545914,16.819458,16.746590,16.472824,17.146553,17.273430,16.710136,17.219078,17.128418,16.946808,17.472412,17.345833,17.219078,17.001335,17.436272,17.200951,17.327736,17.418190,17.110275,17.598785,17.291534,17.779015,17.797005,17.598785,17.779015,17.291534,17.490471,17.634865,17.472412,17.400101,17.724983,17.363930,17.670921,16.746590,17.146553,17.400101,17.182823,16.946808,17.598785,17.182823,17.580750,16.874062,17.055817,16.928627,16.673668,16.983162,17.291534,16.892258,16.728371,16.691910,16.436256,16.143143,16.308144,16.344765,15.775375,15.517014,15.738518,15.535500,15.276436,14.345024,14.942238,14.737404,14.830566,14.588127,14.457298,14.345024,14.476006,14.886414,14.063721,14.756035,14.438606,14.905037,14.905037,14.326302,14.438606,14.419891,14.811943,14.345024,14.213860,14.886414,14.700096,13.969765,14.419891,14.120049,13.687294,14.606796,14.513397,13.932144,14.251350,13.932144,14.326302,14.382469,14.307571,14.232613,14.326302,14.138817,13.668427,14.082504,14.101280,13.856880,14.007355,14.007355,13.819221,13.611824,13.403954,13.479599,13.498497,13.195625,
11.993431,12.472336,12.758507,12.853714,13.592949,13.119759,13.309326,13.043808,13.498497,13.366112,13.385033,13.422867,13.233543,13.498497,13.725006,13.100769,13.875710,13.366112,13.762703,13.479599,13.706154,13.422867,13.422867,13.460693,13.441788,13.725006,13.290382,13.195625,13.422867,13.762703,13.441788,13.347183,13.366112,13.611824,13.403954,13.517403,13.328255,13.176659,13.119759,13.517403,13.176659,13.574066,13.498497,13.555183,13.347183,13.309326,13.233543,13.176659,13.005829,13.385033,13.536285,13.517403,13.536285,13.328255,13.800392,13.950951,13.592949,13.630692,13.743858,13.403954,13.800392,13.517403,13.536285,13.800392,13.838051,13.271439,13.460693,13.157700,13.366112,13.309326,13.062805,13.062805,13.555183,13.005829,13.252487,12.720398,12.872734,12.472336,12.910774,12.986824,12.739456,12.967819,13.176659,12.891754,13.214584,13.138725,13.176659,13.138725,14.026146,13.479599,13.479599,13.781540,13.706154,13.762703,14.044937,13.422867,14.120049,13.479599,14.195114,13.555183,13.347183,13.913338,13.894524,13.894524,13.969765,13.819221,14.176346,13.649567,13.838051,13.838051,13.800392,13.536285,13.969765,13.762703,13.743858,14.026146,13.706154,13.932144,14.026146,13.819221,13.592949,13.762703,13.630692,13.706154,13.969765,13.743858,14.157593,13.950951,13.668427,13.894524,14.044937,14.044937,13.668427,13.894524,13.950951,13.800392,13.969765,14.213860,13.706154,13.950951,13.894524,13.555183,14.270103,13.687294,14.307571,13.781540,13.668427,14.307571,14.270103,14.382469,14.326302,14.157593,14.363747,13.950951,13.969765,13.725006,13.743858,13.479599,13.441788,13.932144,14.476006,13.969765,14.213860,14.457298,14.569450,14.737404,15.332008,15.035194,15.867470,15.885872,16.381371,16.106438,16.106438,16.801247,16.289825,16.216530,16.491104,16.600693,16.454536,16.326462,16.655434,16.545914,16.819458,16.618950,16.983162,16.819458,16.983162,17.019493,17.019493,17.309639,17.706970,17.255310,17.562698,17.110275,17.363930,17.255310,17.200951,17.182823,17.526596,17.291534,17.616829,17.580750,17.598785,17.833000,17.779015,17.345833,17.994759,18.120361,18.335236,18.138290,18.424599,17.922905,18.317345,17.833000,18.317345,18.102425,18.388855,17.976807,18.335236,18.066551,18.388855,18.513863,18.603035,18.442459,18.299454,18.335236,18.549545,19.100624,18.976524,19.507095,18.869980,19.507095,19.153755,18.887749,18.905502,18.513863,19.383614,18.941017,18.994255,19.365944,19.029732,18.674309,19.029732,18.692123,19.295280,18.958771,19.524719,19.011993,18.798882,18.994255,19.100624,18.549545,19.029732,18.994255,18.585213,18.958771,18.905502,18.156204,18.923264,18.887749,18.656494,18.513863,18.603035,18.513863,18.317345,18.513863,18.496017,18.674309,18.727722,18.976524,18.834435,18.709923,18.335236,18.513863,18.317345,18.192039,18.406731,18.335236,18.317345,18.245766,18.209953,18.496017,18.638680,18.263664,18.048607,18.513863,18.227867,18.478165,18.317345,18.263664,18.335236,18.353111,18.156204,18.531708,18.102425,18.388855,18.192039,18.745514,18.299454,18.102425,18.084496,18.370995,18.460312,18.245766,18.138290,18.192039,18.048607,18.084496,18.370995,18.066551,18.138290,17.994759,17.994759,17.940880,18.299454,17.815002,17.724983,17.761002,18.192039,17.327736,17.652901,17.508537,17.652901,17.886955,17.670921,17.490471,18.030663,17.670921,17.400101,17.019493,17.146553,16.618950,16.198189,15.977844,15.627831,15.387550,15.332008,14.998024,14.998024,14.849190,14.401184,14.101280,14.401184,14.363747,14.363747,14.363747,14.811943,14.532082,14.494698,14.494698,14.476006,14.700096,14.625465,14.419891,14.737404,14.345024,14.737404,14.625465,14.382469,14.756035,14.737404,14.419891,14.026146,14.401184,14.774681,14.195114,14.532082,14.007355,14.213860,14.419891,14.625465,14.082504,14.176346,14.157593,14.101280,13.913338,14.606796,14.326302,14.307571,14.345024,14.569450,14.213860,14.326302,14.326302,14.026146,14.176346,14.438606,14.625465,14.606796,14.345024,14.569450,14.476006,14.494698,14.120049,14.457298,14.251350,14.307571,14.476006,14.438606,14.532082,14.849190,14.513397,14.476006,14.326302,14.251350,13.950951,14.007355,13.913338,14.007355,13.574066,14.007355,13.800392,13.913338,13.592949,13.574066,13.649567,13.081795,13.347183,13.309326,13.385033,13.271439,13.138725,14.138817,13.517403,13.838051,13.781540,13.687294,13.555183,14.326302,13.668427,13.913338,13.932144,14.270103,14.625465,14.662788,14.270103,14.569450,14.793312,14.307571,14.494698,14.382469,14.345024,14.251350,14.082504,14.288834,14.251350,14.176346,14.363747,14.232613,13.894524,14.270103,14.270103,14.082504,14.138817,14.213860,14.363747,14.157593,14.120049,14.007355,13.838051,14.251350,14.270103,14.082504,14.419891,14.195114,14.082504,14.063721,14.494698,14.157593,13.988556,14.438606,14.157593,14.345024,14.082504,14.476006,14.082504,13.687294,14.026146,14.363747,13.574066,14.157593,13.838051,13.913338,14.120049,13.743858,13.762703,14.063721,13.800392,14.120049,13.706154,13.725006,13.856880,13.592949,13.555183,13.687294,13.838051,13.781540,13.988556,13.932144,13.743858,14.307571,14.457298,14.401184,14.849190,15.202286,15.701637,15.183723,15.646294,15.793800,15.738518,16.161499,15.849052,15.517014,15.424561,16.014603,15.720085,16.308144,15.572441,15.849052,15.664742,15.720085,16.491104,15.849052,15.941071,15.793800,16.198189,16.143143,16.216530,16.344765,16.746590,16.454536,16.436256,16.728371,16.673668,17.309639,16.746590,16.928627,16.964989,16.491104,16.946808,17.164696,17.092117,17.309639,17.055817,17.670921,17.580750,17.055817,17.327736,17.850990,17.634865,17.634865,17.724983,17.164696,17.815002,17.850990,17.742996,17.868965,17.634865,17.652901,17.688942,17.164696,17.706970,17.670921,17.345833,17.508537,17.128418,17.001335,17.706970,17.291534,16.928627,17.382019,17.309639,17.128418,17.200951,17.019493,17.345833,17.019493,16.764816,17.454338,16.691910,16.728371,16.946808,16.801247,16.910439,15.977844,15.849052,15.664742,15.664742,15.977844,15.480049,15.035194,14.662788,14.718750,14.419891,14.401184,14.681450,14.905037,14.251350,15.220818,14.476006,15.239365,14.401184,14.550774,14.382469,14.063721,15.035194,14.774681,14.401184,13.969765,14.905037,14.101280,14.494698,14.513397,14.044937,14.606796,13.838051,14.588127,14.007355,14.176346,13.894524,14.288834,14.532082,13.969765,14.157593,14.307571,13.969765,13.856880,13.969765,14.176346,14.101280,13.668427,14.382469,14.476006,13.988556,14.307571,13.762703,13.592949,14.232613,13.138725,13.460693,
11.685669,12.720398,12.376740,12.796600,13.592949,12.663208,13.252487,13.366112,13.574066,13.290382,13.668427,12.986824,13.385033,13.366112,12.986824,13.290382,13.574066,13.479599,13.838051,13.119759,13.649567,13.649567,13.460693,12.948814,13.214584,13.233543,13.781540,13.592949,13.309326,13.498497,13.441788,13.762703,13.403954,13.517403,13.157700,13.743858,13.743858,13.290382,13.100769,13.403954,13.781540,13.252487,13.422867,13.271439,13.043808,13.366112,13.536285,13.043808,13.536285,13.119759,13.706154,13.592949,13.668427,13.630692,13.649567,13.630692,13.252487,13.517403,13.668427,13.781540,13.592949,13.762703,13.574066,13.422867,13.838051,13.743858,13.706154,13.668427,13.366112,13.252487,13.290382,13.214584,13.195625,12.720398,13.290382,12.663208,12.986824,13.043808,12.739456,13.100769,13.347183,12.701340,13.119759,13.005829,13.328255,13.385033,13.024826,13.479599,13.536285,13.138725,13.800392,13.422867,13.856880,13.385033,13.536285,13.950951,13.856880,13.592949,13.687294,13.649567,13.838051,13.611824,13.875710,13.706154,13.555183,13.781540,13.536285,13.460693,13.366112,13.856880,13.611824,13.460693,13.856880,13.517403,13.781540,14.044937,14.044937,13.950951,13.894524,13.725006,13.536285,13.706154,13.875710,13.762703,13.555183,14.063721,13.932144,14.063721,13.913338,13.856880,13.856880,13.913338,13.800392,13.517403,14.326302,14.120049,13.988556,14.138817,13.611824,13.687294,13.762703,13.875710,13.988556,14.213860,13.743858,13.838051,14.026146,13.781540,13.913338,14.251350,13.819221,14.195114,13.536285,13.913338,13.743858,13.536285,13.725006,13.252487,13.856880,13.743858,13.762703,13.988556,14.345024,14.232613,14.588127,14.718750,14.960838,15.849052,15.609375,15.941071,16.381371,16.600693,16.124794,16.600693,16.436256,16.564171,16.564171,16.637184,16.582436,16.509377,16.564171,16.582436,16.673668,16.673668,16.728371,17.073982,16.801247,16.545914,16.855865,17.055817,16.892258,17.309639,17.182823,17.562698,17.273430,17.526596,17.345833,17.454338,17.418190,17.327736,17.598785,17.273430,17.616829,17.742996,17.562698,17.544655,17.868965,17.958839,18.370995,18.227867,17.797005,18.102425,18.192039,18.120361,18.227867,18.353111,18.424599,18.245766,18.353111,18.424599,18.335236,18.496017,18.478165,18.709923,18.424599,18.585213,18.727722,18.763306,18.353111,19.348289,19.047462,18.905502,19.206863,19.065178,19.100624,19.171471,18.994255,18.994255,18.887749,18.798882,18.905502,18.567383,18.709923,18.941017,18.798882,18.887749,19.171471,19.348289,18.834435,19.136055,18.941017,18.976524,19.277603,18.549545,18.496017,18.531708,18.869980,18.281563,18.941017,18.763306,18.994255,18.388855,18.692123,18.442459,18.531708,18.549545,18.585213,18.852211,18.692123,18.531708,18.656494,18.656494,18.887749,18.335236,18.263664,18.567383,18.174133,18.317345,18.245766,18.263664,18.442459,18.424599,18.192039,18.156204,18.227867,18.156204,17.940880,18.084496,18.388855,18.209953,18.317345,18.138290,18.692123,18.066551,18.478165,18.478165,18.567383,18.692123,18.263664,18.245766,18.281563,18.406731,18.012718,17.779015,18.299454,18.281563,17.994759,18.012718,17.940880,18.012718,17.922905,17.940880,18.012718,17.761002,17.940880,17.526596,17.868965,17.922905,17.454338,17.922905,17.562698,17.526596,17.598785,17.652901,17.164696,17.490471,17.922905,17.562698,17.219078,17.273430,16.874062,16.308144,16.106438,16.124794,15.830643,15.202286,15.276436,15.090919,14.644127,14.363747,14.270103,14.345024,14.326302,14.588127,14.213860,14.382469,14.569450,14.382469,14.382469,14.830566,15.220818,13.932144,14.382469,14.513397,14.756035,14.270103,14.905037,14.718750,14.532082,14.419891,14.662788,14.419891,14.756035,14.718750,14.419891,14.457298,14.213860,14.063721,14.867805,14.588127,14.401184,14.213860,14.662788,14.419891,14.345024,14.737404,14.476006,14.345024,14.157593,14.401184,14.176346,14.494698,13.932144,14.438606,14.457298,14.345024,14.438606,14.606796,14.101280,14.476006,14.288834,14.270103,14.532082,14.606796,14.588127,14.625465,14.550774,14.363747,13.950951,14.363747,14.867805,14.476006,14.213860,14.793312,14.830566,14.326302,14.363747,13.630692,13.913338,13.894524,13.856880,13.950951,13.347183,13.611824,13.668427,13.233543,13.176659,13.233543,13.630692,13.800392,13.347183,13.743858,13.536285,13.176659,13.687294,13.913338,13.649567,14.288834,14.026146,14.363747,14.101280,14.457298,14.644127,14.606796,14.363747,14.007355,14.457298,14.401184,14.232613,14.401184,14.476006,14.532082,14.307571,14.718750,14.270103,14.044937,14.157593,14.457298,14.606796,14.213860,14.382469,14.232613,14.007355,14.232613,14.251350,14.101280,14.138817,14.345024,14.438606,14.270103,14.550774,14.213860,14.213860,13.687294,14.307571,14.326302,14.401184,14.288834,14.700096,14.063721,14.026146,13.611824,14.625465,14.101280,14.382469,14.138817,14.176346,14.232613,13.800392,14.270103,13.856880,14.270103,14.101280,13.875710,14.232613,14.382469,13.762703,14.363747,13.856880,13.819221,13.969765,13.574066,13.725006,14.195114,13.290382,13.800392,13.932144,13.422867,13.950951,13.988556,14.176346,14.345024,14.550774,14.494698,14.905037,15.276436,15.387550,15.498535,15.959457,15.627831,15.793800,15.812218,15.849052,15.590912,16.032974,15.572441,15.756950,15.849052,16.088081,15.977844,15.720085,15.683197,15.553970,15.996223,15.941071,15.756950,15.977844,16.399666,17.019493,16.582436,16.764816,16.691910,16.655434,16.271500,16.874062,16.855865,16.837654,17.164696,17.055817,16.946808,16.964989,17.073982,16.801247,17.382019,17.146553,17.200951,17.182823,17.255310,17.868965,17.345833,17.958839,17.598785,17.327736,17.382019,17.327736,17.958839,17.833000,17.382019,17.255310,17.454338,17.128418,17.508537,17.526596,17.815002,17.652901,17.472412,17.580750,17.309639,17.055817,17.544655,17.526596,16.928627,17.418190,17.110275,17.742996,17.019493,17.037659,16.710136,16.801247,16.234848,17.128418,17.019493,16.728371,16.271500,16.381371,16.253181,16.344765,15.590912,15.683197,15.313492,15.553970,14.960838,15.294960,14.644127,14.625465,14.438606,14.476006,14.307571,14.793312,14.401184,15.183723,14.625465,14.625465,14.811943,14.756035,14.232613,14.101280,14.606796,14.138817,14.382469,14.923637,14.345024,14.232613,14.345024,14.625465,14.101280,14.288834,13.894524,14.588127,14.176346,13.441788,14.232613,14.700096,14.101280,14.457298,14.457298,14.026146,14.569450,13.800392,13.838051,14.326302,13.856880,14.681450,13.838051,13.932144,14.101280,14.213860,13.422867,13.875710,12.682281,
11.993431,13.214584,13.385033,13.328255,13.138725,13.366112,13.498497,13.536285,13.138725,13.119759,13.517403,13.176659,13.479599,13.062805,13.366112,13.630692,13.271439,13.119759,12.853714,13.403954,12.986824,13.592949,13.403954,13.214584,13.460693,13.441788,13.119759,13.309326,13.290382,13.271439,13.762703,13.536285,13.214584,13.403954,13.743858,12.929794,13.385033,13.403954,13.441788,13.668427,13.479599,13.309326,13.611824,13.762703,13.630692,12.910774,13.630692,13.422867,13.138725,13.157700,13.838051,13.403954,13.100769,13.403954,13.233543,13.290382,13.403954,13.138725,13.517403,13.309326,14.063721,13.762703,13.838051,13.725006,13.969765,13.592949,12.948814,13.403954,13.005829,13.347183,12.777557,12.777557,13.328255,13.062805,12.929794,13.138725,12.967819,13.138725,12.146942,13.290382,12.758507,12.701340,13.100769,12.701340,13.347183,13.119759,13.649567,13.422867,13.138725,13.138725,13.062805,13.592949,13.950951,13.479599,13.347183,13.894524,13.988556,14.270103,13.687294,13.385033,13.894524,13.441788,13.630692,13.195625,13.517403,13.706154,14.044937,13.743858,13.611824,13.328255,13.687294,13.536285,14.044937,13.932144,13.479599,13.706154,13.176659,14.288834,13.687294,13.630692,13.894524,13.328255,14.120049,14.026146,14.138817,13.819221,13.762703,13.838051,14.063721,14.063721,13.875710,13.725006,13.762703,14.101280,14.101280,13.630692,13.800392,13.706154,13.894524,13.743858,14.120049,13.781540,14.457298,13.950951,14.288834,13.969765,13.668427,14.326302,14.363747,14.063721,14.345024,13.725006,13.932144,13.950951,13.479599,13.819221,13.800392,13.611824,13.385033,13.517403,14.101280,13.479599,14.382469,14.644127,15.220818,14.886414,14.886414,15.350533,15.904274,16.032974,15.738518,16.271500,16.600693,16.582436,16.216530,16.161499,16.271500,17.019493,16.344765,16.472824,16.819458,16.964989,16.837654,16.691910,16.637184,16.946808,16.892258,16.746590,17.092117,17.418190,17.037659,16.819458,17.418190,17.073982,17.200951,17.309639,17.508537,16.783035,17.616829,17.327736,17.490471,17.886955,17.598785,17.490471,18.263664,17.724983,18.084496,18.120361,18.066551,18.227867,18.209953,18.156204,18.370995,18.120361,18.209953,17.886955,17.994759,18.138290,18.763306,18.656494,18.531708,18.102425,18.567383,17.976807,18.496017,18.656494,18.656494,18.887749,18.745514,18.923264,19.065178,18.958771,19.277603,18.852211,19.259926,19.047462,19.189156,18.834435,18.585213,18.923264,18.763306,18.976524,18.994255,18.781090,19.100624,18.388855,19.011993,18.941017,18.763306,19.082909,18.834435,18.781090,18.781090,18.941017,19.029732,18.852211,18.638680,18.603035,19.029732,18.370995,18.763306,18.370995,18.781090,18.549545,18.353111,18.460312,18.245766,18.620857,18.156204,18.638680,18.406731,18.353111,18.263664,18.227867,18.192039,18.388855,18.281563,18.781090,18.048607,17.797005,18.549545,18.156204,18.353111,18.317345,17.976807,18.263664,18.066551,18.138290,18.102425,18.209953,18.424599,18.460312,18.531708,17.833000,18.370995,18.424599,18.531708,18.460312,18.388855,18.209953,18.012718,18.048607,18.299454,18.424599,18.424599,18.299454,18.370995,18.174133,17.850990,18.102425,18.156204,18.174133,17.922905,17.868965,17.526596,17.904930,17.850990,17.976807,17.833000,17.868965,17.652901,17.706970,17.580750,17.833000,18.138290,17.580750,17.706970,17.291534,17.291534,17.110275,17.128418,16.234848,16.637184,16.014603,16.088081,15.480049,14.998024,14.905037,14.756035,14.270103,14.569450,14.457298,14.345024,14.476006,14.532082,14.326302,14.476006,14.793312,14.700096,14.438606,14.681450,14.830566,14.438606,14.756035,14.457298,14.494698,14.588127,14.830566,14.774681,14.513397,14.569450,14.307571,14.476006,14.438606,14.588127,14.382469,14.606796,14.438606,14.513397,14.382469,14.401184,14.213860,14.550774,14.606796,14.213860,14.532082,14.774681,14.401184,14.644127,14.251350,14.681450,13.988556,14.138817,14.063721,14.419891,14.401184,14.419891,14.307571,14.532082,14.830566,14.644127,14.793312,14.232613,14.569450,14.513397,14.681450,14.793312,14.120049,14.588127,14.213860,14.288834,14.157593,14.007355,14.326302,14.232613,14.382469,14.438606,14.438606,13.913338,14.138817,13.687294,13.649567,13.517403,13.743858,13.838051,13.366112,13.290382,13.460693,13.441788,13.271439,13.252487,13.290382,14.007355,13.592949,13.950951,13.687294,14.026146,14.195114,14.457298,14.082504,14.288834,14.737404,14.532082,14.588127,14.457298,14.588127,14.644127,14.326302,14.513397,14.101280,14.213860,14.588127,14.120049,14.419891,14.476006,14.345024,14.476006,14.101280,14.176346,14.401184,14.476006,14.419891,14.251350,14.625465,14.120049,14.082504,13.743858,14.026146,14.176346,14.232613,13.781540,14.419891,13.819221,14.044937,14.251350,14.063721,14.494698,14.419891,14.326302,14.345024,14.326302,14.082504,14.270103,13.932144,14.007355,14.082504,13.838051,13.838051,14.082504,13.932144,14.063721,14.007355,14.307571,14.026146,13.743858,13.800392,13.913338,13.932144,14.007355,13.838051,13.725006,13.498497,13.366112,13.176659,13.649567,13.838051,13.706154,13.460693,13.762703,13.913338,14.251350,14.625465,14.718750,14.588127,15.406059,15.498535,14.811943,16.106438,16.069710,15.683197,15.738518,15.572441,15.738518,15.941071,15.553970,15.683197,15.738518,15.830643,16.032974,15.885872,15.664742,15.830643,15.553970,16.143143,15.812218,16.436256,16.106438,16.161499,16.527649,16.564171,16.673668,16.874062,16.874062,16.910439,17.436272,16.874062,16.819458,16.746590,16.892258,16.710136,17.110275,17.200951,17.237198,17.037659,17.706970,17.291534,17.309639,17.237198,17.904930,17.309639,17.742996,17.363930,17.454338,17.345833,18.138290,17.688942,17.724983,17.418190,18.084496,17.508537,17.363930,17.237198,17.544655,17.219078,17.037659,16.892258,17.490471,17.598785,17.400101,17.255310,17.073982,17.001335,17.345833,17.815002,16.964989,17.055817,17.092117,16.728371,16.855865,16.801247,17.092117,16.381371,16.728371,16.454536,16.216530,15.812218,16.051353,15.959457,15.109489,15.202286,14.550774,15.257896,14.811943,14.588127,14.251350,14.457298,14.569450,14.700096,14.644127,14.120049,14.774681,14.176346,14.438606,14.886414,14.438606,14.438606,14.288834,14.363747,14.438606,14.830566,14.700096,14.270103,14.288834,14.120049,14.419891,14.326302,14.662788,14.101280,14.476006,14.326302,14.942238,14.157593,14.681450,14.101280,14.345024,14.232613,14.438606,14.345024,13.706154,14.476006,14.026146,14.438606,13.762703,14.082504,13.950951,14.157593,14.138817,13.271439,14.270103,13.157700,
12.127769,13.005829,13.517403,13.119759,12.872734,13.592949,13.422867,13.517403,13.403954,12.567825,13.479599,13.366112,14.120049,13.366112,13.630692,13.081795,13.592949,13.005829,13.195625,13.043808,13.290382,13.856880,12.948814,13.347183,13.687294,13.138725,13.005829,13.422867,13.385033,12.967819,13.252487,13.385033,13.460693,13.460693,13.024826,13.347183,13.913338,13.706154,13.271439,13.062805,13.328255,13.592949,13.611824,13.479599,13.290382,13.611824,13.611824,13.157700,13.214584,13.385033,13.649567,13.290382,13.649567,13.498497,13.536285,13.555183,13.649567,13.894524,13.233543,13.309326,13.875710,13.800392,13.536285,13.498497,13.555183,13.555183,13.403954,13.005829,13.290382,13.062805,13.706154,13.119759,13.100769,13.138725,12.834679,12.663208,13.024826,13.366112,13.062805,13.309326,13.062805,13.290382,13.100769,12.529640,13.233543,13.460693,12.910774,12.758507,13.385033,13.385033,13.214584,13.592949,14.082504,14.101280,13.875710,13.743858,13.328255,14.195114,13.460693,13.422867,13.592949,13.441788,13.347183,13.894524,13.498497,13.932144,13.536285,14.063721,14.026146,13.668427,14.082504,13.460693,13.743858,13.687294,14.063721,13.630692,13.668427,13.706154,13.838051,13.592949,13.574066,13.743858,14.007355,13.743858,13.894524,13.950951,13.762703,13.838051,14.026146,13.743858,13.517403,13.687294,14.213860,13.762703,14.513397,13.950951,14.007355,13.252487,13.969765,13.856880,13.838051,13.875710,13.969765,13.838051,13.856880,14.232613,14.213860,14.120049,13.856880,14.213860,14.288834,13.894524,13.403954,13.950951,13.932144,13.441788,14.138817,13.233543,13.592949,13.950951,14.138817,14.756035,14.345024,14.606796,14.644127,14.923637,15.220818,15.350533,15.664742,15.720085,16.088081,15.664742,16.051353,16.801247,16.472824,16.710136,16.344765,16.198189,16.509377,16.564171,16.545914,16.783035,16.746590,16.801247,16.691910,16.837654,17.092117,17.055817,16.946808,17.019493,17.200951,17.291534,17.309639,17.073982,16.892258,17.634865,17.128418,17.418190,17.598785,17.472412,17.688942,17.761002,17.779015,17.904930,18.030663,17.724983,18.209953,18.299454,18.192039,18.263664,18.335236,18.192039,18.030663,18.263664,18.709923,18.227867,18.335236,17.994759,18.513863,18.549545,18.496017,18.317345,18.513863,18.531708,18.513863,18.869980,18.727722,18.549545,19.330627,18.994255,19.206863,19.029732,18.994255,19.065178,18.869980,18.620857,19.029732,19.029732,18.923264,18.692123,18.958771,18.905502,18.941017,19.065178,18.763306,19.401253,18.781090,19.082909,18.869980,18.834435,19.011993,18.994255,19.100624,18.905502,19.082909,18.603035,18.958771,18.531708,18.496017,18.567383,18.245766,18.763306,18.442459,18.567383,18.781090,18.353111,18.496017,18.549545,18.281563,18.496017,18.442459,18.406731,18.549545,18.353111,18.227867,18.335236,18.102425,18.442459,18.406731,18.370995,18.585213,17.904930,18.585213,18.442459,18.299454,18.674309,18.388855,18.263664,18.442459,18.549545,18.442459,18.317345,18.281563,18.192039,18.674309,18.496017,18.353111,18.585213,18.263664,18.496017,18.048607,18.066551,18.138290,17.886955,18.120361,17.994759,18.442459,17.833000,17.850990,18.030663,17.940880,18.120361,18.192039,17.833000,18.120361,17.850990,17.688942,18.030663,17.580750,17.670921,17.850990,17.706970,17.904930,17.724983,17.833000,17.940880,17.797005,17.688942,17.616829,17.182823,17.128418,16.344765,16.326462,15.941071,15.885872,15.664742,15.257896,14.382469,14.644127,14.774681,14.401184,14.232613,14.662788,14.681450,14.774681,14.606796,15.035194,14.550774,14.532082,14.849190,14.811943,14.588127,14.326302,14.811943,14.942238,14.774681,14.232613,14.494698,14.494698,14.288834,14.700096,14.513397,14.494698,14.606796,14.401184,14.270103,13.969765,14.700096,14.082504,14.026146,14.419891,14.625465,14.569450,14.438606,14.345024,14.588127,14.363747,14.438606,14.176346,14.120049,14.569450,14.569450,13.875710,14.288834,14.401184,14.326302,14.251350,14.382469,14.457298,14.176346,14.606796,14.644127,14.550774,14.700096,14.606796,14.326302,14.401184,14.401184,14.569450,14.718750,14.476006,14.756035,14.363747,14.120049,14.176346,14.251350,14.363747,14.157593,14.195114,13.762703,13.706154,13.932144,13.687294,13.517403,13.706154,13.290382,13.214584,13.214584,13.081795,13.498497,13.195625,13.894524,13.875710,13.366112,13.706154,13.498497,13.969765,13.838051,14.195114,14.157593,14.419891,14.101280,14.401184,14.625465,14.588127,14.288834,14.120049,14.307571,14.157593,14.157593,14.737404,14.457298,14.270103,14.157593,14.270103,14.438606,14.007355,14.345024,13.743858,14.101280,14.270103,13.630692,14.232613,14.063721,14.270103,13.762703,14.063721,14.195114,14.082504,14.101280,14.513397,14.082504,14.213860,14.326302,14.138817,14.363747,14.101280,14.063721,13.950951,14.138817,14.326302,14.213860,14.307571,14.251350,13.856880,14.138817,14.288834,14.251350,14.026146,13.932144,14.195114,14.082504,13.913338,13.762703,14.157593,13.838051,13.725006,13.781540,13.969765,13.725006,13.800392,13.950951,13.592949,13.743858,13.403954,13.574066,13.950951,13.725006,13.592949,14.101280,14.326302,14.382469,13.932144,14.457298,14.942238,15.202286,15.294960,15.424561,15.517014,15.517014,15.535500,15.424561,15.867470,15.572441,15.885872,16.344765,15.959457,15.053780,16.051353,15.738518,15.738518,15.664742,15.941071,15.572441,15.775375,15.480049,16.216530,15.959457,16.124794,16.582436,16.746590,16.673668,16.417961,16.910439,16.216530,16.783035,17.019493,16.655434,16.527649,17.001335,17.436272,16.509377,16.837654,17.255310,17.110275,17.418190,17.237198,17.742996,17.508537,17.309639,17.146553,17.562698,17.850990,17.598785,17.886955,17.797005,17.598785,17.634865,17.418190,17.562698,17.724983,17.237198,17.544655,17.273430,17.363930,17.273430,17.580750,17.255310,17.291534,17.598785,16.964989,17.200951,17.616829,17.092117,16.964989,16.855865,16.837654,17.291534,16.691910,16.728371,16.874062,16.946808,16.983162,16.491104,16.436256,15.996223,15.885872,15.849052,15.609375,15.627831,15.202286,14.513397,15.239365,14.120049,14.718750,14.326302,14.513397,14.718750,14.457298,14.345024,14.569450,14.998024,14.793312,14.644127,14.195114,14.345024,14.849190,13.819221,14.326302,14.345024,14.532082,14.644127,14.419891,14.419891,14.063721,14.026146,14.550774,14.438606,14.157593,14.457298,14.363747,14.326302,14.157593,13.819221,14.007355,14.213860,13.913338,14.251350,14.774681,14.026146,14.176346,14.082504,14.232613,13.498497,14.363747,13.555183,14.251350,13.536285,13.574066,13.062805,
11.570000,12.491440,13.024826,12.548721,13.687294,13.271439,12.529640,13.498497,13.119759,13.403954,13.517403,13.555183,13.005829,13.214584,13.838051,13.043808,12.376740,13.176659,13.385033,13.385033,13.460693,13.460693,12.967819,13.819221,13.725006,13.630692,13.403954,13.290382,13.195625,13.214584,13.252487,13.195625,13.081795,13.328255,13.498497,12.986824,13.611824,13.536285,13.100769,13.233543,13.536285,13.366112,13.743858,13.574066,13.403954,12.929794,13.366112,13.176659,13.819221,13.290382,13.706154,13.460693,13.366112,13.309326,13.536285,13.536285,13.309326,13.347183,13.706154,13.498497,13.403954,13.649567,13.422867,13.555183,13.479599,13.762703,13.592949,13.649567,12.948814,13.441788,12.815643,13.138725,13.138725,13.062805,13.024826,12.796600,13.119759,12.739456,12.853714,12.586906,12.720398,12.567825,13.024826,13.062805,13.252487,13.062805,13.271439,13.479599,13.592949,14.138817,13.875710,13.460693,13.838051,13.574066,13.875710,13.687294,13.574066,13.725006,13.800392,13.988556,13.611824,14.026146,13.725006,13.460693,13.913338,13.460693,14.063721,14.138817,13.649567,13.988556,13.555183,13.800392,13.819221,13.441788,13.781540,13.290382,13.856880,13.668427,13.706154,13.800392,13.969765,13.706154,14.401184,13.800392,13.969765,14.007355,13.894524,13.517403,13.800392,13.988556,13.932144,13.611824,14.044937,13.988556,13.856880,14.157593,13.781540,14.026146,14.101280,13.913338,13.819221,13.932144,13.498497,13.725006,13.800392,13.988556,14.007355,14.513397,13.988556,14.044937,13.950951,13.385033,13.743858,14.007355,14.120049,13.781540,13.309326,13.800392,13.460693,13.592949,13.875710,14.513397,14.213860,14.326302,14.737404,14.476006,15.590912,15.406059,15.793800,16.234848,16.436256,15.959457,15.885872,16.436256,16.491104,16.819458,16.655434,16.454536,16.509377,16.491104,16.509377,16.783035,16.855865,16.764816,16.326462,16.728371,16.673668,17.001335,17.363930,16.728371,16.946808,17.400101,17.146553,17.237198,17.001335,17.128418,17.345833,17.652901,17.797005,17.779015,17.761002,17.779015,17.724983,18.030663,17.598785,17.850990,17.958839,17.904930,18.281563,17.797005,18.638680,17.742996,18.406731,18.156204,18.317345,18.156204,18.263664,18.496017,18.263664,18.478165,18.585213,18.227867,18.674309,18.603035,18.887749,18.798882,18.941017,18.994255,18.727722,18.834435,19.277603,19.189156,18.994255,19.348289,19.100624,18.834435,19.189156,18.976524,19.065178,19.136055,19.136055,19.047462,18.941017,18.781090,18.923264,18.727722,18.905502,19.011993,18.816666,18.763306,18.958771,19.118340,18.869980,18.887749,18.567383,18.834435,19.029732,18.692123,18.513863,18.781090,18.567383,18.763306,18.299454,18.620857,18.620857,18.620857,18.620857,18.353111,18.781090,18.335236,18.317345,18.478165,18.138290,18.156204,18.567383,18.549545,18.192039,18.353111,18.406731,18.263664,18.638680,18.763306,18.370995,18.066551,18.603035,18.174133,18.460312,18.887749,18.084496,18.388855,18.192039,18.460312,18.263664,18.531708,18.620857,18.388855,18.335236,18.478165,18.317345,18.192039,18.138290,18.496017,18.727722,18.084496,18.227867,17.688942,18.120361,18.496017,17.958839,18.030663,17.886955,18.263664,17.958839,17.779015,17.652901,17.508537,18.192039,18.012718,17.904930,17.958839,17.958839,17.904930,17.544655,17.958839,18.084496,17.345833,17.634865,17.976807,17.019493,17.182823,17.055817,16.417961,16.289825,16.417961,15.627831,15.128059,15.294960,15.035194,14.830566,14.756035,14.345024,14.419891,14.457298,14.756035,14.138817,14.774681,14.793312,14.737404,14.811943,14.326302,14.718750,14.756035,14.774681,14.288834,14.662788,14.251350,14.756035,14.625465,14.307571,14.382469,14.288834,14.044937,14.569450,14.625465,14.213860,14.419891,14.494698,14.737404,14.662788,13.932144,14.307571,14.363747,14.532082,14.213860,14.401184,14.345024,14.082504,14.550774,14.550774,13.894524,14.326302,14.288834,14.756035,14.026146,14.438606,14.026146,14.270103,14.401184,14.494698,14.326302,14.793312,14.326302,14.494698,14.288834,14.363747,14.569450,14.026146,14.681450,14.270103,14.774681,14.213860,14.120049,14.550774,13.932144,14.476006,13.630692,14.419891,13.988556,13.498497,14.101280,13.969765,14.007355,13.422867,13.781540,13.988556,13.138725,12.853714,13.706154,13.214584,13.385033,13.668427,13.781540,13.668427,13.441788,13.913338,13.536285,13.856880,14.063721,14.270103,13.913338,14.063721,14.401184,14.625465,14.419891,14.532082,14.737404,14.886414,13.969765,14.232613,14.326302,14.157593,14.120049,14.288834,14.176346,13.988556,14.326302,14.063721,14.270103,14.101280,14.213860,14.082504,14.569450,14.401184,13.856880,14.363747,14.138817,14.213860,14.138817,13.762703,14.345024,13.800392,14.232613,13.649567,14.044937,14.662788,13.969765,14.382469,14.457298,14.363747,14.438606,14.082504,14.419891,13.875710,14.176346,13.988556,13.932144,13.781540,14.101280,14.307571,13.819221,13.838051,13.743858,13.969765,14.007355,13.781540,14.681450,13.875710,13.838051,14.044937,13.856880,13.950951,13.800392,13.668427,13.950951,13.498497,13.592949,14.007355,13.668427,14.044937,13.913338,14.401184,13.988556,14.288834,14.793312,14.737404,15.146614,15.517014,15.738518,16.088081,15.313492,15.830643,15.941071,15.406059,15.977844,15.646294,15.941071,15.977844,15.830643,15.572441,15.424561,15.775375,15.775375,15.867470,15.793800,16.161499,16.271500,16.253181,16.436256,16.271500,16.381371,16.271500,16.600693,16.527649,16.582436,16.710136,16.710136,17.309639,17.092117,17.363930,17.019493,17.327736,16.946808,17.652901,17.508537,17.418190,17.562698,17.490471,17.255310,17.454338,17.219078,17.436272,17.472412,17.886955,17.182823,17.976807,17.688942,17.345833,18.281563,17.598785,17.345833,17.797005,17.309639,17.508537,17.706970,17.724983,17.182823,17.508537,17.706970,17.146553,17.652901,17.273430,17.382019,17.182823,17.128418,17.073982,17.580750,17.219078,17.182823,16.892258,17.092117,17.363930,16.837654,17.001335,16.600693,16.381371,16.179840,16.069710,16.051353,15.664742,15.720085,15.220818,14.886414,14.457298,14.007355,14.830566,13.969765,14.401184,14.382469,14.644127,14.830566,14.662788,14.345024,14.176346,15.146614,14.532082,14.606796,14.363747,14.476006,14.326302,14.307571,14.476006,14.457298,14.345024,13.988556,14.176346,14.307571,13.875710,14.138817,14.550774,14.232613,14.157593,14.457298,14.026146,14.382469,14.419891,14.120049,14.101280,14.063721,13.743858,14.382469,14.326302,13.781540,14.007355,13.819221,13.706154,13.252487,13.894524,13.403954,13.536285,13.024826,
12.146942,12.529640,13.005829,12.663208,13.062805,13.043808,13.932144,13.441788,13.233543,13.157700,12.948814,13.119759,13.574066,13.062805,13.422867,13.366112,13.913338,13.328255,13.119759,13.157700,13.328255,13.574066,13.592949,13.479599,13.969765,13.536285,13.517403,13.479599,13.630692,12.777557,13.838051,12.986824,13.422867,13.536285,12.834679,13.536285,13.290382,13.062805,13.592949,12.720398,13.100769,13.422867,12.872734,13.574066,13.819221,13.252487,13.157700,13.385033,13.062805,13.100769,13.856880,13.988556,13.385033,13.781540,13.062805,13.536285,13.762703,13.668427,13.706154,13.687294,13.403954,13.460693,13.856880,13.630692,13.555183,13.555183,13.536285,13.328255,13.271439,13.630692,12.986824,13.157700,13.195625,12.967819,13.081795,13.138725,13.309326,12.720398,12.701340,13.005829,12.472336,12.739456,13.119759,13.157700,13.536285,13.347183,13.138725,13.195625,13.555183,13.005829,13.630692,13.271439,13.403954,13.950951,13.555183,14.063721,13.592949,13.932144,13.460693,13.479599,13.762703,13.875710,13.592949,13.611824,13.932144,13.517403,13.422867,13.574066,13.838051,13.385033,13.781540,13.856880,13.441788,13.762703,13.781540,12.967819,13.366112,13.536285,13.894524,13.913338,13.819221,13.894524,13.592949,13.574066,13.649567,13.706154,14.120049,13.517403,14.195114,13.536285,13.630692,14.288834,13.894524,13.819221,13.913338,14.082504,14.044937,13.800392,13.441788,14.232613,13.838051,13.668427,14.213860,13.988556,14.307571,14.251350,14.138817,13.781540,14.138817,14.213860,14.101280,13.969765,13.725006,13.856880,13.913338,13.403954,13.498497,14.195114,13.385033,13.517403,14.120049,14.326302,14.232613,14.700096,14.960838,14.905037,15.072350,15.590912,15.959457,15.959457,16.069710,16.106438,16.399666,16.582436,16.819458,16.253181,16.491104,16.216530,16.801247,16.344765,16.728371,16.764816,16.855865,17.037659,17.128418,16.910439,16.892258,17.092117,16.746590,17.128418,17.164696,17.255310,17.580750,17.128418,17.544655,17.219078,17.110275,17.544655,17.128418,17.526596,17.345833,17.724983,17.706970,17.634865,17.761002,17.868965,18.012718,18.012718,18.030663,18.174133,18.084496,18.335236,18.245766,17.922905,18.012718,18.603035,18.692123,18.513863,18.335236,18.460312,18.353111,18.745514,18.958771,18.478165,18.370995,18.834435,18.763306,19.224541,18.869980,18.727722,18.994255,18.941017,18.869980,19.118340,19.242241,18.887749,19.630394,19.100624,19.100624,18.727722,18.763306,19.259926,19.153755,18.478165,19.206863,18.905502,18.869980,19.189156,18.745514,18.834435,18.727722,18.976524,18.692123,19.401253,18.656494,18.834435,18.709923,19.330627,18.834435,18.869980,18.727722,18.745514,18.603035,18.781090,18.620857,18.478165,18.496017,18.424599,18.603035,18.353111,18.478165,18.281563,18.138290,18.370995,18.603035,18.209953,18.549545,18.370995,18.156204,18.102425,18.281563,18.138290,18.531708,17.833000,18.478165,18.120361,18.460312,18.388855,18.353111,18.567383,18.531708,18.245766,18.442459,18.603035,18.531708,18.460312,18.174133,18.406731,18.406731,18.245766,18.406731,18.156204,18.192039,18.012718,18.335236,17.976807,18.263664,18.370995,18.192039,18.531708,18.192039,18.156204,18.209953,17.994759,17.958839,18.066551,17.922905,18.084496,18.066551,17.886955,17.868965,17.562698,17.616829,17.922905,17.200951,17.400101,17.724983,17.309639,17.001335,17.544655,16.928627,16.582436,16.436256,15.885872,15.904274,15.609375,15.369041,14.644127,14.942238,14.718750,14.588127,14.662788,14.363747,14.476006,14.513397,14.494698,14.718750,14.718750,14.737404,14.923637,14.662788,14.532082,14.849190,14.588127,14.681450,14.513397,14.513397,14.213860,14.345024,14.737404,14.438606,14.063721,14.569450,14.288834,14.044937,14.044937,14.513397,14.270103,14.157593,14.401184,14.606796,14.419891,14.157593,14.606796,14.270103,14.774681,14.662788,14.270103,14.569450,14.101280,14.569450,14.326302,14.644127,14.101280,14.270103,14.737404,14.044937,14.606796,14.513397,14.026146,14.457298,14.363747,14.063721,14.457298,14.401184,14.326302,14.345024,14.662788,14.476006,14.419891,14.550774,14.138817,14.457298,14.438606,14.438606,13.950951,14.513397,13.762703,14.120049,13.668427,14.138817,13.800392,13.630692,13.725006,13.479599,13.762703,13.271439,13.309326,13.555183,13.460693,13.988556,13.517403,13.800392,13.800392,13.668427,13.856880,13.725006,14.438606,14.044937,14.513397,14.120049,14.476006,14.063721,14.905037,14.718750,14.438606,14.213860,14.419891,14.138817,14.026146,14.532082,13.913338,14.326302,14.326302,14.307571,14.120049,13.950951,14.307571,14.007355,14.026146,14.082504,13.932144,13.838051,14.213860,14.044937,14.082504,14.101280,14.082504,13.950951,14.082504,14.007355,14.176346,13.932144,13.894524,14.326302,14.120049,13.932144,14.195114,14.270103,14.644127,14.345024,13.988556,14.288834,14.101280,13.819221,13.894524,14.176346,13.630692,14.326302,14.138817,13.592949,14.082504,13.988556,14.213860,14.232613,14.382469,14.082504,14.569450,13.913338,13.950951,13.743858,13.743858,13.347183,13.517403,13.592949,13.366112,13.800392,13.668427,14.157593,13.592949,14.550774,14.644127,14.120049,14.120049,15.332008,15.443062,15.461563,15.793800,15.867470,15.701637,16.198189,16.032974,15.904274,15.461563,16.124794,15.959457,15.867470,15.941071,15.812218,15.683197,15.793800,15.720085,15.885872,16.253181,16.289825,15.775375,16.143143,16.417961,16.344765,16.472824,16.472824,16.637184,16.691910,16.618950,16.399666,16.527649,16.783035,16.928627,17.255310,16.874062,17.128418,17.110275,17.273430,17.128418,16.946808,17.382019,17.164696,17.472412,17.472412,17.833000,17.562698,17.688942,17.037659,17.418190,17.526596,17.868965,17.833000,17.598785,17.742996,17.598785,17.454338,17.706970,17.363930,17.580750,17.490471,17.001335,17.436272,17.164696,17.219078,17.110275,17.472412,17.092117,17.327736,17.200951,17.255310,17.019493,17.309639,17.110275,16.874062,16.783035,16.710136,16.344765,16.472824,16.216530,16.014603,16.801247,16.143143,16.143143,15.443062,15.387550,15.498535,14.867805,14.960838,14.307571,14.737404,14.644127,14.401184,14.288834,14.849190,14.401184,14.681450,14.588127,15.090919,14.550774,14.401184,14.756035,14.700096,14.737404,14.644127,14.588127,14.737404,14.419891,14.007355,14.494698,14.213860,13.932144,14.101280,14.830566,13.913338,14.288834,14.101280,14.532082,14.363747,13.592949,14.382469,14.232613,14.232613,13.498497,13.950951,13.630692,14.737404,14.606796,13.649567,14.774681,14.625465,13.536285,13.838051,14.213860,13.913338,13.043808,
12.319344,12.395866,12.777557,12.567825,12.853714,12.853714,13.385033,13.005829,13.555183,13.157700,12.986824,13.252487,13.328255,13.100769,13.781540,13.460693,13.385033,13.328255,13.309326,13.347183,13.630692,13.403954,13.176659,12.929794,13.460693,13.100769,13.385033,12.758507,13.668427,13.024826,13.460693,13.385033,13.290382,13.309326,13.422867,13.422867,13.347183,13.024826,13.592949,13.100769,13.687294,12.948814,13.271439,13.422867,12.872734,13.271439,13.403954,13.403954,13.403954,13.611824,13.725006,13.403954,13.460693,13.309326,13.913338,13.498497,13.894524,13.913338,13.555183,13.781540,13.743858,13.536285,13.725006,13.309326,13.347183,13.441788,13.005829,12.967819,13.555183,13.081795,13.233543,13.328255,13.195625,12.758507,13.062805,12.491440,13.100769,12.739456,12.453224,13.005829,12.625069,13.422867,12.948814,12.720398,13.271439,13.252487,13.460693,13.517403,13.856880,13.536285,13.781540,13.800392,14.419891,13.743858,13.460693,13.592949,13.574066,13.574066,13.819221,13.875710,14.251350,13.743858,13.290382,13.479599,13.517403,13.630692,13.988556,13.536285,13.536285,13.668427,13.743858,13.574066,14.157593,13.781540,13.460693,14.120049,13.800392,13.422867,13.875710,14.213860,13.706154,14.007355,13.743858,13.460693,13.950951,14.082504,13.988556,13.875710,13.517403,13.913338,13.875710,13.706154,14.195114,13.969765,13.706154,14.101280,14.007355,14.120049,13.800392,13.819221,13.762703,13.950951,14.213860,13.856880,13.856880,13.725006,13.800392,14.026146,14.401184,13.988556,13.725006,13.781540,13.743858,13.800392,13.517403,13.536285,13.819221,13.517403,14.232613,13.969765,13.932144,14.251350,14.662788,14.625465,14.811943,15.090919,15.294960,15.480049,16.417961,15.941071,16.234848,16.271500,16.234848,16.728371,16.946808,16.691910,16.381371,16.527649,16.564171,16.673668,16.545914,16.326462,17.273430,16.655434,16.764816,17.164696,17.146553,17.327736,17.200951,17.055817,17.092117,17.454338,17.092117,17.019493,17.128418,17.200951,17.182823,17.742996,17.562698,17.472412,17.958839,17.508537,17.255310,17.940880,17.868965,17.833000,17.580750,18.066551,17.616829,17.886955,18.192039,18.209953,18.370995,18.281563,18.245766,18.424599,18.424599,18.192039,18.406731,18.798882,18.192039,18.120361,19.011993,18.460312,18.887749,18.958771,19.082909,19.065178,18.976524,18.674309,18.958771,19.365944,19.171471,18.976524,19.047462,18.958771,19.365944,19.542351,18.869980,18.923264,19.082909,18.887749,18.958771,18.923264,18.745514,19.153755,18.816666,18.852211,18.887749,18.549545,19.029732,19.029732,18.335236,18.745514,19.100624,19.224541,18.745514,18.923264,18.388855,18.442459,18.442459,19.171471,18.335236,18.816666,19.065178,18.549545,19.136055,18.923264,18.834435,18.620857,18.549545,18.603035,18.317345,18.603035,18.245766,18.460312,18.638680,18.353111,18.513863,18.370995,18.192039,17.761002,18.030663,18.048607,18.138290,18.442459,18.317345,18.585213,18.030663,18.388855,18.531708,18.120361,18.174133,18.674309,18.370995,18.281563,18.531708,18.174133,18.263664,18.227867,18.227867,18.353111,18.299454,18.496017,18.567383,18.245766,18.138290,18.299454,18.156204,18.030663,18.138290,17.761002,17.922905,18.030663,18.012718,18.156204,18.317345,17.904930,17.526596,17.940880,18.227867,17.761002,17.850990,17.850990,17.779015,17.724983,17.958839,17.327736,17.182823,17.472412,17.110275,16.673668,15.996223,15.996223,15.535500,15.128059,15.350533,14.513397,14.457298,14.438606,14.606796,13.894524,14.157593,14.401184,14.270103,14.363747,14.811943,14.476006,14.307571,14.867805,14.644127,14.662788,14.532082,14.774681,14.756035,14.326302,14.625465,14.494698,14.625465,14.363747,14.363747,14.307571,14.718750,14.662788,14.756035,14.307571,14.270103,14.419891,14.363747,14.606796,14.569450,14.606796,14.718750,14.195114,14.307571,14.044937,13.762703,14.176346,14.662788,13.969765,14.195114,14.345024,14.513397,14.494698,14.307571,14.513397,14.326302,14.213860,14.307571,14.457298,13.950951,14.625465,14.363747,14.494698,14.326302,14.044937,14.326302,14.007355,14.737404,14.288834,14.849190,14.026146,13.969765,14.232613,14.363747,14.082504,14.419891,13.743858,13.950951,13.743858,14.007355,13.460693,13.932144,14.044937,13.385033,13.800392,13.043808,13.062805,13.536285,13.668427,13.214584,13.043808,13.630692,13.611824,13.838051,13.687294,14.176346,13.592949,13.838051,13.969765,14.176346,14.082504,14.438606,14.513397,14.923637,14.625465,14.138817,14.251350,14.494698,14.401184,14.438606,14.251350,14.401184,14.288834,14.195114,14.101280,14.476006,14.251350,14.082504,13.743858,14.270103,13.517403,14.082504,14.401184,13.856880,14.044937,14.737404,13.611824,13.781540,14.101280,14.288834,14.232613,14.513397,13.838051,14.232613,14.026146,14.195114,14.026146,14.138817,14.457298,14.176346,13.913338,13.969765,14.026146,14.044937,14.326302,13.894524,13.800392,13.875710,14.026146,13.988556,14.026146,14.363747,14.494698,13.668427,13.950951,13.762703,14.120049,13.743858,13.800392,13.856880,13.838051,13.800392,13.271439,13.894524,13.950951,13.743858,13.668427,14.270103,13.479599,14.457298,13.838051,14.644127,14.232613,14.942238,15.350533,15.387550,15.683197,15.830643,15.812218,15.922668,15.812218,15.812218,15.756950,15.775375,16.234848,16.326462,15.885872,15.867470,16.234848,15.756950,16.014603,15.387550,15.572441,16.253181,16.417961,16.564171,16.491104,16.344765,16.655434,16.326462,16.527649,16.928627,16.673668,16.837654,17.092117,17.182823,16.764816,17.073982,17.146553,17.616829,17.309639,17.110275,17.436272,17.273430,17.128418,17.598785,16.964989,17.182823,17.634865,17.779015,17.001335,17.724983,17.454338,17.508537,17.454338,17.418190,17.616829,17.219078,17.886955,17.092117,17.454338,17.797005,17.526596,17.580750,17.273430,17.436272,17.037659,17.237198,16.928627,17.472412,17.073982,16.983162,17.110275,17.327736,17.237198,17.400101,16.964989,17.309639,16.964989,17.345833,17.073982,17.055817,16.143143,16.491104,16.143143,16.344765,15.756950,15.609375,15.313492,15.183723,15.053780,14.326302,14.457298,14.476006,14.737404,14.363747,15.053780,14.942238,14.251350,14.867805,14.756035,14.774681,14.438606,14.625465,14.569450,14.569450,14.382469,14.382469,14.476006,14.550774,14.288834,14.438606,14.082504,14.307571,14.513397,14.138817,13.894524,14.700096,14.588127,14.681450,13.762703,14.382469,14.232613,14.251350,14.007355,14.007355,14.232613,13.932144,13.988556,14.138817,14.138817,13.781540,13.894524,14.213860,13.969765,13.838051,13.611824,14.007355,13.536285,
11.993431,12.872734,13.441788,13.157700,12.796600,13.366112,13.309326,12.739456,13.271439,12.720398,13.290382,13.176659,13.536285,13.062805,13.271439,13.005829,13.611824,13.668427,13.309326,13.309326,13.762703,13.005829,13.252487,12.986824,13.441788,12.986824,12.720398,13.347183,12.872734,13.479599,13.309326,13.119759,13.592949,13.630692,13.043808,13.838051,12.986824,13.385033,13.479599,13.195625,13.781540,12.872734,13.460693,13.479599,13.592949,13.309326,13.555183,13.214584,13.290382,13.422867,13.252487,13.932144,12.986824,13.611824,13.574066,13.687294,13.366112,13.498497,13.743858,13.630692,13.309326,13.706154,13.611824,13.743858,13.988556,13.611824,13.498497,13.668427,13.611824,13.479599,13.441788,13.460693,13.517403,12.777557,12.777557,12.682281,12.929794,12.986824,12.834679,12.891754,12.720398,12.663208,12.834679,13.460693,12.853714,13.024826,13.555183,13.385033,13.252487,13.347183,13.176659,13.574066,13.988556,14.007355,13.819221,13.517403,13.800392,13.800392,13.706154,13.969765,13.706154,13.611824,13.649567,13.498497,13.668427,13.743858,13.950951,13.611824,13.781540,13.894524,13.781540,13.555183,13.988556,13.328255,13.498497,13.706154,13.347183,13.875710,13.762703,13.555183,13.725006,13.894524,13.592949,13.988556,13.611824,13.800392,13.932144,13.762703,13.875710,13.498497,13.969765,13.668427,13.687294,14.101280,14.101280,13.969765,13.781540,13.800392,13.800392,13.479599,13.988556,13.838051,14.307571,14.138817,13.574066,14.213860,13.555183,13.856880,14.007355,14.138817,14.082504,13.838051,14.494698,13.969765,13.214584,13.743858,13.460693,14.101280,14.270103,13.555183,14.251350,14.026146,14.438606,14.905037,14.867805,15.090919,15.738518,15.276436,16.106438,15.941071,16.143143,15.922668,16.454536,16.710136,16.746590,16.363075,16.545914,16.983162,16.964989,16.837654,16.801247,16.928627,16.764816,17.110275,17.255310,17.110275,17.200951,16.910439,17.327736,17.019493,17.327736,16.746590,17.219078,17.219078,17.219078,17.037659,17.436272,17.670921,17.562698,17.382019,17.688942,17.779015,17.994759,17.580750,18.084496,17.868965,17.273430,17.779015,17.886955,18.048607,18.066551,18.120361,18.299454,17.976807,18.066551,18.299454,18.424599,18.460312,18.424599,18.567383,18.388855,18.781090,18.781090,18.174133,19.171471,19.171471,18.798882,19.118340,19.100624,18.674309,18.905502,19.524719,18.905502,19.153755,19.471832,19.348289,19.189156,18.994255,19.100624,18.603035,19.047462,18.798882,18.781090,19.295280,18.798882,18.923264,19.011993,18.834435,19.136055,19.100624,19.259926,19.259926,18.834435,19.153755,18.549545,18.905502,18.852211,18.531708,19.047462,18.585213,18.834435,18.709923,19.153755,18.656494,18.852211,18.496017,18.781090,18.958771,18.923264,18.478165,18.798882,18.245766,18.388855,18.869980,18.496017,18.603035,18.102425,18.209953,18.656494,18.281563,17.976807,18.012718,17.833000,18.353111,18.460312,18.585213,18.335236,18.692123,18.353111,18.585213,18.227867,18.513863,18.709923,18.227867,18.852211,18.299454,18.869980,18.317345,18.406731,18.066551,18.388855,18.424599,18.370995,17.994759,18.299454,18.531708,18.317345,18.388855,17.886955,18.156204,18.120361,18.102425,18.531708,18.066551,17.815002,17.994759,18.585213,18.102425,17.868965,17.886955,17.958839,17.904930,18.120361,17.850990,17.797005,18.066551,17.761002,17.742996,17.345833,17.164696,16.637184,16.655434,16.069710,15.756950,15.683197,15.220818,15.443062,15.016617,14.942238,14.588127,14.494698,14.138817,14.606796,14.438606,14.625465,14.513397,14.588127,14.774681,14.718750,14.363747,14.718750,14.044937,14.774681,14.457298,14.811943,14.569450,14.345024,14.550774,14.588127,14.251350,14.662788,14.401184,14.811943,14.476006,14.476006,14.082504,14.419891,14.232613,14.569450,14.026146,14.401184,14.157593,14.326302,13.725006,14.494698,14.195114,13.875710,14.606796,14.457298,14.476006,14.382469,14.063721,14.401184,14.625465,14.401184,14.681450,14.195114,14.270103,14.811943,14.737404,14.419891,14.513397,14.811943,14.044937,14.681450,14.326302,14.513397,14.307571,14.532082,14.625465,14.867805,14.382469,14.494698,14.307571,14.120049,14.101280,14.588127,14.157593,13.856880,14.345024,13.592949,13.762703,13.517403,13.460693,13.630692,13.403954,13.498497,13.176659,13.195625,13.479599,13.385033,13.630692,13.441788,13.479599,13.819221,13.762703,14.138817,13.743858,14.120049,14.138817,14.307571,14.345024,14.401184,14.662788,14.363747,14.550774,14.905037,14.251350,14.606796,14.476006,14.662788,14.513397,14.326302,14.700096,14.288834,14.176346,14.550774,14.101280,14.419891,14.157593,13.762703,14.251350,14.363747,14.569450,14.120049,14.251350,13.932144,14.007355,14.382469,13.932144,14.232613,14.288834,13.725006,14.138817,14.270103,13.969765,14.700096,14.419891,14.101280,14.026146,14.213860,13.838051,13.611824,14.270103,14.401184,13.894524,14.363747,13.875710,13.969765,14.063721,14.101280,13.875710,13.630692,14.026146,14.401184,13.536285,13.630692,13.460693,13.950951,14.026146,13.630692,14.007355,13.781540,13.555183,13.592949,13.762703,13.328255,14.044937,13.725006,14.120049,13.838051,13.819221,14.195114,14.998024,14.793312,14.793312,15.313492,15.276436,15.867470,15.849052,15.683197,15.683197,15.941071,15.867470,16.216530,15.590912,16.179840,15.941071,16.582436,16.179840,16.088081,16.143143,15.701637,16.216530,16.032974,16.308144,16.472824,16.308144,15.996223,16.728371,16.746590,16.472824,16.618950,16.783035,16.837654,16.746590,16.837654,17.382019,17.508537,17.128418,17.273430,17.688942,16.964989,17.580750,17.724983,17.508537,17.273430,17.616829,16.928627,17.779015,17.309639,17.363930,17.363930,17.073982,17.868965,17.598785,17.508537,17.706970,17.688942,17.904930,17.526596,17.688942,17.598785,17.779015,17.922905,17.255310,17.922905,17.182823,17.634865,17.634865,17.544655,17.490471,17.472412,17.400101,16.801247,17.128418,16.928627,17.219078,17.092117,17.001335,17.200951,16.819458,16.964989,16.491104,16.179840,15.775375,16.051353,15.775375,15.517014,15.239365,15.294960,15.035194,14.811943,14.644127,14.082504,14.007355,14.550774,14.120049,14.998024,14.960838,14.457298,14.811943,14.307571,14.625465,14.830566,14.979439,14.606796,15.053780,14.176346,14.662788,14.213860,13.875710,14.382469,14.307571,14.288834,14.681450,14.513397,14.382469,14.007355,13.800392,14.007355,14.101280,14.232613,14.532082,14.007355,14.457298,14.157593,14.513397,14.382469,14.363747,14.007355,13.781540,14.120049,14.195114,14.251350,13.819221,13.781540,13.649567,13.649567,13.195625,
12.510529,12.242760,12.853714,13.157700,13.592949,12.815643,12.739456,13.214584,13.233543,13.233543,13.574066,13.005829,13.517403,13.422867,13.024826,13.611824,13.347183,13.347183,13.328255,13.290382,13.271439,13.005829,13.138725,13.422867,13.441788,12.872734,13.347183,13.460693,13.762703,12.891754,13.290382,13.611824,13.630692,13.403954,13.252487,13.441788,13.119759,13.460693,13.157700,13.706154,13.800392,13.347183,13.062805,12.986824,13.347183,12.986824,13.422867,13.894524,13.536285,13.347183,13.687294,13.649567,13.460693,13.838051,13.328255,13.252487,12.891754,14.026146,13.252487,13.271439,13.479599,13.762703,13.762703,13.479599,13.574066,13.781540,12.986824,13.460693,13.592949,12.891754,12.853714,12.796600,13.062805,12.644142,13.138725,12.682281,12.834679,12.853714,12.967819,12.625069,12.910774,13.024826,12.948814,12.815643,13.422867,12.853714,13.668427,13.119759,13.062805,13.800392,13.800392,13.668427,13.498497,13.592949,14.026146,13.574066,13.875710,13.592949,14.176346,13.743858,13.743858,13.800392,13.611824,13.950951,13.913338,14.138817,13.309326,13.403954,13.592949,13.781540,13.743858,13.479599,14.007355,13.517403,13.894524,13.555183,13.649567,13.309326,13.838051,13.725006,13.800392,13.932144,13.649567,13.725006,13.479599,13.536285,14.026146,14.157593,13.856880,13.422867,13.894524,13.950951,14.044937,13.517403,14.120049,13.913338,14.326302,13.725006,13.781540,13.819221,13.950951,13.762703,13.856880,14.082504,14.138817,13.856880,13.838051,14.550774,13.932144,14.195114,14.232613,14.288834,13.536285,13.706154,13.838051,13.649567,13.969765,13.706154,13.668427,13.988556,13.838051,14.120049,14.830566,14.401184,14.588127,14.960838,15.053780,15.332008,15.646294,16.161499,15.977844,16.106438,16.928627,16.746590,16.363075,16.344765,16.491104,16.564171,16.564171,16.710136,17.001335,17.092117,17.146553,17.219078,17.019493,16.728371,17.200951,16.964989,16.928627,16.801247,17.128418,17.200951,17.200951,17.472412,17.508537,17.418190,17.580750,17.291534,17.779015,17.255310,17.562698,17.472412,17.237198,17.436272,17.904930,17.724983,17.833000,17.580750,18.030663,17.706970,18.174133,17.994759,18.156204,18.317345,18.335236,18.692123,18.012718,18.335236,18.388855,18.513863,18.692123,18.869980,18.424599,19.011993,18.603035,19.153755,18.958771,18.958771,19.454201,19.118340,19.029732,19.065178,19.011993,19.065178,18.994255,19.507095,19.559967,19.047462,19.047462,19.348289,18.763306,19.295280,18.976524,19.401253,18.905502,19.047462,18.994255,18.834435,18.869980,18.852211,19.224541,18.531708,18.852211,19.259926,19.171471,18.905502,18.976524,18.335236,18.781090,18.727722,18.958771,18.834435,18.335236,18.852211,18.567383,19.047462,18.887749,18.816666,19.295280,18.674309,18.460312,18.513863,18.299454,18.478165,18.816666,18.692123,18.727722,18.084496,18.156204,18.585213,18.192039,18.460312,18.424599,18.192039,18.406731,18.727722,18.263664,18.442459,18.227867,18.370995,18.388855,18.156204,18.245766,18.567383,18.370995,18.263664,18.227867,18.227867,18.353111,18.567383,18.513863,17.815002,18.192039,18.120361,18.406731,18.209953,18.012718,18.120361,18.496017,18.192039,18.603035,18.156204,18.317345,18.209953,18.370995,17.761002,18.496017,17.994759,18.102425,17.940880,18.138290,17.904930,18.048607,17.886955,18.120361,17.994759,17.092117,17.327736,17.454338,17.073982,17.073982,16.509377,16.216530,15.941071,15.517014,15.775375,15.406059,14.681450,14.811943,14.774681,14.251350,14.138817,14.811943,14.382469,14.401184,14.345024,14.345024,14.513397,14.494698,14.550774,14.606796,14.905037,14.644127,14.419891,14.550774,14.363747,14.457298,14.138817,14.288834,14.681450,14.700096,14.270103,14.532082,14.811943,13.932144,14.251350,14.625465,14.270103,13.913338,14.288834,14.382469,13.969765,14.438606,14.382469,14.886414,14.063721,14.419891,14.419891,14.718750,13.988556,14.138817,14.232613,13.913338,14.588127,14.476006,14.251350,14.157593,14.494698,14.476006,14.176346,14.401184,14.438606,14.438606,14.513397,14.438606,14.307571,14.513397,14.251350,14.438606,14.176346,14.513397,14.662788,14.718750,14.513397,14.213860,14.007355,14.138817,14.213860,14.063721,13.725006,13.687294,13.668427,13.856880,13.536285,13.555183,13.422867,13.024826,13.024826,13.498497,13.176659,13.328255,13.555183,14.063721,13.555183,13.649567,13.913338,13.819221,13.781540,13.913338,14.007355,14.288834,15.035194,14.923637,14.326302,14.774681,14.569450,14.532082,14.438606,14.195114,14.307571,14.363747,14.718750,14.382469,13.950951,14.288834,14.157593,14.007355,14.157593,14.120049,14.195114,14.288834,13.988556,14.213860,14.082504,14.326302,14.082504,13.668427,13.725006,14.195114,13.875710,13.932144,14.082504,13.913338,14.026146,13.932144,13.913338,14.007355,14.363747,13.988556,14.326302,14.026146,14.232613,14.213860,14.063721,14.307571,13.932144,13.743858,14.270103,14.195114,14.644127,13.706154,14.138817,13.781540,13.781540,14.213860,13.649567,14.195114,13.969765,14.120049,14.157593,13.536285,13.856880,13.875710,13.498497,13.687294,13.838051,13.894524,13.969765,13.630692,14.007355,13.950951,14.044937,14.811943,14.811943,15.257896,15.109489,15.257896,15.369041,15.443062,15.701637,16.289825,15.830643,15.849052,15.977844,16.271500,16.124794,15.977844,15.922668,15.904274,16.363075,16.472824,16.051353,15.701637,16.088081,16.344765,16.381371,16.289825,16.271500,16.216530,16.746590,16.545914,16.837654,17.110275,16.417961,16.855865,16.436256,16.910439,16.946808,17.200951,17.327736,17.472412,17.001335,17.508537,17.797005,17.400101,16.892258,17.688942,17.418190,17.724983,18.012718,17.562698,17.544655,18.174133,17.580750,17.526596,17.833000,18.102425,17.976807,17.742996,17.779015,18.030663,17.382019,17.544655,17.742996,17.724983,18.012718,17.724983,17.436272,17.363930,17.454338,17.724983,17.616829,17.237198,17.219078,17.092117,17.019493,17.634865,16.946808,16.983162,17.670921,16.837654,16.728371,16.618950,16.454536,16.417961,15.941071,16.124794,15.977844,15.090919,15.294960,15.294960,14.756035,14.513397,14.700096,14.494698,14.811943,14.513397,14.681450,14.345024,15.146614,14.213860,15.109489,14.923637,14.476006,14.700096,14.793312,14.213860,14.532082,14.569450,14.419891,14.251350,14.756035,14.625465,13.668427,14.588127,14.138817,14.774681,13.894524,14.532082,14.307571,13.687294,14.138817,14.363747,14.476006,14.213860,14.270103,14.195114,13.856880,13.555183,14.307571,13.894524,14.157593,14.588127,13.819221,13.875710,13.517403,14.307571,13.706154,13.309326,12.739456,
12.357613,12.891754,12.701340,12.644142,12.815643,12.395866,12.910774,13.347183,13.479599,13.062805,13.024826,12.682281,13.347183,12.910774,13.328255,13.441788,13.138725,13.309326,13.403954,13.138725,13.592949,12.777557,13.479599,13.252487,13.555183,12.796600,13.441788,13.725006,13.347183,13.385033,13.157700,13.100769,13.441788,13.687294,13.081795,13.706154,13.385033,13.932144,13.422867,13.309326,13.347183,13.441788,13.460693,13.290382,13.422867,13.460693,13.005829,13.119759,13.233543,13.252487,13.252487,13.328255,13.649567,13.233543,13.252487,13.838051,13.517403,13.574066,13.819221,13.403954,14.026146,13.819221,14.007355,13.743858,13.498497,13.536285,13.932144,13.441788,13.441788,12.948814,13.555183,13.043808,13.157700,12.548721,13.024826,12.758507,12.682281,12.872734,12.682281,13.328255,13.081795,12.929794,12.796600,13.271439,13.385033,13.517403,13.366112,13.819221,12.967819,13.743858,13.630692,13.725006,13.517403,13.725006,13.498497,13.649567,13.630692,13.385033,13.668427,13.592949,13.611824,13.781540,13.498497,13.309326,13.290382,14.138817,13.460693,13.725006,13.309326,13.366112,13.611824,13.819221,13.838051,13.706154,13.875710,13.781540,13.517403,13.838051,13.762703,13.403954,13.668427,13.800392,13.725006,13.838051,13.668427,13.630692,13.592949,13.819221,13.479599,13.950951,13.592949,14.007355,13.725006,14.157593,14.063721,14.007355,14.138817,13.611824,14.082504,13.800392,13.743858,14.044937,14.157593,14.063721,14.307571,13.630692,14.438606,14.195114,14.007355,14.307571,14.176346,13.592949,13.856880,13.687294,13.536285,13.611824,13.328255,13.630692,13.743858,13.233543,14.270103,14.532082,13.856880,14.737404,14.513397,14.793312,15.313492,15.276436,16.051353,16.124794,16.088081,16.014603,16.234848,16.618950,16.509377,16.801247,16.161499,17.382019,16.710136,16.801247,16.946808,16.819458,17.019493,17.164696,17.273430,17.436272,17.019493,16.910439,17.073982,16.855865,17.526596,17.110275,17.073982,17.273430,17.327736,17.508537,17.164696,17.146553,17.833000,17.436272,17.436272,17.345833,17.652901,18.030663,17.797005,17.598785,17.598785,18.406731,17.598785,17.976807,17.868965,18.281563,17.958839,18.102425,18.245766,18.227867,18.335236,18.674309,18.709923,18.745514,18.442459,18.460312,18.869980,18.958771,18.905502,19.206863,19.118340,18.923264,19.224541,19.171471,19.401253,19.136055,19.365944,19.047462,19.047462,18.994255,19.418907,19.171471,19.047462,19.295280,19.189156,19.206863,18.727722,19.011993,19.259926,18.709923,19.029732,18.549545,18.816666,18.958771,18.816666,18.852211,19.189156,19.136055,18.994255,18.941017,18.834435,18.905502,18.585213,18.923264,18.994255,18.442459,18.174133,18.585213,19.153755,18.852211,18.638680,18.727722,18.567383,18.869980,18.727722,18.299454,18.763306,18.763306,18.923264,18.317345,18.727722,18.192039,18.513863,18.227867,18.460312,18.138290,18.317345,18.388855,18.781090,18.603035,18.674309,18.745514,18.227867,18.478165,18.549545,18.245766,18.460312,18.442459,18.281563,18.299454,18.370995,18.245766,18.388855,18.281563,18.460312,18.496017,18.460312,18.281563,18.513863,18.335236,18.209953,18.442459,18.192039,17.868965,18.084496,18.102425,18.353111,17.904930,18.263664,18.227867,18.460312,18.335236,17.886955,18.030663,18.048607,17.616829,18.066551,17.904930,18.102425,18.174133,18.299454,17.598785,17.490471,17.291534,16.819458,17.219078,16.326462,15.996223,15.369041,15.424561,15.035194,14.681450,14.793312,14.830566,14.213860,14.176346,14.401184,14.251350,14.700096,14.363747,14.625465,14.476006,14.811943,14.606796,14.419891,14.513397,14.606796,14.401184,14.382469,14.681450,14.756035,14.494698,14.326302,14.176346,14.662788,14.232613,14.513397,14.363747,14.494698,14.363747,13.950951,14.494698,14.550774,14.044937,14.157593,14.288834,14.457298,14.345024,14.326302,14.195114,14.662788,13.838051,14.307571,13.875710,14.176346,14.101280,14.251350,14.270103,14.044937,14.326302,14.345024,14.232613,14.345024,14.718750,14.251350,14.345024,14.157593,14.849190,14.157593,14.120049,14.363747,14.737404,14.588127,14.438606,14.532082,14.270103,14.176346,14.195114,14.494698,13.969765,13.762703,14.044937,13.969765,14.138817,13.441788,13.611824,14.044937,13.403954,13.498497,13.309326,13.441788,13.176659,13.081795,13.574066,12.834679,13.592949,13.422867,13.800392,13.743858,13.498497,14.288834,14.138817,13.555183,13.819221,14.063721,14.438606,14.550774,14.120049,14.251350,14.176346,14.700096,14.700096,14.625465,13.950951,13.988556,13.969765,14.363747,14.438606,14.176346,14.063721,14.345024,14.082504,14.382469,14.082504,14.101280,13.838051,14.494698,13.932144,14.138817,13.932144,14.382469,14.232613,14.251350,13.988556,13.913338,14.232613,14.288834,14.457298,14.438606,13.762703,14.232613,13.252487,14.345024,14.044937,14.569450,14.101280,14.195114,13.706154,14.606796,14.326302,13.875710,13.950951,14.007355,13.969765,14.157593,14.007355,14.326302,13.781540,14.026146,13.706154,13.856880,14.026146,14.345024,14.195114,13.630692,13.969765,13.649567,13.309326,13.611824,13.460693,13.725006,13.385033,14.007355,13.403954,14.419891,14.213860,14.157593,14.625465,14.923637,15.313492,15.498535,15.664742,16.308144,15.849052,15.959457,15.627831,16.032974,15.553970,16.326462,16.198189,16.399666,16.106438,16.399666,16.491104,16.308144,16.051353,15.812218,16.216530,16.216530,16.014603,16.032974,16.253181,16.545914,16.216530,16.289825,16.819458,16.928627,16.728371,16.344765,16.764816,17.219078,16.783035,16.837654,17.164696,16.783035,17.327736,17.436272,17.309639,17.255310,17.309639,16.655434,17.850990,17.688942,17.182823,17.706970,17.345833,17.616829,17.128418,17.273430,17.706970,17.670921,17.128418,17.904930,17.634865,17.779015,17.544655,17.182823,17.273430,17.454338,17.110275,17.508537,17.255310,17.598785,17.815002,17.128418,17.273430,17.797005,17.291534,17.418190,17.327736,17.382019,16.946808,17.237198,17.200951,17.110275,16.710136,16.509377,16.928627,16.381371,16.326462,15.959457,15.498535,15.443062,15.090919,15.257896,14.886414,14.737404,14.082504,14.063721,14.195114,14.419891,15.035194,14.830566,15.016617,14.700096,14.606796,15.072350,14.662788,14.886414,14.307571,14.401184,14.457298,14.307571,14.700096,14.532082,14.830566,14.195114,14.494698,14.307571,14.419891,14.326302,14.251350,14.063721,13.913338,14.326302,14.345024,13.950951,14.101280,13.856880,14.307571,14.157593,14.176346,14.251350,14.007355,13.969765,13.950951,14.082504,13.743858,14.176346,13.668427,13.176659,13.252487,13.706154,12.986824,
12.012634,12.796600,12.758507,12.529640,13.214584,12.548721,13.233543,13.214584,13.252487,13.024826,13.081795,12.929794,13.005829,13.328255,13.119759,12.948814,13.706154,13.422867,13.195625,13.005829,13.592949,13.100769,13.574066,13.195625,13.366112,13.119759,13.119759,13.743858,13.441788,12.967819,13.309326,13.043808,13.649567,13.081795,13.252487,13.706154,13.195625,13.176659,13.498497,13.062805,13.479599,13.100769,12.948814,13.687294,13.233543,13.403954,13.233543,13.479599,13.233543,13.800392,14.120049,13.668427,13.498497,13.536285,13.781540,13.460693,13.441788,13.932144,13.271439,13.856880,13.081795,13.743858,13.800392,13.574066,13.536285,13.875710,13.574066,13.555183,13.347183,13.743858,12.910774,13.214584,13.176659,12.929794,13.347183,13.062805,13.024826,12.682281,12.758507,12.625069,12.510529,12.834679,13.138725,13.062805,13.290382,13.385033,13.403954,12.929794,13.138725,13.328255,13.347183,13.441788,13.252487,13.762703,13.555183,13.441788,13.875710,13.969765,13.819221,13.592949,14.007355,13.403954,13.592949,13.838051,13.668427,13.214584,13.555183,13.441788,13.913338,13.743858,13.592949,13.555183,13.875710,13.649567,13.819221,13.856880,13.592949,13.856880,13.913338,13.725006,14.026146,13.592949,13.725006,13.592949,14.026146,13.781540,13.950951,13.932144,13.309326,13.536285,13.762703,14.213860,14.138817,14.195114,13.668427,13.932144,13.856880,14.157593,13.932144,13.913338,13.781540,13.969765,13.932144,13.800392,13.950951,13.743858,13.988556,13.969765,14.007355,13.856880,14.288834,13.555183,13.441788,13.479599,14.101280,13.649567,13.479599,13.950951,13.214584,13.668427,13.875710,14.101280,14.700096,14.438606,14.811943,14.811943,14.998024,15.535500,15.461563,15.959457,16.051353,16.564171,16.326462,16.417961,16.855865,16.545914,16.874062,16.491104,17.055817,17.055817,16.764816,17.164696,17.110275,17.255310,16.892258,16.728371,17.309639,17.073982,17.273430,17.400101,16.946808,17.490471,17.418190,17.490471,17.309639,17.418190,17.164696,17.345833,17.418190,17.363930,17.598785,17.580750,17.634865,17.833000,17.904930,17.904930,18.030663,17.904930,17.904930,17.886955,18.245766,18.102425,18.030663,18.460312,18.156204,18.335236,18.478165,18.620857,18.656494,18.281563,18.923264,18.923264,18.727722,18.638680,19.011993,18.798882,19.330627,18.798882,19.206863,19.295280,18.923264,19.330627,18.941017,19.436554,19.365944,19.118340,19.029732,19.118340,19.206863,18.852211,19.047462,19.189156,19.206863,19.029732,19.206863,18.442459,18.976524,19.029732,18.585213,19.065178,18.923264,18.958771,19.047462,18.923264,18.763306,18.816666,19.100624,19.011993,18.941017,18.620857,18.816666,18.781090,18.976524,18.869980,18.531708,18.869980,19.100624,18.781090,18.709923,18.869980,18.531708,18.388855,18.496017,18.531708,18.745514,18.478165,18.727722,18.209953,17.940880,18.317345,18.227867,18.245766,18.263664,18.138290,18.388855,18.513863,18.603035,18.335236,18.478165,18.281563,18.567383,18.048607,18.798882,18.424599,18.227867,18.531708,18.424599,18.245766,18.496017,18.263664,18.388855,18.763306,18.102425,18.370995,18.156204,18.317345,18.281563,18.030663,18.227867,18.084496,18.299454,18.424599,18.156204,18.245766,18.299454,18.174133,18.531708,18.209953,18.299454,18.442459,17.940880,18.209953,18.335236,17.958839,18.370995,17.815002,17.670921,17.779015,17.598785,16.983162,17.037659,16.198189,16.600693,16.014603,16.234848,15.443062,15.146614,15.072350,15.053780,14.606796,14.307571,14.419891,14.476006,14.213860,14.213860,14.606796,14.774681,14.923637,14.644127,14.867805,14.700096,14.513397,14.756035,14.737404,14.756035,14.382469,14.270103,14.811943,14.756035,14.401184,14.532082,14.307571,14.195114,14.401184,14.138817,14.438606,14.569450,14.532082,14.401184,14.700096,14.326302,13.950951,14.644127,14.793312,14.157593,14.401184,14.401184,14.363747,14.513397,14.494698,14.494698,14.401184,14.288834,14.063721,14.476006,14.849190,14.026146,14.401184,14.270103,14.382469,14.438606,14.438606,14.401184,14.363747,14.438606,14.288834,14.326302,14.270103,14.700096,14.737404,14.606796,14.307571,14.625465,14.550774,14.157593,14.232613,14.550774,13.950951,13.894524,14.345024,14.007355,13.950951,13.819221,13.555183,13.403954,13.081795,13.762703,13.366112,13.706154,13.176659,13.233543,13.479599,13.611824,13.176659,13.781540,14.026146,13.706154,14.026146,13.743858,14.288834,13.932144,14.120049,14.195114,14.363747,14.195114,14.345024,14.157593,14.513397,14.718750,14.662788,14.307571,13.932144,13.950951,13.950951,14.363747,14.176346,13.988556,13.875710,14.419891,14.120049,14.063721,14.063721,13.743858,14.270103,13.838051,14.138817,14.270103,14.101280,14.382469,14.026146,14.251350,14.345024,14.213860,14.251350,14.213860,14.157593,14.120049,13.800392,14.588127,14.026146,13.913338,14.044937,14.063721,14.532082,14.251350,13.894524,14.195114,13.781540,14.082504,14.082504,13.762703,13.969765,13.611824,13.932144,14.007355,14.026146,13.894524,14.026146,14.063721,13.517403,13.950951,13.366112,14.063721,13.214584,13.422867,13.024826,13.969765,13.856880,13.856880,14.176346,13.913338,14.213860,14.232613,14.457298,14.700096,15.128059,15.406059,15.294960,15.590912,16.088081,15.406059,15.627831,16.216530,16.308144,16.509377,15.590912,16.051353,16.088081,16.069710,16.289825,16.582436,16.198189,15.885872,16.088081,16.344765,16.234848,16.691910,16.892258,16.582436,16.728371,16.582436,16.344765,16.855865,16.819458,17.073982,16.964989,16.964989,17.544655,17.237198,17.019493,17.490471,17.182823,17.200951,17.128418,17.544655,17.472412,17.598785,17.761002,17.562698,17.742996,17.363930,17.400101,17.562698,17.508537,17.761002,17.850990,17.219078,17.904930,17.526596,17.797005,17.833000,17.815002,17.634865,17.670921,18.174133,17.742996,17.616829,17.580750,17.598785,17.634865,17.273430,17.146553,17.580750,17.200951,17.164696,17.291534,17.724983,17.418190,17.382019,17.670921,16.673668,16.509377,16.673668,16.381371,16.855865,16.253181,16.344765,15.443062,15.590912,15.738518,15.072350,15.072350,15.369041,14.588127,14.681450,14.905037,14.644127,15.202286,14.998024,14.756035,14.569450,14.363747,14.737404,14.569450,14.737404,14.718750,14.942238,14.438606,14.494698,14.007355,14.044937,14.082504,14.849190,14.662788,14.363747,13.781540,14.476006,14.232613,14.326302,14.681450,14.232613,14.345024,14.213860,14.063721,14.363747,14.232613,14.307571,14.176346,14.213860,13.743858,13.932144,13.460693,14.195114,13.856880,13.498497,14.138817,13.894524,13.800392,13.043808,13.460693,
12.223610,12.376740,13.157700,12.929794,13.574066,13.630692,13.271439,12.986824,13.214584,13.498497,13.233543,12.777557,13.555183,13.555183,13.725006,12.948814,12.929794,13.081795,13.024826,12.796600,13.214584,13.403954,13.233543,12.986824,13.176659,12.682281,13.687294,13.043808,12.929794,13.913338,13.233543,12.891754,13.214584,13.517403,13.385033,12.720398,13.271439,13.403954,13.233543,13.517403,13.555183,13.422867,12.872734,13.422867,13.366112,13.309326,13.195625,12.472336,13.479599,13.290382,13.157700,13.441788,13.403954,13.932144,13.422867,13.574066,13.100769,13.574066,13.743858,13.932144,13.498497,13.366112,13.649567,14.007355,13.328255,13.403954,13.100769,13.630692,13.555183,13.138725,13.460693,13.328255,12.758507,13.176659,12.777557,12.872734,12.853714,12.663208,12.910774,12.967819,12.567825,12.910774,13.100769,12.853714,13.024826,12.834679,13.271439,13.385033,13.385033,13.894524,13.950951,13.800392,13.403954,13.422867,14.120049,13.762703,13.856880,13.762703,13.611824,13.252487,14.026146,13.875710,13.875710,13.460693,14.007355,13.950951,13.988556,13.743858,13.441788,13.894524,13.819221,13.706154,13.422867,13.119759,13.592949,13.347183,13.403954,13.157700,13.725006,13.725006,13.687294,13.894524,13.725006,13.950951,13.743858,13.838051,13.875710,13.725006,13.725006,13.706154,14.007355,14.120049,14.345024,13.819221,13.894524,13.969765,13.932144,13.517403,13.781540,13.668427,13.762703,14.157593,13.592949,13.838051,14.026146,13.800392,13.988556,13.856880,14.157593,13.536285,13.668427,13.875710,13.932144,14.101280,13.894524,13.856880,13.950951,13.611824,13.781540,13.894524,13.932144,14.195114,14.138817,14.195114,14.513397,14.774681,15.183723,15.294960,15.609375,15.959457,15.977844,16.234848,16.381371,16.600693,16.710136,16.253181,16.928627,16.472824,16.819458,17.073982,17.363930,16.855865,17.436272,17.255310,16.983162,17.363930,17.363930,16.946808,17.363930,17.055817,17.922905,17.652901,17.670921,17.562698,17.019493,17.850990,17.724983,17.652901,17.634865,17.779015,17.616829,17.472412,18.030663,17.815002,17.868965,17.670921,17.958839,17.850990,18.102425,17.544655,18.317345,18.227867,18.120361,18.406731,18.460312,18.513863,19.065178,18.887749,18.478165,18.638680,18.976524,18.656494,18.958771,18.781090,19.295280,18.798882,19.189156,18.976524,19.348289,18.976524,19.612793,19.418907,19.277603,19.312950,19.171471,19.029732,19.436554,19.189156,19.189156,19.065178,19.153755,19.206863,18.941017,18.834435,19.259926,19.082909,18.994255,18.674309,18.994255,18.745514,18.745514,18.692123,18.816666,19.082909,19.242241,18.798882,18.976524,18.478165,19.277603,18.674309,18.941017,18.567383,18.496017,18.834435,18.620857,18.958771,18.816666,18.869980,19.100624,18.869980,18.763306,19.029732,18.496017,18.424599,18.692123,18.567383,18.460312,19.206863,18.353111,18.567383,18.353111,18.263664,18.585213,18.781090,18.084496,18.245766,18.317345,18.424599,18.603035,18.513863,18.603035,18.084496,18.781090,18.905502,18.478165,18.335236,18.531708,18.478165,18.674309,18.567383,18.478165,18.120361,18.281563,18.692123,18.048607,18.263664,18.406731,18.317345,18.174133,18.245766,18.370995,18.281563,18.066551,18.335236,18.638680,18.424599,18.012718,18.442459,18.406731,17.779015,18.227867,18.012718,17.886955,18.156204,17.886955,17.922905,17.886955,17.345833,17.724983,16.892258,17.055817,16.344765,16.014603,15.977844,15.590912,15.553970,15.257896,14.756035,14.867805,14.588127,14.438606,14.606796,14.138817,14.457298,14.532082,14.681450,14.979439,14.120049,14.532082,14.494698,15.035194,14.569450,14.513397,14.550774,14.700096,14.793312,14.438606,15.016617,14.082504,14.363747,14.718750,14.700096,14.756035,14.251350,14.457298,14.063721,14.195114,14.718750,14.419891,14.307571,14.382469,14.157593,14.288834,14.550774,14.419891,13.950951,14.026146,14.476006,14.588127,14.401184,14.101280,14.270103,14.307571,14.382469,14.176346,14.138817,14.195114,14.569450,13.875710,14.307571,14.681450,14.606796,14.326302,14.157593,14.532082,14.438606,14.401184,15.109489,14.718750,14.494698,14.438606,14.063721,14.438606,14.569450,14.176346,14.120049,14.363747,13.706154,14.157593,13.687294,13.762703,13.687294,13.913338,13.536285,13.894524,13.630692,13.043808,13.630692,13.649567,13.252487,13.271439,13.762703,13.498497,13.762703,13.536285,14.007355,13.950951,14.120049,14.007355,14.232613,14.232613,14.625465,14.307571,14.476006,14.588127,14.251350,14.382469,14.326302,14.700096,14.606796,14.476006,14.232613,14.101280,14.063721,14.476006,14.401184,13.988556,14.026146,14.345024,14.419891,14.363747,14.176346,14.213860,14.476006,14.270103,14.044937,13.819221,14.307571,14.176346,14.438606,14.644127,14.307571,14.494698,14.063721,14.326302,13.838051,14.195114,14.044937,14.232613,13.781540,14.138817,14.120049,14.382469,14.401184,13.838051,13.856880,14.438606,13.913338,13.913338,13.441788,14.044937,14.138817,14.138817,14.251350,13.781540,14.007355,13.441788,13.630692,14.101280,13.800392,13.498497,13.725006,13.950951,13.592949,13.441788,13.725006,13.687294,13.800392,13.725006,14.101280,14.307571,13.875710,14.082504,14.662788,15.035194,15.553970,15.202286,15.480049,15.738518,16.014603,16.032974,15.683197,16.014603,15.941071,16.032974,15.977844,15.738518,15.959457,16.308144,16.344765,16.381371,16.234848,16.509377,16.289825,16.308144,16.124794,16.710136,16.381371,16.910439,16.326462,16.764816,16.381371,16.454536,16.637184,16.655434,17.037659,17.237198,16.691910,17.273430,17.110275,17.037659,17.454338,17.382019,17.454338,17.273430,17.761002,17.670921,17.092117,17.544655,17.472412,17.868965,17.922905,17.508537,17.291534,17.833000,17.634865,18.102425,17.472412,17.598785,16.983162,17.868965,17.345833,17.706970,17.670921,17.761002,17.472412,17.472412,17.037659,17.345833,17.472412,17.490471,16.746590,17.454338,17.037659,17.291534,17.237198,16.764816,17.309639,17.363930,16.855865,16.728371,16.855865,16.673668,16.509377,16.344765,16.582436,16.600693,15.849052,15.922668,15.276436,15.664742,14.849190,14.774681,14.232613,14.382469,14.550774,14.588127,14.681450,14.532082,14.700096,14.923637,14.681450,14.774681,14.326302,14.251350,14.363747,14.457298,14.849190,14.513397,14.288834,14.307571,13.950951,14.532082,14.644127,14.251350,14.026146,14.082504,14.138817,14.326302,14.026146,14.662788,14.401184,14.101280,14.662788,14.513397,13.856880,13.668427,13.856880,14.326302,13.668427,14.232613,13.950951,13.969765,13.875710,13.932144,13.706154,14.082504,13.630692,13.536285,13.460693,
12.815643,12.872734,13.366112,12.891754,13.668427,13.176659,12.910774,13.517403,13.403954,13.119759,13.460693,13.100769,12.472336,12.796600,13.138725,12.834679,13.157700,13.630692,13.290382,13.119759,13.100769,13.422867,13.214584,13.687294,13.403954,13.271439,12.853714,12.853714,13.460693,13.479599,13.195625,13.347183,13.119759,13.328255,13.100769,13.725006,13.385033,13.630692,13.555183,13.403954,13.328255,13.005829,13.517403,13.176659,13.592949,13.366112,13.328255,13.555183,13.592949,13.385033,13.252487,13.290382,13.119759,13.062805,13.781540,13.649567,13.043808,12.948814,13.555183,13.252487,13.762703,13.838051,13.592949,13.366112,13.214584,13.347183,13.290382,13.271439,13.441788,13.252487,12.929794,13.252487,12.891754,13.290382,12.834679,13.119759,12.891754,12.986824,12.796600,13.062805,13.024826,13.100769,12.586906,13.214584,12.910774,13.119759,13.081795,13.347183,13.422867,13.157700,13.611824,13.479599,13.743858,13.649567,13.649567,13.536285,13.950951,13.856880,13.611824,13.969765,13.649567,14.007355,13.800392,13.950951,13.441788,13.800392,13.988556,14.120049,13.706154,13.856880,13.668427,13.706154,13.611824,13.819221,13.819221,13.536285,13.969765,14.063721,13.611824,13.271439,13.781540,13.913338,13.781540,13.649567,13.668427,13.762703,13.781540,13.875710,14.101280,13.800392,14.120049,13.309326,14.195114,14.007355,14.232613,13.687294,14.588127,14.007355,13.479599,13.913338,14.232613,14.251350,13.932144,13.781540,13.932144,14.157593,13.875710,14.213860,14.157593,13.950951,14.550774,13.706154,14.101280,13.800392,13.687294,13.932144,13.725006,13.743858,13.781540,13.894524,14.307571,14.270103,14.532082,14.288834,14.793312,15.165176,15.387550,15.220818,15.627831,15.424561,16.855865,16.179840,16.491104,16.618950,16.618950,16.801247,16.855865,16.691910,16.710136,16.874062,17.128418,16.855865,17.001335,17.092117,17.110275,17.418190,17.146553,17.255310,17.616829,17.327736,17.363930,17.472412,17.345833,17.436272,17.400101,17.110275,17.200951,17.526596,17.363930,17.670921,17.616829,17.797005,17.073982,17.454338,17.797005,17.724983,18.263664,17.976807,18.048607,18.138290,18.263664,17.940880,18.138290,18.227867,18.353111,18.781090,18.513863,18.549545,18.335236,18.496017,18.442459,18.567383,18.638680,18.816666,19.259926,18.994255,18.941017,18.976524,19.153755,19.153755,19.295280,19.100624,19.259926,19.047462,18.994255,19.171471,19.029732,19.365944,19.082909,19.082909,18.976524,19.224541,18.781090,19.100624,19.259926,19.065178,19.224541,19.118340,19.136055,19.029732,19.224541,19.065178,19.312950,19.082909,19.011993,18.692123,18.727722,18.941017,18.976524,18.958771,18.692123,19.047462,19.047462,18.816666,18.887749,19.029732,18.531708,18.692123,18.994255,18.138290,18.905502,18.603035,18.709923,18.513863,18.620857,18.674309,18.798882,18.424599,18.709923,18.656494,18.227867,18.174133,18.745514,18.549545,18.478165,18.603035,18.709923,18.406731,18.084496,18.656494,18.798882,18.905502,18.531708,18.406731,18.727722,18.192039,18.460312,18.763306,18.549545,18.424599,18.478165,18.496017,18.370995,18.370995,18.066551,18.192039,18.424599,18.745514,18.120361,18.549545,18.353111,18.692123,18.834435,17.976807,18.388855,18.460312,18.424599,18.335236,18.299454,18.353111,18.245766,18.442459,18.012718,18.209953,17.797005,17.976807,18.263664,17.219078,17.472412,16.783035,16.855865,16.728371,16.399666,15.664742,15.849052,15.276436,15.257896,14.606796,14.681450,14.138817,14.606796,14.457298,14.326302,14.513397,14.363747,14.756035,14.457298,14.363747,14.438606,14.774681,14.681450,14.438606,14.476006,14.288834,14.457298,14.756035,14.700096,14.476006,14.494698,14.588127,14.101280,14.363747,14.419891,14.251350,14.345024,14.569450,14.270103,14.644127,14.345024,14.569450,14.307571,14.569450,14.044937,14.588127,14.326302,14.513397,14.213860,14.232613,14.213860,14.438606,14.326302,13.969765,14.345024,14.044937,14.307571,14.288834,14.569450,14.457298,14.737404,14.213860,14.457298,14.176346,14.363747,14.026146,14.251350,14.569450,14.401184,14.270103,14.476006,14.662788,14.550774,14.345024,14.270103,14.288834,14.007355,14.213860,13.649567,13.969765,14.251350,13.611824,13.517403,14.026146,13.555183,13.630692,13.385033,13.498497,13.592949,13.062805,13.517403,13.214584,13.366112,13.574066,13.649567,13.252487,13.347183,13.687294,13.988556,14.026146,13.762703,13.894524,14.307571,14.345024,14.513397,14.157593,14.345024,14.476006,14.718750,14.700096,14.905037,13.932144,14.363747,14.120049,14.176346,14.063721,14.251350,14.251350,14.251350,14.063721,14.044937,13.838051,13.988556,14.270103,14.176346,13.800392,13.894524,14.457298,14.213860,14.363747,13.856880,14.026146,13.856880,14.232613,14.345024,13.838051,14.120049,14.345024,14.101280,14.774681,14.270103,14.063721,14.345024,13.894524,14.232613,14.063721,14.007355,14.138817,14.457298,14.082504,13.781540,14.176346,14.401184,13.725006,14.044937,13.950951,13.800392,13.800392,13.988556,13.875710,13.611824,13.743858,13.517403,13.743858,13.422867,14.157593,13.555183,13.574066,13.630692,13.856880,13.649567,14.063721,14.007355,14.063721,14.213860,14.700096,14.288834,15.146614,15.369041,15.387550,15.959457,15.977844,16.289825,15.683197,16.106438,16.289825,15.941071,16.014603,16.564171,15.812218,16.472824,15.867470,16.326462,16.106438,16.124794,16.344765,16.564171,16.691910,16.417961,16.728371,16.691910,16.728371,17.418190,16.801247,16.946808,16.983162,16.728371,16.746590,16.855865,16.673668,17.164696,17.291534,17.472412,17.436272,17.327736,17.128418,17.634865,17.219078,17.616829,17.400101,17.868965,17.418190,17.616829,17.309639,17.886955,17.616829,18.048607,17.833000,17.797005,17.904930,17.761002,17.472412,17.850990,17.327736,17.562698,17.779015,17.490471,17.128418,17.544655,17.670921,17.562698,17.400101,17.255310,17.400101,17.255310,17.128418,17.019493,17.400101,17.779015,17.345833,16.946808,16.928627,17.146553,16.819458,16.928627,16.472824,16.600693,16.216530,16.143143,15.830643,15.406059,15.165176,15.609375,15.202286,14.737404,14.662788,14.867805,14.345024,15.035194,14.438606,14.532082,14.288834,14.363747,14.345024,14.830566,14.419891,14.288834,14.232613,14.550774,14.550774,14.007355,14.176346,14.550774,14.774681,14.532082,14.625465,14.438606,14.419891,14.606796,14.101280,14.026146,14.662788,14.101280,14.382469,14.251350,14.718750,14.363747,13.838051,14.494698,13.762703,14.213860,14.419891,13.988556,14.345024,13.969765,13.950951,13.819221,13.366112,14.063721,14.101280,13.290382,12.548721,
12.453224,12.701340,12.758507,12.872734,13.517403,13.119759,12.910774,13.290382,12.815643,13.498497,13.347183,13.043808,13.195625,12.720398,13.819221,13.119759,13.649567,13.119759,13.781540,13.043808,13.138725,13.290382,13.100769,13.271439,13.441788,13.119759,13.422867,12.796600,13.024826,13.347183,13.176659,13.422867,13.100769,13.100769,13.498497,13.706154,13.762703,13.611824,13.309326,13.536285,13.176659,13.592949,13.214584,13.347183,13.081795,13.668427,13.366112,13.555183,13.460693,13.498497,13.743858,13.290382,13.366112,13.252487,13.441788,13.706154,13.403954,13.441788,13.309326,13.441788,13.894524,13.479599,13.366112,13.592949,13.157700,13.233543,13.781540,13.214584,13.062805,13.233543,13.195625,13.271439,12.758507,12.929794,13.347183,13.176659,13.309326,12.453224,12.796600,13.100769,13.176659,13.100769,13.366112,13.309326,13.441788,13.138725,13.630692,13.498497,13.555183,13.913338,13.328255,13.555183,13.574066,13.706154,14.326302,13.649567,14.026146,13.195625,13.781540,13.536285,13.875710,13.592949,13.819221,13.611824,13.950951,13.800392,13.913338,13.611824,13.913338,13.479599,13.932144,14.044937,13.932144,13.932144,13.762703,13.668427,13.649567,13.743858,13.781540,13.725006,13.894524,14.195114,13.687294,14.063721,13.555183,13.611824,13.592949,13.762703,13.875710,14.101280,13.800392,14.063721,13.592949,13.687294,13.988556,14.101280,14.026146,13.913338,13.913338,13.706154,14.138817,13.725006,13.800392,13.894524,14.082504,14.157593,13.950951,14.007355,14.157593,13.706154,13.592949,13.800392,13.894524,14.251350,13.611824,13.743858,13.725006,13.611824,13.687294,13.630692,14.213860,13.969765,14.176346,14.532082,14.830566,14.700096,15.313492,15.443062,15.793800,16.198189,16.417961,16.069710,16.655434,16.308144,16.728371,17.273430,16.564171,16.710136,17.092117,17.182823,16.983162,17.037659,16.783035,17.037659,17.128418,17.508537,17.273430,17.418190,17.562698,17.544655,17.345833,17.291534,17.309639,16.801247,17.562698,17.418190,17.868965,17.200951,17.761002,17.598785,17.797005,17.580750,17.922905,17.868965,17.706970,18.245766,17.904930,18.174133,17.815002,17.994759,18.138290,18.209953,18.674309,18.317345,18.567383,18.102425,19.011993,18.674309,18.834435,18.227867,18.745514,18.603035,18.852211,18.709923,18.852211,19.082909,18.994255,19.189156,18.994255,18.905502,19.330627,19.277603,19.348289,18.994255,19.436554,19.330627,19.383614,19.348289,19.189156,19.365944,18.941017,19.242241,19.153755,19.277603,19.047462,18.923264,18.905502,18.798882,19.082909,18.905502,18.496017,18.852211,19.224541,19.436554,19.242241,18.923264,18.781090,19.242241,19.401253,18.941017,18.424599,19.153755,18.887749,19.100624,19.029732,19.047462,18.763306,19.242241,18.692123,18.727722,18.567383,18.585213,18.727722,18.834435,18.976524,18.905502,18.674309,18.869980,18.567383,18.905502,18.496017,19.011993,18.692123,18.603035,18.905502,18.084496,18.585213,18.531708,18.798882,18.317345,18.496017,18.674309,18.388855,18.317345,18.852211,18.763306,18.603035,18.156204,18.656494,18.281563,18.531708,18.478165,18.478165,18.138290,18.727722,18.424599,18.531708,18.442459,18.620857,18.442459,18.406731,18.227867,18.388855,18.549545,18.263664,18.209953,18.513863,18.138290,18.531708,18.388855,18.549545,18.299454,17.904930,18.048607,18.156204,18.084496,17.436272,17.688942,17.327736,17.200951,16.874062,16.308144,16.198189,15.756950,15.480049,15.369041,14.811943,15.016617,14.905037,14.793312,14.718750,14.644127,14.569450,14.476006,14.644127,14.138817,14.363747,14.251350,14.176346,14.606796,14.101280,14.307571,14.345024,14.457298,14.532082,14.307571,14.419891,14.494698,14.345024,14.345024,14.588127,14.438606,13.988556,15.016617,14.419891,14.251350,14.457298,14.345024,14.307571,14.232613,14.044937,14.363747,14.718750,14.138817,14.363747,14.213860,14.326302,14.007355,14.532082,14.494698,14.288834,14.044937,14.513397,14.044937,14.157593,14.457298,14.401184,14.382469,14.044937,14.550774,14.195114,14.307571,14.979439,14.513397,14.644127,14.606796,14.382469,14.213860,14.120049,14.138817,14.307571,14.457298,14.345024,14.288834,14.232613,14.288834,14.251350,13.687294,14.438606,14.044937,13.875710,13.441788,13.422867,13.517403,13.422867,13.119759,13.271439,13.479599,13.385033,13.988556,13.176659,13.668427,13.743858,13.592949,13.517403,13.819221,14.345024,13.856880,14.082504,13.800392,14.082504,14.063721,14.363747,14.494698,14.120049,14.756035,14.811943,14.606796,14.494698,14.288834,14.288834,14.550774,14.401184,14.363747,14.213860,14.120049,14.101280,14.251350,14.026146,14.270103,14.438606,14.101280,14.063721,14.101280,14.026146,14.176346,14.606796,14.288834,14.401184,14.063721,14.082504,13.913338,13.894524,13.988556,14.326302,13.138725,13.988556,14.251350,13.838051,14.044937,14.270103,13.988556,14.700096,14.101280,13.706154,14.326302,14.007355,13.781540,14.345024,14.382469,13.687294,13.838051,13.913338,14.232613,14.026146,13.762703,13.838051,13.856880,14.195114,13.856880,13.743858,13.875710,13.706154,13.290382,13.668427,13.403954,13.347183,13.706154,13.611824,14.644127,13.988556,13.932144,14.270103,14.606796,15.053780,15.183723,15.183723,15.572441,15.849052,15.941071,15.867470,15.756950,16.088081,15.775375,16.032974,16.271500,16.509377,16.417961,16.783035,16.454536,16.710136,16.691910,16.399666,15.996223,16.983162,16.837654,16.673668,16.289825,16.691910,16.691910,16.928627,15.996223,16.381371,16.728371,17.073982,17.291534,17.001335,17.001335,16.910439,17.219078,17.562698,17.436272,17.616829,17.598785,17.363930,17.237198,17.508537,17.345833,17.634865,17.761002,17.724983,17.273430,17.779015,17.472412,17.219078,17.363930,17.761002,17.580750,17.382019,17.598785,17.580750,17.779015,17.652901,17.724983,17.976807,17.797005,17.797005,17.418190,17.598785,17.436272,17.508537,17.327736,17.382019,17.255310,17.526596,17.237198,17.146553,17.182823,16.928627,17.037659,16.783035,16.746590,16.801247,16.618950,16.691910,16.381371,16.289825,15.867470,15.664742,16.088081,14.606796,15.461563,15.220818,14.363747,14.830566,14.849190,14.811943,14.588127,14.756035,14.588127,14.774681,15.016617,14.457298,14.232613,14.382469,13.950951,14.532082,14.401184,14.588127,14.176346,14.811943,14.270103,14.494698,14.007355,14.457298,14.176346,14.644127,13.856880,14.063721,14.026146,14.120049,14.756035,14.401184,14.382469,14.251350,13.725006,14.101280,14.082504,14.550774,13.819221,14.101280,13.950951,14.044937,13.894524,14.326302,13.894524,14.401184,13.233543,13.460693,13.024826,
12.395866,13.195625,12.872734,12.967819,13.176659,12.586906,13.385033,13.214584,13.328255,13.195625,12.758507,13.119759,13.347183,13.138725,12.777557,13.706154,13.781540,13.517403,13.706154,13.290382,13.668427,12.796600,13.157700,12.605988,13.366112,13.290382,13.195625,13.630692,13.176659,13.309326,13.081795,13.555183,13.119759,12.948814,13.498497,13.536285,13.157700,13.233543,13.309326,13.347183,13.498497,12.548721,13.668427,13.309326,13.195625,13.328255,13.385033,13.422867,13.328255,13.460693,13.819221,13.119759,13.592949,13.668427,13.725006,13.385033,13.706154,13.271439,13.743858,13.781540,13.536285,13.460693,13.536285,14.363747,13.611824,13.856880,13.385033,13.385033,13.024826,13.517403,13.100769,12.777557,12.910774,13.081795,12.644142,12.644142,12.796600,12.796600,12.948814,13.062805,12.796600,12.948814,12.472336,12.872734,13.062805,13.195625,13.611824,13.403954,13.195625,13.441788,13.592949,13.347183,14.288834,13.894524,13.913338,13.913338,13.555183,13.781540,13.649567,13.687294,14.044937,13.630692,13.838051,13.668427,13.649567,13.517403,13.800392,13.894524,14.326302,13.856880,13.743858,13.498497,13.271439,13.271439,13.838051,13.668427,13.668427,14.007355,13.913338,13.668427,13.819221,13.536285,14.082504,13.592949,13.743858,13.894524,13.687294,13.592949,14.026146,13.969765,13.592949,13.819221,14.195114,14.307571,14.700096,13.800392,13.969765,14.213860,13.894524,13.743858,13.838051,14.044937,14.101280,14.026146,13.913338,14.345024,14.176346,14.513397,14.120049,14.026146,13.913338,13.856880,14.457298,13.630692,14.363747,13.649567,13.555183,13.498497,13.687294,13.856880,14.213860,13.743858,14.625465,14.270103,14.867805,15.016617,15.183723,15.664742,15.609375,16.032974,16.436256,16.618950,16.691910,16.582436,16.326462,16.837654,17.128418,16.600693,17.073982,16.964989,16.801247,17.490471,17.309639,16.964989,16.910439,17.200951,17.562698,17.200951,17.904930,17.182823,17.400101,17.382019,17.634865,17.345833,17.418190,17.345833,17.940880,17.490471,17.237198,17.598785,17.833000,17.400101,17.833000,17.688942,17.670921,17.761002,18.066551,18.102425,18.102425,18.245766,17.958839,18.245766,17.994759,18.460312,18.281563,18.727722,18.388855,18.567383,18.317345,18.496017,18.781090,18.531708,18.905502,18.674309,18.727722,19.277603,18.976524,19.118340,19.171471,18.834435,19.011993,18.958771,19.171471,19.454201,19.206863,19.277603,19.348289,19.312950,19.171471,19.189156,19.065178,18.958771,19.242241,19.224541,18.976524,19.118340,19.277603,19.065178,19.082909,18.727722,19.118340,19.171471,18.941017,18.388855,19.100624,19.295280,19.047462,18.763306,18.976524,19.029732,19.011993,18.976524,18.638680,18.852211,18.923264,18.887749,18.869980,18.674309,18.798882,18.727722,18.745514,18.852211,18.781090,18.567383,18.852211,18.478165,18.692123,18.887749,18.335236,18.335236,18.370995,18.156204,18.460312,18.317345,18.638680,18.370995,18.496017,18.442459,18.478165,18.781090,18.620857,18.869980,18.745514,18.549545,18.869980,18.513863,18.460312,18.353111,18.745514,18.638680,18.424599,17.958839,18.656494,18.656494,18.245766,18.066551,18.424599,18.709923,18.585213,18.585213,18.138290,18.496017,18.192039,18.370995,18.638680,18.424599,18.370995,18.353111,18.335236,18.048607,18.496017,18.370995,18.531708,18.478165,18.227867,18.353111,17.815002,17.742996,17.436272,17.273430,17.146553,16.454536,16.582436,15.996223,15.480049,15.165176,15.498535,15.387550,15.220818,14.550774,14.494698,14.438606,14.213860,14.476006,14.345024,14.513397,14.886414,14.830566,14.438606,14.345024,14.532082,14.438606,14.457298,14.457298,14.905037,14.157593,14.438606,14.700096,14.625465,14.569450,14.774681,14.923637,14.494698,14.363747,14.195114,14.270103,14.195114,14.382469,14.232613,14.082504,14.457298,14.326302,14.176346,14.569450,14.718750,14.363747,14.232613,14.195114,14.044937,14.588127,14.288834,14.026146,14.326302,14.251350,14.270103,14.326302,14.644127,14.213860,14.345024,14.082504,14.513397,14.606796,14.401184,14.307571,14.326302,14.438606,14.662788,14.644127,14.494698,14.644127,14.532082,14.232613,14.700096,14.382469,14.213860,14.569450,14.063721,14.063721,14.044937,14.326302,13.950951,13.969765,13.536285,13.347183,13.630692,13.536285,13.460693,12.967819,13.479599,13.157700,13.100769,13.725006,13.762703,13.725006,13.517403,13.894524,13.762703,13.441788,13.856880,13.611824,14.438606,14.101280,14.718750,14.270103,14.232613,14.811943,14.270103,14.195114,14.138817,14.082504,14.625465,14.326302,14.157593,13.894524,14.138817,14.138817,13.932144,13.592949,14.007355,14.307571,14.157593,13.819221,14.606796,14.063721,13.950951,14.007355,14.213860,14.401184,14.007355,14.326302,13.819221,14.176346,13.856880,14.063721,14.082504,14.345024,13.743858,14.382469,14.195114,13.649567,14.288834,14.326302,14.063721,14.195114,14.176346,13.894524,13.630692,14.326302,13.988556,13.932144,13.875710,14.307571,13.800392,14.176346,13.743858,14.232613,13.725006,14.101280,13.574066,13.706154,14.026146,13.517403,13.706154,13.875710,13.555183,13.725006,13.894524,13.290382,13.838051,13.479599,13.706154,14.532082,14.532082,15.035194,15.090919,15.313492,15.128059,15.294960,15.996223,16.106438,15.977844,15.701637,16.069710,16.326462,16.124794,16.179840,16.326462,15.941071,16.637184,16.582436,16.855865,16.363075,16.655434,16.289825,16.746590,16.673668,16.308144,16.728371,16.509377,17.019493,16.819458,16.783035,16.928627,17.037659,17.182823,17.309639,16.964989,17.128418,17.797005,17.237198,17.092117,17.490471,17.472412,17.273430,17.128418,17.616829,18.174133,17.779015,17.958839,18.084496,18.030663,17.922905,17.940880,17.652901,17.904930,17.146553,17.706970,17.958839,17.742996,17.616829,18.084496,17.797005,18.192039,17.958839,17.490471,17.724983,17.472412,17.472412,17.742996,17.652901,17.761002,17.454338,17.634865,17.815002,17.200951,17.544655,16.710136,17.291534,17.255310,17.219078,17.219078,16.964989,17.019493,16.673668,16.179840,15.922668,16.014603,15.738518,15.793800,15.220818,15.239365,15.239365,14.905037,14.960838,14.905037,14.307571,14.718750,14.307571,14.867805,14.681450,15.072350,14.588127,14.700096,14.457298,14.793312,14.326302,15.109489,14.232613,14.662788,14.138817,14.756035,14.213860,14.438606,14.195114,14.401184,14.457298,14.942238,13.687294,13.838051,14.063721,14.195114,13.988556,14.345024,13.913338,14.176346,14.457298,14.195114,14.270103,13.856880,14.662788,14.476006,14.101280,13.950951,14.326302,13.932144,13.574066,14.082504,13.592949,13.119759,12.758507,
12.472336,12.529640,12.720398,12.204445,13.024826,13.005829,13.725006,13.290382,13.725006,13.062805,13.403954,13.271439,13.271439,13.385033,13.706154,13.252487,13.403954,13.517403,13.838051,13.309326,13.043808,13.706154,13.611824,13.441788,13.157700,13.100769,13.309326,12.586906,12.967819,13.081795,13.347183,13.119759,13.024826,13.555183,13.157700,13.479599,13.592949,13.271439,12.986824,13.043808,13.100769,13.460693,13.138725,13.687294,12.891754,13.479599,13.195625,13.668427,13.668427,13.988556,13.800392,13.328255,13.574066,13.800392,13.271439,13.592949,13.252487,13.385033,13.725006,13.536285,13.328255,13.725006,13.781540,13.366112,13.800392,13.024826,13.479599,13.214584,13.856880,13.157700,13.195625,13.119759,12.986824,13.005829,13.138725,12.796600,12.967819,13.062805,12.815643,12.777557,13.119759,12.986824,12.929794,12.815643,13.081795,13.290382,13.781540,12.872734,13.290382,13.347183,13.762703,13.592949,13.498497,13.875710,13.875710,13.762703,14.213860,13.762703,14.307571,13.479599,13.574066,13.555183,13.838051,13.574066,13.725006,13.819221,13.687294,13.819221,13.592949,14.082504,13.875710,13.856880,13.309326,13.403954,13.422867,13.913338,13.668427,13.592949,14.026146,13.668427,13.706154,13.819221,13.800392,13.913338,13.668427,13.950951,14.138817,14.288834,13.988556,13.574066,13.856880,13.498497,13.687294,13.913338,13.819221,13.781540,14.044937,13.592949,13.913338,13.856880,13.988556,14.213860,13.687294,14.082504,13.894524,13.706154,13.687294,14.082504,14.138817,13.950951,13.800392,14.044937,13.838051,14.176346,13.969765,13.819221,13.706154,13.950951,13.668427,13.668427,14.176346,14.026146,14.681450,14.756035,14.737404,14.942238,15.220818,15.535500,15.812218,16.014603,16.161499,16.124794,16.618950,16.673668,16.783035,16.691910,16.691910,16.837654,17.164696,17.327736,17.418190,17.200951,17.400101,17.345833,17.580750,17.436272,17.616829,16.892258,17.526596,17.255310,17.833000,17.652901,17.219078,16.983162,17.508537,17.797005,17.345833,17.146553,17.454338,17.833000,17.850990,17.850990,17.634865,17.670921,17.958839,17.886955,18.281563,17.833000,18.012718,18.066551,18.192039,18.066551,18.192039,18.174133,18.603035,18.299454,18.424599,18.388855,18.335236,18.317345,18.709923,18.620857,19.047462,18.976524,19.436554,18.513863,19.507095,19.277603,18.941017,19.259926,19.118340,19.365944,19.259926,19.295280,19.595184,18.941017,19.259926,19.171471,18.727722,19.171471,19.295280,19.136055,18.958771,18.674309,19.171471,19.348289,18.816666,18.692123,19.118340,19.383614,19.029732,18.763306,19.171471,18.585213,19.189156,18.958771,18.852211,19.206863,19.011993,19.189156,18.603035,18.941017,19.029732,18.834435,19.242241,19.118340,18.887749,18.976524,18.763306,18.816666,19.118340,18.727722,18.941017,18.781090,18.869980,18.496017,18.887749,18.531708,18.603035,18.638680,18.709923,18.442459,18.263664,18.299454,18.335236,18.388855,18.442459,18.513863,18.460312,18.084496,18.709923,18.084496,18.603035,18.531708,18.335236,18.209953,18.816666,18.709923,18.745514,18.674309,18.460312,18.156204,18.353111,18.209953,18.317345,18.156204,18.281563,18.406731,18.513863,18.460312,18.388855,18.406731,18.620857,18.370995,18.549545,18.460312,18.353111,18.549545,18.745514,18.603035,18.138290,18.138290,18.245766,17.904930,18.030663,17.904930,18.012718,17.436272,17.273430,17.634865,17.200951,16.399666,16.764816,16.363075,15.498535,16.014603,15.035194,15.053780,14.811943,14.774681,14.662788,14.476006,14.213860,14.476006,13.988556,14.345024,14.101280,14.550774,14.532082,14.476006,14.363747,14.606796,14.681450,14.718750,14.793312,14.419891,14.401184,14.345024,14.681450,14.419891,14.644127,14.867805,14.457298,14.513397,14.457298,13.950951,14.138817,14.251350,14.213860,14.363747,13.856880,14.644127,14.213860,14.401184,14.120049,14.044937,14.232613,14.101280,14.270103,13.969765,14.007355,14.176346,14.457298,13.856880,14.401184,14.307571,14.270103,14.382469,14.569450,14.101280,14.382469,14.513397,14.569450,14.232613,14.457298,14.569450,14.307571,14.774681,14.662788,14.232613,14.438606,14.307571,14.419891,14.157593,14.101280,14.438606,14.138817,14.007355,13.668427,13.517403,13.819221,13.422867,13.649567,13.819221,13.630692,13.138725,13.176659,13.233543,13.498497,13.252487,13.668427,13.668427,13.328255,13.988556,13.875710,13.875710,13.894524,13.894524,14.176346,14.044937,14.644127,14.307571,14.513397,14.382469,14.532082,14.307571,14.438606,14.176346,14.213860,13.988556,14.363747,14.438606,14.138817,14.044937,14.138817,14.101280,14.007355,14.363747,14.044937,14.251350,14.232613,13.950951,14.232613,14.307571,13.838051,13.762703,14.457298,13.894524,14.625465,13.706154,14.082504,14.326302,13.932144,14.082504,14.251350,13.668427,14.082504,13.969765,13.988556,14.251350,14.438606,13.800392,14.138817,14.288834,14.101280,14.063721,13.800392,13.838051,13.800392,14.195114,13.856880,13.856880,14.026146,13.479599,13.875710,14.063721,13.574066,14.307571,13.592949,13.574066,13.157700,13.536285,13.781540,13.441788,13.611824,13.875710,13.100769,13.743858,13.894524,13.630692,14.157593,14.270103,14.718750,14.288834,15.387550,15.220818,15.332008,15.313492,16.198189,15.498535,16.014603,15.867470,15.812218,16.527649,16.216530,16.124794,16.253181,16.014603,16.344765,16.363075,16.764816,16.655434,16.837654,16.436256,17.019493,16.964989,16.417961,16.910439,16.509377,16.728371,17.164696,16.892258,16.691910,17.182823,16.910439,17.255310,16.910439,16.691910,17.164696,17.345833,17.472412,17.164696,17.327736,17.200951,17.580750,17.706970,17.904930,17.706970,17.526596,17.976807,17.634865,17.868965,17.418190,17.886955,17.598785,17.886955,17.797005,17.976807,17.490471,17.544655,17.815002,17.598785,18.227867,17.688942,17.490471,17.940880,17.688942,17.037659,17.706970,17.400101,17.634865,17.779015,17.724983,17.309639,16.855865,17.616829,16.728371,17.255310,16.855865,17.327736,16.964989,16.728371,16.819458,16.161499,16.143143,16.545914,15.941071,16.216530,15.627831,15.572441,14.960838,15.220818,14.700096,14.251350,14.513397,14.625465,14.569450,14.345024,14.886414,14.382469,14.382469,14.942238,14.176346,14.867805,14.101280,14.419891,14.270103,14.251350,14.793312,15.146614,14.288834,14.251350,14.026146,14.905037,14.307571,14.270103,14.044937,14.662788,13.969765,14.401184,14.494698,14.251350,14.195114,13.969765,14.307571,13.781540,14.382469,14.138817,14.063721,14.044937,13.838051,14.157593,13.913338,13.913338,14.213860,13.875710,13.969765,13.479599,13.347183,13.574066,
11.993431,12.434105,12.967819,12.701340,13.309326,13.366112,12.891754,13.195625,12.929794,12.929794,13.328255,12.891754,13.441788,13.347183,13.290382,13.460693,13.385033,13.214584,12.910774,13.460693,12.758507,13.271439,13.138725,13.441788,13.460693,13.422867,12.891754,13.290382,13.441788,12.929794,13.214584,12.815643,13.536285,13.233543,13.385033,12.510529,13.271439,13.195625,12.872734,13.366112,12.948814,13.309326,13.441788,13.043808,13.100769,13.536285,13.498497,13.403954,13.403954,13.800392,13.422867,13.649567,13.195625,13.479599,13.309326,13.403954,13.479599,13.347183,13.932144,13.838051,13.649567,13.762703,13.950951,13.403954,13.630692,12.948814,13.479599,13.366112,13.157700,13.385033,13.517403,12.948814,13.005829,13.309326,12.853714,12.872734,13.214584,13.233543,12.986824,12.796600,12.625069,12.834679,13.195625,13.119759,13.214584,13.460693,13.043808,13.479599,13.309326,13.233543,13.574066,13.706154,13.611824,13.649567,13.460693,13.762703,13.536285,13.555183,13.517403,13.574066,13.706154,13.687294,13.800392,14.120049,13.706154,13.800392,13.668427,14.026146,13.988556,14.101280,13.838051,13.819221,13.762703,13.706154,13.950951,13.819221,13.969765,13.762703,13.555183,13.743858,13.894524,13.403954,14.120049,13.536285,13.743858,13.441788,13.743858,13.649567,14.007355,14.195114,13.819221,13.668427,14.026146,13.649567,14.457298,13.932144,13.630692,14.026146,14.026146,13.781540,13.856880,13.913338,14.195114,14.101280,13.988556,14.157593,14.026146,14.101280,13.630692,13.800392,13.932144,13.762703,13.875710,13.969765,13.856880,13.706154,13.687294,13.894524,13.328255,13.743858,14.382469,14.345024,14.026146,14.532082,14.718750,15.257896,14.774681,15.165176,15.885872,16.014603,16.124794,15.996223,16.673668,16.764816,16.764816,16.582436,16.819458,17.073982,17.019493,17.055817,17.309639,16.983162,16.983162,16.910439,17.327736,17.073982,17.562698,17.436272,17.670921,17.200951,17.363930,17.436272,17.164696,17.345833,17.055817,17.164696,17.291534,17.182823,17.904930,17.580750,17.634865,17.940880,17.382019,17.706970,18.174133,17.706970,18.120361,18.030663,18.012718,17.922905,18.066551,18.442459,18.317345,18.388855,18.424599,18.370995,18.460312,18.763306,18.388855,18.513863,19.153755,18.745514,18.869980,18.816666,18.887749,19.029732,19.259926,19.189156,18.869980,19.242241,19.153755,19.401253,19.189156,19.348289,19.136055,19.277603,19.065178,19.295280,19.011993,18.923264,18.958771,19.507095,18.834435,19.171471,18.603035,19.153755,18.887749,19.029732,18.816666,19.312950,19.011993,18.549545,18.852211,19.365944,19.100624,18.923264,19.118340,19.011993,18.941017,19.082909,18.745514,18.905502,19.100624,19.047462,18.941017,18.958771,18.852211,18.460312,19.348289,19.171471,18.603035,18.424599,18.852211,18.460312,18.976524,18.513863,18.852211,18.567383,18.531708,18.674309,18.869980,18.370995,18.531708,18.478165,18.192039,18.281563,18.442459,18.674309,18.460312,18.852211,18.816666,18.120361,18.406731,18.478165,18.460312,18.585213,19.082909,18.513863,18.424599,18.424599,18.709923,18.531708,18.138290,18.460312,18.692123,18.460312,18.709923,18.603035,18.531708,18.192039,18.281563,18.353111,18.567383,18.424599,18.245766,18.531708,18.620857,18.549545,18.567383,18.406731,18.567383,18.603035,18.209953,18.406731,17.815002,18.192039,17.886955,17.037659,17.363930,16.983162,16.582436,16.819458,16.253181,16.051353,15.535500,15.443062,15.016617,14.756035,14.737404,14.550774,14.176346,14.513397,14.756035,14.457298,14.438606,14.232613,14.718750,14.419891,14.718750,14.213860,14.307571,14.419891,14.811943,14.569450,14.476006,14.082504,14.644127,14.270103,14.438606,14.176346,14.532082,14.550774,14.494698,14.494698,14.401184,14.026146,14.213860,14.044937,13.969765,13.969765,14.494698,14.401184,14.288834,14.457298,14.550774,14.213860,14.026146,14.120049,14.867805,14.082504,14.251350,14.232613,14.157593,14.457298,14.494698,14.213860,14.288834,14.457298,14.026146,14.644127,14.195114,14.662788,14.382469,14.288834,13.800392,14.345024,14.401184,14.288834,13.988556,14.382469,14.419891,14.606796,14.438606,14.830566,14.401184,14.270103,14.232613,14.157593,13.856880,13.875710,13.743858,13.687294,13.592949,13.762703,13.460693,13.214584,13.309326,13.138725,13.005829,13.328255,13.176659,13.725006,13.592949,14.063721,13.875710,13.819221,13.498497,14.307571,14.438606,14.120049,14.157593,14.382469,14.942238,14.345024,14.138817,14.345024,14.644127,14.401184,14.513397,14.138817,14.082504,14.998024,14.606796,14.082504,13.969765,13.950951,14.419891,14.063721,14.363747,13.856880,14.363747,14.063721,14.157593,13.894524,13.875710,14.270103,14.063721,13.932144,14.476006,14.138817,13.875710,14.326302,13.856880,14.026146,14.044937,14.270103,13.969765,14.232613,13.894524,14.157593,13.913338,14.326302,14.195114,13.517403,14.288834,14.082504,13.781540,14.138817,14.120049,13.875710,14.382469,13.517403,13.856880,14.101280,13.649567,13.932144,13.460693,13.838051,13.687294,13.725006,13.743858,13.611824,13.214584,13.800392,13.894524,14.007355,13.460693,13.894524,13.950951,14.026146,13.856880,14.007355,14.438606,14.307571,15.183723,15.313492,15.332008,15.812218,15.480049,15.793800,15.664742,15.775375,16.069710,16.271500,16.545914,16.032974,16.491104,15.849052,16.600693,16.527649,16.491104,15.922668,16.910439,16.326462,17.019493,16.819458,16.764816,16.710136,17.255310,17.019493,16.801247,16.855865,16.600693,16.783035,17.237198,16.964989,16.892258,17.454338,17.092117,17.472412,17.237198,17.454338,17.400101,17.164696,17.724983,17.400101,17.724983,17.454338,17.562698,17.634865,17.815002,17.833000,17.652901,17.345833,17.761002,17.779015,18.066551,17.562698,17.886955,17.706970,18.030663,17.526596,17.616829,17.742996,17.815002,17.940880,17.724983,17.652901,17.850990,17.436272,17.634865,17.436272,17.544655,17.128418,17.327736,16.928627,17.237198,17.291534,16.801247,17.073982,16.545914,16.783035,16.600693,16.564171,16.253181,16.637184,16.234848,16.051353,15.535500,15.867470,15.387550,15.146614,14.457298,14.550774,14.644127,14.532082,14.662788,14.793312,14.307571,14.662788,14.756035,14.662788,15.072350,14.681450,14.942238,14.532082,14.532082,14.195114,14.718750,13.988556,14.588127,14.026146,14.157593,14.774681,14.044937,14.307571,14.044937,14.532082,14.232613,14.942238,14.457298,14.326302,14.176346,14.270103,14.044937,14.195114,14.288834,14.288834,14.082504,13.819221,14.569450,14.044937,14.176346,14.044937,14.082504,13.536285,13.781540,13.743858,13.781540,12.777557,
12.108589,12.834679,13.005829,13.176659,13.366112,12.815643,13.290382,12.967819,12.986824,12.986824,13.157700,12.777557,13.100769,12.853714,13.460693,13.100769,13.309326,13.403954,13.271439,12.872734,13.233543,13.290382,13.460693,13.290382,13.214584,13.630692,12.929794,13.271439,13.328255,13.138725,13.403954,13.479599,13.195625,13.062805,13.214584,12.929794,13.479599,13.100769,13.100769,13.157700,13.460693,13.176659,13.611824,13.422867,13.592949,13.328255,13.611824,13.233543,13.385033,13.366112,13.385033,14.044937,13.195625,13.800392,13.687294,13.687294,13.856880,13.024826,13.800392,13.422867,13.233543,13.894524,13.630692,13.498497,13.913338,13.687294,13.100769,13.819221,13.252487,13.119759,13.271439,13.005829,13.290382,13.024826,12.548721,12.929794,12.910774,12.834679,12.967819,12.739456,12.605988,13.043808,13.081795,13.005829,13.100769,13.195625,13.422867,13.385033,13.498497,13.856880,13.479599,13.762703,13.725006,13.347183,13.649567,13.649567,13.706154,13.743858,14.120049,13.630692,13.574066,13.687294,13.743858,13.913338,13.441788,13.932144,13.762703,13.932144,14.082504,13.725006,13.725006,13.988556,13.687294,13.687294,14.195114,13.706154,13.800392,13.611824,13.894524,14.101280,13.668427,14.082504,13.800392,13.932144,13.725006,13.441788,14.138817,14.007355,13.913338,13.555183,13.950951,14.195114,13.838051,13.819221,14.457298,14.213860,14.288834,14.063721,13.838051,13.422867,13.611824,14.251350,14.232613,14.044937,13.592949,13.743858,14.007355,14.288834,14.120049,14.026146,14.007355,14.082504,13.517403,13.668427,13.743858,13.555183,13.592949,13.649567,13.819221,13.592949,14.101280,14.232613,14.756035,14.476006,15.239365,14.905037,15.535500,15.239365,15.683197,15.720085,15.885872,16.198189,16.344765,16.436256,16.819458,16.801247,16.874062,16.874062,16.964989,16.983162,17.055817,17.110275,17.598785,17.454338,17.110275,17.073982,17.526596,17.291534,17.164696,17.544655,17.490471,17.273430,17.454338,17.724983,17.345833,17.508537,17.616829,17.472412,17.868965,17.490471,17.761002,17.634865,17.670921,17.761002,17.976807,18.084496,17.922905,17.850990,18.156204,18.066551,18.192039,18.174133,18.406731,18.424599,18.585213,18.317345,18.138290,18.281563,18.585213,18.585213,18.370995,18.709923,18.549545,18.816666,19.047462,19.082909,18.709923,18.958771,19.011993,19.401253,19.171471,18.976524,19.189156,19.277603,19.648003,19.436554,19.524719,19.153755,19.259926,18.958771,19.082909,18.674309,19.100624,18.709923,19.171471,19.100624,18.442459,18.692123,19.029732,19.100624,19.029732,18.923264,19.136055,19.153755,18.692123,19.136055,18.692123,19.153755,18.887749,18.887749,19.189156,18.674309,18.852211,19.136055,19.224541,19.011993,19.029732,18.923264,19.065178,18.299454,18.709923,19.047462,18.816666,18.263664,18.460312,18.709923,18.994255,18.798882,18.727722,18.727722,18.496017,18.585213,18.674309,18.709923,18.406731,18.745514,18.869980,18.138290,18.460312,18.424599,18.709923,18.638680,18.460312,18.299454,18.905502,18.496017,18.370995,18.335236,18.674309,18.513863,18.478165,18.496017,18.603035,18.353111,18.370995,18.603035,18.388855,18.120361,18.620857,18.353111,18.370995,18.370995,18.460312,18.531708,18.460312,18.852211,18.745514,18.834435,18.585213,18.513863,18.727722,18.531708,18.567383,18.138290,18.638680,17.868965,17.761002,17.598785,17.164696,17.128418,16.728371,16.545914,16.289825,15.977844,15.664742,15.701637,15.016617,15.053780,14.886414,14.700096,14.569450,14.550774,14.606796,14.476006,14.588127,14.438606,14.625465,14.737404,14.700096,14.270103,14.606796,14.419891,14.101280,14.138817,14.625465,14.457298,14.681450,14.307571,14.606796,14.700096,14.476006,14.457298,14.363747,14.363747,14.063721,14.063721,14.438606,14.195114,14.457298,14.494698,14.326302,14.195114,14.718750,14.120049,14.138817,14.644127,14.476006,14.681450,14.082504,14.120049,14.363747,14.288834,14.363747,14.326302,14.438606,14.195114,14.232613,13.950951,14.569450,14.718750,14.401184,14.213860,14.457298,14.644127,14.176346,14.476006,14.120049,14.251350,14.176346,14.044937,14.532082,14.401184,14.288834,14.176346,14.756035,14.157593,14.326302,13.743858,13.517403,14.195114,14.007355,13.668427,13.762703,13.743858,13.536285,13.309326,13.138725,12.967819,12.910774,13.517403,13.781540,13.385033,13.271439,13.555183,13.592949,13.687294,14.026146,13.422867,13.781540,13.875710,13.988556,14.101280,14.345024,14.532082,14.569450,14.494698,14.101280,14.588127,14.476006,13.913338,14.886414,14.494698,14.176346,14.251350,14.063721,14.101280,14.157593,13.932144,14.082504,14.026146,14.007355,13.950951,14.307571,13.781540,13.988556,14.026146,13.875710,14.494698,14.101280,13.819221,13.988556,14.138817,13.668427,13.894524,14.588127,14.026146,14.232613,14.195114,14.063721,13.969765,14.082504,14.026146,13.649567,14.345024,14.007355,13.988556,14.532082,13.838051,13.385033,13.725006,14.044937,14.138817,13.913338,13.819221,13.819221,13.838051,13.838051,14.044937,13.668427,13.706154,13.460693,13.271439,13.592949,13.422867,13.403954,13.649567,13.668427,13.969765,13.592949,13.913338,14.307571,14.363747,14.419891,14.345024,14.737404,14.942238,15.090919,15.664742,15.941071,15.867470,16.161499,15.922668,16.088081,16.014603,16.344765,16.637184,16.637184,16.764816,16.271500,16.271500,16.564171,16.874062,16.582436,16.964989,16.600693,16.436256,16.910439,16.801247,16.783035,16.509377,16.545914,16.764816,17.092117,16.491104,17.273430,16.801247,17.255310,17.110275,17.273430,17.490471,17.508537,17.200951,17.382019,17.544655,17.291534,17.490471,17.454338,17.833000,17.237198,17.580750,17.850990,17.580750,17.976807,17.922905,17.868965,17.940880,17.904930,17.382019,18.138290,17.688942,17.958839,17.958839,17.886955,17.724983,17.922905,17.562698,17.688942,17.706970,17.706970,17.472412,17.363930,17.255310,17.382019,16.964989,17.436272,17.001335,17.200951,16.983162,17.562698,16.892258,16.910439,16.673668,17.037659,16.143143,16.728371,16.216530,16.454536,15.977844,15.313492,15.257896,15.294960,15.369041,14.960838,14.756035,14.960838,14.270103,14.625465,14.176346,14.588127,14.513397,14.588127,15.183723,14.681450,14.457298,14.382469,14.382469,14.532082,14.756035,14.307571,14.195114,14.401184,13.687294,14.494698,13.969765,13.950951,14.867805,14.457298,14.232613,14.101280,13.894524,14.288834,13.875710,14.063721,13.630692,13.950951,14.195114,13.819221,13.969765,13.781540,14.288834,14.120049,14.232613,14.550774,14.082504,13.611824,13.479599,14.120049,13.781540,13.479599,12.491440,
11.858910,12.967819,12.834679,12.872734,13.195625,12.948814,13.157700,12.644142,13.176659,13.252487,12.967819,13.252487,13.233543,13.988556,13.838051,13.366112,13.479599,13.649567,13.062805,13.138725,13.309326,13.422867,12.967819,13.460693,13.479599,12.967819,13.403954,13.385033,12.815643,13.309326,13.252487,13.498497,13.347183,13.856880,13.290382,13.290382,13.195625,13.460693,13.290382,13.366112,13.252487,13.119759,13.460693,13.366112,13.460693,12.967819,13.214584,13.214584,13.441788,13.328255,13.517403,13.347183,13.290382,13.517403,13.988556,13.024826,13.479599,13.781540,14.138817,13.385033,14.101280,13.517403,13.856880,13.479599,13.385033,13.687294,13.706154,13.043808,13.498497,13.309326,13.176659,13.138725,13.043808,13.062805,13.100769,12.644142,12.644142,13.233543,12.663208,12.872734,13.024826,12.872734,13.347183,13.024826,13.157700,13.422867,13.441788,13.271439,12.834679,13.517403,13.290382,13.328255,13.347183,13.856880,13.856880,13.988556,13.743858,13.328255,14.101280,13.347183,13.668427,13.233543,13.592949,13.894524,13.574066,13.743858,13.706154,14.101280,13.385033,13.687294,13.668427,13.687294,13.800392,13.422867,13.762703,13.762703,13.668427,13.100769,14.082504,13.517403,13.875710,14.138817,13.875710,14.044937,13.498497,13.725006,14.307571,13.630692,14.007355,13.932144,14.157593,14.007355,14.138817,13.819221,13.894524,13.969765,14.401184,13.969765,14.494698,13.932144,13.611824,13.913338,14.157593,13.630692,14.270103,14.007355,13.913338,14.288834,14.382469,13.969765,14.044937,14.213860,13.819221,13.347183,13.781540,13.403954,13.252487,14.213860,14.157593,13.403954,13.611824,13.838051,14.251350,14.063721,14.923637,14.718750,15.239365,15.646294,15.553970,15.553970,16.363075,16.527649,16.271500,16.673668,17.255310,16.344765,17.146553,16.289825,17.526596,17.164696,17.418190,17.706970,17.092117,17.436272,17.490471,17.219078,17.345833,17.128418,17.526596,17.526596,17.761002,17.363930,17.436272,17.382019,17.472412,17.670921,17.327736,17.508537,17.544655,17.382019,17.940880,17.688942,18.030663,17.779015,18.084496,18.138290,17.652901,18.102425,17.652901,18.388855,18.209953,18.192039,18.317345,18.531708,18.852211,18.299454,18.852211,18.674309,18.692123,19.118340,18.834435,18.976524,18.905502,18.852211,18.923264,19.153755,19.242241,19.224541,18.887749,19.206863,18.834435,18.976524,19.082909,19.100624,19.383614,18.941017,19.330627,19.118340,19.136055,19.082909,19.047462,18.923264,19.259926,19.242241,18.958771,19.082909,19.082909,19.259926,19.242241,19.224541,18.656494,18.887749,18.976524,19.242241,19.259926,18.941017,19.189156,19.136055,19.171471,19.100624,19.065178,19.206863,19.047462,19.118340,18.781090,19.153755,19.365944,18.709923,18.905502,19.082909,18.958771,18.638680,19.153755,18.709923,18.781090,18.424599,18.869980,18.442459,18.923264,18.763306,18.709923,18.656494,18.638680,18.674309,18.958771,18.370995,18.567383,18.798882,18.692123,18.798882,18.567383,18.370995,18.727722,18.388855,18.478165,18.227867,18.674309,18.388855,18.656494,18.388855,18.174133,18.335236,18.209953,18.156204,18.603035,18.192039,18.388855,18.317345,18.406731,18.102425,18.353111,18.353111,18.656494,18.317345,18.745514,18.138290,18.567383,18.424599,18.692123,18.442459,18.442459,18.245766,18.674309,18.156204,18.585213,17.616829,18.084496,17.508537,17.526596,17.092117,16.527649,16.454536,16.179840,16.032974,15.406059,15.406059,14.793312,14.905037,14.960838,14.457298,14.737404,14.213860,14.270103,14.588127,14.606796,14.756035,14.476006,14.681450,14.382469,14.494698,14.251350,14.588127,14.251350,14.569450,14.569450,14.588127,14.811943,14.662788,14.195114,14.326302,14.326302,14.830566,13.875710,14.157593,14.513397,14.138817,14.438606,14.345024,14.176346,14.588127,14.251350,14.476006,14.213860,13.913338,14.606796,13.781540,14.718750,14.176346,14.251350,14.401184,14.513397,14.419891,14.569450,14.307571,14.345024,14.195114,14.120049,14.176346,14.774681,14.438606,14.120049,14.494698,14.662788,14.232613,14.382469,13.875710,14.195114,14.363747,14.644127,14.438606,14.569450,14.101280,14.438606,14.345024,14.550774,14.419891,14.101280,14.662788,13.743858,13.950951,13.630692,13.819221,13.574066,13.725006,13.574066,13.271439,13.290382,13.176659,13.498497,13.762703,13.856880,13.214584,13.366112,13.630692,13.969765,13.574066,14.251350,14.288834,13.894524,14.120049,14.232613,14.737404,14.476006,14.569450,14.532082,14.419891,14.251350,14.438606,14.288834,14.662788,14.419891,14.494698,14.438606,13.988556,14.606796,14.270103,13.819221,14.382469,14.157593,14.101280,14.307571,13.838051,14.382469,13.800392,14.438606,14.138817,14.288834,13.913338,13.913338,14.345024,13.781540,14.063721,14.120049,13.687294,14.494698,14.213860,13.762703,13.950951,14.176346,14.288834,14.213860,14.120049,14.026146,14.138817,13.838051,13.422867,13.875710,14.120049,14.138817,14.138817,13.913338,13.988556,13.856880,13.460693,13.498497,14.213860,13.781540,13.687294,13.706154,13.894524,13.668427,13.555183,13.838051,13.611824,13.403954,13.271439,13.875710,13.687294,13.743858,13.725006,13.611824,14.176346,14.363747,14.644127,15.016617,15.090919,14.718750,15.498535,15.959457,15.517014,16.344765,15.922668,16.271500,16.198189,16.253181,16.032974,16.399666,16.637184,16.545914,17.001335,16.527649,16.381371,17.400101,16.417961,16.637184,17.200951,17.128418,16.855865,17.073982,16.545914,16.710136,16.910439,16.655434,17.037659,16.801247,17.688942,17.164696,16.910439,17.309639,17.237198,17.237198,17.110275,17.327736,17.273430,17.182823,17.598785,18.156204,17.526596,17.598785,17.580750,17.562698,17.958839,17.797005,17.598785,17.544655,17.652901,18.012718,17.797005,18.209953,17.562698,17.833000,17.922905,17.797005,17.418190,17.797005,17.544655,17.652901,17.742996,17.724983,18.335236,17.327736,17.291534,16.928627,17.508537,17.580750,17.886955,16.855865,17.164696,17.472412,17.110275,17.110275,17.291534,16.783035,16.179840,16.289825,16.289825,16.051353,15.720085,15.128059,16.088081,15.424561,15.257896,14.774681,14.849190,14.401184,14.886414,14.625465,14.138817,14.606796,14.625465,14.606796,14.532082,14.213860,14.662788,14.382469,14.345024,14.120049,14.101280,14.363747,13.781540,14.063721,14.457298,14.681450,14.195114,14.326302,14.438606,13.574066,14.326302,13.894524,14.251350,13.838051,14.120049,14.849190,14.307571,14.270103,14.251350,14.363747,13.706154,14.026146,14.026146,14.195114,14.138817,13.800392,14.063721,14.382469,13.687294,14.157593,13.479599,13.762703,13.233543,
12.108589,13.005829,12.986824,12.605988,13.043808,13.536285,12.986824,13.555183,13.422867,12.872734,13.422867,13.176659,13.479599,13.913338,13.913338,13.422867,13.668427,13.422867,13.157700,13.366112,13.592949,13.403954,13.024826,13.441788,13.081795,13.157700,13.385033,13.252487,13.385033,13.043808,13.100769,13.233543,13.252487,13.555183,13.119759,13.385033,13.460693,13.214584,13.309326,13.536285,13.950951,13.630692,13.460693,13.100769,13.385033,13.762703,13.043808,13.157700,13.441788,13.536285,13.233543,13.062805,13.460693,13.725006,13.838051,14.063721,13.498497,13.781540,13.762703,13.668427,13.328255,13.176659,12.567825,13.611824,13.592949,13.422867,13.706154,13.176659,13.138725,13.233543,13.347183,13.195625,13.100769,13.517403,13.062805,13.005829,12.758507,12.663208,12.986824,13.005829,13.081795,13.062805,12.891754,12.777557,12.338478,12.872734,13.517403,13.781540,13.479599,13.385033,14.307571,13.725006,13.592949,13.630692,13.725006,13.762703,14.026146,13.687294,13.668427,13.441788,13.856880,13.687294,13.517403,14.232613,13.592949,13.536285,14.026146,13.668427,13.649567,13.781540,13.706154,13.687294,13.536285,13.366112,13.969765,13.875710,13.913338,13.347183,13.479599,13.894524,13.706154,13.969765,13.838051,13.687294,13.706154,13.932144,13.932144,14.157593,14.213860,13.950951,13.856880,14.213860,13.856880,14.063721,14.082504,14.288834,13.988556,13.950951,13.762703,13.950951,14.082504,13.649567,14.044937,13.706154,14.044937,13.838051,14.138817,14.063721,13.988556,14.176346,13.913338,14.026146,13.969765,13.856880,13.894524,13.743858,13.441788,13.157700,13.574066,13.668427,13.932144,14.026146,14.737404,14.662788,14.811943,15.165176,15.072350,15.553970,16.032974,15.904274,16.088081,16.363075,16.198189,16.436256,16.637184,16.764816,16.983162,16.892258,17.055817,17.273430,17.382019,17.273430,17.508537,17.327736,17.634865,16.764816,17.526596,17.237198,17.526596,17.526596,17.562698,17.146553,17.146553,17.436272,17.598785,17.454338,17.309639,17.472412,17.815002,17.688942,17.815002,17.652901,18.138290,18.030663,18.335236,17.833000,18.281563,18.102425,17.904930,18.030663,18.299454,18.084496,18.460312,18.388855,18.549545,18.567383,18.227867,18.656494,18.531708,18.370995,18.887749,19.383614,18.709923,19.136055,19.277603,18.958771,19.295280,19.206863,19.065178,18.798882,18.958771,19.418907,19.082909,19.153755,19.418907,19.454201,19.171471,19.047462,18.994255,19.171471,19.312950,19.224541,18.958771,18.958771,18.852211,19.153755,19.065178,19.259926,19.047462,19.277603,19.029732,18.905502,18.941017,18.887749,19.330627,18.781090,19.348289,19.100624,19.011993,19.047462,18.994255,19.224541,19.100624,19.189156,19.171471,18.869980,19.047462,18.905502,19.295280,19.189156,18.781090,18.941017,18.923264,18.976524,18.869980,18.567383,18.923264,18.620857,18.674309,18.567383,18.692123,19.242241,18.335236,19.011993,18.994255,19.029732,18.834435,18.994255,18.709923,18.709923,18.674309,18.442459,18.513863,18.442459,18.674309,18.209953,18.603035,18.531708,18.603035,18.638680,18.531708,18.317345,18.531708,18.478165,18.478165,18.192039,18.496017,18.620857,18.567383,18.567383,18.513863,18.692123,18.674309,18.834435,18.709923,18.798882,18.335236,18.674309,18.905502,18.620857,18.620857,18.209953,18.549545,18.299454,18.012718,17.761002,17.742996,17.309639,17.670921,17.110275,16.910439,16.216530,16.381371,15.683197,15.812218,15.165176,15.165176,15.183723,14.644127,15.183723,14.232613,14.494698,14.120049,14.363747,14.625465,14.550774,14.550774,14.513397,14.905037,14.101280,14.681450,14.662788,14.532082,14.457298,14.905037,14.419891,14.382469,14.326302,14.700096,14.830566,14.513397,14.681450,14.606796,14.774681,14.718750,14.007355,14.101280,14.644127,14.157593,14.438606,14.550774,14.700096,13.969765,14.157593,14.213860,14.232613,14.176346,14.251350,14.532082,14.101280,14.513397,14.120049,14.382469,14.307571,14.213860,14.026146,14.923637,14.513397,14.550774,14.288834,14.251350,14.251350,14.251350,14.700096,14.681450,14.382469,14.232613,14.494698,14.419891,14.232613,14.569450,14.345024,14.176346,14.120049,14.176346,14.120049,13.988556,14.288834,14.176346,13.894524,13.687294,13.743858,13.913338,13.875710,13.309326,13.309326,13.100769,13.309326,13.781540,13.517403,13.385033,13.271439,13.592949,13.517403,13.630692,13.630692,13.819221,13.950951,14.213860,14.063721,14.476006,14.401184,14.363747,14.476006,14.867805,14.345024,14.307571,14.494698,13.988556,14.345024,14.662788,14.401184,14.550774,13.932144,14.063721,14.307571,14.138817,13.969765,14.044937,14.382469,13.894524,13.913338,14.120049,14.157593,13.856880,14.195114,14.176346,13.687294,14.232613,14.176346,14.101280,14.101280,14.232613,14.157593,13.950951,14.007355,14.213860,13.932144,13.687294,13.875710,14.082504,13.687294,13.969765,13.913338,14.307571,13.932144,13.649567,13.969765,13.762703,13.913338,13.725006,13.781540,13.781540,13.668427,13.706154,13.611824,13.668427,14.063721,13.668427,13.856880,13.630692,13.781540,13.687294,13.781540,13.062805,13.309326,13.347183,13.536285,14.101280,14.007355,13.687294,14.494698,14.457298,14.606796,14.569450,14.923637,15.202286,15.387550,16.417961,16.014603,15.922668,16.179840,15.830643,16.289825,16.326462,16.253181,16.344765,16.253181,16.344765,16.783035,16.655434,16.600693,17.110275,16.673668,17.146553,16.874062,17.055817,16.892258,16.527649,16.874062,16.363075,17.110275,17.073982,16.874062,17.219078,16.983162,17.019493,17.436272,17.073982,17.345833,17.073982,17.327736,17.490471,17.164696,17.363930,17.454338,17.761002,17.833000,17.363930,17.363930,17.508537,17.940880,17.850990,17.779015,17.850990,17.562698,17.868965,17.994759,17.598785,18.209953,18.048607,17.797005,17.562698,17.706970,17.742996,17.706970,17.598785,17.634865,17.652901,17.327736,17.255310,17.544655,17.110275,17.868965,17.454338,17.019493,17.200951,17.001335,17.291534,16.819458,17.182823,16.946808,16.910439,16.837654,16.600693,16.673668,15.904274,15.572441,15.332008,15.498535,15.202286,14.644127,14.830566,14.401184,14.176346,14.662788,14.513397,14.606796,14.811943,13.988556,14.438606,14.345024,14.157593,14.905037,14.681450,14.419891,14.737404,14.438606,14.382469,14.569450,13.913338,14.532082,14.756035,13.988556,14.213860,14.737404,14.438606,13.894524,14.176346,14.213860,14.774681,14.232613,14.307571,14.213860,14.326302,13.969765,14.044937,14.382469,13.913338,13.932144,14.401184,14.251350,14.494698,13.498497,14.213860,14.026146,13.950951,13.706154,13.630692,13.043808,
11.839676,13.385033,13.081795,13.138725,13.328255,13.498497,13.309326,12.834679,13.385033,13.498497,13.252487,13.403954,13.138725,12.720398,13.441788,12.777557,13.309326,13.252487,13.062805,13.403954,14.026146,12.529640,13.309326,13.422867,13.403954,12.720398,13.385033,13.328255,12.986824,13.441788,12.967819,13.498497,13.592949,13.024826,13.611824,13.024826,13.630692,13.555183,13.574066,13.062805,13.875710,13.403954,13.819221,13.649567,13.441788,13.725006,13.403954,13.195625,13.328255,13.743858,13.875710,13.819221,13.687294,13.800392,13.498497,13.441788,13.687294,13.630692,13.498497,14.063721,13.687294,13.460693,13.725006,13.950951,13.328255,13.422867,13.119759,13.403954,13.328255,12.910774,13.498497,13.024826,13.119759,12.605988,12.986824,12.357613,13.309326,12.815643,13.024826,13.062805,13.290382,12.891754,12.948814,12.910774,13.498497,13.366112,13.366112,13.479599,13.157700,13.100769,13.592949,13.441788,13.894524,13.555183,13.856880,14.044937,14.082504,13.706154,13.555183,13.649567,13.894524,13.706154,13.592949,14.007355,13.913338,13.668427,13.819221,14.063721,13.969765,13.781540,14.401184,13.781540,13.403954,13.649567,14.007355,13.819221,13.422867,13.800392,13.743858,13.649567,13.781540,14.007355,13.856880,13.819221,13.950951,14.476006,14.288834,14.195114,13.875710,13.800392,13.894524,13.856880,14.232613,13.894524,14.063721,14.176346,13.668427,13.762703,14.326302,14.082504,14.401184,13.800392,13.856880,14.101280,14.213860,14.082504,14.082504,14.026146,14.681450,13.762703,14.026146,14.026146,14.232613,13.969765,13.781540,13.819221,13.819221,13.800392,13.592949,13.725006,13.894524,14.363747,14.213860,14.532082,14.737404,15.090919,15.165176,15.387550,15.701637,15.885872,15.720085,16.088081,16.509377,16.161499,16.564171,16.655434,16.964989,16.964989,17.219078,17.219078,17.616829,16.855865,17.291534,17.255310,17.580750,17.580750,17.868965,17.327736,17.526596,17.255310,17.237198,17.454338,17.616829,17.327736,17.363930,17.382019,17.634865,17.652901,17.526596,17.706970,17.886955,17.670921,18.227867,18.174133,18.442459,17.922905,18.263664,18.174133,18.370995,18.192039,18.460312,18.120361,18.781090,18.798882,18.798882,18.567383,18.603035,18.585213,18.941017,18.531708,18.745514,18.816666,19.136055,18.869980,18.816666,19.029732,18.941017,18.905502,19.136055,19.224541,19.224541,19.277603,19.118340,19.259926,19.365944,19.330627,19.171471,19.100624,19.383614,19.136055,18.941017,18.869980,18.923264,19.206863,19.259926,19.153755,19.259926,18.941017,19.153755,19.189156,19.029732,19.011993,19.259926,19.348289,18.976524,18.727722,19.365944,19.136055,19.171471,19.029732,19.047462,19.471832,19.242241,19.065178,19.082909,18.869980,19.330627,18.834435,18.905502,18.994255,19.418907,19.136055,18.994255,18.674309,18.727722,18.852211,19.153755,18.638680,19.047462,19.206863,18.585213,18.834435,18.513863,18.674309,18.656494,18.905502,18.798882,18.905502,18.727722,18.156204,18.852211,18.692123,18.209953,18.638680,18.638680,18.531708,18.496017,18.370995,18.424599,18.245766,18.496017,18.496017,18.281563,18.156204,18.299454,18.620857,18.442459,18.084496,18.513863,18.620857,18.317345,18.638680,18.709923,18.745514,18.816666,18.567383,18.727722,18.549545,18.513863,18.513863,18.549545,17.976807,17.850990,18.370995,18.102425,17.868965,18.120361,17.724983,17.273430,17.110275,16.946808,16.179840,16.363075,16.069710,15.517014,15.369041,15.128059,14.811943,14.960838,14.363747,14.345024,14.345024,14.007355,14.476006,14.345024,14.345024,14.232613,14.625465,14.942238,14.345024,14.793312,14.232613,14.270103,14.793312,14.756035,14.326302,14.923637,14.213860,14.718750,14.588127,14.532082,14.195114,14.101280,14.063721,14.382469,14.419891,14.326302,14.326302,14.326302,14.138817,14.307571,13.894524,13.988556,14.457298,14.307571,14.176346,14.532082,13.819221,14.401184,14.419891,14.232613,14.345024,14.026146,14.082504,14.401184,14.476006,14.345024,14.419891,14.138817,14.195114,13.932144,14.513397,14.138817,14.401184,14.849190,14.438606,14.569450,14.401184,14.476006,14.288834,13.950951,14.345024,14.606796,14.232613,14.195114,14.401184,14.044937,14.251350,14.232613,13.743858,13.706154,13.630692,13.762703,13.743858,13.422867,13.271439,13.271439,13.347183,13.668427,13.043808,13.347183,13.517403,13.517403,13.611824,13.781540,13.706154,14.101280,14.120049,14.007355,14.213860,14.345024,14.401184,13.988556,14.176346,14.494698,14.494698,14.307571,14.082504,14.849190,14.251350,14.737404,14.157593,13.913338,14.363747,14.457298,14.307571,14.138817,14.157593,14.905037,13.932144,14.270103,13.950951,13.838051,14.195114,14.811943,13.838051,14.326302,14.569450,14.550774,13.725006,13.969765,14.101280,14.270103,14.382469,14.120049,14.513397,13.819221,14.345024,14.063721,13.875710,14.270103,14.476006,14.232613,13.913338,14.176346,14.138817,14.569450,13.838051,13.781540,14.007355,14.345024,13.838051,13.725006,13.819221,13.460693,14.382469,13.913338,14.138817,13.781540,13.800392,13.574066,13.856880,13.969765,13.611824,13.422867,13.385033,13.574066,14.026146,14.007355,14.176346,14.345024,14.382469,14.232613,14.793312,14.681450,15.165176,15.498535,16.032974,16.234848,16.253181,16.161499,16.106438,16.198189,16.363075,16.399666,16.764816,16.326462,16.271500,16.069710,16.655434,16.381371,16.564171,17.073982,16.892258,16.819458,17.019493,17.327736,16.874062,17.128418,16.855865,17.110275,16.710136,16.874062,16.600693,16.910439,17.472412,17.055817,17.128418,17.472412,17.508537,17.255310,17.327736,17.526596,17.508537,17.200951,17.833000,17.886955,17.019493,17.580750,17.634865,17.562698,17.309639,17.688942,17.472412,18.030663,18.030663,17.850990,17.779015,17.958839,17.868965,17.976807,17.994759,17.526596,17.976807,17.958839,17.580750,17.868965,17.904930,17.868965,17.309639,17.382019,17.526596,17.363930,17.164696,17.073982,17.363930,17.200951,17.110275,17.110275,17.309639,17.237198,16.819458,17.128418,16.363075,16.454536,16.637184,16.289825,15.553970,15.572441,15.350533,15.257896,14.905037,14.737404,14.756035,14.401184,14.700096,14.457298,14.457298,14.157593,15.220818,14.756035,14.905037,14.494698,14.625465,15.035194,14.849190,14.476006,14.176346,13.932144,13.819221,13.894524,14.195114,14.401184,14.345024,14.513397,14.213860,14.213860,14.101280,14.438606,13.988556,14.476006,14.886414,14.644127,13.819221,14.213860,14.082504,14.419891,14.345024,14.213860,14.213860,14.401184,14.625465,14.044937,13.403954,13.781540,14.532082,14.101280,13.988556,13.422867,12.739456,
12.357613,12.357613,13.290382,12.663208,12.261917,13.024826,13.309326,13.271439,13.005829,12.663208,13.950951,12.967819,12.834679,13.271439,13.138725,13.195625,13.498497,12.967819,13.252487,13.081795,13.366112,13.233543,12.948814,13.762703,13.743858,13.838051,13.422867,13.366112,13.403954,13.838051,13.630692,13.062805,13.062805,13.138725,12.910774,13.290382,13.574066,13.138725,12.815643,13.081795,13.195625,13.592949,13.536285,13.762703,13.706154,13.668427,13.290382,13.668427,13.366112,13.611824,14.044937,13.687294,13.517403,13.819221,13.290382,13.479599,13.630692,14.026146,13.649567,13.460693,13.574066,13.592949,13.743858,13.043808,13.498497,13.950951,13.385033,13.441788,12.967819,13.119759,13.536285,12.967819,13.328255,13.385033,13.195625,12.834679,12.891754,13.328255,12.891754,12.663208,13.043808,13.119759,13.498497,13.366112,13.271439,13.157700,13.479599,13.498497,13.328255,13.290382,13.706154,14.007355,13.460693,13.555183,13.988556,13.894524,14.120049,13.668427,14.063721,13.950951,13.969765,13.687294,13.687294,14.063721,14.026146,14.157593,14.120049,13.668427,13.894524,13.950951,13.838051,13.988556,13.894524,13.743858,13.969765,13.838051,13.875710,13.385033,13.819221,13.611824,13.743858,13.687294,13.781540,13.649567,14.044937,14.213860,14.120049,14.195114,13.611824,13.969765,13.725006,13.687294,13.950951,14.288834,13.687294,13.932144,14.044937,13.913338,13.894524,13.913338,14.382469,13.800392,13.950951,14.513397,14.232613,13.762703,14.382469,14.195114,14.157593,13.894524,13.950951,13.875710,14.157593,13.630692,13.725006,13.536285,13.592949,13.555183,13.762703,13.743858,13.913338,13.838051,14.382469,14.979439,14.867805,14.886414,15.035194,15.609375,15.756950,16.179840,16.014603,16.454536,16.179840,16.436256,16.673668,16.746590,16.837654,17.037659,16.910439,17.019493,17.200951,16.983162,17.490471,16.819458,17.400101,17.200951,17.291534,17.526596,17.327736,17.291534,17.382019,17.128418,17.652901,17.490471,17.490471,17.490471,17.382019,17.886955,17.544655,17.418190,17.562698,18.138290,17.797005,18.048607,17.779015,17.742996,18.263664,18.406731,18.174133,18.424599,18.424599,18.763306,18.460312,18.496017,18.620857,18.781090,18.388855,18.638680,18.816666,18.834435,18.531708,19.029732,18.798882,18.887749,19.029732,18.692123,18.816666,18.781090,19.029732,19.189156,19.383614,18.887749,19.118340,18.869980,19.118340,19.065178,19.401253,19.082909,19.401253,19.401253,19.047462,19.153755,19.100624,18.869980,19.295280,19.348289,19.047462,18.816666,19.401253,18.887749,19.011993,18.958771,19.047462,19.383614,19.136055,19.206863,19.259926,19.065178,19.577583,19.029732,19.418907,19.277603,18.976524,18.941017,19.136055,19.011993,19.312950,19.206863,18.834435,19.312950,18.958771,19.011993,19.065178,18.656494,18.905502,18.709923,18.834435,18.745514,18.976524,18.869980,18.834435,18.905502,18.976524,18.603035,18.620857,18.620857,18.496017,18.406731,18.692123,18.887749,18.370995,18.388855,18.692123,18.353111,18.852211,18.388855,18.442459,18.174133,18.406731,18.317345,18.406731,18.424599,18.174133,18.549545,18.406731,18.513863,18.084496,18.388855,18.335236,18.424599,18.763306,18.781090,18.424599,18.227867,18.388855,18.388855,18.709923,18.496017,18.567383,18.281563,18.513863,18.478165,18.852211,18.513863,18.227867,17.868965,18.156204,17.815002,17.436272,17.146553,17.382019,16.271500,16.326462,16.106438,15.922668,15.627831,15.183723,15.202286,14.849190,14.494698,14.550774,14.232613,14.550774,14.793312,14.849190,14.718750,14.774681,14.606796,14.401184,14.644127,14.960838,14.644127,14.793312,14.588127,14.718750,14.476006,14.419891,14.476006,14.232613,14.811943,14.232613,14.345024,14.251350,14.476006,14.307571,14.457298,14.157593,13.838051,14.251350,14.345024,13.875710,14.307571,13.950951,14.157593,14.438606,14.345024,14.382469,14.401184,14.700096,14.195114,14.176346,14.494698,14.120049,14.007355,14.457298,14.700096,14.382469,13.950951,14.457298,14.307571,14.476006,14.382469,14.307571,14.326302,14.363747,14.363747,14.007355,14.307571,14.737404,14.063721,14.457298,14.419891,14.494698,14.326302,14.195114,14.176346,14.419891,13.592949,13.611824,13.969765,13.706154,13.838051,13.290382,13.838051,13.441788,13.687294,13.195625,12.967819,13.668427,12.910774,13.574066,13.555183,13.422867,13.819221,13.592949,13.988556,13.460693,13.649567,13.894524,14.288834,14.550774,14.345024,14.681450,14.363747,14.886414,14.007355,14.588127,14.044937,14.307571,14.662788,14.195114,14.457298,14.662788,13.932144,14.550774,14.270103,14.382469,14.401184,14.288834,14.288834,13.894524,13.743858,13.913338,14.476006,14.326302,14.232613,14.326302,14.363747,13.819221,13.649567,14.494698,13.988556,14.157593,14.382469,14.195114,13.988556,13.932144,14.232613,14.195114,14.044937,14.176346,13.800392,13.950951,13.988556,14.063721,14.157593,14.120049,14.044937,14.363747,13.706154,13.574066,13.932144,13.913338,14.026146,14.288834,14.213860,14.176346,13.630692,13.706154,13.913338,13.687294,13.536285,13.856880,13.081795,13.441788,13.611824,13.856880,13.592949,13.592949,14.007355,14.457298,14.569450,14.120049,14.662788,14.905037,15.498535,15.535500,15.350533,15.775375,15.830643,16.399666,15.701637,16.381371,16.253181,16.344765,16.088081,16.746590,16.381371,16.399666,17.001335,16.819458,16.691910,16.801247,16.673668,16.545914,16.855865,17.255310,16.545914,16.964989,16.928627,16.855865,16.801247,16.928627,17.073982,17.001335,17.073982,16.964989,17.400101,17.544655,16.964989,17.382019,17.472412,17.273430,17.382019,17.833000,17.128418,17.742996,17.634865,17.580750,17.526596,17.291534,17.454338,18.174133,17.382019,17.634865,17.580750,17.363930,17.706970,18.192039,17.815002,18.066551,17.706970,17.761002,17.616829,17.616829,18.138290,17.904930,17.418190,17.779015,18.030663,17.128418,17.580750,17.200951,17.544655,17.850990,17.598785,17.255310,16.910439,17.291534,17.001335,17.164696,16.637184,16.983162,16.454536,16.545914,15.867470,15.941071,15.830643,15.867470,15.498535,14.662788,14.923637,14.793312,14.588127,14.550774,14.476006,14.270103,14.867805,14.681450,14.251350,14.363747,14.419891,14.606796,14.606796,14.494698,14.288834,14.213860,14.345024,14.457298,14.044937,14.681450,14.625465,14.476006,14.044937,13.460693,14.569450,14.138817,14.120049,14.345024,14.457298,14.063721,14.288834,14.550774,14.270103,14.476006,14.026146,13.950951,14.326302,14.138817,14.438606,14.120049,14.026146,13.781540,13.574066,14.120049,13.800392,14.101280,13.913338,13.743858,13.119759,
12.012634,12.204445,13.062805,12.948814,13.536285,13.024826,13.441788,13.460693,13.460693,13.005829,13.328255,13.630692,13.100769,13.592949,13.555183,12.986824,13.385033,13.800392,12.777557,13.366112,13.725006,13.119759,13.119759,13.347183,13.252487,13.081795,13.290382,13.385033,13.081795,13.157700,13.233543,13.328255,13.441788,13.366112,13.460693,13.743858,13.630692,13.195625,12.910774,13.252487,13.138725,13.460693,13.630692,14.101280,13.536285,13.195625,13.649567,13.574066,13.252487,13.687294,13.328255,13.574066,13.252487,13.517403,13.611824,13.668427,13.762703,13.385033,14.026146,13.706154,13.290382,13.422867,13.668427,13.969765,13.969765,13.366112,13.347183,13.687294,13.403954,13.517403,13.536285,13.309326,13.214584,12.948814,12.682281,12.948814,12.758507,12.758507,12.758507,12.758507,13.195625,13.157700,13.081795,13.157700,13.422867,12.929794,12.967819,13.611824,13.100769,13.347183,13.592949,13.536285,13.138725,13.875710,13.574066,13.819221,13.687294,13.838051,13.969765,13.668427,13.592949,13.630692,13.894524,13.800392,13.819221,13.950951,13.950951,13.252487,13.460693,13.214584,13.988556,13.875710,14.120049,13.649567,13.988556,13.649567,13.743858,13.403954,13.800392,13.743858,13.838051,13.856880,14.120049,13.743858,14.457298,13.913338,13.988556,13.932144,14.044937,14.382469,13.706154,14.195114,14.007355,14.476006,14.213860,13.781540,14.007355,13.781540,14.382469,14.007355,14.213860,14.213860,14.120049,13.969765,14.157593,14.063721,13.875710,13.894524,14.270103,13.932144,13.725006,14.401184,13.875710,14.044937,13.555183,13.762703,13.555183,13.668427,13.366112,13.725006,13.574066,14.195114,14.905037,14.942238,14.811943,15.035194,14.867805,15.609375,16.069710,15.701637,15.904274,16.088081,16.946808,16.545914,16.983162,16.673668,16.655434,17.200951,17.200951,17.110275,17.128418,17.219078,17.255310,17.562698,17.454338,17.382019,17.580750,17.382019,17.128418,17.037659,17.219078,17.073982,17.128418,17.345833,17.273430,17.146553,17.219078,17.092117,17.797005,17.670921,17.833000,17.598785,17.797005,18.084496,18.030663,17.779015,18.335236,18.496017,18.513863,18.281563,18.496017,18.299454,18.388855,18.531708,18.887749,18.353111,18.656494,18.317345,18.852211,18.976524,18.958771,18.549545,19.082909,18.709923,18.745514,18.674309,19.100624,19.206863,18.887749,19.029732,19.383614,19.100624,19.065178,19.612793,19.242241,19.242241,19.118340,19.436554,19.330627,19.136055,19.348289,19.011993,19.065178,19.259926,19.082909,19.118340,19.242241,18.816666,19.312950,19.242241,19.082909,19.401253,19.153755,19.047462,19.612793,19.047462,19.401253,18.852211,19.295280,18.923264,19.224541,19.277603,19.082909,19.153755,19.312950,19.312950,18.869980,18.905502,19.029732,19.507095,19.118340,18.887749,18.852211,18.816666,19.312950,18.620857,18.727722,18.478165,18.496017,19.312950,18.603035,18.976524,19.295280,18.442459,18.763306,18.567383,18.549545,18.460312,18.603035,18.245766,18.388855,18.317345,18.227867,18.531708,17.886955,18.460312,18.603035,18.567383,18.620857,17.833000,18.353111,18.406731,18.496017,18.567383,18.281563,18.567383,18.209953,18.317345,18.084496,18.192039,18.923264,18.727722,18.674309,18.620857,18.406731,18.603035,18.442459,18.603035,18.442459,18.442459,18.834435,18.317345,18.227867,18.012718,18.281563,18.567383,17.994759,18.012718,17.490471,17.164696,16.837654,16.124794,16.179840,16.198189,16.124794,15.553970,15.239365,15.461563,14.700096,14.718750,14.513397,14.550774,14.232613,14.363747,14.251350,14.793312,14.382469,14.438606,14.867805,14.718750,15.053780,14.120049,14.867805,14.251350,14.569450,14.288834,14.793312,14.644127,14.588127,14.401184,14.307571,14.419891,14.063721,14.176346,14.625465,14.382469,14.345024,14.569450,14.494698,14.326302,14.176346,14.494698,14.457298,14.251350,14.101280,14.476006,14.419891,14.345024,14.363747,14.138817,14.793312,14.007355,14.326302,14.532082,14.625465,14.532082,14.326302,14.644127,14.494698,14.494698,14.438606,14.625465,14.569450,13.950951,14.681450,14.326302,14.307571,14.662788,14.476006,14.120049,14.044937,14.345024,14.307571,14.345024,14.867805,13.555183,13.969765,13.838051,14.195114,13.950951,13.611824,13.725006,13.988556,13.328255,13.838051,13.536285,13.592949,13.271439,13.441788,13.649567,12.967819,13.195625,12.625069,13.950951,13.932144,13.611824,13.574066,14.044937,13.687294,14.251350,14.082504,14.176346,14.457298,14.326302,14.625465,14.625465,14.438606,14.345024,14.457298,14.532082,14.457298,14.363747,14.138817,14.138817,14.494698,14.176346,14.007355,13.950951,14.270103,14.288834,14.007355,14.251350,13.950951,13.969765,14.138817,13.856880,14.251350,14.138817,14.082504,13.649567,14.063721,13.894524,13.819221,14.363747,14.101280,13.913338,13.875710,13.932144,13.838051,14.307571,13.969765,14.007355,14.063721,13.913338,14.438606,14.307571,13.932144,13.781540,14.026146,14.026146,13.988556,13.725006,14.082504,13.856880,13.950951,13.838051,14.063721,13.969765,13.422867,13.366112,13.328255,13.950951,13.649567,13.762703,13.574066,13.574066,13.536285,13.309326,13.932144,14.026146,14.606796,14.476006,14.232613,14.326302,14.998024,15.332008,15.146614,15.627831,15.977844,15.830643,15.867470,15.849052,16.253181,15.793800,16.655434,16.801247,16.381371,16.545914,16.216530,16.837654,16.764816,16.691910,16.892258,16.801247,17.146553,16.855865,17.219078,16.600693,16.509377,16.728371,16.983162,16.655434,17.019493,16.910439,17.019493,16.855865,17.219078,16.946808,17.237198,17.508537,17.490471,17.454338,17.652901,17.182823,17.508537,17.363930,17.634865,17.164696,17.797005,17.904930,17.886955,17.544655,17.200951,18.048607,17.670921,17.418190,17.761002,17.616829,17.670921,17.544655,18.048607,17.724983,17.490471,17.508537,17.850990,17.797005,18.030663,17.508537,17.544655,17.255310,16.801247,17.706970,17.055817,17.110275,16.801247,17.472412,16.928627,17.146553,17.146553,17.182823,17.001335,16.088081,16.855865,16.764816,16.819458,16.216530,16.088081,15.775375,15.590912,15.683197,15.128059,15.350533,14.644127,14.606796,14.476006,14.942238,15.294960,14.756035,15.053780,14.457298,14.886414,14.382469,14.457298,14.662788,14.681450,14.082504,14.513397,14.532082,14.737404,14.101280,14.494698,14.251350,14.401184,14.063721,13.819221,14.157593,14.419891,14.176346,14.662788,14.345024,14.101280,14.176346,14.270103,13.988556,14.176346,13.856880,14.082504,13.969765,14.101280,14.382469,14.457298,14.138817,13.950951,14.457298,13.969765,14.476006,13.988556,13.856880,13.517403,12.948814,
12.434105,12.567825,12.281059,12.663208,13.838051,13.649567,13.385033,13.366112,13.062805,12.739456,13.479599,13.347183,13.479599,13.347183,13.347183,13.081795,13.611824,13.252487,13.498497,13.366112,13.271439,13.214584,13.441788,13.005829,13.687294,12.701340,12.986824,13.725006,13.233543,13.592949,13.385033,13.214584,13.725006,13.592949,13.157700,13.081795,13.385033,13.195625,13.706154,13.309326,13.290382,13.195625,13.214584,13.195625,13.176659,13.271439,13.328255,14.082504,13.441788,13.062805,13.687294,14.082504,13.517403,13.687294,13.592949,13.819221,13.479599,13.479599,14.157593,13.800392,13.781540,13.762703,13.819221,13.536285,14.251350,13.290382,13.422867,13.668427,13.479599,13.309326,13.385033,13.233543,13.081795,13.403954,13.005829,12.948814,13.100769,12.663208,13.119759,12.872734,12.815643,13.081795,13.214584,13.271439,13.119759,13.366112,13.479599,13.517403,13.328255,13.838051,13.138725,13.781540,13.988556,13.875710,13.403954,13.725006,13.913338,14.382469,13.706154,13.913338,13.875710,13.800392,13.950951,13.555183,13.932144,14.176346,14.007355,13.271439,13.856880,13.611824,13.875710,13.536285,13.950951,13.479599,13.725006,13.988556,14.307571,13.630692,14.007355,13.555183,13.913338,14.063721,14.532082,13.574066,13.252487,13.725006,14.120049,13.781540,14.232613,13.668427,14.232613,13.932144,13.856880,13.913338,14.044937,13.649567,13.913338,14.157593,14.232613,14.270103,14.195114,13.950951,13.875710,14.007355,13.838051,14.101280,14.288834,14.157593,14.195114,14.007355,14.326302,13.894524,14.082504,13.932144,13.875710,13.913338,13.894524,13.309326,13.706154,14.007355,14.082504,14.251350,14.625465,14.157593,14.718750,14.979439,15.406059,15.517014,15.498535,15.369041,16.106438,16.381371,16.491104,16.527649,16.344765,16.710136,17.001335,17.092117,16.655434,16.837654,16.928627,17.146553,17.363930,17.327736,17.400101,17.182823,17.146553,16.874062,17.922905,17.219078,17.219078,17.219078,17.544655,16.874062,17.291534,17.418190,17.616829,17.110275,17.670921,17.833000,17.724983,18.012718,17.850990,17.472412,17.797005,17.761002,18.209953,17.976807,17.958839,18.102425,18.478165,18.638680,18.567383,18.585213,18.424599,18.727722,18.781090,18.567383,18.709923,18.905502,19.029732,18.763306,19.383614,18.994255,18.994255,19.047462,18.905502,19.065178,19.295280,19.277603,19.118340,18.852211,19.082909,19.082909,19.224541,19.259926,18.781090,19.029732,19.065178,19.029732,18.869980,19.348289,18.887749,19.224541,19.011993,19.312950,19.242241,18.887749,19.454201,18.834435,19.065178,18.852211,19.011993,19.029732,19.242241,19.082909,19.171471,19.029732,19.471832,19.436554,19.065178,19.489464,18.976524,19.047462,19.189156,18.958771,19.471832,19.082909,19.011993,19.100624,19.082909,19.206863,18.816666,18.976524,19.224541,18.994255,18.852211,18.620857,19.082909,18.905502,18.905502,18.656494,18.923264,19.153755,18.709923,18.923264,18.994255,18.727722,18.852211,18.798882,18.245766,18.585213,18.370995,18.263664,18.549545,18.567383,18.549545,18.727722,18.388855,18.549545,18.460312,18.299454,18.353111,18.567383,18.370995,18.281563,18.084496,18.496017,18.442459,18.478165,18.763306,18.281563,18.424599,18.531708,18.709923,18.263664,18.370995,18.834435,18.496017,18.317345,18.066551,18.620857,18.120361,17.976807,18.281563,17.886955,18.084496,17.490471,17.670921,17.164696,17.200951,16.472824,16.783035,16.014603,15.904274,15.220818,15.387550,14.793312,14.737404,14.101280,14.363747,14.532082,14.363747,14.476006,14.288834,14.082504,14.588127,14.419891,15.016617,14.382469,14.457298,14.588127,14.644127,14.438606,14.700096,14.138817,14.401184,14.662788,14.774681,14.419891,14.606796,14.550774,14.644127,14.532082,14.326302,14.457298,14.307571,14.363747,14.307571,14.550774,14.625465,14.345024,14.513397,14.251350,14.625465,14.101280,14.588127,14.550774,14.326302,14.363747,14.662788,14.588127,14.401184,14.044937,14.588127,14.044937,14.044937,14.157593,14.569450,14.138817,14.718750,14.307571,14.494698,14.494698,13.950951,14.232613,14.382469,14.138817,14.382469,14.401184,14.195114,14.157593,14.382469,13.932144,14.157593,14.288834,14.082504,14.082504,13.913338,14.157593,13.894524,13.838051,13.290382,13.611824,13.706154,13.441788,13.328255,13.366112,13.555183,13.743858,13.706154,13.347183,13.668427,13.479599,14.007355,14.251350,13.668427,14.213860,13.762703,13.762703,14.644127,14.811943,14.588127,14.438606,14.588127,14.494698,14.382469,14.307571,14.419891,14.063721,14.288834,14.307571,14.382469,14.550774,14.382469,14.026146,14.232613,14.026146,14.438606,14.007355,14.232613,14.120049,14.213860,14.213860,14.288834,14.457298,14.176346,14.195114,14.288834,13.913338,14.363747,13.687294,14.232613,14.138817,14.363747,14.363747,14.251350,14.288834,14.026146,14.063721,14.120049,14.382469,14.363747,14.063721,13.950951,13.875710,14.082504,14.082504,14.157593,13.536285,13.574066,13.460693,13.932144,13.441788,14.120049,13.498497,13.894524,13.366112,13.309326,14.157593,13.309326,12.872734,13.611824,13.649567,13.555183,13.706154,13.592949,13.403954,13.800392,13.838051,14.082504,13.800392,14.176346,14.550774,14.979439,15.146614,15.202286,15.627831,15.793800,15.959457,16.326462,15.701637,15.959457,16.253181,16.088081,16.216530,16.454536,16.928627,16.436256,16.527649,17.092117,16.691910,16.673668,16.637184,16.746590,16.837654,16.326462,16.855865,16.746590,16.946808,16.655434,17.019493,16.874062,16.472824,17.001335,17.073982,16.946808,17.327736,17.363930,17.706970,17.598785,17.182823,17.472412,17.580750,17.382019,17.652901,17.958839,17.291534,17.382019,17.490471,17.940880,17.418190,17.544655,17.850990,17.454338,17.616829,17.724983,17.976807,17.815002,18.263664,17.706970,17.219078,18.066551,18.353111,17.580750,17.472412,17.868965,17.616829,17.598785,17.400101,17.580750,17.706970,17.688942,17.400101,17.182823,17.382019,17.001335,16.746590,17.472412,16.855865,17.490471,16.946808,16.637184,16.289825,16.289825,16.399666,15.904274,15.830643,15.553970,15.793800,15.090919,14.849190,14.960838,14.550774,14.886414,14.270103,14.476006,14.811943,14.157593,14.867805,14.756035,14.756035,14.363747,14.419891,14.569450,14.849190,14.251350,14.494698,15.035194,14.270103,13.988556,14.101280,13.875710,14.326302,14.345024,14.176346,14.082504,14.082504,14.681450,14.700096,14.569450,14.101280,13.856880,13.611824,14.363747,14.101280,13.969765,13.762703,14.120049,13.611824,14.532082,14.176346,13.913338,13.969765,13.969765,13.932144,13.536285,13.706154,13.441788,13.536285,
12.357613,12.472336,12.701340,13.385033,13.214584,14.007355,13.214584,13.119759,13.252487,13.252487,12.910774,13.176659,13.517403,13.347183,12.986824,13.309326,13.460693,13.252487,13.309326,13.366112,13.687294,13.460693,13.403954,13.328255,12.948814,13.536285,13.157700,13.422867,13.460693,13.290382,13.517403,13.479599,13.403954,13.592949,13.517403,13.687294,12.929794,13.687294,13.441788,13.403954,13.555183,13.706154,13.347183,13.422867,13.725006,13.195625,13.649567,13.649567,13.517403,13.630692,14.120049,13.592949,13.725006,13.781540,13.214584,13.856880,13.819221,13.819221,13.800392,13.536285,14.232613,13.574066,14.007355,13.611824,13.517403,13.403954,13.706154,13.498497,13.290382,13.081795,12.910774,13.176659,13.176659,12.414986,13.214584,13.005829,13.214584,13.403954,13.024826,12.834679,13.138725,13.100769,12.567825,13.214584,13.328255,13.309326,13.385033,13.309326,13.800392,13.988556,13.743858,13.536285,14.120049,13.913338,13.743858,13.988556,13.743858,13.932144,13.555183,13.536285,13.819221,13.894524,13.668427,13.894524,13.630692,13.611824,13.555183,13.668427,14.307571,13.781540,13.988556,14.063721,13.969765,13.536285,13.856880,13.536285,14.007355,13.592949,13.838051,13.649567,13.687294,14.213860,13.649567,13.875710,13.743858,13.762703,14.157593,13.271439,13.913338,14.176346,13.894524,14.007355,14.157593,14.326302,14.382469,14.007355,13.913338,14.213860,13.875710,14.157593,14.532082,13.988556,14.363747,13.875710,14.082504,14.438606,13.687294,14.625465,13.932144,14.026146,13.819221,13.762703,13.856880,13.668427,13.762703,13.743858,13.687294,13.479599,13.706154,13.233543,14.176346,14.476006,14.457298,14.419891,14.849190,15.202286,15.553970,15.387550,15.443062,16.179840,16.143143,15.793800,16.600693,16.491104,16.964989,16.892258,16.819458,16.764816,17.092117,16.837654,17.200951,17.309639,17.382019,17.382019,17.616829,17.019493,17.688942,17.255310,17.019493,17.255310,17.200951,17.382019,17.779015,17.019493,17.598785,17.363930,17.400101,17.490471,17.490471,17.652901,17.598785,17.742996,17.833000,17.994759,18.174133,17.815002,18.192039,18.030663,18.370995,18.335236,18.138290,18.353111,18.816666,18.478165,18.603035,18.638680,18.692123,18.958771,18.727722,18.798882,18.531708,19.224541,19.153755,18.620857,18.585213,18.585213,19.224541,18.692123,19.047462,19.277603,19.136055,18.905502,18.941017,19.065178,19.259926,19.029732,19.330627,18.923264,19.171471,18.781090,18.781090,18.869980,19.277603,19.189156,19.011993,19.206863,19.224541,19.047462,18.869980,19.418907,18.905502,19.507095,19.365944,19.118340,19.224541,18.852211,19.612793,19.277603,19.330627,19.153755,19.348289,19.189156,19.436554,19.401253,19.330627,19.383614,19.348289,19.383614,19.082909,18.994255,19.153755,18.781090,19.365944,19.136055,19.011993,19.065178,18.834435,19.011993,19.011993,18.763306,19.047462,18.798882,18.834435,18.585213,18.603035,18.781090,18.852211,18.781090,18.816666,18.174133,18.834435,18.638680,18.763306,18.174133,18.442459,18.460312,18.120361,18.709923,18.692123,18.442459,18.120361,18.692123,18.066551,18.048607,18.905502,18.174133,18.585213,18.620857,18.370995,18.245766,18.388855,18.263664,18.245766,18.460312,18.798882,18.299454,18.674309,18.478165,18.603035,18.567383,18.513863,18.263664,18.317345,17.797005,17.940880,17.868965,17.598785,17.724983,17.454338,17.526596,16.910439,16.564171,16.124794,16.399666,15.738518,15.775375,15.257896,14.998024,14.756035,14.867805,14.588127,14.382469,14.513397,14.082504,14.120049,14.700096,14.345024,14.401184,14.494698,14.606796,14.494698,14.476006,14.979439,14.606796,14.513397,14.195114,14.401184,14.232613,14.867805,14.195114,14.345024,14.606796,14.606796,14.195114,14.082504,14.176346,14.513397,14.438606,14.756035,14.101280,13.969765,14.288834,14.476006,14.718750,14.363747,14.157593,14.363747,14.232613,13.969765,14.232613,14.737404,14.026146,14.718750,14.232613,14.326302,13.950951,14.307571,14.550774,14.063721,14.494698,14.007355,14.998024,14.644127,14.513397,14.307571,14.532082,14.307571,14.007355,14.326302,14.082504,14.513397,14.494698,14.213860,14.026146,14.120049,14.195114,14.513397,13.969765,14.026146,13.687294,14.026146,13.988556,13.536285,13.271439,13.592949,13.214584,13.441788,13.498497,13.781540,13.498497,13.743858,13.271439,13.271439,13.347183,13.536285,14.044937,13.743858,13.856880,14.138817,14.307571,14.457298,14.082504,14.345024,14.120049,14.606796,14.213860,14.513397,14.176346,14.120049,14.157593,14.345024,14.101280,14.251350,14.082504,14.044937,14.513397,14.457298,13.969765,13.969765,13.668427,14.232613,14.307571,13.875710,14.532082,13.988556,14.363747,14.288834,14.157593,14.007355,14.157593,13.819221,13.725006,13.856880,13.894524,13.819221,14.251350,14.251350,13.988556,13.913338,13.838051,14.026146,13.611824,13.894524,14.288834,14.007355,14.101280,14.588127,14.363747,13.875710,14.026146,13.479599,13.950951,13.913338,14.063721,13.687294,14.044937,14.288834,13.950951,14.026146,13.611824,13.819221,13.913338,13.762703,13.385033,13.725006,13.441788,13.668427,13.403954,14.063721,14.345024,13.988556,14.082504,14.232613,14.382469,14.569450,14.905037,15.183723,15.313492,16.051353,16.051353,15.498535,16.161499,16.161499,16.051353,16.308144,16.600693,16.161499,16.216530,16.582436,16.801247,16.855865,16.600693,16.491104,16.637184,17.128418,16.673668,16.983162,16.746590,16.582436,17.454338,17.200951,16.124794,16.673668,16.928627,16.691910,17.164696,17.219078,17.761002,17.273430,17.255310,17.652901,17.255310,17.472412,17.327736,17.382019,17.724983,17.472412,17.652901,17.508537,17.688942,18.066551,17.670921,18.102425,17.670921,17.994759,17.670921,17.868965,17.833000,17.454338,17.797005,17.670921,17.345833,17.833000,17.850990,17.363930,17.164696,17.400101,18.156204,17.779015,17.219078,17.616829,17.490471,17.182823,17.291534,16.964989,17.382019,17.400101,17.200951,17.055817,17.219078,16.710136,16.728371,16.801247,16.637184,16.472824,16.088081,15.609375,15.849052,15.257896,14.849190,14.811943,14.662788,14.513397,14.419891,14.513397,14.195114,14.569450,14.082504,14.849190,14.044937,14.419891,14.569450,14.606796,14.307571,14.830566,14.625465,14.363747,14.700096,13.932144,13.725006,14.625465,13.950951,14.513397,14.063721,13.517403,14.476006,14.157593,14.138817,14.195114,14.438606,14.026146,14.457298,14.419891,13.969765,14.382469,14.213860,14.532082,14.457298,14.232613,14.101280,14.363747,13.932144,14.082504,13.762703,14.606796,14.345024,13.950951,13.366112,13.649567,12.625069,
11.916588,12.929794,13.422867,12.929794,12.834679,13.100769,13.403954,13.005829,13.290382,13.441788,13.309326,13.043808,13.309326,13.403954,13.328255,13.517403,13.157700,13.385033,13.498497,14.120049,13.611824,13.328255,13.422867,13.819221,13.195625,13.913338,13.668427,13.460693,13.347183,13.687294,13.422867,13.005829,13.460693,13.195625,13.819221,13.138725,13.214584,13.290382,13.762703,13.290382,13.214584,13.574066,13.574066,13.969765,13.574066,13.498497,13.592949,13.460693,13.706154,13.574066,13.328255,13.630692,13.649567,13.950951,13.498497,13.630692,13.725006,13.762703,13.706154,13.630692,13.875710,13.611824,13.592949,13.743858,13.649567,13.176659,13.479599,13.649567,13.290382,13.176659,13.271439,13.195625,13.347183,12.891754,13.176659,13.309326,13.176659,13.005829,13.081795,12.853714,13.687294,13.214584,13.119759,13.138725,13.441788,13.479599,13.347183,13.687294,13.781540,14.026146,13.555183,13.932144,13.687294,13.856880,13.875710,13.950951,14.251350,13.630692,13.555183,13.800392,13.950951,13.950951,13.781540,13.969765,13.894524,13.875710,13.668427,14.307571,13.950951,13.706154,13.856880,13.706154,13.913338,13.668427,13.856880,13.969765,13.913338,14.082504,13.668427,13.743858,13.932144,14.063721,13.498497,14.026146,13.630692,14.569450,13.856880,13.950951,13.781540,13.743858,14.044937,13.856880,13.687294,14.213860,14.176346,14.120049,13.800392,14.157593,13.762703,14.288834,13.743858,14.251350,14.176346,13.894524,14.438606,13.762703,14.026146,14.176346,13.913338,14.438606,14.345024,14.007355,14.401184,13.950951,13.819221,13.611824,13.706154,13.743858,13.875710,13.800392,14.326302,13.988556,14.382469,14.363747,15.183723,14.737404,15.313492,15.793800,15.609375,15.922668,16.216530,16.088081,16.509377,16.655434,16.983162,16.454536,17.436272,16.710136,16.874062,16.819458,17.182823,17.490471,17.073982,17.291534,17.472412,17.092117,17.634865,17.526596,17.128418,17.019493,17.327736,17.128418,17.652901,17.182823,17.164696,17.490471,17.562698,17.309639,17.742996,17.200951,17.634865,17.508537,17.598785,17.797005,18.084496,18.263664,18.048607,17.868965,18.084496,18.620857,18.478165,18.370995,18.388855,18.531708,18.763306,18.638680,18.834435,18.478165,19.348289,18.727722,18.816666,18.603035,18.478165,18.869980,19.029732,18.834435,18.887749,19.295280,19.365944,18.852211,18.709923,18.905502,19.011993,19.365944,19.365944,18.905502,19.277603,18.958771,19.242241,19.082909,19.542351,19.118340,18.958771,18.923264,18.603035,18.941017,19.454201,18.923264,18.976524,18.941017,19.348289,19.171471,19.295280,19.365944,19.171471,19.206863,19.595184,19.277603,19.330627,19.471832,19.612793,19.312950,19.206863,19.171471,19.330627,19.136055,19.118340,19.259926,19.524719,19.259926,19.100624,19.118340,19.082909,18.958771,18.923264,18.674309,18.941017,18.781090,18.798882,18.976524,18.585213,18.905502,19.489464,18.138290,18.531708,18.869980,18.923264,18.852211,18.460312,19.065178,18.798882,18.638680,18.496017,18.478165,18.317345,18.513863,18.709923,18.174133,18.138290,18.370995,18.816666,18.335236,18.192039,17.868965,18.138290,18.048607,18.406731,18.335236,18.388855,18.030663,18.442459,18.549545,18.603035,18.227867,17.779015,18.442459,18.460312,18.442459,18.727722,18.567383,18.353111,18.353111,18.227867,18.281563,17.922905,18.120361,17.976807,17.490471,16.764816,16.892258,16.564171,16.710136,16.491104,16.436256,15.904274,15.480049,15.313492,15.165176,14.457298,14.662788,14.438606,14.401184,14.026146,13.800392,14.569450,14.345024,14.849190,14.681450,14.811943,14.718750,14.737404,14.382469,14.532082,13.894524,14.476006,14.569450,14.120049,14.550774,14.101280,14.886414,14.363747,14.644127,14.401184,14.101280,14.270103,14.569450,14.307571,14.195114,14.457298,14.195114,14.438606,13.969765,14.382469,14.569450,14.345024,14.101280,14.232613,14.251350,14.363747,14.494698,14.232613,14.419891,14.326302,14.195114,14.195114,14.625465,14.138817,14.138817,14.195114,14.270103,14.307571,14.588127,14.737404,14.419891,14.476006,14.401184,14.718750,14.326302,14.270103,14.063721,14.401184,13.988556,14.457298,14.438606,13.913338,14.232613,14.588127,13.687294,13.781540,14.438606,13.988556,13.649567,13.422867,13.762703,13.536285,13.309326,13.385033,13.687294,13.592949,13.668427,13.706154,13.555183,13.460693,13.592949,13.441788,13.441788,14.326302,13.668427,14.120049,14.044937,14.307571,14.513397,14.270103,14.382469,14.513397,14.326302,14.232613,14.176346,14.213860,14.662788,14.307571,14.756035,14.345024,14.307571,14.026146,14.494698,14.382469,14.363747,13.988556,13.743858,14.138817,14.157593,13.969765,13.781540,14.326302,13.498497,14.494698,13.894524,13.819221,14.044937,13.800392,13.668427,14.026146,14.101280,14.082504,14.270103,14.513397,14.195114,13.838051,13.781540,14.232613,13.894524,14.326302,13.856880,14.195114,14.157593,14.120049,14.326302,14.138817,13.819221,14.138817,13.932144,13.668427,13.536285,13.913338,13.800392,13.630692,13.668427,13.932144,13.856880,13.706154,13.649567,13.403954,13.233543,13.366112,13.687294,14.044937,13.574066,13.913338,14.363747,14.063721,14.082504,14.681450,14.363747,15.276436,15.090919,15.350533,15.387550,15.941071,16.271500,16.032974,16.326462,15.904274,16.069710,16.417961,16.399666,16.637184,16.582436,16.454536,17.092117,16.363075,16.691910,17.454338,17.128418,16.855865,16.710136,16.710136,16.801247,17.454338,16.600693,16.582436,16.582436,16.783035,16.491104,16.746590,16.783035,16.710136,17.001335,17.454338,17.309639,17.580750,17.092117,17.092117,17.598785,17.761002,17.309639,17.472412,17.580750,17.886955,18.174133,17.273430,17.363930,17.562698,17.815002,17.634865,17.797005,17.940880,17.382019,17.616829,17.526596,17.976807,17.742996,17.724983,17.454338,17.940880,17.833000,17.544655,17.490471,17.237198,17.634865,17.255310,17.454338,17.073982,17.092117,17.761002,16.837654,17.128418,16.801247,17.291534,16.946808,16.855865,16.855865,16.472824,16.764816,16.801247,16.363075,16.509377,15.627831,15.517014,15.498535,15.053780,15.072350,14.998024,14.270103,14.550774,13.819221,14.476006,14.550774,14.213860,14.737404,14.419891,14.457298,14.793312,14.588127,14.026146,13.819221,14.138817,14.138817,14.345024,14.044937,14.307571,13.800392,14.326302,14.588127,13.969765,14.345024,14.625465,14.532082,13.913338,14.644127,14.026146,14.082504,14.326302,14.382469,14.288834,14.326302,14.494698,13.988556,14.063721,14.550774,14.026146,13.913338,14.176346,14.157593,13.366112,13.894524,14.138817,14.101280,13.630692,12.834679,
11.820435,13.233543,13.195625,13.309326,13.138725,12.834679,13.498497,13.043808,13.875710,13.176659,13.441788,13.195625,13.422867,13.119759,13.687294,13.385033,13.290382,13.498497,13.271439,13.555183,13.838051,13.743858,13.574066,13.668427,13.762703,13.081795,13.195625,13.517403,13.271439,13.592949,13.950951,13.119759,13.536285,13.536285,13.138725,13.252487,13.441788,13.687294,13.233543,13.536285,13.385033,13.969765,13.271439,13.800392,13.555183,13.762703,13.592949,13.649567,13.687294,13.252487,13.271439,13.119759,13.819221,13.781540,13.913338,13.176659,14.213860,13.630692,13.856880,13.574066,14.007355,13.762703,14.063721,13.479599,13.743858,13.517403,13.781540,13.517403,13.479599,13.385033,13.233543,13.347183,12.605988,12.834679,13.157700,12.872734,13.062805,12.815643,13.005829,12.853714,13.024826,12.910774,13.290382,12.815643,13.479599,13.176659,13.649567,13.347183,13.592949,13.574066,13.574066,14.082504,13.800392,13.611824,13.988556,13.498497,13.781540,13.668427,13.856880,13.649567,14.213860,13.838051,13.555183,13.800392,13.725006,14.363747,13.800392,13.988556,13.856880,13.725006,14.176346,14.457298,13.668427,13.969765,13.819221,13.422867,13.894524,13.725006,14.138817,14.232613,13.932144,13.592949,14.120049,13.762703,13.781540,13.894524,14.007355,13.819221,14.288834,14.120049,14.007355,13.668427,13.687294,14.345024,14.232613,14.195114,14.044937,14.157593,14.082504,13.743858,14.007355,13.894524,14.251350,14.419891,14.307571,13.913338,14.063721,13.950951,14.157593,13.875710,14.382469,13.800392,13.932144,14.007355,13.819221,13.950951,13.725006,13.913338,13.856880,13.913338,13.894524,14.176346,14.176346,14.998024,14.979439,15.035194,15.535500,15.701637,16.106438,15.996223,16.344765,16.271500,16.436256,16.124794,16.728371,16.545914,17.001335,16.928627,16.910439,16.946808,17.490471,16.964989,17.237198,17.436272,17.219078,17.382019,16.983162,17.255310,17.363930,17.182823,17.182823,17.382019,17.544655,17.490471,17.706970,16.892258,17.418190,17.200951,17.363930,17.706970,17.634865,17.436272,17.797005,17.833000,18.120361,18.353111,17.994759,18.138290,18.156204,18.406731,18.549545,18.335236,18.692123,18.406731,18.709923,18.674309,18.781090,18.745514,18.460312,18.692123,18.869980,18.869980,18.869980,18.781090,18.745514,18.781090,19.383614,19.011993,18.923264,18.834435,19.153755,18.887749,19.401253,18.958771,19.065178,19.189156,19.224541,19.206863,18.976524,19.259926,19.242241,19.277603,19.189156,18.887749,19.171471,19.082909,19.507095,19.065178,19.189156,19.330627,19.348289,19.047462,19.418907,19.065178,19.082909,19.029732,19.630394,19.383614,19.542351,19.277603,19.489464,18.852211,19.295280,19.118340,19.224541,19.029732,19.153755,18.994255,19.383614,19.418907,19.242241,19.436554,19.082909,18.976524,19.100624,19.259926,19.153755,18.709923,19.153755,19.153755,18.798882,18.656494,18.958771,18.923264,18.781090,18.709923,18.976524,18.887749,18.549545,18.299454,18.798882,18.156204,18.585213,18.317345,18.834435,18.745514,18.370995,18.638680,18.674309,18.406731,18.263664,18.370995,18.084496,18.156204,18.549545,18.406731,18.084496,18.585213,18.245766,18.174133,18.656494,18.317345,18.335236,18.227867,18.263664,18.406731,18.335236,18.620857,18.192039,18.442459,18.317345,18.299454,18.460312,18.030663,18.120361,17.940880,17.761002,17.886955,17.418190,17.128418,17.436272,16.673668,16.545914,16.124794,16.179840,15.369041,15.239365,14.718750,14.923637,14.644127,14.513397,14.513397,14.270103,14.662788,14.419891,14.195114,14.774681,14.382469,14.960838,14.438606,14.288834,14.569450,14.532082,14.625465,14.700096,14.270103,14.457298,14.419891,14.438606,14.382469,14.644127,14.082504,14.401184,14.345024,14.700096,14.625465,14.606796,14.063721,14.120049,14.251350,14.232613,14.251350,14.176346,13.687294,14.026146,14.232613,14.419891,14.401184,14.044937,14.101280,14.513397,14.401184,14.756035,14.550774,14.138817,14.288834,14.363747,14.382469,14.419891,14.457298,14.513397,14.232613,14.345024,14.288834,14.101280,14.195114,14.476006,14.625465,14.438606,14.513397,13.838051,14.457298,14.363747,14.419891,14.044937,14.044937,13.988556,14.195114,14.138817,14.326302,13.800392,13.743858,13.592949,13.328255,13.347183,13.819221,13.819221,13.233543,13.555183,13.649567,13.422867,13.630692,13.913338,13.517403,14.026146,13.932144,13.706154,13.819221,14.026146,13.743858,14.176346,14.232613,14.382469,14.644127,14.793312,14.588127,14.588127,14.345024,14.026146,14.756035,14.457298,14.026146,14.345024,14.157593,14.625465,14.307571,13.743858,13.913338,14.082504,14.026146,14.063721,13.894524,13.969765,14.044937,14.082504,13.913338,13.894524,14.625465,14.251350,14.082504,14.232613,14.288834,14.063721,14.026146,14.063721,14.232613,14.270103,13.913338,13.969765,14.419891,14.363747,14.026146,14.176346,14.662788,14.345024,14.270103,13.856880,13.913338,14.363747,13.781540,14.007355,14.063721,13.894524,13.762703,13.592949,14.120049,13.743858,13.460693,14.063721,13.932144,13.800392,13.233543,13.762703,13.366112,13.932144,13.233543,13.309326,14.007355,13.762703,14.138817,13.969765,14.082504,14.044937,14.550774,14.718750,15.239365,15.480049,15.775375,15.517014,15.959457,16.472824,15.590912,15.959457,16.106438,16.088081,15.977844,16.637184,16.179840,16.472824,16.545914,16.454536,16.436256,16.673668,16.892258,17.146553,16.892258,16.910439,16.910439,17.001335,17.291534,16.837654,16.874062,16.600693,17.055817,16.928627,17.382019,16.983162,17.128418,16.964989,17.382019,17.761002,17.055817,17.182823,17.146553,17.598785,17.652901,17.670921,17.761002,17.724983,17.562698,17.436272,17.616829,17.994759,17.688942,17.472412,17.833000,17.868965,17.994759,17.724983,17.508537,17.652901,17.850990,18.030663,17.454338,17.688942,17.200951,17.472412,17.472412,17.779015,17.400101,17.580750,17.850990,17.454338,17.382019,16.946808,17.291534,17.073982,17.237198,17.019493,16.910439,16.655434,16.472824,16.564171,16.399666,16.106438,16.106438,15.885872,16.088081,15.941071,14.625465,15.517014,14.326302,14.401184,14.942238,14.849190,14.195114,14.326302,14.793312,14.326302,14.532082,14.960838,14.419891,14.082504,14.363747,13.856880,14.905037,14.195114,14.363747,14.401184,14.176346,14.251350,14.625465,13.950951,14.401184,14.438606,14.457298,14.082504,13.988556,14.476006,14.401184,13.687294,14.288834,14.307571,14.176346,14.138817,13.611824,14.251350,14.007355,14.007355,14.176346,14.625465,14.307571,14.101280,13.800392,13.988556,14.176346,14.026146,14.345024,13.649567,13.043808,
12.491440,12.834679,12.834679,13.441788,13.062805,12.758507,12.929794,13.138725,13.403954,13.555183,13.081795,13.062805,14.101280,12.910774,13.195625,13.347183,13.894524,13.441788,13.385033,13.422867,13.214584,13.574066,13.555183,13.081795,14.120049,12.891754,13.838051,13.176659,13.517403,12.891754,13.479599,13.441788,13.781540,13.214584,13.498497,13.498497,13.781540,13.517403,13.233543,13.422867,13.460693,13.536285,13.894524,13.517403,13.347183,13.950951,13.630692,13.725006,13.498497,13.536285,14.044937,13.781540,13.725006,13.800392,13.743858,14.138817,13.988556,13.913338,13.932144,13.800392,13.781540,13.725006,13.328255,13.555183,13.800392,13.649567,13.969765,13.366112,13.385033,13.555183,13.706154,13.347183,13.157700,13.024826,13.138725,13.024826,12.891754,13.081795,13.043808,13.100769,13.024826,13.385033,13.138725,13.214584,12.929794,13.592949,13.309326,13.441788,13.290382,13.668427,13.781540,13.781540,13.743858,13.894524,13.819221,14.101280,13.856880,13.781540,13.762703,13.668427,14.101280,13.725006,13.630692,13.950951,13.743858,14.063721,13.611824,13.743858,14.120049,13.743858,14.213860,13.687294,13.574066,13.781540,13.875710,13.950951,13.932144,13.894524,13.950951,13.988556,13.950951,13.687294,14.120049,13.950951,14.082504,14.120049,14.494698,13.819221,14.157593,13.762703,13.969765,13.517403,13.856880,13.743858,13.950951,14.101280,14.232613,13.743858,13.932144,14.007355,14.044937,13.725006,14.157593,13.988556,14.232613,14.270103,14.157593,13.932144,14.138817,14.232613,14.176346,14.044937,14.157593,13.328255,13.725006,13.725006,13.687294,13.592949,13.762703,13.950951,14.082504,14.195114,14.532082,14.457298,14.793312,15.424561,15.072350,15.406059,15.812218,15.941071,16.069710,16.363075,16.582436,16.179840,16.454536,16.417961,16.874062,16.728371,17.400101,16.928627,17.363930,17.019493,17.164696,17.219078,17.436272,17.526596,17.291534,17.508537,17.363930,17.418190,17.291534,17.327736,17.526596,17.146553,17.345833,17.436272,17.382019,17.237198,17.761002,17.526596,17.544655,18.084496,17.652901,17.994759,18.192039,18.084496,17.904930,18.370995,18.281563,18.335236,18.281563,18.513863,18.709923,18.620857,18.513863,18.353111,18.335236,18.958771,18.745514,18.442459,18.763306,18.852211,18.656494,18.674309,19.029732,18.834435,18.781090,19.206863,19.242241,18.816666,19.153755,18.994255,19.047462,19.118340,19.153755,19.224541,19.242241,19.312950,19.489464,19.242241,19.065178,19.065178,18.887749,19.295280,19.454201,18.869980,19.082909,19.401253,19.277603,18.941017,19.401253,19.011993,19.454201,19.171471,19.082909,19.224541,19.330627,19.242241,19.189156,19.489464,19.330627,19.153755,19.259926,19.189156,19.295280,19.295280,19.348289,18.958771,19.436554,19.082909,19.153755,19.065178,19.118340,19.295280,18.905502,19.383614,18.976524,19.065178,18.923264,18.923264,18.281563,18.709923,18.585213,18.727722,18.692123,18.620857,18.674309,18.727722,18.887749,18.442459,18.549545,18.496017,18.781090,18.513863,18.549545,18.674309,18.620857,18.496017,18.299454,18.174133,18.549545,18.549545,18.263664,18.209953,18.353111,17.976807,18.156204,18.370995,18.245766,18.102425,18.012718,18.424599,18.513863,18.174133,18.531708,18.585213,18.478165,18.424599,18.798882,18.513863,18.263664,18.317345,18.442459,18.102425,18.209953,17.976807,18.174133,17.688942,17.291534,17.110275,16.819458,16.600693,16.436256,16.179840,15.590912,15.461563,15.332008,14.625465,14.960838,14.662788,14.625465,13.668427,14.550774,14.288834,14.513397,14.476006,14.756035,14.569450,14.270103,14.606796,14.532082,14.419891,14.905037,14.476006,14.307571,14.532082,14.588127,14.625465,14.905037,14.082504,14.662788,14.288834,14.644127,14.157593,14.401184,14.700096,14.494698,14.494698,14.569450,14.195114,14.419891,14.288834,14.288834,14.176346,14.588127,14.307571,14.007355,13.969765,14.251350,14.382469,14.438606,14.157593,14.307571,14.232613,14.419891,14.662788,14.476006,13.988556,14.737404,14.195114,14.569450,14.662788,14.942238,14.588127,14.438606,14.270103,14.419891,14.419891,14.588127,14.044937,14.176346,14.476006,14.307571,14.606796,14.457298,13.950951,13.611824,13.932144,13.725006,13.385033,13.649567,14.044937,13.762703,13.781540,13.668427,13.403954,13.309326,13.290382,12.929794,13.309326,13.422867,13.517403,12.967819,14.007355,13.706154,14.063721,13.913338,13.687294,14.195114,14.213860,14.101280,14.401184,13.950951,14.419891,14.138817,14.307571,14.494698,14.326302,14.532082,14.195114,14.288834,14.438606,14.307571,14.588127,14.082504,14.176346,14.457298,13.969765,14.044937,14.251350,13.950951,13.725006,13.819221,13.875710,13.950951,14.195114,14.345024,14.700096,14.101280,14.195114,13.969765,13.950951,14.588127,14.270103,13.725006,14.345024,14.288834,13.969765,13.913338,14.569450,14.326302,13.856880,13.856880,13.932144,14.457298,14.044937,14.419891,13.725006,14.213860,13.856880,14.326302,13.875710,13.932144,13.743858,14.176346,13.498497,13.611824,13.347183,13.649567,13.555183,14.176346,13.366112,13.932144,13.649567,13.574066,13.555183,13.214584,12.967819,13.875710,13.781540,14.213860,13.819221,14.513397,14.345024,14.550774,15.535500,15.424561,15.830643,15.646294,15.498535,16.161499,16.161499,16.179840,16.124794,16.069710,16.363075,16.124794,16.344765,16.545914,17.092117,16.161499,16.819458,16.892258,16.801247,16.801247,16.527649,16.764816,17.019493,16.691910,16.819458,17.110275,16.564171,16.491104,16.764816,17.146553,17.037659,16.728371,17.019493,16.964989,17.128418,17.436272,17.073982,17.490471,17.001335,17.400101,17.616829,17.418190,17.580750,17.652901,17.833000,17.363930,17.670921,17.706970,17.309639,17.273430,17.779015,17.922905,17.797005,17.490471,17.544655,17.886955,17.922905,17.454338,17.779015,17.940880,17.001335,17.146553,17.833000,17.652901,17.634865,17.634865,17.363930,17.146553,17.237198,17.508537,16.983162,17.688942,16.710136,17.110275,16.819458,16.928627,16.582436,16.855865,16.545914,16.069710,16.143143,16.582436,15.867470,15.313492,15.701637,14.905037,14.700096,14.979439,14.532082,14.326302,14.288834,14.756035,15.202286,14.550774,14.625465,14.923637,14.419891,14.476006,14.345024,14.307571,14.438606,13.856880,14.101280,14.326302,14.662788,14.476006,14.063721,14.082504,14.457298,14.307571,14.569450,14.026146,14.419891,13.932144,14.270103,14.270103,14.718750,14.550774,14.457298,14.288834,14.157593,14.513397,13.762703,14.044937,14.401184,14.345024,13.856880,14.120049,13.687294,13.743858,14.363747,13.913338,13.875710,13.347183,13.706154,
12.357613,12.338478,12.834679,13.347183,13.574066,13.100769,13.347183,13.271439,13.081795,13.441788,13.252487,12.967819,14.120049,13.366112,13.157700,13.252487,13.479599,13.592949,13.762703,13.271439,13.062805,13.176659,13.366112,13.781540,13.460693,13.119759,13.366112,14.063721,13.668427,13.062805,13.479599,12.853714,13.138725,13.706154,13.498497,13.800392,13.403954,13.366112,13.460693,13.743858,13.725006,13.706154,13.649567,13.422867,13.649567,13.555183,13.668427,13.403954,13.366112,13.800392,13.611824,13.988556,13.517403,13.668427,13.498497,13.309326,13.800392,13.706154,13.762703,13.781540,13.856880,14.082504,13.592949,13.611824,14.251350,14.007355,13.328255,13.214584,13.668427,13.743858,13.309326,12.891754,12.815643,13.347183,13.214584,12.986824,13.195625,13.081795,13.005829,13.043808,13.176659,12.910774,13.725006,12.967819,13.422867,13.762703,13.252487,13.706154,13.441788,13.574066,13.838051,13.347183,13.611824,14.251350,13.800392,13.856880,13.819221,13.875710,13.441788,13.838051,13.969765,13.875710,13.950951,13.950951,13.781540,14.232613,14.007355,13.800392,14.157593,13.687294,13.950951,14.101280,14.026146,13.932144,14.232613,14.401184,13.706154,13.988556,14.532082,14.195114,13.762703,13.706154,14.270103,13.441788,14.195114,14.363747,13.875710,13.706154,14.007355,14.101280,14.307571,14.082504,13.574066,14.288834,13.856880,14.606796,13.932144,14.494698,14.082504,13.913338,14.120049,14.288834,14.232613,14.063721,14.063721,14.101280,14.044937,14.288834,14.213860,14.419891,13.781540,13.536285,14.476006,14.232613,13.969765,13.743858,13.913338,13.687294,14.007355,13.460693,14.363747,13.875710,14.401184,14.681450,14.700096,14.960838,15.294960,15.294960,15.885872,15.683197,16.032974,16.014603,16.527649,16.399666,16.910439,16.910439,16.691910,16.728371,16.946808,16.964989,17.055817,16.964989,17.291534,17.400101,17.327736,17.092117,17.544655,17.327736,17.634865,17.309639,17.073982,17.182823,17.327736,17.055817,17.219078,17.273430,16.964989,16.910439,17.092117,17.327736,17.580750,17.598785,18.048607,18.084496,17.850990,17.958839,18.209953,17.940880,18.513863,18.209953,18.102425,18.263664,18.388855,18.620857,18.406731,18.531708,18.460312,18.834435,18.638680,18.941017,18.834435,18.834435,19.118340,18.852211,18.460312,18.905502,19.082909,18.887749,19.383614,19.065178,18.763306,18.869980,19.153755,19.029732,19.312950,19.242241,18.958771,19.365944,19.082909,19.011993,19.065178,19.206863,18.852211,19.206863,19.383614,19.206863,19.189156,19.295280,19.436554,19.542351,19.471832,19.029732,19.189156,19.348289,19.489464,19.365944,19.383614,19.348289,19.312950,19.118340,19.118340,19.524719,19.436554,19.082909,19.524719,19.224541,19.401253,19.524719,19.524719,19.065178,18.887749,19.277603,19.489464,19.118340,19.489464,19.065178,19.100624,18.994255,18.816666,18.887749,19.065178,18.513863,18.923264,18.496017,18.887749,18.905502,18.834435,18.638680,18.603035,18.674309,18.478165,18.727722,18.781090,18.335236,18.656494,18.460312,18.299454,18.424599,18.424599,18.370995,18.156204,18.478165,17.994759,18.406731,18.030663,18.084496,18.209953,18.478165,18.084496,17.886955,18.192039,18.656494,18.335236,18.192039,18.656494,18.656494,18.567383,18.192039,18.674309,18.638680,18.603035,18.209953,18.012718,17.958839,17.940880,18.102425,18.227867,17.436272,17.382019,17.055817,17.001335,16.216530,16.381371,16.032974,15.996223,15.664742,15.332008,14.811943,14.569450,14.700096,14.382469,14.307571,14.457298,14.138817,14.157593,14.774681,14.606796,14.476006,14.718750,14.457298,14.569450,14.457298,14.438606,14.345024,14.363747,14.363747,14.438606,14.513397,14.120049,14.662788,14.213860,14.476006,14.251350,14.288834,13.988556,14.401184,14.513397,14.044937,14.476006,14.063721,14.513397,14.700096,14.270103,14.251350,14.307571,14.101280,13.856880,14.401184,14.307571,14.270103,14.401184,14.625465,14.251350,14.232613,14.251350,14.419891,14.288834,14.401184,14.457298,13.932144,14.774681,14.382469,14.681450,14.176346,14.026146,14.476006,14.494698,14.419891,14.550774,14.345024,14.513397,14.213860,14.625465,13.969765,14.082504,14.550774,13.950951,14.419891,14.270103,13.555183,13.988556,13.498497,13.800392,13.592949,13.668427,13.649567,13.498497,13.043808,13.498497,12.986824,13.195625,13.233543,13.781540,13.950951,13.819221,14.007355,13.668427,13.838051,14.082504,13.969765,14.007355,14.401184,14.382469,13.950951,14.345024,14.793312,14.157593,14.157593,14.662788,14.513397,14.063721,14.232613,14.176346,14.213860,14.232613,14.438606,14.157593,13.819221,13.988556,14.176346,13.781540,14.120049,13.838051,13.932144,14.476006,13.781540,14.157593,14.138817,13.856880,13.894524,14.307571,14.363747,14.270103,14.288834,14.176346,14.082504,14.345024,13.781540,14.082504,14.195114,14.082504,14.101280,13.819221,14.120049,13.932144,14.007355,13.950951,13.988556,13.988556,13.969765,14.120049,13.706154,14.082504,13.725006,13.743858,13.819221,13.687294,13.366112,14.044937,13.574066,13.781540,13.781540,13.592949,13.214584,13.913338,13.875710,13.668427,13.838051,13.706154,14.457298,14.101280,14.120049,14.382469,14.401184,14.625465,14.793312,15.720085,15.498535,15.627831,15.332008,15.922668,16.179840,16.746590,16.179840,16.363075,16.271500,16.509377,16.363075,16.472824,17.037659,16.983162,17.001335,16.746590,16.527649,16.983162,17.073982,16.436256,16.928627,16.728371,16.491104,17.055817,16.910439,16.783035,16.928627,17.073982,16.691910,16.874062,17.055817,16.964989,17.291534,17.345833,17.363930,17.958839,17.219078,17.291534,17.508537,17.634865,17.598785,17.273430,17.580750,17.454338,17.200951,17.562698,17.688942,17.706970,17.994759,17.436272,17.958839,17.958839,17.706970,17.652901,17.940880,17.833000,17.634865,17.886955,17.761002,17.904930,17.472412,17.055817,17.598785,17.436272,17.742996,17.454338,17.001335,17.255310,17.382019,17.219078,17.436272,16.855865,16.946808,16.910439,17.110275,16.801247,16.710136,16.618950,16.381371,16.436256,15.849052,15.498535,15.590912,15.276436,14.979439,14.942238,14.886414,14.550774,14.176346,14.382469,14.998024,14.345024,15.202286,14.476006,14.232613,14.401184,14.513397,14.625465,14.120049,14.588127,14.138817,14.476006,14.401184,14.213860,15.016617,14.419891,14.026146,13.894524,14.588127,14.419891,14.063721,14.176346,13.706154,14.718750,14.213860,14.195114,14.419891,14.363747,14.288834,14.270103,14.793312,14.195114,14.120049,13.969765,14.438606,14.082504,14.101280,13.555183,13.875710,14.419891,14.382469,14.307571,13.328255,
12.031822,12.682281,12.605988,13.460693,13.176659,13.498497,13.195625,13.005829,13.517403,13.252487,13.385033,13.819221,13.214584,13.422867,13.366112,13.347183,13.403954,13.706154,14.007355,13.403954,13.479599,13.479599,13.366112,13.233543,13.950951,13.271439,12.834679,13.479599,13.517403,13.687294,13.574066,13.309326,13.479599,13.555183,13.100769,13.517403,13.176659,13.743858,13.762703,13.574066,13.309326,13.611824,13.081795,13.385033,13.649567,13.498497,14.026146,13.347183,13.725006,13.403954,13.479599,13.479599,13.988556,13.611824,13.950951,14.007355,14.157593,14.044937,13.668427,13.498497,13.743858,13.649567,13.743858,13.969765,13.403954,13.668427,13.781540,13.309326,13.422867,13.043808,13.385033,12.872734,13.233543,13.271439,13.479599,12.701340,13.328255,13.195625,13.214584,13.309326,13.309326,13.195625,13.479599,13.366112,13.517403,13.309326,13.856880,13.592949,13.328255,13.856880,13.687294,13.498497,14.513397,14.213860,13.725006,13.611824,13.762703,13.969765,13.743858,13.725006,13.950951,13.819221,14.176346,13.969765,14.082504,13.894524,14.550774,13.611824,14.157593,14.044937,13.913338,14.044937,14.438606,14.195114,13.762703,13.800392,13.988556,14.082504,13.611824,13.875710,14.082504,14.176346,13.743858,13.913338,14.157593,13.781540,14.176346,14.007355,14.120049,14.120049,13.555183,14.513397,14.120049,13.950951,14.213860,14.063721,13.743858,13.762703,14.251350,13.913338,14.307571,14.195114,14.419891,14.270103,14.176346,13.913338,14.101280,14.326302,14.476006,14.307571,13.630692,13.950951,14.082504,14.007355,13.838051,13.743858,14.082504,13.630692,13.856880,14.270103,14.007355,14.063721,14.232613,14.550774,14.494698,14.811943,15.202286,15.535500,15.977844,15.793800,16.014603,16.032974,16.545914,16.326462,16.837654,16.673668,17.255310,17.146553,16.783035,16.964989,17.001335,17.237198,17.418190,17.182823,17.400101,17.363930,17.436272,17.182823,17.219078,17.454338,17.255310,16.946808,17.200951,17.146553,16.910439,17.164696,17.146553,17.237198,17.580750,17.472412,17.724983,17.345833,17.850990,18.102425,17.670921,18.120361,17.815002,17.868965,18.174133,18.209953,18.638680,18.388855,17.994759,18.442459,18.709923,18.709923,18.531708,18.388855,18.478165,18.388855,18.852211,18.370995,18.674309,18.603035,19.224541,18.442459,19.082909,18.781090,18.745514,18.692123,19.189156,19.153755,18.905502,18.923264,18.923264,19.171471,19.242241,18.620857,19.259926,18.994255,19.153755,19.171471,18.994255,19.136055,19.559967,18.709923,19.082909,18.958771,19.118340,19.224541,19.806221,19.065178,18.852211,19.700775,19.471832,19.100624,19.047462,19.418907,19.454201,19.489464,19.312950,19.118340,19.348289,19.312950,19.189156,19.171471,19.330627,18.923264,19.206863,19.383614,19.259926,19.330627,18.976524,19.277603,19.082909,18.798882,19.471832,18.692123,19.065178,18.887749,18.763306,18.798882,18.567383,18.531708,18.674309,18.638680,18.781090,18.620857,18.353111,18.763306,18.585213,18.317345,18.727722,18.513863,18.869980,18.549545,18.513863,18.406731,18.120361,17.994759,18.138290,18.174133,18.424599,18.012718,18.012718,17.958839,18.209953,18.692123,18.620857,18.531708,18.138290,18.030663,18.727722,18.353111,18.388855,18.406731,18.138290,18.727722,18.460312,18.727722,18.138290,18.513863,18.138290,18.156204,18.209953,17.472412,17.922905,17.580750,17.616829,17.219078,16.673668,16.637184,16.179840,16.289825,15.775375,15.239365,15.424561,14.532082,14.793312,14.588127,14.438606,14.774681,14.419891,14.345024,14.026146,15.128059,14.513397,14.756035,14.419891,14.830566,14.569450,14.550774,14.307571,14.363747,14.494698,14.513397,14.532082,15.016617,14.513397,14.345024,14.195114,14.457298,14.532082,14.251350,14.457298,14.625465,14.326302,14.157593,14.644127,14.270103,14.476006,14.213860,14.120049,13.819221,14.382469,14.101280,14.513397,14.044937,14.363747,14.457298,14.213860,14.195114,13.800392,14.513397,14.457298,14.326302,14.176346,14.195114,14.569450,13.988556,14.138817,14.457298,14.288834,14.288834,14.513397,14.588127,14.830566,14.382469,14.513397,14.606796,14.288834,14.438606,14.849190,14.007355,14.232613,13.988556,13.875710,13.574066,13.725006,14.232613,13.687294,13.800392,13.498497,13.441788,13.668427,13.592949,13.592949,13.422867,13.536285,13.498497,13.385033,13.441788,13.800392,13.366112,13.875710,13.479599,13.913338,14.063721,13.932144,14.007355,14.419891,14.270103,14.419891,14.382469,14.288834,14.307571,14.288834,14.494698,14.063721,14.157593,13.366112,13.932144,14.588127,14.457298,14.363747,13.856880,14.363747,14.157593,14.157593,14.345024,14.737404,13.988556,14.195114,14.063721,13.856880,14.101280,14.345024,13.988556,13.743858,14.138817,14.101280,14.213860,14.176346,14.138817,14.382469,14.326302,13.932144,14.026146,14.251350,13.969765,14.044937,14.082504,14.195114,14.195114,13.856880,13.630692,14.213860,14.251350,13.932144,13.932144,14.007355,14.101280,13.574066,14.232613,13.856880,13.385033,13.950951,14.157593,13.687294,13.800392,13.988556,13.932144,13.574066,13.119759,13.403954,13.875710,13.762703,13.856880,13.762703,13.555183,14.382469,14.270103,14.513397,14.737404,15.016617,15.294960,15.294960,15.793800,15.904274,15.977844,15.849052,16.216530,15.812218,16.161499,16.216530,15.996223,16.436256,16.783035,16.710136,16.308144,16.783035,16.801247,16.673668,17.128418,16.764816,16.801247,16.928627,16.801247,16.910439,16.728371,16.710136,16.710136,16.946808,16.527649,16.783035,16.837654,17.291534,17.001335,17.273430,17.327736,17.001335,17.073982,17.742996,17.219078,17.652901,17.309639,17.345833,17.237198,17.886955,17.652901,17.237198,17.598785,17.688942,18.030663,17.779015,17.904930,17.742996,17.922905,17.652901,18.317345,17.706970,17.797005,17.580750,17.237198,17.688942,17.291534,17.688942,17.273430,17.922905,17.940880,17.598785,17.327736,17.345833,17.382019,17.309639,17.309639,17.526596,17.200951,17.037659,17.055817,17.037659,16.837654,17.037659,16.088081,16.106438,16.308144,15.996223,15.775375,16.088081,14.774681,15.053780,15.072350,14.588127,15.165176,14.307571,14.438606,14.774681,14.419891,14.494698,14.625465,14.176346,14.737404,14.363747,14.326302,14.569450,14.044937,14.513397,14.270103,13.932144,14.007355,14.232613,14.532082,13.913338,14.007355,14.345024,13.800392,14.026146,14.063721,14.157593,13.950951,14.307571,14.307571,14.438606,14.063721,14.157593,14.288834,14.270103,14.232613,14.270103,14.232613,14.419891,14.026146,14.756035,14.213860,14.120049,13.819221,14.007355,14.044937,13.214584,13.119759,
12.108589,12.948814,12.815643,12.948814,13.005829,13.119759,13.119759,13.366112,13.592949,12.986824,13.328255,12.910774,13.800392,13.649567,13.687294,13.024826,13.687294,13.271439,13.649567,13.024826,13.592949,13.574066,13.309326,13.555183,13.838051,13.668427,13.894524,12.986824,14.026146,13.460693,13.271439,13.157700,13.498497,13.498497,13.574066,13.081795,13.460693,13.271439,13.157700,12.910774,13.366112,13.574066,13.536285,13.347183,13.932144,13.630692,13.479599,13.592949,14.251350,13.271439,13.687294,13.422867,13.611824,13.687294,14.157593,13.762703,13.668427,14.138817,13.838051,13.781540,13.687294,13.630692,14.007355,13.800392,13.611824,13.781540,13.932144,13.574066,13.875710,13.800392,13.271439,13.574066,13.024826,12.967819,12.663208,12.948814,13.214584,13.138725,13.157700,13.195625,13.290382,12.796600,13.157700,13.366112,13.024826,13.479599,13.385033,13.441788,13.630692,13.479599,13.762703,13.950951,13.668427,13.950951,13.725006,13.781540,14.251350,13.838051,13.762703,13.630692,13.950951,13.706154,13.422867,13.649567,13.347183,13.932144,14.044937,13.328255,14.101280,13.743858,13.969765,14.232613,14.026146,14.195114,14.101280,14.007355,13.988556,14.007355,14.044937,13.800392,13.932144,13.725006,14.007355,13.838051,13.950951,13.932144,13.687294,14.213860,14.195114,14.063721,13.950951,14.213860,14.232613,14.213860,14.251350,13.706154,13.743858,14.157593,14.345024,14.213860,14.026146,14.270103,14.345024,14.213860,13.932144,14.082504,14.232613,14.419891,14.288834,13.856880,14.382469,13.913338,14.251350,14.007355,14.007355,13.819221,13.725006,13.725006,14.044937,13.649567,14.494698,14.232613,14.120049,14.979439,15.406059,15.146614,15.183723,15.443062,15.406059,16.216530,16.234848,16.069710,16.710136,16.417961,16.837654,17.019493,16.764816,16.910439,17.073982,17.670921,17.562698,17.472412,17.219078,17.146553,17.255310,17.164696,17.237198,17.327736,17.418190,17.001335,17.110275,16.964989,17.400101,17.001335,17.219078,17.219078,17.291534,17.146553,17.544655,17.490471,17.742996,17.724983,17.688942,17.850990,18.209953,18.084496,17.418190,17.490471,17.976807,18.138290,18.012718,18.460312,18.120361,18.048607,18.227867,18.406731,18.460312,18.656494,18.709923,18.727722,18.638680,18.620857,18.709923,18.905502,18.674309,18.781090,19.295280,19.029732,18.674309,18.887749,18.709923,18.994255,18.869980,18.709923,19.206863,18.976524,19.011993,19.100624,18.994255,19.153755,19.206863,19.418907,19.171471,18.816666,19.100624,18.887749,19.330627,18.869980,19.312950,19.065178,18.994255,19.206863,19.753517,19.436554,19.383614,19.047462,19.100624,19.118340,19.489464,19.436554,19.206863,18.656494,19.471832,19.365944,19.171471,19.471832,19.100624,19.242241,19.436554,19.029732,19.277603,19.047462,19.136055,19.029732,18.994255,19.312950,18.887749,19.118340,18.958771,19.047462,18.994255,18.798882,18.941017,18.353111,18.531708,18.620857,18.709923,18.816666,18.905502,18.585213,18.709923,18.549545,18.674309,18.692123,18.478165,18.674309,18.299454,18.353111,18.335236,18.192039,18.388855,18.192039,18.478165,17.868965,18.388855,18.442459,18.066551,18.209953,18.299454,18.012718,18.531708,18.227867,18.620857,18.120361,18.923264,18.674309,18.335236,18.209953,17.976807,18.692123,18.585213,18.084496,18.192039,18.048607,17.994759,17.652901,17.886955,17.761002,17.670921,16.928627,17.273430,16.216530,16.234848,16.124794,15.793800,15.257896,15.461563,14.867805,14.756035,14.644127,14.345024,14.419891,14.101280,14.251350,14.345024,14.457298,14.419891,14.345024,14.979439,14.998024,14.494698,14.213860,14.756035,14.830566,14.625465,14.867805,14.606796,14.438606,14.532082,14.494698,14.401184,14.569450,14.569450,14.625465,14.307571,14.345024,13.913338,14.681450,14.138817,14.363747,14.550774,14.232613,14.270103,14.718750,14.401184,14.550774,14.401184,14.625465,14.569450,14.457298,14.419891,14.213860,14.326302,14.774681,14.082504,14.213860,14.606796,14.513397,14.157593,14.251350,14.457298,14.756035,14.401184,14.476006,14.681450,14.270103,14.457298,14.157593,14.176346,14.700096,14.476006,14.569450,14.569450,14.120049,14.718750,14.082504,14.157593,13.932144,13.856880,13.969765,13.875710,13.800392,13.517403,13.687294,13.366112,13.176659,13.081795,13.555183,13.214584,13.498497,13.214584,13.271439,13.309326,13.592949,14.082504,13.555183,13.950951,13.762703,14.213860,14.625465,14.307571,14.044937,14.550774,14.438606,14.793312,14.457298,13.932144,14.176346,14.494698,14.457298,14.363747,14.120049,14.382469,14.007355,13.969765,14.401184,14.550774,14.213860,13.913338,14.044937,14.157593,14.307571,14.176346,14.101280,14.476006,13.894524,14.082504,14.157593,14.923637,14.363747,14.363747,13.932144,14.345024,14.120049,13.668427,13.913338,13.762703,13.894524,14.082504,13.687294,13.969765,14.063721,14.232613,14.063721,13.988556,14.082504,14.457298,13.781540,14.419891,13.969765,13.819221,14.138817,14.101280,13.819221,13.894524,13.422867,13.856880,14.195114,13.479599,13.706154,13.725006,14.138817,13.536285,13.592949,13.233543,13.460693,13.611824,13.498497,14.082504,14.270103,14.513397,14.288834,14.401184,14.251350,15.165176,15.627831,15.387550,15.369041,15.664742,15.996223,16.143143,16.014603,15.941071,16.289825,16.308144,16.198189,16.637184,16.728371,16.764816,16.271500,16.472824,16.363075,16.874062,17.037659,16.527649,17.001335,16.874062,16.527649,17.001335,16.746590,17.001335,16.783035,16.746590,17.001335,16.946808,16.801247,16.764816,17.309639,17.146553,17.037659,17.219078,17.490471,16.837654,17.110275,17.182823,16.637184,17.688942,17.526596,17.418190,17.345833,17.400101,17.688942,17.055817,17.670921,17.958839,17.976807,17.418190,17.436272,17.850990,17.761002,18.227867,17.345833,17.706970,17.146553,18.120361,17.055817,17.164696,17.544655,17.200951,17.815002,17.309639,17.472412,17.616829,17.055817,17.019493,17.382019,16.874062,17.309639,17.291534,16.710136,16.600693,16.618950,16.874062,15.701637,16.106438,15.812218,15.904274,15.590912,15.369041,15.109489,15.220818,14.625465,14.886414,14.737404,14.513397,14.345024,14.270103,14.401184,14.681450,13.875710,15.128059,14.756035,14.905037,14.288834,14.120049,14.681450,14.195114,14.644127,14.419891,14.101280,14.326302,14.270103,14.007355,14.681450,14.251350,14.532082,13.875710,14.063721,14.120049,13.875710,14.718750,14.288834,13.555183,14.101280,14.345024,14.232613,14.120049,14.213860,13.950951,14.213860,14.026146,13.743858,14.138817,14.307571,14.494698,13.611824,13.555183,14.120049,13.932144,13.195625,
12.127769,12.586906,13.309326,13.100769,13.157700,13.630692,13.498497,13.422867,13.043808,13.347183,13.611824,13.611824,13.875710,13.498497,13.555183,13.252487,14.195114,13.328255,13.517403,13.498497,13.252487,13.422867,13.592949,13.233543,13.574066,13.762703,13.498497,13.517403,13.157700,13.081795,13.894524,13.347183,14.101280,13.062805,13.252487,13.592949,14.195114,13.195625,12.910774,13.706154,13.838051,13.195625,13.138725,13.309326,13.819221,13.498497,13.592949,13.479599,13.875710,13.969765,13.328255,13.706154,13.592949,13.630692,13.706154,13.969765,13.875710,13.819221,13.856880,13.687294,13.800392,13.800392,13.894524,13.950951,13.838051,13.706154,13.592949,13.498497,13.743858,13.366112,13.328255,13.422867,13.385033,13.138725,13.422867,12.891754,13.043808,12.910774,12.834679,13.214584,13.403954,13.024826,12.910774,13.479599,13.366112,13.233543,13.574066,13.422867,13.233543,14.232613,13.385033,13.574066,13.856880,13.969765,14.007355,13.838051,14.232613,13.819221,13.950951,14.419891,13.630692,13.706154,14.101280,13.856880,13.403954,13.233543,14.063721,13.592949,13.856880,14.063721,14.270103,14.270103,14.044937,13.592949,13.932144,13.781540,13.913338,13.781540,13.969765,13.894524,13.781540,13.913338,14.307571,13.611824,14.138817,13.969765,14.382469,14.288834,13.988556,13.875710,13.932144,14.101280,14.270103,14.232613,14.157593,14.232613,13.875710,14.345024,14.101280,14.326302,14.120049,14.270103,14.007355,14.120049,13.668427,14.063721,14.363747,14.288834,14.476006,13.913338,14.513397,14.101280,14.007355,13.743858,13.743858,13.875710,13.649567,13.687294,13.781540,13.687294,13.894524,13.969765,14.363747,14.494698,14.476006,15.072350,15.146614,15.424561,15.720085,15.793800,16.069710,16.819458,16.819458,16.618950,16.582436,16.928627,16.837654,16.855865,16.946808,16.874062,17.580750,17.200951,17.472412,17.146553,17.526596,16.946808,17.037659,17.237198,17.255310,17.182823,17.237198,17.219078,17.544655,17.164696,17.255310,17.200951,17.418190,17.327736,17.436272,17.382019,17.382019,17.255310,17.779015,17.616829,17.779015,17.562698,17.976807,17.815002,17.833000,18.245766,17.815002,18.174133,18.281563,18.245766,18.567383,18.442459,18.620857,18.692123,18.424599,18.585213,18.763306,18.692123,18.692123,18.958771,18.798882,18.941017,19.136055,18.727722,19.312950,19.171471,18.869980,18.816666,19.330627,19.259926,19.242241,19.259926,19.330627,18.852211,19.277603,19.454201,19.224541,19.295280,19.330627,19.100624,19.242241,19.489464,19.365944,19.401253,19.259926,18.656494,19.065178,18.727722,19.277603,19.348289,19.401253,19.418907,19.100624,18.887749,19.259926,19.206863,19.401253,18.941017,19.277603,19.047462,19.436554,19.047462,19.365944,19.383614,19.348289,19.189156,19.011993,19.224541,18.869980,19.295280,18.798882,18.816666,19.011993,18.549545,19.029732,18.816666,19.082909,18.994255,18.834435,18.263664,19.206863,18.513863,18.798882,18.887749,18.674309,18.227867,18.317345,18.709923,18.353111,18.798882,18.620857,18.263664,18.709923,18.263664,18.299454,18.424599,18.138290,18.192039,18.048607,18.299454,18.299454,17.724983,18.406731,18.174133,18.174133,18.513863,18.156204,18.656494,18.263664,18.263664,18.513863,18.388855,18.798882,18.585213,18.299454,18.281563,18.478165,18.460312,18.406731,18.209953,17.958839,17.815002,18.192039,17.652901,17.616829,17.273430,16.928627,16.710136,16.344765,15.609375,15.830643,15.369041,15.035194,14.718750,14.494698,14.867805,14.644127,14.401184,14.476006,14.232613,13.913338,14.120049,14.700096,14.681450,14.849190,15.090919,14.681450,14.288834,14.606796,14.681450,14.251350,14.345024,13.932144,14.345024,14.438606,14.438606,14.532082,14.138817,14.625465,14.063721,14.232613,14.326302,14.476006,14.101280,14.513397,14.363747,14.569450,14.288834,14.588127,14.176346,14.345024,14.044937,14.401184,14.195114,14.363747,14.157593,14.606796,14.401184,14.401184,14.513397,14.401184,14.363747,14.326302,14.157593,14.176346,14.157593,14.625465,14.494698,14.213860,14.419891,14.326302,14.401184,14.550774,14.138817,14.232613,14.363747,14.401184,14.101280,14.550774,14.382469,14.063721,13.950951,14.307571,13.932144,14.307571,13.969765,13.875710,13.611824,13.706154,13.668427,13.441788,13.611824,13.385033,13.441788,13.555183,13.460693,13.630692,13.309326,13.687294,13.611824,13.555183,13.460693,13.762703,13.875710,14.345024,13.687294,14.606796,14.063721,14.681450,14.419891,13.969765,14.644127,14.195114,14.811943,14.157593,14.382469,14.213860,14.307571,14.401184,14.101280,13.988556,14.588127,14.232613,13.649567,14.438606,13.969765,13.725006,14.213860,13.875710,13.706154,14.401184,14.195114,14.044937,14.232613,14.120049,14.326302,14.457298,14.326302,13.649567,14.063721,13.969765,14.476006,14.120049,13.969765,14.681450,14.270103,14.026146,14.082504,13.950951,13.611824,14.213860,13.498497,13.913338,14.494698,13.856880,13.800392,13.894524,13.913338,14.063721,13.668427,14.044937,13.611824,14.007355,13.706154,13.649567,13.725006,13.081795,13.498497,13.649567,13.498497,13.574066,13.385033,13.611824,13.366112,13.913338,14.063721,13.725006,14.044937,14.811943,14.232613,14.886414,15.090919,15.738518,15.609375,15.849052,15.885872,15.701637,15.830643,15.996223,16.179840,16.326462,16.124794,16.509377,16.344765,16.655434,16.837654,16.564171,16.855865,17.001335,17.001335,16.801247,16.381371,16.746590,17.182823,16.819458,16.545914,16.637184,16.710136,16.618950,16.928627,16.855865,16.545914,16.600693,16.728371,16.946808,16.746590,17.237198,17.634865,17.273430,17.200951,17.019493,17.706970,17.490471,17.418190,17.886955,17.508537,17.815002,17.526596,17.562698,17.327736,17.652901,17.273430,17.976807,17.994759,17.237198,17.598785,17.706970,17.922905,17.255310,17.850990,17.454338,17.400101,17.797005,17.382019,17.345833,17.400101,17.092117,17.327736,17.562698,17.273430,17.291534,17.363930,17.327736,17.237198,17.454338,17.019493,17.128418,16.417961,16.874062,16.417961,16.124794,16.032974,16.253181,16.161499,15.535500,15.517014,15.109489,15.165176,14.867805,14.718750,14.326302,14.176346,14.345024,14.606796,14.307571,14.849190,14.176346,14.494698,14.606796,13.969765,14.662788,14.101280,14.288834,14.007355,14.513397,14.700096,14.270103,14.195114,14.195114,14.176346,13.875710,14.026146,13.913338,14.307571,13.969765,14.681450,14.232613,14.550774,14.644127,14.494698,14.232613,14.550774,13.932144,13.838051,14.138817,13.838051,13.762703,14.120049,13.838051,13.913338,14.401184,13.856880,13.687294,13.460693,13.706154,13.290382,
12.031822,12.720398,13.743858,12.663208,13.157700,13.176659,13.479599,13.176659,13.385033,13.176659,13.762703,13.536285,13.894524,13.309326,13.024826,13.574066,13.762703,13.176659,13.479599,13.119759,12.891754,13.555183,13.913338,13.649567,13.649567,12.815643,13.214584,13.347183,13.555183,13.743858,13.385033,13.932144,13.309326,13.649567,13.252487,13.762703,13.555183,13.592949,13.498497,13.762703,13.347183,13.441788,14.270103,13.649567,13.441788,14.120049,13.630692,13.536285,13.422867,13.630692,13.800392,13.574066,13.819221,13.988556,13.800392,13.819221,13.687294,13.725006,14.026146,14.138817,14.120049,14.082504,13.950951,14.007355,13.819221,13.366112,13.706154,13.441788,13.195625,13.725006,13.403954,13.100769,13.328255,13.081795,13.233543,13.347183,13.024826,12.682281,13.403954,12.910774,13.271439,13.119759,13.176659,13.233543,13.157700,13.687294,13.611824,13.950951,13.592949,13.479599,13.630692,13.856880,14.044937,14.082504,14.120049,13.555183,14.120049,13.932144,13.838051,14.120049,13.913338,13.706154,13.969765,13.838051,13.950951,14.101280,14.195114,13.875710,14.138817,13.422867,14.101280,14.345024,14.026146,13.819221,14.063721,13.668427,14.044937,14.044937,13.762703,14.007355,13.988556,14.532082,13.838051,13.969765,14.044937,13.988556,14.063721,14.251350,14.195114,14.007355,14.026146,13.762703,14.101280,14.007355,14.270103,13.856880,14.082504,14.363747,14.138817,14.288834,14.270103,13.856880,14.382469,13.894524,13.894524,14.063721,14.213860,13.913338,14.345024,14.401184,14.176346,13.762703,13.913338,13.725006,13.969765,13.630692,13.649567,13.479599,13.819221,13.649567,14.063721,14.063721,14.438606,14.419891,14.644127,14.979439,15.517014,15.443062,15.738518,16.289825,16.308144,16.363075,16.289825,16.179840,16.436256,16.928627,16.946808,16.874062,16.946808,17.146553,17.472412,17.182823,17.092117,17.598785,17.182823,17.670921,17.418190,17.219078,16.910439,17.400101,17.291534,17.327736,17.001335,17.182823,16.946808,17.309639,17.436272,17.237198,17.580750,17.219078,17.976807,17.200951,17.886955,17.922905,18.030663,17.688942,17.742996,18.209953,18.281563,17.904930,18.209953,17.940880,18.263664,17.994759,18.317345,18.245766,18.478165,18.478165,18.370995,18.353111,18.442459,18.549545,18.299454,18.745514,18.869980,18.852211,18.887749,18.692123,19.153755,19.029732,18.834435,18.549545,19.206863,19.295280,19.082909,19.100624,18.976524,19.118340,19.171471,18.994255,19.277603,19.348289,19.065178,19.118340,19.029732,19.454201,19.100624,18.941017,18.941017,19.436554,18.905502,19.065178,19.171471,19.082909,19.277603,19.489464,19.401253,19.242241,19.171471,19.136055,19.489464,19.153755,19.171471,18.869980,19.259926,18.976524,19.153755,19.259926,18.923264,19.153755,19.153755,19.136055,18.745514,18.869980,18.958771,18.869980,19.153755,18.994255,19.295280,18.994255,18.531708,18.781090,19.065178,18.460312,18.674309,18.281563,18.496017,18.496017,18.852211,18.335236,18.692123,18.745514,18.192039,18.513863,18.335236,18.496017,18.460312,18.263664,18.887749,18.317345,18.317345,18.442459,18.138290,18.388855,17.994759,17.706970,18.513863,18.084496,18.388855,18.227867,18.066551,18.192039,18.138290,18.531708,18.424599,18.709923,18.549545,18.245766,18.370995,18.816666,18.353111,18.209953,18.066551,18.102425,18.120361,18.156204,17.976807,17.544655,17.580750,16.801247,16.983162,16.691910,16.143143,16.088081,15.572441,15.830643,15.239365,15.053780,15.387550,14.532082,14.662788,14.644127,14.644127,14.419891,14.681450,14.737404,14.830566,14.979439,14.232613,14.774681,14.793312,14.830566,14.419891,14.438606,14.195114,14.811943,14.382469,14.774681,14.438606,14.513397,14.681450,14.438606,14.625465,14.550774,14.681450,14.793312,14.232613,14.737404,14.326302,14.326302,14.007355,14.232613,14.793312,14.550774,14.494698,14.195114,13.950951,14.157593,14.326302,14.101280,14.157593,14.288834,14.774681,14.270103,14.606796,14.550774,14.532082,14.644127,14.401184,14.213860,14.195114,14.438606,14.419891,14.382469,14.382469,14.457298,14.251350,14.401184,14.138817,14.588127,14.232613,14.625465,14.345024,14.213860,14.923637,14.345024,14.326302,14.288834,13.743858,13.819221,13.743858,13.875710,13.894524,13.838051,13.555183,13.403954,13.233543,13.403954,13.195625,13.441788,13.081795,13.309326,13.441788,13.498497,13.819221,13.441788,13.894524,13.781540,14.101280,14.419891,14.251350,14.213860,14.363747,14.737404,14.251350,13.819221,14.830566,14.438606,14.026146,14.120049,14.026146,14.120049,14.569450,14.476006,14.588127,14.401184,14.044937,14.157593,14.532082,14.419891,13.649567,13.706154,14.438606,14.251350,14.326302,14.044937,14.401184,14.494698,14.438606,14.157593,13.932144,13.913338,14.288834,13.913338,14.138817,14.120049,13.856880,14.401184,14.588127,14.176346,14.082504,14.363747,13.743858,14.550774,14.662788,13.819221,14.213860,14.026146,13.988556,13.649567,13.894524,13.950951,13.856880,14.063721,13.838051,13.969765,14.063721,13.687294,14.063721,13.630692,13.517403,13.743858,13.536285,13.157700,13.706154,13.762703,13.932144,13.176659,13.800392,14.307571,14.138817,14.101280,14.793312,14.476006,14.998024,15.922668,15.332008,15.720085,15.553970,16.106438,15.922668,15.849052,15.885872,16.472824,15.793800,16.326462,16.545914,16.564171,16.545914,16.198189,16.928627,17.092117,16.161499,16.545914,16.837654,16.472824,17.001335,16.618950,17.110275,16.564171,16.746590,16.801247,17.073982,16.964989,17.073982,17.237198,16.946808,17.562698,17.128418,17.055817,17.363930,16.928627,17.273430,17.309639,17.146553,17.670921,17.490471,17.128418,17.472412,17.833000,17.400101,17.472412,17.219078,17.291534,17.634865,17.724983,17.958839,17.363930,17.797005,17.544655,17.508537,17.994759,17.670921,17.544655,17.526596,17.562698,17.724983,17.327736,17.345833,17.418190,17.634865,17.219078,17.562698,17.418190,17.092117,17.418190,17.055817,17.164696,17.037659,16.983162,17.128418,16.783035,17.037659,16.088081,16.198189,16.326462,16.124794,15.830643,15.922668,15.387550,15.035194,14.681450,14.905037,14.270103,14.644127,14.457298,14.849190,13.819221,14.830566,14.476006,14.195114,14.718750,13.743858,14.251350,14.457298,14.457298,14.382469,14.232613,13.932144,14.401184,14.326302,14.588127,14.176346,13.932144,14.326302,14.063721,14.307571,14.213860,14.007355,14.063721,14.157593,14.157593,14.513397,14.195114,13.555183,14.101280,13.969765,14.419891,13.668427,13.781540,14.195114,13.950951,13.913338,14.457298,13.894524,14.044937,13.819221,13.347183,13.347183,13.043808,
11.993431,12.815643,13.195625,12.929794,13.611824,13.536285,13.403954,12.910774,13.195625,13.725006,13.781540,13.271439,13.498497,13.385033,13.100769,13.800392,13.819221,13.687294,13.687294,13.328255,13.555183,13.687294,13.214584,13.195625,13.819221,13.706154,13.838051,13.856880,13.176659,13.195625,13.460693,14.138817,13.422867,13.195625,13.743858,13.856880,13.762703,12.891754,13.460693,13.385033,13.649567,13.611824,13.592949,13.630692,13.819221,13.819221,13.668427,14.232613,13.988556,13.290382,13.574066,13.555183,13.385033,13.875710,13.630692,13.913338,13.743858,14.176346,13.743858,13.422867,13.856880,14.251350,13.687294,13.517403,13.838051,13.252487,13.856880,13.385033,13.062805,12.948814,13.630692,13.309326,13.706154,12.910774,13.214584,12.929794,12.910774,13.233543,13.328255,12.967819,12.967819,13.611824,13.233543,12.891754,13.138725,13.195625,13.233543,12.967819,13.649567,13.687294,14.101280,13.894524,13.574066,13.781540,14.026146,13.894524,13.743858,13.725006,14.082504,13.536285,13.913338,13.988556,14.044937,13.630692,14.007355,13.649567,13.969765,13.762703,13.706154,13.668427,14.419891,13.781540,14.138817,13.988556,13.460693,13.649567,14.270103,14.157593,13.875710,13.668427,14.157593,13.800392,13.894524,13.611824,13.894524,14.176346,14.270103,14.213860,14.363747,14.195114,13.913338,14.213860,14.120049,13.950951,14.213860,13.969765,14.063721,14.120049,14.063721,13.838051,14.532082,13.743858,14.176346,14.550774,14.401184,14.026146,14.270103,14.026146,14.213860,13.988556,14.120049,14.232613,13.875710,14.007355,14.157593,13.687294,13.498497,13.555183,14.157593,13.649567,13.950951,14.494698,14.457298,14.756035,14.886414,15.035194,15.220818,15.517014,15.959457,16.436256,15.885872,16.069710,16.032974,16.746590,16.491104,16.783035,16.454536,16.527649,16.746590,17.219078,17.255310,16.819458,16.964989,17.797005,17.363930,17.128418,17.327736,17.255310,16.983162,16.746590,17.019493,17.255310,17.382019,17.454338,16.928627,17.291534,17.345833,17.200951,17.779015,17.382019,17.382019,17.400101,17.598785,17.400101,17.670921,17.382019,17.976807,17.508537,17.724983,17.994759,18.209953,18.549545,17.833000,18.299454,18.299454,18.478165,18.709923,18.209953,18.620857,18.620857,18.692123,18.887749,18.460312,18.674309,18.852211,18.692123,19.259926,18.798882,18.638680,19.242241,19.065178,18.905502,18.781090,18.781090,18.994255,19.047462,19.029732,18.994255,19.330627,19.171471,19.189156,18.941017,19.365944,19.100624,19.348289,19.700775,19.171471,19.189156,19.295280,19.118340,19.365944,19.065178,19.082909,19.224541,19.595184,19.454201,19.189156,19.312950,18.976524,19.118340,19.136055,19.312950,19.047462,19.471832,19.065178,18.887749,19.100624,18.994255,19.259926,19.100624,19.312950,19.136055,19.153755,19.011993,18.763306,19.189156,19.189156,18.727722,18.958771,18.781090,19.136055,18.674309,18.905502,18.727722,18.513863,19.011993,18.496017,18.674309,18.763306,18.727722,18.478165,18.353111,18.994255,18.869980,18.567383,18.370995,18.781090,18.353111,18.084496,18.245766,18.478165,18.245766,18.353111,18.048607,17.850990,18.406731,18.281563,17.958839,18.299454,17.868965,18.102425,18.138290,19.312950,18.245766,18.567383,18.549545,18.692123,18.156204,18.781090,18.317345,18.299454,18.012718,17.922905,17.940880,18.245766,17.958839,17.761002,17.400101,17.400101,17.001335,16.928627,16.454536,16.271500,15.738518,15.701637,15.646294,15.109489,15.239365,14.270103,14.867805,14.569450,14.307571,14.756035,14.419891,14.401184,14.569450,14.345024,14.756035,15.053780,14.513397,14.625465,14.644127,14.606796,14.345024,14.588127,14.756035,14.232613,14.700096,14.326302,14.513397,14.662788,14.270103,14.550774,14.662788,14.849190,14.550774,14.476006,14.774681,14.063721,14.363747,14.588127,14.232613,14.270103,14.550774,13.894524,14.401184,14.176346,14.326302,14.232613,15.090919,14.176346,14.307571,14.120049,14.774681,14.232613,14.569450,14.044937,13.988556,14.718750,14.195114,14.718750,14.588127,14.681450,14.401184,14.288834,14.401184,13.932144,14.345024,14.513397,14.588127,14.326302,14.363747,14.138817,13.819221,14.849190,14.569450,14.270103,14.138817,14.007355,13.687294,13.856880,13.894524,13.536285,13.743858,13.668427,13.592949,13.328255,12.872734,13.157700,13.347183,13.403954,13.328255,13.781540,13.743858,13.592949,13.649567,13.894524,14.044937,14.307571,14.138817,14.157593,14.138817,14.737404,14.569450,14.457298,14.382469,14.476006,14.513397,14.419891,14.195114,14.251350,14.419891,14.026146,13.819221,14.232613,14.176346,14.082504,14.063721,14.382469,14.082504,13.894524,14.157593,13.838051,14.288834,14.007355,14.588127,14.307571,14.363747,13.838051,14.120049,13.611824,14.101280,13.969765,13.969765,13.800392,14.195114,13.838051,13.932144,14.044937,13.932144,13.743858,14.101280,14.382469,14.007355,14.213860,14.026146,14.195114,14.176346,14.532082,13.800392,14.195114,14.120049,13.781540,13.743858,13.762703,13.517403,13.875710,13.743858,13.687294,13.668427,13.725006,14.063721,13.611824,13.347183,13.498497,13.687294,13.687294,13.668427,13.668427,14.026146,14.120049,14.232613,14.345024,14.270103,14.886414,15.313492,15.016617,15.590912,15.646294,16.198189,16.289825,16.032974,16.436256,15.701637,16.179840,16.308144,16.253181,16.436256,16.472824,16.545914,16.326462,16.892258,17.019493,16.582436,16.637184,16.746590,16.983162,16.655434,16.983162,16.910439,17.128418,16.582436,16.855865,16.728371,17.037659,16.928627,16.874062,17.255310,17.327736,17.219078,17.273430,17.327736,16.946808,16.491104,17.526596,17.454338,17.508537,17.291534,17.940880,17.092117,17.544655,17.850990,17.652901,17.815002,17.490471,18.012718,17.994759,17.490471,17.940880,17.562698,17.779015,17.797005,18.048607,17.724983,17.001335,17.580750,17.652901,17.670921,17.490471,17.327736,17.688942,17.255310,17.219078,17.055817,17.418190,17.092117,17.544655,17.255310,17.580750,17.616829,16.801247,16.801247,16.783035,15.867470,16.399666,16.051353,15.590912,15.627831,15.812218,15.294960,15.664742,14.923637,14.774681,14.476006,14.401184,14.494698,13.781540,14.176346,14.756035,14.457298,14.550774,14.419891,14.532082,14.625465,14.494698,14.382469,14.700096,14.532082,14.026146,14.457298,14.513397,14.120049,14.606796,14.457298,13.819221,14.232613,14.044937,14.138817,14.044937,14.513397,13.403954,13.781540,14.082504,14.138817,14.382469,14.195114,13.649567,14.363747,13.781540,14.195114,13.913338,14.401184,13.838051,13.460693,14.195114,13.574066,13.574066,13.328255,13.366112,13.422867,
12.548721,12.567825,13.233543,13.176659,13.536285,12.986824,13.385033,13.762703,13.498497,13.043808,13.347183,13.536285,13.838051,13.630692,13.630692,13.290382,13.762703,13.706154,13.100769,13.366112,13.366112,13.214584,13.460693,13.119759,13.422867,13.743858,13.819221,13.214584,13.479599,13.630692,13.176659,13.290382,13.574066,13.988556,14.007355,13.385033,13.309326,13.460693,12.986824,13.195625,13.630692,13.706154,13.138725,13.271439,13.725006,13.743858,13.950951,13.687294,13.555183,13.252487,13.706154,14.026146,14.101280,13.875710,14.026146,13.649567,14.063721,13.988556,13.800392,13.630692,14.438606,13.668427,13.894524,13.762703,14.007355,13.536285,13.706154,13.725006,13.460693,13.290382,13.005829,13.347183,13.005829,13.366112,12.986824,13.100769,13.062805,13.081795,13.403954,13.328255,12.796600,12.567825,13.347183,13.271439,13.498497,13.762703,13.385033,13.687294,14.176346,13.838051,13.969765,14.232613,13.988556,14.082504,14.120049,14.345024,14.082504,13.441788,13.969765,13.969765,13.366112,13.725006,13.574066,14.101280,14.232613,13.762703,14.044937,13.555183,13.875710,13.800392,14.419891,13.838051,14.101280,13.950951,13.403954,13.988556,13.969765,14.044937,13.894524,14.120049,13.668427,13.668427,13.932144,13.838051,13.630692,14.326302,14.438606,13.969765,13.856880,14.044937,14.345024,13.969765,14.157593,14.438606,13.913338,13.932144,13.969765,14.213860,14.120049,13.913338,14.326302,14.082504,13.969765,14.476006,14.625465,14.326302,13.856880,14.345024,13.969765,13.913338,14.251350,14.288834,14.232613,14.232613,13.950951,13.706154,13.574066,13.894524,13.894524,13.687294,13.988556,13.988556,14.438606,14.363747,14.213860,14.737404,15.276436,15.812218,15.812218,15.738518,16.344765,16.216530,16.143143,16.472824,16.892258,16.764816,17.001335,16.545914,16.691910,17.327736,17.182823,16.964989,17.019493,16.964989,17.382019,16.928627,17.073982,17.309639,17.327736,17.219078,17.255310,17.219078,17.146553,17.363930,17.327736,17.182823,17.200951,17.291534,17.544655,17.309639,17.742996,17.436272,17.562698,17.724983,17.833000,17.508537,17.994759,18.084496,17.904930,18.156204,18.066551,18.299454,18.174133,18.138290,18.798882,18.299454,18.353111,18.585213,18.620857,18.852211,18.656494,18.549545,18.656494,18.531708,18.638680,18.513863,18.816666,18.941017,19.082909,18.887749,18.620857,19.047462,19.224541,19.171471,19.401253,19.206863,19.206863,18.905502,19.029732,19.029732,18.958771,18.958771,19.189156,19.206863,19.401253,19.224541,19.242241,19.171471,18.976524,19.259926,19.312950,19.259926,19.153755,19.383614,19.630394,19.312950,19.595184,19.100624,19.330627,19.383614,19.401253,19.259926,19.312950,18.905502,19.011993,19.224541,18.763306,18.887749,19.082909,19.330627,18.869980,18.905502,19.118340,19.206863,18.798882,18.656494,18.869980,18.869980,18.567383,18.709923,18.692123,18.869980,19.047462,18.852211,18.834435,18.852211,18.923264,18.603035,18.869980,18.620857,18.370995,18.656494,18.781090,18.209953,18.496017,18.976524,18.549545,18.388855,18.549545,18.478165,18.299454,18.209953,18.263664,18.442459,18.478165,18.299454,17.779015,18.442459,18.442459,17.850990,18.227867,18.209953,18.317345,18.585213,18.156204,18.263664,18.763306,18.442459,18.120361,18.549545,18.406731,18.406731,18.138290,18.156204,17.922905,17.670921,18.030663,17.200951,17.436272,17.110275,16.892258,16.710136,15.941071,15.996223,15.867470,15.294960,15.461563,15.090919,14.494698,14.625465,14.625465,14.345024,14.457298,14.307571,14.176346,14.494698,14.419891,14.494698,14.513397,15.128059,14.569450,14.718750,14.756035,14.588127,14.774681,14.401184,14.606796,13.969765,14.662788,14.382469,14.176346,14.382469,14.270103,14.532082,14.494698,13.950951,14.288834,14.438606,14.120049,14.288834,13.875710,14.157593,14.401184,14.345024,14.419891,14.138817,14.644127,14.101280,14.625465,14.232613,14.157593,14.120049,14.270103,14.288834,14.063721,14.232613,14.382469,14.494698,14.438606,14.157593,14.382469,14.681450,14.756035,14.307571,14.345024,14.419891,14.082504,14.363747,14.532082,14.232613,14.120049,14.382469,14.476006,14.288834,14.138817,14.288834,14.232613,13.875710,14.176346,13.913338,14.345024,13.969765,13.687294,13.536285,13.555183,13.574066,13.176659,13.119759,13.517403,13.574066,13.271439,13.592949,13.592949,13.403954,13.762703,13.819221,13.668427,14.007355,13.932144,13.668427,14.550774,13.950951,14.419891,14.120049,14.550774,14.345024,14.270103,14.737404,14.044937,14.101280,14.063721,14.457298,14.532082,14.270103,13.932144,14.138817,13.875710,14.363747,14.044937,14.007355,14.176346,13.875710,14.513397,14.026146,14.419891,13.932144,14.363747,13.894524,13.781540,13.913338,14.345024,13.969765,14.213860,14.588127,14.569450,13.988556,14.157593,14.232613,13.969765,14.063721,13.875710,14.044937,13.838051,14.830566,14.195114,14.101280,14.232613,13.687294,13.687294,13.988556,13.800392,13.479599,13.743858,14.176346,13.574066,13.913338,13.894524,13.479599,13.743858,13.932144,13.574066,14.026146,13.271439,13.517403,13.290382,13.328255,13.781540,13.894524,14.007355,14.101280,13.913338,14.476006,14.213860,14.345024,15.053780,14.737404,15.590912,15.498535,16.032974,15.849052,15.793800,15.977844,15.996223,15.959457,16.582436,16.399666,16.381371,16.527649,16.655434,16.344765,16.837654,16.417961,16.910439,16.527649,16.892258,16.710136,16.819458,17.001335,16.892258,17.219078,16.673668,16.728371,16.618950,16.600693,16.655434,16.764816,16.964989,17.146553,17.055817,16.710136,17.128418,17.019493,17.073982,17.598785,17.363930,16.910439,17.526596,17.273430,17.508537,17.273430,17.706970,17.327736,17.652901,17.958839,17.815002,17.418190,17.598785,17.634865,17.797005,17.922905,17.994759,17.706970,17.815002,17.454338,17.508537,17.237198,17.797005,17.562698,17.363930,17.616829,17.237198,17.073982,17.363930,17.363930,17.200951,17.400101,17.273430,17.146553,17.110275,16.855865,17.055817,16.600693,16.582436,16.326462,16.253181,16.399666,16.198189,15.498535,15.406059,15.202286,15.387550,14.793312,14.737404,14.438606,14.756035,14.550774,14.830566,14.438606,14.737404,14.476006,14.457298,14.120049,14.849190,14.662788,14.644127,13.969765,14.063721,14.363747,14.644127,14.176346,14.457298,14.138817,14.120049,14.213860,14.476006,14.195114,14.063721,13.725006,14.476006,14.588127,13.687294,14.363747,14.288834,13.838051,14.513397,14.382469,14.176346,14.588127,14.232613,13.932144,13.894524,14.288834,14.120049,14.101280,14.157593,13.950951,13.743858,13.781540,13.100769,13.328255,
12.434105,13.119759,13.290382,13.309326,13.441788,13.233543,13.479599,13.347183,13.138725,13.574066,13.743858,13.366112,13.517403,13.762703,13.309326,13.932144,13.706154,13.555183,13.422867,13.328255,13.498497,13.555183,13.536285,13.328255,13.100769,13.385033,13.725006,13.498497,13.479599,13.574066,13.309326,13.385033,13.574066,13.366112,13.725006,13.460693,13.630692,13.687294,13.950951,13.309326,13.913338,13.422867,13.592949,13.819221,13.385033,13.422867,13.309326,13.687294,13.517403,14.063721,13.687294,13.385033,13.479599,13.838051,13.762703,13.819221,14.138817,13.819221,13.950951,13.592949,13.668427,14.101280,14.363747,14.063721,13.950951,13.706154,13.706154,13.762703,13.479599,13.290382,13.347183,12.910774,13.214584,13.043808,12.929794,12.644142,13.100769,13.271439,12.986824,12.834679,13.005829,13.422867,13.328255,13.309326,13.932144,13.479599,12.929794,13.157700,13.743858,13.762703,13.611824,13.630692,14.195114,13.950951,13.687294,13.894524,13.800392,14.101280,13.687294,13.819221,13.800392,14.157593,13.819221,13.800392,13.800392,13.969765,13.875710,13.950951,13.932144,13.913338,13.630692,14.044937,13.913338,14.213860,13.969765,13.838051,13.706154,13.649567,13.762703,13.743858,13.913338,13.894524,14.082504,14.063721,14.213860,14.101280,13.988556,14.382469,14.419891,14.101280,14.195114,14.082504,14.007355,14.550774,14.625465,14.120049,14.419891,14.007355,14.232613,14.476006,14.082504,14.307571,14.138817,14.082504,13.932144,14.044937,14.251350,14.044937,13.894524,14.457298,14.270103,13.781540,14.026146,14.082504,14.120049,13.649567,13.630692,13.328255,13.950951,13.894524,14.345024,13.687294,14.606796,14.494698,14.532082,15.090919,15.165176,15.406059,15.443062,16.069710,16.655434,16.289825,16.618950,16.509377,16.582436,16.801247,16.710136,16.363075,16.600693,16.527649,16.892258,16.964989,17.634865,17.182823,17.544655,17.562698,17.255310,17.019493,17.182823,17.182823,17.037659,17.219078,17.382019,17.454338,17.345833,17.490471,17.219078,17.073982,17.309639,17.273430,17.616829,17.273430,17.363930,17.616829,17.886955,17.652901,17.850990,18.120361,17.868965,18.281563,18.156204,17.940880,18.460312,18.209953,18.549545,18.192039,18.763306,18.709923,18.353111,18.460312,18.567383,18.370995,18.674309,18.887749,19.065178,18.692123,18.798882,18.745514,19.312950,19.029732,18.834435,19.082909,18.816666,19.312950,19.029732,19.630394,18.869980,18.994255,19.330627,19.206863,19.136055,19.118340,19.418907,19.153755,19.365944,18.834435,19.277603,18.976524,19.153755,19.595184,19.612793,19.454201,19.348289,19.259926,19.788658,19.489464,18.852211,19.753517,19.171471,19.348289,19.082909,19.082909,19.259926,19.242241,19.277603,18.958771,19.171471,19.082909,18.994255,19.295280,19.047462,19.259926,19.295280,18.905502,19.047462,18.905502,18.745514,18.905502,18.976524,18.816666,19.047462,18.763306,18.798882,18.781090,18.406731,18.549545,18.496017,18.798882,18.745514,18.388855,18.585213,18.281563,18.852211,18.478165,18.424599,18.567383,18.603035,18.531708,18.370995,18.531708,18.603035,18.048607,18.388855,18.496017,17.904930,18.138290,18.353111,18.174133,18.227867,18.209953,17.922905,18.692123,17.797005,18.531708,18.388855,18.585213,18.496017,18.531708,18.442459,18.370995,18.585213,18.406731,18.299454,18.138290,18.245766,17.706970,17.994759,17.670921,17.309639,17.182823,16.764816,16.673668,16.198189,15.922668,15.664742,14.942238,15.775375,15.090919,15.183723,14.960838,14.737404,14.457298,14.756035,14.326302,14.494698,14.662788,14.662788,14.401184,14.793312,13.950951,14.905037,14.513397,14.419891,14.345024,14.401184,14.550774,14.345024,14.923637,14.438606,14.811943,14.905037,14.588127,14.363747,14.550774,15.183723,14.662788,14.288834,14.044937,14.288834,14.138817,14.494698,14.307571,14.606796,14.288834,14.288834,13.950951,14.662788,14.625465,13.875710,14.307571,14.476006,14.270103,14.419891,13.950951,13.988556,14.588127,14.588127,14.438606,14.756035,14.270103,14.345024,14.326302,14.157593,14.681450,14.569450,14.044937,14.700096,14.625465,13.649567,14.345024,14.569450,14.606796,14.345024,14.886414,14.195114,14.082504,13.988556,13.988556,13.838051,13.479599,13.819221,13.743858,14.026146,13.649567,13.422867,13.366112,13.366112,13.328255,13.422867,13.309326,13.630692,13.838051,13.856880,13.913338,13.441788,13.875710,13.517403,13.913338,13.894524,14.026146,13.950951,14.157593,14.756035,14.700096,14.532082,14.644127,14.382469,14.251350,14.345024,14.251350,14.270103,14.419891,14.438606,14.513397,14.476006,14.532082,14.101280,13.932144,14.026146,14.157593,14.606796,13.894524,14.101280,13.819221,14.288834,14.176346,13.950951,14.082504,14.044937,13.988556,14.307571,14.101280,14.476006,13.838051,13.819221,14.138817,13.762703,13.856880,14.082504,13.894524,13.894524,14.176346,14.157593,14.213860,14.345024,13.706154,14.270103,14.063721,13.950951,13.969765,14.195114,13.460693,13.460693,13.762703,14.063721,13.309326,14.120049,13.611824,13.819221,13.781540,13.441788,13.555183,13.385033,13.403954,13.743858,13.422867,13.781540,13.611824,13.743858,13.819221,14.326302,14.007355,14.101280,14.157593,14.886414,14.774681,15.590912,16.051353,16.216530,16.271500,16.106438,15.664742,16.289825,16.509377,16.289825,16.363075,16.710136,16.344765,16.819458,16.527649,16.161499,16.910439,16.509377,16.764816,16.509377,16.892258,16.618950,16.837654,16.983162,17.092117,16.545914,16.801247,16.582436,16.545914,16.600693,17.001335,17.073982,17.345833,17.237198,17.508537,17.255310,16.964989,17.037659,17.055817,17.291534,17.219078,17.670921,17.345833,18.120361,17.345833,17.363930,17.400101,17.688942,17.850990,17.670921,17.418190,17.976807,17.616829,17.976807,17.580750,17.706970,17.797005,17.779015,17.382019,17.562698,17.598785,17.779015,17.652901,17.400101,17.345833,17.382019,17.237198,17.670921,17.327736,17.418190,17.001335,17.219078,17.073982,17.110275,16.837654,16.910439,16.801247,17.073982,17.146553,16.855865,16.399666,15.885872,15.294960,15.609375,15.146614,15.239365,15.035194,14.625465,14.251350,14.662788,14.401184,14.662788,14.401184,14.569450,14.382469,14.867805,14.457298,14.662788,14.513397,14.476006,14.625465,14.120049,15.016617,14.494698,13.725006,14.120049,14.232613,13.913338,14.082504,14.176346,14.550774,14.101280,14.232613,13.781540,14.195114,14.176346,13.969765,14.288834,14.213860,14.326302,14.382469,14.326302,14.494698,13.913338,14.063721,13.668427,13.630692,14.270103,14.082504,14.363747,13.894524,14.026146,13.630692,13.403954,13.498497,
12.127769,13.005829,12.739456,13.649567,13.043808,13.366112,13.157700,13.460693,13.233543,13.838051,13.668427,13.743858,13.252487,13.838051,14.007355,13.781540,13.233543,13.441788,13.460693,13.668427,13.574066,13.762703,13.460693,13.460693,13.592949,13.385033,13.119759,13.366112,13.403954,13.328255,13.517403,13.460693,13.819221,13.611824,13.988556,12.682281,13.536285,13.347183,14.176346,13.574066,13.800392,13.668427,13.460693,14.044937,13.385033,13.328255,13.195625,13.762703,13.950951,13.932144,14.082504,13.800392,13.875710,13.630692,13.611824,14.101280,13.743858,13.592949,13.743858,13.100769,13.592949,13.988556,13.687294,13.969765,13.950951,13.611824,13.649567,13.385033,13.706154,13.422867,13.706154,13.649567,12.986824,13.309326,13.479599,12.948814,13.271439,13.233543,13.024826,13.081795,13.441788,12.967819,13.081795,13.422867,13.819221,13.328255,13.517403,13.024826,13.706154,14.101280,13.668427,13.687294,13.894524,13.913338,14.251350,13.762703,13.762703,14.082504,14.213860,14.138817,13.856880,13.819221,14.157593,14.082504,14.063721,13.498497,13.819221,13.950951,13.932144,13.894524,14.007355,13.894524,14.213860,13.950951,13.687294,13.856880,14.288834,13.743858,14.026146,13.969765,14.101280,14.569450,14.138817,13.668427,14.176346,13.838051,14.176346,13.838051,13.913338,13.649567,13.988556,14.044937,14.382469,14.251350,14.082504,14.157593,14.232613,14.213860,14.026146,13.950951,14.251350,14.251350,13.762703,14.232613,14.476006,14.195114,14.157593,13.950951,14.401184,13.781540,14.007355,13.838051,14.044937,13.988556,14.288834,14.120049,13.838051,14.007355,13.988556,13.800392,13.950951,14.044937,14.382469,14.251350,14.606796,14.979439,15.387550,15.683197,15.646294,15.646294,16.124794,16.271500,16.564171,16.691910,16.179840,16.582436,16.655434,16.655434,16.801247,16.545914,16.855865,17.164696,17.092117,17.237198,17.237198,17.001335,16.746590,17.652901,17.345833,17.327736,17.255310,17.526596,17.110275,17.019493,17.128418,17.309639,17.418190,17.255310,17.706970,17.418190,17.688942,17.436272,17.454338,17.833000,17.508537,17.688942,18.066551,17.922905,17.634865,18.102425,17.994759,18.245766,18.353111,18.353111,19.011993,18.281563,18.174133,18.763306,18.567383,18.727722,19.277603,18.531708,18.585213,18.549545,18.834435,18.905502,18.727722,19.011993,18.834435,19.118340,18.941017,19.082909,19.118340,19.224541,18.727722,19.559967,19.348289,19.100624,19.082909,19.065178,19.312950,19.082909,19.171471,18.958771,19.471832,19.224541,19.047462,19.383614,19.259926,19.823784,19.295280,19.259926,19.648003,19.665596,19.224541,19.189156,19.100624,19.348289,18.834435,19.029732,19.259926,18.923264,19.259926,19.082909,19.348289,19.348289,19.295280,19.065178,18.923264,19.171471,19.577583,18.852211,18.976524,18.976524,19.065178,18.406731,19.153755,18.798882,18.549545,18.941017,18.370995,18.781090,18.745514,18.674309,18.834435,18.638680,18.460312,18.834435,18.227867,18.460312,18.887749,18.781090,18.281563,18.692123,18.120361,18.370995,18.709923,18.317345,18.353111,18.442459,18.174133,18.048607,18.174133,18.281563,18.263664,18.138290,18.156204,18.102425,17.940880,18.156204,17.833000,17.994759,18.513863,18.460312,18.102425,18.281563,18.066551,18.192039,18.478165,18.048607,18.066551,18.335236,18.317345,18.156204,17.940880,17.904930,17.886955,17.562698,17.688942,16.946808,17.182823,16.582436,16.198189,16.198189,15.517014,15.572441,15.220818,14.793312,14.811943,14.979439,14.588127,14.457298,14.737404,14.419891,14.401184,14.476006,14.756035,14.625465,14.644127,14.476006,14.756035,14.625465,14.979439,14.494698,14.718750,14.476006,14.419891,14.438606,14.513397,14.270103,14.457298,14.157593,14.849190,14.026146,14.513397,13.988556,14.288834,14.756035,14.026146,14.550774,14.718750,14.082504,14.681450,14.138817,14.513397,14.157593,14.157593,14.195114,14.232613,14.363747,14.382469,14.438606,14.457298,14.419891,14.457298,14.606796,14.494698,14.270103,14.457298,14.157593,14.401184,14.232613,14.213860,14.644127,14.270103,14.345024,14.345024,14.401184,14.569450,14.644127,14.251350,14.157593,14.232613,14.307571,14.476006,14.157593,14.063721,13.743858,14.138817,13.819221,13.536285,13.819221,13.800392,13.592949,13.611824,13.743858,13.119759,13.403954,13.687294,13.233543,13.649567,13.630692,13.592949,13.592949,13.856880,13.290382,14.382469,13.479599,14.363747,14.044937,14.307571,14.438606,14.793312,14.494698,14.606796,14.120049,14.532082,14.176346,14.606796,14.270103,14.307571,14.494698,14.063721,14.101280,14.213860,14.326302,14.044937,14.213860,13.988556,13.687294,14.157593,14.007355,14.232613,14.063721,14.625465,14.176346,14.476006,14.213860,14.288834,13.988556,14.270103,14.270103,14.007355,14.082504,13.932144,14.606796,14.138817,14.157593,13.819221,14.195114,13.969765,13.932144,13.969765,13.950951,13.517403,13.762703,13.913338,13.819221,13.856880,13.894524,14.270103,14.138817,14.082504,13.894524,14.026146,13.988556,14.120049,13.611824,13.517403,13.706154,13.706154,13.403954,13.819221,13.875710,13.422867,13.385033,13.800392,14.307571,13.819221,13.611824,14.101280,14.251350,14.588127,14.905037,14.998024,15.239365,15.517014,15.775375,15.977844,15.793800,16.014603,15.977844,16.308144,16.271500,16.454536,16.801247,16.436256,16.381371,16.381371,16.527649,16.728371,16.819458,16.618950,16.874062,16.691910,16.673668,16.436256,16.874062,16.728371,16.673668,17.128418,16.472824,16.928627,16.764816,17.055817,16.600693,16.728371,17.037659,16.964989,17.110275,17.652901,17.019493,17.128418,17.454338,17.019493,17.544655,17.200951,17.580750,17.400101,17.544655,17.580750,17.742996,17.454338,17.598785,17.219078,17.976807,17.797005,17.779015,17.761002,17.688942,17.797005,17.345833,17.742996,17.976807,17.761002,17.616829,17.850990,17.886955,17.345833,17.345833,17.146553,17.436272,17.454338,17.490471,17.327736,17.291534,16.983162,17.092117,16.983162,17.291534,16.910439,16.728371,16.161499,16.655434,16.472824,16.271500,15.812218,15.775375,15.090919,15.072350,14.979439,14.793312,14.662788,14.569450,14.513397,15.128059,14.550774,14.232613,14.681450,14.382469,15.053780,14.793312,14.588127,14.288834,14.476006,14.830566,14.120049,14.401184,14.718750,14.774681,14.120049,14.326302,14.026146,13.800392,13.856880,14.307571,13.969765,14.063721,13.706154,13.856880,14.176346,14.307571,14.419891,13.838051,14.138817,14.326302,14.569450,14.550774,14.026146,14.270103,14.494698,14.195114,14.867805,14.251350,13.649567,13.856880,13.574066,14.007355,13.422867,13.479599,
11.589287,13.441788,13.005829,12.701340,13.517403,13.574066,13.422867,13.024826,13.479599,13.309326,13.555183,13.479599,13.630692,13.800392,13.649567,13.630692,14.101280,13.592949,13.611824,13.932144,13.214584,13.894524,13.762703,13.479599,13.988556,13.119759,13.252487,14.288834,13.233543,13.819221,13.479599,13.195625,13.969765,13.214584,13.309326,13.630692,13.574066,13.592949,13.555183,13.062805,13.422867,13.950951,13.441788,13.762703,13.555183,13.555183,13.668427,13.574066,14.082504,13.347183,13.894524,13.385033,13.838051,13.517403,13.743858,13.517403,14.195114,13.687294,13.725006,13.706154,14.063721,13.932144,14.007355,14.026146,13.385033,13.479599,13.762703,13.856880,13.214584,13.081795,13.611824,13.498497,13.252487,13.460693,12.986824,12.834679,13.005829,12.834679,13.062805,13.913338,13.309326,13.403954,12.834679,13.403954,13.668427,13.592949,13.479599,13.536285,13.969765,13.498497,13.725006,13.687294,14.101280,14.307571,13.913338,13.950951,14.120049,14.026146,13.630692,14.063721,14.138817,13.932144,14.120049,13.913338,13.894524,14.026146,13.649567,13.781540,13.969765,13.894524,13.875710,13.706154,13.875710,14.232613,13.800392,14.007355,13.725006,14.026146,13.988556,13.781540,14.007355,13.630692,14.044937,14.195114,14.457298,13.592949,14.026146,14.270103,14.195114,13.988556,14.270103,14.363747,14.026146,14.345024,14.307571,13.649567,13.762703,13.950951,14.213860,14.326302,14.307571,13.988556,13.856880,13.743858,13.932144,14.401184,14.026146,14.007355,14.270103,14.120049,14.251350,14.476006,13.950951,14.007355,13.856880,13.913338,13.969765,13.894524,14.044937,13.913338,14.326302,14.176346,14.569450,14.138817,15.109489,14.644127,15.480049,15.202286,15.553970,16.179840,16.161499,16.545914,16.618950,16.637184,16.600693,16.655434,16.691910,16.472824,16.673668,17.019493,17.273430,17.436272,16.946808,17.073982,17.219078,17.128418,17.200951,17.327736,16.983162,17.472412,16.964989,17.037659,17.544655,17.146553,17.688942,16.946808,17.526596,17.146553,17.110275,17.382019,17.904930,17.598785,17.706970,17.273430,18.174133,17.815002,18.066551,18.263664,17.815002,17.994759,17.958839,18.263664,18.281563,18.353111,18.656494,18.424599,18.406731,18.353111,18.692123,18.496017,18.585213,18.674309,18.869980,18.798882,18.496017,18.923264,18.852211,19.011993,19.136055,19.383614,19.136055,18.852211,18.958771,19.011993,19.295280,18.531708,19.153755,19.648003,19.136055,19.029732,18.905502,18.887749,19.153755,19.224541,19.630394,19.242241,19.224541,19.365944,19.136055,19.471832,19.471832,19.542351,19.876450,19.507095,19.436554,19.330627,19.383614,19.542351,19.206863,18.941017,19.330627,19.401253,18.941017,19.242241,19.082909,19.383614,18.923264,19.011993,19.189156,19.171471,19.153755,19.100624,18.620857,18.834435,18.656494,18.798882,19.011993,18.994255,18.941017,18.852211,18.603035,18.656494,18.852211,18.852211,18.317345,18.549545,18.905502,18.192039,18.958771,18.674309,18.585213,18.656494,18.496017,18.263664,18.496017,18.424599,18.424599,18.424599,18.263664,17.779015,18.460312,18.066551,18.102425,17.904930,18.317345,17.976807,18.227867,18.102425,18.442459,18.066551,18.012718,18.370995,17.779015,18.370995,18.138290,18.245766,18.603035,18.460312,18.353111,18.299454,18.353111,18.102425,18.299454,18.299454,17.976807,17.472412,17.761002,17.688942,17.508537,17.182823,17.128418,16.289825,16.161499,15.941071,15.572441,15.498535,15.276436,14.886414,14.830566,14.401184,14.419891,14.457298,13.649567,14.700096,14.157593,14.438606,14.960838,14.513397,14.438606,14.979439,14.494698,14.513397,14.550774,14.793312,14.438606,14.457298,14.326302,14.195114,14.681450,14.438606,14.401184,14.457298,14.550774,14.157593,14.401184,14.494698,14.082504,14.120049,14.662788,14.363747,14.737404,14.494698,14.476006,14.401184,14.681450,14.213860,14.382469,14.419891,14.120049,14.288834,14.438606,14.830566,14.063721,14.213860,14.457298,14.345024,14.288834,14.494698,14.419891,14.363747,14.382469,14.382469,14.774681,14.662788,14.326302,14.363747,14.811943,14.270103,14.345024,14.345024,14.307571,14.270103,14.438606,14.307571,14.063721,14.026146,14.195114,13.894524,13.800392,14.007355,14.082504,13.875710,13.762703,13.309326,13.214584,13.385033,13.894524,13.422867,13.649567,13.460693,13.498497,13.781540,13.517403,13.328255,13.743858,13.725006,14.120049,14.026146,13.950951,13.875710,13.969765,14.569450,14.288834,14.588127,14.494698,14.569450,14.401184,14.288834,14.026146,14.232613,13.950951,13.969765,13.969765,14.195114,14.288834,13.800392,14.513397,14.138817,14.026146,14.419891,13.856880,14.176346,14.044937,13.725006,14.082504,14.044937,14.007355,14.232613,14.363747,14.026146,14.270103,13.932144,14.476006,13.819221,14.026146,13.950951,14.251350,14.026146,14.326302,14.157593,13.819221,14.213860,14.307571,14.326302,13.781540,14.063721,14.176346,13.800392,14.419891,13.574066,13.875710,12.967819,13.988556,13.894524,13.592949,13.611824,13.781540,14.232613,13.743858,13.781540,13.630692,13.856880,13.214584,13.347183,13.252487,13.875710,13.668427,13.611824,13.743858,13.630692,14.138817,14.138817,14.326302,14.382469,15.332008,15.461563,15.443062,15.350533,15.590912,16.069710,16.069710,15.756950,16.436256,15.941071,16.179840,16.381371,16.545914,16.198189,16.436256,16.801247,16.564171,16.527649,16.673668,16.892258,16.691910,16.964989,16.014603,16.874062,17.146553,16.344765,16.801247,16.710136,16.764816,16.637184,16.472824,16.691910,16.637184,16.637184,17.309639,17.382019,17.001335,16.946808,17.128418,17.508537,17.001335,17.273430,17.110275,17.454338,17.472412,17.073982,17.994759,17.670921,17.508537,17.652901,17.400101,17.454338,17.580750,17.598785,17.724983,17.706970,17.742996,17.616829,17.309639,17.850990,17.616829,17.634865,17.779015,17.472412,17.868965,17.037659,17.382019,17.363930,17.309639,17.273430,17.418190,16.819458,16.855865,17.544655,17.526596,17.128418,16.764816,16.600693,17.219078,15.959457,16.637184,16.417961,16.271500,15.849052,15.646294,15.016617,15.369041,15.553970,14.718750,14.307571,14.138817,14.195114,14.345024,14.905037,14.569450,14.550774,14.830566,15.016617,14.494698,15.053780,14.419891,14.867805,14.737404,14.867805,13.856880,13.762703,14.569450,14.007355,14.213860,14.082504,14.082504,13.950951,14.176346,14.438606,13.913338,14.288834,14.588127,14.213860,14.532082,14.026146,14.382469,13.555183,14.157593,14.288834,13.687294,14.026146,13.969765,13.781540,13.875710,14.120049,13.762703,13.762703,13.725006,13.271439,13.800392,13.290382,
12.261917,12.281059,13.555183,13.309326,13.460693,13.460693,12.948814,13.385033,13.005829,13.932144,13.668427,13.385033,13.536285,13.366112,13.536285,12.986824,13.422867,13.574066,13.403954,14.044937,13.176659,13.290382,13.290382,13.366112,13.517403,13.024826,13.781540,13.422867,13.649567,13.328255,13.195625,13.725006,13.271439,13.630692,13.950951,13.592949,13.479599,13.536285,13.347183,13.687294,13.668427,13.290382,13.592949,13.385033,13.668427,13.762703,13.403954,13.498497,13.913338,13.555183,13.479599,13.366112,14.195114,13.800392,13.800392,13.611824,13.743858,14.251350,13.875710,13.743858,13.875710,14.213860,13.950951,13.781540,14.101280,13.214584,13.176659,14.176346,13.574066,13.157700,13.233543,13.611824,13.630692,13.005829,12.720398,12.567825,13.611824,12.682281,12.853714,12.986824,12.853714,13.328255,13.043808,13.252487,13.328255,13.024826,13.819221,13.157700,13.460693,13.252487,13.969765,13.819221,13.706154,13.743858,14.157593,14.157593,14.345024,13.649567,13.706154,14.157593,13.932144,14.345024,13.913338,13.913338,14.063721,13.838051,13.725006,13.725006,13.479599,13.517403,13.800392,13.536285,13.762703,13.762703,13.950951,13.762703,14.307571,13.366112,14.138817,13.743858,13.894524,13.668427,14.494698,13.913338,14.044937,14.157593,13.819221,13.875710,13.988556,13.894524,14.101280,13.988556,14.232613,14.345024,13.950951,14.476006,14.176346,13.950951,14.232613,14.044937,14.345024,13.611824,14.251350,13.781540,13.819221,13.969765,14.195114,13.819221,13.969765,14.120049,13.819221,14.157593,13.913338,13.969765,13.592949,13.800392,13.687294,13.687294,13.725006,13.762703,14.176346,14.345024,14.213860,14.457298,14.886414,14.681450,15.461563,15.590912,15.812218,15.683197,16.216530,16.216530,16.381371,16.161499,16.454536,16.637184,16.710136,17.273430,17.110275,16.600693,16.910439,16.946808,17.490471,17.200951,16.783035,17.055817,17.309639,17.237198,17.128418,17.001335,17.508537,17.164696,17.092117,17.237198,17.237198,16.964989,17.237198,17.073982,17.200951,16.874062,17.886955,17.291534,17.562698,17.904930,17.976807,17.868965,18.084496,17.940880,18.102425,17.761002,18.263664,18.335236,18.084496,18.102425,18.317345,18.353111,18.994255,18.727722,18.388855,18.941017,18.763306,18.727722,18.620857,18.887749,18.994255,19.136055,18.941017,19.171471,19.153755,19.206863,19.401253,19.011993,19.153755,19.436554,18.869980,19.312950,18.905502,19.436554,19.011993,19.224541,18.958771,19.082909,19.065178,18.976524,19.665596,19.100624,19.348289,18.994255,19.383614,19.348289,19.401253,19.507095,19.330627,19.330627,19.153755,19.365944,19.065178,19.771080,19.524719,19.401253,19.348289,18.994255,19.047462,19.206863,18.941017,18.941017,19.118340,19.118340,19.029732,18.958771,19.065178,19.277603,18.852211,18.674309,18.816666,19.259926,18.852211,18.852211,18.763306,18.994255,19.029732,18.620857,18.834435,18.138290,18.227867,18.478165,18.370995,18.620857,18.335236,18.709923,18.567383,18.727722,18.245766,18.317345,18.370995,18.317345,18.585213,18.353111,18.388855,18.406731,18.335236,18.638680,17.994759,18.030663,18.012718,17.994759,18.138290,18.048607,18.209953,18.120361,18.048607,17.904930,18.174133,18.066551,17.868965,18.496017,18.335236,18.263664,18.353111,18.567383,18.781090,17.833000,18.549545,18.102425,17.779015,18.460312,17.580750,17.508537,17.128418,17.309639,17.037659,16.691910,16.253181,16.308144,16.069710,15.424561,15.072350,14.737404,15.146614,14.588127,14.288834,14.382469,14.401184,14.419891,14.288834,14.644127,14.644127,14.382469,14.793312,14.438606,14.849190,14.625465,14.681450,14.718750,14.120049,14.718750,14.718750,14.363747,14.830566,14.307571,14.382469,14.457298,14.419891,14.213860,14.120049,14.363747,14.307571,14.232613,14.513397,13.950951,14.363747,13.969765,14.213860,14.213860,14.923637,14.513397,14.532082,14.270103,13.950951,14.476006,14.532082,14.063721,14.120049,14.700096,14.382469,14.157593,14.213860,14.270103,13.950951,14.307571,14.176346,14.176346,14.960838,14.625465,14.213860,14.063721,14.494698,14.251350,14.438606,14.157593,14.532082,14.363747,14.157593,14.232613,14.026146,14.251350,14.157593,13.668427,13.913338,13.932144,13.856880,13.706154,13.706154,13.252487,13.271439,13.875710,13.819221,13.252487,13.611824,13.592949,13.460693,13.611824,13.385033,13.252487,13.611824,13.894524,13.819221,13.762703,14.213860,14.082504,14.419891,14.251350,14.419891,14.625465,14.476006,14.737404,13.950951,14.101280,14.026146,14.793312,13.781540,14.438606,14.476006,14.157593,14.345024,14.550774,14.307571,13.875710,14.176346,14.120049,14.419891,13.574066,13.913338,14.101280,14.044937,14.326302,13.932144,13.819221,13.988556,13.838051,14.195114,14.157593,13.706154,14.232613,14.307571,13.781540,14.101280,14.176346,13.668427,14.138817,14.044937,14.101280,13.725006,13.856880,13.706154,13.932144,13.875710,13.988556,13.932144,13.630692,13.800392,14.401184,14.026146,13.725006,14.232613,13.743858,13.403954,13.687294,13.479599,13.894524,13.611824,13.988556,13.875710,13.668427,13.668427,13.138725,13.555183,13.800392,13.498497,14.044937,13.913338,14.120049,14.176346,14.830566,14.756035,14.979439,15.793800,15.220818,15.977844,15.498535,15.720085,16.253181,15.941071,15.720085,16.032974,16.234848,16.271500,16.344765,16.910439,16.491104,16.582436,16.271500,16.910439,16.618950,16.618950,16.892258,16.564171,16.892258,17.001335,16.837654,16.618950,17.001335,16.764816,16.564171,16.983162,16.855865,16.928627,17.019493,17.382019,16.928627,17.418190,17.128418,17.237198,17.164696,16.964989,17.146553,17.616829,17.200951,17.128418,17.922905,17.940880,17.724983,17.436272,17.670921,18.317345,17.779015,17.436272,17.724983,17.815002,17.922905,17.833000,17.652901,17.688942,17.526596,18.030663,17.958839,17.868965,17.200951,17.886955,17.219078,17.598785,17.634865,17.490471,17.128418,17.309639,17.219078,17.418190,17.037659,17.219078,16.764816,17.472412,16.618950,16.417961,16.436256,16.491104,15.867470,16.106438,16.491104,15.165176,15.535500,14.756035,14.756035,14.681450,14.232613,14.476006,14.232613,14.494698,14.849190,14.082504,14.700096,14.532082,14.438606,14.830566,15.165176,14.176346,14.326302,14.326302,14.811943,14.588127,14.700096,13.422867,14.513397,14.101280,14.270103,14.644127,13.668427,14.232613,14.007355,14.195114,14.363747,13.913338,13.819221,14.756035,14.213860,14.476006,14.307571,13.932144,14.457298,14.176346,14.082504,13.762703,14.195114,13.856880,14.120049,13.838051,13.913338,13.800392,14.270103,13.498497,13.290382,
12.319344,12.986824,12.834679,13.043808,13.005829,13.385033,13.687294,13.385033,13.403954,13.856880,13.422867,13.725006,13.366112,13.706154,13.574066,13.743858,13.366112,13.441788,13.875710,13.385033,13.687294,13.403954,13.894524,13.328255,13.630692,13.517403,13.422867,13.460693,13.290382,13.555183,13.630692,13.347183,13.214584,13.649567,13.781540,13.347183,13.385033,13.119759,13.536285,13.214584,13.214584,13.479599,13.479599,13.290382,13.574066,13.649567,13.385033,13.592949,13.969765,13.762703,14.494698,14.213860,13.422867,14.232613,13.838051,13.517403,13.706154,13.800392,13.668427,14.213860,13.668427,14.082504,14.345024,13.687294,13.819221,13.988556,13.725006,13.385033,13.555183,13.574066,13.441788,13.214584,13.366112,13.328255,13.138725,12.853714,13.214584,13.176659,12.986824,13.024826,13.366112,13.328255,13.119759,13.309326,13.347183,13.271439,13.460693,13.214584,13.725006,13.668427,13.687294,13.328255,14.138817,13.687294,14.307571,13.932144,13.687294,14.176346,14.401184,14.195114,13.819221,13.706154,14.307571,14.326302,13.574066,14.401184,13.781540,14.176346,14.120049,14.588127,13.800392,13.838051,13.969765,13.913338,14.138817,13.781540,14.345024,13.536285,13.687294,13.856880,14.101280,14.120049,13.762703,13.762703,14.120049,13.838051,13.781540,14.157593,13.781540,14.345024,13.498497,14.082504,14.026146,14.270103,14.213860,14.157593,14.326302,14.120049,14.737404,14.382469,13.875710,13.819221,13.649567,14.270103,13.875710,14.550774,14.176346,14.120049,14.382469,14.101280,14.662788,13.743858,14.251350,13.498497,13.838051,13.875710,13.649567,13.630692,13.498497,13.460693,14.232613,14.363747,14.849190,14.157593,14.793312,14.644127,14.774681,15.535500,15.535500,15.738518,16.289825,16.032974,16.491104,16.326462,16.783035,16.545914,16.618950,16.253181,17.182823,17.345833,16.691910,17.182823,17.073982,17.255310,16.928627,17.273430,17.200951,17.418190,17.110275,17.436272,17.219078,17.037659,16.545914,17.345833,17.146553,16.892258,17.019493,17.400101,17.110275,17.164696,17.255310,17.363930,17.490471,17.797005,17.562698,17.652901,17.580750,17.940880,17.797005,17.761002,18.084496,18.496017,18.353111,18.263664,18.317345,18.084496,18.513863,18.674309,18.994255,18.958771,18.763306,18.478165,18.994255,18.941017,19.242241,18.674309,19.082909,18.798882,19.224541,19.330627,19.171471,19.189156,18.923264,19.312950,19.011993,19.189156,19.029732,18.976524,19.471832,19.136055,18.834435,19.577583,18.852211,19.436554,19.082909,19.047462,19.524719,19.365944,19.100624,19.383614,19.365944,19.489464,19.401253,19.312950,19.259926,19.189156,19.507095,19.242241,19.224541,19.259926,19.330627,19.153755,19.224541,18.852211,18.958771,19.047462,18.923264,19.118340,19.401253,19.082909,19.295280,18.941017,19.100624,19.011993,19.082909,18.958771,18.816666,18.620857,18.816666,18.941017,19.065178,18.335236,18.692123,18.887749,18.549545,18.674309,18.549545,18.674309,18.852211,18.317345,18.869980,18.745514,18.603035,18.030663,18.353111,18.370995,18.209953,18.245766,18.317345,18.317345,18.084496,17.797005,18.335236,18.209953,18.120361,18.174133,18.138290,18.245766,18.102425,18.335236,17.850990,18.353111,18.442459,18.263664,18.245766,18.245766,18.620857,18.084496,18.656494,17.994759,18.174133,18.460312,17.904930,18.156204,17.797005,17.652901,17.724983,17.779015,17.182823,16.783035,16.946808,16.491104,16.106438,15.775375,15.720085,15.590912,15.480049,15.553970,14.756035,14.681450,14.494698,14.513397,14.307571,14.476006,14.345024,14.326302,14.793312,14.270103,14.811943,14.942238,14.849190,14.457298,14.476006,14.756035,14.923637,14.382469,14.588127,14.681450,14.120049,14.532082,14.550774,14.176346,14.176346,14.532082,14.662788,14.232613,14.063721,14.793312,14.419891,14.811943,14.251350,14.401184,14.195114,14.270103,14.138817,14.213860,14.382469,14.307571,14.063721,14.793312,14.681450,14.662788,14.232613,14.270103,14.138817,14.326302,14.157593,14.345024,14.476006,14.457298,14.307571,14.550774,14.288834,14.681450,14.232613,14.494698,14.793312,14.382469,14.532082,14.438606,13.950951,14.662788,14.345024,14.382469,14.532082,14.195114,13.913338,13.950951,13.894524,13.800392,13.574066,13.611824,13.800392,13.574066,13.743858,13.630692,13.271439,13.441788,13.555183,13.157700,13.195625,13.611824,13.233543,13.403954,13.536285,13.875710,13.856880,14.082504,13.422867,14.213860,14.213860,14.138817,14.438606,14.251350,14.681450,14.457298,14.476006,14.157593,14.120049,14.307571,14.438606,14.476006,14.307571,13.969765,14.419891,14.382469,14.157593,14.588127,14.307571,13.762703,14.382469,14.251350,14.044937,13.894524,14.101280,13.762703,13.894524,13.894524,13.762703,13.988556,13.800392,13.950951,13.856880,14.345024,13.706154,14.363747,14.044937,14.007355,13.762703,13.875710,14.213860,14.157593,14.101280,13.932144,14.101280,13.969765,14.044937,14.270103,14.007355,13.687294,13.856880,14.007355,14.213860,13.743858,13.932144,13.574066,13.706154,13.950951,13.290382,13.252487,13.630692,13.668427,13.555183,13.536285,13.555183,13.517403,13.176659,13.574066,13.819221,14.120049,14.288834,14.438606,14.270103,14.513397,14.960838,14.942238,15.146614,15.627831,16.234848,15.996223,15.867470,16.051353,16.472824,16.381371,16.308144,15.996223,16.143143,16.454536,16.600693,16.892258,16.710136,16.983162,16.728371,16.509377,16.801247,16.874062,16.509377,17.055817,16.564171,16.710136,16.436256,16.855865,16.618950,16.472824,16.855865,16.892258,17.037659,17.382019,17.110275,16.928627,17.164696,17.327736,17.164696,17.436272,17.598785,17.219078,17.526596,17.182823,17.580750,17.128418,17.382019,17.688942,17.526596,17.994759,17.616829,17.400101,17.815002,17.436272,17.634865,17.273430,17.652901,17.886955,17.598785,17.526596,17.490471,17.833000,17.400101,17.598785,17.724983,17.833000,17.454338,17.128418,17.544655,17.436272,17.309639,17.182823,17.055817,16.783035,17.092117,17.309639,16.198189,17.110275,16.655434,16.564171,16.271500,16.106438,16.436256,15.941071,15.498535,15.756950,15.202286,14.867805,14.756035,14.718750,14.644127,14.457298,14.213860,14.737404,14.774681,14.513397,14.830566,14.886414,14.793312,14.419891,14.438606,14.793312,14.494698,14.532082,14.532082,14.793312,14.811943,14.363747,14.120049,14.307571,14.138817,14.270103,14.382469,14.382469,14.849190,13.555183,13.762703,14.363747,13.988556,13.988556,13.479599,14.457298,14.176346,14.494698,14.157593,14.176346,13.988556,13.819221,14.176346,14.345024,14.942238,14.138817,13.781540,14.063721,14.176346,12.910774,
12.108589,13.062805,12.929794,12.986824,13.252487,13.309326,13.195625,13.592949,13.819221,13.913338,13.574066,13.630692,13.630692,13.422867,13.100769,13.649567,13.706154,13.536285,13.479599,13.988556,13.422867,13.252487,13.271439,13.668427,13.687294,13.138725,13.611824,13.347183,13.403954,13.100769,13.233543,13.592949,13.819221,13.668427,13.574066,13.781540,13.649567,13.743858,13.611824,13.290382,13.479599,13.328255,13.271439,13.706154,13.611824,13.517403,13.800392,14.082504,14.176346,13.176659,13.875710,13.838051,13.913338,13.913338,14.232613,13.762703,13.819221,14.044937,13.668427,13.706154,13.969765,13.743858,14.307571,13.743858,13.988556,12.986824,13.441788,13.932144,13.800392,13.441788,13.894524,13.422867,13.138725,13.081795,13.403954,13.385033,13.422867,12.986824,13.119759,13.441788,13.100769,12.853714,13.385033,13.706154,13.347183,13.517403,13.309326,13.592949,13.592949,13.894524,13.913338,13.725006,14.270103,13.856880,14.138817,13.856880,14.082504,13.819221,14.044937,14.044937,13.950951,14.195114,13.706154,13.479599,13.875710,13.894524,14.494698,13.403954,13.856880,14.176346,13.950951,14.044937,14.007355,13.894524,13.969765,13.950951,14.195114,14.138817,14.195114,14.326302,13.988556,13.800392,13.630692,13.819221,13.743858,13.725006,14.101280,13.894524,13.630692,14.120049,13.819221,14.026146,14.026146,14.176346,14.176346,14.120049,14.419891,13.856880,14.213860,14.270103,14.307571,14.307571,13.856880,14.382469,14.476006,14.044937,14.176346,14.157593,14.569450,14.345024,14.457298,13.875710,13.819221,13.422867,14.176346,13.762703,14.494698,13.611824,13.743858,13.913338,13.932144,13.969765,14.401184,14.588127,14.569450,14.737404,15.517014,15.572441,15.572441,16.106438,16.161499,15.867470,15.922668,16.783035,16.637184,16.454536,16.564171,16.381371,16.819458,16.600693,16.910439,17.436272,17.073982,17.164696,17.128418,17.454338,16.892258,17.291534,17.273430,17.454338,17.237198,17.219078,17.418190,17.309639,17.273430,17.182823,17.363930,17.055817,16.837654,17.670921,17.508537,17.833000,17.345833,17.976807,17.616829,17.761002,18.066551,17.940880,17.742996,18.138290,18.012718,18.388855,18.460312,18.245766,18.478165,18.370995,18.781090,18.692123,18.549545,18.816666,18.281563,18.620857,18.994255,18.816666,19.118340,18.834435,19.118340,18.834435,19.100624,18.994255,19.100624,19.524719,19.136055,19.082909,19.047462,19.065178,19.029732,19.153755,19.242241,18.958771,18.656494,19.242241,19.295280,19.082909,18.763306,18.905502,19.295280,19.153755,19.242241,19.436554,19.312950,19.489464,19.153755,19.471832,19.718353,19.118340,19.242241,19.312950,19.011993,19.330627,19.542351,19.559967,18.834435,19.100624,19.224541,18.549545,19.454201,19.065178,18.816666,18.852211,19.118340,19.100624,19.206863,19.206863,19.189156,18.852211,19.047462,18.745514,18.976524,18.585213,18.763306,18.745514,18.531708,18.816666,18.709923,18.460312,18.798882,18.763306,18.638680,18.763306,18.603035,18.620857,18.585213,18.620857,18.442459,19.065178,18.370995,18.370995,18.460312,18.299454,18.281563,17.976807,18.192039,18.084496,18.084496,18.030663,18.048607,17.904930,18.084496,18.299454,17.940880,18.281563,18.174133,18.263664,18.227867,18.209953,18.156204,18.030663,18.317345,17.958839,18.209953,17.922905,17.940880,18.012718,17.688942,17.958839,17.779015,17.526596,17.128418,17.309639,16.491104,16.545914,16.381371,16.161499,15.480049,15.572441,15.016617,14.811943,14.979439,14.476006,14.606796,14.345024,14.120049,14.606796,14.737404,14.457298,14.569450,14.830566,14.606796,14.662788,14.700096,14.756035,14.382469,14.176346,14.644127,14.737404,14.494698,14.625465,14.401184,14.588127,14.737404,14.232613,14.662788,14.756035,14.195114,14.138817,14.270103,14.176346,14.363747,14.288834,14.419891,14.176346,14.138817,14.476006,14.419891,14.082504,14.681450,14.438606,14.270103,14.195114,14.644127,14.195114,14.195114,14.419891,14.382469,14.494698,14.082504,13.856880,14.830566,14.382469,14.251350,14.026146,14.513397,14.923637,14.550774,14.513397,13.875710,14.681450,14.644127,14.606796,14.532082,13.838051,14.401184,14.457298,13.969765,14.550774,14.082504,14.438606,14.007355,13.932144,13.819221,13.649567,13.932144,13.969765,13.574066,13.271439,13.460693,12.853714,13.290382,13.309326,13.195625,13.819221,13.366112,13.422867,13.950951,13.157700,14.007355,13.969765,13.781540,14.195114,14.401184,14.063721,14.476006,15.053780,14.756035,14.849190,14.120049,14.382469,14.681450,14.026146,14.569450,13.950951,14.494698,14.494698,14.251350,14.345024,14.401184,14.026146,14.213860,14.026146,14.120049,14.026146,14.101280,14.251350,14.176346,14.026146,14.476006,13.932144,14.232613,14.307571,14.326302,13.932144,14.044937,14.270103,14.082504,14.044937,14.063721,14.101280,14.082504,14.382469,13.687294,14.157593,13.800392,14.157593,14.550774,13.743858,13.988556,13.838051,14.157593,13.819221,13.743858,14.007355,14.007355,14.157593,14.044937,13.460693,13.913338,13.894524,14.195114,13.725006,13.913338,13.460693,13.875710,13.781540,13.649567,13.838051,13.762703,13.460693,14.063721,14.044937,14.082504,13.630692,14.494698,14.232613,15.183723,15.035194,15.294960,15.793800,15.627831,15.461563,15.977844,16.216530,15.572441,16.234848,16.509377,16.143143,16.051353,16.855865,16.655434,16.855865,16.545914,16.582436,16.363075,16.892258,16.381371,16.710136,16.491104,16.764816,16.637184,16.910439,16.655434,15.922668,16.655434,16.637184,16.746590,17.436272,16.673668,17.363930,17.382019,16.983162,17.616829,17.037659,17.363930,17.291534,17.616829,17.508537,17.670921,17.472412,17.850990,17.761002,17.850990,17.833000,17.688942,17.544655,17.526596,17.688942,17.562698,17.580750,18.012718,18.138290,17.382019,17.652901,17.761002,17.850990,17.634865,17.994759,17.815002,17.724983,17.598785,17.164696,17.382019,17.544655,17.400101,17.309639,17.454338,17.219078,17.073982,17.110275,17.598785,17.055817,16.673668,17.219078,17.073982,16.691910,16.253181,16.491104,16.271500,15.756950,15.461563,15.627831,14.774681,14.494698,14.998024,14.830566,14.251350,14.681450,14.662788,14.867805,14.326302,14.606796,14.700096,14.232613,14.662788,14.494698,14.681450,14.867805,14.101280,14.476006,15.035194,14.026146,13.950951,14.251350,14.232613,14.326302,13.856880,14.007355,14.438606,14.345024,13.932144,13.988556,13.969765,14.307571,14.251350,14.288834,14.157593,14.063721,14.138817,14.476006,14.457298,14.063721,14.082504,14.007355,14.326302,13.555183,14.101280,13.800392,14.532082,13.950951,13.081795,13.119759,
12.586906,12.872734,12.510529,13.403954,13.176659,13.271439,13.366112,13.725006,13.366112,13.366112,13.271439,13.649567,13.328255,13.290382,13.838051,13.856880,13.969765,13.366112,13.706154,13.555183,13.630692,13.422867,13.138725,13.403954,13.913338,13.555183,13.706154,13.157700,13.460693,13.611824,14.082504,13.517403,13.176659,13.649567,13.555183,13.422867,13.630692,13.592949,13.498497,14.007355,13.611824,13.385033,13.630692,13.422867,13.592949,13.781540,13.611824,13.366112,13.668427,13.706154,13.687294,13.687294,13.969765,14.138817,13.592949,13.630692,14.345024,13.687294,14.063721,14.419891,13.555183,14.588127,14.120049,13.611824,13.819221,13.574066,13.856880,14.063721,13.441788,13.838051,13.592949,13.062805,13.290382,13.403954,12.967819,12.663208,13.062805,12.663208,13.024826,13.385033,12.910774,13.062805,13.422867,13.214584,13.630692,13.856880,13.271439,13.385033,14.026146,13.611824,14.138817,13.649567,14.120049,13.611824,13.819221,14.157593,14.401184,14.120049,14.026146,13.706154,13.913338,13.517403,13.838051,14.120049,13.819221,13.875710,13.856880,13.819221,14.213860,13.819221,14.101280,14.157593,13.856880,13.913338,14.288834,14.176346,13.875710,13.932144,14.288834,13.875710,13.498497,13.913338,14.232613,13.988556,13.913338,14.176346,13.819221,13.856880,14.270103,14.007355,14.044937,14.101280,14.419891,14.026146,14.120049,13.894524,14.213860,14.307571,13.932144,13.894524,13.950951,14.363747,13.932144,14.438606,14.007355,14.101280,14.026146,14.213860,14.138817,14.082504,14.251350,14.251350,14.101280,14.251350,13.574066,14.251350,13.838051,13.517403,13.781540,13.555183,14.044937,14.101280,14.232613,15.146614,14.588127,15.035194,15.498535,15.553970,16.143143,16.106438,16.069710,16.032974,16.381371,16.964989,16.417961,16.253181,16.618950,16.655434,17.128418,17.200951,17.291534,16.710136,17.490471,16.983162,17.706970,17.055817,17.472412,17.237198,17.019493,17.092117,17.309639,17.345833,17.418190,16.837654,17.634865,17.309639,17.345833,17.255310,17.562698,17.327736,17.616829,17.472412,17.616829,17.562698,17.868965,17.454338,17.797005,18.209953,18.084496,18.227867,18.192039,18.388855,18.370995,18.263664,18.138290,18.603035,18.745514,18.460312,18.656494,18.692123,18.887749,18.941017,19.011993,18.869980,19.242241,18.798882,19.277603,19.065178,19.242241,18.834435,19.153755,19.153755,18.834435,18.620857,19.011993,18.941017,19.171471,18.852211,18.958771,19.418907,19.259926,19.277603,18.763306,19.189156,19.277603,19.206863,19.383614,19.718353,19.418907,19.436554,19.330627,19.295280,19.418907,18.976524,19.612793,19.065178,19.312950,18.976524,19.065178,19.118340,19.189156,19.047462,18.958771,19.047462,18.976524,18.887749,19.047462,19.206863,18.478165,19.153755,19.507095,18.834435,18.976524,18.763306,18.976524,18.531708,18.620857,18.656494,18.638680,18.816666,18.620857,18.317345,18.798882,18.442459,18.585213,18.692123,18.709923,18.299454,18.478165,18.299454,18.816666,18.478165,18.496017,18.478165,18.138290,18.084496,18.620857,18.066551,18.852211,18.335236,18.192039,17.994759,18.478165,18.227867,18.209953,18.066551,18.120361,18.012718,18.174133,18.781090,18.245766,18.317345,18.370995,18.156204,17.815002,18.066551,18.370995,18.496017,18.781090,17.940880,18.370995,17.976807,18.496017,18.012718,18.030663,18.084496,17.580750,17.724983,17.110275,16.801247,16.764816,16.582436,15.941071,16.088081,15.775375,15.313492,15.202286,14.774681,14.662788,14.588127,14.606796,14.101280,14.532082,14.438606,14.270103,14.476006,14.438606,14.644127,14.811943,14.382469,14.438606,14.700096,14.307571,13.592949,14.044937,14.569450,14.569450,14.326302,14.419891,14.550774,14.345024,14.363747,14.644127,14.737404,14.401184,14.681450,14.681450,14.457298,14.345024,14.401184,14.307571,13.988556,14.382469,14.644127,14.382469,14.457298,14.438606,14.494698,14.849190,14.063721,14.363747,14.513397,14.513397,14.550774,14.923637,14.101280,14.457298,14.176346,14.737404,14.494698,14.176346,14.251350,14.569450,14.120049,14.476006,14.044937,14.063721,14.382469,14.195114,14.007355,14.345024,14.438606,14.625465,14.082504,14.288834,14.007355,14.345024,13.743858,14.120049,13.856880,13.838051,13.441788,13.706154,13.366112,13.460693,13.403954,13.403954,13.176659,13.366112,13.138725,13.743858,13.856880,13.422867,14.063721,13.611824,13.838051,13.856880,13.950951,14.026146,13.913338,14.082504,14.345024,14.718750,13.950951,14.382469,14.737404,14.326302,14.213860,14.700096,14.176346,14.288834,14.532082,14.288834,14.513397,14.737404,14.363747,14.138817,14.007355,14.288834,14.101280,14.101280,14.251350,14.625465,13.687294,13.856880,14.157593,14.044937,14.157593,14.007355,14.063721,13.988556,14.101280,13.838051,14.251350,14.382469,13.988556,13.630692,14.007355,14.195114,13.687294,13.819221,14.251350,14.176346,13.762703,13.781540,14.044937,13.856880,14.513397,13.950951,14.195114,14.026146,14.195114,14.326302,13.592949,13.668427,13.950951,13.725006,13.725006,13.743858,13.649567,13.725006,14.138817,13.856880,13.498497,13.498497,13.668427,13.498497,13.800392,14.026146,13.762703,14.157593,13.743858,14.606796,14.363747,15.109489,15.257896,15.553970,15.517014,15.996223,15.498535,16.051353,16.032974,16.399666,16.143143,16.289825,16.124794,16.363075,16.234848,16.417961,16.179840,16.691910,16.600693,16.874062,16.491104,16.946808,16.637184,16.545914,16.764816,16.637184,16.710136,16.801247,16.399666,16.746590,16.582436,17.019493,16.783035,16.655434,16.964989,17.327736,17.273430,17.273430,17.237198,17.363930,17.255310,17.436272,17.291534,17.706970,17.327736,17.327736,17.327736,17.868965,17.868965,18.066551,17.634865,18.102425,17.904930,17.815002,17.850990,17.652901,17.976807,17.706970,17.508537,17.833000,18.048607,17.706970,17.508537,17.688942,17.742996,17.724983,17.400101,17.382019,17.833000,17.327736,17.055817,17.273430,17.400101,16.746590,16.855865,16.691910,16.964989,17.001335,16.655434,16.783035,16.564171,16.545914,16.106438,15.904274,15.683197,15.738518,15.350533,14.867805,14.867805,14.793312,14.419891,14.457298,14.849190,14.213860,14.532082,14.363747,14.625465,14.718750,14.979439,14.345024,14.476006,14.662788,14.307571,14.382469,13.969765,13.819221,14.867805,14.044937,13.762703,14.793312,14.662788,14.082504,14.063721,13.819221,14.644127,14.662788,14.307571,14.401184,14.232613,14.326302,14.476006,14.569450,14.457298,13.950951,14.326302,13.950951,14.195114,14.476006,13.762703,13.781540,13.781540,13.762703,14.213860,14.232613,13.668427,14.157593,13.479599,
12.586906,12.891754,12.986824,13.611824,13.385033,13.328255,13.328255,13.157700,13.119759,13.894524,13.366112,14.251350,13.649567,13.668427,13.725006,13.422867,13.668427,13.894524,13.950951,13.932144,13.290382,13.214584,13.725006,13.536285,13.460693,13.347183,13.687294,13.119759,13.555183,13.630692,13.649567,13.611824,13.913338,13.706154,13.403954,13.913338,13.932144,13.706154,13.176659,13.668427,13.366112,12.948814,13.422867,13.555183,13.517403,13.894524,13.630692,13.479599,13.838051,13.403954,13.668427,14.007355,13.894524,13.781540,13.536285,13.838051,13.592949,13.309326,13.555183,13.706154,13.913338,13.988556,14.044937,14.476006,14.026146,13.988556,13.894524,13.043808,14.026146,13.309326,13.555183,13.195625,13.328255,13.233543,12.948814,13.176659,12.929794,13.005829,13.119759,12.967819,13.252487,12.739456,12.853714,13.138725,13.043808,13.725006,13.706154,13.762703,13.706154,13.743858,13.725006,13.781540,13.536285,14.138817,13.856880,14.419891,13.856880,13.687294,13.781540,14.026146,14.063721,14.494698,13.800392,14.195114,14.138817,13.668427,13.668427,13.988556,13.706154,13.214584,13.932144,14.101280,13.800392,13.950951,13.950951,13.894524,13.856880,14.176346,13.932144,13.875710,13.856880,13.762703,13.950951,14.007355,14.120049,14.044937,14.044937,14.101280,13.856880,13.875710,14.438606,14.007355,13.969765,14.270103,13.856880,14.082504,14.457298,13.743858,13.611824,14.082504,13.611824,14.007355,14.457298,13.819221,13.932144,14.251350,14.251350,14.494698,13.969765,14.026146,14.120049,14.120049,13.894524,13.950951,13.743858,14.063721,13.498497,13.838051,13.630692,13.838051,13.969765,14.082504,14.120049,14.288834,15.239365,15.109489,15.202286,14.979439,15.590912,15.830643,16.161499,16.289825,16.855865,15.738518,16.509377,17.182823,16.728371,16.746590,17.037659,16.527649,17.164696,17.092117,17.219078,17.001335,16.892258,17.255310,16.983162,17.291534,17.110275,17.291534,17.182823,16.928627,17.146553,16.673668,17.382019,17.345833,17.688942,17.255310,17.436272,17.562698,17.454338,17.562698,17.309639,17.598785,17.886955,17.940880,18.335236,17.976807,18.263664,18.120361,18.299454,18.513863,18.478165,18.692123,18.781090,18.692123,18.745514,19.011993,18.958771,18.781090,18.852211,18.887749,18.887749,18.887749,18.976524,19.100624,18.834435,18.887749,19.259926,19.454201,19.171471,19.295280,18.905502,18.941017,19.330627,19.189156,19.011993,18.692123,18.887749,18.923264,18.834435,19.029732,19.065178,18.941017,19.206863,19.259926,19.418907,19.065178,19.242241,19.065178,19.454201,19.065178,19.189156,19.047462,19.507095,19.383614,19.277603,19.295280,19.118340,19.047462,18.941017,19.100624,18.958771,18.976524,18.994255,19.206863,19.118340,18.798882,18.834435,19.082909,19.118340,18.976524,18.745514,18.976524,18.763306,18.603035,18.763306,18.370995,18.923264,18.834435,18.620857,18.388855,18.781090,18.048607,18.603035,18.424599,18.638680,18.781090,18.335236,18.478165,18.496017,18.317345,18.299454,18.156204,18.549545,18.496017,18.299454,18.245766,18.227867,17.706970,18.567383,17.976807,18.353111,17.940880,18.209953,17.815002,17.797005,17.886955,17.779015,17.994759,18.513863,18.335236,18.460312,18.174133,18.281563,18.209953,18.174133,18.496017,18.299454,18.048607,17.922905,17.994759,17.922905,18.585213,18.102425,18.209953,18.012718,17.508537,17.291534,17.363930,17.291534,16.472824,16.363075,16.051353,15.941071,15.257896,15.332008,14.979439,14.644127,14.307571,14.270103,14.532082,14.270103,14.737404,14.849190,14.326302,14.326302,14.532082,15.498535,14.513397,14.960838,14.867805,14.457298,14.644127,14.476006,14.494698,14.681450,14.288834,14.867805,14.401184,14.718750,14.532082,14.625465,14.363747,14.438606,14.213860,14.326302,14.923637,14.662788,14.063721,14.195114,14.063721,14.270103,14.401184,14.251350,14.419891,14.569450,14.213860,14.606796,14.494698,14.476006,14.345024,14.494698,14.476006,14.288834,14.532082,14.588127,14.288834,13.969765,13.950951,14.532082,14.345024,14.569450,13.988556,14.157593,14.849190,14.326302,14.476006,14.213860,14.401184,14.457298,13.875710,14.681450,14.326302,14.382469,14.138817,14.326302,13.819221,14.213860,13.988556,14.213860,13.555183,13.517403,13.498497,13.460693,13.157700,13.479599,13.630692,13.592949,13.536285,13.574066,13.592949,13.781540,13.385033,13.838051,13.611824,13.950951,14.044937,13.988556,14.457298,14.251350,14.419891,14.401184,14.700096,14.457298,14.811943,14.550774,14.588127,14.681450,13.950951,14.063721,14.550774,14.625465,13.932144,14.063721,13.950951,14.756035,14.251350,13.875710,14.232613,14.307571,13.988556,14.063721,14.101280,14.326302,14.232613,13.932144,14.382469,13.894524,14.232613,14.232613,14.063721,13.611824,14.213860,14.363747,14.438606,14.044937,14.550774,13.988556,13.969765,14.157593,13.743858,14.138817,14.101280,14.026146,14.138817,14.326302,14.101280,14.476006,14.532082,14.232613,13.498497,13.611824,13.385033,13.913338,13.932144,13.706154,13.347183,14.044937,13.422867,13.875710,14.007355,13.913338,14.044937,13.309326,13.422867,13.460693,13.743858,13.630692,13.800392,14.176346,14.026146,14.700096,14.213860,14.793312,14.867805,14.979439,15.885872,15.756950,15.683197,16.051353,16.198189,16.069710,16.234848,16.728371,15.959457,16.179840,16.545914,16.399666,16.837654,16.764816,16.509377,16.691910,16.545914,16.399666,17.037659,17.237198,16.710136,16.582436,16.399666,16.289825,17.110275,16.928627,17.182823,16.892258,16.837654,16.837654,17.182823,17.092117,17.001335,17.001335,17.418190,17.309639,17.037659,17.472412,16.910439,17.146553,18.138290,17.454338,17.976807,17.309639,17.562698,17.940880,17.868965,17.472412,17.616829,17.742996,18.030663,17.616829,17.958839,17.850990,17.580750,17.940880,17.706970,17.922905,17.958839,17.508537,17.850990,17.868965,17.418190,17.454338,17.110275,17.580750,17.110275,17.182823,17.146553,16.964989,17.055817,17.436272,17.526596,16.910439,16.801247,16.874062,16.746590,16.417961,16.032974,16.381371,15.646294,14.942238,14.905037,15.461563,14.998024,15.220818,14.345024,14.270103,14.213860,14.625465,14.737404,14.662788,14.382469,14.494698,14.157593,14.157593,14.979439,14.718750,14.288834,14.288834,15.165176,14.326302,14.457298,14.363747,14.476006,13.479599,14.326302,14.251350,14.382469,14.251350,14.326302,14.082504,13.950951,14.101280,14.457298,14.082504,14.270103,14.120049,13.611824,14.120049,13.950951,14.476006,13.743858,13.838051,13.743858,14.307571,13.762703,13.819221,14.082504,14.176346,14.101280,14.007355,13.592949,
11.299568,12.663208,13.024826,12.586906,13.725006,13.100769,13.214584,13.252487,13.422867,13.309326,14.026146,13.366112,13.611824,13.328255,13.498497,13.214584,13.611824,13.309326,14.044937,13.800392,13.592949,13.024826,13.819221,13.800392,13.706154,13.005829,13.668427,13.932144,13.233543,13.611824,13.347183,13.517403,13.479599,13.913338,13.517403,13.668427,13.100769,13.328255,13.838051,13.950951,13.574066,13.517403,13.309326,13.328255,13.403954,14.363747,14.044937,13.592949,13.460693,13.630692,13.800392,13.687294,13.894524,13.725006,13.536285,13.574066,13.875710,13.856880,13.875710,14.007355,13.479599,14.401184,13.328255,14.138817,14.251350,13.838051,13.366112,13.498497,13.611824,13.328255,13.252487,13.138725,13.649567,13.555183,13.062805,13.347183,13.100769,12.891754,13.024826,13.800392,13.043808,13.309326,13.214584,13.460693,13.630692,13.062805,13.988556,13.725006,13.913338,14.157593,14.063721,13.800392,13.592949,13.913338,14.195114,13.913338,13.894524,14.026146,14.044937,13.725006,14.232613,13.819221,13.913338,13.932144,14.044937,13.875710,13.950951,13.668427,14.007355,13.988556,13.649567,13.932144,14.120049,13.894524,14.082504,13.838051,14.082504,13.988556,14.438606,14.007355,13.706154,13.611824,13.969765,13.800392,14.401184,13.668427,14.101280,14.120049,13.969765,14.176346,14.438606,14.288834,13.856880,14.026146,14.307571,14.176346,14.288834,14.270103,14.232613,14.176346,13.988556,14.419891,13.762703,14.138817,14.513397,14.419891,13.969765,14.288834,14.101280,14.476006,14.213860,14.307571,13.894524,14.026146,13.555183,14.082504,13.536285,13.913338,13.781540,13.687294,14.232613,14.138817,13.894524,14.681450,14.737404,15.035194,15.738518,14.923637,16.014603,16.326462,16.216530,15.572441,16.326462,16.344765,16.582436,16.436256,16.399666,16.728371,16.618950,17.019493,17.309639,17.273430,16.910439,17.382019,17.345833,17.164696,17.200951,17.001335,17.273430,16.874062,17.146553,17.073982,16.892258,17.652901,17.490471,17.092117,17.182823,17.454338,17.110275,17.382019,17.688942,17.779015,17.400101,17.598785,17.652901,17.634865,18.120361,18.156204,17.994759,18.281563,18.192039,18.263664,18.674309,18.209953,18.353111,18.674309,18.585213,18.958771,18.745514,19.100624,19.189156,18.923264,19.665596,19.365944,19.118340,19.330627,19.047462,19.082909,19.524719,19.136055,19.136055,19.454201,19.100624,19.029732,18.816666,18.994255,19.065178,19.047462,19.011993,19.011993,18.727722,18.994255,19.224541,19.259926,19.224541,19.507095,19.436554,19.118340,18.869980,19.648003,19.348289,19.224541,19.348289,19.454201,19.559967,19.665596,19.753517,19.648003,19.206863,19.295280,19.348289,19.100624,18.923264,19.383614,18.816666,19.277603,19.118340,19.242241,19.100624,19.295280,18.976524,18.869980,19.065178,18.834435,18.549545,18.567383,18.816666,18.496017,18.531708,18.353111,18.442459,18.549545,18.692123,18.209953,18.245766,18.335236,18.513863,18.192039,18.549545,18.138290,18.727722,18.869980,18.513863,18.335236,18.209953,18.692123,18.030663,17.815002,18.567383,18.496017,18.335236,18.102425,18.012718,17.779015,18.102425,18.066551,17.958839,17.797005,18.513863,18.478165,18.030663,18.156204,18.227867,18.460312,18.317345,18.102425,19.153755,17.994759,18.335236,18.335236,18.209953,18.048607,18.120361,17.994759,17.940880,17.833000,18.012718,17.670921,17.634865,17.327736,16.600693,16.271500,16.271500,15.959457,15.793800,15.424561,15.183723,14.979439,14.606796,14.793312,14.606796,14.326302,14.307571,14.625465,14.345024,14.494698,14.811943,14.569450,14.213860,14.532082,14.737404,14.849190,14.588127,14.867805,15.035194,14.063721,14.681450,14.176346,14.811943,14.401184,14.007355,14.606796,14.419891,14.419891,14.960838,14.326302,14.606796,14.457298,14.157593,14.569450,14.382469,14.382469,14.532082,14.382469,14.756035,14.157593,14.345024,14.157593,14.157593,14.270103,14.401184,14.419891,14.307571,13.932144,14.382469,14.176346,14.213860,14.044937,14.326302,14.120049,14.138817,14.662788,14.251350,14.550774,14.401184,14.476006,14.681450,14.120049,14.232613,14.382469,14.476006,13.969765,14.232613,13.725006,14.213860,14.063721,14.044937,14.307571,13.592949,13.649567,13.498497,13.950951,13.819221,13.157700,13.347183,13.574066,13.043808,13.100769,13.309326,13.328255,13.441788,13.441788,13.460693,13.649567,13.781540,13.781540,13.875710,13.649567,13.894524,14.101280,14.251350,14.120049,14.363747,14.457298,14.288834,14.232613,14.270103,14.457298,14.176346,13.913338,14.849190,14.232613,14.550774,14.270103,14.288834,14.363747,14.419891,14.063721,14.419891,14.007355,13.988556,14.101280,14.195114,14.044937,14.363747,14.120049,14.120049,14.382469,14.438606,14.157593,14.063721,13.950951,13.988556,14.363747,13.592949,14.213860,14.101280,13.969765,14.345024,14.195114,14.044937,14.213860,14.157593,14.457298,13.687294,14.082504,14.101280,13.913338,13.856880,13.894524,13.706154,14.176346,14.026146,13.762703,13.894524,13.800392,14.120049,13.649567,13.441788,14.438606,13.894524,13.574066,13.422867,13.668427,13.441788,13.950951,13.969765,14.101280,13.574066,13.969765,14.044937,13.819221,14.157593,15.128059,15.165176,15.128059,15.313492,15.053780,15.977844,15.756950,16.069710,15.406059,16.253181,15.977844,16.381371,15.959457,16.381371,16.289825,16.637184,16.454536,16.600693,16.436256,16.764816,16.363075,16.946808,16.527649,16.509377,16.582436,16.472824,16.545914,16.582436,16.564171,17.037659,16.582436,16.399666,17.019493,16.928627,17.164696,17.128418,16.892258,17.037659,16.655434,17.128418,17.200951,17.418190,17.688942,17.273430,17.055817,17.580750,17.868965,17.670921,18.012718,17.850990,17.400101,17.724983,17.652901,17.940880,18.156204,17.454338,18.066551,17.544655,17.940880,17.436272,17.724983,17.797005,17.055817,17.562698,17.580750,17.526596,17.850990,17.472412,17.526596,18.192039,17.200951,17.327736,17.345833,17.472412,16.746590,17.019493,16.582436,17.219078,16.600693,16.728371,16.600693,16.454536,16.399666,16.289825,15.756950,15.109489,15.830643,15.072350,14.737404,14.700096,14.307571,14.026146,14.176346,14.363747,14.867805,14.569450,14.288834,14.476006,14.438606,14.662788,14.382469,14.588127,14.419891,14.082504,14.307571,14.625465,14.438606,14.382469,14.026146,14.606796,14.251350,14.251350,14.270103,14.494698,14.213860,13.856880,14.494698,14.138817,14.101280,14.532082,14.195114,14.251350,13.894524,14.345024,13.800392,14.288834,13.856880,14.513397,14.176346,13.668427,14.044937,14.195114,14.138817,13.875710,13.214584,13.894524,13.043808,
12.185280,13.157700,13.157700,13.157700,13.328255,12.872734,13.706154,13.385033,13.932144,13.574066,13.441788,13.668427,13.385033,13.800392,13.668427,13.385033,13.460693,13.498497,14.176346,13.536285,13.119759,13.630692,13.725006,13.309326,13.969765,13.347183,13.649567,13.385033,13.743858,13.687294,13.309326,13.366112,13.592949,13.441788,13.574066,13.743858,13.517403,13.195625,13.743858,13.366112,13.725006,13.422867,13.743858,13.611824,13.706154,13.574066,13.611824,13.536285,14.138817,13.762703,14.007355,13.630692,13.706154,13.687294,14.063721,13.498497,14.232613,13.800392,13.668427,13.687294,13.725006,13.781540,13.875710,13.649567,13.969765,13.555183,13.574066,13.762703,13.062805,13.328255,13.422867,13.592949,13.498497,12.948814,13.347183,13.024826,13.366112,12.605988,13.081795,12.948814,12.929794,13.100769,12.929794,13.290382,13.309326,13.347183,13.138725,13.441788,13.611824,13.347183,13.894524,13.290382,13.969765,13.781540,14.195114,13.988556,13.819221,14.120049,14.157593,13.271439,14.101280,13.932144,14.326302,14.082504,14.213860,14.195114,13.743858,13.838051,13.875710,13.988556,13.875710,13.838051,14.063721,13.950951,13.800392,13.838051,13.932144,13.838051,14.270103,14.082504,13.781540,13.536285,14.157593,13.290382,13.988556,14.157593,14.026146,13.706154,13.725006,14.063721,14.101280,14.082504,13.856880,14.232613,13.969765,14.120049,14.288834,14.251350,14.007355,14.026146,14.026146,13.762703,14.195114,14.101280,14.157593,13.988556,14.401184,14.120049,14.138817,14.419891,14.438606,13.950951,13.649567,14.007355,14.157593,13.894524,13.800392,13.555183,13.592949,13.743858,14.082504,13.592949,14.419891,14.681450,15.128059,14.923637,15.553970,15.572441,15.406059,15.498535,16.253181,16.161499,16.179840,16.618950,16.198189,16.545914,16.728371,16.618950,17.146553,17.019493,17.001335,17.237198,17.237198,17.164696,17.363930,16.892258,17.363930,17.562698,16.964989,17.237198,17.237198,17.327736,17.255310,17.164696,17.363930,17.490471,16.964989,17.055817,17.382019,17.291534,17.436272,17.508537,17.345833,17.526596,17.976807,17.327736,17.850990,17.958839,17.922905,18.102425,18.335236,18.549545,18.460312,18.388855,18.496017,18.496017,18.869980,18.727722,18.869980,19.118340,18.976524,18.994255,19.082909,19.047462,19.348289,19.171471,19.312950,19.383614,19.665596,19.136055,19.454201,19.330627,18.763306,19.082909,19.242241,18.923264,19.330627,18.834435,18.994255,19.206863,18.816666,18.994255,19.029732,19.630394,19.047462,19.171471,19.365944,19.418907,19.312950,19.100624,19.612793,19.559967,19.312950,19.489464,19.259926,19.242241,19.595184,19.136055,19.171471,19.436554,19.436554,19.029732,19.171471,19.082909,19.189156,19.100624,18.709923,19.047462,19.171471,18.727722,18.781090,19.118340,18.994255,18.958771,18.531708,18.281563,18.424599,18.852211,18.620857,18.424599,18.692123,18.513863,18.406731,18.478165,18.709923,18.513863,18.781090,18.816666,18.406731,18.245766,18.209953,18.781090,18.478165,18.174133,18.156204,18.567383,18.638680,18.174133,18.209953,18.209953,18.299454,18.496017,17.976807,17.994759,17.976807,17.940880,17.833000,17.958839,18.370995,17.815002,18.353111,18.531708,18.424599,18.174133,18.084496,18.478165,18.209953,18.727722,18.353111,18.245766,18.174133,18.227867,18.192039,18.424599,17.688942,17.742996,17.868965,17.291534,17.670921,17.110275,16.837654,16.564171,16.179840,16.014603,15.165176,15.683197,15.053780,15.220818,14.476006,14.867805,14.494698,14.251350,14.307571,13.950951,14.401184,14.438606,14.419891,14.644127,14.849190,14.569450,14.644127,14.120049,14.625465,14.905037,14.382469,14.457298,14.756035,14.811943,14.251350,14.345024,14.419891,14.401184,14.232613,14.774681,14.401184,14.251350,14.419891,14.270103,13.762703,14.588127,14.438606,14.251350,14.588127,14.494698,14.774681,14.438606,14.232613,14.345024,14.756035,14.476006,14.438606,14.401184,14.307571,14.494698,14.345024,14.063721,14.513397,14.513397,14.345024,14.494698,14.588127,14.307571,14.401184,14.606796,14.569450,14.625465,14.232613,14.138817,14.382469,14.363747,14.476006,14.251350,14.494698,14.382469,14.063721,14.550774,14.251350,13.875710,13.725006,14.007355,13.856880,13.800392,13.536285,13.856880,13.328255,13.479599,12.872734,13.214584,13.517403,13.517403,13.214584,13.347183,13.630692,13.441788,14.176346,13.687294,14.044937,13.762703,14.419891,13.969765,14.756035,14.157593,14.681450,14.307571,14.569450,14.569450,14.662788,14.513397,14.644127,14.345024,14.307571,14.120049,14.513397,13.913338,14.532082,14.476006,14.157593,14.101280,14.026146,14.082504,14.120049,13.932144,14.063721,13.838051,13.988556,14.345024,13.875710,13.988556,13.838051,14.382469,13.460693,14.419891,14.401184,14.307571,14.138817,13.894524,14.251350,14.307571,14.382469,14.157593,14.063721,13.819221,13.894524,14.120049,13.856880,13.856880,13.838051,13.988556,14.213860,13.856880,13.725006,14.307571,14.120049,13.875710,14.082504,13.762703,13.950951,13.988556,13.913338,14.026146,13.592949,13.838051,13.403954,13.706154,13.706154,13.574066,13.441788,13.781540,14.138817,13.856880,14.569450,14.026146,14.476006,14.532082,15.072350,15.202286,15.406059,15.683197,16.032974,15.941071,16.179840,16.179840,16.234848,16.069710,16.014603,16.344765,16.344765,16.618950,16.234848,16.381371,16.179840,16.655434,16.691910,16.600693,16.600693,16.673668,16.710136,16.491104,16.892258,16.399666,16.564171,16.655434,16.344765,16.746590,16.363075,16.964989,16.801247,17.055817,17.164696,17.001335,17.255310,17.255310,17.146553,17.652901,17.345833,17.670921,17.598785,17.454338,18.030663,17.580750,17.526596,17.634865,17.454338,17.724983,17.436272,17.598785,17.670921,17.652901,17.472412,17.562698,17.724983,17.922905,17.092117,18.066551,17.833000,17.255310,17.490471,17.526596,17.490471,17.526596,17.958839,17.037659,17.472412,17.706970,17.562698,17.146553,17.345833,16.928627,17.055817,16.928627,16.801247,17.055817,16.764816,16.198189,16.472824,15.977844,15.977844,15.332008,15.849052,14.811943,15.128059,14.905037,14.513397,13.988556,14.700096,14.606796,14.307571,14.382469,14.569450,14.213860,14.476006,14.532082,14.532082,14.793312,14.026146,14.569450,14.681450,13.988556,14.830566,13.913338,14.457298,14.588127,14.251350,14.195114,14.513397,14.288834,14.588127,14.513397,14.513397,14.138817,14.606796,14.476006,13.781540,14.270103,14.270103,14.101280,14.363747,14.382469,13.838051,13.950951,14.569450,13.574066,14.232613,14.438606,13.366112,14.138817,13.875710,13.498497,14.044937,13.271439,
11.589287,12.567825,12.586906,12.644142,13.479599,12.815643,13.555183,12.929794,13.309326,13.328255,13.875710,13.119759,13.328255,14.044937,13.517403,13.536285,13.592949,13.894524,13.819221,13.517403,13.422867,13.894524,13.875710,13.347183,14.026146,13.422867,13.668427,14.082504,12.853714,13.856880,13.176659,13.347183,13.630692,13.252487,13.950951,13.668427,13.781540,13.725006,14.157593,13.479599,13.422867,13.668427,13.725006,13.366112,13.781540,13.913338,13.517403,13.252487,13.630692,13.592949,14.063721,13.574066,13.838051,13.385033,14.063721,13.781540,13.988556,14.251350,13.668427,13.819221,13.630692,13.950951,14.101280,14.026146,13.687294,13.856880,13.441788,13.838051,13.725006,13.138725,13.347183,13.138725,13.498497,13.024826,13.498497,13.195625,12.777557,13.271439,12.834679,13.555183,12.834679,13.252487,13.062805,13.043808,13.271439,13.479599,13.252487,13.630692,13.517403,13.819221,14.007355,14.007355,14.082504,14.157593,13.819221,13.932144,14.026146,13.875710,14.157593,13.894524,13.856880,13.988556,13.856880,13.668427,13.630692,13.800392,13.932144,13.781540,13.932144,14.213860,14.120049,14.232613,13.725006,13.875710,13.725006,14.101280,14.176346,14.026146,14.044937,14.382469,13.743858,13.687294,13.781540,13.913338,14.157593,14.138817,13.988556,13.781540,14.101280,13.781540,14.251350,13.932144,14.232613,13.969765,14.513397,14.401184,14.251350,14.232613,14.157593,14.157593,13.894524,13.668427,13.950951,14.007355,13.856880,13.687294,13.969765,14.363747,13.762703,14.082504,14.513397,14.176346,14.326302,14.063721,14.063721,13.555183,13.838051,13.309326,13.762703,13.422867,14.270103,14.007355,14.195114,14.457298,14.867805,14.979439,15.332008,15.461563,15.793800,16.069710,16.472824,16.179840,16.179840,16.198189,16.910439,16.837654,16.783035,16.673668,16.801247,17.019493,17.146553,17.001335,17.073982,17.092117,17.128418,17.454338,17.598785,17.164696,16.928627,17.255310,17.001335,16.928627,17.436272,17.001335,17.255310,17.001335,17.019493,17.146553,17.146553,17.273430,17.472412,17.436272,17.706970,17.868965,17.761002,17.526596,17.904930,17.994759,18.603035,18.030663,18.460312,18.335236,18.763306,18.567383,18.727722,18.638680,18.709923,18.656494,18.994255,18.852211,19.436554,18.869980,19.206863,19.295280,19.029732,19.224541,19.365944,19.100624,19.436554,19.118340,19.153755,19.295280,19.542351,18.923264,19.277603,18.905502,19.065178,19.542351,19.082909,19.065178,19.100624,18.834435,19.365944,18.656494,19.011993,19.312950,19.153755,19.224541,19.330627,19.082909,19.171471,19.047462,19.383614,19.577583,19.277603,19.312950,19.295280,19.011993,19.118340,19.242241,19.542351,18.958771,19.118340,18.869980,19.189156,18.923264,19.153755,18.781090,19.153755,19.153755,18.941017,19.029732,19.011993,19.082909,18.567383,18.674309,18.816666,18.549545,18.745514,18.834435,18.442459,18.245766,18.442459,18.442459,18.567383,18.745514,18.478165,18.209953,18.066551,18.353111,18.424599,18.335236,18.227867,18.513863,18.263664,18.585213,18.513863,18.263664,18.209953,18.030663,18.299454,18.353111,18.209953,18.227867,18.281563,18.156204,18.281563,17.886955,17.958839,18.263664,18.281563,18.156204,18.174133,18.174133,18.066551,18.424599,18.299454,18.120361,18.353111,18.727722,18.156204,18.370995,18.209953,17.815002,17.922905,17.904930,17.652901,17.092117,17.200951,17.219078,16.819458,16.710136,16.234848,15.996223,16.014603,15.202286,15.035194,15.165176,14.718750,14.494698,14.270103,14.195114,14.662788,14.363747,14.923637,14.532082,14.886414,14.606796,14.681450,14.830566,15.202286,14.681450,14.942238,14.718750,14.438606,14.438606,14.326302,14.644127,14.251350,14.138817,14.644127,14.195114,14.401184,14.195114,14.606796,14.513397,14.326302,14.476006,14.793312,13.969765,14.138817,14.063721,14.625465,14.345024,14.307571,14.737404,14.363747,14.438606,14.101280,14.457298,14.457298,14.363747,14.138817,14.401184,13.800392,14.345024,14.138817,14.382469,14.232613,14.681450,14.625465,14.774681,14.326302,14.232613,14.251350,14.307571,14.382469,14.138817,14.270103,13.988556,14.176346,14.232613,14.120049,13.875710,14.007355,14.044937,14.644127,13.988556,14.288834,13.856880,13.498497,13.611824,13.800392,13.762703,13.271439,13.517403,13.479599,13.138725,13.195625,13.403954,13.176659,13.385033,13.649567,13.498497,13.894524,13.762703,13.687294,14.063721,14.288834,14.251350,14.382469,14.288834,14.438606,13.932144,14.345024,14.569450,14.625465,14.326302,13.894524,13.913338,14.326302,13.988556,14.026146,14.345024,14.044937,13.894524,14.307571,13.743858,14.213860,13.932144,14.288834,14.288834,14.251350,14.138817,13.668427,14.251350,13.819221,14.270103,13.932144,14.138817,14.382469,14.026146,14.063721,14.044937,13.743858,14.120049,14.101280,14.101280,14.232613,14.326302,14.213860,13.762703,13.894524,14.363747,13.838051,13.725006,13.932144,13.875710,14.363747,14.251350,14.082504,14.176346,14.063721,14.494698,13.592949,13.592949,14.063721,14.363747,13.743858,13.574066,13.800392,13.592949,13.536285,13.290382,13.366112,13.988556,13.403954,13.460693,13.762703,13.781540,14.401184,14.213860,14.644127,14.213860,14.905037,15.128059,15.146614,16.014603,15.590912,16.014603,15.941071,15.904274,16.179840,16.088081,15.830643,16.198189,15.977844,16.600693,16.509377,16.837654,16.691910,16.910439,16.417961,16.436256,16.600693,17.073982,16.673668,16.436256,16.491104,16.289825,16.308144,16.399666,16.344765,16.874062,16.710136,16.710136,17.164696,16.673668,17.237198,17.454338,17.110275,16.964989,17.146553,17.019493,17.652901,17.363930,17.436272,17.472412,17.724983,17.598785,17.363930,17.797005,17.472412,17.598785,17.616829,17.363930,18.030663,17.706970,16.946808,17.688942,17.598785,17.345833,17.634865,17.363930,17.797005,18.012718,17.724983,17.670921,17.526596,17.237198,17.418190,17.580750,17.670921,17.092117,17.580750,17.526596,17.436272,17.490471,17.001335,17.055817,16.618950,16.637184,16.710136,16.271500,16.179840,16.344765,15.664742,15.683197,15.332008,15.498535,14.644127,14.793312,14.550774,14.326302,14.662788,14.867805,14.737404,14.176346,14.625465,14.120049,14.288834,13.988556,14.588127,14.382469,14.718750,14.419891,14.401184,14.849190,14.101280,14.681450,14.662788,14.625465,14.270103,13.781540,14.270103,14.157593,14.176346,14.457298,14.345024,13.403954,14.120049,14.120049,13.932144,14.363747,14.513397,13.950951,14.213860,14.532082,14.120049,14.176346,13.706154,14.326302,14.251350,14.363747,13.932144,13.913338,14.063721,13.969765,14.157593,13.460693,
12.146942,13.536285,12.986824,13.309326,13.214584,13.743858,13.347183,13.309326,13.668427,13.536285,13.838051,13.743858,14.063721,12.986824,13.800392,13.366112,13.479599,13.347183,13.498497,13.460693,13.950951,13.762703,14.363747,13.498497,13.062805,14.082504,13.574066,13.309326,13.687294,13.024826,13.800392,13.403954,13.574066,13.687294,13.687294,13.762703,13.856880,13.195625,13.706154,13.309326,13.271439,13.422867,13.838051,13.479599,13.630692,13.630692,13.460693,14.288834,13.649567,13.706154,14.007355,13.706154,13.517403,14.288834,13.932144,13.913338,14.232613,13.649567,14.044937,13.555183,13.611824,13.536285,14.026146,13.932144,14.082504,13.687294,13.195625,13.328255,13.422867,13.460693,13.422867,13.498497,13.385033,12.967819,13.233543,13.062805,13.479599,13.138725,12.834679,12.815643,13.195625,12.891754,13.517403,13.195625,13.479599,13.668427,13.328255,13.214584,13.781540,13.950951,13.932144,13.725006,14.232613,14.082504,14.026146,13.706154,13.441788,13.687294,14.082504,13.743858,14.138817,14.101280,13.875710,13.781540,14.157593,14.157593,13.838051,14.138817,13.913338,14.101280,14.363747,13.800392,13.988556,14.082504,13.781540,14.082504,13.969765,13.517403,14.251350,14.120049,14.176346,14.026146,14.270103,13.498497,13.725006,13.800392,14.082504,14.044937,13.950951,14.007355,14.157593,14.700096,14.270103,14.176346,13.988556,14.026146,13.894524,14.044937,14.082504,13.875710,14.195114,14.307571,13.592949,14.082504,13.725006,14.026146,14.044937,14.026146,14.251350,14.270103,14.101280,14.063721,14.232613,13.932144,13.706154,13.913338,14.007355,13.819221,13.838051,14.063721,13.950951,14.476006,14.382469,14.532082,14.774681,14.942238,15.553970,15.350533,15.590912,15.885872,15.867470,16.124794,16.253181,16.527649,16.509377,16.600693,16.582436,16.728371,17.146553,16.673668,17.219078,17.092117,17.382019,17.146553,17.182823,17.019493,17.382019,17.146553,16.910439,17.182823,17.200951,17.092117,17.472412,17.562698,17.237198,17.128418,17.508537,17.001335,17.436272,17.255310,17.526596,17.291534,17.940880,17.670921,17.850990,17.850990,17.958839,18.138290,17.833000,18.138290,18.156204,18.012718,18.603035,18.406731,18.834435,18.852211,18.603035,19.065178,19.224541,19.047462,19.029732,19.118340,19.206863,19.171471,19.153755,19.082909,19.065178,19.100624,19.348289,19.418907,18.887749,19.029732,18.905502,19.242241,19.011993,18.763306,18.709923,18.692123,18.994255,18.620857,19.100624,19.065178,19.082909,19.065178,19.082909,19.189156,19.082909,19.118340,19.118340,19.224541,19.118340,19.100624,19.011993,19.224541,19.259926,19.242241,19.277603,19.365944,19.295280,19.383614,18.905502,19.136055,18.923264,19.454201,18.994255,18.923264,19.047462,18.941017,18.887749,18.905502,19.047462,19.312950,18.816666,18.745514,18.923264,18.603035,19.189156,18.460312,18.869980,18.763306,18.406731,18.281563,18.460312,18.424599,18.531708,18.656494,19.100624,18.763306,18.370995,18.638680,18.869980,18.745514,18.620857,18.209953,18.066551,18.460312,18.370995,18.531708,18.227867,18.388855,18.192039,18.496017,18.335236,17.886955,18.084496,17.994759,17.868965,17.976807,18.066551,18.209953,17.958839,18.245766,18.317345,18.317345,18.120361,18.370995,18.603035,18.209953,18.620857,18.084496,18.263664,18.066551,18.370995,17.797005,17.886955,17.779015,17.994759,17.797005,17.273430,17.291534,16.783035,16.454536,16.253181,16.253181,16.032974,15.572441,15.257896,14.849190,14.905037,14.718750,14.718750,14.138817,14.905037,14.569450,14.756035,14.550774,14.737404,14.960838,14.438606,14.606796,14.644127,14.644127,14.811943,14.569450,14.401184,14.307571,14.588127,14.905037,14.886414,14.195114,14.569450,14.138817,14.457298,15.090919,14.494698,14.457298,14.550774,14.457298,14.382469,14.213860,14.288834,14.270103,14.737404,14.382469,14.401184,14.550774,14.026146,14.774681,14.494698,14.326302,14.532082,14.307571,14.513397,14.419891,14.606796,14.082504,13.988556,14.270103,14.419891,13.894524,14.644127,14.569450,14.681450,14.195114,14.232613,14.793312,14.681450,14.494698,14.401184,14.438606,14.625465,14.345024,14.532082,14.288834,14.044937,14.494698,14.401184,13.894524,13.932144,13.913338,13.743858,13.687294,13.725006,13.762703,13.630692,13.252487,13.271439,13.366112,13.403954,13.385033,13.062805,13.517403,13.743858,13.649567,13.649567,13.441788,13.687294,13.838051,14.213860,13.800392,14.157593,14.382469,14.737404,14.513397,14.382469,14.606796,14.457298,14.382469,14.195114,14.345024,13.800392,14.532082,14.007355,14.157593,14.044937,14.326302,13.950951,14.082504,14.382469,14.101280,14.007355,14.644127,14.157593,13.781540,13.988556,14.195114,14.120049,14.326302,14.138817,13.856880,14.401184,13.969765,13.894524,14.120049,14.307571,13.969765,14.007355,14.288834,14.606796,13.743858,13.950951,14.232613,14.532082,14.476006,13.950951,14.195114,14.120049,13.706154,14.082504,13.875710,13.932144,13.894524,14.326302,14.082504,13.649567,13.611824,14.270103,13.838051,13.913338,13.687294,13.743858,13.781540,13.819221,13.800392,13.875710,13.024826,13.687294,14.082504,13.781540,14.063721,14.101280,14.251350,14.718750,14.905037,15.072350,14.998024,15.387550,15.683197,16.106438,16.600693,15.959457,16.161499,16.344765,16.179840,16.289825,16.655434,16.417961,16.673668,16.600693,16.819458,16.051353,16.582436,16.801247,16.673668,16.161499,16.271500,16.179840,16.600693,16.417961,16.600693,16.855865,16.271500,16.946808,16.417961,16.271500,16.746590,16.545914,16.964989,17.273430,17.037659,17.363930,17.309639,17.472412,17.652901,17.073982,17.472412,17.382019,17.327736,17.382019,17.164696,17.490471,17.562698,17.922905,17.815002,17.454338,17.454338,17.598785,17.544655,17.472412,17.508537,17.616829,17.652901,17.490471,17.958839,17.761002,17.815002,17.544655,17.742996,16.946808,17.779015,17.273430,17.418190,17.815002,17.363930,17.092117,17.146553,17.073982,17.526596,17.073982,17.382019,17.327736,17.019493,16.728371,16.399666,16.527649,16.289825,15.627831,15.683197,15.517014,15.035194,15.461563,14.793312,14.476006,14.438606,14.700096,14.532082,14.438606,14.849190,14.513397,14.476006,14.662788,14.793312,14.867805,14.793312,14.101280,14.176346,14.419891,14.644127,14.232613,14.213860,14.251350,14.569450,14.157593,14.681450,14.401184,14.756035,14.476006,14.157593,14.979439,14.007355,14.550774,14.288834,14.101280,13.856880,14.138817,14.588127,14.476006,14.138817,14.363747,14.307571,13.762703,13.574066,13.988556,14.176346,14.288834,14.138817,14.232613,14.326302,14.176346,12.338478,
12.108589,12.548721,13.043808,12.796600,13.536285,13.366112,13.138725,13.894524,13.725006,13.517403,13.838051,13.574066,13.819221,13.819221,13.555183,13.800392,13.706154,13.233543,13.555183,13.517403,13.687294,13.214584,13.630692,13.385033,14.232613,13.668427,13.138725,13.913338,13.668427,13.422867,13.687294,13.176659,13.385033,13.630692,13.119759,13.687294,13.347183,13.649567,14.307571,13.347183,13.385033,13.460693,13.403954,13.385033,13.611824,13.894524,14.082504,13.441788,13.894524,13.856880,13.347183,13.875710,13.819221,13.649567,13.725006,13.838051,13.687294,14.270103,13.611824,13.913338,13.762703,13.838051,13.950951,13.762703,13.762703,13.252487,13.687294,13.649567,13.592949,12.967819,13.592949,12.967819,13.005829,13.347183,13.252487,12.853714,12.720398,13.252487,13.517403,12.758507,12.986824,12.948814,13.214584,13.081795,13.649567,13.687294,13.347183,13.290382,13.498497,13.024826,13.422867,14.007355,13.479599,13.913338,13.743858,14.401184,13.875710,13.838051,13.838051,14.251350,14.044937,14.288834,13.969765,14.120049,14.270103,13.762703,13.913338,13.630692,13.403954,13.969765,13.762703,13.913338,13.950951,13.762703,13.800392,13.574066,14.044937,14.007355,14.419891,14.101280,13.819221,13.838051,14.120049,13.838051,14.195114,14.120049,14.382469,13.838051,14.138817,14.157593,14.007355,13.932144,14.213860,14.026146,13.668427,14.288834,13.781540,13.988556,14.082504,13.894524,13.875710,14.569450,14.326302,13.950951,14.419891,14.307571,14.063721,14.195114,14.532082,14.382469,14.176346,14.044937,14.288834,14.063721,14.101280,13.819221,13.649567,13.875710,13.385033,13.894524,14.363747,14.007355,14.232613,14.625465,14.644127,15.406059,15.257896,15.424561,15.959457,15.683197,16.271500,16.344765,16.454536,16.198189,16.491104,16.545914,16.637184,16.946808,16.637184,17.128418,16.946808,16.892258,17.037659,17.255310,17.146553,16.837654,17.128418,16.928627,17.055817,17.761002,17.526596,17.200951,17.436272,16.946808,17.436272,17.454338,17.508537,17.309639,17.363930,17.490471,17.706970,17.219078,17.850990,17.742996,17.958839,18.084496,17.779015,17.904930,17.922905,18.478165,18.549545,18.299454,18.281563,18.585213,18.567383,18.531708,18.781090,18.887749,18.585213,18.674309,19.206863,19.153755,19.029732,19.100624,19.401253,18.958771,19.277603,19.082909,19.100624,19.136055,19.206863,19.277603,18.763306,19.454201,19.507095,18.958771,19.082909,19.118340,18.941017,19.206863,19.047462,19.136055,18.923264,18.923264,19.171471,19.735939,18.834435,19.206863,19.189156,18.834435,19.118340,19.383614,18.976524,19.171471,19.118340,19.507095,19.383614,18.923264,19.612793,18.958771,19.489464,19.348289,19.242241,18.976524,19.065178,18.923264,19.029732,19.100624,19.047462,19.136055,18.852211,18.798882,18.781090,18.941017,18.692123,18.531708,18.834435,18.656494,18.674309,18.834435,18.353111,18.317345,18.513863,18.709923,18.549545,18.299454,18.798882,18.120361,18.263664,18.281563,18.620857,18.567383,18.335236,18.478165,18.531708,18.460312,18.192039,18.120361,18.209953,18.370995,18.370995,17.994759,17.922905,17.868965,18.048607,18.424599,18.012718,18.120361,18.478165,17.976807,18.048607,18.263664,18.102425,18.012718,18.030663,17.940880,18.048607,17.886955,18.460312,17.779015,18.209953,18.442459,17.761002,17.850990,17.833000,17.976807,17.761002,17.598785,17.418190,17.219078,16.910439,16.746590,16.673668,15.646294,15.756950,15.756950,15.332008,14.811943,14.756035,14.644127,15.128059,14.606796,14.213860,14.644127,14.138817,14.476006,14.998024,14.700096,14.606796,14.700096,14.644127,14.438606,14.550774,14.494698,14.063721,14.737404,14.438606,14.419891,14.550774,14.588127,14.457298,14.044937,14.419891,14.494698,14.101280,14.625465,14.195114,14.438606,14.532082,14.288834,14.550774,14.326302,14.401184,14.157593,14.569450,14.044937,14.307571,14.476006,14.326302,14.195114,14.120049,14.195114,14.382469,14.251350,14.044937,14.457298,14.457298,14.232613,14.213860,14.345024,14.232613,14.307571,14.270103,14.401184,14.457298,14.345024,14.494698,14.438606,14.251350,14.401184,14.476006,14.120049,14.082504,14.157593,14.438606,14.176346,14.457298,13.894524,13.611824,13.838051,13.762703,13.743858,13.574066,13.328255,13.592949,13.233543,13.176659,13.366112,13.838051,13.385033,13.176659,13.781540,13.611824,13.498497,13.460693,13.611824,13.328255,14.101280,13.725006,14.176346,14.363747,14.644127,14.588127,14.101280,14.681450,14.625465,14.419891,14.476006,14.345024,14.270103,13.969765,14.138817,14.382469,14.120049,14.345024,14.363747,13.988556,14.588127,14.382469,14.195114,14.326302,13.894524,14.176346,13.819221,14.251350,14.363747,14.026146,14.138817,14.063721,14.044937,13.988556,13.894524,14.176346,13.743858,14.157593,13.781540,14.326302,13.988556,14.438606,13.969765,14.044937,14.082504,14.157593,14.026146,14.532082,14.232613,13.856880,13.988556,14.157593,13.762703,14.120049,13.913338,13.592949,13.781540,13.932144,13.498497,13.819221,14.345024,13.800392,13.725006,13.441788,13.800392,13.479599,14.007355,13.441788,13.536285,13.781540,13.932144,14.494698,14.044937,14.532082,14.550774,14.213860,14.718750,15.090919,15.332008,15.461563,15.683197,15.941071,16.088081,15.977844,16.069710,16.143143,16.381371,16.069710,16.106438,16.234848,16.234848,16.783035,16.234848,16.363075,16.545914,16.746590,16.783035,16.655434,16.655434,16.399666,16.855865,16.983162,16.545914,16.527649,16.436256,16.363075,16.454536,16.983162,16.564171,17.001335,17.019493,16.874062,17.128418,17.055817,17.382019,17.309639,17.400101,16.855865,17.652901,17.634865,17.761002,17.327736,17.472412,17.562698,17.255310,17.761002,17.724983,17.472412,17.454338,17.833000,17.724983,17.833000,17.761002,17.815002,17.616829,17.706970,17.761002,17.833000,17.724983,17.616829,17.544655,17.345833,17.688942,17.994759,17.345833,17.598785,17.436272,17.598785,17.868965,16.983162,17.291534,17.670921,17.761002,16.910439,16.600693,16.783035,16.509377,16.143143,16.198189,16.253181,15.664742,15.664742,14.849190,15.109489,15.146614,14.476006,14.681450,14.419891,14.494698,14.700096,14.774681,14.737404,14.886414,14.644127,15.016617,15.202286,14.811943,14.494698,13.932144,14.849190,14.588127,14.138817,14.251350,14.251350,14.476006,14.476006,14.457298,13.913338,14.120049,14.101280,14.606796,14.288834,14.026146,14.382469,14.401184,14.513397,13.743858,14.419891,14.288834,14.326302,14.830566,14.120049,14.251350,14.494698,13.592949,14.138817,14.007355,14.007355,13.950951,13.800392,14.082504,13.498497,13.157700,
11.396240,12.929794,13.176659,12.682281,13.233543,13.081795,13.668427,13.555183,13.441788,13.176659,13.555183,13.498497,13.271439,13.913338,13.800392,13.555183,13.856880,13.969765,13.517403,13.649567,13.743858,12.967819,13.479599,13.781540,13.668427,13.479599,13.119759,13.725006,14.213860,13.385033,13.062805,13.460693,13.856880,13.422867,13.743858,13.157700,13.403954,13.403954,13.403954,13.555183,13.800392,13.649567,13.403954,13.649567,13.611824,13.668427,13.687294,13.913338,13.290382,13.781540,13.725006,13.988556,13.743858,13.536285,13.611824,13.781540,13.762703,14.063721,13.932144,13.838051,14.026146,13.988556,14.363747,13.856880,14.044937,13.932144,13.536285,13.024826,13.347183,13.309326,13.668427,13.138725,13.498497,12.529640,13.138725,13.214584,12.777557,13.081795,12.720398,12.967819,13.214584,13.403954,13.328255,13.385033,13.252487,13.100769,13.403954,13.950951,13.856880,13.875710,13.856880,13.517403,13.800392,14.138817,14.138817,13.819221,14.082504,13.630692,14.157593,14.363747,14.438606,13.574066,14.213860,14.007355,13.649567,13.800392,14.176346,13.913338,13.856880,14.082504,14.007355,13.366112,13.347183,13.460693,13.706154,13.856880,13.498497,13.819221,14.288834,13.725006,13.743858,13.743858,13.969765,13.649567,13.819221,14.082504,13.498497,13.988556,13.969765,14.138817,14.026146,13.687294,14.326302,14.270103,14.138817,13.913338,14.382469,14.213860,13.838051,14.044937,14.082504,14.120049,14.382469,13.969765,13.875710,14.513397,13.988556,14.082504,14.026146,14.082504,14.288834,13.932144,13.856880,14.232613,14.044937,13.932144,13.649567,13.479599,13.687294,13.687294,14.288834,14.288834,14.457298,14.457298,15.090919,14.644127,15.553970,15.406059,15.683197,16.088081,16.216530,16.509377,16.545914,16.216530,16.728371,16.637184,16.454536,16.928627,16.946808,17.073982,17.146553,17.055817,17.255310,17.400101,17.219078,17.055817,17.382019,17.327736,16.837654,17.508537,17.273430,17.382019,17.092117,17.255310,17.273430,17.219078,17.182823,17.382019,17.382019,17.291534,17.382019,17.508537,17.436272,17.815002,17.490471,17.958839,18.030663,18.084496,18.066551,18.281563,18.478165,18.263664,18.496017,18.227867,18.603035,18.834435,18.531708,19.065178,18.905502,19.171471,19.224541,18.781090,19.047462,19.277603,19.171471,18.692123,19.153755,19.436554,19.206863,19.118340,19.153755,18.958771,19.029732,18.976524,19.189156,18.869980,19.118340,18.958771,18.976524,18.816666,18.227867,18.834435,18.852211,19.189156,19.047462,18.923264,18.709923,18.905502,18.745514,19.100624,19.312950,19.047462,19.011993,19.118340,19.100624,18.905502,19.224541,19.295280,19.100624,19.065178,19.100624,19.242241,19.365944,18.905502,19.065178,19.082909,19.100624,18.905502,19.011993,19.100624,19.100624,18.531708,18.638680,18.638680,18.905502,18.869980,18.531708,18.994255,18.460312,18.585213,18.869980,18.567383,18.638680,18.496017,18.638680,18.513863,18.603035,18.549545,18.209953,18.192039,18.727722,18.638680,18.335236,18.424599,18.192039,18.335236,18.299454,18.478165,18.370995,18.460312,18.424599,18.030663,18.138290,18.460312,18.066551,17.833000,18.209953,17.958839,18.209953,17.868965,18.138290,18.353111,18.281563,18.066551,18.012718,18.227867,18.084496,18.263664,18.460312,17.976807,18.102425,17.634865,17.904930,17.688942,17.976807,17.652901,17.940880,17.400101,17.562698,17.110275,16.344765,16.436256,16.198189,16.161499,15.572441,15.387550,15.332008,15.220818,14.700096,14.811943,14.550774,14.438606,14.345024,14.307571,14.438606,14.830566,14.550774,14.363747,14.774681,14.830566,14.307571,14.774681,14.774681,14.082504,14.457298,14.681450,14.644127,14.401184,15.035194,13.725006,14.830566,14.513397,14.625465,13.950951,14.307571,14.513397,14.681450,14.457298,14.438606,14.457298,14.288834,14.756035,14.569450,14.625465,14.063721,14.026146,14.363747,14.401184,14.326302,14.438606,14.457298,14.513397,14.138817,14.681450,14.550774,14.251350,14.270103,14.345024,14.345024,14.138817,14.419891,14.588127,14.401184,14.251350,14.588127,14.401184,14.326302,14.270103,14.550774,14.176346,14.232613,14.326302,14.288834,14.494698,14.044937,14.195114,14.213860,14.288834,14.157593,13.762703,13.838051,13.422867,13.668427,13.422867,13.460693,13.403954,13.347183,13.309326,13.422867,13.460693,13.385033,13.309326,13.385033,13.233543,13.725006,13.781540,14.101280,13.969765,14.363747,13.894524,14.606796,14.382469,14.176346,13.988556,14.550774,14.569450,14.625465,14.494698,14.213860,14.213860,13.856880,14.550774,14.157593,14.120049,14.138817,14.101280,14.120049,13.932144,13.932144,13.668427,14.007355,13.630692,13.932144,14.101280,14.195114,14.176346,14.382469,14.307571,14.101280,14.307571,14.026146,14.026146,14.401184,14.232613,13.800392,14.063721,14.345024,14.232613,14.138817,13.894524,14.700096,13.988556,14.232613,14.419891,14.138817,14.063721,14.120049,14.550774,13.762703,13.819221,14.195114,14.063721,13.838051,13.894524,13.950951,13.574066,13.762703,13.611824,13.894524,14.082504,13.725006,13.592949,13.856880,13.800392,13.479599,13.403954,13.706154,13.403954,13.743858,14.044937,13.800392,14.157593,14.213860,14.942238,14.550774,14.681450,15.793800,15.701637,15.793800,15.683197,15.756950,15.609375,16.088081,16.216530,16.381371,16.216530,16.381371,15.977844,16.874062,17.037659,16.710136,16.454536,16.344765,16.417961,16.764816,16.363075,16.454536,16.344765,16.910439,16.436256,16.509377,16.326462,16.746590,16.491104,16.491104,16.582436,16.964989,16.928627,16.855865,17.037659,17.200951,16.928627,17.255310,16.874062,17.055817,17.219078,16.928627,17.128418,17.237198,17.815002,17.652901,17.526596,17.255310,17.815002,17.454338,17.688942,17.904930,17.670921,17.779015,17.200951,17.670921,17.922905,17.688942,18.048607,17.886955,17.688942,18.030663,17.904930,18.084496,17.436272,17.562698,17.616829,17.815002,16.837654,17.200951,17.273430,17.436272,17.255310,16.910439,16.892258,17.110275,16.910439,16.399666,16.691910,16.051353,16.417961,15.756950,15.720085,15.627831,15.146614,14.550774,14.550774,14.662788,14.905037,14.700096,14.082504,14.513397,14.438606,15.016617,14.345024,14.811943,14.811943,14.345024,14.979439,14.886414,14.419891,14.550774,14.382469,14.550774,14.345024,14.270103,14.606796,14.532082,14.774681,14.532082,14.026146,14.232613,14.326302,14.457298,14.063721,14.550774,14.176346,13.630692,14.494698,13.649567,14.213860,14.457298,14.007355,13.875710,13.725006,14.007355,14.288834,14.345024,14.662788,14.082504,13.875710,13.668427,13.611824,13.819221,13.649567,
12.357613,12.853714,13.592949,13.043808,13.630692,13.214584,14.195114,13.157700,14.082504,13.309326,13.894524,13.706154,13.366112,13.328255,13.592949,13.988556,13.385033,13.574066,14.044937,13.385033,14.176346,13.119759,13.536285,13.819221,13.743858,13.290382,13.460693,12.777557,13.932144,13.555183,13.574066,13.725006,13.119759,13.119759,13.838051,13.119759,13.498497,13.668427,12.948814,13.290382,14.082504,13.498497,13.347183,13.290382,13.687294,13.574066,13.271439,13.932144,13.894524,13.800392,13.819221,13.668427,13.800392,13.498497,13.856880,14.044937,13.649567,14.044937,13.668427,13.592949,13.913338,13.668427,13.725006,13.932144,14.063721,14.007355,13.913338,13.969765,13.479599,13.290382,13.611824,13.328255,13.441788,13.271439,13.422867,12.701340,13.081795,13.100769,13.252487,12.891754,13.233543,13.138725,13.309326,13.271439,13.649567,12.891754,13.441788,13.479599,13.706154,13.819221,13.969765,14.157593,13.875710,14.157593,13.800392,13.838051,13.932144,13.969765,14.195114,13.800392,13.800392,13.687294,14.120049,13.894524,14.044937,13.574066,13.592949,14.326302,14.307571,13.932144,13.856880,14.138817,14.082504,13.403954,14.176346,13.894524,13.913338,13.838051,14.101280,14.063721,13.725006,13.781540,14.082504,13.460693,13.950951,14.176346,14.232613,13.366112,14.270103,14.120049,14.326302,14.101280,14.176346,14.120049,14.082504,14.120049,14.044937,14.138817,14.176346,14.176346,14.195114,14.063721,13.856880,14.007355,14.213860,13.988556,14.195114,14.101280,14.157593,14.082504,14.026146,14.307571,14.176346,13.800392,13.706154,13.819221,13.913338,13.630692,14.026146,13.894524,14.213860,13.932144,14.157593,14.532082,14.718750,14.905037,14.998024,15.257896,15.959457,15.738518,16.143143,16.106438,16.472824,16.472824,16.454536,16.710136,16.600693,17.037659,16.655434,16.837654,16.964989,16.637184,17.092117,17.255310,17.598785,17.200951,17.128418,17.237198,17.291534,17.382019,17.255310,17.200951,16.910439,17.237198,16.928627,17.327736,17.345833,17.073982,17.598785,17.237198,17.742996,17.562698,17.363930,17.976807,17.886955,17.706970,17.868965,18.620857,17.833000,18.620857,18.174133,18.585213,18.603035,18.478165,18.674309,18.478165,19.065178,18.781090,18.923264,18.263664,18.887749,19.047462,19.118340,18.727722,18.905502,18.941017,18.620857,19.295280,19.559967,19.029732,19.153755,19.471832,18.976524,18.923264,19.153755,18.852211,18.763306,18.798882,19.029732,19.082909,18.798882,18.941017,19.259926,18.941017,19.242241,18.656494,19.100624,18.656494,19.082909,18.745514,19.011993,19.029732,19.065178,18.976524,19.082909,18.692123,19.118340,18.923264,19.029732,18.781090,18.709923,18.869980,19.153755,18.941017,19.189156,19.153755,19.029732,19.047462,18.958771,18.727722,19.082909,18.727722,18.709923,18.852211,18.674309,18.603035,18.442459,18.317345,18.549545,18.299454,18.567383,18.603035,18.513863,18.424599,18.174133,18.424599,18.245766,18.370995,18.335236,18.138290,18.138290,18.585213,18.727722,18.174133,18.084496,18.156204,18.263664,18.281563,18.317345,17.833000,18.084496,18.245766,18.066551,18.227867,18.102425,18.353111,17.922905,18.084496,17.886955,18.120361,18.209953,18.012718,18.138290,18.317345,18.406731,18.227867,18.102425,18.192039,18.585213,18.084496,18.424599,18.299454,17.940880,17.958839,17.724983,17.616829,17.345833,17.146553,17.400101,17.255310,16.691910,15.941071,16.124794,15.959457,15.885872,15.332008,15.480049,14.811943,15.072350,14.232613,14.176346,14.457298,14.588127,14.007355,14.270103,14.363747,14.382469,14.476006,14.513397,14.606796,14.737404,14.644127,14.830566,14.270103,14.606796,14.662788,14.419891,14.718750,14.419891,14.326302,14.662788,14.774681,14.625465,14.550774,14.270103,14.026146,14.326302,14.157593,14.232613,14.082504,14.270103,14.438606,14.401184,14.251350,14.232613,14.157593,14.811943,14.569450,14.270103,14.774681,14.588127,14.476006,14.382469,14.419891,14.476006,14.213860,14.213860,14.232613,14.288834,14.251350,14.120049,14.138817,14.307571,14.044937,14.251350,14.176346,14.700096,14.401184,14.251350,13.875710,14.082504,14.213860,14.401184,14.326302,14.457298,14.288834,14.138817,13.498497,13.290382,13.932144,13.725006,13.706154,13.856880,14.176346,13.271439,13.498497,13.252487,13.479599,13.138725,13.649567,13.441788,13.819221,13.630692,13.687294,13.875710,13.403954,14.082504,14.101280,14.326302,13.988556,14.026146,14.363747,14.326302,14.718750,14.588127,14.419891,14.157593,14.157593,14.737404,14.138817,14.195114,14.326302,14.476006,13.950951,14.419891,14.007355,14.737404,14.101280,13.875710,14.044937,13.969765,13.838051,14.401184,13.498497,14.288834,14.213860,13.555183,14.195114,14.063721,14.101280,14.044937,14.101280,14.120049,13.592949,13.988556,14.120049,13.762703,13.988556,14.288834,14.681450,13.838051,13.875710,14.044937,14.195114,14.195114,13.668427,14.157593,14.176346,14.494698,13.687294,14.044937,13.781540,14.195114,13.894524,14.082504,13.706154,13.950951,13.913338,13.875710,13.950951,14.007355,13.252487,13.800392,13.290382,13.176659,14.044937,13.819221,13.498497,14.157593,13.950951,13.838051,14.007355,14.849190,14.998024,14.588127,15.090919,14.793312,15.406059,15.627831,15.609375,15.996223,15.775375,15.664742,16.179840,15.996223,16.381371,16.234848,16.527649,16.308144,16.564171,16.198189,16.600693,16.564171,16.253181,16.819458,16.417961,16.527649,16.124794,17.001335,16.928627,16.618950,17.037659,16.819458,16.801247,16.344765,17.019493,16.655434,16.855865,16.564171,17.182823,17.128418,17.110275,17.526596,17.073982,17.472412,17.400101,17.146553,17.454338,17.454338,17.652901,17.761002,17.688942,17.868965,17.562698,17.886955,17.382019,17.616829,17.815002,17.815002,17.994759,17.833000,17.904930,17.742996,17.634865,18.102425,17.634865,17.833000,17.976807,17.382019,17.724983,17.580750,17.128418,16.728371,17.868965,17.055817,17.273430,17.273430,17.146553,17.219078,16.983162,17.110275,16.326462,16.983162,16.161499,16.454536,15.812218,15.849052,15.406059,14.905037,15.424561,15.016617,14.830566,15.016617,14.326302,14.756035,14.195114,14.138817,14.905037,14.419891,14.213860,14.830566,15.146614,14.737404,14.756035,14.213860,14.905037,14.326302,14.756035,14.044937,14.438606,14.082504,15.128059,14.138817,14.270103,14.438606,14.288834,14.569450,14.681450,14.756035,14.195114,14.288834,14.120049,14.345024,14.793312,14.213860,13.856880,14.270103,14.494698,14.662788,14.438606,14.044937,13.762703,14.513397,14.138817,13.611824,13.687294,13.687294,13.574066,13.762703,13.479599,
11.955025,12.891754,13.062805,13.460693,13.460693,13.706154,13.441788,13.024826,13.233543,13.119759,13.460693,13.706154,13.706154,12.891754,13.498497,13.574066,14.082504,13.743858,13.441788,13.479599,13.706154,13.385033,13.800392,13.819221,13.574066,13.366112,13.157700,13.555183,13.498497,13.819221,13.574066,13.479599,13.630692,13.536285,13.819221,13.195625,13.856880,13.328255,13.574066,13.233543,13.574066,13.649567,13.592949,13.517403,13.536285,13.668427,13.403954,13.762703,13.441788,13.630692,13.725006,13.800392,13.800392,13.932144,13.517403,13.498497,14.251350,13.252487,13.969765,13.950951,14.082504,13.932144,13.422867,13.950951,13.498497,13.233543,13.611824,13.725006,13.555183,13.687294,13.290382,13.024826,13.005829,13.517403,12.777557,12.948814,13.100769,12.872734,12.758507,12.453224,12.910774,12.948814,13.252487,12.948814,13.214584,13.913338,13.347183,13.649567,13.347183,13.781540,13.460693,13.875710,14.007355,14.270103,14.232613,14.044937,14.007355,13.762703,13.950951,13.913338,14.082504,14.232613,13.403954,14.195114,13.932144,13.574066,13.838051,13.630692,14.120049,14.718750,13.649567,13.649567,14.176346,13.517403,13.706154,14.026146,14.082504,13.592949,13.762703,13.706154,13.875710,13.894524,13.762703,14.345024,13.969765,13.894524,13.950951,14.326302,14.138817,13.725006,14.007355,13.856880,14.138817,13.762703,13.932144,14.026146,13.988556,14.138817,14.044937,14.195114,13.781540,14.063721,14.213860,13.913338,14.251350,14.044937,14.176346,14.345024,14.476006,14.120049,14.270103,14.270103,13.856880,14.157593,14.195114,13.441788,13.969765,14.063721,14.438606,14.007355,14.532082,13.819221,14.232613,14.700096,14.737404,15.369041,15.387550,15.350533,15.664742,15.793800,16.014603,16.216530,16.417961,16.417961,16.728371,16.234848,16.964989,16.728371,16.946808,16.946808,16.910439,16.837654,16.983162,17.019493,16.801247,17.073982,17.562698,17.073982,17.128418,17.291534,17.092117,17.019493,17.110275,17.598785,17.055817,17.164696,17.526596,17.255310,17.001335,17.652901,17.327736,17.868965,17.490471,17.742996,18.174133,17.544655,17.940880,17.670921,18.353111,18.120361,18.030663,18.620857,18.852211,18.638680,18.994255,18.585213,18.620857,18.692123,19.365944,18.496017,18.620857,18.781090,19.242241,18.869980,19.401253,19.153755,19.259926,19.136055,18.994255,18.816666,18.958771,19.029732,19.118340,19.100624,19.100624,18.496017,19.047462,18.763306,18.905502,19.277603,18.834435,18.869980,18.763306,19.011993,19.153755,18.994255,18.941017,18.887749,18.816666,18.424599,19.100624,19.065178,18.905502,19.295280,19.224541,18.905502,19.153755,18.745514,19.082909,18.887749,19.206863,18.905502,18.941017,19.082909,19.242241,18.852211,19.065178,19.348289,18.727722,18.816666,19.171471,18.941017,18.852211,18.816666,19.011993,18.781090,19.047462,18.638680,18.370995,18.763306,18.869980,18.442459,18.388855,18.603035,18.567383,18.567383,18.603035,18.317345,18.209953,18.442459,18.496017,18.156204,18.513863,18.406731,18.353111,18.138290,18.138290,18.156204,18.209953,18.138290,18.263664,18.048607,18.048607,17.886955,18.209953,18.192039,18.192039,17.940880,18.227867,18.066551,17.868965,18.174133,18.460312,18.424599,18.442459,18.227867,18.406731,18.281563,18.567383,18.335236,18.120361,18.066551,17.742996,18.066551,18.245766,17.634865,17.634865,17.688942,17.182823,17.019493,16.728371,16.454536,16.124794,15.664742,15.683197,15.183723,15.313492,15.165176,14.811943,14.569450,14.457298,14.401184,14.923637,14.138817,14.700096,14.494698,14.867805,14.756035,14.998024,14.476006,14.588127,14.867805,14.700096,14.251350,14.849190,14.550774,14.774681,14.044937,14.494698,14.307571,14.251350,14.905037,14.644127,14.737404,14.288834,14.382469,14.307571,14.830566,14.270103,14.401184,14.476006,14.326302,14.457298,14.195114,14.382469,14.363747,14.270103,14.737404,14.176346,14.345024,14.232613,14.288834,14.213860,14.457298,14.270103,14.120049,14.419891,14.138817,14.476006,14.232613,14.270103,14.157593,14.793312,13.988556,14.345024,14.326302,14.401184,14.157593,14.849190,14.270103,14.625465,14.270103,14.494698,14.007355,14.288834,14.270103,14.382469,14.082504,13.913338,13.800392,13.838051,13.932144,13.649567,13.555183,13.668427,13.347183,13.725006,13.271439,13.347183,13.517403,13.309326,13.479599,13.574066,13.800392,13.555183,13.762703,13.479599,13.969765,13.668427,14.213860,14.251350,14.120049,14.232613,14.886414,14.363747,14.401184,14.176346,14.176346,14.232613,14.101280,14.326302,14.082504,14.326302,14.026146,14.419891,14.419891,14.044937,13.969765,13.762703,13.969765,13.969765,14.082504,14.063721,13.706154,14.007355,14.138817,14.363747,13.762703,14.438606,13.969765,14.438606,14.101280,14.401184,14.606796,14.251350,14.288834,14.176346,14.232613,14.176346,14.288834,14.251350,14.213860,14.288834,14.063721,14.363747,14.213860,14.044937,13.988556,13.988556,13.762703,13.932144,13.950951,13.875710,14.288834,14.419891,13.687294,13.913338,14.138817,13.687294,13.762703,13.706154,13.913338,13.913338,13.460693,13.706154,13.687294,13.988556,13.988556,13.498497,14.026146,13.913338,14.401184,15.053780,15.165176,14.382469,14.979439,15.350533,15.664742,15.922668,15.885872,15.369041,16.198189,16.253181,15.830643,16.271500,16.454536,16.746590,16.892258,16.308144,16.564171,16.964989,16.673668,16.527649,16.819458,16.618950,16.582436,16.691910,16.344765,16.436256,16.801247,16.618950,15.959457,16.691910,16.032974,16.326462,16.564171,17.092117,16.600693,16.946808,16.764816,16.928627,17.345833,16.910439,16.728371,17.454338,17.092117,17.291534,17.110275,17.001335,17.219078,17.382019,17.724983,17.454338,17.580750,17.958839,17.833000,17.255310,17.922905,17.616829,17.886955,17.797005,17.850990,17.761002,17.976807,17.779015,17.688942,17.508537,17.670921,17.309639,17.706970,17.219078,17.562698,17.490471,16.910439,17.327736,17.019493,17.544655,17.182823,17.037659,16.801247,17.146553,17.001335,16.910439,16.582436,16.564171,16.234848,15.885872,15.885872,15.220818,15.220818,14.550774,14.774681,14.979439,14.886414,14.644127,13.988556,14.905037,14.998024,14.606796,14.270103,14.382469,14.326302,14.550774,14.867805,14.830566,15.035194,14.138817,14.232613,14.737404,14.588127,13.932144,14.232613,15.016617,13.988556,14.382469,14.307571,14.811943,14.438606,13.913338,14.476006,14.157593,14.363747,14.774681,14.476006,13.781540,13.894524,14.270103,14.457298,14.382469,14.251350,14.044937,13.743858,14.476006,13.838051,14.550774,14.195114,13.950951,14.176346,13.894524,12.872734,
12.012634,12.510529,13.441788,13.005829,13.100769,12.453224,13.441788,13.422867,13.555183,13.271439,13.290382,13.800392,13.403954,13.611824,13.856880,13.157700,13.460693,13.649567,13.649567,13.668427,14.007355,13.762703,13.100769,13.649567,13.630692,13.366112,13.725006,13.592949,13.403954,13.913338,13.403954,13.950951,13.743858,14.007355,13.800392,13.290382,13.913338,13.441788,13.460693,13.366112,13.894524,13.932144,13.385033,13.403954,13.687294,13.800392,13.422867,13.706154,13.800392,13.706154,13.592949,13.517403,14.063721,13.441788,13.913338,13.856880,13.819221,13.687294,13.725006,13.875710,13.932144,13.800392,13.611824,13.800392,13.988556,13.649567,13.875710,13.668427,13.517403,13.592949,13.290382,12.929794,13.100769,13.138725,13.176659,13.138725,13.309326,12.872734,13.176659,13.157700,12.967819,13.460693,12.853714,13.290382,13.005829,12.777557,13.611824,13.687294,13.819221,13.706154,13.743858,13.819221,13.913338,13.875710,13.725006,13.894524,13.668427,14.120049,13.725006,13.555183,13.668427,14.270103,14.026146,13.762703,13.913338,13.894524,14.120049,13.856880,14.138817,13.988556,13.819221,14.101280,13.781540,13.592949,14.157593,14.213860,13.781540,13.725006,13.592949,13.649567,13.781540,14.138817,13.913338,13.649567,13.762703,14.213860,13.762703,14.044937,14.232613,13.649567,14.082504,13.800392,14.345024,14.401184,14.270103,13.988556,14.513397,14.063721,14.550774,13.932144,14.476006,14.007355,13.781540,14.138817,14.007355,14.195114,14.007355,13.687294,14.232613,14.138817,13.969765,14.382469,13.649567,13.687294,13.668427,13.800392,14.157593,13.649567,13.611824,14.007355,14.157593,14.270103,14.793312,14.363747,14.830566,14.681450,15.128059,15.350533,16.051353,15.756950,16.088081,16.326462,16.308144,16.582436,16.472824,16.527649,16.855865,16.363075,17.255310,16.910439,17.092117,16.983162,16.910439,17.146553,17.219078,17.110275,17.146553,17.110275,17.670921,17.128418,17.110275,17.742996,17.164696,16.946808,17.001335,17.237198,16.910439,17.345833,17.490471,17.073982,17.490471,17.815002,17.742996,17.652901,17.940880,17.706970,18.012718,17.940880,18.406731,18.209953,18.478165,18.513863,18.585213,18.424599,18.887749,19.029732,18.424599,19.118340,18.887749,18.905502,18.887749,18.834435,18.816666,19.136055,18.923264,19.507095,18.905502,19.524719,19.171471,18.727722,19.383614,19.242241,19.011993,19.224541,18.887749,18.994255,18.763306,19.065178,18.781090,18.478165,19.011993,18.834435,18.976524,18.887749,19.118340,18.798882,19.189156,18.745514,18.887749,19.011993,18.869980,18.781090,18.709923,18.816666,19.153755,18.958771,18.781090,18.816666,19.047462,19.295280,18.816666,19.136055,18.781090,18.923264,19.330627,18.674309,18.869980,18.887749,18.692123,18.585213,18.887749,18.620857,18.763306,18.781090,18.513863,18.816666,18.727722,18.567383,18.478165,18.674309,18.692123,18.388855,18.281563,18.656494,18.317345,18.656494,18.174133,18.335236,18.084496,18.442459,18.030663,18.156204,18.174133,18.263664,18.674309,17.761002,18.388855,17.850990,18.442459,17.868965,17.958839,18.048607,17.815002,18.084496,17.490471,17.958839,17.976807,17.976807,18.335236,17.994759,18.174133,18.209953,17.940880,17.922905,18.120361,18.048607,18.460312,17.904930,18.263664,18.388855,18.299454,17.706970,18.192039,18.030663,17.886955,18.012718,17.544655,17.382019,17.598785,16.837654,16.874062,16.417961,16.363075,15.867470,16.014603,15.609375,15.517014,15.350533,14.774681,14.849190,14.606796,14.251350,14.718750,14.569450,14.438606,14.681450,14.718750,14.588127,14.438606,14.644127,14.681450,14.307571,14.606796,14.251350,14.979439,14.213860,14.120049,14.756035,14.195114,14.401184,14.550774,14.195114,14.532082,14.382469,14.213860,14.457298,14.700096,14.793312,14.232613,14.007355,14.138817,14.157593,14.195114,13.875710,14.345024,14.513397,14.494698,14.363747,14.382469,14.476006,14.176346,14.513397,14.438606,14.905037,14.345024,14.363747,14.382469,14.345024,14.718750,14.101280,14.382469,14.232613,14.382469,14.326302,14.195114,14.588127,14.251350,14.606796,13.913338,14.195114,14.288834,14.213860,14.830566,14.532082,14.625465,14.026146,14.401184,13.762703,13.687294,13.460693,13.555183,13.800392,13.781540,13.271439,13.611824,13.005829,14.026146,13.422867,13.441788,13.271439,13.706154,13.517403,13.555183,13.157700,13.932144,13.875710,13.592949,14.007355,13.988556,14.251350,14.251350,14.101280,14.606796,14.401184,14.569450,14.044937,14.606796,14.401184,14.326302,14.213860,14.476006,14.588127,14.457298,14.026146,14.550774,14.007355,14.270103,14.138817,14.345024,14.063721,14.007355,14.026146,14.120049,14.363747,14.101280,14.176346,14.176346,14.288834,14.101280,14.026146,14.063721,14.251350,14.401184,13.950951,14.026146,14.044937,14.063721,14.138817,14.326302,14.082504,14.063721,13.969765,14.213860,13.932144,14.251350,14.026146,14.007355,13.988556,13.875710,14.044937,14.270103,13.819221,14.157593,13.800392,14.120049,14.419891,13.894524,14.101280,13.856880,13.875710,13.328255,14.101280,13.988556,13.856880,13.875710,13.498497,13.441788,13.592949,14.044937,13.819221,13.969765,14.195114,14.438606,14.401184,14.905037,14.644127,15.517014,15.590912,15.683197,15.572441,16.161499,15.793800,15.941071,15.977844,15.941071,16.417961,16.271500,16.014603,16.326462,16.545914,17.146553,16.928627,16.764816,16.289825,16.582436,16.582436,16.289825,17.055817,16.600693,16.088081,16.600693,16.710136,16.088081,16.564171,16.527649,16.106438,16.637184,17.128418,16.783035,16.801247,16.928627,17.092117,16.983162,16.801247,17.001335,17.327736,17.382019,17.128418,17.833000,17.182823,17.598785,17.345833,17.976807,17.724983,17.868965,17.634865,17.634865,17.363930,17.797005,17.742996,17.670921,17.345833,17.850990,17.779015,17.382019,17.418190,18.012718,17.436272,17.508537,17.544655,17.382019,17.472412,17.616829,17.037659,17.472412,17.164696,17.345833,17.110275,16.964989,16.837654,16.801247,16.837654,16.308144,16.637184,16.381371,15.756950,16.399666,15.922668,15.553970,15.461563,15.369041,14.532082,14.811943,14.886414,14.700096,14.307571,14.494698,14.401184,14.625465,14.718750,14.774681,14.569450,14.905037,14.942238,14.606796,14.213860,14.419891,14.120049,14.756035,14.457298,14.550774,14.700096,14.382469,14.438606,14.513397,13.932144,14.026146,13.969765,14.382469,13.932144,14.718750,14.270103,14.307571,14.213860,14.270103,14.251350,14.382469,14.288834,14.326302,14.213860,13.687294,14.494698,13.913338,13.988556,13.856880,14.270103,14.082504,13.706154,14.007355,13.062805,
11.858910,13.119759,13.366112,13.309326,13.081795,13.460693,13.555183,13.271439,13.024826,12.834679,13.743858,13.479599,13.819221,13.498497,13.479599,13.781540,13.687294,13.309326,13.875710,13.969765,13.630692,13.252487,14.101280,13.252487,13.119759,13.913338,13.574066,13.668427,13.649567,13.290382,13.592949,13.649567,13.706154,13.856880,13.157700,13.800392,13.592949,13.611824,13.403954,13.649567,13.819221,13.706154,13.517403,13.800392,13.309326,13.422867,13.630692,13.517403,14.026146,13.574066,13.498497,13.687294,13.290382,13.725006,13.574066,13.762703,13.913338,13.630692,14.026146,13.819221,14.026146,13.988556,13.913338,13.819221,13.762703,13.743858,13.460693,13.687294,13.687294,13.517403,13.100769,13.062805,13.195625,13.195625,13.176659,13.460693,13.290382,13.536285,13.252487,13.005829,13.233543,13.081795,13.347183,12.967819,13.498497,13.441788,13.592949,13.119759,13.687294,13.611824,13.460693,13.856880,14.251350,13.762703,14.063721,13.555183,13.988556,14.063721,14.213860,13.762703,14.082504,14.213860,13.875710,13.988556,13.894524,13.856880,13.819221,13.668427,13.762703,14.157593,13.950951,13.706154,13.725006,14.120049,13.687294,14.195114,14.007355,13.668427,13.932144,13.932144,13.800392,13.366112,14.438606,14.270103,14.232613,14.082504,13.800392,13.988556,14.232613,14.176346,13.838051,14.120049,13.969765,14.232613,14.457298,14.120049,14.157593,13.932144,14.345024,14.681450,13.668427,14.176346,14.157593,14.138817,14.232613,13.950951,14.232613,14.063721,14.044937,14.288834,14.082504,14.288834,14.176346,14.044937,13.781540,13.969765,14.007355,13.800392,13.630692,13.819221,14.532082,14.157593,14.382469,14.569450,14.532082,15.165176,15.406059,15.830643,15.590912,15.701637,16.051353,16.106438,16.106438,16.472824,16.728371,16.728371,16.928627,16.381371,17.092117,16.655434,16.964989,17.219078,16.910439,17.436272,17.164696,17.291534,16.801247,17.237198,17.291534,17.219078,17.237198,17.291534,17.092117,17.146553,17.182823,17.255310,17.237198,17.418190,17.454338,17.037659,17.400101,17.164696,17.418190,18.048607,17.742996,17.850990,17.940880,18.012718,18.174133,18.156204,18.781090,18.424599,18.656494,18.460312,18.513863,18.603035,18.692123,18.513863,18.745514,18.834435,19.082909,18.620857,19.418907,18.994255,19.118340,19.082909,18.994255,19.100624,19.224541,18.923264,19.100624,18.834435,18.781090,18.727722,19.330627,18.781090,19.065178,18.816666,18.923264,18.781090,18.816666,18.798882,18.709923,18.692123,18.781090,18.994255,18.994255,18.370995,18.976524,19.224541,19.153755,18.763306,18.994255,19.047462,18.531708,18.620857,19.118340,18.674309,19.277603,18.620857,19.277603,18.869980,19.047462,18.816666,19.029732,19.206863,19.277603,18.798882,18.994255,18.976524,19.047462,18.852211,18.513863,18.834435,18.941017,19.206863,18.692123,18.370995,18.620857,18.227867,18.549545,18.245766,18.567383,18.120361,18.388855,18.209953,18.370995,18.120361,18.603035,18.335236,18.406731,18.370995,18.299454,18.335236,18.120361,18.209953,18.048607,18.281563,18.066551,18.048607,18.102425,18.263664,18.317345,17.797005,17.850990,18.156204,17.634865,17.976807,18.156204,17.922905,17.940880,17.940880,17.940880,18.299454,18.209953,18.048607,18.299454,18.012718,18.442459,17.904930,17.994759,18.227867,18.496017,18.227867,17.508537,17.850990,17.833000,17.833000,17.400101,16.874062,16.143143,16.363075,16.472824,16.143143,15.572441,15.350533,14.998024,15.128059,14.588127,14.307571,14.438606,14.326302,14.438606,14.213860,14.606796,14.849190,14.345024,14.606796,15.146614,14.793312,14.644127,14.756035,14.681450,14.569450,14.756035,14.700096,14.830566,14.457298,14.307571,14.606796,14.513397,14.681450,14.457298,14.532082,14.662788,14.157593,14.288834,14.700096,14.606796,14.251350,14.513397,14.793312,14.326302,14.382469,13.969765,14.251350,14.138817,14.438606,14.345024,14.382469,14.101280,13.913338,14.700096,14.345024,14.345024,14.138817,14.326302,14.138817,14.157593,14.588127,14.438606,14.457298,14.532082,14.513397,14.101280,14.345024,14.438606,14.232613,14.681450,14.476006,14.251350,14.044937,14.157593,14.345024,14.288834,13.611824,14.063721,14.232613,13.969765,13.875710,13.875710,13.838051,13.630692,13.611824,13.800392,12.986824,13.479599,12.720398,13.441788,13.611824,13.743858,13.649567,13.328255,13.309326,13.687294,13.762703,14.270103,13.517403,13.969765,14.082504,14.382469,14.438606,14.382469,14.401184,14.138817,14.644127,14.494698,14.532082,14.363747,14.326302,14.532082,14.026146,14.476006,14.326302,14.476006,13.875710,14.513397,14.195114,14.063721,13.988556,14.476006,14.138817,14.026146,14.026146,13.932144,14.326302,14.082504,14.232613,13.762703,14.120049,13.592949,14.120049,14.138817,13.875710,13.950951,14.438606,14.569450,14.195114,14.532082,14.532082,14.494698,13.913338,14.063721,13.800392,14.457298,14.082504,13.687294,14.270103,14.120049,13.950951,14.120049,14.044937,14.026146,14.288834,14.326302,14.307571,13.328255,14.138817,13.800392,13.668427,14.063721,13.781540,13.913338,13.555183,13.592949,13.762703,13.894524,13.838051,13.328255,14.026146,14.251350,14.681450,14.401184,14.849190,15.239365,15.183723,14.905037,15.461563,15.756950,16.088081,15.775375,15.313492,15.904274,16.161499,16.253181,15.977844,16.344765,16.545914,16.088081,16.143143,16.545914,16.527649,16.143143,16.582436,16.746590,16.436256,15.738518,16.783035,16.381371,16.746590,16.289825,16.545914,16.618950,16.655434,17.019493,16.746590,17.001335,16.855865,16.837654,16.637184,16.892258,16.874062,17.327736,17.128418,17.200951,16.764816,17.382019,17.200951,17.472412,17.436272,17.436272,17.454338,17.200951,17.508537,17.291534,17.706970,17.345833,17.219078,17.634865,17.526596,17.634865,17.291534,17.958839,17.037659,17.868965,17.670921,17.436272,17.616829,17.454338,17.454338,17.490471,17.454338,17.544655,17.598785,17.128418,17.092117,17.200951,16.946808,16.746590,16.964989,16.874062,16.545914,17.019493,16.892258,16.472824,16.106438,16.234848,15.609375,15.202286,15.646294,15.072350,15.276436,14.569450,14.718750,14.270103,14.419891,14.644127,14.737404,14.905037,14.532082,14.867805,14.494698,14.476006,14.550774,14.905037,14.176346,14.419891,14.830566,14.419891,14.138817,14.288834,14.625465,14.326302,14.774681,14.063721,14.157593,14.270103,14.157593,14.120049,14.251350,14.026146,14.307571,13.743858,13.932144,14.195114,13.762703,14.737404,14.138817,14.063721,14.138817,14.326302,14.401184,13.781540,13.856880,14.307571,13.894524,13.856880,14.326302,14.120049,13.385033,
11.801193,13.043808,12.910774,13.328255,13.271439,13.309326,13.233543,13.309326,13.649567,13.555183,13.725006,13.138725,13.422867,13.422867,13.630692,13.988556,13.838051,13.271439,13.932144,13.498497,13.517403,12.967819,13.498497,13.950951,13.062805,13.592949,13.309326,13.649567,13.441788,13.309326,13.460693,13.611824,13.687294,13.517403,13.214584,13.649567,13.800392,13.460693,14.195114,13.479599,13.574066,13.290382,13.403954,13.649567,13.668427,13.592949,13.536285,13.460693,13.875710,13.460693,13.687294,13.875710,13.460693,13.630692,13.271439,13.574066,13.856880,13.517403,14.232613,13.743858,13.725006,13.932144,13.800392,13.838051,13.819221,13.347183,13.517403,13.385033,13.536285,13.479599,13.403954,13.176659,13.290382,13.024826,13.536285,12.739456,12.872734,13.271439,12.967819,13.119759,13.157700,13.043808,13.403954,12.567825,13.328255,13.176659,13.328255,13.592949,13.762703,13.800392,13.574066,13.932144,13.838051,13.781540,13.725006,13.894524,13.950951,13.969765,13.894524,14.345024,13.988556,13.838051,13.498497,13.819221,14.195114,13.875710,13.743858,14.007355,14.120049,13.649567,13.950951,13.725006,13.706154,13.913338,13.743858,13.838051,14.176346,14.382469,13.422867,14.063721,13.894524,14.007355,13.838051,14.138817,13.460693,13.762703,13.800392,14.251350,13.800392,13.687294,14.026146,14.195114,14.082504,14.082504,14.007355,14.457298,14.082504,13.856880,13.687294,13.913338,13.913338,13.932144,13.913338,14.251350,14.270103,14.120049,14.176346,14.251350,14.120049,14.363747,13.819221,14.026146,13.932144,14.044937,14.307571,13.913338,13.988556,13.630692,13.856880,14.063721,13.838051,14.063721,14.569450,15.053780,14.905037,15.072350,14.942238,15.572441,15.627831,15.812218,16.106438,15.941071,16.527649,16.983162,16.691910,16.417961,16.710136,16.837654,16.983162,17.345833,17.327736,17.472412,17.200951,17.237198,17.073982,17.200951,17.508537,16.746590,17.454338,16.983162,16.892258,16.928627,17.092117,17.237198,17.418190,17.055817,16.983162,17.363930,17.490471,17.345833,17.616829,17.797005,18.030663,17.904930,17.850990,17.904930,18.066551,18.066551,18.263664,17.815002,18.227867,18.603035,18.638680,18.478165,19.118340,18.620857,18.852211,19.118340,18.531708,19.118340,19.011993,18.816666,19.065178,18.958771,19.100624,18.958771,18.905502,19.454201,18.567383,19.418907,19.242241,19.312950,19.418907,19.312950,18.869980,19.118340,19.047462,18.781090,19.136055,18.923264,19.011993,18.674309,18.834435,18.709923,19.065178,18.816666,18.763306,18.709923,18.781090,19.065178,18.976524,18.887749,19.082909,18.781090,18.941017,19.136055,19.454201,18.869980,19.206863,18.958771,18.958771,18.869980,18.798882,18.781090,19.189156,18.852211,18.941017,19.082909,18.958771,19.348289,18.763306,18.834435,18.941017,19.277603,18.941017,19.189156,18.763306,18.638680,18.620857,18.353111,18.692123,18.138290,18.317345,18.281563,18.460312,17.922905,18.763306,18.513863,18.156204,18.317345,18.156204,18.353111,18.245766,18.317345,18.030663,18.406731,18.263664,17.833000,18.335236,18.120361,18.192039,18.102425,18.102425,18.209953,17.868965,17.958839,17.724983,17.940880,18.317345,18.048607,17.958839,18.281563,17.958839,17.797005,17.976807,18.174133,18.012718,18.281563,18.102425,18.245766,18.478165,18.102425,17.868965,18.120361,18.030663,17.616829,17.598785,17.092117,17.327736,17.073982,16.545914,16.600693,16.344765,15.793800,15.849052,15.664742,15.590912,15.202286,14.438606,14.138817,14.644127,14.419891,14.588127,14.044937,14.401184,14.774681,14.457298,14.737404,14.998024,14.494698,14.662788,14.830566,14.288834,14.644127,14.793312,14.195114,14.419891,14.363747,14.307571,14.532082,14.382469,14.382469,14.494698,14.700096,14.120049,14.588127,14.101280,13.856880,14.569450,14.532082,14.345024,14.326302,14.438606,14.251350,14.550774,14.288834,13.969765,14.195114,14.270103,14.138817,14.213860,14.550774,14.082504,14.157593,14.213860,13.856880,14.476006,14.288834,14.382469,14.251350,14.457298,14.176346,14.681450,14.213860,14.288834,14.569450,14.569450,14.232613,14.101280,14.120049,14.232613,14.700096,14.251350,14.288834,14.345024,14.326302,14.345024,13.781540,13.687294,13.649567,13.950951,13.819221,13.725006,13.290382,13.913338,13.630692,13.460693,13.347183,13.081795,13.309326,13.403954,13.195625,13.290382,13.611824,13.441788,13.743858,13.875710,13.819221,14.063721,14.007355,14.494698,14.606796,14.681450,14.138817,14.401184,14.326302,14.101280,13.932144,13.969765,14.606796,14.044937,14.138817,14.195114,14.195114,14.494698,14.195114,14.513397,13.969765,13.969765,14.363747,13.800392,13.913338,14.195114,14.270103,13.838051,14.026146,14.588127,13.875710,14.213860,14.176346,14.213860,13.706154,13.913338,14.026146,14.401184,13.913338,14.345024,14.044937,14.138817,14.213860,13.894524,13.838051,14.195114,14.044937,14.063721,14.007355,14.101280,14.494698,14.476006,14.044937,14.176346,14.082504,14.251350,14.026146,14.101280,14.082504,13.725006,13.347183,13.875710,13.460693,13.875710,13.781540,13.630692,13.611824,13.328255,13.385033,13.441788,14.007355,14.251350,14.007355,13.611824,14.419891,14.363747,14.681450,14.532082,15.109489,15.590912,15.646294,15.701637,16.253181,15.941071,16.014603,16.179840,15.720085,16.655434,15.720085,16.399666,16.234848,16.234848,16.983162,16.691910,16.764816,16.509377,16.783035,16.618950,16.637184,16.527649,16.436256,16.801247,16.837654,16.600693,16.179840,16.454536,16.564171,16.143143,16.600693,16.728371,16.637184,16.746590,16.783035,17.055817,17.418190,17.128418,17.182823,16.819458,17.237198,17.055817,17.164696,17.255310,17.544655,16.928627,17.309639,17.418190,17.616829,17.345833,17.544655,18.048607,17.815002,17.815002,17.580750,17.742996,17.019493,17.742996,17.418190,17.922905,17.833000,17.291534,17.868965,17.291534,17.580750,17.688942,17.055817,17.255310,17.742996,17.382019,17.454338,17.345833,17.019493,16.600693,17.037659,17.273430,16.819458,16.946808,16.545914,16.326462,16.088081,16.399666,15.904274,15.830643,15.572441,14.960838,15.146614,14.606796,14.625465,14.232613,14.213860,14.905037,14.867805,14.382469,14.176346,15.016617,14.905037,14.195114,15.109489,14.007355,14.494698,14.513397,14.979439,14.756035,14.176346,14.419891,14.345024,14.120049,14.718750,14.382469,14.138817,14.438606,14.345024,13.856880,13.819221,14.082504,14.082504,14.513397,13.592949,15.332008,14.569450,14.213860,14.644127,14.120049,14.195114,14.307571,14.120049,14.569450,14.307571,13.649567,13.894524,13.913338,14.176346,13.932144,12.261917,
12.472336,12.986824,12.986824,13.290382,14.044937,13.252487,13.498497,13.743858,13.800392,13.819221,13.479599,13.894524,13.988556,13.441788,13.479599,13.385033,13.252487,13.366112,13.762703,13.479599,13.630692,13.592949,13.403954,13.517403,13.819221,13.252487,13.762703,13.100769,13.555183,14.176346,13.498497,13.743858,13.479599,13.422867,13.460693,13.875710,13.157700,13.157700,13.592949,13.347183,13.800392,13.649567,14.120049,13.195625,13.252487,13.517403,13.385033,13.385033,13.725006,13.592949,13.800392,13.441788,13.743858,13.081795,13.706154,13.611824,14.082504,13.988556,13.706154,13.856880,14.044937,13.592949,13.988556,13.687294,13.630692,13.611824,13.819221,13.157700,13.233543,13.706154,13.441788,13.290382,13.479599,12.872734,12.948814,12.929794,13.100769,13.176659,13.157700,12.986824,13.328255,12.948814,12.815643,13.366112,13.176659,13.328255,13.856880,13.441788,13.800392,13.347183,13.498497,14.044937,13.894524,14.063721,14.007355,14.213860,13.743858,13.687294,13.838051,13.555183,14.232613,13.574066,13.781540,13.838051,14.138817,13.592949,13.932144,13.611824,13.838051,13.630692,13.819221,13.555183,14.044937,14.063721,14.251350,13.366112,14.138817,14.044937,14.044937,13.781540,14.288834,13.950951,14.270103,13.403954,13.611824,14.063721,14.326302,13.687294,13.838051,14.270103,14.138817,13.649567,14.401184,14.026146,14.419891,14.120049,14.063721,13.856880,14.213860,14.063721,13.856880,14.213860,13.875710,14.176346,14.363747,14.138817,14.063721,14.063721,14.606796,14.419891,13.988556,13.800392,14.345024,14.457298,13.649567,13.574066,13.856880,13.649567,13.819221,14.026146,14.232613,14.157593,14.438606,14.513397,14.494698,14.681450,15.146614,15.443062,16.088081,15.701637,16.509377,16.399666,16.161499,16.618950,16.764816,16.545914,16.436256,17.146553,17.019493,17.055817,17.490471,16.509377,17.309639,17.200951,17.454338,17.182823,17.345833,17.019493,17.291534,17.400101,17.526596,17.309639,17.345833,17.291534,17.436272,17.273430,17.200951,17.580750,17.544655,17.255310,17.544655,17.797005,17.742996,17.815002,17.976807,17.706970,18.513863,18.263664,18.424599,18.012718,18.030663,18.603035,18.460312,18.852211,18.727722,18.513863,18.709923,19.047462,18.692123,18.692123,19.011993,18.692123,18.442459,18.887749,19.136055,19.100624,19.118340,18.674309,19.136055,19.224541,19.153755,19.029732,19.401253,19.206863,19.171471,19.011993,19.047462,18.887749,19.312950,18.852211,18.852211,19.011993,18.406731,18.727722,19.259926,18.638680,18.887749,18.923264,18.656494,18.638680,18.994255,19.136055,19.118340,18.887749,19.136055,19.011993,18.994255,19.047462,19.224541,18.745514,18.994255,18.781090,19.259926,18.976524,19.136055,19.136055,19.100624,18.709923,19.082909,18.798882,18.798882,19.136055,19.118340,19.189156,18.745514,18.709923,19.100624,18.745514,18.442459,18.603035,18.424599,18.370995,18.478165,18.299454,18.335236,18.012718,18.263664,18.263664,18.281563,17.994759,18.335236,18.138290,18.209953,18.066551,18.317345,18.442459,18.317345,18.048607,18.084496,17.994759,18.156204,18.066551,18.084496,17.833000,17.616829,18.156204,18.066551,18.048607,18.227867,18.156204,18.192039,18.317345,18.120361,18.263664,18.388855,17.958839,18.370995,18.388855,18.585213,18.012718,18.120361,18.012718,18.192039,18.084496,18.030663,17.742996,17.580750,16.983162,17.508537,17.073982,16.710136,16.326462,16.491104,16.161499,15.701637,15.128059,15.294960,14.942238,14.569450,14.195114,14.419891,14.625465,14.494698,14.494698,14.644127,14.998024,14.644127,14.606796,14.774681,14.737404,14.793312,14.457298,14.326302,14.606796,14.401184,14.307571,14.644127,14.662788,14.644127,14.476006,14.606796,14.532082,14.120049,14.606796,14.270103,14.662788,14.326302,14.101280,14.419891,14.494698,14.513397,14.251350,14.513397,14.606796,14.588127,14.588127,14.288834,14.326302,14.270103,14.138817,14.419891,14.157593,14.213860,14.101280,14.588127,14.457298,14.026146,13.781540,14.476006,14.232613,14.550774,14.401184,14.326302,14.419891,14.345024,14.625465,14.644127,14.513397,14.082504,14.157593,14.588127,14.232613,14.213860,14.082504,13.932144,14.363747,14.232613,13.913338,13.988556,13.932144,13.649567,14.157593,13.441788,13.498497,13.498497,13.649567,13.479599,13.138725,13.517403,12.815643,13.422867,13.819221,13.366112,13.195625,13.950951,13.725006,14.120049,13.932144,14.195114,13.950951,14.007355,14.532082,14.569450,14.476006,14.644127,14.195114,14.513397,14.382469,14.213860,14.157593,14.401184,13.781540,14.382469,14.082504,14.401184,14.382469,14.513397,13.781540,14.345024,13.649567,14.401184,14.082504,14.063721,14.026146,14.026146,13.969765,14.476006,14.401184,14.176346,14.082504,14.476006,14.476006,14.044937,13.894524,13.969765,14.326302,14.251350,14.120049,13.988556,14.401184,14.176346,14.157593,14.326302,13.668427,13.950951,14.232613,14.382469,14.157593,13.932144,14.251350,14.082504,13.932144,13.819221,14.063721,14.044937,13.894524,14.195114,13.969765,13.913338,13.441788,13.781540,13.611824,13.630692,13.819221,13.687294,13.988556,14.213860,13.441788,14.270103,13.743858,13.875710,14.288834,14.476006,14.867805,14.700096,15.239365,15.313492,15.461563,15.904274,15.756950,15.701637,16.253181,15.941071,16.143143,15.738518,16.399666,16.691910,16.491104,16.673668,16.381371,17.019493,16.710136,16.764816,16.637184,16.637184,16.069710,16.069710,16.655434,16.436256,16.892258,16.253181,16.764816,16.454536,16.491104,16.746590,16.564171,16.691910,16.582436,17.110275,16.819458,17.037659,17.237198,16.746590,17.616829,17.237198,17.291534,17.092117,17.291534,17.382019,17.309639,17.797005,17.508537,17.255310,17.255310,17.400101,17.580750,17.761002,17.958839,17.724983,17.850990,17.833000,17.958839,17.562698,17.309639,18.012718,17.724983,17.382019,17.742996,17.291534,17.526596,17.544655,17.472412,17.418190,17.309639,17.761002,17.055817,16.946808,17.092117,17.706970,17.055817,17.255310,16.527649,16.783035,16.892258,16.381371,16.436256,16.014603,15.904274,15.517014,15.165176,15.369041,14.905037,14.737404,14.625465,14.849190,14.345024,14.867805,14.923637,14.494698,14.774681,14.737404,13.913338,15.072350,14.606796,14.644127,14.998024,14.606796,14.382469,14.923637,14.550774,14.476006,14.157593,14.905037,14.063721,14.700096,14.569450,14.774681,14.588127,13.988556,14.251350,14.382469,14.401184,14.326302,14.326302,14.157593,14.251350,14.157593,14.345024,14.326302,14.419891,13.950951,14.157593,14.326302,14.419891,13.913338,13.913338,13.743858,13.969765,13.574066,13.100769,
11.955025,12.986824,13.290382,13.176659,13.649567,13.422867,13.460693,14.063721,13.441788,13.611824,13.517403,13.856880,13.819221,13.536285,13.555183,13.366112,13.649567,13.668427,13.441788,13.555183,13.762703,13.555183,13.460693,13.856880,13.366112,13.668427,13.328255,14.026146,13.611824,13.630692,13.611824,13.024826,13.536285,13.743858,13.422867,13.536285,13.422867,13.441788,13.838051,13.668427,13.328255,13.498497,13.252487,13.687294,13.969765,14.138817,13.819221,13.781540,13.611824,13.913338,13.403954,13.706154,13.932144,13.347183,13.574066,14.176346,13.271439,14.176346,13.630692,13.875710,13.422867,13.517403,13.517403,14.326302,13.838051,14.101280,13.819221,13.479599,13.460693,13.290382,13.574066,13.233543,13.328255,12.986824,13.441788,13.043808,12.815643,13.422867,13.081795,13.347183,12.739456,12.910774,13.081795,13.309326,13.138725,13.290382,13.555183,13.479599,13.157700,13.555183,13.687294,13.762703,13.630692,13.819221,14.082504,13.988556,14.120049,13.781540,13.913338,13.819221,14.120049,13.725006,14.082504,14.232613,14.120049,13.781540,13.950951,13.536285,13.988556,14.345024,13.781540,13.950951,14.007355,13.875710,14.157593,13.969765,13.630692,14.082504,14.101280,14.120049,13.706154,13.725006,13.988556,13.517403,13.366112,14.007355,13.988556,14.120049,14.345024,14.082504,14.176346,13.969765,14.082504,14.345024,14.082504,14.476006,14.138817,13.969765,13.668427,13.838051,14.138817,13.800392,14.101280,14.082504,14.195114,13.969765,14.232613,14.288834,14.120049,14.438606,14.157593,14.251350,13.781540,13.819221,14.138817,13.762703,13.894524,13.536285,14.007355,13.894524,14.082504,14.120049,14.251350,14.532082,14.774681,15.276436,15.332008,15.239365,16.106438,16.253181,16.344765,15.922668,16.271500,16.436256,17.019493,16.344765,16.289825,16.600693,16.691910,17.327736,16.910439,17.128418,16.964989,17.092117,17.182823,17.128418,17.146553,17.562698,16.892258,17.400101,17.037659,16.964989,17.237198,17.436272,17.164696,16.892258,17.345833,17.255310,17.273430,17.363930,17.490471,17.598785,17.779015,17.779015,18.084496,17.868965,17.850990,18.245766,18.156204,18.585213,18.317345,18.048607,18.905502,18.388855,18.478165,18.281563,18.603035,18.692123,18.941017,18.674309,18.816666,19.029732,18.994255,19.171471,18.745514,19.082909,18.869980,19.100624,19.100624,18.923264,18.816666,18.798882,18.798882,19.136055,19.171471,19.118340,18.958771,18.603035,19.224541,18.941017,18.816666,18.958771,18.852211,18.781090,18.496017,18.638680,18.994255,18.798882,18.905502,18.567383,19.082909,19.153755,19.047462,19.047462,18.994255,18.603035,18.994255,19.242241,18.958771,19.047462,19.277603,18.923264,19.418907,18.941017,19.630394,18.887749,18.834435,19.189156,18.852211,18.745514,19.171471,18.994255,18.869980,18.923264,18.923264,18.656494,18.816666,18.709923,18.674309,18.370995,18.620857,18.549545,18.424599,18.692123,18.460312,18.585213,18.585213,18.424599,18.406731,18.227867,18.245766,18.335236,18.209953,18.102425,18.138290,17.634865,17.761002,18.816666,18.406731,17.994759,17.940880,17.958839,18.245766,17.886955,17.868965,17.904930,18.084496,17.779015,18.138290,18.012718,18.030663,18.156204,18.227867,18.102425,17.761002,18.406731,18.442459,17.850990,18.192039,18.102425,18.156204,17.940880,18.496017,17.850990,18.048607,17.508537,17.940880,17.580750,17.634865,17.037659,16.600693,16.161499,16.399666,16.088081,15.812218,15.720085,15.257896,14.793312,14.774681,14.307571,14.662788,14.457298,14.232613,14.251350,14.270103,14.681450,14.700096,14.625465,14.662788,14.942238,14.662788,14.644127,14.793312,15.035194,14.345024,14.457298,14.681450,14.718750,14.101280,14.681450,14.345024,14.213860,14.662788,14.476006,14.288834,14.718750,14.457298,14.120049,14.457298,14.606796,14.345024,14.606796,14.270103,14.326302,14.476006,14.363747,14.288834,14.363747,14.382469,14.195114,14.063721,14.606796,14.326302,14.588127,14.438606,14.494698,14.176346,14.438606,14.288834,14.382469,14.382469,14.195114,14.307571,14.176346,14.401184,14.419891,14.382469,14.532082,14.756035,14.700096,14.213860,14.157593,14.270103,14.026146,14.232613,13.875710,13.687294,13.932144,13.875710,14.382469,13.706154,13.781540,13.687294,13.460693,13.838051,13.592949,13.119759,12.967819,13.479599,13.743858,13.630692,13.347183,13.630692,13.536285,13.687294,13.743858,13.649567,13.819221,14.026146,14.101280,14.063721,14.307571,14.625465,14.644127,14.606796,14.251350,14.588127,14.401184,14.606796,14.251350,14.606796,14.044937,13.838051,14.157593,14.101280,14.326302,14.063721,13.838051,14.270103,14.195114,14.138817,13.932144,14.550774,14.138817,13.800392,14.195114,14.793312,13.725006,14.195114,14.157593,14.438606,14.270103,14.195114,14.288834,14.176346,13.875710,14.026146,13.988556,14.569450,13.630692,14.007355,14.195114,13.932144,14.307571,14.401184,13.913338,13.555183,13.574066,13.969765,14.138817,13.819221,14.101280,14.138817,13.611824,13.781540,14.138817,13.781540,14.044937,13.913338,13.385033,13.422867,13.649567,13.366112,13.441788,13.555183,13.875710,13.668427,13.856880,13.762703,14.213860,13.706154,14.363747,14.606796,14.718750,14.345024,15.220818,15.332008,15.535500,15.756950,15.849052,16.124794,15.775375,16.161499,15.664742,16.363075,16.545914,15.701637,16.454536,16.673668,16.271500,16.837654,16.124794,16.545914,16.454536,16.637184,16.728371,16.271500,16.454536,16.436256,16.673668,16.216530,16.491104,16.106438,16.106438,17.001335,16.582436,16.014603,16.801247,17.092117,16.874062,16.928627,17.037659,17.001335,17.526596,17.598785,17.219078,17.850990,17.345833,17.200951,17.436272,17.616829,17.490471,17.382019,17.327736,17.580750,17.797005,18.227867,17.544655,17.562698,17.634865,17.508537,17.472412,17.436272,17.436272,17.454338,17.237198,17.958839,17.508537,17.833000,17.291534,17.363930,17.182823,17.037659,17.508537,17.291534,17.436272,16.892258,17.580750,17.219078,16.892258,17.182823,16.728371,16.892258,16.509377,16.051353,16.381371,16.234848,15.904274,15.535500,15.387550,15.146614,15.072350,15.165176,14.774681,14.419891,14.213860,14.176346,14.849190,14.979439,14.700096,14.979439,14.569450,14.513397,14.662788,14.867805,14.345024,14.756035,14.382469,14.625465,14.662788,14.457298,14.438606,14.157593,13.894524,14.569450,14.718750,14.569450,14.737404,14.476006,14.063721,13.838051,14.438606,13.932144,14.457298,14.063721,14.270103,14.662788,13.894524,14.606796,14.345024,13.781540,14.213860,14.401184,14.345024,14.830566,14.063721,13.856880,13.781540,13.536285,12.891754,
11.685669,13.081795,13.498497,13.403954,13.347183,13.743858,13.536285,13.385033,13.460693,13.592949,13.668427,13.668427,13.385033,13.347183,13.214584,13.422867,13.214584,13.838051,13.800392,13.781540,14.101280,13.536285,13.366112,13.706154,13.762703,13.875710,13.555183,13.574066,13.969765,13.271439,13.630692,13.441788,13.781540,13.498497,13.403954,13.687294,13.819221,13.574066,13.592949,13.138725,14.026146,13.157700,13.328255,13.498497,13.555183,13.574066,13.422867,13.781540,13.441788,13.875710,13.592949,13.517403,13.555183,13.592949,14.138817,13.894524,14.026146,13.630692,13.856880,14.157593,13.176659,13.875710,13.498497,13.932144,14.044937,13.856880,13.347183,13.592949,13.781540,13.290382,13.233543,13.081795,13.214584,12.796600,13.271439,13.043808,13.157700,13.233543,13.233543,13.100769,12.758507,13.176659,13.932144,13.024826,13.781540,13.157700,13.517403,13.233543,13.460693,14.082504,13.422867,13.668427,14.494698,13.913338,13.950951,14.532082,13.856880,14.232613,13.725006,14.251350,14.120049,13.969765,13.932144,13.687294,13.894524,14.232613,14.345024,13.932144,13.422867,13.649567,13.555183,13.706154,14.044937,14.195114,14.176346,14.120049,13.950951,14.026146,13.668427,14.232613,14.326302,13.441788,13.743858,13.932144,13.555183,13.706154,14.363747,14.007355,14.101280,13.913338,13.781540,13.894524,14.345024,13.781540,14.157593,13.800392,14.232613,14.026146,14.101280,14.120049,13.819221,14.288834,14.494698,14.138817,14.288834,14.345024,14.326302,14.026146,14.176346,14.120049,14.363747,13.781540,14.101280,14.007355,14.082504,13.969765,13.819221,13.988556,13.725006,13.403954,13.875710,14.345024,14.588127,14.288834,14.979439,15.220818,15.109489,15.498535,15.646294,15.996223,16.289825,16.088081,16.509377,16.363075,16.710136,16.855865,16.874062,17.128418,16.983162,16.618950,17.110275,17.436272,17.200951,17.363930,17.345833,17.182823,17.436272,17.291534,17.273430,17.255310,17.146553,16.946808,17.454338,17.128418,17.327736,17.345833,17.327736,17.706970,17.164696,17.400101,17.219078,17.508537,17.994759,18.048607,18.030663,17.940880,18.227867,18.227867,18.102425,18.299454,18.763306,18.048607,18.567383,18.692123,18.638680,18.531708,18.816666,18.496017,18.816666,18.816666,18.549545,18.798882,18.834435,19.224541,18.816666,18.887749,19.047462,18.709923,18.994255,18.852211,19.065178,19.330627,19.206863,18.923264,19.489464,18.763306,18.887749,18.620857,18.852211,18.941017,18.709923,19.171471,18.763306,18.585213,19.065178,18.763306,18.763306,18.692123,18.781090,18.549545,19.153755,19.118340,19.118340,18.887749,18.923264,18.388855,18.869980,19.065178,18.958771,18.781090,19.082909,18.763306,19.348289,18.941017,19.118340,19.242241,19.153755,19.171471,19.277603,18.905502,19.011993,18.763306,18.549545,18.656494,18.674309,18.816666,18.460312,18.424599,18.370995,18.424599,18.353111,18.192039,18.478165,18.496017,18.227867,18.531708,18.299454,18.585213,18.192039,17.940880,18.120361,18.209953,18.084496,18.531708,18.299454,18.030663,18.192039,18.084496,17.670921,17.815002,17.868965,17.742996,17.922905,17.904930,17.724983,18.370995,18.048607,17.598785,18.120361,17.779015,18.102425,17.922905,18.299454,17.958839,18.317345,17.815002,18.317345,18.460312,18.370995,17.815002,18.066551,18.263664,18.174133,17.976807,18.012718,17.724983,17.797005,17.382019,17.092117,16.928627,16.855865,16.819458,16.472824,15.977844,15.756950,15.646294,15.313492,15.016617,14.681450,14.494698,14.232613,14.532082,14.363747,14.195114,14.625465,14.494698,14.438606,15.165176,14.606796,14.681450,15.090919,14.270103,14.213860,14.737404,14.662788,14.270103,14.438606,14.569450,14.625465,14.569450,14.476006,14.307571,14.101280,14.569450,14.457298,14.569450,14.363747,14.176346,14.438606,14.401184,14.195114,14.513397,14.101280,14.101280,14.326302,14.363747,14.213860,14.082504,14.195114,14.419891,14.044937,14.419891,14.569450,14.326302,14.700096,14.138817,14.326302,14.270103,14.157593,14.213860,13.913338,14.476006,14.270103,14.625465,14.326302,14.363747,13.950951,14.756035,14.251350,14.737404,14.681450,14.082504,14.288834,14.550774,14.270103,14.326302,13.913338,14.232613,14.101280,13.932144,13.687294,13.592949,13.460693,13.403954,13.479599,13.555183,13.630692,13.649567,13.024826,13.687294,13.290382,13.706154,13.366112,13.725006,13.800392,13.668427,13.762703,14.007355,14.288834,14.138817,14.101280,14.588127,14.625465,14.120049,14.793312,14.288834,14.232613,14.513397,14.176346,14.345024,14.288834,14.138817,14.774681,14.476006,14.457298,14.101280,13.441788,14.195114,14.120049,14.307571,13.894524,14.007355,13.894524,14.195114,14.044937,13.932144,13.913338,14.363747,14.101280,13.743858,14.157593,14.438606,14.606796,13.800392,13.894524,14.138817,13.913338,14.326302,14.401184,14.120049,14.176346,14.307571,14.251350,14.213860,14.345024,13.800392,13.762703,13.800392,14.101280,14.213860,14.026146,13.838051,13.819221,14.363747,13.988556,14.007355,14.026146,14.007355,14.120049,14.419891,13.630692,14.044937,13.479599,13.460693,13.403954,13.328255,13.517403,14.382469,13.950951,14.120049,14.606796,14.138817,14.195114,14.849190,14.700096,15.035194,15.053780,15.294960,15.885872,15.517014,16.106438,16.216530,15.922668,16.032974,16.106438,16.014603,16.032974,16.491104,16.764816,16.198189,16.874062,16.564171,16.673668,16.618950,16.655434,16.837654,16.399666,16.892258,16.216530,16.454536,16.088081,16.618950,16.892258,16.271500,16.728371,16.764816,17.110275,16.764816,16.746590,17.001335,17.164696,17.128418,17.073982,17.400101,16.928627,17.544655,17.200951,17.400101,17.634865,17.634865,17.327736,17.454338,17.544655,17.382019,17.436272,17.670921,17.562698,17.580750,17.472412,17.400101,17.436272,17.490471,17.526596,17.508537,17.634865,17.544655,17.345833,17.526596,17.436272,17.562698,17.472412,17.273430,17.363930,17.418190,17.544655,17.019493,17.454338,17.164696,17.291534,17.128418,16.983162,16.710136,16.728371,16.509377,16.855865,16.363075,16.527649,15.996223,15.922668,15.387550,14.923637,14.774681,15.165176,14.382469,14.830566,14.401184,14.401184,14.513397,14.718750,14.849190,14.457298,15.053780,14.382469,15.016617,14.438606,14.644127,14.718750,14.476006,14.718750,14.718750,14.644127,14.270103,14.457298,14.494698,14.494698,14.811943,14.213860,14.476006,14.307571,14.494698,14.288834,14.662788,14.419891,14.662788,14.101280,14.550774,14.363747,14.532082,14.063721,14.026146,13.800392,13.592949,13.969765,14.195114,13.762703,14.157593,14.737404,13.441788,13.800392,12.529640,
12.663208,12.929794,13.517403,13.138725,13.649567,13.460693,12.853714,13.347183,13.328255,13.498497,13.347183,13.725006,13.649567,14.007355,13.630692,14.007355,13.894524,13.517403,13.819221,14.345024,13.611824,13.762703,13.385033,13.290382,13.781540,13.517403,13.611824,13.347183,13.668427,13.385033,13.950951,13.536285,13.385033,13.422867,13.290382,13.328255,13.743858,13.460693,13.611824,13.536285,13.913338,13.725006,13.517403,13.574066,13.950951,13.592949,13.611824,13.706154,13.838051,13.649567,13.138725,13.574066,13.517403,13.838051,14.232613,13.536285,13.819221,13.574066,13.574066,13.479599,14.082504,14.232613,14.232613,13.195625,13.725006,13.385033,13.762703,13.176659,13.441788,13.157700,13.043808,13.649567,12.872734,13.309326,12.777557,12.567825,12.948814,12.948814,13.043808,13.005829,12.872734,12.796600,13.024826,13.100769,13.366112,13.290382,13.479599,13.347183,13.479599,13.894524,13.856880,13.649567,13.781540,13.687294,13.819221,13.875710,14.251350,14.213860,13.932144,14.101280,14.044937,13.932144,13.913338,14.363747,14.307571,13.555183,14.082504,13.950951,13.630692,13.743858,13.649567,13.687294,14.157593,13.800392,13.687294,13.819221,13.479599,13.950951,13.781540,13.668427,13.687294,13.838051,13.969765,13.649567,14.120049,13.687294,13.988556,13.856880,13.819221,13.592949,14.007355,14.532082,14.101280,13.950951,14.251350,14.588127,14.157593,13.781540,14.326302,14.026146,14.288834,14.101280,13.819221,14.513397,14.251350,14.176346,13.950951,13.950951,14.120049,13.875710,14.157593,14.307571,14.063721,13.725006,13.781540,14.326302,13.913338,13.800392,13.555183,13.706154,14.007355,14.532082,14.457298,14.700096,15.016617,15.517014,15.332008,15.572441,15.793800,15.941071,16.069710,16.088081,16.618950,16.454536,16.637184,16.673668,16.637184,16.910439,17.037659,16.983162,16.874062,17.219078,17.490471,17.037659,17.073982,17.219078,17.454338,17.436272,17.363930,17.073982,17.580750,17.019493,17.291534,16.892258,17.490471,17.309639,17.508537,17.382019,17.562698,17.454338,17.544655,17.724983,17.779015,17.779015,17.994759,17.598785,18.335236,17.976807,18.335236,18.567383,18.424599,18.192039,18.674309,18.353111,18.887749,18.317345,18.798882,18.460312,18.869980,18.424599,18.976524,18.709923,19.100624,19.065178,18.406731,18.905502,18.958771,18.834435,18.887749,18.941017,18.852211,19.100624,19.242241,19.047462,19.082909,19.436554,19.224541,18.638680,18.674309,18.816666,19.047462,18.958771,18.709923,18.709923,18.798882,18.745514,18.745514,19.277603,18.923264,18.531708,19.189156,18.513863,18.976524,18.976524,18.709923,18.745514,19.011993,19.118340,18.781090,18.869980,18.745514,19.735939,19.011993,18.941017,18.798882,18.869980,18.923264,19.277603,19.312950,18.478165,18.798882,18.816666,18.923264,18.674309,18.798882,18.353111,18.549545,18.567383,18.549545,18.567383,18.656494,18.923264,18.496017,18.869980,18.763306,18.478165,18.281563,18.531708,18.353111,18.209953,18.299454,18.549545,18.209953,17.958839,18.192039,18.138290,18.084496,17.761002,17.922905,17.815002,17.994759,17.850990,18.263664,17.706970,18.209953,18.084496,17.815002,17.922905,18.174133,18.227867,18.066551,18.174133,18.120361,18.192039,18.227867,18.174133,17.994759,18.066551,18.066551,18.012718,18.174133,17.850990,18.299454,17.815002,17.652901,17.345833,17.688942,17.526596,17.019493,16.618950,16.874062,16.764816,15.922668,16.198189,15.627831,15.443062,15.406059,15.128059,14.662788,15.053780,14.251350,14.288834,14.251350,14.476006,14.793312,14.662788,15.146614,14.718750,14.681450,14.644127,14.718750,14.494698,14.662788,14.681450,14.681450,14.625465,14.419891,14.756035,14.345024,14.476006,14.176346,14.532082,14.401184,14.251350,14.476006,14.494698,14.213860,14.606796,14.270103,14.793312,14.138817,14.251350,14.232613,14.195114,14.588127,14.251350,14.026146,14.082504,14.382469,14.044937,14.307571,14.625465,14.326302,14.419891,14.438606,14.382469,13.894524,14.288834,14.532082,14.681450,14.082504,14.251350,14.718750,14.195114,14.550774,14.082504,14.270103,14.007355,14.157593,14.120049,14.082504,13.950951,14.326302,14.532082,14.213860,14.232613,14.120049,13.913338,13.988556,13.819221,13.838051,13.611824,13.725006,13.309326,13.630692,13.062805,13.252487,13.176659,13.328255,13.932144,13.460693,13.498497,13.347183,13.668427,13.403954,13.725006,13.536285,14.307571,13.725006,14.101280,14.213860,14.345024,14.044937,14.382469,14.550774,14.138817,14.026146,14.007355,13.838051,14.138817,14.606796,13.819221,14.382469,14.195114,14.270103,13.988556,14.176346,13.932144,13.781540,13.988556,13.819221,14.232613,14.007355,13.706154,14.044937,13.950951,13.743858,13.819221,13.950951,14.101280,13.762703,13.856880,13.781540,13.630692,14.232613,14.157593,14.232613,14.251350,14.082504,13.932144,14.419891,13.762703,13.932144,14.307571,14.195114,14.251350,14.063721,13.913338,14.213860,14.270103,14.345024,13.988556,14.251350,14.063721,14.026146,13.932144,14.345024,13.856880,14.251350,14.157593,13.932144,13.592949,13.875710,13.385033,13.555183,13.403954,13.932144,13.498497,13.743858,13.800392,13.875710,14.138817,14.176346,14.644127,14.960838,15.090919,15.294960,15.406059,15.535500,16.216530,16.234848,15.720085,15.885872,16.014603,16.289825,16.198189,16.472824,16.143143,16.801247,16.088081,15.996223,16.344765,16.855865,16.545914,16.527649,16.326462,16.600693,16.253181,16.764816,16.253181,16.271500,16.326462,16.344765,16.106438,16.983162,16.928627,16.710136,16.874062,16.819458,16.655434,16.928627,17.182823,17.219078,17.182823,17.255310,17.219078,17.327736,17.436272,17.363930,17.670921,17.779015,17.327736,17.742996,17.400101,17.742996,17.436272,17.382019,17.652901,17.922905,17.327736,17.436272,17.526596,17.598785,17.562698,17.273430,17.670921,17.200951,17.418190,17.994759,17.309639,16.837654,17.291534,17.652901,16.983162,16.855865,16.764816,17.526596,17.598785,17.255310,16.472824,16.801247,16.837654,16.928627,16.855865,16.289825,15.885872,16.582436,16.253181,15.627831,15.128059,15.090919,15.350533,15.387550,14.662788,15.165176,14.438606,14.849190,14.960838,14.849190,14.382469,14.606796,14.494698,14.606796,14.923637,14.811943,14.550774,14.830566,14.251350,14.382469,14.569450,14.307571,14.345024,14.644127,14.532082,14.681450,14.345024,14.157593,14.569450,14.438606,14.419891,14.120049,14.382469,14.345024,14.251350,14.681450,14.550774,13.969765,14.251350,14.457298,13.800392,13.762703,14.157593,14.644127,14.138817,13.592949,13.988556,14.326302,13.894524,13.725006,13.290382,
11.955025,13.385033,12.986824,13.592949,13.328255,13.441788,13.081795,13.932144,13.517403,13.005829,13.800392,13.403954,13.592949,13.743858,13.781540,13.366112,14.138817,13.498497,13.819221,13.743858,13.422867,13.366112,14.120049,13.043808,13.743858,13.706154,13.950951,13.366112,13.969765,13.290382,13.875710,13.328255,13.611824,13.781540,13.366112,13.195625,13.460693,13.574066,13.460693,13.347183,13.517403,13.347183,13.422867,13.441788,13.592949,13.385033,13.403954,13.800392,13.894524,13.668427,13.856880,13.856880,13.555183,13.119759,13.574066,13.781540,13.725006,13.422867,13.517403,13.969765,14.082504,13.932144,13.649567,13.687294,13.668427,13.309326,13.422867,13.517403,13.479599,12.967819,13.024826,13.271439,13.233543,13.555183,12.891754,13.403954,12.625069,13.555183,12.777557,13.441788,13.138725,12.891754,13.422867,13.138725,13.157700,13.743858,13.233543,14.044937,13.743858,13.800392,14.138817,13.517403,13.290382,13.498497,14.176346,14.007355,14.457298,13.969765,13.969765,14.138817,13.894524,13.725006,13.725006,13.762703,13.969765,13.894524,14.438606,13.894524,13.762703,13.706154,13.950951,13.894524,13.630692,14.101280,14.195114,13.800392,13.460693,13.988556,13.875710,14.288834,13.043808,13.950951,14.307571,13.574066,13.950951,13.950951,14.195114,13.950951,13.649567,13.517403,14.007355,14.401184,14.044937,13.894524,14.007355,14.345024,14.063721,14.044937,14.232613,14.063721,14.044937,14.176346,14.476006,14.345024,14.476006,14.326302,14.401184,14.476006,14.138817,14.082504,14.288834,14.251350,13.875710,14.195114,13.441788,13.913338,13.913338,13.932144,14.044937,14.213860,13.819221,14.138817,14.681450,14.569450,15.276436,15.276436,15.553970,15.257896,16.179840,16.014603,16.545914,16.143143,16.179840,16.472824,16.710136,16.491104,16.582436,16.874062,17.526596,16.491104,17.073982,17.164696,17.055817,17.544655,17.472412,17.580750,17.092117,17.436272,16.928627,17.255310,17.291534,17.001335,17.327736,16.783035,17.580750,17.092117,17.255310,17.382019,17.418190,17.327736,17.797005,18.084496,17.886955,17.868965,18.120361,17.761002,17.976807,18.012718,18.585213,18.030663,18.174133,18.460312,18.496017,18.281563,18.549545,18.585213,18.567383,18.549545,18.798882,18.763306,18.424599,19.029732,18.496017,18.905502,19.118340,18.976524,18.263664,18.869980,18.531708,18.887749,18.852211,18.763306,19.224541,18.923264,18.834435,19.011993,18.941017,19.171471,18.887749,18.798882,18.692123,19.029732,18.852211,18.478165,18.852211,19.136055,18.905502,18.763306,19.047462,18.798882,19.065178,18.923264,18.976524,18.638680,19.029732,18.727722,19.171471,19.100624,18.905502,18.905502,18.976524,19.136055,19.259926,19.136055,19.082909,18.994255,19.312950,19.436554,18.887749,18.727722,18.798882,18.460312,18.692123,19.011993,18.674309,18.727722,18.905502,18.442459,18.692123,18.299454,18.442459,18.353111,18.317345,18.567383,18.531708,18.156204,18.209953,18.084496,18.406731,18.406731,18.120361,18.012718,18.102425,18.353111,17.958839,18.174133,18.174133,17.797005,18.084496,17.958839,17.616829,17.850990,18.138290,18.138290,17.868965,17.904930,17.958839,17.724983,18.245766,17.940880,18.030663,17.976807,18.370995,18.263664,17.958839,17.994759,18.227867,17.868965,18.388855,18.281563,17.833000,18.102425,18.066551,17.940880,17.742996,17.580750,17.652901,17.219078,16.946808,16.454536,16.436256,16.545914,16.234848,15.996223,15.461563,15.443062,14.979439,14.793312,14.681450,14.569450,14.082504,14.345024,14.737404,14.345024,14.213860,14.382469,14.438606,14.476006,14.811943,14.550774,14.401184,14.606796,14.905037,14.401184,14.401184,14.438606,14.737404,14.363747,14.270103,15.090919,14.307571,14.774681,14.588127,14.681450,14.382469,14.138817,14.457298,14.232613,14.138817,14.251350,14.288834,14.363747,14.569450,14.195114,14.737404,14.195114,14.419891,14.382469,14.419891,13.725006,14.251350,14.307571,13.969765,14.363747,14.345024,14.157593,14.401184,14.419891,14.307571,14.382469,14.625465,14.886414,14.232613,14.513397,14.700096,14.476006,13.988556,14.288834,14.176346,14.326302,14.494698,14.232613,14.270103,14.382469,14.063721,14.195114,14.026146,13.969765,13.932144,13.706154,13.913338,13.838051,14.044937,13.100769,13.838051,13.441788,13.460693,13.309326,13.138725,13.649567,13.252487,13.328255,13.630692,13.536285,13.536285,13.479599,13.441788,13.894524,14.213860,14.195114,13.932144,14.363747,14.363747,14.457298,14.157593,14.195114,14.457298,14.457298,14.120049,13.950951,14.307571,14.157593,14.176346,14.176346,13.950951,14.606796,14.251350,13.856880,13.592949,14.345024,14.345024,14.063721,14.345024,14.044937,13.668427,14.195114,14.307571,13.856880,14.326302,13.988556,14.419891,13.762703,13.819221,13.950951,13.555183,13.969765,14.307571,14.532082,14.307571,14.494698,14.307571,13.725006,14.138817,14.419891,14.270103,13.913338,14.326302,14.625465,14.401184,13.932144,13.819221,14.438606,13.950951,13.932144,13.649567,13.988556,13.969765,13.988556,13.611824,14.082504,13.517403,13.725006,13.800392,13.706154,13.932144,13.706154,13.969765,13.725006,14.157593,14.026146,14.044937,14.082504,14.886414,14.644127,15.294960,14.886414,15.109489,16.032974,15.664742,16.032974,16.198189,16.051353,16.545914,15.664742,16.088081,16.491104,16.472824,16.436256,16.326462,16.764816,16.582436,16.855865,16.234848,16.271500,17.073982,16.728371,16.527649,16.582436,15.941071,16.417961,16.491104,16.582436,16.253181,16.691910,16.564171,16.655434,16.910439,16.746590,17.382019,16.983162,17.219078,17.092117,17.345833,17.472412,16.728371,16.910439,17.291534,17.454338,17.526596,17.472412,17.562698,17.544655,17.327736,17.815002,17.472412,17.273430,17.490471,17.309639,16.983162,17.562698,18.102425,17.363930,17.562698,17.400101,17.273430,17.761002,17.779015,17.544655,17.345833,17.273430,17.219078,17.454338,17.327736,17.363930,17.110275,17.237198,17.073982,16.946808,16.983162,17.219078,16.946808,16.783035,16.582436,16.618950,16.399666,15.830643,16.509377,15.867470,15.885872,15.572441,15.332008,15.016617,14.419891,14.382469,14.494698,14.438606,14.326302,14.942238,14.606796,15.165176,15.239365,14.476006,14.867805,14.700096,14.700096,15.090919,14.942238,14.644127,15.053780,14.401184,14.606796,14.662788,14.756035,14.588127,14.363747,14.756035,14.157593,14.307571,14.662788,14.345024,14.569450,14.345024,14.700096,14.569450,14.644127,14.063721,14.494698,14.251350,13.856880,14.307571,14.326302,14.007355,14.007355,14.044937,14.288834,13.687294,14.307571,13.969765,13.157700,13.536285,
12.605988,13.081795,12.815643,13.176659,13.062805,13.157700,13.706154,13.290382,13.498497,13.517403,13.422867,13.706154,13.706154,13.611824,13.233543,13.781540,13.574066,13.969765,13.969765,13.441788,14.026146,13.932144,13.762703,13.555183,13.536285,13.479599,13.592949,13.157700,14.044937,13.441788,13.385033,13.309326,13.781540,13.668427,13.592949,13.498497,14.044937,13.347183,13.819221,13.706154,12.967819,13.233543,13.611824,13.649567,13.800392,13.403954,13.649567,13.347183,13.913338,13.819221,13.271439,13.856880,13.176659,13.743858,13.555183,14.082504,13.894524,13.271439,14.007355,13.574066,13.517403,13.725006,13.611824,13.574066,13.592949,13.649567,13.385033,13.498497,13.252487,13.100769,13.100769,13.574066,13.441788,13.441788,13.592949,13.138725,13.214584,12.986824,12.758507,12.853714,13.024826,12.682281,13.422867,13.024826,13.422867,13.271439,13.649567,13.309326,13.214584,13.611824,13.781540,14.082504,13.479599,14.176346,13.762703,14.120049,13.725006,14.044937,13.781540,14.288834,13.630692,13.611824,13.969765,13.725006,13.725006,13.913338,14.044937,13.856880,13.422867,13.800392,14.195114,13.328255,13.988556,13.969765,13.781540,13.875710,13.819221,13.668427,14.120049,13.536285,13.649567,14.157593,14.082504,13.819221,13.894524,14.026146,13.611824,13.875710,13.875710,13.536285,14.251350,14.345024,14.120049,13.441788,14.288834,14.101280,14.382469,14.007355,14.232613,14.138817,13.988556,14.195114,14.063721,14.345024,14.026146,14.044937,14.494698,14.532082,14.176346,13.932144,14.195114,14.157593,13.969765,14.288834,14.270103,13.536285,13.762703,13.969765,13.668427,13.668427,14.138817,14.326302,14.476006,14.793312,15.146614,15.239365,15.183723,15.609375,15.720085,16.326462,16.381371,16.032974,16.582436,16.582436,16.801247,16.673668,16.983162,16.855865,17.164696,17.019493,17.219078,17.363930,17.073982,16.983162,17.037659,17.309639,17.273430,16.983162,17.092117,17.454338,17.580750,17.164696,17.724983,17.436272,17.291534,17.544655,17.490471,17.580750,17.508537,17.742996,17.706970,17.544655,18.156204,18.120361,18.048607,17.724983,17.976807,18.263664,17.994759,18.460312,18.370995,18.209953,18.798882,18.335236,18.513863,18.496017,18.567383,18.620857,18.674309,18.281563,18.727722,18.478165,18.603035,18.656494,18.834435,18.976524,18.852211,18.958771,19.029732,18.887749,18.638680,18.816666,19.082909,19.047462,19.082909,18.763306,19.065178,18.976524,19.224541,18.923264,19.171471,18.941017,19.118340,19.118340,19.348289,19.136055,19.312950,19.118340,18.781090,18.905502,18.798882,18.887749,19.171471,18.460312,18.549545,18.709923,19.011993,18.727722,19.171471,18.798882,19.189156,19.118340,19.082909,19.171471,19.277603,18.798882,19.011993,19.136055,19.330627,19.065178,19.065178,18.887749,18.513863,18.763306,19.118340,18.834435,18.994255,18.585213,18.585213,18.531708,18.513863,18.066551,18.513863,18.335236,18.388855,18.549545,18.281563,18.656494,18.709923,17.976807,18.263664,18.012718,18.138290,18.460312,18.209953,17.940880,18.012718,17.940880,18.442459,17.922905,18.048607,18.066551,18.084496,17.616829,18.174133,17.508537,18.066551,18.156204,17.976807,18.174133,18.066551,17.994759,18.102425,18.317345,17.976807,17.886955,18.048607,18.030663,17.868965,17.904930,18.120361,17.724983,18.120361,18.084496,17.706970,17.544655,17.436272,17.418190,17.055817,17.182823,16.582436,16.271500,16.234848,15.332008,15.590912,15.294960,14.979439,14.979439,14.700096,14.811943,14.288834,14.625465,14.044937,14.288834,14.606796,14.756035,14.756035,15.072350,14.811943,14.700096,14.923637,14.662788,14.756035,14.550774,14.569450,14.513397,14.644127,14.662788,14.513397,14.307571,14.606796,14.513397,14.644127,14.476006,14.326302,14.401184,14.438606,14.138817,14.419891,14.326302,14.532082,14.550774,14.120049,14.476006,14.662788,14.307571,14.756035,14.550774,14.345024,14.251350,14.476006,14.550774,14.849190,14.401184,14.662788,14.588127,14.569450,14.307571,14.625465,14.288834,14.288834,14.569450,14.644127,14.251350,14.588127,14.644127,14.157593,14.737404,14.438606,14.251350,14.550774,14.681450,14.176346,13.875710,14.251350,14.213860,13.894524,14.138817,13.366112,13.762703,13.894524,13.592949,13.781540,13.611824,13.574066,13.536285,13.252487,13.309326,13.498497,13.347183,13.290382,13.366112,13.800392,14.044937,13.422867,13.856880,14.138817,13.611824,14.176346,14.176346,14.213860,14.307571,14.345024,14.251350,14.494698,13.969765,14.382469,14.195114,14.307571,14.288834,14.625465,14.120049,14.606796,14.026146,14.044937,14.232613,14.363747,13.762703,13.988556,14.044937,13.555183,13.838051,14.326302,14.213860,14.195114,14.120049,14.251350,13.969765,14.662788,14.195114,14.063721,14.213860,14.176346,14.401184,14.363747,14.007355,13.743858,14.176346,14.026146,14.494698,14.195114,13.574066,14.213860,13.932144,13.988556,13.932144,14.419891,14.007355,14.195114,13.856880,14.044937,13.668427,14.026146,13.706154,13.894524,13.988556,14.138817,14.195114,13.819221,13.875710,13.498497,13.592949,13.479599,13.668427,13.856880,13.706154,13.611824,14.326302,13.875710,13.969765,14.345024,14.438606,14.363747,15.146614,14.979439,15.090919,15.646294,15.387550,15.720085,15.720085,16.161499,16.253181,15.756950,15.646294,15.867470,16.106438,16.764816,16.344765,16.600693,16.655434,16.655434,16.253181,16.582436,16.710136,16.819458,16.710136,16.491104,16.837654,16.710136,16.582436,16.436256,16.308144,16.216530,16.436256,16.381371,16.582436,16.600693,17.073982,16.837654,16.764816,16.928627,17.073982,17.182823,17.237198,16.819458,17.309639,17.472412,17.110275,17.128418,16.728371,17.309639,17.164696,17.001335,17.363930,17.255310,17.363930,17.670921,17.652901,17.652901,17.400101,17.958839,17.761002,17.508537,17.652901,17.454338,17.345833,17.779015,17.634865,17.526596,17.436272,17.436272,17.237198,17.382019,16.983162,17.490471,16.819458,17.037659,17.255310,17.001335,16.910439,17.309639,16.124794,16.491104,16.545914,16.637184,16.051353,16.545914,16.124794,15.793800,15.313492,14.923637,14.830566,14.419891,14.942238,14.979439,14.438606,15.109489,14.213860,14.700096,14.476006,14.830566,15.165176,14.513397,14.438606,14.718750,14.157593,14.494698,14.830566,14.923637,14.326302,14.120049,14.737404,14.774681,14.401184,13.649567,14.588127,13.950951,13.894524,14.082504,14.532082,14.251350,14.157593,14.867805,14.550774,14.438606,13.913338,13.875710,14.401184,14.251350,13.950951,14.213860,14.606796,13.988556,13.536285,13.969765,13.950951,14.044937,13.875710,13.233543,13.271439,
11.280220,13.195625,13.649567,13.138725,13.214584,13.233543,13.309326,13.176659,13.630692,13.309326,13.592949,13.649567,13.838051,13.385033,13.819221,13.366112,13.574066,13.441788,13.649567,13.479599,13.441788,13.743858,13.932144,13.536285,13.271439,13.347183,13.574066,13.574066,13.252487,13.725006,13.781540,13.932144,13.536285,13.592949,13.043808,13.668427,13.743858,13.403954,13.630692,13.176659,13.762703,13.422867,13.555183,13.781540,13.875710,13.762703,13.800392,13.422867,13.838051,13.781540,13.838051,13.762703,13.687294,13.932144,13.214584,13.517403,13.894524,13.894524,14.026146,13.762703,13.290382,13.762703,13.706154,13.592949,14.007355,13.668427,13.706154,13.630692,13.781540,13.100769,13.328255,12.967819,13.498497,13.176659,13.043808,13.422867,13.366112,12.834679,12.682281,13.460693,12.891754,13.100769,12.815643,13.460693,13.309326,13.555183,13.969765,13.592949,13.479599,13.630692,14.044937,13.649567,14.345024,13.819221,13.969765,14.101280,13.932144,13.838051,14.082504,13.574066,13.668427,13.988556,14.007355,13.706154,14.138817,13.195625,14.082504,13.894524,13.988556,13.932144,13.819221,14.157593,13.781540,13.875710,13.819221,14.176346,13.894524,14.157593,13.668427,13.649567,13.611824,13.536285,13.290382,14.251350,13.988556,14.120049,13.668427,14.326302,14.138817,14.007355,14.157593,13.781540,14.138817,13.988556,14.270103,13.969765,14.101280,14.513397,13.932144,14.138817,14.737404,13.932144,14.494698,13.856880,14.176346,14.082504,14.213860,13.969765,14.382469,14.401184,13.969765,14.270103,13.932144,14.195114,13.969765,14.232613,13.894524,14.363747,13.913338,14.120049,14.737404,14.007355,14.382469,14.662788,15.016617,15.220818,15.276436,15.701637,15.553970,16.271500,15.977844,16.014603,16.032974,16.600693,16.381371,17.092117,16.874062,16.381371,16.983162,17.164696,17.273430,17.309639,17.526596,17.436272,17.598785,17.200951,17.200951,17.055817,17.436272,17.309639,17.273430,17.616829,17.128418,17.400101,17.580750,16.964989,17.273430,17.219078,17.815002,17.652901,17.526596,17.833000,17.652901,17.994759,17.850990,18.209953,18.120361,18.066551,18.209953,18.460312,18.531708,17.958839,18.174133,18.442459,18.424599,18.656494,18.353111,18.513863,18.656494,19.118340,18.478165,18.388855,18.549545,18.531708,19.100624,18.763306,18.852211,19.011993,18.763306,19.224541,19.118340,18.905502,18.460312,19.330627,18.941017,18.994255,18.763306,18.958771,19.011993,18.674309,19.118340,19.312950,19.047462,18.656494,18.852211,18.887749,18.923264,19.277603,19.029732,19.065178,19.153755,18.869980,19.206863,19.047462,18.958771,18.727722,19.153755,18.994255,18.709923,18.976524,19.029732,19.206863,18.941017,19.277603,19.189156,18.709923,19.118340,18.745514,18.905502,19.348289,18.923264,18.958771,18.905502,18.656494,19.065178,18.905502,18.869980,18.549545,18.388855,18.406731,18.620857,18.727722,18.209953,18.638680,18.388855,18.335236,18.030663,18.406731,18.066551,18.388855,18.620857,18.048607,18.513863,17.958839,17.922905,17.904930,18.174133,18.012718,18.084496,17.815002,18.370995,17.850990,17.761002,17.797005,17.976807,18.120361,18.138290,17.779015,18.138290,18.048607,18.066551,18.030663,18.084496,18.192039,18.066551,18.353111,18.030663,18.674309,18.012718,18.478165,18.066551,17.958839,17.886955,17.580750,18.030663,17.815002,17.724983,17.454338,16.928627,17.019493,16.746590,16.600693,16.051353,16.014603,15.572441,15.165176,15.461563,15.165176,15.109489,14.625465,14.756035,14.195114,14.811943,14.550774,14.457298,14.513397,14.213860,14.830566,15.090919,14.700096,14.345024,14.942238,14.681450,14.644127,14.793312,14.606796,14.588127,14.326302,14.644127,14.550774,14.157593,13.856880,14.232613,14.251350,14.644127,14.401184,14.718750,14.251350,14.138817,14.513397,14.213860,14.494698,14.195114,14.513397,14.326302,14.232613,14.644127,14.120049,14.886414,14.345024,14.550774,14.195114,14.345024,14.438606,14.082504,14.606796,14.419891,13.838051,14.270103,14.232613,14.532082,14.120049,14.382469,14.213860,14.307571,14.532082,14.326302,14.569450,14.326302,14.063721,14.157593,14.363747,14.363747,14.569450,14.288834,14.232613,14.044937,14.213860,13.894524,13.781540,13.536285,13.706154,13.969765,13.024826,13.498497,13.706154,13.062805,13.479599,13.687294,13.233543,13.214584,13.649567,13.460693,13.819221,13.706154,13.856880,13.988556,14.044937,13.555183,14.213860,14.438606,14.307571,14.120049,14.082504,14.476006,14.176346,14.382469,14.232613,14.213860,14.044937,14.345024,14.363747,14.382469,14.288834,14.138817,14.120049,14.625465,14.382469,14.345024,14.251350,14.345024,13.950951,14.345024,14.288834,13.611824,14.176346,14.270103,14.138817,13.875710,14.288834,14.251350,14.120049,13.969765,14.026146,13.932144,14.307571,14.082504,14.232613,14.625465,14.251350,13.819221,13.913338,14.476006,13.950951,14.401184,14.382469,13.950951,14.569450,14.326302,13.762703,14.213860,13.950951,14.232613,13.838051,14.157593,14.213860,13.743858,14.007355,13.592949,14.101280,14.345024,13.536285,13.819221,13.725006,13.800392,13.743858,13.743858,13.932144,14.082504,14.662788,14.026146,14.382469,14.494698,14.737404,14.737404,15.146614,15.535500,15.443062,15.793800,15.664742,16.032974,16.124794,15.922668,16.014603,16.106438,16.491104,15.904274,16.819458,16.801247,16.801247,16.655434,16.892258,16.582436,16.637184,16.655434,16.910439,16.564171,16.728371,16.710136,17.055817,16.509377,16.874062,16.417961,16.527649,16.509377,16.691910,16.764816,16.600693,16.928627,17.092117,16.764816,17.382019,17.562698,17.092117,17.092117,17.616829,17.526596,17.073982,17.327736,17.363930,17.363930,17.544655,17.850990,17.652901,17.976807,17.327736,17.508537,17.526596,17.400101,17.833000,17.400101,17.761002,18.030663,17.761002,17.327736,17.797005,17.490471,17.688942,17.544655,17.670921,17.472412,17.327736,17.526596,17.400101,17.562698,17.237198,17.164696,17.164696,16.983162,16.946808,17.128418,16.801247,16.289825,16.764816,17.019493,16.032974,15.941071,15.959457,15.959457,15.387550,14.942238,14.737404,15.387550,14.793312,15.313492,14.588127,14.457298,14.550774,14.998024,14.513397,14.345024,15.128059,14.830566,14.700096,14.905037,14.998024,14.513397,14.176346,14.849190,14.476006,14.588127,14.382469,14.438606,14.588127,14.606796,14.550774,14.513397,14.438606,13.856880,14.494698,14.438606,14.625465,14.326302,14.457298,14.700096,13.875710,14.923637,14.438606,14.195114,14.288834,14.232613,14.007355,13.649567,14.326302,13.969765,14.270103,14.026146,14.120049,13.385033,13.347183,
12.089409,12.872734,13.403954,13.309326,13.517403,13.309326,13.479599,13.517403,13.328255,13.875710,13.441788,13.309326,13.309326,13.762703,13.913338,13.574066,13.309326,13.574066,13.328255,13.687294,13.630692,13.706154,14.044937,13.290382,13.706154,14.026146,13.422867,13.119759,13.611824,13.574066,13.913338,13.856880,13.630692,13.517403,13.366112,13.668427,13.838051,13.630692,13.024826,13.441788,13.838051,13.309326,13.988556,13.403954,13.479599,13.913338,13.969765,13.403954,13.762703,13.517403,13.988556,13.517403,13.838051,13.252487,14.007355,13.819221,14.063721,14.157593,13.932144,13.950951,13.460693,13.536285,14.120049,13.592949,14.176346,13.403954,13.366112,13.138725,13.969765,13.195625,12.872734,13.309326,13.119759,13.043808,13.687294,12.395866,13.176659,12.891754,13.043808,13.119759,13.233543,13.290382,13.422867,13.195625,13.005829,13.328255,13.403954,13.460693,13.592949,14.120049,13.574066,13.574066,13.875710,13.725006,13.875710,13.856880,14.494698,14.044937,14.270103,14.101280,13.347183,13.762703,13.969765,14.082504,14.082504,13.969765,14.063721,14.401184,13.838051,14.176346,14.026146,13.574066,13.988556,14.120049,14.251350,13.913338,13.969765,14.063721,14.195114,13.441788,13.856880,14.120049,13.611824,14.007355,14.026146,13.800392,13.856880,14.082504,14.082504,14.232613,13.913338,14.288834,13.706154,13.875710,13.555183,14.700096,14.382469,13.932144,14.063721,14.251350,14.082504,14.176346,14.007355,14.419891,13.894524,14.213860,14.588127,14.063721,14.176346,14.007355,14.532082,14.176346,14.363747,14.213860,13.856880,14.082504,13.819221,13.838051,13.950951,13.743858,14.476006,14.718750,14.644127,14.867805,15.072350,14.774681,15.128059,15.756950,15.701637,15.720085,16.600693,16.344765,16.655434,16.837654,17.110275,16.509377,16.491104,16.564171,16.710136,16.855865,17.128418,16.928627,17.092117,17.164696,17.291534,17.400101,17.345833,17.508537,17.508537,17.200951,17.219078,17.490471,16.855865,17.219078,17.742996,17.562698,17.688942,17.237198,17.291534,18.227867,17.940880,17.706970,17.904930,17.976807,18.012718,17.922905,17.833000,18.227867,18.138290,17.922905,18.388855,17.958839,18.317345,18.263664,18.370995,18.442459,18.370995,18.781090,19.047462,18.442459,18.567383,19.259926,18.585213,18.709923,19.011993,18.852211,19.011993,18.834435,19.100624,18.781090,18.976524,18.781090,19.065178,18.763306,18.852211,18.763306,18.941017,18.638680,18.994255,19.295280,19.224541,19.118340,19.100624,18.887749,19.259926,18.727722,19.100624,18.905502,19.065178,18.816666,19.065178,18.994255,19.011993,19.189156,19.082909,19.277603,19.242241,18.994255,18.994255,19.065178,18.834435,18.994255,18.994255,18.976524,19.171471,18.869980,19.118340,18.763306,18.958771,18.709923,18.816666,18.460312,18.869980,19.189156,18.603035,18.816666,18.656494,18.478165,18.727722,18.299454,18.478165,18.567383,18.567383,18.603035,18.513863,18.460312,18.478165,18.245766,18.120361,18.281563,18.424599,17.904930,18.192039,17.904930,18.138290,18.138290,17.904930,18.048607,18.084496,18.066551,18.388855,17.797005,18.245766,18.066551,18.353111,18.012718,18.048607,17.580750,18.227867,17.886955,18.138290,17.922905,18.496017,18.263664,18.281563,18.192039,18.102425,18.442459,18.460312,17.994759,17.958839,17.850990,18.227867,17.652901,17.833000,17.670921,17.652901,17.508537,17.219078,17.037659,17.073982,16.326462,16.381371,15.867470,15.276436,15.553970,15.332008,15.202286,14.532082,15.072350,14.438606,14.082504,14.251350,14.382469,14.569450,14.550774,14.718750,14.588127,14.457298,14.886414,14.644127,14.644127,14.569450,14.307571,14.588127,14.625465,14.644127,14.307571,14.044937,14.588127,14.606796,14.476006,14.644127,14.476006,14.513397,14.251350,14.401184,14.550774,14.326302,14.120049,14.662788,14.457298,14.363747,14.326302,14.232613,14.251350,13.838051,14.195114,14.532082,14.138817,14.251350,14.101280,14.494698,14.307571,13.988556,13.988556,14.774681,14.251350,14.494698,14.532082,14.363747,14.307571,14.382469,14.157593,14.363747,14.644127,14.176346,14.288834,14.476006,14.569450,14.588127,13.781540,14.681450,14.213860,14.681450,14.588127,14.082504,14.120049,13.932144,13.762703,13.536285,13.649567,13.592949,13.195625,13.403954,13.517403,13.819221,13.611824,13.630692,13.536285,13.479599,13.630692,13.460693,13.498497,14.026146,13.441788,13.781540,13.536285,14.288834,14.157593,14.176346,14.588127,14.532082,14.457298,14.195114,14.419891,14.550774,14.232613,14.232613,14.625465,14.438606,14.007355,13.894524,14.270103,14.401184,13.913338,14.363747,13.969765,14.044937,13.781540,14.138817,14.457298,13.932144,14.625465,13.988556,14.457298,14.345024,14.026146,14.326302,13.856880,13.969765,13.838051,14.082504,14.044937,14.494698,14.138817,14.213860,14.195114,14.007355,13.856880,14.438606,14.307571,14.457298,14.120049,14.101280,14.044937,14.606796,13.706154,13.856880,14.288834,14.213860,14.082504,13.913338,14.401184,14.157593,13.856880,13.969765,13.725006,13.932144,13.630692,13.800392,13.743858,13.781540,13.611824,14.044937,13.875710,14.007355,13.762703,14.007355,14.195114,14.138817,13.932144,14.569450,14.382469,15.202286,14.923637,15.165176,16.106438,15.922668,15.498535,16.271500,16.088081,16.326462,15.977844,16.069710,15.977844,16.801247,16.381371,16.289825,16.472824,16.381371,16.892258,16.819458,16.819458,16.728371,16.801247,16.874062,16.564171,16.819458,16.618950,16.964989,16.819458,16.600693,16.728371,16.928627,16.399666,16.545914,16.728371,16.764816,17.219078,17.128418,17.345833,17.418190,16.910439,17.037659,17.634865,17.363930,17.418190,17.255310,17.436272,18.066551,17.327736,17.128418,17.363930,17.779015,17.418190,17.544655,17.436272,17.526596,17.472412,18.066551,17.616829,17.436272,17.526596,17.904930,17.904930,17.164696,17.255310,17.255310,17.724983,17.580750,17.182823,17.868965,17.418190,17.255310,17.092117,17.255310,17.724983,17.363930,16.964989,17.055817,16.892258,17.327736,16.417961,16.032974,15.738518,16.289825,15.977844,15.793800,15.701637,14.737404,14.606796,15.128059,14.476006,14.681450,14.718750,14.830566,14.438606,14.979439,14.625465,15.369041,14.681450,14.662788,14.681450,14.569450,14.606796,14.718750,14.681450,14.644127,14.157593,14.625465,14.756035,14.681450,15.257896,14.044937,14.644127,14.345024,14.867805,14.195114,14.401184,14.382469,14.195114,13.649567,14.569450,14.345024,14.307571,14.213860,14.513397,14.176346,14.476006,14.138817,14.176346,14.232613,14.513397,14.476006,13.950951,13.706154,13.517403,14.063721,12.853714,
12.281059,12.663208,13.592949,13.517403,13.441788,13.460693,13.214584,13.988556,14.213860,14.063721,13.309326,13.950951,13.574066,13.800392,13.668427,13.969765,13.781540,13.309326,13.969765,13.574066,13.894524,13.592949,13.611824,13.668427,13.309326,14.007355,13.555183,13.441788,13.592949,13.611824,13.385033,14.007355,13.687294,13.517403,13.517403,13.403954,13.781540,13.403954,13.214584,13.574066,13.592949,13.536285,13.536285,13.366112,13.460693,13.630692,13.800392,13.460693,13.668427,13.838051,13.403954,13.422867,13.819221,13.800392,13.385033,13.649567,13.781540,13.630692,13.479599,13.592949,14.138817,13.781540,13.649567,13.214584,13.385033,13.290382,13.366112,13.574066,13.479599,13.498497,13.233543,13.366112,13.498497,13.081795,13.252487,12.910774,12.986824,13.005829,12.834679,12.472336,13.233543,12.929794,12.891754,13.479599,13.460693,13.592949,13.271439,13.913338,13.668427,13.800392,14.026146,14.026146,13.668427,14.213860,14.007355,13.536285,13.819221,13.725006,14.270103,13.838051,14.026146,13.649567,14.026146,13.875710,13.762703,14.101280,14.007355,14.213860,13.838051,13.894524,13.460693,13.913338,13.875710,13.932144,13.838051,13.969765,14.157593,14.176346,13.800392,13.950951,14.457298,13.838051,14.138817,13.913338,14.532082,14.082504,13.725006,14.213860,13.762703,14.270103,14.101280,13.913338,14.532082,13.856880,14.213860,13.913338,14.157593,14.401184,14.213860,13.969765,13.894524,14.120049,13.819221,14.606796,14.138817,14.345024,14.232613,13.969765,14.007355,13.838051,14.007355,14.419891,14.026146,13.969765,14.270103,13.743858,14.101280,13.630692,13.894524,13.988556,13.781540,14.625465,14.457298,14.886414,14.998024,15.090919,15.406059,15.553970,15.701637,16.308144,16.436256,16.618950,16.545914,16.234848,16.618950,16.710136,16.910439,16.874062,17.219078,16.946808,17.454338,17.164696,17.037659,17.255310,17.219078,17.598785,17.580750,17.400101,17.761002,17.454338,17.562698,17.291534,17.526596,17.742996,17.616829,17.562698,17.237198,17.544655,17.345833,17.273430,17.797005,17.761002,18.048607,17.886955,17.544655,17.508537,18.245766,17.850990,18.012718,18.192039,18.531708,18.353111,18.138290,18.513863,18.245766,18.227867,18.692123,18.781090,18.620857,18.585213,18.923264,18.834435,18.941017,18.692123,18.549545,18.852211,18.585213,18.941017,18.692123,18.852211,18.958771,18.941017,18.994255,18.798882,18.887749,19.118340,19.047462,18.745514,19.011993,19.206863,19.277603,19.224541,19.277603,19.153755,18.958771,19.100624,18.834435,18.674309,18.798882,18.709923,19.011993,19.011993,19.242241,18.852211,18.905502,19.136055,19.029732,18.958771,19.029732,18.905502,19.065178,18.869980,18.763306,18.834435,18.656494,19.082909,18.869980,18.923264,19.082909,18.852211,18.994255,18.424599,18.442459,19.011993,18.958771,18.709923,18.531708,18.976524,18.567383,18.370995,18.887749,18.317345,18.603035,18.531708,18.424599,18.692123,18.263664,18.138290,18.406731,18.102425,18.281563,18.102425,18.335236,18.156204,17.922905,17.904930,18.120361,18.120361,18.174133,18.138290,18.138290,18.066551,18.048607,18.066551,17.868965,17.472412,18.048607,18.424599,18.585213,17.958839,18.478165,18.138290,17.940880,17.833000,18.030663,18.227867,18.156204,17.850990,17.363930,18.245766,17.850990,18.156204,18.138290,17.742996,17.868965,17.580750,17.652901,17.472412,17.616829,17.110275,16.728371,16.564171,16.710136,16.124794,15.553970,15.424561,15.572441,14.793312,14.756035,14.830566,14.550774,14.550774,14.737404,14.438606,14.082504,14.550774,14.774681,14.345024,14.793312,14.419891,14.886414,14.401184,14.213860,14.905037,14.756035,14.569450,14.681450,14.756035,14.513397,14.849190,14.867805,14.345024,14.625465,14.176346,14.382469,14.345024,14.363747,14.270103,14.288834,14.811943,14.307571,14.138817,14.288834,14.157593,14.363747,14.363747,14.569450,14.195114,14.363747,14.176346,14.326302,13.290382,14.176346,14.251350,14.550774,14.737404,14.251350,14.251350,13.875710,14.419891,14.401184,14.138817,14.438606,14.120049,14.625465,14.494698,14.288834,14.251350,14.270103,14.232613,13.950951,14.700096,14.307571,14.494698,14.288834,14.513397,13.838051,14.270103,14.138817,13.611824,14.195114,13.762703,13.875710,13.498497,13.536285,13.838051,13.366112,13.328255,13.403954,13.176659,13.214584,13.422867,13.687294,13.725006,13.969765,14.026146,13.950951,13.819221,14.026146,14.176346,14.026146,14.063721,14.157593,13.856880,14.401184,14.176346,14.494698,14.063721,14.756035,14.270103,14.494698,14.307571,14.457298,14.401184,14.082504,14.288834,14.082504,14.007355,14.138817,13.988556,14.270103,13.687294,14.007355,14.251350,14.082504,14.176346,13.856880,14.120049,14.251350,14.195114,13.856880,14.138817,14.157593,13.950951,14.251350,14.251350,14.307571,14.476006,14.007355,14.532082,14.044937,14.195114,14.026146,13.838051,13.800392,14.101280,14.026146,14.232613,13.668427,14.120049,14.176346,14.101280,13.988556,14.063721,14.382469,14.101280,14.288834,13.819221,13.875710,14.213860,13.950951,13.687294,13.894524,13.592949,13.687294,13.517403,13.762703,13.875710,14.157593,14.326302,14.213860,14.307571,14.532082,14.476006,14.923637,15.332008,15.072350,15.369041,15.720085,16.069710,15.904274,15.720085,16.069710,16.253181,16.289825,16.088081,16.143143,16.545914,16.472824,16.545914,16.234848,16.582436,17.037659,16.874062,16.819458,15.977844,16.819458,16.564171,16.710136,16.655434,16.801247,17.055817,16.710136,16.855865,16.764816,16.983162,16.819458,17.146553,17.255310,17.019493,17.110275,17.634865,17.037659,16.855865,17.055817,17.182823,17.544655,17.490471,17.742996,17.904930,17.868965,17.706970,17.670921,17.688942,17.580750,17.436272,17.598785,17.670921,17.779015,17.616829,17.940880,17.436272,17.490471,18.209953,17.652901,17.400101,17.706970,17.562698,17.706970,18.030663,17.237198,17.382019,17.706970,17.128418,16.983162,17.508537,16.928627,17.237198,17.706970,17.164696,17.200951,16.436256,17.128418,16.582436,16.271500,15.941071,16.509377,16.198189,16.381371,15.590912,15.109489,14.867805,14.867805,14.718750,14.867805,14.232613,14.606796,14.979439,14.401184,14.774681,14.960838,14.532082,14.513397,14.811943,14.756035,15.035194,14.830566,14.513397,14.494698,14.569450,14.382469,14.942238,14.681450,14.157593,14.606796,14.513397,14.419891,14.718750,14.438606,13.969765,14.101280,14.756035,14.830566,14.101280,14.138817,14.288834,14.288834,14.457298,14.401184,14.138817,14.288834,14.457298,13.743858,14.026146,14.007355,13.743858,13.932144,14.307571,13.630692,13.460693,
12.281059,13.005829,12.910774,13.781540,13.574066,13.385033,13.460693,13.725006,13.592949,13.252487,13.687294,13.005829,13.592949,13.819221,13.838051,13.574066,13.630692,13.668427,13.630692,13.706154,13.706154,13.649567,13.725006,13.441788,13.781540,13.441788,13.649567,13.649567,14.007355,13.743858,13.328255,13.422867,13.574066,13.290382,13.290382,13.555183,13.536285,13.781540,13.838051,13.555183,13.498497,13.157700,13.328255,13.630692,13.856880,13.894524,13.271439,13.498497,13.271439,13.385033,13.517403,13.706154,13.762703,13.781540,13.706154,13.668427,13.630692,13.498497,13.819221,13.687294,13.385033,14.044937,14.120049,14.063721,13.366112,13.422867,13.536285,13.649567,13.498497,13.328255,13.517403,13.062805,13.328255,12.567825,13.214584,12.720398,13.157700,13.403954,12.872734,12.967819,13.517403,13.252487,13.100769,13.005829,13.385033,13.743858,13.592949,13.347183,13.800392,14.120049,13.932144,13.687294,14.232613,13.875710,13.574066,13.574066,13.725006,13.800392,13.950951,14.157593,14.270103,14.270103,13.913338,13.706154,14.307571,13.800392,14.101280,13.988556,14.007355,13.932144,14.419891,14.138817,13.347183,13.479599,14.082504,13.611824,14.270103,14.101280,13.668427,13.460693,14.157593,14.044937,13.913338,14.082504,14.007355,13.988556,13.762703,13.988556,14.120049,13.875710,13.838051,13.969765,13.856880,13.913338,14.213860,14.044937,14.270103,14.438606,14.232613,14.288834,14.082504,14.213860,14.176346,14.176346,14.625465,14.363747,14.401184,14.007355,14.120049,14.494698,14.007355,14.288834,14.270103,14.007355,14.176346,14.438606,13.706154,14.251350,13.706154,13.649567,14.213860,14.288834,14.942238,14.830566,15.220818,15.406059,15.072350,15.350533,15.609375,15.977844,16.545914,16.399666,16.600693,16.564171,16.710136,16.691910,17.146553,16.855865,17.508537,16.855865,17.146553,17.092117,16.855865,16.983162,17.255310,17.742996,17.634865,17.815002,17.724983,17.327736,17.580750,17.454338,17.724983,17.544655,17.400101,17.526596,17.598785,17.544655,17.436272,17.436272,17.164696,17.868965,17.508537,17.580750,18.120361,18.192039,18.012718,17.904930,17.868965,18.281563,18.174133,18.263664,18.460312,17.994759,18.460312,18.692123,18.567383,18.370995,18.281563,18.603035,18.763306,18.727722,18.620857,18.531708,18.674309,18.994255,18.370995,18.869980,19.082909,18.834435,18.834435,18.923264,19.171471,19.206863,18.976524,18.994255,18.994255,19.029732,19.542351,18.834435,18.994255,19.100624,19.082909,19.136055,19.100624,19.171471,19.047462,19.082909,18.994255,18.923264,19.153755,18.674309,19.082909,18.603035,19.065178,18.941017,19.153755,18.941017,19.029732,18.923264,19.242241,18.994255,19.100624,18.745514,19.330627,18.781090,18.816666,18.727722,19.153755,18.674309,18.656494,18.603035,18.798882,19.047462,18.727722,18.656494,19.011993,18.638680,18.567383,18.478165,18.585213,18.066551,18.406731,18.084496,18.388855,18.603035,18.442459,18.370995,17.994759,18.353111,18.192039,18.227867,18.066551,17.761002,17.779015,18.030663,17.779015,17.976807,17.688942,18.263664,18.317345,17.815002,17.958839,18.120361,18.156204,18.299454,18.227867,17.886955,18.066551,18.192039,18.353111,18.281563,18.353111,18.174133,18.549545,18.084496,18.156204,18.317345,18.263664,18.209953,17.688942,17.904930,17.724983,18.209953,17.886955,17.616829,17.886955,17.400101,17.164696,17.327736,16.600693,16.527649,16.069710,16.399666,15.720085,15.257896,15.257896,15.090919,14.718750,14.382469,14.700096,14.476006,14.793312,14.569450,14.419891,14.476006,14.401184,14.960838,14.849190,15.072350,14.811943,14.681450,14.569450,14.363747,14.662788,14.457298,14.345024,14.625465,14.606796,14.588127,14.532082,14.513397,14.438606,14.401184,14.644127,14.419891,14.419891,14.662788,14.606796,13.913338,14.101280,14.251350,14.195114,14.419891,14.494698,14.345024,14.157593,14.044937,14.195114,14.288834,14.550774,14.681450,14.345024,14.756035,14.886414,14.382469,14.195114,13.988556,14.438606,14.232613,13.950951,14.588127,14.569450,14.232613,14.886414,14.063721,14.569450,14.120049,14.120049,14.120049,14.382469,14.419891,14.307571,14.120049,14.288834,14.270103,13.856880,13.950951,13.706154,13.403954,13.875710,13.555183,13.536285,13.271439,13.762703,13.517403,13.233543,13.479599,13.385033,13.290382,13.555183,13.536285,13.403954,13.781540,13.913338,14.101280,14.120049,14.457298,13.819221,13.913338,14.007355,14.476006,14.774681,14.288834,14.550774,14.120049,14.270103,14.382469,13.969765,14.082504,14.345024,14.063721,14.532082,14.625465,14.232613,14.044937,14.569450,14.138817,14.232613,14.063721,14.026146,13.913338,14.044937,14.326302,14.270103,13.743858,14.363747,14.120049,13.913338,13.668427,14.044937,13.988556,14.195114,14.438606,14.270103,13.706154,14.195114,13.781540,14.401184,13.762703,14.195114,14.138817,13.913338,14.007355,14.213860,14.363747,14.007355,14.026146,14.063721,13.819221,14.176346,14.345024,14.251350,13.856880,14.270103,13.856880,14.195114,13.687294,13.592949,13.328255,13.781540,13.592949,14.232613,13.932144,13.611824,13.856880,13.649567,13.988556,13.838051,14.588127,14.718750,14.569450,14.326302,14.886414,15.128059,15.332008,15.424561,15.165176,16.381371,15.867470,15.885872,16.106438,15.294960,15.922668,16.344765,16.051353,16.289825,15.922668,16.710136,16.088081,16.801247,16.673668,17.200951,16.801247,16.600693,16.946808,16.655434,17.219078,17.200951,16.837654,16.728371,17.382019,16.764816,16.673668,16.983162,17.237198,17.309639,16.673668,16.655434,17.001335,17.019493,17.037659,17.436272,17.200951,17.219078,17.490471,17.146553,17.526596,17.092117,17.400101,17.490471,17.544655,17.779015,17.580750,18.084496,17.110275,17.544655,17.363930,17.976807,17.363930,17.652901,17.940880,17.761002,17.670921,17.922905,17.490471,17.508537,17.382019,17.706970,17.688942,17.634865,17.291534,17.019493,17.616829,17.508537,17.436272,17.055817,17.055817,16.892258,17.742996,16.819458,17.055817,17.073982,15.996223,16.783035,16.363075,16.198189,15.793800,15.294960,15.257896,15.406059,15.202286,15.053780,14.606796,14.419891,14.401184,14.886414,14.718750,14.793312,14.419891,14.811943,14.793312,14.681450,14.625465,15.369041,14.830566,14.923637,14.588127,15.053780,14.494698,14.550774,14.213860,14.718750,14.438606,14.401184,14.494698,14.681450,14.345024,14.195114,14.251350,14.606796,14.457298,13.969765,14.401184,14.532082,14.382469,14.251350,14.007355,14.138817,14.176346,14.251350,14.101280,14.288834,14.550774,13.913338,13.630692,14.044937,13.913338,13.290382,12.891754,
11.878136,13.138725,13.460693,12.948814,13.611824,13.214584,13.706154,13.385033,13.043808,13.517403,13.233543,13.913338,13.403954,13.479599,13.574066,13.819221,13.743858,13.800392,13.969765,13.743858,13.385033,13.555183,13.819221,14.007355,13.460693,13.460693,13.838051,13.195625,13.536285,13.498497,13.743858,13.668427,13.233543,13.932144,13.687294,13.838051,13.838051,13.403954,13.328255,13.309326,13.366112,13.385033,13.403954,13.479599,13.441788,13.838051,13.687294,13.214584,13.233543,13.913338,13.498497,13.498497,13.687294,13.800392,13.422867,13.725006,13.856880,13.838051,13.555183,13.950951,13.894524,13.668427,14.288834,13.668427,14.176346,13.498497,13.290382,13.119759,13.838051,13.441788,13.157700,13.517403,13.252487,13.138725,12.929794,13.024826,12.834679,13.290382,12.948814,12.967819,13.100769,13.271439,13.366112,13.214584,13.214584,13.403954,13.214584,13.422867,13.517403,13.988556,13.950951,14.044937,14.176346,13.894524,13.403954,13.725006,13.800392,13.838051,14.326302,13.536285,13.932144,13.725006,13.932144,13.950951,14.176346,13.630692,13.988556,13.687294,14.007355,13.555183,13.819221,14.213860,13.611824,14.138817,14.157593,14.251350,13.856880,14.063721,13.781540,14.157593,14.270103,14.101280,14.026146,14.138817,14.401184,13.725006,13.932144,14.363747,14.007355,14.307571,14.232613,13.950951,14.288834,13.894524,13.856880,14.232613,14.195114,14.270103,13.630692,14.326302,14.007355,14.363747,13.875710,14.681450,14.401184,14.101280,13.950951,14.213860,14.532082,14.232613,14.307571,14.550774,14.569450,14.044937,13.950951,13.969765,14.044937,13.875710,13.932144,13.743858,14.270103,14.195114,14.625465,14.923637,15.183723,14.905037,15.424561,15.959457,15.480049,16.179840,16.381371,16.564171,16.874062,16.491104,16.783035,17.019493,16.746590,17.055817,17.273430,17.146553,17.001335,17.345833,17.634865,17.327736,17.400101,17.055817,17.418190,17.291534,17.436272,18.048607,17.797005,17.598785,17.850990,17.616829,17.724983,17.779015,17.833000,17.508537,17.724983,17.850990,17.761002,17.724983,18.012718,17.652901,18.227867,18.138290,17.994759,18.156204,17.994759,18.192039,17.815002,18.030663,18.388855,17.940880,18.317345,18.638680,18.442459,18.263664,18.478165,18.620857,18.460312,18.638680,18.887749,18.674309,18.976524,18.549545,18.834435,18.923264,18.923264,18.994255,18.923264,18.816666,18.958771,18.958771,18.976524,19.100624,18.941017,18.798882,18.781090,19.330627,19.277603,19.348289,19.171471,19.136055,19.100624,19.082909,19.330627,19.330627,19.100624,18.763306,19.383614,18.994255,19.082909,19.312950,19.065178,18.887749,19.100624,18.941017,19.082909,19.100624,19.171471,19.171471,19.082909,19.136055,19.259926,18.923264,19.100624,18.798882,18.781090,18.763306,18.549545,18.852211,18.656494,18.638680,19.011993,18.763306,18.638680,18.852211,18.798882,18.281563,18.603035,18.709923,18.603035,18.317345,18.424599,18.299454,18.102425,18.299454,18.335236,18.335236,18.156204,18.478165,18.120361,17.922905,17.833000,18.138290,18.102425,18.174133,18.066551,17.850990,18.227867,17.904930,18.066551,18.012718,17.724983,18.120361,18.531708,18.388855,18.388855,18.066551,18.263664,17.904930,18.496017,18.084496,18.263664,18.299454,18.370995,17.958839,18.138290,18.299454,18.048607,17.922905,18.012718,18.030663,18.084496,17.797005,17.797005,17.454338,17.490471,16.910439,16.710136,16.289825,15.904274,15.664742,15.239365,15.165176,15.369041,15.146614,14.960838,14.756035,14.569450,14.288834,14.419891,14.419891,14.494698,14.942238,14.849190,14.756035,14.811943,14.476006,14.513397,14.550774,14.737404,14.774681,14.644127,14.419891,14.494698,14.532082,14.326302,14.867805,14.419891,14.606796,14.007355,14.419891,14.681450,14.700096,14.401184,14.232613,14.101280,14.363747,14.569450,14.419891,14.625465,14.532082,14.756035,14.419891,14.662788,14.326302,14.625465,14.419891,14.513397,14.606796,14.195114,14.082504,14.382469,14.438606,14.326302,14.157593,14.363747,14.345024,14.176346,14.138817,14.270103,14.101280,14.513397,14.345024,14.438606,14.176346,14.382469,14.270103,14.419891,14.120049,14.082504,14.326302,14.195114,14.044937,14.082504,14.307571,13.950951,14.044937,14.101280,13.706154,14.026146,13.894524,13.441788,13.687294,13.498497,13.460693,13.479599,13.536285,13.743858,13.422867,13.630692,13.875710,13.725006,13.630692,13.800392,13.668427,14.082504,14.326302,14.681450,13.743858,14.588127,14.288834,14.307571,13.969765,14.494698,14.082504,14.681450,13.838051,14.457298,14.270103,14.176346,14.082504,14.363747,14.044937,13.950951,14.082504,14.026146,14.063721,14.270103,13.781540,14.494698,13.875710,13.592949,14.176346,14.251350,14.176346,13.894524,14.588127,14.138817,13.969765,13.932144,14.157593,14.195114,14.007355,14.007355,14.382469,13.800392,14.513397,14.270103,13.875710,14.307571,14.101280,14.288834,14.082504,14.419891,14.307571,14.550774,14.176346,14.550774,14.718750,14.270103,13.856880,13.932144,13.630692,13.950951,13.649567,14.232613,14.082504,14.251350,13.687294,14.120049,13.630692,14.007355,13.706154,13.800392,13.706154,13.856880,14.213860,14.382469,14.419891,14.513397,14.550774,14.905037,15.072350,15.128059,15.443062,15.830643,15.812218,15.996223,16.032974,16.143143,15.480049,16.106438,16.637184,15.867470,16.819458,16.436256,16.582436,16.344765,16.746590,16.728371,16.673668,16.472824,16.837654,16.764816,17.164696,17.037659,17.037659,17.237198,16.746590,16.855865,16.946808,17.001335,17.146553,17.110275,16.910439,17.110275,17.092117,17.454338,17.291534,16.946808,17.400101,17.454338,17.237198,17.724983,17.436272,18.138290,16.983162,17.345833,17.454338,17.436272,17.922905,17.472412,17.219078,17.670921,17.562698,17.940880,17.904930,17.688942,18.192039,17.833000,17.616829,17.833000,18.424599,18.120361,17.580750,17.706970,17.454338,17.382019,17.598785,17.634865,17.472412,17.164696,17.833000,17.273430,17.400101,17.454338,16.527649,16.928627,17.110275,16.710136,16.837654,16.363075,16.198189,16.271500,16.051353,15.904274,15.572441,15.276436,14.625465,14.923637,14.569450,14.718750,15.053780,14.979439,14.774681,14.588127,14.700096,14.718750,15.350533,15.090919,15.109489,14.811943,14.625465,15.109489,14.681450,14.774681,14.644127,14.811943,14.082504,14.550774,14.063721,14.382469,14.756035,14.195114,14.700096,14.082504,14.138817,14.457298,14.830566,14.363747,14.120049,14.382469,14.737404,14.307571,14.849190,14.176346,14.120049,14.476006,14.176346,14.307571,14.270103,14.550774,14.157593,13.894524,13.950951,13.290382,12.815643,
12.357613,13.290382,13.819221,13.290382,13.781540,13.119759,13.555183,13.894524,13.517403,13.385033,14.120049,13.536285,13.743858,13.649567,13.630692,14.044937,13.781540,12.682281,13.950951,14.195114,13.479599,13.762703,13.800392,13.725006,14.082504,13.460693,13.271439,13.441788,13.706154,13.649567,13.271439,13.743858,13.176659,13.762703,13.555183,13.441788,13.762703,13.517403,13.271439,13.328255,13.138725,13.347183,13.743858,13.725006,13.441788,13.838051,13.649567,13.403954,13.441788,13.214584,13.385033,13.725006,13.441788,13.819221,13.460693,13.592949,13.875710,13.517403,13.875710,13.592949,13.687294,13.649567,13.969765,13.706154,13.838051,13.157700,13.024826,13.725006,13.403954,13.422867,13.290382,13.138725,13.043808,12.948814,13.176659,13.081795,12.929794,12.739456,13.252487,12.586906,12.739456,13.081795,13.252487,13.309326,13.800392,13.309326,13.762703,14.044937,13.781540,13.328255,13.649567,13.969765,13.894524,14.101280,13.838051,14.082504,13.894524,14.026146,14.326302,13.611824,13.894524,13.743858,14.007355,13.725006,14.419891,13.819221,13.706154,13.819221,13.687294,13.800392,13.762703,14.007355,14.195114,14.195114,13.536285,14.307571,13.969765,13.706154,14.120049,14.044937,13.687294,13.743858,14.363747,13.988556,14.457298,14.270103,13.988556,14.044937,14.120049,14.044937,14.101280,13.969765,14.176346,14.026146,14.401184,14.232613,14.644127,14.101280,14.157593,14.101280,14.644127,14.044937,14.213860,14.438606,14.270103,14.307571,14.063721,14.307571,14.026146,13.913338,14.569450,14.307571,13.932144,14.270103,14.082504,14.157593,13.819221,13.441788,13.838051,14.195114,14.213860,14.138817,14.494698,14.849190,15.183723,15.369041,15.996223,16.014603,15.830643,16.051353,16.417961,16.691910,16.545914,17.001335,16.819458,16.983162,17.128418,16.801247,16.983162,17.073982,17.219078,17.363930,17.400101,17.291534,17.418190,17.345833,17.580750,17.544655,17.797005,17.562698,17.833000,17.544655,17.562698,17.436272,17.976807,17.001335,17.706970,18.012718,17.634865,17.742996,17.994759,17.833000,18.030663,17.598785,18.102425,17.634865,17.652901,17.652901,17.994759,18.227867,17.850990,18.012718,17.958839,18.120361,18.496017,18.513863,18.102425,18.245766,18.958771,18.245766,18.567383,18.281563,18.834435,18.781090,18.603035,18.567383,19.082909,18.923264,18.976524,18.869980,19.118340,18.745514,18.905502,19.029732,19.171471,19.082909,19.153755,19.171471,18.834435,18.958771,19.401253,19.471832,19.330627,19.242241,19.348289,19.224541,19.348289,19.259926,19.206863,18.781090,18.638680,18.816666,18.976524,18.834435,19.011993,19.312950,19.348289,18.869980,18.905502,18.656494,18.869980,19.489464,19.348289,18.887749,19.065178,18.709923,19.065178,18.852211,18.638680,18.567383,19.029732,18.941017,18.745514,18.460312,18.620857,18.567383,18.816666,18.638680,18.656494,18.460312,18.763306,18.816666,18.585213,18.442459,18.209953,18.281563,18.442459,18.692123,18.227867,18.281563,18.263664,17.976807,18.138290,18.335236,18.406731,18.478165,18.012718,18.102425,18.102425,17.868965,18.048607,18.388855,18.245766,18.156204,18.030663,17.562698,18.478165,17.958839,18.245766,18.353111,18.478165,18.317345,18.192039,18.353111,18.513863,18.281563,18.353111,17.868965,18.102425,18.192039,17.958839,17.688942,18.227867,18.209953,17.670921,17.779015,17.526596,17.219078,17.200951,17.128418,16.910439,16.381371,16.143143,15.738518,15.720085,15.294960,15.572441,15.128059,14.867805,14.532082,14.532082,14.774681,14.569450,14.644127,14.138817,14.774681,14.849190,14.588127,15.350533,14.401184,14.476006,14.457298,14.401184,14.513397,14.606796,14.532082,14.438606,14.494698,14.830566,14.419891,14.681450,14.532082,14.476006,14.401184,14.532082,14.270103,14.457298,14.120049,14.326302,14.438606,14.401184,14.625465,14.625465,14.382469,14.326302,13.950951,14.438606,14.101280,14.288834,14.213860,14.044937,14.457298,14.101280,14.457298,14.157593,14.007355,14.550774,14.120049,13.838051,13.988556,14.606796,14.363747,14.326302,14.905037,14.232613,14.419891,14.232613,14.700096,14.363747,14.007355,14.345024,14.513397,14.419891,14.176346,14.345024,13.913338,14.195114,14.345024,13.781540,13.574066,14.007355,13.687294,13.592949,13.479599,13.498497,13.366112,13.536285,13.366112,13.214584,13.403954,13.498497,13.328255,13.328255,13.611824,13.441788,13.611824,13.441788,13.932144,13.800392,14.345024,14.438606,14.588127,14.644127,14.793312,14.232613,14.588127,14.251350,14.588127,14.382469,14.513397,14.251350,14.138817,14.644127,14.345024,13.913338,14.007355,14.101280,13.781540,14.213860,13.988556,14.063721,14.120049,14.232613,14.270103,14.195114,14.326302,14.476006,14.382469,13.743858,14.026146,13.950951,14.438606,14.026146,14.270103,14.606796,14.063721,14.007355,14.438606,14.195114,14.176346,13.932144,14.476006,14.082504,14.120049,14.195114,13.913338,14.382469,14.026146,13.687294,13.781540,13.950951,14.494698,14.382469,13.819221,13.838051,13.687294,14.232613,13.894524,14.232613,13.969765,13.950951,13.555183,14.007355,13.838051,13.932144,13.649567,13.969765,13.574066,14.044937,13.932144,14.251350,14.382469,14.476006,14.923637,15.183723,15.257896,15.793800,15.756950,15.387550,16.198189,16.051353,16.363075,15.941071,16.124794,16.417961,16.399666,16.363075,16.764816,16.783035,16.472824,16.582436,16.472824,16.874062,16.600693,16.728371,17.164696,16.946808,17.146553,17.001335,16.600693,16.691910,17.164696,17.128418,17.291534,16.892258,17.382019,17.073982,17.182823,17.037659,16.710136,17.146553,17.146553,17.454338,16.764816,17.526596,17.309639,17.761002,17.454338,17.779015,17.652901,17.868965,17.958839,17.544655,17.327736,17.454338,17.526596,17.724983,18.012718,17.670921,17.526596,17.761002,17.850990,18.156204,17.363930,17.976807,18.066551,17.670921,17.544655,17.382019,17.237198,17.797005,17.110275,17.164696,17.652901,17.273430,17.001335,17.309639,17.055817,17.273430,17.309639,16.892258,17.200951,16.728371,16.637184,16.161499,16.124794,16.399666,15.720085,15.646294,15.553970,15.016617,15.350533,14.998024,14.811943,14.569450,14.756035,14.811943,14.625465,14.998024,14.811943,14.960838,14.569450,14.438606,14.718750,14.774681,14.270103,14.569450,14.942238,14.625465,14.457298,14.737404,14.625465,14.867805,14.793312,14.363747,14.288834,14.457298,14.419891,14.569450,14.288834,14.662788,14.419891,14.700096,14.026146,14.811943,14.251350,14.157593,13.856880,14.718750,14.793312,14.251350,14.326302,14.457298,14.044937,13.781540,14.232613,14.195114,14.345024,13.517403,13.195625,
12.166107,12.701340,13.005829,13.271439,13.366112,13.913338,13.422867,14.157593,13.347183,14.007355,13.119759,14.063721,13.762703,13.441788,13.800392,13.687294,13.328255,13.366112,14.082504,13.894524,13.875710,13.536285,13.649567,13.875710,13.706154,14.063721,13.441788,13.687294,13.422867,13.517403,13.043808,13.517403,13.649567,13.706154,13.630692,13.479599,13.517403,13.838051,13.743858,13.687294,13.856880,13.743858,13.668427,13.574066,13.498497,13.668427,13.574066,13.422867,13.592949,13.950951,13.630692,13.347183,13.668427,13.498497,13.555183,13.856880,13.819221,13.913338,13.856880,14.082504,13.630692,13.366112,13.781540,13.536285,14.157593,13.781540,13.517403,13.441788,13.138725,12.834679,13.555183,13.252487,13.385033,13.176659,12.853714,13.422867,13.195625,12.701340,13.176659,12.929794,12.758507,13.176659,13.271439,13.252487,13.630692,13.422867,13.441788,13.328255,13.252487,13.706154,13.460693,13.517403,13.762703,13.800392,14.101280,14.026146,14.157593,14.270103,14.288834,14.082504,13.838051,13.894524,14.063721,14.195114,14.213860,14.063721,14.044937,13.875710,14.326302,14.101280,13.875710,13.611824,13.988556,13.441788,13.555183,14.213860,13.649567,14.195114,13.950951,13.913338,14.363747,13.743858,13.592949,13.894524,13.988556,14.063721,14.026146,13.913338,14.438606,13.725006,14.288834,13.838051,13.988556,14.026146,14.494698,14.195114,14.326302,14.063721,14.138817,13.932144,14.288834,14.307571,13.725006,14.457298,14.382469,14.213860,14.588127,14.120049,14.401184,14.176346,14.662788,14.363747,14.101280,14.232613,14.101280,14.120049,13.856880,13.725006,13.969765,14.026146,14.326302,14.588127,14.513397,14.513397,14.718750,15.053780,15.406059,15.553970,16.234848,16.198189,16.289825,16.363075,16.637184,16.564171,16.308144,17.037659,16.910439,16.746590,17.073982,17.382019,17.219078,17.562698,17.237198,17.055817,17.526596,17.526596,17.273430,17.418190,17.580750,17.742996,17.868965,17.670921,17.652901,18.120361,18.084496,17.616829,17.958839,17.833000,17.833000,17.472412,17.850990,17.940880,17.634865,18.138290,18.138290,17.724983,17.580750,18.192039,17.976807,18.209953,18.066551,18.012718,18.245766,18.138290,18.209953,18.317345,18.567383,17.958839,18.763306,18.692123,18.406731,18.620857,18.496017,19.171471,18.478165,18.745514,18.745514,18.692123,19.029732,18.763306,18.727722,18.798882,18.692123,19.383614,19.082909,18.763306,19.189156,18.923264,18.976524,19.029732,19.524719,19.153755,19.454201,19.100624,19.136055,19.559967,19.153755,19.118340,18.887749,19.206863,19.348289,19.082909,18.905502,18.976524,19.118340,18.976524,19.136055,18.905502,18.923264,19.118340,19.047462,18.816666,18.834435,18.852211,19.171471,19.047462,19.065178,18.656494,18.353111,18.976524,19.082909,19.065178,18.478165,18.745514,18.692123,18.781090,18.887749,18.603035,18.460312,18.727722,18.513863,18.209953,18.763306,18.317345,18.585213,18.388855,18.620857,18.317345,18.460312,18.281563,18.424599,18.174133,17.976807,18.281563,18.084496,18.192039,18.317345,17.850990,18.102425,18.048607,18.012718,18.209953,17.904930,18.406731,18.030663,18.585213,18.048607,18.102425,18.102425,18.370995,18.209953,18.567383,18.370995,18.102425,18.585213,18.263664,18.460312,18.370995,18.102425,18.531708,18.138290,18.174133,17.833000,17.652901,17.418190,17.742996,17.652901,17.309639,17.436272,16.491104,16.417961,16.472824,15.885872,15.922668,15.867470,15.220818,14.998024,15.109489,14.998024,14.998024,14.644127,14.662788,14.213860,14.401184,14.419891,14.811943,14.513397,14.923637,14.681450,14.644127,14.345024,14.718750,14.793312,14.811943,14.625465,14.270103,14.923637,14.681450,14.532082,14.494698,14.550774,14.401184,14.811943,14.569450,14.195114,14.363747,14.718750,14.476006,14.550774,14.438606,14.550774,14.438606,14.401184,14.382469,14.960838,14.120049,14.494698,14.419891,14.101280,14.270103,14.082504,14.700096,14.138817,14.532082,14.120049,14.176346,14.588127,14.494698,14.213860,14.569450,14.419891,14.232613,14.979439,13.969765,14.513397,14.213860,14.419891,14.382469,14.494698,14.232613,14.457298,14.270103,14.195114,14.550774,13.819221,13.838051,14.044937,13.894524,13.932144,13.725006,13.875710,13.592949,13.687294,13.366112,13.630692,13.950951,13.403954,13.309326,13.762703,13.403954,13.403954,13.762703,13.950951,13.913338,13.498497,13.988556,13.555183,14.176346,13.762703,14.082504,13.988556,14.307571,14.476006,14.662788,14.550774,14.569450,13.988556,14.213860,14.176346,14.138817,14.120049,14.494698,14.176346,13.875710,13.875710,13.950951,13.913338,13.950951,14.157593,14.195114,13.932144,14.176346,14.307571,14.326302,14.457298,14.457298,14.382469,14.345024,14.213860,14.063721,14.345024,13.913338,14.101280,14.176346,13.988556,14.213860,14.195114,13.950951,14.513397,14.457298,14.120049,14.401184,14.382469,13.649567,14.363747,14.026146,14.401184,14.195114,14.457298,14.232613,14.588127,13.687294,14.044937,14.251350,13.950951,14.251350,13.988556,14.138817,14.157593,14.120049,14.044937,13.800392,13.856880,13.932144,13.649567,13.725006,14.176346,13.743858,14.082504,14.326302,14.326302,14.588127,14.588127,14.532082,14.886414,15.202286,15.480049,15.977844,15.830643,15.922668,15.830643,15.609375,16.161499,16.344765,15.996223,15.885872,16.161499,16.564171,16.783035,16.436256,16.289825,16.491104,16.472824,16.819458,16.783035,16.837654,17.219078,17.200951,17.055817,16.582436,17.291534,16.892258,16.983162,17.146553,17.128418,17.037659,17.327736,17.454338,17.526596,17.092117,17.634865,17.472412,17.055817,17.544655,17.219078,17.779015,17.219078,17.580750,17.742996,17.706970,17.850990,17.128418,17.580750,17.922905,17.382019,17.363930,17.904930,17.508537,17.761002,17.400101,17.652901,17.508537,17.797005,17.868965,17.598785,17.815002,17.472412,17.706970,17.219078,17.526596,17.273430,17.418190,17.490471,17.327736,17.273430,17.490471,17.200951,17.363930,17.200951,17.490471,17.436272,16.710136,16.855865,16.124794,16.527649,16.381371,16.069710,16.069710,15.627831,15.517014,15.664742,15.035194,15.146614,14.251350,14.438606,14.625465,14.532082,14.923637,14.756035,14.569450,14.532082,15.016617,14.998024,14.588127,14.251350,14.644127,14.363747,14.756035,14.419891,14.569450,14.979439,14.345024,15.128059,14.979439,14.905037,14.326302,14.326302,14.476006,14.044937,13.819221,14.382469,14.494698,14.101280,14.756035,14.363747,14.438606,14.363747,14.195114,14.251350,14.476006,14.138817,13.819221,14.644127,14.101280,13.932144,14.345024,14.044937,14.438606,13.838051,13.403954,
12.586906,12.548721,13.630692,13.119759,13.630692,13.422867,13.555183,13.856880,13.592949,14.026146,13.687294,13.649567,13.743858,13.706154,13.668427,13.819221,13.819221,13.517403,13.574066,13.536285,13.856880,13.630692,13.555183,13.138725,13.687294,13.195625,13.819221,13.706154,13.988556,13.385033,13.687294,13.271439,13.800392,13.856880,13.894524,13.347183,13.422867,13.479599,13.290382,13.441788,13.498497,13.630692,13.385033,13.441788,13.649567,13.649567,13.611824,13.479599,13.328255,13.592949,13.630692,13.536285,14.007355,13.668427,13.441788,13.668427,13.536285,13.498497,14.007355,13.252487,13.385033,13.762703,13.932144,13.555183,13.498497,13.913338,13.005829,13.668427,13.403954,13.233543,13.233543,13.781540,13.062805,13.024826,12.929794,12.986824,13.005829,13.309326,12.929794,12.872734,12.986824,13.176659,12.834679,13.062805,13.081795,12.910774,13.611824,13.574066,13.611824,13.309326,14.195114,13.517403,13.441788,14.007355,14.044937,14.007355,13.838051,13.403954,13.950951,13.762703,13.611824,13.988556,14.120049,13.630692,14.120049,14.026146,14.082504,14.120049,14.382469,13.743858,14.213860,14.026146,13.819221,13.649567,14.101280,13.630692,14.438606,13.988556,13.479599,13.725006,13.913338,13.913338,14.345024,14.569450,14.232613,13.592949,14.251350,14.120049,13.913338,13.969765,14.213860,14.251350,14.550774,14.157593,14.326302,14.326302,13.819221,14.363747,14.288834,13.743858,14.345024,13.950951,14.288834,14.251350,14.270103,14.213860,14.232613,14.288834,14.550774,14.438606,14.438606,14.606796,14.382469,14.063721,14.195114,14.419891,14.307571,14.232613,14.438606,13.611824,14.232613,14.044937,14.476006,14.960838,14.905037,15.128059,15.165176,16.051353,15.941071,16.069710,16.253181,16.381371,16.673668,16.946808,16.910439,16.509377,16.837654,17.200951,16.964989,17.037659,17.291534,17.418190,17.382019,17.706970,17.490471,17.742996,17.255310,17.904930,17.562698,17.850990,17.742996,17.580750,17.598785,17.544655,17.797005,18.012718,17.761002,17.670921,17.761002,17.868965,17.868965,18.084496,18.030663,18.048607,18.120361,18.120361,17.976807,17.904930,17.797005,17.994759,18.156204,18.406731,18.353111,18.299454,17.779015,18.281563,18.263664,18.496017,18.674309,18.656494,18.727722,18.709923,18.388855,18.727722,19.065178,18.406731,18.905502,18.958771,18.460312,18.923264,19.171471,18.941017,19.348289,18.727722,18.976524,19.189156,19.206863,19.330627,19.100624,19.100624,19.295280,19.401253,19.436554,19.242241,19.189156,19.595184,19.612793,19.348289,18.852211,19.471832,19.383614,19.259926,18.994255,19.047462,19.118340,18.887749,19.312950,19.295280,18.692123,19.206863,18.958771,19.206863,19.171471,18.887749,19.029732,18.798882,18.834435,18.905502,18.620857,18.852211,19.011993,18.745514,18.923264,18.816666,18.585213,18.496017,18.406731,18.674309,18.585213,18.370995,18.370995,18.585213,18.674309,18.549545,18.406731,18.496017,18.299454,18.156204,18.513863,18.353111,18.353111,17.940880,17.976807,18.317345,17.761002,18.192039,18.281563,17.958839,18.335236,18.388855,18.174133,18.012718,18.263664,18.460312,18.335236,17.994759,18.388855,18.460312,18.388855,18.478165,18.442459,18.317345,18.727722,18.299454,18.816666,18.424599,18.709923,18.138290,17.904930,17.815002,18.156204,18.174133,17.922905,17.418190,17.598785,17.815002,17.761002,17.382019,17.073982,17.237198,16.363075,16.472824,16.363075,15.720085,15.480049,15.517014,15.276436,15.165176,14.923637,14.681450,14.588127,14.345024,14.363747,14.513397,14.662788,14.905037,15.035194,14.401184,14.494698,14.979439,14.345024,14.569450,14.363747,14.756035,14.494698,14.157593,14.494698,14.494698,14.830566,14.345024,14.494698,14.120049,14.363747,14.419891,14.513397,13.913338,14.345024,14.494698,14.644127,14.345024,14.998024,14.232613,14.326302,14.026146,14.382469,14.532082,14.401184,14.120049,14.101280,14.569450,14.101280,14.195114,14.213860,14.326302,14.606796,14.513397,14.232613,14.700096,14.681450,14.419891,14.588127,14.138817,14.044937,14.438606,14.026146,14.737404,14.625465,14.438606,14.120049,14.737404,14.494698,13.894524,14.213860,14.476006,14.513397,14.063721,14.063721,13.819221,14.044937,13.706154,13.725006,13.574066,13.536285,13.366112,13.441788,13.592949,13.328255,13.403954,13.347183,13.498497,13.950951,13.214584,13.630692,13.781540,13.913338,13.819221,13.969765,13.838051,14.101280,14.157593,14.232613,14.120049,14.232613,14.307571,14.213860,14.532082,14.176346,14.345024,13.894524,14.082504,14.457298,14.101280,14.307571,14.288834,14.213860,14.251350,14.138817,13.913338,14.195114,14.213860,14.288834,14.176346,14.363747,14.007355,14.120049,13.988556,14.288834,14.513397,13.819221,14.120049,14.363747,13.687294,13.913338,14.044937,14.213860,14.307571,14.232613,13.932144,14.270103,14.382469,13.950951,13.950951,14.138817,13.819221,14.494698,14.176346,14.438606,14.120049,14.157593,14.345024,14.251350,14.213860,14.120049,14.513397,13.687294,14.138817,14.213860,14.063721,14.026146,14.044937,14.157593,13.706154,13.687294,14.007355,13.725006,14.157593,13.838051,13.950951,13.913338,14.363747,14.176346,14.251350,14.063721,14.942238,15.276436,15.239365,15.775375,15.849052,16.363075,15.498535,16.051353,16.216530,15.701637,15.720085,15.941071,16.161499,16.472824,16.509377,16.764816,16.326462,16.179840,17.110275,16.491104,16.509377,17.037659,16.710136,17.309639,16.454536,17.055817,17.273430,16.855865,17.001335,17.742996,16.655434,17.200951,17.037659,17.490471,17.309639,17.255310,17.237198,17.472412,16.964989,17.237198,17.146553,17.580750,17.164696,17.761002,17.598785,17.562698,17.200951,17.164696,17.291534,17.850990,17.327736,17.940880,17.001335,17.562698,17.363930,17.904930,17.797005,17.815002,17.634865,17.815002,17.472412,17.724983,17.219078,17.400101,17.508537,17.688942,17.291534,17.670921,17.219078,17.345833,17.598785,17.273430,17.580750,17.291534,17.273430,17.291534,17.382019,17.146553,17.345833,16.746590,17.418190,16.637184,16.837654,15.664742,15.867470,16.106438,15.350533,15.072350,14.793312,14.811943,14.382469,15.035194,15.035194,14.457298,15.072350,14.419891,14.979439,14.793312,14.774681,14.793312,14.886414,14.401184,14.550774,15.183723,14.662788,14.830566,14.737404,14.494698,14.793312,15.165176,14.026146,14.326302,14.681450,14.700096,14.195114,14.998024,14.438606,14.326302,14.756035,14.438606,15.183723,14.419891,14.232613,14.476006,14.532082,14.998024,14.363747,14.213860,14.476006,14.157593,14.307571,13.950951,14.419891,14.251350,13.743858,14.307571,13.460693,
11.974228,12.948814,13.157700,13.422867,13.498497,13.611824,13.479599,13.668427,14.082504,13.422867,13.913338,13.176659,14.063721,13.441788,13.838051,14.138817,13.592949,13.838051,13.611824,13.725006,14.082504,13.403954,13.687294,13.233543,13.988556,13.668427,13.800392,13.762703,13.781540,13.233543,13.687294,13.347183,13.838051,13.574066,13.668427,13.290382,13.574066,13.725006,14.082504,13.574066,13.138725,13.630692,13.403954,13.592949,13.668427,13.536285,13.988556,13.460693,13.536285,13.592949,13.611824,13.555183,13.725006,13.574066,13.762703,14.063721,13.574066,13.555183,14.101280,13.460693,13.574066,13.838051,13.762703,13.498497,13.611824,13.309326,13.649567,12.910774,13.271439,13.309326,13.555183,13.233543,13.214584,12.853714,13.176659,12.872734,13.043808,13.005829,13.005829,13.157700,13.214584,13.119759,13.138725,13.460693,13.592949,13.611824,13.290382,13.706154,13.574066,13.781540,13.441788,13.856880,14.138817,14.157593,13.762703,14.120049,14.326302,14.176346,13.555183,14.026146,14.007355,13.800392,14.213860,13.932144,13.819221,13.856880,13.630692,13.988556,13.517403,14.251350,14.007355,14.307571,14.270103,14.438606,13.856880,14.213860,14.251350,13.988556,13.988556,14.213860,13.969765,14.007355,13.517403,13.838051,14.401184,13.706154,14.326302,14.270103,13.762703,14.513397,13.950951,14.101280,14.326302,14.007355,14.213860,14.644127,14.401184,14.120049,14.176346,14.138817,14.718750,14.157593,14.251350,14.120049,14.270103,14.213860,14.120049,14.457298,14.532082,14.438606,14.326302,14.345024,14.532082,14.101280,13.932144,13.592949,14.401184,14.157593,14.026146,14.419891,14.044937,13.950951,14.457298,15.072350,14.905037,15.553970,15.146614,15.701637,15.959457,16.124794,16.381371,16.673668,16.527649,16.710136,17.092117,16.837654,17.182823,16.983162,17.164696,17.128418,17.562698,17.327736,17.436272,17.291534,17.616829,17.363930,17.688942,17.345833,17.868965,18.048607,17.508537,17.598785,18.084496,17.724983,17.904930,17.724983,18.048607,17.616829,17.670921,17.508537,18.478165,17.904930,17.544655,17.976807,17.958839,18.066551,18.048607,18.156204,18.138290,18.245766,18.245766,18.388855,17.706970,17.994759,18.656494,18.905502,18.460312,18.156204,18.442459,18.941017,18.424599,18.335236,19.029732,18.048607,18.781090,18.763306,18.887749,19.011993,18.994255,18.834435,19.082909,18.994255,19.171471,19.259926,18.692123,19.029732,19.471832,19.171471,19.242241,19.259926,19.330627,18.994255,19.401253,19.330627,19.507095,19.348289,19.136055,19.348289,19.348289,19.312950,19.348289,19.224541,19.153755,18.905502,19.082909,18.994255,18.816666,19.189156,19.100624,18.816666,18.763306,18.869980,18.763306,18.781090,19.224541,18.958771,18.798882,18.424599,18.674309,18.620857,18.816666,18.638680,18.727722,18.442459,18.727722,18.727722,18.406731,18.209953,18.816666,18.227867,18.531708,18.513863,18.370995,18.638680,18.299454,18.299454,18.549545,18.388855,18.513863,18.388855,17.904930,18.138290,18.299454,18.012718,17.940880,18.209953,18.299454,17.922905,18.048607,18.227867,18.156204,18.281563,18.299454,18.102425,18.513863,18.335236,18.156204,18.353111,18.638680,18.603035,18.585213,18.263664,18.620857,18.388855,18.335236,18.335236,18.299454,18.656494,18.227867,17.850990,18.174133,17.418190,18.227867,17.688942,18.156204,17.580750,17.616829,17.363930,17.309639,17.309639,17.182823,16.198189,15.941071,15.553970,15.683197,15.128059,15.387550,15.053780,14.905037,14.476006,14.718750,14.345024,14.550774,14.063721,14.774681,14.513397,14.830566,14.718750,15.016617,14.457298,14.830566,14.644127,15.220818,14.718750,14.438606,14.606796,14.494698,14.270103,14.811943,14.793312,14.737404,14.457298,14.681450,14.288834,14.774681,14.457298,14.606796,14.326302,14.232613,14.476006,14.457298,14.363747,14.120049,14.157593,14.774681,14.063721,14.532082,14.326302,14.195114,14.569450,14.550774,14.082504,14.176346,14.213860,14.120049,14.662788,14.476006,14.569450,14.718750,13.950951,14.438606,14.382469,14.345024,14.195114,14.700096,14.270103,14.232613,14.756035,14.625465,14.138817,13.913338,13.969765,14.700096,14.382469,14.195114,14.363747,13.950951,14.101280,14.063721,13.894524,13.819221,14.063721,13.517403,13.743858,13.894524,13.081795,13.611824,13.555183,13.668427,13.214584,13.498497,13.630692,13.725006,13.422867,13.819221,13.875710,13.838051,13.875710,13.762703,14.082504,14.457298,14.569450,14.101280,14.569450,14.345024,14.550774,14.532082,14.345024,13.969765,14.345024,14.044937,14.513397,14.494698,13.875710,14.494698,14.232613,14.270103,14.756035,13.781540,13.875710,14.307571,14.120049,14.195114,14.401184,13.687294,14.101280,13.969765,13.743858,14.026146,14.138817,14.345024,14.307571,14.251350,13.819221,14.288834,13.894524,14.419891,13.800392,14.401184,13.649567,14.176346,14.157593,14.438606,14.044937,14.232613,14.532082,14.345024,14.288834,14.157593,14.044937,14.044937,14.251350,14.849190,14.419891,14.382469,13.988556,14.270103,14.157593,13.838051,13.894524,13.913338,14.438606,14.101280,13.630692,13.819221,14.363747,13.856880,14.176346,14.195114,14.270103,14.457298,14.307571,14.793312,14.550774,15.090919,15.072350,15.517014,15.830643,15.683197,15.812218,16.344765,16.417961,15.959457,16.234848,16.143143,16.234848,16.326462,15.977844,16.051353,16.527649,16.655434,16.637184,16.928627,17.128418,17.200951,17.182823,17.363930,16.783035,17.237198,16.783035,17.200951,17.454338,17.345833,17.327736,17.363930,17.092117,17.291534,17.472412,17.327736,17.255310,17.508537,17.110275,17.327736,17.237198,17.598785,17.309639,17.255310,17.363930,17.472412,17.508537,17.742996,17.779015,17.833000,17.418190,17.345833,17.580750,17.580750,17.382019,17.562698,17.454338,18.066551,17.508537,18.335236,17.652901,17.454338,17.598785,17.779015,17.958839,17.237198,17.562698,17.526596,17.092117,17.400101,16.728371,17.562698,17.526596,17.544655,17.454338,17.454338,17.182823,17.273430,17.001335,16.837654,16.910439,16.381371,16.271500,16.069710,15.996223,16.363075,15.627831,15.535500,14.905037,14.849190,14.513397,15.090919,14.307571,14.120049,15.035194,14.849190,15.109489,14.718750,14.811943,14.532082,14.793312,15.109489,14.737404,14.625465,14.998024,14.700096,14.457298,14.942238,14.774681,14.457298,14.793312,14.513397,14.288834,14.905037,14.830566,14.979439,14.044937,14.044937,14.382469,14.811943,14.401184,14.232613,14.774681,14.026146,14.569450,14.326302,14.195114,14.419891,14.176346,14.138817,14.438606,13.819221,14.718750,14.120049,14.063721,13.743858,13.233543,
11.647133,13.366112,13.403954,12.948814,14.082504,13.498497,13.517403,13.743858,13.498497,13.932144,13.271439,14.176346,13.687294,13.422867,14.120049,14.101280,13.762703,14.063721,13.536285,13.347183,13.592949,13.706154,13.385033,13.932144,13.422867,13.819221,13.913338,14.176346,13.366112,13.592949,13.517403,13.403954,13.611824,13.517403,13.460693,13.252487,13.592949,13.592949,13.856880,13.252487,13.366112,13.498497,13.403954,12.853714,13.781540,13.819221,13.366112,13.517403,13.536285,13.969765,13.819221,13.668427,13.649567,13.536285,13.592949,13.762703,13.630692,13.176659,13.838051,13.725006,14.176346,13.422867,13.668427,13.574066,13.875710,13.611824,13.592949,13.328255,13.555183,13.271439,13.630692,13.328255,13.043808,13.233543,13.024826,13.043808,12.777557,12.815643,12.986824,13.138725,13.100769,12.758507,13.271439,13.649567,13.574066,13.536285,13.687294,13.875710,13.725006,13.819221,13.800392,14.026146,14.101280,14.213860,14.438606,14.438606,14.026146,14.251350,13.950951,14.044937,14.026146,13.969765,13.894524,13.856880,13.856880,13.725006,14.157593,13.479599,13.894524,14.101280,14.101280,13.875710,13.762703,13.630692,14.157593,14.157593,13.838051,13.800392,14.082504,13.932144,14.082504,13.932144,14.195114,13.781540,14.026146,14.307571,14.120049,14.082504,14.176346,14.120049,14.270103,14.213860,14.044937,14.063721,14.251350,14.120049,14.326302,14.288834,14.457298,14.232613,14.063721,14.213860,14.550774,14.101280,14.251350,14.044937,14.270103,14.625465,14.101280,14.251350,14.232613,14.345024,13.838051,13.969765,13.725006,13.932144,14.007355,14.007355,14.120049,13.649567,14.251350,14.138817,14.382469,15.072350,15.220818,15.387550,15.590912,15.627831,16.051353,16.014603,16.216530,16.673668,16.746590,17.037659,16.837654,16.983162,16.801247,16.928627,17.200951,17.073982,17.200951,17.073982,17.273430,17.454338,17.742996,17.508537,17.454338,17.580750,18.030663,18.030663,17.940880,17.797005,18.066551,17.670921,18.192039,17.850990,18.120361,17.616829,17.652901,18.209953,17.850990,18.066551,18.102425,18.138290,17.742996,18.138290,17.958839,18.138290,18.138290,17.815002,18.442459,18.781090,18.353111,18.120361,18.335236,18.567383,18.692123,18.976524,18.745514,18.388855,18.496017,18.388855,18.478165,18.567383,18.905502,18.674309,18.976524,18.603035,18.976524,18.638680,19.029732,19.189156,18.994255,19.224541,18.798882,19.136055,19.029732,19.118340,19.047462,19.489464,19.206863,19.312950,19.436554,19.471832,19.524719,19.418907,19.348289,19.471832,18.816666,19.259926,19.082909,18.958771,18.923264,18.727722,18.923264,19.011993,18.941017,18.887749,18.994255,18.887749,18.905502,18.887749,19.011993,18.692123,18.638680,18.692123,18.781090,18.781090,18.994255,18.084496,18.834435,18.603035,18.834435,18.478165,18.709923,18.478165,18.460312,18.781090,18.513863,18.299454,18.442459,18.638680,18.567383,18.030663,18.263664,18.727722,18.281563,18.317345,18.478165,18.120361,18.084496,18.066551,17.886955,18.620857,18.299454,18.209953,17.868965,18.424599,18.192039,17.886955,18.299454,18.102425,18.138290,18.442459,18.478165,18.781090,18.478165,18.567383,18.692123,18.531708,18.603035,18.299454,18.460312,18.531708,18.674309,18.120361,18.424599,18.048607,18.012718,18.084496,18.174133,18.102425,17.779015,18.030663,17.886955,17.797005,17.779015,17.526596,17.073982,17.019493,16.417961,16.344765,16.344765,15.646294,15.590912,15.443062,15.461563,14.998024,15.146614,14.644127,14.774681,14.476006,14.606796,14.606796,14.756035,14.756035,14.923637,14.979439,14.942238,14.644127,14.756035,14.737404,14.232613,14.998024,14.644127,14.942238,14.756035,14.905037,14.419891,14.270103,14.756035,14.532082,14.718750,14.532082,14.625465,14.942238,14.438606,14.476006,14.811943,14.120049,14.438606,14.270103,14.494698,14.401184,14.438606,14.326302,14.830566,14.550774,14.401184,14.270103,14.419891,14.419891,14.457298,14.569450,14.232613,14.307571,14.270103,13.894524,14.662788,14.232613,14.082504,14.195114,14.176346,14.476006,14.476006,14.737404,14.307571,14.101280,14.195114,14.232613,14.307571,14.382469,14.195114,14.662788,14.476006,14.345024,13.969765,14.026146,14.007355,13.800392,13.988556,13.743858,13.498497,13.233543,13.252487,13.630692,13.856880,13.498497,13.649567,13.176659,13.460693,13.668427,13.403954,13.687294,13.725006,13.687294,13.856880,13.725006,13.988556,13.932144,14.157593,14.681450,14.401184,14.457298,14.044937,14.307571,14.345024,14.251350,14.138817,14.363747,14.326302,14.157593,14.082504,14.513397,13.894524,13.988556,14.026146,14.251350,14.026146,13.913338,13.592949,14.157593,14.457298,14.457298,13.950951,13.875710,13.950951,13.950951,14.251350,14.307571,14.138817,14.438606,14.138817,14.438606,14.345024,14.026146,14.044937,14.419891,14.419891,14.438606,14.213860,13.819221,14.157593,13.988556,14.232613,14.363747,13.687294,13.725006,13.969765,14.363747,14.438606,13.725006,14.138817,13.969765,14.550774,13.894524,13.894524,14.213860,13.875710,14.288834,13.875710,13.630692,14.063721,13.574066,13.932144,13.762703,13.932144,13.781540,14.251350,14.644127,14.195114,14.363747,14.569450,14.326302,14.867805,14.960838,16.051353,15.498535,15.885872,16.124794,15.775375,15.885872,16.032974,16.014603,16.289825,16.051353,17.146553,17.128418,16.326462,16.436256,16.855865,16.582436,16.964989,17.073982,17.092117,16.910439,17.019493,17.418190,17.073982,17.544655,17.382019,17.073982,17.598785,17.382019,17.255310,17.128418,17.382019,17.219078,17.073982,17.436272,17.490471,17.382019,17.382019,16.855865,17.436272,17.200951,17.110275,17.363930,17.454338,17.688942,17.164696,17.309639,17.652901,17.598785,17.761002,17.994759,17.868965,17.833000,17.779015,17.779015,17.797005,17.868965,17.616829,17.580750,17.508537,17.309639,17.219078,17.472412,17.363930,17.886955,17.562698,17.400101,17.598785,17.490471,17.652901,17.237198,17.055817,17.490471,17.146553,17.544655,17.327736,16.783035,16.618950,16.655434,16.381371,16.124794,16.582436,15.443062,16.032974,15.424561,14.886414,14.756035,15.350533,14.718750,14.157593,14.363747,14.681450,14.457298,14.960838,14.998024,15.369041,14.737404,14.867805,14.923637,15.016617,14.849190,14.867805,14.382469,14.718750,14.513397,14.288834,14.457298,14.513397,14.494698,14.756035,14.044937,14.662788,14.494698,14.700096,14.457298,14.532082,14.606796,14.307571,14.550774,14.213860,13.988556,14.120049,14.213860,14.101280,14.326302,14.232613,14.082504,14.550774,14.176346,14.737404,14.326302,13.875710,13.988556,13.932144,13.498497,
12.682281,12.891754,13.611824,13.574066,13.403954,13.214584,13.195625,14.063721,13.950951,13.138725,13.819221,13.743858,13.517403,13.252487,13.913338,14.007355,14.513397,13.743858,14.063721,13.913338,14.063721,13.630692,14.120049,13.913338,13.592949,14.044937,13.932144,13.422867,13.460693,13.309326,13.687294,13.498497,13.592949,13.460693,13.743858,13.328255,13.479599,13.422867,13.498497,13.119759,13.668427,13.574066,13.328255,13.441788,13.725006,13.157700,13.668427,13.422867,13.290382,13.479599,13.932144,13.271439,13.856880,13.252487,13.743858,13.800392,13.479599,13.592949,13.630692,13.271439,13.781540,13.668427,13.932144,13.894524,13.725006,13.441788,13.119759,13.479599,13.366112,12.682281,13.441788,12.986824,13.309326,12.872734,13.062805,12.815643,12.853714,13.271439,12.929794,12.967819,13.043808,13.385033,13.517403,13.214584,13.687294,13.592949,13.687294,13.725006,13.460693,13.611824,13.347183,14.232613,14.101280,14.307571,14.101280,14.063721,14.026146,13.894524,13.969765,13.894524,14.270103,13.800392,14.213860,13.668427,14.044937,13.762703,13.781540,13.856880,13.630692,13.649567,14.213860,13.894524,13.856880,14.213860,13.592949,13.932144,14.007355,13.894524,14.288834,14.044937,14.345024,13.706154,14.044937,13.932144,14.270103,14.270103,14.307571,14.345024,14.120049,14.270103,13.856880,14.401184,14.363747,14.419891,14.176346,14.513397,14.157593,14.606796,14.326302,14.120049,14.513397,14.307571,14.270103,14.120049,14.195114,14.401184,14.700096,13.969765,14.345024,14.026146,14.811943,14.288834,14.251350,14.176346,14.176346,13.988556,13.875710,14.195114,13.856880,13.856880,13.932144,14.849190,14.849190,14.476006,15.183723,14.979439,15.498535,15.701637,16.198189,15.664742,16.618950,16.673668,16.691910,16.746590,16.564171,17.273430,16.655434,16.964989,17.092117,17.073982,17.128418,17.291534,17.327736,17.724983,18.012718,17.634865,17.886955,17.797005,17.922905,18.066551,18.084496,17.976807,17.616829,17.922905,17.886955,17.761002,17.742996,17.850990,17.815002,17.418190,18.084496,17.940880,17.652901,17.940880,17.886955,18.048607,17.815002,18.030663,18.192039,18.102425,18.066551,18.120361,18.209953,18.227867,18.353111,18.478165,18.209953,18.299454,18.887749,17.994759,18.852211,19.011993,18.442459,18.869980,18.852211,18.424599,19.029732,19.224541,19.171471,18.994255,18.941017,18.958771,19.365944,19.259926,19.507095,19.136055,19.771080,19.029732,19.753517,18.994255,19.454201,19.189156,19.471832,19.630394,19.595184,19.171471,19.454201,19.312950,19.312950,18.692123,19.224541,18.994255,19.242241,19.136055,19.029732,19.136055,18.816666,18.887749,18.798882,19.029732,18.976524,18.905502,19.224541,19.029732,18.603035,18.976524,18.852211,18.478165,18.549545,18.781090,18.905502,18.674309,18.549545,18.513863,18.406731,18.531708,18.692123,18.567383,18.353111,18.603035,18.156204,18.585213,18.263664,18.496017,18.692123,18.513863,18.245766,18.156204,18.406731,18.120361,18.299454,18.245766,18.156204,18.102425,18.066551,18.335236,18.156204,18.066551,18.656494,18.012718,18.138290,18.620857,18.048607,18.585213,18.406731,18.585213,18.798882,18.567383,18.852211,18.531708,18.638680,18.424599,18.406731,18.460312,18.603035,18.209953,18.102425,18.120361,18.317345,18.245766,18.245766,17.994759,17.742996,17.850990,17.562698,17.868965,17.454338,17.508537,17.255310,16.910439,16.874062,16.326462,16.179840,16.069710,15.941071,15.239365,15.369041,15.146614,15.053780,14.830566,14.606796,14.345024,14.737404,14.232613,14.625465,13.950951,14.905037,14.923637,14.979439,14.774681,14.532082,14.288834,14.774681,14.532082,14.363747,14.737404,14.662788,14.326302,15.053780,14.288834,14.588127,14.082504,14.195114,14.270103,14.232613,14.718750,14.569450,14.662788,14.606796,14.326302,14.288834,14.401184,14.270103,13.988556,14.438606,14.793312,14.457298,14.213860,14.345024,14.476006,14.476006,14.157593,14.793312,14.457298,14.382469,14.681450,14.195114,14.494698,14.363747,14.438606,14.457298,14.120049,14.662788,14.942238,14.438606,14.830566,14.363747,14.569450,14.419891,14.176346,14.419891,14.157593,14.363747,14.494698,14.345024,14.195114,14.120049,14.232613,13.932144,13.913338,14.120049,13.479599,13.988556,13.479599,13.706154,13.347183,13.668427,12.739456,13.649567,13.762703,13.517403,13.555183,13.555183,13.328255,14.007355,13.762703,13.536285,14.363747,14.251350,14.213860,14.101280,14.419891,14.644127,14.195114,14.774681,14.476006,14.550774,14.700096,14.251350,14.382469,14.457298,14.307571,14.288834,13.913338,14.793312,14.082504,14.363747,13.762703,14.307571,14.195114,14.382469,14.251350,14.270103,13.950951,13.781540,13.969765,14.101280,14.026146,14.026146,14.101280,14.494698,13.706154,14.382469,13.668427,14.232613,14.138817,14.419891,14.063721,14.363747,14.494698,14.326302,14.026146,14.419891,14.345024,14.345024,13.950951,13.950951,14.588127,14.438606,14.176346,14.026146,13.969765,14.213860,14.288834,14.157593,13.932144,14.082504,13.913338,13.950951,14.232613,14.101280,13.649567,13.574066,13.743858,14.120049,13.536285,13.592949,14.251350,13.838051,14.345024,14.532082,14.195114,14.476006,14.662788,14.905037,15.165176,15.572441,15.572441,16.014603,16.271500,16.124794,16.326462,16.051353,16.124794,16.198189,15.941071,16.234848,16.326462,16.764816,16.928627,16.637184,16.582436,16.783035,16.983162,17.001335,17.309639,16.910439,16.946808,17.670921,17.255310,16.983162,17.237198,17.472412,17.562698,17.688942,17.490471,17.128418,17.400101,17.526596,17.508537,17.490471,17.182823,17.291534,16.983162,17.182823,16.837654,17.273430,17.490471,17.182823,17.634865,17.815002,17.200951,17.182823,17.382019,17.761002,17.688942,18.012718,17.490471,17.886955,17.436272,18.048607,17.779015,17.833000,17.652901,17.940880,17.544655,17.634865,17.724983,17.526596,17.544655,17.454338,17.652901,17.237198,17.688942,17.363930,17.182823,17.490471,16.801247,17.164696,16.582436,16.983162,16.637184,16.783035,16.417961,16.454536,16.381371,15.904274,15.756950,15.350533,15.793800,14.830566,15.239365,14.886414,14.849190,14.457298,14.979439,14.550774,14.532082,14.960838,15.257896,14.457298,14.793312,15.128059,14.532082,14.942238,14.644127,14.457298,14.756035,15.535500,14.662788,14.867805,14.793312,14.774681,14.942238,14.606796,14.700096,14.849190,14.457298,14.662788,14.513397,14.532082,14.476006,14.849190,14.101280,14.157593,14.307571,14.569450,13.988556,14.026146,14.979439,14.905037,13.875710,14.251350,14.774681,14.063721,14.662788,14.251350,14.363747,13.687294,12.910774,
11.935799,13.119759,13.592949,13.687294,13.574066,13.119759,13.366112,12.929794,13.838051,12.891754,13.138725,13.611824,13.385033,13.649567,13.781540,13.819221,13.479599,13.856880,13.555183,13.479599,13.536285,13.574066,13.800392,13.592949,13.611824,13.403954,13.819221,13.743858,13.611824,13.403954,13.403954,13.176659,13.706154,13.252487,13.271439,13.743858,13.328255,13.081795,13.762703,13.574066,13.157700,13.385033,13.157700,13.195625,13.574066,13.630692,13.138725,13.385033,13.819221,13.536285,13.479599,13.385033,13.781540,13.403954,13.611824,14.026146,13.950951,13.932144,13.536285,13.819221,13.894524,14.101280,13.743858,13.800392,13.819221,13.460693,13.403954,13.649567,13.517403,13.214584,13.176659,13.328255,12.986824,12.986824,12.663208,13.081795,13.233543,13.119759,13.195625,13.195625,12.910774,12.891754,13.347183,12.929794,12.986824,13.517403,13.555183,13.819221,13.555183,13.574066,14.457298,13.668427,14.326302,13.932144,14.363747,14.044937,14.363747,14.288834,14.063721,13.706154,13.649567,13.913338,13.630692,14.157593,14.101280,14.007355,14.288834,13.611824,13.781540,14.026146,13.555183,13.668427,14.101280,13.706154,13.894524,13.913338,13.856880,14.120049,13.875710,13.932144,14.419891,14.101280,13.875710,13.743858,14.251350,14.345024,14.345024,14.326302,14.138817,14.232613,14.345024,14.157593,14.345024,14.044937,14.588127,14.213860,14.457298,14.213860,14.213860,14.176346,14.345024,14.176346,14.251350,14.082504,14.044937,14.457298,14.476006,14.532082,14.176346,14.307571,14.476006,14.345024,14.063721,14.457298,14.195114,14.401184,14.251350,13.819221,14.195114,14.082504,14.438606,14.494698,14.494698,15.146614,14.867805,15.220818,15.424561,15.849052,15.867470,16.216530,16.527649,16.545914,16.691910,17.037659,16.655434,16.710136,16.946808,17.092117,17.273430,16.910439,17.779015,17.526596,17.418190,17.490471,17.508537,17.508537,18.156204,17.670921,17.544655,18.138290,18.317345,17.886955,18.335236,18.192039,18.424599,18.048607,17.652901,17.688942,17.904930,17.652901,17.994759,17.688942,18.030663,17.904930,17.761002,17.886955,17.634865,17.815002,17.616829,17.868965,18.174133,18.048607,18.281563,18.388855,18.460312,18.834435,17.940880,18.066551,18.852211,18.406731,18.585213,18.299454,18.816666,18.816666,18.887749,18.905502,18.549545,18.727722,19.065178,18.781090,18.834435,19.047462,19.011993,19.065178,18.941017,19.259926,19.029732,19.365944,19.383614,19.224541,19.858894,19.224541,19.365944,19.436554,19.524719,19.242241,19.595184,19.206863,19.330627,19.330627,19.136055,19.489464,19.082909,19.136055,19.418907,18.531708,18.976524,18.620857,18.994255,18.460312,18.692123,18.976524,18.496017,18.567383,18.692123,18.852211,18.442459,18.745514,18.585213,18.496017,18.442459,18.976524,18.549545,18.030663,18.798882,18.549545,18.299454,18.620857,18.406731,18.941017,18.692123,18.674309,18.478165,18.192039,18.478165,18.674309,18.174133,18.048607,18.030663,18.120361,17.922905,18.406731,18.209953,18.156204,18.066551,17.922905,17.904930,18.370995,18.281563,18.388855,18.084496,18.353111,18.674309,18.353111,18.120361,18.727722,18.709923,18.709923,18.994255,18.299454,18.156204,18.763306,18.709923,18.263664,18.442459,18.245766,18.335236,19.065178,18.424599,17.904930,18.048607,17.544655,17.886955,17.761002,17.940880,17.490471,17.309639,17.761002,17.182823,16.655434,16.289825,16.673668,16.198189,15.683197,15.922668,15.146614,15.350533,15.369041,14.979439,14.867805,14.550774,14.138817,14.476006,14.625465,14.419891,14.419891,14.326302,14.793312,14.700096,14.550774,15.090919,14.867805,14.307571,14.588127,14.438606,14.625465,14.401184,14.606796,14.232613,14.756035,14.476006,14.532082,14.849190,15.128059,14.569450,14.101280,14.793312,14.700096,14.662788,14.457298,14.513397,14.550774,14.232613,14.588127,14.438606,14.345024,14.532082,14.419891,14.662788,14.251350,14.382469,14.457298,14.513397,14.213860,14.288834,14.251350,14.401184,14.363747,14.942238,14.662788,14.232613,14.251350,14.550774,14.569450,14.419891,14.345024,14.942238,14.270103,13.800392,14.457298,14.326302,14.157593,13.988556,14.213860,14.176346,14.213860,14.101280,13.838051,13.950951,13.969765,13.819221,13.894524,13.574066,13.725006,13.479599,13.479599,13.819221,12.986824,13.290382,13.762703,13.725006,13.385033,13.856880,13.875710,13.875710,14.345024,13.913338,13.875710,13.969765,14.101280,14.101280,14.457298,14.382469,14.326302,14.457298,14.345024,14.419891,13.988556,14.120049,14.195114,14.532082,13.969765,14.588127,14.176346,14.063721,13.969765,14.307571,14.307571,13.819221,14.138817,13.856880,14.044937,14.007355,14.494698,14.082504,14.063721,14.120049,13.894524,14.082504,14.082504,13.875710,14.270103,14.101280,14.101280,14.288834,13.875710,14.251350,14.662788,14.213860,13.913338,14.382469,14.326302,14.138817,14.307571,13.875710,14.438606,14.063721,14.101280,14.550774,13.800392,14.345024,14.513397,14.644127,14.307571,14.363747,14.251350,13.838051,13.781540,14.345024,14.138817,13.913338,13.668427,13.781540,14.044937,13.422867,13.894524,13.536285,13.555183,14.251350,14.138817,13.913338,14.082504,14.438606,14.756035,15.257896,15.165176,15.517014,15.738518,15.904274,16.271500,15.775375,15.904274,16.179840,15.941071,16.655434,16.363075,16.783035,16.124794,16.381371,16.928627,16.801247,17.073982,16.874062,17.363930,17.400101,17.219078,17.092117,17.255310,17.418190,17.797005,17.436272,17.110275,17.742996,17.219078,17.670921,17.472412,17.219078,17.219078,17.291534,17.164696,16.946808,16.801247,17.164696,17.001335,17.182823,17.219078,17.110275,17.327736,17.345833,17.454338,17.508537,17.490471,17.850990,17.345833,17.363930,17.815002,17.634865,17.598785,17.562698,17.382019,17.436272,17.508537,17.634865,17.797005,17.562698,17.706970,17.688942,17.868965,17.436272,17.634865,17.544655,17.634865,17.779015,17.598785,17.815002,16.946808,17.273430,17.309639,17.724983,17.073982,17.164696,17.164696,16.691910,16.837654,16.855865,16.454536,15.664742,15.498535,15.812218,15.406059,15.812218,14.569450,14.886414,14.756035,14.886414,14.830566,14.979439,14.288834,14.718750,14.550774,14.625465,14.867805,14.625465,14.644127,14.905037,14.662788,14.811943,14.886414,14.251350,13.988556,14.476006,14.625465,14.867805,14.513397,14.830566,14.401184,14.774681,14.345024,14.026146,14.756035,14.082504,14.550774,14.923637,14.382469,14.494698,14.494698,14.138817,14.606796,14.382469,14.700096,14.232613,13.838051,14.476006,13.988556,14.793312,13.856880,14.063721,14.044937,13.422867,13.309326,
12.223610,12.644142,13.403954,13.347183,13.479599,13.403954,13.252487,13.725006,14.326302,13.328255,13.894524,13.687294,13.819221,13.517403,13.403954,14.063721,13.498497,13.611824,13.762703,13.668427,13.138725,13.781540,13.894524,13.422867,13.706154,14.044937,13.479599,13.422867,13.687294,13.630692,13.800392,13.536285,13.536285,13.706154,13.366112,13.214584,13.290382,13.630692,13.687294,13.214584,13.479599,13.498497,13.005829,13.536285,13.574066,13.479599,13.800392,13.043808,13.762703,13.668427,14.026146,13.725006,13.819221,13.838051,13.214584,13.687294,13.385033,13.875710,13.422867,13.479599,13.441788,13.422867,13.366112,13.441788,13.536285,13.385033,14.007355,13.385033,13.385033,13.328255,13.081795,12.967819,13.479599,13.062805,13.233543,12.891754,12.834679,13.138725,12.986824,13.271439,13.138725,13.233543,13.252487,13.574066,13.403954,13.214584,13.479599,13.950951,13.536285,13.498497,13.913338,13.819221,14.288834,13.743858,14.476006,13.592949,13.932144,13.687294,14.082504,14.101280,14.438606,13.950951,14.345024,13.706154,14.195114,13.819221,14.326302,14.438606,14.251350,13.687294,14.176346,14.120049,14.288834,13.819221,13.762703,13.743858,14.138817,13.630692,14.044937,14.288834,14.382469,13.988556,14.120049,13.725006,14.419891,14.270103,14.476006,14.270103,14.120049,13.988556,14.044937,14.195114,14.063721,14.382469,14.101280,14.101280,14.007355,14.101280,14.588127,14.270103,14.756035,14.307571,13.838051,14.476006,14.494698,14.251350,14.363747,14.438606,14.382469,14.382469,14.550774,14.138817,14.401184,14.044937,14.363747,14.063721,14.288834,13.838051,13.950951,14.044937,14.644127,15.090919,14.774681,14.756035,14.811943,14.905037,15.480049,15.590912,15.830643,16.014603,16.491104,16.527649,16.618950,16.673668,16.892258,17.073982,17.019493,16.892258,17.128418,17.327736,17.616829,17.073982,17.652901,18.102425,17.182823,17.670921,17.797005,17.833000,18.102425,18.138290,17.922905,18.281563,18.030663,18.156204,17.833000,18.299454,18.066551,17.833000,17.886955,17.815002,18.102425,17.850990,17.815002,17.598785,17.688942,17.779015,18.209953,17.850990,17.868965,18.138290,17.815002,18.388855,18.156204,18.496017,18.709923,18.353111,18.656494,18.299454,18.638680,18.496017,18.727722,18.603035,18.941017,18.656494,19.118340,18.869980,18.727722,18.745514,19.189156,18.781090,18.976524,19.136055,18.994255,19.065178,19.542351,19.118340,19.100624,19.577583,19.295280,19.630394,19.118340,19.082909,19.242241,19.189156,19.295280,19.436554,19.312950,19.489464,19.277603,19.454201,19.365944,19.242241,19.295280,19.118340,19.277603,18.923264,18.905502,19.011993,18.745514,19.224541,19.189156,18.513863,19.118340,18.620857,18.834435,18.638680,19.242241,18.958771,18.174133,18.727722,18.869980,18.709923,18.727722,18.674309,18.958771,18.531708,18.585213,18.638680,18.674309,18.406731,18.531708,18.460312,18.496017,18.048607,18.209953,18.263664,18.923264,18.370995,18.638680,18.048607,18.478165,17.994759,18.102425,18.227867,18.245766,18.120361,18.370995,17.868965,17.886955,18.549545,18.120361,18.585213,18.656494,18.531708,18.941017,18.299454,18.656494,18.620857,18.852211,18.745514,18.638680,18.727722,18.674309,18.603035,18.531708,18.299454,18.281563,18.138290,18.174133,17.886955,18.174133,17.904930,18.084496,18.084496,17.688942,17.562698,17.688942,17.273430,17.146553,17.146553,16.892258,16.691910,16.436256,15.812218,16.106438,15.406059,15.387550,15.332008,14.905037,14.363747,14.288834,14.700096,14.513397,14.363747,15.109489,14.700096,14.849190,14.550774,14.905037,14.811943,14.606796,14.625465,15.072350,14.737404,14.494698,14.644127,14.830566,14.176346,14.830566,14.681450,14.438606,14.251350,14.476006,14.382469,14.419891,14.513397,14.494698,14.606796,14.438606,14.569450,14.026146,14.476006,13.988556,14.082504,14.213860,14.476006,14.195114,14.569450,14.494698,14.101280,14.737404,14.195114,14.401184,14.307571,14.662788,14.476006,14.195114,14.288834,14.232613,14.195114,14.363747,14.737404,14.625465,14.401184,14.345024,14.382469,14.513397,14.213860,14.811943,14.138817,14.960838,14.326302,14.195114,14.382469,14.681450,14.419891,13.932144,14.494698,14.138817,14.120049,13.856880,13.819221,13.687294,14.007355,14.044937,13.422867,13.630692,13.574066,13.271439,13.875710,13.800392,13.838051,13.630692,14.138817,13.819221,13.969765,14.120049,13.856880,14.138817,14.157593,14.176346,14.532082,14.363747,14.288834,14.588127,14.232613,14.457298,14.419891,14.476006,14.382469,14.120049,14.176346,14.082504,13.913338,14.532082,14.363747,13.950951,13.988556,14.270103,14.176346,13.988556,14.044937,14.157593,14.007355,13.668427,14.101280,14.026146,14.138817,13.988556,14.588127,14.457298,14.513397,14.307571,14.532082,14.270103,14.401184,14.138817,14.101280,14.157593,14.195114,14.026146,14.063721,14.513397,14.270103,14.569450,14.326302,14.063721,13.932144,14.251350,13.649567,14.532082,13.706154,14.550774,13.800392,14.138817,14.007355,14.363747,13.743858,13.725006,13.838051,14.063721,14.120049,13.913338,13.668427,13.932144,13.988556,13.725006,13.743858,13.913338,13.988556,13.969765,14.251350,14.232613,14.793312,14.476006,15.498535,14.998024,15.276436,15.812218,16.032974,15.701637,15.849052,16.014603,16.069710,15.738518,16.161499,16.582436,16.436256,16.399666,16.928627,17.073982,16.728371,16.964989,16.637184,17.110275,17.400101,16.874062,17.110275,17.073982,17.055817,17.436272,17.001335,16.874062,17.200951,17.472412,17.436272,17.562698,17.544655,17.815002,17.273430,17.309639,17.073982,17.309639,17.219078,17.092117,17.309639,17.436272,17.001335,17.490471,17.345833,17.490471,17.526596,17.598785,17.363930,17.904930,17.146553,18.066551,17.904930,17.886955,17.779015,17.904930,17.616829,17.526596,17.182823,17.815002,17.400101,17.742996,17.815002,17.868965,17.562698,17.363930,17.219078,17.436272,17.219078,17.309639,17.526596,17.309639,17.237198,16.600693,17.526596,16.892258,16.837654,16.964989,16.764816,16.454536,15.683197,16.088081,15.849052,15.941071,15.553970,15.294960,15.090919,14.718750,14.662788,14.476006,14.644127,14.550774,14.681450,14.270103,14.737404,15.053780,14.550774,14.849190,13.969765,14.532082,14.923637,14.307571,14.867805,14.606796,14.644127,14.307571,14.457298,14.326302,14.867805,14.774681,14.942238,14.363747,14.793312,14.718750,13.932144,15.035194,13.950951,14.513397,14.438606,14.270103,14.756035,14.532082,14.251350,14.082504,14.401184,14.401184,14.476006,14.532082,14.363747,14.382469,14.737404,13.649567,14.176346,14.345024,12.872734,
13.062805,12.739456,13.630692,12.986824,13.800392,13.460693,13.668427,13.460693,13.630692,13.460693,13.950951,14.026146,13.555183,13.347183,13.214584,13.687294,13.592949,14.044937,14.082504,13.498497,14.101280,13.894524,14.138817,13.743858,13.517403,13.725006,13.479599,13.460693,13.592949,13.592949,13.252487,13.762703,13.574066,13.403954,13.894524,13.233543,13.555183,13.460693,13.969765,13.479599,13.838051,13.649567,13.687294,13.611824,13.536285,13.498497,13.762703,13.611824,13.214584,13.630692,13.800392,13.517403,14.007355,13.498497,13.875710,13.668427,13.894524,13.536285,14.101280,13.536285,13.555183,13.743858,13.157700,13.479599,14.044937,13.781540,13.271439,13.611824,13.517403,13.385033,13.555183,13.271439,13.157700,13.157700,13.328255,12.986824,12.891754,13.555183,13.195625,12.796600,13.252487,13.233543,13.195625,13.479599,13.081795,13.819221,13.592949,13.309326,13.630692,13.875710,13.819221,13.819221,14.213860,13.950951,14.063721,14.138817,13.611824,13.649567,14.270103,14.063721,13.781540,13.687294,13.611824,13.932144,13.706154,13.932144,14.270103,13.894524,13.630692,13.894524,14.345024,13.781540,14.138817,13.950951,14.419891,13.706154,13.592949,13.988556,13.988556,14.138817,14.007355,13.781540,14.213860,13.762703,14.774681,14.213860,13.969765,13.687294,13.800392,14.270103,14.195114,14.288834,14.044937,14.101280,14.476006,14.044937,14.270103,14.195114,14.307571,14.195114,14.438606,14.345024,14.026146,14.007355,14.326302,14.569450,14.494698,14.644127,14.251350,14.737404,14.438606,13.819221,14.176346,14.138817,14.270103,13.574066,14.026146,14.138817,14.044937,13.856880,14.195114,14.625465,14.718750,14.905037,15.016617,15.053780,15.867470,15.517014,15.977844,16.124794,16.326462,16.582436,16.746590,16.928627,16.874062,16.545914,16.910439,17.508537,17.309639,17.073982,17.291534,17.508537,17.797005,17.994759,17.886955,17.490471,17.815002,18.245766,18.192039,17.958839,18.460312,18.012718,18.370995,18.174133,17.779015,18.317345,17.833000,18.066551,17.886955,17.976807,17.797005,17.994759,17.761002,18.102425,17.994759,17.688942,17.833000,18.030663,17.976807,17.815002,18.478165,18.012718,18.156204,18.531708,18.084496,18.496017,18.084496,18.174133,18.781090,18.763306,18.531708,18.638680,18.620857,18.656494,18.709923,19.189156,18.656494,18.496017,18.781090,19.118340,19.171471,18.941017,19.047462,19.118340,19.401253,18.941017,19.418907,19.489464,19.471832,19.242241,19.312950,19.718353,19.718353,19.577583,19.665596,19.189156,19.295280,19.454201,19.224541,19.295280,19.118340,19.454201,18.887749,19.136055,19.295280,18.638680,18.941017,18.620857,19.242241,18.620857,18.905502,18.656494,18.869980,18.887749,18.674309,18.709923,18.513863,18.585213,18.674309,18.620857,18.513863,18.727722,18.603035,18.798882,18.869980,18.442459,18.424599,18.478165,18.424599,18.549545,18.763306,18.763306,18.442459,18.531708,18.620857,18.549545,18.263664,18.406731,18.227867,18.084496,18.406731,17.886955,17.761002,18.245766,17.886955,18.281563,18.370995,18.745514,18.156204,18.209953,18.513863,18.763306,18.335236,18.174133,18.299454,18.549545,18.781090,18.620857,18.567383,18.549545,18.638680,18.887749,18.460312,18.709923,18.656494,18.567383,18.317345,17.833000,18.012718,18.227867,18.120361,18.030663,17.779015,17.850990,17.922905,17.724983,17.815002,17.472412,17.544655,16.946808,16.509377,16.600693,16.399666,16.069710,15.664742,15.922668,15.165176,15.183723,14.737404,14.476006,14.513397,14.026146,14.532082,14.625465,14.513397,14.700096,14.494698,14.998024,14.737404,14.718750,14.457298,14.830566,14.793312,14.457298,14.513397,14.382469,14.550774,14.476006,14.867805,14.176346,14.457298,14.793312,14.232613,14.270103,14.401184,14.363747,14.363747,14.625465,14.232613,14.195114,14.326302,14.232613,14.569450,14.232613,14.438606,14.007355,14.457298,14.532082,14.419891,14.606796,14.644127,14.532082,14.288834,14.625465,14.345024,14.345024,14.363747,14.811943,14.550774,14.345024,14.438606,14.063721,14.625465,14.251350,14.270103,14.494698,14.550774,14.401184,14.476006,14.307571,14.494698,14.232613,14.438606,14.345024,14.044937,14.419891,14.307571,13.630692,13.969765,13.913338,14.101280,13.460693,13.517403,14.120049,13.687294,13.195625,13.781540,13.536285,13.328255,13.611824,13.649567,13.328255,13.856880,13.517403,13.838051,13.460693,14.063721,14.007355,14.101280,14.476006,14.793312,14.550774,14.382469,14.345024,14.606796,14.419891,14.644127,14.213860,14.251350,14.063721,13.819221,14.401184,14.213860,14.082504,14.345024,14.195114,13.800392,14.026146,13.932144,13.875710,14.120049,14.232613,13.969765,14.120049,14.382469,14.007355,14.438606,14.101280,14.195114,14.550774,13.668427,14.157593,14.288834,14.063721,14.382469,14.138817,14.363747,14.063721,14.382469,14.157593,14.251350,14.120049,14.270103,14.120049,14.270103,14.138817,14.176346,14.569450,14.063721,13.950951,13.988556,14.326302,14.232613,14.232613,14.401184,13.875710,14.101280,14.195114,14.457298,14.401184,14.213860,13.856880,14.195114,13.875710,13.611824,13.611824,14.494698,13.649567,14.195114,13.988556,14.307571,14.569450,14.737404,14.438606,14.998024,14.886414,15.443062,16.308144,16.088081,16.014603,15.830643,15.738518,15.996223,15.849052,15.941071,16.728371,16.198189,16.399666,16.032974,16.436256,16.764816,16.874062,16.983162,17.001335,16.855865,17.164696,17.418190,17.382019,16.964989,17.219078,17.073982,17.634865,17.833000,17.055817,17.418190,18.030663,17.092117,17.182823,17.164696,16.910439,17.164696,17.309639,17.110275,17.345833,17.055817,16.874062,17.128418,17.345833,17.037659,17.182823,17.128418,17.490471,17.761002,17.742996,17.706970,17.345833,17.418190,17.598785,17.779015,17.706970,17.652901,18.120361,17.598785,17.761002,17.761002,17.562698,17.797005,17.327736,17.273430,17.706970,17.164696,17.544655,17.363930,17.037659,17.508537,17.345833,17.128418,16.691910,17.146553,17.146553,16.983162,17.073982,17.255310,16.710136,16.051353,16.399666,16.344765,15.756950,15.941071,15.183723,15.350533,15.276436,14.662788,14.288834,14.681450,14.569450,14.830566,14.532082,14.419891,14.382469,14.681450,14.849190,14.569450,15.572441,14.438606,14.737404,14.830566,14.923637,15.016617,14.905037,14.625465,14.363747,14.532082,14.867805,14.363747,14.120049,14.681450,14.849190,14.793312,13.913338,14.195114,14.718750,14.457298,13.988556,14.737404,14.737404,15.053780,14.569450,14.401184,14.419891,14.756035,14.026146,14.419891,14.326302,13.969765,13.762703,14.307571,14.063721,13.856880,12.834679,
11.858910,12.815643,13.422867,13.649567,13.611824,13.517403,13.366112,13.005829,13.498497,13.781540,14.176346,13.838051,13.781540,13.856880,13.725006,13.555183,13.856880,13.856880,13.555183,13.441788,13.819221,13.157700,13.592949,13.574066,14.044937,13.649567,13.385033,13.649567,13.328255,13.668427,13.838051,13.668427,13.894524,13.517403,13.856880,13.574066,13.366112,13.271439,13.214584,13.649567,13.555183,13.611824,13.366112,13.119759,13.592949,13.328255,13.668427,13.309326,13.819221,13.100769,13.498497,13.762703,13.498497,13.800392,13.611824,13.347183,13.838051,13.630692,13.592949,13.498497,13.328255,13.649567,13.743858,13.913338,13.725006,13.781540,13.555183,13.592949,13.176659,13.403954,13.043808,13.062805,13.366112,12.910774,13.119759,13.119759,13.214584,13.119759,13.347183,13.252487,13.100769,13.441788,13.271439,13.460693,13.517403,13.517403,13.536285,13.233543,13.460693,13.630692,13.838051,13.574066,13.969765,13.498497,14.195114,13.856880,13.687294,14.550774,14.082504,14.120049,14.195114,13.932144,14.026146,13.913338,13.875710,13.819221,13.687294,13.574066,13.969765,14.326302,14.213860,14.120049,14.232613,13.498497,13.913338,13.856880,13.856880,13.536285,14.176346,13.328255,13.762703,13.932144,13.894524,14.532082,14.176346,13.932144,14.195114,13.781540,13.913338,14.138817,13.950951,14.082504,14.494698,14.345024,14.326302,13.781540,14.363747,14.326302,14.288834,14.101280,14.494698,14.532082,14.401184,14.550774,14.886414,14.026146,14.625465,14.513397,14.606796,14.457298,14.419891,14.363747,14.382469,14.101280,13.875710,14.195114,14.213860,14.007355,13.932144,14.681450,14.213860,14.606796,14.662788,14.979439,14.923637,15.035194,15.461563,15.867470,15.867470,15.959457,16.417961,16.618950,16.527649,16.946808,16.964989,16.874062,16.946808,17.092117,16.946808,17.382019,17.291534,17.490471,17.904930,17.761002,17.761002,17.761002,17.454338,18.084496,17.850990,18.066551,18.317345,18.209953,17.922905,18.102425,17.850990,17.688942,18.156204,17.742996,18.156204,17.815002,17.958839,17.761002,18.156204,17.797005,17.706970,17.562698,17.976807,17.797005,18.120361,18.138290,18.138290,18.066551,18.192039,18.138290,18.227867,18.549545,18.460312,18.442459,18.245766,18.727722,18.192039,18.496017,18.994255,18.620857,18.798882,19.011993,19.047462,19.011993,18.905502,19.047462,19.136055,19.259926,19.153755,19.065178,19.206863,19.700775,19.383614,19.189156,19.171471,19.365944,19.383614,19.436554,19.365944,19.383614,19.718353,19.612793,19.507095,19.100624,19.542351,19.348289,18.976524,19.118340,18.887749,19.189156,18.958771,19.011993,18.923264,19.118340,18.958771,18.513863,18.905502,18.852211,18.620857,18.745514,19.029732,18.816666,18.603035,18.781090,19.136055,18.460312,18.406731,18.603035,18.781090,18.709923,18.496017,18.745514,18.620857,18.638680,18.585213,18.120361,18.442459,18.513863,18.335236,18.209953,18.370995,18.370995,18.174133,18.406731,18.209953,17.994759,18.192039,18.192039,18.281563,18.424599,18.066551,18.084496,17.833000,17.994759,18.478165,18.245766,18.227867,18.227867,18.958771,18.603035,18.958771,18.976524,18.763306,18.994255,18.603035,19.100624,18.370995,18.816666,18.603035,18.638680,18.460312,18.353111,18.084496,18.424599,18.120361,18.209953,18.460312,18.120361,17.797005,18.156204,17.940880,18.317345,17.273430,17.472412,17.363930,16.326462,16.855865,16.454536,16.234848,16.106438,15.720085,15.443062,15.313492,14.849190,14.867805,14.513397,14.718750,14.457298,14.588127,14.513397,14.232613,14.662788,14.644127,14.849190,14.774681,14.737404,14.606796,15.072350,14.681450,14.998024,14.681450,14.830566,14.718750,14.681450,14.532082,14.363747,14.774681,14.157593,14.251350,14.532082,14.532082,14.457298,14.700096,14.176346,14.044937,14.532082,14.830566,14.176346,14.438606,14.326302,14.307571,13.969765,14.326302,14.138817,14.438606,14.401184,14.401184,14.363747,14.307571,14.176346,14.550774,14.195114,14.513397,14.063721,14.232613,14.476006,14.382469,14.606796,14.737404,14.438606,14.625465,14.513397,14.457298,14.345024,13.687294,14.044937,14.326302,14.326302,14.494698,14.401184,14.176346,14.026146,14.363747,13.913338,13.932144,14.082504,13.611824,14.026146,13.195625,13.574066,13.630692,13.195625,13.385033,13.366112,13.195625,13.555183,13.611824,13.176659,13.403954,13.214584,13.743858,14.176346,13.706154,13.819221,14.157593,14.251350,13.969765,14.345024,14.886414,14.886414,14.756035,14.644127,14.644127,13.894524,14.569450,14.457298,14.157593,14.157593,14.700096,14.438606,14.382469,14.195114,13.725006,14.307571,14.307571,14.120049,14.138817,14.232613,14.363747,14.026146,13.856880,14.044937,14.550774,14.326302,13.649567,14.419891,13.894524,14.082504,14.494698,13.875710,14.195114,14.419891,14.195114,14.307571,14.307571,14.232613,14.288834,14.307571,13.819221,13.950951,14.644127,14.550774,14.345024,13.706154,14.494698,13.856880,13.913338,14.513397,14.718750,14.176346,14.270103,14.363747,14.232613,13.988556,14.457298,14.044937,14.213860,13.894524,13.950951,13.706154,13.950951,13.969765,13.838051,13.932144,13.649567,14.176346,14.476006,14.569450,14.326302,14.923637,15.664742,15.406059,15.498535,15.683197,15.830643,16.051353,15.480049,16.106438,15.922668,15.977844,16.308144,16.417961,16.746590,16.710136,16.819458,16.655434,16.655434,16.855865,16.783035,16.710136,17.219078,16.983162,17.110275,17.418190,17.110275,16.946808,17.779015,17.598785,17.454338,17.797005,17.400101,17.454338,17.110275,17.092117,17.073982,17.037659,17.200951,17.073982,17.255310,17.146553,17.110275,16.946808,17.598785,17.652901,17.164696,17.309639,17.526596,17.128418,17.761002,17.706970,17.904930,17.544655,17.436272,17.797005,17.544655,17.418190,17.868965,17.886955,17.616829,17.688942,17.868965,17.436272,17.616829,17.490471,17.886955,17.616829,18.102425,17.580750,17.073982,17.309639,17.327736,17.182823,16.964989,17.037659,17.363930,16.928627,17.309639,17.146553,16.655434,16.801247,16.363075,16.783035,16.253181,16.051353,15.867470,15.239365,15.443062,15.332008,14.979439,14.718750,14.550774,14.550774,14.793312,14.662788,14.811943,14.382469,15.090919,14.849190,14.998024,15.035194,15.072350,14.960838,14.476006,14.867805,14.513397,14.849190,14.550774,14.345024,14.569450,14.681450,14.737404,14.774681,14.232613,14.363747,14.569450,14.195114,14.532082,14.588127,14.213860,14.569450,14.476006,14.737404,14.176346,14.644127,14.811943,14.438606,14.044937,14.419891,14.363747,13.969765,14.419891,14.026146,13.894524,14.288834,14.157593,13.460693,
12.204445,13.460693,13.366112,13.460693,13.687294,13.932144,13.725006,13.517403,13.762703,13.233543,13.536285,13.328255,13.838051,13.498497,13.630692,13.385033,13.706154,13.819221,13.725006,13.950951,13.856880,13.913338,13.309326,13.271439,13.800392,13.309326,13.668427,14.082504,13.800392,13.214584,13.347183,13.687294,13.328255,13.932144,13.403954,13.611824,13.800392,13.157700,13.706154,13.366112,13.592949,13.687294,13.743858,13.271439,13.271439,13.328255,13.687294,13.762703,13.403954,13.290382,14.101280,13.422867,13.195625,13.119759,13.856880,13.611824,14.176346,13.498497,13.875710,13.555183,13.932144,13.875710,14.026146,13.706154,13.800392,14.007355,13.687294,13.932144,13.819221,13.498497,13.157700,12.834679,13.517403,12.663208,13.138725,13.119759,12.929794,13.005829,13.214584,13.138725,13.157700,13.119759,13.176659,13.441788,13.536285,13.138725,13.498497,13.781540,13.856880,13.498497,14.157593,14.007355,14.120049,14.063721,14.063721,14.026146,14.044937,13.950951,13.781540,13.913338,13.950951,14.082504,14.326302,14.157593,14.195114,14.044937,13.800392,13.668427,14.007355,14.176346,13.969765,14.438606,14.232613,13.819221,13.781540,13.875710,13.894524,14.044937,14.307571,14.120049,13.819221,13.894524,13.819221,13.838051,13.706154,13.913338,14.232613,13.762703,14.007355,14.326302,14.232613,14.550774,14.476006,14.476006,14.176346,14.007355,13.932144,14.101280,13.988556,13.932144,14.270103,14.681450,14.476006,14.157593,14.513397,14.232613,14.307571,14.644127,14.251350,14.513397,14.737404,14.101280,14.438606,14.251350,14.063721,13.950951,14.044937,13.875710,14.063721,13.932144,13.894524,14.457298,15.053780,14.363747,15.072350,15.072350,15.996223,15.941071,15.701637,16.271500,16.618950,16.527649,16.399666,16.837654,16.855865,16.746590,17.182823,16.910439,16.964989,17.055817,17.327736,17.255310,17.833000,18.012718,17.490471,17.526596,17.958839,17.580750,17.797005,18.066551,18.424599,18.299454,18.281563,17.940880,18.048607,18.245766,18.012718,18.209953,18.102425,17.868965,18.120361,17.742996,17.815002,17.886955,17.363930,17.490471,18.156204,17.670921,17.850990,18.245766,17.904930,18.030663,18.245766,18.424599,18.567383,18.816666,18.478165,18.299454,18.656494,18.370995,18.656494,18.798882,18.603035,18.745514,18.976524,18.709923,18.923264,18.958771,18.994255,18.585213,18.905502,18.941017,18.941017,18.923264,19.100624,19.029732,19.454201,18.727722,19.858894,19.348289,19.153755,19.559967,19.242241,19.683189,19.788658,19.524719,19.047462,19.312950,18.994255,19.047462,18.976524,19.171471,19.065178,18.763306,18.745514,18.941017,18.869980,18.620857,18.638680,18.603035,18.834435,18.656494,18.923264,18.941017,18.549545,18.709923,18.869980,18.816666,18.567383,18.299454,18.513863,18.567383,18.834435,18.620857,18.674309,18.727722,18.299454,18.531708,18.781090,18.138290,18.585213,18.442459,18.442459,18.513863,18.460312,18.227867,18.603035,18.353111,18.388855,17.994759,18.442459,18.281563,18.245766,17.886955,17.940880,17.958839,18.102425,18.084496,18.442459,18.549545,18.745514,18.174133,18.656494,18.388855,18.656494,18.816666,18.781090,18.816666,18.958771,18.941017,18.816666,18.245766,18.549545,18.763306,18.763306,18.656494,18.442459,18.192039,18.030663,18.120361,17.688942,18.048607,18.030663,17.761002,18.120361,18.084496,17.472412,17.273430,16.855865,16.600693,16.618950,16.637184,16.124794,15.885872,15.609375,15.627831,15.016617,15.016617,14.960838,14.830566,14.662788,14.644127,14.494698,14.550774,14.138817,14.718750,14.681450,14.550774,14.774681,14.849190,14.905037,14.494698,14.979439,15.128059,14.700096,14.494698,14.849190,14.494698,14.737404,14.232613,14.307571,14.886414,14.550774,14.662788,14.662788,14.063721,14.569450,14.363747,14.494698,14.307571,14.307571,14.138817,14.569450,14.382469,14.288834,14.251350,14.345024,14.494698,14.849190,14.326302,14.270103,13.838051,14.345024,14.288834,14.737404,14.550774,14.550774,14.401184,14.811943,14.082504,14.138817,14.101280,14.532082,14.345024,14.457298,14.101280,14.625465,14.494698,14.232613,14.288834,14.195114,14.532082,14.288834,14.401184,14.363747,14.251350,14.382469,14.288834,14.606796,14.007355,13.894524,13.819221,13.517403,13.819221,14.044937,13.347183,13.441788,13.875710,12.891754,13.555183,13.932144,14.026146,13.725006,13.743858,13.536285,14.101280,13.932144,13.819221,14.401184,14.026146,14.195114,14.326302,14.681450,14.681450,14.176346,14.363747,14.737404,14.494698,15.072350,14.251350,14.345024,14.457298,14.251350,14.532082,14.307571,14.625465,14.157593,14.476006,14.326302,14.213860,14.232613,14.363747,14.082504,13.950951,14.326302,13.932144,14.176346,13.781540,13.762703,14.082504,13.988556,14.176346,14.082504,13.856880,14.288834,14.195114,14.382469,14.513397,14.026146,13.856880,14.213860,14.213860,13.932144,14.326302,14.232613,14.457298,14.138817,14.082504,14.101280,14.157593,14.063721,14.213860,14.044937,14.044937,14.270103,14.345024,14.494698,13.781540,14.326302,13.536285,14.138817,14.326302,13.913338,13.441788,13.969765,13.838051,13.913338,13.969765,14.101280,14.662788,14.044937,14.044937,14.326302,15.165176,15.239365,15.128059,15.646294,15.387550,15.812218,15.738518,15.683197,16.179840,15.996223,16.253181,16.179840,16.417961,16.454536,16.271500,16.874062,16.710136,16.783035,17.200951,16.964989,17.182823,17.055817,17.382019,16.855865,17.164696,17.309639,17.670921,17.382019,18.084496,17.833000,17.490471,17.526596,17.779015,17.237198,17.110275,16.983162,17.219078,17.019493,17.255310,16.983162,17.255310,17.182823,17.237198,17.472412,17.164696,17.436272,17.400101,17.508537,17.382019,17.724983,17.200951,17.526596,17.904930,17.634865,17.652901,17.833000,17.580750,17.940880,17.400101,17.526596,17.688942,17.580750,17.382019,18.120361,18.066551,17.634865,17.219078,17.508537,17.454338,17.182823,17.110275,17.273430,17.273430,17.400101,17.472412,16.946808,17.255310,17.327736,16.618950,17.182823,16.491104,16.618950,16.308144,16.491104,16.014603,15.996223,15.350533,15.572441,14.998024,14.998024,14.270103,15.183723,14.401184,14.532082,14.550774,15.276436,14.681450,14.606796,14.457298,14.849190,14.532082,14.700096,14.681450,14.438606,14.793312,14.569450,14.401184,14.588127,14.345024,14.438606,14.457298,14.419891,14.494698,14.662788,13.988556,14.251350,14.606796,14.998024,14.979439,14.026146,14.382469,14.345024,14.419891,14.138817,14.419891,14.401184,14.438606,14.101280,13.932144,14.026146,14.176346,14.176346,14.063721,13.894524,14.232613,13.706154,13.574066,
12.166107,13.005829,13.819221,13.460693,13.498497,13.233543,13.385033,13.441788,13.347183,13.574066,13.950951,13.366112,13.932144,13.555183,14.195114,13.366112,13.479599,13.309326,13.611824,13.195625,13.592949,13.366112,13.950951,14.063721,13.856880,13.555183,14.044937,13.498497,13.574066,13.781540,13.687294,13.932144,13.555183,13.875710,13.592949,13.385033,13.195625,13.422867,13.460693,13.781540,13.725006,13.649567,13.252487,12.929794,13.856880,13.649567,13.875710,13.630692,13.081795,13.517403,13.479599,14.101280,13.932144,13.347183,13.743858,13.819221,13.611824,13.403954,13.403954,13.894524,13.517403,14.082504,13.743858,12.929794,13.062805,13.043808,13.894524,13.649567,13.309326,13.517403,13.706154,13.328255,13.252487,12.510529,13.555183,13.062805,12.395866,12.491440,13.233543,13.024826,13.441788,12.948814,12.967819,13.157700,13.385033,12.929794,13.630692,13.668427,13.517403,13.819221,14.082504,13.781540,13.630692,14.120049,14.101280,14.026146,14.270103,14.138817,13.875710,13.819221,14.101280,13.838051,14.138817,13.781540,13.649567,13.875710,14.101280,13.969765,13.819221,14.176346,14.457298,13.894524,14.007355,13.743858,14.195114,13.950951,13.969765,14.213860,14.063721,13.649567,14.026146,13.950951,13.800392,13.762703,13.706154,14.345024,14.251350,14.288834,14.082504,14.232613,14.138817,14.101280,14.232613,14.195114,14.588127,14.307571,14.138817,14.718750,14.213860,14.063721,14.157593,14.176346,14.195114,14.213860,14.625465,14.569450,14.401184,14.457298,14.401184,14.288834,14.830566,14.457298,14.588127,14.138817,14.044937,14.101280,13.932144,13.630692,14.044937,13.574066,13.932144,14.718750,14.644127,14.923637,14.979439,15.424561,15.977844,15.775375,15.885872,16.271500,15.793800,16.728371,16.764816,17.001335,16.910439,16.527649,16.946808,17.345833,16.964989,17.128418,17.309639,17.616829,17.562698,17.868965,17.508537,18.424599,17.724983,18.299454,17.706970,17.688942,17.958839,18.174133,18.638680,18.245766,18.156204,18.138290,18.209953,17.706970,18.102425,17.580750,18.227867,17.833000,17.940880,17.994759,17.940880,18.192039,17.904930,17.490471,18.227867,17.833000,17.815002,18.638680,18.263664,18.424599,18.317345,18.496017,17.958839,17.976807,18.442459,18.531708,18.567383,18.798882,18.656494,18.638680,18.638680,18.905502,18.709923,18.727722,18.727722,19.259926,19.065178,19.118340,18.923264,19.100624,19.312950,19.029732,19.471832,19.242241,19.401253,19.365944,19.383614,19.348289,19.753517,19.612793,19.436554,19.436554,19.471832,19.171471,19.224541,19.365944,18.905502,18.727722,18.887749,19.171471,18.869980,19.206863,18.958771,18.994255,18.869980,19.118340,18.709923,18.745514,18.852211,18.531708,18.781090,18.905502,18.798882,18.353111,18.727722,18.869980,18.852211,18.745514,18.513863,18.834435,18.442459,18.585213,18.692123,18.442459,18.549545,18.727722,18.353111,18.245766,18.781090,18.424599,18.424599,18.370995,18.156204,18.102425,18.335236,18.442459,18.763306,18.138290,17.940880,18.388855,18.192039,18.281563,18.353111,18.263664,17.886955,17.958839,18.513863,18.227867,18.674309,18.370995,18.674309,18.620857,18.709923,18.745514,18.478165,18.638680,18.353111,18.905502,18.763306,18.585213,18.745514,18.549545,18.388855,18.281563,18.084496,18.120361,18.567383,18.030663,18.084496,17.940880,17.291534,17.761002,17.508537,17.400101,17.345833,16.983162,16.801247,16.344765,16.326462,16.124794,15.812218,15.220818,15.146614,15.146614,14.849190,14.382469,14.550774,14.513397,14.550774,14.120049,14.532082,14.494698,14.681450,14.960838,14.457298,14.457298,14.867805,14.625465,14.532082,14.532082,14.737404,14.176346,14.606796,14.681450,14.251350,14.513397,14.662788,14.288834,14.494698,14.401184,14.513397,14.905037,14.867805,14.157593,14.419891,14.326302,14.363747,14.326302,14.120049,14.457298,14.270103,14.811943,14.288834,14.476006,14.232613,14.007355,14.232613,14.270103,14.718750,13.932144,14.419891,14.793312,14.307571,14.101280,14.213860,14.345024,14.419891,14.905037,14.363747,14.345024,14.326302,14.251350,14.606796,14.588127,14.718750,14.476006,14.401184,14.588127,14.532082,14.513397,14.195114,14.288834,14.120049,13.762703,14.157593,13.725006,13.555183,13.555183,13.819221,13.800392,13.706154,13.309326,13.536285,13.649567,13.630692,13.856880,13.309326,13.706154,13.668427,13.592949,13.781540,14.101280,13.762703,13.743858,14.101280,14.232613,13.894524,14.157593,14.942238,14.345024,14.476006,14.625465,14.644127,13.950951,14.644127,14.867805,14.345024,14.942238,14.251350,14.101280,14.401184,13.932144,14.382469,14.157593,14.026146,13.875710,14.120049,14.176346,14.513397,14.157593,14.138817,14.326302,14.419891,14.326302,13.743858,13.875710,14.737404,13.950951,14.176346,14.345024,14.138817,14.176346,14.176346,13.950951,14.101280,14.326302,13.875710,14.457298,14.476006,14.476006,13.781540,14.251350,14.082504,14.288834,14.195114,14.044937,14.213860,14.138817,14.345024,14.026146,14.007355,14.044937,14.288834,14.044937,14.363747,14.476006,14.681450,13.252487,14.044937,13.517403,13.950951,13.706154,13.725006,14.120049,14.438606,14.213860,14.457298,14.251350,14.270103,15.461563,14.886414,15.220818,15.627831,15.406059,15.830643,15.922668,16.014603,15.646294,15.609375,15.885872,16.454536,16.399666,16.527649,16.710136,16.710136,16.527649,16.910439,16.910439,16.746590,16.983162,16.874062,17.110275,16.910439,17.255310,17.073982,17.454338,17.219078,17.400101,17.490471,17.146553,17.237198,17.363930,17.345833,17.200951,16.946808,16.819458,16.964989,17.055817,17.454338,17.219078,17.472412,16.874062,17.400101,16.964989,17.472412,17.291534,17.652901,17.904930,17.382019,17.670921,17.688942,17.616829,18.424599,17.580750,17.490471,18.048607,18.048607,17.580750,17.850990,17.958839,17.508537,17.670921,17.472412,17.616829,17.761002,17.670921,17.761002,17.164696,17.219078,17.309639,16.673668,17.345833,17.019493,16.783035,17.508537,17.382019,17.001335,16.910439,16.874062,16.618950,16.746590,16.691910,15.904274,15.812218,15.756950,15.775375,15.165176,14.830566,14.532082,15.035194,14.905037,14.905037,14.681450,14.756035,15.090919,14.644127,14.176346,14.662788,14.942238,15.202286,14.830566,14.476006,14.569450,14.737404,15.109489,14.419891,14.718750,14.419891,14.382469,14.438606,14.588127,14.494698,14.849190,14.793312,13.969765,14.457298,14.494698,14.213860,14.476006,14.382469,14.419891,14.438606,14.494698,14.606796,14.625465,14.737404,14.288834,14.700096,14.157593,14.326302,14.532082,14.082504,14.457298,14.063721,13.460693,13.100769,
11.801193,12.872734,13.687294,13.252487,13.536285,13.460693,13.574066,13.214584,13.592949,13.894524,13.555183,14.026146,13.856880,13.366112,13.988556,13.555183,14.232613,13.517403,13.743858,13.347183,13.856880,13.781540,13.668427,13.800392,13.347183,13.574066,13.725006,13.460693,13.592949,13.252487,13.214584,13.328255,13.894524,13.498497,13.969765,13.536285,13.649567,13.252487,13.649567,13.687294,13.441788,13.969765,13.233543,13.460693,13.385033,13.706154,13.743858,13.517403,13.781540,13.838051,13.498497,13.498497,13.668427,13.233543,13.347183,13.781540,13.819221,13.328255,13.460693,13.555183,13.611824,13.555183,13.555183,13.574066,13.422867,13.214584,13.988556,13.422867,13.422867,13.743858,13.385033,13.214584,12.815643,12.644142,12.986824,12.910774,13.176659,12.586906,13.043808,13.441788,13.347183,13.157700,13.195625,12.777557,13.062805,13.743858,13.800392,13.725006,14.157593,13.498497,13.894524,13.969765,14.044937,13.988556,13.894524,14.026146,13.969765,14.213860,14.120049,14.288834,13.988556,13.403954,14.026146,14.026146,14.120049,14.082504,13.630692,14.251350,14.232613,13.950951,14.007355,14.101280,13.894524,14.288834,14.138817,13.819221,14.476006,14.345024,14.307571,14.213860,14.419891,14.044937,14.063721,14.195114,14.007355,13.687294,13.630692,14.476006,14.345024,14.120049,14.044937,14.082504,14.345024,14.176346,14.569450,13.932144,14.345024,14.457298,14.494698,14.157593,14.138817,14.288834,14.082504,14.662788,14.811943,14.513397,14.307571,14.737404,14.457298,14.270103,14.588127,14.644127,14.232613,14.288834,14.326302,13.969765,14.082504,13.988556,14.270103,14.251350,14.550774,14.120049,14.811943,14.662788,14.905037,15.406059,15.701637,15.904274,15.977844,16.143143,16.381371,16.764816,17.182823,16.819458,16.691910,17.001335,17.092117,17.345833,16.928627,17.110275,17.345833,17.200951,17.616829,17.652901,17.688942,17.815002,17.688942,17.940880,18.192039,17.994759,18.120361,17.688942,18.317345,18.353111,18.299454,17.779015,18.012718,18.048607,18.048607,17.922905,17.634865,17.850990,17.616829,17.994759,17.724983,17.850990,17.670921,18.192039,18.066551,17.761002,17.833000,17.742996,18.299454,18.209953,18.335236,18.353111,18.424599,18.496017,18.370995,18.745514,18.674309,18.620857,18.460312,18.656494,18.976524,18.941017,18.727722,18.923264,18.692123,18.709923,19.065178,19.136055,18.976524,18.923264,19.348289,18.852211,19.118340,19.524719,19.365944,19.524719,19.665596,19.259926,19.047462,19.507095,19.542351,19.542351,19.612793,19.029732,19.100624,19.082909,19.047462,18.781090,18.869980,19.029732,18.692123,18.460312,18.763306,18.994255,18.887749,18.549545,18.709923,18.852211,18.781090,18.603035,18.745514,18.781090,18.923264,18.869980,18.905502,18.727722,18.513863,18.816666,18.834435,18.102425,18.531708,18.620857,18.245766,18.424599,18.227867,18.549545,18.388855,18.585213,18.549545,18.030663,18.227867,18.281563,18.370995,18.299454,18.496017,18.156204,18.030663,18.084496,18.727722,18.174133,17.652901,18.245766,18.012718,18.763306,18.012718,18.102425,18.567383,18.209953,18.674309,18.549545,18.763306,18.869980,18.852211,18.852211,19.011993,18.816666,18.496017,18.460312,18.567383,18.478165,18.192039,18.263664,18.370995,18.335236,18.084496,18.460312,18.030663,18.102425,18.066551,17.850990,17.688942,17.742996,17.724983,17.363930,16.983162,17.382019,16.253181,16.436256,16.124794,16.143143,15.590912,15.590912,15.369041,15.220818,15.035194,14.718750,14.756035,14.457298,14.811943,14.363747,14.700096,14.737404,14.569450,14.569450,14.718750,14.830566,14.513397,14.756035,14.793312,14.588127,14.737404,14.886414,14.737404,14.438606,14.867805,14.849190,14.513397,14.176346,14.476006,14.625465,14.569450,13.894524,14.718750,14.625465,14.532082,14.457298,14.438606,14.382469,14.326302,14.232613,14.550774,14.588127,14.044937,14.026146,14.326302,14.457298,14.120049,14.288834,14.307571,14.401184,14.307571,14.494698,14.438606,14.307571,14.681450,14.419891,14.363747,14.232613,14.457298,14.756035,14.867805,14.606796,14.382469,14.063721,14.662788,14.401184,14.307571,14.681450,14.606796,14.063721,14.026146,14.401184,14.569450,14.026146,14.120049,13.762703,13.950951,14.307571,13.988556,14.063721,13.460693,13.649567,13.668427,13.460693,13.969765,13.706154,13.366112,13.592949,13.932144,13.668427,13.725006,14.044937,14.270103,13.819221,14.288834,14.044937,14.195114,14.213860,14.830566,14.606796,15.165176,14.438606,14.120049,14.251350,14.494698,14.363747,14.213860,14.044937,14.270103,14.251350,14.382469,14.101280,14.101280,13.969765,13.781540,13.706154,14.288834,13.838051,14.345024,13.932144,14.345024,14.345024,14.157593,14.569450,14.382469,13.988556,14.457298,14.195114,14.270103,14.401184,14.213860,14.138817,14.195114,13.932144,14.120049,14.382469,14.438606,14.101280,14.138817,13.950951,14.063721,14.401184,13.856880,14.101280,14.195114,13.725006,14.476006,14.063721,14.195114,14.251350,14.213860,14.644127,14.101280,14.138817,14.606796,14.026146,13.988556,14.270103,14.101280,14.213860,13.932144,13.460693,13.649567,13.555183,14.120049,13.932144,14.288834,14.007355,14.811943,15.294960,15.053780,15.183723,15.553970,16.179840,16.143143,15.830643,16.198189,15.793800,16.417961,16.326462,16.271500,15.977844,16.124794,16.783035,16.837654,16.234848,16.837654,16.417961,16.928627,16.710136,17.092117,17.092117,17.382019,17.761002,17.309639,17.688942,17.544655,17.363930,17.382019,17.400101,17.327736,17.472412,17.273430,17.400101,17.580750,17.055817,17.327736,17.037659,17.055817,17.128418,17.616829,17.019493,17.454338,17.037659,17.436272,17.616829,17.400101,17.526596,17.001335,17.237198,17.616829,17.110275,17.237198,18.335236,17.454338,18.012718,17.688942,17.724983,17.706970,17.850990,18.012718,17.634865,17.345833,17.273430,17.436272,17.850990,17.526596,17.562698,17.164696,17.400101,17.562698,17.182823,16.509377,17.309639,17.092117,17.200951,17.255310,17.200951,16.289825,16.783035,16.491104,16.801247,16.069710,16.088081,15.498535,15.664742,14.867805,14.737404,15.406059,14.569450,14.195114,14.625465,14.662788,14.662788,14.830566,14.867805,14.737404,14.569450,14.905037,14.513397,14.793312,14.756035,14.345024,14.307571,14.718750,14.419891,14.830566,14.532082,14.401184,14.588127,14.979439,14.476006,14.644127,14.718750,14.644127,14.044937,14.457298,14.811943,14.494698,14.849190,14.288834,14.026146,14.476006,14.251350,14.101280,13.687294,14.082504,14.063721,14.700096,14.195114,14.382469,13.800392,14.044937,14.120049,13.875710,13.043808,
12.872734,12.548721,13.762703,13.969765,13.271439,13.157700,13.119759,13.611824,14.288834,13.271439,13.119759,13.630692,13.611824,14.120049,13.611824,13.100769,13.838051,13.024826,13.687294,13.574066,13.176659,14.044937,13.555183,13.988556,13.856880,13.517403,13.403954,13.725006,13.460693,13.856880,13.479599,13.366112,13.856880,13.290382,13.743858,13.252487,13.781540,13.328255,13.460693,13.422867,13.800392,13.100769,13.347183,12.758507,13.366112,13.969765,13.592949,13.687294,13.460693,13.290382,13.668427,13.725006,14.419891,13.574066,13.574066,13.460693,13.460693,13.687294,13.611824,13.932144,13.725006,13.649567,13.856880,13.762703,13.214584,13.498497,13.366112,13.611824,12.701340,13.252487,13.252487,13.385033,12.986824,13.005829,13.043808,13.214584,12.853714,12.815643,13.290382,12.625069,12.910774,13.176659,13.574066,13.479599,13.460693,13.157700,13.479599,13.479599,13.800392,14.063721,13.706154,13.555183,13.894524,14.213860,13.950951,14.232613,13.630692,14.157593,13.913338,13.856880,13.932144,13.838051,14.213860,13.611824,14.326302,14.082504,14.026146,13.819221,13.743858,13.743858,14.026146,13.479599,14.082504,14.007355,13.950951,14.251350,14.082504,13.932144,14.270103,14.101280,13.800392,13.649567,14.476006,13.988556,13.913338,14.007355,14.419891,14.157593,14.157593,14.213860,14.007355,14.232613,13.762703,14.082504,13.856880,13.988556,14.326302,14.157593,14.288834,14.157593,14.662788,14.644127,14.157593,14.007355,14.588127,14.176346,14.176346,14.213860,13.988556,14.457298,14.138817,14.044937,14.270103,14.026146,14.811943,14.401184,14.007355,14.270103,14.101280,14.101280,14.176346,14.401184,14.830566,14.830566,15.090919,15.332008,15.664742,15.867470,15.609375,15.959457,15.996223,16.673668,16.801247,16.874062,16.946808,17.164696,16.964989,16.801247,17.472412,17.037659,17.345833,17.490471,17.833000,17.526596,17.868965,17.616829,18.281563,17.940880,18.138290,18.012718,18.192039,18.335236,17.958839,18.335236,18.478165,18.549545,18.048607,18.066551,17.976807,17.688942,17.742996,17.850990,17.833000,17.868965,17.761002,18.012718,18.120361,17.994759,17.815002,18.156204,18.406731,18.102425,17.976807,18.227867,18.585213,18.281563,18.227867,18.460312,18.549545,18.281563,18.496017,18.549545,18.138290,18.478165,18.763306,18.976524,18.692123,18.603035,18.496017,19.136055,18.994255,18.869980,18.674309,19.029732,19.047462,19.171471,19.100624,19.312950,19.277603,19.171471,19.348289,19.471832,18.941017,19.277603,18.887749,19.189156,19.365944,19.029732,18.887749,18.834435,18.638680,18.299454,18.887749,19.047462,18.549545,18.620857,18.567383,18.958771,18.442459,18.531708,18.567383,18.958771,18.798882,18.834435,18.958771,18.852211,18.816666,18.603035,18.692123,18.638680,18.567383,18.994255,18.674309,18.388855,18.478165,18.245766,18.620857,18.335236,18.478165,18.638680,18.174133,18.406731,18.478165,18.406731,18.156204,18.245766,18.227867,18.496017,18.048607,18.496017,18.209953,18.299454,18.084496,18.281563,18.174133,18.227867,18.263664,18.299454,18.156204,17.976807,18.406731,18.656494,18.585213,18.852211,18.638680,18.496017,18.531708,18.585213,19.118340,18.709923,18.798882,18.656494,18.727722,18.496017,18.531708,18.549545,18.156204,18.353111,18.066551,18.120361,18.209953,17.868965,18.084496,17.598785,18.245766,17.490471,17.670921,17.273430,17.345833,17.200951,16.710136,16.344765,15.959457,16.069710,16.014603,15.793800,15.498535,14.830566,14.681450,14.569450,14.681450,14.419891,14.718750,14.662788,14.700096,14.588127,14.923637,14.662788,14.774681,14.532082,14.830566,14.476006,14.737404,14.681450,14.942238,14.737404,14.867805,14.457298,14.270103,14.550774,14.513397,14.867805,14.438606,14.270103,14.438606,14.532082,14.513397,14.756035,14.270103,13.743858,14.288834,14.700096,14.157593,14.270103,14.513397,14.326302,14.270103,14.307571,14.457298,14.063721,14.774681,14.007355,14.363747,14.213860,14.419891,13.875710,14.494698,14.811943,14.345024,14.176346,14.979439,14.419891,14.774681,14.793312,14.644127,14.476006,14.363747,14.326302,14.232613,14.457298,14.270103,14.307571,14.345024,14.513397,14.419891,14.026146,14.195114,13.479599,14.438606,14.063721,13.838051,13.950951,13.819221,13.422867,13.856880,13.668427,13.252487,13.800392,13.441788,13.555183,13.668427,13.441788,13.366112,13.838051,13.706154,13.950951,14.326302,13.819221,14.063721,14.232613,13.875710,14.120049,14.401184,14.307571,14.532082,14.513397,14.569450,14.532082,14.251350,14.345024,13.800392,14.288834,13.856880,13.819221,14.326302,14.157593,14.550774,14.326302,14.026146,14.026146,14.063721,14.138817,14.176346,14.476006,14.251350,14.270103,14.569450,14.157593,14.007355,14.044937,14.026146,14.326302,14.438606,14.232613,14.138817,14.138817,14.120049,14.476006,14.251350,13.988556,14.120049,14.494698,14.588127,14.288834,14.063721,14.232613,14.176346,14.494698,14.363747,14.419891,14.082504,14.195114,14.232613,13.536285,14.307571,13.819221,14.251350,14.195114,13.932144,14.345024,13.894524,14.044937,14.063721,13.630692,14.120049,13.781540,13.668427,14.120049,14.288834,14.176346,14.082504,14.120049,14.756035,15.239365,15.239365,15.146614,15.461563,15.720085,16.216530,16.032974,15.756950,15.849052,16.344765,16.363075,16.106438,16.143143,16.198189,16.819458,16.545914,16.234848,16.289825,16.728371,17.164696,17.146553,16.564171,17.562698,17.128418,17.670921,17.182823,17.382019,17.724983,17.779015,17.472412,17.327736,17.761002,17.128418,17.652901,17.345833,17.436272,17.255310,16.983162,16.545914,16.801247,16.983162,17.219078,17.363930,17.164696,17.273430,17.472412,17.309639,17.273430,16.964989,17.418190,17.940880,17.598785,17.092117,17.526596,17.724983,17.976807,17.797005,17.273430,17.940880,17.418190,17.490471,17.273430,17.779015,17.706970,17.779015,17.508537,17.219078,17.490471,17.508537,17.273430,17.309639,17.182823,17.110275,17.363930,17.037659,17.291534,17.688942,16.783035,16.564171,17.345833,16.801247,16.399666,16.179840,16.399666,15.627831,16.179840,15.369041,15.035194,14.905037,14.905037,14.681450,14.363747,15.035194,15.294960,14.476006,14.718750,14.625465,14.644127,14.960838,14.905037,14.625465,14.923637,14.737404,14.923637,14.681450,14.288834,14.867805,14.737404,14.101280,14.737404,14.213860,14.588127,14.251350,14.213860,14.232613,14.382469,14.532082,14.288834,14.923637,14.494698,14.157593,14.550774,14.457298,14.307571,14.476006,13.913338,14.998024,14.774681,14.345024,14.438606,14.007355,14.438606,13.950951,13.574066,13.574066,13.668427,12.986824,
12.204445,13.100769,13.498497,13.687294,13.743858,13.725006,13.819221,13.309326,13.555183,13.328255,13.271439,13.743858,13.800392,13.385033,13.630692,14.026146,13.687294,13.706154,14.082504,13.574066,14.007355,13.630692,13.574066,13.611824,14.044937,13.611824,13.800392,13.536285,14.307571,13.479599,13.611824,13.233543,13.328255,13.913338,13.630692,13.385033,13.366112,13.630692,13.005829,13.422867,13.592949,13.555183,13.781540,13.479599,13.668427,13.592949,13.725006,13.611824,13.706154,13.479599,13.894524,13.385033,13.611824,13.309326,13.460693,13.838051,13.875710,13.856880,13.479599,13.743858,13.819221,13.611824,13.630692,13.309326,13.950951,13.328255,13.630692,13.800392,13.385033,12.891754,13.271439,13.176659,12.986824,13.366112,12.701340,13.138725,13.100769,12.701340,12.758507,13.138725,13.081795,12.891754,13.119759,13.309326,13.403954,13.574066,13.668427,13.328255,13.214584,14.026146,13.913338,13.856880,13.611824,13.988556,13.969765,14.138817,13.988556,13.969765,14.476006,13.743858,14.625465,14.120049,14.157593,13.592949,14.082504,13.781540,14.082504,13.592949,14.307571,13.988556,13.649567,13.913338,14.588127,14.082504,14.082504,13.894524,14.120049,14.082504,14.120049,14.101280,13.988556,14.082504,13.988556,14.120049,14.363747,14.288834,14.307571,13.913338,13.950951,14.251350,14.307571,14.363747,14.138817,14.101280,14.438606,13.969765,14.532082,14.457298,13.913338,14.138817,14.382469,14.419891,14.195114,14.307571,14.700096,14.120049,14.513397,14.625465,14.700096,14.438606,14.457298,14.232613,14.345024,14.326302,14.251350,14.082504,14.251350,14.157593,14.213860,14.007355,14.363747,14.774681,14.867805,15.220818,15.480049,15.424561,15.683197,15.701637,16.088081,16.198189,16.600693,16.308144,16.289825,17.073982,16.983162,17.037659,16.983162,16.946808,16.983162,17.309639,17.526596,17.291534,17.436272,17.454338,17.797005,17.742996,17.688942,17.724983,18.030663,18.048607,18.012718,18.192039,17.940880,18.460312,18.084496,18.353111,18.048607,17.706970,18.138290,17.418190,17.904930,17.833000,17.706970,17.544655,17.850990,17.940880,17.652901,17.724983,18.012718,18.102425,17.904930,18.030663,18.156204,18.030663,18.245766,18.012718,18.227867,18.513863,18.638680,18.781090,18.745514,18.442459,18.958771,18.138290,18.585213,18.798882,18.424599,18.692123,18.781090,19.029732,18.478165,18.620857,18.905502,19.011993,18.852211,19.065178,19.136055,18.923264,19.011993,19.277603,19.171471,19.471832,19.330627,19.471832,19.312950,19.100624,19.348289,19.189156,19.242241,19.189156,18.958771,18.958771,18.905502,18.709923,18.370995,18.496017,18.531708,18.478165,18.763306,18.869980,18.603035,18.798882,18.442459,18.638680,18.692123,18.923264,18.709923,18.496017,18.460312,18.923264,19.189156,18.941017,18.603035,19.065178,18.816666,18.638680,18.549545,18.638680,18.567383,18.692123,18.816666,18.353111,18.798882,18.084496,18.781090,18.335236,17.976807,17.797005,18.209953,18.263664,18.424599,18.192039,18.353111,18.209953,18.317345,18.245766,18.263664,18.030663,18.656494,18.084496,18.424599,18.460312,18.852211,18.692123,18.674309,18.763306,19.118340,19.206863,18.798882,19.171471,18.674309,18.692123,18.852211,18.353111,18.496017,18.281563,18.192039,18.442459,18.478165,18.174133,17.761002,18.102425,18.227867,17.958839,17.761002,17.886955,17.562698,17.237198,17.345833,16.892258,16.417961,16.069710,16.271500,15.922668,15.683197,15.313492,14.830566,15.053780,14.681450,14.569450,14.606796,14.830566,14.811943,15.016617,14.476006,14.382469,14.942238,14.756035,15.053780,14.923637,14.905037,14.942238,14.737404,14.588127,15.109489,14.419891,14.811943,14.419891,14.960838,14.998024,14.457298,14.550774,14.606796,14.438606,14.737404,14.718750,14.382469,14.681450,14.326302,14.700096,14.363747,13.950951,14.550774,14.737404,14.419891,14.644127,14.793312,14.345024,14.494698,14.457298,14.756035,14.438606,14.082504,14.494698,14.026146,14.476006,14.251350,14.157593,14.307571,14.232613,14.979439,14.307571,14.662788,14.345024,14.625465,14.476006,14.569450,14.438606,14.288834,14.756035,14.476006,14.606796,14.382469,14.513397,14.270103,14.307571,14.007355,14.120049,14.101280,13.875710,14.007355,13.385033,13.988556,13.536285,13.969765,13.422867,13.838051,13.574066,13.932144,13.328255,14.157593,13.668427,13.875710,14.120049,14.270103,14.082504,13.988556,13.762703,14.195114,14.345024,14.326302,14.063721,14.438606,14.326302,13.988556,14.457298,14.681450,14.401184,14.345024,14.120049,14.401184,13.988556,13.988556,14.438606,14.718750,14.288834,14.120049,14.082504,14.176346,13.950951,14.662788,14.044937,14.569450,14.270103,14.063721,14.213860,14.120049,13.875710,14.438606,14.345024,14.120049,14.401184,14.363747,14.213860,14.513397,13.913338,14.363747,13.988556,14.700096,13.988556,13.894524,13.950951,14.438606,14.120049,14.157593,14.270103,14.120049,13.950951,14.232613,13.894524,14.345024,14.007355,14.270103,13.913338,14.232613,14.007355,14.532082,13.856880,14.120049,14.195114,14.251350,14.063721,14.138817,13.950951,13.611824,14.476006,14.157593,14.138817,14.251350,14.120049,14.232613,14.494698,14.382469,14.942238,15.535500,15.387550,15.664742,15.276436,15.977844,15.959457,15.996223,16.216530,15.775375,16.344765,16.308144,16.014603,16.618950,16.764816,16.946808,16.363075,16.928627,17.019493,16.746590,16.983162,17.092117,17.055817,17.092117,17.309639,17.291534,17.761002,17.291534,17.309639,17.544655,17.472412,17.363930,17.418190,17.255310,17.490471,17.724983,17.363930,17.327736,17.128418,17.128418,17.182823,17.255310,17.382019,17.219078,17.073982,17.670921,17.092117,17.815002,17.761002,17.273430,17.472412,17.164696,17.904930,17.940880,18.102425,17.562698,17.436272,17.688942,17.994759,17.490471,17.544655,17.652901,17.345833,17.382019,17.219078,17.345833,16.946808,17.904930,17.309639,16.910439,17.273430,17.219078,17.182823,17.273430,16.928627,17.001335,16.983162,17.237198,17.472412,16.819458,16.946808,16.637184,16.454536,15.793800,15.553970,15.812218,15.128059,15.332008,15.332008,14.644127,14.756035,14.811943,14.737404,14.979439,14.793312,14.923637,15.035194,14.756035,14.793312,15.165176,15.202286,14.737404,14.401184,14.830566,14.082504,14.737404,14.550774,14.345024,14.457298,14.606796,14.737404,14.569450,14.044937,14.569450,14.007355,14.550774,14.718750,14.307571,14.363747,14.513397,14.401184,14.886414,14.345024,14.550774,14.270103,14.588127,14.157593,14.419891,13.950951,14.288834,14.101280,13.555183,14.382469,13.894524,14.101280,14.363747,13.214584,
12.567825,13.043808,13.517403,12.948814,13.081795,13.176659,13.894524,13.422867,13.743858,13.932144,13.838051,13.611824,13.252487,13.592949,14.063721,13.119759,13.630692,14.026146,13.800392,13.630692,13.422867,13.706154,13.422867,13.706154,13.441788,13.894524,13.611824,13.385033,13.347183,13.950951,13.517403,14.157593,13.856880,13.195625,13.366112,13.536285,13.555183,13.195625,13.328255,13.138725,13.630692,13.214584,13.441788,13.403954,13.441788,13.403954,13.347183,13.290382,13.668427,13.460693,13.309326,13.517403,13.649567,13.195625,13.706154,13.081795,13.706154,13.875710,13.762703,13.743858,13.555183,13.460693,13.479599,13.574066,13.875710,13.725006,13.649567,13.252487,13.517403,12.891754,13.252487,13.706154,13.138725,13.214584,13.328255,12.929794,13.176659,12.834679,12.586906,12.548721,13.043808,12.777557,13.176659,13.252487,13.138725,13.574066,14.044937,13.592949,13.743858,13.838051,14.007355,14.120049,13.838051,13.838051,14.382469,14.307571,13.385033,14.007355,13.875710,14.401184,14.007355,13.781540,13.706154,13.819221,13.856880,14.176346,13.969765,14.513397,13.517403,13.838051,14.176346,13.555183,14.044937,14.382469,13.950951,14.082504,14.307571,14.082504,14.774681,13.574066,13.856880,13.913338,14.232613,13.856880,14.176346,14.307571,14.101280,14.176346,14.438606,14.157593,14.213860,14.082504,14.307571,14.270103,13.950951,13.932144,14.176346,14.382469,14.476006,14.307571,14.476006,14.063721,14.044937,14.419891,14.476006,14.270103,14.606796,14.326302,14.532082,14.513397,14.513397,14.251350,14.176346,14.195114,13.894524,13.950951,14.288834,14.176346,14.101280,14.251350,14.569450,14.382469,14.830566,15.016617,14.979439,15.683197,15.664742,15.701637,16.381371,16.106438,16.837654,16.910439,16.819458,16.582436,16.855865,16.819458,16.910439,16.728371,17.092117,17.291534,17.670921,17.580750,17.580750,17.779015,17.544655,17.580750,17.797005,17.976807,18.066551,17.904930,18.353111,18.281563,18.388855,17.940880,17.958839,17.886955,18.388855,17.850990,17.904930,17.706970,17.761002,17.598785,17.958839,17.868965,18.048607,17.868965,17.904930,17.922905,17.958839,18.209953,18.120361,18.442459,18.066551,18.245766,18.120361,18.192039,18.299454,18.281563,18.227867,18.424599,18.496017,18.335236,18.674309,18.513863,18.603035,18.976524,18.745514,18.638680,18.887749,18.816666,19.029732,19.065178,19.011993,18.674309,18.994255,19.259926,18.994255,19.330627,19.365944,18.869980,19.259926,19.418907,19.242241,19.100624,19.153755,19.100624,19.471832,19.136055,19.029732,18.834435,19.559967,18.763306,18.763306,19.047462,18.709923,18.567383,18.674309,18.263664,18.834435,18.869980,18.478165,19.047462,18.887749,18.941017,18.567383,18.727722,18.941017,18.496017,18.834435,18.567383,18.763306,18.745514,18.531708,18.263664,18.263664,18.478165,18.442459,18.567383,18.531708,18.763306,18.745514,18.245766,18.585213,17.526596,18.317345,18.388855,18.066551,18.192039,18.317345,18.281563,18.066551,18.120361,18.102425,18.299454,18.012718,18.102425,18.299454,18.638680,18.174133,18.406731,18.281563,18.335236,18.781090,18.442459,18.745514,18.656494,19.153755,18.763306,18.941017,18.531708,18.905502,18.567383,18.923264,18.496017,18.460312,18.513863,18.424599,17.940880,18.460312,17.833000,18.299454,18.012718,17.634865,17.634865,17.544655,17.815002,17.761002,17.544655,17.562698,16.946808,17.073982,16.399666,16.436256,15.646294,16.308144,15.590912,15.498535,14.700096,14.737404,14.644127,14.532082,13.950951,14.288834,14.830566,14.251350,14.867805,14.494698,14.494698,14.756035,14.606796,15.090919,14.886414,14.195114,14.401184,14.867805,14.681450,14.401184,14.569450,14.793312,14.382469,14.606796,14.438606,14.737404,14.195114,14.401184,14.681450,14.606796,14.438606,14.476006,14.606796,14.457298,14.138817,14.401184,14.232613,14.363747,14.867805,14.476006,14.195114,14.157593,14.063721,14.457298,14.625465,14.232613,14.307571,14.606796,14.382469,14.569450,14.232613,14.476006,14.625465,14.401184,14.494698,14.625465,14.382469,14.476006,14.419891,14.588127,14.232613,14.157593,14.942238,14.532082,14.588127,14.569450,14.793312,14.849190,14.101280,14.550774,14.326302,14.063721,14.532082,13.950951,14.213860,13.800392,13.819221,13.743858,13.894524,13.536285,13.460693,13.309326,13.743858,13.630692,13.403954,13.743858,13.875710,13.706154,14.419891,13.969765,13.687294,14.288834,14.138817,14.569450,14.288834,14.270103,14.569450,14.662788,14.345024,14.213860,14.120049,14.419891,14.270103,14.363747,14.251350,14.176346,14.438606,14.307571,14.195114,14.288834,14.307571,14.007355,14.307571,13.894524,14.457298,13.819221,14.007355,14.288834,14.363747,14.307571,14.401184,14.195114,14.195114,13.875710,14.382469,14.662788,14.120049,14.082504,13.913338,14.476006,14.401184,14.307571,14.026146,13.913338,13.969765,14.157593,13.875710,14.288834,14.419891,14.007355,14.044937,14.270103,14.044937,14.513397,13.838051,13.950951,14.326302,14.120049,14.213860,14.213860,14.588127,14.363747,14.063721,13.988556,13.913338,13.988556,13.725006,13.800392,13.743858,13.781540,14.082504,14.457298,14.101280,14.007355,14.681450,14.700096,14.588127,14.830566,15.276436,16.106438,15.793800,16.088081,15.885872,16.179840,16.143143,16.014603,16.289825,16.600693,16.161499,16.436256,16.582436,16.399666,16.600693,16.910439,16.855865,16.819458,16.837654,17.526596,17.037659,16.983162,17.219078,17.182823,17.291534,17.146553,17.436272,17.958839,16.855865,17.508537,17.400101,17.345833,17.436272,17.436272,17.309639,17.200951,17.291534,17.037659,16.746590,17.037659,17.580750,17.436272,16.837654,17.345833,17.436272,17.200951,17.652901,17.273430,16.964989,17.580750,17.724983,17.724983,17.327736,17.652901,18.138290,17.742996,17.779015,17.327736,17.634865,17.598785,17.436272,18.048607,17.508537,17.273430,17.706970,17.652901,17.670921,17.110275,16.928627,17.634865,16.819458,17.037659,17.019493,17.400101,17.001335,16.928627,17.273430,16.710136,16.600693,16.783035,16.399666,16.143143,15.941071,15.406059,15.109489,15.775375,14.849190,14.662788,15.146614,15.072350,14.213860,14.867805,14.532082,15.072350,14.886414,14.942238,14.438606,15.406059,14.195114,14.307571,14.867805,14.756035,14.867805,15.146614,14.382469,14.905037,14.513397,14.195114,14.082504,15.332008,14.700096,14.382469,14.138817,14.326302,14.644127,13.819221,14.718750,14.550774,14.569450,14.138817,13.592949,14.494698,14.213860,14.101280,14.120049,14.044937,14.120049,14.363747,13.988556,14.120049,13.894524,13.950951,13.894524,13.687294,13.138725,
12.185280,13.441788,13.157700,13.252487,13.592949,13.706154,12.853714,14.138817,13.479599,13.762703,13.366112,13.611824,14.007355,13.498497,14.044937,13.781540,13.725006,13.536285,14.157593,13.119759,13.403954,13.290382,13.913338,13.233543,13.460693,13.932144,13.460693,13.271439,13.422867,13.309326,13.555183,13.517403,13.762703,13.403954,13.460693,13.252487,13.800392,13.668427,13.176659,13.460693,13.157700,13.743858,13.271439,12.967819,13.347183,13.290382,13.781540,13.328255,13.592949,13.668427,13.536285,13.555183,13.668427,13.460693,13.366112,13.611824,13.592949,13.574066,13.838051,13.403954,13.668427,13.630692,13.706154,13.687294,13.347183,13.592949,13.838051,13.309326,13.762703,13.138725,13.762703,13.574066,12.929794,13.043808,13.422867,12.376740,13.233543,13.024826,13.252487,12.777557,12.986824,12.967819,12.758507,13.422867,13.687294,13.611824,13.195625,13.592949,13.611824,14.063721,14.213860,13.611824,13.725006,13.932144,14.532082,13.762703,14.270103,13.838051,13.932144,13.555183,14.363747,14.082504,14.157593,14.063721,13.969765,14.044937,14.195114,13.668427,14.063721,14.288834,14.120049,13.800392,13.913338,14.176346,14.026146,13.932144,13.969765,14.101280,14.176346,14.063721,14.532082,14.138817,14.550774,13.781540,14.326302,13.762703,13.894524,14.101280,14.270103,13.574066,14.195114,13.649567,14.326302,14.007355,14.681450,14.063721,14.138817,14.251350,14.232613,14.382469,14.288834,14.138817,14.101280,14.700096,14.830566,14.606796,14.232613,14.513397,14.157593,14.270103,14.082504,14.157593,14.476006,14.232613,14.157593,14.138817,14.195114,14.382469,14.532082,14.532082,14.044937,14.532082,14.774681,14.569450,14.998024,15.406059,15.369041,16.014603,16.069710,16.363075,16.363075,16.436256,16.545914,16.582436,17.037659,17.073982,16.655434,17.146553,17.092117,17.219078,17.200951,17.273430,17.797005,17.634865,17.958839,17.724983,18.012718,17.634865,17.958839,18.012718,18.245766,18.406731,18.424599,18.209953,17.886955,17.922905,18.209953,17.940880,17.904930,17.976807,17.994759,17.598785,17.815002,18.048607,17.761002,17.363930,17.815002,17.922905,17.904930,17.886955,17.724983,18.102425,18.317345,18.174133,18.281563,18.460312,18.335236,18.353111,18.496017,18.102425,18.834435,18.156204,18.156204,18.442459,18.299454,18.745514,18.834435,18.905502,18.638680,18.745514,19.065178,19.011993,18.958771,18.763306,19.259926,18.958771,19.136055,19.065178,19.065178,19.153755,18.905502,19.189156,19.295280,19.100624,19.401253,19.100624,19.065178,19.082909,19.118340,19.206863,19.295280,19.312950,18.798882,18.852211,18.567383,18.531708,18.923264,18.281563,18.763306,18.994255,18.585213,18.603035,18.834435,18.620857,18.709923,18.923264,18.692123,18.513863,18.496017,18.424599,18.923264,18.531708,18.852211,18.958771,18.549545,18.442459,18.335236,18.763306,18.567383,18.209953,18.370995,18.370995,18.227867,18.156204,18.263664,18.048607,18.209953,18.192039,18.674309,18.317345,18.692123,18.638680,18.120361,18.424599,18.424599,18.138290,18.138290,18.299454,18.317345,18.263664,18.585213,18.460312,18.692123,18.478165,19.418907,18.317345,18.994255,18.692123,18.852211,19.047462,19.312950,18.727722,18.424599,18.923264,18.603035,18.388855,18.549545,18.335236,18.192039,17.940880,18.120361,17.904930,17.850990,17.833000,17.472412,17.779015,17.472412,17.273430,17.146553,16.983162,16.691910,16.363075,16.143143,16.381371,15.609375,15.756950,15.498535,15.165176,14.942238,14.923637,14.625465,14.270103,14.363747,14.476006,14.756035,14.849190,14.998024,14.830566,14.588127,14.811943,14.644127,14.700096,14.830566,14.737404,14.662788,14.849190,14.700096,14.513397,15.090919,14.457298,14.998024,14.382469,14.494698,14.307571,14.251350,14.513397,14.867805,14.588127,14.793312,14.737404,14.438606,14.382469,14.588127,14.382469,14.457298,14.476006,14.195114,14.157593,14.662788,14.251350,14.288834,14.438606,13.950951,14.101280,14.326302,13.875710,14.476006,14.438606,14.082504,14.811943,14.532082,14.513397,14.419891,14.419891,14.195114,14.438606,14.532082,14.251350,14.270103,14.232613,14.830566,14.363747,14.363747,14.923637,14.494698,14.700096,14.457298,14.026146,14.138817,13.950951,13.725006,13.706154,13.875710,14.101280,14.063721,13.725006,13.536285,13.649567,13.498497,13.479599,13.932144,13.574066,14.176346,13.781540,13.875710,14.007355,14.270103,13.668427,14.026146,14.476006,14.457298,14.101280,14.363747,14.176346,14.044937,14.476006,14.569450,14.513397,14.476006,14.007355,14.176346,14.044937,14.644127,14.195114,14.195114,14.288834,14.401184,13.932144,14.326302,14.138817,14.476006,14.326302,13.932144,14.026146,14.157593,14.270103,14.213860,14.120049,14.363747,14.288834,14.157593,14.063721,14.007355,14.044937,14.138817,14.382469,14.419891,13.800392,13.913338,13.913338,14.176346,14.326302,14.082504,13.819221,14.007355,14.382469,14.345024,13.592949,14.232613,14.082504,14.232613,14.157593,14.157593,14.082504,14.326302,14.026146,14.082504,14.101280,14.007355,13.969765,14.101280,13.950951,14.082504,13.762703,13.630692,14.195114,14.101280,14.101280,14.270103,14.457298,14.082504,14.120049,14.905037,14.960838,15.128059,15.369041,16.124794,15.812218,15.885872,15.701637,16.069710,15.812218,15.922668,16.253181,16.655434,16.509377,16.399666,16.637184,16.928627,16.326462,16.764816,16.509377,17.436272,16.910439,17.400101,17.092117,17.037659,17.472412,17.291534,17.634865,17.418190,17.490471,17.922905,16.964989,17.616829,17.562698,17.544655,17.490471,17.128418,17.237198,16.764816,16.910439,16.910439,17.490471,17.345833,17.055817,16.983162,17.418190,17.418190,17.092117,17.580750,17.200951,17.544655,17.688942,17.706970,17.652901,17.976807,17.598785,18.030663,17.598785,18.084496,17.200951,17.436272,17.562698,17.724983,17.291534,17.850990,17.706970,17.472412,17.598785,17.309639,17.688942,17.400101,17.382019,17.327736,17.363930,17.200951,17.128418,17.706970,17.128418,17.345833,16.874062,16.618950,16.910439,16.637184,16.564171,16.161499,15.922668,15.959457,15.332008,15.406059,14.998024,14.998024,14.606796,15.072350,14.494698,15.517014,14.849190,14.550774,14.681450,14.756035,15.313492,14.476006,14.793312,14.756035,14.774681,15.072350,14.737404,14.345024,14.774681,14.606796,14.681450,14.363747,14.625465,14.774681,14.232613,15.053780,14.923637,14.457298,14.476006,14.532082,14.457298,14.232613,14.438606,14.419891,13.574066,14.363747,14.270103,13.913338,13.988556,14.213860,14.157593,14.195114,13.950951,14.419891,14.101280,14.513397,13.932144,13.290382,13.214584,
12.644142,13.100769,13.460693,12.910774,13.536285,13.592949,13.687294,13.366112,13.498497,13.460693,13.762703,13.157700,13.195625,13.517403,13.856880,13.517403,13.081795,13.913338,13.630692,13.875710,13.781540,13.819221,13.668427,13.611824,13.706154,13.706154,13.498497,13.422867,13.592949,13.176659,13.762703,13.422867,13.687294,12.967819,13.668427,13.555183,13.932144,12.586906,13.856880,13.498497,13.706154,13.328255,13.479599,13.913338,12.891754,13.062805,13.441788,13.422867,13.385033,13.043808,13.630692,13.574066,13.328255,13.422867,13.555183,13.517403,13.725006,13.290382,13.252487,13.252487,13.838051,13.592949,14.120049,13.403954,13.422867,13.800392,13.838051,13.100769,13.460693,13.800392,13.328255,13.195625,13.233543,13.309326,13.233543,12.986824,13.441788,13.271439,13.062805,13.309326,13.214584,13.195625,13.233543,13.536285,13.517403,13.725006,13.422867,13.913338,13.479599,13.762703,13.932144,13.875710,13.988556,13.441788,13.687294,13.932144,14.195114,13.819221,14.007355,14.157593,14.101280,14.176346,14.063721,14.007355,14.101280,13.800392,13.706154,13.950951,13.743858,14.063721,14.026146,13.611824,13.762703,13.611824,14.288834,14.026146,14.101280,14.082504,13.932144,13.762703,14.307571,13.819221,14.251350,13.838051,13.706154,14.157593,14.419891,13.856880,14.082504,13.856880,13.743858,14.438606,14.345024,14.138817,14.438606,13.856880,14.438606,14.662788,14.476006,14.213860,14.345024,14.606796,13.932144,14.550774,14.569450,14.157593,14.494698,14.082504,14.811943,14.326302,14.532082,14.513397,14.382469,14.326302,13.781540,14.157593,14.157593,13.894524,14.063721,14.026146,14.270103,14.550774,14.849190,15.128059,14.811943,15.294960,15.332008,16.472824,16.344765,16.637184,16.363075,16.527649,17.073982,16.600693,17.128418,17.073982,16.983162,17.309639,17.291534,17.598785,17.436272,17.472412,17.490471,17.526596,17.544655,17.490471,18.048607,18.066551,18.066551,17.634865,18.192039,18.138290,18.353111,17.815002,18.030663,17.922905,18.299454,18.299454,17.994759,17.761002,17.833000,17.868965,17.652901,17.940880,17.779015,17.868965,17.850990,17.850990,17.833000,17.886955,17.670921,18.012718,17.868965,18.281563,18.048607,18.245766,18.138290,18.245766,18.478165,18.496017,18.192039,18.549545,18.227867,18.531708,18.406731,18.335236,18.442459,18.674309,18.585213,18.620857,18.798882,18.727722,18.887749,19.047462,18.994255,19.029732,18.905502,19.100624,18.852211,19.418907,19.295280,19.153755,19.065178,19.100624,19.118340,18.834435,18.976524,19.171471,18.976524,19.259926,18.994255,19.082909,18.852211,18.834435,18.709923,18.709923,18.478165,18.976524,18.994255,18.869980,18.638680,18.816666,19.065178,18.869980,18.763306,18.709923,18.923264,18.958771,18.370995,19.153755,18.887749,18.620857,18.567383,18.745514,19.011993,18.781090,18.816666,18.245766,18.567383,18.299454,18.245766,18.263664,18.496017,18.353111,18.209953,18.102425,18.388855,18.012718,18.834435,18.442459,18.227867,18.603035,18.567383,18.263664,18.209953,17.940880,18.030663,18.263664,18.245766,18.388855,18.603035,18.496017,18.478165,18.531708,18.692123,18.549545,18.692123,18.869980,18.887749,18.209953,18.958771,18.923264,18.994255,18.513863,18.513863,18.513863,18.299454,17.958839,18.012718,18.353111,18.353111,18.156204,17.940880,17.815002,17.976807,18.012718,17.598785,17.634865,17.200951,16.983162,16.819458,16.326462,16.124794,15.627831,15.664742,15.332008,15.572441,14.867805,14.830566,14.737404,14.905037,14.363747,14.326302,14.625465,14.830566,14.476006,14.811943,14.606796,14.942238,14.457298,14.774681,14.756035,14.923637,14.438606,14.737404,14.476006,14.737404,14.326302,14.662788,14.101280,14.120049,14.569450,14.793312,14.419891,14.120049,14.419891,14.476006,14.382469,14.793312,14.476006,14.476006,14.326302,14.550774,14.438606,14.550774,14.700096,14.419891,14.382469,14.438606,14.419891,14.326302,14.401184,14.213860,14.457298,14.513397,14.307571,14.774681,14.232613,14.101280,14.569450,14.326302,14.063721,14.251350,14.195114,14.644127,14.494698,14.195114,14.251350,14.401184,14.345024,14.176346,14.251350,14.606796,14.438606,14.363747,14.082504,14.157593,14.718750,13.856880,14.345024,14.063721,13.932144,14.044937,13.894524,13.800392,13.138725,13.536285,13.706154,13.687294,13.555183,14.063721,13.479599,14.063721,13.687294,13.762703,13.630692,14.195114,14.157593,13.856880,14.195114,14.625465,14.138817,14.270103,14.494698,14.457298,14.438606,14.438606,14.550774,14.513397,14.606796,13.800392,14.363747,14.401184,14.082504,14.476006,14.401184,14.681450,14.307571,14.120049,14.026146,13.668427,14.401184,14.007355,14.270103,13.932144,13.706154,13.706154,14.382469,13.743858,13.988556,14.326302,13.762703,14.044937,14.326302,14.232613,14.307571,14.550774,14.401184,14.138817,14.101280,14.007355,14.438606,14.232613,14.063721,14.138817,14.288834,13.875710,14.326302,14.288834,14.101280,13.913338,14.737404,13.819221,14.232613,14.044937,13.819221,14.345024,14.082504,14.157593,13.687294,14.044937,13.800392,14.101280,13.819221,14.026146,13.932144,13.838051,14.232613,14.288834,14.120049,14.307571,14.513397,14.363747,14.700096,15.609375,15.332008,15.683197,16.069710,16.363075,16.143143,16.088081,16.014603,15.867470,17.001335,16.308144,16.527649,16.764816,16.618950,16.472824,16.436256,16.637184,16.381371,17.182823,17.019493,17.255310,17.164696,17.454338,17.418190,17.237198,17.815002,17.454338,17.092117,17.309639,17.670921,17.562698,17.580750,17.164696,17.598785,17.273430,17.580750,17.237198,17.128418,16.673668,17.146553,17.363930,17.688942,17.490471,17.237198,18.030663,17.454338,17.562698,17.237198,17.580750,17.742996,17.797005,17.363930,17.815002,17.797005,17.327736,17.779015,17.742996,17.922905,17.833000,18.030663,17.616829,17.688942,17.418190,17.327736,17.273430,17.345833,17.472412,17.454338,17.454338,17.200951,17.073982,17.273430,17.219078,16.710136,17.219078,17.345833,16.564171,16.564171,17.073982,16.837654,16.655434,16.344765,16.564171,15.830643,15.904274,15.867470,15.128059,14.756035,14.998024,14.942238,14.811943,14.830566,14.476006,14.644127,15.276436,14.923637,14.811943,14.756035,14.718750,14.923637,15.146614,14.457298,14.923637,14.960838,14.457298,14.681450,14.044937,14.606796,14.588127,13.932144,14.942238,14.849190,15.183723,14.270103,14.700096,14.476006,14.251350,14.363747,14.270103,14.532082,14.849190,14.363747,14.737404,14.101280,14.438606,14.270103,14.213860,13.422867,14.026146,13.932144,14.401184,13.913338,13.894524,13.932144,13.157700,13.214584,
12.453224,13.157700,13.195625,13.271439,13.630692,13.328255,13.932144,13.233543,13.649567,14.082504,13.290382,13.706154,14.026146,13.649567,13.574066,13.819221,13.460693,13.309326,13.611824,13.555183,13.592949,13.460693,13.743858,13.630692,13.403954,13.157700,13.460693,13.856880,13.176659,13.706154,13.441788,13.385033,13.347183,13.479599,13.819221,13.536285,13.138725,13.668427,13.592949,13.290382,13.233543,12.815643,13.233543,13.138725,14.026146,13.611824,12.929794,13.271439,13.157700,13.271439,13.555183,13.725006,13.460693,13.328255,13.592949,13.687294,13.460693,13.498497,13.706154,13.725006,13.743858,13.988556,13.687294,13.517403,13.309326,13.913338,13.630692,13.649567,13.668427,13.385033,13.176659,13.290382,13.195625,13.138725,13.290382,13.290382,12.910774,13.214584,12.872734,12.891754,13.460693,13.441788,13.479599,13.005829,13.422867,13.233543,13.366112,13.366112,13.819221,13.668427,13.800392,13.800392,13.781540,13.630692,14.176346,13.555183,14.251350,13.781540,13.875710,13.913338,13.856880,13.969765,14.213860,12.986824,13.950951,14.138817,14.026146,14.120049,13.725006,13.574066,13.762703,13.441788,13.932144,14.138817,14.044937,14.007355,14.026146,13.328255,14.438606,14.176346,13.856880,13.574066,14.120049,14.195114,14.326302,13.894524,13.743858,13.743858,14.157593,13.969765,14.120049,14.157593,14.251350,13.725006,14.120049,14.213860,14.382469,13.969765,13.932144,14.606796,14.457298,14.288834,14.662788,14.326302,14.438606,14.195114,14.232613,14.644127,14.419891,14.569450,14.120049,14.307571,14.438606,14.157593,14.401184,14.063721,14.101280,14.007355,13.988556,14.213860,14.457298,14.718750,14.681450,14.700096,15.202286,15.128059,15.387550,15.313492,15.904274,16.600693,16.691910,16.491104,17.182823,16.710136,17.309639,17.073982,17.037659,17.418190,17.382019,17.055817,17.454338,17.472412,17.508537,17.779015,17.472412,17.724983,18.281563,17.922905,17.598785,17.797005,17.940880,18.066551,18.281563,18.120361,18.102425,17.958839,17.976807,18.084496,17.994759,18.281563,18.048607,17.850990,17.706970,17.797005,17.670921,17.850990,18.674309,17.779015,17.634865,17.490471,17.922905,17.976807,17.868965,17.670921,18.263664,18.692123,18.460312,17.868965,18.353111,18.281563,18.496017,18.478165,18.156204,18.674309,18.192039,18.406731,18.567383,18.531708,18.603035,18.834435,18.852211,18.887749,19.330627,18.905502,19.065178,18.816666,18.958771,18.905502,19.524719,19.082909,19.206863,19.471832,19.011993,19.348289,19.011993,19.118340,19.542351,19.153755,19.011993,19.471832,19.047462,18.745514,18.727722,18.798882,18.674309,18.620857,18.745514,18.674309,18.994255,18.798882,18.798882,18.281563,18.798882,18.638680,18.852211,18.460312,18.692123,18.460312,18.745514,18.852211,18.709923,18.781090,18.709923,18.798882,18.887749,18.852211,18.424599,18.816666,18.781090,18.496017,18.496017,18.460312,18.585213,18.156204,18.370995,18.442459,18.513863,18.531708,18.442459,18.406731,18.048607,17.940880,18.406731,18.335236,17.958839,18.424599,18.496017,18.816666,18.798882,18.317345,18.620857,18.478165,18.638680,18.513863,18.496017,19.029732,19.100624,18.603035,18.781090,18.941017,18.923264,18.745514,18.852211,18.976524,18.638680,18.549545,18.656494,18.406731,18.513863,17.886955,18.192039,18.370995,17.940880,18.138290,17.580750,17.544655,17.562698,17.363930,17.092117,16.819458,16.728371,16.801247,16.216530,16.014603,15.553970,15.609375,15.406059,14.625465,14.830566,15.202286,14.793312,14.886414,14.494698,14.195114,14.793312,14.494698,14.532082,14.288834,14.382469,14.457298,14.457298,14.793312,14.419891,14.830566,14.513397,14.588127,14.830566,14.588127,14.718750,14.213860,14.718750,14.363747,14.213860,14.288834,14.326302,14.251350,14.251350,14.307571,14.345024,14.438606,14.550774,14.326302,14.232613,14.157593,14.401184,14.063721,14.494698,14.700096,14.307571,13.988556,14.326302,14.195114,14.363747,13.988556,14.270103,14.345024,14.326302,14.923637,14.157593,14.756035,14.270103,14.382469,14.905037,14.157593,14.345024,14.345024,14.718750,14.326302,14.569450,14.270103,14.494698,14.063721,14.138817,14.476006,14.101280,14.494698,14.700096,14.513397,14.382469,13.932144,14.044937,13.932144,13.441788,14.157593,13.630692,13.574066,14.326302,13.441788,13.800392,13.687294,14.082504,13.422867,13.649567,14.044937,14.213860,13.969765,13.950951,13.800392,14.044937,13.988556,14.307571,14.063721,14.718750,14.345024,14.363747,14.569450,13.819221,14.419891,14.569450,14.476006,14.419891,13.781540,14.401184,14.326302,13.950951,14.363747,13.969765,14.288834,14.195114,13.800392,14.232613,14.251350,14.157593,13.819221,14.026146,13.856880,13.969765,14.157593,14.176346,14.157593,14.363747,14.251350,14.138817,14.288834,14.101280,14.476006,14.138817,13.819221,14.232613,14.120049,14.232613,14.550774,14.195114,14.476006,14.419891,14.251350,14.382469,14.176346,14.101280,14.307571,14.213860,14.026146,13.950951,13.932144,13.762703,13.969765,14.213860,14.063721,14.082504,13.913338,13.743858,14.138817,13.309326,14.213860,13.894524,13.555183,14.007355,14.120049,14.513397,14.457298,14.737404,14.793312,14.270103,14.737404,14.849190,15.332008,15.720085,15.756950,16.179840,16.106438,16.014603,15.996223,15.977844,16.143143,16.363075,16.363075,16.892258,16.326462,16.436256,16.983162,16.819458,16.399666,17.182823,16.928627,16.964989,17.400101,17.598785,17.670921,17.815002,17.706970,17.706970,17.706970,17.706970,17.001335,17.616829,17.146553,17.363930,17.454338,17.219078,17.309639,17.128418,17.055817,17.363930,17.400101,17.164696,17.255310,16.946808,17.544655,17.724983,17.706970,17.706970,17.670921,17.164696,17.850990,17.833000,17.958839,18.066551,17.598785,17.273430,17.454338,17.868965,17.616829,17.544655,17.670921,17.544655,17.940880,18.012718,17.850990,17.508537,17.237198,17.291534,17.544655,17.815002,17.363930,17.797005,17.418190,16.983162,17.363930,17.146553,17.037659,16.673668,16.819458,16.874062,17.001335,16.509377,16.509377,16.326462,16.161499,15.996223,15.553970,14.625465,15.128059,15.146614,15.183723,14.681450,14.457298,14.569450,15.146614,14.830566,14.718750,14.793312,15.146614,14.457298,14.811943,14.382469,14.811943,14.644127,14.998024,14.419891,14.532082,14.232613,14.401184,14.849190,14.662788,14.494698,14.044937,14.662788,14.270103,14.942238,14.213860,14.606796,14.251350,14.700096,14.569450,14.644127,14.270103,14.195114,14.026146,14.756035,14.811943,14.044937,14.401184,13.875710,13.725006,13.668427,14.550774,13.875710,13.894524,13.687294,12.548721,
12.834679,12.777557,13.043808,13.366112,13.328255,13.138725,13.555183,13.403954,13.385033,13.630692,13.460693,13.687294,13.800392,13.252487,13.385033,13.366112,13.441788,13.403954,13.574066,13.687294,13.592949,13.574066,13.781540,13.913338,13.894524,13.252487,13.309326,13.309326,13.592949,13.366112,13.271439,13.043808,13.743858,13.252487,13.460693,13.668427,13.252487,12.682281,13.574066,13.214584,13.649567,14.082504,13.157700,12.986824,13.517403,13.403954,13.630692,13.422867,13.592949,13.838051,13.290382,13.252487,13.743858,13.233543,13.385033,13.385033,13.536285,13.366112,13.574066,13.441788,13.422867,13.743858,13.630692,13.517403,13.214584,14.120049,13.309326,13.649567,13.119759,13.347183,13.119759,13.328255,13.290382,13.062805,13.024826,13.119759,13.195625,13.195625,13.176659,13.233543,12.929794,12.682281,13.725006,13.271439,13.366112,13.403954,13.062805,13.271439,13.800392,13.555183,13.706154,13.611824,14.101280,14.082504,13.517403,13.913338,13.762703,13.630692,13.875710,14.307571,14.138817,14.138817,13.969765,14.232613,13.781540,14.101280,14.101280,13.743858,13.743858,14.120049,13.800392,13.819221,13.725006,14.044937,14.082504,13.988556,13.819221,13.800392,13.932144,13.856880,14.251350,13.687294,14.457298,13.988556,13.875710,13.800392,14.157593,13.969765,13.838051,14.232613,14.026146,14.007355,14.307571,13.969765,14.606796,14.363747,14.063721,14.326302,13.950951,13.856880,14.345024,14.120049,14.419891,13.950951,14.157593,14.251350,14.138817,14.569450,14.326302,14.326302,14.737404,14.419891,14.550774,14.457298,13.932144,14.101280,14.307571,13.781540,13.932144,14.157593,14.513397,14.793312,14.774681,15.276436,15.406059,14.867805,15.720085,16.069710,16.124794,16.417961,16.564171,16.855865,16.910439,16.783035,17.128418,16.801247,17.237198,16.527649,17.454338,17.219078,17.219078,17.797005,17.363930,17.400101,17.724983,18.012718,17.454338,17.922905,17.797005,18.012718,18.513863,18.102425,18.424599,17.797005,18.353111,17.544655,17.724983,17.688942,17.779015,18.388855,17.940880,17.598785,17.670921,17.436272,17.958839,17.670921,17.815002,18.102425,17.779015,17.976807,18.066551,17.976807,17.904930,18.066551,18.263664,18.102425,18.120361,18.424599,18.066551,18.442459,18.353111,18.281563,18.638680,18.335236,18.174133,18.585213,18.478165,18.620857,18.976524,18.958771,18.976524,19.065178,18.781090,18.905502,19.348289,19.065178,18.692123,19.383614,18.852211,19.312950,19.383614,19.595184,18.923264,19.153755,19.471832,18.887749,19.118340,19.171471,19.295280,18.834435,19.136055,18.745514,18.976524,19.100624,18.603035,18.727722,18.656494,18.727722,18.567383,18.816666,18.424599,18.442459,18.709923,18.674309,18.585213,18.798882,18.869980,18.531708,18.513863,18.905502,18.585213,18.745514,18.317345,18.388855,19.065178,18.603035,18.692123,18.674309,18.798882,18.496017,18.763306,18.603035,18.424599,18.370995,18.692123,18.531708,18.299454,17.922905,18.227867,18.227867,18.299454,18.174133,18.460312,18.048607,18.263664,18.869980,18.388855,18.478165,18.638680,18.209953,18.442459,18.263664,18.245766,18.531708,18.923264,18.531708,18.958771,18.994255,18.941017,18.869980,18.852211,18.958771,18.549545,18.585213,18.656494,18.567383,18.513863,18.478165,18.227867,18.299454,18.763306,18.192039,17.958839,17.833000,17.508537,17.436272,17.327736,17.490471,17.146553,17.019493,16.801247,16.564171,16.289825,15.775375,15.406059,15.701637,15.424561,14.811943,15.165176,14.532082,14.681450,14.288834,14.494698,14.700096,14.588127,14.438606,14.774681,14.625465,14.606796,14.513397,14.700096,14.644127,14.606796,14.942238,14.942238,14.569450,14.644127,14.195114,14.867805,14.382469,14.644127,14.681450,14.044937,14.270103,14.326302,14.082504,14.232613,14.419891,14.476006,14.513397,14.270103,14.419891,14.195114,14.270103,14.138817,13.950951,14.270103,13.950951,14.718750,13.950951,13.894524,14.044937,14.438606,14.101280,14.345024,14.101280,14.550774,14.138817,14.213860,14.345024,14.588127,14.120049,14.120049,14.513397,14.251350,14.419891,14.345024,14.756035,14.513397,14.195114,14.513397,14.457298,14.438606,14.326302,14.662788,14.457298,13.894524,14.063721,14.007355,13.856880,13.969765,13.781540,13.894524,13.649567,13.894524,13.932144,13.479599,13.838051,13.762703,13.762703,13.913338,14.157593,13.592949,13.838051,13.838051,14.101280,14.026146,13.630692,14.326302,14.401184,14.213860,14.438606,14.606796,14.718750,14.513397,14.737404,14.120049,14.662788,14.494698,14.213860,15.072350,14.213860,14.176346,13.913338,14.588127,14.457298,14.176346,13.969765,14.251350,14.363747,14.401184,13.969765,13.932144,14.063721,14.007355,14.195114,13.856880,14.419891,14.251350,14.326302,13.932144,14.007355,14.251350,14.345024,14.120049,13.555183,13.838051,14.120049,14.288834,13.856880,14.363747,13.649567,14.345024,14.138817,14.606796,13.932144,14.419891,14.401184,14.326302,14.157593,14.007355,13.762703,14.007355,14.195114,14.419891,14.007355,14.718750,13.706154,14.326302,13.403954,13.969765,13.687294,14.063721,13.668427,14.120049,13.932144,13.894524,13.988556,14.176346,14.288834,14.419891,14.363747,14.737404,14.700096,15.572441,15.165176,15.553970,15.553970,16.253181,16.271500,16.326462,16.271500,16.600693,16.143143,16.491104,16.216530,16.582436,16.673668,16.728371,16.728371,16.892258,16.910439,17.418190,16.691910,17.164696,17.400101,16.655434,17.345833,17.779015,17.382019,17.382019,17.037659,17.652901,17.382019,17.850990,17.363930,17.724983,17.291534,17.436272,17.055817,16.801247,17.073982,17.436272,17.237198,17.055817,17.706970,17.472412,17.055817,17.400101,17.400101,17.598785,17.544655,17.634865,17.833000,17.886955,17.616829,17.815002,18.084496,17.850990,17.508537,18.012718,17.616829,17.706970,18.066551,17.634865,17.652901,17.598785,17.472412,17.833000,17.670921,17.146553,17.724983,17.255310,17.400101,17.688942,17.001335,17.508537,17.164696,17.146553,16.910439,16.874062,16.582436,16.801247,16.509377,16.161499,16.783035,16.582436,16.308144,15.627831,15.350533,15.276436,15.553970,14.979439,14.886414,14.625465,14.718750,14.588127,14.326302,14.438606,14.756035,14.867805,14.363747,15.035194,14.513397,14.513397,14.849190,14.363747,14.550774,14.288834,14.998024,14.513397,15.016617,14.867805,14.288834,14.438606,14.681450,14.401184,14.494698,14.401184,14.774681,14.176346,14.550774,14.326302,13.932144,14.251350,14.569450,13.875710,14.138817,14.063721,14.138817,14.120049,13.913338,14.251350,14.026146,14.007355,14.063721,14.213860,13.875710,13.441788,13.214584,
11.974228,13.252487,13.460693,13.328255,13.630692,13.138725,13.214584,13.441788,13.290382,13.913338,13.460693,13.347183,13.271439,14.026146,13.252487,13.441788,13.366112,13.403954,13.328255,13.875710,13.403954,13.706154,13.309326,13.743858,13.668427,14.007355,13.385033,13.517403,13.195625,13.214584,13.328255,13.574066,13.441788,13.441788,13.649567,13.252487,13.441788,13.403954,13.460693,13.574066,13.517403,13.347183,13.138725,13.385033,13.668427,13.592949,13.290382,13.043808,12.891754,13.403954,13.328255,13.800392,13.800392,13.592949,13.913338,13.441788,13.630692,13.536285,13.687294,13.781540,13.838051,13.536285,13.592949,13.611824,13.725006,13.592949,13.441788,13.176659,13.422867,13.366112,13.157700,13.347183,13.252487,13.328255,12.872734,13.366112,13.328255,13.479599,12.872734,12.739456,13.214584,12.910774,13.460693,13.687294,13.403954,13.441788,13.781540,13.214584,13.819221,13.800392,14.082504,13.969765,14.213860,13.875710,14.063721,13.856880,14.082504,13.649567,14.007355,14.138817,13.649567,13.838051,13.856880,13.894524,13.366112,14.007355,13.894524,13.969765,14.007355,13.932144,14.382469,14.157593,13.630692,13.932144,14.288834,13.856880,13.800392,14.176346,13.725006,14.251350,13.706154,13.950951,13.950951,13.894524,14.101280,14.270103,13.950951,14.176346,13.687294,13.932144,14.213860,14.213860,14.120049,13.913338,14.288834,14.063721,14.007355,14.176346,14.213860,14.382469,14.326302,14.251350,14.457298,13.913338,14.345024,14.213860,14.138817,14.419891,14.476006,14.382469,14.494698,14.644127,14.270103,14.401184,13.913338,13.913338,13.649567,14.157593,13.932144,14.494698,14.457298,14.288834,14.681450,14.550774,15.535500,15.109489,15.480049,15.332008,16.289825,16.417961,16.801247,16.491104,16.509377,16.928627,17.019493,17.110275,16.964989,16.946808,17.164696,17.580750,17.146553,17.761002,17.490471,17.761002,17.580750,17.706970,17.706970,18.048607,18.156204,17.922905,17.976807,17.922905,18.281563,18.120361,17.850990,18.138290,18.120361,17.904930,18.102425,17.598785,17.670921,17.742996,17.706970,17.940880,17.797005,17.544655,17.779015,17.616829,17.850990,17.598785,17.940880,18.120361,17.868965,17.724983,18.012718,18.084496,18.263664,18.478165,18.156204,17.976807,18.209953,18.567383,18.496017,18.496017,18.388855,18.460312,18.585213,18.156204,18.638680,18.620857,18.887749,19.029732,18.923264,18.852211,18.692123,19.224541,19.224541,19.153755,19.171471,19.189156,19.577583,19.259926,19.295280,19.136055,19.312950,19.065178,19.189156,19.047462,18.976524,19.029732,18.709923,18.994255,18.531708,18.816666,19.118340,18.834435,19.011993,18.638680,18.994255,18.905502,18.638680,18.994255,18.887749,18.798882,18.120361,18.567383,18.674309,18.424599,18.781090,18.923264,18.994255,18.620857,18.781090,18.656494,18.567383,18.656494,18.709923,18.353111,18.120361,18.353111,18.549545,18.388855,18.620857,18.353111,18.496017,18.585213,18.353111,18.209953,17.922905,18.245766,18.066551,17.815002,18.353111,18.353111,18.424599,18.066551,18.496017,18.030663,18.245766,18.353111,18.281563,18.281563,18.656494,18.442459,18.852211,18.496017,18.781090,19.224541,18.905502,19.011993,18.727722,18.781090,18.905502,18.709923,18.834435,18.781090,18.692123,18.442459,18.513863,18.531708,18.209953,17.833000,18.084496,17.706970,17.850990,17.815002,17.508537,17.616829,17.092117,17.164696,16.783035,16.637184,16.069710,16.198189,16.014603,15.627831,15.220818,15.480049,15.202286,14.288834,14.476006,14.681450,14.476006,14.998024,14.532082,14.793312,14.662788,14.811943,14.793312,14.737404,15.202286,14.345024,14.307571,14.513397,15.035194,14.625465,14.849190,14.101280,14.494698,14.213860,14.307571,14.700096,14.923637,14.382469,14.905037,14.251350,14.457298,14.176346,14.251350,14.157593,14.326302,14.532082,14.326302,14.288834,14.101280,14.457298,14.494698,14.419891,14.513397,14.288834,14.438606,14.026146,14.195114,14.494698,14.363747,14.157593,14.157593,14.195114,14.044937,14.251350,14.157593,14.288834,14.326302,14.026146,15.072350,13.950951,14.419891,14.345024,14.232613,14.288834,14.251350,14.345024,14.756035,13.819221,14.307571,14.176346,14.120049,14.363747,14.026146,13.969765,13.894524,13.988556,13.781540,13.649567,13.366112,13.100769,13.668427,14.307571,13.555183,13.762703,14.288834,13.366112,14.044937,13.800392,13.913338,14.063721,14.251350,14.232613,14.138817,14.213860,13.762703,14.476006,14.476006,14.232613,14.644127,14.213860,14.457298,13.988556,14.307571,14.176346,14.625465,14.082504,13.950951,13.819221,14.569450,13.856880,14.363747,14.063721,14.007355,13.988556,13.950951,13.611824,13.592949,14.044937,14.157593,14.138817,14.157593,14.007355,14.326302,13.950951,14.550774,13.969765,14.232613,14.026146,14.120049,14.326302,14.176346,13.988556,14.419891,13.950951,14.138817,13.969765,14.101280,14.307571,14.101280,14.213860,13.555183,14.494698,14.606796,13.875710,13.932144,13.762703,14.232613,13.988556,13.969765,13.988556,13.856880,14.138817,14.382469,13.988556,14.176346,14.251350,13.781540,14.138817,13.743858,14.007355,14.138817,14.326302,14.288834,14.401184,14.774681,14.438606,14.905037,14.700096,15.053780,15.885872,15.867470,15.977844,16.032974,15.941071,15.849052,16.124794,16.363075,15.904274,16.032974,16.271500,16.527649,16.618950,16.509377,16.983162,16.326462,16.910439,16.946808,17.019493,17.200951,16.964989,17.850990,17.363930,17.237198,17.580750,17.544655,17.779015,17.327736,17.508537,18.012718,17.634865,17.418190,17.363930,17.363930,17.454338,17.598785,17.327736,17.418190,17.345833,17.363930,17.182823,17.797005,17.400101,17.868965,17.904930,17.327736,17.761002,17.688942,17.544655,18.102425,17.562698,17.779015,17.922905,17.092117,18.030663,17.994759,17.940880,17.904930,17.472412,18.138290,17.761002,17.237198,17.994759,17.219078,17.146553,17.706970,17.742996,17.128418,17.200951,17.454338,17.219078,17.200951,16.855865,17.001335,16.819458,16.983162,17.055817,16.691910,16.491104,17.110275,16.618950,16.253181,16.051353,15.959457,15.369041,15.165176,14.886414,15.035194,14.550774,14.849190,14.513397,14.849190,14.905037,15.072350,14.793312,15.646294,14.644127,14.923637,14.644127,14.419891,14.195114,14.494698,14.401184,14.830566,14.998024,14.700096,14.606796,14.718750,14.494698,14.195114,14.756035,14.532082,14.195114,14.457298,14.793312,14.830566,14.101280,14.345024,14.644127,14.307571,13.950951,14.232613,14.345024,14.307571,14.270103,14.457298,14.494698,14.270103,14.326302,13.819221,13.819221,13.838051,14.288834,13.819221,13.062805,
11.858910,12.891754,13.385033,13.574066,13.725006,13.932144,13.347183,12.929794,13.555183,13.214584,13.611824,13.252487,13.403954,13.157700,13.498497,13.894524,13.214584,13.517403,13.668427,13.328255,13.838051,13.328255,13.611824,13.347183,13.024826,13.119759,13.592949,13.856880,13.214584,13.517403,13.460693,13.366112,13.479599,13.592949,13.988556,13.252487,13.233543,13.555183,13.176659,13.441788,13.176659,13.157700,13.422867,13.271439,13.385033,13.119759,13.838051,13.119759,13.725006,13.611824,13.875710,12.948814,13.498497,13.214584,13.005829,13.668427,13.536285,13.555183,13.271439,13.969765,13.800392,13.611824,13.422867,13.290382,13.611824,13.309326,13.214584,13.138725,13.498497,13.385033,13.176659,13.441788,13.592949,13.138725,13.195625,13.536285,13.024826,13.081795,13.081795,13.138725,13.119759,13.479599,13.422867,13.347183,13.479599,13.366112,13.347183,13.592949,13.743858,13.800392,13.479599,14.082504,13.838051,13.290382,13.800392,14.345024,13.894524,13.988556,13.687294,13.536285,14.176346,13.422867,13.838051,13.555183,13.743858,14.026146,14.044937,14.082504,14.251350,14.120049,13.913338,13.800392,14.063721,13.856880,14.138817,13.706154,13.913338,13.687294,13.800392,13.932144,14.157593,14.138817,13.932144,13.762703,13.988556,14.138817,14.213860,13.913338,14.270103,13.950951,14.026146,14.307571,14.326302,13.819221,13.856880,14.438606,14.345024,14.569450,14.345024,14.251350,13.725006,13.706154,13.969765,14.494698,14.195114,14.138817,13.988556,14.120049,14.438606,14.625465,14.774681,14.232613,14.513397,14.120049,14.195114,14.288834,13.687294,14.007355,14.063721,13.706154,14.307571,14.681450,14.793312,15.090919,15.294960,15.480049,15.664742,16.161499,16.161499,16.143143,16.344765,16.564171,16.655434,16.655434,16.837654,17.146553,17.037659,17.164696,17.255310,17.327736,17.255310,17.562698,17.490471,18.138290,17.580750,17.833000,18.084496,17.958839,18.066551,18.012718,17.904930,18.066551,17.976807,17.958839,18.048607,18.120361,17.994759,18.156204,18.030663,17.797005,17.164696,17.815002,17.526596,17.868965,17.940880,18.048607,17.652901,17.382019,17.616829,17.940880,17.761002,18.066551,17.670921,18.066551,17.940880,17.761002,18.388855,18.192039,18.406731,18.227867,18.478165,18.388855,17.761002,17.868965,18.406731,18.299454,18.531708,18.353111,18.353111,18.460312,19.047462,18.656494,18.941017,18.781090,18.727722,18.299454,18.727722,18.834435,19.259926,18.994255,19.118340,18.887749,19.471832,18.852211,19.295280,19.082909,19.171471,18.834435,19.153755,18.763306,19.065178,19.189156,18.674309,18.424599,18.424599,18.638680,18.941017,18.585213,18.513863,19.047462,18.620857,18.763306,19.029732,18.460312,18.674309,18.834435,18.531708,18.603035,18.656494,18.869980,18.834435,18.209953,19.011993,18.531708,18.388855,18.763306,18.638680,18.585213,18.745514,18.745514,18.317345,18.531708,18.834435,18.156204,18.709923,18.531708,18.424599,18.317345,18.317345,18.585213,18.084496,18.496017,18.209953,18.138290,18.549545,18.353111,17.797005,18.460312,18.299454,18.281563,18.798882,18.406731,18.674309,18.941017,18.763306,18.905502,18.958771,19.065178,18.887749,18.923264,19.029732,18.869980,18.424599,18.567383,18.531708,18.549545,18.388855,18.370995,18.335236,18.603035,18.424599,18.281563,17.779015,17.562698,17.742996,18.138290,17.273430,17.255310,17.128418,17.037659,16.637184,16.637184,16.326462,16.271500,15.867470,15.498535,15.294960,15.369041,14.401184,14.793312,14.756035,14.476006,14.700096,14.419891,14.905037,14.513397,14.550774,14.662788,14.960838,14.681450,14.681450,14.700096,14.756035,14.849190,14.606796,14.513397,14.251350,14.588127,14.363747,14.457298,14.662788,14.438606,14.588127,14.606796,14.494698,14.382469,14.438606,14.494698,14.737404,14.270103,14.476006,14.382469,14.588127,14.793312,14.476006,14.438606,14.270103,14.307571,14.213860,14.326302,14.345024,14.326302,14.232613,14.232613,14.363747,13.913338,14.345024,14.569450,14.082504,14.307571,14.532082,14.457298,14.213860,14.213860,14.606796,14.513397,14.681450,14.494698,14.213860,14.195114,14.382469,14.307571,14.532082,14.625465,14.270103,14.251350,14.082504,14.138817,14.176346,14.082504,13.781540,13.913338,13.630692,13.856880,13.950951,13.781540,13.838051,13.781540,13.875710,13.838051,13.800392,14.345024,13.838051,13.611824,13.819221,13.969765,14.101280,13.800392,14.345024,13.762703,14.457298,14.494698,14.569450,14.232613,14.700096,14.345024,14.457298,14.195114,14.438606,14.419891,14.270103,14.213860,14.438606,14.270103,14.513397,13.969765,14.644127,14.120049,13.800392,14.026146,14.213860,13.838051,13.988556,14.195114,14.419891,14.213860,14.138817,13.950951,13.762703,14.532082,13.838051,14.026146,14.101280,13.725006,14.345024,14.457298,14.120049,14.438606,14.026146,14.101280,14.082504,14.438606,14.101280,14.157593,13.894524,14.063721,13.856880,14.195114,13.875710,14.326302,14.213860,13.913338,13.894524,13.536285,14.026146,14.270103,14.026146,14.063721,13.781540,14.063721,14.120049,14.157593,13.819221,14.288834,14.476006,14.457298,13.950951,14.120049,14.419891,14.886414,14.457298,14.942238,14.606796,14.849190,15.553970,15.406059,15.480049,15.517014,16.161499,16.344765,16.069710,16.545914,16.399666,15.756950,16.289825,16.308144,16.527649,16.454536,16.819458,16.454536,16.837654,17.219078,17.382019,17.019493,17.110275,17.182823,17.363930,17.291534,17.363930,17.273430,17.815002,17.291534,17.670921,17.616829,17.742996,17.454338,17.616829,17.309639,17.526596,16.801247,17.724983,17.327736,17.309639,17.418190,17.400101,16.964989,17.182823,17.436272,17.382019,17.182823,17.508537,17.598785,17.634865,18.084496,17.526596,17.833000,17.309639,17.761002,18.066551,17.868965,17.526596,17.779015,17.526596,17.472412,17.833000,17.634865,17.868965,17.688942,17.580750,17.327736,17.345833,17.652901,17.200951,17.436272,17.273430,17.164696,16.746590,17.073982,16.964989,17.019493,17.110275,17.273430,16.289825,16.491104,16.399666,16.216530,15.922668,16.454536,16.344765,15.553970,15.109489,14.960838,15.294960,15.090919,14.756035,14.774681,14.960838,14.979439,14.811943,14.849190,15.090919,14.494698,14.774681,14.625465,14.606796,14.867805,14.438606,14.625465,15.016617,14.774681,14.681450,14.363747,14.606796,15.128059,14.644127,14.044937,14.401184,14.457298,14.886414,14.138817,14.419891,14.326302,14.382469,14.625465,14.401184,14.213860,14.270103,14.063721,13.988556,14.438606,13.875710,14.026146,14.176346,14.138817,13.611824,13.800392,14.007355,14.044937,13.517403,12.605988,
12.070213,13.195625,13.366112,13.252487,13.725006,13.422867,13.630692,13.081795,13.630692,13.195625,13.574066,13.176659,13.592949,13.005829,13.668427,13.762703,13.574066,13.725006,13.969765,13.422867,13.328255,13.913338,13.592949,13.100769,13.441788,13.385033,13.762703,13.555183,13.460693,13.441788,13.668427,13.328255,13.460693,13.403954,12.929794,13.347183,13.252487,13.422867,13.725006,13.441788,13.271439,13.366112,12.663208,13.403954,13.043808,12.929794,13.536285,13.138725,13.252487,13.743858,12.910774,13.498497,13.913338,13.574066,13.536285,13.988556,13.630692,13.422867,13.574066,13.233543,13.592949,13.668427,13.725006,13.517403,13.913338,13.630692,13.024826,13.309326,13.119759,13.309326,12.739456,13.422867,13.441788,13.119759,13.157700,13.441788,13.062805,12.986824,13.100769,13.479599,13.328255,13.138725,13.081795,13.422867,13.460693,13.536285,13.743858,14.063721,13.649567,13.460693,13.233543,13.781540,13.988556,13.819221,13.894524,14.007355,13.555183,14.270103,13.725006,13.649567,13.856880,13.950951,13.932144,13.969765,13.668427,13.630692,14.288834,13.800392,13.706154,13.950951,13.649567,13.781540,13.913338,13.536285,13.762703,13.856880,14.063721,13.649567,13.838051,13.668427,13.743858,14.625465,14.476006,13.479599,13.592949,14.251350,13.988556,14.195114,14.307571,13.894524,14.476006,14.345024,13.969765,14.213860,13.988556,14.026146,14.307571,14.513397,14.288834,14.476006,14.382469,14.007355,14.232613,14.232613,14.382469,14.063721,14.830566,14.101280,14.588127,14.307571,14.606796,14.513397,14.288834,13.932144,14.419891,14.101280,13.913338,14.438606,14.345024,14.270103,14.625465,14.830566,14.644127,15.202286,15.406059,15.276436,15.627831,15.867470,16.124794,16.491104,16.454536,16.545914,16.983162,16.892258,16.964989,16.801247,17.219078,16.964989,17.273430,17.327736,17.291534,17.652901,17.742996,17.400101,17.797005,18.138290,18.209953,18.227867,18.066551,17.742996,18.227867,18.084496,18.245766,17.958839,18.030663,18.174133,18.012718,17.544655,17.994759,17.833000,17.761002,17.490471,17.815002,17.742996,17.688942,18.030663,17.670921,17.850990,17.508537,17.706970,18.084496,17.562698,18.335236,17.761002,18.012718,17.742996,18.192039,17.761002,18.406731,17.886955,18.388855,17.958839,18.192039,18.281563,18.442459,18.317345,18.585213,18.496017,18.549545,18.209953,18.335236,18.852211,18.638680,18.585213,18.994255,18.869980,18.994255,18.656494,19.348289,19.047462,18.816666,19.153755,19.065178,18.958771,19.454201,19.136055,18.816666,18.941017,18.709923,18.941017,18.656494,18.335236,18.781090,18.460312,18.620857,18.709923,18.603035,18.781090,18.941017,18.887749,18.745514,18.709923,18.976524,18.656494,18.549545,18.745514,18.887749,18.994255,18.816666,18.976524,19.065178,18.585213,18.852211,18.709923,18.656494,18.370995,18.603035,18.478165,18.209953,18.905502,18.549545,18.531708,18.531708,18.460312,18.263664,18.388855,18.692123,18.299454,18.388855,18.174133,18.192039,18.496017,18.460312,18.335236,18.424599,18.513863,18.317345,18.442459,18.388855,18.585213,18.317345,18.638680,18.852211,18.763306,18.834435,18.798882,18.709923,19.082909,18.531708,18.798882,19.082909,18.549545,19.011993,18.513863,18.763306,18.406731,18.353111,18.496017,18.388855,18.209953,17.922905,18.370995,18.030663,17.598785,17.670921,17.436272,17.382019,17.454338,17.037659,17.182823,16.746590,16.326462,15.977844,15.959457,16.161499,15.701637,14.886414,15.424561,15.035194,14.718750,14.606796,14.419891,14.662788,14.513397,14.270103,14.419891,15.035194,14.886414,14.793312,14.644127,14.811943,14.960838,14.307571,14.513397,14.476006,14.401184,14.401184,14.213860,14.550774,14.513397,14.363747,14.288834,14.569450,14.625465,14.550774,14.513397,14.830566,14.082504,14.213860,14.419891,14.382469,14.438606,14.345024,13.988556,14.288834,13.988556,14.232613,14.363747,14.513397,14.569450,14.662788,14.476006,14.550774,14.532082,14.811943,14.044937,14.213860,14.213860,14.830566,14.213860,14.382469,14.213860,14.438606,14.345024,14.419891,14.307571,14.457298,14.101280,14.625465,14.532082,14.550774,14.101280,14.326302,14.382469,14.569450,14.307571,14.457298,14.550774,13.875710,13.875710,14.457298,13.988556,13.913338,13.630692,13.781540,13.913338,13.894524,13.630692,13.630692,14.288834,13.743858,13.630692,14.176346,13.950951,13.800392,14.101280,14.026146,14.176346,14.457298,13.932144,14.176346,14.195114,14.288834,14.288834,14.363747,14.307571,14.606796,14.157593,14.307571,14.270103,14.700096,13.687294,14.063721,14.157593,14.662788,14.326302,14.157593,14.363747,14.157593,13.725006,14.063721,14.138817,13.781540,13.762703,13.630692,14.195114,14.026146,13.969765,14.063721,14.157593,14.157593,14.157593,13.592949,14.363747,13.875710,14.363747,13.819221,13.913338,14.195114,14.063721,13.781540,14.120049,13.819221,14.176346,14.157593,14.007355,13.725006,13.800392,13.988556,14.288834,14.419891,14.307571,13.988556,14.251350,13.762703,14.120049,13.725006,14.082504,14.157593,13.875710,13.781540,14.288834,13.555183,13.950951,14.176346,14.138817,13.592949,13.819221,14.288834,14.270103,14.849190,14.569450,14.588127,14.811943,15.756950,15.756950,15.572441,15.775375,16.106438,16.088081,16.436256,16.326462,15.885872,15.885872,16.051353,16.143143,16.509377,16.326462,16.801247,16.710136,16.837654,16.509377,17.237198,17.291534,17.345833,17.019493,17.742996,17.055817,17.309639,17.345833,17.526596,17.562698,17.472412,17.309639,17.544655,17.616829,17.580750,17.634865,17.309639,17.273430,17.436272,16.983162,17.400101,17.345833,17.182823,17.092117,16.964989,17.580750,17.688942,17.544655,17.634865,17.526596,17.742996,17.886955,18.030663,17.833000,17.850990,17.382019,17.940880,17.742996,17.652901,17.976807,17.562698,17.309639,17.598785,17.472412,18.030663,17.472412,17.382019,17.742996,17.598785,17.291534,17.526596,17.652901,17.400101,16.746590,17.309639,16.983162,17.454338,17.182823,16.819458,16.910439,17.200951,16.582436,16.874062,16.069710,16.399666,15.387550,15.977844,15.590912,15.350533,15.183723,14.513397,15.146614,14.101280,14.438606,14.793312,14.849190,14.625465,14.606796,14.382469,14.774681,14.756035,15.165176,14.886414,14.644127,15.072350,14.569450,14.867805,14.793312,14.232613,14.756035,14.457298,14.867805,14.232613,14.457298,14.756035,14.419891,14.363747,14.923637,14.157593,13.913338,13.950951,14.270103,14.363747,13.932144,14.532082,14.662788,14.288834,14.737404,14.101280,13.913338,13.441788,14.063721,13.950951,14.438606,13.517403,14.232613,13.385033,13.271439,
12.242760,13.385033,12.815643,13.119759,13.781540,13.441788,13.574066,13.366112,13.555183,12.967819,13.157700,13.668427,13.100769,13.932144,13.800392,13.819221,13.290382,13.290382,13.838051,13.781540,13.819221,13.347183,14.026146,13.517403,13.422867,13.441788,13.138725,13.138725,13.366112,13.498497,13.441788,13.271439,13.005829,12.891754,13.328255,13.290382,12.701340,13.498497,13.611824,13.498497,12.967819,13.252487,13.271439,13.574066,13.062805,13.347183,13.403954,13.290382,13.366112,13.366112,13.574066,13.441788,13.555183,13.005829,14.063721,14.101280,13.969765,13.403954,13.479599,12.967819,13.762703,13.309326,13.800392,13.479599,13.706154,14.213860,13.555183,13.252487,13.668427,13.592949,13.611824,13.441788,13.460693,13.233543,13.366112,12.815643,13.119759,12.929794,13.252487,13.460693,12.910774,13.517403,13.592949,13.668427,13.100769,14.082504,13.819221,13.441788,13.913338,13.706154,14.082504,13.875710,14.494698,13.800392,14.345024,14.007355,13.932144,13.574066,14.457298,13.743858,14.082504,13.555183,13.517403,13.988556,14.326302,13.838051,14.176346,13.592949,13.969765,13.913338,14.288834,13.894524,13.649567,13.781540,13.932144,13.441788,13.856880,13.687294,13.762703,14.345024,13.706154,13.819221,13.762703,13.517403,14.288834,13.913338,13.988556,14.007355,14.007355,14.044937,13.630692,13.988556,14.251350,13.969765,14.401184,14.270103,14.176346,14.532082,14.101280,13.894524,14.176346,13.838051,14.026146,14.232613,14.288834,13.932144,14.101280,14.345024,14.625465,14.138817,14.513397,14.176346,14.662788,13.706154,13.950951,14.101280,13.781540,14.195114,14.063721,14.232613,13.969765,15.053780,14.886414,14.793312,15.424561,15.220818,15.461563,15.941071,16.289825,15.849052,16.308144,16.454536,17.055817,16.764816,16.491104,17.055817,16.874062,17.327736,17.363930,17.019493,17.688942,17.472412,17.688942,17.345833,17.616829,17.237198,17.761002,17.797005,18.442459,18.281563,18.084496,18.370995,17.976807,17.868965,17.976807,18.030663,17.976807,17.724983,18.030663,17.706970,18.030663,17.761002,17.797005,17.868965,17.940880,17.490471,17.815002,17.562698,18.066551,18.012718,17.904930,17.797005,18.174133,18.138290,18.227867,18.192039,17.886955,17.779015,17.797005,18.299454,18.317345,18.174133,18.066551,18.603035,18.353111,18.353111,18.834435,18.174133,18.335236,18.674309,18.656494,18.781090,18.656494,18.958771,18.941017,18.852211,18.852211,19.206863,18.709923,18.834435,19.295280,19.312950,18.923264,18.763306,19.082909,18.923264,18.958771,18.798882,18.745514,19.082909,19.153755,18.620857,18.656494,18.727722,19.259926,18.674309,19.206863,18.692123,18.976524,18.674309,18.370995,18.941017,18.478165,18.869980,18.798882,18.692123,18.781090,18.887749,18.638680,19.082909,18.852211,18.638680,18.781090,19.047462,18.603035,18.656494,18.460312,18.585213,18.442459,18.370995,18.549545,18.656494,18.317345,18.585213,18.281563,18.674309,18.281563,18.263664,18.066551,18.370995,18.299454,18.388855,18.424599,18.192039,18.370995,18.209953,18.245766,18.424599,18.709923,18.745514,18.798882,18.424599,18.299454,18.941017,18.816666,18.692123,18.958771,19.082909,19.100624,18.887749,19.100624,18.798882,18.585213,18.798882,18.370995,18.192039,18.424599,18.192039,18.406731,18.156204,17.688942,17.868965,17.958839,17.958839,18.012718,17.833000,17.706970,17.742996,17.110275,17.164696,16.819458,16.801247,16.069710,15.922668,15.867470,15.646294,15.738518,15.090919,15.165176,14.195114,15.035194,14.457298,14.811943,14.513397,14.270103,14.793312,14.382469,14.606796,14.457298,15.090919,14.476006,14.476006,14.457298,13.950951,14.960838,14.606796,14.737404,14.662788,14.457298,14.176346,14.401184,14.288834,14.307571,14.363747,14.532082,14.476006,14.120049,14.251350,14.681450,14.232613,14.644127,14.532082,14.532082,14.082504,14.625465,14.063721,14.681450,14.326302,14.363747,14.625465,14.382469,14.007355,14.044937,14.251350,14.700096,14.232613,14.101280,14.681450,14.120049,14.138817,14.270103,14.532082,14.737404,14.588127,14.363747,14.401184,14.569450,14.251350,14.307571,14.251350,14.569450,14.737404,13.913338,14.157593,14.345024,14.063721,14.251350,14.082504,14.419891,14.007355,13.800392,13.781540,13.838051,14.007355,13.800392,14.026146,13.894524,13.668427,13.611824,14.044937,14.007355,14.288834,13.800392,14.082504,14.326302,13.856880,13.800392,13.932144,14.606796,14.251350,14.326302,14.232613,14.382469,14.382469,14.550774,14.700096,14.270103,14.232613,14.494698,14.550774,14.363747,14.063721,14.494698,14.213860,14.044937,13.894524,13.988556,14.213860,13.819221,14.251350,14.101280,13.838051,14.251350,14.063721,13.781540,13.932144,14.307571,14.270103,14.101280,14.044937,14.063721,13.743858,13.950951,14.288834,13.743858,14.007355,14.063721,13.800392,13.932144,14.063721,14.438606,14.345024,14.007355,14.101280,13.819221,13.347183,13.913338,13.762703,13.838051,14.101280,13.988556,13.762703,14.176346,13.894524,13.913338,14.044937,13.894524,13.687294,13.838051,13.913338,14.382469,14.063721,14.026146,13.894524,14.026146,13.875710,13.969765,14.569450,14.176346,14.326302,14.513397,14.157593,15.183723,14.960838,15.609375,15.498535,15.720085,15.406059,16.691910,16.088081,16.491104,16.344765,15.922668,15.996223,16.892258,15.977844,16.728371,16.855865,16.381371,16.928627,17.128418,16.964989,16.837654,17.128418,17.092117,17.382019,17.273430,17.073982,17.418190,17.472412,17.886955,17.472412,17.833000,17.345833,17.544655,17.616829,17.670921,17.958839,17.850990,17.580750,17.652901,17.400101,17.382019,17.255310,17.436272,17.634865,17.382019,17.508537,17.976807,18.084496,17.904930,17.382019,17.634865,17.598785,17.652901,17.815002,17.833000,17.833000,18.120361,17.886955,17.454338,17.652901,17.815002,17.742996,17.255310,17.815002,17.526596,17.526596,17.490471,17.779015,17.616829,17.815002,17.164696,17.418190,17.580750,17.092117,17.382019,16.874062,17.273430,16.874062,17.073982,16.910439,17.037659,16.326462,16.637184,16.051353,16.179840,16.069710,15.867470,16.289825,15.202286,14.774681,15.406059,14.756035,14.419891,14.569450,14.569450,14.737404,14.588127,14.662788,14.811943,14.830566,14.662788,15.220818,15.016617,14.569450,14.849190,14.774681,14.718750,14.737404,14.494698,14.082504,14.550774,14.625465,14.979439,14.063721,14.419891,14.681450,14.232613,14.550774,14.288834,14.326302,14.270103,14.457298,14.550774,14.288834,14.307571,14.213860,14.550774,14.138817,14.382469,13.913338,14.120049,13.838051,13.706154,13.875710,14.363747,14.007355,13.195625,13.157700,
12.414986,13.441788,13.119759,13.233543,13.328255,13.574066,13.800392,13.309326,13.706154,13.157700,13.988556,13.290382,13.271439,13.195625,13.309326,12.929794,13.762703,13.403954,13.536285,13.479599,13.969765,13.498497,13.062805,13.574066,13.157700,13.517403,13.781540,13.403954,13.403954,13.271439,13.195625,13.309326,13.479599,12.967819,13.479599,12.929794,13.005829,13.290382,13.706154,13.309326,13.309326,13.856880,13.385033,13.403954,13.138725,13.271439,13.441788,13.233543,13.460693,13.762703,13.422867,13.706154,13.366112,13.403954,13.138725,13.062805,13.875710,12.777557,13.081795,13.441788,13.611824,13.005829,13.024826,13.271439,13.479599,13.252487,13.347183,13.574066,13.024826,13.649567,13.441788,13.441788,13.800392,13.157700,13.536285,13.422867,13.043808,13.081795,13.441788,13.233543,13.385033,13.233543,13.100769,13.328255,13.290382,13.176659,13.743858,13.668427,13.555183,13.441788,13.611824,13.611824,14.007355,14.326302,13.762703,13.555183,13.950951,13.479599,14.270103,13.498497,13.592949,14.007355,13.536285,13.536285,13.838051,13.950951,13.725006,13.800392,14.232613,13.630692,14.270103,13.762703,14.063721,13.687294,13.762703,13.781540,13.592949,14.101280,14.044937,13.649567,14.044937,13.725006,13.894524,13.969765,13.800392,13.838051,14.288834,13.894524,13.781540,14.157593,13.762703,14.288834,14.120049,13.668427,14.213860,14.044937,13.725006,14.737404,13.838051,14.363747,14.307571,13.950951,14.251350,14.251350,14.382469,14.082504,14.550774,14.363747,14.251350,14.232613,14.569450,13.969765,14.176346,13.838051,14.063721,14.138817,13.969765,13.536285,14.157593,14.793312,14.513397,14.363747,15.016617,14.811943,15.239365,16.014603,15.720085,15.849052,16.454536,16.436256,16.289825,16.582436,17.019493,17.037659,17.273430,17.219078,16.928627,16.728371,17.634865,17.345833,17.454338,17.526596,18.012718,17.706970,17.688942,17.598785,17.904930,17.724983,18.209953,17.779015,18.209953,17.922905,18.209953,18.335236,18.192039,18.012718,17.994759,18.084496,18.156204,17.652901,17.706970,18.174133,17.833000,17.797005,17.868965,17.958839,17.761002,17.940880,17.922905,17.904930,17.976807,18.012718,18.048607,18.192039,17.976807,18.030663,17.886955,18.084496,17.976807,18.066551,18.066551,18.335236,17.868965,18.102425,18.549545,18.531708,18.531708,18.424599,18.531708,18.174133,18.478165,18.852211,18.941017,19.011993,18.513863,18.976524,19.047462,18.994255,18.674309,19.206863,18.852211,19.330627,19.118340,19.242241,18.816666,19.082909,19.189156,19.029732,18.656494,18.923264,18.816666,18.923264,18.887749,18.763306,18.852211,18.603035,18.549545,18.958771,18.958771,18.620857,18.887749,19.065178,18.763306,18.816666,18.994255,18.709923,18.727722,18.852211,19.206863,19.100624,18.549545,18.852211,18.852211,19.171471,18.531708,18.531708,18.585213,18.798882,18.994255,18.585213,18.763306,18.174133,18.692123,18.585213,18.603035,18.692123,18.299454,18.281563,18.603035,18.585213,18.406731,18.424599,18.263664,18.299454,18.638680,18.442459,18.620857,18.299454,18.798882,18.299454,18.620857,18.424599,18.585213,19.454201,18.798882,18.656494,18.692123,18.745514,18.887749,18.852211,18.905502,18.976524,19.011993,18.406731,18.834435,17.958839,18.781090,17.815002,18.424599,18.263664,18.120361,18.406731,17.994759,17.706970,17.904930,17.598785,17.634865,17.562698,17.363930,16.874062,17.182823,16.874062,16.179840,15.849052,15.738518,15.627831,15.369041,15.165176,15.090919,14.438606,14.830566,14.960838,14.401184,14.700096,14.307571,14.718750,14.700096,14.867805,14.700096,14.662788,14.569450,14.457298,14.513397,14.288834,14.569450,14.270103,14.438606,14.419891,14.157593,14.419891,14.569450,14.419891,14.363747,14.307571,14.288834,14.044937,14.120049,14.213860,14.232613,14.401184,14.419891,14.007355,14.401184,14.270103,14.326302,14.345024,13.950951,14.345024,14.082504,14.382469,14.270103,14.401184,14.326302,14.494698,14.326302,14.476006,14.401184,14.044937,14.494698,14.438606,14.345024,14.232613,13.800392,13.668427,14.457298,14.457298,14.644127,14.288834,14.326302,14.251350,14.774681,13.819221,13.932144,14.232613,14.195114,14.363747,14.007355,14.213860,14.401184,14.382469,13.988556,14.138817,13.875710,14.007355,14.213860,13.875710,13.762703,14.345024,13.932144,13.668427,13.687294,13.988556,13.762703,13.875710,14.157593,13.894524,13.969765,13.819221,14.063721,13.668427,14.363747,14.101280,14.345024,14.288834,14.382469,13.950951,14.345024,14.232613,14.476006,14.176346,14.026146,14.476006,13.950951,14.120049,14.494698,13.856880,14.700096,14.213860,14.288834,14.419891,13.932144,14.138817,13.649567,14.120049,13.988556,13.555183,14.101280,13.630692,14.007355,13.875710,14.195114,13.574066,14.120049,13.969765,14.082504,14.232613,14.288834,13.969765,14.138817,13.574066,14.101280,14.195114,13.875710,14.026146,14.138817,14.101280,14.120049,13.743858,13.950951,14.120049,14.270103,13.725006,13.950951,13.856880,13.932144,13.894524,14.157593,13.856880,14.195114,13.498497,13.969765,13.668427,14.101280,13.838051,14.251350,13.838051,14.044937,14.138817,14.457298,14.195114,14.476006,14.830566,14.569450,15.016617,15.517014,15.443062,15.535500,16.234848,16.051353,16.783035,16.308144,16.326462,16.454536,16.454536,16.399666,16.600693,17.200951,17.019493,17.110275,16.710136,17.200951,16.946808,16.874062,17.055817,17.200951,17.001335,17.291534,17.598785,17.490471,17.273430,17.345833,17.742996,17.526596,17.688942,17.994759,17.652901,17.688942,17.345833,17.273430,17.634865,17.706970,17.363930,17.237198,17.418190,17.580750,17.850990,17.309639,17.958839,17.363930,17.706970,17.598785,17.598785,17.472412,17.616829,17.724983,17.670921,18.030663,18.317345,17.724983,17.327736,17.706970,17.815002,18.048607,17.742996,17.634865,17.634865,17.454338,17.291534,17.670921,17.055817,17.670921,17.291534,17.652901,17.904930,17.110275,17.634865,17.019493,17.436272,16.946808,17.309639,16.728371,16.928627,16.728371,16.728371,17.037659,16.344765,16.655434,15.996223,16.161499,15.553970,15.257896,15.053780,14.830566,14.644127,14.644127,14.793312,14.849190,14.513397,15.053780,14.606796,14.401184,14.942238,14.606796,14.960838,14.756035,14.960838,14.756035,14.886414,14.811943,14.494698,14.681450,15.165176,14.550774,14.438606,14.737404,14.326302,14.681450,14.513397,14.849190,14.476006,14.756035,14.625465,14.513397,14.756035,14.307571,13.668427,14.120049,14.138817,14.270103,14.588127,14.082504,13.950951,14.082504,14.120049,14.044937,14.326302,14.007355,13.762703,13.649567,13.555183,
12.185280,13.043808,13.043808,12.815643,13.460693,12.758507,13.555183,12.948814,13.460693,13.781540,13.403954,13.195625,13.100769,13.555183,13.403954,13.460693,13.366112,13.592949,13.517403,13.024826,13.328255,13.176659,13.838051,13.138725,13.309326,13.403954,13.347183,13.309326,13.668427,13.574066,13.422867,13.005829,13.422867,13.403954,12.967819,13.328255,13.479599,13.176659,13.630692,13.100769,13.005829,13.592949,13.366112,13.328255,13.366112,13.252487,13.309326,13.460693,13.176659,13.252487,13.347183,13.176659,13.422867,13.441788,12.891754,12.720398,13.498497,13.800392,13.574066,13.233543,13.233543,13.725006,13.838051,13.422867,13.328255,13.592949,12.967819,13.195625,13.441788,13.252487,13.309326,13.271439,13.328255,13.195625,13.252487,13.252487,13.479599,13.781540,13.176659,12.967819,13.574066,12.967819,13.875710,13.725006,13.403954,13.214584,13.460693,13.687294,13.649567,13.385033,13.460693,13.706154,13.894524,14.044937,13.743858,13.969765,14.419891,13.668427,13.725006,13.838051,14.007355,13.574066,13.800392,13.687294,14.120049,13.649567,13.328255,13.668427,13.800392,13.932144,13.762703,13.592949,13.913338,13.441788,13.913338,13.988556,13.706154,14.082504,13.838051,13.819221,13.988556,13.875710,14.026146,13.838051,13.725006,13.838051,13.687294,14.157593,13.743858,13.725006,13.819221,13.856880,13.838051,14.063721,14.270103,13.969765,14.138817,14.270103,14.026146,13.894524,13.894524,13.668427,14.044937,14.026146,14.606796,14.138817,14.063721,14.044937,14.363747,14.195114,14.138817,13.932144,13.988556,14.101280,14.082504,14.363747,14.007355,14.176346,13.819221,14.569450,13.950951,14.606796,14.905037,14.737404,15.294960,15.793800,15.535500,15.941071,16.106438,16.326462,16.691910,16.691910,16.892258,16.837654,17.055817,16.837654,17.092117,16.819458,17.400101,17.073982,17.436272,17.037659,17.779015,17.490471,17.706970,17.436272,18.012718,17.868965,17.742996,17.562698,18.084496,18.209953,18.335236,17.815002,18.263664,18.102425,17.976807,18.084496,17.688942,17.815002,17.850990,17.976807,17.922905,17.922905,18.030663,17.580750,18.209953,17.904930,17.761002,17.958839,17.976807,17.976807,18.442459,18.102425,18.692123,18.281563,18.174133,17.850990,18.263664,18.138290,18.263664,18.209953,18.227867,18.317345,18.442459,18.442459,18.852211,18.335236,18.353111,18.281563,18.460312,18.406731,18.781090,18.656494,18.638680,18.905502,19.118340,18.887749,19.100624,18.941017,19.011993,18.994255,18.745514,19.029732,18.816666,19.118340,19.277603,19.100624,19.047462,18.923264,18.781090,18.941017,18.941017,18.923264,18.798882,18.138290,18.692123,19.100624,18.798882,18.674309,18.958771,18.923264,19.082909,18.905502,18.976524,18.958771,18.852211,18.852211,19.011993,18.656494,18.567383,18.941017,18.745514,19.029732,18.887749,18.763306,18.388855,18.388855,18.834435,18.567383,18.923264,18.460312,18.763306,18.478165,18.406731,18.745514,18.745514,18.317345,18.299454,18.905502,18.745514,18.834435,18.048607,18.156204,18.370995,18.227867,18.513863,18.638680,18.460312,18.763306,18.674309,18.496017,18.513863,18.834435,18.781090,18.763306,19.295280,18.763306,19.047462,18.923264,18.941017,18.620857,19.082909,18.798882,18.549545,18.406731,18.549545,18.263664,18.317345,18.030663,17.904930,18.012718,18.227867,17.724983,17.598785,17.868965,17.886955,17.580750,17.454338,17.055817,16.783035,16.673668,16.308144,16.399666,16.032974,15.553970,15.498535,15.406059,15.053780,15.016617,14.288834,14.326302,14.700096,14.700096,15.128059,14.588127,14.606796,14.307571,14.662788,14.345024,14.550774,14.251350,14.513397,14.625465,14.588127,14.307571,14.644127,14.886414,14.419891,14.438606,14.195114,14.532082,14.588127,13.894524,14.644127,14.288834,14.363747,14.232613,14.625465,14.737404,14.419891,14.532082,14.007355,14.232613,14.363747,14.044937,14.157593,14.363747,14.457298,14.382469,14.550774,14.326302,14.138817,14.588127,14.082504,13.950951,14.419891,13.913338,14.138817,14.288834,14.101280,14.569450,13.819221,14.288834,14.326302,14.326302,13.932144,14.550774,14.270103,13.988556,14.176346,14.270103,14.195114,14.419891,14.438606,13.969765,13.988556,14.195114,14.157593,14.007355,13.950951,13.781540,13.913338,14.513397,14.457298,14.026146,14.082504,14.044937,13.781540,13.856880,13.894524,14.213860,14.026146,13.894524,14.438606,14.195114,14.326302,14.419891,13.875710,14.138817,14.082504,14.120049,14.401184,14.681450,14.363747,14.494698,13.969765,14.213860,14.063721,14.288834,14.476006,13.838051,14.195114,13.819221,14.644127,14.120049,14.232613,14.195114,13.894524,13.668427,13.988556,13.706154,14.082504,14.419891,13.838051,14.157593,14.101280,14.532082,13.762703,13.988556,13.894524,14.345024,14.326302,13.988556,14.213860,13.875710,13.838051,14.363747,14.494698,14.270103,13.856880,13.969765,13.988556,14.363747,13.969765,13.725006,13.706154,13.894524,13.725006,13.950951,13.950951,13.460693,13.894524,13.894524,14.120049,13.592949,14.232613,13.687294,13.913338,13.611824,14.101280,14.120049,14.138817,14.157593,14.232613,13.838051,14.251350,14.270103,14.101280,14.157593,14.401184,14.569450,15.202286,15.369041,15.239365,15.701637,15.775375,15.867470,16.106438,16.198189,16.106438,16.491104,16.600693,16.600693,16.289825,16.399666,16.910439,16.618950,16.655434,17.001335,17.019493,17.688942,17.237198,17.219078,17.200951,17.652901,17.706970,17.472412,17.742996,17.815002,17.815002,17.634865,17.526596,17.833000,17.363930,17.670921,17.724983,17.616829,17.562698,17.940880,17.273430,17.562698,17.037659,17.562698,17.706970,17.490471,17.598785,17.219078,17.761002,17.291534,17.742996,17.580750,17.526596,17.958839,17.508537,18.102425,17.688942,17.904930,17.922905,17.833000,17.652901,17.363930,17.976807,17.363930,17.634865,17.868965,17.418190,17.508537,17.652901,17.418190,16.801247,17.309639,17.598785,17.490471,17.418190,17.454338,17.219078,16.764816,17.345833,17.418190,17.037659,16.819458,16.819458,16.344765,16.472824,16.381371,16.234848,16.216530,16.143143,15.128059,15.812218,14.905037,14.625465,15.183723,14.476006,14.588127,14.476006,14.681450,14.662788,14.756035,14.662788,14.569450,14.998024,14.513397,14.532082,14.886414,14.513397,14.718750,14.494698,14.606796,14.830566,14.513397,14.532082,14.998024,14.774681,14.438606,14.811943,14.681450,14.681450,14.494698,14.363747,14.176346,14.476006,14.120049,14.681450,14.270103,14.270103,14.588127,14.251350,14.195114,14.044937,14.606796,13.932144,13.725006,13.950951,13.687294,14.232613,14.063721,13.781540,12.986824,
12.261917,13.005829,13.214584,13.233543,13.309326,13.856880,13.422867,13.062805,13.366112,13.819221,13.706154,13.479599,12.948814,13.460693,13.309326,13.005829,13.252487,13.517403,13.195625,13.328255,13.214584,13.214584,13.328255,13.081795,13.498497,13.024826,13.366112,13.838051,13.233543,13.214584,13.385033,13.498497,13.479599,13.498497,13.271439,13.668427,13.422867,13.005829,13.479599,13.195625,13.555183,13.024826,13.725006,13.195625,13.422867,13.479599,12.625069,13.252487,13.574066,13.195625,13.441788,13.441788,13.403954,13.252487,13.043808,13.762703,13.233543,13.309326,13.517403,13.176659,13.781540,13.271439,13.592949,13.592949,13.687294,13.800392,13.592949,13.252487,13.157700,13.347183,13.233543,13.043808,13.687294,13.347183,13.460693,13.366112,13.403954,13.441788,13.403954,13.517403,13.081795,13.403954,13.479599,13.252487,13.479599,14.007355,13.743858,13.062805,13.762703,13.479599,12.872734,13.214584,13.838051,14.007355,14.026146,13.781540,13.969765,13.403954,13.517403,13.498497,13.706154,13.441788,14.438606,13.290382,13.668427,13.988556,13.969765,14.044937,14.082504,14.251350,13.800392,13.894524,14.082504,14.082504,13.687294,13.969765,13.630692,13.574066,13.725006,13.913338,14.157593,13.498497,13.668427,13.781540,13.743858,14.251350,14.063721,13.611824,14.288834,13.592949,13.988556,14.270103,14.363747,13.290382,14.569450,14.063721,13.894524,14.606796,14.550774,14.044937,13.988556,14.063721,13.838051,13.875710,14.401184,14.176346,14.401184,14.044937,14.082504,14.326302,13.819221,14.270103,14.082504,13.800392,14.213860,13.932144,13.875710,14.120049,14.345024,14.550774,14.494698,14.811943,15.146614,15.350533,15.424561,15.165176,15.977844,16.014603,16.179840,16.106438,16.491104,16.837654,16.728371,16.874062,17.037659,17.219078,17.273430,17.146553,17.164696,17.219078,17.526596,17.598785,17.833000,17.616829,17.472412,17.833000,17.779015,17.904930,17.634865,17.688942,18.388855,18.138290,17.850990,18.012718,18.048607,17.797005,18.048607,18.138290,18.263664,18.048607,17.580750,17.994759,18.353111,17.472412,17.994759,17.833000,17.761002,18.066551,17.724983,18.156204,18.120361,17.922905,18.102425,18.406731,18.513863,17.922905,18.317345,18.048607,18.317345,18.317345,18.084496,18.388855,18.227867,18.478165,18.887749,18.370995,18.388855,18.317345,18.138290,18.442459,18.353111,18.763306,18.958771,18.478165,18.745514,18.798882,18.603035,19.065178,19.189156,18.781090,19.011993,19.011993,18.941017,18.763306,19.224541,19.082909,18.976524,18.834435,18.869980,18.923264,18.869980,18.727722,18.513863,18.496017,18.496017,18.798882,18.976524,18.656494,18.941017,18.905502,19.259926,18.994255,18.781090,18.674309,18.798882,19.171471,18.958771,19.189156,19.242241,18.816666,18.976524,18.816666,19.065178,18.603035,19.047462,19.100624,18.958771,18.478165,18.745514,19.047462,18.798882,18.299454,18.852211,18.603035,18.781090,18.603035,18.781090,18.281563,18.798882,18.281563,18.496017,18.102425,18.585213,18.370995,18.406731,18.174133,18.585213,18.620857,18.941017,18.424599,18.692123,18.585213,18.941017,18.834435,19.047462,18.816666,18.958771,18.941017,18.727722,18.941017,19.189156,18.674309,18.549545,18.763306,18.156204,18.763306,18.638680,18.048607,18.460312,18.138290,18.066551,18.192039,17.922905,17.797005,18.120361,17.634865,17.922905,17.544655,17.001335,17.092117,16.964989,16.710136,16.179840,16.161499,16.179840,15.553970,15.793800,15.090919,14.886414,15.128059,14.849190,14.251350,14.644127,14.811943,14.606796,14.513397,14.101280,14.532082,14.307571,14.793312,14.326302,14.550774,14.756035,14.569450,14.213860,14.494698,14.588127,14.270103,14.270103,14.401184,14.326302,14.457298,14.401184,14.494698,14.288834,14.176346,14.176346,14.026146,14.176346,14.213860,14.606796,14.419891,14.101280,14.288834,14.401184,13.875710,14.550774,14.157593,14.326302,14.513397,14.007355,14.419891,14.326302,14.213860,14.438606,14.326302,14.157593,14.120049,13.838051,14.157593,13.932144,14.157593,14.513397,14.138817,14.401184,14.419891,14.644127,14.044937,14.101280,14.363747,14.288834,14.157593,14.345024,14.270103,14.569450,14.044937,14.138817,14.082504,14.213860,13.838051,13.932144,14.195114,14.345024,14.101280,14.063721,13.913338,13.800392,14.176346,13.932144,13.913338,13.969765,14.138817,14.232613,14.251350,14.195114,13.743858,14.288834,13.950951,14.082504,14.811943,14.176346,14.401184,14.307571,14.606796,14.588127,14.326302,14.044937,14.363747,14.044937,14.195114,14.251350,14.213860,14.213860,14.307571,14.007355,14.120049,14.101280,14.176346,13.969765,14.026146,14.044937,14.138817,13.950951,14.457298,13.856880,14.063721,13.950951,13.969765,14.363747,14.044937,13.706154,13.969765,14.494698,13.856880,13.781540,14.007355,14.007355,14.345024,14.270103,14.120049,14.026146,13.856880,13.875710,13.630692,13.668427,14.063721,14.550774,14.213860,13.932144,13.894524,14.007355,14.120049,13.574066,13.611824,14.138817,14.007355,14.457298,13.988556,13.800392,13.762703,13.592949,13.517403,13.517403,13.592949,14.288834,14.138817,13.762703,14.550774,14.157593,14.681450,14.662788,14.606796,14.532082,14.998024,15.498535,15.369041,15.941071,15.627831,16.032974,16.691910,16.143143,16.545914,16.399666,16.582436,16.454536,16.582436,16.509377,16.600693,16.910439,17.110275,16.837654,17.418190,17.273430,16.855865,17.237198,17.146553,17.219078,17.850990,17.454338,17.309639,17.688942,17.922905,17.508537,17.616829,18.066551,17.382019,17.544655,17.761002,17.562698,17.580750,17.382019,17.706970,17.291534,17.598785,17.724983,17.273430,17.670921,17.706970,17.291534,17.490471,17.291534,17.634865,17.706970,17.634865,17.904930,17.616829,18.084496,17.598785,17.815002,18.084496,18.030663,17.797005,17.688942,17.761002,17.724983,17.886955,17.092117,17.580750,17.580750,17.418190,17.526596,17.706970,16.964989,17.055817,17.345833,17.110275,17.436272,17.309639,17.164696,17.128418,17.490471,17.055817,17.128418,16.655434,16.783035,16.051353,16.161499,16.124794,16.179840,15.553970,14.960838,15.053780,14.718750,14.419891,14.644127,14.251350,14.644127,14.345024,14.625465,15.165176,15.053780,15.053780,14.718750,14.288834,14.737404,14.532082,14.550774,14.830566,14.960838,14.606796,14.644127,14.457298,14.345024,14.288834,14.363747,14.606796,14.232613,14.401184,14.588127,14.288834,14.569450,14.213860,14.513397,14.363747,13.913338,14.457298,14.195114,14.718750,14.401184,13.875710,14.157593,13.894524,14.195114,13.781540,14.063721,14.157593,13.800392,13.743858,13.706154,12.891754,
12.739456,13.043808,13.668427,12.834679,13.536285,13.668427,13.347183,13.271439,13.498497,13.024826,12.834679,13.592949,13.498497,12.758507,13.781540,13.138725,13.271439,13.157700,13.517403,13.385033,13.856880,13.233543,13.574066,13.214584,14.007355,13.422867,13.800392,13.214584,13.555183,13.252487,13.176659,13.347183,13.460693,12.986824,13.592949,13.932144,13.157700,12.625069,13.913338,12.929794,12.834679,13.195625,12.796600,12.967819,13.252487,13.214584,12.758507,13.119759,13.536285,13.856880,13.479599,13.536285,13.460693,13.498497,13.252487,13.195625,13.347183,13.195625,13.668427,13.838051,12.986824,13.460693,14.157593,13.592949,14.044937,13.800392,13.422867,13.630692,13.271439,13.592949,13.271439,13.441788,13.347183,13.517403,13.725006,13.555183,13.252487,13.649567,13.498497,13.574066,13.687294,13.687294,13.422867,13.479599,13.706154,13.725006,14.063721,13.894524,13.894524,13.555183,14.044937,13.687294,14.138817,14.213860,14.101280,13.460693,13.988556,13.913338,14.026146,13.932144,14.007355,13.668427,14.195114,13.969765,13.687294,14.063721,13.630692,13.875710,14.213860,13.574066,13.460693,13.913338,13.536285,13.932144,13.819221,14.063721,13.706154,13.969765,13.536285,13.800392,14.176346,13.969765,13.517403,13.856880,13.894524,13.800392,13.875710,14.082504,13.969765,13.969765,14.082504,13.838051,13.762703,13.988556,14.082504,14.044937,14.157593,14.120049,14.270103,14.157593,13.932144,13.441788,14.044937,13.894524,14.082504,14.063721,14.195114,14.251350,13.875710,13.819221,14.588127,14.063721,14.345024,14.232613,14.326302,13.819221,14.026146,14.513397,14.401184,14.176346,14.550774,14.457298,14.886414,14.849190,15.517014,15.294960,15.812218,15.627831,16.509377,16.454536,16.691910,17.092117,16.928627,17.327736,16.983162,17.327736,17.182823,17.255310,17.273430,17.182823,17.724983,17.580750,17.345833,17.976807,17.472412,17.976807,17.833000,18.227867,17.850990,17.922905,17.940880,18.120361,18.120361,17.958839,18.192039,18.084496,17.940880,17.994759,17.940880,18.066551,17.598785,17.598785,18.174133,18.030663,17.815002,17.742996,17.904930,17.976807,18.353111,18.030663,17.922905,18.174133,18.192039,17.994759,17.761002,18.263664,18.496017,18.209953,18.263664,18.192039,18.353111,18.192039,18.460312,18.317345,18.656494,18.531708,18.406731,18.585213,18.531708,18.692123,18.905502,18.335236,18.674309,18.941017,18.727722,18.887749,18.513863,18.513863,18.263664,19.153755,18.905502,18.798882,19.224541,19.295280,19.011993,19.418907,18.923264,19.171471,18.887749,18.567383,18.994255,19.136055,18.781090,18.923264,18.976524,19.011993,19.047462,18.834435,18.834435,18.994255,18.692123,19.206863,18.869980,19.029732,18.781090,19.136055,18.976524,18.763306,18.869980,19.047462,18.656494,19.118340,19.136055,18.994255,19.171471,18.941017,18.869980,18.852211,18.370995,18.887749,18.905502,18.674309,18.388855,18.692123,18.781090,18.335236,19.011993,18.442459,18.620857,18.227867,18.923264,18.531708,18.478165,18.424599,18.138290,18.496017,18.460312,18.513863,18.567383,18.834435,18.585213,18.513863,18.692123,18.567383,18.745514,18.887749,18.994255,19.153755,19.136055,19.171471,18.816666,18.674309,18.781090,18.994255,19.029732,18.674309,18.603035,18.745514,18.174133,18.406731,18.531708,18.030663,17.940880,17.833000,17.940880,17.850990,18.012718,17.562698,17.472412,17.273430,17.055817,16.600693,16.509377,16.436256,16.417961,15.461563,15.683197,15.369041,14.867805,15.035194,14.774681,14.494698,14.288834,14.550774,14.550774,14.176346,14.662788,14.363747,14.494698,14.513397,14.681450,14.756035,14.830566,14.532082,14.644127,14.737404,14.476006,14.063721,14.476006,14.681450,14.625465,14.120049,14.213860,14.288834,14.307571,14.363747,15.053780,14.138817,14.176346,14.082504,14.476006,14.457298,14.101280,14.513397,14.363747,13.800392,14.363747,14.082504,14.251350,14.270103,14.120049,14.176346,14.625465,14.457298,13.781540,14.251350,14.718750,13.706154,14.476006,14.606796,14.026146,14.326302,14.288834,14.494698,14.213860,14.345024,14.251350,14.513397,14.101280,14.457298,14.232613,14.494698,14.476006,14.345024,14.232613,14.419891,14.007355,14.288834,14.213860,14.157593,14.082504,14.120049,14.157593,13.781540,14.138817,14.307571,13.856880,13.800392,14.382469,14.176346,14.007355,14.288834,14.419891,14.044937,14.363747,14.494698,14.550774,13.498497,14.120049,14.382469,14.513397,14.044937,14.232613,14.532082,14.457298,14.644127,14.326302,14.120049,14.026146,14.232613,14.363747,14.438606,14.438606,14.007355,14.307571,13.969765,13.932144,14.382469,14.532082,14.457298,14.176346,14.082504,14.270103,13.856880,13.913338,13.932144,14.063721,13.894524,13.819221,14.026146,14.532082,14.681450,14.700096,14.082504,14.044937,14.232613,14.213860,14.326302,13.913338,14.232613,13.932144,13.950951,14.270103,14.157593,13.856880,14.101280,13.932144,14.007355,13.950951,14.044937,13.856880,14.213860,13.743858,13.875710,14.251350,13.950951,14.382469,13.819221,13.781540,14.101280,14.251350,13.819221,14.195114,13.781540,14.307571,14.176346,13.536285,14.419891,14.700096,14.345024,14.232613,14.960838,14.942238,15.553970,15.369041,15.553970,15.701637,16.289825,16.216530,16.399666,16.051353,16.454536,16.874062,16.363075,16.618950,16.564171,16.527649,16.946808,16.801247,17.001335,16.728371,17.019493,16.837654,17.472412,16.892258,17.164696,17.616829,17.562698,17.868965,17.490471,17.886955,17.958839,17.110275,18.102425,18.209953,17.454338,17.652901,17.742996,17.742996,17.291534,17.742996,17.652901,17.724983,17.092117,17.472412,17.363930,17.472412,17.562698,17.652901,17.363930,17.490471,17.706970,17.598785,17.363930,18.388855,17.526596,17.922905,18.012718,18.567383,18.012718,18.030663,17.237198,17.833000,17.237198,17.670921,17.616829,17.761002,17.850990,17.580750,17.363930,17.833000,17.706970,17.508537,17.273430,16.946808,17.363930,17.128418,16.928627,17.400101,17.237198,16.874062,17.055817,17.037659,16.381371,16.837654,16.106438,16.124794,15.664742,15.664742,15.202286,15.350533,15.294960,14.718750,14.886414,14.644127,14.830566,14.662788,14.345024,14.401184,14.494698,15.146614,14.700096,14.867805,14.476006,14.681450,14.288834,14.867805,14.569450,14.700096,14.849190,15.128059,14.756035,14.662788,13.988556,14.345024,14.195114,14.007355,14.532082,14.644127,14.513397,14.942238,14.270103,13.875710,14.550774,14.044937,14.625465,14.550774,14.251350,14.307571,13.536285,13.932144,13.969765,13.950951,14.026146,14.513397,13.856880,13.875710,13.913338,13.498497,12.948814,
12.910774,12.948814,13.630692,13.024826,13.252487,13.233543,13.574066,12.701340,13.309326,13.176659,13.479599,12.948814,12.929794,13.517403,13.460693,13.479599,13.290382,13.290382,13.233543,13.441788,13.536285,13.800392,13.138725,13.536285,13.043808,13.460693,13.403954,13.366112,13.611824,13.838051,13.743858,13.233543,13.498497,12.891754,13.819221,13.195625,13.233543,12.948814,12.948814,13.138725,13.574066,13.574066,13.611824,13.347183,13.950951,13.043808,12.986824,13.479599,13.611824,13.517403,13.517403,13.687294,13.819221,13.195625,13.781540,13.309326,13.819221,13.498497,14.026146,13.781540,13.517403,13.781540,13.555183,13.195625,13.781540,13.347183,13.271439,13.214584,13.517403,13.460693,13.385033,13.422867,13.819221,14.007355,13.668427,13.119759,13.706154,13.385033,13.592949,13.950951,13.347183,13.498497,13.441788,13.385033,14.082504,13.403954,13.725006,13.517403,13.988556,13.762703,13.706154,13.706154,13.743858,13.687294,14.120049,13.611824,13.819221,14.270103,14.326302,13.441788,14.063721,13.969765,14.007355,14.044937,13.819221,13.969765,14.157593,13.555183,13.687294,13.856880,14.007355,13.630692,13.762703,13.725006,14.270103,13.856880,14.044937,13.856880,13.856880,14.382469,13.800392,14.307571,13.781540,13.988556,13.687294,14.026146,14.044937,14.007355,14.232613,13.385033,14.270103,13.950951,14.419891,13.687294,13.875710,13.838051,14.063721,14.044937,14.307571,13.969765,13.932144,14.101280,14.494698,14.251350,13.649567,14.532082,13.894524,14.044937,14.288834,14.195114,14.176346,14.157593,14.157593,14.157593,14.195114,14.513397,14.007355,14.138817,14.232613,14.176346,14.476006,14.756035,14.569450,14.681450,15.387550,15.498535,15.867470,16.198189,16.289825,16.436256,16.892258,17.055817,17.055817,16.910439,16.855865,16.983162,16.946808,17.345833,17.454338,17.255310,17.886955,17.164696,17.886955,17.309639,17.815002,17.724983,17.886955,17.868965,17.779015,17.994759,18.156204,17.922905,18.460312,17.976807,18.192039,18.174133,18.084496,18.227867,17.761002,17.454338,18.030663,17.904930,18.012718,18.227867,17.454338,17.706970,18.424599,18.066551,17.436272,17.779015,18.084496,18.156204,18.156204,18.781090,18.299454,18.227867,18.442459,17.886955,18.496017,18.299454,18.834435,18.656494,18.066551,18.567383,18.834435,18.209953,18.442459,18.388855,18.656494,18.460312,18.656494,18.923264,18.335236,19.011993,18.603035,18.727722,19.065178,18.442459,18.513863,19.153755,18.567383,18.603035,18.763306,19.471832,18.816666,19.118340,19.242241,18.976524,18.834435,19.153755,18.923264,19.277603,18.763306,19.065178,19.330627,18.370995,19.029732,18.816666,18.531708,19.242241,19.100624,18.763306,18.603035,18.941017,18.923264,18.887749,18.869980,19.171471,19.100624,18.834435,18.727722,18.692123,18.905502,18.245766,18.869980,19.100624,18.496017,18.976524,18.941017,18.585213,18.424599,18.317345,18.656494,18.317345,18.727722,18.567383,18.496017,18.798882,18.174133,18.958771,18.245766,18.335236,18.603035,18.192039,18.549545,18.567383,18.478165,18.245766,18.460312,18.245766,19.153755,18.388855,18.905502,18.603035,19.259926,19.206863,19.011993,18.941017,19.082909,18.745514,19.224541,18.834435,18.816666,18.781090,18.941017,18.816666,18.531708,18.834435,18.852211,18.603035,18.281563,18.299454,18.245766,17.779015,18.227867,17.868965,17.886955,17.724983,17.562698,16.691910,16.655434,16.673668,17.037659,16.161499,16.253181,15.720085,16.032974,15.775375,15.294960,14.811943,14.550774,14.774681,14.718750,14.550774,14.718750,14.681450,14.867805,14.756035,15.165176,14.886414,14.494698,14.662788,14.662788,14.532082,14.419891,14.457298,14.569450,14.101280,14.382469,14.718750,14.681450,14.774681,14.756035,14.251350,14.550774,14.606796,14.532082,14.232613,14.382469,14.476006,14.569450,14.681450,14.026146,14.532082,14.419891,14.830566,14.476006,14.438606,14.270103,14.457298,14.232613,14.588127,14.438606,14.288834,14.419891,14.419891,15.053780,14.157593,14.569450,13.932144,14.195114,14.811943,14.756035,14.101280,14.345024,14.213860,14.569450,14.494698,14.213860,14.756035,14.195114,14.662788,14.476006,14.251350,14.120049,14.195114,14.345024,14.120049,14.457298,14.195114,14.044937,14.700096,14.157593,14.138817,14.830566,13.988556,14.382469,14.345024,14.532082,14.288834,14.363747,14.026146,14.662788,13.988556,14.326302,14.550774,14.606796,14.176346,15.090919,14.382469,14.082504,14.307571,14.569450,14.307571,14.438606,14.438606,14.232613,14.532082,14.457298,14.363747,14.345024,14.532082,13.932144,14.588127,14.082504,14.363747,14.251350,14.176346,14.718750,14.532082,14.550774,14.476006,14.307571,14.438606,14.550774,13.913338,14.494698,14.419891,14.232613,14.213860,13.856880,14.419891,13.875710,14.213860,14.195114,14.213860,13.950951,14.101280,14.288834,14.251350,14.176346,14.401184,14.307571,14.288834,14.476006,14.251350,14.026146,14.138817,14.157593,14.419891,13.687294,14.363747,14.307571,14.007355,13.988556,14.176346,14.026146,14.288834,14.457298,14.363747,14.288834,13.969765,13.800392,14.138817,13.932144,14.138817,14.363747,14.513397,14.644127,14.588127,14.830566,14.756035,15.035194,15.257896,15.535500,15.387550,15.849052,15.959457,16.600693,16.582436,16.746590,16.892258,16.545914,16.308144,16.691910,16.801247,16.234848,16.691910,17.019493,17.073982,16.728371,17.237198,17.146553,17.436272,17.400101,17.382019,17.418190,17.200951,18.192039,17.436272,17.670921,17.670921,17.670921,17.706970,17.598785,17.706970,17.562698,17.797005,17.616829,17.994759,17.652901,17.436272,17.490471,17.634865,17.055817,17.544655,17.526596,17.742996,17.886955,18.066551,17.164696,17.994759,17.706970,17.886955,17.706970,17.670921,17.815002,18.048607,17.976807,17.976807,17.382019,17.652901,17.652901,17.382019,17.472412,17.886955,17.688942,17.544655,17.508537,17.490471,17.544655,17.363930,17.418190,17.345833,17.400101,17.164696,17.634865,16.928627,17.273430,17.073982,17.055817,17.110275,16.710136,16.637184,16.764816,16.289825,15.977844,16.344765,15.849052,15.350533,15.165176,14.886414,14.494698,14.644127,14.830566,15.276436,14.307571,14.737404,14.644127,14.532082,15.128059,14.476006,14.998024,14.849190,14.681450,14.662788,14.644127,14.737404,14.774681,14.457298,14.513397,14.644127,14.681450,14.494698,14.401184,14.288834,14.569450,14.625465,15.109489,14.606796,14.793312,14.251350,14.438606,14.494698,14.849190,14.513397,14.569450,14.494698,14.438606,14.774681,14.326302,14.195114,13.800392,13.950951,14.044937,13.950951,14.138817,13.762703,13.611824,12.701340,
12.204445,13.195625,14.251350,12.891754,13.875710,13.347183,13.574066,13.119759,13.138725,13.819221,13.517403,13.366112,13.743858,13.441788,13.630692,13.422867,12.891754,13.328255,13.687294,13.233543,13.517403,13.706154,13.441788,13.328255,14.176346,13.366112,13.498497,13.328255,12.948814,13.479599,13.479599,13.517403,13.517403,13.157700,13.498497,13.290382,13.536285,13.743858,13.290382,13.630692,12.967819,13.441788,13.328255,13.762703,13.649567,14.007355,13.950951,13.441788,13.687294,13.347183,13.743858,13.119759,13.630692,13.290382,13.687294,14.044937,13.157700,13.592949,13.932144,13.536285,13.969765,13.328255,13.649567,14.138817,13.536285,13.894524,13.630692,13.649567,13.309326,13.479599,14.307571,14.082504,13.706154,13.479599,13.517403,13.422867,13.856880,14.044937,13.894524,13.536285,13.856880,13.706154,13.630692,14.213860,13.630692,13.328255,14.044937,13.762703,14.026146,13.856880,13.687294,13.969765,13.932144,14.195114,14.044937,13.328255,14.438606,14.007355,14.063721,13.875710,13.950951,14.326302,14.120049,14.270103,14.082504,13.838051,14.288834,14.007355,14.195114,14.138817,13.555183,14.138817,14.569450,13.856880,14.606796,13.706154,14.307571,14.232613,13.875710,14.213860,14.438606,14.438606,14.138817,13.856880,14.438606,14.288834,13.838051,14.195114,14.063721,14.026146,14.438606,13.781540,14.363747,14.288834,14.494698,14.026146,14.382469,14.082504,14.345024,14.419891,14.213860,14.382469,14.419891,14.288834,14.195114,14.532082,14.251350,14.138817,14.138817,14.138817,14.588127,14.644127,14.120049,14.345024,13.988556,14.288834,14.382469,14.644127,14.457298,14.401184,14.532082,15.035194,15.146614,15.035194,15.683197,15.646294,15.664742,15.977844,16.491104,16.509377,16.728371,16.764816,17.237198,16.892258,17.182823,17.110275,17.255310,17.164696,17.237198,17.418190,17.291534,17.616829,17.363930,17.724983,18.012718,17.779015,17.634865,18.048607,17.472412,18.048607,17.976807,18.209953,18.209953,18.567383,18.048607,18.192039,17.922905,18.245766,17.815002,18.030663,17.940880,17.886955,17.940880,17.868965,17.634865,17.850990,17.833000,17.797005,18.030663,18.138290,18.174133,18.120361,18.102425,18.120361,18.227867,18.102425,18.478165,18.424599,18.138290,18.209953,18.513863,18.335236,18.603035,18.656494,18.674309,18.442459,18.156204,18.370995,18.496017,18.335236,18.424599,18.174133,18.620857,18.388855,18.816666,18.603035,18.763306,18.816666,18.905502,18.887749,19.189156,18.727722,19.189156,19.153755,19.011993,19.029732,19.047462,18.727722,19.065178,18.816666,18.941017,18.709923,18.923264,18.941017,19.100624,18.638680,18.994255,18.834435,19.082909,18.869980,18.692123,18.709923,18.656494,18.692123,19.383614,18.798882,18.763306,18.941017,19.118340,18.941017,19.082909,18.638680,18.834435,19.118340,18.852211,18.209953,18.781090,18.567383,19.047462,18.816666,18.709923,18.549545,18.781090,18.798882,18.709923,18.745514,18.781090,18.869980,18.709923,18.674309,18.245766,18.638680,18.674309,18.567383,18.798882,18.638680,18.496017,18.460312,18.692123,18.816666,18.781090,18.567383,18.976524,19.065178,19.029732,18.834435,18.585213,18.603035,19.118340,18.958771,18.781090,18.692123,18.905502,18.513863,18.745514,18.603035,18.496017,18.281563,18.299454,18.603035,17.886955,17.904930,18.353111,18.048607,18.048607,18.174133,17.706970,17.797005,17.652901,17.182823,17.001335,16.783035,16.637184,16.637184,16.088081,15.867470,15.517014,15.812218,15.257896,14.923637,14.942238,14.737404,14.644127,14.625465,14.867805,14.700096,14.942238,14.625465,14.718750,14.625465,14.905037,15.202286,14.737404,14.737404,14.923637,14.756035,14.401184,14.363747,14.700096,14.345024,14.886414,14.849190,14.513397,14.494698,14.494698,14.700096,14.588127,14.345024,14.756035,14.345024,14.307571,14.700096,14.979439,14.476006,14.886414,14.588127,14.345024,14.401184,14.905037,14.457298,14.494698,14.550774,14.569450,14.625465,14.756035,14.345024,14.849190,14.157593,14.438606,14.774681,14.550774,14.419891,14.419891,14.345024,14.550774,14.681450,14.550774,14.494698,14.213860,14.625465,14.979439,14.532082,14.569450,14.382469,14.382469,14.494698,14.101280,14.718750,14.345024,14.532082,14.550774,13.875710,14.288834,14.382469,14.363747,14.644127,14.588127,14.382469,14.176346,14.457298,14.718750,14.345024,14.923637,14.026146,14.662788,14.419891,14.569450,14.232613,14.101280,14.644127,14.532082,14.569450,14.867805,14.419891,14.756035,14.811943,14.307571,15.128059,14.419891,14.569450,14.232613,13.969765,15.090919,14.644127,14.606796,14.345024,14.213860,14.606796,14.363747,14.419891,14.438606,14.681450,14.044937,14.494698,14.382469,14.232613,14.120049,14.476006,14.157593,14.550774,14.811943,14.662788,14.476006,14.101280,14.681450,14.625465,14.644127,14.401184,14.382469,14.644127,14.363747,14.569450,14.532082,14.588127,14.363747,14.867805,14.476006,14.326302,14.138817,14.625465,14.138817,14.138817,14.007355,14.176346,14.438606,14.382469,14.270103,14.532082,14.625465,14.345024,14.195114,14.644127,14.681450,14.401184,14.307571,14.830566,14.419891,14.700096,14.550774,15.053780,14.979439,14.923637,15.406059,15.424561,15.609375,15.867470,16.032974,16.253181,16.582436,16.326462,16.527649,16.983162,16.545914,16.509377,17.073982,16.637184,16.801247,16.728371,17.128418,16.910439,16.874062,17.544655,17.309639,17.868965,17.291534,17.164696,17.634865,17.400101,17.850990,17.345833,18.012718,17.580750,17.688942,18.066551,18.030663,18.138290,17.616829,17.562698,17.761002,17.400101,17.472412,17.634865,17.779015,17.345833,17.652901,17.670921,17.544655,17.797005,17.472412,17.526596,17.994759,17.309639,18.030663,17.634865,18.102425,17.490471,17.779015,17.779015,17.868965,17.562698,17.850990,17.779015,17.886955,17.797005,17.454338,17.634865,17.706970,17.562698,17.526596,17.833000,17.761002,17.200951,17.508537,17.092117,17.797005,17.092117,17.724983,17.652901,16.892258,16.946808,17.291534,16.746590,17.001335,16.417961,16.308144,16.216530,16.344765,15.885872,15.535500,15.756950,15.498535,15.165176,14.905037,14.513397,14.588127,14.662788,14.307571,14.326302,15.109489,14.494698,15.053780,14.979439,14.793312,14.811943,14.811943,14.569450,14.830566,14.998024,15.220818,14.811943,14.438606,14.401184,14.101280,14.960838,14.737404,14.232613,14.681450,14.681450,14.588127,14.176346,14.569450,14.737404,14.476006,14.550774,14.606796,14.195114,14.195114,14.288834,14.494698,14.662788,14.662788,14.176346,14.044937,14.082504,14.026146,14.026146,13.988556,14.288834,13.214584,13.271439,
13.403954,13.498497,13.024826,13.611824,13.422867,13.328255,13.913338,13.762703,13.630692,13.800392,13.517403,13.347183,13.252487,13.460693,14.176346,13.762703,13.555183,13.536285,13.498497,13.988556,13.706154,13.687294,13.460693,13.403954,13.838051,13.687294,13.630692,14.063721,13.574066,13.611824,14.213860,13.743858,13.988556,13.950951,13.838051,13.819221,13.819221,13.422867,14.176346,13.875710,13.725006,13.328255,13.800392,13.328255,13.649567,14.157593,14.063721,13.687294,14.195114,13.517403,13.687294,14.345024,13.366112,13.838051,13.856880,13.875710,14.044937,13.555183,13.517403,13.950951,14.345024,13.800392,14.063721,14.120049,13.743858,14.044937,13.932144,14.007355,14.457298,14.288834,14.232613,13.894524,14.063721,14.120049,13.856880,13.743858,14.251350,14.044937,13.706154,13.950951,13.969765,13.743858,14.419891,14.026146,13.950951,14.007355,14.270103,13.687294,14.176346,13.838051,14.157593,14.401184,13.932144,14.063721,14.307571,14.288834,14.457298,14.793312,14.044937,14.419891,14.513397,14.345024,13.819221,14.044937,13.894524,13.950951,14.044937,13.950951,14.550774,14.270103,14.120049,14.232613,14.195114,14.288834,13.819221,14.494698,14.457298,13.988556,14.120049,14.457298,14.550774,14.232613,14.476006,14.569450,14.532082,14.476006,14.195114,14.494698,14.756035,14.401184,14.662788,14.401184,14.513397,14.532082,14.774681,14.363747,14.419891,14.176346,14.251350,14.345024,14.550774,14.681450,14.569450,14.213860,14.811943,14.532082,14.569450,14.363747,14.979439,14.251350,14.307571,14.532082,14.569450,14.288834,14.756035,14.644127,14.044937,15.220818,14.532082,15.220818,15.313492,15.072350,15.443062,15.332008,15.941071,15.720085,15.959457,16.381371,16.381371,16.655434,16.436256,16.855865,17.327736,17.164696,17.255310,16.946808,17.363930,17.291534,16.928627,17.598785,17.634865,17.562698,17.345833,17.797005,17.706970,17.850990,18.048607,18.192039,18.263664,18.030663,18.120361,18.442459,18.317345,17.958839,18.263664,17.400101,18.120361,17.994759,17.742996,17.598785,17.958839,17.544655,17.779015,17.922905,17.886955,17.940880,18.192039,17.976807,17.940880,17.833000,18.227867,18.263664,18.209953,18.496017,18.317345,18.460312,18.281563,18.012718,18.227867,18.138290,18.638680,18.353111,18.603035,18.317345,18.245766,18.478165,18.531708,18.245766,18.406731,18.549545,18.478165,18.299454,18.923264,18.692123,18.745514,18.709923,18.496017,18.745514,18.834435,18.816666,19.100624,19.118340,18.887749,18.656494,18.923264,18.887749,18.727722,18.798882,18.388855,18.781090,18.887749,18.798882,18.869980,18.958771,19.011993,18.958771,19.206863,18.816666,18.976524,19.047462,18.941017,18.923264,18.941017,19.082909,18.834435,19.171471,19.136055,19.365944,18.887749,19.224541,18.816666,18.816666,19.136055,18.442459,18.923264,18.370995,18.905502,19.047462,19.029732,18.496017,18.958771,18.478165,18.727722,18.138290,18.692123,18.763306,18.603035,18.353111,18.496017,18.638680,18.442459,18.406731,18.745514,18.263664,18.763306,18.549545,18.406731,18.531708,18.692123,18.620857,18.709923,18.638680,18.781090,18.299454,19.065178,18.923264,19.047462,18.816666,18.923264,19.029732,18.941017,18.834435,19.136055,18.781090,18.745514,18.531708,18.513863,18.460312,18.798882,17.976807,18.192039,18.209953,17.904930,18.012718,17.833000,18.066551,17.761002,17.761002,17.761002,16.983162,17.237198,17.001335,16.855865,16.289825,16.363075,15.812218,16.051353,15.461563,15.701637,15.609375,15.294960,15.183723,14.923637,14.532082,15.128059,14.942238,15.035194,15.443062,14.700096,14.774681,15.239365,15.294960,14.923637,14.905037,14.830566,15.239365,15.072350,14.532082,15.146614,15.035194,14.737404,14.923637,14.774681,14.960838,15.072350,14.960838,15.220818,14.494698,14.756035,14.606796,14.867805,14.700096,14.905037,14.923637,14.569450,14.588127,15.165176,14.476006,14.532082,14.625465,14.756035,14.569450,14.979439,14.457298,14.867805,14.681450,14.644127,14.457298,14.737404,14.700096,14.942238,14.457298,15.072350,14.588127,14.606796,14.905037,14.662788,14.867805,14.625465,14.849190,14.569450,14.830566,14.979439,14.905037,14.737404,15.276436,14.867805,15.035194,14.849190,14.718750,14.419891,14.419891,14.494698,14.532082,15.165176,14.419891,14.644127,14.625465,14.569450,14.793312,14.476006,14.569450,14.774681,14.606796,14.718750,14.700096,14.905037,14.979439,14.756035,14.718750,14.942238,14.942238,14.867805,14.700096,14.774681,14.756035,14.793312,14.700096,15.128059,14.644127,14.662788,15.128059,14.550774,14.662788,15.183723,14.737404,14.849190,14.625465,15.035194,14.550774,14.793312,14.606796,14.998024,14.644127,14.811943,14.718750,14.774681,14.588127,14.700096,14.681450,14.830566,14.979439,14.905037,14.138817,14.606796,14.830566,14.905037,14.419891,14.905037,14.811943,14.606796,14.251350,14.644127,14.270103,14.979439,14.662788,15.053780,14.625465,14.438606,14.195114,14.662788,14.588127,14.681450,14.756035,14.644127,14.419891,14.251350,14.662788,14.737404,14.811943,14.662788,14.270103,14.942238,14.326302,14.307571,14.662788,14.532082,15.165176,15.183723,14.942238,14.644127,15.053780,15.369041,15.313492,15.775375,15.977844,16.216530,16.308144,16.124794,16.673668,16.874062,16.910439,17.128418,16.892258,16.837654,16.874062,16.746590,16.910439,17.562698,17.237198,16.855865,17.182823,17.742996,17.490471,17.472412,17.200951,17.544655,17.400101,17.779015,17.580750,17.580750,17.940880,17.382019,17.309639,17.779015,17.976807,17.742996,17.779015,17.472412,17.562698,17.526596,17.327736,17.797005,17.327736,17.436272,17.237198,17.418190,17.976807,18.012718,17.833000,17.616829,17.634865,17.940880,17.994759,17.833000,18.192039,17.868965,17.598785,17.779015,17.526596,17.994759,17.652901,17.761002,17.616829,18.317345,17.634865,17.436272,17.688942,17.634865,17.652901,17.363930,17.472412,17.237198,17.508537,17.110275,17.382019,17.128418,17.019493,16.764816,17.255310,16.728371,17.472412,16.637184,17.164696,16.088081,16.399666,16.289825,16.124794,15.812218,15.535500,15.313492,15.387550,14.979439,14.942238,14.345024,14.979439,14.625465,14.419891,14.830566,14.923637,14.830566,14.662788,14.756035,14.662788,14.419891,15.035194,14.401184,14.737404,14.774681,14.756035,14.606796,14.923637,14.120049,14.625465,14.569450,14.232613,14.756035,15.109489,14.401184,14.120049,14.195114,14.569450,14.774681,14.998024,14.044937,14.363747,14.307571,14.363747,14.419891,13.762703,14.662788,14.120049,14.363747,14.082504,14.288834,14.232613,14.213860,13.932144,13.706154,12.376740,
12.758507,13.517403,14.007355,13.062805,13.950951,13.574066,14.044937,13.932144,13.592949,13.875710,14.513397,14.176346,14.513397,13.630692,14.120049,14.157593,13.762703,13.592949,13.932144,13.517403,13.725006,14.213860,13.460693,14.082504,14.176346,13.838051,14.063721,14.026146,14.326302,13.838051,13.743858,13.856880,13.611824,13.138725,13.932144,14.082504,14.288834,13.988556,13.819221,13.743858,13.819221,13.894524,13.781540,13.894524,13.592949,14.063721,14.270103,13.932144,14.251350,13.725006,14.419891,14.213860,14.288834,13.932144,14.195114,14.513397,14.120049,13.856880,13.988556,13.781540,14.120049,13.441788,14.082504,14.026146,14.251350,14.063721,14.307571,14.063721,14.157593,14.251350,13.969765,14.513397,14.494698,13.875710,14.232613,13.913338,14.382469,14.849190,14.457298,14.830566,14.326302,14.457298,14.157593,14.513397,14.345024,14.830566,13.894524,14.270103,14.438606,14.644127,14.513397,14.494698,14.811943,14.979439,14.063721,14.494698,14.606796,14.737404,14.007355,13.969765,14.513397,14.288834,14.419891,14.606796,14.438606,14.569450,14.756035,14.288834,14.457298,14.176346,14.401184,14.232613,14.476006,14.270103,14.532082,14.700096,14.457298,14.419891,14.625465,14.737404,14.700096,14.476006,14.401184,14.513397,14.606796,14.176346,14.494698,14.476006,14.681450,14.625465,14.662788,14.401184,14.494698,14.774681,14.737404,14.532082,14.494698,14.606796,14.307571,14.363747,14.588127,14.288834,14.960838,14.401184,14.756035,14.438606,14.942238,14.867805,14.998024,14.662788,14.588127,14.457298,14.718750,14.756035,14.811943,14.232613,14.700096,14.756035,14.737404,15.294960,15.072350,15.220818,15.720085,15.830643,16.051353,15.812218,16.819458,16.655434,16.381371,17.128418,17.019493,17.146553,17.092117,17.345833,17.200951,17.237198,17.418190,17.327736,17.400101,17.634865,17.833000,17.670921,17.562698,17.454338,17.976807,17.598785,18.084496,18.192039,17.815002,17.958839,17.940880,18.030663,17.797005,18.120361,17.922905,18.174133,17.598785,17.724983,17.994759,17.976807,17.940880,18.012718,18.120361,17.815002,17.868965,18.120361,18.245766,17.833000,17.922905,18.227867,18.048607,18.603035,18.353111,18.209953,18.442459,18.156204,18.084496,18.513863,18.692123,18.442459,18.549545,18.656494,18.709923,18.442459,18.923264,18.549545,18.727722,18.513863,18.709923,18.370995,18.174133,18.905502,18.549545,18.281563,18.531708,18.442459,18.674309,18.692123,18.709923,18.852211,18.620857,19.100624,18.852211,18.674309,19.153755,19.065178,19.383614,18.923264,19.348289,18.585213,18.585213,18.585213,18.638680,19.082909,18.923264,18.852211,19.189156,18.656494,19.418907,19.100624,18.923264,18.958771,18.887749,19.136055,18.976524,18.923264,18.709923,19.029732,18.620857,19.011993,18.852211,18.958771,19.011993,18.869980,18.852211,19.047462,18.745514,18.370995,18.638680,18.620857,18.709923,18.709923,18.727722,18.887749,18.531708,18.709923,18.549545,18.852211,18.923264,18.745514,18.388855,18.388855,18.638680,18.656494,18.567383,18.923264,18.709923,18.727722,18.567383,18.424599,18.370995,19.242241,18.460312,18.549545,18.656494,18.763306,18.674309,19.118340,19.401253,19.011993,18.781090,18.887749,18.852211,18.603035,18.620857,18.638680,18.709923,18.585213,18.263664,18.370995,18.138290,18.281563,18.084496,18.138290,18.138290,18.030663,17.526596,17.670921,17.706970,17.092117,17.092117,17.255310,17.110275,16.509377,16.801247,16.289825,16.308144,16.271500,15.535500,15.461563,15.369041,15.128059,15.053780,15.165176,15.443062,15.257896,15.332008,15.016617,15.053780,14.998024,15.572441,15.128059,15.202286,15.202286,15.165176,14.960838,15.165176,15.072350,15.257896,14.867805,15.109489,15.257896,14.569450,15.035194,15.072350,14.756035,15.183723,15.016617,14.942238,15.461563,15.109489,15.053780,14.700096,14.700096,14.960838,15.090919,15.276436,14.886414,14.774681,15.035194,14.737404,14.718750,14.867805,15.294960,14.849190,15.109489,15.072350,14.923637,14.625465,15.053780,14.960838,14.905037,14.998024,14.905037,15.035194,14.942238,14.588127,14.867805,14.476006,14.998024,14.905037,14.960838,15.053780,15.165176,14.849190,15.128059,15.146614,14.681450,14.625465,14.905037,14.830566,14.905037,14.998024,15.090919,15.202286,14.886414,15.165176,14.849190,14.923637,15.090919,15.016617,15.146614,14.849190,15.146614,14.942238,14.886414,14.960838,15.053780,14.923637,14.886414,14.923637,15.220818,14.998024,14.923637,15.257896,15.146614,15.276436,15.053780,14.830566,15.165176,15.128059,14.979439,15.517014,14.681450,15.072350,15.053780,14.644127,14.849190,14.923637,14.830566,15.313492,14.905037,15.165176,14.960838,14.737404,14.700096,14.737404,15.294960,15.035194,15.035194,15.146614,15.090919,14.681450,14.774681,15.146614,14.476006,14.867805,14.793312,15.109489,14.644127,14.867805,14.811943,14.886414,14.979439,15.424561,14.886414,14.457298,14.756035,14.811943,14.270103,14.550774,14.774681,14.513397,14.793312,15.109489,14.700096,14.606796,14.830566,14.849190,14.867805,14.662788,14.886414,14.774681,14.494698,15.313492,14.886414,15.183723,14.662788,14.942238,15.498535,15.406059,15.202286,15.424561,15.793800,16.051353,16.106438,16.271500,16.253181,16.454536,16.582436,16.855865,16.691910,17.309639,16.837654,16.691910,16.582436,16.910439,17.237198,17.237198,17.073982,17.200951,17.019493,17.508537,17.237198,17.922905,17.291534,17.309639,17.526596,17.092117,17.562698,17.291534,17.345833,17.797005,17.652901,17.850990,16.964989,17.580750,17.472412,17.833000,17.850990,17.797005,17.976807,17.327736,17.237198,17.327736,17.976807,17.490471,17.255310,18.263664,17.490471,17.526596,17.833000,17.418190,17.904930,17.562698,17.688942,17.706970,17.706970,17.904930,17.634865,17.886955,18.012718,17.742996,17.976807,17.128418,17.886955,17.580750,17.688942,18.084496,17.833000,17.797005,17.976807,17.706970,17.544655,17.742996,17.454338,17.598785,17.273430,16.946808,17.146553,17.128418,16.874062,16.728371,16.655434,16.545914,16.253181,16.491104,16.399666,15.793800,15.830643,15.480049,15.553970,14.737404,14.513397,15.220818,14.811943,14.960838,14.101280,14.756035,14.569450,15.165176,14.886414,14.998024,14.737404,14.718750,15.480049,14.457298,14.942238,14.457298,14.718750,14.213860,14.625465,14.438606,14.681450,14.606796,14.625465,14.923637,14.569450,14.457298,13.932144,14.494698,14.044937,14.606796,14.345024,14.270103,14.811943,14.588127,14.363747,14.157593,14.588127,14.326302,14.345024,14.513397,14.326302,13.838051,13.819221,14.176346,13.988556,14.026146,13.043808,
13.668427,13.687294,13.555183,14.288834,14.138817,14.195114,14.532082,14.176346,14.120049,13.894524,13.838051,14.120049,14.138817,14.363747,14.288834,14.307571,14.326302,14.494698,14.213860,14.438606,14.476006,13.781540,14.382469,13.800392,14.569450,14.138817,14.157593,13.875710,14.063721,13.838051,14.382469,14.082504,14.288834,14.232613,14.513397,13.687294,14.232613,14.063721,14.270103,14.251350,13.932144,14.681450,14.232613,14.063721,14.026146,14.718750,13.781540,14.700096,13.838051,14.288834,14.270103,14.307571,14.288834,14.063721,14.718750,14.345024,14.138817,14.101280,14.195114,14.363747,14.044937,14.138817,14.942238,14.419891,14.232613,14.625465,14.457298,14.401184,14.288834,14.718750,14.345024,14.550774,14.606796,14.886414,14.849190,14.513397,14.756035,14.569450,15.053780,14.569450,14.082504,14.793312,14.737404,14.569450,14.606796,14.550774,15.202286,14.494698,14.979439,14.195114,14.681450,14.363747,14.494698,14.550774,14.793312,14.811943,15.165176,15.053780,15.035194,14.176346,14.476006,14.026146,14.513397,14.644127,14.737404,14.811943,14.550774,14.756035,14.737404,14.681450,14.867805,14.998024,14.419891,14.756035,14.588127,14.830566,14.588127,14.662788,14.363747,14.849190,15.294960,14.606796,14.886414,14.419891,14.606796,14.457298,14.513397,14.942238,14.476006,14.774681,15.239365,14.718750,14.737404,14.476006,14.737404,14.830566,15.276436,14.849190,14.942238,14.811943,14.811943,14.942238,15.387550,14.737404,15.220818,14.960838,15.053780,14.793312,14.700096,14.662788,15.443062,14.774681,15.165176,15.053780,15.035194,15.257896,14.756035,14.625465,14.998024,15.035194,15.517014,15.812218,15.257896,16.161499,15.959457,16.363075,16.289825,16.216530,16.855865,16.892258,16.964989,16.892258,17.382019,17.544655,17.742996,16.801247,17.164696,17.382019,17.164696,17.255310,17.526596,17.164696,18.012718,17.868965,17.490471,17.742996,17.904930,18.048607,17.833000,17.761002,18.084496,17.850990,18.048607,17.706970,17.797005,17.688942,18.281563,17.724983,17.904930,17.779015,17.994759,18.012718,17.670921,17.562698,18.012718,17.868965,18.370995,17.634865,18.263664,18.406731,18.388855,18.084496,18.585213,18.245766,18.674309,18.120361,18.763306,18.585213,18.531708,18.478165,18.745514,18.281563,18.709923,18.496017,18.638680,18.567383,18.656494,18.638680,18.692123,18.674309,18.567383,18.335236,18.763306,18.603035,18.692123,18.620857,18.496017,18.709923,18.958771,18.941017,18.941017,18.442459,18.923264,18.887749,18.976524,18.834435,18.638680,18.727722,18.958771,18.976524,18.656494,18.745514,18.638680,18.958771,19.082909,18.852211,18.941017,18.958771,19.189156,19.065178,19.100624,18.887749,18.976524,18.727722,18.941017,18.869980,18.923264,18.994255,18.923264,18.781090,19.277603,18.941017,19.065178,19.082909,19.011993,18.887749,18.567383,19.011993,19.136055,18.745514,18.763306,19.082909,18.567383,18.692123,18.549545,18.798882,18.834435,18.370995,18.531708,18.531708,18.281563,18.852211,18.834435,18.638680,18.513863,18.460312,18.335236,18.317345,18.709923,18.674309,18.478165,18.656494,18.496017,18.709923,18.460312,18.478165,18.869980,18.869980,18.406731,18.727722,18.460312,18.281563,18.941017,18.603035,18.281563,18.745514,18.388855,17.797005,18.869980,18.120361,18.299454,17.833000,18.281563,17.688942,18.335236,17.724983,17.616829,18.030663,17.706970,17.363930,17.291534,17.490471,17.037659,16.564171,16.728371,16.326462,16.143143,16.143143,16.032974,15.406059,16.051353,15.406059,14.905037,15.443062,15.109489,15.424561,15.498535,15.035194,15.294960,15.257896,15.387550,15.257896,15.239365,15.146614,15.387550,15.609375,15.812218,15.313492,15.146614,15.128059,15.128059,15.517014,15.183723,15.146614,15.535500,15.313492,15.294960,15.332008,15.202286,15.590912,15.461563,15.183723,14.905037,15.406059,15.443062,15.202286,15.072350,15.239365,15.146614,15.220818,15.053780,15.313492,15.016617,15.350533,15.294960,15.424561,14.998024,14.979439,15.350533,15.053780,15.701637,14.979439,15.239365,15.387550,15.202286,15.498535,15.756950,15.480049,15.350533,15.332008,14.942238,14.830566,15.332008,15.517014,15.220818,15.109489,15.332008,15.053780,15.109489,15.424561,15.090919,15.257896,15.313492,14.960838,15.109489,15.424561,15.480049,15.406059,15.683197,15.276436,15.294960,14.960838,15.239365,15.128059,15.128059,15.609375,14.774681,15.072350,15.183723,15.535500,15.332008,15.165176,15.202286,14.905037,15.424561,15.313492,15.498535,14.998024,15.294960,15.090919,15.517014,15.128059,15.128059,15.830643,15.775375,15.276436,15.387550,15.090919,15.257896,15.146614,14.811943,15.053780,15.313492,15.443062,15.035194,15.202286,15.165176,14.979439,15.220818,15.183723,15.072350,15.313492,15.313492,15.053780,15.016617,15.090919,14.886414,15.276436,15.517014,14.644127,14.960838,15.406059,14.681450,14.681450,14.905037,14.942238,14.886414,14.960838,15.424561,14.550774,15.369041,15.276436,14.213860,15.720085,14.849190,15.053780,15.332008,15.183723,14.979439,14.867805,14.905037,15.202286,15.498535,14.998024,14.793312,14.867805,15.443062,15.128059,15.590912,15.202286,15.498535,15.517014,15.683197,15.793800,16.179840,16.253181,16.216530,16.253181,16.582436,16.946808,16.564171,16.801247,17.092117,16.691910,17.001335,17.055817,17.291534,17.200951,17.309639,17.400101,17.454338,16.946808,17.309639,17.526596,17.490471,17.237198,17.291534,17.652901,17.363930,17.200951,17.436272,17.526596,17.363930,17.055817,17.544655,17.850990,17.779015,17.616829,17.652901,17.850990,17.490471,17.454338,17.742996,17.652901,17.562698,17.400101,17.472412,17.724983,17.868965,17.761002,17.724983,17.815002,17.273430,17.526596,17.598785,17.382019,17.562698,18.102425,18.102425,17.904930,17.922905,18.102425,18.048607,17.886955,17.508537,17.922905,17.598785,17.706970,17.219078,17.958839,17.472412,17.688942,17.634865,17.742996,17.652901,17.544655,17.128418,17.055817,17.092117,17.309639,17.037659,16.928627,16.764816,16.509377,17.001335,16.491104,16.014603,15.904274,15.922668,15.128059,14.849190,15.257896,14.718750,15.016617,14.830566,14.569450,14.905037,15.072350,14.905037,14.326302,15.109489,14.830566,14.849190,14.867805,14.774681,14.494698,14.662788,15.128059,14.307571,15.016617,14.960838,14.363747,14.382469,14.213860,14.867805,14.457298,14.438606,14.905037,15.239365,14.588127,14.606796,14.662788,14.662788,14.849190,14.401184,13.913338,14.232613,15.146614,13.856880,14.026146,14.363747,14.063721,14.513397,13.800392,13.800392,13.743858,14.007355,14.251350,13.894524,13.441788,
13.119759,14.307571,14.251350,14.326302,14.213860,13.687294,14.345024,14.625465,13.913338,14.307571,14.438606,13.781540,14.345024,14.082504,14.886414,14.251350,14.401184,14.532082,14.195114,13.800392,13.913338,14.569450,14.457298,14.401184,14.382469,14.419891,14.044937,14.382469,14.120049,14.644127,14.120049,14.082504,14.513397,14.120049,14.774681,14.195114,14.532082,14.513397,14.176346,14.494698,14.681450,14.345024,14.288834,15.016617,14.811943,14.419891,14.830566,14.569450,14.606796,14.419891,14.867805,14.438606,14.849190,14.157593,14.793312,14.849190,14.345024,14.737404,14.457298,14.494698,14.718750,14.774681,15.146614,14.737404,14.625465,14.830566,14.588127,14.662788,14.532082,14.793312,15.053780,14.960838,14.494698,14.700096,14.681450,14.606796,14.213860,15.016617,14.905037,14.849190,15.035194,14.232613,14.700096,14.923637,14.867805,15.035194,14.923637,14.457298,14.905037,14.979439,15.072350,14.756035,15.109489,14.905037,14.942238,14.960838,15.165176,14.588127,15.332008,15.016617,14.793312,14.923637,15.257896,15.072350,15.332008,15.183723,15.480049,15.016617,15.090919,15.128059,14.476006,15.035194,15.109489,15.294960,14.756035,14.756035,14.662788,15.090919,14.625465,14.923637,15.183723,15.109489,15.146614,14.774681,14.979439,15.480049,14.774681,14.905037,15.165176,14.905037,15.461563,14.942238,15.590912,14.867805,15.183723,14.998024,15.257896,15.183723,15.072350,15.183723,15.053780,15.313492,15.090919,14.867805,14.867805,15.165176,14.700096,14.867805,14.905037,14.849190,14.905037,15.090919,14.979439,14.979439,15.220818,15.090919,14.979439,15.257896,15.424561,15.313492,15.812218,15.572441,15.738518,15.977844,16.253181,16.216530,16.308144,16.491104,16.088081,16.728371,16.710136,17.418190,17.345833,17.742996,17.110275,17.055817,17.436272,17.526596,17.490471,17.327736,17.652901,17.616829,17.562698,17.652901,17.976807,17.182823,18.370995,17.940880,17.797005,17.436272,17.562698,17.994759,18.012718,17.850990,17.958839,17.652901,17.850990,18.120361,17.652901,18.192039,18.048607,17.779015,18.353111,18.048607,17.797005,18.174133,18.531708,17.868965,18.174133,18.674309,18.406731,18.531708,18.281563,18.138290,18.424599,18.335236,18.370995,18.263664,19.100624,18.816666,18.709923,18.745514,18.709923,18.388855,18.763306,18.353111,18.798882,18.353111,18.709923,18.585213,18.656494,18.781090,18.620857,18.442459,18.869980,18.727722,18.763306,18.406731,18.869980,18.406731,18.781090,18.709923,18.994255,18.585213,19.153755,18.994255,18.923264,18.905502,18.834435,19.065178,18.852211,19.259926,18.976524,19.224541,19.029732,18.816666,18.923264,18.763306,18.727722,18.816666,18.941017,18.852211,19.136055,19.065178,19.118340,18.976524,19.242241,18.834435,19.206863,19.259926,18.763306,18.887749,18.603035,18.958771,19.011993,19.100624,18.745514,18.869980,18.781090,19.029732,18.976524,18.513863,18.603035,18.905502,18.656494,18.638680,18.923264,18.834435,18.156204,18.976524,18.567383,18.496017,18.388855,18.424599,18.763306,18.585213,18.656494,18.353111,18.745514,18.692123,18.442459,19.118340,18.781090,18.994255,18.692123,18.692123,18.869980,18.585213,18.941017,18.227867,18.798882,18.905502,18.496017,18.656494,18.102425,18.478165,18.209953,18.798882,18.192039,18.209953,17.994759,18.012718,18.460312,17.815002,18.120361,18.012718,17.976807,17.815002,17.544655,17.958839,17.418190,17.291534,17.073982,17.092117,16.855865,16.509377,16.088081,15.904274,16.069710,15.885872,15.867470,15.480049,15.517014,15.996223,15.867470,15.424561,15.535500,15.553970,15.867470,15.257896,15.443062,15.701637,15.332008,15.627831,15.627831,15.683197,15.387550,15.387550,15.517014,15.480049,15.424561,15.146614,15.517014,15.627831,15.646294,15.294960,15.276436,15.517014,15.202286,15.461563,15.720085,15.572441,15.369041,15.646294,14.830566,15.424561,16.014603,15.535500,15.683197,15.424561,15.443062,15.220818,15.239365,15.257896,15.590912,15.646294,15.294960,15.424561,15.257896,15.202286,15.350533,15.294960,15.332008,15.443062,15.461563,14.942238,15.535500,15.517014,15.701637,15.535500,15.443062,15.609375,15.480049,15.239365,15.276436,15.424561,15.387550,15.350533,15.202286,15.535500,15.239365,15.072350,15.332008,15.683197,15.590912,15.480049,15.775375,15.387550,15.590912,15.239365,15.406059,15.387550,15.424561,15.183723,15.701637,15.517014,15.443062,15.369041,15.146614,15.220818,15.941071,15.480049,15.904274,15.202286,15.627831,15.646294,15.220818,15.720085,15.609375,15.480049,15.350533,15.646294,15.517014,15.406059,15.959457,15.572441,15.627831,15.738518,15.387550,15.332008,15.183723,15.257896,15.202286,15.849052,15.072350,15.220818,14.998024,15.090919,15.424561,15.646294,15.424561,15.443062,15.350533,15.664742,15.257896,15.627831,15.738518,15.646294,15.072350,15.369041,15.183723,15.109489,15.294960,15.332008,15.387550,15.183723,15.239365,15.294960,14.923637,15.128059,15.480049,15.553970,15.369041,15.775375,15.387550,15.165176,14.960838,15.239365,14.960838,14.886414,15.443062,15.146614,15.294960,14.644127,15.369041,15.239365,15.090919,15.443062,15.590912,15.793800,15.683197,16.143143,15.977844,15.977844,16.198189,16.363075,16.710136,16.874062,17.055817,16.655434,17.073982,17.200951,16.509377,16.728371,16.964989,16.964989,17.436272,16.837654,17.345833,17.237198,17.182823,17.291534,17.490471,17.164696,17.634865,17.345833,17.670921,17.454338,17.255310,17.200951,17.490471,16.855865,17.670921,17.742996,17.418190,17.255310,17.508537,17.706970,18.066551,17.418190,17.562698,17.544655,17.580750,17.724983,17.255310,17.436272,17.418190,17.706970,17.797005,17.688942,17.779015,18.120361,17.724983,17.958839,17.670921,17.976807,17.833000,17.652901,17.976807,17.833000,18.012718,17.761002,17.886955,17.779015,17.815002,18.120361,17.382019,17.454338,17.454338,17.544655,17.850990,17.508537,17.940880,17.472412,16.783035,16.946808,17.652901,17.019493,17.291534,17.037659,17.255310,16.964989,17.128418,16.637184,16.655434,16.344765,16.106438,16.032974,16.216530,15.849052,15.053780,14.718750,15.109489,14.494698,14.905037,15.257896,15.016617,14.756035,14.718750,14.942238,14.774681,14.923637,15.109489,14.681450,14.550774,14.830566,14.793312,14.942238,14.569450,14.793312,14.513397,14.606796,14.457298,14.905037,15.109489,14.681450,14.905037,14.513397,14.401184,14.662788,14.569450,14.942238,14.718750,14.550774,14.438606,14.345024,14.774681,14.176346,14.476006,14.662788,14.213860,14.082504,14.513397,14.494698,14.401184,13.932144,13.856880,14.044937,14.026146,12.605988,
13.574066,13.988556,14.606796,13.762703,14.830566,14.307571,14.195114,14.138817,13.875710,14.438606,13.838051,14.326302,14.681450,14.867805,14.700096,13.988556,14.700096,14.326302,14.232613,14.270103,14.886414,14.044937,14.513397,14.737404,14.737404,14.326302,14.905037,14.513397,14.849190,14.176346,15.072350,14.960838,14.756035,14.644127,14.606796,14.830566,14.550774,14.644127,14.700096,14.213860,14.681450,14.120049,14.923637,14.494698,14.905037,14.960838,14.176346,15.609375,14.644127,15.109489,14.867805,14.811943,14.681450,15.109489,14.457298,14.232613,15.090919,14.588127,14.681450,15.165176,14.942238,15.183723,14.830566,15.332008,14.905037,15.183723,15.053780,14.830566,15.146614,14.307571,15.128059,14.550774,14.886414,15.165176,15.332008,15.035194,14.960838,14.494698,15.165176,15.016617,15.072350,15.387550,15.016617,14.625465,15.276436,14.625465,15.793800,14.718750,14.998024,15.220818,15.443062,14.998024,15.072350,15.202286,14.942238,14.979439,14.942238,15.202286,15.406059,14.793312,14.942238,14.849190,15.701637,14.793312,15.553970,14.905037,15.035194,15.183723,14.979439,15.183723,14.793312,15.035194,14.998024,15.498535,14.960838,15.220818,15.276436,15.276436,15.498535,15.627831,15.424561,14.886414,15.016617,14.737404,15.239365,15.257896,15.053780,14.793312,15.313492,15.220818,15.146614,15.294960,15.239365,15.406059,15.885872,15.350533,15.369041,14.830566,15.627831,14.923637,15.572441,15.294960,15.053780,14.625465,15.406059,15.294960,15.332008,15.517014,15.332008,15.053780,15.072350,15.498535,14.960838,15.535500,15.072350,15.109489,15.701637,15.498535,15.053780,15.959457,15.793800,15.553970,15.775375,16.344765,16.051353,16.308144,16.673668,16.618950,16.801247,16.637184,16.637184,17.237198,17.037659,16.983162,17.454338,17.598785,17.146553,17.779015,17.526596,17.345833,17.598785,17.742996,17.904930,17.508537,17.779015,17.472412,17.994759,17.490471,18.012718,17.742996,18.156204,17.670921,17.904930,17.724983,18.030663,17.490471,17.724983,17.850990,17.634865,17.598785,18.030663,18.138290,17.742996,18.174133,17.904930,17.761002,17.797005,17.922905,18.192039,18.102425,18.192039,18.263664,18.424599,18.585213,18.335236,18.692123,18.245766,18.442459,18.567383,18.727722,18.958771,18.174133,18.638680,18.478165,18.781090,18.531708,18.496017,18.531708,18.531708,18.388855,18.549545,18.406731,18.869980,18.763306,18.460312,18.692123,18.335236,18.531708,18.958771,18.353111,18.603035,18.585213,18.745514,18.905502,18.976524,18.994255,18.834435,18.531708,19.100624,19.047462,19.295280,18.585213,18.585213,18.603035,19.029732,19.065178,18.763306,19.295280,19.418907,18.834435,19.118340,18.816666,19.065178,18.869980,19.153755,19.507095,18.727722,18.994255,19.312950,19.100624,18.994255,19.206863,19.047462,18.656494,18.781090,18.745514,19.011993,18.781090,19.029732,18.585213,18.781090,18.745514,19.224541,17.958839,18.496017,18.585213,18.798882,18.816666,18.816666,18.763306,18.567383,18.638680,18.478165,18.531708,18.887749,18.638680,18.406731,18.496017,18.353111,18.263664,18.549545,18.656494,18.674309,18.460312,18.727722,18.209953,18.798882,18.709923,18.317345,18.424599,18.692123,18.353111,18.781090,18.674309,18.531708,18.620857,18.603035,18.048607,18.745514,18.263664,18.120361,18.138290,18.299454,18.012718,18.209953,17.833000,17.904930,17.797005,17.327736,17.200951,17.309639,17.598785,17.382019,16.983162,16.801247,16.728371,16.216530,16.436256,16.234848,15.885872,15.646294,16.179840,15.775375,15.793800,15.849052,15.572441,15.627831,15.904274,15.775375,15.627831,15.517014,15.664742,15.313492,15.553970,16.032974,15.609375,15.313492,15.701637,15.627831,15.498535,15.941071,16.069710,15.332008,15.793800,15.996223,15.480049,15.535500,15.756950,15.609375,15.701637,15.461563,15.553970,15.812218,15.498535,15.553970,15.498535,15.756950,15.683197,15.257896,15.257896,15.387550,15.572441,15.406059,15.941071,15.922668,15.498535,15.202286,15.775375,15.683197,15.517014,15.332008,15.720085,15.572441,16.051353,16.088081,15.996223,15.461563,15.701637,15.959457,15.553970,15.461563,15.276436,15.517014,15.461563,15.572441,15.959457,15.867470,15.977844,15.885872,15.443062,15.775375,15.646294,15.590912,15.257896,15.332008,15.793800,15.775375,15.424561,15.756950,15.720085,15.849052,15.276436,15.276436,15.572441,15.867470,15.812218,15.517014,15.220818,15.756950,15.480049,15.977844,15.387550,15.904274,15.830643,15.812218,15.646294,15.517014,15.406059,15.849052,15.332008,15.350533,15.812218,15.424561,15.885872,15.664742,15.627831,15.553970,15.775375,15.183723,15.572441,15.535500,15.683197,15.387550,15.609375,15.590912,15.904274,15.775375,15.553970,15.609375,15.202286,15.720085,15.775375,15.387550,15.609375,15.720085,15.572441,15.406059,15.609375,15.517014,15.257896,15.572441,15.480049,15.406059,15.701637,15.664742,15.701637,15.220818,15.332008,15.369041,15.572441,15.443062,15.332008,15.294960,15.406059,15.424561,15.128059,14.905037,15.350533,15.443062,15.683197,15.239365,15.165176,15.016617,15.146614,15.701637,14.998024,15.294960,15.664742,15.885872,16.143143,15.664742,15.664742,15.812218,16.161499,16.399666,16.161499,16.509377,16.673668,17.037659,16.801247,17.327736,16.928627,16.691910,16.637184,17.200951,16.910439,17.110275,16.928627,17.345833,16.910439,17.255310,16.783035,17.400101,17.219078,17.073982,17.255310,17.616829,16.892258,17.562698,17.255310,17.418190,17.037659,17.146553,17.490471,17.616829,17.652901,17.616829,17.291534,17.688942,17.580750,18.263664,17.382019,17.490471,17.634865,17.779015,17.309639,17.508537,17.670921,17.833000,17.742996,17.904930,17.598785,17.868965,17.508537,17.922905,17.436272,17.850990,17.779015,18.317345,17.616829,17.634865,18.066551,17.688942,18.048607,17.598785,17.400101,17.779015,17.580750,17.616829,17.382019,17.886955,17.904930,17.598785,17.562698,17.291534,17.345833,17.508537,17.092117,17.309639,17.019493,16.673668,17.110275,16.637184,16.417961,16.472824,16.710136,15.977844,15.517014,15.756950,16.143143,15.220818,15.053780,14.737404,14.867805,14.923637,14.457298,14.476006,14.942238,14.532082,14.494698,14.998024,14.569450,15.090919,14.849190,14.681450,14.718750,14.793312,15.332008,14.588127,14.345024,14.793312,14.830566,14.606796,14.737404,15.202286,14.681450,14.569450,14.923637,14.251350,14.923637,14.532082,14.494698,14.793312,14.849190,14.345024,14.625465,15.016617,14.307571,14.363747,14.569450,14.700096,14.326302,13.932144,14.363747,13.913338,13.800392,14.082504,13.706154,13.668427,13.856880,
13.894524,14.288834,14.606796,14.326302,14.345024,15.165176,14.438606,14.830566,14.307571,14.457298,14.550774,14.307571,14.830566,14.438606,14.232613,14.905037,14.345024,14.457298,15.053780,14.774681,14.867805,14.457298,14.942238,14.307571,14.979439,15.016617,14.811943,14.979439,14.681450,15.090919,15.109489,14.718750,14.756035,14.979439,14.532082,14.718750,14.942238,14.923637,14.588127,14.793312,15.053780,14.737404,14.793312,14.830566,14.998024,14.513397,15.128059,14.756035,15.313492,14.830566,14.960838,15.072350,14.644127,14.644127,14.867805,15.072350,15.350533,14.662788,14.644127,15.183723,15.424561,14.756035,15.313492,14.867805,15.461563,15.257896,15.239365,15.257896,15.590912,15.239365,15.535500,15.035194,15.313492,15.128059,15.424561,15.090919,15.406059,15.128059,15.572441,15.793800,15.220818,15.072350,14.942238,15.109489,15.109489,15.738518,15.239365,15.294960,15.369041,15.480049,15.406059,14.905037,15.183723,15.202286,15.146614,15.461563,15.090919,15.165176,15.480049,15.220818,15.775375,15.627831,15.517014,14.793312,15.294960,15.239365,15.683197,15.202286,15.202286,15.480049,15.424561,15.517014,15.276436,15.332008,15.480049,15.202286,15.480049,15.424561,15.313492,15.830643,15.313492,15.294960,15.165176,14.998024,15.313492,15.738518,15.609375,15.332008,15.535500,15.498535,15.646294,15.165176,15.165176,15.424561,15.683197,15.276436,15.590912,15.165176,15.590912,15.553970,15.572441,15.609375,15.498535,14.905037,15.738518,15.775375,15.387550,15.517014,15.183723,15.738518,15.609375,15.590912,15.885872,15.424561,15.885872,15.590912,15.535500,15.220818,15.941071,15.720085,15.867470,15.996223,16.124794,16.014603,16.308144,16.161499,16.234848,16.308144,16.910439,17.164696,16.910439,17.019493,16.837654,17.073982,17.200951,17.580750,17.580750,17.200951,17.544655,17.544655,17.472412,17.598785,17.363930,17.616829,18.120361,17.815002,18.048607,18.084496,17.706970,17.544655,17.922905,17.706970,17.670921,18.066551,17.761002,17.688942,17.994759,17.652901,17.850990,17.797005,17.797005,17.436272,18.192039,17.994759,17.634865,17.850990,17.922905,18.370995,17.815002,18.263664,18.620857,18.335236,18.227867,18.388855,18.692123,18.406731,18.798882,18.388855,18.905502,18.299454,18.781090,18.656494,18.709923,19.029732,18.585213,18.638680,18.727722,18.816666,18.709923,18.638680,18.603035,18.638680,18.727722,18.923264,18.941017,18.620857,18.709923,18.460312,18.958771,18.692123,18.745514,18.460312,18.852211,18.834435,19.153755,19.100624,18.585213,18.923264,19.011993,18.834435,18.852211,18.816666,19.189156,18.923264,19.029732,18.887749,19.365944,19.065178,19.136055,19.242241,19.418907,18.887749,19.100624,18.976524,19.100624,19.118340,19.559967,19.136055,18.887749,18.994255,19.029732,18.941017,18.976524,18.852211,19.065178,18.816666,18.994255,18.638680,18.852211,18.603035,18.763306,18.531708,18.603035,18.905502,18.763306,18.727722,18.620857,18.335236,18.549545,18.781090,18.709923,18.692123,18.674309,18.299454,18.674309,18.496017,18.745514,18.674309,18.245766,18.763306,18.958771,18.460312,18.674309,18.353111,18.496017,18.370995,18.798882,18.513863,18.727722,18.727722,18.478165,18.370995,18.709923,18.227867,18.245766,18.209953,18.156204,18.317345,18.370995,17.868965,17.958839,18.012718,18.102425,17.958839,17.976807,18.066551,17.904930,17.886955,17.544655,17.544655,17.454338,17.273430,17.255310,16.983162,16.946808,16.928627,17.055817,16.637184,16.691910,16.710136,16.417961,16.289825,15.885872,15.664742,16.161499,15.609375,16.198189,15.701637,15.609375,15.738518,15.738518,15.683197,16.069710,15.793800,16.106438,15.793800,15.756950,15.922668,16.271500,15.812218,15.793800,15.849052,15.775375,15.553970,15.904274,15.922668,15.775375,15.941071,15.443062,15.830643,16.051353,15.812218,15.701637,15.775375,16.143143,15.683197,15.867470,15.959457,15.959457,15.332008,15.517014,15.793800,15.664742,15.627831,15.849052,15.535500,15.867470,15.664742,16.032974,15.664742,15.738518,15.701637,15.756950,15.904274,15.830643,15.627831,15.756950,15.775375,15.646294,16.143143,16.032974,15.720085,15.775375,15.849052,15.849052,16.088081,16.106438,15.535500,15.812218,15.738518,16.161499,15.701637,15.775375,15.590912,16.216530,16.179840,15.922668,16.308144,16.216530,15.701637,15.977844,16.014603,16.179840,15.812218,15.977844,15.830643,15.812218,16.124794,16.014603,15.572441,16.234848,15.590912,15.977844,15.812218,15.609375,15.830643,15.996223,16.014603,15.830643,15.720085,15.867470,15.996223,15.941071,15.830643,16.161499,15.646294,15.977844,15.627831,15.812218,16.161499,16.069710,15.590912,15.646294,15.609375,15.646294,15.996223,15.867470,15.775375,16.032974,15.664742,15.664742,15.867470,15.756950,15.498535,15.627831,15.498535,15.738518,15.480049,15.867470,15.959457,16.051353,15.849052,15.664742,15.683197,15.424561,15.461563,15.775375,16.014603,16.106438,15.849052,15.480049,15.664742,15.313492,15.517014,15.350533,15.756950,15.313492,15.793800,15.369041,15.276436,15.720085,15.683197,15.738518,15.480049,15.756950,15.609375,15.701637,15.664742,16.088081,15.849052,16.088081,16.454536,16.179840,16.436256,16.600693,16.289825,16.582436,16.637184,16.545914,16.491104,17.146553,17.037659,17.001335,16.491104,16.946808,16.910439,17.382019,17.055817,17.273430,17.001335,17.472412,16.910439,17.327736,16.801247,17.490471,17.073982,18.102425,17.164696,17.092117,17.164696,17.815002,17.092117,17.634865,17.526596,17.634865,17.327736,17.634865,17.544655,17.562698,17.779015,17.742996,17.742996,17.073982,17.994759,17.291534,17.652901,17.472412,17.598785,17.761002,17.580750,17.688942,17.742996,17.616829,18.066551,17.815002,17.598785,17.526596,17.761002,17.815002,17.904930,17.761002,18.156204,17.580750,17.779015,17.833000,18.048607,17.400101,17.779015,17.706970,17.580750,17.833000,17.562698,17.616829,17.580750,17.742996,17.833000,17.037659,17.309639,17.291534,17.219078,16.819458,16.710136,17.019493,16.764816,16.892258,16.271500,15.941071,15.959457,15.756950,16.088081,15.517014,15.424561,15.128059,14.532082,13.969765,14.737404,14.476006,14.979439,15.165176,14.737404,15.202286,14.718750,14.569450,14.625465,14.662788,14.588127,15.016617,14.550774,15.053780,14.700096,14.606796,14.476006,14.681450,14.849190,14.625465,14.419891,14.213860,14.326302,14.513397,14.588127,15.128059,14.644127,14.401184,14.662788,14.251350,14.606796,14.606796,14.345024,13.875710,14.811943,14.625465,14.307571,14.569450,14.307571,14.026146,14.063721,13.969765,13.800392,13.422867,13.498497,
13.611824,14.494698,14.681450,14.681450,15.239365,14.737404,14.419891,14.923637,14.625465,15.202286,15.072350,14.532082,14.979439,14.998024,14.867805,14.232613,15.165176,14.513397,14.998024,15.220818,15.313492,14.811943,15.276436,15.090919,14.942238,15.035194,15.350533,15.517014,14.979439,14.979439,14.532082,15.035194,15.535500,15.220818,15.053780,14.625465,14.756035,14.979439,15.109489,15.276436,15.775375,15.683197,14.998024,15.406059,15.035194,15.220818,15.535500,14.998024,14.905037,15.090919,15.553970,14.886414,15.276436,15.424561,15.535500,14.923637,15.738518,15.220818,15.424561,14.700096,14.793312,15.035194,15.461563,15.183723,15.553970,15.165176,15.313492,15.517014,14.998024,15.313492,15.350533,15.406059,14.979439,15.313492,16.014603,15.369041,15.443062,15.443062,15.498535,15.609375,15.553970,15.406059,15.775375,15.202286,15.793800,15.443062,15.294960,15.257896,15.683197,15.664742,15.664742,15.701637,15.701637,15.276436,15.202286,15.480049,15.812218,15.553970,15.572441,15.276436,15.738518,15.387550,15.332008,15.332008,15.793800,15.627831,15.387550,15.609375,15.775375,15.406059,15.313492,15.146614,15.332008,15.220818,15.738518,15.720085,15.683197,15.720085,15.756950,15.849052,15.369041,15.627831,15.553970,15.313492,15.885872,15.294960,15.590912,15.517014,15.756950,15.683197,15.535500,15.424561,15.443062,15.996223,15.904274,15.572441,15.756950,15.756950,15.756950,15.535500,15.867470,15.443062,15.867470,15.461563,15.756950,15.812218,15.830643,15.996223,15.775375,15.424561,15.332008,15.793800,15.683197,15.793800,15.239365,16.271500,16.014603,16.014603,15.867470,15.590912,15.738518,16.143143,15.830643,16.545914,16.801247,16.928627,16.253181,16.527649,16.691910,16.964989,17.309639,17.055817,17.815002,17.291534,17.146553,17.580750,17.037659,17.037659,17.616829,17.436272,17.291534,17.526596,17.779015,17.400101,17.850990,17.797005,18.012718,17.400101,17.454338,17.724983,17.886955,17.724983,17.940880,17.779015,18.084496,17.562698,17.544655,17.724983,17.850990,17.472412,17.472412,17.688942,17.526596,17.868965,18.263664,17.940880,17.958839,18.048607,18.030663,18.781090,18.317345,18.460312,18.460312,18.424599,18.816666,19.029732,18.638680,18.549545,18.763306,18.567383,18.976524,18.585213,18.905502,18.656494,18.941017,18.816666,18.941017,18.549545,18.781090,18.370995,18.709923,19.118340,19.082909,18.192039,19.277603,18.478165,18.905502,18.245766,18.816666,18.388855,18.887749,18.727722,18.549545,18.852211,18.620857,18.958771,18.781090,18.994255,18.816666,18.976524,19.348289,18.531708,18.745514,18.923264,19.189156,18.923264,18.905502,19.029732,19.153755,19.153755,19.348289,19.277603,19.011993,19.082909,19.259926,19.224541,18.976524,18.905502,18.923264,19.189156,18.834435,18.905502,18.905502,18.656494,18.905502,18.941017,19.136055,18.887749,18.923264,18.567383,18.745514,18.567383,18.585213,18.620857,18.692123,18.567383,18.674309,19.082909,18.567383,18.674309,18.460312,18.798882,18.281563,18.496017,18.781090,18.620857,18.388855,18.620857,18.585213,18.424599,18.834435,18.656494,18.674309,18.531708,18.549545,18.531708,18.781090,18.531708,18.102425,18.460312,18.798882,18.245766,18.317345,18.299454,18.192039,18.102425,18.084496,17.922905,17.742996,17.904930,18.012718,18.012718,17.706970,17.634865,17.833000,17.904930,17.797005,17.598785,17.886955,17.418190,17.309639,17.562698,17.291534,16.983162,16.710136,16.855865,16.837654,16.618950,16.964989,16.381371,16.691910,16.381371,16.308144,16.032974,16.234848,15.941071,16.088081,16.545914,15.977844,15.775375,16.124794,16.271500,16.198189,15.904274,16.143143,16.161499,16.234848,16.308144,16.472824,15.996223,16.032974,15.904274,15.904274,16.234848,16.161499,15.904274,16.161499,16.143143,16.032974,16.271500,16.436256,15.756950,16.308144,16.198189,15.849052,16.014603,16.454536,16.253181,16.161499,15.941071,15.830643,16.124794,16.161499,15.959457,16.454536,15.959457,16.032974,15.904274,16.032974,15.849052,15.996223,16.527649,15.996223,15.959457,15.812218,16.143143,16.088081,16.014603,15.977844,15.590912,15.885872,16.491104,15.683197,16.069710,16.088081,16.143143,15.885872,16.069710,16.124794,16.032974,15.812218,15.959457,15.922668,16.124794,16.051353,15.867470,16.454536,16.014603,15.904274,16.198189,16.637184,16.344765,15.646294,15.941071,15.756950,16.106438,15.922668,15.793800,16.289825,15.941071,15.720085,15.830643,16.198189,15.756950,15.977844,16.143143,15.720085,15.812218,16.582436,15.738518,15.996223,16.051353,16.308144,15.849052,15.830643,15.959457,15.977844,15.480049,16.143143,15.627831,16.289825,16.198189,15.867470,16.106438,16.326462,15.959457,15.996223,15.977844,15.756950,15.572441,16.014603,16.234848,16.124794,16.363075,15.885872,15.959457,16.363075,15.867470,16.472824,15.812218,16.143143,15.922668,16.051353,15.683197,15.977844,15.977844,16.014603,15.867470,15.812218,16.014603,15.664742,15.885872,16.216530,16.014603,15.904274,15.738518,15.406059,15.849052,15.959457,15.738518,15.738518,15.922668,15.664742,15.480049,16.051353,15.720085,15.664742,15.904274,15.590912,16.198189,16.198189,16.454536,16.764816,16.344765,16.582436,16.728371,17.164696,16.655434,17.219078,17.037659,16.964989,16.892258,16.746590,17.327736,17.200951,17.037659,16.910439,17.273430,17.182823,17.237198,17.128418,17.146553,16.910439,17.490471,17.363930,17.237198,17.200951,17.327736,17.544655,17.255310,17.363930,17.382019,17.073982,17.436272,17.164696,17.544655,17.345833,17.706970,17.472412,17.363930,17.580750,17.363930,17.833000,17.001335,17.345833,17.815002,17.219078,17.833000,17.634865,17.508537,17.490471,17.634865,17.616829,18.048607,17.472412,17.742996,17.976807,17.598785,17.779015,18.174133,17.797005,17.670921,17.670921,17.508537,18.030663,17.634865,18.012718,18.209953,17.544655,17.761002,17.490471,17.273430,17.472412,17.580750,17.634865,17.092117,17.580750,17.418190,17.922905,17.508537,17.363930,16.728371,16.472824,16.509377,16.381371,16.545914,16.069710,15.664742,15.609375,15.498535,15.090919,15.183723,14.774681,14.756035,14.588127,14.457298,14.942238,14.737404,15.016617,14.700096,14.811943,14.737404,15.257896,14.494698,14.793312,14.830566,14.830566,14.213860,14.625465,15.053780,14.811943,14.681450,14.382469,14.401184,14.513397,14.737404,14.363747,14.457298,15.072350,14.494698,14.307571,14.401184,14.774681,14.681450,14.476006,14.288834,14.476006,14.382469,14.625465,14.532082,14.401184,14.382469,14.195114,13.706154,13.913338,14.251350,14.176346,14.195114,13.969765,12.872734,
14.195114,14.550774,14.288834,14.867805,15.035194,15.072350,14.625465,15.035194,14.867805,14.923637,15.793800,14.793312,14.811943,14.793312,14.942238,14.681450,15.146614,14.307571,14.905037,15.424561,15.480049,15.183723,15.202286,15.109489,15.257896,15.183723,15.053780,15.313492,15.072350,15.313492,14.737404,15.035194,15.498535,15.109489,15.498535,15.609375,15.220818,14.307571,15.720085,15.165176,15.183723,15.202286,15.443062,15.257896,15.332008,15.294960,14.923637,15.294960,15.350533,15.202286,15.738518,14.979439,15.720085,15.332008,15.830643,15.387550,15.646294,15.387550,14.867805,15.016617,15.664742,15.849052,15.590912,15.646294,15.756950,15.498535,15.572441,15.183723,15.996223,15.590912,16.032974,15.239365,15.257896,15.775375,15.517014,15.701637,15.535500,15.480049,15.867470,15.424561,15.406059,15.443062,15.498535,15.443062,15.572441,15.220818,15.867470,15.904274,15.720085,14.960838,15.535500,15.480049,15.793800,15.775375,15.720085,15.646294,15.738518,15.276436,15.627831,15.406059,15.738518,15.332008,15.590912,15.553970,16.106438,16.088081,15.756950,15.220818,15.627831,15.627831,15.812218,15.775375,16.014603,15.959457,15.849052,15.793800,15.350533,15.738518,15.885872,15.720085,15.941071,15.885872,15.664742,15.775375,15.885872,15.922668,15.683197,16.161499,16.381371,16.179840,15.646294,15.904274,15.350533,16.032974,15.572441,15.683197,16.051353,15.922668,15.941071,15.830643,16.106438,15.627831,15.904274,16.271500,15.867470,15.683197,15.664742,16.014603,16.032974,15.849052,15.849052,16.032974,15.941071,15.959457,16.326462,15.941071,16.143143,15.701637,15.996223,15.885872,16.234848,16.161499,16.417961,16.289825,16.783035,16.582436,16.819458,16.673668,16.837654,17.055817,17.146553,17.092117,17.146553,16.964989,17.797005,17.146553,17.544655,17.073982,17.327736,17.472412,17.327736,17.454338,17.724983,17.544655,17.363930,17.634865,17.886955,17.345833,17.490471,17.833000,17.670921,17.922905,17.797005,17.724983,18.263664,17.958839,17.976807,17.291534,17.652901,17.761002,17.742996,18.066551,18.263664,18.030663,17.761002,18.102425,17.833000,17.797005,18.012718,18.012718,18.084496,18.442459,18.496017,18.585213,18.442459,18.567383,18.603035,18.763306,18.852211,18.727722,18.496017,18.370995,18.585213,18.478165,18.994255,18.692123,18.834435,18.816666,18.852211,18.638680,18.567383,18.994255,18.603035,18.656494,18.442459,18.388855,18.281563,18.781090,18.727722,18.692123,18.976524,18.852211,18.692123,18.727722,18.798882,18.656494,18.994255,18.781090,18.941017,18.905502,18.887749,18.905502,19.171471,18.745514,18.834435,18.763306,19.330627,18.460312,19.189156,19.047462,18.887749,19.100624,19.118340,18.905502,19.189156,19.065178,19.277603,19.401253,19.454201,18.852211,19.047462,18.869980,19.489464,19.082909,18.798882,19.118340,19.153755,18.692123,18.798882,18.620857,18.816666,18.887749,19.171471,18.656494,18.781090,18.513863,18.781090,18.406731,18.513863,18.745514,18.370995,18.406731,18.424599,18.442459,18.816666,18.388855,18.460312,18.727722,18.442459,18.209953,18.496017,18.120361,18.620857,18.496017,18.692123,18.852211,18.603035,18.442459,18.442459,18.585213,18.370995,18.245766,18.442459,18.102425,17.742996,17.815002,17.850990,17.904930,18.281563,17.580750,17.670921,18.012718,17.616829,17.761002,17.706970,17.652901,18.084496,17.742996,17.724983,17.164696,17.742996,17.436272,17.219078,17.345833,16.946808,16.783035,16.582436,16.417961,16.655434,16.161499,16.564171,16.032974,16.326462,16.216530,16.234848,16.545914,16.143143,16.289825,16.673668,16.161499,16.161499,16.764816,16.344765,16.600693,16.253181,16.124794,16.253181,16.198189,16.472824,16.344765,16.289825,16.417961,16.454536,16.417961,15.959457,16.161499,16.161499,16.618950,15.959457,16.363075,16.363075,15.922668,15.996223,16.216530,16.691910,15.996223,15.904274,16.161499,16.069710,16.308144,15.941071,16.436256,16.417961,16.124794,16.161499,16.179840,16.143143,16.234848,16.051353,15.664742,16.088081,16.106438,16.198189,16.179840,16.179840,16.600693,16.124794,16.308144,16.436256,16.271500,15.904274,16.308144,16.069710,16.179840,16.289825,15.922668,16.051353,15.941071,16.161499,16.106438,16.124794,16.363075,16.014603,16.198189,16.582436,16.326462,16.363075,16.253181,16.381371,16.051353,16.014603,16.198189,16.344765,16.014603,16.417961,16.289825,16.344765,16.143143,16.051353,16.363075,16.069710,16.344765,15.904274,16.161499,16.106438,15.775375,16.216530,15.977844,16.032974,16.454536,16.289825,16.271500,16.363075,16.527649,16.198189,16.509377,16.198189,16.216530,15.941071,15.941071,16.216530,16.454536,16.234848,16.032974,16.161499,16.253181,15.701637,16.381371,16.308144,15.812218,16.143143,16.399666,16.308144,16.014603,16.344765,15.996223,16.088081,16.637184,16.051353,16.179840,16.344765,16.326462,15.996223,16.179840,15.849052,16.308144,15.977844,16.161499,15.775375,16.088081,16.308144,16.106438,16.161499,16.124794,15.572441,15.922668,16.161499,15.775375,16.032974,16.417961,15.885872,16.032974,15.959457,16.381371,15.977844,15.812218,16.198189,15.977844,15.959457,16.198189,15.977844,16.874062,16.837654,16.363075,16.582436,16.509377,16.527649,17.237198,16.655434,16.637184,16.801247,16.819458,17.219078,17.055817,17.200951,16.910439,16.928627,17.055817,17.164696,17.055817,17.219078,16.946808,17.182823,17.327736,16.946808,17.110275,17.146553,17.418190,17.291534,17.490471,17.182823,17.273430,17.382019,17.345833,17.309639,17.237198,17.418190,17.345833,17.922905,17.472412,17.580750,17.868965,17.544655,17.291534,17.544655,17.544655,17.490471,17.526596,18.066551,17.490471,17.309639,17.815002,18.156204,17.742996,17.797005,17.833000,17.994759,18.048607,18.048607,17.418190,17.779015,17.850990,18.084496,17.904930,17.797005,17.544655,17.526596,17.688942,17.382019,17.688942,17.544655,17.940880,17.670921,16.910439,17.273430,17.219078,17.562698,17.688942,17.706970,17.670921,17.363930,16.710136,17.291534,16.728371,16.874062,16.637184,16.363075,16.271500,15.830643,15.424561,15.553970,14.960838,14.905037,15.090919,15.202286,14.419891,14.718750,14.513397,14.737404,14.793312,14.756035,14.830566,15.090919,15.035194,14.756035,15.016617,14.550774,14.625465,15.165176,14.681450,15.035194,14.326302,14.625465,14.176346,14.419891,14.532082,14.625465,14.811943,14.307571,14.513397,14.532082,14.886414,14.774681,14.998024,14.419891,14.270103,14.213860,13.988556,14.569450,13.725006,14.082504,14.363747,14.063721,14.718750,14.195114,13.988556,14.288834,13.630692,14.195114,13.441788,
14.307571,15.035194,14.550774,15.756950,14.811943,15.109489,14.756035,14.532082,15.109489,14.867805,14.923637,14.681450,15.016617,14.662788,15.090919,15.220818,15.146614,15.257896,14.960838,15.646294,15.572441,15.146614,15.035194,15.146614,15.369041,15.332008,15.461563,15.294960,15.461563,15.276436,15.443062,15.035194,14.998024,15.535500,15.683197,15.646294,15.406059,15.406059,15.738518,15.609375,15.387550,15.350533,15.646294,15.535500,15.553970,15.683197,15.443062,14.905037,15.461563,15.683197,15.590912,15.941071,15.294960,15.443062,15.756950,15.664742,16.088081,15.535500,15.701637,16.253181,16.014603,16.143143,15.738518,15.332008,16.069710,15.720085,15.701637,15.553970,15.830643,15.830643,16.198189,15.517014,16.088081,15.904274,15.683197,15.793800,15.812218,15.572441,16.491104,15.775375,15.793800,15.406059,15.756950,15.756950,16.088081,16.234848,15.590912,15.369041,16.069710,15.627831,15.646294,15.922668,16.106438,15.609375,15.793800,15.885872,16.308144,16.289825,15.590912,16.308144,15.922668,15.738518,16.014603,15.793800,15.959457,15.664742,16.124794,15.627831,15.830643,16.088081,15.609375,15.867470,16.198189,16.509377,16.143143,15.793800,15.867470,16.069710,15.498535,16.198189,15.720085,16.271500,16.326462,15.627831,16.564171,16.691910,16.124794,15.885872,16.032974,16.637184,15.977844,16.198189,16.179840,15.922668,16.124794,16.124794,16.143143,16.234848,16.051353,15.720085,16.014603,16.069710,15.996223,15.756950,16.051353,15.830643,16.014603,16.308144,16.417961,16.069710,15.664742,15.959457,16.363075,16.289825,16.014603,16.179840,15.959457,15.590912,16.363075,16.143143,16.326462,16.399666,16.564171,16.326462,16.417961,16.582436,16.691910,17.200951,16.964989,17.164696,16.819458,16.946808,17.291534,17.291534,17.164696,16.964989,17.019493,16.964989,17.580750,17.200951,17.436272,17.182823,17.580750,17.418190,17.652901,17.436272,17.904930,17.291534,17.562698,18.048607,17.237198,17.688942,17.797005,17.922905,17.670921,17.779015,17.706970,17.616829,17.670921,17.761002,17.706970,17.327736,17.940880,17.922905,17.886955,17.761002,17.833000,18.370995,18.084496,17.868965,18.102425,17.815002,18.585213,18.478165,18.442459,18.460312,18.709923,18.585213,18.620857,18.745514,18.549545,18.620857,18.496017,18.531708,18.603035,18.585213,18.834435,18.656494,18.727722,18.585213,18.763306,18.905502,18.869980,18.905502,18.869980,18.549545,18.192039,18.424599,18.852211,18.869980,18.442459,18.781090,18.798882,18.567383,18.834435,19.047462,19.206863,18.603035,19.100624,19.118340,19.224541,19.029732,19.206863,19.277603,19.295280,19.029732,18.941017,19.189156,18.763306,18.852211,19.224541,19.029732,19.136055,19.100624,19.029732,18.905502,19.100624,19.277603,19.418907,19.259926,18.887749,18.852211,18.763306,18.620857,18.976524,19.029732,18.816666,18.816666,18.727722,18.869980,18.674309,18.709923,18.567383,18.496017,18.816666,19.047462,18.745514,18.442459,18.406731,18.656494,18.994255,18.353111,18.227867,18.424599,18.638680,18.424599,18.958771,18.227867,18.299454,18.406731,18.585213,18.192039,18.513863,18.531708,18.460312,18.317345,17.958839,18.048607,18.156204,18.370995,18.388855,18.192039,18.102425,18.299454,17.868965,18.030663,18.084496,17.742996,17.904930,17.724983,17.670921,17.616829,17.616829,17.652901,17.670921,17.706970,17.724983,17.688942,17.868965,17.454338,17.706970,17.164696,17.327736,17.436272,17.418190,17.219078,17.001335,16.764816,16.783035,16.655434,16.855865,16.783035,16.417961,16.527649,16.124794,16.161499,16.289825,16.527649,16.637184,16.527649,16.472824,16.381371,16.436256,16.326462,16.381371,16.582436,16.363075,16.161499,16.399666,16.179840,16.819458,16.582436,16.783035,16.874062,16.600693,16.417961,16.746590,16.344765,16.472824,16.545914,16.454536,16.655434,16.234848,16.308144,16.399666,16.308144,16.618950,16.564171,16.344765,16.600693,16.179840,16.582436,16.491104,16.436256,16.161499,16.801247,16.582436,16.381371,16.746590,16.874062,15.922668,16.618950,16.746590,16.436256,16.710136,16.216530,16.161499,16.527649,16.417961,16.655434,16.600693,16.454536,16.363075,16.124794,16.527649,16.381371,16.509377,16.655434,16.161499,16.253181,16.673668,16.161499,16.417961,16.710136,16.819458,16.618950,16.618950,16.509377,16.253181,16.600693,16.124794,16.106438,16.545914,16.564171,16.253181,16.381371,16.363075,16.417961,16.198189,16.801247,16.618950,16.545914,16.801247,16.308144,16.527649,16.564171,16.344765,16.363075,16.326462,16.491104,16.618950,16.308144,16.271500,16.582436,15.996223,16.655434,16.344765,15.849052,16.655434,15.941071,16.143143,16.417961,16.271500,16.289825,16.564171,16.161499,16.545914,16.143143,16.216530,15.812218,16.417961,16.728371,16.363075,16.472824,16.454536,16.198189,16.582436,16.454536,16.472824,16.179840,16.381371,16.399666,16.124794,16.216530,16.088081,16.837654,16.032974,16.253181,16.198189,16.253181,15.977844,16.234848,16.326462,15.977844,16.399666,16.618950,16.069710,16.253181,16.289825,15.830643,16.399666,16.253181,16.326462,16.124794,16.014603,16.381371,16.014603,16.161499,15.720085,16.344765,16.436256,16.234848,16.618950,16.381371,16.527649,16.746590,16.399666,16.892258,16.509377,17.146553,16.892258,16.637184,16.764816,17.164696,16.946808,17.219078,16.946808,17.001335,16.946808,17.073982,16.983162,17.164696,16.910439,16.910439,17.327736,16.728371,17.019493,17.182823,17.291534,17.291534,17.128418,16.837654,16.855865,17.237198,17.200951,17.273430,17.237198,16.928627,17.309639,17.742996,17.490471,17.037659,17.652901,17.598785,17.454338,17.688942,17.400101,17.688942,17.652901,18.048607,17.670921,17.779015,17.886955,17.472412,17.833000,17.580750,17.904930,17.815002,17.868965,17.868965,17.994759,17.976807,18.048607,18.102425,17.598785,17.994759,17.724983,17.976807,17.652901,17.688942,17.797005,17.327736,17.472412,17.400101,17.598785,17.508537,17.382019,17.092117,17.110275,16.691910,17.670921,16.710136,17.073982,16.637184,16.381371,15.996223,15.959457,15.977844,16.088081,14.401184,15.183723,15.202286,15.090919,14.419891,14.905037,15.090919,14.737404,14.606796,15.128059,14.756035,14.082504,14.923637,14.756035,14.793312,14.606796,15.016617,14.756035,14.979439,14.737404,14.718750,14.307571,14.905037,14.867805,14.905037,14.867805,14.662788,15.239365,14.213860,14.401184,14.195114,14.830566,13.856880,15.072350,14.756035,14.007355,14.513397,13.969765,14.382469,14.588127,14.774681,14.942238,14.606796,13.800392,13.932144,14.251350,14.026146,13.819221,14.176346,13.875710,12.777557,
14.345024,14.960838,14.960838,15.369041,14.886414,14.979439,14.793312,15.239365,15.109489,15.350533,15.720085,15.128059,15.517014,15.756950,15.849052,16.051353,15.294960,15.885872,15.350533,15.146614,15.443062,15.313492,16.381371,15.369041,15.553970,14.886414,15.609375,15.867470,15.941071,15.572441,15.498535,15.535500,15.738518,15.720085,16.088081,15.480049,15.443062,15.756950,15.553970,15.701637,15.664742,15.517014,15.701637,15.941071,16.234848,15.535500,15.904274,15.830643,15.977844,15.941071,16.014603,15.738518,15.959457,15.738518,16.014603,16.069710,16.143143,16.106438,15.885872,15.959457,16.363075,15.590912,16.106438,15.904274,16.051353,15.941071,15.867470,16.326462,16.051353,16.381371,16.308144,16.106438,16.363075,16.051353,15.609375,16.289825,15.977844,15.756950,16.161499,16.326462,16.271500,15.996223,16.545914,16.234848,15.977844,16.161499,15.867470,15.977844,15.867470,16.234848,16.051353,15.959457,16.106438,15.996223,16.618950,16.198189,16.051353,15.793800,15.922668,16.106438,16.417961,16.179840,16.253181,15.959457,16.032974,16.618950,16.271500,16.088081,16.198189,16.746590,16.344765,16.491104,16.545914,15.627831,16.069710,16.564171,16.618950,16.509377,15.941071,16.161499,16.673668,15.701637,16.564171,16.032974,16.014603,15.996223,16.234848,16.308144,16.819458,16.198189,16.454536,16.472824,16.417961,16.436256,16.143143,16.216530,16.179840,16.289825,16.381371,16.436256,16.124794,16.143143,16.691910,15.977844,16.600693,16.363075,16.344765,16.216530,16.198189,16.308144,16.161499,16.014603,16.381371,16.363075,16.161499,16.216530,16.271500,16.216530,16.417961,16.234848,16.673668,16.161499,16.655434,16.399666,16.637184,16.618950,16.983162,16.819458,17.019493,16.928627,17.273430,16.983162,17.382019,17.128418,17.055817,17.436272,17.345833,17.273430,17.526596,17.309639,17.309639,17.291534,17.688942,17.508537,17.200951,17.886955,17.454338,17.382019,17.797005,17.472412,17.580750,17.526596,17.526596,17.958839,17.436272,17.490471,17.562698,17.273430,17.976807,17.815002,17.868965,17.598785,18.048607,17.994759,18.156204,17.652901,17.886955,17.815002,18.192039,18.120361,18.263664,18.460312,18.335236,18.638680,18.852211,18.460312,18.531708,19.047462,18.513863,18.958771,18.406731,18.656494,18.513863,18.353111,18.585213,18.424599,18.958771,18.460312,19.242241,18.834435,18.478165,18.513863,18.674309,18.727722,18.692123,18.798882,18.442459,18.656494,18.192039,18.709923,18.763306,18.941017,18.763306,18.585213,18.709923,18.567383,19.082909,19.100624,18.834435,18.923264,18.994255,19.011993,18.834435,19.136055,19.330627,18.941017,18.887749,18.763306,18.923264,19.348289,19.418907,19.242241,19.365944,19.171471,18.976524,18.887749,19.047462,19.277603,19.206863,19.029732,18.941017,18.656494,18.994255,18.834435,19.189156,19.065178,19.047462,18.994255,18.674309,18.692123,19.136055,18.638680,18.869980,18.281563,18.317345,18.781090,19.082909,18.442459,18.656494,18.816666,18.478165,18.763306,18.478165,18.335236,18.209953,18.353111,18.120361,18.674309,18.816666,18.460312,18.638680,18.460312,18.531708,18.478165,18.496017,18.299454,18.263664,18.281563,18.478165,18.174133,17.815002,18.048607,17.940880,18.030663,18.084496,18.174133,17.976807,17.616829,17.904930,17.472412,17.255310,17.454338,18.174133,17.454338,17.779015,17.886955,17.904930,17.833000,17.904930,17.652901,17.562698,17.255310,17.418190,17.761002,17.110275,17.073982,17.164696,17.055817,16.783035,16.655434,16.964989,16.710136,16.509377,16.673668,16.710136,16.436256,16.308144,16.564171,16.964989,16.746590,16.545914,16.454536,16.819458,16.783035,16.801247,16.509377,16.691910,16.472824,16.399666,16.600693,16.564171,16.344765,17.001335,16.728371,16.472824,16.910439,16.417961,16.454536,16.783035,16.491104,16.618950,16.271500,16.728371,16.819458,16.710136,16.710136,16.910439,16.983162,16.509377,16.855865,16.436256,16.874062,16.691910,16.819458,16.637184,17.164696,16.472824,16.655434,16.472824,16.783035,16.691910,16.582436,16.746590,16.545914,16.472824,16.417961,16.855865,16.454536,16.691910,16.326462,16.582436,16.819458,16.618950,16.509377,16.509377,16.837654,16.582436,16.764816,16.892258,16.728371,16.928627,16.618950,16.582436,17.164696,17.019493,17.055817,16.910439,16.344765,16.892258,16.545914,16.655434,16.710136,16.801247,16.691910,16.655434,16.454536,16.582436,16.491104,17.110275,16.764816,16.764816,16.417961,16.655434,16.582436,16.472824,16.399666,16.892258,16.728371,16.801247,16.308144,16.618950,16.545914,16.198189,16.637184,16.527649,16.582436,16.764816,16.527649,16.783035,16.764816,16.764816,16.582436,16.728371,16.417961,16.600693,16.655434,16.436256,16.764816,16.746590,16.691910,17.073982,16.691910,16.564171,16.545914,16.381371,16.088081,16.837654,16.855865,16.655434,16.051353,16.454536,16.106438,16.454536,16.381371,16.728371,16.289825,16.472824,16.491104,16.234848,16.837654,16.363075,16.600693,16.582436,16.399666,16.491104,16.344765,16.253181,16.746590,16.509377,16.326462,16.344765,16.964989,16.234848,16.143143,16.417961,16.069710,16.234848,16.710136,16.454536,16.527649,16.691910,16.582436,16.946808,16.308144,16.618950,16.837654,16.728371,16.728371,16.527649,16.545914,16.892258,17.092117,16.545914,16.783035,16.618950,17.019493,16.837654,17.073982,17.110275,16.819458,17.490471,16.710136,17.418190,17.001335,17.073982,17.363930,17.327736,17.037659,16.691910,16.710136,17.164696,17.363930,16.892258,16.874062,17.363930,16.892258,17.110275,17.345833,17.345833,17.327736,17.706970,17.418190,17.706970,17.472412,17.761002,17.779015,17.580750,17.345833,17.382019,17.110275,17.976807,17.544655,17.833000,17.634865,17.779015,17.724983,18.192039,17.670921,17.742996,18.102425,18.012718,18.227867,18.442459,17.688942,18.066551,17.670921,17.761002,17.562698,18.138290,17.634865,17.309639,17.634865,17.706970,17.345833,17.436272,17.562698,17.454338,17.670921,17.110275,17.200951,17.182823,17.092117,17.092117,16.655434,16.289825,16.746590,15.885872,15.830643,15.461563,15.480049,14.756035,15.276436,14.513397,15.202286,14.998024,14.979439,14.923637,15.035194,14.998024,15.239365,14.979439,14.662788,14.886414,14.681450,14.588127,14.401184,14.886414,14.662788,14.476006,14.644127,14.960838,15.165176,14.569450,14.644127,14.044937,14.326302,14.532082,14.550774,14.401184,14.550774,14.550774,14.494698,14.476006,14.737404,14.082504,14.494698,14.382469,14.307571,14.307571,14.326302,14.101280,14.157593,14.138817,13.894524,13.611824,14.026146,13.536285,14.138817,13.725006,12.929794,
15.053780,15.572441,14.923637,14.718750,15.498535,14.849190,15.165176,14.867805,15.627831,15.294960,15.738518,15.609375,15.239365,15.109489,15.590912,15.572441,15.590912,15.738518,15.720085,15.480049,15.257896,15.775375,15.849052,15.424561,15.720085,15.683197,16.051353,15.498535,15.904274,15.701637,16.014603,15.830643,15.793800,15.849052,15.904274,15.849052,15.646294,15.904274,15.830643,15.276436,16.069710,15.849052,16.106438,15.959457,16.253181,15.646294,15.922668,16.124794,15.941071,16.289825,16.234848,15.646294,15.867470,16.032974,15.609375,16.399666,16.673668,16.308144,16.124794,15.941071,16.088081,16.253181,15.996223,15.830643,16.032974,16.582436,16.088081,16.143143,16.491104,16.032974,16.234848,15.959457,16.179840,15.922668,16.399666,16.308144,16.216530,16.051353,16.454536,16.509377,16.289825,16.253181,16.032974,16.472824,15.996223,16.381371,16.363075,16.088081,16.527649,16.691910,16.454536,16.472824,16.472824,16.326462,16.179840,16.399666,16.417961,16.710136,16.527649,16.491104,16.399666,16.399666,16.032974,16.637184,16.436256,16.014603,16.436256,16.179840,16.161499,16.014603,16.289825,16.509377,16.363075,16.326462,16.143143,16.161499,16.234848,16.783035,15.977844,16.363075,16.069710,16.509377,16.436256,16.234848,16.363075,16.509377,16.216530,16.106438,16.216530,16.198189,16.801247,16.472824,16.564171,16.381371,16.271500,16.855865,16.216530,16.600693,16.454536,16.326462,16.545914,16.710136,16.289825,16.069710,16.399666,16.491104,16.014603,16.691910,16.691910,16.289825,16.417961,16.454536,16.618950,16.655434,16.655434,16.618950,16.983162,16.289825,16.582436,16.069710,16.527649,16.637184,16.417961,16.637184,16.764816,16.509377,16.874062,17.055817,17.055817,16.837654,17.309639,16.946808,17.363930,17.472412,17.019493,17.418190,17.670921,17.580750,17.200951,17.562698,17.037659,17.363930,17.922905,17.363930,17.273430,17.200951,17.490471,17.490471,17.868965,17.128418,17.255310,17.400101,17.436272,17.037659,17.363930,17.363930,17.382019,17.526596,17.436272,17.634865,18.263664,17.904930,17.724983,18.120361,17.922905,18.174133,17.850990,18.012718,18.406731,18.084496,17.886955,18.156204,18.030663,18.281563,18.531708,18.549545,18.745514,18.727722,18.887749,18.745514,18.370995,18.798882,18.852211,18.763306,18.674309,18.638680,18.763306,18.869980,18.263664,18.299454,18.692123,18.406731,18.905502,18.781090,18.603035,18.656494,18.531708,18.692123,18.531708,18.941017,18.976524,18.852211,19.100624,19.171471,19.153755,19.118340,18.869980,19.047462,19.100624,18.869980,18.852211,18.941017,19.136055,19.065178,18.958771,19.029732,19.082909,19.171471,19.206863,18.923264,18.923264,18.763306,19.136055,19.100624,19.189156,19.224541,18.798882,19.029732,19.189156,19.118340,19.136055,19.242241,18.852211,18.763306,19.189156,19.029732,18.958771,19.065178,19.153755,18.798882,18.353111,18.460312,18.745514,18.887749,18.709923,18.852211,18.834435,18.353111,19.065178,18.585213,18.745514,18.460312,18.370995,18.531708,18.531708,18.460312,18.460312,18.603035,18.905502,18.299454,18.674309,18.496017,18.084496,18.030663,18.709923,18.317345,18.299454,18.353111,18.245766,18.066551,18.388855,17.994759,17.940880,17.761002,17.688942,18.030663,17.868965,17.833000,17.922905,17.634865,18.209953,18.030663,17.382019,17.598785,17.562698,17.454338,17.327736,17.761002,17.797005,17.688942,17.850990,17.146553,17.580750,17.580750,17.200951,17.019493,17.146553,17.309639,16.964989,16.874062,17.146553,16.637184,16.691910,17.219078,16.892258,17.255310,17.055817,17.092117,16.381371,16.728371,16.746590,17.001335,16.855865,17.019493,16.910439,16.801247,16.728371,16.764816,16.527649,16.928627,17.273430,16.491104,16.728371,16.582436,16.837654,17.219078,17.037659,17.019493,16.764816,16.837654,16.874062,16.819458,16.783035,16.910439,16.964989,16.710136,16.746590,16.600693,17.146553,16.764816,16.527649,16.637184,17.291534,16.855865,17.001335,16.582436,17.182823,16.436256,16.564171,16.637184,16.837654,16.874062,16.728371,17.110275,16.710136,16.472824,16.564171,16.819458,16.983162,16.655434,17.019493,16.783035,16.855865,16.673668,17.237198,16.472824,16.983162,17.037659,16.764816,16.819458,17.146553,16.728371,16.946808,16.928627,16.837654,16.509377,16.545914,16.819458,17.037659,16.783035,16.344765,16.764816,16.910439,16.710136,16.983162,16.618950,16.728371,16.964989,17.073982,16.983162,16.892258,16.837654,16.801247,16.564171,17.237198,16.874062,16.655434,16.874062,16.710136,16.637184,16.491104,16.801247,16.837654,16.454536,17.019493,16.946808,17.164696,16.710136,17.273430,16.819458,16.764816,16.983162,17.019493,16.417961,16.892258,16.618950,16.289825,16.637184,16.983162,16.874062,16.472824,16.673668,16.673668,16.691910,16.436256,17.273430,16.472824,16.381371,16.564171,16.491104,16.491104,16.600693,16.746590,16.381371,16.436256,16.436256,16.582436,16.545914,16.928627,16.234848,16.326462,16.253181,16.454536,16.655434,16.837654,16.801247,16.582436,16.289825,16.564171,16.253181,16.764816,16.764816,16.600693,16.472824,16.655434,16.198189,16.472824,16.582436,16.399666,16.928627,16.746590,16.234848,16.417961,16.381371,16.564171,16.874062,16.728371,16.983162,17.291534,17.164696,17.001335,16.819458,16.655434,17.019493,16.728371,16.710136,16.892258,16.892258,17.055817,17.128418,16.874062,17.309639,16.892258,16.892258,17.400101,17.037659,17.382019,16.783035,16.910439,16.964989,16.928627,17.092117,17.363930,16.746590,16.983162,17.291534,17.327736,17.562698,16.874062,17.418190,17.544655,17.182823,17.508537,17.400101,17.309639,17.616829,17.382019,17.886955,17.833000,18.192039,18.317345,17.544655,17.958839,17.652901,17.363930,17.345833,17.904930,17.868965,17.904930,18.245766,17.724983,17.400101,17.886955,17.634865,17.833000,17.761002,17.904930,17.922905,17.940880,17.327736,17.634865,17.886955,17.562698,17.742996,17.652901,17.019493,17.634865,17.146553,17.164696,17.291534,16.946808,16.819458,16.728371,16.746590,16.673668,16.344765,16.014603,15.812218,15.646294,15.812218,15.517014,15.294960,14.756035,15.313492,14.550774,14.811943,14.606796,14.232613,15.239365,14.700096,14.867805,14.979439,14.886414,15.109489,14.923637,14.756035,14.569450,14.998024,14.644127,14.569450,14.401184,14.363747,14.905037,14.625465,14.438606,14.700096,14.849190,14.588127,14.662788,13.969765,14.513397,14.270103,14.345024,14.345024,14.382469,14.494698,14.494698,14.532082,14.382469,14.195114,14.270103,14.550774,14.007355,14.270103,14.401184,14.401184,14.363747,13.838051,13.743858,12.796600,
14.532082,15.369041,15.830643,15.294960,15.053780,15.239365,15.738518,15.461563,15.276436,15.443062,16.051353,15.664742,15.443062,15.517014,15.572441,15.922668,16.216530,15.424561,15.922668,15.738518,15.146614,15.904274,15.904274,15.756950,15.720085,15.424561,15.977844,15.922668,16.069710,15.443062,16.417961,16.271500,15.812218,16.253181,15.775375,16.253181,16.216530,16.032974,15.996223,16.454536,16.271500,16.399666,16.069710,16.326462,15.941071,16.216530,16.308144,15.885872,16.417961,15.609375,16.308144,16.106438,16.545914,16.124794,15.959457,16.344765,16.491104,16.326462,16.472824,16.289825,16.399666,16.600693,16.454536,16.472824,16.600693,16.326462,16.344765,16.381371,16.600693,16.363075,16.326462,16.399666,16.454536,16.691910,16.289825,16.381371,16.728371,16.764816,16.344765,16.454536,16.436256,16.399666,16.472824,16.527649,16.399666,15.996223,16.746590,16.600693,16.381371,16.545914,16.837654,16.032974,16.399666,16.161499,16.564171,16.855865,16.564171,16.289825,16.673668,16.582436,16.381371,16.545914,16.454536,16.582436,16.381371,16.106438,16.344765,16.069710,16.783035,16.491104,16.545914,16.308144,16.454536,16.363075,16.710136,16.399666,16.143143,16.509377,16.655434,16.161499,16.837654,16.618950,16.710136,16.783035,16.472824,16.582436,16.564171,16.783035,16.381371,16.728371,16.764816,16.344765,16.673668,16.819458,16.637184,16.326462,16.618950,16.655434,16.600693,16.728371,16.527649,16.216530,16.363075,16.491104,16.399666,16.527649,16.746590,16.381371,17.019493,16.728371,16.582436,16.454536,16.564171,16.819458,16.564171,16.527649,16.983162,16.545914,16.216530,16.983162,16.819458,16.764816,16.819458,16.691910,17.164696,16.728371,17.055817,17.327736,16.600693,17.055817,17.200951,16.855865,17.001335,17.219078,17.490471,17.019493,17.219078,16.764816,17.598785,17.019493,16.946808,17.037659,17.904930,17.055817,17.706970,17.309639,17.508537,17.598785,17.146553,17.544655,17.562698,17.688942,17.146553,17.110275,17.742996,17.706970,17.490471,17.454338,17.779015,18.030663,18.012718,17.742996,18.192039,17.994759,17.688942,17.742996,18.120361,17.833000,18.478165,18.353111,18.353111,18.442459,18.531708,18.709923,18.763306,18.120361,18.709923,18.869980,18.638680,18.585213,18.958771,18.370995,18.745514,18.388855,18.727722,18.869980,18.692123,18.496017,18.603035,19.011993,18.781090,18.531708,18.531708,18.692123,18.727722,18.834435,18.834435,18.585213,18.549545,18.567383,18.603035,18.976524,19.011993,18.620857,18.905502,19.118340,18.887749,18.798882,19.454201,19.153755,19.136055,18.781090,18.976524,19.454201,19.206863,19.082909,19.100624,19.029732,18.923264,19.047462,19.224541,19.312950,19.011993,19.259926,19.153755,19.118340,19.065178,19.330627,19.224541,19.330627,18.905502,19.047462,18.727722,18.976524,18.869980,18.727722,18.994255,18.798882,18.585213,18.852211,18.656494,18.745514,18.745514,18.603035,18.798882,18.585213,18.887749,18.674309,18.674309,18.816666,18.424599,18.887749,18.496017,18.460312,18.727722,18.460312,18.603035,18.531708,18.638680,17.976807,18.549545,18.388855,18.299454,18.174133,18.174133,17.958839,18.048607,18.048607,18.174133,17.940880,17.761002,17.779015,18.227867,17.616829,17.688942,17.436272,17.797005,17.526596,17.886955,17.706970,17.850990,17.345833,17.886955,17.454338,17.634865,17.742996,17.580750,17.850990,17.940880,17.400101,17.652901,17.182823,17.436272,17.219078,17.454338,17.128418,17.273430,17.128418,17.164696,16.983162,17.146553,16.691910,16.874062,17.055817,16.819458,16.637184,17.128418,17.001335,17.146553,16.673668,16.928627,17.055817,17.037659,17.110275,16.983162,16.892258,17.164696,17.055817,17.073982,16.855865,16.819458,17.182823,17.182823,17.092117,16.946808,16.964989,17.200951,17.110275,16.855865,16.801247,17.110275,16.746590,16.710136,16.655434,17.146553,16.564171,16.874062,16.673668,17.182823,16.855865,17.001335,16.746590,16.783035,17.128418,16.783035,16.837654,17.164696,17.200951,17.073982,17.182823,16.928627,16.783035,16.509377,16.637184,17.273430,16.874062,16.964989,16.874062,17.128418,17.019493,16.746590,17.128418,16.819458,16.600693,16.946808,17.055817,16.746590,16.819458,16.892258,16.691910,17.146553,17.363930,16.855865,17.001335,16.837654,17.001335,16.910439,16.819458,16.764816,17.073982,17.345833,16.600693,16.837654,17.073982,16.874062,16.928627,16.363075,16.819458,16.564171,17.237198,17.110275,17.327736,16.564171,16.819458,16.837654,16.764816,17.001335,16.783035,17.200951,16.910439,16.928627,17.273430,16.728371,17.219078,16.928627,17.037659,17.055817,17.164696,17.110275,16.892258,17.001335,16.783035,16.655434,16.801247,16.691910,16.910439,16.983162,16.637184,16.582436,17.128418,17.001335,16.819458,17.037659,16.545914,17.092117,16.946808,17.001335,16.874062,16.673668,17.128418,16.728371,16.837654,16.454536,16.764816,16.764816,16.564171,16.783035,16.764816,16.655434,16.655434,16.874062,16.564171,16.691910,16.253181,17.073982,16.454536,16.509377,16.454536,16.746590,16.363075,16.436256,16.600693,17.037659,16.399666,16.014603,16.637184,16.855865,16.363075,16.946808,16.764816,16.308144,16.783035,17.327736,16.764816,16.819458,16.691910,16.746590,16.764816,16.545914,16.819458,16.472824,16.837654,16.710136,17.037659,17.037659,16.928627,16.819458,17.544655,16.746590,16.946808,16.855865,17.001335,17.001335,17.073982,16.983162,16.801247,17.001335,17.037659,17.037659,16.819458,17.291534,16.964989,16.837654,16.783035,17.436272,17.001335,17.164696,17.146553,17.454338,17.779015,17.652901,17.327736,17.724983,17.255310,17.779015,17.724983,17.868965,17.490471,17.922905,17.958839,17.652901,17.670921,17.688942,17.779015,18.066551,17.779015,17.562698,18.156204,17.724983,18.299454,17.815002,17.761002,18.120361,17.634865,17.436272,17.309639,18.048607,17.345833,17.436272,17.940880,17.580750,17.345833,17.580750,17.526596,17.073982,17.345833,17.850990,17.255310,17.164696,17.182823,17.092117,16.436256,16.710136,16.710136,16.527649,16.198189,16.746590,15.977844,15.977844,15.535500,15.294960,14.867805,15.313492,14.718750,15.128059,14.513397,14.550774,14.849190,14.457298,15.202286,14.588127,15.053780,15.109489,15.294960,14.625465,14.513397,14.625465,14.737404,14.625465,14.867805,14.606796,14.382469,14.307571,14.363747,14.494698,14.681450,14.532082,14.382469,14.644127,14.476006,14.532082,14.811943,14.438606,14.700096,14.307571,14.960838,14.849190,14.326302,14.550774,14.457298,14.082504,14.120049,14.044937,14.251350,13.838051,14.382469,13.100769,14.419891,13.988556,12.910774,
14.998024,15.756950,15.424561,15.128059,15.406059,15.904274,15.904274,15.664742,15.498535,15.738518,15.646294,15.904274,15.517014,15.517014,16.051353,15.830643,15.793800,16.143143,15.443062,16.124794,15.720085,15.867470,16.381371,15.867470,16.014603,16.143143,16.564171,15.775375,15.775375,16.069710,15.701637,16.234848,16.051353,15.941071,16.106438,16.637184,16.564171,16.198189,15.627831,16.509377,16.289825,16.051353,15.959457,16.069710,16.801247,15.959457,16.326462,16.691910,16.655434,16.472824,16.491104,16.363075,16.363075,16.363075,16.179840,16.527649,16.363075,16.491104,16.417961,16.289825,16.436256,16.655434,16.728371,16.545914,16.417961,16.344765,16.527649,16.527649,16.655434,16.472824,17.055817,16.454536,16.472824,16.710136,16.928627,16.509377,16.655434,16.399666,16.527649,16.545914,16.655434,16.363075,16.691910,16.381371,16.527649,16.582436,16.618950,16.582436,16.545914,16.454536,17.037659,16.399666,16.764816,16.673668,16.363075,16.582436,16.983162,16.600693,16.600693,16.143143,16.308144,17.019493,16.673668,16.417961,16.946808,16.454536,16.673668,16.564171,16.928627,16.764816,16.637184,16.964989,16.946808,16.728371,16.673668,17.092117,16.436256,16.582436,16.964989,16.637184,17.037659,16.545914,16.892258,16.764816,16.946808,16.819458,17.164696,16.564171,16.198189,16.564171,16.691910,16.308144,16.801247,16.673668,17.001335,16.892258,17.182823,16.454536,16.928627,16.764816,16.289825,16.710136,16.637184,16.600693,16.801247,16.910439,16.545914,17.110275,16.326462,16.837654,16.783035,16.728371,16.964989,17.019493,16.728371,16.564171,16.691910,16.746590,16.564171,16.600693,16.855865,16.910439,17.092117,16.892258,17.508537,16.472824,16.892258,17.037659,16.964989,17.273430,17.128418,17.255310,17.345833,16.946808,16.855865,17.291534,16.928627,17.219078,17.182823,16.983162,17.472412,17.382019,17.562698,17.309639,17.200951,17.073982,17.580750,17.562698,17.562698,16.910439,17.237198,17.544655,17.291534,17.436272,17.634865,17.616829,17.363930,17.273430,17.688942,17.634865,17.706970,17.761002,17.922905,17.886955,18.120361,17.598785,17.797005,18.370995,18.048607,18.156204,18.030663,18.370995,18.460312,18.549545,18.442459,18.424599,17.922905,18.638680,18.834435,18.406731,18.674309,18.816666,18.798882,18.887749,18.281563,18.531708,19.047462,18.531708,18.798882,18.816666,18.852211,18.531708,18.478165,18.674309,18.745514,18.353111,18.781090,18.692123,18.549545,18.709923,18.656494,18.763306,18.531708,19.011993,18.923264,18.869980,18.798882,18.549545,19.277603,19.153755,18.976524,19.259926,19.153755,19.082909,18.905502,19.295280,19.507095,18.798882,19.029732,19.153755,19.047462,19.047462,19.206863,19.136055,18.976524,18.763306,19.171471,18.852211,19.029732,18.674309,18.531708,18.709923,19.065178,19.171471,18.923264,18.620857,18.549545,18.745514,18.958771,18.869980,18.585213,18.656494,18.852211,18.674309,18.905502,18.281563,18.656494,18.620857,18.227867,18.603035,18.227867,18.567383,18.513863,18.424599,18.816666,18.424599,18.353111,18.442459,18.120361,17.994759,18.656494,18.012718,18.138290,18.388855,17.994759,17.688942,18.317345,17.815002,18.030663,17.922905,17.797005,18.030663,17.454338,17.634865,17.958839,17.850990,17.779015,17.490471,17.400101,17.526596,17.616829,17.742996,17.490471,17.418190,17.128418,17.544655,17.940880,17.200951,17.779015,17.562698,17.706970,17.309639,17.616829,17.616829,17.255310,17.670921,17.219078,17.055817,17.146553,16.983162,17.309639,17.037659,16.928627,17.146553,16.783035,16.928627,17.273430,17.219078,17.110275,16.801247,17.182823,16.801247,16.837654,17.219078,17.237198,17.019493,16.964989,17.055817,17.019493,16.618950,16.618950,17.110275,17.092117,17.092117,16.855865,16.892258,17.128418,16.892258,17.164696,17.363930,17.418190,16.892258,16.837654,17.019493,16.764816,16.837654,17.019493,16.910439,16.783035,17.273430,16.928627,17.055817,17.001335,17.110275,17.092117,17.363930,16.600693,17.110275,17.055817,16.964989,16.964989,17.073982,17.164696,16.764816,17.182823,17.237198,17.255310,16.874062,16.801247,16.983162,17.073982,17.345833,16.710136,16.764816,17.472412,17.073982,16.874062,16.837654,17.055817,17.110275,16.728371,17.273430,16.910439,16.946808,17.200951,16.655434,17.128418,16.983162,16.837654,17.019493,17.164696,16.801247,16.946808,17.255310,16.874062,16.819458,17.182823,16.946808,16.783035,17.128418,17.219078,17.237198,16.783035,16.874062,16.764816,16.928627,17.291534,17.164696,16.618950,16.855865,17.182823,16.874062,17.472412,16.928627,16.801247,17.128418,16.600693,16.527649,16.910439,16.983162,16.855865,16.637184,16.673668,16.545914,17.146553,16.746590,16.946808,16.691910,16.783035,17.055817,16.472824,17.255310,16.964989,16.710136,16.509377,16.637184,16.964989,16.874062,16.910439,16.637184,16.964989,17.037659,16.564171,16.344765,16.454536,16.746590,17.110275,16.764816,16.637184,16.472824,17.001335,16.746590,16.874062,16.801247,16.710136,16.691910,16.801247,16.837654,16.399666,16.691910,16.764816,16.746590,16.746590,16.783035,16.454536,16.545914,16.545914,16.710136,16.472824,16.637184,16.874062,16.728371,16.399666,16.928627,16.691910,16.928627,16.673668,16.655434,16.600693,16.964989,17.562698,16.509377,16.855865,16.618950,17.110275,17.472412,17.634865,16.964989,17.219078,17.182823,17.037659,16.928627,17.037659,17.490471,16.910439,17.055817,17.200951,16.801247,16.746590,16.910439,16.928627,17.200951,16.892258,17.526596,17.418190,17.400101,17.634865,17.092117,17.309639,17.291534,17.345833,17.562698,17.382019,17.327736,17.634865,17.164696,17.976807,17.670921,17.490471,17.652901,17.652901,17.598785,18.048607,17.652901,17.652901,17.742996,17.273430,17.706970,18.030663,17.958839,17.850990,17.454338,17.868965,17.309639,17.994759,17.544655,17.833000,17.345833,17.436272,17.886955,17.688942,17.363930,17.815002,16.783035,17.580750,17.182823,17.255310,17.019493,16.983162,16.946808,16.801247,16.892258,16.946808,16.545914,16.308144,16.271500,16.069710,16.344765,15.443062,15.849052,15.202286,15.313492,15.202286,14.793312,14.476006,14.886414,14.681450,14.606796,14.662788,14.849190,14.942238,14.644127,15.257896,14.756035,14.326302,14.513397,15.072350,15.220818,14.476006,14.588127,14.960838,14.476006,15.072350,14.270103,14.830566,14.195114,14.569450,14.644127,14.700096,14.307571,14.363747,14.251350,14.345024,14.569450,14.345024,14.718750,15.165176,14.532082,14.625465,14.569450,14.625465,14.232613,14.532082,14.120049,14.026146,14.120049,13.894524,13.969765,13.969765,13.781540,
15.016617,15.424561,15.183723,15.885872,15.996223,15.885872,15.849052,16.032974,15.387550,15.885872,15.480049,15.480049,15.922668,16.124794,16.088081,16.618950,15.553970,15.977844,16.032974,16.491104,15.885872,15.812218,16.069710,16.143143,16.198189,16.088081,15.756950,16.253181,16.106438,15.683197,16.381371,16.363075,16.032974,15.996223,16.289825,15.683197,16.381371,15.849052,16.289825,16.545914,16.234848,16.253181,16.179840,16.783035,16.472824,16.454536,16.271500,16.417961,16.673668,15.738518,16.600693,16.253181,16.946808,16.381371,16.472824,16.124794,16.691910,16.308144,16.271500,16.472824,16.764816,16.855865,16.509377,16.527649,16.728371,17.382019,16.381371,16.855865,16.326462,16.564171,16.764816,16.673668,16.637184,16.491104,16.819458,17.055817,16.964989,16.545914,16.618950,16.472824,16.691910,16.600693,16.691910,17.055817,17.019493,16.764816,16.564171,16.819458,16.783035,16.837654,16.618950,16.363075,16.892258,16.655434,16.527649,16.600693,17.001335,16.691910,16.837654,16.710136,16.728371,16.637184,17.037659,16.509377,16.764816,16.946808,16.728371,16.946808,16.764816,16.564171,16.436256,16.964989,16.764816,16.600693,17.073982,16.545914,16.892258,16.819458,16.983162,16.673668,17.055817,16.545914,16.618950,16.946808,16.783035,16.837654,17.019493,16.600693,16.837654,16.710136,16.600693,16.728371,16.728371,17.164696,16.801247,16.728371,16.491104,17.019493,17.037659,17.055817,16.801247,16.673668,16.691910,16.491104,17.182823,16.326462,17.037659,17.055817,17.019493,16.600693,16.618950,16.710136,17.146553,16.691910,16.783035,16.983162,16.801247,16.618950,16.691910,17.128418,16.964989,17.273430,16.964989,16.582436,16.545914,17.345833,17.309639,17.092117,17.037659,16.764816,17.598785,17.001335,17.544655,17.019493,17.345833,16.527649,16.491104,16.655434,16.946808,17.634865,17.490471,17.634865,17.779015,17.454338,17.580750,16.892258,17.761002,17.073982,17.526596,17.110275,17.327736,17.363930,17.092117,17.436272,17.472412,17.400101,17.526596,17.562698,17.598785,17.652901,17.797005,17.724983,18.174133,17.688942,17.508537,18.066551,17.958839,18.102425,18.048607,17.815002,18.442459,17.958839,18.370995,18.353111,18.620857,18.102425,18.674309,18.424599,18.603035,18.923264,18.745514,18.424599,18.781090,18.745514,18.816666,18.603035,18.816666,18.781090,18.478165,18.585213,18.781090,18.763306,18.692123,18.424599,18.816666,18.656494,18.727722,18.869980,18.638680,18.656494,19.100624,18.905502,19.136055,19.047462,18.869980,18.745514,18.727722,19.259926,19.136055,19.542351,18.994255,19.242241,19.348289,18.745514,19.206863,19.047462,19.224541,19.365944,19.029732,19.542351,19.065178,18.834435,19.171471,19.047462,19.348289,18.923264,19.100624,18.834435,19.100624,18.923264,18.976524,19.065178,19.312950,18.923264,18.958771,18.656494,19.029732,18.834435,18.816666,18.781090,18.941017,18.852211,18.834435,18.513863,18.923264,18.745514,18.585213,18.958771,18.798882,18.263664,18.388855,18.674309,18.941017,18.603035,18.353111,18.317345,18.549545,18.281563,18.567383,18.209953,18.102425,18.406731,17.922905,18.048607,18.370995,18.012718,17.976807,17.833000,17.742996,17.886955,17.976807,17.850990,18.084496,18.048607,17.454338,17.994759,17.526596,17.418190,17.291534,17.580750,17.797005,17.164696,17.291534,17.110275,17.634865,17.454338,17.526596,17.761002,17.562698,17.544655,17.562698,17.273430,17.255310,17.616829,17.526596,17.436272,17.688942,16.892258,17.182823,17.055817,17.128418,17.055817,16.964989,17.454338,17.291534,16.728371,17.363930,16.964989,17.400101,16.764816,17.273430,17.164696,16.946808,17.309639,17.255310,17.055817,17.037659,17.037659,17.291534,17.309639,17.055817,17.092117,17.182823,16.983162,17.146553,17.037659,17.164696,17.037659,16.910439,16.983162,17.562698,16.892258,16.764816,17.237198,16.946808,16.363075,17.092117,16.655434,17.055817,16.855865,16.874062,17.055817,16.710136,16.855865,16.892258,16.892258,17.237198,16.946808,17.291534,16.983162,17.092117,17.237198,16.983162,16.509377,17.001335,16.910439,17.400101,16.983162,16.637184,17.309639,16.892258,17.019493,17.110275,17.037659,17.110275,16.928627,17.001335,17.092117,17.110275,16.655434,16.964989,16.691910,17.454338,16.673668,16.892258,16.819458,17.182823,17.273430,17.037659,17.001335,16.545914,16.983162,16.983162,17.128418,16.637184,16.910439,16.874062,17.273430,17.092117,16.710136,17.019493,16.983162,16.837654,17.200951,17.418190,16.564171,17.273430,17.164696,16.892258,17.255310,16.728371,17.182823,16.728371,16.983162,17.309639,16.928627,16.710136,17.092117,17.237198,16.983162,17.001335,16.946808,17.055817,16.801247,17.128418,16.564171,17.110275,16.837654,16.928627,16.983162,16.819458,16.600693,17.128418,16.289825,16.928627,17.110275,16.673668,16.819458,16.837654,16.746590,16.746590,17.037659,16.582436,16.600693,17.128418,16.655434,16.545914,16.710136,16.673668,16.728371,16.728371,16.363075,16.928627,16.837654,16.837654,16.746590,16.436256,16.582436,16.746590,16.655434,16.892258,16.655434,16.928627,16.783035,16.564171,16.491104,16.691910,16.783035,16.801247,16.618950,16.874062,16.198189,16.673668,16.436256,16.655434,17.037659,16.472824,17.019493,16.764816,16.728371,16.764816,16.874062,16.728371,16.928627,16.637184,16.600693,16.983162,16.855865,17.219078,17.400101,16.874062,17.073982,17.092117,17.073982,16.673668,16.582436,17.128418,16.491104,17.073982,17.309639,17.273430,17.454338,16.764816,17.255310,17.598785,17.345833,17.598785,17.508537,17.219078,17.742996,17.110275,17.562698,17.598785,17.580750,17.273430,17.454338,17.508537,17.958839,17.706970,17.904930,17.616829,17.526596,17.454338,17.922905,17.940880,17.994759,18.030663,17.922905,17.922905,17.850990,18.066551,17.958839,17.868965,17.815002,17.724983,17.706970,17.616829,17.742996,17.580750,17.922905,17.508537,17.652901,17.436272,17.110275,17.110275,17.472412,17.616829,17.255310,17.400101,17.037659,17.073982,17.001335,17.200951,16.673668,16.491104,16.874062,16.143143,16.143143,15.609375,15.220818,15.406059,15.035194,14.793312,14.550774,14.960838,14.569450,14.513397,15.016617,14.625465,14.494698,14.998024,14.849190,15.313492,14.849190,14.513397,14.793312,15.220818,14.867805,14.830566,14.811943,15.090919,14.288834,14.756035,14.345024,14.494698,14.157593,14.532082,14.756035,14.270103,14.718750,14.476006,14.345024,13.950951,14.270103,14.606796,14.195114,14.625465,14.532082,13.762703,14.007355,14.532082,14.270103,13.894524,14.363747,13.913338,14.419891,13.969765,13.630692,13.706154,12.548721,
14.830566,16.088081,15.276436,15.922668,15.812218,15.830643,16.124794,16.032974,16.253181,15.294960,16.289825,15.756950,15.332008,15.498535,15.849052,15.701637,16.472824,15.996223,16.069710,16.326462,16.124794,16.069710,16.344765,16.179840,16.326462,16.069710,16.143143,16.289825,16.746590,15.720085,16.417961,16.344765,16.198189,16.545914,16.106438,16.564171,16.472824,15.590912,16.363075,16.728371,16.509377,16.363075,16.855865,16.673668,16.491104,16.234848,16.691910,16.637184,16.216530,16.564171,16.253181,16.399666,16.253181,16.417961,16.234848,16.874062,16.344765,16.946808,16.637184,16.837654,16.655434,16.691910,16.655434,16.545914,16.600693,16.582436,16.946808,16.673668,16.491104,17.128418,16.637184,16.436256,17.073982,16.673668,16.600693,16.983162,16.764816,16.399666,16.764816,16.783035,17.200951,16.436256,16.399666,16.964989,16.710136,16.764816,16.728371,16.491104,16.892258,16.618950,16.837654,16.673668,16.946808,16.618950,16.417961,16.728371,17.164696,16.728371,16.527649,16.746590,17.128418,16.710136,16.673668,16.564171,16.892258,16.819458,17.327736,16.746590,17.037659,16.491104,16.618950,16.673668,16.344765,16.819458,16.837654,16.527649,16.964989,16.600693,16.472824,17.001335,16.454536,16.655434,16.983162,16.545914,16.363075,16.874062,16.983162,17.037659,16.892258,16.691910,16.637184,16.964989,16.582436,17.055817,17.400101,17.092117,16.783035,16.910439,17.019493,16.874062,16.746590,16.618950,16.399666,16.928627,16.491104,16.746590,16.564171,16.801247,17.255310,16.892258,16.673668,17.273430,16.946808,16.946808,16.600693,16.819458,17.037659,16.946808,17.037659,17.019493,17.019493,16.946808,16.928627,16.746590,16.892258,16.545914,17.309639,17.146553,17.146553,16.928627,17.164696,17.237198,17.092117,16.910439,17.598785,17.345833,17.526596,17.382019,17.110275,17.073982,17.146553,17.037659,17.382019,17.815002,17.490471,17.382019,17.237198,17.146553,17.363930,17.309639,17.327736,17.200951,17.850990,17.382019,17.382019,17.526596,17.472412,17.363930,17.436272,17.742996,17.742996,17.904930,17.273430,17.508537,17.706970,18.084496,18.048607,18.120361,17.886955,17.976807,18.209953,18.263664,18.692123,18.245766,18.531708,18.335236,18.656494,18.102425,18.263664,18.460312,18.727722,18.905502,18.869980,18.905502,18.887749,18.923264,18.994255,18.852211,18.620857,18.781090,18.620857,18.674309,18.941017,18.727722,18.674309,18.834435,18.816666,18.941017,18.656494,18.763306,19.029732,18.905502,18.958771,18.781090,18.958771,18.798882,19.295280,19.242241,19.206863,19.330627,19.524719,18.941017,19.100624,19.136055,19.436554,19.559967,18.994255,19.312950,19.401253,19.242241,18.798882,19.065178,19.365944,19.277603,18.923264,19.224541,19.118340,18.923264,19.136055,19.047462,19.259926,18.976524,18.923264,18.994255,19.277603,18.816666,18.603035,18.656494,19.011993,18.638680,18.709923,18.317345,18.603035,18.887749,18.869980,18.620857,18.585213,18.603035,18.299454,18.674309,18.656494,18.263664,18.478165,18.567383,18.460312,18.263664,18.192039,18.709923,18.192039,18.299454,18.245766,18.192039,18.245766,18.012718,18.353111,18.442459,18.066551,17.815002,17.508537,17.779015,17.940880,17.940880,17.742996,17.761002,17.580750,17.400101,17.616829,17.544655,17.164696,17.200951,17.219078,17.454338,17.182823,17.670921,17.164696,17.273430,17.255310,17.400101,17.291534,17.146553,17.128418,17.164696,17.454338,17.544655,17.110275,17.345833,16.728371,16.892258,17.345833,16.928627,17.237198,17.037659,17.146553,17.128418,17.273430,17.544655,17.219078,16.691910,17.219078,16.801247,17.092117,17.327736,17.001335,17.037659,17.055817,17.382019,17.309639,17.454338,16.983162,16.819458,17.055817,17.128418,17.073982,17.037659,17.200951,17.309639,17.128418,17.291534,17.019493,17.200951,17.327736,16.983162,17.345833,16.946808,16.819458,16.728371,16.764816,17.237198,16.728371,17.182823,17.037659,16.801247,17.182823,17.001335,16.946808,16.874062,17.182823,16.892258,17.146553,17.073982,16.783035,16.673668,17.327736,17.200951,16.983162,16.746590,17.092117,17.508537,16.910439,16.710136,17.073982,17.128418,16.910439,17.055817,16.673668,16.801247,17.001335,16.910439,16.728371,16.910439,16.946808,16.964989,17.037659,17.146553,17.345833,17.182823,17.073982,17.345833,17.092117,16.946808,17.327736,16.892258,16.910439,16.691910,17.019493,17.200951,16.801247,17.037659,16.910439,17.164696,16.801247,16.691910,17.019493,16.892258,17.055817,16.910439,16.673668,17.110275,17.037659,17.001335,16.837654,16.892258,17.219078,16.746590,17.055817,16.801247,17.146553,16.837654,16.618950,16.399666,17.182823,16.928627,17.200951,16.855865,17.110275,16.964989,16.746590,16.946808,16.983162,16.892258,16.946808,16.946808,16.983162,16.545914,16.983162,16.600693,16.910439,16.819458,16.819458,16.801247,16.618950,16.837654,16.545914,16.783035,16.655434,16.491104,17.019493,16.728371,16.691910,16.801247,16.582436,16.655434,16.746590,16.344765,16.545914,16.564171,16.874062,16.381371,16.436256,16.399666,16.819458,17.001335,17.037659,16.289825,16.819458,16.946808,16.710136,16.746590,16.673668,16.764816,16.837654,16.618950,16.564171,17.055817,16.472824,16.618950,17.092117,16.618950,16.637184,17.001335,16.564171,16.673668,17.345833,16.417961,17.055817,16.892258,16.928627,16.746590,17.200951,16.928627,17.182823,16.946808,17.037659,16.454536,16.527649,17.237198,17.146553,16.928627,17.128418,16.910439,17.400101,17.182823,17.273430,18.030663,17.164696,17.146553,17.182823,17.400101,17.616829,17.273430,17.110275,17.742996,17.688942,17.670921,17.634865,17.652901,17.833000,17.634865,17.850990,17.652901,17.940880,17.761002,18.174133,17.472412,17.815002,18.406731,17.490471,17.598785,18.174133,17.976807,17.976807,17.994759,17.688942,18.012718,18.227867,18.012718,18.192039,17.904930,17.454338,17.833000,17.779015,16.946808,17.418190,17.291534,17.273430,17.219078,17.363930,17.001335,16.874062,17.255310,17.454338,17.001335,17.019493,16.545914,16.801247,15.812218,15.885872,15.867470,15.627831,15.461563,15.996223,14.998024,14.625465,14.979439,14.979439,14.345024,14.288834,14.849190,15.072350,14.476006,14.979439,15.183723,14.494698,15.183723,15.202286,15.053780,14.532082,14.662788,14.756035,14.737404,14.756035,14.905037,15.016617,14.886414,14.756035,14.213860,14.588127,14.438606,14.513397,14.382469,14.886414,14.438606,14.082504,14.644127,14.213860,14.700096,14.082504,14.532082,14.176346,13.762703,14.345024,14.476006,14.251350,14.513397,13.706154,14.270103,13.762703,14.101280,13.856880,13.460693,
15.498535,15.387550,15.553970,15.627831,15.830643,16.106438,15.867470,16.069710,15.720085,16.032974,16.308144,15.922668,16.014603,15.830643,16.124794,15.977844,15.830643,15.941071,16.344765,16.106438,16.289825,16.106438,15.904274,15.627831,16.344765,16.216530,16.143143,15.922668,16.106438,16.106438,15.885872,16.691910,16.124794,16.326462,16.124794,16.454536,16.564171,16.124794,16.253181,16.491104,16.582436,16.216530,16.198189,16.344765,16.527649,16.344765,16.600693,16.198189,16.344765,16.655434,16.527649,16.271500,16.673668,16.855865,16.545914,16.892258,15.793800,16.399666,16.527649,17.073982,16.710136,16.491104,16.928627,16.289825,16.855865,16.545914,16.964989,16.764816,16.983162,16.655434,17.073982,16.783035,16.764816,16.527649,16.582436,17.019493,16.399666,16.910439,16.837654,17.019493,16.964989,16.655434,16.946808,16.783035,17.182823,16.728371,17.073982,16.764816,16.582436,17.001335,16.655434,16.764816,17.037659,16.710136,16.454536,16.527649,16.855865,16.910439,16.746590,16.819458,16.344765,16.946808,16.837654,16.801247,16.381371,17.255310,16.819458,16.673668,16.819458,16.892258,17.255310,16.983162,17.164696,16.618950,17.073982,16.946808,17.110275,16.964989,16.874062,16.216530,17.092117,16.545914,16.527649,16.946808,16.746590,17.037659,16.946808,16.764816,16.946808,16.964989,16.946808,16.764816,16.819458,16.964989,17.055817,16.892258,16.874062,17.055817,16.710136,17.037659,16.983162,16.855865,16.728371,17.164696,16.837654,16.618950,17.164696,17.073982,16.728371,16.417961,17.128418,16.728371,16.892258,16.691910,16.746590,17.327736,16.691910,16.964989,17.001335,16.837654,16.946808,17.110275,17.309639,16.783035,16.983162,16.983162,17.182823,17.182823,17.436272,17.037659,17.128418,16.910439,16.910439,17.580750,17.291534,16.928627,17.490471,17.363930,17.436272,17.418190,16.928627,17.273430,17.580750,17.688942,17.580750,17.309639,17.400101,17.110275,17.508537,17.363930,17.219078,17.200951,17.454338,17.472412,17.128418,17.055817,17.724983,17.164696,17.472412,17.580750,17.815002,17.616829,17.886955,17.436272,17.779015,17.850990,17.958839,18.120361,17.616829,17.994759,18.424599,17.976807,18.460312,18.227867,18.478165,18.496017,18.709923,18.478165,18.941017,18.406731,18.335236,18.513863,18.460312,18.638680,19.011993,18.905502,18.798882,18.852211,19.011993,18.887749,18.709923,18.406731,19.047462,18.281563,19.206863,18.816666,18.549545,18.460312,18.923264,18.656494,18.941017,18.798882,19.136055,18.852211,19.153755,19.100624,18.887749,19.612793,19.312950,19.153755,19.277603,19.153755,19.206863,19.312950,19.259926,19.401253,19.595184,19.312950,19.171471,19.312950,19.118340,18.958771,19.242241,19.171471,18.549545,19.206863,19.330627,19.242241,18.869980,19.082909,19.171471,19.277603,18.958771,18.781090,18.923264,18.781090,18.994255,18.638680,18.852211,18.941017,18.638680,18.496017,18.887749,18.406731,18.887749,18.424599,18.638680,18.674309,18.745514,18.370995,18.174133,18.281563,18.406731,18.531708,18.656494,18.424599,18.424599,18.317345,18.406731,18.245766,18.138290,18.227867,18.549545,18.317345,17.958839,17.994759,18.227867,18.030663,17.688942,18.030663,17.833000,17.850990,18.156204,17.779015,17.850990,17.616829,17.761002,17.309639,17.598785,17.526596,17.345833,17.382019,17.472412,17.146553,17.345833,17.436272,17.436272,17.164696,17.490471,17.255310,17.400101,17.363930,17.345833,17.182823,17.382019,16.910439,17.273430,17.418190,17.580750,17.164696,16.855865,17.454338,17.055817,17.182823,17.580750,17.454338,17.309639,16.946808,17.327736,17.219078,17.110275,17.219078,16.728371,17.237198,17.055817,16.928627,16.691910,16.764816,17.345833,17.092117,17.073982,17.237198,16.910439,17.037659,17.508537,16.874062,17.055817,17.219078,17.146553,16.964989,17.037659,16.874062,16.983162,17.001335,16.983162,16.837654,17.128418,16.618950,17.055817,17.128418,17.128418,16.691910,17.200951,16.928627,16.964989,16.910439,17.219078,16.874062,16.964989,17.128418,16.436256,17.073982,17.237198,16.637184,17.255310,16.746590,17.200951,16.983162,16.892258,17.110275,17.128418,17.110275,17.200951,16.946808,16.874062,17.164696,16.673668,16.545914,16.837654,17.146553,17.146553,17.219078,17.055817,16.819458,17.327736,17.164696,16.946808,17.146553,17.182823,17.182823,17.019493,17.237198,16.983162,16.983162,17.001335,16.874062,17.092117,16.600693,16.946808,17.055817,16.910439,16.710136,16.983162,17.273430,16.837654,17.237198,17.255310,17.490471,17.146553,16.710136,16.673668,16.746590,16.855865,16.564171,16.855865,16.837654,16.983162,16.910439,17.146553,16.746590,16.964989,17.164696,16.564171,17.037659,16.910439,16.837654,17.164696,16.874062,17.037659,16.655434,16.874062,16.600693,16.910439,16.837654,16.527649,16.491104,16.964989,17.128418,16.964989,16.399666,17.073982,16.946808,16.399666,16.783035,16.819458,16.655434,16.874062,16.509377,16.691910,17.001335,17.092117,16.618950,16.783035,16.326462,16.855865,16.928627,16.746590,16.783035,16.728371,16.728371,16.051353,16.618950,16.564171,16.618950,16.855865,16.655434,16.801247,16.363075,16.326462,17.092117,16.819458,16.801247,16.946808,16.417961,16.855865,16.527649,16.545914,16.454536,17.001335,16.472824,16.819458,16.910439,16.783035,17.110275,17.128418,17.001335,17.092117,16.728371,16.746590,17.273430,17.382019,17.309639,16.910439,17.182823,17.400101,16.618950,16.983162,16.637184,16.527649,17.055817,17.164696,17.472412,17.164696,17.073982,17.327736,16.964989,17.291534,16.855865,17.309639,17.688942,17.454338,17.562698,17.779015,17.037659,17.327736,17.544655,17.598785,17.976807,17.742996,17.634865,17.922905,18.048607,17.868965,17.616829,17.472412,17.850990,17.436272,17.580750,18.192039,17.652901,17.761002,18.209953,18.030663,17.850990,17.562698,17.670921,17.670921,17.724983,17.454338,17.958839,17.779015,17.436272,17.616829,17.526596,17.200951,17.237198,17.255310,17.526596,17.327736,17.237198,17.237198,16.892258,16.783035,17.110275,16.710136,16.746590,15.664742,15.922668,16.216530,15.535500,15.775375,15.053780,15.220818,14.251350,14.662788,14.457298,14.550774,14.960838,14.960838,14.886414,14.793312,14.513397,15.053780,15.387550,15.183723,14.737404,14.718750,14.905037,15.257896,14.345024,14.960838,14.774681,14.457298,14.905037,15.016617,14.401184,15.053780,14.345024,14.345024,14.494698,14.886414,14.345024,14.998024,14.307571,14.176346,14.700096,14.532082,14.288834,14.457298,14.270103,14.007355,14.625465,13.460693,14.494698,14.438606,13.781540,13.950951,14.101280,13.932144,12.891754,
15.220818,15.701637,16.143143,15.664742,16.014603,15.738518,15.775375,16.106438,15.922668,15.849052,16.032974,15.904274,15.517014,16.326462,16.363075,15.313492,15.885872,16.088081,16.032974,15.941071,15.793800,15.904274,16.326462,16.198189,16.014603,15.977844,16.179840,15.867470,16.308144,15.941071,16.234848,16.381371,16.253181,16.124794,16.491104,16.124794,16.710136,16.618950,16.527649,16.326462,16.637184,16.801247,16.436256,16.600693,16.436256,16.527649,16.874062,16.344765,16.855865,16.179840,16.417961,16.417961,16.436256,16.691910,16.509377,16.545914,16.637184,15.941071,16.564171,16.545914,16.582436,16.454536,16.637184,16.289825,16.509377,16.472824,16.710136,16.673668,16.363075,16.910439,16.509377,16.874062,16.801247,16.417961,16.381371,16.308144,16.783035,16.564171,16.691910,16.764816,16.728371,16.326462,17.255310,16.618950,16.308144,17.146553,16.783035,16.983162,16.746590,16.691910,16.910439,16.491104,16.637184,16.946808,16.801247,16.801247,17.544655,16.582436,16.892258,16.837654,17.001335,16.910439,16.637184,17.073982,17.073982,16.637184,16.655434,17.092117,17.037659,16.691910,16.691910,17.001335,17.237198,16.746590,16.637184,16.436256,17.182823,16.527649,16.801247,16.399666,16.691910,16.874062,17.219078,16.983162,16.161499,16.855865,17.073982,16.964989,16.983162,16.710136,16.964989,16.582436,16.673668,17.037659,17.019493,16.983162,16.764816,16.837654,17.146553,16.964989,16.928627,17.019493,17.363930,16.946808,17.019493,16.600693,16.746590,17.273430,16.618950,16.946808,17.146553,16.783035,16.910439,16.964989,16.855865,17.001335,17.237198,16.637184,16.892258,16.964989,17.146553,17.237198,17.146553,17.273430,16.855865,17.037659,17.418190,16.710136,17.110275,16.928627,17.237198,17.092117,16.946808,17.436272,17.382019,16.964989,17.237198,16.983162,17.363930,16.892258,17.073982,17.019493,17.544655,17.019493,17.182823,17.110275,17.110275,17.327736,17.327736,17.544655,16.946808,17.309639,17.164696,17.472412,17.436272,17.616829,17.815002,16.964989,17.688942,17.616829,17.833000,17.382019,17.580750,17.833000,17.544655,18.263664,17.976807,17.994759,18.102425,18.084496,18.281563,18.138290,18.656494,18.424599,18.763306,18.138290,18.281563,18.567383,18.567383,18.745514,19.065178,18.834435,18.638680,18.923264,18.424599,18.941017,18.887749,18.763306,18.798882,18.353111,18.567383,18.798882,18.727722,18.549545,18.567383,18.941017,18.781090,18.585213,18.958771,18.852211,18.834435,19.189156,18.834435,19.118340,18.781090,18.869980,19.189156,19.595184,18.976524,19.277603,19.118340,18.976524,19.011993,19.065178,19.665596,19.436554,19.118340,19.242241,19.277603,19.524719,19.189156,19.383614,18.887749,18.994255,19.242241,19.206863,19.312950,18.905502,19.312950,18.941017,19.153755,19.082909,19.348289,18.976524,19.011993,19.082909,18.478165,18.531708,19.047462,18.353111,19.100624,18.816666,18.781090,18.887749,18.709923,18.567383,18.941017,18.245766,18.567383,18.460312,18.424599,18.388855,18.245766,18.620857,18.353111,18.603035,18.869980,18.299454,18.567383,18.227867,18.299454,18.531708,18.442459,17.940880,18.174133,18.227867,17.922905,18.012718,18.388855,17.868965,18.138290,17.868965,17.382019,17.490471,17.797005,17.688942,17.490471,17.418190,17.418190,17.110275,17.382019,17.544655,17.182823,17.580750,17.273430,17.273430,17.019493,17.327736,17.544655,17.255310,17.255310,16.964989,17.164696,17.508537,17.273430,17.092117,17.327736,17.273430,17.001335,16.910439,17.110275,17.255310,17.490471,17.128418,17.055817,17.200951,17.001335,17.019493,16.910439,17.219078,17.146553,17.273430,17.019493,17.490471,17.219078,17.019493,16.819458,16.964989,17.182823,17.019493,17.200951,17.037659,16.964989,17.164696,16.928627,16.783035,17.146553,16.837654,17.219078,16.728371,16.874062,17.309639,16.874062,17.001335,17.001335,16.837654,17.237198,17.092117,16.928627,17.128418,16.946808,16.874062,17.092117,16.837654,17.019493,17.001335,16.946808,16.801247,17.146553,17.110275,17.073982,17.037659,17.037659,17.291534,16.855865,16.983162,16.746590,16.637184,17.598785,17.200951,16.855865,16.983162,16.946808,16.673668,16.582436,16.910439,16.344765,16.910439,16.910439,17.273430,16.910439,16.564171,16.837654,16.874062,16.983162,17.019493,17.001335,17.146553,17.182823,17.382019,17.037659,16.892258,17.110275,16.983162,16.874062,16.764816,17.255310,16.928627,16.783035,17.037659,17.255310,17.110275,16.783035,17.400101,17.019493,16.874062,16.655434,17.291534,16.637184,17.146553,16.855865,16.983162,16.783035,17.037659,17.019493,17.037659,16.855865,16.983162,17.092117,17.128418,16.600693,16.855865,17.128418,17.164696,16.910439,16.655434,16.637184,16.618950,17.128418,16.855865,17.055817,16.819458,16.637184,16.545914,17.001335,16.509377,17.073982,16.964989,16.837654,16.527649,16.710136,16.673668,16.946808,16.710136,17.092117,16.399666,16.655434,17.255310,16.946808,16.491104,16.783035,16.983162,16.855865,17.092117,17.019493,16.783035,16.837654,16.417961,16.746590,16.564171,16.618950,16.582436,16.600693,16.564171,16.545914,16.673668,17.164696,16.983162,16.637184,16.509377,16.673668,16.892258,16.491104,16.673668,16.855865,16.910439,16.436256,16.837654,16.564171,16.545914,17.164696,16.691910,16.837654,16.928627,16.946808,16.855865,17.273430,17.454338,16.892258,17.237198,17.400101,16.764816,17.110275,17.544655,16.837654,17.219078,17.182823,16.874062,17.001335,16.983162,17.327736,17.182823,16.655434,17.110275,17.237198,17.309639,17.019493,17.055817,17.544655,17.092117,17.526596,17.400101,17.833000,17.508537,17.454338,17.526596,18.084496,17.724983,17.976807,17.976807,17.706970,17.580750,18.084496,18.102425,17.670921,17.994759,17.688942,17.976807,17.904930,17.273430,18.030663,17.652901,17.904930,17.904930,17.562698,17.742996,17.345833,17.976807,17.761002,17.454338,17.418190,17.526596,17.273430,17.580750,17.418190,17.580750,17.019493,17.363930,16.764816,17.237198,17.001335,16.618950,16.964989,16.582436,16.491104,16.344765,15.849052,15.941071,15.922668,15.350533,14.960838,14.998024,14.811943,14.867805,14.867805,14.569450,15.257896,15.035194,14.457298,15.276436,15.202286,14.457298,14.960838,14.644127,14.569450,14.979439,14.176346,15.109489,14.756035,14.588127,14.811943,14.419891,14.063721,14.756035,14.886414,13.592949,14.550774,14.606796,14.138817,14.960838,14.363747,14.138817,13.932144,14.606796,14.942238,14.326302,14.569450,14.867805,14.213860,14.606796,14.270103,14.588127,14.307571,13.762703,14.513397,14.176346,13.762703,14.625465,13.517403,12.948814,
14.905037,15.220818,15.701637,16.014603,15.646294,15.756950,15.480049,15.720085,15.756950,15.406059,15.959457,15.941071,15.996223,15.830643,16.088081,15.406059,15.756950,15.830643,16.855865,15.720085,16.051353,15.535500,17.110275,15.720085,16.253181,16.088081,15.977844,16.198189,15.701637,15.977844,16.014603,16.106438,15.904274,16.124794,16.032974,16.801247,16.234848,16.417961,15.885872,16.308144,16.655434,16.344765,16.637184,16.253181,16.161499,16.491104,16.124794,16.417961,16.308144,16.618950,16.564171,16.491104,16.600693,16.710136,16.564171,16.600693,16.783035,16.417961,16.582436,16.946808,16.234848,16.764816,16.417961,16.527649,16.655434,16.545914,16.964989,16.983162,16.892258,16.728371,16.491104,16.710136,16.728371,17.110275,16.417961,16.472824,16.855865,16.983162,17.092117,16.582436,17.092117,16.783035,16.837654,16.527649,16.855865,16.946808,16.874062,16.892258,16.618950,16.344765,16.637184,16.673668,16.655434,17.019493,16.728371,16.855865,17.019493,16.600693,16.545914,16.399666,16.746590,17.001335,16.855865,16.946808,16.764816,16.983162,17.128418,16.892258,16.874062,17.273430,16.491104,16.381371,16.527649,17.037659,17.092117,17.019493,16.326462,17.182823,16.472824,16.454536,16.417961,17.164696,16.819458,16.710136,16.892258,16.710136,16.801247,16.399666,16.746590,17.019493,16.764816,16.710136,16.892258,16.837654,17.110275,16.910439,16.946808,16.910439,17.164696,16.783035,17.146553,17.092117,17.092117,16.837654,17.309639,17.019493,16.874062,16.728371,17.237198,17.327736,16.819458,16.691910,16.783035,16.472824,16.691910,16.618950,17.200951,17.073982,17.400101,16.874062,16.472824,16.673668,16.964989,16.874062,17.037659,17.327736,17.037659,17.634865,17.761002,17.345833,17.327736,17.146553,17.055817,17.418190,17.055817,17.237198,17.164696,17.128418,17.037659,17.055817,17.291534,17.200951,17.363930,17.164696,16.946808,17.327736,17.382019,17.490471,17.598785,17.291534,16.764816,17.273430,17.688942,17.146553,17.652901,17.273430,17.616829,17.055817,17.436272,17.544655,17.526596,17.526596,17.544655,17.670921,17.958839,17.976807,17.850990,17.922905,18.084496,18.496017,18.102425,18.227867,18.745514,18.120361,18.656494,18.174133,18.513863,18.442459,18.656494,18.834435,18.816666,18.496017,18.263664,18.781090,18.834435,18.388855,18.656494,18.620857,18.781090,18.585213,18.674309,18.638680,18.585213,18.353111,19.082909,18.852211,18.709923,18.887749,18.656494,18.958771,18.852211,19.029732,19.011993,18.745514,18.994255,18.905502,19.136055,19.401253,19.136055,19.206863,19.612793,19.330627,19.858894,19.753517,19.029732,19.471832,19.507095,19.559967,19.401253,19.471832,19.348289,19.082909,19.365944,19.047462,18.976524,19.277603,19.312950,19.206863,19.136055,19.242241,19.100624,19.118340,19.224541,18.852211,18.941017,18.834435,19.029732,19.136055,19.153755,18.958771,18.745514,18.567383,18.585213,18.852211,18.834435,18.745514,18.442459,18.513863,18.370995,18.209953,18.709923,18.513863,18.958771,18.603035,18.406731,18.406731,18.531708,18.192039,18.567383,18.353111,18.192039,18.012718,17.958839,17.922905,18.245766,17.850990,17.850990,18.317345,18.424599,17.850990,17.779015,17.526596,17.904930,17.742996,17.436272,17.309639,17.291534,17.382019,17.219078,17.291534,17.490471,17.237198,17.128418,17.200951,17.562698,17.146553,17.454338,17.255310,17.508537,17.508537,17.454338,17.146553,17.237198,17.200951,17.164696,17.436272,17.073982,17.255310,17.128418,17.255310,16.946808,16.746590,16.946808,17.219078,17.382019,16.691910,17.182823,16.746590,16.983162,17.073982,16.928627,17.092117,17.400101,16.964989,17.345833,17.200951,17.544655,17.073982,17.164696,17.237198,16.746590,17.291534,17.182823,17.092117,16.964989,17.200951,17.237198,16.983162,16.837654,16.801247,16.892258,16.837654,17.037659,16.728371,16.964989,17.001335,17.019493,16.928627,17.182823,16.874062,17.182823,17.055817,16.928627,16.892258,17.073982,17.019493,17.436272,17.019493,17.037659,17.092117,16.819458,17.073982,16.783035,16.964989,16.983162,17.092117,17.345833,16.764816,17.200951,16.874062,17.182823,17.182823,16.910439,17.055817,16.946808,16.710136,17.037659,16.819458,17.291534,16.673668,17.128418,16.874062,16.819458,17.055817,17.128418,17.309639,17.237198,16.837654,16.964989,17.182823,17.400101,17.037659,17.037659,16.710136,17.073982,17.146553,16.764816,16.928627,16.819458,16.983162,17.073982,16.710136,16.983162,16.928627,17.418190,16.728371,16.436256,17.110275,17.092117,16.874062,16.801247,16.710136,17.110275,16.746590,16.892258,16.819458,16.892258,17.037659,17.110275,16.928627,17.001335,17.200951,16.746590,17.037659,16.855865,16.819458,17.146553,16.600693,17.291534,16.983162,16.801247,16.928627,17.092117,16.837654,16.509377,16.746590,16.545914,16.855865,17.110275,16.983162,16.964989,16.801247,16.545914,16.783035,16.783035,16.564171,16.855865,17.327736,16.691910,16.910439,16.673668,16.363075,16.399666,16.710136,16.564171,16.417961,16.928627,16.527649,16.564171,16.855865,16.801247,16.326462,16.637184,16.618950,17.073982,16.381371,16.837654,16.691910,16.618950,16.819458,16.527649,16.855865,17.182823,16.892258,16.344765,16.801247,16.691910,16.637184,16.399666,16.728371,16.673668,16.545914,17.037659,16.964989,16.855865,16.363075,17.073982,16.801247,16.801247,16.928627,17.055817,16.801247,17.382019,16.746590,17.454338,17.055817,17.418190,16.728371,17.454338,17.255310,17.670921,17.309639,16.928627,17.092117,17.526596,17.363930,17.418190,17.327736,17.634865,17.472412,17.580750,17.291534,17.706970,17.958839,17.526596,17.833000,17.922905,17.815002,17.634865,18.192039,17.670921,17.562698,17.868965,17.472412,17.670921,18.012718,17.400101,17.182823,17.706970,18.156204,17.742996,17.508537,17.688942,17.418190,18.030663,17.688942,17.508537,17.742996,17.562698,17.472412,17.904930,17.255310,17.237198,17.309639,17.544655,17.164696,17.255310,17.508537,16.783035,17.291534,17.092117,16.783035,16.637184,16.928627,16.436256,16.509377,16.179840,16.143143,15.775375,15.590912,15.498535,15.202286,14.774681,14.867805,14.849190,14.905037,14.774681,14.867805,14.588127,14.718750,14.811943,14.830566,14.811943,15.090919,14.793312,14.867805,14.438606,14.457298,14.326302,14.363747,14.886414,14.644127,14.494698,14.625465,14.662788,14.138817,14.438606,14.662788,14.326302,14.681450,14.588127,14.998024,14.195114,14.007355,14.326302,14.382469,14.345024,13.838051,14.867805,14.644127,14.438606,13.762703,14.419891,14.007355,13.743858,13.762703,13.649567,13.875710,13.517403,12.663208,
14.513397,15.701637,15.109489,15.977844,15.683197,15.775375,16.545914,15.553970,15.867470,15.977844,16.088081,15.553970,15.720085,16.564171,15.922668,15.867470,16.014603,16.143143,16.289825,16.161499,16.289825,15.498535,16.344765,16.472824,16.710136,16.179840,16.545914,16.417961,16.198189,16.069710,15.977844,16.106438,16.308144,16.344765,16.545914,16.436256,16.143143,16.436256,16.234848,16.326462,16.637184,16.399666,16.527649,16.124794,16.837654,16.527649,16.819458,16.454536,16.271500,16.509377,16.691910,15.904274,16.928627,16.417961,16.655434,16.363075,16.710136,16.855865,16.892258,16.363075,16.746590,16.417961,16.454536,16.234848,16.983162,16.892258,17.164696,17.291534,16.728371,16.600693,16.837654,16.874062,16.673668,16.710136,16.363075,16.691910,16.417961,16.855865,16.472824,16.582436,16.946808,16.691910,17.182823,17.164696,17.110275,16.618950,16.837654,16.964989,17.019493,16.855865,17.128418,16.764816,16.892258,16.983162,16.655434,16.655434,16.710136,16.582436,17.073982,16.928627,16.892258,16.710136,16.618950,16.399666,17.164696,16.673668,16.874062,16.691910,16.855865,16.764816,17.019493,16.728371,16.837654,16.928627,16.874062,16.855865,16.728371,16.783035,16.381371,16.855865,17.128418,16.764816,16.819458,16.764816,16.728371,16.783035,16.582436,16.819458,16.819458,16.964989,16.874062,16.837654,16.801247,16.837654,17.164696,16.728371,16.910439,16.964989,17.073982,16.582436,16.874062,16.783035,16.928627,16.344765,16.801247,16.801247,17.019493,16.819458,17.164696,16.618950,17.273430,16.837654,17.237198,16.946808,16.819458,17.182823,16.964989,16.910439,16.928627,17.037659,17.345833,17.055817,16.764816,16.892258,16.892258,17.363930,17.200951,16.746590,17.291534,17.327736,17.182823,17.200951,16.910439,17.363930,17.182823,16.600693,17.309639,17.255310,17.345833,17.382019,17.436272,17.345833,17.472412,17.200951,17.400101,16.964989,17.110275,17.327736,17.291534,17.472412,17.237198,17.436272,17.418190,17.327736,17.128418,17.652901,17.345833,17.110275,17.182823,17.508537,17.598785,17.219078,18.012718,17.670921,17.868965,17.994759,18.048607,18.156204,18.156204,18.227867,17.886955,18.478165,18.834435,18.406731,18.460312,18.834435,18.656494,18.852211,18.905502,18.620857,18.709923,18.727722,19.100624,18.692123,19.100624,18.549545,18.727722,18.460312,18.335236,18.869980,18.638680,18.638680,18.745514,18.531708,18.994255,18.620857,18.976524,19.011993,18.941017,18.798882,18.869980,18.852211,18.994255,19.330627,19.082909,19.171471,18.958771,19.295280,18.941017,19.312950,19.082909,19.700775,19.365944,19.224541,19.471832,19.100624,19.383614,19.665596,19.595184,19.401253,19.507095,19.735939,19.312950,19.436554,19.524719,19.171471,19.365944,19.330627,19.206863,19.295280,19.118340,19.153755,19.082909,18.816666,18.603035,18.709923,19.029732,19.047462,18.781090,18.905502,18.763306,18.763306,18.656494,18.424599,18.852211,18.709923,18.887749,18.745514,19.082909,18.513863,18.513863,18.567383,18.567383,18.496017,18.887749,18.727722,18.460312,18.549545,18.513863,18.156204,18.620857,18.048607,18.263664,18.048607,18.245766,17.833000,18.066551,18.156204,17.833000,17.797005,17.742996,17.634865,17.761002,17.508537,17.958839,17.670921,17.706970,17.562698,17.616829,17.164696,17.255310,17.436272,17.562698,17.436272,17.508537,17.164696,17.146553,17.182823,17.219078,17.418190,17.055817,17.219078,17.273430,17.219078,17.073982,17.418190,17.454338,17.001335,17.273430,16.910439,16.983162,17.092117,17.146553,17.345833,17.164696,16.801247,17.508537,17.073982,16.728371,16.946808,16.983162,17.454338,17.508537,17.418190,17.182823,17.037659,17.327736,17.110275,17.237198,16.764816,17.200951,17.327736,17.616829,17.291534,17.200951,17.219078,16.892258,16.946808,17.182823,17.128418,17.019493,17.073982,17.055817,16.892258,16.946808,17.128418,17.291534,17.291534,17.327736,17.110275,17.164696,16.746590,17.146553,16.764816,17.110275,17.001335,17.128418,16.691910,17.001335,17.092117,17.200951,17.055817,17.164696,16.892258,16.946808,16.983162,17.182823,16.964989,17.146553,17.073982,16.964989,16.801247,17.128418,16.837654,17.309639,17.001335,17.255310,16.964989,17.128418,16.946808,17.001335,16.837654,16.946808,16.509377,17.055817,16.983162,17.164696,16.892258,17.219078,17.128418,16.874062,17.001335,17.255310,17.055817,17.055817,17.255310,17.255310,16.710136,16.928627,17.001335,17.110275,17.237198,17.037659,17.200951,17.182823,16.819458,16.964989,16.819458,16.874062,17.200951,17.418190,16.892258,17.001335,16.946808,16.764816,17.128418,16.710136,17.019493,16.874062,17.110275,16.600693,17.436272,17.037659,16.527649,16.874062,17.110275,16.837654,16.801247,17.073982,17.092117,16.964989,16.855865,16.874062,16.801247,16.673668,17.110275,16.892258,17.219078,16.600693,16.600693,17.110275,16.618950,16.417961,16.637184,16.527649,16.710136,17.146553,16.783035,16.910439,16.618950,17.382019,16.892258,16.618950,16.198189,16.417961,16.655434,16.801247,16.618950,16.855865,16.910439,16.764816,16.837654,16.436256,16.910439,16.910439,16.618950,16.819458,16.746590,16.618950,17.092117,16.527649,17.019493,16.436256,16.326462,16.983162,16.874062,16.910439,16.710136,17.001335,17.164696,17.128418,17.164696,17.128418,17.128418,17.146553,17.128418,16.801247,16.399666,17.472412,16.819458,17.400101,17.037659,16.946808,16.946808,17.128418,17.273430,16.910439,17.164696,17.128418,16.946808,17.327736,17.092117,17.454338,16.874062,17.436272,17.146553,17.400101,17.706970,17.544655,17.092117,17.526596,17.850990,17.562698,17.490471,17.634865,17.958839,17.652901,17.616829,17.815002,18.120361,17.544655,18.084496,18.012718,17.797005,17.634865,18.245766,17.833000,17.200951,17.706970,17.688942,17.922905,17.994759,17.779015,17.562698,18.048607,17.382019,17.544655,17.418190,17.544655,17.706970,17.345833,17.255310,17.237198,17.110275,17.634865,17.237198,16.728371,17.544655,16.928627,17.508537,16.946808,17.019493,17.055817,16.564171,16.509377,15.996223,16.179840,16.143143,15.332008,15.424561,15.849052,14.998024,15.016617,14.793312,14.774681,15.035194,14.494698,14.811943,14.886414,14.606796,14.923637,14.849190,14.830566,14.979439,14.307571,14.457298,14.457298,14.700096,14.867805,14.756035,14.774681,14.588127,14.494698,14.606796,14.382469,14.363747,14.251350,14.382469,14.793312,15.035194,14.979439,13.856880,14.288834,14.457298,14.494698,14.044937,14.718750,14.457298,14.307571,14.382469,14.195114,14.007355,14.251350,13.800392,13.875710,13.875710,13.950951,14.101280,13.800392,13.403954,
15.072350,15.109489,16.198189,15.517014,15.793800,16.051353,16.179840,15.756950,16.124794,16.289825,15.535500,15.922668,15.812218,15.406059,16.179840,16.014603,15.959457,16.600693,15.941071,16.161499,15.701637,16.308144,15.775375,16.032974,15.793800,16.106438,16.637184,16.143143,16.837654,15.977844,16.509377,16.198189,16.381371,16.051353,16.637184,16.253181,16.344765,16.124794,16.363075,16.472824,16.143143,16.472824,16.069710,16.764816,16.234848,16.618950,16.308144,16.764816,16.344765,16.399666,16.509377,16.673668,16.527649,16.381371,16.436256,16.673668,16.655434,16.764816,16.764816,16.673668,16.637184,16.582436,16.308144,16.161499,16.801247,16.964989,16.691910,16.746590,16.618950,16.673668,17.019493,16.892258,16.746590,16.198189,16.801247,16.837654,16.728371,17.110275,16.691910,16.819458,17.019493,17.055817,16.946808,16.673668,16.582436,17.019493,17.472412,16.637184,16.509377,16.855865,16.399666,16.564171,16.746590,16.582436,16.964989,16.363075,16.801247,16.454536,16.363075,17.037659,17.019493,16.582436,16.545914,17.146553,16.874062,16.509377,16.564171,16.983162,16.655434,16.746590,17.019493,16.928627,16.691910,16.691910,16.946808,16.801247,16.783035,16.527649,16.983162,16.655434,16.673668,17.073982,16.855865,16.691910,16.472824,16.600693,16.801247,16.417961,17.255310,16.710136,17.273430,17.237198,16.600693,16.746590,16.837654,17.073982,17.237198,16.928627,17.273430,16.983162,17.092117,17.454338,17.219078,17.255310,16.855865,16.983162,16.582436,16.728371,17.273430,16.710136,17.273430,17.146553,16.637184,16.746590,17.327736,17.019493,17.073982,17.001335,16.892258,17.345833,16.819458,17.291534,17.110275,17.037659,17.237198,17.382019,17.001335,16.983162,17.400101,17.454338,17.255310,17.182823,17.291534,17.182823,17.055817,17.454338,17.309639,16.946808,17.309639,16.837654,17.255310,17.164696,17.436272,17.255310,17.219078,17.164696,16.946808,17.200951,16.910439,17.255310,17.055817,17.490471,17.110275,17.128418,17.382019,17.309639,17.309639,17.291534,17.400101,17.309639,17.418190,17.418190,17.634865,18.012718,17.652901,18.084496,17.598785,17.994759,18.084496,18.442459,18.335236,18.353111,18.281563,18.388855,18.478165,18.727722,18.692123,18.674309,18.692123,18.442459,19.118340,18.834435,18.798882,18.727722,18.905502,18.674309,18.674309,18.478165,18.781090,18.656494,18.958771,19.065178,18.834435,18.567383,18.620857,18.709923,18.549545,18.869980,18.958771,19.136055,19.011993,18.727722,19.242241,18.994255,19.259926,19.330627,19.295280,18.994255,19.224541,19.082909,19.189156,19.330627,19.277603,19.189156,19.436554,19.383614,19.542351,19.277603,19.401253,19.312950,19.418907,19.242241,19.454201,19.348289,19.595184,19.153755,18.869980,19.295280,18.941017,19.206863,18.905502,18.923264,19.100624,19.348289,18.852211,18.941017,18.852211,19.242241,18.692123,18.976524,19.047462,18.620857,18.923264,18.656494,18.887749,18.781090,18.905502,18.709923,18.727722,18.958771,18.549545,18.478165,18.709923,18.763306,18.603035,18.370995,18.209953,18.227867,18.496017,18.353111,18.638680,18.192039,18.138290,18.281563,18.424599,18.012718,18.192039,17.886955,17.868965,17.742996,17.833000,17.436272,18.012718,17.742996,17.291534,17.833000,17.436272,17.742996,17.598785,17.562698,17.092117,17.454338,17.073982,16.946808,17.382019,17.363930,17.418190,17.291534,17.382019,17.779015,17.418190,17.255310,17.363930,16.673668,17.472412,17.092117,17.634865,17.309639,16.928627,16.892258,16.964989,16.783035,16.983162,17.073982,17.382019,16.837654,17.598785,17.436272,17.146553,16.983162,17.200951,17.182823,17.291534,17.128418,17.454338,17.146553,17.200951,17.110275,17.382019,17.544655,16.964989,16.983162,17.019493,17.490471,17.092117,16.964989,17.255310,17.092117,17.128418,17.418190,17.073982,16.655434,17.291534,17.001335,17.110275,17.164696,17.418190,17.128418,16.983162,16.910439,17.182823,16.983162,16.855865,16.618950,16.964989,17.472412,17.037659,16.892258,17.019493,16.855865,17.237198,17.146553,16.983162,17.110275,17.055817,17.182823,16.746590,17.055817,17.454338,16.801247,16.710136,16.855865,17.182823,16.837654,17.110275,16.910439,16.819458,17.562698,17.219078,17.073982,16.855865,16.764816,16.637184,17.128418,17.219078,17.273430,16.855865,16.855865,17.363930,16.417961,17.436272,16.472824,16.892258,17.345833,16.673668,16.837654,16.837654,16.801247,16.983162,16.655434,17.291534,16.910439,17.128418,16.910439,17.544655,16.764816,17.092117,16.983162,17.219078,16.783035,17.146553,17.019493,16.983162,17.146553,17.073982,16.564171,17.255310,16.710136,16.892258,17.255310,16.855865,16.855865,16.892258,16.983162,17.001335,17.019493,17.001335,17.182823,17.327736,16.946808,17.164696,17.237198,16.637184,16.600693,17.237198,16.910439,16.983162,17.237198,16.983162,16.746590,17.200951,16.746590,16.436256,16.874062,16.746590,16.801247,16.837654,16.964989,16.892258,16.946808,16.928627,16.509377,16.946808,16.728371,16.710136,16.655434,16.509377,16.527649,16.910439,16.326462,16.983162,16.637184,16.655434,16.801247,16.600693,17.001335,16.783035,16.964989,16.874062,17.037659,16.618950,16.637184,16.928627,17.382019,16.655434,16.783035,16.983162,16.600693,16.764816,17.092117,17.237198,16.527649,17.309639,16.892258,16.271500,16.946808,16.637184,17.037659,17.182823,16.946808,16.946808,17.110275,17.073982,17.164696,17.219078,16.910439,17.273430,17.019493,17.219078,17.255310,17.001335,17.219078,17.490471,17.309639,17.526596,17.237198,17.182823,17.580750,17.291534,17.526596,17.363930,17.922905,17.454338,17.580750,17.833000,17.652901,17.724983,17.706970,17.706970,17.904930,17.418190,17.490471,17.472412,17.526596,17.526596,17.886955,17.544655,17.761002,17.761002,18.263664,17.688942,17.886955,17.886955,17.400101,18.245766,18.156204,17.904930,17.508537,17.580750,17.544655,17.868965,17.400101,17.670921,17.634865,17.580750,17.219078,17.363930,17.454338,16.946808,17.237198,16.946808,17.128418,16.874062,16.545914,16.819458,16.491104,16.308144,15.683197,16.032974,15.738518,15.646294,14.979439,14.774681,14.476006,14.662788,14.345024,14.774681,14.942238,14.811943,14.998024,14.625465,15.128059,15.072350,14.811943,14.700096,14.588127,14.120049,14.494698,14.756035,14.737404,14.662788,14.569450,14.886414,14.401184,14.960838,14.251350,14.793312,14.569450,14.457298,14.569450,15.369041,14.120049,14.382469,14.774681,14.401184,14.101280,14.288834,14.026146,14.270103,14.213860,14.270103,14.606796,13.913338,14.270103,13.856880,14.213860,14.157593,14.195114,13.913338,13.517403,
15.332008,15.849052,15.959457,15.996223,15.977844,16.106438,15.775375,16.234848,16.124794,15.738518,15.738518,15.424561,15.959457,16.289825,15.959457,16.088081,16.801247,16.527649,16.143143,16.564171,16.564171,16.051353,15.849052,16.271500,15.959457,16.161499,16.417961,16.032974,16.069710,16.051353,16.454536,16.600693,16.161499,16.363075,16.837654,16.326462,16.564171,16.344765,16.618950,16.234848,16.363075,16.161499,16.472824,16.344765,16.491104,16.308144,16.289825,16.710136,16.491104,16.271500,16.764816,16.582436,16.436256,17.055817,16.527649,16.691910,16.691910,17.182823,17.073982,16.399666,16.801247,16.618950,16.746590,17.001335,16.783035,16.892258,16.855865,16.892258,16.892258,16.710136,17.037659,16.436256,16.600693,16.655434,16.983162,16.874062,16.728371,16.746590,16.710136,16.728371,16.655434,16.618950,17.092117,16.582436,16.946808,16.819458,16.198189,16.728371,16.746590,16.728371,16.746590,17.001335,16.837654,16.234848,16.946808,16.728371,16.910439,17.037659,17.001335,16.964989,17.055817,17.019493,17.073982,16.691910,17.219078,16.801247,16.910439,16.673668,17.146553,17.001335,17.200951,16.783035,16.673668,17.237198,16.983162,16.691910,16.764816,16.783035,16.910439,16.728371,16.837654,16.582436,16.874062,16.710136,17.526596,17.001335,17.110275,16.564171,17.255310,17.019493,17.146553,17.182823,16.710136,16.801247,16.855865,17.019493,17.200951,16.892258,17.164696,17.128418,17.219078,16.837654,17.436272,17.200951,17.237198,16.910439,17.219078,17.182823,17.146553,17.200951,17.128418,16.728371,16.946808,16.964989,16.454536,17.110275,16.819458,16.910439,16.964989,17.327736,17.092117,16.819458,17.436272,17.200951,17.363930,17.055817,17.164696,17.237198,16.964989,17.418190,17.037659,17.182823,16.983162,17.544655,17.363930,17.327736,17.001335,17.472412,17.309639,16.819458,16.892258,17.345833,17.472412,17.291534,17.164696,17.382019,17.363930,17.219078,17.454338,17.128418,17.544655,17.001335,17.688942,17.110275,17.472412,17.562698,17.309639,17.182823,17.128418,17.779015,17.976807,17.164696,17.273430,17.706970,17.580750,17.815002,17.958839,18.120361,18.102425,17.922905,18.245766,18.353111,18.442459,18.585213,18.745514,18.727722,19.011993,19.242241,18.603035,18.781090,18.869980,18.727722,18.638680,18.941017,19.259926,18.905502,18.994255,18.745514,18.692123,18.852211,18.335236,18.887749,18.905502,18.994255,18.709923,18.852211,18.620857,18.852211,18.958771,18.852211,19.029732,18.763306,18.763306,18.460312,18.869980,19.489464,18.745514,19.171471,19.295280,18.941017,19.312950,19.224541,19.047462,19.595184,18.887749,19.242241,19.259926,19.011993,19.630394,19.823784,19.330627,19.011993,19.312950,19.295280,19.206863,19.065178,19.206863,19.242241,19.436554,18.905502,19.206863,19.471832,18.709923,19.206863,18.905502,18.852211,19.153755,18.692123,18.478165,18.994255,18.869980,18.727722,18.638680,18.692123,18.567383,18.745514,18.531708,18.585213,18.585213,18.370995,18.620857,18.192039,17.940880,18.335236,18.335236,18.317345,18.299454,18.299454,18.370995,18.066551,18.406731,18.478165,17.994759,18.245766,18.174133,17.958839,18.549545,18.138290,18.102425,18.048607,18.174133,17.994759,17.797005,17.868965,17.742996,17.706970,17.706970,17.508537,17.345833,17.436272,17.562698,17.526596,17.833000,17.073982,17.436272,17.037659,17.255310,17.526596,17.182823,17.418190,17.363930,17.164696,17.273430,17.182823,17.146553,16.964989,17.273430,17.128418,17.255310,16.946808,17.363930,17.634865,16.910439,17.454338,16.892258,17.200951,17.164696,16.928627,16.946808,17.255310,16.983162,17.779015,16.710136,17.200951,17.400101,17.327736,17.580750,16.964989,17.128418,17.345833,17.237198,17.019493,17.309639,17.164696,17.291534,17.327736,17.327736,17.436272,17.345833,16.764816,17.055817,17.327736,16.983162,16.928627,17.055817,17.092117,17.273430,16.417961,16.783035,17.291534,17.092117,17.110275,17.146553,16.819458,17.073982,17.001335,17.092117,16.964989,17.001335,17.237198,17.345833,17.327736,17.037659,17.382019,17.309639,16.928627,17.037659,17.092117,17.472412,17.128418,16.764816,16.819458,17.273430,17.309639,17.073982,17.219078,16.691910,17.273430,16.964989,17.001335,16.928627,16.783035,16.928627,17.273430,17.146553,17.092117,17.436272,17.092117,17.019493,17.327736,17.291534,17.110275,17.400101,16.801247,17.237198,16.600693,17.019493,16.964989,17.219078,17.073982,17.092117,16.837654,17.237198,17.037659,17.255310,16.874062,17.164696,16.710136,17.219078,17.255310,17.055817,16.874062,16.874062,17.273430,17.128418,16.746590,17.001335,17.110275,16.746590,16.618950,16.946808,17.037659,16.855865,16.764816,16.710136,17.309639,16.892258,17.019493,17.001335,16.928627,17.019493,16.582436,17.219078,16.837654,17.327736,17.037659,16.746590,16.892258,17.055817,16.874062,17.092117,16.472824,17.164696,16.783035,17.237198,16.582436,16.837654,16.892258,16.764816,17.055817,16.673668,17.164696,16.892258,16.600693,16.655434,16.436256,16.928627,16.801247,16.746590,16.344765,16.527649,16.910439,17.219078,17.146553,16.910439,17.200951,16.874062,16.564171,16.764816,16.874062,16.874062,17.164696,16.946808,16.509377,17.182823,16.746590,16.910439,16.910439,17.001335,16.874062,17.019493,16.964989,16.964989,17.110275,16.964989,16.874062,17.164696,17.418190,17.037659,17.128418,17.273430,17.237198,17.562698,17.019493,16.983162,17.019493,17.182823,17.182823,17.128418,17.797005,17.706970,17.400101,17.146553,17.454338,17.345833,17.073982,17.616829,17.634865,16.964989,17.580750,17.688942,17.742996,17.886955,17.670921,17.833000,17.598785,17.634865,17.761002,18.066551,17.706970,17.958839,17.652901,17.652901,17.291534,17.850990,17.037659,18.120361,17.436272,18.048607,18.138290,17.580750,17.382019,17.904930,17.904930,17.562698,17.526596,17.345833,18.084496,17.219078,17.634865,17.490471,17.761002,17.815002,17.544655,17.418190,17.797005,17.146553,17.544655,17.345833,17.382019,17.200951,17.001335,16.819458,16.910439,16.910439,16.124794,16.253181,15.885872,15.590912,15.627831,15.313492,15.313492,14.849190,14.998024,14.419891,14.811943,14.774681,15.109489,15.090919,14.382469,14.793312,14.457298,14.569450,14.307571,14.457298,14.569450,14.513397,14.867805,14.905037,14.138817,14.550774,14.979439,14.774681,14.138817,14.681450,14.176346,14.101280,14.026146,14.382469,14.457298,14.569450,14.718750,14.419891,14.606796,14.830566,13.950951,14.438606,14.960838,14.494698,14.457298,13.687294,14.082504,13.969765,14.270103,14.026146,14.195114,14.101280,14.157593,13.460693,13.100769,
15.053780,15.664742,16.014603,15.793800,16.179840,15.977844,16.179840,16.014603,15.775375,15.904274,16.491104,15.627831,16.326462,16.253181,16.618950,16.143143,16.014603,16.564171,16.454536,16.564171,16.161499,16.454536,16.326462,15.849052,16.143143,16.892258,16.472824,16.032974,16.216530,16.198189,16.344765,16.728371,16.289825,16.308144,16.783035,16.289825,16.253181,16.564171,16.582436,16.198189,16.746590,16.253181,16.783035,16.472824,16.892258,16.344765,16.600693,16.892258,16.691910,16.491104,16.673668,16.764816,16.673668,16.436256,16.764816,16.637184,16.472824,16.655434,16.983162,16.344765,16.801247,16.637184,17.019493,16.964989,16.855865,17.219078,16.527649,16.618950,16.892258,17.146553,16.527649,16.673668,16.964989,17.382019,17.182823,16.801247,16.764816,16.673668,17.073982,16.399666,17.382019,16.819458,16.892258,16.964989,16.673668,16.819458,16.964989,16.381371,17.200951,16.618950,16.819458,16.783035,17.200951,16.855865,16.855865,17.418190,16.764816,16.837654,16.728371,17.182823,16.892258,16.964989,16.892258,16.892258,17.182823,16.545914,16.655434,16.618950,17.345833,17.128418,16.910439,16.819458,16.892258,17.055817,17.001335,16.600693,16.928627,17.037659,16.600693,16.946808,17.019493,17.055817,17.001335,16.874062,17.182823,16.983162,16.764816,17.146553,17.237198,17.146553,16.892258,17.237198,17.580750,16.472824,16.946808,17.092117,17.164696,16.764816,17.037659,16.964989,17.562698,17.309639,17.219078,17.182823,17.146553,16.928627,17.092117,16.983162,17.073982,17.200951,17.255310,16.837654,17.562698,17.037659,17.019493,17.146553,16.655434,17.200951,17.219078,17.110275,17.273430,17.019493,17.291534,16.655434,17.291534,16.928627,17.490471,17.037659,17.110275,17.255310,17.291534,17.363930,17.200951,17.200951,16.819458,17.706970,17.019493,17.073982,17.273430,17.110275,16.764816,17.200951,17.472412,17.436272,17.327736,17.128418,17.652901,17.182823,17.291534,17.273430,16.983162,17.652901,17.363930,17.526596,17.454338,17.652901,17.164696,17.400101,17.779015,17.598785,17.761002,18.102425,17.616829,17.922905,18.138290,18.120361,17.940880,18.084496,18.281563,17.976807,17.976807,18.084496,18.299454,18.531708,18.567383,18.424599,18.549545,18.585213,18.852211,18.852211,18.994255,18.317345,18.869980,18.976524,18.727722,18.353111,19.100624,18.585213,18.887749,19.047462,18.692123,18.994255,18.869980,18.531708,18.976524,18.976524,18.869980,19.100624,18.585213,18.603035,18.887749,18.834435,18.976524,19.011993,18.603035,19.029732,19.171471,19.047462,19.489464,19.065178,19.365944,19.189156,19.118340,19.542351,19.648003,19.383614,19.436554,19.595184,19.648003,19.312950,19.171471,19.401253,19.365944,19.259926,19.595184,19.436554,19.612793,19.206863,19.065178,19.100624,19.259926,19.136055,19.118340,18.994255,19.065178,18.941017,18.923264,18.816666,18.798882,18.353111,18.994255,18.603035,18.834435,18.816666,18.781090,18.424599,18.638680,18.656494,18.620857,18.353111,18.209953,18.317345,18.370995,18.727722,18.923264,18.227867,18.620857,18.138290,18.905502,18.406731,18.353111,18.531708,18.370995,18.353111,18.174133,18.406731,18.030663,18.066551,18.084496,17.850990,18.138290,17.976807,17.724983,17.886955,17.833000,17.670921,17.761002,17.490471,17.418190,17.580750,17.363930,17.291534,17.110275,17.200951,17.128418,17.400101,17.616829,17.436272,17.454338,17.146553,17.616829,17.200951,17.436272,16.928627,17.219078,16.983162,17.019493,17.436272,17.400101,17.363930,17.019493,17.092117,17.490471,17.019493,17.001335,17.200951,16.983162,17.363930,17.182823,17.073982,17.237198,17.073982,17.580750,17.128418,17.309639,17.345833,17.291534,17.182823,17.490471,17.400101,17.436272,17.037659,17.508537,17.219078,17.092117,16.964989,17.200951,17.110275,17.508537,17.291534,17.128418,17.055817,17.219078,17.345833,17.472412,17.092117,17.237198,17.273430,16.819458,17.182823,17.037659,17.055817,16.983162,17.182823,17.019493,16.564171,17.508537,17.400101,17.055817,17.255310,16.655434,17.146553,16.983162,16.910439,17.255310,17.182823,16.618950,17.363930,17.092117,17.309639,17.001335,16.983162,17.309639,17.382019,16.855865,17.255310,17.037659,17.092117,17.037659,17.001335,16.801247,16.837654,17.327736,17.110275,17.219078,17.273430,17.164696,17.652901,17.146553,16.946808,16.855865,17.110275,16.837654,17.291534,16.983162,17.073982,16.910439,17.273430,17.219078,16.819458,17.526596,16.837654,17.128418,16.819458,16.837654,16.928627,17.019493,17.037659,17.237198,16.983162,17.055817,17.363930,17.055817,17.073982,16.728371,17.055817,16.801247,16.837654,17.273430,16.710136,16.801247,16.454536,17.436272,17.055817,17.073982,16.819458,17.037659,16.764816,16.964989,17.073982,17.164696,17.055817,16.855865,17.019493,17.110275,16.673668,17.291534,16.874062,16.983162,17.327736,17.092117,17.073982,17.490471,16.655434,17.291534,16.892258,16.564171,16.600693,17.219078,17.055817,17.001335,16.946808,16.964989,16.655434,17.037659,17.055817,16.874062,16.728371,16.892258,16.728371,16.964989,16.436256,16.746590,16.928627,16.837654,17.001335,17.073982,16.691910,17.200951,16.892258,16.600693,16.964989,17.092117,17.073982,16.837654,17.146553,17.110275,16.746590,17.490471,16.801247,17.019493,16.691910,17.164696,17.200951,16.673668,16.910439,16.874062,17.146553,17.073982,17.073982,17.363930,17.146553,17.490471,17.345833,17.037659,17.472412,17.670921,17.200951,17.580750,17.363930,17.400101,17.200951,17.418190,17.688942,17.688942,17.562698,17.092117,17.327736,17.922905,17.742996,17.616829,17.815002,17.940880,17.670921,17.904930,17.454338,18.156204,17.779015,17.724983,18.227867,17.616829,17.652901,17.904930,17.418190,18.066551,17.904930,17.940880,17.922905,17.833000,18.227867,17.779015,18.048607,17.688942,17.922905,17.616829,17.544655,17.761002,17.508537,17.652901,17.976807,17.742996,17.436272,17.526596,17.092117,17.652901,17.418190,17.363930,17.363930,17.200951,17.291534,17.092117,17.055817,16.855865,16.637184,16.564171,16.069710,16.308144,16.363075,15.812218,15.849052,15.350533,14.849190,15.146614,14.532082,14.942238,14.867805,14.886414,14.960838,14.886414,14.811943,15.294960,14.718750,15.016617,14.979439,15.128059,14.644127,14.905037,14.923637,14.681450,14.662788,14.326302,14.569450,14.923637,14.213860,14.176346,15.016617,14.662788,14.830566,14.494698,14.232613,14.737404,14.419891,14.213860,14.569450,14.251350,14.606796,14.494698,14.419891,13.875710,13.743858,14.270103,14.157593,14.044937,13.875710,14.419891,14.270103,14.007355,13.819221,13.460693,13.403954,
15.369041,15.793800,15.867470,15.885872,15.885872,16.198189,16.289825,15.867470,16.069710,15.885872,15.756950,15.480049,16.088081,16.106438,15.996223,16.198189,16.600693,15.959457,16.582436,15.812218,16.582436,16.253181,16.564171,16.746590,16.673668,16.417961,16.655434,16.326462,16.198189,16.801247,16.234848,16.326462,16.417961,16.069710,16.637184,16.399666,16.454536,16.417961,16.637184,16.399666,16.673668,16.783035,16.417961,16.783035,16.691910,16.582436,16.600693,16.710136,16.637184,16.819458,16.728371,16.764816,16.363075,16.545914,16.746590,16.874062,16.417961,17.237198,16.637184,16.746590,16.691910,16.928627,17.146553,16.746590,16.892258,17.110275,16.728371,16.946808,16.710136,16.819458,16.928627,16.618950,17.110275,16.874062,16.946808,16.344765,17.019493,16.344765,16.837654,16.746590,17.273430,16.436256,16.819458,16.964989,17.219078,16.783035,17.037659,16.014603,16.928627,16.783035,17.472412,16.983162,16.783035,16.964989,16.764816,16.783035,17.073982,16.582436,16.746590,16.837654,16.964989,16.637184,17.182823,16.855865,17.128418,16.746590,17.037659,16.491104,16.910439,17.237198,16.509377,16.946808,16.928627,17.001335,17.073982,16.655434,17.092117,17.291534,16.637184,16.417961,17.073982,16.855865,16.946808,17.146553,16.855865,16.637184,17.019493,17.146553,16.710136,17.037659,16.673668,17.055817,16.874062,16.892258,16.910439,16.946808,17.073982,17.182823,17.037659,17.037659,17.688942,17.219078,17.164696,17.363930,17.345833,17.400101,17.037659,17.164696,17.544655,17.182823,17.019493,16.545914,16.673668,17.309639,17.164696,16.928627,16.801247,17.128418,17.146553,16.728371,17.073982,17.291534,17.327736,16.983162,17.291534,17.291534,17.055817,17.436272,17.255310,17.273430,17.400101,17.400101,17.562698,17.073982,17.255310,17.562698,17.291534,17.345833,17.110275,17.092117,17.309639,17.436272,17.291534,17.146553,17.598785,17.526596,17.490471,17.164696,17.652901,17.508537,17.182823,17.490471,17.291534,17.255310,17.327736,17.634865,17.055817,17.146553,17.291534,17.128418,17.670921,17.508537,17.634865,17.742996,17.454338,17.761002,18.066551,17.994759,18.012718,18.531708,18.227867,18.370995,18.066551,18.513863,18.120361,18.406731,18.424599,18.549545,18.424599,18.603035,18.603035,19.011993,18.781090,19.242241,18.388855,18.976524,18.852211,18.834435,18.406731,18.852211,18.763306,18.620857,18.852211,19.100624,18.603035,18.585213,19.011993,18.656494,18.478165,18.603035,18.709923,18.763306,18.781090,18.745514,18.923264,19.259926,19.312950,19.100624,18.709923,18.692123,19.171471,19.841331,19.365944,19.206863,19.277603,19.118340,19.118340,19.259926,19.277603,19.507095,19.224541,19.665596,19.524719,19.454201,19.189156,18.994255,19.136055,19.171471,19.259926,19.171471,19.312950,19.295280,18.905502,19.612793,18.976524,19.277603,18.620857,19.206863,18.638680,19.047462,18.567383,18.585213,18.727722,18.709923,18.745514,18.513863,18.674309,18.798882,18.531708,18.567383,18.585213,18.656494,18.370995,18.531708,18.531708,18.692123,18.816666,18.620857,18.745514,18.531708,18.245766,18.478165,17.994759,18.227867,18.406731,18.263664,18.388855,17.850990,17.976807,17.904930,18.138290,17.922905,17.886955,17.850990,17.958839,17.508537,17.886955,17.418190,17.652901,17.110275,17.670921,17.815002,17.562698,17.688942,17.616829,17.345833,17.182823,17.544655,17.454338,17.092117,17.724983,17.382019,17.200951,17.273430,17.273430,17.182823,17.273430,17.037659,17.652901,17.146553,17.219078,17.273430,17.110275,17.055817,17.255310,17.237198,17.001335,17.128418,17.418190,17.055817,17.092117,17.237198,17.237198,17.345833,17.128418,16.874062,17.562698,16.673668,17.436272,17.291534,17.146553,17.164696,17.273430,16.801247,17.526596,17.508537,17.182823,17.182823,16.983162,16.928627,17.345833,17.110275,17.146553,17.363930,17.327736,17.400101,17.037659,17.092117,17.092117,16.819458,17.363930,16.783035,17.110275,16.874062,17.472412,16.746590,17.200951,16.819458,17.164696,16.983162,17.309639,17.219078,17.055817,16.946808,17.273430,17.219078,17.382019,16.819458,17.055817,17.219078,17.219078,17.128418,16.892258,17.092117,17.345833,16.764816,17.037659,17.363930,17.255310,16.783035,17.164696,16.764816,16.874062,17.327736,17.055817,17.200951,16.855865,17.110275,16.673668,16.892258,16.855865,17.400101,16.983162,17.219078,17.940880,17.219078,17.019493,16.746590,17.092117,17.219078,16.874062,16.946808,17.345833,16.928627,17.273430,16.910439,17.200951,16.746590,17.508537,17.200951,16.983162,17.200951,16.527649,17.128418,16.819458,17.110275,17.200951,17.037659,16.673668,17.001335,17.001335,16.910439,16.855865,17.092117,17.400101,16.910439,16.964989,17.110275,17.092117,17.073982,17.472412,16.928627,17.363930,17.037659,17.092117,16.892258,16.637184,16.837654,16.764816,17.037659,16.874062,16.454536,16.837654,16.673668,16.928627,16.928627,16.837654,16.801247,16.983162,16.691910,16.946808,17.073982,16.983162,16.710136,16.910439,16.783035,16.673668,16.691910,16.837654,17.182823,17.472412,16.564171,16.964989,16.655434,16.673668,16.618950,16.673668,17.073982,16.454536,16.728371,16.910439,17.001335,17.055817,16.691910,17.055817,17.055817,17.001335,16.946808,17.037659,16.928627,17.092117,17.219078,17.291534,17.562698,16.892258,16.855865,17.219078,17.309639,17.688942,17.634865,17.508537,17.255310,17.436272,17.345833,17.508537,17.418190,17.472412,17.309639,17.146553,17.562698,17.309639,17.616829,17.544655,17.327736,17.706970,17.886955,17.940880,17.490471,17.164696,17.724983,17.761002,17.526596,17.815002,17.761002,17.526596,17.544655,17.886955,18.030663,18.120361,17.526596,17.779015,17.688942,17.544655,17.886955,17.418190,17.868965,18.478165,17.598785,17.815002,18.138290,17.994759,17.724983,18.012718,17.815002,17.526596,17.670921,17.200951,17.688942,17.940880,17.670921,17.724983,17.472412,17.200951,17.526596,17.418190,17.382019,17.092117,17.382019,17.219078,17.037659,17.092117,17.255310,16.600693,16.363075,16.673668,16.946808,16.308144,15.959457,15.387550,15.146614,15.109489,15.332008,14.251350,15.387550,14.307571,15.276436,14.718750,14.830566,14.681450,14.606796,14.793312,14.457298,15.609375,15.053780,14.867805,14.811943,14.625465,14.588127,14.811943,14.606796,15.016617,14.363747,14.606796,14.811943,14.942238,14.270103,14.644127,14.419891,14.625465,14.288834,14.625465,14.550774,14.550774,14.718750,14.476006,14.363747,14.774681,14.176346,14.550774,14.101280,13.668427,14.307571,13.762703,14.026146,13.592949,13.988556,14.213860,13.668427,13.574066,13.592949,
14.960838,15.480049,15.350533,15.683197,16.417961,15.996223,16.381371,16.088081,16.271500,15.812218,16.710136,15.922668,15.941071,15.627831,16.417961,16.509377,16.161499,16.472824,16.874062,15.738518,16.381371,16.801247,15.904274,16.673668,16.069710,16.106438,16.417961,16.454536,16.564171,16.069710,16.527649,16.069710,16.728371,16.344765,16.417961,16.289825,16.637184,16.124794,16.892258,16.655434,16.910439,16.892258,16.983162,15.959457,16.728371,16.746590,16.710136,16.764816,16.673668,16.946808,16.837654,16.819458,16.764816,17.200951,16.344765,16.399666,16.892258,16.564171,16.509377,16.399666,17.073982,16.783035,16.527649,16.655434,16.545914,16.509377,16.472824,16.801247,17.382019,17.382019,16.728371,16.600693,16.801247,16.564171,16.564171,17.200951,16.527649,16.874062,16.855865,16.874062,16.637184,17.019493,16.892258,17.200951,16.964989,16.637184,17.255310,16.691910,16.819458,16.600693,17.255310,16.728371,16.874062,16.946808,17.219078,16.910439,16.746590,17.146553,17.273430,16.928627,17.146553,16.618950,16.946808,16.874062,17.128418,16.819458,17.182823,16.728371,16.855865,16.964989,17.345833,16.746590,16.910439,16.710136,16.855865,16.819458,17.037659,16.783035,16.801247,17.092117,17.382019,16.874062,17.182823,17.309639,16.783035,16.491104,17.073982,16.946808,16.855865,16.801247,17.019493,17.001335,16.964989,16.964989,17.164696,17.128418,17.345833,17.073982,17.454338,17.001335,17.273430,17.182823,17.200951,16.910439,17.273430,16.964989,17.454338,17.219078,17.237198,17.291534,17.454338,17.255310,17.508537,17.454338,17.128418,16.910439,17.345833,17.182823,17.092117,17.309639,16.964989,16.874062,17.382019,17.400101,17.454338,17.454338,17.400101,17.055817,17.454338,17.345833,17.073982,16.928627,17.309639,17.237198,17.200951,17.688942,17.562698,17.200951,17.309639,17.128418,17.400101,17.146553,17.237198,17.110275,17.454338,17.490471,17.309639,17.291534,17.490471,16.892258,17.345833,17.706970,17.273430,17.454338,17.164696,17.886955,17.436272,17.598785,17.670921,17.815002,17.598785,17.688942,17.724983,17.994759,18.156204,17.742996,17.833000,18.209953,18.192039,18.388855,17.922905,18.460312,18.192039,18.388855,18.656494,18.353111,18.887749,18.745514,19.277603,19.118340,18.816666,19.153755,18.781090,18.852211,18.976524,18.958771,19.065178,18.869980,18.656494,18.692123,18.709923,19.259926,18.869980,19.295280,18.620857,18.958771,18.923264,18.531708,18.442459,18.585213,18.941017,19.011993,19.259926,18.834435,18.976524,18.958771,19.189156,19.330627,18.727722,19.259926,19.295280,19.259926,19.242241,19.082909,19.065178,19.206863,19.082909,19.118340,19.507095,19.224541,19.542351,19.330627,19.700775,19.471832,19.507095,19.595184,19.242241,19.348289,19.312950,19.082909,19.365944,19.118340,18.798882,19.100624,19.171471,19.047462,19.189156,18.781090,18.834435,18.674309,18.709923,18.674309,18.941017,18.460312,18.923264,18.513863,18.727722,18.887749,18.834435,18.941017,18.674309,18.442459,18.727722,18.656494,18.442459,18.406731,18.335236,18.692123,18.370995,18.388855,18.174133,18.656494,18.424599,18.102425,18.585213,18.388855,17.797005,18.549545,17.994759,18.192039,18.567383,17.868965,18.317345,17.994759,17.958839,17.580750,18.012718,17.940880,17.833000,17.634865,17.291534,17.291534,17.706970,17.652901,17.400101,17.345833,17.436272,17.562698,17.345833,17.273430,17.382019,17.037659,17.562698,17.019493,17.219078,16.946808,17.544655,17.146553,17.237198,17.273430,17.055817,17.363930,17.562698,16.855865,17.562698,17.345833,17.255310,17.164696,17.382019,17.255310,17.580750,17.291534,17.055817,17.037659,17.562698,17.580750,17.562698,17.309639,16.892258,17.363930,17.634865,17.400101,17.454338,16.855865,17.706970,16.946808,17.219078,16.964989,17.237198,17.255310,17.182823,17.200951,17.616829,16.964989,16.983162,16.928627,17.255310,17.237198,16.783035,17.200951,17.327736,17.436272,16.819458,16.983162,17.164696,17.146553,17.092117,16.928627,17.382019,17.019493,17.146553,17.110275,17.436272,16.928627,17.309639,17.291534,17.092117,16.801247,17.219078,16.892258,17.454338,16.928627,17.037659,16.673668,17.037659,17.019493,17.092117,16.801247,16.983162,17.110275,17.110275,16.837654,17.073982,17.055817,16.837654,16.983162,17.273430,16.874062,17.363930,17.055817,17.146553,17.164696,17.001335,17.526596,16.892258,17.092117,17.291534,17.110275,17.110275,16.928627,17.001335,16.874062,16.764816,16.892258,17.073982,16.655434,17.273430,17.237198,16.964989,17.182823,17.110275,16.691910,16.928627,16.946808,16.801247,16.637184,16.564171,16.582436,16.728371,17.037659,16.472824,17.110275,16.874062,16.910439,16.855865,17.092117,17.146553,16.983162,17.200951,16.874062,16.399666,17.019493,16.983162,17.327736,17.001335,17.092117,16.892258,16.746590,17.037659,17.055817,17.164696,17.001335,17.001335,16.746590,16.928627,16.637184,17.345833,17.182823,16.783035,16.618950,17.019493,17.182823,17.037659,16.946808,17.200951,16.764816,16.764816,16.855865,16.892258,17.200951,16.983162,16.819458,17.670921,16.436256,17.055817,16.964989,16.819458,17.037659,16.837654,16.874062,16.874062,16.946808,16.874062,17.110275,17.200951,16.728371,16.819458,16.819458,17.037659,17.092117,17.436272,17.019493,17.128418,16.910439,17.200951,16.728371,17.363930,17.164696,17.363930,17.526596,17.291534,17.327736,17.164696,16.983162,17.237198,17.544655,17.363930,17.092117,17.128418,17.128418,17.327736,16.928627,17.382019,17.128418,17.670921,17.182823,17.490471,17.670921,17.418190,17.400101,17.200951,17.436272,17.904930,17.922905,17.797005,17.670921,17.309639,17.652901,18.012718,17.706970,17.634865,17.850990,17.868965,17.761002,17.688942,17.508537,17.670921,18.102425,17.688942,17.580750,17.886955,17.598785,17.580750,17.706970,17.724983,17.761002,17.850990,17.833000,17.418190,17.580750,17.742996,17.490471,17.544655,17.182823,17.055817,17.526596,17.634865,17.418190,17.706970,17.255310,17.182823,16.764816,16.892258,16.381371,16.564171,16.216530,15.904274,16.253181,15.646294,15.350533,15.424561,14.849190,14.793312,14.588127,14.363747,14.382469,15.146614,14.419891,14.625465,14.886414,14.494698,14.718750,15.053780,15.369041,14.681450,14.886414,14.718750,14.998024,14.382469,14.942238,14.326302,14.494698,14.718750,14.438606,14.886414,14.867805,14.345024,14.979439,14.830566,14.569450,14.625465,14.363747,14.063721,14.251350,14.232613,14.007355,14.438606,14.625465,14.588127,14.588127,14.232613,14.326302,14.044937,14.176346,14.232613,14.063721,13.743858,13.950951,14.401184,13.328255,
15.220818,15.553970,15.793800,15.756950,16.124794,16.582436,16.289825,15.941071,16.436256,15.885872,16.161499,15.720085,16.326462,15.996223,16.271500,16.271500,16.417961,16.161499,16.381371,16.179840,16.271500,16.417961,16.216530,16.179840,16.069710,16.271500,16.326462,16.417961,16.728371,15.885872,16.454536,16.399666,16.600693,16.124794,16.545914,16.032974,16.673668,16.289825,16.710136,16.600693,16.527649,16.527649,16.564171,16.491104,16.198189,16.564171,16.946808,16.106438,16.746590,16.783035,16.655434,16.326462,16.673668,16.454536,16.582436,16.783035,16.964989,16.691910,16.509377,16.472824,16.855865,16.618950,16.946808,16.946808,16.655434,16.491104,16.892258,16.472824,17.073982,16.673668,16.691910,17.019493,16.637184,16.618950,16.472824,16.892258,17.037659,16.417961,17.182823,17.037659,17.255310,16.728371,17.092117,17.092117,16.691910,16.819458,17.146553,16.637184,17.255310,17.164696,16.783035,16.910439,16.691910,16.983162,17.110275,16.964989,16.874062,17.273430,16.819458,16.764816,17.182823,16.837654,17.309639,16.417961,17.092117,16.637184,16.837654,17.001335,17.092117,16.673668,16.928627,16.637184,16.928627,16.600693,16.964989,16.746590,17.164696,16.801247,16.892258,16.673668,16.655434,17.055817,16.946808,17.164696,17.037659,17.128418,16.691910,16.801247,17.182823,17.055817,17.110275,16.910439,17.400101,17.309639,17.092117,16.855865,17.237198,17.400101,17.110275,17.128418,17.291534,17.345833,17.200951,17.128418,17.237198,17.219078,17.327736,17.092117,17.291534,17.418190,17.237198,17.400101,17.436272,17.327736,17.255310,17.382019,16.910439,16.983162,17.219078,17.562698,17.454338,17.128418,17.273430,17.200951,17.526596,17.345833,17.291534,17.580750,16.983162,17.273430,17.345833,17.472412,17.164696,16.892258,17.616829,17.200951,16.983162,16.837654,17.454338,17.273430,17.652901,17.128418,17.237198,17.273430,17.146553,17.616829,17.850990,17.345833,17.418190,17.598785,17.219078,17.526596,17.382019,17.255310,17.400101,17.454338,17.400101,17.255310,17.779015,17.634865,17.436272,17.400101,17.761002,17.598785,17.815002,17.850990,18.209953,18.066551,18.442459,17.868965,18.656494,18.192039,18.603035,18.513863,18.763306,18.709923,18.692123,18.869980,18.852211,19.047462,18.887749,18.496017,19.242241,18.638680,18.727722,18.869980,19.029732,19.277603,19.029732,19.259926,19.082909,18.798882,18.869980,18.834435,18.887749,18.567383,18.816666,19.189156,18.692123,18.834435,19.312950,18.763306,18.692123,18.620857,19.047462,18.976524,18.781090,19.082909,19.029732,18.567383,19.082909,18.852211,18.905502,19.312950,18.905502,19.082909,19.295280,19.082909,18.869980,19.507095,19.277603,19.312950,19.330627,19.348289,19.206863,19.524719,19.595184,18.852211,19.348289,19.153755,19.047462,19.224541,19.047462,19.277603,18.905502,19.189156,19.118340,19.277603,18.781090,19.047462,18.603035,18.869980,19.171471,18.781090,18.638680,18.549545,18.692123,18.834435,18.816666,18.709923,18.763306,18.603035,18.620857,18.674309,18.692123,18.496017,18.656494,18.674309,18.460312,18.620857,18.496017,18.299454,18.138290,18.549545,18.299454,17.958839,18.281563,18.478165,18.048607,17.976807,18.066551,18.084496,18.048607,18.066551,18.012718,18.048607,18.353111,18.012718,17.886955,17.797005,17.706970,17.345833,17.850990,17.616829,17.508537,17.490471,17.436272,17.526596,17.400101,17.490471,17.634865,17.382019,17.164696,17.400101,17.273430,17.490471,17.092117,17.164696,17.327736,17.526596,17.526596,17.544655,17.037659,17.055817,17.019493,17.092117,17.508537,17.345833,17.382019,17.436272,17.345833,17.363930,17.255310,17.327736,17.562698,17.634865,17.219078,17.255310,17.092117,17.037659,17.291534,17.418190,17.363930,16.983162,17.019493,17.327736,16.964989,17.073982,17.219078,17.237198,17.237198,17.327736,17.490471,17.164696,17.418190,17.273430,17.400101,17.255310,17.508537,16.436256,17.128418,17.327736,16.874062,16.837654,17.382019,16.892258,16.874062,17.019493,17.418190,17.073982,16.837654,16.710136,17.073982,17.073982,17.073982,16.819458,16.964989,16.946808,17.273430,17.363930,16.764816,17.001335,17.019493,17.001335,17.055817,16.874062,16.728371,17.110275,17.363930,16.801247,17.706970,17.037659,17.508537,16.673668,17.164696,17.146553,17.490471,16.874062,16.764816,16.910439,17.146553,16.728371,16.764816,17.146553,17.490471,17.110275,17.073982,16.618950,17.092117,16.964989,16.910439,16.764816,17.327736,17.200951,17.164696,16.928627,16.819458,17.110275,17.454338,16.801247,17.092117,16.509377,16.819458,17.291534,16.910439,16.637184,17.146553,16.910439,16.710136,17.110275,16.892258,16.983162,17.037659,16.764816,17.019493,16.928627,16.837654,16.801247,17.436272,17.182823,17.164696,16.837654,16.928627,17.110275,17.219078,16.855865,16.746590,17.345833,16.801247,17.092117,16.637184,17.146553,16.837654,17.055817,17.164696,16.819458,17.291534,16.655434,17.490471,16.491104,16.728371,17.128418,16.637184,16.910439,16.399666,16.837654,17.237198,16.874062,16.837654,16.399666,17.291534,16.728371,17.001335,17.291534,16.946808,16.855865,17.508537,17.055817,16.673668,16.855865,17.128418,17.255310,17.110275,16.964989,17.092117,17.219078,16.928627,17.019493,17.146553,16.964989,17.273430,17.418190,17.382019,17.019493,17.092117,17.237198,17.146553,17.291534,17.345833,17.508537,17.418190,17.382019,17.219078,17.345833,17.273430,17.382019,17.779015,17.688942,17.092117,17.742996,17.273430,17.526596,17.904930,17.779015,17.309639,17.237198,17.833000,17.454338,17.724983,17.868965,17.652901,17.724983,17.833000,17.922905,16.928627,17.850990,17.850990,17.634865,17.742996,17.994759,17.833000,17.706970,17.562698,17.237198,17.706970,17.598785,18.012718,18.156204,18.174133,17.742996,17.904930,17.598785,17.976807,18.012718,17.761002,17.634865,17.706970,16.819458,17.742996,17.562698,17.815002,17.922905,17.616829,17.472412,17.309639,17.237198,17.345833,17.616829,17.146553,17.291534,17.255310,17.073982,16.436256,16.801247,16.545914,16.545914,16.198189,15.922668,15.517014,15.016617,15.572441,14.979439,14.830566,15.202286,14.998024,14.774681,14.942238,14.830566,14.830566,15.165176,14.811943,14.756035,14.942238,14.569450,14.811943,14.960838,14.662788,14.476006,14.998024,14.923637,15.146614,14.307571,14.063721,14.756035,14.195114,14.513397,14.681450,14.213860,14.625465,14.176346,14.756035,14.494698,14.195114,14.532082,14.550774,14.662788,13.762703,14.494698,14.718750,14.288834,14.270103,13.592949,13.875710,13.988556,13.800392,13.932144,13.460693,13.517403,13.536285,13.441788,
15.517014,15.885872,15.720085,16.179840,16.179840,16.106438,15.646294,15.867470,16.234848,16.032974,16.088081,16.069710,16.143143,15.738518,16.069710,16.106438,16.381371,16.308144,16.363075,16.308144,16.216530,16.271500,15.977844,16.363075,15.977844,16.491104,16.124794,16.491104,16.069710,16.673668,16.253181,16.618950,16.837654,16.363075,16.509377,16.289825,17.037659,16.363075,16.014603,16.381371,16.509377,16.855865,16.271500,16.326462,16.783035,16.618950,16.964989,16.472824,16.728371,16.655434,16.710136,16.509377,16.564171,16.582436,16.381371,16.491104,16.509377,16.910439,16.928627,16.545914,17.219078,16.783035,16.710136,16.910439,17.219078,16.618950,16.964989,16.892258,16.564171,16.710136,17.073982,16.983162,16.728371,16.436256,16.964989,16.491104,16.983162,16.472824,16.637184,16.801247,16.655434,17.255310,17.146553,17.019493,16.582436,16.964989,17.200951,16.964989,17.001335,16.928627,16.983162,17.055817,17.019493,16.564171,16.910439,17.073982,16.509377,17.037659,17.164696,16.983162,16.819458,17.219078,17.019493,16.491104,17.255310,16.600693,16.600693,17.146553,16.819458,16.801247,17.418190,16.892258,16.691910,16.710136,17.255310,17.200951,17.019493,16.801247,16.946808,17.146553,16.855865,16.783035,16.801247,16.764816,17.110275,16.637184,17.055817,17.073982,16.801247,17.255310,17.019493,16.946808,16.983162,17.291534,16.855865,17.742996,17.219078,16.983162,17.544655,16.946808,17.146553,17.200951,17.001335,17.092117,17.073982,17.418190,16.983162,17.019493,17.526596,16.764816,17.273430,17.001335,16.946808,16.964989,17.345833,17.110275,17.544655,16.874062,17.436272,17.273430,16.983162,17.400101,16.855865,17.670921,17.146553,16.946808,17.454338,17.580750,17.382019,17.472412,17.580750,17.073982,17.291534,17.670921,17.092117,17.490471,17.092117,16.819458,17.436272,17.182823,17.001335,17.164696,17.345833,17.200951,17.182823,17.019493,17.490471,17.055817,17.490471,17.363930,17.580750,17.128418,17.598785,17.670921,17.146553,17.055817,17.670921,17.291534,17.400101,17.472412,17.850990,18.030663,17.562698,17.761002,18.102425,18.012718,18.120361,17.958839,18.102425,18.317345,18.424599,18.281563,18.478165,18.638680,18.692123,18.281563,18.674309,18.816666,18.798882,18.585213,19.065178,18.603035,18.781090,19.082909,19.029732,18.852211,18.567383,19.047462,19.065178,18.603035,19.136055,19.082909,18.958771,18.941017,19.171471,18.834435,18.905502,19.047462,18.674309,19.206863,19.277603,18.727722,18.727722,18.869980,18.549545,18.905502,19.029732,18.638680,19.100624,18.905502,18.852211,19.348289,19.100624,19.224541,19.312950,19.224541,18.994255,19.029732,18.852211,19.436554,19.507095,19.295280,19.277603,19.312950,19.401253,19.171471,19.259926,19.542351,19.365944,18.727722,18.923264,19.259926,19.577583,19.224541,19.171471,18.869980,18.994255,19.047462,18.709923,18.709923,18.620857,18.834435,18.674309,18.869980,18.781090,18.620857,18.798882,18.531708,18.442459,18.620857,18.781090,18.442459,18.941017,18.674309,19.118340,18.727722,18.923264,18.513863,18.370995,18.460312,18.460312,18.209953,18.727722,18.442459,18.442459,18.335236,18.174133,18.102425,18.209953,18.102425,18.174133,18.299454,18.209953,18.335236,17.797005,18.227867,17.958839,17.724983,17.490471,18.209953,18.138290,17.994759,17.634865,17.761002,17.454338,17.779015,17.363930,17.742996,17.526596,17.562698,17.418190,17.436272,17.779015,17.237198,17.291534,17.616829,17.164696,17.309639,17.562698,17.092117,17.200951,17.363930,17.001335,17.345833,17.418190,17.237198,17.164696,17.128418,17.128418,17.219078,17.164696,17.164696,17.562698,17.273430,17.616829,17.164696,17.219078,17.562698,17.400101,17.037659,17.526596,17.110275,17.237198,17.146553,17.146553,17.400101,16.964989,17.508537,17.345833,17.128418,17.868965,17.382019,17.055817,17.055817,16.855865,17.237198,17.055817,17.001335,17.128418,17.400101,17.055817,17.055817,17.273430,16.964989,17.200951,16.837654,17.255310,16.892258,17.382019,17.037659,16.855865,17.273430,17.255310,16.783035,17.019493,17.363930,17.400101,17.128418,17.001335,17.073982,16.819458,17.454338,16.874062,16.983162,17.382019,17.273430,17.055817,17.073982,17.128418,16.910439,17.237198,16.946808,17.146553,17.037659,17.019493,17.182823,17.019493,17.055817,17.146553,17.291534,17.219078,17.146553,16.928627,16.946808,17.200951,17.073982,17.001335,16.710136,17.237198,17.146553,17.146553,16.983162,16.837654,17.001335,17.128418,17.128418,17.237198,16.964989,17.110275,16.655434,17.146553,17.146553,17.019493,17.019493,16.855865,16.819458,17.092117,16.964989,17.055817,16.728371,16.545914,17.092117,17.164696,16.855865,16.874062,17.037659,16.837654,17.001335,17.001335,16.892258,16.326462,16.855865,17.092117,16.801247,16.928627,17.055817,17.255310,16.874062,16.764816,16.728371,17.073982,17.055817,16.728371,17.128418,17.019493,16.874062,16.855865,16.892258,16.892258,17.019493,17.128418,16.764816,17.508537,16.655434,16.983162,16.874062,16.381371,16.545914,16.509377,16.691910,17.055817,16.964989,17.110275,16.691910,16.892258,16.910439,17.291534,16.946808,16.819458,17.164696,16.801247,17.273430,17.146553,16.874062,17.037659,16.964989,16.964989,16.819458,17.291534,16.874062,17.001335,17.128418,17.345833,17.110275,17.128418,17.001335,17.200951,17.164696,17.037659,16.691910,17.182823,16.964989,17.291534,17.490471,17.580750,17.472412,17.580750,17.345833,17.400101,17.580750,17.237198,17.472412,17.182823,17.382019,18.048607,17.345833,17.616829,17.544655,17.526596,17.400101,18.209953,17.994759,18.084496,17.418190,17.562698,17.436272,17.490471,17.815002,17.580750,17.616829,17.345833,17.904930,17.345833,18.353111,17.815002,17.652901,17.454338,18.048607,17.797005,17.904930,17.815002,17.815002,17.688942,17.490471,17.994759,17.382019,17.454338,17.652901,17.779015,17.345833,17.724983,17.454338,18.102425,17.436272,17.454338,17.019493,17.019493,17.073982,17.291534,16.801247,17.490471,16.564171,17.001335,16.783035,16.673668,16.655434,16.454536,15.996223,16.051353,15.313492,15.646294,14.550774,14.960838,14.811943,14.700096,14.700096,14.718750,14.700096,15.146614,14.867805,15.016617,15.183723,14.700096,14.718750,14.681450,14.606796,15.313492,14.625465,15.220818,14.849190,14.494698,14.606796,14.681450,14.625465,14.588127,14.606796,14.550774,14.270103,14.681450,14.550774,14.382469,14.606796,13.932144,14.195114,14.345024,14.345024,14.326302,14.213860,14.700096,13.743858,14.382469,14.270103,13.932144,14.345024,14.232613,14.138817,13.838051,14.101280,13.574066,13.119759,
14.644127,16.143143,15.535500,16.088081,16.051353,16.564171,15.904274,16.271500,16.161499,15.738518,16.381371,16.381371,16.363075,16.253181,16.509377,16.545914,16.399666,16.363075,16.417961,16.014603,16.417961,15.793800,16.381371,15.959457,16.691910,16.326462,16.051353,16.051353,16.855865,16.198189,16.143143,16.801247,16.673668,16.308144,16.344765,16.454536,16.582436,16.655434,16.582436,16.509377,16.417961,16.746590,16.564171,16.344765,16.344765,16.819458,16.691910,16.491104,16.691910,16.655434,16.271500,16.710136,16.618950,16.618950,16.509377,16.582436,17.092117,16.472824,16.801247,16.928627,16.837654,16.509377,16.819458,16.946808,16.198189,16.691910,17.255310,17.055817,16.545914,16.527649,16.600693,17.073982,16.527649,16.892258,16.545914,16.837654,16.637184,16.819458,16.691910,17.182823,16.874062,17.128418,17.128418,16.783035,16.764816,16.710136,17.110275,16.491104,17.073982,16.728371,17.092117,16.582436,16.819458,16.764816,16.910439,16.691910,16.892258,17.092117,16.946808,16.837654,16.946808,17.146553,17.001335,17.219078,16.983162,16.564171,16.964989,17.146553,16.874062,17.255310,16.673668,16.308144,16.910439,16.801247,17.400101,16.892258,16.746590,16.527649,17.001335,16.892258,16.910439,16.728371,16.910439,16.271500,16.198189,16.928627,16.892258,16.964989,17.309639,16.728371,17.237198,16.964989,16.783035,17.073982,17.001335,17.182823,16.892258,17.110275,17.001335,17.073982,17.255310,17.164696,17.092117,17.454338,17.055817,17.327736,17.544655,17.273430,17.255310,17.742996,17.363930,17.706970,17.454338,17.073982,17.237198,17.055817,17.363930,17.291534,17.164696,17.761002,17.219078,17.219078,17.055817,17.526596,17.255310,17.273430,17.616829,17.345833,17.508537,17.128418,16.964989,17.291534,17.490471,17.219078,17.219078,17.327736,17.327736,17.255310,17.400101,17.400101,17.146553,17.128418,17.454338,17.526596,17.037659,17.237198,17.291534,17.146553,17.363930,17.128418,17.273430,17.490471,17.490471,17.562698,17.526596,17.019493,17.634865,17.526596,17.580750,18.048607,17.797005,17.508537,17.706970,17.706970,17.706970,17.688942,17.940880,17.976807,18.460312,17.994759,17.797005,18.585213,18.531708,18.656494,18.567383,18.531708,18.585213,18.656494,18.585213,18.905502,19.082909,19.118340,18.763306,19.224541,18.638680,19.047462,18.923264,19.153755,18.798882,19.348289,19.011993,19.153755,18.941017,18.816666,18.941017,18.781090,18.887749,18.531708,19.136055,18.941017,18.852211,18.994255,18.692123,18.567383,19.011993,18.567383,19.100624,18.603035,19.065178,18.781090,19.082909,19.206863,19.295280,18.976524,18.763306,18.869980,19.259926,19.330627,19.065178,19.383614,19.418907,19.136055,19.118340,19.383614,19.259926,19.295280,19.312950,19.365944,18.852211,19.206863,19.630394,19.082909,19.648003,19.277603,19.136055,18.923264,19.136055,19.171471,19.065178,18.781090,18.887749,18.763306,18.745514,18.763306,18.834435,18.638680,18.567383,18.496017,18.816666,18.478165,18.887749,18.549545,18.905502,18.852211,18.531708,18.709923,18.781090,18.370995,18.638680,18.388855,18.603035,18.709923,18.460312,18.496017,17.994759,18.549545,18.335236,18.245766,18.335236,18.174133,18.263664,18.012718,18.299454,18.353111,18.066551,17.761002,18.192039,17.904930,17.976807,18.012718,17.868965,17.976807,17.904930,17.958839,17.634865,17.850990,17.508537,17.436272,17.850990,17.073982,17.544655,17.363930,17.670921,17.073982,17.327736,17.219078,17.092117,17.092117,17.526596,17.291534,17.436272,17.001335,17.219078,16.819458,17.508537,17.182823,17.164696,17.309639,17.382019,16.983162,17.706970,17.237198,17.363930,17.436272,17.490471,17.219078,17.219078,17.400101,17.110275,16.964989,16.910439,17.182823,17.146553,17.128418,17.164696,17.092117,17.237198,17.255310,16.819458,17.327736,17.562698,16.928627,17.526596,16.983162,17.092117,17.291534,17.490471,17.110275,17.019493,17.309639,16.874062,17.472412,17.128418,17.019493,16.855865,16.946808,17.092117,17.146553,17.436272,16.764816,17.128418,16.892258,16.892258,16.983162,17.291534,17.400101,16.801247,17.110275,16.892258,16.527649,16.783035,16.855865,17.037659,16.910439,16.783035,16.946808,17.146553,16.855865,16.946808,16.783035,17.001335,17.019493,17.110275,17.001335,17.255310,16.964989,17.128418,17.073982,17.146553,17.019493,17.128418,16.691910,17.164696,16.764816,16.928627,17.092117,16.874062,16.801247,16.728371,16.673668,16.673668,16.928627,16.946808,17.436272,17.345833,16.728371,17.200951,17.418190,16.910439,17.019493,16.892258,17.128418,17.327736,16.234848,17.291534,16.764816,17.182823,16.874062,16.381371,16.655434,16.946808,16.892258,16.910439,16.855865,16.728371,16.892258,16.874062,16.746590,17.273430,16.928627,16.892258,16.783035,17.037659,16.764816,16.874062,16.874062,17.001335,17.001335,17.200951,17.110275,16.946808,16.673668,17.001335,17.237198,16.618950,16.928627,17.255310,17.418190,17.219078,16.509377,16.910439,16.710136,16.618950,16.983162,16.946808,16.472824,16.983162,16.600693,16.216530,16.892258,16.764816,16.837654,16.545914,16.855865,16.655434,17.092117,16.783035,16.417961,16.801247,17.309639,17.092117,16.946808,17.182823,17.255310,16.837654,17.001335,16.910439,16.928627,17.055817,16.710136,16.946808,17.128418,16.910439,17.001335,17.237198,16.910439,17.200951,17.454338,17.363930,17.073982,16.928627,17.273430,17.001335,17.164696,17.454338,17.472412,17.490471,17.182823,17.418190,17.092117,17.472412,17.688942,17.164696,17.652901,17.958839,18.066551,17.436272,17.670921,17.616829,17.922905,17.976807,17.472412,17.508537,17.454338,17.833000,17.761002,18.138290,17.742996,17.833000,17.833000,17.815002,17.562698,17.418190,17.742996,17.616829,17.868965,17.688942,18.066551,18.138290,17.761002,17.652901,17.652901,17.580750,17.652901,18.335236,17.472412,17.940880,17.634865,17.490471,17.309639,17.922905,17.652901,17.490471,17.164696,17.237198,17.255310,17.797005,17.761002,17.400101,17.200951,16.928627,16.673668,17.092117,16.819458,16.801247,16.344765,16.069710,16.472824,15.590912,16.032974,14.998024,15.202286,15.128059,15.165176,15.035194,14.700096,14.942238,14.793312,14.756035,15.128059,14.867805,14.606796,15.220818,14.756035,14.960838,14.849190,14.830566,14.998024,14.494698,14.979439,14.550774,14.644127,14.550774,14.326302,14.532082,15.128059,14.700096,15.053780,14.251350,14.606796,14.886414,14.270103,14.307571,14.232613,14.849190,14.905037,14.382469,14.101280,14.063721,14.326302,14.457298,14.007355,13.969765,14.101280,13.856880,13.838051,13.517403,14.063721,13.875710,12.223610,
15.830643,15.812218,16.253181,15.701637,16.344765,15.885872,15.885872,16.014603,15.572441,15.738518,16.179840,15.996223,16.088081,15.941071,16.326462,15.885872,16.491104,16.124794,16.069710,16.069710,16.691910,16.106438,16.399666,16.179840,16.289825,16.363075,16.289825,16.216530,16.673668,16.216530,16.143143,16.271500,16.363075,15.775375,16.509377,16.564171,16.381371,16.198189,16.637184,16.564171,16.417961,16.673668,16.491104,16.819458,16.855865,16.363075,16.289825,16.783035,16.946808,16.746590,16.436256,16.289825,16.124794,16.673668,16.618950,16.655434,16.819458,16.545914,16.491104,16.673668,16.399666,16.874062,16.637184,16.527649,17.562698,16.892258,16.801247,16.545914,16.783035,16.582436,16.910439,16.746590,16.983162,17.037659,16.289825,16.564171,17.182823,16.837654,16.399666,17.001335,16.545914,16.399666,16.910439,16.764816,17.291534,17.019493,16.399666,16.855865,17.055817,16.946808,16.964989,16.527649,16.874062,16.637184,16.472824,16.892258,17.001335,16.746590,16.892258,17.164696,16.837654,16.928627,16.710136,16.728371,17.055817,16.618950,16.618950,16.564171,16.783035,16.964989,16.655434,16.600693,16.964989,16.928627,16.673668,17.309639,16.928627,16.417961,17.037659,16.964989,16.710136,16.837654,16.910439,16.399666,17.073982,16.509377,17.073982,16.910439,17.309639,16.764816,17.363930,17.255310,16.819458,17.128418,17.073982,17.309639,17.219078,16.837654,17.055817,16.855865,17.327736,17.327736,17.454338,17.128418,17.850990,17.164696,17.363930,17.255310,17.400101,17.182823,17.363930,16.837654,17.490471,17.164696,17.526596,17.400101,17.110275,17.345833,17.363930,17.200951,17.219078,17.128418,17.110275,17.598785,17.237198,17.237198,17.291534,17.382019,17.128418,17.182823,17.110275,17.110275,16.964989,17.454338,17.092117,17.291534,17.418190,17.544655,17.580750,17.055817,17.255310,17.037659,17.219078,17.436272,17.472412,17.128418,17.418190,17.291534,17.454338,17.580750,17.273430,17.363930,17.454338,17.580750,17.418190,17.345833,17.436272,17.616829,17.833000,17.742996,17.652901,17.580750,17.868965,17.436272,17.562698,17.904930,17.688942,17.976807,18.281563,18.353111,18.281563,18.156204,18.674309,18.513863,18.656494,18.120361,18.567383,18.781090,18.781090,18.816666,18.816666,18.869980,18.994255,18.923264,18.638680,18.923264,19.189156,19.011993,19.100624,18.994255,19.295280,19.507095,18.994255,18.958771,18.692123,18.994255,18.976524,18.513863,18.923264,18.620857,18.923264,18.905502,18.852211,19.153755,18.567383,19.136055,18.763306,18.709923,18.620857,18.816666,18.887749,19.171471,19.295280,18.941017,18.976524,18.887749,18.869980,18.994255,19.206863,18.834435,19.242241,19.082909,19.224541,19.029732,18.834435,19.595184,19.559967,19.471832,19.136055,19.153755,19.189156,18.905502,19.082909,18.887749,19.189156,19.189156,19.295280,18.620857,19.189156,18.727722,18.745514,18.692123,19.153755,18.763306,19.136055,18.531708,18.763306,18.567383,18.638680,18.281563,18.905502,18.834435,19.153755,18.585213,19.065178,18.745514,18.692123,18.638680,18.442459,18.603035,18.245766,18.478165,18.834435,18.442459,18.424599,17.922905,18.263664,18.335236,18.066551,18.245766,18.030663,18.138290,18.335236,17.833000,18.388855,17.886955,18.138290,18.030663,17.580750,17.868965,17.652901,17.868965,18.048607,17.598785,17.815002,17.724983,17.706970,17.652901,17.562698,17.634865,17.616829,17.237198,17.616829,17.382019,17.779015,17.255310,17.544655,17.508537,17.400101,17.219078,17.291534,17.055817,17.363930,16.764816,17.562698,17.400101,17.291534,17.219078,17.255310,17.291534,17.490471,17.363930,17.200951,17.309639,17.472412,17.508537,17.670921,17.742996,17.309639,16.837654,16.983162,16.710136,16.783035,17.182823,16.964989,17.237198,17.073982,17.019493,17.616829,17.418190,17.345833,17.146553,17.363930,17.850990,17.037659,17.291534,17.273430,17.092117,17.291534,17.164696,17.200951,16.673668,17.182823,17.073982,17.037659,17.073982,17.182823,16.946808,17.001335,17.055817,17.110275,16.928627,17.291534,17.092117,16.564171,16.837654,17.092117,17.182823,16.964989,16.837654,16.964989,17.237198,16.837654,16.928627,16.874062,17.128418,16.910439,16.746590,16.801247,17.092117,16.655434,17.055817,17.128418,17.092117,16.655434,16.673668,16.928627,17.128418,16.728371,17.001335,16.783035,17.055817,16.673668,17.418190,16.783035,17.237198,17.237198,16.946808,16.545914,17.092117,16.764816,16.710136,17.164696,16.892258,16.837654,17.164696,17.182823,17.164696,17.019493,16.582436,17.073982,16.855865,16.691910,16.819458,17.073982,16.983162,17.019493,16.910439,16.892258,16.801247,16.892258,16.801247,16.764816,16.874062,17.219078,16.783035,16.783035,16.983162,16.983162,16.946808,16.910439,17.001335,16.946808,16.746590,16.728371,16.983162,17.055817,16.837654,17.255310,16.910439,16.801247,17.092117,17.092117,16.746590,16.436256,17.110275,16.874062,16.728371,16.964989,16.874062,17.382019,16.618950,17.164696,16.837654,16.618950,16.527649,16.564171,16.436256,17.092117,16.454536,16.801247,16.564171,16.964989,16.892258,17.128418,16.892258,16.837654,17.327736,16.728371,16.764816,17.237198,17.363930,16.819458,17.001335,17.219078,16.910439,16.837654,17.128418,17.219078,16.855865,17.055817,16.837654,16.892258,16.946808,17.742996,17.128418,17.345833,17.019493,17.110275,17.200951,17.363930,17.327736,17.580750,17.724983,17.706970,17.598785,17.128418,17.598785,17.146553,17.616829,17.345833,17.797005,17.037659,17.255310,17.994759,17.634865,17.886955,17.616829,18.245766,17.670921,17.706970,17.940880,17.904930,17.544655,17.779015,18.156204,17.815002,17.544655,17.833000,18.066551,18.048607,17.544655,17.724983,17.580750,18.066551,17.994759,18.102425,17.706970,17.670921,18.513863,17.706970,17.291534,17.958839,17.833000,17.652901,17.418190,17.797005,17.472412,17.868965,17.976807,17.616829,17.670921,17.526596,17.598785,17.382019,17.761002,17.073982,17.580750,17.146553,17.128418,17.472412,16.527649,16.564171,16.106438,16.436256,16.655434,16.381371,16.308144,15.996223,15.867470,15.701637,15.313492,15.202286,14.774681,14.550774,14.905037,14.793312,14.923637,14.756035,15.294960,14.923637,14.774681,14.588127,15.035194,14.942238,14.550774,14.700096,14.419891,14.588127,14.438606,14.793312,14.756035,14.532082,14.476006,14.457298,14.345024,14.513397,15.090919,14.195114,14.457298,14.718750,14.176346,14.382469,13.913338,14.457298,14.476006,14.476006,14.606796,13.725006,14.288834,14.251350,13.950951,14.213860,14.157593,14.007355,13.894524,14.307571,14.007355,13.725006,12.872734,
15.109489,16.253181,16.436256,15.885872,16.216530,16.051353,16.600693,16.051353,16.032974,15.977844,16.582436,15.590912,16.527649,16.051353,16.289825,16.198189,16.051353,15.941071,15.904274,16.051353,16.198189,16.216530,16.271500,16.326462,16.600693,16.143143,16.014603,15.885872,16.289825,16.381371,16.289825,16.289825,16.253181,15.959457,16.308144,15.867470,16.069710,16.837654,16.399666,16.600693,16.326462,16.527649,16.509377,16.179840,16.673668,16.326462,16.417961,16.673668,16.363075,15.793800,16.491104,17.001335,16.088081,16.874062,16.417961,16.618950,16.655434,16.618950,16.436256,16.436256,16.710136,16.618950,16.746590,16.527649,16.472824,16.710136,16.874062,16.637184,16.381371,16.910439,16.472824,16.691910,16.819458,16.637184,16.746590,16.746590,16.436256,17.037659,16.710136,17.001335,16.964989,17.037659,16.637184,16.326462,16.855865,16.928627,16.436256,16.582436,16.161499,16.673668,17.092117,16.527649,16.637184,16.855865,16.746590,16.216530,16.545914,16.491104,16.637184,16.655434,17.146553,16.983162,16.618950,16.363075,17.037659,16.673668,16.892258,16.783035,16.801247,16.946808,16.801247,16.855865,16.673668,16.964989,16.855865,16.837654,17.146553,16.527649,16.946808,16.819458,16.564171,17.037659,16.983162,17.001335,16.874062,16.946808,16.637184,17.219078,16.691910,16.051353,16.910439,16.874062,16.874062,17.454338,17.037659,16.855865,17.128418,17.182823,17.200951,16.673668,17.146553,17.001335,16.874062,17.128418,17.508537,16.964989,17.363930,17.309639,17.273430,17.146553,17.146553,17.255310,17.309639,17.472412,16.855865,17.273430,17.146553,17.110275,16.892258,17.237198,17.037659,17.472412,17.146553,16.855865,17.544655,17.164696,17.164696,17.418190,17.490471,17.092117,17.092117,17.019493,17.073982,17.164696,17.273430,17.110275,17.255310,17.001335,16.637184,16.855865,17.110275,17.580750,16.983162,17.128418,17.454338,17.055817,16.855865,17.219078,17.706970,17.255310,17.454338,17.110275,17.454338,17.761002,17.400101,17.490471,17.544655,17.400101,17.200951,17.652901,17.237198,17.472412,17.976807,18.174133,17.670921,17.886955,18.102425,18.209953,18.317345,18.030663,18.120361,18.549545,18.299454,18.816666,18.638680,18.674309,18.603035,18.834435,18.976524,18.834435,19.082909,18.638680,18.869980,18.709923,18.994255,18.745514,18.887749,19.011993,19.312950,19.118340,19.029732,19.348289,19.029732,18.816666,19.047462,18.745514,19.047462,18.567383,18.763306,18.976524,18.674309,18.941017,18.923264,18.958771,18.567383,18.869980,18.620857,18.834435,19.082909,18.798882,18.905502,18.905502,18.994255,18.941017,19.189156,18.976524,19.047462,19.011993,19.065178,18.603035,18.869980,19.171471,19.436554,19.295280,19.330627,19.542351,19.295280,19.224541,19.383614,19.136055,19.100624,19.065178,19.330627,19.047462,19.065178,19.082909,19.277603,18.781090,19.312950,18.887749,19.082909,18.727722,18.531708,18.406731,18.745514,18.603035,18.763306,18.674309,18.798882,18.941017,18.834435,18.370995,18.567383,18.531708,18.656494,18.442459,18.460312,18.317345,18.798882,18.245766,18.478165,18.958771,18.353111,18.299454,18.460312,18.245766,18.353111,18.335236,18.531708,18.603035,18.442459,18.245766,17.904930,18.478165,18.245766,17.940880,18.030663,18.156204,17.761002,18.030663,17.797005,17.833000,17.868965,17.994759,17.508537,17.164696,17.345833,17.544655,17.309639,17.418190,17.382019,17.652901,17.868965,17.146553,17.688942,17.562698,17.472412,16.983162,17.670921,17.526596,17.363930,17.363930,17.019493,17.291534,17.110275,17.436272,17.544655,17.001335,17.255310,16.764816,17.055817,17.200951,17.327736,17.418190,17.472412,17.327736,17.508537,17.382019,17.073982,17.418190,17.019493,17.128418,17.200951,17.237198,17.490471,16.837654,17.128418,17.128418,17.291534,17.110275,17.255310,17.128418,17.761002,17.092117,17.418190,17.055817,17.309639,17.508537,16.983162,17.327736,17.019493,17.237198,17.580750,16.673668,17.146553,17.382019,17.092117,17.291534,16.964989,17.055817,17.092117,16.892258,17.418190,16.673668,17.073982,16.783035,17.200951,17.273430,16.964989,16.928627,16.746590,16.892258,16.928627,17.309639,17.273430,16.691910,16.417961,16.874062,16.946808,16.801247,16.910439,16.910439,16.618950,17.019493,16.928627,16.874062,16.710136,17.092117,17.037659,16.946808,16.363075,16.910439,16.728371,16.837654,16.910439,16.983162,16.855865,16.764816,17.019493,16.964989,16.946808,16.491104,16.819458,17.037659,17.164696,16.764816,16.582436,16.946808,17.164696,16.746590,16.527649,16.837654,16.637184,16.819458,17.182823,16.837654,17.037659,16.874062,17.001335,17.182823,16.600693,16.582436,16.491104,16.892258,16.728371,16.618950,16.983162,16.801247,16.928627,16.874062,16.928627,16.655434,17.092117,16.253181,17.092117,16.874062,16.600693,17.255310,17.073982,16.946808,16.691910,17.055817,16.783035,16.801247,16.964989,16.801247,17.092117,16.728371,17.055817,17.110275,16.618950,16.837654,16.801247,16.964989,16.655434,16.874062,17.019493,16.582436,16.527649,16.746590,17.164696,16.673668,16.600693,16.819458,16.600693,16.801247,16.928627,16.928627,17.110275,16.874062,16.964989,16.545914,17.634865,16.819458,16.801247,17.327736,17.273430,16.801247,17.001335,16.928627,16.983162,17.200951,17.219078,16.928627,17.400101,17.363930,17.327736,17.001335,17.073982,16.746590,16.946808,17.273430,17.255310,17.436272,17.128418,17.327736,17.382019,17.472412,17.652901,17.182823,17.363930,17.833000,17.761002,17.309639,17.779015,17.779015,17.850990,17.797005,17.868965,17.797005,17.922905,17.436272,17.922905,17.958839,17.940880,18.156204,18.281563,17.670921,17.940880,18.245766,17.940880,17.904930,18.192039,17.652901,17.976807,17.327736,18.156204,17.490471,18.138290,17.904930,18.084496,17.580750,18.048607,18.012718,17.742996,17.797005,17.652901,17.598785,17.761002,17.472412,17.580750,17.706970,17.526596,17.976807,17.616829,17.237198,17.580750,17.580750,17.562698,17.544655,17.219078,17.055817,16.964989,17.092117,16.436256,16.289825,16.527649,15.922668,16.051353,16.088081,15.313492,14.644127,15.332008,15.053780,14.905037,14.401184,14.886414,14.979439,15.109489,15.072350,14.849190,15.053780,14.867805,15.128059,15.053780,14.979439,14.606796,14.550774,15.202286,14.700096,14.737404,14.232613,14.700096,14.345024,14.737404,14.998024,15.072350,14.476006,14.960838,14.718750,14.270103,14.419891,14.288834,13.894524,13.913338,14.606796,14.700096,14.550774,14.270103,13.875710,14.476006,14.063721,13.725006,13.950951,14.494698,13.856880,14.007355,14.232613,13.555183,13.517403,
15.480049,15.609375,16.710136,15.683197,15.701637,15.941071,16.106438,16.326462,16.106438,16.454536,15.683197,15.849052,16.308144,15.793800,16.363075,15.922668,16.234848,16.363075,16.124794,16.106438,15.941071,16.491104,16.491104,15.498535,16.326462,15.941071,16.527649,16.637184,16.673668,16.014603,16.198189,15.922668,16.527649,16.673668,16.655434,16.399666,16.837654,16.436256,16.509377,15.830643,16.946808,16.399666,16.527649,16.051353,16.491104,16.051353,16.344765,16.436256,16.691910,16.417961,16.399666,16.527649,16.582436,16.088081,16.527649,16.673668,16.363075,16.216530,16.417961,16.344765,16.746590,16.491104,17.092117,16.253181,17.055817,16.491104,16.509377,16.344765,16.472824,16.472824,16.308144,16.381371,16.983162,16.983162,16.673668,16.436256,16.326462,16.545914,16.399666,16.491104,16.710136,16.509377,16.837654,16.837654,17.019493,16.691910,16.417961,16.564171,16.710136,16.417961,16.600693,16.746590,17.019493,16.216530,16.600693,16.691910,16.600693,16.545914,16.637184,16.527649,16.637184,16.691910,16.746590,16.344765,16.928627,16.764816,17.291534,16.801247,16.946808,16.746590,17.037659,16.964989,16.837654,16.618950,16.600693,17.092117,17.200951,16.710136,16.691910,16.509377,16.783035,16.618950,17.055817,16.801247,16.545914,16.928627,17.037659,16.728371,17.001335,16.801247,16.509377,17.092117,17.055817,16.600693,17.001335,17.400101,17.164696,16.691910,16.983162,17.073982,17.019493,16.892258,17.037659,17.327736,17.454338,17.219078,17.363930,17.400101,17.598785,17.073982,17.382019,17.291534,17.037659,16.892258,17.200951,17.073982,17.472412,17.508537,17.345833,17.001335,17.436272,17.490471,17.146553,17.454338,17.255310,17.526596,17.382019,17.544655,17.237198,17.110275,17.219078,16.964989,17.146553,17.309639,17.363930,16.691910,17.255310,17.273430,17.400101,17.255310,17.110275,17.200951,17.797005,17.382019,17.580750,17.182823,17.418190,17.598785,17.472412,17.454338,17.182823,17.418190,17.255310,17.164696,17.580750,17.418190,17.580750,17.562698,17.508537,17.833000,17.833000,17.309639,17.868965,18.227867,17.652901,17.922905,17.779015,18.012718,18.227867,18.156204,18.424599,18.084496,18.585213,18.227867,18.424599,18.549545,18.317345,18.958771,18.531708,18.370995,18.620857,18.727722,18.994255,18.994255,18.994255,18.941017,18.834435,19.100624,18.727722,19.206863,19.118340,19.118340,18.798882,18.887749,18.745514,18.585213,19.011993,18.958771,18.763306,19.100624,18.674309,18.958771,18.727722,18.692123,18.869980,18.923264,18.745514,18.905502,18.727722,18.869980,19.029732,18.692123,18.638680,18.994255,19.082909,18.941017,19.171471,19.047462,18.816666,18.727722,18.781090,19.365944,19.259926,19.401253,19.100624,19.100624,19.348289,19.454201,19.295280,19.011993,19.065178,19.011993,19.577583,18.905502,19.348289,19.065178,19.171471,18.745514,18.263664,18.958771,18.941017,18.923264,18.781090,18.692123,18.798882,18.745514,18.620857,18.603035,18.674309,18.299454,18.816666,18.513863,18.709923,18.567383,18.923264,18.460312,18.976524,18.941017,19.011993,18.442459,18.496017,18.994255,18.620857,18.406731,18.727722,18.388855,18.263664,18.478165,18.317345,18.478165,18.388855,18.531708,18.299454,18.048607,18.496017,18.406731,18.299454,17.850990,18.048607,17.779015,17.670921,17.670921,17.616829,17.688942,17.724983,17.886955,17.580750,17.598785,17.273430,17.418190,17.418190,17.724983,17.580750,17.490471,17.418190,17.164696,17.382019,17.904930,17.128418,17.400101,16.874062,17.219078,17.237198,17.363930,17.418190,17.200951,17.309639,17.255310,17.634865,17.019493,17.255310,17.073982,17.363930,17.345833,17.526596,17.273430,17.219078,17.219078,17.418190,17.200951,17.724983,16.928627,17.327736,17.598785,17.327736,17.400101,17.001335,16.874062,17.219078,17.019493,16.983162,16.855865,17.436272,17.237198,16.964989,16.874062,17.400101,17.219078,17.073982,16.928627,17.128418,17.037659,17.055817,17.219078,17.092117,16.710136,16.783035,16.910439,17.182823,16.892258,16.874062,16.855865,16.964989,16.892258,16.892258,17.092117,17.037659,17.255310,17.092117,16.910439,16.655434,17.055817,16.764816,16.783035,16.819458,17.182823,16.746590,16.801247,16.436256,16.801247,17.055817,16.746590,16.910439,16.783035,16.728371,17.019493,17.037659,16.874062,16.764816,16.764816,16.892258,16.691910,16.946808,16.874062,17.291534,16.783035,16.946808,16.673668,16.801247,16.673668,16.783035,16.874062,16.855865,16.746590,16.618950,16.874062,16.892258,17.001335,16.764816,16.946808,16.837654,16.946808,16.855865,16.545914,16.527649,16.764816,16.764816,16.783035,16.491104,16.491104,16.874062,16.855865,16.855865,16.691910,16.655434,16.746590,16.454536,16.855865,16.655434,16.764816,16.417961,17.182823,16.728371,17.037659,16.618950,17.037659,17.291534,17.055817,16.691910,16.910439,16.491104,16.673668,17.037659,17.001335,16.964989,17.146553,17.146553,16.600693,16.509377,16.491104,16.764816,16.673668,16.655434,16.728371,16.691910,16.582436,17.309639,16.271500,16.655434,17.001335,16.691910,16.253181,17.055817,16.472824,17.400101,17.382019,17.019493,16.764816,16.637184,16.710136,17.200951,16.819458,17.436272,17.092117,16.691910,16.855865,17.309639,17.019493,17.073982,16.655434,16.564171,16.983162,16.928627,17.001335,16.819458,17.182823,17.508537,17.092117,17.055817,16.892258,17.110275,17.382019,17.200951,16.910439,17.634865,17.309639,17.418190,17.237198,17.652901,17.508537,17.508537,18.012718,17.454338,17.580750,18.370995,17.652901,17.994759,17.454338,18.263664,18.317345,18.388855,17.904930,17.833000,18.620857,17.670921,18.030663,18.156204,17.724983,17.706970,17.976807,18.192039,18.012718,18.084496,17.797005,18.335236,18.102425,17.868965,17.526596,18.138290,17.742996,17.688942,17.634865,17.526596,17.815002,17.904930,18.120361,18.048607,17.598785,17.652901,17.652901,17.544655,17.327736,17.670921,17.706970,17.544655,17.400101,17.706970,17.273430,17.182823,17.110275,17.001335,17.073982,16.874062,16.783035,16.564171,16.253181,16.436256,16.088081,15.738518,15.830643,15.239365,15.406059,15.016617,15.183723,15.202286,14.905037,15.146614,15.294960,14.625465,14.718750,14.942238,14.513397,14.681450,15.202286,15.128059,14.886414,14.494698,14.213860,14.606796,15.016617,14.476006,14.363747,14.756035,14.644127,14.811943,14.588127,14.588127,15.016617,14.176346,14.494698,14.774681,14.251350,14.532082,14.438606,14.345024,14.569450,14.007355,14.195114,14.419891,14.063721,14.195114,14.438606,14.401184,14.662788,13.819221,14.476006,14.138817,14.382469,14.195114,13.725006,
14.886414,15.683197,16.088081,16.491104,15.609375,15.350533,16.399666,16.088081,16.179840,15.553970,16.582436,16.381371,16.271500,15.609375,16.344765,16.051353,16.234848,16.032974,16.399666,15.996223,16.032974,15.756950,16.198189,16.381371,15.812218,16.509377,16.491104,16.271500,16.143143,16.106438,15.977844,16.289825,15.977844,15.646294,16.143143,16.198189,15.996223,15.812218,16.069710,16.344765,16.326462,15.885872,16.946808,16.381371,16.746590,16.106438,16.691910,16.436256,17.037659,16.363075,16.472824,16.014603,16.801247,16.399666,15.959457,16.216530,16.527649,16.855865,16.527649,16.234848,17.073982,16.783035,16.783035,16.600693,16.344765,16.143143,16.819458,16.472824,16.983162,16.746590,16.582436,16.326462,16.801247,16.618950,16.491104,16.728371,16.198189,16.801247,16.234848,16.509377,16.637184,16.564171,16.783035,16.491104,17.001335,16.874062,16.637184,16.600693,16.710136,16.673668,16.691910,16.764816,16.491104,16.216530,16.618950,16.491104,16.928627,16.746590,16.618950,16.746590,16.710136,16.855865,16.491104,16.819458,16.564171,16.436256,16.710136,16.582436,17.019493,16.964989,16.819458,16.892258,16.491104,16.855865,16.691910,16.673668,16.892258,16.527649,16.564171,16.964989,16.728371,16.491104,16.946808,16.892258,16.928627,16.527649,17.092117,16.710136,17.182823,16.874062,17.092117,16.691910,16.964989,17.219078,16.491104,17.182823,16.673668,16.819458,17.019493,16.910439,17.073982,17.001335,17.508537,17.345833,17.110275,17.237198,17.544655,17.019493,17.037659,17.073982,17.110275,17.037659,16.983162,17.436272,17.001335,17.508537,17.146553,17.544655,17.418190,16.946808,17.110275,17.454338,17.418190,16.764816,17.526596,17.092117,17.073982,17.164696,17.508537,17.237198,17.472412,16.874062,17.363930,17.309639,17.237198,17.291534,16.983162,17.327736,17.345833,17.237198,17.327736,17.363930,17.291534,17.526596,17.382019,17.219078,17.616829,17.291534,17.345833,17.761002,17.544655,17.110275,17.382019,17.508537,17.761002,17.454338,17.670921,17.526596,17.940880,17.850990,17.544655,18.012718,17.616829,17.833000,18.299454,17.886955,18.245766,18.353111,18.156204,18.012718,18.138290,18.335236,18.424599,17.904930,18.496017,18.299454,18.513863,18.424599,18.727722,18.656494,18.638680,18.692123,18.941017,18.763306,18.816666,18.941017,18.941017,18.887749,19.047462,18.958771,19.171471,19.100624,18.994255,19.118340,19.100624,18.976524,18.763306,18.816666,18.869980,18.781090,19.224541,18.549545,18.585213,18.567383,18.834435,18.781090,18.781090,18.852211,19.011993,18.816666,19.100624,18.976524,18.638680,18.816666,18.941017,18.887749,18.781090,18.958771,19.224541,18.976524,18.869980,18.958771,19.330627,19.029732,18.905502,19.047462,18.692123,18.941017,19.348289,19.065178,19.011993,18.958771,19.471832,18.958771,19.153755,19.259926,19.136055,18.603035,19.277603,18.745514,18.869980,19.189156,18.620857,18.531708,18.727722,18.941017,18.674309,18.496017,18.727722,18.798882,18.834435,18.692123,18.798882,18.638680,18.638680,18.727722,19.136055,18.656494,18.549545,18.620857,18.585213,18.709923,18.727722,18.567383,18.245766,18.496017,18.941017,18.442459,18.353111,18.620857,18.192039,18.478165,18.030663,18.174133,18.012718,18.281563,18.066551,18.084496,17.598785,18.030663,17.779015,18.030663,17.616829,17.904930,18.353111,17.706970,17.400101,17.868965,17.327736,17.652901,17.724983,17.182823,17.688942,17.309639,17.706970,17.724983,17.273430,17.182823,17.092117,17.001335,17.418190,17.019493,16.946808,17.418190,17.526596,17.382019,17.237198,16.892258,17.598785,17.327736,17.291534,17.182823,17.472412,17.544655,17.382019,17.200951,17.400101,16.855865,17.291534,17.345833,17.418190,16.892258,17.092117,17.363930,17.219078,17.110275,17.164696,16.983162,17.291534,17.255310,17.128418,17.146553,17.580750,17.037659,17.146553,16.946808,17.055817,17.472412,17.400101,16.801247,17.037659,16.910439,17.182823,16.746590,17.092117,16.582436,16.673668,16.454536,16.764816,16.600693,17.037659,16.746590,16.819458,17.182823,16.454536,16.946808,17.037659,16.783035,17.110275,16.381371,16.892258,17.327736,16.527649,16.673668,16.618950,16.600693,17.327736,16.837654,16.673668,16.564171,16.454536,16.691910,16.308144,16.691910,17.019493,16.655434,17.255310,16.783035,16.892258,16.600693,16.509377,16.783035,17.146553,16.746590,16.874062,16.491104,16.234848,16.417961,16.946808,16.764816,16.892258,16.801247,16.928627,17.001335,16.874062,17.237198,17.073982,16.710136,16.509377,16.710136,17.001335,16.764816,16.819458,17.219078,16.746590,16.855865,16.946808,16.764816,16.637184,16.728371,16.874062,16.545914,17.019493,16.746590,16.655434,16.928627,16.892258,16.545914,16.618950,17.128418,16.874062,16.801247,17.001335,16.673668,16.728371,17.019493,16.983162,16.837654,17.037659,17.019493,17.092117,16.892258,16.801247,17.073982,16.618950,16.801247,17.037659,17.073982,17.164696,17.092117,17.092117,16.746590,16.837654,16.655434,16.691910,16.691910,17.200951,16.964989,16.801247,16.673668,17.400101,16.892258,16.928627,17.001335,16.910439,16.946808,17.291534,16.910439,17.146553,16.946808,17.454338,16.801247,17.363930,16.946808,16.764816,16.819458,17.019493,17.345833,17.219078,16.855865,16.946808,17.146553,17.273430,16.892258,16.801247,17.092117,17.327736,17.073982,17.182823,17.363930,17.688942,17.110275,16.964989,17.598785,17.670921,17.544655,17.436272,17.634865,17.309639,17.652901,17.382019,17.472412,17.544655,17.724983,17.761002,17.544655,17.922905,17.904930,18.066551,17.994759,17.761002,17.724983,18.192039,18.138290,18.048607,18.227867,17.940880,18.174133,17.797005,18.460312,17.850990,17.779015,18.299454,17.833000,18.084496,17.833000,17.616829,18.138290,17.652901,17.868965,17.850990,17.092117,18.227867,17.958839,17.327736,17.598785,17.742996,18.120361,17.850990,17.472412,17.688942,17.382019,17.904930,17.309639,17.544655,17.490471,17.562698,16.855865,17.562698,16.764816,17.400101,17.291534,16.910439,17.073982,16.637184,16.582436,16.655434,15.941071,16.069710,15.849052,15.756950,15.165176,15.387550,15.109489,14.063721,14.737404,15.220818,14.700096,15.016617,14.644127,14.905037,15.202286,14.532082,15.369041,15.035194,15.035194,14.811943,14.532082,14.774681,14.774681,14.644127,14.513397,14.681450,14.438606,14.700096,15.202286,14.326302,14.419891,15.072350,14.438606,14.606796,14.476006,14.419891,14.476006,15.239365,14.176346,14.082504,14.157593,14.382469,14.157593,14.419891,14.401184,14.007355,13.668427,14.101280,14.026146,13.988556,13.460693,13.800392,13.536285,
16.124794,15.646294,15.922668,15.480049,15.922668,15.977844,15.738518,15.461563,16.143143,15.977844,16.527649,16.271500,16.161499,16.088081,15.738518,16.088081,16.014603,15.701637,16.326462,15.996223,16.545914,16.253181,16.143143,16.381371,16.179840,16.179840,16.124794,16.216530,15.701637,15.756950,16.143143,16.253181,16.326462,16.454536,16.143143,16.032974,16.253181,16.179840,16.783035,16.289825,16.472824,16.399666,16.308144,16.545914,16.564171,15.590912,16.509377,16.381371,16.198189,16.728371,16.161499,15.977844,16.691910,16.051353,16.381371,15.922668,16.454536,16.874062,16.417961,16.472824,16.417961,16.764816,16.764816,16.472824,16.728371,16.399666,16.472824,16.746590,16.655434,16.491104,16.637184,16.527649,16.728371,16.326462,16.855865,16.655434,16.874062,16.417961,16.691910,16.289825,16.710136,16.783035,16.564171,16.436256,17.037659,16.746590,16.527649,16.910439,16.710136,16.308144,16.837654,16.801247,16.746590,16.253181,16.436256,16.509377,16.892258,16.874062,16.691910,15.904274,16.399666,16.691910,16.783035,16.198189,16.600693,16.819458,16.728371,16.728371,17.001335,17.037659,16.417961,16.691910,17.110275,16.637184,16.509377,16.308144,16.710136,16.234848,16.819458,16.069710,16.417961,16.655434,16.764816,16.673668,16.600693,16.637184,16.509377,16.728371,16.637184,16.491104,17.019493,16.637184,16.710136,16.655434,16.728371,16.819458,17.382019,17.363930,16.910439,17.418190,17.128418,17.110275,17.454338,16.892258,17.092117,17.164696,17.092117,17.327736,17.562698,17.001335,17.255310,17.309639,17.237198,17.128418,17.128418,17.327736,17.092117,17.309639,17.200951,17.255310,17.164696,16.983162,17.508537,16.964989,17.019493,17.182823,17.092117,17.255310,17.400101,17.200951,17.110275,16.983162,17.940880,17.472412,17.526596,17.327736,17.580750,17.291534,17.363930,16.892258,17.544655,16.983162,17.128418,17.182823,16.964989,17.055817,17.327736,17.526596,17.164696,17.490471,17.092117,17.454338,17.688942,17.580750,17.797005,17.363930,17.472412,17.327736,17.436272,17.886955,17.797005,17.833000,17.526596,18.156204,17.904930,17.940880,18.174133,17.652901,18.012718,18.066551,18.496017,18.281563,18.299454,18.353111,18.496017,18.281563,18.549545,18.335236,18.798882,18.048607,18.567383,18.852211,18.887749,18.442459,19.047462,18.603035,19.136055,19.029732,19.136055,18.727722,18.905502,18.496017,19.153755,18.674309,18.923264,18.656494,19.153755,18.727722,18.869980,18.923264,18.958771,18.869980,18.941017,18.513863,18.620857,18.620857,19.206863,18.869980,18.513863,19.029732,18.905502,19.136055,18.709923,19.029732,18.816666,18.905502,18.958771,18.620857,18.567383,18.763306,19.082909,19.189156,19.365944,19.206863,19.047462,19.189156,19.065178,19.171471,18.941017,18.941017,18.941017,18.869980,19.224541,19.171471,19.029732,18.781090,19.118340,18.923264,18.549545,18.763306,18.958771,19.047462,18.727722,18.816666,18.834435,18.603035,18.887749,18.727722,18.763306,18.585213,18.656494,18.603035,18.585213,18.834435,18.781090,18.406731,18.709923,18.834435,18.745514,18.656494,18.335236,19.011993,19.047462,18.603035,18.674309,18.388855,18.531708,18.192039,18.442459,18.549545,18.245766,18.245766,18.549545,18.353111,18.192039,18.513863,18.227867,17.976807,18.066551,18.138290,18.245766,17.400101,18.156204,17.922905,17.580750,17.706970,17.508537,17.634865,17.797005,17.490471,17.562698,17.454338,17.363930,17.400101,17.562698,17.418190,17.526596,17.345833,17.273430,17.345833,17.164696,17.345833,17.327736,17.273430,17.544655,16.837654,17.237198,17.182823,17.019493,17.164696,17.092117,17.255310,17.273430,16.983162,17.562698,17.219078,17.309639,17.200951,17.706970,17.508537,17.418190,17.019493,17.273430,17.382019,17.200951,17.273430,17.291534,17.055817,17.001335,17.182823,17.562698,16.710136,17.400101,16.637184,17.255310,16.855865,17.073982,17.037659,17.092117,17.001335,17.219078,17.164696,16.655434,17.146553,16.874062,16.855865,16.837654,16.673668,17.055817,16.728371,17.128418,16.637184,17.146553,16.746590,17.255310,16.983162,17.092117,16.855865,16.946808,16.399666,17.146553,16.618950,16.892258,16.655434,17.019493,16.855865,17.382019,16.928627,16.417961,17.019493,16.983162,16.710136,17.164696,16.928627,16.746590,16.746590,17.400101,16.600693,16.764816,17.164696,17.237198,16.618950,17.055817,16.600693,17.019493,16.527649,16.874062,16.892258,16.764816,16.819458,17.110275,16.874062,16.582436,16.691910,16.874062,17.019493,17.001335,16.673668,17.073982,17.418190,16.691910,16.746590,16.710136,16.363075,16.928627,16.837654,16.892258,16.710136,17.146553,16.600693,16.472824,16.801247,16.819458,16.855865,16.783035,16.582436,16.874062,16.655434,16.710136,16.673668,16.637184,16.618950,16.491104,17.055817,16.655434,16.746590,16.819458,16.764816,16.600693,16.600693,16.746590,16.910439,16.691910,16.746590,16.764816,16.946808,16.819458,16.983162,16.436256,16.710136,16.819458,17.001335,17.526596,16.545914,17.055817,17.291534,17.037659,17.037659,16.910439,17.164696,16.691910,16.728371,16.655434,17.309639,17.291534,17.454338,17.164696,17.073982,17.164696,17.019493,17.110275,16.600693,16.764816,17.019493,17.019493,17.001335,17.237198,16.983162,17.019493,16.892258,17.073982,17.073982,16.783035,17.309639,17.382019,17.508537,17.291534,17.001335,17.200951,17.418190,17.273430,17.019493,17.001335,17.652901,17.128418,17.544655,17.382019,17.761002,17.363930,17.472412,17.634865,17.797005,17.652901,17.092117,18.066551,17.797005,17.850990,17.779015,18.066551,18.030663,18.156204,17.850990,18.084496,18.263664,18.460312,18.209953,17.958839,18.084496,17.922905,17.580750,17.670921,18.012718,17.833000,17.815002,17.833000,17.761002,17.833000,18.192039,17.994759,18.102425,17.976807,17.976807,17.382019,18.066551,17.779015,17.994759,17.580750,17.382019,17.833000,17.724983,18.138290,17.382019,17.490471,17.994759,17.110275,17.833000,17.345833,17.436272,17.255310,17.382019,16.764816,16.582436,17.092117,16.783035,16.874062,16.417961,16.454536,16.124794,16.106438,15.977844,15.387550,14.960838,15.220818,15.332008,15.294960,14.998024,14.793312,14.830566,14.811943,15.072350,15.183723,14.774681,14.737404,14.756035,15.035194,15.369041,15.239365,14.923637,14.513397,14.588127,14.830566,14.101280,14.550774,15.165176,14.063721,14.849190,14.830566,14.176346,14.756035,14.662788,14.419891,14.718750,14.681450,14.176346,14.681450,14.681450,14.101280,14.625465,14.176346,14.288834,13.988556,14.251350,13.988556,14.195114,14.176346,14.044937,13.668427,13.988556,13.706154,13.138725,
14.979439,16.472824,15.849052,15.443062,16.124794,16.179840,16.014603,16.198189,15.904274,15.553970,16.051353,16.417961,16.600693,15.553970,16.308144,15.977844,15.812218,16.088081,15.701637,15.646294,15.977844,15.830643,15.959457,16.819458,16.032974,15.830643,16.234848,16.143143,16.014603,16.253181,16.198189,16.179840,16.545914,16.436256,16.454536,16.326462,16.289825,16.381371,16.014603,16.032974,16.216530,16.491104,16.801247,16.216530,16.399666,16.088081,16.637184,16.253181,16.271500,16.051353,16.198189,16.179840,16.417961,16.051353,16.509377,16.271500,16.454536,16.454536,16.069710,16.344765,16.710136,16.253181,16.179840,16.509377,16.764816,17.055817,16.946808,16.234848,16.819458,16.673668,16.106438,16.655434,16.253181,16.527649,16.271500,16.363075,16.491104,16.399666,16.564171,16.381371,16.691910,16.271500,16.764816,16.216530,16.855865,16.673668,16.436256,16.545914,16.014603,16.618950,16.216530,16.399666,16.746590,16.436256,16.454536,16.399666,16.198189,16.381371,16.143143,16.491104,16.691910,16.179840,16.892258,17.001335,16.564171,16.691910,16.801247,16.289825,16.746590,16.673668,16.673668,15.775375,16.855865,16.819458,16.946808,16.600693,16.655434,16.746590,17.128418,16.710136,16.564171,17.001335,16.308144,16.618950,16.326462,16.271500,17.092117,16.691910,16.783035,16.964989,16.491104,16.764816,16.545914,16.783035,16.928627,16.618950,17.055817,16.819458,16.874062,16.928627,16.964989,16.801247,17.128418,17.219078,17.182823,17.182823,16.874062,17.382019,17.200951,16.964989,17.345833,17.073982,17.418190,17.037659,17.219078,16.910439,17.436272,17.182823,17.345833,17.418190,17.200951,17.200951,16.910439,17.273430,17.182823,17.815002,17.019493,17.472412,17.255310,17.833000,17.273430,16.964989,17.291534,17.363930,16.764816,17.055817,17.472412,17.182823,16.728371,17.309639,17.092117,17.182823,16.874062,17.182823,17.001335,17.110275,17.400101,17.418190,17.490471,17.688942,17.742996,17.345833,17.580750,17.400101,17.616829,17.616829,17.580750,17.742996,17.868965,17.797005,18.227867,17.922905,17.761002,17.976807,18.102425,17.797005,17.868965,18.012718,18.388855,18.496017,18.531708,18.513863,18.531708,18.370995,18.460312,18.192039,18.460312,18.478165,18.138290,18.209953,18.763306,18.353111,18.958771,18.496017,18.424599,18.102425,19.330627,18.727722,18.905502,19.047462,19.118340,19.259926,19.277603,19.029732,19.277603,19.401253,18.585213,19.065178,18.976524,18.923264,18.941017,18.905502,18.656494,18.674309,18.549545,18.674309,18.941017,18.656494,18.798882,18.496017,19.029732,18.923264,19.029732,18.585213,18.513863,18.798882,18.692123,18.852211,19.136055,18.834435,18.887749,18.941017,18.709923,18.994255,19.259926,18.958771,18.941017,19.136055,18.709923,18.834435,18.869980,19.029732,19.011993,19.224541,19.277603,19.082909,18.798882,19.136055,18.638680,19.118340,18.388855,18.763306,18.852211,18.941017,18.852211,18.603035,18.567383,18.692123,18.798882,18.406731,19.011993,18.478165,18.674309,18.745514,18.745514,18.941017,18.442459,18.887749,18.638680,18.406731,18.709923,18.442459,18.281563,18.192039,18.674309,18.460312,18.531708,18.066551,18.531708,18.656494,18.656494,18.513863,18.638680,18.370995,18.192039,18.406731,18.335236,18.531708,17.742996,17.994759,18.048607,17.562698,17.544655,17.544655,17.562698,17.562698,18.030663,17.616829,17.237198,17.742996,17.400101,17.526596,17.868965,17.237198,17.652901,17.616829,17.508537,17.327736,17.508537,17.472412,17.418190,17.092117,17.327736,17.345833,17.237198,17.146553,17.580750,17.073982,17.309639,17.146553,17.291534,17.019493,17.273430,17.200951,17.309639,17.363930,17.309639,17.454338,17.454338,17.544655,17.345833,17.255310,17.255310,17.255310,17.761002,17.037659,17.019493,17.164696,17.128418,17.309639,16.946808,17.291534,16.892258,17.146553,17.219078,16.783035,17.598785,17.037659,17.182823,17.255310,16.637184,16.855865,16.946808,17.164696,17.037659,17.019493,16.874062,17.182823,16.910439,16.892258,16.946808,16.637184,16.892258,16.691910,16.837654,16.928627,17.200951,16.764816,16.892258,16.892258,16.691910,16.892258,16.545914,16.436256,16.564171,16.363075,16.910439,16.983162,16.910439,17.146553,16.491104,16.764816,16.454536,16.819458,17.200951,16.910439,17.019493,16.545914,16.819458,16.964989,16.417961,16.801247,16.746590,16.399666,16.454536,16.472824,17.273430,16.509377,16.436256,16.381371,16.691910,16.746590,17.237198,17.037659,16.728371,16.983162,16.801247,16.946808,16.417961,16.801247,16.691910,16.964989,16.837654,17.055817,17.073982,17.182823,16.582436,16.600693,16.582436,16.618950,16.728371,16.855865,16.381371,16.491104,16.710136,16.527649,16.600693,16.855865,17.037659,16.564171,16.710136,16.801247,16.874062,16.964989,16.417961,16.545914,16.655434,16.764816,16.910439,16.746590,16.983162,16.582436,17.073982,16.910439,17.182823,17.019493,17.237198,16.582436,16.637184,17.037659,16.874062,16.928627,16.983162,16.673668,17.200951,16.673668,16.710136,16.874062,16.983162,16.655434,16.783035,17.019493,17.128418,17.055817,16.874062,17.110275,17.219078,17.436272,17.200951,17.073982,17.200951,17.309639,16.801247,17.382019,16.910439,16.892258,17.001335,17.345833,17.363930,16.764816,17.309639,17.544655,17.182823,16.946808,17.544655,17.273430,17.580750,17.001335,17.037659,17.472412,17.363930,17.200951,17.363930,17.382019,17.200951,17.616829,17.400101,17.400101,17.779015,17.761002,17.850990,18.245766,17.363930,17.940880,18.299454,18.066551,18.299454,17.868965,18.317345,17.976807,17.994759,17.850990,18.281563,17.940880,18.549545,17.706970,17.815002,17.797005,17.940880,18.227867,17.779015,17.833000,17.868965,17.886955,18.066551,18.263664,18.299454,17.958839,17.868965,17.797005,17.508537,17.688942,17.940880,18.263664,17.976807,17.688942,17.688942,17.724983,17.382019,17.742996,17.019493,17.146553,17.976807,17.544655,17.237198,17.724983,17.544655,17.182823,17.761002,17.472412,16.983162,17.092117,17.092117,16.673668,16.069710,16.326462,16.161499,16.253181,16.271500,15.553970,15.406059,15.313492,14.718750,15.165176,14.737404,15.183723,14.700096,14.923637,15.090919,14.849190,15.072350,14.923637,14.960838,14.700096,14.681450,15.053780,14.886414,14.644127,14.849190,14.438606,14.793312,14.532082,14.307571,14.550774,14.681450,14.681450,14.288834,14.718750,15.146614,14.213860,14.438606,14.419891,13.950951,14.960838,14.644127,14.644127,14.288834,14.213860,13.819221,14.138817,14.026146,14.288834,13.932144,13.781540,14.232613,13.762703,14.026146,13.498497,13.498497,13.176659,
15.146614,16.253181,16.051353,16.179840,16.253181,16.381371,16.143143,15.996223,16.032974,16.436256,15.849052,16.014603,16.253181,15.646294,15.996223,15.885872,15.996223,15.922668,16.344765,16.143143,16.289825,16.253181,16.198189,15.885872,16.088081,15.849052,16.179840,16.161499,15.941071,15.977844,16.143143,16.106438,16.234848,16.069710,16.855865,15.996223,16.509377,16.069710,16.216530,16.344765,16.618950,15.738518,16.216530,15.867470,16.545914,16.216530,16.198189,16.527649,16.253181,16.454536,16.088081,15.885872,16.746590,16.216530,16.271500,16.179840,15.720085,16.454536,16.819458,16.618950,16.600693,16.271500,16.326462,16.106438,16.545914,16.582436,16.527649,16.710136,16.436256,16.454536,16.253181,16.161499,16.417961,16.491104,16.234848,16.509377,16.564171,16.417961,16.509377,16.417961,16.472824,16.399666,16.600693,16.234848,16.618950,16.491104,16.509377,16.143143,16.308144,16.837654,15.959457,16.124794,16.436256,16.673668,16.417961,16.746590,16.564171,16.161499,16.855865,16.161499,16.399666,16.764816,16.014603,16.618950,16.381371,16.179840,16.417961,16.655434,16.618950,16.637184,16.746590,16.381371,16.728371,16.983162,16.946808,17.092117,16.179840,16.509377,16.691910,16.819458,16.545914,16.637184,16.527649,16.637184,16.874062,16.618950,16.710136,16.983162,16.618950,16.837654,17.055817,16.527649,16.417961,16.527649,16.892258,16.874062,17.092117,17.400101,17.001335,16.454536,17.146553,16.946808,16.892258,17.128418,17.001335,16.673668,17.580750,17.237198,17.327736,16.801247,17.490471,17.219078,17.616829,17.110275,17.291534,17.363930,17.382019,16.946808,16.983162,17.418190,17.490471,16.874062,17.164696,17.382019,17.688942,17.182823,17.055817,17.508537,17.724983,17.055817,16.946808,17.200951,17.508537,17.200951,17.309639,16.892258,16.801247,17.255310,17.382019,17.073982,17.363930,17.019493,17.436272,16.928627,17.128418,17.128418,17.255310,17.309639,17.670921,17.255310,17.400101,17.616829,17.706970,17.436272,17.688942,17.382019,17.833000,17.940880,17.761002,17.472412,17.833000,17.797005,18.066551,17.922905,17.922905,18.209953,18.227867,18.370995,18.370995,18.299454,18.030663,17.976807,18.745514,18.299454,18.281563,18.567383,18.460312,18.424599,18.834435,18.513863,18.442459,18.531708,18.245766,18.513863,18.923264,18.209953,18.923264,18.994255,18.905502,18.727722,19.065178,18.638680,18.442459,18.994255,19.118340,18.852211,18.638680,18.834435,19.206863,18.923264,18.941017,19.029732,18.656494,18.887749,18.692123,19.100624,18.976524,18.763306,18.674309,18.905502,18.513863,19.011993,18.388855,19.206863,18.745514,18.816666,18.709923,18.781090,18.638680,18.781090,18.887749,18.923264,18.763306,18.745514,19.118340,18.834435,18.905502,18.781090,18.958771,18.692123,19.365944,18.941017,18.727722,18.941017,19.365944,19.153755,18.941017,18.869980,18.781090,18.567383,18.869980,18.209953,18.317345,18.941017,18.656494,18.603035,18.585213,18.923264,18.923264,18.030663,18.531708,18.603035,18.513863,18.353111,18.941017,19.082909,18.603035,18.585213,18.281563,18.281563,18.674309,18.335236,18.603035,18.549545,18.424599,18.709923,18.834435,18.406731,18.460312,18.406731,18.335236,18.496017,18.281563,18.335236,18.227867,18.281563,17.779015,18.102425,18.209953,18.030663,18.281563,17.833000,17.688942,17.958839,17.652901,17.994759,17.922905,17.797005,17.490471,17.652901,17.363930,17.598785,17.580750,17.400101,17.526596,17.490471,17.850990,17.237198,17.454338,17.454338,17.345833,17.219078,17.309639,17.110275,17.472412,17.073982,17.237198,17.219078,17.128418,17.436272,17.363930,17.092117,17.182823,17.382019,17.526596,17.418190,17.291534,17.382019,17.580750,17.219078,17.526596,17.110275,16.837654,17.146553,17.237198,16.764816,17.219078,17.110275,17.363930,17.110275,17.382019,16.964989,16.855865,16.855865,17.164696,16.618950,17.255310,16.655434,16.783035,16.399666,16.618950,16.874062,17.055817,16.874062,17.092117,16.892258,16.910439,16.801247,16.874062,16.655434,16.819458,17.092117,16.545914,16.874062,17.164696,16.637184,16.928627,16.855865,17.219078,16.381371,16.764816,17.128418,16.454536,16.655434,16.910439,16.928627,16.855865,16.673668,16.655434,16.801247,16.600693,17.019493,16.910439,16.600693,16.910439,16.618950,16.855865,16.837654,16.855865,16.928627,16.436256,17.073982,16.928627,16.545914,16.983162,16.728371,16.892258,16.600693,16.783035,16.673668,16.491104,16.801247,17.110275,17.073982,16.746590,16.928627,17.219078,16.600693,16.874062,16.600693,17.001335,16.710136,16.344765,16.637184,16.472824,16.728371,16.691910,16.691910,16.618950,16.764816,16.582436,16.910439,16.436256,16.801247,16.545914,16.472824,16.527649,16.326462,16.874062,16.271500,16.964989,16.892258,16.582436,16.783035,16.874062,17.055817,16.801247,17.363930,16.454536,17.019493,16.892258,16.764816,16.783035,16.819458,16.783035,16.983162,17.019493,16.673668,17.001335,16.783035,16.746590,16.801247,17.055817,16.983162,16.764816,16.691910,16.436256,17.110275,17.110275,16.472824,16.545914,16.746590,17.345833,17.092117,17.001335,16.983162,16.564171,17.182823,16.964989,17.073982,17.073982,17.019493,17.055817,17.327736,17.182823,17.110275,17.345833,16.946808,17.200951,17.037659,17.309639,16.600693,16.874062,16.783035,17.797005,17.400101,17.309639,17.146553,17.309639,17.418190,17.418190,17.219078,17.237198,17.073982,17.508537,17.146553,17.291534,17.724983,17.544655,17.850990,17.670921,17.742996,17.562698,18.138290,17.761002,18.299454,18.156204,17.868965,18.156204,18.442459,17.958839,17.994759,18.353111,18.138290,17.994759,17.940880,18.066551,17.850990,18.620857,17.833000,18.138290,18.227867,17.886955,18.066551,17.616829,17.544655,18.209953,17.327736,17.724983,17.562698,17.868965,17.761002,17.598785,17.976807,17.490471,17.580750,17.616829,17.761002,17.400101,17.616829,17.526596,17.526596,17.706970,17.037659,17.580750,17.670921,17.327736,17.670921,17.616829,16.637184,17.146553,16.746590,17.128418,16.801247,16.381371,16.234848,16.710136,15.996223,15.885872,15.812218,15.146614,15.480049,15.109489,15.183723,14.998024,14.700096,15.313492,15.183723,14.979439,14.960838,14.923637,14.550774,14.942238,14.849190,15.332008,14.830566,14.718750,14.867805,14.737404,14.644127,15.239365,14.419891,15.035194,14.700096,13.875710,14.756035,14.830566,14.793312,14.326302,14.737404,14.737404,14.569450,14.476006,14.401184,14.176346,14.438606,14.382469,14.550774,14.101280,14.082504,13.725006,14.550774,14.494698,13.838051,14.082504,14.120049,14.138817,13.743858,13.838051,12.777557,
15.053780,15.480049,16.179840,15.165176,15.959457,15.756950,15.775375,15.959457,16.216530,15.220818,16.289825,15.572441,15.922668,15.885872,15.941071,16.032974,15.646294,15.867470,15.885872,16.124794,15.941071,15.904274,16.234848,16.399666,16.326462,16.069710,16.051353,16.436256,16.051353,16.032974,16.344765,16.124794,16.417961,15.941071,16.454536,16.308144,16.088081,16.326462,15.922668,16.198189,16.234848,16.691910,16.436256,16.491104,16.381371,15.756950,16.582436,15.830643,16.819458,15.387550,16.344765,16.014603,16.271500,16.069710,15.959457,16.069710,16.363075,16.381371,16.472824,16.417961,16.124794,16.545914,16.417961,16.564171,16.381371,16.051353,16.764816,16.253181,16.399666,16.600693,16.234848,16.399666,16.600693,15.959457,16.436256,16.179840,16.545914,16.198189,16.545914,16.637184,16.472824,16.983162,16.069710,16.819458,16.436256,16.618950,16.819458,16.454536,16.673668,15.996223,16.564171,16.216530,16.454536,16.454536,16.509377,16.964989,16.527649,16.837654,16.527649,16.472824,16.545914,16.381371,16.855865,16.253181,16.308144,16.363075,16.582436,16.728371,16.691910,16.381371,16.344765,16.417961,16.637184,16.783035,16.472824,16.728371,16.964989,16.783035,16.928627,16.964989,16.728371,16.764816,16.746590,16.691910,16.710136,16.783035,17.128418,16.527649,17.001335,16.545914,16.983162,16.783035,16.874062,16.472824,17.037659,17.345833,16.801247,16.673668,16.946808,17.001335,16.837654,16.673668,17.454338,16.545914,17.019493,17.001335,17.037659,17.273430,17.128418,16.819458,17.037659,17.273430,17.273430,17.219078,17.291534,17.164696,17.418190,17.055817,17.508537,17.382019,17.146553,17.363930,17.164696,17.019493,17.237198,17.327736,17.255310,17.309639,17.526596,17.164696,17.327736,17.400101,17.182823,17.219078,17.055817,17.255310,16.910439,17.255310,16.837654,17.255310,17.291534,17.128418,17.472412,17.291534,17.255310,17.255310,17.544655,17.580750,17.490471,17.670921,17.382019,17.850990,17.742996,17.616829,17.634865,17.327736,17.797005,17.850990,17.345833,17.688942,17.850990,18.335236,18.209953,17.904930,18.048607,18.120361,18.138290,17.724983,17.886955,17.850990,17.742996,18.138290,18.406731,18.192039,18.406731,18.531708,18.674309,18.227867,18.442459,18.513863,18.388855,18.923264,18.727722,18.245766,18.798882,18.869980,18.585213,18.656494,18.816666,18.656494,18.869980,18.798882,18.674309,18.905502,19.242241,18.781090,18.442459,18.745514,18.798882,18.834435,18.941017,18.781090,19.065178,19.065178,18.869980,18.852211,19.136055,18.656494,18.709923,18.727722,18.869980,18.852211,18.727722,18.923264,18.976524,18.869980,18.745514,18.496017,19.100624,18.781090,18.281563,18.923264,18.692123,18.834435,18.727722,18.887749,19.136055,19.242241,18.638680,18.923264,18.781090,19.489464,19.436554,18.603035,19.206863,19.047462,18.798882,19.118340,18.656494,18.620857,18.478165,18.941017,18.549545,18.834435,18.941017,18.745514,18.603035,18.656494,18.905502,18.709923,18.656494,18.709923,18.745514,18.941017,18.692123,18.496017,18.603035,18.692123,18.852211,18.709923,18.656494,18.496017,18.656494,18.567383,18.781090,18.727722,18.763306,18.245766,18.138290,18.531708,18.245766,18.192039,18.174133,18.442459,18.620857,18.066551,18.192039,18.370995,18.174133,18.048607,18.245766,17.742996,17.958839,17.994759,18.102425,18.192039,17.868965,17.490471,17.309639,17.363930,17.526596,17.724983,17.363930,17.291534,17.544655,17.291534,17.382019,17.454338,17.400101,17.092117,17.634865,17.219078,17.110275,17.128418,17.688942,17.454338,17.345833,17.616829,17.128418,17.128418,17.128418,17.454338,17.454338,17.327736,17.616829,17.382019,17.309639,17.327736,17.001335,17.255310,17.200951,17.670921,17.092117,17.345833,16.837654,17.001335,17.363930,17.128418,17.110275,17.454338,17.019493,17.055817,17.182823,17.508537,17.001335,17.273430,17.092117,16.746590,17.037659,17.309639,17.019493,16.837654,17.219078,17.200951,17.273430,16.710136,16.801247,16.874062,16.855865,16.381371,16.946808,16.801247,16.855865,16.289825,16.819458,16.946808,16.874062,16.983162,16.271500,16.436256,16.892258,16.801247,16.746590,16.491104,16.783035,16.326462,16.344765,17.110275,16.564171,17.073982,16.983162,16.582436,17.037659,16.837654,16.655434,17.019493,16.509377,17.110275,16.691910,16.910439,16.910439,16.855865,16.801247,16.472824,16.855865,16.783035,16.764816,16.655434,16.855865,16.855865,16.892258,16.783035,16.308144,16.582436,16.801247,16.728371,16.928627,16.892258,16.600693,16.855865,16.673668,16.673668,17.019493,16.582436,17.037659,16.673668,16.910439,17.001335,16.399666,17.182823,17.037659,16.143143,16.527649,16.527649,16.545914,16.399666,16.819458,16.381371,16.673668,16.655434,16.564171,16.637184,16.928627,16.855865,16.874062,16.582436,16.582436,16.874062,16.728371,16.710136,16.527649,17.001335,16.491104,16.819458,16.964989,16.855865,16.600693,17.001335,17.037659,16.710136,16.728371,16.855865,16.764816,16.710136,16.928627,16.582436,16.764816,17.219078,16.983162,16.910439,17.345833,17.019493,17.146553,16.983162,17.200951,17.363930,16.964989,16.801247,16.819458,16.874062,17.580750,16.837654,17.019493,16.837654,17.706970,16.964989,17.237198,17.164696,17.309639,16.928627,17.110275,17.146553,17.164696,17.345833,17.019493,17.255310,17.019493,17.327736,17.219078,17.200951,17.200951,17.309639,17.706970,17.164696,17.182823,17.652901,17.598785,17.146553,17.526596,17.634865,18.156204,17.472412,17.616829,17.490471,17.958839,17.850990,17.958839,17.779015,18.281563,18.353111,17.706970,18.245766,18.012718,18.138290,17.940880,18.030663,18.012718,18.370995,18.084496,18.317345,17.922905,18.245766,18.370995,18.030663,18.138290,18.084496,18.048607,17.958839,18.227867,18.460312,17.815002,17.219078,18.102425,17.490471,18.030663,17.598785,17.742996,17.833000,18.138290,17.382019,17.688942,17.958839,17.580750,17.418190,17.616829,17.001335,17.182823,17.598785,17.345833,17.797005,17.616829,16.783035,17.255310,16.837654,16.491104,16.216530,17.019493,16.143143,16.234848,15.885872,16.234848,15.609375,15.313492,15.016617,15.035194,14.625465,14.942238,14.774681,14.774681,15.053780,14.923637,15.775375,15.239365,15.090919,14.606796,14.307571,14.793312,14.625465,14.849190,14.979439,15.146614,14.457298,14.793312,14.625465,14.979439,14.326302,14.588127,14.700096,14.513397,14.532082,14.793312,14.232613,14.681450,14.438606,14.849190,14.026146,14.419891,14.176346,14.288834,14.513397,13.932144,14.026146,14.026146,14.457298,14.101280,13.969765,13.913338,13.856880,13.932144,13.725006,
15.424561,15.498535,16.179840,16.124794,16.417961,15.830643,15.867470,15.683197,16.124794,15.627831,16.436256,16.289825,16.051353,15.941071,16.088081,16.198189,16.381371,15.572441,15.756950,15.664742,16.198189,16.308144,16.143143,15.904274,16.381371,16.032974,16.161499,16.308144,16.289825,16.454536,16.143143,16.472824,16.399666,16.399666,15.977844,15.941071,16.069710,16.088081,16.198189,16.454536,16.289825,16.069710,16.308144,16.216530,15.793800,16.069710,16.198189,15.756950,16.198189,16.014603,16.399666,15.885872,16.344765,15.867470,16.069710,15.720085,16.417961,16.253181,16.161499,16.399666,16.179840,16.399666,16.564171,15.775375,16.564171,16.527649,16.509377,16.710136,16.527649,16.381371,15.904274,16.381371,15.904274,16.124794,16.234848,16.564171,16.491104,16.545914,16.253181,16.436256,16.234848,16.124794,16.655434,16.161499,17.110275,16.691910,16.198189,16.216530,16.728371,16.143143,16.234848,16.564171,16.271500,16.564171,16.710136,16.618950,16.179840,16.399666,16.764816,16.637184,16.198189,15.996223,16.964989,16.381371,16.363075,16.216530,16.491104,16.564171,16.728371,16.417961,16.436256,16.363075,16.308144,16.746590,16.454536,16.655434,16.746590,16.051353,16.600693,16.491104,16.564171,16.655434,16.454536,16.837654,16.545914,16.124794,16.764816,16.472824,16.491104,16.764816,16.161499,16.655434,16.783035,17.146553,16.618950,16.582436,16.655434,16.801247,16.964989,17.182823,17.001335,17.237198,17.037659,17.291534,17.327736,17.182823,16.928627,17.200951,16.892258,17.418190,17.327736,17.363930,17.200951,17.237198,17.200951,17.273430,17.273430,17.670921,17.237198,17.001335,17.055817,17.454338,17.055817,17.092117,17.454338,17.273430,17.309639,17.652901,17.200951,17.363930,17.526596,17.219078,17.200951,17.291534,17.382019,17.182823,17.436272,17.472412,17.237198,17.001335,17.128418,17.490471,17.761002,17.436272,17.345833,17.273430,17.706970,17.418190,17.616829,18.066551,17.382019,17.616829,17.779015,17.652901,17.436272,17.436272,17.922905,17.472412,17.742996,17.958839,17.815002,17.833000,17.670921,18.263664,17.958839,18.245766,17.958839,18.370995,18.281563,18.620857,17.652901,18.335236,18.496017,18.370995,18.209953,18.317345,18.227867,18.335236,18.174133,18.245766,18.923264,18.317345,18.460312,18.513863,18.905502,17.994759,18.976524,18.567383,18.692123,18.406731,18.781090,19.047462,18.976524,18.941017,18.424599,18.781090,18.869980,18.638680,18.958771,18.567383,18.905502,18.923264,19.189156,18.941017,19.011993,19.029732,19.224541,19.065178,19.047462,19.153755,19.065178,18.585213,18.781090,19.065178,18.941017,18.638680,18.958771,18.709923,18.620857,18.798882,18.852211,18.816666,18.798882,19.224541,18.923264,18.941017,19.029732,19.029732,18.781090,18.692123,18.869980,18.781090,18.941017,18.798882,18.798882,18.834435,18.674309,18.620857,18.727722,18.424599,18.976524,18.763306,18.905502,18.763306,18.496017,18.353111,18.727722,18.781090,18.798882,18.798882,18.567383,18.976524,18.263664,18.674309,18.478165,18.638680,18.585213,18.317345,18.763306,18.763306,18.281563,18.406731,18.763306,18.620857,18.816666,18.335236,18.442459,18.281563,18.353111,18.478165,18.781090,18.317345,18.692123,18.460312,18.335236,18.513863,18.370995,18.227867,18.030663,17.940880,18.299454,18.048607,18.120361,18.281563,17.940880,17.976807,18.138290,17.922905,18.156204,17.526596,17.598785,17.742996,17.833000,17.472412,18.281563,17.345833,17.833000,17.742996,17.110275,17.815002,17.273430,17.237198,17.598785,17.146553,17.200951,17.580750,17.598785,17.092117,17.652901,17.688942,17.508537,17.219078,17.219078,17.436272,17.580750,17.490471,17.219078,17.400101,17.255310,16.710136,17.382019,17.922905,17.850990,17.237198,17.255310,17.001335,17.327736,17.273430,17.200951,17.128418,17.436272,17.382019,16.983162,17.073982,17.128418,17.073982,17.055817,17.128418,17.110275,16.983162,16.819458,17.019493,16.837654,16.527649,17.273430,17.019493,16.600693,16.819458,16.874062,16.710136,17.001335,16.564171,16.600693,16.855865,16.673668,16.874062,17.128418,16.983162,16.746590,17.073982,16.983162,16.710136,16.910439,16.655434,16.491104,16.819458,16.509377,16.837654,17.037659,16.783035,16.655434,16.928627,16.673668,16.746590,16.855865,16.728371,16.673668,16.527649,16.946808,16.491104,16.746590,16.910439,16.964989,16.928627,16.964989,16.564171,16.910439,16.673668,16.436256,16.618950,17.110275,16.910439,16.837654,16.874062,16.655434,16.673668,16.819458,16.946808,16.928627,16.837654,17.001335,16.710136,16.837654,16.673668,16.801247,17.164696,16.491104,16.582436,16.819458,16.417961,16.673668,16.928627,16.746590,16.819458,16.691910,16.764816,16.691910,16.819458,17.037659,17.019493,16.801247,16.837654,16.673668,16.946808,16.837654,16.964989,16.874062,16.198189,16.618950,16.946808,16.436256,17.110275,17.200951,16.728371,16.928627,17.128418,16.874062,16.837654,16.655434,16.764816,16.527649,16.728371,16.783035,16.892258,17.363930,16.837654,16.728371,17.019493,17.345833,16.874062,17.363930,17.327736,17.019493,17.273430,17.110275,17.652901,16.655434,17.146553,17.400101,16.964989,17.164696,17.255310,17.219078,17.309639,17.616829,17.055817,17.255310,16.582436,17.110275,17.273430,17.580750,17.255310,17.110275,17.146553,17.164696,17.219078,17.200951,17.616829,17.237198,17.400101,17.092117,17.400101,17.598785,17.508537,17.454338,17.200951,17.850990,17.562698,17.508537,17.580750,17.670921,17.616829,17.868965,17.850990,17.797005,18.120361,18.048607,17.940880,18.638680,18.120361,18.335236,17.922905,18.227867,17.850990,18.048607,17.850990,18.335236,18.209953,17.994759,18.174133,17.994759,17.850990,18.335236,18.138290,18.567383,17.454338,18.263664,17.922905,17.833000,17.616829,18.120361,17.922905,17.652901,17.922905,17.833000,17.940880,17.616829,17.670921,17.688942,17.815002,17.164696,17.400101,17.544655,17.544655,17.580750,17.309639,17.400101,17.363930,17.472412,17.472412,17.019493,17.164696,16.564171,16.691910,16.417961,16.910439,16.106438,16.381371,16.308144,15.683197,15.387550,15.332008,14.849190,14.532082,14.569450,15.146614,14.737404,14.979439,14.811943,15.053780,15.128059,14.905037,14.886414,14.793312,14.886414,15.202286,15.053780,14.550774,14.569450,14.625465,14.737404,14.849190,14.494698,14.419891,14.419891,14.251350,14.476006,14.326302,14.494698,14.550774,14.419891,14.363747,14.307571,14.176346,14.419891,14.532082,14.345024,14.494698,13.894524,14.513397,14.419891,14.251350,14.401184,14.532082,14.251350,13.969765,14.270103,13.668427,13.290382,13.649567,
14.979439,15.849052,16.253181,15.885872,15.812218,16.381371,15.553970,15.830643,15.609375,16.326462,15.756950,15.922668,16.344765,15.720085,15.922668,16.198189,15.720085,15.977844,16.618950,16.124794,16.124794,16.527649,15.959457,16.509377,16.032974,16.032974,16.216530,16.527649,15.849052,15.996223,16.363075,16.198189,16.179840,15.977844,16.198189,16.143143,15.756950,16.051353,15.849052,15.959457,16.381371,16.509377,15.701637,16.253181,15.793800,15.904274,15.738518,16.179840,15.849052,16.637184,16.051353,15.590912,16.454536,16.253181,16.216530,15.959457,16.088081,16.124794,16.106438,16.161499,16.436256,16.271500,15.849052,16.253181,15.996223,16.436256,16.783035,16.216530,16.198189,16.216530,16.637184,16.253181,16.344765,16.618950,16.344765,16.472824,16.326462,16.234848,16.216530,16.618950,16.509377,16.271500,16.179840,16.271500,16.143143,16.527649,16.088081,16.326462,16.271500,16.032974,16.454536,16.032974,16.436256,16.198189,16.308144,16.344765,16.691910,16.454536,16.637184,16.344765,16.509377,16.326462,16.253181,16.454536,16.216530,16.472824,17.237198,16.032974,16.472824,16.710136,16.289825,16.491104,16.491104,16.637184,16.216530,15.553970,16.600693,16.399666,16.436256,16.234848,16.472824,16.564171,16.436256,16.746590,16.655434,16.491104,16.527649,16.764816,16.308144,16.910439,16.691910,16.691910,16.801247,16.728371,16.819458,16.928627,16.928627,16.710136,16.964989,16.637184,17.200951,17.146553,17.273430,17.146553,17.073982,17.146553,17.273430,17.164696,17.182823,17.200951,16.910439,17.363930,17.291534,17.255310,17.019493,17.164696,17.255310,16.964989,17.327736,17.110275,17.182823,17.273430,17.128418,17.363930,17.436272,17.146553,17.182823,17.363930,17.436272,17.255310,17.219078,17.291534,17.110275,17.237198,17.418190,17.019493,17.291534,17.092117,17.182823,17.544655,17.508537,17.146553,17.309639,17.616829,17.382019,17.273430,17.688942,17.382019,17.327736,17.400101,17.345833,17.580750,17.418190,17.833000,17.382019,18.263664,17.724983,17.958839,17.922905,17.761002,18.192039,17.850990,17.868965,18.227867,18.353111,18.084496,18.299454,18.174133,18.281563,18.066551,18.120361,18.084496,18.156204,18.745514,18.335236,18.335236,18.138290,18.406731,18.460312,18.816666,18.263664,18.496017,18.424599,18.638680,18.638680,19.029732,19.065178,18.887749,18.781090,18.531708,18.549545,18.869980,18.905502,19.047462,18.692123,18.869980,18.958771,18.727722,18.994255,18.994255,18.976524,19.065178,19.224541,19.118340,18.674309,19.065178,19.011993,19.153755,18.976524,18.656494,19.277603,18.852211,18.958771,18.816666,19.100624,18.869980,18.798882,18.816666,18.709923,19.100624,18.656494,18.994255,19.189156,18.834435,19.171471,18.834435,18.834435,19.082909,19.047462,18.923264,19.171471,18.763306,18.781090,18.781090,18.905502,18.816666,18.869980,18.905502,18.745514,18.869980,19.118340,18.763306,19.065178,18.816666,18.852211,18.638680,18.424599,18.620857,18.478165,18.781090,18.656494,18.585213,18.709923,18.941017,18.692123,18.638680,18.709923,18.603035,18.798882,18.674309,18.887749,18.496017,19.100624,18.460312,18.388855,18.442459,18.317345,18.424599,18.674309,18.692123,18.299454,18.709923,18.567383,18.138290,18.709923,18.388855,18.245766,18.281563,18.120361,18.531708,18.317345,17.994759,17.958839,17.976807,17.940880,17.779015,18.030663,17.580750,17.688942,17.886955,17.994759,17.904930,17.652901,17.616829,17.526596,17.562698,17.472412,17.904930,17.670921,17.634865,17.454338,17.345833,17.652901,17.472412,17.742996,17.345833,17.652901,17.436272,17.291534,17.200951,17.382019,17.382019,17.255310,17.200951,17.182823,17.454338,17.327736,17.363930,17.382019,17.309639,17.219078,17.146553,17.508537,17.327736,17.850990,17.019493,17.454338,17.400101,17.092117,17.200951,16.819458,17.345833,16.764816,16.600693,17.092117,16.928627,17.382019,16.819458,16.874062,16.928627,17.073982,16.855865,17.382019,17.309639,17.200951,17.001335,16.783035,16.454536,16.582436,16.728371,16.946808,16.783035,16.892258,16.198189,16.454536,16.509377,17.110275,16.783035,17.073982,16.326462,16.691910,16.673668,17.182823,16.910439,16.655434,16.509377,16.326462,16.910439,16.564171,16.764816,16.618950,16.728371,16.746590,16.746590,16.637184,16.764816,16.545914,16.454536,16.728371,16.892258,16.655434,16.764816,16.673668,17.200951,16.564171,17.019493,17.019493,16.253181,16.673668,16.874062,16.710136,16.655434,16.564171,16.637184,16.509377,16.946808,16.819458,17.110275,16.728371,16.381371,16.837654,16.874062,16.618950,16.691910,16.582436,16.637184,16.964989,16.618950,16.582436,16.892258,16.454536,16.545914,16.618950,16.783035,16.728371,16.673668,16.600693,16.928627,16.655434,16.874062,16.819458,16.582436,16.691910,16.600693,16.545914,16.564171,16.582436,16.855865,16.783035,16.472824,16.691910,16.454536,16.964989,16.399666,16.819458,16.691910,16.946808,17.128418,16.637184,16.783035,16.928627,16.746590,16.874062,16.801247,17.019493,17.327736,17.073982,17.073982,16.746590,17.237198,17.255310,17.418190,17.019493,17.146553,17.273430,16.946808,17.382019,16.964989,17.779015,17.037659,17.309639,16.946808,16.928627,17.200951,17.037659,16.783035,17.237198,17.255310,16.928627,17.110275,17.400101,17.092117,17.526596,17.345833,17.237198,17.761002,17.146553,17.797005,17.327736,17.580750,17.291534,17.219078,17.073982,17.580750,17.688942,17.327736,17.761002,17.418190,17.742996,17.580750,17.309639,17.490471,18.084496,17.922905,17.868965,17.815002,18.174133,17.670921,17.797005,17.940880,18.567383,18.585213,18.120361,17.922905,18.299454,18.245766,17.922905,18.156204,18.209953,17.958839,18.192039,17.833000,17.976807,18.174133,18.227867,18.048607,18.120361,18.281563,18.156204,18.388855,18.048607,17.815002,17.994759,18.084496,17.994759,17.797005,17.833000,17.598785,17.724983,17.670921,17.418190,17.526596,17.850990,17.110275,17.128418,17.309639,17.237198,17.544655,17.073982,16.892258,17.345833,17.472412,16.964989,16.691910,17.037659,16.381371,16.491104,15.830643,15.941071,15.701637,15.664742,15.109489,14.998024,15.128059,15.202286,14.774681,15.332008,14.606796,14.979439,14.979439,14.811943,14.569450,14.700096,15.109489,14.756035,15.128059,14.382469,15.146614,14.793312,14.363747,14.625465,14.588127,14.251350,14.662788,14.232613,14.905037,14.382469,13.988556,14.886414,15.072350,14.419891,14.326302,14.718750,14.793312,15.053780,14.867805,14.176346,14.550774,14.270103,14.120049,14.082504,13.988556,14.007355,14.082504,13.913338,13.498497,13.592949,13.611824,13.932144,13.005829,
15.165176,15.406059,16.271500,16.344765,16.124794,15.885872,16.069710,15.849052,15.867470,15.701637,15.996223,16.234848,16.655434,16.198189,16.381371,15.959457,15.959457,15.609375,16.069710,16.143143,15.775375,15.922668,16.253181,15.977844,16.655434,16.143143,16.381371,16.253181,16.014603,16.216530,16.454536,15.977844,16.417961,15.959457,16.655434,16.271500,16.399666,16.088081,16.106438,15.941071,16.069710,15.683197,15.830643,15.959457,15.941071,16.564171,16.032974,16.454536,16.399666,16.472824,16.655434,16.051353,16.436256,16.069710,16.088081,16.271500,15.849052,16.143143,16.673668,15.996223,16.216530,16.381371,15.959457,16.069710,16.381371,16.527649,16.234848,15.885872,16.161499,16.344765,16.491104,16.491104,16.363075,16.344765,16.344765,16.051353,16.363075,16.216530,16.436256,17.073982,16.655434,15.996223,15.941071,16.472824,16.289825,15.977844,16.326462,15.775375,16.308144,15.959457,16.892258,16.253181,16.106438,16.746590,16.399666,15.977844,16.088081,16.399666,16.819458,16.746590,16.179840,16.491104,16.161499,16.271500,16.472824,16.344765,16.491104,16.564171,16.892258,16.198189,17.001335,16.637184,15.904274,16.436256,16.673668,16.289825,16.582436,16.983162,16.746590,16.983162,16.946808,16.363075,16.472824,16.088081,16.344765,16.308144,16.673668,16.234848,16.527649,16.964989,16.855865,16.198189,16.764816,17.019493,16.764816,16.472824,16.801247,16.764816,16.564171,16.728371,17.309639,17.019493,17.200951,16.855865,17.055817,17.255310,17.345833,17.291534,17.363930,17.200951,17.508537,17.327736,17.110275,16.983162,17.454338,17.237198,17.418190,17.273430,17.508537,17.255310,17.345833,17.544655,17.868965,17.092117,17.526596,17.110275,17.237198,17.418190,17.490471,17.400101,17.761002,17.073982,17.490471,17.562698,17.037659,17.418190,17.418190,16.964989,17.255310,17.309639,17.363930,17.200951,17.634865,17.200951,17.146553,17.200951,17.562698,17.616829,17.508537,17.562698,17.616829,17.886955,17.706970,17.382019,17.958839,17.976807,17.886955,17.724983,17.742996,17.797005,18.174133,17.868965,18.030663,18.496017,18.370995,18.120361,18.281563,18.138290,18.138290,18.353111,18.442459,18.442459,17.815002,18.138290,18.763306,18.299454,18.513863,18.370995,18.335236,18.227867,18.460312,18.424599,18.281563,18.887749,18.460312,19.118340,18.549545,18.869980,18.798882,18.102425,18.958771,18.869980,18.976524,18.816666,19.224541,18.745514,18.941017,18.692123,18.656494,18.976524,18.781090,19.189156,19.277603,19.136055,18.798882,19.401253,19.259926,18.976524,18.834435,18.941017,18.869980,18.941017,19.224541,18.941017,19.259926,18.994255,18.745514,18.692123,18.923264,18.620857,19.047462,19.029732,18.727722,18.958771,19.047462,18.834435,18.923264,19.383614,18.994255,18.887749,18.816666,18.994255,18.798882,18.781090,19.047462,18.781090,18.763306,18.745514,19.206863,19.065178,18.798882,18.603035,19.047462,18.370995,18.549545,19.100624,19.029732,18.674309,19.065178,18.692123,18.781090,18.763306,18.941017,18.638680,18.763306,18.496017,18.620857,18.727722,18.692123,18.816666,18.513863,18.745514,18.923264,18.692123,18.692123,18.370995,18.513863,18.656494,18.709923,18.620857,18.460312,18.335236,18.388855,18.299454,18.156204,18.192039,18.513863,18.174133,18.048607,18.263664,18.120361,18.084496,18.138290,17.868965,17.994759,18.174133,17.815002,18.084496,18.084496,17.994759,17.634865,17.544655,17.761002,17.706970,17.724983,17.490471,17.724983,17.670921,17.544655,17.976807,17.670921,17.797005,17.886955,17.146553,17.544655,17.508537,17.688942,17.724983,17.182823,17.273430,17.436272,17.868965,17.724983,17.454338,17.073982,17.490471,17.634865,17.562698,17.598785,17.580750,17.562698,17.200951,17.508537,17.436272,17.670921,17.110275,17.418190,16.837654,17.544655,17.001335,17.382019,17.237198,17.182823,17.001335,17.200951,17.182823,16.783035,16.855865,16.710136,17.219078,17.055817,17.652901,16.655434,16.728371,16.910439,16.600693,16.673668,17.001335,16.527649,16.673668,16.673668,16.928627,16.491104,16.855865,16.417961,17.073982,16.837654,16.655434,16.363075,16.928627,16.764816,16.783035,16.855865,16.637184,16.910439,16.198189,16.801247,16.855865,16.527649,16.417961,16.234848,16.855865,16.910439,16.710136,16.454536,16.855865,16.946808,16.874062,16.728371,17.019493,16.600693,16.783035,16.837654,16.637184,16.472824,16.381371,17.037659,16.874062,16.618950,16.509377,16.399666,16.234848,16.946808,16.673668,16.363075,17.001335,16.946808,16.874062,16.801247,16.655434,16.837654,16.764816,16.618950,16.710136,16.928627,16.928627,17.110275,17.092117,16.928627,16.764816,17.146553,16.764816,16.253181,16.472824,16.527649,16.928627,16.837654,16.655434,16.618950,16.710136,16.946808,16.855865,16.618950,16.509377,16.964989,16.271500,16.964989,17.345833,16.582436,16.655434,17.164696,17.092117,16.855865,16.582436,16.874062,16.746590,16.892258,16.691910,17.110275,16.801247,17.436272,16.600693,17.055817,16.928627,16.964989,17.345833,16.801247,16.910439,17.327736,17.164696,17.436272,17.128418,17.073982,16.910439,17.073982,17.146553,17.255310,17.164696,17.219078,17.164696,17.418190,16.344765,17.291534,17.309639,17.309639,17.309639,17.164696,17.490471,17.182823,17.652901,17.200951,17.182823,17.237198,17.110275,17.164696,17.382019,17.761002,17.580750,17.526596,17.291534,17.237198,17.562698,17.363930,17.724983,17.472412,17.688942,17.562698,17.742996,17.652901,17.526596,17.815002,17.598785,17.779015,17.580750,18.012718,18.084496,17.850990,17.958839,17.779015,17.886955,18.781090,18.209953,18.299454,18.460312,18.460312,18.048607,18.102425,18.567383,17.886955,17.904930,18.335236,17.958839,17.940880,17.815002,18.335236,17.670921,17.976807,17.779015,17.742996,17.958839,17.940880,17.797005,17.652901,18.066551,17.958839,17.833000,17.940880,18.048607,17.706970,17.761002,17.742996,17.526596,17.237198,17.345833,17.598785,17.454338,17.400101,17.345833,17.164696,17.418190,17.001335,16.855865,17.291534,16.819458,16.637184,16.417961,15.977844,15.867470,16.124794,15.701637,15.332008,15.517014,15.053780,15.406059,14.513397,15.239365,14.942238,15.220818,14.513397,14.756035,15.239365,14.625465,15.016617,15.239365,15.035194,14.625465,14.737404,14.942238,14.737404,14.345024,14.457298,14.588127,15.517014,14.550774,15.090919,14.811943,14.737404,14.700096,14.401184,14.606796,14.513397,14.382469,14.457298,14.532082,14.606796,14.082504,14.326302,14.270103,14.326302,14.213860,14.326302,14.345024,13.969765,14.044937,14.382469,13.668427,13.988556,13.819221,13.479599,13.347183,
15.480049,15.922668,16.161499,16.032974,16.417961,15.922668,16.344765,15.756950,16.326462,16.234848,16.032974,15.885872,16.124794,16.106438,15.664742,15.812218,16.308144,16.106438,16.106438,16.088081,15.941071,16.198189,15.756950,16.381371,16.308144,15.922668,15.959457,16.527649,16.491104,15.867470,16.381371,16.564171,16.161499,15.941071,15.775375,16.198189,16.381371,15.904274,15.885872,15.830643,15.904274,16.032974,16.289825,16.088081,16.234848,15.720085,16.491104,16.124794,16.179840,16.032974,16.436256,16.032974,15.959457,16.143143,16.527649,15.701637,16.216530,16.691910,15.996223,15.830643,15.830643,16.271500,16.014603,15.977844,16.600693,16.436256,16.216530,15.830643,16.106438,16.545914,16.198189,16.308144,16.253181,16.691910,16.472824,16.198189,16.837654,16.399666,16.088081,16.179840,16.216530,16.253181,16.417961,16.253181,16.618950,16.271500,16.363075,16.216530,16.326462,16.454536,16.454536,16.363075,16.874062,16.271500,16.618950,16.032974,16.161499,15.959457,16.326462,15.959457,16.417961,16.198189,16.564171,16.710136,16.344765,16.417961,16.600693,16.527649,16.655434,16.454536,16.509377,16.436256,16.326462,16.326462,16.509377,16.637184,16.564171,16.271500,16.710136,16.564171,16.582436,16.618950,16.399666,16.564171,16.582436,16.673668,17.073982,16.198189,16.783035,16.582436,16.892258,17.019493,17.092117,16.837654,16.874062,17.037659,17.164696,16.855865,16.637184,16.874062,16.928627,17.345833,16.655434,17.110275,17.327736,16.837654,16.946808,17.345833,17.400101,17.291534,17.164696,17.291534,17.454338,17.616829,17.255310,17.182823,17.382019,17.092117,17.219078,17.922905,17.382019,16.946808,17.237198,17.526596,17.255310,17.309639,17.309639,17.273430,17.490471,17.454338,17.652901,17.454338,17.291534,17.418190,17.436272,17.580750,17.363930,17.200951,17.200951,17.037659,17.652901,17.526596,17.652901,17.436272,17.363930,17.382019,17.724983,17.490471,18.030663,17.363930,17.562698,17.904930,17.562698,17.598785,17.580750,17.327736,17.904930,17.724983,17.761002,17.634865,18.192039,18.084496,17.761002,18.227867,18.138290,18.317345,18.174133,18.012718,18.460312,18.245766,17.958839,17.904930,18.620857,18.317345,18.442459,18.281563,18.263664,18.317345,18.299454,18.281563,18.174133,18.335236,17.724983,18.174133,18.585213,18.638680,18.745514,18.763306,18.656494,18.692123,19.100624,18.887749,18.692123,18.585213,19.065178,18.798882,18.958771,18.674309,19.011993,19.011993,19.082909,18.745514,18.994255,18.852211,18.887749,19.295280,19.312950,18.816666,19.136055,18.763306,19.153755,19.100624,18.976524,18.976524,19.454201,19.171471,19.171471,19.206863,18.958771,19.029732,18.834435,19.065178,19.047462,19.118340,18.923264,18.496017,18.603035,18.887749,18.869980,18.138290,19.011993,18.638680,18.603035,18.941017,18.798882,19.011993,18.674309,18.798882,18.834435,18.620857,18.692123,18.709923,19.082909,18.674309,18.638680,18.745514,19.118340,18.478165,18.852211,18.709923,18.958771,18.692123,18.460312,18.674309,18.674309,18.781090,18.709923,18.424599,18.745514,18.869980,18.745514,18.549545,18.781090,18.869980,18.299454,18.496017,18.727722,18.620857,18.513863,18.424599,18.227867,18.620857,18.406731,18.388855,18.406731,18.227867,18.496017,18.281563,18.174133,18.012718,17.976807,18.192039,18.531708,18.084496,17.976807,18.048607,17.598785,17.850990,17.886955,18.209953,17.886955,17.670921,17.833000,17.688942,17.940880,17.562698,17.616829,17.670921,17.815002,17.598785,17.761002,17.688942,17.958839,17.436272,17.436272,17.055817,17.922905,17.273430,17.363930,17.580750,17.382019,17.526596,17.544655,17.670921,17.219078,17.345833,17.526596,17.073982,17.508537,17.868965,17.472412,17.544655,17.634865,17.345833,17.219078,17.019493,16.964989,17.327736,17.652901,17.200951,17.454338,17.490471,17.706970,17.382019,16.946808,17.219078,16.783035,16.983162,17.345833,16.783035,17.037659,17.019493,16.910439,16.837654,16.983162,16.874062,17.110275,16.564171,17.001335,16.801247,16.837654,16.618950,16.855865,16.618950,16.673668,16.837654,16.874062,16.691910,16.892258,16.618950,16.746590,16.527649,16.509377,16.801247,16.564171,16.691910,16.764816,16.783035,16.783035,16.582436,16.837654,16.673668,16.582436,16.746590,16.710136,16.801247,16.564171,17.219078,16.655434,16.271500,16.728371,16.545914,17.055817,16.637184,16.436256,16.289825,16.691910,16.673668,16.417961,16.819458,16.545914,16.819458,17.037659,16.801247,16.819458,16.928627,16.783035,16.728371,17.037659,16.801247,16.837654,16.618950,17.110275,16.892258,16.637184,16.764816,16.600693,16.673668,16.618950,16.691910,16.655434,16.600693,16.600693,16.655434,16.618950,16.600693,16.600693,16.545914,17.055817,16.728371,16.874062,16.837654,16.399666,16.417961,17.255310,16.783035,16.783035,17.001335,16.545914,16.746590,16.964989,16.928627,16.910439,16.783035,17.055817,16.892258,17.164696,16.837654,17.580750,16.964989,16.964989,17.382019,17.309639,16.819458,17.382019,16.710136,17.255310,17.019493,17.345833,17.110275,17.237198,17.164696,17.055817,16.892258,17.472412,17.237198,17.291534,17.327736,17.237198,16.928627,17.128418,17.164696,17.291534,17.073982,17.652901,17.037659,17.345833,16.983162,17.219078,17.128418,17.237198,17.164696,17.616829,17.418190,17.255310,17.200951,17.327736,16.910439,17.237198,17.363930,17.454338,17.688942,17.255310,17.526596,17.291534,17.363930,17.128418,17.670921,17.868965,17.940880,17.436272,17.472412,17.797005,17.742996,17.742996,18.209953,17.742996,18.245766,18.102425,18.299454,18.102425,17.886955,17.940880,17.868965,17.598785,18.066551,18.012718,17.868965,17.994759,17.797005,18.174133,18.192039,18.227867,17.779015,17.886955,18.066551,18.263664,17.670921,18.120361,17.994759,17.670921,17.544655,18.048607,17.868965,17.958839,18.030663,17.797005,17.850990,17.886955,17.309639,17.309639,18.263664,17.436272,17.544655,17.454338,17.382019,17.363930,17.904930,17.164696,17.200951,17.019493,16.874062,16.874062,16.655434,16.051353,16.892258,16.527649,15.590912,15.756950,15.885872,15.517014,14.923637,15.664742,14.942238,14.438606,14.886414,14.979439,14.270103,14.942238,14.644127,14.886414,14.923637,14.532082,14.718750,14.550774,14.606796,14.849190,14.588127,14.867805,14.476006,15.090919,14.401184,14.718750,14.457298,15.332008,14.345024,14.382469,14.923637,14.662788,14.811943,14.232613,14.007355,14.270103,14.419891,14.867805,14.270103,14.213860,14.438606,14.270103,14.401184,13.856880,14.718750,14.737404,13.800392,14.082504,13.706154,13.762703,13.781540,13.498497,13.252487,
14.905037,16.069710,16.088081,16.289825,16.417961,16.161499,15.867470,16.179840,16.253181,15.793800,15.849052,15.350533,16.253181,15.867470,16.106438,16.088081,15.553970,15.959457,16.491104,16.179840,16.032974,15.941071,16.106438,15.941071,16.454536,15.922668,16.417961,16.381371,16.198189,16.143143,16.308144,16.143143,16.344765,15.977844,15.996223,16.381371,16.472824,16.032974,16.253181,16.069710,16.363075,15.904274,16.399666,16.234848,15.959457,16.746590,16.143143,16.143143,16.600693,16.106438,15.812218,15.996223,16.436256,16.363075,15.922668,15.885872,16.014603,16.253181,16.088081,16.069710,16.088081,15.996223,15.959457,15.664742,16.088081,16.271500,15.959457,16.216530,15.996223,15.812218,16.088081,16.764816,16.363075,16.216530,16.491104,16.161499,16.618950,16.600693,16.051353,16.381371,16.179840,16.216530,16.051353,16.436256,16.874062,15.959457,16.069710,16.271500,16.069710,16.289825,16.801247,16.436256,16.253181,15.977844,15.812218,16.216530,16.143143,16.106438,16.381371,16.344765,16.491104,16.216530,16.454536,16.454536,16.746590,16.363075,16.179840,15.959457,16.216530,16.179840,16.564171,16.691910,16.161499,16.582436,16.564171,16.326462,16.509377,16.161499,15.996223,16.855865,16.582436,16.344765,16.417961,16.673668,15.885872,16.454536,16.417961,16.600693,16.600693,16.673668,16.710136,16.710136,16.928627,16.363075,16.928627,16.819458,16.801247,16.946808,16.783035,16.855865,16.946808,17.164696,17.001335,16.983162,17.182823,17.164696,17.237198,16.837654,17.200951,17.219078,16.964989,17.255310,17.400101,16.964989,17.273430,16.983162,17.490471,17.363930,17.382019,17.164696,17.255310,17.598785,17.363930,17.508537,17.544655,17.273430,17.490471,17.742996,17.562698,17.291534,17.454338,17.616829,17.670921,17.490471,17.562698,17.092117,17.382019,17.472412,17.200951,17.345833,17.598785,17.382019,17.472412,17.490471,17.886955,17.562698,17.490471,17.490471,17.345833,17.580750,17.634865,17.904930,17.761002,17.797005,17.797005,17.634865,17.815002,17.598785,17.886955,17.850990,17.490471,17.688942,17.742996,18.138290,18.245766,17.940880,18.048607,17.976807,18.567383,18.281563,18.174133,18.335236,18.585213,18.335236,18.496017,18.478165,18.496017,18.567383,18.976524,18.531708,18.335236,18.353111,18.066551,18.102425,18.335236,18.388855,18.709923,18.798882,18.745514,18.869980,18.513863,18.923264,18.923264,18.692123,18.869980,18.370995,19.100624,19.330627,18.798882,18.905502,19.011993,19.171471,19.029732,18.923264,19.471832,19.171471,19.559967,18.994255,19.277603,19.065178,19.047462,18.727722,18.905502,19.118340,18.941017,18.958771,18.976524,18.656494,18.745514,18.781090,19.047462,18.852211,19.082909,19.242241,19.082909,18.424599,18.763306,18.834435,19.277603,18.656494,18.869980,18.692123,19.206863,18.852211,19.312950,19.136055,18.656494,18.763306,18.852211,18.781090,18.941017,18.905502,18.567383,18.335236,18.603035,18.567383,18.567383,18.549545,18.656494,18.496017,18.585213,18.567383,18.763306,18.478165,18.620857,18.513863,18.781090,18.745514,18.763306,18.709923,18.709923,18.478165,18.424599,19.206863,18.763306,18.674309,18.976524,18.460312,18.245766,18.567383,18.263664,18.585213,18.656494,18.156204,18.513863,18.460312,18.156204,18.138290,18.102425,18.585213,18.102425,18.209953,17.958839,18.120361,17.922905,18.102425,18.138290,18.335236,17.976807,17.940880,17.797005,18.245766,18.012718,17.598785,17.742996,17.670921,17.200951,17.797005,17.562698,17.598785,18.048607,17.779015,17.797005,17.562698,17.345833,17.436272,17.418190,17.327736,17.634865,17.291534,17.724983,17.472412,17.706970,17.182823,17.580750,17.706970,17.580750,17.598785,17.670921,17.436272,17.345833,17.200951,17.562698,17.598785,17.418190,17.526596,17.164696,17.164696,17.200951,17.418190,17.688942,17.110275,17.110275,16.964989,17.418190,16.928627,17.092117,16.837654,17.092117,16.910439,17.073982,16.855865,16.928627,16.910439,16.892258,16.545914,16.618950,16.673668,16.819458,16.143143,16.801247,15.885872,16.582436,16.837654,16.600693,16.454536,16.673668,16.399666,16.600693,16.855865,16.691910,16.691910,17.073982,16.691910,16.582436,16.764816,16.728371,16.472824,16.764816,16.728371,16.837654,16.655434,16.545914,16.764816,16.691910,16.344765,16.728371,16.491104,16.655434,16.983162,16.728371,16.892258,16.728371,16.326462,16.710136,16.509377,16.582436,16.637184,16.564171,16.728371,16.746590,16.454536,16.746590,16.910439,16.527649,16.764816,16.618950,16.454536,16.582436,16.363075,16.545914,17.055817,16.545914,16.545914,16.381371,16.928627,16.564171,16.783035,16.143143,17.092117,16.472824,16.545914,16.819458,16.509377,16.910439,16.946808,16.874062,16.618950,16.837654,16.399666,16.454536,16.399666,17.092117,16.855865,16.910439,16.710136,16.710136,16.308144,16.855865,16.910439,17.164696,16.946808,17.237198,17.055817,16.874062,16.874062,17.164696,16.946808,17.200951,16.874062,17.164696,16.728371,17.436272,17.237198,17.128418,16.837654,16.964989,16.837654,17.182823,17.219078,17.055817,17.418190,17.291534,17.001335,17.382019,17.237198,17.779015,17.724983,17.779015,17.092117,17.526596,16.928627,17.400101,17.001335,17.182823,17.001335,17.255310,17.327736,16.783035,17.037659,17.580750,17.182823,17.219078,17.200951,17.237198,17.110275,17.037659,17.255310,17.001335,17.182823,17.472412,17.219078,17.490471,17.110275,17.400101,17.128418,17.345833,17.544655,17.418190,17.219078,18.066551,17.580750,17.724983,17.526596,17.886955,17.904930,17.904930,17.976807,18.102425,18.102425,17.994759,18.012718,17.724983,17.994759,18.209953,18.424599,17.815002,17.886955,17.526596,18.245766,17.652901,17.761002,18.048607,18.192039,17.886955,17.868965,17.706970,17.850990,17.833000,18.066551,17.779015,18.263664,17.544655,18.102425,18.317345,17.670921,18.102425,18.138290,18.048607,17.598785,18.227867,17.779015,17.850990,17.670921,17.128418,17.418190,17.164696,17.634865,17.219078,17.092117,17.019493,17.001335,17.110275,16.363075,16.655434,16.564171,16.069710,15.959457,15.756950,16.032974,15.609375,15.090919,15.053780,14.942238,14.588127,14.830566,14.700096,14.718750,15.053780,15.202286,14.494698,14.718750,15.072350,14.700096,15.053780,14.569450,15.257896,14.625465,14.756035,14.960838,14.979439,14.382469,14.513397,14.681450,14.532082,14.811943,14.513397,14.326302,14.401184,14.774681,14.307571,15.109489,14.251350,14.550774,14.532082,15.332008,14.457298,14.438606,13.875710,14.476006,14.401184,14.063721,13.743858,14.270103,14.774681,13.950951,14.138817,14.007355,13.819221,13.668427,
15.387550,15.941071,16.069710,15.812218,15.977844,16.051353,16.069710,16.271500,16.143143,15.922668,15.996223,16.289825,16.600693,15.720085,16.051353,15.922668,16.161499,16.088081,16.308144,15.664742,16.399666,15.867470,15.959457,16.527649,15.683197,16.161499,16.014603,16.436256,16.106438,16.253181,16.234848,16.106438,16.051353,16.344765,15.977844,15.885872,16.308144,16.051353,16.014603,15.885872,15.775375,15.941071,16.253181,15.720085,15.849052,16.216530,16.381371,16.509377,15.553970,15.756950,15.683197,15.553970,16.198189,16.143143,15.885872,16.253181,16.545914,16.051353,16.106438,16.143143,16.032974,15.959457,16.253181,15.922668,16.436256,16.179840,16.253181,16.600693,16.106438,16.454536,16.491104,16.271500,16.363075,16.106438,16.308144,16.289825,16.051353,16.069710,16.381371,16.088081,16.344765,16.234848,16.051353,15.885872,15.867470,16.454536,15.922668,16.198189,16.527649,16.381371,16.234848,15.996223,15.941071,16.198189,16.051353,16.088081,16.179840,15.941071,16.069710,16.234848,16.655434,16.326462,16.069710,16.381371,16.253181,16.234848,15.959457,16.124794,16.527649,16.564171,16.308144,15.922668,16.289825,16.088081,16.399666,16.381371,16.783035,16.655434,16.509377,16.436256,16.618950,16.545914,16.436256,16.399666,16.892258,16.801247,16.964989,16.783035,16.491104,16.728371,16.910439,16.436256,17.092117,16.874062,16.801247,16.527649,16.946808,16.545914,16.728371,16.837654,17.146553,17.055817,17.345833,17.164696,17.055817,17.562698,17.400101,17.291534,17.200951,17.363930,17.562698,16.783035,17.182823,17.001335,17.472412,16.874062,17.797005,17.273430,17.291534,17.382019,17.273430,17.688942,17.761002,17.400101,17.436272,17.779015,17.200951,17.544655,17.436272,17.580750,17.382019,17.598785,17.670921,17.652901,17.418190,17.400101,17.363930,17.544655,17.598785,17.850990,17.309639,17.219078,17.724983,17.472412,17.670921,17.544655,17.670921,17.598785,17.976807,17.761002,17.436272,17.652901,17.616829,17.598785,17.868965,17.526596,17.833000,17.868965,17.779015,17.797005,18.335236,17.940880,18.138290,18.084496,18.370995,17.994759,17.868965,18.174133,18.603035,18.209953,18.406731,18.156204,17.886955,18.424599,18.549545,18.478165,18.424599,18.281563,18.138290,18.585213,18.549545,18.263664,18.531708,18.567383,18.012718,18.513863,18.585213,18.869980,18.834435,18.281563,18.674309,19.011993,18.834435,19.206863,18.958771,18.709923,19.242241,18.692123,18.763306,19.100624,18.958771,18.905502,19.153755,19.011993,19.118340,19.082909,19.082909,19.348289,19.118340,18.905502,19.065178,19.330627,18.958771,18.745514,19.242241,18.869980,19.011993,18.976524,18.905502,18.869980,19.065178,19.189156,19.065178,19.082909,18.798882,18.585213,18.709923,18.763306,18.941017,19.100624,19.100624,18.317345,18.638680,18.745514,18.763306,18.887749,19.153755,18.603035,18.727722,19.365944,18.763306,18.567383,18.709923,18.816666,18.638680,18.905502,18.478165,18.994255,18.745514,18.692123,18.513863,18.745514,18.638680,18.620857,18.798882,18.692123,18.781090,19.047462,18.567383,18.567383,18.478165,18.958771,19.011993,18.281563,18.816666,18.656494,18.478165,18.513863,18.460312,18.567383,18.370995,18.335236,18.227867,18.585213,18.174133,18.745514,18.692123,18.192039,18.102425,18.299454,18.370995,17.922905,17.779015,18.156204,17.904930,18.156204,17.616829,18.066551,18.174133,18.227867,17.833000,17.634865,18.192039,17.742996,17.958839,17.580750,17.454338,17.779015,17.958839,17.562698,17.742996,17.616829,17.400101,17.237198,17.904930,17.219078,17.219078,17.742996,17.779015,17.436272,17.472412,17.400101,17.526596,17.237198,17.363930,17.797005,17.580750,17.544655,17.634865,17.761002,17.400101,17.363930,17.382019,17.436272,17.110275,17.019493,17.309639,17.345833,17.490471,17.472412,17.164696,16.855865,17.128418,17.182823,17.382019,16.928627,17.345833,17.146553,16.874062,16.964989,16.855865,17.001335,16.637184,16.746590,17.092117,16.874062,16.983162,16.381371,16.618950,16.874062,16.527649,16.618950,16.509377,16.381371,16.928627,16.527649,16.691910,16.746590,16.983162,16.143143,16.801247,16.637184,17.037659,16.600693,16.618950,16.764816,16.600693,16.837654,17.164696,16.399666,16.582436,16.746590,16.655434,16.491104,16.673668,16.527649,16.764816,16.673668,17.073982,16.289825,16.600693,16.728371,16.545914,16.399666,16.399666,16.399666,16.655434,16.946808,16.892258,16.691910,16.344765,16.837654,16.983162,16.582436,17.037659,16.564171,16.801247,16.764816,16.928627,16.801247,17.128418,16.819458,16.582436,16.892258,16.710136,16.892258,16.618950,16.545914,16.764816,16.637184,16.582436,16.564171,16.289825,16.673668,16.454536,16.491104,16.637184,16.582436,16.837654,16.381371,16.399666,16.746590,17.001335,17.001335,16.764816,16.454536,16.472824,16.855865,16.819458,16.819458,16.783035,16.344765,16.910439,17.200951,17.073982,16.801247,16.691910,17.182823,17.055817,17.073982,16.874062,16.600693,17.073982,16.928627,16.964989,16.637184,16.928627,17.291534,17.490471,17.219078,17.255310,17.164696,17.291534,16.928627,17.400101,16.728371,16.983162,17.327736,17.454338,17.345833,17.454338,17.544655,17.345833,17.092117,17.055817,17.146553,17.182823,17.237198,16.892258,17.255310,17.255310,17.164696,17.273430,17.073982,17.146553,17.797005,17.255310,17.146553,17.544655,17.797005,17.958839,17.400101,17.797005,16.928627,17.291534,17.382019,17.779015,17.237198,17.526596,17.652901,17.616829,18.138290,17.688942,17.850990,17.994759,17.868965,18.030663,17.922905,18.066551,17.922905,17.797005,17.850990,17.327736,17.886955,17.670921,17.797005,18.138290,18.138290,18.012718,17.994759,18.012718,17.886955,17.779015,18.048607,18.012718,17.472412,17.868965,17.616829,17.291534,17.634865,18.084496,18.156204,17.904930,17.544655,17.724983,17.634865,17.940880,17.904930,17.940880,17.724983,17.904930,17.472412,17.976807,17.363930,17.652901,18.102425,17.382019,17.327736,17.273430,16.874062,16.892258,16.910439,17.309639,17.073982,16.637184,16.582436,16.289825,16.783035,15.885872,15.294960,15.424561,15.313492,15.128059,14.737404,14.774681,14.756035,14.867805,15.775375,14.886414,15.165176,14.756035,14.700096,14.998024,14.513397,15.202286,14.606796,14.793312,14.681450,14.326302,14.905037,14.811943,14.662788,15.016617,14.700096,14.588127,14.774681,14.082504,14.811943,14.662788,14.550774,14.382469,14.700096,14.326302,14.588127,14.960838,14.494698,14.550774,14.138817,14.101280,14.345024,14.625465,14.176346,14.438606,13.875710,13.611824,14.213860,13.988556,14.044937,13.252487,13.138725,
14.830566,16.179840,15.683197,16.381371,16.399666,16.124794,16.710136,16.032974,16.399666,15.590912,16.179840,16.124794,15.885872,15.590912,16.198189,16.014603,16.032974,15.812218,15.996223,16.637184,15.609375,15.830643,16.271500,16.088081,16.509377,16.143143,16.216530,16.874062,15.959457,16.289825,16.308144,16.051353,16.234848,16.014603,16.289825,16.106438,15.977844,15.941071,16.216530,15.849052,16.216530,15.922668,15.701637,16.381371,16.014603,15.941071,16.032974,16.143143,16.600693,16.143143,16.271500,16.179840,16.143143,16.308144,15.775375,15.830643,15.977844,15.959457,15.849052,16.106438,16.069710,16.143143,15.867470,16.179840,15.812218,15.885872,15.738518,15.941071,16.253181,16.088081,16.051353,16.106438,16.179840,16.436256,15.977844,16.289825,16.216530,16.527649,15.793800,15.996223,15.885872,16.032974,15.922668,16.417961,16.124794,16.106438,16.051353,16.124794,16.253181,15.959457,16.289825,16.234848,16.216530,16.032974,16.326462,16.600693,16.161499,16.234848,16.124794,16.216530,15.996223,16.014603,15.867470,16.819458,16.399666,16.509377,16.399666,16.198189,16.673668,16.326462,16.673668,15.996223,16.545914,16.271500,16.600693,16.161499,16.746590,16.363075,16.124794,16.417961,16.637184,16.655434,16.600693,16.344765,16.417961,16.783035,16.655434,16.216530,16.363075,17.164696,16.582436,16.710136,17.182823,16.910439,16.764816,16.910439,16.783035,16.783035,17.073982,17.073982,16.910439,16.837654,16.983162,16.928627,17.146553,17.092117,17.092117,17.327736,17.110275,17.273430,17.182823,17.164696,17.363930,17.309639,17.237198,17.327736,17.382019,17.345833,17.472412,17.363930,17.273430,17.508537,17.580750,17.345833,17.544655,17.688942,17.634865,17.616829,17.490471,17.598785,17.508537,17.706970,17.670921,17.508537,17.724983,17.688942,17.652901,17.400101,17.490471,17.688942,17.815002,17.164696,17.490471,17.616829,18.084496,17.976807,17.508537,17.886955,17.724983,17.688942,17.742996,17.904930,17.779015,17.850990,17.652901,17.958839,17.706970,17.850990,18.174133,18.227867,17.994759,17.904930,17.761002,17.833000,17.994759,18.317345,18.138290,18.442459,18.299454,18.245766,17.815002,18.496017,18.388855,18.084496,18.603035,18.496017,18.335236,18.335236,18.406731,18.120361,18.138290,18.192039,18.745514,18.816666,18.513863,18.460312,18.869980,18.585213,18.460312,18.869980,18.674309,19.065178,18.763306,18.692123,18.887749,18.692123,18.958771,19.011993,18.656494,19.082909,18.816666,18.887749,18.923264,18.869980,18.869980,19.242241,19.029732,19.242241,18.976524,19.277603,19.259926,19.011993,18.941017,18.798882,19.047462,18.692123,18.976524,19.011993,18.638680,18.816666,18.923264,18.798882,18.852211,18.798882,18.478165,18.905502,18.941017,18.905502,18.887749,19.224541,18.852211,18.852211,19.136055,18.692123,18.941017,18.905502,18.905502,18.798882,18.496017,18.887749,18.958771,18.763306,18.709923,18.424599,18.424599,18.513863,18.496017,18.692123,18.531708,18.905502,18.585213,18.958771,18.816666,18.816666,18.442459,18.941017,18.798882,18.442459,18.656494,18.531708,18.335236,18.798882,18.531708,18.335236,18.585213,18.816666,18.620857,18.567383,18.531708,18.496017,18.424599,18.869980,18.012718,18.174133,18.335236,18.120361,18.353111,18.192039,18.066551,18.513863,18.227867,18.335236,17.958839,17.940880,18.174133,18.603035,17.833000,17.779015,18.030663,17.850990,18.066551,18.102425,17.940880,17.886955,17.688942,17.850990,17.634865,17.562698,18.048607,17.598785,17.742996,17.670921,17.833000,17.526596,17.706970,17.670921,17.490471,17.688942,17.779015,17.490471,17.833000,17.436272,17.508537,17.200951,17.508537,17.273430,17.562698,17.598785,17.833000,16.964989,17.580750,17.219078,17.922905,17.562698,17.255310,17.037659,17.327736,17.273430,17.273430,17.237198,17.454338,17.327736,17.273430,16.910439,17.092117,16.983162,17.001335,16.964989,17.128418,17.128418,16.618950,16.983162,16.472824,17.146553,16.964989,16.472824,16.655434,16.564171,16.271500,16.691910,16.983162,16.564171,16.253181,16.491104,16.381371,16.491104,16.637184,16.746590,16.363075,16.271500,16.637184,16.637184,16.564171,16.545914,16.710136,16.381371,16.728371,16.582436,16.618950,16.363075,16.436256,16.673668,16.582436,16.673668,16.344765,16.253181,17.001335,16.106438,16.946808,16.600693,16.874062,16.527649,16.618950,16.582436,16.491104,16.363075,16.964989,16.326462,16.764816,16.491104,16.983162,16.710136,16.363075,16.819458,16.491104,16.600693,16.545914,16.746590,16.819458,16.600693,16.637184,16.673668,16.801247,16.271500,16.746590,16.399666,16.655434,16.783035,16.527649,16.764816,16.545914,16.271500,16.655434,16.600693,16.417961,16.363075,16.417961,16.855865,16.454536,16.637184,16.673668,16.509377,16.801247,16.874062,16.564171,16.837654,16.527649,17.019493,16.892258,16.673668,16.710136,16.892258,16.764816,16.874062,17.019493,16.600693,17.037659,17.019493,17.363930,17.128418,17.164696,16.874062,17.146553,16.764816,17.363930,17.037659,17.055817,17.255310,17.182823,17.200951,17.490471,17.291534,17.418190,17.562698,17.779015,17.454338,17.037659,17.092117,17.436272,17.418190,17.219078,17.345833,17.742996,17.454338,16.928627,17.418190,17.237198,17.182823,17.634865,17.309639,17.868965,17.454338,17.436272,17.616829,17.255310,17.472412,17.436272,17.309639,17.400101,17.616829,17.508537,17.598785,17.508537,17.418190,17.237198,17.742996,17.634865,17.562698,17.688942,17.616829,18.102425,17.779015,17.815002,17.580750,18.442459,18.066551,17.922905,17.688942,17.742996,18.209953,18.424599,18.156204,17.454338,18.424599,17.634865,17.779015,18.102425,18.138290,18.120361,17.472412,17.868965,17.706970,17.958839,18.048607,18.030663,17.544655,18.084496,18.138290,17.706970,17.868965,18.209953,17.706970,17.958839,17.634865,17.994759,18.192039,17.742996,17.652901,18.030663,17.922905,17.976807,17.958839,17.363930,17.200951,17.652901,17.363930,17.958839,17.055817,17.598785,17.436272,17.128418,16.673668,17.019493,16.892258,16.655434,16.819458,16.143143,16.673668,15.812218,15.756950,15.922668,15.072350,14.942238,14.960838,14.811943,15.035194,14.681450,14.830566,14.905037,14.550774,14.960838,14.905037,14.886414,15.109489,14.457298,14.700096,14.923637,14.550774,14.793312,14.867805,14.382469,14.251350,14.756035,14.606796,14.644127,14.793312,14.700096,14.363747,14.644127,14.401184,14.363747,14.326302,14.532082,14.026146,14.288834,13.969765,14.345024,14.288834,14.044937,14.157593,14.138817,14.176346,14.718750,13.950951,13.932144,14.120049,13.668427,13.271439,14.007355,12.853714,
15.443062,15.646294,16.253181,16.308144,16.234848,15.720085,16.014603,16.014603,15.830643,16.253181,16.271500,16.143143,16.051353,15.922668,16.051353,16.253181,16.454536,14.998024,16.545914,16.874062,16.124794,16.253181,16.253181,16.691910,15.959457,15.959457,16.545914,16.179840,16.527649,16.161499,15.812218,16.124794,16.143143,16.051353,16.088081,16.032974,16.436256,16.381371,16.106438,15.590912,16.381371,15.904274,16.088081,15.609375,15.941071,16.014603,16.179840,15.793800,15.996223,15.885872,16.032974,15.793800,16.436256,16.032974,15.535500,15.332008,15.922668,15.830643,16.326462,15.959457,15.830643,16.289825,16.088081,15.977844,16.179840,16.143143,15.572441,16.088081,16.326462,16.124794,16.179840,16.234848,15.922668,15.701637,15.996223,16.106438,16.234848,15.867470,16.014603,16.124794,16.472824,16.326462,16.344765,16.216530,16.363075,16.216530,16.161499,15.775375,16.106438,16.014603,16.051353,16.088081,15.959457,16.344765,15.867470,16.143143,16.124794,15.941071,16.673668,16.289825,15.849052,15.922668,16.198189,16.032974,16.344765,16.417961,16.106438,16.124794,16.161499,16.472824,16.234848,16.344765,16.161499,16.837654,16.545914,16.161499,16.399666,16.691910,16.253181,16.051353,16.582436,16.271500,16.381371,16.381371,16.600693,16.417961,16.637184,15.996223,17.073982,16.454536,16.801247,17.092117,16.801247,16.855865,17.164696,16.691910,17.019493,16.728371,17.092117,17.237198,16.928627,16.964989,17.092117,17.073982,16.819458,17.001335,17.110275,17.418190,17.345833,17.146553,17.652901,17.273430,17.508537,17.436272,17.598785,17.580750,17.562698,17.382019,17.363930,17.345833,17.688942,17.779015,17.363930,17.526596,17.219078,17.724983,17.886955,17.055817,17.436272,17.742996,17.922905,17.508537,17.688942,17.652901,17.508537,17.544655,17.454338,17.616829,17.544655,17.327736,17.418190,17.309639,17.418190,17.400101,17.797005,17.779015,17.815002,17.363930,17.761002,17.544655,18.030663,17.779015,17.761002,17.815002,17.904930,18.102425,18.066551,17.616829,17.562698,17.904930,18.263664,17.958839,17.833000,18.335236,18.299454,18.030663,18.460312,18.227867,18.281563,18.388855,18.048607,18.424599,17.904930,18.406731,18.317345,18.388855,18.531708,18.620857,18.192039,18.620857,18.084496,18.567383,18.692123,18.102425,18.531708,18.406731,18.317345,18.763306,18.603035,18.585213,18.816666,18.763306,18.656494,18.745514,18.887749,18.834435,18.923264,19.082909,18.905502,18.798882,18.727722,18.513863,18.620857,18.958771,19.224541,19.065178,19.011993,19.029732,19.242241,19.189156,19.365944,19.065178,19.136055,18.905502,18.727722,19.029732,19.224541,18.727722,19.312950,18.798882,18.727722,18.763306,18.656494,19.065178,18.763306,18.976524,18.834435,19.189156,19.029732,18.763306,19.100624,18.603035,18.798882,18.852211,18.692123,19.330627,18.941017,18.781090,18.638680,18.763306,19.047462,18.692123,18.887749,18.638680,18.905502,18.638680,18.798882,18.745514,18.370995,18.549545,18.852211,18.620857,18.798882,18.834435,18.531708,18.299454,18.745514,18.549545,18.798882,18.674309,18.549545,18.674309,18.638680,18.674309,18.727722,18.834435,18.353111,18.281563,18.567383,18.513863,18.102425,18.567383,18.263664,18.531708,18.174133,18.620857,18.603035,18.603035,18.138290,18.317345,18.084496,18.102425,18.138290,18.424599,18.388855,17.958839,18.209953,18.102425,18.192039,17.526596,18.102425,18.227867,17.833000,17.724983,17.815002,18.012718,17.688942,17.868965,17.815002,17.670921,17.472412,17.850990,17.886955,17.797005,17.815002,17.616829,18.102425,17.904930,17.670921,17.562698,17.544655,17.472412,17.815002,17.472412,17.706970,17.327736,17.508537,17.526596,17.598785,17.490471,17.761002,17.237198,17.562698,17.345833,17.544655,17.400101,17.219078,17.544655,17.055817,17.490471,17.742996,17.055817,17.345833,17.309639,17.327736,17.019493,16.837654,17.019493,16.855865,16.964989,17.273430,16.964989,16.600693,16.637184,16.819458,16.527649,16.545914,16.509377,16.728371,16.600693,16.710136,16.564171,16.892258,16.253181,16.014603,16.399666,16.417961,16.600693,16.983162,16.326462,16.655434,16.710136,16.344765,16.344765,16.892258,16.216530,16.855865,16.253181,16.198189,16.728371,16.600693,16.673668,17.055817,16.545914,16.618950,16.216530,16.710136,16.819458,16.417961,16.983162,17.019493,16.436256,16.472824,16.855865,16.399666,16.545914,16.673668,16.271500,16.436256,16.527649,16.509377,16.691910,16.710136,16.837654,16.198189,16.783035,16.417961,16.216530,16.564171,16.946808,16.399666,16.928627,16.106438,16.454536,16.417961,16.582436,16.363075,16.728371,16.289825,16.454536,16.381371,16.454536,16.326462,16.892258,16.088081,16.417961,16.892258,16.527649,16.928627,16.289825,16.582436,16.417961,16.618950,16.655434,16.983162,16.691910,16.928627,16.710136,16.691910,16.600693,16.892258,16.874062,17.436272,16.655434,17.146553,17.073982,16.964989,17.237198,16.874062,17.200951,17.073982,17.200951,17.200951,17.073982,17.508537,17.454338,17.146553,17.219078,17.490471,17.001335,17.146553,17.237198,17.363930,17.436272,17.237198,17.182823,17.382019,17.237198,17.146553,17.382019,17.182823,16.964989,17.182823,17.779015,17.472412,16.964989,17.580750,17.363930,17.544655,17.255310,17.490471,17.291534,17.580750,17.200951,17.110275,17.309639,17.073982,17.652901,17.327736,17.363930,18.048607,17.472412,17.436272,17.073982,17.400101,17.363930,17.526596,17.400101,17.868965,17.544655,17.904930,17.706970,17.904930,17.544655,17.724983,17.670921,17.815002,18.209953,17.922905,17.652901,18.012718,17.598785,17.742996,17.815002,17.761002,17.976807,17.815002,17.797005,17.724983,17.994759,17.779015,17.940880,18.084496,17.724983,18.102425,18.030663,18.209953,18.030663,17.833000,18.245766,17.833000,18.048607,17.850990,17.670921,17.886955,17.940880,17.742996,17.815002,18.120361,17.634865,18.066551,17.382019,17.598785,17.797005,17.688942,17.779015,17.508537,17.200951,17.634865,17.598785,16.946808,17.001335,17.255310,16.819458,16.271500,16.271500,16.271500,16.618950,16.069710,16.198189,15.830643,15.313492,14.886414,14.625465,15.183723,15.239365,15.090919,14.625465,14.923637,14.606796,14.737404,15.165176,14.811943,14.550774,14.867805,14.625465,14.251350,15.016617,14.960838,14.867805,14.625465,15.035194,14.532082,14.401184,14.569450,14.849190,14.326302,14.625465,14.774681,14.363747,14.288834,14.270103,14.606796,14.569450,14.830566,14.774681,14.026146,14.457298,14.569450,13.649567,14.288834,14.044937,14.120049,14.251350,14.138817,13.781540,14.007355,13.743858,13.611824,13.630692,
15.202286,16.161499,16.491104,16.253181,16.326462,15.830643,16.545914,15.590912,16.655434,15.885872,16.910439,16.344765,16.363075,16.234848,15.756950,16.069710,16.289825,16.399666,16.179840,16.436256,16.691910,16.106438,16.198189,16.161499,16.216530,16.051353,16.124794,16.143143,16.161499,16.198189,16.106438,16.417961,16.069710,16.472824,16.198189,16.069710,15.904274,16.198189,16.124794,16.014603,15.830643,15.738518,15.775375,15.627831,16.032974,16.344765,15.646294,15.406059,15.941071,15.480049,15.904274,15.830643,16.106438,15.683197,15.885872,15.756950,15.535500,15.517014,15.664742,15.553970,16.069710,15.996223,15.885872,14.960838,16.124794,15.977844,15.885872,16.069710,16.271500,15.720085,16.326462,16.344765,16.051353,15.922668,15.959457,15.996223,16.088081,15.683197,16.417961,15.812218,16.198189,16.216530,16.234848,16.253181,16.253181,16.308144,16.106438,15.627831,15.498535,16.032974,15.849052,16.216530,16.088081,15.941071,16.014603,16.143143,16.161499,15.793800,16.179840,15.701637,15.775375,16.216530,15.849052,16.069710,16.124794,15.738518,15.683197,16.491104,16.088081,16.088081,16.161499,15.720085,16.106438,16.472824,15.959457,16.253181,16.143143,15.996223,16.764816,16.198189,16.198189,16.179840,16.746590,16.582436,16.198189,16.691910,16.600693,16.655434,16.032974,16.710136,16.783035,17.001335,16.417961,16.855865,16.491104,17.001335,17.055817,17.110275,17.255310,16.837654,17.436272,16.710136,17.001335,17.400101,17.055817,16.964989,17.418190,16.874062,17.490471,17.219078,17.418190,17.580750,17.291534,17.363930,17.382019,17.327736,17.490471,17.761002,17.400101,17.454338,17.526596,17.580750,17.742996,17.508537,17.508537,17.868965,17.652901,17.598785,17.634865,17.418190,17.436272,17.922905,17.273430,17.976807,17.562698,17.634865,17.309639,17.580750,17.634865,17.616829,17.761002,17.598785,17.616829,17.652901,17.688942,17.526596,17.490471,17.815002,17.382019,17.363930,17.797005,17.886955,18.030663,18.174133,18.120361,18.048607,18.066551,17.670921,17.940880,18.048607,18.030663,17.724983,17.994759,18.138290,18.388855,18.138290,18.030663,17.886955,17.940880,18.192039,18.353111,18.388855,18.335236,18.263664,18.603035,18.424599,18.299454,18.513863,17.833000,18.834435,18.603035,18.478165,18.513863,18.923264,18.692123,18.905502,18.781090,18.460312,18.692123,18.692123,18.745514,18.567383,18.674309,18.958771,18.869980,19.029732,18.709923,19.011993,18.923264,19.029732,18.727722,19.507095,18.745514,18.958771,19.136055,19.082909,19.118340,18.816666,19.348289,18.923264,19.029732,19.047462,19.189156,19.065178,19.224541,19.153755,19.029732,19.206863,19.295280,18.674309,18.976524,18.834435,19.082909,18.869980,19.082909,18.923264,18.745514,18.816666,19.189156,18.869980,18.638680,18.585213,18.781090,19.206863,18.406731,18.834435,18.531708,18.887749,18.905502,18.834435,19.082909,18.656494,18.816666,18.709923,18.852211,18.994255,18.852211,18.763306,18.976524,18.816666,18.923264,19.171471,18.816666,19.224541,18.549545,18.674309,18.905502,18.531708,18.424599,18.620857,18.852211,18.709923,18.709923,18.353111,18.192039,18.745514,18.567383,18.958771,18.209953,18.709923,18.567383,18.209953,18.727722,18.388855,18.549545,18.567383,18.442459,18.798882,18.156204,17.706970,18.245766,18.174133,18.138290,18.227867,18.048607,18.370995,17.724983,18.048607,18.299454,18.102425,18.460312,17.976807,18.012718,18.424599,17.958839,17.634865,17.598785,17.761002,17.868965,18.209953,17.544655,17.868965,18.066551,17.490471,17.958839,17.958839,17.580750,17.779015,17.940880,17.182823,17.833000,17.598785,17.652901,17.472412,17.833000,17.508537,17.652901,17.400101,18.048607,17.616829,17.598785,17.418190,17.219078,17.742996,17.779015,17.219078,17.562698,17.670921,17.850990,17.616829,17.219078,17.092117,17.345833,17.037659,17.255310,17.019493,16.819458,16.964989,16.819458,16.964989,17.055817,17.110275,16.874062,16.564171,16.618950,16.344765,16.582436,16.710136,16.399666,16.491104,16.637184,16.198189,16.308144,16.143143,16.326462,15.904274,16.545914,16.308144,16.417961,15.904274,16.509377,16.436256,16.545914,16.344765,16.271500,16.399666,16.783035,16.509377,16.746590,16.417961,16.289825,16.436256,16.381371,16.491104,16.600693,16.253181,16.509377,16.143143,16.454536,16.344765,16.216530,16.271500,16.253181,15.867470,16.381371,16.344765,16.436256,16.472824,16.143143,16.417961,16.564171,16.564171,16.344765,16.381371,16.216530,16.253181,16.179840,16.673668,16.289825,16.381371,16.855865,16.837654,16.198189,16.326462,16.801247,16.253181,16.399666,16.106438,16.545914,16.069710,16.509377,16.308144,16.344765,16.637184,16.691910,16.014603,16.381371,16.363075,16.253181,16.417961,16.983162,15.977844,16.673668,16.527649,16.673668,16.491104,16.983162,16.710136,16.764816,16.983162,17.019493,16.928627,17.200951,16.564171,17.092117,17.219078,17.110275,17.182823,17.037659,17.073982,17.309639,17.164696,17.490471,17.363930,17.436272,17.472412,17.436272,17.219078,17.363930,16.673668,17.562698,17.400101,17.544655,17.634865,17.327736,17.237198,17.833000,16.764816,17.779015,17.200951,17.706970,17.490471,17.327736,17.237198,17.670921,17.868965,17.797005,17.146553,17.345833,17.019493,17.724983,17.382019,17.562698,17.508537,17.037659,17.400101,17.400101,17.255310,17.110275,17.526596,17.706970,17.490471,16.874062,17.508537,17.652901,17.345833,17.544655,17.418190,17.833000,17.490471,17.472412,18.120361,17.958839,17.652901,17.580750,17.291534,17.886955,17.670921,18.048607,17.598785,17.382019,18.120361,17.724983,17.309639,17.797005,17.490471,17.815002,17.652901,18.012718,18.048607,18.066551,18.012718,17.688942,17.994759,17.616829,17.940880,17.994759,18.263664,18.084496,17.580750,17.904930,17.868965,17.868965,17.761002,17.634865,17.598785,17.886955,17.742996,18.156204,17.562698,17.797005,17.742996,17.634865,17.436272,17.868965,16.819458,17.562698,17.309639,17.436272,17.345833,17.327736,17.255310,17.055817,16.399666,16.454536,16.892258,16.326462,16.216530,15.443062,15.053780,15.572441,14.979439,14.867805,14.923637,14.513397,14.326302,14.176346,14.307571,14.737404,14.625465,14.960838,14.232613,15.220818,14.923637,14.550774,14.718750,14.960838,15.016617,14.625465,14.700096,14.700096,14.830566,14.737404,14.886414,14.811943,14.849190,14.960838,15.165176,14.662788,14.345024,14.232613,14.195114,14.026146,14.345024,13.856880,14.457298,14.195114,14.513397,14.681450,14.138817,14.681450,14.363747,14.213860,14.195114,14.382469,14.232613,13.988556,13.668427,13.385033,13.743858,
15.313492,16.069710,16.289825,15.996223,16.216530,15.775375,16.014603,16.527649,16.106438,15.922668,16.051353,16.051353,16.253181,16.326462,16.088081,16.271500,16.271500,15.996223,16.234848,16.472824,16.271500,16.509377,16.179840,16.381371,15.756950,15.738518,16.399666,16.014603,16.801247,16.271500,16.344765,16.051353,15.830643,16.179840,15.977844,16.088081,15.977844,15.849052,15.849052,15.701637,15.590912,16.161499,15.904274,15.738518,15.664742,15.701637,15.756950,15.572441,15.738518,16.179840,15.756950,15.406059,15.849052,15.812218,15.812218,16.014603,15.756950,15.756950,15.793800,15.294960,15.646294,15.720085,16.216530,15.922668,15.756950,15.627831,16.308144,15.756950,15.941071,15.812218,15.867470,15.996223,16.179840,16.143143,16.289825,15.738518,15.553970,15.812218,16.106438,16.088081,16.253181,16.234848,16.143143,16.253181,15.830643,15.830643,16.014603,15.720085,15.959457,15.609375,16.088081,15.756950,16.161499,15.720085,16.527649,16.124794,15.775375,15.904274,15.885872,15.830643,16.088081,15.922668,16.014603,15.683197,16.216530,15.627831,16.124794,15.996223,15.904274,16.399666,16.491104,16.106438,16.527649,15.904274,16.253181,15.904274,16.326462,16.014603,16.143143,16.253181,16.344765,16.308144,16.289825,16.271500,16.179840,16.892258,16.326462,16.582436,16.928627,16.819458,16.527649,16.710136,17.073982,16.691910,17.037659,16.874062,16.637184,17.200951,17.110275,16.855865,17.345833,17.562698,16.801247,16.637184,17.400101,16.801247,16.837654,17.273430,17.345833,16.964989,17.309639,17.345833,17.382019,17.526596,17.454338,17.634865,17.454338,17.580750,17.508537,17.526596,17.544655,17.724983,17.652901,17.706970,18.227867,18.174133,17.598785,17.761002,17.761002,17.886955,17.994759,17.616829,17.922905,17.670921,17.472412,17.363930,17.634865,17.580750,17.670921,17.146553,17.742996,17.779015,17.868965,17.436272,17.868965,17.580750,17.670921,17.761002,17.616829,17.363930,17.670921,17.562698,18.030663,17.815002,18.209953,18.263664,17.797005,17.761002,17.976807,18.227867,18.156204,17.562698,17.833000,18.030663,18.227867,18.281563,18.317345,18.709923,18.102425,18.709923,18.603035,18.567383,18.209953,18.406731,18.709923,18.370995,18.798882,18.209953,18.567383,18.674309,18.620857,18.603035,18.692123,18.549545,18.549545,18.603035,18.923264,18.869980,18.905502,18.656494,18.567383,18.460312,18.887749,18.816666,18.852211,19.312950,19.011993,18.923264,18.816666,18.763306,18.727722,18.763306,19.348289,18.905502,18.781090,19.330627,19.011993,19.330627,18.923264,18.923264,19.312950,19.295280,19.100624,19.029732,19.418907,19.047462,18.976524,18.941017,19.082909,18.976524,18.798882,18.781090,18.994255,18.763306,18.994255,18.887749,18.317345,18.905502,18.887749,18.567383,18.869980,18.656494,18.887749,19.259926,18.958771,18.727722,19.029732,18.745514,18.941017,18.513863,18.745514,18.727722,18.852211,18.585213,18.994255,18.745514,18.638680,18.816666,18.781090,18.656494,18.834435,18.656494,18.585213,18.531708,18.620857,18.869980,18.781090,18.781090,18.834435,18.513863,18.763306,18.816666,18.442459,18.638680,18.603035,18.281563,18.692123,18.816666,18.603035,18.869980,18.424599,18.798882,18.620857,18.549545,18.603035,18.531708,18.513863,18.245766,18.102425,18.263664,18.084496,18.263664,18.567383,17.922905,18.030663,18.120361,17.958839,18.263664,18.174133,18.335236,18.674309,18.370995,18.424599,17.724983,18.245766,18.227867,18.174133,18.245766,17.958839,17.742996,17.904930,17.922905,17.976807,17.562698,17.706970,17.886955,17.580750,17.922905,17.688942,17.634865,17.976807,17.797005,17.797005,17.652901,17.436272,17.598785,17.833000,17.363930,17.724983,17.490471,17.363930,17.382019,17.940880,17.472412,17.400101,17.418190,17.706970,17.706970,17.273430,17.562698,17.092117,17.309639,16.983162,16.764816,16.637184,16.673668,16.837654,17.273430,16.655434,16.655434,16.710136,16.910439,16.545914,16.399666,17.037659,16.783035,16.344765,16.143143,16.271500,16.381371,16.216530,16.326462,16.198189,16.088081,15.294960,16.363075,16.198189,16.124794,16.326462,16.545914,16.417961,16.326462,16.198189,16.381371,16.417961,16.069710,16.253181,16.161499,16.454536,16.271500,16.417961,15.996223,16.509377,15.922668,16.837654,16.271500,16.417961,16.289825,16.069710,16.143143,16.032974,16.161499,16.399666,16.143143,16.436256,16.088081,16.216530,16.326462,16.399666,16.051353,16.545914,15.996223,15.867470,16.179840,16.545914,16.179840,16.600693,16.344765,16.234848,16.051353,15.904274,16.198189,16.509377,16.216530,16.161499,16.069710,15.904274,16.363075,15.922668,16.472824,16.216530,15.959457,16.308144,16.161499,16.032974,16.179840,16.069710,16.124794,16.271500,16.161499,16.436256,16.289825,16.491104,16.472824,16.582436,16.564171,16.417961,16.801247,16.783035,16.928627,16.637184,16.928627,16.928627,16.655434,16.892258,17.092117,17.055817,16.874062,16.837654,17.001335,17.110275,16.819458,17.073982,17.073982,17.001335,16.946808,17.019493,17.472412,17.237198,17.237198,17.128418,17.436272,17.544655,17.291534,17.345833,17.164696,17.363930,17.110275,17.544655,16.892258,17.237198,17.472412,17.490471,17.616829,17.815002,17.092117,17.327736,17.291534,17.562698,17.472412,17.146553,17.526596,17.382019,17.092117,17.200951,17.526596,17.055817,17.182823,17.327736,17.255310,17.490471,17.706970,17.472412,17.724983,17.345833,17.922905,17.363930,17.200951,17.958839,17.309639,17.400101,17.742996,17.652901,17.562698,17.598785,17.382019,17.868965,17.490471,17.616829,17.616829,17.670921,17.598785,18.084496,17.472412,17.526596,17.850990,17.580750,17.868965,17.688942,17.761002,17.761002,18.066551,17.634865,17.922905,17.922905,17.670921,17.598785,18.478165,17.779015,17.940880,17.382019,17.833000,17.797005,17.850990,17.815002,17.418190,17.922905,17.400101,17.850990,17.779015,17.382019,17.688942,17.436272,17.598785,17.345833,17.436272,17.850990,16.874062,16.928627,17.418190,16.764816,16.764816,17.454338,16.454536,16.983162,16.381371,16.326462,16.289825,15.922668,15.977844,15.220818,15.239365,15.090919,14.401184,15.183723,14.345024,14.644127,14.681450,14.867805,14.438606,14.867805,15.332008,14.382469,14.213860,14.830566,14.513397,14.419891,14.867805,14.700096,14.979439,14.830566,15.109489,14.401184,13.988556,14.718750,14.569450,14.532082,14.606796,14.718750,14.157593,14.213860,14.606796,14.138817,14.307571,14.569450,13.856880,13.950951,13.819221,14.494698,14.120049,14.419891,14.382469,13.950951,13.875710,13.781540,14.288834,13.800392,13.743858,13.479599,13.214584,
15.627831,16.124794,16.289825,15.904274,16.600693,16.271500,16.472824,16.928627,16.783035,15.553970,15.996223,16.289825,16.253181,16.271500,15.977844,16.326462,16.032974,16.179840,16.491104,16.253181,16.253181,16.454536,16.271500,16.051353,16.417961,16.509377,15.885872,16.289825,16.399666,15.959457,16.289825,16.253181,16.399666,15.959457,16.344765,15.775375,16.051353,16.088081,16.088081,16.143143,16.381371,15.849052,15.664742,15.996223,15.517014,16.143143,15.793800,15.867470,16.051353,15.461563,15.683197,15.904274,15.701637,15.424561,15.498535,15.443062,15.572441,16.308144,15.941071,15.387550,15.498535,15.775375,15.424561,15.646294,15.775375,15.517014,15.812218,15.646294,16.124794,15.609375,15.941071,15.480049,15.294960,16.069710,16.179840,15.775375,15.627831,15.313492,15.738518,15.738518,15.627831,15.664742,16.014603,15.904274,15.922668,15.480049,15.683197,15.553970,15.517014,15.738518,15.904274,15.535500,15.701637,15.590912,15.775375,15.996223,15.904274,15.959457,15.609375,15.849052,15.812218,15.977844,15.793800,15.793800,16.289825,15.793800,16.088081,15.627831,15.977844,15.553970,16.051353,15.959457,16.088081,16.106438,16.271500,15.922668,15.756950,16.051353,15.904274,16.253181,16.014603,16.801247,16.381371,16.198189,16.363075,16.399666,16.308144,16.143143,16.582436,16.381371,16.527649,16.381371,16.819458,16.964989,16.746590,16.892258,17.164696,17.037659,17.092117,17.345833,17.092117,16.928627,17.291534,17.055817,17.055817,17.110275,17.327736,17.363930,17.237198,17.400101,17.436272,17.598785,17.363930,17.073982,17.472412,17.761002,17.073982,17.508537,17.616829,17.580750,17.976807,17.436272,17.634865,17.436272,17.994759,17.544655,17.761002,17.436272,18.084496,17.544655,18.048607,17.616829,17.779015,17.742996,17.779015,17.436272,18.048607,17.850990,17.544655,17.418190,17.616829,17.797005,17.345833,18.012718,17.850990,17.688942,17.940880,18.263664,17.779015,17.779015,17.797005,17.886955,17.994759,17.779015,17.634865,17.976807,17.562698,18.048607,17.562698,18.138290,18.156204,18.156204,17.958839,17.850990,18.281563,18.281563,18.513863,17.976807,18.388855,18.299454,18.496017,18.120361,18.406731,18.496017,18.585213,18.638680,18.816666,18.674309,18.816666,18.745514,18.709923,18.335236,18.781090,18.460312,18.745514,18.299454,19.011993,18.923264,18.976524,18.567383,18.638680,18.834435,18.709923,18.263664,18.460312,18.727722,18.745514,18.941017,18.941017,19.100624,18.869980,19.100624,19.118340,18.905502,19.259926,18.958771,19.118340,18.976524,18.727722,18.976524,19.436554,19.524719,19.171471,18.692123,19.136055,19.224541,19.065178,18.887749,19.312950,18.763306,18.745514,19.029732,18.887749,19.118340,18.869980,18.905502,18.585213,18.656494,19.082909,18.923264,19.029732,19.224541,18.763306,18.781090,18.798882,18.941017,19.259926,18.798882,18.460312,18.781090,18.745514,18.852211,18.941017,18.745514,19.118340,19.100624,18.976524,18.638680,18.727722,18.994255,18.994255,18.745514,19.011993,18.798882,19.136055,18.798882,18.976524,18.656494,18.781090,18.798882,18.727722,18.638680,18.603035,18.727722,18.869980,18.388855,18.549545,18.869980,18.763306,18.335236,19.029732,18.798882,18.388855,18.138290,18.442459,18.209953,18.442459,18.335236,18.317345,18.549545,18.388855,18.102425,18.138290,18.227867,18.281563,18.156204,17.850990,18.263664,18.263664,17.922905,17.886955,18.209953,17.922905,18.156204,18.156204,17.922905,17.976807,18.174133,18.263664,18.048607,18.245766,17.958839,17.761002,17.706970,17.904930,17.724983,17.670921,17.958839,17.634865,17.634865,18.174133,17.526596,17.886955,17.706970,17.779015,17.634865,17.580750,17.688942,17.904930,17.797005,17.580750,17.472412,17.868965,17.345833,17.400101,17.562698,17.200951,17.345833,17.200951,17.255310,17.634865,17.055817,17.055817,16.801247,16.837654,16.216530,16.837654,16.618950,16.472824,16.381371,17.019493,16.582436,16.326462,16.600693,16.381371,16.381371,16.472824,16.509377,16.582436,16.289825,16.253181,15.830643,16.509377,15.683197,16.472824,16.124794,16.198189,16.014603,15.996223,15.959457,15.941071,16.399666,16.161499,16.088081,16.308144,16.088081,16.381371,16.179840,15.793800,16.106438,16.161499,16.032974,15.959457,15.849052,16.014603,15.977844,16.069710,16.198189,16.069710,15.959457,15.812218,16.161499,16.124794,15.922668,15.922668,16.051353,15.922668,15.756950,16.051353,15.756950,15.977844,15.720085,16.179840,15.517014,16.198189,15.922668,15.775375,15.941071,16.179840,15.867470,16.381371,15.977844,16.344765,16.032974,16.198189,16.216530,16.363075,16.032974,15.996223,15.885872,15.977844,16.014603,16.234848,16.271500,15.922668,15.867470,15.756950,15.738518,15.996223,15.830643,15.922668,16.234848,16.344765,16.051353,16.032974,15.867470,16.289825,16.600693,16.198189,16.892258,16.691910,16.946808,17.110275,16.837654,16.819458,17.128418,16.801247,17.164696,17.164696,16.637184,17.200951,16.946808,17.472412,17.128418,17.291534,17.200951,17.634865,16.928627,17.128418,17.019493,17.146553,17.490471,17.526596,17.237198,17.652901,17.291534,17.345833,17.670921,17.146553,17.092117,16.691910,17.255310,17.526596,17.291534,17.797005,17.001335,17.868965,17.237198,17.255310,17.200951,17.652901,17.309639,17.706970,17.019493,17.670921,16.819458,17.508537,17.815002,17.454338,17.345833,17.363930,17.562698,17.526596,17.219078,17.345833,17.327736,17.273430,17.291534,17.291534,17.833000,17.073982,17.472412,18.030663,17.580750,17.761002,17.833000,17.580750,17.382019,17.580750,17.742996,17.400101,17.544655,18.030663,18.048607,17.291534,17.634865,18.281563,17.850990,17.598785,17.994759,17.976807,17.580750,18.048607,17.868965,18.030663,17.598785,17.994759,18.245766,18.066551,17.761002,17.454338,17.634865,17.508537,17.868965,18.138290,18.030663,17.868965,17.994759,17.418190,17.562698,17.670921,17.886955,17.779015,17.580750,17.616829,17.345833,17.742996,17.724983,16.928627,17.128418,17.019493,16.673668,17.146553,16.819458,16.855865,16.271500,16.618950,16.161499,15.590912,15.406059,15.165176,15.517014,14.942238,14.700096,14.662788,14.774681,14.382469,14.401184,14.270103,14.867805,14.700096,14.681450,14.811943,15.257896,14.681450,14.998024,14.606796,14.606796,15.016617,14.644127,14.662788,14.569450,14.979439,14.176346,14.345024,14.307571,14.307571,14.063721,14.494698,14.662788,14.270103,14.644127,14.811943,14.550774,14.026146,14.176346,14.213860,14.401184,14.288834,14.101280,14.082504,14.606796,14.063721,14.382469,14.251350,13.630692,14.063721,13.800392,13.706154,13.385033,
15.313492,16.198189,16.289825,16.344765,17.019493,16.106438,16.417961,15.849052,16.326462,15.480049,16.381371,16.253181,16.308144,15.793800,17.001335,15.480049,16.271500,16.253181,15.959457,16.069710,16.143143,16.527649,16.417961,16.381371,16.271500,16.124794,16.234848,15.959457,15.977844,16.161499,16.179840,15.977844,16.344765,16.472824,15.922668,15.922668,15.977844,15.535500,15.738518,15.849052,16.124794,15.775375,15.793800,15.572441,15.830643,15.609375,15.885872,15.793800,15.165176,15.183723,15.332008,15.627831,15.756950,15.664742,15.738518,15.701637,16.198189,15.756950,15.812218,15.480049,15.498535,15.313492,15.627831,15.461563,15.424561,15.683197,15.720085,15.701637,15.959457,15.369041,15.572441,15.885872,15.996223,15.053780,15.609375,15.480049,15.535500,15.332008,15.885872,15.165176,15.867470,15.627831,15.498535,15.830643,16.051353,15.294960,15.239365,15.775375,15.294960,15.553970,16.051353,15.738518,15.646294,15.664742,15.553970,15.535500,16.124794,15.646294,16.051353,15.498535,15.812218,15.627831,15.590912,15.535500,15.775375,15.517014,15.424561,15.701637,15.996223,16.527649,15.904274,15.701637,15.830643,15.553970,16.179840,15.664742,15.922668,16.032974,16.161499,16.234848,16.069710,15.996223,15.849052,16.655434,16.326462,15.812218,16.564171,16.764816,16.564171,16.381371,16.801247,16.874062,16.600693,16.564171,16.983162,16.618950,16.910439,16.964989,17.055817,17.037659,17.273430,16.783035,17.436272,17.200951,17.182823,17.146553,17.400101,17.219078,17.182823,17.164696,17.598785,17.490471,17.363930,17.400101,17.994759,17.472412,17.418190,17.544655,17.598785,17.580750,17.454338,17.508537,17.598785,17.670921,17.742996,17.634865,17.940880,17.634865,17.724983,17.868965,17.797005,17.779015,17.940880,17.742996,17.652901,18.066551,17.958839,17.345833,17.580750,18.012718,18.048607,18.084496,17.797005,17.616829,17.309639,17.670921,17.706970,17.976807,17.886955,17.706970,17.886955,17.670921,17.797005,18.209953,17.940880,18.102425,18.209953,17.886955,18.156204,17.922905,18.245766,17.976807,18.281563,17.904930,18.299454,18.335236,18.102425,18.066551,18.460312,17.976807,18.388855,18.424599,18.709923,18.496017,18.994255,18.745514,18.727722,18.834435,18.727722,18.852211,18.958771,18.869980,18.798882,18.816666,19.224541,18.620857,18.834435,19.029732,18.958771,18.781090,18.852211,18.692123,18.834435,18.531708,18.834435,18.763306,18.692123,18.709923,18.834435,18.905502,18.745514,18.620857,18.692123,19.259926,19.295280,18.781090,19.029732,19.011993,18.941017,19.118340,19.383614,18.869980,18.923264,19.118340,18.692123,18.958771,18.941017,19.082909,19.171471,18.638680,18.923264,18.513863,19.136055,19.401253,18.603035,18.905502,19.383614,18.976524,18.763306,19.082909,18.941017,19.065178,19.065178,18.781090,18.620857,18.869980,19.136055,18.727722,18.727722,18.585213,18.745514,19.153755,18.567383,18.674309,18.656494,18.603035,19.118340,18.905502,18.834435,18.370995,18.976524,18.656494,18.976524,18.674309,18.941017,18.763306,18.941017,18.138290,19.029732,18.781090,18.763306,18.656494,18.478165,18.281563,18.370995,18.370995,18.478165,18.745514,18.353111,18.834435,18.209953,18.656494,18.638680,18.513863,18.263664,18.353111,18.478165,18.460312,18.174133,18.263664,18.496017,18.335236,18.263664,17.976807,18.227867,18.174133,17.994759,18.066551,18.335236,18.245766,18.012718,18.192039,17.994759,18.084496,17.868965,18.066551,18.209953,17.815002,17.724983,18.048607,17.598785,17.779015,17.779015,17.922905,18.048607,18.102425,18.120361,17.706970,17.779015,17.652901,17.490471,17.598785,17.940880,17.670921,17.886955,17.472412,17.382019,17.490471,17.833000,17.562698,17.580750,17.670921,17.562698,17.037659,17.580750,17.092117,17.598785,17.237198,17.616829,17.345833,17.255310,16.874062,16.946808,16.764816,16.946808,16.946808,16.910439,16.764816,16.253181,16.691910,16.234848,16.381371,16.819458,16.271500,16.472824,16.637184,16.088081,16.032974,16.088081,16.014603,15.904274,15.738518,16.198189,16.271500,15.756950,15.775375,15.738518,15.646294,15.849052,15.701637,16.271500,15.941071,15.867470,16.326462,15.627831,16.032974,15.885872,15.959457,15.350533,15.885872,15.830643,15.977844,15.664742,15.849052,15.498535,15.701637,15.904274,15.812218,15.553970,15.756950,16.472824,15.720085,15.664742,15.646294,15.720085,15.812218,15.775375,15.775375,15.738518,16.308144,15.793800,15.959457,15.904274,16.179840,15.480049,15.701637,16.051353,15.775375,16.161499,15.775375,15.720085,16.032974,15.406059,15.350533,15.756950,15.830643,15.922668,16.069710,15.867470,15.849052,15.590912,16.032974,15.756950,15.996223,15.941071,15.941071,15.461563,15.885872,15.885872,16.051353,15.738518,15.775375,16.014603,16.198189,16.399666,16.436256,16.399666,16.673668,16.326462,16.032974,16.837654,16.746590,16.964989,16.582436,17.037659,16.783035,16.928627,16.728371,17.382019,16.819458,17.327736,17.092117,17.092117,16.983162,17.490471,16.946808,16.783035,17.110275,17.580750,17.544655,17.073982,17.490471,17.237198,17.255310,17.400101,17.580750,17.544655,17.327736,17.526596,17.922905,17.724983,17.634865,17.688942,17.815002,17.472412,17.345833,17.779015,17.164696,17.019493,17.472412,17.273430,17.508537,17.219078,17.454338,17.526596,17.815002,17.400101,17.345833,17.833000,17.688942,17.291534,17.363930,17.219078,17.634865,17.508537,17.436272,17.797005,17.526596,17.182823,17.652901,17.742996,17.688942,17.940880,17.544655,17.724983,17.850990,17.761002,17.490471,18.120361,17.418190,17.779015,17.779015,17.562698,17.670921,17.580750,17.958839,17.940880,17.670921,17.670921,17.472412,18.299454,17.724983,17.761002,17.761002,17.994759,17.580750,17.742996,17.904930,17.616829,17.976807,17.797005,17.454338,17.761002,17.958839,18.030663,18.138290,17.454338,17.580750,18.084496,17.544655,18.030663,17.562698,17.382019,17.580750,17.164696,17.562698,17.345833,17.418190,17.182823,16.946808,17.219078,17.055817,16.764816,16.801247,16.509377,16.088081,16.289825,15.720085,16.363075,15.609375,15.535500,15.016617,14.811943,14.213860,14.774681,14.419891,14.588127,14.849190,15.276436,14.419891,15.090919,14.960838,15.072350,14.326302,14.905037,14.923637,14.718750,15.146614,14.606796,15.128059,14.251350,14.550774,14.082504,14.644127,14.307571,14.026146,14.960838,14.270103,14.942238,14.288834,14.532082,14.476006,14.213860,14.345024,14.718750,14.476006,14.644127,14.457298,13.743858,15.090919,14.457298,14.157593,13.668427,14.007355,14.120049,14.569450,14.082504,13.536285,13.819221,13.385033,
15.350533,16.417961,16.014603,16.179840,16.234848,15.867470,16.746590,16.344765,16.014603,16.198189,16.491104,16.527649,16.928627,16.271500,16.326462,15.922668,15.830643,16.564171,16.344765,16.161499,16.216530,16.234848,16.308144,16.106438,16.618950,15.904274,16.491104,16.234848,16.216530,16.308144,15.941071,16.124794,16.344765,15.424561,15.424561,15.959457,16.179840,15.959457,16.069710,16.014603,15.406059,15.904274,15.941071,15.812218,15.572441,15.922668,15.294960,15.867470,15.572441,15.165176,15.443062,15.498535,15.793800,15.220818,15.683197,15.590912,15.738518,15.590912,15.664742,15.183723,15.480049,14.960838,15.922668,15.332008,15.406059,15.756950,15.294960,15.517014,16.069710,15.572441,15.239365,15.664742,15.276436,15.443062,15.461563,15.332008,15.535500,15.627831,15.977844,15.793800,15.035194,15.183723,15.553970,15.387550,15.332008,15.276436,15.517014,15.443062,15.387550,15.109489,15.590912,15.738518,15.350533,15.146614,15.738518,15.664742,15.849052,15.664742,15.720085,15.572441,15.904274,15.590912,16.032974,15.590912,15.461563,15.664742,15.977844,15.738518,15.053780,15.775375,15.590912,15.664742,15.812218,15.959457,16.032974,15.406059,15.590912,15.849052,16.143143,15.480049,16.161499,15.387550,16.051353,15.535500,15.572441,15.683197,16.179840,16.014603,16.289825,16.069710,16.527649,16.326462,16.509377,16.491104,16.564171,16.764816,17.110275,16.764816,17.128418,17.508537,17.037659,17.219078,17.255310,17.616829,17.382019,16.874062,16.746590,17.309639,17.146553,17.544655,17.363930,17.291534,17.454338,17.958839,17.815002,17.200951,17.418190,17.526596,17.580750,17.815002,17.634865,17.273430,17.580750,18.102425,17.724983,17.580750,17.850990,17.580750,18.192039,18.066551,17.616829,17.688942,17.940880,17.940880,17.994759,17.598785,17.886955,17.670921,17.742996,17.472412,17.742996,17.580750,17.742996,17.779015,17.940880,17.761002,17.940880,17.508537,17.833000,17.526596,17.994759,17.922905,17.886955,17.688942,17.868965,18.030663,17.976807,17.797005,18.138290,17.886955,17.958839,18.048607,18.084496,18.209953,18.299454,18.478165,18.335236,18.048607,18.549545,18.012718,18.424599,18.102425,18.424599,18.620857,18.585213,18.798882,18.603035,18.513863,18.513863,18.709923,18.656494,18.976524,18.585213,18.692123,18.460312,19.153755,18.692123,18.958771,19.047462,18.727722,18.709923,18.976524,18.513863,19.047462,19.259926,19.189156,18.834435,18.709923,18.941017,18.567383,18.887749,18.816666,18.976524,19.029732,18.834435,18.994255,19.047462,19.259926,19.401253,19.295280,19.206863,19.065178,19.029732,19.136055,19.029732,19.312950,19.082909,18.887749,19.136055,18.958771,19.171471,19.100624,19.065178,19.259926,19.242241,18.869980,18.887749,18.869980,18.798882,18.994255,19.029732,18.994255,19.189156,18.994255,18.852211,18.905502,18.958771,19.189156,18.709923,18.727722,18.745514,18.692123,18.620857,18.869980,18.923264,18.727722,18.994255,18.727722,18.994255,19.047462,18.923264,18.656494,18.674309,18.816666,18.923264,18.531708,18.923264,18.531708,19.047462,18.923264,18.709923,18.335236,18.335236,18.638680,18.869980,18.460312,18.656494,18.620857,18.869980,18.424599,18.353111,18.442459,18.531708,18.460312,18.227867,18.030663,18.567383,18.442459,18.406731,18.209953,18.513863,18.335236,18.156204,18.209953,18.209953,18.084496,18.174133,18.138290,18.388855,18.567383,18.317345,17.815002,18.102425,18.012718,18.192039,18.084496,18.317345,17.815002,18.138290,18.030663,18.192039,17.886955,17.688942,18.012718,17.994759,17.833000,18.012718,17.761002,17.797005,17.779015,17.922905,17.544655,18.084496,17.815002,17.815002,17.904930,17.345833,17.616829,17.598785,17.598785,17.472412,17.797005,17.616829,17.562698,16.983162,17.598785,17.200951,17.706970,17.219078,16.983162,17.291534,16.655434,16.673668,16.783035,16.837654,16.344765,16.710136,16.454536,16.069710,16.436256,16.088081,16.289825,16.509377,15.793800,15.941071,16.124794,16.069710,16.234848,15.830643,16.179840,16.143143,15.812218,15.572441,15.830643,15.904274,15.683197,16.088081,15.109489,15.517014,15.849052,15.627831,15.572441,15.609375,15.406059,15.332008,15.867470,15.590912,15.535500,15.590912,15.590912,15.683197,15.350533,15.756950,15.257896,15.867470,15.553970,15.646294,15.443062,15.775375,15.996223,15.904274,15.720085,15.812218,15.572441,15.830643,15.553970,15.959457,15.498535,15.035194,15.627831,15.535500,15.424561,15.664742,15.590912,15.646294,15.257896,15.350533,15.535500,15.590912,15.572441,15.793800,15.756950,15.313492,15.535500,15.535500,15.849052,15.350533,15.922668,15.313492,15.830643,15.498535,15.257896,15.812218,15.090919,15.775375,15.775375,15.406059,15.572441,15.535500,15.922668,15.904274,15.646294,16.032974,15.996223,16.161499,15.941071,15.941071,16.326462,16.344765,16.964989,16.673668,16.801247,16.436256,16.728371,16.983162,16.655434,16.855865,17.019493,17.055817,16.764816,17.400101,17.092117,17.237198,17.436272,17.580750,17.073982,17.472412,17.255310,17.128418,17.688942,17.400101,17.309639,17.237198,17.128418,17.598785,17.255310,17.164696,17.291534,17.382019,17.454338,17.255310,17.255310,17.779015,17.363930,17.670921,17.182823,17.526596,17.472412,17.580750,17.436272,17.652901,17.055817,17.544655,17.436272,17.652901,17.688942,17.001335,17.237198,17.273430,17.309639,17.670921,17.273430,17.815002,17.200951,17.526596,17.508537,17.436272,17.886955,17.688942,17.291534,17.037659,17.634865,17.688942,17.454338,17.886955,17.598785,17.670921,17.616829,17.761002,17.797005,17.652901,17.904930,17.508537,18.048607,17.940880,17.904930,17.634865,17.994759,17.472412,17.454338,18.370995,17.868965,17.976807,17.598785,18.174133,17.652901,18.513863,17.562698,18.370995,17.940880,17.797005,17.886955,17.797005,17.958839,18.209953,17.526596,18.120361,17.273430,17.706970,17.976807,17.526596,17.382019,17.833000,17.219078,17.490471,17.508537,17.363930,17.526596,17.200951,16.746590,16.964989,16.655434,17.237198,16.417961,16.710136,16.381371,16.436256,15.756950,15.830643,15.627831,15.035194,14.307571,14.979439,15.035194,15.183723,14.157593,14.326302,14.700096,14.662788,14.886414,14.867805,14.476006,14.569450,14.942238,14.700096,14.681450,14.756035,14.737404,14.774681,14.849190,14.681450,14.756035,13.932144,14.756035,14.082504,14.476006,14.513397,14.251350,14.662788,14.793312,14.476006,14.550774,14.756035,14.532082,14.270103,14.811943,14.157593,14.138817,14.307571,14.681450,13.819221,13.913338,14.232613,13.856880,14.251350,13.743858,13.913338,13.762703,13.479599,13.422867,
15.812218,16.106438,16.436256,16.417961,16.143143,16.655434,16.673668,15.996223,16.069710,15.775375,16.344765,15.627831,15.904274,16.454536,15.867470,16.124794,15.996223,16.143143,16.234848,16.509377,16.344765,16.271500,16.051353,16.344765,15.959457,16.179840,16.436256,16.143143,16.509377,15.996223,16.032974,15.849052,15.867470,15.701637,15.996223,15.977844,15.904274,14.886414,15.498535,15.572441,15.683197,15.294960,15.406059,15.369041,15.553970,15.350533,15.609375,15.332008,15.072350,15.443062,15.350533,15.461563,15.812218,15.165176,14.644127,15.627831,15.146614,15.313492,15.406059,15.220818,15.350533,15.016617,15.313492,15.016617,15.016617,14.979439,15.202286,15.424561,15.276436,15.220818,15.369041,15.517014,15.590912,14.960838,15.664742,14.905037,15.202286,15.276436,15.498535,14.960838,15.517014,15.609375,15.220818,15.406059,15.257896,15.220818,15.016617,15.572441,15.646294,15.350533,14.923637,15.498535,15.146614,15.498535,15.072350,15.535500,15.109489,15.369041,15.480049,15.239365,15.720085,15.220818,15.885872,15.332008,15.146614,15.443062,15.220818,15.313492,15.535500,15.885872,15.369041,15.664742,15.627831,15.369041,15.701637,15.257896,15.977844,15.572441,15.941071,15.701637,15.812218,15.885872,15.996223,15.959457,15.941071,15.922668,16.344765,16.179840,16.436256,16.032974,16.308144,16.363075,16.564171,16.874062,16.892258,16.855865,16.855865,16.874062,16.728371,16.746590,17.309639,16.910439,17.363930,17.182823,16.892258,17.182823,17.418190,17.382019,17.327736,17.092117,17.400101,17.490471,17.580750,17.580750,17.652901,17.273430,17.273430,17.400101,17.598785,17.616829,17.418190,18.012718,17.634865,17.454338,17.779015,17.544655,17.940880,17.994759,17.436272,17.724983,17.886955,17.706970,17.634865,17.580750,17.904930,17.706970,17.833000,17.761002,17.742996,17.850990,18.102425,17.742996,17.797005,17.976807,17.976807,18.084496,17.472412,17.508537,17.976807,17.797005,17.761002,17.688942,18.138290,18.084496,17.868965,18.120361,17.815002,17.797005,18.120361,17.761002,18.102425,18.460312,18.478165,18.460312,18.424599,18.388855,18.281563,18.496017,18.442459,18.138290,18.763306,18.406731,18.531708,18.192039,19.189156,18.763306,18.869980,18.531708,18.923264,19.047462,18.905502,18.958771,18.976524,18.905502,18.905502,18.869980,19.118340,18.941017,19.242241,18.976524,18.603035,18.727722,19.224541,18.674309,18.941017,18.798882,18.638680,18.478165,19.136055,18.656494,18.531708,18.994255,18.852211,19.189156,18.816666,19.189156,19.029732,18.674309,18.798882,18.585213,19.118340,19.047462,18.994255,18.976524,19.259926,18.834435,19.224541,19.065178,18.923264,18.816666,19.224541,18.976524,18.941017,18.941017,18.923264,18.958771,18.941017,18.763306,18.887749,18.816666,18.852211,18.460312,18.887749,19.082909,19.047462,18.887749,18.531708,18.781090,18.656494,19.100624,18.816666,19.082909,19.612793,18.781090,18.692123,18.905502,18.869980,18.745514,18.976524,19.206863,18.603035,18.603035,18.709923,18.816666,18.263664,18.727722,18.834435,18.496017,18.567383,18.567383,18.887749,18.852211,18.549545,18.388855,18.531708,18.531708,18.674309,18.656494,18.531708,18.496017,18.620857,18.709923,18.709923,18.585213,18.424599,18.442459,18.638680,18.335236,18.620857,18.263664,18.478165,18.406731,18.209953,18.102425,17.994759,17.886955,18.513863,18.460312,17.940880,18.353111,18.084496,18.192039,18.227867,18.192039,18.102425,18.048607,17.706970,18.066551,17.779015,18.120361,18.156204,17.616829,17.958839,17.922905,17.886955,17.940880,18.048607,17.797005,17.779015,17.761002,17.761002,18.066551,17.436272,17.797005,17.580750,17.706970,17.562698,18.048607,17.742996,17.526596,17.652901,17.742996,17.922905,17.616829,17.291534,17.363930,17.490471,17.273430,16.655434,17.001335,16.892258,16.964989,17.182823,16.673668,16.673668,16.710136,16.564171,16.271500,15.904274,16.289825,16.454536,16.399666,16.234848,15.572441,16.179840,15.867470,15.812218,15.627831,15.996223,15.572441,15.701637,15.701637,15.793800,15.885872,15.443062,15.701637,15.517014,15.387550,15.498535,15.332008,15.461563,15.461563,15.627831,15.313492,15.738518,15.683197,15.443062,15.627831,15.480049,15.276436,15.332008,15.553970,14.942238,15.812218,15.517014,15.072350,15.406059,15.183723,15.793800,15.276436,15.480049,15.035194,15.332008,15.830643,15.239365,15.627831,15.443062,15.257896,15.720085,15.461563,15.165176,15.183723,15.406059,15.072350,15.461563,15.646294,15.535500,15.276436,15.443062,15.424561,15.627831,15.627831,15.424561,15.109489,15.072350,15.332008,15.480049,15.257896,15.572441,15.257896,15.239365,15.387550,15.183723,15.387550,15.830643,15.461563,15.498535,15.035194,15.793800,15.867470,15.294960,15.627831,15.959457,15.793800,15.867470,16.308144,16.069710,16.527649,16.124794,16.691910,16.564171,16.855865,16.454536,16.819458,16.436256,17.200951,17.001335,17.110275,16.527649,17.001335,17.273430,17.092117,17.219078,16.874062,17.327736,17.200951,17.146553,17.255310,17.436272,17.073982,17.291534,17.454338,17.363930,17.724983,17.237198,17.237198,17.219078,17.580750,17.490471,17.454338,17.363930,16.910439,17.363930,17.092117,17.146553,17.400101,17.019493,17.598785,17.382019,17.255310,17.345833,17.833000,17.092117,17.327736,17.797005,17.219078,17.526596,17.436272,17.815002,17.472412,17.670921,17.508537,17.508537,17.652901,17.436272,17.904930,17.868965,17.652901,17.922905,17.688942,17.490471,17.742996,17.797005,17.580750,17.436272,17.598785,17.400101,17.580750,17.436272,17.868965,18.012718,17.779015,17.886955,17.652901,17.797005,17.652901,17.706970,18.102425,18.156204,18.245766,17.815002,18.263664,18.030663,18.192039,18.120361,18.030663,17.976807,17.724983,18.174133,17.958839,17.958839,17.815002,18.138290,18.138290,17.940880,17.886955,17.850990,17.670921,17.922905,17.815002,18.012718,17.761002,17.182823,17.454338,17.454338,17.670921,17.345833,17.868965,17.761002,17.110275,17.291534,16.801247,16.819458,16.874062,16.764816,16.582436,16.472824,15.904274,15.683197,15.369041,15.387550,15.535500,15.461563,14.157593,15.313492,14.905037,14.494698,15.072350,14.942238,14.774681,14.681450,14.774681,15.165176,15.202286,15.257896,14.345024,14.867805,15.220818,15.053780,14.082504,14.700096,14.101280,14.867805,14.588127,14.644127,14.007355,13.969765,14.476006,14.476006,14.438606,14.401184,14.138817,13.706154,14.082504,14.213860,14.157593,14.513397,14.625465,14.026146,13.687294,14.382469,14.063721,14.569450,14.120049,14.082504,14.438606,13.706154,13.536285,13.498497,13.081795,
15.738518,16.106438,16.161499,16.710136,16.381371,16.143143,16.088081,16.308144,16.637184,16.710136,16.436256,16.363075,16.691910,15.646294,16.198189,16.491104,16.855865,16.399666,15.720085,16.216530,16.051353,16.289825,16.106438,15.720085,16.124794,16.381371,16.491104,16.124794,15.867470,16.564171,16.069710,15.720085,15.756950,15.517014,15.609375,15.461563,15.775375,15.443062,15.294960,15.183723,15.332008,15.053780,15.553970,15.313492,15.053780,15.276436,15.350533,15.406059,15.424561,15.332008,15.332008,15.609375,15.146614,15.035194,15.922668,14.830566,15.535500,14.532082,14.849190,15.202286,14.532082,15.756950,15.350533,15.165176,14.737404,14.756035,15.090919,15.220818,14.737404,15.220818,15.350533,14.588127,14.905037,14.923637,15.257896,15.202286,15.128059,15.090919,15.183723,15.313492,15.090919,15.090919,15.016617,14.979439,14.849190,14.606796,15.035194,15.406059,15.332008,14.923637,14.886414,15.257896,15.424561,15.220818,15.350533,14.942238,15.313492,14.979439,15.609375,15.480049,15.332008,14.830566,14.998024,14.998024,15.517014,14.756035,15.406059,15.146614,15.480049,15.313492,15.720085,15.294960,15.461563,15.498535,15.590912,15.498535,15.590912,15.424561,15.793800,15.239365,15.572441,15.646294,16.088081,15.941071,15.664742,16.253181,16.051353,16.308144,15.812218,16.308144,16.472824,16.783035,16.655434,16.564171,17.019493,16.308144,17.128418,16.783035,16.983162,17.092117,17.073982,17.255310,17.273430,17.327736,17.182823,17.200951,17.037659,17.309639,17.382019,17.761002,17.128418,17.382019,17.291534,17.345833,17.454338,17.454338,17.706970,17.580750,17.616829,17.345833,17.688942,17.761002,17.634865,18.012718,17.580750,17.724983,17.850990,17.670921,18.174133,17.761002,17.922905,17.779015,17.815002,18.012718,17.652901,17.868965,18.012718,17.616829,17.850990,17.958839,17.706970,18.048607,17.850990,17.706970,17.634865,17.598785,17.994759,17.634865,17.670921,17.904930,18.138290,17.670921,17.940880,18.513863,18.138290,17.940880,18.245766,17.958839,18.084496,18.442459,17.886955,18.370995,18.424599,18.120361,18.084496,18.603035,18.442459,18.156204,18.585213,18.692123,18.781090,18.781090,18.834435,18.460312,18.798882,18.460312,19.224541,18.816666,18.496017,18.496017,18.852211,18.638680,18.531708,18.869980,18.709923,18.478165,18.442459,18.656494,18.603035,18.745514,18.513863,18.496017,19.082909,18.941017,18.674309,18.656494,18.460312,18.692123,18.727722,18.656494,18.745514,18.905502,18.941017,19.029732,18.834435,18.763306,19.118340,18.816666,18.656494,19.082909,18.852211,18.923264,19.206863,19.136055,19.136055,19.259926,19.011993,18.620857,18.941017,18.852211,18.941017,18.745514,19.047462,19.153755,18.567383,18.674309,18.692123,19.189156,18.674309,18.709923,18.958771,19.136055,19.259926,19.401253,19.047462,18.745514,19.065178,18.781090,18.745514,18.620857,18.834435,18.763306,19.365944,18.923264,19.047462,19.100624,18.941017,18.781090,18.887749,18.442459,19.118340,18.674309,18.727722,18.620857,18.958771,18.887749,19.029732,18.958771,18.496017,18.798882,18.674309,18.567383,18.585213,18.692123,18.692123,18.781090,18.656494,18.834435,18.834435,18.245766,18.460312,18.299454,18.227867,18.692123,18.727722,18.192039,18.603035,18.496017,18.603035,18.317345,18.209953,18.496017,18.370995,17.940880,17.994759,18.549545,18.406731,18.209953,18.281563,18.048607,18.281563,18.120361,17.958839,18.012718,18.030663,18.102425,18.227867,18.102425,18.281563,18.227867,18.317345,17.742996,18.353111,17.706970,17.797005,18.370995,17.779015,18.138290,17.886955,17.652901,17.815002,17.904930,17.688942,17.779015,17.472412,17.490471,17.327736,17.833000,17.706970,17.055817,17.544655,17.472412,17.562698,17.598785,17.454338,17.436272,17.291534,17.327736,16.801247,17.309639,16.764816,16.472824,16.582436,16.564171,16.673668,16.344765,16.344765,16.198189,16.253181,15.977844,15.775375,16.271500,16.161499,15.738518,15.220818,15.461563,15.276436,15.553970,15.553970,15.294960,15.128059,15.720085,15.498535,15.609375,15.387550,15.072350,15.498535,15.183723,15.738518,14.942238,15.165176,15.332008,15.443062,14.998024,15.535500,15.294960,15.053780,15.683197,15.016617,15.202286,15.701637,15.553970,15.183723,15.035194,15.053780,15.332008,15.406059,15.128059,15.387550,15.220818,15.461563,15.424561,15.443062,15.276436,15.387550,15.128059,15.220818,14.998024,14.774681,15.239365,15.183723,15.683197,15.369041,15.535500,14.830566,15.369041,15.165176,15.480049,15.257896,15.480049,15.313492,15.424561,15.350533,15.220818,15.202286,15.553970,15.498535,15.313492,15.443062,15.183723,15.276436,15.220818,15.885872,14.867805,15.535500,15.480049,15.369041,15.053780,15.239365,15.350533,15.572441,15.220818,15.572441,15.738518,15.701637,16.032974,16.051353,16.051353,16.253181,16.436256,16.491104,16.600693,16.655434,16.564171,17.001335,16.928627,16.928627,16.983162,17.219078,16.837654,17.382019,16.837654,17.146553,17.309639,17.255310,17.363930,17.255310,17.418190,17.273430,17.363930,17.128418,17.436272,17.454338,17.219078,17.526596,17.273430,17.255310,17.255310,17.797005,17.237198,17.309639,17.688942,17.255310,17.454338,17.562698,17.436272,17.146553,17.706970,17.652901,17.200951,17.833000,17.652901,17.363930,17.562698,17.652901,17.472412,17.634865,17.146553,17.670921,16.983162,17.634865,17.670921,17.526596,17.472412,17.382019,17.815002,17.472412,17.797005,17.940880,17.508537,17.580750,17.580750,17.544655,17.706970,17.598785,18.048607,17.616829,17.797005,17.761002,17.688942,18.263664,17.886955,18.353111,17.580750,17.940880,17.562698,17.742996,17.436272,18.174133,17.797005,17.742996,17.724983,18.227867,17.940880,17.886955,17.886955,17.418190,17.850990,18.299454,17.958839,18.335236,17.454338,17.742996,17.940880,17.544655,17.958839,17.670921,17.670921,17.345833,17.761002,17.562698,17.490471,17.382019,17.490471,17.833000,17.580750,17.345833,17.164696,17.634865,17.472412,17.110275,17.345833,17.706970,16.728371,16.691910,16.179840,16.801247,16.161499,16.637184,15.461563,15.294960,14.793312,14.960838,14.923637,15.035194,14.569450,15.146614,14.476006,15.183723,15.239365,15.183723,14.960838,15.109489,14.700096,14.979439,14.606796,14.998024,14.756035,14.457298,14.644127,14.644127,14.849190,14.905037,14.270103,14.513397,14.849190,14.513397,14.213860,14.811943,14.700096,14.251350,14.718750,14.401184,14.082504,13.988556,14.063721,13.611824,14.550774,14.044937,14.849190,14.101280,14.345024,14.082504,14.101280,14.382469,14.213860,14.270103,13.875710,13.385033,13.649567,
15.849052,16.124794,16.436256,16.179840,16.491104,16.234848,16.837654,16.436256,16.161499,15.904274,16.527649,16.417961,16.216530,16.308144,15.849052,15.922668,16.381371,15.683197,15.941071,16.764816,16.216530,15.941071,16.344765,15.775375,16.381371,15.867470,16.436256,15.627831,15.959457,16.454536,15.276436,15.922668,15.812218,15.683197,15.572441,15.812218,15.350533,15.683197,15.443062,15.646294,15.867470,15.424561,15.406059,15.035194,15.257896,15.053780,14.569450,15.109489,15.183723,15.443062,15.313492,15.443062,15.294960,15.350533,14.830566,15.035194,14.700096,15.109489,15.128059,14.905037,15.202286,14.550774,15.387550,14.662788,14.998024,14.550774,14.737404,14.960838,14.998024,14.830566,14.550774,14.419891,15.664742,14.811943,15.109489,14.849190,14.923637,14.270103,14.830566,14.905037,15.128059,15.202286,14.532082,14.737404,14.942238,14.756035,15.072350,14.960838,15.165176,14.998024,14.849190,14.979439,14.774681,14.886414,15.313492,14.700096,15.090919,14.905037,14.886414,14.886414,15.109489,15.443062,15.165176,15.109489,15.239365,14.905037,15.109489,15.239365,14.979439,14.550774,14.979439,15.572441,14.979439,15.332008,15.146614,15.590912,15.313492,15.553970,15.406059,15.849052,15.572441,15.885872,15.609375,15.756950,15.830643,15.701637,15.941071,15.812218,16.454536,16.143143,16.436256,16.399666,16.472824,16.399666,16.472824,16.892258,16.764816,16.527649,17.146553,16.855865,17.327736,17.237198,17.345833,16.946808,17.092117,17.724983,17.833000,17.616829,17.382019,17.146553,17.526596,17.472412,17.562698,17.219078,17.598785,18.030663,17.761002,17.472412,17.309639,18.012718,18.012718,17.598785,17.363930,17.940880,17.994759,17.779015,17.833000,17.670921,17.976807,17.958839,17.761002,17.868965,17.868965,17.797005,17.868965,18.281563,18.048607,17.761002,17.940880,18.066551,17.490471,17.904930,17.598785,17.958839,18.030663,17.688942,17.779015,17.904930,18.120361,17.994759,17.490471,17.994759,17.940880,17.526596,18.245766,17.706970,18.192039,18.174133,18.174133,17.688942,18.138290,17.833000,18.353111,18.209953,18.460312,18.281563,18.030663,18.603035,18.638680,18.620857,18.388855,18.120361,18.620857,18.424599,18.603035,19.047462,18.692123,18.353111,19.011993,18.816666,19.029732,18.976524,18.638680,19.507095,18.745514,18.905502,18.816666,18.994255,18.585213,18.763306,18.388855,18.905502,19.153755,18.638680,18.763306,18.567383,18.745514,18.905502,18.816666,18.674309,18.852211,18.763306,18.798882,18.674309,19.011993,18.923264,19.348289,19.082909,18.692123,18.638680,19.189156,18.976524,19.189156,19.047462,19.118340,18.923264,19.065178,18.852211,19.047462,18.745514,18.798882,18.816666,18.958771,18.816666,18.887749,18.745514,18.869980,18.852211,18.763306,19.136055,18.887749,18.958771,19.011993,19.029732,19.029732,19.047462,18.798882,18.727722,18.994255,18.692123,18.941017,18.958771,19.011993,18.994255,18.816666,19.011993,19.100624,19.136055,18.976524,19.100624,18.923264,18.816666,18.727722,18.745514,18.798882,18.834435,19.259926,18.656494,18.798882,18.727722,18.478165,18.192039,18.745514,18.478165,19.047462,18.603035,18.709923,18.388855,18.585213,18.620857,18.102425,18.567383,18.781090,18.406731,18.496017,18.496017,18.692123,18.406731,18.084496,18.585213,18.513863,18.263664,18.603035,18.209953,18.370995,18.048607,18.030663,18.424599,18.102425,18.012718,18.496017,18.513863,18.156204,17.706970,18.263664,18.281563,18.120361,17.868965,18.192039,17.940880,18.120361,18.192039,17.868965,17.833000,17.742996,18.066551,18.263664,18.048607,17.850990,18.084496,17.904930,18.084496,17.598785,17.797005,17.490471,17.850990,17.688942,17.580750,17.472412,17.562698,17.652901,17.345833,17.670921,17.598785,17.309639,17.019493,17.634865,16.764816,17.092117,17.146553,17.382019,16.746590,16.289825,16.637184,16.527649,16.472824,16.326462,15.977844,15.996223,15.775375,15.756950,16.014603,15.424561,15.941071,15.646294,15.701637,15.276436,15.220818,15.406059,15.627831,15.424561,15.720085,15.257896,15.424561,15.146614,15.090919,15.035194,15.257896,15.220818,15.053780,14.960838,15.406059,15.276436,15.590912,14.942238,15.128059,15.202286,14.942238,15.257896,14.588127,15.461563,14.923637,15.109489,14.849190,14.886414,15.072350,15.646294,15.146614,15.165176,14.942238,14.532082,15.146614,15.276436,14.718750,15.090919,14.886414,15.090919,15.517014,15.294960,15.535500,15.257896,15.016617,15.016617,15.146614,15.072350,14.923637,15.350533,15.276436,15.276436,14.662788,14.923637,14.793312,15.406059,15.202286,14.998024,15.090919,15.276436,15.202286,15.109489,15.183723,15.461563,14.979439,14.756035,15.016617,15.387550,14.960838,15.443062,14.979439,15.313492,14.979439,15.646294,15.683197,15.609375,15.517014,15.885872,15.904274,15.498535,16.198189,16.032974,16.417961,15.922668,16.271500,16.509377,16.910439,16.417961,16.983162,16.892258,16.600693,17.128418,17.001335,17.128418,17.092117,17.309639,17.128418,17.363930,17.544655,17.019493,17.652901,17.544655,17.472412,17.652901,16.801247,17.562698,17.994759,17.382019,17.309639,17.490471,17.652901,17.309639,17.833000,17.327736,17.779015,17.724983,17.200951,17.598785,17.019493,17.327736,17.544655,17.706970,17.634865,17.779015,17.382019,17.616829,17.472412,17.436272,17.868965,17.309639,17.001335,17.580750,17.688942,17.580750,17.436272,17.490471,17.797005,17.454338,17.940880,17.454338,17.742996,17.345833,17.309639,17.454338,17.345833,17.815002,17.526596,17.418190,18.209953,17.833000,18.102425,17.598785,18.066551,17.779015,17.363930,17.670921,17.761002,17.958839,17.886955,17.922905,17.598785,17.634865,18.048607,18.030663,17.850990,17.922905,17.652901,17.797005,18.245766,17.815002,17.779015,18.245766,18.174133,17.472412,17.761002,18.066551,17.850990,17.761002,17.544655,18.460312,17.868965,17.400101,18.335236,17.922905,17.219078,17.688942,17.291534,17.273430,16.983162,17.182823,17.454338,17.309639,17.345833,17.400101,17.037659,17.544655,16.874062,17.182823,16.855865,15.849052,16.032974,16.344765,15.885872,15.738518,14.979439,15.072350,14.550774,14.756035,14.718750,14.606796,14.998024,14.438606,14.830566,14.700096,14.793312,15.072350,15.146614,14.662788,14.998024,14.998024,14.288834,14.401184,14.662788,14.886414,14.774681,14.793312,14.867805,14.438606,14.419891,14.288834,14.270103,14.569450,14.419891,14.793312,14.138817,15.220818,14.082504,13.932144,14.550774,14.718750,13.950951,14.345024,13.819221,14.326302,14.044937,14.044937,14.138817,13.950951,14.662788,13.536285,14.082504,13.969765,12.929794,
15.480049,16.399666,16.161499,16.673668,16.964989,16.234848,16.655434,16.124794,16.308144,16.253181,16.746590,16.655434,16.527649,16.253181,16.179840,16.124794,16.088081,16.344765,16.509377,16.161499,16.454536,15.664742,16.069710,16.509377,16.326462,16.124794,16.253181,15.683197,15.977844,15.313492,15.664742,15.664742,15.313492,15.350533,15.885872,15.683197,15.313492,15.016617,15.220818,15.294960,15.369041,15.053780,15.480049,15.035194,15.090919,14.774681,15.146614,15.294960,14.606796,14.793312,14.960838,14.923637,15.220818,14.998024,15.053780,14.774681,14.811943,15.090919,15.016617,14.569450,14.942238,14.326302,14.700096,13.932144,14.457298,14.569450,15.035194,14.774681,14.793312,14.550774,14.419891,14.886414,15.294960,14.662788,14.849190,14.625465,14.662788,14.382469,14.830566,14.569450,14.288834,14.942238,14.960838,14.681450,14.942238,14.662788,14.905037,14.905037,14.550774,14.979439,15.220818,14.550774,14.644127,15.257896,14.830566,14.793312,15.053780,14.718750,14.718750,15.146614,15.332008,15.035194,14.923637,15.016617,14.923637,15.109489,14.886414,14.513397,15.294960,14.942238,15.109489,14.830566,15.276436,14.960838,15.220818,15.683197,15.257896,15.387550,15.498535,15.720085,15.738518,15.830643,16.124794,15.646294,15.461563,15.849052,15.387550,15.332008,16.326462,16.032974,16.655434,16.308144,16.783035,16.618950,16.691910,16.801247,17.001335,16.710136,17.055817,16.964989,17.073982,16.855865,17.291534,17.418190,17.146553,17.128418,17.019493,17.200951,17.490471,17.237198,17.472412,17.345833,17.922905,16.928627,17.490471,17.779015,17.797005,17.472412,17.976807,17.994759,17.670921,18.209953,17.868965,17.976807,17.598785,17.976807,17.994759,17.868965,17.706970,17.868965,18.012718,18.156204,17.886955,17.724983,18.012718,17.833000,18.102425,17.634865,17.815002,17.886955,17.904930,18.442459,17.868965,17.797005,17.327736,18.066551,17.904930,17.922905,18.174133,18.012718,18.227867,17.868965,18.317345,17.994759,18.174133,17.833000,18.317345,18.030663,18.174133,18.424599,18.424599,17.940880,18.209953,18.030663,18.227867,18.281563,18.388855,18.281563,18.745514,18.603035,18.781090,18.353111,19.259926,18.603035,18.923264,19.224541,18.834435,18.887749,19.224541,19.171471,18.905502,19.047462,19.312950,18.816666,19.065178,18.869980,18.513863,18.531708,18.620857,18.852211,18.603035,17.652901,18.442459,18.567383,18.798882,18.603035,18.531708,18.816666,18.692123,18.567383,19.029732,18.869980,18.852211,19.224541,19.136055,19.171471,19.047462,18.798882,19.047462,19.259926,19.171471,19.206863,19.047462,18.869980,19.047462,18.887749,19.136055,18.620857,19.047462,19.047462,19.047462,18.834435,19.100624,19.118340,18.958771,18.620857,19.224541,18.798882,18.763306,19.065178,18.994255,18.923264,18.692123,18.834435,18.941017,18.887749,19.047462,18.958771,19.082909,18.887749,19.100624,18.923264,19.118340,18.674309,18.869980,19.153755,18.781090,18.834435,18.549545,18.887749,18.781090,18.869980,18.209953,18.869980,18.442459,18.620857,19.029732,19.171471,19.082909,18.620857,18.370995,18.709923,18.941017,19.029732,19.065178,18.763306,18.620857,18.709923,18.638680,18.513863,18.549545,18.798882,18.620857,18.816666,18.852211,18.478165,18.620857,18.353111,18.424599,18.120361,18.976524,18.084496,18.424599,18.120361,18.048607,18.299454,17.958839,18.227867,18.227867,18.370995,18.227867,18.370995,18.299454,18.012718,18.263664,18.084496,18.370995,18.192039,17.815002,18.353111,18.317345,18.263664,18.030663,18.138290,18.012718,18.048607,18.120361,18.174133,17.833000,17.868965,18.209953,17.868965,17.940880,17.454338,17.779015,17.562698,17.706970,17.850990,17.742996,17.580750,17.616829,17.580750,17.219078,17.255310,17.508537,17.309639,17.490471,17.273430,17.055817,17.128418,16.892258,16.964989,16.964989,16.381371,16.381371,16.051353,16.326462,15.922668,16.216530,15.996223,15.885872,16.014603,15.480049,15.904274,15.553970,15.183723,16.014603,14.905037,14.979439,15.294960,15.517014,15.202286,14.793312,14.960838,14.849190,14.979439,14.960838,15.035194,14.886414,14.867805,14.923637,15.202286,14.998024,15.183723,14.849190,14.718750,15.109489,14.793312,14.886414,14.998024,14.886414,14.998024,14.644127,14.774681,14.811943,14.942238,14.662788,14.756035,14.905037,14.737404,14.923637,15.016617,15.016617,14.793312,14.979439,14.532082,15.276436,14.550774,14.625465,15.146614,14.569450,14.457298,15.035194,15.072350,14.532082,14.830566,14.998024,14.718750,14.923637,14.737404,14.718750,14.960838,14.960838,14.811943,14.811943,14.718750,15.183723,15.035194,14.811943,15.035194,14.793312,14.849190,14.979439,14.569450,15.443062,14.867805,14.662788,14.588127,15.313492,15.220818,15.016617,15.239365,15.590912,15.535500,15.387550,15.350533,15.443062,16.179840,16.124794,16.143143,15.959457,16.326462,16.710136,16.308144,16.564171,16.910439,17.073982,16.491104,17.237198,17.255310,17.182823,16.928627,17.237198,17.055817,17.291534,17.237198,17.055817,17.418190,16.801247,17.055817,17.255310,17.219078,17.291534,17.742996,17.237198,17.472412,17.779015,16.946808,17.526596,17.833000,18.030663,17.544655,17.309639,17.345833,17.436272,17.255310,17.200951,17.580750,17.598785,17.508537,17.598785,17.490471,17.562698,17.345833,17.382019,17.526596,17.490471,17.273430,17.363930,17.490471,17.418190,17.309639,17.580750,17.634865,17.761002,17.652901,17.382019,18.138290,17.886955,17.616829,17.779015,17.598785,17.797005,17.544655,17.454338,18.048607,17.634865,17.273430,17.634865,17.742996,18.209953,17.634865,17.454338,17.418190,17.363930,17.922905,17.634865,17.670921,17.815002,17.797005,17.670921,17.958839,17.454338,17.562698,17.779015,17.868965,17.454338,18.084496,17.850990,17.724983,17.779015,18.048607,17.922905,17.472412,17.436272,17.508537,17.724983,17.940880,17.904930,17.526596,17.904930,17.146553,17.327736,17.255310,17.797005,17.562698,17.255310,17.418190,17.200951,17.562698,17.073982,16.892258,16.655434,16.545914,16.783035,16.454536,16.837654,16.032974,15.627831,15.535500,15.350533,15.128059,14.644127,14.905037,15.202286,14.886414,15.035194,14.960838,14.886414,14.998024,14.905037,14.700096,14.774681,14.662788,14.718750,14.830566,14.625465,14.644127,14.588127,15.257896,14.606796,14.494698,14.044937,14.270103,14.138817,14.625465,14.830566,13.950951,14.942238,14.438606,14.476006,14.401184,14.270103,14.176346,14.793312,14.867805,14.625465,13.913338,14.251350,13.950951,14.157593,13.950951,14.494698,14.345024,14.063721,13.611824,14.251350,13.838051,13.819221,13.005829,
15.276436,16.399666,15.922668,16.855865,16.454536,16.728371,16.746590,15.922668,16.509377,16.491104,16.234848,16.545914,16.637184,16.509377,16.198189,16.216530,15.812218,16.399666,16.179840,16.527649,16.253181,15.812218,16.253181,16.381371,16.014603,16.234848,16.051353,15.683197,16.326462,16.161499,15.904274,16.234848,15.535500,15.701637,15.350533,15.756950,15.387550,15.165176,15.443062,14.662788,15.035194,15.535500,14.960838,15.461563,15.202286,15.183723,14.811943,14.886414,14.849190,15.072350,15.294960,14.849190,15.239365,14.793312,14.625465,15.183723,14.830566,15.128059,14.700096,14.513397,14.438606,14.625465,14.979439,14.625465,14.438606,15.109489,15.332008,14.569450,14.438606,14.662788,14.550774,14.700096,14.849190,14.588127,14.718750,14.960838,14.494698,14.550774,14.644127,14.756035,14.438606,14.345024,14.923637,14.774681,14.737404,14.960838,14.923637,14.625465,15.053780,14.644127,14.793312,14.774681,14.718750,14.532082,14.550774,14.979439,14.232613,15.072350,14.363747,14.960838,14.942238,14.793312,14.662788,15.128059,15.128059,14.867805,15.128059,14.886414,14.681450,14.905037,15.165176,15.257896,15.053780,15.350533,15.202286,15.313492,15.257896,14.979439,14.718750,15.257896,15.461563,15.535500,15.885872,15.424561,15.498535,15.683197,15.775375,15.701637,16.399666,16.161499,16.509377,16.198189,16.527649,16.069710,16.874062,16.892258,16.545914,16.946808,16.783035,17.128418,17.200951,17.037659,17.146553,17.055817,17.526596,17.472412,17.055817,17.255310,17.544655,17.833000,17.472412,17.345833,17.742996,17.904930,17.544655,18.138290,17.797005,17.688942,17.833000,17.255310,17.868965,17.886955,18.138290,17.742996,17.886955,18.156204,17.886955,18.030663,17.670921,17.815002,18.138290,17.706970,18.192039,17.616829,17.797005,17.994759,18.192039,17.724983,17.868965,18.084496,18.102425,17.815002,18.192039,17.976807,18.138290,17.976807,17.472412,17.940880,18.156204,18.299454,17.688942,18.263664,18.030663,18.174133,18.424599,18.048607,17.994759,18.120361,18.048607,18.156204,18.317345,17.761002,18.227867,18.317345,18.460312,18.674309,18.156204,18.496017,18.442459,18.745514,18.727722,18.798882,19.100624,19.011993,19.065178,19.011993,19.065178,18.763306,19.082909,18.923264,19.153755,18.513863,19.047462,19.065178,18.727722,18.496017,19.189156,18.388855,18.994255,18.638680,18.905502,18.674309,18.994255,18.816666,18.781090,19.011993,18.994255,18.976524,18.192039,18.513863,18.442459,18.798882,18.905502,18.763306,19.118340,19.383614,19.242241,19.029732,18.869980,18.834435,18.976524,19.683189,19.153755,18.941017,19.153755,18.941017,19.153755,18.923264,19.029732,18.745514,19.153755,18.745514,19.065178,18.958771,18.905502,18.781090,19.047462,18.852211,18.887749,19.259926,18.941017,19.047462,18.834435,18.816666,18.549545,19.153755,18.958771,18.976524,18.513863,18.923264,19.011993,18.763306,19.065178,19.348289,19.330627,18.781090,19.136055,19.118340,18.692123,18.941017,19.065178,18.958771,18.816666,18.798882,18.763306,18.887749,18.763306,18.834435,18.798882,18.763306,18.638680,18.816666,18.763306,18.869980,18.941017,18.638680,18.567383,18.923264,18.585213,18.335236,18.709923,18.531708,18.638680,18.478165,18.174133,18.442459,18.317345,18.281563,18.442459,18.299454,18.245766,18.174133,18.156204,18.299454,18.209953,18.209953,18.370995,17.994759,18.353111,18.335236,18.138290,18.281563,18.084496,17.922905,18.120361,18.299454,18.102425,18.603035,18.299454,18.174133,17.994759,18.012718,17.815002,17.940880,18.156204,18.066551,17.904930,18.281563,17.616829,17.779015,17.958839,17.922905,17.833000,17.526596,17.616829,17.779015,17.833000,17.544655,17.400101,17.037659,17.688942,17.182823,17.418190,17.110275,17.382019,17.580750,17.164696,17.037659,17.037659,16.819458,16.892258,16.637184,16.491104,15.904274,16.216530,16.106438,16.253181,15.904274,15.627831,15.664742,15.701637,15.424561,15.480049,15.239365,15.461563,15.035194,15.146614,15.035194,15.369041,14.905037,15.072350,14.569450,14.550774,15.183723,15.090919,14.979439,14.849190,14.960838,15.035194,14.625465,14.886414,14.774681,14.886414,14.830566,14.830566,14.905037,15.072350,14.588127,15.016617,14.718750,14.288834,14.382469,14.867805,14.644127,14.569450,14.700096,14.681450,14.588127,14.979439,14.157593,15.016617,14.213860,14.942238,14.569450,14.737404,14.288834,14.476006,14.830566,14.382469,13.988556,14.662788,14.718750,14.082504,14.270103,14.382469,14.569450,14.569450,14.363747,14.438606,14.288834,14.700096,14.588127,14.251350,14.382469,14.700096,14.737404,14.960838,14.550774,14.270103,14.307571,14.157593,14.382469,14.476006,14.942238,14.588127,14.476006,14.830566,14.960838,14.942238,14.569450,14.905037,15.202286,15.424561,14.998024,15.387550,15.276436,15.332008,16.161499,15.885872,15.535500,16.234848,16.106438,16.691910,16.069710,16.691910,16.637184,16.946808,16.673668,16.527649,16.655434,17.073982,17.055817,17.309639,16.837654,17.345833,17.073982,17.019493,17.073982,17.019493,17.309639,17.490471,17.706970,17.616829,16.983162,17.237198,17.544655,17.598785,16.964989,17.706970,17.508537,17.634865,17.742996,17.345833,17.327736,17.761002,17.562698,17.055817,17.724983,17.616829,17.436272,17.670921,17.291534,17.436272,18.084496,17.886955,17.779015,17.182823,17.363930,17.688942,17.436272,17.580750,17.110275,17.418190,17.273430,17.797005,17.526596,17.724983,17.670921,17.616829,17.273430,17.868965,17.797005,17.616829,17.886955,17.562698,17.652901,18.030663,17.904930,17.526596,18.156204,17.761002,17.958839,17.273430,17.958839,17.634865,17.797005,17.724983,17.327736,17.779015,17.706970,18.030663,17.815002,17.724983,18.084496,17.886955,17.815002,17.273430,17.706970,17.922905,17.345833,17.904930,17.724983,18.048607,17.454338,18.084496,17.472412,17.904930,18.209953,18.156204,17.868965,17.634865,17.436272,17.598785,17.309639,17.400101,17.327736,17.382019,17.382019,16.874062,17.037659,17.019493,17.019493,16.491104,16.289825,16.928627,16.399666,16.161499,16.381371,16.363075,16.051353,15.498535,14.662788,15.332008,14.923637,15.072350,14.979439,14.811943,14.923637,14.979439,14.513397,15.239365,14.756035,14.886414,14.960838,14.644127,14.700096,14.345024,15.090919,14.494698,14.625465,14.532082,14.513397,14.718750,14.176346,14.849190,14.326302,14.419891,14.157593,14.251350,14.345024,14.718750,14.438606,14.588127,14.513397,14.326302,14.307571,14.157593,13.536285,14.532082,14.382469,13.819221,13.950951,13.894524,13.913338,14.326302,14.120049,13.819221,13.762703,13.913338,13.611824,
15.535500,16.344765,16.326462,16.910439,16.032974,16.161499,16.088081,15.922668,16.618950,15.904274,16.673668,16.417961,16.783035,16.527649,16.399666,16.308144,16.381371,16.143143,16.454536,16.308144,16.344765,16.472824,16.491104,16.289825,16.143143,16.069710,16.216530,15.572441,16.234848,15.720085,15.812218,15.683197,15.867470,15.812218,15.535500,15.313492,15.128059,15.627831,15.257896,15.480049,15.406059,15.146614,15.146614,14.960838,15.128059,15.109489,15.109489,15.016617,14.886414,14.457298,14.923637,14.793312,14.905037,14.756035,15.072350,14.345024,14.513397,14.830566,13.856880,14.718750,14.532082,14.457298,14.606796,14.625465,14.382469,14.457298,14.345024,14.513397,14.960838,14.007355,14.737404,14.251350,14.718750,14.532082,14.811943,13.819221,14.960838,14.138817,14.326302,14.438606,14.960838,14.326302,14.419891,14.419891,14.307571,14.401184,14.867805,14.438606,14.494698,14.326302,14.737404,14.494698,14.700096,14.550774,15.035194,15.090919,14.886414,14.569450,15.239365,14.756035,14.550774,15.146614,14.606796,14.718750,14.849190,14.569450,14.942238,14.681450,14.886414,14.998024,14.532082,15.016617,15.035194,14.905037,15.257896,15.016617,15.572441,14.830566,15.053780,14.998024,15.332008,15.553970,16.051353,15.683197,15.202286,15.941071,15.775375,15.498535,16.234848,15.959457,16.143143,16.088081,16.271500,17.055817,16.618950,16.764816,16.491104,16.764816,16.764816,16.746590,17.219078,17.146553,17.019493,17.309639,17.363930,17.544655,17.454338,17.237198,16.946808,17.055817,17.472412,17.363930,17.544655,17.670921,17.940880,17.940880,17.544655,17.742996,17.797005,17.490471,17.958839,17.850990,17.940880,17.976807,17.779015,17.815002,18.192039,17.562698,18.030663,18.012718,18.084496,17.670921,18.317345,17.761002,18.012718,17.850990,17.544655,17.868965,17.815002,18.281563,18.066551,17.958839,18.030663,18.030663,18.245766,18.066551,17.616829,17.761002,17.761002,18.030663,18.370995,18.263664,18.066551,17.904930,18.174133,18.209953,18.084496,18.138290,18.263664,18.084496,18.192039,18.156204,18.209953,18.317345,18.513863,18.174133,18.923264,18.620857,19.029732,18.727722,18.763306,18.603035,19.082909,18.923264,18.994255,18.905502,18.941017,18.406731,19.171471,18.460312,18.781090,18.976524,19.100624,19.047462,19.029732,18.941017,18.709923,18.834435,18.656494,19.065178,18.781090,19.011993,18.798882,18.994255,19.171471,18.549545,18.781090,18.692123,18.958771,19.118340,18.603035,19.206863,18.869980,19.082909,18.941017,19.082909,19.011993,18.638680,19.206863,19.189156,18.905502,18.727722,18.941017,18.692123,19.100624,18.531708,18.763306,18.958771,19.047462,18.442459,18.531708,19.242241,18.958771,18.816666,18.994255,18.709923,18.869980,18.923264,19.295280,18.852211,19.118340,19.065178,18.781090,18.923264,19.206863,18.976524,18.816666,18.620857,18.549545,18.620857,19.065178,19.242241,18.674309,18.763306,19.118340,18.958771,19.224541,18.994255,18.816666,18.763306,18.674309,19.065178,18.941017,18.781090,19.277603,18.745514,18.798882,18.638680,19.029732,18.442459,18.763306,18.745514,18.442459,18.923264,18.798882,18.869980,18.958771,18.263664,18.531708,18.852211,18.709923,18.958771,18.442459,18.335236,18.692123,18.406731,18.585213,18.638680,18.567383,18.317345,18.388855,18.084496,18.638680,17.904930,18.674309,18.549545,18.513863,18.012718,18.281563,18.281563,17.958839,18.370995,18.209953,18.120361,17.958839,18.138290,18.263664,18.192039,18.406731,18.245766,18.370995,18.192039,18.406731,17.868965,18.406731,18.156204,17.922905,18.192039,17.634865,18.174133,18.317345,17.363930,18.030663,17.490471,17.868965,17.922905,17.706970,17.797005,17.562698,17.886955,17.508537,17.833000,17.454338,16.910439,17.182823,16.746590,17.544655,17.019493,16.855865,16.837654,16.618950,16.436256,16.344765,16.509377,15.812218,15.977844,15.664742,15.849052,15.406059,15.443062,15.627831,15.183723,14.923637,15.072350,15.202286,14.737404,15.572441,15.035194,14.830566,14.345024,14.942238,15.090919,14.811943,14.830566,14.811943,14.550774,14.979439,14.700096,14.644127,14.606796,14.718750,14.457298,14.550774,14.270103,14.419891,14.419891,14.513397,14.232613,14.718750,14.401184,13.969765,14.438606,14.569450,14.270103,14.513397,14.288834,14.532082,14.326302,14.026146,14.345024,14.401184,14.176346,14.213860,14.044937,14.476006,13.800392,14.419891,14.270103,14.213860,14.307571,14.176346,14.419891,14.326302,14.307571,14.345024,14.101280,14.644127,14.476006,14.120049,14.588127,14.063721,14.157593,14.363747,14.157593,14.793312,14.176346,14.550774,14.044937,14.082504,14.363747,13.894524,13.950951,14.251350,14.513397,14.419891,14.662788,13.800392,14.737404,14.251350,14.363747,14.793312,15.053780,14.886414,15.090919,15.035194,14.811943,15.775375,15.775375,15.701637,15.941071,15.959457,16.198189,16.363075,16.527649,16.308144,16.746590,16.655434,16.600693,16.946808,16.582436,16.946808,16.545914,17.110275,17.454338,16.837654,17.019493,17.544655,17.055817,17.110275,17.073982,17.400101,17.073982,17.688942,17.001335,17.490471,17.472412,17.146553,17.400101,17.634865,17.580750,17.544655,17.562698,17.164696,17.616829,17.400101,17.544655,17.580750,17.742996,17.345833,17.670921,17.400101,17.598785,17.146553,17.779015,17.418190,17.508537,17.327736,17.670921,17.055817,17.237198,17.291534,17.400101,17.652901,17.724983,17.598785,17.400101,17.724983,17.940880,17.544655,17.634865,17.580750,17.670921,17.598785,17.418190,17.922905,17.382019,17.706970,17.436272,17.418190,17.472412,17.562698,17.922905,18.263664,17.327736,17.797005,17.958839,17.598785,17.219078,17.309639,17.761002,17.797005,17.652901,18.030663,17.797005,17.958839,17.886955,17.886955,17.833000,17.886955,18.012718,17.850990,17.742996,17.886955,18.138290,17.797005,17.508537,17.436272,17.291534,17.616829,17.616829,17.526596,17.472412,17.994759,17.237198,17.418190,17.073982,17.128418,17.219078,17.273430,17.309639,17.164696,16.855865,17.110275,16.637184,16.837654,16.892258,16.363075,16.161499,15.664742,15.664742,15.369041,15.128059,14.550774,14.382469,15.128059,14.606796,14.923637,14.979439,14.644127,14.811943,14.923637,14.867805,15.109489,14.494698,15.202286,14.569450,15.387550,14.979439,14.793312,14.811943,14.157593,14.494698,14.457298,14.625465,14.457298,14.270103,14.532082,14.588127,14.681450,14.007355,14.138817,14.700096,14.662788,13.988556,14.288834,14.662788,14.270103,14.063721,14.550774,14.213860,14.232613,14.401184,14.811943,14.232613,14.345024,14.438606,14.138817,14.232613,13.800392,13.176659,
15.701637,16.436256,16.618950,16.399666,16.124794,16.527649,16.764816,16.582436,16.417961,15.793800,16.892258,16.344765,16.234848,16.161499,16.253181,15.977844,16.545914,16.051353,16.143143,16.253181,16.106438,15.996223,16.032974,15.849052,16.308144,16.051353,16.069710,15.424561,15.627831,15.738518,15.572441,15.461563,15.664742,15.016617,15.220818,15.461563,15.313492,14.662788,15.498535,14.849190,15.109489,14.718750,15.220818,14.457298,14.886414,14.644127,14.942238,15.257896,14.157593,14.793312,14.457298,14.532082,14.513397,14.662788,14.307571,14.382469,14.550774,14.307571,14.382469,14.363747,14.513397,14.307571,14.138817,14.625465,14.867805,13.988556,14.588127,14.101280,14.251350,14.438606,14.176346,14.644127,14.662788,14.138817,14.681450,14.438606,14.307571,14.120049,14.101280,14.588127,14.363747,14.532082,14.232613,13.988556,14.494698,14.457298,13.894524,14.625465,14.588127,14.288834,13.969765,14.494698,14.007355,14.288834,14.476006,14.382469,14.662788,14.195114,14.550774,14.176346,14.494698,14.270103,14.569450,14.401184,14.849190,14.457298,14.625465,14.830566,14.550774,14.662788,14.569450,14.270103,14.700096,14.793312,15.128059,14.793312,14.867805,14.419891,15.090919,14.681450,14.849190,15.350533,15.387550,15.535500,15.535500,15.480049,15.849052,15.701637,16.124794,15.461563,16.161499,15.849052,16.764816,16.271500,16.582436,16.892258,16.801247,16.618950,17.327736,16.673668,16.783035,17.146553,17.418190,17.291534,16.801247,17.128418,17.958839,17.309639,17.742996,17.454338,17.670921,17.562698,17.850990,17.309639,17.363930,17.706970,17.436272,17.634865,17.634865,17.940880,17.580750,17.562698,17.850990,17.833000,17.598785,17.868965,18.245766,17.994759,18.048607,17.850990,17.958839,18.048607,18.192039,17.922905,17.850990,17.833000,17.958839,17.904930,17.994759,17.742996,17.976807,18.317345,18.281563,18.192039,17.976807,18.567383,17.761002,18.531708,18.263664,17.761002,18.281563,17.850990,18.066551,18.603035,18.317345,18.263664,18.317345,17.850990,18.299454,18.012718,17.958839,18.227867,18.460312,18.478165,18.513863,18.585213,18.727722,18.727722,18.656494,18.263664,18.513863,18.424599,18.834435,19.171471,19.295280,19.082909,19.011993,18.976524,19.206863,18.852211,19.171471,18.869980,18.781090,18.745514,19.259926,19.100624,18.603035,18.816666,18.656494,18.887749,18.531708,18.834435,19.065178,18.638680,19.011993,19.118340,19.259926,18.567383,19.011993,18.709923,19.206863,18.941017,19.171471,18.763306,18.798882,19.065178,19.206863,18.958771,18.585213,19.242241,18.852211,18.603035,19.153755,18.869980,18.905502,19.118340,19.171471,18.941017,19.082909,18.798882,18.905502,18.763306,18.887749,18.674309,18.745514,18.781090,19.047462,18.869980,18.727722,18.852211,19.047462,18.816666,18.994255,18.994255,18.816666,18.709923,18.958771,19.206863,19.330627,18.638680,19.153755,19.100624,18.709923,18.887749,19.029732,18.887749,18.869980,18.816666,18.798882,18.620857,19.136055,18.496017,18.745514,18.567383,18.781090,18.496017,19.082909,18.567383,19.118340,18.887749,18.781090,18.923264,18.941017,18.638680,18.887749,18.905502,18.852211,18.798882,18.923264,18.603035,18.692123,18.567383,19.011993,18.388855,18.549545,18.923264,18.674309,18.174133,18.317345,18.370995,17.598785,18.192039,18.603035,18.478165,18.816666,18.370995,18.335236,18.549545,18.335236,18.442459,18.442459,18.335236,18.156204,18.174133,18.335236,18.281563,18.335236,18.102425,18.048607,18.030663,18.620857,18.066551,18.066551,18.102425,17.850990,17.850990,18.084496,18.156204,17.886955,17.976807,18.263664,18.496017,17.742996,17.580750,17.994759,17.976807,17.526596,17.815002,17.418190,17.273430,17.418190,17.255310,17.598785,17.670921,17.219078,17.073982,16.582436,16.764816,17.019493,16.837654,16.673668,16.363075,16.289825,16.088081,15.904274,15.443062,15.793800,15.664742,15.517014,15.146614,14.718750,14.998024,15.072350,14.513397,15.053780,14.774681,14.438606,15.128059,14.644127,14.550774,14.625465,14.662788,14.718750,14.232613,14.401184,14.700096,14.307571,14.288834,14.007355,14.232613,14.438606,14.307571,14.326302,14.288834,14.270103,14.326302,14.232613,14.476006,14.251350,14.044937,14.101280,13.913338,14.213860,13.725006,14.532082,14.007355,14.044937,14.138817,13.819221,14.044937,14.082504,14.007355,14.138817,13.913338,14.101280,14.157593,14.082504,13.894524,14.007355,14.176346,14.176346,14.157593,14.101280,14.138817,14.438606,14.063721,13.969765,14.476006,14.307571,13.781540,14.270103,14.419891,13.649567,13.838051,13.932144,13.517403,14.101280,14.138817,13.913338,14.307571,14.044937,13.950951,14.101280,13.988556,14.270103,14.176346,14.625465,14.419891,14.494698,14.345024,14.886414,14.905037,15.165176,14.588127,15.332008,15.035194,15.090919,15.090919,15.572441,15.553970,15.904274,16.289825,16.032974,15.941071,16.179840,16.436256,16.417961,16.381371,16.874062,16.655434,16.801247,16.600693,16.928627,17.164696,17.164696,17.363930,17.128418,17.255310,17.363930,17.345833,17.164696,17.400101,17.146553,17.363930,17.164696,17.580750,17.237198,17.580750,17.309639,18.192039,17.490471,17.779015,17.382019,17.634865,17.688942,17.345833,17.724983,17.182823,17.255310,17.454338,17.815002,17.724983,17.904930,17.363930,17.598785,17.616829,17.255310,17.616829,17.544655,17.327736,17.688942,17.526596,17.544655,17.508537,17.742996,17.742996,17.904930,17.652901,17.670921,17.724983,17.850990,17.616829,17.436272,17.598785,17.670921,17.868965,17.634865,18.012718,17.418190,17.400101,17.850990,17.580750,17.580750,17.363930,17.797005,17.742996,17.616829,17.255310,17.634865,17.868965,17.652901,17.688942,17.616829,17.219078,18.048607,17.490471,17.868965,18.066551,17.544655,17.382019,17.670921,17.562698,17.634865,17.688942,18.066551,17.526596,17.598785,17.670921,17.580750,17.345833,17.128418,17.490471,17.219078,17.904930,17.363930,17.508537,17.363930,17.598785,17.598785,17.001335,17.073982,17.001335,16.728371,16.472824,16.491104,16.564171,16.179840,16.051353,15.793800,15.461563,15.128059,15.239365,15.294960,14.979439,14.886414,15.035194,14.401184,14.867805,15.313492,15.128059,14.867805,15.128059,14.774681,14.942238,15.016617,15.257896,14.886414,14.550774,14.942238,14.457298,14.644127,14.550774,14.513397,14.737404,14.232613,14.923637,14.457298,14.644127,14.588127,14.513397,14.718750,14.737404,14.569450,14.270103,14.662788,14.063721,14.700096,14.307571,13.969765,14.830566,13.819221,14.026146,14.588127,13.800392,14.138817,13.988556,13.800392,13.894524,13.574066,12.777557,
16.472824,16.618950,16.655434,16.564171,16.564171,16.344765,16.783035,16.655434,16.728371,16.326462,16.253181,16.637184,16.399666,16.436256,16.308144,16.161499,16.069710,16.271500,16.673668,16.326462,16.308144,16.014603,15.683197,16.088081,15.775375,15.996223,15.480049,15.627831,15.812218,15.756950,15.756950,15.350533,15.535500,15.257896,14.811943,14.998024,15.406059,14.830566,15.517014,14.849190,14.606796,15.109489,14.886414,15.128059,14.644127,15.350533,14.793312,14.886414,14.718750,14.700096,14.830566,14.270103,14.363747,14.251350,14.569450,13.913338,14.157593,14.550774,14.195114,14.044937,13.725006,14.232613,14.307571,14.063721,14.195114,14.120049,13.913338,13.706154,14.513397,13.687294,14.007355,13.950951,14.176346,14.401184,14.120049,13.649567,13.403954,14.232613,14.176346,14.232613,14.082504,13.950951,14.157593,13.668427,14.138817,14.288834,14.044937,13.611824,14.550774,14.157593,14.138817,14.157593,14.138817,13.988556,14.550774,14.419891,14.401184,14.644127,14.718750,14.756035,14.176346,14.457298,13.894524,14.157593,14.494698,14.232613,14.644127,14.401184,14.625465,13.988556,14.718750,14.681450,14.363747,14.401184,14.737404,14.998024,14.923637,14.737404,15.109489,15.109489,14.681450,14.811943,15.350533,15.332008,15.406059,15.294960,15.664742,15.498535,15.572441,16.710136,16.216530,16.161499,16.289825,16.271500,16.308144,16.326462,16.673668,16.783035,16.655434,16.618950,17.092117,16.964989,17.472412,17.110275,17.436272,17.291534,17.291534,17.128418,17.616829,17.454338,17.797005,17.490471,17.598785,17.092117,17.472412,17.418190,17.670921,17.797005,17.779015,17.797005,17.976807,17.472412,17.797005,17.958839,17.706970,17.850990,17.958839,18.066551,17.940880,17.634865,17.472412,17.670921,18.263664,17.761002,17.994759,17.976807,17.886955,17.833000,17.742996,18.066551,17.886955,18.156204,17.833000,18.156204,17.958839,18.066551,18.012718,17.958839,18.102425,18.066551,18.227867,18.030663,18.388855,18.048607,18.209953,18.084496,18.263664,18.209953,18.227867,17.868965,18.442459,18.424599,18.192039,18.084496,18.442459,18.317345,18.603035,18.370995,18.585213,19.011993,18.549545,18.958771,18.958771,19.029732,19.047462,18.923264,19.259926,18.674309,18.834435,19.029732,19.136055,18.869980,19.118340,18.869980,18.692123,19.224541,19.401253,19.153755,19.011993,18.727722,18.923264,18.923264,18.727722,18.941017,18.763306,18.798882,18.763306,18.531708,18.887749,18.923264,18.388855,18.709923,18.531708,18.834435,19.065178,19.100624,18.994255,19.206863,19.330627,18.478165,19.100624,19.436554,18.923264,19.047462,18.834435,19.047462,19.136055,19.171471,18.869980,19.153755,18.976524,19.011993,18.994255,19.082909,18.603035,18.638680,18.941017,18.852211,18.638680,18.781090,19.242241,18.816666,18.976524,18.478165,19.118340,18.638680,18.781090,19.029732,18.531708,18.941017,18.353111,18.834435,19.136055,19.153755,19.295280,19.277603,18.976524,19.118340,18.620857,18.905502,18.781090,18.958771,18.887749,18.692123,18.745514,18.905502,19.029732,18.781090,18.941017,18.638680,18.816666,18.263664,18.424599,18.513863,18.834435,18.709923,18.852211,18.905502,18.567383,18.585213,18.852211,18.727722,18.674309,18.941017,18.620857,18.066551,18.745514,18.567383,18.227867,18.442459,18.656494,18.281563,18.353111,18.442459,18.263664,18.245766,18.496017,18.281563,18.281563,18.353111,18.406731,18.531708,18.603035,17.886955,17.994759,18.209953,18.317345,18.335236,18.281563,18.299454,18.478165,18.209953,18.281563,17.904930,18.263664,17.940880,17.779015,17.706970,17.761002,17.886955,17.688942,17.382019,18.156204,18.156204,17.309639,17.706970,17.779015,17.508537,17.400101,17.742996,17.598785,17.237198,17.200951,17.073982,17.037659,16.874062,17.200951,16.819458,17.092117,16.545914,16.964989,16.491104,16.234848,16.106438,16.326462,16.106438,15.793800,15.294960,15.535500,15.202286,15.461563,15.257896,15.294960,14.905037,14.662788,14.532082,14.401184,14.550774,14.737404,14.363747,14.811943,14.532082,14.457298,14.345024,14.120049,14.494698,14.120049,14.307571,14.438606,14.157593,14.532082,14.569450,14.232613,14.288834,13.875710,14.232613,13.969765,13.932144,14.307571,14.251350,14.345024,13.969765,14.457298,14.157593,14.419891,14.120049,14.213860,13.819221,14.793312,14.176346,13.819221,14.138817,14.063721,14.044937,13.932144,14.176346,14.044937,14.138817,14.326302,14.138817,14.195114,14.251350,14.101280,13.950951,13.781540,14.026146,14.232613,13.800392,14.213860,14.419891,14.176346,13.894524,14.213860,14.550774,13.838051,14.157593,14.138817,14.569450,14.382469,14.044937,14.419891,14.157593,14.270103,14.270103,14.401184,14.157593,14.419891,14.662788,14.662788,14.345024,14.251350,14.382469,14.625465,14.811943,14.867805,14.998024,15.276436,15.276436,15.701637,15.867470,16.198189,15.775375,16.564171,16.436256,16.545914,16.600693,16.600693,16.964989,17.110275,16.234848,16.618950,17.490471,16.964989,17.037659,16.964989,17.219078,17.309639,17.037659,17.436272,17.688942,17.273430,17.255310,17.327736,17.634865,17.580750,17.724983,17.526596,17.742996,17.886955,17.994759,17.688942,17.055817,17.688942,17.291534,17.634865,17.110275,17.724983,17.526596,17.634865,17.454338,17.797005,17.363930,16.710136,17.706970,17.652901,17.724983,17.598785,17.418190,17.472412,17.580750,17.526596,17.562698,17.363930,17.724983,17.598785,17.976807,17.508537,17.598785,17.797005,17.291534,17.797005,17.886955,17.868965,17.850990,17.833000,17.363930,18.174133,17.327736,17.779015,17.508537,17.634865,17.363930,17.634865,17.652901,17.868965,17.472412,17.634865,18.209953,17.815002,17.779015,17.976807,17.706970,17.742996,17.940880,17.616829,17.958839,17.886955,17.544655,17.291534,17.742996,17.904930,17.868965,17.634865,17.634865,17.724983,17.652901,17.688942,17.363930,17.616829,17.761002,17.634865,17.436272,17.508537,17.472412,17.616829,16.892258,17.833000,17.273430,17.019493,17.345833,17.382019,16.983162,17.037659,16.326462,16.764816,16.179840,15.941071,16.088081,16.106438,15.922668,15.350533,15.257896,15.053780,14.700096,14.476006,15.109489,14.811943,14.700096,14.886414,15.239365,15.146614,15.090919,14.793312,14.886414,14.569450,15.128059,14.979439,14.718750,14.550774,14.718750,14.644127,14.662788,14.998024,14.588127,14.588127,14.550774,14.718750,13.932144,14.401184,14.101280,14.457298,14.176346,14.213860,14.513397,14.886414,14.007355,14.774681,14.270103,14.326302,14.345024,14.120049,14.026146,14.007355,14.550774,13.875710,13.781540,13.932144,14.026146,13.706154,13.498497,
16.014603,16.271500,17.001335,15.977844,16.819458,16.454536,16.417961,16.069710,16.472824,16.124794,16.234848,16.746590,16.637184,15.922668,16.454536,16.564171,15.793800,16.673668,16.032974,15.830643,15.849052,16.143143,15.941071,15.941071,15.867470,15.480049,15.849052,16.032974,15.406059,15.922668,15.406059,15.572441,15.609375,14.960838,15.128059,15.294960,14.867805,15.035194,14.756035,15.387550,14.942238,14.737404,14.793312,14.382469,14.606796,14.550774,14.700096,14.345024,14.849190,14.513397,14.195114,13.894524,14.288834,14.157593,14.288834,14.120049,14.681450,13.894524,13.781540,13.932144,14.438606,13.856880,14.044937,14.101280,14.457298,13.498497,13.574066,13.366112,14.213860,13.725006,13.894524,14.213860,13.536285,13.592949,13.119759,13.762703,13.725006,13.969765,13.743858,13.630692,13.611824,13.969765,13.969765,14.063721,14.082504,14.044937,13.875710,13.649567,13.762703,13.630692,14.345024,14.007355,13.969765,13.328255,14.026146,13.725006,13.950951,14.232613,13.988556,14.401184,14.382469,14.232613,14.176346,14.251350,14.176346,14.382469,14.401184,14.532082,14.270103,14.157593,14.905037,14.232613,14.457298,14.532082,14.307571,14.960838,14.979439,14.830566,14.401184,15.220818,14.849190,14.998024,15.202286,14.942238,15.128059,14.942238,15.165176,16.216530,15.959457,15.535500,16.088081,15.977844,16.179840,16.746590,16.637184,16.874062,16.381371,17.219078,17.110275,16.983162,17.001335,17.418190,16.964989,16.837654,17.436272,17.309639,17.273430,17.400101,17.490471,17.724983,17.922905,17.779015,17.327736,17.761002,17.724983,18.120361,17.868965,17.454338,17.761002,17.526596,17.472412,17.616829,17.616829,17.688942,18.066551,17.724983,18.066551,17.922905,17.940880,17.976807,18.120361,18.138290,18.102425,18.012718,17.634865,17.724983,17.940880,18.174133,17.976807,17.634865,18.120361,18.299454,18.048607,17.706970,18.012718,18.012718,18.281563,18.120361,18.317345,17.742996,18.120361,18.102425,18.138290,18.353111,18.120361,18.030663,18.335236,18.192039,17.833000,18.263664,18.120361,18.209953,18.585213,18.209953,18.227867,18.335236,18.406731,18.531708,18.620857,18.727722,19.136055,18.656494,19.011993,19.189156,19.047462,19.100624,19.065178,19.471832,18.603035,18.745514,19.136055,19.011993,19.489464,18.941017,19.011993,19.065178,18.656494,19.171471,18.406731,19.047462,18.994255,18.816666,18.549545,18.567383,18.709923,18.674309,18.620857,18.958771,18.798882,18.976524,19.100624,18.852211,19.047462,19.224541,19.418907,19.065178,18.745514,18.798882,19.312950,19.312950,19.189156,19.047462,19.118340,19.259926,18.834435,18.798882,18.958771,19.189156,19.136055,18.709923,18.798882,18.674309,18.994255,19.029732,19.383614,18.406731,18.745514,19.029732,18.496017,19.312950,18.869980,18.834435,18.816666,19.029732,18.958771,18.869980,18.976524,18.709923,18.834435,18.834435,18.941017,18.745514,18.585213,19.047462,18.798882,18.852211,19.100624,18.745514,18.958771,18.674309,18.781090,18.834435,19.118340,18.941017,18.905502,18.209953,18.585213,18.763306,18.656494,18.603035,18.781090,18.460312,18.781090,19.065178,18.585213,18.567383,18.549545,18.656494,18.478165,18.869980,18.585213,18.620857,18.513863,18.798882,18.406731,18.513863,18.994255,18.478165,18.496017,18.084496,18.709923,18.084496,18.478165,18.066551,18.281563,18.388855,18.263664,17.976807,18.406731,18.406731,18.263664,18.281563,18.048607,18.084496,18.138290,18.353111,18.442459,18.281563,18.012718,18.120361,18.245766,18.299454,18.531708,18.120361,17.761002,18.066551,17.958839,17.922905,18.263664,17.815002,17.779015,18.084496,17.833000,17.652901,17.472412,17.472412,17.742996,17.868965,17.742996,17.688942,17.526596,17.037659,17.958839,17.436272,16.964989,17.146553,17.219078,17.128418,16.655434,16.600693,16.837654,16.928627,16.124794,16.308144,15.941071,15.683197,15.406059,15.369041,15.350533,14.979439,14.886414,15.109489,14.849190,14.606796,14.718750,14.588127,14.905037,14.662788,14.700096,14.438606,14.345024,14.662788,14.419891,14.138817,14.326302,14.232613,14.326302,14.213860,14.419891,13.950951,13.781540,13.894524,14.569450,14.026146,14.232613,13.838051,14.195114,14.138817,14.026146,13.875710,13.555183,13.932144,13.781540,14.063721,13.875710,13.988556,14.419891,14.326302,14.195114,13.932144,13.932144,14.195114,14.044937,14.026146,14.082504,13.592949,14.213860,14.007355,13.800392,13.592949,14.307571,14.044937,14.044937,13.725006,13.743858,14.101280,14.232613,13.894524,14.138817,13.838051,14.082504,13.913338,14.101280,14.326302,14.213860,13.932144,13.969765,14.082504,14.120049,14.401184,13.969765,14.007355,14.120049,14.288834,14.232613,14.363747,14.044937,13.875710,14.550774,14.737404,14.588127,14.606796,14.681450,14.606796,14.960838,14.830566,15.609375,15.350533,15.609375,15.849052,15.720085,16.399666,16.545914,16.216530,16.198189,16.344765,16.746590,16.728371,16.710136,16.928627,17.219078,17.001335,16.564171,16.655434,17.418190,17.309639,17.562698,17.110275,17.345833,17.454338,17.562698,17.418190,17.508537,17.418190,17.291534,17.454338,17.544655,17.634865,17.327736,17.580750,17.958839,17.146553,17.182823,17.958839,17.255310,17.490471,17.688942,17.255310,17.670921,17.526596,17.797005,17.922905,17.761002,17.219078,17.580750,17.345833,17.724983,17.742996,17.255310,17.255310,17.544655,17.508537,17.940880,17.382019,17.580750,17.544655,17.472412,17.652901,17.634865,17.508537,17.922905,17.616829,17.833000,17.544655,17.544655,17.850990,17.797005,17.688942,17.490471,17.994759,17.779015,17.850990,17.922905,17.652901,18.012718,17.634865,17.904930,17.850990,17.922905,18.030663,17.994759,18.245766,17.616829,17.868965,17.616829,17.976807,17.688942,17.670921,18.138290,17.688942,17.526596,17.670921,17.400101,17.472412,16.964989,17.200951,17.219078,17.886955,17.580750,17.616829,17.670921,17.688942,18.192039,17.454338,17.291534,16.673668,17.508537,17.200951,17.779015,16.728371,17.092117,16.618950,17.327736,16.983162,16.417961,16.655434,16.161499,15.904274,16.179840,15.849052,15.202286,14.998024,15.498535,14.923637,14.532082,14.532082,15.109489,14.625465,14.830566,14.774681,14.960838,14.811943,14.270103,14.867805,15.128059,14.288834,14.756035,14.213860,14.307571,14.625465,14.886414,14.737404,14.774681,14.494698,14.700096,14.157593,14.270103,14.718750,14.101280,14.998024,14.756035,14.382469,14.007355,14.476006,14.120049,14.195114,14.382469,14.756035,14.270103,13.969765,14.101280,13.687294,14.550774,13.988556,14.550774,13.800392,13.687294,14.157593,14.007355,13.195625,
15.572441,16.454536,16.399666,16.344765,16.399666,16.381371,16.655434,16.783035,16.527649,16.600693,15.904274,16.216530,16.564171,16.344765,16.381371,16.344765,16.454536,16.234848,16.855865,15.959457,16.417961,16.234848,15.812218,16.051353,15.849052,15.572441,16.308144,15.332008,15.590912,15.443062,15.257896,14.979439,15.461563,15.109489,15.332008,14.905037,15.517014,14.662788,15.517014,14.849190,15.461563,14.811943,14.830566,14.830566,15.202286,14.157593,14.044937,14.625465,14.569450,14.382469,14.532082,14.007355,13.913338,14.457298,14.101280,14.176346,13.706154,13.781540,14.063721,13.950951,14.345024,13.687294,14.063721,13.611824,14.157593,13.668427,13.611824,14.138817,13.385033,13.630692,13.800392,13.271439,14.026146,13.385033,13.819221,14.026146,13.536285,13.668427,14.138817,13.856880,13.950951,13.894524,13.725006,13.536285,14.326302,13.762703,14.419891,14.157593,13.611824,13.856880,13.800392,14.101280,14.082504,14.176346,13.894524,14.101280,14.120049,14.101280,14.363747,14.401184,14.157593,14.494698,14.195114,13.819221,14.176346,14.382469,14.157593,14.419891,14.401184,14.270103,14.588127,14.026146,14.606796,14.476006,14.774681,14.681450,14.363747,14.270103,14.625465,14.363747,14.811943,15.035194,14.998024,14.830566,15.424561,14.923637,15.387550,15.109489,15.996223,15.885872,16.032974,16.014603,16.234848,16.289825,16.436256,16.801247,16.417961,16.910439,16.637184,16.874062,17.073982,17.182823,17.019493,17.001335,17.055817,17.652901,17.544655,17.850990,17.580750,17.850990,17.580750,17.922905,17.833000,17.544655,17.472412,17.382019,17.634865,17.544655,17.886955,17.436272,17.976807,17.634865,17.652901,17.580750,17.976807,17.833000,17.652901,18.192039,17.904930,17.742996,18.370995,18.048607,18.120361,17.797005,17.724983,17.490471,17.706970,18.030663,18.227867,17.958839,17.815002,18.156204,18.012718,17.742996,17.886955,18.174133,18.442459,18.245766,17.976807,18.120361,18.209953,18.156204,17.815002,18.227867,18.245766,18.138290,18.620857,17.886955,18.030663,18.424599,17.922905,18.245766,18.353111,18.727722,18.370995,18.603035,18.567383,18.281563,18.798882,18.442459,18.852211,19.047462,19.348289,18.994255,19.136055,19.259926,19.136055,18.852211,19.224541,19.011993,18.905502,18.994255,18.905502,18.745514,18.816666,18.798882,18.976524,18.869980,18.994255,18.905502,19.312950,18.923264,18.852211,19.242241,18.674309,18.798882,18.745514,18.994255,18.887749,18.781090,18.692123,18.763306,19.259926,19.082909,19.171471,19.471832,19.277603,19.242241,19.100624,18.834435,19.189156,19.153755,18.958771,18.905502,19.100624,19.082909,19.295280,19.206863,18.816666,18.923264,19.082909,18.852211,18.834435,19.189156,18.692123,18.727722,18.816666,19.242241,19.118340,18.709923,18.798882,18.745514,18.692123,18.745514,18.834435,18.692123,18.887749,19.136055,18.531708,18.852211,19.118340,18.656494,18.816666,18.781090,19.011993,18.620857,18.531708,18.763306,18.353111,18.869980,19.029732,18.941017,18.869980,18.567383,18.976524,18.496017,18.852211,18.905502,18.834435,18.585213,18.638680,18.692123,18.763306,18.727722,18.994255,18.905502,18.674309,18.781090,18.513863,18.549545,18.941017,18.781090,18.496017,18.816666,18.335236,18.674309,18.478165,18.567383,18.513863,18.370995,18.209953,18.263664,18.513863,18.192039,18.353111,18.388855,18.192039,18.174133,18.442459,18.388855,18.209953,18.424599,18.603035,18.227867,18.353111,18.370995,18.227867,18.174133,18.406731,18.209953,18.227867,18.012718,18.281563,17.833000,18.227867,17.886955,18.227867,17.976807,18.048607,17.688942,18.084496,17.833000,18.066551,17.815002,18.245766,17.598785,18.084496,17.652901,17.580750,17.382019,17.616829,17.544655,17.958839,17.562698,17.219078,17.490471,17.110275,17.073982,17.128418,16.746590,16.545914,16.564171,16.088081,15.904274,15.867470,15.959457,15.793800,15.590912,15.387550,15.165176,15.053780,14.588127,15.016617,14.606796,14.457298,14.494698,14.270103,14.419891,14.569450,14.307571,14.438606,13.913338,14.662788,14.326302,13.913338,14.307571,13.988556,14.270103,14.270103,13.969765,14.044937,14.101280,13.988556,13.969765,13.668427,13.969765,14.138817,14.082504,13.969765,13.574066,14.232613,13.819221,13.725006,14.120049,14.007355,13.950951,14.157593,14.195114,14.232613,14.120049,14.120049,14.345024,13.838051,13.838051,13.781540,14.082504,13.894524,14.026146,13.838051,13.668427,13.988556,13.781540,13.819221,13.819221,13.856880,13.838051,14.138817,13.875710,14.120049,13.988556,13.725006,13.932144,13.969765,13.988556,14.401184,14.101280,14.101280,13.894524,14.232613,13.838051,14.494698,14.026146,13.743858,14.644127,14.288834,14.270103,14.550774,14.382469,14.288834,14.157593,14.251350,14.811943,14.513397,14.718750,15.053780,15.202286,15.517014,15.443062,16.069710,15.350533,15.572441,16.344765,16.179840,16.491104,16.710136,17.001335,16.691910,16.326462,16.472824,16.928627,16.837654,16.673668,16.928627,17.037659,17.237198,16.819458,16.855865,17.200951,17.182823,17.363930,17.327736,17.182823,17.688942,17.761002,18.012718,17.598785,17.742996,17.562698,17.436272,17.273430,17.761002,17.779015,17.200951,17.652901,17.886955,17.182823,17.508537,17.454338,17.219078,17.724983,17.472412,17.652901,17.327736,17.363930,17.580750,17.724983,17.616829,17.436272,17.544655,17.761002,17.598785,17.634865,17.454338,17.833000,17.508537,17.850990,17.363930,17.797005,17.436272,17.382019,17.833000,18.066551,17.922905,17.688942,17.490471,18.120361,17.850990,17.164696,17.815002,17.994759,17.833000,17.580750,17.490471,17.706970,17.526596,17.868965,17.940880,17.922905,17.958839,18.066551,17.544655,17.904930,17.958839,17.598785,17.994759,18.084496,17.688942,17.761002,17.850990,17.562698,17.436272,17.562698,17.940880,17.958839,17.833000,17.670921,17.454338,17.472412,17.976807,16.928627,17.526596,17.797005,17.345833,17.400101,17.363930,17.562698,17.400101,17.219078,17.327736,17.219078,16.964989,17.019493,16.783035,16.855865,16.216530,16.472824,16.308144,16.161499,16.106438,15.553970,15.220818,15.165176,15.276436,14.942238,14.998024,14.830566,14.588127,14.532082,14.979439,14.176346,14.886414,14.476006,15.109489,15.128059,14.588127,14.923637,14.588127,14.326302,14.476006,14.457298,14.625465,14.438606,14.588127,14.232613,14.401184,14.662788,14.811943,14.082504,13.894524,14.195114,14.345024,14.569450,14.606796,14.138817,14.830566,14.251350,14.811943,14.326302,14.457298,13.819221,14.251350,14.326302,14.007355,14.120049,13.913338,13.838051,14.382469,13.932144,13.517403,13.800392,
15.294960,16.691910,16.363075,16.764816,16.764816,16.855865,16.783035,16.564171,16.710136,16.491104,16.399666,16.326462,16.344765,16.271500,16.545914,16.509377,16.691910,15.922668,16.234848,16.417961,16.527649,15.996223,15.756950,15.904274,15.553970,16.032974,16.234848,15.664742,15.701637,14.998024,15.959457,15.424561,15.443062,15.146614,15.424561,15.793800,14.756035,15.165176,14.942238,14.793312,14.905037,15.128059,14.662788,15.035194,14.550774,14.213860,14.625465,14.513397,14.494698,13.894524,14.101280,14.288834,13.856880,14.401184,13.838051,14.513397,14.082504,13.743858,14.213860,13.875710,13.988556,13.611824,13.856880,13.611824,13.762703,13.668427,13.290382,13.856880,13.403954,13.441788,13.800392,13.819221,13.668427,13.668427,13.932144,13.630692,13.932144,13.460693,13.725006,14.213860,13.706154,14.120049,13.781540,14.270103,13.725006,14.176346,13.743858,13.800392,13.649567,13.517403,13.932144,13.932144,13.969765,13.969765,14.101280,13.385033,14.270103,13.649567,14.270103,14.195114,14.120049,14.176346,14.345024,13.932144,14.438606,14.681450,14.345024,14.532082,14.401184,13.913338,14.232613,14.213860,14.251350,14.588127,14.550774,14.569450,14.606796,14.457298,14.476006,15.128059,14.326302,14.830566,15.090919,15.424561,15.535500,15.146614,15.683197,15.461563,15.498535,15.793800,16.216530,16.051353,16.234848,15.775375,16.289825,16.271500,16.472824,16.344765,17.182823,16.454536,17.037659,17.345833,17.327736,17.110275,17.472412,16.964989,17.200951,17.779015,17.237198,17.363930,17.309639,17.868965,17.472412,17.526596,17.886955,17.418190,17.761002,17.724983,17.237198,17.688942,17.200951,17.616829,17.850990,17.454338,17.598785,17.652901,18.192039,17.940880,18.317345,17.958839,17.922905,17.688942,18.209953,18.317345,17.706970,17.886955,18.138290,17.634865,17.904930,17.815002,17.742996,17.904930,17.958839,18.084496,18.192039,17.940880,18.245766,18.138290,17.761002,17.868965,18.084496,18.120361,18.353111,18.084496,18.549545,18.156204,18.424599,18.388855,18.012718,18.012718,18.012718,18.012718,18.335236,17.994759,18.156204,18.442459,18.531708,18.513863,18.852211,18.923264,18.745514,19.206863,18.923264,18.763306,19.029732,19.312950,19.312950,18.869980,18.727722,19.029732,19.136055,18.958771,19.082909,18.745514,18.852211,19.029732,18.460312,19.295280,18.620857,19.206863,18.941017,18.887749,18.958771,18.834435,18.941017,18.976524,19.011993,18.923264,18.923264,19.082909,18.781090,18.923264,19.082909,19.011993,19.171471,18.692123,19.082909,19.082909,19.401253,19.383614,19.100624,19.330627,18.887749,18.923264,18.887749,19.418907,19.507095,18.976524,19.082909,18.976524,19.365944,18.976524,18.763306,18.745514,18.781090,18.638680,18.941017,18.976524,18.834435,18.834435,18.958771,18.674309,18.976524,19.065178,19.082909,18.869980,19.047462,18.763306,18.798882,18.727722,18.834435,18.852211,18.603035,19.206863,18.798882,18.887749,18.869980,18.852211,18.531708,18.727722,18.834435,18.727722,18.513863,18.816666,18.994255,18.709923,18.976524,18.692123,18.567383,18.869980,19.065178,18.656494,18.816666,18.317345,18.852211,18.816666,18.692123,18.620857,18.852211,18.496017,18.620857,18.335236,18.442459,18.781090,18.585213,18.674309,18.656494,18.727722,18.388855,18.638680,18.460312,18.281563,18.513863,18.299454,18.513863,18.460312,18.263664,18.227867,18.120361,18.656494,18.120361,18.030663,18.478165,18.567383,18.030663,17.904930,18.263664,18.209953,18.156204,18.227867,18.138290,18.263664,18.138290,18.138290,18.048607,18.120361,18.102425,17.833000,17.761002,17.779015,17.797005,18.192039,17.815002,18.281563,17.922905,17.868965,17.670921,17.994759,17.634865,17.616829,17.273430,17.418190,17.146553,17.598785,17.418190,17.128418,16.673668,17.164696,17.037659,16.801247,16.637184,16.069710,16.472824,15.885872,16.088081,15.461563,15.350533,15.590912,15.035194,14.737404,14.756035,14.979439,14.513397,14.756035,14.681450,14.494698,14.307571,14.363747,14.307571,14.363747,14.550774,14.382469,14.044937,13.969765,14.101280,14.270103,14.326302,14.494698,13.856880,14.270103,14.176346,13.932144,14.307571,13.856880,14.120049,14.307571,13.913338,14.007355,14.082504,13.988556,14.270103,14.044937,13.894524,13.611824,13.932144,14.082504,13.856880,13.668427,13.988556,14.176346,14.082504,13.706154,13.932144,13.800392,13.687294,13.536285,13.950951,13.630692,14.251350,13.479599,13.875710,14.063721,14.195114,14.288834,13.856880,14.157593,13.781540,13.988556,14.138817,13.706154,14.063721,14.044937,13.932144,13.630692,14.270103,14.176346,14.063721,14.007355,14.157593,13.819221,13.932144,13.969765,14.363747,14.270103,14.288834,14.176346,14.232613,14.044937,14.326302,14.251350,14.213860,14.923637,14.681450,14.700096,14.942238,15.239365,15.498535,15.553970,15.480049,15.350533,16.051353,16.124794,15.738518,16.051353,16.363075,16.308144,16.491104,16.637184,16.673668,16.710136,17.327736,17.164696,16.964989,17.182823,16.928627,16.946808,17.001335,17.055817,17.255310,17.490471,17.128418,17.598785,17.273430,17.418190,17.490471,17.092117,17.779015,17.634865,17.255310,17.652901,17.345833,17.922905,17.526596,17.128418,17.652901,17.544655,17.400101,17.400101,17.761002,17.598785,17.761002,17.544655,17.327736,17.255310,17.742996,17.110275,17.706970,17.327736,17.309639,17.886955,17.922905,17.508537,17.634865,17.652901,17.382019,17.616829,17.976807,17.436272,17.237198,17.598785,17.616829,17.616829,17.688942,17.580750,17.472412,17.833000,17.815002,17.742996,17.797005,17.706970,18.120361,17.363930,17.508537,17.706970,17.436272,17.670921,17.490471,17.436272,17.779015,17.580750,17.940880,17.634865,17.779015,17.544655,18.638680,17.868965,17.761002,17.490471,17.634865,17.761002,17.634865,17.724983,18.048607,17.634865,17.670921,17.472412,17.598785,17.400101,17.742996,18.281563,17.526596,17.327736,17.490471,17.472412,17.598785,17.309639,17.146553,17.327736,17.363930,17.418190,17.164696,16.801247,16.728371,16.964989,17.110275,16.710136,16.253181,15.664742,15.996223,15.553970,15.109489,15.756950,15.406059,14.625465,15.090919,14.811943,14.625465,14.550774,14.867805,14.923637,14.700096,14.998024,15.035194,15.016617,14.867805,14.232613,14.700096,15.128059,14.606796,14.774681,14.569450,14.718750,14.681450,14.550774,14.382469,14.457298,14.288834,14.438606,14.718750,14.700096,14.026146,14.195114,14.550774,13.988556,14.494698,14.082504,14.157593,13.894524,14.345024,14.532082,14.849190,14.232613,13.762703,13.932144,13.838051,13.668427,14.326302,13.875710,13.743858,12.796600,
15.996223,16.363075,16.014603,16.637184,16.618950,15.941071,17.073982,16.582436,16.289825,16.417961,17.092117,16.764816,16.326462,16.545914,16.491104,16.179840,16.216530,16.363075,15.959457,16.600693,16.582436,16.381371,15.443062,16.234848,16.088081,15.996223,16.051353,15.793800,16.509377,15.609375,16.088081,15.294960,15.239365,15.183723,15.257896,14.886414,15.257896,14.923637,14.756035,15.313492,15.165176,14.700096,14.756035,15.053780,14.737404,14.532082,14.998024,14.326302,14.681450,14.494698,14.494698,14.494698,13.913338,13.894524,13.856880,14.157593,14.101280,13.988556,14.307571,13.725006,13.422867,13.725006,13.725006,13.119759,13.819221,13.819221,13.894524,13.819221,13.176659,13.460693,13.611824,13.706154,13.781540,14.138817,13.668427,13.668427,13.574066,13.950951,13.838051,13.706154,13.743858,13.574066,13.555183,13.403954,13.687294,13.725006,13.950951,13.856880,14.044937,13.460693,14.345024,14.288834,13.856880,13.894524,13.536285,14.176346,14.082504,13.176659,13.838051,13.762703,14.176346,14.044937,14.476006,14.176346,14.288834,13.969765,14.307571,14.157593,14.232613,14.382469,14.382469,14.382469,14.382469,14.532082,14.923637,14.625465,14.588127,14.419891,14.849190,14.867805,14.774681,15.128059,14.700096,14.942238,15.202286,15.109489,15.090919,15.517014,15.646294,16.069710,15.941071,16.106438,16.399666,16.509377,15.977844,16.179840,16.801247,16.363075,16.326462,17.237198,17.073982,17.055817,17.363930,17.001335,17.616829,17.237198,17.436272,17.688942,17.345833,17.544655,17.580750,17.670921,17.418190,17.634865,17.797005,17.472412,17.688942,17.833000,17.706970,17.833000,17.580750,17.490471,17.670921,17.652901,18.048607,17.779015,17.580750,18.012718,17.724983,18.048607,17.958839,17.580750,17.940880,18.370995,18.156204,18.192039,18.335236,17.922905,17.724983,18.209953,18.030663,18.048607,18.192039,18.192039,18.192039,18.245766,18.030663,18.174133,18.370995,18.227867,18.012718,18.174133,18.406731,18.192039,18.209953,18.620857,18.012718,18.138290,17.958839,18.209953,18.353111,18.496017,18.102425,18.567383,18.638680,18.656494,18.852211,18.709923,18.869980,18.763306,18.781090,18.923264,18.709923,19.206863,19.365944,19.029732,19.065178,19.242241,18.905502,18.941017,18.976524,18.958771,19.065178,18.656494,19.047462,19.100624,18.781090,18.994255,19.224541,18.816666,18.941017,18.798882,19.277603,19.047462,18.869980,18.941017,18.923264,18.674309,19.330627,18.781090,19.277603,19.136055,19.312950,18.585213,19.242241,19.277603,19.542351,19.489464,19.118340,19.577583,19.082909,19.259926,19.489464,18.887749,19.295280,19.153755,18.816666,19.206863,18.887749,18.976524,19.224541,18.905502,18.852211,18.869980,18.905502,18.834435,18.692123,18.905502,18.781090,18.958771,18.709923,18.905502,18.745514,18.727722,18.460312,18.941017,18.763306,18.745514,18.905502,18.781090,18.887749,18.638680,18.869980,18.905502,18.692123,18.781090,18.406731,18.727722,18.513863,18.905502,18.603035,18.727722,19.029732,18.781090,18.887749,18.478165,18.923264,18.692123,19.136055,18.798882,18.567383,18.656494,18.692123,18.531708,18.781090,18.745514,18.567383,18.692123,18.798882,18.478165,18.798882,18.745514,18.852211,18.620857,18.727722,18.549545,18.638680,18.976524,18.299454,18.227867,18.460312,18.692123,18.567383,18.460312,18.388855,18.513863,18.478165,18.496017,17.833000,18.727722,18.585213,18.585213,18.299454,18.084496,18.388855,18.156204,18.478165,18.388855,18.370995,18.424599,18.263664,18.227867,18.478165,18.048607,17.994759,18.066551,18.424599,17.994759,17.904930,17.850990,17.994759,17.904930,18.209953,17.940880,17.904930,17.833000,17.904930,17.886955,17.868965,17.670921,17.833000,17.598785,17.706970,17.110275,17.544655,17.454338,17.200951,16.910439,16.600693,16.783035,16.545914,16.710136,15.830643,16.179840,16.234848,15.756950,15.535500,15.220818,15.257896,15.257896,14.979439,14.774681,14.774681,15.109489,14.793312,14.532082,14.345024,14.494698,14.213860,14.007355,14.213860,14.307571,14.270103,14.382469,13.819221,14.307571,14.270103,14.082504,14.195114,13.762703,13.574066,13.875710,14.120049,14.101280,13.838051,13.762703,13.611824,14.007355,13.706154,13.687294,13.743858,13.706154,14.101280,14.213860,13.649567,13.781540,13.725006,13.517403,13.988556,14.213860,13.743858,13.706154,13.969765,14.007355,13.894524,13.913338,13.969765,13.762703,13.969765,13.611824,14.307571,13.422867,13.668427,13.950951,13.856880,13.875710,13.649567,13.762703,13.725006,14.195114,14.176346,14.101280,14.270103,13.555183,13.969765,13.838051,14.157593,13.950951,13.988556,13.950951,14.044937,13.687294,13.762703,14.195114,14.270103,14.213860,14.026146,14.288834,14.438606,14.382469,14.120049,14.681450,14.681450,14.960838,15.072350,15.109489,15.109489,15.480049,15.720085,16.014603,15.904274,16.014603,16.124794,16.124794,16.253181,16.582436,16.545914,16.436256,16.801247,17.237198,16.655434,16.673668,16.837654,17.363930,17.327736,17.164696,16.892258,17.327736,17.237198,17.598785,16.964989,17.219078,17.436272,17.237198,17.761002,17.164696,16.874062,17.037659,17.110275,17.146553,17.382019,17.670921,17.670921,17.472412,17.652901,17.110275,17.670921,17.526596,17.761002,17.436272,17.634865,17.490471,17.400101,17.436272,17.797005,17.616829,17.418190,17.200951,17.724983,17.382019,17.815002,17.761002,17.237198,17.400101,18.012718,17.472412,17.797005,17.562698,17.634865,17.779015,18.030663,17.868965,17.580750,17.761002,17.833000,17.634865,17.742996,17.508537,17.544655,18.030663,17.472412,17.850990,17.761002,17.833000,17.886955,17.400101,17.761002,17.850990,17.833000,17.182823,17.490471,17.634865,17.670921,17.688942,17.706970,17.508537,17.634865,17.598785,17.345833,17.815002,17.886955,17.508537,17.291534,17.255310,17.580750,17.363930,17.400101,17.815002,17.345833,17.327736,17.922905,17.327736,17.562698,17.544655,17.092117,16.837654,17.688942,17.382019,17.327736,16.855865,16.746590,17.345833,16.964989,16.983162,16.600693,16.032974,16.399666,16.600693,15.480049,15.276436,15.146614,15.350533,15.128059,14.681450,14.457298,14.569450,14.998024,14.737404,14.401184,14.830566,14.644127,14.662788,14.681450,14.494698,14.625465,14.026146,14.644127,14.063721,14.700096,14.905037,14.251350,14.681450,14.998024,14.419891,14.363747,14.625465,14.307571,14.960838,14.157593,14.157593,14.830566,14.606796,13.800392,14.811943,14.532082,14.886414,14.532082,14.213860,14.101280,14.401184,14.494698,13.950951,14.457298,13.574066,14.419891,14.232613,14.157593,13.743858,13.214584,13.441788,
15.720085,16.399666,16.710136,16.527649,16.564171,17.055817,16.472824,16.928627,16.710136,16.746590,16.289825,16.710136,16.161499,16.436256,16.618950,16.143143,16.106438,15.701637,16.179840,16.051353,16.051353,16.143143,15.406059,15.941071,16.069710,15.830643,15.609375,15.387550,15.812218,15.517014,15.461563,15.350533,15.590912,15.387550,15.332008,14.923637,15.276436,14.960838,14.849190,14.756035,14.270103,15.183723,14.494698,14.905037,14.942238,14.700096,14.718750,14.345024,14.923637,14.326302,14.082504,14.007355,14.251350,14.270103,13.969765,13.611824,13.838051,13.706154,13.950951,14.063721,13.574066,13.875710,13.950951,13.536285,14.026146,13.555183,13.574066,14.007355,13.498497,13.592949,13.592949,13.875710,13.649567,13.422867,13.762703,13.252487,13.630692,13.309326,13.725006,13.649567,13.479599,13.460693,13.517403,14.063721,13.894524,14.176346,13.366112,13.875710,13.913338,13.800392,13.630692,13.800392,13.649567,13.592949,14.251350,14.063721,14.382469,13.875710,14.044937,13.517403,14.176346,14.044937,13.950951,14.232613,14.251350,13.913338,14.494698,13.988556,14.700096,14.270103,14.195114,13.950951,14.401184,14.457298,14.886414,14.419891,14.401184,14.644127,14.681450,14.513397,15.035194,14.625465,15.016617,15.202286,15.128059,16.051353,15.369041,15.239365,15.627831,15.590912,15.959457,15.922668,16.161499,15.996223,16.216530,16.783035,16.454536,16.436256,17.200951,16.764816,17.219078,16.928627,16.928627,17.273430,17.255310,17.327736,17.128418,17.092117,17.562698,17.652901,17.400101,17.706970,17.472412,17.598785,17.508537,18.174133,17.797005,17.418190,17.418190,17.958839,17.797005,17.833000,17.994759,17.706970,17.976807,17.526596,17.742996,17.976807,18.102425,17.886955,17.940880,18.156204,18.048607,18.370995,18.353111,18.156204,18.156204,18.030663,18.317345,18.460312,18.120361,18.192039,18.370995,17.815002,18.084496,18.281563,18.192039,18.192039,18.370995,18.460312,18.120361,17.976807,18.030663,18.012718,18.513863,18.030663,18.370995,18.227867,18.174133,18.281563,18.442459,18.281563,18.263664,18.781090,18.245766,18.531708,18.585213,18.709923,18.816666,19.206863,18.923264,19.224541,19.029732,19.011993,19.189156,19.082909,19.189156,19.171471,19.118340,18.781090,18.923264,19.330627,18.567383,19.011993,18.994255,18.923264,18.656494,18.958771,18.513863,19.047462,18.816666,18.674309,18.958771,19.082909,19.189156,18.976524,18.941017,19.029732,19.118340,19.082909,18.869980,19.189156,19.171471,19.100624,19.277603,19.118340,19.348289,19.206863,19.206863,19.029732,19.100624,19.365944,19.436554,18.798882,19.118340,19.507095,19.171471,18.905502,19.401253,18.781090,18.478165,18.869980,19.029732,18.887749,19.029732,18.852211,19.295280,18.727722,18.567383,18.816666,19.047462,19.011993,18.905502,18.496017,19.011993,18.692123,19.171471,18.674309,18.620857,18.763306,18.781090,18.388855,18.763306,18.478165,18.513863,18.709923,18.674309,18.656494,18.798882,18.816666,18.887749,18.994255,18.567383,18.674309,18.727722,18.567383,18.763306,18.798882,18.692123,18.531708,19.295280,18.763306,18.781090,18.620857,18.852211,18.941017,18.745514,18.958771,18.852211,18.656494,18.852211,18.958771,18.442459,18.798882,18.513863,18.692123,18.816666,18.674309,18.531708,18.030663,18.567383,18.209953,18.531708,18.442459,18.638680,18.209953,18.335236,18.424599,18.370995,17.940880,18.281563,18.478165,17.904930,18.084496,18.388855,18.030663,18.603035,18.030663,18.281563,18.209953,18.066551,18.084496,18.245766,17.940880,18.012718,17.904930,18.030663,18.120361,17.922905,17.815002,17.850990,17.761002,17.994759,17.958839,17.724983,17.940880,17.634865,17.904930,17.688942,17.761002,17.345833,17.382019,17.508537,16.892258,17.037659,17.164696,17.436272,17.382019,16.764816,16.600693,16.326462,16.509377,16.289825,15.977844,15.627831,15.756950,15.701637,15.109489,15.053780,14.569450,14.849190,14.942238,14.979439,14.942238,14.662788,14.811943,14.662788,14.606796,14.251350,14.195114,14.494698,13.950951,14.588127,14.251350,13.630692,14.419891,14.438606,14.026146,13.950951,14.270103,13.725006,14.195114,14.176346,14.007355,13.668427,13.875710,14.082504,14.138817,13.932144,13.932144,14.044937,14.101280,13.706154,13.762703,14.063721,13.932144,13.819221,13.649567,13.838051,13.706154,13.498497,13.649567,13.875710,13.611824,13.517403,13.913338,14.007355,13.950951,13.403954,13.875710,13.725006,13.762703,13.894524,13.668427,13.706154,13.932144,13.611824,13.668427,13.743858,13.913338,14.419891,13.668427,13.932144,13.517403,13.894524,14.382469,14.213860,14.138817,14.007355,14.063721,13.574066,14.120049,13.762703,13.988556,13.403954,14.063721,13.838051,14.270103,14.737404,14.026146,14.457298,14.550774,14.345024,14.438606,15.443062,14.849190,15.016617,15.090919,15.369041,15.701637,15.941071,15.332008,16.216530,16.454536,16.491104,16.399666,16.472824,16.308144,16.910439,16.527649,17.382019,16.764816,16.764816,16.892258,16.746590,17.019493,16.892258,17.055817,16.964989,17.146553,17.309639,17.598785,17.200951,17.291534,17.400101,17.400101,17.670921,17.237198,17.508537,17.508537,17.472412,17.886955,17.922905,16.946808,17.670921,17.562698,18.084496,17.526596,17.562698,17.219078,17.273430,17.309639,17.490471,17.797005,17.797005,17.164696,17.688942,17.309639,17.237198,17.544655,17.670921,17.418190,17.742996,17.309639,17.327736,17.472412,17.670921,17.815002,17.200951,17.724983,17.850990,17.742996,17.797005,17.237198,17.706970,17.724983,17.868965,17.761002,17.544655,17.994759,17.182823,17.327736,18.012718,17.291534,17.526596,17.779015,18.102425,17.508537,17.922905,17.688942,17.742996,17.868965,17.742996,17.724983,17.815002,17.742996,17.670921,17.761002,17.688942,17.634865,17.742996,17.598785,17.164696,18.102425,17.652901,17.742996,17.634865,17.797005,17.580750,17.454338,17.833000,17.526596,17.273430,16.837654,17.508537,17.255310,16.910439,17.255310,17.526596,17.200951,17.400101,17.400101,16.910439,17.164696,16.564171,16.728371,16.069710,16.216530,15.720085,15.609375,15.128059,15.202286,14.756035,14.756035,14.625465,14.756035,14.867805,14.401184,14.849190,14.998024,14.476006,14.625465,14.606796,14.681450,14.942238,14.438606,14.905037,14.120049,14.960838,14.849190,14.532082,14.157593,14.625465,14.849190,14.195114,14.138817,14.251350,14.082504,14.532082,14.251350,13.932144,14.569450,14.550774,14.195114,14.662788,14.419891,14.401184,14.494698,14.494698,14.569450,14.849190,13.894524,14.232613,14.270103,13.725006,13.819221,14.120049,14.157593,13.309326,13.347183,
15.941071,16.637184,16.892258,16.289825,17.237198,16.234848,17.128418,16.691910,16.874062,16.198189,16.746590,16.673668,16.582436,16.637184,16.527649,16.417961,16.673668,16.344765,16.472824,16.069710,16.234848,16.161499,16.216530,15.793800,15.683197,15.849052,15.775375,15.738518,15.922668,15.775375,14.979439,14.979439,15.443062,14.998024,15.313492,15.443062,15.535500,14.830566,14.774681,14.886414,14.793312,14.700096,14.625465,14.867805,15.090919,14.644127,14.270103,14.195114,14.700096,14.120049,14.082504,14.063721,13.988556,13.932144,14.345024,14.157593,14.157593,13.800392,13.762703,14.026146,13.913338,13.743858,13.932144,13.950951,14.326302,13.460693,14.007355,13.385033,14.195114,13.875710,13.252487,13.969765,13.649567,13.894524,13.536285,13.819221,13.668427,13.687294,13.611824,13.385033,13.536285,13.706154,13.649567,13.574066,13.856880,13.630692,14.007355,13.838051,13.687294,13.838051,13.536285,13.875710,13.819221,14.063721,13.988556,14.345024,14.270103,13.950951,14.326302,13.630692,14.232613,14.007355,13.988556,13.988556,14.457298,14.476006,14.513397,14.326302,14.326302,14.063721,14.476006,14.662788,14.438606,14.513397,14.232613,14.569450,14.382469,14.438606,14.532082,14.382469,14.681450,14.737404,14.774681,14.662788,14.998024,15.461563,15.165176,15.406059,15.683197,15.793800,15.738518,15.683197,16.344765,16.363075,16.289825,16.216530,16.417961,16.472824,16.618950,16.983162,16.910439,16.819458,17.454338,17.490471,17.363930,17.110275,17.055817,17.237198,17.454338,17.363930,17.616829,17.436272,17.724983,17.454338,17.309639,17.508537,17.797005,17.724983,17.886955,17.706970,17.724983,17.688942,18.012718,17.833000,17.940880,17.940880,18.030663,17.797005,17.815002,17.994759,18.012718,17.797005,18.603035,17.940880,18.263664,18.245766,18.317345,18.263664,17.850990,18.424599,17.994759,18.245766,17.958839,18.227867,18.245766,17.922905,18.102425,18.281563,18.120361,17.994759,18.263664,17.994759,18.227867,18.174133,18.048607,18.388855,17.958839,18.156204,18.317345,17.815002,18.585213,18.370995,18.299454,18.692123,18.478165,18.513863,18.513863,18.869980,18.781090,18.941017,18.781090,18.852211,19.295280,19.383614,19.348289,19.100624,19.383614,19.118340,19.489464,18.994255,19.065178,18.763306,18.976524,18.941017,19.100624,18.798882,19.082909,19.136055,18.638680,19.082909,18.869980,18.869980,18.852211,18.905502,18.816666,19.242241,19.242241,19.047462,18.958771,18.958771,18.745514,19.206863,19.718353,19.542351,19.295280,19.100624,19.524719,19.330627,19.259926,19.401253,19.277603,19.648003,19.418907,18.976524,19.436554,19.065178,19.454201,19.595184,19.011993,18.905502,18.709923,18.727722,18.994255,19.153755,19.153755,18.727722,18.620857,18.549545,18.745514,18.603035,18.442459,18.567383,18.674309,18.941017,18.834435,19.011993,18.781090,18.638680,18.674309,18.763306,18.905502,18.692123,18.976524,18.692123,18.656494,18.745514,18.513863,18.727722,18.620857,18.727722,18.585213,19.065178,18.585213,18.976524,18.781090,18.852211,19.011993,18.531708,19.206863,18.496017,18.549545,18.958771,18.192039,18.585213,18.976524,18.585213,18.816666,18.638680,18.638680,18.513863,18.638680,19.011993,18.763306,18.638680,18.585213,18.674309,18.263664,18.531708,18.692123,18.531708,18.227867,18.299454,18.353111,18.442459,18.192039,18.869980,18.585213,18.299454,18.370995,18.066551,18.209953,18.567383,18.353111,18.424599,17.958839,18.460312,18.281563,18.012718,17.940880,18.281563,18.102425,18.335236,17.976807,17.940880,17.976807,17.994759,18.120361,18.263664,17.815002,17.761002,17.761002,17.940880,17.815002,17.742996,17.868965,17.742996,17.634865,17.761002,17.904930,17.994759,17.742996,17.345833,17.110275,17.255310,17.001335,16.874062,17.345833,16.874062,17.128418,16.582436,16.618950,16.161499,16.198189,15.775375,15.720085,15.793800,15.294960,15.424561,15.350533,14.849190,15.072350,15.128059,14.644127,14.979439,14.476006,14.401184,14.251350,14.419891,14.532082,14.438606,14.213860,13.894524,14.532082,14.401184,14.026146,13.781540,14.138817,14.270103,14.550774,14.007355,14.044937,13.913338,14.026146,14.120049,14.251350,13.988556,13.969765,13.838051,14.138817,14.082504,13.988556,14.007355,13.913338,13.271439,13.574066,14.007355,13.800392,13.856880,13.856880,14.044937,13.894524,13.743858,13.988556,13.988556,13.819221,13.913338,13.875710,13.781540,13.894524,13.894524,14.101280,13.271439,13.856880,13.781540,14.157593,13.611824,13.403954,13.347183,13.988556,14.082504,13.706154,13.725006,14.101280,13.706154,13.969765,14.251350,13.856880,14.345024,14.251350,14.195114,13.932144,14.326302,14.026146,14.176346,13.498497,13.894524,14.326302,14.026146,14.513397,14.588127,14.157593,14.345024,14.588127,14.774681,14.811943,14.998024,15.109489,15.590912,15.701637,15.812218,16.088081,15.977844,16.253181,16.454536,16.326462,16.289825,16.381371,16.106438,16.855865,16.946808,16.964989,16.946808,17.200951,16.764816,16.855865,17.073982,17.001335,17.382019,17.092117,17.490471,17.092117,17.472412,17.508537,17.200951,17.742996,17.382019,17.436272,17.779015,17.706970,17.544655,17.580750,17.110275,17.490471,17.724983,17.526596,17.200951,17.490471,17.454338,17.562698,17.779015,17.742996,17.092117,17.436272,17.309639,17.273430,17.742996,17.418190,17.544655,17.418190,17.652901,17.526596,17.742996,17.652901,18.174133,17.940880,17.200951,17.670921,17.779015,17.904930,17.994759,17.436272,17.598785,17.490471,17.472412,17.652901,17.761002,17.580750,17.670921,17.850990,18.102425,17.815002,18.156204,17.779015,17.922905,17.616829,17.761002,17.670921,17.490471,17.237198,17.886955,17.616829,18.012718,18.066551,17.526596,17.544655,17.436272,18.174133,17.490471,18.030663,17.815002,17.833000,17.670921,17.779015,17.670921,17.562698,17.327736,17.850990,17.382019,17.382019,17.797005,17.327736,17.128418,17.418190,17.327736,17.291534,16.764816,16.964989,16.910439,17.164696,17.092117,16.983162,17.688942,16.837654,16.673668,16.509377,16.436256,16.491104,16.032974,15.775375,15.756950,15.072350,14.960838,15.387550,15.109489,14.830566,15.128059,14.438606,14.681450,14.793312,14.998024,15.090919,14.830566,14.662788,14.849190,15.016617,14.120049,14.979439,14.979439,14.606796,14.700096,14.681450,14.681450,14.026146,14.756035,14.307571,14.606796,14.363747,13.932144,14.288834,14.363747,14.588127,14.063721,13.932144,13.856880,14.213860,14.044937,14.382469,14.326302,14.082504,14.681450,14.007355,14.625465,14.138817,13.385033,13.781540,13.950951,13.422867,13.347183,13.498497,13.366112,
15.035194,16.564171,16.637184,16.271500,16.454536,16.289825,16.491104,16.637184,16.673668,16.491104,16.746590,16.344765,16.399666,16.874062,16.691910,16.344765,16.472824,16.106438,16.491104,16.308144,16.234848,15.775375,15.701637,16.088081,15.720085,16.032974,16.014603,15.849052,15.053780,15.812218,15.683197,15.109489,15.461563,15.035194,15.332008,15.517014,15.146614,14.998024,15.350533,15.109489,15.183723,15.128059,14.644127,14.942238,14.979439,14.681450,14.681450,14.157593,14.625465,14.251350,14.120049,13.706154,14.195114,14.026146,13.668427,13.649567,13.856880,13.819221,14.063721,13.441788,14.176346,13.819221,13.969765,13.762703,13.969765,13.517403,13.838051,13.574066,13.592949,13.119759,13.950951,13.138725,13.875710,13.233543,13.460693,13.195625,13.800392,13.441788,13.630692,13.176659,13.725006,13.819221,14.138817,13.574066,13.347183,13.460693,13.422867,13.875710,13.819221,13.687294,13.781540,13.441788,13.969765,13.838051,13.762703,14.195114,13.819221,13.479599,14.326302,13.819221,13.894524,14.363747,14.270103,14.213860,14.195114,13.838051,14.138817,13.706154,14.419891,14.101280,14.979439,14.830566,14.625465,14.288834,14.213860,14.867805,14.681450,14.569450,14.569450,14.606796,15.109489,14.718750,14.979439,15.220818,15.016617,14.830566,15.109489,15.016617,15.572441,15.627831,15.977844,15.996223,16.326462,16.764816,16.472824,16.527649,16.491104,16.582436,16.673668,16.892258,17.128418,17.616829,16.910439,16.819458,16.964989,17.219078,17.255310,17.345833,17.400101,17.562698,17.418190,17.670921,17.815002,17.634865,17.580750,17.779015,17.237198,18.066551,17.833000,17.327736,17.706970,17.850990,17.634865,17.580750,17.815002,17.815002,17.904930,17.761002,17.815002,17.815002,18.227867,17.940880,17.976807,17.797005,17.833000,18.084496,18.120361,18.209953,18.281563,18.245766,18.209953,17.868965,18.048607,18.281563,18.102425,18.066551,18.638680,18.478165,18.048607,18.281563,18.209953,18.227867,17.688942,17.976807,18.227867,18.209953,18.406731,17.850990,18.370995,18.030663,18.281563,18.138290,18.798882,18.531708,18.370995,18.549545,18.781090,18.424599,18.798882,18.834435,18.496017,18.923264,19.224541,19.029732,19.082909,19.224541,19.189156,18.923264,19.100624,19.259926,18.798882,19.100624,19.136055,18.994255,18.852211,19.153755,19.082909,18.869980,18.887749,18.869980,19.224541,18.852211,18.994255,18.887749,19.224541,19.065178,18.816666,19.224541,19.100624,19.242241,19.365944,19.348289,18.727722,19.206863,19.136055,19.206863,19.507095,19.348289,19.277603,19.242241,19.100624,19.206863,19.295280,19.242241,19.171471,18.496017,18.869980,18.941017,19.100624,18.496017,18.692123,18.941017,19.065178,18.638680,18.745514,18.905502,18.781090,18.585213,18.727722,19.206863,18.656494,18.496017,18.496017,18.887749,18.442459,19.118340,18.727722,18.727722,18.852211,18.798882,19.011993,19.082909,18.674309,18.656494,18.585213,19.011993,18.692123,18.424599,18.496017,18.567383,18.976524,18.852211,18.709923,18.976524,18.763306,18.549545,18.905502,19.065178,18.692123,18.745514,18.816666,18.656494,18.388855,18.798882,18.852211,18.478165,18.781090,18.620857,18.656494,18.478165,18.496017,18.388855,18.638680,18.656494,18.370995,18.567383,18.496017,18.745514,18.727722,18.245766,18.370995,18.496017,18.353111,18.335236,18.745514,18.263664,18.084496,18.227867,18.102425,18.156204,18.442459,18.424599,18.245766,18.174133,17.670921,18.388855,17.958839,18.084496,18.048607,18.281563,18.281563,17.994759,18.120361,17.886955,17.868965,17.742996,18.227867,17.833000,18.299454,17.454338,17.724983,17.706970,17.779015,17.958839,17.976807,17.544655,17.634865,17.706970,17.688942,17.146553,17.706970,17.382019,17.418190,17.598785,17.436272,17.472412,17.164696,16.655434,16.728371,16.582436,16.271500,16.289825,16.124794,16.088081,15.941071,15.276436,15.480049,15.239365,15.276436,14.793312,14.700096,14.886414,14.811943,14.588127,14.606796,14.532082,14.326302,14.326302,14.588127,14.363747,14.288834,14.550774,14.288834,14.063721,14.044937,14.363747,14.007355,14.232613,14.326302,13.762703,13.875710,14.044937,13.800392,13.743858,14.494698,13.555183,14.213860,13.856880,13.687294,13.630692,13.403954,13.875710,13.290382,13.668427,14.063721,13.460693,13.913338,13.950951,13.498497,13.233543,13.838051,13.743858,13.592949,13.856880,13.441788,13.894524,13.441788,13.706154,13.611824,13.119759,13.969765,13.517403,13.555183,13.988556,13.781540,13.762703,13.762703,13.706154,14.101280,13.649567,14.007355,13.214584,13.800392,13.800392,14.044937,13.762703,13.687294,14.120049,13.668427,13.969765,14.532082,13.988556,14.213860,14.251350,14.213860,13.894524,14.157593,13.988556,14.044937,14.644127,14.830566,14.082504,14.026146,14.419891,15.313492,15.090919,14.849190,15.683197,15.183723,15.443062,15.664742,15.627831,16.344765,16.253181,16.363075,16.106438,16.381371,16.928627,16.764816,16.728371,17.200951,16.710136,17.400101,17.001335,16.855865,17.670921,17.237198,17.273430,17.001335,17.019493,17.110275,17.797005,17.544655,17.382019,17.779015,17.580750,17.327736,17.616829,17.526596,17.850990,17.291534,17.291534,17.724983,17.363930,17.508537,17.436272,17.634865,17.526596,17.019493,18.102425,17.797005,17.436272,17.598785,17.580750,17.922905,17.237198,17.562698,17.688942,16.819458,17.598785,17.779015,17.526596,17.761002,17.706970,17.688942,17.958839,18.030663,17.833000,17.309639,17.508537,18.084496,17.815002,18.209953,17.454338,17.706970,17.833000,17.688942,18.012718,18.066551,17.976807,17.688942,17.490471,17.779015,17.652901,17.994759,17.146553,17.922905,17.508537,18.209953,17.580750,18.012718,18.120361,17.562698,18.120361,17.055817,17.779015,17.742996,17.652901,17.508537,17.833000,17.994759,17.508537,17.958839,17.850990,17.345833,17.400101,17.237198,17.797005,17.418190,17.490471,17.418190,17.382019,17.868965,17.291534,17.219078,17.037659,16.983162,17.255310,17.037659,16.946808,17.291534,16.673668,17.309639,16.655434,16.655434,15.941071,16.124794,16.051353,15.996223,15.406059,15.369041,14.942238,15.276436,14.476006,14.960838,14.438606,14.774681,14.811943,14.979439,14.905037,14.662788,14.774681,14.345024,14.606796,14.867805,14.588127,14.606796,14.923637,15.016617,14.476006,14.849190,14.793312,14.063721,14.213860,14.588127,15.128059,14.737404,14.849190,14.588127,14.644127,14.662788,13.875710,14.476006,14.251350,14.830566,14.157593,14.681450,14.438606,13.913338,14.569450,14.401184,14.307571,13.894524,14.082504,13.932144,13.574066,13.932144,13.157700,13.913338,13.498497,
16.161499,16.326462,16.655434,16.837654,17.055817,16.855865,16.801247,16.783035,16.545914,16.728371,16.436256,16.363075,16.783035,16.032974,16.491104,16.363075,16.855865,16.289825,16.363075,16.564171,16.198189,16.161499,15.904274,15.406059,16.216530,15.775375,15.572441,15.664742,15.553970,15.146614,15.590912,15.276436,15.406059,15.443062,14.923637,15.350533,15.053780,14.867805,15.276436,15.294960,15.090919,14.830566,15.090919,14.867805,14.849190,14.625465,14.849190,14.382469,14.138817,14.401184,14.588127,14.007355,14.270103,13.819221,14.662788,13.800392,14.401184,13.743858,13.611824,13.592949,13.894524,14.363747,14.044937,13.894524,13.969765,13.838051,14.063721,13.005829,13.762703,13.422867,13.536285,13.592949,13.119759,13.138725,13.856880,13.347183,13.819221,13.422867,13.592949,13.687294,13.517403,13.441788,13.366112,13.309326,13.706154,13.479599,13.706154,13.781540,13.725006,14.157593,14.026146,14.101280,13.460693,13.649567,13.856880,13.762703,14.213860,14.382469,14.195114,13.706154,14.120049,14.101280,14.251350,13.875710,14.363747,14.195114,14.569450,14.550774,14.401184,14.044937,14.438606,14.251350,14.662788,14.476006,14.270103,14.513397,14.644127,14.662788,14.513397,14.811943,14.849190,15.257896,14.700096,14.867805,14.774681,14.979439,15.461563,15.090919,15.517014,15.553970,16.032974,16.344765,15.720085,16.491104,16.417961,16.363075,16.710136,16.600693,16.618950,17.019493,17.019493,17.363930,17.200951,17.128418,17.382019,17.255310,17.309639,17.273430,17.092117,16.946808,17.200951,17.327736,17.688942,17.940880,17.436272,17.363930,17.454338,17.255310,17.092117,17.797005,18.138290,17.454338,17.688942,17.508537,17.940880,17.724983,17.472412,17.670921,18.048607,17.634865,18.317345,18.012718,18.066551,17.886955,18.227867,17.815002,18.370995,17.652901,18.066551,17.904930,18.388855,18.227867,18.674309,18.174133,18.012718,18.120361,18.245766,18.174133,18.030663,18.156204,17.634865,18.442459,18.335236,17.868965,18.370995,18.084496,18.245766,17.886955,18.353111,17.779015,18.424599,18.299454,18.692123,18.442459,18.388855,18.603035,18.638680,18.709923,19.312950,18.941017,18.852211,19.029732,18.727722,18.887749,19.259926,19.206863,19.242241,19.348289,19.365944,19.153755,19.029732,19.436554,18.923264,19.029732,19.418907,19.242241,19.029732,19.224541,18.816666,19.171471,19.047462,18.852211,19.206863,18.941017,19.118340,19.330627,19.029732,18.727722,19.136055,18.994255,19.189156,18.709923,19.401253,18.869980,19.330627,19.665596,19.841331,19.118340,19.082909,19.029732,19.242241,19.011993,19.011993,19.082909,19.224541,18.781090,19.259926,18.745514,19.118340,19.224541,19.259926,18.406731,18.923264,18.798882,18.781090,18.781090,18.674309,18.620857,19.047462,18.692123,18.763306,18.834435,18.798882,18.638680,18.709923,18.120361,18.531708,18.496017,18.585213,18.638680,18.370995,18.834435,18.781090,18.869980,18.976524,18.496017,18.585213,18.603035,18.745514,18.585213,18.656494,18.138290,18.620857,18.424599,18.674309,18.549545,18.798882,18.816666,18.994255,18.460312,19.065178,18.531708,18.585213,18.709923,18.709923,18.656494,18.567383,18.709923,18.692123,18.138290,18.709923,18.781090,18.353111,18.905502,18.496017,18.763306,18.460312,18.709923,18.460312,18.227867,18.656494,18.281563,18.370995,18.585213,18.281563,18.317345,18.460312,18.066551,18.317345,18.120361,18.281563,18.138290,18.281563,18.281563,18.317345,18.066551,17.976807,18.406731,18.209953,17.976807,18.174133,17.904930,17.815002,17.958839,18.370995,18.370995,17.904930,18.156204,17.994759,18.120361,17.994759,17.940880,18.048607,18.281563,18.120361,18.048607,17.490471,17.940880,17.670921,17.544655,17.797005,17.598785,17.490471,17.037659,17.164696,17.128418,17.598785,17.273430,16.728371,16.417961,16.472824,16.363075,16.143143,15.553970,16.143143,15.683197,15.072350,15.406059,15.350533,15.128059,15.146614,14.662788,14.793312,14.288834,14.270103,14.644127,14.550774,14.307571,13.800392,14.082504,14.419891,14.157593,14.270103,14.438606,14.082504,14.232613,13.762703,13.932144,14.176346,14.082504,13.950951,13.743858,14.251350,13.611824,13.592949,13.555183,13.894524,13.838051,13.385033,13.743858,13.611824,14.007355,13.913338,13.536285,13.517403,13.706154,13.800392,13.781540,13.630692,13.819221,13.309326,14.213860,13.819221,14.718750,13.441788,13.347183,13.687294,13.687294,14.063721,13.819221,14.195114,13.592949,13.819221,13.781540,13.706154,14.007355,13.875710,13.762703,13.969765,13.932144,13.894524,13.649567,14.270103,13.894524,13.969765,13.950951,14.101280,13.950951,13.743858,13.781540,14.120049,13.649567,14.007355,13.856880,13.894524,14.007355,14.176346,13.385033,13.950951,14.476006,14.082504,14.457298,14.588127,14.532082,15.332008,15.480049,14.662788,15.406059,15.590912,15.867470,15.867470,16.234848,16.600693,15.977844,16.161499,16.728371,16.618950,16.491104,16.472824,17.073982,16.783035,16.655434,16.801247,17.273430,17.363930,17.273430,17.001335,17.237198,17.580750,17.200951,17.273430,17.652901,17.490471,17.490471,17.291534,17.164696,17.436272,17.164696,17.833000,17.544655,17.526596,17.761002,17.508537,17.616829,17.237198,17.073982,17.363930,17.508537,17.706970,17.797005,17.850990,17.454338,17.688942,17.815002,17.400101,17.418190,17.598785,17.526596,17.580750,17.110275,17.706970,17.490471,17.327736,17.688942,17.742996,17.688942,17.761002,17.508537,17.508537,17.273430,17.490471,17.363930,17.868965,17.886955,18.066551,17.382019,18.120361,17.724983,17.544655,18.138290,17.833000,17.544655,17.994759,17.797005,17.761002,17.922905,18.084496,18.084496,17.886955,17.490471,17.797005,17.616829,17.779015,18.102425,18.263664,17.598785,18.299454,17.526596,17.670921,17.904930,17.327736,17.779015,17.580750,17.742996,17.670921,17.255310,17.598785,17.255310,17.436272,17.255310,17.255310,17.418190,17.544655,17.237198,17.742996,17.273430,17.724983,17.345833,17.327736,17.309639,16.983162,16.928627,17.472412,16.637184,15.977844,16.216530,15.775375,15.590912,15.627831,15.202286,15.257896,15.239365,14.905037,14.905037,14.569450,15.053780,14.644127,14.644127,14.830566,14.960838,14.998024,14.998024,14.588127,14.457298,15.387550,14.942238,14.811943,14.270103,14.532082,14.176346,14.625465,13.988556,14.382469,14.550774,14.960838,14.476006,14.532082,14.157593,14.457298,14.232613,13.950951,14.176346,14.457298,14.419891,14.176346,14.588127,14.063721,13.668427,14.007355,14.363747,14.082504,14.550774,13.762703,13.687294,14.401184,14.550774,14.307571,13.366112,13.611824,13.422867,
15.313492,16.399666,16.728371,16.436256,16.855865,16.582436,16.655434,16.637184,16.673668,16.545914,16.618950,16.910439,16.600693,17.327736,16.728371,17.001335,16.472824,16.436256,16.910439,15.941071,16.106438,16.271500,16.234848,15.959457,15.849052,15.461563,16.216530,15.572441,15.498535,15.885872,15.332008,15.553970,15.146614,15.387550,15.904274,14.960838,14.681450,14.998024,15.332008,15.294960,14.923637,14.401184,14.606796,15.053780,14.363747,14.213860,14.419891,14.774681,14.326302,14.606796,14.345024,14.101280,14.345024,14.532082,13.838051,13.969765,14.438606,14.195114,13.950951,13.743858,14.401184,13.800392,13.555183,13.988556,13.479599,13.536285,13.555183,13.856880,13.969765,13.555183,13.385033,13.555183,13.875710,13.517403,13.498497,13.176659,14.007355,13.479599,13.479599,13.233543,14.120049,13.875710,13.422867,13.536285,13.800392,13.479599,13.743858,13.328255,13.856880,13.403954,13.762703,13.630692,13.743858,13.762703,14.120049,14.082504,13.687294,14.251350,13.988556,14.195114,14.718750,14.082504,14.550774,14.251350,14.438606,14.363747,14.811943,14.494698,14.288834,14.625465,14.213860,14.195114,14.644127,14.718750,14.457298,14.270103,14.419891,13.950951,14.756035,14.569450,14.644127,14.923637,14.923637,15.332008,15.294960,15.480049,15.461563,15.480049,15.646294,15.867470,15.535500,16.143143,16.819458,16.106438,16.106438,16.710136,16.946808,16.655434,16.637184,16.819458,17.019493,17.255310,17.200951,17.291534,17.580750,17.200951,17.472412,17.472412,17.761002,17.886955,17.273430,17.850990,17.490471,17.508537,18.030663,17.237198,17.472412,17.886955,17.761002,17.616829,17.598785,17.779015,17.850990,17.670921,18.227867,18.120361,17.922905,17.400101,18.012718,18.012718,17.706970,18.048607,17.922905,18.299454,18.012718,18.102425,18.120361,18.281563,18.084496,17.886955,18.048607,18.281563,18.156204,17.670921,18.281563,18.209953,17.652901,17.850990,17.976807,18.030663,18.030663,18.281563,18.012718,18.335236,18.102425,18.209953,18.245766,18.353111,18.513863,18.174133,18.513863,18.102425,18.281563,18.549545,18.745514,18.353111,18.816666,18.834435,18.745514,18.994255,19.224541,18.763306,19.312950,19.683189,19.136055,18.869980,19.242241,18.887749,19.153755,19.065178,18.905502,19.259926,19.224541,19.047462,18.852211,19.242241,19.489464,18.692123,19.330627,19.011993,19.242241,19.189156,19.206863,19.065178,19.011993,18.816666,19.029732,19.065178,19.277603,18.763306,18.852211,19.365944,19.189156,18.834435,19.100624,18.976524,18.976524,19.011993,19.559967,19.224541,19.224541,19.153755,19.436554,18.941017,19.259926,18.852211,19.277603,18.478165,18.549545,18.834435,18.994255,18.887749,18.834435,18.869980,18.745514,18.869980,19.029732,19.153755,19.136055,18.692123,18.727722,18.603035,18.816666,18.709923,18.869980,18.442459,18.727722,18.531708,18.834435,18.335236,19.082909,18.887749,18.798882,18.209953,18.424599,18.798882,18.656494,18.887749,18.353111,18.976524,18.460312,18.585213,18.674309,18.478165,18.674309,18.709923,18.692123,18.496017,18.549545,18.727722,18.887749,18.549545,18.585213,18.798882,18.513863,18.513863,18.834435,18.496017,18.496017,18.709923,18.798882,18.585213,18.603035,18.388855,18.460312,18.745514,18.406731,18.317345,18.585213,18.478165,18.478165,18.066551,18.460312,18.335236,18.174133,18.531708,18.442459,18.531708,18.174133,18.620857,18.084496,18.620857,18.192039,18.531708,18.048607,17.904930,18.353111,18.370995,17.833000,18.281563,17.850990,18.406731,18.227867,17.958839,17.976807,17.345833,18.102425,18.066551,18.245766,17.886955,18.370995,18.030663,17.922905,17.886955,17.833000,17.562698,17.886955,17.724983,17.976807,17.742996,17.472412,17.291534,17.616829,17.670921,17.652901,17.255310,17.164696,17.019493,17.092117,16.964989,16.545914,16.308144,16.399666,15.977844,15.812218,15.701637,15.498535,15.350533,14.774681,14.681450,14.550774,14.979439,14.476006,14.326302,14.700096,14.176346,14.063721,14.363747,14.644127,14.401184,14.401184,13.781540,14.345024,14.438606,14.157593,14.157593,14.251350,14.082504,13.781540,13.687294,13.894524,13.555183,13.706154,13.856880,13.441788,13.460693,13.894524,13.969765,13.498497,13.460693,13.630692,13.592949,13.479599,13.422867,13.800392,13.762703,13.536285,13.819221,13.687294,13.725006,13.706154,13.838051,13.517403,13.611824,13.800392,14.082504,13.894524,13.838051,13.725006,13.819221,14.026146,13.988556,13.913338,13.725006,13.574066,13.988556,13.743858,13.762703,13.894524,13.988556,13.592949,13.838051,13.725006,14.044937,13.838051,13.611824,13.800392,13.856880,14.157593,13.819221,14.026146,14.120049,14.270103,14.363747,14.195114,14.401184,14.157593,14.007355,14.195114,14.476006,14.232613,14.270103,14.867805,14.942238,15.369041,15.109489,15.165176,15.165176,15.701637,15.443062,15.775375,16.271500,16.289825,16.509377,16.308144,16.216530,17.273430,16.253181,16.764816,16.819458,17.436272,17.363930,17.110275,16.837654,17.037659,17.544655,17.019493,17.164696,17.146553,16.892258,17.670921,17.833000,16.855865,17.797005,17.472412,17.200951,17.850990,17.255310,17.706970,17.724983,17.742996,17.382019,17.634865,17.345833,17.634865,17.724983,18.317345,18.084496,17.526596,17.219078,17.761002,17.724983,17.940880,17.616829,17.670921,17.670921,17.363930,17.922905,17.868965,17.958839,17.958839,17.616829,17.688942,17.761002,17.472412,17.670921,17.652901,17.706970,17.273430,17.436272,17.436272,18.030663,17.761002,17.688942,17.724983,17.580750,17.508537,18.120361,17.940880,17.490471,18.156204,17.904930,17.634865,17.544655,17.598785,17.327736,17.508537,17.418190,17.958839,17.562698,18.030663,18.192039,17.490471,17.472412,17.652901,17.958839,17.922905,18.030663,17.994759,17.472412,17.797005,17.309639,17.508537,17.904930,17.472412,17.237198,17.797005,17.670921,17.634865,17.598785,17.019493,17.490471,17.436272,17.291534,17.400101,17.092117,17.146553,17.146553,17.001335,16.892258,16.910439,16.837654,16.874062,17.128418,16.545914,16.271500,16.198189,15.996223,15.977844,15.016617,15.498535,15.146614,15.090919,14.700096,14.886414,14.550774,14.438606,14.979439,14.606796,15.183723,14.923637,15.109489,14.700096,14.550774,14.737404,14.756035,14.662788,14.326302,14.270103,14.457298,14.082504,14.737404,14.251350,14.606796,13.913338,14.138817,13.913338,14.007355,13.781540,14.044937,14.176346,14.326302,14.063721,14.082504,13.969765,14.363747,14.213860,13.838051,14.345024,14.007355,13.328255,13.668427,13.894524,13.800392,14.101280,13.969765,13.290382,14.007355,13.498497,13.005829,
15.756950,16.032974,16.491104,16.363075,16.783035,16.655434,17.037659,16.308144,17.001335,16.892258,16.855865,16.527649,16.545914,16.491104,16.326462,16.618950,16.179840,16.472824,16.198189,15.904274,16.728371,16.179840,16.582436,16.051353,16.014603,15.609375,15.885872,15.535500,15.830643,15.756950,15.664742,15.257896,15.590912,15.146614,14.867805,15.053780,15.332008,14.905037,14.960838,15.053780,15.276436,14.494698,14.886414,14.307571,14.606796,15.072350,14.700096,14.195114,14.476006,14.419891,14.532082,14.213860,14.157593,13.687294,14.120049,13.988556,14.138817,13.157700,14.756035,13.592949,13.838051,14.232613,13.950951,14.176346,14.195114,13.762703,13.649567,13.214584,13.649567,13.668427,14.176346,13.781540,13.950951,13.687294,13.875710,13.611824,13.706154,13.630692,13.441788,13.913338,13.611824,13.611824,13.649567,13.347183,13.913338,13.687294,13.743858,13.687294,13.762703,13.800392,13.479599,13.800392,13.781540,14.532082,13.819221,13.668427,13.988556,13.913338,13.819221,14.176346,14.026146,14.026146,14.232613,14.213860,14.063721,14.307571,14.026146,13.819221,13.988556,14.606796,14.644127,13.950951,14.588127,14.288834,14.494698,14.326302,14.625465,14.063721,14.588127,14.737404,14.923637,14.438606,15.109489,15.109489,15.553970,15.183723,15.313492,15.664742,15.609375,15.720085,15.664742,15.683197,16.472824,16.363075,16.253181,16.472824,16.399666,16.746590,16.600693,17.001335,16.910439,16.837654,16.964989,17.436272,17.634865,17.255310,17.219078,17.526596,17.526596,17.037659,17.436272,17.454338,17.309639,17.526596,17.544655,17.779015,17.345833,17.526596,17.418190,17.724983,17.742996,17.958839,17.688942,17.797005,18.102425,17.904930,17.850990,17.779015,17.688942,17.958839,18.156204,18.227867,17.922905,17.688942,18.353111,17.833000,18.442459,17.940880,18.066551,18.066551,18.370995,18.102425,18.281563,18.156204,18.263664,18.209953,18.174133,17.868965,18.317345,18.388855,17.976807,18.192039,18.353111,18.620857,18.030663,18.335236,18.030663,18.442459,18.513863,18.245766,18.781090,18.424599,18.317345,18.281563,18.887749,18.869980,18.976524,18.834435,18.869980,18.692123,18.887749,18.887749,19.259926,19.171471,19.047462,19.189156,19.242241,19.295280,19.118340,18.745514,19.330627,19.100624,19.011993,19.383614,19.118340,19.082909,19.277603,19.100624,18.923264,19.118340,19.047462,18.887749,19.595184,19.312950,19.277603,19.065178,19.136055,19.418907,19.029732,19.542351,19.206863,19.612793,19.206863,19.312950,19.595184,18.887749,19.011993,19.330627,19.277603,19.542351,19.153755,19.206863,19.277603,18.869980,19.471832,19.454201,19.118340,18.692123,18.869980,18.692123,18.976524,18.763306,18.923264,18.941017,18.709923,18.638680,18.531708,18.976524,18.994255,18.887749,19.153755,18.816666,18.674309,18.816666,18.567383,18.692123,18.692123,18.781090,18.674309,18.674309,18.674309,18.727722,18.692123,18.656494,18.887749,18.869980,18.923264,18.798882,18.958771,18.727722,18.994255,18.245766,18.976524,18.460312,18.763306,18.531708,18.620857,18.138290,18.763306,18.496017,18.976524,18.460312,18.781090,19.047462,18.763306,18.763306,18.923264,18.638680,18.620857,18.674309,18.513863,18.585213,18.816666,18.335236,18.763306,18.567383,18.209953,18.763306,18.531708,18.245766,18.120361,18.388855,18.424599,18.102425,18.424599,18.245766,18.674309,18.567383,18.317345,18.335236,17.868965,18.263664,18.549545,18.192039,18.012718,18.549545,18.585213,18.424599,18.120361,18.048607,18.299454,17.886955,18.102425,17.670921,18.209953,17.742996,18.138290,18.227867,17.850990,18.012718,17.616829,17.958839,17.886955,17.886955,18.048607,17.922905,17.472412,17.958839,17.724983,17.868965,17.724983,17.508537,17.815002,17.598785,16.946808,17.454338,17.436272,17.182823,16.545914,16.764816,16.691910,16.545914,16.491104,16.051353,15.775375,15.756950,15.517014,15.517014,14.830566,14.830566,14.867805,14.700096,14.774681,14.588127,14.307571,14.401184,14.476006,14.457298,14.307571,13.743858,14.044937,14.326302,14.157593,13.932144,14.363747,13.932144,14.476006,14.288834,13.950951,14.063721,13.536285,14.138817,14.288834,13.762703,14.138817,13.649567,14.044937,13.668427,13.725006,13.950951,14.082504,13.856880,14.026146,13.687294,13.875710,13.988556,13.536285,13.856880,13.536285,13.743858,13.422867,13.743858,13.611824,13.875710,13.611824,13.592949,13.875710,13.725006,13.630692,13.403954,13.781540,13.555183,13.894524,13.800392,13.630692,13.743858,13.781540,13.309326,14.063721,14.044937,14.138817,13.460693,14.044937,13.668427,14.120049,13.762703,13.819221,13.838051,14.195114,13.950951,13.950951,13.574066,13.913338,14.007355,13.932144,13.913338,14.044937,14.063721,14.288834,14.120049,14.550774,14.476006,14.662788,14.700096,15.183723,14.923637,14.979439,15.517014,15.627831,15.498535,16.088081,15.812218,16.509377,16.399666,16.545914,16.691910,16.344765,16.527649,16.472824,17.019493,17.128418,16.801247,17.055817,16.892258,16.928627,16.728371,17.092117,17.001335,17.255310,17.634865,17.200951,17.110275,17.472412,17.598785,17.092117,17.382019,17.526596,17.436272,17.779015,17.309639,17.309639,17.037659,17.994759,17.382019,17.706970,17.363930,18.120361,17.073982,17.400101,17.634865,17.526596,17.508537,17.706970,17.761002,17.833000,17.779015,17.742996,17.779015,17.652901,17.508537,17.598785,17.958839,17.850990,17.436272,17.327736,18.066551,17.562698,17.382019,17.616829,17.904930,17.562698,18.156204,17.833000,17.886955,17.724983,17.904930,17.779015,18.192039,17.616829,18.138290,17.562698,17.526596,17.526596,17.761002,17.472412,17.562698,17.815002,17.562698,17.706970,17.598785,18.138290,18.012718,17.886955,17.670921,17.833000,17.904930,17.940880,17.670921,17.833000,17.128418,18.192039,18.012718,17.634865,17.164696,17.454338,17.779015,17.886955,17.526596,17.526596,17.724983,17.291534,17.706970,17.616829,17.200951,17.255310,16.855865,17.526596,17.562698,17.345833,16.728371,17.146553,16.746590,17.092117,16.855865,16.399666,16.326462,16.454536,15.793800,15.387550,15.590912,15.220818,14.737404,14.457298,14.588127,14.793312,14.886414,14.326302,14.867805,14.700096,14.662788,15.294960,14.942238,14.811943,14.382469,15.053780,14.737404,14.476006,14.213860,14.270103,14.644127,14.681450,14.345024,14.756035,14.232613,14.326302,14.756035,14.588127,14.101280,14.662788,13.913338,14.438606,14.101280,14.213860,14.270103,13.969765,14.026146,14.101280,14.157593,14.419891,14.345024,14.026146,14.288834,14.251350,14.288834,14.176346,14.176346,14.082504,13.517403,13.743858,13.043808,
15.406059,16.344765,16.710136,16.509377,17.001335,16.691910,16.837654,17.001335,16.564171,16.618950,16.783035,16.363075,16.399666,16.436256,16.710136,16.106438,17.219078,16.710136,16.289825,16.271500,16.381371,16.472824,16.618950,15.535500,15.720085,15.683197,15.793800,15.996223,15.424561,15.738518,15.830643,15.517014,15.683197,15.183723,15.128059,15.294960,15.257896,14.942238,15.572441,15.016617,15.090919,14.718750,15.035194,14.606796,14.419891,14.363747,14.550774,14.419891,14.419891,14.382469,14.718750,14.026146,13.781540,14.288834,13.932144,13.819221,13.781540,13.932144,13.611824,13.611824,13.875710,13.630692,13.536285,13.725006,13.894524,13.366112,13.687294,13.422867,13.479599,13.347183,13.403954,13.366112,13.725006,13.743858,13.743858,13.138725,13.988556,13.138725,13.422867,13.536285,13.366112,13.536285,13.347183,14.176346,13.403954,13.743858,14.120049,13.762703,13.441788,13.611824,13.385033,13.932144,13.856880,13.913338,13.725006,13.592949,13.668427,13.668427,13.743858,13.894524,13.950951,14.082504,14.044937,14.176346,14.195114,13.894524,14.288834,14.307571,14.044937,14.513397,14.345024,13.950951,14.756035,14.345024,14.232613,14.532082,14.363747,14.886414,14.737404,14.979439,14.793312,14.625465,14.326302,14.998024,14.942238,15.220818,15.553970,14.998024,15.517014,15.553970,15.885872,15.996223,15.904274,16.014603,16.326462,16.436256,16.655434,16.582436,17.273430,17.019493,17.019493,17.490471,17.001335,17.327736,17.073982,17.724983,17.904930,17.273430,17.797005,17.779015,17.327736,17.598785,17.544655,17.779015,17.472412,17.400101,17.634865,17.670921,17.327736,17.761002,18.120361,17.309639,18.066551,17.761002,18.370995,17.868965,17.742996,17.904930,17.994759,17.580750,17.904930,18.012718,18.084496,18.030663,18.174133,17.976807,17.904930,18.263664,17.958839,17.850990,18.048607,17.886955,18.335236,18.012718,18.156204,17.904930,18.281563,17.976807,17.994759,18.353111,17.904930,18.048607,17.994759,18.245766,18.066551,18.120361,18.299454,18.192039,18.406731,18.424599,18.030663,18.513863,18.388855,18.335236,18.620857,18.674309,18.549545,18.798882,19.136055,18.620857,19.206863,19.259926,18.852211,18.994255,18.745514,18.905502,19.136055,19.153755,19.100624,19.471832,19.153755,19.277603,19.100624,19.277603,19.082909,19.189156,19.189156,19.118340,19.047462,19.118340,19.595184,18.816666,19.312950,19.100624,18.958771,19.312950,18.976524,19.118340,19.454201,19.348289,19.224541,19.171471,19.348289,19.471832,19.348289,19.100624,19.312950,19.136055,19.454201,19.136055,19.489464,19.100624,19.153755,18.994255,18.709923,19.118340,19.224541,19.082909,19.171471,19.011993,18.869980,18.674309,19.100624,18.869980,18.798882,18.478165,18.745514,18.692123,18.709923,18.781090,18.763306,18.656494,18.781090,18.816666,18.549545,18.620857,19.312950,18.638680,18.709923,18.460312,18.887749,18.424599,18.263664,18.869980,18.709923,18.781090,18.567383,18.656494,18.674309,18.994255,18.692123,18.781090,18.869980,18.424599,19.011993,18.496017,18.585213,18.692123,18.442459,19.047462,18.692123,18.869980,18.638680,18.941017,18.603035,18.834435,18.923264,18.781090,18.406731,18.406731,18.692123,18.442459,18.816666,18.674309,18.656494,18.442459,17.994759,19.029732,18.531708,18.388855,18.834435,18.084496,18.138290,18.585213,18.388855,18.317345,18.531708,18.388855,18.460312,18.513863,18.227867,18.406731,17.940880,18.209953,18.388855,18.460312,18.192039,18.388855,17.958839,18.388855,18.353111,18.030663,18.084496,18.460312,18.120361,17.976807,17.742996,17.797005,18.012718,18.496017,18.209953,17.850990,18.066551,17.868965,18.084496,18.012718,18.066551,17.652901,17.724983,17.833000,17.886955,17.815002,17.363930,17.273430,17.508537,17.237198,17.037659,16.783035,16.964989,16.527649,17.164696,16.106438,16.088081,16.088081,15.793800,15.683197,15.590912,14.998024,15.257896,14.700096,14.960838,14.756035,14.494698,14.438606,14.569450,14.157593,14.270103,14.157593,14.588127,14.120049,14.288834,13.932144,14.138817,14.101280,14.063721,14.532082,14.232613,13.894524,14.326302,13.800392,13.932144,13.592949,13.706154,13.800392,14.026146,13.762703,13.762703,13.762703,13.875710,13.668427,13.460693,13.536285,13.649567,13.517403,13.725006,13.611824,13.347183,13.668427,14.063721,13.592949,13.838051,13.498497,13.611824,13.819221,13.536285,13.706154,13.555183,13.838051,13.385033,13.233543,13.894524,13.819221,13.555183,13.441788,13.725006,14.063721,14.157593,13.479599,14.063721,13.819221,13.706154,13.819221,13.668427,14.251350,13.819221,13.800392,13.819221,14.063721,13.894524,13.441788,14.232613,13.988556,13.894524,14.270103,14.232613,14.026146,14.195114,13.838051,14.138817,14.082504,14.793312,14.288834,14.830566,14.756035,14.830566,15.350533,14.905037,15.090919,15.830643,15.904274,15.480049,16.491104,15.830643,16.417961,16.088081,16.509377,16.545914,16.545914,16.837654,16.764816,16.655434,16.837654,17.092117,17.219078,16.910439,17.037659,17.092117,17.092117,17.472412,17.200951,17.055817,17.454338,17.219078,17.092117,17.779015,17.001335,17.418190,17.652901,17.291534,17.273430,17.164696,17.508537,17.363930,17.454338,17.436272,17.146553,17.580750,17.742996,17.146553,17.670921,17.526596,17.309639,17.868965,17.073982,18.174133,18.012718,17.580750,17.670921,17.291534,17.616829,17.418190,17.634865,18.245766,17.400101,17.598785,18.084496,17.850990,17.634865,17.868965,17.688942,17.580750,17.472412,17.958839,17.670921,17.598785,17.797005,17.815002,17.868965,17.940880,17.779015,17.940880,17.670921,18.156204,17.634865,17.797005,17.436272,17.490471,17.886955,17.761002,18.138290,17.454338,18.245766,17.706970,17.652901,18.048607,18.048607,17.886955,17.779015,17.724983,17.634865,17.797005,17.327736,17.544655,17.724983,17.779015,17.598785,17.273430,17.850990,17.345833,17.092117,17.382019,17.237198,17.273430,17.200951,17.001335,17.363930,17.454338,17.255310,17.200951,17.363930,17.073982,16.855865,16.892258,16.764816,16.472824,16.436256,16.198189,15.830643,15.572441,15.609375,15.109489,14.737404,14.774681,14.644127,14.550774,14.138817,14.737404,14.438606,14.998024,14.382469,15.109489,14.438606,15.090919,14.513397,14.569450,13.800392,14.457298,14.886414,14.401184,14.176346,15.072350,14.363747,14.270103,13.649567,14.195114,14.288834,14.251350,14.494698,13.762703,14.513397,14.438606,13.781540,14.457298,14.082504,14.063721,14.476006,14.101280,14.270103,14.476006,14.476006,13.838051,13.932144,13.743858,13.706154,14.232613,14.513397,13.894524,13.592949,13.950951,13.119759,
16.564171,16.491104,16.491104,16.527649,16.837654,16.417961,16.436256,17.182823,16.837654,16.691910,16.691910,16.472824,16.728371,16.399666,16.363075,16.746590,16.363075,16.910439,16.032974,16.527649,16.179840,16.491104,16.014603,15.701637,16.271500,16.069710,16.014603,15.498535,15.350533,15.406059,15.387550,15.109489,15.480049,15.553970,15.350533,15.165176,15.480049,14.886414,15.517014,14.625465,14.774681,14.849190,14.960838,14.700096,14.737404,14.476006,14.476006,14.550774,14.644127,14.195114,13.932144,13.950951,14.007355,13.630692,14.700096,13.592949,13.819221,13.592949,13.630692,13.875710,13.649567,13.894524,14.232613,13.385033,13.687294,13.743858,13.725006,13.856880,13.781540,14.120049,13.441788,13.328255,13.649567,13.441788,13.271439,13.894524,13.950951,13.819221,13.252487,13.176659,13.574066,13.668427,13.366112,13.252487,13.611824,13.725006,13.950951,13.366112,13.800392,13.460693,13.800392,14.063721,13.592949,14.138817,14.026146,13.950951,13.479599,13.894524,14.026146,13.706154,14.101280,14.363747,14.101280,14.176346,14.251350,14.438606,13.913338,13.687294,14.401184,14.251350,14.700096,14.307571,14.176346,14.662788,14.232613,14.625465,14.513397,14.307571,14.476006,14.811943,14.438606,14.513397,15.183723,14.718750,15.627831,14.849190,15.461563,15.590912,15.165176,15.701637,15.775375,15.553970,15.738518,16.308144,16.655434,16.436256,16.746590,16.509377,17.291534,17.164696,17.110275,16.928627,17.255310,17.146553,17.400101,17.616829,17.400101,17.219078,17.146553,17.291534,17.652901,17.742996,17.761002,17.652901,17.400101,17.382019,17.382019,17.598785,17.309639,17.634865,17.886955,17.976807,17.544655,18.048607,17.815002,17.652901,17.886955,17.436272,17.958839,18.245766,17.850990,17.994759,17.797005,18.102425,17.994759,17.779015,18.156204,17.868965,18.174133,17.922905,18.513863,18.192039,18.335236,18.066551,18.263664,18.174133,18.370995,18.227867,18.174133,17.940880,18.138290,18.030663,18.388855,18.192039,18.370995,18.084496,18.120361,17.940880,18.460312,18.549545,18.692123,18.549545,18.798882,18.460312,18.138290,18.478165,18.905502,18.994255,18.370995,18.245766,19.118340,18.958771,19.471832,19.047462,19.295280,19.100624,19.224541,19.383614,19.047462,19.330627,19.507095,19.401253,19.171471,18.603035,19.718353,19.189156,19.348289,19.507095,19.454201,19.189156,19.136055,19.365944,19.383614,19.065178,19.559967,19.136055,19.418907,19.436554,19.277603,19.401253,19.065178,19.365944,19.436554,19.206863,19.153755,19.136055,19.436554,19.189156,19.471832,19.189156,19.171471,18.994255,19.312950,18.709923,18.958771,19.100624,19.047462,18.834435,19.242241,18.994255,19.065178,19.047462,19.153755,18.674309,18.763306,18.442459,19.029732,18.887749,18.905502,18.709923,18.692123,18.976524,18.745514,18.549545,18.869980,18.549545,18.460312,19.082909,18.620857,18.709923,18.816666,18.460312,18.549545,18.549545,18.727722,18.923264,18.603035,18.656494,18.923264,18.460312,18.905502,18.496017,18.816666,18.958771,18.745514,18.709923,18.905502,18.585213,18.603035,18.370995,18.585213,18.585213,19.100624,18.567383,18.192039,18.941017,18.834435,18.496017,18.424599,18.567383,19.047462,18.674309,18.335236,18.781090,18.478165,18.424599,18.745514,18.816666,18.513863,18.299454,18.424599,18.478165,18.299454,18.299454,18.869980,18.674309,18.227867,18.388855,18.781090,18.620857,18.084496,18.281563,17.994759,18.585213,18.638680,18.192039,18.209953,18.066551,17.976807,17.940880,18.012718,17.904930,18.317345,18.156204,18.120361,18.102425,18.174133,18.335236,17.761002,18.317345,17.833000,17.742996,18.281563,18.335236,17.886955,17.922905,18.084496,17.815002,17.904930,17.958839,17.886955,18.353111,17.742996,17.634865,17.797005,17.110275,17.363930,17.273430,17.327736,17.273430,16.363075,16.399666,16.088081,16.234848,15.830643,15.849052,15.424561,15.090919,15.332008,15.183723,14.737404,14.867805,14.550774,14.793312,14.793312,14.345024,14.101280,14.811943,14.007355,14.138817,14.550774,14.382469,14.326302,14.044937,14.625465,14.138817,14.138817,14.007355,14.213860,14.157593,13.913338,14.195114,13.800392,13.649567,14.138817,13.555183,13.611824,13.838051,13.687294,13.687294,13.630692,13.913338,13.781540,13.687294,13.838051,13.555183,13.441788,13.800392,13.498497,13.517403,13.743858,13.214584,14.101280,13.762703,13.819221,13.781540,13.743858,13.668427,13.460693,13.988556,13.781540,13.932144,13.536285,13.309326,13.819221,13.856880,13.875710,13.611824,13.969765,13.574066,13.555183,13.762703,14.270103,13.649567,13.762703,13.800392,13.668427,14.213860,13.932144,13.894524,14.044937,13.913338,14.513397,14.063721,13.630692,13.687294,13.875710,14.176346,14.270103,13.819221,14.513397,14.513397,14.700096,15.035194,14.644127,14.886414,15.165176,14.998024,14.923637,15.590912,15.941071,16.253181,16.253181,16.234848,16.710136,16.618950,16.545914,16.582436,16.691910,16.691910,17.001335,17.019493,16.964989,16.874062,17.219078,16.837654,16.964989,17.309639,17.309639,17.616829,17.363930,17.436272,17.146553,17.055817,17.490471,17.418190,16.928627,17.073982,17.815002,17.418190,17.958839,17.544655,17.219078,17.779015,17.742996,17.400101,17.490471,17.616829,17.273430,17.526596,17.742996,17.886955,17.418190,17.526596,17.400101,16.710136,17.634865,17.779015,17.940880,17.706970,17.922905,17.904930,17.850990,17.688942,17.904930,17.886955,17.562698,17.544655,17.779015,17.815002,17.472412,17.544655,17.868965,17.761002,18.066551,18.102425,17.706970,17.724983,17.850990,17.706970,17.526596,17.724983,17.815002,17.652901,18.353111,17.779015,17.833000,17.850990,17.886955,17.833000,18.156204,18.138290,18.066551,17.761002,18.156204,17.815002,18.192039,17.688942,17.073982,17.688942,17.670921,17.958839,17.526596,17.994759,17.922905,17.255310,17.797005,17.418190,17.454338,17.562698,17.363930,17.237198,17.164696,17.146553,17.526596,17.490471,17.037659,17.580750,17.237198,16.874062,16.582436,16.892258,16.764816,16.454536,16.216530,15.977844,16.088081,15.867470,15.683197,15.313492,15.332008,14.737404,14.625465,14.998024,14.513397,14.625465,14.532082,14.270103,14.569450,14.195114,14.644127,14.867805,14.044937,14.867805,14.960838,14.288834,14.288834,14.849190,14.644127,14.195114,14.532082,14.718750,14.251350,14.157593,14.157593,13.743858,14.588127,14.419891,14.157593,14.270103,14.363747,13.838051,14.270103,14.793312,14.942238,13.969765,14.251350,13.969765,14.007355,14.382469,14.382469,13.913338,13.988556,14.307571,13.743858,13.233543,13.555183,13.781540,13.725006,13.592949,
16.271500,16.417961,17.454338,16.344765,16.545914,16.673668,17.037659,16.746590,17.291534,16.710136,16.545914,16.582436,16.892258,16.527649,16.417961,16.691910,16.509377,16.014603,16.179840,16.088081,16.271500,15.572441,16.088081,15.885872,15.664742,15.922668,16.234848,15.830643,15.738518,15.701637,16.014603,15.590912,15.517014,15.332008,14.960838,15.146614,15.109489,14.811943,15.128059,14.401184,14.942238,15.090919,14.718750,14.886414,14.625465,14.457298,14.700096,14.438606,14.532082,13.950951,14.157593,14.326302,13.988556,13.781540,14.213860,13.838051,13.630692,13.781540,13.347183,13.875710,13.762703,13.536285,13.819221,13.819221,14.063721,13.574066,13.555183,13.649567,13.706154,13.328255,13.555183,13.687294,13.290382,13.081795,13.611824,13.441788,13.081795,13.555183,13.290382,13.800392,13.271439,13.441788,13.460693,13.725006,13.687294,13.725006,13.875710,13.649567,13.460693,13.950951,13.649567,13.762703,13.743858,13.290382,13.649567,13.856880,13.913338,13.932144,14.176346,13.762703,13.517403,13.687294,13.875710,13.875710,14.195114,14.063721,14.157593,13.950951,13.913338,14.213860,14.326302,14.307571,14.195114,14.532082,14.326302,14.232613,14.326302,14.307571,14.382469,14.157593,15.035194,15.072350,15.109489,14.849190,14.905037,15.517014,15.406059,15.128059,15.424561,15.977844,15.959457,16.032974,15.941071,16.216530,16.363075,16.271500,16.363075,16.363075,16.983162,16.746590,16.691910,17.019493,16.801247,17.291534,16.655434,17.273430,17.363930,17.454338,17.850990,17.562698,17.598785,17.526596,17.544655,17.544655,17.652901,17.688942,17.634865,17.363930,17.400101,17.526596,17.327736,17.255310,17.779015,17.833000,18.012718,17.508537,18.245766,18.192039,18.138290,17.544655,18.209953,17.761002,18.263664,18.156204,18.174133,18.281563,17.994759,18.012718,18.192039,18.102425,18.281563,18.335236,18.335236,17.940880,18.299454,18.263664,18.424599,18.102425,18.012718,17.797005,18.638680,18.174133,18.048607,18.048607,18.209953,18.317345,18.513863,18.209953,18.299454,18.424599,18.478165,18.638680,18.388855,18.442459,18.745514,18.531708,18.781090,18.567383,18.674309,18.923264,18.958771,19.065178,18.905502,19.312950,19.295280,19.295280,19.206863,19.312950,19.118340,18.692123,19.047462,18.941017,19.383614,19.065178,19.153755,19.189156,19.065178,19.100624,19.436554,19.507095,19.806221,19.330627,19.788658,19.100624,19.206863,19.242241,19.277603,19.542351,19.118340,18.994255,19.189156,19.065178,19.065178,19.153755,19.312950,19.365944,19.100624,19.718353,19.630394,19.259926,19.295280,19.118340,19.029732,18.798882,19.418907,18.834435,18.994255,18.727722,18.852211,18.994255,18.692123,19.065178,18.869980,18.941017,18.549545,18.798882,18.781090,18.674309,18.994255,18.923264,18.763306,18.941017,18.478165,18.656494,18.692123,18.692123,18.335236,18.567383,18.905502,19.100624,19.082909,18.869980,18.905502,18.353111,18.478165,18.763306,18.478165,18.531708,18.460312,18.656494,19.065178,18.674309,18.656494,18.299454,18.869980,18.585213,18.388855,18.638680,18.887749,18.496017,18.692123,18.567383,18.745514,18.887749,18.692123,18.263664,18.549545,17.976807,18.335236,18.603035,18.603035,18.834435,19.029732,18.745514,18.692123,18.496017,18.531708,18.478165,18.620857,18.317345,18.353111,18.281563,18.388855,18.798882,18.406731,18.388855,17.922905,18.227867,18.209953,18.066551,18.496017,18.263664,18.281563,18.370995,18.478165,18.335236,18.120361,18.478165,18.227867,18.030663,18.263664,18.388855,18.335236,18.281563,17.958839,18.030663,17.761002,17.994759,18.353111,18.030663,17.868965,18.066551,17.291534,18.084496,18.120361,17.779015,17.616829,18.012718,17.904930,17.797005,17.616829,17.200951,17.526596,17.724983,17.544655,16.983162,17.291534,17.128418,17.182823,16.837654,16.454536,16.399666,16.271500,16.051353,15.922668,15.959457,15.720085,15.369041,15.072350,15.202286,15.294960,14.867805,14.513397,14.494698,14.793312,13.950951,15.016617,14.457298,14.213860,14.063721,14.588127,14.307571,14.138817,14.457298,14.026146,13.838051,14.157593,14.101280,14.044937,14.101280,13.385033,13.687294,13.838051,13.819221,13.592949,13.498497,14.401184,13.875710,13.347183,13.988556,13.706154,13.969765,13.630692,13.819221,13.743858,14.195114,14.026146,13.422867,13.913338,13.913338,13.743858,13.309326,13.366112,13.894524,13.574066,13.441788,13.555183,13.592949,13.743858,13.100769,13.555183,13.517403,13.988556,13.574066,13.800392,13.630692,13.649567,13.687294,14.457298,14.213860,13.687294,14.007355,13.743858,13.894524,13.913338,13.630692,13.743858,13.969765,14.007355,13.819221,13.819221,13.819221,13.536285,13.611824,14.120049,13.875710,14.157593,13.725006,14.401184,14.401184,14.494698,14.625465,14.476006,14.251350,14.756035,15.128059,15.313492,15.183723,15.885872,16.198189,15.812218,16.014603,16.014603,16.179840,16.491104,16.637184,16.399666,16.819458,16.746590,16.801247,17.164696,16.472824,17.580750,16.655434,17.110275,17.219078,17.164696,17.092117,16.618950,17.073982,17.309639,17.001335,17.345833,17.634865,17.382019,17.237198,17.418190,17.418190,17.382019,17.164696,17.382019,17.345833,17.400101,17.706970,17.562698,17.688942,17.418190,17.544655,17.454338,17.526596,17.327736,17.544655,17.382019,17.706970,17.634865,17.850990,18.030663,17.562698,17.815002,17.472412,17.544655,17.797005,17.580750,17.580750,17.815002,17.994759,17.797005,17.904930,17.526596,17.670921,17.508537,18.030663,17.886955,17.868965,17.544655,18.209953,17.797005,17.815002,18.030663,17.779015,17.940880,17.833000,18.531708,18.084496,17.904930,18.066551,17.886955,17.833000,17.634865,17.724983,17.761002,17.761002,17.904930,17.815002,17.994759,18.012718,17.922905,17.598785,17.994759,18.120361,17.363930,17.670921,17.868965,17.724983,17.850990,17.472412,17.146553,17.526596,17.815002,16.983162,17.436272,17.309639,17.562698,17.200951,17.146553,16.746590,17.382019,17.291534,17.164696,17.219078,17.345833,16.637184,16.509377,16.326462,16.564171,16.308144,15.885872,15.996223,15.959457,15.109489,15.146614,15.109489,14.588127,14.270103,14.960838,14.625465,15.146614,14.681450,14.849190,14.363747,14.662788,14.606796,14.213860,14.886414,14.849190,14.867805,14.942238,14.494698,14.737404,15.053780,14.457298,14.662788,14.382469,14.307571,14.457298,13.894524,14.979439,14.737404,14.569450,14.232613,14.382469,14.326302,14.307571,13.668427,14.345024,14.476006,14.606796,14.419891,14.476006,14.232613,13.913338,13.932144,13.969765,13.856880,14.774681,13.913338,13.687294,13.536285,13.630692,13.328255,
16.363075,16.801247,16.964989,17.055817,16.746590,16.198189,16.637184,16.691910,16.964989,17.219078,16.399666,16.874062,16.454536,16.946808,16.837654,16.801247,16.691910,16.308144,16.946808,16.436256,16.436256,16.051353,16.143143,15.775375,16.179840,15.812218,15.646294,15.646294,15.664742,15.849052,15.590912,15.553970,15.350533,15.332008,15.424561,15.183723,15.257896,15.257896,14.737404,15.183723,14.960838,14.662788,15.202286,14.588127,14.588127,14.307571,14.830566,14.532082,14.625465,14.232613,14.307571,14.756035,14.438606,14.251350,14.288834,13.950951,14.063721,14.120049,13.498497,14.063721,13.781540,13.762703,13.687294,13.574066,13.403954,13.668427,13.687294,13.536285,13.875710,13.271439,13.687294,13.838051,13.800392,13.422867,13.536285,13.592949,14.120049,13.328255,13.838051,13.460693,13.706154,13.328255,13.781540,13.969765,14.120049,13.649567,13.517403,13.517403,13.913338,13.894524,13.611824,13.706154,13.838051,13.611824,13.838051,13.969765,13.479599,13.574066,14.307571,13.856880,13.932144,14.101280,14.550774,14.401184,14.382469,13.988556,14.363747,14.138817,14.007355,14.532082,14.513397,14.401184,14.270103,14.101280,14.588127,14.195114,14.774681,14.419891,14.157593,14.588127,14.363747,14.960838,15.387550,15.480049,15.332008,15.183723,15.276436,15.146614,15.646294,15.738518,15.609375,15.849052,15.996223,15.738518,16.106438,16.710136,16.527649,16.637184,16.509377,16.874062,17.019493,16.783035,17.092117,16.710136,17.472412,17.237198,17.164696,17.200951,17.255310,17.688942,16.964989,17.634865,17.291534,17.472412,17.490471,17.688942,17.418190,17.742996,17.742996,17.508537,17.742996,17.309639,17.490471,17.868965,17.616829,17.994759,17.833000,17.761002,18.048607,17.976807,18.192039,17.544655,18.245766,18.299454,18.102425,18.281563,17.779015,17.797005,18.048607,17.958839,18.209953,18.030663,18.030663,18.353111,18.102425,18.281563,18.066551,18.245766,18.638680,18.192039,18.603035,18.370995,18.496017,18.066551,17.779015,18.120361,18.030663,18.174133,18.478165,18.442459,18.567383,18.317345,18.513863,18.388855,18.567383,18.727722,18.816666,18.692123,18.692123,18.816666,19.153755,18.567383,18.852211,19.259926,19.454201,18.976524,19.206863,19.047462,19.171471,19.136055,19.348289,18.763306,19.242241,19.118340,19.153755,18.958771,19.612793,19.436554,19.118340,19.259926,19.206863,19.100624,19.348289,19.242241,18.958771,19.206863,19.418907,19.136055,19.153755,19.206863,19.401253,19.189156,19.118340,19.471832,19.277603,18.976524,19.242241,19.118340,19.065178,19.082909,19.242241,19.365944,19.277603,19.153755,19.277603,18.887749,18.513863,18.869980,18.976524,18.852211,18.923264,18.887749,18.905502,18.763306,18.763306,18.638680,18.834435,18.994255,18.460312,19.242241,18.745514,18.709923,18.496017,18.834435,19.100624,18.727722,18.620857,18.567383,18.692123,18.370995,18.496017,18.478165,18.834435,18.567383,18.406731,18.692123,18.638680,18.887749,18.567383,18.531708,18.370995,18.549545,18.923264,18.887749,18.763306,18.656494,18.353111,18.745514,18.798882,18.245766,18.656494,18.585213,19.029732,18.442459,18.406731,18.406731,18.531708,18.603035,18.656494,18.549545,18.763306,18.798882,18.852211,18.603035,18.620857,18.245766,18.656494,18.245766,18.192039,18.227867,18.156204,18.798882,18.209953,18.353111,18.370995,18.317345,18.460312,18.227867,18.281563,18.174133,18.513863,18.335236,18.388855,18.353111,18.442459,18.048607,18.763306,18.317345,18.424599,18.138290,18.066551,18.370995,17.850990,18.120361,18.138290,17.994759,18.030663,17.833000,17.994759,17.472412,17.994759,18.227867,17.922905,18.227867,18.030663,17.994759,17.779015,17.976807,17.868965,17.833000,17.544655,17.761002,17.436272,17.219078,17.164696,17.309639,17.237198,17.092117,17.255310,16.892258,16.892258,16.014603,16.308144,15.812218,15.849052,15.627831,15.646294,15.369041,15.165176,14.998024,14.942238,14.756035,14.811943,14.569450,14.288834,14.886414,14.288834,14.213860,14.662788,14.063721,14.157593,14.251350,14.063721,14.101280,13.969765,14.026146,14.138817,14.026146,14.138817,14.082504,13.630692,14.307571,13.574066,13.592949,13.762703,13.781540,13.819221,13.574066,13.706154,13.366112,13.969765,13.536285,13.441788,13.498497,13.668427,13.800392,13.668427,13.913338,13.725006,13.743858,14.101280,13.706154,13.725006,13.856880,13.347183,13.687294,13.385033,13.894524,14.063721,13.875710,13.743858,13.762703,13.762703,13.630692,14.007355,13.838051,13.725006,13.668427,14.157593,14.157593,13.856880,13.988556,13.498497,13.875710,14.026146,13.668427,13.856880,14.588127,13.856880,13.498497,13.762703,14.063721,14.251350,14.026146,13.743858,13.969765,13.856880,14.213860,14.382469,14.700096,14.830566,14.213860,14.830566,14.644127,14.923637,14.550774,15.387550,14.886414,15.572441,15.720085,15.959457,16.198189,15.885872,16.271500,16.179840,16.509377,16.417961,16.491104,16.892258,16.910439,17.092117,17.436272,17.309639,16.910439,17.562698,17.146553,17.200951,16.928627,17.436272,17.219078,17.073982,16.326462,16.801247,17.544655,17.490471,17.418190,17.724983,17.382019,17.544655,17.146553,17.544655,17.761002,17.526596,17.688942,17.526596,17.490471,18.030663,17.526596,17.562698,17.815002,17.472412,17.327736,17.580750,17.544655,17.797005,17.634865,17.688942,17.706970,17.706970,17.634865,17.940880,17.345833,17.670921,17.833000,17.544655,17.670921,17.562698,17.886955,17.833000,17.833000,17.815002,17.688942,18.030663,17.904930,18.048607,17.779015,17.309639,17.994759,18.299454,18.138290,17.994759,17.904930,17.562698,18.048607,18.084496,18.192039,18.317345,17.724983,18.048607,17.598785,17.706970,17.797005,17.182823,17.490471,17.940880,18.138290,17.958839,17.976807,17.526596,18.102425,17.508537,18.102425,17.363930,18.066551,18.048607,17.472412,17.724983,17.526596,17.815002,17.219078,17.237198,17.688942,17.634865,17.400101,17.400101,17.219078,17.309639,17.001335,17.345833,17.073982,17.001335,17.073982,16.710136,16.673668,16.527649,16.198189,16.326462,15.996223,16.124794,15.239365,15.590912,15.035194,15.350533,14.532082,14.998024,14.532082,14.960838,14.700096,14.979439,14.176346,14.606796,14.363747,14.625465,14.644127,14.532082,14.401184,14.588127,15.072350,14.811943,14.737404,14.270103,14.288834,14.232613,14.513397,14.401184,14.270103,14.176346,14.326302,14.195114,13.894524,14.176346,14.382469,14.307571,13.913338,14.718750,13.913338,14.326302,13.932144,14.007355,14.082504,14.157593,13.555183,14.044937,14.232613,13.950951,13.762703,13.725006,13.649567,13.366112,12.834679,
16.600693,15.977844,16.363075,17.128418,16.655434,16.454536,16.746590,16.655434,16.983162,16.436256,16.509377,16.910439,16.454536,16.491104,16.600693,16.509377,16.234848,16.363075,16.472824,16.472824,16.728371,16.746590,15.996223,16.289825,16.326462,15.720085,16.032974,15.867470,15.146614,15.387550,15.443062,15.590912,15.406059,14.998024,15.461563,15.257896,15.627831,14.662788,15.035194,15.294960,15.016617,14.737404,14.867805,14.718750,14.718750,14.532082,14.288834,14.476006,14.363747,14.270103,14.251350,13.743858,13.536285,14.513397,13.536285,13.913338,13.969765,13.838051,13.819221,13.800392,13.498497,13.517403,13.969765,13.574066,13.422867,13.725006,13.479599,13.479599,13.479599,14.082504,12.948814,13.649567,13.403954,13.441788,13.536285,13.422867,13.856880,13.555183,13.100769,13.743858,13.743858,13.988556,14.007355,13.347183,13.479599,13.875710,13.630692,13.630692,13.800392,13.536285,13.555183,13.725006,13.894524,14.044937,14.026146,13.932144,14.382469,13.988556,13.743858,14.082504,14.063721,13.894524,14.063721,14.213860,14.326302,13.555183,14.438606,13.838051,13.856880,14.082504,13.856880,14.345024,14.251350,14.476006,14.157593,14.288834,14.232613,14.419891,14.513397,15.035194,15.128059,14.606796,15.202286,14.756035,15.646294,14.942238,15.627831,15.461563,15.294960,15.517014,16.179840,15.553970,16.106438,16.381371,16.326462,16.491104,16.600693,16.655434,16.527649,16.874062,17.001335,16.655434,17.001335,17.146553,17.237198,17.598785,17.219078,17.634865,17.598785,17.454338,17.580750,17.345833,17.508537,17.761002,17.363930,17.706970,17.418190,17.544655,17.706970,17.544655,17.508537,17.652901,17.706970,17.309639,17.779015,17.779015,18.209953,17.850990,18.209953,17.922905,18.209953,17.580750,18.245766,17.850990,17.976807,17.994759,18.209953,18.156204,17.850990,18.245766,18.424599,18.156204,18.245766,17.958839,18.192039,18.370995,18.478165,18.156204,18.370995,17.958839,18.692123,17.634865,18.263664,18.174133,18.335236,18.084496,18.245766,18.709923,18.709923,18.353111,18.335236,18.299454,18.478165,18.816666,19.277603,18.994255,19.242241,18.763306,18.745514,18.834435,18.834435,18.745514,18.869980,18.620857,19.118340,19.259926,19.365944,18.923264,19.295280,19.047462,19.206863,18.816666,19.065178,18.994255,19.753517,19.118340,19.136055,19.171471,18.852211,19.118340,19.383614,18.976524,19.612793,19.542351,18.941017,19.401253,19.436554,19.189156,18.976524,18.442459,19.206863,19.277603,18.994255,19.136055,19.683189,19.206863,19.259926,19.047462,18.869980,19.100624,18.976524,19.153755,18.798882,19.153755,18.994255,18.656494,18.941017,18.513863,18.905502,19.189156,18.674309,18.727722,18.941017,19.100624,18.674309,18.763306,18.513863,18.994255,18.958771,18.887749,18.727722,18.869980,18.834435,18.585213,19.153755,18.834435,18.656494,18.709923,18.781090,18.531708,18.941017,18.852211,18.905502,18.976524,18.798882,18.513863,18.781090,18.692123,18.496017,18.227867,18.709923,18.442459,18.923264,18.923264,18.852211,18.958771,18.763306,18.834435,19.171471,18.656494,18.478165,18.781090,18.852211,18.496017,18.531708,18.513863,18.745514,18.709923,18.460312,18.460312,18.656494,18.353111,18.763306,18.442459,18.994255,18.478165,18.834435,18.442459,18.585213,18.549545,18.620857,18.156204,18.263664,18.513863,18.174133,17.833000,18.531708,18.030663,18.048607,18.603035,18.209953,18.138290,18.245766,17.958839,18.692123,18.299454,18.174133,18.299454,18.030663,18.299454,18.370995,17.742996,18.084496,17.761002,18.335236,18.066551,17.940880,18.066551,18.138290,18.048607,18.120361,17.652901,17.706970,17.994759,18.317345,18.048607,17.724983,17.490471,18.030663,17.670921,17.562698,17.255310,17.761002,17.327736,17.345833,17.382019,17.092117,16.946808,16.946808,17.454338,17.182823,16.545914,16.381371,15.812218,16.088081,15.977844,15.756950,15.128059,15.146614,14.867805,14.867805,14.550774,14.625465,14.419891,14.307571,14.979439,14.044937,14.232613,14.101280,14.101280,13.950951,14.326302,14.157593,14.550774,14.345024,13.856880,14.138817,13.913338,14.457298,14.007355,13.819221,13.687294,13.932144,13.762703,13.649567,13.668427,13.800392,13.875710,14.138817,14.007355,13.781540,13.838051,13.913338,13.555183,13.969765,13.781540,13.536285,13.233543,13.950951,13.894524,13.536285,13.743858,13.743858,13.592949,13.479599,13.498497,13.932144,13.762703,13.517403,13.668427,13.725006,13.422867,13.875710,14.044937,13.781540,14.195114,13.687294,13.894524,14.288834,13.913338,14.082504,13.687294,14.044937,13.668427,14.176346,13.819221,13.894524,13.894524,13.894524,14.438606,14.232613,14.120049,13.932144,14.044937,14.382469,14.082504,14.157593,13.856880,14.270103,13.932144,14.700096,14.401184,14.905037,14.662788,15.183723,14.811943,15.257896,15.072350,15.128059,15.332008,16.032974,15.849052,16.344765,16.417961,16.564171,16.509377,16.928627,16.179840,16.892258,16.472824,17.019493,17.164696,17.255310,16.928627,17.309639,16.691910,17.562698,17.055817,17.164696,17.146553,17.291534,17.128418,17.508537,17.580750,17.779015,17.634865,17.652901,17.688942,17.652901,17.309639,17.092117,17.237198,17.327736,17.200951,17.670921,17.724983,17.815002,18.066551,17.526596,17.688942,17.598785,17.598785,17.779015,17.634865,17.436272,17.562698,17.634865,17.833000,17.742996,17.273430,17.598785,17.454338,17.472412,17.706970,17.815002,18.084496,17.544655,17.850990,17.742996,17.580750,17.833000,17.706970,17.526596,17.688942,17.815002,18.120361,17.815002,17.904930,18.012718,17.580750,17.994759,17.815002,17.994759,17.616829,17.994759,18.174133,18.120361,18.798882,18.335236,17.634865,18.102425,18.424599,17.976807,18.353111,17.922905,18.156204,18.102425,17.742996,17.598785,18.120361,18.102425,17.652901,17.688942,17.815002,17.833000,17.562698,17.779015,17.182823,17.724983,17.580750,17.562698,17.255310,17.273430,17.019493,17.544655,17.182823,17.273430,16.472824,16.764816,16.545914,17.073982,16.964989,16.874062,16.527649,17.001335,15.849052,15.959457,16.143143,15.922668,15.035194,15.369041,15.239365,15.183723,14.494698,14.625465,14.625465,14.195114,14.681450,14.867805,14.756035,14.942238,14.774681,14.811943,13.988556,14.644127,14.867805,14.811943,14.849190,14.942238,14.307571,13.988556,14.662788,13.819221,14.044937,14.345024,14.044937,13.969765,14.026146,14.737404,14.326302,14.270103,14.550774,14.044937,13.969765,14.232613,13.706154,13.838051,14.700096,14.138817,13.762703,14.063721,14.120049,14.101280,14.625465,13.536285,13.441788,14.044937,13.536285,13.668427,13.233543,
15.627831,16.326462,16.837654,16.874062,16.637184,16.381371,17.001335,16.198189,16.564171,16.582436,16.124794,16.855865,16.582436,16.855865,16.892258,15.977844,16.069710,16.764816,16.454536,16.381371,15.830643,16.892258,16.051353,16.381371,16.399666,15.480049,15.977844,16.069710,15.720085,15.424561,15.535500,15.053780,15.904274,15.183723,15.646294,14.867805,15.183723,14.942238,15.128059,15.332008,14.942238,14.662788,14.644127,14.662788,14.681450,14.774681,14.756035,14.176346,14.532082,14.363747,14.401184,14.195114,13.800392,13.725006,14.176346,13.536285,13.687294,13.460693,13.894524,13.592949,13.498497,13.555183,13.781540,13.781540,13.762703,13.385033,13.630692,13.290382,13.517403,13.271439,13.762703,13.781540,13.214584,13.592949,13.838051,13.195625,13.875710,13.328255,13.706154,13.422867,14.063721,13.687294,13.498497,13.366112,13.819221,13.328255,13.687294,13.517403,13.649567,13.838051,13.950951,13.347183,13.781540,13.536285,13.422867,14.138817,13.649567,13.649567,14.026146,13.913338,13.762703,13.762703,13.875710,14.138817,14.120049,13.838051,14.101280,14.363747,13.950951,14.438606,14.120049,14.157593,14.476006,14.363747,14.120049,14.138817,14.438606,13.781540,14.494698,14.363747,14.737404,14.905037,14.886414,14.662788,15.035194,14.606796,14.867805,15.590912,15.387550,15.664742,16.198189,15.922668,16.106438,15.904274,16.271500,16.710136,16.618950,16.381371,16.710136,16.874062,16.746590,16.801247,17.237198,16.855865,17.345833,17.436272,17.327736,17.219078,17.273430,17.562698,17.327736,17.255310,17.779015,17.526596,17.797005,17.886955,17.291534,17.652901,17.688942,17.598785,17.724983,17.761002,17.922905,17.779015,17.779015,18.263664,18.174133,18.030663,18.066551,18.317345,17.742996,18.120361,18.192039,17.833000,17.868965,18.120361,17.904930,17.580750,17.976807,18.227867,18.120361,17.815002,18.388855,17.833000,18.012718,18.030663,18.263664,18.227867,18.281563,18.692123,18.388855,18.174133,18.299454,17.976807,18.138290,18.066551,18.763306,18.549545,18.620857,18.585213,18.406731,18.834435,18.317345,18.513863,18.923264,18.496017,18.442459,18.869980,18.976524,19.206863,18.976524,18.994255,19.065178,19.065178,18.531708,18.816666,19.295280,18.798882,18.798882,18.869980,19.330627,19.206863,18.852211,18.976524,19.559967,18.834435,18.958771,19.118340,19.312950,19.206863,19.065178,19.418907,19.401253,18.994255,19.436554,19.065178,19.348289,19.559967,19.206863,19.153755,19.206863,18.887749,19.189156,19.118340,19.082909,19.189156,18.976524,18.816666,19.295280,19.171471,19.100624,19.136055,18.923264,18.834435,19.471832,18.834435,18.994255,19.100624,18.941017,18.549545,18.905502,19.100624,18.852211,18.816666,18.994255,18.816666,18.709923,18.692123,18.620857,18.923264,18.852211,18.745514,18.816666,18.816666,18.834435,18.745514,19.242241,18.994255,18.958771,18.406731,18.834435,18.531708,18.781090,18.887749,18.442459,18.905502,18.478165,18.745514,18.656494,18.478165,18.798882,18.478165,18.585213,18.370995,19.118340,18.709923,18.763306,18.656494,18.353111,18.958771,18.513863,18.638680,18.424599,18.798882,18.460312,18.692123,18.549545,18.567383,19.189156,18.299454,18.603035,18.513863,18.709923,18.442459,18.852211,18.869980,18.781090,18.442459,18.478165,18.138290,18.460312,18.245766,18.317345,18.620857,18.496017,17.886955,18.335236,18.156204,18.513863,18.102425,18.281563,18.066551,18.620857,18.120361,18.656494,18.353111,18.603035,18.066551,17.976807,18.120361,18.317345,18.048607,18.084496,17.922905,18.424599,18.299454,18.299454,18.335236,17.976807,18.120361,17.868965,17.940880,17.994759,18.156204,17.886955,18.048607,18.120361,17.779015,17.904930,17.850990,17.598785,17.634865,17.742996,17.706970,17.273430,17.598785,17.255310,17.200951,17.110275,16.892258,16.527649,16.198189,16.399666,16.271500,16.088081,16.088081,15.572441,15.202286,15.646294,15.424561,14.886414,15.109489,14.905037,14.737404,14.476006,14.494698,14.662788,14.232613,14.307571,14.307571,14.326302,14.401184,14.494698,14.438606,14.082504,13.706154,14.157593,14.044937,13.950951,13.819221,13.574066,14.157593,13.706154,13.913338,13.649567,13.800392,13.366112,13.913338,13.762703,14.251350,13.969765,13.687294,13.592949,13.517403,14.251350,13.498497,13.762703,13.536285,13.894524,13.875710,13.969765,13.555183,13.611824,14.101280,14.044937,13.706154,13.781540,13.668427,13.875710,13.668427,13.725006,13.819221,13.950951,13.498497,13.819221,14.007355,13.517403,14.082504,13.875710,13.913338,13.498497,13.479599,13.743858,13.913338,13.592949,13.611824,13.838051,13.800392,14.138817,13.932144,13.781540,13.950951,14.270103,13.969765,14.063721,14.326302,14.213860,13.856880,13.800392,14.345024,14.532082,14.176346,14.532082,14.756035,14.718750,15.016617,14.625465,15.646294,15.701637,15.443062,15.867470,15.849052,16.344765,16.417961,16.344765,16.801247,16.417961,16.618950,16.874062,17.219078,16.728371,17.255310,16.928627,17.110275,16.855865,16.910439,16.964989,17.255310,17.237198,17.110275,17.345833,17.200951,17.219078,17.273430,17.490471,17.580750,17.345833,17.580750,17.309639,17.652901,17.436272,17.128418,17.994759,17.219078,17.742996,17.562698,17.797005,17.400101,17.472412,17.237198,17.472412,17.327736,16.928627,17.182823,17.779015,17.688942,17.940880,17.688942,17.327736,17.779015,18.138290,17.616829,17.976807,17.976807,17.670921,17.797005,17.742996,17.850990,17.634865,18.281563,17.940880,17.544655,18.048607,18.209953,17.670921,17.724983,18.012718,17.904930,17.670921,17.706970,17.940880,17.815002,17.761002,18.406731,17.544655,18.370995,17.976807,17.868965,17.598785,18.084496,18.030663,17.922905,17.976807,17.904930,17.761002,17.761002,17.922905,18.030663,17.833000,17.994759,17.779015,17.850990,17.815002,17.580750,17.724983,17.418190,17.850990,17.724983,17.418190,17.850990,17.508537,17.616829,16.983162,17.994759,17.291534,17.382019,17.128418,17.742996,16.728371,17.001335,17.382019,16.564171,16.801247,16.527649,16.600693,16.271500,16.344765,16.032974,15.646294,15.257896,15.424561,15.332008,14.345024,15.072350,14.923637,15.035194,14.737404,14.326302,14.923637,14.569450,14.923637,14.905037,15.498535,14.494698,14.550774,14.569450,14.700096,14.550774,14.251350,14.811943,14.307571,14.494698,14.345024,14.270103,14.606796,14.830566,14.044937,14.401184,13.894524,14.288834,14.063721,14.044937,14.270103,13.838051,14.457298,14.270103,14.438606,14.138817,14.044937,13.819221,14.157593,13.969765,13.649567,13.592949,13.932144,14.232613,14.063721,14.063721,13.592949,12.891754,
15.146614,16.600693,16.673668,17.001335,16.964989,16.983162,16.837654,16.673668,16.600693,17.219078,16.363075,16.946808,16.417961,16.289825,16.344765,16.509377,16.454536,16.344765,15.941071,16.271500,16.198189,15.720085,16.088081,15.904274,16.198189,16.161499,15.849052,15.812218,15.941071,15.535500,16.124794,15.276436,15.461563,14.886414,15.424561,15.443062,15.053780,14.960838,15.627831,15.090919,14.867805,14.830566,15.053780,14.625465,14.513397,14.532082,14.457298,14.494698,14.438606,14.288834,14.082504,13.950951,14.176346,14.232613,14.288834,14.476006,14.026146,13.838051,13.838051,13.574066,13.385033,13.517403,13.611824,13.536285,13.630692,14.026146,13.630692,13.233543,13.252487,13.574066,13.781540,13.592949,13.819221,13.271439,13.138725,13.385033,13.687294,13.781540,13.517403,13.762703,13.743858,13.592949,13.743858,13.517403,14.044937,13.347183,13.800392,13.838051,14.082504,13.574066,13.706154,13.668427,13.725006,13.649567,13.574066,13.988556,13.611824,13.630692,13.706154,14.101280,13.819221,14.176346,13.687294,13.706154,13.932144,14.101280,14.345024,14.195114,13.950951,14.251350,14.382469,14.588127,14.157593,14.026146,14.307571,14.307571,14.101280,14.419891,14.307571,14.232613,14.588127,15.183723,14.737404,15.165176,14.793312,14.588127,15.461563,15.146614,15.480049,15.830643,16.234848,16.014603,16.179840,16.363075,16.436256,16.271500,16.783035,16.837654,16.600693,16.691910,17.001335,17.037659,17.454338,17.092117,17.092117,17.363930,17.562698,17.363930,17.073982,17.345833,17.327736,17.761002,17.436272,17.237198,17.454338,17.779015,17.580750,17.670921,17.976807,17.472412,17.833000,17.976807,17.724983,17.309639,17.742996,17.562698,18.084496,18.066551,18.156204,18.030663,17.922905,17.761002,18.424599,18.156204,18.066551,18.030663,18.406731,18.209953,18.048607,18.012718,18.317345,18.066551,18.048607,17.797005,18.084496,18.299454,18.263664,18.388855,18.192039,18.478165,18.585213,18.442459,18.531708,17.976807,18.531708,18.138290,18.209953,18.478165,18.656494,18.353111,18.656494,18.549545,18.513863,18.496017,18.869980,18.727722,18.709923,18.585213,18.656494,18.816666,18.941017,19.029732,19.489464,19.082909,18.958771,18.958771,19.011993,19.029732,18.869980,19.047462,19.011993,19.011993,19.065178,19.189156,19.136055,19.224541,19.047462,19.242241,19.401253,19.171471,19.700775,19.242241,19.559967,18.994255,19.365944,19.189156,19.011993,19.295280,19.348289,19.242241,19.542351,19.100624,19.295280,18.941017,19.277603,19.171471,18.958771,19.029732,19.029732,19.082909,18.958771,18.994255,18.887749,18.941017,18.923264,18.852211,18.798882,18.603035,18.798882,18.478165,18.638680,18.656494,18.923264,18.620857,18.263664,18.370995,19.259926,18.887749,18.692123,19.100624,18.816666,18.905502,18.638680,18.816666,19.011993,18.549545,19.011993,18.620857,18.567383,18.549545,18.798882,18.460312,18.567383,18.692123,18.388855,18.531708,18.603035,18.549545,18.656494,18.638680,18.905502,18.585213,18.567383,18.638680,18.976524,18.388855,19.065178,18.460312,18.406731,18.406731,18.763306,18.192039,18.335236,18.478165,18.869980,18.549545,18.976524,18.638680,18.656494,18.674309,18.406731,18.406731,18.567383,18.513863,18.923264,18.763306,18.531708,18.442459,18.531708,18.048607,18.335236,18.513863,18.442459,18.156204,18.406731,18.603035,18.798882,18.030663,18.424599,18.638680,18.406731,18.406731,18.603035,18.335236,18.353111,18.388855,18.227867,18.370995,18.084496,18.102425,18.353111,17.761002,18.192039,18.299454,18.460312,18.209953,18.388855,18.120361,17.797005,17.652901,18.227867,18.174133,18.030663,18.048607,18.102425,18.102425,17.868965,17.616829,18.030663,17.886955,17.544655,17.616829,17.815002,17.418190,17.200951,17.273430,17.273430,17.255310,17.037659,16.728371,16.509377,16.491104,16.344765,16.527649,16.271500,15.498535,15.646294,15.332008,15.146614,14.849190,15.128059,14.662788,14.811943,14.644127,14.251350,14.960838,14.326302,14.270103,14.457298,14.026146,14.176346,14.007355,14.270103,14.026146,13.856880,13.574066,14.195114,14.195114,14.026146,13.969765,14.382469,13.875710,14.026146,13.781540,14.026146,13.630692,13.969765,13.969765,13.385033,13.819221,13.913338,13.668427,13.706154,13.969765,13.932144,13.781540,13.913338,13.800392,13.630692,13.592949,13.988556,13.838051,13.441788,14.007355,13.781540,14.026146,13.950951,13.649567,13.894524,13.649567,13.176659,13.950951,13.875710,14.082504,13.838051,13.856880,14.044937,13.819221,13.800392,13.725006,13.611824,13.950951,13.725006,13.630692,13.743858,13.725006,14.063721,13.252487,13.894524,14.007355,13.894524,13.875710,14.157593,14.007355,14.513397,14.662788,13.649567,14.157593,14.345024,14.363747,14.718750,14.476006,14.942238,14.979439,15.072350,14.886414,15.627831,15.313492,15.424561,15.646294,16.069710,16.051353,16.491104,15.941071,16.271500,16.491104,16.673668,16.946808,16.289825,16.728371,16.892258,16.746590,17.019493,16.964989,17.327736,17.128418,17.327736,17.182823,17.345833,17.616829,16.637184,17.382019,17.309639,17.598785,17.400101,17.182823,17.219078,17.200951,17.200951,17.382019,17.309639,17.418190,17.670921,17.273430,17.418190,17.418190,17.797005,17.128418,17.382019,17.418190,17.219078,17.940880,17.472412,17.742996,17.382019,17.652901,17.868965,17.815002,17.670921,17.598785,17.616829,17.454338,17.706970,17.363930,17.200951,17.797005,17.580750,17.761002,17.761002,17.886955,18.012718,17.833000,17.940880,18.442459,18.102425,18.084496,17.994759,17.797005,18.030663,17.976807,18.048607,17.886955,18.012718,18.120361,17.922905,17.815002,17.922905,17.886955,18.156204,17.454338,17.761002,17.940880,18.120361,17.904930,18.156204,18.048607,18.317345,17.616829,17.850990,17.616829,17.724983,17.904930,17.742996,17.761002,17.724983,17.454338,17.255310,17.508537,17.327736,17.436272,16.819458,17.472412,17.562698,17.164696,17.724983,16.983162,17.436272,17.164696,16.928627,16.637184,16.946808,16.801247,16.783035,16.271500,15.996223,16.691910,16.216530,16.069710,15.535500,15.165176,14.793312,14.979439,14.588127,14.681450,14.494698,14.942238,14.513397,14.737404,14.419891,14.700096,14.625465,14.550774,14.606796,14.532082,14.513397,14.363747,14.756035,14.063721,14.644127,14.026146,14.588127,14.270103,14.363747,14.251350,14.157593,14.251350,14.251350,14.588127,14.120049,14.176346,14.307571,14.044937,14.026146,13.875710,14.082504,14.476006,13.913338,13.762703,14.007355,14.082504,14.345024,13.592949,14.606796,13.762703,13.498497,14.176346,13.913338,14.082504,13.460693,13.271439,
16.216530,16.655434,16.691910,17.146553,16.509377,16.399666,16.691910,16.417961,16.855865,17.001335,16.764816,16.691910,16.436256,16.783035,16.271500,16.198189,16.600693,16.691910,16.161499,16.527649,16.381371,16.124794,16.491104,16.436256,15.756950,15.830643,15.959457,15.313492,15.885872,15.535500,15.627831,15.517014,15.775375,15.590912,15.553970,15.590912,14.774681,15.109489,15.146614,14.644127,15.183723,14.905037,14.793312,14.457298,14.811943,14.494698,14.232613,14.232613,14.251350,14.662788,14.419891,14.232613,14.251350,14.176346,13.479599,13.988556,13.988556,14.138817,13.781540,14.213860,13.574066,13.838051,14.176346,13.498497,13.574066,13.725006,13.328255,13.706154,13.668427,13.195625,13.856880,13.781540,13.913338,13.328255,13.195625,13.668427,13.856880,13.347183,13.950951,13.555183,13.555183,13.649567,13.781540,13.498497,13.536285,13.706154,13.800392,13.536285,13.875710,13.838051,13.988556,13.592949,13.875710,13.781540,14.063721,14.138817,13.988556,13.743858,14.401184,13.762703,13.950951,14.007355,13.743858,14.063721,13.875710,14.288834,13.932144,13.988556,14.307571,13.875710,14.044937,14.138817,14.232613,14.326302,14.026146,14.737404,14.774681,14.026146,14.774681,14.307571,15.146614,14.979439,15.313492,14.998024,15.294960,14.849190,15.146614,15.609375,15.683197,16.014603,15.904274,15.461563,16.069710,16.014603,16.198189,16.216530,16.326462,16.289825,16.673668,16.527649,16.874062,16.946808,17.309639,16.837654,17.128418,17.544655,17.019493,17.454338,17.598785,17.850990,18.030663,18.030663,17.345833,17.815002,17.327736,17.237198,17.363930,17.779015,17.706970,17.616829,17.724983,17.670921,17.724983,17.562698,18.317345,17.724983,18.335236,17.994759,17.922905,18.084496,18.209953,18.174133,18.120361,18.227867,18.084496,18.370995,18.084496,17.652901,18.209953,18.424599,18.388855,17.904930,18.174133,18.299454,18.102425,18.066551,18.317345,18.174133,18.513863,18.227867,18.245766,18.048607,18.638680,18.156204,18.317345,18.478165,18.209953,18.496017,18.263664,18.745514,18.709923,18.638680,18.763306,18.763306,18.209953,19.118340,19.242241,18.763306,18.816666,18.887749,19.206863,18.887749,18.869980,18.549545,19.100624,18.692123,18.709923,19.011993,19.100624,19.047462,18.994255,18.994255,19.277603,19.029732,19.206863,19.011993,19.100624,19.029732,18.958771,19.348289,19.206863,19.029732,19.454201,19.242241,19.436554,19.189156,19.224541,18.887749,19.206863,18.976524,19.295280,19.259926,19.136055,19.153755,18.834435,18.869980,19.489464,19.047462,19.029732,18.887749,18.976524,19.065178,19.047462,18.834435,18.994255,18.994255,19.029732,18.620857,18.603035,18.388855,18.692123,18.976524,18.834435,18.745514,18.834435,18.763306,18.531708,19.029732,18.816666,18.709923,19.189156,19.153755,18.798882,18.745514,19.436554,18.656494,19.277603,18.816666,18.905502,18.781090,19.153755,18.745514,18.656494,18.869980,18.513863,18.816666,18.531708,18.638680,18.585213,18.496017,18.496017,19.029732,18.781090,18.531708,18.798882,19.047462,18.638680,18.620857,18.406731,18.585213,18.709923,18.585213,18.852211,18.781090,18.585213,19.100624,18.834435,18.585213,18.496017,18.567383,18.370995,18.727722,18.424599,18.531708,18.745514,18.442459,18.478165,18.531708,18.531708,18.513863,18.388855,18.549545,18.335236,18.424599,18.816666,18.353111,18.335236,18.138290,18.424599,18.209953,18.442459,18.727722,18.513863,18.335236,18.156204,18.781090,18.281563,18.531708,18.478165,18.513863,18.227867,18.424599,18.424599,17.904930,18.048607,18.281563,17.958839,17.922905,18.066551,18.138290,18.174133,17.815002,18.048607,17.868965,17.886955,18.388855,18.209953,18.030663,18.084496,18.012718,17.833000,17.616829,17.850990,17.382019,17.634865,16.983162,17.255310,17.472412,16.874062,16.637184,16.801247,16.728371,15.959457,15.701637,16.032974,15.387550,15.220818,15.590912,15.146614,14.681450,15.220818,15.165176,14.979439,14.867805,14.363747,14.307571,14.532082,14.494698,14.345024,14.326302,13.950951,14.774681,14.213860,14.550774,14.326302,14.044937,14.644127,14.251350,13.668427,14.138817,14.044937,13.913338,14.063721,13.630692,13.725006,13.592949,14.363747,13.725006,13.630692,13.592949,13.725006,13.555183,13.988556,13.950951,14.176346,13.574066,14.063721,14.026146,13.479599,13.762703,14.195114,13.687294,13.725006,13.347183,14.044937,13.611824,13.875710,13.725006,13.611824,13.460693,13.366112,13.894524,13.725006,13.233543,14.120049,13.913338,14.007355,14.044937,14.157593,13.725006,13.725006,14.101280,14.026146,13.630692,14.007355,13.687294,13.800392,13.856880,13.800392,14.063721,13.725006,14.232613,13.875710,14.251350,14.251350,14.213860,14.438606,14.232613,14.120049,14.382469,14.662788,14.457298,14.588127,14.979439,14.886414,15.035194,14.923637,15.257896,15.406059,15.443062,16.032974,15.885872,15.941071,15.922668,16.088081,16.417961,16.344765,16.964989,17.001335,16.710136,16.837654,17.255310,17.164696,16.928627,17.001335,16.874062,17.128418,17.092117,17.001335,17.544655,17.508537,17.363930,17.219078,17.363930,17.670921,17.526596,17.291534,17.219078,17.688942,17.092117,17.345833,17.110275,17.309639,17.490471,17.255310,17.815002,17.670921,17.472412,17.490471,17.291534,17.454338,17.454338,17.833000,17.327736,17.454338,17.345833,17.761002,17.797005,17.634865,17.327736,18.174133,17.652901,17.706970,17.454338,17.742996,17.652901,17.904930,17.976807,17.580750,17.706970,17.868965,17.598785,18.281563,17.886955,17.670921,17.922905,18.084496,18.102425,18.245766,17.724983,17.779015,17.833000,18.030663,18.353111,18.227867,17.922905,18.156204,17.526596,17.797005,18.012718,18.102425,17.742996,17.616829,17.886955,17.940880,18.156204,17.940880,17.904930,18.406731,17.634865,17.616829,17.544655,17.688942,17.652901,17.850990,17.815002,17.436272,17.291534,17.562698,17.382019,17.219078,17.200951,17.994759,17.255310,17.128418,17.273430,16.983162,17.742996,17.237198,17.019493,17.200951,16.837654,17.037659,16.655434,16.399666,15.738518,15.867470,15.941071,15.683197,15.775375,15.572441,14.867805,14.588127,14.700096,14.307571,14.363747,14.756035,14.457298,14.588127,14.494698,14.345024,14.867805,14.644127,14.494698,15.016617,14.494698,14.793312,14.513397,14.438606,14.867805,14.494698,14.513397,14.326302,14.120049,14.082504,14.606796,14.157593,14.138817,14.232613,14.176346,14.457298,14.213860,14.101280,13.725006,13.800392,14.082504,14.026146,13.988556,14.401184,14.120049,14.251350,14.063721,14.007355,13.856880,13.649567,14.157593,13.498497,13.555183,13.441788,13.043808,
15.977844,16.289825,16.655434,17.019493,16.837654,16.454536,16.728371,16.179840,16.910439,16.618950,16.527649,16.710136,16.673668,16.655434,17.001335,16.271500,17.128418,16.326462,16.088081,16.637184,16.308144,16.344765,15.977844,16.344765,16.143143,15.683197,15.535500,15.904274,15.720085,15.406059,15.572441,15.424561,15.443062,15.109489,15.053780,15.109489,15.609375,15.387550,14.905037,15.276436,15.369041,14.307571,14.867805,14.811943,14.942238,14.363747,14.681450,14.438606,14.830566,14.082504,14.326302,14.457298,13.856880,14.195114,13.988556,13.725006,14.044937,13.706154,13.574066,14.063721,14.007355,13.894524,13.743858,13.913338,13.592949,13.894524,13.233543,14.063721,13.479599,13.592949,13.214584,13.800392,13.687294,13.403954,13.100769,13.687294,13.781540,13.347183,13.687294,13.932144,13.743858,13.328255,13.403954,13.856880,13.913338,13.762703,13.479599,13.687294,13.725006,13.517403,13.687294,13.969765,13.574066,13.592949,13.630692,13.743858,13.574066,13.894524,14.007355,13.725006,13.875710,13.913338,13.838051,13.687294,14.251350,13.592949,14.157593,14.026146,13.950951,13.762703,14.438606,13.856880,14.401184,13.875710,14.419891,14.438606,14.681450,14.326302,14.681450,14.625465,14.942238,15.035194,14.905037,14.494698,15.350533,15.332008,15.294960,15.109489,15.535500,16.069710,15.904274,15.922668,15.941071,16.253181,16.069710,16.289825,16.655434,16.783035,17.200951,16.545914,16.983162,16.600693,17.146553,16.946808,17.742996,16.983162,17.219078,17.598785,16.801247,17.797005,17.418190,17.037659,17.598785,17.562698,17.688942,17.508537,17.779015,17.345833,17.868965,17.255310,17.940880,17.652901,18.066551,17.616829,17.490471,18.120361,17.580750,17.815002,18.460312,17.526596,18.406731,17.598785,17.976807,18.030663,17.958839,18.066551,18.102425,17.652901,18.281563,17.886955,18.120361,18.263664,18.245766,18.513863,18.066551,18.281563,18.299454,18.174133,18.406731,18.460312,18.066551,18.513863,18.496017,18.245766,18.370995,18.496017,18.692123,18.012718,18.156204,18.460312,18.585213,18.549545,18.317345,18.424599,18.692123,18.496017,18.816666,18.905502,18.442459,18.816666,18.816666,18.549545,18.905502,18.798882,18.603035,18.923264,19.029732,18.905502,19.118340,19.189156,19.171471,18.834435,19.189156,18.958771,19.171471,19.401253,18.994255,19.011993,19.224541,19.047462,19.118340,19.418907,19.418907,19.136055,19.823784,19.189156,19.189156,18.798882,19.065178,19.118340,19.171471,19.259926,19.136055,19.277603,19.118340,18.958771,19.330627,18.905502,18.834435,18.674309,19.277603,19.082909,19.082909,18.763306,19.011993,18.674309,18.442459,18.335236,19.011993,19.206863,18.798882,18.531708,18.585213,18.281563,19.189156,18.603035,18.192039,18.531708,18.692123,18.816666,18.781090,19.082909,18.905502,18.834435,19.065178,18.388855,18.958771,18.994255,18.852211,18.781090,18.798882,18.727722,18.692123,18.816666,18.692123,18.460312,18.603035,18.727722,18.656494,18.227867,18.460312,18.531708,18.816666,18.496017,18.656494,18.335236,18.852211,18.299454,18.798882,18.727722,18.620857,18.388855,18.620857,18.674309,18.781090,18.976524,18.567383,18.478165,18.781090,18.424599,18.513863,18.513863,18.585213,18.478165,18.745514,18.335236,18.531708,18.460312,18.745514,18.317345,18.442459,18.549545,18.263664,18.638680,18.335236,18.709923,18.156204,18.585213,18.460312,18.174133,18.084496,18.156204,18.281563,18.531708,18.281563,18.138290,18.406731,18.745514,18.156204,18.388855,18.209953,18.227867,17.833000,17.940880,18.120361,18.084496,18.102425,18.030663,17.904930,18.066551,18.030663,18.102425,18.245766,17.652901,17.958839,17.922905,18.030663,17.652901,17.868965,17.454338,17.580750,18.120361,17.815002,17.670921,17.382019,17.562698,17.237198,17.363930,17.454338,16.545914,16.472824,16.801247,16.491104,15.867470,16.124794,15.904274,15.461563,15.461563,15.590912,15.332008,14.867805,14.737404,15.072350,14.457298,14.793312,15.072350,14.494698,14.363747,14.494698,14.606796,14.438606,14.251350,14.251350,14.063721,14.419891,14.363747,14.157593,14.401184,13.781540,13.913338,14.101280,13.611824,13.838051,14.101280,13.706154,13.950951,13.819221,13.875710,13.630692,13.706154,14.063721,13.214584,13.894524,13.366112,13.819221,14.044937,13.800392,13.403954,13.838051,13.743858,13.649567,13.856880,13.932144,13.762703,13.838051,13.781540,13.856880,13.649567,13.762703,14.007355,13.725006,13.762703,13.950951,14.195114,14.007355,13.574066,14.176346,13.555183,13.706154,14.157593,14.101280,13.856880,13.800392,13.913338,13.894524,14.026146,14.138817,14.232613,14.213860,13.894524,13.762703,13.687294,13.838051,13.800392,14.195114,13.932144,14.232613,14.213860,14.195114,14.251350,14.532082,14.644127,14.662788,14.457298,15.016617,14.830566,15.276436,15.424561,15.369041,15.977844,15.996223,16.032974,16.234848,16.106438,16.344765,16.910439,16.618950,16.801247,16.509377,16.837654,17.037659,16.946808,17.128418,17.309639,16.673668,17.146553,17.110275,16.746590,16.910439,17.037659,17.418190,17.490471,17.200951,17.526596,17.363930,17.363930,17.382019,17.833000,17.598785,17.273430,17.598785,17.616829,17.652901,17.309639,17.345833,17.598785,17.382019,17.037659,17.508537,17.472412,17.850990,17.544655,17.526596,17.976807,17.508537,17.886955,17.562698,17.634865,17.724983,17.815002,17.833000,17.454338,17.544655,17.598785,18.066551,17.490471,17.652901,17.886955,17.345833,17.779015,17.562698,17.833000,17.363930,18.084496,17.833000,18.424599,17.958839,17.779015,17.904930,18.209953,17.850990,17.670921,17.922905,17.797005,17.797005,18.138290,17.976807,17.976807,17.868965,17.868965,18.263664,18.317345,17.779015,18.138290,17.634865,17.958839,17.940880,17.652901,17.706970,17.761002,17.724983,17.922905,18.174133,17.544655,17.652901,17.598785,17.436272,17.526596,17.706970,17.562698,17.255310,17.580750,17.255310,16.964989,17.219078,17.363930,16.964989,16.874062,17.562698,17.037659,16.637184,17.055817,17.182823,16.928627,16.161499,16.509377,16.363075,15.867470,15.443062,15.350533,15.239365,15.239365,14.830566,14.644127,14.476006,14.681450,14.718750,14.606796,14.251350,14.606796,14.195114,14.532082,14.867805,14.905037,14.401184,14.606796,14.774681,14.476006,14.867805,13.856880,14.494698,14.213860,14.457298,14.644127,14.401184,14.251350,14.232613,14.363747,14.270103,14.401184,14.232613,14.700096,13.762703,13.838051,14.082504,13.385033,14.363747,13.762703,14.363747,14.101280,13.875710,14.345024,13.969765,13.762703,14.120049,13.555183,13.743858,13.706154,13.706154,13.119759,
16.417961,16.582436,17.200951,16.472824,17.019493,16.600693,16.819458,17.092117,16.673668,16.710136,17.092117,16.618950,16.673668,16.637184,16.655434,16.710136,16.344765,16.399666,16.655434,16.326462,16.289825,16.399666,15.996223,16.381371,16.198189,15.904274,16.271500,15.830643,16.124794,15.313492,15.480049,15.369041,14.923637,15.294960,14.793312,15.517014,15.146614,14.886414,15.016617,14.569450,15.202286,14.942238,15.369041,14.494698,14.419891,14.830566,14.401184,14.606796,14.756035,14.457298,14.569450,13.781540,14.307571,14.662788,13.706154,13.913338,13.800392,13.743858,13.800392,13.290382,14.026146,13.592949,13.781540,13.403954,13.819221,13.422867,13.819221,13.725006,13.649567,13.649567,13.252487,13.611824,13.555183,13.441788,13.555183,13.366112,13.441788,13.706154,13.290382,13.403954,13.347183,13.611824,13.668427,13.536285,13.781540,13.592949,13.536285,13.536285,13.555183,13.687294,13.536285,13.422867,13.932144,13.536285,14.101280,14.044937,14.157593,13.498497,14.476006,13.913338,14.363747,13.706154,14.195114,13.838051,13.762703,14.101280,13.969765,13.706154,14.195114,13.913338,14.176346,14.251350,14.251350,13.819221,14.270103,14.363747,14.270103,14.382469,14.513397,14.867805,14.476006,14.419891,14.942238,15.090919,14.849190,15.332008,14.811943,15.239365,15.609375,15.461563,15.996223,16.088081,16.014603,16.381371,16.381371,16.032974,16.032974,16.801247,16.673668,16.637184,17.055817,16.928627,17.273430,17.019493,16.983162,16.946808,17.219078,17.273430,17.273430,17.652901,17.779015,17.400101,17.833000,17.454338,17.634865,17.508537,18.102425,17.345833,17.724983,17.634865,17.688942,18.227867,18.120361,17.688942,17.634865,18.012718,17.850990,18.138290,18.281563,17.922905,18.299454,17.976807,17.815002,18.120361,18.084496,18.245766,18.048607,18.102425,18.638680,17.868965,18.299454,17.976807,18.299454,18.281563,18.317345,18.156204,18.156204,18.048607,18.120361,18.727722,18.281563,18.138290,18.209953,18.585213,18.263664,18.531708,18.531708,18.209953,18.709923,18.424599,18.656494,18.692123,18.567383,18.709923,18.692123,18.816666,18.994255,18.905502,18.798882,18.834435,18.887749,18.905502,19.153755,18.798882,18.781090,18.994255,18.976524,18.709923,18.976524,18.869980,19.065178,18.976524,18.656494,19.065178,19.065178,19.029732,19.011993,19.100624,19.383614,18.727722,19.259926,18.869980,19.295280,19.047462,19.189156,19.348289,19.224541,18.994255,19.100624,18.941017,19.029732,18.994255,19.365944,19.348289,19.224541,19.189156,18.442459,18.976524,18.958771,18.816666,18.941017,18.763306,18.905502,18.834435,19.118340,18.335236,19.011993,18.709923,19.171471,18.638680,18.905502,19.065178,18.370995,18.727722,18.549545,18.674309,18.727722,18.531708,18.745514,18.852211,18.869980,18.638680,18.798882,18.905502,18.869980,18.531708,18.709923,18.763306,18.798882,18.620857,19.206863,18.763306,18.941017,18.709923,18.763306,19.136055,18.585213,18.496017,18.549545,18.424599,18.745514,18.585213,18.549545,18.941017,18.763306,18.781090,18.638680,18.424599,18.869980,18.370995,18.834435,18.478165,18.709923,18.727722,18.781090,18.603035,18.834435,18.388855,18.549545,18.370995,18.531708,18.335236,18.281563,18.353111,18.603035,18.460312,18.245766,18.209953,18.763306,18.727722,18.513863,18.120361,18.603035,18.138290,18.549545,18.442459,18.317345,18.656494,18.353111,18.245766,18.102425,18.549545,18.335236,18.442459,18.406731,18.102425,18.192039,18.174133,18.299454,17.904930,18.209953,18.424599,18.406731,18.030663,18.192039,17.922905,18.370995,18.299454,18.066551,18.066551,18.317345,18.281563,18.156204,17.833000,17.797005,18.174133,17.761002,17.940880,18.066551,17.886955,17.761002,17.742996,17.634865,17.436272,17.634865,17.255310,17.055817,17.219078,17.309639,17.182823,16.417961,16.454536,16.308144,15.867470,15.941071,16.161499,15.590912,15.276436,15.517014,15.480049,14.979439,15.072350,15.053780,14.774681,14.513397,14.532082,14.644127,14.923637,14.718750,14.382469,14.213860,14.550774,14.026146,14.270103,14.476006,14.101280,14.120049,13.932144,14.007355,14.176346,13.838051,14.063721,14.195114,14.026146,13.950951,13.706154,14.307571,14.120049,13.913338,13.611824,13.687294,14.195114,13.969765,13.856880,13.252487,13.932144,13.856880,14.007355,13.668427,13.762703,13.574066,13.630692,13.856880,13.706154,13.649567,13.743858,14.101280,14.101280,13.969765,13.932144,13.498497,13.592949,13.894524,14.007355,13.611824,14.157593,13.743858,13.875710,13.800392,13.668427,13.894524,13.932144,14.101280,13.838051,13.838051,14.120049,14.176346,14.007355,14.082504,13.838051,14.120049,14.401184,13.706154,13.969765,14.176346,13.838051,14.382469,14.270103,14.457298,14.811943,14.457298,14.849190,15.072350,14.830566,14.737404,15.016617,15.350533,15.053780,15.646294,15.885872,15.646294,16.289825,16.161499,15.941071,16.509377,16.691910,16.491104,16.344765,16.874062,16.509377,16.892258,17.055817,16.691910,17.055817,16.910439,17.273430,17.182823,17.001335,17.255310,17.146553,16.637184,17.019493,16.746590,17.200951,17.291534,17.363930,17.345833,17.219078,17.309639,17.400101,17.219078,17.237198,17.580750,17.850990,17.237198,17.544655,17.526596,17.400101,17.037659,17.255310,17.508537,17.994759,17.688942,17.724983,17.580750,17.706970,18.102425,17.382019,17.526596,17.490471,17.976807,17.400101,17.886955,17.688942,18.066551,17.706970,17.652901,17.616829,17.922905,17.598785,17.940880,17.742996,18.638680,17.922905,17.904930,18.012718,17.976807,17.761002,17.904930,17.994759,17.850990,17.940880,17.526596,17.940880,17.742996,18.066551,18.066551,17.634865,17.976807,18.388855,17.940880,17.904930,18.012718,17.472412,17.706970,17.670921,17.761002,17.904930,17.940880,17.724983,18.084496,17.922905,17.634865,17.833000,17.634865,17.904930,17.652901,17.742996,17.562698,17.436272,17.508537,17.761002,17.092117,17.382019,17.580750,17.255310,17.237198,16.928627,17.418190,16.764816,16.710136,17.146553,17.237198,16.417961,16.527649,16.381371,16.289825,15.720085,15.183723,15.720085,15.016617,15.183723,14.606796,14.363747,14.606796,14.625465,14.625465,14.756035,14.120049,14.811943,14.401184,14.606796,14.419891,14.849190,14.476006,14.625465,14.998024,14.532082,13.969765,14.195114,14.251350,14.588127,14.625465,14.438606,14.476006,14.232613,14.923637,14.550774,13.781540,14.063721,14.232613,14.326302,13.988556,14.082504,14.438606,13.725006,14.774681,13.819221,14.213860,13.005829,13.856880,14.007355,14.401184,14.120049,13.913338,13.781540,14.063721,14.176346,13.347183,13.138725,
15.443062,16.472824,16.728371,16.582436,16.618950,16.472824,16.417961,16.344765,16.436256,16.746590,16.746590,17.200951,16.289825,16.618950,16.801247,16.783035,16.637184,16.436256,16.124794,16.746590,16.491104,15.922668,16.344765,15.756950,16.069710,15.812218,15.867470,15.517014,15.443062,15.165176,15.664742,15.387550,15.775375,15.109489,15.553970,15.183723,15.701637,15.683197,15.016617,14.942238,15.183723,14.942238,14.960838,14.867805,14.867805,14.756035,14.307571,14.270103,13.913338,14.063721,14.476006,13.856880,14.345024,14.513397,13.725006,14.007355,13.762703,13.592949,14.007355,13.838051,13.725006,13.649567,13.611824,13.743858,13.574066,13.347183,13.687294,13.536285,13.743858,13.252487,13.555183,13.611824,13.517403,13.725006,13.517403,13.403954,13.781540,13.611824,13.403954,13.403954,13.950951,13.611824,13.441788,13.706154,13.762703,13.913338,14.120049,13.536285,13.856880,13.819221,14.044937,13.838051,13.743858,13.875710,13.290382,13.743858,13.649567,14.026146,13.819221,13.725006,14.026146,14.270103,14.044937,13.950951,13.800392,14.326302,14.026146,14.419891,13.875710,14.382469,14.044937,13.913338,14.363747,14.063721,14.213860,14.345024,14.419891,14.232613,14.326302,14.681450,14.625465,14.905037,14.774681,14.923637,15.480049,15.072350,15.220818,15.424561,15.424561,15.812218,16.308144,15.793800,16.308144,16.344765,16.326462,16.545914,16.691910,16.344765,16.637184,16.637184,16.928627,17.146553,17.019493,16.855865,17.508537,17.001335,17.940880,17.273430,17.652901,17.454338,17.634865,17.418190,17.886955,17.544655,18.066551,17.454338,17.779015,17.598785,17.958839,17.327736,18.245766,17.562698,17.904930,17.815002,17.850990,17.255310,17.904930,18.120361,17.994759,18.192039,17.779015,18.066551,17.850990,17.940880,18.174133,17.761002,17.940880,17.958839,18.513863,18.353111,18.227867,18.406731,18.317345,18.048607,17.850990,17.940880,18.192039,18.156204,18.603035,18.174133,18.192039,18.138290,18.245766,18.084496,18.442459,17.976807,18.603035,18.388855,18.531708,18.388855,18.317345,18.638680,18.353111,18.763306,18.299454,18.620857,18.745514,18.335236,18.905502,18.620857,18.638680,18.531708,18.424599,18.531708,19.082909,18.513863,18.816666,19.224541,18.958771,18.460312,18.478165,18.976524,18.781090,18.887749,18.958771,18.585213,18.460312,19.065178,19.242241,18.887749,18.887749,19.011993,18.887749,19.242241,18.976524,18.976524,19.471832,19.136055,18.816666,19.224541,19.047462,19.011993,19.312950,18.887749,19.295280,18.798882,18.798882,19.082909,18.869980,18.941017,18.923264,18.869980,18.656494,18.656494,18.869980,18.709923,18.798882,18.834435,18.620857,18.513863,18.424599,18.852211,18.567383,18.209953,18.709923,19.171471,18.763306,18.763306,18.923264,18.656494,18.442459,18.620857,18.852211,18.905502,19.029732,18.370995,18.852211,19.065178,18.620857,18.852211,18.869980,18.976524,18.781090,18.513863,18.603035,18.012718,18.709923,18.388855,18.478165,18.656494,18.692123,18.317345,18.460312,18.816666,18.745514,18.209953,18.567383,18.638680,18.620857,18.353111,18.620857,18.370995,18.567383,18.603035,18.442459,19.082909,18.460312,18.424599,18.406731,18.442459,18.102425,18.317345,18.496017,18.656494,18.335236,18.442459,18.066551,18.012718,18.317345,18.156204,18.620857,18.156204,18.156204,18.442459,17.976807,18.531708,18.406731,18.066551,18.585213,18.549545,18.424599,18.048607,18.209953,18.227867,18.120361,18.353111,17.868965,18.478165,18.388855,18.263664,18.406731,17.904930,18.102425,17.724983,17.940880,18.012718,18.263664,18.174133,18.174133,18.478165,17.761002,17.850990,17.940880,17.994759,17.724983,18.102425,18.084496,17.436272,17.616829,17.724983,17.526596,17.815002,17.868965,17.598785,17.400101,17.382019,17.055817,17.073982,17.273430,17.019493,16.710136,16.946808,16.088081,16.179840,15.885872,15.738518,15.720085,15.553970,15.109489,15.480049,14.811943,14.979439,15.128059,14.588127,14.867805,14.457298,14.756035,14.438606,14.082504,14.550774,14.288834,14.644127,14.363747,14.007355,14.438606,14.251350,13.819221,14.082504,14.120049,14.157593,13.969765,14.120049,14.176346,14.157593,14.138817,13.762703,13.385033,14.363747,14.101280,13.819221,13.856880,13.725006,13.536285,13.611824,13.706154,13.498497,14.007355,14.082504,13.592949,13.838051,13.838051,14.176346,13.950951,13.875710,14.195114,13.574066,13.800392,13.950951,13.800392,13.856880,13.743858,13.781540,13.611824,13.838051,14.195114,14.063721,13.894524,14.026146,13.856880,13.611824,14.157593,13.932144,14.176346,13.725006,13.950951,13.781540,14.063721,14.213860,13.932144,14.044937,14.063721,14.251350,14.176346,14.494698,14.213860,14.457298,14.307571,14.157593,14.401184,14.662788,14.270103,14.662788,14.457298,15.035194,15.332008,15.553970,15.406059,15.646294,15.461563,16.253181,15.812218,15.867470,16.472824,16.253181,16.545914,16.179840,16.600693,16.819458,16.764816,16.710136,16.710136,17.454338,16.691910,17.164696,16.819458,17.309639,16.983162,17.001335,17.219078,17.037659,17.037659,17.128418,17.073982,16.946808,17.037659,17.400101,17.418190,17.544655,17.363930,17.255310,16.964989,17.526596,17.400101,17.454338,17.652901,17.454338,17.634865,17.418190,17.345833,17.526596,17.797005,17.815002,17.886955,17.490471,17.472412,17.182823,17.976807,17.562698,17.490471,17.544655,17.382019,17.850990,17.850990,17.850990,17.904930,17.652901,17.940880,17.779015,17.761002,17.436272,18.066551,17.958839,18.388855,17.922905,18.120361,18.048607,17.868965,18.531708,17.815002,17.958839,17.886955,18.138290,17.742996,17.580750,18.048607,17.490471,18.388855,17.922905,18.370995,17.724983,18.066551,17.815002,18.120361,17.940880,18.102425,17.815002,18.066551,18.012718,18.102425,17.868965,17.779015,18.120361,18.245766,17.976807,17.815002,17.562698,17.688942,17.797005,17.490471,17.345833,17.037659,17.363930,17.544655,17.073982,17.327736,17.073982,17.327736,17.092117,16.983162,17.182823,17.019493,16.637184,16.928627,16.491104,16.069710,16.344765,16.234848,16.124794,15.646294,15.461563,15.165176,15.535500,14.681450,15.165176,14.138817,14.326302,14.532082,14.438606,14.718750,14.867805,14.644127,14.942238,14.476006,15.035194,14.905037,14.756035,14.326302,14.251350,14.513397,14.419891,14.756035,14.026146,14.457298,14.044937,14.082504,14.569450,14.007355,14.213860,14.363747,14.232613,14.438606,14.382469,14.476006,14.213860,14.382469,13.988556,14.513397,14.363747,14.120049,13.838051,14.213860,14.176346,13.932144,13.762703,13.781540,14.138817,13.592949,13.592949,13.649567,12.929794,
15.885872,16.946808,16.946808,16.746590,16.783035,16.491104,16.910439,16.253181,17.073982,17.110275,16.892258,16.545914,16.509377,16.801247,16.472824,17.164696,16.637184,16.399666,16.234848,15.996223,15.996223,16.326462,15.885872,16.032974,15.646294,15.941071,15.756950,15.756950,15.369041,15.535500,15.517014,15.350533,15.572441,15.128059,14.942238,15.257896,14.998024,14.811943,15.683197,14.662788,15.276436,14.960838,15.109489,14.363747,14.774681,13.950951,14.681450,14.401184,14.588127,14.288834,14.401184,14.026146,14.213860,13.932144,14.419891,14.457298,13.856880,13.100769,14.157593,13.630692,13.233543,13.894524,14.063721,13.385033,13.988556,13.347183,13.611824,13.441788,13.498497,13.668427,13.479599,13.498497,13.422867,13.592949,13.894524,13.969765,14.101280,13.479599,13.517403,13.479599,13.781540,13.988556,13.403954,13.838051,13.875710,13.668427,13.875710,13.592949,13.479599,13.706154,14.026146,14.044937,13.403954,13.649567,13.838051,14.082504,13.875710,13.233543,13.856880,13.517403,14.082504,14.120049,13.950951,14.082504,13.932144,13.894524,13.913338,13.385033,14.251350,14.063721,14.007355,13.932144,13.555183,13.856880,14.251350,14.251350,14.811943,14.251350,14.438606,14.513397,14.923637,14.494698,14.532082,14.625465,15.072350,15.165176,15.016617,15.941071,15.627831,15.498535,15.369041,15.922668,15.812218,16.289825,16.710136,16.234848,16.491104,16.801247,16.527649,16.637184,17.182823,16.764816,17.164696,17.146553,16.783035,16.600693,17.200951,17.454338,17.418190,17.652901,17.562698,17.922905,18.048607,17.055817,17.616829,17.634865,17.724983,17.652901,17.508537,17.779015,17.868965,18.102425,17.580750,17.940880,17.886955,17.724983,18.227867,17.815002,17.976807,17.976807,18.263664,17.833000,18.406731,17.922905,17.904930,17.724983,17.940880,18.030663,18.066551,18.120361,17.815002,17.940880,17.994759,18.102425,18.299454,18.120361,18.138290,18.084496,18.030663,18.335236,18.263664,18.388855,18.120361,18.209953,18.174133,18.834435,18.353111,18.299454,18.638680,18.424599,18.727722,18.353111,18.852211,18.620857,18.496017,18.763306,18.692123,19.153755,19.065178,18.727722,18.798882,18.620857,18.727722,18.763306,18.692123,18.869980,19.047462,18.976524,18.745514,18.781090,18.798882,18.442459,18.958771,18.549545,18.567383,18.727722,18.370995,18.674309,19.011993,18.852211,18.763306,18.692123,18.976524,18.709923,19.242241,18.923264,19.206863,19.011993,19.171471,19.436554,18.549545,18.976524,19.224541,19.171471,19.065178,18.834435,19.153755,19.047462,18.798882,18.709923,19.171471,19.011993,19.118340,18.745514,18.976524,18.585213,18.727722,18.513863,18.603035,18.567383,18.245766,18.798882,18.798882,18.745514,18.709923,18.656494,18.887749,18.620857,18.798882,18.692123,18.388855,18.763306,18.852211,18.798882,18.798882,18.816666,18.994255,18.834435,18.709923,18.781090,18.709923,18.692123,18.958771,18.478165,18.353111,18.513863,18.603035,18.852211,18.620857,18.084496,18.460312,18.692123,18.994255,18.513863,18.281563,18.513863,18.424599,18.245766,18.406731,18.478165,18.727722,18.585213,18.478165,18.620857,18.460312,18.709923,18.478165,18.478165,18.585213,18.012718,18.460312,18.531708,18.567383,18.263664,18.745514,18.620857,18.406731,18.692123,18.496017,18.585213,18.709923,18.353111,18.388855,18.281563,18.156204,18.513863,18.567383,18.388855,18.299454,18.209953,18.084496,18.513863,18.084496,18.496017,18.496017,17.940880,18.120361,18.192039,18.406731,18.245766,18.227867,18.156204,18.317345,17.904930,17.976807,18.478165,18.156204,18.209953,18.030663,18.370995,18.120361,17.904930,18.084496,17.868965,18.048607,17.652901,17.850990,17.922905,18.012718,17.598785,17.922905,17.940880,17.706970,17.327736,17.833000,17.436272,17.182823,17.255310,17.436272,16.691910,16.234848,16.892258,16.564171,16.363075,16.271500,15.738518,15.701637,15.959457,15.461563,15.443062,15.202286,15.220818,14.644127,14.756035,14.550774,14.849190,14.681450,14.382469,14.681450,14.438606,14.644127,14.363747,14.476006,14.457298,14.157593,14.195114,14.606796,13.649567,13.781540,13.422867,14.101280,13.856880,13.762703,14.044937,13.725006,13.819221,14.176346,13.762703,13.950951,14.063721,13.725006,13.743858,13.875710,13.385033,13.838051,13.913338,14.157593,13.743858,13.969765,14.026146,14.120049,13.950951,13.630692,13.913338,13.781540,14.213860,13.441788,13.706154,13.838051,13.838051,13.762703,13.725006,14.138817,14.082504,13.649567,13.498497,13.611824,13.706154,13.856880,14.063721,13.668427,13.856880,14.007355,13.706154,13.988556,14.007355,14.438606,14.026146,14.195114,13.969765,14.082504,14.700096,14.157593,13.781540,14.251350,14.044937,14.120049,14.700096,14.588127,14.270103,15.090919,14.644127,14.756035,14.979439,14.998024,15.609375,15.146614,15.683197,15.498535,15.996223,15.922668,16.399666,16.143143,16.088081,16.655434,16.691910,16.655434,16.399666,16.710136,17.182823,16.946808,16.801247,17.019493,16.892258,17.327736,17.092117,17.255310,17.580750,16.819458,17.454338,17.472412,17.092117,17.255310,17.092117,17.382019,17.345833,16.892258,17.309639,17.327736,17.652901,17.742996,17.219078,17.255310,17.761002,17.616829,17.418190,17.436272,17.544655,17.886955,17.652901,17.616829,17.652901,17.363930,17.562698,17.508537,17.436272,17.994759,17.291534,17.454338,17.706970,17.688942,17.454338,17.634865,17.815002,17.688942,17.616829,17.562698,17.580750,17.670921,18.048607,18.120361,17.833000,17.994759,18.174133,17.833000,17.994759,18.299454,17.940880,18.120361,18.317345,17.779015,17.958839,18.335236,18.048607,18.012718,17.958839,17.886955,18.138290,17.976807,18.030663,17.868965,17.815002,18.102425,18.138290,17.761002,18.192039,17.562698,17.742996,17.761002,17.797005,18.030663,18.030663,17.634865,17.833000,17.598785,17.779015,17.146553,17.761002,17.472412,17.526596,17.327736,17.164696,17.400101,17.436272,17.219078,17.110275,17.146553,17.255310,17.562698,16.946808,16.783035,16.637184,16.874062,16.600693,16.381371,16.509377,15.996223,15.627831,16.234848,15.313492,15.294960,14.998024,14.905037,14.476006,14.569450,14.606796,14.232613,14.550774,14.830566,14.830566,14.830566,14.811943,15.146614,14.718750,14.662788,14.588127,14.774681,14.849190,14.532082,14.363747,14.588127,14.923637,14.681450,14.700096,14.101280,14.120049,14.457298,14.195114,14.326302,14.382469,14.120049,14.756035,14.457298,14.044937,14.195114,13.988556,14.195114,13.328255,13.913338,13.725006,14.401184,14.401184,13.988556,14.138817,14.363747,13.988556,13.969765,14.063721,13.460693,12.777557,
15.720085,16.710136,16.088081,16.746590,16.216530,16.691910,17.146553,16.509377,16.436256,16.855865,16.837654,17.110275,16.417961,16.582436,16.582436,16.746590,16.436256,16.399666,16.491104,16.545914,16.198189,16.399666,15.959457,16.216530,15.867470,15.553970,16.032974,15.590912,15.756950,15.738518,15.977844,15.646294,15.257896,15.387550,15.461563,15.572441,14.737404,14.886414,15.035194,14.476006,15.090919,14.830566,14.644127,14.476006,14.532082,14.849190,14.101280,14.251350,14.476006,14.494698,14.270103,14.756035,13.366112,13.932144,14.326302,13.743858,14.457298,13.875710,14.176346,13.252487,13.119759,13.725006,13.517403,13.574066,13.856880,13.536285,13.366112,13.762703,13.385033,13.706154,13.498497,13.460693,13.687294,13.574066,13.460693,13.252487,13.290382,13.081795,13.649567,13.385033,14.026146,13.894524,14.063721,13.687294,14.082504,13.819221,13.611824,13.498497,14.026146,13.762703,13.969765,13.725006,13.460693,13.498497,14.363747,14.007355,14.270103,13.913338,13.856880,13.687294,14.063721,13.819221,13.743858,14.026146,13.894524,13.894524,13.800392,13.422867,14.438606,14.438606,14.457298,13.875710,14.270103,14.176346,14.662788,14.532082,14.419891,13.913338,14.401184,14.737404,14.718750,15.072350,14.569450,14.718750,15.332008,14.905037,15.090919,15.220818,15.849052,15.609375,15.812218,15.941071,15.996223,16.216530,16.198189,16.271500,16.344765,16.728371,16.892258,16.600693,16.764816,16.874062,17.164696,16.801247,17.616829,17.200951,17.327736,17.508537,17.418190,17.001335,17.634865,17.490471,17.724983,17.309639,17.580750,17.055817,17.544655,17.454338,17.670921,17.688942,17.490471,17.562698,18.066551,17.868965,18.263664,17.688942,17.562698,17.833000,17.904930,17.868965,18.227867,18.120361,18.156204,18.102425,17.706970,18.209953,18.012718,17.976807,18.442459,18.370995,17.904930,17.742996,18.585213,18.227867,18.299454,18.209953,18.299454,18.424599,18.442459,18.496017,18.549545,18.245766,18.317345,18.424599,18.424599,18.549545,18.138290,18.496017,18.424599,18.442459,18.567383,18.763306,18.353111,18.852211,18.852211,18.798882,18.887749,18.513863,18.692123,18.585213,19.082909,18.549545,18.816666,18.388855,18.656494,18.958771,18.869980,18.763306,19.118340,18.620857,18.478165,18.638680,19.065178,18.603035,19.082909,18.923264,18.941017,19.189156,18.531708,18.905502,19.065178,18.976524,18.798882,18.620857,19.029732,19.082909,19.153755,18.994255,18.656494,19.029732,18.745514,18.852211,18.727722,18.905502,19.171471,18.620857,18.941017,18.709923,19.118340,18.887749,18.958771,18.976524,18.496017,18.745514,18.709923,18.620857,18.709923,18.620857,19.100624,18.406731,19.029732,18.549545,18.781090,18.763306,18.531708,19.029732,18.887749,19.047462,19.189156,18.745514,19.277603,18.460312,18.763306,18.905502,18.941017,18.496017,19.136055,18.958771,19.011993,18.816666,18.620857,18.692123,18.869980,18.656494,18.317345,18.388855,18.585213,17.976807,18.245766,18.353111,18.603035,18.692123,18.531708,18.531708,18.638680,18.852211,18.567383,18.709923,18.513863,18.406731,18.460312,18.370995,18.549545,18.012718,18.727722,18.388855,18.549545,18.727722,18.620857,18.120361,18.727722,18.299454,18.620857,18.816666,18.138290,18.460312,18.156204,18.531708,18.317345,18.585213,18.353111,18.192039,18.798882,18.656494,18.460312,18.567383,18.353111,18.209953,18.531708,18.281563,18.209953,18.084496,18.138290,18.245766,18.138290,18.138290,18.299454,17.958839,18.209953,18.192039,18.192039,18.442459,18.388855,18.102425,18.263664,18.084496,18.299454,18.084496,17.850990,18.066551,18.084496,18.066551,18.012718,18.066551,18.281563,18.048607,18.048607,18.102425,17.742996,18.138290,17.904930,17.868965,17.418190,17.706970,18.138290,17.219078,17.309639,17.345833,17.363930,17.598785,17.110275,16.363075,16.363075,16.545914,16.051353,15.590912,15.664742,15.590912,15.035194,15.220818,15.072350,15.128059,15.350533,14.345024,14.700096,15.053780,14.774681,14.662788,14.625465,14.345024,14.513397,14.195114,13.913338,14.532082,14.662788,14.494698,14.457298,14.101280,14.270103,14.363747,14.082504,14.718750,13.988556,13.800392,14.044937,13.856880,14.213860,13.743858,13.969765,13.913338,13.932144,13.969765,14.063721,14.138817,13.969765,14.101280,13.969765,14.569450,13.649567,13.894524,13.988556,14.007355,14.007355,14.120049,13.838051,14.063721,14.044937,14.326302,13.932144,13.630692,14.176346,13.781540,14.120049,14.044937,14.044937,13.969765,13.856880,13.969765,14.044937,14.195114,13.950951,14.157593,14.195114,14.044937,14.157593,13.875710,14.176346,13.800392,14.157593,14.157593,14.195114,14.401184,13.932144,14.232613,14.251350,14.532082,14.326302,14.644127,14.438606,14.774681,14.700096,14.942238,15.035194,14.737404,14.774681,15.257896,15.313492,15.553970,15.609375,16.032974,16.363075,16.032974,15.720085,16.069710,16.234848,16.289825,16.655434,16.564171,16.764816,17.073982,16.819458,16.837654,17.092117,17.019493,17.037659,17.073982,17.454338,17.237198,17.055817,17.291534,17.110275,17.327736,17.073982,17.418190,17.544655,17.490471,17.742996,17.454338,17.200951,17.436272,17.454338,17.382019,17.382019,17.616829,17.994759,17.454338,17.634865,17.418190,17.490471,17.309639,17.833000,17.724983,17.200951,17.418190,17.508537,17.544655,17.652901,17.797005,17.724983,17.742996,17.833000,17.508537,17.580750,18.120361,17.544655,17.472412,18.030663,18.066551,17.779015,17.886955,17.706970,18.030663,17.797005,17.580750,18.245766,17.200951,18.156204,18.012718,17.779015,18.156204,18.030663,17.976807,18.281563,18.066551,18.299454,18.138290,17.688942,18.174133,17.724983,18.317345,17.706970,18.227867,18.120361,18.245766,18.192039,18.156204,18.084496,17.958839,18.192039,18.227867,18.406731,17.526596,17.940880,17.797005,17.815002,17.976807,17.580750,17.922905,18.156204,17.019493,17.110275,17.868965,17.345833,17.110275,17.019493,17.345833,17.526596,17.255310,17.092117,17.454338,16.928627,17.200951,17.146553,16.381371,16.637184,15.922668,16.289825,15.775375,15.609375,14.774681,15.053780,14.905037,14.494698,14.644127,14.270103,14.476006,14.213860,14.288834,14.419891,14.550774,15.072350,14.681450,14.606796,14.718750,14.363747,14.532082,14.476006,14.625465,14.044937,14.532082,14.082504,14.550774,15.257896,14.588127,13.856880,14.157593,14.176346,14.326302,14.326302,14.082504,14.232613,14.176346,13.950951,14.401184,14.213860,13.950951,14.120049,14.326302,14.345024,14.176346,14.494698,14.157593,14.120049,13.819221,14.026146,13.290382,14.345024,13.479599,13.819221,13.119759,
15.959457,16.436256,16.564171,16.855865,16.143143,16.910439,16.691910,16.819458,17.001335,16.637184,16.673668,16.344765,16.801247,16.545914,16.728371,16.436256,16.363075,16.124794,16.637184,15.720085,16.198189,15.701637,16.527649,15.609375,15.977844,15.867470,15.959457,15.369041,15.904274,15.664742,15.959457,15.406059,15.627831,14.905037,15.701637,15.239365,14.905037,15.443062,15.387550,14.588127,14.662788,14.569450,14.457298,15.220818,14.867805,14.476006,14.326302,14.457298,14.307571,14.419891,14.120049,14.101280,14.195114,14.007355,13.743858,14.382469,13.555183,13.800392,13.819221,13.913338,13.969765,13.969765,13.762703,13.819221,13.819221,14.101280,13.743858,13.592949,14.007355,13.725006,13.875710,14.101280,13.214584,13.498497,13.517403,13.668427,13.119759,13.366112,13.781540,13.498497,13.611824,13.138725,13.574066,13.592949,13.838051,13.403954,13.668427,13.611824,13.668427,13.574066,13.214584,13.517403,14.101280,13.743858,13.875710,13.932144,13.932144,13.950951,13.706154,14.026146,13.913338,13.687294,14.251350,13.706154,13.687294,13.800392,14.476006,13.574066,14.457298,13.687294,14.138817,14.270103,14.195114,14.288834,14.700096,14.793312,14.662788,14.120049,14.138817,14.644127,14.363747,14.700096,15.090919,14.960838,15.332008,15.053780,15.257896,14.998024,15.609375,15.165176,15.498535,15.922668,16.472824,16.417961,16.417961,15.996223,16.710136,16.892258,16.618950,17.110275,16.892258,17.490471,16.783035,16.819458,17.019493,17.146553,17.237198,17.200951,17.652901,17.382019,17.616829,17.580750,17.544655,17.634865,17.652901,17.958839,17.454338,17.200951,17.886955,17.345833,18.120361,17.706970,17.706970,17.580750,17.724983,17.598785,18.030663,17.598785,18.192039,17.688942,17.797005,18.192039,18.084496,17.940880,18.084496,18.209953,17.706970,18.012718,17.958839,17.779015,18.442459,18.102425,18.102425,18.030663,18.353111,18.531708,17.904930,17.976807,18.245766,17.779015,18.585213,18.335236,18.263664,18.317345,18.317345,18.442459,18.335236,18.370995,18.549545,18.763306,18.496017,18.424599,18.549545,18.317345,18.745514,18.424599,18.709923,18.496017,18.727722,18.763306,18.745514,18.585213,18.603035,18.781090,18.887749,18.531708,18.941017,18.816666,18.531708,18.781090,18.798882,18.709923,18.709923,18.620857,18.941017,18.834435,18.317345,18.869980,18.923264,18.869980,19.100624,18.763306,19.029732,18.781090,19.224541,18.620857,18.976524,18.994255,19.330627,19.100624,18.638680,18.585213,19.171471,19.295280,19.082909,18.923264,18.976524,18.406731,18.603035,18.496017,18.976524,18.869980,18.727722,18.816666,18.513863,18.816666,18.638680,18.620857,18.798882,18.585213,18.656494,18.620857,18.460312,18.424599,18.656494,18.424599,18.905502,18.406731,19.029732,18.727722,18.638680,18.496017,18.869980,18.994255,18.976524,18.905502,18.887749,18.852211,18.941017,19.171471,18.620857,18.496017,18.620857,18.460312,18.781090,18.567383,19.242241,18.603035,18.138290,18.388855,18.496017,18.281563,18.174133,18.299454,18.567383,18.424599,18.745514,18.424599,18.549545,18.370995,18.353111,18.299454,18.905502,18.174133,18.496017,18.763306,18.496017,18.745514,18.549545,18.531708,18.353111,18.496017,18.674309,18.335236,18.460312,18.406731,18.317345,18.335236,18.763306,18.798882,17.940880,18.709923,18.798882,18.656494,18.317345,17.886955,18.585213,18.370995,18.531708,18.030663,18.406731,18.120361,18.263664,18.156204,18.353111,18.370995,18.513863,18.138290,18.263664,17.994759,18.370995,18.656494,18.174133,18.281563,17.706970,18.209953,18.030663,18.370995,18.138290,18.531708,18.245766,17.976807,18.620857,18.012718,18.174133,17.850990,18.066551,17.345833,17.833000,18.048607,17.616829,17.616829,17.976807,17.526596,17.616829,17.237198,17.418190,17.345833,16.928627,16.819458,16.728371,16.655434,16.600693,16.618950,16.399666,15.720085,15.941071,15.369041,15.553970,15.424561,15.553970,15.443062,14.793312,15.053780,15.109489,14.756035,14.811943,15.016617,14.662788,14.476006,14.718750,14.457298,14.307571,14.774681,14.700096,14.438606,14.419891,14.438606,14.513397,14.363747,14.270103,14.513397,14.345024,14.345024,14.195114,14.138817,13.969765,14.026146,14.063721,14.120049,14.232613,14.195114,13.800392,14.494698,14.063721,14.082504,14.026146,13.950951,13.988556,13.838051,13.988556,14.026146,14.007355,13.988556,14.382469,14.494698,13.913338,13.988556,14.026146,14.251350,13.800392,14.120049,13.969765,13.969765,14.157593,13.687294,14.063721,13.743858,14.569450,13.725006,14.026146,13.875710,14.288834,14.251350,14.307571,14.382469,14.588127,14.438606,14.345024,14.307571,14.494698,14.476006,14.363747,14.569450,14.793312,14.101280,15.016617,14.401184,14.438606,14.625465,14.662788,14.923637,15.090919,14.849190,14.942238,15.350533,15.646294,15.830643,16.253181,15.941071,16.124794,15.885872,16.344765,16.088081,16.710136,16.308144,16.564171,16.472824,16.928627,16.837654,16.655434,16.837654,17.019493,16.983162,17.273430,17.526596,17.164696,17.219078,17.237198,17.237198,17.273430,17.706970,17.273430,17.092117,17.382019,16.946808,17.454338,17.182823,17.544655,17.327736,17.345833,17.580750,17.598785,17.219078,17.904930,17.436272,17.562698,17.454338,17.526596,17.454338,17.904930,17.688942,17.797005,18.192039,17.815002,17.616829,17.454338,17.382019,17.706970,17.363930,17.670921,17.670921,17.490471,17.598785,17.994759,17.742996,17.940880,17.598785,18.263664,17.779015,17.976807,17.958839,18.048607,17.255310,18.048607,17.958839,18.030663,17.562698,18.120361,18.048607,18.227867,17.815002,17.994759,18.263664,18.174133,17.904930,18.549545,18.192039,17.670921,17.562698,18.012718,17.976807,18.156204,18.012718,17.652901,18.460312,18.245766,18.048607,17.940880,17.815002,17.454338,17.797005,17.904930,17.779015,18.048607,17.761002,17.580750,17.273430,18.084496,17.544655,17.976807,16.964989,17.037659,17.868965,17.724983,17.164696,17.219078,17.092117,17.073982,16.691910,17.164696,17.092117,16.910439,16.454536,15.922668,16.289825,15.977844,15.387550,15.627831,14.942238,15.239365,14.830566,15.146614,14.138817,15.090919,14.195114,14.513397,15.072350,14.681450,14.476006,14.569450,14.513397,14.625465,14.326302,14.363747,14.700096,14.270103,14.830566,14.513397,14.363747,14.438606,13.800392,13.875710,14.026146,14.513397,14.063721,14.157593,14.737404,14.438606,13.988556,14.494698,13.838051,14.195114,14.494698,14.625465,14.401184,13.988556,14.101280,14.419891,14.044937,13.932144,14.026146,13.969765,14.063721,13.555183,14.569450,13.743858,13.668427,13.555183,13.441788,
16.069710,16.436256,16.491104,16.764816,16.764816,16.691910,17.001335,16.637184,16.710136,16.564171,16.910439,16.728371,16.855865,15.849052,17.128418,16.179840,16.545914,16.691910,16.746590,16.509377,15.959457,16.637184,16.764816,16.051353,16.014603,16.014603,16.363075,15.609375,16.088081,15.849052,15.572441,15.369041,15.257896,15.683197,15.276436,14.923637,15.517014,15.128059,14.886414,14.830566,15.294960,15.053780,15.146614,14.644127,14.774681,14.326302,14.793312,14.401184,14.532082,13.969765,13.762703,14.213860,14.345024,13.969765,14.532082,14.195114,14.494698,13.592949,13.630692,13.649567,13.838051,13.875710,13.969765,14.176346,14.007355,13.517403,13.668427,13.687294,13.725006,14.026146,14.026146,13.385033,13.913338,13.611824,13.555183,13.592949,13.479599,13.762703,14.101280,13.762703,14.063721,13.668427,13.932144,13.422867,13.517403,13.668427,13.649567,13.988556,13.725006,13.441788,13.950951,14.176346,13.649567,13.630692,14.213860,14.101280,14.176346,14.026146,14.288834,14.138817,14.363747,14.345024,14.550774,14.120049,14.195114,13.932144,13.894524,14.195114,14.457298,14.363747,14.063721,13.781540,14.326302,14.419891,13.969765,14.494698,14.532082,14.569450,14.793312,14.326302,14.681450,15.257896,14.811943,14.849190,15.350533,15.424561,15.109489,15.146614,15.146614,15.276436,15.424561,16.014603,16.032974,16.198189,16.179840,16.289825,16.271500,16.545914,16.728371,16.783035,16.819458,16.874062,17.200951,17.110275,17.634865,16.983162,17.110275,17.219078,17.110275,17.363930,17.544655,17.580750,17.327736,17.562698,17.309639,17.670921,17.616829,17.562698,17.598785,17.994759,17.779015,17.976807,18.102425,17.706970,18.299454,17.562698,18.281563,17.688942,18.138290,17.526596,18.030663,17.797005,17.779015,18.138290,17.797005,17.868965,18.102425,18.353111,17.526596,18.281563,18.245766,17.958839,18.299454,18.209953,18.263664,17.940880,18.263664,17.580750,18.174133,18.299454,18.263664,18.066551,18.531708,18.209953,18.531708,18.245766,18.567383,18.066551,18.549545,18.245766,18.460312,18.674309,18.531708,18.549545,18.745514,18.674309,18.638680,18.406731,19.118340,18.745514,18.709923,18.727722,18.709923,18.656494,18.692123,18.798882,18.638680,18.709923,18.603035,18.798882,18.388855,18.656494,18.852211,18.603035,18.941017,18.923264,18.299454,18.620857,18.923264,18.603035,18.798882,18.335236,19.189156,18.513863,18.905502,18.727722,18.816666,19.153755,19.011993,18.388855,18.478165,18.852211,19.029732,18.317345,18.460312,18.834435,18.781090,18.745514,18.763306,19.401253,18.923264,18.781090,18.727722,18.692123,18.976524,18.353111,18.887749,18.281563,18.816666,18.620857,18.406731,18.976524,18.603035,18.192039,18.692123,18.442459,18.958771,18.887749,18.745514,18.798882,19.065178,18.531708,18.263664,18.656494,18.709923,18.709923,18.887749,18.709923,19.082909,18.406731,18.709923,18.656494,18.620857,18.656494,18.585213,18.638680,18.299454,18.745514,18.120361,18.102425,18.120361,18.745514,18.227867,18.048607,18.370995,18.531708,18.531708,18.227867,18.674309,18.406731,18.120361,18.674309,18.192039,18.353111,18.976524,18.066551,18.549545,18.353111,19.029732,18.281563,18.424599,18.299454,18.496017,18.638680,18.442459,18.424599,18.709923,18.317345,18.763306,18.549545,18.460312,18.460312,18.299454,18.496017,18.370995,17.976807,18.245766,18.120361,18.317345,18.460312,17.940880,18.102425,18.227867,18.209953,18.048607,18.549545,18.227867,17.922905,18.156204,18.138290,18.263664,17.922905,18.370995,17.940880,17.922905,18.084496,18.066551,18.030663,18.138290,18.460312,18.317345,17.868965,18.102425,18.335236,18.030663,18.209953,17.761002,18.209953,17.598785,17.761002,17.454338,17.724983,17.706970,17.327736,17.761002,17.526596,17.616829,17.273430,17.237198,17.273430,16.783035,16.964989,16.454536,16.691910,16.454536,15.830643,15.664742,15.959457,15.904274,15.406059,15.904274,15.239365,15.239365,15.239365,14.886414,14.849190,15.146614,14.737404,15.294960,14.532082,14.681450,14.830566,14.532082,14.550774,14.700096,14.382469,14.494698,14.532082,14.232613,14.569450,14.326302,14.363747,14.288834,14.532082,13.932144,14.363747,14.157593,13.856880,14.774681,14.457298,14.345024,14.288834,14.213860,14.195114,14.438606,13.894524,14.176346,14.326302,14.101280,14.457298,14.494698,13.969765,14.232613,14.363747,14.213860,14.401184,14.419891,14.756035,14.251350,14.063721,14.307571,14.382469,14.905037,14.176346,13.969765,14.532082,14.026146,14.569450,14.513397,14.307571,14.363747,14.101280,14.606796,13.913338,14.345024,14.326302,14.662788,14.606796,14.550774,14.195114,14.382469,14.588127,15.035194,14.044937,14.213860,14.811943,14.830566,14.756035,15.332008,15.053780,15.109489,14.886414,14.905037,15.294960,15.517014,15.498535,15.572441,15.867470,15.793800,15.756950,16.234848,16.363075,16.032974,16.032974,16.363075,16.399666,16.564171,16.783035,17.128418,16.764816,16.801247,16.983162,16.946808,16.491104,16.910439,17.382019,17.327736,17.237198,17.237198,17.073982,17.291534,17.200951,17.237198,17.092117,17.454338,17.562698,16.964989,17.128418,17.706970,17.652901,17.418190,17.868965,17.400101,17.508537,17.797005,17.327736,17.868965,17.742996,17.562698,17.472412,17.508537,17.580750,17.382019,17.382019,17.724983,17.327736,17.742996,17.418190,17.544655,17.688942,17.850990,17.833000,17.724983,17.761002,18.048607,17.761002,17.363930,17.706970,17.886955,17.994759,17.976807,17.562698,18.084496,17.833000,17.779015,18.048607,17.994759,17.164696,18.317345,17.779015,18.102425,17.850990,17.904930,18.012718,17.724983,17.850990,18.317345,18.048607,17.850990,17.868965,18.048607,18.102425,18.066551,17.797005,17.616829,17.940880,18.281563,18.227867,17.994759,17.940880,17.833000,17.779015,17.634865,17.850990,18.066551,17.616829,17.544655,18.102425,18.120361,17.418190,17.706970,17.779015,17.291534,16.837654,17.237198,17.363930,17.055817,17.092117,17.200951,16.983162,17.092117,16.892258,17.128418,16.855865,16.326462,16.161499,16.161499,15.480049,15.775375,15.406059,15.072350,15.016617,14.774681,15.239365,14.849190,15.239365,14.288834,14.588127,14.232613,14.625465,14.270103,14.494698,14.513397,14.606796,14.681450,14.550774,14.213860,15.165176,14.923637,14.774681,14.251350,14.438606,14.345024,14.886414,14.176346,14.120049,13.706154,13.536285,14.849190,14.213860,14.232613,14.550774,13.875710,14.138817,14.232613,14.345024,14.326302,13.969765,14.063721,14.270103,13.498497,13.743858,14.101280,13.592949,13.838051,13.611824,13.290382,13.422867,13.271439,13.119759,
16.106438,16.491104,16.783035,16.363075,17.073982,17.164696,16.289825,16.600693,17.055817,16.764816,16.234848,16.655434,16.710136,16.491104,17.073982,16.326462,16.527649,16.545914,17.037659,16.399666,16.691910,16.326462,16.289825,15.996223,16.088081,16.088081,16.308144,16.051353,15.738518,15.830643,16.088081,15.590912,15.072350,15.517014,15.517014,15.443062,15.775375,15.109489,15.183723,15.146614,15.128059,14.774681,14.811943,14.737404,15.053780,14.867805,14.494698,14.681450,14.476006,14.419891,14.326302,14.569450,14.270103,13.819221,14.195114,14.251350,14.082504,14.213860,13.894524,13.875710,13.725006,14.382469,13.856880,14.082504,13.687294,13.592949,13.932144,13.762703,13.214584,13.762703,13.875710,13.668427,13.743858,13.574066,13.894524,13.366112,13.403954,14.195114,13.441788,13.743858,13.611824,13.328255,13.932144,13.932144,13.687294,13.611824,13.781540,13.856880,13.743858,13.592949,14.120049,14.101280,14.195114,13.781540,13.630692,13.875710,14.476006,14.401184,14.213860,14.232613,14.438606,14.345024,14.176346,14.326302,13.988556,14.232613,14.513397,14.195114,14.251350,14.288834,14.232613,14.401184,14.138817,14.363747,14.532082,14.849190,14.681450,14.345024,14.849190,14.550774,14.532082,14.867805,14.867805,14.998024,15.072350,15.294960,15.387550,15.646294,15.756950,15.867470,15.775375,15.812218,16.143143,16.527649,16.417961,16.363075,16.618950,16.545914,16.399666,16.399666,16.874062,16.874062,16.910439,16.892258,16.928627,17.508537,17.291534,17.742996,17.472412,17.526596,17.526596,17.382019,17.490471,17.688942,17.345833,17.761002,17.688942,17.382019,17.436272,17.219078,17.562698,17.833000,17.688942,18.030663,18.012718,18.084496,17.634865,17.724983,17.779015,18.012718,18.048607,17.994759,18.209953,18.084496,18.120361,17.958839,18.335236,17.670921,17.833000,18.138290,18.048607,18.281563,18.442459,18.156204,17.994759,18.174133,18.442459,18.209953,18.281563,18.281563,18.192039,17.724983,18.156204,18.030663,18.442459,18.370995,18.781090,18.585213,18.567383,18.549545,18.603035,18.585213,18.727722,18.460312,18.941017,18.120361,18.549545,18.638680,18.745514,18.887749,18.941017,19.065178,18.442459,18.798882,18.852211,18.905502,18.496017,18.531708,18.781090,18.370995,19.082909,18.567383,18.549545,18.353111,18.478165,18.496017,18.763306,18.353111,18.192039,18.941017,18.905502,18.692123,18.674309,18.656494,18.727722,19.206863,18.763306,19.171471,18.781090,18.656494,18.905502,19.047462,18.834435,19.065178,18.603035,18.781090,19.011993,18.798882,18.958771,18.709923,18.923264,18.834435,18.976524,18.852211,18.727722,18.567383,18.798882,18.763306,18.620857,18.834435,18.603035,18.798882,18.156204,18.727722,18.816666,18.692123,18.727722,18.531708,18.692123,18.781090,18.567383,18.353111,18.727722,19.029732,19.011993,18.567383,18.638680,18.638680,18.496017,18.709923,18.852211,18.460312,18.603035,18.798882,18.353111,18.317345,18.209953,18.174133,18.567383,18.353111,18.156204,18.478165,18.549545,18.585213,18.424599,18.727722,18.281563,18.281563,18.638680,18.656494,18.424599,18.424599,18.513863,18.281563,18.388855,18.442459,18.549545,18.263664,18.084496,18.781090,18.192039,18.370995,18.478165,18.281563,18.567383,18.549545,18.567383,18.406731,18.460312,18.585213,18.084496,18.388855,18.460312,18.442459,18.585213,18.281563,18.209953,18.727722,18.227867,18.531708,18.192039,18.406731,18.263664,18.816666,18.263664,18.281563,18.048607,18.138290,17.904930,18.102425,17.976807,18.120361,17.833000,18.084496,18.156204,18.281563,18.549545,17.724983,18.406731,17.940880,17.850990,18.066551,18.066551,18.048607,18.317345,18.120361,17.976807,17.797005,17.598785,17.779015,17.670921,17.706970,17.779015,17.922905,17.598785,17.363930,17.291534,16.946808,17.128418,17.037659,16.983162,16.837654,16.710136,16.764816,16.344765,15.885872,16.088081,16.161499,15.517014,15.756950,15.072350,15.332008,15.294960,15.220818,15.053780,15.183723,14.886414,14.867805,14.793312,14.550774,14.867805,14.942238,14.532082,14.718750,14.382469,14.700096,14.606796,14.700096,15.220818,14.157593,14.662788,14.345024,14.307571,14.867805,14.644127,14.157593,14.588127,14.345024,14.438606,14.606796,14.438606,14.681450,14.438606,13.706154,14.345024,14.063721,13.913338,14.176346,14.063721,14.363747,14.774681,14.476006,14.138817,14.532082,14.138817,14.326302,14.569450,14.213860,14.270103,14.774681,14.288834,14.345024,14.830566,14.063721,14.550774,14.270103,14.550774,14.419891,14.326302,14.307571,14.513397,14.419891,14.513397,14.457298,14.942238,14.606796,14.644127,14.942238,14.718750,14.363747,14.960838,14.476006,14.811943,15.072350,14.700096,14.457298,15.461563,14.737404,14.979439,15.332008,15.202286,14.774681,15.480049,15.294960,15.461563,15.443062,15.756950,15.646294,16.161499,15.701637,16.509377,15.885872,16.545914,16.106438,17.019493,16.161499,16.928627,17.019493,16.618950,16.964989,17.472412,16.928627,16.783035,16.983162,16.910439,17.490471,17.037659,17.219078,16.746590,17.055817,16.545914,16.946808,17.110275,17.019493,17.164696,17.146553,17.327736,17.200951,17.418190,17.797005,17.382019,17.436272,17.309639,17.400101,17.255310,17.797005,17.815002,17.742996,17.724983,17.598785,17.815002,17.652901,17.886955,17.454338,17.508537,17.652901,17.616829,17.490471,17.490471,17.815002,17.580750,17.273430,17.526596,17.922905,17.363930,17.544655,17.850990,17.868965,17.958839,17.779015,17.652901,17.815002,18.335236,17.688942,17.958839,17.580750,17.994759,18.084496,18.084496,17.833000,18.102425,17.706970,17.976807,17.850990,17.833000,17.976807,17.922905,17.868965,18.156204,17.815002,17.850990,18.174133,18.317345,17.868965,18.120361,17.994759,17.994759,17.850990,17.994759,17.922905,18.030663,17.815002,17.976807,17.868965,17.670921,17.815002,17.688942,17.562698,18.370995,17.761002,17.309639,17.833000,17.454338,17.182823,17.670921,17.219078,17.363930,17.309639,17.490471,16.964989,17.092117,17.092117,16.764816,16.454536,16.964989,16.014603,15.775375,15.996223,16.143143,14.998024,15.146614,14.979439,15.109489,14.700096,14.550774,14.307571,14.774681,14.737404,14.979439,15.053780,14.644127,15.183723,14.363747,14.811943,14.494698,14.625465,14.401184,14.606796,14.101280,14.513397,14.438606,14.438606,14.494698,14.044937,14.774681,13.969765,14.457298,14.532082,14.419891,14.476006,14.532082,14.644127,13.555183,12.929794,13.668427,14.101280,13.894524,14.270103,13.536285,13.762703,14.550774,14.251350,13.555183,13.743858,13.819221,13.611824,14.138817,13.668427,13.706154,12.929794,
15.627831,16.234848,16.344765,16.783035,16.326462,16.691910,16.710136,16.746590,16.746590,16.691910,17.055817,16.417961,16.600693,16.344765,16.819458,16.417961,17.219078,16.691910,16.728371,16.728371,15.959457,16.143143,16.582436,16.289825,16.472824,16.344765,16.069710,15.498535,15.922668,15.350533,15.535500,15.535500,15.498535,15.480049,15.109489,15.332008,15.553970,15.220818,14.998024,15.128059,14.606796,14.625465,14.830566,14.867805,14.588127,14.438606,14.625465,14.960838,14.494698,14.550774,14.774681,14.550774,14.363747,14.232613,14.774681,14.288834,14.176346,13.988556,14.026146,13.969765,13.441788,14.326302,14.232613,13.800392,13.687294,14.195114,14.232613,13.875710,14.026146,14.101280,13.479599,13.706154,14.476006,13.536285,13.856880,14.251350,14.176346,13.725006,13.988556,13.668427,13.988556,13.574066,13.819221,13.555183,13.668427,13.856880,13.969765,13.592949,13.574066,14.082504,14.138817,14.326302,13.838051,13.819221,14.345024,14.157593,14.532082,14.326302,13.687294,14.345024,14.138817,14.176346,14.513397,14.101280,14.082504,14.251350,14.942238,14.345024,14.326302,13.950951,14.811943,14.494698,14.232613,14.288834,14.718750,14.195114,14.756035,14.644127,14.569450,15.109489,15.183723,14.923637,14.756035,14.998024,15.165176,15.257896,15.202286,15.035194,15.646294,15.590912,15.664742,15.830643,16.088081,16.271500,16.289825,15.941071,16.673668,16.436256,17.019493,16.928627,16.837654,16.363075,17.110275,16.764816,17.219078,17.146553,17.182823,17.742996,16.946808,17.652901,17.688942,17.128418,17.092117,17.580750,17.779015,17.472412,17.400101,17.291534,17.436272,17.994759,17.562698,17.454338,17.634865,17.886955,17.904930,17.363930,17.886955,17.850990,18.066551,18.030663,17.472412,17.815002,18.120361,18.012718,17.850990,17.797005,18.102425,18.353111,17.976807,17.958839,17.761002,17.886955,18.567383,17.472412,18.209953,18.388855,18.406731,18.460312,18.442459,18.460312,17.994759,17.976807,18.138290,18.585213,18.745514,18.442459,18.513863,18.370995,18.852211,18.674309,18.567383,18.513863,18.852211,18.727722,18.763306,18.923264,18.816666,19.011993,18.887749,18.638680,18.781090,18.781090,18.781090,18.442459,18.941017,19.206863,18.692123,18.353111,18.656494,18.478165,18.496017,18.460312,18.887749,18.638680,18.674309,18.531708,18.299454,18.745514,18.656494,18.674309,18.549545,18.603035,18.620857,18.656494,18.585213,19.029732,18.852211,18.513863,18.834435,18.549545,18.994255,18.674309,18.869980,18.976524,18.958771,18.905502,19.559967,18.834435,18.620857,18.887749,19.011993,18.674309,18.442459,18.317345,18.585213,18.478165,18.424599,18.549545,18.299454,18.620857,18.460312,18.941017,18.424599,18.603035,18.709923,18.174133,18.496017,18.531708,18.353111,19.011993,18.727722,18.727722,18.496017,18.781090,19.100624,18.620857,18.869980,18.549545,18.549545,18.513863,18.656494,18.513863,18.496017,18.388855,18.567383,18.603035,18.299454,18.388855,18.460312,18.263664,18.567383,18.513863,18.317345,18.156204,18.603035,18.156204,18.263664,17.742996,18.442459,18.763306,18.370995,18.120361,18.442459,18.263664,18.478165,18.227867,18.460312,18.370995,18.549545,18.281563,18.102425,18.281563,18.192039,18.120361,18.209953,18.513863,18.424599,18.442459,18.299454,18.442459,18.442459,18.674309,18.317345,18.317345,17.922905,17.976807,18.317345,18.567383,18.156204,18.549545,18.281563,18.048607,18.353111,18.156204,18.066551,17.724983,17.976807,18.245766,18.281563,18.138290,18.012718,17.904930,18.227867,18.317345,18.513863,18.048607,18.263664,18.084496,18.192039,17.904930,18.192039,18.192039,18.192039,17.670921,17.670921,17.815002,18.281563,17.833000,17.958839,17.526596,17.508537,17.400101,17.940880,17.833000,17.598785,17.418190,17.001335,17.309639,17.182823,17.255310,16.801247,17.073982,16.728371,16.618950,16.527649,16.234848,16.216530,16.216530,15.904274,15.683197,15.590912,15.572441,15.572441,15.350533,15.239365,15.165176,15.424561,15.053780,14.979439,14.774681,14.979439,14.811943,14.737404,14.960838,15.035194,14.644127,15.016617,14.438606,14.960838,15.109489,14.307571,15.183723,14.811943,14.532082,14.457298,14.363747,14.662788,14.681450,14.606796,14.662788,14.867805,14.457298,14.382469,14.606796,14.793312,14.644127,14.438606,14.288834,14.960838,14.644127,14.923637,14.588127,14.606796,14.326302,14.419891,14.232613,14.700096,14.513397,14.774681,14.606796,14.270103,14.251350,14.886414,15.016617,14.569450,14.494698,14.998024,14.251350,14.662788,14.793312,14.700096,14.960838,14.569450,14.867805,14.588127,14.476006,14.737404,14.457298,14.849190,14.923637,14.979439,14.326302,14.811943,14.960838,14.793312,15.202286,15.035194,14.700096,15.165176,14.905037,15.016617,15.480049,15.109489,15.553970,15.646294,15.461563,15.701637,15.867470,16.326462,16.161499,16.014603,16.363075,16.399666,15.977844,16.637184,16.600693,16.691910,16.837654,16.892258,16.582436,16.655434,16.855865,16.764816,17.164696,16.892258,16.728371,17.309639,17.146553,17.436272,17.037659,17.309639,17.291534,17.219078,16.673668,17.850990,16.837654,17.670921,17.219078,17.742996,17.273430,17.219078,17.544655,17.182823,17.128418,17.454338,17.219078,17.436272,17.200951,17.363930,17.382019,17.688942,17.454338,17.833000,17.833000,17.382019,17.761002,17.598785,17.742996,18.030663,17.742996,17.779015,17.688942,17.724983,17.472412,17.688942,17.454338,17.237198,17.922905,17.904930,17.886955,18.030663,17.833000,17.994759,18.102425,17.886955,17.652901,17.940880,17.940880,18.245766,18.120361,17.779015,18.209953,18.192039,17.958839,17.761002,17.940880,18.263664,17.994759,17.833000,17.634865,17.833000,18.012718,17.706970,18.174133,17.958839,17.742996,17.688942,18.353111,18.317345,17.850990,17.833000,17.797005,17.904930,18.030663,18.066551,17.886955,18.353111,17.976807,17.958839,17.526596,17.616829,17.706970,17.562698,17.490471,17.400101,17.688942,17.544655,17.779015,17.055817,17.598785,16.801247,17.436272,17.219078,16.417961,16.710136,16.161499,16.234848,16.069710,15.720085,15.701637,15.146614,15.313492,14.457298,14.867805,14.494698,14.849190,14.681450,14.718750,14.401184,14.195114,14.681450,14.532082,14.849190,14.270103,14.737404,14.195114,14.811943,14.867805,14.363747,14.457298,13.894524,14.157593,14.307571,14.756035,14.007355,14.886414,14.195114,14.138817,13.913338,14.026146,14.270103,14.101280,14.232613,14.213860,13.856880,14.700096,14.438606,14.063721,14.532082,14.457298,13.875710,13.913338,14.120049,13.950951,13.706154,13.988556,13.119759,13.176659,13.592949,13.422867,
15.812218,16.728371,16.527649,16.983162,16.837654,16.271500,16.326462,16.399666,17.001335,16.600693,17.019493,16.308144,16.801247,16.344765,17.182823,16.289825,16.783035,16.837654,16.783035,16.344765,16.764816,16.363075,16.399666,15.830643,16.308144,15.738518,16.051353,15.535500,15.609375,15.720085,16.179840,15.904274,15.424561,15.664742,15.683197,15.165176,15.443062,15.461563,15.294960,15.369041,15.294960,14.811943,15.202286,14.681450,15.090919,15.276436,15.128059,14.700096,15.090919,14.532082,14.569450,14.550774,14.288834,14.588127,14.120049,14.307571,14.307571,13.819221,14.681450,14.082504,14.157593,13.762703,14.176346,14.026146,14.176346,13.894524,14.157593,13.894524,14.494698,13.630692,14.288834,13.969765,13.630692,14.213860,14.307571,14.120049,14.270103,13.574066,13.781540,14.232613,13.706154,13.800392,13.706154,13.913338,13.762703,14.195114,14.270103,13.913338,14.007355,14.382469,14.438606,14.157593,14.569450,14.026146,14.101280,14.044937,14.007355,13.969765,14.662788,14.176346,14.532082,14.232613,13.988556,14.138817,14.288834,14.476006,14.588127,14.606796,14.232613,14.457298,14.438606,14.419891,14.737404,14.606796,14.774681,15.016617,14.737404,14.811943,14.886414,14.998024,15.165176,15.053780,15.627831,14.867805,15.350533,14.960838,15.220818,15.683197,15.517014,15.517014,15.885872,16.051353,16.234848,15.941071,16.198189,16.124794,16.363075,16.527649,16.964989,16.710136,16.618950,17.128418,17.146553,17.037659,17.019493,16.910439,16.946808,17.309639,17.345833,17.382019,17.580750,17.598785,17.345833,17.508537,17.652901,17.670921,17.580750,17.833000,17.634865,17.850990,17.454338,17.761002,17.904930,17.490471,17.850990,17.706970,17.797005,18.192039,17.598785,17.616829,17.580750,17.976807,18.102425,17.850990,17.886955,18.245766,18.299454,17.724983,18.030663,17.400101,18.030663,18.227867,18.120361,17.940880,18.460312,18.084496,18.174133,18.192039,18.335236,18.084496,18.209953,17.994759,18.156204,17.958839,18.192039,18.656494,18.245766,18.424599,18.496017,18.245766,18.317345,18.727722,18.763306,18.638680,18.852211,18.834435,18.745514,18.478165,18.638680,18.478165,18.603035,18.603035,18.852211,18.603035,18.674309,18.549545,18.781090,18.745514,18.638680,18.887749,18.763306,18.531708,18.763306,18.620857,18.549545,18.834435,18.816666,18.209953,18.227867,18.370995,18.763306,18.335236,18.478165,18.406731,18.816666,18.478165,18.976524,18.887749,18.496017,18.887749,18.620857,18.905502,18.763306,18.745514,18.976524,18.353111,18.798882,18.781090,19.100624,18.763306,18.941017,18.709923,18.406731,18.656494,18.638680,18.994255,18.531708,18.478165,18.692123,18.353111,18.460312,18.281563,18.567383,18.353111,18.335236,18.638680,18.460312,18.531708,18.567383,18.317345,18.567383,18.567383,18.549545,18.905502,18.353111,18.781090,18.496017,18.781090,18.638680,18.442459,18.709923,18.424599,18.174133,18.335236,18.478165,18.335236,18.406731,18.120361,18.353111,18.478165,18.638680,17.976807,18.012718,18.353111,18.102425,18.066551,17.958839,18.317345,18.513863,18.496017,18.281563,18.263664,18.299454,18.442459,18.638680,18.245766,18.388855,18.692123,18.192039,18.156204,18.317345,18.335236,18.317345,18.513863,18.120361,18.245766,18.674309,18.317345,18.781090,17.994759,18.638680,18.263664,18.620857,18.245766,18.388855,18.406731,18.478165,18.066551,18.496017,18.442459,18.299454,18.048607,18.120361,17.976807,18.353111,18.263664,17.868965,18.192039,18.084496,17.886955,18.030663,17.994759,18.084496,17.976807,17.815002,17.868965,18.209953,17.868965,18.156204,18.353111,18.066551,18.138290,18.048607,18.120361,18.120361,18.012718,17.706970,18.120361,17.976807,17.940880,17.706970,17.850990,17.940880,17.580750,17.886955,17.382019,17.400101,17.037659,17.219078,16.801247,17.363930,17.110275,16.764816,16.637184,16.491104,16.253181,15.904274,16.271500,16.253181,15.904274,15.959457,15.609375,15.683197,16.014603,15.720085,15.683197,15.646294,15.090919,14.793312,15.072350,15.590912,15.035194,15.165176,15.146614,15.424561,14.811943,14.942238,15.016617,14.849190,14.718750,15.053780,14.588127,14.662788,15.220818,14.979439,14.756035,14.419891,14.606796,14.830566,14.401184,14.644127,14.532082,14.867805,14.550774,14.662788,14.606796,15.128059,14.513397,14.774681,14.774681,14.718750,14.662788,14.419891,14.532082,14.756035,14.960838,14.606796,14.644127,14.606796,14.419891,14.625465,14.979439,14.830566,14.700096,14.700096,14.718750,15.220818,14.419891,14.625465,14.569450,14.923637,14.662788,14.737404,14.606796,14.718750,14.867805,15.128059,14.662788,15.109489,14.569450,15.109489,14.942238,14.923637,15.332008,14.606796,15.090919,15.016617,15.239365,15.220818,15.443062,15.220818,15.480049,15.072350,15.276436,15.830643,15.406059,15.849052,16.014603,16.655434,16.472824,16.308144,15.922668,16.014603,16.637184,16.819458,16.491104,16.582436,16.637184,17.055817,17.345833,17.055817,16.855865,16.564171,17.110275,16.964989,17.363930,16.819458,17.200951,17.182823,17.182823,17.544655,17.526596,17.073982,17.652901,17.291534,17.508537,17.345833,17.598785,17.345833,17.562698,17.219078,17.182823,17.904930,17.544655,17.454338,17.490471,17.580750,17.616829,17.490471,17.850990,17.598785,17.670921,17.634865,17.688942,17.634865,17.868965,17.815002,17.634865,17.616829,17.761002,17.833000,18.030663,17.958839,17.182823,17.779015,17.562698,17.580750,18.066551,17.706970,17.526596,18.120361,17.850990,17.868965,18.048607,18.102425,17.886955,17.868965,17.904930,18.192039,18.335236,17.976807,17.976807,18.012718,17.724983,17.994759,17.688942,17.706970,17.958839,17.761002,18.084496,17.688942,17.761002,17.688942,17.670921,17.779015,18.120361,17.940880,18.120361,17.634865,18.192039,18.156204,17.761002,18.030663,18.138290,17.706970,17.580750,17.779015,17.490471,17.706970,17.761002,17.815002,17.562698,17.472412,17.761002,17.688942,17.616829,17.742996,17.616829,17.688942,17.382019,16.819458,17.110275,16.691910,16.527649,16.910439,16.527649,16.106438,15.812218,15.941071,15.609375,14.998024,15.016617,15.109489,14.867805,14.942238,15.072350,14.532082,14.737404,14.998024,14.232613,14.401184,14.401184,14.849190,14.867805,14.476006,14.774681,14.213860,14.345024,14.288834,14.438606,14.438606,14.251350,13.894524,14.662788,14.494698,14.830566,14.737404,14.270103,14.176346,14.662788,13.781540,14.007355,14.307571,14.195114,14.326302,14.232613,14.830566,13.743858,14.232613,14.007355,14.063721,14.082504,14.251350,14.457298,13.309326,14.457298,14.120049,13.460693,13.592949,13.005829,
15.812218,15.793800,16.491104,16.472824,16.289825,16.837654,16.234848,16.363075,16.855865,16.801247,16.928627,16.509377,16.764816,16.124794,16.637184,16.618950,16.436256,16.910439,16.088081,16.618950,16.106438,16.271500,16.253181,15.959457,16.088081,15.904274,15.885872,15.775375,15.885872,16.198189,15.775375,15.498535,15.461563,15.128059,14.998024,15.220818,15.424561,14.774681,15.369041,15.257896,15.202286,14.867805,14.960838,15.109489,15.257896,14.382469,14.849190,14.569450,14.307571,14.830566,14.438606,14.718750,14.569450,14.026146,14.457298,14.419891,14.307571,14.457298,14.513397,14.326302,14.625465,14.382469,14.176346,13.988556,14.270103,13.913338,14.476006,14.176346,14.307571,14.606796,14.120049,14.195114,13.706154,14.157593,13.574066,14.232613,14.401184,14.007355,13.988556,13.498497,14.007355,14.307571,14.213860,13.894524,14.307571,14.532082,14.232613,13.781540,14.270103,13.630692,14.082504,13.894524,14.494698,14.419891,14.438606,14.213860,14.494698,14.569450,14.419891,14.438606,14.550774,14.401184,14.756035,14.737404,14.644127,14.849190,14.232613,14.737404,14.307571,14.662788,14.681450,14.905037,14.569450,14.942238,14.718750,14.849190,14.923637,15.016617,14.681450,15.128059,15.035194,14.606796,15.220818,15.590912,15.443062,14.923637,15.849052,15.387550,15.701637,16.124794,16.289825,15.996223,16.179840,16.069710,16.106438,16.454536,16.564171,16.344765,16.728371,17.001335,16.928627,16.582436,16.691910,16.764816,17.291534,17.219078,17.327736,16.582436,17.454338,17.472412,17.418190,17.273430,17.634865,17.490471,17.436272,17.110275,17.815002,17.688942,17.400101,17.850990,17.940880,17.940880,17.598785,17.742996,17.886955,17.418190,18.102425,17.345833,17.688942,17.958839,18.084496,18.263664,17.634865,18.120361,18.227867,17.779015,17.779015,18.012718,18.156204,17.940880,17.815002,17.958839,18.245766,17.904930,18.245766,18.281563,18.299454,18.192039,18.281563,18.299454,18.370995,18.281563,18.549545,18.424599,18.353111,18.745514,18.496017,18.709923,18.638680,18.442459,18.370995,18.388855,18.923264,18.245766,18.923264,18.620857,18.549545,18.245766,18.976524,18.620857,18.834435,18.852211,18.798882,18.692123,18.923264,18.869980,18.370995,18.496017,18.603035,18.852211,18.709923,18.406731,18.299454,18.585213,18.727722,18.156204,18.424599,18.424599,18.656494,18.531708,18.513863,18.976524,18.370995,18.478165,18.834435,18.781090,18.674309,18.638680,18.603035,18.923264,18.941017,18.406731,18.834435,18.745514,18.674309,18.585213,18.905502,18.745514,18.798882,19.029732,18.585213,18.674309,18.905502,18.763306,18.442459,18.638680,18.727722,18.531708,18.227867,18.549545,18.763306,18.620857,18.585213,18.603035,18.727722,18.335236,18.674309,18.905502,18.692123,18.976524,18.084496,18.281563,19.029732,18.745514,18.478165,18.727722,18.406731,18.620857,18.763306,18.335236,18.869980,18.209953,18.656494,18.120361,18.192039,18.120361,18.603035,18.460312,18.192039,18.012718,18.496017,18.388855,18.156204,18.030663,18.120361,18.174133,18.478165,18.549545,18.460312,18.496017,18.656494,17.670921,18.603035,18.227867,18.174133,18.353111,18.442459,18.370995,18.317345,18.120361,18.549545,18.120361,18.335236,18.281563,18.138290,18.531708,18.603035,18.709923,18.603035,18.478165,18.120361,18.406731,18.209953,17.868965,18.245766,18.299454,18.263664,18.353111,18.138290,18.299454,18.620857,18.460312,18.102425,18.138290,18.156204,18.066551,17.976807,18.156204,18.353111,17.833000,17.815002,18.030663,18.478165,17.850990,18.281563,18.084496,18.048607,18.353111,17.706970,18.030663,17.922905,18.138290,17.904930,18.066551,18.066551,17.850990,17.688942,18.209953,17.544655,17.598785,17.797005,17.994759,17.436272,17.327736,17.363930,17.598785,17.363930,17.454338,17.454338,16.964989,17.182823,16.764816,17.001335,16.801247,16.509377,16.253181,16.308144,16.216530,16.381371,16.124794,16.308144,15.959457,15.664742,15.609375,15.720085,15.812218,15.572441,15.683197,15.627831,15.480049,15.369041,15.016617,14.998024,15.276436,14.998024,15.202286,14.886414,15.165176,14.979439,14.756035,14.867805,15.128059,14.867805,15.128059,14.793312,14.979439,14.960838,14.681450,14.923637,14.960838,14.774681,14.270103,14.886414,14.886414,14.569450,14.811943,15.165176,14.979439,14.811943,14.588127,15.072350,14.457298,15.146614,14.793312,14.942238,14.662788,15.239365,14.681450,14.513397,14.811943,15.128059,14.681450,14.960838,14.756035,15.072350,14.532082,14.718750,14.494698,15.128059,15.072350,15.276436,14.942238,15.294960,15.128059,14.960838,15.109489,15.165176,15.220818,15.239365,15.387550,15.294960,15.090919,15.369041,14.960838,15.165176,15.239365,15.220818,15.313492,15.294960,15.480049,15.090919,15.239365,15.885872,15.498535,15.793800,15.849052,16.271500,16.051353,16.344765,15.977844,16.746590,16.161499,16.271500,16.253181,16.344765,17.037659,16.326462,16.673668,16.892258,16.946808,17.146553,17.382019,17.182823,16.983162,17.182823,16.710136,17.110275,16.710136,17.309639,17.652901,17.055817,17.291534,17.562698,17.291534,16.946808,16.691910,17.544655,17.490471,16.928627,17.436272,17.273430,17.490471,17.418190,17.544655,17.436272,17.436272,17.670921,17.363930,17.580750,17.616829,17.742996,17.562698,17.634865,17.327736,17.652901,17.598785,17.508537,17.761002,17.327736,17.490471,18.388855,17.436272,18.084496,17.598785,17.833000,17.562698,17.958839,17.400101,17.904930,17.382019,18.012718,17.472412,17.886955,18.048607,17.526596,17.761002,17.598785,17.922905,17.742996,18.012718,18.120361,17.850990,17.833000,17.886955,17.922905,17.724983,17.850990,18.209953,18.012718,18.048607,17.490471,17.976807,17.976807,18.048607,17.706970,18.138290,18.030663,17.958839,18.370995,17.797005,18.084496,17.868965,17.958839,17.976807,18.030663,18.048607,17.688942,17.508537,17.598785,17.508537,17.472412,17.706970,17.400101,17.634865,16.964989,17.363930,17.490471,17.363930,16.983162,17.526596,17.073982,16.801247,16.618950,16.527649,16.216530,16.124794,16.179840,16.069710,15.849052,15.257896,14.979439,15.109489,14.998024,15.128059,14.644127,15.053780,14.588127,15.257896,14.513397,14.101280,14.849190,14.494698,14.830566,14.288834,14.270103,14.401184,14.942238,14.606796,14.532082,14.849190,14.307571,14.232613,14.644127,15.016617,13.950951,14.606796,14.044937,14.513397,14.176346,14.438606,13.913338,14.326302,14.232613,14.288834,14.082504,13.630692,14.063721,13.819221,14.345024,14.213860,14.756035,13.762703,14.307571,14.793312,13.932144,14.251350,14.007355,14.007355,13.781540,12.834679,
16.308144,16.106438,16.417961,16.946808,16.783035,16.582436,16.363075,16.088081,16.783035,16.892258,16.892258,16.069710,16.582436,16.417961,16.198189,16.472824,16.527649,16.582436,16.344765,16.216530,16.637184,16.545914,16.088081,16.472824,16.436256,15.941071,15.812218,16.088081,15.720085,15.775375,15.775375,15.664742,15.683197,15.090919,15.609375,15.146614,15.294960,15.683197,15.424561,14.867805,15.035194,15.220818,14.681450,14.849190,15.016617,14.718750,14.905037,14.960838,14.457298,14.232613,15.035194,14.419891,14.213860,14.774681,14.905037,14.195114,14.007355,14.513397,14.494698,14.101280,14.176346,14.026146,14.438606,14.213860,14.007355,14.138817,13.536285,14.363747,14.176346,14.419891,14.288834,13.932144,13.969765,14.307571,13.856880,14.419891,14.213860,14.044937,14.101280,14.363747,14.569450,14.176346,14.195114,14.176346,14.532082,14.026146,13.988556,14.532082,14.662788,14.288834,14.307571,14.307571,14.251350,14.326302,14.382469,14.457298,14.550774,14.774681,14.457298,14.345024,14.662788,14.307571,14.138817,14.588127,14.923637,14.774681,14.979439,14.532082,15.035194,14.063721,14.700096,14.867805,14.905037,14.811943,14.923637,14.718750,15.239365,14.681450,14.886414,15.016617,15.220818,15.165176,15.239365,15.146614,15.406059,15.553970,15.480049,15.904274,16.124794,15.977844,16.069710,16.216530,16.344765,15.922668,16.436256,16.874062,16.691910,16.289825,16.014603,16.655434,17.291534,16.946808,17.146553,17.436272,16.783035,17.508537,17.146553,17.110275,17.073982,17.219078,17.164696,17.670921,17.670921,17.670921,17.363930,17.363930,17.436272,17.670921,17.472412,17.345833,17.472412,17.327736,17.742996,17.761002,18.030663,17.652901,17.598785,18.192039,17.761002,17.652901,17.706970,17.742996,17.562698,17.922905,17.994759,17.761002,17.868965,17.868965,17.652901,17.976807,17.994759,18.478165,18.084496,18.066551,18.513863,18.120361,17.886955,18.138290,18.156204,18.102425,18.335236,18.442459,18.370995,18.424599,18.370995,18.299454,18.549545,18.245766,18.603035,18.656494,18.370995,18.388855,19.065178,18.567383,18.816666,18.763306,18.869980,18.834435,18.763306,18.869980,18.585213,18.763306,18.424599,18.869980,18.388855,19.136055,18.781090,18.656494,18.923264,18.638680,18.656494,18.531708,18.692123,17.976807,18.513863,18.620857,18.299454,18.781090,18.567383,18.834435,18.585213,18.406731,18.941017,18.638680,18.513863,18.692123,18.549545,18.692123,18.353111,18.442459,18.869980,18.370995,18.424599,18.603035,18.567383,18.656494,18.834435,18.852211,19.524719,18.585213,18.603035,18.353111,18.674309,18.496017,18.709923,18.388855,18.209953,18.353111,18.567383,18.567383,18.763306,18.353111,18.406731,18.513863,18.281563,18.138290,18.638680,18.192039,18.585213,18.834435,18.585213,18.496017,18.816666,18.299454,18.603035,18.531708,18.460312,18.834435,18.976524,18.460312,17.958839,18.460312,18.227867,18.567383,18.263664,18.120361,18.388855,18.335236,18.353111,18.209953,18.406731,18.209953,17.994759,17.580750,18.066551,18.120361,18.192039,18.353111,18.620857,18.156204,18.084496,18.120361,18.442459,17.994759,18.442459,18.263664,18.317345,18.156204,18.388855,18.281563,18.030663,18.424599,18.317345,18.478165,18.174133,18.030663,18.102425,18.227867,18.335236,18.299454,18.745514,18.066551,18.531708,18.102425,18.496017,18.424599,18.531708,18.209953,18.496017,18.102425,18.263664,18.370995,17.994759,18.084496,18.156204,17.742996,18.227867,17.562698,18.102425,17.850990,17.922905,18.192039,18.048607,17.922905,18.030663,18.174133,17.850990,18.120361,18.299454,18.048607,18.102425,17.922905,18.138290,17.797005,18.084496,17.797005,17.815002,17.958839,17.994759,17.833000,17.472412,17.508537,17.833000,17.382019,17.724983,16.837654,17.472412,17.164696,17.418190,17.291534,17.291534,17.092117,16.964989,16.417961,16.527649,16.472824,16.216530,16.179840,16.216530,16.179840,15.996223,15.849052,15.922668,15.885872,15.664742,15.572441,15.480049,15.369041,15.443062,15.183723,15.590912,15.701637,15.387550,15.183723,14.923637,15.276436,15.406059,15.183723,15.053780,14.625465,15.220818,15.035194,14.942238,15.146614,15.090919,14.886414,15.183723,15.480049,15.369041,14.737404,14.756035,14.644127,15.090919,15.090919,14.867805,15.072350,15.165176,14.867805,15.535500,14.774681,15.257896,14.606796,15.035194,14.998024,14.998024,14.830566,14.960838,14.830566,14.737404,14.923637,15.128059,15.406059,15.072350,14.681450,15.072350,15.220818,15.109489,14.756035,15.090919,15.350533,15.369041,14.979439,15.128059,14.737404,15.294960,15.294960,15.424561,15.332008,15.220818,15.053780,14.830566,15.294960,15.090919,15.369041,15.461563,15.350533,15.276436,15.535500,15.701637,15.553970,15.480049,15.996223,15.609375,15.480049,15.701637,16.051353,16.234848,16.454536,16.143143,16.564171,16.216530,16.106438,16.928627,16.326462,16.472824,16.326462,16.764816,16.454536,17.219078,16.946808,16.837654,16.600693,17.146553,16.728371,17.019493,17.182823,17.019493,16.964989,16.983162,17.291534,17.164696,17.255310,17.237198,17.490471,17.363930,17.110275,17.562698,17.309639,17.580750,17.200951,17.454338,17.273430,17.652901,17.598785,17.291534,17.472412,17.634865,17.472412,17.958839,17.670921,18.012718,17.634865,17.652901,17.670921,17.761002,17.670921,17.797005,17.688942,17.904930,17.237198,17.815002,17.904930,17.652901,17.724983,17.779015,17.562698,17.490471,17.850990,17.616829,18.066551,17.797005,17.833000,17.850990,17.616829,18.048607,17.742996,17.688942,17.868965,17.670921,18.120361,17.886955,17.706970,18.156204,17.761002,18.299454,17.850990,17.940880,17.904930,17.779015,18.138290,18.388855,17.779015,17.742996,18.048607,17.850990,17.904930,18.388855,18.174133,18.513863,18.012718,17.833000,17.598785,18.263664,17.688942,17.922905,17.742996,17.472412,18.030663,17.779015,18.066551,18.048607,17.706970,17.164696,17.219078,16.983162,17.345833,17.652901,17.092117,17.652901,17.291534,16.801247,16.728371,16.728371,16.491104,16.344765,15.959457,16.161499,16.161499,15.959457,15.350533,15.165176,14.681450,14.662788,14.288834,14.569450,14.811943,14.681450,14.251350,14.606796,14.830566,14.756035,14.700096,14.718750,14.998024,14.811943,14.419891,14.307571,14.363747,14.288834,14.569450,14.457298,14.101280,14.007355,13.950951,15.220818,14.363747,14.120049,14.288834,14.419891,14.700096,14.232613,14.457298,13.119759,14.251350,13.894524,14.120049,14.195114,14.195114,14.625465,14.026146,14.157593,14.251350,14.120049,13.725006,13.932144,14.082504,13.894524,13.687294,13.950951,12.891754,
15.498535,16.344765,16.417961,16.746590,16.710136,16.363075,16.819458,16.801247,16.801247,16.234848,16.710136,16.143143,16.928627,16.472824,16.983162,16.271500,16.417961,16.381371,16.198189,16.179840,16.691910,16.032974,15.941071,16.032974,16.124794,16.198189,16.454536,16.289825,16.308144,16.326462,16.069710,15.812218,15.590912,15.830643,15.720085,15.885872,15.590912,15.072350,15.350533,15.183723,15.590912,15.183723,14.905037,14.793312,14.886414,14.793312,14.923637,14.979439,14.700096,14.419891,14.476006,14.756035,15.016617,14.288834,14.923637,14.606796,14.700096,14.625465,14.756035,14.082504,15.220818,14.307571,14.157593,14.476006,14.101280,14.251350,14.550774,14.345024,14.513397,14.382469,13.950951,13.649567,14.138817,14.457298,14.569450,14.438606,13.988556,13.932144,14.382469,13.913338,14.063721,14.494698,14.401184,14.326302,14.138817,14.326302,14.101280,14.307571,14.288834,14.307571,14.363747,14.886414,14.513397,14.457298,14.382469,15.090919,14.644127,14.756035,14.588127,14.401184,14.644127,14.849190,15.053780,14.737404,14.588127,14.681450,14.811943,14.793312,14.849190,14.644127,15.109489,14.662788,14.662788,14.681450,14.438606,15.035194,15.294960,15.053780,15.461563,14.998024,15.424561,15.220818,15.609375,15.313492,15.572441,15.535500,15.664742,15.701637,16.161499,15.867470,16.344765,16.271500,16.673668,16.710136,16.417961,16.746590,16.381371,16.746590,17.128418,16.527649,16.946808,16.509377,17.580750,17.363930,17.001335,17.092117,17.291534,16.928627,16.946808,17.237198,17.255310,17.544655,17.580750,17.670921,17.850990,17.850990,17.490471,17.454338,17.309639,17.544655,17.706970,18.048607,17.886955,17.110275,17.670921,17.904930,17.742996,17.742996,17.922905,17.616829,17.994759,17.562698,18.048607,17.940880,18.370995,18.012718,17.940880,18.012718,17.761002,18.048607,18.442459,17.815002,17.940880,17.904930,17.886955,18.424599,18.317345,17.994759,18.388855,18.066551,18.192039,17.833000,18.424599,18.156204,18.209953,18.335236,18.281563,18.317345,18.620857,18.209953,18.869980,18.299454,18.941017,18.709923,18.656494,18.353111,18.887749,18.869980,18.834435,18.549545,19.206863,18.976524,18.958771,18.816666,19.082909,18.603035,19.100624,18.958771,18.958771,18.709923,19.242241,18.531708,18.941017,18.656494,18.994255,18.424599,18.674309,18.781090,18.692123,18.138290,17.922905,18.353111,18.478165,18.406731,18.227867,18.603035,18.727722,18.370995,18.603035,18.549545,18.496017,18.084496,18.513863,18.869980,18.727722,18.460312,19.136055,18.585213,18.709923,18.763306,18.299454,18.887749,18.442459,18.370995,18.478165,18.745514,18.370995,18.869980,18.674309,18.585213,18.567383,18.513863,18.585213,18.549545,18.370995,18.763306,18.567383,18.335236,18.281563,18.174133,18.727722,18.496017,18.156204,18.585213,18.816666,18.798882,18.798882,18.388855,18.674309,18.174133,18.620857,18.603035,18.012718,18.335236,18.209953,18.531708,18.156204,18.531708,18.299454,18.102425,18.299454,18.263664,18.424599,18.370995,18.424599,18.192039,17.958839,18.030663,18.192039,18.317345,18.370995,18.048607,17.815002,18.370995,18.192039,18.370995,17.850990,18.496017,18.478165,18.066551,18.245766,18.209953,17.994759,18.263664,18.335236,18.370995,18.281563,18.048607,18.692123,18.638680,18.335236,18.048607,18.353111,18.531708,17.976807,18.281563,18.335236,18.460312,18.120361,18.156204,18.174133,18.388855,18.066551,18.370995,18.442459,18.084496,18.209953,18.030663,17.904930,17.940880,17.940880,17.670921,18.156204,18.174133,18.353111,18.012718,18.317345,18.209953,18.174133,18.317345,18.084496,17.958839,18.192039,17.994759,17.940880,18.174133,17.868965,17.994759,18.048607,17.940880,17.742996,17.454338,17.652901,17.652901,17.580750,17.580750,17.400101,17.291534,17.436272,17.472412,17.055817,17.037659,17.200951,16.545914,16.509377,16.874062,16.545914,16.527649,16.454536,16.124794,16.179840,16.289825,15.756950,16.106438,15.941071,16.088081,15.646294,15.590912,15.443062,15.720085,15.867470,15.849052,15.664742,15.332008,15.553970,15.885872,15.849052,15.053780,15.461563,15.257896,15.553970,15.128059,15.517014,15.387550,14.960838,15.128059,15.035194,15.053780,15.257896,15.165176,15.350533,15.183723,14.998024,14.923637,15.627831,15.220818,15.424561,14.886414,14.886414,15.461563,15.202286,15.090919,14.793312,15.276436,15.350533,15.257896,14.960838,15.165176,15.202286,15.276436,14.942238,15.572441,15.387550,15.220818,14.998024,15.313492,15.294960,14.886414,15.109489,15.664742,15.090919,15.461563,15.220818,15.627831,15.387550,14.681450,15.239365,15.294960,15.498535,15.109489,15.609375,15.276436,15.313492,15.294960,15.867470,15.443062,15.313492,15.756950,15.590912,15.996223,16.014603,15.369041,15.775375,16.143143,16.161499,16.124794,16.124794,16.161499,16.655434,16.509377,16.491104,16.417961,16.892258,16.710136,16.746590,16.728371,16.946808,16.673668,16.728371,16.710136,16.801247,17.309639,17.110275,17.237198,16.910439,17.526596,17.200951,16.801247,17.454338,17.273430,17.345833,17.345833,17.092117,17.219078,17.255310,17.562698,17.363930,17.037659,17.490471,16.983162,17.200951,17.454338,17.688942,17.598785,17.382019,17.345833,17.309639,17.092117,17.742996,17.850990,17.670921,17.526596,17.400101,17.400101,17.472412,17.345833,17.634865,17.562698,17.345833,17.562698,17.670921,17.454338,17.616829,17.797005,17.490471,17.688942,17.904930,17.526596,17.994759,17.976807,17.904930,18.138290,17.742996,17.363930,17.670921,18.138290,17.652901,18.030663,17.797005,17.922905,17.544655,17.868965,17.779015,17.580750,17.904930,18.084496,17.761002,18.138290,17.904930,17.779015,17.508537,17.400101,18.263664,18.227867,18.102425,17.904930,17.940880,18.120361,17.580750,18.012718,18.066551,18.138290,17.706970,17.940880,17.742996,17.490471,17.940880,18.299454,18.048607,17.868965,17.922905,17.940880,17.706970,17.616829,17.400101,17.833000,17.508537,17.128418,17.454338,17.092117,17.037659,17.418190,16.710136,16.436256,16.983162,16.454536,16.436256,15.720085,15.332008,15.498535,14.998024,14.923637,14.867805,14.662788,15.165176,14.681450,15.035194,14.644127,14.625465,14.811943,14.550774,14.700096,14.774681,14.157593,14.438606,13.687294,13.969765,14.419891,14.026146,14.718750,14.513397,14.718750,14.793312,14.082504,14.176346,13.762703,14.157593,13.725006,14.606796,14.251350,14.007355,14.176346,13.668427,14.307571,14.363747,14.007355,13.856880,14.195114,14.307571,14.307571,14.213860,14.044937,14.007355,13.555183,14.138817,13.290382,13.498497,13.687294,14.063721,12.625069,
15.461563,16.764816,16.618950,16.527649,16.910439,16.545914,16.363075,16.472824,16.655434,16.819458,16.124794,16.600693,16.564171,16.582436,16.582436,16.253181,16.691910,16.381371,16.946808,16.381371,16.472824,16.088081,15.904274,16.271500,16.198189,16.271500,16.234848,15.867470,16.106438,15.369041,15.553970,15.350533,15.738518,15.683197,15.406059,15.016617,15.756950,15.609375,15.646294,15.535500,15.756950,15.109489,15.480049,14.476006,15.461563,15.090919,14.867805,14.644127,14.625465,14.811943,14.681450,14.401184,14.550774,14.401184,14.401184,14.457298,14.513397,14.120049,14.644127,14.849190,14.157593,14.569450,14.457298,14.737404,14.363747,13.932144,14.157593,14.063721,14.700096,14.494698,14.513397,14.007355,14.401184,14.345024,14.513397,14.120049,14.513397,14.588127,13.988556,14.251350,14.532082,14.213860,14.513397,14.232613,14.681450,14.307571,14.401184,14.326302,14.419891,14.569450,14.942238,14.419891,14.700096,15.053780,14.251350,14.438606,14.550774,14.700096,14.476006,14.550774,14.793312,15.294960,14.588127,14.251350,14.998024,14.550774,14.960838,14.998024,14.494698,14.849190,14.942238,14.886414,15.369041,14.793312,14.905037,15.016617,15.406059,15.128059,15.480049,15.239365,15.183723,14.923637,15.313492,15.849052,15.257896,15.572441,15.535500,15.480049,15.701637,15.756950,16.179840,15.406059,16.545914,16.344765,16.381371,16.472824,16.582436,16.363075,16.892258,17.146553,17.055817,17.128418,17.001335,16.964989,17.019493,17.019493,17.092117,17.128418,17.146553,17.237198,17.670921,17.073982,17.634865,17.418190,17.490471,17.562698,17.237198,17.345833,17.037659,17.400101,17.797005,17.904930,17.940880,17.598785,17.779015,17.815002,17.833000,17.761002,17.761002,17.761002,17.652901,17.994759,18.192039,18.102425,17.761002,17.616829,17.742996,17.904930,17.652901,17.904930,18.156204,17.886955,18.102425,18.084496,18.353111,18.281563,17.976807,18.138290,18.353111,18.209953,17.976807,18.531708,18.299454,18.084496,18.674309,18.209953,18.478165,18.388855,18.424599,18.567383,18.281563,18.816666,18.567383,18.209953,18.496017,18.745514,18.245766,18.976524,18.727722,18.709923,19.118340,18.994255,19.029732,19.029732,19.047462,18.745514,19.065178,18.781090,18.798882,18.478165,18.958771,18.692123,19.029732,18.674309,18.727722,18.958771,18.478165,18.656494,18.460312,18.424599,18.478165,18.460312,18.120361,18.370995,18.709923,18.887749,18.585213,18.245766,18.727722,18.781090,18.549545,18.388855,18.513863,18.513863,18.567383,18.353111,18.603035,18.603035,18.388855,18.781090,18.692123,18.549545,18.816666,18.656494,18.763306,18.620857,18.781090,18.869980,18.496017,18.887749,18.727722,18.335236,18.709923,18.263664,18.745514,18.692123,18.620857,18.567383,18.460312,18.603035,18.335236,18.781090,18.335236,18.370995,18.335236,18.388855,18.245766,18.388855,18.478165,18.209953,18.442459,18.513863,18.245766,18.299454,18.174133,18.156204,18.102425,18.174133,18.406731,18.012718,18.834435,17.850990,18.156204,18.174133,18.388855,18.245766,17.940880,17.904930,18.335236,17.958839,18.317345,18.299454,17.994759,18.263664,18.335236,18.299454,17.958839,17.868965,17.868965,18.048607,18.442459,18.353111,18.263664,18.209953,18.531708,18.012718,18.424599,18.406731,18.353111,18.245766,17.833000,18.513863,18.030663,18.335236,18.317345,18.138290,18.353111,17.904930,18.388855,18.120361,18.531708,17.833000,17.976807,17.833000,18.156204,18.209953,18.030663,18.263664,17.922905,18.174133,17.652901,18.174133,18.012718,18.102425,18.174133,18.174133,17.940880,18.084496,18.048607,17.886955,18.084496,18.299454,18.353111,18.102425,17.940880,17.761002,18.066551,18.102425,17.634865,17.742996,17.670921,17.797005,17.886955,17.490471,17.526596,17.526596,17.291534,17.562698,17.526596,17.200951,17.309639,16.783035,17.291534,16.764816,16.819458,17.019493,16.728371,16.801247,15.738518,16.582436,16.910439,16.088081,16.253181,16.051353,15.996223,15.922668,16.124794,16.179840,15.793800,15.904274,15.646294,15.812218,15.627831,15.922668,15.572441,15.572441,15.812218,15.535500,15.646294,15.646294,15.424561,15.387550,15.294960,15.109489,15.461563,15.146614,15.239365,15.664742,15.128059,15.443062,15.701637,15.517014,15.165176,15.128059,14.998024,15.664742,15.313492,15.257896,15.146614,15.220818,15.128059,15.332008,15.424561,15.332008,15.424561,15.165176,15.720085,15.332008,15.553970,15.276436,15.572441,15.480049,15.646294,15.369041,15.257896,15.369041,15.664742,15.332008,15.867470,15.535500,16.124794,15.683197,15.480049,15.517014,15.498535,15.572441,15.553970,15.572441,15.239365,15.387550,16.381371,15.276436,15.849052,15.165176,15.701637,15.683197,15.480049,15.922668,15.941071,15.867470,16.014603,16.069710,16.014603,16.161499,16.289825,16.106438,16.417961,15.959457,16.618950,16.728371,16.088081,16.545914,16.326462,16.454536,16.764816,16.801247,16.783035,16.783035,16.892258,17.055817,16.801247,16.691910,17.327736,17.092117,17.598785,17.291534,17.363930,17.164696,17.345833,17.454338,16.764816,17.436272,17.110275,17.092117,17.255310,17.019493,17.508537,17.688942,17.110275,17.237198,17.472412,17.472412,17.291534,17.110275,17.309639,17.634865,17.436272,17.526596,17.327736,17.940880,17.706970,17.688942,17.797005,17.670921,17.436272,17.490471,17.490471,17.562698,17.454338,17.580750,17.922905,17.761002,17.146553,17.345833,17.833000,17.815002,18.048607,17.976807,18.388855,17.724983,17.976807,17.418190,17.868965,17.490471,17.904930,17.580750,17.779015,17.779015,18.138290,17.742996,17.976807,18.030663,17.922905,17.779015,18.066551,17.850990,18.102425,17.688942,17.652901,17.761002,17.670921,18.066551,18.192039,17.508537,17.688942,18.245766,17.940880,18.012718,17.797005,18.209953,17.886955,18.263664,17.598785,17.976807,18.209953,17.797005,17.976807,18.299454,17.976807,17.904930,17.327736,17.850990,17.833000,17.327736,17.273430,17.418190,17.761002,17.400101,17.273430,16.946808,17.706970,17.219078,16.691910,16.564171,16.234848,16.179840,16.069710,15.885872,15.627831,15.332008,14.979439,14.793312,14.644127,14.307571,15.072350,14.438606,14.419891,14.120049,14.849190,14.157593,14.382469,14.681450,14.401184,14.774681,14.756035,14.438606,14.382469,14.756035,14.867805,14.700096,14.382469,14.288834,14.007355,13.950951,14.476006,14.419891,14.513397,14.345024,13.932144,14.700096,14.082504,14.157593,14.550774,14.213860,14.307571,14.382469,14.195114,14.774681,14.288834,13.988556,14.401184,13.574066,14.044937,13.894524,13.838051,13.366112,13.988556,13.743858,13.290382,12.758507,
15.701637,16.216530,17.092117,17.309639,16.783035,16.819458,16.600693,17.200951,16.892258,16.289825,16.618950,16.746590,16.892258,16.655434,16.855865,16.600693,16.051353,16.381371,16.326462,16.783035,16.106438,16.124794,16.253181,16.179840,15.977844,15.812218,15.756950,16.161499,15.775375,15.664742,15.590912,15.885872,15.517014,15.720085,15.609375,15.387550,15.627831,15.239365,15.646294,15.350533,15.480049,14.979439,15.239365,15.146614,15.128059,15.183723,15.646294,14.830566,15.220818,14.923637,14.737404,14.793312,15.109489,14.588127,14.867805,14.681450,14.681450,14.662788,14.849190,14.513397,14.979439,14.157593,14.101280,14.700096,14.681450,14.849190,14.756035,14.737404,14.401184,14.251350,14.251350,13.781540,14.513397,14.401184,14.569450,14.176346,14.681450,14.830566,14.550774,14.438606,14.476006,14.532082,14.588127,14.569450,14.886414,14.419891,14.270103,14.326302,14.494698,15.109489,14.979439,14.401184,14.886414,14.288834,14.923637,14.793312,14.811943,14.886414,15.128059,15.016617,14.830566,14.979439,15.072350,15.128059,15.128059,14.718750,14.979439,15.369041,14.625465,14.700096,15.165176,15.276436,15.202286,14.867805,15.146614,15.239365,15.202286,15.165176,15.387550,15.424561,15.257896,15.406059,15.369041,15.738518,15.683197,15.922668,15.683197,16.069710,15.646294,15.922668,15.996223,16.289825,16.344765,16.381371,16.472824,16.527649,16.746590,16.600693,16.874062,17.092117,17.055817,17.164696,17.382019,16.892258,17.001335,16.892258,17.146553,17.200951,17.055817,17.706970,17.418190,17.146553,17.418190,17.688942,17.652901,17.544655,17.815002,17.634865,17.382019,17.850990,17.598785,17.544655,17.508537,17.508537,17.706970,17.779015,18.138290,17.634865,18.030663,17.976807,17.850990,17.868965,17.670921,18.138290,18.084496,17.544655,18.084496,17.868965,18.174133,18.138290,18.460312,17.526596,18.299454,18.299454,17.940880,17.994759,18.120361,18.442459,18.281563,18.353111,18.209953,18.227867,18.692123,18.478165,18.138290,18.335236,18.370995,18.531708,18.406731,18.263664,18.424599,18.585213,18.781090,18.798882,18.531708,18.585213,19.277603,18.513863,19.065178,19.065178,18.834435,19.136055,18.798882,18.781090,18.798882,19.136055,19.118340,18.424599,18.745514,18.531708,18.816666,18.745514,18.692123,18.585213,19.065178,18.406731,18.227867,18.905502,18.781090,18.781090,18.317345,18.549545,18.692123,18.549545,18.209953,18.174133,18.388855,18.567383,18.656494,18.585213,18.442459,18.442459,18.227867,18.209953,17.958839,18.496017,18.478165,18.692123,18.531708,18.531708,18.620857,18.370995,18.549545,18.263664,18.638680,18.370995,18.869980,18.478165,18.263664,18.353111,18.745514,18.460312,18.156204,18.567383,18.406731,18.513863,18.531708,18.976524,18.370995,18.638680,18.299454,18.513863,18.496017,18.370995,18.102425,18.656494,18.370995,18.798882,18.513863,18.567383,18.048607,17.940880,18.174133,18.299454,18.120361,18.138290,18.066551,18.227867,18.084496,17.994759,18.066551,18.209953,18.263664,17.976807,18.066551,18.424599,18.567383,18.120361,18.620857,17.976807,18.209953,17.850990,18.478165,18.263664,18.174133,18.138290,18.174133,17.850990,18.353111,18.066551,18.102425,18.102425,18.263664,18.138290,18.353111,18.656494,18.084496,18.531708,18.138290,17.994759,18.442459,17.815002,18.353111,18.245766,18.066551,17.994759,18.227867,18.209953,17.886955,18.353111,18.281563,17.940880,18.209953,17.761002,18.102425,18.012718,18.120361,17.797005,18.156204,18.084496,18.406731,17.976807,18.084496,17.761002,18.138290,18.066551,17.994759,18.066551,18.084496,18.066551,17.922905,18.084496,17.761002,17.958839,18.012718,17.850990,17.797005,17.508537,18.245766,17.940880,17.652901,18.012718,17.580750,17.652901,17.472412,17.886955,17.400101,17.436272,16.819458,17.092117,17.418190,17.092117,17.382019,16.710136,17.001335,16.637184,16.928627,16.819458,16.691910,16.509377,16.326462,16.746590,16.143143,16.253181,16.051353,16.234848,16.326462,16.161499,16.179840,16.032974,16.198189,16.069710,15.904274,15.683197,16.234848,15.849052,15.756950,15.849052,15.294960,15.720085,15.664742,15.406059,15.756950,15.165176,15.996223,15.480049,15.443062,15.498535,15.701637,15.424561,15.276436,15.276436,15.406059,15.294960,15.553970,15.517014,15.664742,15.369041,15.830643,15.590912,15.387550,15.424561,15.830643,15.627831,15.424561,15.498535,15.590912,15.387550,15.535500,15.461563,15.517014,15.276436,15.257896,15.276436,15.424561,15.627831,15.387550,15.720085,15.498535,15.849052,15.609375,15.590912,15.867470,15.885872,15.627831,16.106438,15.535500,15.572441,15.424561,15.812218,15.812218,16.051353,15.701637,15.664742,16.032974,15.480049,16.179840,15.720085,15.830643,16.143143,16.161499,15.959457,16.253181,16.143143,15.849052,16.106438,16.600693,16.344765,16.600693,16.363075,16.837654,16.491104,16.289825,16.618950,16.746590,16.491104,16.746590,16.946808,17.073982,16.764816,17.273430,16.964989,17.182823,17.146553,17.164696,17.182823,17.508537,17.363930,16.454536,17.634865,16.819458,17.490471,17.146553,17.273430,17.255310,17.363930,17.382019,17.182823,17.634865,17.418190,17.868965,17.291534,17.164696,17.273430,17.400101,17.219078,17.454338,17.436272,17.454338,17.706970,17.291534,17.562698,17.634865,17.436272,17.200951,18.084496,17.580750,17.363930,17.724983,17.904930,17.976807,17.868965,17.634865,17.273430,18.048607,17.652901,17.815002,17.454338,17.436272,17.652901,18.012718,17.454338,18.120361,17.742996,17.742996,17.815002,17.761002,18.030663,18.209953,17.779015,17.958839,17.958839,17.868965,17.994759,17.886955,17.994759,18.138290,17.994759,17.994759,17.688942,17.779015,17.850990,17.580750,17.779015,17.868965,17.886955,17.706970,17.761002,18.370995,18.102425,17.940880,17.815002,18.120361,18.138290,17.761002,18.066551,17.688942,17.850990,17.454338,17.779015,17.616829,17.833000,17.400101,17.345833,17.363930,17.073982,17.472412,17.598785,17.544655,17.345833,16.564171,16.819458,17.055817,16.655434,16.491104,16.545914,15.775375,15.849052,15.720085,15.257896,14.886414,14.662788,14.026146,14.307571,14.681450,14.774681,14.419891,14.886414,14.718750,14.513397,14.625465,14.082504,14.457298,14.270103,14.532082,14.923637,14.288834,14.606796,14.569450,14.923637,14.662788,14.419891,14.120049,13.969765,14.138817,14.157593,14.157593,14.363747,13.969765,14.026146,14.476006,14.195114,14.606796,14.044937,14.307571,13.838051,14.251350,13.913338,13.988556,13.819221,13.838051,14.044937,14.026146,13.988556,13.611824,14.363747,13.800392,13.913338,14.007355,13.043808,
15.738518,15.664742,16.124794,16.308144,16.746590,16.216530,16.399666,16.363075,16.783035,16.874062,15.849052,16.655434,17.073982,16.946808,16.472824,17.037659,16.710136,16.216530,16.216530,16.417961,16.472824,16.637184,16.106438,15.941071,16.472824,16.143143,16.234848,15.996223,16.014603,16.069710,16.198189,16.179840,15.350533,15.646294,15.664742,15.443062,15.276436,15.664742,15.461563,15.664742,15.276436,15.517014,14.905037,15.387550,15.350533,14.979439,15.313492,14.550774,14.905037,14.867805,15.109489,14.960838,14.811943,14.588127,14.867805,14.867805,15.035194,14.532082,14.849190,14.063721,14.942238,14.625465,14.681450,14.811943,15.016617,14.251350,15.183723,14.082504,14.550774,14.923637,15.276436,14.569450,14.251350,14.176346,14.998024,14.737404,14.569450,14.288834,14.905037,14.457298,14.979439,14.830566,14.849190,14.756035,14.401184,14.979439,14.494698,14.681450,14.867805,14.532082,14.830566,14.756035,14.644127,14.457298,14.905037,14.532082,14.886414,14.998024,14.830566,14.942238,14.942238,14.867805,14.737404,15.035194,14.774681,15.424561,15.350533,15.683197,14.960838,14.849190,15.165176,14.886414,15.220818,14.886414,15.090919,15.498535,15.220818,15.294960,15.590912,15.165176,15.498535,15.627831,15.646294,15.220818,15.885872,15.220818,16.069710,15.756950,15.904274,15.977844,16.216530,16.143143,16.509377,16.344765,16.527649,16.271500,16.472824,16.618950,16.289825,16.545914,16.964989,16.728371,16.783035,17.073982,17.580750,16.710136,17.400101,17.019493,17.309639,17.418190,17.273430,16.801247,17.761002,18.012718,17.237198,17.598785,17.833000,17.634865,17.797005,17.490471,17.526596,17.833000,17.724983,17.544655,18.048607,18.102425,17.779015,17.436272,17.940880,17.976807,17.634865,17.706970,18.120361,17.868965,17.994759,18.174133,17.940880,17.616829,17.958839,17.833000,17.670921,17.940880,18.102425,17.886955,17.886955,18.370995,18.048607,18.048607,18.156204,18.245766,17.815002,17.833000,18.424599,18.192039,18.299454,18.370995,18.388855,18.496017,18.245766,18.012718,18.852211,18.585213,18.727722,18.496017,18.460312,18.834435,18.567383,18.638680,18.549545,18.727722,18.923264,19.100624,18.976524,18.852211,18.798882,18.834435,18.923264,18.923264,18.727722,18.798882,18.958771,18.638680,18.852211,18.834435,18.852211,18.388855,18.585213,18.406731,18.406731,18.531708,18.370995,18.424599,18.424599,18.120361,18.353111,18.478165,18.638680,17.958839,18.370995,18.603035,18.709923,18.066551,17.940880,18.227867,18.478165,18.030663,18.834435,18.585213,18.299454,18.674309,18.656494,18.442459,18.281563,18.192039,18.567383,18.335236,18.620857,18.245766,18.656494,18.727722,18.335236,18.442459,18.620857,18.549545,18.549545,18.442459,18.852211,18.209953,18.299454,18.138290,18.478165,18.174133,18.406731,18.781090,18.281563,18.209953,18.478165,18.424599,18.174133,18.549545,18.335236,18.353111,18.209953,18.174133,17.976807,18.192039,18.227867,18.138290,18.299454,18.317345,17.616829,18.460312,18.209953,17.797005,18.120361,18.406731,18.442459,18.084496,17.904930,18.227867,18.263664,18.281563,18.263664,18.084496,18.585213,17.868965,18.066551,18.156204,18.120361,18.531708,18.299454,18.012718,18.227867,18.245766,18.603035,18.388855,18.209953,18.281563,18.353111,17.706970,18.406731,18.406731,18.531708,17.958839,18.531708,17.994759,18.496017,18.227867,17.868965,18.156204,17.904930,18.245766,17.922905,18.245766,18.084496,17.940880,18.263664,17.562698,18.245766,18.066551,18.406731,17.994759,18.245766,17.833000,18.084496,17.562698,17.815002,17.868965,18.120361,17.616829,17.616829,18.120361,18.192039,17.580750,17.850990,18.174133,18.048607,17.904930,17.454338,18.156204,17.742996,17.634865,17.886955,17.182823,17.616829,17.255310,17.562698,17.706970,17.472412,17.237198,17.273430,17.580750,17.598785,16.983162,17.345833,17.309639,16.710136,16.655434,16.545914,16.509377,16.673668,16.600693,16.491104,16.801247,16.381371,16.381371,16.234848,15.996223,16.710136,16.363075,16.014603,15.775375,15.830643,15.922668,16.253181,15.756950,16.234848,15.756950,16.161499,15.830643,15.959457,15.922668,15.480049,15.461563,15.812218,15.738518,15.480049,15.553970,15.646294,15.996223,16.143143,15.738518,15.553970,15.627831,15.627831,15.812218,15.849052,15.996223,16.032974,16.051353,16.124794,15.701637,15.941071,15.941071,15.849052,15.128059,16.032974,15.683197,15.480049,15.904274,15.443062,15.701637,15.683197,15.812218,15.849052,16.069710,15.922668,15.646294,16.051353,15.756950,16.198189,15.922668,15.775375,16.014603,15.793800,15.683197,15.793800,15.812218,15.885872,15.775375,15.775375,15.849052,15.812218,15.996223,16.069710,15.775375,16.014603,16.069710,15.830643,16.143143,16.216530,16.545914,16.417961,16.106438,16.472824,16.179840,16.564171,16.472824,16.928627,16.527649,16.436256,17.128418,16.983162,16.783035,16.728371,16.910439,16.837654,16.618950,16.637184,16.764816,16.783035,17.273430,17.237198,16.892258,17.001335,17.544655,17.255310,17.436272,17.146553,17.382019,17.544655,17.128418,17.182823,17.382019,17.634865,17.273430,17.562698,17.255310,17.309639,17.436272,17.670921,17.490471,17.418190,16.910439,17.562698,17.544655,17.472412,17.833000,17.562698,17.472412,17.833000,17.850990,17.454338,17.815002,17.454338,17.706970,17.309639,17.544655,17.526596,17.958839,18.084496,17.797005,17.886955,17.976807,17.436272,17.761002,17.886955,17.652901,17.544655,17.634865,17.797005,17.454338,18.030663,17.742996,17.562698,17.490471,18.209953,18.012718,17.904930,17.779015,17.688942,18.066551,17.598785,18.317345,17.850990,17.994759,17.815002,17.868965,17.706970,17.922905,17.958839,17.580750,18.120361,18.066551,18.174133,17.833000,17.958839,17.904930,18.084496,18.084496,18.048607,17.868965,17.850990,18.335236,17.761002,17.797005,18.174133,17.797005,17.742996,17.958839,17.706970,17.797005,17.472412,17.237198,17.544655,17.797005,17.128418,17.363930,17.616829,17.128418,16.783035,17.291534,16.161499,16.655434,16.344765,16.198189,16.106438,15.904274,15.572441,15.590912,15.146614,14.681450,14.718750,14.457298,14.644127,14.438606,14.401184,14.905037,14.307571,14.662788,14.401184,14.774681,14.662788,14.606796,14.886414,14.176346,14.849190,14.026146,14.923637,14.718750,14.232613,14.886414,14.550774,14.662788,14.157593,14.120049,14.082504,14.251350,14.737404,14.476006,14.007355,14.120049,14.232613,14.326302,14.157593,14.756035,14.363747,14.326302,14.101280,13.819221,13.894524,13.592949,13.498497,13.838051,13.555183,13.592949,14.232613,13.517403,13.479599,13.668427,
15.701637,15.977844,16.728371,16.472824,17.382019,16.618950,16.783035,16.491104,16.655434,16.271500,16.381371,16.491104,16.381371,16.326462,16.928627,15.996223,16.381371,16.783035,16.564171,15.775375,16.417961,16.436256,16.417961,15.977844,16.289825,15.812218,16.069710,16.381371,15.867470,16.161499,16.253181,15.904274,15.922668,15.443062,16.124794,15.165176,15.977844,15.775375,15.609375,15.461563,15.793800,15.701637,14.979439,15.016617,15.498535,15.424561,15.590912,15.406059,14.737404,15.072350,15.885872,14.700096,14.737404,14.923637,14.830566,14.457298,14.923637,15.035194,15.294960,14.681450,14.625465,14.718750,15.332008,14.960838,15.090919,15.035194,14.923637,14.849190,14.960838,14.718750,14.811943,14.923637,15.053780,14.830566,15.146614,14.849190,14.830566,15.016617,14.588127,15.332008,14.756035,14.979439,15.016617,14.960838,14.774681,14.532082,14.960838,14.606796,14.979439,14.662788,14.867805,15.053780,15.128059,14.457298,14.923637,15.294960,15.146614,15.443062,14.979439,14.793312,15.165176,15.053780,15.369041,15.313492,15.257896,15.146614,15.202286,15.443062,15.387550,15.350533,15.627831,15.053780,15.461563,15.775375,15.072350,15.535500,15.498535,15.090919,15.553970,15.756950,15.239365,16.051353,15.867470,15.517014,15.922668,15.646294,15.959457,15.941071,15.830643,15.941071,16.253181,16.234848,16.600693,16.363075,16.710136,16.454536,16.600693,16.710136,17.019493,16.673668,16.946808,17.309639,17.273430,17.055817,17.037659,17.327736,16.855865,17.255310,17.055817,17.037659,17.454338,17.092117,17.400101,16.910439,17.037659,17.237198,17.598785,17.761002,17.562698,17.616829,17.508537,17.706970,17.345833,17.850990,17.345833,17.652901,17.616829,18.066551,17.418190,17.616829,17.688942,17.940880,17.761002,17.797005,17.634865,17.724983,17.688942,18.192039,17.670921,17.904930,18.012718,18.209953,17.490471,18.084496,18.263664,17.815002,18.066551,17.742996,17.815002,18.048607,18.227867,17.976807,18.192039,18.460312,18.138290,18.513863,18.317345,18.585213,18.460312,18.299454,18.299454,18.353111,18.478165,18.852211,18.816666,18.656494,18.994255,18.567383,18.869980,18.709923,19.047462,18.781090,19.206863,18.816666,19.011993,18.852211,18.781090,18.709923,18.941017,18.406731,19.029732,18.692123,18.549545,18.941017,18.816666,18.709923,18.816666,18.299454,18.496017,18.102425,18.299454,18.709923,18.692123,18.442459,18.174133,18.549545,18.656494,18.531708,18.102425,18.299454,18.353111,18.192039,18.531708,18.263664,18.388855,18.156204,18.656494,18.174133,18.388855,18.763306,18.692123,18.496017,18.299454,18.424599,17.922905,18.388855,18.638680,18.263664,18.549545,17.976807,18.317345,18.549545,18.281563,18.656494,18.120361,18.156204,18.335236,18.656494,18.513863,18.335236,18.263664,18.478165,18.138290,18.478165,18.478165,18.227867,18.317345,18.727722,18.567383,18.209953,18.299454,18.174133,17.940880,18.174133,18.156204,17.779015,18.156204,17.761002,18.263664,18.245766,17.490471,17.958839,18.030663,18.174133,18.174133,18.138290,17.958839,18.084496,18.209953,18.245766,18.263664,18.549545,18.370995,18.138290,18.585213,18.299454,17.904930,17.976807,17.850990,18.263664,18.299454,17.850990,17.940880,17.886955,18.245766,18.299454,18.102425,18.102425,18.424599,18.084496,18.192039,18.048607,18.156204,18.048607,18.138290,18.442459,18.209953,17.958839,17.904930,18.281563,17.904930,18.227867,18.299454,17.742996,17.815002,18.388855,17.976807,17.940880,17.688942,18.048607,18.406731,18.138290,17.994759,17.958839,17.833000,18.120361,18.263664,18.048607,18.084496,18.030663,18.317345,17.833000,17.904930,17.886955,18.353111,18.084496,17.526596,17.833000,17.670921,17.580750,17.418190,17.976807,17.994759,17.688942,17.472412,17.742996,17.958839,17.580750,17.634865,17.327736,17.706970,17.418190,17.182823,17.092117,17.019493,16.983162,17.219078,16.564171,17.037659,16.710136,16.728371,16.637184,16.855865,16.417961,16.673668,16.509377,16.326462,16.363075,16.436256,16.106438,16.363075,16.289825,16.399666,16.032974,16.363075,15.959457,16.326462,16.069710,16.253181,15.941071,15.646294,16.124794,16.088081,15.941071,16.198189,15.922668,15.867470,16.234848,15.683197,15.793800,15.830643,15.830643,15.849052,15.720085,15.775375,15.977844,16.417961,16.161499,15.701637,16.069710,16.106438,15.977844,16.234848,16.014603,15.720085,15.922668,15.572441,15.775375,15.922668,15.756950,15.683197,16.106438,16.308144,15.812218,15.683197,15.812218,15.867470,16.051353,16.106438,16.161499,16.271500,15.756950,16.051353,15.849052,16.051353,16.124794,16.051353,15.756950,16.198189,16.124794,16.381371,16.234848,15.941071,15.959457,16.143143,15.959457,15.867470,16.289825,16.308144,16.069710,16.124794,16.436256,16.655434,16.344765,16.545914,16.032974,16.837654,16.545914,16.691910,16.783035,16.491104,16.819458,17.037659,16.819458,17.110275,16.783035,16.655434,16.874062,16.801247,17.291534,17.019493,17.400101,17.255310,17.164696,17.055817,17.219078,16.710136,17.327736,17.345833,17.598785,17.363930,17.164696,17.616829,17.219078,17.110275,17.508537,17.073982,17.562698,17.382019,17.345833,17.833000,17.670921,17.200951,17.273430,17.363930,17.055817,17.922905,17.670921,17.742996,17.128418,17.219078,17.309639,17.652901,17.724983,17.400101,17.363930,17.670921,17.634865,17.940880,17.436272,17.652901,17.670921,17.850990,17.454338,17.490471,17.815002,17.850990,17.382019,17.833000,17.688942,17.634865,17.868965,17.922905,17.688942,17.761002,17.706970,17.976807,17.598785,17.436272,17.779015,17.976807,17.886955,17.508537,17.580750,17.670921,17.634865,17.761002,17.886955,17.580750,17.779015,17.508537,17.526596,17.868965,17.670921,17.742996,17.670921,17.490471,17.886955,18.084496,17.886955,18.138290,17.742996,18.478165,17.616829,18.370995,17.868965,17.706970,17.634865,17.922905,17.761002,18.066551,17.580750,17.454338,17.868965,17.219078,17.634865,17.670921,17.345833,17.472412,17.580750,16.819458,16.673668,17.472412,16.637184,16.783035,15.922668,16.417961,16.381371,15.424561,15.480049,15.183723,14.960838,15.072350,14.774681,14.345024,14.476006,14.830566,14.157593,14.979439,14.625465,14.569450,14.774681,14.923637,14.793312,14.756035,14.270103,14.138817,14.457298,14.438606,14.476006,14.923637,14.288834,14.625465,14.232613,14.681450,14.288834,14.494698,14.382469,14.044937,14.438606,14.960838,14.195114,14.382469,14.251350,14.232613,14.157593,14.195114,14.251350,14.082504,13.687294,14.176346,13.630692,13.894524,13.555183,14.063721,13.252487,13.913338,13.913338,13.555183,12.739456,
15.738518,17.019493,16.399666,16.746590,16.399666,17.073982,16.892258,16.381371,16.637184,16.655434,16.673668,16.088081,16.746590,16.271500,17.037659,16.655434,16.545914,16.436256,16.582436,16.069710,15.867470,16.143143,16.326462,16.271500,16.582436,16.582436,16.069710,15.922668,15.793800,16.234848,15.424561,16.106438,16.032974,16.088081,15.276436,15.627831,15.498535,15.498535,15.387550,15.646294,15.885872,15.683197,15.517014,15.517014,15.202286,15.220818,15.332008,15.072350,15.165176,15.313492,15.369041,15.035194,15.369041,14.886414,15.053780,15.128059,15.035194,14.588127,15.109489,15.165176,14.867805,15.072350,15.146614,15.072350,14.886414,14.923637,14.793312,14.494698,15.035194,14.998024,14.942238,14.756035,14.923637,14.886414,14.625465,14.737404,15.202286,14.811943,14.867805,15.053780,14.998024,15.183723,15.369041,14.625465,15.128059,15.128059,14.979439,14.774681,15.183723,15.016617,15.332008,14.979439,15.202286,14.979439,15.257896,15.498535,15.480049,15.109489,15.294960,15.313492,15.517014,14.737404,15.683197,15.183723,15.128059,15.461563,15.517014,15.053780,15.369041,15.035194,15.072350,15.146614,15.294960,14.923637,15.756950,15.369041,15.072350,15.812218,15.332008,15.498535,16.216530,16.051353,15.756950,15.590912,15.867470,15.812218,15.977844,16.032974,16.399666,16.399666,16.069710,15.756950,16.289825,16.527649,16.216530,16.436256,17.001335,16.983162,16.855865,16.946808,17.219078,16.874062,17.146553,17.055817,17.508537,17.309639,16.910439,17.327736,17.164696,17.055817,17.363930,17.382019,17.345833,17.092117,17.345833,17.146553,17.418190,17.309639,17.652901,17.833000,17.200951,17.418190,17.598785,17.490471,17.833000,17.598785,17.634865,17.580750,17.345833,17.779015,18.084496,17.797005,17.724983,17.976807,17.994759,17.886955,18.102425,17.652901,18.299454,18.012718,17.815002,17.797005,17.976807,18.531708,18.245766,18.120361,18.353111,17.958839,17.868965,18.335236,18.138290,17.922905,18.192039,18.084496,18.317345,18.567383,18.317345,18.066551,18.281563,18.174133,18.442459,18.120361,18.852211,18.585213,18.709923,18.496017,18.620857,18.620857,18.834435,18.549545,18.887749,18.567383,18.424599,18.905502,18.816666,18.281563,18.798882,18.941017,18.620857,19.029732,19.206863,18.692123,18.834435,18.442459,18.513863,18.585213,18.869980,18.513863,18.227867,18.496017,18.281563,18.353111,18.460312,18.174133,18.496017,18.263664,18.156204,18.156204,18.192039,18.370995,18.567383,18.478165,18.120361,18.138290,18.603035,18.317345,18.620857,18.227867,18.620857,18.192039,18.603035,18.656494,18.478165,18.424599,18.745514,18.745514,18.174133,18.549545,18.549545,18.478165,18.478165,18.496017,18.370995,18.084496,18.549545,18.370995,18.370995,18.406731,18.406731,18.478165,18.496017,18.603035,18.709923,17.958839,18.585213,18.406731,18.335236,17.850990,18.156204,18.353111,18.620857,18.102425,18.138290,18.299454,18.567383,18.048607,18.048607,18.209953,17.994759,18.012718,18.030663,17.958839,18.012718,18.102425,18.335236,18.227867,18.209953,18.388855,18.084496,18.174133,18.138290,17.634865,18.353111,18.120361,17.815002,17.886955,18.424599,17.976807,18.102425,18.192039,18.156204,18.317345,17.815002,17.868965,18.209953,18.406731,18.478165,18.245766,18.245766,18.138290,17.958839,18.585213,18.102425,18.120361,18.120361,18.012718,18.084496,18.513863,18.120361,18.120361,18.370995,18.138290,18.084496,17.868965,18.102425,18.030663,18.030663,18.174133,17.815002,18.138290,18.012718,17.815002,17.904930,18.084496,18.048607,17.994759,18.066551,18.084496,18.156204,17.940880,17.976807,17.598785,18.084496,18.048607,17.742996,17.815002,17.670921,18.084496,17.976807,17.616829,17.779015,17.490471,17.815002,17.724983,17.940880,17.706970,17.291534,17.779015,17.688942,17.219078,17.652901,17.291534,17.327736,16.819458,17.291534,17.237198,16.946808,16.600693,17.237198,16.691910,17.110275,16.964989,16.928627,16.783035,16.764816,16.363075,16.710136,16.491104,16.728371,16.051353,16.436256,16.253181,16.637184,16.198189,16.289825,16.234848,16.289825,16.143143,16.051353,16.198189,16.179840,16.161499,16.161499,16.271500,16.216530,16.527649,15.885872,16.308144,15.830643,16.161499,15.941071,16.088081,16.179840,15.793800,16.143143,15.830643,16.436256,15.701637,16.143143,16.124794,15.941071,16.124794,16.198189,16.234848,15.775375,16.143143,16.124794,16.344765,16.363075,15.867470,16.491104,16.198189,15.941071,16.381371,16.436256,16.271500,16.491104,15.941071,16.216530,16.271500,16.618950,16.014603,16.545914,16.326462,16.289825,16.124794,16.143143,16.124794,16.216530,16.253181,16.088081,16.545914,16.381371,16.253181,16.234848,16.381371,16.032974,16.051353,16.472824,16.454536,16.618950,16.161499,16.564171,16.600693,16.326462,16.381371,16.783035,16.874062,16.710136,16.326462,17.019493,16.837654,17.019493,16.600693,16.746590,17.182823,16.837654,16.983162,16.819458,16.910439,16.892258,16.910439,17.327736,16.928627,17.164696,17.382019,17.110275,17.436272,17.400101,17.092117,17.436272,17.616829,17.219078,17.833000,17.454338,17.182823,17.273430,17.580750,17.490471,17.490471,17.472412,17.526596,17.634865,17.255310,17.598785,17.994759,17.291534,17.652901,17.472412,17.382019,17.670921,17.850990,17.472412,17.616829,17.742996,17.418190,17.670921,17.634865,17.868965,18.084496,17.761002,18.048607,17.940880,17.291534,17.670921,17.815002,17.797005,17.815002,17.544655,17.976807,17.670921,17.670921,17.598785,17.345833,17.868965,17.886955,17.363930,17.868965,17.868965,17.562698,18.030663,17.850990,17.868965,17.958839,17.526596,17.400101,17.345833,17.797005,17.508537,17.976807,17.724983,17.706970,17.761002,17.922905,17.742996,17.724983,18.066551,18.424599,17.616829,18.281563,18.048607,18.120361,17.797005,17.779015,18.084496,18.174133,17.797005,17.724983,17.868965,17.273430,17.904930,17.706970,17.508537,17.652901,17.562698,17.850990,17.182823,17.182823,17.436272,17.706970,16.783035,17.019493,16.637184,16.964989,16.363075,16.253181,16.143143,15.517014,15.664742,15.553970,14.942238,14.662788,14.979439,14.082504,14.382469,14.700096,14.849190,14.606796,15.165176,14.756035,14.532082,15.202286,14.288834,14.905037,14.157593,14.363747,14.494698,14.401184,14.700096,14.101280,14.270103,14.476006,14.476006,14.195114,14.120049,14.307571,14.176346,14.363747,14.176346,13.668427,14.457298,14.120049,13.611824,14.082504,14.063721,14.550774,13.762703,13.725006,13.950951,13.517403,13.668427,14.382469,13.800392,14.288834,13.969765,13.743858,13.894524,13.611824,13.592949,13.422867,
15.849052,16.326462,16.746590,16.509377,16.764816,16.618950,17.019493,16.928627,16.545914,16.783035,16.253181,16.564171,16.600693,16.179840,16.509377,16.344765,16.454536,16.600693,16.253181,15.849052,16.234848,15.922668,16.436256,15.812218,16.032974,15.849052,16.764816,15.996223,16.545914,15.830643,16.014603,15.867470,16.234848,15.830643,16.271500,15.849052,15.517014,15.535500,16.051353,15.572441,16.032974,15.387550,15.461563,15.646294,15.369041,15.239365,15.406059,15.738518,15.572441,15.294960,15.646294,15.239365,15.313492,15.016617,15.276436,15.387550,15.369041,15.090919,15.183723,15.406059,15.109489,14.793312,14.905037,14.923637,15.387550,14.998024,14.867805,15.202286,14.569450,14.830566,14.849190,15.276436,14.923637,15.035194,15.109489,14.960838,15.146614,15.461563,15.257896,15.128059,15.350533,15.387550,15.793800,15.090919,15.072350,15.035194,15.090919,15.443062,14.905037,15.572441,15.016617,15.517014,15.480049,15.387550,15.387550,14.998024,15.072350,15.720085,15.480049,15.072350,15.590912,15.756950,15.406059,15.535500,15.313492,15.202286,15.572441,15.609375,15.035194,15.313492,15.406059,15.480049,15.793800,15.276436,15.609375,15.664742,15.683197,15.959457,15.720085,15.535500,15.572441,15.572441,15.683197,15.756950,16.106438,15.996223,16.143143,16.234848,15.683197,15.977844,16.363075,16.198189,16.582436,16.253181,16.746590,16.509377,16.472824,16.855865,16.928627,16.637184,17.110275,16.819458,16.819458,17.092117,16.855865,17.092117,16.983162,16.928627,17.255310,17.670921,17.110275,17.400101,17.544655,17.418190,17.400101,17.255310,17.508537,17.200951,17.382019,17.940880,17.779015,17.652901,18.012718,18.066551,17.706970,17.688942,18.192039,17.508537,18.084496,18.012718,17.598785,17.922905,17.940880,17.940880,18.120361,17.761002,18.030663,18.012718,18.192039,17.904930,18.156204,18.138290,18.102425,18.102425,18.012718,18.174133,18.120361,18.120361,18.012718,18.209953,18.370995,18.012718,18.281563,18.335236,18.603035,18.227867,18.531708,18.478165,18.567383,18.120361,18.335236,18.317345,18.227867,18.442459,18.478165,18.263664,18.281563,18.460312,18.406731,18.638680,18.638680,18.692123,18.745514,19.029732,18.887749,18.549545,18.638680,19.189156,18.531708,18.567383,18.656494,18.763306,18.603035,18.923264,19.029732,18.692123,18.692123,18.692123,18.227867,18.460312,18.478165,18.263664,18.442459,18.674309,18.156204,18.424599,18.353111,18.567383,18.066551,18.335236,18.406731,18.174133,18.353111,18.084496,18.370995,18.120361,18.656494,18.496017,18.174133,18.209953,18.370995,17.976807,18.603035,18.281563,18.513863,18.299454,18.531708,18.692123,18.406731,18.174133,18.263664,18.692123,18.353111,18.781090,18.192039,18.102425,18.513863,18.317345,18.227867,18.281563,18.478165,18.496017,18.370995,18.066551,18.388855,18.424599,18.460312,18.281563,18.227867,18.281563,18.227867,18.066551,17.868965,18.192039,17.994759,18.263664,18.442459,17.940880,18.353111,18.102425,18.102425,17.868965,17.976807,18.120361,17.779015,18.227867,18.066551,17.940880,18.209953,18.227867,18.388855,18.102425,17.616829,18.388855,18.442459,18.478165,18.406731,18.388855,18.478165,18.066551,18.030663,18.245766,18.335236,18.174133,18.066551,18.478165,18.299454,18.227867,18.388855,18.478165,18.370995,18.192039,18.281563,18.370995,17.815002,18.353111,18.496017,18.012718,18.245766,18.156204,18.245766,18.048607,18.353111,18.138290,18.299454,17.940880,17.724983,18.317345,18.138290,18.084496,18.192039,17.797005,18.192039,17.706970,17.724983,18.174133,18.442459,18.227867,18.084496,17.922905,17.958839,18.102425,18.066551,17.922905,17.688942,17.815002,17.922905,17.868965,17.815002,17.797005,17.490471,17.688942,17.634865,17.940880,17.418190,17.688942,17.706970,17.472412,17.580750,17.634865,17.833000,17.454338,17.309639,17.526596,17.110275,17.055817,17.400101,16.964989,17.110275,17.182823,17.001335,17.237198,17.200951,16.564171,16.928627,17.001335,16.837654,16.783035,16.728371,16.582436,16.234848,16.582436,16.179840,16.728371,16.582436,16.618950,16.399666,16.801247,16.655434,16.509377,16.216530,16.143143,16.363075,16.106438,16.326462,16.179840,15.849052,16.326462,15.941071,16.326462,15.959457,15.904274,16.289825,16.143143,16.308144,16.381371,16.545914,16.143143,15.904274,16.088081,16.051353,16.069710,16.417961,16.326462,16.289825,15.885872,15.996223,16.417961,15.941071,16.143143,16.179840,16.600693,16.289825,16.234848,16.472824,16.271500,16.216530,15.977844,16.032974,16.308144,16.106438,16.143143,16.472824,16.069710,16.143143,16.216530,15.941071,16.088081,15.941071,16.014603,16.381371,16.032974,16.655434,16.454536,16.088081,16.198189,16.417961,16.545914,16.253181,16.289825,16.344765,16.545914,16.564171,16.344765,16.527649,16.344765,17.237198,16.874062,17.001335,16.801247,17.146553,16.855865,17.073982,16.618950,16.600693,17.019493,16.946808,16.892258,17.092117,17.092117,17.092117,17.309639,17.237198,17.037659,17.237198,16.892258,17.490471,17.200951,17.508537,17.273430,18.156204,17.146553,17.291534,17.110275,17.164696,17.291534,17.345833,17.345833,17.327736,17.291534,17.327736,17.526596,17.418190,17.309639,17.309639,17.742996,17.146553,17.255310,17.164696,17.850990,17.526596,18.012718,17.797005,17.580750,17.345833,17.940880,17.472412,17.327736,17.454338,17.797005,17.490471,17.562698,17.904930,17.652901,17.850990,17.886955,17.598785,17.868965,17.670921,17.958839,17.400101,17.904930,17.598785,17.237198,17.598785,17.688942,17.958839,18.012718,17.904930,17.940880,17.472412,17.815002,17.868965,17.508537,17.562698,17.742996,17.562698,17.761002,17.255310,17.544655,17.850990,17.598785,17.688942,17.761002,18.066551,18.138290,17.904930,17.761002,18.048607,17.868965,18.102425,18.066551,17.706970,17.706970,18.102425,17.724983,17.580750,18.084496,18.084496,17.309639,18.066551,18.299454,17.327736,17.742996,17.742996,17.779015,17.454338,17.382019,17.345833,17.345833,17.273430,17.128418,16.801247,16.691910,16.837654,16.326462,15.867470,15.867470,15.443062,15.775375,15.146614,15.035194,14.923637,14.960838,14.569450,14.382469,14.644127,14.606796,14.363747,14.588127,15.090919,14.588127,14.476006,14.382469,14.476006,14.457298,14.345024,14.756035,14.120049,14.401184,14.251350,14.363747,14.082504,14.550774,14.569450,14.007355,14.737404,14.438606,14.251350,14.532082,13.969765,13.687294,13.819221,14.960838,14.120049,14.251350,13.894524,13.687294,13.913338,14.044937,13.555183,13.781540,13.649567,14.288834,14.101280,14.082504,13.441788,14.401184,12.891754,12.663208,
15.369041,16.728371,16.491104,16.344765,17.092117,16.618950,16.946808,16.509377,17.291534,16.344765,16.600693,16.928627,16.491104,16.381371,16.491104,16.582436,16.198189,16.509377,16.326462,16.344765,16.710136,16.509377,15.424561,16.253181,16.399666,16.088081,16.198189,16.198189,15.977844,16.564171,16.106438,16.106438,15.572441,16.271500,16.014603,15.683197,15.738518,15.553970,15.517014,16.124794,15.812218,15.553970,15.572441,15.443062,15.775375,15.443062,16.198189,15.220818,15.257896,15.183723,15.202286,15.553970,15.480049,15.239365,15.202286,15.572441,15.350533,15.443062,15.183723,15.332008,15.220818,15.406059,15.220818,15.109489,14.867805,15.202286,15.738518,15.461563,15.424561,15.035194,15.202286,15.683197,15.239365,15.294960,14.849190,15.276436,15.535500,15.369041,15.294960,15.535500,14.942238,15.239365,15.701637,15.257896,15.332008,15.202286,15.350533,15.424561,15.775375,15.294960,15.885872,15.257896,15.294960,15.830643,15.775375,15.627831,15.830643,15.369041,15.443062,15.332008,15.701637,15.941071,15.387550,15.165176,15.996223,15.775375,15.646294,15.461563,15.257896,15.609375,15.165176,15.646294,15.756950,16.014603,15.683197,15.793800,15.885872,15.812218,15.941071,16.014603,15.812218,16.234848,16.124794,15.867470,16.179840,16.417961,15.996223,16.710136,16.381371,16.381371,16.582436,16.436256,16.637184,16.564171,16.855865,16.564171,16.564171,16.764816,17.073982,17.055817,17.309639,17.200951,17.436272,16.928627,16.764816,17.164696,17.255310,17.400101,16.783035,17.291534,17.363930,17.255310,17.526596,18.048607,17.273430,17.436272,17.598785,17.815002,17.472412,17.273430,17.562698,17.454338,17.922905,17.850990,17.526596,17.868965,17.922905,17.616829,18.066551,17.454338,17.472412,18.120361,18.048607,17.724983,18.120361,17.544655,17.670921,17.706970,18.281563,18.084496,17.958839,18.066551,17.868965,18.102425,18.192039,18.227867,18.156204,17.958839,18.066551,18.048607,18.084496,18.727722,18.048607,17.994759,18.442459,18.353111,18.281563,18.048607,18.209953,18.370995,18.460312,18.549545,18.353111,18.209953,18.353111,18.567383,18.335236,18.370995,18.299454,18.567383,18.353111,18.567383,18.335236,18.388855,18.603035,18.816666,18.709923,18.727722,18.638680,19.082909,18.692123,18.727722,18.585213,18.585213,18.887749,18.976524,18.727722,18.976524,18.674309,18.727722,18.496017,18.388855,18.460312,19.082909,18.513863,18.370995,18.174133,18.513863,18.549545,18.120361,18.549545,18.388855,18.084496,18.263664,18.353111,18.638680,18.245766,18.012718,18.460312,18.549545,18.460312,18.299454,18.442459,18.209953,18.478165,18.317345,18.335236,18.335236,18.496017,18.317345,18.388855,18.531708,18.370995,18.084496,18.781090,18.317345,18.674309,18.245766,18.281563,18.138290,18.335236,18.030663,18.585213,18.478165,18.656494,18.370995,18.531708,18.513863,18.424599,18.424599,17.976807,18.317345,18.335236,18.030663,18.406731,18.263664,18.603035,18.084496,18.138290,18.174133,17.886955,17.850990,18.138290,17.868965,18.102425,18.048607,18.012718,18.174133,18.353111,18.138290,17.922905,18.227867,17.994759,18.156204,17.886955,18.281563,18.227867,18.388855,18.084496,18.245766,18.460312,18.567383,18.531708,18.209953,18.120361,18.299454,18.478165,18.638680,18.460312,18.460312,18.245766,18.709923,18.531708,18.174133,17.994759,18.317345,18.138290,18.317345,18.030663,18.513863,18.156204,18.156204,18.138290,18.245766,18.281563,18.120361,18.120361,17.958839,18.460312,18.281563,18.102425,18.030663,18.066551,17.833000,18.030663,18.156204,18.174133,17.742996,18.102425,17.904930,18.406731,17.886955,17.688942,17.994759,18.048607,17.761002,17.922905,17.797005,18.048607,17.940880,18.084496,18.156204,18.209953,17.742996,17.868965,17.724983,17.490471,17.291534,17.598785,17.309639,17.652901,17.472412,17.382019,17.309639,17.742996,17.363930,17.544655,17.382019,17.544655,17.291534,17.128418,16.983162,17.418190,16.910439,16.691910,16.527649,16.637184,16.819458,16.819458,16.691910,16.673668,16.655434,16.673668,16.491104,16.801247,16.637184,16.728371,16.564171,16.655434,16.289825,16.491104,16.710136,16.381371,16.527649,16.491104,15.701637,16.417961,16.216530,16.582436,16.253181,15.996223,16.271500,15.996223,15.941071,16.527649,16.051353,16.454536,16.491104,16.308144,16.436256,16.472824,16.069710,16.308144,16.271500,16.088081,16.326462,16.326462,15.830643,16.234848,16.216530,16.014603,16.509377,16.253181,16.308144,16.363075,16.271500,16.032974,16.069710,16.253181,15.775375,15.812218,16.344765,16.271500,16.399666,16.032974,16.179840,16.417961,16.363075,16.198189,16.600693,16.014603,16.436256,16.326462,16.381371,16.454536,16.783035,16.253181,16.014603,16.472824,16.161499,16.801247,16.728371,16.655434,16.874062,17.073982,16.892258,16.819458,16.564171,16.728371,16.545914,16.928627,17.037659,17.110275,16.746590,17.001335,16.436256,17.055817,17.019493,17.073982,16.892258,17.001335,17.001335,17.164696,17.291534,16.783035,17.073982,17.670921,17.436272,17.382019,17.508537,17.237198,17.382019,17.037659,17.580750,17.742996,17.164696,17.327736,17.382019,17.598785,17.652901,17.562698,17.382019,17.616829,17.418190,17.706970,17.652901,16.983162,17.055817,17.886955,17.724983,17.164696,17.706970,17.850990,17.544655,17.562698,17.904930,17.688942,17.345833,17.454338,17.490471,17.526596,17.779015,17.526596,17.706970,17.598785,17.634865,17.761002,17.868965,17.688942,17.454338,17.670921,17.850990,17.688942,17.742996,17.472412,17.291534,17.634865,17.868965,17.670921,17.526596,18.012718,17.886955,17.779015,17.922905,17.976807,17.616829,17.868965,17.940880,18.030663,17.688942,17.526596,17.454338,18.120361,17.454338,17.526596,17.994759,17.454338,17.418190,17.833000,17.940880,18.030663,17.886955,18.048607,17.779015,17.904930,17.345833,17.976807,18.192039,17.815002,17.779015,17.688942,18.012718,17.562698,17.706970,17.742996,17.508537,17.291534,17.526596,17.182823,17.634865,17.526596,17.472412,17.327736,16.472824,16.326462,16.253181,15.996223,15.904274,15.849052,15.461563,14.886414,14.867805,14.588127,14.644127,14.700096,14.793312,14.588127,14.867805,14.213860,14.270103,14.419891,14.457298,14.737404,14.494698,14.476006,14.401184,14.288834,14.438606,13.969765,14.438606,14.756035,14.213860,13.743858,14.644127,14.438606,14.513397,14.867805,14.044937,14.157593,14.419891,14.251350,14.438606,14.288834,13.725006,13.969765,14.157593,14.270103,14.270103,14.457298,13.706154,14.026146,13.441788,14.044937,14.101280,13.800392,13.536285,13.894524,13.800392,13.366112,12.701340,
15.941071,16.527649,16.855865,15.959457,16.764816,16.143143,16.655434,16.946808,17.055817,16.545914,16.710136,16.892258,16.417961,16.855865,16.618950,17.019493,16.600693,16.216530,15.627831,16.600693,16.710136,16.271500,16.436256,16.289825,15.812218,16.124794,16.509377,16.509377,16.509377,15.922668,16.344765,15.627831,16.234848,15.849052,16.728371,16.014603,15.830643,15.996223,15.849052,15.738518,15.646294,15.443062,15.959457,15.350533,15.424561,15.498535,15.146614,15.849052,15.812218,15.257896,15.553970,15.016617,15.812218,15.313492,15.443062,15.443062,15.369041,15.627831,15.683197,14.905037,15.406059,15.072350,15.627831,15.387550,15.220818,15.220818,15.313492,15.165176,14.960838,15.406059,15.257896,15.424561,15.830643,15.294960,15.350533,15.202286,15.239365,15.313492,15.498535,15.498535,15.535500,15.332008,15.165176,15.553970,15.183723,15.572441,15.849052,15.053780,15.239365,15.424561,15.720085,15.146614,15.202286,15.146614,15.885872,15.775375,15.701637,15.812218,15.720085,15.480049,15.701637,15.498535,16.143143,15.332008,15.609375,15.701637,16.051353,15.701637,16.088081,15.480049,15.424561,15.406059,15.553970,15.885872,15.849052,15.683197,15.683197,16.253181,15.996223,16.326462,15.867470,15.977844,16.106438,15.977844,16.143143,16.106438,16.179840,16.399666,16.691910,15.904274,16.655434,16.179840,16.417961,16.874062,16.618950,16.983162,16.746590,16.491104,16.691910,17.309639,17.092117,16.983162,16.855865,16.983162,17.237198,17.327736,16.892258,16.910439,17.182823,17.400101,17.562698,17.400101,17.291534,17.454338,17.544655,17.761002,17.418190,17.815002,17.634865,17.652901,17.580750,17.706970,17.400101,17.994759,18.012718,17.670921,18.317345,17.562698,17.815002,17.544655,18.012718,17.400101,18.048607,17.815002,18.138290,17.958839,17.904930,18.209953,17.868965,17.940880,17.616829,18.084496,18.245766,18.138290,18.120361,17.868965,17.904930,18.084496,17.886955,18.353111,18.138290,18.012718,18.209953,18.138290,18.138290,18.460312,18.209953,18.299454,18.192039,18.174133,18.335236,18.335236,18.353111,18.245766,18.513863,18.263664,18.656494,18.192039,18.442459,18.496017,18.905502,18.585213,18.905502,18.709923,18.869980,18.567383,18.816666,18.603035,19.047462,18.406731,18.781090,18.763306,18.994255,18.513863,18.781090,18.585213,18.567383,18.869980,18.834435,18.353111,18.317345,18.478165,18.531708,18.227867,18.317345,18.388855,18.656494,17.940880,18.335236,18.138290,18.567383,18.496017,18.460312,17.994759,18.567383,17.904930,17.868965,18.638680,18.209953,18.299454,18.353111,18.227867,18.281563,18.102425,18.299454,18.174133,18.353111,18.138290,18.549545,18.335236,18.674309,18.102425,18.192039,18.763306,18.227867,18.335236,18.816666,18.335236,18.048607,18.174133,18.299454,18.567383,17.940880,17.868965,18.192039,17.994759,18.496017,18.478165,18.281563,18.388855,18.281563,18.299454,18.388855,18.102425,17.688942,17.976807,18.335236,18.192039,18.048607,18.442459,17.976807,17.922905,18.084496,18.102425,18.227867,18.406731,18.120361,18.012718,18.120361,18.317345,18.084496,17.958839,18.138290,17.706970,18.012718,18.102425,18.102425,18.656494,18.192039,18.281563,18.245766,17.797005,18.478165,18.156204,18.905502,17.922905,18.388855,18.478165,18.585213,18.656494,18.317345,18.227867,18.353111,18.317345,18.209953,17.868965,18.335236,18.263664,18.138290,18.406731,18.120361,17.994759,18.156204,18.120361,18.227867,18.048607,18.138290,18.245766,17.850990,18.138290,17.940880,18.030663,18.335236,18.209953,18.102425,18.156204,17.958839,17.958839,18.048607,17.797005,18.120361,18.120361,18.138290,18.209953,17.833000,17.886955,17.742996,17.688942,17.958839,18.102425,17.761002,17.562698,17.616829,17.742996,18.030663,17.544655,17.580750,17.598785,17.742996,17.652901,17.526596,17.688942,17.598785,17.055817,17.237198,17.418190,17.037659,17.327736,17.055817,17.164696,17.055817,17.055817,17.128418,16.983162,16.928627,16.582436,16.928627,16.564171,17.073982,16.783035,17.001335,16.655434,16.600693,16.417961,16.234848,16.216530,16.655434,16.637184,16.289825,16.454536,16.234848,16.326462,16.399666,16.691910,16.179840,16.691910,16.069710,16.582436,16.253181,16.564171,16.124794,16.417961,16.216530,16.253181,16.326462,16.271500,15.793800,16.106438,16.436256,16.271500,16.491104,16.344765,16.436256,16.271500,16.234848,16.179840,16.124794,16.106438,16.381371,16.417961,16.363075,16.124794,16.088081,16.124794,16.417961,16.198189,16.216530,16.564171,16.381371,16.363075,16.417961,16.728371,16.436256,16.582436,16.014603,16.472824,16.326462,16.399666,16.179840,16.143143,16.491104,16.198189,16.618950,16.216530,16.326462,16.618950,16.472824,16.381371,16.399666,16.783035,16.527649,16.344765,16.728371,17.001335,16.472824,16.655434,17.037659,16.691910,16.874062,17.055817,16.655434,17.110275,17.019493,17.164696,16.928627,16.436256,17.092117,17.019493,17.055817,17.019493,17.146553,17.200951,16.928627,17.182823,17.055817,17.146553,17.580750,17.146553,17.400101,17.400101,17.382019,17.363930,17.092117,17.182823,17.418190,17.255310,17.508537,17.562698,17.454338,17.291534,17.526596,17.146553,17.164696,17.454338,17.544655,17.886955,17.092117,17.237198,17.652901,17.652901,17.616829,16.946808,17.382019,17.382019,17.436272,17.562698,17.526596,17.562698,17.382019,17.345833,17.454338,17.670921,17.652901,17.255310,17.652901,17.616829,17.382019,17.616829,17.797005,17.706970,17.652901,17.472412,17.598785,17.742996,17.815002,17.706970,17.761002,17.724983,17.724983,17.940880,17.616829,17.886955,17.868965,17.526596,17.309639,17.616829,17.706970,17.490471,17.850990,17.706970,17.940880,17.562698,17.598785,17.922905,17.904930,17.652901,17.940880,17.724983,18.120361,17.526596,18.227867,17.850990,17.815002,17.886955,17.688942,17.761002,17.652901,17.940880,17.797005,17.706970,17.562698,17.994759,17.815002,17.309639,17.418190,17.418190,17.833000,17.779015,17.526596,17.418190,17.562698,16.874062,16.746590,16.819458,16.673668,16.363075,16.032974,15.553970,15.183723,15.609375,15.517014,14.979439,14.700096,14.363747,14.438606,14.793312,14.662788,15.072350,14.494698,14.419891,14.737404,14.774681,14.307571,14.363747,14.569450,13.932144,14.569450,14.588127,14.476006,14.494698,14.905037,14.270103,14.288834,14.382469,13.950951,14.774681,14.457298,14.419891,14.082504,14.007355,14.419891,13.536285,13.706154,14.120049,14.288834,13.969765,14.251350,13.838051,13.950951,13.894524,13.913338,14.138817,13.894524,14.120049,13.611824,13.687294,14.288834,13.819221,13.592949,13.024826,
15.664742,16.198189,16.691910,16.746590,16.545914,16.600693,16.344765,16.964989,16.655434,16.910439,16.946808,16.618950,16.234848,16.582436,16.582436,16.271500,16.655434,16.783035,16.783035,16.069710,16.344765,16.582436,16.472824,15.683197,15.701637,16.179840,16.454536,15.977844,16.728371,16.161499,16.417961,15.627831,15.849052,16.234848,15.756950,15.904274,16.069710,15.830643,15.922668,15.885872,16.161499,15.461563,16.014603,15.904274,15.683197,15.646294,15.627831,15.609375,15.849052,15.646294,15.664742,15.609375,15.461563,15.350533,15.313492,15.350533,15.812218,15.424561,15.683197,15.572441,15.128059,15.498535,15.996223,15.053780,15.553970,15.738518,15.276436,15.461563,15.424561,15.517014,15.572441,15.535500,15.443062,15.220818,15.387550,15.350533,15.220818,15.922668,15.369041,15.572441,14.905037,15.793800,15.959457,15.553970,15.517014,15.406059,15.480049,15.535500,15.775375,15.812218,15.517014,15.720085,15.720085,15.664742,15.812218,15.535500,15.904274,15.609375,16.271500,15.959457,15.977844,15.996223,15.664742,15.793800,15.977844,15.572441,16.032974,15.793800,16.051353,16.014603,15.756950,15.793800,15.756950,15.756950,15.959457,15.535500,15.738518,16.234848,16.564171,16.124794,16.326462,16.088081,15.885872,15.959457,16.179840,16.161499,16.088081,16.509377,16.051353,15.996223,16.399666,16.691910,16.600693,16.545914,16.837654,16.673668,16.983162,17.110275,17.255310,16.964989,17.309639,17.037659,16.983162,17.037659,17.382019,17.255310,17.490471,16.746590,17.128418,17.001335,17.382019,17.400101,17.598785,17.526596,17.688942,17.291534,17.580750,17.327736,17.815002,17.345833,17.490471,18.048607,17.724983,17.761002,17.580750,17.670921,17.562698,17.688942,17.868965,17.815002,17.886955,18.012718,17.976807,17.940880,18.048607,17.868965,17.779015,17.940880,18.263664,17.940880,18.048607,18.138290,18.084496,18.120361,18.156204,17.940880,17.940880,17.994759,18.174133,17.742996,18.227867,18.245766,18.048607,17.868965,18.048607,18.192039,18.513863,18.531708,18.138290,18.549545,17.994759,18.156204,18.245766,17.940880,18.370995,18.227867,18.174133,18.442459,17.904930,18.674309,18.923264,18.478165,18.317345,18.353111,18.496017,18.406731,18.709923,18.798882,18.674309,18.620857,18.834435,18.674309,18.763306,18.852211,18.763306,18.585213,18.460312,18.638680,18.263664,19.011993,18.834435,18.567383,18.442459,18.496017,18.084496,18.887749,18.460312,18.496017,18.353111,18.335236,18.478165,17.958839,18.156204,18.102425,18.281563,18.192039,18.066551,18.192039,18.460312,18.317345,18.388855,18.156204,18.424599,18.496017,18.335236,18.335236,17.904930,18.531708,18.335236,17.797005,18.513863,18.120361,18.620857,18.281563,17.958839,18.156204,18.745514,18.567383,18.656494,18.388855,18.674309,18.138290,18.174133,18.174133,18.084496,18.513863,18.388855,18.299454,18.120361,18.299454,18.442459,18.227867,18.084496,18.138290,17.976807,18.245766,17.940880,18.192039,17.886955,17.886955,18.227867,18.066551,17.976807,18.370995,17.940880,18.388855,17.868965,17.616829,18.102425,17.886955,17.922905,18.281563,17.833000,18.012718,17.922905,17.634865,18.138290,18.388855,18.138290,18.406731,17.976807,18.192039,18.209953,18.460312,18.370995,17.994759,18.585213,18.353111,18.245766,18.120361,18.066551,18.209953,18.102425,18.299454,18.138290,18.370995,18.120361,18.066551,18.012718,18.263664,18.245766,18.281563,18.263664,18.084496,17.940880,17.868965,17.976807,17.922905,17.670921,18.317345,18.192039,18.263664,17.940880,17.797005,17.904930,17.904930,17.670921,17.904930,17.634865,17.922905,18.263664,18.281563,17.850990,17.833000,18.030663,18.012718,17.779015,17.850990,17.886955,17.850990,18.102425,17.815002,17.670921,17.779015,17.580750,17.779015,17.833000,17.815002,17.436272,17.652901,17.652901,17.616829,17.634865,17.110275,17.436272,17.309639,17.128418,17.055817,17.073982,16.964989,17.200951,16.946808,17.363930,17.164696,16.801247,17.327736,16.946808,17.001335,16.819458,16.837654,16.964989,17.092117,17.001335,16.746590,16.983162,16.179840,16.545914,16.344765,16.545914,16.491104,16.363075,16.326462,16.308144,16.399666,16.381371,16.253181,16.308144,16.399666,16.381371,16.564171,16.436256,16.124794,16.618950,16.399666,16.363075,16.655434,16.837654,16.673668,16.509377,16.363075,16.637184,16.491104,16.509377,16.764816,16.399666,16.344765,16.399666,16.198189,16.088081,16.527649,16.216530,16.363075,16.326462,16.032974,16.363075,15.904274,16.417961,15.977844,16.216530,16.308144,16.472824,16.271500,16.014603,16.069710,16.527649,16.381371,16.032974,16.618950,16.271500,16.436256,16.289825,16.855865,16.454536,16.124794,16.837654,16.308144,16.728371,16.509377,16.655434,16.308144,16.363075,16.874062,16.964989,16.491104,17.001335,16.746590,16.710136,16.874062,17.110275,16.710136,16.728371,16.837654,17.055817,16.892258,17.128418,16.928627,17.291534,17.472412,16.637184,16.983162,16.946808,16.983162,17.128418,17.382019,17.055817,17.219078,16.837654,17.128418,17.037659,17.345833,17.761002,17.092117,17.055817,17.219078,17.291534,17.490471,17.255310,17.544655,17.508537,17.472412,17.110275,17.400101,17.706970,17.345833,17.652901,17.237198,17.472412,17.291534,17.779015,17.418190,17.526596,17.400101,18.120361,17.580750,17.850990,17.815002,17.670921,17.544655,17.580750,17.688942,18.048607,17.544655,17.616829,17.363930,17.886955,17.652901,17.418190,17.886955,18.120361,17.454338,18.120361,17.327736,17.742996,17.562698,17.886955,17.724983,17.779015,17.688942,17.652901,17.724983,17.418190,17.742996,17.779015,17.327736,17.886955,17.616829,17.797005,17.868965,18.030663,18.102425,17.273430,17.886955,17.815002,17.922905,17.652901,17.958839,18.192039,18.066551,17.868965,17.616829,17.833000,17.904930,18.030663,17.815002,17.526596,17.508537,18.353111,17.544655,18.156204,18.174133,18.102425,17.761002,17.327736,17.508537,17.833000,17.345833,17.580750,17.490471,17.382019,16.710136,17.273430,17.073982,17.670921,16.710136,16.764816,16.344765,16.545914,16.032974,15.609375,15.294960,14.532082,14.644127,14.849190,14.588127,13.969765,14.923637,14.476006,14.288834,14.007355,14.606796,14.532082,14.644127,14.886414,14.532082,14.606796,14.363747,13.819221,14.063721,14.886414,14.363747,14.942238,14.288834,14.513397,13.950951,14.120049,14.251350,14.681450,14.288834,14.513397,13.856880,14.082504,14.176346,13.894524,14.438606,14.213860,13.725006,14.288834,14.494698,14.082504,13.574066,13.611824,13.366112,13.838051,13.460693,13.592949,13.271439,13.611824,13.176659,13.479599,12.834679,
15.793800,16.161499,16.344765,16.234848,16.417961,16.271500,16.892258,16.454536,16.819458,16.783035,16.344765,17.055817,15.793800,16.472824,16.106438,16.216530,16.271500,16.032974,16.088081,16.308144,16.491104,16.363075,16.637184,16.088081,16.710136,16.618950,16.143143,15.977844,16.673668,16.600693,16.032974,15.812218,16.106438,16.088081,16.289825,16.179840,15.572441,15.720085,15.922668,15.849052,15.775375,16.363075,15.443062,15.257896,15.720085,15.424561,15.996223,15.461563,16.014603,15.646294,15.664742,15.369041,15.756950,15.627831,16.198189,15.350533,15.480049,15.775375,15.701637,15.627831,15.294960,15.332008,15.738518,15.590912,15.016617,14.830566,15.424561,15.424561,15.517014,15.756950,15.572441,15.443062,15.756950,15.664742,15.090919,15.461563,15.793800,15.350533,15.109489,15.664742,15.239365,15.683197,15.720085,15.535500,15.627831,15.202286,15.812218,15.627831,15.793800,15.072350,16.234848,15.517014,15.922668,15.572441,16.088081,15.609375,15.922668,15.590912,15.535500,15.977844,15.775375,16.088081,16.161499,15.959457,16.088081,15.609375,15.996223,16.032974,16.014603,15.922668,15.885872,16.032974,16.014603,16.161499,16.088081,15.885872,16.088081,16.253181,15.812218,16.106438,16.143143,15.922668,15.959457,15.867470,16.691910,16.600693,16.509377,16.179840,16.234848,16.582436,16.564171,16.344765,16.655434,16.600693,16.582436,16.819458,16.728371,17.110275,16.964989,17.164696,17.291534,17.092117,17.019493,17.345833,16.928627,16.837654,16.964989,17.001335,16.691910,17.110275,17.037659,17.616829,17.688942,17.200951,17.454338,17.001335,17.652901,17.327736,17.797005,17.779015,17.436272,17.472412,17.761002,17.850990,17.454338,17.850990,17.797005,18.048607,17.779015,17.976807,17.363930,17.652901,18.120361,17.688942,17.958839,17.958839,17.994759,17.382019,18.012718,18.120361,17.994759,17.706970,18.102425,17.976807,17.761002,17.868965,17.994759,17.850990,18.460312,18.030663,18.012718,17.994759,18.388855,17.940880,18.406731,18.317345,18.245766,18.192039,17.922905,18.102425,17.994759,18.030663,18.567383,18.156204,18.496017,17.994759,18.567383,18.227867,18.496017,18.156204,18.674309,18.102425,18.209953,18.496017,18.727722,18.370995,18.245766,18.174133,18.638680,18.335236,18.816666,18.460312,18.317345,18.834435,18.674309,18.709923,18.692123,18.531708,18.424599,18.603035,18.353111,18.460312,18.531708,18.192039,18.692123,18.048607,18.370995,17.724983,18.209953,18.030663,18.513863,18.460312,18.460312,18.370995,18.281563,18.174133,18.156204,18.048607,18.156204,18.406731,18.370995,18.353111,18.281563,18.209953,18.388855,18.299454,18.620857,18.102425,18.048607,18.156204,18.227867,18.496017,18.406731,18.531708,18.335236,18.138290,18.460312,18.263664,18.709923,18.138290,18.370995,18.245766,18.549545,18.299454,18.174133,18.353111,18.120361,18.030663,18.513863,18.066551,18.245766,18.227867,18.299454,18.156204,18.048607,18.030663,18.084496,18.192039,18.299454,18.227867,18.442459,18.066551,17.779015,18.227867,18.030663,17.724983,18.496017,17.976807,18.048607,17.994759,18.120361,17.904930,18.048607,18.066551,17.940880,17.508537,18.156204,18.370995,18.353111,18.192039,18.406731,18.012718,18.084496,18.227867,18.317345,18.048607,18.048607,18.192039,18.174133,18.460312,18.209953,18.048607,17.886955,18.513863,18.209953,18.442459,18.048607,18.335236,18.513863,18.120361,17.706970,18.120361,18.478165,18.174133,17.922905,17.724983,18.048607,17.940880,18.120361,18.442459,18.209953,18.102425,18.120361,17.815002,17.904930,17.761002,17.904930,18.030663,17.958839,17.886955,18.192039,18.227867,17.670921,17.779015,17.779015,17.958839,17.706970,17.976807,18.174133,17.598785,17.598785,17.797005,17.598785,17.418190,17.706970,17.490471,17.400101,17.670921,17.724983,17.508537,17.454338,17.382019,17.922905,17.742996,17.490471,17.580750,17.400101,17.418190,17.922905,16.910439,17.562698,16.892258,17.400101,17.001335,17.382019,16.964989,16.983162,16.910439,17.327736,16.819458,16.783035,17.001335,17.019493,16.855865,16.874062,17.128418,16.710136,16.783035,16.655434,16.545914,16.710136,16.746590,16.764816,17.055817,16.381371,16.527649,16.472824,16.454536,16.436256,16.728371,16.837654,16.618950,16.655434,16.710136,16.801247,16.454536,17.001335,16.527649,16.545914,16.637184,16.454536,16.545914,16.964989,16.308144,17.019493,16.472824,16.509377,16.472824,16.344765,16.746590,16.728371,16.618950,16.509377,16.472824,16.819458,16.545914,16.655434,16.983162,16.363075,16.234848,16.545914,16.728371,16.381371,16.143143,16.161499,16.655434,16.436256,16.161499,16.582436,16.381371,16.837654,16.582436,16.983162,16.710136,16.764816,16.363075,16.764816,16.618950,16.527649,16.618950,16.618950,16.874062,16.600693,16.436256,16.837654,16.161499,17.073982,16.746590,16.746590,16.892258,17.255310,17.073982,16.728371,16.564171,17.055817,16.837654,17.146553,17.400101,16.910439,16.819458,17.164696,17.128418,17.019493,16.746590,17.073982,17.200951,17.164696,16.983162,17.219078,17.562698,17.652901,16.983162,17.345833,17.255310,17.742996,17.019493,17.273430,17.454338,17.526596,17.345833,17.562698,16.928627,17.400101,17.544655,17.472412,17.490471,17.508537,17.598785,17.580750,17.544655,17.526596,17.634865,17.400101,17.958839,17.833000,17.526596,17.904930,17.309639,17.833000,17.454338,17.886955,18.012718,17.092117,18.102425,17.454338,17.815002,17.526596,17.922905,17.797005,17.309639,17.886955,17.526596,17.634865,17.418190,17.706970,17.688942,17.706970,17.850990,17.922905,17.742996,17.886955,17.958839,17.490471,17.544655,17.940880,17.833000,18.012718,17.562698,17.850990,17.886955,17.742996,17.670921,17.797005,17.670921,17.976807,18.388855,18.102425,17.742996,18.156204,17.742996,17.652901,17.958839,17.779015,17.976807,17.940880,17.128418,17.868965,17.958839,18.102425,17.761002,18.048607,17.436272,17.255310,17.255310,17.418190,17.382019,17.472412,17.146553,17.652901,17.454338,17.001335,16.910439,16.964989,16.216530,16.381371,16.381371,15.959457,16.179840,15.517014,15.239365,15.257896,15.053780,15.035194,14.569450,15.220818,14.419891,14.457298,14.438606,14.438606,14.793312,14.793312,14.419891,15.165176,14.513397,14.288834,14.438606,14.176346,14.457298,14.195114,14.063721,14.213860,14.588127,14.905037,13.574066,14.457298,14.625465,14.270103,14.606796,14.606796,14.176346,14.588127,14.644127,14.419891,14.101280,14.138817,13.932144,13.913338,14.044937,14.307571,13.856880,14.138817,13.913338,14.044937,13.932144,14.138817,13.894524,13.555183,13.800392,13.875710,12.434105,
16.069710,15.830643,17.073982,16.436256,16.381371,16.161499,16.436256,16.509377,16.363075,16.106438,16.746590,16.198189,16.673668,16.363075,15.664742,16.417961,16.198189,16.088081,16.198189,15.793800,16.253181,16.582436,16.253181,15.959457,16.032974,16.161499,16.564171,15.977844,16.417961,16.143143,16.088081,16.051353,16.253181,16.088081,16.472824,15.830643,16.124794,15.904274,16.124794,16.491104,15.498535,15.941071,15.424561,15.922668,15.646294,16.032974,15.701637,16.032974,15.977844,15.812218,15.701637,15.313492,15.646294,15.387550,15.202286,16.161499,15.590912,15.276436,15.683197,15.683197,15.480049,15.257896,15.239365,15.332008,15.406059,15.128059,15.812218,15.350533,15.812218,15.165176,16.051353,15.090919,15.720085,15.239365,15.406059,15.461563,15.590912,15.443062,16.179840,15.609375,16.234848,15.756950,15.701637,15.720085,15.683197,16.014603,15.904274,15.590912,15.720085,15.959457,16.198189,15.941071,15.867470,16.014603,15.683197,15.738518,15.941071,16.051353,15.812218,15.664742,16.179840,15.756950,15.830643,16.124794,15.922668,15.867470,16.124794,15.664742,16.069710,16.234848,16.198189,16.308144,16.161499,15.664742,16.527649,16.032974,16.124794,16.051353,16.344765,15.756950,15.885872,16.234848,15.941071,16.399666,16.344765,16.363075,16.691910,16.032974,16.436256,16.234848,16.399666,16.746590,16.417961,16.819458,16.618950,16.783035,16.928627,16.892258,16.783035,16.837654,16.983162,16.946808,16.946808,16.746590,17.255310,17.146553,17.001335,17.472412,17.237198,17.472412,17.436272,17.454338,17.472412,17.616829,17.742996,17.255310,17.237198,17.490471,17.958839,17.291534,17.616829,17.580750,17.706970,17.688942,17.616829,17.886955,17.815002,17.526596,17.940880,17.436272,17.958839,17.454338,18.102425,17.994759,17.976807,17.779015,18.138290,18.030663,17.976807,17.797005,17.598785,17.598785,17.706970,17.363930,18.048607,18.192039,17.958839,18.585213,18.174133,17.886955,18.066551,18.120361,18.245766,18.353111,18.245766,18.513863,18.281563,18.245766,18.281563,17.976807,18.549545,17.797005,18.281563,18.192039,18.138290,18.299454,18.370995,18.370995,18.406731,18.084496,18.317345,18.442459,18.388855,18.299454,18.674309,18.335236,18.531708,18.227867,18.638680,18.620857,18.745514,18.674309,18.567383,18.478165,18.496017,18.245766,18.549545,18.531708,18.317345,18.460312,18.745514,18.174133,18.442459,18.567383,18.120361,18.513863,18.084496,18.263664,18.174133,18.603035,18.281563,18.281563,18.138290,17.994759,18.209953,17.833000,18.317345,18.478165,18.102425,18.227867,18.513863,18.263664,18.478165,18.174133,18.317345,18.174133,18.353111,18.281563,18.174133,18.138290,18.603035,18.388855,18.030663,18.727722,18.245766,18.245766,18.478165,18.478165,18.834435,18.852211,18.299454,18.156204,18.174133,18.048607,18.335236,18.156204,18.317345,18.227867,17.958839,18.281563,18.370995,18.138290,18.227867,18.227867,18.156204,18.478165,18.478165,17.797005,18.138290,18.317345,18.227867,17.850990,18.263664,18.012718,18.388855,17.940880,17.958839,18.084496,18.335236,17.833000,18.102425,18.174133,18.066551,17.922905,18.030663,17.868965,18.460312,18.263664,17.994759,18.299454,18.478165,18.209953,18.030663,18.460312,18.174133,18.138290,18.317345,18.120361,18.227867,17.779015,18.460312,18.353111,18.496017,18.048607,18.209953,18.084496,18.138290,18.245766,18.012718,18.066551,18.209953,18.513863,18.012718,18.353111,17.940880,18.460312,18.084496,17.833000,17.688942,17.958839,18.138290,17.922905,17.833000,17.922905,17.742996,17.742996,18.156204,17.922905,17.580750,18.192039,18.012718,17.958839,17.886955,18.084496,18.120361,17.382019,17.886955,17.598785,18.066551,17.850990,17.742996,17.833000,17.742996,17.273430,17.508537,17.815002,18.138290,17.436272,17.724983,17.418190,17.779015,17.922905,17.273430,17.327736,17.255310,17.580750,17.634865,17.526596,17.146553,17.219078,16.819458,17.400101,17.400101,16.691910,17.128418,17.037659,17.092117,16.837654,17.200951,16.069710,17.128418,16.509377,16.874062,17.055817,17.164696,16.618950,16.801247,16.216530,16.874062,16.928627,16.618950,16.673668,16.892258,16.746590,16.527649,16.874062,16.454536,16.673668,16.600693,16.801247,16.491104,16.564171,16.582436,16.691910,16.874062,16.545914,17.019493,16.710136,16.783035,16.837654,16.874062,16.910439,16.582436,16.801247,16.344765,16.545914,16.801247,16.527649,16.673668,16.326462,16.545914,16.234848,16.564171,16.399666,16.801247,16.691910,16.271500,16.417961,16.946808,16.673668,16.564171,16.600693,16.564171,16.179840,16.710136,16.308144,17.001335,16.655434,16.691910,16.655434,16.855865,16.710136,16.436256,16.417961,16.491104,16.582436,16.582436,16.673668,16.892258,16.673668,16.710136,16.710136,16.710136,16.509377,17.073982,16.728371,17.146553,16.472824,17.073982,16.819458,17.164696,17.019493,17.237198,16.819458,17.436272,17.001335,17.073982,17.055817,17.073982,17.055817,17.616829,17.128418,17.146553,17.291534,17.110275,16.964989,16.964989,17.255310,17.182823,16.983162,17.382019,16.892258,17.382019,17.363930,17.200951,17.019493,17.454338,17.237198,17.454338,17.454338,17.634865,17.598785,17.418190,17.580750,17.761002,17.544655,17.508537,17.688942,17.327736,17.724983,18.209953,17.761002,17.508537,17.418190,17.797005,17.454338,17.976807,17.454338,17.724983,17.363930,18.102425,17.472412,17.706970,17.472412,17.562698,17.670921,17.958839,17.797005,17.958839,17.580750,18.209953,17.544655,17.742996,17.706970,17.670921,17.994759,17.652901,17.688942,17.724983,17.490471,17.291534,18.012718,17.345833,17.562698,17.724983,18.102425,17.616829,17.761002,17.904930,18.120361,17.472412,17.724983,17.779015,17.779015,17.761002,17.976807,17.526596,17.886955,18.084496,17.922905,17.976807,17.994759,17.958839,17.616829,17.526596,17.526596,17.688942,17.904930,18.227867,17.850990,17.779015,17.598785,17.472412,17.580750,17.580750,17.779015,17.833000,17.958839,17.200951,17.327736,17.037659,16.673668,16.801247,17.037659,16.509377,15.867470,16.051353,16.106438,15.830643,15.775375,14.867805,14.923637,14.345024,13.913338,14.307571,14.176346,14.998024,14.532082,15.016617,14.867805,14.960838,14.998024,14.176346,14.457298,14.270103,14.532082,14.195114,14.345024,14.382469,14.288834,15.369041,14.401184,13.856880,14.138817,14.550774,14.401184,14.662788,14.532082,14.588127,13.950951,14.138817,14.138817,14.457298,13.875710,13.781540,14.307571,14.101280,14.176346,14.176346,13.725006,14.288834,13.913338,13.781540,13.725006,14.213860,13.762703,13.441788,13.233543,13.422867,12.567825,
16.289825,16.216530,16.801247,16.216530,16.600693,16.491104,16.691910,16.600693,16.655434,16.106438,16.564171,16.198189,16.399666,16.454536,16.600693,16.271500,16.637184,16.271500,16.509377,16.764816,16.472824,16.618950,16.179840,16.198189,16.308144,16.143143,16.545914,16.417961,16.637184,15.977844,16.308144,16.069710,15.977844,16.124794,16.106438,16.088081,15.867470,15.904274,15.849052,15.756950,15.922668,16.051353,15.830643,16.106438,15.793800,15.646294,15.424561,16.106438,16.198189,15.646294,15.812218,15.517014,15.553970,15.498535,15.738518,15.664742,15.664742,16.088081,15.756950,15.350533,15.996223,15.775375,16.161499,16.253181,16.124794,15.609375,15.867470,15.202286,15.424561,15.941071,15.183723,16.051353,15.885872,15.775375,15.517014,15.590912,16.051353,15.572441,15.443062,15.627831,15.812218,16.143143,15.701637,15.369041,16.124794,15.572441,15.941071,15.959457,16.051353,15.664742,16.472824,15.461563,16.124794,15.996223,16.014603,15.553970,16.124794,15.849052,16.179840,15.922668,15.738518,16.032974,15.885872,15.959457,15.959457,16.234848,16.454536,15.996223,15.720085,15.885872,16.344765,15.775375,16.032974,15.867470,16.271500,16.234848,16.545914,15.959457,16.179840,15.849052,16.143143,16.253181,16.600693,16.271500,16.308144,16.271500,16.417961,16.710136,16.491104,16.837654,16.564171,16.234848,16.673668,16.436256,16.874062,16.928627,16.928627,16.637184,16.910439,16.728371,17.055817,17.182823,17.472412,17.200951,17.472412,17.400101,17.037659,17.182823,17.128418,17.382019,17.616829,17.634865,17.490471,17.309639,17.508537,17.815002,17.797005,17.490471,17.580750,17.436272,17.526596,17.922905,17.688942,17.706970,17.436272,17.994759,17.580750,17.472412,17.580750,18.209953,17.833000,17.779015,18.174133,17.562698,18.335236,17.868965,17.779015,17.833000,17.850990,17.994759,18.174133,17.616829,18.084496,17.904930,18.012718,18.066551,17.958839,17.886955,18.263664,18.460312,18.156204,18.245766,18.335236,17.797005,18.174133,18.299454,18.084496,18.012718,18.048607,18.084496,18.066551,18.353111,17.850990,18.245766,18.281563,18.370995,18.388855,18.549545,18.603035,18.317345,18.012718,18.388855,18.227867,18.549545,18.531708,18.478165,18.656494,18.603035,18.174133,18.209953,18.567383,18.513863,18.656494,18.281563,19.082909,18.299454,18.816666,18.442459,18.923264,18.531708,18.692123,18.263664,18.887749,18.227867,18.048607,18.496017,18.424599,18.227867,18.263664,18.227867,18.174133,18.353111,17.994759,18.442459,17.886955,18.120361,17.886955,18.317345,18.174133,18.317345,18.174133,18.012718,18.317345,18.245766,18.406731,18.460312,18.478165,18.531708,18.120361,18.442459,18.442459,18.638680,17.922905,18.102425,18.620857,18.138290,18.406731,18.066551,18.549545,18.281563,18.388855,18.370995,18.263664,18.531708,18.281563,18.084496,18.460312,18.227867,18.317345,18.335236,18.442459,17.652901,18.245766,18.406731,17.994759,18.353111,18.138290,18.370995,18.406731,17.994759,18.585213,18.299454,18.066551,18.156204,17.761002,17.976807,17.940880,18.227867,18.209953,18.102425,18.227867,18.030663,18.156204,18.120361,17.833000,18.353111,18.102425,18.317345,17.706970,17.922905,17.958839,18.138290,18.335236,18.263664,18.478165,18.102425,18.245766,18.531708,18.353111,18.281563,17.940880,18.281563,18.227867,18.513863,17.868965,18.066551,18.370995,18.281563,17.868965,18.335236,18.192039,18.066551,18.406731,18.048607,18.388855,18.209953,18.138290,18.066551,17.922905,18.370995,17.904930,17.976807,18.048607,17.833000,18.030663,17.797005,17.850990,17.868965,17.940880,18.281563,17.742996,17.868965,18.192039,17.958839,18.138290,17.761002,17.922905,17.580750,17.958839,17.833000,17.670921,17.850990,17.454338,17.958839,17.904930,17.761002,17.670921,17.544655,17.526596,17.562698,17.688942,17.994759,17.670921,17.400101,17.472412,17.472412,17.454338,17.508537,17.400101,17.418190,17.146553,17.526596,17.490471,16.874062,17.436272,17.164696,17.073982,17.598785,16.892258,17.255310,17.237198,16.837654,17.146553,17.037659,17.037659,16.764816,16.728371,16.710136,17.001335,16.983162,17.128418,16.892258,16.710136,17.019493,16.618950,17.092117,16.710136,16.855865,16.783035,16.691910,16.691910,16.964989,17.237198,17.019493,16.855865,17.164696,16.710136,16.491104,16.564171,16.691910,16.983162,16.509377,16.655434,16.964989,16.600693,16.837654,17.019493,17.073982,16.216530,16.564171,16.582436,16.946808,16.491104,16.655434,16.216530,16.673668,16.436256,16.472824,16.271500,16.764816,16.381371,16.673668,16.710136,16.564171,16.710136,16.673668,16.454536,16.454536,17.019493,17.291534,16.728371,16.399666,16.673668,16.746590,17.001335,16.746590,16.855865,16.819458,16.728371,16.746590,17.327736,16.399666,17.327736,16.964989,16.363075,17.273430,17.037659,16.801247,17.146553,16.764816,16.801247,17.182823,17.128418,16.837654,16.819458,17.019493,17.164696,17.092117,17.309639,17.273430,17.219078,17.255310,17.273430,17.255310,17.019493,17.001335,17.309639,17.472412,17.073982,17.400101,17.454338,17.219078,17.508537,17.345833,17.976807,17.490471,17.400101,17.073982,17.706970,17.454338,17.706970,17.128418,17.670921,17.255310,17.400101,17.400101,17.616829,17.598785,17.526596,17.616829,17.255310,17.526596,17.508537,18.174133,17.237198,17.833000,17.345833,17.958839,17.724983,17.706970,17.454338,17.886955,17.706970,17.526596,17.688942,17.742996,18.030663,17.219078,18.030663,17.670921,17.164696,17.309639,17.724983,17.706970,17.815002,17.544655,18.120361,17.544655,17.779015,17.598785,17.976807,17.742996,17.868965,17.237198,17.110275,17.670921,17.850990,17.886955,18.012718,17.797005,17.418190,17.904930,17.562698,17.868965,18.138290,17.940880,17.904930,17.994759,17.742996,17.544655,17.815002,18.030663,17.940880,17.436272,17.922905,17.958839,17.922905,17.580750,17.688942,17.598785,18.102425,17.454338,17.436272,17.508537,17.037659,17.688942,17.418190,17.652901,17.544655,17.418190,17.110275,16.874062,17.128418,16.344765,17.073982,15.941071,16.014603,15.627831,15.756950,15.183723,14.905037,14.569450,15.128059,14.830566,14.811943,14.044937,15.165176,14.700096,14.494698,14.532082,14.345024,14.588127,14.681450,14.401184,14.550774,14.718750,13.913338,14.569450,14.625465,14.288834,14.363747,14.363747,14.606796,14.307571,14.270103,14.082504,14.345024,13.969765,14.382469,14.401184,14.606796,14.307571,13.441788,14.101280,14.270103,13.517403,13.969765,14.438606,14.476006,13.706154,14.063721,14.138817,13.762703,13.611824,13.856880,13.706154,13.781540,13.460693,13.100769,12.948814,
16.564171,16.399666,16.216530,16.417961,16.764816,16.216530,16.855865,16.198189,16.124794,16.783035,16.545914,16.399666,16.910439,17.055817,15.941071,16.910439,16.472824,16.216530,16.399666,16.783035,16.801247,16.308144,15.959457,16.088081,16.509377,16.289825,15.977844,16.253181,16.344765,16.069710,16.491104,16.289825,15.941071,15.572441,16.216530,15.590912,15.941071,15.756950,16.106438,15.812218,15.738518,15.867470,16.198189,16.234848,15.775375,15.793800,15.922668,15.590912,15.830643,15.517014,15.793800,15.590912,16.308144,15.332008,16.051353,16.124794,15.627831,15.775375,15.480049,15.517014,15.867470,15.830643,15.646294,15.941071,15.996223,15.904274,16.179840,15.664742,15.775375,15.701637,15.627831,15.406059,15.553970,15.517014,15.756950,15.830643,15.701637,15.738518,15.885872,15.885872,16.381371,15.720085,15.849052,15.941071,15.775375,15.350533,15.904274,15.849052,15.664742,15.996223,16.143143,15.683197,15.812218,15.904274,16.069710,15.922668,16.014603,15.885872,15.830643,16.198189,16.124794,16.289825,16.399666,16.436256,16.143143,16.198189,16.308144,16.051353,16.161499,15.756950,16.363075,16.124794,16.399666,16.179840,16.326462,16.289825,16.308144,16.253181,16.234848,16.198189,16.472824,16.161499,16.289825,16.381371,16.637184,16.179840,16.308144,16.910439,16.106438,16.655434,16.946808,16.764816,16.837654,16.417961,16.946808,16.819458,16.964989,16.928627,17.454338,17.237198,16.764816,16.728371,17.219078,16.892258,17.273430,17.219078,17.255310,17.868965,17.580750,17.092117,17.418190,17.400101,17.363930,17.526596,17.273430,17.309639,17.544655,17.670921,17.200951,17.454338,17.255310,17.652901,17.706970,17.958839,17.761002,17.490471,18.227867,17.868965,18.066551,18.138290,17.797005,17.706970,17.761002,17.797005,18.192039,18.174133,18.209953,18.030663,18.066551,17.598785,17.724983,18.138290,18.370995,18.174133,18.156204,17.904930,18.317345,17.742996,18.299454,18.424599,17.994759,18.227867,18.317345,18.263664,18.281563,17.850990,18.442459,18.281563,18.549545,18.156204,18.424599,17.850990,18.692123,18.192039,18.066551,18.227867,18.156204,18.066551,18.478165,18.424599,18.478165,18.460312,18.513863,18.048607,18.585213,18.603035,18.674309,18.496017,18.745514,18.603035,18.798882,18.816666,18.317345,18.603035,18.887749,18.638680,18.994255,18.834435,18.763306,18.174133,18.674309,18.620857,18.120361,17.958839,18.709923,18.120361,19.029732,18.424599,18.531708,18.012718,18.406731,18.192039,18.209953,18.048607,18.174133,18.263664,18.299454,18.299454,18.174133,18.370995,18.263664,18.281563,18.406731,18.138290,18.370995,18.317345,18.156204,17.886955,18.138290,18.138290,18.335236,18.084496,18.263664,18.030663,18.299454,18.513863,18.656494,18.388855,18.727722,18.138290,18.585213,18.263664,18.692123,18.209953,18.567383,18.905502,18.245766,18.299454,18.656494,18.209953,18.478165,18.656494,18.299454,18.513863,18.442459,18.763306,18.084496,18.227867,18.048607,17.994759,18.388855,18.638680,17.886955,18.192039,17.850990,18.102425,18.692123,18.030663,18.192039,17.994759,18.048607,18.012718,18.299454,17.976807,18.192039,17.742996,18.317345,18.192039,17.904930,18.156204,18.370995,18.406731,18.353111,18.174133,18.442459,18.227867,18.245766,18.120361,17.958839,18.585213,18.156204,18.174133,18.120361,18.102425,18.299454,17.850990,18.156204,18.120361,18.442459,18.209953,17.976807,18.227867,18.156204,18.066551,18.353111,18.156204,18.388855,17.850990,18.174133,18.353111,18.156204,17.886955,17.706970,17.976807,18.012718,18.174133,18.030663,17.436272,17.886955,17.904930,18.120361,17.779015,17.904930,17.904930,17.940880,17.886955,17.616829,17.472412,17.670921,17.237198,18.102425,17.994759,18.192039,17.761002,17.922905,17.815002,17.886955,17.868965,17.652901,17.363930,17.580750,17.724983,17.742996,17.418190,17.886955,17.418190,17.508537,17.508537,17.779015,17.490471,17.418190,17.454338,17.363930,17.237198,17.327736,17.255310,17.363930,17.327736,16.618950,17.472412,17.092117,16.983162,16.983162,17.400101,16.746590,16.964989,16.910439,17.219078,17.055817,17.219078,16.819458,17.128418,17.110275,17.237198,16.454536,16.710136,16.564171,16.855865,16.691910,16.637184,17.055817,16.855865,17.382019,17.037659,16.783035,16.855865,16.764816,16.928627,17.327736,16.801247,16.983162,17.182823,17.110275,16.783035,16.855865,16.728371,16.691910,16.892258,16.764816,16.618950,16.363075,16.673668,16.855865,16.655434,16.564171,16.509377,16.381371,16.673668,16.910439,16.855865,16.637184,16.946808,16.746590,16.710136,16.564171,16.564171,16.600693,16.344765,16.819458,16.289825,17.237198,16.673668,16.527649,16.472824,17.001335,16.655434,16.746590,17.073982,16.637184,16.728371,17.255310,16.545914,16.964989,16.436256,16.564171,16.874062,16.801247,17.327736,16.983162,17.073982,17.146553,17.164696,17.128418,16.928627,16.673668,16.910439,17.019493,17.255310,17.128418,16.983162,17.037659,16.289825,17.544655,16.892258,17.237198,17.019493,17.219078,17.418190,17.345833,17.237198,17.418190,17.291534,17.309639,17.255310,17.779015,17.454338,17.273430,17.128418,17.436272,17.940880,17.508537,17.652901,17.580750,17.526596,17.779015,17.363930,17.382019,17.616829,17.436272,17.273430,17.382019,17.273430,17.309639,17.418190,17.508537,17.598785,17.761002,17.200951,17.922905,17.724983,17.508537,17.472412,17.994759,18.030663,17.616829,17.958839,17.616829,17.327736,17.940880,17.797005,18.174133,17.779015,17.562698,17.472412,17.454338,17.833000,17.544655,16.892258,18.102425,17.544655,17.815002,17.742996,17.544655,17.833000,18.048607,17.850990,17.706970,17.670921,17.850990,17.634865,17.634865,17.616829,17.797005,18.120361,17.634865,17.598785,17.994759,17.886955,18.012718,17.761002,17.598785,18.299454,17.273430,17.688942,17.779015,17.868965,17.940880,17.580750,17.958839,17.436272,17.634865,17.255310,17.363930,17.327736,17.598785,17.055817,17.706970,17.526596,17.110275,17.580750,17.688942,17.309639,17.815002,16.801247,16.673668,16.892258,15.885872,16.088081,15.812218,14.830566,14.886414,14.737404,14.718750,14.026146,14.270103,14.625465,14.307571,14.700096,15.090919,15.035194,14.886414,14.438606,14.737404,14.476006,14.550774,15.109489,14.195114,14.569450,14.569450,14.307571,14.195114,14.513397,14.251350,14.007355,14.513397,14.176346,14.288834,14.288834,14.644127,13.800392,14.363747,14.307571,14.101280,14.026146,13.630692,14.101280,14.082504,14.063721,13.762703,13.875710,13.706154,13.819221,14.270103,13.592949,13.706154,13.856880,14.138817,13.630692,12.834679,12.663208,
15.553970,16.728371,16.691910,16.271500,16.234848,16.600693,16.618950,16.344765,16.179840,16.106438,16.289825,16.326462,16.363075,16.655434,16.198189,16.253181,16.801247,15.885872,16.746590,16.964989,16.253181,16.928627,16.801247,15.996223,16.491104,16.234848,16.600693,16.472824,16.417961,15.756950,16.051353,16.472824,16.198189,15.977844,16.271500,16.198189,16.344765,16.363075,16.363075,16.655434,16.124794,15.959457,16.032974,15.996223,16.124794,15.443062,15.664742,15.959457,15.738518,16.271500,15.793800,15.535500,15.683197,15.756950,15.867470,15.627831,15.941071,15.867470,15.701637,15.812218,15.867470,15.793800,16.179840,15.369041,15.775375,15.793800,15.977844,15.904274,15.461563,15.775375,16.088081,15.572441,16.032974,15.775375,15.812218,15.590912,16.069710,16.032974,15.922668,15.756950,16.051353,15.701637,16.051353,15.867470,16.124794,16.032974,16.051353,16.143143,16.069710,16.088081,15.977844,16.124794,16.454536,15.756950,15.904274,16.051353,16.344765,15.793800,16.399666,16.106438,16.527649,16.014603,16.600693,16.032974,16.289825,15.885872,16.600693,16.436256,15.849052,16.088081,16.545914,16.253181,16.198189,16.014603,16.069710,16.381371,16.179840,16.216530,16.381371,16.088081,16.710136,16.399666,16.491104,16.216530,16.910439,16.673668,16.527649,16.527649,16.801247,17.055817,16.783035,16.819458,17.037659,16.673668,17.073982,16.910439,16.946808,17.345833,17.019493,17.327736,17.182823,17.001335,16.983162,17.200951,17.436272,16.892258,17.436272,17.472412,17.110275,17.128418,17.182823,17.833000,17.327736,17.182823,17.200951,17.255310,17.940880,17.688942,17.886955,17.418190,17.940880,17.688942,17.472412,18.156204,17.544655,17.400101,17.436272,17.779015,17.544655,17.886955,18.066551,17.634865,18.084496,18.084496,18.102425,17.940880,18.066551,17.652901,18.066551,17.958839,18.012718,17.940880,17.994759,18.102425,18.012718,18.084496,18.281563,17.868965,17.779015,18.138290,18.012718,18.084496,17.868965,18.227867,18.084496,18.281563,18.084496,18.102425,18.353111,18.174133,17.904930,17.868965,18.567383,18.102425,18.620857,18.048607,18.603035,18.263664,18.245766,18.120361,17.958839,18.227867,18.745514,18.030663,18.424599,18.388855,18.370995,18.335236,18.513863,18.299454,18.388855,18.245766,18.317345,18.156204,18.585213,18.531708,18.370995,18.585213,18.620857,18.281563,18.263664,18.174133,18.335236,18.370995,18.442459,17.958839,18.084496,18.120361,18.156204,18.120361,18.585213,18.245766,18.245766,17.797005,18.281563,18.174133,18.209953,18.030663,18.209953,18.156204,18.335236,18.263664,18.102425,18.066551,18.388855,18.603035,18.353111,18.442459,18.263664,17.815002,18.388855,18.567383,18.353111,17.976807,18.442459,18.174133,18.603035,18.549545,18.299454,18.299454,18.620857,18.531708,18.603035,18.816666,18.317345,18.317345,18.388855,18.674309,18.709923,18.353111,18.567383,18.424599,18.406731,18.424599,18.102425,18.442459,18.692123,18.263664,18.227867,18.227867,18.335236,18.620857,18.012718,18.120361,18.585213,18.012718,17.922905,18.120361,17.994759,17.958839,17.904930,18.030663,17.922905,18.084496,18.102425,17.886955,18.066551,18.656494,18.209953,18.030663,18.370995,18.353111,18.156204,18.620857,17.940880,18.156204,18.012718,18.066551,17.976807,17.976807,18.245766,18.227867,18.138290,18.460312,18.353111,18.353111,18.192039,18.442459,18.209953,18.066551,18.388855,18.030663,17.940880,18.263664,18.066551,17.255310,18.048607,18.263664,18.227867,18.066551,18.174133,17.958839,17.940880,18.012718,17.652901,17.742996,18.120361,18.281563,18.335236,17.958839,17.886955,17.976807,17.797005,18.102425,17.562698,17.544655,17.779015,17.761002,18.120361,17.958839,17.724983,17.886955,17.526596,17.616829,17.526596,17.958839,17.544655,18.030663,17.472412,17.562698,17.688942,17.724983,17.706970,17.797005,17.833000,17.363930,17.418190,17.200951,17.580750,17.598785,17.868965,17.273430,17.436272,17.345833,17.634865,17.598785,17.037659,17.128418,17.291534,17.073982,16.946808,16.928627,17.273430,17.073982,17.128418,17.073982,16.983162,17.237198,17.110275,16.874062,17.037659,16.946808,16.874062,17.219078,17.055817,16.764816,16.801247,16.783035,16.728371,16.946808,16.946808,16.819458,16.946808,16.618950,17.219078,17.182823,17.508537,16.764816,17.073982,17.001335,17.019493,16.472824,16.946808,16.746590,17.164696,16.874062,16.564171,16.564171,16.983162,16.710136,16.964989,16.381371,16.655434,16.964989,16.746590,16.728371,16.637184,16.637184,16.673668,16.801247,16.491104,16.454536,16.673668,16.728371,16.637184,16.509377,16.855865,16.874062,16.910439,16.928627,16.874062,16.344765,16.673668,16.746590,16.855865,17.001335,16.491104,17.110275,16.564171,16.691910,16.946808,16.655434,16.892258,16.637184,16.710136,16.691910,16.710136,16.618950,17.182823,17.382019,16.837654,17.255310,16.728371,16.892258,17.200951,16.855865,17.164696,16.928627,16.874062,17.291534,17.291534,17.092117,17.724983,17.544655,17.110275,17.200951,17.164696,17.779015,17.363930,16.746590,17.345833,17.164696,17.309639,17.219078,17.345833,16.746590,17.363930,17.382019,17.850990,17.454338,17.526596,17.400101,17.219078,17.761002,17.273430,17.724983,17.544655,17.634865,17.833000,17.706970,17.670921,17.616829,17.652901,17.724983,17.526596,17.255310,17.309639,17.562698,17.237198,17.490471,17.868965,17.815002,17.833000,17.779015,17.868965,17.742996,17.454338,17.182823,17.761002,17.345833,17.544655,17.833000,17.886955,17.146553,17.237198,17.580750,17.580750,17.598785,17.833000,17.400101,17.940880,17.363930,17.436272,17.544655,17.526596,17.922905,18.012718,17.815002,17.706970,17.634865,17.958839,17.958839,17.742996,17.526596,17.904930,17.436272,17.815002,17.382019,17.472412,17.742996,17.670921,17.706970,17.634865,17.886955,17.815002,17.742996,17.670921,17.886955,17.652901,17.652901,17.436272,18.012718,17.436272,17.706970,17.544655,17.255310,17.490471,17.544655,17.255310,17.327736,17.580750,16.837654,16.710136,16.728371,16.545914,16.234848,16.179840,16.344765,15.294960,15.276436,15.387550,14.830566,14.662788,14.793312,14.457298,14.494698,14.326302,14.494698,14.494698,14.419891,14.382469,14.681450,15.090919,14.307571,14.363747,14.457298,14.960838,14.213860,14.120049,14.101280,14.830566,14.644127,14.662788,14.438606,13.630692,14.494698,14.326302,14.063721,14.120049,14.288834,14.737404,14.120049,14.082504,13.988556,14.157593,13.856880,13.913338,14.307571,14.363747,13.517403,14.270103,13.875710,13.592949,13.574066,14.307571,13.214584,13.536285,14.101280,13.932144,12.853714,
15.535500,16.673668,16.655434,16.216530,16.417961,16.582436,16.399666,16.417961,16.326462,16.655434,16.234848,15.959457,16.691910,16.509377,16.618950,16.618950,16.472824,16.637184,16.618950,16.910439,16.271500,16.837654,16.234848,16.710136,16.472824,16.271500,16.637184,16.710136,16.527649,16.216530,16.124794,16.069710,16.198189,16.088081,16.326462,16.491104,16.509377,16.618950,16.454536,16.161499,16.198189,15.904274,16.892258,15.941071,16.032974,16.454536,16.143143,15.701637,16.472824,16.069710,16.143143,15.535500,15.793800,15.701637,15.885872,15.664742,15.885872,15.922668,15.867470,15.294960,16.234848,15.941071,15.849052,15.977844,16.564171,15.609375,16.032974,15.646294,15.553970,15.517014,16.088081,15.904274,16.234848,16.106438,16.143143,16.198189,15.830643,15.646294,15.756950,15.885872,15.941071,15.720085,15.849052,15.959457,16.344765,16.161499,16.289825,16.124794,15.849052,16.527649,16.051353,16.253181,16.308144,16.124794,16.673668,16.637184,16.051353,16.051353,16.014603,16.399666,16.582436,16.032974,16.216530,16.234848,16.234848,15.756950,16.600693,16.472824,15.738518,16.216530,16.801247,16.344765,16.399666,16.417961,16.545914,16.344765,16.837654,16.271500,16.381371,16.472824,16.454536,16.161499,16.892258,16.691910,16.783035,16.363075,16.618950,16.673668,16.946808,16.910439,17.073982,17.019493,16.910439,17.237198,16.874062,17.110275,17.037659,17.019493,17.001335,17.200951,17.128418,17.110275,17.055817,17.508537,17.291534,17.273430,17.291534,17.273430,17.237198,17.616829,17.327736,17.146553,17.688942,17.454338,17.273430,17.562698,17.436272,17.345833,17.580750,17.400101,17.779015,17.634865,17.868965,17.400101,17.994759,17.291534,18.245766,17.815002,17.886955,17.706970,18.120361,17.850990,18.030663,18.066551,17.922905,18.209953,17.850990,18.138290,17.634865,18.120361,17.976807,17.815002,18.335236,18.442459,18.442459,17.706970,18.084496,18.281563,18.102425,17.958839,18.442459,18.174133,17.922905,18.299454,18.120361,18.299454,18.353111,17.958839,18.012718,18.102425,18.335236,18.156204,18.209953,18.030663,18.174133,18.406731,18.317345,18.263664,18.406731,18.174133,18.227867,18.478165,18.335236,18.496017,18.317345,18.084496,18.460312,18.335236,18.727722,18.120361,18.317345,18.192039,18.388855,18.406731,18.745514,18.478165,18.727722,18.120361,18.585213,18.138290,18.638680,18.102425,18.066551,18.120361,18.317345,18.549545,18.299454,18.245766,18.084496,18.120361,18.638680,18.335236,18.567383,18.585213,18.531708,17.904930,18.620857,18.388855,18.478165,18.192039,18.603035,18.174133,18.478165,18.281563,18.424599,18.353111,18.531708,18.209953,18.585213,18.335236,18.174133,18.798882,18.281563,17.976807,18.263664,18.478165,18.745514,18.370995,18.353111,18.816666,18.692123,18.549545,18.317345,18.478165,18.620857,18.709923,18.531708,18.370995,18.816666,18.496017,18.335236,18.317345,18.478165,18.299454,18.603035,18.478165,18.245766,18.299454,18.496017,18.120361,18.638680,18.263664,18.263664,18.370995,18.156204,18.138290,18.442459,18.245766,18.138290,18.317345,18.263664,18.424599,18.496017,17.976807,18.299454,17.779015,18.549545,18.102425,18.388855,18.030663,18.406731,18.335236,18.335236,18.227867,18.120361,18.388855,18.370995,18.156204,18.174133,17.940880,18.174133,18.227867,17.904930,17.958839,18.174133,18.030663,18.138290,18.353111,18.496017,18.048607,18.120361,18.281563,18.442459,18.102425,18.084496,17.994759,17.833000,17.958839,17.958839,18.012718,17.815002,17.761002,18.138290,17.940880,18.066551,18.048607,18.048607,17.833000,17.797005,17.958839,17.940880,17.904930,18.138290,17.904930,17.868965,17.761002,18.048607,17.634865,18.084496,17.940880,17.976807,17.634865,17.688942,17.634865,18.048607,17.850990,17.779015,17.652901,17.526596,18.048607,17.400101,17.580750,17.815002,17.868965,17.363930,17.580750,17.616829,17.400101,17.418190,17.219078,17.182823,17.146553,17.670921,17.436272,17.454338,17.526596,16.874062,16.819458,17.273430,17.291534,16.928627,16.892258,17.526596,16.892258,17.309639,16.783035,17.019493,16.472824,17.037659,17.001335,17.164696,16.837654,16.837654,16.564171,17.073982,16.746590,16.928627,16.983162,16.855865,16.983162,16.946808,17.110275,16.764816,17.182823,17.164696,17.200951,17.073982,16.673668,16.964989,17.219078,17.200951,17.237198,17.200951,16.801247,16.600693,16.783035,16.983162,16.491104,17.146553,16.472824,16.910439,16.509377,16.874062,16.710136,16.855865,16.691910,16.910439,16.764816,16.399666,16.728371,16.801247,16.491104,16.545914,16.746590,16.527649,16.837654,17.055817,16.928627,16.819458,16.509377,17.073982,16.964989,16.618950,16.491104,16.417961,16.764816,16.928627,16.655434,16.637184,16.983162,16.983162,16.855865,17.200951,16.673668,17.309639,16.673668,16.673668,16.783035,17.200951,16.964989,17.255310,16.874062,17.526596,17.055817,16.837654,17.001335,17.001335,17.706970,17.182823,17.055817,16.964989,17.237198,17.110275,17.110275,17.219078,17.436272,17.128418,17.164696,16.874062,16.746590,16.874062,17.128418,16.910439,17.237198,17.544655,17.182823,16.783035,17.182823,17.436272,17.327736,17.742996,17.146553,17.400101,17.761002,17.761002,17.490471,17.580750,17.400101,17.237198,17.200951,17.490471,17.797005,17.580750,17.345833,17.940880,17.850990,17.652901,17.994759,17.182823,17.670921,17.761002,17.761002,17.562698,17.309639,17.886955,17.779015,17.688942,17.742996,17.400101,17.797005,17.652901,17.472412,17.436272,17.742996,17.688942,17.580750,17.904930,17.472412,17.634865,17.670921,17.868965,17.868965,17.724983,17.418190,17.779015,17.598785,18.048607,17.562698,17.815002,17.562698,17.797005,17.742996,17.797005,17.994759,17.886955,17.598785,18.227867,17.616829,17.472412,17.490471,18.012718,17.904930,17.976807,17.850990,18.174133,17.526596,18.012718,17.904930,17.886955,17.724983,17.616829,17.922905,17.562698,17.363930,17.779015,17.382019,17.400101,17.652901,17.400101,17.128418,17.363930,17.418190,16.892258,17.219078,16.344765,16.545914,16.600693,15.959457,15.553970,14.718750,14.718750,14.811943,14.476006,14.532082,14.793312,14.382469,14.793312,14.363747,15.035194,14.681450,14.905037,14.793312,15.016617,14.606796,14.830566,14.700096,14.382469,14.718750,14.270103,14.700096,14.923637,14.176346,15.072350,14.625465,14.082504,14.044937,13.950951,13.950951,14.251350,13.743858,13.762703,14.082504,13.725006,14.382469,13.668427,14.120049,14.026146,14.270103,13.555183,13.894524,14.063721,13.988556,13.233543,13.328255,13.819221,13.517403,13.403954,13.422867,13.043808,12.986824,
16.124794,15.941071,16.910439,16.710136,16.198189,16.564171,16.637184,16.399666,16.326462,16.582436,16.764816,16.673668,16.234848,16.637184,16.545914,16.691910,16.637184,16.161499,16.855865,16.746590,16.124794,16.088081,16.928627,16.363075,16.564171,16.637184,16.983162,16.710136,16.253181,16.216530,16.253181,16.472824,16.710136,16.308144,16.363075,16.179840,16.308144,16.032974,15.812218,16.545914,16.216530,16.143143,16.436256,15.867470,16.491104,15.553970,16.363075,15.885872,15.959457,15.535500,16.564171,15.941071,15.738518,15.720085,16.106438,15.977844,15.793800,16.143143,16.216530,16.326462,16.143143,15.812218,15.738518,16.032974,15.996223,15.885872,15.941071,15.775375,15.922668,16.032974,15.941071,16.032974,15.922668,15.959457,16.051353,16.289825,16.088081,16.308144,15.849052,16.381371,16.216530,16.088081,15.775375,15.867470,16.051353,16.271500,16.381371,16.381371,16.582436,16.088081,16.600693,16.454536,16.088081,16.161499,16.326462,16.545914,16.363075,16.655434,16.564171,16.509377,16.472824,16.673668,16.436256,16.363075,16.216530,16.545914,16.399666,16.289825,16.179840,16.436256,16.308144,16.509377,16.564171,16.454536,16.289825,16.600693,16.472824,16.655434,16.946808,16.564171,16.819458,16.527649,17.019493,16.874062,16.472824,16.783035,16.837654,16.910439,16.946808,16.801247,16.728371,17.110275,17.273430,17.019493,17.436272,16.874062,17.418190,17.219078,17.200951,17.073982,17.400101,17.146553,17.418190,17.670921,17.291534,17.110275,17.580750,17.182823,17.742996,17.182823,17.490471,17.345833,17.490471,17.382019,17.634865,17.940880,17.400101,17.779015,17.562698,17.508537,17.779015,17.490471,17.797005,17.797005,17.724983,17.724983,17.940880,17.850990,17.815002,17.958839,17.886955,17.779015,17.833000,17.833000,17.958839,17.868965,17.779015,18.174133,17.922905,18.138290,17.833000,18.156204,17.634865,17.868965,18.192039,18.174133,18.370995,18.156204,18.030663,18.192039,17.940880,17.886955,18.192039,18.227867,18.012718,18.603035,18.424599,17.922905,17.958839,17.815002,18.424599,18.496017,18.245766,18.227867,18.245766,18.281563,18.156204,18.263664,18.227867,18.138290,18.012718,18.299454,18.388855,18.012718,18.353111,18.245766,18.531708,18.192039,18.156204,18.781090,18.442459,18.816666,18.692123,18.263664,18.531708,18.620857,18.478165,18.496017,18.638680,18.513863,18.531708,18.353111,18.317345,18.442459,18.084496,18.513863,18.138290,18.406731,18.513863,18.388855,18.102425,18.174133,18.585213,18.442459,18.513863,18.388855,18.299454,18.603035,18.245766,18.442459,18.030663,18.156204,18.353111,18.531708,18.156204,18.192039,18.263664,18.353111,18.603035,18.227867,18.816666,18.478165,18.442459,18.442459,18.263664,18.531708,18.209953,18.531708,18.603035,18.335236,18.281563,18.496017,18.567383,18.102425,18.958771,18.674309,18.620857,18.317345,18.603035,18.478165,18.388855,18.496017,18.442459,18.460312,18.585213,18.174133,18.460312,18.496017,18.388855,18.066551,18.585213,17.436272,18.209953,18.030663,18.192039,18.192039,17.958839,18.281563,18.460312,18.156204,18.174133,18.102425,18.174133,18.102425,18.192039,17.958839,17.706970,18.012718,18.317345,18.299454,18.138290,18.585213,18.084496,18.245766,18.209953,18.370995,18.102425,17.958839,18.281563,17.958839,18.353111,18.585213,18.138290,18.478165,18.174133,18.102425,17.833000,17.994759,18.299454,17.940880,18.156204,17.994759,18.066551,18.370995,18.174133,18.174133,18.156204,18.317345,17.976807,18.281563,18.084496,17.688942,17.958839,17.868965,17.922905,17.886955,18.388855,17.761002,18.048607,17.958839,18.156204,17.724983,18.012718,17.688942,18.012718,18.030663,17.779015,18.138290,17.922905,17.779015,17.833000,17.724983,17.904930,17.598785,17.922905,17.779015,17.688942,18.012718,17.868965,17.761002,17.797005,17.526596,17.976807,17.580750,17.490471,17.724983,17.508537,17.418190,17.580750,17.797005,17.508537,17.219078,17.490471,17.164696,17.327736,17.418190,17.110275,17.182823,17.146553,17.164696,17.309639,17.363930,17.418190,17.327736,16.964989,16.892258,17.472412,17.454338,17.219078,16.983162,17.128418,17.400101,16.710136,16.983162,16.837654,17.073982,17.128418,17.182823,17.219078,17.273430,16.946808,17.073982,17.037659,16.819458,17.200951,16.819458,17.164696,17.001335,16.964989,17.237198,17.219078,17.092117,17.273430,16.910439,16.874062,16.964989,16.892258,16.874062,16.746590,16.964989,17.490471,17.073982,16.710136,16.874062,16.764816,17.146553,16.855865,16.764816,16.855865,17.019493,17.073982,16.983162,16.491104,16.983162,17.073982,16.983162,16.964989,16.618950,17.037659,16.746590,16.710136,16.819458,16.728371,16.582436,16.783035,17.019493,16.673668,17.219078,17.037659,16.855865,17.055817,17.055817,17.327736,16.436256,16.837654,17.128418,17.200951,16.928627,16.946808,17.200951,16.837654,17.472412,16.946808,17.237198,17.345833,17.454338,17.490471,17.508537,17.472412,17.092117,17.706970,17.797005,17.544655,17.779015,17.110275,16.637184,17.182823,17.182823,17.634865,17.526596,17.797005,17.182823,17.219078,17.110275,17.182823,17.580750,17.436272,16.983162,17.616829,17.886955,17.833000,17.418190,17.761002,17.400101,17.490471,17.940880,17.526596,17.652901,18.120361,17.327736,17.291534,18.084496,17.688942,17.363930,18.174133,17.544655,17.634865,17.382019,17.400101,17.580750,17.418190,18.012718,17.634865,17.976807,17.922905,17.544655,17.309639,17.742996,18.048607,17.472412,17.976807,17.706970,17.724983,17.526596,17.670921,17.742996,17.526596,17.580750,17.670921,17.652901,17.688942,17.724983,17.779015,17.508537,17.652901,17.976807,17.472412,17.688942,17.670921,18.227867,18.030663,17.688942,17.688942,17.850990,17.742996,18.066551,17.742996,18.066551,17.940880,17.886955,17.904930,17.724983,17.976807,17.940880,17.994759,17.652901,17.400101,17.037659,17.779015,17.833000,17.670921,17.688942,17.652901,17.742996,17.508537,17.345833,17.742996,17.544655,17.779015,17.562698,17.110275,17.544655,17.363930,16.892258,16.819458,16.198189,16.472824,15.867470,15.793800,15.480049,15.332008,15.128059,14.811943,14.849190,14.644127,14.457298,14.886414,14.662788,15.053780,14.494698,14.737404,14.513397,14.756035,14.345024,14.979439,14.044937,14.886414,14.532082,14.644127,14.662788,14.476006,14.270103,14.363747,14.494698,13.988556,14.774681,14.326302,13.950951,14.213860,14.232613,13.950951,14.044937,14.026146,13.913338,13.969765,14.120049,13.988556,13.950951,13.762703,13.969765,13.969765,13.894524,13.800392,13.762703,13.725006,13.706154,13.969765,14.307571,13.138725,13.233543,
15.313492,16.363075,16.143143,16.472824,17.073982,16.234848,16.892258,16.472824,16.472824,16.271500,16.746590,16.472824,16.143143,16.618950,16.491104,16.253181,16.582436,16.234848,16.527649,16.783035,16.637184,16.051353,16.032974,16.801247,15.996223,16.454536,16.892258,16.545914,16.198189,16.527649,16.509377,15.830643,16.527649,17.001335,16.564171,16.069710,16.253181,16.344765,16.691910,16.417961,16.436256,16.124794,16.564171,16.600693,16.308144,15.812218,16.253181,16.051353,16.509377,15.830643,16.271500,16.454536,16.234848,15.756950,15.830643,16.161499,15.627831,16.491104,16.179840,15.904274,16.271500,16.198189,16.179840,15.793800,16.032974,16.161499,16.106438,16.143143,15.996223,15.849052,16.161499,16.289825,16.014603,16.106438,15.996223,15.867470,16.564171,16.399666,16.234848,16.271500,16.271500,16.728371,15.849052,16.124794,15.977844,16.143143,15.812218,15.830643,16.417961,15.941071,16.381371,16.454536,16.436256,16.436256,16.253181,16.234848,16.344765,16.454536,16.582436,16.564171,16.454536,16.216530,16.728371,16.454536,16.673668,16.344765,16.691910,16.289825,16.655434,16.910439,16.746590,16.637184,16.855865,16.124794,16.454536,16.783035,17.019493,16.874062,16.746590,16.527649,16.527649,16.783035,16.764816,16.582436,16.472824,16.728371,16.728371,16.946808,17.037659,17.019493,16.928627,16.928627,17.055817,17.019493,16.746590,16.892258,17.255310,17.055817,17.382019,17.200951,17.490471,18.030663,17.544655,17.382019,17.616829,17.092117,17.526596,17.363930,17.742996,17.128418,17.309639,17.436272,17.472412,17.309639,17.219078,17.472412,17.055817,17.652901,17.797005,17.833000,17.706970,17.562698,17.706970,17.598785,18.012718,18.030663,17.508537,18.030663,17.779015,18.317345,17.958839,17.761002,18.030663,17.850990,18.245766,18.156204,18.209953,18.227867,18.120361,17.833000,18.174133,17.940880,18.084496,17.833000,18.084496,18.335236,18.066551,18.156204,18.406731,18.299454,18.281563,18.227867,17.797005,18.263664,18.442459,17.868965,18.245766,18.120361,18.102425,17.904930,18.460312,18.048607,18.406731,18.156204,18.585213,18.317345,18.227867,18.353111,18.727722,18.585213,18.317345,18.531708,18.281563,18.923264,18.245766,18.335236,18.763306,18.603035,18.209953,18.370995,18.406731,18.156204,18.370995,18.245766,18.388855,18.209953,18.442459,18.156204,18.478165,18.263664,18.460312,18.263664,18.317345,18.209953,18.834435,18.388855,18.406731,18.496017,18.406731,18.227867,18.513863,18.299454,18.388855,18.460312,18.798882,18.120361,18.585213,18.156204,18.638680,18.102425,17.976807,18.299454,18.406731,18.030663,18.192039,18.460312,18.174133,18.012718,18.227867,18.156204,18.281563,18.424599,18.424599,18.263664,18.263664,18.406731,18.317345,18.531708,18.638680,18.281563,18.263664,18.478165,18.263664,18.317345,18.406731,18.549545,18.852211,18.727722,18.567383,18.941017,18.923264,18.513863,18.674309,18.620857,18.370995,18.763306,18.209953,18.388855,18.299454,18.192039,18.353111,18.120361,18.281563,17.994759,18.066551,18.245766,18.066551,18.424599,18.317345,18.478165,18.012718,17.904930,18.406731,17.761002,18.335236,18.209953,18.120361,18.102425,18.745514,17.940880,18.424599,18.263664,18.102425,17.797005,18.263664,18.138290,18.406731,18.174133,18.084496,18.406731,17.724983,18.174133,18.245766,18.012718,18.156204,18.174133,17.779015,17.922905,17.904930,18.335236,18.245766,18.084496,18.156204,18.012718,18.138290,17.940880,18.084496,18.174133,18.120361,17.688942,17.958839,17.742996,17.850990,17.940880,18.156204,18.156204,18.066551,17.797005,17.742996,18.227867,18.048607,17.886955,17.670921,18.209953,18.102425,17.634865,17.670921,17.400101,17.976807,17.922905,18.156204,17.958839,18.048607,18.281563,17.797005,17.868965,17.616829,17.291534,17.706970,17.688942,17.815002,17.400101,17.833000,17.526596,17.490471,17.652901,17.761002,17.688942,17.797005,17.562698,17.761002,17.363930,17.363930,17.598785,17.544655,17.454338,17.454338,17.309639,17.670921,17.291534,17.616829,17.309639,17.508537,16.819458,17.200951,17.164696,17.436272,17.092117,16.983162,17.182823,17.200951,17.055817,16.874062,16.728371,17.037659,16.964989,16.855865,17.073982,17.273430,17.128418,16.910439,16.928627,17.019493,17.164696,17.146553,17.363930,16.819458,16.819458,16.910439,17.019493,17.146553,17.219078,17.544655,16.819458,17.146553,17.219078,16.764816,17.164696,17.219078,17.110275,16.454536,16.928627,16.454536,16.928627,17.182823,16.892258,16.564171,17.164696,16.910439,16.673668,17.128418,17.688942,16.819458,16.564171,16.983162,16.874062,16.783035,17.001335,16.855865,17.001335,16.855865,17.200951,17.110275,16.618950,17.146553,16.527649,17.055817,16.801247,16.728371,17.219078,17.001335,17.055817,16.964989,16.746590,16.746590,17.092117,17.146553,17.164696,17.219078,17.291534,17.128418,17.562698,16.964989,17.001335,17.526596,17.110275,17.490471,17.327736,17.742996,17.092117,17.400101,17.418190,17.219078,17.055817,17.472412,16.910439,16.874062,16.964989,17.508537,16.964989,17.363930,17.128418,17.382019,17.670921,17.616829,17.382019,17.490471,17.345833,17.418190,17.652901,17.363930,17.616829,17.472412,17.400101,17.580750,17.616829,17.273430,17.544655,17.688942,17.815002,17.382019,17.688942,17.472412,18.066551,17.688942,17.688942,17.706970,17.868965,17.634865,17.706970,17.976807,17.580750,17.904930,17.850990,17.670921,17.761002,17.922905,17.598785,17.761002,17.327736,18.084496,17.526596,17.706970,18.174133,18.048607,17.670921,17.850990,17.779015,17.418190,17.922905,17.652901,17.815002,17.616829,17.562698,17.724983,17.544655,17.833000,17.976807,17.868965,17.761002,17.761002,17.742996,17.815002,18.120361,17.868965,17.922905,18.066551,18.048607,18.138290,17.742996,17.761002,17.797005,17.490471,17.958839,18.048607,17.904930,17.868965,17.886955,17.922905,17.200951,17.508537,17.490471,17.055817,17.634865,17.508537,17.688942,17.670921,17.670921,17.164696,17.164696,16.983162,17.850990,16.819458,17.345833,16.910439,16.143143,16.014603,15.830643,15.904274,15.332008,15.535500,15.072350,14.737404,14.494698,14.644127,14.793312,14.849190,14.737404,14.886414,15.165176,14.438606,14.681450,14.905037,14.662788,14.849190,14.345024,14.681450,14.588127,14.251350,14.213860,14.288834,14.774681,14.476006,14.438606,13.668427,14.082504,14.363747,14.288834,13.385033,13.668427,14.401184,13.725006,14.251350,14.026146,13.592949,13.969765,14.774681,13.838051,14.082504,13.630692,14.569450,14.026146,13.932144,13.498497,13.517403,13.195625,13.574066,13.687294,13.630692,13.271439,
15.683197,16.088081,16.326462,16.783035,16.600693,16.436256,16.910439,16.728371,16.637184,16.655434,16.417961,16.582436,16.600693,16.491104,16.472824,16.253181,16.728371,16.509377,16.855865,16.308144,16.582436,17.200951,16.819458,16.710136,16.564171,16.819458,16.618950,16.399666,16.582436,16.399666,17.001335,16.600693,16.417961,16.179840,16.363075,16.545914,16.564171,16.289825,17.110275,16.436256,16.381371,16.655434,16.344765,16.253181,16.289825,16.308144,16.051353,15.701637,16.179840,16.069710,16.161499,16.088081,15.867470,16.253181,15.977844,16.399666,15.922668,15.683197,16.363075,16.106438,15.830643,16.399666,16.179840,16.198189,15.959457,15.885872,16.417961,16.308144,16.069710,16.363075,15.720085,16.399666,16.198189,15.738518,16.710136,16.179840,16.253181,16.326462,16.545914,16.363075,16.618950,16.014603,16.069710,16.088081,16.161499,16.069710,16.417961,16.381371,16.363075,16.161499,16.308144,16.106438,16.618950,16.381371,16.454536,16.746590,16.417961,16.582436,16.564171,16.179840,16.783035,16.655434,16.472824,16.710136,17.019493,16.436256,16.673668,16.618950,16.764816,16.527649,16.509377,16.454536,17.055817,16.545914,16.874062,16.399666,16.746590,16.600693,17.073982,16.964989,16.928627,17.164696,16.801247,16.564171,16.837654,16.855865,17.128418,16.855865,17.273430,16.618950,17.255310,17.182823,17.345833,17.219078,16.819458,17.454338,17.037659,17.706970,17.652901,17.001335,17.309639,16.855865,17.200951,17.363930,17.724983,17.128418,17.418190,17.037659,17.761002,17.110275,17.219078,17.345833,17.400101,17.670921,17.309639,17.490471,17.327736,17.508537,17.490471,17.922905,17.562698,17.742996,18.156204,17.616829,17.652901,17.742996,17.833000,17.418190,17.815002,18.102425,18.012718,17.616829,17.886955,18.245766,17.850990,17.922905,18.156204,17.886955,17.742996,18.084496,17.922905,18.048607,17.761002,18.120361,18.192039,17.833000,18.066551,18.084496,18.138290,17.904930,18.156204,18.174133,18.120361,18.030663,18.245766,18.174133,18.048607,17.976807,18.281563,18.424599,17.958839,18.012718,18.030663,18.192039,18.245766,18.120361,18.227867,18.353111,18.567383,18.299454,18.353111,18.388855,18.388855,18.424599,18.370995,18.781090,18.496017,18.353111,18.603035,18.549545,18.585213,18.299454,18.406731,18.656494,18.513863,18.174133,18.745514,18.370995,18.138290,18.353111,18.209953,18.353111,18.370995,17.976807,18.549545,18.353111,18.424599,18.281563,17.958839,18.335236,18.281563,18.406731,18.406731,18.353111,18.299454,18.299454,18.406731,18.513863,18.156204,18.174133,18.513863,17.976807,18.370995,17.886955,18.424599,18.674309,18.370995,18.335236,18.442459,18.460312,18.084496,18.460312,18.442459,18.388855,18.603035,18.353111,18.460312,18.317345,18.656494,18.638680,18.763306,18.549545,18.763306,18.869980,18.620857,18.335236,18.513863,18.816666,19.189156,18.745514,18.798882,18.745514,18.460312,18.496017,18.460312,18.531708,18.549545,18.388855,18.603035,18.299454,18.102425,18.156204,18.317345,18.388855,17.922905,18.209953,18.353111,17.797005,18.442459,18.442459,18.317345,18.138290,18.299454,18.156204,18.245766,17.850990,17.868965,18.030663,18.156204,18.281563,18.102425,18.620857,18.227867,18.388855,18.084496,18.174133,17.904930,18.120361,18.460312,18.174133,17.994759,17.797005,18.263664,18.227867,18.317345,18.317345,18.174133,18.353111,18.048607,18.120361,18.531708,18.442459,18.317345,18.299454,18.102425,17.833000,18.370995,18.209953,18.192039,17.868965,18.245766,18.156204,17.724983,18.156204,17.219078,17.850990,18.102425,17.761002,18.102425,17.779015,18.424599,18.084496,17.868965,17.797005,17.670921,17.940880,18.102425,17.904930,17.742996,17.688942,17.724983,17.904930,17.779015,17.598785,18.066551,17.940880,17.706970,17.833000,17.490471,17.850990,18.353111,17.833000,18.012718,17.580750,17.706970,17.761002,17.562698,17.634865,17.598785,17.580750,17.580750,17.544655,17.345833,17.363930,17.508537,17.472412,17.182823,17.490471,17.345833,17.490471,17.598785,17.562698,16.928627,17.382019,17.110275,17.255310,17.237198,17.418190,17.400101,17.526596,17.255310,17.255310,17.706970,17.092117,17.219078,16.964989,17.418190,17.128418,17.164696,17.291534,17.164696,17.706970,17.363930,16.728371,16.983162,17.291534,17.291534,17.182823,17.706970,17.580750,17.291534,17.562698,17.472412,17.073982,16.892258,16.892258,16.637184,17.237198,16.983162,16.855865,17.110275,16.928627,16.710136,16.764816,16.964989,16.746590,17.073982,16.837654,17.055817,17.345833,17.092117,17.055817,17.128418,17.110275,17.073982,16.764816,16.691910,16.673668,16.964989,16.892258,16.764816,17.073982,16.837654,16.783035,17.182823,16.710136,16.910439,16.618950,16.874062,16.764816,17.073982,17.219078,16.928627,17.128418,17.164696,17.327736,17.237198,17.110275,17.400101,17.255310,17.146553,17.037659,17.237198,16.983162,17.200951,17.237198,17.146553,17.526596,17.019493,17.273430,17.363930,17.526596,17.562698,16.673668,17.237198,16.892258,17.670921,17.508537,17.128418,17.273430,17.255310,17.237198,17.652901,17.616829,17.598785,17.634865,17.436272,17.940880,17.580750,17.580750,17.363930,17.055817,17.958839,17.688942,17.833000,17.598785,17.616829,17.400101,17.200951,17.598785,18.585213,17.922905,18.066551,17.670921,17.327736,17.472412,17.850990,17.634865,18.066551,18.012718,18.048607,17.562698,17.634865,17.724983,17.616829,17.742996,17.886955,17.454338,17.886955,18.012718,17.815002,18.281563,18.012718,17.724983,17.761002,17.670921,17.634865,17.652901,17.724983,17.742996,17.994759,17.598785,17.742996,17.706970,18.156204,17.922905,17.994759,17.472412,17.490471,17.761002,17.886955,17.327736,18.335236,17.976807,18.156204,17.922905,18.388855,17.562698,17.472412,17.976807,17.706970,17.706970,17.976807,17.363930,18.030663,17.309639,17.724983,17.886955,17.815002,17.850990,17.634865,17.544655,17.309639,17.400101,17.309639,17.382019,17.562698,17.886955,17.544655,16.946808,17.472412,17.291534,16.764816,16.655434,16.910439,15.922668,15.756950,16.454536,15.977844,15.165176,15.202286,15.239365,14.960838,14.438606,13.894524,14.307571,14.681450,14.550774,14.644127,15.035194,14.063721,14.923637,14.569450,14.606796,14.886414,14.270103,14.419891,13.875710,14.718750,14.251350,14.737404,14.363747,14.700096,14.438606,13.725006,14.401184,14.569450,13.781540,13.743858,14.082504,13.894524,14.438606,13.611824,13.894524,13.969765,13.630692,14.288834,13.950951,14.457298,13.498497,14.288834,13.819221,13.856880,13.328255,14.026146,13.649567,13.630692,14.063721,13.555183,12.891754,
15.885872,17.128418,16.069710,16.344765,16.344765,16.216530,16.910439,16.691910,16.491104,16.946808,16.179840,16.381371,16.691910,16.308144,16.746590,16.819458,16.655434,16.381371,16.051353,16.564171,16.088081,16.582436,16.088081,16.124794,16.436256,16.855865,16.326462,16.436256,16.946808,16.655434,16.143143,16.271500,16.673668,16.143143,15.701637,16.032974,16.910439,16.143143,16.234848,16.618950,16.363075,16.216530,16.363075,16.618950,16.124794,16.234848,15.959457,16.234848,16.527649,16.198189,16.234848,16.344765,15.941071,16.399666,16.124794,15.849052,16.509377,16.417961,16.216530,16.088081,16.582436,16.014603,16.363075,15.977844,15.885872,16.234848,16.271500,16.253181,16.381371,16.691910,16.564171,15.977844,15.646294,16.216530,16.618950,16.399666,16.271500,16.234848,15.941071,16.454536,16.344765,16.051353,16.509377,16.289825,16.106438,16.618950,16.051353,16.454536,15.996223,16.472824,16.783035,16.673668,16.801247,16.472824,16.545914,16.564171,16.417961,16.216530,16.783035,16.308144,16.892258,16.746590,16.673668,16.710136,16.545914,16.308144,16.746590,16.874062,17.164696,16.545914,16.983162,16.491104,16.673668,16.545914,16.746590,16.783035,16.691910,17.092117,16.801247,16.564171,16.673668,17.309639,16.783035,16.472824,16.946808,16.783035,17.092117,17.200951,16.983162,17.200951,16.691910,17.182823,17.345833,17.291534,17.237198,16.783035,17.146553,17.128418,17.273430,17.508537,17.472412,17.526596,17.616829,17.526596,17.309639,17.273430,17.291534,17.273430,17.309639,17.363930,17.508537,17.580750,17.526596,17.652901,17.363930,16.819458,17.904930,17.634865,17.688942,17.868965,17.761002,17.868965,17.652901,17.724983,17.958839,17.922905,17.598785,17.598785,17.976807,17.976807,17.850990,17.544655,18.102425,18.066551,17.976807,18.263664,17.797005,18.084496,17.994759,18.066551,17.868965,18.084496,17.850990,18.066551,18.012718,18.209953,18.066551,18.138290,18.317345,17.958839,18.299454,17.886955,18.030663,18.245766,18.299454,18.317345,18.138290,18.209953,18.120361,18.460312,18.245766,18.048607,18.424599,18.120361,18.120361,18.442459,18.245766,17.976807,18.478165,18.513863,18.066551,18.245766,18.442459,18.156204,18.656494,18.638680,18.460312,18.227867,18.263664,18.424599,18.531708,18.852211,18.460312,18.317345,18.460312,18.281563,18.424599,18.478165,18.174133,18.370995,18.513863,18.424599,18.281563,18.353111,18.263664,18.531708,18.549545,18.281563,18.281563,18.603035,18.317345,18.227867,18.549545,17.922905,18.156204,18.406731,18.513863,18.030663,18.192039,18.245766,18.424599,18.353111,18.478165,18.370995,18.120361,18.317345,18.353111,18.317345,18.317345,18.727722,18.048607,18.513863,18.531708,18.317345,18.424599,18.674309,18.567383,18.478165,18.513863,18.692123,18.567383,18.406731,18.513863,18.816666,18.531708,18.692123,18.905502,18.709923,18.816666,18.781090,18.353111,18.496017,19.118340,18.656494,18.745514,18.674309,18.478165,18.370995,18.263664,18.388855,18.084496,18.174133,18.335236,18.174133,18.406731,18.066551,18.084496,18.084496,18.299454,17.958839,18.012718,18.227867,18.263664,18.084496,18.263664,18.048607,18.156204,18.406731,17.833000,18.299454,18.192039,18.299454,18.496017,18.353111,18.603035,17.958839,18.263664,18.513863,17.779015,17.958839,18.120361,18.048607,18.138290,18.299454,18.245766,18.245766,17.815002,18.030663,18.745514,18.066551,18.281563,18.513863,18.120361,18.156204,18.156204,17.779015,18.620857,17.706970,17.886955,18.209953,17.761002,17.958839,18.192039,18.048607,17.922905,17.958839,18.370995,18.066551,17.976807,17.904930,17.833000,17.688942,17.994759,17.797005,18.030663,17.940880,18.030663,18.156204,17.904930,18.209953,18.120361,17.797005,17.886955,18.227867,17.922905,17.958839,17.922905,17.418190,17.508537,17.779015,17.958839,17.688942,17.670921,17.706970,17.472412,17.976807,17.418190,17.508537,17.868965,17.580750,17.634865,17.436272,17.688942,17.490471,17.508537,17.345833,16.855865,17.616829,17.616829,17.472412,17.724983,17.382019,17.761002,17.291534,17.327736,17.400101,17.345833,17.164696,17.309639,17.219078,17.490471,17.327736,17.327736,17.526596,17.273430,17.454338,17.580750,17.146553,17.237198,17.724983,17.146553,17.219078,17.454338,17.055817,17.400101,17.508537,17.616829,17.562698,17.273430,17.327736,17.219078,17.073982,17.055817,17.128418,17.146553,17.219078,16.728371,17.200951,17.164696,17.164696,17.382019,17.309639,17.345833,17.309639,16.837654,17.019493,17.164696,16.618950,17.219078,16.928627,16.910439,16.837654,17.182823,16.819458,17.073982,16.910439,16.655434,17.382019,16.746590,17.092117,16.801247,17.110275,17.037659,17.219078,17.001335,17.182823,17.073982,17.200951,17.182823,16.983162,17.128418,16.983162,17.309639,16.983162,17.400101,17.363930,17.219078,17.400101,16.946808,17.273430,17.237198,16.801247,17.526596,17.309639,16.819458,17.400101,17.001335,17.400101,17.255310,17.073982,17.345833,17.436272,17.146553,17.146553,17.363930,17.073982,17.454338,17.345833,17.418190,16.874062,16.910439,17.544655,17.436272,17.037659,16.964989,17.146553,17.400101,17.526596,17.255310,17.219078,17.724983,17.182823,17.562698,17.508537,17.562698,18.066551,17.418190,17.761002,17.616829,17.508537,17.833000,17.724983,17.797005,17.940880,17.562698,17.345833,17.237198,17.526596,17.508537,17.922905,17.724983,17.562698,17.706970,17.833000,17.904930,17.724983,17.472412,17.742996,17.904930,17.833000,17.454338,17.706970,17.815002,17.490471,18.012718,17.940880,17.976807,17.490471,18.012718,17.634865,17.742996,17.598785,17.940880,17.742996,17.850990,17.382019,17.706970,17.544655,17.976807,17.146553,17.400101,17.994759,17.454338,17.940880,17.886955,18.030663,17.562698,18.066551,18.084496,17.940880,17.562698,17.761002,17.761002,17.670921,18.030663,17.886955,17.922905,17.706970,17.815002,17.400101,17.779015,17.670921,17.724983,17.850990,17.526596,17.526596,18.388855,17.779015,16.983162,17.490471,17.634865,17.291534,16.946808,17.164696,17.182823,15.904274,15.664742,16.161499,15.609375,15.627831,15.220818,14.998024,14.756035,14.606796,14.513397,14.138817,14.270103,14.774681,14.718750,15.332008,14.625465,14.438606,14.923637,14.550774,15.109489,14.644127,14.457298,14.363747,15.053780,14.886414,14.494698,14.232613,14.644127,14.345024,14.662788,14.644127,14.363747,14.326302,13.988556,14.326302,14.063721,14.270103,14.063721,13.781540,14.176346,13.762703,13.894524,13.950951,13.574066,13.856880,13.725006,13.800392,13.536285,13.762703,13.800392,14.157593,13.800392,13.536285,13.441788,12.682281,
15.387550,16.106438,16.819458,15.959457,17.019493,16.106438,16.289825,17.200951,16.271500,15.922668,16.344765,16.399666,16.472824,16.363075,16.545914,16.618950,16.964989,16.454536,16.928627,16.344765,16.783035,16.655434,16.454536,16.728371,16.271500,16.855865,16.179840,16.491104,17.037659,17.019493,16.983162,16.509377,16.326462,16.728371,16.637184,16.527649,16.179840,16.472824,16.783035,16.564171,16.637184,16.527649,16.417961,16.527649,16.381371,16.673668,16.399666,16.381371,16.289825,16.069710,16.691910,16.271500,16.454536,15.996223,16.069710,16.436256,16.491104,15.922668,16.308144,15.849052,15.996223,15.959457,16.363075,15.720085,16.491104,16.399666,16.673668,16.326462,16.308144,16.527649,16.509377,16.527649,16.051353,16.234848,16.381371,15.922668,16.545914,16.618950,16.234848,16.509377,16.253181,16.618950,16.855865,16.436256,16.545914,16.069710,16.600693,16.509377,16.326462,16.436256,16.326462,16.344765,16.491104,16.326462,16.655434,17.055817,16.564171,16.892258,16.710136,16.069710,16.837654,16.874062,16.344765,16.964989,16.819458,16.271500,17.001335,16.564171,16.946808,16.491104,16.964989,17.092117,16.983162,16.564171,16.837654,17.128418,16.910439,16.472824,17.019493,16.946808,17.073982,17.092117,17.110275,16.582436,17.164696,16.764816,17.001335,16.928627,16.910439,17.327736,17.092117,17.255310,16.874062,17.110275,17.237198,17.562698,17.219078,17.092117,17.363930,17.200951,17.544655,17.255310,17.562698,17.345833,17.580750,17.526596,17.688942,17.706970,17.436272,17.001335,17.688942,17.490471,17.363930,17.508537,17.706970,17.508537,17.940880,17.309639,17.833000,17.670921,17.724983,17.833000,17.761002,17.797005,17.490471,17.779015,17.850990,17.761002,17.616829,17.904930,17.868965,17.958839,17.833000,17.706970,17.886955,18.084496,17.958839,18.102425,18.156204,17.994759,18.102425,17.580750,18.281563,17.922905,17.779015,18.299454,18.120361,18.513863,18.174133,18.156204,18.174133,18.120361,18.227867,18.174133,18.209953,18.370995,17.922905,18.263664,18.192039,18.603035,18.370995,18.335236,18.424599,18.317345,17.850990,18.156204,18.531708,18.209953,18.066551,18.370995,18.263664,18.156204,18.531708,18.620857,18.567383,18.638680,18.406731,18.478165,18.798882,18.727722,18.603035,18.442459,18.281563,18.567383,18.656494,18.620857,18.299454,18.138290,18.887749,18.531708,18.656494,18.531708,18.478165,18.174133,18.102425,18.478165,18.424599,17.815002,18.638680,18.674309,18.763306,18.066551,18.709923,18.245766,18.388855,18.299454,18.317345,18.353111,18.442459,18.585213,18.781090,18.102425,18.281563,18.156204,18.299454,17.868965,18.353111,18.192039,18.156204,18.638680,18.834435,18.317345,18.620857,18.763306,18.370995,18.478165,18.567383,18.603035,18.603035,18.531708,19.206863,18.388855,18.781090,18.603035,18.620857,18.638680,19.065178,18.692123,19.100624,18.763306,19.082909,19.206863,18.745514,18.531708,19.330627,18.335236,18.656494,18.941017,18.138290,18.478165,18.781090,18.745514,18.887749,18.030663,18.227867,18.656494,18.370995,18.424599,18.048607,18.245766,18.048607,18.120361,18.460312,18.299454,18.370995,18.424599,17.779015,18.209953,18.120361,18.353111,18.066551,18.263664,18.030663,18.048607,18.263664,18.406731,18.156204,18.549545,18.727722,18.263664,18.120361,18.335236,18.317345,18.263664,18.102425,18.192039,18.281563,18.263664,17.994759,18.102425,18.370995,18.245766,18.299454,18.317345,18.370995,18.174133,18.478165,18.156204,18.281563,17.742996,18.192039,18.030663,18.156204,17.976807,17.815002,17.976807,17.994759,18.263664,18.209953,18.120361,17.634865,18.496017,17.688942,17.724983,18.066551,17.562698,18.227867,17.724983,18.138290,17.868965,18.209953,17.670921,18.102425,17.994759,18.209953,17.904930,18.030663,18.138290,18.084496,17.688942,18.012718,17.634865,18.102425,17.616829,17.706970,17.652901,17.815002,17.779015,17.454338,17.309639,17.688942,17.797005,17.742996,17.164696,18.030663,17.706970,17.273430,17.490471,17.382019,17.634865,17.670921,17.868965,17.779015,17.291534,17.886955,17.219078,17.164696,17.490471,17.327736,17.652901,16.855865,17.544655,17.562698,17.418190,17.327736,17.327736,17.182823,17.219078,17.092117,17.508537,17.128418,17.922905,17.454338,17.291534,17.345833,17.706970,17.200951,17.562698,17.237198,17.526596,17.309639,16.983162,17.327736,17.001335,17.237198,16.910439,17.055817,17.345833,16.983162,17.219078,16.946808,17.309639,17.019493,17.182823,17.219078,17.237198,17.055817,16.928627,17.327736,16.855865,17.110275,17.182823,17.110275,16.801247,16.910439,16.928627,17.037659,16.783035,16.964989,17.219078,16.673668,17.055817,17.418190,16.910439,16.892258,16.637184,17.436272,16.983162,17.526596,17.327736,17.001335,17.255310,16.855865,16.783035,16.545914,17.200951,17.291534,17.146553,17.092117,17.382019,17.092117,17.237198,17.418190,17.418190,17.400101,17.309639,16.983162,17.055817,17.309639,17.797005,16.855865,17.544655,16.910439,17.418190,17.886955,17.652901,17.652901,17.724983,16.837654,16.819458,17.327736,17.598785,17.363930,17.400101,17.454338,17.616829,17.309639,17.382019,17.508537,17.508537,17.922905,17.562698,17.490471,17.526596,17.850990,17.886955,17.436272,17.544655,17.761002,17.327736,18.156204,17.779015,17.850990,18.120361,18.030663,17.779015,17.634865,17.073982,17.994759,17.833000,17.797005,17.652901,17.309639,17.472412,17.904930,18.281563,17.940880,17.652901,17.815002,17.779015,17.580750,18.066551,17.472412,17.761002,17.797005,17.418190,18.048607,17.976807,17.580750,18.084496,17.670921,17.958839,17.742996,17.688942,17.706970,17.490471,17.761002,17.994759,17.779015,17.940880,17.291534,18.102425,17.940880,18.227867,17.886955,17.994759,18.120361,17.976807,17.994759,17.886955,17.634865,17.706970,17.544655,17.904930,18.174133,17.724983,17.562698,17.634865,17.904930,18.012718,17.833000,17.400101,17.976807,18.066551,17.706970,17.706970,17.688942,17.182823,17.400101,17.418190,17.868965,17.815002,17.128418,17.327736,16.308144,16.417961,16.746590,15.922668,15.609375,15.220818,15.406059,15.016617,14.457298,14.532082,14.513397,14.120049,14.867805,14.830566,14.830566,14.345024,14.251350,14.905037,14.532082,14.811943,14.681450,14.082504,14.419891,14.588127,14.588127,14.681450,13.969765,14.457298,14.157593,14.195114,14.026146,14.270103,13.894524,13.819221,13.781540,13.894524,14.232613,14.345024,13.969765,14.138817,13.819221,14.101280,13.913338,13.932144,13.950951,13.309326,13.875710,13.856880,13.517403,13.630692,13.762703,13.043808,13.119759,13.214584,13.176659,12.948814,
15.609375,16.088081,17.182823,16.710136,16.746590,16.363075,17.164696,16.673668,16.691910,16.179840,16.527649,16.728371,16.436256,16.928627,16.874062,16.417961,16.910439,16.673668,16.326462,16.234848,16.874062,16.234848,16.600693,16.344765,16.637184,16.472824,17.200951,16.545914,16.564171,16.673668,16.472824,16.326462,16.618950,16.746590,16.417961,16.143143,16.618950,16.363075,16.983162,16.819458,16.618950,16.399666,16.618950,16.417961,16.234848,16.289825,16.564171,17.219078,16.417961,16.417961,16.344765,16.032974,16.491104,16.289825,16.600693,16.381371,16.819458,16.837654,16.417961,16.545914,16.728371,16.637184,16.069710,16.088081,16.509377,16.983162,16.381371,16.161499,17.219078,16.545914,16.308144,16.618950,16.271500,16.363075,16.381371,16.874062,16.509377,16.855865,16.253181,16.618950,15.959457,16.509377,16.637184,16.069710,16.582436,16.582436,16.436256,16.783035,17.073982,16.655434,16.344765,16.454536,16.728371,16.363075,16.964989,17.255310,16.855865,16.983162,16.892258,16.491104,17.110275,16.855865,17.055817,16.855865,16.855865,17.001335,16.801247,16.289825,17.019493,16.983162,16.564171,17.037659,17.110275,16.855865,16.946808,16.983162,17.019493,16.728371,17.019493,16.946808,17.128418,17.363930,16.964989,16.910439,17.146553,16.910439,17.128418,17.382019,16.837654,17.164696,16.673668,17.508537,17.182823,17.490471,17.436272,17.345833,17.436272,17.309639,17.418190,17.436272,17.418190,17.544655,17.706970,17.526596,17.309639,17.526596,17.182823,17.363930,17.598785,17.454338,17.544655,17.309639,17.742996,17.634865,17.815002,17.508537,17.706970,17.327736,17.580750,17.400101,18.012718,17.706970,17.868965,17.833000,17.886955,17.868965,18.030663,17.345833,18.102425,17.958839,17.976807,17.779015,17.940880,17.886955,17.833000,18.102425,18.066551,17.761002,18.048607,17.904930,17.724983,18.656494,17.940880,18.066551,18.209953,18.388855,17.850990,18.012718,17.886955,17.742996,18.120361,18.066551,18.209953,18.138290,18.478165,18.263664,18.120361,18.567383,18.638680,18.209953,18.245766,18.406731,18.263664,18.460312,18.478165,18.030663,18.209953,18.281563,18.388855,18.353111,18.513863,18.620857,18.478165,18.816666,18.816666,18.531708,18.763306,18.709923,18.406731,18.531708,18.692123,18.478165,18.656494,18.567383,18.406731,18.549545,18.852211,18.442459,18.905502,18.852211,18.638680,18.496017,18.478165,18.905502,18.709923,18.852211,18.513863,18.816666,18.478165,18.745514,18.496017,18.353111,18.994255,18.834435,18.656494,18.048607,18.442459,18.424599,18.460312,18.370995,18.388855,18.156204,18.424599,18.460312,18.227867,18.281563,18.317345,18.263664,18.406731,18.370995,18.209953,18.513863,18.603035,18.424599,18.460312,18.585213,18.745514,18.513863,18.923264,18.905502,18.585213,19.136055,18.585213,18.460312,18.923264,18.905502,18.727722,18.781090,18.852211,18.549545,18.424599,19.029732,19.011993,18.424599,18.603035,18.816666,18.603035,18.406731,18.781090,18.370995,18.567383,18.585213,18.138290,18.138290,18.460312,18.102425,18.227867,18.102425,18.424599,18.156204,18.102425,17.940880,18.299454,18.281563,18.102425,18.138290,17.976807,18.192039,18.120361,18.192039,18.066551,18.156204,18.156204,18.084496,18.299454,18.281563,18.263664,18.478165,17.994759,18.460312,18.513863,18.263664,18.066551,18.299454,17.976807,18.084496,18.048607,18.388855,17.850990,18.084496,18.066551,17.976807,18.120361,18.138290,18.299454,17.958839,18.245766,18.353111,18.192039,18.066551,18.335236,18.174133,17.922905,18.317345,18.567383,18.245766,17.904930,17.958839,17.815002,18.227867,17.815002,18.102425,17.994759,17.815002,18.048607,18.388855,18.030663,18.227867,18.120361,18.102425,17.976807,18.084496,17.761002,17.958839,17.706970,17.761002,17.724983,17.940880,17.958839,18.030663,17.922905,18.048607,17.976807,17.761002,17.670921,17.598785,17.490471,17.958839,17.580750,17.598785,17.797005,17.634865,17.815002,17.797005,17.544655,17.418190,17.580750,17.616829,17.454338,17.454338,17.724983,17.688942,17.815002,17.688942,17.291534,17.706970,17.237198,17.363930,17.472412,17.255310,17.544655,17.291534,17.454338,17.363930,17.363930,17.454338,17.309639,17.182823,17.110275,17.400101,17.255310,17.616829,17.382019,17.382019,17.400101,17.526596,17.418190,17.255310,17.237198,17.634865,17.580750,17.273430,17.400101,17.164696,17.490471,17.544655,17.019493,17.073982,16.874062,17.092117,17.291534,17.200951,17.255310,16.855865,17.182823,17.273430,17.073982,17.761002,16.874062,16.983162,16.819458,17.454338,17.200951,17.164696,17.001335,16.837654,17.055817,17.001335,16.837654,17.200951,16.946808,17.128418,17.237198,17.327736,17.219078,17.110275,17.037659,17.037659,16.983162,17.454338,17.634865,16.910439,17.219078,17.219078,17.345833,17.128418,17.182823,17.382019,17.400101,17.454338,17.327736,17.418190,17.073982,17.273430,17.634865,17.616829,17.327736,17.128418,17.164696,17.200951,17.688942,17.055817,17.200951,17.255310,16.746590,16.801247,17.418190,17.219078,17.363930,17.146553,17.219078,17.019493,17.073982,16.964989,17.382019,17.327736,17.237198,17.526596,17.363930,17.219078,17.418190,17.273430,17.363930,17.273430,17.779015,17.526596,17.779015,17.994759,17.922905,17.526596,17.454338,17.868965,17.815002,17.382019,17.508537,17.363930,17.815002,17.904930,18.263664,17.958839,17.994759,17.598785,17.940880,17.472412,17.580750,17.958839,17.652901,17.382019,17.616829,17.688942,17.833000,18.012718,18.138290,17.761002,17.886955,18.138290,17.833000,17.761002,18.012718,18.012718,17.797005,18.299454,17.815002,17.598785,17.761002,17.670921,17.904930,18.174133,17.688942,17.688942,17.886955,17.815002,17.922905,18.084496,17.815002,18.281563,17.994759,18.012718,17.815002,17.922905,18.120361,18.156204,18.209953,17.544655,17.833000,17.544655,17.562698,17.724983,17.146553,18.388855,17.815002,17.418190,18.030663,17.670921,17.562698,17.868965,17.418190,17.652901,17.544655,17.490471,17.363930,17.273430,16.946808,16.783035,16.618950,16.655434,16.124794,15.590912,15.922668,15.498535,14.569450,14.905037,14.662788,14.270103,14.774681,14.401184,14.830566,14.569450,14.363747,14.476006,14.998024,14.793312,14.942238,14.213860,14.811943,14.849190,14.082504,14.288834,14.476006,14.044937,14.138817,14.101280,14.307571,14.513397,14.138817,13.725006,14.438606,14.101280,13.706154,14.569450,14.157593,13.649567,14.326302,14.082504,13.950951,13.611824,13.555183,14.419891,13.725006,14.138817,13.743858,13.875710,13.555183,13.498497,13.555183,13.838051,13.649567,13.856880,13.005829,13.460693,
15.885872,16.198189,16.764816,16.746590,16.928627,16.417961,16.271500,16.710136,17.055817,16.582436,17.110275,16.746590,16.874062,16.783035,16.454536,17.019493,16.564171,16.691910,16.764816,16.436256,16.253181,15.922668,16.764816,16.964989,16.472824,16.910439,16.964989,16.746590,16.855865,16.344765,16.600693,16.855865,17.182823,16.892258,16.783035,17.092117,16.746590,17.128418,16.837654,16.582436,16.728371,16.527649,16.417961,16.161499,16.764816,15.996223,16.837654,16.289825,16.764816,16.253181,16.234848,16.308144,16.344765,16.014603,16.289825,16.545914,16.436256,16.728371,16.436256,16.545914,15.959457,16.764816,16.363075,16.691910,16.472824,16.253181,16.764816,16.253181,16.179840,16.344765,16.472824,16.564171,16.910439,16.363075,16.746590,15.904274,16.472824,16.179840,16.289825,16.983162,16.855865,16.710136,16.819458,16.819458,16.783035,16.728371,16.710136,16.928627,16.545914,16.491104,16.728371,16.308144,16.728371,16.801247,17.019493,17.001335,17.128418,17.164696,16.545914,17.164696,17.055817,17.055817,16.892258,16.855865,16.746590,16.783035,17.182823,16.728371,16.710136,17.345833,17.073982,17.001335,16.874062,17.200951,17.200951,17.164696,17.237198,17.092117,16.691910,17.363930,17.273430,17.580750,17.255310,17.291534,17.073982,17.128418,17.237198,17.237198,17.327736,17.037659,17.598785,16.892258,17.200951,17.706970,17.418190,17.182823,17.670921,17.055817,17.562698,17.797005,17.508537,17.544655,17.508537,17.670921,17.670921,17.291534,17.850990,17.580750,17.182823,17.652901,17.598785,17.436272,17.616829,17.904930,17.868965,17.652901,17.345833,17.363930,17.724983,17.904930,17.761002,17.724983,18.048607,18.102425,17.868965,17.761002,18.156204,17.868965,17.580750,18.120361,18.531708,18.102425,18.012718,17.779015,17.994759,18.120361,17.850990,17.922905,18.406731,17.958839,18.353111,17.670921,17.922905,18.353111,17.994759,18.030663,18.709923,17.382019,18.388855,18.245766,18.585213,17.850990,18.335236,18.513863,18.263664,18.281563,18.120361,18.263664,18.156204,18.281563,18.531708,18.370995,18.030663,18.192039,18.245766,19.011993,18.513863,18.798882,18.299454,18.620857,18.531708,18.317345,18.513863,18.905502,18.887749,18.531708,18.299454,18.460312,18.620857,18.869980,18.727722,18.620857,18.727722,18.603035,18.798882,18.905502,18.763306,18.781090,18.513863,18.656494,19.100624,18.638680,18.620857,18.442459,18.620857,18.709923,18.585213,18.781090,18.887749,18.370995,18.781090,18.478165,18.638680,18.745514,18.388855,18.245766,18.603035,18.317345,18.567383,18.192039,18.549545,18.388855,18.406731,18.120361,18.834435,18.692123,18.531708,18.745514,18.388855,18.496017,18.692123,18.424599,18.460312,18.567383,18.585213,18.603035,18.442459,18.638680,18.745514,18.869980,19.082909,18.923264,18.994255,18.692123,18.887749,18.869980,18.620857,19.171471,18.834435,18.209953,18.674309,18.567383,18.674309,18.656494,18.816666,18.513863,18.567383,18.585213,18.460312,18.460312,18.138290,18.567383,18.513863,18.531708,18.567383,18.192039,18.227867,18.156204,18.424599,18.156204,18.120361,18.531708,18.281563,18.335236,18.245766,18.048607,17.976807,18.192039,18.816666,18.353111,18.263664,18.209953,17.994759,18.442459,18.084496,17.976807,18.852211,18.585213,18.317345,18.370995,18.030663,18.317345,18.192039,18.245766,18.263664,18.513863,18.120361,17.688942,18.209953,18.299454,18.048607,18.192039,18.030663,18.084496,18.460312,18.513863,18.120361,18.406731,17.904930,17.886955,17.976807,18.120361,18.030663,17.886955,18.012718,17.976807,17.958839,18.048607,18.138290,17.958839,17.904930,17.886955,17.526596,17.670921,17.904930,17.742996,18.084496,18.209953,18.138290,18.335236,18.156204,17.724983,17.850990,17.815002,18.048607,17.850990,18.048607,17.706970,18.102425,17.976807,17.779015,17.688942,17.850990,17.868965,17.940880,17.706970,17.706970,17.598785,17.797005,17.400101,17.797005,18.263664,17.958839,17.616829,17.742996,17.706970,17.761002,17.815002,17.526596,17.634865,17.418190,17.779015,17.706970,17.237198,17.219078,17.255310,17.418190,17.382019,17.418190,17.309639,17.291534,17.291534,17.345833,17.779015,17.309639,17.562698,17.345833,16.673668,16.983162,16.983162,17.418190,17.400101,17.418190,17.309639,17.526596,17.400101,17.200951,17.400101,17.472412,17.886955,17.291534,17.544655,17.490471,17.273430,16.964989,17.237198,16.855865,16.874062,17.255310,17.291534,17.128418,17.237198,17.345833,17.110275,17.382019,17.237198,17.001335,17.037659,17.092117,17.309639,17.128418,17.219078,17.182823,17.073982,17.164696,17.019493,16.964989,16.946808,17.055817,17.436272,17.580750,16.910439,17.128418,17.182823,17.255310,17.688942,17.164696,17.400101,17.562698,17.001335,17.345833,17.182823,17.291534,17.273430,17.092117,17.164696,17.418190,17.164696,17.055817,17.128418,17.418190,17.327736,17.634865,17.237198,17.092117,17.128418,17.490471,16.783035,17.219078,17.273430,17.616829,17.544655,17.146553,17.436272,17.327736,17.019493,17.182823,17.200951,17.598785,16.764816,16.983162,17.200951,17.219078,17.418190,17.345833,17.724983,17.833000,17.363930,17.345833,17.273430,17.670921,17.562698,17.019493,17.652901,17.670921,17.544655,17.544655,17.904930,17.724983,17.742996,17.922905,18.030663,17.598785,18.102425,17.797005,17.490471,17.092117,17.940880,17.976807,17.779015,17.634865,17.562698,17.580750,17.652901,17.922905,17.724983,17.976807,17.472412,17.761002,17.544655,17.761002,18.084496,18.227867,18.263664,18.066551,18.138290,17.815002,18.353111,17.976807,17.850990,18.227867,17.544655,17.868965,17.958839,17.652901,17.886955,17.688942,18.156204,18.066551,17.779015,17.904930,17.779015,17.490471,17.634865,17.940880,18.066551,17.886955,17.833000,18.102425,17.670921,18.513863,17.652901,17.886955,17.850990,18.030663,17.382019,18.209953,17.742996,17.815002,17.886955,17.598785,17.634865,17.779015,17.815002,17.472412,17.345833,17.742996,17.815002,17.363930,17.110275,17.128418,16.910439,17.019493,17.273430,16.855865,16.673668,15.756950,16.069710,15.701637,14.737404,14.774681,14.644127,15.257896,14.998024,14.718750,14.251350,14.363747,14.213860,14.700096,14.681450,14.681450,14.811943,14.363747,15.239365,14.606796,14.457298,14.195114,14.288834,14.270103,14.326302,14.532082,14.363747,14.326302,14.513397,14.363747,14.662788,13.856880,13.687294,14.251350,13.913338,13.894524,13.856880,13.856880,14.157593,13.856880,14.532082,14.251350,13.574066,13.706154,13.422867,14.120049,14.063721,14.138817,13.800392,13.838051,14.007355,13.819221,13.762703,13.725006,12.777557,
15.572441,16.874062,16.216530,17.073982,16.234848,16.673668,16.910439,16.691910,16.801247,16.819458,16.655434,16.837654,16.564171,16.928627,16.983162,16.582436,16.764816,17.055817,16.234848,16.637184,16.637184,16.837654,16.454536,16.855865,17.073982,16.964989,16.600693,16.964989,16.655434,16.436256,16.910439,16.454536,16.928627,16.728371,16.618950,16.363075,16.728371,16.764816,16.746590,17.019493,16.399666,16.051353,17.073982,16.436256,16.509377,16.381371,16.454536,16.783035,16.491104,16.582436,16.564171,16.417961,16.691910,16.399666,16.381371,16.655434,16.344765,16.600693,16.436256,16.600693,16.801247,16.363075,16.381371,16.600693,16.509377,16.381371,16.582436,16.618950,16.216530,16.399666,16.564171,16.691910,16.618950,16.124794,16.964989,16.764816,16.289825,16.728371,16.582436,16.892258,16.710136,16.051353,16.801247,17.055817,16.819458,17.001335,16.728371,16.801247,16.728371,16.855865,16.837654,16.783035,17.327736,17.092117,17.219078,16.801247,16.874062,17.092117,16.819458,16.783035,16.928627,16.892258,17.019493,17.019493,17.073982,16.600693,17.327736,17.164696,17.363930,16.946808,17.019493,16.673668,17.055817,17.219078,17.670921,17.309639,17.309639,17.400101,17.164696,17.037659,17.508537,17.454338,17.291534,17.219078,17.273430,17.182823,17.309639,17.616829,17.037659,17.291534,17.164696,17.255310,17.761002,17.128418,17.490471,17.327736,17.670921,17.128418,17.670921,17.833000,17.616829,17.436272,17.868965,17.544655,17.146553,17.200951,17.454338,17.454338,17.761002,17.886955,17.761002,17.652901,17.815002,17.976807,17.994759,17.886955,17.652901,17.742996,17.833000,17.688942,17.508537,17.562698,17.526596,17.797005,18.102425,18.030663,18.138290,17.850990,18.030663,17.850990,18.138290,17.886955,17.742996,18.227867,17.868965,18.084496,18.209953,18.245766,17.958839,18.120361,17.886955,17.940880,18.227867,17.940880,17.994759,18.012718,18.120361,18.317345,17.815002,18.030663,18.442459,18.227867,18.084496,18.317345,18.335236,18.442459,18.192039,18.620857,18.192039,17.976807,18.245766,18.388855,18.281563,18.030663,18.370995,18.638680,18.941017,18.709923,18.370995,18.674309,18.496017,18.424599,19.029732,18.478165,18.460312,18.923264,18.816666,18.674309,18.442459,19.047462,18.958771,18.138290,18.781090,18.460312,18.620857,18.567383,18.406731,18.781090,18.406731,18.941017,18.781090,18.763306,18.567383,18.549545,18.798882,18.424599,18.424599,18.603035,18.852211,18.460312,18.781090,18.299454,18.709923,18.353111,18.549545,18.638680,18.603035,18.781090,18.923264,18.263664,18.478165,18.263664,18.567383,18.603035,18.674309,18.460312,18.603035,18.549545,18.496017,18.030663,18.442459,18.048607,18.460312,18.442459,18.674309,18.513863,18.638680,18.763306,18.692123,18.727722,18.692123,18.585213,18.852211,19.082909,19.171471,19.189156,18.976524,18.620857,18.709923,18.994255,19.118340,18.923264,18.745514,18.496017,18.709923,18.335236,18.656494,18.335236,18.620857,18.406731,18.353111,18.353111,18.638680,18.656494,18.406731,18.174133,18.263664,18.174133,18.209953,18.192039,18.120361,17.742996,18.192039,18.102425,18.174133,17.940880,18.335236,18.370995,18.317345,18.192039,18.353111,18.030663,17.994759,18.299454,18.513863,18.227867,18.174133,18.066551,18.048607,18.406731,18.496017,18.263664,18.263664,18.281563,18.084496,18.263664,18.102425,17.940880,18.084496,18.120361,18.084496,17.958839,18.388855,18.012718,17.994759,18.549545,18.353111,17.833000,18.174133,17.958839,17.886955,18.424599,17.976807,18.156204,17.976807,18.012718,18.048607,17.833000,18.174133,17.904930,17.886955,17.940880,18.156204,18.012718,17.958839,17.976807,17.815002,18.012718,17.850990,17.580750,18.174133,17.886955,17.815002,17.761002,17.833000,17.833000,17.958839,17.779015,17.652901,17.544655,18.120361,17.958839,17.994759,17.706970,18.066551,17.868965,17.833000,17.833000,18.030663,17.508537,17.797005,17.562698,17.688942,17.562698,17.580750,17.761002,17.562698,17.526596,17.742996,17.580750,17.797005,17.400101,17.850990,17.200951,17.815002,17.652901,17.616829,17.670921,17.327736,17.255310,17.418190,17.562698,17.598785,17.291534,17.724983,17.146553,17.182823,17.200951,17.382019,17.255310,17.345833,17.309639,17.616829,17.490471,17.309639,17.182823,17.291534,17.490471,17.255310,17.382019,17.382019,17.544655,17.309639,17.309639,17.092117,17.526596,17.327736,17.526596,17.562698,16.983162,16.910439,17.237198,17.400101,16.855865,17.255310,17.670921,17.706970,17.706970,17.345833,17.400101,17.472412,17.219078,17.219078,17.037659,16.910439,17.001335,16.964989,17.146553,17.309639,17.037659,17.309639,16.874062,17.219078,16.600693,17.146553,17.490471,17.219078,17.418190,17.200951,17.309639,17.200951,17.237198,17.055817,17.418190,17.327736,17.237198,17.400101,17.634865,17.436272,17.706970,17.634865,17.490471,17.291534,17.200951,17.146553,17.436272,17.327736,17.400101,17.761002,17.598785,16.892258,17.526596,17.472412,17.580750,17.724983,17.508537,17.182823,17.019493,17.400101,16.874062,16.801247,16.983162,16.819458,17.327736,17.237198,17.291534,17.562698,17.472412,17.327736,16.892258,17.255310,17.309639,17.382019,17.508537,17.436272,17.598785,17.544655,17.544655,17.436272,17.688942,17.742996,17.761002,17.580750,17.418190,18.192039,18.263664,17.850990,18.084496,17.940880,17.436272,17.382019,17.922905,17.742996,17.742996,17.598785,17.634865,17.815002,17.868965,18.048607,17.904930,17.761002,17.652901,17.562698,17.922905,17.833000,18.030663,17.958839,17.761002,17.706970,18.370995,18.102425,17.904930,17.976807,18.156204,18.174133,18.424599,17.922905,17.761002,17.598785,18.370995,17.886955,17.598785,18.084496,18.066551,18.263664,17.940880,18.209953,17.779015,17.868965,18.102425,18.245766,18.335236,18.174133,17.724983,18.245766,17.724983,17.400101,17.976807,17.976807,17.544655,17.940880,17.994759,17.779015,17.886955,18.138290,17.273430,18.030663,17.634865,17.508537,17.128418,17.400101,17.400101,17.110275,16.710136,16.399666,16.783035,16.381371,16.014603,15.738518,15.756950,14.830566,15.220818,14.830566,14.625465,14.213860,14.401184,14.251350,14.700096,14.363747,14.419891,14.588127,14.419891,14.979439,14.513397,14.774681,14.625465,14.569450,14.457298,14.457298,14.026146,14.494698,14.382469,14.082504,14.044937,13.988556,13.479599,14.007355,14.569450,14.419891,14.588127,14.681450,14.063721,13.950951,12.967819,14.662788,13.950951,14.737404,13.536285,13.988556,13.385033,14.063721,13.762703,13.611824,13.932144,13.422867,13.649567,13.668427,13.743858,13.024826,12.777557,
15.775375,16.234848,16.746590,16.855865,16.764816,16.363075,16.783035,16.179840,16.271500,16.179840,16.910439,16.582436,17.382019,16.582436,16.491104,16.179840,16.472824,16.527649,16.472824,16.289825,17.001335,16.801247,16.582436,16.892258,17.164696,16.399666,16.691910,16.964989,16.491104,17.146553,16.783035,16.819458,16.964989,17.508537,16.637184,17.146553,16.527649,16.454536,16.928627,16.600693,16.509377,16.600693,16.910439,16.655434,17.073982,16.344765,16.673668,16.326462,16.509377,16.655434,16.837654,16.381371,16.637184,16.545914,16.326462,16.161499,17.092117,16.491104,16.600693,16.801247,16.710136,16.874062,16.983162,16.454536,16.892258,16.344765,16.801247,16.179840,16.691910,16.783035,16.253181,16.764816,16.527649,16.910439,16.454536,16.436256,16.964989,16.491104,16.637184,16.946808,16.819458,16.600693,16.582436,16.928627,16.618950,16.764816,16.728371,16.946808,16.764816,16.964989,17.436272,16.545914,17.019493,16.855865,16.764816,16.728371,17.508537,16.728371,17.146553,17.237198,17.092117,16.673668,17.164696,17.146553,17.073982,17.291534,17.092117,17.200951,17.128418,16.855865,17.037659,17.110275,17.164696,16.855865,16.910439,17.200951,17.291534,16.874062,17.309639,16.964989,17.688942,17.436272,17.526596,17.508537,17.382019,17.073982,17.182823,17.092117,17.436272,17.472412,17.146553,17.400101,17.400101,17.309639,17.200951,17.363930,17.037659,17.742996,18.012718,17.400101,17.472412,17.526596,17.508537,17.309639,17.508537,17.670921,17.706970,17.815002,17.706970,17.128418,17.706970,17.580750,17.868965,17.868965,17.598785,17.418190,17.454338,17.363930,17.742996,17.724983,17.833000,17.868965,17.634865,17.670921,17.904930,17.940880,18.066551,18.102425,18.120361,17.922905,17.815002,17.922905,18.138290,17.706970,18.192039,18.012718,18.120361,17.886955,18.156204,18.263664,17.779015,18.120361,18.066551,17.994759,18.066551,17.688942,18.424599,18.388855,18.084496,18.192039,18.066551,17.994759,18.603035,17.886955,18.442459,18.388855,18.263664,17.922905,17.886955,18.192039,18.209953,18.227867,18.531708,18.353111,18.192039,18.442459,18.335236,18.012718,18.656494,18.353111,18.424599,18.692123,18.281563,18.174133,18.353111,18.976524,18.424599,18.585213,19.171471,18.567383,18.496017,18.549545,18.869980,18.388855,18.603035,18.834435,18.567383,18.905502,18.567383,18.816666,18.905502,18.709923,18.656494,19.029732,18.834435,18.958771,19.153755,18.976524,18.245766,18.370995,18.549545,18.585213,18.138290,18.478165,18.620857,18.531708,18.209953,18.513863,18.585213,18.478165,18.478165,18.976524,18.745514,18.120361,17.922905,18.263664,18.263664,18.513863,18.370995,18.781090,18.156204,18.763306,18.834435,18.370995,18.941017,18.460312,18.905502,18.442459,18.674309,18.745514,18.887749,18.905502,19.011993,18.656494,18.923264,18.976524,18.834435,18.869980,19.011993,18.370995,18.923264,18.727722,18.745514,18.994255,18.994255,18.460312,18.496017,18.478165,18.549545,18.388855,18.245766,18.012718,18.370995,18.048607,18.281563,18.567383,18.281563,18.084496,18.227867,17.994759,18.192039,18.030663,18.245766,18.084496,18.102425,18.012718,17.886955,18.335236,18.030663,18.335236,18.406731,18.174133,18.263664,17.761002,18.460312,18.209953,18.174133,17.976807,18.745514,17.922905,18.174133,18.192039,18.549545,18.066551,18.209953,17.994759,18.227867,17.976807,18.084496,18.370995,18.174133,18.156204,18.299454,17.886955,18.299454,18.156204,18.120361,17.958839,18.102425,17.976807,18.406731,17.652901,17.976807,18.084496,18.317345,17.706970,18.120361,18.030663,17.922905,18.120361,17.706970,18.120361,18.048607,17.922905,18.209953,17.922905,18.120361,18.012718,18.567383,18.335236,18.138290,17.742996,17.976807,17.958839,18.048607,17.868965,17.886955,17.706970,18.138290,17.815002,17.327736,17.976807,18.066551,17.958839,18.030663,17.886955,17.634865,18.066551,17.779015,18.048607,18.030663,17.400101,17.815002,17.724983,17.508537,17.706970,17.110275,17.886955,17.815002,17.922905,17.815002,17.598785,17.670921,17.580750,17.724983,17.400101,17.092117,17.544655,17.652901,17.688942,17.616829,17.128418,17.688942,17.454338,17.291534,17.092117,17.382019,17.761002,17.019493,17.345833,17.309639,17.706970,17.562698,17.472412,17.454338,17.580750,17.724983,17.616829,17.436272,17.706970,17.382019,16.436256,17.670921,17.779015,17.219078,17.400101,17.634865,17.436272,17.436272,17.761002,17.291534,17.472412,17.182823,17.092117,17.544655,17.182823,17.418190,17.164696,17.182823,17.706970,17.598785,17.146553,17.490471,17.291534,17.182823,17.128418,16.928627,17.436272,17.418190,17.055817,17.345833,16.874062,17.273430,17.418190,17.128418,17.382019,17.400101,17.688942,17.237198,16.819458,17.526596,17.182823,17.001335,17.562698,17.345833,17.670921,17.363930,17.363930,17.436272,17.490471,16.855865,17.418190,17.779015,17.670921,17.634865,17.544655,17.146553,17.382019,17.327736,17.019493,17.616829,16.710136,17.472412,17.255310,17.562698,17.562698,17.634865,17.940880,17.526596,17.454338,17.255310,17.327736,17.219078,17.073982,17.454338,17.490471,17.309639,17.526596,17.580750,17.363930,17.436272,17.400101,17.652901,17.652901,17.850990,17.418190,17.797005,17.363930,17.886955,17.490471,17.598785,17.815002,17.797005,17.706970,18.209953,17.688942,17.688942,17.797005,17.994759,17.544655,18.245766,17.833000,18.066551,17.797005,18.066551,17.850990,17.652901,17.544655,18.102425,18.317345,17.904930,17.761002,17.815002,18.174133,17.850990,18.192039,18.585213,18.263664,17.779015,18.192039,17.562698,17.562698,17.670921,17.833000,18.120361,17.994759,18.281563,17.886955,17.904930,17.815002,18.335236,17.976807,18.102425,18.227867,17.779015,18.174133,17.940880,18.030663,18.370995,18.120361,17.958839,18.174133,18.048607,17.616829,18.156204,17.850990,17.940880,17.797005,18.245766,17.904930,17.922905,17.761002,17.508537,17.688942,17.886955,18.048607,17.922905,17.742996,17.508537,17.454338,17.616829,17.255310,16.946808,16.783035,16.728371,16.783035,16.143143,16.014603,15.146614,15.830643,15.146614,15.128059,14.700096,14.849190,14.756035,14.700096,14.979439,14.793312,14.774681,14.438606,14.756035,14.793312,14.886414,14.700096,14.811943,14.644127,13.988556,14.830566,14.382469,14.401184,14.326302,14.232613,14.700096,14.625465,14.494698,13.819221,13.781540,13.875710,14.026146,14.494698,13.649567,14.513397,14.457298,14.513397,13.290382,14.195114,13.969765,14.120049,13.800392,13.743858,13.875710,13.706154,13.611824,13.592949,13.366112,13.894524,14.513397,13.969765,13.479599,12.510529,
16.216530,16.819458,16.271500,15.720085,17.580750,16.582436,16.472824,16.764816,16.910439,16.801247,16.618950,16.728371,16.399666,16.545914,16.271500,16.545914,16.637184,16.691910,16.783035,16.289825,16.764816,16.564171,16.928627,16.819458,16.655434,16.344765,17.200951,16.234848,16.673668,16.764816,16.637184,16.491104,16.728371,17.128418,17.128418,16.946808,16.491104,16.691910,16.673668,16.691910,16.728371,16.234848,16.673668,16.655434,16.728371,16.161499,16.436256,16.801247,16.509377,16.600693,16.946808,16.545914,16.673668,16.399666,16.764816,16.399666,16.491104,16.783035,17.273430,16.582436,16.783035,16.545914,16.710136,16.892258,16.983162,16.946808,16.161499,16.728371,16.673668,16.363075,16.600693,16.253181,17.073982,16.527649,16.910439,17.001335,16.509377,16.728371,16.308144,16.819458,16.491104,17.182823,16.892258,16.216530,17.182823,16.746590,16.819458,16.655434,16.946808,16.855865,16.564171,16.819458,17.345833,16.710136,16.746590,16.892258,16.600693,17.055817,17.037659,17.345833,17.164696,17.037659,17.400101,17.291534,17.418190,17.291534,17.182823,16.837654,17.019493,17.345833,17.382019,17.146553,17.309639,17.037659,17.724983,17.237198,17.110275,17.508537,17.291534,17.309639,17.073982,17.580750,17.544655,17.472412,17.688942,17.237198,17.363930,17.562698,17.237198,17.164696,17.742996,17.688942,17.652901,17.237198,17.544655,17.562698,17.761002,17.363930,17.400101,17.472412,17.327736,17.670921,17.508537,17.742996,17.472412,17.724983,17.616829,18.209953,17.562698,17.508537,17.922905,17.994759,17.616829,17.976807,17.779015,17.779015,17.418190,17.400101,17.850990,17.508537,17.616829,17.688942,17.544655,17.562698,17.688942,17.797005,17.779015,18.084496,17.797005,18.281563,17.976807,17.706970,18.263664,18.084496,18.174133,18.048607,17.958839,18.406731,18.048607,18.048607,18.102425,17.797005,17.833000,18.245766,17.940880,18.424599,17.940880,17.958839,18.370995,18.209953,18.227867,18.567383,18.263664,18.120361,18.227867,18.084496,18.620857,18.317345,18.281563,18.120361,18.138290,18.192039,18.353111,18.192039,18.620857,18.442459,18.585213,18.156204,18.513863,18.674309,18.549545,18.549545,18.674309,18.370995,18.478165,18.692123,18.656494,18.496017,18.941017,18.120361,18.745514,18.317345,18.692123,18.869980,18.603035,18.745514,18.869980,18.905502,18.388855,18.763306,19.011993,18.656494,18.976524,18.424599,18.674309,18.620857,18.692123,18.869980,18.816666,18.567383,19.259926,18.798882,18.781090,18.781090,18.549545,18.209953,18.745514,18.531708,18.905502,18.513863,18.638680,18.745514,18.263664,18.656494,18.478165,18.335236,18.620857,18.317345,18.620857,18.138290,18.496017,18.353111,18.549545,18.834435,18.709923,18.603035,18.638680,18.976524,18.442459,18.887749,19.136055,18.798882,18.781090,18.638680,19.277603,18.816666,18.745514,18.692123,18.745514,19.011993,18.887749,18.781090,19.065178,18.513863,18.709923,18.424599,18.424599,18.513863,18.709923,18.674309,18.442459,18.370995,18.496017,18.460312,17.994759,18.406731,18.084496,18.120361,17.940880,17.904930,18.245766,18.281563,18.066551,18.263664,18.120361,18.084496,18.567383,18.066551,17.958839,18.102425,18.281563,17.976807,18.406731,18.174133,18.156204,17.886955,18.174133,18.102425,18.084496,17.868965,18.192039,17.976807,18.227867,18.335236,18.227867,18.138290,18.460312,18.263664,18.174133,18.299454,18.406731,18.138290,17.994759,18.299454,18.281563,17.976807,18.174133,18.048607,18.299454,17.976807,18.048607,17.904930,17.652901,17.833000,18.245766,17.363930,18.245766,17.652901,17.940880,17.904930,17.958839,17.958839,18.084496,18.156204,18.102425,17.833000,17.779015,17.815002,17.562698,17.688942,18.317345,18.012718,18.102425,17.868965,18.012718,17.580750,17.994759,17.940880,17.940880,18.066551,17.652901,17.724983,17.922905,17.724983,17.652901,17.904930,18.192039,17.472412,17.904930,17.670921,17.922905,17.886955,18.048607,17.363930,17.670921,17.670921,17.472412,17.815002,17.994759,17.850990,18.012718,17.526596,17.833000,17.724983,18.138290,18.066551,17.670921,17.382019,17.850990,17.580750,17.815002,17.327736,17.490471,17.670921,17.706970,17.182823,17.327736,17.670921,17.454338,17.598785,16.946808,16.983162,17.508537,17.363930,17.418190,17.598785,17.904930,17.418190,17.544655,17.363930,17.219078,17.291534,17.436272,16.874062,17.508537,17.634865,17.490471,17.508537,17.309639,17.958839,17.327736,17.255310,17.634865,17.634865,17.779015,17.019493,17.418190,17.237198,17.797005,17.273430,17.237198,17.200951,16.983162,17.200951,17.327736,17.418190,17.598785,17.418190,17.580750,16.874062,17.146553,17.255310,17.255310,17.382019,17.345833,17.255310,17.219078,16.983162,17.400101,17.454338,17.182823,17.345833,17.363930,17.345833,17.472412,17.418190,17.652901,17.418190,17.544655,17.418190,17.544655,17.598785,17.616829,17.472412,17.454338,17.345833,17.472412,17.382019,17.309639,17.001335,17.815002,16.819458,17.291534,17.562698,17.418190,17.182823,17.037659,17.472412,17.634865,17.182823,17.146553,17.526596,17.237198,17.418190,17.327736,17.219078,17.055817,17.490471,17.490471,17.219078,17.634865,17.652901,17.797005,17.868965,17.904930,17.345833,17.544655,17.544655,17.850990,17.219078,17.688942,17.958839,17.868965,17.724983,17.940880,18.030663,17.616829,17.815002,17.868965,18.012718,17.958839,17.526596,18.030663,18.048607,17.742996,17.508537,18.120361,17.797005,17.706970,17.562698,17.958839,17.724983,17.904930,17.994759,17.797005,18.209953,18.138290,17.742996,17.994759,17.994759,18.263664,17.976807,18.209953,17.616829,17.976807,18.012718,17.868965,17.904930,17.345833,18.692123,17.779015,17.544655,18.299454,18.012718,18.567383,18.156204,18.138290,17.779015,18.174133,17.994759,18.066551,18.496017,18.102425,18.138290,17.940880,17.868965,17.742996,17.670921,17.562698,17.779015,17.922905,17.868965,17.490471,17.868965,17.850990,17.544655,17.526596,17.454338,17.562698,17.742996,17.544655,17.219078,18.066551,16.491104,16.819458,16.491104,16.637184,15.996223,15.498535,15.294960,15.517014,15.202286,14.513397,14.438606,14.138817,14.363747,14.288834,14.270103,14.774681,14.588127,14.494698,14.419891,14.532082,14.830566,14.476006,14.494698,14.681450,14.532082,14.905037,14.345024,14.644127,14.419891,14.476006,14.157593,14.419891,14.345024,13.988556,14.195114,14.644127,14.270103,14.101280,14.382469,14.063721,13.706154,13.875710,14.007355,13.894524,14.176346,13.555183,14.195114,13.800392,13.536285,13.347183,13.913338,13.630692,13.460693,13.592949,13.366112,13.441788,12.853714,
15.572441,16.161499,16.783035,16.436256,16.582436,16.308144,17.092117,16.710136,16.691910,16.983162,16.326462,16.801247,16.234848,16.344765,16.710136,16.161499,16.491104,16.289825,17.037659,16.637184,16.399666,16.746590,16.655434,16.837654,16.874062,16.655434,16.928627,16.491104,16.399666,16.855865,17.019493,16.874062,16.564171,16.746590,16.874062,16.673668,16.234848,16.618950,16.892258,16.600693,16.179840,16.509377,16.764816,16.454536,16.764816,16.618950,16.436256,16.600693,16.637184,16.472824,16.910439,16.454536,16.928627,16.600693,16.564171,16.582436,16.837654,16.381371,16.399666,16.819458,16.728371,16.801247,16.691910,16.764816,16.764816,16.618950,17.001335,16.472824,16.381371,16.655434,16.946808,16.600693,16.819458,16.472824,17.182823,16.655434,16.491104,16.892258,16.655434,16.910439,17.200951,17.055817,16.855865,16.928627,16.983162,17.219078,16.892258,17.616829,16.910439,16.673668,16.764816,17.580750,16.855865,16.728371,17.128418,17.146553,17.309639,16.910439,17.092117,16.855865,16.892258,17.037659,17.544655,16.783035,17.363930,17.237198,17.779015,17.146553,17.309639,17.255310,16.964989,16.509377,17.255310,17.146553,17.327736,17.200951,17.219078,16.874062,17.345833,17.001335,17.382019,17.219078,17.418190,17.815002,17.616829,17.652901,17.850990,17.562698,17.797005,17.779015,17.363930,17.454338,17.526596,17.309639,17.382019,17.219078,17.309639,17.508537,17.291534,17.454338,17.616829,17.562698,17.779015,17.724983,17.472412,17.868965,18.084496,17.976807,18.317345,18.102425,17.182823,17.418190,17.562698,17.580750,17.634865,17.544655,17.761002,17.797005,17.454338,17.562698,17.454338,17.797005,17.904930,17.688942,17.670921,17.454338,17.436272,18.102425,17.994759,18.174133,18.066551,17.958839,17.797005,18.227867,18.048607,17.994759,18.174133,17.418190,18.263664,17.904930,18.084496,17.868965,18.370995,17.833000,18.156204,18.174133,18.299454,18.192039,18.209953,18.245766,18.353111,18.299454,18.353111,18.120361,18.656494,18.317345,18.531708,18.192039,18.209953,17.994759,18.549545,18.156204,18.567383,18.620857,18.388855,18.192039,18.674309,18.567383,18.620857,18.585213,18.317345,18.549545,18.638680,18.745514,18.460312,18.727722,18.585213,18.781090,18.603035,19.047462,18.834435,18.692123,18.656494,18.513863,18.531708,18.585213,18.852211,18.781090,18.656494,18.406731,18.585213,18.549545,18.478165,19.330627,18.905502,18.798882,18.709923,18.816666,18.603035,18.834435,18.852211,19.011993,18.798882,18.692123,18.460312,18.531708,18.727722,18.727722,19.100624,18.245766,18.781090,18.638680,18.994255,18.245766,18.227867,18.281563,18.281563,18.317345,18.603035,18.209953,18.692123,18.763306,18.012718,18.923264,18.567383,18.709923,18.958771,18.585213,18.834435,18.335236,18.834435,18.549545,18.585213,18.763306,18.781090,19.330627,18.887749,18.852211,18.496017,18.192039,18.585213,18.745514,18.745514,18.798882,18.442459,18.496017,18.317345,18.424599,18.549545,18.209953,18.478165,18.406731,18.263664,18.620857,18.227867,17.868965,18.353111,17.976807,18.174133,18.478165,18.245766,18.192039,18.192039,18.120361,18.299454,18.549545,17.724983,18.245766,18.335236,17.994759,18.138290,18.353111,18.030663,18.209953,18.656494,18.567383,18.245766,18.727722,18.245766,18.066551,18.102425,18.263664,18.281563,17.940880,18.012718,18.102425,18.084496,18.406731,18.048607,18.317345,18.460312,18.442459,17.994759,18.156204,18.263664,18.245766,18.370995,18.030663,18.030663,17.670921,17.797005,17.742996,18.120361,17.922905,18.066551,18.066551,17.994759,17.994759,18.012718,18.138290,18.245766,17.652901,17.706970,17.922905,18.030663,18.048607,17.940880,18.048607,18.281563,17.670921,17.976807,17.922905,17.850990,18.138290,18.084496,17.815002,18.012718,17.940880,17.868965,17.562698,17.761002,17.994759,17.815002,17.670921,18.335236,17.886955,17.922905,17.940880,17.508537,17.724983,17.400101,17.544655,17.815002,17.580750,17.976807,17.994759,17.904930,17.219078,17.634865,17.797005,17.833000,17.508537,17.922905,17.526596,17.833000,17.490471,18.048607,17.706970,17.761002,17.237198,17.616829,17.688942,17.797005,17.580750,17.850990,17.598785,17.363930,17.363930,17.940880,17.382019,17.418190,17.815002,17.363930,18.030663,17.724983,17.688942,17.904930,17.508537,17.327736,17.273430,17.508537,17.508537,17.904930,18.156204,17.886955,17.273430,17.164696,17.382019,17.652901,17.237198,17.219078,16.783035,17.472412,17.562698,17.526596,17.779015,17.309639,17.146553,17.345833,17.454338,17.598785,17.490471,17.418190,17.454338,17.400101,17.291534,16.837654,17.382019,17.382019,16.983162,16.983162,17.490471,16.928627,17.670921,17.616829,17.200951,17.490471,17.544655,17.291534,17.273430,17.164696,17.219078,17.110275,17.400101,17.055817,17.436272,17.436272,17.454338,17.472412,17.273430,17.309639,17.742996,17.508537,17.508537,17.345833,17.200951,17.598785,17.472412,17.400101,17.490471,17.182823,17.073982,17.255310,17.580750,17.291534,17.454338,17.436272,17.273430,16.964989,17.001335,17.345833,17.508537,17.146553,17.164696,17.472412,17.436272,17.850990,17.382019,17.724983,17.182823,17.055817,17.652901,17.200951,17.904930,17.652901,17.815002,17.562698,17.037659,17.886955,17.544655,17.958839,17.400101,18.084496,17.670921,17.724983,18.084496,17.634865,17.940880,17.345833,17.833000,18.209953,17.670921,17.815002,17.562698,17.706970,17.922905,18.245766,17.526596,18.174133,17.472412,17.886955,18.478165,17.580750,17.940880,18.263664,17.850990,17.958839,17.922905,18.066551,17.706970,18.030663,18.084496,17.761002,17.904930,17.761002,18.120361,17.724983,17.815002,17.994759,17.706970,17.742996,17.958839,17.958839,17.472412,18.370995,18.012718,18.299454,17.797005,18.156204,17.580750,18.138290,18.048607,18.209953,18.156204,17.634865,18.084496,18.048607,17.815002,17.797005,17.994759,18.227867,17.904930,18.299454,17.634865,18.084496,17.309639,16.928627,17.706970,17.544655,17.237198,16.892258,17.092117,16.928627,17.055817,17.037659,16.326462,16.161499,16.179840,15.849052,15.146614,15.183723,14.979439,14.830566,14.157593,14.270103,14.213860,14.644127,14.793312,14.382469,14.942238,14.662788,14.550774,14.830566,14.550774,14.681450,14.326302,14.457298,14.213860,14.063721,13.536285,14.494698,14.644127,14.345024,14.213860,14.382469,13.668427,14.774681,13.969765,14.251350,14.082504,14.270103,14.026146,14.606796,14.044937,13.479599,14.120049,13.875710,14.120049,14.550774,13.819221,14.157593,13.932144,13.309326,13.138725,13.781540,13.460693,13.062805,13.649567,13.385033,12.853714,
15.941071,16.124794,16.673668,16.454536,16.618950,16.910439,16.326462,16.545914,16.582436,16.637184,16.673668,16.783035,16.637184,16.326462,16.399666,16.564171,16.746590,16.655434,16.837654,17.055817,16.545914,16.454536,16.618950,16.764816,16.874062,16.618950,17.128418,17.273430,17.092117,16.710136,17.055817,16.728371,16.928627,17.291534,17.001335,16.928627,16.582436,16.837654,16.801247,17.001335,17.309639,16.783035,17.255310,16.710136,16.728371,16.728371,16.308144,16.855865,16.819458,16.801247,16.728371,16.946808,16.946808,16.454536,16.545914,16.564171,16.582436,16.253181,16.819458,16.673668,16.728371,17.037659,17.616829,16.710136,16.564171,16.710136,16.819458,16.801247,16.964989,16.710136,16.874062,16.545914,16.964989,16.928627,16.819458,16.764816,16.472824,16.618950,17.055817,16.673668,16.783035,17.164696,16.618950,16.928627,17.164696,16.710136,17.037659,16.855865,16.964989,17.345833,16.764816,16.801247,16.710136,16.837654,16.946808,16.928627,16.728371,16.545914,17.128418,16.746590,17.110275,17.128418,17.164696,17.055817,16.819458,17.797005,17.200951,17.092117,17.418190,17.182823,17.255310,17.508537,17.182823,17.164696,17.761002,16.928627,17.128418,17.815002,17.327736,17.363930,17.670921,17.128418,17.580750,17.400101,17.724983,17.182823,17.634865,17.526596,17.327736,17.688942,17.110275,17.598785,17.562698,17.219078,17.833000,17.055817,17.688942,17.706970,18.012718,17.309639,17.833000,17.562698,17.526596,17.598785,17.652901,17.598785,17.616829,17.976807,17.868965,18.048607,17.490471,17.345833,17.490471,17.634865,18.012718,17.634865,18.030663,17.526596,17.742996,17.472412,17.508537,17.797005,17.436272,17.742996,18.209953,18.066551,17.976807,17.761002,17.868965,18.120361,18.084496,17.868965,17.779015,18.120361,18.066551,18.138290,17.940880,17.886955,18.192039,17.886955,18.066551,17.976807,18.335236,17.850990,18.156204,18.066551,18.424599,18.209953,18.585213,17.958839,18.263664,18.012718,18.192039,18.192039,18.549545,18.585213,18.156204,17.850990,18.066551,17.994759,18.299454,18.335236,18.370995,18.209953,18.531708,18.709923,18.585213,18.531708,18.638680,18.567383,18.585213,18.798882,18.620857,18.958771,18.567383,18.478165,18.976524,18.852211,18.976524,18.138290,18.531708,18.958771,18.816666,18.994255,18.674309,18.674309,18.674309,18.567383,18.674309,18.887749,18.781090,18.816666,18.816666,18.549545,18.994255,19.118340,18.781090,18.816666,18.745514,18.763306,19.401253,18.727722,19.065178,18.869980,19.011993,18.692123,18.620857,19.082909,18.656494,18.692123,18.763306,18.603035,18.941017,18.567383,18.763306,18.299454,18.709923,18.263664,18.478165,18.585213,18.388855,18.245766,18.834435,18.156204,18.406731,18.620857,18.656494,18.887749,18.923264,18.603035,18.869980,18.638680,18.585213,18.976524,19.189156,18.603035,18.941017,18.692123,18.923264,18.958771,18.852211,18.834435,18.852211,18.513863,18.406731,18.763306,18.388855,18.460312,18.513863,18.460312,18.478165,18.281563,18.299454,18.370995,18.370995,18.102425,18.424599,18.048607,17.922905,18.585213,18.120361,17.958839,18.174133,18.227867,18.012718,18.066551,18.353111,18.102425,18.012718,18.048607,18.156204,18.138290,18.174133,18.174133,18.084496,18.209953,18.174133,18.174133,17.940880,18.317345,18.513863,18.335236,18.156204,17.958839,18.084496,18.227867,18.370995,18.066551,18.174133,18.138290,18.335236,18.406731,18.192039,17.868965,18.656494,18.084496,18.263664,18.388855,17.940880,17.815002,17.922905,18.370995,17.904930,18.030663,17.940880,17.976807,18.335236,18.192039,17.779015,18.102425,17.724983,18.102425,18.138290,18.174133,18.012718,18.138290,18.513863,18.048607,17.833000,18.192039,17.958839,17.958839,18.209953,17.940880,17.868965,18.424599,17.688942,18.066551,17.797005,17.779015,17.815002,17.508537,18.030663,17.779015,18.084496,17.994759,17.797005,17.634865,18.012718,18.066551,17.742996,17.850990,17.454338,17.976807,18.012718,17.850990,17.616829,17.652901,17.526596,17.922905,17.815002,17.670921,17.797005,17.508537,17.886955,17.634865,18.030663,17.742996,17.688942,17.652901,17.418190,17.454338,17.544655,17.598785,17.382019,17.472412,17.526596,17.363930,17.164696,17.291534,17.580750,17.436272,17.454338,17.526596,17.742996,17.940880,17.688942,17.706970,17.490471,17.616829,18.120361,17.562698,17.472412,17.490471,17.255310,17.562698,17.436272,17.652901,17.255310,17.200951,17.634865,17.164696,17.850990,17.327736,17.436272,17.598785,17.634865,17.273430,17.634865,17.219078,17.128418,17.345833,17.327736,17.544655,17.472412,17.128418,17.598785,17.237198,17.544655,17.309639,17.580750,17.273430,17.219078,17.073982,17.200951,17.092117,17.219078,17.544655,16.746590,17.110275,17.291534,17.490471,17.345833,17.291534,17.797005,17.652901,17.291534,17.309639,17.490471,17.904930,17.092117,17.146553,17.526596,17.454338,17.634865,17.508537,17.382019,17.273430,17.454338,17.670921,17.219078,17.382019,17.454338,17.200951,17.345833,17.273430,16.983162,16.855865,17.291534,16.964989,17.001335,17.544655,17.309639,17.219078,17.164696,17.436272,17.761002,17.400101,17.146553,17.544655,17.706970,17.037659,17.761002,17.363930,17.472412,17.345833,17.418190,17.706970,17.688942,17.904930,17.940880,18.227867,17.562698,17.958839,17.400101,18.138290,17.652901,17.886955,17.761002,17.779015,17.958839,17.940880,18.281563,17.598785,17.724983,18.156204,17.580750,17.724983,17.850990,18.192039,17.886955,17.904930,17.706970,18.030663,18.120361,17.652901,18.012718,17.742996,18.048607,17.652901,17.652901,18.335236,18.281563,17.652901,17.742996,18.030663,17.634865,18.012718,18.388855,17.850990,17.940880,17.761002,18.156204,17.886955,17.904930,18.281563,18.066551,18.012718,18.442459,17.616829,18.048607,17.940880,18.209953,17.670921,17.688942,17.940880,17.508537,17.976807,17.994759,18.227867,18.442459,17.363930,18.048607,17.797005,17.508537,17.904930,17.291534,17.797005,17.706970,16.892258,17.580750,17.382019,17.237198,16.874062,16.618950,16.234848,16.179840,16.436256,15.793800,15.590912,15.109489,14.942238,15.035194,14.382469,14.382469,14.979439,14.251350,14.157593,14.662788,14.979439,14.830566,14.942238,14.382469,14.550774,14.157593,14.476006,14.419891,14.588127,14.082504,14.307571,14.625465,13.875710,14.195114,13.781540,14.044937,14.288834,13.856880,14.457298,14.811943,13.932144,14.569450,13.024826,14.288834,14.082504,14.251350,14.157593,13.800392,14.176346,13.932144,13.781540,14.138817,14.120049,13.668427,13.403954,13.138725,13.706154,13.649567,13.706154,13.024826,13.366112,
15.720085,16.964989,16.527649,16.691910,16.618950,16.014603,16.271500,16.764816,16.819458,17.092117,16.454536,16.874062,17.363930,16.527649,16.819458,16.600693,16.710136,17.073982,16.436256,16.454536,16.892258,16.289825,17.200951,16.874062,16.783035,16.746590,16.764816,16.637184,17.019493,16.691910,17.037659,16.509377,16.837654,16.399666,16.819458,16.837654,16.417961,16.655434,16.564171,17.164696,16.928627,16.637184,17.073982,16.637184,17.092117,16.491104,17.237198,17.055817,16.837654,16.801247,16.728371,17.001335,17.092117,16.637184,17.327736,16.637184,17.092117,16.983162,16.892258,16.983162,16.618950,16.637184,17.110275,16.837654,16.964989,16.728371,16.801247,16.691910,16.892258,16.655434,16.783035,16.655434,16.837654,16.819458,16.928627,17.092117,16.928627,16.509377,17.345833,16.783035,16.691910,16.874062,16.928627,16.874062,16.964989,17.110275,17.273430,16.837654,17.128418,17.164696,16.837654,16.964989,17.092117,17.146553,17.363930,16.874062,16.892258,17.055817,17.055817,16.946808,17.037659,17.418190,17.055817,17.092117,17.724983,17.001335,17.508537,17.128418,17.454338,17.001335,17.345833,16.946808,17.436272,17.273430,17.418190,17.742996,17.833000,17.400101,17.779015,17.436272,17.886955,17.922905,17.562698,17.688942,17.508537,18.030663,17.508537,17.670921,17.761002,17.616829,17.363930,17.345833,17.688942,17.309639,17.634865,17.598785,17.454338,17.598785,18.030663,17.562698,17.670921,17.850990,17.670921,17.652901,18.227867,17.742996,17.833000,18.066551,18.245766,17.327736,17.670921,17.598785,18.048607,18.102425,17.779015,17.544655,17.580750,17.904930,17.833000,17.598785,18.030663,18.012718,17.724983,18.102425,17.815002,17.562698,17.616829,17.688942,18.406731,17.958839,18.460312,17.868965,17.742996,18.066551,17.922905,17.922905,18.209953,17.904930,18.156204,18.245766,18.012718,17.976807,17.868965,18.030663,18.620857,18.084496,17.922905,18.102425,18.227867,18.370995,18.192039,18.388855,17.994759,18.227867,18.460312,17.922905,18.281563,18.102425,18.496017,17.940880,18.281563,18.603035,18.638680,18.531708,18.353111,18.674309,18.620857,18.692123,18.887749,19.011993,18.496017,18.478165,18.941017,18.869980,18.263664,18.442459,18.745514,18.478165,19.189156,18.460312,18.976524,18.567383,18.603035,18.513863,19.100624,18.567383,18.816666,18.478165,18.460312,18.816666,18.852211,18.531708,18.816666,18.674309,18.709923,18.852211,18.958771,18.816666,18.781090,18.745514,19.029732,18.745514,19.224541,19.082909,18.781090,19.153755,18.727722,18.994255,18.745514,18.798882,18.370995,18.603035,18.496017,18.585213,18.692123,18.674309,18.299454,18.406731,18.620857,18.281563,18.567383,18.781090,18.781090,18.585213,18.656494,18.335236,18.692123,18.941017,18.585213,18.674309,18.388855,18.958771,18.603035,19.118340,18.869980,18.674309,19.189156,18.923264,18.905502,18.674309,18.442459,18.281563,18.976524,18.709923,18.781090,18.388855,18.496017,18.012718,18.531708,18.370995,18.496017,18.692123,18.227867,18.496017,18.513863,18.245766,18.370995,18.335236,18.335236,18.066551,18.066551,17.922905,18.209953,18.138290,18.174133,18.460312,18.513863,18.335236,17.976807,18.156204,17.850990,17.958839,17.904930,18.353111,18.388855,18.353111,18.209953,18.192039,18.388855,18.030663,18.424599,18.263664,18.227867,18.603035,18.227867,18.156204,17.904930,18.406731,17.922905,18.209953,17.815002,18.120361,18.424599,17.904930,18.585213,18.424599,18.245766,18.209953,18.245766,18.102425,18.299454,17.976807,17.904930,17.958839,18.424599,18.174133,17.868965,17.616829,18.209953,17.886955,18.442459,17.958839,17.815002,18.030663,18.120361,17.976807,18.084496,18.424599,18.209953,17.976807,18.192039,18.424599,17.742996,17.958839,17.815002,18.209953,17.742996,17.688942,17.797005,17.688942,17.761002,17.742996,17.886955,17.688942,18.084496,17.670921,17.815002,17.670921,18.084496,18.317345,17.922905,17.779015,17.706970,17.815002,18.227867,17.436272,18.120361,17.436272,17.940880,17.797005,17.688942,17.922905,18.030663,17.940880,17.850990,17.706970,18.138290,17.670921,17.544655,18.030663,17.922905,17.309639,17.940880,17.508537,17.580750,17.309639,17.562698,17.670921,17.345833,17.400101,17.652901,17.400101,17.922905,17.291534,17.526596,17.598785,17.779015,17.273430,17.363930,17.598785,17.526596,17.761002,17.833000,17.345833,17.616829,17.706970,17.110275,17.724983,17.580750,17.382019,17.544655,17.255310,17.164696,17.850990,17.544655,17.526596,17.815002,17.797005,17.580750,17.652901,17.055817,17.200951,17.400101,17.255310,17.562698,17.472412,17.146553,17.724983,17.526596,17.598785,17.688942,17.363930,17.128418,17.472412,17.219078,17.182823,17.454338,17.562698,17.382019,17.616829,17.436272,17.797005,17.327736,17.345833,17.037659,17.706970,17.815002,17.001335,17.418190,17.200951,17.580750,17.363930,17.273430,17.436272,17.490471,17.291534,17.616829,17.526596,17.833000,17.327736,17.454338,17.472412,17.418190,17.164696,17.345833,17.363930,17.544655,16.764816,16.983162,17.128418,17.508537,17.815002,17.182823,17.345833,17.526596,17.019493,17.436272,17.200951,17.472412,17.327736,17.508537,17.309639,17.544655,17.309639,17.670921,17.868965,17.309639,17.580750,17.128418,17.634865,17.886955,17.922905,17.472412,17.363930,17.706970,17.779015,17.580750,17.868965,17.616829,17.724983,17.904930,17.797005,17.724983,17.472412,18.084496,18.263664,17.490471,17.724983,18.156204,17.742996,18.084496,17.833000,18.460312,17.940880,18.048607,18.263664,17.868965,17.922905,18.245766,18.192039,18.335236,17.598785,17.868965,18.030663,18.012718,18.030663,18.048607,17.670921,18.353111,18.120361,17.940880,18.066551,17.958839,18.299454,18.156204,18.120361,18.012718,18.012718,18.174133,18.335236,17.904930,17.815002,17.904930,18.174133,17.815002,17.742996,17.904930,17.670921,17.761002,17.562698,17.598785,17.922905,17.688942,17.850990,17.976807,17.309639,17.670921,17.237198,17.616829,17.742996,17.490471,17.291534,17.128418,16.344765,16.655434,16.381371,15.996223,15.867470,15.922668,15.369041,15.128059,15.165176,14.401184,15.072350,14.232613,14.756035,14.979439,14.849190,14.998024,14.606796,15.109489,15.072350,14.232613,14.569450,14.905037,14.700096,14.550774,14.644127,14.063721,14.345024,15.035194,13.894524,14.044937,14.345024,14.979439,14.251350,13.932144,14.157593,14.401184,13.479599,14.082504,13.913338,14.082504,13.725006,14.513397,13.630692,13.856880,14.101280,14.007355,14.044937,14.213860,13.630692,13.856880,13.856880,13.706154,13.422867,13.706154,13.403954,12.986824,12.967819,
15.867470,16.509377,16.764816,16.946808,17.146553,16.746590,16.801247,16.892258,16.289825,16.491104,17.237198,16.381371,16.472824,16.527649,16.600693,16.417961,16.673668,16.837654,16.655434,16.417961,16.783035,16.928627,16.801247,16.892258,16.728371,17.128418,16.436256,17.182823,17.055817,16.746590,16.946808,16.655434,16.928627,16.637184,17.073982,16.454536,16.764816,16.746590,16.892258,16.673668,16.855865,16.253181,17.128418,17.345833,17.128418,16.783035,16.746590,16.728371,16.892258,17.508537,17.110275,16.964989,16.855865,17.400101,17.037659,17.055817,16.746590,16.746590,16.691910,16.728371,17.037659,16.691910,16.892258,16.874062,17.164696,16.874062,16.746590,16.691910,16.234848,16.910439,17.037659,17.019493,16.472824,17.001335,16.946808,17.019493,17.019493,16.910439,16.874062,16.691910,16.837654,16.655434,17.327736,16.928627,17.219078,16.545914,17.055817,16.691910,17.019493,17.164696,17.400101,16.710136,17.055817,16.819458,17.110275,17.055817,17.092117,17.128418,17.598785,17.073982,17.291534,16.964989,17.291534,17.400101,17.382019,17.436272,17.182823,17.688942,17.128418,16.764816,17.779015,17.327736,17.562698,17.472412,17.652901,17.490471,17.652901,17.110275,17.526596,17.382019,17.526596,17.454338,17.616829,17.616829,17.815002,17.418190,17.850990,17.670921,17.797005,17.779015,17.436272,17.761002,17.598785,17.363930,17.562698,17.436272,17.724983,17.797005,17.904930,17.886955,17.761002,17.255310,17.797005,17.526596,17.815002,17.616829,17.526596,17.634865,17.833000,18.030663,17.580750,17.940880,18.066551,17.526596,17.634865,18.066551,17.815002,18.120361,17.940880,17.976807,18.030663,18.102425,17.761002,18.156204,18.227867,17.833000,17.940880,18.084496,17.904930,18.192039,18.138290,17.850990,18.192039,18.209953,18.281563,18.174133,18.353111,18.263664,18.174133,17.652901,18.388855,18.317345,18.496017,17.850990,18.549545,18.406731,17.886955,18.102425,18.585213,18.531708,18.066551,18.353111,18.424599,18.156204,18.299454,18.620857,18.442459,18.102425,18.549545,18.496017,18.299454,18.406731,18.513863,18.335236,18.620857,18.585213,18.370995,18.834435,18.941017,18.567383,18.745514,19.100624,18.460312,19.047462,18.674309,18.923264,18.603035,18.692123,19.153755,19.011993,18.620857,19.153755,19.011993,18.638680,19.365944,19.206863,18.798882,18.620857,19.029732,18.923264,18.869980,19.259926,19.171471,19.295280,18.887749,18.781090,18.905502,18.745514,18.852211,18.798882,19.189156,18.709923,19.082909,18.816666,18.869980,18.478165,18.923264,19.330627,19.029732,18.798882,18.923264,18.603035,18.887749,18.656494,18.763306,18.281563,18.567383,18.478165,18.370995,18.763306,18.299454,18.424599,18.281563,18.620857,18.370995,18.638680,18.549545,18.638680,18.513863,18.460312,18.816666,18.727722,18.781090,18.674309,19.118340,19.224541,18.692123,19.029732,18.603035,18.941017,18.567383,18.460312,18.923264,18.192039,18.388855,18.353111,18.656494,18.138290,18.048607,18.245766,18.692123,18.424599,18.406731,18.406731,18.209953,18.317345,18.120361,17.904930,18.549545,18.066551,17.904930,18.317345,18.406731,18.174133,18.603035,18.227867,18.370995,18.138290,18.317345,17.850990,18.120361,18.030663,18.513863,18.567383,17.994759,18.120361,18.353111,18.156204,18.174133,18.388855,18.030663,18.030663,18.406731,18.317345,17.994759,18.138290,18.120361,18.335236,18.245766,18.370995,18.138290,18.084496,17.994759,17.724983,18.638680,18.478165,18.066551,18.317345,18.406731,17.742996,18.227867,18.174133,17.634865,17.706970,18.192039,18.120361,18.174133,17.994759,17.940880,17.976807,18.209953,17.833000,18.227867,18.460312,17.922905,18.138290,18.353111,18.102425,18.120361,17.958839,17.562698,18.174133,17.580750,17.940880,17.797005,17.742996,18.030663,17.779015,18.102425,18.102425,17.976807,18.120361,18.102425,18.370995,17.761002,18.084496,18.066551,17.958839,17.904930,17.815002,17.976807,17.850990,18.084496,17.634865,17.940880,18.102425,17.850990,18.120361,17.706970,18.012718,17.976807,17.670921,17.742996,17.833000,17.634865,17.994759,17.797005,17.742996,17.868965,17.400101,17.833000,17.562698,17.598785,17.508537,17.436272,17.436272,17.327736,17.472412,17.652901,17.219078,17.742996,17.436272,17.454338,17.580750,17.544655,17.092117,17.779015,17.742996,17.761002,18.048607,17.418190,17.797005,17.454338,17.508537,17.472412,17.400101,17.291534,17.688942,17.037659,17.652901,17.219078,17.273430,17.436272,18.156204,17.345833,17.309639,17.400101,16.819458,17.580750,17.562698,17.868965,17.219078,17.200951,17.255310,17.363930,17.128418,17.309639,17.219078,17.490471,17.382019,17.219078,17.490471,17.472412,17.400101,17.580750,17.526596,17.490471,17.309639,17.219078,17.526596,17.182823,17.436272,17.634865,17.255310,17.688942,17.526596,17.327736,17.706970,17.652901,17.363930,17.724983,17.490471,17.073982,17.418190,17.273430,17.616829,17.472412,17.580750,17.345833,17.616829,17.291534,17.345833,17.219078,17.255310,16.983162,16.964989,17.237198,17.327736,17.255310,17.110275,17.382019,17.472412,17.001335,17.454338,18.156204,17.508537,16.655434,17.779015,17.382019,17.400101,17.508537,17.544655,17.273430,17.508537,17.490471,17.382019,17.976807,17.418190,17.327736,17.779015,17.761002,17.779015,17.815002,17.815002,17.940880,17.436272,17.634865,17.742996,17.904930,17.940880,18.030663,17.797005,17.616829,17.904930,17.742996,17.994759,17.886955,17.976807,17.976807,18.227867,17.922905,18.048607,18.174133,17.797005,17.904930,18.245766,18.209953,18.012718,18.299454,17.850990,18.263664,18.102425,17.724983,18.531708,17.688942,18.048607,18.084496,17.724983,18.102425,18.012718,18.335236,18.227867,17.616829,18.138290,18.138290,17.706970,17.724983,17.958839,17.779015,18.531708,18.138290,17.976807,18.048607,18.192039,18.030663,17.688942,17.797005,17.652901,18.496017,17.706970,18.263664,17.400101,18.263664,17.454338,17.580750,18.353111,18.012718,17.797005,17.670921,17.219078,17.850990,17.580750,16.746590,16.691910,16.728371,16.069710,16.234848,15.867470,15.553970,14.979439,15.498535,15.332008,14.550774,14.101280,14.457298,14.419891,14.363747,14.718750,15.369041,14.513397,14.979439,14.811943,14.026146,14.345024,14.550774,14.588127,14.382469,14.082504,14.494698,14.737404,14.718750,14.213860,14.044937,14.606796,14.026146,14.588127,14.120049,14.138817,14.326302,14.157593,13.706154,14.195114,13.762703,14.138817,14.251350,13.781540,14.157593,13.706154,13.668427,13.555183,13.630692,14.213860,13.403954,13.252487,13.706154,13.592949,13.271439,13.347183,13.176659,13.517403,
16.436256,16.764816,16.600693,16.454536,16.783035,16.454536,17.164696,16.728371,16.874062,16.783035,16.691910,16.837654,16.728371,16.655434,16.618950,16.234848,17.164696,16.855865,16.710136,16.910439,16.983162,16.764816,16.928627,16.801247,16.837654,16.855865,16.618950,17.345833,16.764816,16.564171,16.874062,16.691910,16.928627,16.964989,16.582436,16.764816,17.146553,16.764816,17.019493,16.983162,17.237198,16.710136,16.964989,16.783035,17.273430,17.110275,16.874062,16.783035,16.746590,16.618950,17.724983,17.273430,16.417961,16.855865,16.673668,16.472824,16.728371,16.910439,17.128418,17.363930,17.037659,17.200951,16.964989,16.946808,17.237198,17.001335,17.255310,16.417961,16.655434,16.746590,17.436272,17.146553,17.219078,16.509377,17.418190,17.073982,17.237198,16.673668,17.037659,17.182823,17.363930,16.710136,16.892258,17.363930,17.291534,17.291534,17.110275,17.454338,17.073982,17.055817,17.237198,17.200951,17.291534,16.710136,17.219078,17.219078,17.291534,17.055817,17.526596,16.855865,17.363930,17.055817,16.964989,17.255310,16.983162,17.544655,17.418190,17.616829,17.454338,17.544655,17.706970,17.454338,17.562698,17.706970,17.688942,17.562698,17.598785,17.598785,17.327736,17.073982,17.255310,17.598785,17.761002,17.327736,17.797005,17.688942,17.976807,17.526596,17.850990,17.616829,17.779015,17.472412,17.779015,17.598785,17.940880,17.418190,17.886955,17.652901,17.652901,17.598785,17.958839,17.724983,17.092117,17.382019,17.580750,18.048607,18.120361,17.958839,18.030663,17.761002,17.634865,17.886955,18.388855,17.904930,17.508537,17.219078,17.797005,18.156204,17.994759,18.120361,17.779015,17.922905,18.209953,18.192039,18.048607,17.850990,17.779015,18.120361,18.138290,18.281563,18.263664,18.281563,18.263664,18.030663,18.209953,18.245766,18.066551,18.245766,17.922905,18.370995,18.192039,18.209953,18.174133,18.209953,18.478165,18.620857,18.209953,18.209953,18.192039,18.798882,18.478165,18.192039,18.066551,18.120361,18.531708,18.656494,18.084496,18.120361,18.638680,18.567383,18.299454,18.317345,18.406731,18.603035,18.656494,18.335236,18.852211,18.709923,18.958771,18.869980,18.709923,18.496017,18.941017,18.887749,18.781090,18.781090,18.102425,18.549545,18.816666,18.923264,18.887749,18.816666,18.745514,18.763306,18.567383,18.798882,18.745514,18.869980,19.047462,18.763306,18.958771,18.692123,18.585213,19.100624,19.047462,18.763306,18.994255,18.994255,18.923264,19.047462,18.941017,19.312950,19.348289,19.047462,19.171471,18.941017,18.869980,18.781090,18.798882,18.442459,18.905502,18.496017,18.798882,18.905502,18.763306,18.923264,18.192039,18.656494,18.192039,18.209953,18.406731,18.709923,18.496017,18.370995,18.531708,18.388855,18.585213,18.513863,18.460312,18.798882,18.638680,18.335236,19.082909,18.852211,18.638680,18.513863,18.976524,18.674309,18.496017,18.603035,18.549545,18.887749,18.370995,18.531708,18.513863,18.513863,18.424599,18.299454,18.496017,18.299454,18.317345,17.958839,18.138290,17.922905,18.156204,18.030663,18.406731,18.120361,18.424599,18.120361,18.174133,18.281563,18.227867,18.388855,18.585213,18.174133,18.281563,17.940880,18.370995,18.263664,18.531708,18.084496,18.048607,18.066551,18.478165,18.513863,17.815002,18.335236,18.317345,18.192039,18.281563,17.904930,18.281563,18.299454,18.102425,18.388855,18.066551,18.192039,18.084496,18.406731,18.048607,18.138290,18.335236,18.299454,18.656494,18.496017,18.192039,18.102425,18.048607,18.048607,18.084496,17.886955,18.317345,18.227867,17.886955,17.958839,18.084496,18.299454,18.156204,17.940880,18.048607,18.227867,18.245766,17.761002,18.192039,18.406731,18.138290,18.030663,17.688942,18.335236,17.779015,18.335236,18.120361,17.940880,18.048607,17.472412,18.227867,18.263664,18.084496,17.345833,18.012718,18.138290,17.742996,17.886955,18.174133,17.490471,17.779015,18.012718,17.797005,17.761002,17.779015,17.508537,18.174133,18.048607,17.182823,18.263664,18.084496,18.066551,17.742996,17.490471,17.886955,18.120361,17.652901,17.724983,18.245766,17.815002,18.102425,17.580750,17.688942,17.544655,18.066551,17.382019,17.544655,17.526596,17.616829,17.670921,17.363930,17.327736,17.706970,17.544655,17.922905,17.400101,17.815002,17.761002,17.418190,17.724983,17.724983,17.544655,17.634865,17.472412,17.833000,17.309639,17.490471,17.833000,17.436272,17.526596,17.976807,17.418190,17.544655,17.092117,17.652901,17.291534,17.490471,17.562698,17.436272,17.761002,17.652901,17.761002,17.454338,17.273430,17.688942,17.562698,17.598785,17.508537,17.652901,16.928627,17.815002,17.562698,17.580750,17.436272,17.598785,17.472412,17.472412,17.418190,17.400101,17.940880,17.779015,17.345833,17.255310,17.400101,17.490471,17.544655,17.868965,17.616829,17.182823,17.291534,17.490471,17.580750,17.779015,17.037659,17.490471,17.200951,17.868965,17.742996,17.382019,17.454338,17.273430,17.418190,17.309639,17.418190,17.688942,17.634865,17.652901,17.291534,17.598785,17.164696,17.164696,17.382019,17.490471,17.200951,17.508537,17.055817,17.055817,16.946808,17.616829,17.146553,17.652901,17.273430,17.706970,17.363930,18.245766,17.508537,17.922905,17.761002,18.084496,18.066551,17.146553,17.779015,17.472412,17.958839,17.940880,17.472412,17.904930,17.418190,17.797005,17.526596,18.227867,17.815002,17.652901,17.688942,18.102425,17.779015,18.192039,18.460312,17.815002,17.850990,17.940880,18.263664,18.120361,18.156204,17.958839,17.850990,18.120361,18.638680,18.012718,18.066551,17.797005,18.120361,18.281563,17.994759,18.102425,18.567383,17.976807,17.472412,18.156204,17.994759,18.030663,18.066551,18.245766,18.084496,18.406731,17.958839,17.904930,17.994759,18.138290,18.012718,18.478165,18.192039,18.066551,17.958839,18.424599,18.335236,17.886955,17.616829,18.227867,18.299454,17.976807,17.634865,18.281563,17.976807,17.797005,17.868965,17.922905,18.209953,17.994759,17.400101,17.958839,17.670921,17.797005,17.219078,16.837654,17.255310,16.673668,16.271500,16.964989,16.491104,16.472824,16.179840,15.276436,15.146614,15.627831,14.867805,14.849190,14.345024,14.532082,14.700096,14.307571,14.494698,14.569450,15.609375,14.830566,14.438606,14.007355,14.270103,14.718750,14.382469,14.532082,14.251350,14.176346,14.644127,14.569450,14.082504,14.138817,13.649567,14.774681,14.401184,14.476006,13.969765,14.270103,14.326302,14.063721,14.082504,14.026146,13.950951,13.838051,13.762703,14.232613,14.026146,13.668427,14.401184,13.460693,13.800392,13.762703,13.649567,13.536285,13.498497,13.422867,13.479599,13.422867,12.605988,
16.216530,16.564171,16.527649,16.600693,16.363075,16.892258,17.146553,16.618950,16.946808,16.106438,16.801247,16.216530,16.673668,16.928627,16.837654,16.527649,16.764816,16.637184,17.037659,16.564171,17.255310,17.200951,16.819458,16.710136,17.073982,16.069710,17.400101,16.819458,16.855865,17.309639,16.582436,16.946808,17.273430,16.819458,16.801247,16.964989,17.110275,16.691910,17.019493,16.892258,16.764816,17.490471,16.801247,16.600693,17.345833,16.801247,17.128418,16.618950,17.472412,16.801247,16.783035,16.801247,16.892258,17.219078,16.819458,17.037659,17.110275,16.783035,16.637184,16.764816,17.037659,16.819458,16.892258,16.764816,17.327736,17.092117,17.200951,16.928627,17.327736,17.146553,16.928627,17.110275,17.037659,16.928627,17.418190,17.219078,17.037659,16.983162,17.110275,16.946808,17.400101,16.928627,17.055817,17.400101,17.164696,17.055817,16.874062,17.092117,17.291534,17.255310,17.309639,17.146553,17.182823,17.110275,17.055817,16.271500,17.146553,17.237198,17.345833,17.291534,17.255310,17.779015,17.797005,17.164696,17.019493,17.490471,17.182823,17.345833,17.418190,17.273430,17.273430,17.200951,17.761002,17.670921,17.291534,17.490471,17.544655,17.237198,17.400101,17.616829,17.724983,17.436272,17.994759,17.382019,17.706970,17.742996,17.761002,17.345833,17.454338,17.634865,17.850990,17.400101,17.418190,18.102425,17.833000,17.670921,17.273430,17.327736,17.706970,17.958839,17.670921,17.128418,17.363930,17.526596,17.472412,17.652901,18.030663,17.526596,17.724983,17.345833,18.084496,17.652901,17.940880,17.868965,17.652901,17.526596,18.102425,17.940880,17.958839,18.120361,17.761002,18.012718,17.761002,17.886955,17.815002,18.030663,17.363930,18.120361,18.066551,18.102425,18.084496,17.833000,17.724983,18.066551,18.192039,17.922905,18.084496,17.976807,18.030663,18.030663,18.084496,17.598785,17.940880,18.192039,18.209953,17.976807,18.585213,18.424599,18.012718,18.227867,18.496017,18.245766,18.442459,18.156204,18.353111,18.048607,18.406731,18.353111,18.192039,18.442459,18.156204,18.263664,18.406731,18.174133,18.585213,18.852211,18.388855,18.299454,18.816666,18.478165,18.798882,18.941017,18.656494,18.209953,18.887749,18.692123,19.011993,18.531708,18.905502,18.442459,18.958771,18.567383,18.709923,18.638680,18.781090,18.834435,18.994255,18.317345,19.118340,18.905502,18.834435,18.496017,19.082909,18.852211,19.206863,19.082909,19.189156,19.047462,18.923264,18.781090,19.189156,18.923264,19.118340,18.692123,18.798882,18.852211,19.242241,19.065178,19.065178,18.869980,18.816666,18.656494,18.905502,18.406731,18.620857,18.442459,18.941017,18.816666,18.513863,18.567383,18.656494,18.299454,18.513863,18.478165,18.478165,18.478165,18.370995,18.478165,18.299454,18.638680,18.941017,18.549545,19.065178,18.958771,18.709923,18.887749,18.869980,18.869980,18.923264,19.082909,18.620857,18.567383,18.531708,18.406731,18.781090,18.424599,18.370995,17.922905,18.209953,18.120361,18.192039,17.994759,18.192039,18.424599,18.245766,18.709923,18.048607,17.724983,18.656494,18.531708,18.299454,18.460312,18.138290,18.102425,18.531708,18.030663,18.549545,18.012718,18.263664,17.976807,17.904930,17.940880,18.048607,18.370995,18.335236,18.102425,18.406731,18.245766,18.192039,18.084496,18.192039,18.388855,18.030663,18.353111,18.012718,18.120361,18.388855,18.138290,18.209953,17.833000,17.994759,18.066551,18.138290,18.281563,18.317345,18.353111,18.192039,18.281563,17.850990,18.245766,18.192039,17.994759,18.192039,18.460312,17.994759,18.335236,18.120361,18.209953,17.940880,18.048607,18.192039,17.886955,18.209953,18.012718,18.084496,18.030663,18.460312,18.102425,17.976807,17.850990,18.406731,17.616829,18.317345,18.048607,17.850990,17.724983,17.850990,17.706970,17.616829,17.670921,17.706970,17.904930,18.192039,17.454338,17.994759,18.156204,17.815002,18.048607,17.526596,17.706970,18.299454,18.030663,17.652901,17.886955,17.940880,17.904930,17.797005,17.815002,18.030663,17.779015,17.634865,17.652901,17.652901,18.370995,17.670921,17.634865,17.580750,17.761002,17.670921,17.670921,17.833000,17.670921,17.652901,17.742996,17.706970,17.418190,17.833000,17.833000,17.164696,17.652901,17.634865,17.273430,17.922905,17.634865,17.850990,17.652901,17.742996,17.797005,17.779015,17.382019,17.742996,17.706970,17.670921,17.779015,17.472412,17.976807,17.724983,17.508537,17.562698,17.616829,17.345833,17.670921,17.724983,17.652901,17.886955,17.526596,17.400101,17.237198,17.508537,17.598785,17.037659,17.833000,17.436272,17.544655,17.868965,17.363930,17.490471,17.508537,17.436272,18.102425,17.255310,17.273430,17.761002,17.309639,17.526596,17.110275,17.724983,17.508537,17.670921,17.472412,17.742996,17.562698,17.001335,17.418190,17.652901,17.073982,17.580750,17.526596,17.598785,17.490471,17.363930,17.327736,17.922905,17.797005,17.490471,17.652901,17.309639,17.345833,17.616829,17.418190,17.490471,17.182823,17.400101,17.580750,17.291534,16.983162,17.073982,16.983162,17.219078,17.490471,17.526596,17.110275,17.182823,17.472412,17.345833,17.363930,17.436272,17.400101,17.472412,17.904930,17.237198,17.309639,17.255310,17.562698,17.345833,17.706970,17.580750,17.634865,17.200951,17.670921,17.797005,18.084496,17.616829,17.706970,18.335236,17.868965,17.742996,18.424599,17.724983,17.922905,17.994759,18.120361,17.706970,18.513863,18.192039,17.742996,17.868965,17.958839,18.012718,17.616829,17.940880,17.779015,18.138290,18.388855,18.549545,17.886955,18.531708,18.174133,18.227867,18.478165,17.976807,17.868965,18.209953,17.544655,18.353111,18.245766,18.317345,18.012718,18.174133,18.066551,18.084496,18.066551,18.066551,18.263664,18.496017,18.174133,18.120361,18.513863,17.850990,18.281563,18.174133,18.156204,18.066551,18.120361,17.797005,18.174133,18.084496,18.388855,17.958839,17.706970,17.616829,18.066551,17.634865,17.182823,17.526596,17.454338,18.102425,17.616829,17.200951,17.019493,17.508537,17.273430,16.910439,16.764816,16.691910,16.637184,15.867470,15.922668,16.106438,15.053780,15.128059,14.979439,15.146614,14.979439,14.923637,14.718750,14.998024,14.905037,14.644127,14.979439,14.662788,14.905037,14.681450,14.569450,14.886414,14.830566,14.213860,14.157593,14.606796,14.644127,14.307571,13.630692,14.532082,14.288834,14.737404,14.476006,14.550774,13.932144,14.176346,13.592949,14.101280,14.270103,13.743858,14.588127,13.856880,13.762703,13.725006,14.044937,14.382469,13.800392,13.687294,14.326302,14.007355,13.422867,13.838051,13.819221,14.007355,13.309326,13.233543,12.625069,
15.609375,16.746590,16.655434,16.472824,16.710136,16.545914,17.363930,16.363075,16.216530,17.345833,16.892258,16.234848,16.728371,16.837654,16.892258,16.655434,16.837654,16.564171,17.037659,16.964989,16.673668,16.928627,16.946808,16.783035,16.874062,16.801247,17.508537,16.946808,16.855865,16.837654,16.928627,16.728371,16.910439,17.182823,17.472412,17.182823,17.164696,17.019493,16.983162,16.874062,17.019493,16.983162,16.819458,17.037659,17.273430,16.600693,16.892258,16.764816,16.964989,17.146553,17.273430,16.892258,17.055817,17.345833,17.255310,16.509377,16.472824,16.746590,17.418190,17.237198,16.892258,17.001335,17.273430,16.964989,17.092117,17.219078,17.164696,17.291534,16.946808,16.819458,16.874062,17.110275,17.255310,17.146553,17.037659,17.019493,17.019493,16.964989,17.110275,17.255310,16.964989,16.783035,17.309639,16.855865,17.309639,17.019493,16.946808,17.436272,16.545914,16.892258,16.928627,17.110275,17.055817,17.110275,16.928627,16.874062,17.146553,17.055817,17.400101,16.946808,17.508537,17.508537,17.345833,17.724983,17.309639,17.345833,16.983162,16.892258,17.200951,17.345833,17.436272,17.363930,17.742996,17.363930,17.761002,17.670921,16.983162,17.490471,17.309639,17.580750,17.490471,17.580750,17.797005,17.761002,17.779015,17.472412,17.958839,17.652901,17.706970,17.382019,17.670921,17.688942,17.616829,17.815002,17.940880,17.850990,17.850990,17.779015,17.436272,17.742996,17.994759,17.508537,17.850990,17.761002,17.508537,17.526596,17.761002,17.742996,17.761002,17.779015,17.454338,18.030663,17.544655,18.496017,17.761002,17.688942,17.868965,17.490471,17.652901,17.833000,18.156204,17.904930,17.779015,17.797005,18.084496,18.174133,18.174133,18.048607,18.460312,18.048607,18.048607,18.335236,17.922905,18.353111,18.245766,18.209953,18.120361,17.652901,18.102425,18.102425,18.227867,18.513863,17.904930,18.335236,17.958839,18.209953,18.174133,18.012718,18.030663,18.156204,18.102425,18.156204,18.424599,18.620857,18.048607,18.192039,18.120361,18.227867,18.496017,17.994759,18.084496,18.281563,18.603035,17.958839,18.656494,18.442459,18.549545,18.406731,18.674309,18.424599,18.869980,18.567383,18.603035,18.531708,18.513863,19.171471,19.047462,18.709923,18.869980,18.798882,18.816666,18.852211,18.709923,18.816666,18.603035,18.834435,18.656494,18.513863,18.941017,18.852211,18.745514,18.692123,18.745514,18.567383,18.816666,18.549545,19.065178,19.136055,19.082909,18.656494,18.905502,19.224541,18.923264,19.065178,18.994255,18.549545,19.136055,18.834435,19.136055,19.047462,18.763306,18.620857,19.029732,18.763306,18.674309,18.709923,18.281563,18.692123,18.603035,18.388855,18.406731,18.585213,18.585213,18.567383,18.406731,18.263664,18.388855,18.460312,18.549545,18.549545,18.549545,18.941017,18.745514,19.206863,18.816666,18.674309,18.531708,18.727722,18.496017,18.692123,18.531708,18.656494,18.958771,18.763306,18.227867,18.245766,18.816666,18.406731,18.370995,18.442459,18.012718,18.245766,18.281563,18.353111,18.299454,18.299454,18.263664,18.317345,18.263664,18.048607,18.567383,18.335236,18.317345,18.156204,17.994759,18.120361,18.531708,18.227867,18.424599,18.227867,18.478165,18.012718,18.245766,18.012718,18.442459,18.299454,18.317345,18.012718,18.424599,17.904930,18.012718,18.102425,18.370995,18.120361,18.370995,17.779015,17.940880,18.174133,18.192039,18.138290,17.994759,17.940880,18.353111,18.192039,17.958839,17.634865,17.976807,17.976807,18.263664,17.833000,18.263664,18.066551,18.138290,17.976807,18.263664,17.994759,17.580750,18.299454,18.084496,17.797005,18.353111,17.958839,18.012718,17.940880,18.174133,18.281563,18.496017,17.922905,18.138290,18.120361,18.192039,18.335236,17.797005,17.634865,17.940880,18.012718,17.976807,17.797005,17.797005,17.761002,17.634865,18.084496,18.209953,18.281563,17.940880,18.335236,17.994759,18.156204,18.084496,17.724983,18.048607,18.120361,18.048607,18.102425,18.120361,17.670921,18.030663,17.833000,18.030663,17.850990,17.598785,17.688942,18.192039,18.066551,17.958839,17.616829,17.670921,17.779015,17.850990,17.868965,17.562698,17.779015,17.544655,17.670921,17.850990,17.958839,17.562698,17.291534,17.382019,17.634865,17.904930,17.418190,17.382019,17.688942,17.580750,18.048607,17.761002,17.309639,17.616829,17.850990,17.958839,17.634865,17.850990,17.868965,17.382019,17.779015,17.652901,17.182823,17.309639,17.562698,17.779015,17.309639,17.436272,17.688942,17.562698,17.850990,17.580750,17.273430,17.670921,17.598785,17.940880,17.670921,17.562698,17.833000,17.472412,17.309639,17.742996,17.724983,17.544655,17.255310,17.490471,17.508537,17.724983,17.418190,17.779015,17.508537,17.688942,17.472412,17.273430,17.490471,17.670921,17.345833,17.797005,17.724983,17.652901,17.797005,17.797005,17.761002,17.652901,17.706970,17.544655,17.382019,17.055817,17.815002,17.886955,17.526596,17.255310,17.110275,17.670921,17.400101,17.724983,17.382019,17.616829,17.345833,17.580750,17.309639,17.833000,17.345833,17.291534,17.291534,17.291534,17.670921,17.363930,17.544655,17.598785,17.886955,17.345833,17.309639,17.724983,17.562698,17.598785,17.742996,17.019493,17.454338,18.120361,17.562698,17.526596,17.616829,17.688942,17.868965,18.048607,17.940880,18.030663,17.418190,17.797005,17.833000,17.779015,17.508537,18.138290,17.850990,18.192039,18.084496,18.066551,17.976807,18.012718,17.472412,18.066551,18.442459,18.335236,18.120361,17.904930,18.120361,18.281563,18.012718,18.513863,17.976807,18.353111,18.030663,18.424599,18.299454,18.478165,18.030663,17.797005,17.976807,17.868965,18.227867,18.030663,18.299454,17.815002,17.797005,17.815002,18.442459,18.263664,18.370995,18.227867,18.353111,18.388855,18.335236,18.084496,18.442459,18.048607,18.549545,18.227867,17.886955,18.478165,17.922905,18.120361,18.299454,18.156204,17.922905,18.317345,17.886955,17.598785,17.994759,17.833000,17.688942,17.634865,17.634865,17.815002,17.616829,17.400101,17.363930,16.874062,16.564171,16.655434,16.710136,16.216530,15.387550,15.941071,14.718750,14.923637,15.090919,14.700096,14.737404,14.326302,15.090919,14.886414,14.662788,14.606796,14.438606,14.811943,14.457298,14.718750,14.232613,14.251350,14.345024,14.345024,14.195114,13.950951,14.345024,14.681450,14.307571,14.063721,14.138817,13.649567,14.532082,14.307571,14.718750,13.800392,13.592949,14.251350,13.781540,13.988556,13.781540,13.422867,13.725006,13.894524,13.195625,13.574066,13.762703,13.913338,14.494698,13.649567,13.668427,13.611824,13.422867,13.668427,13.005829,13.687294,12.701340,
15.756950,16.198189,16.819458,16.618950,16.582436,16.491104,17.146553,16.819458,17.237198,16.801247,16.253181,16.600693,16.764816,16.837654,17.526596,16.436256,16.600693,16.582436,16.910439,17.092117,16.892258,16.819458,16.691910,17.073982,16.892258,16.454536,17.526596,17.273430,16.491104,17.110275,16.946808,16.783035,17.508537,16.618950,17.400101,17.219078,16.673668,17.580750,16.910439,17.001335,17.019493,16.855865,16.964989,16.637184,17.382019,17.237198,17.345833,16.728371,17.291534,17.110275,16.892258,17.092117,17.219078,17.146553,16.928627,17.037659,17.273430,17.055817,17.219078,16.983162,16.874062,16.801247,17.164696,16.837654,17.219078,16.637184,17.001335,16.964989,17.255310,16.892258,17.237198,17.237198,16.928627,16.764816,17.182823,17.200951,17.110275,16.910439,17.001335,16.910439,17.128418,16.600693,17.200951,16.983162,17.400101,17.037659,16.655434,17.110275,16.983162,17.291534,17.472412,17.182823,17.472412,17.382019,17.055817,17.345833,17.580750,17.219078,17.472412,17.508537,17.146553,17.418190,17.562698,17.092117,17.779015,17.580750,17.291534,17.634865,17.634865,17.400101,17.164696,17.562698,17.327736,17.472412,17.616829,17.670921,17.688942,17.652901,17.850990,17.779015,17.400101,17.616829,17.797005,17.291534,17.742996,17.688942,18.030663,17.922905,17.940880,17.868965,18.084496,17.850990,17.868965,17.904930,17.562698,17.544655,17.815002,17.544655,17.868965,17.580750,17.688942,17.850990,17.400101,17.418190,17.797005,17.598785,17.418190,17.994759,17.815002,17.868965,17.742996,18.102425,18.192039,17.850990,18.174133,17.526596,17.904930,18.174133,18.048607,17.670921,17.940880,18.192039,17.652901,17.868965,18.012718,17.833000,18.227867,17.994759,18.192039,18.192039,18.281563,18.030663,18.084496,18.370995,18.585213,17.940880,18.102425,18.066551,18.174133,18.012718,18.299454,17.976807,18.245766,17.904930,18.353111,18.299454,18.192039,17.797005,18.209953,18.138290,18.192039,18.048607,18.317345,18.209953,18.263664,18.245766,18.709923,17.994759,18.460312,18.120361,18.370995,18.084496,18.370995,18.281563,18.603035,18.869980,18.585213,18.674309,18.620857,18.620857,18.692123,18.727722,18.603035,18.709923,18.887749,19.011993,18.941017,18.887749,18.781090,18.317345,18.549545,18.317345,19.118340,18.370995,18.692123,18.674309,18.958771,18.638680,18.994255,18.156204,18.692123,18.603035,19.065178,18.869980,18.887749,19.242241,19.065178,19.348289,19.118340,18.709923,18.816666,18.656494,19.206863,18.905502,18.941017,19.153755,18.887749,18.745514,18.852211,18.958771,18.281563,18.281563,18.887749,18.745514,18.656494,18.603035,18.638680,18.620857,18.567383,18.692123,18.424599,18.245766,18.531708,18.620857,18.567383,18.798882,18.531708,18.478165,18.958771,18.656494,18.603035,18.513863,18.638680,19.100624,18.763306,18.923264,18.923264,18.549545,19.312950,18.727722,18.958771,18.263664,18.656494,18.638680,18.138290,18.709923,18.317345,18.156204,18.263664,18.299454,18.513863,18.335236,18.030663,18.192039,18.174133,18.281563,17.976807,18.263664,18.012718,18.245766,18.245766,18.012718,18.442459,18.353111,18.317345,18.549545,18.424599,18.227867,18.406731,17.724983,18.245766,18.138290,18.048607,18.192039,18.138290,18.192039,18.245766,18.442459,18.335236,18.513863,17.850990,17.994759,17.688942,18.120361,18.174133,17.922905,18.102425,18.102425,18.442459,17.940880,18.138290,18.174133,18.174133,17.688942,18.335236,17.779015,18.353111,18.084496,17.761002,17.994759,18.174133,18.120361,18.012718,18.353111,17.742996,18.370995,18.567383,18.012718,17.958839,17.688942,18.192039,18.084496,17.922905,17.886955,18.227867,17.472412,18.209953,18.012718,18.066551,17.815002,18.567383,18.281563,17.833000,17.815002,18.084496,18.138290,17.886955,18.156204,17.724983,18.227867,18.012718,18.209953,17.958839,17.833000,17.976807,17.833000,18.138290,18.030663,18.048607,17.706970,18.156204,17.706970,18.066551,18.281563,17.815002,17.868965,18.138290,17.634865,18.030663,18.263664,18.030663,18.102425,17.833000,17.688942,18.156204,17.508537,18.120361,17.797005,18.156204,17.761002,17.868965,17.850990,17.761002,17.940880,17.994759,17.922905,17.761002,17.797005,18.084496,18.138290,17.508537,17.706970,17.526596,17.616829,17.779015,17.544655,17.940880,17.706970,17.815002,17.779015,17.706970,17.868965,17.670921,17.472412,17.670921,17.724983,17.922905,17.598785,17.436272,17.742996,17.670921,17.886955,17.508537,18.030663,17.634865,17.544655,17.490471,17.400101,17.037659,17.634865,17.508537,17.670921,17.886955,17.526596,18.102425,17.688942,17.363930,17.237198,17.616829,18.030663,17.922905,17.472412,17.761002,17.616829,17.868965,17.688942,17.688942,17.490471,17.598785,17.382019,17.237198,17.490471,17.742996,17.544655,17.363930,17.562698,17.742996,17.706970,17.833000,17.634865,17.886955,17.562698,17.761002,17.418190,17.580750,17.273430,17.634865,17.219078,17.418190,17.562698,17.472412,17.797005,17.382019,17.237198,17.436272,17.436272,17.472412,17.128418,17.001335,16.892258,17.291534,17.255310,17.652901,17.309639,17.742996,17.219078,17.200951,17.688942,17.688942,17.742996,17.688942,17.309639,17.688942,17.418190,17.436272,17.472412,17.868965,17.815002,17.472412,17.742996,17.724983,17.940880,17.363930,17.886955,17.976807,17.761002,17.797005,17.815002,17.958839,18.263664,18.012718,18.012718,18.245766,17.688942,17.850990,18.066551,18.066551,18.227867,18.353111,17.815002,17.580750,18.048607,18.138290,18.120361,17.994759,17.742996,18.120361,18.084496,18.048607,18.102425,18.012718,18.317345,18.353111,17.904930,18.442459,18.353111,18.335236,17.976807,17.940880,18.816666,18.263664,18.227867,18.513863,18.513863,18.245766,18.084496,18.192039,18.388855,18.567383,17.580750,18.066551,18.174133,17.922905,17.797005,18.048607,17.994759,18.048607,17.490471,17.815002,17.886955,17.904930,18.048607,17.110275,18.138290,17.616829,17.652901,17.616829,17.580750,17.400101,16.928627,17.688942,16.910439,16.691910,16.326462,16.874062,16.545914,16.106438,15.701637,15.885872,14.905037,14.681450,14.606796,14.811943,14.979439,14.213860,14.718750,14.737404,14.718750,14.756035,14.662788,14.793312,14.120049,14.513397,14.644127,14.662788,14.550774,14.625465,13.913338,14.700096,14.326302,14.532082,14.756035,14.401184,13.875710,14.026146,14.007355,13.687294,13.743858,14.382469,14.044937,13.875710,14.195114,13.649567,13.706154,13.347183,13.290382,13.385033,14.232613,13.800392,13.875710,14.569450,13.706154,13.517403,14.044937,14.007355,13.574066,13.781540,13.403954,13.781540,12.223610,
16.326462,16.417961,17.200951,16.454536,16.509377,16.363075,17.219078,16.564171,16.179840,16.417961,16.710136,16.545914,16.399666,16.837654,16.527649,16.801247,17.037659,16.837654,16.582436,17.110275,16.198189,16.691910,16.964989,16.819458,17.128418,17.001335,16.946808,17.526596,17.273430,17.128418,16.946808,17.073982,16.618950,16.710136,16.946808,17.182823,17.110275,16.946808,17.255310,16.655434,17.019493,16.819458,17.418190,16.783035,16.910439,17.219078,16.983162,17.128418,16.928627,17.327736,17.327736,16.655434,16.728371,17.327736,17.219078,17.128418,16.582436,16.710136,17.146553,17.436272,16.964989,17.073982,16.892258,17.237198,17.544655,16.837654,17.562698,17.001335,16.983162,17.019493,17.237198,17.363930,17.019493,17.219078,17.164696,17.634865,16.910439,17.219078,17.019493,17.037659,17.291534,16.983162,17.544655,17.219078,17.073982,17.019493,17.019493,17.146553,17.273430,17.164696,17.200951,17.345833,17.327736,17.291534,17.001335,17.291534,17.652901,17.273430,17.164696,17.200951,17.797005,17.019493,17.273430,17.255310,17.508537,17.472412,17.580750,17.598785,17.219078,17.472412,17.291534,17.562698,17.706970,17.670921,17.562698,17.833000,17.797005,17.508537,17.309639,17.922905,17.706970,17.526596,17.742996,17.868965,18.156204,17.382019,17.779015,17.598785,17.562698,17.670921,17.779015,17.742996,17.688942,17.958839,17.544655,17.562698,17.833000,18.156204,17.779015,17.761002,17.598785,18.048607,17.182823,18.174133,17.833000,17.904930,17.724983,18.245766,17.815002,17.345833,17.850990,17.797005,17.815002,17.833000,17.850990,17.815002,17.976807,17.886955,18.048607,17.382019,18.102425,18.370995,17.958839,17.562698,17.976807,17.958839,17.976807,18.174133,17.797005,18.460312,17.922905,17.868965,17.652901,17.761002,18.156204,18.012718,18.030663,17.761002,17.922905,18.406731,18.370995,17.868965,18.353111,18.424599,18.656494,17.868965,18.478165,18.192039,18.245766,18.012718,17.976807,18.156204,17.779015,18.317345,18.406731,18.531708,18.388855,18.192039,18.763306,18.084496,18.138290,18.299454,18.174133,18.120361,18.138290,18.513863,18.388855,18.567383,18.745514,18.958771,18.834435,18.620857,18.585213,18.994255,18.816666,18.638680,19.171471,18.620857,18.834435,18.424599,19.029732,18.887749,18.709923,18.549545,18.781090,18.424599,19.224541,18.549545,18.905502,18.745514,18.692123,18.834435,18.406731,18.816666,18.834435,19.011993,19.082909,18.834435,19.047462,18.976524,19.153755,19.189156,19.136055,18.923264,18.994255,18.585213,18.816666,18.692123,18.941017,18.656494,18.923264,18.620857,18.585213,18.513863,18.496017,18.905502,18.513863,18.442459,18.638680,18.531708,18.102425,18.335236,18.656494,18.638680,18.335236,18.549545,18.941017,18.227867,18.763306,18.513863,18.513863,18.727722,18.976524,18.603035,18.781090,18.656494,18.638680,18.852211,18.745514,18.603035,18.638680,18.674309,18.513863,18.496017,18.353111,18.763306,18.887749,18.567383,18.460312,18.317345,18.424599,17.976807,18.353111,18.263664,18.317345,18.209953,18.424599,18.335236,18.478165,18.620857,18.656494,18.066551,18.281563,18.174133,18.174133,18.281563,18.406731,18.281563,18.370995,18.406731,18.406731,18.156204,18.245766,18.460312,18.370995,18.585213,18.138290,18.174133,18.317345,18.138290,18.227867,18.245766,18.030663,18.370995,17.994759,17.904930,18.120361,18.209953,18.174133,18.335236,18.281563,18.370995,18.335236,18.084496,18.531708,18.192039,17.940880,18.048607,18.120361,18.102425,18.084496,17.779015,18.066551,18.084496,17.850990,17.797005,17.994759,18.388855,18.048607,18.263664,17.940880,18.012718,17.868965,18.084496,18.138290,17.779015,18.227867,18.370995,18.138290,18.245766,18.084496,17.742996,17.904930,18.156204,18.209953,17.958839,17.868965,17.940880,18.192039,18.138290,17.958839,18.030663,18.192039,17.815002,17.886955,17.958839,17.761002,17.958839,17.868965,17.886955,17.886955,18.138290,18.174133,18.263664,17.904930,17.779015,17.904930,17.850990,18.120361,17.815002,17.922905,18.156204,17.634865,18.317345,17.724983,17.779015,18.048607,17.868965,18.120361,17.886955,17.652901,17.850990,17.580750,17.526596,17.940880,17.562698,17.868965,17.706970,17.742996,17.508537,17.868965,17.779015,17.742996,17.976807,17.363930,17.797005,17.508537,17.706970,17.724983,18.066551,17.598785,18.030663,18.012718,17.363930,17.652901,17.670921,17.562698,17.833000,17.345833,17.580750,17.815002,17.616829,17.454338,17.706970,17.761002,17.508537,17.779015,17.490471,17.634865,17.652901,17.706970,17.562698,17.886955,17.779015,17.670921,17.688942,17.868965,18.245766,17.544655,18.030663,17.761002,17.940880,17.616829,17.363930,17.922905,17.616829,17.761002,17.128418,17.055817,17.526596,17.761002,17.797005,17.634865,17.472412,17.472412,17.688942,17.940880,17.255310,17.688942,17.164696,17.724983,17.616829,17.309639,17.616829,17.146553,17.472412,17.724983,17.490471,18.012718,17.182823,17.815002,17.670921,17.490471,17.634865,17.418190,17.688942,17.742996,17.164696,17.779015,17.490471,17.418190,17.363930,17.255310,17.273430,17.128418,17.815002,17.490471,17.850990,17.436272,17.652901,17.688942,17.994759,17.815002,17.779015,18.030663,17.562698,17.815002,17.904930,17.958839,17.580750,17.562698,17.652901,18.281563,17.580750,18.084496,17.670921,17.958839,17.598785,17.940880,18.299454,17.797005,18.102425,17.922905,18.048607,17.706970,17.562698,18.227867,18.066551,18.156204,17.940880,18.442459,17.994759,18.138290,17.994759,18.478165,18.084496,18.567383,18.245766,18.192039,18.513863,17.761002,18.424599,18.299454,18.084496,18.442459,17.815002,18.102425,17.994759,18.066551,18.209953,17.958839,18.692123,17.850990,18.156204,18.638680,18.388855,18.603035,17.833000,18.156204,18.227867,18.406731,18.156204,18.567383,18.048607,17.815002,18.174133,17.922905,17.724983,18.209953,17.580750,17.833000,17.994759,17.940880,17.237198,18.156204,17.219078,17.508537,17.688942,17.237198,17.815002,17.544655,17.418190,17.092117,16.983162,16.399666,16.582436,16.399666,16.124794,15.830643,15.517014,14.700096,14.905037,14.942238,13.950951,15.016617,14.793312,14.942238,14.476006,14.886414,14.457298,15.165176,15.183723,14.513397,14.157593,14.644127,14.270103,14.774681,14.550774,13.988556,14.737404,14.326302,14.138817,14.457298,14.345024,14.345024,14.157593,14.176346,14.213860,14.157593,13.932144,14.251350,14.101280,13.913338,13.649567,13.800392,14.476006,14.157593,13.800392,13.781540,14.007355,13.838051,13.592949,13.328255,13.536285,13.271439,13.611824,13.422867,12.796600,13.290382,13.081795,
15.683197,16.344765,17.055817,17.001335,16.710136,17.037659,16.491104,16.564171,16.564171,16.326462,16.946808,16.399666,16.691910,16.032974,16.344765,17.146553,17.019493,17.073982,16.801247,16.673668,16.637184,16.910439,16.637184,16.655434,16.946808,16.946808,16.874062,17.363930,16.946808,17.436272,17.273430,17.110275,16.855865,17.273430,16.819458,16.837654,17.037659,17.110275,17.164696,17.472412,17.092117,17.182823,16.764816,16.837654,17.436272,16.837654,16.673668,17.219078,17.273430,17.092117,17.436272,17.345833,17.472412,17.598785,17.418190,16.271500,17.073982,16.837654,17.400101,16.910439,17.146553,16.728371,17.327736,16.964989,17.001335,17.200951,17.164696,17.436272,16.983162,17.580750,16.946808,16.783035,17.128418,17.273430,16.801247,17.418190,17.092117,17.400101,17.055817,17.019493,17.363930,17.092117,17.436272,16.673668,17.164696,17.146553,16.600693,17.616829,17.436272,16.964989,17.580750,17.128418,17.164696,17.436272,16.983162,17.037659,17.291534,17.562698,17.544655,17.724983,17.724983,17.436272,17.436272,17.598785,17.454338,17.019493,17.219078,17.670921,17.363930,17.634865,17.562698,17.472412,17.580750,17.436272,17.670921,17.850990,17.904930,17.815002,17.922905,17.886955,17.724983,17.850990,17.616829,17.940880,18.012718,17.616829,17.868965,17.418190,17.742996,18.084496,17.904930,17.940880,17.761002,17.562698,17.634865,17.850990,17.598785,17.833000,17.904930,17.454338,17.616829,17.779015,18.209953,18.030663,17.958839,17.327736,17.742996,17.724983,17.526596,17.580750,17.922905,17.850990,17.922905,17.904930,18.192039,18.138290,18.030663,17.815002,17.904930,17.904930,18.156204,17.706970,18.353111,18.353111,17.922905,17.922905,18.192039,18.209953,18.174133,17.976807,18.120361,18.531708,18.138290,18.281563,18.209953,18.424599,18.478165,18.030663,17.940880,18.335236,18.263664,17.922905,18.353111,18.102425,18.227867,18.406731,18.460312,18.138290,18.424599,18.263664,18.012718,18.549545,17.904930,18.460312,18.424599,18.388855,18.388855,18.174133,18.299454,18.263664,18.388855,18.442459,18.638680,18.442459,18.709923,18.442459,18.709923,18.692123,18.567383,18.727722,18.281563,18.727722,18.887749,18.603035,18.674309,18.852211,18.727722,18.994255,18.869980,18.567383,18.638680,19.153755,18.620857,18.620857,18.852211,18.941017,18.674309,18.763306,18.798882,19.189156,18.496017,18.709923,18.852211,18.834435,18.905502,19.011993,18.745514,18.727722,19.065178,19.189156,18.798882,18.869980,19.401253,18.958771,19.348289,19.365944,18.798882,19.082909,18.887749,18.887749,18.852211,18.869980,18.745514,18.531708,18.709923,18.692123,18.674309,18.674309,18.656494,18.674309,18.406731,18.335236,18.478165,18.763306,18.603035,18.763306,18.585213,18.513863,18.585213,18.513863,18.603035,18.370995,18.905502,18.745514,18.709923,18.317345,19.029732,18.549545,19.065178,18.460312,18.335236,18.834435,18.460312,18.496017,18.709923,18.102425,18.424599,18.174133,18.709923,18.549545,18.406731,18.102425,18.192039,18.120361,18.227867,18.156204,18.388855,18.227867,18.816666,18.424599,18.638680,18.227867,18.012718,18.406731,18.424599,18.263664,18.174133,18.030663,18.317345,18.156204,18.442459,18.692123,18.066551,18.460312,18.620857,18.388855,18.138290,18.102425,18.727722,18.227867,18.335236,18.496017,17.815002,17.940880,17.922905,18.209953,18.442459,17.922905,18.370995,17.797005,18.549545,18.424599,18.192039,18.442459,18.227867,17.958839,18.156204,18.120361,18.102425,18.299454,18.192039,17.833000,18.317345,18.335236,18.048607,17.706970,18.012718,17.940880,17.904930,17.850990,17.833000,17.706970,18.442459,18.281563,18.192039,18.263664,18.084496,17.868965,18.209953,17.616829,17.742996,17.815002,18.406731,18.012718,17.958839,17.922905,18.406731,17.886955,17.797005,17.562698,18.102425,18.496017,18.030663,18.030663,18.030663,17.886955,18.012718,17.886955,18.156204,17.886955,17.976807,17.922905,17.706970,18.156204,17.958839,18.084496,17.886955,17.976807,17.779015,17.850990,17.958839,18.012718,18.084496,18.084496,17.886955,17.652901,17.994759,17.850990,17.994759,17.904930,18.102425,17.742996,17.508537,17.634865,17.886955,17.670921,17.904930,17.526596,17.868965,17.688942,17.688942,17.706970,17.940880,17.472412,17.688942,17.904930,17.779015,17.616829,17.742996,17.886955,18.227867,17.363930,17.670921,17.164696,18.030663,17.634865,17.418190,17.634865,17.779015,17.779015,17.652901,17.634865,17.761002,17.219078,17.724983,17.833000,17.922905,17.815002,17.761002,17.616829,17.472412,17.309639,18.138290,17.616829,17.742996,17.724983,17.815002,17.797005,17.652901,17.508537,17.652901,17.291534,17.345833,17.526596,17.562698,17.634865,17.976807,17.886955,17.363930,17.418190,17.742996,17.616829,17.994759,17.345833,17.454338,17.670921,17.309639,18.030663,17.598785,17.724983,17.652901,17.779015,17.652901,17.255310,17.580750,17.526596,17.761002,17.904930,17.850990,17.634865,17.436272,17.815002,17.219078,17.255310,17.922905,17.580750,17.508537,17.309639,17.761002,17.508537,17.616829,17.742996,17.598785,17.400101,17.706970,17.580750,17.544655,17.544655,17.309639,17.327736,17.886955,17.580750,17.886955,17.634865,17.562698,17.382019,17.922905,18.120361,17.526596,17.940880,17.345833,17.418190,17.670921,17.976807,18.120361,17.815002,17.868965,17.742996,17.742996,17.634865,18.406731,18.084496,17.976807,17.886955,17.976807,18.120361,18.299454,18.030663,17.886955,18.227867,18.335236,17.976807,18.156204,18.102425,18.496017,18.406731,18.353111,18.120361,18.353111,18.299454,18.084496,18.353111,18.709923,18.084496,17.994759,18.138290,18.156204,18.442459,18.084496,18.263664,18.209953,18.174133,17.688942,18.209953,18.585213,18.030663,18.406731,18.299454,18.102425,18.066551,18.156204,18.299454,18.048607,18.227867,18.156204,17.904930,17.850990,17.940880,18.048607,18.620857,17.940880,17.562698,17.940880,17.958839,17.868965,17.055817,17.580750,17.508537,17.001335,17.688942,17.219078,17.382019,16.801247,17.146553,16.582436,16.837654,15.959457,16.381371,15.590912,15.609375,15.369041,14.867805,14.700096,14.756035,14.382469,15.035194,14.942238,14.588127,14.830566,14.382469,14.251350,14.606796,14.606796,14.101280,14.811943,14.457298,14.476006,14.681450,14.886414,14.270103,14.288834,14.569450,14.532082,13.668427,14.138817,14.419891,13.800392,13.988556,13.894524,13.819221,13.969765,13.762703,13.894524,14.044937,13.706154,13.725006,13.649567,14.101280,13.649567,14.101280,13.875710,14.063721,13.347183,13.687294,13.743858,13.328255,13.119759,13.630692,13.138725,12.586906,
15.941071,16.764816,16.564171,16.344765,16.892258,16.910439,17.164696,16.964989,16.618950,16.801247,17.001335,16.837654,16.216530,17.019493,16.710136,17.019493,17.001335,16.928627,16.983162,17.219078,16.381371,16.964989,16.600693,16.946808,17.128418,17.363930,17.273430,16.710136,17.454338,17.164696,16.964989,16.344765,16.582436,16.892258,17.706970,16.491104,17.363930,17.055817,17.309639,16.874062,17.598785,17.454338,17.128418,16.837654,17.291534,17.001335,17.382019,17.418190,16.910439,17.382019,17.146553,17.345833,17.019493,16.946808,17.526596,17.019493,16.928627,17.037659,17.146553,17.363930,17.580750,16.928627,17.400101,16.928627,17.273430,17.255310,16.910439,17.382019,16.910439,16.892258,16.946808,17.363930,17.345833,16.637184,17.037659,16.874062,17.073982,17.436272,17.472412,17.706970,17.472412,17.327736,17.363930,17.508537,17.255310,17.110275,17.472412,17.219078,17.400101,17.490471,17.001335,17.742996,17.562698,16.928627,17.670921,17.255310,17.526596,17.327736,17.219078,17.128418,17.526596,17.400101,18.102425,17.327736,17.797005,17.544655,17.958839,17.797005,17.598785,17.742996,17.508537,18.012718,17.850990,17.850990,17.833000,17.706970,17.886955,18.012718,17.886955,17.742996,17.922905,17.779015,17.815002,17.761002,17.436272,17.508537,17.868965,17.327736,17.994759,17.616829,17.436272,17.363930,18.066551,17.833000,17.706970,17.634865,17.580750,17.634865,17.958839,17.779015,18.012718,17.994759,17.742996,18.030663,17.886955,18.120361,18.084496,17.779015,17.761002,18.281563,18.227867,18.335236,17.976807,17.490471,18.030663,18.585213,18.174133,17.833000,18.478165,17.616829,18.120361,17.761002,18.209953,18.012718,18.424599,18.299454,18.406731,18.084496,18.245766,18.478165,18.174133,17.833000,18.192039,18.174133,18.406731,18.496017,18.442459,17.958839,18.174133,18.048607,18.335236,18.066551,18.263664,18.281563,17.994759,18.012718,18.281563,18.620857,18.317345,18.084496,17.958839,18.353111,18.531708,18.263664,18.138290,18.656494,18.174133,17.850990,18.567383,18.335236,18.442459,18.424599,18.656494,18.245766,18.209953,18.923264,18.638680,18.603035,18.442459,18.263664,18.763306,18.585213,18.460312,18.798882,19.029732,18.513863,18.834435,18.798882,18.923264,18.388855,18.656494,18.656494,18.299454,18.656494,18.513863,18.335236,18.905502,18.496017,18.513863,18.620857,18.781090,18.905502,19.153755,18.727722,18.798882,18.727722,19.136055,18.905502,18.869980,18.834435,18.869980,18.869980,18.798882,18.745514,19.295280,18.905502,19.047462,19.011993,18.709923,18.709923,18.620857,18.798882,18.513863,18.923264,18.656494,18.798882,18.585213,18.834435,18.834435,18.084496,18.709923,18.816666,18.887749,18.620857,18.370995,18.388855,18.976524,18.781090,18.781090,18.585213,18.692123,18.745514,18.798882,18.727722,18.816666,18.923264,18.834435,18.781090,18.335236,18.852211,18.585213,18.335236,18.567383,18.549545,18.496017,18.513863,18.227867,18.567383,18.227867,18.281563,17.940880,18.066551,18.496017,18.209953,18.692123,18.335236,18.102425,18.353111,18.745514,18.209953,18.513863,18.442459,18.370995,18.460312,18.353111,18.174133,18.299454,18.674309,18.370995,18.227867,18.370995,18.120361,18.281563,18.227867,18.227867,18.102425,18.048607,18.156204,18.585213,18.834435,18.120361,18.335236,18.406731,18.030663,18.317345,18.030663,17.994759,17.940880,18.102425,18.138290,18.102425,18.496017,18.263664,18.245766,18.048607,17.670921,18.370995,18.012718,18.370995,17.833000,18.030663,17.922905,18.120361,17.833000,18.192039,18.513863,18.048607,18.209953,17.634865,18.066551,18.030663,18.281563,17.940880,17.815002,17.850990,17.958839,18.084496,17.688942,17.886955,17.868965,18.245766,17.886955,18.156204,18.388855,18.227867,17.833000,18.030663,17.958839,17.886955,17.833000,18.156204,17.797005,18.084496,17.761002,17.779015,17.994759,17.797005,17.472412,18.227867,18.102425,18.120361,17.904930,17.994759,17.904930,18.084496,17.940880,17.454338,17.779015,17.922905,17.868965,17.886955,18.012718,17.850990,17.761002,17.850990,18.263664,18.084496,17.886955,18.084496,17.706970,18.048607,17.706970,17.833000,17.850990,17.724983,17.237198,17.508537,17.652901,17.779015,17.742996,18.102425,17.327736,17.706970,17.724983,17.128418,17.706970,18.030663,17.868965,17.652901,17.833000,17.724983,18.102425,17.418190,18.030663,17.815002,17.634865,17.400101,17.309639,17.526596,17.706970,17.850990,17.904930,17.904930,17.652901,17.526596,17.580750,17.886955,17.544655,18.245766,17.922905,17.472412,18.192039,17.670921,17.598785,17.815002,18.084496,17.797005,17.472412,17.526596,17.526596,17.742996,18.102425,17.761002,17.797005,17.868965,17.940880,17.255310,17.255310,17.454338,17.797005,17.779015,17.797005,17.526596,17.779015,17.706970,17.652901,17.472412,17.436272,17.073982,17.291534,17.436272,17.382019,17.724983,17.724983,17.598785,17.922905,17.670921,17.580750,17.922905,17.580750,18.156204,17.850990,17.309639,17.092117,17.868965,17.652901,17.688942,17.327736,17.652901,17.490471,17.922905,17.526596,17.761002,17.544655,17.345833,17.994759,17.037659,17.436272,17.472412,17.976807,17.580750,17.544655,17.454338,17.418190,17.382019,17.598785,17.598785,17.255310,17.850990,17.562698,17.833000,17.634865,18.353111,17.688942,17.994759,18.156204,17.526596,17.940880,17.868965,18.281563,17.706970,18.030663,18.209953,17.850990,18.549545,17.904930,18.174133,18.442459,18.066551,18.406731,18.781090,18.084496,18.174133,18.692123,18.209953,18.567383,18.174133,18.335236,18.370995,18.478165,18.585213,18.066551,17.976807,18.281563,18.281563,18.102425,18.388855,17.850990,18.620857,18.727722,18.084496,18.174133,18.567383,18.030663,18.263664,18.388855,18.852211,18.656494,18.299454,18.567383,18.370995,18.066551,18.370995,17.886955,18.567383,18.048607,18.281563,17.761002,18.370995,17.994759,17.815002,17.508537,18.156204,18.012718,17.508537,17.634865,17.562698,17.815002,17.382019,17.418190,17.616829,17.273430,17.110275,17.001335,16.344765,16.710136,16.069710,15.720085,15.646294,15.572441,15.109489,15.257896,14.737404,14.138817,14.793312,14.718750,14.830566,14.811943,14.998024,14.886414,15.090919,14.662788,14.606796,14.625465,14.830566,14.588127,14.569450,14.774681,14.363747,14.438606,14.082504,13.838051,14.176346,14.401184,14.382469,14.251350,14.044937,13.969765,13.762703,14.419891,14.007355,13.932144,14.007355,14.101280,14.044937,13.800392,13.838051,14.044937,14.026146,13.838051,14.063721,13.800392,14.138817,14.082504,13.649567,13.403954,13.668427,13.687294,12.548721,12.338478,
15.922668,16.728371,16.655434,16.051353,16.801247,16.874062,16.491104,16.874062,16.928627,17.182823,16.545914,16.691910,16.746590,16.673668,16.509377,16.618950,17.327736,16.983162,16.673668,17.019493,16.728371,16.837654,17.037659,17.164696,17.164696,16.892258,17.382019,16.564171,17.418190,16.892258,17.110275,16.801247,17.309639,17.128418,17.273430,17.001335,16.964989,17.092117,17.237198,16.964989,17.382019,17.309639,17.345833,16.892258,17.019493,16.946808,17.237198,17.001335,16.582436,17.291534,17.363930,17.345833,17.526596,17.634865,16.801247,17.670921,17.146553,17.436272,17.634865,17.327736,17.092117,17.001335,17.490471,16.928627,17.182823,16.928627,17.146553,16.673668,17.164696,17.273430,17.182823,17.237198,17.019493,16.983162,17.182823,16.874062,16.928627,17.237198,16.928627,17.146553,17.508537,17.092117,17.237198,17.436272,16.874062,17.019493,17.291534,17.237198,17.182823,17.146553,17.182823,16.983162,17.219078,17.580750,17.616829,17.688942,17.400101,17.598785,17.526596,17.616829,17.580750,17.544655,17.797005,17.886955,17.652901,17.652901,17.670921,17.670921,17.544655,17.652901,17.742996,18.066551,17.886955,17.309639,17.922905,17.688942,17.904930,17.742996,17.508537,17.779015,17.940880,18.012718,17.598785,17.472412,18.048607,17.616829,17.904930,17.958839,17.850990,17.670921,17.833000,17.922905,18.066551,18.048607,17.562698,17.706970,18.192039,17.922905,18.030663,17.490471,17.868965,17.345833,17.724983,17.670921,17.904930,17.833000,18.012718,17.904930,17.904930,17.688942,18.066551,18.030663,18.048607,17.418190,18.138290,17.833000,17.976807,18.299454,17.797005,18.120361,18.335236,17.976807,18.299454,18.353111,18.120361,18.192039,18.120361,18.317345,18.030663,18.798882,18.406731,18.066551,18.012718,18.174133,18.030663,18.084496,18.263664,17.994759,18.299454,18.102425,18.227867,17.779015,18.620857,18.138290,18.120361,18.084496,18.245766,18.084496,18.478165,18.281563,18.209953,18.263664,18.281563,18.388855,18.496017,18.941017,18.513863,18.335236,18.852211,18.209953,18.138290,18.585213,17.940880,18.424599,18.388855,18.781090,18.727722,18.603035,18.994255,18.745514,18.638680,18.674309,18.531708,18.852211,19.118340,18.496017,18.941017,18.478165,18.442459,18.745514,19.047462,18.603035,18.620857,18.798882,18.727722,18.370995,18.245766,18.478165,18.531708,18.353111,18.603035,18.478165,18.781090,18.424599,18.549545,18.798882,19.011993,18.816666,18.958771,18.585213,19.136055,18.834435,18.620857,18.923264,18.816666,18.994255,19.100624,18.549545,19.011993,18.852211,18.603035,18.496017,18.692123,18.692123,18.763306,18.727722,18.603035,18.781090,18.656494,18.460312,18.281563,18.692123,18.692123,18.709923,18.370995,18.531708,18.531708,18.745514,18.798882,18.638680,18.763306,18.834435,19.118340,18.388855,18.585213,18.549545,18.353111,18.763306,18.460312,18.638680,18.869980,18.513863,18.905502,18.442459,18.887749,18.852211,17.868965,18.245766,18.353111,18.209953,18.281563,18.066551,18.353111,18.281563,18.227867,18.245766,18.227867,18.478165,18.263664,18.388855,18.192039,18.478165,18.227867,18.406731,18.388855,18.138290,18.245766,18.478165,18.353111,18.335236,18.174133,18.281563,18.370995,18.245766,18.388855,18.406731,18.442459,18.281563,18.156204,18.084496,18.138290,18.156204,18.030663,18.066551,17.904930,18.370995,17.922905,18.138290,18.370995,17.779015,18.638680,18.281563,18.335236,17.958839,18.317345,18.263664,18.674309,18.317345,17.815002,18.120361,17.922905,17.850990,17.994759,17.291534,17.994759,18.227867,17.833000,17.761002,18.102425,18.192039,18.299454,17.886955,17.940880,18.192039,17.742996,17.779015,17.886955,17.815002,18.084496,18.263664,17.868965,17.797005,18.388855,17.418190,18.084496,17.761002,18.120361,17.544655,18.066551,18.120361,17.815002,17.833000,18.012718,17.706970,18.048607,17.598785,17.850990,18.066551,17.958839,18.138290,17.761002,18.102425,18.120361,17.761002,17.634865,18.209953,18.263664,17.742996,17.922905,17.850990,17.724983,17.761002,18.192039,17.904930,17.868965,17.779015,18.048607,17.652901,18.156204,18.120361,17.670921,17.526596,17.815002,17.761002,17.850990,17.544655,17.670921,17.724983,17.797005,17.652901,17.994759,17.958839,17.598785,17.652901,17.815002,17.815002,17.922905,18.030663,17.976807,17.958839,18.030663,17.652901,17.688942,17.886955,17.815002,17.688942,18.012718,17.652901,17.833000,17.580750,17.815002,17.886955,17.291534,17.940880,17.454338,18.084496,17.850990,17.562698,17.994759,17.634865,17.868965,17.562698,17.490471,17.508537,17.833000,17.815002,17.850990,17.724983,17.940880,17.904930,17.598785,17.436272,17.815002,17.634865,17.976807,17.237198,18.048607,17.724983,17.976807,17.634865,17.508537,17.670921,17.761002,18.012718,17.670921,17.922905,17.815002,17.526596,17.490471,17.544655,17.797005,17.652901,17.580750,17.073982,17.580750,17.544655,17.850990,17.508537,17.634865,17.850990,17.634865,17.544655,17.508537,17.544655,17.724983,17.724983,16.928627,17.886955,17.616829,17.001335,17.886955,17.634865,17.940880,17.454338,17.345833,17.363930,17.454338,17.382019,17.742996,17.761002,17.273430,17.418190,17.526596,17.580750,17.400101,17.200951,17.652901,17.219078,17.761002,18.156204,17.580750,18.102425,17.761002,17.868965,18.120361,17.580750,17.706970,17.868965,17.886955,18.192039,18.120361,17.958839,18.620857,18.102425,17.634865,17.922905,18.370995,18.424599,18.263664,18.496017,18.120361,17.940880,18.781090,18.192039,18.567383,18.209953,18.620857,18.281563,18.066551,18.174133,18.245766,18.066551,18.549545,18.638680,17.994759,18.227867,18.406731,18.174133,18.513863,18.281563,18.335236,18.869980,17.904930,18.442459,18.299454,18.442459,18.763306,18.603035,18.120361,18.442459,18.227867,18.620857,18.209953,18.209953,18.066551,18.442459,18.353111,17.761002,18.406731,17.634865,17.850990,18.317345,17.724983,17.562698,17.833000,17.688942,17.779015,17.472412,17.688942,17.255310,17.073982,16.855865,17.490471,17.001335,16.618950,16.545914,16.253181,16.691910,15.517014,15.443062,14.942238,14.737404,14.532082,14.681450,14.849190,14.550774,14.662788,14.681450,15.053780,14.867805,14.588127,14.438606,14.960838,14.532082,14.737404,14.513397,14.232613,14.270103,14.270103,14.494698,14.382469,14.326302,14.195114,14.232613,14.120049,14.063721,14.007355,13.969765,14.625465,14.288834,14.382469,14.063721,14.063721,14.101280,13.422867,13.611824,13.950951,14.213860,13.725006,13.366112,13.366112,13.932144,13.838051,13.988556,13.479599,13.195625,13.687294,13.252487,13.309326,12.567825,
15.977844,16.600693,16.454536,16.946808,16.454536,16.161499,16.691910,16.673668,17.092117,16.964989,17.182823,16.600693,17.001335,16.764816,16.436256,16.417961,17.291534,16.819458,17.001335,16.946808,16.746590,17.182823,17.164696,17.291534,17.182823,16.746590,17.055817,16.710136,16.691910,17.291534,17.345833,16.910439,17.670921,16.728371,17.019493,17.092117,17.309639,16.582436,17.454338,16.746590,16.983162,17.219078,16.728371,16.764816,16.946808,16.983162,16.673668,17.544655,17.382019,17.092117,17.200951,16.874062,17.634865,17.073982,17.219078,17.146553,17.255310,17.580750,17.454338,16.874062,17.345833,17.001335,17.400101,17.200951,17.327736,17.182823,17.164696,16.910439,17.291534,16.892258,16.928627,16.783035,17.382019,17.164696,17.237198,17.291534,17.237198,17.309639,17.219078,17.110275,17.742996,17.219078,17.073982,16.946808,17.382019,17.146553,17.073982,17.616829,17.526596,17.761002,16.910439,17.833000,17.797005,17.454338,17.382019,17.291534,17.327736,17.436272,17.436272,17.309639,17.688942,17.779015,17.815002,17.742996,17.128418,17.580750,17.526596,18.138290,17.200951,17.724983,17.616829,18.174133,18.138290,17.363930,17.815002,17.345833,17.761002,17.706970,17.688942,17.436272,17.182823,18.156204,18.012718,17.886955,17.850990,17.418190,17.742996,17.652901,17.724983,17.904930,17.724983,17.688942,17.904930,17.815002,17.688942,18.048607,17.833000,17.904930,18.048607,17.940880,17.797005,17.850990,18.048607,17.797005,17.382019,17.940880,18.084496,18.209953,17.670921,17.886955,17.904930,17.958839,18.174133,17.797005,17.922905,17.904930,18.120361,17.580750,18.281563,18.317345,18.030663,18.084496,17.886955,17.815002,18.084496,17.634865,18.299454,18.353111,18.335236,18.335236,18.424599,18.084496,17.940880,18.138290,18.370995,18.281563,18.406731,18.335236,18.120361,18.281563,18.102425,18.030663,18.048607,18.245766,18.585213,18.156204,18.174133,18.030663,18.066551,17.850990,18.549545,18.353111,18.138290,18.138290,18.138290,18.353111,18.478165,18.353111,18.388855,18.299454,18.281563,18.531708,18.692123,18.442459,18.763306,18.709923,18.816666,18.798882,18.406731,18.620857,18.478165,18.531708,18.852211,18.781090,18.567383,19.029732,18.923264,18.513863,18.674309,18.923264,18.834435,18.585213,19.065178,18.692123,18.798882,18.638680,18.638680,18.567383,18.852211,18.994255,18.692123,18.852211,18.976524,18.727722,18.781090,18.549545,18.745514,18.763306,18.692123,18.442459,18.834435,19.100624,18.976524,18.798882,18.798882,18.869980,18.834435,18.585213,18.496017,19.082909,19.189156,18.656494,18.994255,18.424599,18.923264,18.567383,18.549545,18.585213,18.674309,18.353111,18.263664,18.603035,18.781090,18.567383,18.370995,18.727722,18.958771,18.638680,18.905502,18.994255,18.209953,18.585213,19.011993,18.709923,19.171471,18.923264,18.656494,18.887749,18.603035,18.674309,18.674309,18.442459,18.370995,18.317345,18.156204,18.192039,18.335236,18.496017,18.335236,18.281563,18.620857,18.263664,18.567383,18.263664,18.478165,18.299454,18.335236,18.496017,18.317345,18.317345,18.478165,18.102425,18.192039,18.174133,18.245766,18.209953,18.227867,18.066551,18.245766,18.513863,18.496017,18.406731,18.066551,18.406731,18.513863,18.192039,18.335236,18.048607,18.192039,18.209953,18.299454,18.192039,17.454338,18.048607,18.048607,18.192039,18.174133,18.174133,18.388855,18.227867,18.209953,18.138290,18.120361,17.994759,18.030663,17.670921,18.263664,17.994759,18.209953,17.922905,17.868965,18.227867,18.048607,17.886955,17.797005,18.245766,17.688942,18.174133,18.281563,17.850990,17.850990,18.102425,18.030663,17.833000,18.192039,18.192039,18.227867,18.066551,18.263664,17.706970,17.886955,17.761002,17.724983,18.102425,18.138290,17.670921,17.994759,18.156204,18.317345,18.030663,17.724983,18.030663,18.317345,18.120361,17.616829,17.976807,17.940880,18.174133,17.976807,18.012718,18.317345,17.904930,17.850990,18.066551,18.048607,18.209953,17.958839,18.030663,17.797005,17.833000,18.048607,17.850990,17.797005,17.815002,17.815002,18.120361,17.526596,17.886955,18.192039,17.508537,17.904930,17.868965,17.868965,17.868965,18.084496,17.779015,17.779015,17.706970,17.886955,17.670921,17.418190,17.345833,17.994759,17.382019,17.273430,17.706970,17.418190,18.174133,17.976807,17.652901,17.994759,17.850990,17.904930,17.886955,17.688942,18.102425,17.958839,17.940880,17.309639,17.598785,17.562698,17.904930,17.670921,17.958839,17.761002,17.472412,18.012718,18.263664,18.048607,17.616829,17.761002,17.724983,17.345833,18.192039,17.868965,17.363930,17.652901,17.815002,17.219078,17.562698,17.886955,18.030663,17.958839,17.291534,17.580750,17.922905,17.779015,17.922905,17.400101,17.616829,17.833000,17.580750,17.724983,18.048607,17.544655,17.742996,17.526596,17.345833,17.652901,17.309639,17.815002,17.742996,17.454338,17.454338,17.634865,17.526596,17.616829,17.291534,17.833000,17.670921,17.345833,17.724983,17.400101,17.382019,17.273430,17.291534,17.382019,17.922905,17.327736,17.706970,18.066551,17.200951,18.066551,17.382019,17.688942,17.742996,17.436272,17.490471,17.779015,17.345833,17.940880,17.598785,17.182823,18.120361,17.652901,17.742996,17.544655,17.634865,17.815002,17.779015,17.724983,17.616829,17.345833,17.688942,18.227867,18.299454,18.442459,18.102425,18.281563,17.779015,18.299454,18.209953,17.886955,18.209953,18.156204,18.478165,18.012718,18.513863,18.263664,18.656494,18.335236,18.192039,18.299454,17.490471,18.798882,18.567383,18.299454,18.370995,18.263664,18.656494,18.638680,18.245766,18.388855,18.174133,18.012718,18.192039,18.048607,18.066551,18.030663,18.656494,18.370995,18.156204,18.227867,18.263664,18.209953,18.727722,18.852211,18.353111,18.120361,17.976807,17.940880,17.850990,17.868965,18.030663,18.263664,18.102425,18.478165,18.102425,17.815002,17.940880,18.192039,17.526596,17.508537,17.779015,17.742996,17.706970,17.976807,17.508537,17.742996,17.706970,17.850990,17.327736,16.564171,16.783035,16.582436,16.179840,16.234848,15.922668,15.664742,15.220818,15.109489,14.793312,15.053780,14.176346,14.737404,14.830566,14.644127,14.811943,14.811943,14.737404,15.350533,14.979439,14.774681,14.662788,14.326302,14.737404,14.213860,14.849190,14.438606,13.649567,14.662788,14.157593,14.326302,14.176346,14.270103,14.270103,14.419891,13.479599,14.007355,13.950951,14.811943,13.856880,14.438606,13.706154,13.536285,13.309326,13.838051,13.969765,13.932144,13.875710,14.063721,13.517403,14.232613,13.630692,13.536285,13.100769,13.630692,13.024826,13.498497,12.395866,
15.498535,16.746590,17.073982,16.837654,16.234848,16.399666,16.673668,16.783035,16.436256,17.073982,16.746590,16.783035,16.837654,17.037659,17.146553,16.509377,16.764816,16.801247,17.273430,16.783035,16.655434,16.819458,16.946808,16.928627,16.855865,17.400101,16.819458,17.634865,16.637184,17.182823,17.182823,16.983162,16.855865,16.964989,17.019493,16.983162,16.964989,17.001335,16.928627,17.200951,16.509377,17.055817,17.309639,16.728371,16.764816,17.255310,17.418190,17.128418,17.255310,17.309639,17.146553,16.874062,17.544655,17.200951,16.892258,16.964989,16.964989,16.946808,17.436272,17.580750,16.673668,17.490471,16.983162,17.200951,17.073982,16.983162,17.454338,16.928627,16.964989,16.946808,17.580750,17.327736,16.964989,16.564171,17.363930,17.110275,17.255310,16.946808,17.146553,17.237198,17.128418,17.652901,17.868965,17.454338,17.309639,17.037659,17.128418,17.400101,17.345833,17.580750,17.237198,17.001335,17.706970,17.833000,17.073982,17.742996,17.544655,17.706970,17.598785,17.273430,17.688942,17.327736,17.833000,17.940880,17.761002,17.994759,17.634865,17.688942,17.526596,17.634865,17.652901,17.363930,17.976807,17.580750,17.092117,17.833000,17.580750,17.652901,17.670921,17.724983,17.994759,17.994759,17.958839,17.779015,17.345833,17.706970,17.418190,17.164696,18.209953,17.833000,18.066551,17.634865,17.797005,17.562698,17.850990,17.472412,17.958839,17.598785,17.833000,17.580750,17.580750,18.012718,17.742996,17.742996,17.958839,17.742996,17.779015,17.562698,17.850990,17.815002,17.688942,17.833000,18.012718,17.850990,18.084496,17.976807,18.030663,17.742996,17.850990,17.868965,18.245766,18.370995,18.531708,18.084496,18.174133,18.030663,18.496017,18.066551,18.209953,17.868965,18.549545,17.976807,18.066551,18.388855,18.209953,18.030663,18.066551,18.030663,17.940880,17.833000,18.281563,18.192039,18.120361,18.012718,18.084496,18.406731,18.585213,18.120361,18.370995,18.263664,18.692123,18.370995,18.317345,18.406731,18.442459,18.460312,18.585213,18.406731,18.353111,18.120361,18.192039,18.245766,18.227867,18.048607,18.299454,18.156204,18.549545,18.513863,18.638680,18.585213,18.763306,18.620857,18.763306,18.442459,18.674309,18.656494,18.585213,18.567383,18.478165,18.656494,18.692123,19.153755,18.781090,18.692123,18.567383,18.869980,18.478165,18.763306,18.745514,19.011993,18.496017,18.852211,18.603035,18.816666,18.941017,18.245766,18.727722,19.047462,19.011993,18.727722,18.567383,19.029732,18.816666,18.869980,18.958771,18.816666,18.709923,18.994255,18.727722,18.905502,19.011993,18.567383,18.353111,18.798882,18.478165,19.136055,18.763306,18.567383,18.585213,18.692123,18.120361,18.209953,18.442459,18.798882,18.745514,18.531708,18.869980,18.496017,18.567383,18.281563,19.065178,18.781090,18.923264,18.656494,18.834435,18.834435,18.709923,18.460312,19.153755,18.692123,18.727722,18.442459,18.781090,18.763306,18.388855,18.370995,18.478165,18.120361,18.478165,18.478165,17.868965,18.227867,18.370995,18.227867,18.263664,18.442459,18.353111,18.209953,18.798882,18.281563,18.442459,18.174133,18.567383,18.513863,18.585213,18.209953,18.299454,18.424599,18.460312,18.174133,18.227867,18.156204,18.209953,18.281563,18.781090,18.388855,18.513863,18.299454,18.549545,18.227867,18.281563,17.922905,18.209953,17.922905,18.388855,18.245766,17.976807,18.048607,18.192039,18.048607,18.102425,18.227867,17.976807,18.066551,17.976807,18.066551,18.478165,17.958839,18.156204,18.030663,17.868965,17.868965,18.299454,18.066551,18.030663,17.706970,17.940880,17.724983,18.442459,17.868965,18.299454,17.562698,17.886955,18.120361,18.192039,18.030663,18.335236,17.779015,17.958839,18.281563,18.281563,17.850990,17.815002,18.156204,17.779015,18.066551,17.994759,17.994759,18.496017,17.868965,18.281563,17.904930,18.048607,18.174133,18.478165,17.922905,18.138290,17.815002,17.976807,17.868965,18.156204,18.084496,18.156204,17.815002,18.138290,17.815002,17.472412,17.544655,18.281563,18.281563,18.192039,18.030663,18.353111,18.012718,17.904930,17.779015,18.281563,17.886955,17.742996,18.138290,17.833000,17.742996,18.227867,17.815002,17.761002,17.868965,18.084496,17.815002,18.030663,17.472412,17.958839,17.958839,17.779015,18.066551,18.066551,17.922905,18.066551,17.779015,18.281563,18.102425,17.490471,17.418190,17.797005,17.382019,17.688942,17.634865,17.652901,17.706970,17.724983,17.922905,17.562698,18.156204,17.400101,18.048607,17.850990,17.706970,17.833000,17.742996,17.706970,17.508537,17.418190,17.904930,17.544655,18.227867,17.598785,17.670921,17.742996,17.562698,17.886955,18.156204,17.724983,17.904930,17.815002,17.868965,17.652901,17.761002,17.327736,17.779015,17.544655,17.797005,17.670921,17.418190,18.496017,17.724983,17.724983,17.562698,17.706970,17.815002,17.940880,18.066551,17.904930,17.616829,18.030663,17.652901,17.850990,17.562698,18.030663,17.779015,17.904930,17.706970,17.886955,17.400101,17.544655,17.219078,17.598785,17.797005,17.562698,18.549545,17.598785,17.940880,17.562698,17.724983,17.562698,17.544655,17.886955,17.742996,17.146553,17.779015,17.976807,17.345833,17.670921,17.688942,17.616829,17.815002,17.742996,17.472412,17.436272,17.886955,18.084496,17.544655,17.544655,17.976807,17.886955,18.102425,17.526596,17.544655,18.066551,18.317345,18.030663,18.102425,17.904930,17.904930,17.958839,17.976807,18.174133,18.192039,17.922905,18.120361,17.706970,18.012718,18.012718,18.567383,18.317345,18.567383,18.406731,17.994759,18.424599,18.478165,17.922905,17.994759,18.460312,17.958839,18.012718,17.742996,18.174133,18.478165,18.281563,18.388855,18.603035,18.174133,18.263664,18.299454,18.406731,18.192039,18.603035,18.531708,18.281563,18.335236,18.138290,18.638680,18.263664,18.174133,18.066551,17.797005,18.138290,18.442459,18.192039,17.797005,18.442459,17.779015,18.174133,17.940880,17.616829,18.174133,17.110275,17.850990,17.382019,17.797005,17.652901,17.001335,17.706970,16.874062,17.309639,17.255310,16.783035,15.941071,15.996223,15.922668,15.756950,14.830566,14.867805,15.146614,15.146614,14.737404,14.942238,14.756035,14.811943,14.905037,14.830566,15.350533,14.774681,15.165176,14.438606,15.072350,14.326302,14.532082,14.550774,14.382469,14.774681,14.082504,14.101280,14.438606,14.718750,14.345024,14.345024,13.969765,13.856880,13.838051,14.157593,14.063721,14.251350,14.101280,13.950951,14.288834,14.513397,13.800392,14.251350,13.913338,13.592949,13.838051,13.441788,13.385033,13.385033,13.668427,13.403954,13.403954,13.592949,13.611824,13.328255,12.796600,
15.849052,17.128418,16.399666,16.600693,16.819458,16.691910,16.801247,17.001335,16.381371,16.783035,16.819458,16.600693,16.764816,17.255310,16.819458,16.946808,17.055817,16.874062,16.673668,17.598785,17.055817,17.544655,17.182823,16.618950,16.801247,16.910439,16.928627,16.417961,17.055817,16.618950,17.454338,17.110275,17.146553,17.200951,17.055817,17.110275,17.200951,16.618950,17.400101,17.182823,16.964989,17.273430,16.710136,17.219078,17.164696,16.892258,17.291534,17.200951,17.345833,17.418190,16.946808,17.110275,17.073982,17.598785,17.382019,17.616829,17.526596,17.273430,17.073982,16.983162,17.273430,17.110275,17.454338,17.436272,17.110275,16.983162,17.110275,17.436272,17.616829,17.001335,17.092117,16.819458,17.345833,17.598785,17.146553,16.964989,17.037659,17.634865,17.400101,17.073982,17.219078,17.508537,17.309639,17.019493,17.562698,17.309639,17.200951,17.237198,17.580750,17.055817,17.454338,17.382019,17.219078,17.508537,17.598785,17.436272,17.670921,17.327736,17.616829,17.454338,17.345833,18.066551,17.688942,17.976807,17.219078,17.634865,17.580750,17.454338,17.526596,17.797005,17.724983,17.616829,18.245766,17.652901,17.761002,17.724983,17.291534,17.779015,17.797005,18.353111,17.922905,17.761002,17.868965,17.940880,17.688942,17.994759,17.724983,17.580750,17.761002,17.652901,17.815002,17.976807,17.616829,17.958839,17.436272,17.706970,17.922905,17.634865,17.833000,17.958839,17.850990,18.066551,17.868965,17.994759,17.833000,17.958839,18.120361,17.742996,17.904930,17.850990,17.868965,17.886955,17.886955,17.976807,17.940880,17.904930,17.976807,17.779015,17.868965,17.815002,18.174133,18.156204,18.263664,18.263664,18.317345,18.209953,18.263664,18.478165,18.317345,18.048607,18.174133,18.406731,18.156204,18.585213,18.531708,17.797005,17.958839,18.335236,18.084496,18.209953,18.406731,18.353111,18.299454,17.742996,18.030663,18.353111,18.727722,18.138290,18.227867,18.353111,18.460312,18.227867,18.478165,18.709923,18.478165,18.192039,17.940880,18.120361,18.263664,18.012718,18.745514,18.567383,18.869980,18.353111,18.299454,18.460312,18.727722,18.745514,18.156204,18.869980,18.709923,18.887749,18.781090,19.136055,18.531708,18.745514,19.189156,18.513863,18.727722,18.460312,18.709923,18.869980,18.869980,18.816666,18.905502,18.656494,18.549545,19.029732,18.335236,18.424599,18.941017,18.709923,18.869980,18.692123,18.620857,18.869980,18.763306,18.603035,18.478165,18.763306,18.656494,18.941017,18.496017,18.727722,18.958771,18.567383,19.011993,18.763306,18.976524,18.585213,19.312950,18.638680,18.923264,18.709923,19.171471,18.656494,18.852211,18.905502,19.011993,18.496017,19.118340,18.460312,18.692123,18.603035,18.727722,18.763306,19.136055,18.745514,18.281563,18.692123,18.923264,18.923264,18.620857,18.798882,18.656494,18.692123,18.585213,19.136055,18.923264,18.442459,18.727722,18.227867,18.245766,18.496017,18.905502,18.442459,17.815002,18.245766,18.192039,18.460312,18.156204,18.442459,18.156204,18.227867,18.620857,18.406731,18.174133,18.424599,18.406731,18.603035,18.156204,18.424599,18.406731,18.174133,18.174133,18.227867,18.709923,17.994759,18.585213,18.174133,18.388855,18.209953,18.317345,18.406731,18.281563,18.638680,18.406731,18.478165,18.513863,18.370995,18.138290,18.174133,18.102425,18.120361,18.335236,18.192039,18.066551,18.406731,17.886955,17.958839,18.012718,18.263664,18.317345,17.976807,17.904930,18.174133,18.012718,18.317345,18.317345,17.634865,18.030663,17.886955,18.102425,18.156204,17.976807,18.048607,17.706970,18.263664,18.120361,17.688942,17.940880,17.761002,17.761002,17.850990,17.886955,18.227867,18.335236,18.102425,18.192039,17.994759,18.156204,18.156204,18.245766,18.138290,18.281563,17.797005,18.406731,18.030663,18.192039,17.994759,18.102425,17.688942,18.299454,17.976807,18.174133,17.868965,18.370995,18.209953,17.868965,18.209953,18.281563,17.994759,18.156204,18.084496,17.886955,17.976807,18.192039,18.048607,17.886955,17.797005,18.227867,17.797005,17.886955,17.724983,17.868965,17.797005,18.299454,17.886955,18.030663,17.904930,18.030663,17.724983,17.976807,18.030663,17.904930,17.761002,18.084496,18.012718,17.833000,18.066551,17.940880,18.030663,18.245766,17.922905,17.940880,18.120361,17.833000,17.833000,17.976807,18.066551,17.616829,17.273430,17.976807,17.472412,17.922905,17.994759,17.616829,17.073982,17.904930,17.833000,17.598785,17.742996,18.030663,17.670921,17.526596,17.815002,17.922905,17.958839,17.472412,17.724983,17.976807,17.634865,17.652901,18.012718,17.868965,17.454338,17.526596,17.616829,17.797005,18.192039,18.174133,17.886955,17.833000,17.562698,17.363930,17.833000,17.940880,17.688942,17.688942,18.048607,17.904930,17.958839,17.724983,17.850990,18.102425,17.742996,17.580750,17.580750,17.544655,17.797005,17.850990,17.761002,17.598785,17.400101,17.976807,17.562698,17.580750,18.138290,17.110275,17.922905,17.868965,17.598785,17.994759,17.652901,17.850990,17.761002,17.490471,17.922905,17.688942,17.526596,17.761002,17.454338,17.544655,17.886955,17.526596,17.580750,17.904930,17.073982,17.436272,17.544655,17.742996,17.616829,18.138290,17.761002,17.562698,17.761002,17.724983,17.219078,17.670921,17.670921,17.472412,17.580750,18.048607,17.797005,18.138290,17.706970,18.245766,18.084496,18.192039,18.084496,17.688942,18.245766,18.120361,17.544655,18.245766,18.245766,18.209953,18.012718,18.745514,18.156204,18.603035,17.922905,18.478165,17.544655,18.245766,18.263664,18.245766,18.048607,18.460312,18.102425,18.281563,18.549545,18.531708,17.850990,18.245766,18.299454,18.424599,18.317345,18.442459,18.370995,18.263664,17.670921,18.709923,18.299454,18.353111,17.940880,18.478165,18.424599,18.603035,17.976807,18.353111,18.281563,18.442459,18.227867,18.012718,18.102425,18.227867,18.192039,18.406731,17.868965,17.580750,17.255310,17.634865,17.706970,17.904930,17.508537,17.833000,18.192039,17.904930,17.400101,17.291534,17.128418,17.255310,16.417961,15.996223,16.032974,16.106438,16.161499,15.775375,15.553970,15.072350,14.998024,14.737404,14.007355,14.700096,14.569450,14.419891,14.550774,14.700096,14.849190,14.923637,14.849190,15.313492,14.588127,14.644127,14.811943,14.438606,14.401184,14.419891,14.588127,14.606796,14.213860,14.195114,14.326302,13.838051,14.923637,14.625465,14.513397,14.120049,13.668427,13.988556,13.819221,14.082504,13.706154,13.800392,13.781540,14.419891,13.856880,13.743858,13.498497,14.082504,13.574066,14.120049,14.063721,13.119759,13.498497,13.252487,13.875710,12.910774,13.366112,
15.959457,16.399666,16.582436,17.110275,16.874062,16.928627,16.216530,17.128418,16.837654,16.819458,16.527649,16.783035,17.182823,16.673668,16.928627,16.637184,17.164696,16.801247,16.728371,16.892258,16.783035,16.618950,17.182823,17.001335,16.964989,16.618950,16.874062,17.291534,17.544655,16.746590,17.164696,17.110275,17.688942,16.527649,17.001335,16.582436,16.874062,17.001335,16.691910,17.616829,16.964989,17.219078,17.345833,17.073982,17.219078,16.855865,17.418190,17.219078,17.128418,17.418190,16.710136,17.200951,17.255310,17.219078,17.237198,17.019493,17.019493,17.327736,17.110275,17.327736,17.779015,17.200951,16.928627,17.526596,17.291534,16.892258,16.910439,17.219078,17.219078,17.182823,17.454338,17.110275,17.110275,17.237198,17.219078,16.746590,17.309639,17.363930,17.037659,17.291534,17.363930,17.110275,17.797005,17.436272,17.706970,16.983162,17.779015,17.164696,17.526596,17.200951,17.400101,17.706970,17.382019,17.237198,17.291534,17.616829,17.219078,17.761002,17.688942,17.508537,17.815002,17.779015,17.544655,17.508537,18.012718,17.634865,18.012718,17.616829,17.616829,17.562698,18.066551,17.454338,17.742996,18.192039,17.904930,17.454338,17.761002,17.904930,17.958839,18.066551,17.833000,17.652901,17.850990,17.940880,18.138290,17.724983,17.761002,17.616829,17.922905,17.761002,18.066551,18.102425,17.922905,17.598785,18.192039,17.779015,17.940880,17.922905,17.742996,17.797005,18.174133,18.012718,18.084496,17.436272,18.120361,17.652901,17.562698,18.138290,17.670921,17.868965,17.779015,18.066551,18.478165,17.761002,17.833000,18.156204,18.370995,17.868965,18.138290,17.940880,17.850990,17.922905,18.263664,18.353111,18.460312,18.156204,18.585213,18.174133,18.370995,18.585213,18.084496,18.209953,18.388855,18.066551,18.388855,18.227867,18.335236,17.815002,18.120361,18.245766,18.585213,18.084496,18.156204,18.048607,18.263664,18.174133,18.299454,18.317345,18.227867,18.442459,18.549545,18.603035,18.156204,18.388855,18.496017,18.299454,18.603035,18.442459,18.442459,18.192039,18.424599,18.798882,18.674309,18.869980,18.638680,18.656494,18.692123,18.299454,18.353111,18.834435,18.745514,18.976524,19.206863,19.224541,18.941017,18.869980,18.692123,18.674309,18.674309,18.834435,18.603035,18.709923,19.348289,18.852211,18.763306,18.442459,18.620857,18.245766,18.941017,18.692123,18.976524,18.763306,18.923264,18.084496,18.941017,18.798882,18.905502,18.656494,18.513863,18.638680,18.798882,18.424599,18.745514,18.709923,19.100624,18.834435,19.029732,19.259926,18.887749,18.834435,18.727722,18.567383,18.834435,18.656494,18.834435,18.798882,18.994255,18.905502,18.941017,19.100624,18.869980,18.603035,18.798882,18.727722,19.047462,18.674309,18.852211,18.834435,18.638680,18.727722,18.887749,18.656494,18.781090,19.100624,18.674309,18.994255,18.976524,18.869980,18.763306,18.923264,18.442459,18.905502,18.603035,18.585213,18.656494,18.923264,19.011993,18.674309,18.442459,18.549545,18.048607,18.513863,18.317345,18.317345,18.709923,18.388855,18.603035,17.940880,18.674309,18.353111,18.531708,18.513863,18.335236,18.460312,18.460312,18.585213,18.798882,18.138290,18.531708,18.549545,18.174133,18.585213,18.460312,18.299454,18.745514,18.388855,18.478165,18.281563,18.263664,18.674309,18.478165,18.406731,17.797005,18.335236,18.138290,18.209953,18.424599,18.174133,18.388855,18.620857,18.317345,18.335236,18.227867,18.727722,17.886955,17.922905,18.066551,18.603035,17.833000,18.513863,18.030663,17.922905,18.138290,17.833000,18.084496,18.156204,17.976807,18.120361,17.922905,17.976807,18.442459,17.598785,17.815002,17.940880,18.102425,18.245766,17.994759,17.922905,17.958839,18.245766,18.012718,18.317345,18.227867,18.406731,18.353111,17.742996,18.370995,18.281563,17.886955,18.084496,18.299454,18.567383,18.478165,18.603035,17.976807,17.850990,17.994759,18.048607,18.192039,17.779015,18.281563,17.940880,18.370995,17.706970,17.490471,18.120361,18.174133,18.174133,18.209953,17.886955,17.670921,18.227867,17.833000,18.174133,18.066551,18.066551,18.030663,17.779015,18.192039,17.454338,17.994759,18.174133,17.779015,17.616829,18.084496,18.156204,18.174133,17.958839,18.030663,17.742996,17.815002,18.531708,18.102425,17.904930,17.742996,17.958839,18.102425,17.779015,17.886955,18.030663,17.815002,17.958839,18.102425,17.400101,18.102425,17.670921,17.688942,17.634865,17.833000,17.490471,17.815002,17.886955,18.030663,17.833000,17.616829,17.815002,17.868965,18.048607,17.815002,17.508537,18.030663,17.779015,17.761002,17.652901,17.598785,18.192039,17.508537,18.012718,18.138290,17.779015,18.012718,17.742996,18.030663,17.833000,17.976807,17.436272,17.598785,17.562698,17.634865,17.994759,17.454338,17.850990,17.761002,17.815002,18.030663,17.652901,17.580750,17.327736,17.833000,17.833000,17.418190,17.922905,17.815002,17.850990,17.779015,17.363930,17.779015,17.833000,17.327736,18.084496,17.363930,18.012718,17.400101,17.616829,17.742996,17.363930,17.742996,17.797005,17.436272,17.779015,17.580750,17.706970,17.652901,17.418190,17.472412,17.200951,17.508537,17.724983,18.209953,17.868965,17.255310,17.490471,17.490471,17.598785,17.526596,17.742996,17.940880,17.742996,17.598785,18.138290,17.761002,17.779015,18.138290,18.048607,17.652901,17.904930,17.958839,17.958839,18.317345,17.922905,17.634865,18.084496,18.424599,17.815002,17.976807,18.084496,18.406731,18.102425,18.317345,18.066551,17.958839,17.994759,18.066551,18.192039,17.850990,17.761002,18.388855,18.156204,18.263664,18.227867,18.745514,18.335236,18.138290,18.281563,18.156204,17.994759,18.460312,18.066551,18.138290,18.048607,18.567383,17.779015,18.048607,18.460312,18.656494,18.102425,18.102425,18.138290,18.549545,18.245766,18.227867,17.994759,18.370995,18.174133,18.424599,18.048607,18.012718,17.868965,17.598785,18.263664,18.012718,17.634865,17.904930,17.797005,17.345833,17.670921,17.958839,17.182823,17.291534,17.526596,17.652901,17.146553,16.801247,16.454536,16.363075,16.381371,16.161499,16.143143,15.683197,15.313492,15.720085,15.016617,15.109489,14.662788,14.326302,15.294960,14.476006,14.905037,14.811943,14.830566,14.438606,14.979439,15.202286,14.157593,14.793312,14.382469,14.101280,14.625465,14.382469,14.550774,14.382469,14.644127,13.819221,14.307571,14.270103,13.630692,13.894524,14.606796,14.157593,14.082504,13.762703,14.063721,14.213860,13.950951,14.401184,14.419891,13.838051,14.457298,13.668427,13.403954,13.819221,13.195625,14.326302,13.950951,13.819221,13.138725,13.422867,13.347183,13.271439,12.853714,
15.959457,16.399666,16.946808,16.454536,17.237198,16.637184,16.728371,16.910439,17.273430,16.655434,16.946808,16.527649,16.691910,16.946808,16.710136,17.037659,17.037659,17.019493,17.055817,16.964989,17.327736,17.382019,16.855865,17.255310,16.892258,17.001335,16.819458,17.146553,17.092117,17.418190,17.019493,17.237198,17.345833,16.801247,17.327736,17.164696,16.819458,17.182823,17.200951,16.728371,17.092117,16.855865,17.779015,16.855865,17.146553,17.291534,17.327736,17.182823,17.418190,17.219078,16.910439,17.309639,17.182823,17.073982,17.327736,17.273430,16.819458,17.418190,17.200951,17.146553,17.200951,17.001335,17.544655,17.182823,17.706970,17.200951,16.983162,17.436272,17.219078,17.291534,17.182823,17.128418,16.728371,17.037659,17.219078,17.073982,17.382019,17.019493,17.255310,17.019493,17.273430,17.092117,17.598785,17.400101,17.490471,17.255310,17.598785,17.273430,18.102425,17.400101,17.382019,17.164696,17.670921,17.200951,17.688942,17.146553,17.200951,17.670921,17.742996,17.454338,17.724983,17.634865,18.156204,17.886955,17.382019,18.102425,17.940880,17.688942,17.815002,17.706970,18.048607,18.156204,17.833000,18.335236,18.012718,17.833000,18.120361,17.526596,17.833000,18.174133,17.562698,17.562698,17.761002,17.976807,17.815002,17.797005,17.526596,17.779015,17.616829,18.030663,17.436272,17.724983,17.779015,17.761002,17.779015,17.886955,17.580750,17.670921,17.940880,17.688942,18.120361,17.833000,17.598785,18.030663,17.833000,17.940880,18.048607,17.994759,18.030663,18.120361,17.833000,18.030663,18.120361,18.120361,18.156204,17.652901,18.012718,18.120361,18.335236,17.886955,18.227867,18.156204,17.886955,18.496017,17.886955,18.192039,18.138290,18.048607,18.245766,18.299454,18.370995,18.388855,18.317345,18.585213,18.656494,18.370995,18.478165,18.317345,18.138290,17.994759,18.513863,17.886955,18.424599,17.815002,18.406731,18.263664,18.603035,18.406731,18.531708,18.388855,18.353111,18.245766,18.549545,18.496017,18.585213,18.335236,18.674309,18.496017,17.994759,18.692123,18.406731,18.442459,18.478165,18.567383,19.100624,18.887749,19.082909,18.656494,18.656494,18.887749,19.189156,18.834435,19.136055,19.065178,18.994255,19.047462,19.206863,18.567383,19.100624,19.029732,19.153755,18.834435,19.100624,18.763306,18.478165,19.312950,18.958771,18.567383,18.941017,18.816666,18.674309,18.442459,18.798882,18.638680,18.727722,18.869980,18.549545,18.781090,18.727722,18.496017,19.312950,18.852211,18.834435,18.585213,18.727722,18.620857,19.029732,18.941017,18.869980,18.781090,18.763306,18.834435,19.118340,19.118340,18.513863,18.549545,18.994255,18.674309,18.923264,18.816666,19.242241,18.869980,19.011993,18.976524,18.905502,19.259926,19.011993,19.454201,18.852211,18.958771,18.620857,18.923264,18.869980,19.011993,19.189156,19.118340,18.745514,18.549545,18.763306,18.567383,18.335236,18.674309,18.745514,18.816666,18.531708,18.513863,18.496017,18.478165,18.603035,18.048607,18.209953,18.620857,18.727722,18.513863,18.335236,18.424599,18.549545,18.335236,18.496017,18.353111,18.156204,18.513863,18.567383,18.102425,18.531708,18.763306,18.156204,18.084496,18.763306,18.012718,18.513863,18.478165,18.442459,18.620857,18.353111,18.442459,18.281563,18.620857,18.496017,18.317345,18.299454,18.120361,18.727722,18.281563,18.745514,18.478165,18.263664,18.424599,18.335236,18.245766,18.567383,18.692123,18.317345,18.156204,18.531708,18.227867,18.406731,18.209953,18.406731,17.976807,18.424599,18.048607,18.102425,18.370995,18.209953,18.245766,17.994759,17.904930,18.209953,18.317345,17.797005,17.742996,18.120361,17.724983,18.335236,18.012718,18.084496,18.030663,18.048607,18.066551,17.976807,18.281563,18.084496,18.656494,18.478165,18.299454,17.797005,18.012718,17.958839,18.370995,18.245766,17.976807,18.370995,18.102425,17.922905,18.263664,18.120361,18.120361,18.281563,17.508537,18.102425,17.940880,18.209953,17.797005,17.976807,18.030663,18.048607,18.138290,18.156204,17.616829,17.833000,17.904930,18.227867,18.066551,17.797005,17.815002,17.526596,17.850990,17.850990,17.994759,18.156204,17.815002,18.102425,17.850990,17.868965,17.833000,17.904930,17.508537,17.761002,17.922905,17.815002,17.886955,17.976807,18.012718,17.886955,17.958839,17.868965,17.761002,17.345833,17.598785,18.156204,17.994759,17.850990,17.904930,17.544655,17.886955,17.904930,17.994759,18.012718,17.724983,17.580750,17.345833,17.382019,17.922905,17.850990,17.940880,17.868965,17.490471,18.120361,18.281563,17.797005,17.850990,17.688942,17.886955,17.706970,17.454338,18.102425,17.761002,17.706970,17.886955,17.815002,17.742996,17.706970,17.598785,17.922905,17.490471,17.724983,17.742996,17.418190,17.454338,17.580750,17.850990,17.526596,17.634865,17.724983,17.797005,17.706970,17.922905,17.508537,17.797005,17.634865,17.797005,17.634865,17.508537,17.868965,17.454338,18.030663,17.742996,17.742996,17.724983,17.634865,17.742996,17.490471,17.850990,18.174133,17.544655,17.868965,17.454338,17.922905,17.309639,17.472412,17.815002,17.580750,17.958839,17.868965,17.670921,17.958839,17.706970,17.742996,17.490471,17.761002,17.886955,17.797005,17.526596,17.309639,17.706970,17.363930,17.345833,17.688942,17.886955,17.454338,17.761002,17.598785,18.156204,18.138290,17.850990,17.940880,18.156204,17.850990,17.922905,17.833000,18.066551,17.742996,18.012718,17.958839,18.263664,18.424599,18.102425,17.976807,17.976807,18.353111,17.742996,18.442459,18.388855,18.603035,17.994759,18.549545,18.102425,18.209953,18.317345,18.549545,18.299454,18.030663,18.370995,18.245766,18.192039,18.406731,18.335236,17.958839,18.335236,18.012718,17.976807,18.478165,18.120361,18.460312,18.424599,18.299454,18.084496,18.531708,18.192039,18.370995,19.011993,17.868965,18.638680,17.940880,18.066551,18.120361,18.317345,17.670921,17.742996,18.281563,18.048607,17.309639,17.670921,17.815002,17.850990,17.724983,17.237198,18.012718,17.526596,17.200951,17.490471,17.128418,16.673668,16.691910,16.326462,16.363075,15.609375,15.701637,15.220818,15.053780,14.905037,14.382469,14.532082,15.294960,15.053780,14.998024,14.811943,14.979439,15.035194,14.606796,14.550774,14.569450,14.718750,14.251350,15.016617,14.457298,14.345024,14.905037,14.120049,14.700096,14.270103,14.326302,13.932144,14.401184,14.213860,14.026146,13.517403,14.044937,14.363747,14.494698,14.157593,14.326302,13.668427,13.592949,13.195625,14.044937,13.800392,13.950951,12.967819,13.838051,14.176346,13.932144,13.422867,13.668427,13.574066,13.290382,13.252487,13.687294,13.043808,
16.106438,17.128418,16.801247,16.783035,16.710136,16.728371,16.874062,16.472824,16.673668,16.910439,16.691910,16.491104,17.001335,16.746590,17.255310,16.600693,17.182823,17.526596,16.728371,17.255310,17.037659,16.983162,17.128418,16.892258,17.327736,17.110275,16.837654,17.454338,17.255310,17.001335,17.001335,16.637184,16.892258,17.291534,17.418190,17.110275,17.273430,17.019493,16.910439,17.110275,16.801247,16.892258,16.837654,17.037659,17.237198,17.436272,17.200951,17.255310,17.327736,17.037659,17.472412,16.874062,17.562698,17.255310,17.454338,17.164696,17.291534,17.182823,17.508537,17.400101,17.472412,17.508537,17.219078,17.092117,17.508537,17.327736,17.472412,17.200951,17.526596,17.742996,17.580750,17.400101,17.255310,17.724983,17.019493,17.436272,17.092117,17.580750,17.309639,17.345833,17.472412,17.363930,17.382019,17.833000,17.634865,17.670921,17.200951,16.801247,17.904930,17.526596,17.706970,17.562698,17.562698,17.291534,16.764816,17.688942,17.472412,17.904930,17.670921,17.309639,18.156204,17.833000,17.382019,17.958839,17.833000,17.886955,17.742996,17.652901,17.562698,18.030663,18.120361,18.102425,18.066551,17.544655,18.353111,18.084496,17.761002,17.652901,18.030663,17.815002,17.742996,17.904930,18.923264,17.490471,17.833000,17.724983,17.652901,17.779015,17.833000,18.138290,17.742996,17.670921,17.779015,18.102425,17.833000,17.833000,17.868965,18.030663,17.797005,18.353111,18.192039,17.922905,18.263664,17.616829,18.227867,17.688942,18.048607,17.976807,17.797005,18.227867,17.688942,18.192039,17.886955,18.263664,17.688942,18.335236,18.012718,18.281563,18.709923,17.850990,18.263664,18.353111,18.192039,18.370995,18.424599,17.886955,18.406731,18.084496,17.922905,18.245766,18.317345,18.424599,18.102425,18.263664,18.388855,17.922905,18.496017,18.317345,17.958839,18.620857,18.603035,18.370995,18.638680,18.245766,18.549545,18.209953,18.549545,17.850990,18.727722,18.620857,18.335236,18.263664,18.460312,18.120361,18.513863,18.603035,18.442459,18.674309,18.603035,18.424599,18.887749,18.852211,18.460312,18.745514,18.478165,18.816666,18.531708,18.727722,18.994255,18.958771,18.923264,19.011993,18.656494,18.798882,19.100624,19.029732,18.994255,19.277603,19.082909,18.816666,18.887749,19.029732,18.496017,18.923264,18.816666,18.781090,18.816666,18.976524,18.781090,18.834435,18.460312,18.852211,18.567383,18.727722,18.816666,18.496017,18.620857,18.496017,18.852211,18.549545,18.727722,18.478165,18.692123,18.192039,18.958771,18.603035,18.709923,18.994255,18.887749,19.065178,19.206863,18.496017,19.029732,18.816666,19.242241,18.585213,18.763306,18.745514,19.082909,18.798882,18.834435,18.656494,18.549545,18.834435,18.887749,18.781090,18.674309,18.976524,18.958771,18.958771,18.709923,18.727722,18.887749,18.781090,18.976524,18.549545,18.941017,19.065178,19.011993,18.923264,18.496017,18.816666,18.478165,18.674309,18.638680,18.763306,18.887749,18.638680,18.102425,18.531708,18.567383,18.388855,18.299454,18.263664,18.281563,18.245766,18.460312,18.603035,18.406731,18.620857,18.531708,18.138290,18.192039,18.245766,18.442459,18.603035,18.620857,18.460312,18.138290,18.603035,18.478165,18.424599,18.585213,18.174133,18.156204,18.281563,18.353111,18.424599,18.798882,18.263664,17.994759,18.335236,18.549545,18.227867,18.012718,18.442459,18.174133,18.192039,18.496017,18.245766,18.156204,18.245766,18.370995,18.209953,18.406731,18.120361,18.192039,18.012718,18.120361,18.192039,18.245766,18.227867,18.549545,18.138290,17.652901,18.048607,17.815002,17.761002,17.940880,17.922905,18.102425,17.940880,17.886955,18.299454,18.281563,18.156204,18.012718,17.761002,18.102425,18.102425,17.815002,18.424599,17.761002,18.192039,18.084496,17.868965,17.922905,18.102425,18.138290,17.815002,18.120361,18.174133,18.174133,18.138290,18.084496,18.209953,18.299454,17.994759,18.406731,18.012718,17.868965,18.138290,17.976807,17.779015,18.192039,17.472412,18.192039,18.048607,17.976807,17.779015,18.335236,18.138290,18.192039,17.742996,17.958839,17.922905,17.904930,17.797005,17.886955,18.120361,18.012718,18.102425,17.886955,18.138290,18.209953,18.263664,18.335236,18.084496,17.922905,18.066551,18.048607,17.797005,18.030663,17.363930,17.886955,17.994759,17.724983,17.779015,17.833000,17.670921,18.048607,17.761002,18.048607,17.382019,17.706970,17.833000,17.886955,18.012718,17.454338,18.156204,17.958839,17.994759,17.706970,17.724983,17.580750,18.048607,17.742996,17.850990,17.958839,17.616829,17.761002,17.454338,18.012718,17.742996,17.850990,17.994759,18.263664,17.454338,17.994759,17.797005,17.815002,17.706970,17.688942,17.761002,17.652901,17.562698,17.562698,17.634865,17.616829,17.904930,17.779015,18.048607,17.670921,18.030663,17.490471,17.761002,17.670921,17.382019,17.742996,17.761002,17.706970,17.634865,17.418190,17.490471,17.363930,17.706970,17.598785,17.508537,17.508537,17.670921,18.138290,17.652901,17.688942,17.544655,17.544655,17.797005,17.670921,18.281563,17.761002,17.309639,18.030663,17.688942,17.508537,17.779015,18.030663,17.472412,17.797005,17.580750,17.904930,17.833000,17.562698,17.454338,17.761002,17.110275,17.508537,17.309639,17.833000,17.562698,18.012718,18.048607,17.634865,17.616829,18.120361,18.138290,18.048607,17.580750,18.066551,17.976807,18.012718,18.263664,18.138290,17.815002,17.761002,18.030663,17.761002,18.299454,18.030663,18.084496,18.066551,18.317345,18.406731,17.922905,18.048607,18.174133,18.227867,18.156204,18.531708,18.424599,18.460312,18.834435,18.084496,17.815002,18.227867,18.084496,18.120361,18.656494,18.478165,18.174133,18.066551,18.227867,18.120361,18.335236,17.922905,18.692123,18.406731,17.940880,18.549545,17.868965,18.353111,17.922905,18.066551,18.120361,17.922905,18.174133,18.513863,17.742996,18.174133,17.922905,18.084496,18.174133,18.102425,17.472412,17.382019,17.724983,17.815002,17.652901,17.742996,17.797005,17.815002,17.164696,17.291534,16.783035,16.655434,16.746590,16.454536,16.637184,16.032974,15.553970,15.646294,15.406059,15.424561,14.979439,14.998024,14.419891,15.035194,14.998024,14.457298,14.886414,14.681450,14.718750,15.128059,14.718750,14.756035,14.718750,14.756035,14.588127,14.513397,14.756035,14.419891,14.438606,14.044937,14.476006,14.532082,13.913338,14.681450,13.668427,14.569450,14.101280,13.875710,13.706154,14.457298,14.007355,14.120049,14.288834,14.288834,14.044937,14.026146,14.063721,13.309326,14.101280,14.213860,13.555183,13.309326,13.687294,13.214584,13.214584,13.743858,13.347183,13.138725,12.853714,
16.032974,16.637184,17.273430,16.892258,16.527649,16.363075,17.001335,17.146553,17.327736,17.019493,16.454536,16.691910,17.508537,17.670921,16.819458,16.983162,16.910439,16.746590,17.073982,17.418190,17.526596,17.273430,17.454338,16.710136,16.691910,16.855865,16.874062,17.309639,17.562698,17.164696,17.454338,17.055817,17.019493,16.819458,17.309639,17.363930,17.237198,17.363930,17.182823,17.164696,17.110275,16.983162,17.073982,17.092117,17.345833,17.291534,16.837654,17.219078,17.092117,17.200951,17.073982,16.983162,17.400101,17.490471,17.255310,17.200951,17.472412,17.164696,17.327736,17.273430,17.164696,16.783035,17.436272,17.092117,17.219078,17.092117,17.037659,17.200951,17.400101,17.200951,17.706970,17.182823,17.291534,17.436272,17.363930,17.454338,17.219078,17.472412,17.544655,17.490471,17.255310,17.761002,17.797005,17.598785,17.418190,17.146553,17.797005,17.598785,17.327736,17.219078,17.454338,17.779015,17.688942,17.815002,17.363930,17.327736,17.616829,17.345833,17.688942,17.526596,17.779015,17.670921,17.454338,17.418190,18.370995,18.120361,17.779015,18.353111,17.958839,18.209953,17.670921,17.922905,17.976807,17.797005,17.958839,17.742996,17.904930,17.742996,18.084496,17.850990,17.815002,18.496017,18.460312,17.580750,17.508537,17.904930,17.940880,17.652901,17.706970,18.102425,17.526596,17.797005,18.478165,17.850990,18.066551,17.850990,18.245766,17.490471,18.156204,18.048607,18.174133,17.868965,18.012718,18.084496,18.138290,17.994759,18.424599,18.567383,17.922905,17.779015,18.120361,18.012718,18.209953,18.263664,18.048607,18.227867,18.192039,18.012718,18.513863,17.904930,18.317345,18.317345,18.209953,17.940880,18.102425,18.245766,18.585213,18.138290,18.192039,18.531708,18.102425,18.245766,18.299454,18.299454,18.763306,18.353111,18.370995,18.353111,18.388855,18.263664,18.406731,18.120361,18.442459,18.406731,18.496017,18.442459,18.209953,18.370995,18.531708,18.209953,18.656494,18.585213,18.496017,18.102425,18.692123,18.603035,18.138290,18.478165,18.674309,18.245766,18.048607,18.638680,18.209953,18.816666,18.887749,18.549545,18.513863,18.994255,18.905502,18.816666,18.941017,18.674309,19.011993,19.082909,19.118340,18.816666,18.905502,19.454201,19.100624,18.763306,18.513863,18.994255,18.816666,19.153755,19.118340,19.011993,18.834435,18.513863,18.692123,19.082909,18.852211,18.567383,19.100624,18.905502,18.638680,18.887749,18.460312,18.603035,18.335236,18.549545,18.424599,18.317345,18.638680,18.692123,18.656494,18.424599,18.781090,18.763306,18.905502,18.887749,18.763306,18.852211,18.781090,18.798882,18.763306,19.100624,18.994255,18.798882,18.727722,18.976524,18.905502,18.798882,18.816666,18.549545,18.887749,18.994255,19.153755,18.781090,19.153755,18.869980,19.011993,19.153755,19.065178,18.763306,18.834435,19.065178,18.905502,18.656494,18.869980,18.887749,18.798882,18.976524,18.460312,18.406731,18.335236,18.567383,18.781090,18.353111,18.531708,18.781090,18.763306,18.692123,18.281563,18.388855,18.156204,18.976524,18.674309,18.763306,18.406731,18.353111,18.442459,18.192039,18.692123,18.603035,18.406731,18.869980,18.638680,18.620857,18.460312,18.424599,18.406731,18.585213,18.030663,18.567383,18.263664,18.102425,18.263664,18.478165,18.245766,18.549545,18.585213,18.102425,18.585213,18.406731,18.816666,18.299454,18.424599,18.585213,18.048607,18.120361,18.388855,18.388855,18.549545,18.406731,18.102425,18.263664,18.317345,18.174133,17.976807,18.335236,17.994759,17.886955,18.424599,18.192039,18.209953,17.994759,18.138290,18.281563,17.886955,18.084496,18.048607,18.030663,18.245766,18.120361,17.833000,18.012718,17.922905,18.227867,18.317345,18.174133,18.227867,18.227867,17.761002,18.012718,18.496017,18.174133,18.460312,17.922905,18.174133,18.567383,18.335236,17.706970,18.102425,17.779015,18.066551,17.850990,18.370995,17.904930,18.317345,18.030663,18.156204,17.779015,18.227867,17.976807,17.940880,18.353111,18.192039,18.209953,18.120361,18.066551,17.850990,17.994759,17.724983,17.922905,18.245766,17.976807,17.940880,17.868965,18.335236,17.706970,17.850990,17.833000,18.048607,17.850990,17.652901,18.066551,18.245766,17.833000,17.670921,18.209953,18.370995,17.886955,17.904930,18.138290,17.562698,18.066551,17.922905,18.335236,17.797005,17.724983,18.227867,17.886955,18.048607,17.868965,17.886955,17.779015,17.976807,17.958839,17.868965,17.976807,17.904930,17.815002,17.922905,17.526596,18.156204,18.138290,17.652901,17.940880,17.761002,17.904930,17.940880,17.833000,17.922905,17.544655,17.958839,17.850990,17.904930,18.066551,17.886955,17.779015,17.454338,17.761002,18.012718,17.706970,17.616829,17.868965,17.958839,17.562698,17.436272,17.490471,18.012718,17.940880,17.850990,17.580750,17.688942,17.724983,17.904930,17.616829,17.850990,17.868965,17.815002,17.526596,17.797005,17.724983,17.724983,17.580750,17.797005,17.580750,17.922905,17.490471,17.994759,17.833000,17.562698,17.544655,17.418190,17.562698,17.779015,17.868965,17.761002,17.688942,18.012718,17.526596,17.652901,17.526596,17.652901,17.562698,17.652901,17.922905,17.706970,17.436272,17.797005,17.490471,17.706970,17.418190,17.327736,18.048607,17.940880,17.724983,17.797005,17.616829,17.797005,17.580750,18.209953,17.706970,18.227867,17.670921,17.616829,17.652901,17.761002,17.815002,18.227867,17.833000,18.138290,18.120361,18.084496,18.084496,18.245766,18.066551,18.174133,18.227867,17.958839,18.084496,18.299454,18.388855,18.353111,17.958839,18.263664,18.227867,17.958839,18.209953,18.353111,18.513863,18.174133,18.066551,18.317345,18.048607,18.745514,18.192039,18.030663,18.048607,17.976807,18.066551,17.886955,18.227867,18.406731,18.263664,18.549545,18.317345,18.531708,18.012718,18.084496,18.084496,18.048607,18.335236,17.833000,17.940880,18.299454,17.922905,17.958839,18.066551,17.779015,18.281563,18.174133,17.886955,17.706970,17.580750,17.958839,17.526596,17.400101,17.400101,17.508537,17.418190,17.073982,17.146553,16.527649,15.977844,16.436256,16.032974,15.941071,15.664742,15.072350,14.905037,14.606796,15.165176,15.202286,14.662788,14.476006,15.128059,14.401184,14.960838,14.718750,14.625465,14.195114,14.923637,14.793312,14.176346,14.457298,14.625465,14.681450,15.053780,14.326302,14.401184,14.307571,14.082504,13.762703,13.838051,14.550774,14.681450,14.326302,13.856880,13.950951,14.176346,14.082504,14.026146,13.875710,14.120049,14.157593,13.781540,13.574066,14.120049,13.913338,14.232613,13.555183,13.668427,13.157700,13.062805,14.419891,12.720398,13.309326,13.043808,
15.369041,16.801247,16.855865,16.819458,16.764816,16.637184,17.019493,17.092117,16.946808,17.400101,16.983162,17.055817,17.073982,16.855865,17.019493,16.746590,17.110275,16.673668,17.418190,17.073982,17.309639,17.273430,17.382019,17.055817,17.110275,17.001335,17.400101,16.837654,16.855865,17.219078,17.309639,17.508537,17.598785,16.655434,17.327736,16.673668,16.746590,17.146553,16.928627,17.182823,17.490471,17.182823,17.580750,17.652901,17.019493,17.200951,17.073982,17.110275,17.652901,17.200951,17.146553,17.508537,17.345833,17.291534,16.946808,17.382019,17.327736,17.327736,17.128418,17.291534,17.309639,17.110275,17.291534,16.983162,17.055817,16.964989,17.490471,17.309639,17.363930,17.616829,17.418190,17.110275,17.110275,17.598785,17.146553,17.454338,17.345833,17.382019,17.418190,17.092117,17.309639,18.030663,17.454338,17.363930,17.436272,17.345833,17.526596,17.327736,18.048607,17.688942,17.580750,17.652901,17.815002,17.454338,17.562698,17.544655,17.580750,17.436272,17.742996,17.688942,17.363930,17.598785,17.761002,18.066551,17.652901,17.850990,17.706970,18.513863,18.030663,17.904930,18.209953,17.904930,17.850990,18.156204,17.886955,17.868965,18.048607,17.868965,17.886955,17.724983,18.227867,17.922905,17.454338,17.815002,17.994759,17.868965,17.598785,17.958839,17.616829,17.526596,17.904930,17.940880,17.940880,17.724983,18.281563,17.940880,18.048607,17.742996,17.940880,17.742996,17.761002,17.850990,17.868965,18.138290,18.012718,17.886955,18.424599,18.012718,17.976807,17.562698,17.761002,18.012718,18.192039,18.263664,18.156204,18.406731,18.299454,18.227867,18.388855,18.263664,17.940880,17.994759,18.370995,18.156204,18.263664,18.138290,18.192039,18.370995,18.120361,17.850990,17.976807,18.227867,18.209953,18.030663,18.620857,18.353111,18.388855,18.138290,18.299454,18.209953,18.102425,18.353111,18.496017,18.084496,18.263664,17.940880,18.209953,18.227867,18.084496,18.263664,18.209953,18.299454,18.388855,18.460312,18.585213,18.209953,18.816666,18.603035,18.066551,18.317345,18.227867,18.958771,18.496017,18.496017,18.941017,18.834435,18.763306,18.834435,18.709923,18.905502,19.082909,18.869980,18.763306,18.976524,18.958771,19.100624,19.189156,18.887749,18.869980,18.941017,19.100624,18.781090,19.136055,19.011993,18.887749,18.585213,19.047462,18.923264,18.745514,18.513863,18.299454,18.745514,18.887749,18.603035,18.513863,18.781090,18.585213,18.549545,18.192039,18.745514,18.549545,18.692123,18.567383,18.958771,18.638680,18.763306,18.674309,18.852211,19.136055,18.656494,19.047462,18.976524,19.011993,18.976524,18.923264,18.709923,18.727722,19.224541,18.816666,18.531708,18.905502,19.011993,18.745514,18.905502,18.887749,19.029732,19.242241,18.923264,19.136055,19.189156,18.869980,19.065178,19.011993,18.781090,18.763306,19.189156,18.941017,19.047462,18.958771,18.834435,18.976524,19.401253,18.388855,18.763306,18.656494,18.281563,18.763306,18.496017,18.317345,18.156204,18.299454,18.406731,18.531708,18.567383,18.299454,18.227867,18.156204,18.656494,18.192039,18.549545,18.030663,18.567383,18.138290,18.299454,18.603035,18.353111,18.692123,17.958839,18.281563,18.424599,18.370995,18.227867,18.353111,18.030663,18.460312,18.353111,18.102425,18.245766,18.816666,18.585213,18.174133,18.656494,18.370995,18.478165,18.335236,18.317345,18.120361,18.156204,18.442459,18.281563,18.156204,18.102425,18.156204,17.976807,18.120361,18.388855,18.478165,18.120361,18.156204,18.299454,18.138290,18.102425,18.174133,18.281563,18.084496,17.994759,18.406731,18.263664,18.263664,18.299454,18.299454,18.317345,18.281563,18.066551,17.994759,18.174133,17.779015,18.353111,17.940880,18.281563,18.335236,18.335236,18.048607,18.066551,18.317345,17.958839,18.299454,17.724983,18.603035,18.120361,18.066551,18.263664,18.156204,18.030663,18.317345,17.688942,18.156204,17.868965,17.688942,18.263664,17.886955,18.048607,17.616829,17.976807,18.084496,18.549545,17.670921,18.245766,17.868965,17.724983,18.353111,17.976807,17.868965,18.281563,18.370995,17.850990,18.048607,17.886955,17.958839,17.958839,18.174133,18.281563,18.245766,17.779015,18.192039,17.779015,18.048607,17.994759,18.084496,17.761002,18.156204,17.580750,17.797005,17.724983,17.958839,18.192039,17.670921,18.209953,18.424599,18.460312,18.299454,17.634865,17.976807,17.850990,17.706970,17.779015,18.012718,18.138290,17.815002,17.779015,17.742996,18.012718,17.797005,17.922905,18.084496,17.526596,17.815002,17.994759,17.994759,17.472412,17.724983,17.940880,17.868965,17.418190,17.688942,17.472412,17.652901,17.850990,17.922905,18.048607,18.102425,17.815002,17.598785,17.652901,17.742996,17.815002,17.688942,17.688942,17.850990,17.327736,17.562698,17.976807,17.976807,17.815002,17.598785,17.815002,18.030663,17.670921,17.850990,17.526596,17.128418,17.634865,17.652901,17.724983,17.580750,17.976807,17.562698,17.634865,17.580750,17.904930,17.634865,17.706970,18.066551,17.922905,17.797005,17.688942,18.353111,18.048607,17.472412,17.815002,17.616829,17.200951,17.815002,18.227867,17.652901,17.815002,17.526596,17.742996,17.779015,18.138290,17.436272,17.886955,17.940880,17.958839,17.688942,17.815002,17.742996,17.508537,17.922905,17.580750,17.616829,17.940880,17.886955,18.317345,17.922905,17.833000,17.472412,18.335236,18.263664,17.779015,18.478165,18.012718,17.724983,18.245766,18.620857,18.156204,18.156204,18.084496,18.317345,18.192039,17.868965,18.102425,18.192039,17.922905,18.263664,18.120361,18.353111,18.335236,18.174133,18.138290,18.209953,18.048607,17.850990,17.976807,18.370995,18.138290,18.585213,17.922905,18.120361,17.958839,18.281563,18.281563,18.869980,17.598785,18.048607,18.048607,18.335236,17.994759,18.442459,18.424599,18.048607,17.868965,17.706970,18.174133,18.138290,17.634865,17.868965,17.634865,17.904930,17.761002,18.066551,17.273430,17.868965,17.886955,17.418190,17.634865,17.815002,17.526596,17.327736,17.237198,17.345833,17.761002,16.928627,16.874062,16.491104,16.946808,15.830643,15.812218,15.406059,14.830566,14.830566,15.220818,15.035194,14.811943,14.756035,14.756035,14.550774,14.569450,15.035194,15.369041,15.202286,14.550774,15.572441,14.345024,14.811943,14.345024,14.756035,14.345024,14.662788,14.345024,14.270103,14.345024,14.195114,13.988556,13.988556,14.532082,14.550774,13.932144,14.120049,14.195114,14.307571,14.120049,14.401184,13.630692,13.988556,13.875710,13.743858,13.081795,13.630692,13.706154,14.120049,13.988556,13.498497,13.403954,13.517403,13.592949,13.649567,13.536285,13.574066,12.605988,
15.480049,16.618950,16.928627,16.234848,16.308144,16.983162,17.055817,16.801247,16.710136,16.564171,16.673668,16.655434,17.037659,17.128418,17.309639,17.092117,17.019493,17.327736,16.764816,16.381371,17.019493,17.327736,17.073982,17.073982,17.436272,17.273430,17.273430,16.946808,17.273430,17.128418,17.418190,17.073982,17.309639,17.327736,16.801247,17.382019,16.783035,17.508537,16.673668,17.400101,17.073982,17.562698,16.928627,16.928627,17.327736,17.092117,16.764816,16.946808,17.363930,17.019493,17.345833,17.237198,17.327736,17.182823,17.797005,16.910439,17.092117,17.598785,17.598785,17.797005,17.363930,17.958839,17.363930,17.164696,17.146553,17.580750,17.219078,17.418190,17.382019,17.382019,16.892258,17.182823,17.670921,17.400101,17.164696,17.382019,17.055817,17.436272,17.652901,17.363930,17.994759,17.670921,17.327736,17.508537,17.182823,17.037659,17.273430,17.742996,17.562698,17.382019,17.400101,17.255310,18.263664,17.400101,17.742996,17.182823,17.976807,17.128418,17.779015,17.940880,17.797005,17.940880,17.868965,17.472412,17.797005,17.724983,18.227867,17.472412,17.688942,17.724983,18.335236,17.616829,17.958839,18.156204,17.958839,17.652901,17.976807,17.994759,18.281563,18.012718,17.833000,17.544655,18.030663,17.761002,17.544655,17.634865,17.634865,17.544655,18.030663,17.508537,17.797005,17.706970,17.797005,17.724983,18.299454,17.815002,17.904930,17.724983,17.761002,17.958839,18.030663,18.012718,17.886955,17.833000,17.868965,17.670921,18.048607,17.706970,18.209953,17.886955,18.156204,17.724983,17.976807,17.886955,17.904930,18.048607,18.012718,17.904930,17.940880,18.281563,17.958839,18.102425,17.994759,18.012718,18.012718,18.120361,18.084496,17.797005,17.797005,18.120361,18.424599,18.174133,18.174133,18.227867,17.994759,18.120361,18.120361,18.263664,18.388855,18.192039,18.406731,18.299454,18.763306,18.174133,18.442459,18.478165,18.335236,18.156204,18.370995,18.317345,18.603035,18.442459,18.674309,18.066551,18.603035,18.370995,18.816666,18.209953,18.245766,18.958771,18.531708,18.388855,18.745514,18.281563,18.709923,18.603035,18.620857,18.567383,18.513863,18.638680,19.029732,18.709923,18.941017,18.460312,18.923264,18.709923,18.834435,18.887749,18.923264,18.941017,18.887749,18.798882,18.781090,18.834435,19.171471,18.798882,18.976524,18.887749,18.442459,18.816666,18.923264,18.656494,18.727722,18.549545,18.603035,18.620857,18.638680,18.603035,18.585213,18.549545,18.281563,18.567383,18.638680,18.656494,18.692123,18.478165,18.745514,18.745514,18.887749,18.531708,18.834435,18.763306,18.976524,19.206863,18.567383,18.958771,19.224541,18.513863,18.923264,18.692123,19.082909,19.418907,18.727722,18.994255,19.330627,19.259926,19.189156,19.047462,18.923264,18.727722,19.224541,18.958771,18.923264,18.781090,18.923264,18.513863,18.745514,19.011993,19.047462,18.834435,18.941017,18.620857,18.620857,18.834435,18.763306,18.317345,18.603035,18.406731,18.102425,18.976524,18.798882,18.066551,18.460312,18.460312,18.852211,18.567383,19.029732,18.353111,18.620857,18.388855,18.496017,18.709923,18.370995,18.674309,18.424599,18.245766,18.120361,18.745514,18.620857,18.209953,18.656494,18.585213,18.335236,18.692123,18.012718,17.815002,18.281563,18.317345,18.317345,18.353111,18.424599,18.798882,18.066551,18.227867,18.102425,18.620857,18.370995,18.227867,18.727722,18.084496,18.299454,18.317345,18.406731,18.299454,18.299454,17.904930,18.120361,18.066551,18.012718,18.585213,18.245766,18.156204,17.886955,18.209953,18.084496,18.084496,18.424599,18.084496,18.424599,18.138290,17.904930,17.940880,18.048607,17.670921,17.688942,17.761002,18.317345,17.994759,17.940880,18.084496,18.227867,17.922905,18.012718,18.299454,18.030663,18.102425,18.335236,18.120361,18.048607,18.406731,18.281563,18.102425,18.012718,18.174133,18.156204,17.976807,17.940880,18.549545,18.245766,18.030663,18.156204,18.138290,17.850990,17.850990,18.030663,18.048607,17.616829,17.958839,17.994759,18.138290,17.886955,18.102425,18.048607,18.030663,18.174133,17.976807,18.281563,18.120361,18.174133,18.245766,18.263664,17.833000,17.868965,18.174133,17.976807,18.012718,17.958839,18.317345,18.317345,17.976807,18.156204,17.886955,18.138290,17.976807,18.299454,18.353111,18.245766,17.868965,18.102425,17.850990,18.353111,17.850990,18.102425,18.120361,17.688942,18.245766,18.084496,17.922905,17.706970,17.797005,18.353111,17.958839,18.084496,17.761002,17.724983,17.779015,17.580750,17.940880,17.922905,18.120361,18.102425,17.886955,17.922905,17.742996,17.616829,17.454338,17.815002,17.616829,17.616829,17.761002,17.850990,17.544655,18.120361,17.850990,17.850990,17.562698,17.508537,18.048607,18.030663,17.652901,17.688942,17.976807,17.833000,17.976807,17.850990,17.994759,17.724983,17.706970,18.012718,17.742996,17.400101,17.797005,18.174133,17.670921,17.797005,17.958839,17.976807,17.742996,17.761002,17.616829,18.156204,17.273430,17.562698,17.922905,17.580750,17.761002,17.904930,17.706970,17.797005,17.833000,17.994759,17.670921,17.544655,17.526596,17.237198,17.598785,17.850990,17.580750,17.904930,18.174133,17.652901,17.850990,17.454338,17.400101,17.922905,17.761002,17.580750,17.562698,17.724983,18.030663,18.263664,17.940880,17.742996,18.102425,17.616829,18.012718,17.994759,17.779015,17.850990,18.727722,17.976807,18.192039,17.544655,18.192039,18.030663,17.327736,17.833000,18.192039,18.299454,18.263664,18.138290,18.370995,18.120361,17.616829,18.174133,18.263664,18.227867,18.102425,17.922905,17.850990,18.066551,17.904930,17.994759,18.102425,18.120361,17.833000,18.531708,18.048607,17.850990,17.724983,18.460312,17.742996,18.299454,17.922905,18.138290,18.156204,17.815002,18.138290,18.442459,17.958839,17.994759,17.940880,18.012718,18.030663,18.531708,18.012718,18.102425,17.815002,17.940880,17.616829,17.418190,17.706970,17.670921,17.382019,17.868965,17.724983,17.940880,17.327736,17.634865,17.001335,17.327736,16.946808,17.200951,16.655434,16.618950,16.069710,15.996223,16.014603,15.756950,15.553970,15.220818,15.053780,14.830566,15.053780,14.942238,15.053780,14.438606,14.476006,14.662788,14.606796,14.419891,15.072350,14.849190,14.232613,14.288834,14.625465,14.288834,14.588127,14.718750,14.457298,14.588127,14.232613,14.363747,13.309326,14.007355,13.913338,13.950951,14.026146,13.969765,13.988556,13.988556,13.479599,14.138817,14.550774,13.781540,13.630692,13.988556,14.044937,13.969765,13.969765,13.819221,13.366112,14.345024,13.894524,14.082504,13.385033,13.762703,13.555183,12.853714,13.176659,
15.849052,16.289825,16.928627,16.946808,16.764816,16.983162,16.910439,17.055817,17.544655,16.746590,17.128418,16.691910,16.892258,16.491104,16.545914,17.146553,16.983162,16.964989,17.400101,16.819458,17.055817,16.618950,17.110275,17.092117,17.400101,17.724983,17.327736,16.710136,17.037659,17.345833,16.910439,17.092117,17.454338,16.983162,17.255310,17.273430,17.670921,16.691910,17.562698,17.255310,17.037659,16.964989,17.382019,16.874062,17.436272,17.255310,17.237198,17.037659,17.255310,17.309639,17.182823,17.688942,17.255310,17.868965,17.544655,17.146553,17.273430,17.472412,17.019493,17.237198,17.526596,17.291534,17.436272,16.728371,16.874062,17.544655,17.345833,17.670921,17.327736,17.634865,17.309639,17.363930,17.940880,17.001335,18.102425,17.363930,17.436272,17.164696,17.164696,17.472412,17.472412,17.128418,17.688942,17.688942,17.309639,17.544655,17.327736,17.363930,17.273430,17.400101,17.652901,17.200951,17.833000,17.688942,17.886955,17.761002,17.706970,17.382019,18.102425,17.779015,18.012718,17.670921,17.706970,17.454338,17.291534,17.382019,17.850990,17.833000,18.192039,18.335236,17.868965,18.299454,17.886955,17.797005,17.562698,17.598785,17.815002,17.833000,17.761002,17.652901,17.850990,17.922905,18.120361,17.886955,17.761002,17.526596,17.940880,17.508537,17.815002,17.544655,17.904930,18.192039,18.102425,17.976807,17.886955,17.742996,17.670921,18.120361,17.761002,17.922905,17.670921,17.670921,17.904930,18.120361,17.940880,17.598785,17.706970,17.706970,17.472412,17.742996,17.904930,17.724983,18.281563,17.706970,18.138290,17.994759,18.102425,17.815002,18.281563,18.245766,18.209953,17.815002,17.652901,17.833000,17.670921,18.263664,17.850990,18.263664,18.406731,17.994759,18.281563,18.102425,18.227867,18.709923,18.048607,17.940880,18.299454,18.263664,18.102425,18.370995,18.424599,17.994759,18.353111,18.442459,18.299454,18.138290,18.531708,18.138290,18.299454,18.585213,18.442459,18.603035,18.335236,18.798882,18.567383,18.549545,18.138290,18.460312,18.798882,18.174133,18.620857,18.638680,18.656494,18.603035,18.567383,18.763306,18.834435,18.763306,18.905502,18.460312,18.798882,18.852211,18.585213,18.798882,18.852211,19.259926,18.798882,18.781090,19.065178,19.065178,18.763306,18.781090,19.312950,18.834435,18.852211,19.065178,18.620857,19.082909,18.958771,18.727722,19.011993,18.370995,18.603035,19.029732,18.496017,18.958771,18.727722,18.709923,18.549545,18.674309,18.709923,18.335236,18.745514,18.603035,18.603035,18.905502,18.709923,18.887749,19.065178,18.941017,18.976524,18.513863,19.011993,18.781090,19.100624,18.781090,18.941017,18.638680,18.887749,18.745514,19.100624,19.330627,19.100624,18.958771,19.206863,19.153755,18.674309,18.941017,19.436554,18.727722,18.674309,18.941017,19.136055,18.781090,19.011993,18.603035,19.224541,18.620857,18.620857,18.905502,18.513863,18.798882,18.869980,18.869980,18.496017,18.388855,18.620857,18.585213,18.656494,18.424599,18.263664,18.192039,18.887749,18.192039,18.317345,18.406731,18.406731,18.335236,18.656494,18.388855,18.745514,18.585213,18.478165,18.102425,18.478165,18.567383,18.496017,18.603035,18.388855,18.370995,18.138290,18.388855,18.603035,18.478165,18.727722,18.263664,18.048607,18.048607,18.585213,18.709923,18.531708,18.048607,18.460312,18.138290,18.353111,18.335236,18.531708,18.513863,18.335236,18.496017,18.406731,18.620857,18.424599,18.192039,17.922905,17.904930,17.922905,18.156204,18.406731,18.281563,18.353111,18.156204,18.513863,18.335236,18.084496,17.976807,18.388855,18.120361,18.353111,18.030663,18.227867,18.030663,18.406731,17.958839,18.138290,18.192039,18.030663,18.012718,18.299454,17.815002,18.192039,18.299454,18.406731,18.406731,18.549545,18.227867,17.833000,18.370995,18.567383,17.994759,18.638680,18.012718,17.850990,17.976807,18.048607,18.030663,18.120361,17.958839,17.868965,17.958839,17.976807,18.048607,17.868965,17.815002,18.317345,17.815002,18.174133,18.192039,18.048607,17.652901,18.192039,17.779015,18.406731,18.174133,18.138290,17.994759,17.940880,18.066551,18.496017,18.335236,18.102425,18.174133,18.406731,17.904930,17.994759,18.030663,18.030663,17.797005,17.922905,17.850990,18.585213,18.209953,18.192039,17.994759,17.544655,17.904930,17.958839,18.120361,18.138290,17.940880,18.245766,18.048607,17.886955,17.562698,18.209953,18.192039,18.066551,17.994759,17.652901,17.940880,17.994759,17.436272,17.761002,17.706970,17.833000,17.724983,17.886955,17.742996,17.616829,18.174133,18.209953,17.436272,17.580750,17.868965,17.472412,17.418190,17.345833,17.382019,17.868965,17.688942,17.580750,17.418190,17.670921,17.904930,17.562698,17.598785,17.815002,18.066551,17.526596,17.616829,17.868965,17.742996,17.706970,17.779015,17.598785,17.562698,17.652901,17.562698,17.418190,17.761002,17.886955,17.092117,17.940880,17.544655,17.490471,17.526596,17.526596,17.868965,17.454338,17.761002,17.544655,17.382019,18.012718,17.363930,17.815002,17.598785,18.066551,17.724983,17.761002,17.761002,18.174133,17.670921,17.652901,17.652901,17.742996,17.761002,17.616829,17.544655,17.580750,17.580750,17.616829,17.815002,18.120361,17.562698,17.833000,17.436272,17.833000,17.922905,18.030663,17.761002,17.994759,17.598785,17.742996,18.066551,17.742996,17.634865,17.815002,18.066551,17.886955,17.994759,18.138290,17.850990,18.299454,18.120361,17.904930,18.245766,18.138290,18.317345,18.227867,18.102425,17.724983,18.406731,18.192039,18.388855,17.886955,18.263664,18.156204,18.192039,18.638680,18.066551,17.868965,18.084496,17.815002,18.227867,18.030663,18.335236,18.227867,18.048607,17.761002,18.478165,18.156204,18.299454,18.174133,18.030663,17.958839,18.370995,18.299454,17.886955,18.496017,18.299454,17.598785,17.994759,17.904930,18.335236,18.030663,18.174133,18.102425,17.868965,18.138290,17.580750,17.922905,17.976807,17.940880,17.454338,18.424599,17.544655,17.706970,17.382019,17.454338,17.327736,17.454338,17.273430,16.855865,16.746590,16.728371,16.289825,16.673668,16.344765,15.683197,15.535500,15.313492,15.276436,14.905037,14.718750,14.830566,14.532082,14.886414,14.532082,14.886414,14.979439,14.569450,15.109489,14.569450,14.550774,14.138817,14.588127,14.700096,14.457298,14.326302,13.932144,13.649567,14.101280,13.913338,14.082504,14.195114,13.668427,14.138817,13.894524,13.969765,14.438606,13.781540,13.988556,13.781540,13.988556,14.270103,13.932144,13.950951,13.950951,13.988556,14.007355,13.687294,13.687294,14.251350,13.630692,13.875710,13.195625,13.611824,13.309326,13.988556,12.872734,
15.756950,16.764816,16.983162,16.655434,16.637184,17.273430,16.801247,17.327736,16.928627,16.472824,16.874062,16.837654,16.855865,16.564171,16.946808,17.092117,17.291534,17.146553,17.400101,16.728371,16.783035,16.710136,16.855865,16.491104,17.182823,17.200951,17.526596,17.382019,16.874062,17.164696,17.309639,16.819458,17.146553,17.073982,17.363930,16.801247,17.073982,17.200951,17.237198,16.892258,17.544655,16.801247,17.291534,17.073982,17.327736,17.526596,16.874062,16.910439,17.055817,16.874062,17.706970,17.019493,17.400101,17.472412,17.128418,17.345833,17.490471,17.128418,17.363930,17.345833,17.634865,17.146553,17.273430,17.309639,17.309639,17.363930,17.327736,17.616829,17.327736,17.815002,17.363930,17.724983,16.801247,17.309639,17.472412,16.946808,17.436272,17.037659,17.580750,17.128418,17.418190,17.544655,17.688942,17.309639,17.110275,17.291534,18.102425,17.418190,17.363930,17.418190,17.472412,17.616829,17.219078,17.742996,18.030663,17.815002,17.779015,17.706970,17.526596,17.797005,17.922905,17.904930,17.904930,17.652901,17.634865,18.048607,17.670921,17.724983,17.886955,17.688942,18.353111,17.634865,18.030663,17.797005,17.940880,17.526596,17.868965,18.012718,18.138290,17.742996,18.299454,17.742996,18.281563,17.652901,17.724983,17.976807,18.066551,17.994759,17.616829,17.958839,17.634865,17.833000,18.245766,17.508537,18.156204,17.454338,17.904930,17.833000,18.102425,17.436272,18.030663,17.922905,18.263664,17.580750,17.868965,17.761002,18.120361,18.120361,17.886955,17.724983,17.958839,18.084496,18.012718,18.227867,17.688942,17.904930,18.012718,18.156204,18.012718,18.299454,17.886955,18.209953,17.940880,17.994759,17.724983,18.030663,17.833000,17.958839,18.138290,18.156204,18.174133,18.388855,18.030663,17.797005,18.263664,17.994759,18.138290,18.281563,18.424599,18.549545,18.192039,18.263664,18.496017,18.353111,18.335236,18.263664,18.192039,18.692123,18.317345,17.976807,18.620857,18.513863,18.656494,18.174133,18.084496,18.531708,18.941017,18.834435,18.388855,18.816666,18.299454,18.781090,18.353111,18.887749,18.585213,18.745514,19.100624,18.638680,18.887749,18.727722,18.745514,18.674309,18.388855,18.460312,18.852211,18.923264,19.100624,18.941017,19.277603,19.011993,19.136055,19.029732,18.674309,18.941017,19.047462,18.763306,19.295280,18.834435,19.118340,19.047462,19.047462,18.958771,18.674309,18.941017,18.585213,18.603035,18.727722,18.816666,18.603035,19.047462,18.905502,18.424599,18.709923,19.100624,18.567383,18.994255,18.994255,18.781090,19.100624,18.905502,18.976524,18.620857,18.923264,18.834435,19.065178,18.638680,18.834435,19.011993,18.816666,19.100624,18.941017,18.834435,19.171471,18.798882,18.994255,19.295280,19.118340,19.029732,19.348289,19.383614,19.577583,18.994255,19.029732,18.941017,19.454201,18.994255,19.011993,18.763306,18.994255,18.923264,19.224541,18.478165,18.763306,18.798882,18.869980,18.656494,19.100624,18.816666,18.941017,18.763306,18.442459,18.638680,18.353111,18.478165,18.388855,18.567383,18.424599,18.709923,18.513863,18.317345,18.442459,18.317345,18.370995,18.102425,18.209953,18.370995,18.763306,18.406731,18.353111,18.370995,18.549545,18.353111,18.299454,18.692123,18.048607,18.048607,18.869980,18.192039,18.353111,18.174133,18.263664,18.370995,18.424599,18.496017,18.263664,18.388855,18.388855,18.335236,18.976524,18.388855,18.048607,18.388855,18.406731,18.317345,18.388855,18.138290,18.370995,18.299454,18.227867,18.406731,18.406731,17.994759,18.317345,18.084496,18.406731,18.299454,18.227867,17.940880,18.496017,17.940880,18.066551,17.742996,18.012718,17.797005,18.478165,17.742996,18.299454,18.263664,18.138290,18.281563,18.656494,17.994759,18.388855,17.940880,18.263664,18.048607,17.761002,18.120361,18.585213,18.317345,18.460312,18.281563,18.513863,17.797005,17.958839,18.174133,18.353111,18.209953,18.048607,18.227867,18.138290,18.120361,18.299454,17.868965,17.706970,18.156204,18.066551,17.779015,18.192039,18.227867,18.066551,18.102425,17.797005,17.958839,18.370995,18.012718,18.281563,18.227867,17.815002,17.940880,18.638680,18.460312,18.138290,17.940880,18.030663,17.886955,18.174133,17.976807,18.549545,18.048607,17.779015,17.706970,17.886955,18.335236,17.850990,18.138290,18.048607,17.940880,18.209953,18.048607,17.958839,18.012718,18.263664,17.742996,18.299454,17.904930,17.922905,18.066551,17.940880,17.922905,17.742996,18.174133,17.868965,17.922905,18.066551,17.562698,17.940880,17.976807,18.066551,17.904930,17.634865,17.761002,18.353111,17.237198,17.454338,17.850990,17.652901,17.436272,17.742996,17.779015,17.400101,18.120361,17.904930,17.508537,17.363930,17.724983,17.868965,17.779015,17.562698,17.688942,17.652901,17.742996,17.742996,17.526596,17.508537,17.742996,17.815002,17.454338,17.580750,17.454338,17.562698,17.797005,17.833000,17.706970,17.797005,17.490471,17.454338,17.092117,17.309639,17.652901,17.922905,17.958839,17.634865,17.670921,17.670921,17.562698,17.706970,17.616829,17.508537,18.138290,17.508537,18.335236,17.922905,17.815002,18.030663,17.472412,17.742996,17.797005,17.833000,17.833000,17.616829,17.598785,17.580750,17.580750,17.526596,17.472412,18.048607,17.562698,17.670921,17.490471,18.245766,17.815002,17.958839,17.688942,17.940880,17.833000,17.940880,18.030663,18.048607,18.138290,17.994759,17.886955,17.724983,17.868965,18.209953,17.815002,18.227867,17.922905,17.868965,17.994759,17.940880,18.030663,18.245766,18.299454,17.922905,18.174133,18.156204,17.922905,17.940880,17.761002,18.209953,18.317345,18.245766,17.797005,18.335236,17.742996,17.994759,17.922905,18.174133,18.388855,17.904930,18.245766,18.263664,18.513863,18.030663,17.886955,18.030663,17.815002,17.797005,18.048607,18.192039,17.994759,18.460312,18.048607,18.120361,17.904930,17.940880,17.797005,18.084496,18.102425,17.382019,17.273430,18.066551,17.382019,17.706970,17.418190,17.526596,17.634865,17.580750,17.382019,17.073982,16.618950,17.255310,16.819458,16.764816,16.783035,16.234848,16.198189,16.106438,15.387550,15.276436,14.998024,14.905037,14.849190,14.569450,14.363747,14.438606,14.998024,14.438606,14.532082,15.128059,14.830566,14.718750,14.849190,14.457298,14.270103,14.718750,14.345024,14.494698,14.476006,14.867805,14.457298,14.251350,14.382469,13.649567,13.611824,13.988556,14.138817,14.363747,14.044937,14.307571,13.969765,14.195114,13.875710,13.819221,14.419891,14.232613,13.762703,14.756035,13.649567,13.687294,14.419891,13.195625,13.725006,13.574066,13.555183,13.856880,13.309326,12.682281,13.195625,
16.308144,16.964989,16.783035,16.545914,17.001335,16.491104,17.345833,17.670921,17.092117,16.855865,17.146553,16.837654,17.255310,16.710136,17.073982,16.892258,16.892258,17.237198,16.655434,16.783035,17.382019,16.874062,17.092117,17.327736,16.874062,17.073982,17.019493,16.892258,17.237198,16.910439,17.200951,17.382019,17.110275,16.764816,17.182823,17.345833,16.874062,16.983162,17.146553,17.273430,16.855865,16.855865,17.019493,17.146553,17.291534,17.182823,16.892258,16.910439,17.291534,17.490471,16.946808,17.472412,17.562698,17.073982,17.868965,16.964989,17.472412,17.255310,16.946808,17.164696,17.706970,16.819458,17.940880,16.855865,17.490471,17.382019,17.724983,16.928627,17.345833,17.526596,17.436272,17.200951,17.200951,17.580750,17.562698,17.019493,17.255310,17.526596,17.598785,17.706970,17.616829,17.418190,17.761002,17.652901,17.634865,17.110275,17.309639,17.779015,17.922905,17.652901,17.616829,17.490471,17.868965,17.724983,17.833000,17.868965,17.436272,17.382019,17.886955,17.833000,17.670921,17.490471,17.508537,17.670921,17.652901,17.562698,17.779015,17.742996,17.868965,18.317345,17.940880,17.634865,18.227867,17.670921,17.850990,18.120361,17.994759,18.370995,18.066551,18.012718,18.084496,18.156204,18.174133,17.868965,17.868965,17.958839,17.833000,17.562698,17.868965,17.670921,18.263664,17.940880,17.976807,17.634865,18.174133,17.904930,17.994759,17.742996,17.815002,17.868965,17.761002,17.922905,17.994759,17.688942,17.688942,17.976807,18.227867,17.976807,17.994759,17.868965,18.138290,18.120361,17.976807,17.779015,17.994759,18.281563,18.192039,17.779015,18.317345,18.424599,17.904930,18.209953,18.192039,18.209953,17.922905,18.299454,18.353111,17.958839,18.335236,18.138290,18.299454,18.012718,18.317345,18.209953,18.370995,18.478165,18.317345,17.922905,18.656494,18.227867,18.370995,18.245766,18.460312,18.335236,18.478165,18.335236,18.370995,18.138290,18.030663,18.317345,18.192039,18.388855,18.638680,18.994255,18.192039,18.834435,18.745514,18.478165,18.727722,18.816666,18.567383,18.745514,18.460312,18.513863,18.442459,18.674309,18.798882,18.460312,18.620857,18.852211,18.763306,18.745514,18.709923,18.923264,19.065178,18.727722,18.709923,18.674309,19.100624,18.923264,19.065178,18.424599,19.224541,19.082909,19.082909,18.905502,19.312950,18.869980,19.029732,19.312950,18.958771,18.816666,19.047462,18.620857,18.692123,18.745514,18.994255,18.781090,18.763306,18.941017,18.923264,18.513863,18.745514,18.798882,19.047462,18.674309,18.638680,19.171471,18.852211,19.011993,19.082909,18.994255,18.923264,19.082909,18.674309,19.171471,18.887749,18.513863,19.277603,18.958771,19.189156,19.436554,18.727722,19.065178,19.065178,18.727722,19.224541,19.206863,19.118340,19.011993,19.365944,19.029732,19.189156,18.976524,18.852211,19.100624,19.118340,18.763306,18.994255,18.887749,18.620857,18.603035,18.638680,18.763306,18.638680,18.513863,18.692123,18.192039,18.816666,18.798882,18.388855,18.048607,18.442459,18.958771,18.370995,18.442459,18.620857,18.567383,18.656494,18.567383,18.745514,18.370995,18.478165,18.370995,18.549545,18.513863,18.424599,18.674309,18.513863,18.388855,18.192039,18.478165,18.209953,18.138290,18.496017,18.692123,18.299454,18.192039,18.156204,18.442459,18.138290,18.263664,18.406731,18.852211,18.424599,18.192039,18.299454,18.692123,18.370995,18.335236,18.245766,18.174133,18.496017,18.192039,18.406731,18.227867,18.353111,18.549545,18.192039,18.513863,18.531708,18.120361,18.513863,17.976807,18.567383,18.192039,17.994759,17.868965,18.388855,18.209953,18.048607,18.102425,18.156204,18.209953,17.940880,18.174133,18.263664,17.833000,18.335236,18.281563,18.156204,18.245766,18.209953,18.012718,18.048607,18.084496,18.138290,18.549545,18.317345,17.958839,18.424599,18.245766,18.209953,17.958839,18.209953,18.370995,18.370995,17.742996,17.742996,17.922905,18.263664,17.670921,17.868965,17.652901,18.138290,18.138290,17.994759,17.797005,17.886955,18.317345,18.048607,17.797005,18.245766,18.066551,18.066551,17.652901,18.048607,18.424599,18.299454,18.102425,18.299454,18.138290,18.012718,18.102425,18.120361,17.976807,17.940880,17.886955,18.102425,18.138290,17.904930,17.940880,18.245766,17.904930,18.012718,17.922905,17.634865,17.850990,17.976807,17.779015,18.263664,18.084496,17.904930,18.120361,17.976807,17.562698,17.850990,17.742996,17.976807,17.616829,17.904930,18.084496,17.797005,17.382019,17.868965,17.418190,17.580750,17.472412,17.670921,17.761002,18.120361,17.309639,17.958839,17.291534,17.436272,17.345833,17.526596,17.526596,17.779015,17.436272,17.327736,17.273430,17.634865,17.652901,17.400101,17.940880,17.544655,17.598785,17.436272,17.688942,17.508537,17.670921,17.580750,17.580750,17.886955,17.345833,17.544655,17.472412,17.724983,17.562698,17.797005,17.363930,17.200951,17.327736,17.219078,18.102425,17.688942,17.382019,17.940880,17.634865,17.761002,17.742996,17.382019,17.273430,18.012718,17.580750,17.508537,17.580750,17.904930,17.454338,18.048607,17.994759,17.922905,17.472412,17.922905,17.886955,17.940880,17.055817,17.146553,17.706970,17.652901,17.327736,17.562698,17.255310,18.012718,17.400101,17.526596,17.761002,17.815002,17.742996,17.815002,18.281563,17.868965,17.706970,17.815002,18.084496,17.544655,17.904930,17.904930,17.797005,17.886955,18.174133,17.868965,17.634865,18.227867,18.192039,18.030663,18.138290,17.833000,18.066551,18.012718,18.030663,17.833000,17.850990,18.263664,17.940880,17.904930,18.174133,17.634865,17.976807,18.227867,17.797005,18.174133,18.012718,18.317345,18.030663,17.688942,18.406731,18.120361,18.048607,18.353111,18.227867,18.102425,18.102425,17.994759,18.209953,18.066551,18.227867,18.209953,17.742996,17.886955,17.436272,18.209953,17.761002,18.174133,18.120361,18.549545,17.958839,17.652901,17.598785,17.436272,17.363930,17.994759,17.598785,17.886955,17.327736,17.327736,17.418190,17.055817,17.634865,17.110275,16.946808,17.255310,16.417961,16.472824,16.344765,16.289825,16.179840,15.535500,15.146614,15.220818,14.569450,14.307571,14.345024,14.830566,14.737404,14.942238,14.513397,14.737404,14.550774,14.886414,14.793312,14.569450,13.913338,14.979439,14.569450,14.606796,14.867805,14.345024,14.026146,14.550774,14.513397,14.382469,14.681450,14.120049,14.044937,14.101280,14.513397,14.606796,13.913338,14.101280,13.649567,14.138817,14.251350,13.875710,14.326302,14.345024,14.026146,13.800392,13.950951,14.063721,13.800392,13.536285,13.762703,13.856880,14.176346,13.762703,13.385033,13.649567,13.195625,
16.179840,16.764816,17.291534,17.019493,16.363075,16.618950,16.454536,16.964989,17.092117,16.801247,17.092117,16.289825,17.092117,17.128418,17.219078,16.545914,16.783035,17.128418,17.110275,16.946808,16.527649,16.728371,17.146553,17.001335,17.273430,17.508537,16.855865,16.983162,17.164696,17.037659,17.345833,17.327736,17.237198,17.724983,17.255310,17.291534,17.128418,17.073982,17.418190,16.892258,17.055817,17.363930,17.110275,17.400101,17.219078,17.454338,17.219078,16.783035,17.670921,17.182823,17.886955,17.490471,17.833000,17.418190,17.309639,17.526596,17.345833,16.673668,17.688942,17.562698,17.436272,17.055817,17.490471,16.855865,17.868965,16.946808,17.418190,17.255310,17.200951,17.886955,17.652901,17.237198,17.490471,17.634865,17.400101,17.382019,17.598785,17.454338,17.400101,17.670921,17.363930,17.706970,17.616829,17.291534,17.490471,17.291534,17.940880,17.562698,17.436272,17.237198,17.598785,17.454338,17.886955,17.868965,17.994759,17.472412,17.779015,17.110275,17.400101,17.400101,17.904930,17.922905,17.940880,17.797005,17.580750,18.192039,17.616829,17.797005,17.922905,17.833000,18.066551,17.688942,17.868965,18.138290,18.012718,17.922905,17.815002,17.363930,18.138290,18.012718,18.030663,17.994759,17.797005,17.742996,17.922905,17.706970,17.652901,17.779015,17.598785,17.815002,17.886955,17.994759,18.299454,17.868965,17.850990,18.066551,18.245766,17.886955,17.652901,17.833000,17.526596,17.940880,17.706970,17.761002,18.048607,18.424599,18.048607,18.388855,18.066551,17.761002,17.706970,17.580750,18.120361,18.012718,18.066551,18.012718,17.940880,17.761002,18.424599,18.317345,18.192039,17.922905,18.102425,18.460312,18.227867,18.335236,17.742996,17.815002,18.549545,18.531708,18.245766,18.048607,18.209953,17.904930,18.227867,18.335236,18.299454,18.245766,18.335236,18.442459,18.317345,18.156204,18.245766,18.478165,18.674309,18.513863,18.120361,18.603035,18.585213,18.245766,18.620857,18.406731,18.406731,18.156204,19.082909,18.513863,18.709923,18.299454,18.638680,18.656494,18.370995,18.531708,18.781090,18.353111,18.406731,18.798882,19.082909,18.281563,18.816666,18.763306,18.620857,18.781090,18.727722,18.138290,18.709923,18.656494,18.638680,18.958771,18.905502,19.153755,18.816666,19.011993,18.887749,18.763306,18.976524,18.781090,18.869980,19.171471,18.869980,19.100624,18.745514,19.011993,19.242241,19.011993,18.513863,18.976524,19.047462,18.353111,18.976524,18.834435,18.798882,18.603035,18.549545,19.401253,19.330627,19.224541,18.905502,18.781090,19.383614,18.869980,18.887749,18.763306,19.454201,19.630394,18.852211,19.206863,18.905502,18.905502,18.869980,18.692123,18.674309,19.171471,18.958771,18.923264,18.958771,18.994255,19.082909,19.612793,19.100624,19.365944,19.665596,18.460312,19.418907,19.189156,19.029732,19.118340,19.100624,19.029732,19.153755,18.567383,18.994255,18.905502,18.478165,18.709923,18.798882,18.674309,18.692123,18.709923,18.692123,18.923264,18.335236,18.674309,18.442459,18.674309,18.531708,18.745514,18.513863,18.869980,19.065178,18.941017,18.299454,18.620857,18.620857,18.869980,18.370995,18.317345,18.370995,18.816666,18.281563,18.174133,18.406731,18.245766,18.192039,18.620857,18.388855,17.850990,18.424599,18.603035,18.174133,18.388855,18.192039,18.406731,18.549545,18.281563,18.388855,18.156204,18.156204,18.496017,18.335236,18.335236,18.460312,18.281563,18.460312,18.478165,18.048607,18.317345,18.478165,18.335236,18.192039,18.281563,17.922905,17.994759,18.424599,18.174133,17.958839,17.904930,18.353111,18.102425,17.922905,17.815002,17.922905,17.958839,18.120361,17.779015,18.066551,18.209953,18.478165,17.922905,18.120361,18.227867,17.850990,18.066551,18.120361,18.174133,18.030663,18.084496,18.102425,17.976807,18.245766,18.156204,18.209953,17.994759,18.066551,18.317345,17.652901,18.192039,18.066551,17.976807,18.209953,18.335236,17.688942,17.761002,17.580750,17.922905,17.922905,17.706970,17.940880,18.066551,18.245766,18.048607,18.263664,18.138290,17.850990,17.850990,18.156204,17.994759,18.299454,18.227867,17.958839,18.209953,18.317345,18.012718,17.940880,18.299454,18.012718,18.156204,17.940880,17.904930,17.868965,18.424599,17.940880,18.263664,18.120361,18.317345,18.048607,17.940880,18.066551,18.012718,17.904930,17.868965,17.706970,17.833000,18.102425,17.940880,17.904930,17.400101,17.850990,17.652901,17.976807,17.761002,18.102425,18.174133,17.580750,17.850990,17.779015,17.706970,17.598785,17.652901,17.815002,17.761002,17.616829,17.815002,17.815002,17.922905,17.616829,17.598785,17.436272,17.363930,17.886955,17.616829,17.327736,17.598785,17.616829,17.706970,17.994759,17.544655,17.544655,17.652901,17.454338,17.706970,17.940880,17.797005,17.327736,17.400101,17.706970,17.291534,17.994759,17.779015,17.327736,18.066551,17.598785,17.815002,17.345833,17.850990,17.958839,17.688942,17.562698,17.436272,17.742996,17.904930,17.958839,17.309639,17.850990,17.490471,17.634865,17.182823,17.886955,17.886955,17.815002,17.994759,17.544655,17.688942,18.048607,17.616829,17.850990,17.219078,17.779015,17.598785,17.976807,17.544655,17.688942,17.219078,17.616829,17.616829,17.363930,18.066551,17.526596,17.742996,17.958839,18.012718,17.490471,18.156204,18.531708,17.797005,17.779015,17.742996,17.724983,17.958839,17.797005,18.012718,18.048607,18.263664,17.688942,17.904930,18.066551,18.138290,17.616829,17.761002,18.012718,18.388855,17.922905,17.922905,17.886955,18.120361,18.209953,18.317345,17.779015,18.603035,17.345833,17.454338,17.652901,18.263664,18.424599,17.976807,18.424599,17.850990,18.192039,18.120361,18.048607,17.850990,17.994759,18.424599,18.370995,17.833000,18.406731,17.850990,18.263664,18.263664,17.724983,17.508537,18.084496,17.815002,17.850990,17.850990,18.030663,17.363930,17.779015,17.904930,17.904930,17.850990,17.833000,17.940880,18.066551,17.688942,17.363930,17.345833,17.922905,17.508537,17.976807,16.691910,17.454338,17.092117,16.710136,16.509377,16.600693,16.161499,15.701637,15.830643,15.590912,15.294960,15.072350,15.128059,14.662788,14.718750,14.457298,14.307571,14.774681,14.457298,14.793312,14.867805,15.053780,14.569450,14.905037,14.774681,14.718750,14.345024,14.307571,14.700096,14.550774,14.774681,14.923637,14.419891,14.401184,14.138817,14.588127,14.326302,14.700096,14.588127,13.762703,14.326302,13.894524,14.588127,14.457298,13.630692,14.625465,14.157593,13.856880,14.157593,13.630692,14.157593,14.082504,14.101280,14.082504,13.574066,13.988556,13.479599,13.743858,13.706154,13.479599,13.271439,
16.253181,16.344765,16.837654,16.472824,16.344765,17.092117,16.910439,16.637184,16.801247,16.618950,17.037659,16.964989,17.255310,16.618950,16.964989,16.655434,17.200951,16.801247,16.946808,16.910439,16.855865,16.417961,16.728371,16.728371,16.746590,16.710136,17.616829,17.598785,17.055817,17.146553,17.273430,17.182823,16.964989,17.562698,17.418190,17.001335,17.382019,16.637184,17.562698,16.910439,17.146553,17.526596,16.983162,17.580750,17.400101,17.255310,17.526596,16.874062,17.490471,17.273430,17.073982,17.742996,17.418190,17.309639,17.652901,16.801247,17.490471,17.833000,17.634865,17.055817,17.580750,17.526596,17.904930,17.200951,17.400101,17.436272,17.652901,17.418190,17.490471,17.454338,17.237198,17.815002,17.580750,17.454338,17.309639,17.797005,17.182823,17.472412,17.309639,17.724983,17.219078,17.255310,17.616829,16.983162,17.291534,17.436272,17.742996,17.580750,17.994759,17.219078,17.598785,17.544655,17.345833,17.526596,17.580750,17.724983,17.652901,17.418190,17.688942,17.904930,17.742996,17.833000,18.030663,17.815002,17.886955,17.815002,17.797005,17.508537,17.327736,17.688942,17.994759,17.742996,18.138290,17.761002,17.724983,17.994759,17.797005,18.353111,18.227867,17.994759,17.868965,18.138290,17.815002,17.706970,17.724983,17.922905,17.886955,17.742996,17.779015,17.761002,17.815002,18.048607,17.797005,18.048607,18.066551,18.012718,18.012718,17.598785,17.761002,18.102425,17.670921,17.688942,18.209953,18.066551,17.706970,17.922905,17.886955,18.227867,17.958839,17.886955,18.030663,18.066551,18.335236,17.779015,17.670921,17.904930,18.299454,18.048607,17.886955,17.797005,17.670921,17.797005,17.922905,17.922905,18.317345,18.120361,18.335236,17.868965,18.227867,18.406731,18.048607,18.281563,18.030663,18.102425,18.335236,18.084496,18.209953,18.603035,18.353111,18.406731,18.424599,18.138290,18.192039,18.192039,18.531708,18.585213,18.656494,18.781090,18.299454,18.460312,18.263664,18.227867,18.656494,18.781090,18.656494,18.567383,18.263664,18.567383,18.370995,18.353111,18.709923,18.834435,19.242241,19.011993,18.531708,18.603035,18.603035,18.727722,18.834435,18.603035,18.549545,18.406731,18.370995,18.727722,19.065178,18.834435,18.798882,18.620857,18.958771,18.887749,18.816666,18.941017,18.816666,18.816666,19.277603,18.994255,19.295280,19.082909,18.709923,18.727722,18.656494,18.798882,18.958771,18.727722,18.656494,18.692123,18.976524,18.674309,18.620857,18.905502,18.852211,18.763306,18.994255,18.763306,18.941017,19.029732,18.781090,19.277603,19.047462,18.994255,19.136055,18.976524,19.011993,19.082909,19.011993,18.869980,18.958771,19.100624,19.011993,19.171471,18.869980,19.224541,18.798882,19.259926,18.905502,19.136055,18.727722,19.383614,19.100624,18.887749,18.869980,19.047462,19.348289,18.816666,19.171471,18.923264,18.887749,19.047462,18.869980,19.259926,18.816666,18.905502,18.745514,18.603035,18.442459,18.674309,18.531708,18.692123,18.745514,18.585213,18.727722,18.674309,18.388855,18.567383,18.603035,18.727722,18.603035,18.496017,18.603035,18.745514,18.941017,18.245766,18.370995,18.567383,18.727722,18.353111,18.102425,18.496017,18.138290,18.406731,18.174133,18.513863,18.442459,18.335236,18.923264,18.317345,18.692123,17.940880,18.353111,18.245766,18.353111,18.102425,17.761002,17.958839,18.227867,18.317345,18.192039,18.424599,18.138290,18.674309,18.460312,18.335236,18.227867,18.245766,18.317345,18.084496,18.388855,18.353111,18.567383,18.388855,18.138290,18.442459,17.922905,17.833000,18.317345,17.742996,17.994759,18.102425,18.120361,18.335236,17.850990,18.138290,18.335236,18.030663,18.227867,18.030663,18.120361,18.281563,18.209953,18.156204,18.281563,17.868965,18.066551,18.406731,17.904930,17.886955,18.442459,17.850990,18.263664,18.048607,17.922905,17.922905,17.958839,17.922905,18.156204,17.922905,17.886955,18.102425,18.138290,17.868965,17.994759,17.598785,18.030663,17.598785,18.192039,17.904930,18.174133,17.580750,17.868965,17.958839,17.761002,17.688942,18.174133,17.815002,17.904930,18.048607,18.174133,17.994759,18.281563,18.084496,18.353111,17.958839,18.531708,17.652901,18.048607,17.598785,18.174133,17.815002,18.012718,18.066551,18.174133,18.245766,18.335236,17.850990,17.815002,17.850990,17.797005,17.761002,17.598785,17.779015,17.580750,17.904930,17.940880,17.922905,17.598785,17.652901,17.958839,17.273430,17.833000,17.526596,17.994759,17.544655,17.309639,17.598785,17.761002,17.670921,18.084496,17.580750,17.761002,17.472412,17.868965,17.742996,17.688942,17.634865,17.688942,17.886955,17.418190,17.598785,17.779015,17.634865,17.886955,17.761002,17.490471,17.761002,17.833000,17.418190,17.724983,17.544655,17.761002,17.706970,17.616829,17.833000,17.418190,17.146553,17.634865,17.562698,18.192039,17.526596,17.436272,17.815002,17.868965,17.761002,17.255310,17.580750,17.526596,17.940880,17.363930,17.472412,17.418190,17.706970,17.400101,17.706970,17.309639,17.273430,17.652901,17.922905,17.833000,17.400101,17.580750,18.030663,17.562698,17.616829,17.833000,17.580750,18.066551,17.200951,17.958839,17.815002,17.670921,17.562698,17.490471,17.742996,17.940880,17.850990,17.940880,17.833000,17.940880,17.164696,17.976807,17.706970,18.012718,18.245766,18.048607,17.850990,18.317345,18.245766,18.192039,18.084496,18.030663,17.706970,18.084496,18.192039,17.958839,17.833000,17.508537,18.156204,17.670921,18.048607,18.317345,18.066551,17.833000,18.012718,18.424599,18.281563,18.102425,17.616829,18.424599,18.066551,17.958839,18.120361,18.066551,18.120361,18.353111,18.048607,17.904930,17.958839,18.460312,18.442459,17.868965,18.406731,18.585213,17.508537,18.281563,18.012718,18.012718,18.102425,18.192039,18.603035,18.281563,17.706970,18.585213,18.299454,18.353111,18.048607,17.940880,18.138290,17.994759,18.192039,17.904930,17.976807,17.742996,17.850990,17.580750,17.345833,17.815002,17.994759,17.706970,17.418190,17.652901,17.146553,17.219078,17.219078,17.146553,16.673668,16.545914,15.959457,15.553970,15.646294,15.793800,15.701637,14.923637,15.072350,15.109489,14.849190,14.662788,15.220818,14.307571,14.960838,15.313492,14.700096,14.662788,14.644127,14.718750,14.774681,14.681450,14.979439,14.307571,14.494698,14.251350,14.419891,13.950951,14.382469,14.288834,14.213860,14.588127,14.195114,14.138817,13.762703,14.063721,13.838051,14.588127,14.082504,13.969765,13.932144,13.988556,14.345024,13.819221,13.743858,14.345024,13.592949,14.288834,14.044937,13.422867,13.913338,14.007355,13.347183,13.385033,13.743858,13.725006,12.376740,
16.253181,16.527649,16.436256,16.600693,17.055817,16.746590,16.819458,17.219078,17.019493,16.363075,17.001335,17.001335,16.637184,17.182823,16.655434,17.073982,17.164696,17.562698,17.200951,17.164696,17.634865,17.128418,17.382019,16.491104,17.128418,16.837654,16.892258,17.706970,17.073982,17.255310,17.164696,17.001335,16.964989,16.946808,16.983162,16.910439,17.055817,16.928627,17.779015,16.910439,17.110275,17.146553,17.508537,17.418190,16.946808,17.219078,17.490471,17.110275,17.092117,17.580750,17.904930,17.200951,17.255310,16.946808,17.400101,17.164696,17.055817,17.400101,17.200951,17.400101,17.706970,17.073982,17.200951,16.874062,17.490471,17.598785,17.345833,17.580750,17.400101,17.219078,17.634865,17.182823,17.490471,17.490471,17.363930,17.110275,17.400101,17.436272,17.526596,17.291534,17.472412,17.291534,17.472412,17.327736,17.562698,17.544655,17.454338,17.382019,17.580750,17.634865,17.779015,17.436272,17.073982,17.688942,17.706970,17.724983,17.742996,17.724983,17.670921,17.706970,17.958839,18.102425,17.454338,17.958839,17.868965,17.779015,17.580750,17.724983,17.868965,17.868965,17.994759,17.868965,17.833000,18.174133,17.922905,17.797005,17.815002,18.263664,18.245766,17.976807,17.850990,17.886955,18.048607,17.994759,17.940880,18.012718,17.779015,17.922905,17.833000,17.706970,17.616829,17.922905,17.868965,17.598785,18.048607,17.958839,17.868965,17.706970,18.066551,17.868965,17.833000,17.616829,17.904930,18.084496,17.958839,17.904930,17.904930,17.797005,17.761002,17.994759,17.688942,17.833000,17.761002,18.066551,18.209953,17.779015,17.670921,18.138290,17.779015,18.317345,17.958839,17.850990,17.652901,17.418190,17.976807,18.030663,17.958839,17.994759,18.227867,18.138290,18.192039,18.227867,18.478165,17.958839,17.976807,18.798882,18.084496,18.317345,18.513863,18.531708,18.406731,17.850990,18.299454,18.192039,18.388855,18.442459,18.496017,18.531708,18.335236,18.496017,18.549545,18.335236,18.638680,18.281563,18.138290,18.620857,18.816666,18.335236,18.460312,18.370995,19.082909,18.388855,18.727722,18.585213,18.656494,18.174133,18.656494,18.513863,18.120361,18.460312,18.834435,18.763306,18.923264,18.620857,18.656494,18.816666,18.941017,18.406731,19.047462,19.189156,18.887749,18.869980,18.905502,18.567383,18.905502,18.852211,18.834435,18.816666,19.153755,18.923264,18.852211,19.136055,18.887749,18.834435,18.692123,18.424599,18.887749,18.638680,18.958771,18.442459,18.834435,18.281563,18.674309,18.994255,19.082909,18.638680,19.082909,18.869980,18.709923,19.259926,18.941017,18.798882,18.567383,18.958771,19.011993,19.277603,18.976524,18.994255,19.224541,19.011993,18.958771,18.763306,18.816666,18.781090,19.047462,19.029732,19.047462,19.100624,19.401253,19.489464,19.082909,19.136055,19.277603,18.958771,19.401253,18.798882,18.958771,19.312950,18.834435,18.869980,18.549545,18.245766,18.460312,18.585213,18.388855,18.478165,18.976524,18.478165,18.281563,18.603035,18.442459,18.585213,18.442459,18.513863,19.189156,18.263664,18.656494,18.496017,18.281563,19.029732,18.887749,18.424599,18.442459,18.513863,18.585213,18.656494,18.335236,18.192039,18.245766,18.798882,18.388855,18.460312,18.406731,18.263664,17.922905,18.638680,18.406731,18.299454,18.012718,18.585213,18.012718,18.281563,18.066551,18.227867,18.388855,18.227867,18.299454,17.850990,18.531708,18.478165,18.192039,18.299454,18.549545,18.245766,17.922905,17.958839,18.209953,18.084496,18.299454,17.868965,18.156204,18.030663,17.850990,18.102425,18.299454,18.066551,18.012718,17.976807,18.084496,17.994759,18.496017,17.994759,18.335236,17.904930,17.815002,18.442459,18.030663,18.066551,18.012718,17.761002,18.084496,18.245766,18.156204,18.012718,17.958839,18.478165,18.084496,18.120361,18.084496,18.317345,17.779015,17.958839,17.724983,18.012718,17.976807,17.922905,18.209953,18.263664,17.904930,17.742996,17.833000,17.652901,17.850990,17.688942,17.904930,17.886955,18.012718,17.670921,17.833000,17.779015,18.048607,17.922905,17.904930,17.761002,17.994759,18.012718,18.317345,17.976807,18.227867,18.174133,18.281563,18.227867,17.797005,18.263664,17.779015,18.102425,18.066551,18.192039,17.886955,17.868965,18.066551,18.174133,18.460312,17.868965,17.833000,18.174133,17.904930,18.030663,18.335236,17.580750,17.940880,17.904930,17.850990,18.227867,17.922905,18.012718,18.066551,17.670921,17.670921,17.958839,18.066551,17.994759,17.868965,17.742996,17.850990,17.779015,17.544655,17.779015,17.544655,17.363930,17.742996,17.815002,17.833000,17.580750,17.652901,17.454338,17.490471,17.508537,17.940880,17.309639,17.922905,18.012718,17.922905,17.544655,17.706970,17.309639,17.940880,17.904930,17.815002,17.833000,17.400101,17.940880,17.237198,17.922905,17.706970,17.472412,17.958839,17.688942,17.815002,17.724983,17.634865,17.400101,17.598785,17.598785,17.544655,17.327736,17.761002,17.580750,17.688942,17.598785,17.526596,17.833000,17.688942,17.706970,17.940880,17.490471,17.779015,17.815002,17.742996,18.192039,17.958839,17.868965,17.273430,17.833000,17.688942,17.670921,17.616829,18.192039,17.273430,17.580750,17.779015,17.779015,17.544655,17.219078,17.454338,17.688942,17.833000,17.976807,17.797005,18.245766,17.904930,17.994759,18.567383,17.742996,17.922905,17.976807,18.030663,17.994759,18.012718,18.048607,17.976807,17.868965,17.904930,17.886955,17.922905,17.850990,18.084496,18.567383,17.922905,18.245766,18.317345,18.120361,17.761002,17.904930,18.012718,18.012718,17.976807,17.562698,17.742996,17.688942,18.084496,17.850990,18.102425,17.688942,18.030663,17.904930,18.192039,18.299454,18.263664,18.084496,18.030663,17.850990,18.281563,18.138290,17.976807,18.245766,18.066551,18.048607,18.227867,17.976807,18.227867,17.706970,17.724983,18.174133,17.922905,17.616829,18.460312,17.815002,17.490471,17.670921,17.652901,17.958839,17.670921,17.562698,17.146553,17.833000,17.418190,17.019493,17.418190,17.400101,17.255310,17.182823,17.037659,16.837654,16.746590,16.363075,16.308144,16.088081,15.646294,15.424561,15.165176,15.128059,14.662788,14.195114,14.513397,14.476006,14.307571,15.016617,14.644127,14.756035,14.811943,15.090919,14.644127,14.588127,14.923637,14.774681,14.382469,14.513397,14.905037,14.063721,14.532082,14.532082,14.569450,14.419891,14.063721,14.270103,14.082504,14.270103,14.082504,14.063721,14.044937,14.288834,14.120049,13.328255,14.363747,14.213860,14.026146,13.969765,14.157593,13.328255,14.345024,14.326302,13.838051,13.687294,13.498497,13.725006,13.403954,13.290382,13.195625,12.834679,
16.600693,16.381371,16.910439,16.582436,16.837654,16.892258,16.600693,16.417961,17.400101,16.509377,16.691910,17.001335,17.182823,16.216530,17.472412,16.472824,17.164696,16.855865,17.182823,16.673668,16.874062,17.019493,17.291534,16.874062,17.742996,17.237198,16.855865,16.691910,17.164696,16.618950,16.801247,17.092117,16.691910,17.382019,16.454536,17.382019,17.092117,16.527649,17.073982,17.418190,17.237198,17.436272,17.019493,17.110275,17.128418,17.001335,16.874062,17.472412,17.670921,17.164696,17.490471,17.309639,16.983162,16.855865,17.073982,17.652901,17.309639,17.400101,17.182823,17.526596,17.508537,17.436272,17.580750,17.544655,17.652901,17.652901,17.382019,17.363930,17.815002,17.688942,17.436272,17.598785,17.490471,17.652901,17.291534,17.309639,17.237198,17.237198,17.418190,17.382019,17.508537,17.237198,17.146553,17.001335,17.994759,17.382019,17.110275,17.508537,17.815002,17.706970,17.940880,17.472412,17.544655,17.345833,17.345833,17.345833,17.797005,17.273430,17.922905,17.237198,17.345833,18.084496,17.724983,17.490471,17.562698,17.418190,17.904930,17.652901,17.815002,17.670921,18.192039,17.958839,17.922905,18.120361,18.048607,17.868965,17.779015,17.742996,18.102425,17.724983,17.850990,17.868965,18.638680,18.192039,17.958839,17.940880,17.418190,17.779015,17.688942,17.904930,17.652901,17.616829,17.436272,17.580750,18.353111,17.940880,17.670921,17.976807,17.994759,17.886955,17.580750,17.436272,17.724983,17.761002,17.994759,17.833000,17.670921,17.652901,18.245766,17.580750,17.868965,18.012718,18.245766,17.779015,18.138290,17.634865,17.850990,18.012718,17.922905,17.797005,18.066551,17.904930,17.797005,17.815002,17.994759,18.156204,18.030663,17.976807,18.263664,17.598785,18.245766,18.102425,17.797005,18.370995,18.120361,18.174133,18.424599,17.922905,18.174133,17.724983,18.887749,18.335236,18.674309,18.263664,18.442459,18.335236,18.496017,18.299454,18.281563,18.263664,18.692123,19.118340,18.353111,18.656494,18.709923,18.531708,18.620857,18.245766,18.798882,18.638680,18.834435,18.370995,18.763306,18.603035,18.727722,19.082909,18.816666,18.478165,18.781090,18.567383,18.370995,18.424599,18.745514,18.674309,18.852211,18.513863,19.082909,18.603035,19.011993,18.674309,19.118340,18.852211,19.189156,18.531708,18.603035,18.941017,18.745514,18.816666,18.923264,18.585213,19.136055,18.798882,18.816666,18.763306,18.620857,18.531708,18.478165,18.781090,18.567383,18.727722,18.798882,18.976524,18.763306,18.603035,18.781090,18.638680,19.029732,18.869980,19.011993,18.798882,18.763306,18.994255,19.330627,19.029732,18.905502,18.745514,18.941017,19.118340,19.171471,18.869980,19.029732,18.976524,19.082909,19.365944,19.136055,19.153755,18.994255,19.011993,19.065178,18.674309,19.153755,18.834435,19.047462,19.136055,18.834435,18.941017,18.958771,18.460312,18.816666,18.905502,18.781090,18.994255,18.460312,18.138290,19.100624,18.798882,18.781090,18.370995,18.478165,18.424599,18.816666,18.281563,18.388855,18.370995,18.869980,18.638680,18.388855,18.638680,18.709923,18.585213,18.958771,18.531708,18.567383,18.727722,18.781090,18.674309,18.370995,18.263664,18.781090,18.549545,18.638680,17.976807,18.496017,18.638680,18.513863,18.048607,17.976807,18.209953,18.192039,18.585213,18.120361,18.281563,18.370995,18.048607,18.192039,18.048607,18.263664,18.066551,18.263664,17.904930,18.406731,17.958839,17.904930,17.761002,18.406731,18.245766,18.406731,17.958839,18.120361,18.048607,18.102425,18.353111,18.066551,18.066551,18.156204,17.886955,18.102425,18.030663,18.084496,18.120361,17.940880,18.174133,18.192039,18.227867,17.994759,18.245766,18.335236,17.797005,18.281563,18.299454,18.138290,17.958839,17.779015,17.815002,17.868965,18.030663,18.138290,17.958839,17.779015,17.904930,18.299454,18.281563,17.797005,17.958839,17.994759,18.192039,18.084496,17.544655,18.299454,17.994759,17.868965,17.815002,18.102425,17.904930,18.209953,17.976807,18.120361,17.940880,18.012718,17.958839,17.779015,17.976807,17.797005,17.958839,18.174133,17.958839,18.084496,18.138290,18.084496,18.192039,18.460312,18.120361,18.048607,17.886955,18.227867,18.102425,18.066551,18.138290,17.850990,17.833000,18.263664,18.102425,17.779015,17.886955,17.886955,17.940880,18.406731,17.833000,18.370995,18.156204,17.904930,17.904930,17.850990,18.030663,18.066551,17.706970,17.886955,17.797005,17.706970,17.994759,17.958839,17.868965,17.418190,17.779015,17.994759,17.886955,17.616829,17.904930,17.724983,18.263664,17.598785,17.309639,17.544655,17.688942,17.400101,17.634865,17.688942,17.508537,17.634865,17.598785,17.688942,17.544655,17.850990,17.688942,17.868965,17.454338,17.670921,17.652901,17.742996,17.688942,17.688942,17.833000,17.652901,17.580750,17.724983,17.436272,17.598785,18.030663,17.164696,17.544655,16.964989,17.761002,17.868965,17.200951,17.200951,17.544655,17.761002,17.761002,17.544655,17.382019,17.562698,17.742996,17.634865,17.146553,17.868965,17.598785,17.526596,17.616829,17.904930,17.001335,17.616829,17.761002,17.001335,17.454338,17.454338,17.833000,17.400101,17.562698,18.084496,17.634865,17.454338,17.544655,17.454338,17.940880,17.508537,18.048607,17.742996,17.652901,17.706970,17.490471,17.815002,18.048607,17.922905,18.066551,17.958839,17.634865,17.526596,17.976807,17.886955,17.994759,17.868965,17.850990,18.084496,18.048607,17.833000,18.030663,17.940880,18.335236,17.904930,17.922905,18.442459,17.886955,17.761002,17.833000,18.048607,17.850990,17.815002,17.652901,18.245766,17.652901,17.742996,17.797005,18.138290,17.724983,18.012718,17.994759,17.904930,18.478165,18.245766,17.994759,17.922905,17.922905,17.833000,18.370995,17.598785,17.544655,17.815002,18.281563,18.406731,17.706970,17.958839,18.138290,18.030663,17.868965,17.850990,18.335236,18.120361,17.363930,18.156204,17.001335,17.922905,17.706970,17.562698,17.580750,17.255310,17.128418,17.526596,17.833000,17.418190,17.237198,16.928627,16.764816,17.128418,16.892258,16.673668,16.289825,16.161499,15.793800,15.683197,15.553970,14.979439,15.406059,14.345024,14.700096,14.401184,14.867805,14.979439,14.550774,14.830566,15.646294,14.606796,14.700096,14.550774,14.644127,14.382469,14.326302,14.494698,14.288834,14.737404,13.932144,14.849190,13.969765,14.718750,13.969765,14.606796,14.176346,14.120049,14.363747,14.307571,13.725006,14.157593,13.630692,14.550774,14.251350,13.950951,14.157593,14.195114,14.044937,13.932144,14.213860,14.176346,13.498497,14.307571,13.460693,13.687294,13.592949,13.781540,13.950951,13.195625,13.005829,
16.198189,16.032974,16.874062,16.801247,16.837654,17.164696,16.874062,16.308144,16.637184,17.073982,17.092117,17.291534,17.019493,16.655434,17.037659,16.454536,16.928627,16.837654,17.073982,17.219078,17.001335,17.182823,17.037659,16.417961,16.964989,17.128418,16.764816,17.182823,17.200951,16.764816,17.037659,17.001335,16.801247,16.637184,16.964989,16.837654,17.490471,17.508537,17.237198,16.910439,16.618950,17.309639,16.983162,16.746590,17.110275,17.436272,17.345833,16.710136,16.892258,17.688942,17.309639,17.037659,17.237198,17.001335,17.327736,17.164696,17.200951,17.327736,17.164696,16.728371,17.562698,17.327736,17.652901,17.327736,17.868965,17.418190,17.219078,17.580750,17.291534,17.327736,17.219078,17.327736,17.128418,17.508537,18.048607,17.237198,17.073982,17.291534,17.508537,17.273430,17.850990,16.928627,17.382019,17.291534,17.418190,17.454338,17.092117,17.400101,17.092117,17.526596,17.833000,17.454338,17.490471,17.418190,17.436272,17.634865,17.634865,17.327736,17.742996,17.508537,17.797005,17.490471,17.001335,18.084496,18.227867,18.174133,17.508537,17.886955,17.454338,17.833000,17.001335,17.833000,17.958839,17.508537,17.994759,17.544655,17.652901,18.120361,18.012718,18.048607,17.886955,17.833000,17.994759,18.227867,17.886955,17.526596,17.850990,17.598785,17.598785,17.868965,17.994759,18.192039,17.815002,17.670921,17.922905,17.688942,18.012718,18.209953,17.833000,17.652901,17.976807,18.174133,17.761002,18.066551,18.102425,18.048607,17.724983,17.886955,18.084496,17.779015,18.084496,17.598785,17.850990,17.833000,17.940880,17.815002,18.174133,17.976807,17.652901,18.066551,18.156204,17.886955,18.048607,18.174133,17.922905,17.922905,18.066551,17.797005,17.886955,18.227867,18.478165,17.940880,18.156204,18.156204,18.048607,17.922905,18.370995,18.245766,18.120361,18.281563,18.531708,18.299454,18.781090,18.478165,18.353111,18.245766,18.370995,18.263664,18.388855,18.174133,18.513863,18.781090,18.370995,18.620857,18.709923,18.370995,18.549545,18.852211,18.674309,18.281563,18.638680,18.656494,18.763306,18.567383,18.406731,18.406731,18.531708,18.531708,18.869980,18.603035,18.745514,18.531708,18.478165,18.263664,18.763306,18.834435,18.585213,19.153755,18.727722,18.994255,18.905502,19.171471,18.674309,18.781090,18.692123,18.620857,19.118340,18.958771,18.976524,19.118340,18.496017,18.994255,18.656494,18.424599,18.692123,18.727722,19.047462,18.335236,18.709923,18.994255,18.834435,18.585213,19.011993,18.763306,18.905502,18.531708,18.976524,18.816666,18.887749,18.442459,19.029732,18.763306,18.905502,19.259926,18.958771,18.958771,19.011993,19.206863,18.798882,18.656494,19.047462,18.816666,18.887749,18.905502,19.224541,18.709923,19.136055,18.763306,19.418907,18.905502,19.153755,18.692123,18.798882,18.923264,19.383614,19.029732,19.136055,18.709923,18.941017,18.994255,18.692123,18.620857,18.549545,18.335236,18.388855,18.424599,18.531708,18.852211,18.442459,18.905502,18.603035,18.442459,18.478165,19.082909,18.745514,19.100624,18.317345,18.976524,18.549545,18.656494,18.816666,18.299454,18.156204,18.620857,18.638680,18.406731,18.674309,18.496017,18.549545,18.549545,18.353111,18.084496,18.048607,18.245766,18.192039,18.656494,17.886955,18.460312,18.156204,17.904930,18.299454,18.370995,18.227867,18.209953,17.779015,18.335236,18.192039,18.263664,18.406731,17.868965,18.388855,18.102425,18.263664,17.815002,18.263664,18.066551,18.245766,18.174133,18.263664,18.353111,18.281563,17.850990,18.102425,17.958839,18.066551,18.209953,18.012718,18.299454,17.850990,18.138290,18.281563,17.797005,18.227867,18.012718,17.868965,17.779015,18.030663,18.120361,17.958839,17.958839,18.084496,18.138290,18.370995,18.353111,18.209953,18.353111,18.048607,17.850990,17.922905,17.940880,17.833000,18.012718,18.299454,17.976807,17.815002,18.245766,18.406731,18.263664,18.227867,17.688942,18.192039,18.192039,18.102425,17.886955,17.779015,17.634865,18.120361,17.850990,18.156204,17.940880,17.598785,18.317345,18.066551,18.156204,18.227867,18.030663,17.922905,18.174133,18.066551,18.424599,18.102425,17.868965,17.922905,17.742996,18.138290,17.761002,18.102425,18.138290,18.120361,17.868965,18.174133,18.030663,18.353111,17.922905,17.652901,17.958839,18.174133,17.850990,18.192039,17.994759,18.156204,17.797005,18.066551,17.850990,18.174133,17.742996,17.994759,17.580750,17.797005,17.779015,18.084496,17.850990,17.634865,17.616829,17.670921,17.544655,17.382019,17.562698,17.490471,17.706970,17.958839,17.436272,17.436272,17.526596,17.670921,17.508537,17.418190,17.797005,17.363930,17.670921,18.012718,17.454338,17.418190,17.652901,17.779015,17.922905,17.526596,17.544655,17.850990,17.490471,17.761002,17.309639,17.309639,17.363930,17.688942,17.418190,17.616829,17.598785,17.055817,17.291534,17.652901,17.562698,17.400101,17.291534,17.508537,17.580750,17.508537,17.146553,17.544655,17.706970,17.400101,17.182823,17.309639,17.345833,17.779015,17.363930,17.562698,17.327736,17.418190,17.490471,17.472412,17.237198,17.345833,17.508537,17.886955,17.219078,17.580750,17.508537,17.688942,17.994759,17.761002,17.580750,17.868965,17.815002,17.616829,17.454338,17.904930,17.382019,17.742996,17.706970,17.490471,17.706970,17.815002,17.994759,17.363930,17.976807,17.886955,18.120361,18.156204,17.994759,17.833000,17.868965,18.460312,17.779015,17.922905,17.742996,18.030663,18.335236,17.779015,18.227867,17.742996,18.335236,17.797005,17.670921,17.976807,17.886955,17.940880,17.670921,17.976807,17.886955,17.634865,17.634865,17.904930,18.030663,18.120361,18.102425,18.156204,17.815002,18.263664,18.012718,17.815002,18.317345,18.192039,18.030663,17.833000,17.833000,17.868965,18.460312,18.245766,17.994759,18.531708,17.652901,17.797005,18.370995,17.797005,17.742996,18.156204,17.742996,17.526596,17.886955,17.634865,17.345833,17.940880,17.634865,16.837654,17.688942,17.255310,17.309639,17.291534,17.255310,16.964989,16.964989,16.673668,16.308144,16.216530,15.627831,16.032974,16.106438,15.775375,15.369041,14.811943,14.625465,14.569450,14.849190,14.270103,14.662788,14.681450,14.811943,14.494698,14.625465,14.942238,14.905037,14.811943,14.625465,14.849190,14.345024,14.270103,14.232613,14.251350,14.438606,14.082504,14.195114,14.270103,14.176346,14.494698,13.969765,14.550774,14.307571,14.251350,13.988556,14.401184,13.950951,14.082504,14.382469,13.668427,14.569450,14.532082,13.403954,14.307571,14.213860,13.988556,13.743858,14.232613,13.630692,13.611824,13.233543,14.007355,13.743858,12.644142,13.195625,
16.399666,16.764816,16.837654,16.600693,17.544655,16.582436,16.819458,16.837654,16.910439,16.691910,16.691910,16.363075,16.509377,16.819458,16.673668,16.564171,16.819458,17.110275,16.491104,16.928627,16.928627,17.001335,16.819458,16.655434,16.910439,16.399666,16.946808,17.237198,16.928627,17.146553,16.527649,17.055817,16.746590,16.874062,17.164696,16.728371,16.783035,16.874062,16.928627,17.580750,17.219078,16.928627,16.983162,17.001335,17.508537,17.146553,17.146553,16.928627,17.037659,17.706970,17.544655,16.837654,17.164696,17.273430,17.146553,17.345833,17.182823,17.092117,17.472412,17.742996,17.616829,17.436272,17.580750,17.037659,17.598785,17.273430,17.886955,17.291534,17.490471,17.273430,17.436272,16.946808,17.418190,17.327736,17.382019,17.490471,17.309639,17.273430,17.255310,17.400101,17.110275,17.110275,17.128418,17.182823,17.634865,18.048607,17.128418,17.562698,17.544655,17.237198,17.363930,17.976807,17.182823,17.219078,17.418190,16.964989,17.670921,17.976807,17.309639,17.652901,17.580750,17.868965,17.508537,17.779015,17.634865,17.922905,17.616829,18.335236,17.670921,18.084496,18.012718,17.742996,17.868965,17.688942,18.030663,17.994759,17.958839,17.742996,18.048607,18.048607,17.706970,17.742996,17.688942,17.742996,18.048607,17.634865,17.868965,17.670921,17.634865,17.598785,18.102425,17.670921,17.508537,17.886955,17.580750,17.779015,17.868965,17.797005,17.508537,17.850990,17.850990,18.066551,18.030663,17.797005,18.102425,17.237198,18.012718,17.779015,17.994759,18.084496,17.634865,17.724983,18.084496,17.976807,18.192039,17.815002,17.779015,17.797005,17.976807,17.958839,18.048607,18.012718,17.688942,17.994759,17.940880,18.388855,18.120361,18.353111,17.940880,17.940880,18.102425,18.066551,17.833000,18.084496,18.138290,18.120361,17.958839,18.299454,18.120361,17.994759,18.156204,18.335236,18.424599,18.370995,18.227867,18.567383,18.335236,18.084496,18.549545,18.424599,18.834435,18.335236,18.692123,18.603035,18.245766,18.478165,18.424599,18.905502,18.941017,18.120361,18.192039,18.692123,18.388855,18.603035,18.603035,18.388855,19.029732,18.281563,18.869980,18.531708,18.585213,18.370995,18.958771,18.709923,19.136055,18.496017,18.834435,18.567383,18.727722,18.816666,18.424599,18.388855,19.047462,18.745514,18.745514,18.923264,18.852211,19.011993,18.869980,18.674309,19.189156,18.923264,18.674309,18.941017,18.941017,18.834435,18.353111,18.798882,19.118340,18.923264,18.656494,18.585213,18.692123,18.905502,18.941017,18.603035,18.976524,18.869980,18.834435,18.763306,18.976524,18.370995,19.100624,18.994255,19.100624,18.816666,19.171471,19.029732,18.994255,18.887749,18.781090,18.585213,19.224541,18.745514,18.852211,18.958771,19.224541,18.941017,18.976524,18.994255,19.136055,18.781090,18.852211,19.383614,19.118340,19.100624,18.834435,19.029732,18.905502,18.923264,18.745514,18.585213,18.852211,18.245766,18.603035,18.745514,18.852211,18.620857,18.852211,18.692123,18.317345,18.638680,18.513863,18.353111,18.656494,18.941017,18.353111,18.994255,18.496017,18.727722,18.816666,18.335236,18.869980,18.727722,18.567383,18.335236,18.317345,18.531708,18.245766,18.603035,18.620857,18.478165,18.281563,18.692123,18.245766,18.209953,18.388855,18.335236,18.156204,17.994759,18.245766,18.335236,18.692123,18.281563,18.012718,18.317345,18.370995,17.922905,18.620857,18.174133,17.815002,18.138290,18.281563,18.156204,18.353111,18.460312,18.227867,18.388855,18.066551,17.815002,17.833000,18.245766,18.120361,17.940880,18.012718,18.192039,18.245766,18.192039,17.904930,18.030663,18.227867,18.066551,18.012718,18.460312,18.192039,17.940880,18.138290,17.958839,17.940880,17.886955,18.638680,18.102425,17.634865,17.868965,18.353111,17.940880,18.012718,17.958839,17.634865,17.958839,17.815002,18.066551,17.833000,17.958839,18.406731,18.192039,18.030663,17.472412,18.030663,17.797005,17.886955,17.958839,18.263664,17.562698,17.994759,17.652901,18.388855,17.815002,17.833000,17.833000,18.030663,17.922905,18.048607,17.670921,17.652901,17.994759,17.940880,17.742996,17.616829,17.940880,18.138290,17.815002,17.616829,18.299454,17.742996,17.833000,17.868965,17.652901,18.048607,18.084496,17.454338,18.549545,18.174133,17.761002,17.815002,17.742996,17.815002,17.797005,17.490471,18.281563,18.174133,18.138290,17.761002,17.490471,17.958839,17.670921,17.580750,17.327736,17.508537,17.706970,18.192039,17.616829,17.580750,17.544655,17.815002,17.670921,17.562698,17.255310,17.598785,17.940880,17.544655,17.634865,17.562698,17.652901,17.688942,17.652901,17.273430,17.616829,17.797005,17.382019,17.454338,17.779015,17.562698,17.598785,17.724983,17.652901,17.742996,17.833000,17.436272,17.761002,17.670921,17.815002,17.291534,17.652901,17.562698,17.327736,17.182823,17.815002,17.418190,17.724983,17.670921,17.544655,17.345833,17.472412,17.273430,17.363930,17.418190,17.652901,17.309639,17.363930,17.291534,17.706970,17.652901,18.012718,17.291534,17.670921,17.200951,17.904930,17.436272,17.598785,17.688942,17.219078,17.652901,17.436272,17.508537,17.309639,17.382019,17.219078,17.508537,17.797005,17.562698,17.526596,17.019493,18.102425,17.382019,17.688942,17.688942,17.904930,17.652901,17.436272,17.634865,18.012718,18.030663,18.460312,17.436272,17.868965,18.084496,17.562698,17.580750,17.598785,18.102425,17.815002,18.066551,17.634865,17.958839,18.603035,17.670921,18.263664,17.922905,18.048607,17.850990,18.156204,18.120361,17.436272,17.688942,17.706970,18.227867,17.761002,18.030663,18.263664,17.598785,18.030663,17.580750,17.761002,18.012718,17.670921,18.460312,18.245766,18.317345,18.209953,18.102425,17.634865,17.994759,17.652901,17.886955,17.670921,18.245766,18.353111,18.084496,18.066551,17.779015,18.263664,18.030663,17.742996,17.868965,18.209953,18.281563,17.670921,18.209953,18.084496,18.102425,17.652901,17.652901,17.940880,17.779015,17.761002,17.922905,17.634865,17.345833,17.200951,16.728371,17.128418,16.655434,16.491104,16.928627,16.069710,16.289825,16.216530,15.239365,14.960838,15.016617,14.774681,14.138817,14.082504,14.756035,14.494698,15.257896,14.101280,14.700096,13.969765,14.251350,14.979439,14.382469,14.457298,14.756035,14.438606,14.550774,14.457298,14.550774,14.774681,14.138817,14.120049,14.419891,14.082504,14.363747,13.932144,13.950951,14.195114,14.326302,13.611824,13.687294,14.550774,14.942238,13.875710,14.213860,13.800392,13.819221,14.494698,13.366112,14.307571,14.157593,14.232613,14.213860,14.157593,13.498497,13.668427,13.328255,13.460693,13.024826,12.815643,
16.216530,16.764816,16.637184,16.673668,16.892258,16.746590,17.019493,17.110275,16.783035,16.618950,16.564171,16.783035,16.673668,16.819458,17.291534,16.527649,16.874062,16.892258,17.092117,16.472824,16.491104,16.746590,17.128418,16.964989,17.001335,16.946808,16.837654,16.783035,17.019493,16.837654,16.764816,16.710136,16.874062,16.728371,17.309639,16.819458,17.237198,16.983162,17.255310,16.892258,16.783035,17.200951,16.783035,17.363930,17.273430,17.273430,17.309639,16.801247,17.110275,17.055817,17.309639,17.418190,17.363930,17.562698,17.779015,17.200951,17.508537,17.019493,17.400101,17.128418,17.382019,17.472412,17.544655,17.454338,17.418190,17.073982,17.019493,17.688942,17.400101,17.273430,17.670921,17.273430,17.436272,17.418190,17.219078,17.291534,17.019493,17.616829,17.761002,17.544655,17.562698,17.309639,17.255310,17.526596,17.037659,17.110275,17.182823,17.508537,17.562698,17.472412,17.562698,17.400101,17.327736,17.472412,17.436272,17.562698,17.508537,17.616829,17.309639,17.400101,17.670921,17.904930,18.156204,17.273430,17.490471,17.164696,17.616829,17.508537,17.815002,17.273430,17.688942,17.598785,17.598785,17.850990,17.200951,17.670921,17.922905,18.012718,17.797005,17.940880,17.742996,17.490471,18.156204,17.327736,18.012718,17.562698,17.634865,17.761002,17.382019,18.156204,17.688942,18.245766,17.994759,17.670921,17.815002,17.598785,17.309639,17.958839,18.156204,17.562698,17.868965,17.850990,17.833000,17.850990,17.904930,17.868965,17.490471,18.084496,17.868965,18.012718,17.904930,17.472412,18.048607,17.797005,17.652901,17.833000,17.976807,17.562698,18.048607,17.779015,18.084496,17.976807,17.958839,17.797005,17.833000,17.922905,18.460312,17.940880,17.958839,17.742996,17.868965,18.156204,17.868965,17.904930,18.174133,18.192039,18.388855,18.102425,18.370995,17.904930,18.281563,18.620857,18.174133,18.138290,18.120361,18.388855,18.209953,18.709923,18.781090,18.478165,18.941017,18.227867,18.335236,18.549545,18.781090,18.656494,18.887749,18.531708,18.869980,18.976524,18.442459,18.656494,18.603035,18.620857,18.798882,18.816666,18.460312,18.585213,18.958771,18.852211,18.370995,18.620857,18.478165,18.834435,18.834435,18.692123,18.727722,18.638680,18.905502,19.029732,18.745514,18.763306,18.531708,18.941017,18.905502,18.620857,18.460312,18.816666,18.620857,19.242241,18.905502,18.192039,18.816666,18.834435,18.798882,18.923264,18.692123,18.567383,18.834435,18.567383,19.153755,18.620857,19.047462,18.638680,18.656494,18.745514,19.047462,18.852211,18.656494,18.852211,18.763306,18.763306,18.674309,18.941017,19.011993,18.781090,18.763306,18.798882,18.887749,18.442459,18.656494,18.620857,18.941017,18.816666,18.549545,18.603035,18.781090,18.781090,18.674309,19.118340,18.958771,19.082909,18.887749,19.100624,19.136055,18.887749,18.869980,19.171471,18.603035,18.496017,18.834435,18.692123,18.513863,18.567383,18.388855,18.727722,18.781090,18.798882,18.852211,18.869980,18.549545,18.727722,18.709923,18.567383,18.816666,18.460312,18.281563,18.603035,18.245766,18.656494,19.047462,18.496017,18.656494,18.549545,18.138290,18.281563,18.317345,18.299454,18.263664,18.174133,18.478165,18.084496,17.850990,18.620857,18.353111,18.585213,18.192039,18.066551,17.994759,18.442459,18.460312,18.030663,18.513863,17.779015,18.066551,18.424599,18.370995,18.030663,18.102425,17.958839,18.388855,18.263664,18.156204,18.192039,18.209953,17.562698,18.335236,17.850990,18.048607,18.174133,18.066551,18.102425,18.138290,18.209953,17.742996,18.030663,18.030663,18.424599,17.688942,18.012718,17.761002,18.084496,18.192039,17.797005,18.012718,18.066551,17.994759,17.815002,18.156204,17.958839,18.227867,17.544655,17.994759,17.815002,17.904930,17.779015,18.245766,17.886955,17.436272,17.742996,17.761002,17.958839,18.263664,18.066551,17.797005,17.724983,17.670921,17.940880,17.976807,17.652901,18.245766,17.958839,17.742996,17.976807,18.048607,17.562698,17.706970,17.761002,17.706970,17.761002,17.868965,17.598785,18.030663,17.580750,17.886955,18.263664,17.904930,18.245766,18.012718,18.370995,18.138290,17.472412,17.868965,18.209953,18.513863,17.940880,17.833000,17.994759,17.562698,17.994759,17.797005,17.761002,18.209953,17.922905,17.850990,17.634865,18.370995,18.120361,18.299454,17.833000,17.868965,17.815002,17.562698,17.544655,17.761002,17.544655,17.815002,17.562698,17.922905,17.904930,18.012718,17.580750,17.850990,17.291534,17.472412,17.779015,17.400101,17.490471,17.833000,17.724983,17.562698,17.598785,17.958839,17.652901,17.526596,17.761002,18.012718,17.922905,17.255310,17.706970,17.472412,17.706970,17.634865,17.886955,18.012718,17.688942,17.544655,17.255310,17.400101,17.598785,17.418190,17.994759,17.652901,17.400101,17.345833,17.400101,17.779015,17.958839,17.994759,17.616829,17.255310,17.110275,17.544655,16.983162,17.490471,17.580750,17.200951,17.562698,17.779015,17.742996,17.400101,17.598785,17.742996,16.964989,17.742996,17.164696,17.616829,17.598785,17.526596,17.418190,17.255310,17.688942,17.724983,16.728371,17.454338,17.454338,17.544655,17.436272,17.904930,17.309639,17.055817,17.436272,17.472412,17.309639,17.562698,17.110275,17.526596,17.652901,17.652901,17.562698,17.833000,17.508537,17.580750,17.868965,17.562698,17.761002,17.724983,17.400101,18.388855,17.850990,18.066551,17.706970,17.616829,17.724983,18.406731,17.976807,18.227867,18.317345,17.742996,18.156204,18.012718,17.508537,17.904930,18.245766,17.868965,17.652901,18.209953,17.742996,17.958839,17.400101,17.652901,18.567383,17.940880,17.940880,17.868965,17.922905,17.850990,18.353111,18.335236,17.922905,18.084496,17.634865,18.335236,18.263664,18.192039,18.048607,18.156204,18.066551,17.976807,18.299454,18.317345,18.084496,18.263664,17.815002,17.904930,18.156204,17.994759,17.815002,17.562698,17.706970,18.066551,17.850990,17.940880,17.724983,17.652901,17.598785,17.273430,17.508537,17.055817,17.526596,17.092117,17.164696,16.710136,16.545914,16.618950,15.941071,15.793800,15.885872,15.849052,15.517014,14.998024,14.998024,14.363747,14.345024,14.007355,14.718750,14.681450,14.662788,14.849190,14.476006,14.270103,14.960838,14.588127,14.644127,14.513397,14.606796,14.401184,14.569450,14.363747,14.213860,14.082504,14.082504,14.401184,14.382469,13.819221,14.288834,14.213860,14.476006,13.725006,14.270103,14.007355,13.894524,13.950951,13.611824,14.307571,13.800392,14.157593,14.251350,13.611824,13.668427,13.498497,13.932144,13.781540,14.195114,13.555183,13.687294,13.725006,13.385033,13.762703,12.414986,
15.812218,16.910439,16.600693,16.673668,16.491104,17.092117,16.655434,16.983162,16.600693,17.110275,16.946808,16.509377,16.837654,16.710136,16.837654,16.946808,17.309639,16.710136,16.837654,17.073982,17.001335,16.946808,17.037659,16.673668,16.983162,16.801247,16.673668,16.801247,16.910439,17.472412,17.508537,16.582436,16.874062,16.308144,16.983162,17.255310,16.801247,16.436256,17.146553,17.255310,17.490471,16.874062,16.983162,17.037659,17.472412,17.237198,17.200951,17.019493,16.983162,17.327736,17.110275,16.910439,17.073982,16.928627,17.418190,17.037659,17.544655,17.037659,17.345833,17.001335,17.255310,17.958839,17.490471,17.327736,17.400101,17.237198,17.688942,17.200951,17.345833,17.472412,17.345833,17.309639,17.418190,17.237198,17.634865,17.073982,17.182823,17.400101,17.652901,17.255310,17.255310,17.526596,17.508537,17.237198,17.219078,17.400101,17.363930,17.833000,17.164696,17.164696,17.255310,17.382019,17.562698,17.815002,17.418190,17.219078,18.048607,17.544655,17.562698,17.742996,17.761002,17.868965,17.418190,17.454338,17.508537,17.580750,17.688942,17.580750,17.634865,17.833000,17.833000,17.742996,17.868965,17.544655,17.833000,17.779015,18.120361,18.174133,18.192039,17.706970,18.048607,17.833000,17.994759,17.418190,17.616829,17.958839,17.976807,17.688942,17.291534,17.868965,17.616829,17.797005,17.904930,17.400101,17.779015,17.833000,17.904930,17.544655,17.724983,17.688942,18.066551,18.012718,17.976807,17.958839,17.688942,17.779015,18.496017,17.652901,17.742996,17.363930,18.138290,17.742996,18.048607,17.797005,17.868965,18.120361,18.048607,17.688942,17.886955,17.886955,17.580750,18.192039,17.922905,17.706970,17.904930,18.066551,17.652901,18.012718,18.227867,18.227867,18.156204,17.868965,18.299454,18.012718,17.958839,18.012718,18.263664,18.138290,18.209953,17.797005,18.120361,18.066551,18.245766,18.174133,18.174133,18.388855,18.442459,18.531708,18.424599,18.585213,18.709923,18.227867,18.460312,18.869980,18.585213,18.460312,18.585213,18.424599,18.923264,18.656494,18.905502,18.317345,18.692123,18.905502,18.798882,19.082909,18.531708,18.370995,18.513863,18.692123,18.852211,18.496017,18.887749,18.674309,18.816666,18.852211,18.620857,18.638680,18.976524,18.869980,18.496017,18.585213,18.763306,18.976524,18.816666,19.065178,18.923264,18.353111,19.082909,18.727722,18.976524,18.816666,18.958771,18.692123,19.029732,18.709923,18.976524,18.798882,18.620857,18.674309,18.531708,18.674309,18.603035,18.869980,18.994255,19.242241,19.224541,19.047462,18.923264,18.923264,19.171471,18.994255,18.745514,18.638680,18.834435,19.011993,18.370995,18.709923,18.834435,18.941017,18.781090,18.531708,18.834435,18.567383,18.638680,18.887749,19.047462,18.603035,18.994255,18.834435,18.869980,18.674309,19.029732,18.763306,19.312950,19.082909,19.118340,18.905502,19.206863,18.478165,18.692123,18.567383,18.460312,18.406731,18.406731,18.549545,18.709923,18.513863,18.781090,18.763306,18.674309,18.192039,18.370995,18.674309,18.353111,18.781090,18.478165,18.709923,18.478165,18.496017,18.513863,18.585213,18.763306,18.513863,18.496017,18.353111,18.531708,18.263664,18.406731,18.066551,18.549545,18.012718,18.138290,18.138290,18.263664,18.084496,18.102425,17.922905,18.424599,18.263664,17.797005,18.084496,17.472412,18.030663,17.922905,18.066551,17.797005,18.245766,17.994759,17.976807,17.994759,17.670921,18.388855,18.156204,18.156204,17.886955,18.442459,17.958839,17.850990,17.779015,17.904930,17.922905,17.976807,17.868965,18.048607,18.120361,17.815002,17.797005,18.084496,17.922905,18.084496,17.580750,17.850990,18.245766,17.797005,18.192039,17.958839,17.940880,17.904930,17.688942,17.976807,17.652901,17.833000,17.797005,18.084496,17.922905,17.850990,17.940880,17.922905,17.598785,18.066551,17.940880,17.922905,17.868965,17.940880,17.922905,17.940880,17.761002,17.904930,17.219078,18.263664,18.030663,17.544655,17.868965,17.904930,17.219078,17.976807,18.066551,18.102425,17.652901,17.868965,17.706970,17.815002,17.706970,17.779015,17.598785,17.706970,18.174133,18.388855,17.544655,17.598785,17.833000,17.833000,17.779015,18.012718,17.562698,17.598785,17.976807,17.779015,18.192039,17.490471,17.779015,18.084496,18.048607,17.508537,18.227867,17.922905,17.598785,17.958839,17.850990,17.904930,17.526596,17.688942,17.164696,17.868965,18.120361,17.219078,17.309639,17.706970,17.761002,17.742996,17.291534,17.562698,17.562698,17.706970,17.580750,17.706970,17.490471,17.706970,17.255310,17.958839,17.598785,17.833000,17.400101,17.400101,17.454338,17.562698,17.454338,17.652901,17.688942,17.724983,17.742996,17.400101,17.922905,17.634865,17.797005,17.562698,17.291534,17.400101,17.454338,17.886955,17.724983,17.508537,17.436272,17.850990,17.779015,17.761002,17.110275,17.400101,17.363930,17.724983,17.164696,17.363930,17.309639,17.382019,17.291534,17.110275,17.562698,17.128418,16.928627,17.544655,17.092117,17.958839,17.670921,17.382019,17.291534,17.958839,17.363930,17.164696,17.382019,17.688942,17.815002,17.219078,17.472412,17.526596,17.219078,17.219078,17.146553,17.345833,17.868965,17.742996,16.819458,17.182823,17.850990,17.850990,17.037659,17.598785,17.904930,17.562698,17.850990,17.742996,17.562698,17.544655,17.779015,18.012718,17.670921,17.670921,17.904930,18.192039,18.012718,18.263664,17.976807,17.833000,17.868965,17.958839,17.850990,17.904930,17.815002,17.850990,17.958839,18.084496,18.084496,17.922905,17.940880,18.227867,17.994759,17.454338,17.688942,17.724983,18.012718,18.084496,18.192039,17.850990,17.797005,18.048607,17.976807,17.580750,18.335236,17.761002,18.120361,17.904930,18.192039,18.353111,18.263664,18.424599,18.317345,18.299454,18.156204,18.048607,17.940880,18.084496,18.120361,17.724983,17.868965,17.994759,17.508537,17.994759,17.688942,17.779015,17.634865,17.706970,17.922905,17.472412,17.255310,18.174133,17.508537,17.526596,17.055817,17.400101,16.910439,17.327736,16.637184,17.073982,16.710136,16.326462,16.308144,15.996223,15.627831,15.350533,15.406059,15.387550,15.701637,14.662788,14.494698,14.457298,14.662788,14.382469,14.960838,14.532082,14.438606,14.195114,14.494698,14.606796,14.532082,14.101280,14.270103,14.457298,14.756035,14.923637,14.326302,14.382469,13.950951,14.457298,14.363747,14.532082,14.681450,14.438606,14.700096,14.662788,14.737404,14.213860,14.494698,14.307571,14.513397,14.157593,13.932144,14.326302,14.307571,14.569450,14.063721,13.725006,13.875710,14.082504,13.743858,13.498497,14.063721,13.498497,13.762703,13.555183,12.567825,
15.553970,16.472824,16.417961,16.783035,16.618950,16.161499,16.509377,16.855865,17.219078,17.182823,16.600693,16.344765,16.710136,17.219078,16.983162,16.728371,16.564171,16.837654,16.764816,17.037659,17.001335,17.436272,16.655434,16.874062,16.783035,16.855865,16.454536,17.273430,16.983162,16.491104,16.837654,17.436272,17.182823,16.819458,16.691910,16.837654,17.309639,17.237198,17.001335,16.874062,17.182823,17.164696,17.055817,17.037659,17.544655,16.983162,17.237198,16.819458,17.110275,17.255310,16.910439,17.001335,16.874062,17.273430,17.200951,17.327736,17.110275,16.527649,17.200951,17.761002,17.037659,17.182823,17.418190,17.073982,17.742996,16.783035,17.327736,17.454338,17.128418,16.819458,17.255310,17.454338,17.073982,17.092117,17.219078,17.019493,17.400101,16.783035,17.544655,17.490471,17.164696,17.164696,17.436272,17.219078,16.855865,17.200951,17.436272,17.291534,17.345833,17.237198,17.237198,17.345833,18.012718,17.110275,17.580750,17.526596,17.273430,17.273430,17.526596,17.742996,17.382019,17.544655,18.030663,17.922905,17.886955,17.616829,17.327736,17.273430,17.779015,17.544655,17.815002,17.706970,17.634865,17.742996,17.634865,17.418190,17.562698,18.281563,17.904930,17.850990,17.958839,17.670921,17.833000,18.174133,17.742996,17.562698,17.436272,17.850990,17.797005,17.092117,17.958839,17.688942,18.030663,17.797005,17.598785,17.634865,17.598785,17.779015,17.850990,17.706970,18.048607,17.797005,18.084496,17.508537,17.940880,17.724983,17.598785,18.012718,17.797005,17.598785,17.886955,17.562698,18.120361,18.012718,17.850990,17.454338,18.012718,17.508537,17.976807,17.544655,17.652901,18.156204,17.922905,18.030663,18.102425,17.958839,18.066551,18.227867,18.227867,17.904930,17.994759,18.048607,17.922905,18.174133,17.580750,17.940880,17.922905,18.048607,17.850990,18.066551,17.940880,18.227867,18.442459,17.958839,18.138290,18.549545,18.335236,18.227867,18.656494,18.567383,18.388855,18.281563,18.281563,18.692123,18.745514,18.388855,18.406731,18.442459,18.549545,19.065178,18.335236,18.299454,18.603035,18.424599,19.065178,18.781090,18.816666,18.192039,18.727722,19.136055,18.442459,18.852211,18.424599,18.674309,18.442459,18.852211,18.816666,18.798882,19.100624,18.174133,18.958771,18.869980,18.852211,18.424599,18.656494,18.709923,18.941017,18.941017,18.531708,18.531708,18.603035,18.424599,18.406731,18.869980,18.887749,18.281563,18.620857,18.745514,18.798882,18.620857,18.905502,19.206863,18.709923,18.638680,18.941017,19.153755,18.816666,19.242241,18.976524,18.941017,18.763306,18.923264,19.047462,18.852211,18.745514,18.388855,18.656494,18.370995,18.442459,18.567383,18.656494,18.781090,18.656494,18.692123,18.941017,18.656494,19.047462,18.763306,18.834435,18.638680,18.852211,18.638680,18.727722,18.958771,18.994255,18.887749,19.118340,18.834435,19.118340,18.834435,18.816666,19.047462,18.798882,18.567383,18.656494,18.834435,18.227867,18.638680,18.549545,18.460312,18.781090,18.745514,18.976524,18.567383,18.156204,18.299454,18.442459,18.442459,18.460312,18.156204,18.585213,17.868965,18.460312,18.335236,18.585213,18.245766,18.549545,18.335236,18.496017,18.084496,18.156204,18.192039,18.263664,18.048607,18.192039,17.850990,18.388855,17.868965,17.976807,17.958839,17.833000,18.084496,18.674309,18.048607,17.833000,18.370995,18.227867,18.120361,18.030663,18.460312,17.886955,17.742996,18.388855,17.761002,18.370995,18.281563,18.084496,18.084496,17.868965,17.994759,17.833000,17.797005,17.850990,17.958839,17.850990,17.994759,18.227867,17.904930,18.084496,17.868965,17.634865,17.670921,17.652901,17.958839,17.779015,17.904930,17.815002,18.102425,17.958839,17.850990,17.797005,17.779015,17.742996,18.120361,17.976807,17.724983,18.048607,17.580750,18.120361,17.724983,18.012718,17.724983,18.066551,17.724983,17.976807,17.634865,17.868965,17.815002,17.761002,17.436272,17.761002,17.255310,17.976807,17.634865,17.724983,17.688942,18.030663,17.598785,17.833000,17.922905,18.281563,17.616829,18.353111,17.904930,17.958839,17.634865,17.544655,18.012718,18.012718,18.102425,17.797005,17.797005,17.868965,17.833000,17.652901,17.490471,17.724983,17.598785,17.616829,17.652901,17.994759,18.048607,18.192039,17.850990,17.958839,17.833000,17.598785,17.797005,17.833000,17.688942,17.706970,17.742996,17.742996,17.922905,17.490471,17.940880,17.616829,17.761002,17.562698,17.562698,17.922905,17.146553,17.309639,17.634865,17.580750,17.345833,17.815002,17.490471,17.544655,17.868965,17.742996,17.688942,17.436272,17.345833,17.309639,17.580750,17.454338,17.580750,17.868965,17.958839,17.616829,17.688942,17.418190,17.110275,17.724983,17.761002,17.291534,17.200951,17.436272,17.363930,17.761002,17.508537,17.309639,17.454338,17.273430,16.874062,17.652901,17.363930,17.508537,17.976807,17.508537,17.436272,17.580750,17.436272,17.562698,17.200951,17.327736,17.273430,17.382019,17.544655,17.273430,17.001335,17.976807,17.273430,17.092117,17.634865,17.273430,17.092117,17.200951,17.237198,17.598785,17.237198,17.363930,17.850990,17.200951,17.273430,17.146553,17.237198,17.454338,17.182823,17.291534,17.110275,17.345833,17.418190,17.490471,17.670921,17.761002,17.400101,17.850990,17.815002,17.958839,17.634865,17.904930,18.084496,17.886955,17.904930,17.562698,17.958839,18.263664,17.815002,18.442459,17.688942,18.335236,17.418190,18.281563,18.102425,17.850990,17.652901,18.245766,17.598785,18.066551,17.976807,17.850990,17.634865,17.742996,18.066551,17.868965,17.598785,18.030663,17.940880,18.174133,17.598785,17.742996,17.886955,17.976807,17.815002,18.030663,18.209953,17.670921,17.976807,17.868965,18.138290,17.526596,17.706970,18.102425,17.598785,18.370995,17.904930,18.012718,18.192039,18.138290,18.281563,18.388855,17.850990,17.670921,17.742996,17.724983,17.742996,17.345833,18.066551,18.066551,17.436272,17.922905,17.779015,17.219078,17.001335,17.544655,17.400101,17.580750,17.200951,16.892258,17.073982,16.892258,16.746590,16.691910,15.867470,15.590912,15.812218,15.035194,15.220818,14.979439,14.606796,14.401184,13.932144,14.867805,14.382469,14.979439,14.326302,15.072350,14.569450,14.700096,14.644127,14.905037,14.476006,14.942238,14.176346,14.756035,14.382469,14.176346,14.700096,14.606796,14.494698,14.588127,14.007355,13.725006,14.326302,14.326302,14.662788,13.932144,14.662788,13.687294,14.213860,14.007355,13.706154,14.251350,14.513397,14.270103,13.781540,14.101280,14.363747,13.988556,14.176346,14.138817,13.819221,14.213860,13.950951,13.894524,13.762703,13.081795,12.834679,
15.977844,16.491104,16.710136,16.491104,16.161499,16.436256,16.618950,16.655434,16.417961,16.837654,17.255310,16.069710,16.710136,16.582436,17.128418,16.600693,16.472824,16.527649,16.673668,16.728371,16.655434,16.491104,17.182823,16.289825,17.146553,16.673668,16.728371,16.014603,16.855865,16.801247,16.783035,16.491104,16.509377,16.691910,17.037659,17.255310,16.892258,17.146553,17.092117,17.273430,16.837654,16.509377,16.582436,17.019493,17.110275,17.291534,17.055817,17.146553,16.928627,17.055817,17.073982,16.983162,17.255310,16.874062,17.724983,16.783035,17.400101,16.910439,17.001335,17.110275,16.837654,16.910439,17.237198,17.073982,17.019493,17.400101,17.761002,17.200951,17.182823,16.874062,17.001335,17.544655,17.128418,17.182823,17.273430,16.819458,17.616829,17.219078,17.164696,17.037659,17.490471,17.073982,17.454338,17.110275,16.783035,17.128418,17.400101,17.128418,17.291534,17.200951,17.237198,17.598785,17.454338,17.418190,17.345833,17.580750,17.418190,17.146553,17.454338,17.598785,17.472412,17.652901,17.940880,17.670921,17.490471,17.490471,17.670921,17.616829,17.580750,17.904930,17.454338,17.724983,17.779015,17.418190,17.815002,17.526596,17.797005,17.490471,17.761002,17.688942,17.670921,17.670921,17.922905,17.526596,17.182823,17.833000,17.526596,17.526596,17.652901,17.815002,17.706970,17.237198,17.850990,17.001335,17.526596,17.833000,17.904930,18.066551,17.400101,17.833000,17.922905,17.688942,17.526596,17.688942,17.779015,17.761002,17.797005,17.562698,17.779015,17.345833,17.327736,17.652901,17.833000,18.030663,18.531708,17.779015,18.048607,18.156204,17.724983,17.815002,17.742996,18.353111,18.138290,17.688942,18.245766,17.958839,17.761002,17.706970,18.406731,17.490471,17.940880,18.209953,17.904930,18.066551,18.227867,17.886955,17.994759,17.922905,18.192039,17.815002,17.634865,17.994759,18.299454,18.317345,17.994759,17.922905,18.496017,17.940880,18.102425,18.209953,18.460312,18.281563,18.549545,18.048607,18.245766,18.549545,18.460312,18.299454,18.531708,18.478165,19.047462,18.531708,18.263664,18.869980,18.798882,18.869980,18.923264,18.852211,18.656494,18.745514,18.834435,18.424599,18.567383,18.869980,18.442459,18.709923,18.638680,18.513863,18.567383,18.709923,18.620857,18.531708,18.620857,19.082909,18.460312,18.388855,18.460312,18.567383,18.442459,18.781090,18.585213,18.656494,18.976524,18.353111,18.478165,18.603035,18.549545,18.549545,18.798882,18.567383,19.136055,18.656494,18.674309,18.638680,19.011993,18.727722,18.958771,19.330627,19.011993,18.852211,19.029732,18.656494,18.798882,19.047462,18.745514,18.976524,18.638680,18.976524,18.549545,18.209953,18.335236,18.424599,18.603035,18.656494,18.745514,18.727722,18.585213,18.692123,18.994255,19.082909,18.905502,18.620857,19.029732,18.816666,18.869980,18.727722,18.603035,18.923264,18.585213,18.567383,18.460312,18.638680,18.745514,18.923264,18.531708,18.406731,18.798882,18.620857,18.406731,18.335236,18.245766,18.496017,18.478165,18.281563,18.406731,18.281563,18.227867,18.496017,18.245766,18.335236,18.531708,18.567383,18.638680,18.335236,18.781090,18.460312,18.585213,18.442459,18.245766,18.245766,18.335236,18.442459,18.388855,18.209953,18.281563,18.084496,18.174133,18.227867,18.138290,18.048607,17.940880,18.048607,17.922905,18.335236,18.084496,18.030663,18.335236,17.761002,17.742996,17.850990,18.048607,17.761002,17.761002,17.670921,18.048607,17.868965,18.138290,18.066551,17.904930,17.526596,18.120361,18.263664,18.120361,17.706970,17.688942,17.598785,18.102425,17.688942,17.904930,17.833000,17.976807,17.652901,18.227867,18.012718,18.066551,17.544655,17.742996,17.761002,17.761002,17.742996,17.472412,17.940880,17.508537,17.688942,18.084496,17.634865,17.940880,17.670921,17.904930,17.616829,18.012718,17.850990,18.012718,17.490471,17.634865,17.688942,17.454338,17.833000,17.580750,17.598785,17.761002,17.868965,17.544655,17.670921,17.922905,18.012718,17.688942,17.724983,17.940880,18.245766,17.616829,17.761002,17.761002,17.598785,17.670921,18.084496,17.904930,17.454338,17.904930,17.688942,18.192039,17.940880,18.066551,17.904930,18.012718,17.815002,17.652901,17.526596,17.815002,17.742996,17.779015,17.706970,17.940880,17.797005,17.544655,17.724983,17.724983,18.066551,18.030663,17.670921,17.490471,17.868965,17.706970,17.922905,17.562698,17.255310,17.850990,17.652901,17.598785,17.327736,17.400101,17.724983,17.670921,17.688942,17.273430,17.940880,17.779015,17.634865,17.237198,17.958839,17.958839,17.562698,17.652901,17.670921,17.454338,17.634865,17.886955,17.128418,18.174133,17.490471,17.526596,17.291534,17.634865,17.580750,17.544655,17.418190,17.400101,17.706970,17.200951,17.382019,17.761002,17.454338,17.670921,18.012718,17.472412,17.724983,17.562698,17.526596,17.490471,17.958839,17.055817,17.436272,17.815002,17.526596,17.706970,17.327736,17.055817,17.598785,17.200951,17.436272,17.562698,17.526596,17.652901,17.400101,17.291534,17.182823,17.526596,17.490471,17.508537,17.418190,17.418190,17.219078,17.454338,17.237198,17.400101,17.200951,17.273430,17.019493,17.255310,17.237198,17.436272,17.598785,17.761002,17.345833,17.454338,17.128418,17.490471,16.910439,18.388855,17.797005,17.886955,17.616829,17.904930,18.138290,17.850990,18.084496,17.688942,18.030663,17.994759,18.370995,17.994759,17.994759,18.030663,17.976807,17.761002,17.922905,18.138290,18.120361,17.363930,18.245766,18.066551,18.084496,18.102425,17.833000,18.245766,17.418190,17.922905,17.815002,17.868965,17.815002,17.742996,17.580750,17.922905,17.976807,18.727722,18.084496,17.670921,17.562698,17.976807,17.779015,18.174133,17.761002,17.833000,17.868965,17.670921,18.317345,18.227867,18.138290,18.102425,17.940880,17.868965,18.120361,17.634865,17.994759,17.598785,17.850990,17.868965,17.886955,17.922905,18.156204,18.192039,17.904930,17.526596,17.706970,17.128418,17.382019,17.797005,17.327736,17.490471,16.928627,17.110275,16.801247,16.874062,16.509377,16.454536,15.720085,15.904274,15.683197,15.590912,15.072350,15.239365,14.700096,14.737404,14.138817,14.737404,14.849190,14.886414,14.849190,14.774681,14.363747,14.363747,14.438606,14.457298,14.867805,14.644127,14.251350,14.662788,14.830566,14.923637,13.894524,14.419891,14.625465,13.781540,14.494698,14.288834,14.662788,14.811943,13.819221,14.307571,14.138817,14.270103,14.774681,14.382469,14.550774,13.988556,13.894524,14.120049,13.950951,13.969765,14.044937,14.176346,14.251350,13.856880,13.969765,13.498497,13.762703,14.063721,13.422867,12.338478,13.252487,
15.885872,16.673668,16.837654,16.326462,16.491104,16.618950,16.728371,16.728371,16.855865,16.069710,16.582436,16.946808,16.618950,16.582436,16.691910,16.582436,16.564171,16.491104,16.673668,16.764816,16.363075,16.289825,16.764816,16.472824,16.509377,16.819458,16.964989,16.637184,16.983162,16.472824,17.164696,16.527649,17.037659,16.728371,16.472824,16.454536,17.092117,16.746590,16.600693,16.855865,17.363930,16.801247,16.618950,16.801247,17.073982,16.983162,17.128418,17.273430,16.964989,16.874062,17.490471,16.874062,17.019493,16.946808,16.417961,16.910439,17.706970,16.910439,17.363930,17.634865,17.019493,17.526596,17.472412,16.564171,17.092117,16.910439,17.164696,17.146553,17.382019,17.418190,17.670921,17.400101,17.418190,17.472412,17.219078,16.910439,16.874062,17.001335,17.761002,17.724983,17.182823,17.291534,17.237198,17.237198,17.363930,17.255310,17.706970,16.946808,17.779015,16.655434,17.418190,17.327736,17.940880,17.055817,17.146553,17.345833,17.382019,17.182823,17.490471,17.363930,17.958839,17.255310,17.724983,17.994759,17.616829,17.634865,17.472412,17.164696,17.562698,16.910439,17.815002,17.309639,18.066551,17.309639,17.418190,17.670921,17.634865,17.724983,17.634865,17.472412,17.724983,17.797005,17.562698,17.580750,17.688942,17.237198,18.192039,17.526596,17.688942,17.182823,17.761002,17.598785,17.922905,17.472412,17.327736,17.761002,17.418190,17.598785,17.761002,17.904930,17.761002,17.868965,17.634865,18.263664,17.904930,17.904930,17.345833,17.994759,17.634865,17.526596,17.904930,17.706970,18.335236,17.779015,17.724983,17.976807,17.833000,17.886955,17.670921,17.598785,17.922905,17.994759,17.958839,17.634865,18.012718,17.815002,17.742996,17.868965,17.868965,17.634865,17.994759,17.958839,17.815002,17.976807,18.245766,17.634865,18.030663,17.815002,17.994759,17.958839,17.940880,17.940880,18.406731,17.994759,17.976807,18.406731,17.922905,18.335236,18.442459,18.066551,18.245766,18.709923,18.227867,18.192039,18.442459,18.727722,18.102425,18.603035,18.585213,18.674309,18.656494,18.745514,18.976524,18.335236,18.227867,18.567383,18.887749,18.798882,18.496017,18.620857,18.798882,18.852211,18.905502,18.460312,18.727722,18.656494,18.674309,18.692123,18.656494,18.727722,18.958771,18.816666,18.299454,19.047462,19.047462,18.869980,18.745514,18.585213,19.136055,19.189156,18.781090,19.011993,18.263664,18.567383,18.513863,18.603035,18.549545,18.245766,18.603035,18.834435,18.656494,18.976524,18.958771,18.603035,18.976524,18.709923,18.674309,18.709923,18.852211,19.401253,18.656494,18.567383,18.816666,18.816666,19.082909,18.531708,18.976524,18.638680,18.513863,18.424599,18.727722,18.692123,18.674309,18.424599,18.798882,18.299454,18.887749,19.100624,18.994255,18.406731,19.082909,18.478165,18.941017,19.100624,18.816666,18.745514,18.656494,18.727722,19.153755,18.709923,18.174133,18.994255,18.941017,18.567383,18.603035,18.692123,18.638680,18.370995,18.478165,18.335236,18.549545,18.531708,18.138290,18.120361,18.424599,18.531708,18.478165,18.567383,18.406731,18.174133,18.192039,18.353111,18.478165,18.531708,18.442459,18.281563,18.263664,18.353111,18.192039,18.048607,18.513863,18.120361,18.531708,18.048607,18.281563,18.138290,18.066551,17.797005,18.084496,18.174133,17.886955,18.478165,18.245766,18.066551,18.048607,17.940880,18.192039,18.263664,17.976807,18.209953,17.616829,17.958839,18.066551,17.742996,17.779015,18.192039,17.976807,18.030663,17.868965,17.904930,17.688942,17.779015,18.120361,17.688942,17.670921,17.850990,18.281563,17.904930,17.670921,17.815002,18.192039,17.724983,18.102425,17.779015,17.779015,17.976807,17.634865,18.174133,18.066551,17.634865,17.886955,17.868965,17.940880,17.508537,17.634865,17.291534,17.706970,17.454338,17.833000,17.761002,18.030663,17.454338,18.012718,17.598785,18.209953,18.120361,17.598785,17.544655,17.706970,17.598785,17.833000,17.688942,17.761002,17.940880,17.994759,17.580750,18.245766,17.436272,17.724983,17.976807,17.815002,17.598785,17.688942,17.688942,17.922905,18.209953,18.066551,17.833000,17.904930,17.436272,17.616829,17.742996,17.904930,17.706970,17.850990,17.742996,17.562698,17.850990,17.868965,17.490471,18.030663,17.652901,18.174133,17.886955,17.598785,17.886955,17.580750,17.958839,17.779015,17.562698,17.761002,17.761002,17.634865,17.544655,17.833000,17.400101,17.490471,17.526596,17.526596,17.544655,17.544655,17.958839,17.706970,17.670921,17.797005,17.706970,17.761002,17.454338,17.128418,17.490471,17.544655,17.724983,17.219078,17.508537,17.562698,17.706970,17.436272,17.616829,17.327736,17.616829,17.652901,17.508537,17.616829,17.742996,17.526596,17.382019,17.904930,17.382019,17.490471,17.868965,17.526596,17.797005,17.219078,17.472412,17.273430,17.580750,17.237198,17.219078,17.580750,17.779015,17.382019,17.526596,17.291534,17.688942,17.309639,17.182823,17.418190,17.055817,17.598785,17.742996,17.616829,16.964989,17.544655,17.291534,17.255310,16.964989,17.291534,17.363930,17.400101,16.874062,17.400101,17.544655,17.598785,17.345833,17.273430,17.562698,17.688942,17.418190,17.382019,16.874062,17.436272,17.273430,17.742996,17.363930,17.580750,17.436272,17.652901,17.200951,17.562698,17.237198,17.382019,17.797005,18.442459,17.580750,17.779015,17.833000,18.478165,18.012718,17.904930,18.120361,17.868965,17.779015,18.388855,17.815002,17.940880,18.012718,18.102425,18.156204,17.779015,17.850990,17.833000,17.670921,18.227867,17.706970,17.508537,18.531708,17.868965,18.138290,17.652901,17.958839,17.508537,17.761002,17.940880,17.797005,17.237198,18.066551,17.886955,17.815002,18.513863,17.454338,17.904930,18.066551,18.066551,18.406731,17.904930,17.797005,18.209953,18.012718,18.406731,18.120361,17.940880,17.761002,18.030663,18.245766,17.868965,17.526596,17.706970,17.742996,17.833000,17.634865,17.146553,17.886955,17.490471,17.580750,17.327736,17.526596,17.580750,17.363930,17.055817,17.200951,17.092117,16.855865,16.472824,16.436256,16.618950,15.775375,15.350533,15.977844,15.941071,15.146614,15.239365,15.257896,14.513397,14.532082,14.774681,14.438606,14.532082,15.165176,14.213860,14.476006,14.532082,14.457298,14.270103,14.867805,14.718750,14.270103,14.419891,14.120049,14.700096,14.044937,14.867805,13.856880,14.101280,14.382469,14.120049,13.781540,14.101280,14.026146,14.457298,14.120049,13.988556,15.016617,14.494698,14.270103,14.176346,14.718750,14.044937,14.307571,13.969765,14.307571,14.120049,13.743858,13.762703,14.044937,13.687294,13.498497,13.611824,13.687294,13.611824,12.853714,
16.216530,16.088081,16.088081,16.472824,16.289825,16.399666,16.691910,16.673668,16.728371,16.326462,16.600693,16.472824,16.655434,16.746590,16.618950,16.783035,17.182823,16.326462,16.618950,16.509377,16.691910,16.928627,16.582436,16.618950,16.928627,16.381371,16.983162,16.472824,16.783035,17.001335,17.019493,16.545914,16.691910,16.582436,17.454338,17.273430,16.928627,16.910439,17.164696,16.910439,16.783035,17.092117,16.892258,16.545914,17.037659,16.783035,16.655434,17.237198,17.200951,16.928627,16.582436,17.219078,16.728371,16.801247,16.837654,16.801247,17.400101,17.472412,17.779015,17.400101,17.291534,17.363930,17.128418,17.055817,16.983162,17.237198,16.855865,17.146553,16.928627,17.418190,17.001335,17.182823,17.146553,17.092117,17.001335,17.110275,17.255310,17.327736,17.073982,16.946808,17.472412,17.110275,17.400101,17.055817,16.928627,17.182823,17.544655,17.327736,17.526596,17.164696,17.037659,17.019493,17.182823,17.291534,16.928627,17.454338,17.562698,17.382019,17.273430,17.092117,17.472412,17.742996,17.815002,17.652901,17.670921,17.580750,17.833000,17.508537,17.544655,17.724983,17.761002,17.363930,17.904930,17.400101,17.724983,17.652901,18.102425,17.688942,17.562698,18.066551,17.345833,17.327736,17.868965,17.526596,17.634865,17.580750,17.940880,17.544655,17.345833,17.345833,17.580750,17.164696,17.436272,17.490471,17.868965,17.922905,17.363930,17.670921,17.868965,17.508537,18.066551,17.761002,17.544655,17.490471,17.779015,17.490471,17.273430,17.850990,17.815002,17.958839,17.327736,17.544655,17.400101,17.670921,17.724983,17.706970,17.994759,17.761002,17.904930,17.273430,17.940880,17.922905,17.779015,17.309639,17.833000,17.652901,18.066551,17.670921,17.904930,17.779015,17.850990,18.102425,17.940880,17.833000,17.779015,17.922905,17.634865,17.904930,18.317345,17.904930,18.496017,18.353111,18.299454,18.585213,18.245766,18.620857,18.424599,18.030663,18.209953,18.120361,18.066551,18.549545,18.353111,18.424599,18.424599,18.603035,18.638680,18.549545,18.958771,18.585213,18.531708,19.047462,18.603035,18.727722,18.674309,18.816666,18.442459,18.674309,18.798882,18.798882,18.852211,18.478165,18.353111,18.388855,18.442459,18.709923,18.585213,18.709923,18.674309,18.638680,18.656494,18.852211,18.745514,18.388855,19.047462,18.869980,18.781090,18.585213,18.727722,18.834435,18.638680,18.869980,18.834435,18.763306,18.496017,18.478165,18.656494,18.496017,18.638680,18.424599,18.585213,19.011993,18.834435,18.513863,18.727722,18.620857,18.549545,19.436554,19.312950,19.171471,19.047462,18.923264,18.905502,18.887749,18.603035,18.442459,18.852211,18.905502,18.709923,18.692123,18.781090,18.781090,18.138290,18.674309,18.781090,19.100624,18.549545,18.958771,18.816666,18.460312,18.513863,18.620857,18.976524,18.745514,18.585213,18.834435,18.869980,18.727722,18.709923,18.674309,18.585213,18.567383,18.674309,18.869980,18.941017,18.763306,18.745514,18.549545,18.335236,18.585213,18.406731,18.424599,18.798882,18.763306,18.335236,18.674309,18.727722,18.620857,18.513863,18.513863,18.531708,18.638680,18.353111,18.531708,18.763306,18.156204,18.531708,18.138290,18.585213,18.048607,18.406731,18.209953,18.245766,17.958839,18.012718,18.192039,18.245766,17.940880,18.192039,18.299454,18.263664,17.868965,18.012718,17.940880,18.227867,18.227867,17.958839,18.299454,18.245766,17.598785,17.670921,18.120361,18.120361,17.850990,17.761002,18.048607,17.994759,18.030663,18.209953,18.209953,17.833000,17.868965,18.156204,17.761002,17.868965,17.886955,18.084496,17.850990,17.994759,18.174133,17.742996,17.940880,17.886955,17.904930,17.815002,17.724983,17.833000,17.922905,17.958839,18.192039,17.742996,17.940880,17.454338,17.670921,17.958839,18.030663,17.544655,17.562698,18.030663,17.833000,17.652901,17.886955,18.263664,17.940880,18.317345,17.886955,17.940880,17.580750,18.245766,17.309639,17.976807,17.797005,17.886955,18.048607,17.797005,17.833000,17.436272,18.138290,17.327736,17.994759,17.815002,17.562698,17.815002,17.562698,17.688942,17.940880,17.670921,17.868965,17.742996,18.209953,18.066551,17.616829,17.706970,17.815002,17.904930,17.616829,17.634865,17.815002,17.544655,17.886955,17.797005,17.833000,17.724983,17.904930,18.048607,17.418190,17.850990,17.616829,17.815002,17.922905,17.526596,17.904930,17.273430,17.508537,17.940880,17.544655,17.652901,17.904930,17.182823,17.850990,17.688942,17.850990,17.382019,17.418190,17.418190,17.652901,17.815002,17.562698,17.706970,17.544655,17.904930,17.508537,17.886955,17.146553,17.724983,17.868965,17.363930,17.182823,17.670921,17.327736,17.382019,17.688942,17.652901,17.634865,17.291534,17.706970,17.688942,17.382019,17.327736,17.400101,17.436272,17.652901,17.273430,17.237198,17.436272,17.508537,17.400101,17.182823,17.400101,17.092117,17.508537,17.073982,17.688942,17.508537,17.472412,17.037659,17.562698,17.327736,17.092117,17.273430,17.291534,17.309639,17.688942,17.182823,17.146553,17.327736,17.544655,17.255310,17.037659,17.092117,17.001335,17.327736,17.418190,17.019493,17.436272,17.508537,17.562698,16.910439,17.544655,16.910439,17.255310,17.544655,17.164696,17.327736,17.255310,17.400101,17.219078,16.618950,17.327736,17.237198,17.652901,17.472412,17.940880,17.688942,18.370995,17.815002,17.454338,17.634865,17.616829,17.345833,18.120361,17.994759,18.281563,17.598785,17.742996,17.742996,17.815002,17.616829,17.833000,17.544655,18.549545,17.472412,17.706970,17.670921,17.706970,17.580750,18.066551,17.797005,17.886955,17.291534,17.742996,18.138290,18.156204,17.255310,17.797005,17.724983,17.761002,17.634865,17.850990,17.850990,18.066551,18.370995,17.904930,18.245766,18.209953,18.156204,18.370995,18.138290,17.922905,18.209953,18.335236,18.245766,18.174133,17.544655,18.317345,17.706970,17.724983,17.670921,17.779015,17.688942,17.436272,17.544655,17.508537,17.779015,17.580750,17.634865,17.382019,17.436272,17.400101,16.983162,17.200951,16.491104,16.983162,16.655434,16.271500,15.849052,15.922668,15.867470,15.313492,14.830566,14.681450,14.718750,14.550774,14.363747,14.494698,14.588127,15.016617,14.923637,14.830566,14.923637,14.195114,14.569450,14.849190,14.550774,14.960838,14.662788,14.662788,14.718750,14.644127,13.950951,14.251350,13.856880,14.923637,14.195114,13.856880,14.419891,14.363747,13.743858,13.913338,14.213860,14.232613,14.438606,13.969765,13.988556,14.307571,13.668427,13.988556,14.307571,13.913338,14.138817,14.382469,13.706154,13.611824,13.687294,13.536285,13.290382,13.725006,14.063721,13.214584,12.929794,
15.959457,16.618950,16.472824,16.509377,16.582436,17.037659,16.892258,16.381371,16.381371,16.655434,17.110275,17.110275,16.710136,16.436256,16.545914,16.855865,16.509377,16.271500,16.928627,16.728371,16.910439,16.946808,16.491104,16.399666,16.417961,16.417961,16.399666,16.801247,17.110275,16.381371,16.728371,16.874062,16.819458,16.655434,17.182823,16.363075,16.545914,16.509377,16.289825,16.746590,16.691910,17.182823,16.509377,16.964989,16.801247,16.928627,16.691910,16.837654,16.655434,16.691910,16.946808,17.037659,16.819458,16.819458,17.237198,17.200951,17.019493,16.564171,16.855865,17.073982,17.255310,16.928627,17.508537,16.819458,17.382019,17.055817,17.200951,17.400101,17.164696,16.928627,17.219078,17.055817,17.688942,17.037659,17.562698,16.545914,17.273430,17.146553,17.237198,17.110275,17.219078,17.327736,17.164696,16.946808,17.508537,17.200951,17.073982,17.327736,17.073982,17.128418,17.652901,17.110275,17.706970,17.291534,17.363930,17.382019,17.706970,17.327736,17.652901,17.454338,17.472412,17.724983,17.164696,17.508537,17.363930,17.508537,17.562698,17.309639,17.670921,17.146553,17.886955,17.958839,17.815002,17.670921,17.652901,17.400101,17.761002,17.544655,17.868965,17.490471,17.779015,17.616829,17.670921,17.616829,17.255310,17.345833,18.245766,18.048607,17.544655,17.526596,17.544655,17.436272,17.797005,17.019493,17.742996,17.309639,17.670921,17.886955,17.616829,17.688942,17.562698,17.273430,17.886955,17.886955,18.048607,17.868965,17.598785,17.706970,17.904930,17.652901,17.868965,17.815002,18.084496,17.958839,17.850990,17.797005,17.508537,17.598785,17.490471,17.868965,18.012718,17.219078,17.616829,18.030663,17.634865,17.652901,17.382019,17.904930,18.084496,17.562698,18.030663,17.616829,18.084496,17.436272,17.976807,17.940880,18.012718,17.886955,17.815002,18.012718,17.815002,18.102425,18.245766,18.030663,17.886955,18.406731,18.281563,18.227867,18.299454,18.281563,18.603035,18.066551,18.317345,18.549545,18.245766,18.513863,18.317345,18.674309,18.763306,18.709923,18.709923,18.994255,18.549545,18.692123,18.727722,18.424599,18.638680,18.674309,18.834435,19.171471,18.227867,19.153755,19.242241,18.941017,18.674309,18.567383,18.958771,18.709923,18.941017,18.549545,18.834435,18.976524,19.065178,18.585213,18.798882,18.727722,18.763306,18.638680,18.620857,18.585213,18.531708,19.136055,18.905502,18.816666,19.082909,18.549545,18.869980,18.745514,18.692123,18.763306,18.923264,18.549545,19.171471,18.603035,18.727722,19.136055,18.994255,18.923264,19.029732,19.065178,19.082909,19.118340,19.029732,18.905502,18.281563,18.869980,18.781090,18.816666,18.513863,18.692123,18.674309,18.656494,18.905502,18.585213,18.763306,18.709923,18.781090,18.585213,18.994255,18.370995,19.153755,18.834435,18.869980,18.496017,18.674309,18.442459,19.065178,18.388855,18.478165,18.692123,18.567383,18.798882,18.745514,18.709923,18.460312,18.567383,18.869980,18.442459,18.620857,18.531708,18.299454,18.299454,18.781090,18.460312,18.281563,18.513863,18.048607,18.317345,18.192039,18.513863,18.531708,18.281563,18.281563,18.869980,18.424599,18.174133,18.084496,18.281563,18.531708,18.531708,18.745514,18.048607,18.281563,18.388855,18.227867,18.192039,18.138290,18.156204,18.012718,18.388855,17.742996,17.994759,18.156204,17.815002,18.138290,18.030663,18.156204,18.066551,18.012718,17.940880,18.084496,17.958839,17.922905,17.868965,17.761002,18.066551,18.406731,18.030663,18.048607,17.833000,18.066551,18.012718,17.833000,17.868965,17.868965,17.562698,17.958839,17.976807,17.976807,17.706970,18.048607,17.670921,17.976807,17.886955,18.102425,17.850990,17.742996,17.904930,18.048607,17.598785,17.724983,18.209953,17.779015,17.850990,17.815002,17.544655,17.922905,17.544655,18.102425,17.327736,17.976807,18.263664,17.958839,17.868965,17.779015,17.706970,17.904930,17.616829,18.120361,17.418190,17.724983,17.345833,17.797005,17.815002,17.598785,17.634865,17.940880,17.598785,17.382019,17.833000,17.994759,17.815002,17.904930,17.833000,17.742996,17.724983,18.030663,17.544655,17.904930,18.174133,17.742996,17.436272,17.526596,17.454338,17.598785,17.526596,17.526596,17.436272,17.454338,17.454338,17.345833,17.761002,17.382019,17.418190,17.797005,17.940880,17.706970,17.797005,17.562698,18.030663,17.815002,17.544655,17.850990,17.886955,17.092117,17.363930,17.706970,17.598785,17.616829,17.382019,17.544655,17.922905,17.544655,17.598785,17.418190,17.544655,17.345833,17.508537,17.146553,18.030663,17.418190,17.904930,17.309639,17.797005,17.652901,17.508537,17.400101,17.742996,17.382019,17.291534,17.219078,17.345833,17.291534,17.327736,17.688942,17.598785,17.164696,17.200951,17.255310,17.363930,17.291534,17.146553,17.508537,17.382019,17.291534,17.273430,17.255310,17.345833,17.037659,17.110275,17.182823,17.073982,17.110275,17.490471,17.742996,17.073982,17.382019,17.110275,17.309639,17.345833,17.255310,17.868965,17.073982,17.580750,17.436272,17.400101,17.055817,17.146553,17.110275,16.837654,17.490471,17.200951,16.637184,16.819458,17.200951,17.001335,17.454338,17.490471,17.598785,17.652901,17.472412,16.928627,17.797005,17.073982,17.164696,17.454338,17.327736,17.092117,17.472412,17.418190,17.850990,17.562698,17.562698,17.562698,17.940880,17.904930,17.815002,17.815002,17.670921,18.030663,18.066551,17.797005,17.815002,17.544655,17.958839,17.345833,17.670921,18.227867,17.958839,17.904930,17.652901,17.761002,17.706970,18.138290,18.209953,17.345833,18.227867,17.797005,17.904930,18.335236,17.634865,17.652901,17.922905,17.940880,18.335236,17.815002,17.922905,17.688942,17.742996,17.976807,18.048607,18.012718,18.263664,17.761002,18.299454,17.958839,18.424599,18.281563,17.815002,18.227867,17.976807,18.245766,17.922905,18.066551,17.994759,18.012718,18.317345,17.886955,17.886955,18.192039,17.490471,17.958839,18.156204,17.110275,17.363930,17.580750,17.110275,17.742996,16.655434,17.055817,17.273430,16.600693,16.618950,16.691910,15.977844,16.051353,16.124794,16.289825,15.239365,15.276436,14.886414,14.811943,14.419891,15.109489,14.476006,14.644127,14.942238,14.026146,14.662788,14.513397,15.072350,14.793312,14.793312,14.625465,14.457298,14.737404,14.886414,14.195114,14.513397,14.625465,13.706154,14.811943,14.307571,13.819221,14.120049,14.120049,13.687294,14.213860,14.363747,14.532082,13.762703,13.781540,14.251350,14.251350,13.856880,13.706154,14.419891,13.592949,14.213860,13.592949,13.875710,13.328255,13.819221,13.932144,13.969765,13.988556,13.630692,13.005829,13.347183,12.986824,
16.161499,16.326462,16.928627,16.216530,16.637184,17.128418,16.527649,16.289825,16.491104,16.509377,16.691910,16.179840,16.964989,16.417961,16.545914,16.582436,17.128418,16.381371,17.200951,16.618950,16.855865,16.582436,16.399666,16.928627,17.146553,16.655434,16.819458,16.179840,16.454536,16.271500,17.019493,16.582436,16.618950,16.691910,16.855865,16.308144,17.237198,16.964989,16.983162,16.874062,17.291534,16.837654,17.001335,16.983162,16.783035,16.801247,16.801247,16.946808,16.892258,17.110275,16.964989,17.255310,16.728371,16.637184,16.855865,17.182823,16.910439,16.983162,17.200951,16.837654,17.327736,16.801247,17.291534,17.237198,16.910439,17.092117,17.382019,17.309639,17.436272,17.128418,17.345833,16.983162,17.345833,16.928627,17.001335,16.783035,17.418190,17.092117,17.255310,16.819458,17.742996,17.562698,16.600693,17.128418,17.110275,16.946808,17.219078,17.001335,16.946808,16.874062,17.382019,16.801247,17.128418,17.146553,17.237198,17.526596,17.291534,16.710136,17.219078,17.400101,17.237198,17.363930,17.652901,17.580750,17.490471,17.598785,17.508537,17.508537,17.634865,17.580750,17.327736,17.634865,17.598785,17.761002,17.363930,17.526596,17.922905,17.994759,17.562698,17.688942,18.156204,17.562698,17.706970,17.616829,17.616829,17.616829,17.418190,17.182823,17.526596,17.598785,17.400101,17.616829,17.724983,17.237198,17.815002,17.073982,17.454338,17.544655,17.815002,17.508537,18.138290,17.400101,17.815002,17.886955,17.652901,18.102425,17.273430,17.508537,17.958839,17.688942,18.066551,17.994759,17.976807,17.779015,17.508537,17.418190,17.616829,18.174133,18.012718,17.724983,18.048607,17.562698,18.084496,18.048607,17.652901,17.472412,17.868965,17.706970,17.868965,17.976807,18.388855,17.904930,18.245766,17.850990,17.833000,17.779015,18.066551,17.976807,18.012718,17.976807,18.424599,17.580750,18.174133,17.994759,18.156204,18.048607,17.940880,18.478165,18.567383,18.513863,18.460312,17.886955,18.585213,18.370995,18.656494,18.549545,18.674309,18.567383,18.496017,18.496017,19.029732,18.442459,18.905502,18.620857,18.603035,18.781090,18.905502,18.798882,18.958771,18.869980,18.656494,18.852211,18.620857,18.567383,19.524719,18.763306,19.082909,18.567383,19.118340,18.763306,18.798882,19.029732,18.923264,18.549545,18.638680,18.852211,19.011993,18.852211,19.047462,18.834435,18.852211,18.781090,18.834435,18.638680,19.011993,18.941017,18.460312,18.406731,18.638680,18.958771,18.941017,18.941017,18.442459,19.047462,18.763306,19.047462,18.781090,19.259926,19.277603,18.692123,19.082909,19.011993,18.620857,19.171471,19.047462,18.745514,18.834435,18.442459,18.834435,18.567383,18.317345,18.798882,18.424599,18.406731,18.781090,18.496017,18.692123,18.745514,18.406731,19.029732,18.709923,18.567383,18.388855,18.781090,18.763306,18.370995,18.976524,18.335236,18.603035,18.513863,18.513863,18.531708,18.531708,18.638680,18.620857,18.460312,18.638680,18.335236,18.603035,18.603035,18.567383,18.834435,18.674309,18.798882,18.816666,18.478165,18.406731,18.513863,18.620857,18.460312,18.209953,18.692123,18.549545,18.227867,18.709923,18.245766,18.549545,18.478165,17.976807,18.317345,18.335236,18.442459,18.496017,18.299454,18.388855,18.531708,18.227867,18.299454,18.406731,18.084496,17.994759,18.763306,17.994759,18.335236,18.084496,18.120361,17.688942,18.138290,18.317345,17.904930,17.976807,17.761002,18.335236,17.779015,18.192039,18.012718,17.526596,17.922905,18.048607,17.922905,17.797005,17.706970,17.922905,17.363930,17.652901,18.066551,17.724983,17.688942,18.012718,17.833000,17.886955,17.345833,17.779015,17.400101,17.652901,17.976807,17.706970,17.797005,17.742996,17.706970,17.508537,17.400101,17.706970,17.508537,17.652901,17.580750,17.922905,17.363930,17.327736,17.526596,17.779015,18.012718,17.940880,17.922905,17.688942,17.273430,18.120361,17.255310,18.048607,17.454338,17.886955,17.742996,17.652901,17.562698,17.922905,17.418190,17.436272,17.400101,17.598785,17.580750,17.544655,17.164696,17.526596,17.255310,18.012718,17.652901,17.400101,17.706970,17.779015,17.562698,17.761002,17.436272,17.219078,17.490471,17.797005,17.345833,17.652901,17.724983,17.436272,16.746590,17.652901,17.400101,17.472412,17.363930,17.363930,17.779015,17.490471,17.634865,17.436272,17.580750,17.761002,17.580750,18.030663,17.309639,17.761002,17.436272,17.761002,17.598785,17.670921,17.327736,17.688942,17.436272,17.850990,17.418190,17.128418,17.490471,17.454338,17.200951,17.345833,17.400101,17.706970,17.400101,16.983162,17.436272,17.219078,17.634865,17.219078,17.382019,17.237198,17.382019,17.436272,17.255310,17.291534,17.580750,17.436272,17.472412,17.490471,17.092117,17.472412,17.382019,17.309639,16.910439,17.182823,17.490471,17.327736,17.382019,17.345833,17.182823,17.562698,17.598785,17.706970,17.382019,17.273430,17.055817,17.309639,17.345833,17.706970,17.508537,17.055817,17.128418,17.273430,17.219078,17.472412,17.200951,17.400101,17.073982,17.508537,16.728371,17.055817,17.146553,17.562698,17.182823,17.001335,17.670921,17.001335,17.200951,17.418190,17.110275,17.128418,17.291534,17.200951,17.291534,16.910439,17.255310,17.327736,17.327736,17.652901,16.928627,17.688942,17.761002,17.454338,17.237198,17.436272,17.922905,17.797005,18.120361,17.544655,17.598785,17.868965,17.958839,17.182823,18.048607,18.120361,18.442459,17.616829,17.526596,18.012718,17.490471,17.418190,17.850990,18.048607,18.460312,18.138290,17.958839,18.012718,18.102425,18.084496,17.815002,17.868965,17.580750,18.066551,17.724983,17.994759,17.670921,18.138290,17.526596,18.030663,17.616829,17.670921,18.138290,18.281563,18.192039,17.868965,18.048607,18.460312,18.353111,18.192039,18.478165,17.886955,18.084496,18.227867,17.688942,18.353111,18.263664,18.102425,17.868965,18.084496,17.598785,17.742996,17.706970,17.616829,17.670921,18.192039,17.886955,17.255310,16.874062,17.652901,17.164696,17.037659,17.182823,17.092117,16.618950,16.600693,16.691910,15.996223,16.198189,16.088081,15.590912,15.480049,15.369041,14.569450,14.213860,14.905037,14.120049,14.494698,14.532082,14.401184,14.569450,14.681450,14.569450,14.288834,14.662788,14.774681,13.932144,14.401184,14.382469,14.588127,14.326302,14.345024,14.793312,14.326302,14.532082,14.326302,14.457298,14.569450,14.232613,14.718750,14.251350,14.588127,14.176346,14.176346,14.026146,14.082504,13.800392,13.649567,14.457298,14.007355,13.460693,13.988556,14.288834,13.913338,13.819221,14.063721,13.950951,13.819221,13.138725,13.706154,13.668427,12.967819,12.625069,
15.332008,16.143143,16.527649,16.051353,16.216530,16.472824,16.399666,16.014603,16.928627,16.509377,16.855865,16.564171,16.509377,16.764816,16.564171,16.545914,16.472824,16.051353,16.454536,16.637184,16.509377,16.234848,16.436256,16.728371,16.564171,17.146553,16.673668,16.582436,16.344765,16.399666,16.454536,16.819458,16.637184,16.253181,16.783035,16.618950,16.582436,16.106438,16.801247,17.164696,16.837654,17.164696,16.892258,16.764816,16.728371,17.019493,17.219078,16.874062,16.637184,16.582436,17.309639,16.855865,16.618950,16.783035,16.783035,17.110275,16.673668,16.637184,17.634865,17.092117,17.073982,16.837654,16.874062,17.200951,17.092117,17.073982,16.691910,16.983162,16.946808,17.110275,17.073982,17.345833,16.964989,17.255310,17.164696,16.946808,16.874062,16.910439,17.327736,17.219078,17.508537,16.837654,17.019493,17.110275,17.273430,17.073982,16.892258,16.910439,17.073982,17.146553,17.562698,17.182823,17.001335,17.092117,17.490471,17.237198,17.472412,17.073982,17.164696,17.255310,17.472412,17.418190,17.742996,17.382019,17.508537,17.309639,17.363930,17.490471,17.904930,17.761002,17.688942,17.237198,17.418190,17.237198,17.454338,17.454338,17.976807,17.652901,17.922905,18.245766,17.761002,17.562698,17.797005,17.797005,17.904930,17.309639,17.400101,17.688942,17.652901,17.724983,17.797005,17.255310,17.815002,17.797005,17.616829,17.688942,17.273430,17.922905,17.616829,17.454338,17.670921,17.598785,17.490471,17.508537,17.345833,17.688942,17.652901,17.761002,17.562698,17.779015,17.508537,17.544655,18.102425,17.742996,17.922905,17.761002,17.886955,17.815002,17.508537,17.652901,18.048607,18.120361,17.598785,18.030663,18.460312,17.724983,17.490471,17.922905,17.940880,18.012718,18.209953,18.263664,17.670921,17.742996,17.761002,17.797005,17.797005,18.030663,17.958839,18.317345,18.102425,17.904930,18.174133,17.850990,18.012718,18.388855,18.192039,17.958839,18.549545,18.442459,18.549545,18.209953,18.585213,18.549545,18.585213,18.370995,18.102425,18.549545,18.549545,18.281563,18.603035,18.763306,18.816666,18.442459,18.603035,18.674309,18.745514,18.887749,18.905502,18.709923,18.905502,18.638680,18.656494,19.011993,18.674309,18.745514,18.549545,18.852211,18.620857,18.763306,18.585213,18.478165,18.958771,18.798882,18.816666,18.745514,18.958771,18.709923,18.709923,18.763306,18.834435,18.905502,18.781090,18.869980,18.958771,19.401253,18.656494,18.763306,18.227867,18.478165,18.281563,18.567383,18.460312,18.603035,18.976524,18.976524,19.577583,18.620857,19.100624,18.887749,18.887749,19.011993,19.171471,18.958771,18.727722,19.047462,18.745514,18.852211,19.100624,18.709923,18.335236,18.692123,18.692123,18.763306,18.976524,18.709923,18.941017,18.370995,18.478165,18.798882,18.798882,18.816666,18.869980,18.335236,18.585213,18.460312,18.442459,19.065178,18.353111,18.674309,18.905502,18.674309,18.709923,18.513863,18.209953,18.424599,18.869980,18.388855,18.656494,18.549545,18.513863,18.549545,18.227867,18.513863,18.048607,18.317345,18.496017,18.263664,18.281563,18.763306,18.299454,18.460312,18.496017,18.281563,18.281563,18.263664,18.048607,18.299454,18.012718,18.531708,18.496017,18.335236,18.620857,18.263664,18.335236,17.904930,18.299454,18.030663,18.174133,17.797005,17.850990,18.030663,18.156204,18.299454,18.281563,17.976807,17.724983,17.724983,17.670921,17.562698,18.281563,18.353111,17.670921,17.742996,17.833000,17.904930,17.670921,17.634865,17.922905,17.616829,17.833000,17.652901,17.436272,17.436272,17.454338,17.616829,17.976807,17.868965,17.490471,17.526596,17.652901,17.382019,17.562698,17.761002,17.724983,17.761002,17.598785,17.652901,17.580750,17.580750,17.940880,17.742996,17.706970,17.418190,17.616829,17.797005,17.634865,17.472412,17.815002,17.400101,17.454338,17.418190,17.922905,17.273430,17.922905,17.670921,17.544655,17.400101,18.084496,17.418190,17.580750,17.200951,17.779015,17.562698,17.958839,17.634865,17.562698,17.092117,17.219078,17.418190,17.001335,17.562698,17.562698,17.779015,17.779015,17.779015,17.436272,17.055817,17.652901,17.616829,17.797005,17.382019,17.146553,17.544655,17.526596,17.400101,16.928627,17.508537,17.706970,17.598785,17.073982,17.508537,17.418190,17.490471,17.797005,17.544655,17.363930,17.526596,17.670921,17.598785,17.940880,17.670921,17.706970,17.742996,17.886955,17.309639,17.544655,17.706970,17.182823,17.616829,17.345833,17.418190,17.490471,17.490471,17.922905,17.418190,17.616829,17.309639,17.363930,17.291534,17.706970,17.400101,16.964989,17.255310,17.490471,17.110275,17.418190,17.761002,17.382019,17.436272,17.472412,17.652901,17.291534,17.309639,17.345833,17.779015,17.616829,17.526596,17.273430,17.508537,17.309639,17.526596,17.110275,17.472412,17.670921,17.400101,17.562698,17.019493,17.092117,17.345833,17.146553,17.019493,17.652901,17.309639,17.073982,17.616829,17.508537,17.255310,17.418190,17.327736,17.146553,16.874062,17.291534,17.073982,17.472412,17.688942,16.892258,16.545914,17.472412,16.928627,16.928627,16.783035,17.454338,16.874062,17.128418,17.508537,17.490471,16.892258,17.508537,17.345833,17.037659,17.291534,17.255310,17.237198,17.761002,17.219078,17.598785,17.273430,17.237198,17.742996,17.742996,17.598785,17.634865,17.886955,17.490471,17.688942,17.327736,17.526596,17.779015,17.742996,18.030663,17.976807,17.797005,18.138290,18.209953,17.382019,17.850990,17.833000,17.508537,17.526596,18.102425,18.084496,17.815002,17.958839,17.580750,17.526596,18.120361,17.940880,17.797005,18.066551,18.066551,17.779015,17.815002,17.886955,17.868965,18.353111,17.904930,18.102425,18.012718,17.742996,18.102425,18.424599,18.370995,18.317345,17.761002,18.174133,18.245766,17.833000,18.192039,18.263664,17.850990,17.886955,18.478165,18.138290,17.742996,17.886955,17.850990,17.562698,18.066551,17.797005,17.958839,17.742996,17.850990,17.237198,17.219078,17.363930,17.868965,17.309639,17.164696,17.291534,16.746590,16.946808,16.527649,16.363075,16.289825,15.867470,16.106438,15.627831,15.461563,14.942238,14.998024,14.345024,14.345024,15.053780,14.793312,14.830566,15.239365,14.513397,14.681450,14.213860,14.681450,15.053780,14.923637,14.644127,14.718750,14.044937,14.251350,13.894524,13.969765,14.157593,14.101280,14.756035,14.457298,14.363747,14.326302,14.307571,14.044937,14.307571,14.569450,14.101280,14.363747,13.781540,13.838051,14.157593,14.401184,13.819221,14.082504,13.950951,14.176346,14.195114,14.007355,13.385033,14.063721,13.875710,13.687294,13.309326,13.366112,13.479599,13.024826,13.271439,
16.143143,16.564171,16.436256,15.941071,16.143143,16.454536,16.363075,16.783035,16.618950,16.308144,16.161499,16.527649,16.618950,16.472824,16.161499,16.216530,16.673668,16.399666,17.219078,16.234848,16.819458,16.179840,16.892258,16.783035,16.892258,16.564171,16.710136,16.472824,16.509377,16.691910,17.200951,16.381371,16.655434,16.637184,16.234848,16.764816,16.910439,16.527649,16.910439,16.710136,16.637184,16.509377,17.001335,17.037659,17.092117,16.855865,16.801247,16.910439,17.237198,16.308144,16.764816,17.055817,16.728371,17.273430,17.146553,16.946808,16.783035,16.855865,17.273430,17.055817,16.964989,17.345833,17.128418,17.019493,17.327736,17.146553,16.964989,16.855865,16.855865,17.255310,17.472412,16.928627,16.819458,17.219078,17.309639,17.019493,17.309639,16.964989,16.983162,16.801247,17.598785,17.255310,16.855865,16.964989,17.219078,17.110275,17.092117,17.146553,17.182823,17.001335,17.219078,16.600693,17.309639,16.874062,16.892258,17.327736,17.490471,16.892258,16.964989,17.055817,17.019493,17.146553,17.128418,17.472412,17.526596,17.363930,17.454338,17.327736,17.761002,17.436272,17.436272,17.616829,17.345833,17.237198,17.508537,17.634865,17.472412,17.327736,17.958839,17.273430,17.562698,16.983162,17.833000,17.797005,17.850990,17.797005,17.724983,17.237198,17.815002,17.634865,17.363930,17.815002,17.418190,17.472412,17.724983,17.472412,17.400101,17.055817,17.255310,17.382019,17.940880,17.526596,17.490471,17.724983,17.886955,17.580750,17.273430,17.634865,17.598785,17.634865,17.922905,17.868965,17.922905,17.706970,17.940880,17.904930,17.779015,17.526596,17.868965,17.797005,17.868965,17.634865,17.670921,17.761002,17.779015,17.544655,17.850990,17.634865,17.815002,17.976807,17.779015,18.209953,17.797005,17.833000,18.388855,17.922905,17.886955,18.120361,17.797005,17.652901,18.209953,17.724983,17.940880,17.815002,18.102425,18.174133,17.940880,18.370995,18.424599,18.192039,18.406731,18.209953,18.335236,18.745514,18.281563,18.227867,18.852211,18.424599,18.478165,18.406731,18.478165,18.353111,18.424599,18.781090,18.513863,18.531708,19.206863,18.905502,18.674309,18.656494,18.923264,18.781090,18.656494,18.887749,19.011993,18.692123,18.958771,18.531708,19.011993,18.585213,19.047462,18.585213,19.259926,18.549545,18.656494,19.047462,18.941017,18.603035,18.941017,18.656494,18.763306,18.709923,18.798882,18.388855,18.567383,18.745514,18.781090,19.029732,18.692123,18.513863,18.549545,18.745514,18.745514,19.029732,18.798882,18.869980,19.029732,18.781090,19.171471,18.852211,19.206863,18.958771,19.100624,18.869980,18.603035,18.531708,18.727722,18.727722,18.798882,18.513863,18.816666,18.727722,18.798882,18.245766,18.245766,18.442459,18.638680,19.065178,18.442459,18.692123,18.692123,18.299454,18.638680,18.869980,18.460312,18.567383,18.923264,18.745514,18.745514,18.603035,18.674309,18.317345,18.406731,18.370995,18.603035,18.156204,18.549545,18.549545,18.460312,18.335236,18.513863,18.388855,18.603035,18.370995,18.263664,18.496017,18.120361,18.478165,18.227867,18.406731,18.496017,18.156204,18.370995,18.603035,18.424599,18.245766,18.281563,18.388855,17.922905,18.353111,18.335236,18.138290,18.424599,18.102425,18.102425,17.833000,18.120361,18.227867,18.120361,18.012718,17.886955,18.102425,17.958839,17.850990,17.815002,17.742996,17.706970,18.048607,17.797005,18.012718,17.922905,17.418190,17.940880,17.922905,17.761002,17.598785,17.994759,18.030663,17.850990,17.976807,17.616829,17.797005,17.779015,18.030663,17.562698,17.345833,17.490471,17.688942,17.092117,17.850990,17.128418,17.616829,17.345833,17.508537,17.418190,17.580750,17.037659,17.616829,17.580750,17.472412,17.418190,17.815002,17.544655,17.940880,17.779015,17.544655,17.850990,17.616829,17.761002,17.055817,17.994759,17.454338,17.670921,17.868965,17.580750,17.255310,17.904930,17.454338,17.580750,17.055817,17.544655,17.490471,17.562698,17.418190,17.580750,17.092117,17.454338,17.309639,17.562698,17.237198,17.472412,17.616829,17.652901,17.146553,18.030663,17.922905,17.345833,18.048607,17.562698,17.418190,17.454338,17.598785,17.472412,17.598785,17.634865,17.940880,17.616829,17.436272,17.273430,17.363930,17.616829,17.418190,17.472412,17.706970,17.345833,17.742996,17.526596,17.382019,17.182823,17.490471,17.706970,17.472412,17.327736,17.706970,17.400101,17.598785,17.237198,17.327736,17.634865,17.436272,17.688942,17.850990,17.200951,17.472412,17.544655,17.761002,17.418190,17.291534,17.779015,17.724983,17.146553,17.400101,17.219078,17.526596,17.562698,17.779015,17.526596,17.345833,17.454338,17.688942,17.706970,17.273430,17.400101,17.400101,17.886955,17.544655,17.833000,17.291534,17.092117,17.436272,17.436272,17.562698,16.964989,17.418190,16.983162,17.400101,17.688942,17.327736,17.110275,17.092117,17.327736,17.562698,17.237198,17.436272,17.345833,17.436272,17.110275,17.779015,16.874062,17.400101,16.964989,16.801247,16.855865,17.146553,17.037659,16.910439,17.255310,16.892258,17.037659,17.073982,17.400101,16.910439,17.418190,17.055817,17.454338,17.454338,17.382019,16.964989,17.164696,17.146553,16.964989,17.363930,17.146553,17.580750,17.164696,17.146553,17.634865,17.273430,17.742996,17.616829,17.345833,18.012718,17.490471,17.436272,17.652901,17.922905,17.868965,17.490471,17.706970,17.850990,18.156204,17.526596,17.994759,17.652901,17.400101,18.066551,17.490471,17.580750,17.580750,17.797005,17.868965,17.526596,18.209953,17.976807,17.779015,17.761002,18.245766,17.761002,17.706970,17.670921,18.048607,17.958839,17.868965,17.958839,18.048607,18.012718,17.958839,18.209953,18.030663,18.174133,17.724983,18.370995,18.012718,18.406731,17.958839,18.263664,18.531708,17.815002,18.209953,18.245766,17.958839,17.797005,18.138290,17.706970,18.066551,17.833000,18.084496,17.976807,17.598785,17.724983,17.976807,17.724983,18.138290,17.562698,17.454338,17.146553,17.490471,17.001335,16.855865,17.273430,16.564171,16.673668,16.436256,16.344765,15.977844,15.369041,15.756950,15.830643,15.109489,15.165176,14.960838,14.905037,14.849190,14.774681,14.494698,14.288834,14.793312,14.606796,14.998024,14.494698,14.905037,14.718750,14.886414,14.363747,14.476006,14.606796,14.476006,14.588127,14.157593,14.176346,14.026146,14.101280,14.270103,14.532082,14.026146,13.950951,14.307571,14.401184,14.063721,14.288834,13.838051,14.345024,14.082504,14.251350,14.138817,13.687294,14.044937,14.326302,14.588127,13.913338,14.101280,13.875710,14.326302,13.875710,13.668427,13.536285,13.328255,13.290382,13.347183,12.605988,
15.683197,16.363075,16.253181,16.472824,16.051353,16.637184,16.691910,16.271500,16.344765,16.710136,16.088081,16.454536,16.600693,16.527649,16.946808,16.253181,16.161499,16.454536,16.216530,16.454536,16.253181,16.032974,16.106438,16.399666,16.637184,16.234848,16.618950,16.600693,16.746590,16.454536,16.491104,16.545914,15.977844,16.710136,16.454536,16.326462,16.637184,16.491104,16.819458,16.892258,16.545914,16.764816,16.855865,16.545914,17.092117,16.637184,16.764816,16.946808,16.710136,16.417961,17.001335,16.983162,17.164696,16.710136,16.637184,16.527649,17.200951,16.764816,17.001335,16.746590,16.892258,17.073982,16.855865,17.001335,16.363075,17.237198,17.309639,16.801247,16.983162,16.582436,16.910439,16.892258,16.892258,17.019493,17.092117,16.746590,16.983162,16.964989,16.819458,16.874062,17.164696,17.200951,17.200951,17.146553,16.746590,16.728371,17.255310,17.055817,17.037659,16.783035,17.255310,16.892258,16.892258,16.819458,16.946808,17.219078,16.964989,17.019493,17.110275,17.019493,17.291534,17.110275,17.363930,16.746590,17.200951,17.490471,17.454338,17.490471,17.400101,17.200951,17.400101,17.382019,17.363930,17.363930,17.200951,17.544655,17.544655,17.454338,17.237198,17.382019,17.345833,17.454338,17.544655,17.598785,17.418190,17.490471,17.688942,17.904930,17.255310,17.382019,17.508537,17.237198,17.580750,17.454338,17.562698,17.363930,17.508537,17.110275,17.309639,17.508537,17.418190,17.670921,17.436272,17.634865,17.363930,18.012718,17.922905,17.742996,17.670921,17.544655,17.706970,17.742996,17.616829,17.418190,17.472412,17.580750,17.706970,17.472412,17.562698,18.084496,17.994759,17.706970,17.580750,17.815002,17.363930,17.092117,17.580750,17.761002,17.742996,17.598785,17.706970,17.670921,17.652901,17.958839,18.030663,17.526596,17.670921,17.833000,18.102425,17.562698,17.886955,18.084496,17.580750,18.156204,17.868965,18.209953,18.281563,17.833000,18.102425,18.353111,18.066551,18.245766,18.388855,18.745514,18.478165,18.798882,18.549545,18.460312,18.603035,18.263664,18.496017,18.638680,18.816666,18.727722,18.496017,19.082909,18.905502,18.656494,18.442459,18.549545,18.442459,18.798882,19.011993,18.442459,19.082909,18.692123,19.312950,18.763306,18.674309,18.281563,18.869980,18.781090,18.513863,18.816666,18.816666,18.460312,18.335236,18.887749,18.692123,18.585213,18.692123,18.370995,18.816666,18.709923,18.513863,18.692123,18.388855,18.869980,18.869980,18.709923,18.603035,18.513863,18.976524,18.460312,19.118340,18.994255,19.082909,18.869980,19.277603,19.295280,18.638680,19.100624,19.100624,18.923264,18.798882,18.958771,18.905502,19.312950,18.370995,18.496017,19.011993,18.585213,18.869980,18.727722,18.460312,18.496017,18.638680,18.834435,18.709923,18.745514,18.620857,18.781090,18.388855,18.781090,18.692123,18.709923,18.442459,18.709923,19.082909,18.620857,19.259926,18.353111,18.620857,18.478165,18.442459,18.317345,18.763306,17.958839,18.638680,18.281563,18.709923,18.424599,18.585213,18.531708,18.585213,18.994255,18.763306,18.030663,18.156204,18.281563,18.263664,18.192039,18.353111,18.281563,17.868965,18.120361,18.603035,17.994759,18.227867,18.531708,18.442459,18.549545,18.174133,18.388855,18.174133,18.424599,18.192039,18.066551,17.904930,18.084496,18.174133,18.263664,18.424599,17.886955,18.048607,18.120361,17.688942,18.048607,17.994759,18.012718,17.544655,18.012718,17.976807,17.742996,17.868965,17.634865,17.868965,17.779015,18.066551,18.138290,17.724983,17.616829,17.958839,17.454338,17.219078,17.345833,17.562698,17.580750,17.526596,17.688942,17.922905,17.562698,17.742996,17.526596,17.886955,17.580750,17.490471,18.012718,17.472412,17.688942,17.797005,17.598785,17.688942,17.797005,17.886955,17.219078,17.706970,17.544655,17.309639,17.779015,17.490471,17.797005,18.066551,17.544655,18.102425,17.868965,17.761002,17.092117,17.382019,17.850990,17.652901,17.291534,17.562698,17.273430,17.472412,17.580750,17.472412,17.363930,17.363930,17.580750,17.706970,17.652901,17.706970,17.761002,17.940880,17.670921,18.174133,17.418190,17.309639,17.526596,17.327736,17.436272,17.164696,17.562698,17.490471,17.345833,17.291534,17.526596,18.030663,17.182823,17.418190,17.724983,17.724983,17.508537,17.454338,17.779015,17.779015,17.868965,17.652901,17.724983,17.363930,17.400101,17.508537,17.580750,17.670921,17.815002,17.526596,17.418190,17.580750,17.508537,17.706970,17.706970,17.418190,17.706970,17.363930,17.797005,17.797005,17.508537,17.400101,17.327736,17.616829,17.327736,17.273430,17.634865,17.436272,17.652901,17.400101,17.761002,17.472412,17.182823,17.237198,17.418190,17.976807,17.200951,17.616829,17.309639,17.309639,17.001335,17.110275,16.983162,17.418190,17.219078,17.200951,17.742996,17.182823,16.874062,17.345833,17.454338,17.073982,17.182823,16.946808,17.037659,16.964989,17.182823,17.418190,17.019493,17.580750,17.164696,17.092117,17.345833,17.616829,16.928627,17.273430,17.363930,16.964989,17.237198,17.255310,16.746590,17.073982,17.001335,17.670921,16.746590,17.598785,16.910439,16.892258,16.946808,17.164696,17.382019,17.037659,17.255310,17.273430,16.910439,17.110275,17.200951,17.580750,17.019493,17.472412,17.670921,17.309639,17.761002,17.562698,17.562698,17.490471,17.815002,17.815002,17.850990,17.345833,18.012718,17.724983,17.958839,18.030663,17.706970,17.598785,18.084496,18.353111,17.886955,17.976807,17.562698,17.815002,18.066551,17.833000,17.815002,18.012718,17.724983,17.724983,17.490471,17.940880,18.156204,17.976807,17.797005,17.868965,17.940880,18.066551,17.580750,18.227867,17.904930,17.742996,17.616829,17.490471,17.779015,17.580750,18.048607,18.852211,18.585213,18.353111,18.138290,18.192039,18.281563,18.012718,18.263664,17.779015,18.012718,18.156204,18.156204,17.706970,17.418190,17.904930,17.634865,17.652901,17.382019,17.779015,17.833000,17.309639,17.616829,17.382019,17.237198,17.073982,16.855865,17.200951,16.545914,16.910439,16.655434,16.564171,16.216530,16.363075,16.051353,15.849052,15.885872,15.090919,15.572441,14.998024,14.774681,14.288834,14.251350,14.830566,14.588127,14.644127,14.979439,14.625465,13.894524,14.662788,15.053780,14.438606,14.550774,14.345024,14.550774,14.662788,14.213860,14.213860,14.886414,14.363747,13.969765,13.856880,13.781540,14.326302,14.138817,13.781540,13.950951,14.138817,13.875710,14.232613,13.725006,14.588127,13.668427,14.288834,13.856880,14.251350,14.007355,13.668427,14.101280,14.363747,14.213860,14.251350,13.932144,13.687294,14.457298,13.328255,13.441788,13.176659,12.739456,
15.535500,16.618950,16.472824,16.216530,16.381371,16.491104,16.253181,16.308144,16.710136,16.326462,16.253181,16.179840,16.472824,16.764816,16.179840,15.922668,16.618950,16.161499,16.289825,16.855865,15.867470,16.746590,16.436256,15.849052,16.983162,16.417961,16.454536,16.344765,16.710136,16.271500,16.454536,16.764816,16.564171,16.783035,16.051353,16.582436,16.728371,16.161499,16.198189,16.874062,16.363075,16.710136,16.746590,16.746590,16.910439,16.874062,16.527649,16.582436,17.037659,17.055817,16.545914,17.001335,17.073982,16.326462,16.910439,16.855865,17.001335,16.436256,16.946808,16.983162,16.892258,16.545914,17.868965,16.655434,17.128418,17.146553,16.600693,16.582436,16.819458,17.073982,17.255310,17.164696,17.255310,17.291534,17.092117,16.892258,16.783035,16.801247,17.255310,17.092117,17.616829,17.219078,17.544655,17.055817,17.128418,17.255310,16.618950,17.182823,17.309639,17.454338,17.037659,16.928627,16.618950,16.910439,17.255310,17.309639,17.526596,17.182823,17.291534,17.273430,17.345833,17.128418,17.092117,17.092117,17.128418,17.092117,17.146553,17.562698,17.291534,17.255310,17.418190,17.454338,17.146553,17.146553,17.273430,17.363930,16.874062,17.219078,17.327736,17.670921,17.761002,17.472412,17.327736,17.706970,17.598785,17.634865,17.327736,17.761002,17.797005,17.146553,17.490471,17.868965,17.363930,17.037659,17.255310,17.055817,17.363930,17.345833,17.400101,17.273430,17.779015,17.055817,17.454338,17.436272,17.652901,17.146553,17.508537,17.652901,17.490471,17.146553,17.634865,17.598785,17.454338,17.055817,17.688942,17.472412,17.815002,17.688942,17.833000,17.833000,17.670921,17.382019,17.976807,17.688942,17.958839,17.797005,17.761002,17.940880,18.066551,17.850990,17.994759,17.255310,17.418190,17.976807,17.652901,17.761002,18.192039,17.670921,17.706970,17.797005,17.797005,17.976807,18.245766,17.833000,18.227867,18.012718,18.192039,18.209953,18.209953,18.245766,18.478165,17.922905,18.496017,18.281563,18.513863,18.478165,18.478165,18.388855,18.460312,18.227867,18.798882,18.852211,18.816666,18.567383,18.620857,18.156204,18.941017,18.424599,18.781090,18.958771,18.424599,18.709923,18.638680,18.745514,18.887749,18.745514,18.869980,18.531708,18.709923,18.869980,18.656494,18.460312,18.727722,18.905502,18.763306,18.638680,18.727722,18.370995,18.709923,18.692123,18.531708,18.745514,18.869980,18.424599,18.798882,18.709923,18.941017,18.816666,18.549545,18.869980,18.478165,18.638680,18.923264,18.834435,19.029732,18.478165,19.224541,19.047462,19.348289,19.029732,18.816666,18.976524,19.136055,18.763306,18.905502,18.620857,18.905502,18.531708,18.745514,18.478165,18.603035,18.638680,18.798882,18.084496,18.674309,18.353111,18.816666,18.549545,18.638680,18.834435,18.442459,18.388855,18.585213,18.567383,18.567383,18.245766,18.869980,18.923264,18.567383,18.478165,18.406731,18.745514,18.638680,18.674309,18.335236,18.227867,18.460312,18.317345,18.656494,18.656494,18.567383,18.192039,18.745514,18.692123,18.513863,18.353111,18.370995,17.976807,18.406731,18.353111,18.066551,18.299454,18.496017,18.406731,18.317345,17.850990,18.424599,18.102425,18.442459,18.048607,18.567383,18.209953,18.084496,18.496017,18.496017,18.245766,18.138290,18.299454,18.263664,18.513863,17.706970,18.209953,18.102425,17.976807,17.850990,18.084496,17.958839,17.850990,18.030663,18.120361,17.958839,18.102425,18.209953,17.797005,17.904930,17.940880,17.922905,17.526596,17.850990,17.598785,17.958839,17.670921,17.724983,17.363930,17.562698,17.309639,17.418190,17.526596,17.652901,17.598785,17.958839,17.616829,17.958839,17.616829,17.904930,17.562698,17.454338,17.544655,17.886955,17.345833,17.616829,17.200951,17.508537,17.779015,17.868965,17.164696,17.200951,17.868965,17.779015,17.363930,17.526596,17.994759,18.192039,18.066551,17.363930,17.544655,17.580750,17.508537,17.110275,17.273430,17.706970,17.544655,17.652901,17.544655,17.291534,17.868965,17.436272,17.670921,17.688942,17.019493,17.309639,17.400101,17.706970,17.797005,17.688942,17.652901,17.580750,17.580750,17.634865,17.472412,17.580750,17.110275,17.976807,17.363930,17.219078,17.001335,17.761002,17.200951,17.291534,17.779015,17.255310,17.255310,17.544655,17.327736,17.797005,17.092117,17.688942,17.454338,17.616829,17.634865,17.400101,17.580750,17.472412,17.382019,17.418190,17.616829,17.363930,17.146553,17.200951,17.616829,17.761002,17.454338,17.454338,17.598785,17.490471,17.472412,17.418190,17.616829,17.544655,17.418190,17.400101,17.634865,17.580750,17.001335,17.598785,17.200951,17.327736,17.490471,17.580750,17.616829,17.706970,17.454338,17.400101,17.200951,17.508537,17.128418,17.146553,17.037659,17.146553,17.001335,17.327736,17.382019,17.562698,17.146553,17.345833,17.327736,17.382019,17.182823,17.400101,17.273430,17.508537,17.200951,17.363930,17.182823,17.436272,17.400101,17.345833,16.892258,17.400101,16.837654,17.327736,16.509377,17.092117,17.164696,17.363930,16.855865,17.073982,16.600693,17.400101,17.092117,17.128418,17.237198,16.983162,17.200951,17.182823,17.382019,17.073982,17.001335,17.001335,16.910439,16.381371,16.710136,17.200951,17.363930,16.600693,16.874062,16.983162,17.164696,17.544655,17.490471,17.436272,17.291534,17.363930,17.562698,17.598785,17.616829,17.652901,17.580750,17.580750,17.742996,17.544655,17.616829,18.156204,17.345833,17.779015,17.400101,17.815002,17.958839,17.688942,17.580750,17.815002,17.418190,17.922905,17.400101,18.156204,17.436272,17.815002,17.598785,17.868965,17.850990,17.580750,17.436272,17.580750,17.562698,18.192039,17.958839,18.030663,17.922905,17.868965,17.833000,18.603035,17.761002,17.761002,17.922905,18.281563,18.156204,18.209953,17.886955,18.603035,18.012718,18.424599,18.317345,18.370995,17.994759,18.102425,18.209953,17.742996,17.345833,17.526596,17.200951,17.779015,17.562698,17.418190,17.526596,17.327736,17.345833,17.255310,17.019493,17.128418,16.874062,17.001335,16.801247,16.746590,16.527649,16.032974,16.472824,16.032974,15.220818,15.239365,14.550774,14.700096,14.662788,14.737404,14.270103,14.830566,14.774681,14.681450,14.569450,14.849190,14.588127,14.942238,14.457298,14.513397,14.438606,14.195114,14.438606,14.419891,14.363747,14.157593,13.950951,14.326302,14.251350,14.213860,13.781540,13.950951,14.251350,13.856880,14.063721,13.838051,14.007355,14.419891,14.213860,13.988556,14.176346,14.494698,14.026146,14.345024,13.385033,14.307571,13.988556,13.592949,14.288834,13.781540,13.725006,13.611824,13.403954,13.725006,13.157700,13.309326,13.271439,
15.276436,16.399666,16.051353,16.161499,16.655434,15.885872,16.655434,16.837654,16.582436,16.198189,16.014603,16.436256,16.491104,16.289825,16.472824,16.637184,16.308144,16.472824,16.234848,16.363075,16.363075,16.253181,16.509377,16.509377,16.326462,16.600693,16.710136,16.728371,16.710136,16.381371,16.655434,15.793800,16.399666,15.756950,16.783035,16.655434,16.618950,16.527649,16.801247,16.673668,16.618950,16.946808,16.874062,16.983162,16.655434,16.527649,17.327736,16.069710,16.983162,16.637184,16.344765,16.381371,16.436256,16.801247,16.983162,16.509377,16.928627,16.582436,16.837654,16.564171,16.710136,17.019493,16.618950,17.055817,17.508537,16.655434,17.037659,16.454536,17.634865,16.892258,16.946808,16.928627,16.728371,16.710136,16.837654,16.837654,16.618950,17.255310,16.673668,16.819458,16.964989,16.855865,16.928627,16.928627,16.691910,16.874062,17.237198,16.910439,16.928627,16.764816,16.801247,16.910439,17.273430,16.910439,16.600693,16.764816,17.454338,17.273430,16.892258,16.819458,16.710136,17.291534,17.037659,16.801247,17.454338,16.964989,17.634865,16.964989,17.652901,17.544655,17.345833,17.327736,17.345833,17.237198,17.418190,17.544655,17.345833,17.255310,17.327736,17.345833,17.291534,17.019493,17.219078,17.345833,17.400101,17.868965,17.490471,17.562698,17.291534,17.182823,17.562698,17.219078,17.273430,17.219078,17.508537,17.200951,17.382019,17.255310,17.706970,17.327736,17.436272,17.110275,17.345833,17.526596,17.128418,17.490471,17.418190,17.652901,17.363930,17.868965,17.797005,17.562698,17.670921,17.472412,17.616829,17.273430,17.670921,17.670921,17.562698,17.634865,17.598785,17.634865,17.815002,17.400101,17.958839,16.983162,18.138290,17.976807,17.706970,18.120361,18.030663,17.850990,17.994759,17.724983,17.508537,17.706970,17.652901,18.263664,17.976807,17.544655,17.742996,17.670921,17.850990,17.598785,18.335236,18.388855,18.138290,18.388855,18.335236,18.656494,18.281563,18.156204,18.460312,18.192039,18.478165,18.460312,18.656494,18.674309,18.620857,18.745514,18.887749,19.065178,18.976524,18.353111,18.531708,18.905502,18.620857,19.100624,18.656494,18.745514,18.727722,18.869980,19.065178,18.852211,18.620857,18.567383,19.118340,18.638680,18.941017,18.816666,18.798882,18.620857,18.887749,18.549545,18.692123,18.692123,19.065178,18.603035,18.638680,18.674309,18.976524,18.567383,18.976524,18.727722,18.727722,18.620857,18.335236,18.834435,18.923264,18.424599,18.834435,18.994255,18.763306,19.065178,19.171471,18.727722,18.353111,18.976524,18.887749,19.065178,19.118340,19.136055,18.816666,18.781090,18.781090,19.047462,18.745514,18.513863,19.242241,19.011993,18.692123,18.781090,18.656494,18.941017,18.603035,19.118340,18.478165,18.692123,18.958771,18.638680,18.887749,19.189156,18.353111,18.513863,18.549545,18.816666,18.887749,18.442459,18.638680,18.763306,18.656494,18.692123,18.478165,18.549545,18.317345,18.745514,18.674309,18.638680,18.745514,18.317345,18.638680,18.585213,19.153755,18.816666,18.424599,18.263664,18.887749,18.905502,18.156204,18.460312,18.531708,18.798882,18.496017,17.833000,18.816666,18.299454,18.138290,18.460312,18.209953,18.030663,18.263664,18.745514,18.567383,18.424599,18.406731,18.299454,18.460312,18.174133,17.976807,18.030663,18.531708,18.370995,18.263664,18.102425,18.084496,18.012718,17.868965,17.724983,17.598785,17.850990,17.904930,17.706970,18.048607,17.904930,18.138290,18.156204,17.976807,17.472412,17.562698,18.012718,17.815002,17.562698,17.544655,17.815002,17.742996,17.670921,17.580750,17.598785,17.706970,17.886955,17.670921,17.598785,18.048607,17.526596,17.886955,17.490471,17.779015,17.797005,17.182823,17.598785,17.616829,17.526596,17.833000,17.868965,17.761002,17.580750,17.940880,17.237198,17.598785,17.779015,17.634865,17.904930,17.598785,17.815002,17.797005,17.886955,17.110275,17.779015,17.490471,17.616829,17.724983,17.345833,17.544655,17.345833,17.634865,17.508537,17.164696,17.940880,16.946808,17.454338,17.363930,17.128418,17.616829,17.327736,17.255310,17.255310,17.345833,17.164696,17.562698,17.526596,17.382019,17.019493,17.363930,17.418190,17.526596,17.237198,17.200951,17.436272,17.345833,16.983162,17.436272,17.363930,17.544655,17.146553,17.904930,17.400101,17.724983,17.526596,17.472412,17.562698,17.797005,17.219078,17.544655,17.940880,18.030663,17.652901,17.472412,17.363930,17.309639,17.508537,17.508537,17.544655,17.309639,17.761002,17.544655,17.742996,17.652901,17.490471,17.562698,17.345833,17.544655,17.273430,17.562698,17.833000,17.309639,17.724983,17.436272,17.345833,17.255310,17.652901,17.219078,17.255310,17.400101,17.363930,17.454338,17.634865,17.544655,17.291534,17.436272,17.580750,17.724983,16.892258,16.764816,17.544655,17.580750,17.182823,17.634865,17.001335,17.164696,17.309639,17.309639,17.273430,17.255310,17.761002,16.928627,17.418190,17.761002,17.544655,17.200951,17.454338,16.819458,17.128418,17.309639,16.326462,17.382019,16.527649,16.673668,16.691910,17.182823,16.764816,17.400101,16.946808,17.544655,17.255310,17.345833,17.309639,17.237198,16.837654,17.291534,17.019493,17.291534,17.345833,17.019493,17.436272,17.436272,16.874062,17.255310,17.616829,17.598785,17.037659,17.490471,16.928627,17.761002,17.237198,17.761002,17.779015,17.779015,17.400101,17.868965,17.670921,17.850990,17.670921,17.724983,17.616829,17.797005,17.382019,17.779015,17.164696,17.688942,18.192039,17.797005,17.490471,17.562698,18.066551,17.670921,17.797005,17.761002,17.670921,17.670921,17.850990,17.922905,17.761002,18.245766,17.670921,17.616829,17.200951,18.227867,17.976807,17.868965,17.994759,18.102425,18.192039,18.102425,18.120361,18.227867,18.120361,18.192039,18.317345,18.192039,18.192039,18.245766,17.958839,18.102425,18.030663,17.688942,17.616829,17.994759,17.940880,17.436272,17.761002,17.670921,17.418190,17.724983,17.797005,17.688942,16.983162,17.092117,17.327736,17.345833,16.910439,16.801247,16.910439,16.892258,16.564171,16.801247,16.564171,16.014603,15.572441,15.257896,14.998024,15.239365,15.053780,14.476006,13.819221,14.345024,14.830566,14.251350,14.532082,14.270103,14.401184,14.644127,15.090919,14.849190,13.913338,14.363747,14.082504,14.401184,14.176346,14.026146,14.457298,14.007355,13.819221,14.756035,14.288834,13.819221,14.550774,13.743858,14.494698,14.532082,14.401184,13.819221,14.044937,13.875710,14.007355,13.460693,14.044937,14.120049,13.611824,13.024826,14.438606,14.120049,14.082504,13.781540,12.796600,13.347183,13.969765,13.422867,13.309326,13.119759,12.758507,
15.424561,15.701637,16.124794,16.436256,16.545914,15.830643,16.216530,16.381371,16.381371,16.216530,15.996223,16.216530,16.783035,16.545914,16.198189,16.088081,16.564171,16.179840,16.491104,15.977844,16.143143,16.454536,17.309639,16.491104,16.032974,16.381371,16.655434,16.289825,16.509377,16.509377,16.271500,16.710136,16.472824,16.436256,16.436256,16.399666,16.637184,16.344765,16.655434,16.728371,16.509377,16.436256,16.819458,16.600693,16.946808,16.819458,16.637184,16.491104,17.200951,16.527649,16.491104,16.964989,16.892258,16.910439,17.019493,16.527649,16.819458,16.855865,16.564171,16.491104,16.728371,16.179840,17.037659,17.092117,17.110275,17.164696,16.710136,17.073982,17.073982,16.710136,17.073982,16.491104,17.019493,17.146553,16.928627,16.874062,17.110275,16.874062,16.618950,17.001335,16.874062,16.783035,16.910439,16.892258,16.964989,16.837654,16.783035,17.526596,17.182823,16.964989,16.910439,16.983162,17.037659,16.892258,16.983162,16.910439,17.110275,16.801247,17.146553,16.655434,17.037659,17.037659,17.128418,17.400101,16.983162,17.994759,17.382019,17.490471,17.001335,17.436272,17.146553,17.526596,17.273430,17.345833,17.200951,17.382019,17.291534,17.219078,17.436272,17.092117,16.983162,17.219078,17.291534,17.200951,17.073982,17.255310,17.724983,17.598785,17.562698,17.400101,17.886955,17.526596,17.182823,17.255310,17.436272,17.490471,17.073982,17.779015,17.128418,17.526596,17.400101,17.092117,17.418190,17.237198,17.580750,17.291534,17.706970,17.833000,17.634865,17.724983,17.363930,16.874062,17.092117,17.128418,17.544655,17.562698,17.237198,17.345833,17.255310,17.526596,17.904930,17.526596,17.508537,17.562698,17.706970,17.850990,17.652901,17.940880,17.382019,17.454338,17.958839,17.688942,16.910439,17.670921,17.634865,17.382019,17.508537,17.761002,18.245766,17.994759,17.797005,17.958839,17.976807,18.084496,18.084496,17.779015,18.692123,18.388855,18.567383,18.370995,18.281563,18.460312,18.209953,18.496017,18.227867,18.335236,18.478165,18.406731,18.763306,18.941017,19.029732,19.153755,18.567383,18.638680,18.763306,18.638680,18.709923,18.496017,19.029732,18.852211,18.692123,18.245766,18.692123,18.869980,18.887749,18.763306,18.585213,18.620857,18.905502,18.976524,18.816666,18.478165,18.674309,18.603035,18.994255,18.692123,18.531708,18.958771,19.171471,19.065178,19.242241,18.692123,18.905502,18.727722,18.567383,18.994255,18.958771,19.047462,18.852211,18.603035,18.958771,18.549545,18.958771,18.745514,18.656494,18.549545,19.100624,18.745514,19.401253,19.153755,19.277603,19.348289,19.171471,18.745514,18.567383,19.206863,18.513863,18.905502,19.330627,19.047462,18.834435,18.941017,18.674309,18.905502,18.585213,19.011993,18.958771,18.905502,18.798882,18.585213,18.941017,18.941017,18.905502,19.206863,18.923264,18.531708,18.816666,18.941017,18.496017,18.905502,18.656494,18.692123,18.656494,18.442459,18.674309,18.478165,18.585213,18.531708,18.442459,18.496017,18.424599,18.638680,18.976524,18.656494,18.709923,18.388855,18.460312,19.011993,18.084496,18.174133,18.513863,18.638680,18.442459,18.424599,18.406731,18.209953,18.424599,18.388855,18.317345,18.030663,18.424599,18.585213,18.674309,18.603035,18.102425,18.299454,18.335236,18.048607,18.156204,18.156204,17.994759,18.281563,18.048607,18.227867,18.012718,17.850990,17.706970,17.994759,17.868965,17.904930,18.048607,17.868965,18.174133,17.976807,17.940880,17.779015,18.012718,17.886955,17.779015,17.544655,17.940880,17.490471,17.706970,17.670921,17.850990,17.616829,17.436272,17.526596,17.616829,17.526596,17.472412,17.652901,17.706970,17.562698,17.706970,17.055817,17.652901,17.670921,17.616829,17.598785,17.526596,17.508537,17.850990,17.454338,17.779015,17.544655,17.922905,17.688942,17.724983,17.904930,17.815002,17.779015,18.192039,17.742996,17.761002,17.688942,17.833000,17.761002,17.922905,17.526596,17.616829,17.670921,17.472412,17.797005,17.652901,17.382019,17.634865,17.400101,17.742996,17.562698,17.309639,17.237198,17.652901,17.345833,18.030663,17.400101,17.616829,17.761002,17.886955,17.652901,17.815002,17.472412,17.400101,17.255310,17.652901,17.562698,17.400101,17.237198,17.454338,17.742996,17.706970,17.345833,17.219078,17.742996,18.102425,17.670921,17.724983,17.436272,17.724983,17.761002,17.652901,17.418190,17.255310,17.490471,17.508537,17.291534,17.544655,17.327736,17.868965,17.182823,17.544655,17.886955,17.345833,17.688942,17.797005,17.418190,17.616829,17.797005,17.508537,17.255310,17.706970,17.418190,17.562698,17.237198,17.544655,17.309639,17.508537,17.001335,17.382019,17.562698,17.598785,17.182823,17.237198,17.255310,17.273430,17.092117,17.490471,17.363930,17.418190,17.490471,16.892258,17.237198,17.019493,17.255310,16.728371,16.855865,17.037659,17.182823,17.436272,17.436272,16.964989,17.182823,17.454338,17.454338,17.454338,17.092117,17.037659,16.964989,17.400101,17.436272,16.928627,16.764816,17.544655,17.001335,16.837654,16.783035,16.946808,16.837654,17.055817,17.110275,17.110275,17.092117,17.454338,17.092117,17.200951,17.255310,16.855865,17.146553,16.928627,17.037659,17.110275,17.092117,17.309639,17.164696,16.946808,17.345833,17.200951,17.019493,16.837654,17.092117,17.598785,17.237198,17.490471,17.634865,17.490471,17.598785,17.237198,17.652901,17.472412,17.544655,17.724983,17.490471,17.418190,17.526596,17.508537,17.382019,17.850990,17.994759,17.472412,17.868965,17.544655,17.436272,17.940880,18.048607,17.904930,17.454338,17.886955,17.436272,17.976807,18.048607,18.048607,17.797005,17.779015,17.580750,17.976807,18.335236,17.833000,17.779015,17.994759,17.400101,18.138290,18.281563,17.850990,18.012718,18.048607,17.994759,17.994759,18.209953,18.263664,18.370995,18.030663,18.192039,18.353111,18.174133,17.670921,17.904930,17.724983,17.742996,17.616829,17.922905,17.742996,17.436272,18.102425,17.273430,17.724983,17.327736,17.200951,17.128418,17.200951,16.618950,16.946808,16.491104,16.637184,15.738518,15.977844,16.106438,15.443062,15.480049,15.443062,14.700096,15.220818,14.513397,14.419891,14.251350,14.532082,14.345024,14.082504,15.183723,14.811943,14.232613,14.830566,14.998024,14.662788,14.195114,14.644127,14.307571,14.007355,14.550774,14.345024,14.849190,14.101280,13.781540,14.213860,14.569450,14.007355,14.044937,14.326302,14.326302,13.894524,13.819221,13.668427,14.195114,13.932144,14.476006,13.592949,13.725006,14.326302,14.251350,13.743858,13.630692,14.195114,13.781540,13.913338,13.725006,14.213860,14.044937,13.062805,13.366112,13.347183,12.395866,
16.216530,16.032974,16.454536,16.216530,16.436256,16.088081,16.289825,15.996223,16.964989,16.801247,16.106438,15.830643,16.436256,16.216530,16.289825,16.032974,16.271500,15.959457,16.326462,16.436256,16.308144,16.399666,16.381371,16.472824,16.600693,16.746590,16.032974,16.344765,16.527649,16.710136,16.363075,16.454536,16.618950,16.344765,16.436256,16.983162,16.198189,16.436256,16.764816,16.819458,16.454536,16.582436,16.527649,16.710136,16.564171,17.037659,16.399666,16.728371,16.564171,16.892258,16.564171,16.746590,16.964989,16.728371,16.454536,17.110275,16.454536,16.910439,16.436256,16.783035,16.527649,17.037659,17.472412,17.001335,17.200951,16.673668,16.637184,16.710136,17.037659,17.237198,16.964989,17.110275,17.037659,16.710136,17.219078,17.001335,16.946808,17.273430,16.509377,16.637184,16.783035,16.491104,16.946808,17.237198,17.237198,16.983162,17.037659,16.983162,17.219078,16.892258,17.436272,17.652901,17.019493,17.345833,16.910439,17.255310,16.746590,16.655434,16.801247,16.527649,16.892258,16.819458,17.255310,17.309639,17.037659,17.418190,17.110275,17.219078,17.598785,16.855865,17.436272,17.237198,17.309639,16.983162,17.128418,17.309639,17.761002,17.273430,17.544655,17.200951,17.526596,16.910439,17.490471,17.164696,17.400101,17.544655,17.309639,17.273430,17.273430,17.110275,17.508537,17.327736,17.616829,17.200951,17.400101,17.019493,17.327736,17.001335,17.219078,17.273430,17.580750,17.382019,17.400101,17.363930,17.508537,17.073982,17.634865,17.598785,17.454338,17.363930,17.454338,17.454338,17.182823,17.652901,17.309639,17.580750,17.562698,17.634865,17.580750,17.327736,17.886955,17.363930,17.490471,17.742996,17.490471,17.454338,18.012718,17.779015,17.815002,17.868965,17.886955,17.868965,18.227867,17.670921,17.958839,17.994759,17.940880,17.833000,17.850990,18.030663,17.598785,18.048607,18.066551,17.904930,18.048607,18.030663,18.245766,18.281563,18.460312,18.299454,18.638680,17.994759,18.852211,18.478165,18.620857,18.120361,18.209953,18.531708,18.620857,18.781090,19.047462,18.531708,19.011993,19.065178,18.798882,18.620857,18.620857,19.153755,19.118340,19.224541,19.401253,18.887749,18.442459,19.082909,18.852211,18.709923,18.567383,19.082909,18.958771,18.603035,18.727722,19.153755,18.549545,18.781090,18.905502,18.798882,18.424599,18.869980,18.976524,19.011993,18.692123,18.852211,18.709923,18.976524,18.958771,18.692123,18.852211,18.798882,18.816666,19.011993,18.905502,18.567383,18.674309,18.656494,18.496017,19.136055,18.958771,18.887749,19.471832,18.834435,19.489464,19.118340,18.976524,18.745514,19.029732,19.224541,18.638680,18.478165,18.834435,18.567383,18.834435,18.869980,18.958771,18.781090,18.585213,18.834435,18.958771,18.852211,18.941017,18.941017,18.781090,18.923264,18.353111,18.994255,18.727722,18.745514,18.638680,18.531708,18.745514,18.923264,19.011993,18.549545,18.798882,18.174133,18.692123,18.245766,18.585213,18.727722,18.692123,18.567383,18.174133,18.816666,18.549545,18.603035,18.442459,18.335236,18.567383,18.227867,19.011993,18.263664,18.549545,18.496017,18.442459,18.549545,18.245766,18.674309,18.227867,18.335236,18.209953,18.513863,18.549545,18.567383,18.370995,18.388855,18.745514,18.406731,17.904930,18.513863,18.335236,18.066551,17.833000,18.299454,18.102425,18.066551,18.012718,17.904930,17.994759,18.048607,18.066551,17.940880,17.815002,17.472412,17.815002,17.562698,18.066551,17.833000,17.761002,17.598785,17.291534,18.030663,18.084496,17.634865,17.976807,17.706970,17.670921,17.544655,17.598785,17.761002,17.706970,17.454338,17.291534,17.724983,17.616829,18.227867,17.128418,17.634865,17.634865,17.616829,17.580750,17.634865,17.382019,17.652901,17.797005,17.616829,17.562698,17.454338,17.418190,17.418190,17.598785,17.472412,17.454338,17.400101,17.940880,17.309639,17.922905,17.490471,17.779015,17.146553,17.400101,17.688942,17.742996,17.454338,17.652901,17.182823,17.886955,17.922905,17.472412,17.544655,17.598785,17.400101,17.363930,17.382019,17.580750,17.345833,17.472412,17.436272,17.291534,17.833000,17.652901,17.850990,17.526596,17.382019,17.886955,16.983162,17.634865,17.526596,17.092117,17.291534,17.146553,17.508537,16.764816,17.652901,17.363930,17.400101,17.291534,17.454338,17.598785,17.490471,17.544655,17.652901,17.670921,17.508537,17.616829,17.544655,17.454338,17.436272,17.761002,17.797005,17.291534,17.327736,17.345833,17.255310,17.472412,17.472412,17.182823,17.724983,17.562698,17.526596,17.345833,17.363930,17.291534,17.418190,17.580750,17.363930,17.652901,17.436272,17.291534,17.255310,17.255310,17.562698,17.309639,17.237198,17.363930,17.454338,17.037659,17.634865,17.273430,17.092117,17.436272,17.363930,17.526596,17.724983,17.019493,17.001335,17.055817,17.092117,17.219078,17.037659,17.164696,17.219078,17.073982,16.892258,17.327736,17.255310,17.273430,17.092117,17.128418,17.273430,17.472412,17.146553,17.219078,17.092117,16.983162,16.527649,17.055817,16.819458,16.855865,17.273430,16.710136,17.073982,16.801247,16.892258,16.964989,17.037659,17.037659,16.983162,17.146553,16.983162,17.128418,16.837654,17.273430,17.037659,17.436272,17.200951,16.855865,17.092117,17.110275,17.110275,17.073982,17.526596,17.110275,17.400101,17.291534,17.815002,17.490471,17.472412,17.724983,17.833000,17.797005,17.472412,17.850990,17.200951,17.616829,17.309639,17.291534,17.616829,17.309639,18.012718,18.066551,18.209953,17.940880,17.688942,17.634865,17.616829,17.833000,18.174133,17.634865,17.616829,18.012718,17.868965,17.904930,17.904930,17.688942,18.120361,17.779015,18.156204,18.156204,17.976807,17.886955,18.335236,18.353111,18.174133,17.850990,18.370995,18.281563,18.102425,18.442459,18.335236,18.102425,17.761002,18.048607,17.833000,18.084496,18.048607,17.634865,18.102425,17.508537,17.868965,17.616829,17.833000,17.436272,17.382019,17.706970,17.182823,17.309639,17.092117,17.001335,17.652901,17.164696,16.764816,16.600693,16.381371,16.363075,16.198189,16.198189,15.867470,15.720085,15.517014,15.165176,15.350533,14.905037,14.700096,14.213860,14.307571,14.270103,14.382469,14.307571,14.401184,14.082504,14.662788,15.590912,14.457298,14.120049,14.886414,14.513397,14.588127,14.476006,13.988556,14.157593,14.793312,14.007355,14.213860,14.044937,13.838051,14.401184,14.476006,14.438606,14.270103,14.195114,14.044937,14.063721,14.157593,14.382469,14.213860,13.988556,14.007355,14.063721,13.460693,14.044937,14.044937,14.101280,13.517403,13.687294,13.441788,13.005829,13.309326,13.119759,13.290382,13.195625,13.043808,
15.885872,16.106438,16.454536,16.124794,15.867470,16.326462,16.088081,16.143143,16.399666,16.363075,16.234848,16.088081,16.454536,16.216530,15.996223,15.996223,15.885872,15.812218,15.941071,16.491104,16.673668,16.874062,16.655434,16.855865,16.783035,16.819458,16.874062,16.600693,16.710136,16.253181,17.164696,16.837654,16.527649,16.454536,16.198189,16.655434,16.746590,16.728371,16.910439,16.618950,16.728371,16.582436,17.001335,16.983162,16.655434,17.382019,16.946808,16.983162,16.509377,16.801247,16.855865,16.964989,16.819458,16.655434,16.746590,16.363075,16.564171,17.019493,17.055817,16.564171,16.746590,17.092117,17.472412,16.855865,16.417961,17.001335,17.092117,17.146553,17.037659,16.910439,16.673668,16.910439,17.073982,17.237198,16.874062,16.491104,17.110275,16.783035,17.001335,16.618950,16.783035,17.345833,16.801247,16.710136,17.670921,17.400101,16.783035,17.092117,17.146553,16.910439,16.910439,16.673668,17.382019,16.746590,17.255310,16.928627,16.892258,16.855865,17.400101,17.164696,17.128418,17.526596,17.436272,16.892258,17.200951,17.273430,16.946808,17.255310,17.544655,17.237198,17.526596,17.110275,17.580750,17.273430,17.273430,17.327736,17.508537,17.526596,17.128418,16.964989,17.146553,17.200951,16.874062,16.946808,17.182823,17.580750,17.345833,17.309639,17.436272,17.019493,17.670921,16.928627,16.946808,17.309639,17.418190,17.436272,17.055817,17.092117,17.309639,17.454338,17.200951,17.345833,17.454338,17.562698,17.472412,16.928627,17.164696,17.110275,17.868965,17.436272,17.652901,17.616829,17.490471,17.508537,17.688942,17.345833,17.779015,17.508537,17.363930,17.797005,17.508537,17.363930,17.670921,17.382019,17.544655,17.382019,17.490471,17.688942,18.335236,17.761002,17.815002,17.670921,17.742996,17.472412,17.868965,17.815002,17.815002,17.994759,17.833000,17.868965,18.048607,18.102425,18.012718,18.156204,18.370995,18.263664,17.940880,18.048607,18.192039,18.727722,18.656494,18.102425,18.709923,18.478165,18.299454,18.656494,18.406731,18.424599,18.585213,18.513863,19.011993,18.763306,18.620857,18.692123,18.567383,18.585213,18.905502,18.869980,19.348289,18.692123,18.852211,19.100624,18.834435,18.567383,18.620857,18.976524,18.692123,18.798882,18.941017,18.513863,18.585213,18.388855,18.869980,18.852211,19.100624,18.905502,18.994255,18.976524,18.692123,18.887749,18.603035,18.834435,19.118340,18.531708,19.047462,18.834435,18.585213,18.958771,18.727722,18.905502,18.834435,18.798882,18.656494,18.763306,19.100624,19.047462,19.029732,18.887749,18.816666,19.100624,19.153755,19.118340,19.082909,18.958771,18.941017,18.692123,18.781090,19.029732,18.941017,18.798882,19.047462,19.100624,18.852211,18.941017,18.834435,19.082909,18.994255,18.531708,18.834435,19.100624,18.905502,18.834435,19.153755,18.549545,19.171471,18.620857,18.905502,18.834435,19.029732,18.905502,18.638680,18.763306,18.709923,18.370995,18.692123,18.585213,18.120361,18.513863,19.065178,18.709923,18.406731,18.603035,18.424599,18.460312,18.460312,18.370995,18.227867,18.513863,18.353111,18.620857,18.887749,18.603035,18.299454,18.478165,18.460312,18.638680,18.531708,18.209953,18.513863,18.478165,18.281563,18.245766,18.567383,18.620857,18.406731,18.245766,18.370995,18.120361,18.567383,18.335236,17.976807,18.066551,17.940880,17.994759,18.138290,17.994759,17.958839,17.706970,18.335236,17.815002,18.263664,17.670921,17.742996,18.174133,17.797005,17.833000,17.976807,17.688942,17.580750,17.958839,18.174133,17.922905,17.508537,17.634865,17.562698,17.958839,17.526596,17.688942,17.382019,17.634865,17.724983,17.454338,17.454338,17.724983,17.490471,17.526596,17.526596,17.382019,17.922905,17.724983,17.779015,17.598785,17.472412,17.688942,17.688942,17.418190,17.598785,17.526596,17.742996,17.400101,17.400101,17.724983,17.580750,17.508537,17.779015,17.436272,17.634865,17.598785,17.526596,17.544655,17.886955,17.508537,17.363930,17.652901,17.616829,17.382019,17.652901,17.200951,17.490471,17.580750,17.706970,17.164696,17.724983,17.526596,17.706970,17.345833,17.544655,17.598785,17.309639,17.886955,17.490471,17.363930,17.526596,17.779015,17.652901,17.670921,17.382019,17.544655,17.400101,17.454338,17.309639,17.037659,17.670921,17.382019,17.490471,17.382019,17.526596,17.886955,17.526596,17.128418,17.146553,17.886955,17.182823,17.742996,17.779015,17.508537,17.761002,17.345833,17.182823,17.562698,17.219078,17.598785,17.634865,17.742996,17.382019,17.598785,17.327736,17.526596,17.291534,17.327736,17.779015,17.598785,17.255310,17.345833,17.526596,17.382019,17.400101,17.652901,17.850990,17.327736,17.436272,17.598785,17.580750,17.724983,17.327736,17.454338,17.454338,17.182823,17.454338,17.580750,17.200951,17.273430,17.200951,16.874062,17.110275,17.472412,17.345833,17.508537,17.345833,17.490471,17.472412,17.182823,17.562698,16.874062,17.472412,17.418190,17.200951,17.164696,16.928627,17.382019,17.200951,17.055817,17.454338,16.874062,17.779015,17.037659,17.472412,16.819458,16.491104,17.200951,16.837654,16.600693,16.728371,17.073982,17.128418,16.983162,17.110275,17.182823,16.964989,17.237198,17.146553,16.910439,17.037659,16.673668,17.128418,17.490471,17.073982,17.273430,17.490471,16.964989,17.418190,17.037659,17.418190,16.964989,16.746590,17.200951,17.382019,17.273430,17.363930,17.472412,17.940880,17.073982,17.092117,17.400101,17.580750,17.472412,17.454338,17.544655,17.634865,17.724983,17.958839,17.616829,17.164696,17.706970,17.922905,17.652901,17.580750,17.868965,18.102425,18.048607,17.598785,17.580750,17.904930,18.048607,17.382019,18.245766,18.012718,18.263664,18.102425,18.138290,17.976807,18.120361,18.370995,18.174133,18.513863,18.406731,18.585213,18.084496,18.048607,17.958839,18.066551,17.761002,17.976807,17.994759,18.281563,17.688942,18.084496,17.182823,17.833000,17.958839,17.598785,17.418190,17.454338,17.237198,17.508537,17.200951,17.490471,17.128418,16.673668,16.801247,17.182823,17.472412,16.655434,15.812218,16.454536,15.867470,15.977844,16.051353,15.701637,15.128059,14.606796,14.960838,14.774681,13.725006,14.569450,14.774681,14.363747,14.476006,14.232613,14.345024,14.737404,14.157593,14.438606,14.326302,14.737404,14.307571,14.550774,14.923637,14.270103,14.195114,14.419891,14.681450,14.082504,14.044937,13.932144,14.176346,13.894524,13.913338,14.270103,14.326302,14.494698,14.363747,13.969765,14.307571,14.232613,14.382469,14.774681,14.401184,13.932144,14.251350,13.932144,14.176346,14.138817,13.838051,13.856880,13.630692,13.574066,13.555183,13.081795,12.796600,
15.424561,16.289825,16.673668,16.363075,16.308144,16.618950,16.363075,15.904274,15.517014,16.198189,15.941071,15.738518,16.106438,16.399666,16.326462,16.216530,16.234848,16.764816,16.069710,16.289825,16.381371,16.326462,16.491104,16.051353,16.289825,16.454536,16.618950,16.564171,16.344765,16.746590,16.637184,16.271500,16.253181,16.051353,16.637184,16.344765,16.673668,16.472824,16.527649,16.691910,16.728371,16.417961,16.564171,16.472824,17.001335,16.819458,16.344765,16.582436,16.819458,16.874062,16.928627,16.728371,16.271500,17.037659,16.910439,16.600693,16.637184,16.655434,17.291534,16.673668,16.964989,16.363075,17.073982,17.219078,16.892258,16.837654,16.673668,16.964989,16.728371,16.855865,17.418190,16.928627,16.637184,16.946808,16.801247,16.801247,16.964989,16.637184,16.417961,16.783035,17.073982,16.983162,17.291534,16.564171,16.964989,16.964989,17.092117,17.400101,17.037659,17.164696,17.182823,16.436256,17.255310,17.309639,16.874062,16.928627,17.146553,16.928627,17.019493,16.874062,17.237198,17.327736,17.255310,16.874062,17.273430,17.237198,17.019493,16.892258,17.508537,17.237198,17.273430,17.327736,17.400101,16.946808,17.345833,17.128418,17.128418,17.291534,17.544655,17.255310,16.946808,16.855865,17.454338,17.526596,17.454338,16.946808,17.182823,17.037659,17.418190,16.964989,16.946808,17.146553,17.363930,17.670921,17.544655,17.200951,17.255310,17.273430,17.580750,17.761002,17.237198,17.472412,17.019493,17.255310,17.436272,17.237198,17.200951,16.964989,17.345833,17.436272,17.327736,17.273430,17.363930,17.001335,17.797005,17.418190,17.508537,17.327736,17.345833,17.688942,17.472412,17.652901,17.508537,17.706970,17.904930,17.309639,17.616829,17.526596,17.616829,17.634865,17.327736,17.634865,17.598785,17.454338,17.976807,17.724983,17.779015,17.779015,18.066551,17.580750,17.850990,18.030663,18.353111,18.048607,17.976807,17.886955,18.406731,18.156204,17.670921,18.513863,18.513863,18.263664,18.209953,18.460312,18.370995,18.048607,18.781090,18.460312,18.442459,19.082909,18.816666,18.406731,18.976524,18.798882,18.816666,18.905502,19.224541,18.585213,18.478165,18.798882,19.330627,18.941017,18.727722,18.513863,18.798882,18.763306,18.406731,18.496017,18.905502,18.798882,19.489464,18.869980,18.603035,18.603035,18.816666,18.585213,19.100624,18.406731,18.549545,18.869980,19.047462,19.029732,19.029732,18.887749,18.905502,18.763306,18.941017,18.388855,18.816666,18.692123,19.259926,18.727722,18.745514,18.834435,18.905502,18.994255,18.905502,18.958771,18.976524,18.745514,19.029732,18.834435,19.118340,18.976524,19.242241,18.406731,18.923264,18.638680,19.065178,19.029732,19.011993,18.852211,18.496017,18.656494,18.424599,18.727722,18.424599,18.603035,18.745514,19.011993,19.100624,18.887749,18.460312,18.798882,18.513863,18.709923,18.656494,18.745514,18.958771,18.852211,18.834435,18.781090,18.763306,18.656494,18.923264,18.531708,18.620857,18.620857,18.513863,18.603035,18.245766,18.603035,18.460312,18.620857,18.603035,18.745514,18.513863,18.353111,18.692123,18.442459,18.424599,18.245766,18.513863,18.281563,18.513863,18.798882,18.460312,18.674309,18.174133,18.496017,18.727722,18.102425,18.478165,18.156204,18.048607,18.209953,18.263664,18.227867,18.531708,18.353111,17.922905,18.066551,17.940880,18.442459,18.066551,17.904930,17.904930,17.670921,18.156204,17.940880,18.012718,17.598785,18.496017,17.958839,18.102425,17.994759,17.940880,18.030663,18.102425,17.922905,17.886955,17.868965,17.580750,17.670921,17.472412,17.833000,17.616829,17.182823,17.833000,17.400101,17.598785,17.652901,17.797005,17.237198,17.742996,17.436272,17.598785,17.940880,17.706970,17.797005,17.815002,17.291534,17.616829,17.255310,17.598785,17.454338,17.580750,17.868965,17.544655,17.761002,17.652901,17.327736,17.562698,17.922905,17.363930,17.237198,17.400101,17.472412,17.652901,17.490471,17.363930,17.454338,17.850990,17.544655,17.761002,17.073982,17.562698,17.526596,17.073982,17.562698,17.508537,17.580750,17.418190,17.273430,17.598785,17.073982,17.382019,17.815002,18.012718,17.182823,17.382019,17.182823,17.508537,17.237198,17.273430,17.146553,17.436272,17.309639,17.164696,17.309639,17.400101,17.940880,17.400101,17.237198,17.976807,17.092117,17.110275,17.164696,18.066551,17.634865,17.616829,17.761002,17.273430,17.490471,17.652901,17.327736,17.526596,17.146553,17.345833,17.345833,17.508537,17.616829,17.797005,17.562698,17.526596,17.742996,17.363930,17.508537,17.580750,17.454338,17.634865,17.994759,17.200951,17.309639,17.436272,17.128418,17.472412,17.400101,17.291534,17.616829,17.110275,17.616829,17.562698,17.219078,17.454338,17.182823,17.652901,16.910439,17.526596,17.001335,17.598785,17.363930,17.490471,17.400101,17.382019,17.544655,17.363930,17.146553,17.724983,17.345833,17.291534,17.382019,17.255310,16.892258,17.182823,17.055817,17.526596,17.037659,17.363930,17.363930,17.001335,16.801247,17.164696,17.073982,17.237198,17.164696,16.728371,16.436256,17.273430,17.309639,16.874062,17.092117,17.055817,16.964989,17.291534,16.673668,17.164696,17.019493,17.598785,17.255310,17.255310,17.019493,17.526596,17.526596,17.255310,17.001335,17.363930,16.946808,16.837654,17.200951,17.382019,17.436272,17.454338,17.418190,17.508537,17.345833,17.291534,17.779015,17.309639,17.724983,17.868965,17.345833,17.309639,17.526596,17.761002,17.761002,17.508537,17.273430,17.490471,17.779015,17.868965,17.616829,17.706970,17.688942,17.958839,17.670921,17.922905,17.688942,18.370995,18.012718,17.940880,18.030663,18.066551,17.976807,18.567383,18.102425,18.245766,17.958839,18.084496,18.353111,18.209953,18.299454,18.442459,18.549545,17.850990,18.335236,18.174133,17.958839,17.779015,18.299454,18.174133,17.526596,17.922905,17.850990,18.048607,17.706970,18.245766,17.526596,17.544655,17.454338,17.580750,17.255310,17.490471,16.928627,17.508537,17.309639,17.128418,17.055817,17.001335,17.182823,17.146553,16.491104,16.582436,16.326462,16.198189,15.775375,15.517014,15.867470,15.683197,14.625465,14.793312,14.644127,14.588127,14.157593,14.476006,14.326302,14.513397,14.811943,14.942238,14.026146,14.588127,14.419891,14.082504,14.494698,14.457298,14.700096,14.307571,14.401184,14.044937,14.213860,14.569450,14.138817,14.569450,14.401184,14.195114,14.232613,13.875710,14.213860,14.138817,14.569450,14.867805,14.026146,14.419891,13.611824,13.517403,13.536285,13.894524,13.913338,14.138817,13.800392,13.969765,13.819221,13.743858,13.819221,13.875710,13.403954,13.366112,12.796600,13.385033,12.529640,
15.572441,16.454536,15.996223,16.472824,16.253181,16.289825,16.032974,16.253181,16.271500,15.885872,16.436256,16.454536,15.849052,15.922668,16.527649,16.381371,16.198189,15.885872,15.959457,16.472824,16.088081,16.472824,16.161499,15.867470,16.564171,16.783035,16.344765,16.271500,16.509377,16.289825,16.399666,16.618950,16.308144,15.941071,16.472824,16.454536,16.417961,16.271500,16.527649,16.271500,16.892258,16.618950,16.874062,16.746590,16.910439,17.073982,16.764816,16.964989,16.381371,16.801247,16.399666,16.582436,17.146553,16.764816,16.691910,16.655434,16.691910,16.600693,17.073982,16.946808,16.783035,17.092117,16.417961,16.655434,16.710136,17.055817,17.092117,16.618950,16.637184,16.436256,16.746590,16.983162,16.892258,16.582436,16.983162,16.582436,16.673668,16.819458,16.964989,16.600693,16.910439,16.964989,16.910439,16.946808,16.764816,16.764816,17.164696,16.746590,16.673668,16.710136,16.837654,17.055817,16.454536,17.182823,16.691910,17.400101,16.819458,17.164696,17.237198,17.436272,17.110275,16.946808,17.363930,16.946808,16.783035,16.454536,17.363930,17.128418,17.037659,17.237198,17.073982,17.001335,17.400101,17.128418,17.164696,17.146553,17.200951,17.454338,17.219078,17.128418,17.363930,16.928627,17.110275,17.436272,17.019493,17.382019,17.309639,17.472412,17.400101,17.652901,17.363930,17.200951,17.182823,17.363930,17.472412,17.219078,17.363930,17.562698,17.490471,17.526596,17.544655,17.562698,17.146553,17.055817,17.652901,17.164696,17.797005,17.327736,17.255310,17.652901,17.345833,17.309639,17.182823,17.382019,17.400101,17.490471,17.454338,17.219078,17.472412,17.436272,17.418190,17.273430,17.779015,17.454338,17.724983,17.454338,17.904930,18.102425,17.850990,17.345833,17.922905,17.634865,17.345833,17.670921,17.922905,17.742996,17.580750,17.200951,17.706970,17.490471,17.958839,17.904930,17.994759,17.761002,17.922905,18.353111,18.084496,18.549545,18.620857,18.209953,18.388855,18.353111,18.388855,18.513863,18.353111,18.869980,18.084496,18.513863,18.513863,18.406731,18.674309,18.692123,18.923264,18.994255,18.638680,18.692123,18.869980,18.798882,18.941017,18.905502,18.852211,18.781090,18.923264,18.531708,18.585213,18.834435,18.923264,18.674309,18.460312,18.763306,18.709923,18.620857,18.531708,19.082909,18.638680,18.869980,18.976524,19.065178,18.727722,19.100624,18.852211,18.727722,19.082909,18.852211,18.994255,18.941017,18.923264,18.531708,19.065178,18.709923,18.798882,18.709923,18.958771,18.887749,18.763306,18.781090,18.834435,19.153755,18.976524,19.242241,19.136055,19.029732,19.189156,19.136055,19.171471,19.171471,18.781090,18.709923,19.136055,18.994255,18.798882,18.531708,19.171471,18.370995,18.869980,18.763306,18.727722,18.745514,18.976524,18.798882,18.852211,19.082909,19.047462,18.656494,18.727722,18.585213,18.923264,18.549545,18.887749,18.709923,18.709923,18.887749,18.478165,18.745514,18.941017,18.549545,18.692123,18.692123,18.727722,18.156204,18.958771,18.763306,18.958771,18.478165,18.549545,18.976524,18.549545,18.442459,18.869980,18.156204,18.692123,18.299454,18.317345,18.388855,18.603035,18.585213,18.442459,18.084496,18.442459,18.156204,18.370995,17.922905,18.763306,18.048607,18.513863,18.174133,18.388855,18.263664,18.353111,17.833000,17.994759,18.727722,17.634865,18.138290,18.192039,18.299454,18.156204,18.012718,17.922905,18.353111,18.102425,17.976807,18.174133,18.192039,18.388855,17.940880,18.245766,18.138290,17.761002,17.652901,17.833000,17.706970,17.850990,17.706970,17.652901,17.904930,17.436272,17.797005,17.850990,17.922905,17.779015,17.490471,17.904930,17.724983,17.779015,17.309639,17.797005,17.526596,17.815002,17.544655,17.616829,17.761002,17.922905,17.940880,17.833000,17.436272,17.634865,17.418190,18.012718,17.164696,17.634865,17.200951,17.904930,17.833000,17.472412,17.418190,17.833000,18.138290,17.742996,17.670921,17.490471,17.761002,17.363930,17.237198,17.580750,17.652901,17.219078,17.544655,17.706970,17.634865,17.526596,17.742996,17.562698,17.508537,17.761002,17.400101,17.886955,17.634865,17.724983,17.706970,17.526596,17.418190,17.634865,17.761002,17.219078,17.688942,17.508537,17.616829,17.436272,17.472412,17.382019,17.472412,17.797005,17.797005,17.688942,17.363930,17.688942,17.363930,17.634865,17.724983,17.345833,17.454338,17.797005,17.652901,17.616829,17.309639,17.922905,17.327736,17.850990,17.616829,17.273430,17.526596,17.833000,17.742996,17.797005,17.400101,17.886955,17.958839,17.904930,17.544655,17.418190,17.815002,17.418190,17.345833,17.761002,17.418190,17.436272,17.200951,17.580750,17.219078,17.761002,17.598785,17.616829,17.273430,17.472412,17.200951,17.309639,17.706970,17.580750,17.580750,17.363930,17.562698,17.418190,17.237198,17.454338,17.200951,17.237198,17.182823,17.255310,17.255310,17.562698,17.019493,17.724983,17.092117,17.345833,17.327736,17.562698,17.472412,17.237198,17.418190,17.182823,17.019493,17.255310,17.037659,17.182823,17.110275,17.092117,17.146553,17.273430,17.472412,16.964989,17.019493,17.237198,17.128418,17.128418,16.855865,16.801247,17.037659,16.710136,16.819458,17.291534,17.019493,17.001335,17.363930,17.652901,17.761002,16.892258,17.255310,17.255310,17.291534,16.910439,17.363930,17.400101,17.382019,17.544655,17.688942,17.472412,17.110275,17.779015,17.273430,17.345833,17.237198,17.508537,17.634865,17.345833,17.363930,17.670921,17.688942,17.562698,17.327736,17.742996,17.345833,17.526596,17.904930,17.562698,18.120361,17.490471,17.580750,17.976807,17.580750,18.048607,17.400101,17.670921,17.544655,17.976807,17.580750,17.833000,17.706970,18.048607,17.994759,18.012718,17.976807,18.138290,18.424599,18.102425,17.994759,18.209953,17.976807,17.868965,18.299454,17.598785,18.030663,17.976807,17.940880,18.030663,17.815002,17.815002,17.688942,17.544655,17.526596,16.819458,16.946808,17.363930,17.255310,17.327736,16.618950,17.327736,17.001335,17.291534,16.582436,16.618950,16.363075,16.527649,16.582436,15.812218,16.234848,16.032974,15.904274,15.276436,14.625465,14.700096,15.090919,15.738518,14.811943,14.438606,14.382469,13.950951,14.550774,14.101280,14.737404,14.401184,14.979439,14.849190,14.176346,14.625465,14.251350,14.681450,13.706154,13.649567,14.960838,13.743858,14.532082,14.476006,14.606796,13.894524,14.232613,14.513397,14.044937,14.251350,13.706154,14.232613,14.026146,13.913338,13.385033,13.592949,13.950951,13.762703,14.157593,13.819221,13.781540,13.403954,13.138725,13.800392,14.101280,13.574066,13.630692,13.687294,13.687294,13.668427,12.739456,
14.811943,15.756950,16.527649,16.032974,16.198189,16.326462,15.793800,16.363075,15.498535,15.959457,15.959457,15.941071,15.812218,16.051353,16.051353,15.775375,16.198189,15.977844,16.308144,16.161499,16.655434,16.509377,16.143143,16.655434,16.161499,16.326462,16.106438,16.198189,16.253181,16.399666,16.381371,16.289825,16.691910,16.234848,16.253181,16.874062,16.837654,17.255310,16.344765,16.234848,16.472824,16.234848,16.454536,16.491104,16.746590,16.436256,17.200951,16.344765,16.892258,16.655434,16.491104,16.637184,16.545914,16.308144,16.910439,16.855865,16.417961,16.764816,16.837654,16.363075,16.819458,16.417961,16.892258,17.037659,16.673668,16.655434,16.582436,17.382019,16.582436,16.764816,16.764816,16.326462,17.182823,16.289825,16.928627,17.309639,16.618950,16.691910,17.237198,16.837654,17.128418,16.964989,17.128418,16.801247,16.691910,16.855865,16.892258,16.783035,16.964989,16.673668,16.928627,16.637184,16.892258,16.928627,16.855865,17.273430,16.600693,17.291534,17.019493,16.928627,17.237198,17.164696,16.874062,17.037659,17.363930,16.874062,17.400101,17.182823,17.309639,16.892258,17.092117,17.037659,16.983162,17.382019,17.055817,16.892258,17.001335,16.946808,17.164696,17.182823,17.219078,17.580750,17.544655,17.164696,17.400101,17.400101,17.037659,17.255310,17.327736,17.382019,17.164696,17.309639,17.345833,17.073982,17.128418,17.580750,16.710136,17.580750,16.964989,17.001335,17.200951,17.436272,17.400101,17.454338,17.128418,17.382019,17.779015,17.454338,17.327736,17.164696,17.472412,17.886955,17.182823,17.073982,17.454338,17.508537,17.164696,17.110275,17.580750,17.200951,17.436272,17.706970,17.544655,17.544655,17.562698,17.958839,17.815002,17.490471,17.382019,17.544655,17.922905,17.544655,17.670921,17.868965,17.797005,17.904930,18.227867,17.797005,17.815002,17.904930,18.245766,18.567383,17.761002,18.012718,18.120361,17.904930,17.958839,17.940880,18.406731,18.478165,18.603035,18.048607,18.353111,18.496017,18.281563,18.424599,18.245766,18.388855,18.727722,18.245766,18.958771,18.656494,18.567383,18.763306,19.259926,18.709923,19.047462,18.816666,18.905502,18.905502,18.941017,18.834435,19.065178,18.496017,18.709923,18.727722,18.709923,18.674309,19.206863,18.994255,18.816666,18.692123,18.976524,18.656494,18.887749,18.674309,18.709923,19.100624,18.905502,18.852211,18.692123,18.798882,18.887749,18.869980,18.834435,18.585213,18.763306,19.082909,18.585213,19.082909,18.976524,18.478165,18.424599,18.638680,18.370995,18.781090,18.887749,18.674309,19.153755,18.834435,18.941017,18.745514,18.763306,19.118340,18.887749,18.727722,19.206863,18.781090,19.259926,18.816666,19.136055,18.798882,18.585213,19.100624,18.869980,18.603035,18.923264,19.118340,18.620857,18.727722,18.852211,18.816666,18.620857,18.460312,18.727722,18.976524,19.065178,19.011993,18.852211,18.496017,18.727722,18.798882,18.603035,18.834435,18.317345,18.816666,18.638680,18.656494,18.531708,18.442459,18.798882,18.442459,18.674309,18.496017,18.923264,18.727722,18.816666,18.905502,18.299454,18.370995,18.406731,18.567383,18.781090,18.531708,18.709923,18.692123,18.994255,18.656494,18.620857,18.816666,18.245766,18.496017,18.460312,18.585213,18.227867,17.815002,18.209953,18.549545,18.620857,18.227867,18.299454,17.850990,18.138290,17.742996,18.156204,18.424599,18.192039,18.245766,18.156204,17.958839,18.370995,18.299454,17.940880,18.299454,18.478165,18.209953,18.012718,17.994759,17.345833,18.174133,18.209953,18.030663,17.273430,17.761002,17.724983,17.255310,17.670921,17.868965,17.544655,18.048607,18.030663,17.309639,17.363930,17.761002,17.418190,17.652901,17.742996,17.544655,17.562698,17.850990,17.994759,17.779015,17.616829,17.273430,17.544655,17.309639,17.688942,17.688942,17.868965,17.922905,17.797005,17.544655,17.580750,17.526596,17.562698,17.670921,17.742996,17.526596,17.761002,17.761002,17.616829,17.255310,17.508537,17.382019,17.110275,17.652901,17.688942,17.309639,17.616829,17.670921,17.544655,17.652901,17.544655,17.454338,17.706970,17.418190,17.454338,17.598785,17.309639,17.544655,17.833000,17.688942,17.400101,17.616829,17.544655,17.273430,17.634865,17.092117,17.128418,17.472412,17.761002,17.182823,17.526596,17.779015,17.886955,17.327736,17.868965,17.200951,17.454338,17.779015,18.012718,17.616829,17.616829,17.472412,17.886955,17.128418,17.958839,17.616829,17.688942,17.544655,17.562698,17.598785,17.652901,17.886955,17.472412,17.454338,17.382019,17.418190,17.634865,17.652901,17.634865,17.526596,17.706970,17.472412,17.526596,17.382019,17.544655,17.508537,17.562698,17.436272,17.219078,17.454338,17.110275,16.946808,17.454338,17.363930,17.472412,17.128418,17.110275,17.128418,17.237198,17.327736,17.200951,17.037659,17.544655,17.219078,16.910439,17.400101,17.400101,17.255310,17.436272,17.182823,16.764816,17.237198,17.273430,17.237198,17.055817,17.436272,16.983162,16.855865,17.363930,17.073982,17.273430,16.892258,17.073982,16.783035,17.562698,17.037659,16.874062,16.655434,16.728371,16.837654,16.819458,16.600693,17.092117,17.146553,17.073982,17.345833,17.200951,17.164696,17.382019,17.382019,16.892258,17.273430,17.670921,16.600693,17.580750,16.983162,16.964989,17.562698,17.616829,17.037659,16.910439,17.345833,17.562698,17.400101,16.928627,17.273430,17.200951,17.237198,17.454338,17.526596,17.182823,17.219078,17.291534,17.580750,17.255310,17.526596,17.580750,17.652901,17.472412,17.472412,17.400101,17.164696,17.327736,17.436272,17.761002,17.634865,17.886955,17.779015,17.400101,18.120361,18.102425,17.779015,17.508537,17.833000,18.102425,17.940880,17.815002,18.156204,18.192039,17.940880,18.174133,17.868965,18.138290,18.709923,18.263664,17.922905,17.886955,17.724983,17.994759,18.209953,17.797005,17.779015,17.761002,17.562698,17.291534,17.273430,17.580750,16.964989,17.886955,17.291534,17.490471,17.273430,17.363930,16.600693,16.673668,17.382019,17.291534,17.001335,16.746590,16.491104,16.746590,16.545914,16.271500,15.627831,15.756950,15.535500,15.313492,14.550774,14.998024,14.326302,14.363747,14.569450,14.457298,14.681450,14.345024,14.288834,14.774681,14.811943,14.588127,14.363747,14.138817,14.998024,14.457298,13.762703,14.288834,14.063721,14.662788,14.494698,14.044937,14.176346,13.969765,14.382469,14.232613,13.687294,14.232613,14.176346,14.063721,13.988556,14.082504,13.819221,13.950951,13.611824,13.932144,14.213860,14.120049,14.007355,13.762703,14.044937,13.969765,14.307571,13.630692,13.649567,13.932144,13.081795,13.005829,13.725006,12.720398,12.701340,
15.646294,15.517014,16.088081,16.454536,15.720085,15.904274,15.922668,15.867470,16.032974,16.381371,15.849052,16.216530,16.746590,16.564171,16.289825,15.830643,16.216530,16.600693,16.051353,15.517014,16.344765,16.527649,16.491104,16.582436,15.812218,16.124794,16.363075,16.289825,16.454536,15.701637,16.344765,16.618950,16.051353,16.344765,16.289825,16.198189,16.417961,16.454536,16.472824,16.673668,17.110275,16.527649,17.019493,16.618950,16.564171,16.216530,16.545914,16.746590,16.564171,16.691910,17.001335,16.618950,16.509377,16.801247,16.491104,16.545914,16.819458,16.691910,17.255310,16.874062,16.637184,16.198189,16.801247,16.764816,16.928627,17.073982,16.837654,17.073982,16.946808,17.019493,16.746590,17.001335,16.527649,16.637184,17.436272,16.874062,16.783035,16.618950,16.855865,16.746590,17.508537,16.855865,17.128418,16.673668,17.092117,16.417961,16.819458,16.874062,17.219078,16.892258,16.874062,16.801247,17.019493,16.801247,16.783035,16.801247,17.219078,16.509377,16.946808,17.001335,16.837654,16.819458,17.019493,17.291534,17.363930,17.055817,16.837654,16.710136,17.146553,17.508537,17.363930,17.291534,17.092117,17.037659,17.092117,17.219078,17.237198,17.164696,17.526596,17.526596,16.964989,17.219078,17.110275,17.327736,16.983162,17.019493,17.237198,17.219078,17.327736,17.019493,17.237198,17.670921,17.327736,17.164696,17.255310,17.255310,17.273430,17.472412,17.327736,17.073982,17.616829,16.946808,17.291534,17.219078,17.850990,16.946808,17.164696,17.146553,17.652901,16.983162,17.508537,17.363930,17.526596,17.436272,17.472412,17.363930,17.400101,17.291534,17.327736,17.382019,17.779015,17.255310,17.327736,17.472412,17.833000,17.706970,17.255310,17.634865,17.706970,17.454338,17.815002,18.030663,17.850990,17.994759,17.850990,18.012718,18.138290,17.904930,17.779015,18.048607,17.779015,17.598785,18.030663,17.922905,18.424599,18.513863,18.048607,18.120361,18.066551,17.994759,18.442459,18.245766,18.156204,18.620857,18.674309,18.460312,18.638680,18.585213,18.798882,18.567383,18.709923,18.834435,18.120361,18.763306,18.905502,18.852211,18.887749,18.852211,19.242241,19.259926,18.869980,18.923264,18.656494,19.011993,18.727722,18.585213,18.763306,18.424599,19.029732,18.709923,18.869980,18.941017,19.029732,19.065178,18.994255,18.941017,18.941017,19.082909,18.388855,18.781090,19.136055,18.603035,18.745514,18.656494,18.994255,18.709923,18.692123,18.941017,19.047462,19.100624,18.941017,18.941017,18.335236,18.496017,18.603035,18.976524,18.887749,18.709923,18.834435,18.852211,18.656494,18.994255,19.206863,19.153755,19.065178,19.118340,18.763306,18.745514,18.567383,19.100624,19.029732,18.905502,18.567383,18.994255,18.674309,19.082909,19.082909,19.029732,18.781090,18.816666,19.259926,18.923264,18.620857,19.171471,18.335236,19.011993,18.887749,18.727722,18.745514,18.745514,18.567383,18.887749,18.638680,18.763306,18.905502,18.549545,18.299454,18.442459,18.585213,18.478165,18.227867,18.531708,18.834435,18.513863,18.549545,18.745514,19.100624,18.709923,18.620857,18.638680,18.727722,18.513863,18.958771,18.192039,18.692123,18.549545,18.460312,18.406731,18.460312,18.424599,18.567383,18.245766,18.406731,18.156204,18.353111,18.478165,18.603035,18.174133,18.281563,17.994759,18.192039,18.048607,18.227867,18.531708,18.192039,17.994759,18.335236,18.209953,18.353111,18.370995,18.478165,18.245766,18.102425,18.460312,18.245766,17.886955,17.797005,18.012718,17.382019,18.335236,18.048607,17.815002,17.580750,17.309639,17.797005,17.815002,17.724983,17.868965,17.994759,17.815002,17.688942,17.922905,17.616829,17.976807,17.797005,17.508537,17.850990,18.102425,17.797005,17.850990,17.850990,17.688942,17.670921,17.580750,17.598785,17.598785,17.273430,18.048607,17.598785,17.706970,17.779015,17.706970,17.508537,17.742996,17.634865,17.886955,17.868965,17.616829,17.742996,17.634865,17.761002,17.761002,17.779015,17.508537,17.904930,17.634865,17.761002,17.508537,17.255310,17.598785,17.706970,17.345833,17.363930,17.508537,17.634865,17.490471,17.418190,17.850990,17.797005,17.472412,17.688942,17.544655,17.544655,17.291534,17.382019,17.544655,17.742996,17.363930,17.994759,17.815002,17.309639,17.868965,17.544655,17.237198,17.490471,17.634865,17.868965,17.580750,17.490471,17.724983,17.634865,17.418190,17.634865,17.652901,17.815002,17.598785,17.418190,17.850990,17.219078,17.670921,17.742996,17.580750,17.237198,17.616829,17.544655,17.309639,17.562698,17.526596,17.490471,17.670921,17.490471,17.706970,17.815002,17.797005,17.309639,17.634865,17.652901,17.363930,17.508537,17.309639,17.291534,17.073982,16.637184,17.363930,17.164696,17.182823,17.327736,17.670921,17.382019,17.400101,17.237198,17.616829,16.928627,17.182823,17.418190,17.146553,17.200951,17.182823,17.037659,17.001335,17.273430,17.688942,17.472412,17.309639,17.454338,16.764816,17.146553,17.544655,17.472412,17.400101,17.418190,17.146553,17.363930,16.983162,16.964989,17.237198,17.436272,17.400101,16.874062,16.710136,17.110275,17.073982,16.964989,16.819458,16.545914,16.801247,16.874062,17.092117,16.964989,17.110275,16.946808,16.837654,17.291534,17.128418,17.110275,16.855865,17.273430,17.146553,17.327736,17.490471,17.309639,17.544655,16.746590,16.983162,16.892258,17.833000,17.562698,17.110275,17.706970,17.182823,17.073982,17.291534,17.688942,17.073982,17.128418,17.182823,17.508537,17.508537,17.526596,17.779015,17.200951,17.598785,17.562698,17.309639,17.273430,17.562698,17.724983,17.634865,17.544655,17.472412,17.904930,17.815002,17.815002,17.797005,17.670921,17.958839,18.066551,17.797005,17.761002,17.797005,18.138290,17.940880,18.156204,18.084496,18.138290,18.120361,18.442459,18.513863,18.012718,17.742996,18.084496,17.958839,18.048607,17.922905,18.335236,17.490471,18.102425,17.850990,18.012718,17.634865,17.382019,17.580750,17.110275,17.092117,17.309639,17.237198,16.783035,17.237198,17.001335,16.928627,16.637184,16.509377,16.179840,16.289825,16.399666,15.443062,15.793800,15.183723,15.220818,14.979439,14.569450,15.202286,15.035194,13.611824,14.793312,14.288834,14.476006,14.419891,14.700096,14.419891,14.494698,14.849190,14.419891,14.550774,15.053780,14.195114,14.363747,13.988556,13.762703,14.270103,14.007355,13.819221,14.326302,14.457298,14.494698,14.382469,14.007355,13.630692,14.101280,14.157593,14.044937,13.913338,14.120049,14.007355,14.419891,13.913338,13.743858,13.706154,13.875710,14.251350,13.762703,13.271439,13.781540,13.460693,13.347183,13.290382,13.536285,13.441788,13.100769,12.644142,
15.183723,15.977844,15.996223,15.977844,15.812218,15.867470,16.710136,16.014603,16.527649,15.646294,16.326462,16.417961,16.545914,15.941071,16.454536,15.627831,16.198189,15.977844,16.143143,16.363075,15.941071,16.326462,16.454536,16.618950,16.618950,16.783035,16.381371,16.764816,16.454536,16.728371,16.032974,16.545914,17.037659,16.454536,16.069710,16.381371,16.527649,16.363075,16.637184,16.655434,16.326462,16.728371,16.344765,16.874062,16.417961,16.710136,16.637184,16.964989,16.655434,16.728371,16.819458,16.691910,16.271500,16.946808,16.509377,17.001335,16.326462,17.019493,16.892258,16.801247,16.710136,16.472824,16.673668,16.618950,16.509377,16.289825,16.764816,16.545914,16.764816,16.728371,17.055817,16.874062,17.255310,17.128418,17.073982,16.819458,16.837654,16.746590,16.710136,17.073982,16.363075,16.710136,16.564171,16.710136,17.327736,16.673668,16.946808,16.910439,17.073982,16.618950,16.710136,16.983162,16.892258,16.691910,17.255310,16.746590,16.964989,16.819458,17.110275,16.910439,16.691910,17.345833,16.928627,17.019493,17.001335,17.110275,17.110275,16.874062,17.219078,16.910439,17.255310,17.055817,17.219078,17.273430,16.855865,17.382019,17.309639,16.946808,17.309639,17.273430,17.237198,17.309639,17.400101,17.055817,17.200951,17.273430,17.652901,16.910439,16.928627,17.291534,17.400101,17.309639,17.219078,17.616829,17.309639,17.688942,16.983162,17.418190,17.400101,17.544655,17.562698,17.472412,17.454338,17.363930,17.580750,17.598785,17.037659,17.345833,17.526596,17.382019,17.706970,16.910439,17.418190,17.472412,17.562698,17.055817,17.598785,17.418190,17.544655,17.797005,17.526596,17.815002,17.616829,17.454338,17.400101,18.048607,17.886955,17.382019,17.797005,17.976807,17.706970,17.761002,17.833000,17.779015,18.030663,17.562698,17.652901,17.598785,17.922905,17.688942,17.652901,17.976807,17.850990,17.418190,18.263664,17.922905,18.513863,17.706970,18.335236,18.496017,18.478165,18.030663,18.603035,18.245766,18.281563,18.585213,18.941017,18.138290,18.406731,18.638680,18.496017,18.727722,19.011993,18.709923,18.656494,19.206863,19.365944,19.065178,18.923264,18.887749,18.335236,18.816666,18.674309,18.496017,19.171471,18.692123,18.567383,19.011993,19.082909,18.905502,18.958771,19.100624,19.153755,18.763306,19.082909,18.763306,19.136055,19.100624,18.994255,18.905502,18.941017,18.424599,18.692123,18.567383,18.745514,19.100624,19.100624,18.798882,18.745514,18.156204,18.478165,18.299454,19.029732,18.727722,18.709923,18.834435,18.460312,18.567383,19.082909,18.585213,18.781090,18.656494,18.567383,18.798882,18.941017,19.029732,18.692123,18.585213,18.620857,19.136055,19.029732,18.638680,18.763306,18.958771,18.656494,18.994255,19.206863,18.958771,19.029732,18.603035,19.065178,19.011993,18.941017,18.460312,19.029732,18.852211,18.674309,19.029732,18.692123,18.353111,18.709923,19.206863,18.692123,18.620857,18.781090,18.513863,18.567383,18.424599,18.869980,18.353111,18.603035,18.424599,18.709923,18.603035,18.603035,18.585213,18.692123,18.923264,18.674309,18.958771,18.709923,18.745514,18.460312,18.620857,18.727722,18.674309,18.834435,18.976524,18.513863,18.245766,18.496017,18.798882,18.513863,18.674309,18.603035,18.227867,18.692123,18.245766,18.460312,18.638680,18.513863,17.815002,18.370995,18.549545,18.478165,18.424599,18.138290,18.245766,18.335236,18.353111,18.192039,18.299454,18.066551,17.797005,18.478165,17.868965,18.227867,18.138290,17.994759,17.580750,18.012718,18.012718,17.815002,17.886955,18.012718,17.670921,18.030663,17.742996,17.868965,17.779015,17.454338,17.598785,17.940880,17.580750,17.904930,17.976807,17.490471,17.634865,17.958839,17.886955,17.922905,17.815002,17.454338,17.886955,17.706970,17.761002,17.291534,17.526596,17.922905,17.598785,17.779015,17.382019,17.580750,17.526596,17.652901,17.724983,17.833000,17.688942,17.904930,17.526596,17.833000,17.200951,17.833000,17.291534,17.742996,17.382019,17.652901,17.363930,17.904930,17.598785,17.490471,17.652901,17.418190,17.886955,17.742996,17.400101,17.976807,17.940880,17.616829,17.779015,17.562698,17.598785,17.868965,17.598785,17.526596,17.670921,17.418190,17.797005,17.761002,17.309639,17.922905,17.634865,17.652901,17.291534,17.706970,17.454338,17.490471,17.327736,17.544655,17.616829,17.797005,17.508537,17.652901,17.490471,17.526596,17.273430,17.562698,17.382019,17.868965,17.418190,17.454338,17.742996,17.634865,17.309639,17.850990,17.454338,17.670921,17.526596,18.030663,17.345833,17.634865,17.634865,17.472412,17.345833,17.418190,17.634865,17.508537,17.616829,17.327736,17.418190,17.128418,17.382019,17.526596,17.815002,17.742996,17.598785,17.742996,17.742996,17.436272,17.436272,17.490471,17.508537,17.508537,17.073982,17.037659,17.670921,17.400101,17.526596,16.964989,17.055817,17.598785,17.526596,16.892258,17.273430,17.490471,17.237198,17.237198,17.037659,16.964989,17.436272,17.345833,16.819458,17.309639,17.182823,17.146553,16.819458,17.327736,17.454338,17.092117,17.146553,16.910439,17.454338,16.928627,16.618950,17.092117,16.892258,17.291534,16.964989,17.001335,17.472412,17.092117,17.092117,17.598785,16.892258,17.309639,16.928627,17.110275,16.728371,17.309639,17.055817,17.472412,17.850990,16.983162,16.472824,17.472412,17.418190,17.037659,17.019493,16.764816,17.128418,17.345833,16.673668,17.219078,17.382019,17.508537,16.892258,17.940880,17.436272,17.092117,17.382019,17.580750,17.688942,17.940880,17.019493,17.454338,17.436272,17.580750,17.616829,18.066551,17.779015,18.102425,17.200951,17.742996,17.724983,17.797005,18.120361,18.084496,18.102425,18.066551,18.531708,18.192039,18.263664,17.598785,18.478165,18.424599,18.442459,18.620857,17.327736,18.048607,17.958839,18.030663,17.922905,17.958839,17.652901,18.102425,18.370995,17.922905,17.345833,17.472412,17.454338,17.779015,17.418190,17.345833,16.946808,16.655434,17.092117,17.110275,17.382019,17.363930,16.545914,16.855865,16.308144,16.564171,16.069710,16.399666,16.216530,15.627831,15.609375,15.276436,15.146614,14.606796,14.513397,14.363747,14.101280,14.382469,14.232613,14.532082,14.082504,15.498535,13.649567,14.681450,14.270103,14.195114,14.195114,13.611824,14.288834,14.026146,13.856880,14.326302,14.232613,14.662788,14.007355,14.007355,13.950951,13.875710,14.082504,14.569450,13.969765,14.026146,14.345024,13.913338,14.007355,14.007355,14.213860,14.213860,14.063721,14.737404,13.932144,14.288834,13.894524,14.176346,14.026146,13.668427,13.422867,13.005829,13.611824,13.366112,13.460693,12.796600,12.796600,
15.257896,16.545914,16.509377,16.069710,16.527649,16.216530,15.922668,16.801247,16.472824,16.710136,15.683197,16.308144,16.253181,16.326462,16.308144,16.253181,16.051353,16.527649,16.691910,15.720085,16.564171,16.728371,16.746590,16.381371,16.253181,16.289825,16.472824,16.472824,15.996223,16.234848,16.600693,16.582436,16.417961,16.106438,16.600693,15.996223,16.527649,16.436256,16.491104,16.308144,16.728371,16.637184,16.946808,16.381371,16.637184,16.527649,16.618950,16.582436,16.819458,16.691910,16.564171,16.710136,17.055817,16.472824,17.110275,16.783035,16.819458,16.855865,16.673668,17.436272,16.491104,17.073982,16.819458,16.710136,16.308144,16.728371,16.399666,16.728371,16.764816,16.892258,16.728371,16.436256,16.509377,16.673668,17.110275,16.691910,17.182823,16.855865,16.964989,16.983162,17.146553,17.073982,16.964989,16.964989,17.092117,16.691910,17.219078,16.964989,16.910439,16.910439,16.983162,16.783035,16.983162,16.946808,16.910439,16.746590,16.855865,17.200951,17.128418,17.092117,17.019493,17.327736,17.237198,17.146553,17.436272,16.710136,17.255310,16.983162,17.110275,16.874062,17.363930,17.019493,17.363930,17.309639,17.219078,17.273430,17.436272,17.363930,17.400101,17.073982,17.490471,17.200951,17.345833,17.382019,17.327736,17.400101,17.128418,17.291534,17.652901,17.273430,17.400101,17.436272,17.309639,17.164696,17.219078,17.164696,17.382019,17.508537,17.200951,17.073982,17.598785,17.490471,17.797005,17.670921,17.436272,17.164696,17.616829,17.526596,17.255310,17.490471,17.797005,17.363930,17.761002,17.724983,17.164696,17.327736,17.526596,17.544655,17.652901,17.219078,17.526596,17.363930,18.030663,17.994759,17.562698,17.886955,17.598785,17.670921,17.724983,17.868965,17.797005,17.562698,17.580750,17.815002,18.084496,18.120361,17.508537,17.833000,17.706970,17.761002,17.815002,17.868965,17.940880,17.904930,18.245766,17.273430,18.102425,18.388855,18.120361,18.138290,18.245766,18.388855,18.496017,18.156204,18.335236,18.513863,18.299454,18.727722,18.781090,18.638680,18.709923,18.781090,18.994255,18.887749,18.674309,18.745514,18.958771,18.531708,19.206863,18.887749,18.869980,18.869980,19.365944,18.816666,19.029732,18.781090,18.763306,19.011993,18.887749,18.620857,19.171471,18.852211,19.277603,19.047462,18.958771,19.100624,19.348289,18.567383,19.029732,19.118340,19.348289,18.905502,19.100624,18.941017,19.153755,18.905502,19.011993,19.082909,18.692123,18.531708,19.171471,18.727722,18.941017,19.153755,18.709923,18.496017,19.047462,18.958771,18.958771,18.816666,18.923264,18.958771,18.976524,18.852211,18.781090,18.887749,18.869980,18.816666,18.620857,18.709923,18.816666,18.620857,19.082909,18.994255,19.153755,18.852211,19.224541,19.153755,18.905502,18.869980,19.189156,19.082909,18.781090,19.082909,18.674309,18.567383,18.887749,18.620857,18.852211,18.798882,18.816666,18.781090,18.994255,18.531708,18.692123,18.585213,19.118340,18.353111,18.638680,18.958771,19.082909,18.424599,18.781090,18.781090,19.277603,18.692123,19.136055,18.531708,18.976524,18.299454,19.206863,18.727722,18.567383,18.905502,18.620857,18.460312,18.442459,18.620857,18.567383,18.245766,18.656494,18.656494,18.424599,18.102425,18.299454,17.976807,18.620857,18.120361,18.585213,18.084496,18.281563,18.281563,18.370995,18.317345,18.209953,18.335236,18.209953,18.478165,18.531708,18.781090,18.496017,17.850990,18.442459,18.156204,18.317345,18.442459,18.156204,17.958839,18.120361,17.868965,18.245766,17.886955,17.850990,18.066551,17.724983,17.526596,17.706970,17.146553,17.526596,17.976807,17.724983,17.580750,17.508537,17.797005,17.490471,17.940880,18.012718,17.580750,17.562698,18.030663,17.526596,17.580750,17.724983,17.940880,17.146553,17.940880,17.815002,17.490471,17.724983,17.850990,18.030663,17.562698,17.508537,17.706970,17.904930,17.562698,17.562698,17.797005,17.382019,17.001335,17.508537,17.526596,17.562698,17.309639,17.833000,17.508537,17.363930,17.472412,17.779015,17.454338,17.436272,17.237198,18.030663,17.255310,17.490471,17.670921,17.490471,17.526596,17.454338,17.490471,17.779015,17.833000,17.797005,17.580750,17.761002,17.182823,17.472412,17.454338,17.670921,17.309639,17.562698,17.886955,17.580750,17.562698,17.110275,17.436272,17.273430,17.562698,17.670921,17.670921,17.580750,17.598785,17.706970,17.454338,17.598785,17.490471,17.815002,17.291534,17.742996,17.616829,17.815002,17.382019,17.562698,17.634865,17.724983,17.508537,17.562698,17.508537,17.742996,17.706970,17.508537,17.363930,17.868965,17.345833,17.110275,17.128418,17.327736,17.219078,17.670921,17.382019,17.363930,17.237198,17.490471,17.833000,17.670921,17.706970,17.742996,17.309639,17.327736,17.345833,17.019493,17.382019,17.345833,17.110275,17.309639,17.055817,16.964989,17.363930,17.200951,17.472412,17.073982,17.055817,17.472412,17.418190,17.490471,17.526596,17.255310,16.928627,17.037659,17.309639,16.928627,17.092117,17.634865,17.309639,16.655434,17.200951,17.526596,17.092117,17.182823,16.746590,17.164696,17.309639,17.309639,17.164696,17.327736,17.237198,17.055817,17.219078,17.200951,16.673668,17.562698,17.363930,17.598785,16.673668,17.363930,17.164696,16.892258,17.164696,17.345833,16.728371,17.237198,17.237198,17.868965,16.928627,17.490471,17.164696,17.001335,17.598785,17.309639,17.291534,17.345833,17.182823,17.580750,17.508537,17.182823,17.200951,17.327736,17.418190,17.418190,17.418190,17.706970,17.472412,17.345833,17.652901,17.472412,17.472412,17.779015,18.084496,17.958839,17.815002,17.562698,17.742996,17.490471,18.156204,18.174133,17.815002,18.084496,18.370995,18.012718,17.922905,18.138290,18.012718,17.994759,18.370995,18.138290,18.066551,17.940880,18.245766,18.174133,18.012718,18.317345,18.299454,17.940880,17.904930,18.012718,17.688942,18.084496,18.227867,18.084496,17.073982,17.472412,17.472412,17.019493,17.382019,17.670921,17.526596,17.598785,16.691910,17.073982,16.271500,16.783035,16.564171,16.344765,15.793800,16.271500,15.812218,15.646294,15.350533,14.923637,15.090919,14.923637,14.849190,14.251350,14.550774,14.345024,14.737404,14.307571,15.035194,14.082504,14.867805,14.288834,14.457298,14.251350,14.345024,14.120049,14.101280,14.101280,13.725006,14.270103,14.363747,14.232613,14.288834,14.157593,14.232613,14.457298,14.363747,14.438606,14.157593,14.044937,14.082504,14.082504,14.007355,13.988556,14.494698,13.819221,13.950951,13.875710,13.875710,13.706154,14.120049,14.026146,14.232613,13.913338,13.214584,13.403954,13.385033,14.157593,14.138817,12.986824,12.720398,
15.053780,15.775375,16.143143,16.655434,15.885872,16.344765,15.867470,15.977844,16.527649,16.600693,16.032974,15.793800,15.959457,15.849052,16.417961,16.363075,16.014603,16.344765,16.216530,16.234848,16.198189,16.436256,16.691910,16.874062,16.161499,16.491104,17.146553,16.983162,16.600693,16.014603,16.198189,16.289825,16.691910,16.582436,16.491104,16.545914,16.454536,16.216530,16.837654,16.545914,16.637184,16.618950,16.417961,16.198189,16.764816,16.819458,16.819458,16.655434,16.892258,16.819458,16.582436,16.801247,16.600693,16.819458,16.710136,16.472824,16.783035,16.491104,16.253181,16.691910,17.255310,16.746590,16.910439,16.855865,16.837654,16.783035,16.545914,16.964989,17.001335,17.055817,17.019493,16.600693,16.436256,16.691910,16.819458,16.783035,16.655434,16.819458,17.019493,16.710136,17.037659,16.783035,16.964989,16.819458,17.128418,17.164696,17.055817,17.418190,17.237198,16.837654,17.073982,17.092117,17.146553,16.874062,16.928627,16.983162,17.508537,16.964989,17.237198,16.710136,17.490471,17.037659,17.128418,17.182823,17.019493,17.237198,17.418190,16.837654,16.946808,17.291534,17.363930,17.345833,17.110275,17.273430,17.634865,16.964989,16.983162,17.019493,17.146553,16.783035,17.273430,17.200951,17.508537,16.983162,17.037659,17.200951,17.128418,17.200951,17.019493,17.418190,17.309639,17.345833,17.055817,17.454338,17.327736,17.128418,17.055817,17.472412,17.255310,17.037659,17.562698,17.363930,17.742996,17.255310,18.030663,17.688942,17.815002,16.783035,17.327736,17.110275,17.688942,17.490471,17.580750,17.092117,17.237198,16.928627,17.598785,17.019493,17.886955,17.490471,17.616829,17.146553,17.508537,17.544655,17.454338,17.562698,18.156204,17.544655,17.706970,18.192039,18.048607,18.084496,17.779015,17.940880,17.922905,17.815002,18.227867,18.120361,17.724983,18.299454,18.156204,17.706970,17.940880,17.994759,18.209953,18.299454,18.353111,17.562698,18.549545,17.850990,18.209953,18.478165,18.478165,18.834435,18.549545,18.460312,18.496017,18.656494,18.620857,19.189156,18.620857,18.887749,18.834435,19.011993,18.638680,19.259926,18.585213,19.171471,19.047462,19.082909,19.118340,18.852211,18.887749,18.567383,18.923264,18.496017,18.603035,19.295280,18.816666,19.082909,19.047462,19.082909,18.941017,18.709923,19.029732,18.923264,18.834435,19.242241,18.887749,19.118340,18.781090,19.118340,18.923264,18.798882,18.852211,19.312950,18.994255,18.905502,18.603035,18.549545,18.656494,18.513863,18.603035,18.603035,18.638680,18.727722,19.011993,18.887749,18.370995,18.585213,18.976524,18.763306,18.816666,18.887749,19.189156,18.709923,18.869980,18.585213,18.317345,18.709923,19.136055,18.638680,19.047462,18.745514,18.994255,19.153755,19.011993,19.082909,18.816666,18.834435,19.242241,18.834435,18.869980,18.692123,19.100624,18.781090,19.082909,18.478165,18.335236,18.887749,18.406731,18.869980,18.869980,18.656494,18.869980,18.620857,18.976524,18.727722,18.763306,18.442459,18.745514,18.692123,18.567383,18.638680,18.638680,18.709923,18.763306,19.065178,18.905502,18.994255,18.620857,18.549545,18.406731,18.245766,19.011993,18.798882,18.496017,18.549545,18.620857,18.709923,18.887749,18.424599,18.460312,18.531708,18.692123,18.335236,18.513863,18.406731,18.816666,18.012718,18.192039,18.192039,18.549545,18.102425,18.066551,17.976807,17.868965,18.102425,18.317345,18.388855,18.245766,18.174133,18.353111,18.496017,18.424599,18.138290,18.066551,18.460312,17.940880,17.779015,18.066551,18.227867,17.958839,17.976807,17.850990,17.922905,17.850990,17.904930,17.994759,18.138290,17.904930,17.526596,18.674309,17.634865,17.490471,17.706970,17.562698,17.850990,17.779015,17.544655,17.688942,17.580750,17.833000,17.382019,17.598785,17.706970,17.868965,17.490471,17.526596,17.779015,17.562698,17.580750,17.544655,17.363930,17.779015,17.688942,17.382019,17.688942,17.833000,17.544655,17.742996,17.616829,17.706970,17.418190,17.291534,17.345833,17.472412,17.508537,17.797005,17.400101,17.670921,17.652901,17.436272,17.670921,17.922905,17.436272,17.562698,17.706970,17.580750,17.562698,17.994759,17.309639,17.779015,17.345833,17.779015,17.797005,17.724983,17.797005,17.146553,17.037659,17.526596,17.363930,17.454338,17.436272,17.724983,17.742996,17.327736,17.706970,17.490471,17.670921,17.724983,17.598785,17.833000,17.382019,17.472412,17.382019,17.634865,17.562698,17.634865,17.291534,17.833000,17.706970,17.219078,17.652901,18.174133,17.400101,17.634865,17.580750,17.309639,17.598785,17.742996,17.200951,17.309639,17.382019,17.797005,17.273430,17.598785,17.742996,17.706970,17.273430,17.345833,17.454338,17.580750,17.688942,17.688942,17.652901,17.526596,17.508537,17.652901,17.128418,17.779015,17.454338,17.400101,17.309639,17.400101,17.797005,17.418190,17.273430,17.562698,16.964989,17.544655,17.400101,17.291534,17.472412,17.200951,17.345833,17.418190,17.055817,17.001335,17.200951,17.345833,17.128418,17.833000,17.273430,17.200951,17.001335,17.273430,16.892258,17.580750,17.237198,17.128418,16.509377,16.946808,17.219078,16.910439,16.783035,17.526596,17.345833,16.892258,17.092117,17.273430,17.182823,17.073982,17.128418,16.910439,17.255310,17.182823,17.146553,17.110275,17.255310,17.273430,17.526596,17.037659,17.073982,17.418190,17.652901,16.801247,17.001335,17.073982,17.345833,16.764816,17.273430,16.983162,17.110275,17.219078,17.291534,16.910439,17.454338,17.110275,17.418190,17.562698,17.815002,17.706970,17.797005,17.706970,17.904930,17.940880,17.454338,17.940880,18.030663,17.833000,18.424599,17.706970,17.526596,18.227867,18.012718,18.388855,18.424599,18.388855,18.531708,18.388855,17.850990,18.281563,18.209953,18.281563,17.994759,18.656494,18.066551,17.833000,18.120361,18.012718,17.994759,17.761002,17.958839,17.598785,17.940880,17.761002,17.382019,17.922905,17.526596,17.055817,17.237198,17.436272,16.874062,17.544655,17.037659,17.164696,16.819458,16.964989,16.910439,16.710136,15.904274,16.491104,16.600693,15.867470,15.775375,16.253181,15.553970,15.146614,14.867805,14.942238,14.363747,14.476006,14.606796,14.662788,14.251350,14.793312,14.138817,14.326302,14.326302,14.513397,14.307571,14.494698,14.756035,14.662788,13.875710,14.307571,14.774681,14.438606,14.494698,14.849190,13.875710,14.232613,14.550774,14.007355,14.326302,13.838051,13.649567,13.875710,14.513397,14.044937,14.082504,14.438606,14.251350,14.176346,13.630692,13.875710,13.781540,13.932144,13.555183,13.781540,13.913338,13.668427,13.195625,13.271439,13.479599,12.967819,13.100769,13.005829,12.586906,
15.424561,15.922668,16.088081,15.406059,16.946808,15.424561,16.436256,15.941071,16.143143,16.691910,16.124794,16.271500,16.106438,15.959457,15.996223,16.069710,16.106438,16.564171,16.509377,16.509377,16.564171,15.720085,16.417961,16.143143,16.051353,16.399666,16.582436,16.509377,16.271500,16.344765,16.819458,16.344765,16.819458,16.600693,16.069710,16.069710,16.509377,16.344765,16.582436,16.472824,16.436256,16.472824,16.363075,16.655434,16.161499,17.001335,16.746590,16.289825,16.746590,16.655434,16.509377,16.764816,16.964989,16.983162,16.983162,16.928627,16.837654,16.783035,17.001335,16.509377,16.582436,16.618950,16.399666,16.910439,17.001335,16.618950,17.652901,16.746590,16.746590,16.764816,17.255310,17.164696,16.728371,16.582436,17.037659,16.746590,17.037659,16.946808,16.892258,16.874062,16.892258,17.146553,17.019493,17.128418,16.892258,17.164696,16.618950,16.509377,17.418190,16.983162,17.182823,16.946808,17.055817,16.819458,17.092117,16.655434,16.892258,16.874062,16.819458,16.764816,17.400101,17.073982,17.255310,17.164696,16.892258,17.255310,17.400101,17.182823,17.037659,17.273430,16.946808,17.110275,17.037659,17.128418,17.273430,17.309639,17.182823,17.055817,17.164696,17.200951,17.345833,17.001335,17.200951,16.928627,17.146553,17.255310,17.580750,17.073982,17.237198,17.182823,17.508537,17.526596,17.508537,17.200951,17.327736,17.400101,16.837654,17.200951,17.418190,17.490471,17.580750,17.436272,17.706970,17.761002,17.598785,17.073982,17.544655,16.910439,17.200951,17.146553,17.490471,17.833000,17.345833,17.309639,17.164696,17.634865,17.436272,17.490471,17.868965,17.345833,17.562698,17.634865,17.472412,17.688942,17.508537,17.958839,17.886955,17.868965,17.779015,17.688942,17.940880,17.670921,18.335236,17.850990,17.850990,17.688942,18.012718,17.652901,18.066551,17.886955,17.886955,17.472412,17.616829,17.922905,17.634865,18.281563,17.616829,17.868965,18.460312,18.603035,17.815002,18.102425,18.460312,18.084496,18.299454,18.281563,18.209953,18.567383,18.620857,18.905502,18.976524,18.603035,18.869980,18.976524,18.567383,18.745514,19.295280,18.727722,18.798882,19.224541,19.011993,18.852211,18.976524,18.816666,18.798882,18.513863,18.781090,18.585213,19.136055,18.388855,18.763306,18.887749,19.100624,18.549545,18.816666,18.727722,19.277603,19.312950,18.299454,18.887749,18.692123,18.834435,19.047462,18.976524,19.312950,18.852211,18.674309,18.834435,18.816666,18.745514,19.029732,18.353111,18.941017,18.781090,18.905502,18.638680,18.976524,18.763306,18.816666,18.887749,19.011993,18.460312,18.603035,18.905502,18.745514,18.976524,18.620857,18.852211,18.941017,18.656494,18.620857,19.029732,19.206863,18.798882,19.011993,19.011993,19.295280,19.082909,18.994255,18.834435,18.781090,18.798882,18.869980,18.620857,19.242241,19.065178,19.100624,18.692123,19.065178,18.816666,18.620857,18.192039,18.745514,18.781090,18.692123,18.549545,18.603035,19.047462,18.816666,18.798882,18.460312,18.692123,18.620857,18.745514,18.585213,18.905502,18.958771,18.513863,18.798882,18.781090,18.638680,19.136055,18.567383,18.745514,18.388855,18.531708,18.549545,18.781090,18.496017,18.442459,18.727722,18.496017,18.370995,18.567383,18.245766,18.281563,18.353111,18.030663,18.281563,18.299454,18.370995,18.174133,18.692123,18.317345,18.370995,18.209953,18.531708,18.245766,18.496017,18.585213,18.460312,18.478165,18.531708,18.531708,18.353111,18.030663,18.102425,17.652901,17.940880,17.868965,18.227867,17.724983,18.084496,17.706970,17.562698,17.815002,17.994759,17.904930,17.616829,17.598785,17.580750,18.066551,17.779015,18.048607,17.940880,17.922905,18.263664,17.886955,17.904930,17.761002,17.418190,17.886955,17.994759,17.273430,17.652901,17.850990,18.048607,17.454338,17.562698,17.994759,17.976807,17.562698,17.634865,17.454338,17.598785,17.490471,17.580750,17.255310,17.886955,17.418190,17.724983,17.544655,17.327736,17.652901,17.815002,17.598785,17.273430,17.363930,17.128418,17.706970,17.508537,17.508537,17.454338,17.815002,17.779015,18.048607,17.761002,17.598785,17.815002,17.779015,17.688942,17.544655,17.688942,17.580750,17.472412,17.779015,17.544655,17.580750,17.382019,17.652901,17.580750,17.652901,17.562698,17.652901,17.544655,17.363930,17.472412,17.958839,17.634865,17.616829,17.886955,17.526596,17.688942,17.797005,17.598785,17.652901,17.616829,17.706970,17.562698,17.724983,17.472412,17.526596,17.815002,17.345833,17.779015,17.634865,17.815002,17.255310,17.742996,17.598785,17.670921,17.309639,17.886955,17.724983,17.544655,17.562698,17.055817,17.363930,17.670921,17.363930,17.797005,17.562698,17.706970,17.616829,17.580750,17.850990,17.363930,17.454338,17.526596,17.219078,17.598785,17.291534,17.436272,17.940880,17.073982,17.508537,17.436272,17.490471,17.508537,17.454338,17.833000,17.400101,17.616829,17.436272,17.598785,17.200951,17.436272,17.544655,17.255310,17.291534,17.418190,17.237198,17.219078,17.508537,17.490471,17.616829,17.073982,16.964989,17.526596,17.019493,17.128418,17.092117,17.345833,16.928627,16.837654,17.219078,16.509377,17.110275,17.237198,17.454338,16.855865,17.200951,17.110275,17.327736,17.219078,17.128418,17.309639,17.472412,17.688942,17.182823,17.850990,17.562698,17.616829,17.454338,16.983162,17.073982,17.490471,16.855865,17.327736,17.724983,17.001335,16.964989,17.327736,16.874062,17.400101,17.526596,16.783035,17.562698,17.073982,17.237198,18.066551,17.255310,17.526596,17.110275,17.724983,17.706970,17.580750,17.994759,17.815002,17.291534,17.994759,17.562698,17.779015,17.742996,18.030663,18.263664,18.030663,18.174133,18.120361,18.012718,18.084496,17.922905,18.192039,17.958839,18.138290,18.478165,18.335236,18.012718,17.922905,18.603035,18.192039,18.674309,18.299454,18.048607,17.724983,17.797005,17.994759,17.742996,17.291534,17.092117,17.508537,17.382019,17.219078,17.237198,16.855865,17.418190,16.746590,16.801247,16.874062,16.655434,17.219078,16.928627,16.618950,16.326462,16.179840,15.683197,15.535500,15.276436,15.332008,14.867805,14.718750,14.830566,14.569450,14.232613,14.979439,14.307571,14.438606,14.793312,14.569450,14.345024,14.849190,14.476006,14.644127,14.774681,13.969765,14.644127,14.363747,14.345024,14.363747,14.326302,14.326302,13.894524,14.138817,14.251350,14.251350,13.988556,14.251350,14.120049,13.969765,14.700096,13.950951,13.969765,13.762703,14.007355,14.120049,13.932144,13.913338,13.932144,14.213860,13.498497,13.630692,14.138817,13.706154,14.044937,13.574066,13.517403,13.498497,13.498497,13.290382,12.453224,
15.257896,16.088081,16.234848,16.124794,16.069710,16.527649,16.106438,15.683197,16.253181,16.381371,16.014603,16.069710,16.253181,16.271500,16.344765,16.161499,15.849052,16.728371,16.308144,16.527649,16.655434,16.124794,16.491104,16.216530,16.509377,16.710136,16.527649,16.527649,16.545914,16.417961,16.874062,16.637184,16.855865,15.849052,16.161499,16.746590,16.855865,16.289825,16.819458,16.673668,16.728371,15.793800,16.234848,16.363075,16.964989,16.509377,16.564171,16.582436,16.582436,16.564171,16.983162,16.491104,17.200951,16.710136,16.855865,16.819458,16.600693,17.073982,16.710136,16.783035,16.399666,16.161499,17.182823,16.874062,17.146553,16.417961,17.073982,16.964989,17.019493,16.417961,16.801247,17.037659,16.928627,16.874062,16.600693,16.874062,16.527649,16.691910,16.527649,16.801247,17.019493,16.637184,16.910439,17.255310,17.182823,16.564171,17.182823,16.964989,17.092117,16.910439,17.598785,16.983162,17.128418,16.710136,16.928627,16.819458,17.037659,16.837654,17.019493,17.001335,17.182823,16.910439,17.001335,16.491104,17.255310,17.327736,17.688942,17.544655,17.454338,17.055817,17.580750,17.345833,17.345833,17.146553,17.219078,17.291534,17.200951,17.724983,17.382019,17.001335,17.219078,16.855865,17.616829,16.964989,17.309639,17.472412,17.182823,17.472412,17.164696,17.164696,17.255310,17.562698,17.237198,17.255310,17.128418,17.110275,17.345833,17.436272,17.309639,17.182823,17.273430,17.110275,17.382019,17.110275,17.200951,17.544655,17.219078,17.345833,17.833000,17.273430,17.526596,17.164696,17.182823,17.652901,17.797005,17.490471,17.779015,17.255310,17.508537,17.544655,17.598785,17.092117,17.616829,17.886955,17.833000,17.652901,17.454338,17.958839,17.382019,17.688942,18.192039,18.209953,17.761002,17.742996,17.886955,17.886955,17.797005,18.030663,17.761002,17.940880,17.994759,17.761002,17.688942,18.030663,17.940880,17.868965,18.120361,17.868965,17.994759,17.724983,18.245766,18.138290,18.030663,18.174133,18.424599,18.245766,18.656494,18.353111,18.620857,18.585213,18.709923,18.905502,18.923264,19.224541,18.442459,18.923264,19.224541,18.692123,19.136055,19.295280,18.905502,18.656494,18.549545,19.065178,18.834435,18.674309,18.905502,19.224541,19.100624,19.189156,18.816666,18.513863,19.189156,18.905502,18.941017,19.242241,18.976524,19.171471,18.816666,18.798882,19.171471,18.905502,18.798882,18.852211,18.549545,19.029732,19.082909,18.869980,18.852211,18.887749,18.834435,18.567383,18.585213,19.118340,18.816666,18.834435,18.958771,18.834435,18.763306,18.496017,18.478165,18.887749,19.100624,18.994255,18.834435,18.763306,18.763306,18.585213,18.709923,18.905502,18.852211,18.941017,19.171471,18.745514,18.852211,18.976524,19.171471,18.816666,18.941017,18.442459,19.383614,19.100624,18.834435,18.585213,18.745514,18.603035,18.941017,18.887749,18.852211,18.887749,18.852211,18.727722,18.727722,18.531708,18.727722,18.567383,18.727722,18.727722,18.549545,18.709923,19.100624,18.727722,18.781090,18.174133,19.153755,18.638680,18.994255,18.281563,18.549545,18.567383,18.887749,19.082909,18.709923,18.442459,18.513863,18.496017,18.424599,18.656494,18.335236,18.692123,19.047462,18.299454,18.227867,17.994759,18.227867,18.442459,18.603035,18.513863,18.317345,18.763306,18.353111,18.209953,18.513863,18.030663,18.245766,18.388855,18.513863,18.066551,18.549545,17.886955,18.549545,18.281563,18.424599,18.478165,18.263664,18.174133,18.174133,18.209953,17.994759,18.460312,18.084496,17.886955,17.742996,17.922905,18.066551,18.102425,17.779015,17.742996,17.436272,17.526596,18.012718,17.833000,18.102425,17.598785,18.317345,17.940880,17.833000,17.994759,17.706970,17.652901,18.048607,17.868965,17.850990,18.066551,18.066551,17.994759,17.779015,17.940880,17.562698,17.706970,17.255310,17.724983,17.850990,17.327736,17.580750,17.652901,17.833000,17.327736,17.922905,17.327736,17.182823,17.382019,17.976807,17.580750,17.815002,17.544655,18.138290,17.868965,17.815002,17.850990,17.598785,17.616829,17.634865,17.544655,17.382019,17.562698,17.868965,17.904930,17.922905,17.400101,17.904930,17.706970,17.706970,17.940880,17.850990,17.815002,17.742996,17.436272,17.634865,17.616829,17.850990,17.616829,17.526596,17.779015,17.688942,17.797005,17.580750,17.742996,17.508537,17.616829,17.508537,17.670921,17.833000,17.544655,18.138290,17.309639,17.544655,17.309639,17.490471,17.400101,17.833000,17.092117,17.724983,17.580750,17.382019,17.237198,17.400101,17.526596,17.670921,17.652901,17.508537,17.797005,17.436272,17.345833,17.436272,17.526596,17.779015,17.508537,17.562698,17.273430,17.742996,17.382019,17.544655,17.922905,17.382019,17.670921,17.724983,17.688942,17.706970,17.400101,17.345833,17.472412,17.580750,17.724983,17.400101,17.797005,17.454338,17.742996,17.833000,17.219078,17.797005,17.309639,17.219078,17.652901,17.146553,17.526596,17.833000,17.472412,17.418190,17.001335,17.219078,17.146553,17.200951,17.309639,17.580750,17.418190,17.382019,17.019493,17.454338,16.892258,17.037659,17.110275,17.200951,16.728371,17.073982,18.030663,16.928627,17.255310,17.200951,16.946808,16.618950,16.783035,17.273430,17.255310,17.001335,17.092117,17.219078,16.874062,16.983162,17.327736,17.255310,17.273430,17.400101,17.472412,17.219078,16.983162,17.382019,17.436272,16.819458,16.874062,16.983162,17.073982,17.037659,17.110275,16.983162,16.983162,17.580750,17.526596,17.237198,17.219078,17.345833,17.454338,17.940880,17.797005,17.652901,17.616829,17.526596,17.652901,17.670921,17.904930,17.436272,17.742996,18.156204,17.940880,17.670921,17.761002,18.245766,18.102425,18.281563,18.174133,18.209953,17.940880,18.353111,18.227867,18.012718,18.263664,17.508537,18.263664,18.120361,17.904930,17.994759,18.227867,17.797005,17.345833,17.994759,17.797005,17.454338,17.219078,17.815002,17.146553,17.742996,17.309639,17.454338,17.273430,17.273430,16.819458,17.382019,16.837654,16.564171,16.564171,16.399666,17.200951,16.344765,15.720085,16.399666,15.977844,16.198189,15.332008,15.109489,15.146614,14.849190,13.762703,14.681450,14.007355,14.606796,14.737404,14.382469,14.494698,14.419891,14.923637,14.063721,14.157593,14.438606,14.382469,14.588127,14.625465,14.138817,15.202286,14.026146,14.138817,14.569450,13.781540,14.007355,14.138817,14.606796,14.270103,14.195114,14.138817,13.988556,14.101280,13.252487,14.251350,14.063721,13.819221,13.460693,14.513397,14.513397,14.063721,13.950951,14.270103,13.913338,13.762703,13.271439,13.762703,13.950951,13.668427,12.796600,13.233543,13.176659,12.663208,
15.553970,16.326462,16.124794,16.691910,16.289825,16.344765,15.812218,15.720085,16.381371,15.849052,15.793800,15.775375,16.198189,16.088081,16.216530,16.051353,16.491104,16.308144,16.472824,15.996223,16.582436,16.069710,16.509377,16.308144,16.564171,16.381371,16.472824,16.161499,16.472824,17.327736,16.308144,15.996223,16.253181,16.436256,16.618950,16.198189,16.472824,16.509377,16.216530,16.728371,16.728371,16.326462,16.618950,16.545914,16.892258,16.783035,16.326462,16.874062,16.946808,16.983162,16.417961,16.454536,16.801247,17.146553,16.673668,16.728371,17.073982,16.582436,16.582436,16.564171,17.182823,16.491104,16.417961,16.801247,16.545914,16.892258,17.001335,16.964989,16.710136,17.200951,16.545914,16.964989,16.691910,16.618950,16.855865,16.892258,16.855865,17.309639,16.691910,16.892258,17.073982,16.600693,16.564171,17.001335,17.037659,16.710136,17.255310,16.600693,16.910439,17.019493,17.164696,16.728371,17.182823,17.055817,16.234848,17.001335,16.910439,16.983162,16.837654,17.255310,16.783035,17.436272,17.273430,17.418190,17.652901,16.964989,17.490471,17.400101,17.055817,16.892258,16.764816,17.128418,16.928627,17.418190,17.797005,17.255310,16.964989,17.128418,17.454338,17.273430,17.363930,17.526596,17.562698,16.819458,17.146553,17.454338,17.670921,17.454338,17.742996,17.670921,17.472412,17.309639,17.706970,16.783035,17.092117,17.436272,17.237198,17.164696,17.363930,17.544655,17.508537,17.345833,17.526596,17.255310,17.833000,17.291534,17.237198,17.291534,17.454338,17.092117,17.562698,17.688942,17.382019,17.146553,17.472412,17.904930,17.508537,17.490471,17.454338,17.706970,17.797005,17.670921,17.309639,17.454338,17.724983,17.652901,17.797005,17.742996,17.706970,17.616829,18.048607,17.400101,17.761002,18.120361,17.761002,17.418190,18.030663,18.245766,17.779015,17.670921,18.048607,17.868965,17.797005,18.102425,17.508537,17.724983,18.209953,18.048607,17.994759,18.174133,18.209953,17.958839,18.138290,18.335236,18.460312,18.763306,18.692123,18.335236,18.692123,18.603035,18.585213,18.496017,18.638680,18.816666,18.976524,19.118340,19.065178,18.816666,18.709923,18.941017,18.585213,18.852211,18.478165,18.585213,19.082909,19.065178,18.638680,18.763306,18.709923,19.277603,18.424599,19.171471,18.727722,19.118340,18.513863,19.312950,18.994255,19.295280,19.330627,19.065178,19.259926,19.383614,18.905502,19.082909,19.559967,18.994255,18.958771,18.585213,18.852211,18.709923,18.709923,18.887749,18.941017,18.923264,19.029732,18.852211,18.958771,18.834435,18.442459,18.496017,18.834435,18.531708,19.065178,18.958771,19.153755,18.958771,18.887749,18.406731,18.709923,18.460312,19.153755,18.709923,18.603035,19.118340,18.994255,18.976524,19.242241,18.674309,18.923264,19.295280,19.100624,18.620857,19.029732,18.994255,19.065178,18.798882,18.976524,18.496017,18.549545,18.923264,19.029732,18.745514,19.082909,18.513863,18.905502,18.905502,18.816666,18.869980,18.816666,18.887749,18.816666,18.763306,18.656494,18.567383,19.118340,18.513863,18.958771,18.620857,18.905502,18.976524,18.638680,18.781090,18.674309,18.816666,18.834435,18.638680,18.531708,18.798882,18.834435,18.887749,18.496017,18.727722,18.496017,18.156204,18.887749,18.674309,18.406731,18.406731,18.852211,17.958839,18.442459,18.406731,18.281563,18.012718,17.940880,18.281563,18.406731,18.638680,18.335236,18.603035,18.442459,18.478165,18.388855,18.012718,17.958839,18.192039,18.353111,18.335236,18.174133,18.156204,18.209953,18.048607,18.245766,17.886955,17.868965,17.940880,17.904930,17.779015,17.940880,17.724983,18.066551,17.652901,17.815002,17.688942,18.138290,17.688942,17.940880,17.976807,18.102425,17.833000,17.922905,18.102425,18.120361,17.868965,17.797005,17.706970,17.598785,17.454338,18.245766,17.833000,17.797005,17.742996,17.797005,17.670921,17.706970,17.544655,17.850990,17.868965,17.598785,17.779015,17.815002,17.670921,17.761002,18.102425,17.652901,17.886955,17.724983,17.688942,17.958839,17.400101,17.652901,17.742996,17.994759,18.138290,17.976807,17.797005,17.526596,17.562698,17.904930,17.904930,17.779015,17.508537,17.562698,17.742996,17.868965,17.922905,17.922905,17.562698,17.580750,17.670921,17.454338,17.670921,17.779015,17.454338,17.526596,17.976807,17.886955,17.562698,17.616829,17.490471,17.922905,17.833000,17.797005,17.706970,17.652901,17.508537,18.084496,17.598785,17.850990,17.526596,17.436272,17.850990,17.634865,18.012718,17.544655,17.616829,17.598785,17.994759,18.048607,17.670921,17.616829,17.616829,17.345833,17.418190,17.652901,17.815002,17.652901,17.742996,17.850990,17.779015,17.327736,17.815002,17.616829,17.454338,17.508537,17.724983,17.688942,17.598785,17.670921,17.508537,17.255310,17.400101,16.910439,17.724983,17.472412,17.400101,17.345833,17.490471,17.670921,17.273430,17.616829,17.418190,17.237198,17.273430,17.490471,17.309639,17.291534,17.273430,17.418190,17.562698,17.526596,17.309639,17.291534,17.092117,17.382019,17.273430,17.128418,16.946808,17.092117,16.691910,17.073982,16.545914,17.327736,16.819458,17.273430,16.801247,17.110275,17.019493,17.128418,17.073982,16.710136,16.910439,17.200951,16.582436,17.255310,16.728371,17.508537,17.019493,16.819458,16.855865,17.490471,17.055817,17.273430,16.837654,16.983162,17.454338,16.837654,17.092117,17.182823,16.983162,17.237198,17.219078,17.092117,16.637184,17.345833,17.182823,17.200951,17.237198,17.219078,17.055817,17.128418,16.892258,17.688942,17.418190,17.868965,17.400101,17.634865,17.490471,18.012718,17.994759,17.922905,17.797005,18.120361,17.418190,17.994759,18.209953,18.388855,17.940880,17.779015,18.030663,17.779015,18.299454,18.370995,17.940880,17.850990,18.781090,18.335236,18.084496,18.174133,18.030663,18.138290,17.761002,18.066551,17.363930,17.472412,17.616829,17.508537,18.084496,17.200951,17.815002,17.382019,17.382019,17.255310,17.055817,17.436272,16.746590,17.363930,17.327736,16.527649,16.764816,16.308144,16.344765,16.928627,15.849052,16.069710,15.756950,15.977844,15.535500,14.756035,15.239365,13.819221,13.875710,14.288834,14.363747,14.569450,14.138817,14.513397,14.811943,14.251350,14.232613,14.569450,14.700096,14.176346,13.706154,14.718750,14.756035,14.644127,14.007355,14.288834,14.082504,14.007355,14.044937,14.157593,13.819221,14.401184,14.774681,14.195114,13.385033,14.532082,14.307571,14.026146,13.536285,13.422867,14.101280,14.101280,13.988556,14.026146,14.345024,13.290382,14.251350,13.687294,13.517403,13.309326,13.687294,13.498497,13.838051,13.157700,13.574066,13.781540,12.472336,
15.646294,15.443062,16.491104,15.646294,16.253181,16.051353,16.399666,16.253181,16.069710,15.793800,16.143143,15.977844,16.198189,16.051353,16.710136,16.618950,16.710136,16.308144,16.088081,16.106438,16.143143,16.710136,16.910439,16.454536,16.381371,16.910439,16.032974,16.564171,16.179840,16.655434,16.509377,16.691910,16.801247,16.344765,16.673668,16.509377,16.764816,16.545914,16.874062,16.564171,16.253181,16.564171,17.182823,16.545914,16.545914,16.764816,16.855865,16.655434,16.855865,17.001335,16.198189,16.746590,16.928627,16.600693,17.001335,17.055817,16.710136,16.637184,16.855865,16.216530,16.509377,16.855865,16.801247,16.527649,16.892258,17.001335,16.964989,16.764816,16.509377,16.928627,17.526596,16.655434,16.946808,17.001335,16.399666,16.691910,16.728371,16.417961,17.001335,16.764816,17.182823,17.219078,17.291534,17.019493,16.874062,16.946808,16.946808,17.092117,17.400101,17.001335,16.855865,17.164696,17.110275,16.746590,16.892258,17.182823,16.710136,17.110275,17.255310,17.128418,17.327736,17.526596,17.273430,16.746590,16.946808,16.946808,17.255310,17.128418,17.055817,17.128418,16.928627,17.164696,17.580750,17.055817,17.436272,16.910439,17.182823,17.200951,17.363930,17.073982,17.598785,17.562698,17.164696,17.219078,16.874062,17.490471,17.237198,17.092117,17.291534,17.291534,17.345833,17.291534,17.146553,17.418190,17.255310,17.073982,16.964989,17.382019,17.634865,17.886955,17.490471,17.110275,16.928627,17.490471,17.418190,17.652901,17.562698,17.345833,17.580750,17.200951,17.273430,17.182823,17.580750,16.964989,17.761002,17.706970,17.652901,17.490471,17.580750,17.382019,17.688942,17.652901,18.048607,17.345833,17.904930,18.030663,17.761002,17.850990,17.779015,17.958839,17.779015,18.084496,18.424599,17.850990,18.299454,17.868965,18.138290,17.850990,18.030663,17.922905,17.508537,17.724983,17.652901,17.670921,18.156204,17.688942,17.868965,17.868965,18.227867,17.833000,18.012718,18.263664,17.976807,18.138290,18.281563,18.513863,18.406731,18.174133,18.245766,18.102425,18.531708,18.994255,18.816666,18.709923,18.941017,18.727722,18.424599,18.905502,19.189156,18.976524,18.620857,18.852211,18.869980,18.317345,18.656494,18.620857,19.136055,19.100624,18.656494,18.620857,18.852211,19.065178,18.816666,18.656494,18.923264,19.100624,19.118340,18.958771,19.365944,19.189156,19.401253,18.905502,18.923264,19.418907,19.312950,18.994255,19.189156,19.065178,18.638680,18.763306,18.816666,18.692123,19.136055,18.335236,19.047462,18.335236,18.513863,18.727722,18.567383,18.603035,18.674309,18.442459,19.206863,18.816666,19.100624,18.692123,18.567383,19.029732,18.852211,18.709923,18.603035,19.011993,18.781090,19.224541,18.816666,18.745514,18.958771,18.994255,19.277603,19.065178,18.816666,18.674309,19.312950,19.047462,19.029732,18.976524,18.513863,19.171471,18.692123,18.958771,18.834435,18.674309,18.353111,18.852211,18.656494,18.656494,18.745514,18.567383,18.424599,18.798882,19.153755,18.852211,18.638680,18.603035,18.585213,19.295280,18.976524,18.370995,18.834435,18.656494,18.656494,18.638680,18.834435,18.638680,19.047462,18.656494,18.781090,18.834435,18.620857,18.424599,18.816666,18.923264,18.567383,18.745514,18.442459,18.317345,18.620857,18.048607,18.620857,18.353111,18.603035,18.102425,18.478165,18.460312,18.209953,18.227867,18.406731,18.603035,18.442459,18.585213,18.513863,18.209953,18.335236,18.442459,18.460312,18.299454,18.066551,18.048607,18.905502,18.120361,18.102425,18.138290,17.994759,18.209953,18.370995,18.138290,18.281563,17.815002,17.562698,17.526596,17.706970,17.706970,17.886955,18.174133,18.048607,17.833000,17.761002,17.327736,17.904930,17.400101,17.994759,17.670921,17.742996,17.886955,17.634865,17.797005,17.706970,17.327736,18.156204,17.904930,17.797005,17.598785,17.652901,18.030663,17.544655,18.066551,17.779015,17.598785,17.418190,17.724983,17.670921,17.436272,17.922905,17.761002,17.544655,17.797005,17.670921,17.670921,17.994759,17.850990,17.724983,17.815002,17.706970,17.815002,17.724983,17.833000,17.742996,17.922905,17.526596,17.940880,17.833000,17.616829,17.291534,17.706970,17.904930,17.833000,17.382019,17.706970,17.634865,17.092117,18.120361,17.363930,17.544655,17.706970,17.291534,17.598785,17.400101,17.976807,17.815002,17.382019,17.724983,17.237198,17.472412,17.544655,17.904930,17.904930,17.724983,17.742996,17.580750,17.815002,17.922905,17.652901,17.291534,17.670921,17.544655,17.363930,17.815002,17.544655,17.490471,17.598785,17.472412,17.850990,17.904930,17.706970,17.940880,17.616829,17.815002,17.634865,17.544655,17.688942,17.382019,17.436272,17.670921,17.309639,17.580750,17.291534,16.946808,17.886955,17.291534,17.562698,17.742996,17.562698,17.544655,17.146553,17.742996,17.164696,17.526596,17.508537,17.327736,17.544655,17.345833,17.526596,17.797005,17.019493,17.309639,17.110275,17.363930,17.761002,16.928627,16.983162,16.673668,17.580750,17.400101,17.273430,17.508537,17.255310,16.892258,16.946808,17.418190,17.200951,17.037659,16.946808,17.055817,16.892258,16.928627,16.783035,16.837654,16.892258,17.363930,16.655434,16.892258,16.801247,17.092117,17.073982,17.110275,16.928627,16.928627,17.273430,17.363930,16.801247,17.327736,17.327736,17.092117,17.237198,16.964989,16.710136,17.327736,16.855865,16.819458,16.600693,16.582436,17.110275,16.472824,16.764816,16.837654,16.819458,17.219078,17.345833,17.382019,17.255310,17.110275,17.327736,17.508537,17.562698,17.200951,17.327736,17.526596,17.309639,17.688942,17.598785,17.616829,17.850990,18.066551,18.138290,18.012718,18.102425,17.994759,18.531708,17.868965,17.761002,18.549545,17.779015,18.066551,17.958839,17.958839,17.598785,18.442459,17.940880,18.335236,18.424599,17.797005,18.156204,17.724983,18.084496,18.102425,18.030663,18.012718,17.850990,17.724983,17.598785,17.706970,17.779015,17.219078,17.382019,17.001335,16.527649,17.164696,16.910439,16.655434,16.673668,16.892258,16.728371,16.491104,16.308144,15.793800,15.756950,15.904274,14.998024,14.681450,15.072350,14.588127,14.007355,14.513397,14.737404,14.457298,14.120049,14.082504,14.774681,14.457298,14.532082,14.569450,14.345024,14.213860,14.438606,14.101280,13.838051,14.213860,13.950951,13.932144,14.101280,14.606796,14.569450,14.288834,14.345024,13.913338,14.044937,14.532082,13.706154,14.176346,14.681450,13.894524,13.668427,14.101280,13.969765,14.044937,14.363747,14.120049,13.517403,13.498497,13.800392,14.120049,13.969765,13.800392,14.251350,13.875710,13.328255,13.347183,13.743858,13.422867,12.108589,
15.387550,15.885872,16.198189,16.728371,16.363075,15.627831,15.849052,16.179840,16.509377,16.143143,16.308144,16.582436,15.793800,15.977844,16.088081,16.618950,16.198189,16.069710,16.088081,16.417961,15.941071,16.179840,16.436256,15.941071,16.143143,16.491104,16.363075,16.655434,16.417961,16.892258,16.454536,16.344765,16.946808,16.271500,16.436256,16.271500,16.472824,16.381371,16.271500,16.892258,16.801247,15.977844,16.691910,16.801247,16.837654,16.491104,16.946808,16.436256,16.710136,16.673668,16.728371,16.673668,16.855865,16.983162,16.051353,17.110275,16.399666,16.527649,16.928627,17.001335,16.746590,16.783035,16.910439,17.001335,16.946808,17.001335,16.910439,17.092117,16.564171,16.874062,16.946808,16.691910,17.092117,17.128418,16.600693,16.964989,16.874062,17.219078,17.363930,16.472824,17.073982,17.291534,16.728371,17.019493,17.382019,16.928627,17.019493,17.001335,17.073982,16.764816,17.309639,17.110275,16.783035,17.291534,16.892258,17.110275,17.327736,17.110275,17.092117,16.983162,17.634865,16.928627,17.309639,17.309639,17.598785,17.454338,17.309639,17.454338,17.652901,16.964989,17.182823,17.146553,17.562698,16.691910,17.345833,17.037659,16.783035,17.291534,17.073982,17.382019,17.508537,17.273430,17.291534,17.273430,17.436272,17.309639,17.255310,17.508537,17.309639,17.200951,17.382019,17.037659,17.382019,17.255310,17.345833,17.345833,17.382019,17.327736,17.092117,17.291534,17.255310,17.779015,17.742996,17.688942,17.634865,17.055817,17.526596,17.508537,17.652901,17.472412,17.418190,17.363930,17.418190,17.472412,17.472412,18.012718,17.670921,17.724983,17.219078,17.580750,17.327736,17.382019,17.382019,17.616829,17.886955,17.580750,17.779015,17.688942,18.084496,17.833000,18.317345,17.922905,18.263664,18.138290,18.048607,18.048607,17.886955,18.513863,18.048607,18.066551,18.102425,18.066551,17.815002,17.922905,17.779015,17.886955,17.994759,17.940880,17.868965,17.761002,18.335236,18.209953,18.567383,18.585213,18.424599,17.994759,18.156204,18.317345,18.781090,18.656494,18.852211,18.478165,18.638680,18.763306,18.299454,18.478165,19.383614,18.869980,19.011993,18.656494,18.585213,18.567383,18.887749,18.887749,18.513863,18.727722,18.976524,18.852211,18.745514,18.727722,19.100624,18.887749,19.011993,19.136055,19.029732,18.709923,19.100624,19.259926,18.852211,18.994255,18.869980,19.136055,19.100624,19.507095,18.941017,19.100624,18.834435,18.781090,18.976524,19.118340,18.958771,18.763306,18.816666,18.745514,18.496017,18.923264,18.692123,18.727722,18.852211,18.958771,18.727722,18.941017,19.029732,18.603035,18.745514,18.905502,18.816666,18.941017,18.745514,19.118340,18.994255,18.869980,19.277603,18.745514,19.011993,19.100624,18.994255,19.029732,19.365944,18.852211,18.923264,19.065178,18.531708,18.656494,19.489464,18.976524,19.047462,19.153755,19.118340,19.047462,18.941017,19.065178,18.692123,18.905502,18.603035,18.603035,18.887749,19.100624,19.348289,18.958771,19.029732,18.816666,19.082909,18.781090,18.442459,18.603035,18.745514,19.082909,18.905502,18.620857,18.388855,18.638680,18.941017,18.781090,18.638680,18.620857,18.353111,18.781090,18.816666,18.531708,18.834435,18.281563,18.424599,18.603035,18.424599,18.763306,18.227867,18.263664,18.460312,18.335236,18.209953,18.674309,18.299454,18.317345,18.370995,18.460312,18.460312,18.496017,18.156204,18.620857,18.424599,18.227867,18.281563,18.674309,18.102425,18.012718,18.353111,18.192039,18.424599,17.544655,17.922905,17.868965,17.994759,17.508537,18.012718,18.156204,17.742996,17.797005,17.761002,17.761002,17.779015,17.940880,17.797005,17.598785,17.724983,17.634865,17.958839,17.580750,17.706970,17.850990,18.156204,17.670921,17.670921,17.886955,17.688942,17.670921,17.797005,17.544655,17.562698,17.508537,17.833000,17.797005,17.634865,17.598785,17.472412,17.958839,17.544655,17.868965,17.400101,17.761002,17.526596,17.580750,17.562698,17.850990,17.544655,17.544655,17.508537,17.363930,17.976807,17.922905,17.652901,17.797005,17.562698,17.706970,17.706970,17.418190,18.030663,17.742996,17.976807,17.562698,18.102425,17.454338,17.868965,17.616829,17.634865,17.146553,18.048607,17.363930,17.850990,17.634865,17.958839,17.019493,17.526596,17.976807,17.490471,17.562698,18.299454,17.200951,17.761002,17.436272,17.598785,17.868965,17.761002,17.436272,17.219078,17.616829,17.490471,17.833000,17.904930,17.868965,17.345833,17.454338,17.526596,17.724983,17.598785,17.255310,17.092117,17.562698,17.598785,17.490471,17.110275,17.382019,17.688942,17.345833,17.598785,17.724983,17.994759,17.291534,17.616829,17.544655,17.454338,17.164696,17.309639,17.544655,17.580750,17.273430,17.164696,17.255310,16.892258,17.472412,17.164696,17.616829,17.652901,17.055817,17.309639,17.092117,17.327736,16.964989,17.219078,17.382019,17.291534,17.273430,17.345833,17.182823,17.055817,16.946808,17.055817,17.073982,17.110275,17.001335,16.946808,17.237198,17.436272,16.928627,17.472412,16.600693,17.110275,17.237198,17.363930,17.019493,16.728371,17.110275,17.255310,16.764816,17.309639,16.764816,16.728371,16.874062,17.001335,16.837654,16.764816,16.764816,17.128418,17.146553,16.728371,17.146553,17.001335,16.928627,17.055817,17.128418,17.001335,17.164696,17.345833,16.983162,17.073982,16.874062,16.491104,16.892258,16.874062,17.219078,16.564171,16.655434,17.001335,17.182823,16.837654,16.472824,17.110275,16.764816,17.055817,17.219078,17.291534,17.580750,17.363930,17.508537,17.363930,17.580750,17.472412,17.598785,17.544655,17.850990,17.976807,17.868965,17.994759,17.886955,18.317345,17.833000,18.048607,18.066551,18.227867,18.102425,17.797005,18.120361,18.174133,18.299454,18.102425,17.598785,18.156204,17.886955,18.209953,18.048607,18.066551,17.544655,18.102425,18.066551,18.084496,17.652901,17.922905,17.363930,17.868965,17.436272,17.418190,17.363930,17.363930,17.237198,17.128418,16.910439,17.327736,17.182823,17.164696,16.946808,17.670921,16.582436,16.417961,16.253181,16.253181,15.220818,15.072350,15.406059,14.774681,15.276436,14.830566,14.476006,14.700096,14.288834,14.606796,14.195114,14.251350,14.550774,14.176346,14.176346,14.382469,14.625465,14.438606,13.932144,13.856880,14.044937,13.969765,14.363747,14.476006,14.363747,13.875710,13.819221,14.007355,13.385033,14.288834,14.044937,14.345024,14.270103,13.950951,14.007355,14.195114,14.588127,13.875710,13.819221,13.932144,13.819221,13.950951,13.800392,14.438606,13.328255,13.385033,13.422867,13.119759,13.479599,13.366112,13.309326,13.856880,13.403954,12.796600,12.472336,
16.216530,15.904274,16.436256,16.014603,15.572441,15.756950,16.216530,16.326462,16.344765,16.032974,15.701637,15.941071,16.234848,15.461563,16.454536,15.609375,16.344765,16.253181,16.417961,16.179840,16.618950,16.417961,16.472824,16.600693,15.959457,17.019493,16.527649,16.545914,16.509377,16.363075,16.801247,16.344765,16.801247,16.454536,16.600693,16.582436,16.472824,16.710136,16.710136,16.855865,17.055817,16.710136,16.910439,16.289825,16.491104,16.801247,16.436256,16.234848,16.801247,16.892258,16.527649,16.801247,16.801247,16.545914,16.783035,16.472824,16.673668,16.783035,16.983162,16.564171,17.200951,16.582436,17.237198,16.964989,16.783035,16.783035,16.728371,16.783035,17.418190,16.289825,17.037659,16.472824,16.691910,16.491104,17.001335,16.691910,16.637184,16.837654,16.783035,16.600693,17.400101,17.237198,16.928627,16.801247,16.710136,16.728371,16.673668,16.710136,17.146553,17.019493,17.055817,16.928627,17.092117,17.073982,17.490471,16.946808,16.874062,17.327736,17.273430,17.146553,16.983162,16.928627,17.092117,16.946808,17.291534,16.855865,17.273430,16.964989,17.868965,17.255310,17.706970,17.544655,17.219078,17.652901,17.146553,17.472412,17.382019,17.616829,17.472412,17.273430,17.508537,17.291534,17.742996,17.526596,17.724983,17.255310,17.327736,17.110275,17.309639,17.219078,17.634865,17.291534,17.309639,17.508537,17.706970,17.868965,17.833000,17.363930,17.670921,17.562698,17.382019,17.273430,17.580750,17.976807,17.219078,17.400101,17.472412,17.255310,17.670921,17.327736,17.436272,17.526596,17.797005,17.598785,18.030663,17.454338,17.688942,17.472412,17.472412,17.454338,17.994759,17.833000,17.309639,17.779015,17.508537,17.544655,17.634865,17.779015,18.156204,17.922905,18.227867,18.048607,18.263664,18.549545,17.833000,17.940880,17.922905,17.904930,18.102425,17.508537,17.850990,17.940880,18.174133,18.138290,18.138290,17.797005,17.815002,17.940880,18.209953,18.245766,17.436272,18.245766,17.779015,18.227867,18.478165,18.638680,18.406731,18.531708,18.245766,18.531708,18.994255,18.496017,18.442459,18.816666,18.834435,19.082909,18.976524,18.478165,19.418907,18.620857,18.781090,19.011993,19.047462,18.620857,19.011993,18.834435,18.620857,18.869980,18.603035,18.958771,18.692123,18.905502,19.136055,18.638680,19.153755,18.781090,18.869980,18.923264,18.976524,18.958771,19.011993,18.692123,19.047462,18.816666,19.418907,19.242241,19.224541,18.834435,18.834435,18.834435,18.692123,18.674309,19.136055,18.887749,18.603035,19.029732,18.549545,18.852211,18.941017,18.727722,19.348289,18.513863,18.638680,18.513863,19.153755,18.816666,19.401253,18.905502,18.798882,18.674309,18.816666,18.763306,18.887749,18.656494,18.994255,18.745514,18.745514,18.816666,18.763306,18.745514,18.923264,18.745514,19.206863,18.727722,18.887749,19.065178,18.406731,19.171471,18.834435,19.029732,18.798882,18.745514,18.976524,18.656494,18.781090,18.709923,18.869980,18.887749,18.496017,19.011993,18.513863,18.620857,19.065178,18.869980,18.887749,18.585213,18.745514,18.745514,18.692123,19.011993,18.656494,18.763306,18.905502,18.674309,18.638680,18.245766,18.816666,18.781090,18.585213,18.585213,18.478165,18.424599,18.370995,18.478165,18.299454,18.638680,18.066551,17.994759,18.245766,18.478165,17.922905,18.709923,17.904930,18.460312,18.335236,17.940880,18.603035,18.869980,18.656494,18.834435,18.656494,18.442459,18.513863,18.531708,18.460312,18.048607,18.603035,18.156204,17.886955,18.012718,18.353111,17.742996,18.102425,18.048607,18.496017,17.562698,18.066551,18.353111,18.066551,17.472412,17.652901,17.418190,17.634865,17.922905,17.833000,17.652901,18.030663,17.724983,17.833000,17.742996,17.724983,17.273430,17.652901,17.670921,17.418190,17.688942,17.454338,17.508537,17.580750,17.616829,17.706970,17.779015,17.761002,17.833000,17.922905,17.598785,17.436272,17.472412,17.255310,17.544655,17.363930,17.761002,17.670921,17.670921,17.382019,17.562698,17.815002,17.922905,17.580750,17.904930,17.472412,17.850990,17.327736,17.779015,17.634865,17.815002,17.544655,17.670921,17.706970,17.797005,17.706970,17.544655,17.508537,17.724983,17.580750,17.616829,17.219078,17.634865,17.562698,17.544655,17.363930,17.742996,17.345833,17.670921,17.345833,17.706970,17.327736,17.580750,17.255310,17.454338,17.128418,17.237198,17.400101,17.724983,17.363930,17.598785,17.761002,17.490471,18.102425,17.797005,16.928627,17.382019,17.724983,16.946808,17.868965,17.526596,17.309639,17.580750,17.526596,16.928627,17.580750,17.400101,17.598785,17.363930,17.219078,17.037659,17.164696,17.309639,17.291534,17.309639,17.724983,17.363930,17.345833,17.634865,16.819458,17.291534,17.110275,17.472412,17.327736,17.363930,17.146553,17.526596,17.110275,17.616829,17.418190,16.710136,17.454338,17.182823,17.273430,17.490471,17.345833,17.237198,17.110275,16.764816,17.436272,16.983162,17.544655,16.837654,17.055817,17.200951,16.691910,16.728371,17.037659,16.801247,17.001335,16.892258,17.182823,16.946808,16.801247,16.582436,16.928627,16.928627,16.454536,16.855865,16.837654,16.983162,16.673668,16.837654,16.344765,16.655434,16.637184,17.146553,16.728371,17.273430,16.637184,16.728371,17.019493,16.691910,17.037659,16.892258,16.545914,16.491104,17.110275,16.746590,17.001335,17.001335,16.855865,17.472412,16.746590,16.801247,16.892258,16.564171,16.216530,16.928627,16.819458,16.964989,17.237198,16.910439,17.110275,17.291534,17.182823,17.273430,17.580750,17.237198,17.400101,17.363930,17.418190,17.634865,18.012718,17.526596,18.030663,17.958839,18.030663,17.688942,17.958839,17.922905,17.761002,18.478165,17.761002,18.192039,18.353111,18.192039,18.030663,18.174133,18.513863,18.084496,18.227867,17.833000,18.263664,17.833000,18.048607,18.174133,18.066551,17.940880,17.797005,18.084496,17.562698,17.508537,17.490471,17.472412,17.273430,17.490471,17.382019,17.237198,17.001335,17.526596,16.691910,16.564171,16.582436,16.545914,16.582436,16.783035,16.874062,16.289825,16.198189,15.701637,15.313492,15.183723,14.849190,15.276436,15.035194,14.251350,14.625465,14.438606,14.438606,14.270103,14.588127,13.950951,14.138817,13.932144,14.044937,14.588127,14.681450,14.007355,14.550774,14.232613,14.082504,14.588127,14.382469,14.438606,14.494698,14.157593,14.288834,13.762703,14.476006,14.251350,13.932144,14.382469,14.644127,14.270103,13.592949,13.743858,14.382469,14.044937,13.932144,13.762703,14.007355,14.213860,13.819221,13.743858,13.403954,14.063721,13.498497,13.517403,14.007355,13.252487,13.460693,13.100769,12.625069,12.815643,
15.885872,16.179840,16.454536,16.436256,16.253181,16.106438,16.545914,15.922668,16.253181,15.941071,15.683197,16.417961,16.527649,16.326462,15.812218,16.161499,16.381371,15.812218,16.746590,16.289825,16.472824,15.959457,15.922668,16.271500,16.673668,16.363075,16.234848,16.308144,16.509377,16.381371,16.655434,16.710136,16.124794,15.885872,16.819458,16.491104,17.019493,16.417961,16.801247,16.417961,16.509377,16.344765,16.545914,16.746590,16.673668,16.819458,16.600693,16.326462,16.271500,16.582436,16.673668,16.363075,16.564171,16.655434,16.746590,16.271500,16.764816,16.691910,16.728371,16.637184,16.289825,17.164696,16.783035,16.964989,16.655434,16.234848,16.928627,17.019493,16.874062,17.001335,16.910439,16.983162,17.128418,16.582436,16.618950,16.837654,17.237198,16.964989,16.710136,17.255310,17.291534,17.055817,17.146553,16.819458,16.746590,16.801247,16.892258,16.892258,17.055817,17.110275,16.910439,16.983162,16.855865,17.073982,17.219078,16.655434,16.691910,17.073982,17.382019,16.764816,17.037659,16.710136,16.892258,16.728371,17.309639,17.110275,17.219078,17.436272,17.073982,16.964989,17.055817,17.237198,16.673668,17.382019,17.472412,17.291534,17.526596,17.670921,17.182823,17.508537,17.400101,17.309639,17.652901,17.436272,17.345833,17.815002,17.110275,17.110275,17.291534,17.418190,17.382019,17.237198,17.490471,17.508537,17.164696,16.946808,17.219078,17.562698,17.382019,17.327736,17.634865,16.946808,17.670921,17.400101,17.761002,17.363930,17.219078,17.472412,17.182823,17.327736,17.761002,17.092117,17.436272,17.634865,17.255310,17.400101,17.562698,17.616829,17.922905,17.200951,17.616829,17.850990,17.237198,17.670921,17.815002,17.742996,17.490471,17.958839,17.562698,17.833000,17.761002,18.012718,18.138290,18.209953,18.549545,18.048607,18.192039,18.066551,17.833000,18.012718,18.496017,17.688942,17.958839,17.490471,18.084496,17.815002,17.797005,17.797005,17.868965,17.706970,18.084496,18.030663,17.742996,18.156204,18.263664,18.227867,18.156204,18.281563,18.442459,18.335236,18.620857,18.496017,18.834435,18.745514,18.994255,18.887749,18.976524,18.620857,18.549545,18.585213,18.531708,19.065178,18.781090,18.460312,18.567383,18.834435,18.816666,19.136055,18.763306,18.603035,18.549545,18.887749,19.047462,19.100624,19.348289,18.958771,19.224541,19.047462,18.834435,18.531708,19.029732,18.763306,19.277603,18.869980,18.852211,19.011993,19.118340,18.603035,19.100624,18.460312,18.692123,18.798882,18.496017,18.905502,18.745514,18.709923,18.941017,19.011993,18.976524,18.388855,19.100624,19.206863,18.603035,18.852211,18.656494,18.763306,18.958771,18.798882,18.727722,19.029732,18.976524,18.887749,18.656494,19.206863,19.011993,19.383614,19.047462,18.531708,19.100624,19.206863,19.082909,19.065178,18.567383,18.816666,19.189156,18.781090,19.065178,18.692123,19.100624,18.745514,18.834435,18.549545,19.082909,18.442459,18.709923,18.638680,19.082909,18.852211,18.852211,18.958771,18.834435,18.603035,18.745514,18.674309,18.531708,18.958771,18.763306,18.620857,18.245766,19.082909,18.958771,18.513863,18.603035,18.478165,19.171471,18.120361,18.781090,18.531708,18.852211,18.585213,18.674309,18.781090,18.174133,17.724983,18.603035,18.585213,18.156204,18.353111,18.317345,18.227867,17.779015,18.227867,18.299454,18.281563,18.192039,18.531708,18.567383,18.460312,18.585213,18.084496,18.567383,18.406731,18.209953,18.138290,18.442459,18.478165,18.798882,18.102425,18.084496,17.994759,17.868965,17.994759,17.922905,17.815002,18.066551,17.779015,18.102425,17.886955,18.102425,17.742996,17.345833,17.958839,18.030663,17.797005,17.706970,17.724983,17.706970,18.030663,17.490471,17.472412,17.526596,17.219078,17.472412,17.580750,18.174133,17.562698,17.490471,17.237198,17.580750,17.544655,17.598785,17.291534,17.200951,17.904930,17.490471,17.273430,17.634865,17.454338,17.742996,17.382019,17.363930,17.580750,17.562698,17.616829,17.797005,17.200951,17.616829,17.327736,17.670921,17.724983,17.472412,17.761002,17.146553,17.327736,17.652901,17.382019,17.436272,17.544655,17.544655,17.544655,17.327736,17.454338,17.544655,17.363930,17.670921,17.255310,16.983162,17.273430,17.616829,17.327736,17.382019,17.490471,17.562698,17.436272,17.327736,17.255310,17.454338,17.309639,17.544655,17.508537,17.345833,17.454338,17.904930,17.037659,17.001335,17.237198,17.436272,17.598785,17.598785,17.092117,17.345833,17.526596,17.146553,17.382019,17.092117,17.472412,17.327736,17.436272,17.761002,17.309639,17.598785,17.400101,17.182823,17.200951,17.634865,16.801247,17.742996,17.418190,17.382019,17.200951,17.073982,17.200951,17.092117,17.345833,17.200951,17.073982,17.255310,17.019493,17.724983,16.964989,17.073982,17.037659,16.801247,17.219078,17.327736,16.928627,17.327736,17.382019,17.092117,17.309639,17.073982,16.964989,17.200951,17.110275,16.673668,17.037659,16.874062,16.928627,16.910439,16.564171,16.892258,16.837654,17.327736,16.964989,16.381371,16.600693,16.946808,17.019493,16.746590,16.527649,16.673668,17.055817,16.910439,16.582436,16.710136,16.710136,16.892258,17.110275,16.837654,16.746590,16.783035,16.910439,16.837654,16.764816,16.436256,16.289825,16.691910,16.928627,16.764816,16.527649,16.819458,16.545914,17.055817,16.964989,16.983162,16.472824,16.673668,16.801247,16.819458,16.728371,16.801247,17.418190,16.728371,16.381371,17.001335,16.363075,16.728371,16.837654,17.146553,17.562698,17.418190,17.544655,17.273430,17.472412,17.616829,17.400101,17.164696,17.616829,17.976807,18.299454,18.174133,17.724983,17.886955,17.797005,17.958839,17.868965,18.245766,18.102425,17.886955,18.012718,17.994759,17.761002,18.012718,18.209953,17.886955,17.724983,18.192039,18.120361,18.353111,18.174133,17.797005,17.327736,18.084496,17.454338,17.797005,17.688942,17.670921,16.783035,17.724983,17.634865,17.562698,16.783035,17.073982,17.055817,17.580750,16.746590,17.182823,16.691910,17.146553,16.289825,16.545914,16.691910,15.922668,16.326462,16.454536,15.517014,15.498535,15.146614,15.072350,14.793312,14.700096,14.979439,14.700096,14.532082,14.326302,14.270103,14.588127,14.176346,14.270103,14.026146,14.662788,14.662788,14.363747,14.886414,14.120049,14.382469,14.700096,14.044937,14.606796,13.762703,13.838051,14.138817,14.120049,14.326302,14.588127,13.743858,14.007355,14.419891,13.950951,13.668427,13.441788,14.063721,14.438606,14.026146,13.988556,14.737404,13.725006,13.706154,13.819221,13.441788,13.932144,13.328255,13.385033,13.479599,13.574066,13.176659,13.290382,13.309326,13.347183,12.948814,
15.922668,16.014603,16.216530,15.738518,16.161499,15.738518,16.143143,16.472824,16.600693,15.738518,16.600693,15.738518,16.124794,16.417961,16.381371,16.161499,16.381371,16.179840,16.783035,16.344765,16.472824,16.051353,16.399666,16.509377,16.124794,16.582436,16.618950,16.491104,16.234848,16.363075,16.363075,16.746590,16.582436,16.673668,16.216530,16.124794,16.855865,16.124794,16.491104,16.564171,16.928627,16.746590,16.673668,16.472824,16.417961,16.545914,16.728371,16.454536,16.728371,17.237198,16.271500,16.308144,16.637184,16.472824,16.381371,16.746590,16.491104,16.618950,16.892258,15.959457,16.837654,16.564171,16.837654,16.964989,16.964989,16.837654,16.655434,17.019493,16.673668,16.946808,16.801247,16.964989,16.472824,16.673668,16.946808,16.618950,16.783035,17.327736,17.345833,16.783035,16.728371,16.691910,17.019493,16.673668,16.819458,16.892258,16.837654,17.001335,16.728371,16.964989,17.110275,17.055817,16.964989,16.509377,17.146553,16.928627,16.764816,17.128418,17.400101,16.874062,17.219078,17.055817,16.910439,16.892258,17.237198,16.746590,17.580750,16.819458,17.345833,17.273430,17.019493,17.526596,17.273430,17.436272,17.418190,16.819458,16.983162,17.291534,17.472412,17.815002,16.855865,17.363930,17.580750,17.146553,17.327736,17.273430,17.237198,17.616829,17.128418,17.219078,17.472412,17.164696,17.363930,17.490471,17.472412,17.580750,17.255310,17.797005,17.706970,17.073982,17.779015,17.363930,17.868965,17.164696,17.400101,17.382019,17.255310,17.273430,17.382019,17.940880,17.580750,17.580750,17.363930,17.237198,17.688942,17.706970,17.073982,18.138290,17.994759,17.562698,17.345833,17.526596,17.688942,17.904930,17.652901,17.886955,17.958839,17.742996,18.192039,17.886955,18.012718,17.994759,18.030663,18.638680,18.209953,17.833000,17.940880,17.634865,17.922905,17.670921,17.922905,17.940880,17.958839,17.922905,17.779015,17.922905,17.815002,17.490471,17.994759,17.742996,18.066551,17.472412,17.598785,18.102425,17.742996,17.994759,17.958839,18.245766,18.335236,18.531708,18.603035,18.869980,18.656494,18.174133,18.120361,18.674309,18.388855,18.120361,18.442459,18.852211,18.727722,18.424599,18.763306,18.442459,18.923264,18.567383,18.674309,18.692123,18.727722,18.406731,18.887749,18.869980,18.852211,19.118340,19.082909,18.923264,19.242241,19.242241,19.524719,18.976524,18.941017,18.958771,19.047462,18.763306,19.277603,19.082909,18.905502,18.923264,18.567383,18.976524,18.674309,19.029732,18.905502,18.781090,18.905502,18.370995,18.958771,18.709923,18.816666,18.887749,18.763306,18.299454,18.692123,19.011993,18.549545,18.603035,18.941017,19.100624,18.905502,18.727722,18.834435,18.692123,18.781090,18.745514,18.976524,18.460312,18.638680,19.277603,18.905502,19.029732,18.852211,18.727722,19.011993,19.100624,19.011993,19.100624,19.242241,19.118340,19.136055,18.424599,18.905502,18.745514,18.567383,18.781090,18.692123,18.887749,18.869980,18.781090,18.763306,18.798882,18.709923,18.585213,18.781090,19.029732,18.674309,18.887749,18.674309,18.442459,18.816666,18.317345,18.709923,18.958771,18.869980,18.424599,18.834435,18.869980,18.638680,18.869980,18.976524,18.156204,18.317345,18.549545,18.603035,18.692123,18.138290,18.066551,18.174133,17.850990,18.120361,18.245766,18.496017,17.904930,18.317345,18.048607,18.192039,18.030663,18.424599,18.513863,18.424599,18.531708,18.549545,18.370995,18.353111,18.424599,18.335236,17.833000,18.317345,17.616829,18.138290,18.066551,18.012718,18.012718,17.688942,17.976807,17.886955,17.886955,17.833000,17.526596,17.670921,17.472412,17.508537,17.219078,17.454338,17.742996,17.724983,17.688942,17.400101,17.562698,17.670921,17.815002,17.472412,17.382019,17.400101,17.472412,17.544655,17.291534,17.092117,17.382019,17.436272,17.200951,17.490471,17.146553,17.400101,17.779015,17.616829,17.742996,17.454338,17.309639,17.490471,17.200951,17.255310,17.128418,17.073982,17.418190,17.490471,17.309639,17.670921,17.363930,17.580750,17.562698,17.706970,17.400101,17.255310,17.562698,17.345833,17.363930,17.345833,17.508537,17.436272,17.164696,17.382019,17.815002,17.670921,17.001335,17.508537,17.327736,17.164696,17.291534,17.472412,17.001335,17.200951,17.309639,17.508537,17.634865,17.382019,17.001335,17.110275,17.544655,17.400101,17.508537,17.345833,17.454338,17.219078,17.128418,17.219078,17.382019,17.073982,17.255310,17.634865,17.110275,17.580750,17.128418,17.092117,17.037659,17.472412,17.688942,17.128418,16.801247,17.472412,17.309639,17.073982,16.892258,17.073982,17.309639,17.092117,17.273430,16.910439,16.855865,17.400101,17.327736,17.616829,16.983162,17.182823,17.073982,17.742996,17.327736,16.983162,17.400101,17.291534,17.219078,17.382019,17.309639,17.037659,17.146553,17.400101,16.179840,17.073982,16.983162,16.928627,16.855865,16.801247,17.164696,16.819458,16.892258,16.655434,17.508537,16.564171,16.618950,16.892258,16.892258,16.819458,16.855865,17.110275,16.618950,16.801247,16.728371,17.255310,16.289825,16.728371,16.928627,17.001335,16.673668,16.618950,16.910439,16.600693,16.691910,17.037659,16.673668,16.381371,16.472824,16.527649,16.764816,17.255310,16.655434,16.399666,16.472824,16.728371,17.001335,16.728371,16.399666,16.964989,16.801247,16.855865,17.273430,16.655434,16.691910,16.600693,17.164696,16.179840,16.655434,16.216530,16.600693,16.582436,17.255310,16.910439,16.746590,16.910439,16.928627,17.146553,16.983162,17.309639,17.110275,17.544655,17.850990,17.508537,17.436272,17.345833,17.128418,18.227867,17.436272,17.454338,18.030663,17.815002,17.544655,17.526596,17.652901,18.263664,18.299454,18.066551,17.508537,18.370995,17.761002,17.779015,17.706970,18.174133,17.958839,18.120361,17.833000,17.850990,17.652901,18.012718,17.580750,17.634865,17.400101,18.156204,17.237198,18.102425,17.779015,17.580750,17.797005,17.219078,17.706970,16.728371,16.801247,17.200951,17.092117,17.128418,17.200951,16.691910,16.564171,16.783035,16.234848,16.582436,15.775375,15.664742,15.977844,15.443062,15.202286,14.923637,14.345024,14.811943,14.288834,13.781540,14.700096,13.649567,14.363747,14.849190,14.120049,14.270103,14.419891,14.774681,14.176346,14.886414,14.382469,14.195114,14.363747,14.232613,14.382469,14.419891,14.251350,14.138817,13.932144,13.800392,13.838051,14.363747,14.457298,14.345024,14.438606,14.756035,14.026146,14.195114,14.382469,14.232613,13.706154,13.611824,14.007355,13.762703,14.138817,14.026146,14.007355,13.668427,13.725006,13.574066,13.441788,13.271439,13.309326,13.950951,12.815643,13.403954,12.031822,
15.350533,15.867470,15.664742,15.424561,15.922668,16.088081,16.179840,15.590912,16.472824,16.326462,15.775375,16.051353,16.417961,15.646294,15.941071,16.106438,15.313492,15.590912,15.812218,16.088081,16.910439,16.436256,16.271500,16.381371,15.738518,16.308144,15.812218,16.143143,16.271500,16.271500,16.691910,16.472824,16.216530,16.545914,16.289825,16.124794,16.253181,16.564171,16.417961,16.691910,16.946808,16.308144,16.161499,16.618950,16.673668,15.996223,16.746590,16.326462,17.382019,16.124794,16.509377,16.764816,16.728371,16.655434,16.271500,16.874062,16.509377,16.783035,16.728371,16.271500,17.164696,16.600693,16.783035,16.088081,17.037659,16.472824,16.710136,17.237198,16.764816,17.110275,16.637184,17.363930,17.219078,16.234848,17.182823,17.146553,16.545914,16.491104,17.073982,16.874062,16.527649,17.255310,17.073982,17.092117,16.983162,16.454536,16.928627,16.928627,17.110275,16.928627,16.783035,16.910439,16.764816,16.801247,17.073982,16.874062,17.200951,16.673668,16.892258,16.527649,17.200951,17.146553,17.001335,16.983162,17.019493,17.219078,16.964989,17.164696,17.037659,17.182823,16.910439,16.837654,17.436272,16.910439,17.309639,17.237198,16.983162,17.327736,17.616829,17.219078,17.688942,17.273430,17.400101,17.128418,17.128418,17.472412,16.819458,17.073982,16.855865,17.436272,17.219078,17.706970,17.526596,17.418190,16.837654,16.946808,17.327736,17.291534,17.255310,17.219078,17.128418,17.688942,16.655434,17.273430,17.580750,17.472412,17.219078,17.255310,17.400101,16.801247,17.037659,17.706970,17.994759,16.946808,17.164696,17.255310,17.400101,16.983162,17.562698,17.761002,17.255310,17.472412,17.742996,17.490471,17.976807,17.833000,17.544655,17.994759,17.833000,17.850990,17.904930,18.192039,17.652901,18.102425,17.958839,17.815002,17.742996,17.994759,17.868965,17.922905,18.156204,17.345833,18.084496,17.886955,18.048607,17.670921,17.958839,17.742996,17.976807,17.616829,17.815002,18.084496,17.815002,18.120361,18.496017,18.174133,18.478165,18.442459,18.656494,18.192039,18.353111,18.406731,18.549545,18.245766,18.763306,18.424599,18.245766,18.709923,18.674309,18.585213,18.156204,18.692123,18.781090,18.585213,18.567383,18.674309,19.171471,18.674309,18.638680,19.047462,18.709923,18.638680,18.781090,19.206863,18.923264,18.905502,18.709923,19.029732,19.065178,19.312950,18.585213,18.763306,18.941017,18.603035,18.941017,18.549545,18.887749,18.852211,18.763306,18.781090,18.406731,18.585213,18.692123,18.692123,18.745514,18.656494,18.816666,18.638680,19.100624,18.745514,18.852211,18.869980,18.674309,18.424599,18.816666,19.136055,18.674309,18.727722,18.763306,19.011993,18.958771,19.011993,19.224541,18.478165,18.692123,18.692123,19.259926,18.994255,18.869980,19.206863,19.047462,18.603035,18.745514,18.834435,18.958771,18.834435,19.136055,18.763306,18.816666,18.513863,18.994255,18.763306,18.745514,19.206863,19.029732,18.460312,18.923264,18.763306,18.496017,18.656494,18.781090,18.709923,18.388855,18.852211,18.905502,18.709923,18.638680,18.781090,18.852211,18.496017,18.620857,18.513863,18.299454,18.727722,18.424599,18.227867,18.335236,18.066551,18.531708,18.353111,18.460312,18.174133,18.192039,17.940880,18.120361,18.156204,18.245766,18.138290,18.102425,18.048607,18.353111,18.424599,18.299454,18.048607,17.976807,18.299454,18.460312,17.976807,18.424599,18.281563,18.335236,18.209953,18.174133,18.317345,18.156204,18.102425,17.868965,18.048607,18.138290,17.958839,17.994759,17.761002,17.815002,17.940880,17.904930,17.526596,17.761002,17.418190,17.670921,17.688942,17.688942,17.436272,17.273430,17.255310,17.598785,17.508537,17.146553,17.382019,17.436272,17.508537,17.382019,17.454338,17.345833,17.219078,17.273430,17.255310,17.255310,17.363930,16.600693,17.742996,17.616829,17.472412,17.400101,17.273430,17.037659,17.472412,16.855865,17.580750,17.616829,16.874062,17.418190,17.490471,17.327736,17.273430,17.508537,17.019493,16.964989,17.128418,17.363930,17.418190,17.092117,17.291534,17.508537,16.946808,17.363930,17.219078,17.327736,17.146553,17.670921,17.001335,17.182823,16.892258,17.724983,17.291534,16.983162,17.219078,17.055817,17.200951,17.400101,16.910439,17.110275,17.001335,16.964989,16.983162,17.219078,17.128418,17.580750,17.291534,17.237198,17.454338,17.345833,17.562698,17.273430,17.508537,17.327736,17.291534,17.309639,17.382019,16.801247,17.128418,17.400101,17.164696,17.345833,16.783035,17.146553,17.110275,17.273430,16.764816,17.327736,16.910439,17.219078,17.055817,16.928627,17.092117,17.055817,16.910439,17.200951,17.363930,17.146553,16.892258,17.237198,17.037659,17.092117,17.291534,16.964989,17.092117,17.019493,17.110275,16.946808,17.146553,16.964989,17.037659,17.037659,16.600693,17.291534,17.237198,16.764816,17.073982,16.673668,16.983162,16.673668,16.746590,16.983162,16.545914,16.764816,16.710136,16.874062,16.983162,16.564171,16.564171,17.146553,17.200951,16.928627,16.436256,16.618950,16.124794,16.381371,16.764816,16.417961,16.436256,16.746590,16.691910,17.200951,15.793800,17.237198,16.014603,16.637184,16.032974,16.527649,16.381371,16.509377,16.069710,16.326462,16.564171,16.764816,16.582436,16.855865,16.491104,16.618950,16.655434,16.691910,16.673668,16.764816,16.564171,16.198189,16.691910,16.874062,16.691910,16.454536,16.454536,16.509377,16.964989,16.710136,16.618950,16.618950,16.928627,16.910439,16.691910,17.037659,16.837654,17.237198,16.837654,17.382019,17.037659,17.688942,17.454338,17.309639,17.110275,17.019493,17.544655,17.833000,17.616829,17.742996,17.797005,17.363930,17.688942,17.994759,17.833000,17.508537,17.526596,18.012718,18.156204,18.227867,17.994759,18.066551,18.012718,17.922905,17.400101,17.886955,17.472412,17.598785,18.012718,17.724983,17.182823,17.472412,17.526596,17.508537,17.363930,17.019493,17.273430,17.436272,17.363930,17.688942,16.983162,16.564171,17.327736,17.219078,16.509377,16.582436,16.764816,16.964989,16.582436,16.527649,15.683197,15.977844,15.461563,15.239365,15.461563,15.202286,14.886414,14.756035,14.550774,14.681450,14.457298,14.476006,14.288834,14.326302,13.819221,14.476006,14.345024,14.326302,14.026146,14.345024,14.774681,13.856880,14.550774,14.288834,14.513397,14.026146,14.157593,13.969765,13.838051,13.913338,14.251350,13.762703,13.969765,14.044937,14.401184,14.270103,14.588127,13.969765,13.460693,14.401184,14.195114,14.438606,13.536285,14.213860,13.649567,13.498497,13.422867,13.856880,13.328255,13.894524,13.706154,13.536285,13.932144,13.195625,13.479599,12.853714,12.834679,
15.738518,15.590912,16.289825,16.253181,15.683197,15.517014,16.527649,15.646294,16.289825,15.590912,16.014603,15.959457,15.701637,15.535500,16.728371,15.996223,15.904274,16.491104,16.564171,16.179840,15.627831,15.830643,15.683197,15.977844,16.582436,16.710136,16.161499,16.014603,15.959457,16.746590,16.161499,16.308144,16.069710,15.885872,16.032974,15.756950,16.892258,16.691910,16.308144,16.509377,16.874062,16.417961,16.545914,16.069710,16.234848,16.564171,16.198189,16.069710,15.461563,16.910439,16.600693,16.582436,16.655434,16.179840,16.527649,16.491104,16.600693,16.728371,16.691910,16.161499,16.783035,16.600693,16.764816,16.491104,16.253181,16.527649,16.655434,16.600693,16.582436,16.564171,16.819458,16.983162,16.637184,16.454536,16.381371,16.637184,17.055817,16.855865,16.564171,16.892258,17.400101,17.092117,16.964989,16.910439,16.783035,16.837654,17.182823,16.417961,16.837654,17.092117,16.673668,16.545914,16.618950,16.819458,16.691910,16.783035,16.253181,16.491104,17.055817,17.001335,16.819458,16.910439,16.928627,16.892258,16.710136,16.855865,17.182823,16.801247,16.728371,16.892258,17.073982,16.874062,17.219078,17.146553,17.092117,17.073982,17.110275,17.037659,16.946808,17.001335,17.291534,16.874062,17.164696,16.417961,17.544655,17.345833,17.037659,16.637184,17.146553,17.400101,16.946808,17.291534,17.255310,17.219078,17.164696,17.128418,17.309639,17.255310,17.400101,16.837654,17.400101,17.309639,16.710136,17.073982,17.219078,17.291534,16.874062,17.110275,17.436272,17.345833,17.255310,17.382019,17.382019,17.019493,17.400101,17.400101,17.164696,17.634865,17.706970,17.219078,17.273430,17.200951,17.273430,17.400101,17.436272,17.309639,17.833000,17.688942,17.418190,18.012718,17.742996,17.850990,17.922905,17.761002,17.940880,17.779015,17.940880,17.724983,17.598785,17.976807,17.562698,17.219078,17.688942,17.904930,17.670921,17.418190,17.309639,17.742996,17.562698,17.742996,17.779015,17.868965,18.012718,18.102425,18.030663,18.102425,18.388855,18.048607,18.335236,18.335236,18.478165,18.976524,18.798882,18.531708,18.763306,18.460312,18.781090,18.692123,18.674309,18.656494,18.567383,18.531708,18.887749,18.281563,18.620857,18.585213,18.781090,18.549545,19.171471,18.460312,18.549545,18.603035,18.638680,19.100624,18.620857,18.709923,18.496017,18.852211,18.887749,19.100624,19.224541,18.816666,19.047462,18.887749,18.834435,19.189156,19.011993,18.852211,18.567383,18.567383,18.781090,18.994255,18.941017,18.638680,18.460312,18.727722,18.656494,18.994255,19.189156,18.478165,18.852211,19.047462,18.816666,18.816666,18.958771,18.905502,18.923264,18.869980,19.011993,18.852211,18.513863,18.656494,19.206863,18.798882,18.781090,18.923264,18.852211,19.100624,19.436554,19.401253,18.976524,19.100624,19.029732,18.958771,18.976524,18.852211,19.100624,18.905502,18.976524,19.489464,18.887749,19.312950,18.923264,18.745514,18.887749,19.100624,18.727722,18.603035,18.674309,18.745514,18.531708,18.727722,18.513863,18.513863,18.816666,18.496017,19.136055,18.905502,18.567383,18.638680,18.299454,18.727722,18.976524,18.585213,18.638680,18.513863,18.496017,18.567383,18.798882,18.066551,18.460312,18.353111,18.692123,18.406731,17.958839,17.994759,18.388855,18.084496,18.424599,18.138290,18.585213,17.940880,18.335236,18.174133,18.227867,18.442459,18.513863,17.940880,18.209953,18.245766,18.192039,17.833000,18.048607,18.048607,17.976807,18.156204,17.922905,17.724983,18.120361,17.958839,18.048607,17.922905,17.797005,17.652901,17.670921,17.815002,17.706970,17.418190,17.634865,17.670921,17.110275,17.742996,17.472412,17.562698,17.616829,17.526596,16.837654,17.508537,17.436272,17.382019,17.363930,17.418190,17.400101,17.345833,17.472412,16.801247,17.400101,17.291534,17.779015,17.237198,17.688942,17.508537,17.219078,17.219078,17.164696,16.964989,17.200951,17.580750,17.037659,17.037659,16.855865,17.255310,17.200951,16.892258,17.182823,16.783035,17.255310,17.092117,17.309639,17.146553,17.291534,16.946808,17.688942,17.400101,17.562698,17.544655,16.928627,17.454338,16.837654,17.019493,17.309639,17.382019,17.237198,16.801247,17.400101,16.710136,17.363930,17.092117,17.200951,17.255310,17.164696,16.855865,17.291534,17.273430,17.055817,16.837654,17.092117,16.764816,17.019493,17.182823,16.728371,17.200951,17.092117,17.436272,16.874062,16.819458,17.237198,17.019493,16.764816,17.219078,17.418190,17.001335,16.710136,16.946808,17.182823,17.255310,16.764816,16.983162,17.182823,17.019493,17.255310,17.019493,17.073982,16.728371,17.164696,16.637184,17.055817,17.037659,16.746590,16.655434,17.526596,16.964989,16.910439,16.874062,16.764816,16.910439,16.946808,16.837654,16.837654,17.309639,16.691910,16.783035,16.728371,16.564171,16.564171,16.819458,16.381371,16.673668,17.073982,16.600693,16.855865,16.764816,16.509377,16.691910,16.344765,16.928627,16.527649,16.892258,16.874062,16.600693,16.837654,16.673668,16.472824,16.710136,16.783035,16.088081,16.326462,16.564171,16.179840,16.545914,16.509377,16.253181,16.673668,16.326462,16.436256,16.545914,16.308144,16.289825,16.509377,16.673668,16.381371,16.289825,16.764816,16.874062,16.308144,16.454536,16.964989,16.691910,16.472824,16.344765,16.746590,16.509377,16.564171,15.904274,16.527649,16.746590,16.509377,16.454536,16.545914,16.527649,16.855865,16.161499,16.545914,16.564171,16.509377,16.874062,16.801247,16.928627,17.110275,17.418190,16.964989,16.837654,17.255310,17.309639,17.508537,17.110275,17.616829,17.219078,17.634865,17.544655,17.761002,17.345833,17.994759,17.544655,17.508537,18.048607,17.940880,18.066551,18.388855,18.138290,17.544655,17.652901,18.066551,17.580750,17.472412,17.634865,18.317345,17.994759,17.994759,17.490471,17.742996,17.833000,17.670921,18.084496,17.652901,17.472412,17.490471,17.616829,17.670921,17.688942,17.526596,16.783035,16.874062,17.237198,17.164696,17.472412,16.855865,16.983162,17.291534,16.381371,16.582436,16.491104,16.088081,16.032974,15.922668,15.738518,15.109489,15.128059,15.109489,15.090919,14.382469,14.718750,14.457298,14.213860,14.438606,14.195114,14.513397,14.644127,13.800392,14.026146,14.532082,14.419891,14.120049,14.120049,14.307571,14.082504,14.307571,13.856880,14.401184,13.838051,14.494698,13.706154,13.743858,14.363747,14.232613,14.101280,13.611824,14.737404,13.838051,14.307571,13.894524,14.138817,13.498497,13.781540,13.932144,13.950951,13.800392,13.913338,13.894524,13.743858,14.138817,13.460693,13.875710,13.592949,13.932144,13.385033,12.739456,13.214584,13.498497,12.891754,
15.683197,15.646294,16.381371,15.627831,15.830643,15.387550,15.646294,15.257896,16.106438,15.867470,16.051353,15.720085,16.289825,15.830643,16.014603,15.812218,16.069710,15.922668,15.904274,15.793800,16.161499,16.271500,15.904274,16.069710,15.867470,15.996223,16.234848,15.738518,16.783035,16.436256,15.904274,15.996223,15.977844,15.849052,16.582436,15.977844,16.363075,15.609375,16.417961,16.326462,16.454536,16.527649,16.363075,16.216530,16.454536,16.344765,16.655434,16.417961,15.830643,16.161499,16.289825,15.977844,16.198189,16.289825,16.417961,16.271500,16.564171,16.344765,16.289825,16.655434,16.801247,16.234848,16.710136,15.996223,16.783035,16.124794,16.728371,16.399666,16.472824,16.436256,17.110275,16.710136,16.764816,16.509377,16.491104,16.106438,17.110275,17.073982,16.582436,16.472824,16.582436,16.564171,16.746590,16.983162,16.855865,17.273430,16.946808,16.655434,16.874062,16.874062,16.271500,16.326462,17.182823,16.600693,16.892258,16.326462,16.527649,16.728371,17.073982,17.128418,16.837654,16.964989,17.019493,16.764816,16.436256,16.582436,16.801247,16.946808,16.946808,16.728371,16.673668,16.673668,16.946808,16.801247,17.037659,17.019493,17.110275,17.182823,16.837654,17.345833,17.255310,17.309639,17.382019,16.691910,16.746590,16.855865,17.164696,17.200951,16.618950,16.983162,17.200951,16.746590,17.037659,17.019493,17.850990,16.946808,17.616829,16.983162,16.964989,17.128418,16.983162,17.472412,17.418190,17.110275,17.146553,17.055817,16.783035,17.345833,17.237198,17.110275,17.019493,17.110275,17.454338,17.001335,17.128418,17.309639,17.146553,17.110275,17.037659,17.110275,17.200951,17.382019,17.779015,17.345833,17.922905,17.418190,17.922905,17.761002,17.886955,18.012718,17.815002,17.670921,17.779015,17.724983,17.724983,18.192039,17.940880,17.327736,17.940880,18.012718,17.761002,17.472412,17.598785,17.472412,17.688942,17.164696,17.598785,17.598785,18.138290,17.742996,17.706970,17.868965,17.850990,18.048607,18.388855,17.904930,18.048607,18.066551,18.478165,18.549545,18.442459,18.424599,18.460312,18.442459,18.549545,18.745514,18.727722,18.763306,18.781090,18.781090,18.869980,18.727722,18.335236,18.496017,18.370995,18.816666,18.674309,19.011993,18.531708,18.424599,18.674309,18.798882,18.994255,18.585213,19.206863,18.370995,18.869980,18.816666,19.330627,18.585213,18.994255,19.153755,19.277603,18.852211,18.674309,18.567383,18.727722,18.763306,18.852211,18.941017,19.259926,18.442459,18.638680,18.923264,18.442459,18.424599,19.259926,18.406731,18.763306,18.709923,19.118340,18.834435,18.620857,18.905502,18.834435,18.798882,19.065178,18.638680,18.905502,18.869980,19.471832,18.941017,19.136055,18.763306,18.638680,19.082909,18.905502,18.869980,19.082909,19.136055,19.153755,19.436554,18.958771,18.745514,19.312950,19.136055,19.118340,18.745514,19.153755,19.224541,19.383614,18.816666,18.798882,18.834435,19.224541,19.011993,18.816666,18.852211,18.406731,18.370995,18.585213,18.549545,18.370995,18.656494,18.709923,18.869980,18.816666,18.781090,18.084496,18.567383,18.798882,18.531708,18.496017,18.638680,18.638680,18.192039,18.549545,18.353111,18.620857,18.531708,18.370995,18.317345,17.850990,18.012718,18.048607,18.048607,17.958839,18.460312,18.263664,18.370995,17.940880,18.370995,18.227867,17.868965,18.156204,18.263664,18.192039,18.370995,18.227867,17.688942,18.245766,18.281563,18.138290,17.958839,18.066551,18.192039,17.634865,17.904930,17.904930,17.761002,17.562698,17.815002,17.400101,17.237198,17.742996,17.544655,17.616829,17.670921,17.580750,17.345833,17.019493,16.819458,17.327736,17.634865,17.219078,17.382019,17.598785,17.526596,17.363930,17.219078,16.892258,17.092117,17.055817,17.327736,17.019493,16.964989,17.055817,17.055817,17.146553,17.309639,17.001335,17.273430,17.345833,17.255310,17.128418,17.418190,16.655434,17.110275,17.037659,17.146553,17.001335,17.182823,17.146553,17.200951,16.964989,17.237198,17.146553,17.019493,17.182823,16.946808,17.182823,17.001335,17.164696,16.637184,16.928627,16.746590,16.618950,16.892258,17.110275,17.037659,17.200951,17.037659,17.255310,17.255310,16.837654,16.710136,16.910439,16.837654,16.472824,16.618950,16.964989,16.892258,17.073982,16.637184,16.783035,16.910439,17.001335,16.819458,17.001335,16.417961,17.055817,17.128418,16.837654,16.855865,16.837654,16.928627,17.128418,17.037659,17.110275,16.837654,16.783035,16.673668,16.910439,16.728371,16.983162,16.509377,16.655434,17.110275,17.019493,16.892258,16.892258,16.946808,17.200951,16.764816,16.491104,16.582436,16.582436,16.655434,17.073982,16.545914,16.764816,16.234848,16.618950,16.964989,16.582436,16.472824,16.381371,16.837654,16.417961,16.618950,16.928627,16.308144,16.892258,16.728371,16.600693,16.545914,16.691910,16.655434,16.691910,16.454536,16.746590,16.363075,16.472824,16.417961,16.399666,16.491104,16.436256,16.344765,16.564171,15.959457,16.399666,16.655434,16.161499,16.143143,15.996223,16.069710,16.417961,16.399666,16.600693,16.032974,16.545914,16.289825,16.289825,15.849052,16.326462,16.253181,16.582436,15.959457,16.253181,15.922668,15.941071,16.399666,16.253181,16.124794,16.234848,16.216530,16.564171,16.691910,16.928627,16.600693,16.819458,16.783035,16.417961,16.928627,16.801247,16.198189,16.728371,16.928627,17.182823,16.637184,16.454536,16.417961,16.673668,16.454536,16.855865,16.910439,16.801247,17.182823,16.509377,17.146553,16.837654,16.928627,17.146553,17.472412,17.219078,17.400101,17.562698,17.490471,17.652901,17.327736,17.886955,17.616829,17.634865,17.815002,17.363930,17.797005,17.634865,17.940880,17.994759,17.976807,18.245766,17.454338,17.904930,17.886955,18.138290,17.436272,18.692123,17.742996,17.833000,17.652901,17.526596,17.886955,17.110275,17.634865,17.490471,17.327736,17.706970,17.309639,17.309639,17.363930,17.779015,17.309639,16.837654,16.837654,17.182823,17.092117,17.037659,16.910439,16.564171,16.874062,16.600693,16.454536,16.124794,16.179840,16.051353,15.609375,15.053780,15.128059,15.332008,14.438606,15.332008,14.363747,14.811943,14.213860,13.856880,13.668427,14.774681,14.401184,14.326302,14.044937,14.867805,14.700096,14.138817,14.251350,13.913338,14.476006,14.044937,14.382469,14.756035,13.913338,14.326302,14.251350,14.101280,13.894524,14.307571,13.969765,13.403954,13.630692,14.756035,14.026146,14.063721,14.007355,14.082504,14.401184,13.800392,12.853714,14.044937,13.309326,13.781540,13.630692,13.706154,13.422867,13.498497,13.233543,14.063721,13.498497,13.309326,13.119759,12.796600,13.309326,
15.590912,15.812218,15.553970,15.683197,15.885872,15.701637,16.051353,15.498535,15.498535,15.812218,15.720085,16.106438,15.830643,15.775375,15.885872,15.590912,16.308144,15.480049,16.124794,16.472824,15.941071,15.387550,15.553970,16.106438,16.051353,16.344765,15.867470,16.051353,16.032974,16.837654,16.124794,16.326462,16.106438,15.904274,16.198189,16.253181,16.124794,16.198189,16.326462,16.124794,16.436256,16.088081,16.179840,16.308144,16.381371,15.996223,16.161499,15.738518,16.344765,16.344765,16.106438,16.253181,16.308144,16.655434,16.582436,16.710136,16.363075,16.198189,16.216530,15.959457,16.417961,16.326462,16.509377,16.198189,16.582436,16.564171,15.849052,16.855865,16.673668,16.472824,16.618950,16.801247,16.454536,16.764816,16.234848,16.801247,16.472824,16.417961,16.764816,16.417961,16.527649,16.436256,16.874062,17.001335,16.253181,16.673668,16.691910,16.014603,17.073982,16.691910,16.600693,16.454536,16.527649,16.527649,16.710136,16.728371,16.472824,16.491104,16.837654,16.491104,16.928627,16.983162,16.801247,17.182823,16.855865,16.746590,17.019493,17.073982,17.128418,16.308144,17.164696,16.928627,16.673668,16.673668,16.801247,16.728371,16.124794,16.928627,17.255310,16.527649,17.400101,17.055817,17.073982,16.892258,16.964989,16.855865,16.910439,16.600693,17.055817,17.073982,17.092117,16.819458,17.219078,17.110275,16.910439,17.128418,16.946808,16.618950,16.892258,16.764816,17.273430,17.200951,16.764816,16.855865,16.964989,16.983162,16.491104,17.562698,16.946808,17.382019,17.092117,16.892258,17.110275,17.309639,16.691910,17.164696,17.200951,17.237198,17.073982,17.472412,17.345833,17.037659,17.472412,17.490471,17.850990,17.544655,17.291534,17.363930,17.742996,17.797005,17.706970,17.436272,17.976807,17.742996,17.742996,17.833000,17.327736,17.688942,17.850990,17.634865,17.562698,17.508537,17.616829,17.922905,17.670921,17.761002,17.255310,17.490471,17.345833,17.508537,17.958839,17.886955,17.688942,17.400101,18.120361,18.299454,18.102425,18.692123,18.084496,18.156204,18.585213,18.353111,18.905502,18.442459,18.745514,18.317345,18.424599,18.709923,18.549545,18.674309,18.763306,18.567383,18.834435,18.513863,18.549545,18.388855,18.958771,18.763306,18.887749,18.442459,18.781090,18.958771,18.406731,18.442459,18.531708,18.603035,18.905502,18.958771,18.941017,18.798882,18.531708,18.567383,19.065178,18.994255,18.692123,19.029732,18.692123,19.118340,18.709923,18.442459,18.674309,18.798882,18.869980,18.513863,18.798882,18.958771,18.727722,18.958771,18.674309,18.674309,18.674309,18.781090,18.763306,18.674309,18.887749,18.798882,18.869980,18.994255,19.277603,19.047462,18.887749,18.816666,18.976524,19.454201,18.941017,19.259926,19.136055,19.153755,19.858894,18.905502,19.171471,19.401253,19.065178,19.312950,19.136055,19.153755,18.976524,19.100624,19.206863,18.798882,18.976524,19.136055,19.029732,18.869980,19.242241,18.798882,19.082909,19.029732,18.709923,18.709923,18.513863,18.496017,18.531708,18.496017,19.171471,18.603035,18.656494,18.603035,18.460312,18.656494,19.011993,18.709923,18.424599,18.852211,18.620857,18.585213,18.299454,18.174133,18.048607,18.335236,18.388855,18.227867,17.742996,18.424599,18.138290,18.030663,18.084496,18.156204,18.227867,18.102425,18.263664,18.174133,17.976807,17.958839,18.603035,18.156204,18.442459,18.138290,18.299454,18.012718,18.048607,17.815002,17.688942,17.688942,18.066551,18.549545,17.616829,17.598785,18.030663,17.742996,17.526596,17.055817,17.904930,17.904930,17.219078,17.598785,17.724983,17.345833,17.291534,17.418190,17.219078,17.110275,17.219078,17.652901,17.886955,17.219078,17.436272,17.146553,17.200951,17.400101,16.910439,17.291534,17.472412,17.146553,17.291534,17.255310,17.001335,16.874062,17.073982,16.801247,17.562698,16.819458,17.110275,17.200951,16.837654,17.055817,16.855865,17.182823,17.001335,17.037659,17.001335,17.146553,16.582436,16.746590,16.819458,17.110275,16.746590,16.618950,17.019493,16.855865,16.764816,17.092117,17.146553,16.964989,16.855865,17.092117,16.837654,16.910439,16.964989,16.855865,16.801247,17.327736,17.037659,16.837654,16.582436,16.673668,16.618950,17.019493,17.055817,16.964989,16.691910,16.928627,16.910439,16.874062,17.110275,16.436256,16.892258,17.182823,17.182823,17.146553,16.600693,16.673668,16.691910,16.764816,16.691910,16.491104,16.454536,16.855865,16.491104,17.001335,16.874062,16.618950,17.128418,16.964989,16.837654,17.164696,16.637184,16.655434,16.363075,16.983162,16.564171,16.545914,16.399666,16.600693,16.363075,17.110275,16.673668,17.273430,16.600693,16.399666,16.728371,16.582436,16.454536,16.928627,16.198189,16.728371,16.655434,16.491104,16.564171,16.509377,16.837654,16.069710,16.618950,16.509377,16.582436,16.600693,16.417961,16.417961,16.326462,16.326462,17.073982,16.143143,16.124794,16.069710,16.014603,15.664742,16.509377,16.198189,16.417961,16.527649,16.545914,15.738518,16.198189,16.289825,16.253181,15.904274,16.106438,16.088081,16.491104,16.436256,16.032974,16.124794,15.867470,16.143143,16.069710,16.179840,16.271500,16.198189,16.051353,16.198189,16.216530,16.069710,16.253181,16.417961,16.088081,16.326462,16.363075,16.545914,16.436256,16.855865,16.691910,16.308144,16.928627,16.253181,16.910439,16.271500,16.764816,16.673668,16.491104,16.691910,16.472824,16.014603,16.545914,16.600693,16.545914,17.146553,16.710136,16.673668,17.001335,16.892258,16.855865,17.164696,17.273430,17.219078,17.490471,17.182823,17.182823,17.670921,17.164696,17.092117,17.562698,17.779015,17.706970,17.833000,17.833000,17.815002,17.797005,18.209953,17.580750,17.580750,17.976807,17.976807,18.138290,18.048607,17.994759,17.688942,17.742996,18.012718,17.309639,18.299454,17.670921,18.012718,17.779015,17.940880,18.012718,17.634865,17.526596,17.742996,17.616829,17.616829,16.691910,17.001335,17.327736,17.073982,17.976807,16.655434,16.855865,16.655434,17.200951,16.764816,17.110275,16.491104,16.069710,16.271500,15.720085,15.720085,15.683197,15.035194,14.998024,14.849190,14.718750,14.026146,14.905037,14.063721,14.270103,14.793312,14.232613,14.251350,14.718750,14.251350,14.363747,14.700096,14.513397,14.606796,14.345024,13.950951,14.326302,13.838051,13.969765,14.382469,14.213860,13.743858,14.270103,13.706154,14.457298,14.007355,14.213860,14.082504,13.875710,14.044937,13.743858,13.441788,13.630692,13.479599,13.687294,13.838051,14.195114,13.838051,14.345024,14.026146,14.625465,13.555183,13.611824,13.498497,14.101280,13.403954,13.119759,13.214584,13.366112,13.460693,
14.662788,15.904274,16.088081,15.756950,16.271500,15.480049,15.941071,15.480049,15.812218,15.406059,13.725006,16.143143,15.775375,15.922668,15.590912,15.756950,15.627831,15.664742,15.941071,16.179840,15.885872,15.701637,15.904274,15.922668,15.775375,15.220818,15.977844,16.564171,15.590912,16.417961,15.959457,15.090919,16.124794,15.609375,16.143143,16.088081,15.977844,15.590912,16.198189,15.738518,15.959457,16.161499,16.143143,16.344765,16.179840,16.253181,16.399666,15.720085,16.363075,15.720085,16.088081,16.289825,16.472824,16.106438,16.783035,16.710136,16.308144,16.014603,16.143143,16.198189,16.253181,15.941071,16.161499,16.143143,16.928627,16.363075,16.691910,16.198189,16.691910,16.637184,16.436256,16.454536,16.874062,16.436256,16.198189,16.271500,16.618950,16.454536,16.363075,16.728371,16.308144,16.509377,16.326462,16.928627,16.509377,16.618950,16.289825,16.253181,16.582436,16.509377,16.837654,16.564171,16.710136,16.308144,16.491104,16.637184,17.019493,16.216530,16.691910,16.728371,16.673668,16.527649,16.819458,16.746590,16.764816,16.289825,16.746590,16.564171,17.128418,16.874062,16.582436,16.801247,16.454536,16.600693,16.527649,16.855865,16.855865,16.491104,16.964989,17.092117,16.855865,16.509377,17.073982,16.527649,16.874062,16.527649,17.345833,16.874062,16.527649,16.910439,17.327736,16.764816,17.019493,16.855865,17.200951,17.001335,17.200951,16.928627,17.037659,17.164696,17.037659,16.892258,17.146553,16.837654,17.110275,16.837654,16.728371,17.291534,16.892258,17.073982,17.055817,16.874062,17.237198,17.037659,16.983162,16.673668,16.928627,16.910439,17.019493,17.273430,16.874062,16.910439,17.255310,17.345833,17.237198,17.219078,17.833000,17.724983,17.833000,17.904930,17.382019,17.400101,17.598785,17.616829,17.345833,17.598785,18.084496,17.616829,17.544655,17.544655,17.544655,17.544655,17.815002,17.742996,18.120361,18.120361,17.994759,17.670921,17.779015,17.544655,17.544655,17.815002,17.922905,18.066551,18.227867,18.531708,18.388855,17.976807,18.299454,18.281563,18.549545,18.531708,18.781090,18.353111,18.692123,18.209953,18.656494,18.852211,18.603035,18.692123,19.100624,18.549545,18.834435,18.567383,18.656494,18.941017,18.620857,18.513863,18.727722,18.460312,19.153755,18.620857,18.958771,18.692123,19.011993,18.798882,19.153755,19.136055,18.727722,18.976524,19.011993,18.620857,18.745514,18.692123,19.118340,18.656494,18.923264,18.603035,18.816666,18.852211,18.620857,18.674309,18.763306,18.585213,18.905502,18.496017,18.549545,18.406731,18.745514,18.513863,18.816666,18.692123,18.478165,18.869980,19.100624,19.047462,18.869980,18.905502,18.692123,18.905502,18.781090,18.958771,19.029732,18.958771,19.153755,19.118340,18.869980,19.312950,19.100624,18.763306,19.011993,19.171471,19.171471,18.976524,19.100624,19.136055,19.153755,19.295280,19.189156,19.153755,19.100624,19.259926,19.153755,18.727722,18.763306,18.567383,18.941017,18.745514,18.816666,18.869980,18.496017,18.478165,18.674309,18.994255,18.620857,18.531708,18.585213,18.656494,19.082909,18.656494,18.887749,18.513863,19.153755,18.941017,18.245766,18.227867,17.940880,18.048607,18.084496,18.192039,18.192039,18.245766,18.549545,18.317345,18.174133,17.761002,18.102425,17.400101,18.227867,18.066551,17.886955,17.868965,17.868965,17.904930,18.567383,18.066551,18.245766,18.102425,18.353111,18.084496,18.263664,18.209953,18.120361,17.994759,18.030663,17.634865,17.761002,17.508537,17.616829,17.526596,17.742996,17.490471,17.345833,17.868965,17.382019,17.327736,16.964989,16.983162,17.327736,16.874062,16.928627,17.001335,17.219078,16.910439,16.819458,17.200951,16.928627,16.801247,17.273430,16.363075,17.616829,16.600693,17.073982,16.855865,17.327736,16.874062,16.855865,16.801247,16.710136,16.837654,16.417961,17.019493,17.436272,16.946808,16.892258,16.964989,16.582436,16.655434,16.892258,16.728371,16.783035,17.273430,17.273430,16.874062,16.855865,16.746590,16.582436,16.764816,16.673668,16.746590,16.637184,17.146553,16.637184,16.964989,16.746590,16.928627,16.161499,17.001335,16.819458,16.509377,16.655434,16.381371,16.527649,16.910439,16.764816,16.582436,16.691910,17.128418,16.691910,16.746590,16.837654,16.509377,16.691910,16.344765,16.874062,16.600693,16.363075,16.545914,16.216530,16.874062,16.783035,16.910439,16.545914,16.509377,16.637184,16.417961,16.728371,16.600693,16.837654,16.454536,16.710136,16.472824,15.904274,16.837654,16.582436,16.509377,16.381371,16.381371,16.271500,16.691910,15.885872,16.746590,16.143143,16.618950,16.143143,16.600693,16.819458,16.326462,16.344765,16.545914,16.289825,16.436256,16.289825,16.582436,16.454536,16.179840,16.582436,16.545914,16.289825,16.819458,16.454536,16.051353,16.472824,16.326462,16.381371,16.381371,16.600693,16.289825,16.344765,16.289825,16.363075,16.161499,16.088081,16.051353,16.271500,16.491104,16.308144,16.491104,16.216530,15.812218,16.216530,15.959457,16.051353,15.904274,16.381371,15.849052,16.381371,15.830643,16.069710,15.664742,16.234848,15.996223,15.996223,15.627831,16.051353,16.051353,15.812218,15.941071,15.849052,16.051353,16.271500,15.996223,16.069710,16.088081,16.600693,15.941071,16.764816,16.032974,16.509377,16.179840,16.746590,16.436256,16.582436,16.582436,16.363075,16.344765,16.491104,16.582436,16.545914,16.161499,15.701637,16.545914,16.637184,16.746590,16.618950,16.198189,17.182823,16.819458,16.710136,17.164696,17.073982,16.837654,17.200951,17.273430,17.363930,17.219078,17.544655,16.946808,17.761002,17.164696,17.634865,17.598785,17.255310,17.562698,17.797005,17.742996,17.994759,17.779015,17.562698,18.084496,18.317345,17.797005,18.030663,18.030663,17.634865,17.652901,18.209953,17.472412,18.084496,17.598785,17.904930,17.724983,18.084496,17.724983,17.706970,17.526596,17.688942,17.815002,17.128418,17.508537,17.146553,17.092117,17.291534,17.219078,16.417961,16.964989,16.491104,17.291534,16.728371,16.545914,16.454536,16.381371,16.014603,16.234848,15.664742,16.088081,15.646294,15.146614,14.774681,14.662788,14.774681,14.401184,14.569450,14.811943,14.138817,14.026146,14.007355,14.101280,14.588127,14.044937,14.213860,14.774681,14.550774,14.251350,14.044937,14.382469,14.101280,14.270103,14.120049,14.082504,14.082504,14.120049,14.532082,14.457298,14.044937,13.819221,13.479599,13.950951,14.101280,14.157593,13.574066,13.555183,14.138817,13.725006,13.913338,13.913338,13.668427,14.120049,13.555183,14.120049,13.932144,13.555183,13.403954,13.630692,13.762703,12.777557,13.969765,13.422867,13.498497,12.720398,
15.664742,15.239365,15.996223,15.313492,15.627831,16.143143,15.350533,15.830643,15.443062,15.830643,15.922668,15.146614,15.756950,16.051353,15.849052,15.443062,15.977844,15.738518,16.014603,15.590912,15.830643,15.849052,15.369041,15.683197,15.830643,15.572441,15.480049,15.369041,15.941071,15.959457,15.959457,15.775375,15.812218,15.867470,15.996223,15.775375,15.350533,16.161499,16.363075,15.922668,16.032974,15.793800,16.051353,16.088081,15.609375,15.959457,16.014603,15.572441,15.683197,16.198189,16.143143,16.545914,16.399666,16.216530,16.527649,15.793800,16.051353,16.417961,16.454536,15.812218,16.216530,16.161499,16.161499,16.106438,16.545914,16.161499,16.088081,15.849052,16.253181,16.472824,16.106438,16.179840,16.564171,16.143143,16.399666,16.509377,16.271500,16.161499,16.271500,16.545914,16.088081,15.922668,16.801247,16.216530,16.509377,16.069710,16.472824,16.308144,16.253181,17.219078,16.088081,16.051353,16.600693,16.289825,16.783035,16.710136,16.491104,16.746590,16.143143,16.728371,16.289825,16.728371,16.819458,16.819458,16.728371,16.216530,16.564171,16.472824,16.673668,16.837654,16.946808,16.308144,16.454536,16.728371,16.819458,16.673668,16.582436,16.161499,16.363075,16.344765,16.783035,16.637184,16.691910,16.527649,16.855865,16.673668,16.691910,16.399666,16.161499,16.454536,17.128418,16.764816,16.710136,16.582436,17.237198,16.819458,16.472824,16.983162,16.326462,16.600693,17.110275,16.819458,17.454338,16.655434,17.037659,17.110275,16.417961,16.472824,17.092117,17.037659,17.037659,16.764816,17.001335,16.527649,16.983162,16.764816,17.128418,16.983162,16.892258,16.892258,16.691910,17.037659,17.019493,17.110275,17.110275,17.400101,17.436272,17.309639,17.580750,17.544655,17.724983,17.706970,18.012718,17.580750,17.833000,17.345833,17.472412,17.634865,17.761002,17.580750,17.454338,17.868965,17.580750,17.327736,17.598785,17.724983,17.436272,17.436272,17.706970,17.940880,17.815002,17.761002,17.724983,17.688942,18.281563,18.030663,18.567383,18.066551,18.012718,18.156204,18.567383,18.442459,18.335236,17.868965,18.709923,18.709923,18.852211,18.656494,18.513863,18.674309,18.745514,19.100624,18.531708,18.406731,18.709923,18.603035,18.781090,18.209953,18.245766,18.798882,18.442459,18.745514,18.905502,18.370995,19.011993,18.496017,19.082909,18.923264,18.638680,18.317345,18.496017,18.638680,18.887749,18.816666,18.994255,18.656494,18.531708,18.745514,18.460312,18.478165,18.656494,18.353111,18.603035,18.816666,18.994255,18.781090,18.745514,18.674309,18.603035,18.460312,18.852211,18.798882,18.709923,18.869980,18.852211,18.496017,18.887749,19.029732,18.709923,18.727722,19.047462,18.674309,18.798882,18.816666,18.763306,18.281563,19.029732,19.029732,19.418907,19.153755,19.489464,18.958771,19.118340,19.242241,19.224541,19.454201,19.224541,19.082909,19.330627,19.011993,19.082909,18.958771,18.692123,18.299454,18.994255,18.656494,18.727722,18.834435,18.388855,18.531708,18.638680,18.317345,18.852211,18.585213,18.460312,18.442459,18.620857,18.513863,18.549545,18.549545,18.406731,18.227867,17.958839,18.798882,18.192039,18.245766,18.263664,18.460312,18.513863,18.174133,18.263664,18.012718,18.674309,18.120361,18.066551,17.779015,17.886955,17.886955,17.327736,17.761002,17.670921,18.102425,17.761002,17.797005,17.652901,17.797005,18.174133,17.922905,17.886955,18.012718,17.976807,17.706970,17.833000,17.850990,17.526596,17.634865,17.436272,17.382019,17.544655,17.182823,17.670921,17.382019,17.219078,16.819458,17.164696,16.928627,17.055817,17.291534,16.874062,17.219078,16.946808,16.764816,17.327736,16.710136,16.618950,17.055817,16.946808,17.110275,16.783035,16.746590,16.618950,16.655434,16.417961,17.037659,16.783035,16.946808,16.673668,16.746590,17.001335,16.363075,16.837654,16.582436,17.182823,17.182823,16.491104,16.509377,16.363075,16.344765,16.783035,16.124794,16.618950,16.564171,16.399666,16.289825,16.892258,16.253181,16.801247,16.417961,16.381371,16.271500,16.491104,16.874062,16.271500,16.764816,16.892258,16.710136,16.728371,16.618950,16.691910,16.417961,16.892258,16.491104,16.673668,16.179840,16.472824,16.600693,16.472824,16.344765,16.874062,15.793800,16.234848,16.964989,16.216530,16.491104,16.655434,16.837654,16.655434,16.381371,16.363075,16.271500,16.399666,16.527649,16.527649,16.655434,16.545914,16.399666,16.564171,16.271500,16.545914,16.673668,16.179840,16.216530,16.308144,16.655434,16.179840,16.216530,16.564171,16.527649,16.271500,16.124794,16.344765,15.977844,16.673668,16.308144,16.545914,16.344765,16.454536,15.461563,16.363075,16.545914,16.014603,16.326462,16.472824,16.326462,15.977844,16.253181,16.124794,15.756950,15.922668,16.253181,16.454536,15.756950,16.106438,16.106438,16.491104,16.014603,15.812218,15.941071,16.106438,16.124794,15.664742,15.904274,16.032974,16.436256,16.143143,16.216530,16.161499,15.683197,16.234848,15.904274,15.720085,15.775375,15.959457,16.198189,16.106438,15.683197,15.590912,15.996223,15.701637,15.239365,15.867470,15.683197,15.867470,15.996223,15.720085,15.922668,15.553970,15.627831,15.885872,16.051353,15.443062,16.088081,15.849052,16.088081,16.491104,16.308144,16.014603,16.143143,16.545914,16.326462,16.655434,16.454536,16.417961,16.161499,16.124794,16.344765,16.472824,16.582436,16.417961,16.289825,16.454536,16.271500,16.216530,15.849052,16.964989,16.161499,16.819458,16.874062,17.001335,16.783035,16.783035,16.964989,16.728371,17.092117,17.327736,17.001335,17.688942,17.273430,16.892258,17.255310,17.418190,17.850990,17.688942,17.562698,17.562698,17.182823,17.994759,17.508537,18.209953,17.400101,17.670921,17.868965,17.994759,17.904930,17.327736,18.066551,17.652901,17.886955,18.281563,18.012718,17.436272,17.742996,17.742996,17.526596,17.110275,17.761002,17.309639,17.742996,17.237198,17.345833,17.562698,17.128418,17.128418,17.526596,16.618950,17.092117,16.837654,16.783035,17.363930,16.527649,17.237198,16.491104,16.253181,16.179840,16.491104,15.812218,15.609375,15.553970,14.569450,15.128059,14.569450,14.120049,14.288834,14.756035,14.101280,14.625465,14.195114,14.326302,14.213860,14.476006,14.044937,14.644127,14.326302,14.532082,14.457298,14.251350,14.288834,13.988556,14.026146,13.856880,14.419891,14.476006,13.988556,14.849190,14.120049,14.157593,14.082504,14.157593,13.762703,14.345024,14.082504,13.592949,13.950951,13.762703,13.762703,13.856880,13.271439,14.120049,13.649567,14.138817,13.800392,13.271439,13.687294,13.611824,13.214584,13.913338,13.290382,13.271439,13.062805,12.872734,
14.737404,15.165176,15.517014,15.146614,15.461563,15.572441,15.350533,15.885872,15.165176,15.183723,15.332008,15.849052,15.572441,15.165176,15.313492,16.051353,15.239365,15.387550,15.959457,15.498535,15.904274,15.720085,15.627831,15.332008,16.014603,15.646294,15.922668,16.216530,15.553970,15.609375,16.344765,15.683197,15.627831,15.683197,15.424561,15.885872,15.517014,16.161499,15.738518,15.406059,15.885872,15.738518,16.198189,15.350533,15.553970,16.198189,16.381371,15.775375,16.032974,16.253181,16.253181,15.738518,16.051353,15.609375,15.941071,15.977844,15.535500,15.590912,16.124794,15.959457,16.234848,15.535500,16.088081,15.424561,15.922668,15.775375,16.124794,16.069710,16.436256,15.590912,16.234848,15.664742,16.216530,15.812218,16.124794,16.746590,16.161499,15.756950,16.326462,16.143143,16.344765,15.922668,16.363075,16.399666,16.124794,16.710136,15.830643,16.198189,15.885872,16.344765,16.673668,16.106438,16.051353,16.964989,16.454536,16.234848,16.198189,16.527649,16.436256,16.106438,16.545914,16.234848,16.381371,16.600693,16.855865,16.326462,16.014603,16.363075,16.527649,16.363075,16.819458,16.161499,16.344765,16.436256,16.436256,16.637184,16.728371,16.381371,16.691910,16.618950,16.326462,16.801247,16.637184,16.271500,16.637184,16.234848,16.381371,16.600693,16.746590,16.271500,16.271500,16.618950,16.819458,16.600693,16.124794,16.691910,16.637184,16.728371,16.637184,16.910439,16.454536,16.655434,16.618950,16.436256,16.783035,16.509377,16.710136,16.600693,16.564171,16.746590,16.764816,16.837654,16.801247,16.564171,16.910439,17.128418,16.837654,16.837654,16.344765,17.092117,17.219078,17.055817,17.164696,16.874062,16.691910,16.710136,17.164696,17.092117,17.001335,17.652901,17.544655,17.472412,17.382019,17.472412,17.327736,17.273430,17.670921,17.382019,17.200951,17.797005,17.164696,17.598785,17.779015,17.526596,17.110275,17.418190,17.327736,17.761002,17.634865,17.454338,17.164696,17.598785,17.779015,17.779015,18.030663,17.976807,18.012718,18.012718,17.904930,17.940880,18.209953,17.994759,18.388855,18.424599,18.496017,18.353111,18.335236,18.156204,18.585213,18.549545,18.335236,18.496017,18.370995,17.994759,18.727722,18.227867,18.281563,18.798882,18.192039,18.709923,18.941017,18.442459,18.549545,18.531708,18.496017,18.209953,18.620857,18.603035,18.531708,18.460312,18.656494,18.798882,19.029732,18.263664,18.513863,18.603035,18.478165,18.745514,18.317345,18.478165,18.531708,18.406731,19.118340,18.620857,18.567383,18.549545,18.496017,18.388855,18.745514,18.603035,18.941017,18.834435,18.958771,18.834435,18.674309,19.082909,18.496017,18.709923,18.709923,18.763306,19.171471,18.923264,18.887749,18.763306,19.029732,18.745514,19.171471,19.011993,19.189156,19.082909,19.330627,19.118340,19.029732,19.011993,19.100624,18.923264,19.189156,18.745514,18.976524,19.206863,18.692123,18.976524,18.887749,18.887749,18.852211,18.887749,18.745514,18.531708,18.531708,18.745514,18.869980,18.192039,18.816666,18.496017,18.478165,18.620857,18.460312,18.353111,18.549545,18.442459,18.192039,18.192039,18.209953,18.209953,18.192039,18.192039,17.940880,18.209953,18.030663,18.120361,18.084496,18.102425,18.012718,17.940880,18.424599,17.976807,18.012718,18.066551,17.976807,17.400101,17.761002,17.868965,17.940880,17.779015,17.652901,17.761002,17.940880,17.833000,18.209953,17.886955,18.138290,17.706970,17.940880,17.922905,17.940880,17.779015,17.508537,17.327736,17.634865,16.928627,17.273430,17.037659,16.892258,16.855865,16.892258,16.801247,16.509377,16.964989,16.637184,16.801247,17.237198,16.417961,16.691910,16.691910,17.055817,16.673668,16.655434,16.326462,16.509377,16.983162,16.527649,16.308144,16.783035,16.582436,16.545914,16.545914,16.618950,16.728371,16.399666,16.764816,16.271500,16.564171,16.381371,16.326462,16.253181,16.436256,16.271500,17.001335,16.308144,16.527649,16.454536,16.910439,16.545914,16.637184,16.564171,16.417961,16.472824,16.655434,16.655434,16.454536,16.564171,16.491104,16.088081,16.344765,16.179840,16.344765,16.691910,16.363075,16.910439,16.691910,16.436256,16.032974,15.959457,16.344765,16.216530,16.234848,16.363075,16.417961,16.472824,16.381371,16.582436,16.161499,16.216530,15.941071,16.417961,16.253181,16.106438,16.436256,16.582436,16.179840,16.216530,16.271500,16.381371,16.545914,16.253181,16.069710,16.124794,15.922668,16.491104,15.867470,16.216530,16.381371,15.867470,15.849052,15.775375,16.143143,15.793800,16.363075,16.124794,16.124794,16.326462,16.032974,16.234848,15.812218,15.996223,16.381371,15.517014,16.014603,16.069710,16.069710,16.271500,16.216530,16.161499,16.124794,15.756950,16.253181,16.088081,16.179840,15.959457,16.088081,16.014603,15.369041,15.701637,15.977844,15.867470,15.627831,16.216530,15.756950,15.904274,15.683197,15.977844,16.198189,15.738518,15.885872,15.627831,15.424561,15.627831,15.627831,16.088081,15.461563,15.664742,15.627831,15.257896,16.032974,15.535500,15.332008,15.220818,15.775375,15.738518,15.683197,15.849052,15.517014,15.369041,14.867805,15.424561,15.701637,15.443062,15.756950,15.553970,15.977844,16.143143,16.143143,16.417961,16.381371,16.161499,16.253181,15.830643,16.124794,16.106438,15.959457,16.472824,16.253181,16.600693,16.746590,16.198189,15.867470,16.198189,16.673668,16.564171,16.837654,16.673668,16.691910,16.308144,16.946808,16.801247,16.837654,16.837654,16.855865,16.618950,17.219078,17.001335,17.291534,17.273430,16.527649,16.892258,17.291534,16.964989,16.728371,17.490471,17.544655,17.182823,17.182823,17.164696,17.273430,17.724983,17.237198,17.904930,17.544655,17.110275,17.958839,18.388855,17.526596,17.472412,17.724983,18.012718,17.345833,17.508537,17.833000,17.436272,17.616829,17.255310,17.237198,17.616829,17.255310,17.904930,17.562698,17.237198,18.048607,16.928627,17.580750,17.019493,16.728371,17.164696,17.182823,16.874062,16.855865,17.037659,16.819458,16.764816,16.106438,17.146553,15.867470,16.289825,15.683197,16.106438,15.535500,15.443062,15.202286,15.183723,14.867805,14.457298,14.644127,14.662788,14.419891,14.513397,14.550774,14.213860,14.138817,14.063721,14.044937,14.101280,14.138817,14.401184,14.438606,14.120049,14.606796,14.270103,14.307571,14.195114,14.007355,14.101280,13.894524,14.288834,13.800392,14.811943,14.101280,14.138817,14.063721,13.950951,14.326302,13.706154,13.498497,13.838051,14.026146,13.781540,14.157593,13.592949,13.630692,14.138817,13.819221,13.894524,13.875710,13.385033,14.026146,13.441788,12.567825,13.119759,13.290382,13.592949,12.510529,
14.681450,15.406059,15.109489,15.461563,15.646294,15.276436,15.443062,15.683197,15.406059,15.332008,15.387550,15.313492,15.294960,15.572441,15.313492,15.498535,15.812218,14.867805,15.572441,15.183723,15.812218,15.146614,15.830643,14.625465,15.276436,15.183723,15.664742,15.424561,15.202286,15.941071,15.609375,15.424561,15.609375,15.498535,15.664742,15.572441,15.553970,14.979439,16.179840,15.664742,15.646294,15.443062,15.387550,15.627831,15.387550,15.443062,16.088081,15.922668,15.701637,15.738518,15.609375,15.849052,16.381371,15.683197,15.387550,15.627831,15.294960,16.032974,15.849052,16.069710,15.664742,15.812218,15.553970,15.720085,15.959457,15.646294,16.143143,16.106438,16.216530,15.480049,16.014603,16.289825,16.088081,16.143143,16.161499,15.867470,16.308144,16.051353,16.161499,15.738518,15.959457,16.271500,16.051353,16.032974,15.480049,15.941071,15.904274,16.124794,16.032974,16.673668,15.683197,16.124794,16.253181,16.069710,15.904274,16.088081,16.289825,16.308144,16.417961,15.959457,16.234848,16.527649,16.198189,16.855865,16.344765,16.179840,16.143143,15.904274,16.032974,16.746590,16.234848,16.234848,16.691910,16.198189,16.655434,16.399666,16.161499,16.491104,16.014603,16.527649,16.673668,16.234848,16.344765,16.234848,16.582436,16.344765,16.344765,16.106438,15.996223,16.069710,16.710136,15.977844,16.234848,16.600693,16.783035,16.454536,16.436256,16.363075,16.399666,16.472824,16.819458,16.545914,16.600693,16.308144,16.399666,16.381371,16.326462,16.454536,16.783035,16.564171,16.472824,16.363075,16.326462,16.253181,16.946808,16.655434,16.600693,16.837654,16.417961,16.819458,16.673668,16.728371,16.783035,16.600693,17.273430,16.527649,17.400101,16.892258,17.363930,17.110275,17.544655,17.164696,17.742996,17.164696,17.219078,17.724983,17.706970,17.001335,17.779015,17.472412,17.436272,17.418190,17.164696,17.146553,17.418190,17.724983,17.400101,17.073982,17.742996,17.634865,17.833000,17.850990,17.652901,17.652901,17.652901,17.958839,18.048607,17.634865,18.138290,18.066551,17.940880,18.138290,18.120361,18.531708,18.406731,18.174133,18.174133,18.798882,18.692123,18.335236,18.174133,18.709923,18.496017,18.388855,18.692123,18.370995,18.370995,18.496017,18.388855,18.353111,18.852211,18.353111,18.798882,18.353111,18.567383,18.905502,18.781090,18.869980,18.567383,18.709923,18.227867,18.370995,17.761002,18.424599,18.781090,18.531708,18.834435,18.656494,18.209953,18.209953,18.460312,18.567383,18.424599,18.781090,18.585213,18.192039,18.620857,18.905502,19.153755,18.709923,18.816666,18.798882,18.941017,18.424599,18.603035,18.958771,18.692123,18.834435,18.976524,19.029732,19.011993,18.852211,19.206863,19.047462,18.496017,19.524719,18.834435,19.171471,19.206863,18.816666,18.781090,19.295280,19.118340,18.994255,18.994255,18.798882,18.923264,19.118340,19.029732,19.118340,18.852211,18.335236,18.727722,18.994255,19.100624,18.905502,18.692123,18.442459,18.727722,18.442459,18.496017,18.424599,18.513863,18.209953,18.656494,18.709923,18.442459,18.603035,18.727722,18.299454,18.370995,18.638680,18.513863,18.227867,18.620857,18.692123,18.263664,18.263664,18.335236,18.138290,18.012718,17.418190,17.868965,18.030663,18.620857,17.706970,18.335236,18.012718,17.868965,17.850990,18.406731,18.174133,18.012718,17.526596,18.066551,17.797005,17.904930,18.192039,17.976807,17.724983,17.670921,17.742996,17.724983,17.598785,17.580750,17.634865,17.273430,17.092117,16.710136,17.291534,17.382019,16.582436,16.855865,16.673668,16.564171,17.001335,16.801247,16.491104,16.673668,16.582436,16.691910,16.344765,16.363075,16.363075,16.801247,16.308144,16.051353,16.637184,16.509377,16.179840,16.545914,16.198189,16.509377,16.436256,16.344765,16.253181,16.399666,16.014603,16.198189,16.491104,16.106438,16.381371,16.399666,16.161499,15.977844,15.959457,16.289825,16.326462,16.289825,16.124794,16.032974,16.014603,16.308144,15.977844,15.812218,15.738518,16.491104,15.720085,16.106438,16.326462,16.509377,15.812218,16.436256,15.904274,16.417961,15.701637,16.069710,16.436256,16.381371,16.198189,16.253181,16.032974,16.124794,16.271500,16.637184,15.424561,15.885872,16.691910,16.106438,16.308144,16.198189,16.271500,15.885872,16.014603,16.069710,15.720085,15.922668,15.885872,15.849052,15.849052,16.216530,16.179840,15.959457,16.088081,16.069710,15.959457,15.775375,16.088081,15.904274,15.294960,16.454536,15.517014,16.216530,15.683197,16.069710,15.664742,16.124794,15.701637,15.941071,16.124794,15.701637,15.812218,15.941071,15.941071,15.867470,15.609375,15.572441,15.867470,15.498535,15.461563,15.535500,15.830643,15.775375,15.572441,15.406059,15.609375,15.664742,16.051353,15.646294,16.051353,15.701637,15.959457,15.904274,15.090919,15.720085,15.257896,15.313492,15.904274,15.424561,15.627831,15.830643,15.830643,15.830643,15.535500,15.535500,15.590912,15.369041,15.738518,15.387550,15.535500,15.535500,15.053780,15.332008,15.128059,15.498535,15.090919,15.406059,15.461563,15.517014,15.535500,15.332008,15.053780,15.683197,15.294960,15.387550,15.498535,15.424561,15.720085,15.128059,15.756950,15.664742,15.424561,15.738518,15.683197,16.088081,15.572441,15.793800,16.124794,15.812218,15.849052,15.664742,16.491104,16.436256,16.527649,16.436256,16.527649,16.124794,16.509377,16.032974,16.363075,16.472824,16.527649,16.855865,16.618950,16.892258,16.801247,16.819458,16.855865,16.746590,16.764816,17.055817,16.983162,16.983162,16.855865,17.146553,17.454338,16.691910,16.892258,17.833000,17.400101,17.055817,17.670921,17.146553,17.724983,17.922905,17.562698,17.418190,18.281563,18.048607,17.742996,17.922905,17.490471,17.868965,17.779015,18.120361,17.255310,18.138290,17.418190,17.815002,17.128418,17.976807,17.436272,17.598785,17.670921,17.616829,17.526596,17.761002,17.092117,18.048607,17.454338,17.526596,17.309639,17.291534,16.582436,17.092117,16.691910,17.092117,16.874062,16.874062,16.234848,16.454536,16.216530,16.308144,16.161499,15.977844,15.664742,15.294960,14.756035,14.494698,14.681450,14.213860,14.588127,14.101280,13.894524,14.513397,14.044937,13.875710,15.016617,14.232613,14.176346,13.687294,14.419891,14.569450,14.401184,13.649567,14.401184,14.026146,14.176346,14.849190,14.476006,14.363747,14.382469,14.176346,13.913338,14.176346,13.913338,14.120049,13.460693,14.101280,13.611824,13.932144,14.026146,14.270103,14.120049,14.138817,13.950951,13.725006,13.498497,13.932144,13.838051,13.894524,13.574066,13.366112,13.252487,13.649567,13.441788,13.214584,13.309326,12.967819,12.967819,
14.363747,14.942238,15.664742,15.572441,14.793312,15.257896,15.627831,15.350533,14.905037,14.979439,15.053780,15.220818,15.406059,14.830566,15.276436,15.035194,15.294960,14.830566,14.942238,14.923637,15.406059,15.146614,15.090919,14.849190,14.905037,15.294960,15.332008,15.350533,15.165176,15.109489,14.905037,15.646294,15.313492,15.313492,15.849052,16.014603,15.165176,14.905037,15.517014,15.257896,15.646294,15.165176,15.664742,15.369041,15.294960,15.480049,15.535500,15.553970,15.443062,15.369041,15.664742,15.332008,15.922668,16.051353,15.609375,15.053780,16.032974,14.923637,15.959457,15.572441,15.775375,15.590912,15.406059,15.793800,15.627831,15.885872,15.609375,16.253181,15.738518,15.738518,15.830643,16.088081,15.683197,15.738518,15.128059,15.738518,15.369041,15.146614,15.885872,15.904274,16.417961,16.014603,16.143143,16.106438,15.775375,15.793800,15.793800,16.032974,15.904274,15.885872,15.793800,15.922668,15.904274,15.849052,16.417961,15.922668,16.069710,15.332008,16.344765,15.812218,15.885872,16.032974,15.756950,16.143143,16.051353,16.472824,15.959457,15.941071,15.977844,16.143143,15.885872,16.198189,16.198189,16.234848,15.830643,16.161499,15.793800,15.849052,16.234848,16.088081,16.491104,16.417961,15.664742,16.069710,16.454536,15.812218,16.253181,15.812218,16.271500,16.179840,16.198189,16.326462,16.179840,16.088081,16.600693,16.143143,16.124794,16.308144,16.124794,16.363075,16.088081,16.381371,16.436256,16.088081,16.892258,16.069710,16.124794,16.124794,16.124794,16.161499,16.344765,16.234848,16.509377,16.198189,16.179840,16.564171,16.417961,16.308144,16.509377,16.417961,16.582436,16.710136,16.710136,16.417961,16.344765,16.710136,17.019493,16.910439,17.219078,17.200951,17.037659,17.037659,17.454338,17.219078,17.309639,17.418190,17.382019,17.508537,17.418190,17.164696,17.508537,17.164696,17.904930,17.092117,17.634865,17.400101,17.418190,17.526596,17.742996,17.327736,17.922905,17.797005,17.779015,17.779015,17.761002,17.833000,17.742996,18.209953,17.724983,18.120361,18.424599,18.174133,18.156204,18.531708,18.388855,18.353111,18.442459,18.887749,18.120361,18.227867,18.156204,18.692123,18.353111,18.156204,18.478165,18.370995,18.406731,18.174133,18.424599,18.192039,18.603035,18.496017,18.317345,18.727722,18.763306,18.567383,18.656494,18.638680,18.816666,18.299454,19.082909,18.549545,18.531708,18.656494,18.549545,18.227867,18.620857,18.834435,18.388855,18.709923,18.442459,18.370995,19.047462,18.263664,18.816666,18.424599,18.620857,18.567383,18.585213,18.852211,18.656494,18.603035,18.869980,18.460312,18.549545,18.674309,18.442459,18.781090,18.442459,19.153755,18.709923,18.745514,18.674309,18.816666,18.745514,18.763306,19.153755,19.029732,19.454201,19.206863,18.976524,18.816666,18.869980,19.401253,19.312950,18.976524,19.295280,18.887749,18.834435,18.745514,19.011993,18.816666,18.531708,18.567383,18.638680,18.709923,18.012718,18.156204,18.620857,18.567383,18.227867,18.531708,18.192039,18.406731,18.353111,18.531708,18.424599,18.531708,18.496017,18.066551,18.727722,18.353111,18.370995,18.370995,18.370995,18.174133,18.227867,18.281563,18.030663,17.886955,18.406731,18.245766,18.030663,18.102425,18.120361,18.227867,17.850990,17.761002,18.156204,17.797005,17.616829,17.994759,17.940880,17.940880,17.850990,18.066551,17.544655,17.724983,18.066551,17.994759,17.761002,17.508537,17.742996,17.237198,17.382019,17.255310,16.892258,17.164696,16.837654,16.600693,16.837654,16.673668,16.819458,16.910439,16.637184,16.545914,16.454536,16.728371,16.454536,16.399666,16.106438,16.454536,16.032974,16.509377,16.179840,15.812218,16.363075,16.326462,16.234848,16.344765,15.849052,16.381371,16.308144,15.941071,16.344765,15.885872,16.124794,15.977844,16.198189,16.032974,15.885872,15.627831,16.032974,16.179840,16.143143,16.179840,16.032974,15.480049,16.106438,15.830643,15.498535,15.977844,15.922668,15.941071,15.793800,15.683197,16.088081,16.014603,16.234848,15.849052,15.922668,16.014603,15.867470,15.830643,15.424561,16.198189,15.683197,16.179840,15.849052,15.959457,15.627831,15.609375,15.885872,15.535500,15.627831,15.867470,15.867470,15.590912,15.885872,15.996223,16.069710,15.683197,15.996223,15.664742,15.885872,16.051353,15.517014,15.738518,15.959457,15.756950,16.069710,15.406059,15.664742,15.775375,15.867470,15.627831,15.775375,16.124794,15.849052,15.812218,15.812218,15.738518,15.701637,15.720085,15.332008,15.885872,15.183723,16.216530,15.553970,15.535500,15.664742,15.498535,15.664742,15.775375,15.332008,15.461563,15.720085,16.308144,15.424561,15.387550,15.701637,15.572441,15.350533,15.849052,15.683197,15.535500,15.480049,15.090919,15.535500,15.146614,15.590912,15.276436,15.090919,15.053780,15.480049,14.923637,15.090919,15.461563,15.165176,15.313492,15.202286,15.090919,15.553970,15.220818,15.128059,15.369041,15.480049,15.183723,14.886414,15.443062,15.072350,14.905037,15.016617,15.146614,14.942238,15.202286,15.369041,14.960838,14.756035,15.090919,15.165176,14.849190,15.257896,15.109489,15.072350,15.146614,15.294960,15.294960,15.627831,14.979439,15.535500,15.683197,15.332008,15.775375,15.627831,15.867470,16.198189,15.812218,16.381371,16.106438,15.904274,16.198189,16.271500,16.417961,16.198189,15.941071,16.655434,16.289825,16.051353,16.491104,16.545914,16.618950,16.764816,16.691910,16.946808,17.110275,16.837654,16.728371,16.618950,16.874062,16.910439,16.892258,16.964989,17.128418,16.837654,16.819458,17.327736,17.580750,17.418190,17.164696,17.652901,17.273430,17.273430,17.255310,17.345833,17.616829,17.779015,17.400101,17.670921,17.309639,17.598785,18.102425,17.850990,17.922905,17.922905,17.761002,17.850990,17.850990,17.688942,17.958839,17.345833,17.670921,17.779015,17.815002,17.598785,17.797005,17.345833,18.084496,17.001335,17.670921,17.055817,17.490471,16.801247,17.182823,16.983162,17.019493,16.582436,16.801247,16.746590,16.600693,16.691910,16.728371,16.216530,16.253181,16.308144,15.276436,15.775375,14.942238,14.998024,14.681450,14.644127,14.270103,13.762703,14.176346,13.950951,14.251350,14.007355,14.063721,14.867805,14.681450,14.195114,14.756035,14.176346,14.998024,14.588127,14.251350,13.800392,14.232613,14.513397,14.382469,14.232613,14.044937,13.988556,14.138817,14.044937,13.950951,13.781540,14.082504,13.592949,13.988556,13.347183,13.668427,14.960838,14.157593,13.574066,14.232613,13.687294,13.856880,13.762703,13.725006,13.894524,13.950951,14.176346,13.043808,13.517403,13.385033,13.100769,13.856880,12.777557,11.974228,
14.401184,14.644127,14.737404,14.588127,15.090919,14.476006,14.830566,15.072350,15.183723,14.923637,15.350533,14.569450,15.239365,14.905037,15.220818,14.737404,14.979439,15.332008,15.239365,15.276436,15.257896,15.035194,15.016617,15.165176,15.257896,14.979439,15.572441,15.350533,15.165176,14.830566,14.774681,15.165176,14.960838,15.090919,15.332008,15.220818,15.016617,15.332008,14.867805,15.535500,15.276436,15.220818,15.646294,15.220818,15.053780,15.609375,15.202286,15.480049,15.480049,15.885872,15.572441,15.646294,15.257896,15.775375,15.461563,15.738518,14.774681,15.424561,15.313492,14.960838,15.332008,15.406059,15.683197,15.053780,15.664742,15.424561,15.443062,15.332008,15.350533,15.849052,15.480049,15.313492,15.480049,15.443062,15.572441,16.014603,15.369041,15.387550,15.720085,15.480049,16.179840,16.179840,15.683197,15.793800,15.756950,15.701637,15.941071,15.849052,15.867470,15.646294,15.812218,15.904274,16.032974,15.885872,16.472824,15.627831,16.234848,15.849052,15.406059,15.904274,16.014603,15.996223,15.959457,15.867470,16.216530,15.664742,16.216530,15.793800,15.867470,15.720085,16.051353,15.775375,15.849052,15.738518,16.014603,16.198189,16.014603,15.977844,15.812218,16.106438,15.830643,16.014603,16.253181,16.106438,15.922668,15.701637,15.922668,16.271500,15.775375,15.959457,16.253181,16.216530,16.124794,15.830643,16.179840,15.885872,16.363075,16.308144,16.216530,16.326462,16.253181,15.830643,16.161499,15.867470,16.363075,16.032974,16.527649,15.793800,16.216530,15.922668,16.032974,15.849052,16.271500,16.363075,15.959457,15.885872,16.032974,15.941071,16.143143,16.271500,16.472824,16.032974,16.436256,16.783035,16.454536,16.801247,16.819458,16.673668,17.237198,17.055817,17.706970,17.580750,17.922905,17.742996,17.490471,17.454338,17.363930,17.652901,17.182823,17.472412,17.815002,17.634865,17.490471,17.670921,17.472412,17.652901,17.508537,17.400101,17.472412,17.562698,17.761002,17.670921,17.363930,17.779015,17.580750,17.580750,17.779015,17.779015,18.120361,18.066551,18.638680,18.370995,18.048607,18.156204,18.335236,18.549545,18.727722,18.585213,18.120361,18.317345,18.192039,18.317345,18.674309,18.638680,18.209953,18.406731,18.478165,18.245766,18.549545,18.317345,18.442459,18.585213,18.656494,18.816666,18.638680,18.745514,18.834435,18.887749,18.852211,18.299454,18.763306,18.763306,18.798882,18.174133,18.424599,18.245766,18.585213,18.496017,18.816666,18.174133,18.460312,18.816666,18.531708,18.335236,18.816666,18.442459,18.869980,18.513863,18.620857,18.656494,18.674309,18.638680,18.603035,18.869980,18.887749,18.442459,18.513863,18.656494,18.674309,18.834435,18.567383,19.118340,18.798882,18.620857,18.869980,18.834435,19.171471,18.798882,19.136055,19.118340,19.418907,18.745514,19.100624,19.082909,19.065178,19.118340,18.958771,18.905502,19.401253,18.353111,18.763306,18.709923,18.905502,18.816666,18.656494,18.923264,18.869980,18.513863,18.816666,18.406731,18.513863,18.138290,18.603035,18.424599,18.709923,18.656494,18.281563,18.781090,18.030663,18.460312,18.227867,18.496017,18.620857,18.245766,18.335236,18.585213,17.904930,18.192039,18.353111,18.692123,18.370995,17.976807,17.940880,18.388855,17.922905,17.815002,17.994759,17.922905,17.797005,18.227867,17.580750,17.958839,17.833000,17.779015,17.526596,17.922905,17.327736,17.761002,18.174133,18.066551,17.472412,17.400101,17.146553,17.019493,17.291534,16.910439,16.892258,16.582436,16.964989,16.363075,16.710136,16.014603,16.637184,16.289825,16.124794,15.922668,15.830643,16.014603,16.600693,16.308144,16.509377,16.106438,16.088081,16.032974,16.344765,15.812218,16.106438,15.553970,15.830643,16.069710,16.106438,15.738518,16.289825,15.590912,15.720085,15.904274,16.198189,15.959457,15.756950,15.922668,15.590912,15.922668,15.941071,16.014603,16.032974,16.014603,16.106438,15.627831,15.646294,15.406059,15.387550,15.830643,15.683197,15.775375,15.332008,15.443062,15.885872,16.014603,15.480049,15.406059,15.904274,15.035194,16.014603,15.609375,15.849052,15.443062,15.517014,15.793800,15.922668,15.424561,16.051353,15.775375,15.793800,16.069710,15.830643,15.590912,15.369041,15.683197,15.720085,15.646294,15.701637,15.627831,15.535500,15.424561,15.443062,15.627831,15.664742,16.014603,15.443062,15.683197,15.830643,15.572441,15.424561,15.387550,15.720085,15.332008,15.830643,15.572441,15.239365,15.572441,15.793800,15.535500,15.332008,15.424561,15.443062,15.572441,15.294960,15.369041,15.220818,15.257896,15.756950,15.202286,15.369041,15.090919,15.220818,15.146614,15.480049,15.072350,15.035194,15.313492,15.406059,14.662788,15.128059,15.406059,15.387550,15.313492,15.220818,15.461563,15.775375,15.332008,15.109489,14.923637,15.867470,14.811943,14.737404,15.294960,15.443062,15.109489,15.424561,14.476006,15.257896,14.998024,15.146614,15.090919,14.793312,14.681450,14.681450,15.053780,14.494698,14.382469,14.644127,14.942238,15.239365,14.718750,14.886414,14.419891,15.553970,14.849190,14.979439,15.072350,15.090919,14.513397,14.811943,14.867805,14.774681,14.923637,14.811943,14.942238,15.035194,15.128059,15.220818,15.109489,15.941071,15.627831,15.849052,15.535500,15.369041,15.904274,16.253181,16.161499,16.106438,15.812218,16.088081,16.271500,16.124794,16.161499,15.977844,16.032974,16.582436,16.289825,17.037659,16.946808,16.582436,16.363075,16.253181,16.655434,17.073982,16.983162,16.837654,17.164696,16.527649,17.128418,17.164696,16.673668,17.544655,16.964989,16.910439,17.182823,17.164696,17.273430,17.797005,17.652901,17.526596,17.418190,17.598785,17.508537,17.128418,18.353111,17.652901,17.472412,18.048607,17.706970,17.797005,18.102425,18.066551,17.616829,18.012718,17.833000,17.688942,17.688942,17.779015,17.490471,17.092117,17.598785,17.797005,17.382019,17.073982,17.291534,17.400101,17.309639,17.291534,16.837654,16.964989,17.724983,16.964989,17.164696,17.110275,16.874062,16.436256,17.019493,16.764816,16.691910,16.216530,16.454536,16.564171,15.424561,15.553970,15.701637,15.257896,15.202286,14.101280,14.232613,14.625465,14.382469,14.101280,14.157593,14.401184,14.438606,14.700096,14.157593,14.138817,13.838051,14.401184,13.819221,14.419891,14.007355,13.875710,14.007355,13.932144,14.138817,14.138817,14.044937,14.138817,13.894524,13.988556,13.856880,13.950951,14.007355,14.101280,13.592949,13.875710,13.687294,14.026146,13.856880,13.781540,14.232613,13.743858,14.176346,14.101280,14.345024,12.967819,13.950951,13.706154,14.063721,13.214584,13.157700,13.536285,13.157700,12.891754,12.510529,
14.026146,15.035194,14.960838,14.494698,15.257896,14.905037,14.195114,15.183723,14.979439,14.737404,14.681450,14.251350,14.625465,14.550774,15.109489,14.644127,14.793312,14.476006,14.905037,14.849190,15.517014,15.072350,14.942238,14.569450,14.569450,14.811943,15.517014,14.793312,14.942238,15.146614,14.756035,15.146614,14.998024,14.942238,14.588127,15.016617,15.165176,15.053780,15.202286,14.998024,14.942238,14.718750,14.756035,15.535500,15.313492,14.867805,15.128059,15.128059,14.905037,15.443062,14.942238,14.793312,15.535500,14.700096,15.350533,15.072350,15.498535,15.812218,15.572441,15.387550,15.517014,15.609375,15.053780,15.517014,15.146614,15.202286,15.332008,14.960838,15.183723,15.609375,15.220818,15.480049,15.202286,15.646294,15.072350,15.369041,14.960838,15.109489,15.756950,15.369041,15.406059,15.090919,15.553970,15.756950,15.350533,15.480049,15.627831,15.609375,15.627831,15.609375,15.572441,15.461563,15.830643,15.276436,15.369041,15.461563,15.443062,15.461563,16.106438,15.517014,15.406059,15.146614,15.276436,15.683197,15.406059,15.627831,15.443062,15.535500,15.646294,15.756950,15.535500,15.609375,15.904274,15.572441,15.959457,16.051353,15.701637,15.959457,15.738518,15.849052,16.069710,15.738518,16.051353,15.701637,15.535500,16.161499,16.014603,15.461563,16.491104,15.627831,16.216530,15.683197,15.461563,15.867470,15.941071,15.646294,15.922668,15.443062,15.830643,15.627831,15.535500,15.756950,15.775375,15.996223,15.646294,15.720085,15.959457,15.553970,15.793800,15.590912,15.830643,15.885872,16.271500,16.271500,15.683197,15.517014,16.106438,15.646294,15.977844,15.885872,16.271500,16.271500,16.710136,16.253181,16.746590,16.746590,16.363075,16.983162,16.691910,17.309639,17.219078,17.309639,17.345833,17.073982,17.742996,17.616829,17.182823,16.892258,17.688942,17.382019,17.291534,17.472412,17.490471,17.616829,17.616829,17.958839,17.363930,17.092117,17.345833,17.309639,17.652901,17.634865,17.580750,17.833000,18.120361,17.797005,17.724983,17.940880,18.442459,17.868965,18.156204,18.353111,18.120361,18.209953,18.585213,18.478165,18.120361,18.585213,18.102425,18.656494,18.638680,18.245766,18.227867,18.245766,18.513863,18.353111,18.816666,18.138290,18.353111,18.478165,18.798882,18.531708,18.567383,18.353111,18.923264,18.567383,18.816666,18.424599,18.603035,18.727722,18.567383,18.388855,18.709923,18.460312,18.656494,18.513863,18.656494,18.567383,18.513863,18.638680,18.084496,18.549545,18.245766,18.460312,18.478165,19.029732,18.994255,18.905502,19.047462,18.138290,18.585213,18.692123,18.406731,18.727722,18.709923,19.047462,18.370995,18.709923,19.065178,18.994255,18.781090,18.923264,18.709923,18.781090,18.887749,19.206863,19.224541,19.047462,19.029732,19.171471,18.549545,18.958771,19.118340,18.958771,19.136055,19.082909,19.365944,19.047462,19.171471,18.976524,19.011993,19.011993,18.994255,18.887749,18.816666,18.638680,18.603035,18.709923,18.120361,18.745514,18.585213,18.245766,18.852211,18.442459,18.638680,18.442459,18.442459,18.442459,18.834435,18.084496,18.299454,18.513863,18.531708,18.245766,18.299454,18.263664,18.245766,18.406731,18.192039,18.156204,18.478165,18.156204,18.245766,17.868965,18.406731,18.353111,17.886955,18.012718,17.940880,17.634865,17.976807,18.012718,17.797005,17.994759,17.922905,17.886955,17.706970,17.580750,17.761002,17.706970,17.904930,17.400101,17.273430,16.819458,17.327736,16.946808,16.710136,16.582436,16.454536,16.801247,16.271500,16.198189,16.161499,16.161499,15.849052,15.572441,16.655434,15.313492,16.032974,15.830643,15.738518,15.646294,15.849052,15.720085,15.830643,15.627831,15.498535,15.627831,15.443062,15.867470,15.646294,15.959457,15.941071,15.867470,16.143143,15.793800,15.756950,15.683197,15.959457,15.590912,16.014603,15.443062,15.904274,15.775375,15.480049,15.202286,15.609375,15.424561,15.959457,15.535500,15.590912,15.165176,15.128059,15.517014,15.480049,15.443062,15.424561,15.480049,15.443062,15.387550,15.627831,15.830643,15.294960,15.756950,15.239365,15.053780,15.609375,15.480049,15.830643,15.239365,15.350533,15.517014,15.627831,15.183723,15.369041,14.867805,15.720085,15.128059,15.294960,15.480049,15.627831,15.202286,15.387550,15.553970,15.738518,15.183723,15.498535,15.517014,15.239365,15.517014,14.998024,15.664742,15.183723,15.146614,15.517014,15.313492,15.443062,15.202286,15.369041,15.128059,15.443062,15.090919,15.035194,15.406059,15.035194,15.202286,15.443062,15.109489,14.960838,15.202286,15.090919,15.332008,15.146614,14.774681,15.016617,15.146614,14.905037,14.923637,15.053780,14.625465,14.979439,14.774681,15.572441,15.035194,15.183723,15.072350,15.461563,15.146614,14.793312,14.494698,15.128059,14.737404,14.811943,14.644127,14.811943,14.774681,14.998024,14.494698,14.718750,14.998024,15.332008,14.774681,14.756035,15.072350,14.588127,14.905037,14.288834,15.128059,14.588127,15.072350,14.905037,14.438606,14.867805,14.681450,14.867805,14.625465,14.849190,14.774681,14.811943,14.307571,14.625465,14.569450,14.811943,13.969765,14.867805,14.419891,14.288834,14.718750,15.090919,15.035194,14.849190,15.016617,15.387550,15.867470,15.664742,15.609375,15.517014,15.683197,15.849052,15.406059,16.344765,15.867470,15.977844,16.032974,16.032974,15.793800,16.801247,16.673668,16.326462,16.527649,16.454536,16.491104,16.417961,16.472824,16.527649,16.983162,16.600693,16.582436,16.783035,16.983162,17.110275,17.019493,16.655434,16.928627,17.363930,17.724983,17.706970,17.724983,17.237198,17.454338,17.472412,16.855865,17.598785,17.400101,17.598785,17.598785,17.886955,18.353111,17.418190,17.164696,18.102425,17.724983,17.850990,18.102425,18.102425,17.779015,17.904930,17.688942,17.779015,17.454338,17.742996,17.940880,17.688942,17.073982,17.652901,17.345833,17.544655,17.418190,17.345833,17.382019,17.219078,17.598785,17.219078,17.001335,17.309639,17.019493,16.637184,17.363930,16.746590,17.055817,16.910439,16.253181,16.253181,16.161499,15.977844,15.276436,15.239365,14.756035,14.644127,14.923637,14.120049,14.793312,14.737404,14.007355,14.849190,14.625465,14.138817,14.774681,14.251350,14.419891,13.517403,14.494698,14.644127,14.363747,14.307571,13.743858,13.913338,13.894524,14.513397,14.476006,13.781540,14.101280,14.120049,14.270103,13.856880,14.063721,13.706154,14.007355,13.536285,14.438606,13.894524,13.913338,13.988556,14.044937,13.233543,13.950951,13.385033,14.307571,14.120049,13.517403,13.119759,13.498497,13.441788,13.005829,13.498497,13.385033,13.555183,13.630692,12.948814,12.834679,
14.101280,14.345024,14.737404,14.886414,14.213860,14.513397,14.063721,14.195114,14.176346,14.793312,14.625465,14.662788,14.793312,14.513397,14.326302,14.625465,14.270103,14.363747,14.662788,14.606796,14.476006,14.438606,14.923637,14.625465,14.905037,14.681450,15.239365,13.875710,14.737404,14.532082,14.401184,14.550774,14.625465,14.979439,14.718750,15.053780,14.905037,15.239365,15.202286,14.718750,14.718750,14.867805,14.849190,14.662788,14.588127,14.979439,14.998024,14.513397,14.662788,14.625465,15.109489,14.195114,14.905037,15.165176,15.053780,15.016617,14.960838,15.146614,15.220818,15.332008,14.867805,14.793312,15.239365,14.849190,15.072350,15.183723,15.202286,15.294960,15.461563,15.276436,15.517014,14.942238,15.146614,14.569450,15.109489,15.183723,15.332008,14.774681,15.498535,14.849190,15.664742,15.406059,15.090919,14.886414,15.387550,15.202286,15.498535,15.590912,15.146614,15.830643,15.146614,15.128059,15.202286,15.294960,15.535500,14.550774,15.480049,15.257896,15.627831,15.090919,15.646294,15.294960,15.461563,15.294960,15.590912,15.072350,15.369041,15.627831,15.239365,15.535500,15.572441,15.480049,15.701637,15.350533,15.109489,15.701637,15.738518,15.683197,15.313492,15.387550,15.332008,15.220818,15.904274,15.387550,15.072350,15.683197,15.480049,15.701637,15.646294,15.220818,15.553970,15.812218,15.480049,15.480049,15.332008,15.350533,15.572441,15.480049,15.498535,15.202286,15.701637,15.572441,15.683197,15.406059,15.239365,15.146614,15.461563,15.627831,15.480049,15.849052,15.775375,15.977844,15.646294,15.941071,15.646294,15.683197,15.959457,15.812218,15.996223,15.535500,16.289825,15.977844,16.124794,16.527649,16.399666,16.983162,16.509377,16.399666,16.983162,16.892258,17.092117,17.055817,17.273430,16.928627,17.526596,17.363930,17.490471,17.273430,17.616829,17.508537,17.454338,16.728371,17.490471,17.436272,17.382019,17.652901,17.868965,17.182823,17.706970,17.724983,17.761002,17.706970,17.994759,17.994759,17.779015,17.904930,18.102425,17.994759,18.370995,17.886955,18.442459,18.030663,18.066551,18.048607,18.370995,18.406731,18.174133,18.227867,18.388855,18.030663,18.227867,18.012718,18.478165,18.603035,18.317345,18.603035,18.460312,18.263664,18.460312,18.245766,18.406731,18.353111,18.442459,18.656494,18.567383,18.227867,18.709923,18.585213,18.656494,18.209953,19.011993,18.620857,18.496017,18.763306,18.299454,19.082909,19.100624,18.370995,18.424599,18.442459,18.709923,18.478165,18.549545,18.852211,18.763306,18.941017,18.763306,18.620857,19.118340,18.727722,18.727722,19.224541,18.709923,18.496017,18.781090,18.549545,19.011993,18.781090,18.994255,19.348289,18.585213,18.620857,18.567383,18.781090,18.852211,19.065178,19.100624,18.958771,19.436554,19.242241,19.029732,18.709923,18.852211,19.082909,19.118340,19.029732,18.941017,18.887749,18.781090,18.958771,18.638680,18.798882,18.656494,18.709923,18.763306,18.549545,18.852211,18.478165,18.656494,18.388855,18.156204,18.727722,18.692123,18.317345,18.567383,18.656494,18.603035,18.245766,17.904930,18.299454,18.084496,18.156204,18.156204,18.138290,18.156204,18.174133,18.281563,17.724983,18.120361,18.674309,18.012718,17.886955,18.227867,18.227867,17.724983,18.156204,18.192039,18.048607,18.138290,17.815002,17.886955,18.227867,18.138290,17.994759,18.066551,17.797005,17.598785,17.652901,18.030663,17.922905,17.418190,17.255310,17.400101,17.092117,17.400101,16.417961,16.545914,16.509377,16.454536,16.161499,16.308144,15.683197,15.941071,15.627831,15.627831,15.720085,16.143143,15.313492,15.775375,15.849052,15.977844,15.572441,15.627831,15.627831,15.738518,15.443062,15.387550,15.738518,15.332008,15.627831,15.904274,15.350533,15.350533,15.590912,15.109489,15.443062,15.977844,15.109489,15.590912,15.369041,15.369041,15.313492,15.313492,15.443062,14.923637,15.480049,15.387550,14.401184,15.332008,15.183723,15.257896,14.979439,15.350533,15.406059,15.035194,15.276436,15.053780,14.960838,15.109489,15.424561,15.165176,14.793312,15.387550,15.202286,14.756035,15.480049,15.257896,15.016617,15.313492,15.553970,15.016617,14.979439,14.811943,15.276436,15.609375,15.128059,14.737404,15.220818,15.090919,15.090919,15.387550,14.960838,15.128059,15.480049,15.183723,14.830566,15.239365,15.627831,14.774681,14.867805,15.332008,14.644127,15.183723,15.350533,15.165176,15.109489,14.960838,15.035194,14.923637,15.294960,14.644127,15.072350,14.923637,14.774681,14.513397,14.756035,14.849190,15.128059,14.774681,14.662788,15.128059,14.905037,14.998024,14.756035,14.923637,14.681450,14.700096,14.401184,15.090919,14.700096,14.849190,14.363747,14.438606,15.053780,14.550774,14.700096,14.625465,14.830566,14.345024,14.457298,14.811943,14.700096,14.532082,13.988556,14.700096,14.363747,14.513397,14.644127,14.588127,14.662788,14.588127,14.550774,14.588127,14.849190,14.138817,14.457298,14.644127,14.176346,14.606796,14.345024,14.363747,13.913338,14.232613,14.063721,14.532082,14.082504,14.513397,14.007355,14.157593,13.950951,14.513397,14.251350,14.700096,13.894524,14.419891,14.401184,14.867805,14.513397,14.681450,15.016617,14.363747,15.016617,15.257896,15.406059,15.257896,15.683197,15.812218,15.885872,15.738518,15.996223,15.922668,16.143143,16.234848,16.198189,16.363075,16.618950,16.124794,16.363075,16.161499,16.289825,16.545914,16.161499,16.564171,16.819458,16.655434,17.110275,17.146553,16.472824,16.637184,17.200951,16.600693,17.055817,17.092117,16.855865,16.855865,16.964989,17.128418,16.874062,17.598785,17.237198,17.255310,17.182823,17.761002,17.761002,17.092117,17.454338,17.580750,18.263664,17.472412,17.797005,17.472412,17.580750,17.742996,17.724983,17.976807,17.616829,17.724983,17.670921,18.424599,17.742996,17.363930,17.670921,17.182823,16.964989,17.742996,18.120361,17.164696,16.801247,17.976807,17.237198,17.128418,17.327736,17.490471,16.983162,16.946808,17.200951,16.819458,17.526596,17.128418,16.381371,16.545914,16.326462,16.363075,15.941071,15.885872,15.775375,15.572441,15.406059,15.053780,14.588127,13.988556,14.886414,14.251350,13.781540,14.569450,14.251350,14.644127,14.457298,14.774681,14.082504,14.382469,14.438606,14.513397,14.569450,14.195114,14.363747,14.326302,14.307571,14.532082,13.875710,14.625465,14.044937,14.662788,14.457298,14.960838,13.403954,14.063721,13.611824,14.438606,14.326302,13.668427,13.630692,14.082504,13.649567,13.800392,13.988556,13.969765,13.875710,13.630692,13.328255,14.063721,13.781540,13.574066,13.366112,13.479599,13.649567,13.706154,12.872734,13.138725,12.548721,
13.913338,13.743858,14.476006,14.532082,14.756035,14.345024,14.401184,14.569450,14.718750,14.157593,14.082504,14.438606,14.401184,14.007355,14.307571,14.026146,14.737404,14.251350,14.774681,14.007355,14.401184,14.063721,14.363747,14.494698,14.419891,14.401184,13.932144,14.494698,14.830566,14.588127,14.101280,14.532082,14.513397,14.756035,14.737404,14.120049,14.401184,14.550774,14.382469,14.550774,14.830566,14.550774,14.345024,14.644127,14.363747,14.419891,14.438606,14.513397,14.681450,14.476006,14.681450,14.513397,14.849190,14.513397,14.942238,15.350533,14.550774,14.157593,14.960838,14.849190,14.588127,14.923637,15.109489,15.053780,15.406059,15.535500,14.737404,14.588127,15.350533,14.867805,14.606796,14.774681,14.998024,14.998024,14.942238,14.550774,14.737404,14.700096,15.072350,15.072350,14.774681,14.830566,15.072350,15.090919,14.849190,14.756035,14.756035,14.886414,14.811943,14.960838,14.867805,15.332008,14.419891,14.457298,15.461563,14.905037,14.979439,15.183723,14.998024,14.793312,15.016617,14.774681,15.406059,14.923637,15.165176,14.923637,15.517014,15.053780,15.016617,15.590912,14.830566,15.276436,15.830643,15.387550,14.905037,14.998024,15.424561,15.313492,15.128059,15.239365,15.350533,15.294960,15.387550,15.257896,15.202286,15.239365,15.183723,15.498535,15.276436,15.128059,15.202286,15.350533,15.627831,15.369041,15.220818,14.998024,15.609375,15.406059,15.276436,15.922668,15.257896,15.239365,14.905037,15.517014,15.369041,14.923637,15.146614,15.276436,15.461563,15.369041,15.183723,15.406059,15.701637,15.424561,15.276436,15.387550,15.183723,15.941071,15.977844,15.627831,15.572441,16.106438,15.756950,15.572441,16.326462,16.198189,16.234848,16.399666,16.234848,16.472824,17.037659,16.618950,17.273430,17.037659,16.964989,16.928627,17.219078,17.219078,17.219078,17.868965,17.291534,17.833000,17.779015,17.562698,17.742996,17.616829,17.219078,17.779015,17.073982,17.110275,17.291534,17.454338,17.418190,17.616829,17.833000,17.670921,17.976807,17.634865,17.868965,18.120361,17.761002,18.066551,17.922905,18.263664,17.779015,18.317345,18.084496,18.406731,18.084496,18.245766,17.797005,18.227867,18.781090,17.940880,18.102425,18.388855,18.138290,18.299454,18.513863,18.370995,18.460312,18.585213,18.567383,18.496017,18.798882,18.460312,18.692123,17.994759,18.798882,18.638680,18.638680,18.567383,18.567383,18.156204,18.620857,18.406731,18.531708,18.674309,18.567383,18.585213,18.585213,18.585213,18.727722,18.674309,18.763306,18.424599,18.603035,18.887749,18.834435,18.299454,18.834435,18.674309,18.816666,18.620857,18.478165,18.816666,19.011993,18.531708,18.549545,18.816666,18.478165,18.763306,19.100624,18.816666,19.011993,18.709923,18.941017,18.852211,19.171471,18.603035,18.781090,18.692123,19.065178,18.976524,18.905502,18.941017,19.295280,19.136055,19.401253,18.816666,18.887749,18.442459,19.047462,18.905502,18.798882,18.869980,18.763306,18.549545,18.370995,18.299454,18.370995,18.335236,18.048607,18.388855,18.156204,18.424599,18.442459,18.299454,18.245766,18.496017,18.603035,18.156204,18.192039,17.976807,18.192039,18.048607,18.048607,18.496017,17.868965,18.102425,17.779015,18.299454,18.102425,17.976807,18.156204,18.102425,17.652901,18.048607,18.245766,18.263664,18.156204,17.904930,17.761002,17.616829,17.976807,17.958839,17.779015,17.706970,18.084496,17.779015,17.526596,17.164696,17.128418,16.964989,16.783035,16.618950,16.618950,16.399666,16.234848,16.106438,15.590912,15.812218,15.959457,15.701637,15.535500,15.461563,15.553970,15.183723,15.239365,15.627831,15.183723,15.443062,14.849190,15.498535,15.572441,15.683197,15.535500,15.072350,15.443062,15.350533,15.165176,15.109489,15.332008,14.960838,15.035194,15.239365,15.146614,14.960838,15.146614,14.942238,15.128059,15.109489,15.443062,15.332008,15.313492,14.774681,15.424561,14.830566,15.202286,15.183723,15.332008,15.072350,14.979439,14.793312,14.979439,14.960838,15.276436,14.942238,15.035194,14.867805,15.183723,15.128059,14.923637,14.923637,14.905037,14.737404,14.979439,15.202286,15.165176,14.942238,15.183723,14.793312,14.867805,15.035194,15.202286,14.737404,15.146614,14.849190,14.513397,14.700096,15.257896,14.886414,15.035194,14.588127,14.476006,14.886414,14.998024,14.513397,14.998024,14.830566,15.016617,14.681450,14.830566,15.016617,14.960838,14.811943,14.830566,14.923637,14.513397,14.849190,14.550774,14.662788,14.681450,14.457298,14.550774,14.644127,14.644127,14.476006,14.438606,14.811943,14.101280,14.569450,14.569450,14.811943,14.681450,14.494698,14.063721,14.942238,14.363747,14.644127,14.457298,14.345024,14.363747,14.401184,14.044937,14.774681,14.606796,14.007355,14.157593,14.138817,14.718750,14.588127,14.513397,14.307571,14.662788,14.419891,14.644127,14.307571,14.774681,13.913338,14.307571,14.082504,14.157593,14.007355,14.457298,14.063721,14.513397,14.550774,13.838051,14.345024,13.988556,14.195114,14.550774,13.969765,14.101280,13.988556,13.856880,13.838051,14.382469,13.819221,14.307571,13.913338,14.007355,14.063721,13.649567,14.382469,14.662788,14.401184,14.288834,14.419891,14.644127,14.700096,15.165176,14.737404,15.590912,15.775375,15.812218,15.646294,15.830643,16.051353,15.849052,15.756950,16.032974,16.032974,16.088081,16.381371,15.996223,16.491104,16.509377,16.600693,17.164696,16.801247,16.783035,16.198189,16.764816,16.764816,16.928627,16.855865,16.764816,16.746590,16.783035,17.092117,16.509377,16.874062,16.837654,17.092117,16.837654,17.363930,17.345833,17.363930,17.562698,17.037659,17.850990,17.454338,17.309639,17.219078,17.706970,17.886955,17.363930,17.345833,17.724983,17.454338,17.418190,18.012718,18.030663,17.508537,17.833000,17.706970,17.363930,17.309639,17.363930,17.309639,17.382019,17.436272,17.454338,17.886955,17.182823,17.073982,18.102425,17.345833,17.073982,17.327736,16.801247,17.526596,16.910439,16.946808,16.691910,17.219078,16.472824,16.491104,16.179840,17.200951,16.051353,15.738518,15.572441,15.664742,15.590912,15.609375,15.035194,14.606796,15.406059,13.838051,14.606796,14.044937,14.288834,13.856880,13.950951,13.743858,14.307571,14.700096,14.588127,14.082504,14.588127,13.668427,14.662788,14.213860,13.498497,14.718750,14.232613,13.969765,14.120049,13.668427,13.819221,13.762703,13.517403,14.176346,13.555183,13.838051,14.195114,13.762703,14.138817,13.347183,14.363747,13.988556,14.157593,13.592949,14.644127,13.385033,13.574066,13.347183,13.309326,13.611824,13.800392,13.592949,13.838051,13.347183,12.891754,13.460693,13.138725,12.453224,
13.725006,14.494698,14.363747,14.737404,14.793312,14.138817,14.138817,14.120049,14.419891,13.950951,14.213860,13.894524,14.513397,13.856880,14.588127,14.176346,14.998024,14.232613,15.053780,13.838051,14.569450,13.932144,14.176346,13.498497,14.157593,14.138817,14.195114,14.793312,14.363747,13.819221,14.345024,14.251350,14.026146,14.811943,14.606796,14.082504,13.630692,14.476006,14.288834,14.307571,14.026146,14.138817,14.588127,14.476006,14.157593,14.756035,14.326302,14.700096,14.737404,14.644127,14.438606,14.532082,14.513397,14.157593,14.438606,13.950951,14.960838,14.588127,14.550774,14.382469,14.718750,14.401184,14.998024,14.494698,14.401184,14.718750,15.090919,15.109489,14.363747,14.120049,15.109489,14.401184,14.942238,14.681450,14.942238,14.830566,14.700096,15.072350,14.886414,15.035194,14.681450,14.774681,15.202286,14.979439,15.202286,14.345024,14.756035,14.644127,14.737404,14.756035,14.830566,14.923637,14.886414,14.998024,14.942238,14.905037,14.737404,14.979439,14.625465,14.457298,14.774681,14.438606,14.625465,14.737404,15.128059,14.681450,14.307571,14.998024,14.905037,14.998024,15.183723,15.461563,15.035194,14.849190,14.737404,14.774681,14.923637,14.886414,15.517014,14.849190,14.550774,15.183723,15.239365,14.867805,15.165176,15.461563,14.718750,14.960838,15.072350,14.774681,14.830566,15.294960,14.718750,14.811943,15.165176,14.979439,14.960838,15.128059,15.220818,14.960838,15.572441,14.960838,15.053780,14.923637,14.793312,14.942238,15.590912,15.350533,14.905037,15.257896,15.146614,15.461563,15.035194,14.867805,15.683197,15.239365,15.646294,15.165176,15.406059,14.867805,15.664742,15.369041,15.387550,15.424561,16.051353,15.830643,16.491104,15.959457,16.472824,16.509377,16.874062,16.691910,16.946808,17.327736,17.237198,17.146553,17.128418,17.237198,17.363930,17.055817,17.219078,17.526596,17.508537,17.490471,17.472412,17.345833,17.345833,17.436272,17.273430,17.400101,17.164696,17.544655,17.940880,17.886955,17.724983,17.922905,17.472412,17.688942,17.779015,17.598785,18.084496,17.922905,18.335236,17.940880,18.012718,18.245766,18.478165,17.976807,18.281563,18.192039,18.442459,18.192039,18.424599,18.209953,18.192039,18.567383,18.638680,18.299454,18.763306,18.209953,18.513863,18.549545,18.549545,18.460312,18.567383,18.370995,18.745514,18.567383,18.549545,18.174133,18.370995,18.674309,18.442459,18.496017,18.549545,18.585213,18.370995,18.209953,18.834435,18.674309,18.709923,18.460312,18.727722,18.531708,18.745514,18.531708,18.603035,18.549545,18.353111,18.496017,18.692123,18.263664,18.958771,18.478165,18.424599,18.709923,18.692123,18.620857,18.460312,19.259926,18.370995,18.745514,18.976524,18.567383,18.976524,19.047462,18.709923,19.136055,18.976524,19.206863,19.082909,19.136055,18.709923,18.994255,18.976524,19.189156,19.100624,18.567383,19.047462,18.638680,18.317345,18.727722,18.852211,18.674309,18.603035,18.603035,18.120361,19.082909,18.567383,18.513863,18.460312,18.869980,18.048607,18.227867,18.227867,18.424599,18.012718,18.227867,18.388855,18.192039,17.976807,18.174133,18.245766,18.549545,18.066551,17.940880,18.120361,18.263664,18.317345,17.815002,18.460312,18.156204,18.084496,18.156204,17.815002,18.120361,18.138290,17.688942,18.335236,18.263664,17.544655,18.281563,17.958839,17.815002,17.904930,17.797005,18.120361,17.670921,17.616829,17.868965,17.273430,17.255310,17.110275,16.892258,16.710136,16.436256,16.582436,16.069710,15.461563,16.161499,15.738518,15.313492,15.627831,15.053780,15.369041,15.369041,15.627831,15.035194,14.923637,14.923637,15.276436,14.979439,15.369041,15.350533,14.998024,14.905037,15.424561,14.942238,14.979439,14.756035,15.146614,14.756035,14.960838,14.718750,15.257896,14.606796,15.128059,14.830566,14.718750,14.756035,15.146614,14.774681,15.072350,14.830566,14.700096,14.756035,14.606796,14.550774,14.718750,14.886414,14.830566,14.662788,14.662788,14.942238,15.090919,14.700096,14.363747,14.700096,14.532082,14.905037,15.165176,14.213860,14.700096,14.625465,14.867805,14.681450,14.998024,14.569450,14.811943,14.774681,14.662788,14.718750,14.793312,14.811943,14.326302,14.923637,14.681450,15.072350,14.550774,14.979439,14.756035,14.569450,14.588127,14.700096,14.251350,14.232613,14.270103,14.457298,14.681450,14.307571,14.307571,14.681450,14.662788,14.625465,14.867805,14.438606,14.363747,14.419891,14.569450,14.923637,14.232613,14.363747,13.969765,14.270103,14.232613,14.401184,14.419891,14.700096,14.513397,13.950951,14.532082,14.063721,14.251350,13.894524,14.345024,14.007355,14.063721,13.856880,14.457298,14.382469,14.345024,13.781540,14.120049,14.176346,14.588127,14.438606,13.894524,14.082504,14.345024,14.307571,14.326302,13.988556,14.251350,14.138817,14.251350,13.781540,13.838051,13.913338,13.950951,14.063721,14.138817,13.725006,14.063721,14.026146,13.950951,13.668427,13.838051,13.913338,13.894524,13.536285,14.101280,13.969765,13.969765,13.856880,13.517403,13.725006,14.026146,13.460693,13.819221,13.932144,13.743858,13.706154,13.517403,14.138817,14.101280,13.668427,13.856880,14.457298,14.270103,14.756035,14.345024,14.550774,15.053780,14.718750,15.498535,14.905037,15.332008,15.683197,15.885872,15.720085,16.014603,15.812218,15.738518,15.646294,15.756950,16.088081,16.253181,16.308144,16.728371,16.289825,16.545914,16.691910,16.746590,16.564171,17.092117,16.837654,16.764816,16.928627,17.110275,16.454536,16.509377,16.472824,17.182823,16.746590,16.837654,17.200951,17.472412,17.001335,17.164696,17.724983,17.508537,16.892258,17.580750,17.400101,17.508537,17.580750,17.182823,17.490471,17.309639,17.940880,17.958839,17.273430,17.922905,17.994759,18.245766,17.742996,17.815002,17.616829,17.400101,17.400101,17.436272,17.490471,17.904930,17.255310,17.001335,16.855865,17.688942,17.400101,17.436272,16.946808,17.237198,17.706970,17.110275,16.234848,17.164696,17.092117,16.928627,16.454536,16.564171,16.344765,16.051353,16.308144,16.673668,15.941071,15.885872,16.014603,15.480049,15.313492,14.960838,14.979439,14.774681,14.363747,13.932144,14.138817,14.251350,14.700096,13.969765,14.307571,14.082504,14.157593,13.894524,14.588127,14.120049,14.345024,14.756035,14.307571,14.270103,14.662788,13.781540,14.120049,13.932144,13.932144,14.532082,13.498497,14.157593,13.838051,14.063721,13.649567,13.913338,13.819221,13.781540,14.288834,13.555183,13.574066,13.932144,13.668427,13.969765,13.781540,13.819221,14.326302,13.649567,13.460693,13.176659,13.479599,13.138725,13.024826,13.290382,12.834679,13.385033,12.204445,
13.403954,13.649567,14.532082,13.932144,14.363747,13.838051,13.950951,13.932144,14.082504,14.176346,13.706154,13.630692,14.044937,13.611824,13.950951,13.649567,13.611824,13.969765,14.044937,14.063721,14.138817,14.138817,13.950951,14.457298,13.498497,14.026146,14.195114,13.649567,14.044937,14.101280,13.838051,14.157593,14.082504,14.007355,14.363747,13.988556,14.026146,13.536285,14.476006,13.894524,13.988556,14.120049,14.476006,13.781540,13.838051,14.401184,14.195114,14.532082,14.101280,14.419891,13.819221,14.082504,14.326302,14.232613,14.213860,14.345024,13.969765,13.988556,14.550774,14.681450,14.232613,13.950951,14.082504,14.606796,14.438606,13.913338,14.270103,14.419891,14.307571,14.101280,13.649567,15.016617,14.737404,13.969765,14.700096,14.138817,14.681450,14.438606,14.569450,14.270103,14.288834,14.886414,14.513397,14.644127,14.401184,14.363747,14.606796,14.513397,14.756035,14.756035,14.532082,14.532082,14.756035,14.401184,14.700096,14.681450,14.606796,13.932144,14.644127,14.307571,14.700096,14.998024,14.979439,15.146614,14.457298,14.513397,14.662788,14.288834,14.979439,14.382469,14.438606,14.457298,14.476006,14.345024,14.588127,14.923637,14.606796,14.625465,14.942238,14.382469,15.053780,14.550774,14.363747,14.737404,14.905037,14.550774,15.257896,14.662788,14.923637,14.830566,15.016617,14.138817,14.532082,14.849190,14.811943,14.662788,15.294960,14.401184,15.165176,14.886414,14.849190,14.886414,14.923637,14.886414,14.886414,14.625465,15.128059,15.146614,14.942238,14.942238,15.090919,14.270103,15.146614,14.774681,14.476006,14.886414,15.276436,14.960838,15.590912,15.276436,14.737404,15.590912,15.609375,16.014603,15.517014,15.867470,16.344765,16.344765,16.491104,16.564171,16.746590,16.527649,17.128418,16.837654,17.490471,17.146553,17.219078,17.309639,17.182823,17.345833,17.291534,17.128418,17.634865,17.454338,17.291534,17.418190,17.797005,17.436272,16.728371,17.598785,17.418190,17.508537,17.958839,17.490471,17.598785,17.833000,17.454338,17.562698,17.797005,18.227867,17.706970,18.335236,18.388855,18.299454,18.084496,18.048607,18.388855,18.353111,18.120361,18.174133,18.585213,18.102425,18.585213,17.922905,18.496017,17.922905,18.585213,18.513863,18.245766,18.496017,18.335236,18.887749,17.652901,18.460312,18.424599,18.674309,18.638680,18.852211,18.727722,18.674309,18.869980,18.353111,18.156204,18.692123,18.620857,18.674309,18.923264,18.120361,18.549545,18.781090,18.923264,18.442459,18.798882,18.531708,18.620857,18.388855,18.638680,18.567383,19.029732,18.442459,18.638680,18.353111,18.120361,18.763306,18.513863,18.549545,18.674309,18.531708,18.638680,18.406731,18.156204,18.941017,18.994255,18.638680,18.834435,18.727722,19.029732,18.923264,18.852211,19.118340,18.709923,18.513863,18.567383,18.781090,18.958771,18.958771,18.620857,19.029732,18.781090,18.442459,18.869980,18.424599,18.406731,18.567383,18.781090,18.353111,18.317345,18.513863,18.763306,18.442459,18.585213,18.263664,18.531708,18.478165,17.958839,18.281563,18.496017,18.335236,18.227867,18.120361,18.745514,18.030663,17.976807,18.460312,18.156204,18.335236,18.442459,17.779015,18.227867,18.156204,18.174133,18.192039,18.406731,17.742996,18.066551,18.549545,18.156204,18.227867,18.138290,18.353111,17.976807,17.922905,18.209953,17.779015,17.652901,17.761002,17.562698,17.761002,17.255310,17.400101,17.454338,17.164696,16.728371,17.291534,16.326462,16.014603,16.161499,16.143143,15.922668,15.627831,15.109489,14.811943,15.517014,14.886414,15.350533,15.109489,14.849190,14.811943,15.053780,14.923637,15.202286,14.756035,15.053780,14.662788,15.053780,14.662788,15.016617,14.960838,14.737404,14.625465,14.718750,15.090919,14.867805,14.905037,14.681450,14.345024,14.550774,14.550774,14.307571,14.606796,14.513397,15.072350,14.681450,14.363747,14.513397,14.923637,14.849190,14.232613,14.588127,14.120049,14.606796,14.326302,14.830566,14.101280,14.251350,14.213860,14.774681,14.457298,14.569450,14.718750,14.588127,14.569450,14.550774,14.157593,14.176346,14.195114,14.606796,14.700096,14.756035,13.950951,14.138817,14.288834,14.476006,14.270103,14.382469,14.494698,14.270103,14.419891,14.625465,14.905037,14.270103,14.438606,14.401184,13.988556,14.401184,14.270103,14.176346,14.195114,14.232613,14.457298,14.120049,14.082504,14.251350,14.195114,14.044937,14.138817,14.063721,14.195114,14.532082,14.120049,14.138817,14.082504,14.569450,14.213860,14.082504,14.007355,14.213860,13.932144,14.176346,14.063721,14.176346,13.875710,13.894524,14.082504,13.800392,13.611824,13.668427,14.101280,14.026146,14.251350,14.044937,14.251350,14.288834,13.668427,13.498497,13.856880,13.856880,13.479599,13.517403,13.668427,14.157593,13.894524,13.969765,13.592949,13.611824,13.762703,13.856880,13.800392,14.007355,13.630692,13.838051,13.649567,13.517403,14.120049,13.611824,13.649567,13.385033,13.555183,13.856880,13.762703,13.781540,13.819221,13.403954,13.517403,13.403954,13.422867,13.422867,13.725006,13.988556,14.044937,13.781540,13.460693,13.969765,13.611824,13.800392,13.743858,13.894524,14.120049,14.138817,14.120049,14.157593,14.644127,14.998024,14.550774,14.849190,15.480049,15.646294,15.867470,15.775375,16.106438,15.257896,15.424561,16.106438,15.959457,16.124794,16.161499,15.977844,16.216530,16.088081,16.472824,16.637184,17.092117,16.600693,16.673668,16.783035,16.326462,16.618950,16.837654,16.582436,16.637184,16.710136,17.200951,17.073982,17.345833,17.073982,16.509377,16.964989,17.182823,17.400101,17.400101,17.255310,17.327736,17.345833,17.128418,17.526596,17.200951,17.526596,17.544655,17.797005,18.156204,17.958839,17.850990,17.958839,17.670921,17.526596,17.724983,17.688942,17.363930,16.946808,17.761002,17.580750,17.634865,17.436272,17.200951,17.382019,17.237198,17.400101,17.363930,17.598785,17.400101,16.910439,17.164696,17.164696,17.019493,17.182823,17.273430,17.472412,17.200951,16.399666,16.819458,16.454536,16.436256,16.014603,15.959457,15.904274,16.179840,16.216530,15.220818,14.979439,14.419891,14.419891,13.969765,14.232613,14.157593,14.569450,14.270103,14.681450,14.326302,14.326302,15.090919,14.588127,14.737404,14.007355,14.363747,14.644127,13.932144,13.687294,14.138817,13.479599,13.988556,13.762703,13.875710,14.007355,14.550774,14.251350,13.819221,13.479599,13.800392,14.401184,13.441788,14.082504,13.781540,14.101280,13.555183,14.251350,13.479599,14.345024,13.781540,13.536285,12.948814,13.498497,13.366112,13.081795,13.233543,13.157700,13.555183,13.668427,13.422867,13.195625,12.223610,
13.969765,13.950951,13.100769,13.819221,14.026146,13.668427,13.574066,13.403954,13.913338,13.195625,13.517403,14.251350,14.195114,13.479599,13.479599,13.687294,14.307571,13.555183,13.800392,13.649567,13.611824,13.988556,13.555183,13.649567,14.513397,13.800392,13.592949,13.743858,13.969765,13.555183,13.762703,14.044937,13.555183,13.838051,13.725006,13.687294,14.138817,13.819221,14.044937,13.762703,13.668427,13.687294,13.536285,13.894524,13.969765,14.251350,13.950951,14.138817,13.856880,14.270103,13.347183,14.195114,14.251350,13.781540,14.232613,13.725006,13.441788,14.419891,13.988556,14.101280,14.326302,14.157593,14.007355,14.270103,14.457298,14.063721,14.513397,13.725006,14.718750,14.063721,13.969765,14.213860,14.307571,14.251350,14.382469,14.401184,14.419891,14.213860,14.550774,14.026146,14.476006,14.157593,14.138817,14.476006,14.288834,14.419891,13.838051,14.457298,14.270103,14.588127,14.270103,14.363747,14.307571,14.195114,14.363747,14.195114,14.662788,14.700096,14.476006,13.894524,14.476006,14.550774,15.016617,14.382469,14.681450,14.176346,14.457298,14.550774,14.345024,14.345024,14.457298,13.819221,14.662788,14.345024,14.644127,14.419891,14.998024,14.401184,14.700096,14.213860,14.793312,14.382469,14.849190,14.307571,14.345024,14.270103,14.438606,14.532082,14.625465,14.476006,14.513397,14.718750,14.886414,14.213860,14.532082,14.494698,14.718750,14.737404,14.550774,14.532082,14.849190,14.494698,14.830566,14.700096,14.569450,14.532082,14.681450,14.662788,14.625465,14.288834,14.774681,14.700096,14.905037,14.718750,14.811943,15.053780,14.793312,14.811943,14.606796,15.090919,15.257896,15.035194,15.239365,15.480049,15.498535,15.683197,16.124794,15.977844,15.941071,16.417961,17.073982,16.819458,16.892258,16.655434,16.764816,17.237198,17.309639,17.164696,17.200951,17.345833,17.291534,17.436272,17.363930,17.200951,17.797005,17.363930,17.652901,17.472412,17.815002,17.128418,17.670921,17.724983,17.652901,17.833000,17.688942,17.363930,17.779015,17.508537,17.904930,17.868965,18.692123,18.012718,18.245766,18.442459,18.263664,18.317345,18.012718,18.245766,18.030663,18.585213,18.066551,18.102425,18.138290,18.388855,18.317345,18.281563,18.370995,18.209953,18.281563,18.317345,18.299454,18.066551,18.263664,18.156204,18.192039,18.370995,18.585213,18.513863,18.353111,18.424599,18.620857,18.317345,18.834435,18.638680,18.388855,18.567383,18.281563,18.585213,18.745514,18.299454,18.620857,18.709923,18.923264,18.513863,18.567383,18.887749,18.638680,18.603035,18.638680,18.388855,18.496017,18.245766,18.442459,18.549545,18.192039,18.745514,18.460312,18.478165,18.745514,18.603035,18.994255,18.887749,19.189156,18.531708,19.047462,18.816666,19.065178,18.976524,18.905502,18.620857,18.763306,18.781090,18.638680,18.620857,18.816666,18.887749,18.317345,18.353111,18.638680,18.781090,18.798882,18.603035,18.638680,18.958771,18.263664,18.317345,19.065178,18.478165,18.424599,18.388855,18.299454,18.353111,18.585213,18.263664,18.460312,18.549545,18.012718,18.317345,18.227867,18.353111,18.138290,17.922905,18.192039,17.976807,18.656494,18.388855,18.263664,17.724983,18.299454,18.263664,18.245766,18.102425,17.761002,18.192039,18.245766,18.353111,18.066551,18.227867,18.263664,18.012718,18.156204,17.616829,18.335236,17.940880,17.868965,17.886955,17.580750,17.255310,17.382019,17.309639,17.237198,17.092117,17.001335,16.655434,16.399666,15.996223,15.775375,15.830643,15.480049,15.443062,14.998024,14.737404,15.128059,14.438606,14.867805,14.960838,15.128059,14.774681,14.737404,14.774681,14.662788,14.606796,15.072350,14.811943,15.146614,14.513397,14.476006,14.662788,14.513397,14.326302,14.700096,14.082504,14.923637,14.120049,14.756035,14.662788,14.569450,14.138817,14.176346,14.063721,14.737404,14.513397,14.867805,14.007355,14.793312,13.988556,14.120049,14.307571,14.345024,14.363747,14.569450,14.232613,14.550774,13.988556,14.307571,14.494698,14.120049,13.969765,13.950951,14.288834,14.457298,14.401184,14.494698,14.363747,14.363747,14.532082,14.251350,14.232613,13.894524,14.307571,14.363747,14.532082,14.288834,14.082504,14.232613,14.345024,14.363747,14.101280,14.513397,14.457298,14.063721,13.838051,14.157593,14.886414,14.419891,13.781540,14.176346,13.819221,14.101280,13.932144,14.138817,13.875710,13.988556,14.026146,13.706154,14.082504,13.988556,13.988556,14.345024,14.213860,13.988556,13.668427,13.347183,13.460693,13.932144,13.875710,14.044937,13.574066,13.706154,13.819221,13.762703,13.649567,13.819221,13.517403,13.498497,13.743858,13.385033,14.007355,13.630692,13.649567,13.214584,13.555183,13.762703,13.649567,13.856880,13.800392,13.706154,13.988556,13.233543,13.800392,12.929794,13.687294,13.969765,13.668427,13.838051,13.574066,14.157593,13.100769,13.875710,13.252487,13.366112,13.781540,13.441788,13.536285,13.894524,13.743858,13.233543,13.630692,13.441788,13.366112,13.271439,13.119759,13.856880,13.517403,13.479599,13.498497,13.875710,13.157700,13.517403,13.347183,13.366112,13.233543,13.460693,13.385033,13.838051,13.574066,13.687294,14.363747,14.026146,13.988556,14.681450,14.157593,14.606796,14.737404,14.886414,15.109489,15.424561,15.443062,15.664742,15.756950,16.032974,15.738518,15.849052,15.683197,16.106438,15.941071,16.436256,16.216530,16.069710,16.051353,16.855865,16.436256,17.200951,16.161499,17.001335,16.600693,16.691910,17.001335,16.436256,16.399666,16.783035,16.691910,16.399666,16.710136,17.128418,16.417961,17.092117,16.910439,17.073982,17.037659,16.855865,17.418190,17.526596,17.706970,17.580750,17.327736,17.652901,17.544655,17.779015,17.327736,17.400101,17.454338,17.797005,17.128418,17.670921,17.688942,17.598785,17.562698,17.255310,17.580750,18.192039,17.797005,17.742996,18.012718,17.994759,17.237198,17.958839,17.454338,17.850990,17.092117,17.200951,17.219078,16.764816,17.237198,17.327736,16.637184,16.837654,16.618950,16.673668,16.746590,16.928627,16.399666,15.885872,15.904274,15.146614,15.350533,15.590912,14.998024,14.326302,14.569450,14.756035,14.363747,14.101280,14.513397,14.494698,14.307571,14.569450,14.044937,14.063721,14.513397,14.569450,14.830566,14.569450,13.988556,13.630692,13.950951,14.138817,13.950951,13.950951,14.026146,13.800392,14.625465,13.743858,13.875710,13.969765,14.401184,14.044937,13.725006,13.630692,14.120049,13.894524,14.270103,14.232613,13.875710,13.706154,13.630692,13.460693,13.932144,13.800392,13.290382,14.195114,13.555183,13.819221,13.649567,13.479599,13.271439,13.517403,13.100769,13.195625,12.834679,
12.682281,13.498497,13.536285,13.309326,13.630692,13.687294,13.687294,13.309326,12.834679,13.479599,13.687294,12.644142,13.479599,13.081795,13.856880,13.081795,13.574066,13.611824,13.932144,13.422867,13.762703,13.592949,13.460693,13.706154,13.894524,13.422867,13.385033,13.403954,14.270103,13.479599,13.630692,13.328255,13.856880,13.574066,13.233543,13.611824,13.781540,13.214584,13.460693,13.687294,13.214584,13.725006,13.385033,14.176346,13.328255,13.668427,13.555183,13.536285,14.063721,13.649567,13.969765,13.800392,13.592949,13.875710,14.494698,13.119759,13.479599,13.725006,14.044937,13.988556,13.875710,13.498497,13.762703,13.762703,13.932144,13.800392,14.195114,13.743858,14.401184,13.838051,13.913338,13.875710,13.894524,13.800392,13.743858,13.555183,14.401184,13.781540,14.288834,14.082504,14.213860,14.138817,13.875710,13.781540,14.644127,14.345024,14.700096,13.743858,14.326302,14.082504,13.988556,14.232613,13.969765,14.026146,14.101280,14.288834,14.401184,13.932144,13.819221,14.270103,14.138817,13.950951,14.044937,14.345024,14.101280,14.438606,14.476006,14.326302,14.326302,14.138817,14.401184,14.063721,13.875710,14.213860,14.401184,14.288834,14.494698,14.232613,14.082504,14.288834,14.363747,13.913338,14.345024,14.082504,14.513397,14.026146,14.063721,14.326302,13.743858,14.793312,14.232613,14.550774,14.476006,14.326302,14.419891,14.363747,14.737404,14.401184,13.913338,14.401184,14.532082,14.101280,14.550774,14.419891,14.438606,14.401184,14.363747,14.063721,14.476006,14.494698,14.157593,14.176346,14.662788,14.644127,14.251350,14.569450,14.494698,14.419891,14.457298,14.457298,14.979439,14.737404,15.053780,15.313492,15.922668,15.424561,15.535500,15.977844,16.326462,15.996223,16.764816,16.344765,16.928627,17.237198,17.019493,17.219078,17.255310,17.182823,17.237198,17.418190,17.255310,17.273430,18.156204,17.706970,17.164696,17.382019,17.309639,17.309639,17.454338,17.544655,17.616829,17.508537,17.850990,17.526596,17.544655,17.363930,18.066551,17.472412,17.688942,17.652901,17.922905,18.030663,18.174133,17.904930,18.174133,18.174133,17.994759,18.102425,18.299454,18.353111,18.066551,18.299454,18.335236,17.761002,18.798882,18.102425,18.478165,18.192039,18.156204,17.904930,18.478165,18.227867,18.460312,18.317345,18.299454,18.496017,18.585213,18.102425,19.047462,18.460312,18.299454,18.335236,18.442459,18.263664,18.442459,18.709923,18.923264,18.513863,18.370995,18.299454,18.638680,18.406731,18.245766,18.620857,18.496017,18.692123,19.065178,18.513863,18.549545,18.585213,18.976524,18.656494,18.674309,18.442459,18.781090,18.335236,18.513863,18.585213,18.834435,18.370995,18.816666,19.082909,18.709923,18.763306,18.941017,18.531708,18.958771,18.834435,18.852211,18.638680,19.065178,18.388855,18.869980,18.638680,19.082909,18.370995,18.869980,18.638680,19.011993,18.620857,18.763306,18.442459,19.136055,18.245766,18.388855,18.406731,18.478165,18.335236,18.603035,18.496017,18.388855,18.317345,18.245766,18.263664,18.227867,18.531708,18.478165,18.638680,18.567383,18.638680,18.102425,18.156204,17.994759,18.317345,18.335236,17.850990,18.209953,18.066551,18.424599,17.886955,18.299454,18.460312,18.084496,18.012718,18.353111,17.940880,18.353111,18.245766,18.048607,18.460312,18.174133,17.706970,18.174133,17.850990,17.616829,17.544655,18.012718,17.255310,17.508537,17.454338,16.764816,16.764816,16.710136,16.326462,16.143143,16.032974,15.812218,15.294960,15.239365,15.072350,14.718750,14.756035,14.849190,14.120049,14.606796,14.588127,14.793312,14.288834,14.438606,14.082504,14.513397,14.232613,14.457298,14.419891,14.494698,14.886414,14.213860,14.363747,14.270103,14.120049,14.476006,14.476006,14.195114,14.270103,14.382469,14.345024,14.157593,14.101280,14.213860,14.457298,14.382469,13.611824,14.138817,14.026146,14.232613,14.120049,13.932144,14.176346,13.913338,13.819221,14.007355,14.082504,14.120049,14.251350,14.044937,14.232613,14.120049,13.932144,13.894524,13.969765,13.932144,14.232613,13.762703,14.063721,14.138817,14.120049,14.120049,13.969765,14.382469,14.382469,14.120049,13.969765,13.498497,14.044937,13.800392,14.026146,14.138817,13.913338,13.649567,13.932144,13.913338,13.781540,13.706154,13.781540,13.894524,14.251350,13.988556,13.725006,13.517403,13.875710,14.307571,13.630692,13.875710,13.800392,14.157593,13.875710,13.950951,14.044937,13.781540,13.536285,13.950951,13.574066,13.479599,13.441788,13.479599,13.725006,13.649567,13.894524,13.687294,13.630692,13.309326,13.555183,13.856880,13.517403,13.592949,13.536285,14.044937,13.762703,13.517403,13.366112,13.800392,13.592949,13.649567,13.195625,13.649567,13.290382,13.157700,13.725006,13.592949,13.687294,13.347183,13.403954,13.555183,13.574066,13.668427,13.441788,13.479599,13.233543,13.781540,13.536285,13.100769,13.214584,13.725006,13.422867,13.328255,12.910774,13.366112,13.517403,13.290382,13.233543,13.460693,13.252487,13.574066,13.725006,13.441788,13.460693,13.347183,13.233543,13.271439,13.366112,13.479599,12.948814,13.536285,12.948814,13.668427,13.176659,13.100769,13.950951,13.743858,14.063721,13.762703,14.849190,14.960838,14.960838,15.664742,15.535500,15.276436,15.294960,15.812218,15.424561,16.509377,15.922668,16.069710,15.922668,16.289825,15.922668,16.326462,16.582436,16.527649,16.289825,16.637184,16.527649,16.728371,16.691910,16.637184,16.837654,16.783035,16.728371,17.055817,16.819458,16.728371,16.491104,16.764816,17.019493,16.874062,17.092117,17.219078,17.273430,17.291534,16.946808,16.783035,17.291534,17.454338,17.508537,17.922905,17.291534,17.886955,17.634865,17.886955,17.219078,17.526596,17.761002,17.598785,17.616829,17.454338,17.562698,17.797005,17.634865,17.327736,17.418190,17.418190,18.030663,17.598785,17.598785,17.706970,17.815002,18.012718,17.291534,17.670921,17.508537,17.037659,16.855865,17.472412,17.472412,16.746590,16.655434,17.110275,16.363075,16.801247,16.381371,17.037659,16.161499,16.710136,16.234848,16.545914,15.590912,15.572441,15.202286,14.867805,14.569450,14.457298,14.026146,14.307571,13.668427,14.606796,14.419891,14.063721,13.894524,14.588127,13.668427,13.913338,14.307571,13.969765,13.875710,13.725006,14.494698,13.800392,13.781540,14.532082,13.743858,14.457298,14.101280,14.363747,13.875710,14.307571,13.932144,14.138817,14.419891,13.950951,14.176346,13.668427,14.026146,13.800392,13.214584,13.441788,13.611824,13.856880,13.441788,14.401184,13.781540,13.649567,14.476006,13.119759,13.762703,13.517403,13.366112,13.403954,13.403954,13.441788,12.834679,
13.214584,12.967819,13.309326,13.043808,13.309326,12.815643,13.781540,13.233543,13.119759,13.043808,13.687294,13.309326,13.441788,13.347183,12.929794,13.441788,13.176659,13.233543,13.290382,13.271439,12.815643,13.214584,12.910774,13.214584,13.290382,13.555183,13.214584,13.536285,13.347183,13.347183,13.630692,12.910774,13.157700,13.100769,13.668427,13.517403,13.611824,12.948814,13.138725,12.625069,13.800392,13.441788,13.988556,13.271439,13.611824,13.024826,13.574066,13.328255,13.157700,13.479599,13.706154,13.706154,13.592949,13.762703,14.288834,13.271439,13.856880,13.913338,13.555183,13.611824,13.630692,13.290382,13.762703,14.251350,13.668427,13.762703,13.517403,13.668427,13.536285,13.687294,13.725006,13.687294,13.498497,14.063721,13.024826,13.725006,13.668427,13.950951,13.687294,13.290382,14.532082,13.441788,14.082504,14.101280,13.630692,13.800392,13.630692,13.743858,14.044937,13.894524,14.044937,13.536285,13.894524,13.932144,13.479599,13.969765,13.800392,13.611824,14.457298,13.875710,14.063721,13.969765,14.176346,14.101280,14.307571,14.532082,13.856880,13.819221,13.988556,13.950951,14.438606,13.800392,14.345024,14.082504,14.476006,14.026146,13.725006,14.026146,13.781540,13.932144,13.743858,14.026146,13.875710,14.026146,14.774681,13.932144,13.875710,14.195114,14.270103,14.120049,14.251350,14.232613,14.120049,13.498497,13.969765,14.138817,14.213860,13.875710,14.251350,13.819221,13.988556,13.762703,13.932144,14.438606,14.270103,14.120049,13.932144,14.176346,14.176346,14.419891,14.288834,14.307571,14.494698,14.120049,14.476006,14.419891,14.345024,14.120049,14.363747,14.195114,14.270103,14.438606,15.146614,14.979439,15.276436,15.276436,15.996223,15.922668,15.738518,15.793800,16.289825,16.454536,16.509377,16.655434,16.545914,17.382019,16.946808,17.454338,17.382019,17.237198,17.616829,17.562698,17.418190,17.490471,17.761002,17.724983,17.904930,17.652901,17.742996,17.544655,17.652901,17.868965,17.544655,17.761002,17.815002,17.706970,17.958839,17.544655,17.400101,18.174133,18.442459,18.299454,17.922905,17.976807,18.192039,17.688942,17.904930,17.815002,18.102425,18.227867,18.209953,18.174133,18.245766,18.424599,18.192039,18.066551,18.174133,18.281563,18.549545,18.156204,18.442459,18.406731,18.353111,18.209953,18.012718,18.102425,18.549545,18.745514,18.567383,18.460312,18.478165,17.850990,18.353111,18.656494,18.941017,18.727722,18.994255,18.674309,18.424599,18.281563,18.174133,18.335236,18.905502,18.692123,18.567383,18.424599,18.745514,18.567383,18.781090,18.620857,18.478165,18.388855,18.656494,18.709923,18.460312,18.281563,18.460312,18.958771,18.102425,18.567383,18.763306,18.674309,18.763306,18.674309,18.709923,18.460312,19.295280,18.941017,18.692123,18.887749,19.029732,18.834435,18.852211,18.852211,18.585213,18.531708,18.674309,18.370995,18.674309,18.406731,18.674309,18.638680,18.406731,18.745514,18.656494,18.317345,18.442459,18.299454,18.781090,18.120361,18.692123,18.763306,18.424599,18.227867,18.958771,18.638680,18.531708,18.102425,18.496017,17.742996,18.370995,18.245766,18.048607,18.245766,18.138290,18.192039,18.156204,18.442459,18.192039,18.424599,18.209953,18.263664,18.138290,18.120361,17.761002,18.406731,18.281563,18.156204,18.138290,18.496017,18.281563,18.120361,18.263664,17.868965,17.634865,17.868965,17.779015,17.544655,17.526596,17.237198,17.237198,16.655434,16.710136,16.344765,15.977844,15.590912,15.220818,15.332008,15.220818,14.756035,14.756035,14.625465,14.849190,14.288834,14.588127,14.157593,14.550774,14.438606,14.550774,14.550774,14.270103,14.513397,14.195114,14.270103,13.988556,14.138817,14.401184,14.251350,14.251350,14.307571,13.800392,14.007355,14.270103,13.536285,14.176346,13.856880,14.138817,14.213860,14.063721,14.307571,13.838051,13.838051,14.101280,13.988556,14.213860,13.856880,13.668427,13.950951,14.007355,13.950951,13.725006,13.913338,13.950951,13.988556,13.838051,13.856880,14.026146,13.649567,14.044937,13.725006,14.326302,13.875710,13.875710,13.819221,13.838051,13.706154,14.044937,13.988556,13.781540,14.026146,13.574066,13.838051,13.875710,13.649567,13.819221,13.574066,13.725006,13.838051,14.176346,13.555183,13.950951,13.252487,14.101280,13.649567,13.706154,13.725006,13.460693,13.611824,13.894524,13.913338,13.441788,13.668427,13.687294,13.743858,14.120049,13.725006,13.706154,13.630692,13.328255,13.460693,13.800392,13.819221,13.932144,13.422867,13.611824,13.649567,13.894524,13.479599,13.668427,13.328255,13.781540,13.100769,13.875710,13.233543,13.725006,13.441788,13.403954,13.592949,13.460693,13.592949,12.891754,13.347183,13.668427,13.309326,13.081795,13.687294,12.834679,13.460693,13.422867,13.687294,13.005829,13.403954,13.498497,13.252487,13.422867,13.309326,13.687294,13.328255,13.195625,12.910774,13.005829,13.687294,13.309326,13.252487,13.441788,13.441788,13.649567,13.195625,13.366112,13.081795,14.063721,13.555183,13.781540,13.328255,13.630692,13.138725,13.856880,12.948814,13.290382,13.005829,13.498497,13.498497,13.441788,13.441788,14.007355,13.781540,13.687294,13.555183,13.969765,13.781540,14.363747,13.969765,14.532082,14.830566,15.480049,14.960838,15.664742,15.756950,16.143143,15.443062,15.812218,15.572441,16.014603,16.088081,15.885872,16.014603,15.480049,16.381371,16.691910,16.198189,16.491104,16.874062,16.618950,16.746590,16.454536,16.436256,16.783035,17.055817,16.399666,16.946808,16.837654,16.454536,16.344765,16.637184,17.345833,16.874062,17.092117,17.363930,17.146553,16.928627,17.454338,17.001335,17.562698,17.850990,16.819458,17.670921,17.182823,17.797005,17.273430,17.436272,17.652901,17.490471,18.048607,17.779015,17.868965,17.363930,17.598785,17.544655,17.652901,17.436272,17.544655,17.634865,18.012718,17.652901,17.200951,17.255310,17.055817,17.037659,17.200951,17.309639,17.164696,17.363930,17.237198,16.910439,16.910439,16.928627,16.983162,17.055817,16.618950,17.219078,16.289825,16.363075,16.088081,16.618950,15.812218,15.535500,14.979439,15.202286,14.700096,13.988556,14.382469,13.950951,14.007355,13.706154,14.905037,14.438606,14.700096,14.419891,13.894524,13.950951,13.856880,14.625465,14.307571,14.998024,14.007355,14.363747,14.793312,13.687294,13.781540,14.157593,14.288834,13.630692,14.270103,13.913338,13.706154,13.687294,14.288834,14.157593,13.800392,14.157593,14.063721,13.630692,14.513397,13.498497,14.401184,13.988556,14.063721,13.517403,13.856880,13.725006,13.290382,13.611824,13.403954,13.479599,13.460693,13.592949,13.157700,13.517403,13.005829,12.434105,
12.376740,13.630692,13.062805,13.422867,12.986824,13.441788,12.967819,13.214584,13.252487,12.720398,13.347183,13.271439,13.422867,12.948814,13.157700,13.706154,12.777557,13.176659,12.720398,12.986824,13.176659,13.062805,12.644142,12.796600,13.403954,12.758507,13.385033,12.434105,13.062805,13.062805,13.536285,13.347183,13.233543,13.176659,13.800392,12.663208,13.441788,12.815643,13.062805,13.157700,13.081795,13.385033,13.555183,12.967819,12.967819,13.233543,13.062805,13.195625,13.176659,13.233543,13.781540,13.403954,13.460693,13.988556,13.328255,13.649567,12.853714,13.062805,13.611824,13.157700,13.441788,12.967819,13.460693,13.385033,13.290382,12.986824,13.214584,13.214584,13.649567,14.063721,13.138725,13.950951,13.252487,13.611824,13.649567,13.687294,13.592949,13.422867,13.838051,13.176659,14.044937,13.838051,13.100769,14.120049,13.668427,13.479599,13.385033,13.592949,13.555183,13.422867,13.668427,13.536285,13.781540,13.838051,13.309326,13.725006,13.555183,13.271439,13.233543,13.630692,13.988556,13.762703,14.382469,13.592949,13.403954,13.743858,13.157700,13.422867,13.176659,13.706154,13.687294,13.894524,13.366112,13.649567,13.762703,13.479599,13.706154,13.517403,14.063721,14.270103,14.288834,13.913338,13.838051,13.969765,13.403954,13.347183,13.781540,13.422867,13.969765,13.138725,13.592949,13.781540,14.438606,13.913338,14.232613,13.856880,13.781540,14.026146,13.932144,14.326302,13.517403,13.762703,14.288834,13.913338,13.875710,13.687294,13.950951,13.725006,14.138817,14.101280,13.555183,14.026146,13.668427,13.743858,14.176346,13.819221,14.513397,14.232613,14.082504,14.176346,14.476006,14.811943,14.737404,14.923637,15.350533,15.387550,15.553970,15.517014,16.106438,16.069710,16.545914,16.106438,16.764816,16.417961,16.801247,16.600693,17.110275,17.164696,17.110275,17.291534,17.508537,17.526596,17.562698,17.706970,17.562698,17.472412,17.797005,17.761002,17.670921,17.724983,17.850990,17.562698,17.904930,17.146553,17.815002,17.706970,17.670921,17.472412,17.580750,17.724983,18.192039,18.370995,18.102425,17.958839,17.833000,17.797005,18.227867,18.424599,18.102425,18.478165,18.638680,18.406731,18.745514,18.299454,18.120361,18.174133,18.638680,18.353111,18.353111,18.156204,18.638680,18.424599,18.370995,18.424599,18.460312,18.406731,17.940880,18.781090,18.727722,18.834435,19.011993,18.424599,18.370995,18.424599,18.834435,18.656494,18.585213,18.496017,18.923264,18.442459,18.478165,18.976524,18.620857,18.585213,18.692123,18.227867,18.638680,18.638680,17.940880,18.460312,18.460312,18.620857,18.834435,18.299454,18.478165,18.709923,18.424599,18.478165,18.460312,18.941017,18.531708,18.674309,18.674309,18.638680,18.976524,18.798882,18.674309,18.549545,18.585213,18.816666,18.620857,18.692123,18.923264,18.388855,18.745514,18.603035,18.370995,18.531708,18.816666,18.781090,18.478165,18.335236,18.603035,18.603035,18.567383,18.335236,18.370995,18.781090,18.227867,18.816666,18.353111,18.781090,18.353111,18.406731,18.335236,18.585213,18.317345,17.994759,18.424599,18.335236,18.406731,18.030663,17.688942,17.958839,18.317345,18.388855,18.066551,17.761002,17.994759,18.012718,17.994759,18.084496,18.156204,18.281563,18.370995,18.353111,18.227867,18.299454,18.406731,18.370995,18.370995,17.724983,18.263664,17.724983,18.084496,18.048607,18.102425,17.255310,17.454338,17.019493,17.019493,17.164696,16.545914,16.106438,15.683197,15.609375,15.220818,15.109489,14.867805,14.625465,14.195114,14.176346,14.625465,14.345024,14.082504,14.270103,14.457298,14.550774,14.307571,14.082504,13.969765,14.138817,14.326302,14.307571,14.307571,14.026146,14.026146,14.157593,14.288834,14.063721,14.363747,13.706154,13.687294,13.988556,13.875710,14.138817,14.176346,13.781540,13.706154,13.856880,14.044937,13.328255,13.517403,13.441788,13.838051,13.611824,13.668427,13.838051,13.649567,13.611824,14.232613,13.630692,13.630692,13.479599,13.725006,13.800392,13.630692,13.856880,14.270103,13.950951,13.687294,13.574066,13.856880,14.157593,13.630692,14.007355,13.743858,13.668427,14.157593,14.157593,13.441788,13.894524,13.668427,13.969765,13.932144,13.536285,13.743858,13.441788,14.138817,13.649567,13.838051,14.026146,13.725006,13.403954,14.063721,13.555183,14.007355,13.875710,13.649567,13.479599,14.044937,13.856880,13.725006,13.460693,13.856880,14.044937,13.743858,13.176659,13.913338,13.366112,14.007355,13.498497,13.725006,13.819221,13.498497,13.838051,13.328255,13.725006,13.271439,13.574066,13.536285,13.592949,13.422867,13.328255,13.441788,13.271439,13.725006,13.517403,13.214584,13.725006,13.385033,13.233543,13.649567,12.872734,13.479599,13.366112,13.233543,13.725006,12.967819,13.706154,12.948814,13.403954,13.555183,13.252487,13.479599,13.687294,14.101280,13.328255,13.119759,13.479599,13.005829,13.422867,13.611824,13.366112,13.630692,13.138725,13.479599,13.138725,13.214584,13.592949,13.157700,13.838051,13.838051,13.043808,13.762703,13.385033,12.986824,13.706154,13.611824,13.422867,12.967819,13.498497,13.479599,13.176659,13.555183,13.403954,13.819221,13.913338,13.988556,13.875710,14.082504,14.737404,14.998024,14.606796,14.532082,15.480049,15.517014,15.369041,15.738518,16.308144,15.609375,16.014603,15.959457,16.051353,16.088081,15.904274,16.491104,16.198189,16.143143,16.801247,16.564171,16.527649,17.092117,15.904274,16.946808,16.764816,16.837654,16.436256,16.655434,16.655434,16.819458,16.801247,17.019493,17.182823,17.219078,16.964989,17.110275,16.983162,16.946808,17.055817,17.146553,17.490471,17.219078,16.801247,17.562698,17.382019,18.030663,17.580750,17.815002,17.526596,17.904930,17.634865,17.652901,17.724983,17.815002,17.706970,18.263664,17.472412,17.490471,17.868965,17.922905,17.580750,17.327736,17.182823,17.291534,17.616829,17.219078,17.146553,17.472412,17.382019,17.345833,17.255310,17.073982,17.255310,17.110275,16.874062,16.892258,16.691910,16.764816,17.055817,16.582436,15.775375,16.454536,16.032974,15.812218,16.051353,15.517014,15.332008,14.905037,14.606796,14.363747,14.044937,14.756035,14.401184,14.849190,14.063721,14.662788,14.681450,14.195114,14.382469,14.026146,14.251350,14.213860,14.044937,14.101280,14.082504,14.700096,13.838051,13.894524,14.026146,13.819221,14.363747,14.270103,14.195114,14.382469,14.195114,14.195114,14.363747,14.044937,13.988556,13.668427,14.101280,13.630692,13.969765,13.517403,13.347183,13.517403,13.536285,13.062805,13.706154,13.309326,13.309326,13.630692,13.819221,13.894524,12.815643,12.891754,12.967819,12.929794,12.529640,
12.910774,13.743858,13.271439,13.271439,12.739456,13.157700,13.195625,12.853714,13.366112,13.176659,13.214584,13.024826,12.567825,12.491440,13.385033,12.357613,12.720398,12.872734,13.043808,12.357613,12.701340,12.758507,12.986824,12.625069,13.195625,13.214584,12.967819,13.100769,12.319344,13.081795,13.081795,12.720398,13.062805,13.100769,12.853714,13.403954,13.024826,12.663208,12.777557,13.100769,12.644142,13.005829,13.024826,13.195625,13.214584,13.309326,13.687294,12.605988,12.796600,13.555183,13.479599,12.891754,13.252487,12.948814,13.195625,13.043808,13.309326,13.024826,13.555183,13.100769,13.592949,13.366112,13.233543,13.138725,13.081795,13.668427,13.309326,12.739456,13.271439,13.328255,12.929794,13.100769,12.663208,13.138725,13.024826,12.967819,13.781540,12.986824,13.403954,13.555183,13.460693,13.668427,13.309326,13.706154,13.005829,13.062805,13.743858,13.138725,13.611824,13.479599,13.498497,13.479599,13.081795,13.385033,13.668427,13.271439,13.800392,13.422867,13.252487,13.081795,13.328255,13.875710,13.555183,13.932144,13.385033,13.138725,13.403954,13.347183,13.422867,13.649567,13.328255,13.592949,13.157700,13.385033,13.271439,12.910774,13.649567,13.743858,13.422867,13.290382,13.479599,13.328255,13.555183,13.157700,13.366112,13.706154,12.625069,14.007355,13.762703,13.460693,13.366112,13.479599,13.252487,13.687294,13.725006,13.138725,13.875710,13.649567,13.536285,14.082504,13.309326,14.026146,13.611824,13.781540,14.044937,13.574066,13.875710,13.479599,13.611824,13.743858,13.630692,14.157593,14.251350,13.875710,13.725006,13.819221,14.270103,13.875710,14.082504,14.120049,14.232613,14.082504,14.550774,14.774681,15.183723,15.053780,15.183723,15.812218,15.959457,16.143143,16.216530,16.728371,16.527649,16.527649,17.219078,17.092117,17.146553,16.874062,17.436272,17.544655,16.964989,17.688942,17.904930,17.327736,17.670921,17.706970,17.454338,17.761002,17.616829,18.335236,17.833000,17.742996,17.761002,17.508537,17.418190,17.345833,17.508537,17.454338,17.327736,17.562698,18.102425,18.066551,17.922905,17.904930,17.616829,18.030663,18.406731,18.174133,18.620857,18.834435,18.478165,18.227867,18.066551,18.156204,18.567383,18.549545,18.299454,18.620857,18.263664,17.833000,17.976807,18.209953,18.674309,18.424599,18.370995,18.263664,18.513863,18.531708,18.692123,18.048607,19.118340,18.745514,18.496017,18.567383,18.192039,18.692123,18.442459,18.603035,18.442459,18.869980,18.656494,18.496017,18.048607,18.585213,18.656494,18.388855,18.656494,18.834435,19.136055,18.442459,18.585213,18.834435,18.798882,18.745514,18.656494,18.745514,18.192039,18.674309,18.531708,18.370995,18.317345,18.887749,18.869980,18.674309,18.781090,18.781090,18.941017,18.745514,18.976524,18.317345,19.065178,18.923264,18.638680,18.353111,18.513863,18.531708,18.692123,18.513863,18.406731,18.460312,18.460312,18.692123,18.496017,18.174133,18.370995,18.156204,18.727722,18.084496,18.567383,18.120361,18.317345,18.299454,18.299454,18.102425,18.798882,18.478165,18.281563,17.904930,17.922905,18.209953,18.174133,18.317345,17.976807,18.048607,18.531708,18.084496,17.904930,17.994759,18.263664,18.174133,17.994759,17.958839,18.585213,18.120361,18.245766,18.406731,18.496017,18.227867,18.567383,18.388855,18.513863,18.012718,17.940880,17.833000,17.850990,17.868965,17.562698,17.815002,16.983162,17.200951,16.819458,16.344765,16.124794,16.143143,15.922668,15.387550,15.553970,15.146614,14.606796,14.457298,14.288834,14.288834,13.988556,14.213860,14.401184,13.875710,14.270103,13.969765,14.382469,13.781540,14.007355,13.950951,13.611824,14.082504,13.630692,14.082504,13.875710,13.894524,13.592949,14.138817,14.251350,14.026146,14.401184,13.668427,14.213860,13.517403,13.856880,13.328255,13.800392,13.574066,13.611824,13.913338,13.555183,13.687294,13.819221,13.668427,13.743858,13.195625,13.894524,13.536285,13.781540,13.460693,13.743858,13.706154,13.894524,13.611824,13.460693,13.611824,13.706154,13.441788,14.138817,13.574066,13.819221,13.649567,14.138817,13.913338,13.555183,13.611824,13.592949,13.630692,13.668427,13.913338,13.932144,13.800392,13.403954,13.988556,13.498497,13.988556,13.536285,13.668427,13.592949,13.649567,13.592949,13.479599,13.725006,13.403954,14.138817,13.498497,13.290382,14.213860,13.762703,13.932144,13.498497,13.498497,13.725006,13.894524,13.875710,13.441788,13.649567,13.441788,13.762703,13.385033,13.649567,13.611824,13.574066,13.668427,13.706154,13.385033,14.044937,13.649567,13.517403,13.894524,13.555183,13.403954,13.630692,13.043808,13.347183,13.252487,13.800392,13.403954,13.195625,12.948814,13.498497,13.611824,12.701340,13.555183,13.366112,13.479599,13.611824,13.309326,12.605988,13.762703,13.630692,13.309326,13.252487,12.929794,13.574066,13.119759,13.819221,13.214584,13.441788,14.007355,13.214584,13.441788,13.290382,13.498497,13.856880,13.536285,13.385033,13.366112,13.725006,13.157700,12.929794,13.252487,13.290382,13.460693,13.517403,12.910774,13.932144,13.347183,13.328255,13.157700,13.460693,13.422867,13.290382,13.460693,13.743858,13.479599,13.932144,13.781540,13.536285,13.932144,14.438606,14.700096,15.350533,15.072350,15.257896,15.387550,15.922668,15.664742,15.646294,15.959457,16.179840,15.775375,16.124794,16.363075,16.509377,16.014603,16.983162,15.683197,16.381371,16.289825,17.037659,16.746590,16.381371,16.326462,16.564171,16.764816,16.417961,16.964989,16.837654,16.691910,16.983162,16.655434,17.164696,17.001335,17.273430,17.001335,17.200951,16.855865,17.219078,17.182823,17.001335,17.164696,17.092117,17.219078,17.922905,17.019493,17.327736,17.779015,17.940880,17.508537,17.472412,17.436272,17.670921,17.490471,17.490471,17.598785,17.073982,17.327736,17.363930,17.976807,17.237198,17.616829,17.309639,17.562698,17.110275,17.544655,16.819458,16.764816,16.819458,16.855865,16.655434,16.946808,16.728371,17.092117,16.710136,17.273430,17.363930,16.436256,16.143143,16.271500,16.874062,16.344765,15.756950,15.443062,14.998024,15.035194,14.756035,14.960838,15.016617,14.457298,14.213860,14.213860,14.532082,14.044937,14.737404,13.950951,14.288834,14.401184,14.026146,13.856880,14.419891,13.856880,13.875710,14.063721,13.800392,14.007355,14.082504,13.668427,13.800392,14.251350,13.441788,13.969765,13.894524,14.476006,13.894524,14.457298,14.232613,13.271439,13.950951,13.894524,13.819221,13.988556,13.875710,13.592949,13.687294,13.630692,13.950951,13.932144,13.762703,13.913338,14.044937,13.574066,13.024826,13.706154,13.517403,13.214584,13.138725,12.395866,
12.605988,12.910774,13.005829,12.891754,12.739456,12.338478,12.338478,12.758507,12.548721,12.948814,13.290382,12.567825,12.796600,12.739456,12.491440,12.796600,12.281059,12.929794,13.081795,12.300209,12.682281,12.777557,13.233543,12.567825,12.395866,12.357613,13.043808,12.586906,12.434105,12.758507,13.100769,12.720398,12.853714,12.567825,12.510529,12.872734,12.891754,12.586906,12.453224,12.548721,12.682281,12.720398,12.548721,12.815643,12.758507,12.758507,12.777557,12.510529,13.100769,13.081795,13.517403,12.395866,12.967819,12.815643,13.195625,12.644142,13.290382,13.024826,12.967819,12.777557,13.214584,13.005829,13.119759,12.548721,12.834679,12.777557,13.233543,13.100769,13.309326,12.910774,12.929794,13.271439,13.422867,12.948814,12.891754,12.548721,13.555183,12.891754,13.233543,12.834679,13.271439,12.986824,12.948814,12.891754,12.948814,12.758507,13.138725,12.682281,13.252487,12.796600,13.100769,13.611824,13.138725,13.024826,13.536285,13.271439,13.119759,13.081795,13.328255,13.781540,13.233543,13.385033,13.479599,13.403954,13.460693,12.644142,13.498497,13.403954,13.214584,13.894524,13.043808,13.441788,13.081795,13.233543,13.403954,13.176659,13.366112,13.422867,13.649567,13.687294,13.574066,13.611824,13.592949,13.271439,13.725006,13.138725,13.536285,13.347183,13.611824,14.063721,13.687294,13.347183,13.913338,13.592949,13.536285,12.986824,13.988556,13.328255,13.574066,13.403954,13.592949,13.649567,13.913338,13.706154,13.252487,13.743858,13.875710,13.781540,13.611824,14.157593,13.290382,13.856880,13.687294,13.800392,13.725006,13.668427,13.347183,13.781540,13.988556,14.213860,14.195114,14.157593,14.811943,14.662788,14.213860,15.294960,15.406059,15.517014,15.387550,15.922668,16.491104,16.691910,16.289825,16.417961,17.273430,16.837654,17.092117,17.200951,17.508537,17.219078,17.327736,17.436272,17.850990,17.724983,17.490471,17.418190,17.724983,17.652901,17.761002,17.472412,17.706970,17.526596,17.670921,17.508537,17.562698,17.580750,17.670921,17.327736,17.779015,17.922905,17.761002,18.030663,18.156204,17.994759,18.406731,17.922905,18.263664,17.976807,18.442459,18.102425,18.156204,18.030663,18.816666,18.030663,18.478165,18.370995,18.281563,18.281563,18.263664,18.245766,18.406731,18.227867,18.656494,18.406731,18.496017,18.709923,18.406731,18.192039,18.692123,18.620857,18.317345,18.478165,18.638680,18.620857,18.709923,18.424599,18.156204,18.585213,18.496017,18.941017,18.620857,18.727722,18.763306,18.263664,18.656494,18.781090,18.442459,18.513863,18.905502,18.781090,18.727722,18.424599,18.834435,18.585213,18.245766,18.567383,18.834435,19.047462,18.335236,18.102425,18.976524,18.620857,19.136055,18.638680,18.745514,18.727722,18.335236,18.745514,18.709923,19.082909,18.923264,18.905502,18.406731,18.585213,18.781090,18.763306,18.763306,18.388855,18.442459,18.442459,18.245766,18.281563,18.263664,18.567383,18.317345,18.406731,18.531708,17.850990,18.496017,18.048607,18.138290,18.478165,18.442459,18.102425,18.102425,18.120361,18.496017,18.388855,18.156204,17.976807,17.779015,17.886955,18.048607,17.922905,17.922905,17.994759,17.850990,18.370995,18.209953,18.066551,18.138290,17.904930,18.156204,18.370995,18.120361,18.156204,18.084496,18.531708,18.299454,18.335236,18.335236,18.138290,17.833000,17.688942,17.670921,17.886955,17.761002,17.182823,17.472412,16.946808,16.801247,16.509377,16.216530,15.996223,16.308144,15.109489,15.443062,14.849190,14.326302,14.120049,14.082504,14.157593,14.213860,14.157593,14.326302,13.988556,14.345024,14.101280,13.781540,14.044937,13.668427,13.743858,13.781540,13.838051,13.894524,13.838051,14.120049,13.875710,14.063721,14.044937,14.101280,14.026146,13.894524,14.007355,13.800392,13.894524,13.819221,13.913338,13.347183,13.838051,13.781540,13.743858,13.403954,13.781540,13.875710,13.555183,13.781540,13.422867,13.781540,13.894524,13.743858,13.706154,14.157593,13.875710,13.611824,13.460693,13.366112,13.157700,13.856880,13.441788,13.630692,13.498497,13.743858,13.081795,13.762703,13.328255,13.517403,13.875710,13.762703,13.875710,13.950951,13.743858,13.725006,14.063721,13.856880,13.441788,13.687294,13.611824,13.800392,13.555183,13.668427,12.891754,13.668427,13.441788,13.668427,13.460693,13.838051,13.687294,13.630692,13.725006,13.460693,13.555183,13.630692,14.120049,13.403954,13.536285,13.555183,13.574066,13.366112,13.290382,13.762703,13.479599,13.819221,13.687294,13.555183,13.100769,13.366112,13.422867,13.517403,13.479599,13.479599,13.422867,13.328255,13.252487,13.214584,13.043808,13.347183,13.592949,13.214584,13.005829,13.517403,13.592949,13.555183,13.195625,12.948814,13.309326,13.460693,13.024826,13.630692,12.720398,13.932144,13.290382,13.479599,13.176659,13.366112,13.062805,13.005829,13.081795,13.195625,13.157700,13.441788,13.328255,13.422867,13.005829,13.441788,12.967819,13.214584,13.422867,13.422867,13.649567,13.441788,13.422867,13.403954,13.611824,13.592949,13.422867,13.441788,13.347183,13.214584,13.630692,13.024826,12.891754,13.838051,13.290382,13.536285,13.574066,13.498497,13.838051,13.856880,14.101280,14.288834,14.082504,14.960838,14.606796,14.811943,14.998024,15.257896,15.904274,16.051353,15.443062,15.609375,15.812218,16.161499,15.812218,16.124794,16.545914,16.308144,16.234848,16.032974,16.564171,16.710136,16.326462,16.691910,16.746590,16.618950,16.509377,16.600693,16.764816,16.545914,16.161499,16.564171,16.637184,16.964989,16.454536,16.527649,17.055817,17.164696,17.291534,16.746590,17.128418,17.724983,17.019493,17.019493,17.055817,17.037659,17.616829,17.580750,18.066551,17.544655,17.454338,17.797005,17.616829,17.164696,17.634865,18.156204,17.868965,17.400101,18.030663,17.128418,17.922905,17.309639,17.544655,17.526596,17.200951,17.146553,17.128418,17.273430,17.327736,16.928627,17.327736,17.255310,17.291534,17.110275,16.764816,17.237198,17.291534,16.472824,16.892258,16.946808,16.472824,16.344765,16.344765,15.756950,15.738518,16.124794,15.849052,15.387550,14.923637,15.146614,15.090919,14.457298,14.157593,14.532082,13.649567,14.457298,13.630692,14.401184,14.513397,14.120049,14.849190,14.007355,14.176346,14.588127,14.270103,14.195114,14.120049,14.494698,14.232613,13.913338,14.195114,13.536285,14.326302,13.706154,13.894524,13.062805,13.950951,13.932144,14.007355,13.856880,13.856880,13.762703,14.195114,13.932144,13.856880,13.574066,13.988556,14.138817,13.838051,13.441788,13.460693,14.195114,13.252487,13.460693,13.856880,13.706154,13.119759,13.119759,13.252487,13.328255,12.567825,
12.357613,13.176659,12.891754,12.834679,12.929794,12.720398,12.967819,12.472336,12.796600,12.853714,12.967819,12.986824,12.357613,13.328255,13.062805,12.261917,13.157700,12.204445,12.796600,12.414986,12.300209,12.548721,12.491440,12.815643,12.758507,12.281059,12.682281,12.682281,12.491440,12.586906,12.338478,12.605988,12.338478,12.796600,12.434105,13.233543,12.891754,13.176659,12.586906,12.548721,12.910774,13.195625,12.777557,12.910774,13.024826,13.233543,12.929794,12.548721,13.195625,12.357613,12.472336,13.555183,12.948814,12.891754,13.119759,12.986824,12.567825,12.929794,13.081795,13.043808,13.441788,12.453224,13.062805,12.967819,12.739456,12.948814,13.328255,12.815643,13.138725,12.948814,13.081795,13.138725,13.214584,12.948814,12.853714,13.100769,12.720398,13.479599,13.214584,12.777557,12.682281,12.223610,12.777557,12.986824,12.872734,13.176659,13.309326,13.100769,12.682281,13.214584,13.290382,12.967819,13.555183,13.328255,12.948814,13.005829,13.668427,13.100769,13.157700,13.138725,13.271439,13.138725,13.043808,13.309326,13.498497,13.081795,13.290382,12.815643,13.403954,12.891754,13.252487,13.043808,13.081795,12.834679,13.574066,13.138725,13.157700,13.119759,13.271439,13.403954,13.233543,13.119759,13.706154,13.441788,13.479599,13.347183,12.910774,13.062805,13.687294,13.517403,13.988556,13.706154,13.649567,13.403954,13.555183,13.347183,13.479599,13.271439,13.385033,13.328255,13.725006,13.592949,13.498497,13.347183,13.479599,13.195625,13.838051,14.195114,13.592949,13.422867,13.725006,13.913338,13.517403,13.574066,13.290382,14.007355,14.063721,13.441788,13.819221,13.988556,13.856880,13.894524,14.513397,14.811943,14.532082,15.016617,15.035194,15.239365,15.387550,15.683197,15.830643,15.941071,16.837654,16.326462,17.055817,16.344765,17.037659,17.055817,17.019493,17.255310,17.472412,17.562698,17.616829,17.309639,17.850990,17.490471,17.850990,17.182823,17.454338,17.508537,17.761002,17.309639,17.146553,17.490471,17.508537,17.363930,17.742996,17.327736,17.742996,17.200951,17.526596,17.580750,17.706970,18.066551,18.245766,17.797005,18.406731,18.174133,18.424599,18.388855,18.102425,18.227867,18.030663,18.353111,18.227867,18.406731,18.388855,18.120361,18.388855,18.048607,18.549545,17.994759,17.958839,18.406731,18.603035,18.424599,18.120361,18.317345,18.281563,18.012718,18.263664,18.281563,18.496017,18.549545,18.620857,18.478165,18.388855,18.460312,18.496017,18.442459,18.816666,18.370995,18.370995,18.674309,18.424599,18.353111,18.816666,18.120361,18.941017,18.656494,18.709923,18.834435,18.798882,18.496017,18.603035,18.852211,18.638680,18.798882,18.852211,18.335236,18.674309,18.923264,18.745514,19.047462,18.923264,18.941017,18.941017,18.513863,18.727722,18.335236,19.065178,18.209953,18.923264,18.513863,18.585213,18.442459,18.603035,18.263664,18.513863,18.227867,18.209953,18.335236,18.442459,18.531708,18.388855,18.531708,17.994759,18.263664,18.353111,18.531708,18.138290,18.156204,18.406731,18.638680,18.923264,18.478165,18.317345,18.102425,18.209953,18.388855,18.531708,18.174133,18.156204,18.174133,18.030663,18.156204,18.066551,18.156204,18.209953,17.833000,18.245766,18.138290,18.120361,18.263664,18.174133,18.478165,18.531708,18.388855,18.209953,18.084496,18.066551,17.850990,17.940880,17.634865,17.940880,17.868965,17.472412,17.418190,17.255310,17.037659,16.691910,16.801247,16.381371,16.069710,15.849052,15.276436,15.239365,14.979439,14.625465,14.307571,14.606796,14.307571,13.875710,14.063721,14.588127,14.044937,14.007355,14.063721,14.157593,13.762703,14.232613,13.687294,13.725006,13.950951,13.630692,14.138817,13.498497,14.157593,13.743858,13.706154,13.856880,13.706154,14.251350,13.800392,14.288834,13.630692,14.232613,13.913338,13.819221,13.725006,13.706154,13.856880,13.950951,13.725006,14.138817,13.687294,13.875710,13.309326,13.819221,13.517403,13.649567,13.781540,13.969765,13.592949,13.290382,13.781540,13.290382,13.328255,13.460693,13.574066,13.252487,14.082504,13.649567,13.819221,13.574066,13.932144,13.630692,13.309326,13.950951,13.385033,14.101280,13.649567,13.819221,13.856880,14.044937,13.385033,13.479599,13.555183,13.574066,13.950951,13.894524,13.441788,13.743858,13.328255,13.592949,13.403954,13.441788,13.574066,13.214584,13.630692,13.385033,13.309326,13.252487,13.271439,14.026146,13.706154,13.932144,13.574066,13.309326,13.441788,13.743858,13.517403,13.611824,13.195625,13.517403,13.574066,13.574066,13.668427,13.309326,13.214584,13.233543,13.195625,13.309326,13.517403,13.422867,13.157700,13.385033,13.536285,13.517403,13.536285,13.743858,13.062805,13.630692,13.422867,13.309326,13.479599,13.743858,13.271439,13.555183,13.328255,13.385033,13.385033,13.460693,13.195625,13.762703,13.195625,13.157700,13.157700,13.403954,13.574066,13.517403,13.138725,13.309326,12.948814,13.555183,13.762703,13.932144,13.271439,13.347183,13.328255,13.555183,13.555183,13.479599,13.252487,13.536285,13.555183,13.005829,14.120049,13.668427,13.403954,13.781540,13.328255,13.441788,13.385033,13.233543,13.138725,13.176659,13.687294,13.819221,14.063721,13.950951,14.681450,14.307571,14.307571,15.257896,14.923637,15.461563,15.480049,15.609375,15.609375,15.720085,15.535500,15.553970,15.756950,16.344765,16.509377,16.308144,16.014603,16.618950,16.637184,16.454536,16.582436,16.509377,16.819458,16.564171,16.198189,16.691910,16.363075,16.892258,16.399666,16.363075,16.106438,16.728371,16.746590,16.582436,16.637184,16.928627,16.928627,17.073982,17.382019,17.291534,17.309639,17.182823,17.073982,16.983162,17.182823,17.562698,17.237198,17.544655,17.255310,17.958839,17.182823,17.616829,17.400101,17.508537,17.128418,17.544655,17.724983,17.670921,17.309639,17.382019,17.850990,17.436272,17.128418,17.363930,17.418190,18.102425,17.001335,17.092117,17.345833,17.182823,17.073982,16.983162,16.964989,16.764816,17.110275,16.892258,16.874062,16.710136,16.600693,16.399666,16.618950,16.399666,15.959457,16.124794,15.517014,15.165176,14.793312,14.793312,15.109489,14.063721,14.176346,14.213860,14.307571,13.649567,14.494698,14.811943,13.762703,14.756035,14.176346,14.625465,14.681450,14.232613,14.120049,13.649567,14.476006,14.700096,13.819221,14.382469,14.082504,14.157593,13.668427,14.026146,14.513397,14.532082,14.176346,14.513397,14.063721,14.007355,13.800392,14.120049,13.611824,13.347183,14.063721,13.988556,13.762703,14.457298,13.856880,13.875710,13.422867,13.856880,13.441788,13.328255,13.366112,12.834679,13.403954,13.441788,13.233543,12.720398,12.185280,
12.644142,13.176659,12.948814,12.891754,12.548721,12.739456,12.414986,12.586906,12.891754,12.910774,12.529640,12.204445,12.300209,12.853714,12.758507,12.586906,12.242760,12.051033,12.891754,12.682281,12.758507,12.414986,12.567825,12.070213,12.739456,12.261917,12.796600,12.127769,13.062805,12.434105,12.682281,12.472336,12.605988,12.529640,12.319344,12.891754,13.062805,12.491440,13.138725,12.453224,13.157700,12.586906,12.929794,12.127769,12.625069,12.720398,13.024826,12.796600,13.214584,12.281059,13.743858,13.195625,13.024826,12.548721,12.796600,13.214584,12.625069,12.242760,12.967819,12.910774,12.853714,12.758507,13.422867,13.024826,12.567825,12.605988,12.414986,13.233543,12.777557,12.261917,13.214584,12.625069,12.758507,12.967819,13.290382,12.891754,12.986824,12.395866,12.338478,13.441788,13.252487,13.081795,12.605988,12.986824,13.081795,13.441788,13.005829,12.682281,13.252487,13.385033,13.347183,13.062805,13.233543,13.214584,13.062805,12.929794,13.517403,12.548721,13.385033,13.214584,13.422867,13.195625,12.663208,13.422867,13.119759,12.853714,13.479599,12.986824,12.967819,13.536285,12.929794,13.062805,13.536285,13.195625,13.347183,13.062805,13.176659,12.986824,13.290382,12.815643,13.309326,12.453224,12.967819,12.967819,13.517403,13.271439,13.422867,12.834679,13.460693,12.948814,12.929794,13.100769,13.271439,13.592949,13.176659,13.195625,13.762703,13.385033,13.460693,13.233543,13.422867,13.856880,13.290382,13.630692,13.743858,13.743858,13.875710,13.574066,13.479599,13.668427,13.950951,13.479599,13.838051,13.271439,13.498497,13.517403,13.668427,13.762703,13.271439,13.460693,13.403954,14.063721,14.213860,14.345024,14.382469,14.737404,14.998024,15.053780,15.535500,15.646294,15.664742,15.922668,16.253181,16.454536,17.055817,17.019493,17.146553,16.855865,17.073982,17.418190,17.327736,17.291534,17.742996,17.562698,18.048607,17.652901,17.490471,17.273430,17.761002,17.436272,17.850990,17.345833,17.562698,17.363930,17.616829,17.634865,17.454338,17.273430,17.833000,17.526596,17.779015,17.779015,17.634865,17.958839,17.724983,17.779015,18.353111,18.138290,18.227867,18.299454,18.460312,17.922905,18.370995,18.299454,18.656494,18.156204,18.102425,18.084496,18.209953,18.745514,18.174133,18.245766,18.638680,18.531708,18.424599,18.227867,18.656494,18.174133,18.674309,18.370995,18.709923,18.084496,18.674309,18.531708,18.567383,18.763306,18.138290,18.370995,18.245766,18.299454,18.620857,18.620857,18.281563,18.460312,18.567383,18.353111,18.603035,18.692123,18.424599,18.692123,18.442459,18.834435,18.781090,18.531708,18.674309,18.869980,18.709923,18.281563,18.603035,18.941017,18.424599,18.603035,18.816666,19.029732,18.692123,18.745514,18.852211,18.460312,19.029732,18.638680,18.674309,18.656494,18.424599,18.335236,18.727722,18.388855,18.012718,18.727722,18.442459,18.281563,18.388855,18.138290,18.263664,18.066551,18.388855,18.281563,18.245766,18.388855,18.102425,18.084496,18.549545,18.209953,18.442459,18.066551,18.281563,18.245766,18.299454,18.496017,18.156204,18.478165,18.531708,18.156204,18.353111,18.138290,18.209953,18.192039,18.442459,18.012718,18.281563,17.868965,18.245766,18.227867,18.424599,18.012718,18.174133,17.958839,18.281563,18.335236,18.656494,18.496017,18.138290,18.084496,17.652901,17.850990,18.263664,17.742996,17.797005,17.237198,17.490471,16.928627,17.019493,16.527649,16.014603,16.271500,16.161499,15.720085,15.239365,15.313492,14.923637,14.382469,14.345024,14.345024,14.082504,14.326302,14.176346,14.326302,14.007355,14.382469,14.120049,13.706154,14.082504,14.195114,13.913338,13.743858,13.913338,13.611824,14.213860,13.649567,13.668427,13.913338,13.950951,13.479599,14.157593,13.725006,13.706154,13.819221,13.706154,14.026146,13.781540,13.555183,13.969765,13.592949,13.950951,13.611824,13.800392,14.063721,13.536285,13.781540,13.517403,13.271439,13.195625,13.441788,13.819221,13.460693,13.875710,13.385033,13.195625,13.819221,14.195114,13.819221,13.252487,13.630692,13.969765,13.347183,13.536285,13.649567,13.668427,13.460693,13.403954,13.838051,13.913338,13.913338,14.101280,13.574066,13.706154,13.950951,13.800392,13.894524,13.214584,13.706154,13.856880,13.517403,13.743858,13.498497,12.891754,13.781540,13.385033,13.403954,13.913338,13.781540,13.630692,13.743858,13.894524,13.611824,13.819221,13.422867,13.195625,13.441788,13.460693,13.630692,13.875710,13.517403,13.687294,13.630692,13.687294,13.781540,13.819221,13.725006,13.649567,14.082504,13.328255,13.214584,13.762703,13.157700,13.781540,13.781540,13.555183,13.668427,13.498497,13.347183,13.328255,13.157700,13.328255,13.138725,13.687294,13.403954,12.948814,13.347183,13.969765,13.536285,13.062805,13.781540,13.043808,13.366112,13.422867,13.100769,13.649567,13.517403,13.536285,13.687294,13.100769,13.328255,13.403954,13.498497,13.800392,13.024826,13.347183,13.403954,13.403954,13.819221,13.762703,13.460693,13.233543,13.347183,13.536285,13.024826,13.668427,13.592949,13.536285,13.138725,13.517403,13.176659,13.403954,13.157700,13.460693,13.611824,13.856880,13.290382,13.649567,13.555183,14.044937,14.063721,14.419891,14.811943,14.942238,15.406059,15.553970,15.664742,15.720085,15.738518,15.406059,15.646294,15.922668,16.472824,16.088081,16.216530,16.014603,16.308144,16.344765,16.564171,16.710136,16.326462,17.200951,16.637184,16.855865,16.655434,16.491104,16.417961,16.710136,16.746590,16.783035,16.472824,16.783035,17.182823,16.964989,16.764816,17.219078,17.200951,16.655434,16.855865,17.273430,17.219078,17.110275,17.164696,17.345833,17.616829,17.472412,17.418190,17.418190,16.837654,18.030663,17.418190,16.983162,17.958839,17.797005,17.850990,17.182823,17.904930,18.030663,17.598785,17.797005,17.724983,17.255310,18.084496,17.634865,17.382019,17.037659,17.092117,17.255310,17.146553,17.200951,17.345833,16.673668,16.837654,17.073982,17.092117,17.182823,16.436256,16.618950,16.491104,16.326462,16.618950,16.124794,15.756950,15.922668,15.738518,15.535500,15.146614,14.830566,14.681450,14.438606,14.270103,14.138817,14.026146,13.875710,13.649567,14.569450,14.401184,14.251350,14.569450,14.457298,13.969765,14.270103,14.550774,14.063721,14.569450,14.326302,13.988556,14.138817,14.213860,14.007355,14.419891,14.120049,14.101280,14.606796,14.063721,14.101280,13.856880,14.044937,13.233543,13.668427,14.082504,13.950951,14.138817,13.988556,14.232613,13.950951,13.385033,14.063721,13.385033,13.894524,13.800392,13.441788,13.762703,12.948814,13.233543,13.366112,13.119759,13.005829,12.986824,
12.357613,12.357613,12.395866,12.872734,13.138725,13.195625,13.592949,12.529640,12.967819,12.548721,12.204445,12.605988,12.491440,12.605988,12.720398,12.319344,12.815643,12.166107,12.682281,12.166107,12.567825,12.758507,12.281059,12.739456,12.567825,12.758507,12.872734,12.223610,12.357613,12.586906,12.510529,12.701340,12.491440,12.777557,13.005829,12.395866,12.300209,12.777557,12.395866,12.434105,12.605988,12.586906,12.701340,12.070213,13.024826,12.166107,12.910774,12.644142,12.376740,12.434105,13.081795,13.252487,13.157700,12.357613,12.682281,12.146942,12.967819,13.024826,12.453224,12.625069,12.682281,12.644142,12.929794,12.853714,13.043808,12.108589,13.081795,13.024826,12.948814,12.663208,12.872734,13.271439,12.796600,12.644142,12.815643,12.739456,12.663208,12.796600,13.100769,12.853714,13.138725,12.739456,13.100769,12.682281,13.005829,12.796600,12.739456,12.853714,12.948814,12.986824,13.233543,12.929794,13.062805,12.472336,13.252487,13.668427,12.395866,13.157700,13.100769,13.043808,13.100769,13.479599,13.309326,13.725006,13.517403,13.479599,13.536285,13.252487,13.403954,13.100769,12.929794,13.043808,13.100769,12.948814,13.649567,12.853714,13.460693,13.081795,13.214584,13.024826,13.385033,13.119759,13.366112,12.815643,13.062805,13.024826,13.290382,12.739456,13.950951,13.157700,13.195625,13.271439,13.555183,13.252487,12.929794,13.819221,13.498497,13.328255,13.668427,13.328255,13.706154,13.043808,12.510529,13.706154,13.517403,13.592949,13.875710,13.233543,13.592949,13.743858,13.611824,13.385033,13.403954,13.062805,13.988556,13.366112,13.403954,13.460693,13.630692,13.649567,13.838051,13.781540,14.213860,14.270103,14.662788,14.737404,15.053780,15.276436,15.867470,15.738518,16.253181,16.289825,16.417961,16.910439,16.801247,16.892258,17.418190,17.001335,17.219078,17.309639,17.761002,17.490471,17.850990,17.544655,17.616829,17.472412,17.958839,17.940880,17.345833,17.904930,17.490471,17.580750,17.400101,17.454338,17.580750,17.490471,17.472412,17.779015,17.544655,17.598785,17.724983,17.886955,17.815002,17.886955,18.120361,17.688942,18.335236,17.958839,18.227867,18.030663,18.299454,18.424599,18.353111,18.227867,18.460312,18.227867,18.388855,17.616829,18.745514,18.798882,18.478165,18.478165,18.424599,18.406731,18.567383,18.084496,18.496017,18.585213,18.353111,18.656494,18.388855,18.869980,18.531708,18.496017,18.370995,18.585213,18.674309,18.709923,18.585213,18.549545,18.834435,18.227867,18.370995,19.029732,18.496017,18.567383,18.603035,18.620857,18.727722,18.709923,18.869980,19.082909,19.189156,18.763306,18.816666,18.603035,18.281563,18.887749,18.727722,18.727722,19.153755,19.082909,19.136055,19.029732,18.976524,18.887749,18.656494,18.620857,19.118340,18.549545,18.994255,18.798882,18.816666,18.209953,18.603035,18.227867,17.994759,18.496017,18.102425,18.781090,18.388855,18.174133,18.709923,18.209953,18.603035,18.138290,18.156204,18.156204,18.567383,17.761002,18.531708,17.976807,18.567383,18.478165,18.496017,18.102425,18.335236,18.138290,18.370995,18.299454,18.192039,18.120361,17.958839,17.958839,18.353111,18.030663,18.709923,18.209953,18.084496,18.174133,18.531708,18.496017,17.940880,17.922905,18.048607,18.120361,18.442459,18.585213,18.513863,18.174133,18.192039,17.868965,17.652901,17.634865,17.976807,17.994759,17.616829,17.382019,17.200951,17.255310,16.436256,16.582436,16.124794,15.885872,15.369041,15.424561,15.480049,14.513397,14.419891,14.251350,14.588127,14.176346,14.007355,14.213860,14.063721,14.176346,14.101280,13.913338,14.044937,13.800392,14.176346,13.932144,14.270103,14.101280,13.988556,13.498497,13.894524,13.743858,14.232613,13.838051,14.007355,13.819221,13.706154,13.517403,13.988556,13.441788,14.120049,13.668427,14.157593,13.555183,13.611824,13.668427,13.856880,13.403954,13.819221,13.328255,13.498497,13.441788,13.195625,13.762703,13.838051,13.630692,13.138725,13.762703,13.894524,13.233543,13.913338,13.271439,13.838051,13.932144,13.875710,13.517403,13.875710,13.517403,13.479599,13.706154,13.800392,13.687294,13.592949,13.743858,13.913338,13.385033,14.007355,13.592949,13.479599,13.649567,13.706154,13.479599,13.894524,13.479599,13.988556,13.422867,13.725006,13.460693,13.441788,13.233543,13.762703,13.328255,13.649567,13.460693,13.479599,13.309326,13.856880,13.347183,13.781540,13.347183,13.555183,13.176659,13.479599,13.347183,13.460693,13.441788,13.668427,13.555183,13.800392,13.309326,13.498497,13.422867,13.271439,13.233543,13.574066,13.119759,13.536285,13.347183,13.819221,13.422867,13.328255,13.347183,13.309326,13.536285,13.233543,13.347183,13.157700,14.007355,13.460693,13.366112,13.252487,13.498497,13.498497,13.743858,13.555183,13.252487,13.214584,13.838051,13.138725,13.290382,13.517403,13.422867,13.100769,13.195625,13.328255,13.309326,13.611824,13.290382,13.081795,13.347183,13.574066,13.498497,13.592949,13.630692,13.403954,13.498497,13.233543,13.800392,13.687294,14.082504,13.630692,13.271439,13.743858,13.403954,13.762703,13.403954,13.460693,13.195625,13.290382,13.328255,13.403954,13.819221,13.743858,13.725006,13.875710,13.649567,14.588127,14.457298,15.090919,15.035194,15.590912,15.793800,15.959457,15.627831,15.867470,15.424561,15.738518,15.996223,15.830643,16.216530,16.088081,16.014603,16.014603,16.363075,16.344765,16.436256,16.655434,16.014603,16.710136,16.582436,16.363075,16.600693,16.637184,16.710136,16.253181,16.673668,16.910439,16.527649,17.598785,16.801247,17.055817,17.200951,17.652901,17.255310,17.146553,17.490471,17.580750,16.855865,17.182823,17.508537,17.418190,17.616829,17.200951,17.327736,17.634865,17.291534,18.048607,17.436272,17.616829,17.634865,17.634865,17.652901,17.922905,17.092117,17.850990,17.508537,17.219078,17.345833,18.192039,17.237198,17.200951,17.019493,17.454338,17.219078,16.983162,17.472412,17.634865,17.055817,17.255310,16.691910,16.928627,16.874062,17.508537,16.928627,16.417961,16.691910,16.910439,15.775375,15.812218,15.220818,15.885872,15.165176,15.053780,14.438606,13.950951,14.662788,14.774681,13.630692,14.157593,14.044937,14.419891,14.063721,14.476006,14.326302,13.819221,14.138817,14.513397,14.588127,14.157593,13.875710,14.588127,13.781540,14.251350,13.800392,13.950951,14.476006,13.649567,13.894524,14.232613,13.687294,13.592949,14.176346,14.138817,13.988556,13.950951,13.894524,14.026146,13.385033,13.762703,13.969765,13.932144,14.382469,13.347183,13.479599,13.913338,13.536285,13.460693,13.309326,14.232613,14.176346,13.043808,12.891754,13.498497,12.510529,
12.357613,12.510529,12.910774,12.395866,13.555183,12.491440,12.472336,12.872734,12.682281,12.777557,12.796600,12.529640,12.472336,12.796600,12.491440,12.434105,12.644142,12.815643,11.916588,12.777557,12.720398,12.625069,12.605988,12.796600,12.720398,12.625069,12.853714,12.891754,12.758507,13.176659,12.567825,12.108589,13.062805,12.567825,13.100769,12.338478,12.910774,12.567825,13.214584,12.529640,12.510529,12.395866,12.720398,12.472336,12.204445,12.739456,12.758507,12.586906,12.967819,13.403954,12.491440,12.453224,12.701340,12.720398,12.567825,13.062805,12.891754,13.043808,12.510529,12.204445,12.720398,12.605988,12.758507,13.005829,12.967819,12.414986,12.663208,12.796600,12.834679,12.853714,13.138725,12.796600,12.701340,12.281059,12.891754,12.625069,12.338478,12.834679,12.929794,12.567825,12.300209,13.119759,12.929794,12.682281,12.644142,12.815643,12.605988,12.777557,12.891754,12.625069,13.157700,12.910774,12.948814,13.005829,12.872734,13.100769,13.138725,13.119759,13.100769,13.176659,13.100769,12.929794,13.422867,12.967819,13.687294,13.366112,13.441788,12.967819,13.005829,12.720398,13.290382,13.024826,13.422867,12.986824,13.100769,13.252487,13.043808,13.328255,13.176659,13.441788,13.100769,13.687294,13.517403,13.403954,13.347183,13.385033,13.195625,12.853714,13.157700,12.472336,13.214584,13.271439,13.385033,13.290382,13.630692,13.687294,13.649567,13.347183,13.630692,13.743858,13.649567,13.630692,13.309326,13.138725,13.630692,13.422867,13.649567,13.555183,13.762703,13.271439,13.800392,14.026146,13.498497,13.856880,13.932144,13.574066,13.611824,13.403954,13.668427,13.856880,14.026146,13.913338,13.969765,14.363747,14.288834,14.979439,15.406059,15.239365,15.720085,15.572441,15.756950,16.161499,16.783035,16.179840,16.582436,16.837654,16.691910,16.892258,16.764816,17.110275,17.382019,17.761002,17.724983,17.363930,17.706970,17.472412,17.544655,17.345833,17.940880,17.436272,17.436272,17.472412,17.940880,17.958839,17.400101,17.850990,17.562698,17.418190,17.363930,17.418190,17.544655,17.922905,17.526596,17.958839,17.922905,17.706970,18.120361,18.066551,17.976807,17.886955,18.353111,18.281563,18.102425,18.209953,18.424599,18.263664,18.567383,18.424599,18.138290,18.513863,18.102425,18.763306,18.406731,17.652901,18.370995,18.406731,18.478165,18.727722,18.460312,18.388855,18.638680,18.727722,18.496017,18.174133,18.727722,18.745514,18.549545,18.460312,18.923264,18.120361,18.656494,18.388855,18.603035,18.692123,18.424599,18.263664,18.460312,18.531708,18.674309,18.887749,18.923264,18.656494,18.905502,18.620857,18.727722,18.798882,18.869980,18.745514,18.496017,18.958771,19.029732,18.638680,18.852211,19.082909,18.905502,18.692123,19.047462,19.118340,19.259926,18.816666,18.781090,18.513863,18.816666,18.869980,18.905502,18.585213,18.424599,18.353111,18.727722,18.317345,18.281563,18.102425,18.120361,18.066551,18.227867,18.370995,18.030663,18.388855,18.084496,18.281563,18.388855,18.406731,18.299454,18.335236,18.531708,18.585213,18.531708,18.496017,18.424599,18.192039,18.120361,17.994759,17.688942,18.353111,18.192039,17.850990,18.370995,18.012718,18.263664,18.227867,18.030663,17.940880,18.066551,18.406731,18.299454,17.958839,18.442459,18.012718,18.209953,17.797005,17.833000,17.580750,18.102425,17.904930,17.797005,17.363930,17.418190,17.436272,17.037659,16.637184,16.655434,16.491104,16.399666,15.664742,15.793800,15.053780,15.090919,14.756035,14.569450,14.718750,13.969765,13.592949,13.894524,13.988556,14.195114,13.894524,13.988556,14.270103,14.513397,14.176346,13.875710,14.063721,13.950951,14.101280,13.403954,13.706154,13.894524,13.800392,13.969765,13.630692,14.063721,13.422867,14.007355,13.800392,13.932144,13.668427,14.007355,13.479599,13.838051,13.687294,13.479599,13.309326,13.668427,13.536285,13.479599,13.403954,13.555183,14.138817,13.838051,13.913338,13.271439,13.762703,13.800392,13.611824,13.913338,13.630692,13.743858,13.649567,13.385033,13.517403,13.460693,13.385033,13.743858,13.536285,13.517403,13.894524,13.706154,14.101280,13.630692,13.800392,14.063721,13.819221,14.044937,14.157593,13.347183,13.819221,13.781540,13.649567,13.574066,13.536285,13.460693,13.536285,13.290382,13.555183,13.630692,13.347183,13.290382,13.969765,13.630692,13.100769,13.706154,12.967819,13.347183,13.630692,13.195625,13.271439,13.422867,13.687294,13.081795,13.649567,13.913338,13.762703,13.498497,13.725006,13.536285,13.555183,13.630692,13.309326,13.592949,13.800392,13.460693,13.309326,13.536285,13.290382,13.195625,13.195625,14.026146,13.403954,13.498497,13.460693,13.762703,13.214584,13.819221,13.385033,13.498497,13.819221,13.385033,13.195625,13.574066,13.725006,13.385033,13.290382,13.290382,13.233543,13.630692,13.271439,13.195625,13.328255,13.687294,13.668427,13.385033,13.366112,13.479599,13.875710,13.649567,13.555183,13.517403,13.309326,13.668427,13.687294,13.252487,13.725006,14.044937,13.687294,13.856880,13.517403,13.328255,13.838051,13.592949,13.649567,13.668427,13.176659,13.460693,13.309326,13.479599,13.800392,13.555183,13.969765,14.120049,13.592949,14.007355,14.494698,14.288834,14.288834,15.350533,14.886414,15.276436,15.109489,15.664742,15.609375,15.443062,15.867470,15.941071,15.996223,16.161499,16.216530,16.161499,16.253181,16.545914,16.892258,16.381371,16.363075,16.436256,16.509377,16.600693,16.691910,16.161499,16.618950,16.910439,16.472824,16.600693,16.946808,17.436272,16.271500,17.472412,16.819458,17.001335,16.710136,17.073982,16.964989,17.073982,16.910439,17.128418,17.237198,17.019493,17.634865,17.472412,17.761002,17.400101,17.833000,17.688942,17.382019,17.562698,17.454338,17.436272,17.958839,17.634865,17.490471,17.779015,17.670921,17.616829,17.490471,17.634865,17.436272,17.237198,17.598785,17.400101,17.092117,17.037659,17.598785,17.598785,16.910439,17.255310,17.291534,16.928627,16.983162,16.964989,17.237198,16.910439,16.710136,16.454536,16.892258,15.756950,16.051353,15.996223,15.369041,15.885872,14.681450,14.830566,14.382469,14.793312,14.195114,13.913338,14.606796,14.063721,14.662788,13.969765,14.588127,14.476006,14.476006,14.082504,14.532082,14.662788,14.345024,14.419891,14.026146,14.101280,14.270103,13.913338,14.063721,14.345024,14.082504,14.101280,13.950951,13.649567,13.913338,13.838051,13.856880,13.309326,14.007355,14.026146,13.422867,14.326302,14.044937,13.630692,13.592949,13.517403,13.649567,13.422867,13.574066,13.668427,13.460693,14.476006,13.819221,13.271439,13.574066,13.271439,13.005829,13.138725,13.043808,
12.357613,12.701340,13.119759,13.366112,12.739456,13.138725,12.166107,12.567825,12.853714,12.777557,12.967819,12.261917,12.300209,12.967819,12.682281,12.414986,12.739456,12.204445,13.195625,12.948814,13.024826,12.414986,12.625069,12.185280,13.119759,11.955025,12.644142,12.376740,12.567825,12.625069,13.005829,12.146942,12.605988,12.089409,12.338478,12.529640,13.081795,12.929794,12.070213,12.548721,12.625069,12.491440,12.434105,12.872734,12.872734,12.853714,12.758507,12.567825,12.834679,12.701340,12.739456,12.796600,12.567825,12.834679,13.309326,12.948814,12.834679,12.701340,12.796600,12.796600,12.242760,13.176659,13.157700,12.701340,13.062805,12.796600,12.529640,12.644142,12.625069,12.853714,13.479599,12.491440,12.891754,12.338478,12.910774,12.414986,12.967819,12.510529,12.586906,13.100769,12.376740,12.720398,12.242760,13.005829,12.510529,12.796600,12.948814,12.834679,12.625069,13.441788,12.605988,12.605988,13.403954,13.062805,12.910774,13.043808,13.252487,13.214584,12.986824,13.138725,13.157700,12.948814,13.081795,13.195625,13.157700,13.138725,13.100769,13.119759,12.967819,12.967819,12.910774,12.720398,13.668427,13.441788,13.100769,13.081795,12.948814,13.195625,13.441788,13.403954,13.081795,13.366112,13.366112,13.100769,13.119759,13.328255,13.328255,13.460693,13.233543,13.233543,13.460693,13.309326,13.403954,13.536285,13.441788,13.271439,13.611824,13.460693,13.422867,13.328255,13.856880,13.498497,13.290382,13.706154,13.630692,13.403954,14.044937,13.366112,13.950951,13.498497,13.574066,13.422867,13.800392,13.385033,13.781540,13.271439,13.062805,13.743858,13.422867,13.668427,13.668427,13.838051,13.894524,14.138817,14.625465,14.513397,15.165176,15.016617,15.313492,15.443062,15.738518,16.271500,16.728371,16.564171,16.618950,16.545914,17.092117,17.055817,17.237198,17.490471,16.874062,17.309639,18.012718,17.382019,17.724983,17.182823,17.652901,17.779015,17.634865,17.418190,17.182823,17.472412,17.472412,17.922905,17.508537,17.472412,17.562698,17.219078,17.688942,18.084496,17.994759,17.291534,17.562698,17.815002,17.922905,17.976807,17.490471,17.922905,17.868965,18.192039,18.281563,17.940880,18.442459,18.138290,18.620857,18.174133,18.496017,18.388855,18.299454,18.531708,18.299454,18.603035,18.852211,18.603035,18.709923,18.656494,18.905502,18.674309,18.798882,18.281563,18.709923,18.317345,18.585213,18.442459,18.656494,18.406731,18.745514,18.138290,18.674309,18.781090,18.460312,18.138290,18.958771,18.798882,18.245766,18.478165,18.245766,18.781090,18.692123,18.887749,19.065178,18.620857,18.923264,18.834435,19.136055,18.674309,18.549545,19.065178,18.745514,18.816666,18.781090,19.100624,18.958771,19.065178,19.082909,18.887749,18.727722,18.763306,18.994255,19.047462,19.224541,18.994255,18.656494,18.745514,18.781090,18.674309,18.299454,18.531708,18.656494,18.424599,18.478165,18.424599,18.406731,17.904930,18.353111,17.724983,18.281563,18.245766,18.084496,18.549545,18.192039,18.227867,18.745514,18.156204,18.102425,18.406731,18.442459,18.120361,18.030663,17.761002,18.567383,18.156204,18.424599,17.976807,18.192039,18.048607,17.850990,17.850990,17.994759,18.156204,18.263664,18.227867,18.156204,18.102425,18.030663,17.958839,18.174133,18.442459,18.048607,18.156204,18.192039,17.761002,18.245766,17.652901,17.670921,17.833000,17.562698,17.037659,17.110275,17.237198,16.363075,16.710136,16.106438,16.381371,15.664742,15.387550,14.811943,14.756035,14.345024,14.345024,14.026146,14.438606,14.232613,14.138817,13.856880,13.574066,14.007355,13.988556,13.838051,13.932144,14.026146,14.026146,14.195114,13.988556,13.894524,13.856880,13.781540,13.762703,14.157593,14.007355,13.687294,13.913338,13.706154,13.781540,13.441788,13.781540,13.592949,14.007355,13.517403,13.743858,13.800392,13.555183,13.328255,13.630692,13.743858,13.800392,13.536285,13.649567,13.762703,13.309326,13.214584,13.838051,14.120049,13.762703,13.403954,13.385033,13.743858,14.270103,13.838051,13.988556,13.800392,13.838051,13.781540,13.743858,13.913338,13.555183,14.138817,13.725006,14.063721,13.762703,13.668427,13.856880,13.574066,13.668427,13.894524,14.101280,13.743858,13.875710,13.422867,13.706154,13.555183,13.252487,13.668427,13.366112,13.479599,13.517403,13.271439,13.195625,13.762703,13.252487,13.176659,13.479599,13.687294,13.725006,13.441788,13.290382,13.743858,13.536285,13.781540,13.932144,13.536285,13.706154,13.875710,13.706154,13.781540,13.347183,13.706154,13.366112,13.441788,14.157593,13.932144,13.479599,13.988556,13.800392,13.441788,13.838051,13.743858,13.725006,13.176659,13.838051,13.611824,13.214584,13.630692,13.441788,13.592949,13.932144,13.214584,13.706154,13.894524,13.592949,13.668427,13.536285,13.819221,13.479599,13.687294,13.005829,13.441788,13.290382,13.100769,13.366112,13.574066,13.403954,13.856880,13.271439,13.366112,13.574066,13.366112,13.555183,13.517403,13.630692,13.668427,13.233543,13.762703,13.574066,13.176659,13.649567,13.781540,13.687294,13.441788,13.252487,13.422867,12.910774,13.309326,12.929794,13.195625,13.498497,13.875710,13.950951,13.856880,14.120049,14.176346,14.326302,14.886414,15.016617,14.942238,15.109489,15.202286,15.609375,15.922668,15.959457,15.720085,15.885872,15.590912,16.069710,15.941071,16.161499,16.014603,16.527649,16.363075,16.308144,16.143143,16.491104,16.289825,16.691910,16.837654,16.454536,16.454536,16.344765,16.509377,16.964989,16.509377,16.289825,17.092117,16.198189,16.746590,16.928627,17.418190,17.146553,17.110275,17.146553,17.490471,17.255310,17.164696,17.598785,17.019493,17.616829,17.724983,17.670921,17.724983,17.164696,17.994759,17.886955,17.616829,17.616829,17.363930,17.670921,17.164696,17.940880,17.958839,17.850990,17.128418,17.526596,17.779015,16.928627,17.994759,17.073982,17.001335,17.544655,16.764816,17.092117,16.728371,16.910439,17.146553,16.253181,17.164696,16.691910,16.710136,16.600693,16.946808,16.344765,16.381371,16.216530,16.124794,16.161499,15.646294,15.276436,15.350533,15.128059,14.681450,15.498535,14.419891,14.550774,13.838051,13.819221,14.251350,13.988556,13.950951,14.270103,14.157593,14.662788,14.120049,14.176346,13.913338,14.438606,14.401184,14.419891,14.232613,13.630692,14.345024,14.044937,13.894524,14.718750,13.706154,14.157593,13.969765,14.195114,13.649567,13.762703,13.649567,14.382469,14.138817,14.063721,13.630692,14.811943,13.081795,14.044937,13.649567,13.441788,13.819221,13.536285,13.856880,14.063721,12.929794,13.328255,13.781540,13.385033,12.834679,13.328255,13.422867,12.663208,
12.051033,12.414986,13.043808,12.548721,13.024826,12.605988,12.376740,12.739456,13.271439,12.453224,12.834679,12.777557,12.986824,12.453224,12.586906,13.062805,13.062805,12.146942,12.491440,12.261917,12.548721,12.434105,12.261917,12.567825,12.567825,12.472336,12.491440,12.796600,13.385033,11.955025,12.682281,12.223610,12.834679,12.586906,12.701340,12.357613,12.929794,12.605988,12.548721,12.472336,12.031822,13.005829,13.119759,12.242760,12.777557,12.472336,12.948814,12.796600,12.796600,12.510529,13.176659,12.453224,12.319344,13.271439,12.701340,12.986824,12.758507,12.663208,12.815643,12.739456,13.024826,12.663208,12.682281,12.815643,13.062805,13.555183,13.347183,12.548721,12.720398,12.891754,12.395866,12.491440,13.005829,12.796600,12.701340,12.758507,12.586906,12.510529,12.701340,13.233543,12.682281,13.062805,13.024826,12.414986,12.910774,12.834679,13.081795,12.682281,13.328255,12.701340,12.872734,13.138725,13.081795,13.271439,13.422867,13.138725,13.290382,13.252487,13.385033,13.005829,13.024826,13.743858,13.366112,13.385033,13.176659,12.815643,13.157700,13.441788,13.043808,13.043808,13.441788,13.119759,13.328255,12.929794,13.385033,13.195625,12.720398,13.214584,12.967819,13.498497,13.043808,13.157700,13.309326,13.328255,13.214584,13.385033,13.366112,13.176659,13.441788,13.347183,13.762703,13.138725,13.441788,13.592949,13.762703,13.290382,13.649567,12.986824,13.403954,13.725006,13.856880,13.422867,13.309326,13.706154,13.592949,13.574066,13.422867,13.252487,13.649567,13.574066,13.611824,13.800392,14.007355,13.176659,13.800392,13.157700,13.762703,13.441788,13.781540,13.592949,13.385033,13.781540,13.819221,14.082504,14.830566,14.457298,15.016617,14.942238,15.461563,15.609375,15.849052,15.812218,16.289825,16.582436,16.436256,17.128418,17.055817,16.874062,17.128418,17.037659,17.001335,17.291534,17.634865,17.363930,17.868965,17.562698,17.868965,17.940880,17.724983,17.779015,17.309639,17.562698,17.418190,17.454338,17.670921,17.363930,17.490471,17.400101,17.490471,17.850990,17.688942,17.652901,17.761002,17.779015,18.030663,17.761002,17.868965,18.120361,18.370995,18.048607,18.263664,18.120361,18.496017,18.120361,18.603035,18.245766,18.549545,18.317345,18.388855,18.549545,18.299454,18.424599,18.869980,18.245766,18.424599,18.727722,18.656494,18.227867,18.281563,18.227867,18.727722,18.692123,18.460312,18.353111,18.370995,18.424599,18.156204,17.958839,18.496017,18.567383,18.442459,18.798882,18.585213,18.120361,18.656494,18.603035,18.442459,18.603035,18.994255,18.084496,18.958771,18.852211,18.692123,18.816666,18.727722,18.603035,18.567383,18.994255,18.692123,18.834435,18.994255,19.047462,18.905502,18.603035,19.171471,19.118340,19.082909,18.816666,19.153755,18.763306,18.958771,19.065178,18.674309,18.727722,18.923264,18.709923,18.263664,18.245766,18.781090,18.084496,18.048607,18.353111,18.531708,18.102425,18.156204,18.227867,18.120361,18.353111,18.120361,17.958839,18.692123,18.388855,18.656494,18.209953,18.102425,18.245766,17.904930,18.192039,18.174133,18.209953,17.940880,17.742996,18.299454,17.976807,18.370995,18.066551,17.724983,18.424599,18.030663,18.012718,18.084496,17.833000,18.227867,18.245766,18.549545,18.156204,18.388855,18.370995,18.335236,18.030663,17.815002,18.299454,17.327736,18.012718,17.742996,17.652901,17.472412,16.600693,17.255310,17.055817,16.472824,16.491104,16.161499,16.069710,15.016617,15.257896,15.257896,14.532082,14.998024,13.913338,14.251350,13.687294,14.007355,13.969765,13.536285,13.950951,14.288834,13.574066,13.932144,13.932144,13.668427,13.517403,13.668427,14.176346,13.932144,13.838051,14.063721,13.969765,13.913338,13.875710,13.706154,14.101280,13.366112,14.195114,13.687294,13.894524,13.649567,13.536285,13.743858,14.138817,13.479599,13.403954,13.762703,13.498497,13.611824,13.630692,13.649567,13.913338,13.574066,13.460693,13.555183,13.913338,13.706154,13.309326,13.819221,13.706154,13.385033,13.649567,13.536285,13.441788,13.950951,13.800392,14.232613,14.120049,14.213860,13.819221,13.988556,13.950951,13.441788,13.875710,13.856880,13.819221,14.419891,13.385033,13.630692,13.592949,13.555183,13.460693,13.517403,13.592949,13.649567,13.138725,13.403954,13.668427,13.649567,13.611824,13.517403,13.290382,13.328255,13.536285,13.347183,13.290382,13.781540,13.555183,13.347183,13.403954,13.649567,13.762703,13.950951,13.479599,13.460693,13.706154,13.555183,13.913338,13.706154,13.856880,13.574066,13.422867,13.687294,13.706154,13.687294,14.195114,13.725006,13.479599,14.101280,12.872734,13.611824,13.328255,13.498497,13.290382,13.195625,13.592949,13.328255,13.385033,13.176659,13.592949,13.138725,13.517403,13.611824,13.555183,13.819221,13.403954,13.574066,13.347183,13.309326,13.743858,13.536285,13.762703,13.536285,13.271439,13.498497,13.100769,13.460693,13.649567,13.460693,13.328255,13.536285,13.649567,13.687294,13.479599,13.081795,13.403954,13.611824,13.309326,13.347183,13.592949,13.781540,13.555183,14.120049,13.592949,13.403954,13.743858,13.460693,12.929794,13.687294,13.024826,13.498497,13.536285,13.592949,13.762703,13.630692,13.950951,14.326302,14.382469,15.276436,15.183723,15.332008,15.959457,15.572441,15.553970,15.517014,15.720085,15.646294,15.922668,15.461563,15.977844,15.941071,16.618950,16.344765,16.472824,16.545914,16.051353,17.055817,17.164696,16.308144,16.819458,16.308144,16.837654,16.910439,16.289825,16.253181,16.436256,16.582436,16.691910,16.710136,16.655434,17.092117,16.874062,17.382019,17.237198,17.562698,16.819458,16.983162,17.200951,17.327736,17.273430,17.688942,17.526596,17.345833,17.544655,17.580750,17.200951,17.580750,17.146553,18.048607,18.066551,17.976807,17.526596,17.164696,17.634865,17.382019,17.472412,17.055817,17.255310,16.874062,17.327736,17.291534,17.237198,17.092117,16.964989,16.344765,17.472412,17.001335,17.562698,17.092117,16.801247,16.710136,16.801247,17.037659,16.746590,16.600693,16.399666,16.564171,16.783035,15.812218,15.664742,15.480049,15.977844,14.886414,14.494698,14.979439,14.138817,14.644127,13.988556,14.026146,14.195114,14.026146,13.838051,14.082504,14.662788,14.756035,14.401184,14.532082,14.176346,14.120049,13.630692,14.363747,13.894524,14.101280,14.288834,13.856880,14.157593,13.422867,14.138817,13.687294,13.969765,13.574066,13.969765,14.044937,13.913338,13.555183,13.988556,13.781540,13.517403,13.932144,13.875710,14.251350,13.460693,13.800392,13.743858,13.517403,13.081795,14.063721,13.195625,13.005829,13.555183,13.649567,12.872734,13.441788,12.682281,
12.089409,12.605988,13.005829,12.529640,12.605988,12.853714,12.319344,12.758507,12.796600,12.491440,12.376740,12.357613,12.529640,12.720398,12.910774,11.935799,12.376740,11.820435,12.281059,12.204445,12.815643,11.955025,12.261917,12.281059,12.586906,12.605988,12.472336,12.663208,12.948814,12.223610,13.100769,12.796600,12.739456,12.376740,12.796600,12.986824,12.625069,12.853714,12.491440,12.948814,13.176659,12.453224,13.024826,13.498497,13.157700,12.739456,12.625069,12.663208,12.625069,12.815643,12.815643,12.777557,12.223610,12.872734,12.796600,13.062805,12.986824,12.472336,13.176659,12.929794,12.986824,12.510529,12.834679,13.176659,12.567825,12.720398,13.005829,12.376740,12.548721,12.663208,13.062805,12.758507,12.644142,12.586906,12.910774,12.815643,12.739456,12.261917,12.434105,12.720398,12.720398,12.853714,12.834679,12.261917,12.663208,13.138725,13.024826,12.586906,12.891754,13.062805,13.252487,13.062805,13.176659,13.100769,12.986824,13.290382,12.929794,12.815643,12.663208,13.157700,13.725006,12.567825,13.081795,13.536285,13.119759,13.290382,13.100769,12.910774,13.100769,13.233543,13.024826,13.176659,13.176659,12.986824,13.062805,13.005829,12.929794,13.536285,13.309326,13.081795,13.403954,13.422867,13.668427,12.853714,13.479599,13.385033,12.567825,13.441788,13.195625,13.441788,13.366112,13.195625,13.403954,13.081795,13.762703,12.986824,13.195625,13.403954,13.271439,13.347183,13.536285,13.687294,13.214584,13.687294,13.668427,13.347183,14.063721,13.214584,13.555183,13.498497,13.555183,14.044937,14.120049,13.479599,13.574066,13.176659,13.743858,13.479599,13.838051,13.271439,13.875710,13.950951,14.157593,14.270103,14.550774,14.494698,14.737404,15.016617,15.406059,15.498535,16.198189,15.885872,16.436256,16.363075,16.253181,16.527649,16.928627,16.874062,17.363930,17.164696,17.255310,17.418190,17.291534,17.652901,17.327736,17.128418,17.291534,17.508537,17.652901,17.670921,17.327736,17.688942,17.490471,17.400101,17.327736,17.490471,17.562698,17.237198,17.833000,17.418190,17.850990,17.958839,17.670921,17.886955,17.598785,17.994759,18.012718,18.120361,17.652901,17.904930,18.174133,18.442459,18.406731,18.192039,18.263664,18.317345,18.299454,17.904930,18.442459,18.424599,18.174133,18.442459,18.120361,18.281563,18.442459,18.388855,18.834435,18.442459,18.852211,18.192039,18.496017,18.066551,18.692123,17.904930,18.852211,18.656494,18.727722,18.192039,18.763306,18.603035,18.442459,18.245766,18.335236,18.281563,18.513863,18.460312,18.674309,18.531708,18.513863,19.011993,18.745514,18.709923,18.887749,18.905502,18.958771,19.118340,18.834435,18.816666,18.798882,19.065178,19.295280,18.994255,19.136055,18.674309,18.852211,18.905502,19.082909,19.206863,19.224541,18.976524,18.745514,18.406731,19.206863,18.424599,18.299454,18.460312,18.478165,18.941017,18.442459,18.353111,18.227867,18.192039,18.209953,18.513863,18.084496,18.048607,18.084496,18.030663,18.120361,17.779015,18.245766,18.406731,18.513863,18.138290,18.174133,18.531708,18.012718,17.833000,18.335236,17.994759,18.066551,18.209953,18.549545,18.030663,18.335236,18.317345,18.245766,17.994759,18.102425,18.299454,18.353111,18.192039,18.209953,18.496017,18.531708,18.834435,18.174133,18.066551,18.299454,17.922905,18.299454,18.102425,18.263664,17.886955,17.724983,17.055817,17.436272,17.291534,16.946808,16.472824,16.308144,16.216530,16.728371,15.738518,15.922668,15.424561,14.960838,14.550774,14.532082,13.988556,14.026146,14.457298,14.288834,13.649567,14.120049,13.988556,14.326302,13.838051,13.743858,13.894524,14.082504,13.894524,14.026146,13.894524,13.969765,13.819221,13.762703,13.913338,13.819221,13.630692,13.875710,13.950951,13.950951,13.838051,13.875710,13.233543,13.838051,13.668427,13.894524,13.969765,14.120049,13.838051,13.932144,13.555183,13.385033,14.363747,13.290382,13.819221,13.781540,13.630692,13.913338,14.101280,14.251350,13.252487,13.725006,13.176659,14.101280,13.800392,13.536285,13.932144,13.214584,13.932144,13.894524,13.762703,13.668427,13.875710,13.649567,13.838051,13.479599,13.668427,13.800392,14.513397,13.800392,13.592949,14.044937,13.649567,13.913338,13.725006,14.157593,13.517403,13.592949,13.687294,13.706154,13.668427,13.441788,13.725006,13.668427,13.366112,13.498497,13.687294,13.403954,13.366112,13.366112,13.762703,13.252487,13.819221,13.706154,13.592949,13.781540,13.800392,14.120049,14.138817,13.725006,13.328255,13.856880,14.120049,13.592949,13.574066,13.574066,13.271439,13.574066,13.668427,13.328255,13.460693,13.328255,13.913338,13.233543,13.366112,13.894524,13.574066,13.441788,13.290382,13.838051,13.441788,13.422867,13.309326,13.781540,13.536285,13.441788,13.347183,13.479599,13.536285,13.441788,13.422867,13.290382,13.498497,13.441788,13.762703,13.668427,13.969765,13.555183,13.611824,13.630692,13.574066,13.894524,13.517403,13.214584,13.479599,13.574066,13.611824,13.062805,13.668427,13.819221,13.668427,13.479599,13.574066,13.385033,13.630692,13.517403,13.081795,13.536285,13.366112,13.592949,13.309326,13.403954,12.986824,13.875710,13.932144,13.894524,13.725006,13.894524,14.307571,14.793312,15.016617,15.146614,15.016617,15.294960,15.517014,15.553970,15.572441,15.756950,15.498535,16.088081,15.387550,15.922668,15.959457,15.849052,15.904274,16.051353,16.363075,16.655434,16.600693,16.691910,16.527649,16.216530,16.819458,16.527649,16.655434,16.527649,16.253181,17.327736,16.618950,16.801247,16.874062,16.928627,16.819458,16.746590,17.128418,17.291534,16.946808,17.128418,16.892258,17.073982,17.219078,17.055817,17.200951,17.092117,17.634865,17.868965,17.418190,17.037659,17.382019,17.652901,17.634865,17.418190,17.670921,17.562698,17.652901,17.400101,17.273430,17.382019,17.490471,17.110275,17.544655,17.382019,17.037659,17.815002,17.037659,16.983162,16.983162,17.164696,16.600693,17.019493,17.001335,16.983162,17.073982,16.454536,16.892258,16.564171,16.417961,16.691910,15.977844,16.234848,15.683197,16.014603,15.701637,14.811943,14.886414,14.419891,14.774681,14.232613,14.606796,14.326302,14.588127,14.101280,14.213860,14.382469,14.494698,14.476006,14.457298,14.494698,14.476006,14.793312,14.345024,14.438606,14.270103,14.849190,14.345024,14.382469,13.706154,13.668427,14.401184,14.401184,13.913338,13.687294,14.157593,13.687294,14.044937,13.479599,14.494698,13.838051,13.838051,13.706154,14.044937,13.574066,13.932144,13.385033,13.819221,13.630692,14.101280,13.913338,13.422867,13.138725,13.536285,13.762703,12.853714,13.005829,13.592949,12.529640,12.891754,
12.376740,12.758507,12.720398,13.668427,13.328255,12.567825,12.910774,11.993431,12.815643,12.891754,12.872734,12.281059,13.233543,12.815643,12.510529,12.682281,13.290382,12.701340,13.081795,12.510529,12.929794,12.319344,12.529640,12.357613,13.100769,12.758507,12.146942,11.955025,12.986824,12.376740,12.967819,12.853714,12.948814,12.644142,12.644142,12.567825,12.204445,12.166107,13.138725,12.739456,12.834679,12.720398,13.100769,12.701340,12.872734,12.567825,12.357613,12.758507,12.815643,12.834679,12.491440,12.319344,12.986824,13.024826,12.586906,12.453224,13.366112,12.338478,12.701340,12.453224,13.081795,12.910774,12.472336,12.414986,13.081795,12.967819,12.815643,13.043808,12.644142,12.701340,12.701340,12.548721,12.796600,12.281059,12.586906,12.682281,12.663208,12.510529,12.872734,12.395866,12.986824,12.663208,12.739456,12.701340,12.834679,12.644142,12.891754,12.357613,13.422867,12.891754,12.872734,13.347183,12.872734,12.777557,12.986824,12.986824,13.441788,12.834679,12.796600,12.796600,12.872734,13.157700,12.948814,12.948814,12.967819,13.214584,13.062805,13.157700,12.967819,13.366112,13.024826,12.834679,13.157700,13.100769,12.682281,13.233543,12.986824,13.005829,12.891754,12.777557,13.403954,13.309326,12.663208,12.929794,13.309326,13.195625,12.663208,13.913338,13.195625,13.649567,13.252487,13.762703,13.328255,13.479599,13.005829,13.422867,13.555183,14.213860,14.007355,13.403954,13.517403,13.649567,13.800392,13.611824,13.498497,13.668427,13.725006,13.611824,13.668427,13.819221,13.687294,13.668427,13.574066,13.668427,14.044937,14.176346,13.800392,13.536285,13.630692,12.834679,13.668427,13.611824,14.007355,14.419891,14.457298,14.569450,14.905037,14.588127,14.700096,15.461563,15.904274,16.143143,16.399666,16.819458,16.417961,16.399666,16.801247,17.110275,16.946808,17.255310,17.237198,16.892258,17.382019,17.652901,17.868965,17.688942,17.345833,17.291534,17.742996,17.363930,17.544655,17.544655,17.544655,17.182823,17.508537,17.436272,17.345833,17.526596,17.255310,17.850990,17.815002,17.418190,17.652901,18.030663,17.598785,18.209953,18.263664,17.940880,18.370995,18.156204,18.299454,17.922905,18.066551,18.745514,18.192039,18.656494,18.317345,18.353111,18.299454,18.156204,18.370995,18.478165,18.388855,18.549545,18.709923,18.245766,18.299454,18.317345,18.335236,18.209953,18.852211,18.227867,18.852211,18.603035,18.763306,18.281563,18.745514,18.192039,18.531708,18.245766,18.460312,18.727722,18.335236,18.567383,18.816666,18.834435,18.638680,19.118340,18.603035,18.816666,18.976524,18.317345,18.513863,18.620857,19.118340,18.976524,18.638680,19.418907,18.620857,18.727722,18.994255,19.401253,18.816666,19.224541,19.082909,18.745514,18.976524,19.259926,19.011993,18.638680,18.958771,18.674309,18.941017,18.745514,18.549545,18.370995,18.727722,18.692123,18.585213,18.317345,18.478165,18.317345,18.370995,18.299454,18.656494,18.263664,18.066551,18.370995,18.263664,18.299454,18.317345,17.815002,17.922905,17.940880,18.174133,17.616829,17.850990,18.460312,18.460312,18.012718,18.245766,17.868965,18.353111,18.102425,17.922905,18.102425,18.245766,17.833000,17.868965,17.994759,17.994759,17.994759,18.709923,18.156204,18.174133,18.030663,18.030663,18.066551,18.442459,18.174133,18.156204,18.192039,17.850990,17.958839,17.779015,17.508537,17.237198,17.526596,17.182823,17.110275,16.746590,16.308144,16.399666,15.646294,15.498535,15.220818,15.332008,14.662788,14.774681,13.969765,14.588127,14.307571,14.195114,14.026146,13.743858,14.213860,13.894524,14.007355,13.800392,13.762703,14.550774,14.063721,13.894524,13.024826,14.063721,14.326302,13.555183,13.649567,13.875710,14.251350,13.988556,14.044937,13.932144,14.063721,14.232613,13.385033,13.649567,13.838051,13.706154,13.800392,13.988556,14.082504,13.838051,13.819221,13.932144,13.875710,13.630692,13.611824,13.385033,13.385033,13.762703,13.536285,13.838051,13.574066,13.913338,13.875710,13.290382,13.081795,13.479599,13.592949,14.082504,13.555183,14.044937,13.988556,14.138817,13.687294,13.385033,13.706154,14.120049,13.517403,13.819221,13.385033,13.819221,13.536285,13.875710,14.101280,13.309326,13.988556,13.574066,13.366112,13.403954,13.592949,13.819221,13.233543,13.574066,13.536285,13.687294,13.176659,13.668427,12.967819,13.781540,13.214584,13.176659,13.875710,13.479599,13.024826,13.875710,13.555183,13.687294,13.706154,14.326302,13.592949,14.101280,14.157593,13.706154,13.630692,13.932144,13.366112,13.894524,13.422867,13.498497,13.611824,13.819221,13.536285,13.838051,13.309326,13.233543,13.611824,14.101280,13.347183,13.024826,13.119759,13.875710,13.517403,13.403954,13.743858,13.290382,13.366112,13.309326,13.081795,13.385033,13.762703,13.403954,13.555183,13.498497,13.913338,13.422867,13.460693,13.630692,13.498497,13.592949,13.706154,13.385033,13.555183,13.460693,13.043808,13.460693,13.290382,13.195625,13.611824,13.536285,13.328255,13.403954,13.725006,13.762703,13.498497,13.100769,13.611824,13.800392,13.195625,13.592949,13.176659,13.138725,13.366112,12.834679,13.687294,13.555183,13.536285,13.649567,13.913338,13.819221,14.082504,15.128059,14.307571,14.756035,15.350533,15.609375,15.553970,15.165176,15.812218,15.609375,15.904274,16.198189,15.885872,16.051353,15.720085,15.996223,15.885872,16.179840,16.564171,16.491104,16.600693,16.308144,16.527649,17.055817,16.216530,17.200951,16.710136,16.289825,17.037659,16.691910,16.728371,16.491104,16.417961,17.019493,16.746590,17.019493,16.837654,17.146553,17.237198,17.418190,17.164696,17.616829,17.146553,17.922905,17.345833,17.490471,17.544655,17.904930,17.309639,17.562698,17.850990,17.291534,17.652901,17.886955,17.886955,17.761002,17.526596,17.976807,17.164696,17.562698,17.182823,17.382019,17.544655,17.976807,17.291534,17.706970,16.928627,17.562698,17.490471,17.073982,17.400101,17.146553,16.855865,17.182823,16.655434,16.673668,16.491104,16.545914,16.491104,17.164696,16.491104,16.344765,16.454536,15.977844,15.072350,14.830566,15.053780,15.553970,14.063721,14.457298,14.326302,14.532082,13.950951,13.856880,13.969765,14.867805,13.969765,14.345024,13.781540,14.326302,13.969765,14.120049,14.138817,14.101280,14.232613,13.762703,14.363747,14.401184,13.913338,14.026146,14.345024,13.706154,13.781540,14.438606,13.536285,13.856880,14.138817,14.082504,14.345024,14.195114,13.932144,13.838051,14.138817,13.592949,14.044937,13.781540,14.270103,13.649567,14.195114,13.950951,13.403954,13.875710,13.460693,13.706154,13.005829,13.479599,12.853714,13.195625,12.929794,
12.701340,12.929794,12.910774,12.472336,12.261917,13.517403,12.567825,13.043808,12.663208,12.357613,12.319344,13.536285,13.157700,12.644142,12.510529,13.062805,12.739456,12.967819,12.586906,12.682281,13.271439,12.242760,12.548721,13.176659,13.024826,12.663208,12.910774,12.663208,12.376740,12.929794,12.948814,12.376740,13.043808,12.644142,12.834679,12.434105,12.414986,12.758507,12.510529,12.395866,12.453224,13.176659,12.834679,12.967819,13.214584,13.271439,13.214584,13.157700,12.663208,12.701340,12.929794,13.157700,13.005829,12.720398,12.491440,12.720398,12.453224,13.290382,12.853714,13.176659,12.796600,12.625069,13.119759,13.271439,13.271439,13.195625,13.441788,12.701340,12.929794,13.157700,12.834679,12.472336,12.815643,12.185280,12.529640,12.319344,12.281059,12.815643,12.281059,12.929794,12.491440,12.414986,13.195625,12.644142,12.663208,12.682281,13.290382,12.986824,12.739456,13.138725,13.328255,13.119759,12.853714,13.309326,13.119759,13.176659,12.567825,13.328255,13.157700,12.815643,13.157700,13.366112,13.366112,12.663208,12.948814,12.948814,13.157700,13.138725,13.100769,13.668427,13.668427,12.796600,13.460693,13.043808,13.024826,13.479599,13.176659,13.271439,13.347183,13.309326,13.233543,13.138725,13.157700,13.687294,12.986824,12.967819,12.872734,13.195625,13.252487,13.611824,13.195625,13.290382,13.176659,13.252487,13.725006,13.875710,13.252487,13.536285,13.536285,13.592949,13.403954,13.271439,13.819221,13.743858,14.007355,13.441788,13.574066,14.176346,13.498497,13.913338,13.950951,13.328255,13.838051,13.687294,14.082504,13.536285,13.932144,13.668427,13.687294,13.309326,13.950951,13.762703,14.363747,14.419891,14.494698,14.942238,15.128059,15.109489,15.849052,15.941071,15.885872,15.867470,16.564171,16.381371,16.928627,16.618950,16.874062,16.545914,16.618950,17.815002,17.237198,17.291534,17.815002,17.940880,17.562698,17.634865,17.779015,17.182823,17.886955,17.779015,17.562698,17.019493,17.688942,17.508537,17.273430,17.526596,17.688942,17.291534,17.544655,17.219078,17.797005,17.508537,18.120361,17.363930,17.886955,17.850990,18.012718,17.886955,17.922905,17.850990,18.012718,18.388855,18.674309,18.245766,18.549545,18.496017,18.620857,18.424599,18.638680,18.263664,18.460312,18.478165,18.549545,18.603035,18.299454,18.798882,18.852211,18.638680,18.174133,18.585213,18.513863,18.263664,18.317345,18.603035,18.727722,18.478165,18.335236,18.745514,18.299454,18.245766,18.478165,18.478165,18.585213,18.674309,18.638680,18.620857,18.263664,18.994255,18.923264,19.118340,18.887749,18.958771,18.442459,18.692123,18.781090,18.692123,18.958771,19.029732,18.869980,19.224541,19.295280,18.834435,18.709923,18.887749,19.242241,18.941017,19.082909,19.065178,19.118340,18.781090,18.994255,18.496017,18.994255,18.763306,18.567383,18.816666,18.745514,18.317345,18.798882,18.370995,18.406731,17.904930,18.460312,18.102425,18.066551,18.353111,18.138290,17.994759,18.406731,18.066551,18.156204,17.670921,17.886955,17.940880,18.317345,18.281563,18.406731,18.353111,18.317345,18.120361,18.353111,18.192039,18.227867,18.084496,18.120361,17.994759,18.227867,17.706970,17.976807,18.263664,18.066551,18.084496,18.353111,18.048607,18.496017,18.263664,18.138290,18.227867,18.388855,18.120361,18.174133,17.761002,17.922905,17.850990,18.084496,17.526596,17.418190,17.598785,17.309639,17.237198,17.200951,16.253181,16.143143,16.198189,15.553970,15.701637,14.979439,14.886414,14.307571,14.345024,14.157593,14.288834,13.950951,13.988556,13.988556,14.044937,14.213860,14.120049,13.913338,13.743858,14.026146,14.270103,13.743858,13.838051,13.988556,13.932144,14.101280,14.251350,14.326302,14.120049,13.743858,14.026146,14.082504,13.290382,13.517403,13.875710,13.894524,13.781540,13.988556,14.044937,14.213860,13.781540,14.326302,13.630692,13.536285,13.687294,13.988556,14.007355,13.800392,13.252487,13.271439,14.007355,13.856880,13.214584,13.630692,13.498497,13.856880,13.385033,14.251350,13.574066,13.309326,13.687294,14.007355,13.875710,14.044937,13.592949,13.649567,13.706154,13.969765,13.195625,13.969765,14.063721,13.517403,13.781540,13.875710,13.498497,13.781540,13.969765,13.233543,13.498497,13.517403,13.592949,13.498497,13.233543,13.460693,13.328255,13.100769,13.214584,13.441788,13.517403,13.819221,13.366112,13.271439,13.366112,13.100769,13.441788,13.252487,13.574066,13.366112,13.290382,13.517403,13.932144,13.668427,13.781540,14.401184,13.498497,13.479599,13.460693,13.875710,13.687294,14.026146,13.743858,13.460693,13.762703,13.460693,13.290382,13.574066,13.517403,13.988556,13.649567,13.536285,13.517403,13.366112,13.498497,13.195625,13.366112,13.366112,13.649567,13.800392,13.290382,13.422867,14.007355,13.668427,13.441788,13.385033,13.043808,13.366112,13.366112,13.119759,13.233543,13.271439,13.081795,13.271439,13.195625,13.460693,13.309326,13.819221,13.725006,13.005829,13.290382,13.932144,14.026146,13.498497,13.479599,13.706154,13.498497,13.422867,13.214584,13.385033,13.271439,13.574066,13.252487,13.271439,12.834679,13.403954,13.555183,13.366112,13.214584,13.932144,14.176346,14.157593,13.838051,14.737404,14.494698,14.998024,14.588127,15.609375,15.664742,15.553970,15.257896,15.775375,15.867470,15.793800,15.793800,16.417961,15.646294,15.387550,16.673668,16.564171,16.216530,16.509377,16.124794,16.600693,16.399666,16.783035,16.198189,16.655434,16.691910,16.253181,16.618950,16.509377,16.234848,16.564171,17.146553,17.092117,16.983162,16.983162,16.691910,17.055817,17.526596,17.055817,17.309639,17.490471,17.833000,17.146553,17.652901,17.400101,17.706970,17.237198,17.598785,17.200951,17.219078,17.418190,17.598785,17.706970,17.742996,17.779015,17.958839,17.815002,17.868965,17.724983,17.327736,17.616829,17.562698,17.273430,17.382019,17.526596,17.255310,17.598785,17.562698,17.219078,16.874062,17.400101,17.001335,17.110275,17.237198,16.764816,16.874062,16.764816,16.582436,16.308144,15.627831,15.959457,15.977844,15.406059,15.775375,15.220818,15.053780,14.700096,14.737404,14.625465,14.662788,14.195114,14.363747,13.838051,14.532082,14.979439,14.288834,13.668427,14.438606,14.419891,14.307571,14.326302,14.737404,14.326302,13.913338,14.476006,14.326302,14.007355,14.082504,14.138817,13.819221,14.401184,14.849190,13.875710,13.856880,13.800392,14.176346,14.345024,13.819221,13.838051,14.157593,13.932144,13.838051,13.687294,13.800392,13.932144,13.781540,14.120049,13.725006,13.894524,13.479599,13.043808,13.536285,13.157700,13.517403,13.441788,13.441788,12.796600,12.701340,
12.223610,13.214584,12.910774,13.119759,13.005829,12.453224,12.548721,12.682281,12.834679,13.630692,13.233543,12.663208,12.834679,12.739456,12.472336,13.574066,13.024826,12.510529,12.796600,12.720398,12.834679,13.024826,12.472336,12.625069,12.891754,12.910774,12.567825,12.929794,12.891754,12.720398,12.319344,12.967819,12.644142,12.529640,12.567825,12.910774,12.567825,12.891754,13.252487,12.510529,12.663208,12.682281,12.796600,13.838051,12.491440,12.223610,12.910774,12.300209,13.366112,12.472336,12.872734,13.005829,12.853714,12.948814,12.758507,13.233543,12.967819,13.233543,13.252487,12.777557,12.739456,12.967819,13.271439,13.005829,13.422867,13.309326,12.986824,13.157700,12.796600,12.948814,12.834679,12.548721,13.024826,12.548721,13.347183,12.281059,12.338478,12.357613,12.777557,12.472336,12.777557,12.510529,13.043808,12.720398,12.815643,12.891754,12.948814,13.024826,12.777557,13.024826,12.891754,13.100769,13.366112,12.777557,12.948814,12.510529,12.796600,13.611824,13.252487,12.986824,13.309326,12.910774,13.195625,13.005829,13.366112,12.967819,13.233543,12.967819,13.214584,13.252487,13.062805,12.758507,13.119759,12.872734,12.891754,13.176659,13.536285,13.214584,13.403954,13.081795,13.195625,13.081795,13.441788,12.967819,13.195625,13.252487,13.403954,13.233543,13.176659,13.479599,12.967819,13.005829,13.441788,13.214584,13.271439,13.385033,13.649567,13.498497,13.517403,13.252487,14.063721,13.328255,14.063721,13.611824,13.479599,14.007355,13.611824,13.592949,13.592949,13.950951,14.138817,13.969765,13.668427,13.819221,13.725006,13.743858,13.762703,13.838051,13.687294,13.725006,13.781540,13.875710,14.438606,14.063721,14.644127,14.867805,14.811943,15.165176,14.942238,15.904274,15.849052,16.271500,16.161499,16.509377,16.655434,16.655434,17.110275,16.892258,17.037659,17.164696,17.508537,16.946808,17.508537,17.345833,17.886955,17.580750,17.490471,17.418190,17.922905,17.526596,17.219078,17.382019,17.958839,17.237198,17.724983,17.255310,17.634865,17.490471,17.940880,17.670921,17.706970,17.922905,18.281563,17.940880,17.922905,17.850990,17.904930,18.299454,17.994759,18.781090,18.174133,18.102425,18.120361,18.531708,18.567383,18.674309,18.674309,17.958839,18.424599,18.460312,18.370995,18.674309,18.245766,18.353111,18.674309,18.549545,18.370995,18.603035,18.353111,18.388855,18.263664,18.531708,18.834435,18.869980,18.727722,18.424599,18.549545,18.281563,18.585213,18.549545,18.478165,18.692123,18.603035,18.406731,18.585213,18.887749,18.852211,18.976524,19.295280,18.798882,18.869980,18.478165,19.224541,18.816666,18.834435,19.224541,18.852211,18.816666,19.224541,19.277603,19.454201,19.047462,19.029732,19.171471,19.118340,19.100624,19.330627,19.418907,19.401253,19.206863,19.242241,18.834435,18.923264,18.656494,18.976524,18.585213,18.656494,18.549545,18.674309,18.531708,18.460312,18.138290,18.406731,18.299454,17.850990,18.317345,18.120361,17.994759,18.174133,18.245766,18.513863,18.227867,18.478165,17.508537,18.317345,17.994759,18.478165,17.850990,18.156204,18.370995,18.388855,18.317345,18.245766,18.406731,18.192039,18.012718,17.779015,17.976807,18.102425,18.227867,18.388855,18.192039,18.424599,18.263664,18.209953,18.209953,18.370995,18.370995,18.138290,18.460312,18.156204,18.138290,18.370995,17.815002,17.580750,17.418190,17.544655,17.200951,17.237198,16.837654,17.019493,16.491104,16.088081,15.941071,15.609375,14.867805,15.165176,14.923637,14.718750,14.513397,14.082504,13.517403,14.326302,13.950951,13.706154,14.026146,13.894524,13.819221,14.382469,14.082504,14.026146,14.101280,13.725006,13.875710,14.251350,13.913338,13.762703,13.969765,14.513397,13.838051,13.819221,13.800392,13.950951,13.743858,14.007355,13.611824,14.082504,13.536285,13.950951,13.894524,14.288834,13.800392,13.856880,13.649567,13.762703,13.649567,13.819221,13.479599,13.800392,13.517403,13.838051,13.630692,14.044937,13.479599,13.819221,13.743858,13.856880,13.725006,13.517403,13.668427,13.290382,14.026146,13.611824,13.725006,13.762703,13.479599,13.913338,13.969765,13.950951,14.232613,13.706154,13.913338,13.819221,13.555183,14.251350,13.422867,13.856880,13.649567,13.385033,13.385033,13.800392,13.498497,13.479599,13.138725,13.195625,13.441788,13.157700,13.062805,13.536285,13.271439,13.347183,13.517403,13.309326,13.781540,13.574066,13.328255,13.762703,13.762703,13.366112,13.668427,13.592949,13.649567,14.082504,13.555183,13.856880,13.119759,13.366112,14.044937,13.762703,13.271439,13.856880,13.838051,13.347183,13.743858,13.743858,13.611824,13.875710,13.649567,13.517403,13.574066,13.950951,13.460693,13.290382,13.649567,13.498497,12.891754,13.309326,13.024826,13.347183,13.252487,13.290382,13.460693,13.385033,13.422867,13.460693,13.555183,13.555183,13.498497,12.967819,13.649567,12.701340,13.555183,13.574066,13.555183,13.422867,12.948814,13.498497,13.328255,13.252487,13.479599,13.517403,13.725006,13.555183,13.517403,13.875710,13.441788,13.138725,13.157700,13.781540,13.894524,13.592949,13.649567,13.403954,13.271439,13.138725,13.157700,13.706154,13.725006,13.913338,14.476006,13.781540,14.401184,14.494698,14.195114,15.257896,15.517014,15.480049,15.941071,15.996223,14.998024,15.646294,15.738518,15.867470,15.369041,15.922668,16.509377,16.161499,15.904274,15.922668,16.399666,16.363075,16.564171,16.308144,15.904274,16.983162,16.326462,16.088081,16.198189,16.527649,16.308144,16.946808,16.234848,16.819458,16.783035,16.983162,16.910439,17.110275,16.837654,17.309639,17.182823,17.237198,17.200951,17.309639,17.490471,17.724983,17.327736,17.580750,17.976807,17.670921,17.544655,17.544655,17.886955,18.030663,18.120361,17.580750,17.526596,17.327736,17.976807,17.454338,18.030663,17.670921,17.688942,17.400101,17.724983,17.472412,17.345833,17.616829,17.255310,17.255310,17.634865,17.001335,17.092117,16.801247,17.055817,16.892258,17.110275,16.819458,16.491104,17.037659,16.234848,16.179840,16.051353,16.179840,16.051353,15.867470,15.756950,14.867805,14.998024,14.905037,14.419891,14.457298,14.363747,14.811943,14.494698,14.363747,14.718750,14.120049,13.894524,14.176346,14.307571,14.513397,14.401184,14.044937,14.438606,14.044937,14.251350,13.762703,14.382469,13.630692,14.120049,14.120049,13.969765,14.176346,13.441788,14.232613,13.611824,14.326302,14.494698,14.044937,14.044937,13.894524,13.574066,13.913338,13.838051,14.044937,13.762703,13.932144,13.988556,13.743858,13.517403,13.366112,13.252487,13.479599,13.725006,13.422867,12.796600,13.176659,13.781540,12.815643,12.491440,
12.261917,12.605988,12.261917,12.548721,13.214584,12.414986,12.682281,12.834679,12.967819,12.815643,12.834679,13.233543,12.834679,12.720398,13.441788,12.986824,12.625069,12.929794,13.062805,12.548721,13.081795,12.720398,12.453224,12.529640,12.929794,12.051033,12.853714,12.929794,13.119759,12.376740,12.472336,13.024826,12.929794,12.567825,12.663208,12.853714,12.701340,12.701340,12.891754,12.567825,13.328255,12.739456,12.300209,12.644142,13.157700,12.395866,12.948814,12.777557,13.233543,12.739456,12.815643,12.414986,13.498497,12.796600,13.271439,13.119759,13.403954,13.138725,13.743858,13.138725,12.929794,13.347183,13.460693,12.586906,13.119759,12.891754,13.176659,13.024826,13.441788,12.663208,12.434105,12.910774,12.853714,12.682281,13.005829,12.070213,12.644142,12.395866,12.376740,12.376740,12.548721,12.586906,13.347183,12.853714,12.453224,13.157700,13.252487,12.872734,13.195625,13.100769,12.891754,12.720398,13.138725,12.948814,13.630692,13.479599,12.910774,12.948814,13.024826,12.853714,12.948814,13.195625,12.796600,12.910774,13.290382,12.967819,13.157700,12.891754,13.024826,13.043808,12.910774,12.777557,13.290382,13.005829,13.403954,13.138725,13.309326,12.967819,13.347183,13.043808,12.891754,13.913338,13.119759,12.434105,13.214584,13.252487,13.214584,13.062805,13.347183,13.214584,13.630692,13.555183,13.195625,13.290382,13.668427,13.385033,12.891754,13.630692,13.725006,13.800392,13.309326,13.706154,13.630692,13.517403,14.026146,14.044937,13.725006,13.838051,13.498497,13.592949,13.875710,13.819221,14.082504,13.838051,13.422867,13.800392,13.913338,13.630692,13.894524,13.706154,14.101280,14.157593,14.026146,14.307571,14.176346,14.476006,15.257896,14.942238,15.646294,15.849052,15.885872,15.922668,16.582436,16.308144,16.582436,16.710136,16.564171,17.219078,17.237198,17.237198,16.710136,17.291534,17.490471,17.363930,17.580750,17.291534,17.833000,17.706970,17.688942,17.345833,17.508537,17.634865,17.616829,17.598785,17.833000,17.580750,17.580750,17.940880,17.580750,17.904930,17.904930,17.797005,17.833000,17.994759,17.670921,17.940880,18.012718,18.263664,18.120361,18.227867,18.120361,18.317345,18.317345,18.299454,18.585213,18.638680,18.192039,18.852211,18.887749,18.138290,18.406731,18.424599,18.656494,18.353111,18.585213,18.442459,18.656494,18.066551,18.745514,18.353111,18.245766,18.370995,18.709923,18.727722,18.549545,18.353111,18.156204,18.388855,18.281563,18.460312,18.745514,18.102425,18.478165,18.638680,18.869980,18.781090,18.781090,18.478165,18.781090,18.638680,18.994255,19.206863,19.206863,19.136055,19.065178,19.100624,18.763306,19.153755,19.118340,19.295280,19.047462,19.153755,19.136055,18.905502,19.136055,19.118340,19.065178,19.118340,19.242241,18.763306,19.065178,18.603035,19.401253,18.869980,18.549545,18.513863,19.011993,18.513863,18.620857,18.585213,18.656494,18.513863,18.798882,18.603035,18.263664,18.353111,18.245766,18.549545,18.406731,18.120361,18.406731,18.424599,18.370995,18.192039,18.084496,18.263664,18.478165,18.174133,18.263664,18.012718,17.706970,18.174133,18.388855,18.335236,17.797005,18.102425,18.156204,18.245766,18.174133,18.156204,17.922905,18.227867,18.317345,18.120361,18.102425,18.245766,18.549545,18.941017,18.370995,18.317345,17.922905,17.958839,17.670921,17.526596,17.958839,17.616829,17.616829,17.073982,17.273430,16.600693,16.454536,16.509377,16.106438,15.849052,15.720085,15.128059,15.183723,14.606796,14.532082,14.457298,14.232613,14.138817,13.988556,14.026146,14.120049,14.120049,14.401184,14.157593,13.875710,14.063721,13.913338,14.326302,13.950951,13.950951,14.044937,14.044937,14.382469,13.950951,13.498497,13.819221,13.950951,13.875710,14.082504,14.550774,14.007355,13.762703,13.894524,13.856880,13.781540,13.743858,14.251350,14.007355,13.592949,13.988556,13.630692,13.611824,13.969765,13.498497,13.347183,13.894524,13.950951,13.347183,13.800392,13.479599,13.649567,13.536285,13.630692,13.536285,14.288834,13.574066,14.044937,13.687294,14.120049,13.743858,14.232613,13.950951,14.007355,13.913338,14.382469,14.063721,13.856880,13.649567,13.913338,14.082504,13.950951,13.517403,13.460693,14.120049,13.328255,13.894524,13.517403,13.838051,13.762703,13.005829,13.195625,13.743858,13.119759,13.725006,13.555183,13.024826,13.214584,13.328255,13.422867,13.366112,13.536285,13.687294,13.800392,13.687294,13.932144,13.271439,13.725006,14.176346,13.706154,13.950951,14.082504,13.687294,13.743858,13.950951,13.328255,13.460693,13.574066,13.271439,13.271439,13.574066,13.574066,13.668427,13.706154,13.706154,13.611824,13.592949,13.479599,13.498497,13.441788,13.385033,13.479599,13.668427,13.157700,13.328255,13.649567,13.233543,13.176659,13.195625,13.536285,13.195625,13.290382,13.062805,13.176659,13.214584,12.739456,13.081795,13.195625,13.366112,13.422867,13.290382,13.574066,13.894524,13.555183,13.517403,13.328255,13.630692,13.649567,13.592949,13.479599,13.555183,13.309326,13.668427,13.498497,13.403954,12.834679,13.157700,13.422867,13.176659,13.856880,13.403954,13.100769,12.948814,13.592949,13.157700,13.988556,14.082504,13.781540,14.007355,14.270103,14.382469,14.923637,15.146614,15.553970,15.830643,14.979439,15.830643,15.738518,15.701637,15.701637,16.179840,15.553970,16.088081,16.417961,16.216530,16.143143,16.088081,16.106438,16.051353,16.216530,16.234848,16.454536,16.399666,15.959457,16.271500,16.728371,16.417961,16.637184,16.637184,16.326462,16.801247,17.019493,16.527649,16.819458,17.073982,16.874062,16.837654,16.801247,17.200951,17.309639,17.562698,17.309639,17.418190,17.128418,17.904930,17.940880,17.382019,17.544655,17.562698,17.797005,17.922905,18.012718,17.309639,17.544655,17.345833,18.030663,17.418190,17.833000,17.688942,17.670921,17.418190,17.472412,17.562698,17.616829,17.001335,17.616829,17.382019,17.237198,17.200951,16.764816,16.691910,16.710136,16.472824,16.928627,16.509377,16.454536,15.830643,16.234848,16.363075,16.051353,16.124794,15.461563,15.738518,14.774681,14.644127,14.811943,14.007355,14.082504,14.662788,14.849190,13.950951,14.793312,14.213860,14.494698,14.494698,14.382469,14.382469,14.345024,13.819221,13.932144,14.700096,14.251350,13.875710,13.725006,14.213860,13.743858,14.419891,13.913338,14.101280,13.988556,13.838051,14.157593,13.932144,14.195114,13.555183,14.157593,13.271439,13.913338,14.681450,14.101280,13.856880,13.913338,14.176346,13.988556,14.326302,13.743858,13.649567,13.649567,13.781540,14.270103,13.195625,13.290382,13.385033,12.872734,13.252487,12.414986,13.290382,
12.548721,12.815643,13.233543,12.948814,12.891754,12.777557,13.517403,13.100769,13.157700,12.663208,13.460693,12.510529,12.644142,13.081795,13.024826,12.529640,13.081795,12.663208,12.510529,12.777557,12.739456,12.701340,12.453224,13.422867,13.005829,12.682281,13.252487,13.403954,12.644142,12.796600,12.891754,13.517403,13.081795,12.644142,12.853714,12.853714,12.567825,12.815643,12.929794,13.081795,12.491440,12.758507,12.548721,13.024826,13.195625,13.214584,13.271439,12.281059,13.081795,12.872734,13.043808,12.720398,13.005829,13.005829,13.460693,12.815643,13.100769,13.043808,12.986824,13.081795,12.967819,13.233543,13.005829,12.948814,13.422867,12.910774,13.138725,12.910774,13.005829,13.479599,12.472336,12.701340,12.472336,12.376740,12.644142,12.166107,12.242760,12.777557,12.357613,12.434105,12.701340,12.510529,13.062805,12.834679,12.967819,12.529640,12.929794,12.720398,13.157700,13.214584,13.195625,13.233543,13.214584,13.081795,12.967819,13.005829,13.271439,12.796600,12.891754,13.385033,13.024826,13.517403,12.948814,13.309326,13.592949,12.891754,13.195625,12.739456,13.081795,13.043808,13.062805,13.309326,13.005829,13.460693,13.252487,13.119759,13.214584,13.479599,13.819221,13.271439,13.233543,13.195625,13.043808,12.281059,13.347183,13.214584,13.385033,12.967819,13.422867,13.668427,13.687294,13.574066,13.252487,13.081795,13.460693,13.555183,13.950951,13.498497,13.574066,13.743858,13.366112,14.138817,13.687294,13.800392,13.969765,13.441788,13.347183,13.649567,14.101280,13.969765,13.800392,13.649567,13.403954,13.894524,13.498497,13.649567,13.611824,13.706154,13.611824,13.347183,13.894524,13.271439,14.270103,14.494698,14.382469,14.494698,14.625465,14.737404,15.332008,15.683197,15.812218,16.198189,16.491104,16.234848,16.417961,16.436256,16.509377,16.710136,17.309639,16.637184,17.219078,17.472412,17.255310,17.237198,17.472412,17.472412,17.652901,17.688942,17.400101,17.273430,17.526596,17.273430,17.454338,17.436272,17.327736,16.946808,17.598785,17.634865,17.418190,17.706970,17.904930,17.580750,17.940880,17.940880,18.442459,17.940880,17.688942,18.227867,18.370995,18.120361,18.406731,18.370995,18.531708,18.066551,18.299454,18.674309,18.656494,18.692123,18.353111,18.388855,18.370995,18.585213,18.496017,18.620857,18.585213,18.567383,18.442459,18.781090,18.460312,18.656494,18.084496,17.850990,18.353111,18.869980,18.656494,18.478165,18.620857,18.388855,18.192039,18.424599,18.781090,18.638680,18.567383,18.531708,18.388855,18.174133,18.798882,18.834435,18.941017,18.763306,19.029732,19.047462,18.887749,19.383614,18.798882,19.100624,19.171471,19.383614,19.224541,19.330627,18.994255,19.136055,18.923264,19.029732,19.206863,19.206863,18.887749,19.100624,19.189156,19.136055,19.047462,18.798882,18.781090,18.567383,19.100624,18.905502,19.011993,18.531708,18.549545,18.227867,18.656494,18.102425,18.460312,18.012718,18.424599,18.424599,18.763306,18.192039,18.084496,17.922905,18.084496,18.048607,18.209953,18.048607,18.030663,17.797005,18.442459,18.066551,18.174133,18.012718,18.424599,18.084496,18.120361,18.102425,18.263664,18.012718,18.281563,17.994759,17.994759,17.850990,17.742996,18.102425,18.138290,18.102425,18.460312,17.976807,18.406731,18.727722,17.976807,18.156204,17.904930,17.940880,18.156204,17.833000,17.598785,17.580750,17.345833,17.508537,16.928627,16.783035,16.545914,16.491104,16.124794,15.738518,15.146614,15.406059,15.350533,14.867805,14.401184,14.157593,14.625465,14.101280,14.307571,14.195114,13.913338,13.687294,13.875710,13.856880,13.894524,13.875710,13.913338,14.101280,14.157593,13.913338,13.819221,13.479599,13.649567,13.743858,14.063721,13.950951,14.101280,13.422867,13.875710,14.138817,13.781540,13.687294,13.856880,13.856880,13.894524,13.856880,13.894524,13.271439,13.611824,13.555183,13.309326,13.988556,13.687294,13.592949,13.969765,13.969765,14.026146,13.762703,13.309326,14.120049,13.762703,14.044937,13.781540,13.479599,13.838051,13.781540,13.611824,13.856880,14.044937,13.762703,13.932144,13.498497,13.838051,13.743858,14.120049,14.213860,13.630692,13.517403,13.630692,14.195114,13.856880,14.157593,13.385033,13.460693,14.101280,13.762703,13.781540,13.611824,13.290382,13.800392,13.252487,13.176659,13.271439,13.403954,13.328255,13.630692,13.309326,13.290382,13.119759,13.668427,13.195625,13.385033,13.687294,13.762703,13.555183,13.649567,13.932144,13.668427,13.555183,13.309326,13.668427,13.630692,13.856880,13.290382,13.611824,13.479599,13.762703,13.385033,13.913338,13.403954,13.762703,13.195625,13.422867,13.725006,13.743858,13.536285,13.479599,13.460693,13.517403,13.403954,13.649567,13.725006,13.649567,13.498497,12.834679,13.271439,13.536285,13.422867,13.233543,13.574066,13.913338,13.195625,13.233543,13.385033,13.366112,13.119759,13.498497,13.157700,13.838051,13.062805,13.781540,13.309326,13.252487,12.986824,13.574066,13.119759,13.366112,13.441788,13.366112,13.668427,12.986824,13.422867,13.819221,13.592949,13.271439,13.725006,13.592949,13.119759,13.687294,13.024826,13.479599,13.328255,13.574066,13.687294,14.082504,13.762703,14.026146,14.457298,14.774681,14.662788,14.905037,14.942238,15.812218,15.498535,15.609375,15.498535,15.977844,15.183723,16.198189,15.294960,15.941071,16.124794,16.032974,16.545914,16.032974,16.234848,16.271500,16.106438,16.801247,16.655434,16.454536,16.363075,16.582436,15.849052,16.399666,16.582436,16.069710,16.892258,16.710136,16.491104,16.691910,16.928627,16.819458,17.037659,17.110275,16.509377,17.363930,17.037659,17.472412,16.855865,17.436272,17.436272,17.508537,17.382019,17.598785,17.562698,17.436272,17.652901,17.724983,17.670921,17.200951,17.598785,17.291534,17.598785,17.616829,17.237198,17.345833,17.454338,17.724983,17.092117,17.110275,17.454338,17.472412,16.837654,16.910439,16.983162,16.710136,16.545914,17.363930,16.600693,16.710136,17.037659,16.618950,16.600693,16.491104,16.582436,15.996223,16.399666,15.775375,15.775375,15.313492,15.053780,14.830566,14.905037,14.588127,13.988556,14.867805,14.101280,14.101280,14.345024,13.988556,14.063721,13.743858,14.251350,14.326302,14.157593,14.251350,13.875710,13.932144,14.288834,14.270103,14.232613,14.438606,13.498497,14.120049,13.781540,14.793312,14.026146,13.555183,13.366112,14.550774,13.838051,13.875710,14.363747,13.743858,13.894524,13.969765,13.403954,14.232613,13.932144,14.326302,13.138725,14.026146,13.743858,13.649567,13.611824,13.347183,13.479599,13.309326,13.781540,13.630692,13.081795,12.986824,13.366112,13.687294,12.319344,
11.955025,12.548721,13.176659,12.758507,13.252487,13.081795,12.529640,12.491440,13.043808,12.682281,13.005829,12.586906,12.625069,13.062805,12.338478,13.005829,12.472336,13.062805,12.796600,12.414986,12.644142,12.948814,12.491440,13.157700,12.204445,12.491440,12.872734,12.434105,12.434105,12.796600,12.777557,12.910774,12.758507,13.024826,12.796600,12.567825,12.815643,12.872734,13.328255,12.586906,13.005829,12.758507,12.872734,13.062805,12.834679,12.720398,12.529640,12.796600,13.195625,12.986824,12.891754,12.796600,13.422867,13.536285,12.834679,12.910774,13.687294,13.195625,12.777557,12.739456,13.062805,13.005829,13.100769,13.290382,12.872734,13.214584,13.309326,13.043808,13.271439,12.510529,12.682281,12.777557,12.910774,12.414986,12.739456,12.682281,12.853714,12.510529,12.739456,12.682281,12.300209,12.261917,12.281059,12.682281,12.204445,13.119759,12.031822,12.853714,12.986824,12.739456,12.948814,12.739456,13.100769,13.100769,13.024826,13.176659,12.815643,13.271439,13.517403,13.100769,13.668427,13.100769,13.328255,13.252487,12.986824,13.479599,13.290382,12.929794,13.100769,12.796600,13.385033,13.233543,13.366112,13.536285,13.138725,12.929794,13.195625,13.252487,13.252487,13.441788,13.441788,13.043808,13.309326,13.611824,13.195625,13.536285,13.366112,13.328255,13.233543,12.872734,13.366112,13.762703,13.592949,13.517403,12.948814,13.611824,13.081795,13.347183,13.668427,13.592949,13.611824,13.592949,13.706154,13.743858,13.687294,13.574066,14.345024,13.800392,13.555183,13.630692,13.762703,13.988556,13.385033,13.856880,13.988556,13.309326,13.498497,13.290382,13.894524,13.913338,13.762703,13.781540,14.345024,13.913338,14.569450,14.476006,14.756035,14.849190,15.572441,15.849052,15.609375,16.179840,16.436256,16.491104,16.801247,16.964989,16.910439,16.801247,17.327736,16.983162,17.237198,16.764816,17.436272,16.837654,16.928627,17.418190,17.742996,17.382019,17.418190,16.910439,17.472412,17.436272,17.508537,17.833000,17.273430,17.345833,17.237198,17.544655,17.580750,17.886955,17.634865,17.994759,17.616829,17.724983,18.066551,17.544655,18.460312,18.156204,18.138290,18.478165,18.603035,18.192039,18.424599,18.763306,18.478165,18.709923,18.370995,18.531708,18.869980,18.156204,18.531708,18.834435,18.763306,18.549545,18.460312,18.496017,18.585213,18.030663,18.638680,18.442459,18.513863,18.460312,17.994759,18.603035,18.424599,19.153755,18.245766,18.406731,18.567383,18.531708,18.567383,18.496017,18.513863,18.245766,18.656494,18.442459,19.029732,18.763306,18.620857,18.388855,19.295280,18.763306,18.798882,18.923264,18.887749,19.082909,18.656494,19.348289,19.189156,19.365944,19.206863,18.816666,19.065178,18.976524,19.330627,19.277603,18.994255,19.100624,19.065178,18.941017,18.852211,18.834435,19.171471,19.259926,18.905502,18.638680,18.745514,18.335236,18.763306,18.227867,18.620857,18.245766,18.317345,18.531708,18.156204,18.102425,18.084496,18.442459,18.370995,17.886955,18.245766,18.460312,18.317345,17.922905,18.245766,18.317345,18.030663,18.406731,18.174133,18.353111,17.724983,18.299454,18.066551,18.245766,18.138290,17.940880,18.066551,17.940880,17.779015,18.370995,18.192039,18.227867,18.174133,18.102425,18.209953,17.850990,18.513863,17.958839,18.209953,18.245766,17.833000,18.030663,18.192039,18.048607,17.688942,17.634865,17.634865,17.110275,17.219078,16.801247,17.073982,16.326462,16.198189,15.996223,15.683197,15.128059,14.979439,14.830566,14.625465,14.307571,13.706154,13.555183,13.913338,14.063721,13.913338,13.630692,14.120049,13.819221,13.819221,14.120049,13.894524,14.063721,14.044937,13.555183,13.649567,14.138817,13.894524,13.856880,14.288834,13.460693,13.856880,13.630692,13.838051,13.743858,13.988556,13.611824,13.894524,13.441788,13.800392,13.347183,13.781540,13.668427,13.856880,13.856880,13.687294,13.422867,13.743858,14.082504,13.479599,13.290382,13.592949,14.007355,13.422867,13.875710,13.913338,13.838051,13.498497,13.385033,14.157593,14.044937,14.213860,13.743858,13.819221,13.592949,13.875710,13.725006,13.856880,14.082504,13.969765,14.138817,13.838051,13.856880,13.649567,13.347183,14.138817,13.875710,13.668427,13.592949,13.725006,13.611824,13.271439,13.252487,13.574066,12.834679,13.252487,13.100769,13.138725,12.948814,12.929794,13.422867,13.214584,13.309326,13.498497,13.460693,13.100769,13.100769,13.536285,13.309326,13.422867,13.366112,13.214584,13.611824,13.668427,13.743858,13.875710,13.460693,13.517403,13.630692,13.894524,13.706154,13.592949,13.875710,13.517403,13.743858,14.120049,13.385033,13.157700,13.498497,13.403954,13.214584,13.649567,13.347183,13.536285,13.592949,13.668427,12.872734,13.460693,13.668427,13.422867,13.195625,13.668427,13.366112,13.328255,13.271439,13.328255,12.948814,13.403954,13.100769,13.309326,13.441788,13.119759,13.574066,13.119759,13.214584,13.119759,13.479599,13.574066,13.176659,13.290382,13.271439,13.536285,12.986824,13.328255,13.195625,13.649567,13.969765,13.309326,13.706154,13.233543,13.005829,13.347183,12.777557,13.062805,13.024826,13.630692,13.630692,13.309326,13.592949,13.706154,13.800392,14.063721,13.913338,14.232613,14.942238,14.644127,14.923637,15.424561,15.572441,15.072350,15.867470,15.996223,15.332008,15.498535,15.701637,15.885872,15.646294,15.775375,16.344765,15.738518,16.234848,16.032974,16.014603,15.830643,16.436256,16.308144,16.710136,16.289825,16.655434,16.691910,16.381371,16.855865,16.234848,16.764816,16.363075,16.673668,16.600693,17.073982,16.946808,17.092117,16.691910,17.182823,17.472412,17.544655,17.146553,16.746590,17.037659,17.418190,17.219078,17.146553,17.363930,17.634865,17.363930,16.946808,17.994759,17.110275,17.472412,18.030663,17.490471,17.616829,17.146553,17.833000,17.508537,17.922905,17.436272,17.724983,17.526596,17.055817,16.892258,17.652901,17.219078,17.400101,16.855865,17.291534,17.092117,16.819458,16.582436,17.327736,16.454536,16.363075,16.673668,16.289825,15.775375,15.738518,16.143143,15.517014,15.294960,15.609375,14.606796,14.811943,14.886414,14.270103,13.932144,13.950951,13.687294,14.251350,14.288834,14.382469,14.044937,13.913338,14.606796,14.550774,13.592949,13.385033,14.401184,14.457298,14.644127,14.270103,14.401184,14.811943,14.251350,13.988556,14.326302,13.630692,13.460693,13.800392,13.762703,14.307571,13.762703,13.819221,13.932144,13.894524,13.517403,13.441788,13.460693,13.856880,14.232613,13.725006,13.460693,13.894524,14.138817,13.819221,13.574066,13.725006,13.460693,13.781540,13.157700,13.138725,13.100769,13.385033,12.242760,
11.974228,12.319344,12.300209,12.586906,13.271439,12.644142,13.157700,12.682281,12.853714,12.701340,12.357613,13.157700,12.929794,12.815643,13.233543,12.701340,12.872734,13.005829,12.682281,12.891754,12.853714,12.605988,12.815643,13.252487,12.586906,13.100769,13.119759,12.986824,12.815643,12.853714,12.910774,12.929794,12.853714,12.929794,12.777557,12.758507,12.625069,12.739456,13.043808,12.127769,12.567825,13.366112,12.720398,12.891754,13.043808,12.986824,12.967819,13.100769,12.586906,12.777557,13.081795,13.100769,13.630692,13.005829,12.948814,13.214584,12.967819,13.290382,12.834679,12.682281,13.100769,12.910774,13.195625,13.441788,12.625069,13.062805,13.252487,13.214584,12.758507,13.005829,12.529640,12.777557,13.100769,13.005829,12.586906,12.682281,12.338478,12.758507,12.548721,12.701340,12.089409,12.853714,12.834679,12.605988,13.309326,12.701340,12.872734,12.853714,13.043808,13.271439,12.967819,13.441788,13.024826,13.176659,12.529640,12.910774,13.233543,13.176659,13.138725,13.422867,13.100769,13.856880,13.309326,12.472336,13.762703,12.910774,13.157700,13.385033,12.720398,12.891754,13.233543,12.796600,12.815643,12.834679,13.422867,12.891754,13.138725,12.796600,13.422867,13.328255,13.176659,13.347183,13.460693,12.872734,13.498497,12.586906,12.986824,13.024826,13.536285,13.328255,13.856880,13.838051,13.460693,13.290382,13.555183,13.517403,13.100769,13.214584,13.214584,13.800392,13.195625,13.649567,13.838051,13.328255,13.894524,13.592949,12.853714,13.800392,13.592949,13.536285,13.743858,13.479599,13.988556,13.252487,13.668427,13.366112,13.592949,13.762703,13.271439,13.005829,14.007355,13.233543,13.630692,14.101280,14.195114,14.700096,14.662788,15.183723,15.239365,15.904274,15.922668,15.609375,15.701637,16.691910,16.454536,15.959457,16.746590,16.582436,16.764816,17.019493,16.964989,16.691910,17.309639,17.454338,17.363930,17.291534,17.273430,17.400101,17.472412,17.237198,17.436272,17.544655,17.598785,17.976807,17.742996,17.436272,17.688942,17.273430,17.833000,17.182823,17.976807,17.472412,17.797005,17.652901,18.496017,17.940880,17.544655,18.192039,17.436272,18.192039,17.976807,18.245766,18.424599,18.192039,18.120361,18.496017,18.923264,18.620857,18.442459,18.120361,18.406731,18.388855,18.335236,18.460312,18.727722,18.227867,18.763306,18.388855,18.317345,18.299454,18.406731,18.763306,18.567383,18.281563,18.317345,18.156204,18.442459,18.263664,18.317345,18.370995,18.084496,18.388855,18.531708,18.263664,18.869980,18.317345,18.638680,18.656494,18.763306,18.745514,18.709923,19.136055,18.656494,18.941017,19.365944,18.692123,18.727722,19.418907,19.082909,19.118340,19.171471,19.047462,19.065178,18.442459,18.941017,18.941017,18.905502,19.171471,19.224541,19.029732,18.887749,19.100624,18.763306,18.923264,18.745514,18.834435,18.620857,18.692123,18.496017,18.781090,17.904930,18.460312,18.674309,18.281563,18.156204,18.084496,18.209953,18.263664,18.102425,18.263664,17.994759,17.886955,18.549545,18.138290,18.174133,17.688942,17.940880,18.138290,18.263664,18.549545,17.958839,17.724983,18.048607,18.227867,17.994759,18.245766,17.994759,18.192039,18.066551,17.779015,18.174133,18.335236,18.567383,18.442459,18.442459,18.138290,18.174133,18.156204,18.281563,17.976807,17.490471,18.120361,18.102425,17.761002,18.048607,17.273430,17.128418,17.490471,17.164696,16.910439,16.253181,16.399666,16.472824,15.738518,15.461563,14.756035,15.517014,14.774681,14.457298,14.345024,13.875710,13.630692,14.063721,13.894524,14.007355,14.195114,14.138817,14.026146,14.307571,14.176346,13.875710,13.856880,14.007355,13.950951,13.875710,13.649567,14.063721,14.138817,13.517403,13.988556,14.007355,13.517403,14.082504,14.063721,13.838051,13.611824,13.725006,13.800392,13.233543,13.706154,13.838051,13.592949,13.819221,13.743858,13.592949,13.687294,13.743858,13.630692,13.762703,13.875710,13.706154,13.800392,13.687294,13.271439,13.687294,13.649567,13.913338,13.574066,13.517403,13.536285,13.969765,13.252487,13.743858,13.743858,13.838051,13.894524,14.232613,14.063721,13.913338,13.875710,14.101280,13.592949,13.517403,13.687294,13.762703,13.517403,13.668427,13.819221,13.630692,13.706154,13.725006,13.422867,13.498497,13.366112,13.781540,13.100769,13.252487,13.119759,13.460693,13.366112,13.498497,13.195625,13.195625,13.176659,12.967819,13.328255,13.574066,13.592949,13.403954,13.706154,13.800392,13.536285,13.838051,13.271439,13.592949,13.630692,13.347183,13.611824,13.725006,13.706154,13.781540,13.347183,13.649567,13.460693,13.385033,13.385033,13.347183,13.024826,13.309326,13.176659,13.081795,13.574066,13.252487,13.347183,13.706154,13.460693,13.611824,13.233543,13.271439,13.422867,13.252487,13.328255,12.967819,12.929794,13.233543,13.536285,14.044937,13.555183,13.592949,13.441788,13.176659,13.214584,13.328255,13.214584,13.422867,13.574066,13.081795,13.706154,13.498497,13.347183,13.725006,13.005829,13.498497,13.366112,13.290382,13.838051,13.536285,13.195625,13.233543,13.233543,13.309326,13.328255,13.195625,13.536285,13.988556,13.271439,13.611824,13.157700,13.838051,13.574066,14.063721,14.176346,14.606796,14.494698,15.109489,14.942238,15.461563,15.646294,15.350533,15.535500,15.480049,15.350533,15.775375,15.406059,16.088081,15.793800,16.326462,16.198189,15.517014,15.959457,15.867470,15.904274,16.819458,16.014603,16.363075,16.399666,16.161499,16.491104,16.454536,15.941071,16.161499,15.959457,16.746590,17.037659,16.764816,16.892258,17.073982,17.092117,16.746590,16.874062,16.910439,16.783035,17.092117,17.128418,17.237198,17.724983,17.761002,17.598785,17.110275,17.309639,17.200951,17.706970,17.454338,17.526596,17.327736,16.928627,18.102425,17.454338,17.508537,17.490471,17.616829,17.508537,17.382019,16.983162,17.833000,17.652901,17.200951,17.688942,17.472412,16.801247,17.019493,17.037659,17.182823,17.219078,16.527649,17.037659,17.436272,17.400101,17.001335,16.728371,16.783035,16.253181,16.216530,16.399666,15.480049,15.313492,14.606796,15.350533,14.700096,13.800392,13.819221,14.438606,13.838051,13.950951,13.574066,14.063721,13.856880,14.082504,14.662788,14.063721,14.044937,13.743858,13.988556,13.894524,14.419891,14.307571,14.213860,14.644127,14.063721,14.026146,14.007355,14.288834,14.044937,13.950951,14.063721,14.588127,14.063721,14.326302,14.138817,14.007355,13.743858,13.347183,13.819221,14.176346,13.630692,13.555183,13.950951,14.195114,13.988556,13.856880,13.479599,13.856880,13.592949,13.800392,13.138725,13.385033,13.498497,13.081795,12.986824,12.967819,
12.548721,12.777557,12.777557,12.701340,12.948814,12.338478,12.910774,12.204445,13.214584,12.395866,13.195625,12.739456,12.948814,13.081795,12.548721,13.062805,12.682281,12.605988,12.548721,11.955025,12.815643,12.853714,12.300209,12.701340,13.157700,12.853714,12.853714,12.586906,12.815643,13.043808,12.910774,12.605988,12.853714,13.214584,12.967819,12.300209,13.024826,12.414986,12.319344,12.644142,12.644142,12.834679,13.100769,12.720398,12.338478,13.195625,12.720398,12.644142,13.005829,12.204445,13.271439,12.777557,13.195625,12.910774,13.005829,12.720398,12.300209,13.062805,12.720398,13.100769,13.385033,13.366112,13.176659,13.422867,13.119759,12.815643,12.682281,12.929794,12.815643,12.815643,12.986824,12.031822,12.796600,12.948814,12.127769,12.605988,12.338478,12.853714,12.605988,12.070213,12.204445,12.434105,12.720398,12.644142,12.376740,13.005829,12.929794,12.815643,13.100769,13.043808,13.100769,13.100769,13.214584,13.214584,13.498497,13.100769,12.605988,13.536285,13.309326,12.948814,13.385033,13.005829,12.796600,12.548721,13.385033,12.891754,13.649567,13.290382,13.252487,12.586906,13.081795,13.347183,13.005829,13.366112,13.592949,13.271439,13.157700,13.043808,13.725006,13.138725,13.100769,13.366112,12.891754,13.781540,13.233543,13.309326,13.347183,12.986824,13.233543,12.796600,13.176659,13.233543,13.555183,13.214584,13.403954,13.366112,13.574066,13.422867,13.555183,13.252487,13.441788,13.781540,13.366112,13.479599,13.649567,13.838051,13.838051,13.762703,13.838051,13.081795,13.969765,13.781540,14.101280,13.138725,13.574066,13.233543,13.649567,13.422867,13.157700,13.536285,13.725006,13.743858,13.950951,14.138817,14.513397,14.569450,14.532082,14.960838,15.165176,15.646294,15.941071,16.088081,15.812218,16.381371,17.073982,16.801247,16.509377,16.983162,16.764816,17.001335,16.892258,17.001335,17.382019,17.073982,17.742996,17.073982,17.164696,17.164696,17.616829,16.983162,17.634865,17.490471,17.345833,17.580750,17.670921,17.363930,17.815002,17.706970,17.182823,17.779015,17.797005,18.120361,17.815002,17.724983,17.850990,17.797005,18.048607,18.442459,17.958839,18.442459,18.084496,18.549545,18.567383,18.353111,18.531708,18.496017,18.531708,18.192039,18.370995,18.531708,18.317345,18.156204,18.674309,18.192039,18.567383,18.727722,18.763306,18.335236,18.763306,18.460312,18.638680,18.299454,18.513863,18.424599,18.030663,18.496017,18.388855,18.263664,18.424599,18.745514,18.299454,18.460312,18.263664,18.388855,18.478165,18.513863,18.763306,18.442459,18.763306,18.905502,18.905502,19.082909,19.029732,18.852211,18.869980,19.206863,18.674309,18.941017,19.118340,19.118340,18.816666,19.118340,19.489464,18.852211,18.834435,18.834435,19.011993,18.656494,19.206863,19.100624,18.941017,18.887749,18.923264,18.834435,18.406731,18.727722,18.852211,18.460312,18.976524,18.781090,18.442459,18.585213,18.531708,18.603035,17.994759,18.245766,18.496017,17.922905,18.620857,18.209953,18.192039,18.406731,18.012718,17.958839,18.030663,18.335236,18.174133,18.227867,18.012718,18.227867,18.066551,18.012718,18.370995,18.209953,18.156204,18.299454,17.868965,18.317345,18.299454,18.066551,18.513863,17.850990,18.156204,18.299454,18.299454,17.976807,18.174133,17.833000,17.688942,18.460312,18.138290,18.263664,17.886955,17.886955,17.526596,17.616829,17.526596,16.983162,17.182823,16.819458,16.728371,16.454536,16.179840,15.849052,15.683197,15.498535,15.202286,14.307571,14.326302,14.363747,14.288834,14.401184,14.195114,13.969765,13.498497,14.063721,13.838051,14.007355,13.574066,13.875710,13.800392,13.838051,14.176346,14.101280,14.007355,14.288834,14.307571,13.875710,13.725006,13.932144,13.743858,13.649567,13.592949,13.950951,14.101280,13.649567,13.969765,13.856880,13.441788,13.762703,13.176659,13.762703,14.007355,13.536285,13.706154,13.517403,13.422867,13.517403,13.195625,13.498497,13.422867,13.195625,13.743858,13.856880,13.479599,13.819221,13.762703,13.460693,13.969765,13.271439,13.781540,13.649567,14.026146,13.800392,13.574066,13.762703,13.838051,13.592949,14.345024,13.913338,13.875710,13.913338,13.762703,14.101280,13.781540,13.668427,13.498497,13.913338,13.819221,13.100769,13.385033,13.800392,13.119759,13.119759,13.214584,13.195625,13.517403,12.929794,13.043808,12.777557,13.498497,13.328255,13.309326,12.891754,13.517403,13.290382,13.687294,13.611824,13.498497,13.574066,13.668427,13.328255,13.838051,13.233543,13.800392,13.630692,13.819221,12.853714,13.479599,13.195625,13.536285,13.536285,14.063721,13.422867,13.630692,13.592949,13.555183,13.441788,13.460693,13.781540,13.252487,13.743858,13.252487,13.706154,13.517403,13.403954,13.271439,13.214584,13.630692,13.138725,13.347183,13.138725,13.100769,13.366112,13.328255,13.043808,13.725006,13.195625,13.138725,13.441788,12.948814,12.891754,13.062805,13.214584,13.498497,13.366112,13.536285,13.252487,13.819221,13.328255,13.233543,13.592949,13.403954,13.555183,13.668427,13.214584,13.630692,12.853714,13.687294,13.517403,13.157700,13.743858,13.574066,12.910774,13.517403,13.271439,13.290382,13.441788,13.385033,14.363747,13.706154,13.932144,14.438606,14.867805,14.905037,14.905037,15.313492,15.627831,15.220818,15.996223,15.480049,15.793800,15.517014,15.683197,15.830643,15.812218,15.683197,16.326462,16.161499,15.922668,15.720085,16.234848,15.904274,16.728371,16.582436,16.124794,15.885872,16.014603,16.454536,16.673668,16.454536,16.746590,16.673668,16.289825,17.092117,16.983162,17.001335,16.472824,17.327736,16.509377,17.055817,16.819458,16.946808,17.345833,17.472412,17.255310,17.544655,17.037659,17.092117,17.742996,17.598785,17.454338,17.868965,17.940880,17.958839,17.382019,17.761002,17.958839,17.850990,17.363930,17.958839,17.382019,17.544655,17.815002,17.092117,17.958839,17.688942,17.454338,17.940880,17.779015,17.255310,16.673668,16.381371,16.946808,17.146553,16.910439,16.582436,16.582436,16.454536,16.143143,16.271500,16.764816,15.849052,16.234848,15.313492,15.239365,15.406059,14.681450,15.202286,14.401184,14.811943,14.326302,13.913338,14.101280,13.932144,14.363747,14.195114,14.288834,14.157593,14.195114,14.345024,14.157593,14.213860,13.800392,14.345024,13.800392,14.270103,14.026146,14.382469,14.270103,14.494698,14.288834,13.422867,13.706154,13.894524,14.026146,14.120049,14.120049,14.082504,14.363747,14.101280,13.441788,14.213860,13.422867,13.536285,14.662788,13.932144,13.403954,13.630692,14.138817,13.743858,13.574066,13.290382,13.328255,13.290382,13.894524,13.309326,13.214584,13.214584,12.891754,
12.891754,13.271439,12.453224,12.529640,12.567825,12.891754,13.043808,12.567825,13.233543,12.300209,12.872734,12.701340,13.233543,12.739456,12.644142,12.605988,12.567825,13.119759,12.625069,12.796600,12.701340,12.395866,13.043808,12.777557,12.376740,12.834679,12.567825,12.815643,12.548721,12.376740,12.663208,13.005829,12.491440,12.758507,12.701340,12.300209,12.682281,12.967819,12.491440,12.567825,13.385033,12.967819,12.758507,12.948814,12.548721,12.948814,13.574066,12.739456,13.157700,12.701340,12.872734,12.796600,13.024826,13.195625,12.758507,12.701340,12.720398,13.195625,13.005829,12.967819,12.625069,13.062805,13.138725,13.043808,12.929794,13.081795,13.024826,12.986824,12.548721,12.701340,12.853714,12.644142,12.948814,12.510529,12.625069,12.510529,12.127769,12.853714,12.739456,12.395866,12.491440,12.529640,12.357613,12.853714,13.043808,12.548721,12.529640,12.605988,13.157700,12.739456,13.195625,13.385033,12.948814,13.347183,12.929794,13.214584,13.081795,12.986824,12.796600,13.005829,12.834679,12.929794,13.214584,13.271439,13.385033,12.720398,13.233543,13.290382,13.479599,12.967819,12.682281,12.948814,13.706154,12.796600,13.271439,12.834679,13.347183,13.062805,12.796600,13.309326,13.081795,13.062805,13.479599,12.929794,13.233543,13.081795,13.005829,13.024826,12.891754,12.834679,13.195625,13.687294,13.385033,13.517403,13.460693,13.214584,13.441788,13.403954,13.649567,13.517403,13.725006,13.781540,13.555183,13.517403,13.479599,13.800392,13.950951,13.800392,13.706154,13.555183,14.101280,14.063721,13.781540,13.988556,14.232613,13.781540,13.138725,13.725006,13.233543,13.441788,13.195625,13.819221,13.894524,13.856880,14.063721,14.494698,14.811943,14.700096,15.350533,15.406059,15.590912,16.014603,16.032974,16.363075,16.582436,17.055817,16.454536,17.001335,16.618950,17.037659,16.819458,17.164696,17.128418,17.255310,17.055817,17.454338,17.418190,16.910439,17.182823,17.490471,17.797005,17.472412,17.092117,17.400101,17.562698,17.291534,17.400101,17.182823,17.182823,17.598785,17.779015,17.363930,17.580750,17.797005,18.012718,18.066551,18.227867,18.192039,18.496017,18.174133,18.442459,18.442459,18.460312,18.102425,18.317345,18.460312,18.460312,18.138290,18.406731,17.868965,18.460312,18.174133,18.353111,18.084496,18.531708,17.742996,18.263664,18.138290,18.638680,18.066551,18.370995,18.513863,18.781090,18.692123,18.048607,18.513863,18.424599,18.209953,18.478165,18.227867,18.227867,18.299454,18.549545,18.192039,18.923264,18.727722,18.549545,18.638680,18.692123,18.513863,18.674309,18.905502,18.887749,18.709923,19.206863,19.100624,18.976524,18.834435,19.100624,19.277603,18.709923,18.781090,18.976524,18.976524,18.727722,18.976524,19.118340,18.674309,18.692123,19.153755,18.620857,18.763306,18.620857,18.531708,18.923264,19.118340,18.674309,18.620857,18.709923,18.923264,18.209953,18.388855,18.424599,18.174133,18.496017,18.869980,18.102425,18.478165,17.797005,18.048607,18.585213,18.192039,18.317345,18.335236,18.066551,18.156204,17.976807,17.976807,18.066551,18.030663,17.922905,18.478165,18.174133,17.868965,18.174133,18.048607,18.192039,17.994759,18.424599,18.156204,17.940880,17.850990,17.886955,17.922905,18.585213,17.761002,18.424599,17.868965,17.958839,17.886955,17.904930,17.922905,18.012718,17.400101,17.327736,17.670921,17.904930,17.182823,16.983162,16.946808,16.746590,16.436256,15.922668,15.553970,15.369041,15.498535,15.294960,14.588127,14.457298,14.513397,13.706154,14.120049,14.176346,13.988556,14.251350,14.176346,14.063721,13.838051,13.706154,13.498497,13.762703,13.875710,14.101280,13.479599,13.969765,13.856880,13.856880,14.044937,13.649567,14.044937,14.007355,13.611824,14.176346,13.969765,14.007355,13.894524,13.649567,13.555183,13.800392,13.743858,14.007355,13.460693,13.422867,13.932144,13.403954,13.819221,13.838051,13.668427,13.950951,13.347183,13.252487,13.913338,13.819221,13.649567,14.288834,13.649567,13.536285,13.422867,13.592949,13.819221,13.062805,13.630692,13.875710,13.460693,13.762703,13.725006,13.574066,13.687294,14.026146,13.913338,13.932144,13.441788,13.743858,14.026146,13.668427,14.082504,13.856880,13.668427,13.347183,13.138725,14.101280,13.290382,13.479599,13.290382,12.967819,13.195625,13.195625,12.910774,13.195625,13.157700,13.252487,13.743858,13.214584,13.233543,13.176659,13.498497,13.517403,13.555183,12.929794,13.252487,13.781540,14.082504,13.913338,13.743858,13.157700,13.498497,13.271439,13.290382,13.725006,13.838051,13.252487,13.422867,13.290382,13.422867,13.403954,13.309326,13.517403,13.062805,13.100769,13.460693,13.517403,13.176659,13.328255,13.441788,13.233543,13.005829,12.796600,13.271439,13.856880,13.555183,13.422867,13.574066,13.157700,13.762703,13.441788,12.815643,12.853714,13.574066,13.517403,13.176659,13.725006,13.385033,13.403954,13.062805,13.309326,13.100769,13.328255,13.195625,13.366112,13.309326,13.233543,13.536285,13.725006,13.479599,13.157700,13.611824,13.611824,13.460693,13.385033,13.214584,12.777557,13.290382,12.796600,12.815643,13.441788,13.574066,13.517403,13.498497,13.611824,13.574066,14.044937,14.232613,15.128059,14.363747,15.443062,15.072350,15.517014,15.109489,15.683197,16.051353,15.996223,15.590912,15.775375,15.294960,15.609375,15.461563,15.830643,16.454536,15.517014,15.812218,15.996223,16.051353,16.764816,15.996223,16.124794,15.959457,16.582436,16.472824,16.417961,16.454536,16.326462,16.454536,16.472824,16.545914,17.255310,16.545914,16.892258,16.618950,16.600693,17.345833,16.819458,16.910439,17.055817,17.400101,17.400101,17.291534,16.910439,17.580750,17.418190,17.544655,17.868965,17.850990,17.200951,17.670921,17.724983,17.922905,17.922905,17.724983,17.436272,17.436272,17.237198,17.670921,17.327736,16.874062,17.490471,17.363930,17.670921,16.983162,17.670921,17.019493,17.544655,16.928627,16.545914,17.164696,16.637184,17.544655,16.728371,17.037659,16.417961,16.253181,16.198189,15.793800,15.904274,15.904274,15.443062,15.035194,14.942238,14.382469,14.700096,14.382469,14.251350,14.213860,14.044937,14.363747,14.419891,13.913338,14.288834,13.687294,14.326302,13.687294,14.849190,14.213860,14.232613,13.668427,14.157593,14.026146,13.913338,14.213860,14.419891,13.800392,13.725006,14.007355,13.819221,13.762703,13.781540,14.082504,14.007355,13.894524,13.894524,13.460693,14.044937,13.668427,14.251350,13.630692,14.232613,13.555183,13.347183,13.706154,14.063721,13.725006,13.687294,13.875710,13.725006,14.213860,13.498497,13.838051,13.574066,12.777557,12.910774,13.081795,
12.185280,12.625069,12.319344,12.434105,13.062805,12.701340,12.510529,12.929794,12.510529,12.815643,12.796600,12.853714,12.281059,12.453224,12.796600,12.338478,13.252487,12.281059,12.548721,12.108589,12.510529,12.586906,12.663208,13.024826,12.758507,12.967819,12.929794,12.586906,12.834679,12.663208,12.434105,12.853714,12.472336,12.967819,13.081795,12.300209,12.872734,12.758507,12.986824,12.510529,12.701340,13.024826,13.555183,12.453224,13.043808,12.357613,12.777557,12.891754,13.024826,12.872734,12.300209,13.271439,12.910774,13.630692,13.233543,13.195625,13.119759,12.948814,12.758507,13.119759,13.214584,12.929794,12.815643,12.739456,13.157700,13.366112,13.309326,13.271439,13.517403,13.005829,12.625069,12.758507,12.395866,12.605988,12.166107,12.929794,12.853714,12.146942,12.357613,12.510529,12.605988,12.701340,12.395866,12.567825,12.948814,11.685669,12.720398,12.491440,12.815643,12.701340,12.853714,13.347183,13.441788,13.252487,13.005829,12.967819,12.967819,13.176659,13.555183,13.157700,12.910774,12.777557,13.195625,12.986824,13.043808,13.081795,13.403954,13.138725,13.649567,12.414986,13.119759,12.948814,12.777557,13.290382,13.176659,13.328255,13.043808,13.005829,12.891754,12.910774,12.815643,13.100769,12.853714,12.701340,13.157700,13.422867,13.214584,13.195625,13.668427,13.062805,13.290382,12.510529,13.081795,13.252487,13.252487,12.815643,13.649567,13.214584,13.366112,13.441788,13.725006,13.214584,13.479599,13.422867,13.706154,13.649567,14.026146,13.479599,13.875710,13.517403,13.781540,13.592949,13.611824,13.385033,13.403954,13.819221,13.687294,13.668427,13.611824,13.328255,13.214584,13.441788,13.706154,14.120049,13.950951,14.195114,14.849190,15.165176,15.498535,15.239365,15.664742,16.069710,16.326462,16.472824,16.819458,16.381371,16.600693,16.673668,16.837654,16.673668,16.673668,16.764816,17.037659,17.436272,17.110275,17.219078,17.724983,17.309639,17.418190,17.037659,17.273430,16.983162,17.580750,17.110275,17.291534,17.742996,17.291534,17.526596,17.490471,17.562698,17.779015,17.616829,17.886955,18.084496,18.102425,18.174133,17.868965,17.598785,18.084496,18.030663,18.156204,18.209953,18.120361,18.388855,18.585213,18.531708,18.496017,18.620857,18.478165,18.120361,18.674309,18.299454,18.388855,18.406731,18.317345,18.370995,17.958839,18.353111,18.102425,18.299454,18.531708,17.850990,18.424599,18.192039,18.353111,17.815002,18.638680,18.406731,18.603035,18.299454,18.585213,18.406731,18.531708,18.567383,18.549545,18.531708,18.388855,18.834435,19.259926,18.674309,18.976524,18.227867,18.887749,18.834435,18.958771,18.674309,19.065178,18.620857,18.745514,19.065178,18.834435,19.100624,18.923264,18.370995,19.136055,18.958771,19.189156,18.994255,18.781090,18.887749,19.047462,18.941017,19.136055,18.727722,18.816666,18.958771,18.674309,18.798882,18.727722,18.905502,18.798882,18.192039,18.531708,18.460312,18.460312,18.603035,18.603035,17.868965,18.120361,18.120361,17.904930,17.994759,18.709923,18.424599,18.299454,18.388855,18.030663,18.281563,18.620857,18.478165,18.174133,17.958839,18.174133,18.299454,18.102425,18.156204,17.742996,18.585213,17.886955,17.616829,18.102425,17.580750,18.120361,17.922905,17.922905,18.012718,17.850990,18.066551,17.940880,18.424599,17.994759,18.174133,17.886955,17.598785,17.382019,17.815002,17.363930,17.001335,17.382019,17.055817,16.564171,16.344765,16.088081,15.922668,15.664742,14.923637,14.811943,14.681450,14.625465,14.270103,14.195114,13.875710,14.082504,13.875710,14.044937,14.251350,13.498497,14.063721,14.007355,13.894524,13.913338,14.063721,13.574066,13.611824,13.856880,14.063721,13.252487,13.706154,13.932144,13.536285,13.781540,13.743858,13.536285,13.385033,13.781540,13.668427,13.800392,13.743858,14.157593,13.762703,13.536285,13.460693,13.800392,13.649567,13.328255,13.913338,13.856880,13.347183,13.385033,13.819221,13.479599,13.856880,13.536285,13.479599,13.574066,13.856880,13.366112,13.574066,14.101280,14.026146,13.460693,13.706154,13.875710,14.101280,13.668427,13.422867,13.706154,13.536285,13.781540,13.969765,13.403954,14.232613,13.517403,13.536285,13.725006,13.630692,13.536285,13.555183,13.630692,13.668427,13.498497,13.328255,13.385033,13.252487,12.834679,13.441788,13.441788,12.948814,13.271439,13.460693,13.214584,13.195625,13.157700,13.630692,13.138725,13.214584,13.233543,13.005829,13.592949,13.498497,13.441788,13.800392,13.441788,13.555183,13.574066,13.252487,14.138817,13.328255,13.555183,13.157700,13.422867,13.479599,13.385033,13.309326,13.498497,13.385033,13.649567,13.157700,13.555183,13.290382,13.668427,13.252487,12.986824,13.592949,13.214584,13.328255,13.460693,13.271439,13.441788,13.555183,13.460693,13.403954,13.138725,13.555183,13.290382,13.555183,13.347183,12.986824,13.062805,13.555183,12.739456,13.460693,12.948814,13.005829,13.233543,12.834679,13.706154,13.176659,13.271439,13.347183,13.460693,13.422867,13.385033,13.347183,13.517403,13.176659,13.441788,12.929794,13.422867,12.948814,13.081795,13.366112,13.100769,13.176659,13.100769,13.062805,13.347183,13.800392,13.536285,13.649567,13.781540,14.063721,14.960838,13.838051,15.072350,15.128059,15.553970,15.202286,15.553970,15.701637,15.517014,15.443062,15.720085,15.406059,15.627831,15.646294,15.332008,15.294960,15.701637,15.590912,15.257896,16.326462,16.106438,16.216530,16.051353,16.161499,16.454536,16.326462,16.088081,16.819458,16.417961,16.399666,16.783035,16.691910,16.344765,16.837654,17.237198,16.655434,17.219078,17.327736,16.764816,17.418190,17.400101,17.237198,17.273430,17.164696,17.164696,17.219078,17.436272,17.670921,17.580750,17.219078,17.779015,17.490471,17.815002,17.363930,17.976807,17.598785,17.886955,17.833000,17.490471,17.868965,17.309639,17.526596,17.652901,17.508537,17.490471,17.436272,17.670921,17.544655,17.309639,16.600693,17.128418,16.746590,17.019493,16.783035,16.710136,17.382019,16.271500,16.527649,16.874062,16.381371,15.996223,15.387550,15.387550,15.830643,15.535500,15.239365,14.345024,14.438606,14.401184,13.024826,14.476006,14.232613,14.867805,14.718750,14.457298,13.725006,14.082504,14.363747,14.157593,14.457298,14.363747,14.063721,14.363747,14.326302,14.923637,14.176346,14.157593,14.138817,13.988556,13.498497,14.101280,13.592949,14.251350,13.875710,13.781540,13.290382,13.856880,14.363747,13.630692,13.668427,14.007355,13.385033,13.687294,14.082504,13.233543,13.309326,13.913338,14.026146,13.743858,13.574066,13.950951,13.894524,13.706154,13.290382,13.233543,13.005829,13.781540,11.935799,
12.682281,12.758507,12.777557,12.567825,12.701340,12.815643,12.701340,12.891754,12.548721,12.567825,13.309326,13.195625,12.929794,12.777557,13.081795,12.739456,12.663208,12.414986,12.376740,13.024826,12.567825,12.910774,12.891754,12.510529,12.644142,13.138725,12.319344,12.395866,12.701340,12.910774,12.948814,12.758507,12.853714,12.338478,12.625069,12.720398,12.834679,12.796600,13.005829,13.214584,12.491440,12.682281,13.024826,12.796600,12.395866,13.024826,12.891754,13.176659,13.081795,12.796600,12.929794,13.385033,13.574066,12.834679,12.472336,12.605988,12.929794,12.796600,13.005829,13.119759,12.491440,13.024826,12.910774,12.891754,13.081795,13.081795,12.910774,13.157700,12.929794,12.529640,13.062805,12.758507,12.663208,12.739456,12.510529,12.300209,12.663208,12.204445,12.414986,12.529640,12.300209,12.357613,12.815643,12.185280,12.929794,12.663208,12.796600,12.682281,12.720398,12.701340,12.777557,12.834679,13.024826,13.214584,12.834679,12.853714,13.157700,13.043808,13.138725,12.967819,12.529640,12.853714,13.176659,13.195625,12.777557,12.891754,13.081795,13.233543,13.233543,12.929794,12.910774,12.605988,13.024826,13.195625,13.043808,12.929794,13.574066,13.005829,12.758507,12.605988,12.967819,13.138725,13.725006,13.328255,13.422867,13.119759,13.271439,13.290382,13.328255,13.138725,13.611824,13.574066,13.555183,13.403954,13.687294,13.252487,13.347183,13.309326,13.366112,12.872734,13.687294,13.062805,13.555183,13.176659,13.536285,13.271439,13.630692,13.894524,13.649567,13.176659,13.403954,13.328255,13.800392,13.403954,13.668427,13.366112,13.706154,12.967819,13.422867,13.517403,13.762703,13.894524,13.649567,14.120049,14.307571,14.213860,14.905037,14.867805,15.165176,15.738518,15.627831,15.996223,16.417961,16.216530,16.855865,16.381371,16.417961,16.399666,16.819458,16.691910,17.055817,17.128418,16.855865,17.508537,16.964989,17.073982,17.382019,17.146553,17.797005,17.200951,16.691910,17.092117,17.616829,17.363930,17.634865,17.037659,17.382019,17.255310,17.382019,17.291534,17.761002,17.418190,18.156204,17.670921,18.299454,18.156204,17.634865,18.156204,18.012718,17.742996,18.102425,18.192039,18.120361,18.192039,18.388855,18.317345,18.513863,18.496017,18.227867,18.353111,18.299454,18.048607,18.370995,18.299454,18.084496,18.460312,18.192039,18.424599,17.833000,18.460312,18.245766,18.549545,18.317345,18.209953,18.567383,18.317345,18.745514,18.709923,18.496017,18.030663,18.941017,18.460312,18.620857,18.370995,18.727722,18.513863,19.365944,18.781090,18.781090,18.656494,18.424599,18.496017,18.869980,18.923264,19.065178,18.478165,18.869980,18.727722,19.082909,18.869980,19.082909,18.816666,19.100624,18.976524,18.923264,18.869980,18.816666,18.763306,18.958771,18.941017,18.976524,18.923264,19.065178,18.674309,18.976524,18.496017,18.941017,18.460312,18.763306,18.798882,18.674309,18.460312,18.478165,18.406731,18.209953,18.709923,18.281563,18.531708,18.245766,17.976807,18.102425,18.335236,17.994759,18.209953,18.263664,17.904930,18.442459,18.549545,18.603035,18.406731,17.976807,18.209953,18.192039,17.904930,17.976807,18.388855,18.406731,17.940880,18.245766,18.192039,18.174133,17.526596,18.120361,18.156204,18.245766,17.742996,17.833000,17.797005,17.886955,18.048607,17.958839,17.652901,17.724983,17.616829,17.616829,17.309639,17.598785,17.544655,17.706970,17.363930,17.037659,16.527649,16.198189,15.517014,15.812218,15.498535,14.905037,14.718750,14.476006,14.288834,14.363747,14.270103,13.932144,13.574066,13.536285,13.819221,14.288834,13.668427,13.422867,14.044937,13.687294,13.819221,13.932144,13.743858,13.630692,13.649567,13.630692,13.725006,13.725006,13.781540,13.706154,13.894524,13.460693,13.668427,13.950951,13.328255,13.988556,13.460693,13.800392,13.611824,13.932144,13.441788,14.007355,13.950951,13.706154,13.725006,13.479599,13.517403,13.800392,13.687294,13.743858,13.309326,13.347183,13.555183,13.988556,13.781540,13.536285,13.309326,14.251350,13.441788,13.630692,13.725006,13.913338,13.574066,13.422867,13.649567,13.819221,13.403954,13.725006,13.781540,13.725006,13.328255,13.725006,13.592949,13.555183,13.328255,13.157700,13.479599,13.988556,13.422867,13.138725,13.403954,13.157700,12.910774,13.043808,13.592949,13.271439,13.005829,13.592949,13.252487,13.195625,13.233543,13.138725,13.630692,13.081795,13.157700,13.024826,13.366112,13.592949,14.044937,13.309326,13.969765,13.932144,13.894524,13.706154,13.630692,13.800392,13.611824,13.668427,13.536285,13.574066,13.290382,13.441788,13.347183,13.366112,13.271439,13.441788,13.195625,13.271439,13.517403,13.536285,13.422867,13.441788,13.385033,13.176659,13.271439,13.081795,13.517403,12.777557,13.366112,13.441788,13.403954,13.781540,13.195625,13.574066,13.366112,13.422867,13.081795,13.195625,13.328255,13.517403,13.233543,13.347183,13.195625,13.119759,13.555183,13.271439,12.891754,13.195625,13.081795,13.479599,13.176659,13.479599,13.290382,13.328255,13.290382,13.195625,13.366112,13.176659,13.328255,13.687294,13.347183,13.024826,13.403954,13.252487,12.739456,13.668427,14.007355,13.195625,13.988556,14.288834,13.875710,14.513397,14.457298,14.960838,14.960838,15.627831,15.775375,16.308144,15.904274,15.332008,15.276436,15.498535,15.683197,15.738518,15.572441,15.885872,15.498535,15.590912,15.572441,16.069710,15.517014,16.106438,15.959457,16.746590,15.996223,16.051353,16.399666,16.234848,16.527649,16.472824,16.564171,16.545914,16.417961,16.783035,16.691910,16.179840,16.582436,16.964989,16.819458,16.983162,17.418190,16.946808,17.200951,17.128418,17.472412,17.436272,17.544655,18.030663,17.833000,17.273430,17.055817,17.019493,17.922905,17.598785,17.418190,17.562698,17.363930,17.418190,17.382019,17.418190,17.562698,17.454338,16.928627,17.327736,17.508537,17.580750,17.291534,16.728371,17.291534,17.436272,17.110275,16.983162,17.110275,17.490471,16.673668,16.710136,16.582436,16.910439,16.527649,16.161499,16.289825,16.088081,15.553970,15.812218,15.239365,14.811943,14.867805,14.569450,14.476006,14.270103,13.800392,13.913338,14.644127,14.232613,14.101280,14.438606,14.401184,14.419891,13.969765,13.913338,14.401184,14.082504,13.725006,13.856880,14.063721,14.363747,13.687294,13.913338,14.438606,13.630692,14.157593,14.044937,14.419891,14.288834,13.856880,14.138817,14.270103,13.913338,13.725006,14.288834,13.347183,13.762703,14.532082,13.100769,13.781540,13.687294,13.781540,13.479599,13.100769,13.781540,14.101280,12.929794,13.687294,13.403954,13.214584,13.687294,13.309326,13.081795,12.376740,
11.570000,13.347183,12.625069,12.529640,12.796600,12.414986,12.242760,12.491440,12.414986,12.491440,12.815643,13.157700,12.204445,12.453224,12.510529,12.166107,12.910774,12.948814,13.062805,12.395866,12.796600,12.357613,12.948814,12.891754,12.834679,12.777557,12.281059,12.491440,12.529640,12.395866,12.834679,12.758507,12.376740,12.739456,11.935799,12.834679,12.548721,12.644142,12.625069,12.948814,13.081795,13.024826,12.682281,12.567825,12.910774,12.815643,12.948814,12.834679,12.395866,12.376740,12.986824,12.357613,13.252487,12.967819,13.024826,13.252487,12.910774,13.195625,12.682281,13.081795,13.024826,12.644142,12.872734,13.100769,13.081795,13.119759,12.644142,13.138725,12.872734,13.309326,12.739456,12.872734,12.891754,12.682281,12.872734,12.910774,13.119759,12.051033,12.434105,12.758507,12.472336,12.739456,12.853714,12.434105,13.024826,12.472336,12.796600,12.376740,13.309326,13.100769,13.005829,12.395866,13.062805,13.214584,13.195625,12.986824,13.157700,13.195625,13.138725,12.739456,13.649567,12.967819,13.309326,12.586906,13.422867,13.214584,13.214584,13.081795,13.119759,12.625069,13.366112,13.800392,13.138725,13.176659,13.366112,12.891754,13.062805,12.929794,12.777557,13.176659,12.815643,13.233543,12.834679,12.625069,13.005829,13.252487,13.176659,12.834679,13.290382,12.910774,13.176659,13.366112,13.347183,13.138725,13.479599,13.252487,13.555183,13.043808,13.441788,13.498497,13.479599,13.176659,13.592949,13.385033,13.498497,13.043808,13.894524,13.385033,13.460693,13.592949,13.592949,13.574066,13.347183,13.574066,13.838051,13.517403,13.819221,13.781540,13.838051,13.574066,13.536285,13.498497,13.988556,13.894524,14.457298,14.606796,15.072350,14.606796,15.424561,15.202286,15.646294,15.904274,16.381371,16.326462,16.253181,16.874062,16.691910,16.472824,16.783035,17.255310,16.855865,16.783035,17.200951,16.874062,16.892258,17.019493,17.454338,17.092117,17.454338,17.345833,17.146553,17.327736,16.946808,17.363930,17.508537,17.706970,17.454338,17.273430,17.562698,17.454338,18.012718,17.526596,17.761002,17.976807,17.815002,17.797005,18.012718,18.174133,18.066551,18.424599,18.156204,18.263664,18.424599,17.886955,18.227867,18.174133,18.834435,17.940880,18.478165,18.531708,18.388855,17.779015,18.174133,18.102425,18.424599,18.299454,18.406731,18.245766,17.994759,17.958839,18.138290,18.727722,18.174133,18.460312,18.209953,18.692123,18.496017,18.478165,18.335236,18.174133,18.763306,18.335236,18.692123,18.513863,18.887749,18.424599,18.424599,18.727722,18.549545,18.674309,18.745514,18.406731,18.869980,18.727722,19.118340,18.692123,18.958771,18.709923,18.781090,18.674309,18.923264,18.585213,19.136055,18.834435,18.674309,18.816666,18.709923,19.277603,18.620857,18.674309,18.763306,19.100624,18.353111,18.281563,19.189156,18.496017,18.709923,18.798882,18.638680,18.620857,18.388855,18.531708,18.798882,18.353111,18.834435,18.442459,18.335236,18.299454,18.603035,18.066551,18.281563,18.299454,18.442459,18.156204,18.227867,17.761002,18.192039,18.209953,18.496017,18.120361,18.567383,17.958839,18.281563,18.370995,17.976807,18.353111,17.976807,17.922905,18.281563,17.850990,18.012718,17.886955,17.779015,17.724983,18.263664,17.779015,18.066551,17.994759,18.066551,17.634865,18.048607,17.779015,17.797005,17.291534,17.526596,17.436272,17.508537,17.237198,17.418190,17.073982,16.964989,16.124794,15.977844,15.535500,15.756950,15.239365,15.090919,14.793312,14.232613,14.213860,13.932144,13.988556,13.781540,13.668427,14.176346,13.950951,13.969765,13.819221,13.479599,13.762703,13.950951,13.800392,13.838051,13.950951,13.592949,13.819221,14.063721,13.762703,13.479599,14.044937,13.875710,13.385033,13.574066,13.988556,13.800392,14.288834,13.460693,13.894524,13.725006,13.856880,13.592949,14.026146,13.668427,13.856880,13.781540,13.100769,13.574066,13.574066,13.762703,13.403954,13.969765,13.706154,13.668427,13.611824,13.611824,13.856880,13.574066,13.838051,13.649567,13.347183,13.555183,13.743858,13.743858,13.725006,13.687294,13.894524,13.781540,13.630692,13.479599,13.894524,13.460693,13.592949,13.762703,13.611824,13.630692,13.743858,13.743858,13.555183,13.214584,13.195625,13.081795,13.214584,14.026146,13.100769,13.043808,13.479599,13.422867,12.986824,13.271439,13.176659,13.422867,13.176659,13.498497,13.233543,13.385033,12.910774,13.214584,13.706154,13.195625,13.100769,13.517403,13.800392,13.517403,12.967819,13.347183,13.498497,13.271439,13.555183,13.233543,13.252487,13.176659,13.347183,13.119759,13.366112,13.233543,13.460693,14.213860,12.986824,13.517403,13.649567,13.347183,13.233543,13.592949,13.138725,13.403954,12.834679,13.441788,13.536285,13.062805,13.024826,13.611824,13.233543,13.403954,12.967819,13.252487,13.592949,13.422867,13.290382,13.574066,13.214584,13.498497,13.157700,13.233543,12.815643,13.479599,13.157700,13.309326,13.290382,13.574066,13.043808,13.271439,13.252487,13.460693,13.347183,13.403954,12.853714,13.290382,13.195625,13.856880,13.630692,13.574066,13.176659,12.910774,13.024826,13.592949,13.366112,13.819221,13.385033,14.195114,13.819221,14.401184,14.026146,14.457298,14.662788,15.517014,14.606796,15.738518,15.294960,15.257896,15.572441,16.051353,15.812218,15.424561,15.849052,15.646294,15.904274,15.443062,15.480049,15.867470,16.179840,15.590912,15.793800,15.941071,16.088081,16.399666,15.885872,15.996223,15.904274,16.198189,16.253181,16.032974,16.253181,16.600693,16.691910,16.491104,16.436256,16.710136,16.253181,17.327736,16.855865,16.819458,17.001335,17.110275,17.146553,17.092117,17.616829,17.454338,16.673668,17.327736,17.688942,18.102425,16.819458,17.652901,17.255310,17.779015,17.508537,17.490471,17.073982,17.544655,17.291534,17.219078,17.400101,17.273430,16.892258,17.742996,16.819458,17.309639,17.037659,17.598785,17.472412,16.910439,16.892258,16.509377,17.146553,17.019493,17.146553,17.237198,16.472824,16.618950,16.764816,16.728371,16.234848,15.849052,15.369041,15.738518,15.369041,15.072350,14.774681,14.644127,14.756035,14.138817,13.932144,14.382469,14.307571,14.700096,14.288834,14.793312,14.213860,14.419891,14.307571,14.457298,14.026146,14.044937,14.044937,13.781540,14.026146,13.894524,14.232613,14.288834,13.875710,13.800392,14.232613,14.886414,13.969765,13.668427,13.800392,13.422867,14.082504,14.195114,14.532082,13.630692,14.101280,13.630692,13.781540,13.913338,14.101280,13.932144,13.309326,13.743858,13.875710,14.213860,13.611824,13.214584,13.385033,14.288834,13.460693,13.479599,12.414986,13.611824,12.586906,
12.910774,12.453224,12.567825,12.872734,12.834679,12.701340,12.644142,11.955025,12.834679,12.967819,12.529640,13.119759,12.929794,13.081795,12.146942,12.796600,12.948814,12.625069,13.005829,12.529640,12.472336,12.357613,12.319344,12.948814,12.300209,12.701340,12.605988,13.195625,12.376740,12.739456,12.834679,11.839676,12.472336,12.625069,12.796600,12.625069,12.682281,12.967819,12.605988,12.815643,13.119759,12.910774,12.872734,12.166107,12.796600,12.625069,12.986824,12.586906,13.366112,12.967819,12.910774,13.100769,12.910774,12.758507,12.929794,12.815643,12.701340,12.891754,13.176659,12.910774,13.119759,13.403954,13.271439,12.796600,12.853714,13.157700,13.005829,12.948814,12.548721,12.929794,13.062805,12.146942,12.242760,12.682281,12.261917,12.815643,12.223610,12.586906,12.338478,12.967819,12.644142,12.051033,12.701340,12.166107,12.453224,12.529640,12.567825,13.024826,12.815643,12.948814,12.625069,13.100769,12.605988,13.081795,12.701340,13.176659,13.138725,13.176659,12.929794,13.233543,12.625069,13.328255,13.176659,12.758507,12.796600,12.223610,13.214584,13.100769,13.290382,13.176659,12.720398,13.024826,12.758507,12.682281,13.252487,13.460693,13.441788,12.910774,13.649567,13.043808,13.100769,13.005829,13.233543,13.024826,13.138725,13.005829,13.460693,13.403954,12.929794,13.328255,13.574066,13.460693,13.743858,13.366112,13.725006,13.611824,13.176659,13.517403,13.366112,13.385033,13.630692,13.441788,13.536285,13.517403,13.517403,13.309326,13.725006,13.309326,13.856880,13.819221,13.743858,13.536285,13.498497,13.517403,13.725006,13.403954,13.517403,13.611824,13.762703,13.555183,13.498497,13.536285,13.725006,14.326302,14.044937,14.457298,14.644127,14.905037,15.183723,15.553970,15.867470,15.627831,16.271500,16.308144,16.436256,16.436256,16.710136,16.454536,16.728371,17.001335,16.600693,16.417961,17.327736,16.837654,17.219078,17.019493,17.128418,16.946808,17.237198,17.110275,17.255310,17.037659,17.363930,17.544655,17.418190,17.055817,17.706970,17.580750,17.327736,17.616829,17.850990,17.382019,17.706970,17.797005,17.670921,18.406731,17.958839,17.940880,18.209953,18.066551,17.976807,18.335236,17.724983,18.192039,18.299454,18.245766,18.138290,18.120361,18.012718,17.976807,17.904930,17.958839,18.192039,17.904930,18.120361,18.227867,18.174133,18.102425,18.209953,18.263664,17.742996,18.442459,18.478165,18.048607,18.245766,18.012718,18.585213,18.281563,18.638680,18.174133,18.478165,18.174133,18.727722,18.424599,18.317345,18.442459,18.763306,18.460312,18.763306,18.958771,18.442459,18.531708,18.798882,18.745514,18.442459,18.227867,18.442459,18.442459,18.941017,18.513863,18.656494,19.029732,18.763306,18.692123,19.082909,18.941017,18.816666,18.442459,18.852211,18.994255,18.994255,18.887749,18.478165,18.620857,18.567383,18.335236,18.816666,18.869980,18.923264,18.816666,18.513863,18.674309,18.531708,18.245766,18.102425,17.976807,18.335236,18.263664,18.048607,18.084496,18.138290,18.012718,18.120361,18.048607,18.335236,18.066551,17.904930,17.904930,18.030663,17.940880,18.424599,17.761002,18.174133,18.209953,18.567383,18.012718,18.496017,18.174133,18.066551,17.922905,18.120361,17.742996,18.263664,18.174133,17.940880,17.634865,18.138290,17.976807,17.850990,17.327736,17.670921,17.652901,17.688942,16.964989,17.670921,17.526596,17.382019,17.146553,16.728371,16.600693,17.001335,16.564171,16.051353,15.867470,15.849052,15.387550,14.700096,14.793312,14.494698,14.063721,14.138817,13.743858,14.063721,13.668427,13.366112,13.988556,13.762703,13.555183,14.026146,14.157593,13.649567,13.592949,14.026146,13.630692,13.913338,13.630692,13.366112,13.781540,13.687294,13.932144,14.007355,13.630692,14.157593,13.630692,13.649567,13.536285,13.969765,13.932144,13.875710,13.498497,13.555183,13.024826,14.195114,13.479599,13.819221,13.233543,13.988556,13.479599,13.762703,13.800392,13.856880,13.687294,13.592949,13.119759,13.668427,13.913338,14.157593,13.838051,13.725006,13.762703,13.687294,13.498497,13.668427,13.706154,13.649567,13.347183,13.290382,13.894524,14.138817,13.611824,13.819221,14.326302,13.649567,13.668427,13.592949,13.441788,14.101280,13.479599,14.082504,13.555183,13.536285,13.233543,13.403954,13.913338,13.441788,13.290382,13.290382,13.100769,13.309326,13.781540,13.252487,12.967819,13.328255,13.950951,13.498497,13.100769,13.479599,13.347183,13.366112,13.328255,13.214584,13.725006,13.347183,14.007355,13.271439,13.195625,13.592949,13.328255,13.479599,13.479599,13.706154,13.687294,13.422867,13.290382,13.781540,13.536285,13.441788,13.385033,13.233543,13.611824,13.100769,13.403954,13.460693,13.328255,13.347183,13.498497,13.479599,13.592949,13.630692,13.309326,13.403954,13.479599,13.043808,13.347183,13.385033,13.119759,13.328255,12.948814,13.271439,13.157700,13.536285,12.948814,13.347183,13.233543,13.460693,12.967819,13.422867,13.195625,13.687294,13.062805,13.119759,13.309326,13.385033,13.214584,12.853714,13.441788,13.062805,12.777557,12.758507,13.252487,13.460693,13.138725,13.252487,13.024826,13.119759,13.574066,13.005829,13.366112,13.649567,13.838051,13.630692,14.476006,14.419891,14.886414,15.016617,15.035194,15.257896,15.775375,15.572441,15.738518,15.941071,15.016617,15.498535,15.590912,15.498535,15.461563,15.959457,15.922668,15.720085,15.701637,15.701637,15.350533,16.472824,15.941071,15.977844,16.124794,16.216530,16.491104,16.710136,16.545914,16.600693,16.216530,16.618950,16.564171,16.801247,16.472824,17.001335,16.363075,16.910439,16.783035,16.673668,16.600693,17.327736,17.110275,17.200951,17.146553,17.472412,17.797005,17.146553,16.983162,17.273430,17.418190,17.092117,17.526596,17.436272,17.742996,17.436272,17.291534,16.983162,17.815002,17.164696,17.472412,17.418190,17.382019,16.983162,17.237198,16.983162,16.983162,17.400101,16.783035,16.928627,17.128418,16.928627,17.128418,16.655434,16.764816,16.691910,16.892258,16.417961,16.472824,16.417961,16.032974,16.143143,15.461563,15.609375,16.124794,14.942238,14.960838,14.513397,14.419891,14.270103,14.494698,14.588127,14.849190,14.681450,13.950951,14.288834,14.513397,13.932144,14.101280,14.138817,14.476006,14.326302,13.649567,14.138817,14.063721,13.969765,13.725006,13.422867,14.625465,13.781540,13.969765,14.288834,13.800392,14.007355,13.195625,13.725006,13.781540,13.819221,13.913338,13.668427,13.649567,14.251350,13.271439,13.592949,13.592949,13.403954,14.232613,13.138725,13.743858,13.290382,13.479599,13.403954,13.498497,13.062805,13.479599,12.834679,13.309326,12.720398,12.185280,
12.434105,12.910774,12.395866,12.834679,12.758507,12.319344,12.089409,13.138725,12.625069,12.910774,12.948814,12.491440,12.281059,12.529640,12.701340,12.948814,12.281059,11.955025,12.204445,12.872734,12.682281,12.548721,12.586906,12.815643,12.453224,13.176659,12.586906,12.910774,12.586906,12.872734,12.548721,12.625069,12.777557,13.043808,12.414986,12.701340,12.586906,13.176659,12.891754,12.434105,12.453224,13.195625,12.434105,12.625069,13.024826,13.119759,12.261917,13.252487,12.644142,12.910774,12.739456,12.796600,13.233543,12.491440,12.986824,13.195625,12.872734,12.319344,12.739456,12.701340,12.834679,12.261917,12.720398,12.891754,13.043808,13.043808,12.967819,12.529640,13.062805,12.796600,12.796600,12.853714,12.395866,12.357613,12.472336,12.567825,12.663208,12.548721,12.834679,12.815643,12.815643,12.414986,12.146942,12.434105,12.605988,12.891754,12.548721,12.281059,13.422867,12.948814,12.777557,12.948814,12.682281,13.119759,13.271439,13.347183,13.347183,12.261917,13.157700,12.929794,13.005829,12.872734,13.195625,13.309326,13.081795,12.853714,13.403954,13.081795,13.119759,13.043808,13.309326,12.986824,13.309326,13.119759,13.062805,12.986824,12.720398,13.062805,12.872734,13.100769,13.062805,13.347183,13.233543,13.005829,13.138725,13.403954,13.100769,13.385033,13.176659,13.024826,13.100769,13.649567,13.460693,13.233543,13.309326,13.385033,13.441788,13.271439,13.233543,13.498497,13.403954,13.762703,13.762703,13.309326,13.271439,13.460693,13.403954,13.498497,13.138725,13.252487,13.460693,13.592949,13.081795,13.611824,14.026146,13.517403,13.157700,12.929794,13.838051,13.422867,13.668427,13.290382,13.725006,13.932144,14.138817,13.988556,14.886414,14.513397,15.072350,15.332008,15.406059,16.088081,16.161499,16.014603,16.564171,16.855865,16.509377,16.308144,16.673668,16.801247,16.855865,16.910439,16.746590,17.146553,16.855865,16.746590,17.237198,16.946808,17.092117,16.946808,17.255310,17.001335,17.001335,17.055817,17.110275,17.345833,17.670921,17.255310,17.345833,17.688942,17.886955,17.418190,17.815002,17.670921,17.580750,17.580750,18.156204,18.209953,18.084496,18.192039,18.138290,18.084496,18.460312,17.850990,18.227867,18.156204,18.174133,18.245766,18.406731,17.994759,17.940880,18.513863,18.174133,18.048607,18.317345,18.209953,18.353111,18.030663,18.531708,17.904930,17.886955,18.424599,18.424599,18.424599,17.958839,18.030663,18.227867,18.496017,18.048607,18.138290,18.905502,18.585213,18.531708,18.549545,18.156204,18.656494,18.816666,18.638680,18.496017,18.620857,19.011993,18.496017,18.816666,18.442459,18.887749,18.585213,18.709923,18.869980,18.674309,18.531708,18.923264,18.692123,18.370995,18.638680,18.531708,18.745514,19.242241,18.905502,18.834435,18.709923,19.136055,18.656494,18.709923,18.460312,18.781090,18.156204,18.923264,18.388855,18.496017,18.798882,18.406731,18.460312,18.209953,18.156204,18.281563,18.227867,18.406731,18.281563,18.084496,18.227867,18.012718,18.066551,18.120361,18.030663,18.317345,17.833000,18.030663,18.120361,18.370995,18.174133,18.084496,18.102425,17.958839,17.850990,18.424599,18.227867,18.567383,18.174133,17.994759,18.048607,18.012718,18.048607,17.886955,17.922905,18.406731,17.958839,17.761002,17.994759,18.138290,17.616829,17.994759,17.454338,17.940880,17.688942,17.706970,17.200951,17.382019,16.946808,16.964989,16.892258,16.399666,16.106438,15.738518,15.553970,15.756950,15.128059,15.202286,14.476006,14.232613,14.569450,14.213860,14.101280,13.781540,13.555183,14.044937,13.781540,13.668427,14.044937,13.555183,13.819221,14.270103,13.743858,13.838051,13.875710,13.668427,14.026146,13.611824,13.555183,13.743858,13.687294,13.725006,13.460693,13.781540,13.913338,14.120049,13.687294,13.422867,13.630692,13.517403,13.592949,13.611824,13.969765,13.875710,13.536285,13.309326,13.290382,13.536285,13.517403,13.498497,13.630692,13.592949,13.762703,13.668427,13.498497,13.781540,13.460693,13.762703,13.781540,13.706154,13.630692,13.536285,13.743858,13.555183,13.290382,13.668427,13.460693,13.555183,13.366112,13.687294,14.101280,13.574066,13.592949,13.309326,13.969765,12.834679,13.781540,13.649567,13.536285,13.649567,13.157700,13.271439,13.687294,13.366112,13.252487,13.100769,12.758507,13.366112,13.214584,13.081795,13.081795,13.290382,13.743858,13.119759,13.347183,13.592949,13.687294,13.555183,13.271439,13.706154,13.574066,13.309326,13.706154,13.706154,14.007355,13.592949,13.630692,13.706154,13.328255,13.422867,13.271439,13.592949,13.441788,12.948814,12.986824,13.195625,12.853714,13.819221,13.157700,13.366112,13.385033,13.290382,13.176659,13.309326,13.479599,13.347183,13.328255,13.479599,13.422867,13.100769,13.536285,13.271439,12.986824,13.328255,12.910774,13.347183,13.214584,13.214584,13.233543,13.422867,13.271439,13.195625,12.910774,13.081795,13.119759,12.929794,13.441788,13.668427,13.119759,13.119759,13.592949,13.024826,12.910774,13.195625,13.176659,13.611824,13.100769,13.290382,13.611824,13.441788,12.758507,13.762703,13.043808,12.605988,12.395866,13.743858,13.252487,13.043808,13.422867,13.592949,13.875710,13.555183,14.588127,13.969765,14.774681,14.700096,15.109489,15.035194,15.498535,15.959457,15.572441,15.313492,15.128059,15.572441,15.461563,15.720085,15.350533,15.572441,15.885872,15.313492,15.517014,15.498535,15.128059,15.959457,15.720085,15.793800,15.977844,16.106438,16.271500,15.977844,16.710136,16.655434,16.399666,16.691910,16.143143,16.124794,16.509377,16.454536,16.655434,16.746590,16.819458,16.801247,16.764816,17.363930,16.673668,17.037659,16.564171,17.255310,17.436272,17.400101,16.964989,17.363930,17.182823,17.670921,17.363930,17.850990,17.508537,17.562698,17.688942,17.815002,17.146553,17.001335,16.874062,17.092117,17.128418,17.436272,17.255310,17.019493,17.037659,17.255310,16.964989,17.526596,17.128418,16.783035,16.855865,17.255310,16.764816,16.983162,16.837654,16.964989,16.399666,16.472824,15.313492,15.977844,15.387550,15.553970,15.387550,14.681450,14.737404,14.737404,14.457298,14.120049,14.044937,13.950951,13.536285,14.288834,13.913338,13.894524,15.016617,14.363747,14.979439,14.588127,14.793312,14.063721,14.082504,14.288834,14.157593,14.270103,14.063721,14.251350,14.213860,13.781540,13.894524,14.044937,13.347183,14.007355,13.743858,14.438606,13.498497,13.819221,14.326302,14.438606,13.592949,14.270103,14.176346,13.894524,13.762703,14.044937,13.385033,14.101280,13.498497,14.176346,13.706154,13.611824,13.611824,13.460693,13.043808,13.100769,13.479599,12.986824,12.682281,
12.453224,12.281059,12.815643,13.100769,12.948814,12.319344,12.986824,13.100769,13.100769,13.024826,12.185280,12.567825,13.024826,12.948814,13.252487,12.567825,12.682281,12.567825,13.176659,11.955025,12.625069,12.720398,12.453224,12.891754,12.319344,12.739456,12.300209,12.605988,13.441788,12.434105,12.663208,12.682281,12.586906,13.176659,13.005829,12.338478,12.625069,12.453224,13.195625,12.300209,12.701340,13.100769,12.586906,12.453224,12.625069,12.815643,12.281059,12.872734,12.834679,13.005829,12.834679,12.796600,13.024826,13.062805,13.100769,12.948814,13.024826,12.720398,12.701340,12.510529,13.252487,12.739456,13.422867,12.948814,12.853714,12.625069,13.100769,13.176659,13.138725,12.701340,12.986824,12.472336,13.043808,12.300209,12.529640,12.319344,12.872734,12.070213,12.625069,12.472336,12.453224,12.089409,12.605988,12.376740,12.319344,12.739456,12.625069,12.567825,12.605988,12.586906,12.967819,12.300209,12.853714,12.872734,12.701340,12.986824,12.834679,13.176659,13.024826,12.929794,12.891754,13.195625,13.555183,13.328255,13.100769,12.967819,12.682281,13.366112,12.777557,13.119759,12.682281,12.986824,13.403954,13.043808,12.853714,12.720398,13.555183,13.005829,13.062805,13.024826,13.176659,13.005829,12.663208,12.834679,12.414986,13.403954,13.024826,13.157700,13.347183,12.796600,13.043808,12.910774,13.743858,13.592949,13.498497,13.743858,13.385033,13.460693,13.668427,13.725006,13.517403,13.176659,13.252487,13.271439,13.875710,13.328255,13.195625,13.366112,13.592949,13.630692,13.328255,13.233543,14.082504,13.630692,13.479599,13.441788,13.630692,13.119759,13.574066,13.252487,13.725006,13.252487,13.649567,13.781540,14.345024,14.438606,14.774681,14.849190,15.090919,15.387550,15.664742,15.849052,15.738518,16.051353,16.051353,16.216530,16.618950,16.837654,16.582436,16.728371,16.801247,16.417961,16.855865,16.783035,16.582436,16.874062,17.200951,17.001335,17.128418,17.182823,17.110275,16.728371,16.855865,17.146553,16.819458,17.400101,17.164696,17.508537,17.562698,17.418190,17.706970,17.706970,17.544655,17.706970,17.742996,17.616829,18.209953,17.742996,18.084496,17.688942,17.976807,18.030663,17.940880,17.940880,18.048607,17.958839,18.263664,18.156204,18.353111,18.299454,18.174133,17.922905,18.209953,17.886955,18.317345,17.815002,18.353111,18.424599,18.406731,18.227867,18.048607,18.138290,18.585213,18.120361,18.603035,18.156204,18.406731,18.388855,18.478165,17.976807,18.424599,18.299454,18.656494,18.727722,18.834435,19.082909,18.869980,18.138290,18.834435,18.603035,18.406731,18.567383,18.531708,18.656494,18.531708,18.317345,18.763306,18.120361,18.692123,18.388855,18.692123,18.603035,18.941017,18.656494,18.388855,18.763306,18.958771,18.460312,18.620857,18.460312,18.549545,18.460312,18.727722,18.335236,18.245766,18.549545,18.442459,18.781090,18.781090,18.496017,18.763306,18.317345,18.066551,18.030663,18.102425,18.335236,18.102425,18.156204,18.317345,17.454338,18.066551,18.120361,18.156204,17.940880,18.138290,18.048607,18.174133,18.406731,18.353111,18.656494,18.478165,18.138290,18.460312,18.192039,18.263664,17.580750,18.084496,18.138290,18.245766,17.797005,18.084496,17.868965,18.156204,18.084496,17.886955,17.886955,17.797005,18.174133,17.706970,17.544655,17.742996,17.436272,17.363930,17.182823,17.363930,17.019493,17.436272,17.146553,16.964989,16.728371,16.691910,16.399666,15.959457,15.535500,15.480049,15.202286,14.476006,14.532082,14.288834,14.494698,14.288834,13.611824,13.498497,14.007355,14.138817,13.762703,13.950951,14.044937,13.517403,13.743858,14.101280,14.063721,13.649567,13.630692,14.232613,13.176659,13.498497,13.536285,13.309326,13.479599,13.630692,13.875710,13.385033,14.026146,13.555183,13.498497,13.743858,13.536285,14.044937,13.176659,13.819221,13.366112,13.856880,13.309326,13.894524,13.498497,13.271439,13.385033,13.441788,13.214584,13.403954,13.894524,13.574066,13.611824,13.800392,13.950951,13.649567,13.441788,13.460693,13.517403,13.479599,13.800392,13.649567,13.062805,13.838051,13.309326,14.138817,13.875710,13.498497,13.649567,13.517403,14.007355,13.649567,13.894524,13.498497,13.592949,13.913338,13.290382,13.157700,13.138725,12.967819,13.460693,13.043808,13.024826,13.214584,13.062805,13.214584,13.119759,12.796600,13.441788,12.891754,12.701340,13.422867,13.119759,13.290382,13.195625,13.498497,13.290382,13.630692,13.309326,13.536285,13.157700,13.271439,13.668427,13.347183,13.422867,13.555183,13.574066,13.479599,13.894524,13.498497,12.739456,13.574066,13.574066,13.214584,13.441788,13.385033,13.592949,13.309326,12.891754,13.725006,13.290382,13.347183,13.024826,13.119759,13.290382,13.403954,13.592949,13.176659,13.062805,13.100769,13.195625,13.347183,13.366112,13.328255,13.385033,13.176659,13.574066,13.100769,13.403954,12.853714,13.517403,13.441788,13.517403,13.157700,13.517403,13.157700,13.385033,13.271439,13.385033,12.281059,13.252487,13.479599,13.422867,13.555183,13.195625,13.555183,13.517403,13.138725,13.119759,13.081795,13.176659,13.100769,12.395866,13.214584,12.910774,13.233543,13.743858,13.838051,13.950951,13.668427,13.913338,14.288834,14.232613,15.683197,14.979439,15.035194,15.332008,15.369041,15.701637,15.387550,15.535500,15.793800,15.480049,15.165176,15.922668,15.239365,15.517014,15.313492,15.756950,15.627831,15.387550,15.535500,16.014603,16.014603,15.867470,16.161499,16.216530,16.069710,16.381371,16.509377,15.885872,16.417961,16.545914,16.655434,16.417961,16.728371,16.819458,16.819458,17.128418,16.600693,16.637184,16.910439,17.110275,17.110275,16.892258,17.382019,17.400101,17.110275,16.928627,17.273430,17.363930,17.345833,17.436272,17.616829,17.345833,17.994759,17.219078,17.616829,17.904930,17.309639,17.670921,17.472412,16.910439,17.436272,17.309639,17.110275,17.688942,17.490471,17.073982,16.710136,17.019493,16.618950,16.198189,17.273430,16.746590,16.874062,16.764816,16.491104,16.253181,16.509377,16.106438,15.977844,15.406059,15.941071,15.461563,15.313492,14.569450,14.737404,14.550774,14.176346,14.532082,14.251350,14.101280,14.700096,14.138817,14.251350,14.157593,14.044937,14.044937,13.932144,14.476006,15.053780,14.363747,14.007355,14.588127,14.082504,13.913338,14.007355,14.457298,13.950951,13.743858,13.328255,14.270103,14.176346,13.932144,14.120049,13.762703,14.270103,13.630692,13.422867,13.894524,14.606796,14.082504,13.819221,13.422867,13.555183,13.668427,13.725006,14.195114,13.687294,13.252487,13.611824,13.649567,13.422867,13.385033,13.062805,12.929794,12.986824,12.682281,
12.548721,12.644142,12.605988,12.338478,12.815643,12.586906,12.357613,12.872734,12.910774,12.586906,13.062805,12.453224,12.567825,12.834679,12.089409,12.472336,12.967819,12.777557,12.204445,12.510529,13.157700,12.395866,12.929794,12.758507,12.644142,12.834679,12.567825,12.834679,12.872734,12.491440,12.834679,12.204445,12.663208,12.644142,12.777557,12.395866,13.233543,13.062805,12.929794,12.319344,12.796600,12.910774,12.834679,12.758507,12.796600,12.872734,12.548721,13.271439,12.605988,12.491440,12.815643,12.834679,12.815643,13.271439,12.605988,13.328255,12.910774,12.663208,13.081795,13.119759,13.081795,12.758507,13.271439,12.625069,13.100769,12.548721,13.157700,12.967819,12.644142,12.720398,12.510529,12.682281,12.453224,12.472336,12.834679,12.625069,12.472336,12.185280,12.242760,12.070213,12.261917,12.548721,12.453224,11.935799,12.089409,12.529640,12.910774,12.472336,12.529640,13.366112,12.510529,12.834679,12.586906,13.385033,13.100769,12.929794,12.739456,12.891754,12.834679,12.796600,12.986824,12.796600,13.138725,12.891754,12.967819,12.834679,12.663208,12.739456,12.510529,12.644142,13.195625,13.119759,12.796600,12.548721,12.739456,12.663208,12.796600,13.838051,13.195625,13.309326,13.214584,13.176659,13.043808,12.625069,13.290382,13.024826,12.720398,12.758507,13.043808,13.460693,13.309326,13.233543,13.214584,13.233543,13.176659,13.366112,13.422867,13.005829,13.649567,13.252487,13.819221,13.005829,13.649567,13.309326,13.517403,13.441788,13.592949,13.119759,13.668427,13.498497,13.422867,13.611824,13.536285,13.347183,13.347183,13.517403,13.762703,13.347183,13.668427,13.347183,13.592949,13.762703,13.460693,13.913338,14.044937,13.969765,14.756035,14.830566,15.387550,15.294960,15.646294,16.106438,15.996223,16.545914,16.161499,16.746590,16.527649,16.106438,16.527649,16.655434,16.819458,16.399666,16.527649,16.655434,17.019493,16.637184,16.928627,16.819458,16.892258,16.910439,16.746590,16.983162,17.200951,16.855865,17.400101,16.874062,17.815002,17.688942,17.382019,17.634865,17.850990,17.472412,17.994759,17.382019,17.779015,17.761002,17.976807,17.688942,17.742996,17.436272,18.102425,17.922905,17.779015,17.868965,18.263664,18.120361,17.940880,17.616829,18.120361,17.688942,18.030663,18.281563,18.120361,17.976807,18.227867,18.048607,18.317345,18.120361,17.833000,18.263664,18.192039,18.442459,18.299454,18.442459,18.138290,18.120361,18.192039,18.388855,18.227867,18.317345,18.603035,18.299454,18.638680,18.816666,18.406731,18.709923,18.513863,18.834435,18.406731,18.335236,18.923264,18.478165,18.209953,18.549545,18.638680,18.781090,18.567383,18.834435,18.958771,18.567383,18.692123,18.531708,18.281563,18.763306,18.299454,18.531708,18.834435,18.370995,18.941017,18.424599,18.781090,18.709923,18.656494,18.442459,18.424599,18.496017,18.603035,18.763306,18.388855,18.585213,18.585213,18.138290,18.549545,18.066551,18.406731,18.299454,18.370995,18.174133,18.174133,18.192039,18.478165,18.102425,18.460312,18.192039,18.531708,18.084496,18.263664,18.281563,18.299454,18.281563,18.245766,18.030663,18.156204,18.120361,18.263664,18.478165,18.030663,18.030663,18.209953,17.815002,17.886955,17.886955,18.102425,17.976807,17.779015,18.192039,18.209953,17.886955,17.616829,17.508537,17.526596,17.652901,17.436272,17.454338,17.400101,17.436272,17.291534,17.037659,16.983162,16.783035,16.710136,16.234848,15.756950,15.849052,15.461563,14.960838,14.979439,14.886414,13.687294,14.251350,14.082504,13.932144,13.800392,13.517403,13.649567,13.781540,13.856880,14.176346,13.611824,13.649567,13.838051,13.725006,13.800392,14.270103,13.875710,13.894524,13.366112,13.592949,13.592949,13.762703,13.555183,13.894524,13.460693,13.176659,13.328255,13.819221,13.706154,13.366112,13.555183,13.460693,13.479599,13.309326,13.725006,13.422867,13.762703,13.517403,13.422867,13.743858,13.252487,13.725006,13.422867,13.536285,13.479599,13.800392,13.479599,13.385033,13.479599,13.649567,13.271439,13.062805,13.441788,13.592949,13.706154,13.687294,13.875710,13.403954,13.498497,13.838051,13.743858,13.422867,13.630692,13.988556,13.668427,13.649567,13.460693,13.969765,13.668427,13.498497,13.479599,13.668427,13.328255,13.214584,13.555183,13.233543,13.536285,12.777557,13.517403,13.498497,13.138725,13.043808,13.592949,13.024826,12.986824,13.687294,13.119759,13.838051,13.081795,13.271439,13.385033,13.271439,13.441788,13.536285,13.781540,13.781540,14.007355,13.252487,13.819221,13.157700,13.479599,13.498497,13.385033,13.157700,13.062805,13.687294,13.271439,13.138725,13.195625,13.441788,13.366112,13.081795,13.176659,13.252487,13.574066,13.385033,12.929794,13.024826,13.555183,13.517403,13.536285,13.119759,13.347183,13.271439,13.100769,13.119759,13.138725,13.252487,12.758507,13.252487,13.366112,13.176659,13.195625,13.328255,13.271439,13.555183,13.309326,13.403954,13.214584,12.682281,13.290382,13.024826,13.687294,13.138725,12.948814,12.796600,12.986824,12.967819,12.910774,13.366112,13.138725,13.081795,13.176659,13.043808,13.195625,12.834679,12.834679,13.385033,13.555183,13.479599,13.574066,13.668427,14.157593,14.138817,14.532082,14.960838,15.535500,15.239365,14.998024,15.720085,15.756950,15.276436,15.406059,15.424561,15.369041,15.646294,15.701637,15.406059,15.424561,15.313492,15.627831,15.035194,15.332008,15.202286,15.664742,15.849052,15.553970,16.179840,16.454536,16.234848,16.399666,16.472824,16.728371,16.069710,16.436256,16.764816,16.381371,16.801247,16.673668,16.363075,17.291534,16.216530,16.728371,17.001335,16.910439,16.728371,16.928627,17.019493,17.544655,17.670921,17.237198,17.490471,17.472412,17.598785,17.309639,17.092117,17.400101,17.363930,17.291534,17.508537,17.164696,17.418190,17.291534,17.200951,17.164696,17.670921,17.291534,17.055817,17.400101,17.164696,17.146553,16.964989,17.019493,17.073982,17.273430,16.855865,16.491104,16.564171,16.417961,16.637184,16.710136,16.582436,16.143143,15.627831,15.720085,15.572441,15.793800,15.683197,15.165176,14.382469,14.942238,14.270103,14.438606,14.157593,14.345024,14.138817,14.007355,14.718750,14.382469,14.063721,13.856880,14.307571,14.307571,14.195114,14.026146,14.232613,14.007355,14.007355,13.743858,14.625465,13.894524,14.307571,14.232613,14.326302,14.270103,14.195114,14.138817,13.366112,13.800392,13.706154,13.043808,13.762703,14.270103,13.630692,13.800392,13.743858,14.270103,13.347183,13.649567,14.213860,13.138725,14.213860,13.725006,13.328255,13.781540,13.366112,13.932144,12.967819,13.422867,13.252487,12.720398,12.261917,
12.338478,12.777557,12.796600,13.706154,12.796600,12.472336,12.357613,12.510529,12.948814,13.214584,12.948814,12.986824,12.472336,12.625069,12.701340,12.491440,13.005829,12.261917,12.777557,12.204445,12.663208,12.625069,12.796600,12.663208,12.586906,13.005829,12.395866,12.166107,12.720398,12.472336,12.625069,12.146942,13.024826,12.300209,12.529640,12.223610,12.491440,12.453224,12.948814,12.682281,12.414986,12.891754,12.586906,12.146942,12.720398,12.395866,13.138725,12.777557,13.043808,12.395866,12.948814,12.605988,12.720398,12.872734,13.214584,12.491440,12.758507,12.605988,12.453224,13.081795,12.815643,13.271439,13.100769,12.815643,13.366112,12.948814,12.586906,12.510529,12.586906,12.548721,13.385033,12.204445,12.967819,12.682281,12.872734,12.586906,12.891754,12.146942,12.108589,12.567825,12.682281,12.166107,12.319344,12.586906,12.796600,12.453224,12.663208,13.043808,12.815643,12.414986,13.100769,12.548721,12.663208,13.062805,12.395866,13.100769,13.195625,12.929794,13.233543,12.834679,12.929794,12.701340,13.176659,13.100769,12.815643,12.853714,13.385033,13.062805,12.586906,13.005829,13.024826,12.644142,13.043808,12.853714,12.948814,13.062805,13.460693,12.605988,13.100769,13.119759,13.005829,13.290382,12.910774,12.891754,12.986824,13.290382,13.081795,13.252487,12.720398,12.834679,13.328255,13.422867,13.347183,13.385033,13.574066,13.176659,13.517403,13.176659,13.309326,13.062805,13.479599,13.479599,13.555183,13.536285,13.743858,13.347183,13.271439,13.687294,13.706154,13.460693,13.555183,13.043808,13.555183,13.611824,13.100769,13.233543,13.024826,13.043808,13.233543,13.403954,13.347183,13.328255,13.969765,13.969765,14.382469,14.569450,14.774681,14.532082,15.165176,15.553970,15.627831,16.014603,16.326462,16.051353,16.564171,15.959457,16.454536,16.344765,16.143143,16.746590,16.728371,16.582436,16.618950,17.001335,16.746590,16.454536,16.964989,16.691910,16.600693,16.582436,16.910439,16.946808,17.327736,17.182823,17.436272,16.910439,17.219078,17.526596,17.454338,17.688942,17.182823,17.400101,17.616829,18.012718,17.815002,18.209953,17.958839,18.102425,17.850990,18.299454,17.634865,18.120361,17.904930,17.994759,17.616829,17.616829,17.940880,17.724983,18.174133,17.886955,18.120361,18.156204,18.281563,17.833000,18.120361,18.138290,18.048607,17.958839,18.102425,17.904930,18.227867,18.120361,18.263664,18.030663,18.513863,18.638680,18.406731,18.567383,18.138290,18.030663,18.388855,18.852211,18.192039,18.442459,18.869980,18.513863,18.549545,18.460312,18.674309,18.656494,18.531708,18.370995,18.674309,18.567383,18.424599,18.281563,18.478165,18.424599,18.317345,18.478165,18.692123,18.763306,18.816666,18.692123,18.656494,18.905502,18.816666,18.674309,18.709923,18.406731,18.513863,18.603035,18.674309,18.281563,18.460312,18.460312,18.478165,18.192039,18.353111,18.353111,18.478165,18.120361,18.192039,18.317345,18.066551,17.958839,18.030663,18.066551,18.317345,18.156204,18.442459,18.156204,18.138290,18.335236,18.353111,17.994759,18.209953,18.317345,18.531708,18.620857,18.048607,18.192039,18.781090,18.638680,17.868965,18.048607,18.192039,18.263664,18.120361,18.138290,18.066551,18.174133,18.263664,18.138290,17.850990,17.418190,17.544655,17.688942,17.815002,17.382019,17.309639,17.742996,17.345833,17.110275,17.724983,17.164696,17.291534,17.273430,17.110275,16.600693,16.746590,16.472824,15.941071,15.922668,15.035194,15.294960,14.886414,14.774681,14.007355,13.781540,14.101280,13.988556,14.007355,13.441788,13.913338,13.706154,13.592949,13.611824,13.838051,13.781540,13.536285,13.687294,13.460693,14.082504,14.101280,13.969765,13.687294,13.800392,13.479599,13.762703,13.517403,13.347183,13.271439,13.706154,13.441788,13.611824,13.668427,13.460693,13.743858,13.668427,13.385033,13.460693,13.517403,13.819221,13.725006,13.649567,13.479599,13.706154,13.479599,13.611824,13.838051,14.251350,13.819221,13.781540,13.422867,13.214584,13.913338,13.838051,14.082504,13.762703,13.950951,13.762703,13.649567,13.366112,13.687294,13.574066,13.479599,13.932144,13.517403,13.347183,14.082504,13.781540,13.725006,14.270103,13.950951,13.328255,13.687294,13.517403,13.687294,13.687294,13.271439,13.441788,13.347183,13.195625,13.024826,13.176659,12.777557,12.910774,12.929794,13.422867,13.119759,12.986824,12.796600,13.649567,13.441788,13.706154,13.536285,13.214584,13.347183,13.479599,13.800392,13.479599,12.986824,13.743858,13.517403,13.366112,13.592949,13.309326,13.309326,13.592949,13.403954,13.555183,13.005829,13.422867,13.233543,13.403954,13.441788,12.929794,13.309326,13.422867,12.967819,13.611824,12.986824,13.195625,13.195625,13.536285,13.233543,13.856880,13.119759,13.422867,13.252487,13.138725,13.176659,13.309326,13.347183,12.948814,13.460693,12.796600,13.498497,13.043808,13.592949,13.062805,13.005829,13.385033,13.347183,12.948814,12.815643,13.385033,13.290382,13.347183,12.910774,12.986824,14.044937,13.214584,13.385033,13.536285,13.422867,13.498497,13.157700,12.910774,13.328255,13.214584,13.668427,13.252487,13.138725,12.777557,13.081795,13.479599,13.403954,13.574066,13.819221,13.950951,14.251350,14.793312,14.830566,14.849190,15.609375,15.646294,15.517014,15.461563,15.849052,15.756950,15.239365,15.553970,15.572441,15.202286,15.480049,15.035194,15.553970,15.387550,15.553970,15.517014,16.014603,15.646294,16.161499,16.106438,16.051353,15.922668,16.051353,16.344765,16.124794,16.344765,16.161499,16.381371,16.289825,16.363075,16.764816,16.983162,16.655434,17.200951,16.381371,16.710136,16.764816,16.399666,16.983162,16.983162,16.983162,17.164696,16.855865,17.508537,17.164696,16.746590,17.779015,17.291534,17.400101,17.092117,17.904930,17.019493,17.291534,17.200951,17.073982,17.273430,17.508537,16.764816,17.833000,16.983162,17.219078,17.652901,17.815002,17.019493,16.783035,16.874062,16.564171,16.928627,17.219078,16.600693,16.399666,16.637184,16.746590,16.308144,16.819458,15.941071,15.830643,15.830643,15.590912,14.811943,15.109489,14.550774,14.700096,14.401184,14.438606,14.457298,14.513397,14.157593,14.082504,14.307571,13.988556,14.288834,13.969765,14.326302,14.550774,14.213860,13.950951,14.232613,14.195114,13.649567,14.438606,13.969765,13.875710,14.662788,13.800392,14.251350,14.251350,14.138817,14.007355,14.345024,13.781540,14.382469,13.555183,13.913338,13.913338,14.195114,14.232613,13.743858,13.574066,13.328255,13.988556,13.819221,14.326302,13.555183,13.328255,13.649567,14.213860,13.932144,13.309326,13.422867,13.081795,13.157700,12.625069,12.338478,
12.281059,12.986824,13.176659,12.281059,12.644142,12.796600,12.910774,12.701340,12.777557,12.434105,12.929794,13.157700,12.605988,12.701340,12.357613,12.625069,12.834679,12.777557,12.796600,12.223610,12.529640,12.376740,12.223610,12.701340,12.491440,12.720398,12.567825,13.043808,12.758507,12.548721,12.682281,12.891754,12.815643,12.223610,11.955025,13.043808,12.357613,12.739456,12.567825,12.319344,13.157700,12.605988,12.625069,12.663208,13.214584,12.242760,12.967819,12.586906,12.777557,12.625069,12.948814,12.796600,13.233543,12.720398,13.630692,13.119759,12.948814,12.929794,13.460693,12.414986,12.548721,12.891754,12.548721,12.414986,12.891754,13.441788,12.777557,12.682281,12.739456,12.338478,12.434105,13.252487,11.916588,13.062805,12.548721,12.395866,12.815643,12.548721,12.701340,12.223610,12.070213,12.548721,11.974228,12.414986,12.414986,12.414986,12.357613,12.625069,12.853714,12.853714,12.281059,13.252487,12.605988,12.910774,12.605988,12.967819,13.460693,12.853714,13.252487,12.891754,13.422867,12.834679,13.005829,12.663208,12.834679,12.910774,13.043808,13.195625,13.100769,12.625069,13.233543,12.815643,12.625069,13.328255,13.100769,13.536285,13.100769,12.948814,13.290382,13.479599,12.986824,12.796600,13.100769,13.309326,13.252487,13.024826,13.176659,13.157700,13.081795,13.081795,13.195625,13.233543,12.929794,13.024826,13.062805,13.138725,13.233543,13.819221,13.479599,13.385033,13.176659,13.157700,12.853714,12.834679,13.214584,13.081795,13.024826,13.233543,13.762703,13.347183,13.024826,13.347183,13.441788,13.687294,13.725006,13.385033,12.739456,13.611824,13.309326,13.214584,12.948814,13.762703,13.894524,13.725006,14.251350,14.251350,14.867805,14.625465,15.016617,15.480049,15.517014,15.461563,16.051353,16.344765,16.381371,16.253181,16.545914,16.032974,16.691910,16.381371,16.326462,15.996223,16.417961,16.381371,16.746590,16.454536,16.637184,16.673668,17.309639,16.819458,16.892258,16.764816,16.892258,17.309639,17.110275,17.200951,17.418190,17.273430,17.670921,17.092117,17.652901,17.291534,17.688942,17.219078,17.400101,17.580750,17.580750,17.994759,17.544655,17.688942,17.634865,17.833000,17.868965,18.084496,17.850990,17.598785,18.585213,18.102425,17.761002,18.012718,18.174133,17.976807,17.797005,17.850990,18.227867,17.815002,18.227867,18.442459,18.192039,18.335236,18.192039,18.156204,17.833000,18.442459,18.424599,18.656494,18.066551,18.335236,18.620857,18.656494,18.763306,18.442459,17.833000,18.156204,18.816666,18.798882,18.174133,18.245766,18.263664,18.281563,18.531708,18.531708,18.084496,18.299454,18.816666,18.442459,18.317345,18.496017,18.245766,18.460312,18.549545,18.442459,18.442459,18.745514,18.674309,18.549545,18.620857,18.335236,18.406731,18.549545,18.656494,18.513863,18.513863,18.299454,18.763306,18.513863,18.692123,18.478165,18.138290,18.227867,18.442459,17.976807,18.084496,18.335236,18.281563,18.370995,18.424599,18.174133,18.245766,18.048607,18.299454,18.424599,18.245766,18.496017,18.353111,18.585213,18.066551,17.922905,18.174133,17.815002,18.424599,18.156204,18.084496,18.317345,18.442459,18.299454,18.281563,18.299454,17.815002,17.850990,18.048607,17.472412,17.868965,17.886955,17.706970,17.670921,18.066551,17.688942,17.327736,17.544655,17.363930,17.688942,17.291534,17.418190,17.418190,17.073982,16.855865,16.964989,17.598785,16.946808,16.472824,16.088081,15.849052,15.904274,15.793800,15.369041,14.942238,14.830566,14.532082,13.950951,14.007355,13.592949,14.007355,13.668427,13.800392,13.838051,13.762703,13.838051,13.498497,13.536285,13.668427,13.762703,13.800392,13.592949,13.592949,13.630692,13.498497,13.498497,13.271439,13.328255,13.309326,13.875710,13.366112,13.762703,13.403954,13.611824,13.856880,13.441788,13.781540,13.385033,13.913338,13.856880,13.574066,13.932144,14.120049,13.743858,13.630692,13.819221,13.743858,13.932144,13.536285,14.044937,13.706154,13.479599,13.555183,13.271439,13.479599,13.252487,13.498497,13.385033,13.706154,13.687294,13.441788,13.611824,14.026146,13.668427,13.762703,13.743858,13.536285,13.687294,13.574066,13.969765,13.403954,13.611824,13.800392,13.460693,13.290382,13.498497,13.479599,13.290382,13.328255,13.385033,13.366112,13.062805,13.441788,13.214584,12.872734,13.043808,13.422867,13.100769,13.517403,13.385033,13.498497,13.611824,13.517403,13.233543,13.176659,13.422867,13.611824,13.024826,13.290382,13.176659,13.271439,13.347183,13.592949,13.290382,13.157700,13.574066,13.043808,13.366112,13.347183,13.100769,13.630692,13.233543,13.328255,13.214584,13.347183,13.233543,13.517403,13.043808,13.138725,13.403954,13.005829,13.328255,13.366112,13.271439,13.271439,13.555183,13.762703,13.233543,13.271439,12.891754,13.479599,13.328255,13.271439,12.777557,13.706154,13.100769,13.687294,13.062805,13.328255,13.157700,13.498497,12.644142,13.403954,13.176659,13.138725,13.214584,13.498497,13.157700,13.119759,13.536285,13.005829,12.472336,13.347183,13.574066,13.290382,13.100769,13.403954,12.967819,12.434105,13.043808,12.720398,13.252487,12.853714,13.005829,13.687294,13.252487,13.422867,14.157593,13.781540,13.781540,14.307571,14.532082,14.867805,15.016617,15.443062,15.202286,15.461563,15.387550,15.609375,15.553970,16.143143,15.498535,15.572441,15.959457,15.183723,15.756950,15.590912,15.590912,15.738518,15.738518,15.977844,15.406059,16.271500,16.124794,15.572441,15.590912,16.582436,16.161499,16.179840,16.069710,16.600693,16.545914,16.545914,16.855865,17.237198,16.436256,16.764816,16.564171,17.110275,16.655434,16.874062,17.019493,16.783035,16.946808,17.255310,17.200951,17.255310,17.146553,17.544655,17.291534,17.508537,17.670921,17.436272,17.055817,16.983162,17.255310,17.418190,17.291534,17.472412,17.634865,17.797005,17.327736,17.363930,16.491104,17.724983,16.874062,17.164696,16.728371,16.600693,17.110275,17.309639,17.200951,16.710136,17.073982,16.655434,16.381371,16.216530,16.124794,15.977844,15.996223,15.922668,16.271500,15.664742,15.535500,14.737404,15.239365,14.644127,14.457298,14.307571,13.875710,14.213860,13.781540,14.120049,14.476006,14.457298,14.830566,14.026146,14.830566,13.422867,13.913338,14.401184,14.326302,14.101280,14.419891,12.891754,14.251350,14.195114,13.517403,14.382469,14.550774,14.044937,13.969765,13.781540,13.932144,13.630692,13.536285,14.120049,13.687294,13.687294,13.988556,14.176346,13.214584,12.967819,14.345024,13.649567,13.460693,13.649567,13.913338,13.498497,13.988556,13.385033,13.366112,13.743858,13.385033,13.706154,12.586906,12.929794,12.605988,
12.605988,12.948814,12.701340,13.062805,12.548721,12.395866,12.491440,13.119759,13.290382,12.472336,12.204445,13.309326,13.271439,12.510529,12.548721,12.625069,12.720398,12.644142,12.567825,12.146942,12.682281,12.491440,12.663208,12.967819,12.548721,12.510529,12.357613,12.605988,12.395866,12.261917,12.453224,12.777557,12.510529,12.720398,13.100769,12.453224,13.024826,12.414986,12.529640,12.663208,12.891754,12.567825,12.682281,12.605988,13.081795,12.758507,12.872734,13.138725,12.701340,12.453224,12.625069,12.376740,12.891754,12.815643,12.777557,12.127769,13.195625,12.472336,12.948814,12.625069,12.796600,12.376740,13.138725,12.967819,12.986824,12.910774,12.910774,12.434105,12.682281,12.300209,13.062805,12.472336,12.376740,12.663208,12.548721,12.948814,12.625069,12.338478,12.414986,12.682281,12.510529,12.395866,12.853714,12.223610,12.701340,12.357613,12.586906,12.986824,12.491440,12.853714,12.605988,12.872734,13.081795,13.024826,12.682281,12.796600,13.005829,13.024826,13.062805,12.758507,12.548721,12.910774,13.385033,12.872734,13.062805,13.005829,13.157700,12.682281,12.929794,13.176659,13.630692,13.233543,13.271439,12.605988,13.119759,13.422867,13.252487,12.739456,12.853714,12.853714,13.157700,13.611824,12.834679,12.472336,12.891754,13.062805,13.441788,12.644142,13.252487,12.910774,12.720398,13.005829,13.422867,13.062805,13.441788,13.347183,13.687294,13.024826,13.498497,13.366112,13.366112,13.536285,13.138725,13.649567,13.441788,13.195625,13.762703,13.328255,13.743858,13.271439,13.479599,13.252487,13.969765,13.138725,13.668427,13.043808,13.290382,13.366112,13.195625,13.157700,13.062805,13.233543,13.743858,13.630692,14.345024,14.232613,14.867805,14.737404,14.923637,15.480049,15.572441,15.572441,16.234848,16.691910,16.216530,16.032974,16.417961,16.106438,16.509377,16.509377,16.381371,16.198189,16.326462,16.344765,16.691910,16.491104,16.472824,16.545914,16.746590,16.728371,16.746590,16.728371,17.073982,17.146553,17.255310,17.001335,17.073982,17.110275,17.418190,17.037659,17.598785,17.490471,17.544655,17.255310,17.037659,17.382019,17.797005,17.345833,17.797005,17.616829,17.562698,17.940880,17.904930,17.797005,18.084496,17.922905,17.868965,17.742996,17.976807,18.012718,17.958839,18.102425,17.868965,18.066551,18.156204,18.048607,17.976807,18.442459,18.227867,18.030663,18.549545,18.513863,18.120361,17.922905,18.478165,18.012718,18.370995,18.245766,17.976807,18.156204,18.209953,18.496017,18.388855,18.370995,18.156204,18.084496,18.585213,18.585213,18.370995,18.335236,18.388855,18.209953,18.460312,18.406731,18.585213,18.353111,18.603035,18.048607,18.388855,18.406731,18.084496,18.656494,18.674309,18.460312,18.317345,18.263664,18.674309,18.174133,18.567383,18.370995,18.192039,18.531708,18.299454,18.424599,18.335236,18.138290,18.174133,18.120361,18.442459,18.192039,17.976807,18.209953,18.531708,18.317345,18.030663,17.580750,18.478165,17.868965,18.102425,18.335236,17.904930,18.281563,18.424599,18.012718,18.531708,18.245766,18.335236,18.102425,18.227867,18.406731,18.245766,18.317345,18.567383,18.030663,18.066551,18.066551,17.958839,18.030663,17.994759,18.066551,18.030663,17.922905,17.742996,17.436272,17.688942,17.472412,17.291534,17.598785,17.363930,17.472412,17.526596,16.964989,17.073982,17.436272,16.855865,17.363930,17.237198,17.001335,17.110275,16.582436,16.801247,16.088081,15.756950,15.683197,15.683197,15.313492,15.053780,14.811943,14.401184,14.307571,14.569450,13.592949,13.988556,14.007355,13.592949,13.894524,13.781540,13.838051,14.082504,13.611824,13.913338,13.913338,13.743858,13.574066,13.403954,13.706154,13.762703,13.649567,13.969765,13.894524,13.762703,13.894524,13.574066,13.725006,13.536285,13.555183,13.743858,13.385033,13.536285,13.498497,13.536285,13.592949,13.725006,13.781540,14.213860,13.517403,13.875710,13.252487,14.044937,13.762703,13.743858,13.687294,13.913338,13.838051,13.574066,13.347183,13.422867,13.950951,13.290382,13.309326,13.950951,13.366112,13.271439,13.743858,13.630692,13.214584,13.611824,13.479599,13.687294,13.460693,13.592949,13.630692,13.214584,13.687294,13.460693,13.838051,13.536285,13.743858,13.385033,13.479599,13.649567,13.005829,13.498497,13.328255,13.347183,12.986824,13.214584,13.479599,12.834679,13.214584,13.024826,13.119759,13.214584,12.701340,13.233543,13.460693,13.081795,13.611824,13.252487,13.005829,13.233543,13.555183,13.536285,13.271439,13.574066,13.233543,13.611824,12.910774,13.157700,13.119759,13.138725,13.460693,13.385033,13.460693,13.347183,13.138725,13.062805,13.574066,13.385033,13.081795,13.630692,13.441788,13.555183,13.100769,13.403954,13.233543,13.138725,13.062805,13.138725,13.176659,13.856880,12.891754,13.005829,13.043808,13.403954,12.929794,13.271439,13.157700,13.252487,13.441788,13.385033,13.062805,13.214584,12.986824,12.605988,12.986824,13.441788,13.498497,13.100769,12.051033,12.929794,13.309326,13.081795,12.739456,13.214584,13.328255,13.385033,13.233543,12.929794,12.796600,13.005829,13.157700,12.948814,13.214584,13.347183,13.005829,13.366112,13.005829,13.536285,13.366112,14.251350,14.532082,14.382469,14.363747,15.369041,15.683197,15.294960,15.090919,15.276436,15.406059,15.443062,15.332008,15.683197,15.572441,15.830643,15.313492,15.683197,15.922668,15.683197,15.443062,15.332008,15.424561,16.527649,15.517014,15.683197,15.572441,15.553970,16.106438,16.161499,15.830643,16.344765,15.977844,15.996223,16.545914,16.363075,16.819458,16.892258,16.655434,16.179840,16.855865,16.198189,16.673668,16.363075,16.691910,16.837654,16.728371,16.764816,16.983162,17.037659,17.490471,16.819458,17.400101,17.200951,16.946808,16.855865,17.037659,17.037659,17.688942,17.544655,17.382019,17.255310,16.983162,17.291534,16.855865,17.363930,16.582436,17.454338,16.783035,16.855865,16.728371,16.801247,16.618950,16.417961,17.019493,16.527649,16.910439,16.399666,17.037659,16.710136,16.198189,16.472824,15.812218,15.683197,15.239365,15.553970,15.424561,14.923637,14.793312,14.923637,13.706154,14.849190,13.988556,14.007355,13.819221,14.532082,13.838051,14.176346,14.063721,14.063721,13.668427,13.781540,14.382469,14.176346,14.007355,14.007355,14.138817,13.517403,14.326302,14.232613,14.120049,14.120049,13.536285,14.138817,13.706154,13.725006,13.687294,14.438606,14.026146,14.382469,13.762703,13.611824,13.611824,13.969765,14.007355,13.479599,13.932144,13.856880,14.195114,13.649567,13.574066,13.592949,14.063721,13.005829,12.682281,13.138725,13.969765,13.706154,12.605988,12.548721,11.492813,
12.796600,12.644142,12.663208,12.701340,13.062805,12.453224,12.682281,12.453224,12.853714,12.395866,12.701340,12.548721,13.081795,12.357613,12.472336,12.414986,12.739456,12.967819,12.853714,12.453224,12.853714,12.395866,12.586906,12.491440,12.567825,12.338478,12.586906,13.138725,13.081795,12.910774,12.319344,12.701340,12.644142,12.644142,12.127769,12.166107,13.024826,13.176659,12.357613,12.853714,12.395866,12.872734,12.644142,12.853714,12.815643,13.043808,12.682281,12.853714,12.529640,12.986824,12.281059,12.891754,13.005829,12.146942,12.910774,12.967819,12.720398,12.910774,12.758507,12.720398,13.403954,12.853714,12.682281,12.586906,12.663208,12.986824,13.479599,12.548721,12.625069,12.872734,12.758507,12.758507,12.625069,12.872734,12.146942,12.453224,12.319344,12.281059,12.434105,12.242760,12.510529,12.108589,12.663208,12.625069,13.195625,12.204445,12.929794,12.242760,12.701340,12.853714,13.005829,12.701340,13.328255,12.777557,13.157700,12.815643,13.081795,12.739456,12.986824,12.644142,12.357613,12.853714,13.062805,12.701340,12.948814,12.891754,12.644142,12.586906,12.796600,12.967819,12.910774,13.081795,13.024826,12.510529,12.644142,12.872734,12.929794,12.548721,13.422867,12.796600,12.777557,12.701340,13.441788,13.024826,13.081795,13.024826,12.796600,13.157700,13.271439,13.100769,13.195625,13.119759,12.701340,12.910774,13.024826,13.119759,13.290382,13.043808,13.347183,13.611824,13.290382,13.290382,13.347183,13.403954,13.271439,13.081795,13.157700,13.706154,13.706154,13.176659,14.044937,13.950951,13.024826,13.743858,13.819221,13.498497,13.460693,13.119759,13.176659,13.138725,13.043808,13.176659,13.687294,14.232613,13.894524,14.644127,14.476006,14.718750,15.257896,15.609375,15.738518,15.461563,16.124794,16.454536,16.491104,16.161499,16.399666,16.032974,15.849052,15.793800,16.436256,16.289825,15.738518,16.069710,16.545914,16.271500,16.509377,16.837654,16.582436,17.037659,16.910439,16.509377,16.691910,16.892258,17.146553,17.400101,17.200951,17.291534,17.255310,17.164696,17.182823,17.309639,17.688942,17.400101,17.634865,17.670921,17.688942,17.976807,17.418190,17.652901,17.670921,17.724983,17.706970,17.761002,18.263664,17.868965,17.958839,17.562698,17.724983,17.761002,18.084496,17.976807,18.460312,18.012718,17.904930,18.209953,18.066551,17.868965,18.496017,18.174133,18.245766,18.227867,18.102425,18.513863,18.496017,18.317345,18.138290,18.478165,18.531708,18.174133,18.692123,18.138290,18.156204,18.460312,18.102425,18.353111,18.603035,18.620857,18.370995,18.638680,18.424599,18.388855,18.406731,18.281563,18.745514,18.442459,18.281563,18.513863,18.174133,18.335236,18.174133,18.513863,18.620857,18.281563,18.709923,17.994759,18.513863,18.317345,18.567383,18.424599,18.709923,18.335236,18.335236,18.209953,18.263664,18.281563,18.335236,18.299454,18.227867,18.281563,18.353111,18.263664,18.317345,18.192039,18.156204,18.084496,18.388855,17.958839,18.620857,18.209953,18.424599,17.886955,18.012718,18.299454,17.815002,18.353111,18.209953,18.156204,18.406731,18.460312,17.940880,18.048607,17.922905,18.066551,18.496017,18.370995,18.816666,18.513863,18.084496,18.281563,17.706970,17.652901,17.706970,17.544655,17.904930,17.400101,17.958839,17.345833,17.255310,17.164696,17.436272,17.327736,17.110275,16.964989,17.688942,17.200951,16.874062,17.200951,17.073982,16.946808,16.582436,16.069710,16.216530,16.124794,14.867805,15.406059,15.090919,14.662788,14.138817,13.894524,13.479599,13.138725,14.251350,13.441788,13.592949,13.649567,13.725006,13.328255,13.838051,13.969765,13.479599,13.725006,13.932144,13.725006,13.668427,13.913338,13.574066,13.649567,13.422867,13.460693,13.706154,13.592949,13.706154,13.592949,13.781540,13.271439,13.800392,13.574066,13.385033,13.498497,13.592949,13.328255,13.762703,13.574066,13.498497,13.385033,13.460693,13.668427,13.706154,13.668427,13.498497,13.706154,13.574066,13.517403,13.290382,13.290382,13.479599,13.479599,13.592949,13.875710,13.271439,13.347183,13.460693,13.290382,13.668427,13.668427,13.856880,13.479599,13.271439,13.441788,13.347183,14.044937,13.517403,13.385033,13.687294,13.517403,13.385033,13.460693,13.460693,13.271439,13.214584,13.214584,13.176659,13.422867,12.586906,13.366112,13.100769,13.119759,13.385033,13.441788,13.214584,13.062805,13.157700,13.441788,13.347183,13.347183,13.233543,13.422867,12.872734,13.611824,13.271439,13.725006,13.290382,13.422867,13.781540,13.838051,13.536285,13.024826,13.328255,13.649567,13.441788,13.517403,13.441788,13.119759,13.366112,13.328255,13.498497,13.005829,13.214584,13.649567,13.290382,13.800392,13.252487,13.479599,13.460693,12.872734,13.630692,13.536285,12.834679,13.157700,13.024826,13.043808,13.176659,13.176659,13.081795,12.872734,13.441788,13.366112,12.929794,13.460693,13.555183,13.460693,13.252487,13.100769,13.214584,13.233543,13.441788,12.910774,13.460693,12.967819,13.271439,12.815643,13.138725,13.252487,12.929794,13.252487,13.214584,13.119759,12.834679,12.948814,12.986824,12.815643,12.739456,13.271439,13.176659,13.024826,13.195625,13.271439,13.932144,13.403954,14.007355,14.345024,14.082504,14.923637,14.867805,15.590912,15.332008,15.313492,15.443062,15.146614,15.738518,15.332008,15.627831,15.738518,14.998024,15.572441,15.406059,15.775375,15.313492,15.480049,15.941071,14.979439,15.793800,15.627831,16.363075,15.738518,15.664742,16.124794,15.849052,16.143143,15.977844,16.124794,16.545914,15.830643,16.308144,16.564171,16.179840,16.801247,17.146553,16.819458,16.855865,16.417961,16.564171,16.637184,16.983162,16.618950,17.237198,16.983162,17.092117,16.910439,16.928627,17.146553,16.710136,17.110275,17.436272,17.508537,17.327736,17.436272,17.382019,17.200951,17.200951,17.382019,17.291534,16.801247,16.892258,16.801247,16.874062,17.652901,16.964989,16.600693,17.128418,16.509377,17.073982,16.472824,16.855865,16.928627,16.892258,16.673668,16.764816,16.436256,15.959457,16.234848,15.756950,14.886414,15.461563,15.775375,14.401184,14.793312,14.176346,14.457298,14.213860,14.681450,13.950951,14.569450,14.251350,14.270103,14.457298,14.625465,14.382469,14.026146,13.743858,14.251350,14.532082,14.195114,13.988556,13.969765,14.138817,13.875710,13.988556,14.063721,14.307571,14.513397,13.385033,14.213860,14.176346,13.555183,13.762703,13.800392,13.800392,13.725006,13.988556,13.555183,13.403954,14.326302,13.743858,13.819221,13.819221,13.536285,13.536285,13.441788,13.479599,14.326302,13.781540,13.950951,13.043808,13.290382,12.872734,13.460693,13.460693,11.974228,
12.204445,12.414986,12.529640,12.625069,12.986824,12.357613,12.910774,12.872734,13.024826,12.834679,12.891754,12.127769,12.986824,12.567825,12.434105,13.024826,12.146942,12.414986,12.319344,12.663208,12.739456,12.701340,12.739456,12.567825,12.434105,12.625069,12.567825,12.204445,12.319344,12.796600,12.376740,12.414986,13.119759,12.910774,12.586906,12.472336,12.281059,12.414986,12.644142,13.062805,12.395866,12.338478,12.414986,12.605988,12.644142,12.625069,12.605988,11.993431,12.223610,12.910774,13.062805,12.548721,12.529640,12.720398,12.910774,12.644142,13.024826,12.853714,12.834679,12.758507,13.328255,12.281059,12.910774,12.644142,12.891754,12.986824,12.376740,12.395866,12.529640,13.005829,12.012634,12.815643,12.891754,12.261917,12.758507,12.739456,12.758507,13.479599,12.357613,12.338478,12.739456,12.338478,13.024826,12.777557,12.242760,12.739456,12.472336,13.043808,12.376740,12.510529,12.510529,12.986824,12.796600,12.834679,13.195625,12.986824,13.062805,12.472336,13.403954,12.910774,12.777557,13.441788,13.233543,12.720398,12.644142,12.567825,13.176659,12.586906,13.100769,13.043808,12.872734,13.233543,13.062805,12.891754,12.948814,12.834679,13.062805,13.517403,12.701340,12.853714,13.233543,13.233543,12.663208,13.328255,13.081795,12.967819,13.309326,13.157700,12.758507,13.157700,13.176659,13.157700,13.328255,13.024826,13.252487,13.403954,13.043808,13.403954,13.366112,13.043808,12.758507,13.309326,13.536285,13.479599,13.460693,13.460693,13.100769,13.233543,13.479599,13.328255,13.100769,13.668427,14.251350,13.043808,13.233543,13.687294,13.271439,13.081795,13.517403,12.891754,13.441788,14.232613,13.819221,13.950951,14.157593,14.157593,14.737404,14.363747,15.090919,15.239365,15.812218,15.701637,15.996223,15.977844,16.069710,15.517014,16.564171,16.143143,16.454536,16.032974,15.646294,16.179840,16.308144,16.326462,16.545914,16.051353,16.710136,16.527649,16.637184,16.783035,17.037659,16.564171,17.255310,16.910439,17.146553,17.128418,17.273430,16.837654,17.345833,17.146553,17.508537,17.382019,17.345833,17.634865,17.562698,17.291534,17.508537,17.797005,17.652901,17.994759,17.508537,17.670921,17.886955,17.652901,18.209953,18.138290,17.940880,17.815002,17.436272,17.544655,17.868965,18.012718,18.102425,17.976807,18.066551,18.138290,18.353111,18.245766,17.940880,17.797005,18.335236,18.353111,18.245766,18.263664,18.496017,18.066551,18.245766,17.850990,18.174133,18.227867,18.317345,18.388855,18.138290,18.317345,18.388855,18.156204,18.709923,18.317345,18.549545,18.442459,18.745514,18.478165,18.638680,18.281563,18.496017,18.209953,18.281563,18.138290,18.585213,17.940880,18.923264,18.370995,18.245766,18.263664,17.958839,18.406731,18.549545,18.567383,18.745514,18.406731,18.030663,18.138290,18.335236,18.460312,18.620857,18.084496,18.531708,18.227867,18.442459,18.030663,18.084496,18.066551,17.940880,18.478165,18.370995,18.048607,18.120361,18.245766,18.263664,17.779015,18.370995,18.388855,17.922905,18.192039,18.496017,18.138290,18.245766,18.370995,18.012718,18.066551,18.281563,18.299454,18.496017,17.779015,18.299454,17.815002,18.263664,18.192039,17.886955,18.424599,17.922905,17.850990,17.797005,17.779015,17.724983,17.382019,17.670921,17.616829,17.652901,17.562698,17.580750,17.146553,17.400101,17.073982,17.092117,17.291534,17.490471,16.801247,17.219078,16.819458,16.728371,16.308144,16.088081,15.885872,15.276436,14.886414,15.146614,14.625465,14.288834,13.800392,14.232613,13.743858,14.176346,13.592949,13.894524,13.800392,13.649567,13.781540,14.082504,13.649567,13.649567,13.479599,13.762703,13.913338,14.026146,13.781540,13.819221,13.950951,13.856880,13.630692,13.479599,13.119759,13.403954,13.328255,13.762703,13.347183,13.290382,12.891754,13.498497,13.592949,13.498497,13.611824,13.630692,13.687294,13.385033,13.706154,13.875710,13.214584,13.706154,13.555183,13.819221,13.555183,13.687294,13.138725,13.574066,13.725006,13.649567,13.479599,13.214584,13.100769,13.611824,13.366112,13.950951,13.498497,13.479599,13.762703,13.536285,13.309326,14.157593,13.630692,13.725006,13.422867,13.328255,13.592949,13.875710,13.894524,14.026146,13.403954,13.611824,13.422867,13.100769,13.100769,13.233543,13.725006,13.347183,13.100769,13.328255,13.157700,13.062805,13.081795,13.403954,13.081795,13.536285,13.043808,13.441788,13.119759,13.290382,13.157700,13.630692,13.574066,13.422867,13.668427,13.422867,13.894524,13.233543,13.460693,13.611824,13.630692,13.762703,13.328255,13.819221,13.385033,13.328255,13.081795,13.460693,13.119759,12.929794,13.233543,13.460693,13.290382,13.649567,12.948814,13.290382,13.328255,13.555183,12.796600,13.157700,12.948814,12.986824,13.043808,13.157700,13.138725,13.043808,12.967819,13.592949,13.233543,13.536285,12.891754,13.309326,13.328255,13.233543,12.777557,13.252487,13.233543,13.081795,12.682281,13.138725,13.081795,13.157700,13.100769,13.422867,13.157700,13.366112,12.796600,13.555183,13.366112,13.138725,13.062805,13.138725,13.498497,13.385033,12.872734,13.290382,12.853714,13.062805,13.366112,13.138725,13.138725,13.592949,13.743858,14.176346,14.494698,14.457298,14.830566,15.072350,15.202286,15.535500,15.090919,15.461563,15.369041,15.109489,14.998024,15.183723,15.146614,15.517014,15.257896,15.517014,15.461563,15.480049,15.535500,15.535500,16.106438,15.239365,15.830643,16.069710,15.885872,16.381371,15.941071,15.830643,16.014603,16.417961,16.253181,16.326462,16.363075,16.436256,16.253181,16.417961,16.454536,16.764816,16.216530,16.855865,16.618950,16.564171,16.655434,16.874062,16.928627,17.146553,16.928627,16.964989,17.219078,16.928627,17.400101,17.255310,17.182823,16.874062,17.436272,17.110275,17.526596,17.598785,16.746590,17.616829,17.055817,17.182823,16.764816,16.874062,17.073982,16.637184,16.618950,17.327736,16.819458,16.691910,16.801247,17.200951,16.855865,16.161499,17.164696,16.106438,16.655434,16.363075,16.436256,16.600693,15.664742,15.701637,15.922668,15.183723,15.183723,15.350533,14.345024,14.007355,14.438606,14.326302,14.063721,13.781540,14.101280,14.138817,14.120049,14.494698,14.345024,14.326302,14.213860,14.681450,14.494698,14.270103,14.063721,14.026146,14.026146,13.819221,14.138817,14.044937,13.630692,13.875710,14.157593,14.063721,13.894524,13.988556,13.762703,14.345024,14.120049,13.762703,13.479599,13.725006,13.875710,14.401184,13.611824,13.932144,13.630692,13.574066,14.176346,13.668427,13.536285,13.157700,13.762703,13.366112,13.517403,13.517403,13.913338,13.725006,13.043808,12.929794,12.567825,
12.127769,12.586906,12.414986,12.834679,12.739456,12.242760,12.739456,12.777557,12.567825,12.548721,12.414986,13.005829,12.834679,12.605988,12.586906,12.453224,12.586906,11.647133,12.701340,12.414986,12.472336,12.663208,11.955025,12.815643,12.682281,11.916588,12.929794,12.223610,12.739456,12.395866,11.858910,12.472336,12.472336,12.357613,12.472336,12.663208,12.720398,12.146942,12.910774,12.357613,12.682281,12.414986,13.081795,12.567825,12.872734,12.586906,13.138725,12.929794,12.967819,12.300209,12.853714,12.644142,13.043808,12.491440,12.300209,12.625069,12.777557,12.510529,12.434105,13.422867,13.005829,12.663208,12.872734,12.853714,12.815643,12.529640,12.796600,12.567825,12.529640,12.472336,12.663208,12.357613,12.625069,12.146942,12.529640,12.031822,12.300209,12.453224,12.261917,12.376740,12.491440,12.853714,12.986824,12.185280,13.024826,12.929794,12.472336,12.529640,12.701340,12.586906,12.701340,12.720398,12.910774,12.834679,12.948814,12.986824,13.024826,13.176659,13.081795,12.605988,12.739456,12.986824,12.815643,12.395866,12.510529,13.252487,13.081795,12.720398,12.739456,12.948814,12.986824,13.328255,12.872734,12.872734,13.214584,12.625069,13.252487,13.024826,12.701340,12.815643,12.605988,12.815643,13.024826,13.138725,13.176659,13.157700,12.929794,12.891754,13.062805,13.309326,13.233543,12.910774,13.138725,12.891754,13.649567,13.119759,13.214584,13.195625,13.005829,13.479599,13.119759,13.271439,13.290382,13.214584,12.967819,13.668427,13.574066,13.385033,13.119759,13.555183,13.157700,12.891754,13.630692,13.498497,13.347183,13.385033,13.062805,13.214584,13.176659,13.555183,13.725006,13.536285,14.082504,13.743858,14.363747,13.781540,14.867805,14.513397,15.183723,15.701637,15.941071,16.051353,15.830643,16.564171,16.289825,16.161499,16.618950,16.216530,16.106438,16.600693,16.088081,16.051353,16.051353,16.124794,16.179840,16.216530,16.326462,16.417961,16.564171,16.801247,16.582436,16.491104,16.783035,16.928627,17.255310,17.182823,17.128418,17.255310,17.400101,16.964989,17.110275,17.436272,17.418190,17.436272,17.634865,17.363930,17.706970,17.454338,17.904930,17.724983,17.779015,17.670921,17.850990,17.958839,18.048607,18.066551,18.317345,17.994759,18.048607,17.922905,18.084496,17.886955,18.370995,17.904930,18.209953,18.245766,18.245766,18.209953,18.406731,18.066551,18.281563,18.138290,18.370995,17.940880,18.281563,17.994759,18.048607,18.209953,18.406731,18.763306,18.620857,18.156204,18.496017,18.638680,18.496017,18.531708,18.299454,18.209953,18.460312,18.531708,18.442459,18.138290,18.209953,18.496017,18.174133,18.227867,18.674309,18.388855,18.245766,18.317345,18.656494,18.317345,18.567383,18.406731,18.424599,18.192039,18.281563,18.781090,18.656494,18.941017,18.388855,18.012718,18.281563,18.281563,18.263664,18.620857,18.816666,18.030663,18.496017,18.192039,18.317345,18.496017,18.478165,18.513863,18.209953,18.102425,18.388855,18.156204,17.797005,18.066551,18.442459,18.406731,18.281563,18.120361,18.156204,18.317345,18.281563,18.335236,18.209953,18.192039,18.281563,18.299454,18.281563,18.156204,18.299454,18.120361,18.370995,18.048607,18.192039,17.868965,17.886955,18.192039,17.706970,17.850990,17.634865,17.382019,17.436272,17.868965,17.382019,17.400101,17.164696,17.706970,17.182823,17.400101,17.146553,16.728371,17.761002,17.164696,16.964989,16.710136,16.545914,16.271500,15.885872,15.664742,15.387550,15.313492,14.588127,14.942238,14.270103,14.363747,14.120049,14.270103,13.706154,13.856880,13.819221,13.630692,13.932144,13.988556,13.592949,13.762703,13.668427,13.743858,13.366112,13.460693,13.932144,13.611824,14.232613,13.725006,13.479599,13.875710,13.517403,13.441788,13.894524,13.611824,13.290382,13.969765,13.649567,13.309326,13.611824,13.706154,13.574066,13.441788,13.555183,13.498497,13.668427,13.422867,13.819221,13.441788,13.119759,13.157700,13.668427,13.630692,13.574066,13.555183,13.743858,13.385033,13.630692,13.706154,12.796600,13.441788,14.007355,13.725006,13.233543,13.195625,13.856880,13.385033,13.062805,13.517403,13.611824,13.706154,13.403954,13.706154,13.574066,13.195625,13.479599,13.460693,13.574066,13.441788,13.176659,13.328255,13.176659,13.252487,13.157700,13.328255,13.176659,13.100769,13.441788,13.460693,13.479599,13.157700,13.271439,13.214584,13.043808,12.758507,13.403954,13.290382,13.441788,13.233543,13.252487,13.119759,13.290382,13.611824,13.555183,13.856880,13.762703,12.910774,13.781540,13.649567,13.005829,13.252487,13.024826,13.441788,13.290382,13.157700,13.366112,13.366112,13.498497,13.838051,13.385033,13.176659,12.872734,13.062805,13.100769,13.176659,13.024826,13.081795,13.706154,13.403954,13.271439,13.517403,13.347183,12.986824,13.366112,12.872734,13.536285,12.986824,13.347183,13.460693,13.309326,12.834679,12.853714,13.290382,13.157700,13.252487,13.024826,12.986824,13.138725,13.309326,13.366112,12.986824,12.967819,13.100769,13.252487,13.252487,13.100769,13.062805,13.138725,13.195625,12.872734,12.853714,13.422867,13.328255,12.948814,13.271439,13.460693,12.815643,13.385033,13.800392,13.800392,13.630692,14.195114,14.494698,14.382469,14.923637,15.294960,14.979439,15.350533,15.424561,15.977844,15.738518,15.535500,15.239365,15.738518,15.959457,15.553970,15.090919,15.369041,15.424561,15.313492,15.738518,16.032974,15.424561,15.775375,15.683197,15.996223,15.572441,16.198189,15.313492,16.216530,16.143143,16.728371,15.922668,16.381371,16.472824,16.527649,16.161499,16.746590,16.527649,16.289825,16.564171,16.801247,16.582436,16.472824,16.655434,17.001335,16.454536,17.001335,17.309639,17.055817,17.037659,17.345833,17.544655,17.273430,17.092117,16.928627,17.037659,17.598785,17.382019,17.850990,17.001335,17.706970,16.819458,17.327736,16.964989,16.783035,16.928627,16.910439,16.655434,17.400101,17.544655,17.182823,16.801247,17.128418,17.706970,16.855865,16.527649,16.637184,16.381371,17.001335,16.234848,16.527649,16.032974,16.399666,15.904274,15.090919,15.424561,14.288834,14.401184,14.979439,14.213860,13.950951,14.007355,13.969765,13.988556,14.120049,13.969765,14.345024,14.419891,14.157593,14.382469,14.101280,14.419891,14.326302,14.213860,14.120049,13.649567,14.176346,13.913338,14.044937,13.819221,14.176346,13.517403,14.007355,14.007355,14.007355,13.498497,13.969765,13.725006,14.176346,13.536285,13.725006,13.913338,14.363747,13.649567,13.536285,14.026146,13.838051,13.403954,13.441788,13.687294,13.347183,14.476006,13.422867,13.856880,12.910774,13.138725,13.668427,12.929794,13.290382,12.281059,
12.891754,12.758507,12.644142,12.185280,12.663208,12.853714,11.897362,12.853714,12.758507,12.548721,12.872734,12.910774,12.948814,12.453224,12.548721,12.625069,12.567825,12.319344,12.242760,12.070213,12.758507,12.644142,12.586906,12.261917,12.701340,12.663208,12.338478,13.195625,12.891754,12.777557,12.376740,12.472336,12.682281,12.605988,12.586906,12.376740,12.166107,13.214584,11.897362,12.739456,12.453224,12.529640,12.796600,12.834679,12.567825,12.986824,13.043808,12.929794,13.328255,13.100769,12.701340,12.910774,12.357613,13.347183,12.720398,12.891754,12.644142,11.916588,13.138725,12.529640,12.929794,12.548721,13.290382,12.644142,12.357613,12.986824,12.472336,13.081795,12.701340,12.089409,12.682281,12.644142,12.472336,12.338478,11.993431,12.338478,12.567825,12.663208,12.510529,12.510529,12.434105,12.281059,11.993431,12.701340,12.376740,12.472336,12.567825,13.062805,13.517403,12.815643,12.319344,12.548721,12.872734,12.796600,13.460693,12.815643,12.720398,13.233543,12.815643,12.872734,12.853714,12.472336,12.815643,12.815643,13.024826,12.586906,12.834679,12.986824,12.853714,13.005829,13.043808,12.720398,12.967819,12.567825,12.567825,12.682281,13.043808,12.491440,13.233543,12.891754,12.929794,13.176659,13.138725,12.777557,12.777557,13.138725,12.891754,12.663208,13.214584,13.195625,12.739456,13.157700,13.290382,13.668427,12.891754,13.460693,13.366112,13.479599,13.233543,13.290382,13.233543,13.138725,13.574066,13.214584,13.649567,13.385033,13.176659,13.252487,13.252487,13.366112,13.536285,13.138725,13.687294,13.290382,12.910774,12.986824,13.062805,13.081795,13.517403,13.403954,13.290382,13.233543,13.479599,14.382469,13.838051,14.363747,14.438606,14.774681,15.220818,15.406059,15.849052,15.756950,15.867470,16.216530,15.959457,16.032974,16.746590,16.491104,15.922668,16.491104,16.326462,16.106438,16.399666,16.253181,16.271500,16.436256,16.472824,16.545914,16.746590,16.582436,16.874062,16.764816,16.436256,17.001335,17.345833,17.128418,17.019493,17.001335,17.436272,17.544655,17.219078,17.886955,17.255310,17.490471,17.562698,17.833000,17.634865,17.544655,18.281563,17.940880,17.850990,17.706970,17.833000,18.066551,17.833000,17.850990,18.388855,17.797005,17.922905,18.138290,18.156204,18.317345,18.335236,18.209953,18.496017,18.424599,18.174133,18.156204,18.245766,18.227867,18.030663,18.496017,18.335236,18.245766,18.263664,18.299454,18.353111,18.012718,18.120361,18.478165,18.388855,18.496017,17.994759,18.192039,18.478165,18.192039,18.442459,18.603035,18.281563,18.656494,18.335236,18.620857,18.869980,18.424599,18.709923,18.674309,18.209953,18.281563,18.976524,18.603035,18.585213,18.317345,18.120361,18.424599,18.281563,18.066551,18.727722,18.674309,18.585213,18.388855,18.674309,18.335236,18.638680,18.478165,18.478165,18.353111,18.781090,18.549545,18.245766,18.012718,18.048607,18.281563,18.763306,18.192039,18.460312,18.370995,18.227867,18.478165,18.567383,18.549545,18.424599,17.868965,18.192039,18.084496,18.174133,18.335236,18.012718,18.048607,17.940880,18.388855,18.263664,17.670921,18.120361,18.174133,18.120361,18.156204,17.958839,17.940880,17.904930,17.976807,17.382019,17.976807,18.012718,17.634865,17.634865,17.598785,17.544655,17.779015,17.544655,17.580750,17.580750,17.146553,17.345833,17.019493,17.073982,17.327736,17.164696,17.019493,16.436256,16.855865,16.289825,16.363075,15.885872,15.793800,15.239365,15.572441,15.128059,14.700096,14.345024,13.706154,14.063721,13.856880,14.044937,13.819221,13.479599,13.687294,13.725006,14.176346,13.894524,13.969765,13.536285,13.611824,13.706154,13.366112,13.630692,13.441788,13.800392,13.536285,13.725006,13.649567,13.555183,13.422867,13.649567,13.385033,13.441788,13.706154,13.328255,13.517403,13.536285,13.347183,13.422867,13.119759,13.592949,13.668427,13.290382,13.781540,13.309326,13.555183,13.536285,13.328255,13.328255,13.781540,13.555183,13.385033,13.347183,13.366112,13.630692,13.176659,13.574066,13.611824,13.536285,13.649567,13.366112,13.214584,13.781540,13.574066,13.176659,14.120049,13.592949,13.498497,13.574066,13.460693,13.479599,14.270103,13.498497,13.403954,14.195114,13.233543,12.834679,13.668427,12.929794,13.100769,13.214584,13.100769,13.024826,13.081795,13.157700,13.630692,12.663208,12.853714,13.498497,13.366112,13.024826,13.309326,13.214584,13.422867,12.796600,13.725006,13.479599,13.385033,13.592949,13.385033,13.611824,13.517403,13.366112,13.195625,13.819221,13.422867,13.498497,13.176659,13.441788,13.403954,13.043808,12.986824,13.005829,13.743858,13.214584,13.309326,13.498497,13.460693,13.328255,12.853714,13.479599,13.706154,13.385033,13.100769,13.157700,12.967819,13.005829,13.385033,12.986824,13.385033,13.403954,13.119759,12.948814,13.366112,13.328255,13.668427,13.366112,13.290382,12.910774,13.062805,12.853714,13.062805,13.138725,12.986824,13.176659,13.252487,12.834679,12.872734,12.986824,13.366112,12.644142,13.252487,13.252487,13.214584,13.403954,12.834679,13.119759,12.548721,13.081795,12.567825,12.815643,13.100769,13.271439,12.796600,13.517403,13.422867,13.195625,13.574066,13.856880,14.138817,14.756035,14.811943,14.737404,15.035194,15.553970,15.387550,15.257896,15.406059,15.350533,15.756950,14.998024,15.165176,15.090919,15.387550,15.257896,15.239365,15.553970,15.461563,15.090919,15.480049,15.461563,15.904274,15.922668,15.553970,15.701637,15.922668,16.509377,15.756950,16.271500,15.885872,16.673668,16.179840,16.381371,16.819458,16.308144,16.855865,17.110275,16.326462,16.161499,16.837654,16.436256,17.019493,16.764816,16.618950,17.110275,16.691910,17.092117,17.001335,16.983162,17.001335,17.291534,17.273430,17.580750,17.219078,17.200951,17.400101,17.833000,17.110275,17.327736,17.382019,17.255310,17.092117,17.382019,16.746590,17.255310,17.327736,17.508537,17.019493,16.509377,16.399666,17.001335,16.983162,16.637184,17.001335,16.527649,16.472824,16.381371,16.234848,16.179840,16.051353,15.959457,15.517014,15.922668,15.572441,15.313492,14.811943,14.532082,14.363747,13.875710,14.830566,14.138817,14.120049,13.950951,14.363747,13.875710,14.176346,14.120049,14.382469,13.838051,14.082504,14.419891,14.063721,13.781540,14.026146,14.044937,14.082504,14.120049,14.232613,13.743858,14.157593,13.611824,14.007355,14.288834,13.743858,13.706154,13.574066,13.100769,13.611824,13.555183,13.536285,14.307571,13.422867,13.743858,13.460693,14.044937,13.517403,13.441788,13.611824,13.214584,13.403954,13.328255,13.403954,13.630692,13.347183,13.498497,13.062805,13.100769,12.605988,
12.414986,12.453224,13.024826,12.051033,13.290382,12.777557,12.682281,11.935799,12.586906,12.777557,13.024826,12.414986,12.204445,12.319344,12.777557,13.100769,12.567825,12.682281,12.586906,12.357613,12.510529,12.682281,13.005829,13.138725,13.157700,12.605988,12.242760,12.529640,12.261917,13.328255,12.891754,12.644142,12.434105,12.853714,12.300209,12.204445,12.967819,12.796600,12.567825,12.834679,12.682281,12.967819,12.758507,12.929794,12.586906,13.157700,12.891754,12.682281,13.195625,12.853714,13.005829,12.586906,12.472336,12.739456,12.472336,12.281059,12.815643,13.176659,12.720398,12.586906,12.242760,12.796600,12.491440,12.891754,13.195625,12.242760,12.986824,12.720398,12.948814,12.586906,12.910774,12.261917,12.031822,12.376740,12.319344,12.472336,12.166107,12.986824,12.300209,12.663208,12.472336,12.491440,12.300209,12.127769,12.625069,12.434105,12.682281,12.644142,12.548721,12.300209,13.062805,12.701340,12.720398,12.434105,12.567825,13.385033,12.796600,12.663208,13.005829,12.586906,13.157700,12.682281,12.872734,13.138725,13.195625,12.204445,12.605988,12.529640,12.529640,12.796600,12.872734,13.119759,12.929794,13.062805,12.872734,12.472336,12.567825,12.548721,12.434105,13.252487,13.385033,12.853714,13.403954,12.605988,13.214584,13.024826,12.853714,12.720398,12.891754,12.815643,13.176659,12.796600,13.687294,13.176659,13.706154,12.910774,13.176659,13.062805,13.309326,12.910774,13.005829,13.574066,13.100769,13.762703,13.347183,13.592949,12.929794,13.233543,13.214584,13.252487,13.422867,13.062805,13.687294,13.024826,13.138725,13.138725,13.479599,12.948814,13.460693,13.100769,13.157700,13.725006,13.252487,14.120049,14.419891,14.251350,14.811943,14.494698,14.756035,15.016617,15.627831,15.387550,15.609375,16.271500,16.143143,16.399666,16.308144,16.069710,16.564171,16.198189,16.363075,16.655434,16.600693,16.143143,16.344765,16.032974,16.179840,16.564171,16.655434,16.600693,16.892258,17.164696,17.418190,17.219078,16.910439,16.637184,16.801247,17.128418,17.508537,17.200951,17.634865,17.092117,17.200951,17.724983,17.327736,17.742996,17.904930,17.797005,17.815002,17.634865,18.156204,17.797005,18.245766,17.886955,18.263664,18.156204,18.531708,18.245766,18.048607,18.156204,18.478165,18.209953,18.209953,18.120361,18.424599,18.299454,18.460312,18.478165,18.460312,18.227867,18.442459,17.976807,18.245766,18.245766,18.317345,18.174133,18.424599,18.102425,18.656494,18.174133,17.922905,18.353111,18.478165,18.603035,18.513863,18.460312,18.834435,18.209953,18.353111,18.012718,18.585213,18.281563,18.692123,18.442459,18.549545,18.299454,18.227867,18.245766,18.709923,18.727722,18.567383,18.513863,18.603035,18.745514,17.958839,18.585213,18.638680,18.798882,18.478165,18.370995,18.531708,18.567383,18.317345,18.156204,18.388855,18.317345,18.709923,18.424599,18.335236,18.549545,18.388855,18.227867,18.406731,18.156204,18.531708,18.138290,18.388855,17.922905,18.406731,18.227867,18.102425,18.209953,18.048607,17.994759,18.478165,17.833000,18.209953,18.192039,18.370995,18.388855,18.102425,18.174133,18.245766,18.084496,18.192039,18.012718,18.048607,18.048607,17.940880,18.299454,17.761002,17.598785,17.706970,17.761002,17.815002,17.850990,17.634865,17.815002,17.508537,17.255310,17.182823,17.418190,17.779015,17.237198,17.436272,16.801247,17.345833,17.092117,16.710136,17.001335,16.454536,16.216530,15.904274,15.609375,15.369041,15.294960,14.662788,14.438606,14.007355,14.063721,14.007355,13.875710,13.932144,13.536285,13.649567,13.913338,13.725006,13.422867,13.630692,13.366112,13.630692,13.422867,13.706154,13.592949,13.913338,13.460693,13.630692,13.649567,13.894524,13.081795,13.969765,13.441788,13.574066,13.081795,13.214584,13.875710,13.328255,13.176659,13.460693,13.536285,13.706154,13.119759,13.517403,13.214584,13.913338,13.024826,13.630692,13.347183,13.781540,13.555183,13.460693,13.687294,13.668427,13.706154,12.948814,13.328255,13.875710,13.309326,13.233543,13.233543,13.856880,13.668427,13.290382,13.649567,13.309326,13.932144,13.781540,13.649567,13.725006,13.479599,13.706154,13.422867,13.138725,13.422867,13.290382,13.233543,13.479599,13.347183,13.574066,13.422867,13.024826,13.725006,13.062805,13.290382,12.891754,13.441788,12.796600,13.309326,12.777557,12.777557,13.138725,13.024826,13.309326,13.611824,13.328255,13.024826,13.687294,13.081795,13.762703,13.403954,13.119759,13.176659,13.555183,13.536285,13.479599,12.929794,13.649567,13.176659,13.800392,13.536285,13.328255,13.875710,13.743858,13.271439,13.498497,13.100769,13.385033,13.309326,13.271439,13.517403,13.611824,13.062805,13.422867,13.498497,13.271439,13.309326,12.948814,12.929794,13.988556,13.081795,13.347183,13.100769,13.233543,13.138725,12.815643,13.100769,13.062805,13.176659,12.986824,13.195625,13.100769,13.081795,13.271439,13.062805,13.043808,12.929794,13.309326,13.100769,13.081795,12.853714,13.271439,13.309326,12.663208,13.328255,13.062805,13.309326,12.891754,13.043808,12.644142,12.472336,13.176659,12.834679,13.233543,13.157700,13.157700,13.138725,13.856880,13.574066,13.592949,13.555183,13.875710,14.176346,14.026146,14.457298,15.035194,15.072350,15.109489,15.313492,16.069710,15.387550,15.461563,15.498535,15.387550,15.369041,15.294960,14.998024,15.202286,15.922668,15.572441,15.220818,15.738518,15.498535,15.996223,15.941071,16.143143,16.308144,15.885872,15.959457,15.572441,15.941071,16.271500,16.088081,15.738518,16.308144,16.600693,16.691910,16.472824,16.271500,17.001335,16.545914,16.582436,16.801247,16.454536,16.764816,16.746590,17.055817,16.783035,16.964989,17.055817,16.874062,17.309639,17.037659,17.688942,17.454338,16.892258,17.418190,17.092117,17.237198,17.255310,17.019493,17.255310,16.509377,17.273430,16.326462,16.783035,16.964989,16.783035,16.655434,17.363930,16.892258,16.910439,17.001335,16.472824,16.436256,16.710136,15.830643,16.801247,16.655434,16.454536,16.454536,16.124794,15.941071,15.683197,15.535500,15.738518,15.720085,14.625465,14.737404,14.476006,14.232613,14.251350,14.438606,13.687294,14.476006,13.800392,14.138817,14.438606,14.363747,14.606796,14.307571,13.819221,13.762703,14.830566,13.668427,14.886414,14.195114,13.875710,14.251350,13.781540,14.382469,13.649567,14.082504,14.176346,13.592949,13.875710,13.781540,13.743858,13.687294,13.913338,13.536285,13.611824,13.460693,13.743858,13.950951,13.668427,14.101280,13.271439,13.611824,13.988556,13.574066,13.592949,13.687294,13.081795,13.309326,13.479599,13.441788,12.872734,12.758507,12.663208,12.720398,
12.891754,12.910774,12.567825,12.127769,12.510529,12.986824,12.529640,12.815643,11.801193,12.739456,12.701340,12.567825,12.682281,12.472336,12.720398,12.625069,12.872734,12.166107,12.872734,13.119759,12.031822,12.357613,12.548721,12.529640,12.510529,12.223610,12.986824,12.529640,12.472336,12.300209,12.453224,12.453224,12.986824,12.853714,12.242760,12.644142,12.185280,11.916588,12.758507,12.472336,12.605988,12.414986,12.548721,13.403954,12.567825,12.605988,12.948814,12.758507,12.510529,12.472336,12.319344,12.872734,12.663208,12.567825,12.815643,13.062805,12.777557,13.385033,13.119759,12.967819,13.214584,12.967819,12.872734,12.453224,13.668427,12.834679,13.043808,12.548721,12.548721,12.338478,12.051033,12.586906,12.031822,12.127769,12.472336,12.663208,11.839676,11.955025,12.567825,12.453224,12.720398,12.127769,12.453224,11.935799,12.281059,12.701340,12.644142,13.157700,12.414986,12.338478,12.739456,12.166107,13.290382,12.967819,12.586906,12.758507,12.777557,12.872734,12.872734,13.309326,12.929794,13.290382,13.043808,12.644142,12.701340,12.758507,12.948814,12.967819,13.043808,12.434105,13.081795,12.986824,12.986824,12.701340,13.062805,12.891754,12.548721,12.967819,13.309326,13.176659,12.739456,13.385033,13.328255,13.138725,13.309326,13.555183,13.233543,12.682281,13.157700,13.119759,13.328255,12.948814,13.574066,12.872734,13.214584,13.441788,13.271439,13.366112,13.100769,13.630692,13.138725,13.100769,13.403954,12.872734,13.062805,13.479599,13.043808,13.233543,13.479599,13.081795,13.422867,13.479599,13.385033,13.460693,13.422867,13.214584,13.157700,13.290382,13.441788,13.328255,13.611824,13.592949,13.875710,13.385033,13.819221,14.438606,14.195114,14.588127,15.072350,14.998024,15.793800,15.959457,16.051353,16.253181,16.545914,16.069710,15.959457,15.959457,16.454536,16.124794,16.143143,16.143143,16.837654,16.527649,16.582436,16.946808,16.289825,16.655434,16.600693,16.381371,16.491104,16.764816,17.110275,16.983162,17.037659,16.964989,17.273430,17.110275,16.964989,17.327736,17.128418,17.164696,17.544655,16.983162,17.616829,17.724983,17.724983,18.120361,17.779015,17.815002,17.706970,17.940880,17.958839,18.048607,17.922905,18.299454,18.030663,18.156204,18.227867,18.048607,18.567383,18.192039,18.442459,18.798882,18.709923,17.850990,18.406731,18.209953,18.496017,18.192039,18.138290,17.994759,18.066551,18.370995,17.958839,18.030663,18.353111,18.263664,18.406731,18.120361,18.263664,18.406731,18.567383,18.887749,18.174133,18.727722,18.603035,18.531708,18.245766,18.084496,18.496017,18.478165,18.406731,18.353111,18.656494,18.353111,18.531708,18.905502,18.370995,18.567383,18.263664,18.209953,18.406731,18.834435,18.549545,18.496017,18.958771,18.388855,18.156204,17.976807,18.531708,18.638680,18.442459,18.603035,18.299454,18.066551,18.335236,18.674309,18.030663,18.120361,18.138290,18.567383,17.940880,18.227867,18.245766,18.353111,18.012718,18.317345,18.406731,18.370995,18.012718,17.976807,18.549545,18.281563,17.922905,17.976807,17.958839,18.281563,18.245766,17.904930,18.353111,17.976807,18.192039,17.976807,17.958839,17.940880,18.012718,18.048607,18.460312,17.598785,17.634865,17.562698,18.048607,18.030663,17.508537,17.309639,17.706970,17.724983,17.850990,17.345833,17.436272,17.436272,17.761002,17.182823,17.237198,16.837654,16.946808,17.273430,17.237198,16.837654,16.545914,16.179840,15.959457,15.812218,15.885872,15.053780,14.774681,14.681450,13.781540,14.345024,14.026146,13.328255,13.233543,13.800392,13.894524,13.762703,14.157593,13.479599,13.385033,13.856880,13.950951,13.819221,13.819221,13.668427,13.592949,13.328255,13.894524,13.479599,13.630692,13.366112,13.517403,13.441788,13.800392,13.611824,13.819221,13.574066,13.894524,13.517403,13.517403,13.233543,13.630692,13.498497,13.498497,13.536285,13.592949,13.290382,13.762703,13.988556,13.271439,13.687294,13.460693,13.725006,13.555183,13.762703,13.347183,13.119759,13.385033,13.611824,13.687294,13.157700,13.366112,14.007355,13.762703,13.403954,13.157700,13.743858,13.555183,13.309326,13.536285,13.649567,14.101280,13.366112,13.498497,13.441788,12.777557,13.157700,13.138725,13.479599,13.309326,13.233543,12.853714,13.271439,13.441788,13.195625,13.403954,12.910774,13.157700,13.100769,12.815643,13.119759,13.403954,13.687294,13.290382,13.536285,13.062805,13.592949,13.555183,12.548721,13.403954,12.891754,13.498497,13.536285,13.932144,13.498497,13.385033,13.460693,13.252487,13.479599,13.366112,12.929794,13.932144,12.948814,13.328255,13.233543,13.555183,13.138725,13.214584,12.986824,13.725006,13.290382,13.195625,13.271439,13.517403,12.967819,12.967819,13.195625,13.441788,13.176659,13.479599,12.663208,12.853714,13.366112,13.119759,13.195625,13.157700,13.555183,13.214584,13.403954,13.328255,12.834679,12.872734,13.290382,12.853714,12.663208,13.271439,12.986824,13.138725,12.853714,13.119759,13.005829,13.119759,13.024826,13.252487,12.891754,12.796600,13.252487,13.290382,13.119759,13.290382,13.252487,12.682281,12.663208,13.517403,13.043808,12.910774,13.081795,12.682281,13.517403,13.309326,13.743858,13.838051,13.913338,14.606796,14.718750,14.942238,14.942238,15.387550,15.035194,15.090919,16.106438,15.332008,15.498535,15.220818,15.294960,15.090919,15.406059,15.517014,15.016617,15.590912,15.572441,15.867470,15.239365,15.720085,15.480049,16.032974,15.941071,15.849052,15.849052,16.436256,16.289825,16.637184,15.922668,16.454536,16.764816,16.088081,16.344765,16.472824,16.363075,16.344765,16.527649,16.564171,16.436256,16.874062,16.819458,16.637184,16.855865,17.055817,16.637184,17.055817,17.182823,16.946808,17.382019,16.910439,17.037659,17.327736,17.291534,16.928627,17.019493,17.110275,16.655434,17.418190,17.273430,16.964989,16.946808,16.874062,17.237198,17.001335,17.237198,17.019493,16.728371,16.874062,16.051353,16.928627,16.618950,16.032974,16.801247,15.793800,16.910439,15.922668,16.124794,15.885872,16.161499,15.553970,15.775375,14.811943,15.239365,14.718750,14.662788,14.363747,14.737404,14.232613,14.419891,14.326302,13.762703,13.743858,13.668427,14.007355,14.195114,14.044937,14.157593,14.270103,13.725006,14.251350,14.101280,14.251350,14.101280,13.894524,13.969765,13.913338,13.762703,13.838051,13.988556,13.988556,13.385033,13.555183,13.838051,13.574066,13.932144,13.574066,13.856880,13.555183,13.422867,14.007355,14.476006,13.119759,13.950951,13.762703,13.611824,13.856880,13.290382,13.233543,13.290382,13.100769,12.834679,14.063721,13.422867,13.195625,13.479599,12.929794,12.242760,
12.891754,12.281059,12.586906,12.567825,12.472336,12.453224,12.586906,12.567825,12.223610,12.682281,12.967819,12.395866,12.605988,12.491440,12.434105,12.567825,12.300209,11.878136,12.567825,11.704933,13.024826,12.395866,12.948814,12.108589,12.777557,13.498497,12.529640,12.395866,12.281059,12.548721,12.682281,12.414986,12.758507,12.682281,12.853714,12.434105,12.720398,12.644142,12.319344,12.204445,12.204445,12.472336,12.796600,12.625069,12.739456,12.853714,12.414986,12.319344,12.815643,12.586906,12.967819,12.758507,12.586906,12.453224,13.649567,12.834679,12.967819,13.024826,13.176659,12.567825,12.986824,12.872734,13.214584,12.453224,13.119759,13.005829,12.834679,12.376740,13.005829,12.644142,12.967819,12.586906,12.548721,12.510529,12.472336,12.453224,12.146942,12.529640,12.166107,12.376740,12.815643,12.070213,12.223610,12.491440,12.510529,12.127769,13.062805,12.338478,12.586906,12.720398,12.472336,12.319344,12.625069,13.157700,12.986824,12.910774,12.777557,12.929794,12.967819,12.796600,12.796600,13.138725,12.682281,13.195625,12.529640,12.682281,12.986824,12.834679,13.043808,12.758507,12.414986,12.567825,12.796600,13.119759,12.663208,13.271439,12.376740,13.271439,12.967819,12.701340,12.758507,12.872734,13.347183,12.414986,13.176659,12.281059,12.777557,12.815643,12.777557,13.385033,13.100769,13.233543,13.517403,13.385033,13.176659,13.195625,13.347183,13.195625,12.739456,13.630692,13.233543,13.347183,12.986824,13.366112,13.252487,13.024826,13.838051,13.024826,13.574066,13.176659,13.950951,13.043808,13.592949,13.062805,13.157700,13.498497,13.024826,13.328255,12.967819,13.385033,13.347183,13.214584,13.913338,13.819221,14.082504,14.270103,14.625465,14.644127,15.424561,15.461563,15.535500,15.775375,15.775375,16.161499,16.289825,16.088081,16.161499,15.941071,16.289825,16.582436,16.344765,15.941071,16.289825,16.855865,16.618950,15.977844,16.271500,16.472824,16.106438,16.637184,17.182823,16.545914,16.819458,16.673668,17.400101,17.164696,17.182823,17.092117,17.146553,16.655434,17.219078,17.490471,17.327736,17.526596,17.634865,17.472412,17.724983,17.815002,17.976807,17.797005,18.084496,17.868965,18.335236,18.460312,17.797005,18.281563,18.531708,17.904930,18.335236,18.138290,18.834435,18.585213,18.335236,18.781090,18.245766,18.531708,18.549545,18.263664,18.209953,18.353111,18.370995,18.030663,18.424599,18.460312,18.388855,18.531708,18.478165,18.460312,18.496017,17.940880,18.209953,18.317345,18.370995,18.460312,18.281563,18.496017,18.656494,18.317345,18.442459,18.138290,18.549545,18.299454,18.709923,18.353111,18.460312,18.496017,18.585213,18.478165,18.424599,18.406731,18.174133,18.263664,18.531708,18.567383,18.388855,18.638680,18.620857,18.603035,18.138290,17.958839,18.692123,18.281563,18.370995,18.209953,18.442459,18.603035,18.299454,18.263664,18.317345,18.156204,18.656494,18.174133,18.335236,18.317345,18.442459,18.209953,18.156204,18.174133,18.245766,18.012718,18.281563,18.102425,18.102425,17.652901,17.922905,18.174133,18.442459,18.048607,18.263664,18.227867,18.066551,17.073982,18.227867,18.084496,18.084496,17.779015,18.620857,17.868965,17.958839,17.706970,17.273430,17.833000,17.761002,17.400101,17.994759,17.724983,17.363930,17.454338,17.598785,17.850990,17.833000,17.382019,17.418190,17.237198,17.472412,17.255310,17.273430,17.182823,16.910439,16.910439,16.691910,16.564171,15.977844,15.498535,15.387550,15.183723,15.016617,14.700096,14.363747,13.781540,13.422867,13.913338,13.800392,13.819221,13.800392,13.988556,14.363747,13.950951,13.781540,13.479599,13.838051,13.574066,13.819221,14.101280,13.517403,13.649567,12.967819,13.479599,13.062805,13.592949,13.649567,14.044937,13.630692,13.479599,13.460693,13.422867,13.932144,13.385033,13.385033,13.385033,13.366112,13.668427,13.328255,13.157700,13.668427,13.081795,13.536285,13.271439,13.422867,13.800392,13.422867,13.668427,13.176659,13.611824,13.460693,13.460693,13.366112,13.100769,13.479599,13.555183,13.366112,13.233543,13.725006,13.517403,13.536285,13.347183,13.271439,13.498497,13.157700,13.517403,13.347183,13.725006,13.214584,13.366112,13.441788,13.536285,13.649567,13.441788,13.157700,13.422867,13.403954,13.100769,13.252487,13.385033,13.195625,13.385033,13.081795,13.062805,13.385033,12.872734,12.777557,13.214584,13.062805,13.271439,13.290382,13.119759,12.891754,13.366112,13.479599,13.062805,13.781540,13.460693,13.233543,13.441788,13.195625,13.024826,13.366112,13.441788,13.441788,13.347183,13.366112,13.100769,13.271439,13.252487,13.385033,13.176659,13.668427,13.403954,13.157700,12.891754,12.872734,13.157700,13.100769,13.498497,13.687294,13.024826,13.403954,13.024826,13.138725,13.611824,13.062805,12.815643,13.176659,13.536285,13.062805,12.853714,13.328255,13.100769,13.498497,13.460693,13.252487,12.967819,12.967819,13.195625,13.422867,13.271439,13.233543,13.100769,13.233543,13.422867,13.195625,12.986824,13.536285,13.233543,13.157700,12.967819,12.796600,13.422867,13.043808,13.100769,12.491440,13.062805,12.796600,12.948814,13.195625,13.385033,13.328255,13.043808,13.706154,14.363747,13.649567,13.950951,14.382469,14.476006,14.625465,14.905037,15.498535,15.387550,15.202286,15.332008,15.609375,15.553970,15.387550,15.053780,15.239365,15.424561,15.239365,15.202286,15.480049,15.332008,15.016617,15.572441,15.517014,15.849052,15.498535,15.609375,15.498535,15.996223,16.417961,16.545914,16.234848,15.867470,16.308144,16.161499,16.253181,16.855865,16.746590,16.051353,15.904274,16.983162,16.545914,17.128418,16.600693,16.308144,16.819458,16.637184,17.019493,16.673668,16.472824,16.363075,17.164696,16.326462,17.200951,16.892258,17.182823,17.164696,17.200951,17.237198,16.819458,17.092117,17.200951,17.363930,17.345833,16.801247,17.309639,16.564171,16.928627,16.253181,16.892258,16.855865,17.019493,16.472824,16.764816,16.764816,16.910439,16.746590,17.037659,15.922668,16.198189,17.309639,16.106438,16.088081,15.885872,15.313492,15.443062,15.480049,14.438606,15.332008,14.157593,14.101280,13.950951,13.781540,14.569450,14.401184,14.213860,13.932144,14.345024,14.363747,14.513397,13.988556,14.270103,14.307571,14.774681,14.382469,13.611824,14.270103,13.668427,13.706154,13.894524,14.082504,14.101280,13.725006,13.743858,14.569450,13.762703,14.232613,14.101280,13.574066,13.762703,14.063721,13.233543,14.288834,13.536285,13.498497,13.725006,13.403954,13.422867,13.668427,13.743858,13.611824,13.460693,13.950951,13.592949,13.157700,13.611824,13.195625,12.605988,13.252487,12.357613,12.853714,
12.070213,12.682281,12.872734,13.024826,12.548721,12.834679,12.853714,12.146942,12.796600,12.701340,12.948814,12.872734,13.062805,12.663208,12.261917,11.801193,12.376740,12.472336,12.834679,12.491440,12.605988,12.414986,12.548721,12.414986,12.586906,12.434105,12.701340,12.586906,12.281059,12.281059,12.472336,12.567825,12.605988,12.108589,12.453224,12.338478,13.309326,12.625069,12.796600,12.089409,12.300209,12.491440,12.051033,12.586906,13.498497,12.967819,12.319344,12.967819,12.395866,12.376740,12.453224,12.204445,12.891754,12.242760,12.796600,12.281059,12.834679,12.872734,12.434105,12.491440,12.453224,12.663208,12.796600,13.005829,12.108589,12.967819,12.872734,12.758507,12.108589,12.529640,12.644142,12.510529,12.204445,12.223610,13.157700,12.223610,12.548721,12.605988,12.357613,12.261917,12.414986,11.916588,11.993431,12.031822,12.395866,12.261917,12.319344,12.357613,12.548721,12.376740,12.948814,12.529640,13.195625,12.567825,12.434105,12.891754,12.453224,12.491440,12.796600,12.910774,12.891754,12.644142,12.891754,12.910774,12.929794,12.910774,12.967819,12.948814,12.948814,12.644142,13.043808,12.910774,12.910774,12.929794,13.195625,12.853714,13.062805,12.910774,12.777557,12.567825,13.062805,13.100769,13.157700,13.005829,12.910774,12.872734,12.663208,13.403954,13.347183,13.176659,13.290382,12.891754,13.119759,13.422867,12.929794,13.290382,12.815643,13.252487,13.309326,12.910774,12.777557,13.328255,13.195625,13.271439,13.347183,12.948814,13.403954,13.403954,13.725006,13.611824,13.479599,13.347183,13.668427,13.385033,13.441788,13.176659,13.328255,13.005829,13.743858,13.100769,13.271439,13.347183,13.706154,13.781540,14.026146,13.988556,14.419891,15.016617,14.886414,15.276436,15.239365,15.146614,16.014603,15.812218,16.344765,16.069710,15.941071,16.308144,16.032974,16.051353,15.996223,16.088081,16.655434,15.977844,16.764816,16.198189,16.363075,16.710136,16.728371,16.710136,16.545914,16.819458,16.637184,16.801247,17.128418,16.783035,17.001335,17.273430,17.019493,17.092117,17.146553,17.779015,17.833000,17.219078,17.815002,17.508537,17.616829,17.436272,17.886955,17.706970,17.850990,17.724983,18.156204,17.904930,17.922905,18.066551,18.174133,18.478165,18.299454,18.192039,18.335236,18.442459,18.781090,18.460312,18.585213,18.549545,18.066551,18.209953,18.102425,18.066551,18.424599,18.084496,18.263664,18.620857,18.263664,18.745514,18.460312,18.156204,18.442459,17.940880,18.066551,18.048607,18.424599,18.513863,18.442459,18.335236,18.370995,18.852211,18.084496,17.976807,18.335236,18.388855,18.138290,18.585213,18.424599,18.585213,18.388855,18.227867,18.227867,18.084496,18.460312,18.638680,18.388855,18.727722,18.245766,18.460312,18.531708,18.513863,18.941017,18.496017,18.227867,18.156204,18.460312,18.603035,18.620857,18.442459,18.388855,18.138290,18.603035,18.209953,18.102425,18.227867,18.317345,18.120361,18.353111,18.138290,18.138290,18.048607,18.317345,17.761002,17.688942,17.868965,18.192039,17.904930,18.209953,18.012718,17.994759,18.227867,18.245766,18.478165,18.388855,17.940880,18.030663,17.994759,18.299454,17.940880,18.281563,17.940880,17.761002,18.012718,18.120361,17.688942,18.012718,17.706970,17.634865,17.472412,17.868965,17.291534,17.940880,17.418190,17.580750,17.544655,17.454338,16.964989,17.562698,17.001335,17.019493,17.164696,16.983162,16.801247,16.491104,15.830643,15.959457,15.480049,15.461563,15.294960,14.550774,14.345024,14.176346,13.725006,13.725006,14.195114,13.743858,13.385033,13.517403,13.555183,13.781540,13.630692,14.101280,13.328255,13.138725,13.800392,13.649567,13.517403,13.611824,13.592949,13.969765,13.611824,13.706154,13.157700,13.195625,13.687294,13.611824,13.347183,13.555183,13.875710,13.725006,13.611824,13.668427,13.536285,13.668427,13.252487,13.385033,13.762703,13.119759,13.271439,13.328255,13.385033,13.687294,13.441788,12.967819,13.214584,13.725006,13.536285,13.385033,13.574066,13.043808,13.195625,13.969765,13.536285,13.950951,13.479599,13.422867,13.498497,13.290382,13.536285,13.574066,13.668427,13.328255,13.271439,13.743858,13.290382,13.743858,13.574066,13.385033,13.574066,13.214584,13.385033,13.157700,12.872734,13.043808,12.834679,12.777557,12.872734,12.853714,12.261917,12.967819,13.043808,12.853714,13.309326,12.948814,12.967819,13.119759,13.233543,12.929794,12.796600,12.891754,13.195625,13.233543,13.856880,13.309326,13.592949,13.271439,13.100769,13.932144,13.328255,13.819221,13.290382,13.157700,12.605988,13.630692,13.195625,13.214584,13.100769,13.081795,13.252487,13.706154,13.366112,13.005829,13.517403,12.910774,13.005829,12.910774,13.214584,13.725006,13.460693,12.872734,13.119759,13.176659,13.403954,12.910774,13.119759,13.081795,13.024826,13.403954,12.948814,13.517403,12.891754,13.290382,13.024826,12.910774,12.853714,13.195625,12.605988,12.739456,13.043808,13.100769,13.366112,13.024826,13.271439,12.720398,13.252487,12.815643,13.081795,13.176659,12.529640,12.986824,13.119759,12.625069,12.986824,12.739456,13.119759,12.682281,13.005829,13.005829,13.005829,13.328255,13.403954,13.611824,13.856880,13.856880,13.743858,14.120049,14.382469,14.681450,15.257896,15.146614,15.350533,15.406059,15.609375,15.590912,15.016617,15.517014,15.202286,15.220818,15.294960,15.535500,15.090919,15.109489,15.053780,15.922668,15.369041,15.738518,15.627831,15.738518,15.830643,16.032974,15.849052,16.234848,15.959457,16.253181,15.812218,16.198189,16.253181,16.326462,15.849052,16.764816,16.564171,16.088081,16.527649,16.728371,16.381371,16.124794,16.837654,16.472824,16.399666,16.472824,16.892258,16.564171,16.819458,16.783035,16.764816,17.454338,17.092117,16.764816,17.742996,17.309639,16.928627,17.526596,17.418190,17.400101,17.110275,16.855865,17.073982,16.472824,16.928627,16.509377,17.073982,16.637184,16.946808,16.983162,16.964989,16.746590,16.600693,16.746590,16.234848,16.746590,15.922668,16.143143,15.627831,15.885872,16.124794,16.124794,15.109489,15.480049,15.146614,14.923637,14.532082,14.662788,14.120049,14.363747,14.157593,14.307571,14.026146,14.270103,14.026146,14.363747,14.195114,13.743858,14.662788,13.706154,13.913338,14.382469,13.687294,13.233543,14.270103,13.725006,14.382469,13.649567,14.345024,14.419891,13.555183,13.950951,13.800392,14.044937,13.668427,13.875710,13.875710,13.988556,13.630692,13.838051,13.743858,13.838051,14.026146,13.592949,13.838051,13.819221,13.819221,13.460693,13.403954,13.894524,13.271439,13.819221,13.441788,13.630692,13.536285,13.347183,12.948814,12.682281,12.472336,
12.644142,12.108589,13.024826,12.185280,12.663208,12.338478,12.720398,12.510529,12.529640,12.338478,12.567825,12.434105,11.916588,12.891754,12.204445,13.005829,12.510529,12.701340,11.955025,12.891754,12.758507,11.858910,12.414986,12.414986,12.586906,12.414986,12.682281,12.300209,13.138725,12.434105,12.414986,12.510529,12.357613,12.701340,12.682281,12.682281,13.233543,11.935799,12.434105,12.625069,12.720398,12.223610,11.993431,12.434105,12.644142,12.834679,12.357613,12.682281,12.319344,12.682281,13.157700,12.948814,12.300209,12.281059,12.777557,12.529640,12.739456,13.081795,12.146942,13.005829,12.548721,12.948814,12.929794,12.948814,13.119759,12.872734,12.758507,12.701340,13.062805,12.453224,13.195625,12.434105,12.414986,12.204445,12.605988,12.720398,13.271439,12.146942,12.395866,12.376740,12.395866,12.338478,12.453224,12.605988,12.414986,12.701340,12.261917,12.796600,12.929794,12.720398,12.434105,12.567825,12.948814,12.853714,12.910774,12.376740,12.815643,12.796600,12.739456,12.701340,12.853714,12.720398,13.024826,12.663208,13.005829,12.967819,12.338478,12.625069,12.300209,12.815643,12.414986,13.081795,12.758507,12.777557,12.548721,12.491440,12.910774,12.834679,12.986824,13.062805,12.815643,12.967819,12.910774,12.663208,13.138725,13.005829,12.701340,13.157700,12.872734,12.986824,13.290382,12.834679,12.948814,13.119759,13.385033,13.574066,13.233543,12.777557,13.403954,13.649567,12.910774,13.536285,13.611824,13.271439,13.328255,13.005829,13.309326,13.176659,13.119759,13.385033,13.119759,12.948814,13.838051,13.517403,13.081795,13.422867,13.214584,13.233543,13.100769,13.062805,12.948814,13.762703,13.725006,13.119759,14.101280,14.007355,14.270103,14.457298,14.867805,14.905037,15.443062,15.461563,16.014603,16.545914,16.564171,16.381371,16.308144,15.720085,16.381371,16.161499,16.308144,16.014603,16.855865,16.618950,16.143143,16.691910,16.454536,16.454536,16.946808,16.436256,16.417961,16.892258,17.001335,17.400101,16.819458,17.182823,17.146553,17.055817,17.001335,17.110275,17.327736,17.598785,17.526596,17.237198,17.363930,17.400101,17.994759,17.868965,17.868965,17.706970,17.815002,17.742996,17.958839,18.192039,18.353111,18.620857,18.227867,18.424599,18.353111,18.335236,18.727722,18.442459,18.406731,18.388855,18.388855,18.727722,18.603035,18.638680,18.513863,18.174133,17.779015,18.887749,18.299454,18.353111,18.263664,17.815002,18.066551,18.496017,18.727722,18.174133,18.406731,18.263664,18.317345,18.442459,18.370995,18.370995,18.531708,18.174133,18.281563,18.192039,18.603035,18.102425,18.656494,18.496017,18.692123,17.958839,18.549545,18.012718,18.388855,18.281563,18.478165,18.245766,18.478165,18.531708,18.567383,18.442459,18.692123,18.727722,18.406731,18.370995,18.781090,18.299454,18.531708,18.370995,18.603035,18.513863,18.763306,18.424599,18.513863,18.513863,18.406731,18.245766,18.745514,18.174133,18.370995,18.120361,18.406731,18.102425,18.245766,18.030663,18.120361,18.138290,18.227867,17.833000,18.138290,18.120361,18.012718,18.317345,18.048607,18.084496,18.030663,17.868965,18.012718,17.868965,18.281563,17.922905,17.940880,17.958839,17.742996,18.066551,17.922905,17.994759,17.904930,18.138290,17.815002,17.652901,17.652901,17.418190,17.616829,17.436272,17.436272,17.490471,17.526596,17.255310,17.055817,17.055817,17.454338,17.255310,16.892258,16.983162,16.600693,16.472824,15.904274,15.885872,14.998024,15.183723,14.979439,14.513397,14.120049,13.969765,14.026146,13.536285,13.630692,13.328255,13.441788,13.950951,13.706154,13.309326,13.762703,13.574066,13.592949,13.668427,13.214584,13.347183,13.649567,13.894524,13.403954,13.290382,13.687294,13.649567,13.630692,13.195625,14.082504,13.725006,13.592949,13.536285,13.555183,13.403954,13.309326,14.082504,13.762703,13.838051,13.328255,13.592949,13.630692,13.517403,13.290382,13.441788,13.725006,13.271439,13.233543,13.536285,13.252487,13.138725,13.856880,13.762703,13.517403,13.366112,13.819221,13.479599,13.668427,13.555183,13.403954,14.026146,13.687294,13.743858,13.479599,13.630692,13.366112,13.441788,13.649567,13.271439,13.517403,13.800392,13.725006,13.498497,13.498497,13.800392,13.290382,13.005829,13.366112,12.929794,13.024826,13.081795,12.967819,12.777557,12.834679,13.385033,13.195625,13.328255,12.891754,12.929794,13.214584,13.214584,13.233543,13.252487,13.176659,13.100769,13.062805,13.403954,13.668427,13.347183,13.119759,13.498497,13.328255,13.498497,13.403954,13.290382,13.441788,13.932144,13.100769,13.043808,13.233543,13.347183,12.815643,13.403954,13.441788,13.024826,13.195625,13.517403,12.967819,13.894524,13.422867,13.157700,13.309326,13.366112,12.796600,13.403954,13.460693,13.214584,13.100769,13.081795,13.422867,12.986824,13.479599,12.605988,13.498497,12.853714,13.290382,13.138725,13.062805,13.119759,13.176659,13.479599,13.138725,13.271439,12.758507,13.195625,12.967819,12.644142,13.271439,12.910774,13.290382,12.948814,12.834679,13.062805,13.460693,13.157700,13.024826,13.195625,12.910774,12.414986,12.777557,12.834679,12.967819,12.872734,13.328255,13.309326,13.649567,13.403954,13.687294,13.988556,14.044937,14.532082,14.606796,15.128059,14.793312,15.849052,15.183723,15.202286,15.572441,15.202286,15.350533,15.553970,15.369041,15.627831,15.461563,15.313492,15.424561,15.350533,15.165176,15.517014,15.572441,15.090919,15.720085,15.701637,16.051353,15.812218,16.216530,16.234848,16.308144,16.363075,16.271500,16.198189,16.344765,16.289825,16.326462,16.710136,16.472824,16.234848,16.582436,16.253181,16.509377,16.564171,16.454536,16.326462,16.764816,17.255310,16.837654,16.582436,17.164696,17.019493,17.019493,17.958839,17.037659,17.382019,17.055817,17.128418,16.874062,16.855865,17.237198,17.092117,16.783035,16.509377,17.128418,16.837654,16.892258,17.200951,17.055817,16.946808,16.946808,16.946808,17.345833,16.655434,17.037659,16.637184,16.289825,16.253181,15.977844,15.517014,16.271500,16.088081,15.756950,16.124794,14.867805,15.387550,14.662788,14.793312,14.811943,14.063721,14.476006,14.606796,13.856880,14.063721,14.494698,14.438606,14.120049,14.307571,14.213860,13.781540,14.195114,13.932144,13.838051,13.819221,14.157593,14.044937,14.138817,13.611824,13.894524,13.838051,14.120049,13.574066,13.913338,14.120049,13.819221,13.743858,13.366112,14.007355,14.157593,13.819221,13.309326,13.479599,13.460693,14.176346,13.252487,14.307571,14.513397,13.781540,14.307571,13.252487,13.517403,13.347183,13.043808,13.574066,12.834679,13.043808,13.441788,13.081795,12.910774,12.414986,
12.319344,12.605988,12.720398,12.012634,12.872734,12.223610,12.586906,12.510529,12.529640,12.929794,12.434105,12.986824,12.414986,12.986824,12.682281,12.261917,12.625069,12.108589,12.434105,12.682281,12.453224,12.548721,12.510529,12.223610,12.070213,12.567825,12.948814,12.663208,12.261917,12.644142,12.376740,12.682281,12.204445,12.281059,12.395866,11.955025,12.395866,12.758507,12.300209,12.605988,12.242760,12.872734,13.138725,12.815643,12.644142,12.853714,12.625069,12.720398,12.510529,12.395866,13.214584,12.434105,12.605988,12.567825,12.663208,12.453224,12.777557,12.605988,12.929794,13.005829,12.625069,12.701340,12.815643,12.986824,12.586906,12.682281,11.935799,12.223610,12.319344,13.100769,12.261917,12.605988,12.414986,12.204445,12.853714,12.663208,12.051033,12.223610,12.491440,12.319344,12.281059,12.051033,12.414986,12.567825,12.395866,12.108589,12.834679,12.357613,12.720398,12.338478,12.491440,12.434105,12.796600,13.252487,12.434105,12.146942,13.005829,12.242760,12.644142,12.777557,12.567825,12.739456,12.701340,12.929794,12.491440,13.005829,12.663208,12.967819,12.815643,12.701340,12.510529,12.434105,12.644142,12.929794,12.491440,12.834679,12.586906,13.081795,12.777557,12.663208,12.929794,12.758507,12.739456,12.701340,12.815643,13.309326,13.005829,12.605988,13.119759,12.777557,13.024826,13.328255,12.986824,13.309326,13.176659,12.357613,13.328255,13.176659,13.043808,13.024826,13.100769,13.214584,13.290382,12.891754,13.233543,12.834679,13.479599,12.777557,13.366112,13.385033,13.309326,13.441788,13.157700,13.498497,13.119759,13.214584,13.460693,13.157700,13.233543,12.815643,13.328255,13.611824,13.856880,13.290382,13.838051,14.157593,14.513397,14.625465,14.662788,14.960838,15.350533,15.406059,15.830643,16.253181,16.179840,16.436256,16.344765,16.124794,16.545914,16.234848,15.867470,16.143143,16.179840,16.106438,15.977844,16.271500,16.417961,16.472824,16.910439,16.436256,16.564171,16.746590,17.019493,17.327736,16.746590,17.019493,17.146553,17.019493,17.055817,17.526596,17.382019,17.273430,17.073982,17.382019,17.255310,17.616829,17.724983,17.598785,17.886955,17.850990,17.886955,17.850990,18.406731,17.922905,17.779015,18.227867,18.317345,18.335236,18.869980,18.620857,18.478165,18.209953,18.745514,18.638680,19.011993,18.299454,18.353111,18.281563,18.834435,18.727722,18.335236,18.585213,18.353111,18.460312,18.245766,18.353111,18.692123,18.424599,18.245766,18.406731,18.209953,18.585213,18.353111,18.281563,18.549545,18.245766,18.656494,18.353111,18.317345,18.656494,18.299454,18.227867,18.442459,18.478165,18.388855,18.174133,18.531708,18.066551,18.299454,18.531708,18.424599,18.531708,18.852211,18.138290,18.281563,18.692123,18.388855,18.745514,18.335236,18.388855,18.442459,18.656494,18.209953,18.941017,18.478165,18.620857,18.442459,18.620857,18.567383,18.656494,18.263664,18.549545,18.603035,18.424599,18.174133,18.281563,18.531708,18.496017,17.904930,18.496017,18.370995,18.496017,17.670921,17.868965,18.585213,18.245766,18.353111,18.674309,18.174133,18.048607,17.976807,18.192039,18.209953,18.245766,18.084496,17.958839,18.263664,18.192039,17.958839,17.958839,17.994759,17.815002,17.761002,17.580750,17.994759,17.418190,17.994759,17.327736,17.345833,17.237198,17.182823,17.309639,17.200951,17.309639,17.327736,17.037659,17.055817,17.019493,17.526596,16.819458,16.454536,16.088081,15.793800,15.996223,15.146614,15.128059,14.606796,14.737404,13.856880,14.176346,13.800392,13.838051,13.838051,13.517403,13.725006,13.460693,14.007355,13.838051,13.687294,13.630692,13.725006,13.536285,13.517403,13.498497,13.762703,13.574066,13.743858,13.385033,13.800392,13.479599,13.894524,13.592949,13.819221,13.574066,13.536285,13.649567,13.385033,13.271439,13.347183,13.422867,13.555183,13.630692,13.592949,13.498497,14.007355,13.668427,13.328255,13.517403,13.290382,13.555183,13.214584,13.195625,13.592949,13.214584,13.385033,13.309326,13.081795,13.366112,13.441788,13.725006,13.611824,13.611824,13.536285,13.725006,13.630692,13.574066,13.195625,13.706154,13.932144,13.592949,13.819221,13.611824,13.498497,13.536285,13.119759,13.366112,13.385033,13.119759,13.592949,13.366112,13.005829,13.687294,13.233543,13.309326,13.271439,12.948814,13.100769,12.872734,13.328255,13.100769,13.119759,12.891754,12.929794,13.195625,12.796600,13.856880,13.252487,13.043808,13.366112,13.195625,13.366112,13.347183,13.781540,12.929794,13.894524,13.062805,13.252487,12.986824,13.592949,13.385033,13.252487,13.252487,13.290382,13.460693,13.214584,13.043808,13.385033,13.479599,13.062805,13.290382,13.385033,13.385033,12.815643,13.214584,13.233543,13.100769,13.950951,13.498497,12.891754,13.157700,13.024826,12.853714,13.062805,13.649567,13.366112,12.758507,13.290382,12.739456,13.157700,12.986824,13.043808,13.195625,12.967819,12.910774,12.586906,12.453224,13.119759,13.157700,12.491440,13.100769,13.385033,13.157700,13.195625,13.062805,12.967819,13.081795,13.005829,12.510529,13.479599,12.986824,13.024826,12.720398,12.891754,12.434105,12.872734,12.967819,13.422867,13.233543,13.838051,13.894524,13.988556,14.007355,14.513397,14.774681,15.165176,15.406059,15.165176,15.072350,15.239365,15.090919,16.198189,15.535500,15.590912,15.276436,15.590912,15.387550,15.480049,15.183723,15.424561,15.369041,15.128059,15.053780,15.720085,15.977844,15.756950,16.271500,15.535500,15.904274,16.014603,16.363075,15.830643,16.014603,15.922668,15.922668,15.867470,16.363075,16.637184,16.855865,16.253181,16.472824,16.509377,16.764816,16.363075,16.344765,17.544655,16.710136,16.874062,17.146553,17.779015,17.255310,16.819458,16.964989,17.019493,16.983162,17.200951,16.964989,17.073982,17.200951,17.418190,17.001335,16.819458,17.164696,16.874062,16.491104,16.527649,16.910439,17.055817,16.764816,17.219078,17.001335,17.327736,17.055817,17.037659,16.637184,17.146553,16.363075,16.783035,16.344765,16.308144,16.289825,16.363075,16.051353,15.350533,15.812218,15.313492,15.535500,14.513397,15.090919,14.363747,14.644127,13.819221,14.232613,13.856880,13.819221,14.101280,13.781540,13.875710,14.213860,14.063721,14.345024,13.856880,13.819221,13.838051,13.687294,14.363747,13.762703,13.611824,13.385033,13.913338,14.307571,13.725006,14.270103,13.366112,13.800392,14.082504,13.762703,13.838051,13.894524,13.441788,13.838051,14.026146,14.270103,14.026146,14.232613,14.063721,13.762703,14.345024,13.498497,13.441788,14.176346,13.347183,13.706154,12.758507,13.157700,13.536285,13.781540,13.366112,13.100769,12.625069,12.376740,
12.720398,12.185280,12.261917,12.223610,12.491440,12.434105,12.815643,13.062805,12.663208,11.897362,12.739456,12.472336,12.357613,12.434105,12.491440,12.872734,12.185280,12.319344,12.644142,12.472336,12.567825,12.300209,11.993431,12.012634,12.261917,12.223610,12.357613,12.472336,12.625069,12.414986,13.233543,12.127769,12.586906,12.567825,12.948814,12.414986,12.739456,12.185280,12.739456,12.529640,12.910774,12.796600,12.739456,12.853714,12.529640,13.081795,12.986824,12.739456,12.815643,12.758507,13.005829,12.891754,12.663208,12.758507,12.472336,13.005829,12.834679,12.644142,12.491440,12.739456,12.796600,12.586906,12.472336,12.758507,12.739456,12.472336,12.146942,12.777557,12.529640,12.986824,13.005829,12.548721,12.739456,11.935799,12.242760,12.453224,12.395866,12.261917,12.414986,12.414986,12.605988,12.376740,12.453224,12.223610,12.242760,12.910774,12.491440,12.777557,12.319344,12.586906,12.434105,13.043808,13.005829,12.777557,12.166107,13.157700,12.472336,12.739456,12.605988,12.510529,12.567825,13.290382,12.586906,13.024826,12.815643,12.510529,12.510529,12.625069,12.758507,13.081795,12.758507,12.567825,13.214584,13.005829,12.663208,13.119759,12.605988,12.663208,12.929794,12.682281,13.043808,12.605988,13.119759,13.043808,13.195625,12.986824,13.214584,12.948814,13.100769,13.005829,13.043808,13.176659,12.872734,13.024826,13.309326,13.119759,13.233543,13.081795,13.233543,13.233543,13.290382,13.195625,13.157700,13.176659,13.081795,13.441788,13.422867,12.910774,13.005829,12.967819,13.271439,13.743858,13.460693,13.366112,13.574066,13.517403,12.986824,13.195625,13.422867,13.043808,13.460693,12.986824,13.819221,14.007355,13.875710,14.326302,14.793312,14.532082,14.830566,15.183723,15.146614,15.664742,15.461563,15.922668,15.867470,16.344765,16.179840,16.161499,16.271500,16.032974,16.491104,16.198189,16.032974,16.436256,16.399666,16.417961,16.344765,16.600693,16.983162,16.491104,17.001335,16.509377,16.892258,16.637184,17.001335,17.345833,17.273430,16.618950,17.309639,17.219078,17.128418,17.255310,17.797005,17.363930,17.724983,17.526596,17.598785,17.742996,17.797005,17.761002,18.066551,17.797005,18.102425,18.335236,18.209953,17.904930,18.370995,18.603035,18.513863,18.941017,18.353111,18.406731,18.603035,18.620857,18.638680,18.709923,18.567383,18.370995,18.496017,18.513863,18.709923,18.406731,18.496017,18.513863,18.496017,18.120361,18.406731,18.603035,18.174133,18.424599,18.674309,18.406731,18.674309,18.674309,18.406731,18.531708,18.905502,18.727722,18.299454,18.442459,18.887749,18.227867,18.549545,18.496017,18.869980,17.940880,18.424599,18.567383,18.299454,18.335236,18.317345,18.353111,18.478165,18.603035,18.656494,18.317345,18.638680,18.976524,18.478165,19.011993,18.460312,18.406731,18.335236,18.620857,18.513863,18.603035,18.549545,18.585213,18.317345,18.406731,18.209953,18.335236,18.406731,18.263664,18.478165,18.620857,18.030663,18.567383,18.120361,18.353111,18.388855,18.084496,18.370995,18.513863,18.263664,18.638680,18.905502,18.120361,17.922905,18.281563,17.850990,17.994759,17.779015,18.012718,17.958839,18.174133,18.192039,18.192039,18.209953,17.598785,18.299454,18.209953,18.066551,17.562698,17.706970,17.904930,18.084496,17.562698,17.382019,17.616829,17.526596,17.526596,16.946808,17.019493,17.146553,16.801247,17.092117,17.055817,16.746590,16.363075,16.198189,15.959457,15.996223,15.424561,15.332008,15.053780,14.681450,14.606796,14.063721,14.513397,13.894524,13.743858,13.574066,14.138817,13.706154,13.347183,14.232613,13.668427,13.781540,13.574066,13.422867,14.120049,13.856880,13.630692,13.913338,13.950951,13.781540,13.403954,13.800392,13.743858,13.743858,13.138725,13.441788,13.555183,13.403954,13.290382,13.479599,12.853714,14.082504,13.517403,13.081795,13.366112,13.271439,13.366112,13.100769,13.441788,13.668427,13.385033,13.271439,13.157700,13.214584,13.157700,13.592949,13.479599,13.366112,13.611824,13.233543,13.498497,13.555183,13.592949,13.385033,13.403954,13.687294,13.081795,13.574066,12.872734,13.441788,13.536285,13.725006,13.498497,13.592949,13.309326,13.479599,13.100769,13.347183,13.119759,13.592949,13.138725,13.157700,13.309326,13.611824,13.422867,12.796600,13.043808,13.157700,12.891754,13.138725,12.777557,13.366112,13.309326,12.777557,12.796600,13.138725,12.625069,13.062805,13.271439,13.176659,13.309326,13.214584,12.853714,13.328255,13.649567,13.138725,13.687294,13.592949,13.385033,12.834679,13.252487,13.649567,13.536285,12.929794,12.929794,13.290382,13.271439,13.385033,13.479599,13.706154,13.271439,13.138725,13.176659,13.366112,13.290382,13.460693,13.005829,13.081795,13.005829,13.252487,13.271439,13.479599,12.910774,13.422867,13.233543,13.081795,12.796600,12.834679,13.290382,13.005829,13.062805,12.796600,13.271439,13.043808,12.948814,13.100769,12.986824,12.872734,12.948814,13.176659,13.403954,12.796600,12.929794,12.491440,12.758507,13.043808,12.796600,12.701340,13.157700,12.891754,12.777557,13.422867,12.605988,12.948814,12.758507,12.758507,12.605988,12.605988,13.157700,12.986824,13.479599,13.781540,13.969765,14.044937,14.307571,13.950951,14.326302,14.905037,15.220818,15.517014,15.424561,15.350533,15.369041,15.793800,15.332008,15.572441,15.276436,15.220818,15.294960,15.146614,15.350533,15.332008,15.350533,15.313492,15.553970,15.609375,15.683197,15.424561,15.885872,15.812218,15.720085,15.867470,15.793800,15.941071,15.812218,16.289825,16.179840,16.198189,16.161499,16.600693,16.124794,16.928627,16.161499,16.106438,16.637184,16.655434,16.363075,16.637184,16.983162,17.037659,16.691910,16.600693,16.910439,17.073982,17.055817,17.128418,17.616829,17.146553,16.582436,17.508537,16.946808,17.436272,16.964989,16.673668,17.634865,17.200951,17.128418,17.472412,17.092117,17.037659,16.417961,16.710136,16.618950,17.345833,16.491104,15.996223,16.509377,16.874062,16.837654,16.088081,16.618950,16.179840,16.088081,15.756950,15.793800,16.381371,15.959457,15.756950,15.220818,14.923637,15.183723,14.176346,14.120049,13.800392,14.307571,14.625465,13.706154,14.007355,13.932144,14.044937,14.532082,14.363747,14.082504,13.950951,14.419891,14.232613,13.649567,14.082504,13.517403,13.969765,14.251350,14.157593,13.630692,14.026146,13.950951,13.347183,13.706154,13.536285,12.891754,14.532082,13.119759,13.536285,13.649567,13.800392,13.668427,14.082504,14.101280,13.366112,13.460693,13.875710,14.476006,13.536285,13.366112,13.988556,13.479599,13.347183,12.834679,13.252487,13.932144,12.663208,12.815643,12.663208,12.682281,
12.491440,12.586906,12.300209,12.910774,12.567825,11.916588,12.663208,12.548721,12.758507,12.300209,12.529640,12.567825,12.701340,12.777557,12.586906,12.777557,12.586906,12.242760,12.891754,12.529640,12.548721,12.605988,12.357613,12.605988,12.414986,12.491440,12.548721,12.089409,12.644142,12.281059,12.548721,12.510529,12.891754,12.319344,12.395866,12.281059,13.005829,12.357613,12.758507,12.682281,12.472336,12.796600,13.195625,12.453224,12.414986,12.663208,12.701340,12.434105,12.625069,12.605988,13.119759,12.472336,12.720398,12.586906,12.872734,12.891754,12.548721,12.739456,12.720398,12.644142,12.300209,12.872734,12.529640,12.872734,13.555183,12.644142,13.119759,12.414986,12.472336,11.935799,12.548721,12.395866,12.376740,12.605988,12.261917,11.801193,12.796600,11.955025,12.338478,11.839676,12.853714,12.529640,12.548721,12.127769,12.166107,12.146942,12.281059,12.510529,12.434105,12.012634,12.300209,12.472336,12.453224,12.472336,12.510529,12.682281,12.357613,12.720398,13.176659,13.460693,12.796600,13.119759,12.529640,12.986824,12.319344,12.300209,12.338478,12.625069,13.005829,12.891754,13.157700,12.739456,12.967819,12.548721,12.663208,12.701340,12.986824,12.625069,13.290382,12.796600,13.062805,12.948814,13.005829,12.758507,12.872734,12.796600,12.891754,13.290382,12.720398,12.796600,13.100769,13.328255,12.796600,13.024826,12.853714,12.891754,13.043808,13.233543,12.872734,13.403954,12.986824,13.081795,13.555183,13.100769,13.271439,13.195625,13.290382,13.422867,13.252487,12.777557,13.800392,13.119759,13.441788,13.366112,13.024826,13.176659,12.834679,12.910774,12.853714,13.441788,13.024826,13.043808,13.176659,13.800392,14.569450,14.063721,15.016617,14.662788,14.979439,14.923637,15.424561,15.849052,16.124794,16.179840,16.564171,15.812218,15.977844,16.106438,16.051353,16.491104,16.014603,16.381371,16.472824,16.289825,16.417961,16.600693,16.436256,16.783035,16.618950,17.073982,16.363075,16.655434,16.728371,17.037659,16.764816,17.110275,16.819458,17.219078,16.983162,17.200951,17.382019,17.019493,17.219078,18.030663,17.363930,17.958839,17.940880,17.706970,17.994759,18.192039,17.670921,18.263664,18.388855,17.742996,18.281563,18.209953,18.227867,18.620857,18.638680,18.549545,18.692123,18.798882,18.798882,18.603035,18.923264,18.709923,18.727722,18.834435,18.370995,18.638680,18.388855,18.620857,18.084496,18.549545,18.388855,18.620857,18.513863,18.120361,18.905502,18.192039,18.513863,18.656494,18.620857,18.869980,18.763306,18.299454,18.353111,18.585213,18.674309,18.263664,18.745514,18.442459,18.816666,18.531708,18.638680,18.638680,18.048607,18.745514,19.100624,18.299454,18.406731,18.549545,18.192039,18.603035,18.941017,18.656494,18.674309,18.638680,18.620857,18.424599,18.638680,18.816666,18.656494,18.692123,18.692123,18.798882,18.798882,18.388855,18.478165,18.745514,18.727722,18.763306,18.388855,18.281563,18.585213,18.406731,18.263664,18.084496,18.066551,18.120361,18.478165,18.192039,18.353111,18.478165,18.478165,18.102425,18.209953,18.156204,18.209953,18.156204,17.779015,18.281563,18.263664,18.066551,18.227867,17.886955,18.531708,18.317345,17.976807,18.012718,17.994759,17.670921,18.066551,17.940880,17.670921,17.797005,17.273430,17.688942,17.291534,17.616829,17.652901,17.092117,17.616829,17.454338,17.490471,17.779015,17.400101,16.983162,16.819458,16.728371,16.454536,16.637184,15.904274,15.590912,15.498535,15.220818,14.867805,14.494698,14.513397,13.687294,14.026146,13.252487,13.536285,13.498497,13.460693,13.479599,13.668427,13.706154,13.781540,13.649567,13.592949,13.687294,13.649567,13.422867,13.479599,13.233543,13.894524,13.460693,13.441788,13.592949,13.574066,13.668427,13.366112,13.195625,13.838051,13.498497,13.441788,13.195625,13.176659,13.328255,13.290382,13.366112,13.328255,13.498497,13.460693,13.460693,13.403954,13.668427,13.630692,13.536285,13.668427,13.328255,13.555183,13.498497,13.176659,13.176659,13.290382,13.233543,13.062805,13.233543,13.328255,13.043808,13.687294,13.385033,13.800392,13.536285,13.838051,13.743858,13.403954,13.668427,13.555183,13.119759,13.290382,13.252487,13.309326,13.195625,13.385033,13.687294,12.548721,13.328255,12.986824,13.157700,13.024826,13.100769,12.815643,12.720398,13.328255,13.100769,12.948814,13.328255,12.986824,12.872734,13.176659,12.834679,13.328255,13.347183,12.548721,13.176659,13.119759,13.157700,13.195625,13.422867,13.762703,13.555183,13.498497,13.517403,13.176659,12.948814,13.271439,13.024826,13.119759,13.309326,13.176659,13.138725,13.176659,13.024826,12.929794,13.062805,13.290382,12.986824,13.441788,13.385033,13.460693,13.328255,13.290382,12.701340,13.214584,12.720398,12.948814,13.138725,13.630692,13.100769,13.138725,13.441788,12.796600,13.100769,13.328255,12.891754,12.834679,12.739456,13.347183,12.853714,13.536285,13.043808,13.100769,12.567825,12.986824,12.777557,12.796600,12.815643,13.252487,13.119759,13.290382,12.834679,13.271439,12.720398,13.138725,12.663208,12.948814,12.644142,12.567825,13.043808,12.223610,13.024826,12.682281,13.290382,13.649567,12.948814,13.574066,13.517403,13.743858,14.007355,14.063721,14.905037,14.905037,15.016617,15.369041,15.664742,15.313492,15.517014,15.350533,15.498535,15.443062,15.387550,15.885872,15.443062,15.609375,15.313492,15.146614,15.553970,15.350533,15.369041,15.369041,15.572441,15.885872,15.480049,16.161499,15.812218,16.106438,16.051353,16.179840,16.289825,15.996223,16.198189,15.885872,16.344765,16.655434,16.673668,15.977844,16.764816,16.216530,16.399666,16.143143,16.381371,16.143143,16.746590,16.946808,16.964989,17.418190,16.910439,16.946808,16.764816,17.616829,17.055817,17.345833,16.946808,16.874062,16.216530,17.182823,17.128418,16.964989,17.382019,17.110275,17.436272,16.928627,16.417961,17.598785,16.637184,17.110275,17.037659,16.436256,16.289825,17.128418,16.673668,16.691910,16.198189,16.124794,16.124794,15.701637,16.216530,15.996223,16.161499,16.069710,15.369041,15.664742,15.294960,14.830566,14.307571,14.476006,14.494698,14.550774,13.932144,14.176346,13.913338,14.176346,14.288834,14.026146,14.101280,14.176346,13.894524,14.138817,14.288834,14.082504,13.988556,14.644127,13.969765,14.007355,14.101280,14.101280,14.662788,14.082504,14.195114,13.649567,14.382469,14.138817,13.517403,13.950951,13.819221,13.479599,13.838051,13.592949,13.743858,13.800392,13.838051,13.668427,13.536285,13.725006,13.441788,13.743858,13.574066,13.988556,13.743858,13.969765,13.479599,13.081795,13.441788,13.498497,12.910774,13.856880,12.434105,
12.146942,12.739456,12.185280,12.510529,12.472336,12.185280,12.453224,12.644142,12.338478,12.663208,12.529640,11.935799,12.261917,12.434105,13.062805,11.935799,12.146942,12.166107,12.644142,11.839676,12.051033,12.644142,12.395866,12.510529,12.701340,12.319344,12.548721,12.777557,12.185280,12.319344,12.796600,12.395866,12.146942,13.441788,12.625069,12.300209,12.319344,12.567825,12.986824,12.548721,13.024826,12.625069,12.739456,12.796600,12.529640,12.127769,12.338478,12.491440,12.739456,12.605988,12.853714,12.529640,12.910774,12.395866,12.777557,13.062805,12.338478,12.605988,12.872734,12.567825,12.853714,12.376740,12.644142,12.127769,12.376740,12.682281,12.739456,13.100769,12.853714,12.663208,12.242760,12.758507,12.605988,12.300209,12.605988,12.242760,12.127769,12.586906,12.529640,12.777557,12.529640,12.146942,12.108589,12.204445,12.586906,12.166107,12.338478,12.682281,12.491440,12.146942,12.910774,12.929794,12.491440,13.479599,12.434105,12.815643,12.357613,12.605988,13.176659,12.720398,12.605988,12.682281,13.214584,12.605988,12.281059,12.739456,12.510529,12.395866,12.796600,12.567825,12.414986,12.625069,12.682281,12.910774,12.929794,12.281059,12.644142,12.644142,13.005829,12.834679,12.815643,13.309326,12.929794,12.663208,12.834679,12.948814,12.586906,12.910774,13.176659,13.195625,12.929794,13.043808,12.891754,12.929794,13.252487,13.214584,13.157700,13.214584,13.366112,12.967819,12.758507,13.157700,13.574066,12.625069,13.422867,13.214584,13.195625,12.910774,13.062805,13.157700,12.929794,13.649567,13.271439,13.347183,12.796600,13.403954,13.062805,13.100769,12.986824,12.853714,13.119759,12.967819,13.725006,14.063721,13.574066,14.063721,14.756035,14.700096,14.998024,15.165176,15.664742,15.406059,15.885872,16.271500,16.143143,16.837654,16.143143,16.014603,16.491104,16.161499,16.673668,16.326462,16.308144,16.637184,16.326462,16.874062,16.381371,16.527649,16.746590,16.637184,16.783035,17.037659,17.146553,17.309639,17.309639,17.255310,17.092117,17.237198,17.219078,17.616829,17.418190,17.219078,17.562698,17.616829,17.616829,17.273430,17.994759,17.868965,18.102425,18.120361,18.066551,18.012718,18.388855,18.709923,18.335236,18.299454,18.567383,18.424599,18.763306,18.174133,18.513863,18.531708,18.317345,18.567383,18.709923,18.442459,18.638680,18.620857,18.513863,18.353111,18.781090,18.727722,18.549545,18.353111,19.065178,18.388855,18.478165,18.370995,18.335236,18.227867,18.638680,18.227867,18.335236,18.102425,18.245766,18.513863,18.727722,18.531708,18.958771,18.976524,18.478165,18.852211,18.549545,18.674309,18.531708,18.709923,18.816666,18.709923,18.531708,18.727722,18.549545,18.513863,18.798882,18.941017,18.388855,18.442459,18.603035,18.923264,18.102425,18.335236,18.709923,18.656494,18.603035,18.531708,19.206863,18.227867,18.299454,18.066551,18.603035,18.245766,18.620857,18.335236,18.424599,18.388855,18.048607,18.335236,18.120361,18.299454,18.406731,18.478165,18.102425,18.066551,18.674309,18.388855,18.335236,18.156204,18.120361,18.460312,18.209953,17.797005,17.779015,18.335236,17.922905,18.370995,18.263664,17.922905,17.616829,17.724983,18.192039,17.815002,17.670921,18.585213,17.742996,17.815002,17.742996,17.742996,17.706970,17.868965,17.652901,17.688942,18.030663,16.928627,17.724983,17.309639,17.146553,17.382019,17.110275,17.128418,16.892258,16.618950,16.509377,16.436256,15.517014,15.350533,15.016617,14.923637,14.363747,14.401184,14.513397,14.251350,14.082504,13.574066,13.969765,13.649567,13.913338,13.460693,13.668427,13.328255,13.819221,13.687294,13.460693,13.347183,13.706154,13.743858,13.460693,13.138725,13.290382,13.725006,13.706154,13.252487,13.441788,13.422867,13.385033,13.403954,12.414986,13.781540,13.687294,13.347183,13.762703,13.290382,13.574066,13.536285,13.385033,13.119759,13.271439,13.100769,13.214584,13.460693,13.328255,13.176659,13.441788,13.214584,13.024826,13.195625,13.252487,13.214584,13.611824,12.967819,13.725006,13.403954,13.611824,13.668427,13.252487,13.460693,13.611824,13.479599,13.290382,13.422867,13.630692,13.024826,13.176659,13.271439,13.725006,13.762703,13.290382,13.725006,12.682281,13.005829,13.252487,12.986824,12.891754,13.252487,12.796600,13.252487,13.157700,13.138725,12.720398,12.853714,12.910774,13.195625,12.986824,12.986824,12.853714,13.214584,12.891754,13.024826,13.043808,12.796600,13.138725,13.176659,13.536285,13.517403,13.422867,14.007355,13.385033,13.781540,13.498497,13.252487,13.309326,13.157700,13.347183,13.479599,13.574066,13.574066,13.668427,13.290382,13.119759,12.872734,13.366112,12.986824,13.214584,13.271439,12.261917,13.252487,12.586906,12.986824,13.176659,13.138725,13.252487,12.739456,13.176659,12.948814,13.081795,13.081795,13.157700,12.967819,13.138725,13.574066,13.043808,13.328255,12.986824,12.986824,12.319344,13.574066,13.062805,13.347183,12.796600,12.815643,13.081795,13.195625,12.853714,12.625069,13.290382,13.043808,12.739456,12.758507,12.663208,13.157700,12.777557,12.891754,13.005829,12.395866,12.529640,13.043808,12.853714,13.043808,13.233543,13.081795,13.555183,13.460693,14.157593,14.195114,14.101280,14.737404,14.644127,14.960838,15.664742,15.480049,15.572441,15.294960,15.313492,15.165176,14.998024,15.627831,15.128059,15.535500,15.572441,15.756950,14.979439,15.609375,15.239365,16.051353,15.756950,15.720085,15.720085,15.922668,15.720085,15.812218,16.014603,15.849052,16.106438,15.683197,16.032974,16.051353,16.253181,15.996223,16.179840,16.216530,16.454536,16.308144,16.326462,16.783035,16.801247,16.746590,16.436256,17.001335,16.983162,16.946808,16.527649,17.616829,16.198189,17.019493,16.491104,17.273430,17.001335,16.819458,17.073982,17.400101,16.819458,16.564171,16.837654,16.691910,17.001335,16.837654,17.019493,17.037659,16.874062,16.764816,17.001335,16.655434,16.618950,16.234848,16.472824,16.892258,16.399666,16.216530,16.106438,16.216530,16.014603,15.849052,15.627831,15.904274,15.646294,15.461563,15.627831,15.183723,14.998024,14.363747,14.625465,14.120049,14.307571,13.781540,14.213860,14.382469,13.988556,14.195114,14.063721,14.082504,14.120049,14.419891,13.913338,13.630692,14.063721,13.819221,14.288834,14.176346,13.555183,14.195114,13.969765,13.233543,13.988556,13.706154,13.403954,13.555183,13.762703,13.328255,13.176659,13.214584,13.838051,14.082504,13.574066,13.309326,13.460693,13.894524,13.932144,13.290382,13.668427,13.988556,13.024826,13.743858,13.233543,13.875710,13.366112,13.119759,13.233543,13.555183,13.043808,13.555183,13.024826,12.395866,
12.070213,12.108589,12.834679,12.281059,12.395866,12.338478,12.453224,12.625069,13.290382,12.529640,12.605988,12.204445,12.395866,12.204445,12.204445,12.261917,12.701340,12.567825,12.261917,12.548721,12.510529,12.663208,11.724190,12.529640,12.453224,12.853714,12.625069,12.491440,12.357613,12.739456,12.395866,12.663208,11.820435,12.701340,12.261917,12.605988,12.625069,12.127769,12.567825,12.510529,13.024826,12.357613,12.605988,12.472336,12.834679,12.986824,12.834679,12.815643,12.891754,12.586906,12.758507,12.948814,12.739456,12.644142,12.739456,12.929794,12.453224,12.986824,12.434105,13.138725,12.586906,12.051033,12.242760,12.300209,12.644142,12.644142,12.548721,12.586906,13.081795,12.948814,11.801193,12.586906,12.204445,12.242760,12.548721,12.185280,12.281059,12.127769,12.185280,12.414986,12.472336,12.357613,12.338478,12.242760,12.453224,12.376740,12.223610,12.739456,12.720398,13.062805,12.929794,12.605988,12.758507,12.472336,12.777557,12.434105,12.166107,12.777557,12.434105,13.214584,12.567825,13.081795,12.739456,12.853714,12.815643,12.891754,13.005829,12.204445,12.777557,13.309326,12.701340,12.338478,12.434105,12.605988,12.929794,13.005829,13.100769,12.281059,13.328255,12.682281,13.062805,12.644142,12.758507,12.967819,12.567825,12.720398,12.853714,13.214584,13.024826,12.853714,13.100769,12.967819,13.479599,13.062805,12.644142,12.872734,12.891754,13.024826,13.062805,13.176659,13.214584,12.815643,13.441788,13.100769,13.290382,13.119759,13.441788,12.910774,13.611824,13.366112,13.062805,13.119759,13.536285,13.252487,12.853714,13.176659,13.195625,13.309326,13.555183,13.252487,12.986824,13.479599,13.706154,13.913338,14.494698,14.494698,14.363747,14.811943,14.998024,15.220818,15.609375,15.720085,15.572441,16.326462,16.271500,16.124794,16.381371,16.234848,16.381371,16.088081,16.545914,16.198189,15.996223,16.564171,16.637184,16.655434,16.491104,16.308144,16.928627,16.946808,16.673668,17.146553,17.055817,17.182823,16.837654,17.092117,17.110275,16.728371,17.490471,17.200951,17.237198,17.273430,17.634865,17.526596,17.200951,17.976807,17.850990,17.436272,17.833000,18.048607,18.030663,17.922905,18.245766,18.620857,18.263664,18.209953,18.513863,18.478165,18.798882,18.585213,18.709923,18.816666,18.869980,18.869980,18.549545,18.887749,18.263664,18.905502,18.120361,18.674309,18.263664,18.281563,18.460312,18.620857,18.549545,18.460312,17.922905,18.227867,18.424599,18.478165,18.388855,18.353111,18.120361,18.227867,18.531708,18.798882,18.496017,18.531708,18.887749,18.245766,18.442459,18.852211,19.029732,18.887749,18.869980,18.281563,18.353111,18.281563,18.585213,18.335236,18.585213,18.656494,18.745514,18.567383,18.478165,18.620857,18.406731,18.763306,19.082909,18.406731,18.460312,18.923264,18.209953,18.585213,18.567383,18.478165,18.460312,18.567383,18.388855,18.192039,17.994759,18.798882,18.460312,18.245766,18.281563,18.567383,18.317345,17.940880,18.066551,18.531708,18.084496,18.353111,18.353111,18.174133,18.227867,18.066551,18.245766,18.084496,18.209953,18.066551,18.048607,18.138290,18.317345,17.958839,17.797005,17.724983,18.066551,17.544655,18.209953,17.219078,18.066551,18.120361,17.670921,17.994759,17.345833,17.886955,17.580750,17.616829,17.815002,17.508537,17.345833,17.182823,17.598785,17.200951,17.382019,17.164696,17.219078,17.073982,16.910439,15.830643,16.381371,16.198189,15.572441,15.239365,15.313492,14.849190,14.513397,14.120049,13.950951,13.875710,13.781540,13.649567,13.668427,13.385033,13.706154,13.592949,13.687294,13.441788,13.668427,13.441788,13.517403,13.743858,13.233543,13.233543,13.856880,13.214584,13.725006,13.195625,13.422867,13.385033,13.328255,13.081795,13.290382,13.536285,13.422867,13.403954,13.441788,13.460693,13.176659,13.555183,13.290382,13.138725,13.517403,13.649567,13.233543,13.611824,13.024826,13.271439,13.422867,13.138725,13.214584,13.498497,13.271439,13.081795,12.986824,13.119759,13.290382,13.309326,13.309326,13.517403,13.517403,13.366112,13.214584,12.967819,13.536285,13.043808,13.233543,13.385033,13.385033,13.119759,13.385033,13.743858,13.119759,13.233543,13.328255,12.739456,13.271439,13.157700,12.929794,13.119759,13.100769,13.081795,13.024826,12.720398,13.309326,13.157700,12.796600,12.796600,12.625069,13.024826,13.081795,12.853714,12.910774,12.434105,13.611824,12.891754,13.119759,12.929794,13.233543,13.100769,13.309326,13.422867,13.498497,13.800392,13.157700,13.460693,13.574066,13.271439,13.195625,13.157700,13.100769,13.214584,13.157700,13.403954,13.100769,12.872734,13.536285,13.479599,13.290382,13.290382,13.024826,12.663208,12.986824,13.100769,13.385033,13.062805,13.725006,12.910774,12.929794,13.574066,13.214584,12.910774,13.176659,13.195625,12.796600,13.385033,13.119759,12.872734,13.100769,12.758507,13.195625,12.853714,12.242760,13.005829,13.062805,13.024826,12.682281,12.796600,12.777557,12.815643,12.414986,12.853714,13.062805,12.834679,12.644142,12.644142,13.214584,13.081795,13.176659,12.872734,12.586906,12.796600,13.176659,13.176659,13.024826,13.119759,12.777557,13.062805,13.422867,13.479599,13.819221,13.913338,14.120049,14.513397,14.756035,14.476006,15.313492,15.016617,15.553970,15.257896,14.942238,15.090919,15.535500,15.220818,15.146614,14.867805,15.313492,14.998024,15.535500,15.443062,15.424561,15.720085,15.332008,15.480049,15.535500,16.051353,15.090919,15.664742,15.812218,16.198189,15.793800,16.271500,16.234848,15.535500,16.106438,15.959457,16.344765,16.491104,16.051353,16.509377,16.637184,16.600693,16.363075,16.289825,16.582436,16.710136,16.326462,17.055817,16.892258,16.946808,17.019493,17.182823,16.582436,16.545914,16.746590,17.219078,16.600693,17.580750,16.472824,16.801247,16.837654,16.874062,17.200951,17.400101,16.637184,16.819458,16.855865,16.472824,16.527649,17.055817,16.363075,16.088081,16.728371,16.637184,16.764816,15.904274,16.819458,16.436256,16.234848,16.143143,15.977844,15.517014,15.480049,15.183723,15.443062,15.387550,14.382469,14.307571,14.532082,14.569450,14.195114,14.157593,13.969765,14.063721,14.569450,13.913338,14.213860,14.326302,14.007355,13.988556,14.419891,13.762703,14.082504,14.138817,13.668427,14.082504,14.232613,13.913338,13.385033,13.706154,13.611824,13.441788,13.838051,13.271439,13.743858,13.555183,14.082504,13.347183,14.007355,13.441788,13.950951,13.574066,13.630692,13.913338,14.195114,13.969765,13.611824,13.592949,13.460693,13.441788,13.630692,13.062805,13.385033,13.555183,13.195625,13.309326,13.176659,13.649567,12.739456,12.491440,
12.146942,12.739456,12.910774,12.242760,13.024826,11.955025,12.300209,12.948814,12.853714,12.796600,12.472336,12.986824,12.567825,12.491440,12.338478,12.204445,12.300209,12.281059,12.357613,12.204445,12.586906,11.974228,12.834679,12.185280,12.108589,12.777557,12.472336,12.777557,12.434105,12.395866,12.185280,12.701340,13.062805,12.434105,12.031822,12.472336,12.357613,12.395866,12.472336,12.376740,12.720398,12.548721,12.567825,12.853714,12.051033,13.043808,12.720398,12.948814,12.338478,12.223610,12.242760,12.739456,12.529640,12.586906,13.385033,12.739456,12.986824,12.834679,12.682281,12.777557,13.005829,13.062805,12.491440,12.548721,12.529640,11.935799,12.720398,12.529640,12.051033,12.070213,12.929794,12.414986,12.777557,12.185280,12.491440,12.108589,12.242760,12.127769,12.089409,11.916588,11.974228,11.743454,12.166107,11.955025,12.242760,12.012634,12.625069,13.081795,12.586906,12.625069,12.625069,12.051033,12.625069,12.663208,12.834679,12.625069,12.625069,12.929794,12.434105,12.834679,12.605988,12.529640,12.644142,12.891754,12.510529,12.434105,12.338478,12.682281,13.233543,12.701340,12.605988,12.777557,12.453224,12.701340,12.529640,12.395866,12.663208,12.625069,12.967819,12.663208,12.357613,13.062805,13.100769,13.347183,12.625069,13.043808,12.510529,12.910774,13.062805,12.853714,12.720398,12.739456,12.986824,13.081795,12.395866,12.625069,13.536285,12.815643,13.630692,13.347183,13.252487,12.815643,12.967819,12.967819,13.214584,13.100769,12.986824,12.625069,13.347183,13.214584,13.422867,13.214584,12.929794,13.252487,13.403954,13.081795,13.422867,13.081795,12.853714,13.347183,13.271439,13.005829,13.574066,14.063721,14.270103,14.569450,14.811943,14.774681,14.886414,15.109489,15.867470,15.885872,16.106438,16.216530,16.051353,16.088081,16.746590,16.106438,16.326462,16.417961,16.582436,15.849052,16.143143,16.289825,16.308144,16.216530,16.014603,16.344765,16.910439,16.399666,16.764816,17.146553,17.092117,16.910439,17.128418,17.454338,16.855865,17.092117,17.779015,17.273430,17.327736,17.544655,17.327736,17.182823,18.030663,17.345833,17.418190,17.833000,18.084496,17.670921,18.263664,18.084496,17.850990,18.102425,18.620857,18.478165,18.406731,18.460312,18.281563,18.317345,18.674309,18.567383,18.638680,18.335236,18.048607,18.763306,18.531708,18.549545,18.941017,18.424599,18.585213,18.531708,18.478165,18.102425,18.496017,18.692123,18.585213,18.442459,18.299454,18.567383,18.834435,18.245766,18.406731,18.263664,18.353111,18.567383,17.922905,18.209953,18.496017,18.781090,18.478165,18.727722,19.047462,18.424599,18.656494,18.887749,18.531708,18.478165,18.281563,18.656494,18.513863,18.442459,18.442459,18.370995,19.047462,18.638680,18.496017,18.585213,18.887749,18.531708,18.763306,18.442459,18.299454,18.620857,18.174133,18.567383,18.692123,18.763306,18.585213,18.692123,18.603035,18.370995,18.335236,18.209953,18.174133,18.299454,18.335236,18.120361,18.478165,18.620857,18.317345,18.084496,18.102425,18.442459,17.940880,18.549545,18.317345,18.245766,18.192039,17.940880,17.797005,17.922905,17.652901,17.815002,18.066551,17.580750,17.562698,17.958839,18.012718,17.976807,18.066551,17.815002,18.012718,18.066551,17.940880,17.779015,17.400101,17.436272,17.544655,17.490471,17.652901,17.382019,17.237198,17.598785,17.526596,17.037659,17.490471,16.892258,16.983162,16.564171,16.417961,16.161499,16.161499,15.572441,15.406059,15.165176,14.700096,14.007355,14.419891,13.630692,13.517403,13.366112,13.950951,13.894524,13.781540,13.611824,13.460693,13.574066,13.517403,13.592949,13.403954,13.460693,13.403954,13.460693,13.875710,13.592949,13.706154,13.328255,13.252487,13.574066,13.214584,13.441788,13.479599,13.062805,13.460693,13.309326,13.252487,13.328255,13.290382,13.100769,13.555183,13.328255,13.574066,13.592949,13.479599,13.214584,13.498497,12.929794,13.271439,13.366112,13.422867,13.479599,13.536285,13.403954,13.309326,13.157700,13.385033,13.290382,13.555183,12.986824,13.403954,13.441788,13.309326,13.555183,13.687294,13.536285,12.796600,13.081795,13.328255,12.929794,13.403954,13.536285,13.441788,12.986824,13.441788,13.290382,13.479599,13.138725,12.625069,12.682281,13.252487,13.157700,13.043808,13.062805,12.948814,12.891754,13.138725,12.948814,13.176659,13.024826,13.100769,13.668427,13.271439,13.119759,12.986824,13.479599,12.967819,13.271439,13.176659,13.290382,13.422867,13.214584,12.739456,13.441788,12.777557,13.233543,13.100769,13.062805,13.119759,13.290382,13.138725,13.422867,13.498497,12.758507,12.910774,13.119759,13.043808,13.403954,13.062805,13.005829,13.081795,13.081795,12.910774,13.005829,13.062805,13.195625,13.460693,13.611824,12.625069,13.385033,13.024826,12.223610,13.630692,13.081795,12.414986,13.687294,13.157700,13.611824,13.062805,12.834679,13.005829,13.081795,13.043808,13.347183,12.967819,12.834679,12.948814,13.024826,12.720398,13.005829,13.252487,12.834679,12.834679,12.891754,13.043808,13.195625,13.195625,12.853714,13.347183,12.242760,12.853714,12.586906,12.644142,12.777557,12.701340,12.967819,13.062805,13.328255,13.005829,13.555183,13.233543,13.932144,14.419891,14.270103,14.681450,15.387550,15.090919,15.775375,15.572441,14.979439,15.276436,14.886414,15.165176,14.811943,14.830566,15.572441,14.867805,15.202286,14.998024,15.738518,15.053780,15.220818,15.480049,15.627831,15.738518,15.480049,16.564171,15.904274,16.032974,15.720085,15.849052,15.922668,16.509377,15.867470,15.276436,15.738518,16.618950,16.564171,16.637184,16.124794,16.600693,15.941071,16.454536,16.014603,17.128418,16.381371,16.837654,16.618950,17.001335,16.837654,17.019493,16.874062,16.746590,17.345833,17.382019,16.783035,17.019493,17.291534,17.418190,16.637184,16.801247,16.764816,17.110275,16.946808,17.055817,16.728371,16.637184,17.182823,17.237198,16.728371,16.764816,16.417961,16.454536,16.618950,16.928627,16.801247,15.996223,16.691910,16.216530,15.849052,16.014603,16.051353,15.941071,15.294960,15.332008,14.700096,15.183723,14.494698,14.998024,14.044937,13.838051,14.625465,13.969765,13.969765,14.363747,14.494698,13.309326,13.913338,14.213860,13.819221,13.894524,13.875710,13.630692,14.195114,13.932144,13.950951,13.119759,13.574066,13.781540,14.120049,13.517403,14.044937,13.856880,13.441788,14.195114,13.819221,13.309326,13.309326,13.743858,13.800392,13.422867,13.838051,13.649567,13.195625,13.611824,13.800392,13.781540,13.592949,13.649567,13.498497,13.366112,13.592949,13.271439,13.309326,13.157700,13.214584,12.891754,13.290382,13.214584,12.491440,
12.395866,12.548721,12.434105,12.395866,12.127769,11.993431,12.031822,11.993431,12.739456,12.319344,12.070213,12.472336,12.472336,11.993431,12.967819,12.567825,12.185280,12.281059,12.586906,12.625069,12.434105,12.510529,12.376740,12.682281,12.319344,12.510529,12.434105,12.434105,12.434105,12.146942,12.204445,11.974228,12.510529,12.261917,12.242760,12.031822,12.453224,12.070213,12.223610,12.357613,12.777557,12.453224,12.510529,12.357613,12.395866,12.414986,13.214584,12.146942,12.872734,11.974228,12.605988,13.062805,13.403954,12.910774,12.261917,12.300209,12.453224,12.701340,12.376740,12.625069,12.739456,12.395866,12.261917,12.853714,12.929794,12.758507,12.376740,12.529640,12.281059,12.682281,12.395866,12.300209,12.395866,12.357613,12.261917,12.567825,12.051033,11.974228,12.070213,12.089409,12.739456,11.512115,12.070213,12.127769,12.338478,12.872734,12.663208,12.242760,12.414986,12.414986,12.453224,12.491440,12.281059,12.414986,12.605988,12.891754,12.701340,12.127769,12.701340,12.434105,12.625069,12.625069,12.414986,12.166107,12.644142,12.472336,12.453224,12.682281,12.682281,12.777557,12.491440,12.529640,12.929794,12.453224,12.529640,12.395866,12.891754,12.185280,12.548721,12.472336,12.720398,12.567825,12.491440,12.891754,12.834679,12.720398,12.796600,13.005829,13.119759,12.815643,12.567825,13.024826,12.510529,12.319344,12.453224,13.062805,13.062805,12.815643,13.441788,13.043808,12.815643,12.796600,12.891754,13.081795,12.948814,12.929794,12.948814,13.081795,13.743858,12.625069,12.986824,12.910774,13.195625,12.644142,13.894524,12.701340,13.536285,12.548721,13.441788,12.929794,13.403954,13.138725,13.856880,14.082504,14.363747,14.120049,14.307571,14.811943,14.718750,15.016617,15.276436,15.406059,16.014603,16.032974,16.124794,16.308144,16.527649,16.088081,16.124794,16.363075,16.509377,16.032974,15.996223,16.417961,16.509377,15.922668,16.198189,16.472824,16.855865,16.564171,17.128418,16.983162,16.491104,16.837654,17.146553,16.728371,17.273430,17.146553,17.019493,17.200951,16.946808,17.309639,17.255310,17.436272,17.400101,17.472412,17.922905,17.724983,17.797005,17.634865,18.299454,18.192039,18.478165,18.102425,18.638680,18.549545,18.353111,18.852211,18.227867,18.066551,18.156204,18.638680,18.620857,18.638680,18.887749,18.317345,18.745514,18.745514,18.603035,18.209953,18.388855,18.496017,18.388855,18.549545,18.406731,18.406731,18.317345,18.353111,18.012718,18.424599,18.335236,18.531708,18.869980,18.513863,18.353111,18.174133,18.852211,18.156204,18.353111,18.513863,18.727722,19.029732,18.781090,18.335236,18.869980,18.745514,18.353111,18.281563,18.549545,18.887749,18.335236,18.781090,18.709923,19.047462,18.692123,18.692123,18.531708,18.245766,18.923264,18.281563,18.460312,18.585213,18.656494,18.869980,18.852211,18.227867,18.478165,18.531708,18.585213,17.958839,18.299454,18.638680,18.834435,18.174133,18.138290,18.317345,18.102425,18.460312,18.281563,18.066551,17.994759,18.120361,17.994759,18.138290,18.048607,18.012718,18.030663,18.156204,18.424599,17.958839,18.120361,17.850990,17.850990,17.670921,17.779015,17.526596,18.353111,17.670921,17.706970,18.245766,17.400101,17.958839,17.904930,17.742996,17.634865,17.634865,17.652901,17.019493,17.255310,17.291534,17.598785,17.382019,17.472412,16.874062,17.164696,16.910439,17.073982,16.892258,16.837654,16.143143,16.271500,15.590912,15.775375,15.387550,15.016617,14.569450,14.756035,14.326302,13.762703,13.781540,13.819221,13.366112,13.649567,13.611824,13.422867,13.403954,13.479599,13.574066,13.592949,13.517403,13.630692,13.762703,13.290382,13.271439,13.422867,13.062805,13.385033,13.950951,12.948814,13.366112,13.725006,13.819221,13.062805,13.385033,13.233543,13.290382,13.214584,13.119759,13.157700,13.441788,13.271439,13.498497,13.119759,13.743858,13.024826,12.834679,13.233543,12.853714,13.119759,13.100769,13.290382,13.328255,13.081795,13.024826,13.252487,13.062805,13.138725,13.271439,13.100769,12.739456,13.574066,13.233543,12.967819,13.195625,13.366112,13.460693,13.043808,13.743858,13.574066,13.138725,13.309326,13.743858,13.630692,13.290382,13.062805,12.948814,13.555183,13.252487,13.290382,13.081795,13.233543,12.663208,13.024826,12.663208,13.214584,12.663208,12.376740,12.948814,12.720398,12.853714,12.910774,13.119759,12.739456,13.422867,13.157700,12.720398,12.796600,13.081795,13.062805,13.005829,13.460693,13.043808,13.252487,13.233543,13.441788,13.100769,13.100769,12.910774,13.347183,12.948814,12.853714,13.195625,13.403954,12.948814,13.366112,13.081795,13.138725,13.252487,13.290382,13.062805,13.233543,13.005829,12.872734,12.720398,12.758507,12.758507,12.986824,13.062805,12.948814,13.441788,13.347183,12.777557,13.005829,12.453224,12.986824,12.853714,13.100769,12.910774,13.252487,12.567825,12.853714,12.796600,13.233543,12.853714,13.062805,13.138725,12.701340,13.157700,12.701340,12.929794,13.043808,12.453224,12.472336,13.271439,13.081795,12.682281,12.414986,12.891754,12.796600,12.548721,12.929794,13.081795,12.625069,12.796600,12.967819,13.100769,12.853714,13.517403,13.119759,14.044937,13.819221,13.403954,14.101280,14.063721,14.662788,15.294960,15.146614,15.369041,15.294960,14.979439,15.202286,15.369041,14.886414,15.183723,14.923637,15.609375,15.202286,15.461563,15.053780,15.109489,14.960838,15.183723,15.867470,15.090919,15.090919,15.756950,15.996223,15.276436,15.720085,15.701637,15.977844,15.683197,16.032974,15.996223,16.106438,15.701637,16.143143,15.922668,16.088081,16.253181,16.381371,16.509377,16.106438,16.454536,16.179840,15.959457,16.545914,16.417961,17.055817,16.582436,16.600693,17.291534,16.892258,16.964989,16.363075,17.092117,16.801247,17.164696,16.363075,17.128418,16.819458,16.801247,16.819458,16.491104,16.655434,16.527649,17.073982,16.655434,17.055817,16.454536,17.742996,16.983162,16.819458,16.051353,16.928627,16.637184,16.764816,16.655434,16.308144,15.922668,16.179840,15.627831,15.609375,14.867805,15.257896,15.165176,15.053780,14.923637,14.363747,14.307571,14.307571,14.195114,14.438606,13.743858,13.819221,13.913338,13.460693,14.382469,13.687294,13.819221,13.950951,13.856880,14.082504,14.662788,14.120049,13.743858,13.725006,13.536285,13.649567,14.101280,13.668427,13.252487,13.498497,13.913338,13.894524,13.743858,13.441788,13.555183,14.195114,13.441788,13.668427,13.309326,13.649567,13.800392,13.536285,13.347183,13.574066,13.498497,13.838051,13.195625,13.460693,13.592949,13.081795,13.743858,13.347183,12.872734,13.479599,12.529640,12.395866,12.605988,
11.570000,12.586906,12.472336,12.185280,12.185280,11.666397,12.605988,12.089409,11.878136,12.510529,11.801193,12.166107,11.935799,12.319344,12.089409,12.108589,11.724190,12.434105,12.031822,12.338478,12.127769,11.724190,11.743454,11.839676,12.108589,11.627853,12.031822,11.724190,11.878136,11.647133,12.166107,11.589287,11.916588,12.127769,11.685669,11.897362,11.935799,12.089409,11.993431,11.666397,12.376740,11.820435,11.974228,12.548721,12.338478,12.242760,12.242760,12.281059,12.300209,12.108589,12.414986,12.012634,12.319344,12.472336,12.414986,11.781952,12.395866,12.548721,12.567825,11.299568,12.414986,12.663208,11.916588,12.070213,12.434105,12.395866,12.414986,11.916588,12.146942,11.935799,11.858910,12.567825,12.108589,12.108589,12.338478,11.415558,12.625069,12.012634,11.878136,11.589287,11.685669,11.762703,11.974228,11.993431,12.166107,12.127769,12.453224,12.261917,12.051033,12.434105,11.955025,12.089409,12.261917,12.625069,12.204445,12.815643,12.376740,12.929794,12.031822,12.395866,12.376740,12.472336,12.223610,12.185280,11.666397,12.701340,12.567825,12.815643,12.510529,12.127769,13.005829,12.701340,12.682281,11.858910,12.031822,12.357613,12.663208,12.967819,12.453224,12.510529,12.605988,12.434105,12.261917,12.567825,12.146942,12.529640,11.801193,12.567825,12.395866,12.204445,12.929794,12.491440,12.739456,12.108589,12.434105,12.853714,12.815643,12.720398,12.605988,12.872734,12.948814,12.853714,12.891754,12.644142,12.929794,12.872734,13.252487,12.510529,13.062805,12.720398,12.986824,13.062805,12.967819,12.853714,13.366112,13.081795,12.853714,12.796600,12.967819,13.271439,12.644142,13.460693,13.195625,13.969765,13.706154,13.856880,14.157593,14.213860,14.681450,14.867805,15.257896,15.350533,15.220818,16.032974,16.472824,15.793800,16.014603,16.014603,16.051353,16.216530,16.124794,16.216530,16.491104,16.014603,16.618950,16.234848,16.417961,16.509377,16.600693,16.454536,16.600693,16.399666,17.146553,16.436256,16.417961,16.801247,17.001335,17.019493,16.819458,16.545914,17.128418,17.418190,17.092117,17.128418,17.815002,17.797005,17.237198,17.742996,17.922905,17.868965,17.454338,17.940880,18.227867,17.940880,18.156204,18.388855,18.299454,18.674309,18.192039,18.281563,18.192039,18.263664,18.460312,18.442459,18.549545,17.742996,18.353111,18.549545,18.317345,18.406731,18.442459,18.138290,18.030663,18.281563,17.994759,17.994759,18.156204,17.976807,18.012718,18.388855,18.192039,18.656494,18.245766,18.317345,18.549545,18.066551,18.174133,18.745514,18.209953,18.370995,18.674309,18.281563,18.727722,17.940880,18.335236,18.084496,18.120361,18.496017,18.478165,18.335236,18.120361,18.603035,18.263664,18.174133,18.513863,18.478165,18.084496,18.388855,18.656494,18.138290,18.478165,18.353111,18.531708,18.531708,19.224541,18.638680,18.120361,18.478165,18.245766,18.066551,18.263664,18.192039,18.084496,18.370995,17.904930,18.370995,17.886955,18.102425,17.940880,18.192039,18.066551,18.084496,17.976807,17.670921,18.102425,18.120361,18.478165,17.976807,18.317345,17.544655,17.688942,18.030663,18.674309,18.102425,17.850990,17.724983,18.030663,17.652901,17.922905,17.688942,17.724983,17.454338,17.868965,17.544655,17.544655,17.363930,17.526596,17.255310,17.291534,17.073982,17.219078,17.055817,17.273430,17.309639,17.164696,17.182823,16.910439,16.764816,16.618950,16.582436,16.014603,16.381371,16.032974,15.202286,14.849190,14.886414,14.998024,14.401184,14.044937,13.875710,13.668427,13.138725,13.630692,13.328255,13.309326,13.498497,13.403954,13.403954,13.517403,13.668427,13.328255,13.328255,13.743858,13.119759,12.872734,13.005829,13.687294,13.517403,13.176659,13.309326,12.682281,13.252487,12.967819,12.967819,12.929794,13.385033,13.347183,13.422867,12.682281,12.872734,13.366112,13.536285,13.024826,13.233543,13.630692,12.986824,12.967819,13.233543,12.777557,13.195625,12.948814,13.157700,12.472336,13.043808,13.100769,13.233543,13.157700,12.948814,13.403954,13.328255,13.233543,13.062805,13.422867,12.796600,13.100769,13.081795,13.309326,12.967819,13.460693,13.422867,13.347183,12.948814,13.100769,13.309326,13.233543,13.366112,13.328255,13.024826,13.119759,12.758507,12.777557,13.630692,13.024826,12.910774,12.986824,12.510529,12.910774,12.491440,12.872734,12.682281,12.529640,12.967819,12.948814,13.081795,12.815643,12.758507,13.081795,13.100769,12.910774,13.081795,12.891754,12.586906,12.625069,12.815643,13.441788,13.081795,12.891754,12.834679,13.138725,12.548721,12.948814,12.739456,13.328255,12.891754,13.081795,13.024826,13.290382,12.777557,13.366112,12.720398,12.891754,12.701340,13.195625,12.644142,12.453224,12.967819,13.081795,13.290382,12.682281,12.395866,12.682281,12.376740,12.853714,12.967819,12.929794,12.319344,12.338478,12.395866,12.127769,12.281059,12.701340,12.434105,12.853714,13.043808,12.682281,12.948814,12.472336,12.529640,13.100769,12.434105,12.663208,12.605988,12.910774,12.625069,12.625069,12.720398,12.491440,12.300209,12.338478,12.300209,12.472336,12.567825,12.472336,12.701340,12.739456,12.605988,13.119759,13.138725,13.385033,13.403954,13.271439,13.762703,14.382469,14.494698,14.438606,14.232613,14.138817,14.662788,14.886414,14.923637,15.424561,14.942238,15.239365,14.793312,15.517014,15.257896,14.942238,15.239365,15.016617,14.419891,15.553970,15.332008,14.942238,15.183723,15.424561,15.867470,14.942238,15.609375,15.812218,15.867470,16.234848,15.387550,15.922668,15.977844,16.491104,15.720085,16.326462,15.922668,15.646294,16.509377,15.849052,16.564171,16.363075,16.179840,16.983162,16.527649,16.344765,16.600693,16.234848,16.271500,16.910439,16.801247,17.073982,16.527649,16.673668,16.527649,16.928627,16.855865,17.598785,16.436256,16.472824,16.014603,16.564171,16.088081,16.198189,16.253181,16.253181,16.253181,16.472824,16.198189,16.032974,16.618950,16.289825,16.198189,16.837654,16.088081,16.271500,16.216530,16.216530,16.179840,15.627831,15.202286,14.998024,14.942238,15.257896,14.998024,15.183723,13.988556,14.979439,14.326302,14.026146,13.800392,13.706154,14.120049,13.422867,13.932144,13.762703,13.894524,13.479599,14.644127,14.082504,13.762703,13.460693,14.345024,13.668427,13.214584,13.725006,13.479599,13.630692,13.630692,12.986824,13.838051,13.043808,13.498497,13.252487,13.233543,13.555183,13.328255,13.574066,12.910774,13.725006,13.005829,13.555183,13.838051,13.252487,13.214584,13.574066,12.948814,13.233543,13.592949,13.517403,13.611824,13.271439,13.138725,12.853714,12.281059,12.625069,12.948814,12.605988,12.051033,
