Version,1.00
Width,640
Height,512
MethaneSensorData,
GPS Latitude,47° 55' 8.60" N
GPS Longitude,97° 4' 24.24" W
GPS Altitude,200.126007 m
GPS Heading,293.880005°
7.595413,7.507469,7.648148,7.700855,7.999016,8.208961,8.226437,8.104042,7.823730,7.665718,7.489868,7.542656,7.542656,7.472267,7.331345,7.384212,7.454662,7.472267,7.612995,7.612995,7.648148,7.683289,7.718422,7.665718,7.577831,7.630577,7.542656,7.419441,7.577831,7.665718,7.665718,7.683289,7.700855,7.735977,7.911411,8.016525,7.753536,7.771088,7.806187,7.735977,7.718422,7.683289,7.753536,8.034035,8.401035,8.627563,8.488220,8.418476,7.911411,7.788635,7.928940,7.876347,7.928940,7.946465,7.963982,8.156513,8.034035,7.893879,8.174004,8.174004,8.086544,8.139027,8.069046,8.086544,8.034035,8.086544,8.156513,8.208961,8.139027,8.121536,8.208961,8.313774,8.313774,8.296310,8.453358,8.401035,8.331230,8.313774,8.243912,8.104042,8.069046,7.999016,8.086544,8.243912,8.679768,8.766716,8.836220,8.679768,8.714558,8.610161,8.679768,8.610161,8.610161,8.644970,8.784096,8.766716,8.679768,8.540497,8.540497,8.679768,8.592743,8.610161,8.644970,8.540497,8.714558,8.697163,8.644970,8.610161,8.644970,8.627563,8.679768,8.644970,8.592743,8.575333,8.488220,8.435913,8.383591,8.261383,8.366138,8.366138,8.348686,8.174004,8.191483,8.139027,8.261383,8.191483,8.470791,8.139027,8.191483,8.069046,8.016525,8.016525,7.999016,7.946465,7.981499,8.348686,8.627563,8.662369,8.714558,8.243912,7.963982,8.034035,8.139027,8.034035,7.876347,7.946465,7.876347,7.893879,7.806187,7.911411,7.911411,7.946465,7.911411,7.893879,7.928940,7.823730,8.139027,8.644970,8.766716,8.557915,8.208961,8.261383,8.156513,8.139027,8.139027,8.191483,8.243912,8.261383,8.243912,8.208961,8.331230,8.296310,8.331230,8.453358,8.453358,8.470791,8.557915,8.540497,8.523075,8.453358,8.453358,8.383591,8.418476,8.401035,8.557915,8.505650,8.540497,8.488220,8.592743,8.557915,8.575333,8.644970,8.505650,8.470791,8.331230,8.348686,8.523075,8.870953,9.131081,9.148392,8.697163,8.191483,8.208961,8.139027,8.069046,8.034035,8.174004,8.226437,8.226437,8.348686,8.156513,8.261383,8.278851,8.418476,8.383591,8.470791,8.348686,8.383591,8.731949,8.836220,9.009773,8.853588,8.679768,8.644970,8.766716,8.836220,8.905678,8.992432,8.905678,8.957737,8.975086,8.836220,8.836220,8.957737,9.027115,9.027115,9.096436,8.957737,8.975086,8.992432,8.957737,8.992432,8.905678,8.940388,8.905678,9.027115,8.940388,8.853588,8.975086,8.940388,9.061775,9.113758,9.096436,8.940388,8.766716,8.697163,8.714558,8.610161,8.592743,8.610161,8.662369,8.766716,8.714558,8.627563,8.540497,8.540497,8.453358,8.435913,8.435913,8.435913,8.401035,8.348686,8.366138,8.278851,8.331230,8.383591,8.348686,8.418476,8.401035,8.366138,8.470791,8.488220,8.557915,8.627563,8.610161,8.575333,8.505650,8.470791,8.313774,8.296310,8.435913,8.731949,8.905678,9.009773,9.027115,8.697163,8.366138,8.104042,8.156513,8.226437,8.208961,8.156513,8.121536,8.104042,8.156513,8.156513,8.156513,8.086544,8.016525,8.208961,8.069046,7.928940,7.946465,7.963982,7.946465,7.963982,7.946465,7.981499,7.911411,7.911411,7.823730,7.806187,7.876347,7.893879,7.841270,7.858810,7.858810,7.858810,7.858810,7.735977,7.735977,7.806187,7.806187,7.999016,8.086544,8.139027,7.946465,7.683289,7.718422,7.560242,7.577831,7.612995,7.542656,7.454662,7.507469,7.454662,7.419441,7.331345,7.101940,6.836617,6.588379,6.606125,6.446259,6.446259,6.268349,6.214916,6.125797,5.983063,5.965206,5.875885,5.893753,5.804367,5.643291,5.517838,5.284477,4.996559,4.852314,4.671738,4.472755,4.418427,4.327812,4.164528,4.200836,4.182686,4.019184,3.946442,4.001003,3.928246,3.910049,3.946442,3.928246,3.837234,3.855442,3.855442,3.800804,3.873646,3.800804,3.855442,3.855442,3.782589,3.855442,3.782589,3.727913,3.709686,3.691456,3.709686,3.691456,3.746143,3.618496,3.618496,3.600243,3.527222,3.472427,3.490696,3.490696,3.435883,3.417606,3.381042,3.362751,3.252968,3.216351,3.271278,3.289577,3.271278,3.271278,3.161407,3.106426,3.088097,3.033081,2.978043,3.069763,2.959694,3.033081,2.959694,2.978043,2.904617,2.922981,2.922981,2.831142,2.794388,2.831142,2.720840,2.831142,2.739227,2.665649,2.555180,2.610428,2.610428,2.555180,2.536758,2.555180,2.518333,2.444607,2.389282,2.315472,2.370834,2.167706,2.260078,2.315472,2.223137,2.130730,2.204666,2.260078,2.112244,2.112244,2.038250,2.056755,2.001236,1.964214,1.871597,1.927174,1.834530,1.815990,1.797447,1.760357,1.871597,1.704700,1.667576,1.686142,1.723259,1.723259,1.667576,1.630447,1.686142,1.630447,1.593300,1.630447,1.686142,1.518974,1.649017,1.481796,1.500385,1.481796,1.537560,1.425999,1.463196,1.481796,1.463196,1.444603,1.481796,1.556145,1.407394,1.407394,1.388790,1.295708,1.351563,1.277081,1.388790,1.370178,1.370178,1.332954,1.388790,1.425999,1.388790,1.295708,1.351563,1.295708,1.295708,1.314331,1.332954,1.351563,1.314331,1.332954,1.295708,1.388790,1.277081,1.407394,1.295708,1.314331,1.295708,1.407394,1.277081,1.314331,1.332954,1.351563,1.314331,1.258457,1.239826,1.332954,1.295708,1.239826,1.314331,1.295708,1.258457,1.370178,1.314331,1.332954,1.258457,1.314331,1.258457,1.351563,1.221191,1.314331,1.332954,1.370178,1.388790,1.277081,1.277081,1.295708,1.239826,1.258457,1.239826,1.258457,1.332954,1.202553,1.314331,1.258457,1.314331,1.277081,1.314331,1.351563,1.332954,1.314331,1.370178,1.165268,1.258457,1.295708,1.221191,1.295708,1.221191,1.314331,1.295708,1.295708,1.295708,1.258457,1.370178,1.295708,1.239826,1.183914,1.202553,1.146622,1.090672,0.941319,0.660774,0.567112,0.454613,0.360783,0.210506,0.210506,0.078846,-0.034115,-0.090641,-0.052956,-0.260368,-0.147186,-0.184906,-0.241501,-0.373657,-0.354774,-0.354774,-0.411446,-0.430344,-0.411446,-0.373657,-0.354774,-0.373657,-0.373657,-0.468147,-0.392548,-0.354774,-0.392548,-0.354774,-0.392548,-0.449242,-0.505962,-0.392548,-0.279243,-0.260368,-0.109489,-0.184906,-0.090641,-0.316998,-0.392548,-0.468147,-0.449242,-0.657349,-0.600559,-0.695229,-0.600559,-0.543793,-0.733116,-0.714169,-0.695229,-0.600559,-0.714169,-0.676285,-0.714169,-0.695229,-0.676285,-0.600559,
7.999016,7.753536,7.823730,7.806187,8.104042,8.243912,8.383591,8.348686,8.226437,7.981499,7.876347,7.858810,7.806187,7.858810,7.806187,7.858810,7.806187,7.841270,7.771088,7.981499,7.911411,7.928940,7.630577,7.753536,7.771088,7.735977,7.683289,7.683289,7.577831,7.595413,7.683289,7.665718,7.788635,7.788635,7.753536,7.806187,7.718422,7.718422,7.683289,7.612995,7.700855,7.665718,7.735977,7.806187,8.296310,8.575333,8.627563,8.366138,8.121536,7.753536,7.823730,7.700855,7.893879,7.788635,7.841270,7.841270,7.858810,7.876347,7.946465,7.876347,7.806187,7.928940,7.823730,7.806187,7.876347,7.893879,7.963982,7.806187,7.893879,7.858810,7.946465,8.034035,7.999016,7.876347,7.928940,7.876347,7.999016,7.999016,7.841270,7.841270,7.858810,7.806187,7.858810,8.016525,8.592743,8.714558,8.940388,8.592743,8.191483,8.156513,8.208961,8.208961,8.156513,8.261383,8.348686,8.383591,8.575333,8.557915,8.523075,8.523075,8.557915,8.488220,8.610161,8.575333,8.731949,8.697163,8.731949,8.714558,8.697163,8.697163,8.644970,8.784096,8.749332,8.836220,8.697163,8.644970,8.714558,8.610161,8.644970,8.540497,8.679768,8.557915,8.435913,8.488220,8.557915,8.662369,8.714558,8.697163,8.540497,8.435913,8.523075,8.470791,8.348686,8.261383,8.488220,8.610161,8.662369,8.662369,8.644970,8.540497,8.523075,8.435913,8.383591,8.313774,8.261383,8.208961,8.121536,8.069046,8.104042,8.139027,8.174004,8.139027,8.191483,8.226437,8.016525,7.928940,8.156513,8.679768,8.731949,8.731949,8.383591,8.505650,8.401035,8.366138,8.383591,8.505650,8.418476,8.453358,8.435913,8.540497,8.505650,8.627563,8.540497,8.575333,8.697163,8.731949,8.766716,8.679768,8.505650,8.435913,8.488220,8.505650,8.662369,8.575333,8.592743,8.557915,8.470791,8.523075,8.540497,8.435913,8.557915,8.488220,8.488220,8.435913,8.348686,8.296310,8.296310,8.749332,8.992432,9.148392,8.801476,8.208961,8.069046,8.034035,8.121536,8.034035,8.051544,8.069046,8.208961,8.226437,8.278851,8.174004,8.174004,8.278851,8.296310,8.313774,8.366138,8.366138,8.453358,8.853588,8.888317,8.784096,8.401035,8.383591,8.418476,8.435913,8.488220,8.435913,8.470791,8.401035,8.523075,8.557915,8.540497,8.540497,8.540497,8.610161,8.505650,8.662369,8.801476,8.766716,8.749332,8.888317,8.923035,8.992432,9.044441,9.027115,9.009773,8.888317,9.044441,8.992432,9.027115,9.044441,9.113758,9.096436,8.992432,8.975086,8.853588,8.923035,8.940388,8.905678,9.027115,9.044441,9.061775,8.957737,8.870953,8.784096,8.731949,8.801476,8.801476,8.644970,8.731949,8.610161,8.557915,8.470791,8.488220,8.505650,8.610161,8.662369,8.505650,8.383591,8.401035,8.435913,8.575333,8.523075,8.505650,8.505650,8.401035,8.435913,8.383591,8.470791,8.540497,8.557915,8.975086,8.957737,9.061775,8.714558,8.418476,8.261383,8.174004,8.104042,8.156513,8.139027,8.139027,8.174004,8.121536,8.104042,7.999016,8.034035,8.034035,8.016525,8.034035,8.034035,7.911411,7.946465,7.876347,7.876347,7.963982,7.858810,7.946465,7.858810,7.823730,7.858810,7.911411,7.893879,7.806187,7.858810,7.771088,7.806187,7.753536,7.788635,7.683289,7.735977,7.683289,7.823730,8.069046,8.208961,7.858810,7.700855,7.648148,7.630577,7.560242,7.542656,7.542656,7.472267,7.437057,7.472267,7.489868,7.401833,7.348972,7.313717,7.137272,6.942829,6.694839,6.765751,6.535103,6.428486,6.357342,6.179276,6.250534,5.983063,6.018761,6.018761,5.947346,5.822250,5.822250,5.661201,5.517838,5.158604,4.960514,4.852314,4.671738,4.563248,4.382195,4.273415,4.309685,4.128212,4.110050,4.037365,3.964630,3.964630,3.928246,3.946442,3.873646,3.928246,3.837234,3.928246,3.837234,3.837234,3.891846,3.873646,3.819023,3.873646,3.837234,3.782589,3.837234,3.782589,3.782589,3.837234,3.764370,3.746143,3.691456,3.727913,3.673222,3.654976,3.490696,3.472427,3.527222,3.435883,3.362751,3.289577,3.381042,3.344467,3.381042,3.216351,3.289577,3.289577,3.179726,3.216351,3.106426,3.179726,3.198040,3.106426,3.106426,3.051422,3.124756,3.069763,2.941338,2.996395,2.978043,2.867886,2.812759,2.849514,2.739227,2.922981,2.922981,2.831142,2.794388,2.776005,2.739227,2.555180,2.592014,2.573601,2.481476,2.573601,2.499908,2.444607,2.407722,2.407722,2.352383,2.297012,2.223137,2.241611,2.167706,2.130730,2.186188,2.130730,2.130730,2.056755,2.130730,2.056755,2.038250,2.019749,1.945694,1.945694,1.871597,1.890129,1.853065,1.723259,1.871597,1.778908,1.778908,1.667576,1.649017,1.723259,1.704700,1.778908,1.686142,1.649017,1.649017,1.556145,1.593300,1.630447,1.500385,1.481796,1.630447,1.500385,1.481796,1.556145,1.481796,1.518974,1.388790,1.425999,1.518974,1.463196,1.314331,1.332954,1.370178,1.388790,1.314331,1.388790,1.295708,1.370178,1.407394,1.295708,1.444603,1.314331,1.314331,1.388790,1.425999,1.258457,1.277081,1.332954,1.388790,1.258457,1.314331,1.258457,1.388790,1.314331,1.221191,1.351563,1.295708,1.370178,1.277081,1.370178,1.295708,1.295708,1.295708,1.295708,1.314331,1.277081,1.407394,1.295708,1.351563,1.314331,1.295708,1.239826,1.407394,1.332954,1.258457,1.295708,1.351563,1.277081,1.258457,1.332954,1.258457,1.351563,1.332954,1.277081,1.258457,1.239826,1.239826,1.221191,1.295708,1.221191,1.295708,1.277081,1.332954,1.295708,1.314331,1.277081,1.332954,1.388790,1.332954,1.258457,1.127975,1.221191,1.239826,1.481796,1.239826,1.295708,1.277081,1.221191,1.277081,1.295708,1.221191,1.239826,1.202553,1.277081,1.332954,1.332954,1.277081,1.165268,1.295708,1.239826,1.146622,0.829178,0.604584,0.492126,0.398327,0.323231,0.097664,0.041203,0.022377,0.003551,-0.052956,-0.147186,-0.166042,-0.241501,-0.298119,-0.298119,-0.354774,-0.354774,-0.373657,-0.373657,-0.354774,-0.411446,-0.430344,-0.335884,-0.354774,-0.335884,-0.279243,-0.354774,-0.430344,-0.430344,-0.392548,-0.411446,-0.430344,-0.166042,0.116478,-0.090641,-0.090641,-0.222633,-0.166042,-0.392548,-0.600559,-0.695229,-0.771019,-0.714169,-0.676285,-0.562710,-0.657349,-0.771019,-0.638416,-0.789970,-0.676285,-0.846855,-0.695229,-0.676285,-0.714169,-0.581635,
8.104042,8.104042,8.069046,8.104042,8.139027,8.226437,8.313774,8.296310,8.278851,8.261383,8.261383,8.366138,8.401035,8.156513,8.366138,8.366138,8.383591,8.331230,8.331230,8.296310,8.243912,8.296310,8.261383,8.243912,8.243912,8.156513,8.121536,8.069046,8.139027,8.139027,8.139027,8.104042,8.104042,8.086544,8.086544,7.928940,8.034035,7.981499,7.928940,7.928940,7.911411,7.876347,7.893879,7.911411,8.208961,8.523075,8.592743,8.470791,8.208961,7.911411,7.893879,7.788635,7.841270,7.858810,7.858810,7.753536,7.893879,7.858810,7.928940,7.911411,7.806187,7.876347,7.858810,7.841270,7.893879,7.981499,7.928940,7.806187,7.806187,7.858810,7.841270,7.928940,7.999016,7.893879,7.946465,7.841270,7.753536,7.823730,7.858810,7.823730,7.718422,7.700855,7.893879,7.893879,8.226437,8.644970,8.870953,8.523075,8.174004,7.876347,7.999016,7.981499,8.034035,8.016525,8.121536,7.999016,8.104042,8.086544,8.139027,8.069046,8.104042,8.069046,8.139027,8.139027,8.261383,8.261383,8.296310,8.278851,8.243912,8.226437,8.278851,8.296310,8.261383,8.296310,8.435913,8.540497,8.401035,8.401035,8.435913,8.348686,8.470791,8.453358,8.418476,8.523075,8.575333,8.749332,8.836220,8.888317,8.784096,8.662369,8.679768,8.644970,8.644970,8.610161,8.644970,8.679768,8.697163,8.644970,8.714558,8.592743,8.610161,8.627563,8.592743,8.662369,8.401035,8.592743,8.505650,8.679768,8.505650,8.592743,8.557915,8.505650,8.523075,8.505650,8.383591,8.435913,8.470791,8.801476,8.836220,8.766716,8.714558,8.853588,8.784096,8.714558,8.836220,8.836220,8.853588,8.853588,9.009773,8.975086,9.027115,9.009773,9.044441,9.044441,9.113758,9.234943,9.131081,8.923035,8.923035,8.888317,8.784096,8.836220,8.923035,8.888317,8.888317,8.870953,8.818848,8.766716,8.818848,8.836220,8.766716,8.662369,8.697163,8.575333,8.453358,8.401035,8.523075,8.870953,8.992432,9.200333,8.905678,8.435913,8.104042,8.156513,8.069046,8.034035,8.139027,8.208961,8.191483,8.331230,8.313774,8.261383,8.435913,8.348686,8.261383,8.208961,8.278851,8.243912,8.401035,8.836220,8.853588,8.836220,8.505650,8.435913,8.401035,8.488220,8.575333,8.470791,8.383591,8.208961,8.383591,8.296310,8.208961,8.226437,8.348686,8.296310,8.174004,8.278851,8.383591,8.313774,8.313774,8.348686,8.575333,8.697163,8.801476,8.818848,8.905678,9.027115,9.061775,8.870953,9.009773,9.044441,8.975086,8.923035,8.749332,8.836220,8.818848,8.749332,8.836220,8.888317,9.061775,9.044441,9.009773,8.836220,8.905678,8.836220,8.714558,8.731949,8.731949,8.714558,8.697163,8.697163,8.679768,8.644970,8.644970,8.731949,8.697163,8.853588,8.749332,8.714558,8.784096,8.836220,8.957737,8.940388,8.870953,8.784096,8.731949,8.749332,8.731949,8.697163,8.784096,8.818848,8.975086,8.905678,9.061775,8.697163,8.453358,8.383591,8.313774,8.435913,8.296310,8.383591,8.418476,8.435913,8.401035,8.313774,8.348686,8.261383,8.296310,8.366138,8.366138,8.243912,8.243912,8.139027,8.156513,8.139027,8.086544,8.086544,8.069046,8.121536,8.104042,8.104042,8.104042,7.946465,8.016525,7.876347,7.823730,7.735977,7.753536,7.753536,7.735977,7.841270,7.718422,7.876347,8.366138,8.261383,8.034035,7.683289,7.612995,7.560242,7.595413,7.560242,7.577831,7.437057,7.525059,7.525059,7.525059,7.489868,7.401833,7.401833,7.384212,7.260815,7.172585,7.066605,6.907440,6.730297,6.464035,6.286148,6.357342,6.214916,6.125797,6.125797,6.054455,5.965206,5.965206,5.875885,5.911625,5.822250,5.589546,5.499908,5.212570,4.924461,4.725941,4.635590,4.508957,4.327812,4.309685,4.291550,4.146374,4.128212,4.110050,3.964630,3.964630,3.982819,3.964630,3.910049,3.910049,3.891846,3.855442,3.837234,3.891846,3.837234,3.800804,4.001003,3.782589,3.910049,3.855442,3.782589,3.782589,3.727913,3.764370,3.782589,3.618496,3.691456,3.600243,3.673222,3.581997,3.563744,3.508965,3.545483,3.454159,3.472427,3.417606,3.289577,3.289577,3.344467,3.307877,3.252968,3.252968,3.234665,3.179726,3.198040,3.179726,3.069763,3.051422,3.106426,3.069763,3.069763,3.033081,2.996395,2.904617,2.922981,2.886253,2.904617,2.867886,2.831142,2.776005,2.739227,2.739227,2.647240,2.702442,2.592014,2.610428,2.592014,2.518333,2.481476,2.352383,2.463043,2.370834,2.352383,2.352383,2.463043,2.389282,2.241611,2.315472,2.186188,2.241611,2.186188,2.130730,2.056755,2.130730,2.001236,2.038250,2.001236,2.001236,1.927174,1.927174,1.908653,1.815990,1.853065,1.797447,1.760357,1.778908,1.723259,1.797447,1.797447,1.723259,1.741806,1.723259,1.649017,1.630447,1.649017,1.593300,1.481796,1.611877,1.500385,1.518974,1.556145,1.500385,1.444603,1.463196,1.500385,1.444603,1.370178,1.444603,1.444603,1.463196,1.370178,1.407394,1.425999,1.314331,1.332954,1.332954,1.332954,1.370178,1.388790,1.314331,1.258457,1.444603,1.407394,1.332954,1.295708,1.351563,1.332954,1.481796,1.332954,1.332954,1.295708,1.295708,1.351563,1.370178,1.332954,1.407394,1.407394,1.258457,1.370178,1.314331,1.370178,1.295708,1.388790,1.407394,1.370178,1.351563,1.351563,1.332954,1.295708,1.258457,1.314331,1.314331,1.314331,1.351563,1.295708,1.351563,1.295708,1.277081,1.295708,1.351563,1.239826,1.221191,1.202553,1.314331,1.202553,1.202553,1.202553,1.258457,1.258457,1.239826,1.146622,1.221191,1.351563,1.221191,1.127975,1.277081,1.239826,1.277081,1.239826,1.258457,1.277081,1.295708,1.239826,1.295708,1.258457,1.221191,1.332954,1.258457,1.332954,1.258457,1.332954,1.295708,1.221191,1.314331,1.202553,1.332954,1.277081,1.277081,1.016018,1.127975,0.903954,0.791779,0.398327,0.435852,0.304451,0.266880,0.097664,0.078846,0.060024,-0.052956,-0.147186,-0.184906,-0.241501,-0.222633,-0.279243,-0.279243,-0.392548,-0.335884,-0.316998,-0.335884,-0.241501,-0.298119,-0.222633,-0.392548,-0.373657,-0.411446,-0.392548,-0.373657,-0.316998,-0.260368,-0.015282,0.379555,0.172905,0.022377,-0.128338,-0.354774,-0.449242,-0.524879,-0.695229,-0.695229,-0.619488,-0.657349,-0.619488,-0.695229,-0.695229,-0.714169,-0.733116,-0.676285,-0.619488,-0.733116,-0.752068,-0.638416,-0.600559,
7.788635,7.771088,7.753536,7.823730,7.858810,7.788635,7.963982,8.104042,7.999016,8.051544,8.034035,8.086544,8.139027,8.174004,8.208961,8.191483,8.331230,8.313774,8.261383,8.313774,8.243912,8.296310,8.348686,8.435913,8.313774,8.278851,8.191483,8.278851,8.401035,8.313774,8.453358,8.523075,8.557915,8.435913,8.261383,8.366138,8.366138,8.313774,8.383591,8.278851,8.226437,8.226437,8.016525,8.174004,8.313774,8.453358,8.488220,8.505650,8.296310,8.086544,8.139027,8.104042,7.999016,7.999016,7.946465,7.858810,7.876347,7.999016,7.928940,7.963982,7.876347,7.928940,7.963982,7.911411,8.069046,7.911411,7.876347,7.981499,7.911411,7.823730,7.858810,7.893879,7.841270,7.823730,7.876347,8.016525,7.876347,7.999016,7.946465,7.771088,7.753536,7.700855,7.911411,7.806187,8.104042,8.557915,8.870953,8.784096,8.261383,7.963982,8.016525,7.946465,7.928940,7.963982,8.051544,8.104042,8.121536,7.981499,7.928940,7.999016,7.893879,7.981499,7.963982,7.963982,8.104042,8.051544,7.911411,7.841270,7.858810,7.806187,7.911411,8.086544,8.104042,8.104042,8.016525,7.981499,7.999016,7.946465,7.946465,8.016525,7.999016,7.928940,7.858810,7.999016,8.121536,8.453358,8.784096,8.766716,8.679768,8.366138,8.191483,8.208961,8.313774,8.313774,8.278851,8.261383,8.278851,8.243912,8.278851,8.313774,8.296310,8.208961,8.261383,8.331230,8.174004,8.435913,8.331230,8.348686,8.296310,8.383591,8.453358,8.488220,8.575333,8.226437,8.401035,8.383591,8.470791,8.557915,8.505650,8.488220,8.575333,8.662369,8.714558,8.662369,8.749332,8.766716,8.870953,9.027115,9.217640,9.286831,9.183022,9.183022,9.321407,9.373260,9.425079,9.459610,9.407806,9.355976,9.321407,9.304119,9.390537,9.407806,9.338692,9.407806,9.390537,9.338692,9.252239,9.217640,9.200333,9.079109,9.113758,8.992432,8.975086,8.923035,8.853588,8.610161,8.766716,9.079109,9.200333,9.355976,9.044441,8.540497,8.435913,8.366138,8.313774,8.313774,8.348686,8.243912,8.592743,8.470791,8.540497,8.383591,8.348686,8.313774,8.348686,8.366138,8.383591,8.418476,8.401035,8.853588,9.009773,9.027115,8.992432,8.888317,8.888317,8.992432,8.905678,8.662369,8.348686,8.383591,8.470791,8.401035,8.418476,8.435913,8.383591,8.401035,8.278851,8.226437,8.174004,8.174004,8.208961,8.243912,8.453358,8.401035,8.418476,8.435913,8.575333,8.749332,8.679768,8.575333,8.418476,8.557915,8.505650,8.418476,8.488220,8.296310,8.348686,8.366138,8.523075,8.505650,8.766716,8.888317,8.975086,8.523075,8.261383,8.278851,8.348686,8.208961,8.226437,8.331230,8.313774,8.278851,8.348686,8.243912,8.296310,8.366138,8.453358,8.575333,8.435913,8.470791,8.714558,8.888317,8.975086,9.027115,9.009773,8.870953,8.818848,8.888317,8.801476,8.870953,8.940388,8.957737,8.957737,9.009773,8.905678,8.836220,8.731949,8.679768,8.731949,8.627563,8.731949,8.662369,8.697163,8.697163,8.627563,8.697163,8.662369,8.610161,8.662369,8.644970,8.627563,8.575333,8.610161,8.575333,8.505650,8.453358,8.470791,8.453358,8.366138,8.313774,8.331230,8.383591,8.348686,8.243912,8.278851,8.226437,8.191483,7.981499,8.051544,8.051544,7.946465,7.963982,7.963982,8.051544,8.383591,8.331230,8.156513,7.841270,7.735977,7.665718,7.665718,7.612995,7.612995,7.665718,7.648148,7.648148,7.700855,7.454662,7.489868,7.489868,7.437057,7.437057,7.472267,7.348972,7.296085,7.137272,6.889732,6.659363,6.535103,6.392914,6.392914,6.232731,6.107971,6.179276,6.214916,6.125797,6.036610,6.072296,5.947346,5.929482,5.858009,5.589546,5.464031,5.140610,4.852314,4.653660,4.563248,4.490860,4.400314,4.327812,4.291550,4.200836,4.128212,4.128212,4.001003,3.982819,4.001003,4.037365,3.946442,3.928246,3.819023,3.928246,3.891846,3.873646,3.910049,3.837234,3.873646,3.873646,3.928246,3.746143,3.855442,3.800804,3.819023,3.709686,3.800804,3.636738,3.654976,3.636738,3.545483,3.581997,3.527222,3.545483,3.636738,3.417606,3.399323,3.417606,3.381042,3.362751,3.344467,3.234665,3.271278,3.344467,3.179726,3.271278,3.234665,3.326176,3.106426,3.088097,3.106426,3.051422,2.959694,2.978043,3.088097,2.886253,2.886253,2.886253,2.849514,2.904617,2.831142,2.684044,2.776005,2.739227,2.720840,2.720840,2.628838,2.555180,2.518333,2.499908,2.499908,2.536758,2.463043,2.407722,2.463043,2.370834,2.315472,2.407722,2.278545,2.297012,2.223137,2.186188,2.167706,2.149220,2.019749,2.019749,2.019749,2.001236,1.982727,2.019749,1.908653,1.908653,1.853065,1.853065,1.760357,1.908653,1.760357,1.760357,1.741806,1.723259,1.723259,1.704700,1.723259,1.704700,1.649017,1.574726,1.556145,1.667576,1.574726,1.593300,1.481796,1.481796,1.593300,1.388790,1.463196,1.463196,1.407394,1.500385,1.463196,1.463196,1.425999,1.425999,1.370178,1.388790,1.425999,1.351563,1.332954,1.351563,1.351563,1.332954,1.314331,1.388790,1.388790,1.407394,1.370178,1.351563,1.407394,1.277081,1.332954,1.370178,1.295708,1.370178,1.258457,1.258457,1.351563,1.407394,1.332954,1.370178,1.277081,1.332954,1.444603,1.239826,1.314331,1.370178,1.295708,1.295708,1.332954,1.239826,1.277081,1.295708,1.221191,1.202553,1.314331,1.351563,1.314331,1.277081,1.295708,1.314331,1.295708,1.165268,1.202553,1.202553,1.221191,1.183914,1.239826,1.277081,1.221191,1.388790,1.388790,1.258457,1.258457,1.314331,1.239826,1.221191,1.332954,1.221191,1.277081,1.295708,1.277081,1.202553,1.370178,1.351563,1.202553,1.202553,1.314331,1.351563,1.277081,1.183914,1.183914,1.314331,1.388790,1.332954,1.314331,1.277081,1.295708,1.202553,1.239826,1.407394,1.221191,1.221191,1.072006,0.885265,0.698219,0.548370,0.510876,0.304451,0.172905,0.060024,0.003551,-0.015282,-0.203766,-0.222633,-0.166042,-0.184906,-0.203766,-0.260368,-0.241501,-0.260368,-0.411446,-0.373657,-0.335884,-0.392548,-0.411446,-0.373657,-0.373657,-0.354774,-0.430344,-0.279243,-0.260368,-0.166042,0.248089,0.210506,0.060024,-0.316998,-0.316998,-0.316998,-0.505962,-0.638416,-0.600559,-0.638416,-0.771019,-0.657349,-0.676285,-0.676285,-0.714169,-0.752068,-0.676285,-0.676285,-0.789970,-0.714169,-0.733116,-0.638416,
7.207882,7.366592,7.384212,7.419441,7.419441,7.489868,7.489868,7.700855,7.753536,7.612995,7.612995,7.595413,7.665718,7.648148,7.700855,7.876347,7.876347,7.893879,7.876347,7.893879,7.876347,7.946465,7.806187,7.911411,7.893879,7.788635,7.823730,7.876347,7.893879,8.174004,8.296310,8.488220,8.540497,8.453358,8.313774,8.331230,8.383591,8.296310,8.278851,8.348686,8.348686,8.366138,8.243912,8.366138,8.313774,8.470791,8.488220,8.610161,8.523075,8.383591,8.435913,8.296310,8.401035,8.243912,8.278851,8.174004,8.261383,8.208961,8.278851,8.226437,8.226437,8.174004,8.191483,8.348686,8.366138,8.261383,8.139027,8.104042,8.156513,8.191483,8.278851,8.086544,8.069046,8.034035,8.139027,8.191483,7.999016,8.104042,8.104042,7.999016,7.963982,7.981499,8.016525,8.104042,8.278851,8.714558,8.662369,8.679768,8.366138,8.121536,8.086544,8.139027,8.191483,8.086544,8.139027,8.156513,8.191483,8.139027,8.104042,8.174004,8.104042,8.034035,7.981499,8.069046,8.104042,8.051544,7.981499,8.034035,7.893879,7.946465,8.016525,8.016525,8.051544,8.261383,8.034035,8.069046,7.946465,8.051544,8.069046,7.981499,8.016525,7.963982,8.016525,7.963982,7.999016,8.366138,8.644970,8.801476,8.557915,8.034035,7.823730,7.788635,7.858810,7.893879,7.946465,7.911411,8.104042,7.911411,7.841270,7.876347,7.911411,7.893879,7.963982,7.981499,7.806187,7.841270,7.823730,7.999016,7.999016,8.069046,8.156513,8.174004,8.121536,8.208961,7.999016,8.139027,8.191483,8.313774,8.208961,8.191483,8.226437,8.243912,8.243912,8.278851,8.313774,8.435913,8.592743,8.992432,9.269539,9.252239,9.183022,9.044441,9.096436,9.096436,9.234943,9.321407,9.286831,9.355976,9.373260,9.407806,9.390537,9.425079,9.373260,9.425079,9.355976,9.355976,9.355976,9.217640,9.286831,9.286831,9.165710,9.217640,9.183022,9.217640,9.131081,9.113758,9.027115,9.183022,9.165710,9.183022,9.079109,8.870953,8.818848,8.697163,8.697163,8.714558,8.749332,8.784096,8.853588,9.044441,8.836220,8.836220,8.679768,8.714558,8.714558,8.644970,8.505650,8.714558,8.679768,8.957737,9.044441,9.131081,9.096436,9.217640,9.217640,9.217640,9.113758,8.679768,8.679768,8.610161,8.575333,8.610161,8.610161,8.523075,8.627563,8.610161,8.470791,8.418476,8.401035,8.348686,8.366138,8.331230,8.366138,8.331230,8.366138,8.401035,8.383591,8.418476,8.366138,8.331230,8.278851,8.331230,8.261383,8.226437,8.243912,8.208961,8.226437,8.261383,8.366138,8.470791,8.627563,8.853588,8.731949,8.523075,8.139027,8.139027,7.981499,8.139027,8.016525,8.034035,7.946465,7.928940,8.051544,7.981499,7.981499,8.121536,8.016525,8.104042,8.104042,8.226437,8.243912,8.540497,8.905678,8.905678,8.731949,8.523075,8.592743,8.610161,8.575333,8.557915,8.662369,8.749332,8.731949,8.784096,8.766716,8.801476,8.714558,8.801476,8.853588,8.784096,8.836220,8.923035,8.940388,8.940388,8.940388,8.940388,8.784096,8.905678,8.888317,8.870953,8.888317,8.940388,8.905678,8.905678,8.923035,8.992432,8.905678,8.923035,8.853588,8.731949,8.644970,8.749332,8.731949,8.766716,8.784096,8.644970,8.592743,8.488220,8.488220,8.331230,8.348686,8.191483,8.174004,8.401035,8.418476,8.453358,8.208961,8.121536,7.911411,7.876347,7.841270,7.823730,7.806187,7.788635,7.858810,7.876347,7.841270,7.735977,7.700855,7.683289,7.577831,7.542656,7.612995,7.595413,7.454662,7.437057,7.401833,7.190231,7.119606,6.748028,6.712570,6.588379,6.552864,6.570625,6.517342,6.392914,6.375134,6.286148,6.161457,6.054455,6.072296,5.983063,5.840134,5.750706,5.679108,5.338371,5.140610,4.978535,4.798172,4.599422,4.472755,4.382195,4.436539,4.128212,4.200836,4.146374,4.073711,4.055538,4.001003,3.982819,3.946442,3.946442,3.873646,3.964630,3.855442,3.946442,3.910049,3.855442,3.764370,3.910049,3.928246,3.837234,3.891846,3.764370,3.764370,3.819023,3.819023,3.746143,3.691456,3.691456,3.600243,3.527222,3.600243,3.381042,3.545483,3.381042,3.472427,3.399323,3.362751,3.381042,3.326176,3.362751,3.289577,3.344467,3.344467,3.198040,3.161407,3.198040,3.198040,3.179726,3.033081,3.124756,3.106426,3.069763,2.996395,3.069763,2.978043,2.904617,2.867886,2.776005,2.831142,2.886253,2.812759,2.794388,2.665649,2.647240,2.628838,2.684044,2.555180,2.555180,2.463043,2.463043,2.463043,2.555180,2.426170,2.481476,2.407722,2.370834,2.278545,2.260078,2.241611,2.241611,2.186188,2.075249,2.112244,2.019749,2.019749,2.112244,2.075249,2.056755,2.019749,1.908653,1.908653,1.834530,1.871597,1.890129,1.964214,1.797447,1.760357,1.723259,1.686142,1.667576,1.741806,1.667576,1.630447,1.611877,1.556145,1.574726,1.667576,1.481796,1.556145,1.518974,1.537560,1.444603,1.444603,1.500385,1.444603,1.463196,1.444603,1.425999,1.425999,1.370178,1.425999,1.407394,1.258457,1.388790,1.351563,1.388790,1.332954,1.332954,1.332954,1.444603,1.407394,1.277081,1.351563,1.444603,1.332954,1.277081,1.388790,1.351563,1.258457,1.351563,1.407394,1.332954,1.239826,1.407394,1.370178,1.370178,1.407394,1.332954,1.295708,1.239826,1.351563,1.239826,1.332954,1.332954,1.314331,1.351563,1.258457,1.295708,1.351563,1.351563,1.295708,1.258457,1.332954,1.332954,1.239826,1.277081,1.277081,1.221191,1.277081,1.277081,1.425999,1.351563,1.277081,1.239826,1.314331,1.239826,1.277081,1.221191,1.277081,1.277081,1.277081,1.258457,1.258457,1.221191,1.202553,1.183914,1.258457,1.239826,1.277081,1.295708,1.295708,1.277081,1.295708,1.258457,1.239826,1.332954,1.202553,1.202553,1.221191,1.239826,1.221191,1.388790,1.332954,1.202553,1.183914,1.239826,1.146622,1.165268,1.127975,0.903954,0.735657,0.604584,0.454613,0.342010,0.135288,0.116478,-0.034115,-0.034115,0.022377,-0.052956,-0.166042,-0.109489,-0.260368,-0.279243,-0.298119,-0.430344,-0.373657,-0.354774,-0.430344,-0.354774,-0.298119,-0.279243,-0.430344,-0.335884,-0.279243,-0.052956,0.379555,0.379555,0.060024,-0.184906,-0.354774,-0.335884,-0.562710,-0.468147,-0.638416,-0.562710,-0.676285,-0.638416,-0.771019,-0.695229,-0.808929,-0.695229,-0.695229,-0.657349,-0.657349,-0.714169,-0.714169,-0.600559,
7.313717,7.296085,7.384212,7.348972,7.331345,7.401833,7.384212,7.401833,7.560242,7.577831,7.348972,7.507469,7.348972,7.472267,7.542656,7.437057,7.595413,7.560242,7.630577,7.507469,7.525059,7.542656,7.542656,7.525059,7.401833,7.454662,7.437057,7.419441,7.525059,7.612995,7.858810,8.401035,8.401035,8.086544,7.876347,7.911411,7.963982,7.841270,7.963982,8.016525,8.086544,8.208961,8.086544,8.278851,8.278851,8.313774,8.401035,8.418476,8.383591,8.401035,8.348686,8.348686,8.401035,8.243912,8.121536,8.191483,8.261383,8.383591,8.313774,8.261383,8.174004,8.261383,8.331230,8.435913,8.488220,8.435913,8.505650,8.296310,8.435913,8.523075,8.540497,8.523075,8.348686,8.453358,8.453358,8.488220,8.401035,8.366138,8.296310,8.401035,8.383591,8.453358,8.348686,8.453358,8.470791,8.697163,8.697163,8.801476,8.627563,8.523075,8.523075,8.505650,8.505650,8.488220,8.470791,8.453358,8.453358,8.435913,8.523075,8.470791,8.435913,8.313774,8.331230,8.470791,8.401035,8.313774,8.191483,8.156513,8.174004,8.139027,8.313774,8.278851,8.226437,8.296310,8.348686,8.261383,8.208961,8.208961,8.261383,8.261383,8.156513,8.208961,8.104042,8.104042,8.051544,8.435913,8.766716,8.836220,8.627563,8.174004,7.823730,7.771088,7.753536,7.876347,7.963982,7.841270,7.841270,7.946465,7.858810,8.016525,7.946465,8.051544,7.928940,7.928940,7.876347,7.823730,7.788635,7.771088,7.928940,7.999016,7.999016,8.174004,8.104042,8.051544,8.104042,8.016525,8.174004,8.121536,8.156513,8.139027,8.104042,8.121536,8.104042,8.139027,8.034035,8.331230,8.383591,8.731949,9.269539,9.113758,8.731949,8.679768,8.592743,8.679768,8.714558,8.749332,8.870953,8.957737,8.975086,8.975086,9.044441,9.044441,9.044441,9.009773,8.975086,9.061775,9.079109,9.061775,9.027115,8.957737,8.923035,8.923035,9.027115,9.044441,9.009773,8.905678,8.870953,8.836220,8.992432,8.975086,8.975086,8.992432,8.992432,8.923035,8.905678,8.836220,8.957737,9.044441,9.044441,9.044441,8.923035,8.784096,8.749332,8.749332,8.766716,8.870953,8.888317,8.923035,8.957737,9.044441,9.061775,9.148392,9.252239,9.321407,9.338692,9.373260,9.286831,9.148392,9.027115,9.096436,9.079109,9.148392,9.044441,9.027115,9.096436,9.096436,9.009773,8.888317,8.818848,8.679768,8.627563,8.662369,8.575333,8.610161,8.557915,8.418476,8.592743,8.540497,8.523075,8.523075,8.470791,8.383591,8.401035,8.366138,8.296310,8.226437,8.348686,8.348686,8.435913,8.401035,8.557915,8.888317,8.853588,8.575333,8.191483,8.104042,8.069046,8.069046,8.069046,8.156513,8.016525,8.051544,7.946465,8.034035,7.946465,8.051544,7.963982,8.086544,8.086544,8.104042,8.156513,8.401035,8.905678,8.818848,8.505650,8.331230,8.191483,8.191483,8.139027,8.226437,8.261383,8.313774,8.401035,8.331230,8.435913,8.331230,8.313774,8.470791,8.505650,8.505650,8.488220,8.575333,8.836220,8.627563,8.714558,8.679768,8.801476,8.836220,8.836220,8.870953,8.836220,8.818848,8.888317,8.853588,8.853588,8.853588,8.836220,8.766716,8.818848,8.836220,8.679768,8.766716,8.766716,8.801476,8.923035,8.818848,8.836220,8.592743,8.557915,8.557915,8.540497,8.488220,8.383591,8.366138,8.488220,8.470791,8.331230,8.296310,8.261383,8.174004,8.121536,8.086544,7.999016,8.156513,8.174004,8.191483,8.174004,8.104042,8.034035,7.893879,7.911411,7.788635,7.753536,7.806187,7.683289,7.630577,7.648148,7.577831,7.560242,7.348972,7.348972,7.154926,7.013577,7.084278,6.995895,6.854328,6.677101,6.535103,6.303955,6.268349,6.107971,6.036610,5.893753,5.929482,5.875885,5.875885,5.697014,5.607468,5.248528,5.086613,4.852314,4.762062,4.563248,4.599422,4.400314,4.418427,4.345943,4.182686,4.128212,4.164528,4.110050,4.055538,3.946442,3.964630,4.001003,4.001003,3.928246,3.982819,3.891846,3.855442,3.928246,3.982819,4.019184,3.910049,3.837234,3.800804,3.837234,3.819023,3.709686,3.782589,3.709686,3.709686,3.764370,3.673222,3.618496,3.563744,3.545483,3.581997,3.435883,3.399323,3.399323,3.362751,3.381042,3.271278,3.289577,3.362751,3.252968,3.271278,3.198040,3.252968,3.069763,3.069763,3.143085,3.033081,3.051422,3.014740,3.033081,3.014740,2.922981,2.849514,2.904617,2.904617,2.831142,2.794388,2.794388,2.757618,2.739227,2.684044,2.684044,2.702442,2.628838,2.628838,2.592014,2.481476,2.389282,2.444607,2.555180,2.481476,2.333931,2.297012,2.315472,2.297012,2.315472,2.204666,2.167706,2.186188,2.186188,2.167706,2.130730,2.075249,2.056755,2.038250,2.075249,2.019749,2.130730,1.927174,1.964214,1.815990,1.871597,1.871597,1.797447,1.797447,1.760357,1.778908,1.778908,1.667576,1.649017,1.667576,1.667576,1.574726,1.649017,1.481796,1.518974,1.537560,1.537560,1.444603,1.463196,1.537560,1.444603,1.481796,1.388790,1.351563,1.425999,1.351563,1.388790,1.351563,1.314331,1.407394,1.407394,1.388790,1.332954,1.332954,1.388790,1.370178,1.388790,1.444603,1.388790,1.425999,1.351563,1.277081,1.332954,1.388790,1.351563,1.370178,1.388790,1.444603,1.351563,1.407394,1.407394,1.332954,1.314331,1.258457,1.314331,1.425999,1.332954,1.370178,1.351563,1.370178,1.332954,1.258457,1.295708,1.239826,1.332954,1.239826,1.314331,1.314331,1.239826,1.314331,1.295708,1.239826,1.314331,1.239826,1.295708,1.239826,1.221191,1.258457,1.258457,1.295708,1.202553,1.239826,1.295708,1.258457,1.277081,1.221191,1.239826,1.314331,1.277081,1.239826,1.202553,1.221191,1.258457,1.239826,1.258457,1.277081,1.202553,1.239826,1.277081,1.295708,1.332954,1.258457,1.221191,1.258457,1.258457,1.183914,1.239826,1.370178,1.221191,1.258457,1.314331,1.183914,1.202553,1.202553,1.053349,1.072006,0.791779,0.679501,0.492126,0.266880,0.229301,0.154095,0.116478,-0.034115,0.003551,-0.128338,-0.203766,-0.279243,-0.279243,-0.222633,-0.203766,-0.335884,-0.392548,-0.354774,-0.260368,-0.298119,-0.298119,-0.373657,-0.316998,-0.034115,0.248089,0.285667,0.003551,-0.222633,-0.373657,-0.487053,-0.638416,-0.524879,-0.487053,-0.676285,-0.581635,-0.600559,-0.619488,-0.619488,-0.695229,-0.600559,-0.676285,-0.619488,-0.695229,-0.638416,-0.676285,-0.581635,
7.348972,7.489868,7.507469,7.489868,7.437057,7.507469,7.454662,7.507469,7.507469,7.507469,7.560242,7.454662,7.507469,7.437057,7.472267,7.472267,7.454662,7.489868,7.542656,7.472267,7.437057,7.472267,7.472267,7.472267,7.384212,7.313717,7.348972,7.366592,7.366592,7.366592,7.841270,8.313774,8.470791,8.156513,7.718422,7.560242,7.648148,7.683289,7.753536,7.876347,7.893879,7.841270,8.034035,7.928940,8.016525,7.981499,8.034035,8.139027,8.069046,7.999016,7.911411,7.876347,7.876347,7.858810,7.963982,7.823730,7.876347,7.893879,7.963982,8.016525,8.034035,8.069046,7.981499,8.034035,8.243912,8.208961,8.139027,8.104042,8.104042,8.243912,8.575333,8.592743,8.505650,8.348686,8.383591,8.243912,8.348686,8.226437,8.261383,8.296310,8.366138,8.296310,8.470791,8.435913,8.453358,8.488220,8.557915,8.592743,8.610161,8.662369,8.627563,8.714558,8.610161,8.679768,8.731949,8.610161,8.784096,8.679768,8.679768,8.801476,8.731949,8.679768,8.731949,8.697163,8.766716,8.836220,8.610161,8.627563,8.662369,8.714558,8.801476,8.714558,8.749332,8.662369,8.714558,8.714558,8.644970,8.679768,8.818848,8.697163,8.679768,8.766716,8.662369,8.331230,8.401035,8.679768,8.940388,8.923035,8.697163,8.261383,7.981499,7.806187,7.858810,7.963982,8.086544,8.156513,8.174004,8.051544,8.121536,8.139027,8.104042,8.121536,8.016525,8.034035,7.963982,7.946465,7.806187,7.823730,7.946465,8.051544,8.174004,8.261383,8.296310,8.226437,8.226437,8.191483,8.261383,8.348686,8.331230,8.331230,8.296310,8.121536,8.086544,8.156513,8.278851,8.348686,8.401035,8.957737,9.096436,9.217640,8.923035,8.662369,8.453358,8.575333,8.557915,8.627563,8.697163,8.644970,8.731949,8.731949,8.784096,8.697163,8.644970,8.505650,8.523075,8.610161,8.644970,8.592743,8.557915,8.627563,8.592743,8.610161,8.540497,8.627563,8.610161,8.662369,8.679768,8.697163,8.749332,8.749332,8.870953,8.870953,8.870953,8.870953,8.801476,8.731949,8.905678,9.009773,9.061775,9.027115,8.610161,8.313774,8.313774,8.296310,8.261383,8.348686,8.523075,8.592743,8.540497,8.749332,8.818848,8.888317,8.766716,8.905678,8.992432,9.096436,9.131081,9.165710,9.131081,9.131081,9.131081,9.148392,9.217640,9.148392,9.217640,9.252239,9.407806,9.217640,9.269539,9.269539,9.269539,9.113758,9.061775,9.027115,8.905678,8.957737,8.818848,8.836220,8.957737,8.905678,8.853588,8.836220,8.731949,8.697163,8.575333,8.505650,8.470791,8.366138,8.418476,8.644970,8.888317,8.784096,8.801476,8.505650,8.278851,8.174004,8.174004,8.156513,8.174004,8.069046,8.069046,8.051544,8.051544,8.069046,8.121536,8.051544,8.051544,8.016525,8.069046,8.139027,8.069046,8.557915,8.870953,8.905678,8.662369,8.296310,8.191483,8.174004,8.086544,8.034035,8.051544,8.208961,8.139027,8.086544,8.121536,8.174004,8.156513,8.069046,8.226437,8.139027,8.069046,8.208961,8.208961,8.313774,8.191483,8.366138,8.331230,8.226437,8.313774,8.278851,8.418476,8.383591,8.401035,8.418476,8.557915,8.488220,8.453358,8.505650,8.435913,8.435913,8.505650,8.435913,8.331230,8.836220,8.836220,8.888317,8.662369,8.383591,8.401035,8.331230,8.296310,8.243912,8.208961,8.296310,8.261383,8.278851,8.243912,8.139027,8.191483,8.191483,8.208961,8.086544,8.208961,8.139027,8.313774,8.470791,8.418476,8.296310,8.174004,8.156513,8.139027,8.086544,8.069046,7.981499,8.034035,8.086544,7.963982,7.876347,7.876347,7.858810,7.806187,7.700855,7.630577,7.595413,7.560242,7.437057,7.101940,6.677101,6.606125,6.464035,6.268349,6.179276,6.054455,6.018761,6.000916,6.090134,6.072296,5.875885,5.804367,5.804367,5.661201,5.410194,5.122616,4.852314,4.671738,4.599422,4.490860,4.345943,4.327812,4.291550,4.182686,4.182686,4.073711,4.091881,4.037365,4.001003,3.964630,3.982819,3.928246,4.019184,4.001003,3.928246,3.891846,3.837234,3.964630,3.873646,3.837234,3.891846,3.800804,3.837234,3.819023,3.873646,3.819023,3.691456,3.764370,3.636738,3.673222,3.563744,3.545483,3.508965,3.435883,3.417606,3.472427,3.435883,3.362751,3.435883,3.344467,3.289577,3.381042,3.326176,3.344467,3.234665,3.252968,3.143085,3.088097,3.106426,3.069763,3.106426,3.014740,2.959694,2.996395,2.978043,2.941338,2.904617,2.812759,2.867886,2.794388,2.849514,2.720840,2.739227,2.702442,2.794388,2.665649,2.555180,2.555180,2.518333,2.518333,2.573601,2.481476,2.463043,2.407722,2.389282,2.352383,2.260078,2.278545,2.241611,2.260078,2.149220,2.149220,2.149220,2.093750,2.112244,2.093750,2.056755,1.964214,1.945694,1.964214,1.927174,1.890129,2.001236,1.908653,1.797447,1.815990,1.797447,1.778908,1.797447,1.723259,1.723259,1.704700,1.611877,1.630447,1.723259,1.518974,1.481796,1.518974,1.593300,1.444603,1.500385,1.481796,1.500385,1.500385,1.463196,1.463196,1.518974,1.388790,1.388790,1.463196,1.407394,1.463196,1.407394,1.370178,1.463196,1.500385,1.351563,1.370178,1.425999,1.388790,1.444603,1.370178,1.332954,1.332954,1.351563,1.407394,1.332954,1.370178,1.463196,1.370178,1.295708,1.351563,1.277081,1.351563,1.370178,1.258457,1.258457,1.314331,1.277081,1.258457,1.351563,1.388790,1.295708,1.239826,1.314331,1.258457,1.332954,1.258457,1.351563,1.314331,1.239826,1.295708,1.277081,1.314331,1.277081,1.258457,1.277081,1.221191,1.258457,1.202553,1.277081,1.295708,1.202553,1.239826,1.239826,1.332954,1.314331,1.165268,1.183914,1.258457,1.277081,1.295708,1.239826,1.146622,1.314331,1.258457,1.239826,1.258457,1.221191,1.221191,1.183914,1.165268,1.221191,1.258457,1.165268,1.183914,1.165268,1.202553,1.183914,1.239826,1.127975,1.277081,1.165268,1.239826,1.258457,1.258457,1.090672,1.127975,0.997345,0.829178,0.660774,0.529621,0.323231,0.172905,0.285667,0.116478,0.022377,-0.034115,-0.128338,-0.071796,-0.260368,-0.241501,-0.260368,-0.279243,-0.316998,-0.316998,-0.411446,-0.279243,-0.411446,-0.279243,-0.147186,0.323231,0.435852,-0.034115,-0.316998,-0.411446,-0.373657,-0.524879,-0.524879,-0.600559,-0.562710,-0.524879,-0.581635,-0.505962,-0.600559,-0.581635,-0.638416,-0.789970,-0.619488,-0.600559,-0.676285,-0.619488,-0.543793,
7.612995,7.665718,7.928940,7.841270,7.858810,7.841270,8.016525,7.876347,7.946465,7.788635,7.806187,7.858810,7.876347,7.771088,7.788635,7.753536,7.771088,7.806187,7.806187,7.735977,7.648148,7.595413,7.437057,7.507469,7.630577,7.612995,7.630577,7.612995,7.683289,7.595413,7.946465,8.453358,8.453358,8.383591,7.946465,7.507469,7.665718,7.665718,7.788635,7.981499,8.034035,8.034035,7.893879,7.963982,7.946465,7.946465,7.858810,7.911411,8.016525,7.841270,7.999016,7.753536,7.718422,7.718422,7.735977,7.700855,7.683289,7.718422,7.683289,7.911411,7.753536,7.771088,7.841270,7.823730,7.771088,7.735977,7.823730,7.735977,7.753536,7.788635,8.331230,8.523075,8.401035,8.104042,7.946465,8.016525,7.963982,7.963982,7.981499,7.981499,8.104042,8.034035,8.016525,8.051544,8.191483,8.208961,8.278851,8.278851,8.331230,8.383591,8.453358,8.401035,8.401035,8.540497,8.575333,8.523075,8.575333,8.592743,8.679768,8.575333,8.575333,8.627563,8.627563,8.697163,8.836220,8.784096,8.714558,8.749332,8.818848,8.923035,9.009773,9.027115,8.905678,8.801476,8.905678,8.818848,8.870953,8.905678,8.853588,8.957737,8.992432,8.888317,8.940388,8.801476,8.749332,8.853588,9.027115,8.923035,8.801476,8.540497,8.313774,8.139027,8.156513,8.226437,8.453358,8.470791,8.453358,8.575333,8.488220,8.523075,8.523075,8.470791,8.418476,8.470791,8.453358,8.243912,8.086544,8.226437,8.261383,8.435913,8.610161,8.453358,8.540497,8.592743,8.470791,8.592743,8.749332,8.662369,8.697163,8.453358,8.401035,8.331230,8.296310,8.366138,8.540497,8.714558,8.905678,9.165710,9.234943,9.200333,9.183022,8.818848,8.523075,8.348686,8.505650,8.488220,8.540497,8.662369,8.540497,8.679768,8.644970,8.627563,8.435913,8.505650,8.505650,8.627563,8.540497,8.557915,8.523075,8.610161,8.679768,8.662369,8.523075,8.557915,8.610161,8.662369,8.610161,8.557915,8.575333,8.523075,8.644970,8.697163,8.784096,8.749332,8.662369,8.731949,8.818848,9.027115,9.269539,9.131081,8.610161,8.296310,8.051544,8.051544,8.121536,8.156513,8.174004,8.156513,8.139027,8.226437,8.296310,8.401035,8.401035,8.366138,8.435913,8.557915,8.679768,8.644970,8.627563,8.575333,8.679768,8.679768,8.697163,8.766716,8.975086,9.009773,9.131081,9.113758,9.200333,9.183022,9.096436,9.165710,9.061775,9.009773,9.061775,8.940388,9.061775,9.113758,9.200333,9.321407,9.304119,9.200333,9.165710,9.044441,8.905678,8.749332,8.888317,8.923035,8.801476,8.801476,8.801476,8.836220,8.888317,8.662369,8.523075,8.540497,8.453358,8.418476,8.418476,8.401035,8.383591,8.296310,8.331230,8.261383,8.278851,8.278851,8.174004,8.208961,8.104042,8.226437,8.383591,8.627563,8.870953,8.940388,8.679768,8.401035,8.348686,8.208961,8.383591,8.261383,8.278851,8.296310,8.278851,8.243912,8.174004,8.208961,8.348686,8.278851,8.313774,8.156513,8.208961,8.313774,8.261383,8.278851,8.191483,8.313774,8.174004,8.139027,8.243912,8.121536,8.243912,8.156513,8.208961,8.208961,8.191483,8.243912,8.191483,8.139027,8.139027,8.139027,8.226437,8.156513,8.226437,8.818848,8.801476,8.888317,8.401035,8.156513,8.051544,8.034035,7.999016,8.034035,7.963982,8.069046,7.981499,8.086544,8.121536,8.139027,8.016525,7.999016,7.928940,7.893879,7.858810,7.911411,8.488220,8.488220,8.592743,8.243912,8.139027,8.121536,8.051544,7.963982,7.981499,8.034035,7.911411,7.911411,7.946465,7.876347,7.806187,7.823730,7.841270,7.788635,7.788635,7.823730,7.771088,7.735977,7.665718,7.384212,6.942829,6.623875,6.464035,6.339550,6.339550,6.214916,6.197094,6.143627,6.161457,6.107971,6.090134,6.018761,6.036610,5.768597,5.643291,5.320412,5.140610,5.050598,4.816223,4.635590,4.545155,4.508957,4.454651,4.291550,4.237133,4.182686,4.146374,4.073711,4.091881,4.055538,4.037365,4.001003,3.946442,3.946442,3.946442,3.964630,3.946442,3.928246,3.891846,3.928246,3.891846,3.819023,3.910049,3.928246,3.819023,3.782589,3.709686,3.673222,3.709686,3.709686,3.746143,3.636738,3.691456,3.636738,3.454159,3.490696,3.490696,3.417606,3.399323,3.344467,3.454159,3.381042,3.344467,3.289577,3.234665,3.252968,3.234665,3.198040,3.124756,3.088097,3.069763,3.033081,3.143085,2.959694,3.051422,2.959694,2.959694,2.996395,2.922981,2.959694,2.886253,2.849514,2.720840,2.776005,2.776005,2.739227,2.684044,2.665649,2.665649,2.592014,2.592014,2.499908,2.499908,2.499908,2.444607,2.389282,2.370834,2.389282,2.333931,2.297012,2.315472,2.278545,2.204666,2.260078,2.149220,2.186188,2.093750,2.075249,2.093750,2.149220,2.093750,2.130730,1.908653,1.945694,1.853065,1.871597,1.797447,1.741806,1.834530,1.760357,1.741806,1.741806,1.741806,1.667576,1.723259,1.611877,1.630447,1.611877,1.574726,1.481796,1.481796,1.463196,1.537560,1.481796,1.537560,1.463196,1.574726,1.574726,1.425999,1.444603,1.425999,1.388790,1.500385,1.481796,1.500385,1.425999,1.388790,1.388790,1.500385,1.407394,1.407394,1.425999,1.425999,1.388790,1.388790,1.332954,1.370178,1.370178,1.370178,1.370178,1.425999,1.295708,1.407394,1.351563,1.388790,1.258457,1.407394,1.425999,1.351563,1.370178,1.425999,1.258457,1.444603,1.314331,1.239826,1.370178,1.314331,1.351563,1.332954,1.277081,1.258457,1.295708,1.258457,1.277081,1.221191,1.239826,1.239826,1.277081,1.183914,1.258457,1.165268,1.258457,1.183914,1.277081,1.221191,1.183914,1.183914,1.258457,1.277081,1.202553,1.221191,1.239826,1.239826,1.239826,1.258457,1.314331,1.165268,1.202553,1.370178,1.183914,1.221191,1.239826,1.221191,1.202553,1.258457,1.165268,1.183914,1.165268,1.221191,1.221191,1.202553,1.109322,1.221191,1.202553,1.165268,1.183914,1.183914,1.146622,1.183914,0.903954,1.072006,0.810486,0.548370,0.417091,0.398327,0.210506,0.154095,0.060024,-0.034115,-0.184906,-0.052956,-0.260368,-0.128338,-0.260368,-0.184906,-0.392548,-0.373657,-0.279243,-0.411446,-0.203766,0.304451,0.135288,-0.071796,-0.241501,-0.392548,-0.449242,-0.562710,-0.505962,-0.562710,-0.638416,-0.543793,-0.676285,-0.524879,-0.676285,-0.600559,-0.657349,-0.695229,-0.619488,-0.676285,-0.638416,-0.695229,-0.638416,
7.823730,7.858810,7.928940,7.876347,7.876347,7.893879,7.911411,7.981499,7.876347,7.981499,8.156513,8.208961,8.278851,8.243912,8.139027,8.174004,8.174004,8.243912,8.208961,8.086544,8.069046,7.999016,8.069046,8.051544,7.928940,7.963982,8.016525,8.016525,7.946465,7.981499,8.104042,8.401035,8.557915,8.435913,8.104042,7.911411,7.928940,7.771088,7.963982,8.086544,8.174004,8.243912,8.156513,8.121536,8.243912,8.051544,7.981499,7.981499,7.981499,7.946465,7.999016,7.911411,7.788635,7.788635,7.735977,7.700855,7.683289,7.665718,7.841270,7.735977,7.771088,7.806187,7.771088,7.753536,7.700855,7.683289,7.630577,7.612995,7.595413,7.525059,8.069046,8.488220,8.488220,8.156513,7.841270,7.858810,7.771088,7.806187,7.893879,7.876347,8.034035,8.034035,7.963982,7.999016,8.069046,8.208961,8.104042,8.034035,8.086544,8.139027,8.174004,8.069046,8.174004,8.261383,8.243912,8.156513,8.208961,8.243912,8.191483,8.261383,8.278851,8.296310,8.191483,8.418476,8.453358,8.470791,8.488220,8.366138,8.470791,8.749332,8.940388,9.027115,8.905678,8.575333,8.627563,8.453358,8.366138,8.488220,8.435913,8.453358,8.697163,8.592743,8.679768,8.662369,8.731949,8.662369,8.731949,8.749332,8.697163,8.575333,8.453358,8.418476,8.435913,8.505650,8.592743,8.697163,8.731949,8.679768,8.749332,8.714558,8.679768,8.627563,8.627563,8.714558,8.679768,8.627563,8.714558,8.592743,8.697163,8.801476,8.853588,9.027115,8.975086,8.870953,8.836220,8.957737,9.044441,8.992432,9.096436,8.923035,8.818848,8.836220,8.957737,8.957737,8.992432,9.009773,9.096436,9.234943,9.183022,9.234943,9.165710,8.992432,8.749332,8.435913,8.453358,8.488220,8.557915,8.610161,8.610161,8.592743,8.697163,8.592743,8.540497,8.540497,8.505650,8.627563,8.557915,8.592743,8.610161,8.749332,8.731949,8.714558,8.731949,8.679768,8.714558,8.731949,8.592743,8.627563,8.610161,8.610161,8.592743,8.679768,8.662369,8.697163,8.627563,8.749332,8.870953,9.183022,9.234943,9.269539,8.714558,8.366138,8.051544,7.981499,8.016525,8.086544,8.121536,8.121536,8.104042,8.174004,8.156513,8.191483,8.296310,8.139027,8.243912,8.313774,8.156513,8.191483,8.156513,8.121536,8.226437,8.208961,8.313774,8.191483,8.348686,8.331230,8.470791,8.470791,8.540497,8.557915,8.470791,8.540497,8.540497,8.540497,8.557915,8.697163,8.575333,8.662369,8.905678,9.200333,9.373260,9.217640,8.957737,8.888317,8.888317,8.818848,8.940388,8.784096,8.784096,8.957737,8.870953,8.888317,8.905678,8.784096,8.853588,8.870953,8.644970,8.697163,8.731949,8.784096,8.714558,8.784096,8.766716,8.592743,8.523075,8.610161,8.557915,8.644970,8.401035,8.714558,8.836220,8.923035,8.975086,8.940388,8.940388,8.714558,8.836220,8.749332,8.766716,8.766716,8.784096,8.766716,8.662369,8.662369,8.662369,8.731949,8.540497,8.523075,8.435913,8.470791,8.418476,8.418476,8.470791,8.418476,8.383591,8.383591,8.313774,8.366138,8.331230,8.261383,8.313774,8.313774,8.366138,8.278851,8.243912,8.208961,8.156513,8.261383,8.174004,8.121536,8.069046,8.191483,8.453358,8.749332,8.870953,8.836220,8.505650,8.139027,8.069046,8.051544,8.086544,8.051544,8.016525,8.034035,8.034035,8.051544,7.963982,7.911411,7.946465,7.946465,7.876347,7.823730,7.893879,8.051544,8.470791,8.592743,8.505650,8.208961,7.963982,8.034035,7.946465,7.858810,7.876347,7.893879,7.876347,7.823730,7.788635,7.806187,7.788635,7.735977,7.771088,7.858810,7.700855,7.648148,7.560242,7.735977,7.735977,7.665718,7.366592,7.172585,6.872036,6.606125,6.606125,6.446259,6.410706,6.375134,6.339550,6.268349,6.232731,6.072296,6.125797,6.090134,5.893753,5.911625,5.679108,5.643291,5.284477,5.104614,4.924461,4.834267,4.689812,4.527058,4.545155,4.364071,4.327812,4.237133,4.146374,4.055538,4.128212,3.946442,4.001003,4.019184,3.982819,4.019184,3.964630,3.910049,3.982819,3.873646,3.855442,3.891846,3.891846,3.891846,3.910049,3.910049,3.873646,3.746143,3.764370,3.782589,3.782589,3.727913,3.600243,3.636738,3.618496,3.508965,3.490696,3.600243,3.508965,3.454159,3.381042,3.399323,3.381042,3.362751,3.307877,3.307877,3.289577,3.326176,3.234665,3.161407,3.252968,3.161407,3.143085,3.161407,3.179726,3.106426,3.088097,2.996395,2.978043,3.014740,2.904617,2.904617,2.941338,2.886253,2.812759,2.812759,2.776005,2.739227,2.776005,2.684044,2.702442,2.592014,2.555180,2.610428,2.499908,2.555180,2.499908,2.407722,2.573601,2.389282,2.315472,2.333931,2.241611,2.315472,2.223137,2.223137,2.167706,2.186188,2.241611,2.093750,2.130730,2.130730,1.945694,2.001236,1.908653,1.927174,1.871597,1.853065,1.871597,1.797447,1.797447,1.760357,1.741806,1.686142,1.723259,1.649017,1.704700,1.556145,1.556145,1.611877,1.611877,1.518974,1.537560,1.518974,1.500385,1.444603,1.407394,1.463196,1.500385,1.425999,1.463196,1.463196,1.407394,1.463196,1.518974,1.463196,1.425999,1.332954,1.351563,1.407394,1.388790,1.351563,1.463196,1.351563,1.388790,1.425999,1.351563,1.277081,1.425999,1.481796,1.407394,1.388790,1.370178,1.351563,1.407394,1.295708,1.351563,1.332954,1.332954,1.370178,1.425999,1.258457,1.351563,1.277081,1.351563,1.351563,1.351563,1.388790,1.351563,1.239826,1.277081,1.258457,1.277081,1.314331,1.258457,1.221191,1.351563,1.407394,1.221191,1.277081,1.295708,1.183914,1.183914,1.370178,1.295708,1.258457,1.258457,1.239826,1.239826,1.165268,1.295708,1.351563,1.146622,1.202553,1.221191,1.295708,1.202553,1.202553,1.258457,1.277081,1.239826,1.277081,1.221191,1.277081,1.258457,1.202553,1.277081,1.165268,1.165268,1.146622,1.165268,1.202553,1.202553,1.183914,1.202553,1.314331,1.239826,1.239826,1.202553,1.146622,1.146622,1.146622,1.053349,0.866573,0.660774,0.417091,0.342010,0.097664,0.060024,0.022377,0.060024,0.003551,-0.052956,-0.071796,-0.241501,-0.222633,-0.279243,-0.184906,-0.316998,-0.166042,0.229301,0.154095,-0.090641,-0.260368,-0.354774,-0.430344,-0.524879,-0.468147,-0.619488,-0.543793,-0.619488,-0.657349,-0.562710,-0.619488,-0.638416,-0.562710,-0.638416,-0.638416,-0.505962,-0.487053,-0.562710,-0.562710,
7.278450,7.454662,7.401833,7.419441,7.454662,7.525059,7.665718,7.437057,7.612995,7.665718,7.893879,8.366138,8.366138,8.348686,8.243912,8.121536,8.208961,8.208961,8.261383,8.208961,8.208961,8.243912,8.208961,8.278851,8.313774,8.383591,8.296310,8.296310,8.226437,8.313774,8.418476,8.523075,8.418476,8.505650,8.243912,8.296310,8.348686,8.226437,8.191483,8.296310,8.348686,8.418476,8.488220,8.383591,8.470791,8.278851,8.261383,8.313774,8.208961,8.331230,8.366138,8.278851,8.226437,8.139027,8.139027,7.981499,7.946465,7.999016,8.086544,7.946465,7.946465,7.946465,7.823730,7.893879,7.858810,7.893879,7.771088,7.771088,7.753536,7.806187,8.121536,8.313774,8.435913,8.278851,7.858810,7.718422,7.806187,7.893879,7.946465,7.928940,7.981499,8.086544,8.069046,8.069046,8.121536,8.104042,8.086544,8.104042,8.121536,8.104042,8.208961,8.069046,8.174004,8.226437,8.296310,8.296310,8.208961,8.278851,8.121536,8.313774,8.296310,8.243912,8.313774,8.278851,8.366138,8.331230,8.401035,8.261383,8.435913,8.610161,8.870953,9.009773,8.818848,8.418476,8.156513,8.156513,8.086544,8.156513,8.226437,8.156513,8.174004,8.174004,8.313774,8.313774,8.278851,8.139027,8.313774,8.453358,8.383591,8.418476,8.435913,8.331230,8.383591,8.313774,8.313774,8.348686,8.313774,8.435913,8.331230,8.418476,8.435913,8.505650,8.435913,8.470791,8.401035,8.505650,8.470791,8.575333,8.488220,8.662369,8.870953,9.096436,9.009773,8.766716,8.784096,8.836220,8.784096,8.957737,8.957737,8.923035,9.044441,8.905678,9.009773,9.079109,8.992432,9.113758,9.200333,9.252239,9.148392,9.269539,9.165710,9.079109,8.870953,8.888317,8.784096,8.731949,8.714558,8.784096,8.801476,8.801476,8.888317,8.870953,8.679768,8.644970,8.627563,8.766716,8.836220,8.697163,8.870953,8.836220,8.923035,8.992432,8.905678,8.905678,8.940388,8.940388,8.801476,8.801476,8.749332,8.818848,8.714558,8.644970,8.784096,8.836220,8.784096,8.923035,8.957737,9.269539,9.390537,9.338692,8.853588,8.470791,8.278851,8.226437,8.104042,8.261383,8.226437,8.191483,8.121536,8.156513,8.174004,8.191483,8.191483,8.191483,8.191483,8.208961,8.139027,8.174004,8.104042,8.104042,8.051544,8.016525,8.139027,8.139027,8.139027,8.174004,8.226437,8.383591,8.156513,8.278851,8.243912,8.086544,8.051544,8.086544,8.086544,8.278851,8.208961,8.191483,8.540497,9.148392,9.286831,9.096436,8.662369,8.627563,8.523075,8.470791,8.488220,8.453358,8.488220,8.383591,8.470791,8.488220,8.488220,8.540497,8.627563,8.592743,8.575333,8.627563,8.697163,8.662369,8.697163,8.784096,8.662369,8.714558,8.749332,8.662369,8.662369,8.662369,8.836220,8.888317,8.853588,8.992432,8.940388,8.940388,8.853588,9.027115,8.992432,8.992432,9.044441,9.044441,9.165710,9.217640,9.217640,9.131081,8.992432,8.975086,8.940388,9.061775,9.096436,8.992432,9.061775,8.940388,8.905678,8.870953,8.853588,8.836220,8.784096,8.766716,8.836220,8.714558,8.662369,8.627563,8.627563,8.644970,8.505650,8.505650,8.470791,8.366138,8.348686,8.383591,8.331230,8.523075,8.592743,8.923035,9.027115,8.923035,8.401035,8.261383,8.191483,8.121536,8.069046,8.156513,8.139027,8.104042,8.069046,8.069046,7.999016,8.034035,8.016525,8.034035,8.034035,8.016525,7.999016,8.191483,8.557915,8.662369,8.540497,8.366138,8.069046,7.981499,7.928940,7.858810,7.893879,7.911411,7.911411,7.806187,7.841270,7.893879,7.806187,7.665718,7.753536,7.700855,7.683289,7.665718,7.700855,7.612995,7.612995,7.630577,7.630577,7.507469,7.366592,7.172585,7.031254,6.942829,6.995895,6.712570,6.694839,6.517342,6.268349,6.197094,6.179276,6.036610,6.036610,6.054455,5.947346,5.893753,5.804367,5.661201,5.589546,5.356339,5.176598,4.960514,4.780113,4.725941,4.581333,4.490860,4.382195,4.309685,4.218987,4.237133,4.164528,4.237133,4.055538,4.055538,4.019184,4.091881,4.110050,3.964630,3.910049,3.928246,3.928246,3.928246,3.819023,3.855442,3.891846,3.837234,3.873646,3.819023,3.819023,3.782589,3.709686,3.764370,3.782589,3.746143,3.618496,3.545483,3.527222,3.545483,3.472427,3.399323,3.508965,3.362751,3.454159,3.417606,3.417606,3.362751,3.326176,3.307877,3.271278,3.198040,3.289577,3.198040,3.198040,3.252968,3.069763,3.069763,3.106426,3.033081,2.996395,3.014740,2.959694,2.978043,2.867886,2.904617,2.978043,2.886253,2.922981,2.794388,2.794388,2.776005,2.684044,2.628838,2.665649,2.665649,2.573601,2.573601,2.499908,2.444607,2.407722,2.407722,2.389282,2.370834,2.333931,2.426170,2.260078,2.333931,2.278545,2.241611,2.223137,2.130730,2.130730,2.112244,2.038250,2.001236,2.001236,1.982727,1.890129,1.982727,1.890129,1.834530,1.741806,1.741806,1.741806,1.704700,1.667576,1.704700,1.797447,1.704700,1.667576,1.686142,1.574726,1.593300,1.518974,1.574726,1.611877,1.704700,1.556145,1.556145,1.481796,1.444603,1.463196,1.611877,1.593300,1.500385,1.444603,1.463196,1.481796,1.370178,1.407394,1.444603,1.407394,1.407394,1.500385,1.370178,1.370178,1.407394,1.425999,1.425999,1.351563,1.425999,1.370178,1.351563,1.370178,1.351563,1.370178,1.314331,1.370178,1.370178,1.388790,1.388790,1.351563,1.221191,1.314331,1.351563,1.351563,1.295708,1.314331,1.221191,1.221191,1.258457,1.295708,1.314331,1.332954,1.295708,1.370178,1.221191,1.239826,1.277081,1.258457,1.239826,1.258457,1.295708,1.277081,1.295708,1.277081,1.239826,1.202553,1.072006,1.258457,1.239826,1.239826,1.239826,1.202553,1.258457,1.202553,1.258457,1.277081,1.221191,1.277081,1.239826,1.239826,1.258457,1.221191,1.183914,1.146622,1.202553,1.202553,1.239826,1.277081,1.277081,1.183914,1.165268,1.165268,1.183914,1.183914,1.165268,1.127975,1.090672,1.202553,1.202553,1.072006,1.109322,0.941319,0.829178,0.642052,0.342010,0.342010,0.210506,0.154095,0.154095,0.022377,-0.015282,0.041203,-0.090641,-0.298119,-0.166042,-0.241501,-0.090641,0.135288,0.097664,0.041203,-0.279243,-0.316998,-0.449242,-0.468147,-0.411446,-0.733116,-0.619488,-0.581635,-0.657349,-0.543793,-0.581635,-0.543793,-0.657349,-0.619488,-0.657349,-0.600559,-0.562710,-0.619488,-0.562710,
7.101940,6.978207,7.137272,7.172585,7.119606,7.137272,7.190231,7.190231,7.137272,7.260815,7.401833,8.086544,8.313774,8.208961,8.016525,7.683289,7.665718,7.700855,7.700855,7.788635,7.946465,7.893879,7.946465,8.016525,8.034035,7.928940,8.086544,7.981499,8.086544,8.051544,8.191483,8.174004,8.069046,8.086544,8.121536,8.208961,8.086544,8.174004,8.139027,8.208961,8.174004,8.174004,8.278851,8.243912,8.366138,8.208961,8.243912,8.191483,8.313774,8.401035,8.575333,8.540497,8.610161,8.401035,8.348686,8.243912,8.174004,8.208961,8.174004,8.174004,8.226437,8.191483,8.174004,8.121536,8.086544,8.121536,8.191483,8.069046,8.051544,7.928940,8.313774,8.435913,8.505650,8.313774,7.999016,7.876347,7.946465,7.928940,8.034035,8.156513,8.208961,8.331230,8.366138,8.191483,8.226437,8.296310,8.243912,8.226437,8.261383,8.348686,8.523075,8.366138,8.261383,8.313774,8.243912,8.401035,8.453358,8.383591,8.383591,8.418476,8.453358,8.435913,8.470791,8.418476,8.488220,8.453358,8.435913,8.418476,8.540497,8.592743,8.923035,9.027115,8.957737,8.470791,8.401035,8.243912,8.156513,8.121536,8.104042,8.069046,8.121536,8.208961,8.174004,8.121536,8.121536,8.191483,8.156513,8.156513,8.139027,8.156513,8.069046,8.121536,8.191483,8.104042,8.191483,8.086544,8.139027,8.156513,8.156513,8.086544,8.156513,8.174004,8.191483,8.156513,8.156513,8.313774,8.278851,8.226437,8.243912,8.470791,8.644970,8.923035,8.940388,8.714558,8.453358,8.261383,8.278851,8.366138,8.470791,8.505650,8.505650,8.557915,8.540497,8.697163,8.714558,8.784096,8.766716,8.818848,8.923035,8.818848,8.888317,8.940388,8.923035,8.853588,8.870953,8.836220,8.905678,8.957737,8.870953,8.992432,9.027115,9.027115,9.131081,8.836220,8.975086,8.975086,8.992432,9.027115,9.113758,9.061775,9.113758,9.234943,9.269539,9.252239,9.234943,9.234943,9.131081,9.148392,9.131081,9.183022,9.061775,9.044441,9.079109,9.079109,9.061775,9.148392,9.217640,9.425079,9.390537,9.373260,8.992432,8.749332,8.592743,8.523075,8.523075,8.418476,8.418476,8.348686,8.296310,8.331230,8.261383,8.261383,8.243912,8.278851,8.208961,8.261383,8.331230,8.208961,8.121536,8.139027,8.069046,8.208961,8.174004,8.156513,8.208961,8.261383,8.296310,8.208961,8.261383,8.208961,8.191483,8.139027,8.174004,8.051544,7.999016,7.911411,7.981499,8.016525,8.453358,9.079109,9.252239,9.148392,8.575333,8.366138,8.331230,8.331230,8.313774,8.313774,8.296310,8.174004,8.208961,8.331230,8.435913,8.435913,8.366138,8.366138,8.261383,8.278851,8.366138,8.383591,8.435913,8.348686,8.331230,8.313774,8.470791,8.557915,8.470791,8.575333,8.523075,8.592743,8.610161,8.697163,8.679768,8.749332,8.679768,8.801476,8.749332,8.801476,8.731949,8.870953,9.044441,9.234943,9.217640,9.113758,9.079109,8.992432,9.044441,8.975086,9.113758,9.252239,9.165710,9.200333,9.200333,9.096436,9.183022,9.079109,9.113758,9.096436,9.079109,9.096436,9.148392,9.044441,9.183022,9.079109,9.131081,8.940388,8.940388,8.957737,8.923035,8.818848,8.766716,8.940388,9.044441,9.079109,9.009773,8.905678,8.801476,8.540497,8.435913,8.348686,8.366138,8.383591,8.470791,8.453358,8.313774,8.331230,8.261383,8.139027,8.208961,8.226437,8.296310,8.104042,8.278851,8.401035,8.644970,8.731949,8.575333,8.557915,8.139027,8.034035,8.051544,8.051544,7.928940,8.016525,7.963982,7.981499,7.963982,7.963982,7.946465,7.876347,7.841270,7.823730,7.928940,7.753536,7.771088,7.753536,7.735977,7.718422,7.648148,7.648148,7.700855,7.507469,7.525059,7.401833,7.507469,7.172585,7.084278,6.889732,6.623875,6.446259,6.481804,6.197094,6.250534,6.197094,6.143627,6.125797,6.072296,6.107971,6.018761,5.965206,5.804367,5.643291,5.410194,5.104614,4.960514,4.870358,4.635590,4.563248,4.454651,4.327812,4.218987,4.291550,4.146374,4.019184,4.218987,4.110050,4.164528,4.055538,4.037365,3.910049,4.037365,4.001003,3.946442,3.891846,3.928246,3.873646,3.928246,3.928246,3.873646,3.855442,3.873646,3.910049,3.819023,3.837234,3.709686,3.709686,3.673222,3.654976,3.545483,3.709686,3.545483,3.490696,3.490696,3.490696,3.472427,3.362751,3.435883,3.399323,3.252968,3.307877,3.252968,3.271278,3.307877,3.179726,3.216351,3.216351,3.234665,3.088097,3.106426,3.143085,3.088097,3.069763,2.959694,2.996395,2.996395,2.867886,2.886253,2.831142,2.812759,2.886253,2.812759,2.812759,2.739227,2.812759,2.757618,2.665649,2.610428,2.647240,2.536758,2.463043,2.518333,2.518333,2.426170,2.463043,2.333931,2.407722,2.315472,2.297012,2.297012,2.186188,2.186188,2.186188,2.149220,2.186188,2.075249,2.130730,2.093750,2.038250,1.853065,1.964214,1.890129,1.778908,1.927174,1.797447,1.649017,1.797447,1.797447,1.704700,1.667576,1.667576,1.649017,1.556145,1.611877,1.574726,1.556145,1.481796,1.537560,1.593300,1.500385,1.425999,1.593300,1.537560,1.463196,1.574726,1.463196,1.500385,1.444603,1.444603,1.314331,1.481796,1.444603,1.463196,1.444603,1.407394,1.407394,1.388790,1.407394,1.444603,1.388790,1.407394,1.332954,1.425999,1.388790,1.388790,1.463196,1.332954,1.407394,1.332954,1.351563,1.314331,1.351563,1.351563,1.370178,1.332954,1.407394,1.332954,1.314331,1.221191,1.277081,1.277081,1.314331,1.258457,1.295708,1.332954,1.258457,1.332954,1.370178,1.277081,1.239826,1.277081,1.183914,1.295708,1.221191,1.258457,1.239826,1.277081,1.277081,1.221191,1.239826,1.258457,1.183914,1.239826,1.183914,1.202553,1.221191,1.277081,1.221191,1.239826,1.239826,1.146622,1.202553,1.202553,1.109322,1.183914,1.202553,1.183914,1.165268,1.127975,1.127975,1.146622,1.146622,1.146622,1.127975,1.109322,1.221191,1.258457,1.165268,1.127975,1.109322,1.202553,1.090672,1.202553,1.183914,1.034683,0.922638,0.773079,0.642052,0.473373,0.360783,0.229301,0.210506,0.041203,-0.015282,-0.128338,0.003551,-0.241501,0.135288,-0.052956,0.116478,0.116478,0.022377,-0.166042,-0.373657,-0.354774,-0.411446,-0.487053,-0.562710,-0.562710,-0.600559,-0.581635,-0.581635,-0.468147,-0.505962,-0.581635,-0.487053,-0.619488,-0.619488,-0.524879,-0.487053,-0.487053,
7.190231,7.101940,7.084278,7.154926,7.066605,7.137272,7.207882,7.172585,7.154926,7.278450,7.348972,7.735977,8.086544,8.121536,8.034035,7.472267,7.560242,7.542656,7.577831,7.612995,7.577831,7.648148,7.595413,7.753536,7.648148,7.683289,7.700855,7.665718,7.665718,7.735977,7.858810,7.876347,7.788635,7.683289,7.823730,7.841270,7.753536,7.911411,7.963982,7.806187,7.928940,7.981499,8.016525,8.016525,8.034035,8.051544,8.034035,8.051544,7.946465,8.139027,8.592743,8.679768,8.523075,8.226437,8.086544,8.086544,8.051544,8.034035,8.034035,8.016525,8.034035,8.086544,8.051544,8.156513,8.104042,8.156513,8.243912,8.016525,8.191483,8.243912,8.278851,8.418476,8.383591,8.331230,8.348686,8.191483,8.243912,8.243912,8.348686,8.470791,8.470791,8.488220,8.401035,8.540497,8.505650,8.644970,8.575333,8.575333,8.644970,8.749332,8.766716,8.731949,8.749332,8.627563,8.714558,8.731949,8.679768,8.766716,8.766716,8.731949,8.818848,8.749332,8.731949,8.749332,8.784096,8.731949,8.662369,8.592743,8.731949,8.731949,9.027115,9.113758,9.044441,8.679768,8.505650,8.296310,8.174004,8.121536,8.261383,8.208961,8.226437,8.261383,8.296310,8.296310,8.348686,8.191483,8.174004,8.191483,8.226437,8.208961,8.243912,8.261383,8.191483,8.278851,8.226437,8.226437,8.348686,8.278851,8.243912,8.313774,8.191483,8.174004,8.243912,8.261383,8.313774,8.313774,8.366138,8.331230,8.331230,8.470791,8.610161,9.009773,8.957737,8.870953,8.313774,8.243912,8.296310,8.261383,8.278851,8.261383,8.313774,8.348686,8.348686,8.488220,8.488220,8.453358,8.453358,8.366138,8.435913,8.401035,8.488220,8.488220,8.644970,8.627563,8.592743,8.540497,8.523075,8.575333,8.488220,8.592743,8.575333,8.644970,8.714558,8.679768,8.679768,8.784096,8.766716,8.801476,8.679768,8.749332,8.870953,9.217640,9.338692,9.252239,9.183022,9.234943,9.183022,9.200333,9.217640,9.131081,9.131081,9.113758,9.096436,9.044441,9.200333,9.252239,9.407806,9.390537,9.476868,9.286831,9.234943,9.321407,9.165710,9.148392,9.044441,9.079109,8.957737,8.923035,8.801476,8.662369,8.610161,8.627563,8.557915,8.540497,8.540497,8.610161,8.523075,8.435913,8.488220,8.366138,8.366138,8.366138,8.453358,8.470791,8.505650,8.488220,8.418476,8.470791,8.401035,8.383591,8.418476,8.261383,8.156513,8.086544,8.191483,8.139027,8.016525,8.156513,8.435913,9.131081,9.200333,9.061775,8.731949,8.523075,8.331230,8.366138,8.348686,8.313774,8.401035,8.401035,8.401035,8.383591,8.557915,8.505650,8.453358,8.331230,8.453358,8.366138,8.331230,8.366138,8.296310,8.278851,8.313774,8.383591,8.383591,8.418476,8.331230,8.418476,8.331230,8.366138,8.401035,8.453358,8.348686,8.313774,8.348686,8.383591,8.418476,8.453358,8.366138,8.488220,8.766716,9.079109,9.183022,8.888317,8.749332,8.714558,8.697163,8.749332,9.044441,9.061775,8.992432,8.957737,8.975086,9.079109,9.009773,8.923035,9.027115,8.957737,8.888317,9.009773,9.027115,9.131081,9.165710,9.165710,9.131081,9.009773,9.009773,9.009773,8.992432,9.148392,9.113758,9.009773,9.061775,9.044441,9.113758,8.940388,8.888317,8.853588,8.853588,8.992432,8.870953,8.870953,8.957737,8.853588,8.888317,8.714558,8.644970,8.610161,8.627563,8.610161,8.575333,8.418476,8.627563,8.697163,8.697163,8.749332,8.662369,8.592743,8.278851,8.278851,8.278851,8.261383,8.104042,8.121536,8.174004,8.069046,8.069046,8.156513,8.051544,8.121536,8.174004,7.946465,7.963982,7.893879,8.016525,7.858810,7.806187,7.876347,7.753536,7.700855,7.806187,7.771088,7.612995,7.595413,7.630577,7.560242,7.595413,7.489868,7.172585,6.907440,6.712570,6.570625,6.464035,6.428486,6.357342,6.321754,6.250534,6.339550,6.286148,6.161457,6.072296,5.965206,5.875885,5.643291,5.392242,5.266499,4.978535,4.852314,4.780113,4.635590,4.545155,4.454651,4.327812,4.382195,4.291550,4.237133,4.128212,4.110050,4.110050,4.055538,4.110050,4.055538,4.019184,4.037365,4.019184,3.873646,3.964630,3.946442,3.946442,3.982819,3.891846,3.910049,3.946442,3.837234,3.819023,3.873646,3.782589,3.855442,3.618496,3.691456,3.673222,3.581997,3.563744,3.490696,3.454159,3.545483,3.490696,3.454159,3.326176,3.307877,3.381042,3.344467,3.381042,3.326176,3.289577,3.289577,3.161407,3.198040,3.161407,3.088097,3.069763,3.179726,3.106426,3.124756,3.051422,2.941338,2.996395,2.959694,2.978043,2.904617,2.831142,2.867886,2.867886,2.794388,2.739227,2.831142,2.757618,2.757618,2.647240,2.739227,2.610428,2.592014,2.536758,2.573601,2.555180,2.407722,2.426170,2.241611,2.241611,2.389282,2.260078,2.278545,2.167706,2.130730,2.056755,2.075249,2.056755,2.056755,2.019749,2.038250,1.927174,1.908653,1.927174,1.890129,1.853065,1.704700,1.760357,1.778908,1.686142,1.704700,1.611877,1.649017,1.649017,1.667576,1.574726,1.574726,1.611877,1.556145,1.556145,1.518974,1.556145,1.574726,1.463196,1.556145,1.574726,1.481796,1.463196,1.481796,1.388790,1.463196,1.425999,1.444603,1.500385,1.425999,1.425999,1.444603,1.481796,1.332954,1.425999,1.425999,1.500385,1.556145,1.481796,1.425999,1.407394,1.407394,1.407394,1.314331,1.388790,1.370178,1.388790,1.407394,1.388790,1.425999,1.351563,1.202553,1.202553,1.332954,1.277081,1.370178,1.239826,1.239826,1.351563,1.351563,1.332954,1.258457,1.258457,1.277081,1.277081,1.258457,1.407394,1.258457,1.239826,1.277081,1.239826,1.314331,1.183914,1.258457,1.258457,1.202553,1.165268,1.370178,1.221191,1.221191,1.295708,1.165268,1.221191,1.165268,1.239826,1.183914,1.053349,1.258457,1.332954,1.295708,1.221191,1.109322,1.146622,1.221191,1.183914,1.146622,1.146622,1.183914,1.165268,0.978672,1.072006,1.165268,1.053349,1.277081,1.165268,1.146622,1.090672,1.127975,1.127975,1.072006,1.127975,1.090672,1.072006,0.941319,0.791779,0.623318,0.492126,0.248089,0.041203,0.379555,0.172905,-0.052956,-0.052956,0.041203,0.191704,0.172905,-0.071796,-0.128338,-0.316998,-0.373657,-0.487053,-0.600559,-0.581635,-0.524879,-0.468147,-0.600559,-0.581635,-0.562710,-0.657349,-0.505962,-0.657349,-0.524879,-0.562710,-0.505962,-0.600559,-0.449242,
7.560242,7.577831,7.489868,7.454662,7.348972,7.472267,7.313717,7.489868,7.489868,7.401833,7.401833,7.454662,8.016525,8.174004,8.121536,7.542656,7.612995,7.489868,7.560242,7.560242,7.560242,7.560242,7.630577,7.665718,7.700855,7.612995,7.648148,7.612995,7.595413,7.630577,7.858810,7.876347,7.788635,7.788635,7.683289,7.683289,7.788635,7.841270,7.806187,7.823730,7.876347,7.946465,7.928940,7.893879,7.893879,8.016525,7.893879,7.911411,7.911411,8.034035,8.435913,8.557915,8.592743,8.156513,7.753536,7.683289,7.630577,7.525059,7.595413,7.612995,7.595413,7.718422,7.771088,7.630577,7.665718,7.771088,7.893879,7.963982,7.823730,7.999016,8.051544,8.121536,8.278851,8.348686,8.156513,8.243912,8.243912,8.366138,8.401035,8.488220,8.453358,8.435913,8.366138,8.348686,8.331230,8.435913,8.523075,8.418476,8.488220,8.679768,8.905678,8.975086,8.801476,8.784096,8.749332,8.714558,8.766716,8.801476,8.766716,8.766716,8.749332,8.731949,8.853588,8.888317,8.888317,8.940388,8.923035,8.853588,8.905678,8.905678,8.870953,8.957737,8.957737,8.818848,8.679768,8.505650,8.523075,8.470791,8.540497,8.523075,8.644970,8.540497,8.523075,8.627563,8.766716,8.679768,8.575333,8.540497,8.523075,8.662369,8.697163,8.610161,8.679768,8.644970,8.540497,8.610161,8.540497,8.557915,8.575333,8.557915,8.662369,8.505650,8.505650,8.575333,8.540497,8.662369,8.714558,8.714558,8.731949,8.818848,8.957737,9.079109,9.044441,8.923035,8.592743,8.557915,8.523075,8.488220,8.453358,8.418476,8.592743,8.540497,8.523075,8.557915,8.523075,8.418476,8.453358,8.401035,8.331230,8.366138,8.366138,8.505650,8.523075,8.401035,8.418476,8.383591,8.366138,8.435913,8.278851,8.418476,8.313774,8.453358,8.348686,8.401035,8.366138,8.435913,8.313774,8.331230,8.366138,8.418476,8.505650,8.992432,9.321407,9.183022,8.957737,8.801476,8.818848,8.784096,8.801476,8.784096,8.801476,8.784096,8.801476,8.784096,8.923035,8.975086,9.079109,9.044441,9.061775,9.217640,9.217640,9.148392,9.131081,9.131081,9.165710,9.200333,9.009773,9.183022,9.061775,8.975086,9.061775,9.061775,9.061775,8.940388,8.975086,8.992432,9.027115,8.923035,8.923035,8.940388,8.923035,8.818848,8.905678,8.975086,9.044441,9.027115,8.870953,8.836220,8.784096,8.749332,8.836220,8.592743,8.470791,8.470791,8.418476,8.261383,8.366138,8.313774,8.662369,9.200333,9.459610,9.165710,8.853588,8.697163,8.557915,8.470791,8.523075,8.505650,8.453358,8.488220,8.523075,8.557915,8.714558,8.697163,8.697163,8.679768,8.610161,8.644970,8.627563,8.523075,8.505650,8.435913,8.418476,8.401035,8.313774,8.418476,8.418476,8.401035,8.453358,8.470791,8.557915,8.540497,8.505650,8.470791,8.470791,8.488220,8.348686,8.418476,8.401035,8.435913,8.749332,9.096436,9.165710,8.923035,8.644970,8.557915,8.679768,8.714558,8.714558,8.749332,8.784096,8.662369,8.714558,8.679768,8.644970,8.610161,8.714558,8.575333,8.627563,8.627563,8.818848,8.818848,8.992432,8.888317,8.853588,8.818848,8.905678,8.992432,8.957737,9.096436,9.079109,8.992432,8.957737,8.853588,8.888317,8.888317,8.888317,8.888317,8.836220,8.888317,8.853588,8.975086,9.131081,8.992432,8.940388,8.766716,8.662369,8.662369,8.662369,8.592743,8.644970,8.697163,8.697163,8.714558,8.644970,8.697163,8.610161,8.610161,8.575333,8.557915,8.575333,8.488220,8.453358,8.435913,8.470791,8.453358,8.488220,8.470791,8.366138,8.435913,8.418476,8.366138,8.313774,8.313774,8.243912,8.296310,8.174004,8.121536,8.121536,8.034035,8.051544,7.981499,7.823730,7.893879,7.928940,7.928940,7.893879,7.788635,7.700855,7.560242,7.313717,7.137272,6.889732,6.748028,6.623875,6.677101,6.659363,6.570625,6.464035,6.250534,6.232731,6.143627,6.036610,6.054455,5.893753,5.750706,5.661201,5.499908,5.176598,4.924461,4.924461,4.635590,4.707874,4.617508,4.490860,4.563248,4.273415,4.237133,4.146374,4.110050,4.182686,4.055538,4.037365,4.019184,4.037365,4.019184,4.019184,3.964630,3.891846,3.982819,3.873646,3.964630,3.946442,3.910049,3.928246,3.873646,3.746143,3.855442,3.727913,3.837234,3.837234,3.709686,3.673222,3.673222,3.527222,3.545483,3.490696,3.527222,3.417606,3.527222,3.435883,3.417606,3.362751,3.362751,3.344467,3.271278,3.307877,3.143085,3.216351,3.234665,3.198040,3.179726,3.161407,3.161407,3.216351,3.124756,3.051422,3.069763,3.069763,2.904617,2.996395,2.978043,2.996395,2.886253,2.831142,2.867886,2.720840,2.812759,2.776005,2.684044,2.720840,2.720840,2.573601,2.610428,2.536758,2.573601,2.536758,2.444607,2.426170,2.389282,2.278545,2.426170,2.278545,2.260078,2.223137,2.223137,2.278545,2.167706,2.186188,2.112244,2.019749,1.982727,2.038250,2.112244,1.834530,1.945694,1.815990,1.853065,1.797447,1.723259,1.723259,1.778908,1.704700,1.741806,1.630447,1.611877,1.574726,1.593300,1.686142,1.630447,1.611877,1.593300,1.518974,1.500385,1.537560,1.518974,1.518974,1.518974,1.537560,1.444603,1.481796,1.463196,1.425999,1.444603,1.407394,1.388790,1.425999,1.481796,1.425999,1.481796,1.388790,1.388790,1.407394,1.425999,1.463196,1.500385,1.295708,1.388790,1.444603,1.277081,1.370178,1.332954,1.239826,1.388790,1.388790,1.314331,1.332954,1.351563,1.221191,1.295708,1.239826,1.295708,1.295708,1.314331,1.351563,1.332954,1.351563,1.332954,1.277081,1.202553,1.221191,1.314331,1.351563,1.239826,1.295708,1.202553,1.239826,1.277081,1.258457,1.239826,1.277081,1.314331,1.277081,1.277081,1.183914,1.202553,1.221191,1.146622,1.239826,1.202553,1.202553,1.146622,1.221191,1.221191,1.202553,1.183914,1.127975,1.221191,1.109322,1.109322,1.165268,1.165268,1.016018,1.165268,1.072006,1.165268,1.165268,1.127975,1.034683,1.109322,1.202553,1.146622,1.165268,1.258457,1.239826,1.146622,1.109322,1.034683,1.034683,0.941319,0.866573,0.623318,0.473373,0.417091,0.229301,0.003551,0.097664,0.097664,0.191704,-0.015282,0.022377,-0.090641,-0.222633,-0.203766,-0.430344,-0.411446,-0.468147,-0.524879,-0.505962,-0.562710,-0.581635,-0.562710,-0.619488,-0.562710,-0.524879,-0.562710,-0.505962,-0.487053,-0.487053,-0.354774,
7.893879,7.876347,8.016525,7.876347,7.841270,7.893879,7.981499,7.946465,7.999016,7.893879,7.823730,7.683289,8.104042,8.243912,8.191483,7.981499,7.858810,7.963982,7.963982,7.911411,7.911411,8.016525,7.876347,7.999016,7.893879,7.946465,7.841270,7.911411,7.911411,7.911411,7.876347,7.893879,7.928940,7.963982,7.963982,7.806187,7.753536,7.876347,8.016525,7.981499,7.911411,8.016525,8.016525,8.069046,7.981499,8.034035,7.963982,7.999016,7.858810,7.911411,8.278851,8.679768,8.627563,8.243912,7.876347,7.612995,7.507469,7.454662,7.454662,7.577831,7.525059,7.665718,7.648148,7.612995,7.612995,7.771088,7.771088,7.718422,7.788635,7.823730,7.735977,7.823730,7.858810,7.911411,7.999016,8.051544,8.034035,7.981499,8.121536,8.174004,8.261383,8.191483,7.893879,7.946465,7.999016,7.946465,7.893879,8.016525,8.139027,8.331230,8.662369,8.853588,8.679768,8.331230,8.226437,8.278851,8.296310,8.261383,8.366138,8.401035,8.348686,8.348686,8.418476,8.418476,8.488220,8.470791,8.627563,8.470791,8.697163,8.662369,8.697163,8.784096,8.784096,8.679768,8.679768,8.557915,8.435913,8.575333,8.644970,8.662369,8.697163,8.644970,8.766716,8.679768,8.784096,8.853588,8.749332,8.870953,8.975086,9.027115,9.131081,9.061775,9.027115,9.044441,9.113758,8.992432,9.009773,9.061775,8.992432,9.027115,9.079109,9.009773,9.044441,9.061775,9.079109,9.113758,9.286831,9.286831,9.234943,9.217640,9.234943,9.200333,9.200333,9.096436,8.870953,8.766716,8.766716,8.801476,8.853588,8.818848,8.836220,8.870953,8.853588,8.923035,8.836220,8.714558,8.662369,8.575333,8.540497,8.575333,8.557915,8.592743,8.662369,8.557915,8.470791,8.488220,8.488220,8.418476,8.453358,8.313774,8.401035,8.366138,8.401035,8.453358,8.435913,8.366138,8.366138,8.313774,8.313774,8.261383,8.366138,8.853588,9.373260,9.113758,8.923035,8.697163,8.592743,8.592743,8.540497,8.697163,8.592743,8.697163,8.505650,8.697163,8.731949,8.749332,8.749332,8.731949,8.697163,8.610161,8.679768,8.540497,8.714558,8.749332,8.714558,8.818848,8.697163,8.853588,8.766716,8.766716,8.923035,8.801476,8.801476,8.853588,8.870953,8.836220,8.870953,8.870953,8.784096,8.888317,8.836220,8.888317,8.975086,9.234943,9.373260,9.286831,9.217640,9.079109,9.148392,9.113758,9.148392,9.027115,9.113758,9.061775,9.027115,8.992432,8.836220,8.870953,9.252239,9.217640,9.183022,9.217640,9.131081,9.044441,9.027115,9.027115,8.992432,8.905678,8.853588,8.957737,8.957737,8.975086,9.096436,9.148392,9.183022,9.234943,9.252239,8.975086,9.009773,8.888317,8.836220,8.714558,8.731949,8.592743,8.662369,8.679768,8.679768,8.679768,8.575333,8.714558,8.610161,8.662369,8.731949,8.662369,8.679768,8.627563,8.644970,8.505650,8.644970,8.610161,8.888317,9.269539,9.355976,9.113758,8.731949,8.557915,8.610161,8.644970,8.662369,8.644970,8.627563,8.662369,8.662369,8.644970,8.644970,8.575333,8.592743,8.557915,8.557915,8.557915,8.644970,8.749332,8.801476,8.749332,8.784096,8.731949,8.731949,8.697163,8.766716,9.027115,8.975086,8.836220,8.731949,8.627563,8.575333,8.627563,8.557915,8.523075,8.383591,8.453358,8.575333,8.888317,9.061775,9.027115,8.888317,8.523075,8.296310,8.261383,8.278851,8.313774,8.331230,8.366138,8.313774,8.366138,8.296310,8.401035,8.435913,8.470791,8.453358,8.488220,8.575333,8.470791,8.470791,8.488220,8.523075,8.505650,8.523075,8.418476,8.383591,8.435913,8.470791,8.557915,8.470791,8.453358,8.453358,8.383591,8.331230,8.243912,8.261383,8.191483,8.104042,8.121536,8.086544,8.174004,8.226437,8.243912,8.261383,8.174004,8.069046,7.858810,7.841270,7.718422,7.419441,7.278450,7.172585,7.066605,6.942829,6.801193,6.623875,6.535103,6.375134,6.357342,6.161457,6.197094,6.107971,6.054455,5.911625,5.875885,5.786484,5.625381,5.446091,5.212570,4.978535,4.996559,4.762062,4.635590,4.527058,4.418427,4.345943,4.273415,4.309685,4.182686,4.073711,4.091881,4.110050,4.037365,4.001003,3.982819,3.910049,3.964630,3.982819,3.982819,3.855442,3.928246,3.928246,3.910049,3.873646,3.873646,3.891846,3.873646,3.764370,3.764370,3.727913,3.746143,3.618496,3.563744,3.618496,3.490696,3.508965,3.581997,3.490696,3.545483,3.435883,3.454159,3.381042,3.362751,3.344467,3.252968,3.399323,3.289577,3.289577,3.234665,3.252968,3.198040,3.198040,3.106426,3.051422,3.124756,3.106426,3.051422,3.051422,2.922981,2.941338,3.051422,3.033081,2.996395,2.904617,2.922981,2.812759,2.867886,2.831142,2.831142,2.702442,2.702442,2.702442,2.647240,2.628838,2.794388,2.592014,2.481476,2.444607,2.463043,2.352383,2.352383,2.370834,2.241611,2.370834,2.223137,2.223137,2.186188,2.149220,2.112244,2.093750,2.001236,2.038250,1.945694,1.964214,1.871597,1.871597,1.815990,1.815990,1.815990,1.760357,1.723259,1.593300,1.704700,1.667576,1.686142,1.649017,1.537560,1.667576,1.556145,1.649017,1.556145,1.593300,1.444603,1.518974,1.574726,1.537560,1.500385,1.537560,1.481796,1.463196,1.444603,1.425999,1.425999,1.444603,1.500385,1.351563,1.444603,1.481796,1.407394,1.463196,1.500385,1.425999,1.463196,1.370178,1.351563,1.444603,1.407394,1.407394,1.407394,1.351563,1.332954,1.314331,1.407394,1.370178,1.332954,1.277081,1.314331,1.277081,1.332954,1.407394,1.332954,1.258457,1.388790,1.332954,1.370178,1.332954,1.221191,1.239826,1.202553,1.295708,1.239826,1.295708,1.370178,1.295708,1.258457,1.332954,1.314331,1.258457,1.183914,1.183914,1.221191,1.183914,1.165268,1.239826,1.202553,1.258457,1.183914,1.202553,1.183914,1.183914,1.202553,1.109322,1.165268,1.277081,1.221191,1.146622,1.109322,1.090672,1.072006,0.997345,1.034683,1.183914,1.183914,1.165268,1.090672,1.165268,1.202553,1.239826,1.221191,1.109322,1.165268,1.165268,1.072006,1.127975,1.109322,1.146622,1.109322,1.034683,0.959999,0.791779,0.679501,0.492126,0.248089,0.285667,0.191704,0.266880,0.191704,0.135288,-0.147186,-0.147186,-0.260368,-0.241501,-0.354774,-0.411446,-0.392548,-0.373657,-0.505962,-0.562710,-0.411446,-0.524879,-0.600559,-0.581635,-0.638416,-0.562710,-0.505962,-0.505962,-0.449242,
7.999016,8.016525,8.016525,8.034035,8.139027,8.243912,8.243912,8.278851,8.331230,8.261383,8.086544,8.139027,8.296310,8.313774,8.243912,8.278851,8.191483,8.121536,8.208961,8.261383,8.278851,8.296310,8.313774,8.401035,8.401035,8.243912,8.435913,8.453358,8.366138,8.418476,8.383591,8.278851,8.331230,8.418476,8.383591,8.261383,8.278851,8.243912,8.226437,8.208961,8.191483,8.208961,8.348686,8.313774,8.226437,8.174004,8.121536,8.174004,8.226437,8.243912,8.418476,8.679768,8.644970,8.453358,8.051544,7.771088,7.525059,7.595413,7.665718,7.735977,7.560242,7.753536,7.876347,7.858810,7.823730,7.946465,8.016525,7.981499,7.946465,7.858810,7.788635,7.841270,7.788635,7.771088,7.858810,7.876347,7.823730,7.946465,8.086544,8.051544,7.963982,7.928940,7.876347,7.823730,7.823730,7.911411,7.858810,7.858810,8.034035,8.121536,8.766716,8.905678,8.731949,8.156513,8.034035,8.034035,7.858810,8.139027,8.069046,8.034035,8.051544,8.051544,8.016525,8.104042,8.139027,8.191483,8.243912,8.226437,8.156513,8.208961,8.261383,8.243912,8.139027,8.261383,8.139027,8.174004,8.366138,8.278851,8.296310,8.366138,8.383591,8.383591,8.523075,8.470791,8.453358,8.401035,8.610161,8.435913,8.488220,8.905678,9.200333,9.113758,9.079109,9.044441,9.079109,9.044441,8.940388,8.940388,8.957737,8.957737,9.027115,9.044441,9.044441,8.957737,9.113758,9.113758,9.148392,9.234943,9.200333,9.217640,9.269539,9.113758,9.200333,9.234943,9.234943,9.096436,9.096436,9.079109,9.148392,9.200333,9.252239,9.252239,9.234943,9.131081,9.131081,9.113758,9.096436,9.027115,8.975086,8.992432,9.009773,9.061775,9.061775,8.975086,9.009773,8.818848,8.836220,8.731949,8.870953,8.766716,8.766716,8.662369,8.662369,8.644970,8.714558,8.697163,8.679768,8.575333,8.488220,8.488220,8.418476,8.766716,9.269539,9.131081,8.957737,8.766716,8.679768,8.627563,8.662369,8.592743,8.627563,8.627563,8.644970,8.627563,8.627563,8.592743,8.453358,8.540497,8.540497,8.523075,8.505650,8.540497,8.592743,8.540497,8.557915,8.488220,8.575333,8.644970,8.644970,8.610161,8.679768,8.557915,8.488220,8.488220,8.453358,8.383591,8.453358,8.453358,8.366138,8.313774,8.418476,8.401035,8.714558,9.304119,9.252239,9.079109,8.853588,8.818848,8.784096,8.888317,8.957737,9.027115,9.096436,9.148392,9.027115,9.044441,9.044441,9.061775,9.131081,9.079109,9.148392,9.131081,9.148392,9.061775,9.131081,9.009773,9.079109,9.113758,9.131081,9.079109,9.079109,9.200333,9.286831,9.252239,9.252239,9.200333,9.286831,9.286831,9.321407,9.183022,9.252239,9.131081,9.096436,9.217640,9.200333,9.252239,9.183022,9.269539,9.148392,9.217640,9.183022,9.148392,9.079109,9.079109,8.992432,8.940388,9.027115,8.940388,8.870953,8.975086,9.234943,9.494129,9.459610,9.217640,8.940388,8.697163,8.749332,8.749332,8.749332,8.749332,8.749332,8.714558,8.610161,8.662369,8.610161,8.627563,8.662369,8.610161,8.627563,8.714558,8.714558,8.749332,8.818848,8.923035,8.870953,8.784096,8.784096,8.766716,8.923035,8.992432,8.940388,8.749332,8.662369,8.627563,8.610161,8.592743,8.592743,8.523075,8.418476,8.435913,8.523075,8.905678,9.009773,9.113758,8.888317,8.488220,8.383591,8.331230,8.348686,8.243912,8.296310,8.296310,8.243912,8.243912,8.313774,8.348686,8.313774,8.313774,8.331230,8.383591,8.383591,8.366138,8.348686,8.383591,8.331230,8.313774,8.261383,8.278851,8.383591,8.296310,8.278851,8.313774,8.331230,8.348686,8.226437,8.191483,8.296310,8.191483,8.174004,8.156513,8.086544,8.121536,8.121536,8.261383,8.470791,8.348686,8.366138,8.226437,7.999016,7.946465,7.841270,7.841270,7.788635,7.718422,7.665718,7.560242,7.525059,7.348972,6.942829,6.730297,6.765751,6.588379,6.517342,6.446259,6.339550,6.232731,6.107971,6.197094,5.947346,6.125797,6.054455,5.929482,5.768597,5.464031,5.230549,4.996559,4.888393,4.816223,4.707874,4.454651,4.418427,4.345943,4.218987,4.309685,4.146374,4.110050,4.237133,4.128212,4.110050,4.037365,4.055538,4.055538,4.001003,4.055538,4.001003,3.928246,3.891846,3.873646,3.928246,3.891846,3.855442,3.964630,3.873646,3.800804,3.855442,3.782589,3.764370,3.782589,3.636738,3.581997,3.636738,3.581997,3.527222,3.581997,3.490696,3.508965,3.490696,3.399323,3.435883,3.435883,3.381042,3.472427,3.271278,3.307877,3.271278,3.252968,3.362751,3.234665,3.216351,3.198040,3.161407,3.161407,3.106426,2.996395,3.069763,3.051422,3.106426,3.106426,2.996395,2.996395,2.959694,2.941338,2.978043,2.904617,2.849514,2.776005,2.794388,2.647240,2.684044,2.702442,2.702442,2.592014,2.592014,2.444607,2.444607,2.463043,2.407722,2.297012,2.352383,2.186188,2.297012,2.186188,2.241611,2.093750,2.056755,2.075249,2.075249,1.927174,1.964214,1.945694,1.834530,1.834530,1.853065,1.834530,1.778908,1.741806,1.778908,1.815990,1.741806,1.630447,1.686142,1.667576,1.686142,1.574726,1.630447,1.518974,1.649017,1.593300,1.556145,1.518974,1.556145,1.593300,1.630447,1.500385,1.444603,1.518974,1.500385,1.537560,1.407394,1.537560,1.481796,1.407394,1.425999,1.388790,1.500385,1.425999,1.388790,1.314331,1.463196,1.407394,1.463196,1.388790,1.425999,1.388790,1.463196,1.463196,1.388790,1.351563,1.314331,1.332954,1.332954,1.351563,1.388790,1.407394,1.295708,1.314331,1.314331,1.221191,1.258457,1.332954,1.258457,1.314331,1.258457,1.277081,1.332954,1.239826,1.277081,1.295708,1.221191,1.221191,1.221191,1.202553,1.221191,1.277081,1.258457,1.277081,1.277081,1.165268,1.239826,1.183914,1.221191,1.127975,1.109322,1.221191,1.183914,1.295708,1.146622,1.258457,1.146622,1.109322,1.146622,1.090672,1.053349,1.090672,1.053349,1.221191,1.034683,1.053349,1.053349,1.146622,1.072006,1.146622,1.016018,1.183914,1.053349,1.090672,1.183914,1.072006,1.109322,1.202553,1.090672,1.146622,1.016018,0.922638,0.847881,0.698219,0.492126,0.435852,0.435852,0.379555,0.135288,0.003551,-0.052956,-0.147186,-0.354774,-0.335884,-0.335884,-0.373657,-0.411446,-0.411446,-0.524879,-0.449242,-0.524879,-0.487053,-0.543793,-0.562710,-0.487053,-0.524879,-0.524879,-0.505962,
7.683289,7.700855,7.823730,7.858810,7.841270,7.841270,7.876347,7.963982,8.121536,7.928940,8.034035,8.016525,8.121536,8.086544,8.104042,8.086544,8.104042,8.016525,8.069046,8.174004,8.208961,8.208961,8.261383,8.331230,8.401035,8.383591,8.366138,8.488220,8.505650,8.453358,8.540497,8.453358,8.470791,8.627563,8.557915,8.627563,8.488220,8.226437,8.296310,8.243912,8.348686,8.401035,8.435913,8.540497,8.435913,8.366138,8.523075,8.523075,8.523075,8.453358,8.644970,8.697163,8.627563,8.488220,8.139027,8.016525,7.946465,8.051544,8.086544,7.946465,8.051544,8.069046,8.121536,8.208961,8.261383,8.366138,8.331230,8.226437,8.278851,8.086544,8.174004,8.069046,8.051544,7.999016,8.156513,8.139027,8.104042,8.086544,8.069046,8.034035,8.034035,8.016525,8.051544,7.963982,7.963982,8.016525,7.981499,7.928940,8.016525,8.121536,8.697163,8.731949,8.679768,8.278851,7.999016,7.911411,7.946465,7.893879,7.963982,7.946465,7.981499,7.946465,7.999016,8.016525,8.121536,8.086544,8.086544,8.156513,8.139027,8.034035,8.034035,7.963982,8.174004,8.016525,8.034035,8.034035,8.086544,8.086544,8.034035,8.191483,8.156513,8.156513,8.243912,8.243912,8.139027,8.191483,8.226437,8.174004,8.191483,8.488220,9.234943,9.044441,8.975086,8.714558,8.697163,8.679768,8.610161,8.575333,8.610161,8.592743,8.488220,8.592743,8.697163,8.731949,8.679768,8.644970,8.749332,8.975086,9.044441,9.061775,9.061775,8.957737,8.975086,8.975086,8.905678,8.801476,8.801476,8.870953,8.940388,8.975086,9.044441,9.027115,9.061775,9.079109,9.113758,9.200333,9.200333,9.200333,9.321407,9.252239,9.545887,9.442345,9.425079,9.321407,9.321407,9.183022,9.044441,9.165710,9.234943,9.113758,9.286831,9.217640,9.131081,9.113758,9.096436,9.009773,9.009773,8.923035,8.888317,8.784096,8.836220,9.113758,9.252239,9.252239,9.113758,8.975086,8.923035,8.870953,8.818848,8.836220,8.836220,8.784096,8.766716,8.679768,8.714558,8.644970,8.627563,8.662369,8.610161,8.592743,8.557915,8.610161,8.575333,8.644970,8.575333,8.523075,8.610161,8.610161,8.644970,8.679768,8.557915,8.644970,8.575333,8.470791,8.453358,8.401035,8.453358,8.418476,8.278851,8.278851,8.278851,8.331230,8.540497,9.148392,9.304119,8.992432,8.679768,8.505650,8.488220,8.557915,8.540497,8.610161,8.592743,8.662369,8.610161,8.662369,8.644970,8.714558,8.679768,8.714558,8.714558,8.749332,8.766716,8.836220,8.905678,8.818848,8.923035,8.870953,8.870953,8.853588,8.940388,8.992432,9.027115,9.027115,8.992432,9.009773,8.992432,9.079109,9.217640,9.217640,9.148392,9.113758,9.044441,9.304119,9.476868,9.476868,9.459610,9.304119,9.373260,9.390537,9.373260,9.373260,9.355976,9.407806,9.286831,9.183022,9.321407,9.459610,9.269539,9.459610,9.528633,9.632080,9.580376,9.355976,9.269539,9.269539,9.200333,9.234943,9.165710,9.096436,9.044441,9.044441,8.957737,8.923035,8.923035,8.923035,8.957737,8.923035,8.888317,9.009773,8.957737,9.044441,9.044441,9.027115,9.061775,9.096436,8.957737,8.940388,8.975086,8.975086,8.975086,8.784096,8.784096,8.679768,8.610161,8.697163,8.662369,8.610161,8.401035,8.488220,8.488220,8.749332,9.148392,9.131081,8.957737,8.557915,8.418476,8.278851,8.401035,8.331230,8.348686,8.348686,8.401035,8.331230,8.383591,8.383591,8.366138,8.418476,8.383591,8.313774,8.383591,8.331230,8.296310,8.243912,8.243912,8.243912,8.261383,8.243912,8.208961,8.243912,8.278851,8.348686,8.383591,8.243912,8.383591,8.243912,8.034035,8.139027,8.069046,8.016525,7.963982,7.893879,7.858810,8.191483,8.435913,8.435913,8.261383,8.156513,7.911411,7.806187,7.858810,7.718422,7.718422,7.648148,7.665718,7.683289,7.683289,7.542656,7.331345,7.278450,7.084278,6.872036,6.712570,6.606125,6.499577,6.428486,6.428486,6.357342,6.197094,6.286148,6.321754,6.214916,6.054455,6.036610,5.983063,5.607468,5.302444,5.068611,4.906425,4.689812,4.671738,4.563248,4.454651,4.400314,4.291550,4.255280,4.146374,4.128212,4.128212,4.091881,4.110050,4.128212,4.055538,4.037365,4.055538,4.055538,4.019184,3.928246,3.873646,4.001003,3.964630,3.910049,3.891846,3.891846,3.891846,3.819023,3.782589,3.727913,3.800804,3.727913,3.618496,3.673222,3.636738,3.545483,3.581997,3.527222,3.527222,3.490696,3.362751,3.362751,3.454159,3.435883,3.381042,3.362751,3.362751,3.399323,3.362751,3.289577,3.216351,3.271278,3.326176,3.161407,3.143085,3.289577,3.198040,3.216351,3.252968,3.179726,3.179726,3.161407,3.051422,3.051422,3.033081,2.959694,2.959694,2.867886,2.886253,2.757618,2.794388,2.794388,2.849514,2.684044,2.702442,2.610428,2.518333,2.499908,2.481476,2.370834,2.370834,2.315472,2.352383,2.315472,2.315472,2.149220,2.241611,2.149220,2.186188,2.075249,1.982727,2.093750,2.075249,1.964214,1.908653,1.945694,1.834530,1.834530,1.834530,1.853065,1.741806,1.723259,1.667576,1.649017,1.704700,1.704700,1.593300,1.686142,1.667576,1.574726,1.518974,1.537560,1.630447,1.630447,1.574726,1.537560,1.481796,1.574726,1.537560,1.407394,1.444603,1.481796,1.463196,1.388790,1.463196,1.463196,1.463196,1.388790,1.463196,1.481796,1.463196,1.407394,1.518974,1.407394,1.425999,1.332954,1.388790,1.425999,1.444603,1.314331,1.295708,1.239826,1.370178,1.388790,1.388790,1.351563,1.258457,1.258457,1.314331,1.221191,1.258457,1.295708,1.221191,1.295708,1.332954,1.277081,1.183914,1.258457,1.295708,1.277081,1.295708,1.258457,1.258457,1.202553,1.221191,1.165268,1.258457,1.221191,1.183914,1.277081,1.295708,1.277081,1.202553,1.127975,1.239826,1.165268,1.295708,1.239826,1.146622,1.239826,1.127975,1.127975,1.165268,1.034683,0.997345,0.978672,1.072006,1.165268,1.127975,1.090672,1.072006,1.183914,1.109322,1.072006,0.997345,1.034683,0.978672,0.773079,0.941319,1.016018,0.997345,1.090672,1.165268,1.109322,1.072006,1.127975,1.016018,0.959999,0.810486,0.791779,0.735657,0.529621,0.398327,0.097664,-0.071796,-0.128338,-0.166042,-0.147186,-0.279243,-0.260368,-0.316998,-0.335884,-0.373657,-0.392548,-0.449242,-0.487053,-0.487053,-0.543793,-0.562710,-0.487053,-0.562710,-0.468147,
7.648148,7.700855,7.665718,7.858810,7.718422,7.577831,7.648148,7.648148,7.718422,7.788635,7.858810,7.700855,7.788635,7.876347,7.858810,7.928940,7.928940,7.946465,7.858810,8.121536,8.086544,8.086544,8.051544,8.051544,8.243912,8.243912,8.261383,8.313774,8.331230,8.418476,8.261383,8.243912,8.278851,8.488220,8.470791,8.557915,8.470791,8.016525,7.858810,7.928940,7.981499,8.016525,8.156513,8.069046,8.069046,8.104042,8.243912,8.208961,8.243912,8.366138,8.366138,8.366138,8.418476,8.348686,8.208961,8.208961,8.104042,8.208961,8.261383,8.139027,8.208961,8.174004,8.226437,8.261383,8.401035,8.331230,8.401035,8.453358,8.435913,8.383591,8.348686,8.331230,8.383591,8.679768,8.644970,8.418476,8.401035,8.226437,8.278851,8.383591,8.296310,8.296310,8.366138,8.401035,8.383591,8.331230,8.435913,8.208961,8.348686,8.453358,8.662369,8.731949,8.697163,8.348686,8.174004,8.016525,8.051544,8.034035,7.999016,8.174004,8.086544,8.069046,8.104042,8.086544,8.174004,8.174004,8.243912,8.156513,8.208961,8.139027,8.174004,8.104042,8.139027,8.139027,8.156513,8.121536,8.069046,8.174004,8.086544,8.104042,8.208961,8.174004,8.313774,8.243912,8.156513,8.139027,8.208961,8.121536,8.208961,8.470791,8.923035,9.234943,8.992432,8.731949,8.644970,8.575333,8.540497,8.470791,8.418476,8.488220,8.540497,8.575333,8.523075,8.505650,8.488220,8.470791,8.557915,8.662369,8.766716,8.714558,8.679768,8.627563,8.731949,8.557915,8.592743,8.662369,8.575333,8.644970,8.627563,8.679768,8.662369,8.644970,8.610161,8.592743,8.627563,8.662369,8.818848,8.905678,8.870953,9.148392,9.355976,9.407806,9.338692,9.200333,9.234943,8.975086,8.992432,8.957737,9.079109,8.992432,9.044441,9.009773,9.131081,9.148392,9.061775,9.131081,9.269539,9.200333,9.200333,9.113758,9.113758,9.234943,9.304119,9.183022,9.183022,9.217640,9.234943,9.217640,9.079109,9.061775,9.027115,9.061775,9.027115,9.009773,8.940388,8.905678,8.888317,8.957737,8.853588,8.766716,8.766716,8.818848,8.697163,8.836220,8.784096,8.749332,8.714558,8.731949,8.731949,8.766716,8.679768,8.697163,8.575333,8.575333,8.505650,8.592743,8.453358,8.435913,8.401035,8.278851,8.383591,8.401035,8.662369,9.183022,9.286831,9.217640,8.853588,8.435913,8.383591,8.401035,8.453358,8.453358,8.505650,8.453358,8.488220,8.488220,8.505650,8.575333,8.749332,8.557915,8.557915,8.540497,8.627563,8.731949,8.714558,8.662369,8.662369,8.662369,8.749332,8.697163,8.662369,8.749332,8.766716,8.836220,8.784096,8.749332,8.784096,8.818848,8.784096,8.923035,8.923035,8.992432,9.009773,9.200333,9.476868,9.632080,9.373260,9.113758,9.165710,9.131081,9.148392,8.992432,9.027115,9.044441,9.079109,9.079109,9.200333,9.321407,9.373260,9.390537,9.545887,9.528633,9.511379,9.494129,9.373260,9.476868,9.373260,9.373260,9.338692,9.338692,9.286831,9.355976,9.200333,9.234943,9.269539,9.338692,9.373260,9.286831,9.338692,9.390537,9.407806,9.425079,9.286831,9.355976,9.442345,9.442345,9.373260,9.321407,9.304119,9.148392,9.027115,9.061775,8.992432,8.853588,8.940388,8.888317,8.853588,8.853588,8.592743,8.627563,8.644970,9.044441,9.044441,9.079109,8.749332,8.540497,8.557915,8.435913,8.401035,8.453358,8.418476,8.470791,8.470791,8.435913,8.540497,8.470791,8.505650,8.505650,8.540497,8.470791,8.453358,8.313774,8.418476,8.313774,8.243912,8.313774,8.278851,8.313774,8.261383,8.278851,8.401035,8.348686,8.348686,8.470791,8.313774,8.261383,8.174004,8.139027,8.069046,7.999016,7.999016,7.893879,7.928940,8.296310,8.540497,8.523075,8.523075,8.261383,8.156513,7.893879,7.876347,7.753536,7.735977,7.753536,7.735977,7.788635,7.700855,7.665718,7.648148,7.507469,7.525059,7.260815,7.084278,7.101940,6.872036,6.748028,6.677101,6.623875,6.570625,6.446259,6.357342,6.268349,6.232731,6.054455,5.983063,5.929482,5.875885,5.732807,5.392242,5.230549,5.014572,4.798172,4.743999,4.472755,4.472755,4.454651,4.364071,4.327812,4.291550,4.091881,4.182686,4.110050,4.037365,4.073711,3.964630,4.073711,4.091881,3.946442,3.910049,3.964630,3.928246,3.928246,3.873646,3.910049,3.946442,3.837234,3.910049,3.782589,3.873646,3.873646,3.782589,3.673222,3.819023,3.727913,3.673222,3.581997,3.600243,3.527222,3.490696,3.527222,3.508965,3.490696,3.545483,3.472427,3.362751,3.435883,3.381042,3.399323,3.326176,3.326176,3.289577,3.271278,3.289577,3.381042,3.252968,3.234665,3.344467,3.344467,3.271278,3.198040,3.198040,3.252968,3.161407,3.143085,3.106426,3.106426,3.014740,2.978043,2.849514,2.959694,2.867886,2.739227,2.757618,2.610428,2.592014,2.628838,2.573601,2.499908,2.499908,2.426170,2.407722,2.426170,2.389282,2.333931,2.241611,2.186188,2.186188,2.130730,2.075249,2.167706,2.019749,2.130730,2.019749,1.927174,1.945694,1.908653,1.871597,1.834530,1.797447,1.834530,1.815990,1.815990,1.741806,1.723259,1.667576,1.667576,1.611877,1.630447,1.667576,1.481796,1.593300,1.500385,1.667576,1.537560,1.481796,1.518974,1.463196,1.500385,1.593300,1.407394,1.463196,1.481796,1.593300,1.463196,1.500385,1.444603,1.444603,1.481796,1.518974,1.425999,1.481796,1.388790,1.518974,1.425999,1.388790,1.444603,1.407394,1.314331,1.351563,1.295708,1.314331,1.407394,1.388790,1.314331,1.388790,1.295708,1.314331,1.332954,1.388790,1.277081,1.332954,1.314331,1.258457,1.258457,1.258457,1.370178,1.277081,1.295708,1.351563,1.295708,1.239826,1.221191,1.202553,1.165268,1.202553,1.183914,1.183914,1.202553,1.221191,1.221191,1.258457,1.221191,1.221191,1.127975,1.351563,1.202553,1.295708,1.295708,1.146622,1.146622,1.090672,1.127975,1.053349,0.885265,0.959999,1.090672,1.034683,1.072006,1.109322,1.127975,0.997345,0.997345,1.016018,0.978672,0.978672,0.922638,0.959999,0.997345,1.090672,1.053349,1.053349,1.090672,1.034683,1.053349,1.127975,0.997345,1.016018,0.941319,0.959999,0.959999,0.529621,0.398327,0.229301,0.041203,-0.034115,0.041203,0.022377,-0.147186,-0.203766,-0.260368,-0.335884,-0.184906,-0.298119,-0.222633,-0.487053,-0.449242,-0.468147,-0.392548,-0.411446,-0.411446,
7.718422,7.665718,7.841270,7.806187,7.841270,7.771088,7.735977,7.700855,7.718422,7.753536,7.788635,7.771088,7.788635,7.841270,7.928940,7.893879,7.963982,7.946465,8.016525,8.104042,8.121536,7.999016,7.963982,7.928940,8.034035,8.104042,8.156513,8.069046,8.121536,8.121536,8.104042,7.946465,7.876347,8.156513,8.453358,8.557915,8.470791,7.788635,7.700855,7.683289,7.630577,7.771088,7.700855,7.595413,7.665718,7.630577,7.665718,7.700855,7.788635,7.788635,7.753536,7.788635,7.823730,7.735977,7.771088,7.718422,7.788635,7.665718,7.753536,7.683289,7.753536,7.841270,7.753536,7.876347,7.946465,7.893879,7.911411,7.841270,7.999016,8.069046,7.999016,7.928940,8.174004,8.714558,8.714558,8.644970,8.453358,8.348686,8.313774,8.401035,8.348686,8.383591,8.401035,8.383591,8.383591,8.435913,8.383591,8.366138,8.261383,8.435913,8.592743,8.610161,8.662369,8.331230,8.331230,8.243912,8.313774,8.226437,8.366138,8.313774,8.366138,8.348686,8.401035,8.261383,8.366138,8.418476,8.470791,8.435913,8.418476,8.418476,8.418476,8.418476,8.557915,8.453358,8.470791,8.470791,8.383591,8.366138,8.348686,8.401035,8.453358,8.453358,8.523075,8.401035,8.401035,8.348686,8.401035,8.296310,8.366138,8.505650,9.096436,9.217640,9.234943,8.801476,8.749332,8.697163,8.523075,8.435913,8.523075,8.575333,8.557915,8.592743,8.540497,8.575333,8.418476,8.557915,8.627563,8.644970,8.784096,8.749332,8.714558,8.575333,8.610161,8.557915,8.540497,8.540497,8.644970,8.488220,8.488220,8.575333,8.523075,8.644970,8.523075,8.470791,8.383591,8.470791,8.505650,8.470791,8.505650,8.627563,8.923035,9.390537,9.511379,9.234943,8.818848,8.610161,8.470791,8.488220,8.540497,8.488220,8.557915,8.470791,8.679768,8.644970,8.627563,8.697163,8.853588,8.905678,8.888317,8.784096,8.940388,8.957737,8.975086,8.888317,8.888317,8.870953,8.905678,8.940388,8.923035,9.009773,8.905678,9.079109,8.975086,8.853588,8.853588,8.888317,8.975086,8.957737,9.044441,8.975086,9.096436,9.096436,9.079109,9.096436,9.113758,9.061775,8.992432,9.061775,8.923035,8.992432,8.975086,8.870953,8.870953,8.957737,8.870953,8.801476,8.731949,8.870953,8.818848,8.836220,8.749332,8.784096,8.801476,9.113758,9.234943,9.200333,8.784096,8.488220,8.383591,8.383591,8.470791,8.523075,8.505650,8.453358,8.540497,8.435913,8.557915,8.679768,8.679768,8.505650,8.505650,8.662369,8.714558,8.784096,8.714558,8.662369,8.766716,8.731949,8.679768,8.731949,8.749332,8.731949,8.801476,8.784096,8.766716,8.836220,8.784096,8.818848,8.853588,8.801476,8.870953,8.888317,8.923035,9.148392,9.459610,9.580376,9.304119,9.113758,9.009773,8.853588,8.766716,8.627563,8.679768,8.697163,8.644970,8.801476,8.801476,8.992432,8.888317,9.061775,9.079109,9.304119,9.304119,9.269539,9.252239,9.200333,9.165710,9.131081,9.113758,8.957737,9.061775,9.027115,9.113758,9.061775,9.183022,9.338692,9.355976,9.442345,9.373260,9.338692,9.425079,9.390537,9.459610,9.580376,9.580376,9.580376,9.683773,9.632080,9.442345,9.390537,9.217640,9.217640,9.165710,9.061775,9.113758,9.183022,9.113758,9.044441,8.870953,8.940388,8.975086,9.113758,9.113758,9.079109,8.975086,8.888317,8.853588,8.731949,8.818848,8.697163,8.662369,8.714558,8.749332,8.801476,8.784096,8.784096,8.749332,8.853588,8.731949,8.749332,8.662369,8.610161,8.575333,8.523075,8.435913,8.505650,8.488220,8.488220,8.453358,8.418476,8.453358,8.453358,8.505650,8.488220,8.523075,8.435913,8.261383,8.261383,8.261383,8.121536,7.911411,8.051544,8.034035,8.453358,8.644970,8.644970,8.523075,8.208961,8.086544,7.893879,7.911411,7.858810,7.823730,7.928940,7.876347,7.893879,7.823730,7.718422,7.683289,7.648148,7.630577,7.542656,7.489868,7.384212,7.313717,7.154926,6.907440,6.801193,6.712570,6.588379,6.481804,6.357342,6.357342,6.090134,6.161457,6.107971,6.107971,5.947346,5.911625,5.804367,5.607468,5.428139,5.284477,4.924461,4.780113,4.707874,4.581333,4.508957,4.454651,4.309685,4.400314,4.237133,4.237133,4.200836,4.164528,4.146374,4.055538,4.091881,4.055538,4.019184,3.964630,3.928246,3.964630,3.982819,4.001003,4.001003,3.873646,3.873646,3.855442,3.946442,3.873646,3.819023,3.782589,3.764370,3.782589,3.636738,3.618496,3.654976,3.545483,3.581997,3.490696,3.563744,3.490696,3.490696,3.545483,3.362751,3.472427,3.490696,3.417606,3.417606,3.417606,3.289577,3.399323,3.362751,3.472427,3.527222,3.545483,3.545483,3.545483,3.527222,3.454159,3.417606,3.381042,3.399323,3.271278,3.271278,3.198040,3.161407,3.088097,3.088097,2.959694,2.959694,2.849514,2.812759,2.757618,2.812759,2.647240,2.665649,2.592014,2.647240,2.499908,2.499908,2.463043,2.426170,2.499908,2.333931,2.297012,2.297012,2.389282,2.223137,2.112244,2.112244,1.982727,1.982727,2.093750,2.019749,1.945694,1.945694,1.908653,1.982727,1.871597,1.741806,1.741806,1.815990,1.871597,1.927174,1.704700,1.667576,1.686142,1.611877,1.686142,1.630447,1.593300,1.611877,1.556145,1.556145,1.611877,1.556145,1.593300,1.518974,1.574726,1.518974,1.556145,1.463196,1.444603,1.407394,1.463196,1.351563,1.463196,1.351563,1.370178,1.388790,1.407394,1.370178,1.425999,1.444603,1.500385,1.388790,1.314331,1.351563,1.314331,1.388790,1.351563,1.370178,1.351563,1.407394,1.332954,1.314331,1.351563,1.388790,1.295708,1.277081,1.351563,1.314331,1.277081,1.314331,1.221191,1.258457,1.277081,1.165268,1.239826,1.202553,1.314331,1.221191,1.314331,1.295708,1.221191,1.165268,1.295708,1.239826,1.146622,1.202553,1.239826,1.183914,1.277081,1.127975,1.221191,1.165268,1.258457,1.127975,1.239826,1.034683,1.053349,0.922638,0.922638,1.034683,1.034683,1.165268,1.127975,0.978672,1.053349,0.885265,0.829178,0.866573,0.959999,0.959999,1.072006,1.016018,1.016018,1.127975,1.053349,1.072006,1.146622,1.146622,1.072006,1.090672,1.090672,1.146622,1.053349,1.072006,0.903954,0.698219,0.473373,0.417091,0.360783,0.116478,0.154095,-0.147186,-0.090641,-0.184906,-0.109489,-0.316998,-0.411446,-0.316998,-0.354774,-0.279243,-0.392548,-0.316998,-0.392548,-0.449242,
7.963982,7.893879,7.981499,7.981499,8.086544,7.999016,7.963982,7.911411,8.034035,7.999016,7.981499,7.841270,8.016525,8.016525,8.016525,8.121536,8.139027,8.174004,8.191483,8.383591,8.208961,8.191483,8.086544,8.174004,8.121536,8.156513,8.086544,8.016525,8.086544,8.086544,8.051544,7.946465,7.911411,7.946465,8.435913,8.627563,8.418476,8.069046,7.630577,7.560242,7.648148,7.648148,7.612995,7.665718,7.577831,7.560242,7.507469,7.525059,7.560242,7.577831,7.718422,7.577831,7.472267,7.454662,7.542656,7.595413,7.560242,7.472267,7.525059,7.507469,7.454662,7.507469,7.489868,7.437057,7.595413,7.560242,7.648148,7.648148,7.753536,7.595413,7.665718,7.612995,7.928940,8.540497,8.731949,8.523075,8.191483,7.946465,7.963982,8.034035,8.086544,8.086544,7.981499,7.999016,7.963982,8.051544,8.034035,8.069046,8.051544,8.104042,8.086544,8.243912,8.366138,8.296310,8.208961,8.296310,8.174004,8.261383,8.383591,8.348686,8.435913,8.453358,8.435913,8.505650,8.523075,8.592743,8.575333,8.592743,8.592743,8.610161,8.697163,8.662369,8.853588,8.940388,9.009773,8.870953,8.940388,8.853588,8.853588,8.905678,8.801476,8.923035,8.870953,8.853588,8.836220,8.749332,8.836220,8.784096,8.818848,8.923035,9.217640,9.269539,9.183022,8.870953,8.818848,8.679768,8.592743,8.488220,8.523075,8.731949,8.801476,8.992432,8.957737,8.853588,8.870953,8.836220,8.766716,8.801476,8.766716,8.766716,8.870953,8.662369,8.610161,8.523075,8.662369,8.557915,8.470791,8.540497,8.435913,8.540497,8.470791,8.418476,8.453358,8.383591,8.348686,8.488220,8.540497,8.505650,8.470791,8.540497,8.766716,9.338692,9.459610,9.304119,8.853588,8.575333,8.470791,8.348686,8.418476,8.418476,8.418476,8.278851,8.401035,8.366138,8.453358,8.470791,8.644970,8.627563,8.610161,8.644970,8.523075,8.557915,8.540497,8.453358,8.401035,8.523075,8.523075,8.523075,8.610161,8.418476,8.523075,8.557915,8.523075,8.470791,8.383591,8.505650,8.610161,8.627563,8.697163,8.662369,8.697163,8.784096,9.200333,9.148392,9.131081,9.061775,9.009773,8.888317,8.905678,8.870953,8.905678,8.888317,8.888317,8.905678,8.905678,8.905678,8.957737,8.923035,9.027115,8.992432,8.888317,9.061775,9.044441,9.131081,9.113758,9.165710,8.870953,8.731949,8.557915,8.610161,8.540497,8.575333,8.610161,8.592743,8.575333,8.679768,8.766716,8.731949,8.766716,8.523075,8.627563,8.697163,8.905678,8.853588,8.888317,8.784096,8.888317,8.801476,8.784096,8.766716,8.731949,8.836220,8.801476,8.870953,8.818848,8.766716,8.784096,8.818848,8.731949,8.731949,8.836220,8.870953,8.957737,9.009773,9.407806,9.390537,9.373260,8.957737,8.749332,8.644970,8.644970,8.557915,8.557915,8.627563,8.540497,8.627563,8.627563,8.766716,8.679768,8.662369,8.749332,8.940388,8.870953,8.801476,8.749332,8.714558,8.836220,8.888317,8.836220,8.714558,8.766716,8.679768,8.714558,8.714558,8.801476,8.870953,8.975086,8.905678,8.957737,8.975086,9.027115,9.183022,9.131081,9.027115,9.165710,9.442345,9.476868,9.390537,9.183022,9.096436,9.113758,8.940388,8.923035,8.870953,8.940388,8.940388,8.992432,8.923035,8.923035,8.870953,8.853588,8.905678,8.888317,8.784096,8.749332,8.731949,8.818848,8.784096,8.853588,8.836220,8.888317,8.923035,8.923035,9.009773,8.957737,9.027115,9.044441,9.079109,9.131081,9.027115,8.992432,8.957737,9.027115,8.888317,8.957737,9.009773,8.905678,8.836220,8.818848,8.731949,8.644970,8.644970,8.714558,8.714558,8.662369,8.557915,8.435913,8.331230,8.401035,8.366138,8.156513,8.208961,8.278851,8.540497,8.627563,8.679768,8.523075,8.261383,8.104042,7.999016,8.069046,7.999016,7.981499,7.963982,8.051544,8.051544,7.911411,8.034035,7.858810,7.806187,7.753536,7.718422,7.753536,7.665718,7.718422,7.507469,7.419441,7.207882,7.031254,6.872036,6.748028,6.552864,6.410706,6.321754,6.250534,6.197094,6.286148,6.214916,6.125797,6.143627,6.107971,6.125797,6.036610,5.679108,5.320412,5.176598,4.996559,4.834267,4.653660,4.671738,4.545155,4.508957,4.382195,4.345943,4.345943,4.110050,4.073711,4.182686,4.091881,3.982819,4.001003,4.037365,4.001003,3.982819,3.928246,3.982819,3.964630,3.946442,3.891846,3.964630,3.891846,3.910049,3.855442,3.855442,3.819023,3.800804,3.782589,3.800804,3.800804,3.782589,3.636738,3.636738,3.618496,3.673222,3.636738,3.545483,3.508965,3.454159,3.508965,3.545483,3.600243,3.527222,3.490696,3.508965,3.673222,3.764370,3.727913,3.873646,3.837234,3.837234,3.782589,3.727913,3.691456,3.691456,3.563744,3.508965,3.527222,3.381042,3.362751,3.234665,3.234665,3.106426,3.124756,3.069763,2.996395,2.886253,2.831142,2.739227,2.794388,2.720840,2.702442,2.665649,2.610428,2.592014,2.481476,2.518333,2.536758,2.315472,2.370834,2.260078,2.223137,2.223137,2.167706,2.112244,2.112244,2.167706,2.075249,2.019749,2.075249,2.019749,1.964214,1.964214,1.890129,1.778908,1.667576,1.741806,1.815990,1.667576,1.704700,1.723259,1.704700,1.649017,1.686142,1.667576,1.500385,1.611877,1.723259,1.667576,1.574726,1.574726,1.611877,1.463196,1.463196,1.518974,1.574726,1.500385,1.481796,1.500385,1.537560,1.463196,1.425999,1.444603,1.463196,1.407394,1.444603,1.463196,1.407394,1.388790,1.332954,1.444603,1.314331,1.370178,1.388790,1.444603,1.388790,1.370178,1.407394,1.388790,1.370178,1.314331,1.351563,1.407394,1.295708,1.295708,1.332954,1.370178,1.277081,1.295708,1.332954,1.221191,1.277081,1.202553,1.258457,1.183914,1.258457,1.183914,1.165268,1.202553,1.277081,1.221191,1.183914,1.221191,1.146622,1.183914,1.221191,1.277081,1.183914,1.221191,1.183914,1.127975,1.165268,1.034683,1.016018,0.959999,0.847881,1.053349,1.183914,1.090672,1.090672,1.034683,0.847881,0.773079,0.773079,0.773079,0.847881,0.885265,0.885265,1.034683,1.072006,1.090672,1.090672,1.053349,1.016018,1.127975,1.053349,1.109322,1.053349,1.016018,1.034683,1.034683,1.090672,1.034683,0.922638,0.791779,0.529621,0.360783,0.323231,0.097664,0.022377,0.022377,-0.071796,-0.128338,-0.222633,-0.279243,-0.279243,-0.411446,-0.298119,-0.279243,-0.335884,-0.335884,
8.418476,8.296310,8.383591,8.383591,8.435913,8.435913,8.401035,8.331230,8.278851,8.226437,8.296310,8.156513,8.226437,8.401035,8.488220,8.418476,8.505650,8.488220,8.523075,8.592743,8.575333,8.557915,8.366138,8.366138,8.331230,8.226437,8.121536,8.086544,8.069046,8.086544,8.174004,8.034035,7.911411,7.823730,8.331230,8.592743,8.627563,8.174004,7.823730,7.928940,7.700855,7.683289,7.806187,7.788635,7.718422,7.630577,7.665718,7.630577,7.718422,7.718422,7.683289,7.612995,7.525059,7.577831,7.612995,7.630577,7.577831,7.542656,7.630577,7.507469,7.507469,7.612995,7.542656,7.560242,7.560242,7.560242,7.542656,7.577831,7.489868,7.489868,7.525059,7.560242,7.735977,8.121536,8.610161,8.557915,8.104042,7.893879,7.911411,7.981499,8.069046,7.981499,7.911411,7.858810,7.876347,7.999016,7.963982,7.999016,7.999016,8.034035,7.928940,8.051544,7.999016,7.911411,7.911411,8.069046,8.121536,8.104042,8.034035,8.121536,8.104042,7.963982,8.069046,8.139027,8.208961,8.174004,8.366138,8.278851,8.191483,8.278851,8.331230,8.401035,8.836220,8.957737,8.957737,8.888317,8.836220,8.818848,8.836220,8.766716,8.801476,8.818848,8.818848,8.905678,8.870953,8.905678,8.923035,8.940388,9.044441,8.975086,9.009773,9.096436,9.096436,8.923035,8.975086,8.870953,8.731949,8.731949,8.870953,9.079109,9.044441,9.217640,9.183022,9.113758,9.200333,9.079109,9.027115,9.044441,9.027115,8.957737,8.975086,8.975086,8.870953,8.853588,8.697163,8.592743,8.627563,8.523075,8.488220,8.488220,8.557915,8.575333,8.540497,8.644970,8.523075,8.644970,8.644970,8.523075,8.662369,8.644970,8.853588,9.338692,9.373260,9.442345,8.992432,8.697163,8.453358,8.470791,8.418476,8.470791,8.418476,8.453358,8.523075,8.453358,8.401035,8.557915,8.697163,8.784096,8.714558,8.627563,8.488220,8.505650,8.505650,8.470791,8.418476,8.453358,8.418476,8.453358,8.470791,8.488220,8.401035,8.348686,8.348686,8.278851,8.243912,8.278851,8.435913,8.505650,8.366138,8.261383,8.296310,8.697163,9.113758,9.079109,9.200333,8.836220,8.627563,8.592743,8.435913,8.505650,8.575333,8.505650,8.610161,8.644970,8.714558,8.627563,8.644970,8.714558,8.766716,8.801476,8.870953,8.818848,8.818848,8.853588,8.975086,8.853588,8.836220,8.749332,8.836220,8.818848,8.766716,8.818848,8.766716,8.818848,8.766716,8.801476,8.766716,8.975086,8.766716,8.714558,8.836220,8.905678,9.044441,9.183022,9.148392,9.113758,9.079109,9.096436,9.044441,8.957737,8.992432,8.905678,8.870953,9.009773,8.888317,8.766716,8.749332,8.784096,8.853588,8.818848,8.801476,8.731949,8.818848,8.957737,9.252239,9.252239,9.286831,8.836220,8.575333,8.523075,8.557915,8.453358,8.523075,8.557915,8.679768,8.592743,8.644970,8.610161,8.540497,8.557915,8.679768,8.766716,8.714558,8.662369,8.662369,8.644970,8.697163,8.870953,8.697163,8.731949,8.610161,8.592743,8.644970,8.644970,8.714558,8.592743,8.714558,8.731949,8.766716,8.731949,8.610161,8.714558,8.766716,8.679768,8.975086,9.459610,9.459610,9.304119,8.940388,8.644970,8.644970,8.592743,8.644970,8.575333,8.540497,8.540497,8.610161,8.697163,8.662369,8.627563,8.557915,8.592743,8.540497,8.523075,8.557915,8.575333,8.488220,8.505650,8.557915,8.610161,8.610161,8.575333,8.592743,8.662369,8.731949,8.870953,9.009773,8.992432,8.957737,8.975086,8.975086,9.061775,9.027115,9.148392,9.131081,9.113758,9.131081,9.079109,8.992432,8.940388,8.766716,8.801476,8.714558,8.749332,8.697163,8.714558,8.644970,8.610161,8.697163,8.540497,8.331230,8.470791,8.523075,8.627563,8.627563,8.627563,8.470791,8.348686,8.366138,8.348686,8.366138,8.243912,8.243912,8.174004,8.331230,8.243912,8.069046,8.104042,8.121536,8.086544,7.999016,7.841270,7.946465,7.911411,7.876347,7.753536,7.771088,7.753536,7.630577,7.437057,7.296085,6.960518,6.765751,6.712570,6.570625,6.464035,6.428486,6.375134,6.339550,6.375134,6.357342,6.214916,6.161457,6.036610,5.911625,5.840134,5.535770,5.392242,5.104614,4.924461,4.798172,4.653660,4.599422,4.490860,4.508957,4.273415,4.273415,4.200836,4.146374,4.091881,3.946442,4.019184,3.982819,3.946442,4.019184,3.964630,3.928246,3.964630,3.982819,3.946442,3.946442,3.964630,3.946442,3.928246,3.891846,3.873646,3.855442,3.855442,3.855442,3.800804,3.673222,3.727913,3.691456,3.727913,3.654976,3.600243,3.581997,3.545483,3.581997,3.545483,3.490696,3.545483,3.545483,3.691456,3.764370,3.891846,3.891846,4.019184,4.182686,4.200836,4.273415,4.128212,4.001003,3.946442,3.946442,3.964630,3.764370,3.691456,3.636738,3.581997,3.435883,3.381042,3.271278,3.179726,3.051422,3.033081,2.996395,2.978043,2.831142,2.739227,2.757618,2.757618,2.776005,2.592014,2.610428,2.610428,2.555180,2.426170,2.407722,2.352383,2.333931,2.241611,2.278545,2.260078,2.186188,2.149220,2.149220,2.075249,2.112244,2.038250,1.982727,2.019749,2.019749,1.871597,1.908653,1.853065,1.890129,1.797447,1.815990,1.649017,1.686142,1.686142,1.686142,1.723259,1.593300,1.649017,1.667576,1.630447,1.630447,1.630447,1.667576,1.667576,1.481796,1.518974,1.630447,1.537560,1.444603,1.463196,1.518974,1.500385,1.481796,1.351563,1.388790,1.444603,1.388790,1.518974,1.463196,1.388790,1.351563,1.332954,1.295708,1.407394,1.388790,1.370178,1.295708,1.314331,1.295708,1.351563,1.407394,1.295708,1.370178,1.295708,1.351563,1.314331,1.258457,1.258457,1.221191,1.258457,1.295708,1.277081,1.277081,1.258457,1.277081,1.202553,1.239826,1.146622,1.258457,1.183914,1.370178,1.239826,1.239826,1.239826,1.127975,1.202553,1.239826,1.239826,1.090672,1.165268,1.183914,1.165268,1.165268,1.072006,1.034683,1.034683,1.090672,1.127975,1.053349,1.127975,1.090672,0.922638,0.866573,0.660774,0.735657,0.754364,0.791779,0.847881,1.053349,1.034683,1.072006,0.997345,1.127975,1.034683,1.016018,0.959999,0.997345,0.978672,1.016018,1.053349,1.016018,1.146622,1.109322,1.090672,1.053349,1.072006,0.829178,0.716938,0.623318,0.360783,0.398327,0.097664,0.078846,0.041203,-0.147186,-0.184906,-0.279243,-0.241501,-0.279243,-0.335884,-0.279243,-0.354774,
8.296310,8.313774,8.261383,8.418476,8.435913,8.401035,8.331230,8.313774,8.313774,8.366138,8.226437,8.226437,8.243912,8.505650,8.644970,8.749332,8.575333,8.592743,8.697163,8.592743,8.575333,8.610161,8.453358,8.505650,8.470791,8.488220,8.435913,8.383591,8.278851,8.366138,8.366138,8.331230,8.208961,8.226437,8.453358,8.575333,8.627563,8.714558,8.348686,8.104042,8.069046,8.051544,7.963982,7.999016,7.981499,7.893879,7.999016,7.963982,7.981499,7.981499,7.999016,8.034035,7.981499,7.893879,8.086544,8.034035,7.946465,7.823730,7.823730,7.841270,7.823730,7.683289,7.753536,7.788635,7.771088,7.700855,7.911411,7.876347,7.718422,7.735977,7.788635,7.823730,7.911411,8.470791,8.627563,8.662369,8.226437,7.999016,8.034035,7.981499,8.034035,8.208961,8.069046,7.999016,7.999016,8.051544,7.946465,8.034035,7.999016,7.999016,8.104042,8.104042,8.174004,7.981499,7.981499,7.963982,7.981499,8.069046,8.069046,7.963982,8.051544,7.981499,8.086544,8.086544,8.034035,8.051544,8.086544,8.034035,7.999016,8.139027,8.104042,8.208961,8.366138,8.923035,9.044441,8.923035,8.453358,8.366138,8.296310,8.383591,8.401035,8.540497,8.366138,8.540497,8.575333,8.488220,8.523075,8.697163,8.575333,8.662369,8.766716,8.766716,8.697163,8.749332,8.923035,8.940388,8.836220,9.044441,9.079109,8.940388,9.079109,8.957737,8.888317,9.079109,9.131081,9.113758,9.113758,9.131081,9.027115,9.061775,9.061775,9.131081,9.321407,9.217640,9.165710,8.905678,8.923035,8.697163,8.749332,8.818848,8.766716,8.870953,8.836220,8.923035,8.940388,8.905678,9.044441,8.923035,8.853588,8.923035,9.096436,9.459610,9.390537,9.425079,9.044441,8.801476,8.766716,8.627563,8.784096,8.818848,8.749332,8.697163,8.714558,8.714558,8.679768,8.662369,8.870953,8.957737,8.957737,8.888317,8.714558,8.836220,8.697163,8.592743,8.644970,8.610161,8.644970,8.662369,8.592743,8.627563,8.662369,8.627563,8.575333,8.505650,8.383591,8.348686,8.470791,8.348686,8.366138,8.243912,8.383591,8.697163,9.096436,9.113758,9.234943,8.923035,8.697163,8.366138,8.470791,8.383591,8.418476,8.401035,8.401035,8.435913,8.470791,8.470791,8.505650,8.505650,8.523075,8.540497,8.505650,8.557915,8.662369,8.592743,8.644970,8.610161,8.662369,8.627563,8.697163,8.644970,8.627563,8.662369,8.784096,8.731949,8.662369,8.766716,8.731949,8.801476,8.749332,8.940388,8.836220,8.940388,9.044441,9.355976,9.373260,9.355976,9.252239,9.113758,9.079109,9.061775,8.957737,8.923035,8.940388,9.009773,9.009773,9.027115,8.975086,9.027115,8.975086,8.992432,8.888317,8.923035,8.957737,9.061775,9.183022,9.148392,9.131081,8.853588,8.644970,8.540497,8.505650,8.488220,8.523075,8.575333,8.575333,8.557915,8.610161,8.557915,8.557915,8.644970,8.749332,8.731949,8.679768,8.662369,8.679768,8.766716,8.766716,8.679768,8.731949,8.697163,8.679768,8.679768,8.662369,8.697163,8.749332,8.662369,8.714558,8.679768,8.801476,8.697163,8.644970,8.697163,8.697163,8.662369,8.975086,9.373260,9.425079,9.217640,8.784096,8.540497,8.592743,8.592743,8.557915,8.470791,8.488220,8.470791,8.523075,8.610161,8.488220,8.453358,8.435913,8.418476,8.453358,8.348686,8.435913,8.435913,8.453358,8.505650,8.610161,8.557915,8.523075,8.679768,8.488220,8.575333,8.488220,8.697163,8.644970,8.575333,8.540497,8.540497,8.610161,8.662369,8.731949,8.697163,8.923035,9.165710,9.079109,9.044441,8.923035,8.731949,8.523075,8.488220,8.488220,8.488220,8.540497,8.488220,8.523075,8.557915,8.540497,8.401035,8.523075,8.488220,8.435913,8.470791,8.523075,8.488220,8.418476,8.470791,8.401035,8.401035,8.331230,8.313774,8.261383,8.383591,8.313774,8.331230,8.313774,8.261383,8.278851,8.191483,8.208961,8.174004,8.208961,8.104042,8.016525,8.121536,8.156513,8.191483,8.104042,8.121536,7.841270,7.507469,7.331345,6.872036,6.836617,6.659363,6.765751,6.712570,6.499577,6.392914,6.428486,6.339550,6.286148,6.161457,6.107971,6.107971,6.036610,5.965206,5.643291,5.481972,5.194580,4.960514,4.816223,4.707874,4.671738,4.454651,4.418427,4.345943,4.291550,4.255280,4.146374,4.164528,4.146374,4.073711,4.055538,4.128212,3.982819,3.946442,4.019184,4.019184,3.982819,3.982819,3.928246,3.910049,3.873646,3.928246,3.891846,3.891846,3.910049,3.855442,3.800804,3.819023,3.727913,3.618496,3.600243,3.581997,3.673222,3.654976,3.636738,3.618496,3.527222,3.527222,3.581997,3.600243,3.673222,3.891846,4.019184,4.291550,4.508957,4.563248,4.508957,4.617508,4.400314,4.436539,4.382195,4.255280,4.200836,3.964630,4.001003,3.837234,3.673222,3.654976,3.362751,3.362751,3.234665,3.234665,3.198040,3.088097,2.978043,2.922981,2.886253,2.849514,2.812759,2.684044,2.647240,2.647240,2.555180,2.573601,2.463043,2.592014,2.463043,2.333931,2.426170,2.297012,2.278545,2.260078,2.223137,2.204666,2.204666,2.112244,2.130730,2.112244,2.001236,1.927174,1.945694,1.908653,1.853065,1.890129,1.778908,1.760357,1.760357,1.741806,1.778908,1.630447,1.649017,1.649017,1.704700,1.630447,1.630447,1.686142,1.649017,1.500385,1.425999,1.518974,1.556145,1.407394,1.574726,1.481796,1.481796,1.463196,1.556145,1.481796,1.444603,1.370178,1.481796,1.481796,1.481796,1.500385,1.407394,1.370178,1.444603,1.351563,1.332954,1.388790,1.388790,1.518974,1.370178,1.314331,1.295708,1.295708,1.407394,1.314331,1.425999,1.332954,1.388790,1.277081,1.314331,1.277081,1.239826,1.295708,1.277081,1.277081,1.277081,1.295708,1.295708,1.239826,1.221191,1.202553,1.239826,1.221191,1.202553,1.165268,1.277081,1.165268,1.183914,1.127975,1.127975,1.127975,1.239826,1.146622,1.202553,1.090672,1.072006,1.016018,1.109322,1.165268,1.072006,1.090672,0.997345,0.810486,0.735657,0.847881,0.810486,0.810486,0.885265,0.959999,0.959999,1.016018,1.053349,0.959999,0.959999,0.959999,0.903954,0.997345,0.997345,0.978672,0.997345,1.034683,0.978672,1.053349,0.997345,0.941319,0.997345,1.090672,0.959999,1.090672,0.978672,0.847881,0.791779,0.398327,0.360783,0.210506,0.135288,0.041203,0.041203,-0.147186,-0.203766,-0.203766,-0.316998,-0.279243,
8.191483,8.051544,8.174004,8.313774,8.208961,8.243912,8.121536,8.069046,8.139027,8.051544,7.981499,7.963982,7.999016,8.104042,8.418476,8.644970,8.627563,8.226437,8.226437,8.191483,8.156513,8.156513,8.104042,8.174004,8.296310,8.296310,8.261383,8.278851,8.226437,8.208961,8.348686,8.331230,8.296310,8.261383,8.348686,8.348686,8.348686,8.366138,8.453358,8.313774,8.435913,8.278851,8.243912,8.313774,8.366138,8.331230,8.243912,8.226437,8.331230,8.331230,8.296310,8.296310,8.296310,8.366138,8.435913,8.470791,8.243912,8.243912,8.226437,8.174004,8.086544,8.016525,8.121536,8.156513,8.051544,8.174004,8.226437,8.208961,8.208961,8.191483,8.016525,8.191483,8.243912,8.540497,8.557915,8.714558,8.366138,8.191483,8.121536,8.208961,8.366138,8.453358,8.418476,8.470791,8.383591,8.488220,8.418476,8.401035,8.401035,8.366138,8.505650,8.488220,8.435913,8.331230,8.261383,8.278851,8.470791,8.243912,8.383591,8.296310,8.296310,8.243912,8.278851,8.296310,8.278851,8.331230,8.243912,8.191483,8.243912,8.191483,8.278851,8.174004,8.278851,8.870953,8.940388,8.888317,8.575333,8.296310,8.226437,8.278851,8.261383,8.348686,8.191483,8.226437,8.348686,8.366138,8.313774,8.313774,8.348686,8.348686,8.401035,8.348686,8.453358,8.505650,8.453358,8.470791,8.505650,8.540497,8.505650,8.523075,8.610161,8.505650,8.470791,8.627563,8.540497,8.557915,8.627563,8.592743,8.697163,8.575333,8.714558,8.975086,9.183022,9.200333,9.148392,8.679768,8.575333,8.662369,8.662369,8.627563,8.714558,8.836220,8.749332,8.818848,8.853588,8.836220,8.992432,9.113758,9.096436,9.079109,9.009773,9.009773,9.183022,9.096436,9.079109,8.940388,9.027115,8.940388,8.940388,9.044441,9.009773,9.096436,9.113758,9.217640,9.079109,9.096436,9.252239,9.252239,9.304119,9.234943,9.079109,9.061775,9.165710,9.165710,9.113758,9.044441,9.061775,8.992432,8.957737,8.940388,8.923035,8.853588,8.905678,8.801476,8.784096,8.575333,8.540497,8.523075,8.540497,8.418476,8.418476,8.679768,9.096436,8.992432,9.113758,8.923035,8.557915,8.453358,8.331230,8.470791,8.383591,8.401035,8.505650,8.401035,8.470791,8.505650,8.453358,8.505650,8.575333,8.488220,8.383591,8.453358,8.505650,8.557915,8.627563,8.679768,8.679768,8.592743,8.540497,8.575333,8.488220,8.453358,8.662369,8.575333,8.610161,8.557915,8.453358,8.540497,8.592743,8.557915,8.540497,8.610161,8.801476,9.234943,9.304119,9.217640,9.113758,8.940388,8.627563,8.627563,8.679768,8.679768,8.731949,8.731949,8.905678,8.905678,9.079109,8.975086,8.975086,8.905678,8.957737,8.940388,8.801476,8.784096,8.975086,8.888317,8.853588,8.853588,8.766716,8.749332,8.679768,8.731949,8.714558,8.575333,8.644970,8.697163,8.836220,8.697163,8.610161,8.731949,8.784096,8.870953,8.870953,8.957737,9.009773,9.061775,8.940388,8.888317,8.853588,8.870953,8.766716,8.818848,8.784096,8.731949,8.697163,8.766716,8.801476,8.731949,8.731949,8.679768,8.679768,8.644970,8.610161,8.662369,8.992432,9.321407,9.459610,9.113758,8.731949,8.610161,8.523075,8.557915,8.575333,8.575333,8.557915,8.627563,8.575333,8.610161,8.662369,8.662369,8.557915,8.557915,8.557915,8.505650,8.523075,8.627563,8.644970,8.749332,8.714558,8.714558,8.662369,8.627563,8.575333,8.557915,8.575333,8.714558,8.557915,8.575333,8.575333,8.523075,8.453358,8.488220,8.523075,8.644970,8.784096,9.079109,9.165710,9.113758,8.749332,8.505650,8.331230,8.313774,8.331230,8.226437,8.278851,8.348686,8.383591,8.296310,8.331230,8.348686,8.401035,8.313774,8.296310,8.296310,8.278851,8.278851,8.278851,8.296310,8.278851,8.348686,8.278851,8.278851,8.174004,8.243912,8.243912,8.208961,8.139027,8.086544,8.104042,8.121536,8.086544,8.086544,8.139027,7.999016,7.999016,8.051544,8.243912,8.366138,8.383591,8.278851,8.104042,7.806187,7.735977,7.630577,7.384212,7.348972,7.154926,6.907440,6.730297,6.623875,6.535103,6.428486,6.446259,6.339550,6.321754,6.321754,6.179276,6.197094,6.161457,6.072296,5.893753,5.822250,5.481972,5.266499,5.032589,4.725941,4.707874,4.617508,4.454651,4.490860,4.291550,4.345943,4.255280,4.273415,4.128212,4.146374,4.110050,4.091881,4.019184,4.037365,3.982819,3.964630,4.037365,3.982819,3.928246,3.891846,3.946442,3.910049,3.982819,3.855442,3.837234,3.946442,3.873646,3.855442,3.746143,3.782589,3.782589,3.709686,3.691456,3.673222,3.654976,3.654976,3.673222,3.654976,3.819023,3.819023,4.200836,4.490860,4.545155,4.834267,4.870358,4.978535,5.050598,4.906425,4.870358,4.816223,4.762062,4.581333,4.291550,4.146374,4.001003,4.091881,3.727913,3.581997,3.508965,3.545483,3.417606,3.289577,3.198040,3.106426,3.051422,3.051422,2.922981,2.867886,2.831142,2.812759,2.739227,2.665649,2.684044,2.628838,2.592014,2.518333,2.518333,2.463043,2.407722,2.444607,2.241611,2.370834,2.241611,2.315472,2.093750,2.260078,2.093750,2.149220,2.075249,1.982727,2.056755,1.945694,2.038250,1.871597,1.945694,1.908653,1.778908,1.834530,1.778908,1.815990,1.778908,1.723259,1.723259,1.649017,1.630447,1.649017,1.630447,1.630447,1.537560,1.611877,1.537560,1.574726,1.537560,1.574726,1.463196,1.463196,1.481796,1.444603,1.463196,1.500385,1.444603,1.481796,1.425999,1.388790,1.463196,1.500385,1.407394,1.370178,1.314331,1.463196,1.388790,1.370178,1.370178,1.332954,1.351563,1.332954,1.425999,1.277081,1.258457,1.370178,1.239826,1.295708,1.295708,1.277081,1.407394,1.239826,1.258457,1.351563,1.258457,1.314331,1.314331,1.221191,1.258457,1.258457,1.314331,1.258457,1.221191,1.202553,1.221191,1.109322,1.221191,1.202553,1.277081,1.221191,1.127975,1.239826,1.109322,1.146622,1.053349,1.034683,1.165268,1.109322,1.202553,0.903954,0.847881,0.885265,0.903954,0.903954,0.922638,1.016018,0.978672,1.072006,1.034683,0.997345,0.810486,0.716938,0.791779,0.810486,0.810486,1.034683,1.053349,1.072006,0.997345,1.053349,1.016018,1.072006,0.941319,1.053349,1.146622,1.239826,1.183914,0.997345,1.127975,0.885265,0.716938,0.567112,0.398327,0.342010,0.248089,-0.015282,-0.071796,-0.203766,-0.203766,-0.260368,
8.069046,8.051544,7.963982,7.928940,7.928940,8.104042,8.104042,7.928940,8.069046,8.016525,7.841270,7.788635,7.700855,7.928940,8.191483,8.610161,8.505650,8.086544,7.788635,7.630577,7.542656,7.700855,7.700855,7.612995,7.665718,7.700855,7.788635,7.806187,7.665718,7.700855,7.735977,7.735977,7.893879,7.753536,7.893879,7.841270,7.823730,7.981499,7.946465,7.999016,7.946465,7.928940,7.999016,7.963982,7.946465,7.981499,8.069046,7.928940,7.911411,7.946465,7.999016,8.034035,8.208961,8.435913,8.540497,8.505650,8.296310,8.208961,8.156513,8.121536,8.104042,8.156513,8.086544,8.104042,8.121536,8.278851,8.261383,8.208961,8.278851,8.331230,8.174004,8.383591,8.418476,8.470791,8.488220,8.348686,8.366138,8.226437,8.296310,8.470791,8.627563,8.679768,8.610161,8.679768,8.714558,8.749332,8.836220,8.714558,8.766716,8.714558,8.888317,8.957737,8.923035,8.766716,8.836220,8.870953,8.836220,8.749332,8.766716,8.697163,8.731949,8.679768,8.749332,8.749332,8.662369,8.575333,8.575333,8.453358,8.575333,8.575333,8.296310,8.557915,8.523075,8.870953,9.009773,8.940388,8.592743,8.366138,8.366138,8.453358,8.348686,8.331230,8.366138,8.366138,8.331230,8.296310,8.243912,8.278851,8.383591,8.348686,8.296310,8.278851,8.331230,8.331230,8.435913,8.505650,8.453358,8.401035,8.418476,8.418476,8.435913,8.366138,8.383591,8.366138,8.296310,8.261383,8.348686,8.278851,8.383591,8.366138,8.435913,8.905678,9.131081,9.217640,9.096436,8.557915,8.348686,8.313774,8.278851,8.383591,8.313774,8.278851,8.331230,8.383591,8.296310,8.418476,8.523075,8.662369,8.784096,8.644970,8.540497,8.557915,8.644970,8.505650,8.592743,8.697163,8.679768,8.610161,8.731949,8.697163,8.784096,8.957737,8.992432,8.975086,9.148392,9.079109,9.200333,9.165710,9.200333,9.165710,9.217640,9.200333,9.304119,9.355976,9.355976,9.165710,9.200333,9.131081,9.096436,9.200333,9.061775,9.044441,9.027115,9.096436,8.975086,8.888317,8.766716,8.592743,8.523075,8.505650,8.644970,8.836220,9.061775,9.061775,9.044441,8.836220,8.610161,8.523075,8.453358,8.470791,8.523075,8.610161,8.557915,8.679768,8.557915,8.662369,8.610161,8.714558,8.679768,8.644970,8.575333,8.523075,8.627563,8.697163,8.766716,8.853588,8.836220,8.731949,8.557915,8.557915,8.627563,8.540497,8.610161,8.557915,8.592743,8.557915,8.488220,8.505650,8.505650,8.505650,8.644970,8.610161,8.801476,9.200333,9.373260,9.304119,9.009773,8.557915,8.505650,8.575333,8.488220,8.505650,8.523075,8.470791,8.575333,8.731949,8.801476,8.853588,8.836220,8.905678,8.870953,8.836220,8.714558,8.662369,8.662369,8.697163,8.766716,8.870953,8.731949,8.679768,8.731949,8.679768,8.662369,8.592743,8.697163,8.714558,8.801476,8.714558,8.679768,8.697163,8.766716,8.818848,8.888317,9.079109,9.269539,9.407806,9.442345,9.304119,9.113758,9.009773,8.975086,8.992432,8.870953,8.870953,8.888317,8.888317,8.818848,8.766716,8.870953,9.009773,8.731949,8.870953,8.749332,8.836220,9.200333,9.165710,9.200333,9.096436,8.957737,8.923035,8.940388,8.888317,8.853588,8.905678,8.923035,8.975086,8.975086,8.923035,8.853588,8.975086,8.870953,8.905678,8.870953,8.818848,8.853588,8.923035,9.044441,9.165710,9.044441,9.009773,8.975086,8.975086,8.801476,8.836220,8.818848,8.836220,8.818848,8.766716,8.731949,8.627563,8.610161,8.662369,8.592743,8.749332,8.940388,9.096436,9.148392,9.286831,8.923035,8.610161,8.418476,8.331230,8.313774,8.366138,8.453358,8.366138,8.401035,8.401035,8.488220,8.383591,8.401035,8.331230,8.243912,8.278851,8.313774,8.348686,8.348686,8.313774,8.331230,8.278851,8.243912,8.243912,8.139027,8.139027,8.139027,8.208961,8.121536,8.104042,8.104042,8.069046,7.999016,7.946465,7.963982,7.963982,7.963982,8.226437,8.348686,8.383591,8.418476,8.086544,7.788635,7.700855,7.718422,7.560242,7.612995,7.612995,7.437057,7.348972,7.101940,6.978207,6.801193,6.765751,6.623875,6.517342,6.552864,6.375134,6.357342,6.446259,6.286148,6.268349,6.250534,6.232731,6.161457,5.875885,5.643291,5.410194,5.212570,4.906425,4.870358,4.671738,4.617508,4.508957,4.472755,4.527058,4.400314,4.255280,4.182686,4.128212,4.091881,4.091881,4.019184,4.055538,4.073711,4.001003,3.982819,4.037365,3.928246,3.982819,3.928246,3.982819,3.964630,3.910049,3.910049,3.946442,3.873646,3.946442,3.855442,3.837234,3.800804,3.727913,3.654976,3.654976,3.800804,3.727913,3.800804,3.946442,4.218987,4.527058,4.635590,4.743999,4.960514,5.230549,5.356339,5.374290,5.481972,5.428139,5.284477,5.158604,4.798172,4.671738,4.400314,4.364071,4.218987,4.091881,3.891846,3.746143,3.600243,3.472427,3.344467,3.417606,3.289577,3.216351,3.143085,3.033081,2.959694,2.849514,2.776005,2.904617,2.831142,2.794388,2.684044,2.628838,2.536758,2.684044,2.499908,2.628838,2.481476,2.426170,2.370834,2.389282,2.370834,2.260078,2.352383,2.149220,2.149220,2.130730,2.167706,1.945694,1.982727,1.871597,1.945694,1.908653,1.853065,1.908653,1.834530,1.853065,1.760357,1.741806,1.778908,1.760357,1.686142,1.686142,1.537560,1.649017,1.630447,1.649017,1.574726,1.686142,1.593300,1.500385,1.351563,1.556145,1.444603,1.500385,1.500385,1.481796,1.463196,1.370178,1.388790,1.463196,1.407394,1.425999,1.556145,1.500385,1.444603,1.425999,1.463196,1.444603,1.332954,1.370178,1.370178,1.370178,1.444603,1.295708,1.332954,1.407394,1.332954,1.370178,1.258457,1.388790,1.202553,1.239826,1.295708,1.351563,1.314331,1.295708,1.314331,1.258457,1.277081,1.258457,1.295708,1.314331,1.258457,1.239826,1.221191,1.258457,1.127975,1.183914,1.221191,1.146622,1.221191,1.295708,1.277081,1.072006,1.127975,1.109322,1.127975,1.090672,1.090672,1.109322,0.959999,0.922638,0.847881,0.959999,0.941319,1.016018,1.053349,1.034683,0.997345,0.866573,0.716938,0.735657,0.791779,0.679501,0.773079,0.847881,0.959999,0.997345,0.978672,1.034683,0.997345,0.903954,1.016018,0.922638,1.034683,0.978672,1.072006,0.978672,1.016018,1.090672,0.941319,0.941319,0.735657,0.585846,0.398327,0.191704,0.210506,0.097664,-0.109489,-0.109489,
8.069046,8.069046,7.999016,7.981499,8.016525,8.086544,8.016525,7.946465,7.999016,7.946465,7.946465,7.911411,7.981499,7.928940,8.104042,8.627563,8.523075,8.174004,7.753536,7.489868,7.419441,7.507469,7.560242,7.525059,7.560242,7.648148,7.612995,7.683289,7.577831,7.560242,7.525059,7.648148,7.560242,7.525059,7.507469,7.560242,7.648148,7.542656,7.648148,7.577831,7.595413,7.577831,7.542656,7.560242,7.525059,7.366592,7.525059,7.525059,7.507469,7.612995,7.542656,7.683289,7.753536,7.911411,8.401035,8.470791,8.208961,7.893879,7.788635,7.858810,7.806187,7.771088,7.823730,7.823730,7.911411,7.981499,7.981499,8.016525,8.208961,8.139027,8.104042,8.086544,8.104042,8.174004,8.208961,8.226437,8.156513,8.278851,8.313774,8.418476,8.557915,8.679768,8.644970,8.627563,8.801476,8.766716,8.818848,8.766716,8.818848,8.870953,8.870953,8.957737,9.079109,8.923035,8.940388,8.940388,8.957737,8.957737,8.905678,8.888317,8.957737,8.957737,8.836220,8.957737,8.940388,8.853588,8.905678,8.836220,8.957737,8.888317,8.784096,8.714558,8.784096,8.957737,8.957737,8.957737,8.749332,8.557915,8.679768,8.749332,8.714558,8.766716,8.679768,8.818848,8.575333,8.644970,8.575333,8.557915,8.592743,8.435913,8.540497,8.592743,8.644970,8.575333,8.575333,8.523075,8.592743,8.488220,8.488220,8.505650,8.557915,8.488220,8.453358,8.453358,8.348686,8.383591,8.313774,8.278851,8.331230,8.226437,8.418476,8.662369,9.131081,9.165710,9.096436,8.697163,8.261383,8.139027,8.243912,8.174004,8.208961,8.156513,8.243912,8.174004,8.278851,8.278851,8.401035,8.418476,8.348686,8.383591,8.261383,8.383591,8.383591,8.261383,8.331230,8.296310,8.261383,8.243912,8.348686,8.278851,8.383591,8.540497,8.575333,8.592743,8.644970,8.679768,8.679768,8.662369,8.610161,8.731949,8.801476,8.801476,9.234943,9.304119,9.304119,9.096436,8.853588,8.749332,8.714558,8.731949,8.679768,8.679768,8.679768,8.749332,8.679768,8.662369,8.575333,8.610161,8.575333,8.575333,8.662369,8.784096,8.766716,8.818848,8.801476,8.801476,8.679768,8.714558,8.662369,8.610161,8.766716,8.801476,8.853588,8.853588,8.731949,8.818848,8.923035,9.044441,8.975086,8.766716,8.784096,8.940388,8.957737,9.148392,9.217640,9.269539,9.217640,9.061775,9.113758,8.905678,9.096436,8.888317,8.923035,8.749332,8.766716,8.679768,8.540497,8.731949,8.679768,8.662369,8.766716,8.731949,8.784096,9.234943,9.200333,9.286831,9.061775,8.731949,8.575333,8.540497,8.488220,8.540497,8.540497,8.523075,8.540497,8.679768,8.801476,8.836220,8.888317,8.818848,8.853588,8.957737,8.697163,8.610161,8.697163,8.592743,8.644970,8.679768,8.714558,8.697163,8.610161,8.592743,8.679768,8.627563,8.557915,8.540497,8.662369,8.679768,8.627563,8.679768,8.679768,8.662369,8.801476,8.957737,9.304119,9.459610,9.580376,9.286831,8.957737,8.818848,8.836220,8.888317,8.731949,8.853588,8.818848,8.801476,8.888317,8.940388,8.923035,8.801476,8.801476,8.731949,8.749332,8.870953,8.870953,8.940388,9.027115,9.009773,8.888317,8.923035,8.957737,8.975086,9.027115,9.131081,9.165710,9.148392,9.183022,9.061775,9.183022,9.252239,9.269539,9.183022,9.148392,9.044441,9.338692,9.373260,9.511379,9.407806,9.390537,9.269539,9.321407,9.304119,9.304119,9.217640,9.234943,9.200333,9.113758,9.044441,9.027115,9.027115,9.009773,9.009773,8.818848,9.044441,9.165710,9.113758,9.252239,9.304119,8.957737,8.766716,8.662369,8.592743,8.627563,8.592743,8.662369,8.575333,8.610161,8.610161,8.575333,8.540497,8.540497,8.523075,8.610161,8.505650,8.453358,8.488220,8.366138,8.488220,8.435913,8.366138,8.313774,8.226437,8.278851,8.243912,8.191483,8.191483,8.313774,8.104042,8.139027,8.174004,8.174004,8.069046,8.034035,8.034035,8.139027,8.261383,8.453358,8.470791,8.523075,8.226437,7.946465,7.683289,7.630577,7.718422,7.648148,7.648148,7.595413,7.560242,7.454662,7.401833,7.313717,7.066605,7.013577,6.818905,6.818905,6.694839,6.570625,6.694839,6.570625,6.392914,6.339550,6.286148,6.197094,6.197094,6.143627,6.054455,5.786484,5.589546,5.356339,5.122616,4.834267,4.743999,4.671738,4.527058,4.454651,4.400314,4.327812,4.273415,4.237133,4.273415,4.128212,4.128212,4.110050,4.001003,4.055538,4.001003,3.982819,3.982819,4.019184,4.037365,3.964630,3.964630,3.946442,3.982819,3.910049,3.910049,3.964630,3.891846,3.873646,3.764370,3.855442,3.727913,3.746143,3.800804,3.782589,4.019184,4.364071,4.454651,4.617508,4.743999,4.888393,5.176598,5.356339,5.643291,5.822250,5.858009,5.911625,5.625381,5.320412,5.212570,5.104614,5.068611,4.743999,4.617508,4.382195,4.291550,4.019184,3.910049,3.709686,3.527222,3.454159,3.381042,3.307877,3.216351,3.124756,3.051422,2.996395,2.904617,2.831142,2.886253,2.739227,2.757618,2.739227,2.665649,2.665649,2.665649,2.702442,2.610428,2.481476,2.370834,2.352383,2.389282,2.297012,2.297012,2.167706,2.149220,2.112244,2.204666,2.038250,2.001236,2.056755,2.001236,1.964214,1.908653,1.797447,1.890129,1.890129,1.778908,1.815990,1.778908,1.778908,1.704700,1.686142,1.704700,1.611877,1.741806,1.593300,1.630447,1.611877,1.556145,1.611877,1.556145,1.537560,1.518974,1.481796,1.556145,1.574726,1.500385,1.370178,1.425999,1.481796,1.425999,1.388790,1.463196,1.370178,1.500385,1.444603,1.481796,1.407394,1.481796,1.370178,1.388790,1.370178,1.407394,1.277081,1.351563,1.332954,1.351563,1.332954,1.332954,1.444603,1.407394,1.351563,1.332954,1.314331,1.388790,1.277081,1.314331,1.258457,1.277081,1.295708,1.183914,1.239826,1.146622,1.277081,1.258457,1.165268,1.202553,1.183914,1.239826,1.090672,1.146622,1.165268,1.183914,1.072006,1.146622,1.127975,1.072006,1.053349,1.034683,1.034683,0.903954,0.941319,0.959999,1.034683,1.016018,0.922638,0.959999,0.941319,0.847881,0.754364,0.698219,0.716938,0.810486,0.885265,0.791779,0.903954,0.903954,0.885265,0.885265,0.959999,0.922638,0.903954,0.885265,0.978672,0.922638,0.903954,0.978672,1.072006,0.997345,1.034683,0.978672,0.941319,0.941319,0.829178,0.698219,0.510876,0.360783,0.154095,0.097664,
8.121536,8.191483,8.156513,8.016525,8.051544,7.981499,8.104042,8.034035,8.104042,8.104042,8.278851,8.278851,8.086544,8.313774,8.401035,8.540497,8.557915,8.366138,8.016525,7.507469,7.419441,7.419441,7.612995,7.648148,7.700855,7.683289,7.753536,7.718422,7.718422,7.595413,7.612995,7.595413,7.612995,7.612995,7.542656,7.577831,7.577831,7.542656,7.700855,7.700855,7.577831,7.472267,7.560242,7.437057,7.401833,7.437057,7.366592,7.437057,7.542656,7.525059,7.525059,7.454662,7.560242,7.683289,8.331230,8.488220,8.383591,7.911411,7.823730,7.753536,7.788635,7.700855,7.753536,7.841270,7.858810,7.841270,7.911411,7.981499,7.928940,8.016525,8.016525,7.963982,8.034035,8.016525,8.034035,8.139027,8.121536,8.121536,8.226437,8.261383,8.453358,8.435913,8.435913,8.331230,8.278851,8.470791,8.453358,8.453358,8.418476,8.418476,8.557915,8.731949,8.766716,8.766716,8.627563,8.453358,8.488220,8.488220,8.488220,8.540497,8.662369,8.662369,8.575333,8.592743,8.575333,8.592743,8.540497,8.697163,8.679768,8.644970,8.662369,8.644970,8.697163,8.731949,8.714558,8.749332,8.784096,8.818848,8.749332,8.784096,8.818848,8.923035,8.870953,8.957737,8.888317,8.784096,8.870953,8.870953,8.923035,8.749332,8.836220,8.923035,9.079109,8.836220,8.766716,8.836220,8.766716,8.749332,8.731949,8.749332,8.714558,8.714558,8.714558,8.557915,8.557915,8.540497,8.505650,8.366138,8.261383,8.278851,8.470791,8.627563,9.079109,8.957737,9.027115,8.784096,8.348686,8.296310,8.296310,8.243912,8.191483,8.313774,8.191483,8.296310,8.348686,8.296310,8.401035,8.383591,8.383591,8.278851,8.226437,8.226437,8.296310,8.261383,8.208961,8.261383,8.208961,8.226437,8.208961,8.296310,8.383591,8.435913,8.366138,8.331230,8.418476,8.401035,8.383591,8.366138,8.261383,8.296310,8.488220,8.418476,8.940388,9.234943,9.338692,9.009773,8.418476,8.174004,8.139027,8.104042,7.999016,8.034035,8.034035,8.156513,8.156513,8.121536,8.086544,8.156513,8.191483,8.243912,8.208961,8.226437,8.191483,8.243912,8.156513,8.296310,8.208961,8.348686,8.156513,8.278851,8.418476,8.714558,8.644970,8.592743,8.488220,8.557915,8.766716,8.731949,8.766716,8.801476,8.888317,9.079109,9.113758,9.252239,9.304119,9.355976,9.269539,9.321407,9.252239,9.113758,9.096436,9.061775,9.061775,9.027115,9.027115,8.957737,8.888317,8.975086,9.096436,8.853588,8.905678,9.061775,9.079109,9.252239,9.269539,9.252239,9.079109,8.784096,8.697163,8.575333,8.627563,8.627563,8.627563,8.627563,8.697163,8.766716,8.766716,8.853588,8.888317,8.870953,8.940388,8.975086,8.888317,8.731949,8.766716,8.749332,8.662369,8.697163,8.766716,8.731949,8.644970,8.679768,8.731949,8.662369,8.662369,8.714558,8.627563,8.627563,8.540497,8.731949,8.627563,8.749332,8.784096,8.818848,9.217640,9.425079,9.476868,9.009773,8.575333,8.453358,8.470791,8.470791,8.383591,8.488220,8.592743,8.418476,8.610161,8.610161,8.610161,8.731949,8.731949,8.610161,8.644970,8.714558,8.714558,8.627563,8.662369,8.697163,8.801476,8.731949,8.836220,8.766716,8.870953,8.870953,8.923035,8.836220,8.818848,8.784096,8.836220,8.940388,9.113758,8.992432,9.079109,8.992432,9.131081,9.459610,9.476868,9.390537,9.183022,9.061775,9.096436,9.027115,9.234943,9.217640,9.165710,9.252239,9.234943,9.217640,9.183022,9.200333,9.217640,9.217640,9.165710,9.200333,9.338692,9.286831,9.252239,9.165710,9.183022,9.200333,9.131081,9.217640,9.044441,9.061775,9.027115,9.009773,9.009773,9.079109,8.975086,8.992432,8.940388,8.957737,8.801476,8.853588,8.836220,8.784096,8.836220,8.766716,8.836220,8.766716,8.627563,8.523075,8.401035,8.505650,8.366138,8.401035,8.366138,8.435913,8.401035,8.278851,8.331230,8.331230,8.226437,8.156513,8.278851,8.401035,8.575333,8.610161,8.488220,8.139027,7.946465,7.893879,7.718422,7.753536,7.753536,7.735977,7.788635,7.595413,7.577831,7.577831,7.683289,7.525059,7.454662,7.225533,7.207882,7.066605,7.013577,6.978207,6.748028,6.623875,6.694839,6.499577,6.392914,6.339550,6.232731,6.214916,6.125797,6.125797,5.965206,5.697014,5.410194,5.194580,5.014572,4.852314,4.725941,4.635590,4.490860,4.545155,4.436539,4.418427,4.309685,4.237133,4.146374,4.128212,4.255280,4.164528,4.164528,4.019184,4.055538,4.055538,4.019184,4.019184,4.019184,3.964630,4.001003,4.001003,3.946442,3.873646,3.855442,4.019184,3.964630,3.837234,3.764370,3.819023,3.946442,4.055538,4.182686,4.345943,4.527058,4.635590,4.888393,5.140610,5.320412,5.589546,5.822250,5.947346,5.983063,5.714912,5.893753,5.875885,5.840134,5.571625,5.464031,5.266499,4.978535,4.762062,4.472755,4.255280,3.982819,3.873646,3.837234,3.727913,3.618496,3.435883,3.326176,3.252968,3.179726,3.088097,3.088097,2.941338,2.978043,2.886253,2.959694,2.720840,2.739227,2.720840,2.665649,2.665649,2.536758,2.444607,2.463043,2.463043,2.352383,2.315472,2.315472,2.204666,2.278545,2.204666,2.204666,2.149220,2.093750,2.056755,2.019749,1.945694,1.927174,1.834530,1.853065,1.834530,1.927174,1.853065,1.797447,1.797447,1.760357,1.704700,1.667576,1.686142,1.649017,1.593300,1.686142,1.630447,1.667576,1.518974,1.574726,1.686142,1.593300,1.425999,1.500385,1.574726,1.481796,1.500385,1.463196,1.481796,1.556145,1.463196,1.463196,1.574726,1.444603,1.463196,1.388790,1.370178,1.370178,1.314331,1.332954,1.277081,1.370178,1.370178,1.351563,1.332954,1.314331,1.295708,1.258457,1.332954,1.295708,1.295708,1.258457,1.407394,1.277081,1.295708,1.221191,1.258457,1.221191,1.146622,1.258457,1.258457,1.165268,1.277081,1.165268,1.183914,1.202553,1.221191,1.202553,1.146622,1.165268,1.183914,1.183914,1.109322,1.146622,1.090672,1.016018,0.997345,0.959999,0.941319,0.941319,1.127975,1.016018,0.885265,0.978672,0.903954,0.773079,0.754364,0.866573,0.754364,0.754364,0.810486,0.885265,0.866573,0.829178,0.847881,0.885265,0.829178,0.847881,0.941319,0.866573,0.922638,0.847881,0.922638,0.959999,0.941319,0.978672,0.997345,1.034683,1.016018,0.997345,0.997345,1.053349,0.959999,0.754364,0.642052,0.492126,0.379555,
8.034035,7.928940,8.069046,8.016525,8.104042,8.086544,8.156513,8.086544,8.104042,8.261383,8.243912,8.139027,8.348686,8.313774,8.348686,8.470791,8.435913,8.313774,8.156513,7.823730,7.771088,7.823730,7.806187,7.718422,7.981499,7.946465,7.893879,7.823730,7.858810,7.946465,7.946465,8.016525,7.928940,7.823730,7.981499,7.841270,7.858810,7.911411,7.876347,7.823730,7.788635,7.806187,7.700855,7.665718,7.648148,7.542656,7.595413,7.560242,7.612995,7.753536,7.718422,7.595413,7.735977,7.648148,8.313774,8.418476,8.453358,8.278851,7.911411,7.841270,8.016525,7.963982,7.963982,7.999016,8.051544,8.034035,8.121536,8.104042,8.296310,8.174004,8.191483,8.104042,8.104042,8.086544,8.156513,8.226437,8.104042,8.121536,8.261383,8.278851,8.331230,8.418476,8.505650,8.383591,8.418476,8.453358,8.366138,8.313774,8.261383,8.296310,8.331230,8.488220,8.610161,8.679768,8.470791,8.034035,7.981499,7.963982,7.981499,7.946465,7.981499,8.034035,8.121536,8.034035,8.051544,8.069046,8.069046,8.051544,8.191483,8.121536,8.174004,8.121536,8.104042,8.208961,8.243912,8.174004,8.174004,8.139027,8.366138,8.348686,8.401035,8.575333,8.662369,8.610161,8.575333,8.488220,8.575333,8.697163,8.679768,8.784096,8.714558,9.009773,9.096436,9.096436,8.923035,8.853588,8.853588,8.853588,8.766716,8.784096,8.836220,8.870953,8.905678,8.853588,8.784096,8.662369,8.714558,8.627563,8.505650,8.610161,8.627563,8.610161,8.905678,9.027115,8.853588,8.714558,8.627563,8.523075,8.627563,8.627563,8.662369,8.662369,8.644970,8.540497,8.435913,8.488220,8.592743,8.488220,8.540497,8.488220,8.540497,8.488220,8.453358,8.435913,8.313774,8.453358,8.418476,8.470791,8.453358,8.366138,8.401035,8.401035,8.470791,8.366138,8.435913,8.435913,8.435913,8.523075,8.488220,8.348686,8.418476,8.523075,8.870953,9.165710,9.304119,9.009773,8.435913,8.086544,8.086544,8.034035,7.981499,8.016525,8.051544,8.051544,8.069046,8.121536,8.051544,8.051544,8.104042,8.191483,8.156513,8.086544,8.034035,7.999016,7.928940,7.928940,8.016525,7.946465,8.104042,8.121536,8.156513,8.226437,8.191483,8.174004,8.156513,8.278851,8.366138,8.435913,8.401035,8.296310,8.366138,8.523075,8.662369,8.784096,9.061775,9.252239,9.304119,9.321407,9.079109,8.870953,8.853588,8.870953,8.853588,8.940388,8.888317,8.923035,8.905678,8.905678,8.784096,8.818848,8.888317,8.992432,9.113758,9.079109,9.044441,9.061775,9.061775,8.853588,8.992432,8.905678,8.923035,8.940388,8.905678,8.853588,8.905678,9.061775,9.096436,9.061775,9.096436,9.096436,9.148392,9.148392,9.131081,9.113758,9.061775,9.009773,9.131081,9.183022,9.131081,9.061775,8.992432,8.957737,8.940388,8.888317,8.836220,8.784096,8.801476,8.784096,8.870953,8.818848,8.853588,8.801476,8.888317,9.027115,9.442345,9.373260,9.355976,9.027115,8.557915,8.453358,8.418476,8.453358,8.401035,8.418476,8.523075,8.523075,8.610161,8.540497,8.662369,8.610161,8.610161,8.731949,8.697163,8.749332,8.714558,8.731949,8.627563,8.627563,8.575333,8.575333,8.523075,8.592743,8.523075,8.557915,8.610161,8.540497,8.610161,8.540497,8.505650,8.592743,8.610161,8.592743,8.679768,8.627563,8.801476,9.269539,9.390537,9.200333,8.888317,8.731949,8.749332,8.662369,8.749332,8.784096,8.766716,8.905678,8.940388,9.009773,9.027115,9.044441,9.113758,9.183022,9.200333,9.217640,9.269539,9.234943,9.061775,9.165710,9.234943,9.148392,9.165710,9.148392,9.113758,9.096436,9.044441,8.992432,9.079109,9.009773,8.992432,8.888317,8.888317,8.923035,8.940388,8.992432,9.009773,9.131081,9.131081,9.061775,9.079109,9.044441,8.940388,8.784096,8.749332,8.714558,8.662369,8.697163,8.697163,8.679768,8.557915,8.505650,8.627563,8.575333,8.714558,8.401035,8.557915,8.610161,8.662369,8.679768,8.453358,8.051544,8.051544,8.034035,7.999016,7.928940,7.928940,7.946465,7.963982,7.823730,7.718422,7.753536,7.735977,7.771088,7.683289,7.612995,7.595413,7.454662,7.348972,7.190231,7.101940,6.889732,6.836617,6.677101,6.623875,6.517342,6.410706,6.428486,6.321754,6.321754,6.232731,6.125797,6.072296,5.965206,5.625381,5.356339,5.230549,5.014572,4.834267,4.816223,4.635590,4.599422,4.545155,4.400314,4.309685,4.291550,4.291550,4.255280,4.164528,4.182686,4.146374,4.019184,4.037365,4.073711,4.146374,4.037365,4.091881,4.019184,4.019184,4.001003,3.891846,4.019184,3.964630,3.982819,3.891846,3.891846,3.928246,3.928246,4.037365,4.255280,4.255280,4.400314,4.671738,4.924461,5.158604,5.410194,5.697014,5.661201,5.911625,5.929482,6.161457,6.410706,6.232731,6.143627,6.125797,6.054455,5.804367,5.374290,4.996559,4.707874,4.581333,4.327812,4.291550,4.055538,3.964630,3.691456,3.618496,3.399323,3.381042,3.326176,3.234665,3.216351,3.143085,2.959694,2.978043,2.941338,2.867886,2.794388,2.794388,2.702442,2.702442,2.610428,2.610428,2.573601,2.592014,2.463043,2.444607,2.481476,2.444607,2.333931,2.297012,2.204666,2.241611,2.167706,2.186188,2.056755,2.075249,2.001236,2.056755,1.927174,1.908653,1.908653,1.853065,1.815990,1.797447,1.760357,1.760357,1.741806,1.649017,1.723259,1.630447,1.630447,1.556145,1.574726,1.593300,1.537560,1.574726,1.611877,1.574726,1.574726,1.481796,1.518974,1.481796,1.370178,1.425999,1.481796,1.425999,1.444603,1.481796,1.444603,1.407394,1.444603,1.388790,1.444603,1.388790,1.388790,1.370178,1.370178,1.314331,1.277081,1.351563,1.332954,1.258457,1.314331,1.314331,1.258457,1.351563,1.277081,1.277081,1.202553,1.295708,1.221191,1.221191,1.277081,1.277081,1.258457,1.165268,1.239826,1.258457,1.277081,1.239826,1.090672,1.165268,1.258457,1.127975,1.146622,1.221191,1.127975,1.109322,1.146622,0.922638,0.978672,1.016018,1.034683,0.903954,1.109322,0.997345,0.997345,0.959999,0.922638,0.735657,0.810486,0.754364,0.903954,0.885265,0.754364,0.791779,0.679501,0.810486,0.754364,0.847881,0.660774,0.660774,0.660774,0.716938,0.829178,0.847881,0.847881,0.791779,0.866573,0.847881,0.922638,1.016018,0.885265,1.034683,0.997345,1.016018,0.959999,1.109322,1.034683,0.959999,0.810486,
7.489868,7.366592,7.525059,7.542656,7.612995,7.577831,7.665718,7.560242,7.630577,7.771088,7.876347,7.963982,7.876347,7.823730,7.911411,7.946465,8.051544,7.928940,7.841270,7.718422,7.893879,7.735977,7.841270,7.963982,7.981499,7.946465,8.016525,8.034035,8.034035,8.191483,8.348686,8.348686,8.121536,8.174004,8.174004,8.156513,8.104042,8.139027,8.086544,8.226437,8.208961,8.069046,8.051544,8.051544,8.086544,7.999016,7.928940,7.999016,7.963982,8.121536,8.016525,8.016525,8.016525,8.121536,8.418476,8.383591,8.418476,8.470791,8.331230,8.226437,8.156513,8.139027,8.278851,8.331230,8.435913,8.505650,8.505650,8.575333,8.575333,8.749332,8.575333,8.575333,8.540497,8.470791,8.401035,8.540497,8.418476,8.435913,8.401035,8.383591,8.488220,8.540497,8.575333,8.505650,8.540497,8.453358,8.366138,8.435913,8.488220,8.435913,8.191483,8.261383,8.470791,8.627563,8.313774,7.963982,7.841270,7.700855,7.718422,7.612995,7.753536,7.806187,7.841270,7.771088,7.683289,7.753536,7.981499,7.876347,7.928940,7.806187,7.876347,7.911411,7.893879,7.876347,7.876347,7.858810,7.893879,7.928940,8.034035,8.104042,8.086544,8.086544,8.104042,8.051544,8.016525,7.928940,8.121536,8.034035,8.191483,8.226437,8.191483,8.801476,8.940388,8.975086,8.749332,8.540497,8.331230,8.435913,8.296310,8.296310,8.383591,8.418476,8.488220,8.575333,8.383591,8.453358,8.383591,8.418476,8.523075,8.366138,8.383591,8.348686,8.523075,8.540497,8.592743,8.627563,8.470791,8.540497,8.592743,8.540497,8.523075,8.662369,8.627563,8.714558,8.644970,8.697163,8.557915,8.610161,8.627563,8.644970,8.749332,8.784096,8.888317,8.870953,8.801476,8.784096,8.836220,8.801476,8.679768,8.697163,8.836220,8.853588,8.853588,8.766716,8.818848,8.818848,8.818848,8.818848,8.731949,8.714558,8.679768,8.818848,9.148392,9.165710,9.200333,9.096436,8.453358,8.156513,8.208961,8.104042,8.121536,8.051544,8.243912,8.208961,8.243912,8.104042,8.261383,8.069046,8.156513,8.139027,8.139027,8.139027,8.139027,7.981499,8.069046,7.999016,8.016525,7.981499,7.999016,8.069046,8.226437,8.156513,8.121536,8.243912,8.121536,8.261383,8.208961,8.191483,8.191483,7.981499,7.999016,8.139027,8.296310,8.644970,9.079109,9.200333,9.183022,9.217640,8.731949,8.296310,8.383591,8.383591,8.453358,8.435913,8.418476,8.453358,8.401035,8.505650,8.453358,8.523075,8.557915,8.505650,8.523075,8.644970,8.697163,8.853588,8.801476,8.801476,8.801476,8.888317,8.888317,8.905678,8.888317,8.975086,8.940388,9.044441,8.905678,8.923035,8.957737,8.957737,9.113758,9.165710,9.286831,9.252239,9.286831,9.183022,9.183022,9.286831,9.217640,9.079109,9.079109,9.096436,9.131081,9.079109,9.148392,9.234943,9.200333,9.217640,9.217640,9.234943,9.234943,9.304119,9.252239,9.252239,9.407806,9.442345,9.476868,8.992432,8.697163,8.697163,8.627563,8.557915,8.610161,8.697163,8.836220,8.836220,8.923035,8.888317,8.940388,8.888317,8.905678,8.975086,8.888317,8.940388,8.940388,8.836220,8.870953,8.714558,8.610161,8.540497,8.488220,8.557915,8.557915,8.592743,8.627563,8.540497,8.575333,8.592743,8.505650,8.575333,8.557915,8.470791,8.592743,8.644970,8.592743,9.183022,9.217640,9.183022,8.801476,8.540497,8.523075,8.610161,8.540497,8.662369,8.627563,8.714558,8.818848,8.679768,8.784096,8.784096,8.905678,8.818848,8.836220,8.940388,8.940388,8.940388,8.853588,8.697163,8.801476,8.940388,8.975086,8.975086,8.888317,8.940388,8.836220,8.870953,8.818848,8.818848,8.836220,8.697163,8.714558,8.766716,8.749332,8.888317,8.818848,9.009773,9.165710,9.217640,9.183022,9.027115,8.818848,8.627563,8.557915,8.523075,8.540497,8.540497,8.610161,8.575333,8.540497,8.644970,8.714558,8.697163,8.505650,8.610161,8.540497,8.557915,8.610161,8.488220,8.435913,8.383591,8.313774,8.243912,8.348686,8.121536,8.226437,8.139027,8.243912,8.121536,8.086544,8.139027,8.104042,8.016525,7.963982,7.911411,7.841270,7.788635,7.788635,7.735977,7.560242,7.384212,7.243172,7.119606,6.872036,6.748028,6.659363,6.481804,6.446259,6.446259,6.428486,6.375134,6.375134,6.232731,6.197094,6.072296,5.893753,5.643291,5.392242,5.140610,5.050598,4.870358,4.707874,4.707874,4.599422,4.400314,4.418427,4.237133,4.182686,4.273415,4.255280,4.237133,4.146374,4.037365,4.055538,4.091881,4.073711,3.946442,4.001003,4.019184,4.073711,4.055538,4.001003,4.019184,3.982819,3.946442,4.019184,4.001003,3.928246,3.982819,4.073711,4.237133,4.345943,4.689812,4.978535,5.248528,5.410194,5.410194,5.661201,5.911625,6.107971,6.357342,6.446259,6.659363,6.659363,6.552864,6.232731,5.983063,5.697014,5.446091,5.212570,4.942490,4.689812,4.527058,4.255280,4.073711,3.928246,3.764370,3.636738,3.581997,3.435883,3.399323,3.289577,3.161407,3.106426,3.234665,3.106426,2.922981,2.831142,2.831142,2.831142,2.776005,2.702442,2.720840,2.647240,2.555180,2.481476,2.573601,2.463043,2.352383,2.278545,2.315472,2.315472,2.333931,2.204666,2.315472,2.112244,2.038250,2.038250,2.001236,1.964214,1.834530,1.871597,1.908653,1.815990,1.871597,1.815990,1.760357,1.853065,1.723259,1.630447,1.778908,1.649017,1.556145,1.649017,1.556145,1.574726,1.500385,1.556145,1.556145,1.518974,1.463196,1.518974,1.425999,1.444603,1.481796,1.537560,1.481796,1.500385,1.463196,1.463196,1.463196,1.481796,1.444603,1.444603,1.463196,1.388790,1.407394,1.332954,1.388790,1.351563,1.425999,1.370178,1.351563,1.258457,1.295708,1.277081,1.277081,1.332954,1.370178,1.295708,1.277081,1.295708,1.239826,1.277081,1.239826,1.202553,1.183914,1.165268,1.221191,1.295708,1.165268,1.127975,1.165268,1.202553,1.202553,1.072006,1.202553,1.127975,1.146622,0.941319,0.997345,1.127975,1.034683,1.109322,1.090672,0.978672,0.866573,0.997345,0.978672,0.829178,0.735657,0.773079,0.829178,0.885265,0.791779,0.679501,0.548370,0.660774,0.735657,0.660774,0.604584,0.492126,0.529621,0.604584,0.623318,0.698219,0.773079,0.847881,0.754364,0.903954,0.847881,0.903954,0.903954,0.959999,1.034683,0.997345,1.016018,0.997345,0.978672,1.053349,0.959999,
7.137272,6.995895,7.154926,7.154926,7.172585,7.154926,7.031254,7.137272,7.154926,7.225533,7.366592,7.384212,7.348972,7.313717,7.313717,7.278450,7.278450,7.296085,7.296085,7.419441,7.172585,7.331345,7.525059,7.454662,7.718422,7.683289,7.735977,7.630577,7.665718,7.771088,8.086544,8.226437,8.034035,7.963982,7.911411,8.016525,7.963982,7.963982,7.946465,7.999016,8.086544,8.051544,8.139027,7.999016,8.086544,7.981499,8.104042,8.156513,8.226437,8.296310,8.331230,8.296310,8.139027,8.156513,8.191483,8.278851,8.296310,8.331230,8.313774,8.383591,8.278851,8.435913,8.383591,8.453358,8.523075,8.592743,8.714558,8.749332,8.853588,8.731949,8.697163,8.610161,8.679768,8.784096,8.818848,8.766716,8.766716,8.731949,8.679768,8.784096,8.714558,8.714558,8.714558,8.766716,8.731949,8.575333,8.540497,8.523075,8.557915,8.261383,8.331230,8.208961,8.383591,8.418476,8.296310,7.963982,7.735977,7.735977,7.630577,7.718422,7.806187,7.648148,7.648148,7.718422,7.788635,7.753536,7.841270,7.858810,7.893879,7.911411,7.876347,7.893879,7.876347,7.823730,7.858810,7.911411,7.823730,7.788635,7.981499,7.963982,7.999016,7.928940,8.016525,8.016525,7.963982,7.841270,7.911411,7.946465,7.928940,7.946465,7.981499,8.662369,8.888317,9.061775,8.801476,8.418476,8.191483,8.156513,8.069046,8.034035,8.121536,8.191483,8.191483,8.208961,8.174004,8.261383,8.051544,8.191483,8.208961,8.174004,8.156513,8.104042,8.121536,8.121536,8.104042,8.226437,8.051544,8.139027,8.156513,8.086544,8.243912,8.278851,8.348686,8.296310,8.243912,8.226437,8.296310,8.226437,8.261383,8.348686,8.610161,8.940388,9.061775,9.061775,9.027115,9.044441,8.923035,8.923035,9.009773,9.131081,9.113758,9.061775,9.113758,9.096436,9.113758,9.096436,9.200333,9.148392,9.234943,9.217640,9.252239,9.183022,9.252239,9.200333,9.200333,9.027115,8.801476,8.575333,8.470791,8.470791,8.523075,8.488220,8.488220,8.557915,8.540497,8.540497,8.470791,8.540497,8.540497,8.470791,8.418476,8.401035,8.331230,8.435913,8.401035,8.156513,8.156513,8.191483,8.208961,8.139027,8.331230,8.208961,8.261383,8.156513,8.191483,8.261383,8.348686,8.261383,8.243912,8.086544,8.104042,8.086544,8.174004,8.575333,9.061775,9.148392,9.183022,9.148392,8.784096,8.313774,8.296310,8.366138,8.296310,8.313774,8.383591,8.401035,8.331230,8.348686,8.383591,8.435913,8.505650,8.488220,8.435913,8.540497,8.557915,8.557915,8.610161,8.488220,8.540497,8.540497,8.610161,8.540497,8.610161,8.644970,8.679768,8.679768,8.644970,8.610161,8.575333,8.627563,8.714558,8.818848,9.252239,9.321407,9.234943,9.079109,8.940388,8.923035,8.957737,8.836220,8.853588,8.870953,8.992432,8.940388,9.079109,9.148392,9.217640,9.148392,9.252239,9.442345,9.321407,9.200333,9.355976,9.338692,9.390537,9.321407,9.321407,9.096436,9.027115,8.992432,9.079109,9.009773,9.061775,9.096436,9.269539,9.390537,9.355976,9.390537,9.390537,9.407806,9.338692,9.355976,9.269539,9.390537,9.442345,9.217640,9.183022,8.940388,8.870953,8.766716,8.766716,8.714558,8.714558,8.679768,8.662369,8.697163,8.731949,8.714558,8.731949,8.749332,8.714558,8.644970,8.627563,8.714558,8.801476,9.183022,9.200333,9.079109,8.749332,8.679768,8.644970,8.488220,8.627563,8.610161,8.610161,8.714558,8.801476,8.714558,8.784096,8.784096,8.766716,8.870953,8.784096,8.853588,8.905678,8.766716,8.610161,8.714558,8.592743,8.592743,8.749332,8.801476,8.540497,8.610161,8.575333,8.557915,8.575333,8.592743,8.644970,8.610161,8.505650,8.592743,8.575333,8.592743,8.714558,8.975086,9.113758,9.252239,8.957737,8.679768,8.505650,8.331230,8.296310,8.313774,8.331230,8.261383,8.296310,8.243912,8.261383,8.208961,8.313774,8.313774,8.348686,8.313774,8.243912,8.313774,8.435913,8.383591,8.366138,8.278851,8.313774,8.278851,8.261383,8.261383,8.296310,8.243912,8.191483,8.243912,8.174004,8.278851,8.331230,8.191483,8.243912,8.156513,8.139027,8.016525,8.051544,7.963982,8.051544,8.069046,7.858810,7.542656,7.507469,7.260815,6.942829,6.818905,6.730297,6.712570,6.659363,6.446259,6.339550,6.357342,6.268349,6.250534,6.179276,6.072296,5.983063,5.840134,5.571625,5.356339,5.176598,4.996559,4.978535,4.743999,4.563248,4.490860,4.436539,4.364071,4.382195,4.273415,4.255280,4.146374,4.182686,4.128212,4.073711,4.037365,4.055538,4.055538,4.037365,4.019184,4.073711,4.037365,3.982819,4.073711,3.982819,3.946442,4.019184,3.946442,4.019184,3.982819,4.037365,4.146374,4.382195,4.599422,4.671738,5.266499,5.571625,5.875885,6.107971,6.107971,6.250534,6.925133,6.872036,6.623875,6.464035,6.286148,6.000916,5.983063,5.858009,5.607468,5.464031,5.068611,4.743999,4.508957,4.200836,4.073711,3.964630,3.819023,3.873646,3.691456,3.636738,3.454159,3.381042,3.271278,3.179726,3.106426,3.106426,2.922981,2.886253,3.033081,2.978043,2.794388,2.702442,2.684044,2.628838,2.536758,2.592014,2.536758,2.481476,2.370834,2.352383,2.370834,2.297012,2.315472,2.204666,2.260078,2.130730,2.112244,2.056755,2.056755,2.038250,2.038250,1.908653,1.890129,1.982727,1.815990,1.778908,1.797447,1.741806,1.760357,1.704700,1.686142,1.760357,1.630447,1.611877,1.593300,1.574726,1.500385,1.481796,1.500385,1.574726,1.518974,1.537560,1.463196,1.574726,1.481796,1.425999,1.500385,1.481796,1.481796,1.463196,1.444603,1.425999,1.444603,1.463196,1.388790,1.388790,1.370178,1.463196,1.444603,1.370178,1.388790,1.277081,1.295708,1.314331,1.314331,1.314331,1.407394,1.332954,1.239826,1.221191,1.332954,1.239826,1.239826,1.258457,1.221191,1.221191,1.221191,1.258457,1.165268,1.221191,1.183914,1.221191,1.146622,1.221191,1.165268,1.127975,1.090672,1.072006,1.053349,1.109322,1.072006,1.127975,1.072006,1.090672,0.978672,1.016018,0.978672,0.941319,0.903954,0.847881,0.997345,0.941319,0.810486,0.735657,0.567112,0.679501,0.698219,0.773079,0.716938,0.585846,0.492126,0.585846,0.510876,0.679501,0.829178,0.735657,0.716938,0.810486,0.903954,0.866573,0.866573,0.885265,1.016018,0.997345,1.034683,1.034683,0.941319,1.072006,1.034683,
6.942829,7.119606,7.207882,7.066605,7.119606,7.101940,7.066605,7.137272,7.172585,7.172585,7.137272,7.207882,7.296085,7.313717,7.348972,7.225533,7.048931,7.084278,7.084278,6.995895,7.101940,7.260815,7.313717,7.419441,7.331345,7.401833,7.366592,7.507469,7.542656,7.595413,7.823730,8.121536,7.928940,7.612995,7.577831,7.525059,7.507469,7.542656,7.595413,7.595413,7.630577,7.700855,7.630577,7.718422,7.700855,7.735977,7.806187,7.806187,7.981499,8.313774,8.313774,8.313774,7.841270,7.806187,7.788635,7.788635,7.841270,7.928940,7.858810,7.911411,7.893879,8.086544,8.034035,8.104042,8.121536,8.208961,8.296310,8.366138,8.313774,8.348686,8.296310,8.383591,8.401035,8.505650,8.488220,8.627563,8.592743,8.505650,8.540497,8.627563,8.679768,8.714558,8.627563,8.662369,8.592743,8.540497,8.488220,8.418476,8.627563,8.505650,8.278851,8.191483,8.139027,8.226437,8.086544,7.928940,7.893879,7.735977,7.683289,7.771088,7.735977,7.735977,7.788635,7.753536,7.841270,7.753536,7.841270,7.911411,8.121536,7.999016,7.928940,8.086544,8.069046,8.051544,8.051544,8.069046,7.963982,8.086544,7.963982,8.069046,8.156513,8.069046,8.139027,7.928940,8.034035,7.963982,7.981499,8.051544,8.016525,8.121536,8.243912,8.610161,8.905678,8.905678,8.801476,8.557915,8.313774,8.261383,8.366138,8.261383,8.243912,8.156513,8.208961,8.261383,8.243912,8.174004,8.104042,8.226437,8.156513,8.174004,8.086544,8.121536,8.086544,7.963982,8.016525,7.946465,8.069046,8.139027,8.069046,7.946465,7.981499,7.981499,8.156513,8.051544,8.086544,8.104042,8.156513,8.139027,8.226437,8.156513,8.296310,8.627563,9.061775,9.113758,8.940388,8.575333,8.662369,8.679768,8.592743,8.644970,8.662369,8.853588,8.801476,8.853588,8.923035,9.009773,9.113758,9.217640,9.269539,9.113758,9.096436,9.234943,9.027115,9.009773,8.992432,8.853588,8.905678,8.888317,8.731949,8.749332,8.801476,8.818848,8.853588,8.957737,8.853588,8.940388,8.992432,8.870953,8.957737,8.992432,8.818848,8.853588,8.923035,8.923035,8.749332,8.644970,8.505650,8.418476,8.470791,8.575333,8.592743,8.488220,8.470791,8.505650,8.610161,8.592743,8.540497,8.523075,8.243912,8.296310,8.121536,8.156513,8.296310,8.644970,9.061775,9.009773,8.992432,8.870953,8.697163,8.313774,8.313774,8.366138,8.401035,8.383591,8.331230,8.488220,8.470791,8.453358,8.453358,8.575333,8.470791,8.470791,8.453358,8.540497,8.592743,8.627563,8.644970,8.505650,8.523075,8.505650,8.470791,8.453358,8.488220,8.610161,8.470791,8.505650,8.383591,8.540497,8.470791,8.488220,8.505650,8.610161,9.165710,9.183022,9.165710,8.905678,8.731949,8.644970,8.679768,8.592743,8.540497,8.644970,8.627563,8.679768,8.853588,8.784096,8.766716,8.905678,8.957737,8.992432,8.992432,9.096436,9.061775,9.131081,9.079109,9.148392,9.079109,9.061775,9.009773,8.975086,9.113758,9.009773,9.113758,9.252239,9.234943,9.269539,9.269539,9.338692,9.338692,9.321407,9.338692,9.269539,9.425079,9.511379,9.580376,9.511379,9.459610,9.304119,9.269539,9.200333,9.269539,9.148392,9.113758,9.165710,9.148392,9.165710,9.148392,9.217640,9.131081,8.992432,9.079109,8.975086,8.870953,8.905678,9.027115,9.165710,9.234943,9.113758,8.888317,8.923035,8.714558,8.784096,8.731949,8.784096,8.818848,8.836220,8.801476,8.784096,8.784096,8.801476,8.784096,8.888317,8.836220,8.801476,8.888317,8.853588,8.766716,8.679768,8.644970,8.731949,8.679768,8.575333,8.697163,8.592743,8.627563,8.714558,8.644970,8.749332,8.662369,8.557915,8.627563,8.627563,8.610161,8.662369,8.870953,9.183022,9.234943,9.113758,9.044441,8.592743,8.435913,8.348686,8.366138,8.296310,8.243912,8.278851,8.313774,8.278851,8.331230,8.278851,8.278851,8.243912,8.191483,8.243912,8.208961,8.261383,8.226437,8.208961,8.313774,8.348686,8.226437,8.208961,8.208961,8.174004,8.296310,8.191483,8.208961,8.261383,8.208961,8.226437,8.243912,8.174004,8.191483,8.086544,7.999016,8.296310,8.034035,8.226437,8.278851,8.348686,8.278851,8.313774,7.928940,7.753536,7.454662,7.348972,7.225533,7.048931,6.889732,6.818905,6.499577,6.517342,6.428486,6.321754,6.321754,6.232731,6.214916,6.232731,6.232731,5.965206,5.840134,5.589546,5.356339,5.194580,4.942490,4.888393,4.581333,4.617508,4.490860,4.454651,4.364071,4.309685,4.309685,4.237133,4.164528,4.200836,4.110050,4.091881,4.110050,4.110050,4.128212,4.037365,4.037365,3.964630,4.055538,3.982819,4.019184,4.001003,4.019184,4.019184,3.928246,4.073711,4.110050,4.146374,4.327812,5.032589,5.481972,5.535770,5.893753,5.822250,6.214916,6.606125,6.499577,6.481804,6.499577,6.339550,6.232731,6.321754,6.339550,6.357342,6.072296,5.786484,5.517838,5.158604,4.707874,4.581333,4.400314,4.327812,4.146374,4.019184,3.837234,3.782589,3.727913,3.581997,3.472427,3.362751,3.216351,3.161407,3.088097,2.959694,3.088097,2.941338,2.831142,2.867886,2.757618,2.757618,2.610428,2.628838,2.536758,2.555180,2.444607,2.499908,2.444607,2.315472,2.352383,2.223137,2.167706,2.278545,2.112244,2.112244,2.075249,2.093750,2.019749,1.927174,1.982727,1.890129,1.778908,1.778908,1.853065,1.797447,1.760357,1.760357,1.686142,1.630447,1.649017,1.686142,1.574726,1.500385,1.500385,1.556145,1.630447,1.518974,1.574726,1.537560,1.518974,1.611877,1.574726,1.463196,1.444603,1.463196,1.388790,1.444603,1.444603,1.370178,1.332954,1.407394,1.388790,1.407394,1.388790,1.351563,1.370178,1.314331,1.388790,1.314331,1.407394,1.388790,1.351563,1.388790,1.295708,1.370178,1.277081,1.314331,1.258457,1.239826,1.239826,1.183914,1.183914,1.332954,1.351563,1.202553,1.239826,1.221191,1.183914,1.202553,1.165268,1.127975,1.146622,1.072006,1.127975,1.072006,1.109322,1.072006,1.034683,1.016018,0.978672,0.959999,1.016018,0.959999,1.053349,0.941319,0.941319,0.959999,1.016018,0.997345,0.679501,0.679501,0.773079,0.866573,0.903954,0.698219,0.698219,0.529621,0.548370,0.548370,0.642052,0.679501,0.642052,0.548370,0.754364,0.773079,0.903954,0.866573,0.866573,0.959999,1.016018,0.903954,1.109322,1.016018,0.997345,1.034683,
7.225533,7.348972,7.366592,7.472267,7.384212,7.278450,7.207882,7.296085,7.296085,7.366592,7.366592,7.278450,7.225533,7.419441,7.260815,7.243172,7.296085,7.172585,7.066605,7.137272,7.154926,7.296085,7.313717,7.384212,7.366592,7.437057,7.401833,7.384212,7.384212,7.384212,7.630577,7.928940,7.841270,7.648148,7.489868,7.437057,7.489868,7.348972,7.401833,7.507469,7.489868,7.595413,7.577831,7.577831,7.612995,7.577831,7.560242,7.612995,7.735977,8.086544,8.243912,8.139027,7.735977,7.542656,7.577831,7.612995,7.595413,7.648148,7.683289,7.683289,7.630577,7.771088,7.718422,7.718422,7.788635,7.735977,7.806187,7.823730,7.841270,7.823730,7.753536,7.841270,7.858810,7.858810,7.963982,7.946465,7.928940,7.963982,8.069046,8.034035,8.121536,8.243912,8.226437,8.174004,8.086544,8.156513,8.313774,8.523075,8.575333,8.453358,8.226437,7.788635,7.700855,7.928940,7.858810,7.806187,7.753536,7.700855,7.771088,7.771088,7.806187,7.788635,7.858810,7.858810,7.928940,7.946465,7.963982,8.226437,8.418476,8.418476,8.435913,8.418476,8.296310,8.366138,8.313774,8.296310,8.296310,8.296310,8.331230,8.366138,8.435913,8.383591,8.261383,8.523075,8.418476,8.470791,8.313774,8.348686,8.313774,8.331230,8.331230,8.644970,8.853588,8.940388,8.905678,8.905678,8.697163,8.697163,8.575333,8.610161,8.627563,8.610161,8.523075,8.575333,8.523075,8.435913,8.296310,8.313774,8.418476,8.435913,8.331230,8.226437,8.086544,8.104042,8.086544,8.139027,8.034035,8.156513,8.104042,8.121536,7.999016,8.069046,8.034035,8.051544,8.156513,8.086544,8.139027,8.174004,8.156513,8.191483,8.243912,8.505650,9.061775,9.044441,8.870953,8.575333,8.278851,8.243912,8.191483,8.261383,8.261383,8.331230,8.453358,8.383591,8.540497,8.488220,8.714558,8.749332,8.731949,8.836220,8.697163,8.749332,8.557915,8.435913,8.418476,8.261383,8.243912,8.366138,8.453358,8.435913,8.610161,8.627563,8.714558,8.749332,8.853588,8.905678,8.749332,8.870953,8.992432,8.836220,8.905678,8.870953,8.975086,9.009773,8.957737,8.679768,8.296310,8.139027,8.139027,8.313774,8.331230,8.348686,8.383591,8.453358,8.505650,8.644970,8.714558,8.679768,8.644970,8.575333,8.435913,8.575333,8.679768,8.766716,8.853588,8.888317,8.905678,8.888317,8.627563,8.435913,8.453358,8.488220,8.540497,8.610161,8.557915,8.679768,8.644970,8.679768,8.627563,8.749332,8.592743,8.662369,8.644970,8.662369,8.801476,8.801476,8.749332,8.610161,8.610161,8.644970,8.488220,8.540497,8.540497,8.505650,8.453358,8.435913,8.470791,8.523075,8.505650,8.453358,8.505650,8.662369,8.940388,9.148392,9.234943,8.923035,8.488220,8.575333,8.575333,8.523075,8.540497,8.488220,8.575333,8.627563,8.679768,8.610161,8.731949,8.714558,8.870953,8.888317,8.905678,8.957737,8.992432,8.905678,8.784096,8.836220,8.766716,8.836220,8.714558,8.749332,8.714558,8.784096,8.853588,8.818848,8.836220,8.940388,8.784096,8.853588,8.853588,8.940388,8.957737,8.836220,9.113758,9.511379,9.511379,9.321407,9.200333,9.096436,9.165710,9.217640,9.131081,9.234943,9.217640,9.217640,9.252239,9.183022,9.079109,9.148392,9.148392,9.131081,9.096436,9.113758,9.165710,9.096436,9.183022,9.165710,9.183022,9.131081,9.044441,9.061775,9.061775,9.061775,9.009773,9.027115,8.975086,9.027115,8.940388,8.992432,8.975086,8.975086,9.044441,8.992432,9.027115,9.113758,9.131081,9.113758,9.044441,8.957737,8.923035,8.801476,8.836220,8.731949,8.836220,8.766716,8.697163,8.818848,8.888317,8.888317,8.923035,8.836220,8.818848,8.766716,8.836220,8.940388,9.079109,9.165710,9.304119,9.286831,9.044441,8.644970,8.575333,8.505650,8.488220,8.435913,8.401035,8.401035,8.488220,8.366138,8.313774,8.348686,8.435913,8.296310,8.313774,8.208961,8.366138,8.313774,8.313774,8.331230,8.435913,8.331230,8.296310,8.261383,8.191483,8.191483,8.156513,8.086544,8.139027,8.243912,8.139027,8.139027,8.034035,8.174004,8.086544,8.069046,7.981499,8.069046,7.999016,8.261383,8.418476,8.261383,8.453358,8.348686,7.981499,7.771088,7.577831,7.542656,7.542656,7.401833,7.278450,7.066605,6.960518,6.730297,6.677101,6.464035,6.428486,6.552864,6.357342,6.499577,6.392914,6.339550,6.250534,6.161457,6.072296,5.893753,5.499908,5.284477,4.996559,4.798172,4.671738,4.635590,4.599422,4.599422,4.436539,4.364071,4.345943,4.345943,4.200836,4.218987,4.218987,4.128212,4.146374,4.073711,4.073711,4.091881,4.073711,4.037365,4.037365,3.982819,4.037365,4.055538,4.001003,4.037365,4.019184,4.001003,4.146374,4.345943,4.418427,4.617508,4.906425,5.212570,5.732807,5.911625,5.965206,6.072296,6.125797,6.179276,5.983063,6.339550,6.588379,6.801193,6.428486,6.179276,5.911625,5.571625,5.356339,5.194580,5.086613,4.888393,4.762062,4.454651,4.327812,4.128212,4.073711,3.855442,3.691456,3.545483,3.362751,3.362751,3.344467,3.198040,3.069763,3.014740,2.978043,2.904617,2.904617,2.794388,2.831142,2.665649,2.647240,2.647240,2.573601,2.518333,2.518333,2.389282,2.352383,2.407722,2.389282,2.278545,2.315472,2.297012,2.204666,2.130730,2.056755,1.908653,2.019749,1.908653,1.890129,1.890129,1.927174,1.890129,1.927174,1.778908,1.723259,1.704700,1.760357,1.649017,1.630447,1.593300,1.593300,1.667576,1.463196,1.537560,1.574726,1.574726,1.556145,1.518974,1.500385,1.537560,1.500385,1.444603,1.500385,1.444603,1.425999,1.537560,1.425999,1.407394,1.351563,1.425999,1.481796,1.518974,1.425999,1.314331,1.370178,1.277081,1.351563,1.388790,1.258457,1.277081,1.332954,1.370178,1.314331,1.314331,1.239826,1.370178,1.277081,1.277081,1.221191,1.258457,1.314331,1.221191,1.183914,1.202553,1.258457,1.165268,1.146622,1.165268,1.146622,1.146622,1.127975,1.109322,1.127975,1.127975,1.202553,1.090672,1.016018,1.072006,1.072006,1.165268,0.997345,0.959999,0.997345,1.072006,0.997345,0.885265,0.866573,0.847881,0.829178,0.922638,0.885265,0.847881,0.698219,0.567112,0.604584,0.585846,0.529621,0.585846,0.567112,0.510876,0.492126,0.623318,0.791779,0.735657,0.903954,0.903954,0.885265,0.866573,0.885265,0.941319,0.997345,1.016018,
7.384212,7.560242,7.560242,7.366592,7.419441,7.577831,7.507469,7.542656,7.595413,7.560242,7.419441,7.595413,7.507469,7.437057,7.560242,7.648148,7.753536,7.560242,7.612995,7.560242,7.700855,7.577831,7.612995,7.683289,7.595413,7.560242,7.542656,7.560242,7.612995,7.577831,7.771088,8.069046,8.104042,7.911411,7.595413,7.489868,7.472267,7.419441,7.472267,7.525059,7.507469,7.542656,7.437057,7.560242,7.577831,7.683289,7.612995,7.542656,7.525059,7.771088,8.156513,8.121536,7.788635,7.665718,7.595413,7.630577,7.595413,7.612995,7.788635,7.788635,7.577831,7.577831,7.665718,7.735977,7.753536,7.735977,7.771088,7.683289,7.718422,7.700855,7.841270,7.771088,7.788635,7.806187,7.771088,7.753536,7.735977,7.683289,7.718422,7.718422,7.823730,7.893879,8.051544,7.928940,7.858810,7.928940,8.139027,8.348686,8.453358,8.592743,8.156513,7.806187,7.648148,7.718422,7.665718,7.683289,7.665718,7.612995,7.683289,7.718422,7.648148,7.560242,7.700855,7.753536,7.718422,7.735977,7.928940,8.191483,8.488220,8.610161,8.435913,8.313774,8.296310,8.348686,8.435913,8.366138,8.401035,8.505650,8.505650,8.540497,8.610161,8.627563,8.679768,8.853588,8.749332,8.731949,8.818848,8.766716,8.644970,8.644970,8.697163,8.766716,8.888317,8.923035,8.905678,8.957737,8.905678,8.940388,9.009773,9.044441,8.992432,9.009773,8.975086,9.009773,8.905678,8.784096,8.766716,8.801476,8.801476,8.801476,8.644970,8.418476,8.226437,8.261383,8.331230,8.278851,8.208961,8.331230,8.278851,8.208961,8.226437,8.296310,8.261383,8.348686,8.366138,8.278851,8.418476,8.453358,8.383591,8.383591,8.418476,8.557915,9.027115,9.096436,9.131081,8.679768,8.348686,8.156513,8.191483,8.174004,8.086544,8.191483,8.139027,8.331230,8.366138,8.418476,8.644970,8.662369,8.662369,8.662369,8.610161,8.557915,8.453358,8.366138,8.139027,8.034035,8.104042,8.156513,8.121536,8.191483,8.313774,8.401035,8.488220,8.470791,8.575333,8.557915,8.540497,8.697163,8.627563,8.679768,8.523075,8.679768,8.940388,9.044441,9.009773,8.523075,8.016525,7.963982,7.858810,7.876347,7.841270,7.928940,7.928940,7.963982,8.034035,8.139027,8.383591,8.470791,8.401035,8.418476,8.418476,8.313774,8.243912,8.348686,8.470791,8.366138,8.366138,8.348686,8.348686,8.348686,8.470791,8.435913,8.540497,8.540497,8.679768,8.644970,8.766716,8.679768,8.784096,8.801476,8.784096,8.801476,8.923035,9.096436,9.096436,9.148392,9.079109,9.061775,8.870953,8.870953,8.853588,8.731949,8.714558,8.627563,8.644970,8.505650,8.557915,8.488220,8.610161,8.540497,8.557915,8.644970,8.853588,8.905678,9.113758,8.766716,8.488220,8.453358,8.470791,8.523075,8.557915,8.505650,8.523075,8.679768,8.697163,8.662369,8.697163,8.766716,8.940388,8.923035,8.957737,8.940388,8.888317,8.784096,8.818848,8.731949,8.697163,8.714558,8.731949,8.662369,8.679768,8.731949,8.784096,8.766716,8.714558,8.627563,8.662369,8.662369,8.627563,8.662369,8.662369,8.714558,8.801476,9.338692,9.355976,9.131081,8.731949,8.697163,8.662369,8.679768,8.731949,8.749332,8.697163,8.714558,8.731949,8.697163,8.766716,8.731949,8.801476,8.784096,8.801476,8.836220,8.801476,8.697163,8.766716,8.888317,8.992432,9.061775,9.079109,9.061775,8.957737,8.957737,8.957737,9.061775,8.905678,8.923035,8.992432,8.975086,9.044441,8.940388,9.009773,9.061775,9.252239,9.200333,9.304119,9.234943,9.113758,8.975086,8.975086,8.957737,8.992432,8.975086,9.079109,8.957737,9.009773,9.131081,9.183022,9.183022,9.113758,9.217640,9.183022,9.200333,9.096436,9.113758,9.165710,9.252239,9.269539,9.286831,9.061775,8.940388,8.853588,8.766716,8.801476,8.801476,8.679768,8.749332,8.627563,8.731949,8.592743,8.592743,8.627563,8.540497,8.505650,8.418476,8.366138,8.505650,8.575333,8.523075,8.557915,8.488220,8.470791,8.488220,8.348686,8.418476,8.348686,8.401035,8.435913,8.366138,8.191483,8.208961,8.139027,8.261383,8.208961,8.156513,7.981499,8.156513,8.104042,8.348686,8.505650,8.540497,8.383591,8.313774,8.034035,7.841270,7.683289,7.665718,7.595413,7.577831,7.612995,7.401833,7.278450,7.031254,6.925133,6.677101,6.694839,6.677101,6.659363,6.606125,6.606125,6.499577,6.570625,6.481804,6.446259,6.214916,6.072296,6.000916,5.732807,5.338371,5.248528,5.050598,4.888393,4.888393,4.798172,4.653660,4.563248,4.581333,4.382195,4.382195,4.327812,4.291550,4.255280,4.146374,4.110050,4.182686,4.146374,4.146374,4.110050,4.001003,4.164528,4.073711,4.001003,4.019184,4.037365,4.019184,3.928246,4.110050,4.055538,4.128212,4.218987,4.581333,4.725941,5.104614,5.320412,5.607468,5.786484,5.804367,5.947346,6.375134,6.765751,6.818905,6.623875,6.232731,5.983063,5.875885,5.965206,5.965206,5.750706,5.464031,5.356339,5.176598,4.870358,4.653660,4.418427,4.273415,3.964630,3.928246,3.746143,3.709686,3.490696,3.527222,3.362751,3.198040,3.271278,3.161407,3.124756,2.886253,2.959694,2.831142,2.794388,2.739227,2.757618,2.610428,2.647240,2.555180,2.518333,2.499908,2.426170,2.407722,2.315472,2.315472,2.223137,2.186188,2.260078,2.093750,2.112244,2.149220,2.001236,2.038250,2.056755,1.982727,1.945694,1.927174,1.778908,1.890129,1.834530,1.667576,1.741806,1.741806,1.649017,1.667576,1.537560,1.630447,1.574726,1.518974,1.593300,1.537560,1.630447,1.518974,1.556145,1.537560,1.556145,1.518974,1.444603,1.574726,1.518974,1.481796,1.556145,1.370178,1.351563,1.444603,1.407394,1.370178,1.444603,1.463196,1.556145,1.611877,1.351563,1.351563,1.332954,1.425999,1.370178,1.370178,1.370178,1.314331,1.370178,1.388790,1.258457,1.277081,1.314331,1.239826,1.221191,1.295708,1.221191,1.221191,1.239826,1.314331,1.165268,1.221191,1.146622,1.146622,1.202553,1.221191,1.127975,1.127975,1.090672,1.072006,1.183914,0.997345,1.072006,1.090672,1.072006,1.053349,1.109322,1.053349,0.978672,0.754364,0.885265,0.810486,0.885265,0.829178,0.679501,0.698219,0.698219,0.679501,0.510876,0.567112,0.529621,0.510876,0.548370,0.642052,0.716938,0.698219,0.866573,0.922638,0.829178,0.922638,0.922638,0.941319,0.885265,0.978672,
7.243172,7.225533,7.119606,7.207882,7.278450,7.207882,7.437057,7.384212,7.366592,7.401833,7.296085,7.366592,7.278450,7.419441,7.560242,7.806187,7.946465,7.946465,8.016525,7.876347,7.753536,7.718422,7.630577,7.718422,7.665718,7.718422,7.771088,7.683289,7.753536,7.823730,7.876347,7.876347,7.911411,7.771088,7.735977,7.560242,7.507469,7.472267,7.630577,7.542656,7.595413,7.507469,7.542656,7.630577,7.665718,7.630577,7.665718,7.648148,7.577831,7.858810,8.104042,8.139027,7.946465,7.841270,7.806187,7.806187,7.788635,7.788635,7.648148,7.735977,7.788635,7.718422,7.683289,7.683289,7.753536,7.718422,7.771088,7.788635,7.788635,7.771088,7.823730,7.911411,7.771088,7.876347,7.771088,7.735977,7.648148,7.718422,7.700855,7.595413,7.753536,7.753536,7.963982,7.963982,7.911411,7.753536,7.876347,8.051544,8.313774,8.488220,8.401035,7.823730,7.612995,7.665718,7.560242,7.560242,7.630577,7.525059,7.472267,7.560242,7.525059,7.525059,7.525059,7.542656,7.683289,7.665718,7.683289,7.963982,8.540497,8.540497,8.418476,8.174004,8.174004,8.191483,8.104042,8.174004,8.086544,8.139027,8.086544,8.243912,8.208961,8.348686,8.470791,8.610161,8.610161,8.540497,8.679768,8.540497,8.575333,8.470791,8.418476,8.488220,8.627563,8.627563,8.644970,8.557915,8.592743,8.610161,8.801476,8.940388,8.923035,8.923035,8.905678,8.940388,8.923035,8.957737,8.975086,9.148392,9.009773,8.836220,8.644970,8.505650,8.313774,8.313774,8.383591,8.296310,8.331230,8.470791,8.401035,8.488220,8.523075,8.470791,8.557915,8.644970,8.557915,8.888317,8.888317,8.905678,8.940388,8.697163,8.853588,8.905678,9.113758,9.148392,8.992432,8.888317,8.592743,8.505650,8.366138,8.226437,8.278851,8.261383,8.313774,8.348686,8.383591,8.540497,8.644970,8.610161,8.557915,8.627563,8.679768,8.592743,8.627563,8.418476,8.261383,8.191483,8.174004,8.243912,8.313774,8.331230,8.401035,8.435913,8.540497,8.453358,8.557915,8.470791,8.557915,8.627563,8.575333,8.540497,8.610161,8.697163,8.940388,9.027115,8.940388,8.679768,7.928940,7.823730,7.806187,7.841270,7.823730,7.946465,7.841270,7.999016,7.981499,8.086544,8.174004,8.226437,8.121536,8.016525,7.876347,7.981499,7.946465,7.999016,8.051544,7.981499,7.928940,7.946465,8.086544,7.981499,8.191483,8.139027,8.104042,8.174004,8.139027,8.139027,8.174004,8.191483,8.243912,8.278851,8.401035,8.505650,8.679768,8.992432,9.355976,9.304119,9.286831,9.096436,8.923035,8.905678,8.818848,8.853588,8.818848,8.853588,8.888317,8.766716,8.784096,8.749332,8.679768,8.801476,8.731949,8.749332,8.749332,8.957737,8.836220,8.731949,8.627563,8.714558,8.540497,8.610161,8.610161,8.610161,8.575333,8.662369,8.679768,8.749332,8.801476,8.905678,8.836220,8.853588,8.923035,8.905678,8.853588,8.888317,8.836220,8.766716,8.749332,8.731949,8.714558,8.836220,8.679768,8.784096,8.714558,8.644970,8.610161,8.557915,8.627563,8.679768,8.610161,8.644970,8.662369,8.627563,8.853588,9.373260,9.338692,9.131081,8.679768,8.470791,8.557915,8.523075,8.523075,8.523075,8.557915,8.435913,8.505650,8.470791,8.505650,8.488220,8.453358,8.505650,8.435913,8.505650,8.488220,8.383591,8.418476,8.488220,8.453358,8.505650,8.488220,8.488220,8.523075,8.470791,8.488220,8.418476,8.488220,8.453358,8.505650,8.575333,8.470791,8.540497,8.610161,8.801476,8.992432,9.217640,9.234943,9.061775,8.940388,8.923035,8.853588,8.923035,8.870953,8.923035,8.905678,8.905678,9.009773,9.079109,9.131081,9.148392,9.183022,9.113758,9.113758,9.079109,9.183022,9.183022,9.200333,9.217640,9.304119,9.234943,9.061775,9.009773,9.061775,9.061775,9.079109,9.044441,9.061775,9.027115,9.027115,8.975086,8.905678,8.940388,8.905678,8.801476,8.627563,8.731949,8.784096,8.905678,8.905678,8.957737,8.975086,8.923035,8.853588,8.714558,8.610161,8.592743,8.592743,8.453358,8.505650,8.453358,8.401035,8.453358,8.383591,8.383591,8.331230,8.331230,8.191483,8.226437,8.348686,8.557915,8.540497,8.575333,8.557915,8.296310,8.034035,7.858810,7.806187,7.806187,7.665718,7.700855,7.735977,7.595413,7.560242,7.454662,7.384212,7.137272,7.119606,6.995895,6.942829,6.942829,6.765751,6.659363,6.535103,6.481804,6.339550,6.339550,6.250534,6.179276,6.179276,6.143627,5.983063,5.768597,5.428139,5.194580,5.086613,4.888393,4.743999,4.653660,4.436539,4.563248,4.400314,4.382195,4.309685,4.327812,4.182686,4.128212,4.164528,4.073711,4.164528,4.073711,4.164528,4.073711,4.037365,4.037365,4.055538,4.001003,4.073711,4.091881,4.073711,4.037365,4.055538,4.110050,4.200836,4.273415,4.490860,4.816223,5.104614,5.338371,5.947346,6.517342,6.606125,6.410706,6.321754,6.107971,6.090134,6.428486,6.428486,6.428486,6.250534,6.107971,6.000916,5.697014,5.517838,5.284477,5.032589,4.725941,4.382195,4.291550,4.218987,3.891846,3.782589,3.800804,3.581997,3.435883,3.454159,3.326176,3.252968,3.143085,3.033081,3.051422,2.996395,2.849514,2.812759,2.776005,2.757618,2.610428,2.628838,2.573601,2.555180,2.592014,2.444607,2.463043,2.278545,2.352383,2.260078,2.186188,2.186188,2.149220,2.130730,2.019749,2.001236,1.945694,1.890129,2.019749,1.927174,1.834530,1.871597,1.834530,1.778908,1.778908,1.741806,1.630447,1.686142,1.704700,1.593300,1.630447,1.611877,1.556145,1.667576,1.611877,1.593300,1.518974,1.574726,1.593300,1.425999,1.500385,1.593300,1.518974,1.537560,1.481796,1.444603,1.444603,1.425999,1.407394,1.407394,1.407394,1.314331,1.444603,1.351563,1.332954,1.351563,1.314331,1.314331,1.351563,1.277081,1.370178,1.351563,1.332954,1.277081,1.295708,1.258457,1.295708,1.295708,1.221191,1.183914,1.165268,1.183914,1.258457,1.258457,1.239826,1.165268,1.183914,1.146622,1.202553,1.146622,1.053349,1.146622,1.165268,1.183914,1.109322,1.109322,1.072006,1.016018,1.016018,1.109322,0.997345,1.034683,0.847881,0.773079,0.847881,0.866573,0.791779,0.642052,0.698219,0.679501,0.754364,0.735657,0.660774,0.642052,0.454613,0.567112,0.567112,0.623318,0.716938,0.754364,0.791779,0.716938,0.754364,0.866573,0.829178,0.885265,0.922638,
6.960518,6.872036,6.889732,6.925133,6.995895,6.889732,6.942829,7.031254,7.031254,6.907440,6.907440,6.960518,6.960518,7.084278,7.260815,7.595413,8.104042,8.121536,8.086544,7.735977,7.489868,7.419441,7.454662,7.384212,7.525059,7.489868,7.489868,7.437057,7.595413,7.489868,7.648148,7.753536,7.806187,7.648148,7.595413,7.560242,7.595413,7.525059,7.577831,7.577831,7.665718,7.560242,7.683289,7.718422,7.612995,7.823730,7.718422,7.841270,7.946465,7.946465,8.174004,8.139027,8.086544,8.104042,8.243912,8.278851,8.156513,7.963982,7.981499,7.946465,7.841270,7.823730,7.806187,7.876347,7.876347,7.963982,7.893879,7.876347,7.841270,7.981499,7.981499,8.034035,8.069046,8.104042,8.016525,7.963982,7.946465,7.841270,7.806187,7.876347,7.946465,7.876347,7.893879,7.963982,7.841270,7.858810,7.928940,7.928940,8.383591,8.366138,8.261383,7.911411,7.823730,7.858810,7.771088,7.648148,7.542656,7.595413,7.577831,7.525059,7.472267,7.577831,7.507469,7.560242,7.577831,7.665718,7.753536,7.963982,8.505650,8.557915,8.488220,8.261383,8.226437,8.121536,8.174004,8.174004,7.999016,7.999016,7.999016,7.963982,7.999016,8.069046,8.086544,8.069046,8.034035,8.121536,7.963982,8.051544,8.086544,8.139027,8.139027,8.156513,8.086544,8.174004,8.174004,8.156513,8.121536,8.208961,8.296310,8.488220,8.401035,8.366138,8.261383,8.331230,8.383591,8.453358,8.557915,8.784096,8.749332,8.418476,8.156513,8.051544,8.016525,7.981499,7.841270,7.893879,8.086544,8.121536,7.928940,8.051544,8.086544,8.208961,8.243912,8.313774,8.575333,8.888317,9.234943,9.148392,9.183022,8.975086,9.131081,9.200333,9.131081,9.131081,9.113758,9.148392,9.009773,8.905678,8.923035,8.801476,8.714558,8.627563,8.592743,8.697163,8.784096,8.731949,8.818848,8.836220,8.836220,8.731949,8.836220,8.905678,8.749332,8.749332,8.610161,8.575333,8.662369,8.679768,8.731949,8.679768,8.714558,8.731949,8.610161,8.679768,8.697163,8.697163,8.766716,8.662369,8.575333,8.714558,8.714558,8.766716,8.940388,9.079109,9.044441,8.766716,8.296310,8.104042,8.051544,8.051544,7.999016,8.034035,8.034035,7.981499,8.086544,8.174004,8.261383,8.261383,8.226437,8.016525,8.069046,7.911411,7.841270,7.963982,7.893879,7.893879,7.841270,7.981499,7.981499,8.034035,8.034035,8.174004,8.121536,8.051544,8.069046,8.086544,8.069046,7.999016,7.911411,8.034035,7.928940,8.104042,8.488220,9.044441,9.234943,9.269539,9.217640,8.905678,8.627563,8.540497,8.523075,8.523075,8.523075,8.592743,8.540497,8.540497,8.523075,8.505650,8.557915,8.523075,8.557915,8.488220,8.557915,8.679768,8.575333,8.610161,8.575333,8.575333,8.505650,8.557915,8.627563,8.627563,8.644970,8.679768,8.801476,8.940388,8.923035,8.905678,8.975086,8.957737,8.923035,8.940388,9.027115,9.079109,9.113758,9.079109,9.079109,8.957737,8.975086,9.009773,9.079109,8.940388,8.923035,8.870953,8.853588,8.853588,8.784096,8.766716,8.853588,8.731949,8.679768,8.697163,9.027115,9.234943,9.442345,9.234943,8.888317,8.801476,8.766716,8.644970,8.749332,8.749332,8.749332,8.644970,8.697163,8.662369,8.557915,8.575333,8.575333,8.575333,8.575333,8.627563,8.557915,8.505650,8.418476,8.453358,8.366138,8.453358,8.470791,8.418476,8.418476,8.296310,8.435913,8.331230,8.383591,8.435913,8.366138,8.348686,8.418476,8.470791,8.505650,8.731949,8.957737,9.183022,9.200333,9.183022,8.801476,8.662369,8.575333,8.575333,8.523075,8.592743,8.679768,8.679768,8.749332,8.766716,8.801476,8.766716,8.714558,8.749332,8.957737,8.905678,8.870953,8.905678,8.940388,8.940388,8.923035,8.992432,9.009773,8.888317,8.923035,9.009773,8.992432,9.044441,8.923035,8.975086,8.975086,8.992432,8.888317,9.009773,8.888317,8.853588,8.818848,8.749332,8.714558,8.870953,9.061775,9.217640,9.096436,8.975086,8.870953,8.679768,8.592743,8.610161,8.679768,8.714558,8.644970,8.644970,8.557915,8.627563,8.592743,8.575333,8.697163,8.592743,8.383591,8.470791,8.505650,8.557915,8.610161,8.644970,8.662369,8.488220,8.191483,8.086544,8.034035,7.981499,7.928940,7.841270,7.771088,7.788635,7.753536,7.718422,7.630577,7.560242,7.507469,7.366592,7.278450,7.172585,7.013577,6.801193,6.818905,6.606125,6.517342,6.375134,6.357342,6.339550,6.321754,6.214916,6.214916,6.143627,6.000916,5.911625,5.553699,5.374290,5.194580,4.960514,4.816223,4.743999,4.581333,4.545155,4.454651,4.345943,4.309685,4.218987,4.200836,4.237133,4.128212,4.164528,4.128212,4.019184,4.128212,4.091881,4.019184,4.055538,4.128212,4.073711,4.110050,4.037365,4.110050,4.037365,4.091881,4.073711,4.073711,4.200836,4.436539,4.653660,5.410194,5.911625,5.929482,5.965206,5.911625,5.893753,5.911625,6.286148,6.499577,6.410706,6.375134,6.464035,6.375134,6.197094,6.072296,6.054455,5.768597,5.266499,4.978535,4.762062,4.545155,4.364071,4.237133,3.982819,3.946442,3.800804,3.691456,3.654976,3.527222,3.381042,3.234665,3.198040,3.014740,3.069763,3.014740,3.051422,2.812759,2.776005,2.739227,2.720840,2.592014,2.610428,2.499908,2.518333,2.352383,2.407722,2.370834,2.241611,2.223137,2.278545,2.204666,2.093750,2.149220,2.038250,2.001236,1.945694,1.945694,1.908653,1.927174,1.890129,1.871597,1.760357,1.649017,1.667576,1.686142,1.741806,1.741806,1.593300,1.611877,1.593300,1.556145,1.649017,1.611877,1.686142,1.518974,1.500385,1.500385,1.556145,1.518974,1.351563,1.481796,1.388790,1.481796,1.481796,1.444603,1.370178,1.425999,1.463196,1.444603,1.370178,1.370178,1.370178,1.332954,1.332954,1.332954,1.314331,1.407394,1.295708,1.351563,1.295708,1.277081,1.202553,1.202553,1.295708,1.239826,1.258457,1.444603,1.295708,1.277081,1.202553,1.221191,1.127975,1.221191,1.146622,1.202553,1.258457,1.202553,1.127975,1.127975,1.165268,1.109322,1.090672,1.127975,1.109322,1.090672,1.109322,0.997345,1.072006,1.090672,0.903954,0.941319,0.885265,0.997345,1.034683,0.922638,0.773079,0.773079,0.791779,0.791779,0.679501,0.660774,0.529621,0.548370,0.623318,0.585846,0.642052,0.810486,0.791779,0.698219,0.698219,0.716938,0.754364,0.847881,0.866573,
6.907440,6.960518,7.031254,6.836617,6.872036,6.978207,7.031254,6.978207,6.978207,6.801193,6.854328,6.942829,6.889732,6.960518,7.013577,7.489868,8.051544,8.139027,8.313774,7.700855,7.313717,7.119606,7.207882,7.225533,7.119606,7.137272,7.154926,7.154926,7.207882,7.172585,7.225533,7.296085,7.348972,7.366592,7.260815,7.331345,7.296085,7.419441,7.331345,7.384212,7.419441,7.507469,7.507469,7.507469,7.525059,7.489868,7.595413,7.700855,7.648148,7.718422,7.876347,7.753536,7.700855,8.034035,8.243912,8.470791,8.086544,7.911411,7.928940,7.841270,7.735977,7.806187,7.753536,7.841270,7.858810,7.981499,7.928940,7.946465,8.016525,8.034035,8.051544,8.104042,8.191483,8.243912,8.156513,8.086544,8.034035,8.069046,8.121536,8.051544,7.946465,8.051544,8.034035,7.963982,8.034035,7.963982,8.086544,8.191483,8.243912,8.261383,8.226437,8.191483,8.243912,8.261383,8.156513,7.999016,7.963982,7.963982,7.858810,7.911411,7.806187,7.806187,7.648148,7.771088,7.858810,7.771088,7.823730,8.069046,8.540497,8.610161,8.627563,8.435913,8.418476,8.313774,8.348686,8.191483,8.034035,8.121536,8.121536,8.139027,8.156513,8.226437,8.016525,8.034035,8.069046,7.981499,7.946465,8.016525,8.051544,7.999016,8.016525,8.086544,8.261383,8.191483,8.226437,8.121536,8.016525,7.999016,8.104042,8.226437,8.156513,8.121536,8.086544,8.104042,8.051544,7.999016,8.051544,8.644970,8.714558,8.313774,7.928940,7.771088,7.771088,7.718422,7.665718,7.665718,7.858810,7.823730,7.823730,7.735977,7.823730,7.858810,7.806187,7.858810,8.243912,8.610161,9.079109,9.044441,8.940388,8.836220,8.836220,8.818848,8.905678,8.905678,9.061775,8.905678,8.853588,8.888317,8.957737,9.009773,9.061775,9.044441,8.923035,8.923035,8.870953,8.992432,8.975086,8.957737,8.957737,9.027115,9.009773,9.044441,9.009773,8.975086,9.044441,9.096436,9.044441,9.079109,9.061775,9.044441,9.061775,8.940388,8.940388,8.975086,8.870953,8.975086,9.044441,8.749332,8.714558,8.784096,8.749332,8.870953,8.975086,8.975086,9.027115,8.784096,8.714558,8.697163,8.697163,8.697163,8.523075,8.592743,8.540497,8.540497,8.453358,8.505650,8.523075,8.557915,8.366138,8.348686,8.278851,8.296310,8.208961,8.139027,8.156513,8.139027,8.016525,8.104042,8.139027,8.366138,8.331230,8.366138,8.401035,8.418476,8.296310,8.261383,8.261383,8.139027,8.104042,8.139027,8.174004,8.156513,8.523075,9.200333,9.321407,9.425079,9.252239,8.888317,8.505650,8.488220,8.453358,8.505650,8.557915,8.470791,8.453358,8.435913,8.435913,8.453358,8.523075,8.470791,8.331230,8.435913,8.366138,8.523075,8.557915,8.557915,8.505650,8.610161,8.627563,8.679768,8.627563,8.575333,8.714558,8.662369,8.801476,8.749332,8.870953,8.801476,8.940388,8.975086,9.079109,9.079109,9.061775,9.200333,9.373260,9.666546,9.511379,9.407806,9.269539,9.321407,9.390537,9.321407,9.269539,9.183022,9.252239,9.252239,9.096436,9.131081,9.165710,8.923035,9.009773,9.148392,9.304119,9.459610,9.511379,9.355976,9.252239,9.148392,9.183022,9.252239,9.200333,9.200333,9.183022,9.148392,9.113758,9.061775,9.027115,9.009773,8.957737,8.888317,9.009773,8.905678,8.818848,8.784096,8.870953,8.818848,8.784096,8.697163,8.679768,8.731949,8.592743,8.644970,8.575333,8.610161,8.575333,8.592743,8.592743,8.505650,8.418476,8.575333,8.610161,8.923035,9.165710,9.252239,9.373260,9.165710,8.923035,8.731949,8.731949,8.749332,8.714558,8.592743,8.749332,8.801476,8.784096,8.836220,8.749332,8.627563,8.714558,8.714558,8.766716,8.766716,8.836220,8.801476,8.679768,8.610161,8.644970,8.662369,8.627563,8.644970,8.644970,8.662369,8.627563,8.749332,8.610161,8.627563,8.749332,8.731949,8.662369,8.644970,8.662369,8.523075,8.575333,8.592743,8.557915,8.853588,9.269539,9.200333,9.096436,8.888317,8.540497,8.401035,8.401035,8.383591,8.401035,8.313774,8.453358,8.523075,8.592743,8.575333,8.610161,8.575333,8.714558,8.540497,8.488220,8.540497,8.610161,8.557915,8.592743,8.575333,8.540497,8.435913,8.488220,8.348686,8.313774,8.331230,8.278851,8.243912,8.139027,8.139027,8.069046,7.928940,7.928940,7.876347,7.823730,7.735977,7.700855,7.595413,7.472267,7.313717,7.137272,6.942829,6.801193,6.499577,6.517342,6.481804,6.392914,6.303955,6.410706,6.392914,6.428486,6.357342,6.286148,6.125797,5.768597,5.535770,5.158604,5.068611,4.942490,4.762062,4.689812,4.599422,4.527058,4.454651,4.490860,4.364071,4.327812,4.400314,4.218987,4.146374,4.073711,4.091881,4.091881,4.055538,4.128212,4.091881,4.091881,4.001003,4.073711,4.073711,4.073711,4.019184,4.055538,4.091881,4.128212,4.164528,4.454651,4.581333,4.743999,4.960514,5.140610,5.338371,5.535770,5.929482,6.339550,6.321754,6.446259,6.481804,6.517342,6.588379,6.606125,6.392914,6.179276,5.768597,5.517838,5.320412,5.014572,5.032589,4.653660,4.418427,4.364071,4.110050,4.055538,3.727913,3.764370,3.581997,3.581997,3.417606,3.362751,3.198040,3.216351,2.978043,3.088097,2.978043,2.849514,2.794388,2.776005,2.720840,2.665649,2.592014,2.463043,2.481476,2.499908,2.333931,2.407722,2.352383,2.278545,2.112244,2.130730,2.075249,2.167706,2.112244,2.019749,1.945694,1.964214,2.001236,1.871597,1.778908,1.649017,1.704700,1.704700,1.723259,1.667576,1.797447,1.630447,1.611877,1.556145,1.537560,1.593300,1.574726,1.593300,1.481796,1.518974,1.500385,1.463196,1.500385,1.518974,1.574726,1.518974,1.500385,1.351563,1.425999,1.481796,1.407394,1.463196,1.481796,1.444603,1.407394,1.425999,1.351563,1.388790,1.314331,1.351563,1.258457,1.388790,1.239826,1.332954,1.258457,1.258457,1.351563,1.295708,1.295708,1.258457,1.239826,1.239826,1.277081,1.221191,1.258457,1.202553,1.239826,1.183914,1.183914,1.109322,1.202553,1.053349,1.146622,1.165268,1.146622,1.239826,1.165268,1.016018,1.053349,1.109322,1.072006,1.072006,0.922638,1.053349,1.034683,1.072006,1.053349,0.903954,1.034683,0.866573,0.791779,0.791779,0.959999,0.735657,0.660774,0.698219,0.735657,0.642052,0.642052,0.773079,0.773079,0.829178,0.679501,0.754364,0.754364,0.885265,0.959999,
7.331345,7.260815,7.313717,7.348972,7.366592,7.331345,7.331345,7.331345,7.348972,7.278450,7.278450,7.190231,7.101940,7.260815,7.278450,7.612995,8.208961,8.331230,8.226437,8.016525,7.560242,7.384212,7.348972,7.437057,7.296085,7.331345,7.260815,7.313717,7.296085,7.331345,7.313717,7.207882,7.384212,7.366592,7.313717,7.331345,7.348972,7.225533,7.260815,7.243172,7.366592,7.313717,7.331345,7.348972,7.331345,7.225533,7.313717,7.401833,7.419441,7.419441,7.489868,7.525059,7.437057,7.700855,8.296310,8.366138,8.121536,7.735977,7.525059,7.401833,7.507469,7.437057,7.472267,7.489868,7.489868,7.489868,7.560242,7.683289,7.577831,7.788635,7.700855,7.700855,7.753536,7.806187,7.876347,7.823730,7.823730,7.806187,7.771088,7.876347,7.806187,7.823730,7.718422,7.823730,7.823730,7.771088,7.788635,7.893879,7.928940,7.911411,7.946465,7.999016,8.348686,8.557915,8.523075,8.348686,8.226437,8.191483,8.156513,8.104042,8.051544,8.104042,8.121536,8.069046,8.121536,8.104042,8.243912,8.435913,8.540497,8.540497,8.453358,8.418476,8.453358,8.435913,8.261383,8.383591,8.243912,8.278851,8.278851,8.348686,8.435913,8.348686,8.243912,8.191483,8.191483,8.086544,8.174004,8.086544,8.069046,8.121536,8.174004,8.226437,8.243912,8.226437,8.278851,8.139027,8.121536,8.156513,8.243912,8.174004,8.331230,8.156513,8.034035,8.016525,8.069046,8.034035,7.999016,8.575333,8.557915,8.174004,7.876347,7.771088,7.700855,7.700855,7.753536,7.700855,7.718422,7.683289,7.700855,7.771088,7.806187,7.700855,7.806187,7.771088,8.034035,8.592743,8.957737,8.853588,8.557915,8.191483,8.191483,8.208961,8.348686,8.383591,8.278851,8.226437,8.191483,8.261383,8.296310,8.697163,8.749332,8.679768,8.523075,8.592743,8.488220,8.644970,8.610161,8.679768,8.610161,8.662369,8.697163,8.662369,8.870953,8.784096,8.784096,8.749332,8.940388,8.957737,8.836220,8.888317,8.818848,8.853588,8.818848,8.836220,8.992432,8.975086,8.992432,8.697163,8.679768,8.714558,8.784096,8.697163,8.836220,8.853588,8.749332,8.836220,8.888317,8.957737,8.992432,9.027115,8.940388,8.975086,8.888317,9.148392,9.113758,9.061775,9.113758,8.992432,8.923035,8.940388,8.870953,8.766716,8.801476,8.749332,8.801476,8.749332,8.610161,8.801476,8.836220,8.940388,8.905678,8.870953,8.662369,8.627563,8.697163,8.575333,8.575333,8.401035,8.488220,8.523075,8.592743,8.540497,8.923035,9.304119,9.355976,9.390537,9.304119,9.079109,8.870953,8.836220,8.749332,8.714558,8.697163,8.627563,8.592743,8.644970,8.627563,8.627563,8.610161,8.592743,8.662369,8.540497,8.627563,8.679768,8.627563,8.662369,8.575333,8.575333,8.731949,8.540497,8.540497,8.540497,8.592743,8.523075,8.627563,8.575333,8.523075,8.523075,8.488220,8.592743,8.592743,8.662369,8.644970,8.888317,9.148392,9.373260,9.286831,9.009773,8.923035,8.923035,8.992432,9.061775,9.061775,9.148392,9.131081,9.027115,9.044441,9.113758,9.044441,9.061775,9.079109,9.165710,9.200333,9.269539,9.321407,9.304119,9.355976,9.442345,9.355976,9.407806,9.407806,9.459610,9.476868,9.442345,9.459610,9.390537,9.390537,9.425079,9.373260,9.442345,9.373260,9.373260,9.373260,9.304119,9.321407,9.338692,9.304119,9.269539,9.286831,9.338692,9.234943,9.113758,9.096436,9.044441,8.940388,9.009773,8.905678,8.888317,8.784096,8.818848,8.714558,9.009773,9.338692,9.459610,9.338692,9.217640,9.148392,9.027115,8.940388,8.992432,8.992432,8.905678,8.940388,8.905678,9.027115,9.044441,9.027115,8.853588,8.766716,8.784096,8.888317,8.905678,8.836220,8.888317,8.766716,8.697163,8.662369,8.662369,8.627563,8.610161,8.627563,8.644970,8.557915,8.644970,8.627563,8.610161,8.714558,8.627563,8.592743,8.592743,8.488220,8.401035,8.366138,8.557915,8.523075,9.079109,9.165710,9.442345,9.131081,8.749332,8.313774,8.156513,8.104042,8.156513,8.121536,8.069046,8.191483,8.226437,8.278851,8.348686,8.313774,8.348686,8.366138,8.348686,8.313774,8.226437,8.331230,8.331230,8.435913,8.505650,8.383591,8.383591,8.331230,8.366138,8.278851,8.261383,8.261383,8.104042,8.051544,8.051544,8.191483,8.069046,8.104042,8.086544,8.086544,7.963982,8.051544,7.946465,8.016525,7.841270,7.683289,7.331345,6.960518,6.836617,6.641617,6.677101,6.606125,6.588379,6.677101,6.623875,6.588379,6.552864,6.499577,6.517342,6.268349,6.107971,5.965206,5.679108,5.446091,5.158604,5.068611,5.014572,4.707874,4.762062,4.671738,4.635590,4.545155,4.436539,4.309685,4.255280,4.237133,4.200836,4.182686,4.128212,4.091881,4.110050,4.073711,4.091881,4.091881,3.964630,4.128212,4.055538,4.128212,4.019184,4.055538,4.091881,4.128212,4.164528,4.182686,4.182686,4.545155,4.834267,4.996559,5.679108,6.161457,6.197094,6.090134,6.303955,6.499577,6.765751,6.694839,6.677101,6.481804,6.232731,6.000916,6.036610,5.875885,5.535770,5.338371,5.086613,5.014572,4.816223,4.527058,4.309685,4.273415,4.019184,3.873646,3.837234,3.618496,3.545483,3.435883,3.216351,3.271278,3.124756,3.106426,2.978043,2.941338,2.904617,2.849514,2.776005,2.628838,2.665649,2.536758,2.426170,2.426170,2.481476,2.426170,2.278545,2.315472,2.333931,2.389282,2.149220,2.204666,2.056755,1.982727,2.056755,2.019749,1.964214,1.853065,1.834530,1.760357,1.741806,1.797447,1.723259,1.630447,1.704700,1.723259,1.556145,1.649017,1.630447,1.686142,1.611877,1.481796,1.556145,1.388790,1.649017,1.537560,1.463196,1.537560,1.463196,1.463196,1.500385,1.593300,1.481796,1.388790,1.388790,1.388790,1.500385,1.444603,1.407394,1.314331,1.370178,1.388790,1.407394,1.258457,1.370178,1.370178,1.295708,1.295708,1.351563,1.351563,1.332954,1.258457,1.258457,1.295708,1.239826,1.183914,1.258457,1.277081,1.221191,1.239826,1.109322,1.202553,1.202553,1.202553,1.127975,1.165268,1.090672,1.183914,1.072006,1.127975,1.127975,1.034683,1.146622,1.090672,1.034683,1.072006,0.941319,1.016018,0.978672,1.090672,0.997345,0.866573,0.847881,0.866573,0.866573,0.866573,0.866573,0.679501,0.716938,0.623318,0.754364,0.847881,0.885265,0.791779,0.791779,0.847881,0.810486,0.810486,0.829178,
7.928940,7.946465,8.104042,7.999016,7.928940,7.981499,8.051544,7.893879,8.051544,8.104042,7.981499,7.753536,7.683289,7.560242,7.700855,7.893879,8.191483,8.383591,8.453358,8.243912,8.086544,8.034035,7.963982,7.841270,7.771088,7.665718,7.577831,7.735977,7.753536,7.771088,7.560242,7.595413,7.577831,7.823730,7.560242,7.612995,7.419441,7.489868,7.366592,7.366592,7.260815,7.419441,7.384212,7.401833,7.366592,7.190231,7.278450,7.243172,7.366592,7.366592,7.437057,7.437057,7.472267,7.489868,7.999016,8.435913,8.296310,7.858810,7.683289,7.489868,7.419441,7.401833,7.384212,7.437057,7.401833,7.454662,7.384212,7.525059,7.560242,7.560242,7.401833,7.472267,7.454662,7.384212,7.489868,7.454662,7.419441,7.419441,7.472267,7.348972,7.472267,7.577831,7.454662,7.366592,7.366592,7.348972,7.401833,7.472267,7.454662,7.507469,7.401833,7.577831,8.034035,8.453358,8.557915,8.261383,8.016525,7.981499,8.016525,7.893879,7.999016,7.981499,7.963982,8.034035,8.086544,8.069046,8.086544,8.104042,8.226437,8.348686,8.243912,8.331230,8.366138,8.348686,8.313774,8.296310,8.243912,8.278851,8.296310,8.435913,8.401035,8.278851,8.261383,8.243912,8.383591,8.383591,8.418476,8.296310,8.261383,8.226437,8.331230,8.523075,8.679768,8.697163,8.644970,8.610161,8.540497,8.523075,8.470791,8.540497,8.418476,8.383591,8.401035,8.331230,8.156513,8.261383,8.174004,8.488220,8.540497,8.261383,8.051544,7.999016,7.928940,7.841270,7.735977,7.841270,7.806187,7.823730,7.753536,7.788635,7.788635,7.718422,7.771088,7.823730,7.963982,8.488220,8.749332,8.801476,8.575333,8.051544,7.841270,7.963982,7.999016,8.121536,8.104042,7.858810,7.893879,8.034035,8.104042,8.174004,8.226437,8.139027,8.086544,8.069046,8.121536,8.104042,8.208961,8.069046,8.051544,8.174004,8.121536,8.104042,8.174004,8.174004,8.243912,8.243912,8.313774,8.278851,8.278851,8.208961,8.226437,8.156513,8.191483,8.191483,8.627563,8.679768,8.766716,8.348686,8.208961,8.261383,8.261383,8.261383,8.296310,8.278851,8.453358,8.575333,8.557915,8.766716,8.697163,8.662369,8.627563,8.627563,8.749332,8.975086,9.200333,9.183022,9.131081,9.096436,9.079109,9.044441,9.061775,9.165710,9.079109,9.200333,9.165710,9.027115,9.131081,9.286831,9.269539,9.286831,9.425079,9.355976,9.321407,9.200333,9.165710,9.131081,9.165710,9.096436,9.113758,9.217640,9.200333,9.252239,9.355976,9.511379,9.494129,9.494129,9.528633,9.304119,9.269539,9.252239,9.373260,9.269539,9.217640,9.148392,9.286831,9.131081,9.096436,9.009773,8.957737,8.992432,9.027115,9.027115,9.079109,9.044441,9.200333,9.131081,9.079109,9.044441,8.957737,9.009773,8.992432,8.888317,8.870953,8.784096,8.784096,8.749332,8.662369,8.575333,8.575333,8.714558,8.662369,8.575333,8.592743,8.784096,9.252239,9.338692,9.321407,8.975086,8.610161,8.540497,8.662369,8.679768,8.662369,8.662369,8.679768,8.627563,8.679768,8.749332,8.714558,8.870953,8.836220,8.784096,8.923035,9.009773,9.061775,9.044441,9.131081,9.269539,9.200333,9.148392,9.269539,9.304119,9.200333,9.286831,9.234943,9.286831,9.338692,9.304119,9.459610,9.476868,9.442345,9.459610,9.459610,9.511379,9.563126,9.597610,9.718216,9.666546,9.597610,9.632080,9.494129,9.511379,9.494129,9.390537,9.373260,9.407806,9.321407,9.373260,9.321407,9.096436,9.321407,9.407806,9.511379,9.425079,9.511379,9.425079,9.442345,9.407806,9.442345,9.373260,9.338692,9.373260,9.373260,9.355976,9.425079,9.373260,9.321407,9.252239,9.252239,9.338692,9.252239,9.165710,9.131081,9.131081,9.113758,8.923035,9.079109,9.009773,8.940388,8.853588,8.870953,8.818848,8.905678,8.853588,8.870953,8.870953,8.818848,8.610161,8.592743,8.523075,8.505650,8.627563,8.662369,8.818848,8.940388,9.286831,9.304119,9.234943,9.131081,8.731949,8.278851,8.243912,8.121536,8.156513,8.208961,8.243912,8.208961,8.226437,8.191483,8.226437,8.243912,8.261383,8.261383,8.243912,8.121536,8.174004,8.156513,8.208961,8.191483,8.208961,8.121536,8.121536,8.104042,8.139027,8.121536,8.034035,8.139027,8.139027,8.139027,8.121536,7.963982,7.981499,7.981499,7.963982,7.928940,7.911411,8.016525,8.104042,8.243912,8.208961,7.893879,7.507469,7.313717,7.013577,6.925133,6.907440,6.960518,6.836617,6.818905,6.801193,6.623875,6.570625,6.552864,6.410706,6.410706,6.339550,6.410706,6.214916,6.072296,5.911625,5.571625,5.356339,5.086613,5.086613,4.816223,4.798172,4.581333,4.563248,4.454651,4.527058,4.345943,4.273415,4.255280,4.309685,4.182686,4.091881,4.091881,4.073711,4.091881,4.200836,4.110050,4.091881,4.110050,4.001003,4.073711,4.037365,4.037365,4.110050,4.037365,4.073711,4.164528,4.200836,4.218987,4.996559,5.535770,5.517838,5.732807,5.965206,6.125797,6.464035,6.535103,6.375134,6.303955,6.268349,6.303955,6.410706,6.410706,6.107971,5.858009,5.697014,5.499908,5.338371,5.104614,4.762062,4.617508,4.418427,4.182686,4.055538,3.855442,3.782589,3.673222,3.563744,3.417606,3.289577,3.234665,3.106426,3.106426,2.959694,2.941338,2.867886,2.849514,2.647240,2.720840,2.555180,2.610428,2.555180,2.370834,2.481476,2.352383,2.260078,2.315472,2.297012,2.149220,2.130730,2.204666,2.038250,2.019749,1.982727,1.871597,1.778908,1.815990,1.778908,1.760357,1.686142,1.723259,1.630447,1.686142,1.611877,1.611877,1.611877,1.649017,1.649017,1.593300,1.500385,1.537560,1.518974,1.500385,1.500385,1.500385,1.518974,1.537560,1.407394,1.463196,1.425999,1.537560,1.444603,1.407394,1.351563,1.500385,1.407394,1.370178,1.314331,1.277081,1.314331,1.463196,1.388790,1.332954,1.295708,1.258457,1.295708,1.332954,1.295708,1.277081,1.277081,1.295708,1.239826,1.239826,1.202553,1.277081,1.221191,1.146622,1.165268,1.295708,1.183914,1.109322,0.997345,1.109322,1.109322,1.146622,1.183914,1.090672,1.183914,1.109322,1.183914,1.072006,1.016018,0.866573,0.997345,0.978672,0.997345,1.090672,0.941319,0.810486,0.810486,0.903954,0.829178,0.773079,0.903954,0.754364,0.642052,0.735657,0.660774,0.903954,0.791779,0.810486,0.791779,0.773079,0.773079,0.735657,0.866573,
8.557915,8.505650,8.470791,8.366138,8.523075,8.470791,8.505650,8.348686,8.401035,8.401035,8.296310,8.243912,8.331230,8.296310,8.104042,8.383591,8.348686,8.418476,8.523075,8.383591,8.331230,8.313774,8.348686,8.313774,8.435913,8.331230,8.278851,8.278851,8.313774,8.174004,8.208961,8.226437,8.174004,8.174004,8.104042,8.156513,8.139027,7.911411,7.858810,7.823730,7.841270,7.823730,7.876347,7.735977,7.683289,7.665718,7.577831,7.560242,7.577831,7.665718,7.560242,7.560242,7.525059,7.718422,8.034035,8.540497,8.453358,8.156513,7.963982,7.823730,7.858810,7.771088,7.753536,7.665718,7.630577,7.577831,7.507469,7.718422,7.718422,7.683289,7.648148,7.665718,7.507469,7.612995,7.735977,7.560242,7.525059,7.507469,7.507469,7.542656,7.542656,7.525059,7.437057,7.401833,7.401833,7.489868,7.472267,7.648148,7.525059,7.489868,7.542656,7.595413,7.876347,8.627563,8.679768,8.435913,7.963982,7.911411,7.876347,7.928940,7.911411,7.946465,7.981499,7.999016,7.963982,8.016525,7.911411,7.963982,8.034035,8.034035,8.016525,8.069046,8.139027,7.999016,8.104042,8.121536,7.911411,8.051544,7.946465,8.034035,8.191483,8.104042,8.191483,8.261383,8.174004,8.313774,8.191483,8.104042,8.034035,8.121536,8.086544,8.401035,8.784096,8.975086,8.836220,8.801476,8.697163,8.592743,8.679768,8.592743,8.644970,8.697163,8.610161,8.610161,8.470791,8.557915,8.505650,8.540497,8.575333,8.470791,8.313774,8.278851,8.313774,8.278851,8.121536,8.086544,8.104042,8.069046,7.981499,7.981499,7.911411,7.928940,7.946465,7.928940,8.226437,8.627563,8.766716,8.870953,8.540497,7.928940,7.963982,8.016525,8.121536,8.208961,8.174004,8.069046,7.928940,7.999016,7.946465,7.928940,7.999016,8.034035,8.016525,7.893879,7.963982,7.928940,8.016525,7.928940,7.911411,7.928940,7.999016,7.963982,7.981499,8.034035,8.051544,8.051544,8.086544,7.981499,8.069046,7.999016,7.999016,7.946465,7.981499,7.928940,8.191483,8.592743,8.662369,8.243912,8.051544,8.016525,7.981499,7.981499,8.016525,8.104042,8.069046,8.104042,8.104042,8.086544,8.121536,8.174004,8.243912,8.243912,8.366138,8.679768,9.096436,9.079109,8.766716,8.575333,8.592743,8.662369,8.662369,8.818848,8.801476,8.836220,8.801476,8.853588,8.836220,8.853588,8.957737,8.975086,9.252239,9.113758,9.165710,9.131081,9.165710,9.079109,9.113758,9.183022,9.217640,9.338692,9.321407,9.355976,9.304119,9.476868,9.407806,9.442345,9.425079,9.494129,9.511379,9.459610,9.476868,9.459610,9.580376,9.614849,9.563126,9.494129,9.545887,9.580376,9.407806,9.494129,9.407806,9.545887,9.476868,9.494129,9.528633,9.511379,9.459610,9.459610,9.476868,9.511379,9.494129,9.338692,9.338692,9.338692,9.338692,9.252239,9.079109,9.131081,9.079109,9.061775,8.975086,8.957737,8.923035,8.923035,9.442345,9.528633,9.407806,9.044441,8.749332,8.627563,8.644970,8.592743,8.575333,8.610161,8.610161,8.627563,8.679768,8.644970,8.749332,8.766716,8.766716,8.731949,8.766716,8.662369,8.766716,8.697163,8.714558,8.749332,8.644970,8.731949,8.749332,8.731949,8.714558,8.697163,8.697163,8.714558,8.853588,8.923035,9.027115,8.870953,8.940388,8.957737,8.940388,8.870953,9.096436,9.632080,9.614849,9.632080,9.459610,9.355976,9.304119,9.286831,9.390537,9.304119,9.321407,9.338692,9.321407,9.459610,9.338692,9.304119,9.442345,9.425079,9.355976,9.425079,9.425079,9.442345,9.459610,9.425079,9.390537,9.494129,9.494129,9.511379,9.425079,9.459610,9.528633,9.476868,9.476868,9.597610,9.545887,9.407806,9.476868,9.545887,9.390537,9.390537,9.407806,9.269539,9.390537,9.442345,9.321407,9.390537,9.200333,9.096436,9.079109,8.975086,9.079109,9.044441,8.923035,8.923035,8.818848,8.836220,8.870953,9.027115,8.853588,9.148392,9.183022,9.252239,9.234943,9.217640,8.888317,8.644970,8.453358,8.453358,8.331230,8.366138,8.348686,8.488220,8.313774,8.348686,8.383591,8.348686,8.418476,8.331230,8.418476,8.401035,8.226437,8.243912,8.348686,8.348686,8.348686,8.261383,8.243912,8.191483,8.121536,8.086544,8.139027,7.999016,8.034035,7.981499,7.963982,7.928940,7.893879,7.946465,7.876347,7.841270,7.893879,7.806187,8.034035,8.208961,8.243912,8.226437,7.963982,7.560242,7.313717,7.172585,7.066605,6.960518,6.942829,6.925133,6.889732,6.783474,6.748028,6.588379,6.552864,6.570625,6.499577,6.481804,6.410706,6.428486,6.232731,6.250534,6.125797,6.018761,5.750706,5.625381,5.338371,5.086613,4.906425,4.743999,4.780113,4.635590,4.563248,4.454651,4.364071,4.364071,4.291550,4.237133,4.164528,4.164528,4.200836,4.091881,4.091881,4.019184,4.110050,4.146374,4.037365,4.019184,4.037365,4.019184,4.073711,4.110050,4.001003,4.019184,4.237133,4.182686,4.400314,4.472755,4.725941,5.212570,5.535770,5.768597,5.929482,6.161457,6.018761,6.357342,6.481804,6.499577,6.303955,6.357342,6.286148,6.161457,6.125797,5.893753,5.607468,5.176598,5.158604,4.960514,4.689812,4.436539,4.273415,4.110050,3.964630,3.764370,3.636738,3.545483,3.417606,3.381042,3.252968,3.216351,3.143085,2.941338,2.941338,2.757618,2.739227,2.886253,2.702442,2.628838,2.518333,2.499908,2.389282,2.370834,2.407722,2.278545,2.370834,2.278545,2.167706,2.130730,2.038250,1.964214,2.001236,1.964214,1.815990,1.964214,1.834530,1.834530,1.834530,1.853065,1.649017,1.686142,1.723259,1.686142,1.667576,1.593300,1.611877,1.481796,1.518974,1.556145,1.593300,1.556145,1.425999,1.556145,1.556145,1.463196,1.481796,1.463196,1.500385,1.388790,1.407394,1.407394,1.444603,1.388790,1.388790,1.351563,1.444603,1.407394,1.277081,1.388790,1.388790,1.314331,1.314331,1.370178,1.332954,1.314331,1.314331,1.332954,1.295708,1.295708,1.239826,1.239826,1.221191,1.258457,1.183914,1.258457,1.202553,1.202553,1.146622,1.127975,1.165268,1.202553,1.146622,1.127975,1.053349,1.127975,1.183914,1.258457,1.109322,1.072006,1.072006,1.109322,1.053349,1.053349,1.072006,0.997345,0.735657,0.866573,0.810486,0.978672,0.941319,0.941319,0.791779,0.829178,0.847881,0.903954,0.885265,0.941319,0.866573,0.810486,0.903954,0.754364,0.847881,0.922638,
8.453358,8.470791,8.313774,8.191483,8.051544,8.261383,8.226437,8.243912,8.261383,8.226437,8.278851,8.313774,8.418476,8.261383,8.296310,8.383591,8.348686,8.348686,8.453358,8.331230,8.278851,8.296310,8.383591,8.401035,8.313774,8.348686,8.470791,8.383591,8.401035,8.418476,8.470791,8.575333,8.505650,8.453358,8.644970,8.488220,8.557915,8.592743,8.575333,8.418476,8.348686,8.313774,8.331230,8.313774,8.191483,8.383591,8.261383,8.243912,8.174004,8.208961,8.174004,8.208961,7.858810,8.016525,8.331230,8.366138,8.435913,8.470791,8.191483,8.191483,8.331230,8.296310,8.296310,8.296310,8.208961,8.278851,8.331230,8.243912,8.383591,8.418476,8.296310,8.243912,8.226437,8.261383,8.296310,8.139027,8.016525,7.999016,8.016525,8.034035,8.051544,7.841270,7.893879,7.911411,7.963982,7.928940,7.946465,7.876347,7.876347,7.788635,7.771088,7.876347,8.051544,8.592743,8.801476,8.749332,8.296310,8.121536,7.963982,7.981499,8.051544,8.121536,7.963982,8.121536,8.174004,8.051544,8.156513,8.121536,8.191483,8.121536,8.191483,7.946465,8.208961,8.069046,8.104042,8.069046,8.051544,8.016525,7.999016,7.981499,7.999016,7.876347,8.016525,8.104042,8.016525,8.034035,7.876347,8.016525,8.034035,8.086544,7.999016,8.191483,8.644970,9.131081,9.027115,8.697163,8.540497,8.401035,8.401035,8.401035,8.470791,8.366138,8.331230,8.401035,8.366138,8.313774,8.348686,8.331230,8.348686,8.435913,8.383591,8.418476,8.348686,8.261383,8.243912,8.278851,8.261383,8.261383,8.278851,8.278851,8.453358,8.418476,8.208961,8.331230,8.488220,8.523075,8.627563,8.697163,8.610161,8.366138,8.243912,8.034035,8.156513,8.226437,8.191483,7.981499,7.999016,7.858810,7.963982,8.051544,8.016525,7.963982,7.928940,7.999016,7.999016,7.963982,7.999016,8.016525,7.946465,7.876347,7.981499,7.928940,8.016525,8.051544,8.069046,8.121536,8.174004,8.191483,8.313774,8.226437,8.121536,8.016525,7.981499,7.928940,8.016525,8.488220,8.557915,8.296310,8.104042,8.121536,8.121536,8.139027,8.156513,8.034035,8.156513,8.174004,8.069046,8.191483,8.226437,8.226437,8.243912,8.261383,8.366138,8.697163,8.975086,9.027115,8.784096,8.418476,8.383591,8.261383,8.383591,8.470791,8.523075,8.435913,8.418476,8.488220,8.470791,8.627563,8.679768,8.662369,8.801476,8.697163,8.575333,8.540497,8.662369,8.679768,8.679768,8.627563,8.731949,8.801476,8.975086,8.992432,8.992432,9.027115,9.061775,8.992432,9.096436,9.113758,9.234943,9.269539,9.234943,9.373260,9.390537,9.528633,9.632080,9.494129,9.407806,9.338692,9.286831,9.286831,9.390537,9.425079,9.425079,9.373260,9.442345,9.476868,9.442345,9.597610,9.545887,9.563126,9.666546,9.511379,9.545887,9.614849,9.666546,9.614849,9.632080,9.632080,9.545887,9.511379,9.511379,9.407806,9.425079,9.545887,9.597610,9.649315,9.511379,9.355976,9.061775,9.079109,8.992432,8.940388,8.940388,8.888317,8.836220,8.784096,8.801476,8.923035,8.888317,8.905678,8.888317,8.801476,8.818848,8.766716,8.679768,8.644970,8.697163,8.644970,8.731949,8.662369,8.731949,8.662369,8.731949,8.679768,8.627563,8.662369,8.766716,8.766716,8.749332,8.662369,8.731949,8.644970,8.610161,8.731949,9.027115,9.614849,9.494129,9.407806,9.027115,8.853588,8.749332,8.784096,8.766716,8.801476,8.836220,8.766716,8.870953,8.940388,9.009773,8.923035,8.888317,9.079109,8.992432,8.957737,9.079109,9.131081,9.079109,9.061775,9.165710,9.096436,9.217640,9.234943,9.234943,9.304119,9.269539,9.269539,9.390537,9.304119,9.476868,9.390537,9.425079,9.425079,9.355976,9.355976,9.390537,9.425079,9.425079,9.442345,9.321407,9.183022,9.165710,8.975086,8.905678,9.061775,8.992432,9.009773,9.044441,8.975086,8.957737,9.044441,9.096436,9.096436,9.200333,9.217640,9.286831,9.252239,9.148392,9.113758,8.992432,8.957737,8.870953,8.766716,8.731949,8.870953,8.662369,8.836220,8.853588,8.697163,8.749332,8.818848,8.662369,8.697163,8.610161,8.575333,8.575333,8.540497,8.610161,8.662369,8.662369,8.557915,8.557915,8.488220,8.331230,8.366138,8.261383,8.191483,8.226437,8.139027,8.208961,8.104042,8.069046,8.034035,7.999016,7.876347,7.928940,7.928940,8.121536,8.331230,8.435913,8.348686,8.051544,7.648148,7.507469,7.296085,7.225533,7.225533,7.207882,7.101940,7.048931,6.960518,6.960518,6.836617,6.801193,6.730297,6.712570,6.606125,6.499577,6.499577,6.410706,6.428486,6.357342,6.446259,6.303955,6.107971,5.965206,5.697014,5.392242,5.176598,5.014572,4.870358,4.689812,4.617508,4.545155,4.527058,4.436539,4.309685,4.291550,4.291550,4.237133,4.255280,4.146374,4.073711,4.200836,4.055538,4.037365,4.019184,4.091881,4.073711,4.055538,4.091881,4.091881,4.037365,3.982819,4.073711,3.982819,4.128212,4.291550,4.309685,4.635590,4.816223,4.852314,4.906425,5.679108,6.179276,6.428486,6.303955,6.303955,6.357342,6.552864,6.517342,6.588379,6.410706,6.125797,5.804367,5.661201,5.517838,5.356339,5.050598,4.906425,4.635590,4.400314,4.237133,3.928246,3.819023,3.746143,3.600243,3.435883,3.490696,3.252968,3.161407,3.124756,3.143085,2.886253,2.794388,2.867886,2.812759,2.684044,2.592014,2.628838,2.592014,2.518333,2.499908,2.463043,2.333931,2.352383,2.223137,2.167706,2.112244,2.038250,1.964214,1.982727,2.038250,2.001236,1.982727,1.908653,1.834530,1.797447,1.667576,1.723259,1.797447,1.667576,1.649017,1.574726,1.667576,1.556145,1.574726,1.593300,1.593300,1.556145,1.500385,1.556145,1.500385,1.537560,1.481796,1.500385,1.407394,1.481796,1.463196,1.407394,1.425999,1.444603,1.500385,1.463196,1.351563,1.351563,1.407394,1.370178,1.407394,1.332954,1.425999,1.314331,1.295708,1.314331,1.277081,1.258457,1.295708,1.239826,1.295708,1.295708,1.258457,1.221191,1.239826,1.258457,1.202553,1.277081,1.221191,1.165268,1.165268,1.277081,1.202553,1.109322,1.090672,1.221191,1.146622,1.127975,1.016018,1.053349,1.072006,1.165268,1.034683,1.109322,0.959999,0.885265,0.829178,0.903954,0.997345,0.941319,1.016018,0.885265,0.885265,0.959999,0.810486,0.791779,0.847881,0.922638,0.810486,0.885265,0.847881,0.754364,0.679501,
8.470791,8.139027,8.016525,7.735977,7.630577,7.665718,7.700855,7.700855,7.683289,7.648148,7.735977,7.735977,7.823730,7.876347,7.911411,7.946465,7.876347,8.069046,8.104042,7.963982,7.928940,7.981499,7.963982,8.016525,8.016525,8.104042,8.174004,8.051544,7.963982,8.208961,8.174004,8.313774,8.226437,8.401035,8.296310,8.435913,8.453358,8.627563,8.505650,8.366138,8.366138,8.453358,8.331230,8.348686,8.348686,8.313774,8.313774,8.366138,8.243912,8.383591,8.313774,8.191483,8.243912,8.383591,8.383591,8.418476,8.401035,8.383591,8.278851,8.313774,8.488220,8.523075,8.470791,8.505650,8.575333,8.592743,8.697163,8.801476,8.784096,8.870953,8.784096,8.679768,8.714558,8.766716,8.766716,8.731949,8.714558,8.627563,8.662369,8.662369,8.627563,8.627563,8.610161,8.644970,8.644970,8.644970,8.557915,8.505650,8.470791,8.505650,8.435913,8.523075,8.784096,8.992432,8.975086,8.923035,8.697163,8.401035,8.505650,8.453358,8.401035,8.418476,8.575333,8.523075,8.540497,8.557915,8.575333,8.575333,8.470791,8.505650,8.592743,8.644970,8.540497,8.470791,8.453358,8.313774,8.226437,8.348686,8.208961,8.366138,8.156513,8.174004,8.226437,8.104042,8.034035,7.999016,8.034035,8.016525,7.999016,8.086544,8.104042,8.243912,8.575333,9.061775,9.079109,8.784096,8.366138,8.156513,8.156513,8.243912,8.174004,8.226437,8.156513,8.156513,8.121536,8.174004,8.208961,8.174004,8.278851,8.383591,8.296310,8.313774,8.296310,8.243912,8.191483,8.278851,8.156513,8.383591,8.366138,8.313774,8.383591,8.278851,8.383591,8.401035,8.331230,8.348686,8.505650,8.470791,8.488220,8.383591,8.226437,8.296310,8.523075,8.557915,8.575333,8.540497,8.208961,8.139027,8.051544,8.069046,8.016525,8.069046,8.086544,8.139027,8.104042,8.086544,8.156513,8.191483,8.051544,8.104042,8.191483,8.243912,8.296310,8.348686,8.383591,8.470791,8.488220,8.644970,8.592743,8.592743,8.488220,8.453358,8.331230,8.208961,8.208961,8.505650,8.697163,8.488220,8.435913,8.313774,8.313774,8.296310,8.366138,8.470791,8.453358,8.383591,8.435913,8.523075,8.557915,8.488220,8.557915,8.470791,8.627563,8.679768,8.992432,9.044441,8.714558,8.261383,8.261383,8.243912,8.383591,8.435913,8.366138,8.470791,8.453358,8.435913,8.331230,8.453358,8.540497,8.575333,8.610161,8.575333,8.488220,8.505650,8.523075,8.453358,8.488220,8.662369,8.505650,8.644970,8.679768,8.523075,8.557915,8.592743,8.540497,8.540497,8.505650,8.557915,8.697163,8.662369,8.714558,8.784096,8.870953,9.338692,9.338692,9.252239,9.009773,8.627563,8.540497,8.662369,8.697163,8.679768,8.749332,8.784096,8.836220,8.870953,9.079109,8.888317,8.957737,8.957737,9.027115,9.079109,9.234943,9.425079,9.683773,9.683773,9.666546,9.614849,9.632080,9.666546,9.649315,9.632080,9.597610,9.649315,9.700993,9.580376,9.649315,9.597610,9.528633,9.632080,9.476868,9.459610,9.425079,9.528633,9.304119,9.252239,9.338692,9.442345,9.459610,9.355976,9.338692,9.217640,9.148392,8.975086,9.044441,8.923035,8.957737,8.853588,8.888317,8.818848,8.905678,8.888317,8.853588,8.818848,8.853588,8.992432,8.923035,8.923035,8.940388,8.731949,8.766716,8.714558,8.749332,8.801476,9.217640,9.459610,9.425079,9.459610,9.009773,8.662369,8.662369,8.679768,8.731949,8.679768,8.766716,8.592743,8.627563,8.749332,8.749332,8.644970,8.784096,8.766716,8.679768,8.697163,8.697163,8.697163,8.714558,8.766716,8.853588,8.766716,8.766716,8.801476,8.888317,8.870953,8.853588,8.888317,8.940388,8.888317,8.975086,8.992432,8.992432,8.940388,8.905678,8.975086,8.940388,9.252239,9.304119,9.545887,9.425079,8.853588,8.749332,8.592743,8.627563,8.592743,8.662369,8.662369,8.679768,8.749332,8.731949,8.784096,8.818848,8.888317,8.870953,8.888317,8.940388,8.870953,9.009773,9.027115,8.940388,8.853588,8.888317,8.853588,8.818848,8.923035,8.905678,8.992432,8.923035,8.992432,8.975086,9.079109,9.009773,8.957737,9.061775,8.940388,8.905678,8.940388,8.975086,9.148392,9.096436,9.009773,8.888317,8.888317,8.627563,8.627563,8.662369,8.470791,8.523075,8.418476,8.383591,8.401035,8.331230,8.331230,8.191483,8.156513,8.051544,8.121536,8.331230,8.383591,8.453358,8.331230,8.069046,7.630577,7.525059,7.454662,7.454662,7.472267,7.384212,7.384212,7.348972,7.348972,7.296085,7.190231,7.066605,6.978207,6.978207,6.836617,6.783474,6.694839,6.659363,6.499577,6.481804,6.375134,6.428486,6.214916,6.161457,6.090134,5.983063,5.768597,5.535770,5.356339,5.086613,4.978535,4.834267,4.599422,4.635590,4.527058,4.527058,4.527058,4.454651,4.291550,4.237133,4.273415,4.200836,4.182686,4.128212,4.073711,4.091881,4.091881,4.073711,4.055538,4.128212,4.091881,4.073711,4.055538,4.146374,4.019184,4.055538,4.182686,4.218987,4.091881,4.110050,4.309685,5.122616,6.232731,6.000916,5.822250,6.000916,5.983063,6.339550,6.677101,6.659363,6.588379,6.197094,6.018761,6.107971,5.983063,5.929482,5.804367,5.481972,5.194580,4.978535,4.762062,4.563248,4.200836,4.146374,4.037365,3.819023,3.636738,3.600243,3.417606,3.326176,3.234665,3.106426,3.069763,3.014740,2.959694,2.794388,2.720840,2.647240,2.684044,2.555180,2.628838,2.481476,2.426170,2.389282,2.352383,2.389282,2.167706,2.167706,2.149220,2.112244,2.130730,2.075249,2.056755,1.945694,1.927174,1.964214,1.760357,1.723259,1.778908,1.741806,1.834530,1.741806,1.649017,1.630447,1.611877,1.574726,1.667576,1.741806,1.556145,1.518974,1.611877,1.518974,1.518974,1.518974,1.463196,1.500385,1.556145,1.556145,1.500385,1.444603,1.407394,1.370178,1.444603,1.425999,1.370178,1.407394,1.425999,1.388790,1.332954,1.388790,1.332954,1.332954,1.314331,1.258457,1.277081,1.221191,1.221191,1.258457,1.295708,1.072006,1.314331,1.295708,1.127975,1.277081,1.109322,1.277081,1.202553,1.183914,1.127975,1.127975,1.127975,1.183914,1.146622,1.034683,1.090672,1.072006,1.127975,1.109322,1.090672,0.997345,1.053349,0.941319,0.997345,0.922638,1.072006,0.885265,0.922638,1.016018,0.978672,0.978672,0.922638,0.959999,0.922638,1.053349,0.847881,0.922638,0.754364,0.660774,0.679501,
8.296310,8.191483,7.893879,7.665718,7.454662,7.348972,7.384212,7.384212,7.419441,7.489868,7.612995,7.454662,7.489868,7.630577,7.612995,7.648148,7.612995,7.612995,7.771088,7.577831,7.542656,7.542656,7.753536,7.806187,7.700855,7.718422,7.700855,7.735977,7.630577,7.700855,7.700855,7.771088,7.823730,7.735977,7.841270,8.034035,8.278851,8.523075,8.453358,8.226437,8.069046,8.016525,7.911411,7.963982,7.963982,8.086544,8.104042,8.139027,8.034035,8.121536,8.174004,8.086544,8.069046,7.928940,8.034035,8.139027,8.016525,8.156513,8.139027,8.069046,8.174004,8.226437,8.401035,8.261383,8.435913,8.401035,8.523075,8.523075,8.610161,8.731949,8.644970,8.627563,8.592743,8.697163,8.870953,8.940388,8.784096,8.697163,8.679768,8.575333,8.714558,8.731949,8.836220,8.818848,8.731949,8.784096,8.853588,8.888317,8.836220,8.766716,8.888317,8.836220,8.975086,9.009773,8.975086,9.009773,9.027115,8.975086,8.870953,8.801476,8.888317,9.027115,8.940388,9.027115,8.992432,8.975086,9.009773,9.027115,8.992432,9.061775,8.975086,9.044441,9.061775,8.992432,8.836220,8.853588,8.818848,8.784096,8.766716,8.627563,8.453358,8.523075,8.435913,8.523075,8.435913,8.418476,8.418476,8.435913,8.366138,8.243912,8.296310,8.453358,8.766716,9.061775,9.113758,9.096436,8.540497,8.313774,8.366138,8.191483,8.139027,8.156513,8.139027,8.208961,8.208961,8.174004,8.174004,8.331230,8.331230,8.366138,8.418476,8.523075,8.313774,8.278851,8.191483,8.331230,8.313774,8.331230,8.331230,8.331230,8.401035,8.278851,8.418476,8.296310,8.331230,8.261383,8.208961,8.348686,8.261383,8.121536,8.139027,8.313774,8.662369,8.957737,8.888317,8.836220,8.435913,8.174004,8.051544,8.069046,8.086544,8.069046,8.208961,8.174004,8.278851,8.139027,8.174004,8.156513,8.156513,8.226437,8.348686,8.383591,8.383591,8.401035,8.453358,8.523075,8.557915,8.540497,8.453358,8.627563,8.627563,8.540497,8.488220,8.523075,8.470791,8.644970,8.662369,8.540497,8.470791,8.488220,8.557915,8.697163,8.731949,8.784096,8.940388,8.801476,8.818848,8.940388,8.923035,8.957737,8.870953,8.870953,8.905678,8.923035,9.131081,9.027115,8.801476,8.470791,8.435913,8.401035,8.523075,8.592743,8.679768,8.592743,8.627563,8.627563,8.505650,8.575333,8.731949,8.644970,8.627563,8.592743,8.731949,8.749332,8.662369,8.610161,8.662369,8.644970,8.644970,8.592743,8.627563,8.714558,8.575333,8.557915,8.540497,8.505650,8.470791,8.505650,8.418476,8.505650,8.470791,8.592743,8.679768,9.096436,9.200333,9.183022,8.766716,8.313774,8.261383,8.278851,8.243912,8.331230,8.208961,8.139027,8.243912,8.226437,8.313774,8.331230,8.523075,8.505650,8.418476,8.418476,8.540497,8.784096,9.304119,9.442345,9.321407,9.286831,9.148392,9.269539,9.286831,9.373260,9.528633,9.580376,9.476868,9.614849,9.614849,9.597610,9.614849,9.632080,9.545887,9.632080,9.545887,9.580376,9.580376,9.563126,9.545887,9.649315,9.597610,9.683773,9.580376,9.632080,9.683773,9.545887,9.545887,9.425079,9.442345,9.459610,9.494129,9.390537,9.373260,9.234943,9.407806,9.476868,9.407806,9.545887,9.459610,9.373260,9.165710,9.096436,9.148392,9.009773,9.061775,9.113758,9.373260,9.528633,9.632080,9.373260,9.079109,8.749332,8.731949,8.766716,8.749332,8.836220,8.870953,8.836220,8.870953,8.870953,8.801476,8.888317,8.905678,8.940388,8.870953,8.801476,8.731949,8.714558,8.801476,8.766716,8.749332,8.697163,8.749332,8.697163,8.662369,8.818848,8.801476,8.766716,8.679768,8.853588,8.749332,8.749332,8.731949,8.731949,8.766716,8.870953,8.957737,9.234943,9.355976,9.442345,9.148392,8.749332,8.505650,8.540497,8.453358,8.592743,8.627563,8.557915,8.557915,8.627563,8.679768,8.644970,8.679768,8.766716,8.749332,8.592743,8.749332,8.627563,8.714558,8.662369,8.644970,8.575333,8.523075,8.540497,8.575333,8.697163,8.818848,8.749332,8.784096,8.801476,8.836220,8.836220,8.853588,8.975086,9.027115,8.905678,8.905678,8.975086,9.096436,9.355976,9.286831,9.234943,9.079109,8.975086,8.957737,8.992432,8.836220,8.697163,8.784096,8.801476,8.766716,8.714558,8.714558,8.731949,8.644970,8.540497,8.313774,8.435913,8.435913,8.557915,8.488220,8.348686,8.226437,7.963982,7.858810,7.806187,7.841270,7.788635,7.735977,7.718422,7.700855,7.735977,7.507469,7.560242,7.595413,7.348972,7.207882,7.190231,7.084278,6.942829,6.854328,6.712570,6.535103,6.410706,6.428486,6.268349,6.286148,6.214916,6.197094,6.072296,6.072296,5.929482,5.679108,5.499908,5.266499,5.158604,4.816223,4.852314,4.617508,4.599422,4.454651,4.454651,4.454651,4.382195,4.273415,4.237133,4.255280,4.110050,4.073711,4.164528,4.164528,4.037365,4.073711,4.037365,4.073711,4.073711,4.073711,4.073711,4.019184,4.073711,4.091881,4.073711,4.037365,4.110050,4.454651,5.086613,5.176598,4.996559,5.194580,5.714912,5.929482,6.357342,6.481804,6.303955,6.090134,5.983063,6.214916,6.464035,6.410706,6.339550,6.072296,5.786484,5.499908,5.464031,5.158604,4.888393,4.689812,4.382195,4.091881,4.073711,3.910049,3.691456,3.636738,3.417606,3.381042,3.179726,3.252968,3.033081,3.033081,2.959694,2.849514,2.684044,2.739227,2.592014,2.499908,2.592014,2.481476,2.407722,2.444607,2.315472,2.241611,2.223137,2.223137,2.167706,2.130730,2.038250,2.001236,2.056755,1.890129,1.908653,1.945694,1.853065,1.871597,1.741806,1.797447,1.741806,1.649017,1.649017,1.667576,1.778908,1.667576,1.611877,1.556145,1.537560,1.500385,1.574726,1.518974,1.500385,1.556145,1.481796,1.463196,1.537560,1.463196,1.388790,1.500385,1.425999,1.463196,1.314331,1.407394,1.370178,1.351563,1.351563,1.425999,1.332954,1.314331,1.332954,1.351563,1.258457,1.332954,1.295708,1.351563,1.295708,1.183914,1.221191,1.221191,1.239826,1.239826,1.165268,1.221191,1.277081,1.202553,1.109322,1.146622,1.221191,1.221191,1.127975,1.165268,1.109322,1.127975,1.090672,1.072006,1.090672,1.109322,0.978672,1.034683,1.072006,1.016018,1.034683,0.941319,0.959999,0.978672,0.997345,1.016018,0.997345,1.034683,0.959999,0.978672,0.922638,0.978672,0.810486,0.698219,0.660774,
8.208961,8.226437,8.086544,7.700855,7.384212,7.366592,7.472267,7.401833,7.489868,7.507469,7.507469,7.454662,7.665718,7.577831,7.542656,7.560242,7.630577,7.648148,7.700855,7.665718,7.683289,7.630577,7.577831,7.665718,7.718422,7.735977,7.788635,7.648148,7.665718,7.700855,7.630577,7.612995,7.630577,7.718422,7.788635,7.893879,8.191483,8.401035,8.296310,8.069046,8.016525,7.999016,7.981499,8.016525,8.051544,7.946465,7.928940,7.981499,8.016525,7.946465,8.051544,7.928940,7.946465,7.893879,8.034035,8.069046,7.946465,7.999016,7.911411,8.104042,7.911411,7.946465,8.016525,7.999016,8.051544,8.139027,8.226437,8.296310,8.296310,8.156513,8.208961,8.296310,8.243912,8.488220,8.714558,8.853588,8.714558,8.348686,8.243912,8.243912,8.296310,8.366138,8.435913,8.453358,8.453358,8.540497,8.592743,8.592743,8.627563,8.540497,8.644970,8.714558,8.801476,8.749332,8.870953,8.818848,8.905678,8.992432,8.975086,8.923035,8.975086,8.940388,9.009773,9.079109,9.113758,9.044441,9.079109,9.044441,9.113758,9.200333,9.113758,9.183022,9.252239,9.425079,9.252239,9.183022,9.148392,9.165710,9.234943,9.217640,9.044441,9.027115,9.009773,8.957737,8.923035,8.975086,8.992432,9.044441,8.870953,8.888317,8.662369,8.923035,9.061775,9.234943,9.217640,9.009773,8.836220,8.697163,8.505650,8.592743,8.523075,8.453358,8.523075,8.540497,8.592743,8.575333,8.575333,8.644970,8.697163,8.836220,8.749332,8.888317,8.731949,8.697163,8.644970,8.557915,8.592743,8.505650,8.627563,8.557915,8.488220,8.401035,8.523075,8.523075,8.418476,8.296310,8.313774,8.261383,8.191483,8.174004,8.261383,8.435913,8.818848,9.044441,9.079109,9.027115,8.784096,8.226437,8.191483,8.139027,8.139027,8.121536,8.191483,8.261383,8.139027,8.191483,8.139027,8.243912,8.208961,8.174004,8.174004,8.261383,8.226437,8.156513,8.226437,8.174004,8.243912,8.243912,8.086544,8.243912,8.278851,8.383591,8.296310,8.348686,8.226437,8.313774,8.261383,8.366138,8.313774,8.453358,8.383591,8.453358,8.836220,9.165710,9.148392,9.079109,8.975086,9.009773,8.940388,8.940388,8.870953,8.975086,8.957737,9.044441,9.079109,9.131081,9.200333,9.079109,8.975086,8.992432,8.975086,9.096436,9.148392,9.113758,9.131081,9.079109,8.992432,9.027115,8.975086,9.096436,9.027115,9.044441,9.027115,9.096436,9.096436,9.165710,9.148392,9.200333,9.165710,8.975086,8.905678,8.836220,8.784096,8.644970,8.697163,8.627563,8.575333,8.523075,8.453358,8.470791,8.453358,8.401035,8.557915,8.853588,9.165710,9.165710,8.888317,8.313774,8.191483,8.226437,8.139027,8.226437,8.121536,8.174004,8.226437,8.296310,8.156513,8.174004,8.121536,8.121536,8.191483,8.121536,8.156513,8.505650,9.131081,9.269539,9.061775,8.749332,8.610161,8.644970,8.801476,8.818848,8.870953,8.940388,9.009773,8.975086,8.992432,9.113758,9.113758,9.044441,9.096436,9.165710,9.183022,9.200333,9.269539,9.234943,9.217640,9.286831,9.338692,9.390537,9.511379,9.407806,9.425079,9.304119,9.442345,9.494129,9.545887,9.563126,9.545887,9.528633,9.580376,9.511379,9.666546,9.769852,9.804260,9.838661,9.873051,9.614849,9.545887,9.580376,9.580376,9.459610,9.373260,9.459610,9.580376,9.511379,9.425079,9.355976,9.200333,9.148392,9.061775,9.009773,9.183022,9.304119,9.304119,9.304119,9.304119,9.338692,9.269539,9.234943,9.269539,9.079109,9.165710,9.079109,9.027115,9.113758,9.061775,9.061775,9.061775,8.888317,8.992432,8.888317,8.940388,8.905678,8.853588,8.784096,8.836220,8.940388,8.870953,8.749332,8.870953,8.784096,8.784096,8.888317,8.992432,9.373260,9.511379,9.459610,9.200333,8.697163,8.575333,8.575333,8.592743,8.697163,8.644970,8.697163,8.644970,8.749332,8.714558,8.679768,8.662369,8.662369,8.731949,8.627563,8.662369,8.644970,8.627563,8.627563,8.592743,8.470791,8.540497,8.575333,8.557915,8.714558,8.731949,8.731949,8.731949,8.644970,8.627563,8.662369,8.697163,8.610161,8.575333,8.453358,8.627563,8.731949,8.940388,9.269539,9.355976,9.165710,8.714558,8.557915,8.557915,8.610161,8.662369,8.627563,8.679768,8.766716,8.714558,8.627563,8.610161,8.627563,8.610161,8.453358,8.488220,8.453358,8.505650,8.470791,8.453358,8.418476,8.348686,8.383591,8.331230,8.261383,8.139027,8.174004,8.156513,8.034035,8.051544,7.999016,7.963982,7.911411,7.876347,7.735977,7.665718,7.612995,7.296085,7.154926,6.995895,6.872036,6.765751,6.677101,6.535103,6.321754,6.321754,6.303955,6.250534,6.268349,6.197094,6.107971,6.125797,5.929482,5.893753,5.643291,5.374290,5.194580,5.068611,4.743999,4.689812,4.581333,4.490860,4.472755,4.454651,4.418427,4.273415,4.218987,4.091881,4.146374,4.218987,4.110050,4.091881,4.146374,4.110050,4.001003,4.001003,4.073711,4.128212,4.182686,4.091881,4.037365,4.019184,3.964630,4.110050,4.200836,4.255280,4.182686,4.545155,4.743999,5.266499,5.750706,6.090134,5.875885,5.858009,5.786484,6.125797,6.677101,6.694839,6.588379,6.214916,6.090134,6.054455,5.893753,5.822250,5.410194,5.086613,4.870358,4.780113,4.508957,4.237133,3.928246,3.800804,3.673222,3.527222,3.472427,3.381042,3.252968,3.252968,3.106426,3.216351,2.959694,2.849514,2.794388,2.739227,2.776005,2.628838,2.573601,2.536758,2.389282,2.241611,2.333931,2.333931,2.297012,2.297012,2.241611,2.075249,2.204666,2.075249,2.038250,1.908653,1.815990,1.871597,1.853065,1.797447,1.760357,1.834530,1.649017,1.815990,1.686142,1.611877,1.630447,1.537560,1.556145,1.574726,1.574726,1.574726,1.574726,1.463196,1.518974,1.574726,1.500385,1.500385,1.388790,1.388790,1.425999,1.481796,1.481796,1.332954,1.407394,1.314331,1.463196,1.351563,1.388790,1.370178,1.351563,1.425999,1.370178,1.314331,1.332954,1.351563,1.351563,1.351563,1.239826,1.239826,1.277081,1.183914,1.314331,1.258457,1.277081,1.295708,1.146622,1.221191,1.183914,1.146622,1.165268,1.165268,1.090672,1.090672,1.146622,1.072006,1.127975,0.997345,1.053349,0.978672,0.978672,0.941319,1.090672,0.997345,1.053349,0.941319,1.034683,0.997345,1.016018,1.034683,1.053349,0.959999,0.959999,0.997345,0.959999,0.716938,0.660774,
8.278851,8.470791,8.156513,7.806187,7.753536,7.735977,7.630577,7.718422,7.806187,7.735977,7.753536,7.665718,7.665718,7.823730,7.876347,7.806187,7.893879,7.876347,7.981499,7.911411,7.946465,7.893879,7.963982,7.928940,7.911411,8.034035,7.946465,8.069046,7.911411,7.876347,7.788635,7.946465,7.841270,7.858810,7.928940,7.893879,8.139027,8.418476,8.470791,8.313774,8.174004,8.139027,8.086544,8.191483,8.156513,8.104042,8.208961,8.156513,8.174004,8.191483,8.191483,8.104042,8.121536,8.121536,8.174004,8.121536,8.104042,8.086544,8.121536,8.069046,8.191483,8.191483,8.174004,8.156513,8.069046,8.086544,8.261383,8.278851,8.174004,8.191483,8.261383,8.156513,8.121536,8.418476,8.697163,8.766716,8.766716,8.243912,8.051544,8.016525,7.999016,8.156513,8.156513,8.208961,8.174004,8.261383,8.313774,8.366138,8.348686,8.296310,8.348686,8.453358,8.470791,8.435913,8.488220,8.366138,8.575333,8.697163,8.592743,8.610161,8.801476,8.592743,8.575333,8.679768,8.592743,8.644970,8.610161,8.662369,8.714558,8.731949,8.836220,8.975086,9.252239,9.338692,9.304119,9.183022,9.027115,8.853588,8.975086,8.923035,8.818848,8.766716,8.818848,8.766716,8.801476,8.888317,8.957737,9.131081,9.061775,9.061775,9.061775,9.079109,9.165710,9.217640,9.217640,9.200333,9.113758,8.992432,8.923035,8.940388,8.975086,8.940388,8.992432,9.148392,9.148392,9.044441,9.217640,9.252239,9.096436,9.183022,9.304119,9.407806,9.338692,9.286831,9.183022,9.286831,9.200333,9.183022,9.148392,9.165710,9.044441,8.992432,8.940388,8.957737,8.870953,8.784096,8.784096,8.749332,8.662369,8.575333,8.610161,8.731949,9.044441,9.252239,9.269539,9.079109,8.923035,8.470791,8.418476,8.383591,8.348686,8.435913,8.348686,8.401035,8.313774,8.331230,8.366138,8.296310,8.331230,8.366138,8.296310,8.313774,8.366138,8.278851,8.191483,8.156513,8.156513,8.191483,8.191483,8.139027,8.086544,8.208961,8.226437,8.313774,8.243912,8.208961,8.243912,8.261383,8.208961,8.208961,8.331230,8.296310,8.784096,9.183022,9.252239,9.131081,8.870953,8.662369,8.575333,8.453358,8.523075,8.592743,8.557915,8.627563,8.801476,8.940388,8.992432,9.027115,8.975086,9.009773,9.027115,9.113758,9.234943,9.286831,9.113758,9.131081,9.148392,9.131081,9.165710,9.217640,9.304119,9.234943,9.286831,9.321407,9.373260,9.338692,9.494129,9.373260,9.286831,9.252239,9.113758,9.079109,9.079109,9.009773,9.113758,8.975086,9.027115,8.888317,8.731949,8.679768,8.610161,8.644970,8.662369,8.836220,9.044441,9.061775,8.766716,8.401035,8.366138,8.296310,8.383591,8.470791,8.313774,8.156513,8.261383,8.104042,8.156513,8.191483,8.174004,8.156513,8.278851,8.226437,8.261383,8.418476,9.009773,9.131081,8.957737,8.644970,8.557915,8.435913,8.523075,8.592743,8.540497,8.470791,8.610161,8.627563,8.714558,8.610161,8.610161,8.766716,8.662369,8.627563,8.644970,8.627563,8.731949,8.731949,8.644970,8.784096,8.731949,8.836220,8.801476,8.853588,8.870953,8.975086,8.905678,8.957737,8.975086,9.044441,9.113758,9.148392,9.269539,9.269539,9.269539,9.511379,9.804260,9.735428,9.597610,9.476868,9.390537,9.390537,9.407806,9.476868,9.425079,9.459610,9.442345,9.425079,9.407806,9.373260,9.355976,9.321407,9.269539,9.373260,9.425079,9.580376,9.528633,9.649315,9.718216,9.683773,9.511379,9.494129,9.528633,9.545887,9.425079,9.494129,9.666546,9.614849,9.563126,9.511379,9.442345,9.459610,9.528633,9.373260,9.407806,9.425079,9.338692,9.286831,9.304119,9.252239,9.355976,9.355976,9.338692,9.390537,9.096436,9.183022,9.286831,9.528633,9.563126,9.476868,9.148392,8.836220,8.801476,8.836220,8.836220,8.905678,8.905678,8.870953,8.940388,8.905678,8.923035,9.009773,8.957737,8.975086,8.818848,8.818848,8.870953,8.853588,8.749332,8.766716,8.592743,8.523075,8.610161,8.714558,8.714558,8.766716,8.784096,8.905678,8.784096,8.818848,8.679768,8.697163,8.714558,8.662369,8.697163,8.592743,8.697163,8.731949,9.183022,9.321407,9.373260,9.079109,8.679768,8.453358,8.453358,8.418476,8.366138,8.418476,8.366138,8.401035,8.488220,8.383591,8.348686,8.348686,8.383591,8.331230,8.278851,8.331230,8.174004,8.191483,8.261383,8.313774,8.348686,8.331230,8.331230,8.226437,8.139027,8.191483,8.069046,8.086544,8.086544,8.086544,8.034035,8.069046,8.016525,7.963982,7.963982,7.893879,7.683289,7.560242,7.260815,7.207882,6.960518,6.730297,6.641617,6.535103,6.464035,6.357342,6.392914,6.428486,6.250534,6.357342,6.268349,6.286148,6.143627,6.090134,6.000916,5.679108,5.499908,5.248528,5.122616,4.942490,4.762062,4.671738,4.653660,4.563248,4.527058,4.418427,4.382195,4.309685,4.164528,4.164528,4.218987,4.164528,4.164528,4.128212,4.146374,4.091881,4.128212,4.091881,4.164528,4.128212,4.128212,4.091881,4.182686,4.164528,4.110050,4.055538,4.128212,4.291550,4.508957,4.689812,5.194580,5.284477,5.338371,5.320412,5.840134,6.570625,6.517342,6.499577,6.464035,6.268349,6.286148,6.321754,6.179276,5.804367,5.714912,5.553699,5.499908,5.068611,4.743999,4.454651,4.345943,4.110050,3.819023,3.746143,3.600243,3.527222,3.490696,3.417606,3.271278,3.106426,3.124756,3.051422,3.069763,2.922981,2.831142,2.720840,2.573601,2.555180,2.444607,2.481476,2.463043,2.444607,2.426170,2.407722,2.370834,2.315472,2.223137,2.149220,2.001236,2.112244,1.982727,1.927174,1.927174,1.890129,1.815990,1.778908,1.723259,1.741806,1.778908,1.723259,1.630447,1.630447,1.667576,1.630447,1.593300,1.574726,1.611877,1.667576,1.556145,1.500385,1.574726,1.537560,1.425999,1.537560,1.444603,1.463196,1.463196,1.444603,1.500385,1.388790,1.518974,1.500385,1.351563,1.444603,1.407394,1.444603,1.425999,1.407394,1.314331,1.258457,1.295708,1.351563,1.277081,1.332954,1.332954,1.314331,1.221191,1.239826,1.221191,1.202553,1.165268,1.183914,1.146622,1.165268,1.183914,1.239826,1.109322,1.109322,1.146622,1.072006,1.053349,1.072006,1.053349,1.053349,1.072006,1.053349,1.016018,1.072006,1.053349,1.127975,0.997345,0.959999,1.053349,1.053349,1.053349,0.997345,1.016018,0.959999,0.829178,0.679501,
8.086544,8.121536,8.016525,7.981499,7.963982,7.858810,7.806187,7.806187,7.735977,7.788635,7.683289,7.823730,7.858810,7.858810,7.841270,7.858810,7.963982,8.121536,8.226437,8.104042,8.208961,8.016525,7.963982,7.981499,8.069046,8.086544,8.156513,8.156513,8.156513,8.034035,8.208961,8.086544,8.261383,8.226437,8.104042,8.156513,8.296310,8.401035,8.401035,8.401035,8.313774,8.296310,8.313774,8.278851,8.313774,8.366138,8.366138,8.348686,8.453358,8.348686,8.557915,8.401035,8.418476,8.366138,8.435913,8.505650,8.453358,8.453358,8.435913,8.488220,8.366138,8.470791,8.418476,8.470791,8.523075,8.366138,8.418476,8.383591,8.366138,8.296310,8.313774,8.243912,8.261383,8.383591,8.731949,8.888317,8.801476,8.401035,8.139027,8.156513,8.139027,8.104042,8.104042,8.191483,8.174004,8.296310,8.226437,8.348686,8.296310,8.348686,8.366138,8.278851,8.418476,8.488220,8.575333,8.418476,8.523075,8.540497,8.453358,8.523075,8.401035,8.383591,8.401035,8.383591,8.435913,8.401035,8.226437,8.366138,8.401035,8.488220,8.505650,8.557915,8.888317,9.113758,9.096436,9.044441,8.540497,8.366138,8.348686,8.261383,8.156513,8.156513,8.296310,8.191483,8.174004,8.278851,8.401035,8.627563,8.697163,8.714558,8.662369,8.679768,8.766716,8.697163,8.731949,8.731949,8.801476,8.836220,8.888317,8.818848,8.870953,8.818848,8.853588,8.992432,9.113758,9.234943,9.304119,9.252239,9.269539,9.304119,9.390537,9.563126,9.649315,9.683773,9.580376,9.580376,9.597610,9.683773,9.632080,9.545887,9.632080,9.563126,9.649315,9.597610,9.580376,9.476868,9.459610,9.511379,9.442345,9.200333,9.269539,9.355976,9.476868,9.442345,9.390537,9.338692,9.304119,9.165710,9.079109,9.027115,8.992432,8.992432,8.957737,8.975086,8.905678,8.836220,8.888317,8.697163,8.679768,8.610161,8.592743,8.557915,8.540497,8.540497,8.453358,8.435913,8.348686,8.296310,8.313774,8.366138,8.401035,8.366138,8.278851,8.348686,8.331230,8.278851,8.331230,8.366138,8.401035,8.401035,8.366138,8.540497,8.905678,9.338692,9.217640,9.217640,8.749332,8.470791,8.401035,8.296310,8.366138,8.313774,8.453358,8.488220,8.488220,8.627563,8.749332,8.888317,8.714558,8.818848,8.784096,8.836220,9.027115,9.113758,8.957737,8.870953,8.749332,8.888317,8.940388,9.044441,9.096436,9.131081,9.148392,9.252239,9.304119,9.407806,9.217640,9.113758,8.957737,8.853588,8.870953,8.888317,8.818848,9.148392,9.269539,9.321407,9.269539,9.079109,8.836220,8.749332,8.801476,8.766716,8.853588,8.818848,8.853588,8.766716,8.853588,8.749332,8.697163,8.731949,8.801476,8.870953,8.679768,8.557915,8.592743,8.505650,8.470791,8.435913,8.435913,8.418476,8.348686,8.435913,8.470791,8.540497,9.079109,9.096436,8.801476,8.610161,8.523075,8.540497,8.505650,8.505650,8.505650,8.523075,8.627563,8.644970,8.627563,8.644970,8.592743,8.610161,8.557915,8.610161,8.523075,8.540497,8.610161,8.592743,8.592743,8.592743,8.575333,8.592743,8.662369,8.662369,8.697163,8.749332,8.697163,8.766716,8.784096,8.731949,8.784096,8.801476,8.784096,8.784096,8.923035,9.183022,9.649315,9.545887,9.528633,9.027115,8.853588,8.853588,8.905678,8.853588,8.888317,8.940388,8.957737,8.923035,8.905678,8.905678,8.975086,8.957737,9.131081,9.165710,9.217640,9.407806,9.528633,9.735428,9.666546,9.442345,9.476868,9.338692,9.338692,9.459610,9.442345,9.511379,9.597610,9.563126,9.597610,9.614849,9.563126,9.511379,9.545887,9.597610,9.563126,9.545887,9.442345,9.632080,9.528633,9.476868,9.545887,9.545887,9.614849,9.494129,9.459610,9.338692,9.528633,9.476868,9.407806,9.407806,9.338692,9.286831,9.321407,9.165710,9.165710,9.286831,9.355976,9.373260,9.373260,9.390537,9.373260,9.442345,9.321407,9.217640,9.286831,9.183022,9.217640,9.131081,9.131081,8.975086,8.940388,8.853588,8.905678,8.975086,9.148392,9.131081,9.183022,9.217640,9.165710,9.044441,9.009773,8.992432,8.905678,8.923035,8.801476,8.766716,8.731949,8.992432,9.252239,9.407806,9.373260,9.061775,8.697163,8.435913,8.435913,8.383591,8.488220,8.366138,8.453358,8.435913,8.296310,8.331230,8.331230,8.261383,8.296310,8.174004,8.156513,8.121536,8.121536,8.069046,8.069046,8.208961,8.156513,8.191483,8.086544,7.999016,7.981499,7.858810,7.841270,7.928940,7.858810,7.911411,7.841270,7.928940,7.893879,7.876347,7.823730,7.858810,7.876347,7.858810,7.858810,7.648148,7.366592,7.225533,6.836617,6.659363,6.659363,6.588379,6.588379,6.552864,6.499577,6.464035,6.357342,6.214916,6.250534,6.197094,6.090134,6.000916,5.875885,5.714912,5.589546,5.464031,5.194580,4.960514,4.816223,4.906425,4.635590,4.581333,4.563248,4.400314,4.364071,4.273415,4.364071,4.218987,4.200836,4.237133,4.128212,4.146374,4.164528,4.164528,4.091881,4.182686,4.055538,4.019184,4.128212,4.091881,4.091881,4.037365,4.055538,4.128212,4.146374,4.182686,4.309685,4.508957,4.707874,4.906425,5.697014,6.072296,6.197094,6.179276,6.072296,6.232731,6.232731,6.179276,6.303955,6.179276,6.107971,6.018761,5.786484,5.625381,5.230549,5.086613,4.689812,4.472755,4.364071,4.091881,4.200836,3.855442,3.837234,3.600243,3.490696,3.435883,3.234665,3.216351,3.198040,3.143085,2.959694,2.849514,2.831142,2.610428,2.610428,2.536758,2.592014,2.592014,2.463043,2.370834,2.370834,2.333931,2.204666,2.149220,2.112244,2.056755,2.056755,2.019749,1.964214,1.927174,1.853065,1.853065,1.815990,1.797447,1.778908,1.704700,1.778908,1.704700,1.686142,1.649017,1.704700,1.574726,1.611877,1.593300,1.741806,1.481796,1.611877,1.481796,1.537560,1.611877,1.481796,1.500385,1.481796,1.388790,1.463196,1.481796,1.351563,1.444603,1.370178,1.407394,1.332954,1.332954,1.370178,1.388790,1.425999,1.332954,1.314331,1.314331,1.295708,1.258457,1.314331,1.332954,1.239826,1.183914,1.183914,1.239826,1.165268,1.165268,1.109322,1.221191,1.239826,1.202553,1.277081,1.127975,1.072006,1.183914,1.183914,1.072006,1.165268,1.146622,1.221191,1.072006,1.146622,0.959999,0.978672,1.034683,1.127975,0.941319,1.034683,0.903954,1.202553,1.034683,0.959999,0.735657,0.698219,0.735657,
7.841270,7.735977,7.718422,7.753536,7.841270,7.876347,7.753536,7.735977,7.841270,7.700855,7.665718,7.648148,7.700855,7.683289,7.630577,7.630577,7.700855,8.034035,8.226437,8.296310,8.051544,7.841270,7.700855,7.648148,7.771088,7.718422,7.718422,7.858810,7.823730,8.069046,7.876347,8.121536,8.174004,8.174004,8.069046,8.051544,8.086544,8.208961,8.278851,8.261383,8.348686,8.156513,8.226437,8.261383,8.383591,8.348686,8.366138,8.435913,8.453358,8.540497,8.610161,8.505650,8.505650,8.523075,8.697163,8.749332,8.784096,8.662369,8.644970,8.731949,8.697163,8.714558,8.610161,8.627563,8.697163,8.644970,8.731949,8.644970,8.592743,8.540497,8.592743,8.435913,8.313774,8.453358,8.662369,8.731949,8.766716,8.505650,8.366138,8.296310,8.296310,8.313774,8.331230,8.296310,8.226437,8.313774,8.313774,8.366138,8.401035,8.348686,8.383591,8.313774,8.644970,8.662369,8.540497,8.488220,8.592743,8.627563,8.505650,8.540497,8.453358,8.331230,8.401035,8.523075,8.488220,8.435913,8.401035,8.296310,8.418476,8.435913,8.435913,8.488220,8.714558,8.975086,9.061775,8.957737,8.401035,8.174004,7.999016,8.104042,8.139027,8.069046,8.278851,8.069046,8.016525,7.999016,8.208961,8.435913,8.644970,8.418476,8.383591,8.208961,8.191483,8.243912,8.296310,8.191483,8.121536,8.191483,8.261383,8.156513,8.226437,8.383591,8.383591,8.418476,8.575333,8.731949,8.923035,8.888317,8.784096,8.697163,8.888317,9.425079,9.580376,9.580376,9.390537,9.304119,9.442345,9.425079,9.373260,9.425079,9.528633,9.545887,9.563126,9.614849,9.563126,9.545887,9.597610,9.511379,9.545887,9.545887,9.632080,9.614849,9.476868,9.494129,9.442345,9.494129,9.545887,9.425079,9.476868,9.338692,9.425079,9.476868,9.407806,9.459610,9.390537,9.407806,9.286831,9.200333,9.252239,9.148392,9.061775,9.096436,9.131081,8.975086,8.975086,8.905678,8.957737,8.992432,8.749332,8.818848,8.836220,8.801476,8.836220,8.731949,8.697163,8.662369,8.679768,8.731949,8.714558,8.644970,8.784096,8.888317,9.165710,9.286831,9.425079,9.338692,8.905678,8.592743,8.435913,8.470791,8.418476,8.383591,8.418476,8.453358,8.470791,8.488220,8.453358,8.644970,8.679768,8.592743,8.662369,8.627563,8.853588,8.853588,8.784096,8.627563,8.644970,8.679768,8.679768,8.714558,8.870953,8.766716,8.853588,8.923035,8.888317,8.801476,8.801476,8.592743,8.662369,8.453358,8.505650,8.435913,8.575333,8.940388,9.442345,9.390537,9.304119,9.079109,8.697163,8.679768,8.662369,8.488220,8.505650,8.488220,8.662369,8.714558,8.679768,8.697163,8.697163,8.766716,8.853588,8.749332,8.697163,8.801476,8.836220,8.714558,8.697163,8.731949,8.749332,8.679768,8.505650,8.853588,8.836220,8.870953,8.992432,8.975086,8.888317,8.714558,8.662369,8.714558,8.714558,8.557915,8.557915,8.627563,8.679768,8.888317,8.836220,8.818848,8.662369,8.714558,8.644970,8.575333,8.592743,8.610161,8.679768,8.714558,8.557915,8.592743,8.592743,8.627563,8.627563,8.592743,8.627563,8.662369,8.714558,8.714558,8.627563,8.662369,8.714558,8.731949,8.644970,8.766716,8.818848,9.148392,9.459610,9.511379,9.338692,8.836220,8.610161,8.627563,8.575333,8.627563,8.697163,8.644970,8.575333,8.679768,8.575333,8.557915,8.627563,8.662369,8.731949,8.801476,8.766716,8.975086,9.355976,9.511379,9.511379,9.390537,9.044441,8.905678,8.853588,8.870953,8.888317,9.079109,9.096436,9.079109,9.009773,9.148392,9.252239,9.165710,9.200333,9.200333,9.165710,9.234943,9.061775,9.113758,9.027115,9.234943,9.148392,9.165710,9.148392,9.131081,9.252239,9.131081,9.079109,9.113758,9.113758,9.200333,9.148392,9.234943,9.217640,9.234943,9.217640,9.217640,9.407806,9.476868,9.407806,9.407806,9.407806,9.373260,9.355976,9.373260,9.304119,9.442345,9.476868,9.563126,9.476868,9.321407,9.286831,9.373260,9.442345,9.407806,9.442345,9.494129,9.597610,9.666546,9.545887,9.494129,9.528633,9.425079,9.355976,9.338692,9.321407,9.096436,9.148392,9.286831,9.338692,9.390537,9.407806,9.183022,8.853588,8.644970,8.592743,8.523075,8.644970,8.592743,8.575333,8.557915,8.488220,8.435913,8.383591,8.401035,8.453358,8.261383,8.261383,8.208961,8.121536,8.174004,8.139027,8.121536,8.104042,7.999016,7.946465,7.928940,7.911411,8.051544,7.893879,7.911411,7.788635,7.858810,7.806187,7.806187,7.788635,7.718422,7.665718,7.771088,7.893879,7.981499,7.876347,7.893879,7.665718,7.525059,7.243172,7.048931,6.907440,6.925133,6.783474,6.712570,6.659363,6.499577,6.410706,6.303955,6.268349,6.250534,6.197094,6.018761,6.125797,6.000916,5.983063,5.804367,5.750706,5.446091,5.212570,5.140610,4.996559,4.834267,4.671738,4.545155,4.545155,4.490860,4.617508,4.400314,4.273415,4.273415,4.273415,4.200836,4.164528,4.128212,4.182686,4.110050,4.164528,4.182686,4.073711,4.091881,4.146374,4.001003,4.110050,4.110050,4.055538,4.055538,4.182686,4.091881,4.164528,4.364071,4.780113,5.176598,5.176598,5.571625,5.697014,6.000916,5.911625,5.965206,6.214916,6.446259,6.357342,6.232731,6.179276,6.090134,5.750706,5.535770,5.212570,4.924461,4.725941,4.635590,4.382195,4.364071,4.200836,3.910049,3.837234,3.673222,3.545483,3.435883,3.362751,3.216351,3.106426,3.143085,3.051422,2.776005,2.757618,2.720840,2.684044,2.665649,2.647240,2.536758,2.518333,2.352383,2.278545,2.241611,2.241611,2.186188,2.149220,2.186188,2.130730,2.019749,1.871597,2.001236,1.871597,1.871597,1.760357,1.853065,1.723259,1.741806,1.704700,1.686142,1.611877,1.686142,1.649017,1.556145,1.630447,1.611877,1.556145,1.500385,1.537560,1.574726,1.574726,1.500385,1.574726,1.649017,1.537560,1.407394,1.444603,1.463196,1.407394,1.407394,1.332954,1.370178,1.463196,1.351563,1.370178,1.351563,1.314331,1.277081,1.332954,1.314331,1.277081,1.314331,1.221191,1.202553,1.202553,1.239826,1.202553,1.202553,1.258457,1.146622,1.165268,1.183914,1.127975,1.165268,1.221191,1.146622,1.165268,1.109322,1.127975,1.109322,1.109322,0.997345,1.072006,1.109322,1.072006,1.016018,1.072006,1.034683,1.053349,0.997345,0.959999,0.903954,1.016018,0.903954,0.810486,0.716938,
7.700855,7.683289,7.683289,7.507469,7.577831,7.595413,7.612995,7.630577,7.718422,7.788635,7.665718,7.595413,7.683289,7.489868,7.454662,7.577831,7.542656,7.981499,8.278851,8.261383,8.051544,7.683289,7.525059,7.665718,7.665718,7.454662,7.700855,7.648148,7.595413,7.771088,7.735977,7.771088,7.911411,7.876347,7.700855,7.683289,7.823730,7.823730,7.841270,7.771088,7.841270,7.753536,7.823730,7.735977,7.858810,7.911411,7.911411,7.928940,7.981499,8.016525,8.226437,8.156513,8.174004,8.208961,8.592743,8.662369,8.592743,8.435913,8.313774,8.383591,8.331230,8.313774,8.278851,8.331230,8.435913,8.383591,8.575333,8.540497,8.470791,8.435913,8.348686,8.383591,8.348686,8.331230,8.383591,8.366138,8.348686,8.366138,8.313774,8.348686,8.418476,8.401035,8.366138,8.331230,8.348686,8.348686,8.331230,8.331230,8.296310,8.331230,8.296310,8.401035,8.523075,8.714558,8.679768,8.731949,8.818848,8.801476,8.610161,8.662369,8.488220,8.418476,8.470791,8.627563,8.662369,8.523075,8.383591,8.435913,8.488220,8.418476,8.470791,8.540497,8.610161,8.957737,9.009773,8.801476,8.418476,8.104042,8.069046,7.999016,8.034035,8.034035,8.156513,8.051544,7.999016,8.086544,8.156513,8.331230,8.644970,8.505650,8.453358,8.296310,8.191483,8.104042,8.156513,8.208961,8.139027,8.086544,8.104042,8.191483,8.191483,8.156513,8.121536,8.121536,8.278851,8.540497,8.540497,8.592743,8.401035,8.366138,8.435913,9.044441,9.304119,9.459610,8.905678,8.784096,8.749332,8.697163,8.818848,8.784096,8.731949,8.836220,8.957737,9.027115,9.061775,9.079109,9.079109,9.165710,9.252239,9.269539,9.234943,9.252239,9.269539,9.338692,9.183022,9.234943,9.269539,9.234943,9.304119,9.286831,9.390537,9.321407,9.321407,9.390537,9.355976,9.373260,9.390537,9.304119,9.390537,9.373260,9.528633,9.304119,9.338692,9.425079,9.321407,9.252239,9.286831,9.304119,9.286831,9.269539,9.183022,9.183022,9.321407,9.338692,9.183022,9.304119,9.286831,9.165710,9.217640,9.183022,9.165710,9.234943,9.407806,9.476868,9.494129,9.321407,9.148392,8.818848,8.818848,8.679768,8.557915,8.592743,8.610161,8.557915,8.662369,8.610161,8.679768,8.731949,8.714558,8.610161,8.627563,8.784096,8.836220,8.818848,8.731949,8.644970,8.697163,8.679768,8.853588,8.870953,8.801476,8.836220,8.853588,8.697163,8.749332,8.784096,8.627563,8.644970,8.523075,8.366138,8.453358,8.383591,8.470791,9.009773,9.459610,9.459610,9.338692,8.905678,8.644970,8.557915,8.453358,8.418476,8.418476,8.488220,8.488220,8.540497,8.540497,8.540497,8.488220,8.401035,8.453358,8.470791,8.488220,8.557915,8.540497,8.418476,8.401035,8.505650,8.540497,8.592743,8.592743,8.488220,8.488220,8.540497,8.557915,8.679768,8.679768,8.731949,8.731949,8.644970,8.540497,8.505650,8.592743,8.557915,8.923035,9.217640,9.286831,9.027115,8.836220,8.853588,8.870953,8.801476,8.888317,8.905678,8.888317,8.888317,8.923035,8.836220,8.818848,8.853588,8.836220,8.836220,8.870953,8.870953,8.784096,8.836220,8.836220,8.836220,8.870953,8.870953,8.853588,8.870953,8.923035,9.200333,9.338692,9.511379,9.234943,8.766716,8.679768,8.679768,8.610161,8.610161,8.679768,8.592743,8.644970,8.523075,8.453358,8.505650,8.557915,8.540497,8.592743,8.575333,8.644970,8.575333,9.269539,9.390537,9.355976,9.044441,8.818848,8.662369,8.749332,8.644970,8.749332,8.731949,8.818848,8.766716,8.801476,8.784096,8.836220,8.818848,8.888317,8.888317,8.905678,8.975086,8.905678,8.749332,8.662369,8.801476,8.818848,8.801476,8.923035,8.818848,8.853588,8.836220,8.801476,8.784096,8.853588,8.870953,8.992432,8.957737,8.801476,8.870953,8.888317,8.870953,9.390537,9.425079,9.407806,9.148392,9.200333,9.079109,9.061775,9.131081,9.183022,9.217640,9.338692,9.373260,9.304119,9.304119,9.252239,9.494129,9.459610,9.459610,9.321407,9.321407,9.597610,9.666546,9.649315,9.700993,9.597610,9.545887,9.545887,9.511379,9.563126,9.234943,9.355976,9.425079,9.355976,9.459610,9.442345,9.355976,9.165710,9.096436,8.992432,9.009773,8.940388,8.818848,8.888317,8.818848,8.679768,8.731949,8.714558,8.749332,8.679768,8.557915,8.505650,8.418476,8.435913,8.348686,8.331230,8.348686,8.296310,8.139027,8.104042,8.069046,8.139027,8.121536,8.174004,8.016525,7.981499,8.121536,7.999016,7.963982,7.753536,7.806187,7.788635,7.841270,7.999016,8.156513,8.121536,8.069046,7.858810,7.718422,7.665718,7.525059,7.366592,7.225533,7.260815,6.978207,6.801193,6.730297,6.499577,6.499577,6.428486,6.339550,6.357342,6.143627,6.161457,6.161457,6.107971,6.018761,6.018761,5.893753,5.875885,5.661201,5.320412,5.212570,5.158604,4.924461,4.762062,4.671738,4.563248,4.527058,4.527058,4.309685,4.418427,4.345943,4.291550,4.309685,4.128212,4.327812,4.182686,4.182686,4.182686,4.110050,4.037365,4.073711,4.164528,4.073711,4.091881,4.055538,4.001003,4.055538,4.073711,4.037365,4.164528,4.273415,4.653660,4.689812,5.338371,5.464031,5.679108,5.697014,5.929482,6.214916,6.303955,6.339550,6.250534,6.232731,5.983063,5.679108,5.464031,5.302444,5.122616,5.194580,5.158604,5.014572,4.725941,4.563248,4.237133,4.146374,3.873646,3.764370,3.673222,3.381042,3.344467,3.252968,3.088097,3.014740,2.978043,2.904617,2.794388,2.831142,2.776005,2.684044,2.499908,2.592014,2.463043,2.315472,2.370834,2.297012,2.278545,2.223137,2.204666,2.038250,1.927174,2.056755,2.001236,1.964214,1.890129,1.890129,1.778908,1.797447,1.797447,1.778908,1.704700,1.630447,1.686142,1.649017,1.686142,1.649017,1.686142,1.556145,1.574726,1.518974,1.518974,1.556145,1.537560,1.630447,1.370178,1.425999,1.388790,1.444603,1.444603,1.425999,1.444603,1.388790,1.388790,1.444603,1.537560,1.351563,1.332954,1.370178,1.277081,1.370178,1.221191,1.277081,1.295708,1.221191,1.202553,1.277081,1.258457,1.221191,1.221191,1.239826,1.202553,1.109322,1.165268,1.165268,1.239826,1.053349,1.109322,1.053349,1.146622,1.109322,1.034683,1.072006,1.183914,1.034683,0.922638,1.053349,1.072006,1.053349,1.053349,0.997345,1.016018,0.941319,0.978672,0.997345,0.829178,0.903954,
7.893879,7.946465,7.806187,7.806187,7.718422,7.806187,7.771088,7.823730,7.735977,7.823730,7.858810,7.735977,7.700855,7.753536,7.718422,7.665718,7.753536,7.893879,8.418476,8.435913,8.296310,7.999016,7.771088,7.753536,7.648148,7.595413,7.595413,7.648148,7.700855,7.771088,7.771088,7.718422,7.630577,7.665718,7.560242,7.595413,7.507469,7.665718,7.612995,7.612995,7.595413,7.648148,7.595413,7.683289,7.648148,7.718422,7.735977,7.683289,7.718422,7.735977,7.841270,7.788635,7.876347,7.823730,8.261383,8.453358,8.505650,7.946465,7.648148,7.683289,7.735977,7.577831,7.577831,7.683289,7.735977,7.788635,8.051544,7.999016,7.788635,7.665718,7.753536,7.735977,7.683289,7.771088,7.893879,7.683289,7.630577,7.753536,7.788635,7.735977,7.735977,7.841270,7.753536,7.876347,7.928940,7.876347,7.928940,7.928940,7.893879,7.893879,7.946465,7.806187,8.366138,8.836220,8.975086,8.801476,8.818848,8.714558,8.610161,8.575333,8.435913,8.383591,8.470791,8.453358,8.523075,8.557915,8.575333,8.575333,8.644970,8.610161,8.662369,8.714558,8.662369,8.870953,8.836220,8.662369,8.348686,8.139027,8.086544,8.086544,8.104042,8.086544,8.226437,8.208961,8.156513,8.208961,8.261383,8.557915,8.592743,8.731949,8.505650,8.383591,8.331230,8.418476,8.435913,8.366138,8.313774,8.348686,8.296310,8.278851,8.313774,8.296310,8.348686,8.278851,8.331230,8.523075,8.644970,8.644970,8.540497,8.453358,8.418476,8.784096,9.183022,9.217640,8.784096,8.453358,8.435913,8.470791,8.470791,8.470791,8.366138,8.453358,8.540497,8.610161,8.592743,8.644970,8.575333,8.453358,8.662369,8.523075,8.731949,8.644970,8.766716,8.784096,8.731949,8.627563,8.731949,8.697163,8.697163,8.801476,8.731949,8.836220,8.940388,8.940388,8.888317,8.888317,8.975086,8.975086,8.940388,9.009773,8.870953,9.165710,9.304119,9.321407,9.234943,9.079109,9.079109,9.234943,9.044441,9.061775,8.975086,9.131081,9.252239,9.286831,9.269539,9.338692,9.304119,9.338692,9.355976,9.338692,9.286831,9.442345,9.425079,9.494129,9.425079,9.459610,9.234943,9.234943,9.200333,9.165710,9.079109,9.131081,9.096436,9.044441,9.096436,9.183022,9.165710,9.200333,9.113758,9.183022,9.079109,9.113758,9.113758,8.992432,8.992432,9.044441,9.061775,9.165710,8.957737,8.870953,8.870953,8.749332,8.801476,8.662369,8.644970,8.749332,8.557915,8.488220,8.523075,8.505650,8.418476,8.453358,8.540497,9.079109,9.442345,9.563126,9.338692,9.027115,8.853588,8.784096,8.557915,8.627563,8.592743,8.610161,8.610161,8.557915,8.540497,8.523075,8.401035,8.435913,8.523075,8.401035,8.366138,8.296310,8.383591,8.243912,8.296310,8.191483,8.243912,8.261383,8.261383,8.226437,8.226437,8.296310,8.296310,8.296310,8.226437,8.243912,8.296310,8.313774,8.313774,8.261383,8.261383,8.383591,8.818848,9.200333,9.338692,9.096436,8.766716,8.731949,8.662369,8.801476,8.836220,8.836220,8.940388,8.923035,8.836220,8.992432,9.009773,9.079109,9.027115,9.009773,9.061775,9.096436,9.165710,9.148392,9.165710,9.234943,9.148392,9.200333,9.061775,9.131081,9.113758,9.355976,9.459610,9.407806,9.183022,8.801476,8.836220,8.888317,8.888317,8.818848,8.870953,8.697163,8.731949,8.749332,8.714558,8.627563,8.644970,8.714558,8.592743,8.627563,8.679768,8.784096,9.304119,9.390537,9.338692,8.870953,8.662369,8.714558,8.714558,8.749332,8.714558,8.905678,8.905678,8.940388,8.923035,8.836220,8.836220,8.923035,8.870953,8.888317,8.940388,8.853588,8.766716,8.714558,8.662369,8.888317,8.905678,8.853588,8.731949,8.766716,8.801476,8.923035,8.818848,8.784096,8.801476,8.940388,8.853588,8.818848,8.784096,8.801476,8.853588,8.888317,9.304119,9.476868,9.338692,9.096436,8.923035,8.836220,8.870953,8.870953,9.009773,8.905678,9.027115,9.061775,8.975086,8.905678,8.940388,9.009773,9.044441,9.113758,9.009773,9.131081,9.338692,9.614849,9.580376,9.563126,9.338692,9.390537,9.286831,9.390537,9.286831,9.234943,9.304119,9.269539,9.373260,9.355976,9.355976,9.355976,9.304119,9.217640,9.165710,9.148392,9.165710,9.131081,9.165710,9.044441,9.061775,9.044441,8.992432,8.957737,9.009773,8.784096,8.836220,8.784096,8.679768,8.714558,8.679768,8.662369,8.644970,8.540497,8.505650,8.453358,8.418476,8.418476,8.453358,8.383591,8.331230,8.243912,8.261383,8.139027,8.034035,7.963982,7.928940,8.069046,8.261383,8.208961,8.156513,7.928940,7.963982,7.753536,7.735977,7.718422,7.788635,7.612995,7.472267,7.366592,7.225533,7.048931,6.818905,6.641617,6.606125,6.570625,6.410706,6.428486,6.286148,6.375134,6.303955,6.250534,6.125797,6.179276,6.161457,5.947346,5.911625,5.804367,5.571625,5.392242,5.284477,4.996559,4.816223,4.762062,4.617508,4.508957,4.599422,4.364071,4.418427,4.345943,4.364071,4.309685,4.309685,4.291550,4.255280,4.200836,4.146374,4.091881,4.037365,4.164528,4.164528,4.110050,4.164528,4.073711,4.019184,3.964630,4.200836,4.073711,4.128212,4.091881,4.581333,4.834267,4.689812,4.870358,5.499908,6.018761,6.036610,6.268349,6.214916,6.179276,5.893753,5.822250,5.535770,5.535770,5.697014,5.840134,5.750706,5.571625,5.356339,5.086613,4.780113,4.527058,4.364071,4.128212,3.873646,3.691456,3.618496,3.527222,3.307877,3.179726,3.051422,3.124756,3.069763,2.922981,2.904617,2.867886,2.720840,2.684044,2.610428,2.518333,2.518333,2.333931,2.315472,2.352383,2.315472,2.315472,2.186188,2.167706,2.093750,2.038250,2.056755,2.019749,1.927174,1.982727,1.853065,1.778908,1.778908,1.778908,1.686142,1.686142,1.797447,1.649017,1.704700,1.630447,1.667576,1.630447,1.556145,1.574726,1.630447,1.593300,1.574726,1.463196,1.518974,1.518974,1.463196,1.481796,1.425999,1.444603,1.444603,1.351563,1.425999,1.388790,1.314331,1.388790,1.314331,1.370178,1.370178,1.277081,1.332954,1.388790,1.277081,1.277081,1.183914,1.239826,1.221191,1.239826,1.277081,1.239826,1.202553,1.221191,1.221191,1.239826,1.127975,1.146622,1.146622,1.090672,1.109322,1.090672,1.127975,1.072006,1.109322,1.072006,1.109322,1.127975,1.090672,1.016018,1.034683,1.034683,0.959999,1.016018,0.885265,0.903954,
8.331230,8.401035,8.418476,8.261383,8.278851,8.348686,8.331230,8.208961,8.278851,8.243912,8.348686,8.226437,8.313774,8.226437,8.104042,8.139027,8.139027,8.226437,8.540497,8.766716,8.453358,8.261383,8.156513,8.034035,8.069046,7.981499,8.069046,7.946465,7.946465,7.946465,8.034035,7.911411,7.911411,7.893879,7.893879,7.753536,7.753536,7.648148,7.683289,7.665718,7.735977,7.718422,7.735977,7.735977,7.718422,7.788635,7.735977,7.735977,7.718422,7.841270,7.841270,7.858810,7.771088,7.806187,8.121536,8.505650,8.470791,8.069046,7.542656,7.419441,7.348972,7.348972,7.313717,7.401833,7.419441,7.437057,7.595413,7.454662,7.384212,7.437057,7.331345,7.296085,7.331345,7.366592,7.525059,7.384212,7.296085,7.384212,7.313717,7.489868,7.401833,7.437057,7.454662,7.437057,7.331345,7.384212,7.419441,7.595413,7.489868,7.454662,7.525059,7.577831,8.086544,8.836220,9.027115,8.923035,8.488220,8.296310,8.226437,8.069046,7.963982,7.999016,7.999016,8.034035,8.208961,8.208961,8.226437,8.313774,8.488220,8.540497,8.470791,8.488220,8.644970,8.453358,8.453358,8.453358,8.296310,8.296310,8.191483,8.278851,8.243912,8.366138,8.418476,8.453358,8.243912,8.523075,8.592743,8.627563,8.766716,8.784096,8.749332,8.644970,8.905678,8.853588,8.853588,8.836220,8.731949,8.749332,8.697163,8.766716,8.940388,8.888317,8.870953,8.888317,8.818848,8.801476,8.940388,8.905678,8.714558,8.679768,8.662369,8.714558,9.252239,9.183022,8.870953,8.540497,8.435913,8.418476,8.348686,8.366138,8.348686,8.348686,8.366138,8.401035,8.453358,8.470791,8.453358,8.557915,8.401035,8.383591,8.366138,8.383591,8.348686,8.488220,8.366138,8.278851,8.261383,8.366138,8.208961,8.296310,8.331230,8.366138,8.366138,8.366138,8.348686,8.296310,8.523075,8.418476,8.296310,8.331230,8.488220,8.923035,9.148392,9.165710,8.940388,8.470791,8.470791,8.610161,8.505650,8.505650,8.470791,8.523075,8.714558,8.818848,8.853588,8.853588,8.923035,8.957737,8.940388,9.079109,9.061775,9.044441,9.061775,9.027115,9.079109,9.096436,9.096436,9.044441,9.027115,9.044441,9.009773,9.044441,9.079109,9.079109,9.009773,9.061775,9.200333,9.234943,9.200333,9.252239,9.373260,9.476868,9.614849,9.545887,9.459610,9.425079,9.407806,9.425079,9.321407,9.338692,9.338692,9.200333,9.252239,9.183022,9.131081,9.044441,8.992432,8.975086,8.957737,8.888317,8.957737,8.784096,8.818848,9.390537,9.632080,9.563126,9.511379,9.304119,9.131081,9.027115,9.044441,8.940388,8.923035,9.009773,8.992432,9.044441,8.957737,9.009773,8.836220,8.662369,8.697163,8.714558,8.697163,8.575333,8.488220,8.470791,8.488220,8.383591,8.331230,8.261383,8.278851,8.331230,8.261383,8.383591,8.191483,8.208961,8.174004,8.156513,8.278851,8.261383,8.243912,8.331230,8.261383,8.348686,8.888317,9.269539,9.269539,9.009773,8.610161,8.557915,8.627563,8.662369,8.610161,8.644970,8.557915,8.610161,8.592743,8.697163,8.679768,8.784096,8.766716,8.801476,8.784096,8.923035,9.061775,9.131081,9.217640,9.113758,9.217640,9.131081,9.183022,9.252239,9.269539,9.304119,9.338692,9.252239,9.200333,9.148392,9.183022,9.165710,9.338692,9.304119,9.217640,9.148392,9.304119,9.252239,9.200333,8.957737,9.165710,8.957737,8.957737,8.923035,9.044441,9.113758,9.476868,9.442345,9.321407,8.992432,8.888317,8.940388,9.027115,8.957737,9.027115,9.061775,9.061775,9.009773,9.148392,9.044441,9.096436,9.131081,9.183022,9.165710,9.113758,9.113758,9.027115,8.905678,8.957737,9.079109,9.131081,8.888317,8.940388,8.905678,8.975086,8.940388,8.992432,8.905678,8.853588,8.940388,9.009773,8.888317,8.905678,8.853588,8.731949,8.836220,9.355976,9.355976,9.355976,9.027115,8.853588,8.923035,8.888317,8.888317,8.957737,8.940388,8.957737,8.923035,8.905678,8.784096,9.027115,9.131081,8.923035,8.957737,8.888317,8.923035,9.304119,9.528633,9.494129,9.321407,9.027115,8.975086,8.923035,8.957737,8.888317,8.888317,8.992432,8.975086,8.975086,8.992432,8.923035,9.044441,9.096436,9.131081,9.061775,9.113758,9.027115,9.009773,9.044441,8.992432,8.957737,8.975086,8.836220,8.905678,8.766716,8.766716,8.836220,8.662369,8.679768,8.714558,8.697163,8.714558,8.662369,8.540497,8.627563,8.679768,8.610161,8.679768,8.766716,8.784096,8.644970,8.627563,8.470791,8.488220,8.296310,8.261383,8.191483,8.331230,8.331230,8.366138,8.174004,8.051544,7.963982,7.858810,7.841270,7.841270,7.788635,7.806187,7.718422,7.700855,7.683289,7.577831,7.419441,7.278450,6.995895,6.748028,6.712570,6.623875,6.641617,6.570625,6.499577,6.303955,6.214916,6.214916,6.107971,6.107971,6.036610,5.947346,5.929482,5.840134,5.697014,5.464031,5.248528,5.230549,5.068611,4.816223,4.635590,4.671738,4.545155,4.454651,4.436539,4.472755,4.418427,4.364071,4.309685,4.291550,4.200836,4.164528,4.146374,4.146374,4.073711,4.110050,4.091881,4.091881,4.073711,4.055538,3.946442,4.091881,4.019184,4.110050,4.200836,4.164528,4.218987,4.218987,4.834267,5.481972,5.446091,5.553699,5.822250,5.768597,5.643291,5.625381,5.571625,5.571625,5.875885,6.179276,6.125797,6.125797,5.947346,5.625381,5.428139,5.050598,4.852314,4.563248,4.273415,4.164528,3.910049,3.782589,3.618496,3.399323,3.490696,3.399323,3.307877,3.271278,3.252968,3.161407,3.051422,2.776005,2.776005,2.684044,2.536758,2.518333,2.518333,2.407722,2.352383,2.389282,2.297012,2.278545,2.149220,2.167706,2.186188,1.982727,1.964214,2.038250,1.908653,1.945694,1.834530,1.927174,1.797447,1.815990,1.778908,1.741806,1.853065,1.704700,1.667576,1.574726,1.630447,1.611877,1.574726,1.630447,1.611877,1.500385,1.481796,1.518974,1.556145,1.425999,1.425999,1.388790,1.611877,1.481796,1.444603,1.370178,1.407394,1.388790,1.388790,1.332954,1.444603,1.388790,1.425999,1.295708,1.388790,1.314331,1.370178,1.146622,1.127975,1.277081,1.165268,1.221191,1.277081,1.183914,1.295708,1.221191,1.127975,1.221191,1.165268,1.165268,1.165268,1.258457,1.127975,1.109322,1.127975,1.127975,1.127975,1.072006,1.109322,1.072006,0.978672,1.053349,0.997345,1.016018,0.791779,0.829178,
8.453358,8.644970,8.453358,8.401035,8.313774,8.348686,8.331230,8.470791,8.470791,8.435913,8.453358,8.418476,8.523075,8.383591,8.523075,8.174004,8.488220,8.488220,8.610161,8.592743,8.557915,8.488220,8.383591,8.523075,8.557915,8.348686,8.453358,8.523075,8.418476,8.366138,8.401035,8.331230,8.296310,8.296310,8.243912,8.174004,8.208961,8.104042,8.051544,8.104042,8.034035,8.086544,8.086544,8.174004,8.051544,8.034035,8.034035,8.174004,8.121536,8.051544,8.086544,8.051544,7.928940,7.981499,8.296310,8.348686,8.697163,8.488220,7.946465,7.612995,7.525059,7.437057,7.525059,7.507469,7.577831,7.577831,7.648148,7.700855,7.648148,7.630577,7.612995,7.648148,7.630577,7.630577,7.630577,7.595413,7.525059,7.560242,7.542656,7.630577,7.612995,7.560242,7.595413,7.700855,7.595413,7.577831,7.542656,7.648148,7.648148,7.472267,7.735977,7.771088,8.174004,8.870953,9.027115,8.957737,8.191483,7.806187,7.507469,7.419441,7.419441,7.560242,7.612995,7.665718,7.612995,7.577831,7.700855,7.806187,7.788635,8.016525,7.841270,7.911411,7.928940,7.911411,7.858810,7.806187,7.806187,7.841270,7.823730,7.788635,7.911411,7.963982,8.139027,8.121536,8.051544,8.139027,8.278851,8.348686,8.575333,8.610161,8.644970,8.836220,8.923035,9.113758,9.096436,9.148392,9.113758,9.044441,9.027115,9.079109,9.061775,9.148392,9.096436,9.183022,9.113758,9.165710,9.304119,9.148392,9.148392,8.923035,8.992432,9.096436,9.269539,9.304119,9.096436,8.888317,8.679768,8.627563,8.592743,8.470791,8.627563,8.523075,8.435913,8.540497,8.644970,8.592743,8.540497,8.557915,8.557915,8.470791,8.401035,8.401035,8.383591,8.348686,8.366138,8.243912,8.278851,8.226437,8.243912,8.226437,8.174004,8.243912,8.313774,8.174004,8.226437,8.104042,8.139027,8.174004,8.139027,8.139027,8.208961,8.749332,9.131081,9.183022,8.853588,8.331230,8.191483,8.261383,8.331230,8.348686,8.331230,8.366138,8.523075,8.557915,8.453358,8.488220,8.470791,8.488220,8.557915,8.540497,8.610161,8.540497,8.679768,8.627563,8.575333,8.592743,8.644970,8.488220,8.592743,8.714558,8.662369,8.662369,8.644970,8.644970,8.662369,8.540497,8.679768,8.731949,8.731949,8.801476,9.009773,9.494129,9.580376,9.666546,9.614849,9.528633,9.494129,9.563126,9.563126,9.511379,9.528633,9.407806,9.494129,9.459610,9.476868,9.476868,9.476868,9.476868,9.425079,9.476868,9.459610,9.252239,9.511379,9.614849,9.666546,9.683773,9.752644,9.614849,9.580376,9.494129,9.545887,9.545887,9.580376,9.580376,9.649315,9.563126,9.511379,9.442345,9.494129,9.217640,9.217640,9.131081,9.165710,9.113758,9.044441,8.940388,8.992432,8.836220,8.870953,8.818848,8.853588,8.853588,8.714558,8.714558,8.644970,8.644970,8.610161,8.610161,8.627563,8.644970,8.523075,8.557915,8.592743,8.662369,9.096436,9.338692,9.425079,9.148392,8.853588,8.766716,8.662369,8.662369,8.679768,8.592743,8.592743,8.505650,8.610161,8.644970,8.662369,8.697163,8.679768,8.679768,8.801476,8.957737,9.009773,8.940388,8.905678,8.836220,8.870953,8.870953,8.870953,8.749332,8.870953,8.992432,9.027115,9.009773,9.061775,9.079109,9.217640,9.183022,9.252239,9.252239,9.321407,9.304119,9.476868,9.511379,9.442345,9.390537,9.321407,9.217640,9.269539,9.234943,9.269539,9.355976,9.407806,9.442345,9.304119,9.234943,9.234943,9.321407,9.286831,9.234943,9.252239,9.407806,9.476868,9.459610,9.442345,9.425079,9.442345,9.511379,9.407806,9.459610,9.511379,9.459610,9.442345,9.390537,9.304119,9.338692,9.338692,9.217640,9.131081,9.131081,9.200333,9.183022,9.252239,9.200333,9.148392,9.113758,9.165710,9.183022,9.131081,8.905678,9.009773,9.044441,9.304119,9.338692,9.252239,9.027115,8.905678,8.905678,8.957737,8.905678,8.940388,8.888317,8.905678,8.818848,8.888317,8.870953,8.940388,8.992432,8.957737,8.923035,9.009773,8.853588,9.269539,9.459610,9.442345,9.165710,8.940388,8.923035,8.957737,8.888317,8.888317,8.818848,8.888317,8.853588,8.870953,8.853588,8.853588,8.818848,8.853588,8.870953,8.870953,8.905678,8.836220,8.801476,8.818848,8.801476,8.731949,8.766716,8.610161,8.575333,8.557915,8.523075,8.540497,8.523075,8.470791,8.418476,8.470791,8.366138,8.383591,8.296310,8.366138,8.435913,8.540497,8.818848,8.836220,8.836220,8.592743,8.575333,8.488220,8.453358,8.348686,8.331230,8.366138,8.313774,8.366138,8.156513,8.226437,8.104042,7.999016,7.981499,7.999016,7.999016,7.928940,7.946465,7.999016,7.928940,7.841270,7.823730,7.718422,7.595413,7.665718,7.348972,7.313717,7.137272,7.048931,6.925133,6.748028,6.446259,6.268349,6.339550,6.303955,6.268349,6.125797,6.107971,6.107971,5.965206,6.018761,5.929482,5.714912,5.517838,5.535770,5.284477,4.978535,4.906425,4.906425,4.671738,4.689812,4.527058,4.490860,4.454651,4.327812,4.382195,4.200836,4.182686,4.218987,4.237133,4.073711,4.128212,4.128212,4.001003,4.128212,4.091881,4.091881,4.037365,4.055538,4.073711,3.928246,4.001003,4.073711,4.128212,4.255280,4.327812,4.472755,4.743999,5.086613,5.212570,5.176598,5.230549,5.410194,5.535770,6.036610,6.428486,6.552864,6.464035,6.179276,6.072296,5.893753,5.732807,5.338371,5.194580,4.924461,4.743999,4.454651,4.273415,4.073711,3.873646,3.746143,3.800804,3.746143,3.600243,3.600243,3.472427,3.344467,3.069763,2.959694,2.831142,2.757618,2.628838,2.573601,2.628838,2.518333,2.370834,2.315472,2.315472,2.167706,2.260078,2.315472,2.167706,2.167706,2.093750,2.075249,2.019749,1.927174,1.871597,1.945694,1.927174,1.778908,1.797447,1.723259,1.815990,1.778908,1.778908,1.704700,1.723259,1.593300,1.537560,1.593300,1.630447,1.593300,1.593300,1.518974,1.481796,1.518974,1.444603,1.537560,1.556145,1.537560,1.500385,1.481796,1.425999,1.444603,1.239826,1.370178,1.351563,1.425999,1.258457,1.351563,1.314331,1.277081,1.277081,1.314331,1.258457,1.183914,1.183914,1.239826,1.239826,1.202553,1.183914,1.090672,1.183914,1.295708,1.109322,1.165268,1.258457,1.034683,1.109322,1.072006,1.072006,1.090672,0.978672,1.072006,0.941319,1.072006,1.109322,0.997345,0.959999,0.978672,0.810486,
7.963982,8.034035,8.051544,7.893879,7.858810,8.278851,8.540497,8.470791,8.243912,8.034035,8.069046,7.963982,8.016525,8.069046,8.208961,8.104042,8.191483,8.156513,8.156513,8.331230,8.296310,8.191483,8.261383,8.313774,8.313774,8.348686,8.383591,8.435913,8.401035,8.383591,8.557915,8.470791,8.348686,8.366138,8.383591,8.435913,8.383591,8.278851,8.313774,8.191483,8.243912,8.278851,8.366138,8.453358,8.470791,8.505650,8.470791,8.523075,8.540497,8.505650,8.418476,8.470791,8.243912,8.401035,8.540497,8.627563,8.731949,8.627563,8.139027,8.086544,8.034035,8.051544,8.034035,8.104042,8.139027,8.156513,8.174004,8.208961,8.348686,8.313774,8.278851,8.331230,8.208961,8.174004,8.296310,8.366138,8.313774,8.296310,8.313774,8.139027,8.261383,8.296310,8.278851,8.208961,8.174004,8.226437,8.139027,8.226437,8.331230,8.313774,8.261383,8.348686,8.470791,9.131081,9.096436,9.061775,8.435913,7.700855,7.489868,7.525059,7.437057,7.542656,7.577831,7.630577,7.665718,7.577831,7.630577,7.683289,7.648148,7.630577,7.630577,7.595413,7.577831,7.595413,7.542656,7.366592,7.560242,7.525059,7.630577,7.525059,7.577831,7.560242,7.577831,7.665718,7.735977,7.788635,7.718422,7.806187,7.876347,7.841270,7.999016,8.086544,8.784096,9.200333,9.079109,8.992432,8.853588,8.836220,8.697163,8.679768,8.731949,8.679768,8.888317,8.992432,8.870953,9.009773,8.975086,9.113758,9.113758,9.183022,9.200333,9.148392,9.217640,9.200333,9.079109,8.870953,8.870953,8.940388,8.957737,8.957737,8.836220,8.940388,8.888317,8.992432,8.870953,8.784096,8.818848,8.784096,8.784096,8.679768,8.523075,8.575333,8.505650,8.488220,8.523075,8.383591,8.313774,8.366138,8.313774,8.261383,8.226437,8.226437,8.243912,8.191483,8.191483,8.261383,8.331230,8.208961,8.174004,8.243912,8.331230,8.714558,8.940388,9.061775,8.992432,8.488220,8.191483,8.296310,8.401035,8.383591,8.401035,8.366138,8.453358,8.592743,8.418476,8.401035,8.418476,8.453358,8.435913,8.470791,8.523075,8.505650,8.540497,8.557915,8.540497,8.505650,8.523075,8.592743,8.592743,8.644970,8.575333,8.575333,8.610161,8.575333,8.488220,8.592743,8.418476,8.540497,8.505650,8.592743,8.905678,9.494129,9.545887,9.649315,9.407806,9.234943,9.286831,9.234943,9.217640,9.200333,9.165710,9.200333,9.148392,9.044441,9.183022,9.217640,9.286831,9.338692,9.355976,9.425079,9.373260,9.494129,9.407806,9.511379,9.511379,9.528633,9.528633,9.545887,9.545887,9.580376,9.511379,9.511379,9.614849,9.614849,9.649315,9.632080,9.494129,9.476868,9.528633,9.528633,9.494129,9.390537,9.459610,9.425079,9.286831,9.373260,9.304119,9.217640,9.321407,9.338692,9.407806,9.304119,9.269539,9.252239,9.252239,9.304119,9.217640,9.252239,9.217640,9.234943,9.217640,9.252239,9.217640,9.390537,9.442345,9.597610,9.563126,9.269539,9.183022,9.148392,9.079109,9.061775,9.113758,8.975086,9.009773,8.888317,8.853588,8.836220,8.957737,8.923035,8.801476,8.853588,9.027115,9.009773,9.113758,9.079109,8.923035,8.801476,8.801476,8.818848,8.784096,8.697163,8.749332,8.853588,8.749332,8.679768,8.714558,8.836220,8.853588,8.992432,8.836220,8.888317,8.905678,8.992432,9.528633,9.494129,9.338692,9.183022,9.165710,9.183022,9.217640,9.286831,9.321407,9.355976,9.390537,9.355976,9.252239,9.200333,9.217640,9.304119,9.355976,9.269539,9.183022,9.286831,9.390537,9.494129,9.545887,9.528633,9.476868,9.442345,9.390537,9.390537,9.425079,9.390537,9.355976,9.304119,9.390537,9.286831,9.321407,9.234943,9.200333,9.200333,9.234943,9.286831,9.545887,9.511379,9.304119,9.442345,9.459610,9.442345,9.373260,9.079109,9.304119,9.425079,9.373260,9.425079,9.390537,9.269539,9.304119,9.217640,9.217640,9.200333,9.096436,9.079109,9.061775,8.975086,8.957737,8.957737,8.940388,9.027115,8.992432,8.888317,8.801476,9.027115,9.390537,9.425079,9.321407,9.165710,8.975086,8.957737,8.870953,8.940388,8.957737,8.818848,9.009773,8.923035,8.940388,8.923035,8.836220,8.888317,8.870953,8.923035,8.853588,8.836220,8.905678,8.818848,8.749332,8.731949,8.575333,8.557915,8.610161,8.435913,8.488220,8.575333,8.435913,8.470791,8.435913,8.366138,8.401035,8.261383,8.208961,8.174004,8.191483,8.174004,8.366138,8.784096,8.818848,8.766716,8.505650,8.453358,8.383591,8.243912,8.226437,8.104042,8.174004,8.226437,8.156513,8.121536,8.174004,8.069046,8.034035,8.016525,8.016525,8.034035,8.104042,8.226437,8.208961,8.191483,8.069046,7.876347,7.876347,7.823730,7.823730,7.876347,7.718422,7.665718,7.419441,7.260815,6.960518,6.712570,6.535103,6.446259,6.339550,6.268349,6.268349,6.143627,6.143627,6.179276,6.072296,6.054455,6.000916,6.054455,5.804367,5.804367,5.607468,5.392242,5.212570,5.014572,4.942490,4.725941,4.743999,4.617508,4.581333,4.527058,4.400314,4.345943,4.273415,4.327812,4.200836,4.218987,4.200836,4.110050,4.091881,4.037365,4.001003,4.073711,4.073711,3.982819,4.091881,4.091881,3.910049,3.946442,4.055538,4.110050,4.128212,4.128212,4.327812,4.508957,4.436539,4.508957,5.086613,5.697014,6.018761,6.392914,6.570625,6.446259,6.303955,6.321754,6.143627,6.000916,5.714912,5.607468,5.374290,5.212570,4.924461,4.816223,4.472755,4.146374,4.255280,4.291550,4.237133,4.146374,4.019184,3.819023,3.545483,3.362751,3.179726,2.978043,2.922981,2.739227,2.665649,2.610428,2.610428,2.628838,2.518333,2.536758,2.426170,2.426170,2.223137,2.223137,2.223137,2.204666,2.204666,2.167706,2.038250,2.075249,1.890129,1.927174,1.927174,1.945694,2.001236,1.815990,1.723259,1.797447,1.686142,1.815990,1.574726,1.667576,1.723259,1.518974,1.630447,1.537560,1.593300,1.649017,1.518974,1.537560,1.556145,1.463196,1.537560,1.425999,1.425999,1.407394,1.332954,1.351563,1.332954,1.407394,1.444603,1.370178,1.351563,1.351563,1.332954,1.351563,1.277081,1.258457,1.258457,1.239826,1.277081,1.165268,1.165268,1.295708,1.146622,1.258457,1.183914,1.183914,1.146622,1.258457,1.165268,1.127975,1.090672,1.053349,1.146622,1.053349,1.016018,1.034683,0.922638,1.034683,1.072006,0.978672,0.941319,0.978672,
7.735977,7.771088,7.648148,7.542656,7.630577,7.788635,8.383591,8.470791,8.086544,7.648148,7.454662,7.437057,7.384212,7.331345,7.454662,7.454662,7.542656,7.507469,7.472267,7.507469,7.577831,7.489868,7.560242,7.595413,7.560242,7.630577,7.718422,7.771088,7.735977,7.823730,7.841270,7.946465,7.963982,8.069046,7.963982,8.051544,7.963982,7.946465,7.823730,7.841270,7.858810,7.963982,7.999016,8.488220,8.540497,8.610161,8.435913,8.401035,8.348686,8.453358,8.435913,8.313774,8.366138,8.331230,8.523075,8.592743,8.679768,8.662369,8.610161,8.488220,8.592743,8.505650,8.662369,8.610161,8.592743,8.697163,8.679768,8.818848,8.836220,8.905678,8.905678,8.905678,8.957737,9.044441,8.870953,8.923035,9.061775,9.148392,9.079109,9.044441,9.079109,8.992432,9.079109,9.079109,9.079109,9.061775,9.061775,9.096436,9.044441,9.009773,9.009773,8.940388,9.061775,9.234943,9.286831,9.131081,8.662369,8.086544,7.876347,7.735977,7.858810,8.016525,8.051544,8.243912,8.086544,8.086544,8.104042,7.981499,7.981499,7.928940,7.911411,7.858810,7.753536,7.788635,7.700855,7.683289,7.700855,7.735977,7.665718,7.806187,7.700855,7.683289,7.788635,7.735977,7.806187,7.753536,7.771088,7.630577,7.718422,7.700855,7.735977,7.893879,8.505650,9.113758,9.165710,9.009773,8.540497,8.296310,8.313774,8.261383,8.243912,8.261383,8.401035,8.557915,8.557915,8.435913,8.505650,8.505650,8.575333,8.575333,8.697163,8.697163,8.766716,8.679768,8.766716,8.714558,8.679768,8.714558,8.731949,8.836220,8.853588,8.957737,8.801476,8.853588,8.870953,8.870953,8.836220,8.818848,8.836220,8.766716,8.644970,8.749332,8.888317,8.940388,8.905678,8.749332,8.818848,8.679768,8.610161,8.383591,8.435913,8.366138,8.348686,8.296310,8.348686,8.505650,8.383591,8.435913,8.348686,8.383591,8.418476,8.592743,8.836220,8.888317,8.801476,8.557915,8.348686,8.366138,8.418476,8.470791,8.435913,8.505650,8.749332,8.644970,8.644970,8.592743,8.505650,8.557915,8.453358,8.523075,8.592743,8.662369,8.697163,8.679768,8.644970,8.679768,8.731949,8.749332,8.749332,8.784096,8.784096,8.784096,8.749332,8.731949,8.697163,8.731949,8.697163,8.592743,8.610161,8.610161,8.836220,9.597610,9.787056,9.718216,9.442345,9.044441,9.027115,9.009773,9.009773,9.009773,8.784096,8.888317,8.853588,8.905678,8.818848,8.853588,8.940388,8.957737,9.061775,9.044441,9.027115,8.975086,9.044441,8.923035,8.992432,9.044441,8.923035,9.044441,8.975086,9.113758,9.061775,9.200333,9.234943,9.338692,9.200333,9.200333,9.148392,9.183022,9.200333,9.200333,9.338692,9.373260,9.528633,9.442345,9.355976,9.286831,9.200333,9.165710,9.113758,9.217640,9.217640,9.338692,9.338692,9.338692,9.425079,9.407806,9.390537,9.442345,9.476868,9.494129,9.683773,9.735428,9.563126,9.580376,9.683773,9.683773,9.752644,9.683773,9.683773,9.563126,9.597610,9.649315,9.683773,9.563126,9.563126,9.476868,9.407806,9.494129,9.459610,9.459610,9.338692,9.321407,9.373260,9.425079,9.355976,9.252239,9.217640,9.131081,9.079109,9.009773,9.044441,8.992432,8.784096,8.888317,8.853588,8.801476,8.801476,8.766716,8.818848,8.836220,8.784096,8.749332,8.853588,8.940388,9.476868,9.476868,9.252239,9.096436,9.131081,9.079109,9.113758,9.286831,9.269539,9.252239,9.234943,9.165710,9.200333,9.113758,9.079109,9.165710,9.217640,9.113758,9.131081,9.027115,9.096436,9.148392,9.234943,9.079109,9.113758,9.061775,8.975086,8.870953,8.905678,8.870953,8.870953,8.923035,8.888317,8.853588,8.853588,8.957737,8.853588,8.870953,8.766716,9.009773,9.614849,9.528633,9.476868,9.407806,9.252239,9.390537,9.338692,9.338692,9.338692,9.338692,9.252239,9.321407,9.338692,9.321407,9.442345,9.338692,9.234943,9.217640,9.131081,9.113758,9.096436,8.992432,9.009773,9.027115,9.027115,9.009773,8.905678,9.044441,9.113758,9.200333,9.321407,9.217640,9.131081,9.252239,9.183022,9.165710,9.200333,9.269539,9.165710,9.148392,9.234943,9.269539,9.252239,9.269539,9.286831,9.234943,9.113758,9.200333,9.079109,9.096436,9.096436,9.027115,8.801476,8.836220,8.784096,8.627563,8.697163,8.662369,8.575333,8.610161,8.627563,8.523075,8.505650,8.418476,8.383591,8.331230,8.313774,8.278851,8.261383,8.313774,8.401035,8.853588,8.940388,8.801476,8.296310,8.261383,8.191483,8.121536,8.086544,8.069046,7.981499,8.069046,8.051544,7.981499,7.963982,7.963982,7.981499,7.928940,8.051544,8.139027,8.208961,8.366138,8.278851,8.208961,8.069046,7.876347,7.823730,7.718422,7.648148,7.648148,7.612995,7.595413,7.525059,7.419441,7.366592,7.101940,6.818905,6.694839,6.623875,6.464035,6.410706,6.499577,6.375134,6.321754,6.339550,6.214916,6.107971,6.143627,6.054455,6.036610,5.893753,5.822250,5.768597,5.517838,5.266499,5.212570,4.942490,4.762062,4.653660,4.635590,4.563248,4.508957,4.418427,4.436539,4.291550,4.200836,4.237133,4.128212,4.182686,4.091881,4.128212,4.091881,4.037365,3.964630,4.037365,4.073711,3.982819,4.019184,4.037365,4.019184,4.001003,3.910049,3.946442,4.055538,4.019184,4.146374,4.563248,5.338371,5.266499,6.018761,6.107971,6.072296,6.143627,6.197094,6.232731,6.054455,5.929482,5.750706,5.750706,5.697014,5.643291,5.428139,4.996559,4.743999,4.906425,5.032589,4.906425,4.852314,4.527058,4.291550,3.855442,3.691456,3.490696,3.289577,3.161407,2.959694,2.886253,2.831142,2.776005,2.776005,2.592014,2.665649,2.536758,2.499908,2.481476,2.463043,2.499908,2.278545,2.278545,2.186188,2.241611,2.204666,2.112244,2.075249,2.056755,2.130730,1.964214,1.890129,1.871597,1.890129,1.853065,1.797447,1.778908,1.778908,1.723259,1.723259,1.704700,1.649017,1.630447,1.481796,1.611877,1.593300,1.593300,1.463196,1.388790,1.463196,1.481796,1.444603,1.444603,1.407394,1.407394,1.407394,1.425999,1.388790,1.407394,1.314331,1.351563,1.370178,1.407394,1.295708,1.221191,1.258457,1.314331,1.388790,1.407394,1.221191,1.239826,1.221191,1.183914,1.221191,1.258457,1.258457,1.146622,1.109322,1.109322,1.146622,1.165268,1.090672,1.034683,0.997345,1.165268,1.053349,0.997345,1.053349,1.016018,1.072006,
7.718422,7.806187,7.577831,7.683289,7.577831,7.683289,8.313774,8.383591,8.191483,7.718422,7.401833,7.348972,7.243172,7.225533,7.313717,7.207882,7.207882,7.278450,7.172585,7.154926,7.225533,7.172585,7.119606,7.225533,7.172585,7.137272,7.172585,7.172585,7.172585,7.313717,7.384212,7.384212,7.437057,7.507469,7.542656,7.384212,7.366592,7.366592,7.419441,7.454662,7.278450,7.419441,7.507469,7.911411,8.505650,8.453358,8.174004,7.771088,7.735977,7.771088,7.718422,7.683289,7.542656,7.665718,7.806187,7.946465,8.086544,8.139027,8.104042,8.121536,8.208961,8.156513,8.383591,8.348686,8.453358,8.401035,8.383591,8.540497,8.627563,8.697163,8.766716,8.836220,8.836220,8.957737,8.853588,9.009773,9.061775,9.148392,9.027115,9.009773,9.079109,9.183022,9.200333,9.321407,9.200333,9.252239,9.321407,9.252239,9.304119,9.234943,9.286831,9.183022,9.286831,9.269539,9.200333,9.096436,8.888317,8.627563,8.610161,8.557915,8.575333,8.697163,8.766716,8.818848,8.749332,8.801476,8.784096,8.749332,8.766716,8.697163,8.592743,8.453358,8.523075,8.453358,8.383591,8.243912,8.366138,8.453358,8.366138,8.313774,8.401035,8.348686,8.435913,8.383591,8.383591,8.296310,8.366138,8.348686,8.313774,8.086544,8.191483,8.278851,8.662369,9.252239,9.234943,9.131081,8.749332,8.470791,8.348686,8.401035,8.453358,8.366138,8.488220,8.435913,8.610161,8.488220,8.435913,8.470791,8.435913,8.453358,8.505650,8.208961,8.278851,8.366138,8.331230,8.313774,8.261383,8.261383,8.278851,8.348686,8.366138,8.348686,8.331230,8.226437,8.296310,8.296310,8.278851,8.331230,8.348686,8.243912,8.331230,8.401035,8.818848,8.818848,8.923035,8.784096,8.679768,8.627563,8.435913,8.313774,8.278851,8.278851,8.243912,8.296310,8.401035,8.488220,8.348686,8.296310,8.296310,8.331230,8.366138,8.383591,8.505650,8.801476,8.610161,8.505650,8.453358,8.523075,8.523075,8.592743,8.714558,8.679768,8.853588,8.801476,8.766716,8.870953,8.888317,8.888317,8.731949,8.870953,8.940388,9.113758,9.183022,9.200333,9.113758,9.183022,9.252239,9.269539,9.269539,9.269539,9.252239,9.338692,9.183022,9.165710,9.131081,9.096436,9.061775,9.096436,8.975086,8.992432,9.165710,9.666546,9.700993,9.580376,9.442345,9.148392,9.009773,9.079109,9.009773,8.940388,8.888317,8.923035,8.923035,8.801476,8.888317,8.975086,9.044441,8.975086,9.009773,8.940388,8.992432,8.923035,8.853588,8.870953,8.784096,8.801476,8.697163,8.801476,8.818848,8.836220,8.801476,8.905678,8.870953,8.870953,8.801476,8.853588,8.731949,8.784096,8.784096,8.766716,8.957737,9.269539,9.442345,9.390537,9.286831,8.784096,8.679768,8.679768,8.784096,8.870953,8.784096,8.888317,9.009773,9.044441,9.027115,9.131081,9.079109,9.338692,9.304119,9.338692,9.494129,9.528633,9.528633,9.614849,9.528633,9.649315,9.735428,9.752644,9.718216,9.649315,9.752644,9.752644,9.804260,9.804260,9.838661,9.787056,9.666546,9.804260,9.666546,9.752644,9.683773,9.718216,9.907425,9.804260,9.735428,9.614849,9.649315,9.494129,9.494129,9.563126,9.511379,9.476868,9.286831,9.338692,9.252239,9.269539,9.183022,9.165710,9.044441,9.044441,9.027115,8.957737,8.905678,9.131081,9.545887,9.476868,9.200333,9.044441,9.044441,8.992432,9.061775,9.113758,9.183022,9.079109,9.027115,9.131081,9.044441,9.044441,9.113758,9.131081,9.079109,9.113758,8.940388,8.957737,9.027115,9.148392,8.992432,8.923035,8.923035,8.888317,8.818848,8.784096,8.853588,8.714558,8.749332,8.714558,8.749332,8.784096,8.818848,8.836220,8.766716,8.870953,8.870953,8.957737,9.649315,9.597610,9.511379,9.407806,9.321407,9.286831,9.321407,9.234943,9.252239,9.321407,9.252239,9.304119,9.286831,9.269539,9.252239,9.234943,9.252239,9.217640,9.131081,9.096436,8.957737,8.975086,9.027115,9.027115,8.923035,8.975086,8.870953,8.940388,8.870953,8.923035,8.940388,9.096436,9.061775,9.044441,9.113758,9.027115,9.096436,9.009773,9.148392,9.200333,9.338692,9.563126,9.614849,9.528633,9.528633,9.373260,9.459610,9.407806,9.304119,9.321407,9.252239,9.183022,9.252239,9.183022,9.131081,9.096436,9.027115,8.992432,9.027115,9.009773,8.905678,8.749332,8.801476,8.731949,8.801476,8.697163,8.644970,8.627563,8.557915,8.470791,8.662369,9.061775,8.940388,8.697163,8.453358,8.453358,8.435913,8.331230,8.174004,8.121536,8.208961,8.191483,8.243912,8.208961,8.139027,8.069046,8.086544,7.999016,8.104042,8.243912,8.296310,8.418476,8.488220,8.435913,8.104042,7.841270,7.683289,7.753536,7.718422,7.683289,7.700855,7.665718,7.595413,7.542656,7.542656,7.348972,7.366592,7.137272,6.942829,6.836617,6.889732,6.889732,6.694839,6.588379,6.535103,6.481804,6.375134,6.339550,6.428486,6.232731,6.179276,6.072296,6.054455,5.947346,5.858009,5.643291,5.535770,5.158604,5.014572,4.960514,4.743999,4.707874,4.671738,4.545155,4.490860,4.364071,4.418427,4.345943,4.255280,4.182686,4.218987,4.164528,4.055538,4.128212,4.055538,3.946442,4.019184,3.946442,3.964630,3.964630,4.128212,4.001003,3.982819,3.910049,3.928246,3.982819,4.019184,4.164528,4.617508,5.446091,5.553699,5.464031,5.679108,6.036610,5.929482,5.840134,5.643291,5.768597,5.983063,6.107971,6.036610,5.947346,5.661201,5.140610,5.410194,6.197094,5.822250,5.428139,5.194580,4.707874,4.273415,3.982819,3.873646,3.563744,3.435883,3.417606,3.106426,3.198040,3.069763,2.904617,2.794388,2.776005,2.665649,2.702442,2.592014,2.518333,2.481476,2.481476,2.352383,2.407722,2.297012,2.130730,2.130730,2.130730,2.130730,2.130730,2.075249,1.982727,2.075249,2.019749,1.871597,1.890129,1.853065,1.760357,1.815990,1.667576,1.797447,1.964214,1.778908,1.630447,1.574726,1.630447,1.630447,1.556145,1.593300,1.537560,1.481796,1.500385,1.463196,1.518974,1.518974,1.463196,1.388790,1.351563,1.407394,1.332954,1.332954,1.370178,1.277081,1.425999,1.258457,1.239826,1.370178,1.332954,1.332954,1.351563,1.295708,1.258457,1.239826,1.127975,1.090672,1.127975,1.146622,1.127975,1.109322,1.090672,1.034683,1.109322,1.016018,1.127975,1.053349,0.978672,1.034683,1.109322,1.146622,1.127975,
8.086544,8.139027,7.981499,7.858810,7.928940,7.999016,8.226437,8.366138,8.366138,7.928940,7.700855,7.542656,7.595413,7.525059,7.472267,7.454662,7.348972,7.454662,7.313717,7.296085,7.260815,7.225533,7.243172,7.296085,7.225533,7.225533,7.101940,7.243172,7.225533,7.260815,7.348972,7.348972,7.313717,7.331345,7.366592,7.331345,7.243172,7.172585,7.207882,7.137272,7.119606,7.101940,7.296085,7.735977,8.348686,8.278851,8.121536,7.683289,7.384212,7.296085,7.260815,7.190231,7.225533,7.296085,7.472267,7.489868,7.525059,7.507469,7.507469,7.630577,7.542656,7.595413,7.735977,7.700855,7.665718,7.595413,7.683289,7.858810,7.981499,8.156513,8.016525,8.208961,8.174004,8.226437,8.208961,8.296310,8.488220,8.488220,8.453358,8.523075,8.644970,8.766716,9.113758,8.992432,8.784096,8.766716,8.766716,8.784096,8.888317,8.975086,8.957737,8.923035,8.853588,8.836220,9.061775,8.923035,8.784096,8.766716,8.644970,8.836220,8.766716,8.818848,8.940388,8.888317,8.888317,8.923035,8.957737,9.009773,9.027115,9.009773,8.957737,9.079109,9.096436,9.131081,9.079109,9.079109,9.009773,9.131081,9.061775,9.217640,9.113758,9.044441,9.027115,8.975086,8.992432,9.044441,9.009773,8.992432,9.061775,9.009773,8.801476,9.009773,8.992432,9.252239,9.321407,9.234943,9.044441,8.801476,8.784096,8.957737,8.888317,9.009773,8.905678,9.009773,8.992432,9.009773,8.905678,8.853588,8.679768,8.540497,8.505650,8.435913,8.470791,8.488220,8.557915,8.488220,8.366138,8.366138,8.366138,8.418476,8.383591,8.348686,8.261383,8.331230,8.331230,8.121536,8.051544,8.086544,8.069046,8.069046,8.051544,8.278851,8.818848,8.975086,8.975086,8.644970,8.505650,8.331230,8.156513,7.999016,8.034035,8.051544,7.981499,7.963982,8.069046,8.139027,8.296310,8.243912,8.174004,8.191483,8.278851,8.208961,8.226437,8.174004,8.418476,8.435913,8.296310,8.383591,8.278851,8.453358,8.540497,8.488220,8.540497,8.575333,8.610161,8.731949,8.714558,8.749332,8.714558,8.801476,8.801476,9.079109,9.234943,9.286831,9.355976,9.407806,9.407806,9.373260,9.442345,9.442345,9.494129,9.442345,9.442345,9.407806,9.425079,9.442345,9.459610,9.442345,9.338692,9.476868,9.563126,9.649315,9.700993,9.632080,9.563126,9.286831,9.252239,9.217640,9.113758,9.165710,9.234943,9.044441,9.027115,8.940388,9.027115,8.992432,9.044441,9.113758,9.044441,8.975086,9.044441,9.079109,8.975086,8.888317,8.888317,8.801476,8.784096,8.679768,8.784096,8.766716,8.818848,8.801476,8.784096,8.749332,8.731949,8.766716,8.697163,8.644970,8.697163,8.714558,8.923035,9.217640,9.304119,9.476868,9.217640,8.784096,8.662369,8.784096,8.784096,8.731949,8.749332,8.766716,8.957737,8.992432,8.940388,8.957737,8.957737,8.923035,8.975086,8.923035,9.027115,9.044441,9.131081,9.096436,9.061775,9.234943,9.304119,9.338692,9.321407,9.234943,9.338692,9.494129,9.545887,9.390537,9.545887,9.459610,9.563126,9.528633,9.528633,9.528633,9.528633,9.632080,9.804260,9.787056,9.735428,9.649315,9.666546,9.614849,9.563126,9.597610,9.649315,9.649315,9.597610,9.632080,9.614849,9.597610,9.511379,9.494129,9.545887,9.494129,9.476868,9.321407,9.511379,9.528633,9.597610,9.545887,9.321407,9.061775,9.061775,9.027115,9.096436,9.165710,9.113758,9.148392,8.992432,8.957737,9.096436,9.061775,9.079109,9.131081,9.165710,9.044441,9.009773,8.992432,8.975086,9.131081,9.131081,8.923035,8.905678,8.905678,8.801476,8.853588,8.801476,8.905678,8.836220,8.784096,8.714558,8.801476,8.853588,8.784096,8.801476,8.801476,8.801476,9.131081,9.666546,9.614849,9.580376,9.563126,9.511379,9.390537,9.355976,9.286831,9.321407,9.234943,9.234943,9.304119,9.338692,9.200333,9.269539,9.269539,9.217640,9.165710,8.992432,8.870953,8.801476,8.784096,8.801476,8.836220,8.731949,8.714558,8.731949,8.731949,8.644970,8.610161,8.627563,8.644970,8.644970,8.610161,8.766716,8.679768,8.766716,8.749332,8.818848,8.975086,9.183022,9.632080,9.597610,9.425079,9.321407,9.286831,9.200333,9.217640,9.252239,9.286831,9.234943,9.234943,9.234943,9.269539,9.165710,9.131081,9.113758,9.096436,9.096436,9.165710,9.061775,9.027115,8.957737,8.992432,9.044441,9.027115,9.044441,8.975086,8.801476,8.888317,9.061775,8.975086,8.957737,8.836220,8.627563,8.627563,8.505650,8.470791,8.383591,8.366138,8.366138,8.296310,8.383591,8.296310,8.243912,8.174004,8.156513,8.104042,8.261383,8.418476,8.523075,8.540497,8.523075,8.366138,8.069046,7.841270,7.928940,7.981499,7.788635,7.788635,7.753536,7.771088,7.753536,7.648148,7.700855,7.648148,7.577831,7.630577,7.437057,7.401833,7.384212,7.243172,7.172585,6.942829,6.872036,6.748028,6.552864,6.570625,6.464035,6.250534,6.125797,6.179276,6.090134,6.090134,6.036610,5.983063,5.875885,5.661201,5.553699,5.320412,5.122616,5.032589,4.978535,4.816223,4.743999,4.599422,4.527058,4.418427,4.382195,4.309685,4.364071,4.200836,4.218987,4.091881,4.091881,4.073711,4.019184,3.964630,4.019184,4.001003,4.001003,4.037365,3.964630,3.873646,4.001003,3.982819,3.964630,4.001003,4.073711,4.291550,4.345943,4.382195,4.834267,5.302444,5.410194,5.464031,5.356339,5.464031,5.786484,6.072296,6.125797,6.000916,5.893753,5.266499,6.125797,7.384212,6.606125,6.214916,5.858009,5.410194,4.870358,4.545155,4.291550,3.891846,3.782589,3.527222,3.490696,3.381042,3.307877,3.161407,2.978043,3.124756,2.812759,2.702442,2.739227,2.610428,2.592014,2.481476,2.444607,2.407722,2.370834,2.370834,2.315472,2.149220,2.186188,2.167706,2.186188,2.130730,2.149220,2.001236,2.056755,2.075249,1.871597,1.908653,1.908653,1.797447,1.778908,1.741806,1.704700,1.649017,1.649017,1.797447,1.649017,1.649017,1.649017,1.537560,1.537560,1.556145,1.481796,1.518974,1.407394,1.500385,1.537560,1.463196,1.407394,1.388790,1.425999,1.425999,1.370178,1.370178,1.388790,1.277081,1.351563,1.332954,1.314331,1.239826,1.277081,1.314331,1.295708,1.221191,1.202553,1.165268,1.183914,1.202553,1.221191,1.258457,1.221191,1.072006,1.090672,1.109322,1.053349,1.090672,1.127975,1.053349,1.072006,1.090672,
8.243912,8.226437,8.156513,8.191483,8.121536,8.156513,8.331230,8.296310,8.243912,8.069046,8.121536,8.016525,8.051544,8.034035,8.034035,7.911411,7.911411,7.735977,7.753536,7.858810,7.946465,7.876347,7.841270,7.788635,7.823730,7.771088,7.788635,7.665718,7.700855,7.700855,7.718422,7.683289,7.612995,7.612995,7.595413,7.489868,7.437057,7.437057,7.454662,7.366592,7.313717,7.278450,7.331345,7.683289,8.278851,8.313774,8.401035,7.858810,7.577831,7.296085,7.401833,7.243172,7.366592,7.296085,7.489868,7.560242,7.595413,7.525059,7.489868,7.525059,7.437057,7.542656,7.542656,7.366592,7.401833,7.401833,7.401833,7.577831,7.630577,7.735977,7.718422,7.630577,7.560242,7.665718,7.630577,7.665718,7.718422,7.753536,7.806187,7.893879,7.893879,8.366138,8.940388,8.818848,8.401035,8.313774,8.348686,8.401035,8.348686,8.418476,8.366138,8.331230,8.331230,8.348686,8.383591,8.261383,8.296310,8.278851,8.121536,8.313774,8.261383,8.401035,8.331230,8.383591,8.453358,8.470791,8.575333,8.610161,8.714558,8.627563,8.697163,8.870953,8.766716,8.975086,9.079109,9.044441,8.957737,9.027115,9.027115,9.252239,9.252239,9.200333,9.113758,9.061775,9.061775,9.131081,9.183022,9.079109,9.217640,9.165710,9.096436,9.252239,9.148392,9.183022,9.200333,9.234943,9.286831,9.304119,9.269539,9.252239,9.200333,9.407806,9.355976,9.269539,9.494129,9.269539,9.338692,9.234943,9.286831,9.148392,9.079109,9.044441,8.957737,8.888317,8.957737,8.975086,8.818848,8.870953,8.784096,8.923035,8.784096,8.731949,8.523075,8.610161,8.488220,8.488220,8.331230,8.313774,8.383591,8.191483,8.313774,8.366138,9.027115,8.975086,9.148392,8.679768,8.453358,8.348686,8.243912,8.226437,8.156513,8.226437,8.086544,8.174004,8.174004,8.278851,8.261383,8.296310,8.191483,8.278851,8.401035,8.435913,8.313774,8.296310,8.383591,8.331230,8.331230,8.278851,8.348686,8.243912,8.208961,8.261383,8.208961,8.296310,8.278851,8.435913,8.401035,8.418476,8.383591,8.418476,8.383591,8.662369,9.200333,9.355976,9.304119,9.234943,9.148392,9.079109,9.009773,9.009773,9.096436,9.061775,9.044441,9.079109,9.148392,9.131081,9.200333,9.234943,9.269539,9.338692,9.373260,9.407806,9.355976,9.494129,9.390537,9.425079,9.321407,9.390537,9.373260,9.269539,9.269539,9.269539,9.286831,9.200333,9.217640,9.183022,9.165710,9.148392,9.027115,9.079109,9.113758,9.183022,9.131081,9.061775,9.096436,9.009773,8.992432,8.801476,8.836220,8.870953,8.766716,8.784096,8.801476,8.784096,8.784096,8.714558,8.749332,8.714558,8.766716,8.714558,8.940388,9.321407,9.511379,9.511379,9.286831,8.836220,8.870953,8.905678,8.923035,8.905678,8.923035,8.957737,9.061775,9.061775,9.113758,9.044441,8.975086,8.975086,8.957737,8.957737,8.940388,8.957737,8.957737,8.992432,9.009773,8.992432,8.905678,8.888317,8.853588,8.836220,8.870953,8.905678,8.923035,8.957737,9.044441,9.009773,9.009773,9.061775,9.027115,8.957737,9.009773,9.304119,9.821461,9.752644,9.563126,9.234943,9.113758,9.061775,9.027115,9.217640,9.096436,9.321407,9.321407,9.355976,9.321407,9.355976,9.269539,9.338692,9.373260,9.494129,9.407806,9.390537,9.425079,9.528633,9.407806,9.183022,9.217640,9.269539,9.252239,9.252239,9.165710,9.113758,9.079109,9.009773,9.096436,9.131081,9.148392,9.304119,9.200333,9.217640,9.200333,9.131081,9.183022,9.217640,9.148392,9.183022,9.165710,8.992432,9.027115,8.975086,9.061775,8.940388,8.940388,8.923035,8.992432,8.923035,8.888317,8.853588,8.836220,8.905678,8.801476,8.818848,8.836220,9.113758,9.683773,9.614849,9.580376,9.563126,9.442345,9.511379,9.476868,9.407806,9.442345,9.373260,9.373260,9.390537,9.442345,9.476868,9.407806,9.390537,9.338692,9.338692,9.252239,9.113758,9.027115,8.940388,8.784096,8.853588,8.853588,8.697163,8.766716,8.731949,8.679768,8.697163,8.662369,8.662369,8.644970,8.697163,8.697163,8.679768,8.627563,8.801476,8.697163,8.818848,9.338692,9.614849,9.597610,9.407806,9.148392,9.009773,8.923035,9.009773,9.061775,9.061775,8.975086,9.027115,8.992432,9.061775,9.009773,8.975086,8.923035,8.923035,8.975086,8.888317,8.992432,8.905678,8.870953,8.836220,8.888317,8.888317,9.061775,8.992432,8.870953,8.853588,8.905678,8.870953,8.940388,8.801476,8.836220,8.766716,8.714558,8.784096,8.801476,8.714558,8.714558,8.853588,8.784096,8.662369,8.470791,8.418476,8.523075,8.470791,8.557915,8.505650,8.470791,8.453358,8.470791,8.418476,8.226437,8.208961,8.121536,7.999016,8.069046,7.981499,7.876347,7.928940,7.946465,7.911411,7.841270,7.858810,7.876347,7.893879,7.788635,7.788635,7.753536,7.630577,7.630577,7.401833,7.137272,7.101940,6.889732,6.712570,6.588379,6.517342,6.410706,6.392914,6.286148,6.286148,6.107971,6.107971,6.143627,5.965206,5.911625,5.768597,5.697014,5.446091,5.176598,5.122616,4.996559,4.780113,4.798172,4.743999,4.545155,4.527058,4.490860,4.382195,4.309685,4.273415,4.218987,4.200836,4.110050,4.055538,4.037365,3.982819,3.946442,3.928246,3.928246,3.964630,3.928246,3.946442,4.055538,3.928246,3.982819,3.910049,3.855442,3.928246,4.037365,4.327812,4.599422,4.762062,4.942490,5.248528,5.553699,5.911625,5.983063,5.750706,5.714912,5.284477,6.641617,8.557915,7.542656,6.872036,6.357342,5.661201,5.338371,4.996559,4.617508,4.490860,4.327812,4.019184,3.837234,3.636738,3.618496,3.417606,3.344467,3.088097,3.088097,2.996395,2.904617,2.831142,2.757618,2.720840,2.665649,2.573601,2.536758,2.481476,2.499908,2.370834,2.389282,2.223137,2.278545,2.260078,2.167706,2.167706,2.038250,2.075249,2.056755,2.038250,1.908653,1.908653,1.890129,1.834530,1.815990,1.797447,1.760357,1.723259,1.704700,1.704700,1.704700,1.704700,1.630447,1.593300,1.481796,1.630447,1.574726,1.556145,1.574726,1.444603,1.463196,1.463196,1.518974,1.388790,1.444603,1.481796,1.425999,1.295708,1.314331,1.314331,1.332954,1.351563,1.332954,1.314331,1.351563,1.221191,1.127975,1.221191,1.295708,1.183914,1.202553,1.165268,1.183914,1.239826,1.146622,1.072006,1.109322,1.146622,1.183914,1.034683,1.109322,1.109322,
8.191483,8.034035,7.946465,7.876347,7.911411,7.911411,7.876347,8.051544,8.121536,8.034035,8.191483,8.121536,8.226437,8.208961,8.261383,8.278851,8.121536,8.104042,8.086544,8.139027,8.453358,8.435913,8.366138,8.261383,8.383591,8.313774,8.278851,8.261383,8.261383,8.243912,8.208961,8.051544,8.016525,8.104042,7.999016,8.104042,7.946465,7.999016,7.893879,7.893879,7.718422,7.735977,7.788635,7.999016,8.313774,8.261383,8.296310,8.051544,7.999016,7.858810,7.841270,7.753536,7.876347,7.981499,8.051544,8.104042,8.104042,8.069046,8.034035,7.981499,7.963982,7.823730,7.771088,7.595413,7.525059,7.489868,7.560242,7.595413,7.735977,7.876347,7.893879,7.806187,7.683289,7.700855,7.735977,7.735977,7.560242,7.683289,7.735977,7.753536,7.788635,8.156513,8.888317,8.801476,8.557915,8.296310,8.243912,8.261383,8.278851,8.208961,8.208961,8.051544,8.208961,8.139027,7.946465,8.086544,8.016525,7.981499,8.016525,8.104042,8.016525,7.946465,8.156513,8.069046,8.139027,8.086544,8.086544,8.156513,8.174004,8.296310,8.191483,8.278851,8.348686,8.435913,8.453358,8.505650,8.505650,8.470791,8.540497,8.975086,9.061775,9.009773,8.627563,8.470791,8.644970,8.697163,8.627563,8.644970,8.592743,8.644970,8.697163,8.627563,8.592743,8.540497,8.714558,8.801476,8.888317,9.061775,9.113758,9.079109,9.165710,9.079109,9.148392,9.009773,9.148392,9.200333,9.131081,9.252239,9.165710,9.148392,9.061775,9.131081,9.113758,9.165710,9.061775,9.113758,8.923035,8.853588,8.975086,9.079109,9.027115,8.992432,8.923035,8.975086,8.992432,8.853588,8.801476,8.697163,8.749332,8.662369,8.766716,8.940388,9.027115,9.131081,9.044441,8.957737,8.853588,8.801476,8.749332,8.731949,8.679768,8.714558,8.679768,8.592743,8.714558,8.644970,8.731949,8.627563,8.731949,8.644970,8.731949,8.784096,8.731949,8.679768,8.784096,8.784096,8.662369,8.644970,8.627563,8.540497,8.523075,8.453358,8.488220,8.453358,8.435913,8.418476,8.470791,8.453358,8.453358,8.453358,8.435913,8.644970,9.286831,9.528633,9.407806,9.113758,8.888317,8.714558,8.592743,8.435913,8.505650,8.627563,8.488220,8.523075,8.592743,8.610161,8.697163,8.697163,8.784096,8.801476,8.870953,8.731949,8.870953,8.888317,8.957737,8.957737,9.079109,9.061775,9.061775,8.905678,8.975086,9.027115,8.957737,9.027115,9.044441,9.027115,8.957737,9.009773,9.096436,9.131081,9.165710,9.234943,9.321407,9.442345,9.286831,9.200333,9.183022,8.905678,8.940388,8.853588,8.836220,8.888317,8.957737,8.888317,8.905678,8.818848,8.870953,8.836220,8.957737,8.888317,9.096436,9.338692,9.373260,9.338692,9.200333,9.113758,9.148392,9.217640,9.217640,9.148392,9.183022,9.217640,9.286831,9.407806,9.407806,9.459610,9.407806,9.148392,9.061775,9.061775,9.009773,9.131081,9.061775,9.044441,9.027115,8.992432,9.113758,9.148392,8.940388,8.957737,8.818848,8.905678,8.853588,8.784096,8.801476,8.801476,8.818848,8.784096,8.888317,8.923035,8.957737,9.304119,9.735428,9.700993,9.597610,9.148392,8.940388,8.870953,8.853588,8.853588,8.801476,8.853588,8.870953,8.888317,8.853588,8.801476,8.940388,8.766716,8.818848,9.148392,9.148392,9.183022,9.044441,9.079109,9.096436,8.957737,9.044441,9.148392,9.183022,9.217640,9.079109,8.992432,9.131081,9.131081,9.148392,9.234943,9.148392,9.234943,9.286831,9.286831,9.425079,9.494129,9.632080,9.597610,9.545887,9.390537,9.355976,9.252239,9.234943,9.252239,9.252239,9.304119,9.321407,9.217640,9.200333,9.165710,9.269539,9.113758,9.252239,9.148392,9.079109,9.044441,9.009773,9.338692,9.632080,9.649315,9.580376,9.545887,9.563126,9.563126,9.649315,9.597610,9.494129,9.442345,9.476868,9.494129,9.425079,9.511379,9.563126,9.476868,9.425079,9.442345,9.442345,9.373260,9.217640,9.200333,9.165710,9.079109,9.027115,9.044441,9.096436,8.992432,8.905678,8.870953,8.957737,8.888317,8.888317,8.853588,8.801476,8.853588,8.697163,8.818848,8.766716,9.044441,9.580376,9.700993,9.787056,9.442345,9.148392,8.975086,9.009773,9.009773,8.992432,8.992432,8.992432,9.061775,9.027115,8.975086,8.923035,8.888317,8.870953,8.888317,8.923035,8.766716,8.714558,8.731949,8.749332,8.679768,8.749332,8.679768,8.766716,8.697163,8.662369,8.731949,8.749332,8.749332,8.766716,8.731949,8.731949,8.644970,8.662369,8.662369,8.697163,8.836220,8.905678,8.923035,8.836220,8.627563,8.435913,8.435913,8.488220,8.592743,8.505650,8.453358,8.557915,8.523075,8.505650,8.470791,8.435913,8.383591,8.401035,8.348686,8.366138,8.243912,8.366138,8.243912,8.278851,8.156513,8.226437,8.156513,8.208961,8.139027,8.139027,8.051544,8.121536,7.999016,7.946465,7.841270,7.753536,7.665718,7.348972,7.190231,6.960518,6.889732,6.765751,6.748028,6.570625,6.481804,6.339550,6.143627,6.090134,6.054455,6.018761,5.929482,5.983063,5.965206,5.840134,5.804367,5.607468,5.374290,5.212570,4.978535,4.888393,4.780113,4.581333,4.490860,4.418427,4.436539,4.327812,4.273415,4.182686,4.128212,4.110050,4.001003,3.964630,4.019184,3.964630,4.019184,3.928246,3.928246,3.928246,3.964630,3.964630,3.982819,3.910049,3.819023,3.982819,3.964630,4.182686,4.146374,4.273415,4.671738,4.960514,5.320412,5.356339,5.338371,5.248528,5.068611,7.296085,9.649315,7.876347,7.190231,6.535103,6.179276,5.875885,5.571625,5.212570,4.942490,4.816223,4.436539,4.309685,4.091881,3.982819,3.764370,3.673222,3.508965,3.381042,3.234665,3.198040,2.996395,2.886253,2.831142,2.776005,2.757618,2.647240,2.573601,2.518333,2.518333,2.481476,2.389282,2.352383,2.278545,2.278545,2.444607,2.223137,2.149220,2.112244,2.093750,2.075249,1.927174,1.908653,1.927174,1.853065,1.871597,1.890129,1.778908,1.778908,1.834530,1.667576,1.723259,1.649017,1.649017,1.574726,1.667576,1.574726,1.463196,1.444603,1.425999,1.444603,1.537560,1.463196,1.444603,1.444603,1.444603,1.425999,1.314331,1.444603,1.332954,1.277081,1.277081,1.258457,1.221191,1.407394,1.351563,1.277081,1.314331,1.258457,1.165268,1.314331,1.202553,1.221191,1.109322,1.090672,1.183914,1.127975,1.239826,1.146622,1.127975,1.053349,1.221191,
7.788635,7.648148,7.753536,7.665718,7.700855,7.700855,7.806187,7.858810,7.911411,7.963982,8.121536,7.963982,7.999016,8.121536,8.226437,8.051544,7.999016,7.841270,7.806187,8.016525,8.401035,8.540497,8.453358,8.313774,8.139027,8.051544,7.946465,7.963982,8.086544,8.051544,7.911411,7.893879,7.858810,7.911411,7.981499,8.069046,8.139027,8.156513,8.034035,7.981499,7.928940,7.823730,7.823730,7.946465,7.928940,7.963982,8.121536,8.069046,8.051544,8.069046,8.069046,8.139027,8.156513,8.313774,8.383591,8.383591,8.453358,8.540497,8.644970,8.540497,8.662369,8.470791,8.435913,8.348686,8.261383,8.208961,8.174004,8.348686,8.488220,8.418476,8.505650,8.383591,8.348686,8.313774,8.226437,8.086544,8.051544,8.121536,8.016525,7.928940,7.876347,7.999016,8.853588,8.836220,8.662369,8.313774,8.401035,8.505650,8.435913,8.261383,8.208961,8.139027,8.139027,8.156513,8.139027,8.139027,8.069046,8.016525,7.981499,8.051544,8.069046,8.069046,8.034035,7.999016,8.086544,7.999016,7.981499,8.051544,8.104042,8.104042,8.174004,8.069046,8.208961,8.226437,8.278851,8.208961,8.296310,8.191483,8.453358,9.009773,8.923035,8.923035,8.435913,8.243912,8.418476,8.418476,8.401035,8.366138,8.313774,8.226437,8.296310,8.261383,8.261383,8.261383,8.278851,8.366138,8.348686,8.714558,8.610161,8.505650,8.610161,8.610161,8.644970,8.401035,8.505650,8.523075,8.435913,8.540497,8.488220,8.557915,8.575333,8.592743,8.731949,8.731949,8.697163,8.592743,8.679768,8.923035,9.079109,9.148392,8.992432,8.836220,8.853588,8.870953,8.853588,8.697163,8.749332,8.801476,8.818848,8.801476,8.888317,8.957737,8.940388,9.061775,9.044441,8.992432,8.975086,9.044441,8.853588,8.888317,8.888317,8.888317,8.888317,8.940388,8.888317,8.957737,9.061775,9.061775,9.044441,9.096436,9.044441,9.027115,8.992432,9.148392,9.148392,9.200333,9.304119,9.183022,9.252239,9.165710,9.148392,9.148392,8.992432,9.079109,9.061775,9.027115,8.905678,8.957737,8.836220,8.592743,8.870953,8.870953,9.217640,9.459610,9.563126,9.373260,8.905678,8.644970,8.488220,8.418476,8.418476,8.488220,8.401035,8.505650,8.488220,8.505650,8.697163,8.679768,8.749332,8.679768,8.679768,8.662369,8.679768,8.679768,8.610161,8.749332,8.592743,8.697163,8.575333,8.592743,8.679768,8.731949,8.714558,8.801476,8.714558,8.731949,8.784096,8.714558,8.627563,8.905678,8.853588,8.853588,9.200333,9.563126,9.528633,9.286831,8.923035,8.592743,8.470791,8.540497,8.610161,8.592743,8.592743,8.575333,8.592743,8.766716,8.784096,8.888317,8.923035,9.009773,9.061775,9.217640,9.165710,9.200333,9.148392,9.165710,9.200333,9.252239,9.304119,9.234943,9.321407,9.407806,9.476868,9.390537,9.442345,9.442345,9.390537,9.390537,9.286831,9.269539,9.321407,9.286831,9.494129,9.459610,9.355976,9.338692,9.338692,9.234943,9.200333,9.061775,9.027115,9.027115,8.905678,9.027115,8.975086,8.853588,8.940388,9.009773,8.940388,9.027115,9.096436,9.597610,9.941792,9.804260,9.666546,9.476868,9.200333,8.992432,8.940388,8.940388,8.905678,8.905678,8.818848,8.784096,8.766716,8.801476,8.836220,8.870953,9.009773,9.044441,9.096436,9.027115,9.061775,8.940388,8.818848,8.836220,8.905678,8.923035,8.975086,8.923035,8.940388,8.923035,8.888317,9.027115,9.027115,9.061775,9.061775,8.905678,8.888317,8.992432,9.131081,9.442345,9.649315,9.632080,9.511379,9.286831,9.183022,9.269539,9.217640,9.165710,9.165710,9.252239,9.252239,9.286831,9.304119,9.252239,9.321407,9.269539,9.373260,9.148392,9.321407,9.390537,9.321407,9.425079,9.511379,9.494129,9.545887,9.597610,9.494129,9.614849,9.683773,9.614849,9.649315,9.563126,9.563126,9.545887,9.597610,9.614849,9.597610,9.580376,9.614849,9.700993,9.718216,9.683773,9.545887,9.649315,9.597610,9.597610,9.511379,9.459610,9.476868,9.321407,9.373260,9.321407,9.407806,9.373260,9.269539,9.373260,9.183022,9.200333,9.165710,9.113758,9.079109,9.269539,9.787056,9.752644,9.718216,9.355976,9.304119,9.183022,9.234943,9.096436,9.096436,9.044441,8.992432,9.044441,8.940388,8.940388,8.957737,8.975086,8.888317,8.905678,8.923035,8.923035,8.905678,8.801476,8.749332,8.679768,8.697163,8.644970,8.714558,8.540497,8.662369,8.679768,8.592743,8.523075,8.592743,8.679768,8.592743,8.575333,8.644970,8.610161,8.610161,8.853588,8.992432,8.992432,8.575333,8.208961,8.069046,7.946465,8.121536,8.278851,8.296310,8.278851,8.278851,8.331230,8.331230,8.313774,8.331230,8.366138,8.243912,8.243912,8.243912,8.348686,8.261383,8.226437,8.348686,8.208961,8.156513,8.191483,8.174004,8.156513,8.156513,8.156513,8.104042,8.139027,8.034035,7.946465,7.928940,7.806187,7.735977,7.560242,7.489868,7.313717,7.190231,7.013577,7.031254,6.783474,6.517342,6.375134,6.339550,6.250534,6.161457,6.250534,6.090134,5.965206,5.911625,5.875885,5.983063,5.840134,5.768597,5.535770,5.338371,5.176598,4.924461,4.599422,4.762062,4.617508,4.527058,4.327812,4.255280,4.255280,4.218987,4.200836,4.200836,4.110050,4.073711,4.073711,3.982819,3.982819,3.964630,3.873646,4.037365,3.946442,3.837234,3.910049,3.910049,3.782589,3.910049,3.928246,3.928246,4.037365,4.091881,4.689812,4.762062,4.798172,4.309685,4.436539,7.753536,9.563126,7.577831,6.730297,6.375134,6.143627,6.125797,5.822250,5.661201,5.517838,5.194580,4.870358,4.689812,4.599422,4.309685,4.255280,4.019184,3.764370,3.618496,3.472427,3.454159,3.289577,3.106426,3.106426,3.033081,2.959694,2.757618,2.757618,2.628838,2.628838,2.628838,2.573601,2.463043,2.499908,2.389282,2.315472,2.297012,2.333931,2.223137,2.204666,2.186188,2.056755,2.112244,2.019749,1.945694,1.982727,2.001236,1.871597,1.778908,1.871597,1.760357,1.760357,1.611877,1.778908,1.723259,1.649017,1.760357,1.611877,1.574726,1.518974,1.556145,1.481796,1.444603,1.574726,1.444603,1.537560,1.332954,1.351563,1.481796,1.388790,1.407394,1.444603,1.277081,1.370178,1.295708,1.332954,1.314331,1.258457,1.277081,1.221191,1.277081,1.239826,1.183914,1.109322,1.221191,1.183914,1.127975,1.146622,1.146622,1.183914,1.146622,1.127975,
7.718422,7.788635,7.700855,7.612995,7.735977,7.735977,7.788635,7.876347,8.016525,7.893879,7.999016,8.016525,8.016525,8.051544,7.946465,7.946465,7.841270,7.771088,7.911411,7.876347,8.401035,8.679768,8.435913,8.034035,7.753536,7.630577,7.437057,7.612995,7.612995,7.595413,7.542656,7.419441,7.419441,7.454662,7.437057,7.525059,7.700855,7.665718,7.577831,7.437057,7.437057,7.384212,7.489868,7.401833,7.454662,7.454662,7.542656,7.612995,7.612995,7.735977,7.753536,7.841270,7.876347,7.963982,8.121536,8.034035,8.034035,8.470791,8.784096,8.766716,8.923035,8.801476,8.679768,8.679768,8.644970,8.470791,8.610161,8.505650,8.662369,8.610161,8.592743,8.714558,8.697163,8.679768,8.592743,8.627563,8.575333,8.488220,8.470791,8.366138,8.505650,8.523075,8.836220,8.853588,8.801476,8.662369,8.627563,8.610161,8.610161,8.470791,8.523075,8.435913,8.435913,8.243912,8.348686,8.366138,8.366138,8.278851,8.261383,8.191483,8.278851,8.261383,8.243912,8.226437,8.174004,8.278851,7.946465,8.208961,8.208961,8.174004,8.086544,8.121536,8.226437,8.226437,8.435913,8.296310,8.331230,8.331230,8.331230,8.697163,8.870953,8.975086,8.488220,8.313774,8.348686,8.401035,8.261383,8.296310,8.348686,8.348686,8.191483,8.156513,8.243912,8.104042,8.174004,8.208961,8.418476,8.523075,8.540497,8.505650,8.470791,8.505650,8.331230,8.278851,8.331230,8.313774,8.226437,8.243912,8.243912,8.296310,8.331230,8.401035,8.348686,8.313774,8.296310,8.226437,8.383591,8.627563,8.975086,8.992432,8.870953,8.575333,8.401035,8.313774,8.313774,8.348686,8.366138,8.296310,8.278851,8.348686,8.418476,8.435913,8.470791,8.575333,8.523075,8.610161,8.662369,8.627563,8.488220,8.401035,8.366138,8.418476,8.383591,8.383591,8.488220,8.610161,8.697163,8.749332,8.731949,8.714558,8.731949,8.801476,8.679768,8.818848,9.044441,9.027115,9.061775,9.234943,9.390537,9.304119,9.234943,9.234943,9.355976,9.321407,9.373260,9.373260,9.304119,9.390537,9.476868,9.286831,9.217640,9.286831,9.407806,9.442345,9.390537,9.234943,8.992432,8.697163,8.592743,8.557915,8.575333,8.662369,8.679768,8.627563,8.627563,8.714558,8.766716,8.749332,8.801476,8.801476,8.836220,8.766716,8.697163,8.714558,8.679768,8.766716,8.697163,8.627563,8.662369,8.662369,8.679768,8.749332,8.818848,8.853588,8.731949,8.714558,8.749332,8.697163,8.784096,8.592743,8.592743,8.784096,9.234943,9.580376,9.511379,9.321407,8.870953,8.366138,8.383591,8.348686,8.331230,8.296310,8.366138,8.383591,8.243912,8.453358,8.418476,8.540497,8.575333,8.383591,8.435913,8.488220,8.470791,8.488220,8.540497,8.644970,8.592743,8.592743,8.540497,8.644970,8.801476,8.836220,8.766716,8.870953,8.992432,9.027115,9.096436,9.044441,9.113758,9.217640,9.200333,9.252239,9.373260,9.494129,9.597610,9.700993,9.597610,9.442345,9.425079,9.355976,9.373260,9.390537,9.304119,9.183022,9.044441,9.234943,9.407806,9.373260,9.113758,9.183022,9.338692,9.683773,9.614849,9.614849,9.597610,9.407806,9.304119,9.269539,9.148392,9.183022,8.992432,9.061775,8.940388,8.888317,8.853588,8.923035,8.923035,9.079109,9.096436,9.131081,9.148392,9.079109,9.183022,9.061775,8.992432,8.923035,8.940388,8.975086,9.009773,9.044441,8.940388,8.957737,8.975086,8.905678,8.940388,8.888317,8.853588,8.870953,8.836220,8.870953,9.044441,9.459610,9.597610,9.649315,9.442345,9.009773,8.836220,8.766716,8.784096,8.853588,8.836220,8.818848,8.940388,9.027115,8.957737,8.923035,8.992432,8.957737,8.975086,9.165710,9.027115,9.027115,9.027115,8.957737,9.009773,9.165710,9.148392,9.200333,9.252239,9.286831,9.407806,9.407806,9.407806,9.442345,9.373260,9.425079,9.442345,9.528633,9.632080,9.563126,9.580376,9.787056,9.735428,9.941792,9.924606,9.890244,9.855862,9.855862,9.804260,9.769852,9.769852,9.735428,9.855862,9.838661,9.821461,9.821461,9.855862,9.838661,9.752644,9.787056,9.735428,9.700993,9.666546,9.735428,9.993317,9.907425,9.752644,9.614849,9.580376,9.563126,9.563126,9.476868,9.425079,9.442345,9.442345,9.338692,9.269539,9.459610,9.373260,9.286831,9.234943,9.217640,9.148392,9.096436,9.131081,8.957737,8.940388,8.818848,8.784096,8.888317,8.853588,8.784096,8.731949,8.714558,8.714558,8.749332,8.644970,8.610161,8.714558,8.610161,8.627563,8.627563,8.697163,9.183022,9.096436,9.061775,8.575333,8.121536,8.016525,8.034035,7.981499,8.016525,8.016525,7.911411,7.928940,7.981499,7.928940,8.069046,7.963982,7.928940,7.963982,7.946465,7.999016,8.104042,8.016525,8.034035,7.928940,7.946465,7.981499,8.086544,8.156513,8.016525,8.104042,7.999016,7.928940,7.963982,7.999016,7.911411,7.823730,7.823730,7.735977,7.612995,7.560242,7.700855,7.753536,7.806187,7.542656,7.225533,6.783474,6.641617,6.570625,6.375134,6.357342,6.197094,6.268349,6.250534,6.107971,6.107971,6.179276,6.036610,6.161457,6.054455,5.858009,5.786484,5.464031,5.230549,4.870358,4.870358,4.762062,4.635590,4.490860,4.345943,4.273415,4.255280,4.291550,4.200836,4.128212,4.073711,4.110050,4.019184,4.073711,3.946442,4.019184,4.055538,3.946442,3.946442,3.873646,3.910049,3.928246,3.819023,3.891846,3.746143,3.964630,4.110050,4.073711,4.019184,3.964630,4.327812,6.907440,8.156513,6.836617,6.321754,6.072296,6.107971,6.197094,6.090134,5.983063,5.661201,5.517838,5.284477,5.266499,5.050598,4.960514,4.581333,4.508957,4.237133,3.946442,3.891846,3.727913,3.581997,3.417606,3.399323,3.289577,3.234665,3.106426,2.996395,2.941338,2.849514,2.757618,2.628838,2.499908,2.536758,2.536758,2.407722,2.481476,2.426170,2.278545,2.315472,2.241611,2.149220,2.223137,2.093750,2.130730,2.149220,2.130730,2.001236,1.982727,1.890129,1.945694,1.890129,1.834530,1.853065,1.853065,1.686142,1.667576,1.649017,1.630447,1.667576,1.686142,1.593300,1.574726,1.463196,1.500385,1.500385,1.574726,1.518974,1.425999,1.425999,1.463196,1.351563,1.370178,1.332954,1.277081,1.277081,1.258457,1.314331,1.295708,1.295708,1.239826,1.258457,1.165268,1.221191,1.239826,1.183914,1.127975,1.146622,1.183914,1.109322,1.109322,1.146622,
8.069046,8.121536,8.121536,8.104042,8.016525,8.034035,8.104042,8.174004,8.191483,8.139027,8.174004,8.121536,8.191483,8.226437,8.174004,8.069046,8.139027,8.034035,8.069046,8.069046,8.313774,8.662369,8.575333,8.296310,7.858810,7.595413,7.595413,7.489868,7.401833,7.437057,7.348972,7.190231,7.331345,7.366592,7.331345,7.260815,7.278450,7.296085,7.366592,7.172585,7.243172,7.331345,7.154926,7.260815,7.296085,7.260815,7.313717,7.366592,7.366592,7.437057,7.560242,7.454662,7.612995,7.683289,7.630577,7.630577,7.595413,7.981499,8.401035,8.662369,8.557915,8.366138,8.278851,8.208961,8.121536,8.121536,8.174004,8.174004,8.296310,8.313774,8.208961,8.296310,8.435913,8.505650,8.523075,8.470791,8.523075,8.540497,8.453358,8.505650,8.453358,8.505650,8.505650,8.679768,8.662369,8.627563,8.714558,8.575333,8.644970,8.627563,8.644970,8.575333,8.470791,8.488220,8.557915,8.731949,8.784096,8.714558,8.610161,8.627563,8.523075,8.488220,8.453358,8.470791,8.575333,8.523075,8.557915,8.418476,8.470791,8.418476,8.540497,8.540497,8.662369,8.557915,8.627563,8.627563,8.592743,8.418476,8.523075,8.749332,8.836220,8.905678,8.697163,8.383591,8.453358,8.523075,8.505650,8.383591,8.453358,8.470791,8.331230,8.348686,8.348686,8.366138,8.331230,8.331230,8.435913,8.610161,8.644970,8.697163,8.505650,8.470791,8.488220,8.366138,8.383591,8.278851,8.226437,8.261383,8.261383,8.366138,8.366138,8.401035,8.366138,8.278851,8.243912,8.121536,8.348686,8.592743,8.992432,8.975086,8.888317,8.435913,8.401035,8.313774,8.243912,8.208961,8.208961,8.121536,8.191483,8.139027,8.208961,8.191483,8.226437,8.278851,8.086544,8.086544,8.191483,8.121536,8.121536,8.156513,8.156513,8.069046,8.086544,8.051544,8.086544,8.016525,8.016525,8.121536,8.139027,8.156513,8.156513,8.016525,8.156513,8.191483,8.348686,8.313774,8.557915,9.113758,9.200333,9.044441,9.027115,9.061775,9.165710,9.027115,9.131081,9.079109,9.148392,9.183022,9.321407,9.269539,9.252239,9.338692,9.373260,9.304119,9.390537,9.165710,9.165710,8.992432,8.940388,8.923035,8.905678,8.992432,9.027115,9.044441,9.079109,9.061775,9.165710,9.200333,9.252239,9.200333,9.148392,9.131081,9.113758,9.131081,9.044441,9.113758,9.027115,8.975086,8.975086,9.113758,8.940388,9.131081,9.131081,9.131081,9.200333,9.009773,8.975086,9.044441,9.113758,8.957737,9.009773,9.044441,9.390537,9.683773,9.666546,9.442345,8.992432,8.592743,8.557915,8.592743,8.644970,8.470791,8.435913,8.418476,8.435913,8.453358,8.435913,8.523075,8.488220,8.488220,8.383591,8.435913,8.418476,8.366138,8.401035,8.313774,8.348686,8.296310,8.261383,8.418476,8.331230,8.366138,8.383591,8.418476,8.453358,8.401035,8.523075,8.523075,8.557915,8.575333,8.662369,8.679768,9.131081,9.580376,9.649315,9.649315,9.442345,9.321407,9.252239,9.252239,9.200333,9.148392,9.044441,9.200333,9.252239,9.304119,9.252239,9.304119,9.442345,9.442345,9.425079,9.425079,9.407806,9.442345,9.476868,9.286831,9.373260,9.286831,9.373260,9.373260,9.200333,9.061775,9.061775,9.061775,9.131081,9.131081,9.165710,9.304119,9.200333,9.183022,9.183022,9.338692,9.338692,9.252239,9.304119,9.355976,9.338692,9.269539,9.252239,9.234943,9.269539,9.148392,9.200333,9.183022,9.200333,9.217640,9.148392,9.131081,9.027115,9.148392,9.234943,9.563126,9.907425,9.838661,9.580376,9.131081,8.905678,8.731949,8.888317,8.853588,8.975086,8.905678,8.836220,9.027115,8.992432,8.870953,8.957737,8.905678,8.975086,9.027115,8.992432,8.957737,8.975086,8.940388,8.940388,9.027115,9.113758,9.148392,8.992432,9.044441,9.131081,9.113758,9.131081,9.079109,9.079109,8.957737,9.079109,9.131081,9.113758,9.165710,9.425079,9.683773,9.838661,9.924606,9.855862,9.769852,9.580376,9.563126,9.528633,9.614849,9.597610,9.683773,9.735428,9.735428,9.838661,9.838661,9.769852,9.769852,9.804260,9.804260,9.821461,9.769852,9.890244,9.924606,9.976139,9.890244,9.735428,9.718216,9.787056,9.752644,9.838661,9.855862,9.907425,9.993317,9.890244,9.890244,9.769852,9.838661,9.804260,9.718216,9.597610,9.614849,9.683773,9.545887,9.545887,9.373260,9.286831,9.200333,9.148392,9.044441,9.131081,9.009773,9.044441,8.957737,8.940388,8.888317,8.992432,8.836220,8.818848,8.905678,8.766716,8.836220,8.992432,9.217640,9.286831,8.992432,8.610161,8.174004,8.051544,8.139027,8.121536,8.051544,7.999016,7.981499,7.928940,7.893879,7.928940,7.963982,7.823730,7.911411,7.858810,7.946465,7.841270,7.841270,7.841270,7.876347,7.893879,7.928940,7.999016,7.893879,7.893879,7.999016,8.016525,7.981499,7.946465,7.946465,7.893879,7.806187,7.823730,7.665718,7.735977,7.542656,7.577831,7.718422,7.841270,7.963982,7.788635,7.595413,7.296085,6.907440,6.748028,6.659363,6.464035,6.481804,6.446259,6.286148,6.321754,6.197094,6.232731,6.197094,6.232731,6.072296,6.107971,5.929482,5.965206,5.750706,5.481972,5.320412,5.014572,4.852314,4.798172,4.617508,4.527058,4.454651,4.382195,4.327812,4.255280,4.091881,4.110050,4.055538,4.091881,4.001003,4.019184,3.982819,3.910049,3.891846,3.946442,3.837234,3.928246,3.764370,3.946442,3.837234,3.910049,3.855442,3.891846,3.910049,3.928246,4.073711,4.816223,5.284477,5.571625,5.428139,5.481972,5.840134,5.750706,5.750706,5.768597,5.643291,5.643291,5.750706,5.661201,5.661201,5.481972,5.230549,5.032589,4.780113,4.490860,4.327812,4.128212,3.964630,3.819023,3.673222,3.563744,3.490696,3.307877,3.161407,3.088097,3.033081,2.978043,2.794388,2.794388,2.665649,2.665649,2.610428,2.481476,2.610428,2.426170,2.352383,2.315472,2.223137,2.204666,2.204666,2.260078,2.167706,2.075249,2.112244,2.130730,2.001236,2.075249,2.001236,1.853065,1.815990,1.890129,1.908653,1.760357,1.686142,1.630447,1.667576,1.741806,1.537560,1.649017,1.518974,1.537560,1.556145,1.649017,1.537560,1.444603,1.500385,1.388790,1.425999,1.351563,1.351563,1.314331,1.314331,1.258457,1.277081,1.239826,1.202553,1.239826,1.165268,1.239826,1.258457,1.165268,1.221191,1.258457,1.165268,1.127975,1.183914,1.127975,1.202553,
8.488220,8.453358,8.453358,8.435913,8.453358,8.557915,8.523075,8.557915,8.662369,8.540497,8.627563,8.610161,8.662369,8.575333,8.592743,8.557915,8.592743,8.575333,8.557915,8.523075,8.557915,8.679768,8.644970,8.470791,8.051544,7.665718,7.630577,7.683289,7.560242,7.560242,7.560242,7.401833,7.454662,7.313717,7.366592,7.243172,7.384212,7.296085,7.331345,7.296085,7.401833,7.401833,7.296085,7.366592,7.348972,7.419441,7.507469,7.560242,7.542656,7.648148,7.507469,7.577831,7.665718,7.542656,7.577831,7.542656,7.595413,7.771088,8.191483,8.523075,8.540497,8.069046,7.893879,7.858810,7.823730,7.771088,7.718422,7.806187,7.858810,7.788635,7.876347,7.928940,8.104042,8.226437,8.174004,8.278851,8.208961,8.226437,8.331230,8.331230,8.331230,8.208961,8.208961,8.261383,8.366138,8.208961,8.261383,8.296310,8.331230,8.505650,8.470791,8.488220,8.383591,8.191483,8.453358,8.818848,8.836220,8.575333,8.470791,8.296310,8.383591,8.331230,8.348686,8.366138,8.470791,8.383591,8.435913,8.470791,8.488220,8.523075,8.575333,8.679768,8.784096,8.731949,8.784096,8.749332,8.749332,8.679768,8.610161,8.697163,8.836220,8.731949,8.644970,8.644970,8.679768,8.784096,8.749332,8.575333,8.714558,8.592743,8.697163,8.731949,8.870953,8.836220,8.905678,8.766716,8.766716,8.731949,8.697163,8.697163,8.731949,8.662369,8.627563,8.557915,8.714558,8.818848,8.697163,8.523075,8.523075,8.557915,8.540497,8.401035,8.488220,8.418476,8.488220,8.418476,8.418476,8.540497,8.853588,8.957737,8.940388,8.505650,8.383591,8.453358,8.435913,8.348686,8.331230,8.226437,8.296310,8.208961,8.261383,8.243912,8.208961,8.139027,8.156513,8.104042,8.104042,8.104042,8.034035,8.069046,8.086544,8.156513,8.069046,8.069046,7.999016,7.928940,7.963982,8.086544,7.999016,7.928940,7.858810,7.876347,7.911411,7.876347,7.963982,7.999016,8.156513,9.096436,9.061775,8.836220,8.749332,8.714558,8.627563,8.470791,8.523075,8.575333,8.644970,8.801476,8.749332,8.870953,8.870953,8.818848,8.888317,8.784096,8.888317,9.079109,8.923035,8.975086,8.905678,9.009773,8.992432,9.009773,9.113758,9.217640,9.234943,9.234943,9.269539,9.269539,9.269539,9.355976,9.373260,9.407806,9.425079,9.442345,9.373260,9.494129,9.649315,9.459610,9.494129,9.545887,9.597610,9.528633,9.614849,9.528633,9.614849,9.597610,9.528633,9.528633,9.511379,9.425079,9.390537,9.459610,9.683773,9.769852,9.700993,9.649315,9.425079,9.200333,9.113758,9.044441,9.061775,8.957737,8.853588,8.749332,8.731949,8.731949,8.749332,8.679768,8.644970,8.540497,8.488220,8.592743,8.610161,8.540497,8.540497,8.540497,8.470791,8.383591,8.383591,8.383591,8.418476,8.383591,8.453358,8.540497,8.435913,8.453358,8.470791,8.453358,8.435913,8.505650,8.610161,8.766716,9.044441,9.649315,9.632080,9.632080,9.304119,8.940388,8.731949,8.644970,8.627563,8.679768,8.731949,8.592743,8.610161,8.679768,8.923035,9.079109,8.957737,8.853588,8.836220,8.957737,8.992432,8.940388,8.870953,8.853588,8.836220,8.940388,9.044441,9.079109,9.027115,8.992432,8.870953,8.870953,8.940388,9.148392,9.217640,9.148392,9.217640,9.217640,9.217640,9.183022,9.200333,9.494129,9.890244,9.769852,9.838661,9.838661,9.873051,9.735428,9.821461,9.683773,9.666546,9.700993,9.735428,9.718216,9.632080,9.683773,9.494129,9.528633,9.718216,9.855862,9.941792,9.958965,9.787056,9.407806,9.131081,9.217640,9.148392,9.200333,9.252239,9.269539,9.217640,9.200333,9.304119,9.183022,9.131081,9.113758,9.304119,9.304119,9.373260,9.286831,9.079109,9.217640,9.113758,9.079109,9.131081,9.286831,9.131081,9.148392,9.096436,9.061775,9.009773,9.027115,9.044441,8.940388,8.940388,9.009773,9.009773,9.148392,9.390537,9.632080,9.804260,9.804260,9.821461,9.459610,9.113758,9.113758,9.131081,9.165710,9.148392,9.252239,9.286831,9.425079,9.407806,9.442345,9.459610,9.338692,9.373260,9.442345,9.511379,9.476868,9.700993,9.632080,9.580376,9.494129,9.632080,9.597610,9.649315,9.718216,9.787056,9.821461,9.873051,9.924606,9.821461,9.821461,9.838661,9.873051,9.821461,9.769852,9.821461,9.769852,9.700993,9.666546,9.666546,9.442345,9.425079,9.338692,9.234943,9.200333,9.252239,9.217640,9.217640,9.252239,9.200333,9.183022,9.165710,9.183022,9.131081,9.183022,8.905678,8.975086,9.131081,9.183022,9.165710,9.044441,8.731949,8.453358,8.366138,8.418476,8.331230,8.313774,8.348686,8.226437,7.999016,8.104042,8.208961,8.086544,8.051544,8.051544,8.086544,8.104042,8.086544,8.016525,8.051544,7.981499,7.963982,7.876347,7.718422,7.858810,7.946465,8.016525,8.016525,7.928940,7.946465,7.893879,7.893879,7.911411,7.823730,7.735977,7.612995,7.577831,7.612995,7.806187,8.016525,8.051544,7.911411,7.683289,7.472267,7.313717,7.154926,7.013577,6.836617,6.872036,6.694839,6.623875,6.481804,6.464035,6.410706,6.375134,6.232731,6.161457,6.161457,6.072296,6.054455,6.036610,5.947346,5.786484,5.643291,5.320412,5.176598,5.032589,4.906425,4.671738,4.599422,4.545155,4.309685,4.309685,4.237133,4.182686,4.128212,4.110050,4.182686,4.091881,4.037365,4.001003,3.982819,3.982819,3.928246,3.910049,3.873646,3.910049,3.928246,3.910049,3.800804,3.837234,3.891846,4.019184,3.928246,4.635590,4.743999,4.309685,4.345943,4.798172,5.086613,5.374290,5.356339,5.428139,5.499908,5.786484,5.947346,6.090134,5.893753,5.571625,5.535770,5.176598,5.050598,4.834267,4.671738,4.454651,4.291550,4.146374,3.928246,3.654976,3.581997,3.545483,3.362751,3.307877,3.161407,3.069763,3.051422,2.849514,2.757618,2.849514,2.684044,2.647240,2.481476,2.333931,2.389282,2.370834,2.407722,2.315472,2.315472,2.260078,2.204666,2.260078,2.186188,2.093750,2.149220,1.945694,1.945694,1.945694,1.982727,1.908653,1.871597,1.871597,1.741806,1.815990,1.760357,1.667576,1.630447,1.611877,1.723259,1.500385,1.574726,1.593300,1.556145,1.518974,1.537560,1.481796,1.388790,1.537560,1.351563,1.444603,1.370178,1.295708,1.277081,1.277081,1.407394,1.221191,1.332954,1.314331,1.258457,1.295708,1.258457,1.109322,1.295708,1.183914,1.090672,1.295708,
8.348686,8.226437,8.278851,8.348686,8.348686,8.453358,8.418476,8.523075,8.592743,8.592743,8.505650,8.697163,8.627563,8.627563,8.627563,8.662369,8.662369,8.714558,8.488220,8.697163,8.557915,8.679768,8.644970,8.592743,8.383591,8.191483,8.139027,8.104042,7.999016,7.928940,8.034035,7.911411,7.893879,7.893879,7.928940,7.946465,7.753536,7.963982,7.735977,7.806187,7.806187,7.718422,7.771088,7.753536,7.806187,7.753536,7.911411,7.928940,7.981499,7.981499,7.999016,7.999016,7.928940,7.893879,7.735977,7.788635,7.823730,7.806187,8.470791,8.575333,8.488220,8.156513,7.893879,7.858810,7.911411,7.841270,7.823730,7.841270,7.841270,7.946465,8.104042,8.069046,8.174004,8.278851,8.191483,8.296310,8.139027,8.261383,8.226437,8.208961,7.999016,8.139027,8.226437,8.174004,8.278851,8.191483,8.208961,8.296310,8.296310,8.278851,8.383591,8.331230,8.313774,8.191483,8.435913,8.784096,8.801476,8.679768,8.331230,8.069046,8.016525,8.069046,8.069046,8.034035,8.016525,8.016525,8.086544,8.121536,8.069046,8.121536,8.296310,8.296310,8.383591,8.383591,8.523075,8.523075,8.470791,8.418476,8.418476,8.453358,8.435913,8.505650,8.523075,8.505650,8.540497,8.557915,8.505650,8.627563,8.697163,8.644970,8.627563,8.784096,8.853588,8.975086,8.940388,8.818848,8.627563,8.644970,8.627563,8.749332,8.784096,8.731949,8.644970,8.784096,8.749332,8.731949,8.679768,8.784096,8.766716,8.714558,8.697163,8.627563,8.714558,8.644970,8.679768,8.592743,8.557915,8.592743,8.766716,8.801476,8.923035,8.731949,8.662369,8.644970,8.644970,8.610161,8.592743,8.575333,8.610161,8.610161,8.592743,8.540497,8.505650,8.418476,8.418476,8.366138,8.453358,8.331230,8.557915,8.383591,8.383591,8.418476,8.435913,8.523075,8.418476,8.278851,8.401035,8.278851,8.208961,8.121536,8.086544,8.086544,8.051544,8.016525,8.086544,8.069046,8.418476,9.044441,9.079109,8.749332,8.366138,8.488220,8.418476,8.401035,8.435913,8.488220,8.366138,8.383591,8.523075,8.505650,8.557915,8.453358,8.540497,8.488220,8.540497,8.592743,8.575333,8.592743,8.435913,8.540497,8.662369,8.662369,8.697163,8.870953,8.923035,8.975086,8.818848,8.853588,8.957737,8.992432,9.079109,9.113758,9.061775,9.183022,9.234943,9.511379,9.735428,9.597610,9.476868,9.476868,9.442345,9.494129,9.545887,9.528633,9.545887,9.580376,9.683773,9.787056,9.718216,9.580376,9.700993,9.787056,9.718216,9.666546,9.718216,9.700993,9.632080,9.511379,9.528633,9.597610,9.563126,9.425079,9.442345,9.459610,9.442345,9.425079,9.355976,9.338692,9.183022,9.252239,9.234943,9.148392,8.992432,9.044441,9.061775,8.975086,8.992432,8.766716,8.818848,8.714558,8.662369,8.627563,8.870953,9.009773,8.731949,8.610161,8.627563,8.697163,8.610161,8.627563,8.697163,8.679768,9.061775,9.563126,9.632080,9.683773,9.355976,8.923035,8.714558,8.505650,8.592743,8.505650,8.505650,8.488220,8.470791,8.540497,8.662369,8.784096,8.784096,8.627563,8.470791,8.418476,8.488220,8.401035,8.470791,8.383591,8.348686,8.383591,8.418476,8.366138,8.401035,8.348686,8.418476,8.540497,8.662369,8.801476,8.923035,8.853588,8.836220,8.766716,8.801476,8.801476,8.818848,9.355976,9.873051,9.941792,9.907425,9.735428,9.804260,9.855862,9.821461,9.855862,9.907425,9.958965,9.924606,9.890244,9.958965,9.993317,9.890244,9.907425,10.010487,10.027649,10.044807,9.941792,9.873051,9.838661,9.752644,9.804260,9.666546,9.718216,9.873051,9.769852,9.700993,9.821461,9.752644,9.769852,9.700993,9.718216,9.718216,9.700993,9.666546,9.597610,9.563126,9.545887,9.545887,9.632080,9.563126,9.632080,9.511379,9.494129,9.407806,9.321407,9.165710,9.217640,9.096436,9.234943,9.148392,9.096436,9.148392,9.200333,9.528633,9.890244,9.838661,9.838661,9.769852,9.511379,9.252239,9.234943,9.165710,9.061775,9.027115,9.148392,9.113758,9.217640,9.252239,9.269539,9.269539,9.269539,9.183022,9.269539,9.304119,9.321407,9.269539,9.373260,9.321407,9.373260,9.304119,9.476868,9.511379,9.494129,9.407806,9.511379,9.528633,9.373260,9.355976,9.355976,9.390537,9.338692,9.338692,9.304119,9.286831,9.407806,9.597610,9.580376,9.632080,9.304119,9.096436,9.061775,9.044441,8.940388,8.992432,9.079109,9.009773,8.957737,9.044441,9.009773,9.061775,9.096436,9.183022,9.165710,9.027115,9.044441,9.113758,9.096436,9.061775,9.044441,8.905678,8.749332,8.784096,8.870953,8.870953,8.801476,8.801476,8.766716,8.697163,8.557915,8.523075,8.523075,8.470791,8.453358,8.453358,8.418476,8.470791,8.401035,8.435913,8.313774,8.313774,8.156513,8.191483,8.191483,8.104042,8.069046,8.051544,7.999016,7.963982,7.893879,7.981499,7.946465,7.841270,7.823730,7.700855,7.806187,7.858810,8.016525,8.191483,8.121536,7.981499,7.735977,7.507469,7.630577,7.542656,7.454662,7.348972,7.172585,6.995895,6.960518,6.748028,6.659363,6.552864,6.446259,6.446259,6.339550,6.232731,6.232731,6.197094,6.143627,6.072296,6.036610,6.000916,5.840134,5.768597,5.553699,5.248528,5.014572,4.978535,4.852314,4.725941,4.527058,4.364071,4.364071,4.291550,4.345943,4.273415,4.218987,4.164528,4.055538,4.055538,4.110050,4.073711,3.982819,3.982819,4.001003,3.910049,3.873646,3.819023,3.819023,3.837234,3.837234,3.800804,3.873646,3.910049,3.891846,3.946442,3.964630,4.182686,4.400314,4.563248,4.689812,5.140610,5.661201,6.072296,6.090134,5.858009,5.714912,5.697014,5.571625,5.446091,5.535770,5.356339,5.104614,4.852314,4.545155,4.255280,4.200836,4.001003,3.764370,3.618496,3.600243,3.381042,3.216351,3.216351,3.143085,2.922981,2.867886,2.831142,2.573601,2.536758,2.481476,2.499908,2.463043,2.463043,2.444607,2.463043,2.370834,2.315472,2.260078,2.260078,2.130730,2.112244,2.149220,2.130730,2.112244,2.001236,2.056755,1.964214,1.964214,1.890129,1.871597,1.871597,1.908653,1.686142,1.630447,1.593300,1.556145,1.611877,1.574726,1.630447,1.518974,1.518974,1.481796,1.444603,1.556145,1.388790,1.332954,1.407394,1.388790,1.425999,1.295708,1.351563,1.295708,1.314331,1.239826,1.314331,1.295708,1.202553,1.258457,1.277081,1.295708,1.221191,1.295708,
7.893879,7.806187,7.911411,7.946465,7.999016,7.928940,7.981499,7.999016,8.069046,8.121536,8.139027,8.139027,8.139027,8.156513,8.208961,8.278851,8.261383,8.348686,8.243912,8.278851,8.313774,8.313774,8.348686,8.313774,8.121536,8.226437,8.086544,8.069046,8.051544,8.104042,7.981499,8.069046,8.104042,8.313774,8.331230,8.540497,8.313774,8.174004,8.121536,8.051544,7.981499,8.069046,8.069046,8.156513,8.069046,8.278851,8.313774,8.278851,8.226437,8.313774,8.313774,8.174004,8.278851,8.348686,8.348686,8.418476,8.139027,8.191483,8.418476,8.505650,8.488220,8.383591,8.226437,8.156513,8.261383,8.296310,8.226437,8.208961,8.086544,8.243912,8.383591,8.348686,8.575333,8.627563,8.592743,8.592743,8.488220,8.592743,8.644970,8.592743,8.540497,8.418476,8.435913,8.401035,8.366138,8.401035,8.313774,8.348686,8.366138,8.488220,8.557915,8.679768,8.557915,8.575333,8.749332,8.818848,8.905678,8.801476,8.453358,8.278851,8.226437,8.174004,8.174004,8.191483,8.086544,8.016525,8.034035,8.016525,8.051544,8.191483,8.121536,8.226437,8.174004,8.296310,8.296310,8.401035,8.296310,8.261383,8.226437,8.278851,8.331230,8.383591,8.401035,8.348686,8.331230,8.331230,8.331230,8.488220,8.383591,8.435913,8.435913,8.523075,8.870953,8.905678,8.923035,8.610161,8.104042,8.051544,8.174004,8.226437,8.121536,8.243912,8.348686,8.313774,8.296310,8.366138,8.383591,8.331230,8.331230,8.401035,8.383591,8.435913,8.418476,8.401035,8.453358,8.470791,8.435913,8.488220,8.557915,8.592743,8.644970,8.557915,8.592743,8.662369,8.662369,8.627563,8.610161,8.644970,8.679768,8.836220,8.905678,8.940388,8.992432,8.957737,8.923035,8.888317,8.888317,8.801476,8.853588,8.801476,8.888317,8.923035,8.853588,9.009773,8.923035,8.905678,8.975086,8.853588,8.818848,8.853588,8.714558,8.731949,8.697163,8.714558,8.610161,8.488220,8.731949,9.096436,9.217640,8.923035,8.505650,8.575333,8.523075,8.523075,8.575333,8.418476,8.488220,8.575333,8.557915,8.557915,8.540497,8.505650,8.644970,8.488220,8.557915,8.627563,8.644970,8.662369,8.557915,8.644970,8.679768,8.697163,8.731949,8.749332,8.853588,8.766716,8.766716,8.801476,8.766716,8.662369,8.818848,8.731949,8.801476,8.818848,9.009773,9.511379,9.563126,9.338692,8.957737,8.940388,8.957737,9.061775,8.923035,9.044441,9.131081,9.027115,9.061775,9.096436,9.131081,9.148392,9.148392,9.148392,9.321407,9.252239,9.321407,9.390537,9.425079,9.407806,9.373260,9.494129,9.476868,9.494129,9.545887,9.580376,9.476868,9.545887,9.459610,9.459610,9.390537,9.494129,9.614849,9.476868,9.442345,9.511379,9.545887,9.614849,9.459610,9.442345,9.321407,9.113758,9.234943,9.165710,9.217640,9.338692,9.200333,9.096436,8.940388,8.957737,8.923035,8.801476,8.923035,9.079109,9.200333,9.494129,9.632080,9.407806,9.113758,8.870953,8.731949,8.540497,8.575333,8.610161,8.557915,8.505650,8.610161,8.662369,8.749332,8.714558,8.662369,8.523075,8.488220,8.453358,8.453358,8.401035,8.435913,8.383591,8.366138,8.331230,8.313774,8.348686,8.348686,8.401035,8.540497,8.610161,8.644970,8.784096,8.766716,8.749332,8.801476,8.766716,8.749332,8.818848,8.888317,9.304119,9.838661,9.958965,9.769852,9.407806,9.269539,9.286831,9.390537,9.373260,9.407806,9.632080,9.735428,9.787056,9.769852,9.700993,9.718216,9.735428,9.683773,9.804260,9.821461,9.821461,9.804260,9.958965,9.804260,9.855862,9.787056,9.890244,9.958965,9.924606,9.924606,9.958965,9.958965,9.890244,9.890244,9.924606,10.010487,9.976139,9.873051,9.855862,9.890244,10.010487,10.079128,10.044807,10.027649,10.027649,9.993317,9.821461,9.769852,9.649315,9.494129,9.407806,9.425079,9.545887,9.511379,9.494129,9.580376,9.700993,9.838661,9.873051,9.838661,9.821461,9.804260,9.545887,9.373260,9.269539,9.217640,9.286831,9.234943,9.234943,9.321407,9.321407,9.321407,9.355976,9.355976,9.390537,9.304119,9.338692,9.442345,9.252239,9.425079,9.390537,9.304119,9.304119,9.355976,9.459610,9.511379,9.355976,9.373260,9.459610,9.390537,9.286831,9.269539,9.286831,9.148392,9.148392,9.113758,9.131081,9.148392,9.252239,9.649315,9.666546,9.649315,9.286831,9.061775,8.957737,8.870953,8.679768,8.749332,8.801476,8.749332,8.870953,8.801476,8.801476,8.731949,8.818848,8.853588,8.766716,8.714558,8.749332,8.766716,8.784096,8.749332,8.714558,8.801476,8.766716,8.766716,8.697163,8.818848,8.784096,8.766716,8.801476,8.888317,8.766716,8.784096,8.870953,8.784096,8.766716,8.731949,8.905678,8.923035,8.766716,8.888317,8.818848,8.714558,8.679768,8.557915,8.575333,8.296310,8.331230,8.296310,8.243912,8.313774,8.226437,8.261383,8.086544,8.069046,8.051544,7.981499,7.999016,8.156513,8.174004,8.296310,8.243912,8.086544,8.016525,7.823730,7.806187,7.718422,7.788635,7.700855,7.683289,7.401833,7.384212,7.296085,7.048931,6.872036,6.730297,6.712570,6.588379,6.517342,6.375134,6.392914,6.339550,6.250534,6.197094,6.072296,6.090134,5.947346,6.054455,5.804367,5.643291,5.356339,5.266499,5.032589,4.870358,4.743999,4.689812,4.581333,4.436539,4.436539,4.364071,4.345943,4.291550,4.182686,4.073711,4.146374,4.055538,3.982819,4.091881,3.873646,3.819023,3.782589,3.837234,3.819023,3.837234,3.782589,3.891846,3.819023,3.746143,3.837234,3.782589,3.910049,3.964630,3.982819,4.037365,4.707874,5.911625,5.929482,5.750706,5.750706,5.822250,5.786484,5.607468,5.661201,5.643291,5.643291,5.446091,5.392242,5.086613,4.834267,4.671738,4.454651,4.255280,4.019184,3.891846,3.673222,3.600243,3.527222,3.362751,3.216351,3.088097,2.996395,2.886253,2.757618,2.794388,2.739227,2.628838,2.610428,2.592014,2.573601,2.426170,2.426170,2.407722,2.407722,2.333931,2.260078,2.167706,2.112244,2.149220,2.056755,2.093750,2.038250,2.038250,1.927174,1.964214,1.908653,1.834530,1.871597,1.741806,1.704700,1.741806,1.686142,1.723259,1.630447,1.611877,1.593300,1.518974,1.518974,1.463196,1.407394,1.444603,1.370178,1.463196,1.463196,1.332954,1.370178,1.258457,1.221191,1.370178,1.258457,1.295708,1.351563,1.221191,1.239826,1.183914,1.258457,1.332954,
7.753536,7.718422,7.718422,7.700855,7.577831,7.806187,7.788635,7.841270,7.806187,7.806187,7.735977,7.771088,7.841270,7.806187,7.893879,7.823730,7.823730,7.823730,7.823730,7.911411,7.876347,7.771088,7.876347,7.841270,7.806187,7.612995,7.718422,7.788635,7.806187,7.841270,7.665718,7.735977,7.911411,8.051544,8.488220,8.592743,8.226437,8.034035,7.806187,7.788635,7.788635,7.753536,7.753536,7.700855,7.841270,7.788635,7.876347,7.963982,7.981499,8.051544,8.086544,7.981499,8.208961,8.243912,8.523075,8.488220,8.331230,8.139027,8.034035,8.121536,8.331230,8.278851,8.243912,8.104042,8.208961,8.174004,8.278851,8.331230,8.278851,8.453358,8.470791,8.575333,8.644970,8.523075,8.575333,8.627563,8.679768,8.644970,8.749332,8.784096,8.731949,8.505650,8.662369,8.679768,8.679768,8.662369,8.697163,8.505650,8.662369,8.679768,8.870953,8.905678,9.009773,8.940388,8.870953,8.957737,8.992432,8.836220,8.697163,8.592743,8.557915,8.592743,8.557915,8.435913,8.505650,8.401035,8.296310,8.366138,8.331230,8.366138,8.348686,8.505650,8.470791,8.523075,8.366138,8.366138,8.453358,8.435913,8.505650,8.592743,8.523075,8.610161,8.523075,8.540497,8.505650,8.644970,8.540497,8.557915,8.470791,8.366138,8.453358,8.575333,8.905678,8.940388,8.975086,8.610161,8.191483,8.104042,8.121536,8.034035,7.999016,8.016525,8.034035,8.051544,8.069046,8.034035,8.016525,8.069046,7.963982,8.016525,7.981499,8.051544,7.999016,7.999016,8.051544,8.016525,7.946465,7.928940,8.034035,8.086544,8.086544,8.051544,8.034035,8.034035,8.121536,8.104042,8.156513,8.156513,8.261383,8.453358,8.697163,9.044441,9.009773,9.061775,8.975086,8.801476,8.679768,8.836220,8.870953,8.801476,8.888317,8.784096,8.853588,9.009773,9.131081,9.148392,9.217640,9.200333,9.269539,9.252239,9.234943,9.286831,9.200333,9.286831,9.217640,9.148392,9.217640,9.373260,9.442345,9.338692,9.269539,9.183022,9.148392,9.044441,9.079109,8.992432,9.009773,9.027115,8.975086,9.027115,9.061775,9.096436,9.027115,9.148392,8.992432,9.027115,9.079109,9.079109,8.975086,8.957737,8.992432,9.009773,9.113758,9.113758,9.113758,9.061775,8.992432,8.940388,8.888317,8.888317,8.888317,8.888317,8.870953,8.801476,8.940388,9.459610,9.700993,9.459610,8.870953,8.662369,8.784096,8.853588,8.836220,8.923035,8.784096,8.679768,8.766716,8.766716,8.679768,8.766716,8.766716,8.697163,8.749332,8.818848,8.905678,8.870953,8.888317,8.853588,8.836220,8.870953,8.818848,8.957737,8.905678,9.044441,9.079109,9.044441,8.975086,8.975086,8.992432,9.027115,9.079109,9.131081,9.148392,9.373260,9.528633,9.666546,9.563126,9.321407,9.183022,9.200333,9.131081,9.200333,9.355976,9.304119,9.338692,9.113758,9.200333,9.131081,9.234943,9.183022,9.200333,9.183022,9.304119,9.459610,9.355976,9.234943,9.061775,9.009773,8.940388,8.853588,8.870953,8.784096,8.801476,8.784096,8.818848,8.801476,8.923035,8.836220,8.801476,8.731949,8.679768,8.610161,8.714558,8.662369,8.766716,8.644970,8.575333,8.557915,8.488220,8.557915,8.644970,8.662369,8.731949,8.870953,8.870953,8.905678,8.975086,8.905678,8.940388,8.905678,8.940388,8.853588,9.009773,9.649315,9.838661,9.804260,9.355976,9.027115,8.957737,8.940388,8.975086,9.027115,9.009773,9.252239,9.113758,9.096436,9.079109,9.079109,9.217640,9.217640,9.269539,9.304119,9.183022,9.286831,9.234943,9.373260,9.476868,9.407806,9.563126,9.649315,9.649315,9.649315,9.683773,9.752644,9.700993,9.718216,9.683773,9.838661,9.821461,9.769852,9.735428,9.769852,9.821461,9.821461,10.044807,10.044807,10.130581,9.890244,9.769852,9.683773,9.511379,9.459610,9.390537,9.442345,9.390537,9.528633,9.649315,9.563126,9.752644,9.769852,9.890244,9.752644,9.821461,9.735428,9.752644,9.683773,9.494129,9.580376,9.511379,9.494129,9.459610,9.528633,9.580376,9.563126,9.614849,9.545887,9.545887,9.614849,9.528633,9.563126,9.614849,9.545887,9.476868,9.476868,9.407806,9.476868,9.528633,9.476868,9.476868,9.425079,9.373260,9.355976,9.390537,9.286831,9.183022,9.113758,9.131081,9.113758,9.079109,9.113758,9.234943,9.217640,9.528633,9.597610,9.494129,9.148392,9.027115,9.113758,8.888317,8.801476,8.888317,8.853588,8.697163,8.766716,8.836220,8.749332,8.697163,8.662369,8.697163,8.627563,8.662369,8.697163,8.644970,8.662369,8.644970,8.679768,8.627563,8.575333,8.540497,8.592743,8.557915,8.505650,8.505650,8.470791,8.575333,8.470791,8.557915,8.505650,8.523075,8.505650,8.523075,8.627563,9.027115,9.009773,8.957737,8.888317,8.714558,8.766716,8.697163,8.644970,8.523075,8.540497,8.470791,8.470791,8.470791,8.401035,8.348686,8.401035,8.366138,8.401035,8.331230,8.278851,8.331230,8.470791,8.453358,8.261383,8.261383,8.226437,8.208961,8.121536,8.034035,8.016525,7.963982,7.999016,7.876347,7.823730,7.753536,7.472267,7.454662,7.260815,7.013577,6.889732,6.765751,6.783474,6.606125,6.499577,6.499577,6.339550,6.375134,6.250534,6.161457,6.072296,6.036610,5.893753,5.929482,5.625381,5.499908,5.302444,5.068611,4.960514,4.816223,4.780113,4.635590,4.563248,4.617508,4.563248,4.382195,4.255280,4.218987,4.019184,4.091881,4.019184,3.964630,3.764370,3.891846,3.819023,3.819023,3.782589,3.764370,3.855442,3.782589,3.782589,3.837234,3.746143,3.764370,3.819023,3.727913,3.873646,4.128212,5.014572,4.960514,4.960514,5.158604,5.553699,5.589546,5.589546,5.697014,5.947346,5.750706,5.875885,5.804367,5.571625,5.302444,5.050598,5.068611,4.671738,4.508957,4.345943,4.128212,3.928246,3.746143,3.600243,3.472427,3.417606,3.252968,3.234665,3.106426,3.033081,2.996395,2.849514,2.702442,2.757618,2.665649,2.573601,2.592014,2.573601,2.518333,2.536758,2.407722,2.407722,2.278545,2.204666,2.167706,2.223137,2.149220,2.019749,2.001236,2.093750,2.075249,1.964214,1.945694,1.927174,1.853065,1.815990,1.760357,1.667576,1.760357,1.630447,1.611877,1.574726,1.574726,1.574726,1.518974,1.518974,1.481796,1.518974,1.407394,1.370178,1.425999,1.295708,1.351563,1.277081,1.351563,1.221191,1.370178,1.239826,1.332954,1.332954,1.258457,1.407394,
8.034035,7.893879,7.911411,7.771088,7.841270,7.753536,7.753536,7.806187,7.893879,7.788635,7.911411,7.823730,7.893879,7.858810,7.893879,7.911411,8.051544,7.981499,7.946465,7.858810,7.911411,7.911411,7.876347,7.823730,7.718422,7.718422,7.788635,7.788635,7.771088,7.771088,7.735977,7.630577,7.788635,8.104042,8.488220,8.662369,8.261383,7.858810,7.683289,7.525059,7.577831,7.542656,7.577831,7.525059,7.472267,7.560242,7.525059,7.472267,7.612995,7.489868,7.560242,7.560242,7.823730,8.331230,8.418476,8.644970,8.261383,7.876347,7.841270,7.753536,7.823730,7.858810,7.771088,7.858810,7.753536,7.946465,7.981499,7.893879,7.893879,8.051544,8.174004,8.086544,8.086544,8.208961,8.191483,8.331230,8.453358,8.366138,8.540497,8.557915,8.470791,8.435913,8.557915,8.523075,8.366138,8.470791,8.401035,8.418476,8.523075,8.644970,8.975086,9.079109,9.148392,9.027115,8.940388,8.784096,8.697163,8.818848,8.714558,8.644970,8.697163,8.714558,8.731949,8.592743,8.662369,8.714558,8.505650,8.575333,8.523075,8.731949,8.749332,8.870953,8.801476,8.905678,8.801476,8.818848,8.888317,9.009773,9.079109,8.940388,9.044441,8.923035,8.940388,8.836220,8.992432,8.975086,8.992432,8.975086,8.888317,8.853588,8.610161,8.818848,9.044441,9.079109,9.165710,8.905678,8.557915,8.418476,8.366138,8.401035,8.383591,8.296310,8.348686,8.366138,8.296310,8.208961,8.226437,8.261383,8.086544,8.121536,8.208961,8.104042,8.034035,8.016525,8.086544,8.069046,7.999016,7.981499,8.016525,8.051544,8.121536,8.069046,7.999016,7.963982,7.981499,7.999016,8.069046,7.893879,8.051544,8.034035,8.313774,9.009773,9.217640,9.113758,8.836220,8.453358,8.331230,8.348686,8.296310,8.366138,8.348686,8.418476,8.453358,8.557915,8.610161,8.749332,8.940388,9.027115,9.061775,8.992432,8.940388,8.992432,8.923035,9.009773,9.113758,9.131081,9.269539,9.269539,9.321407,9.252239,9.286831,9.304119,9.286831,9.269539,9.321407,9.269539,9.321407,9.234943,9.390537,9.355976,9.580376,9.563126,9.632080,9.545887,9.545887,9.580376,9.545887,9.494129,9.425079,9.476868,9.545887,9.580376,9.545887,9.528633,9.528633,9.425079,9.373260,9.321407,9.252239,9.269539,9.269539,9.165710,8.975086,9.061775,9.252239,9.425079,9.545887,9.494129,9.096436,8.853588,8.905678,8.957737,8.870953,8.905678,8.818848,8.731949,8.784096,8.766716,8.697163,8.644970,8.644970,8.731949,8.731949,8.888317,8.801476,8.836220,8.818848,8.836220,8.784096,8.801476,8.905678,8.870953,8.940388,8.870953,8.905678,8.870953,8.853588,8.905678,8.801476,8.818848,8.870953,8.853588,8.992432,9.373260,9.459610,9.649315,9.269539,8.905678,8.784096,8.714558,8.697163,8.644970,8.836220,8.975086,8.940388,8.801476,8.662369,8.818848,8.836220,8.905678,8.836220,8.888317,8.853588,8.957737,8.957737,8.905678,8.923035,8.923035,8.905678,8.853588,8.836220,8.905678,8.905678,8.975086,8.940388,8.905678,8.923035,8.905678,8.784096,8.784096,8.749332,8.853588,8.992432,9.096436,9.061775,8.957737,8.905678,9.009773,8.818848,8.870953,8.818848,9.044441,9.096436,9.148392,9.183022,9.096436,9.252239,9.286831,9.269539,9.183022,9.252239,9.183022,9.217640,9.787056,9.735428,9.563126,9.148392,8.975086,8.923035,8.905678,8.870953,8.957737,8.957737,8.957737,8.905678,8.853588,8.801476,8.905678,8.853588,8.870953,8.784096,8.836220,8.870953,8.923035,8.905678,8.992432,8.975086,9.027115,9.044441,9.079109,9.148392,9.148392,9.096436,9.131081,9.165710,9.131081,9.304119,9.234943,9.200333,9.200333,9.165710,9.234943,9.321407,9.580376,9.890244,10.010487,9.804260,9.269539,8.905678,8.766716,8.662369,8.731949,8.644970,8.679768,8.731949,8.870953,9.027115,9.165710,9.304119,9.373260,9.373260,9.338692,9.407806,9.355976,9.425079,9.286831,9.113758,9.183022,9.269539,9.200333,9.407806,9.425079,9.494129,9.511379,9.649315,9.597610,9.735428,9.700993,9.735428,9.683773,9.649315,9.666546,9.666546,9.683773,9.752644,9.890244,9.855862,9.752644,9.632080,9.545887,9.545887,9.528633,9.597610,9.528633,9.425079,9.407806,9.338692,9.183022,9.217640,9.200333,9.200333,9.321407,9.528633,9.614849,9.563126,9.373260,9.148392,9.148392,9.061775,8.992432,9.061775,8.957737,8.975086,8.905678,8.905678,8.836220,8.836220,8.836220,8.749332,8.662369,8.818848,8.784096,8.784096,8.905678,8.784096,8.731949,8.592743,8.662369,8.557915,8.505650,8.592743,8.610161,8.401035,8.401035,8.470791,8.366138,8.383591,8.313774,8.278851,8.366138,8.296310,8.470791,8.992432,9.061775,9.061775,8.610161,8.505650,8.418476,8.453358,8.331230,8.226437,8.174004,8.313774,8.243912,8.243912,8.243912,8.261383,8.331230,8.348686,8.243912,8.278851,8.261383,8.278851,8.226437,8.366138,8.331230,8.296310,8.313774,8.208961,8.121536,8.191483,8.156513,8.191483,8.104042,8.051544,7.999016,7.946465,7.928940,7.771088,7.700855,7.542656,7.454662,7.313717,7.313717,7.225533,6.978207,6.677101,6.641617,6.535103,6.339550,6.197094,6.125797,6.090134,6.054455,6.090134,5.983063,5.983063,5.840134,5.643291,5.446091,5.338371,5.158604,5.194580,5.086613,4.996559,4.942490,4.671738,4.490860,4.327812,4.273415,4.200836,4.182686,4.055538,4.055538,3.982819,3.910049,3.982819,3.891846,3.855442,3.819023,3.819023,3.764370,3.873646,3.873646,3.819023,3.855442,3.800804,3.764370,3.928246,4.055538,4.146374,4.182686,4.563248,4.888393,5.140610,5.446091,5.446091,5.732807,5.893753,5.965206,5.947346,5.893753,5.732807,5.553699,5.517838,5.158604,5.032589,4.816223,4.870358,4.400314,4.327812,4.110050,3.964630,3.819023,3.563744,3.563744,3.454159,3.326176,3.271278,3.161407,2.959694,2.978043,2.886253,2.776005,2.720840,2.776005,2.628838,2.536758,2.555180,2.463043,2.407722,2.352383,2.407722,2.407722,2.297012,2.186188,2.167706,2.167706,1.964214,2.001236,2.038250,1.982727,1.964214,1.890129,1.890129,1.834530,1.927174,1.760357,1.704700,1.649017,1.649017,1.537560,1.574726,1.574726,1.593300,1.593300,1.481796,1.537560,1.444603,1.425999,1.351563,1.407394,1.407394,1.332954,1.351563,1.314331,1.295708,1.314331,1.221191,1.277081,
8.523075,8.435913,8.313774,8.313774,8.296310,8.174004,8.296310,8.174004,8.278851,8.261383,8.278851,8.191483,8.121536,8.208961,8.226437,8.313774,8.331230,8.331230,8.313774,8.208961,8.261383,8.261383,8.296310,8.226437,8.086544,8.104042,8.051544,7.981499,8.069046,8.121536,7.981499,7.946465,8.016525,8.453358,8.644970,8.627563,8.348686,7.946465,7.876347,7.665718,7.700855,7.665718,7.612995,7.577831,7.489868,7.472267,7.489868,7.525059,7.612995,7.542656,7.472267,7.437057,7.612995,8.121536,8.453358,8.470791,8.278851,7.806187,7.771088,7.648148,7.806187,7.771088,7.648148,7.841270,7.841270,7.823730,7.911411,7.841270,7.876347,7.946465,8.034035,8.034035,8.104042,8.034035,8.034035,8.069046,8.069046,8.174004,8.086544,8.069046,8.034035,8.034035,8.069046,8.069046,7.981499,8.051544,8.086544,7.981499,7.963982,8.051544,8.801476,8.888317,8.957737,8.662369,8.296310,8.243912,8.156513,8.174004,8.051544,8.156513,8.243912,8.278851,8.191483,8.174004,8.226437,8.121536,8.139027,8.051544,8.121536,8.557915,8.940388,8.923035,8.801476,8.801476,8.888317,8.957737,9.044441,9.061775,9.131081,9.165710,9.148392,9.148392,9.183022,9.217640,9.252239,9.269539,9.183022,9.321407,9.304119,9.269539,9.183022,9.079109,9.165710,9.321407,9.096436,9.165710,8.975086,9.009773,8.975086,8.957737,9.009773,8.975086,8.870953,8.905678,8.923035,8.888317,8.836220,8.818848,8.679768,8.610161,8.644970,8.540497,8.610161,8.523075,8.453358,8.523075,8.453358,8.540497,8.488220,8.610161,8.435913,8.540497,8.505650,8.418476,8.366138,8.453358,8.401035,8.296310,8.261383,8.296310,8.557915,9.148392,9.217640,9.355976,8.992432,8.488220,8.348686,8.331230,8.296310,8.348686,8.331230,8.383591,8.435913,8.331230,8.540497,8.557915,8.523075,8.557915,8.557915,8.575333,8.505650,8.540497,8.435913,8.470791,8.540497,8.679768,8.679768,8.714558,8.714558,8.784096,8.644970,8.818848,8.818848,8.679768,8.766716,8.697163,8.836220,8.853588,8.836220,9.079109,9.234943,9.718216,9.580376,9.528633,9.321407,9.338692,9.338692,9.355976,9.425079,9.425079,9.407806,9.563126,9.614849,9.597610,9.597610,9.494129,9.373260,9.286831,9.355976,9.373260,9.442345,9.476868,9.338692,9.304119,9.338692,9.545887,9.425079,9.476868,9.269539,8.992432,9.165710,9.269539,9.252239,9.200333,9.113758,9.113758,9.061775,9.131081,9.027115,8.975086,9.096436,8.975086,9.096436,9.096436,9.079109,9.027115,9.009773,8.992432,8.975086,9.009773,9.061775,9.096436,8.957737,8.888317,8.801476,8.836220,8.940388,8.940388,8.923035,8.923035,8.975086,8.923035,9.027115,9.407806,9.442345,9.528633,9.217640,8.818848,8.662369,8.644970,8.662369,8.662369,8.644970,8.749332,8.662369,8.627563,8.662369,8.731949,8.766716,8.714558,8.610161,8.644970,8.662369,8.644970,8.557915,8.523075,8.435913,8.540497,8.435913,8.523075,8.575333,8.592743,8.523075,8.470791,8.523075,8.714558,8.836220,8.540497,8.610161,8.523075,8.610161,8.714558,9.061775,9.183022,9.200333,8.766716,8.870953,8.818848,8.940388,8.957737,9.027115,9.113758,9.096436,9.096436,9.113758,9.200333,9.217640,9.407806,9.373260,9.252239,9.304119,9.234943,9.321407,9.580376,9.425079,9.304119,9.148392,8.836220,8.905678,8.870953,8.975086,9.009773,8.957737,8.905678,8.818848,8.818848,8.766716,8.853588,8.766716,8.766716,8.784096,8.940388,8.905678,8.992432,9.027115,9.027115,9.044441,9.061775,9.096436,9.165710,9.200333,9.096436,9.113758,9.165710,9.096436,9.113758,9.061775,9.061775,9.009773,9.044441,8.923035,9.096436,9.148392,9.666546,9.838661,9.890244,9.649315,8.975086,8.540497,8.470791,8.383591,8.488220,8.575333,8.610161,8.592743,8.662369,8.766716,8.784096,8.766716,8.749332,8.749332,8.749332,8.784096,8.818848,8.714558,8.575333,8.662369,8.749332,8.784096,8.853588,8.870953,8.975086,8.940388,9.027115,9.131081,9.407806,9.286831,9.338692,9.217640,9.390537,9.494129,9.442345,9.580376,9.632080,9.907425,9.873051,10.010487,9.752644,9.718216,9.528633,9.511379,9.683773,9.683773,9.580376,9.683773,9.442345,9.632080,9.580376,9.459610,9.390537,9.459610,9.494129,9.563126,9.632080,9.683773,9.563126,9.494129,9.442345,9.494129,9.563126,9.425079,9.476868,9.425079,9.373260,9.321407,9.304119,9.252239,9.217640,9.252239,9.183022,9.252239,9.269539,9.165710,9.096436,9.079109,9.061775,9.009773,8.957737,8.870953,8.870953,8.801476,8.731949,8.784096,8.679768,8.435913,8.575333,8.453358,8.435913,8.418476,8.401035,8.435913,8.627563,9.079109,9.061775,8.992432,8.557915,8.348686,8.366138,8.348686,8.243912,8.069046,8.069046,8.121536,8.121536,8.034035,8.034035,7.981499,8.016525,8.104042,8.121536,8.016525,7.999016,8.139027,8.086544,8.034035,7.963982,7.981499,7.981499,7.963982,7.999016,8.086544,8.086544,8.016525,8.069046,7.876347,7.893879,7.876347,7.823730,7.771088,7.771088,7.718422,7.753536,7.700855,7.806187,7.630577,7.243172,7.084278,6.818905,6.677101,6.517342,6.375134,6.339550,6.250534,6.179276,6.107971,6.072296,5.893753,6.072296,5.965206,5.983063,5.840134,5.822250,5.768597,5.625381,5.374290,5.032589,4.834267,4.762062,4.599422,4.436539,4.327812,4.309685,4.237133,4.200836,4.182686,4.037365,3.964630,3.928246,3.910049,3.891846,3.891846,3.855442,3.837234,3.837234,3.727913,3.855442,3.873646,3.800804,3.800804,3.891846,3.891846,3.764370,3.910049,4.019184,4.309685,4.635590,4.906425,5.158604,5.374290,5.750706,5.929482,5.911625,5.858009,5.911625,5.875885,5.607468,5.428139,5.320412,5.338371,5.032589,4.816223,4.490860,4.237133,4.037365,4.019184,3.746143,3.673222,3.563744,3.454159,3.417606,3.362751,3.179726,3.088097,2.904617,3.014740,2.904617,2.776005,2.739227,2.628838,2.684044,2.481476,2.407722,2.407722,2.407722,2.352383,2.333931,2.241611,2.204666,2.186188,2.130730,2.130730,2.093750,1.982727,2.019749,1.890129,1.964214,1.853065,1.908653,1.686142,1.834530,1.704700,1.667576,1.667576,1.686142,1.518974,1.611877,1.537560,1.500385,1.518974,1.444603,1.463196,1.407394,1.332954,1.295708,1.239826,1.295708,1.332954,1.370178,1.295708,1.277081,
8.679768,8.575333,8.523075,8.470791,8.523075,8.575333,8.401035,8.557915,8.453358,8.488220,8.575333,8.523075,8.488220,8.575333,8.679768,8.610161,8.714558,8.679768,8.714558,8.644970,8.592743,8.627563,8.575333,8.401035,8.453358,8.348686,8.383591,8.488220,8.366138,8.453358,8.278851,8.208961,8.418476,8.488220,8.627563,8.627563,8.575333,8.278851,7.999016,7.911411,8.016525,7.876347,7.788635,7.735977,7.788635,7.735977,7.718422,7.700855,7.806187,7.753536,7.648148,7.648148,7.718422,8.104042,8.575333,8.575333,8.505650,7.999016,7.963982,7.841270,7.858810,7.806187,7.876347,8.034035,8.069046,8.051544,8.156513,7.963982,7.981499,7.946465,8.104042,8.174004,8.069046,8.243912,8.226437,8.174004,8.243912,8.174004,8.156513,8.139027,8.104042,8.121536,7.999016,7.911411,7.911411,7.963982,7.858810,7.928940,7.981499,8.121536,8.557915,8.905678,8.888317,8.418476,7.700855,7.542656,7.595413,7.577831,7.630577,7.525059,7.718422,7.595413,7.419441,7.577831,7.577831,7.577831,7.595413,7.683289,7.823730,8.243912,8.801476,8.818848,8.383591,8.331230,8.401035,8.523075,8.592743,8.679768,8.766716,8.870953,9.009773,8.853588,8.714558,8.888317,8.923035,9.096436,8.992432,8.923035,9.079109,9.044441,9.131081,9.061775,9.044441,9.096436,9.148392,9.096436,9.044441,9.113758,9.079109,9.131081,9.165710,9.131081,9.148392,9.200333,9.252239,9.183022,9.165710,9.355976,9.252239,9.165710,9.096436,9.044441,9.183022,9.234943,9.096436,9.044441,9.148392,9.096436,9.131081,9.079109,9.165710,9.131081,9.131081,9.079109,9.165710,9.131081,9.113758,8.957737,8.957737,8.940388,9.252239,9.528633,9.528633,9.459610,9.269539,8.957737,8.592743,8.418476,8.401035,8.488220,8.540497,8.575333,8.575333,8.610161,8.627563,8.627563,8.592743,8.575333,8.575333,8.592743,8.557915,8.540497,8.470791,8.401035,8.505650,8.488220,8.523075,8.540497,8.418476,8.453358,8.470791,8.540497,8.488220,8.505650,8.488220,8.470791,8.401035,8.313774,8.505650,8.610161,8.888317,9.580376,9.494129,9.338692,8.766716,8.784096,8.853588,8.766716,8.853588,8.836220,8.888317,9.061775,9.131081,9.234943,9.148392,9.096436,9.096436,8.992432,9.027115,9.148392,9.148392,9.217640,9.234943,9.183022,9.131081,9.131081,9.183022,9.183022,9.096436,9.165710,9.148392,9.183022,9.304119,9.252239,9.286831,9.304119,9.252239,9.407806,9.494129,9.528633,9.649315,9.494129,9.597610,9.476868,9.545887,9.459610,9.407806,9.442345,9.425079,9.425079,9.390537,9.269539,9.304119,9.252239,9.217640,9.148392,9.079109,9.165710,9.131081,9.183022,9.183022,9.217640,9.355976,9.442345,9.528633,9.563126,9.355976,9.096436,8.801476,8.818848,8.853588,8.923035,8.801476,8.905678,8.870953,8.870953,8.923035,8.940388,8.888317,8.992432,8.905678,8.818848,8.662369,8.540497,8.488220,8.488220,8.523075,8.540497,8.540497,8.540497,8.453358,8.435913,8.488220,8.418476,8.505650,8.505650,8.592743,8.610161,8.435913,8.505650,8.575333,8.644970,9.183022,9.304119,9.113758,8.627563,8.610161,8.627563,8.505650,8.505650,8.523075,8.540497,8.453358,8.523075,8.540497,8.610161,8.731949,8.905678,8.905678,8.888317,8.697163,8.784096,8.923035,8.888317,8.923035,8.940388,8.957737,8.940388,8.853588,8.923035,8.853588,8.870953,8.923035,8.905678,8.940388,8.905678,8.870953,8.836220,8.870953,8.905678,9.044441,9.027115,9.061775,9.286831,9.355976,9.338692,9.200333,9.148392,9.165710,9.148392,9.165710,9.131081,9.252239,9.234943,9.217640,9.131081,9.148392,9.113758,9.200333,9.079109,9.061775,9.304119,9.476868,9.873051,9.838661,9.769852,9.614849,8.957737,8.505650,8.470791,8.470791,8.540497,8.453358,8.610161,8.714558,8.731949,8.731949,8.853588,8.784096,8.610161,8.644970,8.627563,8.557915,8.662369,8.662369,8.610161,8.714558,8.697163,8.714558,8.766716,8.679768,8.766716,8.766716,8.818848,8.992432,8.923035,8.853588,8.644970,8.662369,8.766716,8.870953,8.992432,9.096436,9.355976,9.855862,9.890244,9.855862,9.459610,9.217640,9.061775,9.131081,9.252239,9.200333,9.304119,9.183022,9.200333,9.355976,9.390537,9.373260,9.355976,9.338692,9.338692,9.390537,9.304119,9.442345,9.425079,9.407806,9.459610,9.511379,9.545887,9.528633,9.528633,9.373260,9.321407,9.442345,9.442345,9.355976,9.338692,9.442345,9.425079,9.494129,9.390537,9.476868,9.476868,9.476868,9.476868,9.476868,9.390537,9.252239,9.165710,9.079109,8.905678,8.975086,9.027115,8.940388,8.784096,8.714558,8.662369,8.592743,8.644970,8.679768,9.027115,9.131081,9.113758,8.731949,8.435913,8.401035,8.435913,8.383591,8.313774,8.191483,8.069046,8.156513,7.963982,7.963982,7.963982,7.946465,7.963982,7.981499,7.963982,7.981499,7.963982,7.928940,7.946465,7.911411,7.876347,7.876347,7.841270,7.928940,7.928940,7.771088,7.893879,7.823730,7.788635,7.753536,7.700855,7.700855,7.595413,7.595413,7.560242,7.612995,7.841270,7.823730,7.858810,7.683289,7.595413,7.331345,7.207882,6.889732,6.730297,6.588379,6.446259,6.446259,6.286148,6.303955,6.268349,6.303955,6.232731,6.214916,6.107971,6.107971,6.090134,5.947346,6.000916,5.911625,5.535770,5.320412,5.122616,4.888393,4.762062,4.599422,4.454651,4.490860,4.237133,4.237133,4.128212,4.091881,4.128212,4.001003,4.001003,3.873646,3.928246,3.946442,3.819023,3.964630,3.819023,3.782589,3.764370,3.800804,3.855442,3.800804,3.782589,3.873646,3.800804,3.800804,3.946442,4.255280,4.345943,4.870358,5.248528,5.356339,5.589546,5.786484,5.893753,5.947346,5.750706,5.697014,5.589546,5.589546,5.481972,5.374290,4.870358,4.617508,4.454651,4.382195,4.218987,4.146374,3.964630,3.855442,3.618496,3.472427,3.344467,3.307877,3.179726,3.198040,2.959694,2.941338,2.867886,2.684044,2.702442,2.702442,2.610428,2.610428,2.573601,2.536758,2.444607,2.481476,2.297012,2.297012,2.297012,2.315472,2.112244,2.001236,2.130730,2.019749,2.001236,2.001236,1.964214,1.853065,1.871597,1.778908,1.741806,1.704700,1.593300,1.556145,1.556145,1.574726,1.630447,1.444603,1.500385,1.463196,1.463196,1.425999,1.407394,1.388790,1.351563,1.314331,1.370178,1.295708,1.370178,
8.470791,8.453358,8.331230,8.401035,8.383591,8.226437,8.278851,8.505650,8.418476,8.488220,8.488220,8.488220,8.575333,8.470791,8.610161,8.627563,8.662369,8.592743,8.644970,8.644970,8.575333,8.470791,8.418476,8.418476,8.610161,8.505650,8.523075,8.540497,8.488220,8.557915,8.540497,8.383591,8.557915,8.627563,8.749332,8.540497,8.435913,8.313774,8.086544,8.104042,8.174004,8.174004,8.121536,8.191483,8.139027,8.139027,8.139027,8.104042,8.139027,8.104042,8.121536,8.139027,8.243912,8.383591,8.644970,8.575333,8.575333,8.453358,8.366138,8.296310,8.401035,8.296310,8.418476,8.401035,8.679768,8.714558,8.697163,8.575333,8.557915,8.557915,8.627563,8.627563,8.644970,8.610161,8.697163,8.523075,8.575333,8.679768,8.662369,8.470791,8.627563,8.592743,8.505650,8.435913,8.401035,8.348686,8.366138,8.348686,8.313774,8.366138,8.731949,8.940388,9.061775,8.697163,7.788635,7.542656,7.560242,7.472267,7.489868,7.454662,7.577831,7.542656,7.437057,7.437057,7.489868,7.595413,7.630577,7.612995,7.753536,8.174004,8.697163,8.697163,8.226437,8.104042,8.156513,8.174004,8.226437,8.226437,8.383591,8.470791,8.575333,8.453358,8.401035,8.366138,8.453358,8.679768,8.505650,8.575333,8.679768,8.470791,8.592743,8.523075,8.662369,8.662369,8.766716,8.697163,8.627563,8.731949,8.679768,8.766716,8.818848,8.784096,8.749332,8.888317,8.940388,9.009773,9.061775,9.373260,9.286831,9.355976,9.131081,9.113758,9.061775,9.113758,9.027115,9.079109,9.183022,9.096436,9.165710,9.165710,9.200333,9.269539,9.286831,9.338692,9.373260,9.459610,9.528633,9.632080,9.545887,9.545887,9.511379,9.597610,9.632080,9.752644,9.683773,9.390537,9.131081,9.044441,9.009773,8.957737,9.079109,9.165710,9.148392,9.183022,9.061775,9.252239,9.131081,9.131081,8.957737,8.957737,8.905678,8.818848,8.714558,8.749332,8.697163,8.714558,8.749332,8.749332,8.679768,8.610161,8.540497,8.610161,8.679768,8.784096,8.714558,8.575333,8.401035,8.470791,8.627563,8.627563,8.957737,9.494129,9.752644,9.304119,8.784096,8.540497,8.627563,8.679768,8.697163,8.662369,8.801476,8.836220,8.766716,8.836220,8.818848,8.818848,8.801476,8.697163,8.749332,8.731949,8.749332,8.923035,8.766716,8.679768,8.731949,8.662369,8.679768,8.627563,8.610161,8.610161,8.749332,8.766716,8.679768,8.923035,8.888317,8.940388,9.044441,9.131081,9.286831,9.752644,9.735428,9.632080,9.597610,9.563126,9.545887,9.580376,9.545887,9.563126,9.476868,9.511379,9.511379,9.511379,9.494129,9.425079,9.442345,9.494129,9.373260,9.425079,9.528633,9.459610,9.459610,9.355976,9.476868,9.528633,9.563126,9.632080,9.528633,9.338692,9.269539,9.321407,9.511379,9.407806,9.425079,9.321407,9.252239,9.355976,9.234943,9.355976,9.252239,9.183022,9.183022,9.061775,8.975086,8.853588,8.957737,8.784096,8.731949,8.818848,8.749332,8.784096,8.731949,8.697163,8.697163,8.592743,8.592743,8.731949,8.679768,8.697163,8.644970,8.610161,8.697163,8.905678,9.304119,9.234943,9.217640,8.697163,8.418476,8.418476,8.313774,8.331230,8.418476,8.348686,8.331230,8.261383,8.366138,8.418476,8.366138,8.261383,8.383591,8.243912,8.226437,8.191483,8.296310,8.278851,8.278851,8.366138,8.418476,8.435913,8.366138,8.401035,8.348686,8.523075,8.435913,8.523075,8.644970,8.662369,8.679768,8.679768,8.818848,8.975086,8.905678,8.818848,9.148392,9.476868,9.666546,9.459610,9.304119,9.252239,9.286831,9.355976,9.355976,9.355976,9.407806,9.355976,9.355976,9.373260,9.425079,9.373260,9.407806,9.407806,9.494129,9.597610,9.666546,9.735428,9.787056,9.683773,9.459610,9.027115,8.627563,8.610161,8.697163,8.801476,8.749332,8.818848,8.836220,8.940388,9.044441,9.061775,8.940388,8.731949,8.801476,8.853588,8.801476,8.784096,8.766716,8.801476,8.766716,8.627563,8.749332,8.818848,8.731949,8.853588,8.836220,8.975086,8.957737,8.853588,8.714558,8.662369,8.644970,8.644970,8.784096,8.731949,8.923035,9.321407,9.787056,9.769852,9.787056,9.321407,9.131081,8.975086,9.027115,9.044441,9.061775,9.009773,8.975086,8.975086,9.079109,9.061775,9.096436,9.009773,8.905678,9.009773,9.096436,9.027115,9.079109,9.148392,9.044441,9.096436,9.234943,9.286831,9.252239,9.269539,9.131081,9.148392,9.113758,9.252239,9.200333,9.217640,9.252239,9.304119,9.390537,9.407806,9.355976,9.597610,9.614849,9.632080,9.545887,9.442345,9.234943,9.217640,9.200333,9.096436,9.113758,9.079109,8.923035,8.905678,8.992432,8.975086,8.888317,8.957737,9.079109,9.131081,9.113758,9.096436,8.836220,8.592743,8.523075,8.505650,8.505650,8.366138,8.296310,8.261383,8.243912,8.208961,8.191483,8.174004,8.086544,8.051544,7.981499,8.051544,8.069046,8.051544,8.016525,7.928940,8.016525,7.946465,7.911411,7.911411,7.999016,7.928940,7.928940,7.858810,7.788635,7.771088,7.753536,7.612995,7.542656,7.630577,7.700855,7.595413,7.612995,7.946465,7.893879,7.893879,7.788635,7.648148,7.542656,7.472267,7.278450,7.119606,6.942829,6.907440,6.748028,6.588379,6.517342,6.428486,6.481804,6.392914,6.321754,6.375134,6.268349,6.143627,6.107971,6.054455,6.107971,5.983063,5.786484,5.714912,5.320412,5.248528,4.906425,4.852314,4.725941,4.527058,4.400314,4.273415,4.218987,4.164528,4.128212,4.073711,4.055538,4.055538,4.055538,4.001003,3.928246,3.928246,3.964630,3.873646,3.800804,3.891846,3.891846,3.800804,3.855442,3.837234,3.891846,3.891846,3.928246,3.837234,4.164528,4.400314,4.725941,5.158604,5.266499,5.589546,5.714912,5.679108,5.768597,5.804367,5.911625,5.750706,5.464031,5.158604,5.158604,5.122616,4.942490,4.834267,4.545155,4.454651,4.255280,4.019184,3.873646,3.691456,3.581997,3.417606,3.362751,3.344467,3.198040,2.996395,3.033081,2.886253,2.812759,2.776005,2.647240,2.702442,2.592014,2.536758,2.555180,2.518333,2.444607,2.499908,2.463043,2.333931,2.112244,2.149220,2.186188,2.204666,2.038250,2.001236,1.982727,2.001236,1.890129,1.834530,1.815990,1.760357,1.908653,1.834530,1.723259,1.686142,1.630447,1.537560,1.593300,1.574726,1.500385,1.556145,1.518974,1.407394,1.351563,1.351563,1.444603,1.407394,
8.540497,8.243912,8.034035,8.139027,8.121536,8.156513,8.121536,8.261383,8.278851,8.331230,8.226437,8.278851,8.401035,8.278851,8.278851,8.296310,8.278851,8.174004,8.121536,8.086544,8.016525,8.121536,8.191483,8.191483,8.226437,8.348686,8.278851,8.191483,8.104042,8.243912,8.104042,8.191483,8.191483,8.627563,8.627563,8.505650,8.243912,8.104042,7.963982,7.858810,7.911411,8.034035,7.999016,8.121536,8.034035,8.086544,8.034035,8.069046,8.069046,8.226437,8.121536,8.261383,8.296310,8.505650,8.557915,8.557915,8.523075,8.453358,8.470791,8.470791,8.540497,8.488220,8.505650,8.505650,8.644970,8.870953,8.766716,8.731949,8.870953,8.836220,9.027115,9.027115,9.079109,8.940388,8.975086,8.975086,8.975086,8.992432,8.940388,8.957737,9.044441,8.992432,9.009773,8.905678,8.975086,8.940388,9.009773,8.853588,8.697163,8.766716,9.044441,9.061775,9.096436,8.784096,8.174004,8.051544,7.806187,7.771088,7.806187,7.718422,7.683289,7.753536,7.735977,7.718422,7.735977,7.771088,7.841270,7.788635,7.858810,8.016525,8.697163,8.818848,8.505650,8.174004,8.156513,8.139027,8.174004,8.313774,8.348686,8.418476,8.488220,8.470791,8.296310,8.313774,8.366138,8.470791,8.505650,8.505650,8.488220,8.418476,8.366138,8.401035,8.453358,8.540497,8.453358,8.418476,8.418476,8.418476,8.470791,8.383591,8.418476,8.401035,8.261383,8.401035,8.383591,8.331230,8.592743,9.113758,9.131081,8.853588,8.505650,8.366138,8.348686,8.383591,8.418476,8.453358,8.644970,8.505650,8.505650,8.557915,8.592743,8.905678,8.923035,8.888317,8.975086,9.131081,9.511379,9.511379,9.580376,9.545887,9.459610,9.632080,9.632080,9.700993,9.666546,9.563126,9.614849,9.614849,9.614849,9.528633,9.683773,9.735428,9.752644,9.718216,9.752644,9.700993,9.752644,9.718216,9.649315,9.563126,9.494129,9.321407,9.183022,9.234943,9.165710,9.165710,9.131081,9.200333,9.200333,9.183022,9.079109,8.992432,9.079109,9.131081,9.044441,8.957737,8.888317,8.749332,8.888317,8.853588,9.252239,9.545887,9.666546,9.459610,8.818848,8.644970,8.679768,8.679768,8.697163,8.714558,8.801476,8.818848,8.818848,8.836220,8.853588,8.801476,8.836220,8.784096,8.905678,8.853588,8.766716,8.766716,8.714558,8.714558,8.679768,8.610161,8.627563,8.592743,8.627563,8.592743,8.488220,8.592743,8.714558,8.801476,8.853588,8.818848,8.888317,8.940388,9.061775,9.528633,9.666546,9.683773,9.407806,9.200333,9.183022,9.165710,9.234943,9.217640,9.200333,9.304119,9.390537,9.321407,9.286831,9.252239,9.217640,9.338692,9.355976,9.355976,9.338692,9.200333,9.286831,9.183022,9.269539,9.373260,9.476868,9.373260,9.355976,9.338692,9.373260,9.321407,9.390537,9.321407,9.459610,9.407806,9.476868,9.407806,9.321407,9.390537,9.459610,9.476868,9.407806,9.373260,9.390537,9.321407,9.373260,9.286831,9.200333,9.148392,9.113758,9.165710,9.183022,9.131081,9.096436,9.079109,9.131081,9.183022,9.234943,9.113758,9.131081,9.096436,9.096436,9.252239,9.511379,9.442345,9.476868,9.217640,9.044441,8.905678,8.784096,8.662369,8.592743,8.610161,8.557915,8.505650,8.453358,8.435913,8.488220,8.435913,8.348686,8.296310,8.261383,8.208961,8.313774,8.296310,8.243912,8.191483,8.156513,8.208961,8.208961,8.261383,8.191483,8.278851,8.208961,8.278851,8.348686,8.366138,8.348686,8.278851,8.261383,8.278851,8.470791,8.313774,8.679768,9.425079,9.528633,9.545887,9.113758,8.731949,8.888317,8.784096,8.923035,8.905678,9.027115,9.009773,9.027115,9.009773,9.096436,9.027115,9.304119,9.252239,9.304119,9.442345,9.580376,9.545887,9.632080,9.459610,9.511379,9.304119,9.252239,9.200333,9.165710,9.269539,9.407806,9.373260,9.390537,9.511379,9.597610,9.494129,9.355976,9.321407,9.252239,9.321407,9.321407,9.494129,9.407806,9.373260,9.355976,9.373260,9.252239,9.286831,9.269539,9.183022,9.234943,9.355976,9.286831,9.131081,9.044441,8.905678,9.027115,9.131081,8.888317,9.027115,8.992432,9.545887,9.718216,9.787056,9.632080,9.321407,9.113758,9.009773,8.992432,9.044441,9.061775,9.027115,9.009773,9.061775,9.148392,9.165710,8.992432,8.888317,8.975086,8.957737,8.975086,8.940388,9.096436,9.044441,9.061775,9.027115,9.113758,9.113758,8.992432,8.766716,8.766716,8.836220,8.940388,8.992432,8.923035,9.027115,8.957737,8.992432,9.044441,9.096436,9.131081,9.425079,9.580376,9.632080,9.338692,9.079109,8.992432,8.957737,8.905678,8.923035,8.923035,8.940388,8.975086,8.975086,8.992432,8.905678,8.818848,8.853588,8.940388,9.044441,9.044441,8.905678,8.957737,8.853588,8.888317,8.818848,8.679768,8.610161,8.697163,8.592743,8.610161,8.505650,8.453358,8.435913,8.348686,8.331230,8.313774,8.261383,8.278851,8.261383,8.208961,8.208961,8.226437,8.121536,8.139027,8.174004,8.051544,8.191483,7.999016,7.981499,7.858810,7.841270,7.841270,7.771088,7.771088,7.665718,7.700855,7.735977,7.858810,8.121536,8.086544,8.086544,7.771088,7.700855,7.683289,7.665718,7.542656,7.560242,7.419441,7.225533,7.084278,7.031254,6.942829,6.783474,6.641617,6.606125,6.517342,6.428486,6.357342,6.268349,6.232731,6.161457,6.107971,6.250534,6.090134,5.965206,5.911625,5.732807,5.553699,5.248528,4.996559,4.852314,4.762062,4.599422,4.400314,4.418427,4.327812,4.182686,4.164528,4.200836,3.982819,3.964630,3.982819,3.928246,3.928246,3.910049,3.910049,3.946442,3.891846,3.873646,3.837234,3.819023,3.819023,3.837234,3.800804,3.891846,3.855442,3.928246,4.091881,4.182686,4.581333,4.924461,5.176598,5.320412,5.517838,5.607468,5.858009,5.732807,5.464031,5.428139,5.607468,5.607468,5.302444,5.248528,5.086613,4.816223,4.653660,4.454651,4.364071,4.218987,3.964630,3.819023,3.800804,3.727913,3.435883,3.399323,3.362751,3.106426,2.922981,2.941338,2.922981,2.812759,2.776005,2.628838,2.610428,2.610428,2.499908,2.628838,2.499908,2.333931,2.389282,2.260078,2.241611,2.223137,2.167706,2.149220,2.112244,2.056755,1.982727,1.945694,1.964214,1.927174,1.853065,1.908653,1.815990,1.815990,1.611877,1.630447,1.649017,1.611877,1.574726,1.556145,1.537560,1.407394,1.500385,1.370178,1.351563,1.425999,
8.488220,8.034035,7.981499,7.928940,7.963982,8.069046,8.156513,8.261383,8.034035,8.104042,8.208961,8.139027,8.226437,8.121536,8.139027,8.051544,7.963982,7.928940,8.016525,8.016525,8.121536,7.946465,8.016525,8.121536,8.069046,8.156513,8.086544,8.104042,8.104042,8.191483,8.051544,7.893879,7.841270,8.418476,8.557915,8.627563,8.016525,7.858810,7.841270,7.665718,7.630577,7.630577,7.735977,7.841270,7.753536,7.841270,7.841270,7.911411,7.841270,7.928940,8.051544,8.121536,8.086544,8.086544,8.226437,8.086544,8.086544,8.016525,8.069046,8.086544,8.174004,8.208961,8.174004,8.174004,8.348686,8.313774,8.557915,8.488220,8.470791,8.766716,9.009773,9.027115,8.957737,8.870953,8.818848,8.766716,8.679768,8.731949,8.784096,8.749332,8.870953,8.801476,8.870953,8.992432,8.905678,8.992432,8.940388,8.940388,8.818848,9.131081,8.975086,8.975086,8.940388,8.888317,8.697163,8.523075,8.470791,8.418476,8.488220,8.453358,8.401035,8.383591,8.331230,8.366138,8.401035,8.435913,8.488220,8.540497,8.575333,8.575333,9.044441,8.992432,8.818848,8.592743,8.540497,8.505650,8.627563,8.610161,8.627563,8.836220,8.749332,8.766716,8.662369,8.540497,8.592743,8.679768,8.644970,8.784096,8.766716,8.766716,8.714558,8.662369,8.662369,8.714558,8.592743,8.523075,8.575333,8.662369,8.592743,8.540497,8.557915,8.523075,8.453358,8.435913,8.401035,8.331230,8.470791,8.975086,9.234943,8.870953,8.366138,8.139027,8.016525,8.174004,8.121536,8.156513,8.208961,8.156513,8.226437,8.243912,8.296310,8.470791,8.418476,8.453358,8.505650,8.731949,9.183022,9.494129,9.390537,9.321407,9.286831,9.286831,9.304119,9.338692,9.425079,9.459610,9.597610,9.649315,9.580376,9.614849,9.787056,9.735428,9.804260,9.821461,9.890244,9.873051,9.821461,9.804260,9.907425,9.804260,9.821461,9.718216,9.683773,9.632080,9.632080,9.683773,9.614849,9.666546,9.666546,9.666546,9.597610,9.614849,9.649315,9.580376,9.666546,9.632080,9.700993,9.338692,9.217640,9.321407,9.511379,9.545887,9.563126,9.528633,9.165710,9.044441,9.009773,8.975086,8.870953,8.923035,9.027115,9.027115,9.113758,9.027115,9.113758,9.113758,8.992432,9.044441,9.096436,9.113758,8.940388,8.940388,8.870953,8.836220,8.923035,8.940388,8.836220,8.853588,8.784096,8.644970,8.662369,8.714558,8.784096,8.766716,8.923035,8.853588,8.784096,8.975086,9.009773,9.528633,9.614849,9.700993,9.321407,9.096436,9.061775,8.923035,8.957737,8.870953,8.940388,8.940388,8.992432,9.079109,9.061775,8.992432,9.027115,9.044441,9.027115,9.096436,9.061775,8.940388,9.113758,9.044441,9.148392,9.165710,9.148392,9.027115,8.992432,9.044441,9.131081,9.131081,9.044441,9.079109,8.957737,9.113758,9.044441,9.044441,9.079109,9.096436,9.304119,9.425079,9.476868,9.459610,9.252239,9.044441,9.061775,9.044441,8.888317,8.992432,9.044441,8.992432,9.044441,8.992432,9.061775,9.113758,9.200333,9.200333,9.200333,9.200333,9.234943,9.252239,9.338692,9.338692,9.425079,9.563126,9.407806,9.338692,9.286831,9.355976,9.286831,9.234943,9.269539,9.131081,8.992432,9.027115,8.940388,8.836220,8.592743,8.627563,8.557915,8.610161,8.610161,8.592743,8.505650,8.418476,8.401035,8.331230,8.348686,8.296310,8.348686,8.313774,8.366138,8.313774,8.331230,8.366138,8.401035,8.366138,8.261383,8.383591,8.366138,8.208961,8.156513,8.191483,8.766716,9.390537,9.528633,9.476868,9.061775,8.766716,8.766716,8.592743,8.697163,8.714558,8.749332,8.801476,8.853588,8.853588,8.836220,8.801476,8.836220,8.923035,9.061775,9.131081,9.234943,9.217640,9.113758,9.148392,9.234943,9.304119,9.165710,9.217640,9.286831,9.355976,9.425079,9.459610,9.373260,9.563126,9.563126,9.459610,9.580376,9.459610,9.476868,9.632080,9.632080,9.718216,9.700993,9.752644,9.614849,9.718216,9.700993,9.683773,9.649315,9.632080,9.597610,9.787056,9.666546,9.597610,9.511379,9.528633,9.563126,9.614849,9.494129,9.580376,9.614849,9.700993,9.855862,9.804260,9.787056,9.338692,9.269539,9.113758,9.183022,9.096436,9.200333,9.113758,9.079109,9.131081,9.183022,9.200333,9.009773,9.061775,8.992432,9.096436,9.027115,9.044441,9.165710,9.200333,9.148392,9.131081,9.183022,9.217640,8.992432,8.853588,8.801476,8.818848,8.888317,8.888317,8.957737,9.009773,8.940388,9.061775,9.027115,9.009773,9.165710,9.597610,9.580376,9.683773,9.148392,9.044441,8.905678,8.888317,8.731949,8.801476,8.714558,8.749332,8.766716,8.784096,8.714558,8.714558,8.662369,8.627563,8.679768,8.870953,8.836220,8.784096,8.679768,8.749332,8.644970,8.644970,8.801476,8.731949,8.731949,8.662369,8.627563,8.644970,8.679768,8.679768,8.662369,8.575333,8.575333,8.470791,8.453358,8.523075,8.505650,8.488220,8.383591,8.453358,8.453358,8.383591,8.278851,8.296310,8.261383,8.104042,8.034035,7.963982,7.946465,7.893879,7.963982,7.876347,7.858810,7.981499,8.051544,8.086544,8.121536,7.981499,7.823730,7.788635,7.823730,7.771088,7.683289,7.665718,7.577831,7.577831,7.489868,7.454662,7.384212,7.296085,7.013577,6.783474,6.783474,6.659363,6.464035,6.392914,6.339550,6.303955,6.303955,6.232731,6.107971,6.107971,6.090134,6.018761,5.929482,5.875885,5.661201,5.338371,5.050598,4.906425,4.743999,4.545155,4.635590,4.364071,4.218987,4.382195,4.309685,4.182686,4.164528,4.200836,4.037365,4.019184,4.019184,4.019184,3.910049,3.891846,3.837234,3.891846,3.928246,3.928246,3.800804,3.873646,3.891846,3.837234,3.928246,3.800804,4.019184,4.091881,4.309685,4.581333,4.834267,5.122616,5.481972,5.553699,5.428139,5.481972,5.661201,5.804367,5.732807,5.589546,5.553699,5.356339,5.338371,5.068611,4.906425,4.563248,4.436539,4.255280,4.200836,4.019184,3.819023,3.746143,3.508965,3.435883,3.289577,3.216351,3.124756,2.959694,2.959694,2.867886,2.831142,2.739227,2.684044,2.573601,2.518333,2.499908,2.518333,2.370834,2.333931,2.315472,2.167706,2.370834,2.186188,2.167706,2.038250,1.982727,2.075249,2.019749,1.945694,1.797447,1.890129,1.815990,1.723259,1.425999,1.760357,1.667576,1.574726,1.593300,1.537560,1.556145,1.518974,1.630447,1.444603,1.370178,
8.644970,8.278851,8.104042,8.174004,8.208961,8.226437,8.331230,8.226437,8.296310,8.226437,8.278851,8.348686,8.313774,8.488220,8.331230,7.981499,7.911411,7.981499,8.121536,8.121536,8.156513,8.156513,8.174004,8.156513,8.174004,8.156513,8.191483,8.121536,8.104042,8.086544,7.963982,8.016525,7.928940,8.331230,8.679768,8.731949,8.243912,7.928940,7.806187,7.735977,7.806187,7.735977,7.806187,7.806187,7.841270,7.841270,7.806187,7.981499,7.911411,7.999016,8.104042,7.999016,8.104042,8.104042,8.104042,7.981499,7.911411,7.999016,8.016525,7.999016,7.946465,7.999016,8.016525,8.034035,7.999016,8.191483,8.261383,8.296310,8.366138,8.401035,8.975086,9.131081,8.888317,8.557915,8.418476,8.505650,8.488220,8.575333,8.366138,8.453358,8.418476,8.540497,8.505650,8.679768,8.470791,8.470791,8.557915,8.592743,8.592743,8.540497,8.505650,8.714558,8.818848,8.697163,8.610161,8.731949,8.749332,8.749332,8.749332,8.679768,8.697163,8.679768,8.575333,8.714558,8.644970,8.870953,8.940388,8.992432,9.027115,9.061775,9.096436,9.096436,9.200333,9.027115,9.044441,9.096436,9.079109,9.165710,9.079109,9.096436,9.165710,9.148392,9.113758,9.183022,9.183022,9.165710,9.321407,9.286831,9.286831,9.355976,9.234943,9.183022,9.286831,9.217640,9.217640,9.131081,9.131081,9.234943,9.165710,9.061775,9.027115,9.044441,9.027115,8.992432,8.975086,8.818848,8.923035,9.165710,9.304119,8.905678,8.523075,8.156513,8.139027,8.121536,8.139027,8.191483,8.069046,8.243912,8.226437,8.139027,8.208961,8.174004,8.278851,8.243912,8.348686,8.453358,8.818848,9.269539,9.338692,9.044441,8.870953,8.957737,8.957737,8.923035,8.957737,9.027115,9.009773,9.061775,9.200333,9.183022,9.234943,9.390537,9.321407,9.390537,9.390537,9.373260,9.442345,9.407806,9.459610,9.355976,9.355976,9.234943,9.234943,9.304119,9.545887,9.373260,9.459610,9.373260,9.407806,9.476868,9.425079,9.494129,9.494129,9.494129,9.528633,9.563126,9.649315,9.580376,9.252239,9.131081,9.217640,9.200333,9.286831,9.269539,9.252239,9.269539,9.252239,9.321407,9.338692,9.217640,9.321407,9.321407,9.373260,9.355976,9.373260,9.459610,9.407806,9.355976,9.373260,9.304119,9.304119,9.217640,9.200333,9.200333,9.234943,9.286831,9.304119,9.373260,9.304119,9.269539,9.304119,9.252239,9.183022,9.234943,9.217640,9.286831,9.061775,9.183022,9.286831,9.545887,9.666546,9.632080,9.442345,9.096436,8.992432,8.940388,8.992432,9.009773,9.027115,8.905678,9.009773,9.009773,8.923035,9.009773,8.975086,9.044441,9.027115,9.096436,8.992432,9.044441,9.009773,9.113758,9.165710,8.940388,8.992432,8.975086,8.923035,8.957737,9.027115,8.957737,8.992432,9.009773,9.044441,8.905678,8.923035,8.870953,8.888317,8.940388,9.061775,9.286831,9.425079,9.252239,8.836220,8.540497,8.505650,8.540497,8.488220,8.523075,8.575333,8.592743,8.592743,8.557915,8.575333,8.575333,8.662369,8.731949,8.766716,8.784096,8.801476,8.923035,9.044441,9.009773,9.113758,9.165710,9.148392,9.079109,9.131081,9.165710,9.183022,9.252239,9.304119,9.200333,9.234943,9.200333,9.252239,8.888317,8.888317,9.044441,9.131081,9.217640,9.200333,9.165710,9.148392,9.079109,9.079109,8.940388,8.940388,8.975086,8.905678,8.940388,8.923035,8.888317,8.923035,8.888317,8.905678,8.818848,8.853588,8.697163,8.679768,8.435913,8.575333,8.540497,9.079109,9.511379,9.528633,9.442345,9.148392,8.975086,8.836220,8.818848,8.905678,8.888317,8.905678,8.923035,8.853588,8.905678,8.940388,8.940388,9.027115,9.096436,9.131081,9.061775,9.148392,9.131081,9.131081,8.923035,9.148392,9.044441,9.165710,9.079109,9.148392,9.148392,9.183022,9.304119,9.234943,9.252239,9.131081,9.183022,9.061775,9.061775,9.200333,9.442345,9.735428,9.752644,9.735428,9.683773,9.442345,9.338692,9.304119,9.355976,9.321407,9.442345,9.494129,9.494129,9.649315,9.683773,9.597610,9.632080,9.683773,9.632080,9.614849,9.614849,9.666546,9.649315,9.787056,9.700993,9.666546,9.614849,9.614849,9.597610,9.563126,9.563126,9.528633,9.459610,9.321407,9.407806,9.425079,9.511379,9.459610,9.373260,9.217640,9.252239,9.338692,9.304119,9.355976,9.407806,9.511379,9.321407,9.425079,9.304119,9.338692,9.079109,9.061775,9.027115,9.234943,9.234943,9.200333,9.148392,9.148392,9.165710,9.165710,9.269539,9.304119,9.632080,9.787056,9.632080,9.252239,9.027115,8.975086,8.836220,8.853588,8.784096,8.749332,8.836220,8.836220,8.784096,8.714558,8.697163,8.644970,8.644970,8.697163,8.749332,8.644970,8.644970,8.679768,8.575333,8.557915,8.610161,8.644970,8.610161,8.610161,8.557915,8.610161,8.662369,8.592743,8.523075,8.505650,8.470791,8.505650,8.540497,8.366138,8.418476,8.592743,8.714558,8.627563,8.505650,8.366138,8.331230,8.383591,8.348686,8.331230,8.278851,8.383591,8.296310,8.296310,8.174004,8.139027,8.191483,8.016525,8.139027,8.208961,8.243912,8.104042,8.069046,7.999016,7.963982,7.981499,7.946465,7.841270,7.806187,7.771088,7.718422,7.771088,7.683289,7.718422,7.560242,7.525059,7.401833,7.137272,6.960518,6.854328,6.694839,6.659363,6.552864,6.410706,6.446259,6.232731,6.250534,6.214916,6.125797,6.072296,6.000916,5.983063,5.768597,5.732807,5.446091,5.302444,4.996559,4.906425,4.743999,4.599422,4.454651,4.436539,4.327812,4.291550,4.110050,4.091881,4.091881,4.019184,3.982819,3.964630,3.928246,3.946442,3.855442,3.837234,3.800804,3.891846,3.819023,3.873646,3.819023,3.837234,3.855442,3.910049,3.964630,3.891846,4.019184,4.110050,4.490860,4.852314,5.068611,5.212570,5.230549,5.392242,5.643291,5.786484,5.804367,5.858009,5.822250,5.786484,5.410194,5.392242,5.194580,4.996559,4.816223,4.653660,4.454651,4.182686,3.982819,3.800804,3.764370,3.636738,3.399323,3.271278,3.252968,3.106426,3.069763,2.978043,2.922981,2.886253,2.720840,2.684044,2.610428,2.536758,2.463043,2.426170,2.407722,2.426170,2.407722,2.352383,2.223137,2.260078,2.186188,2.112244,2.149220,2.001236,1.982727,1.982727,1.964214,1.871597,1.890129,1.778908,1.815990,1.741806,1.611877,1.611877,1.741806,1.537560,1.518974,1.407394,1.481796,
8.540497,8.505650,8.366138,8.488220,8.557915,8.488220,8.627563,8.523075,8.592743,8.505650,8.488220,8.575333,8.731949,8.731949,8.679768,8.505650,8.348686,8.435913,8.453358,8.505650,8.505650,8.575333,8.488220,8.435913,8.348686,8.313774,8.331230,8.418476,8.243912,8.208961,8.086544,8.104042,8.313774,8.523075,8.766716,8.749332,8.366138,8.348686,8.174004,8.086544,8.226437,8.086544,8.156513,8.156513,8.104042,8.104042,8.296310,8.278851,8.383591,8.313774,8.348686,8.453358,8.470791,8.331230,8.418476,8.331230,8.313774,8.121536,8.139027,8.104042,8.243912,8.156513,8.104042,8.174004,8.139027,8.208961,8.366138,8.453358,8.348686,8.418476,8.853588,9.096436,9.061775,8.784096,8.453358,8.523075,8.610161,8.470791,8.383591,8.331230,8.366138,8.401035,8.540497,8.418476,8.366138,8.296310,8.401035,8.348686,8.453358,8.383591,8.383591,8.418476,8.592743,8.488220,8.488220,8.697163,8.575333,8.540497,8.557915,8.488220,8.540497,8.627563,8.575333,8.592743,8.592743,8.697163,8.888317,9.183022,9.165710,8.992432,8.992432,8.992432,9.044441,8.992432,9.131081,9.079109,9.079109,9.183022,9.252239,9.217640,9.217640,9.286831,9.321407,9.252239,9.338692,9.373260,9.442345,9.563126,9.494129,9.494129,9.563126,9.597610,9.614849,9.649315,9.494129,9.545887,9.580376,9.563126,9.476868,9.528633,9.545887,9.545887,9.528633,9.545887,9.649315,9.511379,9.373260,9.459610,9.373260,9.183022,8.905678,8.697163,8.592743,8.610161,8.488220,8.557915,8.540497,8.453358,8.435913,8.418476,8.401035,8.435913,8.418476,8.488220,8.453358,8.488220,8.905678,9.286831,9.269539,9.079109,8.870953,8.870953,8.766716,8.836220,8.888317,8.801476,9.009773,9.009773,8.940388,8.975086,8.905678,9.009773,9.061775,8.992432,9.027115,8.992432,9.113758,9.131081,9.009773,8.940388,8.905678,8.818848,8.905678,8.836220,9.113758,9.044441,8.957737,8.975086,8.975086,8.940388,8.940388,8.818848,8.870953,8.836220,9.165710,9.425079,9.321407,9.131081,8.749332,8.610161,8.575333,8.662369,8.697163,8.749332,8.714558,8.801476,8.731949,8.923035,8.992432,9.183022,9.217640,9.079109,9.148392,9.148392,9.252239,9.338692,9.407806,9.304119,9.252239,9.234943,9.321407,9.286831,9.390537,9.304119,9.269539,9.390537,9.407806,9.459610,9.476868,9.442345,9.459610,9.459610,9.511379,9.545887,9.580376,9.545887,9.425079,9.476868,9.580376,9.545887,9.545887,9.563126,9.425079,9.286831,9.096436,9.079109,9.131081,9.234943,9.165710,9.044441,9.113758,9.200333,9.131081,9.165710,9.183022,9.061775,9.148392,9.183022,9.252239,9.148392,9.234943,9.200333,9.269539,9.200333,9.200333,9.183022,9.183022,9.165710,9.252239,9.165710,9.113758,9.009773,9.131081,9.009773,9.027115,8.923035,8.940388,8.940388,9.148392,9.355976,9.476868,9.373260,8.905678,8.592743,8.453358,8.523075,8.505650,8.418476,8.488220,8.435913,8.470791,8.505650,8.540497,8.523075,8.540497,8.592743,8.627563,8.610161,8.627563,8.766716,8.801476,8.784096,8.714558,8.784096,8.731949,8.731949,8.749332,8.731949,8.784096,8.784096,8.818848,8.731949,8.853588,8.975086,8.905678,8.905678,8.766716,8.749332,9.096436,9.407806,9.459610,9.476868,9.442345,9.373260,9.269539,9.165710,9.217640,9.252239,9.286831,9.338692,9.407806,9.390537,9.355976,9.338692,9.355976,9.425079,9.321407,9.338692,9.338692,9.269539,9.113758,9.217640,9.407806,9.563126,9.632080,9.528633,9.442345,9.269539,9.148392,9.165710,9.165710,9.113758,9.217640,9.252239,9.200333,9.165710,9.165710,9.183022,9.200333,9.234943,9.355976,9.269539,9.183022,9.217640,9.113758,9.183022,9.113758,9.131081,9.061775,9.044441,9.096436,9.113758,9.131081,9.131081,9.044441,9.044441,9.113758,9.009773,9.027115,8.940388,9.079109,9.390537,9.769852,9.632080,9.683773,9.338692,9.009773,8.870953,8.923035,8.923035,8.957737,8.940388,9.096436,9.044441,9.165710,9.200333,9.252239,9.217640,9.183022,9.148392,9.252239,9.234943,9.252239,9.252239,9.269539,9.286831,9.304119,9.442345,9.338692,9.407806,9.338692,9.425079,9.425079,9.390537,9.425079,9.442345,9.459610,9.442345,9.442345,9.355976,9.425079,9.355976,9.649315,9.632080,9.873051,9.787056,9.683773,9.528633,9.545887,9.459610,9.459610,9.407806,9.304119,9.459610,9.442345,9.511379,9.459610,9.494129,9.442345,9.407806,9.304119,9.494129,9.700993,9.649315,9.700993,9.614849,9.390537,9.061775,8.940388,8.975086,9.027115,8.905678,8.957737,8.853588,8.870953,8.923035,8.853588,8.853588,8.697163,8.731949,8.697163,8.818848,8.888317,8.679768,8.714558,8.731949,8.592743,8.644970,8.610161,8.644970,8.592743,8.505650,8.557915,8.540497,8.505650,8.435913,8.383591,8.401035,8.366138,8.383591,8.226437,8.208961,8.488220,8.731949,8.610161,8.243912,8.208961,8.156513,8.069046,8.104042,8.191483,8.174004,8.104042,8.121536,8.086544,8.156513,8.069046,8.051544,8.104042,8.191483,8.174004,8.104042,8.051544,8.069046,7.963982,8.034035,7.946465,7.806187,7.911411,7.858810,7.893879,7.735977,7.771088,7.753536,7.753536,7.718422,7.700855,7.612995,7.507469,7.313717,7.101940,7.013577,6.818905,6.801193,6.765751,6.712570,6.481804,6.410706,6.161457,6.214916,6.107971,6.036610,5.965206,6.000916,5.840134,5.875885,5.661201,5.589546,5.374290,5.158604,4.906425,4.743999,4.671738,4.454651,4.418427,4.345943,4.291550,4.146374,4.091881,4.091881,4.110050,3.946442,3.964630,3.855442,3.837234,3.855442,3.928246,3.855442,3.764370,3.819023,3.782589,3.819023,3.800804,3.837234,3.946442,3.873646,3.891846,4.001003,4.218987,4.345943,4.490860,4.671738,5.158604,5.410194,5.732807,5.947346,6.018761,5.893753,5.768597,5.858009,5.732807,5.589546,5.428139,5.320412,5.158604,4.888393,4.689812,4.382195,4.200836,4.055538,3.873646,3.673222,3.618496,3.472427,3.417606,3.234665,3.161407,3.124756,2.996395,2.959694,2.849514,2.757618,2.720840,2.647240,2.555180,2.407722,2.536758,2.352383,2.407722,2.297012,2.315472,2.352383,2.186188,2.149220,2.112244,2.019749,1.927174,1.982727,2.038250,1.927174,1.871597,1.797447,1.815990,1.760357,1.667576,1.649017,1.667576,1.630447,1.574726,1.630447,
8.557915,8.505650,8.662369,8.540497,8.488220,8.679768,8.610161,8.557915,8.523075,8.470791,8.383591,8.575333,8.523075,8.905678,9.165710,9.079109,8.940388,8.749332,8.766716,8.801476,8.766716,8.731949,8.697163,8.592743,8.575333,8.470791,8.575333,8.523075,8.435913,8.575333,8.435913,8.453358,8.610161,8.731949,8.836220,8.749332,8.627563,8.679768,8.697163,8.818848,8.627563,8.714558,8.697163,8.697163,8.679768,8.592743,8.627563,8.662369,8.749332,8.662369,8.749332,8.731949,8.870953,8.731949,8.627563,8.557915,8.627563,8.470791,8.523075,8.575333,8.488220,8.540497,8.435913,8.418476,8.296310,8.348686,8.435913,8.470791,8.557915,8.557915,8.957737,9.113758,9.079109,8.905678,8.731949,8.627563,8.697163,8.627563,8.575333,8.575333,8.418476,8.383591,8.592743,8.505650,8.418476,8.435913,8.470791,8.453358,8.435913,8.348686,8.470791,8.418476,8.627563,8.627563,8.505650,8.592743,8.610161,8.575333,8.523075,8.575333,8.627563,8.592743,8.540497,8.610161,8.575333,8.644970,8.888317,9.234943,9.321407,9.061775,8.714558,8.592743,8.679768,8.731949,8.801476,8.714558,8.749332,8.870953,8.957737,8.888317,8.992432,8.905678,9.131081,8.992432,9.096436,8.975086,9.113758,9.131081,9.148392,9.234943,9.304119,9.355976,9.425079,9.304119,9.338692,9.476868,9.425079,9.476868,9.494129,9.494129,9.494129,9.545887,9.528633,9.597610,9.649315,9.614849,9.545887,9.511379,9.442345,9.442345,9.321407,9.165710,9.217640,9.096436,8.975086,8.975086,9.131081,9.096436,8.992432,9.027115,9.148392,9.027115,9.009773,8.992432,8.888317,8.957737,9.096436,9.183022,9.286831,9.027115,8.818848,8.888317,8.784096,8.888317,8.940388,8.940388,8.836220,8.957737,8.870953,8.905678,8.853588,9.061775,8.992432,8.975086,8.853588,8.957737,8.905678,8.940388,8.888317,8.818848,8.662369,8.749332,8.731949,8.836220,8.888317,8.905678,8.870953,8.766716,8.766716,8.697163,8.523075,8.383591,8.418476,8.435913,8.766716,9.286831,9.183022,9.044441,8.505650,8.453358,8.435913,8.383591,8.313774,8.505650,8.523075,8.540497,8.470791,8.540497,8.540497,8.714558,8.610161,8.662369,8.766716,8.679768,9.027115,9.234943,9.304119,9.079109,8.801476,8.714558,8.784096,8.714558,8.801476,8.940388,8.801476,8.992432,8.957737,8.975086,8.992432,9.061775,9.096436,9.079109,9.113758,9.217640,9.217640,9.286831,9.200333,9.390537,9.252239,9.338692,9.355976,9.407806,9.459610,9.304119,9.234943,9.165710,9.286831,9.269539,9.286831,9.286831,9.338692,9.407806,9.545887,9.528633,9.580376,9.597610,9.511379,9.407806,9.355976,9.442345,9.442345,9.545887,9.442345,9.425079,9.355976,9.425079,9.425079,9.321407,9.373260,9.286831,9.304119,9.165710,9.131081,9.321407,9.200333,9.009773,9.027115,9.079109,9.200333,9.494129,9.476868,9.373260,9.096436,8.731949,8.714558,8.801476,8.784096,8.818848,8.888317,8.957737,8.940388,8.853588,8.801476,8.836220,8.836220,8.801476,8.749332,8.853588,8.888317,8.940388,8.923035,8.905678,8.801476,8.766716,8.766716,8.731949,8.784096,8.714558,8.697163,8.749332,8.731949,8.714558,8.644970,8.697163,8.592743,8.557915,8.592743,8.557915,8.957737,9.442345,9.459610,9.425079,9.511379,9.148392,8.870953,8.836220,8.923035,8.992432,9.131081,8.957737,9.044441,9.148392,9.044441,9.113758,9.200333,9.200333,9.321407,9.321407,9.304119,9.200333,9.304119,9.321407,9.269539,9.338692,9.390537,9.442345,9.407806,9.425079,9.373260,9.373260,9.252239,9.286831,9.407806,9.373260,9.459610,9.442345,9.442345,9.563126,9.459610,9.614849,9.666546,9.649315,9.666546,9.597610,9.442345,9.476868,9.338692,9.234943,9.286831,9.183022,9.252239,9.165710,9.269539,9.338692,9.252239,9.217640,9.183022,9.131081,9.009773,9.148392,9.131081,9.304119,9.597610,9.511379,9.614849,9.269539,9.027115,8.836220,8.888317,8.905678,8.818848,8.957737,9.061775,9.079109,9.096436,8.975086,9.131081,9.148392,9.044441,9.044441,9.096436,9.165710,9.148392,9.079109,9.079109,9.027115,8.992432,8.923035,9.044441,9.079109,9.044441,9.079109,9.096436,9.165710,9.183022,9.165710,9.131081,9.252239,9.148392,9.061775,9.183022,9.286831,9.666546,9.649315,9.700993,9.580376,9.425079,9.217640,9.200333,9.407806,9.338692,9.373260,9.338692,9.304119,9.390537,9.476868,9.459610,9.476868,9.545887,9.494129,9.563126,9.545887,9.545887,9.597610,9.545887,9.442345,9.304119,9.252239,9.183022,9.217640,9.183022,9.217640,9.131081,9.131081,9.113758,9.044441,9.079109,9.044441,8.957737,8.905678,8.957737,9.096436,9.079109,9.165710,9.009773,9.061775,8.957737,8.957737,8.801476,8.749332,8.644970,8.679768,8.627563,8.627563,8.575333,8.401035,8.418476,8.470791,8.453358,8.348686,8.401035,8.488220,8.766716,8.801476,8.714558,8.401035,8.104042,8.051544,8.086544,8.051544,8.139027,8.069046,8.034035,8.034035,8.086544,8.086544,8.034035,8.069046,8.069046,7.999016,8.051544,8.104042,8.051544,7.928940,7.928940,7.911411,7.981499,7.893879,7.841270,7.858810,7.841270,7.771088,7.788635,7.823730,7.858810,7.718422,7.718422,7.648148,7.665718,7.595413,7.507469,7.507469,7.472267,7.296085,7.119606,6.978207,6.712570,6.623875,6.410706,6.179276,6.286148,6.179276,6.179276,6.090134,6.143627,6.036610,6.054455,5.947346,5.804367,5.571625,5.374290,5.176598,4.996559,4.798172,4.707874,4.617508,4.472755,4.382195,4.327812,4.237133,4.164528,4.146374,4.055538,4.091881,4.001003,3.910049,3.964630,3.891846,3.928246,3.819023,3.819023,3.800804,3.782589,3.837234,3.837234,3.873646,3.964630,3.928246,3.910049,3.946442,4.055538,4.218987,4.563248,4.870358,5.481972,5.589546,5.822250,5.893753,5.625381,5.875885,6.000916,6.000916,5.911625,5.697014,5.625381,5.374290,5.140610,4.942490,4.689812,4.490860,4.309685,4.091881,4.037365,3.928246,3.764370,3.563744,3.527222,3.271278,3.234665,3.069763,3.014740,3.014740,2.941338,2.849514,2.739227,2.665649,2.573601,2.555180,2.536758,2.592014,2.389282,2.407722,2.333931,2.315472,2.260078,2.278545,2.260078,2.130730,2.130730,1.964214,1.982727,1.982727,2.019749,1.834530,1.834530,1.778908,1.834530,1.741806,1.667576,1.630447,
8.383591,8.383591,8.435913,8.383591,8.418476,8.366138,8.453358,8.261383,8.208961,8.226437,8.104042,8.226437,8.366138,8.940388,9.027115,9.044441,8.888317,8.540497,8.662369,8.505650,8.488220,8.488220,8.383591,8.470791,8.505650,8.470791,8.401035,8.366138,8.523075,8.366138,8.418476,8.401035,8.488220,8.470791,8.435913,8.453358,8.470791,8.523075,8.488220,8.505650,8.679768,8.627563,8.766716,8.627563,8.731949,8.679768,8.749332,8.644970,8.644970,8.766716,8.801476,9.009773,8.975086,8.784096,8.592743,8.627563,8.610161,8.644970,8.662369,8.697163,8.662369,8.714558,8.679768,8.644970,8.523075,8.540497,8.731949,8.749332,8.766716,8.818848,8.975086,9.096436,9.079109,9.009773,8.818848,8.870953,8.957737,8.818848,8.731949,8.818848,8.749332,8.731949,8.784096,8.697163,8.679768,8.697163,8.714558,8.662369,8.662369,8.749332,8.714558,8.662369,8.679768,8.749332,8.853588,8.870953,8.749332,8.644970,8.749332,8.731949,8.749332,8.888317,8.853588,8.801476,8.801476,8.836220,9.027115,9.373260,9.425079,9.304119,8.818848,8.575333,8.557915,8.644970,8.592743,8.610161,8.697163,8.697163,8.853588,8.888317,8.853588,8.818848,8.801476,8.784096,8.888317,8.818848,8.853588,8.975086,8.923035,8.923035,8.957737,9.009773,9.044441,8.975086,8.975086,9.044441,9.096436,9.217640,9.183022,9.131081,9.079109,8.992432,9.131081,9.355976,9.511379,9.614849,9.390537,9.165710,8.992432,9.131081,9.079109,8.992432,8.957737,9.096436,8.888317,8.975086,8.975086,9.096436,9.027115,9.044441,9.044441,9.148392,9.131081,9.165710,8.940388,8.975086,8.957737,9.027115,9.079109,8.957737,8.870953,8.888317,8.888317,8.870953,8.870953,8.870953,8.784096,8.853588,8.905678,8.905678,8.957737,9.079109,9.009773,9.096436,8.905678,8.957737,8.923035,9.079109,8.923035,8.923035,8.749332,8.627563,8.662369,8.766716,8.870953,8.836220,8.853588,8.836220,8.714558,8.679768,8.557915,8.453358,8.366138,8.366138,8.697163,9.200333,9.148392,9.131081,8.714558,8.505650,8.435913,8.366138,8.366138,8.488220,8.418476,8.488220,8.505650,8.488220,8.575333,8.523075,8.644970,8.610161,8.557915,8.731949,8.853588,9.234943,9.269539,9.200333,8.818848,8.592743,8.662369,8.557915,8.592743,8.557915,8.627563,8.610161,8.540497,8.644970,8.697163,8.662369,8.627563,8.662369,8.644970,8.644970,8.766716,8.697163,8.679768,8.714558,8.714558,8.749332,8.888317,8.870953,8.905678,8.870953,8.957737,8.940388,8.870953,8.923035,8.957737,9.061775,9.096436,9.079109,9.373260,9.425079,9.459610,9.373260,9.338692,9.252239,9.200333,9.373260,9.425079,9.425079,9.425079,9.494129,9.511379,9.494129,9.511379,9.476868,9.459610,9.355976,9.269539,9.269539,9.476868,9.511379,9.614849,9.373260,9.373260,9.407806,9.442345,9.459610,9.442345,9.563126,9.390537,9.286831,9.304119,9.269539,9.269539,9.442345,9.425079,9.355976,9.338692,9.425079,9.373260,9.355976,9.321407,9.442345,9.338692,9.373260,9.321407,9.390537,9.373260,9.338692,9.355976,9.131081,9.061775,9.079109,9.027115,9.096436,8.957737,8.923035,8.801476,8.818848,8.836220,8.766716,8.801476,8.662369,8.662369,8.870953,9.044441,9.442345,9.528633,9.545887,9.476868,9.131081,8.801476,8.731949,8.731949,8.801476,8.801476,8.697163,8.679768,8.749332,8.801476,8.853588,8.870953,8.957737,9.044441,9.044441,8.975086,8.957737,8.870953,8.940388,8.975086,8.940388,8.957737,8.870953,9.027115,9.061775,9.027115,9.009773,9.027115,9.096436,9.061775,9.079109,9.183022,9.234943,9.234943,9.286831,9.252239,9.632080,9.873051,9.855862,9.804260,9.649315,9.442345,9.425079,9.390537,9.511379,9.304119,9.304119,9.355976,9.459610,9.511379,9.511379,9.528633,9.390537,9.425079,9.390537,9.338692,9.338692,9.355976,9.442345,9.545887,9.528633,9.580376,9.338692,9.234943,9.148392,9.027115,8.923035,8.992432,9.061775,9.044441,9.096436,9.131081,9.234943,9.183022,9.113758,9.079109,9.165710,9.165710,9.113758,9.165710,9.079109,9.061775,9.079109,9.027115,9.044441,9.079109,9.044441,9.027115,8.957737,9.079109,9.079109,9.009773,9.061775,9.061775,9.096436,9.061775,9.009773,9.165710,9.234943,9.459610,9.614849,9.597610,9.407806,9.079109,8.836220,8.975086,8.940388,9.079109,9.027115,8.888317,9.009773,9.096436,9.061775,9.113758,9.044441,9.061775,9.096436,9.096436,9.200333,9.252239,9.269539,9.183022,9.113758,9.096436,9.079109,9.148392,9.148392,9.217640,9.217640,9.096436,9.131081,9.131081,9.148392,9.079109,9.148392,9.131081,9.096436,9.096436,9.113758,9.286831,9.373260,9.338692,9.286831,9.200333,8.992432,9.009773,8.975086,8.957737,8.766716,8.818848,8.888317,8.731949,8.731949,8.749332,8.749332,8.731949,8.627563,8.731949,8.731949,8.818848,8.818848,8.749332,8.383591,8.121536,8.086544,8.051544,7.981499,8.016525,8.034035,8.069046,8.034035,8.034035,8.016525,7.928940,8.034035,7.999016,8.051544,7.999016,7.981499,7.946465,7.963982,7.963982,8.016525,8.086544,7.999016,7.981499,8.051544,7.999016,7.981499,7.841270,7.893879,7.806187,7.788635,7.806187,7.753536,7.648148,7.683289,7.788635,7.893879,7.893879,7.753536,7.507469,7.207882,6.907440,6.925133,6.659363,6.481804,6.375134,6.321754,6.268349,6.250534,6.214916,6.161457,6.054455,6.072296,6.018761,6.000916,5.804367,5.714912,5.553699,5.284477,5.212570,4.852314,4.906425,4.599422,4.508957,4.508957,4.382195,4.273415,4.182686,4.182686,4.110050,4.091881,3.946442,4.091881,3.910049,3.964630,3.873646,3.873646,3.819023,3.837234,3.819023,3.819023,3.873646,3.873646,3.910049,4.001003,4.001003,3.964630,4.091881,4.237133,4.689812,4.798172,5.302444,5.140610,5.517838,5.822250,5.965206,5.965206,5.875885,6.000916,5.911625,5.804367,5.643291,5.410194,5.212570,4.996559,4.780113,4.617508,4.400314,4.273415,4.182686,3.964630,3.855442,3.800804,3.673222,3.435883,3.417606,3.088097,3.124756,2.996395,2.904617,2.831142,2.739227,2.794388,2.776005,2.610428,2.592014,2.481476,2.389282,2.352383,2.297012,2.315472,2.130730,2.186188,2.223137,2.093750,2.019749,2.001236,1.964214,1.890129,1.908653,1.908653,1.890129,1.797447,1.797447,1.667576,
8.348686,8.383591,8.418476,8.383591,8.296310,8.296310,8.296310,8.261383,8.226437,8.156513,8.139027,8.086544,8.156513,8.731949,8.836220,9.061775,8.818848,8.366138,8.226437,8.069046,8.086544,8.086544,8.034035,8.104042,8.051544,8.156513,8.016525,8.069046,8.069046,8.016525,8.174004,8.104042,8.086544,8.104042,8.086544,8.121536,8.034035,8.139027,8.051544,8.121536,8.261383,8.174004,8.208961,8.121536,8.191483,8.139027,8.191483,8.226437,8.243912,8.331230,8.592743,8.870953,8.923035,8.592743,8.191483,8.121536,8.174004,8.261383,8.208961,8.331230,8.348686,8.418476,8.540497,8.540497,8.505650,8.523075,8.592743,8.557915,8.435913,8.592743,8.662369,8.731949,8.870953,8.818848,8.836220,8.749332,8.836220,8.731949,8.853588,8.784096,8.697163,8.784096,8.818848,8.731949,8.784096,8.801476,8.888317,9.027115,9.061775,9.009773,8.992432,8.940388,8.975086,9.079109,9.061775,9.096436,9.044441,9.131081,9.148392,9.148392,9.113758,9.148392,9.217640,9.234943,9.269539,9.113758,9.304119,9.545887,9.459610,9.338692,8.905678,8.749332,8.662369,8.714558,8.662369,8.731949,8.679768,8.836220,8.749332,8.853588,8.749332,8.853588,8.888317,8.801476,8.818848,8.888317,8.870953,8.957737,8.940388,8.957737,8.975086,8.957737,8.957737,8.923035,8.923035,8.975086,9.044441,9.009773,9.009773,8.905678,8.940388,8.784096,8.801476,9.061775,9.425079,9.476868,9.200333,8.888317,8.679768,8.818848,8.714558,8.836220,8.679768,8.731949,8.679768,8.644970,8.592743,8.731949,8.697163,8.679768,8.731949,8.697163,8.749332,8.662369,8.714558,8.610161,8.697163,8.679768,8.714558,8.714558,8.731949,8.766716,8.749332,8.697163,8.818848,8.749332,8.731949,8.784096,8.714558,8.801476,8.818848,9.096436,9.269539,9.286831,9.148392,8.992432,8.975086,8.905678,8.870953,8.749332,8.749332,8.714558,8.818848,8.836220,8.905678,8.940388,8.923035,8.905678,9.009773,8.923035,8.836220,8.784096,8.662369,8.749332,8.905678,9.234943,9.234943,9.183022,8.940388,8.836220,8.870953,8.957737,8.870953,8.766716,8.662369,8.610161,8.679768,8.644970,8.575333,8.784096,8.697163,8.766716,8.697163,8.714558,8.940388,9.079109,9.252239,9.183022,8.870953,8.818848,8.731949,8.836220,8.679768,8.818848,8.714558,8.766716,8.784096,8.731949,8.749332,8.749332,8.801476,8.714558,8.697163,8.679768,8.766716,8.749332,8.679768,8.679768,8.679768,8.679768,8.644970,8.610161,8.627563,8.679768,8.592743,8.505650,8.627563,8.644970,8.697163,8.644970,8.644970,8.505650,8.940388,9.338692,9.407806,9.286831,8.818848,8.714558,8.801476,8.836220,8.784096,8.975086,8.940388,9.009773,9.079109,9.044441,9.079109,9.113758,9.200333,9.148392,9.165710,9.200333,9.528633,9.511379,9.666546,9.373260,9.183022,9.148392,9.200333,9.234943,9.217640,9.217640,9.373260,9.338692,9.234943,9.338692,9.373260,9.442345,9.442345,9.425079,9.545887,9.545887,9.545887,9.563126,9.632080,9.580376,9.632080,9.666546,9.718216,9.752644,9.752644,9.787056,9.718216,9.700993,9.683773,9.545887,9.511379,9.563126,9.476868,9.321407,9.200333,9.234943,9.252239,9.148392,9.148392,9.131081,9.044441,9.148392,9.373260,9.632080,9.580376,9.545887,9.425079,9.252239,8.870953,8.853588,8.784096,8.818848,8.836220,8.801476,8.853588,8.818848,8.923035,8.905678,8.923035,8.870953,8.975086,8.923035,8.923035,8.853588,8.818848,8.905678,8.836220,8.766716,8.784096,8.801476,8.905678,8.870953,8.905678,8.853588,8.923035,8.888317,8.801476,8.888317,8.923035,8.992432,8.905678,9.079109,9.200333,9.683773,9.700993,9.666546,9.511379,9.148392,9.009773,8.940388,8.836220,8.801476,8.870953,8.853588,8.923035,9.200333,9.234943,9.304119,9.217640,9.234943,9.131081,9.165710,9.234943,9.113758,9.113758,9.096436,9.338692,9.407806,9.321407,9.200333,9.165710,9.061775,9.027115,9.009773,9.113758,9.079109,9.165710,9.148392,9.148392,9.131081,9.148392,9.200333,9.217640,9.338692,9.269539,9.269539,9.286831,9.148392,9.148392,8.992432,8.975086,9.096436,9.009773,8.975086,8.853588,8.992432,8.975086,8.905678,8.905678,8.940388,8.940388,8.992432,9.009773,9.148392,9.148392,9.355976,9.528633,9.511379,9.494129,9.131081,8.957737,8.836220,8.870953,8.836220,8.870953,8.870953,8.975086,8.853588,8.818848,8.905678,8.870953,8.818848,8.836220,8.888317,9.009773,9.061775,9.079109,9.131081,8.975086,8.853588,8.836220,8.749332,8.784096,8.766716,8.870953,8.905678,8.749332,8.697163,8.697163,8.697163,8.853588,8.888317,8.731949,8.853588,8.627563,8.766716,9.183022,9.234943,9.165710,8.975086,8.888317,8.679768,8.627563,8.697163,8.766716,8.766716,8.749332,8.749332,8.644970,8.679768,8.784096,8.731949,8.662369,8.749332,8.749332,8.836220,8.697163,8.714558,8.662369,8.523075,8.296310,8.261383,8.191483,8.121536,8.208961,8.156513,8.191483,8.139027,8.121536,8.086544,8.104042,8.086544,8.034035,8.243912,8.174004,8.139027,8.174004,8.156513,8.174004,8.243912,8.156513,8.139027,8.156513,8.086544,8.034035,8.156513,7.999016,7.999016,7.963982,7.893879,7.963982,7.788635,7.876347,7.858810,7.911411,7.876347,7.858810,7.788635,7.595413,7.595413,7.331345,7.207882,6.925133,6.677101,6.588379,6.623875,6.570625,6.446259,6.446259,6.357342,6.268349,6.250534,6.161457,6.054455,6.072296,5.893753,5.858009,5.875885,5.768597,5.643291,5.302444,4.942490,4.798172,4.743999,4.653660,4.472755,4.436539,4.237133,4.237133,4.237133,4.128212,4.091881,4.110050,4.110050,3.946442,3.982819,4.019184,3.946442,3.891846,3.928246,3.873646,3.819023,3.964630,3.819023,3.910049,3.855442,3.891846,3.964630,4.037365,4.146374,4.309685,4.508957,5.212570,5.266499,5.553699,5.589546,5.804367,5.929482,6.072296,6.143627,5.983063,5.661201,5.464031,5.392242,5.374290,5.158604,4.942490,4.798172,4.599422,4.472755,4.291550,4.073711,3.910049,3.709686,3.618496,3.435883,3.289577,3.124756,3.161407,3.069763,3.069763,2.922981,2.812759,2.739227,2.684044,2.592014,2.536758,2.463043,2.536758,2.407722,2.352383,2.278545,2.167706,2.167706,2.149220,2.112244,2.075249,2.001236,1.871597,1.871597,1.797447,1.871597,1.927174,1.834530,
8.418476,8.523075,8.366138,8.488220,8.453358,8.383591,8.383591,8.174004,8.296310,8.208961,8.296310,8.348686,8.435913,8.957737,8.923035,9.079109,8.975086,8.523075,8.383591,8.296310,8.156513,8.208961,8.331230,8.296310,8.121536,8.069046,8.174004,8.191483,8.278851,8.243912,8.226437,8.069046,8.174004,8.156513,8.121536,8.121536,8.208961,8.156513,8.243912,8.191483,8.104042,8.174004,8.208961,8.174004,8.086544,8.086544,8.156513,8.208961,8.296310,8.435913,8.523075,8.766716,8.888317,8.523075,8.174004,8.034035,7.946465,7.999016,7.981499,8.051544,8.034035,8.104042,8.051544,8.051544,8.016525,7.999016,8.121536,8.121536,8.104042,8.104042,8.034035,8.226437,8.401035,8.313774,8.470791,8.435913,8.331230,8.383591,8.453358,8.488220,8.383591,8.383591,8.557915,8.401035,8.540497,8.714558,8.714558,9.096436,9.252239,9.148392,9.079109,8.870953,9.009773,8.992432,9.061775,9.044441,9.200333,9.183022,9.165710,9.165710,9.269539,9.304119,9.459610,9.338692,9.390537,9.425079,9.476868,9.476868,9.563126,9.476868,9.252239,9.113758,9.131081,9.044441,9.009773,8.975086,8.975086,8.975086,9.131081,9.027115,9.200333,8.992432,9.044441,8.975086,9.044441,9.044441,9.131081,9.234943,9.217640,9.113758,9.096436,9.165710,9.027115,9.044441,8.975086,9.044441,9.009773,8.992432,9.044441,9.061775,9.009773,8.870953,8.905678,8.940388,9.355976,9.425079,9.200333,8.714558,8.557915,8.592743,8.697163,8.766716,8.784096,8.731949,8.731949,8.714558,8.627563,8.610161,8.644970,8.679768,8.662369,8.627563,8.575333,8.610161,8.540497,8.523075,8.575333,8.662369,8.644970,8.592743,8.679768,8.540497,8.627563,8.644970,8.644970,8.644970,8.540497,8.557915,8.418476,8.505650,8.557915,8.905678,9.355976,9.286831,9.200333,8.836220,8.766716,8.627563,8.662369,8.679768,8.697163,8.697163,8.644970,8.592743,8.714558,8.662369,8.679768,8.784096,8.836220,8.923035,8.853588,8.836220,8.853588,8.905678,8.940388,9.165710,9.183022,9.096436,8.992432,9.079109,9.131081,9.183022,9.183022,9.131081,9.079109,9.009773,8.697163,8.975086,8.870953,9.027115,9.217640,9.234943,9.200333,9.061775,9.079109,9.269539,9.304119,9.373260,9.286831,9.217640,9.217640,9.286831,9.234943,9.304119,9.304119,9.373260,9.269539,9.183022,9.183022,9.200333,9.355976,9.234943,9.165710,9.131081,9.148392,9.200333,9.096436,8.992432,9.113758,9.009773,8.940388,8.940388,8.818848,8.836220,8.818848,8.766716,8.731949,8.766716,8.870953,8.870953,8.836220,8.888317,8.870953,9.321407,9.321407,9.234943,8.731949,8.540497,8.540497,8.697163,8.592743,8.610161,8.592743,8.575333,8.610161,8.627563,8.627563,8.488220,8.540497,8.540497,8.679768,8.592743,9.096436,9.304119,9.321407,8.992432,8.714558,8.540497,8.488220,8.592743,8.575333,8.731949,8.662369,8.697163,8.749332,8.749332,8.801476,8.818848,8.853588,9.061775,9.165710,9.113758,9.131081,9.183022,9.096436,9.304119,9.373260,9.476868,9.459610,9.580376,9.545887,9.597610,9.838661,9.683773,9.666546,9.632080,9.614849,9.597610,9.563126,9.511379,9.459610,9.494129,9.649315,9.683773,9.545887,9.494129,9.269539,9.425079,9.563126,9.563126,9.494129,9.614849,9.494129,9.442345,9.252239,9.165710,9.131081,9.148392,9.183022,9.131081,9.113758,9.131081,9.183022,9.131081,9.148392,9.148392,9.217640,9.044441,9.096436,8.923035,8.888317,8.975086,8.905678,8.940388,8.923035,8.957737,9.009773,9.148392,8.992432,9.009773,8.957737,8.957737,8.923035,8.923035,9.009773,9.044441,9.131081,9.321407,9.407806,9.700993,9.649315,9.735428,9.373260,9.027115,8.766716,8.697163,8.714558,8.697163,8.679768,8.679768,8.749332,8.801476,8.870953,8.836220,8.784096,8.853588,8.714558,8.662369,8.766716,8.644970,8.714558,8.627563,8.697163,8.801476,8.714558,8.662369,8.766716,8.697163,8.818848,8.853588,8.818848,8.853588,8.836220,8.888317,8.923035,8.853588,8.957737,9.009773,9.373260,9.494129,9.597610,9.580376,9.614849,9.355976,9.234943,9.131081,9.113758,9.079109,9.165710,9.079109,9.027115,8.905678,8.940388,8.957737,8.957737,8.818848,8.975086,9.044441,9.148392,9.286831,9.183022,9.355976,9.511379,9.407806,9.390537,9.079109,9.009773,8.940388,8.801476,8.870953,8.836220,8.801476,8.766716,8.697163,8.818848,8.818848,8.801476,8.731949,8.836220,8.940388,8.957737,9.044441,9.044441,8.957737,8.870953,8.749332,8.731949,8.749332,8.784096,8.697163,8.749332,8.714558,8.644970,8.697163,8.592743,8.575333,8.662369,8.610161,8.679768,8.766716,8.523075,8.592743,9.113758,9.148392,9.009773,8.731949,8.313774,8.278851,8.156513,8.051544,8.191483,8.208961,8.208961,8.261383,8.296310,8.278851,8.261383,8.366138,8.383591,8.348686,8.383591,8.435913,8.540497,8.575333,8.453358,8.383591,8.348686,8.243912,8.261383,8.278851,8.261383,8.296310,8.383591,8.243912,8.296310,8.366138,8.243912,8.226437,8.226437,8.208961,8.296310,8.418476,8.453358,8.488220,8.470791,8.435913,8.453358,8.453358,8.401035,8.331230,8.296310,8.313774,8.331230,8.313774,8.261383,8.086544,8.086544,8.034035,7.999016,7.999016,8.069046,8.104042,7.999016,7.876347,7.981499,7.823730,7.858810,7.648148,7.472267,7.190231,7.048931,6.995895,6.960518,6.818905,6.801193,6.641617,6.446259,6.321754,6.268349,6.179276,6.125797,6.090134,6.107971,6.036610,6.000916,6.018761,5.840134,5.625381,5.464031,5.194580,4.942490,4.888393,4.689812,4.563248,4.581333,4.382195,4.309685,4.237133,4.164528,4.200836,4.164528,4.019184,4.091881,3.982819,3.891846,3.910049,3.891846,3.964630,3.946442,3.855442,3.946442,3.891846,3.873646,3.891846,3.964630,3.982819,4.073711,4.055538,4.364071,4.508957,4.852314,5.194580,5.481972,5.714912,6.000916,6.197094,5.965206,5.679108,5.714912,5.804367,5.786484,5.643291,5.499908,5.374290,5.140610,4.978535,4.743999,4.472755,4.309685,4.146374,3.946442,3.837234,3.673222,3.563744,3.417606,3.417606,3.252968,3.179726,2.959694,2.904617,2.867886,2.849514,2.739227,2.665649,2.499908,2.573601,2.407722,2.499908,2.389282,2.297012,2.260078,2.260078,2.223137,2.093750,1.945694,2.019749,2.075249,1.945694,1.945694,1.964214,
8.662369,8.644970,8.714558,8.662369,8.592743,8.523075,8.488220,8.453358,8.523075,8.557915,8.627563,8.523075,8.818848,9.027115,9.183022,9.269539,9.148392,8.818848,8.697163,8.697163,8.679768,8.749332,8.784096,8.766716,8.853588,8.766716,8.679768,8.697163,8.731949,8.540497,8.644970,8.523075,8.610161,8.592743,8.592743,8.557915,8.592743,8.505650,8.418476,8.470791,8.505650,8.418476,8.366138,8.296310,8.331230,8.261383,8.296310,8.313774,8.348686,8.296310,8.557915,8.853588,8.957737,8.784096,8.418476,8.069046,7.999016,8.104042,8.016525,8.051544,8.016525,8.069046,8.069046,8.034035,8.086544,8.016525,8.034035,8.016525,7.999016,7.911411,8.069046,8.051544,8.121536,8.243912,8.226437,8.261383,8.226437,8.243912,8.383591,8.331230,8.453358,8.331230,8.470791,8.331230,8.453358,8.540497,8.662369,8.940388,9.148392,9.286831,9.148392,8.714558,8.575333,8.697163,8.627563,8.644970,8.731949,8.749332,8.836220,8.853588,8.801476,8.923035,9.079109,9.009773,9.027115,9.027115,9.079109,9.131081,9.269539,9.321407,9.234943,9.200333,9.096436,9.131081,9.165710,9.165710,9.234943,9.234943,9.165710,9.183022,9.131081,9.131081,9.131081,9.165710,9.321407,9.476868,9.442345,9.425079,9.373260,9.373260,9.338692,9.390537,9.269539,9.200333,9.113758,9.183022,9.079109,9.061775,9.113758,9.061775,8.992432,8.975086,8.870953,8.992432,9.373260,9.459610,9.269539,8.784096,8.627563,8.679768,8.749332,8.784096,8.766716,8.766716,8.731949,8.766716,8.818848,8.801476,8.818848,8.766716,8.749332,8.731949,8.592743,8.644970,8.540497,8.557915,8.575333,8.505650,8.575333,8.592743,8.540497,8.610161,8.610161,8.557915,8.610161,8.523075,8.418476,8.418476,8.470791,8.453358,8.418476,8.627563,9.061775,9.269539,9.183022,8.714558,8.557915,8.610161,8.714558,8.610161,8.662369,8.679768,8.644970,8.644970,8.610161,8.662369,8.592743,8.644970,8.505650,8.540497,8.627563,8.679768,8.714558,8.714558,8.679768,8.801476,8.766716,8.731949,8.627563,8.766716,8.905678,8.888317,8.853588,8.853588,9.009773,8.853588,8.818848,8.714558,8.731949,9.148392,9.407806,9.459610,9.442345,9.200333,9.079109,9.165710,9.200333,9.165710,9.217640,9.148392,9.217640,9.183022,9.286831,9.459610,9.511379,9.476868,9.528633,9.580376,9.563126,9.666546,9.666546,9.752644,9.735428,9.735428,9.718216,9.752644,9.752644,9.718216,9.683773,9.442345,9.545887,9.580376,9.528633,9.476868,9.459610,9.390537,9.355976,9.234943,9.269539,9.286831,9.148392,9.148392,9.183022,9.355976,9.252239,9.252239,8.853588,8.505650,8.488220,8.575333,8.540497,8.540497,8.488220,8.575333,8.592743,8.453358,8.488220,8.418476,8.505650,8.418476,8.331230,8.453358,8.766716,9.165710,9.252239,8.940388,8.592743,8.401035,8.348686,8.296310,8.348686,8.470791,8.540497,8.278851,8.418476,8.383591,8.401035,8.401035,8.505650,8.505650,8.610161,8.557915,8.540497,8.610161,8.644970,8.644970,8.731949,8.749332,8.888317,8.975086,8.975086,9.079109,9.217640,9.183022,9.131081,9.079109,8.975086,9.079109,9.061775,9.027115,9.027115,9.269539,9.373260,9.545887,9.528633,9.476868,9.338692,9.407806,9.355976,9.390537,9.390537,9.494129,9.425079,9.494129,9.442345,9.459610,9.407806,9.545887,9.425079,9.390537,9.511379,9.563126,9.614849,9.632080,9.597610,9.545887,9.511379,9.545887,9.321407,9.321407,9.217640,9.217640,9.286831,9.373260,9.355976,9.304119,9.304119,9.304119,9.442345,9.373260,9.269539,9.407806,9.390537,9.286831,9.459610,9.511379,9.373260,9.545887,9.649315,9.580376,9.632080,9.597610,9.304119,9.061775,8.975086,8.784096,8.766716,8.766716,8.749332,8.818848,8.818848,8.818848,8.818848,8.801476,8.801476,8.818848,8.714558,8.697163,8.714558,8.714558,8.662369,8.731949,8.679768,8.644970,8.627563,8.731949,8.662369,8.679768,8.627563,8.679768,8.644970,8.644970,8.610161,8.697163,8.784096,8.679768,8.818848,8.940388,9.355976,9.580376,9.563126,9.511379,9.252239,8.923035,8.870953,8.575333,8.453358,8.523075,8.540497,8.610161,8.557915,8.575333,8.575333,8.592743,8.557915,8.644970,8.714558,8.784096,8.731949,8.731949,8.870953,9.027115,9.096436,9.079109,9.131081,9.044441,8.992432,9.061775,8.975086,8.784096,8.662369,8.766716,8.818848,8.679768,8.801476,8.801476,8.888317,8.870953,9.009773,9.079109,9.183022,9.061775,9.044441,8.905678,8.888317,8.749332,8.801476,8.766716,8.731949,8.818848,8.662369,8.714558,8.610161,8.644970,8.610161,8.714558,8.679768,8.662369,8.575333,8.610161,8.592743,8.697163,9.061775,9.009773,8.870953,8.435913,8.121536,8.034035,8.086544,8.086544,8.034035,8.051544,8.069046,8.034035,8.156513,8.121536,8.034035,8.086544,8.174004,8.174004,8.104042,8.139027,8.104042,8.191483,8.208961,8.156513,8.139027,8.156513,8.243912,8.191483,8.174004,8.208961,8.086544,8.139027,8.156513,8.208961,8.208961,8.278851,8.208961,8.261383,8.296310,8.435913,8.540497,8.662369,8.731949,8.697163,8.557915,8.523075,8.523075,8.505650,8.540497,8.401035,8.383591,8.453358,8.366138,8.296310,8.331230,8.331230,8.296310,8.139027,8.156513,8.174004,8.069046,8.243912,8.121536,8.069046,8.034035,7.946465,7.876347,7.665718,7.577831,7.612995,7.577831,7.225533,7.225533,6.907440,6.801193,6.588379,6.446259,6.268349,6.321754,6.250534,6.286148,6.268349,6.197094,6.090134,6.125797,6.143627,5.983063,5.893753,5.643291,5.284477,5.014572,4.906425,4.725941,4.581333,4.563248,4.418427,4.400314,4.273415,4.218987,4.110050,4.073711,4.146374,4.091881,4.055538,4.019184,3.946442,4.001003,3.946442,3.946442,3.964630,3.910049,4.019184,4.001003,4.001003,3.855442,4.110050,4.037365,4.001003,3.964630,4.545155,4.762062,5.104614,5.643291,5.858009,5.786484,5.822250,5.732807,6.000916,6.018761,5.983063,5.893753,5.661201,5.589546,5.284477,5.158604,4.996559,4.689812,4.527058,4.345943,4.128212,3.982819,3.782589,3.673222,3.545483,3.435883,3.289577,3.198040,3.124756,3.014740,2.978043,2.867886,2.812759,2.702442,2.684044,2.684044,2.610428,2.555180,2.481476,2.426170,2.370834,2.297012,2.260078,2.297012,2.186188,2.149220,2.112244,2.112244,2.093750,
8.714558,8.766716,8.853588,8.627563,8.592743,8.540497,8.592743,8.523075,8.610161,8.662369,8.818848,8.870953,8.836220,8.905678,8.975086,9.044441,8.975086,8.905678,9.027115,9.027115,8.957737,9.027115,8.992432,9.079109,9.044441,9.061775,9.131081,9.148392,9.044441,8.992432,8.905678,8.957737,8.923035,8.923035,8.923035,8.923035,8.957737,8.853588,8.749332,8.784096,8.853588,8.714558,8.575333,8.575333,8.644970,8.575333,8.505650,8.557915,8.366138,8.627563,8.697163,8.905678,8.975086,8.940388,8.662369,8.488220,8.418476,8.505650,8.296310,8.366138,8.401035,8.331230,8.366138,8.278851,8.208961,8.261383,8.243912,8.226437,8.174004,8.261383,8.331230,8.243912,8.366138,8.331230,8.243912,8.331230,8.296310,8.348686,8.331230,8.383591,8.401035,8.557915,8.418476,8.418476,8.505650,8.644970,8.627563,8.801476,9.217640,9.286831,9.113758,8.627563,8.610161,8.505650,8.523075,8.453358,8.523075,8.488220,8.366138,8.523075,8.523075,8.470791,8.505650,8.540497,8.557915,8.557915,8.610161,8.749332,8.766716,8.662369,8.766716,8.679768,8.662369,8.784096,8.801476,9.079109,9.009773,8.940388,8.784096,8.888317,8.975086,8.940388,8.870953,9.009773,9.061775,9.425079,9.442345,9.321407,9.113758,9.165710,9.113758,9.148392,9.096436,9.131081,9.096436,9.131081,9.113758,9.148392,9.148392,9.061775,9.009773,9.079109,9.061775,9.183022,9.373260,9.494129,9.217640,9.148392,8.940388,8.905678,8.940388,8.905678,9.044441,8.992432,8.923035,8.923035,8.888317,8.836220,8.957737,8.818848,8.784096,8.731949,8.784096,8.818848,8.784096,8.766716,8.714558,8.575333,8.714558,8.697163,8.697163,8.627563,8.662369,8.662369,8.662369,8.627563,8.627563,8.644970,8.610161,8.557915,8.627563,8.470791,8.888317,9.286831,9.183022,8.905678,8.870953,8.905678,8.870953,8.975086,8.957737,8.957737,8.940388,8.888317,8.940388,8.836220,8.714558,8.679768,8.662369,8.679768,8.679768,8.697163,8.662369,8.749332,8.662369,8.575333,8.662369,8.592743,8.644970,8.662369,8.679768,8.679768,8.679768,8.575333,8.610161,8.523075,8.557915,8.470791,8.557915,8.957737,9.614849,9.632080,9.425079,9.061775,8.923035,8.836220,8.836220,8.905678,8.870953,8.888317,8.923035,9.079109,9.044441,9.148392,9.200333,9.269539,9.338692,9.304119,9.338692,9.459610,9.442345,9.494129,9.632080,9.787056,9.683773,9.632080,9.580376,9.597610,9.528633,9.545887,9.494129,9.528633,9.476868,9.528633,9.597610,9.528633,9.511379,9.494129,9.528633,9.545887,9.666546,9.304119,9.373260,9.269539,9.252239,9.321407,8.975086,8.731949,8.731949,8.766716,8.766716,8.697163,8.662369,8.644970,8.540497,8.575333,8.627563,8.505650,8.610161,8.488220,8.540497,8.575333,8.784096,9.027115,9.113758,9.027115,8.540497,8.418476,8.383591,8.313774,8.383591,8.418476,8.401035,8.418476,8.401035,8.383591,8.418476,8.366138,8.575333,8.401035,8.401035,8.505650,8.418476,8.453358,8.470791,8.557915,8.505650,8.540497,8.418476,8.540497,8.575333,8.557915,8.784096,8.766716,8.679768,8.610161,8.575333,8.610161,8.505650,8.470791,8.540497,8.940388,9.580376,9.511379,9.407806,9.113758,8.905678,8.784096,8.836220,8.784096,8.818848,8.905678,8.992432,9.009773,9.061775,9.044441,9.009773,9.113758,9.131081,9.148392,9.269539,9.355976,9.666546,9.597610,9.614849,9.373260,9.459610,9.373260,9.252239,9.165710,9.234943,9.321407,9.355976,9.459610,9.407806,9.355976,9.528633,9.494129,9.511379,9.597610,9.614849,9.649315,9.614849,9.597610,9.511379,9.528633,9.511379,9.425079,9.528633,9.563126,9.494129,9.528633,9.459610,9.304119,9.355976,9.494129,9.390537,9.338692,9.355976,9.217640,9.252239,9.338692,9.269539,9.096436,9.148392,8.992432,9.027115,8.975086,8.870953,8.905678,8.784096,8.801476,8.801476,8.766716,8.818848,8.836220,8.818848,8.853588,8.870953,8.940388,8.818848,8.870953,8.853588,8.801476,8.697163,8.731949,8.836220,9.044441,9.511379,9.476868,9.528633,9.321407,8.975086,8.557915,8.453358,8.348686,8.139027,8.208961,8.331230,8.278851,8.226437,8.208961,8.278851,8.296310,8.261383,8.331230,8.366138,8.383591,8.331230,8.296310,8.366138,8.592743,8.627563,8.540497,8.523075,8.557915,8.575333,8.627563,8.575333,8.453358,8.488220,8.488220,8.557915,8.557915,8.540497,8.610161,8.627563,8.801476,9.061775,9.286831,9.355976,9.165710,9.131081,9.009773,8.923035,8.975086,8.923035,8.905678,8.992432,8.870953,8.853588,8.818848,8.714558,8.697163,8.784096,8.731949,8.905678,8.697163,8.697163,8.679768,8.610161,9.027115,9.027115,8.923035,8.766716,8.383591,8.208961,8.226437,8.174004,8.174004,8.139027,8.174004,8.331230,8.208961,8.226437,8.121536,8.069046,8.121536,8.121536,8.069046,8.121536,8.156513,8.016525,8.156513,8.156513,8.156513,8.121536,8.174004,8.139027,8.278851,8.156513,8.208961,8.104042,8.104042,8.174004,8.191483,8.156513,8.174004,8.051544,8.104042,8.104042,8.366138,8.714558,8.662369,8.644970,8.575333,8.610161,8.540497,8.488220,8.453358,8.453358,8.418476,8.418476,8.470791,8.418476,8.418476,8.435913,8.401035,8.261383,8.348686,8.226437,8.174004,8.069046,7.981499,7.999016,7.963982,7.963982,7.963982,7.946465,7.806187,7.806187,7.823730,7.771088,7.735977,7.630577,7.313717,7.119606,7.031254,6.712570,6.499577,6.446259,6.481804,6.410706,6.464035,6.446259,6.286148,6.321754,6.286148,6.250534,6.107971,6.054455,5.893753,5.607468,5.392242,5.122616,5.050598,4.888393,4.725941,4.563248,4.508957,4.382195,4.327812,4.382195,4.218987,4.128212,4.037365,4.037365,3.946442,4.073711,4.037365,3.982819,3.928246,4.001003,4.037365,3.964630,4.019184,3.946442,4.091881,3.946442,3.964630,3.982819,4.128212,4.237133,4.454651,4.671738,5.068611,5.392242,5.428139,5.643291,5.643291,5.822250,6.161457,5.965206,6.018761,5.893753,5.822250,5.607468,5.481972,5.266499,4.960514,4.780113,4.581333,4.364071,4.200836,4.037365,3.855442,3.764370,3.600243,3.618496,3.399323,3.234665,3.216351,3.069763,3.014740,2.831142,2.978043,2.702442,2.867886,2.573601,2.592014,2.573601,2.333931,2.444607,2.463043,2.389282,2.241611,2.075249,2.112244,2.204666,2.260078,
8.610161,8.801476,8.644970,8.401035,8.191483,8.051544,8.104042,8.104042,8.243912,8.348686,8.366138,8.366138,8.435913,8.488220,8.470791,8.575333,8.662369,8.888317,9.079109,8.905678,8.749332,8.749332,8.766716,8.888317,8.923035,9.061775,8.975086,9.009773,9.009773,8.957737,8.836220,8.697163,8.836220,9.027115,8.992432,9.148392,9.252239,8.957737,8.870953,8.749332,8.731949,8.836220,8.714558,8.679768,8.731949,8.610161,8.627563,8.610161,8.610161,8.523075,8.749332,8.679768,8.801476,8.818848,8.679768,8.662369,8.679768,8.610161,8.610161,8.575333,8.714558,8.644970,8.592743,8.592743,8.453358,8.557915,8.662369,8.610161,8.627563,8.610161,8.714558,8.731949,8.714558,8.714558,8.662369,8.662369,8.679768,8.662369,8.592743,8.505650,8.523075,8.644970,8.662369,8.575333,8.575333,8.488220,8.679768,8.731949,9.165710,9.304119,9.183022,8.940388,8.679768,8.644970,8.662369,8.662369,8.575333,8.540497,8.540497,8.540497,8.488220,8.505650,8.453358,8.383591,8.540497,8.557915,8.662369,8.679768,8.766716,8.679768,8.627563,8.610161,8.523075,8.610161,8.644970,8.731949,8.923035,8.679768,8.540497,8.610161,8.592743,8.575333,8.644970,8.749332,8.888317,9.390537,9.390537,9.286831,8.853588,8.784096,8.662369,8.697163,8.662369,8.801476,8.749332,8.679768,8.923035,8.766716,8.905678,8.801476,8.905678,8.870953,8.940388,8.923035,8.975086,8.940388,9.027115,9.027115,9.009773,9.044441,9.027115,9.061775,9.079109,9.079109,9.096436,9.044441,8.975086,9.079109,8.975086,8.853588,8.870953,8.992432,9.148392,9.338692,9.183022,9.061775,8.870953,8.801476,8.853588,8.870953,8.957737,8.940388,8.923035,8.957737,8.888317,8.888317,8.940388,8.940388,9.044441,8.888317,8.818848,8.766716,8.870953,9.148392,9.234943,9.148392,9.304119,9.217640,9.304119,9.407806,9.494129,9.390537,9.632080,9.563126,9.528633,9.425079,9.338692,9.200333,9.079109,9.131081,9.044441,9.113758,9.044441,9.061775,9.079109,8.940388,8.940388,8.870953,8.870953,8.870953,8.905678,8.905678,8.853588,8.801476,8.749332,8.627563,8.662369,8.731949,8.714558,9.148392,9.735428,9.787056,9.649315,9.165710,8.870953,8.853588,8.784096,8.784096,8.870953,8.853588,8.905678,8.992432,8.992432,9.079109,9.061775,9.096436,9.044441,9.113758,9.044441,9.165710,9.044441,9.183022,9.338692,9.338692,9.286831,9.148392,9.183022,9.217640,9.217640,9.252239,9.252239,9.044441,9.061775,9.131081,9.027115,9.096436,9.061775,9.113758,9.355976,9.597610,9.511379,9.425079,9.355976,9.217640,9.148392,9.183022,9.234943,9.131081,9.044441,9.044441,8.975086,9.009773,8.888317,8.836220,8.870953,8.818848,8.888317,8.853588,8.836220,8.627563,8.766716,8.731949,8.905678,8.975086,9.061775,8.975086,8.679768,8.557915,8.644970,8.540497,8.540497,8.610161,8.627563,8.697163,8.610161,8.575333,8.662369,8.627563,8.627563,8.557915,8.540497,8.540497,8.505650,8.523075,8.575333,8.540497,8.523075,8.523075,8.470791,8.505650,8.470791,8.714558,8.714558,8.714558,8.557915,8.488220,8.470791,8.383591,8.557915,8.470791,8.383591,8.992432,9.459610,9.355976,9.373260,8.905678,8.679768,8.644970,8.592743,8.453358,8.575333,8.557915,8.557915,8.644970,8.575333,8.575333,8.592743,8.540497,8.627563,8.679768,8.679768,8.940388,9.442345,9.528633,9.425079,9.079109,8.784096,8.749332,8.610161,8.627563,8.644970,8.731949,8.766716,8.853588,8.905678,9.009773,9.079109,9.183022,9.200333,9.321407,9.321407,9.338692,9.373260,9.286831,9.217640,9.113758,9.148392,9.009773,9.217640,9.131081,9.286831,9.425079,9.442345,9.494129,9.476868,9.597610,9.563126,9.632080,9.649315,9.700993,9.700993,9.735428,9.649315,9.442345,9.321407,9.183022,9.165710,9.200333,9.200333,9.183022,9.148392,9.148392,9.234943,9.148392,9.252239,9.304119,9.407806,9.165710,9.286831,9.217640,9.252239,9.286831,9.183022,9.200333,9.148392,9.096436,9.079109,9.113758,9.511379,9.528633,9.459610,9.165710,8.801476,8.575333,8.453358,8.261383,8.243912,8.156513,8.208961,8.261383,8.243912,8.278851,8.226437,8.243912,8.278851,8.243912,8.208961,8.191483,8.174004,8.208961,8.366138,8.435913,8.313774,8.243912,8.226437,8.348686,8.278851,8.331230,8.348686,8.348686,8.313774,8.278851,8.313774,8.331230,8.208961,8.208961,8.348686,8.470791,9.217640,9.355976,9.321407,9.165710,8.957737,8.888317,8.801476,8.784096,8.818848,8.766716,8.801476,8.784096,8.888317,8.714558,8.766716,8.818848,8.818848,8.870953,8.818848,8.766716,8.766716,8.905678,8.818848,8.923035,8.923035,9.027115,8.784096,8.662369,8.592743,8.610161,8.557915,8.610161,8.575333,8.557915,8.592743,8.644970,8.540497,8.557915,8.523075,8.470791,8.453358,8.348686,8.401035,8.313774,8.383591,8.331230,8.313774,8.331230,8.331230,8.278851,8.226437,8.278851,8.243912,8.243912,8.226437,8.278851,8.208961,8.208961,8.174004,8.051544,8.104042,8.139027,8.313774,8.488220,8.784096,8.853588,8.679768,8.627563,8.610161,8.592743,8.505650,8.557915,8.505650,8.453358,8.488220,8.470791,8.505650,8.505650,8.488220,8.383591,8.348686,8.278851,8.156513,8.121536,8.051544,7.963982,7.963982,7.893879,7.858810,7.858810,7.841270,7.753536,7.771088,7.735977,7.665718,7.577831,7.665718,7.612995,7.472267,7.313717,7.048931,6.925133,6.942829,6.836617,6.748028,6.677101,6.677101,6.552864,6.552864,6.392914,6.179276,6.161457,6.054455,6.036610,6.054455,5.858009,5.697014,5.446091,5.302444,5.140610,5.014572,4.725941,4.635590,4.545155,4.508957,4.454651,4.291550,4.291550,4.237133,4.164528,4.110050,4.164528,4.055538,3.946442,3.982819,3.982819,4.073711,3.964630,3.964630,4.037365,3.928246,3.928246,4.073711,4.037365,4.019184,4.037365,4.182686,4.382195,4.581333,4.581333,5.158604,5.248528,5.464031,5.768597,5.929482,6.072296,6.090134,6.054455,5.822250,5.822250,5.571625,5.392242,5.338371,5.104614,4.870358,4.653660,4.436539,4.273415,4.200836,3.946442,3.855442,3.691456,3.618496,3.490696,3.344467,3.216351,3.143085,3.088097,3.088097,2.904617,2.831142,2.684044,2.684044,2.536758,2.536758,2.426170,2.463043,2.370834,2.315472,2.315472,2.370834,2.204666,
8.610161,8.662369,8.592743,8.331230,7.981499,7.806187,7.928940,7.893879,7.893879,8.139027,8.069046,8.016525,8.121536,8.121536,8.139027,8.296310,8.401035,8.644970,8.923035,8.749332,8.418476,8.383591,8.627563,8.644970,8.644970,8.557915,8.592743,8.731949,8.644970,8.523075,8.540497,8.435913,8.540497,8.557915,8.749332,8.905678,8.992432,8.784096,8.575333,8.348686,8.243912,8.226437,8.261383,8.174004,8.243912,8.313774,8.086544,8.226437,8.121536,8.139027,8.261383,8.278851,8.296310,8.383591,8.296310,8.191483,8.156513,8.261383,8.243912,8.401035,8.488220,8.453358,8.453358,8.383591,8.453358,8.575333,8.557915,8.697163,8.697163,8.731949,8.923035,9.044441,9.044441,8.957737,8.801476,8.784096,8.836220,8.731949,8.714558,8.662369,8.749332,8.697163,8.888317,8.714558,8.714558,8.766716,8.801476,8.853588,9.009773,9.148392,9.148392,8.905678,9.027115,9.027115,8.957737,8.957737,8.923035,8.940388,8.836220,8.853588,8.784096,8.749332,8.714558,8.766716,8.784096,8.627563,8.818848,8.888317,8.853588,8.766716,8.749332,8.714558,8.644970,8.470791,8.557915,8.801476,8.714558,8.766716,8.749332,8.627563,8.557915,8.627563,8.644970,8.749332,8.905678,9.217640,9.373260,9.286831,8.923035,8.697163,8.523075,8.453358,8.540497,8.697163,8.453358,8.540497,8.540497,8.644970,8.627563,8.592743,8.610161,8.644970,8.766716,8.731949,8.610161,8.749332,8.818848,8.784096,8.957737,9.009773,8.870953,8.975086,8.905678,9.009773,9.027115,9.009773,9.044441,8.870953,8.888317,8.801476,8.853588,8.818848,9.217640,9.649315,9.666546,9.390537,9.044441,8.888317,8.940388,8.923035,9.027115,9.009773,8.888317,8.923035,8.923035,8.975086,8.975086,9.044441,9.200333,9.113758,9.009773,8.975086,9.027115,9.165710,9.165710,9.113758,9.148392,9.183022,9.252239,9.286831,9.390537,9.563126,9.580376,9.614849,9.632080,9.683773,9.718216,9.442345,9.407806,9.476868,9.632080,9.752644,9.752644,9.649315,9.563126,9.528633,9.545887,9.511379,9.459610,9.442345,9.425079,9.511379,9.338692,9.234943,9.217640,9.113758,8.888317,8.940388,9.027115,9.338692,9.873051,9.958965,9.787056,9.425079,9.044441,8.940388,8.853588,8.940388,9.027115,9.096436,9.009773,9.079109,9.148392,9.183022,9.131081,9.165710,9.183022,9.165710,9.183022,9.148392,9.200333,9.338692,9.407806,9.373260,9.200333,9.200333,9.113758,9.131081,9.252239,9.165710,9.183022,9.061775,9.009773,9.061775,9.027115,9.027115,8.992432,9.096436,9.217640,9.804260,9.752644,9.476868,9.373260,9.355976,9.304119,9.286831,9.286831,9.165710,9.165710,9.165710,9.183022,9.148392,9.061775,8.870953,8.853588,8.818848,8.784096,8.818848,8.679768,8.784096,8.749332,8.749332,8.731949,8.853588,8.905678,8.818848,8.679768,8.836220,8.679768,8.749332,8.836220,8.818848,8.836220,8.957737,8.940388,9.027115,9.148392,9.165710,9.113758,8.992432,8.905678,8.975086,8.870953,8.975086,8.905678,9.027115,8.905678,8.975086,8.801476,8.836220,8.870953,8.905678,8.992432,8.836220,8.870953,8.784096,8.679768,8.662369,8.644970,8.557915,8.610161,8.975086,9.373260,9.442345,9.407806,8.992432,8.766716,8.697163,8.662369,8.557915,8.523075,8.505650,8.644970,8.575333,8.557915,8.575333,8.505650,8.540497,8.488220,8.453358,8.662369,8.749332,9.373260,9.494129,9.321407,8.801476,8.453358,8.435913,8.470791,8.505650,8.453358,8.557915,8.592743,8.627563,8.697163,8.679768,8.818848,8.853588,8.923035,8.888317,8.801476,8.818848,8.853588,8.818848,8.853588,8.801476,8.662369,8.923035,8.870953,8.888317,8.905678,9.027115,9.096436,9.200333,9.494129,9.390537,9.321407,9.286831,9.425079,9.459610,9.563126,9.580376,9.528633,9.252239,9.131081,9.009773,9.079109,9.044441,9.027115,9.027115,9.131081,9.113758,9.061775,9.217640,9.286831,9.304119,9.286831,9.165710,9.321407,9.269539,9.494129,9.597610,9.459610,9.373260,9.269539,9.304119,9.183022,9.304119,9.528633,9.338692,9.390537,9.044441,8.836220,8.679768,8.557915,8.470791,8.348686,8.523075,8.366138,8.418476,8.348686,8.331230,8.331230,8.278851,8.383591,8.401035,8.261383,8.366138,8.313774,8.435913,8.348686,8.348686,8.366138,8.296310,8.331230,8.296310,8.331230,8.331230,8.366138,8.488220,8.366138,8.348686,8.313774,8.278851,8.331230,8.313774,8.331230,8.540497,9.304119,9.407806,9.390537,9.183022,8.888317,8.749332,8.662369,8.697163,8.714558,8.627563,8.592743,8.731949,8.731949,8.766716,8.610161,8.644970,8.610161,8.749332,8.836220,8.801476,8.784096,8.749332,8.731949,8.853588,8.818848,8.714558,8.662369,8.644970,8.679768,8.714558,8.697163,8.836220,8.784096,8.836220,8.749332,8.801476,8.888317,8.992432,8.957737,8.975086,8.975086,8.870953,8.784096,8.731949,8.592743,8.610161,8.610161,8.610161,8.592743,8.557915,8.610161,8.540497,8.557915,8.418476,8.575333,8.331230,8.470791,8.557915,8.348686,8.348686,8.296310,8.401035,8.453358,8.714558,8.731949,8.749332,8.662369,8.575333,8.523075,8.575333,8.575333,8.557915,8.592743,8.488220,8.557915,8.523075,8.575333,8.610161,8.523075,8.418476,8.296310,8.261383,8.296310,8.208961,8.139027,8.016525,7.928940,7.999016,7.893879,7.823730,7.753536,7.753536,7.718422,7.683289,7.683289,7.630577,7.771088,7.542656,7.612995,7.560242,7.401833,7.348972,7.278450,7.190231,7.084278,7.048931,6.942829,6.854328,6.677101,6.517342,6.321754,6.268349,6.250534,6.161457,6.161457,6.179276,6.072296,6.072296,5.893753,5.714912,5.535770,5.284477,4.942490,4.870358,4.780113,4.671738,4.545155,4.400314,4.418427,4.382195,4.255280,4.273415,4.164528,4.073711,4.001003,4.055538,4.055538,4.019184,4.055538,4.037365,4.073711,4.019184,3.946442,4.037365,4.001003,4.110050,4.019184,4.019184,4.055538,4.146374,4.309685,4.472755,4.725941,5.266499,5.589546,5.858009,6.000916,5.893753,5.929482,6.036610,5.983063,5.822250,5.625381,5.481972,5.392242,5.122616,4.906425,4.689812,4.599422,4.309685,4.146374,4.073711,3.837234,3.800804,3.581997,3.490696,3.381042,3.307877,3.252968,3.143085,3.014740,2.904617,2.904617,2.647240,2.702442,2.628838,2.555180,2.426170,2.426170,2.315472,2.370834,2.315472,
8.592743,8.644970,8.575333,8.523075,8.139027,8.086544,7.893879,7.823730,7.963982,8.139027,8.121536,7.963982,8.016525,8.016525,8.069046,8.296310,8.383591,8.801476,8.662369,8.453358,8.191483,8.261383,8.453358,8.488220,8.523075,8.331230,8.366138,8.401035,8.435913,8.366138,8.505650,8.592743,8.540497,8.470791,8.592743,8.853588,9.044441,8.923035,8.435913,8.104042,8.086544,7.981499,7.963982,7.981499,7.893879,7.893879,7.946465,7.911411,7.999016,7.946465,8.034035,8.104042,8.191483,8.051544,7.946465,7.876347,7.665718,7.665718,7.858810,7.981499,8.121536,8.121536,7.999016,7.963982,7.999016,7.999016,8.034035,8.086544,8.156513,8.453358,8.697163,8.923035,8.888317,8.801476,8.592743,8.348686,8.453358,8.592743,8.505650,8.540497,8.575333,8.523075,8.592743,8.627563,8.714558,8.679768,8.697163,8.714558,8.749332,8.836220,8.853588,9.061775,8.923035,8.992432,8.992432,9.061775,9.044441,9.027115,9.009773,8.992432,9.027115,8.888317,8.923035,9.096436,8.992432,8.940388,9.096436,9.165710,9.217640,9.131081,9.027115,9.044441,8.975086,8.940388,8.870953,8.749332,8.870953,9.044441,9.131081,8.975086,9.009773,9.113758,8.940388,8.870953,9.131081,9.321407,9.425079,9.321407,8.957737,8.662369,8.679768,8.523075,8.575333,8.592743,8.610161,8.610161,8.592743,8.592743,8.610161,8.697163,8.697163,8.714558,8.679768,8.731949,8.836220,8.766716,8.731949,8.870953,8.888317,8.923035,8.870953,8.801476,8.905678,9.009773,9.009773,8.992432,8.975086,8.957737,8.888317,8.940388,8.870953,8.905678,9.269539,9.821461,9.769852,9.700993,9.183022,8.923035,8.905678,8.836220,9.027115,9.044441,8.923035,8.888317,8.940388,8.836220,8.940388,9.061775,9.096436,9.113758,8.836220,8.836220,8.853588,8.940388,8.940388,8.870953,8.940388,8.888317,8.888317,8.975086,9.079109,9.061775,9.027115,9.148392,9.165710,9.200333,9.217640,9.338692,9.355976,9.407806,9.666546,9.873051,9.993317,9.907425,9.752644,9.700993,9.752644,9.752644,9.718216,9.752644,9.787056,9.683773,9.735428,9.700993,9.700993,9.649315,9.425079,9.563126,9.476868,9.752644,9.821461,9.907425,9.821461,9.580376,9.528633,9.425079,9.442345,9.425079,9.494129,9.442345,9.545887,9.545887,9.528633,9.563126,9.545887,9.683773,9.494129,9.494129,9.528633,9.597610,9.649315,9.580376,9.597610,9.494129,9.407806,9.425079,9.373260,9.442345,9.511379,9.494129,9.476868,9.390537,9.338692,9.304119,9.200333,9.148392,9.183022,9.217640,9.597610,9.958965,10.079128,9.821461,9.614849,9.545887,9.597610,9.476868,9.459610,9.476868,9.528633,9.528633,9.459610,9.252239,9.183022,8.975086,8.957737,8.923035,8.836220,8.888317,8.870953,8.801476,8.662369,8.714558,8.731949,8.697163,8.766716,8.731949,8.627563,8.662369,8.644970,8.697163,8.697163,8.784096,8.731949,8.818848,8.749332,9.044441,9.321407,9.425079,9.338692,8.975086,8.818848,8.923035,8.836220,8.853588,8.975086,8.905678,9.061775,9.131081,9.096436,8.992432,9.044441,9.096436,9.165710,9.217640,9.217640,9.131081,9.148392,9.096436,9.131081,8.992432,9.079109,9.304119,9.355976,9.338692,9.355976,9.113758,8.957737,8.940388,8.923035,8.801476,8.714558,8.784096,8.766716,8.766716,8.801476,8.784096,8.697163,8.714558,8.488220,8.610161,8.662369,8.992432,9.269539,9.407806,9.131081,8.731949,8.575333,8.557915,8.505650,8.505650,8.610161,8.627563,8.679768,8.679768,8.679768,8.697163,8.853588,8.697163,8.818848,8.784096,8.818848,8.801476,8.818848,8.731949,8.714558,8.766716,8.731949,8.766716,8.818848,8.801476,8.801476,8.923035,8.992432,9.113758,9.027115,8.975086,8.905678,8.905678,8.905678,9.044441,9.338692,9.459610,9.304119,8.975086,8.540497,8.488220,8.488220,8.523075,8.592743,8.627563,8.610161,8.662369,8.627563,8.801476,8.870953,8.905678,8.870953,8.801476,8.853588,9.044441,9.528633,9.511379,9.304119,8.957737,8.905678,8.853588,8.870953,8.923035,8.992432,9.079109,9.027115,8.853588,8.957737,8.905678,8.870953,8.923035,8.801476,8.836220,8.731949,8.870953,8.801476,8.731949,8.784096,8.749332,8.784096,8.714558,8.697163,8.644970,8.627563,8.714558,8.644970,8.731949,8.644970,8.557915,8.523075,8.592743,8.627563,8.575333,8.714558,8.853588,8.853588,8.662369,8.627563,8.557915,8.488220,8.505650,8.575333,8.923035,9.200333,9.390537,9.234943,8.905678,8.836220,8.714558,8.749332,8.766716,8.784096,8.836220,8.714558,8.714558,8.644970,8.627563,8.697163,8.662369,8.731949,8.714558,8.749332,8.714558,8.697163,8.662369,8.644970,8.749332,8.644970,8.784096,8.662369,8.627563,8.784096,8.662369,8.662369,8.662369,8.644970,8.644970,8.714558,8.627563,8.888317,8.818848,8.905678,8.957737,9.061775,8.870953,8.749332,8.679768,8.662369,8.697163,8.662369,8.697163,8.697163,8.592743,8.697163,8.627563,8.679768,8.575333,8.627563,8.505650,8.523075,8.557915,8.575333,8.557915,8.418476,8.575333,8.644970,8.731949,8.784096,8.697163,8.540497,8.627563,8.592743,8.505650,8.592743,8.627563,8.470791,8.592743,8.505650,8.557915,8.592743,8.505650,8.523075,8.470791,8.488220,8.453358,8.453358,8.366138,8.313774,8.086544,8.016525,8.034035,7.999016,8.069046,7.946465,7.981499,7.806187,7.753536,7.806187,7.806187,7.735977,7.683289,7.665718,7.665718,7.454662,7.542656,7.542656,7.683289,7.612995,7.489868,7.172585,6.942829,6.783474,6.783474,6.517342,6.446259,6.268349,6.268349,6.250534,6.250534,6.286148,6.232731,6.179276,6.143627,6.090134,5.858009,5.589546,5.571625,5.140610,5.068611,4.852314,4.798172,4.780113,4.545155,4.490860,4.418427,4.364071,4.200836,4.273415,4.200836,4.146374,4.001003,4.037365,4.019184,4.037365,3.964630,4.019184,4.055538,3.964630,4.128212,4.037365,4.037365,4.037365,4.073711,4.001003,4.037365,4.110050,4.599422,4.996559,5.446091,5.481972,5.553699,5.768597,5.947346,5.911625,6.018761,5.875885,5.750706,5.750706,5.481972,5.338371,5.194580,5.014572,4.852314,4.617508,4.418427,4.345943,4.091881,4.019184,3.819023,3.746143,3.600243,3.545483,3.271278,3.289577,3.069763,3.033081,2.959694,2.757618,2.831142,2.757618,2.684044,2.536758,2.555180,2.370834,2.536758,
8.348686,8.366138,8.383591,8.313774,8.331230,8.104042,7.963982,8.034035,8.034035,8.121536,7.999016,8.069046,8.139027,8.226437,8.261383,8.313774,8.383591,8.575333,8.679768,8.627563,8.261383,8.366138,8.313774,8.453358,8.383591,8.435913,8.401035,8.366138,8.453358,8.540497,8.470791,8.679768,8.575333,8.610161,8.523075,8.905678,8.940388,8.923035,8.505650,8.069046,8.016525,7.858810,7.911411,7.893879,7.718422,7.858810,7.893879,7.911411,7.735977,7.841270,8.069046,8.069046,8.034035,8.051544,8.051544,7.858810,7.753536,7.665718,7.700855,7.771088,7.876347,7.858810,7.893879,7.771088,7.753536,7.981499,7.928940,7.999016,7.911411,8.191483,8.470791,8.836220,8.731949,8.766716,8.383591,8.156513,8.139027,8.174004,8.261383,8.453358,8.313774,8.331230,8.383591,8.435913,8.470791,8.453358,8.488220,8.610161,8.453358,8.610161,8.523075,8.523075,8.644970,8.644970,8.523075,8.610161,8.697163,8.766716,8.818848,8.836220,8.801476,8.870953,8.870953,8.784096,8.801476,8.888317,8.957737,9.061775,9.131081,9.269539,9.321407,9.096436,9.113758,9.079109,9.027115,9.027115,9.061775,9.096436,9.183022,9.096436,9.113758,9.079109,9.252239,9.252239,9.390537,9.321407,9.425079,9.304119,9.234943,9.044441,9.131081,8.923035,9.009773,8.923035,8.836220,8.975086,8.957737,9.027115,8.940388,8.836220,8.975086,8.905678,8.992432,8.940388,9.061775,9.131081,9.200333,9.131081,9.217640,9.165710,9.252239,9.148392,9.148392,9.061775,9.217640,9.252239,9.217640,9.113758,9.079109,9.061775,9.131081,9.252239,9.511379,9.924606,9.958965,9.838661,9.373260,9.096436,9.009773,8.992432,9.148392,9.096436,8.870953,8.801476,8.766716,8.818848,8.870953,8.975086,8.957737,8.870953,8.818848,8.905678,8.888317,8.818848,8.853588,8.923035,8.923035,8.923035,8.836220,8.905678,8.801476,8.888317,8.870953,8.870953,8.801476,8.836220,8.905678,8.957737,9.165710,9.304119,9.632080,10.027649,10.027649,9.907425,9.545887,9.442345,9.494129,9.563126,9.511379,9.476868,9.511379,9.528633,9.563126,9.459610,9.528633,9.511379,9.407806,9.459610,9.494129,9.459610,9.494129,9.597610,9.494129,9.528633,9.528633,9.511379,9.442345,9.442345,9.494129,9.580376,9.614849,9.649315,9.683773,9.683773,9.666546,9.649315,9.769852,9.804260,9.924606,10.027649,9.941792,9.924606,9.924606,9.907425,9.855862,9.787056,9.752644,9.787056,9.752644,9.873051,9.993317,10.010487,9.821461,9.907425,9.855862,9.855862,9.735428,9.838661,10.199139,10.267654,10.267654,10.164867,10.061974,9.976139,9.958965,9.907425,9.907425,9.890244,9.821461,9.666546,9.769852,9.632080,9.528633,9.355976,9.286831,9.304119,9.338692,9.355976,9.217640,9.217640,9.131081,9.200333,9.252239,9.113758,9.148392,9.096436,9.009773,9.061775,8.975086,8.923035,8.975086,8.818848,8.923035,8.992432,9.009773,9.113758,9.494129,9.425079,9.442345,9.027115,8.749332,8.784096,8.714558,8.714558,8.714558,8.923035,8.957737,8.923035,8.870953,8.766716,8.905678,9.096436,9.096436,9.148392,9.096436,9.165710,9.217640,9.234943,9.079109,9.217640,9.286831,9.390537,9.286831,9.355976,9.373260,9.286831,9.200333,9.113758,9.009773,9.079109,9.131081,9.165710,9.217640,9.113758,9.355976,9.321407,9.269539,9.234943,8.992432,8.853588,8.801476,9.148392,9.321407,9.425079,9.252239,8.905678,8.957737,8.975086,8.975086,9.061775,9.009773,9.009773,9.096436,9.009773,9.009773,9.009773,9.079109,9.148392,9.096436,9.044441,9.061775,8.957737,8.940388,8.923035,8.992432,8.905678,8.957737,8.888317,8.888317,8.888317,8.923035,9.044441,9.131081,9.131081,9.079109,8.992432,8.818848,8.836220,8.888317,8.853588,9.355976,9.563126,9.338692,8.870953,8.627563,8.610161,8.592743,8.662369,8.557915,8.575333,8.627563,8.627563,8.523075,8.714558,8.731949,8.679768,8.644970,8.644970,8.679768,9.027115,9.425079,9.459610,9.286831,8.784096,8.697163,8.627563,8.644970,8.662369,8.610161,8.592743,8.679768,8.644970,8.731949,8.644970,8.766716,8.749332,8.697163,8.801476,8.801476,8.784096,8.801476,8.923035,8.836220,8.905678,8.975086,8.905678,8.905678,8.940388,8.905678,9.096436,9.096436,9.061775,9.009773,8.992432,9.061775,9.131081,9.165710,9.217640,9.286831,9.407806,9.321407,9.079109,9.113758,9.027115,8.697163,9.044441,9.009773,9.304119,9.286831,9.390537,9.321407,9.217640,9.131081,9.113758,9.165710,9.165710,9.148392,9.027115,9.061775,9.096436,9.183022,9.096436,8.888317,8.888317,8.940388,8.940388,8.870953,8.870953,8.836220,8.784096,8.766716,8.818848,8.836220,8.801476,8.818848,8.784096,8.801476,8.801476,8.731949,8.784096,8.679768,8.697163,8.784096,8.784096,8.784096,8.888317,9.096436,9.131081,9.113758,8.853588,8.870953,8.627563,8.627563,8.627563,8.714558,8.627563,8.662369,8.610161,8.662369,8.610161,8.610161,8.575333,8.575333,8.575333,8.679768,8.592743,8.470791,8.557915,8.627563,8.540497,8.540497,8.644970,8.575333,8.540497,8.610161,8.540497,8.610161,8.523075,8.557915,8.557915,8.679768,8.575333,8.505650,8.592743,8.679768,8.644970,8.679768,8.766716,8.731949,8.714558,8.679768,8.627563,8.418476,8.348686,8.296310,8.313774,8.191483,8.121536,8.156513,7.999016,7.981499,8.016525,7.981499,7.876347,7.946465,7.946465,7.858810,7.823730,7.841270,7.735977,7.911411,8.016525,8.034035,7.999016,7.683289,7.419441,7.190231,6.995895,6.854328,6.712570,6.659363,6.588379,6.535103,6.481804,6.606125,6.410706,6.392914,6.339550,6.357342,6.214916,6.072296,5.965206,5.965206,5.517838,5.481972,5.104614,4.906425,4.870358,4.707874,4.617508,4.454651,4.364071,4.273415,4.255280,4.364071,4.255280,4.146374,4.128212,4.110050,4.110050,4.073711,3.964630,4.037365,3.964630,4.055538,4.001003,4.055538,4.110050,3.964630,4.091881,4.073711,4.128212,4.327812,4.581333,4.780113,5.104614,5.338371,5.571625,5.768597,5.804367,5.732807,5.822250,5.893753,5.732807,5.571625,5.535770,5.428139,5.302444,5.140610,4.942490,4.743999,4.545155,4.527058,4.309685,4.128212,3.910049,3.800804,3.618496,3.362751,3.252968,3.289577,3.124756,3.014740,2.959694,2.812759,2.794388,2.702442,2.592014,2.536758,2.647240,
7.911411,7.911411,7.893879,7.858810,7.999016,7.999016,7.963982,7.893879,8.051544,8.034035,8.069046,7.999016,7.963982,7.999016,8.104042,8.121536,8.453358,8.627563,8.679768,8.592743,8.313774,8.261383,8.191483,8.174004,8.383591,8.435913,8.453358,8.505650,8.505650,8.453358,8.366138,8.435913,8.418476,8.505650,8.540497,8.610161,8.610161,8.662369,8.313774,8.278851,7.928940,7.928940,7.841270,7.981499,7.876347,7.841270,7.823730,7.893879,7.841270,7.858810,7.963982,8.121536,8.069046,8.034035,7.963982,7.963982,7.735977,7.806187,7.718422,7.735977,7.771088,7.823730,7.788635,7.806187,7.823730,7.823730,7.823730,7.858810,7.841270,7.999016,8.139027,8.557915,8.679768,8.627563,8.191483,7.946465,8.034035,8.069046,8.139027,8.261383,8.401035,8.348686,8.348686,8.418476,8.383591,8.453358,8.470791,8.331230,8.401035,8.523075,8.470791,8.418476,8.383591,8.418476,8.296310,8.383591,8.470791,8.523075,8.575333,8.557915,8.505650,8.523075,8.505650,8.523075,8.418476,8.470791,8.627563,8.923035,9.131081,9.183022,9.148392,8.836220,8.540497,8.592743,8.575333,8.610161,8.644970,8.644970,8.662369,8.749332,8.697163,8.784096,8.923035,9.096436,9.044441,9.061775,9.079109,9.113758,9.148392,9.234943,9.390537,9.252239,9.217640,9.044441,9.148392,9.096436,9.200333,9.183022,9.252239,9.148392,9.200333,9.200333,9.355976,9.338692,9.476868,9.683773,9.597610,9.528633,9.649315,9.683773,9.683773,9.597610,9.476868,9.614849,9.666546,9.735428,9.563126,9.545887,9.425079,9.425079,9.373260,9.580376,9.666546,9.958965,10.079128,9.958965,9.890244,9.563126,9.476868,9.390537,9.338692,9.269539,9.269539,9.304119,9.079109,9.252239,9.200333,9.183022,9.286831,9.234943,9.148392,9.183022,9.113758,9.009773,9.131081,9.148392,9.148392,9.269539,9.252239,9.131081,9.061775,9.027115,8.992432,9.061775,9.061775,8.992432,9.079109,9.165710,9.252239,9.476868,9.649315,10.079128,10.250530,9.958965,9.545887,9.476868,9.459610,9.390537,9.355976,9.286831,9.338692,9.269539,9.321407,9.113758,9.183022,9.234943,9.148392,9.165710,9.200333,9.183022,9.304119,9.217640,9.165710,9.183022,9.131081,9.269539,9.200333,9.252239,9.183022,9.269539,9.407806,9.407806,9.442345,9.425079,9.321407,9.390537,9.442345,9.597610,10.079128,10.182007,10.130581,10.044807,9.804260,9.804260,9.838661,9.838661,9.804260,9.838661,9.890244,9.924606,9.907425,10.044807,10.044807,10.147728,10.182007,10.199139,10.044807,10.250530,10.250530,10.336117,10.319000,10.301891,10.336117,10.353233,10.301891,10.284771,10.267654,10.319000,10.233398,10.233398,10.199139,10.216270,10.061974,10.061974,10.044807,9.958965,9.890244,9.924606,9.907425,9.769852,9.804260,9.821461,9.752644,9.821461,9.787056,9.821461,9.718216,9.735428,9.718216,9.666546,9.632080,9.666546,9.649315,9.614849,9.528633,9.666546,9.769852,9.787056,9.545887,9.079109,8.975086,9.027115,8.905678,8.801476,8.940388,9.096436,8.888317,8.905678,8.975086,8.940388,9.044441,9.009773,9.061775,9.027115,9.009773,9.061775,8.992432,9.079109,9.148392,9.131081,9.113758,9.234943,9.321407,9.338692,9.338692,9.321407,9.217640,9.096436,9.096436,9.096436,9.183022,9.061775,9.148392,9.338692,9.563126,9.700993,9.769852,9.373260,9.269539,9.148392,9.200333,9.217640,9.355976,9.425079,9.286831,9.321407,9.304119,9.373260,9.338692,9.407806,9.373260,9.390537,9.459610,9.407806,9.476868,9.545887,9.511379,9.545887,9.563126,9.459610,9.597610,9.407806,9.494129,9.666546,9.476868,9.494129,9.459610,9.459610,9.442345,9.407806,9.373260,9.425079,9.563126,9.494129,9.407806,9.252239,9.113758,8.940388,8.905678,9.061775,9.459610,9.597610,9.304119,8.940388,8.818848,8.836220,8.888317,8.801476,8.784096,8.679768,8.662369,8.679768,8.644970,8.784096,8.749332,8.679768,8.714558,8.714558,8.801476,9.061775,9.442345,9.476868,9.234943,8.853588,8.731949,8.575333,8.731949,8.697163,8.662369,8.662369,8.644970,8.749332,8.731949,8.679768,8.662369,8.714558,8.697163,8.714558,8.784096,8.749332,8.610161,8.679768,8.644970,8.714558,8.662369,8.714558,8.784096,8.853588,8.818848,8.923035,9.027115,9.027115,9.009773,8.940388,9.027115,8.923035,9.234943,9.269539,9.390537,9.390537,9.321407,9.061775,8.957737,8.836220,8.870953,9.009773,9.044441,9.061775,9.131081,9.131081,9.183022,9.183022,9.183022,9.200333,9.217640,9.321407,9.269539,9.269539,9.373260,9.511379,9.442345,9.321407,9.286831,9.252239,9.252239,9.304119,9.217640,9.200333,9.113758,9.252239,9.304119,9.217640,9.148392,9.131081,9.165710,9.165710,9.131081,9.096436,9.061775,9.009773,8.853588,8.888317,8.940388,8.940388,8.888317,9.044441,9.165710,9.200333,9.217640,9.096436,8.888317,8.766716,8.749332,8.801476,8.679768,8.662369,8.627563,8.644970,8.610161,8.627563,8.592743,8.523075,8.505650,8.453358,8.488220,8.557915,8.453358,8.505650,8.505650,8.505650,8.366138,8.488220,8.523075,8.453358,8.383591,8.435913,8.435913,8.453358,8.401035,8.401035,8.488220,8.470791,8.401035,8.383591,8.505650,8.592743,8.731949,8.784096,8.714558,8.697163,8.592743,8.523075,8.313774,8.296310,8.156513,8.139027,8.191483,8.104042,8.121536,8.104042,8.086544,8.191483,8.086544,8.121536,8.121536,7.963982,8.016525,7.911411,7.928940,7.928940,8.051544,7.981499,7.946465,7.999016,7.876347,7.683289,7.489868,7.313717,7.084278,7.101940,6.942829,6.854328,6.801193,6.694839,6.641617,6.464035,6.499577,6.428486,6.446259,6.250534,6.161457,6.232731,6.179276,6.036610,5.893753,5.679108,5.374290,5.194580,4.996559,4.852314,4.707874,4.635590,4.617508,4.436539,4.327812,4.309685,4.237133,4.345943,4.200836,4.146374,4.110050,4.037365,4.128212,4.001003,4.110050,4.037365,4.091881,3.982819,4.037365,4.001003,4.128212,4.073711,4.110050,4.073711,4.128212,4.345943,4.545155,4.888393,4.960514,5.517838,5.535770,5.553699,5.625381,5.714912,5.822250,5.840134,5.750706,5.661201,5.553699,5.392242,5.248528,5.122616,4.924461,4.707874,4.545155,4.273415,4.110050,3.982819,3.764370,3.746143,3.691456,3.527222,3.271278,3.143085,2.959694,3.014740,2.849514,2.776005,2.776005,2.684044,
7.665718,7.683289,7.630577,7.595413,7.753536,7.735977,7.771088,7.806187,7.700855,7.806187,7.806187,7.788635,7.771088,7.911411,8.016525,8.051544,8.401035,8.697163,8.836220,8.644970,8.226437,8.104042,8.034035,8.174004,8.243912,8.208961,8.208961,8.278851,8.086544,8.226437,8.034035,8.086544,8.069046,8.069046,8.121536,8.121536,8.191483,8.191483,8.086544,7.893879,7.753536,7.911411,7.841270,7.858810,7.876347,7.753536,7.911411,7.806187,7.981499,7.946465,8.069046,8.208961,8.261383,8.331230,8.156513,7.981499,7.876347,7.963982,7.841270,7.893879,7.858810,7.858810,7.893879,7.858810,7.858810,7.788635,7.823730,7.858810,7.876347,7.893879,7.981499,8.208961,8.331230,8.523075,8.104042,8.104042,8.121536,8.139027,8.226437,8.261383,8.453358,8.383591,8.418476,8.470791,8.488220,8.523075,8.488220,8.488220,8.557915,8.592743,8.505650,8.348686,8.435913,8.313774,8.401035,8.470791,8.453358,8.366138,8.523075,8.366138,8.505650,8.470791,8.470791,8.366138,8.505650,8.331230,8.435913,8.697163,9.044441,9.009773,9.148392,8.766716,8.348686,8.348686,8.418476,8.331230,8.243912,8.366138,8.313774,8.401035,8.278851,8.278851,8.348686,8.366138,8.418476,8.470791,8.435913,8.540497,8.766716,8.853588,8.853588,8.818848,8.818848,8.853588,8.836220,8.818848,8.870953,8.940388,8.923035,8.992432,8.940388,8.957737,9.009773,9.269539,9.545887,9.666546,9.718216,9.528633,9.494129,9.476868,9.373260,9.476868,9.459610,9.511379,9.528633,9.494129,9.528633,9.614849,9.614849,9.597610,9.700993,9.804260,9.769852,9.821461,9.873051,9.855862,9.804260,9.838661,9.769852,9.700993,9.649315,9.700993,9.769852,9.735428,9.787056,9.700993,9.804260,9.804260,9.821461,9.838661,9.821461,9.855862,9.821461,9.666546,9.718216,9.649315,9.666546,9.769852,9.769852,9.545887,9.649315,9.563126,9.511379,9.597610,9.494129,9.476868,9.442345,9.338692,9.459610,9.545887,9.941792,10.199139,10.216270,9.976139,9.580376,9.390537,9.407806,9.286831,9.304119,9.338692,9.373260,9.269539,9.200333,9.096436,9.165710,9.096436,9.165710,9.148392,9.183022,9.200333,9.131081,9.113758,9.079109,9.183022,9.183022,9.113758,9.131081,9.200333,9.183022,9.321407,9.373260,9.459610,9.304119,9.304119,9.321407,9.252239,9.234943,9.425079,9.941792,10.130581,10.233398,10.079128,9.649315,9.545887,9.459610,9.390537,9.407806,9.442345,9.494129,9.494129,9.563126,9.511379,9.838661,9.821461,9.855862,9.873051,9.941792,9.976139,10.010487,9.941792,10.044807,10.061974,10.096279,10.113426,10.079128,10.130581,10.010487,10.199139,10.216270,10.199139,10.250530,10.164867,10.199139,10.113426,10.113426,10.130581,10.096279,10.182007,10.182007,10.113426,10.061974,9.958965,9.958965,9.993317,9.976139,9.890244,9.907425,9.993317,10.044807,10.079128,10.027649,9.976139,10.044807,10.044807,9.941792,9.976139,9.941792,9.993317,9.976139,9.476868,9.442345,9.390537,9.338692,9.234943,9.286831,9.304119,9.390537,9.200333,9.286831,9.217640,9.183022,9.148392,9.183022,9.113758,9.183022,9.200333,9.183022,9.321407,9.269539,9.234943,9.234943,9.183022,9.304119,9.269539,9.165710,9.148392,9.061775,9.079109,9.079109,9.061775,9.061775,9.009773,9.044441,9.165710,9.528633,9.958965,9.958965,9.563126,9.373260,9.113758,9.269539,9.304119,9.304119,9.217640,9.200333,9.304119,9.252239,9.252239,9.217640,9.200333,9.304119,9.217640,9.165710,9.234943,9.355976,9.390537,9.425079,9.407806,9.407806,9.373260,9.407806,9.286831,9.459610,9.355976,9.494129,9.511379,9.528633,9.511379,9.649315,9.649315,9.718216,9.752644,9.804260,9.873051,9.787056,9.614849,9.563126,9.476868,9.442345,9.494129,9.597610,9.614849,9.511379,9.390537,9.304119,9.355976,9.425079,9.286831,9.165710,9.096436,9.079109,9.148392,8.975086,8.992432,9.009773,9.027115,8.818848,9.009773,9.027115,9.286831,9.528633,9.442345,9.148392,9.027115,9.009773,8.957737,9.009773,9.044441,8.992432,8.940388,8.888317,8.853588,8.923035,8.870953,8.818848,8.784096,8.801476,8.749332,8.766716,8.749332,8.731949,8.697163,8.749332,8.766716,8.801476,8.853588,8.853588,8.801476,8.888317,8.870953,8.870953,8.905678,8.766716,8.679768,8.714558,8.575333,8.836220,9.286831,9.234943,9.304119,8.940388,8.523075,8.296310,8.174004,8.243912,8.313774,8.453358,8.453358,8.679768,8.610161,8.784096,8.784096,8.714558,8.749332,8.836220,8.905678,9.027115,9.183022,9.269539,9.373260,9.269539,9.234943,9.217640,9.148392,9.165710,9.252239,9.183022,9.304119,9.321407,9.425079,9.373260,9.355976,9.304119,9.407806,9.407806,9.390537,9.442345,9.338692,9.321407,9.252239,9.338692,9.200333,9.200333,8.992432,9.061775,9.148392,9.252239,9.304119,9.269539,9.148392,9.009773,8.923035,8.923035,8.784096,8.784096,8.766716,8.714558,8.749332,8.644970,8.749332,8.557915,8.627563,8.540497,8.540497,8.540497,8.470791,8.505650,8.470791,8.488220,8.488220,8.418476,8.470791,8.383591,8.366138,8.296310,8.435913,8.488220,8.418476,8.383591,8.383591,8.383591,8.296310,8.366138,8.296310,8.418476,8.662369,8.818848,8.749332,8.714558,8.453358,8.174004,8.086544,7.946465,7.858810,7.771088,7.823730,7.841270,7.841270,7.911411,7.946465,8.016525,7.963982,8.034035,8.051544,8.069046,8.016525,7.999016,7.963982,7.911411,8.034035,7.981499,8.034035,7.981499,7.928940,7.893879,7.823730,7.718422,7.683289,7.648148,7.683289,7.489868,7.348972,7.190231,7.084278,6.818905,6.712570,6.677101,6.588379,6.552864,6.428486,6.392914,6.392914,6.303955,6.197094,6.161457,6.054455,5.947346,5.750706,5.553699,5.284477,4.960514,4.960514,4.834267,4.707874,4.599422,4.545155,4.418427,4.382195,4.327812,4.200836,4.309685,4.164528,4.128212,4.091881,4.091881,4.128212,4.055538,4.055538,3.982819,4.110050,4.055538,3.982819,4.091881,4.218987,4.182686,4.019184,4.091881,4.237133,4.418427,4.653660,4.798172,4.960514,5.464031,5.607468,5.553699,5.786484,6.018761,5.804367,5.750706,5.643291,5.625381,5.571625,5.302444,5.212570,4.960514,4.653660,4.472755,4.345943,4.110050,3.928246,3.873646,3.636738,3.618496,3.454159,3.289577,3.179726,3.106426,2.959694,2.812759,2.959694,
7.876347,7.893879,7.893879,7.928940,7.893879,7.963982,7.893879,7.911411,7.946465,7.858810,7.981499,7.981499,7.946465,7.999016,8.191483,8.453358,8.557915,8.905678,8.975086,8.818848,8.331230,7.981499,7.928940,7.981499,8.034035,8.016525,8.051544,7.911411,7.753536,7.788635,7.648148,7.665718,7.700855,7.630577,7.771088,7.665718,7.753536,7.858810,7.876347,7.876347,7.788635,7.753536,7.753536,7.735977,7.858810,7.630577,7.718422,7.665718,7.683289,7.718422,7.876347,8.086544,8.296310,8.348686,8.226437,7.823730,7.665718,7.507469,7.384212,7.507469,7.472267,7.454662,7.525059,7.630577,7.489868,7.648148,7.542656,7.560242,7.683289,7.753536,7.718422,7.771088,7.771088,7.823730,7.823730,7.823730,7.946465,8.016525,8.086544,8.139027,8.366138,8.383591,8.488220,8.523075,8.575333,8.662369,8.575333,8.818848,8.836220,8.975086,8.888317,8.784096,8.714558,8.610161,8.575333,8.540497,8.627563,8.592743,8.453358,8.488220,8.505650,8.453358,8.401035,8.418476,8.366138,8.470791,8.418476,8.627563,8.975086,8.923035,8.940388,8.766716,8.470791,8.401035,8.348686,8.383591,8.366138,8.313774,8.331230,8.208961,8.278851,8.226437,8.261383,8.278851,8.418476,8.261383,8.331230,8.313774,8.383591,8.470791,8.575333,8.697163,8.627563,8.714558,8.697163,8.488220,8.592743,8.540497,8.575333,8.505650,8.627563,8.540497,8.435913,8.766716,9.269539,9.563126,9.511379,9.096436,8.766716,8.766716,8.801476,8.853588,8.923035,8.957737,9.009773,8.992432,9.061775,9.061775,9.200333,9.200333,9.286831,9.217640,9.269539,9.286831,9.355976,9.286831,9.217640,9.269539,9.269539,9.200333,9.217640,9.252239,9.390537,9.459610,9.373260,9.476868,9.580376,9.614849,9.769852,9.855862,9.890244,10.044807,10.027649,10.061974,9.941792,9.804260,9.873051,9.907425,9.821461,9.769852,9.787056,9.804260,9.873051,9.907425,9.838661,9.907425,9.804260,9.683773,9.924606,9.924606,9.958965,10.164867,10.044807,9.993317,9.597610,9.425079,9.494129,9.545887,9.442345,9.511379,9.425079,9.511379,9.321407,9.200333,9.183022,9.200333,9.148392,9.234943,9.165710,9.165710,9.113758,9.148392,9.183022,9.217640,9.165710,9.061775,9.096436,9.061775,9.200333,9.373260,9.459610,9.407806,9.338692,9.234943,9.234943,9.252239,9.217640,9.390537,9.838661,10.147728,10.079128,10.061974,9.614849,9.390537,9.355976,9.373260,9.355976,9.355976,9.425079,9.442345,9.407806,9.390537,9.476868,9.580376,9.563126,9.563126,9.649315,9.649315,9.528633,9.545887,9.614849,9.614849,9.632080,9.683773,9.597610,9.700993,9.700993,9.804260,9.855862,9.855862,9.769852,9.718216,9.597610,9.700993,9.683773,9.683773,9.718216,10.130581,10.044807,9.993317,9.700993,9.563126,9.442345,9.494129,9.528633,9.545887,9.511379,9.632080,9.735428,9.787056,9.890244,9.855862,9.769852,9.838661,9.804260,9.838661,9.890244,9.890244,9.855862,9.700993,9.597610,9.649315,9.666546,9.563126,9.632080,9.614849,9.718216,9.821461,9.632080,9.718216,9.683773,9.700993,9.649315,9.666546,9.580376,9.718216,9.804260,9.873051,9.873051,9.735428,9.804260,9.683773,9.545887,9.545887,9.476868,9.442345,9.597610,9.338692,9.338692,9.286831,9.269539,9.217640,9.252239,9.338692,9.787056,10.044807,10.199139,9.958965,9.700993,9.545887,9.476868,9.355976,9.373260,9.321407,9.390537,9.373260,9.390537,9.304119,9.252239,9.304119,9.304119,9.286831,9.252239,9.304119,9.338692,9.442345,9.511379,9.442345,9.425079,9.286831,9.252239,9.252239,9.217640,9.286831,9.269539,9.321407,9.286831,9.234943,9.304119,9.286831,9.355976,9.494129,9.804260,9.941792,10.027649,9.890244,9.787056,9.476868,9.597610,9.494129,9.476868,9.528633,9.494129,9.528633,9.459610,9.459610,9.442345,9.459610,9.355976,9.304119,9.425079,9.476868,9.269539,9.183022,9.234943,9.234943,9.200333,9.269539,9.286831,9.407806,9.355976,9.390537,9.338692,9.373260,9.476868,9.476868,9.338692,9.373260,9.442345,9.373260,9.459610,9.545887,9.476868,9.494129,9.425079,9.304119,9.355976,9.183022,9.200333,9.148392,9.061775,9.148392,9.113758,9.131081,9.148392,9.113758,9.061775,9.079109,9.061775,9.044441,8.957737,8.923035,8.905678,8.836220,8.749332,8.749332,8.853588,9.200333,9.321407,9.304119,8.888317,8.348686,8.191483,8.191483,8.296310,8.156513,8.208961,8.261383,8.226437,8.191483,8.226437,8.174004,8.156513,8.296310,8.348686,8.453358,8.401035,8.679768,9.131081,9.165710,9.165710,8.749332,8.575333,8.627563,8.592743,8.644970,8.836220,9.027115,9.079109,9.044441,9.183022,9.096436,9.131081,9.148392,9.234943,9.252239,9.200333,9.234943,9.200333,9.217640,9.200333,9.113758,9.096436,9.131081,9.217640,9.252239,9.269539,9.252239,9.217640,9.200333,9.165710,9.079109,9.148392,9.061775,9.096436,9.009773,9.027115,9.113758,8.992432,8.940388,8.853588,8.766716,8.749332,8.540497,8.627563,8.644970,8.557915,8.575333,8.523075,8.453358,8.557915,8.505650,8.557915,8.523075,8.523075,8.540497,8.592743,8.470791,8.523075,8.662369,8.627563,8.610161,8.505650,8.540497,8.697163,8.836220,8.853588,8.801476,8.662369,8.243912,7.946465,7.893879,7.771088,7.683289,7.735977,7.718422,7.700855,7.735977,7.735977,7.665718,7.735977,7.718422,7.771088,7.700855,7.788635,7.858810,7.823730,7.735977,7.735977,7.683289,7.735977,7.823730,7.823730,7.823730,7.771088,7.806187,7.735977,7.700855,7.823730,7.771088,7.683289,7.630577,7.560242,7.472267,7.225533,7.066605,6.978207,6.907440,6.748028,6.606125,6.606125,6.481804,6.446259,6.392914,6.410706,6.303955,6.232731,6.143627,6.054455,5.858009,5.589546,5.392242,5.104614,5.068611,4.834267,4.780113,4.653660,4.545155,4.508957,4.400314,4.472755,4.400314,4.382195,4.255280,4.182686,4.164528,4.110050,4.128212,4.128212,4.055538,4.091881,4.091881,4.091881,4.128212,4.055538,4.001003,4.037365,4.146374,4.146374,4.182686,4.200836,4.599422,4.798172,5.140610,5.320412,5.607468,5.750706,5.697014,5.875885,5.893753,6.054455,5.983063,5.732807,5.481972,5.266499,5.140610,4.924461,4.725941,4.563248,4.273415,4.182686,4.055538,3.891846,3.746143,3.618496,3.472427,3.381042,3.234665,3.088097,3.069763,
8.348686,8.435913,8.383591,8.401035,8.366138,8.435913,8.435913,8.401035,8.523075,8.418476,8.575333,8.557915,8.714558,8.627563,8.784096,8.853588,9.009773,9.165710,9.183022,8.940388,8.505650,8.156513,7.928940,7.963982,7.999016,7.999016,8.051544,7.823730,7.893879,7.823730,7.718422,7.630577,7.630577,7.700855,7.630577,7.665718,7.806187,7.788635,7.806187,7.771088,7.911411,7.788635,7.788635,7.771088,7.665718,7.630577,7.665718,7.683289,7.595413,7.683289,7.753536,7.858810,8.435913,8.418476,8.121536,7.577831,7.454662,7.366592,7.401833,7.384212,7.331345,7.278450,7.260815,7.331345,7.366592,7.419441,7.454662,7.472267,7.437057,7.437057,7.454662,7.507469,7.489868,7.507469,7.577831,7.577831,7.577831,7.612995,7.665718,7.753536,7.858810,7.788635,7.946465,8.104042,8.121536,8.523075,8.644970,8.801476,8.905678,9.079109,8.992432,8.818848,8.644970,8.662369,8.662369,8.801476,8.714558,8.731949,8.540497,8.557915,8.470791,8.470791,8.453358,8.366138,8.401035,8.383591,8.453358,8.592743,8.662369,8.731949,8.801476,8.644970,8.453358,8.470791,8.505650,8.418476,8.331230,8.453358,8.348686,8.331230,8.243912,8.174004,8.296310,8.296310,8.418476,8.418476,8.383591,8.366138,8.488220,8.470791,8.540497,8.592743,8.679768,8.575333,8.662369,8.540497,8.610161,8.488220,8.505650,8.488220,8.523075,8.470791,8.488220,8.644970,9.079109,9.390537,9.338692,9.113758,8.610161,8.557915,8.523075,8.592743,8.540497,8.662369,8.662369,8.731949,8.714558,8.610161,8.784096,8.679768,8.749332,8.610161,8.697163,8.731949,8.679768,8.749332,8.697163,8.662369,8.575333,8.592743,8.644970,8.627563,8.697163,8.801476,8.818848,8.853588,8.870953,8.992432,9.131081,9.183022,9.217640,9.873051,9.821461,9.890244,9.580376,9.425079,9.459610,9.373260,9.252239,9.252239,9.217640,9.355976,9.390537,9.407806,9.494129,9.873051,9.632080,9.718216,9.787056,9.855862,9.769852,10.027649,9.907425,9.838661,9.545887,9.494129,9.563126,9.459610,9.494129,9.580376,9.597610,9.528633,9.494129,9.355976,9.459610,9.494129,9.459610,9.338692,9.476868,9.321407,9.407806,9.442345,9.286831,9.217640,9.200333,9.113758,9.061775,9.061775,9.269539,9.407806,9.234943,9.252239,9.269539,9.269539,9.234943,9.148392,9.183022,9.459610,9.838661,10.096279,10.113426,9.976139,9.597610,9.355976,9.304119,9.338692,9.373260,9.390537,9.373260,9.425079,9.407806,9.494129,9.580376,9.632080,9.666546,9.580376,9.597610,9.632080,9.580376,9.683773,9.614849,9.597610,9.563126,9.563126,9.580376,9.528633,9.597610,9.769852,9.855862,9.821461,9.718216,9.614849,9.563126,9.545887,9.459610,9.494129,9.597610,10.010487,10.079128,9.993317,9.425079,9.009773,8.714558,8.766716,8.784096,8.818848,8.975086,9.165710,9.200333,9.355976,9.286831,9.304119,9.217640,9.338692,9.355976,9.217640,9.304119,9.321407,9.269539,9.183022,9.183022,9.234943,9.269539,9.200333,9.183022,9.304119,9.494129,9.597610,9.632080,9.718216,9.649315,9.804260,9.787056,9.804260,9.649315,9.787056,10.199139,10.284771,10.301891,10.233398,10.216270,10.096279,10.044807,10.147728,10.027649,10.061974,10.061974,10.027649,10.027649,9.941792,10.027649,9.907425,9.855862,9.873051,10.010487,10.250530,10.319000,10.182007,10.147728,10.096279,9.976139,9.821461,9.769852,9.821461,9.804260,9.821461,9.769852,9.683773,9.632080,9.632080,9.528633,9.563126,9.632080,9.494129,9.700993,9.683773,9.683773,9.735428,9.666546,9.528633,9.321407,9.338692,9.304119,9.355976,9.373260,9.286831,9.269539,9.252239,9.321407,9.338692,9.373260,9.494129,9.804260,10.130581,10.182007,9.855862,9.442345,9.321407,9.148392,9.079109,9.044441,9.079109,9.096436,9.131081,9.113758,9.113758,9.252239,9.200333,9.338692,9.321407,9.425079,9.304119,9.217640,9.183022,9.183022,9.148392,9.217640,9.113758,9.079109,9.113758,9.234943,9.183022,9.355976,9.407806,9.476868,9.425079,9.442345,9.563126,9.528633,9.511379,9.563126,9.769852,9.838661,9.821461,9.735428,9.563126,9.597610,9.700993,9.545887,9.649315,9.580376,9.563126,9.649315,9.700993,9.769852,9.718216,9.700993,9.632080,9.597610,9.425079,9.407806,9.321407,9.304119,9.183022,8.975086,8.992432,9.131081,9.286831,9.304119,9.321407,8.853588,8.383591,8.331230,8.243912,8.139027,8.226437,8.191483,8.243912,8.243912,8.278851,8.296310,8.296310,8.331230,8.348686,8.366138,8.243912,8.243912,8.627563,9.131081,9.113758,8.992432,8.505650,8.313774,8.296310,8.348686,8.348686,8.418476,8.540497,8.610161,8.557915,8.610161,8.505650,8.644970,8.662369,8.679768,8.644970,8.610161,8.627563,8.592743,8.575333,8.610161,8.662369,8.644970,8.801476,8.940388,8.992432,8.992432,9.044441,9.027115,9.096436,8.957737,9.027115,8.940388,8.905678,9.009773,9.096436,9.096436,9.096436,8.905678,8.923035,8.818848,8.714558,8.627563,8.627563,8.557915,8.592743,8.679768,8.575333,8.610161,8.540497,8.557915,8.592743,8.575333,8.679768,8.731949,8.888317,8.940388,8.870953,8.853588,8.992432,8.905678,8.749332,8.766716,8.766716,8.818848,8.888317,8.905678,8.905678,8.523075,8.034035,7.876347,7.858810,7.700855,7.753536,7.858810,7.788635,7.823730,7.876347,7.858810,7.753536,7.788635,7.753536,7.771088,7.735977,7.718422,7.648148,7.665718,7.648148,7.665718,7.648148,7.718422,7.648148,7.630577,7.648148,7.630577,7.683289,7.630577,7.665718,7.665718,7.648148,7.489868,7.525059,7.560242,7.612995,7.542656,7.525059,7.384212,7.207882,7.084278,6.872036,6.854328,6.694839,6.570625,6.588379,6.499577,6.339550,6.214916,6.357342,6.197094,6.107971,6.054455,6.036610,5.768597,5.589546,5.248528,5.050598,4.942490,4.816223,4.689812,4.635590,4.545155,4.563248,4.436539,4.291550,4.327812,4.273415,4.146374,4.182686,4.200836,4.073711,4.073711,4.055538,4.055538,3.964630,4.001003,4.037365,4.019184,3.928246,4.037365,3.982819,4.019184,4.019184,4.182686,4.400314,4.599422,5.104614,5.302444,5.302444,5.643291,5.858009,5.983063,5.875885,5.768597,5.750706,5.553699,5.428139,5.230549,5.050598,4.996559,4.816223,4.635590,4.382195,4.237133,4.091881,3.873646,3.891846,3.581997,3.472427,3.362751,3.252968,
8.418476,8.488220,8.679768,8.766716,8.801476,8.940388,8.923035,9.027115,9.009773,8.975086,9.027115,9.096436,9.061775,9.131081,9.183022,9.148392,9.234943,9.217640,9.286831,8.992432,8.836220,8.627563,8.383591,8.401035,8.331230,8.348686,8.348686,8.331230,8.086544,8.191483,7.981499,8.086544,7.928940,7.963982,8.156513,8.086544,8.226437,8.208961,8.296310,8.139027,8.261383,8.208961,8.139027,8.086544,8.051544,8.121536,8.121536,8.069046,7.771088,7.806187,7.946465,8.121536,8.540497,8.453358,8.348686,7.981499,7.928940,7.771088,7.771088,7.700855,7.700855,7.630577,7.577831,7.542656,7.525059,7.542656,7.560242,7.683289,7.577831,7.612995,7.735977,7.753536,7.718422,7.771088,7.700855,7.771088,7.700855,7.735977,7.753536,7.753536,7.823730,7.718422,7.788635,7.823730,7.823730,7.946465,7.981499,8.174004,8.644970,8.992432,8.975086,8.627563,8.383591,8.348686,8.435913,8.296310,8.226437,8.069046,8.139027,8.069046,8.121536,8.086544,8.174004,8.208961,8.139027,8.208961,8.191483,8.174004,8.331230,8.348686,8.470791,8.418476,8.383591,8.488220,8.453358,8.523075,8.575333,8.557915,8.523075,8.435913,8.313774,8.348686,8.348686,8.348686,8.592743,8.836220,8.853588,8.801476,8.784096,8.523075,8.557915,8.592743,8.679768,8.749332,8.766716,8.905678,8.870953,8.853588,8.801476,8.888317,8.836220,8.679768,8.749332,8.801476,9.200333,9.373260,9.511379,9.079109,8.610161,8.592743,8.575333,8.627563,8.557915,8.627563,8.540497,8.627563,8.557915,8.592743,8.557915,8.540497,8.575333,8.592743,8.505650,8.592743,8.627563,8.592743,8.697163,8.627563,8.540497,8.523075,8.488220,8.575333,8.662369,8.731949,8.575333,8.679768,8.731949,8.870953,8.905678,8.923035,9.009773,9.390537,9.649315,9.769852,9.183022,9.044441,9.061775,8.784096,8.731949,8.784096,8.818848,8.801476,8.888317,8.923035,8.957737,9.165710,9.165710,9.200333,9.148392,9.131081,9.183022,9.217640,9.338692,9.338692,9.355976,9.304119,9.269539,9.252239,9.407806,9.373260,9.545887,9.666546,9.528633,9.597610,9.511379,9.563126,9.597610,9.580376,9.735428,9.821461,9.769852,9.700993,9.442345,9.304119,9.390537,9.355976,9.304119,9.390537,9.442345,9.390537,9.355976,9.373260,9.494129,9.390537,9.390537,9.407806,9.425079,9.597610,9.821461,10.079128,10.044807,10.010487,9.666546,9.511379,9.597610,9.632080,9.476868,9.580376,9.735428,9.528633,9.511379,9.563126,9.700993,10.010487,9.907425,9.873051,9.855862,9.941792,9.993317,9.924606,9.958965,9.890244,9.804260,9.700993,9.649315,9.718216,9.769852,9.873051,9.804260,9.821461,9.718216,9.735428,9.683773,9.476868,9.528633,9.511379,9.614849,10.079128,10.079128,10.010487,9.442345,8.905678,8.662369,8.610161,8.592743,8.644970,8.888317,9.027115,9.165710,9.148392,9.079109,9.079109,8.992432,8.992432,8.888317,8.888317,8.905678,8.836220,8.853588,8.749332,8.784096,8.749332,8.679768,8.627563,8.679768,8.801476,8.888317,8.975086,8.940388,9.027115,9.009773,8.923035,8.992432,8.940388,8.940388,9.061775,10.027649,10.113426,10.199139,9.976139,9.752644,9.769852,9.907425,9.993317,9.958965,9.907425,9.907425,9.993317,9.907425,10.113426,10.233398,9.958965,10.199139,10.130581,10.096279,10.216270,10.216270,10.199139,10.216270,10.199139,10.250530,10.164867,10.164867,10.267654,10.250530,10.353233,10.199139,10.113426,10.182007,10.216270,10.061974,10.010487,10.079128,10.079128,10.130581,10.164867,10.130581,10.147728,10.079128,9.958965,9.787056,9.769852,9.752644,9.718216,9.735428,9.580376,9.580376,9.683773,9.597610,9.580376,9.683773,9.700993,10.233398,10.301891,10.353233,9.976139,9.269539,9.148392,9.131081,9.131081,9.165710,9.131081,9.096436,9.096436,9.079109,9.148392,9.217640,9.304119,9.338692,9.304119,9.217640,9.234943,9.096436,9.113758,9.079109,9.009773,9.079109,8.992432,8.923035,8.923035,8.905678,9.009773,9.148392,9.096436,8.975086,9.096436,9.131081,9.079109,9.131081,9.183022,9.234943,9.873051,9.907425,9.993317,9.666546,9.390537,9.442345,9.425079,9.459610,9.355976,9.511379,9.511379,9.563126,9.718216,9.735428,9.597610,9.666546,9.718216,9.649315,9.580376,9.511379,9.459610,9.459610,9.373260,9.096436,9.252239,9.304119,9.338692,9.390537,9.373260,8.975086,8.766716,8.592743,8.540497,8.418476,8.401035,8.435913,8.383591,8.418476,8.418476,8.505650,8.505650,8.401035,8.366138,8.261383,8.243912,8.401035,8.766716,9.148392,9.200333,8.905678,8.540497,8.331230,8.313774,8.261383,8.366138,8.383591,8.453358,8.348686,8.331230,8.488220,8.540497,8.540497,8.453358,8.505650,8.435913,8.470791,8.313774,8.313774,8.278851,8.383591,8.261383,8.401035,8.401035,8.505650,8.575333,8.697163,8.679768,8.766716,8.523075,8.435913,8.383591,8.453358,8.435913,8.627563,8.731949,8.888317,9.009773,8.923035,8.505650,8.401035,8.331230,8.313774,8.348686,8.296310,8.261383,8.278851,8.331230,8.418476,8.383591,8.331230,8.348686,8.418476,8.401035,8.523075,8.888317,8.957737,9.044441,8.957737,8.940388,8.923035,8.801476,8.870953,8.766716,8.749332,8.818848,8.784096,8.662369,8.610161,8.243912,8.121536,8.069046,8.121536,8.034035,8.156513,8.139027,8.086544,8.139027,8.121536,8.191483,8.086544,8.104042,7.928940,7.841270,7.893879,7.823730,7.841270,7.771088,7.735977,7.718422,7.700855,7.665718,7.718422,7.683289,7.665718,7.612995,7.577831,7.577831,7.472267,7.525059,7.472267,7.472267,7.401833,7.472267,7.665718,7.735977,7.788635,7.612995,7.348972,7.260815,7.137272,6.942829,6.942829,6.748028,6.694839,6.606125,6.481804,6.392914,6.339550,6.250534,6.321754,6.214916,6.143627,5.983063,5.911625,5.679108,5.535770,5.140610,5.050598,4.924461,4.870358,4.689812,4.617508,4.545155,4.490860,4.418427,4.309685,4.273415,4.345943,4.182686,4.128212,4.073711,4.091881,4.110050,4.019184,4.001003,4.019184,4.001003,3.946442,4.037365,3.946442,4.001003,4.037365,4.091881,4.091881,4.273415,4.490860,4.906425,5.266499,5.464031,5.732807,5.697014,5.875885,5.804367,5.858009,5.589546,5.535770,5.392242,5.248528,5.248528,5.086613,4.762062,4.653660,4.400314,4.273415,4.001003,4.110050,3.782589,3.691456,3.654976,
7.823730,7.963982,8.174004,8.383591,8.627563,8.679768,9.009773,8.975086,8.957737,8.697163,8.784096,8.853588,8.836220,8.975086,8.992432,9.027115,9.113758,9.217640,9.061775,9.044441,8.905678,8.957737,8.679768,8.610161,8.627563,8.784096,8.610161,8.627563,8.557915,8.540497,8.453358,8.348686,8.470791,8.540497,8.627563,8.731949,8.731949,8.731949,8.818848,8.853588,8.905678,8.766716,8.697163,8.697163,8.557915,8.627563,8.627563,8.610161,8.575333,8.366138,8.383591,8.540497,8.540497,8.714558,8.644970,8.575333,8.592743,8.557915,8.331230,8.401035,8.348686,8.331230,8.243912,8.174004,8.296310,8.296310,8.401035,8.331230,8.261383,8.261383,8.296310,8.313774,8.348686,8.348686,8.313774,8.243912,8.243912,8.174004,8.121536,8.174004,8.331230,8.139027,8.139027,8.051544,8.121536,8.156513,8.121536,8.051544,8.418476,8.975086,8.992432,8.644970,8.261383,8.121536,8.139027,8.191483,8.243912,8.104042,8.104042,8.139027,8.069046,8.104042,8.104042,8.139027,8.104042,8.086544,8.174004,8.139027,8.261383,8.366138,8.366138,8.313774,8.366138,8.435913,8.435913,8.488220,8.505650,8.453358,8.243912,8.243912,8.208961,8.086544,8.191483,8.208961,8.505650,9.009773,9.027115,8.957737,8.575333,8.331230,8.470791,8.610161,8.731949,8.697163,8.714558,8.801476,8.888317,8.888317,8.975086,8.905678,8.888317,8.940388,9.027115,9.079109,9.252239,9.269539,9.269539,9.217640,8.923035,8.836220,8.853588,8.766716,8.749332,8.905678,8.836220,8.766716,8.801476,8.766716,8.731949,8.801476,8.714558,8.870953,8.923035,8.870953,8.940388,8.975086,8.870953,8.818848,8.662369,8.679768,8.627563,8.714558,8.714558,8.714558,8.784096,8.801476,8.870953,8.836220,8.749332,8.731949,8.784096,9.442345,9.614849,9.804260,9.304119,8.818848,8.714558,8.627563,8.697163,8.610161,8.679768,8.610161,8.610161,8.731949,8.784096,8.975086,9.044441,9.079109,8.957737,8.940388,8.836220,8.957737,8.905678,8.957737,8.905678,8.853588,8.801476,8.888317,8.923035,8.888317,9.061775,9.183022,9.113758,9.183022,9.286831,9.165710,9.200333,9.200333,9.425079,9.718216,9.821461,9.649315,9.200333,9.079109,9.061775,8.992432,9.044441,9.044441,9.148392,9.027115,9.113758,9.131081,9.442345,9.511379,9.355976,9.597610,9.683773,9.752644,9.700993,9.752644,9.804260,9.787056,9.632080,9.597610,9.545887,9.563126,9.511379,9.597610,9.700993,9.769852,9.752644,9.873051,9.993317,10.130581,10.233398,10.233398,10.216270,10.284771,10.404537,10.421631,10.319000,10.301891,10.199139,10.079128,10.061974,10.079128,10.027649,9.976139,10.027649,9.993317,9.890244,9.838661,9.735428,9.735428,9.614849,9.649315,9.718216,10.164867,10.147728,10.027649,9.528633,9.131081,8.784096,8.836220,8.784096,8.870953,9.044441,9.061775,9.044441,9.044441,9.027115,9.061775,8.923035,8.836220,8.836220,8.801476,8.766716,8.784096,8.679768,8.662369,8.610161,8.557915,8.557915,8.540497,8.592743,8.679768,8.870953,8.853588,8.836220,8.749332,8.818848,8.784096,8.644970,8.592743,8.749332,8.905678,9.873051,10.216270,9.993317,9.511379,9.252239,9.286831,9.338692,9.390537,9.321407,9.355976,9.355976,9.476868,9.563126,9.580376,9.735428,9.787056,9.580376,9.666546,9.666546,9.924606,9.804260,9.787056,9.769852,9.838661,9.787056,9.924606,10.044807,9.976139,10.079128,10.164867,10.216270,10.096279,10.164867,10.267654,10.113426,10.079128,10.250530,10.216270,10.558300,10.592438,10.472908,10.404537,10.404537,10.404537,10.387436,10.336117,10.353233,10.319000,10.182007,10.233398,10.250530,10.233398,10.319000,10.199139,10.147728,10.267654,10.455822,10.387436,10.455822,10.216270,9.666546,9.597610,9.545887,9.528633,9.442345,9.442345,9.494129,9.425079,9.459610,9.511379,9.649315,9.597610,9.632080,9.355976,9.390537,9.321407,9.355976,9.407806,9.304119,9.252239,9.217640,9.148392,9.148392,9.217640,9.200333,9.234943,9.200333,9.044441,8.992432,8.923035,8.957737,8.992432,8.957737,9.009773,9.269539,10.027649,10.079128,9.890244,9.494129,9.217640,9.200333,9.061775,9.148392,9.183022,9.200333,9.217640,9.183022,9.234943,9.286831,9.286831,9.269539,9.373260,9.321407,9.234943,9.165710,9.200333,9.234943,9.113758,9.079109,8.975086,9.044441,9.096436,9.217640,9.183022,9.183022,9.061775,9.096436,8.957737,8.853588,8.905678,8.888317,8.888317,8.975086,9.044441,9.009773,8.923035,8.853588,8.923035,8.557915,8.731949,8.870953,9.183022,9.113758,9.113758,8.905678,8.627563,8.505650,8.435913,8.488220,8.523075,8.662369,8.592743,8.662369,8.592743,8.662369,8.575333,8.453358,8.470791,8.575333,8.523075,8.453358,8.435913,8.313774,8.331230,8.435913,8.348686,8.435913,8.435913,8.366138,8.418476,8.523075,8.523075,8.557915,8.383591,8.243912,8.261383,8.366138,8.348686,8.261383,8.313774,8.784096,8.818848,8.957737,8.401035,8.348686,8.226437,8.156513,8.191483,8.208961,8.104042,8.174004,8.156513,8.226437,8.086544,8.086544,8.208961,8.174004,8.243912,8.348686,8.662369,8.940388,8.957737,8.784096,8.627563,8.662369,8.523075,8.575333,8.627563,8.592743,8.575333,8.714558,8.575333,8.575333,8.435913,8.401035,8.331230,8.401035,8.523075,8.488220,8.540497,8.592743,8.592743,8.523075,8.470791,8.453358,8.523075,8.313774,8.243912,8.174004,8.156513,8.016525,8.016525,8.069046,7.999016,7.963982,7.928940,7.788635,7.771088,7.858810,7.841270,7.771088,7.665718,7.630577,7.542656,7.525059,7.542656,7.542656,7.507469,7.911411,7.806187,7.788635,7.630577,7.419441,7.401833,7.348972,7.225533,7.207882,7.031254,6.818905,6.748028,6.677101,6.588379,6.659363,6.535103,6.481804,6.446259,6.286148,6.214916,6.179276,6.000916,6.000916,5.714912,5.589546,5.266499,4.978535,4.960514,4.816223,4.725941,4.581333,4.545155,4.527058,4.327812,4.309685,4.218987,4.291550,4.182686,4.091881,4.073711,4.128212,4.128212,4.037365,3.982819,4.037365,3.946442,3.964630,3.964630,4.001003,3.982819,4.037365,4.019184,4.146374,4.255280,4.563248,4.743999,5.086613,5.320412,5.338371,5.499908,5.607468,5.625381,5.768597,5.714912,5.714912,5.535770,5.356339,5.140610,5.014572,4.798172,4.635590,4.527058,4.382195,4.182686,4.019184,3.982819,
7.507469,7.384212,7.595413,7.841270,7.876347,8.261383,8.401035,8.505650,8.453358,8.366138,8.296310,8.401035,8.418476,8.523075,8.575333,8.505650,8.331230,8.453358,8.401035,8.383591,8.505650,8.470791,8.453358,8.435913,8.418476,8.418476,8.366138,8.261383,8.243912,8.243912,8.261383,8.191483,8.121536,8.313774,8.488220,8.818848,9.009773,8.992432,8.870953,8.853588,8.836220,8.888317,8.731949,8.644970,8.766716,8.697163,8.644970,8.749332,8.679768,8.557915,8.610161,8.697163,8.662369,8.714558,8.697163,8.801476,8.766716,8.801476,8.714558,8.905678,8.818848,8.766716,8.818848,8.818848,8.870953,8.836220,8.888317,8.975086,8.731949,8.975086,9.027115,9.061775,9.148392,9.131081,9.027115,9.044441,9.165710,9.079109,9.131081,8.975086,9.027115,8.836220,8.749332,8.731949,8.592743,8.575333,8.470791,8.470791,8.610161,9.131081,9.183022,8.940388,8.557915,8.401035,8.331230,8.296310,8.174004,8.226437,8.296310,8.313774,8.296310,8.383591,8.435913,8.331230,8.348686,8.331230,8.366138,8.470791,8.644970,8.766716,8.697163,8.435913,8.453358,8.505650,8.592743,8.610161,8.505650,8.470791,8.366138,8.401035,8.278851,8.261383,8.313774,8.261383,8.540497,9.200333,9.234943,9.009773,8.714558,8.610161,8.505650,8.557915,8.540497,8.557915,8.523075,8.435913,8.610161,8.644970,8.818848,8.749332,8.731949,8.749332,8.662369,8.818848,8.905678,8.870953,8.940388,8.870953,8.766716,8.853588,8.766716,8.870953,8.905678,8.957737,8.957737,8.957737,8.940388,8.975086,8.923035,9.079109,8.975086,9.113758,9.148392,9.286831,9.234943,9.113758,8.992432,8.870953,8.957737,8.940388,8.836220,8.853588,8.923035,9.009773,9.009773,9.009773,8.975086,8.801476,9.113758,9.148392,9.200333,9.494129,9.580376,9.494129,9.269539,8.801476,8.749332,8.662369,8.662369,8.662369,8.679768,8.714558,8.697163,8.714558,8.818848,9.009773,9.061775,9.183022,9.027115,8.853588,8.957737,8.940388,8.940388,8.836220,8.836220,8.818848,8.818848,8.766716,8.662369,8.870953,8.975086,9.009773,8.940388,9.027115,8.957737,9.079109,8.975086,9.009773,9.009773,9.528633,9.563126,9.528633,9.027115,8.749332,8.627563,8.697163,8.644970,8.644970,8.697163,8.679768,8.749332,8.888317,9.061775,9.338692,9.407806,9.338692,9.580376,9.597610,9.597610,9.580376,9.563126,9.459610,9.200333,9.148392,9.079109,9.096436,9.027115,9.148392,9.442345,9.580376,9.545887,9.700993,9.769852,10.027649,10.199139,10.147728,10.147728,10.267654,10.421631,10.472908,10.507072,10.353233,10.216270,10.044807,10.061974,10.061974,9.993317,10.010487,10.027649,10.027649,10.027649,10.027649,9.958965,9.804260,9.907425,9.993317,10.027649,10.182007,10.164867,10.010487,9.718216,9.563126,9.511379,9.338692,9.304119,9.407806,9.442345,9.390537,9.286831,9.183022,9.217640,9.200333,9.061775,9.096436,8.905678,8.905678,8.940388,8.957737,8.888317,8.836220,8.731949,8.731949,8.731949,8.836220,8.853588,8.888317,8.923035,8.905678,8.853588,8.923035,8.888317,8.818848,8.784096,8.731949,8.749332,9.131081,10.061974,10.147728,9.958965,9.563126,9.304119,9.200333,9.234943,9.252239,9.269539,9.269539,9.304119,9.390537,9.355976,9.442345,9.407806,9.407806,9.390537,9.442345,9.476868,9.545887,9.563126,9.407806,9.442345,9.614849,9.563126,9.700993,9.735428,9.666546,9.735428,9.804260,9.907425,9.804260,9.855862,9.838661,9.700993,9.666546,9.718216,9.941792,10.455822,10.626560,10.592438,10.353233,10.319000,10.250530,10.319000,10.301891,10.250530,10.353233,10.353233,10.353233,10.455822,10.472908,10.472908,10.387436,10.455822,10.507072,10.626560,10.575371,10.455822,10.370338,10.147728,10.199139,10.113426,10.079128,10.182007,10.164867,10.096279,10.096279,10.199139,10.182007,10.267654,10.113426,10.130581,10.164867,10.113426,9.941792,10.027649,9.924606,9.855862,9.873051,9.804260,9.752644,9.718216,9.838661,9.838661,9.700993,9.666546,9.511379,9.390537,9.269539,9.217640,9.252239,9.252239,9.425079,9.597610,10.216270,10.301891,9.924606,9.632080,9.459610,9.373260,9.165710,9.252239,9.269539,9.217640,9.183022,9.113758,9.113758,9.027115,8.992432,8.975086,9.044441,8.975086,8.923035,8.923035,8.888317,8.905678,8.923035,8.888317,8.905678,8.975086,8.992432,9.165710,9.044441,9.027115,9.061775,9.113758,9.183022,9.252239,9.286831,9.373260,9.476868,9.700993,9.752644,9.666546,9.494129,9.390537,9.217640,8.957737,9.096436,9.165710,9.200333,9.165710,9.079109,9.027115,8.870953,8.836220,8.888317,8.940388,8.923035,8.923035,8.940388,8.853588,8.870953,8.853588,8.766716,8.749332,8.766716,8.818848,8.731949,8.801476,8.836220,8.731949,8.714558,8.697163,8.557915,8.575333,8.575333,8.644970,8.610161,8.644970,8.801476,8.662369,8.575333,8.488220,8.435913,8.523075,8.383591,8.348686,8.470791,8.888317,8.940388,8.818848,8.627563,8.488220,8.208961,8.278851,8.313774,8.208961,8.191483,8.243912,8.226437,8.191483,8.226437,8.104042,8.243912,8.139027,8.278851,8.243912,8.888317,9.044441,8.940388,8.627563,8.383591,8.226437,8.208961,8.261383,8.191483,8.139027,8.261383,8.348686,8.366138,8.435913,8.191483,8.278851,8.278851,8.383591,8.470791,8.627563,8.592743,8.575333,8.592743,8.644970,8.557915,8.662369,8.610161,8.523075,8.505650,8.470791,8.418476,8.435913,8.366138,8.313774,8.383591,8.226437,8.156513,8.261383,8.156513,8.191483,8.191483,8.051544,8.034035,7.893879,7.788635,7.683289,7.683289,7.648148,7.735977,8.121536,8.034035,7.946465,7.718422,7.612995,7.489868,7.507469,7.472267,7.472267,7.348972,7.207882,7.066605,7.031254,7.048931,6.925133,6.783474,6.694839,6.588379,6.499577,6.446259,6.464035,6.250534,6.268349,6.179276,6.054455,5.804367,5.535770,5.302444,5.194580,4.960514,4.888393,4.743999,4.707874,4.635590,4.472755,4.454651,4.382195,4.327812,4.255280,4.218987,4.146374,4.091881,4.146374,4.019184,4.073711,4.110050,4.091881,3.946442,3.910049,4.037365,4.091881,4.073711,4.128212,4.001003,4.128212,4.164528,4.454651,4.635590,4.798172,4.942490,5.086613,5.481972,5.607468,5.750706,5.875885,5.714912,5.553699,5.392242,5.266499,5.248528,5.248528,5.086613,4.870358,4.581333,4.635590,4.309685,
7.296085,7.243172,7.437057,7.648148,7.806187,7.911411,8.261383,8.366138,8.313774,8.313774,8.331230,8.261383,8.296310,8.243912,8.139027,8.086544,8.139027,8.121536,8.191483,8.139027,8.121536,8.086544,8.174004,8.051544,8.034035,8.156513,8.034035,8.034035,8.086544,8.034035,8.034035,8.034035,7.893879,8.016525,8.121536,8.575333,8.818848,8.801476,8.331230,8.313774,8.313774,8.156513,8.086544,8.121536,8.191483,8.034035,8.174004,8.156513,8.139027,8.243912,8.086544,8.174004,8.174004,8.243912,8.331230,8.278851,8.296310,8.331230,8.278851,8.296310,8.418476,8.383591,8.418476,8.453358,8.488220,8.644970,8.662369,8.697163,8.784096,8.870953,8.975086,9.269539,9.355976,9.304119,9.252239,9.183022,9.252239,9.217640,9.252239,9.183022,9.200333,9.304119,9.165710,9.044441,9.183022,9.148392,8.940388,8.940388,9.009773,9.148392,9.183022,8.992432,8.870953,8.766716,8.610161,8.679768,8.749332,8.662369,8.801476,8.801476,8.836220,8.836220,8.870953,8.870953,8.905678,8.923035,9.079109,9.079109,9.027115,9.079109,9.044441,9.113758,8.992432,9.131081,9.061775,9.096436,9.113758,9.079109,9.148392,9.061775,9.009773,8.957737,8.836220,8.836220,8.992432,9.338692,9.355976,9.286831,8.957737,8.818848,8.714558,8.662369,8.575333,8.401035,8.557915,8.453358,8.540497,8.592743,8.592743,8.644970,8.557915,8.523075,8.644970,8.697163,8.644970,8.592743,8.575333,8.679768,8.801476,8.749332,8.749332,8.714558,8.836220,8.784096,8.836220,8.731949,8.644970,8.801476,8.784096,8.766716,8.818848,8.853588,9.027115,9.113758,9.252239,8.940388,8.610161,8.488220,8.505650,8.488220,8.470791,8.505650,8.697163,8.592743,8.731949,8.627563,8.766716,8.836220,8.957737,8.940388,9.009773,9.027115,9.096436,9.200333,9.079109,8.888317,8.888317,8.940388,8.888317,8.975086,8.888317,8.870953,8.888317,9.079109,9.165710,9.286831,9.234943,9.217640,9.269539,9.252239,9.338692,9.321407,9.234943,9.061775,9.044441,8.975086,8.992432,8.923035,8.888317,8.957737,8.992432,9.027115,9.079109,9.009773,8.992432,8.957737,8.905678,8.940388,8.836220,9.200333,9.494129,9.407806,9.113758,8.731949,8.627563,8.592743,8.627563,8.575333,8.610161,8.592743,8.575333,8.610161,8.853588,9.061775,9.338692,9.476868,9.494129,9.425079,9.494129,9.528633,9.407806,9.286831,9.113758,9.079109,8.888317,8.801476,8.853588,8.923035,9.183022,9.459610,9.459610,9.666546,9.855862,9.855862,9.804260,9.890244,9.890244,9.890244,10.353233,10.353233,10.370338,9.941792,9.614849,9.425079,9.442345,9.511379,9.511379,9.407806,9.476868,9.597610,9.545887,9.632080,9.683773,9.580376,9.683773,9.752644,9.873051,9.787056,9.976139,9.838661,9.752644,9.683773,9.769852,9.752644,9.700993,9.735428,9.683773,9.666546,9.476868,9.528633,9.494129,9.528633,9.494129,9.373260,9.286831,9.338692,9.390537,9.425079,9.407806,9.355976,9.425079,9.355976,9.390537,9.304119,9.321407,9.355976,9.234943,9.217640,9.183022,9.252239,9.183022,9.234943,9.096436,9.027115,9.165710,9.528633,10.182007,10.182007,10.096279,9.700993,9.321407,9.269539,9.286831,9.286831,9.234943,9.286831,9.355976,9.286831,9.425079,9.425079,9.390537,9.425079,9.373260,9.511379,9.494129,9.528633,9.597610,9.511379,9.545887,9.545887,9.563126,9.597610,9.683773,9.718216,9.700993,9.769852,9.683773,9.735428,9.735428,9.700993,9.632080,9.614849,9.528633,9.752644,10.524147,10.609497,10.524147,10.130581,10.027649,9.976139,9.907425,9.976139,10.027649,9.976139,10.061974,10.044807,10.096279,10.216270,10.182007,10.216270,10.199139,10.233398,10.438725,10.404537,10.370338,10.336117,10.233398,10.336117,10.387436,10.370338,10.387436,10.421631,10.404537,10.558300,10.541225,10.455822,10.489990,10.524147,10.558300,10.524147,10.541225,10.507072,10.489990,10.421631,10.421631,10.387436,10.387436,10.164867,10.182007,10.233398,10.336117,10.233398,10.061974,9.941792,9.976139,9.941792,9.855862,9.873051,9.838661,9.890244,10.250530,10.370338,10.250530,10.164867,9.804260,9.580376,9.528633,9.425079,9.286831,9.494129,9.373260,9.286831,9.234943,9.234943,9.200333,9.096436,9.148392,9.113758,9.200333,9.079109,9.079109,9.113758,9.061775,9.148392,9.113758,9.061775,9.131081,9.165710,9.252239,9.338692,9.355976,9.407806,9.545887,9.528633,9.683773,9.735428,9.924606,10.113426,10.164867,10.164867,10.130581,9.769852,9.476868,9.113758,9.079109,9.131081,9.148392,9.027115,9.027115,8.975086,8.992432,8.940388,9.027115,9.079109,9.113758,8.975086,9.027115,9.079109,9.044441,8.940388,9.009773,8.905678,8.905678,8.853588,8.957737,8.853588,8.836220,8.853588,8.888317,8.957737,8.888317,8.975086,8.975086,8.731949,8.714558,8.905678,8.957737,9.061775,9.217640,9.113758,9.044441,9.009773,8.940388,8.870953,8.870953,8.888317,9.148392,9.183022,9.009773,8.784096,8.766716,8.644970,8.575333,8.575333,8.505650,8.470791,8.505650,8.488220,8.505650,8.505650,8.488220,8.435913,8.401035,8.505650,8.523075,9.079109,8.992432,8.870953,8.505650,8.313774,8.226437,8.208961,8.174004,8.191483,8.104042,8.086544,8.156513,8.156513,8.139027,8.174004,8.208961,8.208961,8.313774,8.243912,8.261383,8.366138,8.296310,8.348686,8.366138,8.191483,8.261383,8.348686,8.243912,8.348686,8.366138,8.331230,8.348686,8.278851,8.296310,8.366138,8.261383,8.226437,8.261383,8.366138,8.435913,8.505650,8.418476,8.226437,8.174004,8.226437,8.139027,7.893879,7.999016,8.016525,8.034035,8.069046,8.016525,7.771088,7.806187,7.648148,7.683289,7.700855,7.630577,7.612995,7.560242,7.454662,7.525059,7.437057,7.348972,7.243172,7.084278,6.801193,6.730297,6.659363,6.517342,6.392914,6.357342,6.268349,6.250534,6.054455,5.929482,5.786484,5.679108,5.446091,5.248528,5.068611,5.068611,4.834267,4.743999,4.599422,4.581333,4.418427,4.400314,4.345943,4.273415,4.291550,4.200836,4.110050,4.218987,4.218987,4.164528,4.110050,4.073711,3.982819,4.055538,3.928246,3.964630,4.037365,4.073711,4.001003,4.055538,4.128212,4.110050,4.382195,4.635590,5.014572,5.158604,5.410194,5.553699,5.625381,5.553699,5.553699,5.607468,5.499908,5.625381,5.517838,5.212570,5.068611,4.888393,4.743999,
7.419441,7.472267,7.665718,7.683289,7.700855,7.806187,8.243912,8.313774,8.226437,8.296310,8.296310,8.208961,8.243912,8.313774,8.296310,8.174004,8.156513,8.191483,8.139027,8.174004,8.174004,8.139027,8.226437,8.156513,8.313774,8.191483,8.174004,8.243912,8.139027,8.156513,8.069046,8.051544,8.069046,8.034035,7.999016,8.401035,8.662369,8.662369,8.383591,7.963982,7.771088,7.823730,7.683289,7.753536,7.771088,7.806187,7.753536,7.876347,7.771088,7.771088,7.876347,7.788635,7.753536,7.946465,7.928940,7.858810,7.858810,7.946465,7.841270,7.893879,7.841270,7.700855,7.806187,7.858810,7.911411,7.928940,8.034035,8.086544,8.191483,8.261383,8.418476,8.853588,9.217640,9.131081,8.784096,8.627563,8.575333,8.731949,8.714558,8.714558,8.766716,8.870953,8.870953,8.818848,8.766716,8.749332,8.714558,8.627563,8.610161,8.662369,8.905678,8.818848,8.784096,8.731949,8.731949,8.697163,8.749332,8.731949,8.784096,8.905678,8.888317,8.853588,8.905678,8.940388,9.079109,9.079109,9.079109,9.286831,9.286831,9.200333,9.148392,9.217640,9.252239,9.321407,9.407806,9.425079,9.338692,9.425079,9.338692,9.338692,9.321407,9.355976,9.304119,9.304119,9.390537,9.425079,9.373260,9.390537,9.321407,9.217640,9.165710,9.061775,8.975086,8.923035,8.818848,8.784096,8.870953,8.749332,8.731949,8.749332,8.679768,8.575333,8.627563,8.679768,8.662369,8.731949,8.714558,8.749332,8.697163,8.818848,8.766716,8.679768,8.749332,8.853588,8.766716,8.836220,8.714558,8.731949,8.731949,8.697163,8.714558,8.766716,9.061775,9.373260,9.390537,8.836220,8.435913,8.331230,8.296310,8.278851,8.296310,8.296310,8.366138,8.401035,8.366138,8.435913,8.401035,8.348686,8.418476,8.540497,8.575333,8.592743,8.644970,8.610161,8.714558,8.766716,8.749332,8.749332,8.801476,8.749332,8.784096,8.888317,8.923035,8.957737,8.836220,8.818848,8.888317,9.061775,9.113758,9.425079,9.528633,9.528633,9.459610,9.234943,9.217640,9.217640,9.096436,9.079109,9.165710,9.131081,9.079109,9.096436,9.131081,9.131081,8.923035,8.923035,8.957737,8.940388,8.940388,9.061775,9.442345,9.252239,9.131081,8.836220,8.731949,8.662369,8.697163,8.749332,8.627563,8.662369,8.749332,8.766716,8.923035,9.113758,9.373260,9.442345,9.286831,9.545887,9.442345,9.442345,9.355976,9.234943,9.009773,8.957737,8.888317,8.853588,8.836220,8.992432,9.148392,9.494129,9.563126,9.683773,9.735428,9.614849,9.718216,9.752644,9.632080,9.580376,10.113426,10.113426,10.164867,9.666546,9.183022,9.200333,9.269539,9.061775,8.992432,8.975086,9.009773,9.061775,9.113758,9.044441,9.113758,9.131081,9.165710,9.217640,9.252239,9.355976,9.442345,9.286831,9.217640,9.373260,9.252239,9.407806,9.373260,9.286831,9.373260,9.321407,9.200333,9.252239,9.373260,9.442345,9.597610,9.373260,9.304119,9.234943,9.494129,9.735428,9.787056,9.632080,9.614849,9.494129,9.476868,9.459610,9.511379,9.494129,9.476868,9.425079,9.563126,9.545887,9.563126,9.528633,9.252239,9.597610,9.597610,9.958965,10.079128,10.096279,9.976139,9.700993,9.545887,9.649315,9.528633,9.425079,9.459610,9.476868,9.494129,9.580376,9.528633,9.580376,9.700993,9.632080,9.597610,9.580376,9.632080,9.752644,9.855862,9.683773,9.735428,9.683773,9.649315,9.666546,9.683773,9.752644,9.718216,9.735428,9.735428,9.787056,9.718216,9.700993,9.614849,9.700993,9.563126,9.838661,10.524147,10.575371,10.575371,10.130581,9.976139,9.924606,9.890244,10.010487,9.993317,9.976139,10.079128,10.079128,10.061974,10.113426,10.027649,10.010487,10.096279,10.113426,10.010487,10.096279,10.147728,9.993317,10.061974,10.096279,9.993317,10.010487,10.079128,10.061974,10.130581,10.199139,10.199139,10.216270,10.284771,10.370338,10.455822,10.507072,10.404537,10.387436,10.370338,10.387436,10.370338,10.336117,10.096279,10.044807,10.044807,10.044807,10.096279,10.096279,10.096279,10.096279,10.199139,10.164867,10.164867,9.976139,10.182007,10.233398,10.284771,10.216270,10.199139,10.147728,10.096279,9.924606,9.958965,9.890244,9.769852,9.735428,9.752644,9.700993,9.649315,9.632080,9.614849,9.580376,9.545887,9.580376,9.545887,9.580376,9.511379,9.476868,9.632080,9.494129,9.597610,9.718216,9.597610,9.614849,9.752644,9.838661,9.838661,9.821461,9.993317,10.027649,10.216270,10.267654,10.370338,10.524147,10.507072,10.336117,10.336117,9.958965,9.476868,9.200333,9.165710,9.148392,9.113758,9.183022,9.113758,9.165710,9.183022,9.183022,9.165710,9.079109,9.131081,9.131081,9.131081,9.148392,9.096436,9.027115,9.027115,9.009773,8.923035,8.836220,8.766716,8.801476,8.836220,8.749332,8.731949,8.853588,8.784096,8.766716,8.714558,8.801476,8.801476,8.627563,8.853588,9.044441,9.407806,9.528633,9.494129,9.373260,9.252239,9.061775,9.096436,9.252239,9.252239,9.183022,9.131081,9.079109,9.027115,9.061775,9.148392,9.079109,9.096436,8.975086,9.044441,9.027115,9.009773,8.957737,9.061775,8.905678,8.662369,8.801476,9.009773,8.905678,8.975086,8.801476,8.435913,8.331230,8.540497,8.366138,8.313774,8.313774,8.191483,8.261383,8.313774,8.243912,8.296310,8.208961,8.243912,8.348686,8.313774,8.401035,8.348686,8.296310,8.296310,8.191483,8.121536,8.121536,8.104042,8.086544,8.069046,8.051544,8.104042,8.104042,8.174004,8.156513,8.121536,8.156513,8.069046,7.981499,8.104042,8.226437,8.523075,8.523075,8.418476,8.261383,8.104042,8.174004,8.034035,8.104042,8.034035,8.051544,8.016525,7.981499,8.086544,8.016525,7.963982,7.823730,7.788635,7.841270,7.911411,7.876347,7.806187,7.753536,7.683289,7.788635,7.612995,7.472267,7.401833,6.942829,6.942829,6.712570,6.730297,6.588379,6.375134,6.375134,6.321754,6.250534,6.286148,6.072296,6.143627,5.929482,5.768597,5.571625,5.446091,5.230549,5.122616,4.888393,4.671738,4.617508,4.472755,4.490860,4.400314,4.255280,4.291550,4.309685,4.110050,4.164528,4.128212,4.128212,4.146374,4.073711,4.110050,4.055538,4.055538,4.055538,4.128212,4.019184,4.001003,4.182686,4.019184,3.964630,4.164528,4.327812,4.689812,4.816223,5.032589,5.230549,5.356339,5.517838,5.643291,5.875885,6.018761,5.732807,5.535770,5.464031,5.248528,5.104614,
7.437057,7.577831,7.823730,7.788635,7.876347,7.876347,8.104042,8.278851,8.296310,8.313774,8.348686,8.488220,8.348686,8.401035,8.435913,8.331230,8.348686,8.331230,8.418476,8.348686,8.331230,8.505650,8.401035,8.401035,8.523075,8.557915,8.523075,8.540497,8.523075,8.627563,8.557915,8.488220,8.488220,8.313774,8.383591,8.557915,8.766716,8.818848,8.488220,8.139027,7.981499,7.858810,7.911411,7.963982,7.788635,7.876347,7.876347,7.876347,7.911411,7.911411,7.946465,7.911411,7.876347,7.911411,7.963982,7.858810,7.841270,7.823730,7.806187,7.753536,7.876347,7.806187,7.893879,7.841270,7.788635,7.753536,7.876347,7.963982,8.034035,8.191483,8.557915,8.923035,9.027115,9.044441,8.610161,8.191483,8.174004,8.226437,8.208961,8.331230,8.348686,8.331230,8.505650,8.401035,8.261383,8.296310,8.104042,8.174004,8.104042,8.278851,8.174004,8.261383,8.208961,8.226437,8.313774,8.208961,8.243912,8.296310,8.348686,8.348686,8.348686,8.435913,8.366138,8.366138,8.557915,8.592743,8.975086,9.252239,9.148392,8.870953,8.801476,8.749332,8.923035,9.044441,8.992432,9.096436,9.079109,9.113758,9.009773,9.096436,9.131081,9.061775,9.131081,9.113758,9.096436,9.234943,9.304119,9.321407,9.304119,9.286831,9.200333,9.148392,9.113758,9.027115,9.044441,8.957737,9.044441,9.027115,8.923035,8.905678,8.853588,8.905678,8.975086,9.096436,9.027115,9.009773,8.888317,8.940388,9.096436,9.165710,9.061775,9.009773,9.044441,9.113758,9.148392,9.044441,8.992432,8.957737,8.888317,8.870953,8.957737,8.940388,9.217640,9.269539,9.286831,9.200333,8.575333,8.453358,8.523075,8.505650,8.540497,8.505650,8.453358,8.488220,8.505650,8.523075,8.488220,8.575333,8.505650,8.557915,8.488220,8.505650,8.540497,8.679768,8.557915,8.662369,8.731949,8.505650,8.557915,8.540497,8.505650,8.505650,8.453358,8.662369,8.557915,8.557915,8.418476,8.592743,8.731949,9.009773,9.355976,9.373260,9.234943,8.888317,8.836220,8.679768,8.644970,8.470791,8.557915,8.488220,8.418476,8.592743,8.453358,8.523075,8.505650,8.697163,8.697163,8.731949,8.801476,8.870953,9.096436,9.044441,8.836220,8.766716,8.836220,8.940388,8.870953,8.870953,8.940388,8.957737,9.027115,9.027115,9.113758,9.269539,9.338692,9.355976,9.425079,9.442345,9.545887,9.597610,9.442345,9.234943,9.304119,9.148392,9.061775,8.957737,9.148392,9.252239,9.373260,9.545887,9.683773,9.700993,9.614849,9.580376,9.632080,9.545887,9.563126,9.528633,9.941792,9.993317,9.976139,9.580376,9.131081,9.044441,9.079109,9.009773,8.818848,8.940388,9.096436,9.096436,8.940388,8.940388,8.853588,8.975086,9.061775,9.148392,9.165710,9.113758,8.992432,9.131081,9.044441,9.148392,9.165710,9.079109,9.131081,9.044441,8.905678,8.853588,8.888317,8.888317,8.975086,9.373260,9.459610,9.113758,8.888317,8.818848,9.165710,9.735428,9.769852,9.494129,9.321407,9.027115,9.096436,9.027115,9.148392,9.148392,9.165710,9.183022,9.321407,9.321407,9.407806,9.338692,9.390537,9.494129,9.614849,9.718216,9.718216,9.632080,9.683773,9.614849,9.718216,9.563126,9.700993,9.580376,9.683773,9.614849,9.528633,9.700993,9.597610,9.614849,9.735428,9.718216,9.666546,9.700993,9.958965,10.027649,10.130581,10.113426,9.976139,9.787056,9.752644,9.941792,9.821461,9.924606,9.924606,9.958965,9.924606,9.958965,9.855862,9.769852,9.700993,9.718216,9.666546,9.941792,10.728870,10.643623,10.575371,10.353233,10.182007,10.027649,10.027649,10.096279,10.113426,10.199139,10.336117,10.233398,10.113426,10.096279,10.130581,10.130581,10.061974,10.061974,10.027649,9.976139,9.941792,9.890244,9.907425,9.958965,9.924606,9.924606,9.787056,9.890244,9.941792,9.890244,9.821461,9.873051,9.958965,9.941792,9.890244,9.941792,9.941792,9.907425,9.976139,10.284771,10.301891,10.250530,9.890244,9.511379,9.425079,9.511379,9.442345,9.563126,9.407806,9.494129,9.511379,9.545887,9.563126,9.632080,9.700993,9.804260,9.804260,9.958965,10.044807,9.993317,9.958965,10.044807,10.010487,10.079128,9.976139,9.924606,9.907425,9.993317,9.993317,10.027649,9.976139,10.027649,9.958965,10.027649,10.010487,10.027649,10.027649,10.096279,10.182007,10.233398,10.284771,10.301891,10.182007,10.079128,10.061974,10.164867,10.250530,10.284771,10.199139,10.301891,10.404537,10.455822,10.575371,10.524147,10.558300,10.472908,10.301891,10.113426,9.700993,9.614849,9.563126,9.563126,9.528633,9.597610,9.511379,9.442345,9.580376,9.425079,9.459610,9.390537,9.407806,9.390537,9.407806,9.425079,9.234943,9.269539,9.217640,9.304119,9.096436,8.888317,8.940388,8.749332,8.818848,8.853588,8.836220,8.836220,8.766716,8.749332,8.818848,8.662369,8.679768,8.679768,8.870953,9.321407,9.649315,9.735428,9.511379,9.200333,9.165710,9.131081,9.200333,9.234943,9.096436,9.061775,9.027115,9.044441,9.061775,9.061775,9.096436,9.113758,9.079109,9.096436,9.079109,9.234943,9.269539,9.183022,9.113758,9.200333,8.957737,9.009773,8.992432,9.009773,9.096436,8.818848,8.749332,8.818848,8.766716,8.801476,8.784096,8.766716,8.679768,8.610161,8.801476,8.679768,8.697163,8.679768,8.697163,8.679768,8.627563,8.557915,8.523075,8.523075,8.366138,8.331230,8.313774,8.261383,8.104042,8.156513,8.156513,8.174004,8.191483,8.156513,8.139027,8.174004,8.191483,8.086544,8.069046,8.139027,8.086544,8.313774,8.627563,8.610161,8.418476,8.191483,8.139027,8.104042,8.051544,8.086544,8.034035,8.086544,8.086544,7.946465,7.963982,7.981499,7.893879,7.876347,7.911411,7.893879,8.051544,7.963982,7.981499,7.876347,7.753536,7.753536,7.823730,7.788635,7.700855,7.419441,7.313717,7.154926,6.978207,6.801193,6.765751,6.588379,6.570625,6.481804,6.392914,6.410706,6.286148,6.197094,6.161457,6.090134,5.965206,5.822250,5.499908,5.302444,5.032589,4.888393,4.870358,4.743999,4.671738,4.527058,4.472755,4.327812,4.327812,4.309685,4.200836,4.182686,4.182686,4.128212,4.019184,4.110050,4.128212,4.037365,4.110050,4.055538,4.019184,4.091881,3.982819,4.055538,3.982819,4.037365,4.037365,4.164528,4.382195,4.780113,5.032589,5.266499,5.284477,5.643291,5.750706,5.679108,5.625381,5.535770,5.428139,5.481972,
7.560242,7.648148,7.560242,7.542656,7.577831,7.683289,7.753536,7.946465,7.946465,8.016525,8.261383,8.557915,8.383591,8.243912,8.278851,8.191483,8.191483,8.174004,8.191483,8.174004,8.226437,8.121536,8.191483,8.383591,8.470791,8.488220,8.540497,8.540497,8.592743,8.627563,8.610161,8.644970,8.488220,8.505650,8.470791,8.575333,8.662369,8.644970,8.453358,8.208961,8.243912,8.156513,8.208961,8.366138,8.366138,8.348686,8.348686,8.174004,8.174004,8.366138,8.418476,8.331230,8.296310,8.174004,8.296310,8.261383,8.226437,8.156513,8.174004,8.104042,8.139027,8.261383,8.156513,8.226437,8.086544,8.156513,8.156513,8.208961,8.366138,8.505650,8.731949,9.079109,9.200333,8.923035,8.644970,8.261383,8.191483,8.191483,8.156513,8.208961,8.139027,8.348686,8.383591,8.383591,8.313774,8.139027,8.139027,8.069046,8.051544,8.104042,8.104042,8.191483,8.208961,8.208961,8.208961,8.243912,8.139027,8.278851,8.208961,8.121536,8.156513,8.208961,8.243912,8.156513,8.313774,8.261383,8.679768,9.096436,8.923035,8.627563,8.540497,8.575333,8.488220,8.540497,8.644970,8.575333,8.540497,8.540497,8.575333,8.644970,8.592743,8.610161,8.662369,8.610161,8.679768,8.818848,8.836220,8.853588,8.801476,8.749332,8.766716,8.610161,8.644970,8.610161,8.662369,8.610161,8.662369,8.697163,8.679768,8.714558,8.731949,8.784096,8.975086,9.217640,9.148392,8.992432,8.888317,8.940388,8.940388,9.079109,9.183022,9.200333,9.269539,9.234943,9.234943,9.286831,9.234943,9.113758,8.992432,9.096436,9.096436,9.096436,9.183022,9.269539,9.304119,9.200333,9.217640,9.079109,9.183022,9.079109,9.113758,9.096436,9.079109,8.975086,8.957737,9.009773,9.027115,9.044441,8.940388,8.888317,8.957737,8.975086,9.009773,9.027115,9.027115,8.975086,8.940388,8.801476,8.697163,8.575333,8.644970,8.523075,8.435913,8.540497,8.523075,8.557915,8.470791,8.435913,8.505650,8.697163,9.390537,9.390537,9.321407,8.870953,8.610161,8.505650,8.366138,8.243912,8.226437,8.226437,8.296310,8.156513,8.174004,8.261383,8.243912,8.191483,8.418476,8.505650,8.575333,8.575333,8.627563,8.627563,8.435913,8.401035,8.435913,8.418476,8.470791,8.470791,8.610161,8.592743,8.610161,8.610161,8.731949,8.731949,8.731949,8.766716,8.870953,9.269539,9.649315,9.718216,9.494129,9.165710,9.252239,9.217640,9.113758,9.200333,9.304119,9.442345,9.545887,9.718216,9.735428,9.614849,9.735428,9.614849,9.649315,9.666546,9.459610,9.476868,9.632080,9.804260,9.804260,9.580376,9.096436,9.113758,9.079109,9.009773,9.061775,8.992432,8.992432,9.113758,9.061775,9.027115,9.113758,9.061775,9.165710,9.183022,9.183022,9.148392,9.131081,9.200333,9.113758,9.165710,9.217640,9.165710,9.044441,8.940388,8.836220,8.784096,8.801476,8.818848,8.836220,9.044441,8.957737,8.836220,8.836220,8.784096,9.044441,9.804260,9.752644,9.563126,9.252239,9.009773,8.940388,8.992432,8.975086,8.992432,9.027115,9.009773,9.131081,9.113758,9.044441,9.079109,9.200333,9.183022,9.217640,9.183022,9.113758,9.217640,9.183022,9.286831,9.373260,9.494129,9.494129,9.407806,9.425079,9.545887,9.614849,9.511379,9.390537,9.476868,9.597610,9.511379,9.580376,9.632080,10.027649,10.250530,10.233398,9.993317,9.804260,9.890244,9.924606,9.907425,9.976139,9.976139,10.010487,9.993317,9.890244,10.061974,9.976139,9.993317,9.958965,9.993317,9.941792,10.164867,10.404537,10.507072,10.472908,10.404537,10.301891,10.336117,10.267654,10.336117,10.404537,10.472908,10.472908,10.472908,10.336117,10.438725,10.370338,10.336117,10.353233,10.182007,10.284771,10.147728,10.061974,10.027649,10.010487,9.976139,9.855862,9.873051,9.941792,9.890244,9.890244,9.873051,9.838661,9.890244,9.907425,9.855862,9.821461,9.718216,9.787056,9.735428,9.855862,10.250530,10.421631,10.284771,9.890244,9.494129,9.304119,9.286831,9.286831,9.425079,9.321407,9.425079,9.407806,9.373260,9.338692,9.304119,9.390537,9.494129,9.390537,9.476868,9.459610,9.494129,9.563126,9.597610,9.735428,9.597610,9.614849,9.597610,9.425079,9.700993,9.735428,9.752644,9.769852,9.769852,9.873051,9.993317,9.976139,9.993317,10.010487,10.096279,10.370338,10.387436,10.421631,10.216270,10.250530,10.010487,10.113426,10.113426,10.130581,10.233398,10.233398,10.284771,10.387436,10.489990,10.489990,10.438725,10.387436,10.404537,10.353233,10.284771,10.216270,10.182007,10.113426,10.233398,10.182007,10.199139,10.164867,10.113426,10.096279,10.096279,10.010487,9.958965,9.804260,9.873051,9.958965,9.890244,9.718216,9.718216,9.632080,9.580376,9.563126,9.373260,9.252239,9.217640,9.217640,9.113758,9.044441,9.009773,9.027115,9.044441,9.027115,8.888317,8.905678,8.975086,9.217640,9.718216,9.907425,9.855862,9.597610,9.234943,9.131081,9.061775,9.183022,9.131081,9.113758,9.079109,9.044441,9.079109,9.079109,9.061775,9.079109,9.044441,9.009773,9.165710,9.044441,9.079109,8.992432,9.009773,9.044441,8.957737,8.957737,8.923035,8.853588,8.905678,8.801476,8.679768,8.766716,8.888317,8.870953,8.888317,8.836220,8.940388,9.061775,9.096436,9.200333,9.165710,9.355976,9.079109,9.113758,9.096436,9.009773,8.940388,8.888317,8.888317,8.784096,8.749332,8.627563,8.592743,8.575333,8.540497,8.418476,8.435913,8.488220,8.383591,8.348686,8.261383,8.296310,8.331230,8.156513,8.313774,8.313774,8.714558,8.644970,8.679768,8.557915,8.401035,8.348686,8.156513,8.208961,8.086544,8.139027,8.051544,8.016525,8.104042,8.069046,8.016525,7.981499,7.841270,7.981499,8.121536,8.104042,8.243912,7.911411,7.771088,7.771088,7.771088,7.753536,7.665718,7.700855,7.648148,7.507469,7.419441,7.419441,7.207882,7.013577,6.942829,6.942829,6.836617,6.748028,6.694839,6.535103,6.517342,6.410706,6.268349,6.268349,6.036610,6.143627,5.822250,5.535770,5.266499,5.194580,4.960514,4.870358,4.617508,4.725941,4.617508,4.454651,4.418427,4.418427,4.382195,4.309685,4.273415,4.146374,4.128212,4.164528,4.128212,4.091881,4.091881,4.037365,4.055538,4.037365,4.019184,4.019184,4.055538,3.982819,4.037365,4.164528,4.218987,4.345943,4.617508,4.870358,5.212570,5.571625,5.589546,5.589546,5.679108,5.732807,5.804367,
7.489868,7.437057,7.401833,7.454662,7.472267,7.560242,7.595413,7.700855,7.577831,7.788635,7.893879,8.401035,8.261383,7.858810,7.876347,7.735977,7.735977,7.718422,7.893879,7.841270,7.823730,7.700855,7.928940,7.981499,8.086544,8.104042,8.104042,8.174004,8.086544,8.156513,8.051544,8.174004,8.156513,8.086544,8.086544,8.139027,8.121536,8.121536,8.261383,8.278851,8.104042,8.278851,8.174004,8.243912,8.418476,8.505650,8.435913,8.226437,8.208961,8.174004,8.243912,8.331230,8.278851,8.226437,8.243912,8.296310,8.331230,8.296310,8.208961,8.243912,8.313774,8.383591,8.418476,8.435913,8.697163,8.610161,8.644970,8.575333,8.644970,8.801476,8.888317,9.044441,9.096436,8.940388,8.766716,8.523075,8.523075,8.575333,8.679768,8.435913,8.470791,8.575333,8.697163,8.662369,8.644970,8.435913,8.435913,8.331230,8.401035,8.383591,8.470791,8.401035,8.540497,8.644970,8.575333,8.592743,8.470791,8.383591,8.470791,8.470791,8.418476,8.453358,8.383591,8.383591,8.418476,8.470791,8.818848,9.096436,9.096436,8.557915,8.453358,8.401035,8.418476,8.523075,8.470791,8.401035,8.331230,8.313774,8.470791,8.435913,8.401035,8.296310,8.453358,8.453358,8.523075,8.610161,8.540497,8.470791,8.557915,8.401035,8.296310,8.313774,8.278851,8.191483,8.208961,8.243912,8.383591,8.348686,8.348686,8.331230,8.383591,8.435913,8.575333,9.061775,9.061775,8.505650,8.174004,8.226437,8.331230,8.383591,8.540497,8.540497,8.592743,8.749332,8.784096,8.801476,8.679768,8.766716,8.488220,8.557915,8.540497,8.627563,8.697163,8.801476,8.905678,8.975086,9.044441,9.044441,9.113758,9.200333,9.165710,9.183022,9.096436,9.148392,9.148392,9.286831,9.286831,9.252239,9.252239,9.269539,9.355976,9.528633,9.580376,9.580376,9.563126,9.407806,9.355976,9.304119,9.304119,9.217640,9.061775,9.044441,8.905678,8.905678,9.027115,8.975086,9.044441,8.888317,8.870953,8.923035,9.390537,9.442345,9.355976,8.870953,8.714558,8.453358,8.418476,8.278851,8.278851,8.296310,8.261383,8.401035,8.243912,8.261383,8.226437,8.366138,8.470791,8.540497,8.540497,8.557915,8.592743,8.488220,8.296310,8.296310,8.296310,8.313774,8.278851,8.261383,8.348686,8.470791,8.505650,8.401035,8.348686,8.418476,8.401035,8.610161,8.540497,9.044441,9.649315,9.838661,9.476868,9.044441,8.888317,8.888317,8.940388,8.923035,8.940388,9.096436,9.113758,9.165710,9.165710,9.165710,9.234943,9.234943,9.373260,9.373260,9.304119,9.217640,9.234943,9.425079,9.373260,9.390537,9.252239,9.183022,9.165710,9.269539,9.321407,9.234943,9.286831,9.338692,9.200333,9.390537,9.373260,9.442345,9.494129,9.614849,9.563126,9.580376,9.304119,9.286831,9.286831,9.286831,9.338692,9.321407,9.200333,9.096436,9.009773,9.096436,9.061775,8.923035,8.992432,8.923035,8.957737,8.940388,8.975086,8.888317,9.044441,9.614849,9.718216,9.528633,9.269539,9.165710,9.079109,9.044441,9.027115,8.992432,9.061775,9.079109,9.027115,9.061775,9.113758,9.200333,9.269539,9.234943,9.200333,9.165710,9.113758,9.131081,9.096436,9.148392,9.217640,9.096436,9.200333,9.148392,9.269539,9.148392,9.234943,9.183022,9.252239,9.200333,9.234943,9.321407,9.373260,9.442345,9.976139,10.182007,10.319000,9.941792,9.528633,9.425079,9.425079,9.614849,9.632080,9.666546,9.787056,9.821461,9.873051,9.976139,9.873051,9.890244,9.855862,9.873051,9.838661,9.993317,10.061974,10.130581,10.250530,10.284771,10.284771,10.353233,10.404537,10.541225,10.524147,10.575371,10.575371,10.524147,10.558300,10.609497,10.524147,10.524147,10.541225,10.387436,10.336117,10.489990,10.319000,10.319000,10.096279,10.113426,9.958965,9.855862,9.924606,9.821461,9.838661,9.787056,9.838661,9.855862,9.752644,9.769852,9.787056,9.821461,9.804260,9.787056,10.096279,10.301891,10.387436,10.216270,9.873051,9.511379,9.373260,9.355976,9.269539,9.390537,9.338692,9.338692,9.286831,9.304119,9.494129,9.476868,9.511379,9.459610,9.476868,9.425079,9.390537,9.373260,9.476868,9.442345,9.338692,9.338692,9.390537,9.425079,9.373260,9.407806,9.373260,9.321407,9.407806,9.425079,9.355976,9.528633,9.632080,9.494129,9.511379,9.718216,10.250530,10.336117,10.250530,9.838661,9.632080,9.563126,9.580376,9.614849,9.580376,9.580376,9.821461,9.924606,10.044807,9.941792,10.010487,10.044807,10.113426,10.164867,10.164867,10.267654,10.199139,10.301891,10.250530,10.233398,10.233398,10.284771,10.182007,10.267654,10.250530,10.284771,10.250530,10.147728,10.147728,10.250530,10.164867,10.182007,10.113426,10.061974,10.164867,10.147728,10.130581,9.958965,9.855862,9.718216,9.649315,9.735428,9.769852,9.666546,9.614849,9.666546,9.614849,9.597610,9.425079,9.528633,9.855862,9.958965,10.010487,9.855862,9.459610,9.269539,9.252239,9.286831,9.338692,9.304119,9.304119,9.183022,9.183022,9.252239,9.234943,9.407806,9.338692,9.200333,9.269539,9.234943,9.096436,9.113758,9.148392,9.200333,9.183022,9.113758,9.009773,9.061775,8.992432,8.992432,8.905678,8.870953,8.923035,8.923035,8.888317,8.836220,8.801476,8.801476,8.870953,9.183022,9.459610,9.338692,9.252239,9.148392,9.165710,9.113758,9.131081,9.131081,9.044441,8.992432,8.975086,8.853588,8.801476,8.870953,8.853588,8.923035,8.905678,8.766716,8.818848,8.749332,8.749332,8.801476,8.679768,8.714558,8.470791,8.557915,8.644970,8.818848,8.836220,8.836220,8.592743,8.453358,8.383591,8.366138,8.331230,8.383591,8.226437,8.278851,8.261383,8.261383,8.208961,8.226437,8.156513,7.981499,8.051544,8.156513,8.348686,8.366138,8.086544,7.963982,7.928940,7.841270,7.841270,7.823730,7.858810,7.841270,7.823730,7.735977,7.718422,7.630577,7.472267,7.401833,7.348972,7.296085,7.066605,6.889732,6.730297,6.694839,6.570625,6.464035,6.357342,6.339550,6.321754,6.303955,6.036610,5.768597,5.697014,5.481972,5.284477,4.996559,4.978535,4.906425,4.816223,4.581333,4.436539,4.400314,4.508957,4.364071,4.400314,4.309685,4.273415,4.164528,4.237133,4.200836,4.182686,4.200836,4.073711,4.128212,4.073711,4.019184,4.073711,4.055538,4.001003,4.001003,4.055538,4.091881,4.273415,4.599422,4.870358,5.176598,5.302444,5.428139,5.625381,5.822250,
7.595413,7.612995,7.612995,7.612995,7.648148,7.753536,7.665718,7.700855,7.700855,7.823730,8.069046,8.453358,8.296310,8.069046,7.806187,7.718422,7.735977,7.876347,7.806187,7.771088,7.753536,7.718422,7.806187,7.928940,7.946465,7.999016,8.069046,8.034035,7.946465,7.806187,8.051544,7.946465,7.946465,7.876347,7.806187,7.876347,7.946465,7.893879,7.911411,7.911411,7.946465,7.911411,7.946465,8.016525,8.348686,8.470791,8.278851,7.946465,7.630577,7.735977,7.612995,7.788635,7.700855,7.683289,7.648148,7.735977,7.665718,7.753536,7.700855,7.665718,7.735977,7.893879,8.174004,8.592743,8.592743,8.575333,8.488220,8.505650,8.418476,8.505650,8.575333,8.627563,8.575333,8.731949,8.679768,8.697163,8.697163,8.714558,8.749332,8.644970,8.714558,8.714558,8.714558,8.662369,8.592743,8.557915,8.679768,8.679768,8.592743,8.818848,8.731949,8.714558,8.731949,8.836220,8.714558,8.749332,8.679768,8.784096,8.801476,8.818848,8.731949,8.662369,8.627563,8.592743,8.592743,8.662369,8.662369,8.940388,8.940388,8.801476,8.453358,8.435913,8.488220,8.505650,8.453358,8.435913,8.435913,8.523075,8.435913,8.453358,8.401035,8.401035,8.348686,8.523075,8.523075,8.418476,8.366138,8.366138,8.366138,8.278851,8.208961,8.226437,8.208961,8.174004,8.191483,8.226437,8.348686,8.383591,8.383591,8.331230,8.278851,8.470791,8.348686,8.870953,8.836220,8.470791,8.016525,7.806187,7.823730,7.981499,8.016525,7.876347,7.876347,7.999016,7.928940,7.911411,7.841270,7.823730,7.858810,7.946465,7.946465,7.981499,7.928940,7.946465,8.034035,8.296310,8.226437,8.296310,8.261383,8.261383,8.348686,8.331230,8.383591,8.366138,8.366138,8.435913,8.627563,8.697163,8.644970,8.662369,8.992432,9.511379,9.649315,9.597610,9.494129,9.459610,9.545887,9.373260,9.425079,9.355976,9.252239,9.304119,9.200333,9.217640,9.252239,9.390537,9.321407,9.304119,9.234943,9.321407,9.373260,9.338692,9.269539,9.079109,8.923035,8.801476,8.714558,8.679768,8.697163,8.644970,8.662369,8.784096,8.592743,8.592743,8.714558,8.644970,8.644970,8.766716,8.870953,8.801476,8.714558,8.679768,8.435913,8.435913,8.401035,8.401035,8.401035,8.453358,8.435913,8.470791,8.418476,8.383591,8.366138,8.435913,8.505650,8.488220,8.592743,8.870953,9.580376,9.700993,9.597610,8.853588,8.766716,8.801476,8.801476,8.888317,8.853588,8.992432,9.009773,8.836220,8.836220,8.888317,8.957737,8.888317,9.009773,8.992432,8.940388,8.853588,8.957737,8.940388,9.096436,9.079109,9.096436,9.148392,9.234943,9.234943,9.183022,9.165710,9.217640,9.217640,9.252239,9.321407,9.165710,9.234943,9.355976,9.700993,9.787056,9.821461,9.563126,9.321407,9.286831,9.373260,9.252239,9.234943,9.304119,9.286831,9.304119,9.252239,9.373260,9.355976,9.183022,9.217640,9.234943,9.234943,9.286831,9.165710,9.425079,9.580376,9.580376,9.442345,9.476868,9.528633,9.390537,9.355976,9.286831,9.321407,9.407806,9.338692,9.338692,9.390537,9.321407,9.476868,9.390537,9.528633,9.442345,9.390537,9.321407,9.269539,9.183022,9.148392,9.200333,9.165710,9.113758,9.165710,9.252239,9.252239,9.183022,9.165710,9.183022,9.234943,9.234943,9.338692,9.355976,9.545887,10.010487,10.182007,10.182007,9.890244,9.442345,9.338692,9.338692,9.407806,9.390537,9.476868,9.563126,9.545887,9.528633,9.494129,9.511379,9.545887,9.545887,9.511379,9.407806,9.425079,9.580376,9.528633,9.528633,9.683773,9.752644,9.735428,9.890244,10.199139,10.130581,10.113426,10.061974,10.096279,10.182007,10.182007,10.319000,10.319000,10.250530,10.250530,10.301891,10.370338,10.421631,10.387436,10.216270,9.907425,9.873051,9.804260,9.873051,9.804260,9.821461,9.907425,9.838661,9.804260,9.804260,9.838661,9.735428,9.821461,10.027649,10.010487,10.267654,10.233398,10.113426,10.061974,9.890244,9.683773,9.580376,9.494129,9.476868,9.459610,9.494129,9.459610,9.511379,9.597610,9.649315,9.614849,9.649315,9.476868,9.494129,9.614849,9.476868,9.494129,9.563126,9.563126,9.511379,9.407806,9.407806,9.407806,9.528633,9.425079,9.390537,9.407806,9.338692,9.390537,9.442345,9.528633,9.511379,9.494129,9.476868,9.718216,10.164867,10.404537,10.233398,9.666546,9.511379,9.511379,9.494129,9.442345,9.597610,9.545887,9.683773,9.649315,9.649315,9.632080,9.580376,9.700993,9.683773,9.735428,9.649315,9.735428,9.804260,9.804260,9.821461,9.941792,9.873051,9.924606,9.821461,9.787056,9.958965,10.027649,9.941792,9.958965,9.976139,10.096279,10.096279,9.993317,9.941792,9.924606,10.164867,10.301891,10.301891,10.199139,9.821461,9.752644,9.838661,9.821461,9.855862,9.838661,9.890244,9.958965,9.976139,9.958965,9.873051,10.010487,9.890244,9.924606,9.890244,9.752644,9.769852,9.666546,9.614849,9.666546,9.700993,9.683773,9.700993,9.787056,9.752644,9.649315,9.804260,9.666546,9.752644,9.769852,9.718216,9.614849,9.373260,9.494129,9.459610,9.407806,9.407806,9.442345,9.355976,9.373260,9.304119,9.304119,9.269539,9.252239,9.061775,9.096436,9.009773,8.784096,8.957737,8.992432,9.044441,9.476868,9.563126,9.597610,9.200333,9.183022,9.044441,9.096436,9.044441,9.061775,8.992432,8.923035,8.853588,8.870953,8.888317,8.888317,8.888317,8.905678,8.853588,8.888317,8.888317,8.801476,8.853588,8.888317,8.853588,8.836220,8.644970,8.836220,8.784096,8.766716,8.697163,8.801476,8.644970,8.679768,8.662369,8.662369,8.697163,8.575333,8.749332,8.627563,8.644970,8.662369,8.557915,8.505650,8.523075,8.313774,8.453358,8.401035,8.557915,8.453358,8.191483,8.139027,8.104042,8.104042,8.051544,8.051544,8.086544,7.999016,8.069046,7.946465,7.893879,7.858810,7.788635,7.823730,7.753536,7.577831,7.348972,7.296085,7.031254,6.942829,6.854328,6.641617,6.606125,6.535103,6.375134,6.339550,6.197094,6.161457,6.125797,6.018761,5.822250,5.625381,5.374290,5.140610,4.942490,4.978535,4.762062,4.671738,4.490860,4.472755,4.472755,4.400314,4.273415,4.273415,4.273415,4.200836,4.164528,4.128212,4.091881,4.128212,4.073711,4.019184,4.037365,4.019184,4.001003,4.019184,4.019184,3.982819,4.091881,4.182686,4.255280,4.309685,4.563248,4.996559,5.320412,5.446091,
7.841270,7.928940,7.946465,8.016525,7.946465,7.981499,8.104042,8.139027,7.876347,8.208961,8.470791,8.435913,8.383591,8.191483,7.928940,7.981499,7.841270,7.928940,7.876347,7.928940,8.034035,7.963982,7.963982,8.104042,8.086544,8.313774,8.401035,8.139027,8.156513,8.191483,8.121536,7.963982,8.069046,7.946465,7.963982,7.928940,7.946465,7.911411,7.858810,7.928940,7.753536,7.893879,7.911411,7.999016,8.121536,8.208961,8.313774,7.911411,7.700855,7.577831,7.648148,7.665718,7.560242,7.489868,7.296085,7.366592,7.366592,7.419441,7.348972,7.419441,7.313717,7.525059,7.683289,8.278851,8.470791,8.523075,8.208961,8.034035,7.893879,7.999016,8.016525,8.051544,8.226437,8.208961,8.174004,8.348686,8.348686,8.121536,8.243912,8.226437,8.261383,8.226437,8.261383,8.313774,8.261383,8.331230,8.383591,8.278851,8.366138,8.488220,8.401035,8.523075,8.470791,8.470791,8.575333,8.610161,8.610161,8.644970,8.975086,9.044441,8.923035,8.784096,8.731949,8.575333,8.540497,8.488220,8.557915,8.731949,8.662369,8.766716,8.662369,8.610161,8.575333,8.592743,8.592743,8.610161,8.662369,8.714558,8.853588,8.853588,8.784096,8.714558,8.575333,8.679768,8.610161,8.505650,8.418476,8.383591,8.383591,8.470791,8.453358,8.505650,8.348686,8.401035,8.383591,8.401035,8.366138,8.453358,8.505650,8.488220,8.488220,8.331230,8.418476,8.923035,9.061775,8.714558,8.296310,8.104042,8.051544,8.086544,7.999016,7.963982,7.911411,7.876347,7.928940,7.788635,7.823730,7.823730,7.858810,7.893879,7.823730,7.735977,7.753536,7.735977,7.788635,7.771088,7.928940,7.823730,7.771088,7.718422,7.753536,7.683289,7.735977,7.648148,7.700855,7.841270,7.876347,8.034035,7.946465,8.069046,8.453358,9.407806,9.425079,9.234943,8.905678,8.714558,8.818848,8.905678,8.818848,8.784096,8.610161,8.662369,8.749332,8.592743,8.818848,8.853588,8.870953,8.714558,8.784096,8.870953,8.923035,8.992432,9.131081,8.975086,8.888317,8.975086,8.957737,9.148392,9.009773,9.061775,9.061775,9.027115,9.131081,9.183022,9.183022,9.165710,9.217640,9.304119,9.338692,9.425079,9.373260,9.321407,9.096436,8.957737,8.975086,8.957737,8.870953,8.940388,8.923035,8.818848,8.697163,8.731949,8.731949,8.801476,8.801476,8.818848,8.836220,9.096436,9.787056,9.718216,9.545887,8.992432,8.923035,8.992432,9.027115,9.009773,9.079109,9.183022,9.200333,8.992432,9.027115,8.940388,8.975086,8.940388,8.975086,9.096436,8.923035,8.818848,8.853588,8.940388,9.113758,9.148392,9.079109,9.027115,9.113758,9.286831,9.183022,8.905678,8.905678,8.870953,8.853588,8.870953,8.853588,8.731949,8.836220,9.390537,9.683773,9.735428,9.390537,9.183022,9.044441,9.009773,8.888317,8.957737,9.044441,9.009773,9.027115,9.200333,9.252239,9.252239,9.234943,9.355976,9.304119,9.217640,9.131081,9.183022,9.338692,9.355976,9.338692,9.373260,9.476868,9.407806,9.373260,9.459610,9.545887,9.597610,9.528633,9.632080,9.632080,9.511379,9.563126,9.666546,9.718216,9.718216,9.821461,9.838661,9.563126,9.563126,9.459610,9.563126,9.407806,9.494129,9.407806,9.442345,9.321407,9.373260,9.304119,9.217640,9.304119,9.304119,9.355976,9.442345,9.511379,9.563126,10.010487,10.130581,10.233398,9.907425,9.700993,9.459610,9.407806,9.390537,9.494129,9.476868,9.425079,9.459610,9.597610,9.597610,9.459610,9.528633,9.442345,9.494129,9.442345,9.407806,9.476868,9.459610,9.494129,9.632080,9.580376,9.632080,10.044807,10.147728,9.924606,9.683773,9.614849,9.718216,9.597610,9.649315,9.632080,9.632080,9.632080,9.528633,9.718216,10.250530,10.336117,10.216270,9.718216,9.494129,9.390537,9.338692,9.286831,9.355976,9.390537,9.545887,9.476868,9.580376,9.563126,9.580376,9.614849,9.666546,9.804260,9.907425,9.924606,9.993317,9.838661,9.769852,9.735428,9.735428,9.752644,9.735428,9.683773,9.666546,9.666546,9.769852,9.752644,9.787056,9.890244,9.958965,9.924606,9.958965,9.993317,9.941792,9.941792,9.838661,9.890244,9.924606,9.821461,9.752644,9.718216,9.683773,9.649315,9.718216,9.580376,9.735428,9.649315,9.597610,9.666546,9.632080,9.580376,9.545887,9.563126,9.958965,10.147728,10.301891,10.182007,9.718216,9.528633,9.511379,9.511379,9.545887,9.563126,9.683773,9.718216,9.649315,9.666546,9.683773,9.718216,9.666546,9.632080,9.683773,9.683773,9.666546,9.683773,9.683773,9.718216,9.735428,9.614849,9.614849,9.735428,9.787056,9.649315,9.718216,9.632080,9.735428,9.700993,9.700993,9.614849,9.649315,9.580376,9.769852,10.284771,10.250530,10.250530,9.787056,9.442345,9.407806,9.390537,9.545887,9.442345,9.425079,9.545887,9.511379,9.614849,9.649315,9.632080,9.700993,9.632080,9.614849,9.769852,9.769852,9.649315,9.752644,9.907425,9.873051,9.941792,9.993317,9.993317,10.044807,10.096279,9.993317,10.027649,9.993317,9.907425,9.907425,9.958965,9.924606,9.838661,9.838661,9.804260,9.907425,9.941792,10.027649,9.821461,9.941792,9.873051,9.804260,9.769852,9.769852,9.563126,9.597610,9.373260,9.338692,9.252239,9.200333,9.321407,9.752644,9.804260,9.735428,9.390537,9.390537,9.217640,9.183022,9.044441,9.044441,8.957737,8.992432,8.870953,8.940388,8.923035,8.888317,8.905678,8.836220,8.818848,8.888317,8.870953,8.784096,8.801476,8.888317,8.870953,8.749332,8.679768,8.697163,8.749332,8.749332,8.749332,8.731949,8.644970,8.679768,8.697163,8.749332,8.697163,8.731949,8.836220,8.905678,8.957737,8.905678,8.836220,8.818848,8.818848,8.662369,8.679768,8.714558,8.731949,8.644970,8.644970,8.575333,8.505650,8.488220,8.575333,8.523075,8.453358,8.435913,8.383591,8.383591,8.278851,8.226437,8.086544,8.016525,8.069046,7.893879,7.753536,7.630577,7.489868,7.401833,7.207882,6.978207,6.925133,6.818905,6.730297,6.694839,6.606125,6.570625,6.392914,6.428486,6.197094,6.054455,5.804367,5.732807,5.499908,5.248528,5.086613,4.942490,4.798172,4.653660,4.581333,4.545155,4.508957,4.563248,4.436539,4.255280,4.237133,4.237133,4.091881,4.091881,4.146374,4.200836,4.037365,4.091881,4.001003,4.019184,4.019184,3.982819,4.055538,3.928246,3.982819,4.110050,4.200836,4.345943,4.635590,4.852314,
7.683289,7.683289,7.753536,7.823730,7.928940,7.981499,8.174004,8.261383,8.313774,8.278851,8.208961,8.313774,8.261383,8.208961,8.121536,8.051544,8.104042,8.086544,8.104042,8.156513,8.191483,8.156513,8.331230,8.435913,8.540497,8.453358,8.523075,8.575333,8.435913,8.592743,8.401035,8.296310,8.296310,8.331230,8.278851,8.174004,8.121536,8.174004,8.121536,8.069046,8.156513,8.156513,8.104042,8.016525,7.911411,8.174004,8.261383,8.156513,7.823730,7.630577,7.665718,7.560242,7.542656,7.507469,7.525059,7.437057,7.525059,7.366592,7.419441,7.278450,7.401833,7.384212,7.542656,8.261383,8.383591,8.348686,8.174004,7.858810,7.876347,7.841270,7.841270,7.893879,7.928940,7.858810,7.893879,7.858810,7.876347,7.823730,7.963982,7.841270,7.823730,7.841270,7.893879,7.928940,7.893879,7.893879,8.034035,7.981499,7.981499,7.876347,7.999016,8.139027,8.086544,8.086544,8.191483,8.121536,8.278851,8.261383,8.505650,8.784096,8.853588,8.644970,8.313774,8.139027,8.104042,8.086544,8.104042,8.069046,8.156513,8.226437,8.243912,8.226437,8.331230,8.348686,8.383591,8.435913,8.453358,8.784096,8.957737,9.027115,8.766716,8.784096,8.679768,8.697163,8.610161,8.383591,8.470791,8.557915,8.610161,8.627563,8.697163,8.627563,8.801476,8.592743,8.627563,8.523075,8.488220,8.610161,8.697163,8.592743,8.575333,8.644970,8.662369,8.940388,9.079109,9.061775,8.905678,8.697163,8.662369,8.575333,8.644970,8.610161,8.488220,8.401035,8.557915,8.435913,8.278851,8.104042,8.174004,8.174004,8.348686,8.174004,8.139027,8.069046,8.139027,8.174004,8.208961,8.156513,8.034035,7.963982,7.841270,7.806187,7.665718,7.718422,7.683289,7.753536,7.876347,7.841270,7.788635,7.981499,8.331230,9.338692,9.407806,9.165710,8.540497,8.139027,8.104042,8.191483,8.191483,8.156513,8.191483,8.191483,8.174004,8.086544,8.243912,8.121536,8.156513,8.191483,8.278851,8.208961,8.313774,8.418476,8.470791,8.418476,8.557915,8.610161,8.557915,8.540497,8.662369,8.679768,8.714558,8.836220,8.923035,8.957737,8.940388,8.957737,9.044441,9.113758,9.597610,9.683773,9.821461,9.614849,9.338692,9.355976,9.373260,9.390537,9.286831,9.355976,9.269539,9.165710,9.079109,9.079109,9.217640,9.200333,9.269539,9.269539,9.269539,9.338692,9.511379,9.563126,9.442345,9.338692,9.355976,9.338692,9.407806,9.425079,9.459610,9.545887,9.459610,9.442345,9.338692,9.286831,9.217640,9.183022,9.183022,9.252239,9.079109,9.061775,9.252239,9.165710,9.131081,9.234943,9.079109,9.044441,9.044441,9.165710,9.200333,9.096436,8.957737,8.836220,8.853588,8.836220,8.714558,8.853588,8.784096,9.079109,9.666546,9.649315,9.442345,9.113758,9.061775,8.905678,8.888317,8.940388,9.009773,8.957737,8.940388,8.975086,9.200333,9.131081,9.165710,9.165710,9.131081,9.165710,9.148392,9.079109,9.009773,8.975086,8.975086,8.975086,9.027115,9.061775,9.113758,9.217640,9.373260,9.304119,9.234943,9.217640,9.183022,9.304119,9.200333,9.269539,9.563126,9.821461,9.855862,9.580376,9.373260,9.304119,9.304119,9.304119,9.494129,9.390537,9.321407,9.269539,9.355976,9.321407,9.304119,9.338692,9.476868,9.476868,9.563126,9.597610,9.632080,9.649315,9.855862,9.941792,9.821461,9.890244,9.700993,9.700993,9.511379,9.649315,9.632080,9.649315,9.580376,9.545887,9.545887,9.511379,9.494129,9.459610,9.494129,9.476868,9.666546,9.752644,9.563126,9.683773,9.649315,9.700993,9.614849,9.787056,9.941792,9.941792,9.804260,9.683773,9.632080,9.683773,9.545887,9.545887,9.545887,9.476868,9.494129,9.528633,9.459610,10.182007,10.233398,10.061974,9.666546,9.338692,9.373260,9.338692,9.269539,9.234943,9.321407,9.321407,9.338692,9.304119,9.338692,9.286831,9.252239,9.304119,9.390537,9.425079,9.355976,9.494129,9.338692,9.338692,9.355976,9.425079,9.425079,9.425079,9.442345,9.511379,9.476868,9.511379,9.580376,9.804260,9.821461,9.873051,9.924606,9.838661,10.010487,10.061974,10.147728,10.199139,10.010487,9.924606,9.873051,9.890244,10.010487,9.941792,9.993317,10.027649,10.061974,9.976139,9.976139,9.976139,9.873051,9.924606,9.666546,9.632080,9.700993,10.079128,10.182007,10.147728,9.890244,9.769852,9.683773,9.683773,9.580376,9.666546,9.804260,9.821461,9.804260,9.769852,9.683773,9.649315,9.718216,9.632080,9.700993,9.683773,9.718216,9.787056,9.873051,9.804260,9.787056,9.597610,9.649315,9.735428,9.718216,9.683773,9.614849,9.597610,9.563126,9.597610,9.649315,9.632080,9.511379,9.683773,9.528633,9.735428,10.233398,10.182007,10.182007,9.700993,9.476868,9.390537,9.442345,9.528633,9.321407,9.217640,9.252239,9.321407,9.321407,9.321407,9.269539,9.338692,9.338692,9.355976,9.304119,9.459610,9.442345,9.528633,9.632080,9.580376,9.718216,9.838661,9.769852,9.632080,9.804260,9.890244,9.941792,9.855862,9.838661,9.838661,9.890244,9.855862,9.907425,9.941792,9.958965,10.164867,10.233398,10.301891,10.199139,10.353233,10.164867,10.233398,10.113426,10.182007,10.061974,9.993317,9.993317,9.941792,9.804260,9.890244,9.976139,10.027649,10.079128,10.113426,9.924606,9.666546,9.632080,9.580376,9.338692,9.252239,9.217640,9.234943,9.200333,9.425079,9.373260,9.355976,9.304119,9.200333,9.148392,9.044441,9.079109,9.044441,9.027115,8.992432,8.888317,8.818848,8.853588,8.853588,8.801476,8.905678,8.749332,8.679768,8.662369,8.662369,8.679768,8.766716,8.766716,8.784096,8.853588,9.027115,9.148392,9.079109,8.940388,8.853588,8.714558,8.749332,8.679768,8.784096,8.697163,8.697163,8.679768,8.644970,8.714558,8.662369,8.627563,8.679768,8.610161,8.592743,8.627563,8.610161,8.714558,8.418476,8.505650,8.488220,8.348686,8.383591,8.261383,8.331230,8.121536,7.928940,7.823730,7.507469,7.401833,7.154926,7.154926,7.066605,7.031254,6.872036,6.783474,6.641617,6.517342,6.464035,6.214916,6.197094,6.000916,5.858009,5.643291,5.374290,5.140610,4.942490,4.888393,4.780113,4.653660,4.581333,4.454651,4.454651,4.418427,4.364071,4.182686,4.237133,4.218987,4.200836,4.091881,4.110050,4.128212,4.037365,4.091881,4.001003,4.073711,4.037365,3.982819,3.982819,4.073711,3.982819,4.182686,4.255280,
7.419441,7.296085,7.437057,7.577831,7.595413,7.700855,8.139027,8.208961,8.331230,8.069046,7.771088,7.718422,7.648148,7.788635,7.771088,7.841270,7.753536,7.788635,7.911411,7.963982,8.016525,8.174004,8.401035,8.418476,8.488220,8.505650,8.610161,8.523075,8.540497,8.523075,8.401035,8.348686,8.243912,8.208961,8.313774,8.226437,8.383591,8.261383,8.296310,8.226437,8.401035,8.453358,8.383591,8.226437,8.086544,7.911411,7.963982,7.911411,7.700855,7.630577,7.735977,7.648148,7.683289,7.683289,7.612995,7.595413,7.648148,7.525059,7.454662,7.437057,7.630577,7.648148,7.718422,8.069046,8.243912,8.243912,7.946465,7.981499,7.928940,7.841270,7.893879,7.911411,7.928940,7.876347,7.858810,7.946465,7.946465,7.963982,7.981499,7.946465,7.876347,7.876347,7.893879,7.911411,7.981499,7.946465,7.963982,7.893879,7.911411,7.999016,7.999016,8.016525,8.034035,8.051544,7.963982,7.963982,8.051544,7.963982,8.069046,8.662369,8.644970,8.662369,8.243912,8.016525,7.876347,7.928940,7.876347,7.981499,7.876347,7.946465,7.928940,8.069046,8.104042,8.051544,8.086544,8.051544,7.999016,8.366138,8.818848,8.801476,8.627563,8.366138,8.348686,8.226437,7.911411,7.911411,7.841270,8.086544,8.401035,8.418476,8.557915,8.644970,8.453358,8.418476,8.435913,8.243912,8.296310,8.331230,8.401035,8.488220,8.557915,8.557915,8.731949,8.888317,8.905678,8.992432,8.905678,8.836220,8.801476,8.923035,8.888317,8.784096,8.784096,8.853588,8.975086,8.888317,8.853588,8.801476,8.679768,8.731949,8.784096,8.801476,8.749332,8.749332,8.714558,8.818848,8.766716,8.749332,8.697163,8.540497,8.418476,8.453358,8.331230,8.366138,8.296310,8.261383,8.313774,8.313774,8.174004,8.174004,8.557915,9.407806,9.390537,9.269539,8.592743,8.313774,8.296310,8.243912,8.156513,8.156513,8.104042,8.243912,8.261383,8.243912,8.261383,8.121536,8.139027,8.121536,8.086544,8.208961,8.366138,8.313774,8.418476,8.331230,8.331230,8.331230,8.523075,8.435913,8.470791,8.540497,8.540497,8.488220,8.435913,8.418476,8.523075,8.575333,8.679768,8.731949,9.442345,9.597610,9.494129,9.044441,8.749332,8.679768,8.766716,8.679768,8.749332,8.766716,8.679768,8.749332,8.679768,8.714558,8.749332,8.870953,8.870953,8.975086,9.061775,9.113758,9.148392,9.148392,9.131081,9.131081,9.148392,9.183022,9.234943,9.407806,9.321407,9.321407,9.425079,9.459610,9.425079,9.373260,9.321407,9.407806,9.511379,9.700993,9.752644,9.700993,9.666546,9.614849,9.735428,9.700993,9.614849,9.597610,9.545887,9.597610,9.545887,9.425079,9.183022,9.148392,9.131081,8.992432,8.836220,8.957737,8.870953,9.200333,9.752644,9.700993,9.511379,9.304119,9.200333,9.113758,9.096436,9.044441,9.009773,8.975086,9.027115,8.992432,9.148392,9.183022,9.113758,9.131081,9.148392,9.148392,9.113758,9.009773,9.061775,8.957737,8.957737,8.957737,9.027115,8.957737,9.009773,8.975086,9.148392,9.148392,9.009773,8.940388,8.975086,9.009773,8.940388,9.009773,9.355976,9.683773,9.804260,9.597610,9.096436,8.957737,8.870953,8.801476,8.975086,8.940388,8.957737,8.992432,9.096436,9.113758,9.061775,8.992432,8.992432,9.061775,9.096436,9.183022,9.252239,9.304119,9.407806,9.425079,9.442345,9.528633,9.545887,9.580376,9.649315,9.683773,9.666546,9.632080,9.528633,9.511379,9.649315,9.666546,9.632080,9.718216,9.821461,10.010487,10.079128,10.044807,10.027649,9.924606,9.804260,9.855862,9.890244,9.958965,9.976139,9.890244,9.873051,9.752644,9.769852,9.752644,9.821461,9.666546,9.580376,9.580376,9.511379,9.459610,9.597610,10.130581,10.353233,10.113426,9.666546,9.580376,9.528633,9.597610,9.338692,9.442345,9.442345,9.355976,9.425079,9.442345,9.442345,9.304119,9.321407,9.373260,9.511379,9.425079,9.511379,9.476868,9.200333,9.200333,9.252239,9.286831,9.286831,9.217640,9.252239,9.148392,9.217640,9.183022,9.304119,9.407806,9.528633,9.459610,9.390537,9.425079,9.649315,10.199139,9.907425,9.958965,9.718216,9.545887,9.649315,9.580376,9.563126,9.632080,9.735428,9.821461,9.907425,9.821461,9.907425,9.838661,9.821461,9.769852,9.855862,9.838661,9.804260,9.873051,9.769852,9.787056,9.718216,9.718216,9.769852,9.735428,9.821461,9.787056,9.890244,9.873051,9.735428,9.804260,9.752644,9.769852,9.821461,9.821461,9.890244,9.924606,10.044807,10.096279,10.044807,10.044807,9.873051,9.821461,9.838661,9.804260,9.821461,9.700993,9.718216,9.700993,9.700993,9.597610,9.735428,9.804260,9.649315,9.632080,9.649315,9.890244,10.216270,10.284771,10.147728,9.683773,9.494129,9.511379,9.494129,9.511379,9.321407,9.286831,9.252239,9.234943,9.217640,9.286831,9.252239,9.165710,9.200333,9.234943,9.217640,9.407806,9.373260,9.407806,9.476868,9.476868,9.494129,9.459610,9.459610,9.442345,9.442345,9.407806,9.373260,9.407806,9.407806,9.459610,9.442345,9.390537,9.528633,9.390537,9.649315,10.061974,10.164867,10.199139,10.233398,10.079128,9.958965,10.027649,9.890244,9.941792,9.976139,10.061974,10.044807,9.993317,9.907425,10.079128,10.044807,10.027649,10.079128,10.079128,10.096279,10.027649,10.027649,9.890244,9.821461,9.649315,9.735428,9.683773,9.700993,9.769852,9.752644,9.666546,9.718216,9.632080,9.580376,9.442345,9.425079,9.425079,9.355976,9.286831,9.217640,9.165710,9.061775,9.131081,9.183022,9.061775,9.096436,9.009773,8.992432,8.923035,8.853588,8.870953,8.818848,8.975086,8.957737,9.234943,9.321407,9.113758,9.027115,8.870953,8.836220,8.853588,8.801476,8.888317,8.714558,8.784096,8.818848,8.731949,8.731949,8.644970,8.731949,8.697163,8.697163,8.627563,8.644970,8.557915,8.662369,8.627563,8.557915,8.523075,8.435913,8.435913,8.348686,8.348686,8.401035,8.331230,8.191483,8.086544,7.946465,7.876347,7.735977,7.630577,7.507469,7.190231,7.048931,6.907440,6.712570,6.464035,6.392914,6.268349,6.303955,6.107971,6.107971,5.858009,5.697014,5.481972,5.158604,4.978535,4.870358,4.834267,4.653660,4.671738,4.527058,4.436539,4.309685,4.345943,4.273415,4.364071,4.237133,4.182686,4.146374,4.055538,4.037365,4.055538,3.964630,4.037365,4.073711,3.982819,3.964630,3.964630,3.982819,3.964630,
7.577831,7.454662,7.419441,7.384212,7.577831,7.595413,7.999016,8.156513,8.313774,7.963982,7.648148,7.366592,7.489868,7.419441,7.525059,7.437057,7.507469,7.454662,7.525059,7.700855,7.648148,7.718422,7.823730,7.981499,7.981499,8.086544,8.226437,8.139027,8.069046,8.104042,7.981499,7.963982,7.876347,7.876347,7.788635,7.928940,7.928940,7.963982,7.946465,7.876347,8.034035,8.313774,8.366138,8.191483,7.718422,7.507469,7.348972,7.313717,7.278450,7.454662,7.454662,7.542656,7.560242,7.612995,7.560242,7.525059,7.384212,7.472267,7.525059,7.612995,7.472267,7.507469,7.612995,7.648148,7.788635,7.665718,7.700855,7.735977,7.928940,7.823730,7.858810,7.841270,7.771088,7.999016,7.841270,8.034035,8.226437,8.331230,8.366138,8.121536,8.086544,7.999016,8.139027,8.139027,8.069046,8.139027,8.156513,8.313774,8.139027,8.191483,8.174004,8.069046,8.261383,7.999016,8.086544,8.086544,8.121536,8.121536,8.156513,8.401035,8.505650,8.540497,8.261383,7.999016,7.946465,7.911411,7.911411,7.876347,7.841270,7.963982,7.981499,7.928940,7.999016,7.999016,7.999016,7.911411,8.034035,8.121536,8.766716,8.853588,8.714558,8.243912,8.156513,8.121536,7.806187,7.735977,7.648148,7.911411,8.156513,8.139027,8.121536,8.174004,8.208961,8.139027,7.963982,7.946465,7.788635,7.841270,7.893879,7.858810,8.016525,8.278851,8.383591,8.488220,8.435913,8.627563,8.505650,8.523075,8.348686,8.208961,8.226437,8.296310,8.278851,8.505650,8.992432,9.079109,9.044441,8.644970,8.418476,8.470791,8.662369,8.749332,8.662369,8.610161,8.784096,8.714558,8.801476,8.801476,8.714558,8.766716,8.731949,8.784096,8.992432,9.044441,9.183022,9.217640,9.113758,9.113758,8.940388,8.957737,9.148392,9.442345,9.390537,9.390537,8.957737,8.801476,8.801476,8.644970,8.679768,8.592743,8.627563,8.592743,8.575333,8.557915,8.401035,8.418476,8.523075,8.366138,8.366138,8.435913,8.505650,8.557915,8.575333,8.505650,8.505650,8.592743,8.470791,8.453358,8.540497,8.575333,8.575333,8.505650,8.366138,8.470791,8.575333,8.557915,8.592743,8.766716,9.338692,9.545887,9.563126,8.870953,8.435913,8.331230,8.296310,8.296310,8.313774,8.296310,8.418476,8.383591,8.435913,8.366138,8.505650,8.540497,8.453358,8.540497,8.523075,8.592743,8.644970,8.644970,8.731949,8.557915,8.557915,8.592743,8.662369,8.592743,8.836220,8.662369,8.679768,8.731949,8.853588,8.836220,8.905678,8.992432,9.200333,9.597610,9.890244,9.787056,9.511379,9.304119,9.321407,9.355976,9.459610,9.373260,9.511379,9.528633,9.511379,9.425079,9.476868,9.494129,9.442345,9.338692,9.286831,9.321407,9.321407,9.476868,9.718216,9.735428,9.580376,9.528633,9.459610,9.390537,9.217640,9.200333,9.338692,9.286831,9.200333,9.217640,9.234943,9.234943,9.234943,9.234943,9.148392,9.252239,9.096436,9.131081,9.079109,9.113758,9.079109,9.027115,8.957737,9.009773,8.992432,8.992432,9.131081,9.148392,9.061775,8.992432,8.940388,8.940388,8.957737,9.061775,9.425079,9.649315,9.821461,9.649315,9.373260,9.096436,8.853588,8.975086,8.992432,8.940388,8.940388,8.957737,8.992432,8.888317,8.836220,8.870953,8.870953,8.975086,8.992432,8.975086,9.027115,9.165710,9.131081,9.148392,9.131081,9.183022,9.061775,9.183022,9.165710,9.217640,9.252239,9.269539,9.304119,9.200333,9.096436,9.321407,9.234943,9.338692,9.735428,10.199139,10.233398,10.061974,9.683773,9.700993,9.683773,9.683773,9.787056,9.941792,9.941792,9.873051,9.907425,9.924606,9.958965,9.941792,9.958965,9.804260,9.769852,9.632080,9.683773,9.735428,9.735428,10.044807,10.079128,9.907425,9.838661,9.787056,9.787056,9.804260,9.752644,9.838661,9.924606,9.855862,9.873051,9.838661,9.787056,9.649315,9.597610,9.528633,9.632080,9.597610,9.563126,9.459610,9.200333,9.269539,9.304119,9.252239,9.252239,9.252239,9.234943,9.183022,9.096436,9.131081,9.269539,9.390537,9.321407,9.304119,9.165710,9.217640,9.304119,9.958965,9.993317,9.838661,9.373260,9.200333,9.252239,9.217640,9.338692,9.165710,9.286831,9.321407,9.425079,9.373260,9.321407,9.373260,9.338692,9.355976,9.494129,9.355976,9.407806,9.338692,9.355976,9.425079,9.407806,9.373260,9.286831,9.425079,9.459610,9.494129,9.700993,9.632080,9.511379,9.528633,9.752644,9.821461,9.752644,9.804260,9.873051,10.061974,10.507072,10.507072,10.472908,10.387436,10.370338,10.267654,10.182007,10.267654,10.147728,10.079128,10.010487,9.941792,9.907425,9.873051,9.958965,9.924606,9.821461,9.855862,9.838661,9.890244,10.164867,10.301891,10.182007,9.700993,9.563126,9.649315,9.563126,9.614849,9.407806,9.373260,9.321407,9.234943,9.304119,9.304119,9.269539,9.321407,9.286831,9.476868,9.442345,9.459610,9.407806,9.442345,9.494129,9.545887,9.580376,9.442345,9.390537,9.425079,9.373260,9.355976,9.407806,9.338692,9.286831,9.217640,9.252239,9.165710,9.131081,9.269539,9.442345,10.164867,10.061974,9.907425,9.666546,9.563126,9.528633,9.580376,9.407806,9.511379,9.511379,9.476868,9.700993,9.735428,9.735428,9.563126,9.700993,9.769852,9.787056,9.804260,9.924606,9.855862,9.855862,9.804260,9.787056,9.838661,9.804260,9.821461,9.838661,9.804260,9.769852,9.752644,9.769852,9.666546,9.666546,9.700993,9.666546,9.666546,9.683773,9.649315,9.632080,9.597610,9.459610,9.459610,9.545887,9.494129,9.407806,9.442345,9.355976,9.269539,9.269539,9.269539,9.044441,9.165710,9.304119,9.494129,9.528633,9.304119,9.269539,9.234943,9.200333,9.113758,9.165710,9.079109,9.113758,9.079109,9.148392,9.079109,9.044441,9.009773,8.888317,8.888317,8.836220,8.836220,8.801476,8.749332,8.714558,8.679768,8.662369,8.575333,8.662369,8.540497,8.418476,8.435913,8.383591,8.366138,8.383591,8.278851,8.226437,8.226437,8.156513,8.226437,8.104042,7.946465,7.560242,7.190231,7.101940,6.818905,6.748028,6.623875,6.570625,6.517342,6.481804,6.410706,6.197094,6.000916,5.750706,5.589546,5.374290,5.176598,4.960514,4.870358,4.743999,4.581333,4.527058,4.454651,4.291550,4.345943,4.327812,4.255280,4.309685,4.237133,4.128212,4.091881,4.091881,4.037365,4.019184,4.037365,3.964630,3.928246,3.946442,3.982819,
7.858810,7.788635,7.823730,7.665718,7.718422,7.788635,8.016525,8.226437,8.243912,8.016525,7.735977,7.507469,7.366592,7.454662,7.437057,7.560242,7.577831,7.577831,7.648148,7.612995,7.648148,7.577831,7.665718,7.753536,7.858810,7.876347,7.893879,7.841270,7.841270,7.876347,7.718422,7.683289,7.718422,7.612995,7.735977,7.630577,7.753536,7.700855,7.612995,7.700855,7.858810,8.191483,8.348686,8.174004,7.700855,7.278450,7.243172,7.207882,7.190231,7.207882,7.207882,7.225533,7.278450,7.313717,7.172585,7.031254,7.066605,7.207882,7.190231,7.225533,7.207882,7.137272,7.207882,7.207882,7.260815,7.207882,7.260815,7.313717,7.366592,7.401833,7.419441,7.437057,7.472267,7.472267,7.577831,7.718422,8.208961,8.540497,8.505650,8.366138,8.086544,8.104042,8.016525,8.139027,8.243912,8.296310,8.278851,8.191483,8.208961,8.208961,8.313774,8.191483,8.139027,8.174004,8.261383,8.296310,8.366138,8.331230,8.243912,8.383591,8.418476,8.523075,8.401035,8.261383,8.121536,8.016525,8.086544,7.928940,8.034035,7.963982,8.069046,8.139027,8.121536,8.243912,8.261383,8.069046,8.191483,8.104042,8.575333,8.731949,8.662369,8.401035,8.261383,8.278851,8.016525,7.771088,7.928940,8.139027,8.174004,8.156513,8.121536,8.086544,8.104042,7.981499,7.876347,7.841270,7.858810,7.806187,7.841270,7.876347,7.893879,8.156513,8.191483,8.261383,8.331230,8.401035,8.348686,8.139027,7.963982,7.806187,7.788635,7.718422,7.858810,7.806187,8.523075,8.801476,8.818848,8.435913,8.191483,8.174004,8.243912,8.261383,8.139027,8.191483,8.191483,8.191483,8.313774,8.348686,8.296310,8.243912,8.331230,8.470791,8.784096,9.131081,9.269539,9.148392,9.131081,9.113758,8.975086,9.217640,9.165710,9.217640,9.321407,9.234943,9.286831,9.234943,9.165710,9.113758,9.079109,9.044441,8.992432,9.009773,8.957737,9.027115,8.975086,8.975086,9.027115,9.044441,8.836220,8.975086,8.992432,9.148392,9.096436,9.044441,8.905678,8.940388,8.870953,8.818848,8.888317,8.992432,9.027115,8.975086,8.853588,8.679768,8.766716,8.801476,8.888317,8.992432,9.338692,9.545887,9.459610,9.044441,8.243912,8.226437,8.296310,8.296310,8.261383,8.296310,8.313774,8.383591,8.348686,8.418476,8.383591,8.383591,8.383591,8.418476,8.366138,8.383591,8.488220,8.505650,8.523075,8.540497,8.523075,8.540497,8.557915,8.557915,8.627563,8.592743,8.523075,8.644970,8.662369,8.662369,8.557915,8.662369,8.784096,9.545887,9.804260,9.683773,9.269539,8.975086,8.836220,8.923035,8.853588,8.870953,8.888317,8.975086,9.027115,9.079109,9.044441,9.113758,9.044441,9.200333,9.113758,8.940388,9.131081,9.321407,9.338692,9.338692,9.390537,9.355976,9.269539,9.269539,9.200333,9.217640,9.338692,9.148392,9.148392,9.183022,9.252239,9.165710,9.252239,9.304119,9.425079,9.425079,9.407806,9.269539,9.217640,9.183022,9.131081,9.113758,9.079109,9.061775,9.096436,9.027115,9.113758,9.061775,9.061775,8.992432,9.027115,9.061775,8.975086,8.975086,9.252239,9.649315,9.580376,9.597610,9.580376,9.494129,9.321407,9.113758,9.252239,9.131081,9.165710,9.234943,9.269539,9.252239,9.148392,9.113758,9.113758,9.079109,9.148392,9.148392,9.183022,9.269539,9.234943,9.165710,9.165710,9.148392,9.165710,9.113758,9.061775,9.113758,9.234943,9.148392,9.113758,9.044441,9.009773,8.957737,9.044441,9.079109,9.563126,10.061974,10.164867,9.924606,9.269539,9.113758,9.183022,9.338692,9.321407,9.304119,9.390537,9.355976,9.459610,9.407806,9.407806,9.528633,9.494129,9.580376,9.494129,9.614849,9.597610,9.597610,9.597610,9.649315,9.666546,9.649315,9.718216,9.752644,9.804260,9.821461,9.958965,9.941792,9.993317,10.061974,10.164867,10.216270,10.182007,9.890244,9.976139,9.941792,9.993317,9.976139,9.907425,9.649315,9.355976,9.355976,9.286831,9.252239,9.252239,9.321407,9.286831,9.113758,9.165710,9.183022,9.338692,9.321407,9.304119,9.113758,9.148392,9.061775,9.079109,9.700993,9.752644,9.632080,9.252239,9.217640,9.269539,9.252239,9.252239,9.252239,9.269539,9.217640,9.234943,9.234943,9.338692,9.355976,9.355976,9.321407,9.321407,9.321407,9.269539,9.338692,9.269539,9.286831,9.286831,9.321407,9.252239,9.373260,9.442345,9.425079,9.373260,9.442345,9.407806,9.407806,9.494129,9.597610,9.632080,9.700993,9.787056,10.216270,10.489990,10.489990,10.404537,10.353233,10.319000,10.233398,10.250530,10.233398,10.147728,10.061974,10.199139,10.044807,10.027649,10.061974,9.993317,10.079128,9.924606,10.096279,10.113426,10.147728,10.164867,10.233398,10.216270,9.976139,10.096279,10.044807,9.941792,9.941792,9.821461,9.735428,9.700993,9.666546,9.649315,9.718216,9.649315,9.597610,9.649315,9.718216,9.752644,9.752644,9.666546,9.683773,9.563126,9.563126,9.563126,9.511379,9.373260,9.390537,9.442345,9.407806,9.373260,9.390537,9.390537,9.269539,9.131081,9.183022,9.217640,9.252239,9.597610,9.924606,9.993317,9.700993,9.442345,9.338692,9.373260,9.355976,9.321407,9.217640,9.252239,9.269539,9.321407,9.373260,9.286831,9.304119,9.338692,9.321407,9.321407,9.338692,9.373260,9.373260,9.407806,9.425079,9.425079,9.321407,9.390537,9.338692,9.425079,9.425079,9.407806,9.459610,9.407806,9.476868,9.425079,9.545887,9.476868,9.649315,9.804260,9.752644,9.873051,9.683773,9.632080,9.597610,9.649315,9.511379,9.494129,9.545887,9.632080,9.666546,9.614849,9.563126,9.338692,9.476868,9.494129,9.528633,9.511379,9.545887,9.528633,9.494129,9.476868,9.528633,9.476868,9.425079,9.511379,9.563126,9.632080,9.407806,9.476868,9.234943,9.373260,9.165710,9.096436,9.096436,9.079109,9.165710,9.079109,8.905678,8.940388,8.957737,8.818848,8.749332,8.749332,8.627563,8.540497,8.557915,8.540497,8.470791,8.435913,8.470791,8.401035,8.453358,8.540497,8.383591,8.174004,7.718422,7.419441,7.296085,7.084278,7.013577,6.872036,6.765751,6.712570,6.606125,6.410706,6.357342,6.214916,6.036610,5.768597,5.571625,5.392242,5.140610,5.068611,4.870358,4.816223,4.689812,4.617508,4.472755,4.382195,4.418427,4.273415,4.382195,4.327812,4.237133,4.091881,4.037365,4.001003,4.055538,4.019184,4.019184,3.964630,4.001003,
7.841270,7.928940,7.893879,7.823730,7.771088,7.911411,7.911411,7.999016,8.086544,7.999016,7.823730,7.683289,7.665718,7.771088,7.823730,7.911411,7.876347,7.806187,7.858810,7.876347,7.841270,7.946465,7.981499,8.051544,8.086544,8.051544,7.999016,7.823730,7.823730,7.858810,7.771088,7.841270,7.823730,7.823730,7.630577,7.648148,7.753536,7.595413,7.648148,7.648148,7.612995,7.946465,8.313774,8.278851,7.735977,7.419441,7.331345,7.331345,7.331345,7.384212,7.366592,7.348972,7.384212,7.401833,7.437057,7.313717,7.243172,7.137272,7.207882,7.172585,7.225533,7.172585,7.137272,7.225533,7.366592,7.348972,7.243172,7.296085,7.331345,7.296085,7.366592,7.296085,7.296085,7.260815,7.243172,7.366592,7.876347,8.348686,8.592743,8.243912,7.788635,7.753536,7.823730,7.823730,7.946465,8.121536,8.139027,8.121536,8.069046,8.261383,8.174004,8.051544,8.051544,7.999016,8.104042,8.016525,8.069046,8.139027,8.104042,7.999016,7.999016,8.069046,8.208961,8.191483,8.174004,8.121536,8.121536,8.121536,8.069046,8.086544,8.139027,8.401035,8.557915,8.523075,8.644970,8.488220,8.296310,8.401035,8.557915,8.644970,8.523075,8.401035,8.418476,8.418476,8.366138,8.296310,8.296310,8.313774,8.470791,8.383591,8.418476,8.435913,8.401035,8.401035,8.261383,8.278851,8.243912,8.278851,8.139027,8.104042,8.156513,8.401035,8.470791,8.453358,8.383591,8.313774,8.366138,8.261383,8.086544,7.858810,7.841270,7.735977,7.753536,7.735977,8.156513,8.644970,8.818848,8.453358,8.156513,8.121536,8.261383,8.174004,8.069046,8.104042,8.104042,8.086544,8.104042,8.069046,8.104042,8.086544,8.156513,8.156513,8.523075,9.027115,9.217640,9.148392,8.940388,8.627563,8.523075,8.505650,8.627563,8.714558,8.697163,8.957737,9.009773,8.870953,8.766716,8.697163,8.714558,8.801476,8.923035,8.870953,8.836220,8.888317,8.870953,8.888317,9.009773,8.992432,8.905678,8.905678,8.923035,9.027115,8.940388,9.044441,8.975086,8.870953,8.888317,8.940388,9.027115,9.217640,9.494129,9.338692,9.165710,9.079109,9.113758,9.096436,9.200333,9.269539,9.442345,9.425079,9.390537,9.027115,8.679768,8.488220,8.470791,8.505650,8.453358,8.523075,8.644970,8.784096,8.818848,8.679768,8.575333,8.557915,8.662369,8.627563,8.697163,8.697163,8.697163,8.679768,8.662369,8.679768,8.679768,8.697163,8.749332,8.714558,8.801476,8.731949,8.592743,8.644970,8.679768,8.697163,8.662369,8.749332,8.853588,9.355976,9.769852,9.735428,9.321407,8.749332,8.679768,8.731949,8.731949,8.731949,8.731949,8.801476,8.888317,8.905678,8.818848,8.853588,8.801476,8.888317,8.784096,8.801476,8.749332,8.888317,8.870953,8.870953,8.784096,8.749332,8.870953,8.801476,8.801476,8.923035,8.957737,8.940388,8.940388,8.870953,8.784096,8.853588,8.853588,9.148392,9.321407,9.442345,9.459610,9.269539,8.905678,8.610161,8.697163,8.714558,8.679768,8.714558,8.644970,8.784096,8.836220,8.957737,8.940388,8.957737,9.009773,8.992432,8.888317,8.905678,9.044441,9.096436,9.286831,9.338692,9.355976,9.373260,9.338692,9.338692,9.355976,9.321407,9.459610,9.580376,9.563126,9.511379,9.476868,9.442345,9.338692,9.459610,9.442345,9.373260,9.580376,9.700993,9.649315,9.476868,9.425079,9.373260,9.390537,9.234943,9.321407,9.304119,9.286831,9.407806,9.338692,9.286831,9.200333,9.148392,9.286831,9.407806,9.718216,10.199139,10.199139,9.752644,9.217640,9.131081,9.079109,9.165710,9.234943,9.148392,9.183022,9.165710,9.165710,9.148392,9.079109,9.131081,9.252239,9.096436,9.148392,9.234943,9.200333,9.096436,9.165710,9.079109,9.113758,9.044441,9.061775,9.234943,9.200333,9.286831,9.407806,9.373260,9.459610,9.649315,9.614849,9.700993,9.769852,9.632080,9.838661,10.027649,10.044807,9.993317,9.821461,9.442345,9.304119,9.252239,9.113758,9.183022,9.269539,9.200333,9.252239,9.269539,9.269539,9.217640,9.286831,9.252239,9.165710,9.079109,9.061775,8.923035,9.113758,9.528633,9.528633,9.528633,9.321407,9.304119,9.321407,9.338692,9.355976,9.355976,9.304119,9.269539,9.321407,9.338692,9.321407,9.390537,9.355976,9.355976,9.459610,9.425079,9.459610,9.494129,9.390537,9.459610,9.425079,9.442345,9.425079,9.476868,9.597610,9.649315,9.735428,9.545887,9.528633,9.580376,9.718216,9.787056,9.838661,9.855862,9.941792,10.404537,10.609497,10.421631,10.233398,9.993317,9.838661,9.787056,9.873051,9.907425,9.907425,10.044807,10.044807,9.976139,9.958965,9.958965,9.941792,9.855862,9.976139,10.010487,9.907425,9.890244,9.924606,9.941792,9.941792,9.838661,9.804260,9.907425,9.907425,9.873051,9.855862,9.976139,9.907425,9.873051,9.873051,9.924606,9.907425,10.027649,10.113426,10.113426,10.233398,10.182007,10.096279,9.804260,9.752644,9.804260,9.700993,9.683773,9.632080,9.666546,9.545887,9.580376,9.511379,9.511379,9.390537,9.321407,9.321407,9.286831,9.304119,9.355976,9.632080,9.873051,9.873051,9.718216,9.545887,9.459610,9.390537,9.442345,9.425079,9.321407,9.355976,9.338692,9.373260,9.355976,9.321407,9.304119,9.304119,9.338692,9.304119,9.442345,9.252239,9.286831,9.286831,9.217640,9.217640,9.183022,9.131081,9.148392,9.165710,9.183022,9.131081,9.131081,9.061775,9.096436,9.096436,9.131081,9.183022,9.373260,9.718216,9.787056,9.597610,9.511379,9.390537,9.476868,9.545887,9.390537,9.390537,9.442345,9.545887,9.528633,9.459610,9.407806,9.407806,9.459610,9.494129,9.511379,9.476868,9.494129,9.528633,9.563126,9.494129,9.511379,9.528633,9.614849,9.511379,9.563126,9.511379,9.459610,9.442345,9.528633,9.373260,9.373260,9.304119,9.269539,9.338692,9.373260,9.390537,9.390537,9.442345,9.234943,9.044441,8.992432,8.957737,8.923035,8.853588,8.731949,8.766716,8.644970,8.679768,8.627563,8.592743,8.610161,8.714558,8.557915,8.348686,8.208961,7.963982,7.648148,7.507469,7.437057,7.419441,7.013577,6.995895,6.872036,6.677101,6.623875,6.446259,6.286148,6.179276,6.090134,5.947346,5.750706,5.571625,5.356339,5.158604,4.996559,4.743999,4.671738,4.635590,4.599422,4.581333,4.490860,4.309685,4.273415,4.200836,4.182686,4.237133,4.128212,4.055538,4.091881,4.037365,4.164528,
7.630577,7.700855,7.718422,7.771088,7.665718,7.542656,7.648148,7.630577,7.753536,7.665718,7.648148,7.788635,7.648148,7.753536,7.841270,7.946465,7.858810,7.858810,7.823730,7.893879,8.016525,8.086544,8.243912,8.296310,8.261383,8.174004,8.156513,7.981499,7.981499,7.841270,7.911411,7.911411,7.911411,7.893879,7.981499,7.858810,7.841270,7.858810,7.771088,7.806187,7.718422,7.911411,8.278851,8.243912,8.034035,7.981499,7.841270,7.823730,7.893879,7.841270,7.858810,7.735977,7.806187,7.806187,7.911411,7.700855,7.788635,7.753536,7.753536,7.612995,7.630577,7.525059,7.577831,7.683289,7.718422,7.595413,7.595413,7.648148,7.560242,7.560242,7.683289,7.472267,7.595413,7.472267,7.437057,7.648148,7.806187,8.453358,8.435913,8.331230,7.858810,7.771088,7.893879,7.946465,7.963982,8.104042,8.069046,7.981499,8.051544,7.963982,8.069046,8.051544,8.034035,8.051544,8.016525,8.051544,7.999016,7.981499,7.911411,7.946465,7.841270,7.911411,7.911411,7.928940,8.051544,7.981499,7.981499,8.016525,7.841270,7.858810,7.963982,8.191483,8.627563,8.766716,8.766716,8.453358,8.278851,8.139027,8.191483,8.104042,8.034035,8.174004,8.331230,8.313774,8.243912,8.243912,8.313774,8.331230,8.313774,8.383591,8.435913,8.453358,8.523075,8.418476,8.575333,8.540497,8.505650,8.540497,8.662369,8.575333,8.714558,8.731949,8.662369,8.627563,8.575333,8.592743,8.575333,8.470791,8.366138,8.348686,8.366138,8.243912,8.121536,8.034035,8.261383,8.731949,8.784096,8.575333,8.208961,8.226437,8.226437,8.261383,8.191483,8.296310,8.226437,8.226437,8.156513,8.191483,8.226437,8.243912,8.226437,8.313774,8.435913,9.079109,9.217640,9.338692,8.940388,8.505650,8.418476,8.418476,8.488220,8.470791,8.540497,8.697163,8.575333,8.575333,8.540497,8.470791,8.470791,8.540497,8.435913,8.435913,8.366138,8.401035,8.575333,8.557915,8.453358,8.488220,8.453358,8.401035,8.470791,8.540497,8.610161,8.662369,8.523075,8.435913,8.470791,8.575333,8.679768,9.044441,9.217640,9.269539,8.818848,8.749332,8.749332,8.905678,8.836220,8.836220,8.940388,9.079109,9.096436,8.888317,8.731949,8.766716,8.679768,8.731949,8.801476,9.027115,9.234943,9.373260,9.321407,9.061775,9.131081,9.113758,9.148392,9.061775,9.027115,8.992432,8.957737,9.079109,8.940388,8.975086,8.940388,8.940388,8.992432,9.096436,9.148392,9.009773,9.061775,9.009773,9.009773,8.992432,9.044441,8.992432,9.113758,9.580376,9.632080,9.580376,9.131081,8.957737,8.940388,8.870953,8.957737,8.836220,8.888317,8.940388,8.940388,8.940388,8.940388,8.853588,8.923035,8.870953,8.731949,8.905678,8.818848,8.784096,8.818848,8.836220,8.784096,8.784096,8.784096,8.749332,8.784096,8.836220,8.784096,8.766716,8.766716,8.749332,8.731949,8.818848,8.784096,9.009773,9.217640,9.494129,9.632080,9.459610,8.940388,8.592743,8.523075,8.505650,8.488220,8.383591,8.488220,8.488220,8.523075,8.627563,8.627563,8.523075,8.505650,8.627563,8.488220,8.470791,8.540497,8.627563,8.627563,8.870953,8.714558,8.784096,8.801476,8.888317,8.957737,9.027115,9.079109,9.183022,9.286831,9.373260,9.373260,9.234943,9.217640,9.269539,9.252239,9.528633,9.855862,9.958965,9.873051,9.718216,9.632080,9.580376,9.545887,9.632080,9.649315,9.718216,9.804260,9.804260,9.769852,9.632080,9.752644,9.718216,9.752644,9.700993,10.061974,10.233398,10.130581,9.804260,9.286831,9.338692,9.338692,9.304119,9.355976,9.338692,9.407806,9.355976,9.217640,9.165710,9.183022,9.252239,9.252239,9.234943,9.200333,9.286831,9.183022,9.183022,9.096436,9.148392,9.044441,9.009773,8.888317,8.992432,9.044441,8.940388,9.061775,8.992432,9.044441,9.009773,9.044441,8.923035,8.975086,9.131081,9.252239,9.821461,9.907425,9.787056,9.269539,8.957737,8.818848,8.749332,8.801476,8.905678,8.923035,9.044441,9.061775,9.113758,9.079109,9.027115,9.096436,9.044441,9.044441,8.992432,8.923035,8.870953,8.923035,8.992432,8.992432,9.165710,9.234943,9.200333,9.252239,9.459610,9.407806,9.355976,9.425079,9.425079,9.286831,9.407806,9.407806,9.442345,9.476868,9.580376,9.666546,9.787056,9.769852,9.752644,9.700993,9.632080,9.666546,9.666546,9.804260,9.804260,9.958965,9.907425,9.958965,10.010487,10.027649,9.941792,10.044807,10.027649,10.096279,10.061974,10.267654,10.421631,10.507072,10.455822,10.130581,9.804260,9.804260,9.752644,9.718216,9.735428,9.700993,9.804260,9.873051,9.941792,9.838661,9.873051,9.821461,9.890244,9.924606,9.993317,9.924606,9.787056,9.890244,9.649315,9.752644,9.700993,9.683773,9.718216,9.804260,9.787056,9.821461,9.855862,9.855862,9.838661,9.821461,9.787056,9.958965,9.855862,10.096279,10.182007,10.164867,10.199139,9.907425,9.735428,9.632080,9.666546,9.614849,9.700993,9.683773,9.683773,9.632080,9.494129,9.511379,9.580376,9.683773,9.735428,9.459610,9.476868,9.545887,9.580376,9.752644,9.804260,9.855862,9.700993,9.597610,9.545887,9.494129,9.563126,9.459610,9.597610,9.511379,9.563126,9.632080,9.494129,9.476868,9.442345,9.597610,9.494129,9.511379,9.494129,9.407806,9.390537,9.286831,9.286831,9.165710,9.148392,9.165710,9.113758,9.183022,9.131081,9.096436,9.183022,9.165710,9.113758,9.079109,9.165710,9.200333,9.545887,9.649315,9.666546,9.511379,9.217640,9.252239,9.148392,9.217640,9.148392,9.148392,9.200333,9.425079,9.390537,9.459610,9.407806,9.355976,9.425079,9.407806,9.390537,9.425079,9.304119,9.338692,9.355976,9.476868,9.459610,9.494129,9.321407,9.459610,9.200333,9.442345,9.373260,9.338692,9.355976,9.269539,9.304119,9.321407,9.373260,9.407806,9.563126,9.442345,9.442345,9.355976,9.217640,9.183022,8.992432,8.992432,8.957737,8.888317,8.870953,8.905678,8.940388,8.888317,8.801476,8.749332,8.836220,8.801476,8.662369,8.697163,8.470791,8.366138,8.243912,8.208961,8.174004,8.069046,7.858810,7.648148,7.348972,6.995895,6.801193,6.623875,6.606125,6.517342,6.464035,6.286148,6.250534,6.161457,6.090134,5.732807,5.481972,5.284477,5.176598,4.942490,4.816223,4.671738,4.581333,4.563248,4.418427,4.400314,4.255280,4.200836,4.182686,4.164528,4.073711,4.218987,4.146374,
7.560242,7.525059,7.595413,7.454662,7.507469,7.401833,7.525059,7.401833,7.489868,7.401833,7.454662,7.472267,7.507469,7.595413,7.612995,7.560242,7.683289,7.595413,7.542656,7.841270,7.823730,8.051544,8.278851,8.348686,8.208961,8.051544,7.911411,7.648148,7.560242,7.648148,7.753536,7.841270,7.718422,7.718422,7.718422,7.893879,7.858810,7.806187,7.788635,7.823730,7.841270,7.876347,8.156513,8.086544,7.841270,7.893879,7.823730,7.963982,8.051544,7.981499,7.981499,7.946465,7.999016,8.069046,8.069046,8.086544,8.261383,8.418476,8.278851,8.086544,7.963982,7.735977,7.841270,7.963982,7.893879,7.999016,8.069046,8.086544,7.999016,8.051544,8.086544,8.069046,8.139027,8.069046,7.999016,8.051544,8.086544,8.435913,8.540497,8.435913,8.104042,8.121536,8.191483,8.156513,8.226437,8.208961,8.243912,8.331230,8.191483,8.226437,8.383591,8.470791,8.453358,8.313774,8.243912,8.331230,8.278851,8.191483,8.121536,8.139027,8.086544,8.051544,7.999016,8.121536,7.981499,8.034035,8.069046,7.946465,7.981499,7.946465,7.999016,8.139027,8.679768,8.784096,8.784096,8.331230,8.069046,7.946465,7.963982,7.876347,7.963982,7.911411,7.999016,7.946465,8.051544,8.121536,8.174004,8.226437,8.139027,8.156513,8.191483,8.226437,8.226437,8.296310,8.191483,8.191483,8.331230,8.366138,8.348686,8.313774,8.331230,8.278851,8.418476,8.453358,8.435913,8.523075,8.592743,8.610161,8.888317,8.888317,8.905678,8.540497,8.348686,8.226437,8.366138,8.505650,8.488220,8.435913,8.366138,8.383591,8.523075,8.523075,8.488220,8.488220,8.418476,8.418476,8.418476,8.435913,8.435913,8.470791,8.453358,8.540497,8.714558,9.096436,9.148392,9.131081,9.044441,8.784096,8.523075,8.505650,8.505650,8.644970,8.557915,8.714558,8.662369,8.610161,8.662369,8.575333,8.592743,8.557915,8.557915,8.470791,8.383591,8.488220,8.505650,8.366138,8.296310,8.366138,8.435913,8.470791,8.331230,8.366138,8.348686,8.383591,8.296310,8.418476,8.331230,8.278851,8.453358,8.784096,9.148392,9.183022,8.714558,8.488220,8.470791,8.575333,8.540497,8.592743,8.679768,8.644970,8.679768,8.592743,8.592743,8.662369,8.697163,8.731949,8.662369,8.818848,9.511379,9.459610,9.373260,9.061775,8.957737,8.888317,8.836220,8.749332,8.697163,8.714558,8.697163,8.557915,8.627563,8.679768,8.731949,8.679768,8.749332,8.923035,9.009773,9.044441,8.940388,8.940388,9.027115,9.044441,9.096436,9.079109,9.148392,9.252239,9.252239,9.286831,9.183022,9.200333,9.148392,9.183022,9.131081,9.269539,9.252239,9.407806,9.407806,9.355976,9.286831,9.286831,9.165710,9.217640,9.183022,9.217640,9.079109,9.079109,9.044441,9.183022,9.027115,9.009773,8.923035,8.888317,8.923035,8.992432,8.975086,9.009773,8.992432,8.888317,8.923035,8.870953,8.940388,8.957737,9.269539,9.614849,9.718216,9.563126,9.200333,8.766716,8.766716,8.836220,8.731949,8.697163,8.662369,8.644970,8.662369,8.801476,8.575333,8.540497,8.505650,8.470791,8.418476,8.470791,8.557915,8.540497,8.627563,8.644970,8.766716,8.679768,8.731949,8.836220,8.784096,8.749332,8.801476,8.923035,8.940388,8.957737,8.870953,8.870953,8.818848,8.870953,8.870953,9.338692,10.010487,10.079128,10.010487,9.545887,9.338692,9.286831,9.390537,9.425079,9.338692,9.407806,9.597610,9.614849,9.787056,9.787056,9.735428,9.769852,9.924606,9.958965,10.027649,10.096279,9.976139,9.787056,9.752644,9.718216,9.718216,9.718216,9.649315,9.735428,9.769852,9.804260,9.804260,9.632080,9.735428,9.666546,9.752644,9.769852,9.735428,9.735428,9.752644,9.718216,9.649315,9.442345,9.269539,9.217640,9.217640,9.061775,9.113758,9.061775,9.044441,9.009773,8.923035,9.061775,9.027115,8.923035,8.870953,8.888317,9.096436,9.769852,9.769852,9.649315,9.148392,8.853588,8.870953,8.766716,8.766716,8.784096,8.853588,8.870953,8.888317,8.905678,8.940388,8.905678,8.957737,8.905678,8.818848,8.784096,8.766716,8.801476,8.818848,8.818848,8.662369,8.627563,8.749332,8.749332,8.784096,8.766716,8.801476,8.888317,8.940388,8.888317,8.853588,8.923035,9.009773,9.096436,9.338692,9.769852,9.976139,9.873051,9.890244,9.666546,9.735428,9.683773,9.752644,9.804260,9.873051,9.941792,9.941792,10.061974,10.044807,10.061974,10.113426,10.164867,10.164867,10.147728,10.319000,10.267654,10.267654,10.370338,10.267654,10.216270,10.044807,9.804260,9.924606,9.769852,9.855862,9.873051,9.941792,10.027649,10.061974,9.941792,9.993317,10.010487,10.044807,10.044807,10.079128,10.113426,10.113426,9.941792,9.873051,9.838661,9.769852,9.855862,9.769852,9.769852,9.821461,9.769852,9.838661,9.976139,9.821461,9.821461,9.769852,9.787056,9.769852,9.769852,10.061974,10.267654,10.130581,9.924606,9.528633,9.390537,9.494129,9.425079,9.373260,9.476868,9.425079,9.494129,9.494129,9.459610,9.563126,9.597610,9.528633,9.528633,9.528633,9.459610,9.425079,9.459610,9.494129,9.528633,9.511379,9.407806,9.545887,9.494129,9.597610,9.683773,9.683773,9.683773,9.718216,9.700993,9.666546,9.700993,9.735428,9.855862,9.924606,9.958965,10.010487,9.855862,9.683773,9.683773,9.649315,9.425079,9.528633,9.338692,9.148392,9.131081,9.079109,9.183022,9.286831,9.304119,9.269539,9.286831,9.131081,9.200333,9.234943,9.563126,9.700993,9.787056,9.614849,9.200333,9.269539,9.200333,9.252239,9.338692,9.304119,9.355976,9.390537,9.407806,9.355976,9.373260,9.355976,9.407806,9.390537,9.459610,9.390537,9.338692,9.355976,9.390537,9.373260,9.355976,9.304119,9.373260,9.286831,9.217640,9.269539,9.200333,9.338692,9.286831,9.269539,9.183022,9.286831,9.321407,9.563126,9.632080,9.735428,9.304119,9.009773,8.888317,8.853588,8.731949,8.766716,8.836220,8.818848,8.731949,8.801476,8.853588,8.749332,8.818848,8.801476,8.853588,8.836220,8.679768,8.627563,8.662369,8.610161,8.575333,8.575333,8.470791,8.418476,8.348686,8.348686,7.893879,7.595413,7.278450,7.048931,6.889732,6.907440,6.765751,6.730297,6.765751,6.481804,6.357342,6.268349,6.107971,5.858009,5.661201,5.302444,5.104614,4.924461,4.852314,4.725941,4.671738,4.599422,4.490860,4.345943,4.273415,4.182686,4.182686,4.200836,4.146374,
7.665718,7.525059,7.595413,7.577831,7.595413,7.560242,7.560242,7.595413,7.560242,7.525059,7.525059,7.542656,7.718422,7.753536,7.683289,7.665718,7.665718,7.577831,7.577831,7.595413,7.648148,7.911411,8.313774,8.296310,8.348686,7.876347,7.472267,7.313717,7.313717,7.331345,7.384212,7.454662,7.472267,7.489868,7.472267,7.595413,7.718422,7.735977,7.683289,7.525059,7.595413,7.507469,7.648148,7.630577,7.665718,7.735977,7.648148,7.525059,7.648148,7.630577,7.718422,7.718422,7.577831,7.595413,7.665718,7.700855,8.104042,8.401035,8.366138,8.156513,7.806187,7.612995,7.630577,7.595413,7.700855,7.612995,7.753536,7.911411,8.034035,8.051544,8.034035,8.156513,8.191483,7.999016,7.999016,8.191483,8.121536,8.243912,8.383591,8.331230,8.174004,8.331230,8.261383,8.383591,8.296310,8.383591,8.435913,8.331230,8.348686,8.401035,8.505650,8.679768,8.784096,8.749332,8.644970,8.557915,8.592743,8.470791,8.557915,8.523075,8.575333,8.523075,8.575333,8.540497,8.418476,8.453358,8.470791,8.383591,8.401035,8.278851,8.313774,8.401035,8.749332,8.836220,8.697163,8.401035,8.086544,7.946465,8.016525,7.928940,7.893879,7.963982,8.051544,8.034035,8.016525,8.104042,8.156513,8.208961,8.226437,8.191483,8.104042,8.174004,8.191483,8.174004,8.243912,8.156513,8.208961,8.191483,8.226437,8.174004,8.278851,8.226437,8.278851,8.435913,8.296310,8.243912,8.366138,8.366138,8.940388,9.113758,8.975086,8.679768,8.278851,8.174004,8.243912,8.191483,8.331230,8.331230,8.296310,8.366138,8.523075,8.435913,8.488220,8.488220,8.488220,8.470791,8.470791,8.540497,8.401035,8.470791,8.557915,8.662369,8.801476,8.836220,9.027115,9.148392,9.027115,8.853588,8.818848,8.662369,8.784096,8.923035,8.940388,9.096436,9.165710,9.113758,9.165710,9.079109,8.975086,8.905678,8.870953,8.766716,8.679768,8.679768,8.714558,8.784096,8.679768,8.662369,8.714558,8.697163,8.714558,8.575333,8.662369,8.540497,8.575333,8.488220,8.523075,8.523075,8.592743,8.697163,9.096436,9.183022,8.957737,8.644970,8.610161,8.488220,8.488220,8.505650,8.557915,8.575333,8.557915,8.488220,8.575333,8.592743,8.679768,8.662369,8.766716,8.784096,9.234943,9.373260,9.321407,8.905678,8.540497,8.401035,8.470791,8.523075,8.401035,8.435913,8.226437,8.331230,8.296310,8.278851,8.401035,8.331230,8.208961,8.401035,8.575333,8.592743,8.488220,8.523075,8.523075,8.540497,8.488220,8.435913,8.540497,8.557915,8.662369,8.766716,8.749332,8.905678,9.113758,9.079109,9.009773,8.992432,9.148392,9.390537,9.494129,9.597610,9.373260,9.338692,9.425079,9.338692,9.304119,9.304119,9.286831,9.390537,9.269539,9.217640,9.304119,9.269539,9.252239,9.200333,9.131081,9.286831,9.390537,9.407806,9.355976,9.165710,9.096436,9.131081,9.131081,9.113758,9.355976,9.597610,9.649315,9.459610,9.269539,9.338692,9.407806,9.338692,9.355976,9.373260,9.234943,9.148392,9.113758,9.131081,8.975086,8.749332,8.836220,8.836220,8.766716,8.784096,8.836220,8.784096,8.801476,8.818848,8.888317,8.784096,8.836220,8.749332,8.714558,8.784096,8.818848,8.905678,8.888317,8.888317,8.905678,8.853588,8.888317,8.836220,8.940388,9.545887,10.096279,10.199139,10.130581,9.632080,9.304119,9.200333,9.165710,9.165710,9.131081,9.165710,9.234943,9.304119,9.269539,9.338692,9.338692,9.355976,9.425079,9.442345,9.476868,9.338692,9.563126,9.528633,9.528633,9.545887,9.666546,9.649315,9.666546,9.666546,9.804260,9.804260,9.855862,9.890244,9.958965,10.061974,10.027649,9.993317,10.182007,10.130581,10.113426,10.233398,9.941792,10.010487,9.649315,9.442345,9.494129,9.304119,9.425079,9.234943,9.269539,9.252239,9.183022,9.183022,9.148392,9.113758,9.113758,9.113758,9.165710,9.614849,9.683773,9.494129,9.200333,9.234943,9.165710,9.079109,9.009773,9.079109,9.165710,9.113758,9.027115,9.131081,9.079109,9.044441,9.044441,8.905678,8.870953,8.870953,8.905678,8.731949,8.784096,8.731949,8.714558,8.714558,8.697163,8.697163,8.679768,8.714558,8.610161,8.697163,8.644970,8.662369,8.627563,8.575333,8.557915,8.714558,8.975086,9.890244,10.079128,9.907425,9.563126,9.390537,9.321407,9.338692,9.234943,9.373260,9.373260,9.338692,9.442345,9.528633,9.494129,9.597610,9.666546,9.769852,9.718216,9.683773,9.787056,9.838661,9.855862,9.873051,9.993317,9.924606,9.752644,9.787056,9.855862,9.873051,9.941792,9.941792,9.976139,10.096279,10.010487,10.027649,10.233398,10.096279,10.147728,10.250530,10.370338,10.301891,10.284771,10.096279,10.044807,10.147728,10.096279,10.164867,10.130581,10.130581,10.061974,10.130581,9.976139,10.010487,9.924606,9.907425,9.821461,9.752644,9.804260,9.804260,9.993317,10.233398,10.233398,9.890244,9.580376,9.614849,9.580376,9.476868,9.528633,9.563126,9.563126,9.597610,9.476868,9.390537,9.476868,9.476868,9.528633,9.442345,9.442345,9.528633,9.304119,9.338692,9.407806,9.407806,9.425079,9.545887,9.425079,9.459610,9.511379,9.494129,9.563126,9.511379,9.511379,9.511379,9.511379,9.425079,9.545887,9.924606,9.993317,10.079128,9.941792,9.804260,9.666546,9.511379,9.425079,9.252239,9.286831,9.165710,9.165710,9.217640,9.165710,9.269539,9.269539,9.304119,9.286831,9.200333,9.355976,9.373260,9.459610,9.614849,9.632080,9.787056,9.700993,9.649315,9.649315,9.614849,9.649315,9.649315,9.597610,9.649315,9.632080,9.649315,9.632080,9.597610,9.632080,9.597610,9.718216,9.666546,9.821461,9.718216,9.580376,9.597610,9.494129,9.511379,9.494129,9.442345,9.442345,9.338692,9.390537,9.338692,9.286831,9.338692,9.304119,9.338692,9.338692,9.511379,9.597610,9.700993,9.545887,9.234943,8.923035,8.836220,8.784096,8.731949,8.818848,8.731949,8.731949,8.697163,8.749332,8.697163,8.714558,8.714558,8.627563,8.610161,8.644970,8.540497,8.610161,8.557915,8.557915,8.540497,8.470791,8.435913,8.401035,8.331230,8.331230,8.226437,8.051544,7.735977,7.648148,7.542656,7.401833,7.225533,7.013577,6.907440,6.765751,6.588379,6.606125,6.464035,6.303955,6.072296,5.893753,5.697014,5.464031,5.176598,4.978535,4.978535,4.780113,4.689812,4.617508,4.436539,4.436539,4.345943,4.364071,4.309685,
7.648148,7.700855,7.841270,7.841270,7.753536,7.718422,7.683289,7.683289,7.700855,7.700855,7.630577,7.771088,7.806187,7.823730,7.858810,7.788635,7.718422,7.735977,7.700855,7.665718,7.823730,7.946465,8.191483,8.331230,8.226437,7.946465,7.507469,7.419441,7.331345,7.401833,7.437057,7.472267,7.525059,7.542656,7.507469,7.577831,7.806187,7.806187,7.718422,7.648148,7.700855,7.630577,7.665718,7.735977,7.665718,7.630577,7.718422,7.665718,7.735977,7.683289,7.735977,7.683289,7.718422,7.665718,7.718422,7.648148,7.963982,8.278851,8.366138,8.296310,7.648148,7.401833,7.437057,7.454662,7.331345,7.437057,7.419441,7.525059,7.525059,7.683289,7.595413,7.560242,7.665718,7.612995,7.612995,7.700855,7.542656,7.683289,7.718422,7.753536,7.771088,7.823730,7.806187,7.788635,7.858810,7.841270,7.981499,7.841270,8.016525,7.999016,8.208961,8.401035,8.836220,8.818848,8.888317,8.610161,8.488220,8.523075,8.575333,8.627563,8.575333,8.557915,8.592743,8.610161,8.540497,8.540497,8.557915,8.714558,8.679768,8.540497,8.488220,8.679768,8.784096,8.801476,8.644970,8.435913,8.331230,8.261383,8.208961,8.243912,8.296310,8.208961,8.383591,8.348686,8.401035,8.453358,8.505650,8.488220,8.557915,8.488220,8.348686,8.418476,8.278851,8.383591,8.331230,8.470791,8.313774,8.261383,8.401035,8.435913,8.401035,8.453358,8.557915,8.453358,8.418476,8.366138,8.331230,8.488220,8.923035,9.027115,9.079109,8.714558,8.401035,8.243912,8.226437,8.261383,8.296310,8.348686,8.348686,8.418476,8.470791,8.505650,8.401035,8.366138,8.243912,8.470791,8.401035,8.453358,8.366138,8.470791,8.575333,8.540497,8.610161,8.610161,8.662369,8.679768,8.784096,8.784096,8.679768,8.679768,8.662369,8.905678,9.009773,9.079109,9.148392,9.390537,9.390537,9.165710,8.992432,8.836220,8.801476,8.784096,8.801476,8.714558,8.853588,8.870953,8.905678,8.940388,8.992432,9.027115,8.870953,8.975086,8.853588,8.923035,8.836220,8.731949,8.731949,8.888317,8.923035,8.818848,9.009773,8.940388,8.905678,8.749332,8.766716,8.592743,8.540497,8.540497,8.313774,8.540497,8.610161,8.627563,8.784096,8.784096,8.853588,8.714558,8.784096,8.818848,9.304119,9.355976,9.286831,8.836220,8.540497,8.488220,8.401035,8.505650,8.383591,8.331230,8.208961,8.278851,8.296310,8.296310,8.331230,8.278851,8.278851,8.348686,8.453358,8.331230,8.435913,8.366138,8.296310,8.331230,8.243912,8.208961,8.348686,8.313774,8.435913,8.505650,8.575333,8.592743,8.610161,8.575333,8.592743,8.488220,8.644970,9.027115,9.355976,9.373260,8.992432,8.888317,8.888317,8.836220,8.870953,8.784096,8.749332,8.784096,8.697163,8.766716,8.818848,8.766716,8.836220,8.818848,8.975086,9.269539,9.494129,9.563126,9.338692,9.131081,8.957737,8.992432,9.044441,9.113758,9.234943,9.269539,9.217640,9.234943,9.252239,9.407806,9.545887,9.666546,9.632080,9.649315,9.683773,9.683773,9.700993,9.597610,9.563126,9.373260,9.442345,9.528633,9.494129,9.545887,9.511379,9.494129,9.373260,9.390537,9.234943,9.148392,9.165710,9.148392,9.061775,9.096436,9.200333,9.148392,9.252239,9.217640,9.165710,9.096436,9.113758,9.183022,9.355976,9.700993,10.267654,10.319000,10.130581,9.666546,9.511379,9.373260,9.304119,9.269539,9.252239,9.252239,9.321407,9.252239,9.252239,9.269539,9.338692,9.321407,9.200333,9.234943,9.148392,9.148392,9.217640,9.304119,9.286831,9.165710,9.079109,9.234943,9.165710,9.304119,9.321407,9.373260,9.355976,9.407806,9.476868,9.683773,9.649315,9.666546,9.838661,9.890244,10.113426,10.130581,10.061974,9.804260,9.425079,9.407806,9.373260,9.390537,9.390537,9.355976,9.217640,9.286831,9.252239,9.321407,9.355976,9.355976,9.442345,9.442345,9.494129,9.614849,9.511379,9.511379,9.442345,9.494129,9.407806,9.355976,9.580376,9.545887,9.580376,9.649315,9.614849,9.545887,9.528633,9.459610,9.442345,9.425079,9.338692,9.200333,9.148392,9.286831,9.183022,9.113758,9.061775,9.061775,9.009773,8.975086,9.061775,8.975086,8.957737,8.818848,8.801476,8.836220,8.888317,8.766716,8.731949,8.801476,9.252239,9.976139,10.113426,9.958965,9.528633,9.321407,9.304119,9.269539,9.234943,9.252239,9.200333,9.286831,9.269539,9.321407,9.390537,9.355976,9.459610,9.390537,9.390537,9.355976,9.373260,9.407806,9.390537,9.442345,9.442345,9.494129,9.597610,9.494129,9.459610,9.700993,9.632080,9.700993,9.666546,9.666546,9.700993,9.700993,9.666546,9.787056,9.924606,10.336117,10.370338,10.267654,10.199139,10.010487,10.113426,10.113426,10.130581,10.147728,10.113426,10.130581,10.113426,10.199139,10.096279,10.061974,10.027649,10.061974,10.027649,9.941792,9.873051,9.941792,10.079128,10.182007,10.096279,9.941792,9.941792,9.924606,9.993317,9.958965,9.873051,9.873051,9.787056,9.683773,9.632080,9.752644,9.735428,9.563126,9.649315,9.632080,9.632080,9.649315,9.563126,9.338692,9.494129,9.511379,9.494129,9.494129,9.528633,9.545887,9.528633,9.545887,9.563126,9.580376,9.476868,9.494129,9.459610,9.528633,9.632080,10.044807,9.993317,10.044807,9.735428,9.614849,9.476868,9.252239,9.200333,9.148392,9.009773,8.992432,8.940388,8.905678,8.992432,8.992432,9.061775,9.183022,9.183022,9.200333,9.269539,9.252239,9.286831,9.425079,9.580376,9.511379,9.632080,9.700993,9.718216,9.821461,9.873051,9.787056,9.787056,9.855862,9.838661,9.787056,9.855862,9.890244,9.976139,10.010487,10.113426,10.027649,10.096279,10.010487,9.993317,9.873051,9.683773,9.769852,9.735428,9.683773,9.649315,9.683773,9.649315,9.632080,9.545887,9.494129,9.459610,9.511379,9.528633,9.683773,9.718216,9.804260,9.597610,9.286831,9.131081,8.975086,8.853588,8.888317,8.784096,8.818848,8.801476,8.888317,8.818848,8.714558,8.679768,8.766716,8.662369,8.749332,8.679768,8.644970,8.679768,8.610161,8.523075,8.453358,8.401035,8.348686,8.331230,8.278851,8.296310,8.278851,8.243912,8.069046,8.051544,7.911411,7.771088,7.665718,7.401833,7.243172,7.154926,6.960518,6.801193,6.677101,6.606125,6.410706,6.410706,6.214916,6.036610,5.840134,5.535770,5.410194,5.176598,5.068611,4.906425,4.798172,4.725941,4.581333,4.490860,4.472755,
7.454662,7.507469,7.893879,7.841270,7.928940,7.630577,7.560242,7.454662,7.595413,7.560242,7.525059,7.489868,7.525059,7.648148,7.595413,7.735977,7.718422,7.683289,7.735977,7.700855,7.788635,7.806187,7.806187,7.946465,8.016525,7.858810,7.577831,7.419441,7.630577,7.788635,7.718422,7.630577,7.648148,7.735977,7.718422,7.893879,8.069046,8.034035,8.208961,8.051544,7.963982,7.946465,7.911411,7.858810,7.946465,7.963982,7.876347,7.928940,7.858810,7.911411,7.981499,7.876347,7.981499,7.911411,7.841270,7.823730,7.928940,8.243912,8.488220,8.383591,7.771088,7.472267,7.507469,7.507469,7.489868,7.437057,7.525059,7.525059,7.542656,7.612995,7.595413,7.612995,7.630577,7.683289,7.648148,7.665718,7.648148,7.595413,7.648148,7.665718,7.648148,7.700855,7.630577,7.718422,7.683289,7.718422,7.753536,7.771088,7.771088,7.753536,7.893879,8.191483,8.731949,8.749332,8.818848,8.401035,8.139027,8.174004,8.121536,8.208961,8.243912,8.174004,8.313774,8.174004,8.296310,8.278851,8.278851,8.331230,8.488220,8.453358,8.401035,8.401035,8.348686,8.435913,8.348686,8.296310,8.348686,8.366138,8.401035,8.401035,8.435913,8.505650,8.557915,8.540497,8.540497,8.575333,8.662369,8.575333,8.731949,8.784096,8.784096,8.784096,8.662369,8.731949,8.818848,8.731949,8.714558,8.644970,8.714558,8.801476,8.853588,8.888317,8.923035,8.940388,8.888317,8.610161,8.662369,8.610161,9.044441,9.183022,9.148392,8.905678,8.610161,8.662369,8.575333,8.505650,8.575333,8.523075,8.540497,8.575333,8.731949,8.731949,8.697163,8.540497,8.453358,8.575333,8.557915,8.435913,8.470791,8.505650,8.488220,8.592743,8.540497,8.592743,8.610161,8.540497,8.575333,8.575333,8.488220,8.505650,8.243912,8.488220,8.435913,8.523075,8.679768,9.217640,9.269539,9.096436,8.557915,8.383591,8.418476,8.243912,8.401035,8.383591,8.557915,8.401035,8.488220,8.540497,8.470791,8.627563,8.749332,8.749332,8.749332,8.557915,8.453358,8.488220,8.575333,8.627563,8.644970,8.557915,8.575333,8.679768,8.662369,8.679768,8.610161,8.592743,8.592743,8.540497,8.592743,8.644970,8.714558,8.853588,9.061775,9.079109,9.096436,8.975086,8.992432,9.027115,9.165710,9.269539,9.217640,9.009773,8.697163,8.540497,8.505650,8.662369,8.627563,8.540497,8.488220,8.470791,8.505650,8.488220,8.505650,8.453358,8.435913,8.470791,8.540497,8.505650,8.523075,8.505650,8.401035,8.418476,8.296310,8.313774,8.348686,8.435913,8.540497,8.575333,8.610161,8.505650,8.610161,8.540497,8.435913,8.453358,8.523075,8.714558,9.252239,9.390537,8.784096,8.679768,8.662369,8.540497,8.523075,8.557915,8.453358,8.435913,8.401035,8.383591,8.383591,8.418476,8.453358,8.401035,8.540497,8.697163,9.234943,9.338692,9.044441,8.679768,8.313774,8.401035,8.348686,8.435913,8.470791,8.523075,8.540497,8.540497,8.749332,8.957737,9.096436,9.234943,9.183022,9.304119,9.234943,9.476868,9.390537,9.304119,9.494129,9.425079,9.511379,9.563126,9.563126,9.649315,9.769852,9.752644,9.700993,9.632080,9.683773,9.563126,9.528633,9.597610,9.632080,9.718216,9.614849,9.769852,9.787056,9.873051,9.735428,9.683773,9.425079,9.649315,9.804260,10.044807,10.233398,10.113426,10.130581,9.976139,9.873051,9.873051,9.787056,9.752644,9.683773,9.580376,9.700993,9.649315,9.597610,9.494129,9.407806,9.442345,9.459610,9.355976,9.304119,9.304119,9.183022,9.269539,9.234943,9.217640,9.131081,9.148392,9.113758,9.217640,9.183022,9.096436,9.061775,9.113758,9.183022,9.183022,9.217640,9.286831,9.390537,9.425079,9.976139,10.010487,9.993317,9.459610,9.096436,8.992432,8.975086,8.992432,9.113758,9.079109,9.044441,9.079109,9.044441,9.096436,9.200333,9.131081,8.992432,9.165710,9.113758,9.234943,9.234943,9.234943,9.304119,9.407806,9.390537,9.425079,9.304119,9.425079,9.494129,9.545887,9.580376,9.580376,9.666546,9.683773,9.683773,9.614849,9.666546,9.580376,9.666546,9.769852,9.769852,9.700993,9.632080,9.528633,9.511379,9.528633,9.545887,9.580376,9.425079,9.304119,9.252239,9.338692,9.321407,9.200333,9.304119,9.494129,9.735428,10.113426,10.130581,9.821461,9.528633,9.390537,9.425079,9.338692,9.321407,9.321407,9.321407,9.304119,9.321407,9.304119,9.407806,9.425079,9.373260,9.355976,9.286831,9.200333,9.252239,9.321407,9.286831,9.304119,9.390537,9.373260,9.373260,9.442345,9.338692,9.476868,9.511379,9.425079,9.494129,9.338692,9.338692,9.304119,9.407806,9.459610,9.769852,10.301891,10.387436,10.182007,9.683773,9.580376,9.649315,9.649315,9.683773,9.821461,9.873051,9.804260,9.683773,9.649315,9.735428,9.821461,9.907425,9.787056,9.821461,9.735428,9.821461,9.890244,10.027649,10.044807,9.958965,9.976139,10.027649,10.010487,10.027649,9.976139,9.941792,9.890244,9.873051,9.787056,9.804260,9.907425,9.941792,9.855862,10.061974,10.096279,9.976139,10.079128,9.735428,9.649315,9.769852,9.718216,9.787056,9.873051,9.890244,9.941792,9.976139,9.941792,9.804260,9.597610,9.580376,9.494129,9.476868,9.528633,9.718216,10.061974,10.079128,10.010487,9.752644,9.597610,9.511379,9.442345,9.269539,9.183022,9.113758,8.975086,9.044441,9.027115,8.975086,8.923035,9.027115,9.027115,9.079109,9.113758,9.096436,9.304119,9.234943,9.355976,9.494129,9.459610,9.476868,9.632080,9.632080,9.563126,9.597610,9.683773,9.632080,9.683773,9.718216,9.787056,9.683773,9.735428,10.027649,10.044807,10.079128,10.044807,10.061974,9.873051,9.838661,9.735428,9.838661,9.787056,9.821461,9.787056,9.718216,9.735428,9.735428,9.700993,9.683773,9.752644,9.700993,9.735428,9.683773,9.821461,9.718216,9.769852,9.614849,9.528633,9.355976,9.321407,9.321407,9.234943,9.217640,9.113758,9.183022,9.217640,9.113758,9.061775,9.044441,9.027115,8.992432,8.905678,8.975086,8.870953,8.784096,8.818848,8.731949,8.592743,8.575333,8.505650,8.505650,8.418476,8.435913,8.435913,8.383591,8.366138,8.139027,8.174004,8.069046,8.069046,8.034035,7.981499,7.841270,7.507469,7.278450,7.137272,6.907440,6.836617,6.694839,6.588379,6.464035,6.357342,6.143627,6.018761,5.714912,5.535770,5.248528,5.194580,4.942490,4.960514,4.780113,4.707874,
7.013577,7.154926,7.735977,7.735977,7.893879,7.612995,7.419441,7.296085,7.296085,7.172585,7.101940,7.207882,7.172585,7.119606,7.260815,7.243172,7.225533,7.384212,7.419441,7.331345,7.384212,7.278450,7.331345,7.348972,7.454662,7.542656,7.472267,7.507469,7.401833,7.542656,7.595413,7.507469,7.542656,7.577831,7.735977,7.753536,8.051544,8.296310,8.366138,8.139027,8.034035,8.086544,8.069046,8.313774,8.278851,8.156513,8.156513,8.156513,8.226437,8.243912,8.156513,8.208961,8.348686,8.278851,8.034035,8.139027,8.191483,8.470791,8.488220,8.453358,8.069046,7.735977,7.753536,7.823730,7.858810,7.735977,7.858810,7.928940,7.928940,7.981499,8.034035,7.876347,7.823730,7.876347,7.981499,7.928940,7.911411,7.946465,7.911411,7.928940,7.893879,7.911411,7.928940,7.928940,7.928940,8.051544,7.946465,7.999016,7.946465,7.946465,8.086544,8.104042,8.488220,8.801476,8.766716,8.488220,8.156513,8.086544,8.121536,8.086544,8.086544,8.121536,8.069046,7.999016,8.174004,7.999016,8.121536,8.139027,8.261383,8.104042,7.981499,8.051544,7.999016,8.139027,7.946465,7.963982,8.139027,8.261383,8.156513,8.208961,8.086544,8.121536,7.999016,8.139027,8.156513,8.139027,8.156513,8.174004,8.523075,8.836220,8.940388,8.818848,8.784096,8.731949,8.714558,8.697163,8.749332,8.714558,8.731949,8.801476,8.836220,8.923035,8.940388,8.957737,8.905678,8.784096,8.905678,8.905678,8.975086,8.992432,8.957737,8.975086,8.853588,8.940388,8.957737,9.044441,8.992432,8.870953,8.905678,8.940388,9.009773,9.183022,8.975086,8.957737,8.975086,9.009773,9.044441,8.940388,8.836220,8.714558,8.766716,8.801476,8.766716,8.610161,8.679768,8.644970,8.749332,8.731949,8.627563,8.505650,8.470791,8.401035,8.418476,8.488220,8.488220,9.183022,9.286831,9.234943,8.627563,8.401035,8.313774,8.348686,8.435913,8.366138,8.331230,8.331230,8.401035,8.383591,8.453358,8.383591,8.470791,8.523075,8.488220,8.505650,8.226437,8.331230,8.470791,8.418476,8.401035,8.313774,8.523075,8.435913,8.453358,8.418476,8.418476,8.435913,8.418476,8.505650,8.488220,8.505650,8.644970,9.027115,9.286831,9.407806,9.355976,9.009773,8.801476,8.818848,8.853588,8.975086,8.923035,8.766716,8.836220,8.749332,8.627563,8.836220,8.784096,8.801476,8.749332,8.784096,8.940388,9.009773,8.940388,8.784096,8.749332,8.662369,8.766716,8.749332,8.870953,8.784096,8.784096,8.662369,8.679768,8.731949,8.697163,8.697163,8.679768,8.766716,8.940388,8.957737,8.975086,8.888317,8.697163,8.679768,8.610161,8.836220,9.148392,9.252239,8.801476,8.610161,8.662369,8.540497,8.523075,8.453358,8.488220,8.401035,8.313774,8.296310,8.366138,8.366138,8.488220,8.505650,8.401035,8.505650,9.113758,9.355976,9.148392,8.470791,8.208961,8.208961,8.156513,8.226437,8.174004,8.208961,8.243912,8.313774,8.331230,8.383591,8.401035,8.331230,8.470791,8.610161,8.523075,8.662369,8.801476,8.853588,8.801476,8.853588,9.061775,9.113758,9.304119,9.442345,9.528633,9.459610,9.286831,9.286831,9.355976,9.442345,9.442345,9.459610,9.407806,9.632080,9.890244,10.027649,10.010487,9.890244,9.890244,9.804260,9.873051,9.821461,9.838661,9.907425,9.924606,9.976139,9.976139,9.907425,9.941792,9.907425,9.855862,9.941792,10.027649,10.027649,10.130581,10.233398,10.079128,10.010487,9.890244,9.907425,9.838661,9.855862,9.735428,9.752644,9.735428,9.597610,9.528633,9.494129,9.373260,9.425079,9.338692,9.234943,9.304119,9.286831,9.200333,9.165710,9.148392,9.200333,9.200333,9.217640,9.304119,9.476868,9.838661,9.941792,9.873051,9.390537,9.044441,8.923035,8.975086,9.079109,8.992432,9.044441,9.027115,9.009773,8.888317,8.940388,9.044441,8.992432,8.957737,8.923035,8.870953,9.009773,8.992432,9.009773,8.940388,8.940388,9.027115,9.079109,9.113758,9.061775,9.044441,9.183022,9.131081,9.165710,9.148392,9.217640,9.200333,9.217640,9.200333,9.338692,9.563126,9.924606,9.993317,9.924606,9.666546,9.545887,9.614849,9.597610,9.683773,9.735428,9.683773,9.649315,9.666546,9.700993,9.821461,9.769852,9.838661,9.958965,10.044807,10.079128,10.061974,9.924606,9.769852,9.700993,9.787056,9.735428,9.735428,9.632080,9.580376,9.511379,9.494129,9.528633,9.459610,9.476868,9.373260,9.390537,9.390537,9.286831,9.459610,9.442345,9.425079,9.373260,9.494129,9.442345,9.390537,9.442345,9.286831,9.286831,9.338692,9.355976,9.373260,9.407806,9.355976,9.355976,9.390537,9.494129,9.907425,10.147728,10.182007,9.958965,9.580376,9.442345,9.407806,9.528633,9.459610,9.580376,9.580376,9.563126,9.580376,9.632080,9.597610,9.666546,9.545887,9.563126,9.528633,9.511379,9.597610,9.718216,9.700993,9.838661,9.735428,9.632080,9.718216,9.563126,9.528633,9.632080,9.632080,9.614849,9.649315,9.614849,9.614849,9.614849,9.700993,9.821461,10.061974,10.130581,10.147728,9.941792,9.735428,9.580376,9.632080,9.700993,9.752644,9.804260,9.941792,9.976139,9.907425,9.873051,9.838661,9.787056,9.752644,9.718216,9.787056,9.890244,9.958965,9.941792,9.941792,9.958965,9.855862,9.804260,9.855862,9.735428,9.632080,9.563126,9.476868,9.407806,9.338692,9.217640,9.183022,9.165710,9.113758,9.217640,9.269539,9.338692,9.442345,9.425079,9.563126,9.528633,9.563126,9.614849,9.649315,9.528633,9.700993,9.632080,9.563126,9.476868,9.425079,9.373260,9.338692,9.442345,9.373260,9.476868,9.958965,10.096279,10.061974,9.769852,9.614849,9.563126,9.511379,9.407806,9.459610,9.442345,9.407806,9.476868,9.407806,9.511379,9.563126,9.442345,9.563126,9.580376,9.649315,9.632080,9.563126,9.666546,9.614849,9.649315,9.511379,9.545887,9.614849,9.597610,9.476868,9.476868,9.407806,9.425079,9.407806,9.407806,9.442345,9.407806,9.407806,9.355976,9.390537,9.511379,9.338692,9.252239,9.148392,9.113758,8.975086,8.905678,8.714558,8.714558,8.679768,8.714558,8.679768,8.644970,8.679768,8.557915,8.488220,8.208961,8.278851,8.348686,8.401035,8.470791,8.470791,8.261383,7.876347,7.472267,7.243172,7.225533,7.066605,6.889732,6.641617,6.517342,6.446259,6.321754,6.268349,6.036610,5.822250,5.643291,5.410194,5.104614,4.996559,4.960514,
7.119606,7.207882,7.419441,7.753536,7.700855,7.630577,7.348972,7.172585,7.207882,7.331345,7.137272,6.942829,7.048931,7.066605,7.066605,7.084278,7.101940,7.296085,7.207882,7.066605,7.154926,7.084278,7.101940,7.137272,7.084278,7.101940,7.137272,7.313717,7.190231,7.278450,7.243172,7.260815,7.119606,7.190231,7.225533,7.366592,7.893879,8.191483,8.383591,8.034035,7.876347,7.841270,7.946465,7.911411,7.823730,7.876347,8.051544,7.999016,8.051544,8.016525,8.051544,8.051544,8.121536,8.174004,8.139027,8.156513,8.156513,8.174004,8.261383,8.174004,8.069046,8.121536,8.121536,8.121536,8.104042,8.191483,8.174004,8.348686,8.418476,8.488220,8.453358,8.453358,8.557915,8.383591,8.383591,8.296310,8.296310,8.348686,8.261383,8.243912,8.208961,8.174004,8.261383,8.348686,8.435913,8.470791,8.435913,8.453358,8.540497,8.418476,8.401035,8.383591,8.662369,8.888317,9.009773,8.731949,8.226437,8.156513,8.121536,8.086544,8.086544,8.121536,8.226437,8.051544,8.156513,7.981499,8.051544,8.191483,8.226437,8.086544,7.999016,7.999016,7.963982,7.981499,7.928940,7.981499,8.034035,8.174004,8.016525,7.963982,8.051544,8.016525,8.051544,8.034035,7.946465,8.016525,7.946465,8.121536,8.261383,8.870953,8.957737,8.784096,8.557915,8.662369,8.557915,8.523075,8.470791,8.610161,8.592743,8.627563,8.662369,8.610161,8.592743,8.714558,8.679768,8.853588,8.766716,8.784096,8.801476,8.853588,8.853588,8.923035,8.836220,8.888317,8.923035,8.992432,8.992432,8.992432,8.905678,9.061775,9.061775,9.079109,8.992432,8.836220,8.992432,9.304119,9.183022,9.165710,9.165710,8.957737,9.079109,9.096436,9.113758,9.148392,9.165710,9.131081,9.183022,9.252239,9.183022,9.044441,8.957737,8.836220,8.714558,8.714558,8.801476,9.148392,9.286831,9.131081,8.870953,8.523075,8.540497,8.505650,8.540497,8.523075,8.470791,8.470791,8.488220,8.401035,8.435913,8.523075,8.610161,8.627563,8.488220,8.470791,8.296310,8.418476,8.366138,8.488220,8.331230,8.453358,8.418476,8.401035,8.348686,8.383591,8.366138,8.435913,8.523075,8.575333,8.540497,8.905678,9.044441,9.338692,9.528633,9.304119,9.390537,8.870953,8.644970,8.575333,8.540497,8.627563,8.697163,8.679768,8.679768,8.697163,8.731949,8.836220,8.888317,8.818848,8.905678,8.905678,8.870953,8.888317,8.801476,8.836220,8.731949,8.784096,8.714558,8.818848,8.888317,8.923035,8.853588,8.975086,8.957737,8.818848,8.836220,8.818848,8.801476,8.940388,9.234943,9.459610,9.442345,9.304119,9.304119,9.061775,9.061775,8.992432,9.096436,9.079109,8.923035,8.697163,8.731949,8.644970,8.749332,8.801476,8.784096,8.592743,8.575333,8.453358,8.610161,8.523075,8.679768,8.557915,8.470791,8.540497,9.044441,9.200333,8.992432,8.523075,8.331230,8.243912,8.278851,8.313774,8.401035,8.401035,8.418476,8.523075,8.488220,8.401035,8.435913,8.435913,8.401035,8.470791,8.453358,8.505650,8.610161,8.523075,8.523075,8.575333,8.731949,8.801476,8.975086,8.905678,8.923035,8.714558,8.575333,8.610161,8.784096,8.575333,8.749332,8.801476,8.749332,9.183022,9.649315,9.855862,9.821461,9.563126,9.425079,9.355976,9.338692,9.373260,9.425079,9.442345,9.425079,9.494129,9.390537,9.528633,9.580376,9.580376,9.563126,9.528633,9.597610,9.873051,10.233398,10.233398,10.182007,9.958965,9.873051,9.838661,9.804260,9.890244,9.855862,9.804260,9.855862,9.804260,9.873051,9.873051,9.890244,9.787056,9.735428,9.666546,9.632080,9.545887,9.494129,9.442345,9.476868,9.390537,9.355976,9.321407,9.442345,9.511379,9.890244,9.890244,9.769852,9.459610,9.269539,9.217640,9.321407,9.252239,9.355976,9.321407,9.355976,9.304119,9.183022,9.200333,9.131081,9.217640,9.183022,9.183022,9.183022,9.165710,9.217640,9.131081,9.148392,9.131081,9.079109,9.027115,8.957737,9.061775,9.148392,9.096436,9.096436,9.044441,8.992432,9.061775,8.992432,8.975086,9.044441,9.165710,9.476868,10.079128,10.096279,9.769852,9.373260,9.286831,9.407806,9.355976,9.442345,9.494129,9.580376,9.511379,9.666546,9.787056,9.632080,9.649315,9.614849,9.700993,9.683773,9.700993,9.804260,9.787056,9.735428,9.752644,9.769852,9.718216,9.769852,9.752644,9.769852,9.787056,9.735428,9.752644,9.632080,9.597610,9.614849,9.476868,9.614849,9.614849,9.735428,9.769852,9.907425,9.769852,9.700993,9.597610,9.528633,9.632080,9.580376,9.614849,9.511379,9.563126,9.528633,9.545887,9.528633,9.494129,9.425079,9.649315,10.130581,10.130581,10.164867,9.976139,9.752644,9.614849,9.580376,9.632080,9.597610,9.545887,9.614849,9.545887,9.597610,9.580376,9.580376,9.580376,9.563126,9.597610,9.580376,9.528633,9.580376,9.632080,9.683773,9.563126,9.528633,9.597610,9.528633,9.407806,9.425079,9.425079,9.425079,9.407806,9.390537,9.425079,9.511379,9.442345,9.528633,9.683773,10.061974,10.250530,10.130581,9.718216,9.459610,9.407806,9.563126,9.580376,9.580376,9.649315,9.769852,9.718216,9.752644,9.769852,9.752644,9.683773,9.666546,9.666546,9.683773,9.752644,9.735428,9.804260,9.735428,9.838661,9.821461,9.838661,9.855862,9.873051,9.855862,9.855862,9.735428,9.632080,9.580376,9.545887,9.511379,9.373260,9.459610,9.632080,9.769852,9.873051,9.821461,9.958965,9.907425,9.941792,9.907425,9.924606,10.044807,9.958965,9.976139,9.941792,9.769852,9.735428,9.563126,9.528633,9.459610,9.580376,9.580376,9.597610,10.096279,10.164867,10.079128,9.666546,9.494129,9.476868,9.286831,9.286831,9.304119,9.304119,9.373260,9.269539,9.234943,9.321407,9.269539,9.338692,9.355976,9.355976,9.355976,9.304119,9.304119,9.338692,9.321407,9.580376,9.373260,9.321407,9.373260,9.321407,9.425079,9.442345,9.425079,9.321407,9.407806,9.373260,9.304119,9.459610,9.459610,9.373260,9.563126,9.563126,9.442345,9.390537,9.407806,9.183022,9.165710,9.009773,8.975086,8.975086,8.940388,8.870953,8.870953,8.784096,8.644970,8.610161,8.662369,8.540497,8.557915,8.662369,8.714558,8.575333,8.610161,8.505650,8.348686,8.208961,7.946465,7.771088,7.278450,7.296085,6.889732,6.748028,6.552864,6.517342,6.446259,6.339550,6.250534,6.072296,5.893753,5.822250,5.589546,5.284477,
7.207882,7.296085,7.384212,7.560242,7.525059,7.454662,7.348972,7.243172,7.084278,7.137272,6.995895,7.119606,7.154926,7.190231,7.066605,7.172585,7.119606,7.366592,7.419441,7.331345,7.296085,7.154926,7.313717,7.313717,7.243172,7.225533,7.172585,7.172585,7.313717,7.190231,7.243172,7.172585,7.172585,7.066605,7.190231,7.366592,7.735977,8.191483,8.226437,8.139027,7.718422,7.665718,7.771088,7.630577,7.683289,7.612995,7.665718,7.823730,7.753536,7.718422,7.753536,7.876347,7.876347,7.788635,7.928940,7.893879,7.806187,7.893879,7.893879,7.893879,7.963982,7.928940,7.928940,7.911411,7.928940,8.069046,8.156513,8.243912,8.348686,8.418476,8.401035,8.610161,8.644970,8.540497,8.401035,8.261383,8.208961,8.174004,8.121536,7.999016,8.191483,8.174004,8.191483,8.243912,8.401035,8.453358,8.592743,8.679768,8.610161,8.523075,8.575333,8.679768,8.679768,8.749332,8.714558,8.540497,8.313774,8.296310,8.348686,8.278851,8.313774,8.261383,8.278851,8.156513,8.156513,8.174004,8.261383,8.435913,8.383591,8.401035,8.331230,8.174004,8.069046,7.981499,8.016525,8.174004,8.208961,8.243912,8.261383,8.208961,8.174004,8.051544,8.069046,8.086544,8.086544,8.121536,8.069046,8.139027,8.226437,8.697163,8.784096,8.801476,8.644970,8.540497,8.418476,8.470791,8.540497,8.557915,8.575333,8.557915,8.488220,8.453358,8.575333,8.557915,8.557915,8.610161,8.662369,8.697163,8.610161,8.662369,8.662369,8.749332,8.731949,8.818848,8.853588,8.940388,8.784096,8.801476,8.662369,8.679768,8.784096,8.644970,8.627563,8.592743,8.818848,9.200333,9.252239,9.113758,9.044441,8.888317,9.009773,8.957737,9.113758,9.183022,9.200333,9.200333,9.183022,9.217640,9.044441,9.061775,9.148392,9.131081,8.957737,9.061775,9.061775,9.079109,9.269539,9.183022,9.061775,8.992432,8.870953,8.749332,8.766716,8.836220,8.923035,8.940388,8.975086,8.853588,8.975086,8.870953,8.784096,8.853588,8.714558,8.662369,8.627563,8.592743,8.644970,8.662369,8.662369,8.627563,8.592743,8.592743,8.644970,8.627563,8.679768,8.870953,8.992432,9.269539,9.269539,9.459610,9.511379,9.545887,9.545887,9.563126,9.545887,9.027115,8.627563,8.575333,8.523075,8.644970,8.540497,8.679768,8.627563,8.505650,8.575333,8.662369,8.697163,8.662369,8.644970,8.697163,8.731949,8.662369,8.627563,8.662369,8.697163,8.610161,8.644970,8.766716,8.662369,8.905678,8.992432,8.957737,8.905678,8.888317,8.870953,8.731949,8.731949,8.749332,9.183022,9.390537,9.407806,9.304119,9.009773,8.766716,8.592743,8.505650,8.470791,8.662369,8.627563,8.662369,8.627563,8.801476,8.801476,8.870953,8.992432,9.009773,8.905678,8.853588,8.923035,8.992432,9.009773,8.679768,8.784096,8.836220,9.061775,9.217640,8.992432,8.801476,8.801476,8.697163,8.697163,8.801476,8.853588,8.853588,8.975086,9.061775,9.096436,9.009773,8.940388,8.888317,8.853588,8.784096,8.731949,8.784096,8.836220,8.801476,8.731949,8.731949,8.731949,8.853588,8.801476,8.714558,8.784096,8.540497,8.523075,8.575333,8.627563,8.575333,8.679768,8.557915,8.627563,8.888317,9.563126,9.700993,9.718216,9.234943,9.044441,9.009773,8.975086,9.061775,9.096436,9.061775,9.200333,9.165710,9.200333,9.131081,9.113758,9.131081,9.096436,9.252239,9.252239,9.614849,9.958965,9.941792,9.873051,9.183022,9.096436,9.096436,9.044441,9.165710,9.252239,9.286831,9.304119,9.321407,9.476868,9.442345,9.459610,9.476868,9.528633,9.545887,9.632080,9.614849,9.614849,9.614849,9.666546,9.597610,9.476868,9.528633,9.355976,9.545887,9.597610,9.563126,9.459610,9.407806,9.373260,9.476868,9.459610,9.614849,9.752644,9.804260,9.855862,9.787056,9.787056,9.735428,9.769852,9.718216,9.752644,9.787056,9.632080,9.649315,9.632080,9.632080,9.666546,9.649315,9.494129,9.494129,9.425079,9.580376,9.511379,9.407806,9.321407,9.355976,9.286831,9.338692,9.183022,9.217640,9.148392,9.476868,9.804260,10.182007,10.182007,9.804260,9.407806,9.390537,9.511379,9.459610,9.494129,9.580376,9.528633,9.476868,9.649315,9.580376,9.545887,9.528633,9.545887,9.476868,9.545887,9.528633,9.528633,9.597610,9.494129,9.545887,9.442345,9.563126,9.563126,9.545887,9.649315,9.528633,9.597610,9.563126,9.459610,9.338692,9.373260,9.304119,9.321407,9.459610,9.993317,9.993317,9.993317,9.924606,9.804260,9.855862,9.821461,9.735428,9.752644,9.769852,9.821461,9.890244,9.890244,9.907425,9.873051,9.683773,9.890244,9.907425,10.096279,10.096279,10.147728,10.216270,10.079128,10.079128,9.976139,9.907425,9.924606,9.907425,9.907425,9.873051,9.993317,10.044807,9.821461,9.976139,9.855862,9.855862,9.890244,9.769852,9.838661,9.924606,9.924606,9.804260,9.666546,9.614849,9.563126,9.649315,9.511379,9.511379,9.545887,9.494129,9.476868,9.476868,9.511379,9.563126,9.769852,9.907425,10.199139,10.319000,10.096279,9.787056,9.632080,9.597610,9.666546,9.700993,9.683773,9.769852,9.804260,9.700993,9.649315,9.718216,9.649315,9.666546,9.614849,9.666546,9.649315,9.649315,9.580376,9.597610,9.580376,9.580376,9.511379,9.632080,9.494129,9.528633,9.649315,9.614849,9.511379,9.476868,9.528633,9.476868,9.528633,9.494129,9.476868,9.787056,9.993317,10.061974,10.027649,9.958965,10.061974,10.199139,10.199139,10.199139,10.182007,10.216270,10.182007,10.164867,10.182007,9.993317,9.924606,9.821461,9.804260,9.821461,9.907425,10.010487,10.113426,10.199139,10.061974,9.718216,9.597610,9.407806,9.425079,9.476868,9.425079,9.442345,9.355976,9.373260,9.390537,9.425079,9.390537,9.355976,9.373260,9.355976,9.355976,9.321407,9.355976,9.304119,9.234943,9.286831,9.183022,9.269539,9.321407,9.165710,9.321407,9.200333,9.113758,9.200333,9.234943,9.234943,9.234943,9.096436,9.269539,9.304119,9.563126,9.528633,9.355976,9.286831,9.113758,9.009773,8.975086,8.888317,8.749332,8.766716,8.749332,8.801476,8.766716,8.766716,8.784096,8.731949,8.627563,8.610161,8.610161,8.575333,8.592743,8.523075,8.383591,8.383591,8.540497,8.401035,8.278851,8.226437,7.718422,7.437057,7.260815,7.048931,6.960518,6.854328,6.694839,6.730297,6.606125,6.499577,6.517342,6.303955,6.268349,5.911625,
6.907440,6.995895,6.995895,7.154926,7.066605,7.119606,7.207882,7.066605,7.137272,7.084278,7.101940,7.084278,7.207882,7.137272,7.084278,7.137272,7.313717,7.278450,7.366592,7.401833,7.278450,7.401833,7.331345,7.313717,7.331345,7.384212,7.331345,7.542656,7.542656,7.577831,7.542656,7.278450,7.207882,7.331345,7.437057,7.472267,7.771088,8.208961,8.156513,8.156513,7.823730,7.683289,7.648148,7.630577,7.665718,7.665718,7.753536,7.718422,7.718422,7.735977,7.700855,7.788635,7.771088,7.683289,7.735977,7.771088,7.735977,7.630577,7.700855,7.806187,7.858810,7.841270,7.788635,7.718422,7.771088,7.700855,7.823730,7.823730,7.823730,7.981499,8.069046,8.348686,8.418476,8.296310,7.981499,7.542656,7.542656,7.577831,7.612995,7.612995,7.577831,7.560242,7.577831,7.612995,7.612995,7.806187,7.788635,7.963982,7.963982,7.893879,7.999016,7.999016,8.069046,8.051544,7.999016,7.999016,7.963982,8.121536,7.911411,7.806187,7.981499,7.946465,8.051544,7.999016,8.016525,8.051544,8.243912,8.523075,8.679768,8.557915,8.453358,8.104042,8.034035,8.086544,8.069046,8.174004,8.243912,8.313774,8.243912,8.243912,8.261383,8.243912,8.208961,8.243912,8.383591,8.366138,8.348686,8.331230,8.435913,8.697163,8.749332,8.662369,8.540497,8.470791,8.453358,8.435913,8.523075,8.592743,8.592743,8.557915,8.610161,8.575333,8.662369,8.697163,8.662369,8.662369,8.697163,8.627563,8.644970,8.679768,8.731949,8.610161,8.662369,8.766716,8.818848,8.731949,8.662369,8.592743,8.662369,8.575333,8.592743,8.557915,8.557915,8.523075,8.731949,9.165710,9.183022,8.992432,8.766716,8.714558,8.818848,8.679768,8.975086,9.217640,9.061775,8.888317,8.766716,8.749332,8.697163,8.749332,8.870953,8.853588,8.940388,8.870953,8.731949,8.749332,8.749332,8.905678,8.853588,8.801476,8.749332,8.818848,8.731949,8.870953,8.957737,9.027115,8.975086,8.975086,8.923035,8.940388,9.061775,9.183022,9.079109,8.836220,8.697163,8.592743,8.818848,8.818848,9.009773,8.784096,8.766716,8.818848,8.853588,8.923035,9.009773,9.061775,9.217640,9.390537,9.373260,9.459610,9.528633,9.580376,9.632080,9.614849,9.563126,9.234943,8.801476,8.801476,8.662369,8.644970,8.644970,8.662369,8.679768,8.662369,8.662369,8.749332,8.801476,8.818848,8.731949,8.766716,8.749332,8.662369,8.766716,8.766716,8.836220,8.801476,8.749332,8.784096,8.940388,9.027115,9.183022,9.234943,9.113758,9.027115,8.975086,8.870953,8.992432,8.923035,9.200333,9.545887,9.614849,9.113758,8.731949,8.401035,8.261383,8.208961,8.261383,8.261383,8.383591,8.383591,8.453358,8.575333,8.714558,8.731949,8.714558,8.731949,8.818848,8.836220,8.836220,8.957737,8.870953,8.853588,8.784096,8.644970,8.749332,8.818848,8.836220,8.766716,8.784096,8.714558,8.992432,9.148392,9.113758,9.200333,9.286831,9.407806,9.528633,9.442345,9.338692,9.304119,9.200333,9.217640,9.165710,9.252239,9.269539,9.061775,9.165710,9.044441,9.148392,9.131081,9.148392,9.113758,9.131081,9.027115,8.992432,9.096436,9.061775,9.061775,8.975086,9.027115,9.061775,9.321407,9.632080,9.683773,9.580376,9.131081,9.165710,9.096436,9.061775,9.009773,9.044441,9.113758,9.148392,9.113758,9.148392,9.165710,9.165710,9.061775,9.009773,9.027115,9.165710,9.563126,9.804260,9.924606,9.666546,9.096436,8.836220,8.836220,8.853588,8.923035,9.027115,8.940388,8.992432,9.061775,9.061775,9.027115,9.061775,9.044441,9.079109,9.165710,9.131081,9.113758,9.183022,9.286831,9.252239,9.148392,9.148392,9.044441,8.957737,9.044441,9.079109,8.975086,9.131081,9.079109,9.165710,9.321407,9.286831,9.338692,9.476868,9.838661,10.010487,9.976139,9.787056,9.769852,9.718216,9.769852,9.821461,9.752644,9.804260,9.787056,9.941792,9.873051,9.941792,9.890244,9.890244,9.838661,9.924606,9.958965,10.079128,9.958965,9.855862,9.804260,9.769852,9.838661,9.752644,9.528633,9.700993,9.821461,10.130581,10.164867,10.044807,9.890244,9.804260,9.787056,9.769852,9.787056,9.718216,9.752644,9.683773,9.735428,9.787056,9.632080,9.528633,9.614849,9.494129,9.476868,9.459610,9.425079,9.494129,9.476868,9.407806,9.390537,9.304119,9.425079,9.425079,9.390537,9.338692,9.390537,9.338692,9.304119,9.113758,9.113758,9.148392,9.217640,9.217640,9.407806,9.976139,10.130581,10.061974,9.804260,9.769852,9.735428,9.718216,9.700993,9.752644,9.769852,9.804260,9.804260,9.804260,9.838661,9.683773,9.855862,9.873051,9.924606,9.941792,10.044807,10.044807,9.993317,9.993317,9.976139,9.993317,9.924606,9.976139,10.027649,10.027649,10.079128,10.113426,10.164867,10.147728,10.147728,10.130581,10.044807,10.199139,10.199139,10.404537,10.284771,10.216270,10.061974,9.993317,9.941792,9.941792,9.924606,9.976139,9.838661,9.924606,9.924606,9.855862,9.958965,9.769852,9.907425,10.010487,10.182007,10.319000,10.404537,10.113426,10.044807,10.027649,9.855862,9.924606,9.924606,9.958965,10.010487,10.010487,9.958965,9.924606,9.890244,9.907425,9.890244,9.787056,9.821461,9.769852,9.821461,9.666546,9.683773,9.683773,9.649315,9.666546,9.545887,9.476868,9.373260,9.476868,9.338692,9.321407,9.234943,9.459610,9.407806,9.269539,9.304119,9.373260,9.804260,10.010487,10.096279,9.924606,9.804260,9.924606,10.079128,10.044807,10.044807,9.993317,10.044807,10.044807,10.079128,10.061974,9.993317,10.061974,10.147728,10.010487,10.044807,10.079128,10.164867,10.113426,10.079128,9.890244,9.804260,9.700993,9.597610,9.580376,9.597610,9.563126,9.614849,9.614849,9.580376,9.545887,9.476868,9.476868,9.545887,9.511379,9.632080,9.787056,9.614849,9.649315,9.528633,9.545887,9.614849,9.407806,9.373260,9.269539,9.304119,9.252239,9.338692,9.217640,9.217640,9.183022,9.217640,9.252239,9.183022,9.234943,9.373260,9.528633,9.511379,9.252239,9.079109,9.027115,8.992432,8.888317,8.870953,8.766716,8.766716,8.731949,8.714558,8.610161,8.627563,8.697163,8.627563,8.627563,8.592743,8.644970,8.488220,8.488220,8.435913,8.418476,8.401035,8.331230,8.208961,8.226437,8.226437,7.999016,7.928940,7.612995,7.419441,7.278450,7.119606,7.101940,7.013577,7.013577,6.889732,6.854328,6.783474,6.606125,6.481804,
6.694839,6.783474,6.783474,6.765751,6.818905,6.889732,6.995895,6.978207,6.942829,7.013577,6.995895,6.978207,7.031254,6.960518,7.048931,7.013577,6.995895,6.978207,7.137272,7.243172,7.225533,7.190231,7.137272,7.207882,7.278450,7.278450,7.278450,7.542656,7.823730,7.963982,7.665718,7.296085,7.278450,7.366592,7.348972,7.489868,7.648148,7.823730,7.946465,7.928940,7.858810,7.771088,7.735977,7.806187,7.753536,7.735977,7.700855,7.788635,7.735977,7.771088,7.876347,7.823730,7.858810,7.876347,7.893879,7.806187,7.788635,7.858810,7.735977,7.841270,7.753536,7.841270,7.788635,7.806187,7.841270,7.841270,7.841270,7.788635,7.718422,7.771088,7.981499,8.261383,8.435913,8.296310,7.893879,7.507469,7.542656,7.507469,7.595413,7.577831,7.525059,7.612995,7.507469,7.401833,7.419441,7.560242,7.507469,7.542656,7.560242,7.507469,7.507469,7.542656,7.542656,7.507469,7.401833,7.507469,7.472267,7.630577,7.612995,7.560242,7.489868,7.595413,7.507469,7.472267,7.437057,7.560242,7.683289,8.383591,8.540497,8.592743,8.243912,7.893879,7.630577,7.753536,7.911411,7.928940,8.104042,7.999016,8.121536,7.981499,8.104042,8.104042,8.139027,8.156513,8.331230,8.261383,8.348686,8.296310,8.348686,8.453358,8.383591,8.348686,8.401035,8.278851,8.401035,8.401035,8.505650,8.610161,8.714558,8.731949,8.679768,8.714558,8.731949,8.905678,8.870953,8.870953,8.836220,8.749332,8.766716,8.818848,8.644970,8.731949,8.714558,8.766716,8.749332,8.731949,8.592743,8.610161,8.575333,8.540497,8.557915,8.557915,8.505650,8.470791,8.557915,9.079109,9.113758,9.044441,8.784096,8.697163,8.784096,8.784096,8.870953,8.940388,8.975086,8.888317,8.714558,8.749332,8.697163,8.679768,8.662369,8.749332,8.644970,8.697163,8.679768,8.644970,8.610161,8.592743,8.644970,8.610161,8.540497,8.453358,8.488220,8.540497,8.662369,8.627563,8.679768,8.523075,8.610161,8.662369,8.679768,9.113758,9.061775,8.853588,8.523075,8.453358,8.523075,8.731949,8.697163,8.592743,8.627563,8.610161,8.644970,8.662369,8.697163,8.801476,8.801476,8.836220,8.923035,9.131081,9.321407,9.252239,9.321407,9.390537,9.459610,9.390537,9.234943,9.061775,8.818848,8.853588,8.836220,8.923035,8.923035,8.940388,8.992432,9.252239,9.373260,9.252239,9.200333,9.234943,9.217640,9.234943,9.148392,9.304119,9.355976,9.442345,9.425079,9.355976,9.390537,9.494129,9.580376,9.545887,9.494129,9.459610,9.476868,9.459610,9.269539,9.373260,9.632080,9.580376,9.614849,9.304119,8.766716,8.540497,8.523075,8.592743,8.592743,8.766716,8.853588,8.784096,8.888317,8.870953,8.853588,8.836220,8.836220,8.731949,8.679768,8.749332,8.801476,8.784096,8.853588,8.627563,8.470791,8.418476,8.505650,8.488220,8.540497,8.505650,8.575333,8.627563,8.784096,8.801476,8.836220,8.801476,9.131081,9.355976,9.563126,9.321407,9.183022,9.027115,8.870953,8.905678,8.836220,9.131081,9.044441,9.183022,9.183022,9.217640,9.061775,9.096436,9.096436,9.131081,9.183022,9.165710,9.217640,9.286831,9.269539,9.355976,9.269539,9.373260,9.373260,9.476868,9.476868,9.494129,9.459610,9.355976,9.390537,9.373260,9.252239,9.286831,9.425079,9.425079,9.511379,9.459610,9.476868,9.390537,9.355976,9.304119,9.252239,9.286831,9.373260,9.666546,9.700993,9.769852,9.614849,9.027115,8.888317,8.888317,8.905678,8.992432,9.044441,8.992432,9.044441,9.217640,9.165710,9.113758,9.113758,9.061775,9.027115,9.044441,9.096436,9.027115,9.113758,9.096436,9.009773,9.009773,8.888317,8.818848,8.905678,8.870953,8.836220,8.853588,8.801476,8.784096,8.870953,8.905678,8.992432,9.027115,9.200333,9.769852,9.821461,9.700993,9.269539,9.113758,9.131081,9.217640,9.252239,9.425079,9.304119,9.338692,9.442345,9.373260,9.425079,9.580376,9.528633,9.563126,9.476868,9.752644,10.010487,10.010487,9.907425,9.855862,9.838661,9.890244,9.752644,9.941792,9.907425,9.941792,10.010487,10.010487,10.061974,10.010487,10.079128,9.993317,10.113426,10.096279,10.061974,10.061974,10.044807,10.010487,9.941792,9.821461,9.769852,9.752644,9.597610,9.614849,9.597610,9.528633,9.511379,9.597610,9.563126,9.563126,9.545887,9.407806,9.597610,9.632080,9.597610,9.407806,9.563126,9.355976,9.304119,9.234943,9.252239,9.286831,9.407806,9.666546,10.027649,9.993317,10.044807,9.718216,9.718216,9.718216,9.718216,9.735428,9.683773,9.700993,9.787056,9.787056,9.769852,9.890244,9.873051,9.821461,9.890244,9.873051,9.855862,9.890244,9.907425,9.993317,9.804260,9.804260,9.735428,9.649315,9.666546,9.700993,9.838661,9.769852,9.752644,9.769852,9.769852,10.027649,9.958965,9.976139,10.079128,10.182007,10.250530,10.301891,10.301891,10.027649,9.890244,9.924606,10.027649,10.079128,10.044807,10.113426,10.096279,10.147728,10.216270,10.096279,10.096279,10.284771,10.199139,10.301891,10.336117,10.353233,10.250530,10.301891,10.301891,10.336117,10.404537,10.387436,10.472908,10.455822,10.472908,10.438725,10.387436,10.489990,10.353233,10.387436,10.301891,10.233398,10.250530,10.164867,9.993317,9.976139,9.907425,9.924606,9.752644,9.700993,9.666546,9.545887,9.476868,9.476868,9.390537,9.355976,9.390537,9.373260,9.269539,9.338692,9.390537,10.061974,9.976139,9.976139,9.804260,9.718216,9.855862,9.838661,9.838661,9.752644,9.769852,9.787056,9.769852,9.666546,9.597610,9.545887,9.718216,9.787056,9.735428,9.735428,9.855862,9.821461,9.873051,9.890244,9.735428,9.752644,9.718216,9.804260,9.752644,9.769852,9.718216,9.683773,9.787056,9.769852,9.769852,9.752644,9.804260,9.890244,9.838661,9.855862,9.941792,9.976139,9.855862,9.769852,9.666546,9.632080,9.580376,9.563126,9.528633,9.373260,9.545887,9.442345,9.373260,9.338692,9.355976,9.269539,9.252239,9.390537,9.286831,9.511379,9.649315,9.563126,9.269539,9.269539,9.217640,9.113758,9.131081,9.113758,9.044441,9.027115,8.870953,8.766716,8.731949,8.801476,8.766716,8.644970,8.644970,8.644970,8.610161,8.592743,8.592743,8.505650,8.470791,8.453358,8.348686,8.383591,8.331230,8.331230,8.278851,8.261383,8.313774,8.051544,7.858810,7.771088,7.630577,7.612995,7.577831,7.331345,7.278450,7.119606,6.872036,6.694839,
6.872036,6.765751,6.872036,6.854328,6.942829,7.013577,6.925133,6.960518,6.960518,7.119606,7.119606,7.048931,6.978207,7.013577,6.978207,7.031254,6.978207,6.995895,6.925133,7.013577,7.031254,7.031254,7.137272,7.154926,7.119606,7.084278,7.084278,7.454662,7.963982,8.069046,7.648148,7.225533,7.013577,7.048931,6.995895,7.066605,7.260815,7.207882,7.331345,7.612995,7.665718,7.437057,7.331345,7.437057,7.560242,7.630577,7.595413,7.648148,7.630577,7.683289,7.858810,7.963982,7.963982,7.999016,7.946465,8.034035,7.841270,7.806187,7.876347,7.876347,7.946465,7.963982,7.999016,8.139027,8.243912,8.121536,8.051544,7.893879,7.841270,7.946465,8.034035,8.296310,8.261383,8.191483,8.016525,7.683289,7.788635,7.841270,7.753536,7.806187,7.876347,7.788635,7.753536,7.700855,7.630577,7.665718,7.612995,7.525059,7.595413,7.525059,7.507469,7.577831,7.507469,7.419441,7.437057,7.437057,7.472267,7.560242,7.595413,7.560242,7.489868,7.419441,7.472267,7.366592,7.313717,7.331345,7.348972,7.806187,8.453358,8.418476,8.016525,7.735977,7.612995,7.735977,7.858810,7.876347,7.963982,7.946465,8.034035,7.876347,7.946465,8.016525,8.121536,8.156513,8.243912,8.278851,8.174004,8.174004,8.121536,8.121536,7.981499,7.981499,7.946465,7.981499,7.963982,7.946465,8.121536,8.243912,8.366138,8.296310,8.331230,8.418476,8.644970,8.853588,8.940388,8.957737,8.714558,8.453358,8.470791,8.505650,8.418476,8.470791,8.644970,8.714558,8.714558,8.644970,8.435913,8.523075,8.453358,8.540497,8.540497,8.575333,8.540497,8.540497,8.523075,8.801476,8.888317,8.784096,8.818848,8.766716,8.870953,8.818848,8.870953,8.975086,9.027115,8.870953,8.836220,8.714558,8.714558,8.662369,8.749332,8.731949,8.836220,8.784096,8.697163,8.575333,8.697163,8.610161,8.575333,8.523075,8.505650,8.505650,8.488220,8.505650,8.523075,8.540497,8.610161,8.592743,8.453358,8.470791,8.540497,9.009773,9.061775,8.975086,8.523075,8.366138,8.401035,8.488220,8.575333,8.488220,8.470791,8.523075,8.523075,8.575333,8.644970,8.540497,8.488220,8.540497,8.592743,8.801476,9.061775,9.009773,8.923035,8.836220,8.836220,8.836220,8.923035,8.836220,8.818848,8.749332,8.836220,8.714558,8.697163,8.714558,8.853588,9.373260,9.528633,9.459610,9.304119,9.321407,9.407806,9.459610,9.511379,9.563126,9.580376,9.511379,9.580376,9.494129,9.597610,9.597610,9.718216,9.683773,9.838661,9.718216,9.735428,9.683773,9.459610,9.580376,9.649315,9.597610,9.683773,9.614849,9.321407,9.252239,9.217640,9.304119,9.442345,9.494129,9.597610,9.442345,9.545887,9.511379,9.304119,9.304119,9.269539,9.304119,9.200333,9.148392,8.975086,8.870953,8.818848,8.679768,8.575333,8.575333,8.610161,8.627563,8.644970,8.662369,8.766716,8.905678,8.853588,8.905678,8.853588,8.870953,8.992432,9.373260,9.390537,9.165710,9.113758,8.923035,8.731949,8.818848,8.801476,8.975086,8.870953,8.888317,8.888317,8.870953,8.905678,8.905678,8.992432,9.044441,9.148392,9.079109,9.061775,9.079109,9.217640,9.096436,9.061775,9.096436,9.061775,9.079109,9.113758,9.217640,9.234943,9.217640,9.304119,9.304119,9.321407,9.442345,9.666546,9.769852,9.649315,9.597610,9.614849,9.597610,9.563126,9.355976,9.528633,9.511379,9.511379,9.683773,9.700993,9.666546,9.494129,9.269539,9.183022,9.217640,9.321407,9.338692,9.373260,9.511379,9.476868,9.614849,9.597610,9.511379,9.442345,9.269539,9.286831,9.338692,9.286831,9.286831,9.252239,9.217640,9.079109,9.131081,8.975086,9.044441,8.975086,9.009773,8.992432,8.905678,8.888317,8.905678,9.009773,8.975086,8.957737,8.992432,9.286831,9.700993,9.873051,9.787056,9.079109,9.096436,8.905678,9.044441,9.061775,9.096436,9.148392,8.992432,9.096436,9.183022,9.148392,9.131081,9.131081,9.200333,9.131081,9.545887,9.890244,9.890244,9.545887,9.459610,9.425079,9.407806,9.425079,9.373260,9.476868,9.597610,9.683773,9.700993,9.580376,9.666546,9.855862,9.787056,9.838661,9.769852,9.890244,9.821461,9.993317,9.941792,9.821461,9.700993,9.718216,9.683773,9.718216,9.700993,9.666546,9.718216,9.649315,9.666546,9.649315,9.769852,9.666546,9.735428,9.769852,9.993317,9.924606,9.941792,9.855862,9.804260,9.752644,9.700993,9.597610,9.545887,9.632080,9.873051,9.958965,9.924606,9.958965,9.804260,9.838661,9.752644,9.855862,9.855862,9.838661,9.821461,9.855862,9.958965,9.993317,9.958965,10.044807,9.941792,9.907425,9.958965,9.890244,9.958965,9.924606,9.976139,10.010487,9.821461,9.804260,9.666546,9.649315,9.632080,9.752644,9.649315,9.666546,9.528633,9.614849,9.752644,9.787056,9.752644,9.804260,10.061974,10.216270,10.182007,10.096279,9.528633,9.425079,9.511379,9.632080,9.683773,9.700993,9.649315,9.700993,9.838661,9.855862,9.855862,9.924606,9.907425,9.907425,9.958965,10.096279,10.061974,10.130581,10.182007,10.250530,10.319000,10.387436,10.421631,10.489990,10.421631,10.472908,10.592438,10.626560,10.626560,10.609497,10.609497,10.626560,10.643623,10.626560,10.626560,10.507072,10.421631,10.353233,10.370338,10.216270,10.164867,10.027649,10.027649,9.838661,9.804260,9.752644,9.649315,9.614849,9.597610,9.528633,9.528633,9.649315,10.061974,10.147728,9.855862,9.666546,9.787056,9.821461,9.769852,9.718216,9.735428,9.683773,9.580376,9.563126,9.407806,9.459610,9.545887,9.511379,9.511379,9.459610,9.614849,9.614849,9.597610,9.563126,9.649315,9.649315,9.614849,9.700993,9.614849,9.649315,9.700993,9.649315,9.649315,9.700993,9.683773,9.683773,9.580376,9.700993,9.683773,9.907425,9.941792,10.079128,9.976139,9.890244,9.735428,9.700993,9.769852,9.718216,9.649315,9.580376,9.683773,9.545887,9.614849,9.580376,9.511379,9.511379,9.390537,9.390537,9.442345,9.476868,9.649315,9.683773,9.563126,9.425079,9.511379,9.545887,9.476868,9.373260,9.545887,9.459610,9.373260,9.321407,9.252239,9.252239,9.165710,9.131081,9.113758,9.113758,9.027115,9.027115,8.992432,8.905678,8.766716,8.784096,8.818848,8.557915,8.627563,8.662369,8.610161,8.575333,8.488220,8.523075,8.592743,8.401035,8.331230,8.296310,8.296310,8.261383,7.981499,7.683289,7.437057,7.331345,6.960518,
7.031254,6.995895,7.119606,7.154926,7.313717,7.331345,7.384212,7.419441,7.489868,7.366592,7.401833,7.595413,7.489868,7.437057,7.366592,7.366592,7.384212,7.296085,7.207882,7.278450,7.190231,7.190231,7.260815,7.348972,7.207882,7.172585,7.243172,7.489868,8.086544,8.069046,7.806187,7.313717,7.190231,7.154926,7.137272,7.154926,7.119606,7.225533,7.243172,7.313717,7.278450,7.190231,7.154926,7.260815,7.278450,7.278450,7.401833,7.331345,7.278450,7.401833,7.489868,7.788635,7.806187,7.771088,7.700855,7.735977,7.612995,7.788635,7.788635,7.753536,7.683289,7.700855,8.051544,8.191483,8.383591,8.313774,8.174004,7.876347,7.806187,7.788635,7.876347,7.911411,8.208961,7.981499,7.823730,7.911411,7.911411,7.946465,8.016525,8.069046,8.016525,7.946465,8.016525,8.034035,8.016525,7.893879,7.928940,7.911411,7.911411,7.946465,7.806187,7.841270,7.806187,7.823730,7.858810,7.841270,7.858810,7.806187,7.893879,7.963982,7.911411,7.876347,7.665718,7.542656,7.384212,7.437057,7.401833,7.630577,8.505650,8.383591,8.208961,7.928940,7.823730,7.806187,7.963982,8.086544,8.139027,8.121536,8.174004,8.051544,8.034035,7.981499,8.086544,8.261383,8.243912,8.418476,8.278851,8.261383,8.121536,8.034035,7.999016,7.946465,7.911411,8.034035,7.876347,7.946465,7.981499,8.034035,8.051544,8.156513,8.121536,8.016525,8.191483,8.679768,8.818848,8.714558,8.278851,7.928940,7.841270,7.735977,7.753536,7.823730,7.928940,7.876347,7.946465,7.806187,7.788635,7.876347,7.963982,8.034035,7.963982,8.104042,8.156513,8.156513,8.156513,8.226437,8.191483,8.313774,8.401035,8.470791,8.401035,8.470791,8.610161,8.662369,8.818848,8.870953,8.818848,8.801476,8.836220,8.853588,9.027115,9.200333,9.234943,9.252239,9.113758,9.027115,9.044441,9.096436,8.940388,8.853588,8.905678,8.766716,8.749332,8.679768,8.766716,8.731949,8.836220,8.766716,8.679768,8.610161,8.766716,8.992432,9.113758,8.957737,8.662369,8.505650,8.575333,8.505650,8.627563,8.627563,8.575333,8.592743,8.505650,8.523075,8.592743,8.610161,8.505650,8.523075,8.557915,8.679768,8.853588,8.731949,8.731949,8.644970,8.610161,8.749332,8.801476,8.697163,8.575333,8.610161,8.644970,8.627563,8.488220,8.575333,8.905678,9.390537,9.494129,9.528633,9.131081,9.027115,9.131081,9.061775,9.061775,9.183022,9.113758,9.304119,9.304119,9.304119,9.183022,9.217640,9.286831,9.269539,9.286831,9.269539,9.338692,9.321407,9.373260,9.234943,9.321407,9.321407,9.390537,9.355976,9.407806,9.373260,9.459610,9.494129,9.545887,9.511379,9.563126,9.632080,9.632080,9.683773,9.580376,9.769852,9.804260,9.873051,9.700993,9.649315,9.355976,9.252239,9.217640,9.269539,9.165710,9.148392,9.165710,9.183022,9.252239,9.200333,9.234943,9.234943,9.165710,9.131081,9.027115,8.940388,9.148392,9.338692,9.459610,9.183022,9.148392,9.061775,8.923035,8.923035,9.009773,8.940388,8.853588,8.836220,8.888317,8.923035,8.992432,8.992432,9.027115,8.975086,9.027115,9.061775,8.975086,9.009773,9.044441,9.044441,8.992432,8.957737,9.079109,9.044441,9.113758,9.044441,9.113758,9.096436,9.183022,9.061775,9.096436,9.217640,9.545887,9.666546,9.683773,9.459610,9.200333,9.269539,9.269539,9.234943,9.165710,9.131081,9.131081,9.286831,9.407806,9.425079,9.459610,9.390537,9.390537,9.425079,9.494129,9.459610,9.390537,9.407806,9.476868,9.597610,9.614849,9.597610,9.511379,9.459610,9.459610,9.563126,9.580376,9.580376,9.563126,9.545887,9.511379,9.459610,9.459610,9.597610,9.511379,9.563126,9.528633,9.425079,9.338692,9.269539,9.321407,9.390537,9.355976,9.304119,9.407806,9.700993,9.804260,9.649315,9.131081,9.044441,9.148392,9.027115,9.096436,9.096436,9.079109,9.148392,9.113758,9.113758,9.148392,9.079109,9.113758,9.096436,9.165710,9.494129,9.752644,9.821461,9.563126,9.442345,9.355976,9.355976,9.355976,9.304119,9.321407,9.425079,9.304119,9.286831,9.355976,9.425079,9.425079,9.304119,9.355976,9.304119,9.252239,9.269539,9.252239,9.286831,9.183022,9.183022,9.200333,9.183022,9.217640,9.183022,9.321407,9.355976,9.425079,9.390537,9.494129,9.545887,9.597610,9.597610,9.666546,9.941792,10.027649,10.130581,9.993317,9.769852,9.821461,9.735428,9.769852,9.769852,9.804260,9.752644,9.718216,9.752644,9.769852,9.821461,9.804260,9.787056,9.924606,9.924606,10.096279,10.182007,10.233398,10.216270,10.233398,10.250530,10.301891,10.250530,10.216270,10.199139,10.250530,10.216270,10.164867,10.199139,10.096279,10.061974,9.924606,10.010487,9.890244,10.044807,9.890244,9.873051,9.769852,9.614849,9.718216,9.924606,10.113426,9.890244,9.993317,10.267654,10.319000,10.216270,9.821461,9.407806,9.407806,9.355976,9.476868,9.476868,9.580376,9.545887,9.442345,9.511379,9.614849,9.614849,9.632080,9.649315,9.752644,9.752644,9.752644,9.649315,9.700993,9.821461,9.873051,9.907425,9.958965,9.993317,10.061974,10.096279,10.199139,10.267654,10.233398,10.489990,10.455822,10.455822,10.472908,10.558300,10.592438,10.575371,10.592438,10.541225,10.387436,10.284771,10.199139,10.182007,10.079128,10.027649,10.010487,9.941792,9.890244,9.890244,9.787056,9.683773,9.855862,9.855862,9.941792,10.010487,9.993317,9.821461,9.821461,9.855862,9.821461,9.769852,9.718216,9.597610,9.683773,9.614849,9.580376,9.632080,9.476868,9.528633,9.528633,9.545887,9.580376,9.666546,9.614849,9.632080,9.718216,9.718216,9.580376,9.683773,9.666546,9.666546,9.597610,9.666546,9.700993,9.563126,9.580376,9.545887,9.545887,9.528633,9.597610,9.563126,9.993317,9.958965,9.976139,9.838661,9.545887,9.511379,9.545887,9.511379,9.476868,9.476868,9.494129,9.425079,9.390537,9.407806,9.528633,9.442345,9.442345,9.476868,9.476868,9.425079,9.511379,9.459610,9.528633,9.528633,9.511379,9.563126,9.545887,9.580376,9.528633,9.563126,9.459610,9.442345,9.511379,9.494129,9.425079,9.407806,9.476868,9.407806,9.511379,9.459610,9.373260,9.321407,9.304119,9.252239,9.165710,9.079109,9.027115,9.027115,8.905678,9.096436,9.113758,8.870953,8.940388,8.836220,8.697163,8.627563,8.679768,8.714558,8.801476,8.662369,8.174004,7.963982,7.560242,7.401833,
7.243172,7.243172,7.296085,7.401833,7.630577,7.771088,7.876347,7.753536,7.683289,7.665718,7.648148,7.612995,7.648148,7.771088,7.771088,7.823730,7.630577,7.700855,7.648148,7.700855,7.718422,7.788635,7.753536,7.735977,7.735977,7.788635,7.823730,7.911411,8.104042,8.086544,7.876347,7.806187,7.683289,7.472267,7.665718,7.560242,7.560242,7.560242,7.577831,7.630577,7.437057,7.454662,7.331345,7.296085,7.207882,7.190231,7.366592,7.525059,7.525059,7.419441,7.595413,7.665718,7.841270,7.771088,7.665718,7.595413,7.542656,7.507469,7.489868,7.542656,7.560242,7.560242,7.700855,8.156513,8.296310,8.208961,7.946465,7.718422,7.648148,7.630577,7.665718,7.577831,7.823730,7.806187,7.823730,7.823730,7.893879,7.858810,7.700855,7.806187,7.788635,7.858810,7.928940,7.963982,7.893879,7.823730,7.841270,7.823730,7.893879,7.858810,7.928940,7.876347,7.858810,7.963982,7.946465,7.963982,7.928940,8.034035,8.191483,8.401035,8.296310,8.156513,7.946465,7.911411,7.823730,7.648148,7.648148,7.806187,8.069046,8.069046,8.121536,8.104042,8.016525,8.069046,8.069046,8.278851,8.366138,8.366138,8.243912,8.366138,8.488220,8.278851,8.435913,8.470791,8.470791,8.523075,8.523075,8.453358,8.470791,8.296310,8.296310,8.278851,8.243912,8.226437,8.296310,8.174004,8.174004,8.243912,8.208961,8.226437,8.243912,8.086544,8.156513,8.453358,8.801476,8.766716,8.453358,7.876347,7.700855,7.472267,7.507469,7.507469,7.507469,7.542656,7.630577,7.595413,7.577831,7.577831,7.542656,7.665718,7.630577,7.700855,7.718422,7.665718,7.718422,7.735977,7.753536,7.841270,7.841270,7.946465,7.999016,8.069046,7.999016,8.261383,8.226437,8.331230,8.470791,8.523075,8.505650,8.453358,8.801476,9.183022,9.183022,9.044441,9.009773,8.905678,8.992432,8.923035,8.975086,8.957737,8.905678,8.940388,8.853588,8.940388,8.784096,8.818848,8.923035,8.870953,8.888317,8.957737,8.923035,9.009773,9.009773,8.992432,9.027115,8.992432,9.079109,9.061775,9.044441,9.079109,8.975086,9.027115,8.940388,8.992432,8.870953,8.836220,8.836220,8.766716,8.801476,8.888317,8.818848,8.905678,8.870953,8.731949,8.749332,8.714558,8.766716,8.749332,8.749332,8.644970,8.697163,8.697163,8.679768,8.714558,8.905678,9.269539,9.545887,9.632080,9.217640,8.923035,8.888317,8.975086,8.957737,8.940388,8.992432,9.044441,9.027115,8.940388,8.992432,8.923035,8.957737,9.009773,9.044441,8.923035,8.992432,8.992432,9.044441,9.009773,8.975086,9.044441,9.200333,9.252239,9.183022,9.234943,9.027115,9.113758,9.113758,9.061775,9.096436,9.148392,9.217640,9.286831,9.511379,9.735428,9.958965,9.907425,9.632080,9.442345,9.131081,9.027115,9.096436,9.096436,9.165710,9.061775,9.113758,9.148392,9.131081,9.234943,9.338692,9.425079,9.373260,9.234943,9.234943,9.200333,9.252239,9.407806,9.425079,9.355976,9.252239,9.304119,9.321407,9.183022,9.148392,9.131081,9.252239,9.252239,9.304119,9.252239,9.286831,9.338692,9.459610,9.425079,9.442345,9.373260,9.234943,9.113758,9.217640,9.217640,9.269539,9.061775,9.096436,9.148392,9.252239,9.234943,9.096436,9.096436,9.183022,9.183022,9.269539,9.234943,9.494129,9.700993,9.787056,9.373260,9.009773,8.957737,8.801476,8.870953,8.888317,8.905678,8.923035,9.009773,9.148392,9.234943,9.183022,9.165710,9.165710,9.200333,9.183022,9.148392,9.183022,9.148392,9.183022,9.286831,9.425079,9.442345,9.390537,9.338692,9.425079,9.511379,9.580376,9.563126,9.494129,9.511379,9.476868,9.476868,9.735428,9.958965,9.890244,9.735428,9.683773,9.511379,9.442345,9.528633,9.528633,9.545887,9.597610,9.666546,9.597610,9.683773,9.528633,9.459610,9.476868,9.355976,9.355976,9.234943,9.286831,9.355976,9.355976,9.373260,9.338692,9.269539,9.165710,9.148392,9.217640,9.234943,9.234943,9.614849,9.632080,9.752644,9.494129,9.321407,9.252239,9.321407,9.373260,9.338692,9.390537,9.286831,9.286831,9.200333,9.338692,9.407806,9.338692,9.252239,9.183022,9.131081,9.183022,9.148392,9.096436,9.009773,9.061775,8.975086,9.079109,9.079109,9.027115,8.975086,9.044441,8.975086,9.009773,8.905678,8.870953,8.940388,8.992432,9.096436,9.355976,9.907425,9.890244,9.752644,9.511379,9.148392,9.217640,9.390537,9.304119,9.269539,9.165710,9.200333,9.200333,9.217640,9.217640,9.321407,9.442345,9.476868,9.511379,9.563126,10.010487,10.130581,10.284771,10.250530,10.267654,10.182007,10.233398,10.301891,10.267654,10.301891,10.353233,10.387436,10.336117,10.199139,10.284771,10.216270,10.301891,10.301891,10.267654,10.284771,10.336117,10.164867,10.113426,10.027649,10.061974,10.284771,10.370338,10.216270,10.267654,10.336117,10.250530,10.199139,9.769852,9.494129,9.407806,9.494129,9.563126,9.683773,9.580376,9.511379,9.442345,9.494129,9.494129,9.614849,9.563126,9.683773,9.649315,9.735428,9.718216,9.821461,9.718216,9.787056,9.752644,9.838661,9.821461,9.924606,9.873051,9.838661,10.044807,10.061974,9.958965,9.993317,10.044807,10.096279,10.164867,10.079128,10.250530,10.353233,10.353233,10.164867,9.907425,9.855862,9.873051,9.666546,9.666546,9.563126,9.632080,9.545887,9.597610,9.545887,9.614849,9.718216,9.563126,9.632080,9.787056,9.838661,9.838661,9.787056,9.804260,9.700993,9.838661,9.821461,9.838661,9.890244,9.752644,9.666546,9.700993,9.649315,9.666546,9.580376,9.563126,9.666546,9.718216,9.752644,9.958965,9.787056,9.976139,9.941792,9.976139,9.907425,9.855862,9.804260,9.838661,9.683773,9.735428,9.597610,9.649315,9.632080,9.649315,9.614849,9.718216,9.855862,9.976139,10.044807,9.838661,9.649315,9.476868,9.338692,9.252239,9.338692,9.321407,9.304119,9.355976,9.269539,9.286831,9.355976,9.632080,9.373260,9.304119,9.200333,9.373260,9.252239,9.183022,9.234943,9.304119,9.200333,9.131081,9.234943,9.234943,9.200333,9.217640,9.217640,9.304119,9.304119,9.286831,9.269539,9.234943,9.269539,9.407806,9.373260,9.425079,9.373260,9.234943,9.200333,9.286831,9.183022,9.183022,9.113758,9.113758,9.096436,9.165710,9.165710,9.061775,9.027115,9.027115,9.079109,9.027115,8.905678,8.923035,8.923035,8.784096,8.818848,8.557915,8.453358,8.208961,7.981499,
7.190231,7.137272,7.296085,7.278450,7.525059,7.771088,7.858810,7.665718,7.313717,7.313717,7.313717,7.419441,7.419441,7.437057,7.489868,7.437057,7.437057,7.437057,7.472267,7.560242,7.560242,7.683289,7.595413,7.612995,7.648148,7.753536,7.683289,7.753536,7.823730,7.893879,7.735977,7.683289,7.753536,7.683289,7.595413,7.700855,7.700855,7.823730,7.911411,7.981499,7.946465,7.858810,7.876347,7.700855,7.648148,7.560242,7.735977,7.771088,7.771088,7.735977,7.876347,7.841270,7.858810,7.771088,7.788635,7.788635,7.771088,7.648148,7.700855,7.665718,7.665718,7.683289,7.735977,7.946465,8.296310,8.331230,8.069046,7.928940,7.841270,7.753536,7.648148,7.718422,7.806187,7.858810,7.823730,7.806187,7.928940,7.823730,7.788635,7.823730,7.858810,7.858810,7.858810,7.823730,7.823730,7.806187,7.753536,7.700855,7.718422,7.700855,7.700855,7.823730,7.753536,7.788635,7.806187,7.841270,7.771088,7.806187,7.981499,8.401035,8.453358,8.243912,7.788635,7.595413,7.472267,7.384212,7.401833,7.507469,7.542656,7.630577,7.753536,7.665718,7.718422,7.841270,7.999016,8.016525,8.243912,8.383591,8.208961,8.296310,8.051544,8.139027,8.208961,8.208961,8.278851,8.366138,8.523075,8.540497,8.644970,8.627563,8.557915,8.523075,8.488220,8.540497,8.679768,8.679768,8.662369,8.627563,8.592743,8.557915,8.505650,8.435913,8.383591,8.523075,8.888317,8.836220,8.644970,8.104042,7.841270,7.612995,7.700855,7.560242,7.630577,7.718422,7.612995,7.665718,7.612995,7.507469,7.630577,7.560242,7.665718,7.577831,7.665718,7.683289,7.683289,7.718422,7.753536,7.771088,7.788635,7.876347,7.963982,7.963982,8.034035,8.016525,8.051544,8.016525,8.016525,8.104042,8.121536,8.104042,8.505650,9.113758,9.113758,8.923035,8.644970,8.401035,8.453358,8.557915,8.505650,8.401035,8.401035,8.505650,8.435913,8.470791,8.418476,8.540497,8.644970,8.801476,8.731949,8.749332,8.766716,8.627563,8.923035,8.992432,9.009773,9.096436,9.183022,9.061775,8.992432,9.027115,9.113758,9.148392,9.079109,9.113758,8.975086,9.096436,9.131081,9.252239,9.234943,9.390537,8.992432,8.992432,8.940388,9.061775,9.148392,9.165710,9.079109,9.027115,9.027115,9.009773,9.027115,8.923035,9.079109,9.079109,9.304119,9.632080,9.614849,9.597610,9.355976,9.131081,9.079109,9.079109,9.044441,9.061775,9.009773,9.061775,8.992432,8.940388,8.905678,8.940388,9.061775,9.079109,9.061775,9.113758,9.079109,9.079109,9.027115,8.905678,9.044441,9.183022,9.217640,9.269539,9.131081,9.217640,9.027115,9.027115,9.027115,9.009773,9.061775,9.079109,9.061775,9.234943,9.476868,9.787056,9.941792,9.787056,9.165710,8.627563,8.418476,8.453358,8.523075,8.575333,8.557915,8.575333,8.662369,8.697163,8.801476,8.957737,8.923035,8.836220,8.957737,8.923035,8.905678,8.975086,9.044441,9.096436,9.096436,9.131081,9.183022,9.217640,9.234943,9.165710,9.165710,9.148392,9.148392,9.269539,9.338692,9.459610,9.407806,9.666546,9.700993,9.735428,9.821461,9.494129,9.338692,9.425079,9.459610,9.425079,9.459610,9.425079,9.425079,9.407806,9.355976,9.373260,9.476868,9.442345,9.425079,9.321407,9.511379,9.425079,9.666546,9.649315,9.597610,9.442345,9.113758,9.027115,8.992432,9.079109,8.957737,9.079109,9.044441,9.061775,9.234943,9.200333,9.027115,9.183022,9.131081,9.200333,9.217640,9.148392,9.200333,9.079109,9.079109,9.286831,9.442345,9.563126,9.407806,9.200333,9.269539,9.390537,9.321407,9.338692,9.355976,9.217640,9.183022,9.338692,9.390537,9.752644,9.873051,9.580376,9.165710,8.888317,8.870953,9.044441,9.061775,9.131081,9.165710,9.096436,9.217640,9.252239,9.217640,9.113758,9.027115,9.183022,9.165710,9.269539,9.338692,9.373260,9.459610,9.597610,9.407806,9.528633,9.338692,9.425079,9.407806,9.407806,9.355976,9.528633,9.545887,9.459610,9.373260,9.373260,9.407806,9.269539,9.511379,9.494129,9.476868,9.373260,9.252239,9.286831,9.338692,9.373260,9.373260,9.425079,9.269539,9.148392,9.165710,9.200333,9.183022,9.165710,9.148392,9.096436,9.131081,9.183022,9.148392,9.113758,8.957737,8.923035,8.975086,8.923035,8.801476,8.975086,8.870953,8.836220,9.373260,9.821461,9.804260,9.614849,9.217640,8.870953,8.957737,8.923035,8.957737,8.940388,8.870953,8.905678,8.818848,8.888317,8.975086,9.079109,8.975086,9.009773,9.027115,9.338692,9.804260,10.061974,10.130581,9.958965,9.873051,9.873051,9.873051,9.873051,9.924606,9.907425,9.924606,9.907425,9.873051,9.993317,10.027649,10.079128,10.267654,10.336117,10.336117,10.301891,10.353233,10.250530,10.027649,10.233398,10.284771,10.421631,10.353233,10.250530,10.370338,10.353233,10.250530,10.130581,9.958965,9.873051,9.924606,9.924606,9.993317,10.027649,9.924606,9.752644,9.855862,9.752644,9.700993,9.700993,9.666546,9.769852,9.787056,9.821461,9.735428,9.752644,9.804260,9.821461,9.855862,9.821461,9.838661,9.907425,9.907425,9.993317,9.993317,9.873051,9.976139,9.976139,9.907425,9.924606,10.027649,10.010487,10.164867,10.182007,10.130581,9.855862,9.666546,9.580376,9.476868,9.494129,9.355976,9.390537,9.373260,9.338692,9.355976,9.252239,9.304119,9.269539,9.286831,9.407806,9.355976,9.373260,9.355976,9.476868,9.390537,9.545887,9.597610,9.752644,9.632080,9.649315,9.683773,9.632080,9.597610,9.580376,9.597610,9.597610,9.597610,9.614849,9.683773,9.855862,10.079128,10.216270,10.061974,10.199139,10.044807,10.044807,10.044807,10.027649,9.976139,9.958965,9.873051,9.873051,9.958965,9.855862,9.907425,9.838661,9.993317,9.958965,9.976139,9.873051,9.821461,9.545887,9.494129,9.476868,9.373260,9.373260,9.442345,9.425079,9.407806,9.373260,9.442345,9.373260,9.390537,9.286831,9.338692,9.321407,9.269539,9.217640,9.131081,9.269539,9.286831,9.131081,9.096436,9.079109,9.113758,9.096436,9.061775,9.027115,9.027115,9.027115,8.975086,9.096436,9.131081,9.079109,9.459610,9.355976,9.252239,9.148392,9.061775,9.096436,9.027115,9.044441,8.975086,9.009773,8.975086,9.061775,9.061775,9.061775,8.992432,8.923035,8.905678,8.853588,8.870953,8.870953,8.888317,8.818848,8.766716,8.818848,8.627563,8.557915,8.592743,8.470791,
7.154926,7.101940,7.154926,7.207882,7.348972,7.753536,7.718422,7.612995,7.154926,6.907440,6.960518,6.907440,6.836617,6.907440,6.960518,6.995895,7.031254,7.048931,7.066605,7.154926,7.119606,7.119606,7.084278,7.225533,7.243172,7.278450,7.313717,7.207882,7.243172,7.313717,7.437057,7.331345,7.243172,7.331345,7.260815,7.260815,7.401833,7.384212,7.542656,8.034035,7.999016,8.016525,7.823730,7.665718,7.630577,7.648148,7.648148,7.630577,7.665718,7.771088,7.735977,7.841270,7.823730,7.876347,7.876347,7.841270,7.771088,7.876347,7.841270,7.858810,7.841270,8.069046,8.034035,8.191483,8.348686,8.261383,8.191483,8.156513,8.174004,8.121536,8.104042,8.016525,7.999016,8.174004,8.104042,8.139027,8.156513,8.243912,7.963982,8.034035,7.858810,7.893879,7.946465,7.858810,7.928940,7.858810,7.946465,7.806187,7.823730,7.823730,7.788635,7.788635,7.946465,7.858810,7.911411,7.893879,7.806187,7.928940,8.051544,8.401035,8.453358,8.313774,7.683289,7.525059,7.489868,7.454662,7.437057,7.525059,7.472267,7.472267,7.577831,7.648148,7.612995,7.771088,7.928940,7.981499,8.191483,8.261383,8.086544,7.999016,7.911411,7.946465,7.946465,7.963982,7.928940,8.016525,8.104042,8.296310,8.453358,8.261383,8.401035,8.278851,8.331230,8.331230,8.488220,8.975086,8.888317,8.905678,8.679768,8.557915,8.331230,8.278851,8.296310,8.366138,8.697163,8.731949,8.714558,8.296310,8.226437,8.156513,8.086544,8.174004,8.174004,8.069046,7.928940,7.928940,7.963982,7.876347,8.034035,7.963982,7.928940,7.858810,7.946465,7.806187,7.841270,7.876347,8.016525,7.981499,7.963982,8.034035,8.174004,8.366138,8.348686,8.540497,8.243912,8.226437,8.156513,8.086544,8.086544,8.034035,8.261383,9.044441,9.131081,8.940388,8.488220,8.348686,8.418476,8.331230,8.226437,8.226437,8.401035,8.278851,8.435913,8.331230,8.383591,8.418476,8.383591,8.540497,8.540497,8.505650,8.557915,8.540497,8.610161,8.801476,8.905678,8.818848,8.853588,8.957737,8.923035,8.957737,8.731949,8.714558,8.644970,8.610161,8.575333,8.714558,8.784096,9.113758,9.304119,9.217640,8.992432,8.870953,8.975086,9.044441,9.079109,9.096436,9.079109,9.044441,9.096436,9.131081,9.079109,9.148392,9.234943,9.234943,9.234943,9.200333,9.304119,9.200333,9.304119,9.165710,9.200333,9.217640,9.234943,9.165710,9.321407,9.286831,9.286831,9.061775,9.165710,9.217640,9.286831,9.459610,9.269539,9.286831,9.407806,9.442345,9.545887,9.597610,9.614849,9.700993,9.494129,9.545887,9.511379,9.528633,9.528633,9.355976,9.338692,9.373260,9.338692,9.286831,9.494129,9.614849,9.821461,10.010487,9.958965,9.787056,9.061775,8.453358,8.331230,8.296310,8.575333,8.435913,8.557915,8.470791,8.575333,8.644970,8.662369,8.627563,8.488220,8.575333,8.575333,8.523075,8.435913,8.610161,8.557915,8.610161,8.766716,8.540497,8.679768,8.714558,8.731949,8.662369,8.679768,8.749332,8.801476,8.870953,8.836220,8.923035,9.061775,9.373260,9.614849,9.787056,9.752644,9.494129,9.494129,9.494129,9.407806,9.252239,9.286831,9.183022,9.234943,9.355976,9.338692,9.269539,9.407806,9.442345,9.494129,9.511379,9.511379,9.511379,9.511379,9.545887,9.528633,9.373260,9.304119,9.269539,9.286831,9.442345,9.338692,9.286831,9.442345,9.476868,9.614849,9.528633,9.442345,9.494129,9.390537,9.563126,9.407806,9.304119,9.131081,9.165710,9.148392,9.269539,9.425079,9.494129,9.252239,9.321407,9.355976,9.304119,9.338692,9.252239,9.252239,9.183022,9.113758,9.234943,9.200333,9.718216,9.821461,9.614849,8.923035,8.731949,8.749332,8.784096,8.836220,8.923035,8.923035,8.836220,8.801476,8.714558,8.784096,8.714558,8.731949,8.714558,8.662369,8.818848,9.165710,9.009773,9.027115,9.009773,8.940388,8.888317,8.888317,8.784096,8.870953,8.888317,8.905678,8.992432,9.009773,9.027115,9.044441,9.044441,9.113758,9.269539,9.614849,9.632080,9.666546,9.614849,9.476868,9.459610,9.511379,9.528633,9.476868,9.459610,9.338692,9.269539,9.304119,9.304119,9.355976,9.407806,9.338692,9.442345,9.390537,9.321407,9.373260,9.407806,9.304119,9.269539,9.217640,9.183022,9.079109,8.975086,8.975086,9.079109,9.597610,9.838661,9.683773,9.511379,9.183022,9.027115,9.009773,8.957737,8.940388,9.009773,9.079109,8.923035,8.923035,8.992432,8.992432,9.027115,9.044441,9.079109,9.217640,9.355976,9.907425,9.976139,9.993317,9.614849,9.442345,9.304119,9.304119,9.355976,9.459610,9.390537,9.442345,9.494129,9.476868,9.494129,9.494129,9.528633,9.873051,9.700993,9.735428,9.769852,9.769852,9.855862,9.873051,9.907425,9.907425,9.838661,9.958965,10.010487,10.044807,10.096279,10.010487,9.924606,9.838661,9.890244,9.976139,9.941792,10.061974,10.113426,10.147728,10.010487,9.941792,9.855862,9.787056,9.804260,9.787056,9.804260,9.821461,9.821461,9.787056,9.838661,9.838661,9.907425,9.890244,9.958965,9.993317,9.958965,10.096279,10.182007,10.079128,9.976139,9.924606,9.873051,9.873051,9.804260,9.924606,10.010487,10.130581,10.147728,10.096279,9.804260,9.821461,9.838661,9.683773,9.580376,9.528633,9.511379,9.563126,9.563126,9.476868,9.494129,9.425079,9.425079,9.494129,9.476868,9.425079,9.442345,9.442345,9.355976,9.407806,9.476868,9.545887,9.476868,9.407806,9.338692,9.511379,9.459610,9.390537,9.459610,9.425079,9.390537,9.373260,9.528633,9.563126,9.924606,10.216270,10.164867,10.044807,9.907425,9.890244,9.838661,9.804260,9.718216,9.787056,9.787056,9.752644,9.769852,9.769852,9.718216,9.838661,9.787056,9.838661,9.873051,9.821461,9.769852,9.666546,9.563126,9.580376,9.563126,9.597610,9.528633,9.580376,9.563126,9.649315,9.666546,9.666546,9.683773,9.649315,9.494129,9.476868,9.407806,9.494129,9.390537,9.459610,9.407806,9.321407,9.355976,9.304119,9.165710,9.165710,9.096436,9.165710,9.113758,8.940388,9.027115,8.940388,9.079109,9.009773,9.009773,9.373260,9.390537,9.252239,9.061775,9.044441,8.957737,8.923035,8.940388,8.940388,8.923035,8.923035,8.905678,8.957737,8.957737,8.957737,8.888317,8.888317,8.818848,8.818848,8.731949,8.644970,8.697163,8.784096,8.801476,8.575333,8.488220,8.505650,8.523075,
7.313717,7.243172,7.366592,7.401833,7.454662,7.788635,7.788635,7.560242,7.243172,6.960518,6.907440,6.978207,6.907440,6.907440,6.995895,6.925133,7.013577,7.013577,6.978207,6.995895,6.907440,6.925133,7.101940,7.031254,7.048931,7.101940,7.048931,7.119606,7.066605,7.154926,7.137272,7.172585,7.101940,7.084278,7.119606,7.243172,7.101940,7.137272,7.137272,7.612995,8.069046,7.876347,7.595413,7.278450,7.260815,7.313717,7.331345,7.331345,7.384212,7.472267,7.472267,7.419441,7.454662,7.419441,7.419441,7.542656,7.560242,7.577831,7.718422,7.771088,7.806187,7.771088,7.911411,7.806187,7.823730,8.051544,8.016525,8.121536,8.086544,8.139027,8.034035,8.016525,8.069046,8.313774,8.435913,8.383591,8.226437,8.139027,8.051544,8.051544,7.999016,8.016525,7.963982,8.051544,8.016525,8.034035,8.086544,8.016525,8.016525,8.034035,8.016525,7.999016,8.086544,8.051544,8.121536,8.051544,8.121536,8.156513,8.278851,8.470791,8.488220,8.296310,8.034035,7.823730,7.771088,7.841270,7.876347,7.858810,7.928940,7.999016,7.946465,7.946465,7.911411,8.051544,8.104042,8.104042,8.208961,8.121536,8.208961,8.121536,8.121536,8.069046,7.963982,7.893879,8.016525,7.963982,8.139027,8.104042,8.156513,8.208961,8.261383,8.208961,8.121536,8.191483,8.505650,9.079109,8.957737,8.888317,8.679768,8.383591,8.121536,8.121536,8.051544,7.981499,8.453358,8.523075,8.488220,8.313774,8.348686,8.121536,8.243912,8.121536,8.121536,8.086544,7.999016,8.121536,8.086544,8.278851,8.191483,8.348686,8.296310,8.174004,8.191483,8.139027,8.208961,8.208961,8.174004,8.104042,8.226437,8.313774,8.766716,9.027115,8.784096,8.627563,8.610161,8.731949,8.557915,8.348686,8.401035,8.296310,8.540497,8.957737,8.940388,8.853588,8.557915,8.453358,8.540497,8.401035,8.505650,8.505650,8.470791,8.470791,8.505650,8.644970,8.540497,8.453358,8.453358,8.505650,8.644970,8.557915,8.610161,8.557915,8.662369,8.905678,8.975086,8.784096,8.818848,8.766716,8.731949,8.523075,8.401035,8.557915,8.470791,8.435913,8.523075,8.523075,8.679768,9.027115,9.200333,9.286831,8.888317,8.923035,8.940388,8.923035,8.957737,8.923035,8.784096,8.610161,8.644970,8.731949,8.801476,8.766716,8.836220,8.801476,8.888317,8.801476,8.853588,8.905678,8.975086,9.044441,8.975086,9.027115,9.044441,9.148392,9.044441,9.096436,9.079109,9.148392,9.113758,9.165710,9.338692,9.338692,9.321407,9.355976,9.511379,9.700993,9.821461,9.804260,9.769852,9.769852,9.666546,9.632080,9.666546,9.649315,9.683773,9.649315,9.649315,9.769852,9.821461,9.769852,9.821461,9.873051,9.873051,9.890244,10.027649,9.735428,9.113758,8.766716,8.679768,8.662369,8.749332,8.697163,8.592743,8.697163,8.697163,8.679768,8.749332,8.697163,8.627563,8.557915,8.470791,8.592743,8.453358,8.575333,8.644970,8.662369,8.679768,8.749332,8.644970,8.662369,8.644970,8.679768,8.801476,8.766716,8.818848,8.853588,8.905678,9.009773,9.183022,9.528633,9.752644,9.787056,9.769852,9.200333,9.148392,9.200333,9.061775,8.940388,8.940388,8.992432,8.975086,9.061775,9.148392,9.079109,9.079109,9.131081,9.183022,9.286831,9.373260,9.165710,9.252239,9.183022,9.217640,9.252239,9.373260,9.286831,9.286831,9.442345,9.459610,9.425079,9.390537,9.476868,9.442345,9.476868,9.476868,9.476868,9.511379,9.735428,9.752644,9.614849,9.355976,9.338692,9.269539,9.148392,9.286831,9.252239,9.252239,9.373260,9.373260,9.425079,9.390537,9.390537,9.338692,9.390537,9.390537,9.390537,9.494129,9.769852,9.821461,9.425079,9.079109,8.975086,8.957737,8.992432,8.975086,9.148392,9.027115,9.027115,8.853588,8.714558,8.697163,8.818848,8.697163,8.731949,8.766716,8.888317,9.131081,9.234943,9.027115,8.853588,8.697163,8.749332,8.662369,8.644970,8.731949,8.627563,8.610161,8.627563,8.592743,8.662369,8.644970,8.679768,8.766716,9.096436,9.632080,9.597610,9.632080,9.269539,9.165710,9.165710,9.009773,9.096436,9.234943,9.165710,9.252239,9.269539,9.269539,9.321407,9.511379,9.286831,9.355976,9.355976,9.269539,9.304119,9.425079,9.373260,9.407806,9.355976,9.355976,9.355976,9.442345,9.355976,9.407806,9.545887,9.563126,9.614849,9.563126,9.476868,9.407806,9.373260,9.407806,9.425079,9.580376,9.528633,9.390537,9.304119,9.286831,9.355976,9.338692,9.373260,9.200333,9.407806,9.425079,9.614849,9.873051,9.890244,9.838661,9.494129,9.217640,9.252239,9.165710,9.338692,9.373260,9.355976,9.373260,9.407806,9.390537,9.407806,9.425079,9.528633,9.459610,9.459610,9.390537,9.373260,9.442345,9.442345,9.442345,9.459610,9.407806,9.425079,9.528633,9.511379,9.718216,9.580376,9.407806,9.355976,9.494129,9.425079,9.511379,9.614849,9.941792,9.976139,10.079128,9.855862,9.528633,9.390537,9.425079,9.390537,9.597610,9.735428,9.700993,9.632080,9.545887,9.632080,9.666546,9.700993,9.632080,9.752644,9.787056,10.096279,10.182007,10.199139,10.233398,10.096279,10.061974,9.976139,10.010487,9.907425,9.907425,9.976139,10.113426,10.130581,10.096279,10.216270,10.147728,10.096279,10.182007,10.061974,10.061974,10.061974,10.147728,9.993317,9.924606,9.907425,9.924606,9.890244,9.924606,9.924606,9.683773,9.735428,9.821461,9.769852,9.752644,9.700993,9.735428,9.563126,9.545887,9.511379,9.580376,9.545887,9.494129,9.580376,9.597610,9.459610,9.528633,9.614849,9.752644,10.130581,10.182007,10.044807,9.597610,9.545887,9.373260,9.373260,9.269539,9.252239,9.338692,9.252239,9.286831,9.338692,9.355976,9.407806,9.321407,9.528633,9.355976,9.459610,9.442345,9.511379,9.494129,9.407806,9.563126,9.597610,9.545887,9.528633,9.528633,9.580376,9.545887,9.563126,9.666546,9.683773,9.632080,9.511379,9.528633,9.597610,9.666546,9.649315,9.700993,9.769852,9.476868,9.563126,9.442345,9.442345,9.390537,9.355976,9.355976,9.217640,9.269539,9.200333,9.096436,9.131081,9.148392,9.355976,9.390537,9.373260,9.252239,8.975086,8.940388,8.940388,9.009773,8.957737,8.923035,8.957737,8.923035,8.923035,8.923035,8.975086,8.940388,8.888317,8.836220,8.836220,8.818848,8.836220,8.697163,8.697163,8.697163,8.644970,8.592743,8.679768,8.557915,8.540497,
7.278450,7.366592,7.384212,7.348972,7.384212,7.489868,7.560242,7.489868,7.331345,7.048931,7.207882,7.243172,7.366592,7.348972,7.348972,7.348972,7.313717,7.296085,7.348972,7.384212,7.348972,7.313717,7.348972,7.489868,7.419441,7.313717,7.419441,7.313717,7.437057,7.419441,7.419441,7.331345,7.384212,7.366592,7.296085,7.172585,7.313717,7.278450,7.296085,7.648148,7.858810,7.858810,7.612995,7.348972,7.348972,7.366592,7.384212,7.313717,7.313717,7.437057,7.384212,7.401833,7.384212,7.437057,7.419441,7.419441,7.437057,7.454662,7.489868,7.507469,7.577831,7.489868,7.612995,7.437057,7.595413,7.595413,7.560242,7.612995,7.595413,7.577831,7.612995,7.612995,7.665718,7.963982,8.348686,8.208961,7.963982,7.577831,7.348972,7.419441,7.419441,7.401833,7.577831,7.542656,7.384212,7.489868,7.525059,7.612995,7.577831,7.665718,7.612995,7.735977,7.735977,7.806187,7.841270,8.069046,8.069046,7.946465,8.139027,8.086544,8.191483,8.156513,8.069046,7.999016,8.034035,8.208961,8.226437,8.278851,8.401035,8.610161,8.592743,8.488220,8.418476,8.435913,8.418476,8.383591,8.557915,8.523075,8.488220,8.435913,8.453358,8.383591,8.453358,8.348686,8.261383,8.366138,8.261383,8.331230,8.331230,8.366138,8.331230,8.348686,8.278851,8.226437,8.418476,8.957737,8.836220,8.836220,8.627563,8.243912,8.051544,8.016525,8.016525,8.034035,8.401035,8.453358,8.261383,8.174004,8.086544,8.121536,8.086544,8.104042,8.086544,8.051544,8.121536,8.208961,8.208961,8.296310,8.348686,8.296310,8.278851,8.278851,8.139027,8.121536,8.174004,8.104042,8.104042,8.121536,8.156513,8.226437,8.853588,8.975086,8.801476,8.644970,8.488220,8.540497,8.540497,8.523075,8.470791,8.557915,8.523075,8.610161,8.644970,8.610161,8.610161,8.575333,8.557915,8.592743,8.679768,8.627563,8.697163,8.818848,8.853588,8.957737,8.836220,8.714558,8.784096,8.749332,8.749332,8.697163,8.731949,8.697163,8.766716,8.801476,8.870953,8.957737,9.009773,8.784096,8.853588,8.610161,8.592743,8.610161,8.557915,8.523075,8.575333,8.627563,8.488220,8.836220,9.373260,9.390537,9.304119,9.217640,9.252239,9.061775,8.905678,8.870953,8.592743,8.575333,8.679768,8.540497,8.610161,8.627563,8.888317,8.853588,8.923035,8.836220,8.714558,8.592743,8.662369,8.749332,8.714558,8.818848,8.749332,8.818848,8.801476,8.818848,8.836220,8.853588,8.888317,8.784096,8.992432,9.165710,9.113758,9.044441,9.217640,9.804260,9.855862,10.027649,9.683773,9.425079,9.286831,9.252239,9.304119,9.165710,9.338692,9.459610,9.476868,9.580376,9.511379,9.459610,9.442345,9.459610,9.407806,9.649315,9.563126,9.528633,9.304119,9.165710,9.200333,9.044441,9.079109,9.079109,9.269539,9.165710,9.096436,9.044441,8.992432,8.940388,8.766716,8.818848,8.905678,8.905678,8.992432,9.079109,9.148392,9.148392,9.148392,9.148392,9.217640,9.200333,9.234943,9.200333,9.269539,9.304119,9.425079,9.476868,9.459610,9.390537,9.476868,9.821461,9.958965,10.027649,9.873051,9.425079,9.183022,9.200333,9.321407,9.079109,9.113758,9.061775,9.096436,9.113758,9.113758,9.200333,9.131081,9.252239,9.252239,9.234943,9.200333,9.079109,9.131081,9.148392,9.165710,9.113758,9.131081,9.096436,9.148392,9.252239,9.217640,9.183022,9.044441,9.044441,9.131081,9.096436,9.061775,9.183022,9.234943,9.700993,9.769852,9.700993,9.131081,8.784096,8.731949,8.818848,8.853588,8.784096,8.818848,8.853588,9.009773,9.027115,9.009773,9.096436,9.217640,9.183022,9.200333,9.390537,9.373260,9.494129,9.494129,9.390537,9.304119,9.304119,9.355976,9.442345,9.321407,9.321407,9.217640,9.217640,9.148392,9.165710,9.096436,9.113758,9.079109,9.027115,9.096436,9.269539,9.338692,9.252239,9.148392,8.975086,8.870953,8.853588,8.923035,8.818848,8.784096,8.870953,8.836220,8.818848,8.801476,8.714558,8.731949,8.749332,8.801476,8.905678,9.597610,9.666546,9.580376,9.200333,8.975086,9.061775,8.940388,8.975086,8.923035,9.009773,9.061775,9.061775,9.009773,9.061775,9.113758,9.165710,9.079109,9.061775,9.009773,8.992432,9.009773,9.061775,9.096436,9.061775,9.234943,9.269539,9.234943,9.252239,9.252239,9.200333,9.269539,9.217640,9.390537,9.355976,9.304119,9.321407,9.321407,9.614849,9.735428,9.752644,9.700993,9.528633,9.511379,9.494129,9.563126,9.425079,9.545887,9.597610,9.545887,9.597610,9.718216,9.718216,9.528633,9.252239,9.148392,9.355976,9.355976,9.373260,9.373260,9.373260,9.390537,9.390537,9.459610,9.407806,9.459610,9.442345,9.407806,9.390537,9.390537,9.338692,9.390537,9.286831,9.321407,9.321407,9.321407,9.442345,9.459610,9.476868,9.442345,9.476868,9.269539,9.286831,9.286831,9.217640,9.390537,9.459610,9.855862,9.976139,9.941792,9.666546,9.304119,9.200333,9.113758,9.131081,9.234943,9.269539,9.286831,9.217640,9.165710,9.217640,9.304119,9.373260,9.407806,9.390537,9.545887,9.890244,10.113426,10.147728,9.907425,9.769852,9.718216,9.718216,9.752644,9.769852,9.787056,9.804260,9.890244,10.010487,9.941792,10.096279,10.010487,10.027649,10.113426,10.199139,10.113426,10.096279,10.147728,10.096279,10.044807,10.079128,10.113426,10.130581,10.182007,10.130581,10.113426,10.130581,10.182007,10.199139,10.233398,10.233398,10.182007,10.010487,10.027649,10.096279,10.096279,10.044807,10.061974,10.079128,10.044807,10.061974,10.010487,9.993317,10.079128,10.216270,10.199139,9.907425,9.442345,9.390537,9.321407,9.269539,9.148392,9.234943,9.252239,9.252239,9.165710,9.217640,9.286831,9.165710,9.096436,9.113758,9.131081,9.061775,9.165710,9.183022,9.269539,9.096436,9.183022,9.304119,9.165710,9.200333,9.269539,9.217640,9.183022,9.269539,9.338692,9.373260,9.269539,9.234943,9.338692,9.459610,9.735428,9.769852,9.700993,9.700993,9.700993,9.528633,9.528633,9.407806,9.459610,9.442345,9.304119,9.407806,9.373260,9.269539,9.183022,9.338692,9.407806,9.407806,9.494129,9.459610,9.338692,9.061775,9.096436,9.079109,8.975086,9.027115,9.009773,8.992432,9.009773,9.009773,9.061775,9.079109,9.009773,9.096436,8.975086,8.957737,9.009773,8.923035,8.992432,8.905678,8.853588,8.870953,8.870953,8.836220,8.801476,8.749332,
7.296085,7.101940,6.995895,6.942829,6.942829,6.872036,7.084278,7.084278,7.172585,7.119606,7.260815,7.296085,7.489868,7.419441,7.331345,7.366592,7.401833,7.437057,7.419441,7.401833,7.454662,7.472267,7.542656,7.489868,7.525059,7.419441,7.472267,7.525059,7.489868,7.595413,7.595413,7.718422,7.683289,7.630577,7.472267,7.507469,7.612995,7.489868,7.542656,7.683289,7.841270,7.806187,7.489868,7.472267,7.560242,7.612995,7.577831,7.630577,7.665718,7.753536,7.771088,7.735977,7.771088,7.683289,7.595413,7.595413,7.507469,7.542656,7.665718,7.753536,7.718422,7.665718,7.700855,7.577831,7.560242,7.595413,7.595413,7.560242,7.525059,7.507469,7.525059,7.507469,7.577831,7.788635,8.278851,8.226437,7.928940,7.384212,7.154926,7.172585,7.137272,7.119606,7.154926,7.243172,7.190231,7.190231,7.296085,7.225533,7.313717,7.260815,7.207882,7.225533,7.313717,7.401833,7.542656,7.560242,7.612995,7.683289,7.612995,7.630577,7.648148,7.630577,7.788635,7.788635,7.753536,7.823730,7.999016,7.981499,8.191483,8.662369,8.662369,8.435913,8.051544,8.051544,8.156513,8.226437,8.331230,8.401035,8.453358,8.557915,8.540497,8.627563,8.540497,8.540497,8.488220,8.453358,8.401035,8.453358,8.488220,8.575333,8.505650,8.348686,8.453358,8.488220,8.610161,8.818848,8.853588,8.714558,8.627563,8.366138,8.243912,8.121536,8.156513,8.139027,8.313774,8.453358,8.243912,8.243912,8.261383,8.174004,8.139027,8.069046,8.191483,8.139027,8.174004,8.208961,8.278851,8.278851,8.261383,8.348686,8.313774,8.156513,8.121536,8.174004,8.156513,8.104042,8.069046,8.034035,8.121536,8.243912,8.766716,9.009773,8.853588,8.505650,8.261383,8.296310,8.348686,8.453358,8.401035,8.348686,8.313774,8.348686,8.453358,8.435913,8.453358,8.540497,8.627563,8.610161,8.557915,8.557915,8.592743,8.644970,8.662369,8.749332,8.749332,8.627563,8.610161,8.575333,8.679768,8.766716,8.679768,8.731949,8.697163,8.697163,8.749332,8.801476,9.200333,9.252239,9.113758,8.992432,8.801476,8.784096,8.784096,8.731949,8.784096,8.714558,8.697163,8.957737,9.355976,9.304119,9.286831,9.321407,9.113758,9.183022,9.269539,9.183022,9.113758,8.836220,8.818848,8.697163,8.714558,8.905678,9.131081,9.183022,9.252239,9.061775,8.870953,8.731949,8.766716,8.784096,8.749332,8.731949,8.784096,8.766716,8.853588,8.801476,8.801476,8.888317,8.870953,8.784096,9.009773,9.009773,9.009773,8.940388,9.061775,9.752644,9.718216,9.683773,9.269539,9.183022,9.061775,8.992432,9.200333,9.113758,9.096436,9.183022,9.234943,9.252239,9.183022,9.044441,9.096436,9.009773,9.096436,9.148392,9.217640,9.304119,9.234943,9.113758,9.148392,9.113758,9.061775,9.079109,8.853588,9.009773,8.714558,8.731949,8.679768,8.766716,8.749332,8.697163,8.801476,8.784096,8.923035,9.286831,9.632080,9.545887,9.511379,9.390537,9.528633,9.390537,9.407806,9.459610,9.425079,9.632080,9.683773,9.683773,9.752644,9.855862,9.769852,9.890244,9.958965,10.010487,9.873051,9.700993,9.580376,9.511379,9.563126,9.511379,9.563126,9.321407,9.494129,9.511379,9.459610,9.425079,9.442345,9.321407,9.338692,9.304119,9.304119,9.200333,9.286831,9.338692,9.355976,9.373260,9.390537,9.234943,9.183022,9.200333,9.200333,9.183022,9.183022,9.061775,9.148392,9.096436,9.165710,9.096436,9.200333,9.752644,9.821461,9.649315,8.957737,8.470791,8.383591,8.366138,8.348686,8.418476,8.488220,8.470791,8.435913,8.278851,8.366138,8.470791,8.383591,8.418476,8.557915,8.557915,8.714558,8.870953,8.870953,8.853588,9.027115,8.975086,9.079109,8.940388,9.044441,9.061775,9.113758,9.113758,9.131081,9.217640,9.252239,9.165710,9.165710,9.286831,9.321407,9.597610,9.787056,9.666546,9.632080,9.425079,9.442345,9.321407,9.338692,9.304119,9.442345,9.304119,9.390537,9.304119,9.304119,9.304119,9.200333,9.079109,9.044441,9.165710,9.614849,9.597610,9.666546,9.390537,9.338692,9.338692,9.321407,9.338692,9.252239,9.131081,9.165710,9.113758,9.079109,9.183022,9.183022,9.200333,9.131081,9.131081,9.061775,9.096436,9.148392,9.113758,9.113758,9.044441,9.096436,9.113758,9.113758,9.079109,9.044441,9.079109,9.200333,9.252239,9.061775,9.044441,9.096436,9.131081,9.234943,9.821461,9.821461,9.821461,9.614849,9.165710,9.131081,9.269539,9.234943,9.269539,9.148392,9.217640,9.217640,9.321407,9.494129,9.304119,9.252239,9.338692,9.338692,9.407806,9.476868,9.545887,9.459610,9.511379,9.563126,9.563126,9.545887,9.563126,9.476868,9.597610,9.494129,9.390537,9.425079,9.373260,9.459610,9.407806,9.355976,9.321407,9.545887,9.563126,9.580376,9.528633,9.459610,9.373260,9.269539,9.304119,9.234943,9.234943,9.269539,9.407806,9.769852,9.821461,9.787056,9.390537,9.165710,9.131081,9.113758,9.234943,9.200333,9.269539,9.183022,9.234943,9.217640,9.148392,9.148392,9.200333,9.217640,9.355976,9.373260,9.890244,9.941792,10.027649,9.769852,9.545887,9.407806,9.373260,9.373260,9.355976,9.338692,9.390537,9.459610,9.476868,9.545887,9.649315,9.632080,9.666546,9.735428,9.735428,9.804260,9.735428,9.769852,9.907425,9.752644,9.787056,9.838661,9.718216,9.873051,9.873051,9.958965,10.061974,10.130581,10.079128,10.164867,10.130581,10.182007,10.113426,10.233398,10.267654,10.284771,10.164867,10.096279,10.182007,10.061974,10.044807,9.958965,9.958965,10.216270,9.958965,10.061974,9.752644,9.459610,9.321407,9.304119,9.252239,9.217640,9.269539,9.252239,9.165710,9.183022,9.165710,9.096436,9.113758,9.061775,9.096436,9.096436,9.061775,9.131081,9.165710,9.148392,9.096436,9.200333,9.200333,9.131081,9.148392,9.165710,9.113758,9.165710,9.131081,9.200333,9.148392,9.096436,9.113758,9.183022,9.580376,9.700993,9.666546,9.614849,9.338692,9.304119,9.234943,9.234943,9.217640,9.131081,9.217640,9.061775,9.304119,9.148392,9.200333,9.321407,9.217640,9.234943,9.286831,9.321407,9.200333,9.217640,9.148392,9.113758,9.061775,9.044441,9.131081,9.079109,9.148392,9.113758,9.183022,9.131081,9.200333,9.165710,9.148392,9.217640,9.234943,9.286831,9.269539,9.183022,9.148392,9.079109,9.044441,9.009773,8.836220,8.888317,8.905678,
7.278450,7.066605,6.836617,6.836617,6.836617,6.748028,6.925133,6.889732,6.942829,7.084278,7.031254,7.137272,7.313717,7.225533,7.207882,7.278450,7.225533,7.296085,7.313717,7.313717,7.313717,7.260815,7.296085,7.419441,7.401833,7.401833,7.507469,7.296085,7.331345,7.419441,7.489868,7.683289,7.911411,7.700855,7.472267,7.401833,7.472267,7.419441,7.384212,7.525059,7.612995,7.612995,7.665718,7.648148,7.560242,7.489868,7.648148,7.630577,7.788635,7.981499,8.051544,7.963982,7.771088,7.823730,7.806187,7.823730,7.823730,7.823730,7.841270,7.928940,7.823730,8.034035,7.911411,7.981499,7.876347,7.893879,7.841270,7.858810,7.806187,7.753536,7.630577,7.665718,7.788635,7.876347,8.278851,8.278851,8.069046,7.577831,7.419441,7.366592,7.260815,7.278450,7.331345,7.243172,7.313717,7.313717,7.313717,7.348972,7.313717,7.278450,7.313717,7.313717,7.401833,7.489868,7.525059,7.542656,7.648148,7.612995,7.648148,7.665718,7.735977,7.788635,7.788635,7.841270,7.648148,7.823730,7.806187,7.718422,8.121536,8.592743,8.714558,8.366138,7.946465,7.893879,7.893879,7.823730,7.893879,7.981499,8.016525,8.278851,8.069046,8.156513,8.261383,8.348686,8.086544,8.104042,8.313774,8.313774,8.313774,8.278851,8.278851,8.243912,8.366138,8.348686,8.435913,8.540497,8.435913,8.488220,8.331230,8.296310,8.401035,8.366138,8.366138,8.348686,8.488220,8.731949,8.662369,8.662369,8.470791,8.348686,8.383591,8.313774,8.383591,8.453358,8.488220,8.523075,8.470791,8.505650,8.540497,8.540497,8.557915,8.557915,8.540497,8.470791,8.453358,8.453358,8.313774,8.278851,8.313774,8.435913,8.853588,8.940388,8.888317,8.592743,8.453358,8.383591,8.470791,8.435913,8.453358,8.453358,8.488220,8.575333,8.523075,8.540497,8.540497,8.523075,8.627563,8.575333,8.557915,8.505650,8.505650,8.435913,8.401035,8.523075,8.523075,8.523075,8.523075,8.470791,8.505650,8.662369,8.540497,8.470791,8.470791,8.505650,8.540497,8.592743,9.027115,9.252239,9.252239,9.027115,8.818848,8.801476,8.905678,8.905678,9.131081,8.870953,8.888317,8.766716,8.749332,8.818848,8.766716,8.801476,8.784096,8.870953,9.113758,9.217640,9.269539,9.269539,9.200333,9.113758,9.044441,9.148392,9.183022,9.165710,9.165710,9.165710,8.957737,8.992432,8.923035,8.957737,8.870953,9.009773,8.923035,9.044441,9.113758,9.096436,9.096436,8.975086,8.940388,8.905678,8.923035,8.940388,8.923035,8.957737,9.165710,9.683773,9.683773,9.649315,9.286831,9.234943,9.252239,9.183022,9.183022,9.096436,9.131081,9.183022,9.148392,9.165710,9.113758,8.992432,9.027115,9.061775,9.027115,9.061775,9.096436,9.061775,8.992432,8.940388,8.975086,8.923035,8.923035,8.801476,8.784096,8.644970,8.540497,8.540497,8.644970,8.662369,8.627563,8.662369,8.592743,8.679768,8.818848,9.252239,9.563126,9.700993,9.666546,9.200333,9.131081,9.148392,9.183022,9.183022,9.200333,9.200333,9.390537,9.407806,9.407806,9.425079,9.614849,9.545887,9.666546,9.873051,9.683773,9.683773,9.683773,9.580376,9.649315,9.597610,9.683773,9.700993,9.666546,9.700993,9.700993,9.700993,9.649315,9.683773,9.614849,9.597610,9.683773,9.683773,9.649315,9.752644,9.787056,9.804260,9.649315,9.563126,9.563126,9.442345,9.511379,9.407806,9.373260,9.286831,9.269539,9.217640,9.217640,9.321407,9.321407,9.735428,9.873051,9.700993,9.234943,8.818848,8.662369,8.610161,8.714558,8.610161,8.592743,8.592743,8.644970,8.644970,8.435913,8.401035,8.366138,8.383591,8.418476,8.435913,8.488220,8.557915,8.766716,8.818848,8.749332,8.714558,8.592743,8.557915,8.540497,8.557915,8.627563,8.627563,8.540497,8.488220,8.592743,8.575333,8.575333,8.766716,9.027115,9.838661,9.890244,9.838661,9.528633,9.407806,9.390537,9.494129,9.545887,9.442345,9.511379,9.494129,9.528633,9.511379,9.511379,9.459610,9.390537,9.390537,9.390537,9.355976,9.407806,9.494129,9.476868,9.442345,9.459610,9.494129,9.476868,9.614849,9.649315,9.563126,9.580376,9.476868,9.459610,9.563126,9.597610,9.511379,9.373260,9.425079,9.425079,9.476868,9.459610,9.528633,9.407806,9.321407,9.286831,9.165710,9.200333,9.183022,9.183022,9.217640,9.321407,9.355976,9.165710,9.131081,9.200333,9.269539,9.459610,9.821461,9.890244,9.804260,9.425079,9.165710,9.096436,9.079109,9.200333,9.079109,9.269539,9.165710,9.217640,9.183022,9.338692,9.131081,9.217640,9.113758,9.234943,9.148392,9.200333,9.252239,9.269539,9.200333,9.200333,9.355976,9.425079,9.373260,9.425079,9.528633,9.459610,9.442345,9.442345,9.373260,9.442345,9.442345,9.597610,9.597610,9.735428,9.890244,9.873051,9.873051,9.683773,9.442345,9.338692,9.269539,9.338692,9.373260,9.459610,9.494129,9.752644,9.718216,9.580376,9.373260,9.286831,9.286831,9.286831,9.338692,9.234943,9.321407,9.321407,9.355976,9.269539,9.286831,9.234943,9.183022,9.217640,9.234943,9.407806,9.958965,9.924606,9.976139,9.580376,9.425079,9.425079,9.442345,9.407806,9.390537,9.511379,9.390537,9.528633,9.476868,9.476868,9.476868,9.545887,9.476868,9.545887,9.425079,9.338692,9.425079,9.511379,9.494129,9.476868,9.597610,9.476868,9.425079,9.459610,9.545887,9.511379,9.580376,9.632080,9.700993,9.752644,9.649315,9.804260,9.907425,9.976139,10.027649,9.907425,9.890244,9.735428,9.649315,9.666546,9.769852,9.683773,9.735428,9.787056,9.769852,9.718216,9.597610,9.425079,9.425079,9.304119,9.269539,9.373260,9.459610,9.494129,9.390537,9.459610,9.390537,9.338692,9.165710,9.269539,9.148392,9.183022,9.131081,9.200333,9.355976,9.304119,9.338692,9.252239,9.304119,9.373260,9.373260,9.459610,9.304119,9.321407,9.338692,9.183022,9.217640,9.200333,9.200333,9.234943,9.666546,9.752644,9.580376,9.338692,9.234943,9.286831,9.234943,9.165710,9.217640,9.131081,9.148392,9.131081,9.269539,9.286831,9.217640,9.183022,9.131081,9.234943,9.200333,9.148392,9.096436,8.957737,8.992432,9.113758,9.113758,9.148392,9.131081,9.096436,8.957737,9.061775,9.009773,9.044441,9.131081,9.131081,9.027115,9.165710,9.304119,9.304119,9.355976,9.252239,9.234943,9.252239,9.183022,9.183022,9.061775,9.027115,8.905678,
7.384212,7.190231,6.925133,6.960518,7.084278,7.066605,6.925133,6.889732,7.031254,7.066605,7.243172,7.278450,7.366592,7.207882,7.172585,7.243172,7.137272,7.154926,7.137272,7.154926,7.137272,7.137272,7.154926,7.243172,7.260815,7.225533,7.225533,7.101940,7.190231,7.243172,7.331345,7.788635,7.858810,7.806187,7.630577,7.384212,7.401833,7.472267,7.560242,7.419441,7.348972,7.331345,7.260815,7.172585,7.296085,7.313717,7.401833,7.384212,7.612995,7.999016,8.016525,7.841270,7.648148,7.419441,7.437057,7.489868,7.612995,7.577831,7.577831,7.612995,7.560242,7.630577,7.735977,7.806187,7.841270,7.946465,7.981499,7.946465,7.841270,7.876347,7.718422,7.928940,7.823730,7.963982,8.191483,8.069046,7.999016,7.823730,7.700855,7.753536,7.718422,7.771088,7.700855,7.753536,7.771088,7.806187,7.893879,7.788635,7.823730,7.753536,7.700855,7.665718,7.806187,7.753536,7.823730,7.841270,7.823730,7.823730,7.876347,7.876347,7.911411,7.876347,8.034035,7.946465,7.981499,7.806187,7.823730,7.718422,7.946465,8.488220,8.679768,8.662369,8.208961,7.911411,7.893879,7.788635,7.753536,7.928940,7.928940,7.876347,7.876347,7.928940,8.016525,7.981499,7.893879,7.946465,7.999016,8.069046,8.051544,8.174004,8.156513,8.086544,8.051544,8.034035,8.034035,8.086544,8.086544,8.051544,8.156513,8.104042,8.261383,8.156513,8.069046,8.226437,8.348686,8.679768,8.870953,8.714558,8.383591,8.313774,8.191483,8.296310,8.366138,8.418476,8.470791,8.418476,8.366138,8.348686,8.488220,8.575333,8.575333,8.488220,8.505650,8.592743,8.470791,8.505650,8.331230,8.505650,8.470791,8.557915,8.749332,8.801476,8.766716,8.644970,8.627563,8.610161,8.818848,8.801476,8.679768,8.801476,8.818848,8.940388,8.870953,8.888317,8.818848,8.818848,8.801476,8.905678,8.766716,8.784096,8.784096,8.644970,8.488220,8.505650,8.575333,8.505650,8.523075,8.470791,8.575333,8.627563,8.575333,8.662369,8.505650,8.592743,8.714558,8.714558,8.888317,9.304119,9.476868,9.044441,8.784096,8.714558,8.784096,8.888317,8.923035,8.923035,8.992432,8.853588,8.592743,8.523075,8.610161,8.418476,8.575333,8.610161,8.888317,9.061775,9.148392,9.234943,9.200333,9.096436,9.044441,9.027115,8.957737,8.853588,8.870953,8.801476,8.870953,8.905678,8.888317,8.870953,8.766716,8.957737,9.079109,9.442345,9.580376,9.476868,9.373260,9.044441,9.113758,9.061775,9.217640,9.113758,9.252239,9.183022,9.304119,9.494129,9.545887,9.597610,9.390537,9.563126,9.390537,9.425079,9.338692,9.217640,9.286831,9.269539,9.269539,9.321407,9.338692,9.321407,9.217640,9.217640,9.217640,9.165710,9.252239,9.373260,9.200333,9.096436,9.148392,9.131081,9.165710,9.044441,9.009773,8.853588,8.870953,8.905678,8.940388,8.923035,8.888317,8.818848,8.923035,8.853588,8.766716,9.338692,9.649315,9.718216,9.614849,9.148392,9.027115,8.870953,8.957737,8.992432,9.009773,9.044441,9.183022,9.234943,9.252239,9.252239,9.269539,9.286831,9.252239,9.373260,9.373260,9.269539,9.425079,9.407806,9.304119,9.355976,9.355976,9.459610,9.476868,9.476868,9.614849,9.494129,9.407806,9.355976,9.269539,9.373260,9.476868,9.666546,9.735428,9.873051,9.993317,9.804260,9.735428,9.614849,9.580376,9.545887,9.528633,9.700993,9.528633,9.494129,9.528633,9.580376,9.528633,9.580376,9.666546,9.873051,9.804260,9.821461,9.735428,9.442345,9.407806,9.373260,9.407806,9.338692,9.304119,9.252239,9.200333,9.113758,8.975086,8.888317,8.888317,8.853588,8.888317,8.888317,8.905678,8.905678,8.940388,9.027115,8.975086,8.801476,8.888317,8.870953,8.766716,8.818848,8.766716,8.644970,8.575333,8.627563,8.627563,8.627563,8.592743,8.627563,9.096436,9.873051,9.924606,9.907425,9.528633,9.338692,9.425079,9.494129,9.373260,9.494129,9.442345,9.494129,9.425079,9.390537,9.304119,9.217640,9.148392,9.044441,8.940388,8.975086,9.061775,9.234943,9.286831,9.234943,9.217640,9.234943,9.321407,9.321407,9.338692,9.407806,9.407806,9.459610,9.442345,9.511379,9.545887,9.476868,9.511379,9.511379,9.494129,9.804260,9.700993,9.838661,9.700993,9.545887,9.442345,9.390537,9.459610,9.407806,9.390537,9.528633,9.390537,9.476868,9.494129,9.442345,9.476868,9.563126,9.683773,9.787056,9.890244,9.838661,9.563126,9.476868,9.459610,9.545887,9.476868,9.528633,9.597610,9.683773,9.614849,9.563126,9.476868,9.321407,9.252239,9.096436,9.234943,9.217640,9.252239,9.131081,9.044441,9.044441,9.044441,9.165710,9.131081,9.148392,9.165710,9.217640,9.165710,9.061775,9.113758,9.096436,9.148392,9.217640,9.217640,9.476868,9.821461,9.941792,9.941792,9.614849,9.338692,9.269539,9.286831,9.269539,9.234943,9.252239,9.355976,9.321407,9.338692,9.390537,9.425079,9.373260,9.390537,9.390537,9.476868,9.459610,9.494129,9.390537,9.407806,9.442345,9.373260,9.476868,9.476868,9.425079,9.442345,9.494129,9.666546,9.855862,9.804260,9.855862,9.718216,9.632080,9.563126,9.700993,9.614849,9.683773,9.632080,9.597610,9.666546,9.597610,9.545887,9.563126,9.511379,9.545887,9.511379,9.390537,9.390537,9.425079,9.476868,9.511379,9.494129,9.476868,9.494129,9.442345,9.425079,9.476868,9.545887,9.511379,9.338692,9.355976,9.373260,9.494129,9.545887,9.735428,9.873051,9.787056,9.632080,9.338692,9.148392,9.079109,9.079109,9.113758,9.079109,9.183022,9.234943,9.234943,9.304119,9.286831,9.200333,9.183022,9.165710,9.217640,9.407806,9.545887,9.563126,9.425079,9.286831,9.252239,9.269539,9.183022,9.234943,9.183022,9.321407,9.286831,9.373260,9.321407,9.442345,9.425079,9.545887,9.597610,9.545887,9.666546,9.597610,9.580376,9.511379,9.614849,9.597610,9.407806,9.425079,9.563126,9.597610,9.735428,9.769852,9.580376,9.338692,9.269539,9.234943,9.286831,9.252239,9.390537,9.390537,9.355976,9.252239,9.338692,9.511379,9.476868,9.528633,9.373260,9.338692,9.286831,9.286831,9.217640,9.200333,9.165710,9.079109,9.061775,9.044441,9.079109,9.061775,9.079109,8.992432,9.079109,9.027115,9.061775,8.992432,9.009773,9.096436,9.304119,9.373260,9.442345,9.113758,9.044441,8.957737,8.992432,8.905678,8.923035,8.853588,8.818848,
7.172585,7.137272,7.190231,7.119606,7.243172,7.260815,7.296085,7.384212,7.331345,7.278450,7.313717,7.384212,7.472267,7.437057,7.507469,7.454662,7.366592,7.260815,7.243172,7.331345,7.454662,7.401833,7.454662,7.507469,7.489868,7.437057,7.366592,7.296085,7.225533,7.296085,7.525059,7.911411,7.876347,8.016525,7.806187,7.525059,7.507469,7.612995,7.665718,7.507469,7.331345,7.260815,7.348972,7.331345,7.331345,7.348972,7.507469,7.560242,7.595413,7.858810,7.963982,7.893879,7.700855,7.437057,7.401833,7.419441,7.348972,7.401833,7.366592,7.454662,7.437057,7.489868,7.507469,7.454662,7.595413,7.683289,7.788635,7.735977,7.753536,7.753536,7.841270,7.718422,7.665718,7.718422,7.700855,7.718422,7.700855,7.489868,7.753536,7.753536,7.735977,7.648148,7.753536,7.893879,8.191483,8.261383,8.226437,8.016525,7.981499,8.086544,8.016525,8.139027,8.086544,8.174004,8.261383,8.366138,8.313774,8.296310,8.348686,8.313774,8.348686,8.435913,8.435913,8.488220,8.348686,8.191483,8.156513,8.139027,8.208961,8.557915,8.592743,8.575333,8.401035,8.104042,7.999016,8.069046,7.981499,7.999016,8.104042,8.069046,8.016525,8.069046,8.156513,8.139027,8.139027,8.261383,8.226437,8.191483,8.191483,8.261383,8.208961,8.261383,8.086544,8.051544,8.121536,8.016525,7.999016,7.981499,8.121536,8.051544,8.121536,8.156513,8.104042,8.016525,8.226437,8.714558,8.923035,8.679768,8.191483,8.104042,8.051544,8.139027,8.086544,8.069046,8.156513,8.174004,8.191483,8.104042,8.243912,8.208961,8.208961,8.261383,8.226437,8.243912,8.226437,8.243912,8.243912,8.104042,8.121536,8.086544,8.104042,8.191483,8.313774,8.453358,8.313774,8.453358,8.435913,8.453358,8.453358,8.505650,8.957737,9.009773,9.079109,8.923035,8.714558,8.818848,8.870953,8.818848,8.801476,8.714558,8.766716,8.714558,8.714558,8.714558,8.644970,8.662369,8.714558,8.749332,8.749332,8.818848,8.853588,8.766716,8.766716,8.836220,8.923035,8.836220,9.009773,9.234943,9.286831,9.009773,8.870953,8.836220,8.853588,8.853588,8.836220,9.009773,9.079109,9.044441,8.836220,8.714558,8.592743,8.557915,8.505650,8.575333,8.662369,8.697163,8.749332,8.957737,8.923035,8.923035,8.905678,8.905678,8.836220,8.784096,8.662369,8.697163,8.662369,8.697163,8.697163,8.662369,8.627563,8.679768,8.853588,9.459610,9.528633,9.476868,9.200333,9.009773,8.957737,8.940388,8.870953,8.749332,8.731949,8.818848,8.957737,8.888317,8.888317,8.975086,9.044441,9.027115,9.200333,9.096436,9.165710,9.234943,9.355976,9.269539,9.390537,9.390537,9.373260,9.476868,9.355976,9.269539,9.425079,9.425079,9.321407,9.528633,9.355976,9.407806,9.338692,9.338692,9.407806,9.338692,9.390537,9.234943,9.252239,9.407806,9.407806,9.269539,9.131081,9.113758,8.940388,9.027115,9.165710,9.476868,9.614849,9.666546,9.580376,9.165710,9.113758,9.009773,9.027115,8.992432,9.079109,9.079109,9.148392,9.355976,9.234943,9.131081,9.269539,9.321407,9.321407,9.338692,9.442345,9.321407,9.200333,9.183022,9.217640,9.183022,9.252239,9.321407,9.304119,9.131081,9.234943,9.096436,9.027115,8.992432,9.027115,9.044441,9.061775,9.252239,9.511379,9.821461,9.907425,9.907425,9.390537,9.044441,8.975086,8.905678,9.044441,8.992432,8.940388,8.957737,9.061775,9.096436,9.183022,9.338692,9.407806,9.476868,9.580376,9.632080,9.614849,9.442345,9.390537,9.494129,9.442345,9.442345,9.459610,9.597610,9.614849,9.511379,9.442345,9.511379,9.563126,9.528633,9.528633,9.528633,9.511379,9.632080,9.735428,9.787056,9.718216,9.597610,9.563126,9.338692,9.425079,9.321407,9.373260,9.286831,9.269539,9.269539,9.252239,9.113758,9.096436,9.148392,9.459610,10.027649,10.096279,9.958965,9.476868,9.459610,9.545887,9.545887,9.459610,9.476868,9.511379,9.563126,9.580376,9.494129,9.373260,9.217640,9.148392,8.957737,8.836220,8.975086,8.957737,9.148392,9.217640,9.200333,9.148392,9.200333,9.252239,9.269539,9.321407,9.234943,9.234943,8.975086,8.975086,9.027115,9.165710,9.131081,9.200333,9.269539,9.494129,9.890244,9.958965,9.838661,9.511379,9.148392,9.252239,9.269539,9.304119,9.286831,9.338692,9.183022,9.355976,9.442345,9.614849,9.476868,9.614849,9.632080,9.718216,9.855862,9.735428,9.718216,9.769852,9.855862,9.838661,9.838661,9.855862,9.873051,10.027649,9.958965,9.924606,10.010487,9.958965,9.855862,9.718216,9.528633,9.459610,9.528633,9.476868,9.476868,9.442345,9.390537,9.304119,9.304119,9.252239,9.165710,9.200333,9.200333,9.217640,9.200333,9.148392,9.200333,9.148392,9.234943,9.355976,9.442345,9.873051,9.976139,9.838661,9.459610,9.165710,9.027115,9.148392,9.079109,9.183022,9.165710,9.079109,9.009773,9.079109,9.009773,9.096436,9.113758,9.113758,9.061775,9.165710,9.269539,9.286831,9.390537,9.390537,9.338692,9.373260,9.355976,9.407806,9.442345,9.476868,9.442345,9.597610,9.632080,9.804260,9.787056,9.718216,9.838661,9.958965,10.061974,10.010487,9.993317,9.993317,9.941792,9.993317,9.890244,10.010487,9.855862,9.769852,9.838661,9.700993,9.580376,9.597610,9.597610,9.666546,9.700993,9.752644,9.752644,9.632080,9.614849,9.597610,9.580376,9.580376,9.459610,9.407806,9.390537,9.459610,9.390537,9.494129,9.769852,9.821461,9.752644,9.338692,9.200333,8.992432,8.975086,9.009773,8.992432,9.009773,9.009773,8.957737,8.923035,8.888317,8.818848,8.784096,8.836220,8.905678,8.975086,9.373260,9.580376,9.580376,9.252239,9.113758,9.096436,9.009773,8.957737,8.957737,9.061775,9.200333,9.252239,9.234943,9.355976,9.425079,9.304119,9.286831,9.390537,9.459610,9.459610,9.528633,9.511379,9.442345,9.545887,9.563126,9.528633,9.563126,9.597610,9.632080,9.545887,9.511379,9.442345,9.425079,9.476868,9.459610,9.494129,9.580376,9.597610,9.752644,9.821461,9.718216,9.683773,9.752644,9.787056,9.545887,9.666546,9.597610,9.545887,9.476868,9.476868,9.476868,9.528633,9.373260,9.321407,9.321407,9.338692,9.304119,9.321407,9.183022,9.252239,9.252239,9.200333,9.113758,9.044441,9.234943,9.390537,9.407806,9.338692,8.975086,8.853588,8.905678,8.888317,8.888317,8.766716,8.888317,8.766716,
6.960518,6.960518,6.995895,7.066605,7.260815,7.207882,7.207882,7.225533,7.278450,7.331345,7.278450,7.260815,7.313717,7.419441,7.437057,7.366592,7.366592,7.401833,7.401833,7.472267,7.437057,7.560242,7.630577,7.718422,7.612995,7.507469,7.648148,7.665718,7.560242,7.595413,7.735977,7.648148,7.823730,7.788635,7.560242,7.683289,7.718422,7.683289,7.648148,7.700855,7.595413,7.472267,7.507469,7.489868,7.560242,7.595413,7.648148,7.823730,7.841270,8.016525,8.069046,8.016525,7.823730,7.648148,7.630577,7.612995,7.630577,7.612995,7.612995,7.542656,7.612995,7.595413,7.806187,7.700855,7.718422,7.718422,7.700855,7.718422,7.771088,7.753536,7.788635,7.771088,7.771088,7.542656,7.665718,7.683289,7.735977,7.683289,7.648148,7.771088,7.612995,7.595413,7.542656,7.771088,8.121536,8.296310,8.208961,7.981499,7.963982,8.069046,8.191483,8.139027,8.191483,8.261383,8.191483,8.261383,8.313774,8.313774,8.278851,8.278851,8.296310,8.313774,8.523075,8.592743,8.644970,8.226437,8.016525,8.051544,8.016525,8.069046,8.278851,8.313774,8.139027,8.034035,8.034035,8.104042,8.086544,8.174004,8.261383,8.296310,8.366138,8.383591,8.453358,8.523075,8.453358,8.470791,8.505650,8.505650,8.523075,8.610161,8.592743,8.505650,8.453358,8.418476,8.261383,8.243912,8.278851,8.348686,8.313774,8.470791,8.435913,8.366138,8.191483,8.191483,8.313774,8.697163,8.905678,8.697163,8.453358,8.331230,8.226437,8.156513,8.121536,8.261383,8.453358,8.418476,8.348686,8.366138,8.296310,8.243912,8.296310,8.191483,8.278851,8.104042,8.051544,8.069046,8.086544,8.016525,8.069046,8.034035,8.139027,8.034035,8.016525,8.051544,7.946465,8.069046,8.069046,8.086544,8.051544,8.174004,8.383591,8.975086,9.079109,8.818848,8.208961,8.069046,8.156513,8.191483,8.261383,8.208961,8.191483,8.261383,8.383591,8.348686,8.453358,8.470791,8.470791,8.488220,8.557915,8.592743,8.592743,8.592743,8.662369,8.714558,8.766716,8.784096,8.992432,8.923035,9.079109,8.957737,8.940388,8.853588,8.975086,9.061775,9.096436,9.165710,9.338692,9.304119,9.113758,8.923035,8.836220,8.853588,8.731949,8.749332,8.818848,8.801476,8.905678,8.836220,8.975086,8.784096,8.905678,8.905678,8.992432,8.888317,8.870953,8.731949,8.731949,8.731949,8.697163,8.592743,8.592743,8.714558,8.836220,9.390537,9.563126,9.494129,9.113758,8.714558,8.644970,8.610161,8.610161,8.540497,8.610161,8.575333,8.488220,8.505650,8.575333,8.644970,8.575333,8.610161,8.557915,8.575333,8.662369,8.714558,8.697163,8.697163,8.801476,8.888317,8.905678,8.905678,8.992432,8.888317,8.975086,8.940388,9.027115,9.061775,9.096436,9.044441,9.096436,9.165710,9.373260,9.614849,9.649315,9.286831,9.442345,9.390537,9.200333,9.165710,9.131081,9.061775,9.200333,9.286831,9.425079,9.476868,9.649315,9.580376,9.597610,9.183022,9.252239,9.217640,9.217640,9.183022,9.200333,9.252239,9.304119,9.286831,9.183022,9.234943,9.425079,9.355976,9.286831,9.373260,9.390537,9.407806,9.286831,9.252239,9.286831,9.269539,9.200333,9.217640,9.321407,9.217640,9.148392,9.131081,9.148392,8.992432,9.044441,9.027115,9.079109,9.217640,9.459610,9.804260,9.838661,9.838661,9.286831,8.905678,8.766716,8.853588,8.940388,8.749332,8.731949,8.766716,8.749332,8.766716,8.749332,8.905678,8.923035,9.079109,9.131081,9.183022,9.131081,8.992432,9.044441,9.252239,9.286831,9.286831,9.304119,9.407806,9.425079,9.459610,9.407806,9.425079,9.321407,9.321407,9.338692,9.321407,9.476868,9.459610,9.821461,9.941792,10.010487,9.976139,9.666546,9.649315,9.666546,9.683773,9.614849,9.683773,9.683773,9.735428,9.752644,9.528633,9.804260,9.752644,9.890244,9.993317,10.044807,9.958965,9.632080,9.700993,9.821461,9.855862,10.027649,9.907425,9.941792,9.838661,9.838661,9.718216,9.752644,9.528633,9.476868,9.355976,9.217640,9.200333,9.252239,9.442345,9.563126,9.511379,9.563126,9.459610,9.511379,9.511379,9.511379,9.545887,9.390537,9.200333,9.027115,9.027115,8.957737,9.009773,9.044441,9.148392,9.700993,9.873051,10.010487,9.752644,9.269539,9.113758,9.044441,8.975086,9.009773,9.044441,9.113758,8.923035,9.009773,9.148392,9.252239,9.373260,9.494129,9.442345,9.407806,9.511379,9.511379,9.718216,9.649315,9.683773,9.563126,9.632080,9.597610,9.700993,9.769852,9.769852,9.700993,9.804260,9.735428,9.752644,9.718216,9.683773,9.735428,9.735428,9.855862,9.821461,9.873051,9.838661,9.666546,9.563126,9.597610,9.373260,9.407806,9.390537,9.304119,9.269539,9.304119,9.304119,9.321407,9.373260,9.390537,9.528633,9.855862,9.924606,9.735428,9.459610,9.252239,9.183022,9.113758,9.113758,9.079109,9.131081,9.131081,9.148392,9.165710,9.079109,9.079109,9.044441,9.044441,9.044441,9.148392,9.304119,9.269539,9.338692,9.234943,9.321407,9.304119,9.286831,9.390537,9.286831,9.269539,9.355976,9.545887,9.528633,9.597610,9.580376,9.528633,9.597610,9.735428,10.147728,10.010487,9.907425,9.838661,9.787056,9.804260,9.683773,9.700993,9.700993,9.718216,9.666546,9.718216,9.700993,9.821461,9.821461,9.838661,9.907425,9.924606,9.873051,9.787056,9.787056,9.700993,9.666546,9.700993,9.666546,9.459610,9.459610,9.528633,9.425079,9.563126,9.632080,9.804260,9.563126,9.338692,9.148392,9.131081,9.113758,9.131081,9.096436,9.009773,9.165710,9.027115,8.940388,8.853588,8.853588,8.905678,8.905678,8.870953,8.957737,9.614849,9.804260,9.632080,9.217640,9.027115,9.009773,9.027115,9.027115,9.113758,9.079109,9.165710,9.061775,9.148392,9.096436,9.113758,9.131081,9.200333,9.234943,9.269539,9.252239,9.355976,9.269539,9.044441,9.113758,9.113758,9.165710,9.200333,9.165710,9.269539,9.183022,9.217640,9.148392,9.373260,9.269539,9.286831,9.304119,9.494129,9.666546,9.907425,9.907425,9.683773,9.649315,9.614849,9.735428,9.666546,9.545887,9.614849,9.614849,9.666546,9.614849,9.649315,9.614849,9.666546,9.597610,9.614849,9.666546,9.666546,9.580376,9.649315,9.614849,9.597610,9.476868,9.183022,9.234943,9.425079,9.390537,9.442345,9.269539,9.079109,9.079109,9.061775,8.992432,8.870953,8.992432,8.992432,8.923035,
6.889732,6.907440,6.801193,6.801193,6.978207,6.960518,6.942829,6.942829,6.925133,6.925133,6.942829,7.066605,7.119606,7.190231,7.260815,7.243172,7.296085,7.137272,7.278450,7.296085,7.260815,7.419441,7.542656,7.472267,7.595413,7.437057,7.630577,7.630577,7.876347,7.771088,7.489868,7.437057,7.366592,7.454662,7.437057,7.454662,7.454662,7.542656,7.595413,7.525059,7.630577,7.612995,7.542656,7.665718,7.595413,7.665718,7.735977,7.788635,7.753536,7.911411,7.928940,7.858810,7.841270,7.788635,7.753536,7.753536,7.788635,7.648148,7.648148,7.788635,7.946465,8.086544,8.121536,8.121536,8.139027,8.121536,8.208961,8.191483,8.313774,8.191483,8.226437,8.121536,8.174004,7.999016,7.858810,7.893879,7.893879,7.911411,7.946465,7.858810,7.788635,7.841270,7.928940,7.981499,8.278851,8.383591,8.383591,8.208961,8.086544,8.086544,8.174004,8.226437,8.191483,8.139027,8.278851,8.243912,8.296310,8.296310,8.348686,8.121536,8.208961,8.226437,8.505650,8.557915,8.470791,8.139027,7.735977,7.665718,7.665718,7.788635,7.788635,7.735977,7.753536,7.753536,7.665718,7.735977,7.718422,7.788635,7.911411,8.069046,8.069046,8.191483,8.243912,8.331230,8.313774,8.331230,8.383591,8.453358,8.505650,8.505650,8.505650,8.470791,8.348686,8.348686,8.401035,8.331230,8.540497,8.488220,8.801476,8.888317,8.714558,8.488220,8.470791,8.662369,8.592743,8.662369,8.784096,8.749332,8.610161,8.592743,8.610161,8.488220,8.505650,8.679768,8.836220,8.957737,8.940388,8.853588,8.975086,8.853588,8.870953,8.766716,8.610161,8.592743,8.453358,8.435913,8.331230,8.366138,8.435913,8.418476,8.401035,8.348686,8.383591,8.331230,8.331230,8.191483,8.208961,8.191483,8.174004,8.156513,8.366138,8.940388,9.079109,8.905678,8.243912,7.963982,8.051544,8.016525,8.191483,8.104042,7.981499,8.051544,8.104042,8.034035,8.121536,8.226437,8.156513,8.139027,8.051544,8.016525,8.069046,8.034035,8.121536,8.156513,8.313774,8.383591,8.401035,8.296310,8.366138,8.470791,8.523075,8.557915,8.697163,8.749332,8.836220,9.044441,9.304119,9.442345,9.425079,9.183022,9.096436,9.113758,9.061775,8.992432,9.061775,9.165710,9.165710,9.113758,9.061775,9.165710,9.269539,9.252239,9.217640,9.183022,9.165710,9.165710,9.148392,9.113758,9.009773,8.888317,8.923035,8.923035,9.165710,9.528633,9.632080,9.511379,9.459610,9.131081,8.853588,8.801476,8.836220,8.714558,8.627563,8.784096,8.749332,8.801476,8.679768,8.697163,8.731949,8.714558,8.592743,8.592743,8.575333,8.697163,8.610161,8.697163,8.731949,8.644970,8.766716,8.749332,8.679768,8.662369,8.627563,8.540497,8.557915,8.610161,8.592743,8.592743,8.679768,8.836220,9.148392,9.580376,9.494129,9.234943,9.148392,9.079109,9.096436,9.061775,9.027115,9.079109,9.200333,9.217640,9.321407,9.286831,9.286831,9.355976,9.304119,9.183022,9.234943,9.269539,9.286831,9.252239,9.269539,9.355976,9.338692,9.338692,9.355976,9.373260,9.390537,9.459610,9.494129,9.511379,9.494129,9.494129,9.390537,9.459610,9.494129,9.666546,9.614849,9.459610,9.390537,9.390537,9.304119,9.355976,9.252239,9.252239,9.131081,9.217640,9.234943,9.234943,9.545887,9.838661,9.787056,9.769852,9.390537,8.975086,8.905678,8.923035,8.905678,8.957737,8.905678,8.853588,8.818848,8.784096,8.784096,9.044441,9.009773,9.044441,9.061775,8.992432,8.975086,8.992432,9.131081,9.234943,9.269539,9.286831,9.096436,9.113758,9.113758,9.079109,8.957737,8.975086,8.818848,8.923035,8.992432,9.096436,9.044441,9.044441,9.804260,9.855862,10.061974,9.528633,9.234943,9.096436,9.183022,9.079109,9.234943,9.200333,9.269539,9.494129,9.476868,9.390537,9.183022,9.407806,9.494129,9.528633,9.666546,9.632080,9.666546,9.666546,9.838661,9.838661,9.769852,9.890244,9.873051,9.873051,9.976139,9.924606,9.821461,9.821461,9.804260,9.787056,9.597610,9.649315,9.821461,9.958965,10.010487,10.044807,10.061974,10.010487,10.027649,9.993317,9.958965,9.838661,9.769852,9.563126,9.390537,9.425079,9.390537,9.269539,9.321407,9.494129,10.010487,10.079128,10.044807,9.787056,9.390537,9.304119,9.183022,9.165710,9.234943,9.200333,9.183022,9.183022,9.183022,9.183022,9.321407,9.355976,9.390537,9.338692,9.355976,9.373260,9.407806,9.338692,9.373260,9.407806,9.355976,9.304119,9.373260,9.355976,9.355976,9.252239,9.338692,9.338692,9.338692,9.476868,9.425079,9.286831,9.494129,9.580376,9.821461,9.907425,9.838661,9.580376,9.355976,9.286831,9.269539,9.286831,9.269539,9.321407,9.321407,9.425079,9.494129,9.442345,9.528633,9.511379,9.597610,9.683773,9.700993,9.700993,9.649315,9.563126,9.563126,9.511379,9.442345,9.442345,9.425079,9.476868,9.494129,9.338692,9.321407,9.200333,9.252239,9.252239,9.234943,9.217640,9.234943,9.355976,9.407806,9.407806,9.321407,9.321407,9.373260,9.321407,9.373260,9.286831,9.338692,9.373260,9.476868,9.563126,9.476868,9.494129,9.666546,9.563126,9.873051,10.044807,10.079128,9.890244,9.614849,9.390537,9.234943,9.234943,9.321407,9.269539,9.286831,9.338692,9.425079,9.373260,9.390537,9.476868,9.649315,9.718216,9.632080,9.580376,9.528633,9.545887,9.632080,9.666546,9.563126,9.563126,9.511379,9.545887,9.425079,9.459610,9.494129,9.545887,9.459610,9.355976,9.304119,9.355976,9.355976,9.355976,9.528633,9.494129,9.632080,9.511379,9.321407,9.234943,9.217640,9.252239,9.079109,9.269539,9.234943,9.459610,9.752644,9.787056,9.614849,9.459610,9.338692,9.321407,9.200333,9.304119,9.355976,9.321407,9.252239,9.321407,9.304119,9.373260,9.304119,9.373260,9.355976,9.304119,9.200333,9.252239,9.234943,9.234943,9.113758,9.079109,9.252239,9.200333,9.234943,9.217640,9.304119,9.217640,9.183022,9.234943,9.183022,9.304119,9.286831,9.234943,9.545887,9.787056,9.958965,9.855862,9.563126,9.338692,9.217640,9.286831,9.390537,9.269539,9.286831,9.321407,9.304119,9.355976,9.425079,9.511379,9.373260,9.459610,9.597610,9.632080,9.700993,9.700993,9.597610,9.597610,9.545887,9.355976,9.442345,9.373260,9.494129,9.407806,9.286831,9.252239,9.321407,9.355976,9.355976,9.390537,9.355976,9.407806,9.338692,9.338692,
6.854328,6.818905,6.872036,6.889732,6.872036,6.889732,6.818905,6.907440,6.960518,6.995895,7.048931,7.119606,7.172585,7.225533,7.190231,7.225533,7.172585,7.154926,7.172585,7.154926,7.137272,7.243172,7.419441,7.366592,7.366592,7.366592,7.437057,7.788635,7.806187,7.700855,7.419441,7.243172,7.190231,7.190231,7.172585,7.278450,7.101940,7.190231,7.172585,7.366592,7.119606,7.296085,7.331345,7.348972,7.401833,7.313717,7.454662,7.454662,7.489868,7.366592,7.437057,7.472267,7.419441,7.437057,7.419441,7.542656,7.577831,7.630577,7.665718,7.718422,7.823730,8.174004,8.348686,8.331230,8.156513,8.331230,8.348686,8.243912,8.401035,8.313774,8.331230,8.331230,8.261383,8.243912,8.261383,8.191483,8.296310,8.261383,8.156513,8.226437,8.261383,8.383591,8.331230,8.278851,8.296310,8.488220,8.366138,8.331230,8.208961,8.156513,8.121536,8.191483,8.208961,8.208961,8.243912,8.313774,8.278851,8.366138,8.313774,8.278851,8.226437,8.226437,8.470791,8.557915,8.540497,8.121536,7.735977,7.665718,7.665718,7.718422,7.665718,7.630577,7.542656,7.595413,7.560242,7.665718,7.630577,7.630577,7.595413,7.771088,7.753536,7.823730,7.858810,7.911411,7.981499,8.121536,8.104042,8.208961,8.261383,8.348686,8.296310,8.121536,8.069046,8.086544,8.139027,8.069046,8.208961,8.243912,8.818848,8.853588,8.679768,8.453358,8.435913,8.191483,8.313774,8.226437,8.296310,8.435913,8.435913,8.540497,8.610161,8.435913,8.505650,8.540497,8.714558,8.853588,9.096436,9.061775,9.044441,8.957737,8.957737,8.905678,8.853588,8.888317,8.818848,8.749332,8.731949,8.801476,8.870953,8.766716,8.818848,8.836220,8.992432,8.957737,8.818848,8.853588,8.818848,8.749332,8.644970,8.523075,8.697163,9.061775,9.113758,8.992432,8.523075,8.296310,8.208961,8.191483,8.261383,8.208961,8.104042,8.226437,8.104042,8.191483,8.208961,8.296310,8.208961,8.174004,8.208961,8.104042,7.999016,8.016525,8.034035,8.086544,8.156513,8.191483,8.174004,8.156513,8.156513,8.121536,8.174004,8.313774,8.366138,8.401035,8.575333,8.575333,8.940388,9.373260,9.390537,9.217640,8.957737,8.992432,9.027115,9.061775,8.940388,8.923035,8.905678,8.888317,8.836220,8.836220,9.027115,9.079109,8.992432,9.131081,9.009773,9.044441,9.165710,9.200333,9.234943,9.061775,9.217640,9.165710,9.321407,9.442345,9.580376,9.407806,9.442345,9.321407,9.286831,9.217640,9.183022,9.200333,9.131081,9.252239,9.234943,9.131081,9.131081,9.079109,9.009773,8.870953,8.870953,8.957737,8.888317,8.957737,8.940388,8.923035,8.888317,8.940388,8.888317,8.940388,8.888317,8.801476,8.697163,8.714558,8.679768,8.627563,8.610161,8.610161,8.644970,8.714558,9.234943,9.511379,9.545887,9.183022,9.009773,9.079109,8.957737,8.923035,9.027115,8.957737,9.009773,9.079109,9.079109,9.079109,9.044441,9.027115,9.027115,9.009773,8.992432,9.009773,9.061775,9.061775,9.234943,9.234943,9.286831,9.217640,9.217640,9.061775,9.148392,9.217640,9.234943,9.321407,9.304119,9.373260,9.373260,9.528633,9.752644,9.890244,9.769852,9.632080,9.494129,9.459610,9.407806,9.373260,9.494129,9.442345,9.476868,9.338692,9.511379,9.545887,9.700993,9.700993,9.649315,9.563126,9.494129,9.338692,9.286831,9.390537,9.373260,9.407806,9.304119,9.200333,9.183022,9.079109,9.131081,9.183022,9.234943,9.217640,9.269539,9.165710,9.234943,9.286831,9.355976,9.511379,9.476868,9.494129,9.252239,9.252239,9.234943,9.096436,9.096436,8.957737,9.079109,9.009773,9.009773,9.079109,9.252239,9.269539,9.804260,10.027649,9.890244,9.476868,8.975086,8.853588,8.940388,8.975086,9.044441,9.061775,9.009773,9.044441,9.183022,9.131081,8.992432,8.992432,9.027115,9.044441,9.183022,9.131081,9.200333,9.286831,9.183022,9.131081,9.200333,9.321407,9.234943,9.338692,9.234943,9.217640,9.373260,9.286831,9.269539,9.183022,9.200333,9.338692,9.563126,10.044807,10.130581,10.113426,10.027649,9.993317,9.924606,9.993317,9.855862,9.890244,9.855862,9.700993,9.787056,9.735428,9.718216,9.563126,9.787056,9.924606,10.061974,9.993317,10.010487,9.838661,9.614849,9.597610,9.563126,9.632080,9.666546,9.718216,9.769852,9.752644,9.718216,9.649315,9.614849,9.683773,9.666546,9.511379,9.476868,9.511379,9.528633,9.614849,9.563126,9.494129,9.407806,9.390537,9.476868,9.373260,9.269539,9.252239,9.338692,9.355976,9.373260,9.373260,9.373260,9.407806,9.373260,9.614849,10.010487,9.976139,9.821461,9.009773,8.957737,8.923035,8.992432,8.940388,9.079109,9.165710,9.165710,9.304119,9.304119,9.252239,9.286831,9.338692,9.234943,9.269539,9.321407,9.390537,9.425079,9.373260,9.459610,9.459610,9.545887,9.511379,9.528633,9.614849,9.528633,9.407806,9.338692,9.304119,9.511379,9.494129,9.442345,9.545887,9.666546,9.752644,9.769852,9.718216,9.597610,9.563126,9.614849,9.683773,9.511379,9.545887,9.459610,9.632080,9.700993,9.632080,9.580376,9.735428,9.718216,9.787056,9.958965,9.873051,9.941792,9.769852,9.390537,9.200333,9.027115,9.079109,9.096436,9.234943,9.252239,9.183022,9.113758,9.252239,9.286831,9.373260,9.407806,9.355976,9.425079,9.355976,9.321407,9.286831,9.286831,9.183022,9.304119,9.234943,9.165710,9.252239,9.113758,9.183022,9.217640,9.286831,9.269539,9.234943,9.200333,9.200333,9.234943,9.580376,9.700993,9.838661,9.666546,9.528633,9.390537,9.355976,9.373260,9.425079,9.286831,9.459610,9.425079,9.563126,9.752644,9.649315,9.580376,9.580376,9.666546,9.563126,9.683773,9.597610,9.649315,9.700993,9.752644,9.735428,9.735428,9.700993,9.718216,9.666546,9.700993,9.649315,9.666546,9.735428,9.666546,9.459610,9.355976,9.390537,9.476868,9.425079,9.476868,9.476868,9.425079,9.425079,9.407806,9.390537,9.390537,9.373260,9.511379,9.632080,9.855862,9.993317,9.924606,9.855862,9.407806,9.269539,9.217640,9.165710,9.183022,9.148392,9.217640,9.183022,9.131081,9.252239,9.217640,9.217640,9.183022,9.165710,9.183022,9.545887,9.614849,9.597610,9.390537,9.338692,9.096436,9.234943,9.131081,9.252239,9.183022,9.148392,9.217640,9.269539,9.252239,9.373260,9.338692,9.407806,9.321407,9.338692,9.252239,9.407806,
6.872036,6.836617,6.854328,6.818905,6.872036,6.978207,6.854328,6.854328,7.048931,7.154926,7.260815,7.313717,7.331345,7.331345,7.384212,7.384212,7.260815,7.260815,7.331345,7.207882,7.313717,7.243172,7.331345,7.313717,7.313717,7.384212,7.278450,7.419441,7.841270,7.700855,7.348972,7.225533,7.207882,7.154926,7.207882,7.278450,7.172585,7.190231,7.260815,7.207882,7.207882,7.278450,7.190231,7.331345,7.260815,7.119606,7.278450,7.331345,7.313717,7.278450,7.243172,7.225533,7.313717,7.348972,7.260815,7.296085,7.313717,7.366592,7.437057,7.419441,7.507469,8.016525,8.156513,8.226437,7.858810,7.806187,7.806187,7.753536,7.893879,7.928940,7.946465,7.806187,7.911411,7.963982,7.928940,7.963982,8.016525,8.051544,8.051544,8.034035,8.069046,8.156513,8.121536,8.069046,8.034035,8.121536,8.278851,8.191483,8.139027,8.139027,8.139027,8.191483,8.191483,8.139027,8.243912,8.331230,8.453358,8.435913,8.348686,8.243912,8.174004,8.278851,8.418476,8.575333,8.488220,8.401035,8.016525,7.893879,7.806187,7.841270,7.893879,7.718422,7.665718,7.612995,7.665718,7.683289,7.665718,7.683289,7.718422,7.753536,7.928940,7.946465,8.034035,7.893879,7.946465,8.034035,8.104042,8.174004,8.261383,8.313774,8.139027,8.139027,8.104042,8.104042,8.086544,8.051544,7.928940,8.156513,8.627563,8.766716,8.488220,8.174004,8.156513,8.034035,7.999016,7.999016,7.981499,7.999016,7.981499,8.086544,8.086544,8.104042,8.139027,8.086544,8.401035,8.697163,8.992432,9.061775,8.697163,8.348686,8.191483,8.243912,8.278851,8.243912,8.174004,8.121536,8.261383,8.278851,8.226437,8.383591,8.592743,8.679768,8.836220,8.870953,8.836220,8.731949,8.662369,8.679768,8.697163,8.662369,8.784096,8.923035,8.975086,8.923035,8.749332,8.714558,8.784096,8.801476,8.784096,8.801476,8.801476,8.870953,8.957737,8.853588,8.975086,8.870953,8.836220,8.610161,8.505650,8.435913,8.401035,8.383591,8.488220,8.505650,8.540497,8.662369,8.540497,8.435913,8.383591,8.296310,8.348686,8.366138,8.488220,8.488220,8.523075,8.470791,8.627563,9.183022,9.390537,9.304119,8.975086,8.870953,8.749332,8.697163,8.679768,8.627563,8.575333,8.679768,8.592743,8.644970,8.627563,8.731949,8.575333,8.731949,8.731949,8.679768,8.853588,8.836220,8.784096,8.818848,8.888317,8.888317,8.888317,8.957737,9.027115,9.200333,9.355976,9.355976,9.286831,9.304119,9.183022,9.183022,9.252239,9.459610,9.494129,9.632080,9.183022,9.061775,8.870953,8.870953,8.836220,8.905678,8.992432,9.027115,9.165710,9.131081,9.079109,9.113758,9.200333,9.148392,9.165710,9.113758,9.148392,9.079109,9.079109,9.044441,8.731949,8.940388,8.957737,9.096436,9.442345,9.494129,9.442345,9.304119,9.096436,9.044441,9.044441,8.905678,8.940388,9.009773,9.027115,9.027115,9.027115,8.975086,8.975086,8.975086,9.009773,8.975086,9.044441,8.940388,8.923035,8.992432,9.165710,9.183022,9.425079,9.148392,9.131081,9.096436,9.079109,9.165710,9.061775,9.009773,8.975086,8.940388,9.044441,9.165710,9.735428,9.769852,9.804260,9.494129,9.373260,9.373260,9.269539,9.304119,9.476868,9.511379,9.390537,9.407806,9.476868,9.407806,9.338692,9.442345,9.442345,9.459610,9.373260,9.390537,9.355976,9.355976,9.425079,9.442345,9.425079,9.390537,9.338692,9.286831,9.373260,9.459610,9.425079,9.476868,9.459610,9.373260,9.338692,9.476868,9.752644,9.804260,9.890244,9.700993,9.563126,9.528633,9.459610,9.442345,9.373260,9.563126,9.442345,9.355976,9.321407,9.511379,9.683773,9.700993,9.976139,9.993317,9.890244,9.390537,9.183022,9.113758,9.096436,9.131081,9.183022,9.165710,9.113758,9.217640,9.148392,9.234943,9.113758,9.165710,9.183022,9.183022,9.217640,9.200333,9.183022,9.165710,9.165710,9.096436,9.061775,8.992432,9.096436,9.009773,8.957737,8.923035,8.975086,8.853588,8.853588,8.801476,8.818848,8.975086,9.234943,9.924606,9.976139,9.769852,9.545887,9.390537,9.338692,9.304119,9.304119,9.286831,9.338692,9.425079,9.494129,9.632080,9.580376,9.614849,9.632080,9.718216,9.769852,9.804260,9.735428,9.752644,9.787056,9.787056,9.855862,9.907425,9.907425,9.958965,10.079128,10.079128,10.044807,9.993317,9.993317,10.027649,10.027649,9.873051,9.993317,10.044807,10.061974,10.010487,9.976139,9.855862,9.804260,9.632080,9.632080,9.597610,9.545887,9.545887,9.545887,9.666546,9.666546,9.718216,9.718216,9.666546,9.528633,9.958965,10.096279,10.079128,9.855862,9.113758,9.027115,9.061775,9.200333,9.234943,9.217640,9.183022,9.286831,9.286831,9.304119,9.286831,9.304119,9.217640,9.269539,9.217640,9.217640,9.234943,9.338692,9.286831,9.269539,9.131081,9.234943,9.252239,9.373260,9.355976,9.355976,9.373260,9.494129,9.459610,9.494129,9.476868,9.373260,9.390537,9.666546,9.787056,9.718216,9.597610,9.528633,9.476868,9.494129,9.563126,9.476868,9.476868,9.494129,9.563126,9.597610,9.666546,9.718216,9.735428,9.752644,9.838661,9.976139,9.873051,9.838661,9.614849,9.390537,9.269539,9.252239,9.131081,9.234943,9.183022,9.217640,9.252239,9.165710,9.234943,9.286831,9.234943,9.304119,9.321407,9.304119,9.390537,9.355976,9.355976,9.338692,9.338692,9.217640,9.217640,9.131081,9.234943,9.217640,9.183022,9.217640,9.200333,9.286831,9.304119,9.096436,9.252239,9.286831,9.700993,9.890244,9.941792,9.632080,9.442345,9.338692,9.338692,9.373260,9.338692,9.355976,9.425079,9.338692,9.425079,9.338692,9.528633,9.528633,9.580376,9.528633,9.528633,9.563126,9.597610,9.632080,9.718216,9.700993,9.700993,9.752644,9.683773,9.855862,9.821461,9.855862,9.769852,9.821461,9.821461,9.735428,9.614849,9.632080,9.700993,9.804260,9.855862,9.838661,9.838661,9.821461,9.924606,9.769852,9.632080,9.580376,9.632080,9.804260,9.907425,9.976139,9.907425,9.958965,9.597610,9.407806,9.304119,9.373260,9.321407,9.338692,9.321407,9.321407,9.321407,9.304119,9.338692,9.321407,9.183022,9.286831,9.304119,9.373260,9.597610,9.752644,9.752644,9.321407,9.096436,9.113758,8.940388,8.992432,9.044441,9.027115,9.079109,9.009773,9.044441,9.200333,9.217640,9.079109,9.217640,9.131081,9.148392,9.096436,9.131081,
6.730297,6.730297,6.748028,6.765751,6.748028,6.836617,6.783474,6.889732,7.013577,7.207882,7.560242,7.437057,7.542656,7.419441,7.243172,7.207882,7.154926,7.243172,7.313717,7.172585,7.225533,7.243172,7.278450,7.313717,7.348972,7.313717,7.401833,7.542656,7.648148,7.718422,7.419441,7.366592,7.331345,7.366592,7.313717,7.454662,7.331345,7.419441,7.384212,7.348972,7.384212,7.331345,7.278450,7.384212,7.366592,7.419441,7.419441,7.348972,7.454662,7.454662,7.437057,7.384212,7.331345,7.331345,7.401833,7.313717,7.507469,7.507469,7.472267,7.401833,7.525059,7.700855,8.121536,8.086544,7.946465,7.735977,7.665718,7.595413,7.577831,7.542656,7.595413,7.595413,7.595413,7.612995,7.648148,7.648148,7.595413,7.560242,7.648148,7.612995,7.595413,7.665718,7.630577,7.595413,7.718422,7.788635,7.718422,7.665718,7.771088,7.735977,7.788635,7.841270,7.876347,7.858810,7.946465,8.278851,8.523075,8.592743,8.366138,8.174004,8.086544,8.174004,8.156513,8.296310,8.383591,8.313774,8.226437,8.139027,8.156513,8.174004,8.104042,8.069046,8.121536,8.139027,8.243912,8.261383,8.296310,8.191483,8.313774,8.226437,8.435913,8.383591,8.331230,8.453358,8.470791,8.453358,8.470791,8.366138,8.540497,8.505650,8.540497,8.505650,8.401035,8.331230,8.348686,8.139027,8.226437,8.313774,8.523075,8.836220,8.679768,8.208961,8.191483,8.156513,8.208961,8.086544,8.016525,8.016525,7.999016,8.016525,8.016525,8.069046,8.016525,8.086544,8.226437,8.610161,8.905678,9.148392,8.644970,8.174004,8.034035,7.946465,7.963982,7.928940,7.858810,7.806187,7.788635,7.858810,7.946465,7.841270,7.928940,8.104042,8.121536,7.999016,8.016525,7.858810,7.858810,7.893879,7.876347,7.946465,8.016525,8.191483,8.261383,8.331230,8.383591,8.523075,8.505650,8.644970,8.697163,8.731949,8.784096,9.044441,9.269539,9.234943,9.252239,9.113758,9.027115,8.957737,8.923035,8.905678,8.818848,8.870953,8.836220,8.888317,8.992432,8.923035,8.957737,8.836220,8.818848,8.870953,8.957737,9.009773,8.975086,8.714558,8.679768,8.679768,8.697163,9.009773,9.304119,9.234943,8.940388,8.662369,8.575333,8.592743,8.644970,8.644970,8.662369,8.731949,8.644970,8.627563,8.749332,8.818848,8.836220,8.870953,8.697163,8.679768,8.662369,8.731949,8.714558,8.766716,8.784096,8.801476,8.697163,8.905678,8.870953,8.923035,8.992432,9.131081,9.148392,8.992432,8.818848,8.870953,8.923035,9.390537,9.528633,9.459610,8.957737,8.557915,8.383591,8.331230,8.470791,8.644970,8.592743,8.731949,8.784096,8.853588,8.818848,8.784096,8.957737,8.766716,8.818848,8.905678,9.027115,9.009773,8.870953,8.923035,8.836220,8.870953,8.957737,9.044441,9.148392,9.200333,9.165710,9.252239,9.269539,9.200333,9.269539,9.338692,9.304119,9.528633,9.563126,9.373260,9.234943,9.079109,9.096436,9.165710,9.131081,9.044441,8.992432,9.027115,9.113758,9.304119,9.286831,9.338692,9.373260,9.338692,9.286831,9.304119,9.217640,9.079109,9.096436,9.061775,9.131081,8.923035,9.009773,9.061775,9.649315,9.752644,9.700993,9.269539,9.252239,9.165710,9.165710,9.234943,9.269539,9.476868,9.442345,9.338692,9.338692,9.321407,9.234943,9.269539,9.217640,9.252239,9.390537,9.321407,9.269539,9.304119,9.234943,9.234943,9.234943,9.200333,9.148392,9.148392,9.113758,9.165710,9.252239,9.148392,9.113758,8.992432,9.096436,9.217640,9.666546,9.804260,9.718216,9.355976,9.200333,9.183022,9.252239,9.183022,9.304119,9.304119,9.355976,9.286831,9.407806,9.494129,9.494129,9.580376,9.752644,9.683773,9.614849,9.528633,9.459610,9.373260,9.442345,9.511379,9.511379,9.494129,9.373260,9.563126,9.580376,9.632080,9.476868,9.459610,9.442345,9.476868,9.528633,9.355976,9.407806,9.304119,9.217640,9.217640,9.061775,9.044441,9.044441,8.975086,8.923035,8.923035,8.888317,8.905678,8.714558,8.870953,8.801476,8.905678,9.234943,9.804260,9.873051,9.752644,9.321407,8.975086,8.888317,8.870953,8.923035,8.957737,8.888317,9.027115,8.957737,9.027115,9.079109,9.165710,9.079109,9.183022,9.079109,9.217640,9.304119,9.304119,9.183022,9.286831,9.442345,9.494129,9.494129,9.632080,9.735428,9.649315,9.683773,9.787056,9.890244,9.958965,9.838661,9.976139,9.958965,10.199139,10.216270,10.250530,10.182007,9.958965,9.890244,9.890244,9.752644,9.804260,9.907425,9.924606,9.993317,10.096279,10.027649,10.096279,9.941792,9.958965,9.993317,10.079128,10.079128,10.130581,9.941792,9.425079,9.476868,9.563126,9.632080,9.614849,9.597610,9.563126,9.632080,9.545887,9.511379,9.563126,9.425079,9.373260,9.407806,9.321407,9.355976,9.217640,9.286831,9.338692,9.269539,9.234943,9.252239,9.390537,9.286831,9.269539,9.200333,9.286831,9.373260,9.476868,9.545887,9.580376,9.563126,9.425079,9.821461,9.838661,9.769852,9.338692,9.183022,9.096436,9.217640,9.304119,9.252239,9.269539,9.338692,9.269539,9.252239,9.304119,9.338692,9.442345,9.545887,9.597610,9.580376,9.666546,9.545887,9.580376,9.545887,9.425079,9.476868,9.545887,9.563126,9.580376,9.494129,9.494129,9.494129,9.390537,9.442345,9.528633,9.563126,9.666546,9.666546,9.769852,9.787056,9.683773,9.632080,9.407806,9.476868,9.425079,9.390537,9.321407,9.338692,9.425079,9.442345,9.459610,9.407806,9.459610,9.459610,9.390537,9.545887,9.976139,10.079128,9.993317,9.821461,9.649315,9.597610,9.511379,9.563126,9.528633,9.407806,9.545887,9.614849,9.494129,9.476868,9.494129,9.511379,9.494129,9.425079,9.459610,9.407806,9.442345,9.442345,9.476868,9.459610,9.442345,9.494129,9.425079,9.407806,9.425079,9.459610,9.459610,9.528633,9.597610,9.528633,9.425079,9.390537,9.752644,9.924606,9.941792,9.873051,9.855862,9.821461,9.787056,9.769852,9.718216,9.632080,9.769852,9.769852,9.769852,9.890244,9.735428,9.666546,9.580376,9.597610,9.597610,9.545887,9.563126,9.614849,9.649315,9.649315,9.649315,9.614849,9.649315,9.580376,9.597610,9.407806,9.511379,9.597610,9.855862,9.752644,9.649315,9.563126,9.234943,9.113758,9.200333,9.217640,9.131081,9.304119,9.217640,9.148392,9.165710,9.200333,9.183022,9.148392,9.148392,9.096436,9.044441,9.009773,9.009773,
6.818905,6.801193,6.872036,6.801193,6.801193,6.889732,6.765751,6.783474,6.925133,7.207882,7.472267,7.683289,7.612995,7.401833,7.101940,6.995895,6.960518,7.013577,7.066605,6.889732,6.907440,6.889732,6.960518,6.978207,7.031254,7.243172,7.331345,7.296085,7.243172,7.296085,7.384212,7.313717,7.278450,7.278450,7.419441,7.525059,7.437057,7.472267,7.454662,7.525059,7.595413,7.348972,7.489868,7.612995,7.753536,7.753536,7.823730,7.753536,7.735977,7.525059,7.560242,7.507469,7.560242,7.542656,7.507469,7.630577,7.665718,7.665718,7.560242,7.577831,7.595413,7.718422,8.139027,8.104042,7.946465,7.893879,7.718422,7.718422,7.700855,7.630577,7.577831,7.560242,7.700855,7.700855,7.683289,7.612995,7.577831,7.577831,7.577831,7.630577,7.630577,7.630577,7.577831,7.560242,7.577831,7.542656,7.612995,7.560242,7.665718,7.718422,7.718422,7.648148,7.665718,7.683289,7.718422,7.928940,8.401035,8.523075,8.348686,7.858810,7.665718,7.683289,7.648148,7.735977,7.771088,7.806187,7.876347,7.893879,7.911411,7.876347,8.069046,8.139027,8.034035,8.086544,8.069046,8.156513,8.191483,8.348686,8.331230,8.366138,8.383591,8.453358,8.470791,8.557915,8.505650,8.575333,8.418476,8.575333,8.627563,8.627563,8.697163,8.853588,8.870953,8.888317,8.749332,8.644970,8.627563,8.714558,8.697163,8.836220,8.749332,8.627563,8.575333,8.662369,8.644970,8.470791,8.470791,8.505650,8.401035,8.418476,8.313774,8.313774,8.226437,8.226437,8.348686,8.575333,8.957737,9.009773,8.801476,8.383591,8.208961,7.981499,7.928940,7.823730,7.963982,7.893879,7.858810,7.893879,7.788635,7.806187,7.858810,7.911411,7.911411,7.823730,7.806187,7.735977,7.577831,7.542656,7.648148,7.683289,7.630577,7.718422,7.876347,7.963982,8.051544,8.191483,8.086544,8.208961,8.139027,8.191483,8.348686,8.679768,9.113758,9.269539,9.009773,8.731949,8.488220,8.470791,8.435913,8.348686,8.383591,8.366138,8.488220,8.453358,8.505650,8.575333,8.610161,8.540497,8.627563,8.784096,9.113758,9.286831,9.234943,8.923035,8.923035,8.836220,8.888317,9.009773,9.200333,9.009773,8.975086,8.714558,8.714558,8.836220,8.853588,8.836220,8.836220,8.870953,8.905678,8.923035,8.975086,9.079109,9.079109,8.888317,8.992432,8.870953,8.853588,8.923035,8.870953,8.836220,8.905678,8.870953,8.992432,8.853588,8.905678,8.888317,8.957737,9.096436,8.923035,8.957737,8.731949,8.766716,8.836220,9.148392,9.390537,9.442345,8.957737,8.435913,8.331230,8.278851,8.435913,8.418476,8.505650,8.557915,8.592743,8.592743,8.540497,8.575333,8.627563,8.505650,8.418476,8.523075,8.505650,8.488220,8.523075,8.523075,8.505650,8.540497,8.523075,8.766716,8.610161,8.784096,8.853588,9.027115,9.009773,8.940388,9.009773,9.096436,9.079109,9.614849,9.649315,9.442345,9.061775,8.905678,8.940388,8.992432,8.975086,8.992432,9.061775,9.061775,9.113758,9.096436,9.148392,9.234943,9.234943,9.304119,9.286831,9.200333,9.165710,9.148392,9.148392,9.044441,9.113758,8.975086,8.975086,9.200333,9.511379,9.545887,9.494129,9.286831,9.113758,9.183022,9.217640,9.252239,9.338692,9.304119,9.373260,9.407806,9.425079,9.407806,9.390537,9.373260,9.304119,9.252239,9.304119,9.304119,9.304119,9.286831,9.200333,9.200333,9.234943,9.148392,9.183022,9.079109,9.079109,9.027115,9.079109,9.044441,9.027115,8.784096,8.940388,8.992432,9.494129,9.752644,9.735428,9.269539,9.027115,9.027115,9.027115,9.027115,9.113758,9.044441,9.200333,9.165710,9.286831,9.252239,9.304119,9.252239,9.217640,9.269539,9.390537,9.425079,9.373260,9.321407,9.476868,9.459610,9.545887,9.545887,9.597610,9.528633,9.597610,9.580376,9.632080,9.563126,9.666546,9.563126,9.476868,9.632080,9.735428,9.787056,9.649315,9.528633,9.373260,9.286831,9.165710,9.096436,9.079109,9.079109,9.113758,9.113758,8.992432,9.096436,9.027115,9.113758,9.286831,9.666546,9.700993,9.511379,9.200333,8.853588,8.801476,8.818848,8.940388,8.940388,8.957737,9.009773,9.044441,8.992432,9.079109,9.044441,9.044441,9.079109,9.148392,9.183022,9.200333,9.183022,9.286831,9.321407,9.304119,9.442345,9.269539,9.459610,9.425079,9.373260,9.425079,9.476868,9.545887,9.563126,9.580376,9.683773,9.804260,10.267654,10.216270,10.199139,9.855862,9.597610,9.528633,9.494129,9.511379,9.614849,9.649315,9.735428,9.804260,9.907425,9.890244,9.821461,9.821461,9.769852,9.873051,9.873051,9.993317,9.873051,9.838661,9.787056,9.769852,9.924606,9.976139,10.044807,9.958965,9.958965,10.044807,9.907425,9.873051,9.855862,9.821461,9.735428,9.787056,9.752644,9.873051,9.838661,9.890244,9.752644,9.804260,9.528633,9.425079,9.459610,9.494129,9.373260,9.355976,9.425079,9.528633,9.597610,9.632080,9.545887,9.528633,9.821461,9.958965,9.941792,9.718216,9.355976,9.234943,9.183022,9.217640,9.200333,9.252239,9.252239,9.304119,9.234943,9.304119,9.269539,9.407806,9.304119,9.442345,9.459610,9.373260,9.355976,9.563126,9.494129,9.390537,9.390537,9.476868,9.407806,9.407806,9.459610,9.442345,9.373260,9.321407,9.425079,9.407806,9.563126,9.597610,9.683773,9.787056,9.838661,9.821461,9.597610,9.407806,9.321407,9.321407,9.338692,9.373260,9.459610,9.459610,9.494129,9.580376,9.666546,9.632080,9.649315,9.649315,9.700993,9.821461,9.924606,9.924606,9.907425,9.855862,9.821461,9.890244,9.804260,9.958965,9.976139,9.976139,10.010487,9.958965,9.924606,9.855862,9.649315,9.614849,9.580376,9.528633,9.545887,9.476868,9.528633,9.545887,9.476868,9.459610,9.407806,9.425079,9.425079,9.407806,9.373260,9.338692,9.355976,9.338692,9.286831,9.304119,9.304119,9.321407,9.597610,9.958965,9.941792,9.752644,9.632080,9.494129,9.442345,9.442345,9.511379,9.476868,9.459610,9.373260,9.425079,9.494129,9.597610,9.511379,9.459610,9.476868,9.442345,9.511379,9.459610,9.511379,9.614849,9.752644,9.597610,9.563126,9.614849,9.700993,9.700993,9.632080,9.649315,9.718216,9.735428,9.683773,9.683773,9.614849,9.614849,9.666546,9.649315,9.545887,9.649315,9.545887,9.683773,9.545887,9.442345,9.476868,9.476868,9.494129,9.373260,9.390537,9.373260,9.286831,9.304119,
7.154926,7.260815,7.296085,7.348972,7.348972,7.401833,7.401833,7.172585,7.331345,7.348972,7.595413,7.753536,7.700855,7.437057,7.119606,6.925133,6.960518,6.907440,6.907440,6.818905,6.872036,6.854328,6.907440,6.942829,7.066605,7.207882,7.172585,7.172585,7.243172,7.225533,7.243172,7.296085,7.313717,7.331345,7.278450,7.296085,7.331345,7.296085,7.348972,7.366592,7.366592,7.366592,7.366592,7.507469,7.753536,7.999016,7.946465,7.788635,7.489868,7.560242,7.472267,7.542656,7.507469,7.560242,7.718422,7.648148,7.648148,7.665718,7.648148,7.753536,7.735977,7.823730,7.911411,7.999016,7.946465,7.893879,7.893879,7.771088,7.753536,7.648148,7.683289,7.806187,7.876347,7.806187,7.858810,7.753536,7.788635,7.753536,7.911411,8.016525,8.069046,7.928940,7.876347,7.928940,7.981499,7.911411,7.928940,7.999016,7.858810,7.858810,7.841270,7.858810,7.858810,7.788635,7.928940,7.963982,8.401035,8.523075,8.453358,7.981499,7.630577,7.630577,7.630577,7.683289,7.648148,7.683289,7.630577,7.665718,7.665718,7.683289,7.788635,7.700855,7.823730,7.806187,7.788635,7.735977,7.893879,7.841270,7.806187,7.823730,7.823730,7.806187,7.788635,7.841270,7.876347,7.928940,7.858810,7.806187,7.876347,7.981499,8.401035,8.870953,8.975086,8.870953,8.540497,8.575333,8.418476,8.435913,8.435913,8.575333,8.731949,8.627563,8.644970,8.731949,8.749332,8.697163,8.801476,8.870953,8.905678,8.870953,8.853588,8.853588,8.818848,8.557915,8.853588,8.975086,9.079109,9.079109,8.957737,8.662369,8.697163,8.523075,8.418476,8.435913,8.418476,8.540497,8.523075,8.575333,8.488220,8.313774,8.470791,8.418476,8.435913,8.383591,8.191483,7.963982,7.963982,7.858810,7.963982,7.911411,7.806187,7.928940,7.981499,7.946465,8.034035,8.086544,8.069046,8.051544,8.051544,8.156513,8.104042,8.453358,9.096436,9.269539,9.009773,8.401035,8.261383,8.121536,8.139027,8.226437,8.121536,8.139027,8.156513,8.226437,8.243912,8.226437,8.243912,8.208961,8.261383,8.540497,9.027115,9.373260,9.200333,8.801476,8.592743,8.627563,8.575333,8.644970,8.818848,8.870953,8.801476,8.731949,8.836220,8.870953,8.853588,8.853588,8.975086,9.009773,8.957737,9.027115,9.113758,9.217640,9.113758,9.079109,9.061775,9.061775,9.113758,9.044441,9.044441,9.061775,9.079109,9.061775,9.096436,8.940388,9.061775,9.079109,9.148392,9.165710,9.009773,8.992432,8.818848,8.870953,8.923035,9.165710,9.355976,9.321407,8.975086,8.610161,8.505650,8.453358,8.453358,8.592743,8.557915,8.592743,8.662369,8.557915,8.575333,8.557915,8.505650,8.470791,8.470791,8.453358,8.592743,8.557915,8.575333,8.575333,8.488220,8.540497,8.610161,8.679768,8.679768,8.714558,8.801476,8.905678,8.853588,8.836220,8.905678,8.766716,9.027115,9.511379,9.683773,9.390537,8.662369,8.488220,8.575333,8.523075,8.592743,8.749332,8.627563,8.575333,8.592743,8.575333,8.592743,8.662369,8.662369,8.592743,8.731949,8.801476,8.749332,8.801476,8.766716,8.853588,8.801476,8.853588,8.923035,8.853588,9.027115,9.061775,9.061775,9.096436,9.096436,9.217640,9.183022,9.131081,9.131081,9.442345,9.700993,9.718216,9.666546,9.614849,9.545887,9.511379,9.545887,9.425079,9.476868,9.511379,9.476868,9.528633,9.373260,9.321407,9.338692,9.390537,9.286831,9.269539,9.183022,9.061775,8.992432,8.923035,8.992432,8.905678,8.905678,9.009773,9.269539,9.907425,9.769852,9.373260,9.009773,9.096436,9.096436,9.027115,8.992432,9.061775,9.113758,9.217640,9.234943,9.217640,9.217640,9.131081,9.096436,9.148392,9.286831,9.269539,9.321407,9.165710,9.252239,9.269539,9.286831,9.165710,9.165710,9.200333,9.252239,9.217640,9.269539,9.286831,9.200333,9.183022,9.183022,9.321407,9.614849,9.907425,9.804260,9.321407,9.200333,9.044441,9.113758,9.183022,9.217640,9.183022,9.252239,9.252239,9.200333,9.044441,9.061775,9.183022,9.252239,9.286831,9.269539,9.338692,9.200333,9.009773,8.992432,8.940388,8.975086,9.027115,9.061775,9.096436,9.165710,9.217640,9.165710,9.200333,9.148392,9.165710,9.269539,9.304119,9.442345,9.442345,9.494129,9.528633,9.528633,9.494129,9.390537,9.407806,9.511379,9.494129,9.425079,9.528633,9.563126,9.649315,9.700993,9.718216,9.838661,10.096279,10.233398,10.182007,9.769852,9.304119,9.131081,9.096436,9.165710,9.165710,9.390537,9.494129,9.425079,9.304119,9.269539,9.234943,9.200333,9.286831,9.286831,9.355976,9.407806,9.511379,9.580376,9.666546,9.528633,9.735428,9.855862,9.855862,9.787056,9.838661,9.769852,9.769852,9.666546,9.804260,9.890244,9.855862,9.821461,9.924606,10.044807,10.113426,10.216270,10.061974,9.873051,9.718216,9.580376,9.528633,9.390537,9.476868,9.614849,9.511379,9.597610,9.614849,9.666546,9.666546,9.718216,9.821461,9.787056,9.907425,9.597610,9.545887,9.338692,9.355976,9.390537,9.304119,9.407806,9.373260,9.321407,9.442345,9.407806,9.442345,9.390537,9.407806,9.373260,9.390537,9.390537,9.494129,9.528633,9.459610,9.407806,9.407806,9.442345,9.390537,9.459610,9.425079,9.407806,9.338692,9.425079,9.321407,9.338692,9.425079,9.563126,9.700993,9.804260,9.838661,9.924606,9.476868,9.217640,9.165710,9.131081,9.079109,9.096436,9.183022,9.183022,9.165710,9.407806,9.338692,9.338692,9.390537,9.476868,9.528633,9.407806,9.563126,9.597610,9.632080,9.597610,9.735428,9.804260,9.838661,9.958965,9.976139,9.993317,10.044807,10.027649,9.976139,10.010487,10.027649,9.873051,9.855862,9.855862,9.873051,9.907425,9.958965,9.958965,9.890244,9.787056,9.666546,9.614849,9.683773,9.683773,9.545887,9.563126,9.511379,9.614849,9.528633,9.355976,9.597610,9.545887,9.873051,10.096279,9.976139,9.735428,9.494129,9.528633,9.511379,9.459610,9.476868,9.476868,9.355976,9.373260,9.286831,9.304119,9.373260,9.355976,9.355976,9.373260,9.476868,9.407806,9.407806,9.373260,9.476868,9.442345,9.476868,9.425079,9.580376,9.528633,9.459610,9.545887,9.528633,9.528633,9.649315,9.614849,9.580376,9.563126,9.632080,9.787056,9.735428,9.735428,9.649315,9.597610,9.511379,9.528633,9.545887,9.494129,9.597610,9.390537,9.511379,9.407806,9.545887,9.528633,9.442345,
7.331345,7.525059,7.630577,7.525059,7.560242,7.648148,7.612995,7.507469,7.454662,7.648148,7.788635,7.735977,7.806187,7.648148,7.525059,7.348972,7.260815,7.137272,7.172585,7.084278,7.101940,7.119606,7.154926,7.119606,7.190231,7.313717,7.313717,7.419441,7.384212,7.331345,7.366592,7.348972,7.419441,7.366592,7.401833,7.348972,7.348972,7.384212,7.366592,7.437057,7.437057,7.384212,7.366592,7.489868,7.753536,8.121536,8.191483,7.893879,7.542656,7.542656,7.454662,7.454662,7.507469,7.454662,7.472267,7.560242,7.560242,7.665718,7.630577,7.630577,7.525059,7.525059,7.595413,7.525059,7.648148,7.683289,7.806187,7.788635,7.753536,7.718422,7.841270,7.858810,7.823730,7.946465,7.928940,7.946465,7.999016,8.016525,8.191483,8.331230,8.331230,8.121536,8.034035,8.069046,8.034035,8.034035,8.034035,8.139027,8.086544,8.034035,8.051544,8.034035,8.016525,8.051544,8.139027,8.104042,8.435913,8.540497,8.418476,8.191483,7.999016,8.016525,7.893879,7.893879,7.946465,7.823730,7.876347,7.788635,7.911411,7.963982,7.946465,7.946465,7.911411,7.999016,7.946465,7.928940,7.893879,7.718422,7.735977,7.718422,7.735977,7.700855,7.648148,7.612995,7.683289,7.718422,7.630577,7.630577,7.630577,7.771088,7.999016,8.784096,8.870953,8.749332,8.313774,8.034035,8.156513,8.191483,8.139027,8.296310,8.331230,8.243912,8.331230,8.575333,8.697163,8.627563,8.627563,8.592743,8.679768,8.801476,8.870953,8.870953,8.731949,8.870953,9.009773,9.044441,8.992432,9.027115,9.027115,8.992432,8.923035,8.940388,8.766716,8.836220,9.044441,8.975086,9.079109,9.200333,9.027115,9.113758,9.044441,9.009773,8.957737,8.975086,8.853588,8.714558,8.644970,8.627563,8.540497,8.557915,8.505650,8.523075,8.470791,8.470791,8.540497,8.557915,8.610161,8.540497,8.383591,8.383591,8.383591,8.766716,9.165710,9.425079,9.079109,8.644970,8.453358,8.348686,8.313774,8.383591,8.243912,8.348686,8.243912,8.226437,8.261383,8.226437,8.401035,8.435913,8.523075,8.540497,9.217640,9.321407,9.217640,8.714558,8.575333,8.540497,8.557915,8.592743,8.679768,8.818848,8.697163,8.749332,8.731949,8.644970,8.644970,8.505650,8.610161,8.610161,8.610161,8.714558,8.749332,8.836220,8.975086,8.940388,9.079109,8.975086,8.923035,8.992432,8.923035,8.923035,8.853588,8.836220,8.836220,8.888317,8.975086,9.113758,9.373260,9.425079,9.373260,9.269539,9.113758,9.079109,8.957737,8.957737,9.131081,9.027115,8.923035,8.784096,8.749332,8.731949,8.888317,8.870953,9.113758,8.992432,9.131081,9.061775,8.905678,8.749332,8.644970,8.731949,8.679768,8.662369,8.557915,8.575333,8.592743,8.662369,8.627563,8.731949,8.749332,8.818848,8.714558,8.836220,8.644970,8.853588,8.870953,8.853588,8.818848,8.853588,9.044441,9.459610,9.683773,9.407806,8.818848,8.557915,8.557915,8.557915,8.540497,8.540497,8.523075,8.488220,8.523075,8.435913,8.488220,8.488220,8.523075,8.435913,8.435913,8.523075,8.557915,8.470791,8.435913,8.557915,8.575333,8.557915,8.627563,8.644970,8.627563,8.714558,8.697163,8.766716,8.697163,8.766716,8.801476,8.853588,8.853588,9.009773,9.769852,9.804260,9.787056,9.580376,9.407806,9.425079,9.442345,9.355976,9.407806,9.442345,9.459610,9.545887,9.528633,9.425079,9.614849,9.683773,9.700993,9.580376,9.321407,9.183022,9.373260,9.252239,9.390537,9.304119,9.355976,9.390537,9.614849,9.890244,9.873051,9.476868,9.407806,9.286831,9.200333,9.148392,9.269539,9.338692,9.321407,9.442345,9.476868,9.442345,9.459610,9.252239,9.286831,9.165710,9.234943,9.217640,9.217640,9.252239,9.234943,9.304119,9.200333,9.269539,9.269539,9.252239,9.165710,9.148392,9.131081,9.096436,9.148392,9.079109,9.009773,9.217640,9.700993,9.855862,9.632080,9.061775,8.975086,8.870953,8.784096,8.836220,8.940388,9.044441,8.975086,8.992432,8.905678,8.749332,8.731949,8.801476,8.644970,8.714558,8.818848,8.766716,8.697163,8.784096,8.801476,8.697163,8.818848,8.957737,9.009773,9.009773,9.009773,9.096436,9.165710,9.096436,9.113758,9.131081,9.200333,9.407806,9.804260,9.958965,10.044807,9.958965,9.890244,9.821461,9.752644,9.821461,9.752644,9.821461,9.718216,9.838661,9.855862,9.821461,9.804260,9.787056,9.958965,10.010487,10.113426,10.113426,9.735428,9.252239,9.183022,9.113758,9.165710,9.234943,9.338692,9.321407,9.321407,9.234943,9.200333,9.061775,9.131081,9.269539,9.096436,9.286831,9.373260,9.304119,9.355976,9.390537,9.407806,9.494129,9.494129,9.390537,9.269539,9.286831,9.200333,9.338692,9.286831,9.442345,9.476868,9.476868,9.580376,9.494129,9.838661,10.027649,10.096279,9.924606,9.563126,9.355976,9.200333,9.079109,9.165710,9.183022,9.252239,9.269539,9.304119,9.425079,9.442345,9.390537,9.390537,9.476868,9.580376,9.459610,9.459610,9.442345,9.442345,9.425079,9.407806,9.476868,9.511379,9.545887,9.580376,9.666546,9.649315,9.632080,9.580376,9.632080,9.597610,9.683773,9.700993,9.821461,9.855862,9.804260,9.700993,9.735428,9.649315,9.597610,9.580376,9.528633,9.545887,9.459610,9.442345,9.442345,9.476868,9.545887,9.632080,9.821461,9.873051,10.010487,9.958965,9.476868,9.183022,9.096436,9.113758,9.079109,9.131081,9.061775,9.200333,9.269539,9.252239,9.338692,9.321407,9.252239,9.234943,9.234943,9.234943,9.183022,9.217640,9.286831,9.338692,9.390537,9.459610,9.580376,9.614849,9.632080,9.511379,9.597610,9.718216,9.735428,9.769852,9.787056,9.821461,9.873051,9.976139,10.164867,10.233398,10.336117,10.216270,10.079128,9.958965,9.873051,9.907425,9.958965,9.976139,9.976139,9.941792,9.958965,9.890244,9.804260,9.666546,9.821461,9.958965,10.182007,10.147728,10.010487,9.890244,9.855862,9.804260,9.787056,9.838661,9.752644,9.632080,9.528633,9.476868,9.476868,9.442345,9.442345,9.407806,9.355976,9.373260,9.355976,9.390537,9.373260,9.459610,9.476868,9.459610,9.494129,9.545887,9.407806,9.459610,9.476868,9.355976,9.459610,9.476868,9.494129,9.442345,9.425079,9.442345,9.649315,9.787056,9.958965,9.597610,9.407806,9.217640,9.113758,9.183022,9.183022,9.113758,9.148392,9.217640,9.252239,9.355976,9.373260,9.476868,9.425079,
7.472267,7.207882,7.296085,7.348972,7.348972,7.366592,7.384212,7.419441,7.401833,7.507469,7.542656,7.542656,7.718422,7.595413,7.507469,7.454662,7.472267,7.384212,7.437057,7.419441,7.472267,7.437057,7.507469,7.489868,7.525059,7.560242,7.595413,7.648148,7.771088,7.648148,7.700855,7.683289,7.806187,7.700855,7.753536,7.665718,7.648148,7.630577,7.595413,7.577831,7.648148,7.542656,7.525059,7.683289,8.034035,8.191483,8.174004,8.016525,7.788635,7.630577,7.630577,7.489868,7.560242,7.525059,7.560242,7.630577,7.665718,7.612995,7.683289,7.577831,7.525059,7.630577,7.560242,7.612995,7.683289,7.630577,7.542656,7.560242,7.542656,7.630577,7.612995,7.648148,7.683289,7.771088,7.806187,7.771088,7.806187,7.771088,7.999016,8.418476,8.348686,8.121536,7.806187,7.753536,7.700855,7.700855,7.648148,7.806187,7.806187,7.876347,7.963982,7.893879,7.981499,7.946465,8.034035,8.086544,8.016525,8.139027,8.104042,8.069046,8.069046,8.121536,7.981499,8.139027,8.208961,8.261383,8.226437,8.191483,8.331230,8.348686,8.331230,8.348686,8.383591,8.488220,8.627563,8.627563,8.523075,8.401035,8.261383,8.243912,8.086544,8.016525,8.086544,7.963982,7.911411,7.893879,7.963982,7.876347,7.893879,7.928940,8.034035,8.749332,8.905678,8.749332,8.296310,8.139027,8.104042,8.191483,8.174004,8.191483,8.243912,8.313774,8.174004,8.418476,8.470791,8.383591,8.348686,8.401035,8.418476,8.470791,8.488220,8.348686,8.418476,8.523075,8.749332,8.818848,8.644970,8.697163,8.557915,8.627563,8.540497,8.470791,8.366138,8.523075,8.714558,8.905678,9.131081,9.148392,9.044441,8.801476,8.853588,8.870953,8.818848,8.975086,8.870953,8.836220,8.853588,8.853588,8.818848,8.888317,8.940388,8.905678,8.923035,8.975086,9.096436,9.061775,9.061775,9.009773,8.923035,8.853588,8.923035,9.131081,9.321407,9.200333,9.113758,9.044441,8.992432,8.905678,8.975086,8.905678,8.888317,8.870953,8.801476,8.766716,8.697163,8.766716,8.905678,8.870953,8.905678,8.992432,9.217640,9.425079,9.252239,8.940388,8.818848,8.766716,8.697163,8.923035,8.870953,8.905678,8.853588,8.870953,8.888317,8.818848,8.557915,8.592743,8.662369,8.575333,8.662369,8.610161,8.731949,8.836220,8.870953,8.888317,8.853588,8.801476,8.766716,8.714558,8.697163,8.731949,8.679768,8.644970,8.610161,8.627563,8.784096,8.940388,9.269539,9.580376,9.528633,9.252239,8.923035,8.784096,8.644970,8.575333,8.644970,8.644970,8.644970,8.714558,8.818848,8.923035,9.027115,8.853588,8.957737,9.148392,9.269539,9.425079,9.390537,9.009773,8.818848,8.731949,8.731949,8.905678,8.784096,8.714558,8.818848,8.818848,8.818848,8.818848,8.870953,8.975086,9.044441,9.009773,8.905678,8.905678,8.992432,8.940388,8.870953,8.870953,9.044441,9.321407,9.442345,9.442345,9.044441,8.784096,8.627563,8.697163,8.714558,8.766716,8.662369,8.714558,8.801476,8.766716,8.662369,8.714558,8.575333,8.557915,8.523075,8.470791,8.505650,8.575333,8.540497,8.644970,8.644970,8.575333,8.697163,8.697163,8.627563,8.644970,8.714558,8.731949,8.853588,8.905678,8.784096,8.888317,8.784096,9.027115,9.855862,10.061974,9.873051,9.373260,9.286831,9.234943,9.217640,9.009773,9.148392,9.148392,9.113758,9.234943,9.200333,9.286831,9.373260,9.476868,9.459610,9.390537,9.234943,9.148392,9.148392,9.200333,9.355976,9.442345,9.407806,9.390537,9.632080,9.700993,9.614849,9.649315,9.494129,9.321407,9.355976,9.338692,9.390537,9.597610,9.804260,9.821461,9.804260,9.632080,9.614849,9.545887,9.545887,9.459610,9.390537,9.355976,9.304119,9.286831,9.338692,9.304119,9.269539,9.321407,9.269539,9.321407,9.355976,9.338692,9.321407,9.338692,9.200333,9.217640,9.234943,9.476868,9.855862,9.838661,9.683773,8.957737,8.818848,8.818848,8.784096,8.818848,8.801476,8.697163,8.679768,8.575333,8.644970,8.627563,8.644970,8.627563,8.505650,8.592743,8.592743,8.662369,8.575333,8.662369,8.592743,8.679768,8.749332,8.836220,8.731949,8.818848,8.818848,8.766716,8.749332,8.662369,8.697163,8.697163,8.818848,9.027115,9.597610,10.096279,10.044807,9.958965,9.821461,9.855862,9.855862,9.855862,9.804260,9.855862,9.787056,9.907425,9.873051,9.855862,9.890244,9.976139,9.976139,10.113426,10.010487,10.027649,9.735428,9.528633,9.459610,9.338692,9.494129,9.407806,9.407806,9.390537,9.390537,9.425079,9.338692,9.269539,9.234943,9.321407,9.321407,9.425079,9.459610,9.407806,9.390537,9.407806,9.459610,9.425079,9.321407,9.269539,9.131081,9.113758,9.200333,9.234943,9.286831,9.321407,9.373260,9.321407,9.338692,9.355976,9.614849,9.958965,9.958965,9.769852,9.234943,9.200333,9.061775,9.009773,8.957737,9.044441,9.096436,9.217640,9.165710,9.252239,9.373260,9.234943,9.321407,9.234943,9.355976,9.286831,9.321407,9.390537,9.355976,9.234943,9.304119,9.200333,9.234943,9.321407,9.338692,9.338692,9.407806,9.459610,9.511379,9.563126,9.580376,9.528633,9.580376,9.941792,10.096279,10.010487,9.958965,9.924606,9.821461,9.838661,9.804260,9.769852,9.804260,9.752644,9.804260,9.666546,9.718216,9.752644,9.769852,9.924606,9.993317,10.010487,9.924606,9.580376,9.494129,9.476868,9.459610,9.407806,9.442345,9.494129,9.528633,9.425079,9.442345,9.269539,9.373260,9.373260,9.252239,9.286831,9.200333,9.286831,9.304119,9.373260,9.425079,9.563126,9.528633,9.476868,9.459610,9.425079,9.373260,9.373260,9.459610,9.338692,9.407806,9.390537,9.373260,9.373260,9.563126,10.182007,10.216270,10.182007,9.907425,9.787056,9.666546,9.700993,9.787056,9.683773,9.941792,9.838661,9.958965,10.010487,9.976139,9.890244,9.924606,9.976139,10.079128,10.079128,10.027649,10.010487,10.027649,9.821461,9.941792,9.924606,9.890244,9.873051,9.804260,9.804260,9.735428,9.752644,9.787056,9.787056,9.735428,9.683773,9.735428,9.735428,9.855862,9.873051,9.855862,9.838661,9.838661,9.873051,9.769852,9.597610,9.597610,9.597610,9.649315,9.666546,9.597610,9.528633,9.511379,9.683773,9.666546,9.855862,9.993317,9.873051,9.580376,9.234943,9.079109,9.027115,8.957737,9.009773,8.992432,8.975086,8.975086,9.131081,9.061775,9.079109,9.044441,9.009773,
6.995895,6.783474,6.801193,6.677101,6.783474,6.783474,6.712570,6.872036,6.836617,6.854328,7.137272,7.154926,7.260815,7.119606,7.066605,7.207882,7.331345,7.225533,7.313717,7.260815,7.366592,7.278450,7.366592,7.366592,7.384212,7.489868,7.542656,7.665718,7.648148,7.648148,7.753536,7.788635,7.823730,7.911411,7.806187,7.841270,7.683289,7.648148,7.665718,7.753536,7.806187,7.753536,7.841270,7.928940,7.999016,8.174004,8.226437,8.139027,8.016525,7.928940,7.963982,7.963982,7.911411,7.911411,7.946465,8.051544,7.999016,7.981499,7.999016,7.981499,7.858810,7.841270,7.858810,7.823730,7.788635,7.911411,7.893879,7.735977,7.806187,7.823730,7.788635,7.893879,7.823730,7.823730,7.718422,7.771088,7.788635,7.788635,7.893879,8.435913,8.470791,8.243912,7.823730,7.507469,7.595413,7.683289,7.595413,7.718422,7.788635,7.876347,7.963982,7.823730,7.858810,7.841270,7.876347,7.876347,7.893879,7.928940,7.911411,7.981499,8.034035,7.999016,8.034035,7.999016,8.104042,8.104042,8.139027,8.121536,8.243912,8.226437,8.313774,8.278851,8.401035,8.697163,9.113758,9.234943,9.061775,8.540497,8.523075,8.418476,8.435913,8.418476,8.453358,8.348686,8.366138,8.331230,8.470791,8.505650,8.488220,8.505650,8.662369,8.853588,8.870953,8.784096,8.470791,8.331230,8.401035,8.488220,8.383591,8.435913,8.488220,8.435913,8.418476,8.523075,8.627563,8.627563,8.610161,8.557915,8.627563,8.627563,8.592743,8.488220,8.453358,8.505650,8.679768,8.662369,8.592743,8.418476,8.470791,8.453358,8.435913,8.243912,8.243912,8.348686,8.366138,8.575333,9.096436,9.165710,8.784096,8.418476,8.383591,8.366138,8.383591,8.401035,8.401035,8.366138,8.401035,8.523075,8.523075,8.679768,8.714558,8.662369,8.644970,8.679768,8.801476,8.818848,8.853588,8.940388,8.853588,8.818848,8.888317,8.940388,9.027115,9.044441,9.061775,9.079109,9.061775,9.200333,9.131081,9.131081,9.200333,9.252239,9.269539,9.148392,9.183022,9.286831,9.304119,9.200333,9.131081,9.183022,9.338692,9.252239,9.200333,9.113758,9.234943,9.148392,9.217640,9.200333,9.148392,9.131081,9.286831,9.269539,9.217640,9.061775,9.079109,9.044441,9.027115,9.113758,9.044441,8.975086,8.940388,9.079109,9.252239,9.286831,9.269539,9.113758,8.992432,8.888317,8.923035,8.905678,8.836220,8.749332,8.801476,8.836220,8.923035,8.975086,9.442345,9.614849,9.597610,9.338692,8.923035,8.784096,8.610161,8.488220,8.557915,8.610161,8.505650,8.453358,8.523075,8.592743,8.505650,8.575333,8.592743,8.714558,9.148392,9.286831,9.321407,8.679768,8.383591,8.243912,8.313774,8.174004,8.226437,8.208961,8.383591,8.313774,8.348686,8.401035,8.418476,8.435913,8.470791,8.575333,8.627563,8.575333,8.627563,8.679768,8.575333,8.731949,8.731949,8.818848,8.905678,8.923035,8.923035,8.818848,8.836220,8.836220,8.957737,8.905678,8.905678,9.009773,9.321407,9.338692,9.252239,8.957737,9.027115,8.957737,8.853588,8.853588,8.870953,8.905678,8.940388,8.940388,8.940388,8.923035,8.818848,8.801476,8.784096,8.836220,8.957737,8.905678,9.009773,8.940388,8.992432,8.940388,8.870953,9.079109,9.769852,9.941792,9.752644,9.373260,9.183022,9.217640,9.148392,9.113758,9.148392,9.113758,9.148392,9.183022,9.061775,9.148392,9.044441,9.096436,9.217640,9.200333,9.061775,9.009773,9.079109,9.183022,9.200333,9.148392,9.234943,9.217640,9.321407,9.425079,9.234943,9.373260,9.286831,8.957737,8.836220,8.992432,9.044441,9.286831,9.769852,9.821461,9.683773,9.373260,9.252239,9.234943,9.200333,9.165710,9.096436,9.113758,9.234943,9.217640,9.096436,9.183022,9.148392,9.217640,9.148392,9.234943,9.338692,9.390537,9.442345,9.494129,9.321407,9.545887,9.632080,9.700993,9.752644,9.683773,9.442345,9.027115,9.027115,8.923035,8.818848,8.905678,8.940388,8.801476,8.818848,8.749332,8.870953,8.905678,8.697163,8.697163,8.610161,8.662369,8.627563,8.662369,8.644970,8.627563,8.610161,8.714558,8.853588,8.784096,8.784096,8.801476,8.784096,8.714558,8.679768,8.714558,8.697163,8.731949,8.697163,8.923035,9.632080,9.924606,9.924606,9.580376,9.545887,9.545887,9.528633,9.511379,9.494129,9.563126,9.649315,9.563126,9.683773,9.700993,9.666546,9.700993,9.666546,9.907425,9.821461,9.787056,9.735428,9.752644,9.700993,9.683773,9.597610,9.683773,9.632080,9.632080,9.528633,9.614849,9.528633,9.459610,9.511379,9.563126,9.563126,9.735428,9.838661,9.873051,9.769852,9.563126,9.442345,9.511379,9.459610,9.338692,9.269539,9.148392,9.217640,9.338692,9.252239,9.355976,9.304119,9.234943,9.269539,9.304119,9.614849,9.838661,9.873051,9.511379,9.217640,9.079109,9.061775,9.027115,9.079109,9.061775,9.183022,9.183022,9.217640,9.217640,9.252239,9.217640,9.165710,9.217640,9.200333,9.131081,9.165710,8.992432,9.131081,9.009773,9.027115,9.027115,9.096436,9.131081,9.096436,8.975086,9.061775,9.044441,8.992432,9.113758,8.975086,9.286831,9.355976,10.130581,10.061974,9.976139,9.769852,9.494129,9.355976,9.390537,9.407806,9.459610,9.442345,9.459610,9.597610,9.597610,9.683773,9.787056,9.700993,9.787056,9.855862,9.924606,9.821461,9.614849,9.614849,9.494129,9.649315,9.700993,9.735428,9.787056,9.769852,9.735428,9.700993,9.649315,9.752644,9.580376,9.545887,9.597610,9.580376,9.683773,9.769852,9.752644,9.718216,9.769852,9.769852,9.666546,9.649315,9.476868,9.511379,9.442345,9.459610,9.355976,9.390537,9.355976,9.425079,9.528633,9.683773,10.199139,10.370338,9.941792,9.752644,9.528633,9.390537,9.528633,9.563126,9.632080,9.580376,9.700993,9.614849,9.632080,9.614849,9.528633,9.683773,9.580376,9.597610,9.580376,9.649315,9.752644,9.649315,9.683773,9.718216,9.769852,9.787056,9.649315,9.563126,9.614849,9.632080,9.683773,9.632080,9.666546,9.752644,9.700993,9.700993,9.787056,9.958965,10.147728,10.096279,10.079128,10.113426,9.941792,9.787056,9.855862,9.924606,9.890244,9.855862,9.924606,9.958965,9.993317,9.735428,9.890244,9.976139,10.010487,9.890244,9.804260,9.597610,9.338692,9.217640,9.234943,9.079109,9.061775,9.027115,8.992432,9.079109,9.148392,9.027115,9.044441,8.975086,8.992432,
6.960518,6.907440,6.552864,6.481804,6.481804,6.552864,6.712570,6.588379,6.694839,6.712570,6.765751,6.748028,6.765751,6.854328,6.801193,6.783474,6.942829,6.854328,6.854328,6.818905,6.818905,6.995895,7.084278,6.978207,6.995895,7.154926,7.172585,7.048931,7.119606,7.190231,7.313717,7.366592,7.700855,7.771088,7.630577,7.489868,7.348972,7.296085,7.296085,7.348972,7.472267,7.507469,7.630577,7.595413,7.683289,7.788635,7.788635,7.876347,7.981499,8.034035,7.999016,8.086544,8.139027,8.191483,8.226437,8.069046,8.139027,8.174004,8.243912,8.208961,8.156513,8.174004,8.208961,8.156513,8.278851,8.226437,8.243912,8.296310,8.226437,8.156513,8.226437,8.086544,8.156513,8.174004,8.208961,8.191483,8.086544,8.104042,8.191483,8.592743,8.644970,8.557915,8.086544,7.876347,7.893879,7.946465,7.858810,7.893879,7.999016,8.191483,8.156513,8.016525,7.981499,8.051544,8.139027,8.156513,8.139027,8.086544,7.946465,7.893879,7.893879,7.911411,8.139027,8.174004,8.208961,8.296310,8.243912,8.261383,8.261383,8.139027,8.086544,8.156513,8.366138,8.731949,9.234943,9.425079,9.113758,8.592743,8.366138,8.331230,8.331230,8.278851,8.331230,8.278851,8.348686,8.453358,8.296310,8.470791,8.575333,8.523075,8.592743,8.575333,8.575333,8.592743,8.505650,8.610161,8.644970,8.557915,8.592743,8.627563,8.679768,8.644970,8.697163,8.714558,8.714558,8.784096,8.801476,8.818848,9.009773,9.027115,8.975086,8.836220,8.679768,8.731949,8.888317,8.888317,8.697163,8.610161,8.592743,8.557915,8.488220,8.366138,8.261383,8.435913,8.540497,8.940388,9.131081,9.148392,8.905678,8.470791,8.383591,8.366138,8.383591,8.313774,8.348686,8.243912,8.296310,8.366138,8.401035,8.523075,8.557915,8.557915,8.523075,8.592743,8.766716,8.644970,8.679768,8.644970,8.575333,8.644970,8.540497,8.610161,8.575333,8.610161,8.679768,8.749332,8.714558,8.818848,8.749332,8.836220,9.027115,9.269539,9.390537,9.131081,9.079109,9.061775,9.079109,8.975086,8.888317,8.923035,8.923035,8.853588,8.870953,8.801476,8.870953,8.923035,9.061775,9.200333,8.975086,9.096436,9.044441,9.044441,9.200333,9.234943,9.286831,9.286831,9.269539,9.252239,9.200333,9.148392,9.148392,9.338692,9.338692,9.390537,9.425079,9.425079,9.373260,9.494129,9.649315,9.563126,9.511379,9.338692,9.407806,9.407806,9.183022,9.390537,9.563126,9.683773,9.718216,9.580376,9.044441,8.818848,8.662369,8.627563,8.610161,8.557915,8.644970,8.627563,8.575333,8.523075,8.592743,8.557915,8.575333,8.644970,9.009773,9.321407,9.321407,8.923035,8.261383,8.226437,8.191483,8.208961,8.191483,8.243912,8.278851,8.261383,8.278851,8.261383,8.208961,8.331230,8.243912,8.331230,8.313774,8.331230,8.278851,8.191483,8.226437,8.191483,8.313774,8.383591,8.366138,8.313774,8.488220,8.470791,8.453358,8.662369,8.505650,8.523075,8.505650,8.870953,9.459610,9.614849,9.545887,9.061775,9.061775,9.079109,9.079109,9.079109,9.079109,9.079109,9.096436,9.079109,9.096436,9.113758,9.131081,9.113758,9.183022,9.217640,9.442345,9.476868,9.425079,9.459610,9.269539,9.234943,9.200333,9.459610,9.890244,9.958965,9.804260,9.666546,9.407806,9.425079,9.442345,9.459610,9.425079,9.442345,9.252239,9.355976,9.234943,9.096436,9.269539,9.113758,9.113758,9.148392,9.113758,9.183022,9.217640,9.131081,9.148392,9.234943,9.269539,9.200333,9.200333,9.304119,9.373260,9.425079,9.113758,8.905678,8.940388,8.923035,9.027115,9.252239,9.855862,9.993317,9.907425,9.165710,8.801476,8.801476,8.749332,8.818848,8.836220,8.714558,8.731949,8.784096,8.731949,8.801476,8.714558,8.749332,8.888317,8.853588,9.061775,9.079109,9.061775,9.183022,9.200333,9.234943,9.286831,9.355976,9.252239,9.217640,9.183022,9.148392,9.096436,9.200333,9.131081,9.234943,9.252239,9.234943,9.321407,9.425079,9.476868,9.528633,9.252239,9.096436,8.957737,8.992432,8.923035,8.975086,8.975086,9.027115,9.113758,9.096436,9.027115,9.113758,9.009773,9.113758,9.061775,8.957737,8.992432,8.940388,8.836220,8.784096,8.923035,9.113758,9.821461,9.958965,9.787056,9.494129,9.459610,9.390537,9.407806,9.425079,9.425079,9.528633,9.442345,9.511379,9.494129,9.563126,9.580376,9.614849,9.649315,9.614849,9.666546,9.683773,9.735428,9.718216,9.735428,9.632080,9.545887,9.494129,9.563126,9.580376,9.580376,9.580376,9.511379,9.390537,9.476868,9.390537,9.494129,9.649315,10.044807,10.010487,9.873051,9.649315,9.528633,9.407806,9.355976,9.373260,9.338692,9.304119,9.442345,9.476868,9.407806,9.407806,9.373260,9.407806,9.407806,9.563126,9.752644,9.769852,9.700993,9.425079,9.355976,9.304119,9.217640,9.234943,9.355976,9.390537,9.528633,9.355976,9.390537,9.304119,9.390537,9.321407,9.355976,9.304119,9.390537,9.321407,9.234943,9.217640,9.131081,9.165710,9.165710,9.148392,9.200333,8.992432,9.079109,8.957737,8.992432,8.992432,8.923035,9.027115,9.096436,9.044441,9.494129,9.976139,10.044807,9.821461,9.338692,9.234943,9.217640,9.165710,9.148392,9.096436,9.200333,9.217640,9.165710,9.148392,9.217640,9.113758,9.148392,9.355976,9.390537,9.338692,9.304119,9.217640,9.252239,9.355976,9.355976,9.338692,9.425079,9.355976,9.425079,9.614849,9.735428,9.597610,9.632080,9.580376,9.666546,9.614849,9.838661,10.079128,10.216270,10.147728,10.250530,10.113426,10.147728,10.147728,9.993317,9.924606,9.838661,9.787056,9.752644,9.735428,9.821461,9.683773,9.683773,9.804260,10.233398,10.267654,10.199139,9.958965,9.890244,9.649315,9.614849,9.649315,9.632080,9.649315,9.563126,9.597610,9.459610,9.373260,9.494129,9.425079,9.476868,9.476868,9.390537,9.476868,9.545887,9.528633,9.597610,9.563126,9.528633,9.563126,9.494129,9.390537,9.511379,9.494129,9.511379,9.442345,9.425079,9.459610,9.476868,9.442345,9.373260,9.580376,10.199139,10.164867,10.250530,9.976139,9.838661,9.787056,9.752644,9.718216,9.769852,9.821461,9.769852,9.941792,9.976139,9.941792,9.907425,9.924606,9.941792,9.821461,9.787056,9.683773,9.666546,9.528633,9.407806,9.373260,9.321407,9.252239,9.234943,9.373260,9.234943,9.131081,9.096436,9.061775,9.009773,9.079109,
6.783474,6.606125,6.570625,6.481804,6.535103,6.570625,6.694839,6.677101,6.588379,6.765751,6.748028,6.783474,6.801193,6.783474,6.818905,6.836617,6.818905,6.748028,6.730297,6.694839,6.765751,6.748028,6.818905,6.889732,6.960518,6.889732,6.889732,6.889732,6.978207,6.801193,6.889732,7.066605,7.278450,7.648148,7.525059,7.207882,7.119606,6.942829,7.013577,6.942829,7.190231,7.225533,7.172585,7.296085,7.296085,7.243172,7.225533,7.366592,7.489868,7.437057,7.560242,7.454662,7.630577,7.630577,7.665718,7.577831,7.806187,7.858810,7.788635,7.858810,7.893879,7.911411,7.981499,7.999016,8.156513,8.261383,8.348686,8.296310,8.104042,7.823730,8.016525,7.858810,8.086544,8.104042,8.156513,8.139027,8.261383,8.174004,8.296310,8.470791,8.557915,8.540497,8.401035,8.348686,8.313774,8.401035,8.366138,8.313774,8.592743,8.627563,8.575333,8.697163,8.662369,8.662369,8.488220,8.697163,8.662369,8.644970,8.505650,8.557915,8.418476,8.540497,8.731949,8.697163,8.766716,8.766716,8.870953,8.836220,8.749332,8.575333,8.627563,8.627563,8.731949,9.096436,9.355976,9.476868,9.269539,8.488220,8.226437,8.191483,8.121536,8.104042,8.121536,8.191483,8.278851,8.278851,8.366138,8.383591,8.505650,8.488220,8.418476,8.313774,8.383591,8.505650,8.505650,8.540497,8.505650,8.627563,8.662369,8.610161,8.557915,8.575333,8.540497,8.610161,8.557915,8.575333,8.610161,8.888317,9.113758,9.252239,9.304119,9.096436,8.940388,8.870953,8.888317,8.853588,8.784096,8.818848,8.818848,8.870953,8.836220,8.575333,8.523075,8.888317,9.148392,9.061775,9.079109,9.131081,9.113758,8.853588,8.714558,8.749332,8.697163,8.575333,8.505650,8.540497,8.488220,8.523075,8.697163,8.749332,8.784096,8.610161,8.662369,8.731949,8.766716,8.818848,8.749332,8.644970,8.592743,8.592743,8.523075,8.592743,8.627563,8.540497,8.644970,8.610161,8.557915,8.644970,8.662369,8.679768,8.766716,9.165710,9.200333,9.009773,8.749332,8.731949,8.679768,8.592743,8.662369,8.679768,8.644970,8.557915,8.662369,8.610161,8.557915,8.662369,8.662369,8.627563,8.644970,8.540497,8.575333,8.592743,8.697163,8.818848,8.905678,8.905678,8.801476,8.766716,8.766716,8.853588,8.923035,8.905678,8.957737,8.957737,9.079109,9.079109,9.390537,9.700993,9.735428,9.683773,9.459610,9.632080,9.597610,9.476868,9.528633,9.632080,9.580376,9.597610,9.580376,9.476868,9.183022,9.165710,9.113758,9.061775,9.096436,9.079109,9.044441,8.975086,9.044441,9.027115,9.079109,9.009773,9.044441,9.079109,9.269539,9.476868,9.528633,9.148392,8.818848,8.749332,8.749332,8.784096,8.801476,8.766716,8.801476,8.905678,8.836220,8.766716,8.627563,8.610161,8.627563,8.592743,8.627563,8.627563,8.435913,8.435913,8.383591,8.383591,8.313774,8.331230,8.366138,8.470791,8.453358,8.401035,8.453358,8.435913,8.470791,8.435913,8.435913,8.784096,9.528633,9.614849,9.597610,9.027115,8.957737,8.818848,8.818848,8.853588,8.818848,8.940388,8.905678,8.923035,8.836220,8.975086,9.061775,9.096436,9.113758,9.113758,9.580376,9.700993,9.752644,9.511379,9.425079,9.321407,9.390537,9.407806,9.666546,9.735428,9.614849,9.545887,9.597610,9.752644,9.735428,9.769852,9.683773,9.666546,9.735428,9.769852,9.718216,9.769852,9.700993,9.683773,9.580376,9.545887,9.683773,9.632080,9.700993,9.580376,9.649315,9.580376,9.597610,9.580376,9.373260,9.442345,9.425079,9.476868,9.338692,9.148392,9.183022,9.148392,9.217640,9.304119,9.941792,9.924606,9.752644,9.131081,8.957737,8.766716,8.784096,8.801476,8.714558,8.644970,8.697163,8.714558,8.714558,8.731949,8.714558,8.784096,8.784096,8.714558,8.853588,8.940388,8.853588,8.801476,8.784096,8.714558,8.714558,8.784096,8.801476,8.766716,8.888317,8.923035,8.853588,8.905678,8.957737,9.079109,9.131081,9.096436,9.113758,9.459610,9.649315,9.804260,9.355976,8.992432,8.975086,8.940388,9.061775,8.975086,8.957737,9.096436,9.252239,9.286831,9.113758,9.183022,9.286831,9.286831,9.183022,9.355976,9.269539,9.079109,9.113758,9.183022,9.200333,9.459610,9.632080,9.718216,9.528633,9.338692,9.459610,9.373260,9.355976,9.494129,9.528633,9.511379,9.494129,9.494129,9.632080,9.700993,9.666546,9.545887,9.614849,9.632080,9.614849,9.597610,9.545887,9.597610,9.597610,9.511379,9.407806,9.476868,9.476868,9.442345,9.528633,9.528633,9.476868,9.528633,9.390537,9.511379,9.511379,9.804260,9.907425,9.976139,9.597610,9.321407,9.183022,9.217640,9.234943,9.252239,9.234943,9.286831,9.286831,9.321407,9.200333,9.269539,9.286831,9.217640,9.252239,9.286831,9.390537,9.373260,9.304119,9.286831,9.338692,9.338692,9.425079,9.442345,9.425079,9.494129,9.425079,9.459610,9.494129,9.528633,9.563126,9.597610,9.649315,9.666546,9.700993,9.804260,9.735428,9.614849,9.494129,9.459610,9.373260,9.442345,9.355976,9.321407,9.183022,9.113758,9.096436,9.183022,9.113758,9.009773,9.113758,9.148392,9.718216,9.838661,9.924606,9.614849,9.234943,9.217640,9.200333,9.061775,9.148392,9.131081,9.165710,9.165710,9.183022,9.096436,9.009773,9.061775,9.044441,9.234943,9.148392,9.009773,9.044441,9.009773,8.957737,8.957737,8.975086,8.992432,8.905678,9.027115,9.027115,9.009773,9.096436,9.079109,9.044441,9.044441,9.183022,9.321407,9.580376,10.147728,10.250530,10.130581,10.027649,10.096279,10.113426,10.010487,9.907425,9.924606,9.838661,9.907425,9.958965,9.890244,9.787056,9.890244,9.993317,10.010487,10.027649,10.027649,10.027649,9.924606,9.855862,9.838661,9.873051,9.924606,9.890244,9.821461,9.787056,9.804260,9.649315,9.580376,9.666546,9.614849,9.718216,9.614849,9.649315,9.632080,9.735428,9.787056,9.718216,9.649315,9.666546,9.666546,9.614849,9.597610,9.614849,9.632080,9.511379,9.390537,9.425079,9.338692,9.390537,9.234943,9.494129,9.666546,10.250530,10.267654,10.182007,9.769852,9.425079,9.407806,9.321407,9.390537,9.407806,9.442345,9.390537,9.442345,9.666546,9.563126,9.511379,9.528633,9.563126,9.459610,9.425079,9.425079,9.459610,9.476868,9.407806,9.338692,9.390537,9.407806,9.373260,9.528633,9.338692,9.252239,9.321407,9.338692,9.304119,9.338692,
6.570625,6.357342,6.428486,6.392914,6.446259,6.481804,6.588379,6.606125,6.677101,6.677101,6.854328,6.818905,6.854328,6.925133,7.013577,6.889732,6.872036,6.818905,6.818905,6.765751,6.818905,6.836617,6.925133,6.995895,7.013577,6.889732,6.995895,6.942829,6.942829,6.978207,7.031254,7.137272,7.331345,7.472267,7.507469,7.296085,7.190231,7.190231,7.013577,6.995895,7.119606,7.172585,7.119606,7.243172,7.225533,7.119606,7.278450,7.243172,7.243172,7.260815,7.190231,7.278450,7.207882,7.296085,7.119606,7.331345,7.348972,7.401833,7.560242,7.525059,7.489868,7.560242,7.525059,7.560242,7.630577,8.016525,8.086544,8.156513,7.841270,7.542656,7.525059,7.401833,7.489868,7.560242,7.507469,7.612995,7.665718,7.648148,7.735977,7.876347,7.999016,8.069046,8.139027,8.191483,8.139027,8.243912,8.313774,8.313774,8.435913,8.453358,8.540497,8.575333,8.627563,8.697163,8.644970,8.766716,8.749332,8.697163,8.766716,8.853588,9.044441,9.183022,9.252239,9.286831,9.338692,9.338692,9.321407,9.355976,9.373260,9.355976,9.234943,8.940388,9.234943,9.407806,9.580376,9.614849,9.321407,8.731949,8.540497,8.470791,8.453358,8.435913,8.401035,8.401035,8.383591,8.575333,8.731949,8.731949,8.766716,8.679768,8.627563,8.453358,8.575333,8.488220,8.610161,8.610161,8.627563,8.488220,8.523075,8.470791,8.523075,8.470791,8.435913,8.435913,8.488220,8.488220,8.575333,8.679768,9.061775,9.286831,9.425079,9.096436,8.679768,8.505650,8.453358,8.540497,8.644970,8.627563,8.644970,8.575333,8.644970,8.575333,8.592743,8.557915,8.575333,8.749332,8.853588,8.853588,8.888317,8.749332,8.853588,8.784096,8.836220,8.766716,8.870953,8.714558,8.731949,8.870953,8.992432,8.992432,8.992432,9.044441,8.905678,9.113758,9.217640,9.148392,9.183022,9.044441,8.905678,8.766716,8.697163,8.731949,8.731949,8.714558,8.731949,8.714558,8.749332,8.697163,8.766716,8.784096,8.644970,8.888317,9.252239,9.131081,8.610161,8.488220,8.575333,8.592743,8.662369,8.523075,8.610161,8.575333,8.523075,8.557915,8.610161,8.627563,8.644970,8.540497,8.610161,8.523075,8.488220,8.505650,8.523075,8.488220,8.644970,8.679768,8.610161,8.505650,8.644970,8.592743,8.644970,8.714558,8.749332,8.592743,8.610161,8.697163,8.905678,9.614849,9.614849,9.494129,9.234943,9.234943,9.286831,9.304119,9.217640,9.113758,9.269539,9.407806,9.304119,9.217640,9.096436,9.096436,9.200333,9.183022,9.079109,9.148392,9.183022,9.113758,9.183022,9.200333,9.234943,9.148392,9.269539,9.286831,9.321407,9.442345,9.407806,9.373260,9.407806,9.442345,9.476868,9.545887,9.614849,9.614849,9.649315,9.666546,9.563126,9.580376,9.494129,9.355976,9.442345,9.442345,9.442345,9.234943,9.234943,9.113758,9.234943,9.148392,9.165710,9.096436,9.079109,9.061775,9.044441,8.905678,8.957737,8.888317,8.975086,8.853588,8.784096,9.079109,9.632080,9.700993,9.563126,8.975086,8.888317,8.905678,8.940388,8.905678,8.888317,8.853588,8.836220,8.836220,8.853588,8.870953,8.905678,8.836220,8.870953,8.940388,9.355976,9.752644,9.683773,9.252239,8.940388,8.975086,9.044441,9.321407,9.511379,9.355976,9.355976,9.338692,9.269539,9.304119,9.234943,9.304119,9.355976,9.338692,9.442345,9.407806,9.580376,9.769852,9.683773,9.752644,9.632080,9.597610,9.752644,9.666546,9.718216,9.804260,9.735428,9.700993,9.769852,9.735428,9.597610,9.597610,9.632080,9.683773,9.787056,9.769852,9.649315,9.528633,9.511379,9.494129,9.907425,9.718216,9.666546,9.494129,9.269539,9.061775,9.061775,8.975086,8.923035,8.940388,9.027115,9.096436,9.113758,9.044441,8.975086,8.940388,8.923035,9.009773,9.044441,8.975086,8.888317,8.905678,8.784096,8.731949,8.714558,8.749332,8.714558,8.784096,8.766716,8.766716,8.784096,8.818848,8.888317,8.870953,8.940388,8.957737,8.905678,9.355976,9.821461,9.855862,9.373260,8.853588,8.818848,8.731949,8.731949,8.784096,8.697163,8.714558,8.818848,8.940388,8.888317,9.027115,9.131081,9.131081,9.286831,9.200333,9.252239,9.061775,9.200333,9.113758,9.113758,9.252239,9.269539,9.234943,9.183022,9.234943,9.321407,9.252239,9.355976,9.459610,9.494129,9.494129,9.442345,9.614849,9.649315,9.873051,9.907425,9.735428,9.718216,9.528633,9.528633,9.528633,9.494129,9.528633,9.425079,9.442345,9.459610,9.476868,9.407806,9.494129,9.511379,9.545887,9.476868,9.442345,9.390537,9.407806,9.459610,9.838661,9.907425,9.873051,9.459610,9.304119,9.165710,9.234943,9.165710,9.148392,9.183022,9.079109,9.148392,9.200333,9.061775,9.217640,9.217640,9.131081,9.200333,9.183022,9.113758,9.131081,9.027115,9.200333,9.044441,9.079109,9.009773,9.096436,9.148392,9.165710,9.269539,9.269539,9.286831,9.355976,9.286831,9.459610,9.476868,9.545887,9.855862,9.941792,9.787056,9.597610,9.511379,9.442345,9.459610,9.355976,9.407806,9.373260,9.390537,9.373260,9.390537,9.390537,9.304119,9.286831,9.321407,9.373260,9.614849,9.752644,9.649315,9.459610,9.269539,9.373260,9.373260,9.183022,9.252239,9.286831,9.355976,9.373260,9.165710,9.113758,9.113758,9.113758,9.061775,9.113758,9.148392,9.113758,9.131081,9.148392,9.044441,8.940388,8.975086,8.940388,8.923035,8.957737,9.009773,9.009773,8.992432,8.975086,8.957737,9.044441,9.079109,9.183022,9.459610,10.182007,10.147728,9.821461,9.735428,9.666546,9.735428,9.597610,9.632080,9.580376,9.683773,9.683773,9.683773,9.735428,9.804260,9.632080,9.666546,9.718216,9.787056,9.735428,9.838661,9.735428,9.804260,9.718216,9.838661,9.821461,9.838661,9.735428,9.907425,9.873051,9.838661,9.752644,9.838661,9.907425,9.924606,9.993317,10.182007,10.233398,10.216270,10.233398,10.182007,9.993317,9.941792,9.993317,10.027649,9.924606,9.976139,9.907425,9.855862,9.700993,9.632080,9.528633,9.563126,9.649315,9.769852,10.044807,10.182007,10.164867,9.993317,9.563126,9.286831,9.269539,9.269539,9.321407,9.269539,9.304119,9.234943,9.373260,9.321407,9.304119,9.269539,9.252239,9.252239,9.252239,9.113758,9.234943,9.269539,9.269539,9.217640,9.200333,9.217640,9.269539,9.183022,9.200333,9.252239,9.217640,9.200333,9.252239,9.183022,9.217640,
6.268349,6.197094,6.232731,6.303955,6.410706,6.464035,6.410706,6.552864,6.517342,6.570625,6.499577,6.623875,6.801193,6.995895,7.084278,6.942829,6.818905,6.765751,6.836617,6.889732,6.836617,6.783474,6.801193,6.872036,6.836617,6.889732,6.942829,6.925133,6.925133,6.995895,7.066605,6.925133,7.225533,7.296085,7.331345,7.172585,7.137272,7.154926,7.207882,7.172585,7.154926,7.172585,7.313717,7.313717,7.366592,7.278450,7.296085,7.296085,7.313717,7.313717,7.296085,7.225533,7.278450,7.313717,7.278450,7.313717,7.296085,7.331345,7.419441,7.366592,7.384212,7.437057,7.437057,7.384212,7.419441,7.648148,8.034035,8.069046,7.963982,7.560242,7.401833,7.366592,7.348972,7.348972,7.454662,7.419441,7.472267,7.542656,7.577831,7.683289,7.612995,7.665718,7.735977,7.665718,7.665718,7.771088,7.718422,7.735977,7.823730,7.981499,8.104042,7.963982,8.016525,7.963982,8.086544,8.034035,8.208961,8.208961,8.191483,8.505650,8.888317,9.286831,9.217640,9.009773,9.009773,9.061775,9.200333,9.252239,9.355976,9.252239,9.200333,9.096436,9.252239,9.390537,9.459610,9.407806,9.355976,9.131081,9.061775,8.975086,8.975086,9.027115,9.113758,9.044441,9.113758,9.200333,9.355976,9.269539,9.096436,9.183022,9.061775,9.027115,8.957737,8.870953,8.853588,8.888317,8.801476,8.905678,8.853588,8.853588,8.853588,8.818848,8.784096,8.714558,8.662369,8.592743,8.557915,8.575333,8.801476,9.200333,9.373260,9.165710,8.610161,8.488220,8.401035,8.557915,8.470791,8.523075,8.557915,8.505650,8.488220,8.453358,8.453358,8.435913,8.435913,8.540497,8.610161,8.592743,8.697163,8.697163,8.662369,8.679768,8.592743,8.662369,8.627563,8.610161,8.540497,8.470791,8.470791,8.470791,8.662369,8.523075,8.853588,9.061775,9.355976,9.355976,9.200333,8.940388,8.975086,8.923035,8.888317,8.940388,8.923035,8.957737,8.940388,8.888317,8.836220,8.888317,8.888317,8.870953,8.714558,8.870953,9.148392,9.113758,8.853588,8.749332,8.697163,8.731949,8.714558,8.714558,8.679768,8.714558,8.801476,8.853588,9.044441,9.079109,8.975086,8.888317,8.888317,8.784096,8.714558,8.575333,8.540497,8.575333,8.662369,8.679768,8.557915,8.627563,8.766716,8.870953,8.870953,8.801476,8.766716,8.644970,8.592743,8.662369,8.870953,9.528633,9.718216,9.632080,9.321407,9.131081,9.113758,8.975086,8.957737,9.027115,9.183022,9.286831,9.252239,9.234943,9.027115,9.044441,9.009773,9.009773,8.923035,8.888317,8.836220,8.870953,9.027115,9.027115,9.096436,9.079109,8.836220,8.853588,8.957737,9.009773,9.027115,9.200333,9.200333,9.148392,9.390537,9.580376,9.804260,9.821461,9.769852,9.597610,9.442345,9.563126,9.580376,9.511379,9.545887,9.511379,9.597610,9.459610,9.407806,9.494129,9.614849,9.614849,9.700993,9.683773,9.700993,9.700993,9.752644,9.614849,9.580376,9.597610,9.683773,9.511379,9.528633,9.649315,9.787056,9.855862,9.700993,9.459610,9.442345,9.286831,9.373260,9.286831,9.183022,9.113758,9.148392,9.113758,9.096436,8.957737,9.061775,8.923035,9.027115,9.079109,9.597610,9.821461,9.752644,9.061775,8.940388,9.009773,9.148392,9.442345,9.511379,9.183022,9.165710,9.061775,9.113758,9.113758,9.079109,9.009773,9.044441,9.027115,9.079109,9.131081,9.234943,9.286831,9.148392,9.096436,9.113758,9.217640,9.183022,9.321407,9.200333,9.217640,9.165710,9.148392,9.183022,9.165710,9.009773,9.027115,9.269539,9.769852,9.821461,9.976139,9.614849,9.286831,9.286831,9.234943,9.304119,9.511379,9.459610,9.338692,9.269539,9.148392,9.148392,8.992432,9.131081,9.286831,9.442345,9.580376,9.666546,9.700993,9.614849,9.459610,9.528633,9.425079,9.373260,9.304119,9.113758,9.061775,8.975086,8.940388,8.975086,9.061775,9.113758,9.044441,9.027115,8.992432,8.975086,9.027115,9.096436,9.096436,9.113758,9.027115,9.148392,9.614849,9.838661,9.924606,9.338692,8.940388,8.888317,8.905678,8.818848,8.853588,8.905678,8.853588,8.923035,9.044441,9.165710,9.113758,9.148392,9.131081,9.165710,9.200333,9.148392,9.061775,9.165710,9.148392,9.183022,9.165710,9.113758,9.096436,9.165710,9.131081,9.234943,9.200333,9.269539,9.304119,9.321407,9.131081,9.217640,9.304119,9.769852,9.890244,9.958965,9.838661,9.476868,9.338692,9.321407,9.373260,9.373260,9.373260,9.476868,9.476868,9.528633,9.511379,9.649315,9.580376,9.666546,9.597610,9.563126,9.545887,9.511379,9.545887,9.580376,9.838661,9.804260,9.597610,9.373260,9.252239,9.252239,9.304119,9.286831,9.286831,9.286831,9.183022,9.183022,9.286831,9.217640,9.321407,9.321407,9.286831,9.390537,9.304119,9.234943,9.113758,8.992432,9.061775,9.096436,9.044441,9.079109,9.061775,9.061775,9.044441,9.027115,9.113758,9.113758,9.183022,9.183022,9.269539,9.355976,9.459610,9.804260,9.907425,9.597610,9.304119,9.321407,9.407806,9.321407,9.252239,9.217640,9.200333,9.200333,9.217640,9.234943,9.355976,9.286831,9.269539,9.234943,9.338692,9.338692,9.355976,9.338692,9.304119,9.252239,9.286831,9.217640,9.200333,9.234943,9.321407,9.321407,9.269539,9.234943,9.200333,9.217640,9.200333,9.321407,9.321407,9.511379,9.459610,9.442345,9.373260,9.338692,9.113758,9.044441,9.009773,9.096436,9.061775,9.096436,9.096436,9.113758,9.096436,9.079109,9.079109,9.148392,9.373260,9.597610,9.976139,9.941792,9.597610,9.476868,9.511379,9.511379,9.494129,9.442345,9.407806,9.476868,9.494129,9.528633,9.580376,9.614849,9.649315,9.580376,9.563126,9.528633,9.563126,9.632080,9.614849,9.683773,9.649315,9.752644,9.632080,9.649315,9.580376,9.718216,9.735428,9.752644,9.787056,9.700993,9.700993,9.821461,10.130581,10.250530,10.250530,10.267654,10.044807,9.958965,9.941792,9.924606,9.958965,9.855862,9.976139,9.941792,9.976139,9.752644,9.873051,9.769852,9.787056,9.873051,9.838661,10.010487,9.907425,10.061974,9.941792,9.700993,9.511379,9.407806,9.407806,9.321407,9.459610,9.252239,9.269539,9.304119,9.269539,9.321407,9.200333,9.165710,9.165710,9.131081,9.165710,9.165710,9.234943,9.096436,9.183022,9.079109,9.113758,8.923035,9.079109,9.044441,9.009773,9.096436,9.079109,9.079109,9.044441,9.079109,9.148392,
6.107971,6.090134,6.179276,6.232731,6.375134,6.375134,6.446259,6.464035,6.446259,6.446259,6.499577,6.410706,6.410706,6.836617,7.013577,6.836617,6.783474,6.783474,6.748028,6.712570,6.659363,6.730297,6.694839,6.836617,6.801193,6.836617,6.818905,6.783474,6.801193,6.925133,6.748028,6.854328,6.907440,6.889732,6.942829,7.013577,7.101940,7.172585,7.119606,7.154926,7.119606,7.190231,7.313717,7.207882,7.331345,7.278450,7.472267,7.560242,7.630577,7.507469,7.542656,7.401833,7.366592,7.313717,7.419441,7.472267,7.401833,7.489868,7.384212,7.437057,7.437057,7.366592,7.525059,7.472267,7.437057,7.525059,7.788635,8.016525,7.876347,7.700855,7.718422,7.648148,7.753536,7.735977,7.735977,7.823730,7.753536,7.683289,7.753536,7.806187,7.858810,7.876347,7.841270,7.911411,7.841270,7.753536,7.735977,7.718422,7.841270,7.735977,7.858810,7.788635,7.735977,7.771088,7.841270,7.806187,7.806187,7.858810,7.806187,8.156513,8.870953,9.096436,9.027115,8.679768,8.610161,8.662369,8.627563,8.662369,8.731949,8.644970,8.627563,8.644970,8.731949,8.766716,8.905678,8.940388,9.183022,9.027115,9.061775,9.079109,8.905678,8.940388,8.905678,9.009773,9.061775,9.079109,9.234943,9.286831,9.234943,9.234943,9.217640,9.252239,9.096436,9.165710,9.252239,9.338692,9.511379,9.511379,9.373260,9.321407,9.407806,9.476868,9.373260,9.321407,9.165710,9.096436,9.009773,8.888317,9.009773,9.494129,9.545887,9.355976,8.992432,8.888317,8.923035,8.940388,8.992432,9.079109,9.044441,8.992432,8.957737,8.888317,8.801476,8.853588,8.784096,8.679768,8.749332,8.801476,8.731949,8.697163,8.662369,8.505650,8.505650,8.418476,8.488220,8.401035,8.418476,8.348686,8.243912,8.191483,8.243912,8.208961,8.331230,8.801476,9.476868,9.494129,9.200333,8.801476,8.679768,8.592743,8.592743,8.714558,8.575333,8.627563,8.731949,8.731949,8.766716,8.766716,8.818848,8.749332,8.749332,8.818848,8.905678,8.818848,8.784096,8.679768,8.766716,8.836220,8.836220,8.801476,8.836220,8.957737,8.940388,9.044441,9.027115,9.079109,9.061775,9.096436,9.165710,9.217640,9.148392,9.131081,8.784096,8.836220,8.870953,8.801476,8.801476,8.923035,9.061775,9.096436,9.061775,9.096436,9.079109,9.079109,9.079109,8.975086,9.131081,9.614849,9.580376,9.528633,9.321407,9.217640,9.165710,8.975086,9.079109,9.079109,9.234943,9.165710,9.234943,9.269539,9.286831,9.113758,9.009773,8.957737,8.870953,8.888317,8.870953,8.905678,8.888317,8.992432,8.940388,8.975086,8.801476,8.818848,8.853588,8.923035,8.905678,8.975086,9.044441,9.079109,9.148392,9.200333,9.632080,9.735428,9.632080,9.183022,8.992432,8.975086,8.957737,8.957737,9.113758,9.148392,9.027115,9.061775,8.992432,9.096436,9.096436,9.113758,9.338692,9.476868,9.355976,9.545887,9.459610,9.580376,9.459610,9.580376,9.580376,9.580376,9.649315,9.597610,9.666546,9.683773,9.735428,9.718216,9.769852,9.718216,9.735428,9.804260,9.718216,9.873051,9.838661,9.890244,9.718216,9.735428,9.718216,9.718216,9.528633,9.700993,9.873051,10.010487,9.924606,9.666546,9.511379,9.373260,9.459610,9.545887,9.787056,9.649315,9.373260,9.338692,9.269539,9.269539,9.200333,9.183022,9.131081,9.131081,9.148392,9.148392,9.148392,9.183022,9.148392,9.131081,9.113758,9.009773,9.079109,8.957737,9.027115,8.836220,8.870953,8.870953,8.818848,8.836220,8.836220,8.801476,8.957737,9.649315,9.821461,9.838661,9.165710,8.853588,8.731949,8.836220,8.853588,8.836220,8.888317,8.749332,8.731949,8.697163,8.697163,8.801476,8.870953,8.940388,9.183022,9.528633,9.838661,9.907425,9.752644,9.597610,9.442345,9.407806,9.459610,9.528633,9.373260,9.321407,9.321407,9.321407,9.373260,9.355976,9.563126,9.528633,9.580376,9.459610,9.269539,9.390537,9.304119,9.286831,9.338692,9.355976,9.407806,9.804260,9.838661,9.787056,9.494129,9.286831,9.304119,9.269539,9.321407,9.355976,9.269539,9.338692,9.321407,9.338692,9.425079,9.407806,9.373260,9.407806,9.390537,9.269539,9.338692,9.355976,9.373260,9.338692,9.321407,9.425079,9.338692,9.407806,9.304119,9.269539,9.269539,9.269539,9.304119,9.269539,9.200333,9.148392,9.079109,9.183022,9.735428,9.787056,9.890244,9.494129,9.131081,8.975086,8.905678,8.801476,8.870953,8.905678,9.027115,9.096436,9.183022,9.148392,9.165710,9.234943,9.217640,9.252239,9.269539,9.252239,9.269539,9.148392,9.200333,9.200333,9.269539,9.234943,9.286831,9.286831,9.373260,9.407806,9.425079,9.476868,9.355976,9.442345,9.459610,9.459610,9.528633,9.614849,9.769852,9.666546,9.700993,9.666546,9.494129,9.373260,9.234943,9.165710,9.131081,9.131081,9.200333,9.217640,9.217640,9.131081,9.183022,9.252239,9.269539,9.200333,9.200333,9.321407,9.252239,9.597610,9.787056,9.873051,9.528633,9.165710,9.217640,9.321407,9.269539,9.113758,9.113758,9.061775,9.079109,9.044441,9.096436,9.165710,9.200333,9.217640,9.148392,9.217640,9.304119,9.217640,9.148392,9.061775,9.165710,9.165710,9.131081,9.131081,9.165710,9.113758,9.165710,9.061775,9.061775,8.923035,8.957737,8.992432,9.061775,9.286831,9.649315,9.649315,9.442345,9.234943,9.131081,9.096436,9.079109,9.113758,9.217640,9.217640,9.200333,9.269539,9.338692,9.286831,9.304119,9.321407,9.390537,9.528633,9.666546,9.821461,9.718216,9.459610,9.425079,9.373260,9.511379,9.563126,9.476868,9.528633,9.563126,9.476868,9.597610,9.580376,9.666546,9.614849,9.614849,9.666546,9.649315,9.700993,9.752644,9.787056,9.683773,9.735428,9.683773,9.752644,9.700993,9.735428,9.787056,9.700993,9.735428,9.821461,9.838661,9.838661,9.890244,10.182007,10.353233,10.336117,9.941792,9.649315,9.476868,9.563126,9.442345,9.494129,9.476868,9.545887,9.494129,9.580376,9.632080,9.614849,9.580376,9.632080,9.597610,9.666546,9.614849,9.580376,9.666546,9.614849,9.597610,9.563126,9.528633,9.511379,9.545887,9.390537,9.407806,9.476868,9.511379,9.528633,9.390537,9.355976,9.286831,9.338692,9.494129,9.407806,9.355976,9.407806,9.355976,9.269539,9.148392,9.217640,9.165710,9.165710,9.096436,9.061775,9.061775,9.131081,8.992432,8.992432,8.992432,9.113758,
6.197094,6.161457,6.303955,6.339550,6.357342,6.428486,6.499577,6.464035,6.481804,6.517342,6.446259,6.570625,6.499577,6.801193,7.066605,6.942829,6.818905,6.783474,6.730297,6.801193,6.942829,6.748028,6.872036,6.818905,6.889732,6.942829,6.836617,6.783474,6.907440,6.872036,6.836617,6.783474,6.889732,6.836617,6.836617,6.836617,6.818905,6.907440,6.995895,6.960518,6.925133,6.925133,6.942829,6.889732,6.960518,6.942829,7.296085,7.718422,7.735977,7.472267,7.366592,7.225533,7.278450,7.243172,7.278450,7.243172,7.172585,7.190231,7.260815,7.331345,7.313717,7.313717,7.348972,7.401833,7.454662,7.507469,7.542656,7.683289,7.542656,7.683289,7.753536,7.718422,7.788635,7.876347,8.034035,8.016525,8.156513,8.069046,8.121536,8.208961,8.331230,8.488220,8.592743,8.418476,8.401035,8.278851,8.121536,8.104042,8.051544,8.016525,8.104042,8.086544,8.051544,7.946465,8.086544,8.016525,8.069046,8.034035,8.034035,8.261383,8.888317,8.975086,9.009773,8.697163,8.470791,8.505650,8.453358,8.366138,8.470791,8.453358,8.418476,8.401035,8.540497,8.523075,8.523075,8.505650,8.592743,8.505650,8.523075,8.557915,8.453358,8.348686,8.401035,8.401035,8.401035,8.523075,8.470791,8.592743,8.662369,8.644970,8.627563,8.662369,8.627563,8.836220,8.975086,9.476868,9.563126,9.511379,9.252239,9.321407,9.528633,9.494129,9.494129,9.528633,9.407806,9.511379,9.442345,9.511379,9.476868,9.545887,9.632080,9.563126,9.442345,9.580376,9.563126,9.580376,9.632080,9.614849,9.769852,9.597610,9.459610,9.459610,9.476868,9.459610,9.459610,9.355976,9.304119,9.355976,9.200333,9.165710,9.113758,8.975086,8.905678,8.714558,8.679768,8.662369,8.610161,8.557915,8.313774,8.383591,8.243912,8.348686,8.453358,8.731949,9.459610,9.632080,9.511379,8.610161,8.488220,8.453358,8.540497,8.610161,8.662369,8.557915,8.610161,8.662369,8.575333,8.610161,8.662369,8.610161,8.662369,8.679768,8.557915,8.610161,8.679768,8.697163,8.592743,8.470791,8.557915,8.610161,8.592743,8.540497,8.592743,8.697163,8.662369,8.627563,8.714558,8.870953,8.992432,9.355976,9.338692,9.355976,8.870953,8.836220,8.836220,8.818848,8.853588,8.818848,9.027115,9.165710,8.957737,8.992432,9.009773,9.044441,9.027115,9.183022,9.217640,9.269539,9.390537,9.269539,9.338692,9.355976,9.390537,9.200333,9.286831,9.338692,9.373260,9.269539,9.373260,9.425079,9.442345,9.286831,9.200333,9.131081,9.252239,9.131081,9.079109,9.096436,9.113758,9.131081,9.113758,9.096436,9.113758,8.975086,9.096436,9.200333,9.044441,8.992432,9.044441,9.113758,9.113758,9.113758,9.252239,9.752644,9.769852,9.338692,8.923035,8.992432,8.975086,8.975086,8.923035,8.905678,8.870953,8.801476,8.905678,8.836220,8.818848,8.853588,8.905678,8.957737,9.061775,9.079109,9.096436,9.113758,9.096436,9.061775,9.113758,9.165710,9.131081,9.131081,9.217640,9.321407,9.217640,9.286831,9.563126,9.563126,9.459610,9.580376,9.890244,9.941792,9.907425,9.769852,9.683773,9.752644,9.787056,9.614849,9.787056,9.804260,9.958965,9.924606,9.924606,9.958965,9.890244,10.061974,9.838661,9.941792,10.010487,10.010487,9.769852,9.769852,9.649315,9.683773,9.718216,9.614849,9.580376,9.373260,9.528633,9.528633,9.442345,9.407806,9.390537,9.355976,9.217640,9.200333,9.200333,9.148392,9.183022,9.027115,9.044441,9.148392,9.079109,9.061775,8.905678,8.992432,8.975086,9.804260,9.804260,9.838661,9.286831,8.888317,8.836220,8.836220,8.853588,8.905678,8.818848,8.801476,8.888317,8.784096,8.697163,8.731949,8.731949,8.888317,9.304119,9.804260,9.821461,9.941792,9.683773,9.269539,8.992432,8.975086,8.888317,9.061775,9.061775,9.113758,8.992432,8.923035,9.027115,9.113758,9.113758,9.113758,9.165710,9.165710,9.200333,9.286831,9.286831,9.373260,9.355976,9.425079,9.425079,9.666546,9.580376,9.528633,9.373260,9.425079,9.580376,9.545887,9.597610,9.632080,9.700993,9.838661,9.941792,10.010487,10.010487,9.787056,9.890244,9.873051,9.769852,9.787056,9.700993,9.804260,9.804260,9.804260,9.855862,9.855862,9.769852,9.752644,9.683773,9.666546,9.580376,9.666546,9.614849,9.494129,9.459610,9.269539,9.304119,9.425079,9.890244,9.924606,9.855862,9.338692,8.940388,8.888317,8.957737,8.766716,8.836220,8.888317,8.975086,9.061775,8.992432,8.905678,8.923035,8.818848,8.905678,8.870953,8.905678,8.818848,8.853588,8.836220,8.731949,8.784096,8.836220,8.784096,8.749332,8.870953,8.836220,8.870953,8.888317,8.992432,8.975086,8.992432,9.096436,9.131081,9.425079,9.649315,9.873051,9.873051,9.804260,9.649315,9.476868,9.476868,9.407806,9.269539,9.338692,9.321407,9.321407,9.355976,9.425079,9.390537,9.459610,9.459610,9.355976,9.390537,9.338692,9.425079,9.390537,9.666546,9.580376,9.580376,9.304119,9.217640,9.183022,9.200333,9.304119,9.200333,9.113758,9.079109,9.217640,9.217640,9.148392,9.252239,9.234943,9.304119,9.252239,9.234943,9.286831,9.217640,9.165710,9.009773,9.027115,9.027115,9.131081,8.923035,9.079109,9.027115,8.905678,8.836220,8.870953,8.801476,8.905678,8.836220,8.905678,9.373260,9.597610,9.580376,9.269539,8.975086,9.027115,9.061775,8.992432,9.079109,9.148392,9.096436,9.079109,9.148392,9.183022,9.217640,9.217640,9.338692,9.321407,9.304119,9.442345,9.494129,9.390537,9.373260,9.373260,9.459610,9.459610,9.494129,9.459610,9.494129,9.563126,9.528633,9.718216,9.752644,9.787056,9.873051,9.838661,9.873051,10.044807,10.113426,10.044807,10.147728,10.147728,10.061974,9.924606,9.890244,9.873051,9.890244,9.976139,10.044807,10.044807,9.976139,9.907425,9.976139,10.096279,10.267654,10.336117,10.319000,9.804260,9.580376,9.494129,9.459610,9.355976,9.373260,9.373260,9.459610,9.425079,9.321407,9.252239,9.321407,9.269539,9.234943,9.131081,9.165710,9.217640,9.165710,9.183022,9.183022,9.252239,9.234943,9.131081,9.148392,9.165710,9.200333,9.286831,9.286831,9.269539,9.286831,9.321407,9.286831,9.390537,9.390537,9.683773,9.683773,9.632080,9.545887,9.425079,9.442345,9.425079,9.390537,9.321407,9.304119,9.269539,9.217640,9.252239,9.148392,9.148392,9.165710,9.148392,9.079109,
6.214916,6.179276,6.392914,6.464035,6.392914,6.410706,6.535103,6.499577,6.641617,6.677101,6.623875,6.694839,6.712570,6.960518,6.995895,6.978207,7.031254,6.960518,7.066605,7.084278,7.119606,7.119606,7.243172,7.119606,7.260815,7.243172,7.296085,7.296085,7.225533,7.137272,7.207882,7.207882,7.190231,7.172585,6.995895,6.995895,6.960518,6.995895,6.960518,6.925133,6.960518,7.013577,6.978207,7.031254,7.031254,7.084278,7.260815,7.595413,7.683289,7.577831,7.366592,7.137272,7.207882,7.137272,7.084278,7.013577,6.907440,6.978207,6.907440,6.942829,6.889732,6.889732,6.995895,7.066605,7.137272,7.066605,7.172585,7.190231,7.278450,7.348972,7.366592,7.419441,7.437057,7.577831,7.735977,7.823730,7.876347,7.963982,8.034035,8.191483,8.296310,8.644970,8.731949,8.888317,8.749332,8.557915,8.523075,8.453358,8.418476,8.313774,8.366138,8.383591,8.348686,8.488220,8.435913,8.540497,8.557915,8.540497,8.575333,8.557915,8.853588,8.957737,9.009773,8.749332,8.435913,8.435913,8.261383,8.435913,8.401035,8.401035,8.435913,8.401035,8.435913,8.505650,8.592743,8.679768,8.644970,8.557915,8.523075,8.401035,8.383591,8.435913,8.435913,8.313774,8.331230,8.453358,8.383591,8.435913,8.296310,8.261383,8.243912,8.296310,8.331230,8.540497,8.853588,9.649315,9.425079,9.148392,8.714558,8.627563,8.905678,8.870953,8.836220,8.818848,8.975086,9.044441,9.165710,9.079109,9.096436,9.148392,9.165710,9.338692,9.407806,9.614849,9.580376,9.632080,9.752644,9.752644,9.752644,9.666546,9.649315,9.632080,9.580376,9.666546,9.563126,9.528633,9.442345,9.355976,9.425079,9.580376,9.597610,9.494129,9.373260,9.355976,9.252239,9.338692,9.234943,9.131081,9.096436,8.975086,9.061775,8.766716,8.957737,9.165710,9.563126,9.666546,9.563126,9.096436,8.853588,8.853588,8.888317,8.818848,8.836220,8.784096,8.784096,8.801476,8.784096,8.766716,8.853588,8.853588,8.905678,8.731949,8.731949,8.679768,8.662369,8.662369,8.610161,8.610161,8.557915,8.592743,8.505650,8.575333,8.610161,8.644970,8.523075,8.540497,8.662369,8.592743,8.749332,9.304119,9.459610,9.390537,8.818848,8.801476,8.749332,8.784096,8.679768,8.801476,8.870953,8.853588,8.644970,8.644970,8.627563,8.697163,8.818848,8.853588,8.749332,8.714558,8.836220,9.027115,9.009773,9.165710,9.131081,9.165710,9.148392,9.200333,9.200333,9.096436,9.286831,9.390537,9.407806,9.407806,9.338692,9.252239,9.321407,9.597610,9.459610,9.614849,9.614849,9.683773,9.528633,9.528633,9.459610,9.528633,9.580376,9.580376,9.390537,9.407806,9.528633,9.338692,9.321407,9.321407,9.597610,9.838661,9.700993,9.494129,9.200333,9.044441,9.183022,9.165710,8.975086,8.870953,8.888317,8.940388,8.957737,9.009773,8.940388,8.975086,9.044441,9.079109,9.113758,9.148392,9.183022,9.148392,9.131081,9.044441,9.113758,9.200333,9.113758,9.027115,9.131081,9.061775,9.009773,9.113758,9.131081,9.183022,9.113758,9.355976,9.700993,9.769852,9.735428,9.269539,9.027115,9.079109,9.096436,9.061775,9.183022,9.200333,9.217640,9.407806,9.459610,9.494129,9.580376,9.649315,9.752644,9.563126,9.787056,9.787056,9.735428,9.649315,9.666546,9.614849,9.735428,9.683773,9.683773,9.632080,9.752644,9.632080,9.614849,9.700993,9.545887,9.649315,9.700993,9.752644,9.804260,9.855862,9.683773,9.752644,9.752644,9.683773,9.666546,9.683773,9.666546,9.494129,9.442345,9.924606,9.958965,9.941792,9.476868,9.304119,9.373260,9.355976,9.390537,9.338692,9.200333,9.165710,9.217640,9.200333,9.113758,9.096436,9.183022,9.494129,9.735428,9.873051,10.096279,10.096279,9.700993,9.183022,8.940388,8.714558,8.801476,8.888317,8.697163,8.662369,8.644970,8.679768,8.697163,8.784096,8.679768,8.697163,8.766716,8.801476,8.731949,8.801476,8.818848,8.801476,8.888317,8.888317,8.940388,8.975086,8.923035,8.923035,8.975086,9.061775,8.992432,8.940388,8.940388,9.200333,9.269539,9.545887,9.941792,9.958965,9.993317,9.787056,9.718216,9.683773,9.666546,9.735428,9.752644,9.718216,9.804260,9.958965,9.907425,9.941792,9.873051,9.907425,9.804260,9.855862,9.752644,9.873051,9.890244,9.752644,9.666546,9.511379,9.459610,9.666546,9.804260,9.821461,9.752644,9.321407,9.217640,9.131081,9.131081,9.148392,9.131081,9.200333,9.131081,9.027115,9.079109,8.923035,8.870953,8.905678,8.853588,8.836220,8.888317,8.818848,8.749332,8.784096,8.697163,8.714558,8.731949,8.766716,8.784096,8.784096,8.801476,8.836220,8.818848,8.870953,8.784096,8.662369,8.784096,8.905678,9.131081,9.718216,9.855862,9.804260,9.597610,9.148392,8.940388,8.853588,8.818848,8.836220,8.905678,8.888317,9.044441,9.096436,9.200333,9.200333,9.183022,9.131081,9.131081,9.061775,9.113758,9.044441,9.217640,9.234943,9.269539,9.183022,9.252239,9.165710,9.252239,9.321407,9.200333,9.269539,9.183022,9.165710,9.234943,9.234943,9.286831,9.373260,9.494129,9.545887,9.528633,9.632080,9.649315,9.425079,9.321407,9.131081,9.044441,9.148392,9.113758,9.096436,9.079109,9.027115,8.923035,8.923035,8.888317,8.801476,8.905678,8.836220,9.027115,9.545887,9.511379,9.373260,9.044441,8.888317,8.888317,8.957737,8.905678,8.992432,8.992432,8.940388,9.044441,9.009773,9.113758,9.079109,9.009773,9.200333,9.148392,9.131081,9.148392,9.252239,9.183022,9.286831,9.252239,9.252239,9.338692,9.373260,9.459610,9.528633,9.545887,9.459610,9.649315,9.700993,9.735428,9.804260,9.787056,9.941792,10.147728,10.233398,10.147728,10.164867,10.079128,10.096279,10.079128,10.061974,10.147728,10.147728,10.233398,10.284771,10.370338,10.301891,10.233398,10.301891,10.301891,10.336117,10.301891,10.027649,9.769852,9.821461,9.700993,9.580376,9.649315,9.614849,9.580376,9.545887,9.563126,9.355976,9.494129,9.373260,9.373260,9.234943,9.321407,9.252239,9.113758,9.113758,9.044441,9.165710,9.096436,9.148392,8.992432,9.113758,9.044441,9.027115,8.905678,8.992432,8.957737,9.044441,9.027115,8.957737,9.009773,9.304119,9.614849,9.752644,9.580376,9.355976,9.286831,9.217640,9.183022,9.200333,9.148392,9.217640,9.252239,9.217640,9.304119,9.234943,9.286831,9.183022,9.183022,9.252239,
5.875885,5.929482,5.983063,5.840134,5.983063,6.000916,6.143627,6.250534,6.392914,6.428486,6.517342,6.481804,6.570625,6.588379,6.765751,6.801193,6.907440,6.995895,7.084278,7.190231,7.260815,7.225533,7.313717,7.313717,7.401833,7.454662,7.401833,7.472267,7.401833,7.489868,7.507469,7.560242,7.384212,7.243172,7.137272,7.225533,7.278450,7.348972,7.296085,7.296085,7.296085,7.313717,7.313717,7.260815,7.207882,7.401833,7.401833,7.612995,7.858810,7.665718,7.384212,7.172585,7.260815,7.348972,7.278450,7.172585,7.137272,7.031254,6.960518,7.013577,7.031254,6.995895,6.995895,6.942829,7.084278,6.978207,7.048931,7.066605,7.013577,7.207882,7.278450,7.243172,7.278450,7.313717,7.384212,7.331345,7.366592,7.296085,7.366592,7.542656,7.771088,8.261383,8.749332,8.679768,8.523075,8.226437,8.139027,8.104042,8.034035,7.946465,8.034035,8.034035,8.243912,8.296310,8.418476,8.610161,8.592743,8.627563,8.557915,8.453358,8.575333,8.557915,8.557915,8.470791,8.435913,8.435913,8.505650,8.435913,8.488220,8.557915,8.540497,8.505650,8.575333,8.662369,8.923035,9.009773,8.923035,8.836220,8.853588,8.662369,8.592743,8.610161,8.523075,8.557915,8.557915,8.540497,8.540497,8.488220,8.453358,8.557915,8.366138,8.278851,8.383591,8.470791,8.679768,9.269539,9.252239,9.044441,8.557915,8.401035,8.557915,8.488220,8.313774,8.243912,8.366138,8.401035,8.348686,8.401035,8.401035,8.488220,8.592743,8.731949,8.905678,8.905678,8.870953,8.975086,9.027115,9.061775,9.131081,9.131081,8.975086,8.888317,8.992432,9.009773,8.923035,8.923035,8.957737,8.836220,8.992432,9.494129,9.494129,9.545887,9.355976,9.286831,9.200333,9.234943,9.217640,9.217640,9.148392,9.269539,9.528633,9.131081,9.269539,9.442345,9.580376,9.563126,9.597610,9.407806,9.269539,9.321407,9.234943,9.183022,9.113758,9.165710,9.200333,9.165710,9.234943,9.234943,9.321407,9.373260,9.321407,9.321407,9.269539,9.234943,9.200333,9.096436,8.957737,8.714558,8.888317,8.818848,8.836220,8.836220,8.784096,8.731949,8.818848,8.697163,8.749332,8.731949,8.957737,9.373260,9.580376,9.476868,9.131081,9.044441,8.923035,9.027115,9.009773,9.079109,9.027115,8.731949,8.644970,8.644970,8.662369,8.784096,8.818848,8.836220,8.697163,8.801476,8.853588,8.853588,8.905678,8.888317,8.940388,8.940388,8.870953,8.888317,8.749332,8.801476,8.870953,9.061775,9.113758,8.923035,8.801476,8.870953,9.096436,9.632080,9.804260,9.769852,9.700993,9.511379,9.649315,9.494129,9.476868,9.355976,9.511379,9.563126,9.494129,9.511379,9.476868,9.511379,9.459610,9.511379,9.632080,9.580376,9.597610,9.407806,9.373260,9.269539,9.321407,9.286831,9.217640,9.286831,9.200333,9.286831,9.286831,9.148392,9.234943,9.286831,9.217640,9.355976,9.373260,9.407806,9.494129,9.476868,9.407806,9.425079,9.304119,9.200333,9.165710,9.165710,9.009773,9.113758,9.148392,9.183022,9.096436,9.113758,9.096436,9.234943,9.649315,9.700993,9.563126,8.923035,8.644970,8.627563,8.610161,8.644970,8.679768,8.679768,8.888317,8.992432,8.853588,8.853588,8.853588,8.784096,8.923035,9.009773,9.113758,9.027115,9.009773,8.940388,9.079109,9.079109,9.044441,9.200333,9.200333,9.096436,9.234943,9.304119,9.304119,9.234943,9.183022,9.217640,9.494129,9.718216,9.976139,9.941792,10.061974,10.096279,10.267654,10.182007,10.096279,10.130581,9.993317,9.958965,9.924606,9.924606,9.907425,9.907425,9.683773,9.735428,9.752644,9.821461,9.907425,9.855862,9.890244,9.821461,9.855862,9.821461,9.804260,9.890244,9.787056,9.941792,10.061974,10.027649,10.113426,9.958965,9.597610,9.286831,9.044441,8.923035,8.818848,8.853588,8.697163,8.818848,8.870953,8.818848,8.731949,8.784096,8.731949,8.749332,8.784096,8.766716,8.766716,8.731949,8.662369,8.749332,8.766716,8.801476,8.818848,8.766716,8.714558,8.749332,8.836220,8.853588,8.714558,8.488220,8.470791,8.575333,8.784096,9.252239,10.010487,9.838661,9.752644,9.286831,9.079109,9.131081,9.234943,9.252239,9.304119,9.355976,9.217640,9.252239,9.304119,9.390537,9.425079,9.373260,9.407806,9.442345,9.580376,9.735428,9.735428,9.494129,9.407806,9.476868,9.528633,9.614849,9.700993,9.545887,9.494129,9.338692,9.545887,9.494129,9.511379,9.511379,9.494129,9.528633,9.373260,9.425079,9.442345,9.425079,9.407806,9.373260,9.286831,9.148392,9.061775,9.096436,9.009773,9.027115,8.940388,8.992432,9.044441,8.975086,8.923035,8.957737,8.923035,8.957737,9.148392,9.009773,8.749332,8.801476,8.818848,8.905678,9.148392,9.787056,9.890244,9.855862,9.476868,8.905678,8.731949,8.697163,8.610161,8.714558,8.749332,8.766716,8.784096,8.923035,8.870953,8.888317,8.975086,8.836220,8.905678,8.836220,8.662369,8.679768,8.697163,8.731949,8.888317,8.836220,8.818848,8.836220,8.818848,8.905678,8.818848,8.888317,8.731949,8.853588,8.836220,8.905678,8.923035,9.269539,9.649315,9.752644,9.804260,9.752644,9.511379,9.338692,9.252239,9.113758,9.148392,9.200333,9.217640,9.200333,9.079109,9.148392,9.183022,9.096436,9.061775,9.131081,9.131081,9.148392,9.113758,9.304119,9.338692,9.217640,9.061775,9.061775,9.061775,8.992432,9.027115,9.096436,9.061775,9.061775,9.061775,9.061775,9.096436,9.009773,9.079109,9.113758,9.269539,9.269539,9.286831,9.217640,9.286831,9.269539,9.200333,9.200333,9.286831,9.269539,9.252239,9.390537,9.373260,9.442345,9.494129,9.563126,9.632080,9.563126,9.614849,9.907425,10.147728,10.079128,9.838661,9.632080,9.597610,9.649315,9.683773,9.649315,9.735428,9.804260,9.958965,10.044807,10.010487,10.130581,9.976139,10.044807,10.061974,10.061974,9.993317,9.976139,10.079128,9.976139,10.079128,9.976139,9.890244,9.821461,9.769852,9.787056,9.735428,9.683773,9.666546,9.597610,9.494129,9.442345,9.459610,9.494129,9.494129,9.373260,9.442345,9.511379,9.442345,9.321407,9.407806,9.234943,9.165710,9.234943,9.131081,9.044441,8.992432,9.061775,9.079109,8.957737,9.131081,9.632080,9.683773,9.632080,9.407806,9.165710,9.131081,9.027115,9.079109,8.940388,9.009773,8.992432,8.975086,8.992432,9.027115,9.027115,8.888317,8.905678,8.905678,8.853588,
5.697014,5.571625,5.661201,5.679108,5.679108,5.786484,5.768597,5.768597,6.018761,6.054455,6.179276,6.214916,6.214916,6.517342,6.499577,6.481804,6.606125,6.677101,6.836617,6.854328,6.907440,7.084278,7.137272,7.101940,7.243172,7.243172,7.172585,7.119606,7.278450,7.154926,7.489868,7.419441,7.296085,7.119606,7.066605,7.048931,7.101940,7.225533,7.172585,7.066605,7.225533,7.260815,7.437057,7.384212,7.401833,7.366592,7.472267,7.577831,7.542656,7.648148,7.401833,7.437057,7.560242,7.525059,7.612995,7.595413,7.595413,7.577831,7.454662,7.489868,7.401833,7.348972,7.507469,7.384212,7.542656,7.401833,7.454662,7.366592,7.401833,7.507469,7.542656,7.542656,7.542656,7.419441,7.507469,7.366592,7.296085,7.366592,7.313717,7.525059,7.700855,7.999016,8.592743,8.523075,8.104042,7.735977,7.665718,7.700855,7.648148,7.788635,7.788635,7.823730,7.858810,7.981499,8.104042,8.069046,8.104042,8.104042,7.963982,7.963982,7.999016,8.034035,7.893879,8.016525,8.121536,8.121536,8.191483,8.226437,8.331230,8.366138,8.418476,8.383591,8.610161,8.870953,9.200333,9.234943,9.096436,8.870953,8.801476,8.766716,8.697163,8.662369,8.662369,8.766716,8.766716,8.697163,8.714558,8.592743,8.679768,8.714558,8.627563,8.592743,8.662369,8.610161,8.870953,9.079109,9.079109,8.957737,8.523075,8.453358,8.505650,8.383591,8.331230,8.226437,8.313774,8.296310,8.296310,8.296310,8.366138,8.435913,8.488220,8.575333,8.714558,8.731949,8.749332,8.662369,8.749332,8.679768,8.662369,8.627563,8.662369,8.697163,8.575333,8.662369,8.557915,8.627563,8.627563,8.697163,8.592743,9.079109,9.234943,9.494129,9.131081,8.627563,8.662369,8.731949,8.644970,8.784096,8.697163,8.801476,8.870953,8.870953,8.975086,9.096436,9.217640,9.269539,9.338692,9.286831,9.321407,9.183022,9.217640,9.079109,9.044441,9.079109,9.131081,9.183022,9.217640,9.355976,9.442345,9.390537,9.528633,9.494129,9.528633,9.407806,9.528633,9.511379,9.355976,9.148392,9.027115,9.131081,9.096436,9.061775,8.957737,8.975086,8.992432,8.923035,9.027115,9.044441,9.200333,9.442345,9.494129,9.580376,9.442345,9.459610,9.511379,9.528633,9.563126,9.597610,9.407806,9.217640,9.234943,9.252239,9.148392,9.079109,9.131081,9.183022,9.234943,9.269539,9.286831,9.286831,9.286831,9.165710,9.200333,9.200333,9.079109,9.131081,8.923035,8.870953,8.975086,8.940388,8.940388,8.818848,8.801476,8.905678,9.304119,9.787056,9.976139,9.855862,9.907425,9.700993,9.252239,9.269539,9.269539,9.252239,9.234943,9.200333,9.338692,9.338692,9.390537,9.234943,9.113758,9.148392,9.304119,9.304119,9.252239,9.304119,9.217640,9.234943,9.183022,9.183022,9.183022,9.234943,9.304119,9.252239,9.148392,9.183022,9.234943,9.338692,9.338692,9.390537,9.494129,9.528633,9.735428,9.804260,9.787056,9.718216,9.494129,9.476868,9.476868,9.355976,9.165710,9.165710,9.338692,9.304119,9.286831,9.217640,9.096436,9.234943,9.511379,9.528633,9.407806,9.009773,8.888317,8.784096,8.836220,8.801476,8.870953,8.818848,9.027115,8.975086,8.836220,8.853588,8.853588,8.870953,8.818848,8.870953,8.853588,8.818848,8.818848,8.853588,8.784096,8.870953,8.888317,8.818848,8.940388,8.975086,9.079109,8.992432,8.888317,8.818848,8.784096,8.870953,8.923035,9.252239,9.804260,10.010487,10.164867,10.199139,10.284771,10.027649,9.718216,9.787056,9.632080,9.494129,9.476868,9.459610,9.476868,9.373260,9.338692,9.442345,9.494129,9.580376,9.718216,9.838661,9.873051,9.993317,9.958965,10.027649,9.976139,10.010487,10.044807,10.027649,10.027649,10.061974,9.958965,9.855862,9.700993,9.614849,9.511379,9.407806,9.355976,9.355976,9.131081,9.200333,9.113758,9.113758,9.096436,9.113758,9.096436,9.027115,9.027115,8.905678,8.992432,8.940388,8.923035,8.923035,8.853588,8.853588,8.853588,8.784096,8.870953,8.905678,9.096436,9.009773,8.697163,8.453358,8.557915,8.627563,8.749332,9.183022,9.649315,9.752644,9.580376,9.131081,9.061775,9.113758,9.079109,9.096436,9.044441,8.992432,8.888317,8.870953,8.923035,9.009773,9.027115,9.009773,9.079109,9.113758,9.407806,9.528633,9.511379,9.183022,9.200333,9.217640,9.234943,9.286831,9.355976,9.200333,9.304119,9.269539,9.355976,9.373260,9.373260,9.338692,9.425079,9.321407,9.390537,9.459610,9.528633,9.476868,9.373260,9.373260,9.355976,9.304119,9.373260,9.252239,9.183022,9.252239,9.200333,9.183022,9.044441,9.131081,9.252239,9.200333,9.338692,9.476868,9.459610,9.338692,9.096436,8.940388,9.009773,9.165710,9.407806,9.787056,9.787056,9.597610,9.113758,8.870953,8.818848,8.731949,8.714558,8.766716,8.905678,8.836220,8.957737,8.975086,8.940388,8.940388,9.009773,8.992432,8.957737,8.784096,8.697163,8.662369,8.662369,8.731949,8.731949,8.801476,8.714558,8.749332,8.714558,8.766716,8.784096,8.662369,8.627563,8.644970,8.592743,8.679768,8.714558,9.044441,9.683773,9.700993,9.855862,9.511379,9.183022,8.853588,8.836220,8.731949,8.836220,8.888317,8.888317,8.836220,8.923035,9.027115,8.923035,8.714558,8.662369,8.731949,8.679768,8.714558,8.784096,8.836220,8.923035,8.957737,8.992432,9.009773,8.992432,9.096436,9.113758,9.079109,9.096436,9.217640,9.165710,9.183022,9.113758,9.217640,9.148392,9.269539,9.390537,9.425079,9.563126,9.476868,9.407806,9.407806,9.425079,9.355976,9.425079,9.355976,9.338692,9.407806,9.459610,9.494129,9.580376,9.476868,9.649315,9.476868,9.614849,10.113426,10.096279,9.873051,9.666546,9.545887,9.494129,9.632080,9.563126,9.614849,9.614849,9.597610,9.718216,9.787056,9.890244,9.752644,9.700993,9.683773,9.614849,9.597610,9.580376,9.614849,9.718216,9.666546,9.528633,9.545887,9.442345,9.563126,9.580376,9.666546,9.614849,9.494129,9.580376,9.563126,9.580376,9.597610,9.666546,9.855862,9.976139,9.873051,9.821461,9.924606,9.787056,9.700993,9.700993,9.700993,9.666546,9.580376,9.597610,9.545887,9.425079,9.476868,9.304119,9.459610,9.459610,9.666546,9.718216,9.597610,9.321407,9.113758,9.113758,9.113758,9.148392,9.079109,9.044441,8.992432,8.957737,9.061775,8.975086,8.905678,8.870953,8.853588,8.870953,8.923035,
5.446091,5.499908,5.571625,5.661201,5.697014,5.732807,5.732807,5.750706,5.983063,5.893753,6.036610,6.000916,6.268349,6.179276,6.232731,6.428486,6.428486,6.481804,6.570625,6.623875,6.783474,6.765751,6.765751,6.836617,6.801193,6.854328,6.872036,6.836617,6.818905,6.872036,7.401833,7.384212,7.331345,6.960518,6.818905,6.694839,6.818905,6.748028,6.730297,6.818905,6.836617,7.031254,6.995895,7.048931,7.048931,7.013577,7.101940,7.243172,7.296085,7.243172,7.190231,7.243172,7.384212,7.384212,7.401833,7.454662,7.542656,7.525059,7.577831,7.577831,7.630577,7.595413,7.630577,7.648148,7.735977,7.911411,7.893879,7.806187,7.735977,7.823730,7.928940,7.928940,7.928940,7.963982,7.963982,8.016525,7.893879,7.981499,7.981499,7.683289,7.928940,8.243912,8.592743,8.557915,8.191483,7.806187,7.753536,7.700855,7.753536,7.893879,7.788635,7.700855,7.893879,7.771088,7.963982,7.858810,7.753536,7.858810,7.876347,7.911411,7.858810,7.788635,7.876347,7.946465,8.051544,7.981499,8.104042,8.069046,8.226437,8.296310,8.243912,8.174004,8.243912,8.505650,8.923035,9.165710,9.079109,8.888317,8.610161,8.383591,8.401035,8.226437,8.296310,8.243912,8.296310,8.331230,8.366138,8.331230,8.523075,8.523075,8.505650,8.505650,8.523075,8.540497,8.523075,8.627563,8.644970,8.592743,8.557915,8.523075,8.540497,8.523075,8.435913,8.453358,8.470791,8.627563,8.505650,8.348686,8.488220,8.610161,8.749332,8.766716,8.749332,8.801476,8.731949,8.784096,8.784096,8.731949,8.575333,8.679768,8.749332,8.592743,8.610161,8.592743,8.679768,8.592743,8.523075,8.505650,8.575333,9.027115,9.338692,9.425079,9.113758,8.470791,8.453358,8.523075,8.435913,8.453358,8.575333,8.592743,8.592743,8.644970,8.679768,8.662369,8.575333,8.644970,8.784096,8.731949,8.662369,8.557915,8.662369,8.592743,8.627563,8.610161,8.610161,8.627563,8.662369,8.644970,8.801476,8.853588,8.870953,8.870953,9.009773,9.234943,9.355976,9.459610,9.200333,8.610161,8.505650,8.575333,8.679768,8.679768,8.784096,8.766716,8.888317,8.975086,8.870953,8.853588,8.940388,9.061775,9.027115,9.113758,9.252239,9.200333,9.321407,9.286831,9.355976,9.390537,9.390537,9.494129,9.373260,9.355976,9.407806,9.442345,9.511379,9.563126,9.614849,9.735428,9.873051,9.821461,9.941792,9.924606,9.804260,9.718216,9.649315,9.649315,9.528633,9.580376,9.425079,9.476868,9.355976,9.407806,9.407806,9.735428,9.941792,9.976139,10.061974,10.010487,10.027649,9.873051,9.563126,9.373260,9.373260,9.407806,9.286831,9.390537,9.390537,9.321407,9.269539,9.200333,9.148392,9.148392,9.304119,9.304119,9.234943,9.269539,9.234943,9.234943,9.061775,9.044441,8.836220,8.992432,9.061775,9.044441,9.044441,8.992432,8.992432,8.957737,9.096436,9.217640,9.269539,9.183022,9.545887,9.804260,10.027649,9.666546,9.096436,9.269539,9.390537,9.200333,9.200333,9.269539,9.217640,9.304119,9.269539,9.113758,9.234943,9.338692,9.425079,9.407806,9.459610,9.304119,9.425079,9.390537,9.321407,9.355976,9.252239,9.390537,9.355976,9.442345,9.425079,9.355976,9.269539,9.200333,9.234943,9.148392,9.096436,9.009773,9.131081,9.027115,9.096436,9.061775,9.131081,9.061775,9.027115,9.079109,9.113758,9.079109,9.009773,8.888317,8.905678,9.061775,9.044441,9.407806,9.907425,10.113426,10.130581,10.233398,10.182007,9.442345,9.113758,8.940388,8.923035,9.009773,9.061775,9.027115,8.992432,8.923035,8.992432,9.061775,9.113758,9.165710,9.131081,9.234943,9.286831,9.304119,9.355976,9.269539,9.494129,9.683773,9.494129,9.632080,9.614849,9.649315,9.597610,9.649315,9.614849,9.683773,9.649315,9.580376,9.528633,9.407806,9.390537,9.373260,9.407806,9.407806,9.373260,9.407806,9.304119,9.304119,9.269539,9.286831,9.286831,9.269539,9.200333,9.061775,9.079109,9.131081,9.183022,9.148392,9.234943,9.425079,9.373260,9.304119,8.975086,8.923035,8.801476,8.888317,9.061775,9.252239,9.700993,9.700993,9.563126,9.148392,9.286831,9.252239,9.304119,9.200333,9.131081,8.940388,8.923035,8.975086,8.940388,8.992432,9.061775,9.027115,9.113758,9.131081,9.511379,9.614849,9.563126,9.234943,9.113758,9.148392,9.269539,9.252239,9.269539,9.269539,9.252239,9.217640,9.200333,9.355976,9.338692,9.217640,9.321407,9.286831,9.234943,9.252239,9.183022,9.269539,9.321407,9.269539,9.269539,9.217640,9.009773,9.061775,9.009773,8.992432,8.957737,9.027115,9.079109,8.957737,8.975086,9.131081,9.580376,9.683773,9.683773,9.597610,9.183022,9.148392,9.234943,9.252239,9.304119,9.666546,9.459610,9.442345,9.304119,9.217640,9.183022,9.200333,9.286831,9.286831,9.338692,9.321407,9.304119,9.442345,9.459610,9.390537,9.234943,9.234943,9.217640,9.096436,9.148392,9.044441,8.992432,9.079109,9.061775,9.079109,9.096436,8.992432,9.044441,9.044441,8.992432,8.888317,8.766716,8.801476,8.801476,8.697163,8.888317,9.304119,9.855862,9.787056,9.752644,9.442345,9.009773,8.818848,8.662369,8.662369,8.557915,8.540497,8.488220,8.505650,8.540497,8.610161,8.557915,8.540497,8.418476,8.418476,8.505650,8.453358,8.418476,8.488220,8.505650,8.592743,8.818848,8.784096,8.888317,8.905678,8.957737,9.027115,8.801476,8.818848,8.801476,8.975086,9.044441,8.905678,8.992432,9.113758,9.304119,9.769852,9.804260,9.804260,9.597610,9.459610,9.494129,9.459610,9.528633,9.494129,9.494129,9.649315,9.683773,9.718216,9.735428,9.700993,9.752644,9.787056,9.838661,10.010487,10.044807,9.941792,9.821461,9.683773,9.700993,9.632080,9.700993,9.614849,9.700993,9.718216,9.752644,9.821461,9.873051,9.821461,9.683773,9.494129,9.459610,9.442345,9.286831,9.425079,9.511379,9.528633,9.407806,9.321407,9.217640,9.355976,9.321407,9.304119,9.304119,9.304119,9.269539,9.217640,9.234943,9.269539,9.459610,9.907425,9.804260,9.924606,9.769852,9.752644,9.700993,9.718216,9.683773,9.649315,9.563126,9.649315,9.597610,9.632080,9.649315,9.614849,9.511379,9.563126,9.718216,9.666546,9.649315,9.614849,9.459610,9.390537,9.459610,9.373260,9.407806,9.476868,9.373260,9.355976,9.252239,9.338692,9.183022,9.061775,9.061775,9.131081,8.992432,9.009773,
5.266499,5.410194,5.499908,5.535770,5.607468,5.589546,5.589546,5.786484,5.750706,5.983063,6.054455,6.179276,6.286148,6.268349,6.339550,6.375134,6.428486,6.499577,6.535103,6.517342,6.623875,6.694839,6.641617,6.748028,6.694839,6.836617,6.818905,6.889732,6.942829,6.995895,7.137272,7.243172,7.313717,7.119606,6.748028,6.765751,6.570625,6.712570,6.712570,6.748028,6.818905,6.889732,6.854328,6.836617,6.836617,6.748028,6.889732,6.907440,6.942829,6.925133,6.836617,6.907440,6.872036,6.748028,6.907440,6.836617,6.978207,7.048931,7.137272,7.101940,7.154926,7.190231,7.119606,7.313717,7.718422,7.858810,7.788635,7.542656,7.525059,7.648148,7.823730,7.963982,8.034035,8.139027,8.139027,8.174004,8.191483,8.261383,8.331230,8.331230,8.296310,8.418476,8.540497,8.505650,8.331230,8.139027,8.121536,8.104042,8.243912,8.331230,8.366138,8.139027,8.278851,8.261383,8.366138,8.156513,8.191483,8.069046,8.069046,8.191483,8.174004,8.156513,8.208961,8.226437,8.366138,8.331230,8.435913,8.313774,8.366138,8.348686,8.313774,8.243912,8.139027,8.261383,8.313774,8.923035,9.044441,8.957737,8.540497,8.261383,8.243912,8.191483,8.156513,8.174004,8.191483,8.174004,8.243912,8.261383,8.331230,8.366138,8.348686,8.348686,8.313774,8.278851,8.296310,8.348686,8.453358,8.331230,8.296310,8.366138,8.453358,8.557915,8.592743,8.488220,8.523075,8.540497,8.488220,8.714558,8.679768,8.957737,9.113758,9.044441,8.905678,8.870953,8.801476,8.784096,8.784096,8.905678,8.801476,8.888317,8.818848,8.749332,8.784096,8.923035,8.801476,8.749332,8.766716,8.870953,8.992432,9.044441,9.269539,9.338692,9.079109,8.644970,8.801476,8.697163,8.644970,8.575333,8.714558,8.749332,8.888317,8.853588,8.801476,8.749332,8.766716,8.714558,8.801476,8.888317,8.888317,8.801476,8.731949,8.766716,8.749332,8.557915,8.627563,8.714558,8.627563,8.592743,8.627563,8.488220,8.523075,8.470791,8.470791,8.540497,9.459610,9.442345,9.200333,8.366138,8.331230,8.313774,8.366138,8.331230,8.383591,8.348686,8.331230,8.470791,8.435913,8.453358,8.488220,8.488220,8.540497,8.488220,8.557915,8.592743,8.731949,8.662369,8.714558,8.784096,8.731949,8.801476,8.923035,9.009773,8.992432,9.131081,9.131081,9.373260,9.494129,9.442345,9.787056,10.130581,10.147728,10.199139,9.993317,9.855862,9.735428,9.958965,9.873051,9.907425,9.993317,9.907425,9.941792,9.838661,9.976139,10.044807,10.199139,10.199139,10.113426,10.147728,10.027649,10.027649,9.941792,9.787056,9.855862,9.873051,9.718216,9.666546,9.597610,9.632080,9.683773,9.545887,9.390537,9.442345,9.735428,9.683773,9.476868,9.614849,9.476868,9.373260,9.304119,9.165710,9.009773,9.079109,9.079109,9.061775,9.027115,9.009773,8.975086,8.975086,9.148392,9.183022,9.200333,9.096436,9.494129,9.752644,9.907425,9.649315,9.148392,9.096436,9.096436,9.061775,8.836220,8.905678,8.801476,8.888317,8.853588,8.870953,8.853588,8.992432,9.148392,9.183022,9.252239,9.545887,9.563126,9.425079,9.286831,9.234943,9.304119,9.286831,9.286831,9.511379,9.528633,9.528633,9.373260,9.373260,9.511379,9.390537,9.407806,9.373260,9.563126,9.528633,9.735428,9.649315,9.649315,9.459610,9.338692,9.269539,9.373260,9.425079,9.338692,9.286831,9.286831,9.355976,9.459610,9.700993,9.907425,10.010487,10.130581,10.113426,10.010487,9.545887,8.975086,9.009773,8.923035,8.975086,8.957737,9.096436,9.079109,9.079109,9.009773,8.992432,9.096436,9.113758,9.027115,9.079109,9.131081,9.165710,9.096436,9.096436,8.975086,9.096436,9.096436,8.975086,8.975086,8.957737,8.923035,8.992432,9.009773,9.165710,9.234943,9.234943,9.183022,9.079109,9.338692,9.390537,9.459610,9.407806,9.373260,9.061775,8.870953,8.801476,8.836220,8.749332,8.766716,8.697163,8.905678,8.818848,8.818848,8.957737,9.009773,9.165710,9.286831,9.355976,9.234943,9.304119,9.165710,9.183022,9.200333,9.234943,9.338692,9.338692,9.511379,9.476868,9.355976,9.321407,9.373260,9.494129,9.528633,9.545887,9.390537,9.321407,9.373260,9.355976,9.217640,9.355976,9.321407,9.286831,9.494129,9.390537,9.632080,9.735428,9.563126,9.442345,9.304119,9.304119,9.373260,9.459610,9.528633,9.528633,9.563126,9.442345,9.476868,9.528633,9.511379,9.355976,9.494129,9.338692,9.425079,9.217640,9.165710,9.286831,9.234943,9.234943,9.131081,9.079109,9.044441,8.992432,8.992432,9.027115,8.957737,8.957737,8.975086,9.009773,8.975086,9.113758,9.373260,9.804260,9.769852,9.476868,9.200333,9.234943,9.113758,9.165710,9.148392,9.165710,9.269539,9.131081,9.148392,9.061775,9.148392,9.269539,9.321407,9.338692,9.442345,9.580376,9.683773,9.752644,9.769852,9.683773,9.700993,9.683773,9.511379,9.580376,9.614849,9.528633,9.476868,9.511379,9.373260,9.459610,9.494129,9.494129,9.545887,9.528633,9.390537,9.304119,9.286831,9.200333,9.061775,9.131081,9.027115,9.563126,9.787056,9.735428,9.614849,9.373260,9.044441,8.923035,8.888317,8.766716,8.697163,8.697163,8.662369,8.627563,8.714558,8.610161,8.523075,8.523075,8.523075,8.557915,8.557915,8.488220,8.523075,8.523075,8.575333,8.557915,8.644970,8.592743,8.697163,8.662369,8.749332,8.749332,8.575333,8.610161,8.679768,8.644970,8.679768,8.697163,8.749332,8.992432,9.511379,9.958965,9.924606,9.735428,9.442345,9.425079,9.425079,9.321407,9.442345,9.476868,9.632080,9.683773,9.787056,9.787056,9.735428,9.804260,9.838661,9.924606,9.873051,10.061974,9.924606,9.993317,10.044807,9.976139,9.907425,10.061974,9.958965,9.907425,9.890244,9.958965,9.855862,9.993317,9.873051,9.821461,9.838661,9.683773,9.666546,9.580376,9.614849,9.563126,9.545887,9.597610,9.545887,9.494129,9.252239,9.373260,9.338692,9.286831,9.286831,9.234943,9.304119,9.148392,9.304119,9.217640,9.442345,9.735428,10.096279,9.769852,9.425079,9.511379,9.425079,9.407806,9.355976,9.494129,9.390537,9.373260,9.373260,9.355976,9.425079,9.442345,9.373260,9.373260,9.321407,9.580376,9.511379,9.476868,9.511379,9.476868,9.476868,9.494129,9.511379,9.355976,9.511379,9.494129,9.442345,9.390537,9.390537,9.252239,9.286831,9.252239,9.425079,9.425079,
5.140610,5.140610,5.230549,5.374290,5.320412,5.320412,5.446091,5.535770,5.750706,5.929482,6.036610,6.054455,6.090134,6.214916,6.197094,6.268349,6.392914,6.410706,6.552864,6.517342,6.552864,6.659363,6.748028,6.748028,6.872036,6.872036,6.889732,6.925133,7.048931,7.048931,7.101940,7.313717,7.154926,7.243172,6.960518,6.818905,6.889732,6.925133,6.960518,6.925133,6.960518,6.978207,7.084278,7.031254,6.978207,6.889732,7.031254,6.995895,6.942829,6.942829,6.801193,6.872036,6.783474,6.783474,6.783474,6.801193,6.872036,6.836617,6.960518,6.925133,6.960518,6.836617,6.907440,7.066605,7.366592,7.665718,7.612995,7.154926,7.225533,7.313717,7.384212,7.437057,7.648148,7.683289,7.665718,7.753536,7.753536,7.858810,7.911411,7.911411,7.928940,7.858810,7.981499,8.208961,8.191483,8.104042,8.174004,8.139027,8.313774,8.401035,8.418476,8.366138,8.383591,8.523075,8.488220,8.488220,8.348686,8.313774,8.383591,8.470791,8.644970,8.505650,8.523075,8.488220,8.557915,8.592743,8.610161,8.644970,8.697163,8.627563,8.540497,8.401035,8.278851,8.243912,8.348686,8.888317,9.009773,8.905678,8.488220,8.313774,8.331230,8.226437,8.278851,8.243912,8.331230,8.226437,8.261383,8.174004,8.296310,8.296310,8.261383,8.278851,8.261383,8.226437,8.243912,8.313774,8.191483,8.261383,8.191483,8.261383,8.435913,8.523075,8.488220,8.418476,8.435913,8.505650,8.366138,8.418476,8.348686,8.610161,9.027115,8.975086,8.644970,8.366138,8.278851,8.208961,8.418476,8.331230,8.366138,8.470791,8.592743,8.505650,8.627563,8.523075,8.592743,8.644970,8.697163,8.714558,8.697163,8.836220,8.888317,8.923035,8.853588,8.801476,8.853588,8.836220,8.853588,8.870953,8.940388,9.027115,9.079109,9.009773,9.079109,9.165710,9.183022,9.148392,9.079109,8.992432,8.888317,8.975086,9.061775,9.044441,8.801476,8.801476,8.766716,8.766716,8.801476,8.818848,8.679768,8.662369,8.488220,8.540497,8.575333,8.540497,9.234943,9.355976,9.200333,8.679768,8.523075,8.470791,8.575333,8.610161,8.488220,8.470791,8.540497,8.540497,8.470791,8.435913,8.435913,8.435913,8.505650,8.453358,8.505650,8.592743,8.627563,8.592743,8.627563,8.697163,8.679768,8.714558,8.679768,8.853588,8.940388,9.009773,9.096436,9.131081,9.183022,9.165710,9.355976,10.010487,10.061974,10.147728,9.735428,9.338692,9.338692,9.390537,9.373260,9.425079,9.321407,9.407806,9.494129,9.632080,9.666546,9.700993,9.855862,9.924606,9.958965,9.924606,9.958965,9.993317,9.941792,9.941792,9.890244,9.907425,9.838661,9.838661,9.907425,9.855862,9.941792,9.873051,9.924606,9.890244,9.924606,10.027649,9.993317,10.113426,10.044807,9.890244,9.700993,9.666546,9.666546,9.459610,9.476868,9.459610,9.407806,9.373260,9.304119,9.286831,9.373260,9.217640,9.234943,9.200333,9.528633,9.821461,9.838661,9.821461,9.321407,9.079109,9.061775,9.079109,9.009773,8.836220,8.801476,8.923035,8.923035,8.940388,9.165710,9.165710,9.165710,9.131081,9.113758,9.269539,9.338692,9.234943,9.113758,9.148392,9.165710,9.113758,9.200333,9.200333,9.390537,9.234943,9.113758,9.183022,9.304119,9.183022,9.131081,9.165710,9.286831,9.855862,9.907425,10.044807,9.649315,9.511379,9.269539,9.200333,9.217640,9.286831,9.494129,9.528633,9.597610,9.597610,9.614849,9.632080,9.752644,9.821461,10.027649,9.993317,9.924606,9.683773,9.252239,9.131081,9.183022,9.200333,9.286831,9.442345,9.494129,9.545887,9.390537,9.252239,9.286831,9.338692,9.269539,9.165710,9.217640,9.217640,9.234943,9.286831,9.252239,9.183022,8.975086,9.113758,8.992432,8.870953,8.749332,8.766716,8.749332,8.801476,8.714558,8.766716,8.714558,8.784096,9.200333,9.425079,9.321407,9.355976,9.234943,8.766716,8.418476,8.383591,8.470791,8.418476,8.488220,8.435913,8.557915,8.557915,8.679768,8.592743,8.749332,8.957737,9.027115,9.079109,9.096436,9.096436,9.200333,9.200333,9.131081,9.009773,9.009773,9.061775,9.096436,9.131081,9.234943,9.304119,9.321407,9.528633,9.632080,9.563126,9.580376,9.563126,9.666546,9.614849,9.632080,9.459610,9.355976,9.269539,9.442345,9.476868,9.580376,9.614849,9.528633,9.528633,9.425079,9.494129,9.580376,9.614849,9.614849,9.614849,9.563126,9.700993,9.683773,9.735428,9.666546,9.718216,9.683773,9.700993,9.632080,9.528633,9.459610,9.390537,9.425079,9.442345,9.269539,9.321407,9.234943,9.183022,9.286831,9.200333,9.044441,9.148392,9.079109,9.027115,9.096436,9.096436,9.494129,9.752644,9.735428,9.338692,9.321407,9.234943,9.131081,9.183022,9.183022,9.113758,9.165710,9.131081,9.183022,9.183022,9.183022,9.183022,9.131081,9.079109,9.234943,9.407806,9.683773,9.735428,9.718216,9.632080,9.390537,9.321407,9.304119,9.373260,9.528633,9.511379,9.338692,9.425079,9.442345,9.390537,9.442345,9.528633,9.459610,9.545887,9.528633,9.476868,9.390537,9.355976,9.304119,9.304119,9.407806,9.580376,9.511379,9.545887,9.425079,9.355976,9.304119,9.183022,9.183022,9.165710,9.131081,8.975086,9.044441,8.957737,8.975086,8.888317,8.853588,8.905678,8.766716,8.679768,8.697163,8.714558,8.627563,8.662369,8.610161,8.627563,8.679768,8.749332,8.644970,8.749332,8.697163,8.662369,8.714558,8.766716,8.784096,8.818848,8.853588,8.801476,8.975086,9.096436,9.632080,10.010487,9.873051,9.700993,9.390537,9.373260,9.476868,9.407806,9.425079,9.390537,9.425079,9.511379,9.563126,9.494129,9.597610,9.632080,9.580376,9.563126,9.511379,9.700993,9.838661,9.735428,9.804260,9.683773,9.838661,9.752644,9.787056,9.718216,9.804260,9.735428,9.718216,9.924606,9.821461,9.683773,9.614849,9.735428,9.821461,9.907425,9.924606,9.890244,9.958965,9.941792,9.735428,9.700993,9.545887,9.459610,9.476868,9.390537,9.442345,9.442345,9.425079,9.321407,9.390537,9.390537,9.855862,9.821461,9.735428,9.442345,9.338692,9.355976,9.321407,9.321407,9.321407,9.338692,9.304119,9.286831,9.252239,9.252239,9.252239,9.321407,9.355976,9.407806,9.321407,9.286831,9.321407,9.269539,9.200333,9.217640,9.165710,9.148392,9.113758,9.148392,9.079109,9.304119,9.321407,9.286831,9.304119,9.355976,9.234943,9.355976,9.476868,9.338692,
5.050598,5.050598,5.158604,5.194580,5.194580,5.248528,5.230549,5.374290,5.571625,5.750706,5.875885,5.804367,5.697014,5.822250,5.822250,5.929482,5.911625,6.000916,6.072296,6.197094,6.179276,6.250534,6.357342,6.499577,6.481804,6.570625,6.765751,6.712570,6.694839,6.712570,6.801193,6.995895,6.942829,7.013577,6.995895,7.013577,7.101940,7.066605,7.048931,7.084278,7.225533,7.348972,7.366592,7.348972,7.207882,7.260815,7.225533,7.190231,7.260815,7.207882,7.260815,7.048931,7.207882,7.154926,7.137272,7.190231,7.207882,7.207882,7.172585,7.207882,7.190231,6.995895,6.995895,7.278450,7.384212,7.735977,7.595413,7.348972,7.348972,7.384212,7.542656,7.665718,7.595413,7.630577,7.735977,7.771088,7.718422,7.612995,7.595413,7.542656,7.648148,7.648148,7.771088,7.648148,7.823730,7.788635,7.823730,7.753536,7.876347,7.911411,7.893879,7.841270,7.858810,7.981499,8.016525,8.016525,7.928940,7.893879,7.999016,8.470791,8.435913,8.366138,8.121536,8.121536,8.226437,8.313774,8.348686,8.418476,8.435913,8.488220,8.470791,8.435913,8.540497,8.627563,8.784096,8.784096,8.818848,8.679768,8.505650,8.453358,8.418476,8.435913,8.296310,8.435913,8.470791,8.401035,8.296310,8.366138,8.488220,8.435913,8.505650,8.557915,8.540497,8.470791,8.488220,8.540497,8.523075,8.418476,8.383591,8.435913,8.610161,8.662369,8.435913,8.296310,8.418476,8.366138,8.575333,8.557915,8.523075,8.627563,9.131081,9.044441,8.557915,8.191483,8.139027,7.999016,8.121536,8.104042,8.191483,8.016525,8.139027,8.121536,8.208961,8.174004,8.174004,8.174004,8.243912,8.226437,8.296310,8.208961,8.348686,8.296310,8.401035,8.366138,8.383591,8.505650,8.523075,8.523075,8.540497,8.644970,8.697163,8.731949,8.836220,8.992432,9.252239,9.355976,8.975086,8.627563,8.784096,8.731949,8.766716,8.766716,8.836220,8.870953,8.853588,8.940388,9.009773,9.027115,8.992432,8.853588,8.870953,8.870953,8.923035,8.957737,9.234943,9.321407,9.338692,9.217640,8.975086,9.027115,9.079109,9.165710,9.148392,9.131081,9.148392,9.044441,9.096436,9.009773,9.044441,9.096436,9.027115,8.801476,8.818848,8.923035,8.888317,8.923035,8.888317,8.836220,8.870953,8.870953,9.009773,9.234943,9.217640,9.269539,9.183022,9.113758,9.165710,9.131081,9.217640,9.855862,10.061974,9.941792,9.494129,9.027115,9.079109,9.027115,8.992432,9.096436,9.165710,9.061775,8.992432,9.009773,9.131081,9.027115,9.217640,9.425079,9.355976,9.286831,9.269539,9.234943,9.338692,9.338692,9.442345,9.442345,9.407806,9.494129,9.459610,9.407806,9.545887,9.511379,9.563126,9.614849,9.528633,9.718216,9.821461,10.027649,10.130581,9.907425,9.752644,9.735428,9.666546,9.683773,9.494129,9.459610,9.511379,9.355976,9.459610,9.511379,9.580376,9.511379,9.528633,9.494129,9.666546,9.804260,9.700993,9.769852,9.528633,9.442345,9.390537,9.528633,9.459610,9.321407,9.355976,9.321407,9.338692,9.304119,9.459610,9.545887,9.597610,9.425079,9.563126,9.545887,9.632080,9.476868,9.407806,9.425079,9.425079,9.476868,9.407806,9.355976,9.338692,9.165710,9.113758,9.131081,9.096436,9.027115,9.096436,9.061775,9.580376,10.010487,10.113426,10.130581,9.649315,9.252239,9.061775,8.975086,8.975086,9.113758,9.165710,9.200333,9.131081,9.165710,9.183022,9.234943,9.321407,9.355976,9.528633,9.787056,9.666546,9.649315,9.407806,9.217640,9.269539,9.338692,9.459610,9.425079,9.425079,9.390537,9.355976,9.407806,9.355976,9.476868,9.373260,9.373260,9.390537,9.511379,9.597610,9.580376,9.476868,9.304119,9.096436,9.044441,9.044441,8.975086,9.009773,8.784096,8.905678,8.818848,8.662369,8.644970,8.627563,8.818848,9.113758,9.234943,9.286831,9.148392,9.044441,8.766716,8.418476,8.435913,8.488220,8.488220,8.435913,8.505650,8.557915,8.749332,8.523075,8.540497,8.662369,8.836220,8.905678,8.888317,8.957737,9.009773,9.079109,8.992432,8.975086,8.905678,8.975086,9.027115,9.009773,9.009773,8.957737,9.027115,9.096436,9.113758,9.355976,9.338692,9.373260,9.425079,9.632080,9.718216,9.442345,9.044441,8.905678,8.836220,8.888317,8.905678,9.131081,9.217640,9.148392,8.992432,9.061775,9.113758,9.183022,9.286831,9.286831,9.338692,9.390537,9.494129,9.494129,9.511379,9.511379,9.511379,9.632080,9.700993,9.666546,9.614849,9.649315,9.614849,9.580376,9.563126,9.614849,9.390537,9.511379,9.459610,9.683773,9.700993,9.666546,9.597610,9.355976,9.425079,9.355976,9.494129,9.735428,9.821461,9.769852,9.666546,9.649315,9.563126,9.442345,9.390537,9.286831,9.338692,9.252239,9.200333,9.183022,9.148392,9.131081,9.061775,9.148392,9.165710,9.459610,9.580376,9.666546,9.700993,9.700993,9.390537,9.113758,8.870953,8.853588,8.923035,8.870953,8.888317,8.905678,8.957737,8.905678,8.940388,8.905678,8.975086,9.027115,9.131081,9.113758,9.044441,9.079109,9.148392,9.044441,9.096436,9.183022,9.079109,9.061775,9.113758,9.165710,9.165710,9.113758,9.217640,9.165710,9.165710,9.044441,9.113758,9.200333,9.286831,9.304119,9.373260,9.338692,9.148392,9.009773,8.992432,9.044441,9.079109,8.975086,8.801476,8.801476,8.940388,8.905678,8.870953,8.818848,8.888317,8.888317,8.992432,9.009773,9.113758,9.286831,9.304119,9.252239,9.269539,9.304119,9.649315,9.941792,9.958965,9.838661,9.666546,9.511379,9.528633,9.545887,9.511379,9.476868,9.545887,9.459610,9.545887,9.597610,9.545887,9.545887,9.459610,9.528633,9.442345,9.580376,9.597610,9.614849,9.528633,9.459610,9.442345,9.545887,9.545887,9.528633,9.355976,9.390537,9.407806,9.459610,9.580376,9.494129,9.407806,9.390537,9.511379,9.632080,10.027649,9.976139,9.821461,9.683773,9.563126,9.442345,9.494129,9.407806,9.459610,9.407806,9.511379,9.580376,9.614849,9.494129,9.545887,9.632080,9.545887,9.718216,9.683773,9.459610,9.373260,9.390537,9.407806,9.476868,9.476868,9.321407,9.321407,9.338692,9.234943,9.321407,9.321407,9.355976,9.373260,9.407806,9.373260,9.355976,9.338692,9.407806,9.234943,9.165710,9.061775,9.061775,9.113758,9.061775,9.044441,9.044441,9.183022,9.355976,9.338692,9.252239,9.234943,9.338692,9.528633,9.528633,9.425079,
5.122616,5.140610,5.086613,5.176598,5.176598,5.356339,5.248528,5.284477,5.410194,5.643291,5.607468,5.625381,5.517838,5.499908,5.535770,5.589546,5.679108,5.607468,5.732807,5.768597,5.929482,5.911625,5.965206,6.036610,6.107971,6.125797,6.268349,6.214916,6.357342,6.446259,6.499577,6.410706,6.464035,6.570625,6.588379,6.641617,6.677101,6.818905,6.748028,6.872036,6.907440,7.260815,7.278450,7.278450,7.190231,7.137272,7.154926,7.119606,7.066605,7.119606,7.207882,7.048931,7.101940,7.154926,7.243172,7.207882,7.313717,7.225533,7.278450,7.525059,7.595413,7.612995,7.577831,7.700855,7.577831,7.753536,7.771088,7.648148,7.472267,7.577831,7.612995,7.718422,7.753536,7.771088,7.841270,7.928940,7.928940,7.718422,7.718422,7.665718,7.612995,7.665718,7.700855,7.700855,7.648148,7.595413,7.665718,7.665718,7.753536,7.771088,7.718422,7.595413,7.700855,7.648148,7.665718,7.630577,7.472267,7.595413,7.806187,8.243912,8.401035,8.208961,7.858810,7.735977,7.700855,7.735977,7.718422,7.806187,7.841270,8.034035,7.928940,8.016525,8.086544,8.348686,8.348686,8.418476,8.243912,8.139027,8.104042,8.069046,8.069046,8.104042,8.174004,8.226437,8.191483,8.261383,8.243912,8.243912,8.401035,8.488220,8.540497,8.453358,8.505650,8.627563,8.870953,8.923035,8.784096,8.784096,8.679768,8.575333,8.627563,8.575333,8.540497,8.505650,8.679768,8.714558,8.818848,8.592743,8.697163,8.731949,8.957737,8.992432,8.836220,8.435913,8.331230,8.191483,8.226437,8.121536,8.191483,8.208961,8.069046,8.156513,8.139027,8.226437,8.191483,8.156513,8.261383,8.191483,8.191483,8.243912,8.243912,8.226437,8.261383,8.243912,8.348686,8.296310,8.313774,8.296310,8.366138,8.401035,8.418476,8.418476,8.523075,8.697163,9.304119,9.286831,8.888317,8.575333,8.592743,8.540497,8.523075,8.418476,8.453358,8.557915,8.697163,8.697163,8.784096,8.818848,8.749332,8.784096,8.662369,8.453358,8.540497,8.592743,8.784096,8.749332,8.940388,8.801476,8.662369,8.749332,8.870953,9.027115,9.009773,9.148392,9.252239,9.304119,9.338692,9.442345,9.494129,9.459610,9.476868,9.165710,9.183022,9.165710,9.200333,9.234943,9.113758,9.131081,9.217640,9.200333,9.338692,9.338692,9.511379,9.545887,9.476868,9.390537,9.373260,9.355976,9.459610,9.838661,9.873051,9.924606,9.528633,9.200333,9.165710,9.131081,9.044441,9.044441,9.165710,9.165710,9.009773,9.131081,9.079109,9.131081,9.165710,9.252239,9.217640,9.079109,9.061775,9.113758,9.027115,9.252239,9.096436,9.061775,9.061775,9.113758,9.148392,9.165710,9.113758,9.252239,9.148392,9.200333,9.234943,9.096436,9.373260,9.873051,9.993317,9.683773,9.200333,9.183022,9.183022,9.269539,9.200333,9.079109,9.044441,9.027115,9.269539,9.338692,9.234943,9.200333,9.200333,9.131081,9.165710,9.183022,9.321407,9.321407,9.286831,9.286831,9.355976,9.373260,9.304119,9.390537,9.390537,9.321407,9.494129,9.511379,9.632080,9.683773,9.649315,9.769852,10.096279,10.130581,10.182007,9.976139,10.096279,9.976139,10.061974,10.010487,9.907425,9.976139,9.941792,9.890244,9.787056,9.769852,9.769852,9.735428,9.580376,9.528633,10.010487,10.130581,10.216270,10.199139,9.855862,9.442345,9.286831,9.165710,9.234943,9.217640,9.217640,9.269539,9.183022,9.165710,9.165710,9.148392,9.252239,9.061775,9.183022,9.390537,9.407806,9.286831,9.252239,9.286831,9.217640,9.113758,9.061775,9.061775,9.027115,8.957737,8.905678,8.923035,8.888317,9.044441,9.113758,9.148392,9.165710,9.614849,9.752644,9.838661,9.632080,9.148392,8.975086,8.940388,8.957737,8.905678,8.888317,8.905678,8.957737,8.784096,8.731949,8.957737,8.870953,9.027115,9.009773,9.027115,9.096436,9.044441,8.992432,8.836220,8.731949,8.714558,8.784096,8.714558,8.714558,8.749332,8.818848,8.749332,8.627563,8.714558,8.784096,8.923035,8.905678,9.061775,9.061775,9.113758,9.113758,9.044441,8.992432,9.027115,9.096436,9.044441,8.992432,8.957737,8.975086,8.992432,8.870953,8.905678,8.957737,9.079109,9.148392,9.355976,9.597610,9.735428,9.476868,8.905678,8.870953,8.801476,8.697163,8.627563,8.784096,8.801476,8.766716,8.749332,8.731949,8.853588,8.853588,9.009773,8.870953,8.888317,8.923035,8.992432,9.027115,9.079109,9.131081,9.027115,9.096436,9.079109,9.131081,9.165710,9.096436,9.096436,9.217640,9.286831,9.286831,9.286831,9.252239,9.286831,9.597610,9.752644,9.804260,9.632080,9.459610,9.459610,9.442345,9.580376,9.718216,9.649315,9.614849,9.683773,9.683773,9.700993,9.700993,9.563126,9.683773,9.597610,9.666546,9.666546,9.632080,9.459610,9.407806,9.407806,9.355976,9.476868,9.649315,9.752644,9.718216,9.683773,9.683773,9.338692,8.992432,8.923035,8.923035,8.975086,8.957737,8.957737,8.905678,8.888317,8.870953,8.888317,8.940388,8.905678,8.940388,8.992432,8.870953,8.853588,8.940388,8.923035,8.992432,8.940388,8.905678,8.870953,8.957737,8.870953,8.923035,8.992432,8.940388,9.009773,9.096436,8.992432,8.923035,8.923035,9.148392,9.390537,9.459610,9.355976,9.269539,8.975086,8.836220,8.888317,8.888317,8.766716,8.714558,8.644970,8.749332,8.749332,8.818848,8.784096,8.731949,8.697163,8.888317,9.113758,9.183022,9.545887,9.649315,9.563126,9.373260,9.580376,9.580376,9.718216,9.718216,9.769852,9.769852,9.735428,9.787056,9.821461,9.787056,9.821461,9.873051,9.873051,9.804260,9.735428,9.804260,9.769852,9.718216,9.700993,9.614849,9.580376,9.563126,9.511379,9.545887,9.390537,9.390537,9.459610,9.545887,9.511379,9.321407,9.407806,9.442345,9.459610,9.425079,9.321407,9.390537,9.338692,9.269539,9.338692,9.873051,9.873051,9.855862,9.545887,9.304119,9.113758,9.079109,9.131081,9.096436,9.165710,9.338692,9.407806,9.390537,9.407806,9.407806,9.321407,9.269539,9.476868,9.511379,9.373260,9.321407,9.442345,9.304119,9.425079,9.390537,9.321407,9.355976,9.321407,9.355976,9.373260,9.459610,9.373260,9.459610,9.390537,9.649315,9.632080,9.632080,9.528633,9.459610,9.390537,9.234943,9.269539,9.165710,9.269539,9.269539,9.234943,9.269539,9.407806,9.476868,9.563126,9.338692,9.407806,9.304119,9.563126,9.511379,9.511379,
5.176598,5.194580,5.158604,5.230549,5.320412,5.212570,5.212570,5.212570,5.338371,5.464031,5.571625,5.464031,5.464031,5.446091,5.464031,5.481972,5.553699,5.625381,5.625381,5.643291,5.786484,5.840134,5.893753,6.072296,6.072296,6.072296,6.179276,6.250534,6.303955,6.286148,6.375134,6.357342,6.410706,6.428486,6.392914,6.481804,6.570625,6.535103,6.499577,6.517342,6.570625,6.960518,7.101940,7.066605,6.748028,6.641617,6.606125,6.552864,6.623875,6.588379,6.783474,6.765751,6.659363,6.677101,6.730297,6.801193,6.659363,6.677101,6.978207,7.331345,7.630577,7.419441,7.595413,7.401833,7.278450,7.331345,7.331345,7.331345,7.419441,7.348972,7.560242,7.577831,7.665718,7.718422,7.823730,7.893879,7.893879,7.771088,7.735977,7.788635,7.876347,7.753536,7.823730,7.893879,7.911411,7.735977,7.648148,7.683289,7.823730,7.788635,7.771088,7.858810,7.788635,7.771088,7.788635,7.683289,7.560242,7.718422,7.700855,8.243912,8.313774,8.139027,7.823730,7.735977,7.612995,7.595413,7.630577,7.665718,7.700855,7.788635,7.753536,7.806187,7.893879,7.999016,8.034035,7.999016,7.999016,7.911411,7.823730,7.718422,7.735977,7.735977,7.823730,7.858810,7.806187,7.823730,7.683289,7.788635,7.823730,7.806187,7.858810,7.876347,7.858810,8.331230,9.009773,9.027115,8.888317,8.714558,8.523075,8.366138,8.401035,8.540497,8.592743,8.627563,8.627563,8.905678,9.009773,8.853588,8.731949,8.749332,9.027115,9.096436,9.044441,8.836220,8.801476,8.679768,8.627563,8.627563,8.610161,8.470791,8.348686,8.435913,8.418476,8.644970,8.610161,8.662369,8.610161,8.592743,8.627563,8.679768,8.644970,8.714558,8.801476,8.697163,8.627563,8.679768,8.662369,8.749332,8.627563,8.679768,8.610161,8.540497,8.679768,8.870953,9.252239,9.425079,9.338692,8.957737,8.818848,8.714558,8.662369,8.592743,8.592743,8.679768,8.697163,8.610161,8.540497,8.435913,8.488220,8.401035,8.401035,8.313774,8.296310,8.174004,8.278851,8.296310,8.366138,8.261383,8.278851,8.313774,8.366138,8.418476,8.453358,8.418476,8.575333,8.749332,8.853588,8.992432,9.390537,9.442345,9.494129,9.079109,8.801476,8.662369,8.749332,8.731949,8.940388,9.027115,9.009773,9.044441,9.044441,9.131081,9.234943,9.407806,9.476868,9.373260,9.459610,9.373260,9.373260,9.528633,9.683773,9.597610,9.528633,9.338692,9.234943,9.252239,9.304119,9.373260,9.373260,9.545887,9.373260,9.321407,9.476868,9.563126,9.649315,9.511379,9.407806,9.494129,9.338692,9.286831,9.373260,9.304119,9.338692,9.304119,9.252239,9.148392,9.217640,9.217640,9.061775,9.113758,9.165710,9.148392,9.131081,9.234943,9.217640,9.855862,9.787056,9.735428,9.217640,9.061775,9.131081,9.113758,9.027115,9.027115,9.009773,9.148392,9.165710,9.131081,9.044441,8.975086,8.870953,8.801476,8.714558,8.870953,8.853588,8.940388,8.940388,8.992432,8.940388,8.957737,8.905678,9.027115,8.905678,8.836220,8.853588,8.923035,9.009773,9.027115,9.096436,9.528633,10.061974,10.267654,10.199139,10.130581,9.907425,9.993317,10.061974,10.096279,10.079128,10.113426,10.130581,10.096279,10.061974,10.130581,10.182007,10.079128,10.027649,10.182007,10.164867,10.250530,10.216270,10.182007,10.044807,9.769852,9.769852,9.769852,9.873051,9.941792,9.804260,9.787056,9.735428,9.666546,9.597610,9.511379,9.425079,9.252239,9.321407,9.390537,9.459610,9.355976,9.234943,9.217640,9.183022,9.183022,9.165710,9.096436,9.096436,9.027115,8.957737,8.957737,8.853588,8.940388,8.836220,8.870953,8.975086,9.597610,9.787056,9.804260,9.338692,8.888317,8.679768,8.610161,8.627563,8.557915,8.784096,8.610161,8.697163,8.766716,8.888317,9.027115,9.027115,8.940388,8.836220,8.923035,8.975086,8.818848,8.836220,8.818848,8.818848,8.818848,8.853588,8.888317,8.957737,8.853588,8.975086,8.905678,8.766716,8.853588,8.818848,8.975086,9.113758,9.355976,9.528633,9.494129,9.528633,9.338692,9.373260,9.338692,9.390537,9.304119,9.079109,9.027115,9.079109,9.096436,9.061775,9.009773,9.027115,9.061775,9.061775,9.355976,9.511379,9.649315,9.459610,9.079109,9.027115,8.940388,8.870953,8.836220,8.870953,8.801476,8.905678,8.870953,8.957737,8.975086,8.905678,8.888317,9.027115,8.975086,8.975086,8.957737,8.992432,8.992432,8.975086,8.923035,8.923035,8.870953,8.923035,8.888317,8.870953,8.870953,9.027115,9.009773,8.957737,8.905678,8.940388,9.079109,9.563126,9.666546,9.700993,9.390537,9.079109,8.975086,8.940388,9.027115,9.027115,9.096436,9.252239,9.183022,9.269539,9.269539,9.252239,9.390537,9.425079,9.494129,9.580376,9.580376,9.563126,9.597610,9.580376,9.580376,9.632080,9.683773,9.666546,9.632080,9.666546,9.597610,9.545887,9.373260,9.200333,9.079109,9.009773,9.113758,9.113758,9.200333,9.165710,9.131081,8.992432,9.027115,9.027115,9.096436,9.096436,9.044441,9.113758,9.009773,9.027115,9.131081,8.888317,9.131081,9.165710,9.096436,9.027115,9.044441,8.957737,9.009773,8.992432,9.061775,8.923035,9.009773,9.044441,9.044441,9.200333,9.545887,9.563126,9.425079,9.304119,9.131081,9.165710,9.183022,8.940388,8.766716,8.488220,8.470791,8.540497,8.505650,8.470791,8.505650,8.505650,8.575333,8.592743,8.766716,9.165710,9.545887,9.528633,9.425079,9.183022,9.148392,9.234943,9.200333,9.200333,9.321407,9.321407,9.459610,9.442345,9.563126,9.563126,9.735428,9.907425,9.924606,9.941792,9.838661,9.838661,9.787056,9.804260,9.700993,9.649315,9.632080,9.683773,9.700993,9.597610,9.459610,9.545887,9.563126,9.511379,9.425079,9.425079,9.425079,9.459610,9.545887,9.545887,9.459610,9.373260,9.338692,9.425079,9.563126,9.855862,9.907425,9.666546,9.476868,9.304119,9.200333,9.165710,9.131081,9.183022,9.286831,9.338692,9.373260,9.442345,9.269539,9.373260,9.355976,9.338692,9.234943,9.217640,9.286831,9.286831,9.252239,9.217640,9.269539,9.286831,9.217640,9.321407,9.286831,9.286831,9.304119,9.061775,9.165710,9.217640,9.355976,9.666546,9.718216,9.563126,9.459610,9.390537,9.321407,9.407806,9.390537,9.321407,9.355976,9.459610,9.373260,9.476868,9.580376,9.563126,9.511379,9.407806,9.442345,9.545887,9.494129,9.390537,9.425079,
5.230549,5.158604,5.212570,5.338371,5.356339,5.410194,5.248528,5.266499,5.338371,5.356339,5.464031,5.320412,5.464031,5.410194,5.481972,5.499908,5.517838,5.553699,5.679108,5.661201,5.768597,5.929482,6.000916,6.107971,6.072296,6.161457,6.303955,6.268349,6.286148,6.446259,6.552864,6.517342,6.499577,6.464035,6.499577,6.517342,6.606125,6.623875,6.499577,6.552864,6.641617,6.872036,6.995895,7.013577,6.818905,6.535103,6.464035,6.517342,6.552864,6.606125,6.535103,6.570625,6.641617,6.570625,6.535103,6.410706,6.481804,6.499577,6.712570,7.119606,7.437057,7.348972,7.207882,6.960518,6.925133,6.925133,6.995895,6.978207,7.031254,7.048931,7.101940,7.172585,7.331345,7.243172,7.472267,7.507469,7.507469,7.612995,7.700855,7.612995,7.648148,7.665718,7.700855,7.718422,7.665718,7.718422,7.771088,7.858810,7.841270,7.981499,7.946465,8.069046,8.086544,8.156513,8.243912,7.963982,7.788635,7.771088,7.806187,8.139027,8.139027,8.016525,7.963982,7.823730,7.806187,7.788635,7.858810,7.735977,7.876347,7.858810,7.876347,7.981499,7.963982,8.121536,8.191483,8.156513,7.963982,7.999016,7.858810,7.788635,7.788635,7.753536,7.911411,8.069046,7.893879,7.683289,7.700855,7.648148,7.648148,7.665718,7.630577,7.665718,7.753536,8.086544,8.853588,8.836220,8.784096,8.540497,8.313774,8.191483,8.191483,8.243912,8.366138,8.435913,8.488220,8.679768,8.818848,8.662369,8.453358,8.435913,8.488220,8.557915,8.714558,8.644970,8.505650,8.453358,8.261383,8.348686,8.470791,8.383591,8.366138,8.505650,8.557915,8.592743,8.731949,8.749332,8.784096,8.992432,9.200333,9.373260,9.338692,9.355976,9.165710,9.096436,9.165710,9.234943,9.200333,9.252239,9.252239,9.217640,9.321407,8.992432,9.200333,9.148392,9.494129,9.632080,9.580376,9.545887,9.442345,9.442345,9.338692,9.304119,9.338692,9.269539,9.009773,8.957737,8.818848,8.697163,8.575333,8.610161,8.644970,8.749332,8.714558,8.575333,8.610161,8.575333,8.540497,8.453358,8.348686,8.453358,8.401035,8.401035,8.418476,8.383591,8.348686,8.523075,8.505650,8.575333,8.540497,9.304119,9.407806,8.957737,8.697163,8.697163,8.540497,8.679768,8.697163,8.801476,8.836220,8.818848,8.801476,8.836220,8.905678,8.923035,9.044441,8.853588,8.784096,8.801476,8.766716,8.905678,8.870953,9.009773,9.027115,8.992432,9.113758,9.009773,9.009773,9.183022,9.131081,9.304119,9.390537,9.373260,9.494129,9.683773,9.941792,9.855862,9.718216,9.649315,9.528633,9.304119,9.442345,9.459610,9.407806,9.459610,9.407806,9.459610,9.390537,9.407806,9.355976,9.355976,9.321407,9.442345,9.183022,9.217640,9.286831,9.804260,9.787056,9.700993,9.614849,9.494129,9.373260,9.494129,9.321407,9.269539,9.321407,9.355976,9.407806,9.027115,9.079109,9.027115,9.079109,8.992432,8.975086,8.870953,8.818848,8.905678,8.940388,8.818848,8.957737,8.870953,8.923035,8.818848,8.853588,8.818848,8.749332,8.749332,8.784096,8.766716,8.905678,9.131081,10.044807,10.027649,9.924606,9.442345,9.131081,9.165710,9.321407,9.355976,9.252239,9.425079,9.425079,9.425079,9.442345,9.614849,9.614849,9.700993,9.735428,9.683773,9.666546,9.718216,9.838661,9.873051,9.907425,9.787056,9.873051,9.907425,9.958965,10.027649,9.993317,9.976139,9.958965,10.027649,9.907425,9.804260,9.666546,9.890244,9.855862,9.804260,9.769852,9.580376,9.614849,9.580376,9.476868,9.649315,9.649315,9.718216,9.597610,9.511379,9.407806,9.390537,9.269539,9.234943,9.217640,9.148392,9.217640,9.804260,9.838661,9.804260,9.234943,8.975086,8.940388,8.888317,8.888317,8.853588,8.870953,8.888317,8.940388,9.061775,9.165710,9.304119,9.269539,9.286831,9.165710,8.975086,8.957737,8.940388,9.061775,8.992432,8.975086,9.027115,9.044441,9.044441,9.113758,9.044441,9.027115,8.905678,8.853588,8.853588,8.818848,8.836220,9.079109,9.459610,9.718216,9.683773,9.425079,9.113758,9.183022,9.183022,9.079109,9.113758,8.992432,8.957737,9.131081,9.183022,9.113758,9.148392,9.286831,9.321407,9.286831,9.304119,9.321407,9.355976,9.148392,9.113758,9.096436,9.027115,9.113758,9.148392,9.113758,9.044441,9.044441,9.165710,9.131081,9.148392,9.148392,9.183022,9.252239,9.476868,9.459610,9.321407,9.286831,9.269539,9.252239,9.079109,9.027115,9.096436,8.957737,9.027115,9.009773,8.957737,8.940388,9.044441,8.975086,9.027115,9.096436,9.148392,9.632080,9.787056,9.700993,9.373260,8.957737,8.905678,8.836220,8.957737,8.923035,8.975086,8.957737,8.975086,9.009773,9.113758,9.009773,9.009773,9.044441,9.234943,9.338692,9.390537,9.355976,9.511379,9.511379,9.563126,9.614849,9.597610,9.407806,9.494129,9.407806,9.355976,9.407806,9.234943,9.009773,9.113758,9.234943,9.183022,9.425079,9.683773,9.597610,9.234943,9.113758,9.096436,9.061775,9.165710,9.165710,9.148392,9.148392,9.165710,9.200333,9.269539,9.338692,9.494129,9.459610,9.459610,9.338692,9.269539,9.252239,9.269539,9.252239,9.234943,9.252239,9.148392,9.234943,9.252239,9.511379,9.494129,9.528633,9.614849,9.545887,9.597610,9.597610,9.494129,9.321407,8.975086,8.731949,8.627563,8.540497,8.557915,8.540497,8.592743,8.505650,8.627563,8.592743,8.818848,9.321407,9.252239,9.390537,9.061775,9.044441,8.818848,8.870953,8.940388,8.940388,8.975086,9.027115,9.113758,9.027115,9.131081,9.131081,9.252239,9.338692,9.476868,9.442345,9.286831,9.511379,9.476868,9.632080,9.666546,9.683773,9.580376,9.683773,9.632080,9.442345,9.511379,9.580376,9.545887,9.563126,9.545887,9.597610,9.666546,9.890244,9.907425,9.890244,9.735428,9.683773,9.563126,9.545887,9.752644,9.787056,9.804260,9.563126,9.407806,9.407806,9.390537,9.407806,9.355976,9.476868,9.459610,9.563126,9.563126,9.649315,9.614849,9.563126,9.545887,9.459610,9.563126,9.528633,9.459610,9.407806,9.355976,9.252239,9.286831,9.234943,9.304119,9.373260,9.234943,9.217640,9.131081,9.079109,9.079109,9.096436,9.217640,9.632080,9.563126,9.459610,9.321407,9.252239,9.338692,9.252239,9.304119,9.304119,9.390537,9.304119,9.338692,9.304119,9.269539,9.321407,9.459610,9.304119,9.286831,9.355976,9.269539,9.252239,9.252239,
5.248528,5.302444,5.266499,5.302444,5.356339,5.338371,5.284477,5.320412,5.266499,5.338371,5.428139,5.338371,5.392242,5.410194,5.499908,5.446091,5.481972,5.410194,5.553699,5.571625,5.661201,5.643291,5.822250,5.875885,5.911625,5.893753,5.947346,6.090134,6.321754,6.446259,6.588379,6.570625,6.446259,6.499577,6.535103,6.606125,6.641617,6.623875,6.623875,6.712570,6.712570,6.872036,7.066605,6.978207,6.836617,6.712570,6.641617,6.712570,6.765751,6.836617,6.694839,6.712570,6.712570,6.694839,6.659363,6.570625,6.535103,6.517342,6.623875,6.925133,7.260815,7.260815,7.137272,6.872036,6.925133,6.942829,6.995895,7.031254,6.995895,7.066605,7.207882,7.066605,7.137272,7.119606,7.278450,7.366592,7.313717,7.366592,7.437057,7.454662,7.507469,7.437057,7.437057,7.419441,7.313717,7.401833,7.560242,7.630577,7.718422,7.700855,7.665718,7.665718,8.034035,8.156513,8.208961,7.946465,7.841270,7.823730,7.718422,7.700855,7.718422,7.876347,7.876347,7.788635,7.841270,7.999016,7.841270,7.876347,7.876347,7.981499,8.243912,8.331230,8.505650,8.575333,8.505650,8.418476,8.401035,8.261383,8.296310,8.191483,8.191483,8.226437,8.139027,8.401035,8.243912,8.069046,7.963982,7.999016,7.981499,7.911411,7.841270,7.718422,7.963982,8.348686,8.679768,8.766716,8.644970,8.523075,8.191483,8.226437,8.243912,8.278851,8.331230,8.331230,8.296310,8.453358,8.505650,8.401035,8.348686,8.366138,8.331230,8.401035,8.331230,8.331230,8.278851,8.104042,7.999016,8.034035,7.963982,7.928940,8.121536,8.104042,8.051544,8.139027,8.226437,8.226437,8.313774,8.523075,9.131081,9.355976,9.252239,8.992432,8.836220,8.784096,8.853588,8.957737,9.009773,9.009773,9.061775,9.079109,9.165710,9.183022,9.252239,9.131081,9.269539,9.442345,9.476868,9.528633,9.528633,9.511379,9.632080,9.614849,9.632080,9.683773,9.563126,9.390537,9.390537,9.286831,9.286831,9.304119,9.321407,9.425079,9.407806,9.355976,9.338692,9.321407,9.131081,9.096436,8.905678,8.957737,8.836220,8.870953,8.784096,8.836220,8.888317,8.766716,8.731949,8.644970,8.627563,9.304119,9.407806,9.183022,8.870953,8.853588,8.836220,8.870953,8.940388,9.061775,8.957737,8.957737,8.940388,9.044441,9.061775,8.957737,8.818848,8.731949,8.766716,8.731949,8.784096,8.749332,8.905678,8.870953,8.905678,8.818848,8.905678,8.836220,8.766716,8.836220,8.870953,9.009773,8.957737,8.940388,9.044441,9.442345,9.804260,9.838661,9.494129,9.096436,8.923035,8.975086,8.992432,9.183022,9.338692,9.321407,9.269539,9.338692,9.390537,9.373260,9.425079,9.390537,9.476868,9.407806,9.373260,9.355976,9.476868,9.476868,9.597610,9.614849,9.528633,9.563126,9.666546,9.666546,9.597610,9.563126,9.666546,9.718216,9.563126,9.528633,9.580376,9.632080,9.545887,9.442345,9.338692,9.217640,9.200333,9.286831,9.217640,9.252239,9.269539,9.321407,9.269539,9.200333,9.148392,9.061775,9.027115,8.957737,8.923035,8.870953,9.009773,9.269539,9.821461,9.958965,9.580376,8.975086,8.870953,8.853588,8.818848,8.784096,8.731949,8.853588,8.905678,8.853588,8.940388,9.096436,9.217640,9.148392,9.113758,9.131081,9.131081,9.131081,9.131081,9.027115,9.131081,9.061775,9.148392,9.217640,9.269539,9.234943,9.286831,9.355976,9.286831,9.338692,9.338692,9.286831,9.459610,9.907425,9.907425,9.821461,9.787056,9.407806,9.338692,9.234943,9.355976,9.459610,9.580376,9.735428,9.545887,9.545887,9.632080,9.528633,9.545887,9.459610,9.563126,9.666546,9.563126,9.752644,9.752644,9.735428,9.735428,9.614849,9.683773,9.545887,9.563126,9.545887,9.528633,9.563126,9.580376,9.718216,9.804260,9.838661,9.683773,9.752644,9.718216,9.666546,9.649315,9.511379,9.459610,9.563126,9.597610,9.580376,9.632080,9.632080,9.580376,9.580376,9.494129,9.494129,9.321407,9.217640,9.131081,9.183022,9.373260,9.838661,9.838661,9.924606,9.563126,8.888317,8.818848,8.888317,8.923035,8.888317,8.957737,8.975086,8.992432,9.009773,9.079109,9.148392,9.165710,9.009773,8.870953,8.940388,8.905678,8.940388,8.888317,8.923035,8.992432,8.940388,9.079109,9.113758,9.148392,9.113758,9.113758,9.131081,9.183022,9.113758,9.165710,9.304119,9.425079,9.752644,9.804260,9.873051,9.700993,9.494129,9.459610,9.390537,9.355976,9.234943,9.217640,9.217640,9.252239,9.200333,9.321407,9.252239,9.200333,9.373260,9.390537,9.407806,9.683773,9.649315,9.597610,9.476868,9.148392,9.061775,9.009773,9.044441,9.061775,9.079109,9.061775,9.096436,9.096436,9.009773,9.044441,9.061775,9.165710,9.148392,9.286831,9.217640,9.252239,9.234943,9.321407,9.373260,9.373260,9.286831,9.252239,9.183022,9.131081,9.079109,9.079109,9.183022,9.061775,8.940388,8.992432,9.165710,9.718216,9.666546,9.476868,9.113758,8.975086,8.784096,8.731949,8.888317,9.009773,8.975086,8.957737,9.044441,9.061775,9.252239,9.217640,9.286831,9.355976,9.390537,9.338692,9.269539,9.234943,9.304119,9.321407,9.407806,9.269539,9.355976,9.338692,9.390537,9.425079,9.442345,9.494129,9.494129,9.459610,9.511379,9.528633,9.476868,9.442345,9.355976,9.165710,9.096436,8.905678,8.888317,8.957737,8.992432,8.801476,9.027115,9.027115,9.131081,9.476868,9.321407,9.113758,8.957737,8.923035,8.905678,8.853588,8.923035,8.905678,8.992432,8.992432,9.044441,9.061775,9.096436,9.096436,9.044441,9.131081,9.113758,9.096436,9.131081,9.061775,9.113758,9.234943,9.286831,9.269539,9.286831,9.459610,9.355976,9.269539,9.355976,9.338692,9.269539,9.373260,9.407806,9.373260,9.580376,10.027649,9.924606,9.941792,9.632080,9.459610,9.390537,9.269539,9.511379,9.528633,9.425079,9.425079,9.425079,9.528633,9.407806,9.407806,9.528633,9.494129,9.700993,9.890244,9.890244,9.787056,9.718216,9.769852,9.804260,9.787056,9.769852,9.683773,9.752644,9.545887,9.476868,9.355976,9.390537,9.563126,9.580376,9.494129,9.407806,9.407806,9.321407,9.200333,9.252239,9.390537,9.563126,9.683773,9.649315,9.494129,9.131081,9.252239,9.165710,9.304119,9.321407,9.286831,9.338692,9.234943,9.286831,9.234943,9.183022,9.165710,9.217640,9.096436,9.217640,9.113758,9.061775,9.044441,9.027115,
5.158604,5.230549,5.320412,5.338371,5.392242,5.356339,5.356339,5.392242,5.410194,5.446091,5.410194,5.446091,5.392242,5.481972,5.446091,5.499908,5.571625,5.392242,5.499908,5.410194,5.535770,5.553699,5.446091,5.517838,5.607468,5.661201,5.786484,5.893753,6.036610,6.375134,6.552864,6.517342,6.339550,6.303955,6.339550,6.410706,6.481804,6.606125,6.588379,6.535103,6.730297,6.694839,6.872036,6.872036,6.872036,6.907440,6.889732,6.818905,6.801193,6.694839,6.730297,6.730297,6.730297,6.712570,6.677101,6.588379,6.677101,6.677101,6.854328,6.960518,7.172585,7.190231,7.225533,7.119606,7.101940,7.084278,7.101940,7.207882,7.260815,7.296085,7.384212,7.313717,7.331345,7.366592,7.384212,7.419441,7.595413,7.525059,7.489868,7.489868,7.577831,7.472267,7.630577,7.560242,7.630577,7.489868,7.542656,7.700855,7.683289,7.771088,7.683289,7.595413,7.788635,8.174004,8.261383,7.963982,7.560242,7.542656,7.507469,7.401833,7.366592,7.419441,7.507469,7.560242,7.577831,7.560242,7.683289,7.683289,7.648148,7.577831,7.911411,8.470791,8.453358,8.383591,8.226437,8.261383,8.174004,8.104042,8.121536,8.226437,8.208961,8.121536,8.278851,8.278851,8.261383,8.139027,8.174004,8.121536,8.139027,8.156513,8.069046,8.156513,8.191483,8.435913,8.575333,8.627563,8.557915,8.505650,8.435913,8.366138,8.313774,8.401035,8.401035,8.348686,8.418476,8.453358,8.523075,8.644970,8.662369,8.557915,8.592743,8.470791,8.366138,8.383591,8.191483,8.208961,8.313774,8.156513,8.174004,8.139027,8.174004,8.086544,8.051544,8.069046,8.278851,8.418476,8.418476,8.331230,9.027115,9.165710,9.061775,8.575333,8.296310,8.191483,8.208961,8.313774,8.366138,8.296310,8.313774,8.435913,8.453358,8.488220,8.592743,8.610161,8.540497,8.592743,8.714558,8.818848,8.766716,8.888317,8.923035,9.009773,9.009773,9.079109,9.027115,8.975086,9.217640,9.113758,9.113758,9.286831,9.044441,9.113758,9.148392,9.494129,9.580376,9.614849,9.355976,9.286831,9.234943,9.304119,9.113758,9.027115,8.975086,9.096436,9.131081,8.992432,8.992432,9.061775,8.975086,9.286831,9.252239,9.096436,9.165710,9.131081,9.061775,9.165710,9.234943,9.338692,9.321407,9.338692,9.286831,9.390537,9.252239,9.131081,9.131081,9.148392,9.113758,9.079109,9.131081,9.061775,9.200333,9.079109,9.131081,8.957737,9.009773,8.923035,8.853588,8.975086,9.027115,9.079109,9.009773,8.888317,9.061775,9.321407,9.700993,9.752644,9.355976,8.749332,8.644970,8.679768,8.836220,9.027115,9.148392,8.940388,8.975086,8.923035,8.905678,8.870953,8.923035,8.923035,8.923035,9.044441,8.870953,9.027115,8.853588,8.957737,8.923035,8.923035,9.027115,9.148392,9.442345,9.269539,9.113758,9.131081,9.425079,9.459610,9.355976,9.200333,9.355976,9.838661,9.752644,9.580376,9.286831,9.200333,9.286831,9.286831,9.321407,9.390537,9.355976,9.425079,9.494129,9.373260,9.390537,9.390537,9.407806,9.355976,9.200333,9.407806,9.442345,9.494129,9.649315,9.735428,9.476868,9.096436,9.061775,8.870953,8.836220,8.818848,8.888317,8.818848,8.957737,8.975086,9.079109,9.131081,9.165710,9.148392,9.234943,9.113758,9.079109,9.044441,8.905678,8.870953,8.870953,8.957737,8.870953,8.905678,8.923035,8.992432,9.009773,8.923035,8.905678,8.818848,8.801476,8.940388,9.079109,9.718216,9.855862,9.907425,9.528633,9.027115,8.766716,8.801476,8.731949,8.784096,8.818848,8.888317,8.940388,9.009773,8.957737,9.096436,9.027115,9.286831,9.252239,9.131081,9.183022,9.217640,9.373260,9.373260,9.494129,9.580376,9.649315,9.683773,9.700993,9.718216,9.735428,9.683773,9.735428,9.752644,9.804260,9.873051,9.873051,9.890244,10.010487,9.993317,9.993317,9.838661,9.890244,9.924606,9.993317,10.044807,10.010487,10.010487,10.027649,10.044807,10.079128,10.079128,9.976139,10.044807,9.649315,9.855862,10.079128,10.233398,10.113426,10.096279,9.666546,9.061775,9.183022,9.009773,9.061775,9.079109,9.079109,9.148392,9.113758,9.165710,9.131081,9.113758,9.027115,8.905678,8.905678,8.801476,8.870953,8.923035,8.940388,8.905678,8.923035,8.905678,8.923035,8.853588,8.870953,8.836220,8.923035,8.853588,8.905678,8.923035,8.975086,9.061775,9.148392,9.804260,9.907425,9.924606,9.545887,9.425079,9.321407,9.252239,9.252239,9.200333,9.286831,9.304119,9.234943,9.286831,9.286831,9.373260,9.321407,9.407806,9.494129,9.545887,9.666546,9.632080,9.632080,9.597610,9.511379,9.459610,9.304119,9.304119,9.286831,9.355976,9.390537,9.355976,9.373260,9.373260,9.425079,9.476868,9.459610,9.580376,9.787056,9.683773,9.683773,9.597610,9.494129,9.442345,9.390537,9.442345,9.286831,9.304119,9.165710,9.269539,9.079109,9.096436,9.096436,9.131081,9.304119,9.373260,9.683773,9.700993,9.511379,9.079109,8.836220,8.818848,8.749332,8.801476,8.853588,8.870953,8.801476,8.870953,8.905678,8.836220,8.888317,8.853588,8.853588,8.992432,8.923035,8.888317,8.940388,9.113758,9.009773,8.818848,9.009773,8.905678,8.975086,8.975086,8.992432,9.079109,9.027115,9.148392,9.096436,9.061775,9.286831,9.425079,9.442345,9.476868,9.390537,9.079109,8.923035,8.905678,8.940388,9.009773,9.009773,9.183022,9.234943,9.131081,9.148392,9.148392,9.027115,8.923035,9.027115,8.975086,9.009773,9.061775,9.096436,9.044441,8.992432,9.096436,9.200333,9.200333,9.096436,9.096436,9.096436,9.096436,9.079109,9.044441,9.061775,9.009773,9.183022,9.200333,9.304119,9.286831,9.304119,9.269539,9.252239,9.200333,9.252239,9.234943,9.304119,9.286831,9.390537,9.580376,9.890244,9.958965,9.563126,9.355976,9.148392,9.148392,9.113758,9.183022,9.200333,9.131081,9.200333,9.183022,9.183022,9.165710,9.096436,9.061775,9.131081,9.649315,9.873051,9.855862,9.683773,9.649315,9.718216,9.632080,9.683773,9.666546,9.752644,9.580376,9.649315,9.545887,9.494129,9.597610,9.700993,9.597610,9.580376,9.632080,9.580376,9.476868,9.476868,9.494129,9.632080,9.735428,9.666546,9.580376,9.511379,9.338692,9.407806,9.459610,9.476868,9.425079,9.494129,9.494129,9.580376,9.476868,9.494129,9.390537,9.373260,9.338692,9.269539,9.217640,9.234943,9.165710,9.131081,9.061775,
4.996559,5.068611,5.068611,5.068611,5.176598,5.374290,5.374290,5.481972,5.535770,5.428139,5.481972,5.589546,5.571625,5.625381,5.571625,5.732807,5.643291,5.643291,5.553699,5.607468,5.446091,5.464031,5.499908,5.589546,5.643291,5.661201,5.643291,5.732807,5.893753,6.286148,6.464035,6.303955,6.161457,6.107971,6.143627,6.179276,6.339550,6.303955,6.428486,6.357342,6.481804,6.517342,6.499577,6.588379,6.623875,6.623875,6.535103,6.748028,6.641617,6.606125,6.606125,6.446259,6.588379,6.552864,6.570625,6.552864,6.677101,6.606125,6.765751,6.694839,6.765751,7.119606,7.154926,7.313717,7.225533,7.137272,7.048931,7.137272,7.207882,7.137272,7.278450,7.278450,7.348972,7.437057,7.437057,7.437057,7.419441,7.507469,7.612995,7.648148,7.489868,7.577831,7.665718,7.665718,7.665718,7.665718,7.683289,7.718422,7.806187,7.823730,7.718422,7.700855,7.841270,8.069046,8.051544,7.999016,7.788635,7.577831,7.525059,7.419441,7.437057,7.419441,7.454662,7.437057,7.525059,7.525059,7.612995,7.454662,7.454662,7.384212,7.823730,8.313774,8.331230,8.278851,7.788635,7.612995,7.525059,7.507469,7.560242,7.665718,7.683289,7.718422,7.718422,7.735977,7.823730,7.823730,7.735977,7.841270,7.963982,7.999016,7.981499,7.876347,8.016525,7.928940,8.051544,7.963982,8.016525,8.121536,8.034035,7.999016,8.104042,8.104042,8.104042,8.226437,8.383591,8.575333,8.662369,8.853588,8.801476,8.731949,8.644970,8.557915,8.435913,8.557915,8.557915,8.575333,8.540497,8.575333,8.557915,8.557915,8.488220,8.557915,8.523075,8.540497,8.592743,8.714558,8.505650,8.401035,8.923035,9.113758,8.975086,8.766716,8.278851,8.208961,8.208961,8.296310,8.226437,8.261383,8.226437,8.313774,8.348686,8.401035,8.435913,8.313774,8.383591,8.383591,8.348686,8.540497,8.523075,8.488220,8.523075,8.540497,8.575333,8.627563,8.523075,8.488220,8.610161,8.523075,8.523075,8.575333,8.470791,8.592743,8.575333,9.321407,9.442345,9.407806,8.905678,8.818848,8.662369,8.697163,8.557915,8.627563,8.627563,8.662369,8.766716,8.766716,8.697163,8.679768,8.731949,8.749332,8.801476,8.749332,8.957737,8.940388,8.940388,9.009773,8.992432,9.079109,9.183022,9.217640,9.304119,9.304119,9.234943,9.304119,9.252239,9.373260,9.425079,9.545887,9.735428,9.821461,9.838661,9.666546,9.666546,9.528633,9.563126,9.442345,9.390537,9.286831,9.286831,9.321407,9.234943,9.234943,9.183022,9.407806,9.752644,9.700993,9.545887,8.992432,8.957737,9.009773,9.113758,9.390537,9.355976,9.096436,9.027115,9.079109,8.940388,8.975086,9.044441,9.027115,8.905678,8.975086,8.853588,8.905678,8.836220,8.870953,8.870953,8.923035,8.888317,9.027115,9.252239,9.217640,9.009773,8.992432,8.975086,9.096436,9.079109,8.957737,9.200333,9.735428,9.752644,9.373260,9.009773,8.888317,8.940388,8.836220,8.992432,9.044441,8.940388,8.975086,9.009773,8.975086,9.027115,9.113758,9.269539,9.234943,9.321407,9.252239,9.286831,9.390537,9.390537,9.407806,9.286831,9.234943,9.148392,9.148392,9.217640,9.027115,9.079109,9.269539,9.269539,9.304119,9.442345,9.632080,9.683773,9.528633,9.528633,9.373260,9.269539,9.200333,9.148392,9.200333,9.113758,9.079109,9.079109,9.044441,9.061775,9.148392,8.975086,9.009773,8.975086,8.992432,8.992432,8.957737,9.027115,9.580376,9.769852,9.735428,9.476868,9.061775,8.836220,8.749332,8.801476,8.749332,8.818848,8.784096,8.801476,8.714558,8.749332,8.801476,8.801476,8.731949,8.853588,8.905678,8.957737,9.061775,9.079109,9.044441,9.113758,9.148392,9.269539,9.304119,9.165710,9.165710,9.009773,9.061775,8.992432,9.113758,8.992432,9.183022,9.269539,9.597610,9.855862,9.907425,9.890244,9.769852,9.752644,9.787056,9.735428,9.804260,9.821461,9.890244,9.873051,9.890244,10.096279,10.164867,9.993317,10.044807,10.044807,10.250530,10.096279,10.164867,10.130581,10.027649,9.941792,9.804260,9.804260,9.718216,9.769852,9.924606,9.907425,9.941792,9.924606,9.666546,9.649315,9.597610,9.528633,9.476868,9.304119,9.321407,9.269539,9.304119,9.252239,9.131081,9.252239,9.217640,9.079109,9.096436,9.131081,9.165710,9.096436,9.096436,9.027115,9.113758,9.027115,9.096436,9.183022,9.873051,10.061974,9.855862,9.511379,9.234943,9.183022,9.252239,9.131081,9.200333,9.165710,9.183022,9.234943,9.183022,9.200333,9.217640,9.338692,9.234943,9.304119,9.373260,9.528633,9.476868,9.476868,9.511379,9.528633,9.476868,9.355976,9.355976,9.390537,9.494129,9.459610,9.373260,9.476868,9.338692,9.407806,9.425079,9.563126,9.890244,9.976139,9.924606,9.924606,9.804260,9.769852,9.666546,9.563126,9.494129,9.407806,9.459610,9.442345,9.425079,9.494129,9.459610,9.407806,9.545887,9.597610,9.700993,9.683773,9.683773,9.390537,9.096436,8.870953,8.853588,8.836220,8.923035,8.836220,8.870953,8.888317,8.818848,8.818848,8.957737,8.853588,8.836220,8.870953,8.923035,8.975086,8.853588,8.992432,8.957737,8.749332,8.714558,8.853588,8.784096,8.888317,8.940388,8.957737,8.905678,8.923035,8.836220,8.888317,8.836220,8.853588,9.286831,9.459610,9.528633,9.165710,8.766716,8.592743,8.627563,8.714558,8.731949,8.784096,8.818848,8.766716,8.784096,8.940388,8.836220,8.888317,8.818848,8.784096,8.766716,8.975086,8.975086,9.044441,9.044441,9.148392,9.165710,9.217640,9.200333,9.165710,9.165710,9.165710,9.096436,9.131081,9.113758,9.148392,9.165710,9.269539,9.425079,9.597610,9.718216,9.752644,9.700993,9.597610,9.614849,9.632080,9.597610,9.476868,9.563126,9.683773,9.941792,9.907425,9.700993,9.390537,9.165710,9.113758,9.165710,9.079109,9.217640,9.252239,9.234943,9.131081,9.217640,9.113758,9.200333,9.200333,9.286831,9.321407,9.821461,9.873051,9.838661,9.373260,9.234943,9.234943,9.252239,9.217640,9.252239,9.321407,9.390537,9.338692,9.148392,9.165710,9.096436,9.096436,9.148392,9.183022,9.304119,9.304119,9.252239,9.200333,9.200333,9.148392,9.304119,9.494129,9.442345,9.528633,9.425079,9.459610,9.494129,9.649315,9.597610,9.614849,9.649315,9.649315,9.752644,9.666546,9.632080,9.528633,9.563126,9.321407,9.269539,9.338692,9.321407,9.390537,9.442345,
4.834267,4.780113,4.924461,4.924461,5.014572,5.122616,5.266499,5.230549,5.446091,5.499908,5.446091,5.571625,5.571625,5.589546,5.589546,5.714912,5.679108,5.786484,5.804367,5.804367,5.875885,5.750706,5.679108,5.679108,5.714912,5.893753,5.786484,5.965206,6.125797,6.321754,6.481804,6.392914,6.321754,6.286148,6.339550,6.339550,6.428486,6.535103,6.446259,6.570625,6.552864,6.623875,6.623875,6.677101,6.641617,6.588379,6.570625,6.570625,6.535103,6.410706,6.392914,6.375134,6.375134,6.428486,6.428486,6.464035,6.552864,6.570625,6.606125,6.552864,6.623875,6.783474,7.172585,7.296085,7.013577,6.730297,6.677101,6.836617,6.783474,6.659363,6.801193,6.889732,6.978207,6.960518,7.013577,6.907440,6.978207,7.013577,7.207882,7.154926,7.260815,7.278450,7.489868,7.542656,7.489868,7.542656,7.612995,7.630577,7.753536,7.718422,7.753536,7.735977,7.841270,7.858810,8.016525,8.121536,7.981499,7.771088,7.735977,7.665718,7.648148,7.630577,7.542656,7.348972,7.612995,7.542656,7.560242,7.489868,7.437057,7.454662,7.542656,7.999016,8.191483,8.174004,7.735977,7.348972,7.437057,7.542656,7.577831,7.612995,7.683289,7.683289,7.683289,7.735977,7.700855,7.648148,7.630577,7.648148,7.753536,7.665718,7.718422,7.718422,7.700855,7.718422,7.665718,7.683289,7.735977,7.700855,7.630577,7.665718,7.630577,7.665718,7.700855,7.683289,7.928940,8.331230,8.662369,8.697163,8.470791,8.174004,8.016525,8.034035,8.069046,8.156513,8.156513,8.208961,8.174004,8.261383,8.401035,8.505650,8.575333,8.592743,8.627563,8.923035,9.061775,9.044441,8.801476,8.749332,9.061775,9.044441,9.165710,8.888317,8.662369,8.644970,8.714558,8.697163,8.784096,8.592743,8.610161,8.679768,8.731949,8.731949,8.644970,8.592743,8.697163,8.557915,8.644970,8.644970,8.610161,8.627563,8.523075,8.557915,8.575333,8.470791,8.470791,8.435913,8.435913,8.505650,8.505650,8.418476,8.470791,8.418476,8.418476,9.183022,9.234943,9.165710,8.557915,8.401035,8.401035,8.383591,8.383591,8.418476,8.523075,8.488220,8.540497,8.418476,8.488220,8.470791,8.453358,8.453358,8.470791,8.505650,8.540497,8.418476,8.627563,8.575333,8.662369,8.644970,8.540497,8.679768,8.679768,8.766716,8.731949,8.749332,8.766716,8.766716,8.905678,9.234943,9.787056,9.804260,9.769852,9.614849,9.563126,9.425079,9.407806,9.442345,9.373260,9.528633,9.580376,9.494129,9.563126,9.632080,9.459610,9.649315,9.700993,9.649315,9.545887,9.666546,9.632080,9.563126,9.632080,9.700993,9.649315,9.649315,9.563126,9.632080,9.390537,9.476868,9.425079,9.494129,9.459610,9.563126,9.442345,9.355976,9.373260,9.338692,9.373260,9.200333,9.286831,9.494129,9.649315,9.494129,9.131081,9.061775,9.044441,8.975086,9.079109,8.957737,9.321407,9.855862,9.718216,9.511379,9.252239,9.183022,9.061775,9.027115,9.027115,8.888317,8.957737,8.905678,8.784096,8.714558,8.818848,8.801476,8.784096,8.749332,8.766716,8.766716,8.697163,8.818848,8.749332,8.853588,8.801476,8.888317,9.009773,9.027115,9.061775,9.044441,9.183022,9.183022,9.234943,9.165710,9.183022,9.476868,9.700993,9.838661,9.666546,9.252239,9.183022,9.217640,9.200333,9.217640,9.321407,9.338692,9.355976,9.321407,9.373260,9.269539,9.217640,9.355976,9.373260,9.338692,9.321407,9.183022,9.321407,9.666546,9.752644,9.769852,9.649315,9.286831,9.234943,9.183022,9.165710,9.079109,8.975086,8.957737,8.975086,8.870953,8.836220,8.870953,8.853588,8.923035,8.818848,8.836220,8.957737,8.940388,9.061775,9.061775,9.096436,9.061775,9.148392,9.096436,9.131081,9.009773,8.784096,8.818848,8.836220,8.870953,8.679768,8.836220,9.009773,9.494129,9.804260,9.769852,9.735428,9.321407,9.061775,9.009773,9.027115,9.009773,9.096436,9.165710,9.183022,9.269539,9.338692,9.304119,9.355976,9.407806,9.442345,9.563126,9.649315,9.649315,9.735428,9.855862,9.735428,9.924606,9.907425,9.907425,9.924606,9.976139,10.061974,10.044807,10.079128,9.941792,9.941792,9.924606,9.993317,9.941792,10.061974,10.044807,9.958965,9.873051,9.941792,9.873051,9.821461,9.890244,9.821461,9.838661,9.752644,9.718216,9.649315,9.597610,9.718216,9.580376,9.355976,9.476868,9.545887,9.976139,10.250530,10.113426,9.787056,9.597610,9.545887,9.425079,9.494129,9.476868,9.511379,9.597610,9.563126,9.632080,9.563126,9.597610,9.459610,9.459610,9.459610,9.425079,9.390537,9.425079,9.425079,9.355976,9.355976,9.321407,9.165710,9.269539,9.217640,9.321407,9.269539,9.321407,9.286831,9.252239,9.252239,9.304119,9.700993,10.061974,10.147728,10.096279,9.804260,9.597610,9.390537,9.355976,9.321407,9.183022,9.234943,9.442345,9.321407,9.528633,9.528633,9.476868,9.476868,9.632080,9.597610,9.545887,9.545887,9.442345,9.355976,9.183022,9.131081,9.183022,9.131081,9.096436,9.044441,9.061775,9.096436,9.183022,9.183022,9.148392,8.975086,9.183022,9.113758,9.355976,9.165710,9.234943,9.217640,9.200333,9.061775,8.888317,8.940388,8.870953,8.940388,9.061775,9.061775,8.975086,8.957737,8.975086,8.905678,8.870953,9.027115,9.373260,9.511379,9.494129,9.131081,8.818848,8.766716,8.766716,8.766716,8.784096,8.731949,8.714558,8.714558,8.697163,8.784096,8.749332,8.610161,8.644970,8.679768,8.592743,8.610161,8.697163,8.697163,8.731949,8.766716,8.784096,8.975086,8.975086,8.957737,8.975086,8.957737,8.923035,9.079109,8.940388,8.923035,8.940388,9.217640,9.476868,9.873051,9.838661,9.855862,9.683773,9.683773,9.666546,9.632080,9.666546,9.804260,9.838661,9.769852,9.855862,9.821461,9.614849,9.442345,9.321407,9.304119,9.355976,9.338692,9.355976,9.321407,9.355976,9.217640,9.338692,9.338692,9.321407,9.355976,9.390537,9.580376,9.941792,9.769852,9.718216,9.390537,9.338692,9.148392,9.321407,9.252239,9.217640,9.200333,9.044441,9.148392,9.044441,9.044441,8.975086,9.027115,9.027115,9.044441,8.992432,9.009773,9.044441,9.044441,8.957737,8.888317,8.957737,9.079109,9.044441,8.975086,8.975086,8.992432,9.200333,9.286831,9.165710,9.234943,9.165710,9.459610,9.511379,9.476868,9.269539,9.183022,9.096436,9.061775,9.165710,9.286831,9.286831,9.494129,9.442345,
4.743999,4.816223,4.834267,4.870358,4.924461,5.014572,5.086613,5.122616,5.302444,5.320412,5.374290,5.535770,5.571625,5.607468,5.517838,5.553699,5.750706,5.750706,5.804367,5.750706,5.768597,5.804367,5.768597,5.732807,5.947346,5.965206,6.054455,6.000916,6.090134,6.339550,6.392914,6.375134,6.303955,6.446259,6.446259,6.570625,6.694839,6.623875,6.570625,6.694839,6.783474,6.836617,6.765751,6.783474,6.801193,6.730297,6.641617,6.730297,6.730297,6.712570,6.623875,6.588379,6.606125,6.392914,6.499577,6.535103,6.623875,6.659363,6.606125,6.677101,6.836617,6.801193,6.995895,7.137272,6.978207,6.712570,6.694839,6.641617,6.677101,6.694839,6.694839,6.818905,6.854328,6.748028,6.818905,6.889732,6.854328,6.925133,6.925133,6.942829,7.084278,7.084278,7.190231,7.225533,7.296085,7.190231,7.296085,7.243172,7.384212,7.472267,7.472267,7.472267,7.454662,7.384212,7.612995,8.069046,8.034035,7.981499,7.612995,7.630577,7.630577,7.612995,7.577831,7.507469,7.577831,7.595413,7.595413,7.472267,7.454662,7.454662,7.612995,7.876347,7.981499,7.841270,7.806187,7.560242,7.665718,7.700855,7.735977,7.911411,7.806187,7.823730,7.893879,7.823730,7.841270,7.718422,7.665718,7.771088,7.946465,7.963982,7.999016,7.911411,7.841270,7.735977,7.735977,7.735977,7.648148,7.665718,7.612995,7.648148,7.718422,7.700855,7.735977,7.665718,7.753536,8.156513,8.453358,8.470791,8.366138,7.946465,7.753536,7.683289,7.735977,7.753536,7.648148,7.735977,7.823730,7.841270,7.911411,8.069046,7.999016,8.086544,8.226437,8.836220,9.009773,8.905678,8.766716,8.470791,8.557915,8.540497,8.679768,8.679768,8.662369,8.697163,8.784096,8.836220,8.992432,8.888317,8.957737,9.027115,9.061775,9.131081,9.113758,9.113758,9.096436,9.044441,9.027115,9.009773,8.975086,9.027115,9.096436,9.061775,8.923035,8.870953,8.905678,8.818848,8.870953,8.923035,8.749332,8.749332,8.627563,8.679768,8.662369,8.940388,9.165710,9.217640,8.836220,8.679768,8.679768,8.592743,8.714558,8.749332,8.749332,8.766716,8.957737,8.801476,8.818848,8.766716,8.644970,8.679768,8.679768,8.610161,8.766716,8.766716,8.766716,8.784096,8.697163,8.662369,8.627563,8.610161,8.610161,8.557915,8.575333,8.575333,8.592743,8.610161,8.766716,8.975086,9.787056,9.700993,9.304119,8.853588,8.714558,8.644970,8.610161,8.592743,8.679768,8.853588,8.940388,8.888317,8.923035,9.061775,9.061775,9.096436,9.079109,9.234943,9.390537,9.476868,9.563126,9.494129,9.390537,9.304119,9.407806,9.425079,9.476868,9.528633,9.545887,9.700993,9.632080,9.683773,9.769852,9.855862,9.907425,9.907425,9.924606,9.873051,9.769852,9.614849,9.769852,9.873051,9.907425,9.924606,9.752644,9.666546,9.649315,9.528633,9.545887,9.425079,9.769852,9.907425,9.855862,9.958965,9.873051,9.804260,9.718216,9.683773,9.494129,9.545887,9.390537,9.269539,9.183022,9.027115,9.061775,9.096436,9.044441,8.992432,8.940388,8.905678,8.975086,8.818848,8.818848,8.766716,8.801476,8.853588,8.801476,8.784096,8.784096,8.766716,8.818848,8.836220,8.784096,8.853588,8.905678,9.407806,9.752644,9.873051,9.511379,8.923035,8.749332,8.749332,8.801476,8.870953,8.888317,8.957737,9.079109,8.905678,9.113758,9.200333,9.148392,9.079109,9.234943,9.217640,9.131081,9.269539,9.304119,9.407806,9.545887,9.545887,9.390537,9.390537,9.355976,9.373260,9.304119,9.148392,9.234943,9.304119,9.304119,9.044441,9.131081,9.252239,9.442345,9.373260,9.355976,9.286831,9.165710,9.131081,9.183022,9.217640,9.217640,9.183022,9.148392,9.234943,9.148392,8.992432,8.992432,8.940388,8.888317,8.923035,8.905678,8.853588,9.044441,9.511379,9.804260,9.855862,9.769852,9.407806,9.148392,8.992432,8.836220,8.818848,8.870953,8.818848,8.853588,8.957737,8.940388,8.870953,8.975086,8.957737,9.096436,9.079109,9.044441,9.113758,9.131081,9.234943,9.321407,9.511379,9.459610,9.321407,9.252239,9.269539,9.390537,9.390537,9.390537,9.425079,9.355976,9.407806,9.442345,9.442345,10.061974,10.079128,10.061974,9.890244,9.787056,9.769852,9.838661,9.976139,9.993317,9.958965,10.027649,10.044807,10.079128,10.027649,10.061974,9.976139,9.787056,9.890244,10.079128,10.199139,10.199139,10.199139,10.130581,10.182007,10.096279,10.199139,10.147728,10.079128,10.182007,10.182007,10.250530,10.250530,10.336117,10.216270,10.182007,10.061974,9.993317,9.752644,9.718216,9.545887,9.442345,9.442345,9.407806,9.442345,9.442345,9.442345,9.355976,9.666546,9.563126,9.425079,9.321407,9.373260,9.425079,9.580376,10.044807,10.096279,10.182007,10.079128,9.494129,9.217640,9.131081,9.061775,9.009773,9.027115,9.096436,9.304119,9.269539,9.338692,9.425079,9.442345,9.597610,9.459610,9.269539,9.217640,9.286831,9.131081,9.131081,9.131081,9.131081,9.079109,9.131081,9.113758,9.061775,9.113758,9.234943,9.321407,9.442345,9.286831,9.269539,9.355976,9.563126,9.649315,9.683773,9.545887,9.373260,9.321407,9.321407,9.321407,9.286831,9.269539,9.252239,9.286831,9.338692,9.321407,9.373260,9.304119,9.079109,9.234943,9.338692,9.580376,9.511379,9.563126,9.304119,9.148392,9.079109,9.131081,9.079109,9.113758,8.923035,8.870953,8.888317,8.853588,8.888317,8.853588,8.731949,8.801476,8.801476,8.870953,8.940388,8.888317,8.940388,8.888317,8.853588,8.853588,8.940388,8.905678,8.714558,8.749332,8.853588,8.749332,8.784096,8.801476,8.870953,8.870953,9.027115,9.666546,9.873051,9.958965,9.666546,9.425079,9.407806,9.373260,9.442345,9.563126,9.476868,9.545887,9.597610,9.735428,9.683773,9.614849,9.425079,9.476868,9.459610,9.355976,9.407806,9.373260,9.459610,9.614849,9.511379,9.563126,9.563126,9.614849,9.700993,9.683773,9.873051,9.769852,9.787056,9.649315,9.614849,9.614849,9.528633,9.563126,9.597610,9.614849,9.580376,9.425079,9.390537,9.269539,9.234943,9.079109,8.992432,9.027115,8.992432,9.009773,9.061775,9.096436,8.957737,8.957737,8.957737,8.940388,8.923035,8.870953,8.905678,8.923035,8.975086,8.940388,8.940388,8.888317,8.836220,8.992432,9.269539,9.321407,9.165710,9.009773,8.888317,8.836220,8.784096,8.731949,8.957737,8.836220,8.905678,9.096436,
4.888393,4.816223,4.942490,4.834267,4.942490,4.870358,5.122616,5.158604,5.158604,5.410194,5.356339,5.464031,5.392242,5.446091,5.499908,5.607468,5.607468,5.625381,5.661201,5.679108,5.643291,5.768597,5.893753,5.822250,5.786484,5.822250,5.714912,5.875885,5.875885,5.929482,6.000916,6.054455,6.250534,6.303955,6.446259,6.535103,6.606125,6.659363,6.677101,6.730297,6.730297,6.730297,6.836617,6.836617,6.730297,6.623875,6.606125,6.677101,6.748028,6.801193,6.854328,6.783474,6.677101,6.623875,6.570625,6.677101,6.677101,6.694839,6.677101,6.730297,6.730297,6.783474,6.872036,7.101940,6.942829,6.712570,6.748028,6.694839,6.730297,6.872036,6.836617,6.872036,6.818905,6.872036,6.907440,6.925133,6.889732,6.942829,7.084278,7.172585,7.225533,7.331345,7.366592,7.489868,7.542656,7.560242,7.577831,7.507469,7.472267,7.419441,7.419441,7.454662,7.542656,7.489868,7.612995,8.191483,8.174004,8.104042,7.665718,7.560242,7.489868,7.472267,7.525059,7.630577,7.525059,7.525059,7.472267,7.525059,7.454662,7.542656,7.542656,7.612995,7.683289,7.595413,7.665718,7.648148,7.683289,7.806187,7.841270,7.893879,7.823730,7.841270,7.893879,7.893879,7.823730,7.771088,7.753536,7.806187,8.086544,8.366138,8.418476,8.226437,7.858810,7.648148,7.665718,7.700855,7.718422,7.700855,7.665718,7.700855,7.700855,7.683289,7.718422,7.753536,7.788635,8.016525,8.243912,8.296310,8.383591,8.051544,7.928940,7.893879,7.893879,7.911411,7.893879,7.963982,7.946465,8.051544,8.174004,8.069046,8.156513,8.051544,8.226437,8.644970,8.940388,8.836220,8.435913,7.999016,7.893879,8.016525,8.051544,8.069046,8.121536,8.156513,8.174004,8.313774,8.401035,8.401035,8.470791,8.644970,8.610161,8.801476,8.853588,8.975086,9.027115,8.905678,8.836220,8.870953,8.888317,8.923035,8.940388,8.940388,8.992432,9.027115,9.009773,9.044441,8.975086,9.217640,9.044441,8.905678,8.697163,8.523075,8.557915,8.557915,8.679768,8.662369,8.644970,8.592743,8.714558,8.697163,8.697163,8.731949,8.853588,9.009773,9.200333,9.286831,9.131081,9.027115,8.975086,9.009773,8.923035,9.061775,8.940388,9.044441,9.009773,9.044441,8.923035,9.009773,9.044441,9.027115,8.975086,8.905678,8.957737,8.940388,8.836220,8.888317,8.853588,8.975086,9.390537,9.528633,9.148392,8.540497,8.488220,8.470791,8.348686,8.366138,8.453358,8.540497,8.557915,8.523075,8.610161,8.488220,8.610161,8.662369,8.731949,8.557915,8.697163,8.801476,8.784096,8.714558,8.766716,8.784096,8.731949,8.818848,8.853588,8.801476,8.992432,8.940388,9.079109,9.183022,9.252239,9.355976,9.752644,9.838661,9.873051,9.683773,9.304119,9.321407,9.321407,9.528633,9.666546,9.632080,9.787056,9.873051,9.924606,9.787056,9.873051,9.941792,9.993317,9.907425,9.907425,9.958965,9.958965,9.993317,9.804260,9.718216,9.735428,9.683773,9.700993,9.597610,9.632080,9.683773,9.700993,9.700993,9.632080,9.580376,9.580376,9.614849,9.718216,9.649315,9.476868,9.442345,9.442345,9.442345,9.338692,9.217640,9.165710,9.338692,9.321407,9.304119,9.200333,9.113758,9.200333,9.563126,9.787056,9.752644,9.494129,8.940388,8.801476,8.766716,8.853588,8.784096,8.836220,8.870953,8.888317,8.905678,8.818848,8.784096,8.784096,8.870953,8.905678,8.940388,8.870953,8.905678,8.905678,9.148392,9.079109,9.096436,9.044441,8.992432,8.975086,8.975086,9.096436,8.940388,8.975086,9.079109,9.061775,8.975086,8.905678,9.234943,9.459610,9.632080,9.476868,9.390537,9.269539,9.252239,9.252239,9.286831,9.373260,9.321407,9.442345,9.373260,9.234943,9.338692,9.234943,9.252239,9.373260,9.183022,9.200333,9.321407,9.390537,9.580376,9.804260,9.787056,9.735428,9.821461,9.735428,9.425079,9.113758,9.096436,9.079109,9.027115,8.992432,8.940388,9.079109,9.113758,9.148392,9.148392,9.304119,9.234943,9.217640,9.217640,9.165710,9.286831,9.269539,9.234943,9.165710,9.113758,9.061775,8.992432,8.957737,8.940388,8.905678,8.870953,8.836220,8.923035,8.888317,9.131081,10.010487,10.044807,9.873051,9.459610,9.355976,9.459610,9.373260,9.597610,9.494129,9.649315,9.787056,9.718216,9.769852,9.787056,9.941792,9.873051,9.752644,9.718216,9.924606,9.821461,9.890244,9.941792,9.993317,10.061974,10.113426,10.096279,10.147728,10.216270,10.199139,10.267654,10.267654,10.284771,10.284771,10.164867,10.404537,10.387436,10.387436,10.267654,10.284771,10.182007,10.061974,9.907425,9.907425,9.769852,9.821461,9.838661,9.838661,9.787056,9.873051,10.010487,9.821461,9.838661,9.890244,10.044807,10.319000,10.284771,10.455822,10.113426,9.563126,9.407806,9.321407,9.252239,9.200333,9.234943,9.373260,9.459610,9.545887,9.494129,9.442345,9.511379,9.563126,9.494129,9.442345,9.286831,9.252239,9.217640,9.217640,9.131081,9.113758,9.079109,9.044441,9.200333,9.217640,9.234943,9.442345,9.407806,9.442345,9.304119,9.442345,9.390537,9.735428,9.924606,9.941792,9.597610,9.407806,9.321407,9.165710,9.183022,9.269539,9.286831,9.355976,9.373260,9.407806,9.338692,9.425079,9.355976,9.390537,9.442345,9.459610,9.511379,9.476868,9.476868,9.355976,9.355976,9.373260,9.304119,9.355976,9.304119,9.217640,9.321407,9.286831,9.234943,9.131081,9.096436,9.165710,9.200333,9.338692,9.373260,9.476868,9.494129,9.321407,9.269539,9.252239,9.304119,9.148392,9.165710,9.183022,9.217640,9.217640,9.183022,9.148392,9.165710,9.148392,9.183022,9.528633,9.958965,9.976139,9.804260,9.649315,9.321407,9.373260,9.355976,9.390537,9.425079,9.407806,9.459610,9.494129,9.528633,9.338692,9.217640,9.252239,9.338692,9.390537,9.425079,9.511379,9.494129,9.459610,9.425079,9.355976,9.459610,9.545887,9.494129,9.407806,9.459610,9.563126,9.545887,9.649315,9.597610,9.632080,9.666546,9.683773,9.718216,9.700993,9.683773,9.632080,9.649315,9.442345,9.390537,9.373260,9.234943,9.217640,9.027115,9.131081,9.183022,9.234943,9.200333,9.148392,9.113758,9.113758,9.234943,9.165710,9.217640,9.096436,9.027115,9.096436,9.131081,8.992432,8.940388,8.992432,9.131081,9.442345,9.459610,9.200333,9.044441,8.923035,8.957737,8.957737,9.027115,8.905678,8.905678,8.888317,8.975086,
4.924461,4.924461,4.960514,4.924461,4.906425,4.996559,4.996559,5.032589,5.158604,5.302444,5.356339,5.499908,5.428139,5.392242,5.446091,5.535770,5.535770,5.517838,5.607468,5.553699,5.553699,5.732807,5.804367,5.804367,5.714912,5.625381,5.428139,5.410194,5.661201,5.804367,5.840134,5.911625,5.983063,6.179276,6.268349,6.339550,6.499577,6.588379,6.606125,6.730297,6.694839,6.748028,6.801193,6.694839,6.641617,6.481804,6.552864,6.535103,6.623875,6.801193,6.677101,6.552864,6.410706,6.410706,6.375134,6.339550,6.428486,6.410706,6.446259,6.481804,6.552864,6.552864,6.623875,6.730297,6.872036,6.765751,6.730297,6.748028,6.748028,6.730297,6.748028,6.818905,6.872036,6.960518,6.978207,7.013577,7.031254,7.225533,7.313717,7.401833,7.507469,7.577831,7.700855,7.911411,7.893879,7.963982,7.911411,7.823730,7.999016,7.858810,7.841270,7.893879,7.876347,7.876347,8.051544,8.278851,8.296310,8.243912,7.876347,7.700855,7.665718,7.700855,7.665718,7.630577,7.735977,7.612995,7.683289,7.735977,7.753536,7.648148,7.700855,7.718422,7.700855,7.788635,7.788635,7.735977,7.771088,7.735977,7.806187,7.806187,7.823730,7.806187,7.876347,7.788635,7.806187,7.718422,7.700855,7.823730,7.893879,8.453358,8.610161,8.261383,7.753536,7.665718,7.595413,7.612995,7.648148,7.683289,7.630577,7.630577,7.630577,7.735977,7.648148,7.700855,7.841270,7.858810,7.876347,7.963982,7.928940,7.963982,7.981499,8.156513,8.069046,8.069046,8.069046,8.139027,8.208961,8.331230,8.401035,8.348686,8.313774,8.488220,8.540497,8.905678,8.888317,8.888317,8.435913,8.051544,7.963982,7.841270,7.981499,8.086544,7.981499,8.191483,8.191483,8.139027,8.191483,8.086544,8.243912,8.208961,8.313774,8.296310,8.401035,8.401035,8.418476,8.331230,8.331230,8.401035,8.383591,8.470791,8.401035,8.313774,8.401035,8.575333,8.435913,8.557915,8.523075,9.079109,8.870953,8.488220,7.981499,7.911411,7.876347,7.771088,7.876347,7.841270,7.823730,7.893879,7.876347,7.928940,7.981499,8.016525,8.208961,8.540497,9.200333,9.131081,8.905678,8.662369,8.610161,8.627563,8.610161,8.575333,8.644970,8.679768,8.766716,8.818848,8.818848,8.853588,9.027115,8.975086,9.096436,9.096436,9.113758,9.113758,9.148392,9.096436,9.131081,9.165710,9.373260,9.304119,9.061775,8.888317,8.888317,8.714558,8.714558,8.662369,8.592743,8.679768,8.766716,8.870953,8.975086,8.801476,8.784096,8.853588,8.870953,8.766716,8.766716,8.957737,8.923035,8.888317,8.784096,8.818848,8.870953,8.836220,8.836220,8.870953,8.836220,8.853588,9.009773,8.870953,8.888317,8.992432,9.614849,9.752644,9.614849,9.131081,8.836220,8.749332,8.749332,8.836220,8.940388,9.061775,9.096436,9.390537,9.373260,9.321407,9.286831,9.511379,9.269539,9.252239,9.234943,9.338692,9.252239,9.286831,9.165710,9.165710,9.234943,9.338692,9.338692,9.269539,9.442345,9.425079,9.425079,9.476868,9.425079,9.407806,9.494129,9.873051,10.061974,9.958965,9.855862,9.855862,9.804260,9.752644,9.752644,9.735428,9.632080,9.752644,9.649315,9.700993,9.597610,9.718216,9.700993,9.855862,9.855862,9.873051,9.666546,9.338692,9.459610,9.355976,9.355976,9.321407,9.390537,9.321407,9.234943,9.286831,9.183022,9.079109,9.079109,9.217640,9.200333,9.131081,9.096436,9.113758,9.148392,9.079109,8.905678,8.975086,8.870953,8.766716,8.749332,8.801476,8.749332,8.766716,8.731949,8.731949,8.784096,8.575333,8.731949,9.165710,9.597610,9.511379,9.442345,9.044441,8.714558,8.679768,8.766716,8.749332,8.836220,8.766716,8.784096,8.853588,9.009773,8.975086,8.940388,9.096436,9.079109,9.200333,9.113758,9.131081,9.217640,9.338692,9.425079,9.442345,9.511379,9.580376,9.545887,9.407806,9.252239,9.286831,9.286831,9.286831,9.079109,9.338692,9.459610,9.545887,9.700993,9.735428,9.804260,9.666546,9.683773,9.700993,9.511379,9.425079,9.632080,9.528633,9.511379,9.338692,9.338692,9.373260,9.217640,9.165710,9.044441,9.079109,8.905678,8.940388,8.975086,9.355976,10.010487,10.061974,9.890244,9.459610,9.390537,9.476868,9.425079,9.459610,9.580376,9.545887,9.632080,9.632080,9.511379,9.528633,9.563126,9.632080,9.597610,9.563126,9.597610,9.528633,9.580376,9.494129,9.407806,9.442345,9.390537,9.407806,9.528633,9.649315,9.580376,9.666546,9.649315,9.804260,9.804260,9.855862,9.941792,10.027649,10.267654,10.301891,10.353233,10.250530,10.027649,9.855862,9.787056,9.735428,9.890244,9.907425,10.044807,10.079128,10.216270,10.267654,10.267654,10.336117,10.319000,10.387436,10.387436,10.353233,10.421631,10.182007,10.061974,10.061974,9.855862,9.804260,9.907425,9.873051,10.044807,10.027649,10.079128,10.044807,9.976139,9.976139,9.993317,9.873051,9.855862,9.855862,9.804260,9.700993,9.632080,9.563126,9.563126,9.494129,9.442345,9.407806,9.476868,9.511379,9.528633,9.580376,9.649315,9.563126,9.563126,9.563126,10.010487,10.164867,10.113426,9.769852,9.545887,9.459610,9.321407,9.321407,9.355976,9.234943,9.217640,9.131081,9.183022,9.234943,9.252239,9.338692,9.217640,9.321407,9.200333,9.217640,9.183022,9.113758,9.113758,9.113758,9.148392,9.148392,9.044441,9.113758,9.027115,9.061775,9.183022,9.165710,9.200333,9.165710,9.061775,9.148392,9.735428,9.907425,9.958965,9.907425,9.787056,9.632080,9.666546,9.580376,9.563126,9.580376,9.614849,9.666546,9.649315,9.614849,9.683773,9.752644,9.632080,9.838661,9.873051,9.993317,9.873051,9.821461,9.683773,9.580376,9.511379,9.632080,9.545887,9.494129,9.511379,9.442345,9.442345,9.459610,9.425079,9.269539,9.321407,9.321407,9.269539,9.390537,9.442345,9.476868,9.442345,9.442345,9.304119,9.425079,9.355976,9.338692,9.269539,9.286831,9.269539,9.373260,9.286831,9.234943,9.459610,9.355976,9.563126,9.821461,9.873051,9.580376,9.390537,9.304119,9.286831,9.304119,9.252239,9.217640,9.165710,9.217640,9.286831,9.338692,9.217640,9.217640,9.252239,9.234943,9.304119,9.355976,9.355976,9.338692,9.304119,9.390537,9.407806,9.459610,9.269539,9.304119,9.269539,9.442345,9.407806,9.390537,9.286831,9.304119,9.286831,9.252239,9.338692,9.286831,9.217640,9.304119,9.200333,9.079109,
5.068611,5.068611,5.014572,4.924461,5.050598,4.978535,5.068611,5.176598,5.266499,5.338371,5.464031,5.392242,5.446091,5.338371,5.284477,5.392242,5.446091,5.464031,5.481972,5.392242,5.446091,5.517838,5.499908,5.643291,5.553699,5.392242,5.266499,5.284477,5.302444,5.428139,5.589546,5.661201,5.822250,6.036610,6.107971,6.552864,6.677101,6.783474,6.872036,6.925133,6.960518,6.907440,6.854328,6.925133,6.942829,6.712570,6.730297,6.659363,6.712570,6.836617,6.783474,6.730297,6.481804,6.392914,6.268349,6.214916,6.303955,6.250534,6.250534,6.232731,6.268349,6.410706,6.321754,6.428486,6.446259,6.410706,6.552864,6.552864,6.552864,6.499577,6.535103,6.535103,6.712570,6.765751,6.730297,6.801193,6.889732,6.925133,6.995895,7.119606,7.296085,7.525059,7.841270,7.876347,7.788635,7.753536,7.683289,7.753536,7.823730,7.823730,7.841270,7.946465,7.981499,8.016525,8.034035,8.139027,8.139027,8.226437,8.086544,8.086544,8.086544,8.034035,8.069046,7.999016,8.069046,7.999016,8.208961,8.139027,8.208961,8.121536,8.261383,8.226437,8.296310,8.226437,8.313774,8.191483,8.139027,8.296310,8.191483,8.191483,8.174004,8.121536,8.104042,8.034035,8.016525,8.051544,7.981499,7.999016,8.174004,8.505650,8.714558,8.470791,8.139027,7.858810,7.876347,7.876347,7.928940,7.928940,8.016525,8.051544,7.999016,7.946465,7.946465,8.016525,8.191483,8.034035,8.086544,7.893879,7.806187,7.981499,8.069046,8.034035,8.069046,8.086544,8.034035,8.156513,8.226437,8.226437,8.226437,8.069046,8.278851,8.261383,8.644970,8.888317,8.940388,8.714558,8.401035,8.121536,7.928940,8.069046,8.174004,8.243912,8.296310,8.401035,8.383591,8.278851,8.261383,8.278851,8.226437,8.296310,8.278851,8.296310,8.296310,8.401035,8.278851,8.331230,8.313774,8.348686,8.313774,8.331230,8.348686,8.296310,8.331230,8.366138,8.383591,8.331230,8.505650,8.957737,8.940388,8.418476,7.946465,7.876347,7.806187,7.753536,7.700855,7.648148,7.753536,7.735977,7.683289,7.683289,7.718422,7.823730,7.893879,8.366138,8.940388,9.044441,8.592743,8.174004,8.086544,8.051544,8.016525,8.086544,8.156513,8.191483,8.139027,8.261383,8.296310,8.313774,8.296310,8.313774,8.540497,8.523075,8.575333,8.488220,8.488220,8.523075,8.644970,8.714558,8.731949,8.818848,8.784096,8.818848,8.853588,8.836220,8.784096,8.766716,8.784096,8.801476,8.957737,9.286831,9.304119,9.286831,9.252239,9.165710,9.217640,9.200333,9.183022,9.304119,9.304119,9.338692,9.217640,9.373260,9.373260,9.304119,9.338692,9.338692,9.407806,9.338692,9.425079,9.183022,9.183022,9.286831,9.683773,9.735428,9.735428,9.390537,9.113758,8.992432,8.975086,8.940388,8.923035,9.027115,9.079109,9.234943,9.200333,9.079109,8.957737,8.957737,8.975086,8.992432,8.923035,8.940388,8.923035,8.836220,8.870953,8.836220,8.975086,9.148392,9.044441,9.079109,9.027115,8.975086,9.079109,9.252239,9.234943,9.044441,9.234943,9.683773,9.855862,9.769852,9.528633,9.597610,9.425079,9.373260,9.321407,9.269539,9.355976,9.390537,9.373260,9.442345,9.338692,9.407806,9.459610,9.528633,9.649315,9.666546,9.649315,9.528633,9.597610,9.597610,9.683773,9.735428,9.769852,9.735428,9.683773,9.683773,9.511379,9.580376,9.614849,9.597610,9.528633,9.614849,9.769852,9.735428,9.666546,9.563126,9.528633,9.459610,9.390537,9.321407,9.234943,9.165710,9.183022,9.096436,9.044441,8.975086,8.905678,8.836220,8.957737,9.442345,9.614849,9.511379,9.217640,8.818848,8.714558,8.697163,8.714558,8.749332,8.627563,8.575333,8.488220,8.575333,8.644970,8.644970,8.749332,8.784096,8.888317,8.853588,8.801476,8.940388,8.905678,8.905678,8.853588,8.853588,8.940388,8.923035,8.940388,8.957737,9.131081,9.096436,9.131081,9.009773,9.044441,9.113758,9.269539,9.666546,9.976139,9.958965,9.855862,9.597610,9.545887,9.494129,9.476868,9.580376,9.632080,9.545887,9.563126,9.649315,9.459610,9.563126,9.528633,9.476868,9.545887,9.563126,9.286831,9.597610,9.545887,9.752644,9.924606,9.976139,9.855862,9.700993,9.666546,9.804260,9.769852,9.683773,9.752644,9.804260,9.769852,9.924606,9.855862,9.752644,9.873051,9.855862,9.838661,9.890244,9.735428,9.683773,9.752644,9.666546,9.545887,9.373260,9.390537,9.390537,9.407806,9.304119,9.355976,9.407806,9.459610,9.355976,9.476868,9.545887,9.511379,9.838661,10.096279,10.113426,9.873051,9.649315,9.304119,9.148392,9.061775,9.183022,9.269539,9.338692,9.442345,9.563126,9.683773,9.804260,9.993317,10.130581,10.267654,10.113426,10.199139,10.079128,10.044807,9.993317,9.924606,9.907425,9.976139,9.976139,9.873051,9.958965,9.958965,10.130581,10.164867,10.164867,10.182007,10.199139,10.250530,10.233398,10.267654,10.370338,10.267654,10.267654,10.096279,10.044807,9.941792,9.941792,9.804260,9.924606,9.873051,10.027649,9.941792,9.993317,9.907425,9.890244,9.838661,9.941792,10.233398,10.250530,10.216270,10.010487,9.855862,9.683773,9.649315,9.494129,9.338692,9.355976,9.304119,9.321407,9.269539,9.304119,9.234943,9.217640,9.217640,9.148392,9.234943,9.165710,9.217640,9.096436,9.165710,9.113758,9.200333,8.975086,8.923035,8.870953,8.923035,8.992432,8.905678,8.923035,8.923035,8.923035,8.923035,9.165710,9.821461,10.010487,9.976139,9.735428,9.649315,9.563126,9.476868,9.459610,9.459610,9.494129,9.476868,9.511379,9.597610,9.580376,9.700993,9.649315,9.821461,9.890244,9.907425,9.873051,10.044807,9.855862,9.890244,9.907425,9.907425,9.907425,9.976139,9.787056,9.787056,9.769852,9.683773,9.735428,9.649315,9.597610,9.563126,9.528633,9.649315,9.718216,9.769852,9.666546,9.649315,9.528633,9.476868,9.390537,9.442345,9.338692,9.200333,9.321407,9.338692,9.355976,9.321407,9.373260,9.338692,9.234943,9.649315,9.787056,9.804260,9.528633,9.234943,9.200333,9.113758,9.165710,9.252239,9.234943,9.183022,9.286831,9.217640,9.217640,9.252239,9.286831,9.304119,9.304119,9.338692,9.373260,9.338692,9.355976,9.338692,9.321407,9.286831,9.373260,9.373260,9.390537,9.217640,9.234943,9.286831,9.338692,9.338692,9.338692,9.286831,9.442345,9.511379,9.580376,9.632080,9.597610,9.511379,9.407806,
5.176598,5.212570,5.320412,5.194580,5.176598,5.176598,5.248528,5.374290,5.517838,5.499908,5.589546,5.517838,5.374290,5.176598,5.248528,5.230549,5.284477,5.410194,5.410194,5.212570,5.481972,5.481972,5.464031,5.410194,5.374290,5.158604,5.158604,5.086613,5.194580,5.302444,5.410194,5.535770,5.697014,5.804367,6.125797,6.588379,6.854328,7.066605,7.260815,7.172585,7.313717,7.313717,7.313717,7.296085,7.207882,7.172585,7.137272,7.048931,7.048931,6.978207,6.925133,6.748028,6.677101,6.570625,6.410706,6.321754,6.410706,6.268349,6.268349,6.321754,6.286148,6.392914,6.321754,6.357342,6.410706,6.392914,6.410706,6.428486,6.481804,6.446259,6.641617,6.623875,6.659363,6.748028,6.730297,6.748028,6.748028,6.836617,6.872036,6.889732,7.013577,7.207882,7.718422,7.648148,7.366592,7.190231,7.260815,7.296085,7.137272,7.225533,7.454662,7.419441,7.525059,7.542656,7.489868,7.612995,7.683289,7.648148,7.718422,7.788635,7.788635,7.788635,7.893879,7.876347,7.893879,8.016525,8.086544,8.174004,8.278851,8.366138,8.348686,8.296310,8.261383,8.401035,8.505650,8.766716,8.697163,8.662369,8.644970,8.592743,8.662369,8.505650,8.488220,8.453358,8.540497,8.505650,8.331230,8.540497,8.627563,8.731949,8.818848,8.870953,8.714558,8.662369,8.627563,8.627563,8.644970,8.731949,8.853588,8.853588,8.784096,8.731949,8.766716,8.801476,8.784096,8.731949,8.697163,8.523075,8.383591,8.418476,8.383591,8.435913,8.243912,8.208961,8.174004,8.139027,8.226437,8.139027,8.069046,8.104042,8.051544,7.999016,8.453358,8.923035,9.027115,8.766716,8.226437,8.051544,7.999016,8.086544,8.156513,8.208961,8.278851,8.208961,8.261383,8.243912,8.261383,8.226437,8.313774,8.313774,8.278851,8.278851,8.366138,8.313774,8.278851,8.313774,8.383591,8.418476,8.331230,8.401035,8.418476,8.366138,8.331230,8.418476,8.470791,8.488220,8.505650,8.853588,8.905678,8.592743,8.208961,8.208961,8.191483,8.121536,8.139027,8.139027,8.121536,8.121536,8.174004,8.174004,8.016525,8.104042,8.191483,8.366138,8.888317,8.975086,8.627563,8.086544,8.139027,7.946465,7.999016,8.051544,8.051544,8.051544,8.139027,8.139027,8.069046,8.174004,8.139027,8.139027,8.174004,8.156513,8.086544,8.034035,8.191483,8.104042,8.261383,8.243912,8.243912,8.139027,8.174004,8.139027,8.121536,8.139027,8.121536,8.034035,8.016525,8.174004,8.366138,9.148392,9.200333,9.217640,8.853588,8.784096,8.679768,8.766716,8.749332,8.870953,8.923035,9.009773,9.183022,9.286831,9.269539,9.321407,9.373260,9.407806,9.545887,9.718216,9.855862,9.769852,9.563126,9.666546,9.632080,9.649315,9.735428,9.649315,9.407806,9.476868,9.563126,9.494129,9.476868,9.355976,9.304119,9.390537,9.407806,9.407806,9.321407,9.304119,9.304119,9.373260,9.355976,9.338692,9.217640,9.183022,9.200333,8.992432,8.975086,8.975086,9.061775,9.009773,8.957737,9.027115,9.009773,8.975086,8.975086,8.975086,9.061775,9.597610,9.735428,9.614849,9.113758,8.870953,8.697163,8.592743,8.697163,8.644970,8.766716,8.679768,8.749332,8.784096,8.766716,8.905678,8.888317,8.992432,8.940388,8.905678,8.957737,9.009773,9.009773,8.975086,9.061775,9.096436,9.200333,9.165710,9.131081,9.234943,9.217640,9.269539,9.442345,9.304119,9.321407,9.390537,9.700993,10.027649,9.941792,9.821461,9.787056,9.769852,9.718216,9.683773,9.511379,9.476868,9.476868,9.494129,9.373260,9.442345,9.407806,9.338692,9.580376,9.614849,9.649315,9.614849,9.511379,9.217640,9.131081,9.148392,9.044441,9.044441,8.888317,8.818848,8.801476,8.870953,8.870953,9.079109,9.009773,9.096436,9.079109,9.096436,9.079109,9.009773,9.096436,9.009773,8.836220,8.888317,8.923035,8.853588,8.818848,8.836220,8.818848,8.888317,8.888317,8.836220,8.853588,8.888317,9.234943,9.769852,9.993317,9.976139,9.821461,9.373260,9.252239,9.234943,9.131081,9.165710,9.131081,9.079109,9.096436,9.252239,9.321407,9.321407,9.252239,9.355976,9.476868,9.355976,9.407806,9.355976,9.442345,9.476868,9.494129,9.476868,9.545887,9.545887,9.666546,9.666546,9.700993,9.855862,9.855862,9.941792,9.924606,9.941792,10.027649,9.993317,10.267654,10.182007,10.250530,10.147728,9.976139,9.924606,10.010487,9.907425,9.907425,9.683773,9.614849,9.718216,9.649315,9.511379,9.580376,9.476868,9.563126,9.494129,9.614849,9.597610,9.718216,10.061974,9.958965,10.113426,9.666546,9.131081,8.957737,8.992432,9.079109,8.992432,9.113758,9.217640,9.304119,9.304119,9.390537,9.459610,9.545887,9.632080,9.752644,9.700993,9.614849,9.614849,9.528633,9.390537,9.355976,9.269539,9.217640,9.269539,9.269539,9.338692,9.373260,9.355976,9.614849,9.683773,9.683773,9.752644,9.821461,10.079128,10.267654,10.182007,10.061974,9.804260,9.718216,9.787056,9.855862,9.941792,9.976139,10.010487,10.044807,10.096279,10.113426,10.113426,10.027649,10.061974,10.027649,10.113426,10.147728,10.199139,10.096279,10.044807,10.027649,10.079128,10.044807,9.873051,9.821461,9.787056,9.838661,9.769852,9.769852,9.632080,9.545887,9.545887,9.476868,9.545887,9.511379,9.528633,9.373260,9.304119,9.338692,9.338692,9.373260,9.321407,9.183022,9.252239,9.096436,9.200333,9.183022,9.183022,9.131081,9.321407,9.148392,9.459610,10.027649,10.113426,10.044807,9.666546,9.442345,9.407806,9.407806,9.407806,9.476868,9.459610,9.442345,9.442345,9.442345,9.442345,9.545887,9.563126,9.528633,9.442345,9.563126,9.666546,9.649315,9.666546,9.787056,9.752644,9.804260,9.752644,9.735428,9.804260,9.787056,9.787056,9.873051,9.855862,9.787056,9.838661,9.821461,9.993317,10.130581,10.130581,10.061974,10.061974,9.958965,9.941792,9.821461,9.683773,9.683773,9.666546,9.528633,9.545887,9.632080,9.511379,9.545887,9.614849,9.614849,9.597610,9.787056,9.821461,9.683773,9.545887,9.338692,9.304119,9.390537,9.511379,9.666546,9.597610,9.476868,9.459610,9.511379,9.563126,9.632080,9.666546,9.632080,9.769852,9.718216,9.597610,9.563126,9.683773,9.614849,9.614849,9.649315,9.442345,9.494129,9.321407,9.338692,9.234943,9.286831,9.200333,9.131081,9.252239,9.131081,9.269539,9.545887,9.580376,9.545887,9.355976,9.286831,9.269539,
5.266499,5.320412,5.338371,5.302444,5.284477,5.320412,5.428139,5.607468,5.661201,5.535770,5.643291,5.428139,5.194580,5.212570,5.122616,5.158604,5.230549,5.176598,5.248528,5.176598,5.320412,5.356339,5.428139,5.302444,5.176598,5.068611,5.122616,5.086613,5.140610,5.230549,5.284477,5.410194,5.589546,5.661201,6.125797,6.659363,7.119606,7.348972,7.472267,7.331345,7.348972,7.278450,7.348972,7.384212,7.366592,7.243172,7.313717,7.348972,7.172585,7.190231,7.066605,6.995895,6.801193,6.765751,6.748028,6.606125,6.481804,6.464035,6.428486,6.428486,6.339550,6.446259,6.499577,6.499577,6.481804,6.464035,6.481804,6.570625,6.535103,6.641617,6.712570,6.783474,6.783474,6.765751,6.907440,6.836617,6.836617,6.960518,6.836617,6.925133,6.978207,7.207882,7.577831,7.577831,7.348972,7.101940,6.995895,7.013577,7.101940,7.013577,7.154926,7.190231,7.172585,7.260815,7.366592,7.296085,7.296085,7.348972,7.331345,7.384212,7.401833,7.489868,7.472267,7.507469,7.401833,7.665718,7.595413,7.595413,7.683289,7.700855,7.753536,7.771088,7.858810,7.841270,8.366138,8.766716,8.766716,8.662369,8.348686,8.226437,8.191483,8.278851,8.208961,8.296310,8.296310,8.366138,8.383591,8.383591,8.505650,8.557915,8.644970,8.749332,8.801476,8.784096,8.801476,8.870953,8.940388,8.975086,8.870953,8.992432,9.009773,9.009773,9.009773,9.113758,9.079109,9.200333,9.044441,9.027115,8.870953,9.009773,8.940388,8.975086,8.888317,8.836220,8.784096,8.714558,8.697163,8.435913,8.662369,8.505650,8.331230,8.470791,8.610161,9.079109,8.992432,8.853588,8.348686,8.121536,8.156513,8.174004,8.121536,8.296310,8.383591,8.348686,8.348686,8.208961,8.243912,8.174004,8.191483,8.226437,8.226437,8.243912,8.191483,8.226437,8.191483,8.261383,8.366138,8.401035,8.261383,8.208961,8.296310,8.313774,8.366138,8.261383,8.191483,8.174004,8.523075,8.905678,8.923035,8.957737,8.488220,8.366138,8.366138,8.331230,8.296310,8.331230,8.296310,8.331230,8.418476,8.488220,8.505650,8.331230,8.401035,8.557915,8.749332,8.644970,8.383591,8.208961,8.366138,8.366138,8.348686,8.226437,8.278851,8.243912,8.331230,8.383591,8.435913,8.331230,8.191483,8.243912,8.243912,8.139027,8.156513,8.156513,8.208961,8.208961,8.191483,8.208961,8.226437,8.086544,8.069046,8.104042,8.086544,8.051544,7.928940,7.893879,7.841270,7.893879,8.086544,9.131081,9.113758,9.113758,8.557915,8.313774,8.261383,8.278851,8.296310,8.401035,8.453358,8.313774,8.383591,8.557915,8.610161,8.749332,8.784096,8.749332,8.957737,9.614849,9.649315,9.614849,9.200333,9.200333,9.200333,9.113758,9.148392,9.183022,9.200333,9.355976,9.476868,9.563126,9.580376,9.511379,9.563126,9.614849,9.666546,9.838661,9.924606,9.838661,9.787056,9.804260,9.787056,9.735428,9.821461,9.838661,9.683773,9.494129,9.528633,9.459610,9.459610,9.286831,9.355976,9.476868,9.407806,9.286831,9.269539,9.321407,9.286831,9.614849,9.683773,9.580376,9.061775,8.818848,8.818848,8.818848,8.784096,8.801476,8.888317,8.836220,8.888317,8.836220,8.766716,8.888317,8.853588,8.870953,9.009773,8.940388,8.975086,8.870953,8.905678,8.905678,8.870953,8.784096,8.801476,8.749332,8.905678,8.818848,8.766716,8.766716,8.801476,8.749332,8.853588,9.079109,9.580376,9.855862,9.976139,9.632080,9.321407,9.269539,9.131081,9.165710,9.165710,9.113758,9.131081,9.165710,9.234943,9.580376,9.649315,9.580376,9.528633,9.649315,9.545887,9.511379,9.545887,9.338692,9.442345,9.476868,9.511379,9.459610,9.355976,9.286831,9.234943,9.373260,9.338692,9.442345,9.494129,9.614849,9.632080,9.666546,9.718216,9.821461,9.769852,9.632080,9.580376,9.511379,9.597610,9.511379,9.425079,9.269539,9.286831,9.234943,9.304119,9.148392,9.183022,9.234943,9.511379,10.027649,10.061974,10.010487,9.873051,9.390537,9.269539,9.234943,9.061775,9.061775,9.148392,9.009773,9.165710,9.234943,9.217640,9.200333,9.131081,9.113758,9.079109,9.148392,9.183022,9.183022,9.200333,9.234943,9.131081,9.044441,9.061775,9.165710,9.096436,9.131081,9.200333,9.252239,9.373260,9.494129,9.476868,9.580376,9.735428,10.061974,10.216270,10.233398,10.216270,10.044807,9.769852,9.666546,9.649315,9.718216,9.821461,9.735428,9.666546,9.666546,9.632080,9.718216,9.700993,9.683773,9.597610,9.735428,9.838661,9.735428,9.752644,9.890244,9.924606,9.958965,9.580376,9.217640,9.079109,9.079109,9.183022,9.234943,9.234943,9.286831,9.321407,9.390537,9.459610,9.494129,9.632080,9.632080,9.563126,9.580376,9.632080,9.373260,9.321407,9.269539,9.373260,9.217640,9.200333,9.131081,9.148392,9.113758,9.286831,9.200333,9.269539,9.252239,9.286831,9.269539,9.476868,10.096279,10.079128,9.873051,9.390537,9.009773,8.957737,9.079109,9.044441,9.027115,9.200333,9.321407,9.355976,9.355976,9.528633,9.511379,9.442345,9.459610,9.459610,9.700993,9.632080,9.511379,9.649315,9.700993,9.735428,9.735428,9.804260,9.718216,9.735428,9.787056,9.804260,9.855862,9.873051,9.855862,9.838661,9.873051,9.821461,9.804260,9.873051,9.941792,9.821461,9.855862,9.821461,9.873051,9.804260,9.804260,9.787056,9.804260,9.649315,9.700993,9.718216,9.683773,9.476868,9.511379,9.614849,9.993317,10.182007,10.164867,10.044807,9.632080,9.476868,9.442345,9.494129,9.511379,9.563126,9.511379,9.494129,9.528633,9.511379,9.528633,9.597610,9.597610,9.545887,9.580376,9.528633,9.511379,9.580376,9.528633,9.476868,9.476868,9.511379,9.442345,9.476868,9.494129,9.494129,9.407806,9.545887,9.666546,9.580376,9.632080,9.632080,10.027649,10.199139,10.096279,9.907425,9.890244,9.873051,9.735428,9.632080,9.580376,9.700993,9.683773,9.735428,9.614849,9.649315,9.614849,9.563126,9.683773,9.666546,9.718216,9.718216,9.580376,9.632080,9.683773,9.545887,9.528633,9.666546,9.752644,9.752644,9.924606,9.924606,9.907425,9.907425,9.941792,9.890244,9.993317,10.044807,10.182007,10.113426,10.079128,10.096279,10.010487,10.096279,9.941792,9.958965,9.873051,9.838661,9.649315,9.425079,9.355976,9.338692,9.269539,9.165710,9.183022,9.286831,9.355976,9.700993,9.769852,9.511379,9.200333,9.234943,9.148392,
5.392242,5.410194,5.428139,5.517838,5.517838,5.410194,5.517838,5.571625,5.553699,5.499908,5.446091,5.248528,5.140610,5.140610,5.176598,5.158604,5.086613,5.068611,5.158604,5.284477,5.320412,5.374290,5.302444,5.230549,5.122616,5.122616,5.086613,5.086613,5.140610,5.248528,5.374290,5.392242,5.499908,5.911625,6.357342,6.801193,6.995895,7.366592,7.630577,7.665718,7.384212,7.437057,7.454662,7.437057,7.366592,7.243172,7.172585,7.137272,7.278450,7.225533,7.084278,7.031254,6.942829,6.995895,6.942829,6.818905,6.712570,6.694839,6.606125,6.570625,6.552864,6.464035,6.446259,6.446259,6.481804,6.428486,6.410706,6.517342,6.748028,6.765751,6.836617,6.818905,6.765751,6.889732,6.960518,6.960518,7.031254,6.960518,7.031254,7.066605,7.101940,7.260815,7.454662,7.419441,7.260815,7.137272,7.137272,7.154926,7.225533,7.260815,7.401833,7.489868,7.595413,7.542656,7.507469,7.489868,7.489868,7.472267,7.454662,7.472267,7.542656,7.507469,7.401833,7.507469,7.560242,7.472267,7.630577,7.560242,7.630577,7.542656,7.612995,7.665718,7.630577,7.735977,8.104042,8.714558,8.679768,8.366138,7.911411,7.648148,7.612995,7.595413,7.700855,7.700855,7.788635,7.753536,7.788635,7.876347,7.823730,7.946465,7.946465,8.156513,8.016525,8.086544,8.121536,8.401035,8.401035,8.208961,8.296310,8.278851,8.278851,8.331230,8.488220,8.523075,8.714558,8.784096,8.749332,8.714558,8.818848,8.923035,8.957737,8.957737,8.836220,8.905678,8.992432,9.027115,9.009773,8.888317,8.957737,8.853588,8.836220,9.009773,9.044441,9.200333,9.200333,9.096436,8.888317,8.853588,8.801476,8.731949,8.784096,8.923035,8.923035,8.853588,8.853588,8.749332,8.749332,8.766716,8.679768,8.540497,8.592743,8.644970,8.697163,8.731949,8.592743,8.592743,8.610161,8.557915,8.366138,8.366138,8.243912,8.243912,8.278851,8.139027,8.139027,8.156513,8.296310,8.818848,8.992432,8.853588,8.174004,7.841270,8.034035,7.981499,7.788635,7.876347,7.841270,7.788635,7.841270,7.735977,7.841270,7.806187,7.893879,7.858810,7.893879,8.069046,8.121536,8.104042,8.104042,8.139027,8.278851,8.208961,8.296310,8.348686,8.418476,8.401035,8.383591,8.383591,8.401035,8.366138,8.453358,8.435913,8.644970,8.818848,8.749332,8.662369,8.575333,8.296310,8.208961,8.156513,8.191483,8.174004,8.191483,8.121536,8.069046,8.069046,7.981499,8.069046,8.156513,8.905678,9.113758,9.217640,9.009773,8.644970,8.278851,8.331230,8.191483,8.296310,8.261383,8.243912,8.418476,8.435913,8.453358,8.610161,8.749332,8.540497,8.801476,9.459610,9.511379,9.390537,8.853588,8.697163,8.644970,8.679768,8.749332,8.784096,8.766716,8.905678,9.009773,9.009773,9.044441,8.975086,9.165710,9.373260,9.563126,9.700993,9.580376,9.563126,9.563126,9.494129,9.390537,9.425079,9.563126,9.580376,9.494129,9.390537,9.338692,9.407806,9.338692,9.338692,9.476868,9.718216,9.718216,9.580376,9.338692,9.407806,9.269539,9.355976,9.425079,9.390537,9.338692,9.269539,9.269539,9.234943,9.373260,9.355976,9.459610,9.407806,9.597610,9.528633,9.545887,9.580376,9.459610,9.390537,9.425079,9.373260,9.269539,9.269539,9.304119,9.355976,9.338692,9.321407,9.200333,9.234943,9.113758,9.183022,9.096436,9.009773,8.905678,8.992432,9.027115,9.096436,9.545887,9.752644,9.821461,9.390537,9.131081,8.992432,8.957737,8.888317,9.027115,8.940388,8.975086,8.940388,9.061775,9.494129,9.545887,9.442345,9.407806,9.321407,9.113758,9.148392,9.096436,9.113758,9.131081,9.269539,9.113758,9.200333,8.992432,9.044441,8.992432,9.044441,9.113758,9.200333,9.200333,9.286831,9.459610,9.632080,9.873051,9.976139,9.993317,9.855862,9.769852,9.787056,9.821461,9.666546,9.666546,9.666546,9.683773,9.683773,9.718216,9.425079,9.580376,9.614849,9.838661,9.941792,9.993317,9.976139,9.821461,9.666546,9.683773,9.632080,9.511379,9.373260,9.304119,9.355976,9.286831,9.269539,9.390537,9.425079,9.390537,9.286831,9.304119,9.373260,9.321407,9.476868,9.494129,9.338692,9.148392,9.183022,9.183022,9.200333,9.131081,9.269539,9.286831,9.338692,9.459610,9.373260,9.252239,9.304119,9.683773,10.044807,10.130581,10.096279,9.924606,9.407806,9.148392,9.044441,9.096436,9.061775,8.975086,8.957737,9.061775,9.183022,9.096436,9.096436,9.096436,9.079109,9.252239,9.269539,9.234943,9.252239,9.269539,9.269539,9.407806,9.321407,9.217640,9.217640,9.148392,9.321407,9.425079,9.425079,9.494129,9.494129,9.459610,9.494129,9.545887,9.632080,9.752644,9.855862,9.804260,9.769852,9.683773,9.614849,9.528633,9.580376,9.614849,9.597610,9.614849,9.459610,9.476868,9.511379,9.476868,9.632080,9.494129,9.373260,9.459610,9.373260,9.700993,10.113426,10.079128,9.700993,9.200333,8.888317,8.923035,8.940388,8.905678,8.923035,8.818848,8.888317,8.923035,8.957737,9.044441,8.888317,8.818848,8.801476,8.888317,8.853588,8.888317,8.888317,8.818848,8.853588,8.888317,8.992432,8.905678,8.888317,9.096436,9.148392,9.338692,9.373260,9.355976,9.321407,9.234943,9.407806,9.545887,9.838661,9.873051,9.924606,9.873051,9.873051,9.855862,9.924606,9.976139,9.976139,10.044807,10.027649,9.855862,9.907425,9.941792,9.976139,9.873051,9.838661,10.044807,10.079128,10.130581,10.079128,9.958965,9.855862,9.787056,9.769852,9.787056,9.735428,9.838661,9.821461,9.890244,9.769852,9.787056,9.873051,9.873051,9.890244,9.924606,9.769852,9.718216,9.769852,9.649315,9.580376,9.511379,9.494129,9.390537,9.390537,9.373260,9.511379,9.459610,9.545887,9.614849,9.563126,9.580376,9.649315,9.821461,10.164867,10.164867,10.079128,9.838661,9.649315,9.597610,9.563126,9.511379,9.459610,9.494129,9.511379,9.528633,9.563126,9.597610,9.545887,9.476868,9.355976,9.304119,9.355976,9.373260,9.407806,9.545887,9.355976,9.442345,9.373260,9.511379,9.528633,9.580376,9.632080,9.683773,9.649315,9.752644,9.804260,9.873051,9.958965,10.096279,10.182007,10.250530,10.267654,10.182007,10.130581,10.096279,10.044807,9.958965,9.993317,9.976139,9.976139,9.735428,9.821461,9.632080,9.666546,9.528633,9.545887,9.528633,9.769852,9.855862,9.752644,9.597610,9.304119,9.234943,9.183022,
5.464031,5.481972,5.517838,5.464031,5.464031,5.517838,5.535770,5.499908,5.661201,5.428139,5.338371,5.266499,5.140610,5.014572,5.086613,4.996559,4.978535,4.996559,5.194580,5.266499,5.230549,5.230549,5.122616,5.104614,5.122616,4.960514,5.230549,5.140610,5.194580,5.284477,5.320412,5.499908,5.768597,6.232731,6.499577,6.659363,6.872036,7.454662,7.735977,7.648148,7.401833,7.296085,7.366592,7.331345,7.260815,7.172585,7.172585,7.137272,7.137272,7.031254,7.031254,6.942829,6.942829,7.048931,7.084278,7.031254,7.031254,6.960518,6.925133,6.765751,6.623875,6.588379,6.446259,6.464035,6.481804,6.428486,6.303955,6.428486,6.748028,6.765751,6.659363,6.570625,6.641617,6.623875,6.659363,6.677101,6.783474,6.818905,6.818905,6.907440,6.872036,7.119606,7.172585,7.154926,7.119606,7.154926,7.243172,7.296085,7.331345,7.225533,7.437057,7.454662,7.525059,7.560242,7.630577,7.700855,7.612995,7.507469,7.630577,7.683289,7.806187,7.788635,7.858810,7.788635,7.700855,7.858810,7.858810,7.876347,7.999016,7.928940,7.928940,7.771088,7.963982,8.051544,8.296310,8.697163,8.679768,8.540497,7.858810,7.560242,7.542656,7.577831,7.630577,7.700855,7.735977,7.700855,7.753536,7.771088,7.806187,7.735977,7.806187,7.806187,7.876347,7.788635,7.893879,7.928940,7.928940,7.893879,7.841270,7.771088,7.928940,7.911411,7.928940,8.034035,8.069046,8.086544,8.051544,8.139027,8.243912,8.679768,8.905678,8.610161,8.610161,8.644970,8.870953,9.009773,8.888317,8.714558,8.836220,8.731949,8.905678,8.697163,8.697163,8.784096,9.061775,9.079109,9.113758,9.131081,9.131081,9.044441,9.200333,9.096436,9.096436,8.992432,8.957737,8.870953,8.905678,9.061775,8.940388,9.009773,9.200333,9.234943,9.234943,9.321407,9.252239,9.113758,9.044441,9.009773,8.905678,8.905678,8.749332,8.644970,8.610161,8.644970,8.313774,8.453358,8.505650,8.940388,9.009773,8.905678,8.313774,8.069046,8.016525,7.946465,7.858810,7.718422,7.753536,7.771088,7.771088,7.806187,7.771088,7.753536,7.788635,7.700855,7.858810,7.841270,7.876347,7.893879,7.893879,7.911411,7.928940,7.911411,7.893879,7.858810,7.928940,7.999016,7.981499,7.876347,7.911411,7.963982,8.016525,8.121536,8.610161,8.992432,9.131081,9.148392,8.818848,8.470791,8.401035,8.331230,8.331230,8.366138,8.383591,8.453358,8.453358,8.366138,8.331230,8.366138,8.435913,8.784096,8.905678,8.957737,9.044441,8.923035,8.679768,8.540497,8.453358,8.366138,8.470791,8.383591,8.505650,8.523075,8.610161,8.662369,8.784096,8.679768,8.888317,9.390537,9.511379,9.234943,8.818848,8.644970,8.644970,8.662369,8.644970,8.592743,8.714558,8.731949,8.714558,8.801476,8.836220,8.957737,9.113758,9.183022,9.200333,9.269539,9.165710,9.113758,9.148392,8.975086,8.975086,9.027115,8.870953,8.888317,8.853588,8.836220,8.818848,8.888317,8.749332,8.853588,9.009773,9.476868,9.528633,9.286831,8.731949,8.714558,8.801476,8.766716,8.836220,8.992432,8.957737,8.992432,9.096436,9.269539,9.286831,9.234943,9.321407,9.304119,9.563126,9.614849,9.632080,9.545887,9.442345,9.252239,9.304119,9.321407,9.304119,9.407806,9.390537,9.476868,9.597610,9.649315,9.683773,9.545887,9.355976,9.442345,9.511379,9.442345,9.183022,9.425079,9.355976,9.407806,9.666546,9.787056,9.614849,9.442345,9.269539,9.217640,9.131081,9.113758,9.148392,9.200333,9.096436,9.113758,9.459610,9.425079,9.459610,9.407806,9.407806,9.286831,9.148392,9.200333,9.148392,9.096436,9.044441,8.923035,8.870953,8.801476,8.888317,8.853588,8.923035,8.957737,8.853588,8.853588,8.905678,8.923035,9.131081,9.580376,10.010487,9.873051,9.804260,9.390537,9.200333,9.131081,9.183022,9.131081,9.061775,9.131081,9.252239,9.165710,9.304119,9.286831,9.234943,9.373260,9.459610,9.511379,9.511379,9.545887,9.666546,9.666546,9.752644,9.666546,9.580376,9.563126,9.666546,9.580376,9.476868,9.597610,9.718216,9.855862,9.718216,9.666546,9.735428,9.769852,9.941792,9.958965,9.890244,9.804260,9.649315,9.632080,9.528633,9.459610,9.494129,9.494129,9.494129,9.494129,9.390537,9.442345,9.425079,9.459610,9.752644,10.216270,10.130581,10.044807,9.632080,9.252239,9.061775,8.957737,8.975086,9.027115,9.027115,8.940388,8.923035,8.940388,8.923035,9.027115,8.957737,8.992432,8.975086,8.992432,9.113758,9.044441,8.992432,8.940388,8.888317,8.957737,8.975086,9.061775,8.975086,8.975086,8.992432,8.905678,9.079109,9.183022,9.096436,9.269539,9.286831,9.666546,9.993317,9.976139,9.993317,9.993317,9.890244,9.718216,9.718216,9.941792,9.873051,9.855862,9.873051,9.907425,9.838661,9.838661,9.941792,9.941792,9.821461,9.718216,9.873051,9.873051,10.027649,10.061974,9.958965,9.545887,9.407806,9.338692,9.338692,9.217640,9.269539,9.148392,9.096436,9.061775,9.009773,8.975086,8.992432,8.940388,8.940388,8.853588,8.923035,8.836220,8.853588,8.801476,8.749332,8.731949,8.801476,8.766716,8.749332,8.801476,8.766716,8.853588,9.079109,9.113758,9.113758,8.940388,8.940388,9.096436,9.338692,9.735428,9.855862,9.787056,9.442345,9.407806,9.390537,9.442345,9.476868,9.563126,9.459610,9.511379,9.511379,9.563126,9.718216,9.649315,9.718216,9.700993,9.735428,9.683773,9.735428,9.769852,9.804260,9.769852,9.838661,9.838661,9.907425,9.855862,9.924606,9.958965,9.976139,10.027649,10.027649,10.079128,10.164867,10.061974,9.941792,10.027649,10.027649,9.958965,10.027649,9.907425,9.735428,9.580376,9.614849,9.511379,9.597610,9.580376,9.632080,9.683773,9.735428,9.597610,9.632080,9.718216,9.873051,10.199139,10.096279,10.130581,9.838661,9.597610,9.528633,9.528633,9.442345,9.545887,9.511379,9.614849,9.528633,9.511379,9.476868,9.528633,9.459610,9.425079,9.355976,9.355976,9.390537,9.476868,9.442345,9.425079,9.338692,9.425079,9.442345,9.407806,9.442345,9.442345,9.459610,9.373260,9.494129,9.511379,9.545887,9.700993,10.079128,10.061974,9.993317,9.890244,9.769852,9.683773,9.632080,9.580376,9.632080,9.769852,9.838661,9.838661,9.838661,9.804260,9.855862,9.873051,9.735428,9.838661,9.787056,9.907425,9.873051,9.821461,9.821461,9.649315,9.528633,9.494129,
5.356339,5.428139,5.517838,5.517838,5.481972,5.481972,5.481972,5.481972,5.571625,5.338371,5.284477,5.176598,5.122616,4.888393,4.888393,4.924461,4.924461,4.960514,5.248528,5.248528,5.122616,4.978535,4.996559,5.104614,4.996559,5.140610,5.158604,5.284477,5.338371,5.481972,5.625381,5.822250,6.036610,6.232731,6.428486,6.552864,6.730297,7.366592,7.648148,7.630577,7.366592,7.348972,7.313717,7.154926,7.101940,7.013577,7.031254,7.031254,6.960518,6.854328,6.836617,6.748028,6.854328,7.013577,7.031254,7.013577,7.031254,7.101940,7.119606,7.172585,7.101940,6.995895,7.013577,6.854328,6.783474,6.730297,6.659363,6.659363,6.854328,6.942829,6.659363,6.641617,6.481804,6.481804,6.392914,6.410706,6.481804,6.570625,6.570625,6.570625,6.588379,6.623875,6.641617,6.659363,6.641617,6.712570,6.818905,6.694839,6.783474,6.854328,6.907440,7.048931,7.013577,7.101940,7.278450,7.243172,7.296085,7.313717,7.348972,7.630577,7.963982,8.016525,7.823730,7.753536,7.806187,7.788635,7.981499,8.069046,8.174004,8.104042,7.963982,8.121536,8.069046,8.191483,8.435913,8.575333,8.540497,8.523075,8.051544,7.999016,7.999016,8.034035,8.016525,7.963982,8.051544,8.016525,8.069046,8.121536,8.174004,8.226437,8.208961,8.104042,8.156513,8.139027,8.174004,8.086544,8.051544,7.946465,7.858810,7.858810,8.016525,7.928940,7.876347,8.016525,7.946465,7.893879,7.876347,7.928940,8.016525,8.557915,8.923035,8.731949,8.662369,8.853588,8.749332,8.836220,8.731949,8.505650,8.383591,8.505650,8.523075,8.540497,8.453358,8.540497,8.592743,8.801476,8.905678,8.940388,8.940388,8.992432,9.113758,8.905678,8.749332,8.662369,8.575333,8.523075,8.523075,8.644970,8.679768,8.714558,8.749332,8.992432,9.373260,9.476868,9.321407,8.888317,9.009773,8.853588,8.801476,8.749332,8.784096,8.784096,8.731949,8.784096,8.731949,8.818848,8.749332,9.009773,8.975086,8.888317,8.592743,8.401035,8.470791,8.505650,8.383591,8.313774,8.331230,8.401035,8.313774,8.401035,8.348686,8.243912,8.104042,8.208961,8.139027,8.069046,8.069046,8.243912,8.208961,8.121536,8.086544,8.016525,7.963982,7.928940,7.999016,7.963982,7.999016,8.016525,7.893879,7.893879,7.999016,7.946465,8.488220,9.183022,9.200333,9.165710,9.079109,8.592743,8.488220,8.453358,8.453358,8.383591,8.453358,8.435913,8.366138,8.366138,8.383591,8.435913,8.366138,8.470791,8.523075,8.523075,8.784096,8.662369,8.575333,8.575333,8.505650,8.575333,8.575333,8.540497,8.575333,8.644970,8.766716,8.870953,8.975086,9.079109,9.200333,9.286831,9.286831,9.304119,9.200333,8.853588,8.784096,8.749332,8.784096,8.836220,8.870953,8.888317,8.992432,8.940388,8.992432,9.148392,9.131081,9.165710,9.217640,9.165710,9.131081,9.079109,9.009773,9.009773,8.940388,8.975086,8.784096,8.749332,8.801476,8.749332,8.731949,8.801476,8.888317,8.836220,8.888317,9.338692,9.494129,9.096436,8.749332,8.679768,8.644970,8.627563,8.662369,8.662369,8.679768,8.662369,8.697163,8.731949,8.766716,8.784096,8.818848,8.784096,9.442345,9.545887,9.165710,8.784096,8.714558,8.610161,8.627563,8.679768,8.714558,8.766716,8.818848,8.749332,8.940388,8.975086,8.940388,8.992432,9.061775,9.096436,9.148392,9.131081,9.217640,9.183022,9.183022,9.079109,9.252239,9.217640,9.338692,9.304119,9.321407,9.304119,9.338692,9.407806,9.476868,9.545887,9.614849,9.735428,9.666546,9.752644,9.718216,9.700993,9.718216,9.649315,9.632080,9.494129,9.476868,9.373260,9.217640,9.217640,9.183022,9.148392,9.044441,9.027115,9.183022,9.200333,9.148392,9.061775,9.027115,9.079109,9.338692,9.924606,9.873051,9.873051,9.632080,9.027115,8.836220,8.801476,8.766716,8.731949,8.801476,8.853588,8.923035,8.853588,8.940388,8.888317,8.957737,9.027115,9.113758,8.992432,9.113758,9.217640,9.183022,9.217640,9.217640,9.165710,9.200333,9.217640,9.252239,9.234943,9.234943,9.234943,9.373260,9.476868,9.269539,9.390537,9.563126,9.907425,10.044807,10.044807,9.907425,9.597610,9.580376,9.425079,9.442345,9.494129,9.580376,9.700993,9.769852,9.700993,9.632080,9.614849,9.528633,9.545887,9.649315,9.821461,9.787056,9.804260,9.528633,9.338692,9.234943,9.217640,9.234943,9.131081,9.148392,9.183022,9.217640,9.234943,9.148392,9.183022,9.096436,9.200333,9.148392,9.252239,9.286831,9.252239,9.183022,9.009773,8.905678,8.923035,8.888317,8.923035,8.888317,8.853588,8.957737,8.870953,8.957737,9.009773,9.079109,9.079109,9.217640,9.787056,10.061974,10.113426,9.907425,9.683773,9.476868,9.442345,9.442345,9.459610,9.338692,9.442345,9.597610,9.666546,9.718216,9.718216,9.769852,9.787056,9.769852,9.907425,9.804260,9.890244,9.993317,9.941792,9.873051,9.958965,9.821461,9.666546,9.735428,9.718216,9.683773,9.632080,9.597610,9.597610,9.580376,9.528633,9.373260,9.217640,9.304119,9.304119,9.321407,9.269539,9.183022,8.975086,8.888317,8.957737,8.888317,8.957737,8.975086,8.923035,8.870953,8.992432,8.975086,9.027115,9.131081,9.061775,8.940388,9.131081,9.476868,9.752644,9.821461,9.528633,9.183022,9.269539,9.269539,9.234943,9.252239,9.269539,9.217640,9.269539,9.234943,9.252239,9.252239,9.234943,9.269539,9.217640,9.165710,9.113758,9.269539,9.165710,9.252239,9.113758,9.338692,9.511379,9.338692,9.355976,9.407806,9.511379,9.528633,9.580376,9.597610,9.683773,9.649315,9.718216,9.821461,9.941792,10.130581,10.079128,9.958965,9.752644,9.614849,9.649315,9.649315,9.632080,9.683773,9.752644,9.752644,9.735428,9.700993,9.787056,9.821461,10.010487,10.044807,10.147728,9.976139,9.941792,9.838661,9.787056,9.735428,9.787056,9.683773,9.718216,9.735428,9.683773,9.735428,9.735428,9.700993,9.666546,9.632080,9.580376,9.528633,9.476868,9.528633,9.597610,9.563126,9.545887,9.563126,9.580376,9.597610,9.563126,9.528633,9.528633,9.390537,9.425079,9.425079,9.459610,9.442345,9.752644,10.010487,10.061974,9.683773,9.494129,9.355976,9.355976,9.442345,9.304119,9.407806,9.476868,9.494129,9.563126,9.563126,9.597610,9.614849,9.597610,9.787056,9.718216,9.649315,9.666546,9.718216,9.580376,9.494129,9.597610,9.649315,9.528633,
5.535770,5.266499,5.428139,5.428139,5.374290,5.428139,5.589546,5.589546,5.517838,5.248528,5.140610,5.050598,4.996559,4.942490,4.870358,4.924461,4.960514,5.212570,5.392242,5.266499,5.068611,4.996559,4.924461,4.996559,4.888393,4.960514,4.978535,5.302444,5.464031,5.589546,5.804367,6.054455,6.018761,6.179276,6.410706,6.446259,6.765751,7.331345,7.612995,7.296085,7.207882,7.066605,7.084278,6.960518,6.925133,6.907440,6.978207,6.801193,6.783474,6.765751,6.694839,6.659363,6.730297,6.765751,6.765751,6.960518,7.013577,7.137272,7.084278,7.190231,7.172585,7.137272,7.243172,7.243172,7.207882,7.243172,7.084278,6.978207,7.119606,7.066605,6.889732,6.765751,6.677101,6.588379,6.535103,6.481804,6.339550,6.392914,6.446259,6.357342,6.410706,6.464035,6.464035,6.552864,6.552864,6.481804,6.570625,6.588379,6.641617,6.659363,6.694839,6.765751,6.836617,6.854328,6.872036,6.889732,6.978207,6.942829,6.907440,7.260815,7.876347,7.911411,7.735977,7.489868,7.437057,7.507469,7.612995,7.823730,7.963982,7.841270,7.876347,7.700855,7.806187,7.963982,7.928940,8.016525,8.226437,8.034035,7.981499,8.051544,8.016525,8.051544,8.104042,8.086544,8.139027,8.208961,8.243912,8.366138,8.348686,8.453358,8.366138,8.418476,8.401035,8.540497,8.662369,8.627563,8.453358,8.435913,8.401035,8.418476,8.418476,8.453358,8.313774,8.401035,8.366138,8.278851,8.226437,8.226437,8.208961,8.818848,9.113758,9.027115,9.061775,9.079109,9.269539,9.148392,9.079109,8.923035,8.644970,8.575333,8.627563,8.662369,8.714558,8.679768,8.662369,8.818848,8.853588,8.766716,8.784096,8.870953,8.905678,8.749332,8.557915,8.540497,8.610161,8.627563,8.575333,8.488220,8.453358,8.557915,8.644970,8.888317,9.321407,9.390537,9.338692,8.644970,8.523075,8.366138,8.366138,8.418476,8.331230,8.313774,8.401035,8.418476,8.453358,8.453358,8.470791,8.540497,8.488220,8.505650,8.592743,8.575333,8.592743,8.610161,8.557915,8.540497,8.557915,8.627563,8.557915,8.523075,8.557915,8.348686,8.488220,8.418476,8.575333,8.697163,8.749332,8.940388,8.836220,8.662369,8.488220,8.401035,8.278851,8.348686,8.296310,8.261383,8.278851,8.331230,8.401035,8.121536,8.243912,8.296310,8.575333,9.009773,9.148392,9.096436,9.131081,8.836220,8.801476,8.836220,8.766716,8.644970,8.644970,8.523075,8.575333,8.592743,8.627563,8.557915,8.453358,8.418476,8.383591,8.627563,8.557915,8.453358,8.470791,8.435913,8.453358,8.488220,8.435913,8.505650,8.488220,8.453358,8.610161,8.697163,8.679768,8.575333,8.731949,8.627563,9.234943,9.476868,9.476868,9.009773,8.714558,8.540497,8.540497,8.644970,8.697163,8.697163,8.697163,8.836220,8.870953,9.027115,9.096436,9.165710,9.200333,9.217640,9.148392,9.183022,9.044441,9.131081,9.044441,9.079109,8.870953,8.801476,8.818848,8.836220,8.870953,8.957737,9.044441,9.009773,9.027115,9.442345,9.407806,9.338692,9.217640,9.061775,9.044441,8.957737,8.940388,8.940388,8.940388,8.923035,9.027115,8.992432,8.923035,8.905678,8.957737,8.992432,9.407806,9.580376,9.027115,8.731949,8.662369,8.679768,8.627563,8.644970,8.610161,8.662369,8.662369,8.749332,8.766716,8.801476,8.836220,8.714558,8.836220,8.818848,8.784096,8.940388,8.801476,8.836220,8.870953,8.784096,8.784096,8.766716,8.714558,8.714558,8.784096,8.940388,8.957737,8.870953,8.853588,8.992432,9.373260,9.752644,9.804260,9.666546,9.545887,9.425079,9.528633,9.511379,9.528633,9.545887,9.545887,9.459610,9.459610,9.442345,9.494129,9.494129,9.511379,9.614849,9.614849,9.718216,9.700993,9.563126,9.580376,9.632080,9.804260,9.683773,9.752644,9.735428,9.459610,9.113758,8.940388,8.923035,8.940388,8.940388,9.061775,9.009773,8.992432,9.009773,8.992432,9.044441,9.027115,9.113758,9.113758,9.096436,9.148392,9.131081,9.183022,9.113758,9.061775,9.027115,8.992432,9.131081,9.148392,9.234943,9.131081,9.148392,9.096436,9.148392,9.131081,9.252239,9.459610,9.907425,10.044807,9.924606,9.425079,9.200333,9.044441,8.870953,8.784096,8.818848,8.870953,8.940388,9.027115,9.044441,9.027115,8.975086,9.027115,8.957737,8.957737,9.079109,9.148392,9.200333,9.321407,9.355976,9.338692,9.355976,9.355976,9.390537,9.494129,9.476868,9.459610,9.442345,9.511379,9.459610,9.304119,9.476868,9.476868,9.683773,9.804260,9.735428,9.649315,9.528633,9.321407,9.286831,9.321407,9.373260,9.390537,9.407806,9.321407,9.338692,9.355976,9.338692,9.217640,9.304119,9.511379,9.907425,9.993317,10.010487,9.924606,9.476868,9.234943,9.217640,9.252239,9.304119,9.304119,9.269539,9.286831,9.200333,9.286831,9.234943,9.252239,9.269539,9.390537,9.321407,9.355976,9.355976,9.476868,9.545887,9.545887,9.614849,9.545887,9.407806,9.511379,9.563126,9.494129,9.563126,9.511379,9.511379,9.563126,9.459610,9.511379,9.580376,9.580376,9.718216,9.718216,9.442345,9.338692,9.252239,9.148392,9.183022,9.165710,9.200333,9.165710,9.079109,9.183022,9.234943,9.286831,9.338692,9.425079,9.338692,9.459610,9.459610,9.649315,9.804260,9.752644,9.735428,9.442345,9.442345,9.442345,9.425079,9.338692,9.390537,9.373260,9.355976,9.338692,9.355976,9.269539,9.304119,9.234943,9.183022,9.165710,9.183022,9.234943,9.148392,9.217640,9.234943,9.269539,9.217640,9.148392,9.252239,9.269539,9.200333,9.131081,9.131081,9.234943,9.200333,9.200333,9.234943,9.476868,9.993317,9.976139,9.941792,9.632080,9.286831,9.286831,9.286831,9.304119,9.459610,9.459610,9.580376,9.545887,9.545887,9.545887,9.563126,9.614849,9.632080,9.649315,9.718216,9.666546,9.666546,9.718216,9.735428,9.787056,9.718216,9.752644,9.700993,9.804260,9.873051,9.941792,9.873051,9.855862,9.924606,9.890244,9.752644,9.787056,9.958965,10.027649,10.079128,9.993317,9.873051,9.924606,9.890244,9.752644,9.787056,9.580376,9.649315,9.511379,9.494129,9.528633,9.425079,9.597610,10.010487,10.061974,9.838661,9.632080,9.407806,9.286831,9.286831,9.373260,9.459610,9.407806,9.390537,9.407806,9.494129,9.580376,9.580376,9.700993,9.614849,9.649315,9.632080,9.597610,9.580376,9.580376,9.476868,9.597610,9.545887,9.511379,9.459610,
5.248528,5.320412,5.338371,5.266499,5.410194,5.589546,5.553699,5.428139,5.320412,5.158604,5.104614,5.104614,4.906425,4.870358,4.852314,4.870358,5.176598,5.302444,5.248528,5.140610,4.924461,4.996559,5.032589,4.996559,4.996559,4.906425,5.086613,5.176598,5.535770,5.786484,5.965206,5.965206,6.054455,6.179276,6.303955,6.250534,6.570625,6.801193,6.801193,6.712570,6.623875,6.623875,6.801193,6.801193,6.748028,6.765751,6.748028,6.659363,6.712570,6.730297,6.677101,6.677101,6.730297,6.606125,6.570625,6.712570,6.836617,6.907440,7.119606,7.137272,7.101940,7.225533,7.260815,7.243172,7.366592,7.278450,7.313717,7.313717,7.172585,7.101940,7.048931,6.995895,6.889732,6.765751,6.730297,6.623875,6.552864,6.552864,6.570625,6.464035,6.481804,6.535103,6.446259,6.517342,6.481804,6.552864,6.606125,6.606125,6.765751,6.783474,6.783474,6.836617,6.818905,6.872036,6.942829,6.925133,6.907440,7.031254,7.119606,7.137272,7.612995,7.753536,7.612995,7.454662,7.472267,7.560242,7.683289,7.823730,7.999016,7.946465,7.771088,7.788635,7.841270,7.771088,7.823730,7.928940,8.156513,7.981499,8.016525,8.016525,7.999016,7.893879,7.999016,7.928940,7.928940,7.928940,7.963982,7.858810,8.121536,8.208961,8.191483,8.051544,8.086544,8.435913,8.818848,8.766716,8.401035,8.418476,8.470791,8.488220,8.470791,8.557915,8.453358,8.488220,8.592743,8.592743,8.575333,8.714558,8.679768,8.853588,8.923035,8.940388,8.940388,8.992432,9.217640,9.096436,9.234943,9.165710,9.131081,8.992432,9.096436,9.183022,9.131081,9.061775,8.992432,9.027115,9.131081,9.061775,9.096436,9.044441,9.096436,8.870953,8.714558,8.801476,8.836220,8.801476,8.627563,8.592743,8.731949,8.662369,8.679768,8.836220,9.148392,9.269539,9.234943,8.784096,8.383591,8.331230,8.331230,8.348686,8.348686,8.296310,8.278851,8.331230,8.331230,8.366138,8.331230,8.296310,8.313774,8.348686,8.383591,8.505650,8.523075,8.523075,8.418476,8.418476,8.296310,8.261383,8.331230,8.348686,8.331230,8.296310,8.383591,8.383591,8.610161,8.801476,8.853588,9.131081,9.131081,8.714558,8.348686,8.313774,8.331230,8.348686,8.348686,8.278851,8.453358,8.575333,8.731949,8.749332,8.488220,8.523075,8.627563,8.818848,8.888317,8.940388,8.853588,8.853588,8.905678,8.818848,8.853588,8.766716,8.766716,8.766716,8.853588,8.888317,8.940388,8.992432,9.009773,9.079109,9.217640,9.148392,9.061775,8.818848,8.818848,8.940388,8.923035,8.836220,8.888317,8.784096,8.749332,8.697163,8.679768,8.697163,8.697163,8.627563,8.627563,8.575333,9.373260,9.494129,9.494129,9.009773,8.505650,8.592743,8.557915,8.470791,8.435913,8.435913,8.488220,8.557915,8.505650,8.523075,8.592743,8.610161,8.697163,8.818848,8.679768,8.627563,8.610161,8.697163,8.818848,8.714558,8.749332,8.679768,8.818848,8.784096,8.784096,8.870953,8.923035,8.992432,8.957737,9.096436,9.286831,9.494129,9.580376,9.563126,9.355976,9.269539,9.252239,9.217640,9.217640,9.148392,9.304119,9.269539,9.321407,9.234943,9.321407,9.425079,9.494129,9.511379,9.304119,9.234943,9.304119,9.286831,9.148392,9.061775,9.148392,9.096436,9.096436,9.131081,9.165710,9.113758,9.113758,9.131081,9.131081,9.096436,9.165710,9.113758,9.200333,9.165710,9.131081,9.027115,9.027115,9.061775,8.923035,8.853588,8.836220,8.923035,8.888317,8.731949,8.749332,8.853588,9.183022,9.649315,9.666546,9.286831,8.957737,8.923035,9.009773,8.957737,8.853588,8.905678,8.923035,8.905678,8.940388,8.957737,9.079109,9.200333,9.286831,9.476868,9.735428,9.735428,9.752644,9.511379,9.373260,9.269539,9.131081,9.148392,9.113758,9.252239,9.165710,9.061775,9.148392,9.217640,9.252239,9.200333,9.304119,9.269539,9.217640,9.183022,9.183022,9.269539,9.269539,9.373260,9.304119,9.304119,9.355976,9.373260,9.338692,9.494129,9.407806,9.338692,9.286831,9.425079,9.511379,9.476868,9.476868,9.390537,9.252239,9.252239,9.252239,9.252239,9.563126,9.890244,9.838661,9.873051,9.442345,8.957737,8.836220,8.714558,8.679768,8.679768,8.784096,8.801476,8.749332,8.679768,8.644970,8.470791,8.435913,8.435913,8.348686,8.540497,8.644970,8.627563,8.749332,8.836220,8.992432,8.940388,8.957737,9.027115,9.183022,9.131081,9.148392,9.252239,9.286831,9.148392,9.009773,9.027115,9.096436,9.683773,9.890244,9.821461,9.649315,9.494129,9.442345,9.373260,9.494129,9.476868,9.597610,9.563126,9.494129,9.597610,9.597610,9.338692,9.632080,9.614849,9.752644,9.752644,9.787056,9.700993,9.649315,9.338692,9.269539,9.252239,9.286831,9.252239,9.321407,9.269539,9.338692,9.252239,9.234943,9.217640,9.183022,9.338692,9.390537,9.304119,9.234943,9.304119,9.217640,9.355976,9.217640,9.113758,9.217640,9.131081,9.148392,9.113758,9.148392,9.165710,9.183022,9.252239,9.286831,9.269539,9.200333,9.286831,9.666546,9.769852,9.649315,9.321407,8.870953,8.644970,8.714558,8.801476,8.853588,8.957737,8.905678,9.027115,8.975086,8.870953,8.992432,9.200333,9.286831,9.355976,9.338692,9.338692,9.563126,9.528633,9.494129,9.511379,9.476868,9.494129,9.580376,9.511379,9.528633,9.580376,9.666546,9.666546,9.632080,9.683773,9.632080,9.597610,9.563126,9.528633,9.476868,9.545887,9.580376,9.476868,9.528633,9.494129,9.476868,9.373260,9.355976,9.286831,9.304119,9.234943,9.269539,9.165710,9.217640,9.113758,9.200333,9.234943,9.494129,9.855862,9.890244,9.821461,9.442345,9.234943,9.183022,9.269539,9.269539,9.407806,9.321407,9.425079,9.355976,9.373260,9.321407,9.252239,9.355976,9.355976,9.390537,9.442345,9.407806,9.286831,9.234943,9.252239,9.304119,9.494129,9.425079,9.338692,9.459610,9.442345,9.442345,9.476868,9.390537,9.580376,9.580376,9.545887,9.614849,9.769852,10.010487,10.096279,10.044807,10.010487,9.855862,9.787056,9.718216,9.666546,9.735428,9.666546,9.752644,9.476868,9.752644,9.683773,9.838661,9.941792,9.821461,9.649315,9.580376,9.700993,9.649315,9.597610,9.614849,9.614849,9.563126,9.700993,9.666546,9.787056,9.752644,9.838661,9.821461,9.907425,9.821461,9.735428,9.666546,9.597610,9.580376,9.511379,9.580376,9.511379,9.580376,9.511379,
5.230549,5.230549,5.302444,5.356339,5.517838,5.589546,5.464031,5.320412,5.284477,5.140610,5.140610,4.978535,4.888393,4.906425,4.924461,5.014572,5.302444,5.302444,5.266499,5.050598,4.996559,4.996559,5.086613,5.086613,5.050598,5.122616,5.302444,5.535770,5.804367,5.875885,6.018761,5.947346,6.072296,6.054455,6.161457,6.072296,6.143627,6.125797,6.250534,6.464035,6.464035,6.517342,6.499577,6.535103,6.517342,6.481804,6.517342,6.552864,6.641617,6.659363,6.677101,6.535103,6.481804,6.552864,6.481804,6.659363,6.659363,6.783474,6.836617,6.907440,6.854328,6.907440,7.013577,7.260815,7.348972,7.296085,7.313717,7.260815,7.172585,7.119606,7.278450,7.137272,7.031254,6.801193,6.783474,6.730297,6.606125,6.570625,6.428486,6.428486,6.446259,6.410706,6.481804,6.499577,6.499577,6.517342,6.659363,6.694839,6.818905,6.854328,6.730297,6.818905,6.836617,7.013577,6.960518,7.137272,7.154926,7.031254,7.207882,7.331345,7.577831,7.700855,7.665718,7.630577,7.700855,7.771088,7.788635,7.981499,8.051544,8.016525,7.999016,8.121536,8.121536,8.121536,7.999016,8.121536,8.121536,8.139027,8.174004,8.278851,8.174004,8.104042,8.016525,7.946465,7.999016,7.876347,7.928940,7.981499,7.981499,8.156513,8.086544,8.069046,8.069046,8.156513,8.731949,8.836220,8.697163,8.383591,8.261383,8.313774,8.453358,8.313774,8.191483,8.139027,8.156513,8.208961,8.243912,8.261383,8.278851,8.348686,8.453358,8.453358,8.505650,8.575333,8.714558,8.714558,8.870953,8.836220,8.957737,8.836220,9.027115,8.975086,9.061775,9.009773,8.749332,8.836220,8.905678,9.183022,9.096436,8.714558,8.575333,8.505650,8.540497,8.627563,8.644970,8.610161,8.627563,8.540497,8.610161,8.697163,8.731949,8.784096,8.923035,8.940388,8.905678,8.662369,8.435913,8.366138,8.331230,8.383591,8.401035,8.383591,8.505650,8.401035,8.383591,8.418476,8.418476,8.348686,8.313774,8.366138,8.366138,8.505650,8.505650,8.453358,8.418476,8.418476,8.366138,8.296310,8.331230,8.331230,8.348686,8.313774,8.313774,8.331230,8.348686,8.557915,8.662369,9.096436,9.183022,8.766716,8.505650,8.366138,8.418476,8.313774,8.401035,8.470791,8.540497,8.610161,8.766716,8.749332,8.575333,8.470791,8.592743,8.575333,8.644970,8.697163,8.784096,8.697163,8.557915,8.627563,8.627563,8.644970,8.697163,8.766716,8.714558,8.801476,8.801476,8.801476,8.801476,9.131081,9.528633,9.632080,9.217640,8.957737,8.940388,8.923035,8.905678,8.870953,8.905678,8.957737,8.992432,8.940388,8.992432,8.923035,8.992432,8.818848,8.957737,8.905678,9.200333,9.355976,9.442345,9.183022,8.957737,8.957737,9.079109,8.853588,8.592743,8.575333,8.714558,8.731949,8.697163,8.644970,8.505650,8.592743,8.697163,8.679768,8.714558,8.644970,8.679768,8.610161,8.557915,8.627563,8.592743,8.627563,8.523075,8.662369,8.679768,8.697163,8.784096,8.697163,8.697163,8.836220,8.853588,9.390537,9.649315,9.563126,8.992432,8.784096,8.784096,8.610161,8.662369,8.627563,8.749332,8.749332,9.009773,8.957737,8.957737,8.905678,9.009773,9.217640,9.113758,9.304119,9.269539,9.390537,9.321407,9.286831,9.321407,9.373260,9.459610,9.494129,9.476868,9.390537,9.373260,9.373260,9.476868,9.425079,9.563126,9.614849,9.855862,9.821461,9.700993,9.683773,9.597610,9.666546,9.425079,9.390537,9.338692,9.200333,9.200333,8.975086,9.269539,9.252239,9.494129,9.666546,9.700993,9.286831,8.975086,8.870953,8.940388,8.853588,8.836220,8.870953,8.784096,8.853588,8.818848,8.714558,8.888317,8.870953,9.009773,9.183022,9.614849,9.666546,9.390537,8.905678,8.731949,8.575333,8.627563,8.540497,8.540497,8.575333,8.714558,8.801476,9.027115,8.905678,8.853588,8.870953,8.975086,8.957737,8.888317,8.905678,8.940388,8.957737,9.027115,9.079109,9.183022,9.217640,9.407806,9.252239,9.304119,9.390537,9.338692,9.286831,9.407806,9.425079,9.769852,9.787056,9.804260,9.683773,9.476868,9.407806,9.425079,9.528633,9.632080,9.838661,9.700993,9.632080,9.494129,8.992432,8.888317,8.975086,8.888317,8.784096,8.853588,8.853588,8.749332,8.662369,8.592743,8.383591,8.383591,8.435913,8.505650,8.523075,8.540497,8.610161,8.679768,8.644970,8.766716,8.853588,8.801476,8.853588,8.766716,8.697163,8.679768,8.731949,8.662369,8.644970,8.627563,8.784096,8.923035,9.769852,9.855862,9.632080,9.148392,9.027115,8.992432,9.061775,9.148392,9.200333,9.183022,9.131081,9.217640,9.183022,9.338692,9.373260,9.373260,9.321407,9.459610,9.355976,9.373260,9.459610,9.407806,9.321407,9.321407,9.338692,9.321407,9.286831,9.442345,9.355976,9.373260,9.390537,9.252239,9.355976,9.407806,9.494129,9.511379,9.545887,9.511379,9.425079,9.425079,9.269539,9.252239,9.217640,9.217640,9.252239,9.217640,9.183022,9.252239,9.234943,9.217640,9.200333,9.252239,9.200333,9.234943,9.425079,9.649315,9.597610,9.442345,8.975086,8.766716,8.575333,8.610161,8.627563,8.575333,8.592743,8.470791,8.557915,8.627563,8.575333,8.662369,8.697163,8.853588,8.923035,8.888317,8.923035,8.888317,9.009773,8.975086,9.061775,9.061775,9.148392,9.183022,9.252239,9.338692,9.355976,9.442345,9.459610,9.528633,9.580376,9.597610,9.666546,9.666546,9.700993,9.735428,9.838661,9.821461,9.907425,9.924606,9.821461,9.769852,9.666546,9.563126,9.597610,9.528633,9.355976,9.442345,9.511379,9.511379,9.269539,9.321407,9.459610,9.735428,9.838661,9.924606,9.769852,9.355976,9.286831,9.217640,9.321407,9.355976,9.511379,9.459610,9.459610,9.476868,9.425079,9.390537,9.390537,9.390537,9.304119,9.425079,9.442345,9.355976,9.286831,9.407806,9.252239,9.304119,9.304119,9.148392,9.269539,9.252239,9.252239,9.304119,9.234943,9.269539,9.217640,9.269539,9.304119,9.321407,9.804260,9.976139,9.873051,9.804260,9.632080,9.442345,9.459610,9.407806,9.390537,9.442345,9.511379,9.407806,9.545887,9.614849,9.769852,9.632080,9.666546,9.735428,9.735428,9.855862,9.873051,9.873051,9.855862,9.838661,9.941792,9.958965,10.027649,10.010487,10.027649,10.044807,10.079128,10.130581,10.079128,10.027649,9.838661,9.924606,9.976139,9.838661,9.855862,9.855862,9.666546,9.666546,9.597610,
5.284477,5.266499,5.356339,5.499908,5.607468,5.499908,5.428139,5.284477,5.194580,5.050598,5.086613,4.942490,4.798172,4.906425,4.978535,5.194580,5.392242,5.194580,5.176598,5.086613,5.140610,5.104614,5.194580,5.230549,5.194580,5.338371,5.625381,5.750706,5.929482,5.965206,6.054455,6.054455,5.965206,6.072296,6.054455,5.768597,5.804367,5.929482,6.036610,6.036610,6.179276,6.357342,6.410706,6.339550,6.321754,6.392914,6.392914,6.606125,6.730297,6.783474,6.765751,6.748028,6.730297,6.464035,6.464035,6.535103,6.606125,6.694839,6.694839,6.677101,6.730297,6.765751,6.854328,7.013577,7.154926,7.101940,7.260815,7.243172,7.207882,7.225533,7.313717,7.225533,7.119606,6.854328,6.836617,6.765751,6.659363,6.588379,6.464035,6.446259,6.339550,6.375134,6.357342,6.321754,6.268349,6.197094,6.339550,6.552864,6.694839,6.535103,6.446259,6.428486,6.481804,6.677101,6.641617,6.712570,6.783474,6.783474,7.013577,7.031254,7.137272,7.331345,7.384212,7.507469,7.507469,7.612995,7.683289,7.771088,7.858810,7.999016,7.963982,8.034035,8.139027,8.139027,8.156513,8.226437,8.278851,8.331230,8.401035,8.470791,8.488220,8.557915,8.470791,8.348686,8.348686,8.331230,8.348686,8.156513,8.278851,8.383591,8.331230,8.296310,8.261383,8.435913,8.784096,8.905678,8.853588,8.505650,8.296310,8.331230,8.296310,8.296310,8.191483,8.226437,8.156513,8.174004,8.174004,8.051544,8.121536,8.156513,8.156513,8.261383,8.208961,8.261383,8.401035,8.557915,8.662369,8.627563,8.575333,8.627563,8.557915,8.679768,8.644970,8.383591,8.331230,8.383591,8.610161,8.940388,8.957737,8.453358,8.104042,7.946465,8.051544,7.999016,7.893879,7.946465,7.876347,7.911411,8.016525,8.086544,8.086544,8.086544,8.226437,8.104042,8.191483,8.174004,8.278851,8.191483,8.296310,8.348686,8.348686,8.383591,8.401035,8.470791,8.401035,8.418476,8.383591,8.488220,8.435913,8.453358,8.714558,8.836220,8.836220,8.714558,8.749332,8.662369,8.662369,8.610161,8.523075,8.540497,8.557915,8.575333,8.435913,8.523075,8.575333,8.731949,8.749332,9.217640,9.113758,8.923035,8.697163,8.697163,8.766716,8.801476,8.975086,8.818848,8.870953,9.009773,9.079109,8.888317,8.853588,8.870953,8.784096,8.749332,8.784096,8.923035,8.888317,8.853588,8.714558,8.679768,8.801476,8.697163,8.801476,8.784096,8.801476,8.853588,8.731949,8.749332,8.801476,8.975086,9.494129,9.563126,9.148392,8.610161,8.662369,8.627563,8.714558,8.697163,8.766716,8.749332,8.836220,8.836220,8.905678,8.940388,8.975086,8.905678,8.836220,8.853588,8.853588,9.131081,9.061775,9.044441,9.044441,9.061775,9.044441,9.113758,9.096436,9.183022,9.148392,9.217640,9.148392,9.079109,9.131081,9.113758,9.355976,9.425079,9.200333,9.113758,9.027115,8.940388,8.836220,8.888317,8.870953,8.836220,8.818848,8.714558,8.714558,8.766716,8.853588,8.784096,8.818848,8.853588,8.940388,9.528633,9.563126,9.511379,9.027115,8.644970,8.610161,8.557915,8.575333,8.575333,8.575333,8.627563,8.714558,8.784096,8.836220,8.784096,8.749332,8.905678,8.784096,8.836220,8.888317,8.888317,8.905678,8.870953,8.801476,8.888317,8.940388,8.870953,8.888317,8.870953,8.940388,9.061775,9.044441,9.044441,9.079109,9.200333,9.769852,9.941792,9.924606,9.614849,9.563126,9.545887,9.425079,9.442345,9.511379,9.373260,9.200333,9.407806,9.373260,9.459610,9.355976,9.459610,9.494129,9.425079,9.373260,9.304119,9.286831,9.321407,9.234943,9.131081,9.009773,9.044441,9.131081,9.009773,8.957737,9.044441,9.061775,9.217640,9.494129,9.614849,9.321407,8.975086,8.836220,8.766716,8.801476,8.801476,8.870953,8.749332,8.801476,8.766716,8.818848,8.714558,8.801476,8.818848,8.853588,8.870953,8.888317,8.784096,8.818848,8.784096,8.766716,8.784096,8.923035,8.923035,9.027115,8.888317,8.870953,8.940388,9.044441,8.836220,8.923035,8.940388,9.459610,9.735428,9.700993,9.373260,9.044441,8.975086,9.044441,9.027115,9.200333,9.183022,9.321407,9.269539,9.061775,9.113758,9.027115,9.113758,9.269539,9.286831,9.269539,9.304119,9.148392,8.992432,8.853588,8.888317,8.714558,8.697163,8.784096,8.818848,8.905678,8.853588,8.836220,8.801476,8.749332,8.888317,8.870953,8.888317,8.731949,8.540497,8.592743,8.662369,8.610161,8.575333,8.592743,8.679768,8.975086,9.683773,9.735428,9.459610,9.183022,9.079109,9.009773,9.096436,9.234943,9.200333,9.079109,9.113758,9.061775,8.992432,9.027115,9.027115,9.027115,9.148392,9.079109,9.113758,9.079109,9.096436,9.027115,8.992432,9.009773,8.940388,9.044441,9.027115,9.165710,9.079109,9.148392,9.131081,9.113758,9.165710,9.200333,9.338692,9.666546,9.718216,9.838661,9.666546,9.390537,9.338692,9.269539,9.183022,9.286831,9.304119,9.390537,9.373260,9.338692,9.373260,9.286831,9.269539,9.390537,9.355976,9.321407,9.459610,9.528633,9.511379,9.338692,9.009773,8.836220,8.749332,8.714558,8.870953,8.644970,8.679768,8.679768,8.697163,8.714558,8.749332,8.801476,8.853588,8.923035,8.905678,8.888317,8.957737,9.061775,8.870953,8.940388,8.940388,8.923035,8.992432,9.044441,8.975086,9.027115,9.061775,9.044441,9.061775,8.992432,8.992432,9.061775,9.200333,9.373260,9.735428,9.838661,9.976139,9.873051,9.752644,9.838661,9.821461,9.649315,9.614849,9.632080,9.632080,9.511379,9.580376,9.614849,9.614849,9.494129,9.545887,9.563126,9.649315,9.649315,9.683773,9.597610,9.563126,9.597610,9.528633,9.563126,9.614849,9.683773,9.718216,9.718216,9.683773,9.769852,9.700993,9.666546,9.528633,9.580376,9.649315,9.718216,9.666546,9.580376,9.528633,9.459610,9.338692,9.390537,9.321407,9.234943,9.321407,9.286831,9.252239,9.269539,9.373260,9.373260,9.200333,9.390537,9.304119,9.476868,9.890244,9.890244,9.787056,9.545887,9.252239,9.321407,9.217640,9.234943,9.217640,9.355976,9.165710,9.321407,9.338692,9.304119,9.373260,9.321407,9.355976,9.425079,9.476868,9.407806,9.649315,9.614849,9.597610,9.700993,9.804260,9.735428,9.941792,9.855862,9.821461,9.976139,10.027649,10.096279,10.044807,9.976139,10.096279,10.164867,10.147728,10.061974,10.027649,9.993317,9.993317,9.924606,9.787056,
5.302444,5.338371,5.553699,5.625381,5.553699,5.589546,5.302444,5.248528,5.068611,5.068611,5.032589,4.978535,4.816223,4.816223,4.978535,5.284477,5.320412,5.248528,5.104614,5.086613,5.122616,5.194580,5.266499,5.302444,5.481972,5.679108,5.822250,5.929482,5.911625,5.983063,5.965206,6.036610,6.018761,5.929482,5.750706,5.714912,5.679108,5.714912,5.893753,5.965206,6.125797,6.214916,6.214916,6.303955,6.410706,6.428486,6.499577,6.836617,6.854328,6.925133,6.942829,6.925133,6.801193,6.464035,6.464035,6.321754,6.481804,6.464035,6.570625,6.606125,6.606125,6.677101,6.588379,7.013577,6.925133,6.925133,6.960518,7.066605,7.119606,7.207882,7.190231,7.119606,6.995895,6.960518,7.048931,6.995895,6.995895,6.801193,6.623875,6.623875,6.499577,6.392914,6.392914,6.321754,6.232731,6.197094,6.268349,6.552864,6.588379,6.535103,6.303955,6.375134,6.375134,6.357342,6.517342,6.517342,6.570625,6.623875,6.641617,6.712570,6.836617,6.925133,6.942829,7.013577,7.207882,7.243172,7.313717,7.366592,7.507469,7.384212,7.507469,7.507469,7.665718,7.612995,7.753536,7.841270,7.858810,7.946465,7.981499,8.191483,8.401035,8.523075,8.488220,8.313774,8.156513,8.174004,8.191483,8.261383,8.104042,8.226437,8.296310,8.313774,8.366138,8.366138,8.453358,8.505650,8.505650,8.575333,8.435913,8.296310,8.331230,8.348686,8.296310,8.191483,8.191483,8.226437,8.174004,8.191483,8.174004,8.191483,8.278851,8.278851,8.331230,8.313774,8.453358,8.644970,8.627563,8.575333,8.505650,8.505650,8.470791,8.418476,8.418476,8.243912,8.208961,8.331230,8.366138,8.818848,8.905678,8.418476,8.086544,8.016525,7.981499,7.876347,7.911411,7.893879,7.963982,7.928940,7.928940,7.841270,7.858810,7.946465,7.876347,7.876347,7.858810,7.963982,8.086544,7.999016,7.981499,8.051544,7.963982,7.999016,7.928940,7.893879,7.841270,7.841270,7.806187,7.806187,7.806187,7.999016,8.644970,9.044441,8.818848,8.610161,8.470791,8.557915,8.470791,8.575333,8.523075,8.575333,8.679768,8.610161,8.610161,8.644970,8.610161,8.644970,8.714558,8.853588,8.992432,9.027115,9.061775,8.923035,8.940388,9.027115,9.131081,9.165710,9.183022,9.217640,9.027115,9.096436,9.286831,9.234943,9.338692,9.269539,9.425079,9.407806,9.407806,9.234943,9.113758,9.027115,9.200333,9.131081,9.234943,9.234943,9.200333,9.113758,9.079109,9.113758,8.957737,9.148392,9.580376,9.649315,9.304119,9.027115,8.801476,8.801476,8.697163,8.644970,8.697163,8.766716,8.836220,8.749332,8.731949,8.853588,8.836220,8.818848,8.853588,8.784096,8.766716,8.836220,8.853588,8.992432,8.940388,8.923035,9.009773,9.096436,9.079109,9.096436,9.131081,8.975086,9.027115,9.044441,9.131081,9.165710,9.752644,9.821461,9.718216,9.321407,9.131081,9.027115,9.027115,9.096436,9.113758,8.975086,8.923035,8.836220,8.888317,8.957737,9.113758,9.096436,9.252239,9.407806,9.390537,9.632080,9.597610,9.425079,9.148392,8.957737,8.870953,8.853588,8.749332,8.818848,8.853588,8.853588,8.905678,8.957737,9.061775,9.165710,9.183022,9.183022,8.975086,8.818848,8.784096,8.749332,8.784096,8.836220,8.784096,8.784096,8.870953,8.888317,8.888317,8.801476,8.870953,8.870953,8.870953,8.853588,8.818848,8.992432,9.752644,9.907425,9.873051,9.355976,9.165710,9.079109,9.061775,9.009773,8.905678,8.870953,9.165710,9.044441,8.888317,8.818848,8.870953,8.905678,8.905678,9.131081,9.200333,9.217640,9.217640,9.321407,9.234943,9.183022,9.200333,9.165710,9.200333,9.148392,9.113758,9.200333,9.217640,9.321407,9.355976,9.580376,9.373260,9.407806,9.476868,9.545887,9.666546,9.666546,9.632080,9.511379,9.597610,9.683773,9.494129,9.442345,9.442345,9.494129,9.390537,9.442345,9.321407,9.355976,9.217640,9.234943,9.183022,9.165710,9.200333,9.165710,9.079109,9.131081,9.113758,9.044441,9.009773,9.027115,9.009773,9.079109,9.511379,9.769852,9.649315,9.148392,8.888317,8.957737,9.009773,8.853588,8.836220,8.940388,8.957737,8.957737,8.992432,9.027115,9.009773,8.975086,8.888317,9.165710,9.494129,9.545887,9.096436,8.923035,8.957737,8.836220,8.888317,8.923035,9.027115,9.009773,8.940388,8.923035,8.923035,9.079109,9.113758,9.165710,9.148392,9.061775,8.784096,8.784096,8.992432,8.923035,8.818848,8.853588,9.009773,9.044441,9.286831,9.597610,9.580376,9.459610,9.390537,9.183022,9.355976,9.304119,9.528633,9.769852,9.528633,9.407806,9.355976,9.252239,9.096436,9.148392,9.148392,9.165710,9.183022,9.165710,9.165710,9.096436,8.975086,8.923035,8.992432,8.975086,9.061775,9.183022,9.113758,9.183022,9.148392,9.044441,8.940388,8.992432,9.113758,9.442345,9.838661,9.958965,9.890244,9.580376,9.252239,9.217640,9.113758,9.131081,9.234943,9.148392,9.131081,9.183022,9.321407,9.355976,9.304119,9.390537,9.269539,9.269539,9.234943,9.217640,9.355976,9.304119,9.269539,9.269539,9.234943,9.234943,9.286831,9.286831,9.165710,9.183022,9.165710,9.217640,9.113758,9.183022,9.234943,9.286831,9.425079,9.373260,9.373260,9.321407,9.269539,9.217640,9.183022,9.079109,9.131081,9.009773,9.079109,9.096436,9.061775,9.009773,8.975086,8.940388,8.923035,8.992432,8.957737,9.131081,9.494129,9.787056,9.821461,9.787056,9.666546,9.511379,9.407806,9.183022,9.183022,9.165710,9.217640,9.113758,9.234943,9.079109,9.217640,9.286831,9.407806,9.269539,9.165710,9.096436,9.234943,9.321407,9.286831,9.286831,9.355976,9.355976,9.407806,9.494129,9.545887,9.563126,9.511379,9.580376,9.769852,9.700993,9.787056,9.769852,9.683773,9.838661,9.924606,9.924606,9.821461,9.752644,9.666546,9.700993,9.649315,9.683773,9.718216,9.649315,9.580376,9.425079,9.476868,9.563126,9.511379,9.407806,9.580376,9.614849,9.821461,9.873051,9.924606,9.735428,9.580376,9.355976,9.390537,9.390537,9.407806,9.338692,9.373260,9.459610,9.304119,9.407806,9.373260,9.373260,9.425079,9.511379,9.563126,9.632080,9.563126,9.563126,9.476868,9.425079,9.442345,9.494129,9.459610,9.459610,9.528633,9.563126,9.580376,9.580376,9.476868,9.528633,9.666546,9.735428,9.976139,10.079128,9.907425,9.718216,9.804260,9.683773,9.666546,9.666546,
5.374290,5.464031,5.589546,5.643291,5.553699,5.356339,5.230549,5.212570,5.230549,5.194580,5.032589,4.852314,4.906425,4.942490,5.140610,5.284477,5.230549,5.104614,5.086613,5.104614,5.230549,5.212570,5.212570,5.428139,5.732807,5.822250,5.911625,5.875885,5.983063,5.893753,5.983063,5.804367,5.679108,5.661201,5.589546,5.643291,5.750706,5.750706,5.893753,5.983063,6.090134,6.072296,6.179276,6.286148,6.392914,6.570625,6.818905,6.942829,6.942829,6.995895,7.084278,6.925133,6.818905,6.499577,6.339550,6.375134,6.392914,6.392914,6.410706,6.446259,6.446259,6.410706,6.588379,6.765751,6.995895,6.925133,7.013577,6.995895,6.942829,6.907440,7.048931,6.942829,6.960518,6.978207,6.942829,6.995895,7.013577,6.925133,6.907440,6.801193,6.677101,6.659363,6.552864,6.499577,6.392914,6.357342,6.286148,6.375134,6.499577,6.428486,6.410706,6.464035,6.375134,6.481804,6.570625,6.588379,6.748028,6.659363,6.765751,6.836617,6.854328,6.889732,7.031254,7.101940,7.172585,7.313717,7.260815,7.260815,7.384212,7.384212,7.401833,7.401833,7.313717,7.454662,7.525059,7.489868,7.665718,7.542656,7.595413,7.806187,8.435913,8.453358,8.401035,7.981499,7.700855,7.577831,7.577831,7.630577,7.595413,7.700855,7.700855,7.683289,7.771088,7.718422,7.911411,7.876347,7.928940,7.999016,8.034035,7.928940,7.981499,8.034035,8.034035,8.156513,7.999016,8.016525,7.981499,7.981499,8.051544,8.104042,8.104042,8.156513,8.331230,8.644970,8.766716,8.923035,8.697163,8.523075,8.383591,8.435913,8.470791,8.453358,8.435913,8.366138,8.488220,8.383591,8.453358,8.592743,8.801476,8.523075,8.383591,8.313774,8.243912,8.208961,8.156513,8.174004,8.261383,8.191483,8.156513,8.139027,8.121536,8.208961,8.174004,8.121536,8.016525,8.104042,8.034035,8.069046,8.121536,8.069046,7.946465,7.806187,7.858810,7.771088,7.683289,7.700855,7.648148,7.560242,7.630577,7.700855,8.401035,8.957737,8.957737,8.523075,8.470791,8.540497,8.540497,8.435913,8.488220,8.453358,8.557915,8.557915,8.540497,8.470791,8.505650,8.575333,8.557915,8.592743,8.610161,8.575333,8.575333,8.627563,8.714558,8.714558,8.905678,8.836220,8.940388,8.975086,8.957737,9.061775,8.870953,8.923035,9.061775,9.183022,9.614849,9.597610,9.407806,9.165710,9.113758,9.079109,9.113758,9.183022,9.183022,9.252239,9.252239,9.442345,9.269539,9.373260,9.338692,9.511379,9.563126,9.649315,9.528633,9.355976,9.355976,9.338692,9.355976,9.183022,8.992432,8.992432,9.079109,9.183022,9.234943,9.148392,9.217640,9.252239,9.234943,9.217640,9.200333,9.252239,9.234943,9.269539,9.217640,9.113758,9.165710,9.079109,9.131081,9.079109,9.200333,9.183022,8.975086,9.061775,9.079109,9.269539,9.993317,10.010487,9.632080,9.044441,8.679768,8.575333,8.784096,8.870953,8.749332,8.679768,8.766716,8.801476,8.801476,8.766716,8.905678,9.044441,9.165710,9.165710,9.200333,9.321407,9.286831,9.148392,9.131081,8.957737,8.957737,9.096436,9.009773,9.183022,8.992432,9.079109,9.200333,9.304119,9.407806,9.494129,9.614849,9.769852,9.718216,9.580376,9.373260,9.321407,9.269539,9.234943,9.338692,9.286831,9.217640,9.321407,9.200333,9.183022,9.113758,9.131081,9.079109,8.957737,8.992432,9.183022,9.838661,9.993317,9.993317,9.494129,9.096436,9.027115,9.027115,9.044441,8.957737,8.905678,8.940388,8.870953,8.870953,8.801476,8.749332,8.749332,8.766716,8.940388,9.044441,8.853588,8.801476,8.836220,8.818848,8.766716,8.714558,8.731949,8.679768,8.766716,8.766716,8.731949,8.801476,8.888317,8.940388,8.957737,8.992432,8.957737,9.442345,9.787056,9.924606,9.976139,9.838661,9.787056,9.718216,9.821461,9.838661,9.924606,9.855862,9.855862,9.804260,9.804260,9.855862,9.787056,9.804260,9.787056,9.752644,9.700993,9.718216,9.735428,9.683773,9.700993,9.735428,9.649315,9.718216,9.683773,9.528633,9.752644,9.769852,9.821461,9.700993,9.321407,9.183022,9.200333,9.183022,9.252239,9.148392,9.096436,9.148392,9.009773,8.992432,8.853588,8.888317,8.940388,8.975086,8.992432,9.700993,9.545887,9.321407,9.131081,9.027115,8.975086,8.888317,8.975086,9.009773,8.923035,8.923035,8.818848,8.784096,8.749332,8.784096,8.853588,8.923035,8.870953,8.784096,8.853588,8.905678,9.009773,8.870953,8.975086,9.044441,9.096436,9.183022,9.286831,9.304119,9.269539,9.304119,9.269539,9.286831,9.442345,9.666546,9.855862,9.752644,9.597610,9.373260,9.234943,9.200333,9.200333,9.183022,9.269539,9.165710,9.183022,9.286831,9.338692,9.234943,9.096436,9.148392,9.252239,9.442345,9.649315,9.683773,9.666546,9.563126,9.442345,9.148392,9.304119,9.528633,9.958965,10.061974,9.941792,9.787056,9.304119,9.252239,9.148392,9.148392,9.148392,9.234943,9.148392,9.096436,9.148392,9.234943,9.148392,9.131081,9.148392,9.148392,9.079109,9.165710,9.113758,9.200333,9.165710,9.079109,9.079109,9.079109,9.096436,9.183022,9.165710,9.079109,9.113758,9.234943,9.234943,9.148392,9.286831,9.528633,9.700993,9.838661,9.838661,9.821461,9.614849,9.511379,9.545887,9.494129,9.545887,9.442345,9.476868,9.494129,9.442345,9.355976,9.252239,9.355976,9.269539,9.148392,9.165710,9.200333,9.321407,9.614849,9.769852,9.718216,9.597610,9.494129,9.252239,9.113758,9.183022,9.165710,9.096436,9.234943,9.131081,9.234943,9.234943,9.217640,9.269539,9.269539,9.200333,9.165710,9.131081,9.148392,9.079109,9.027115,9.096436,9.113758,9.009773,9.079109,9.061775,9.096436,9.131081,9.200333,9.252239,9.286831,9.321407,9.269539,9.355976,9.459610,9.821461,9.873051,9.666546,9.632080,9.563126,9.511379,9.459610,9.494129,9.459610,9.459610,9.545887,9.632080,9.700993,9.632080,9.614849,9.580376,9.632080,9.718216,9.700993,9.804260,9.769852,9.752644,9.666546,9.666546,9.632080,9.683773,9.700993,9.735428,9.649315,9.735428,9.752644,9.649315,9.614849,9.614849,9.545887,9.700993,9.735428,9.821461,9.735428,9.700993,9.563126,9.494129,9.494129,9.425079,9.494129,9.476868,9.407806,9.459610,9.459610,9.390537,9.476868,9.407806,9.459610,9.563126,9.632080,9.890244,9.821461,9.649315,9.286831,9.459610,9.373260,9.338692,9.338692,
5.428139,5.714912,5.697014,5.571625,5.392242,5.302444,5.248528,5.176598,5.140610,5.104614,4.996559,4.906425,4.870358,5.014572,5.392242,5.374290,5.194580,5.140610,4.978535,4.996559,5.068611,5.302444,5.320412,5.643291,5.929482,6.090134,6.054455,6.018761,6.054455,5.983063,5.786484,5.643291,5.481972,5.499908,5.679108,5.643291,5.768597,5.858009,5.893753,5.911625,6.072296,6.018761,6.214916,6.410706,6.552864,6.801193,6.960518,6.907440,6.942829,6.836617,6.783474,6.606125,6.606125,6.517342,6.392914,6.392914,6.410706,6.339550,6.303955,6.428486,6.517342,6.623875,6.694839,6.889732,6.942829,6.925133,6.978207,6.978207,6.854328,6.854328,6.748028,6.748028,6.765751,6.801193,6.872036,6.978207,6.836617,6.854328,6.854328,6.783474,6.836617,6.694839,6.748028,6.606125,6.623875,6.428486,6.464035,6.464035,6.392914,6.464035,6.446259,6.392914,6.410706,6.517342,6.552864,6.535103,6.552864,6.677101,6.677101,6.765751,6.978207,7.225533,7.366592,7.190231,7.348972,7.348972,7.348972,7.437057,7.472267,7.507469,7.507469,7.542656,7.542656,7.542656,7.630577,7.577831,7.577831,7.595413,7.718422,7.823730,8.226437,8.348686,8.401035,7.928940,7.542656,7.560242,7.612995,7.683289,7.577831,7.525059,7.560242,7.595413,7.683289,7.718422,7.735977,7.788635,7.735977,7.858810,7.806187,7.735977,7.630577,7.700855,7.648148,7.577831,7.612995,7.683289,7.823730,7.735977,7.858810,7.823730,7.735977,7.718422,7.858810,8.610161,8.644970,8.731949,8.505650,8.051544,8.051544,7.963982,7.981499,8.086544,7.999016,8.104042,8.086544,8.051544,8.051544,8.069046,8.104042,8.313774,8.435913,8.261383,8.243912,8.174004,8.191483,8.261383,8.278851,8.296310,8.296310,8.348686,8.348686,8.208961,8.208961,8.174004,8.226437,8.243912,8.296310,8.401035,8.697163,8.679768,8.470791,8.383591,8.226437,8.034035,7.999016,7.999016,7.946465,7.893879,7.718422,7.928940,8.557915,8.888317,8.905678,8.644970,8.610161,8.610161,8.627563,8.627563,8.435913,8.435913,8.505650,8.592743,8.731949,8.714558,8.610161,8.697163,8.575333,8.679768,8.610161,8.627563,8.679768,8.662369,8.749332,8.749332,8.731949,8.766716,8.731949,8.697163,8.731949,8.801476,8.766716,8.731949,8.679768,8.975086,9.545887,9.700993,9.407806,8.870953,8.697163,8.714558,8.731949,8.870953,9.113758,9.183022,9.183022,9.061775,8.992432,9.009773,9.009773,9.131081,9.234943,9.234943,9.113758,9.096436,9.079109,9.009773,9.148392,9.113758,9.113758,9.113758,9.165710,9.252239,9.286831,9.286831,9.373260,9.304119,9.425079,9.425079,9.666546,9.735428,9.649315,9.545887,9.614849,9.614849,9.580376,9.390537,9.407806,9.511379,9.442345,9.597610,9.494129,9.511379,9.425079,9.545887,9.924606,9.873051,9.597610,8.992432,8.853588,8.870953,8.888317,8.923035,8.957737,8.888317,8.975086,8.905678,8.957737,8.992432,8.940388,9.044441,9.131081,9.079109,9.096436,9.131081,8.957737,9.044441,8.975086,8.957737,8.905678,9.061775,9.079109,9.061775,8.888317,8.836220,8.923035,8.923035,9.165710,9.373260,9.632080,9.993317,10.027649,9.769852,9.286831,9.304119,9.286831,9.407806,9.373260,9.476868,9.580376,9.528633,9.476868,9.476868,9.459610,9.614849,9.580376,9.338692,9.545887,9.580376,9.838661,9.890244,9.821461,9.580376,9.425079,9.442345,9.338692,9.304119,9.148392,9.200333,9.234943,9.234943,9.183022,9.044441,9.009773,9.096436,9.252239,9.355976,9.252239,9.027115,8.940388,8.818848,8.784096,8.784096,8.818848,8.679768,8.697163,8.592743,8.644970,8.697163,8.714558,8.679768,8.697163,8.540497,8.557915,8.818848,9.597610,9.890244,9.855862,9.993317,9.683773,9.373260,9.459610,9.511379,9.545887,9.614849,9.752644,9.821461,9.700993,9.597610,9.649315,9.476868,9.459610,9.407806,9.476868,9.597610,9.580376,9.459610,9.528633,9.632080,9.718216,9.597610,9.735428,9.666546,9.666546,9.752644,9.735428,9.718216,9.649315,9.632080,9.563126,9.666546,9.632080,9.804260,9.838661,9.769852,9.735428,9.580376,9.511379,9.476868,9.355976,9.286831,9.183022,9.373260,9.804260,9.804260,9.804260,9.787056,9.700993,9.597610,9.476868,9.252239,9.096436,8.957737,8.801476,8.801476,8.731949,8.627563,8.836220,8.853588,8.714558,8.679768,8.662369,8.714558,8.749332,8.714558,8.784096,8.853588,8.870953,8.836220,8.784096,8.940388,8.888317,8.870953,8.818848,8.836220,8.870953,9.131081,9.649315,9.700993,9.511379,9.027115,8.784096,8.749332,8.697163,8.905678,8.870953,8.818848,8.784096,9.027115,8.975086,8.905678,8.870953,8.801476,8.905678,9.113758,9.597610,10.010487,9.976139,9.838661,9.787056,9.649315,9.511379,9.700993,9.838661,9.958965,10.044807,9.890244,9.735428,9.614849,9.735428,9.718216,9.597610,9.563126,9.666546,9.580376,9.649315,9.683773,9.632080,9.632080,9.528633,9.614849,9.476868,9.425079,9.407806,9.442345,9.459610,9.390537,9.338692,9.304119,9.304119,9.355976,9.304119,9.269539,9.234943,9.165710,9.269539,9.269539,9.217640,9.338692,9.476868,9.890244,9.941792,9.873051,9.597610,9.476868,9.442345,9.321407,9.304119,9.304119,9.355976,9.459610,9.476868,9.476868,9.545887,9.511379,9.545887,9.494129,9.355976,9.528633,9.459610,9.494129,9.580376,9.614849,9.614849,9.528633,9.355976,9.269539,9.269539,9.407806,9.511379,9.545887,9.425079,9.425079,9.528633,9.528633,9.528633,9.580376,9.528633,9.580376,9.528633,9.338692,9.234943,9.234943,9.200333,9.079109,9.096436,9.096436,9.113758,9.096436,9.096436,9.165710,9.027115,9.148392,9.131081,9.183022,9.079109,9.252239,9.683773,9.752644,9.735428,9.563126,9.286831,9.234943,9.269539,9.476868,9.286831,9.234943,9.234943,9.286831,9.304119,9.269539,9.355976,9.390537,9.425079,9.425079,9.286831,9.286831,9.338692,9.234943,9.390537,9.407806,9.494129,9.494129,9.580376,9.545887,9.683773,9.614849,9.614849,9.666546,9.597610,9.442345,9.407806,9.700993,9.838661,9.958965,9.838661,9.735428,9.683773,9.700993,9.718216,9.649315,9.787056,9.614849,9.632080,9.580376,9.632080,9.632080,9.649315,9.683773,9.614849,9.614849,9.632080,9.821461,10.044807,9.735428,9.563126,9.407806,9.390537,9.304119,9.407806,9.442345,
5.589546,5.697014,5.750706,5.392242,5.248528,5.176598,5.194580,5.176598,5.032589,5.032589,4.960514,4.888393,4.996559,5.410194,5.464031,5.464031,5.248528,5.194580,5.176598,5.302444,5.176598,5.428139,5.589546,5.893753,6.090134,6.125797,6.072296,6.054455,5.947346,5.858009,5.553699,5.356339,5.517838,5.481972,5.661201,5.679108,5.893753,5.804367,5.840134,5.929482,6.000916,6.107971,6.339550,6.623875,6.748028,6.872036,6.960518,6.907440,6.889732,6.606125,6.552864,6.552864,6.517342,6.464035,6.464035,6.499577,6.410706,6.464035,6.446259,6.588379,6.818905,6.978207,7.243172,7.296085,7.190231,7.084278,7.084278,7.031254,6.836617,6.712570,6.659363,6.730297,6.659363,6.588379,6.677101,6.641617,6.659363,6.641617,6.694839,6.694839,6.677101,6.588379,6.606125,6.623875,6.588379,6.552864,6.481804,6.428486,6.481804,6.428486,6.375134,6.357342,6.357342,6.339550,6.339550,6.392914,6.428486,6.499577,6.464035,6.517342,6.712570,7.172585,7.366592,7.401833,7.101940,7.243172,7.296085,7.419441,7.489868,7.507469,7.472267,7.542656,7.700855,7.753536,7.806187,7.753536,7.841270,7.753536,7.788635,7.946465,8.104042,8.086544,8.208961,8.016525,7.876347,7.806187,7.823730,7.876347,7.841270,7.788635,7.753536,7.858810,8.034035,8.086544,8.069046,8.051544,8.174004,8.104042,8.034035,7.981499,7.928940,7.858810,7.841270,7.823730,7.911411,7.806187,7.823730,7.893879,7.858810,7.806187,7.876347,7.823730,7.963982,8.208961,8.627563,8.801476,8.366138,7.876347,7.806187,7.753536,7.683289,7.735977,7.683289,7.735977,7.700855,7.665718,7.735977,7.665718,7.683289,7.788635,7.963982,7.788635,7.735977,7.893879,7.928940,7.928940,7.841270,7.753536,7.806187,7.911411,7.858810,7.963982,8.086544,8.051544,7.981499,7.981499,8.104042,8.470791,9.009773,9.027115,8.836220,8.540497,8.331230,8.278851,8.243912,8.226437,8.139027,8.104042,8.174004,8.296310,8.296310,8.470791,8.610161,8.557915,8.575333,8.610161,8.627563,8.714558,8.714558,8.697163,8.870953,8.888317,8.923035,8.923035,8.870953,8.923035,8.870953,8.905678,8.940388,8.940388,8.940388,8.905678,8.975086,8.957737,8.957737,9.061775,8.888317,8.801476,8.818848,8.836220,8.749332,8.818848,8.784096,8.923035,9.494129,9.563126,9.425079,8.888317,8.610161,8.627563,8.679768,8.644970,8.940388,9.009773,8.975086,8.888317,8.853588,8.888317,8.870953,8.923035,8.870953,8.888317,8.923035,8.697163,8.731949,8.697163,8.749332,8.905678,8.940388,8.957737,9.148392,9.165710,9.252239,9.148392,8.992432,9.009773,9.079109,9.148392,9.752644,9.890244,9.735428,9.511379,9.373260,9.511379,9.286831,9.373260,9.304119,9.407806,9.494129,9.597610,9.511379,9.511379,9.580376,9.700993,9.821461,9.855862,9.838661,9.563126,9.476868,9.511379,9.683773,9.735428,9.649315,9.632080,9.683773,9.580376,9.563126,9.459610,9.511379,9.459610,9.425079,9.321407,9.390537,9.304119,9.131081,9.061775,9.148392,9.148392,9.079109,9.131081,8.975086,8.905678,8.801476,8.784096,8.905678,8.923035,9.027115,9.234943,9.338692,9.993317,10.096279,9.735428,9.183022,9.044441,9.079109,9.148392,9.286831,9.321407,9.459610,9.476868,9.390537,9.304119,9.355976,9.355976,9.390537,9.528633,9.459610,9.494129,9.442345,9.494129,9.511379,9.459610,9.494129,9.425079,9.373260,9.425079,9.407806,9.442345,9.425079,9.442345,9.442345,9.373260,9.459610,9.683773,9.855862,9.941792,9.787056,9.700993,9.476868,9.252239,9.286831,9.148392,9.113758,9.113758,9.009773,9.061775,8.992432,9.217640,8.992432,8.888317,8.905678,8.749332,8.853588,9.200333,9.700993,9.873051,9.873051,9.907425,9.545887,9.321407,9.338692,9.476868,9.511379,9.476868,9.649315,9.632080,9.563126,9.511379,9.286831,9.200333,9.113758,9.131081,9.200333,9.355976,9.321407,9.131081,9.165710,9.165710,9.044441,9.096436,9.148392,9.269539,9.425079,9.373260,9.373260,9.442345,9.442345,9.407806,9.494129,9.476868,9.718216,10.130581,10.130581,9.993317,9.769852,9.683773,9.597610,9.545887,9.442345,9.459610,9.476868,9.494129,9.494129,9.563126,9.718216,9.838661,9.787056,9.769852,9.683773,9.580376,9.528633,9.407806,9.252239,9.183022,9.148392,9.148392,9.200333,9.131081,9.148392,8.992432,8.870953,9.027115,8.992432,9.027115,8.957737,9.061775,9.061775,9.131081,9.148392,9.096436,9.061775,8.940388,8.975086,8.940388,9.044441,9.165710,9.769852,9.787056,9.545887,8.870953,8.714558,8.714558,8.644970,8.662369,8.749332,8.679768,8.714558,8.749332,8.888317,8.905678,8.644970,8.749332,8.818848,9.009773,9.614849,9.890244,10.096279,9.666546,9.425079,9.459610,9.286831,9.355976,9.511379,9.632080,9.683773,9.649315,9.580376,9.718216,9.735428,9.683773,9.787056,9.769852,9.804260,9.838661,9.787056,9.804260,9.855862,9.838661,9.821461,9.804260,9.769852,9.907425,9.855862,9.821461,9.735428,9.804260,9.787056,9.838661,9.890244,9.890244,9.941792,9.890244,9.752644,9.838661,9.735428,9.666546,9.683773,9.683773,9.855862,9.924606,9.890244,9.735428,9.528633,9.286831,9.304119,9.286831,9.252239,9.321407,9.286831,9.407806,9.390537,9.338692,9.442345,9.425079,9.425079,9.373260,9.390537,9.425079,9.304119,9.321407,9.494129,9.545887,9.425079,9.373260,9.407806,9.373260,9.511379,9.407806,9.476868,9.494129,9.407806,9.459610,9.476868,9.649315,9.752644,9.924606,10.044807,9.993317,9.597610,9.511379,9.407806,9.304119,9.390537,9.286831,9.373260,9.390537,9.355976,9.338692,9.304119,9.217640,9.183022,9.252239,9.200333,9.217640,9.252239,9.390537,9.666546,9.580376,9.718216,9.304119,9.338692,9.338692,9.355976,9.425079,9.494129,9.545887,9.545887,9.494129,9.425079,9.476868,9.355976,9.407806,9.304119,9.252239,9.234943,9.217640,9.183022,9.338692,9.217640,9.200333,9.183022,9.165710,9.148392,9.269539,9.148392,9.148392,9.183022,9.217640,9.148392,9.165710,9.234943,9.614849,9.769852,9.735428,9.545887,9.442345,9.407806,9.407806,9.545887,9.545887,9.614849,9.614849,9.614849,9.666546,9.683773,9.787056,9.752644,9.787056,9.769852,9.838661,9.855862,9.838661,9.787056,9.649315,9.700993,9.649315,9.632080,9.683773,9.649315,9.494129,
5.607468,5.643291,5.535770,5.230549,5.140610,5.140610,5.158604,5.068611,4.960514,4.960514,5.050598,5.086613,5.374290,5.481972,5.428139,5.284477,5.230549,5.356339,5.356339,5.499908,5.553699,5.750706,6.000916,6.054455,6.125797,6.090134,6.072296,6.018761,5.911625,5.714912,5.499908,5.464031,5.464031,5.643291,5.714912,5.858009,5.929482,5.822250,5.947346,5.947346,6.072296,6.392914,6.641617,6.765751,6.748028,6.765751,6.730297,6.694839,6.694839,6.499577,6.481804,6.552864,6.499577,6.446259,6.570625,6.606125,6.499577,6.588379,6.694839,7.048931,7.190231,7.331345,7.401833,7.472267,7.366592,7.190231,7.048931,6.854328,6.535103,6.286148,6.392914,6.481804,6.446259,6.517342,6.464035,6.428486,6.535103,6.499577,6.570625,6.552864,6.570625,6.499577,6.517342,6.570625,6.606125,6.641617,6.677101,6.694839,6.570625,6.428486,6.481804,6.392914,6.481804,6.446259,6.392914,6.517342,6.499577,6.464035,6.517342,6.606125,6.765751,7.278450,7.366592,7.260815,6.978207,6.907440,7.048931,7.172585,7.172585,7.154926,7.119606,7.243172,7.331345,7.366592,7.489868,7.419441,7.489868,7.612995,7.648148,7.560242,7.683289,7.665718,7.718422,7.683289,7.700855,7.718422,7.630577,7.893879,7.806187,7.858810,7.876347,7.981499,8.086544,8.191483,8.383591,8.505650,8.523075,8.383591,8.191483,8.226437,8.243912,8.243912,8.261383,8.348686,8.331230,8.435913,8.383591,8.610161,8.505650,8.523075,8.540497,8.139027,8.488220,8.540497,8.749332,8.749332,8.540497,8.208961,8.069046,8.034035,8.051544,7.893879,7.928940,7.999016,7.858810,7.893879,7.876347,7.858810,7.806187,7.893879,7.876347,7.946465,7.841270,7.911411,7.841270,7.893879,7.823730,7.841270,7.911411,7.823730,7.823730,7.823730,7.806187,7.806187,7.841270,7.928940,8.016525,8.523075,9.079109,9.113758,9.027115,8.644970,8.261383,8.243912,8.296310,8.174004,8.104042,8.208961,8.121536,8.104042,8.139027,8.121536,8.208961,8.156513,8.139027,8.243912,8.348686,8.418476,8.331230,8.348686,8.488220,8.418476,8.644970,8.662369,8.610161,8.801476,8.905678,8.905678,8.853588,8.853588,8.923035,8.853588,8.957737,9.269539,9.407806,9.321407,9.113758,8.940388,8.870953,8.888317,8.870953,9.079109,9.079109,9.061775,9.304119,9.390537,9.355976,8.940388,8.818848,8.731949,8.749332,8.853588,8.957737,8.992432,8.957737,8.923035,8.905678,8.992432,9.009773,8.992432,8.992432,8.888317,8.818848,8.818848,8.749332,8.766716,8.836220,8.870953,9.027115,9.061775,9.200333,9.096436,9.200333,9.061775,9.113758,8.992432,8.870953,9.079109,9.873051,9.993317,9.821461,9.234943,9.009773,9.079109,9.096436,9.131081,9.079109,9.044441,9.131081,9.321407,9.304119,9.148392,9.304119,9.286831,9.355976,9.304119,9.286831,9.321407,9.442345,9.649315,9.838661,9.804260,9.821461,9.735428,9.804260,9.855862,9.752644,9.838661,9.804260,9.683773,9.769852,9.735428,9.924606,9.958965,9.718216,9.614849,9.494129,9.476868,9.476868,9.442345,9.390537,9.286831,9.252239,9.286831,9.286831,9.165710,9.148392,9.183022,9.511379,10.130581,10.147728,9.787056,9.459610,9.390537,9.252239,9.234943,9.373260,9.407806,9.563126,9.442345,9.459610,9.425079,9.338692,9.234943,9.338692,9.373260,9.459610,9.511379,9.390537,9.286831,9.148392,9.252239,9.183022,9.217640,9.252239,9.217640,9.286831,9.355976,9.304119,9.252239,9.079109,9.131081,9.252239,9.890244,10.096279,10.113426,9.958965,9.494129,9.355976,9.338692,9.373260,9.355976,9.321407,9.286831,9.355976,9.425079,9.425079,9.476868,9.459610,9.321407,9.269539,9.234943,9.390537,9.476868,9.735428,9.787056,9.787056,9.735428,9.614849,9.407806,9.494129,9.459610,9.476868,9.597610,9.563126,9.614849,9.580376,9.563126,9.338692,9.476868,9.459610,9.390537,9.407806,9.338692,9.355976,9.252239,9.217640,9.321407,9.234943,9.304119,9.217640,9.373260,9.373260,9.407806,9.459610,9.476868,9.321407,9.442345,9.321407,9.476868,9.769852,10.044807,10.164867,9.993317,9.528633,9.304119,9.286831,9.234943,9.200333,9.113758,9.148392,9.079109,9.061775,9.096436,9.165710,9.131081,9.217640,9.200333,9.269539,9.373260,9.373260,9.286831,9.165710,9.217640,9.321407,9.304119,9.269539,9.286831,9.234943,9.252239,9.355976,9.321407,9.234943,9.148392,9.304119,9.321407,9.425079,9.752644,9.821461,9.718216,9.649315,9.476868,9.234943,9.476868,9.494129,9.614849,9.718216,9.769852,9.494129,8.975086,8.923035,8.905678,8.905678,8.923035,8.905678,8.923035,8.940388,8.923035,9.027115,9.044441,8.870953,8.905678,8.992432,9.373260,9.976139,9.907425,9.787056,9.425079,9.200333,9.217640,9.252239,9.252239,9.321407,9.425079,9.511379,9.355976,9.286831,9.321407,9.269539,9.148392,9.269539,9.407806,9.338692,9.338692,9.407806,9.494129,9.580376,9.545887,9.459610,9.459610,9.545887,9.494129,9.649315,9.666546,9.614849,9.614849,9.735428,9.700993,9.752644,9.890244,10.044807,9.958965,9.873051,9.873051,9.804260,9.718216,9.855862,9.890244,9.907425,9.752644,9.718216,9.649315,9.563126,9.425079,9.407806,9.373260,9.407806,9.511379,9.459610,9.545887,9.614849,9.666546,9.563126,9.632080,9.632080,9.528633,9.494129,9.563126,9.511379,9.511379,9.494129,9.425079,9.425079,9.459610,9.425079,9.459610,9.407806,9.407806,9.407806,9.373260,9.338692,9.286831,9.338692,9.390537,9.890244,9.958965,9.976139,9.890244,9.545887,9.442345,9.338692,9.373260,9.252239,9.234943,9.234943,9.338692,9.338692,9.217640,9.217640,9.252239,9.234943,9.304119,9.304119,9.355976,9.304119,9.476868,9.459610,9.528633,9.528633,9.407806,9.563126,9.597610,9.632080,9.718216,9.804260,9.787056,9.752644,9.718216,9.718216,9.752644,9.735428,9.838661,9.683773,9.632080,9.614849,9.528633,9.476868,9.407806,9.425079,9.304119,9.355976,9.252239,9.286831,9.252239,9.131081,9.183022,9.183022,9.217640,9.269539,9.390537,9.563126,9.752644,9.718216,9.563126,9.338692,9.269539,9.252239,9.217640,9.373260,9.252239,9.183022,9.355976,9.165710,9.321407,9.338692,9.304119,9.407806,9.614849,9.683773,9.718216,9.545887,9.511379,9.632080,9.563126,9.563126,9.545887,9.545887,9.511379,9.632080,9.511379,
5.607468,5.589546,5.374290,5.248528,5.104614,5.086613,4.978535,4.960514,4.888393,4.978535,4.978535,5.338371,5.535770,5.481972,5.446091,5.410194,5.338371,5.392242,5.517838,5.858009,5.947346,6.090134,6.179276,6.214916,6.161457,6.143627,5.983063,5.840134,5.750706,5.571625,5.356339,5.517838,5.571625,5.679108,5.714912,5.786484,5.893753,5.893753,6.072296,6.197094,6.481804,6.606125,6.712570,6.818905,6.730297,6.499577,6.481804,6.375134,6.464035,6.446259,6.464035,6.499577,6.535103,6.552864,6.552864,6.535103,6.606125,6.748028,7.013577,7.225533,7.243172,7.384212,7.348972,7.331345,7.313717,6.925133,6.659363,6.446259,6.250534,6.090134,6.161457,6.232731,6.125797,6.250534,6.303955,6.392914,6.375134,6.375134,6.410706,6.464035,6.375134,6.268349,6.286148,6.268349,6.446259,6.464035,6.570625,6.623875,6.570625,6.606125,6.606125,6.535103,6.481804,6.464035,6.552864,6.552864,6.481804,6.570625,6.641617,6.801193,6.907440,7.172585,7.225533,7.296085,6.960518,6.907440,7.031254,6.995895,7.119606,7.137272,7.172585,7.243172,7.278450,7.296085,7.348972,7.348972,7.489868,7.525059,7.507469,7.472267,7.507469,7.401833,7.348972,7.384212,7.348972,7.472267,7.542656,7.577831,7.648148,7.542656,7.507469,7.560242,7.665718,7.841270,8.278851,8.453358,8.383591,8.104042,7.963982,7.823730,7.911411,7.999016,8.156513,8.243912,8.331230,8.488220,8.453358,8.488220,8.523075,8.818848,8.610161,8.592743,8.505650,8.557915,8.627563,8.644970,8.662369,8.523075,8.523075,8.592743,8.540497,8.488220,8.418476,8.505650,8.557915,8.488220,8.401035,8.557915,8.523075,8.557915,8.470791,8.523075,8.401035,8.488220,8.505650,8.401035,8.401035,8.331230,8.313774,8.401035,8.261383,8.261383,8.208961,8.191483,8.139027,8.174004,8.348686,8.610161,9.183022,9.200333,9.131081,8.992432,8.453358,8.191483,8.174004,8.139027,8.139027,8.121536,8.121536,8.104042,8.069046,8.104042,8.139027,8.086544,8.104042,8.191483,8.191483,8.243912,8.208961,8.243912,8.226437,8.366138,8.401035,8.226437,8.278851,8.366138,8.575333,8.592743,8.470791,8.383591,8.348686,8.470791,8.523075,9.217640,9.321407,9.373260,9.131081,8.627563,8.575333,8.662369,8.697163,8.731949,8.784096,8.818848,8.923035,8.992432,8.870953,8.905678,8.957737,8.836220,8.905678,9.027115,9.079109,9.044441,9.079109,9.131081,9.096436,9.217640,9.304119,9.338692,9.217640,9.061775,9.061775,9.200333,9.165710,9.183022,9.113758,9.321407,9.580376,9.666546,9.683773,9.528633,9.528633,9.563126,9.442345,9.269539,9.252239,9.286831,9.855862,9.924606,9.804260,9.373260,9.131081,9.217640,9.079109,9.096436,9.131081,9.096436,9.113758,9.148392,9.165710,9.200333,9.217640,9.269539,9.234943,9.234943,9.183022,9.200333,9.338692,9.407806,9.528633,9.476868,9.425079,9.355976,9.373260,9.373260,9.390537,9.476868,9.563126,9.390537,9.545887,9.580376,10.079128,10.079128,10.044807,9.666546,9.476868,9.373260,9.407806,9.494129,9.494129,9.632080,9.563126,9.718216,9.718216,9.528633,9.614849,9.838661,10.027649,10.147728,10.250530,10.113426,10.061974,9.941792,9.993317,9.873051,9.924606,10.096279,10.113426,10.044807,9.976139,9.821461,9.700993,9.597610,9.614849,9.752644,9.718216,9.821461,9.787056,9.649315,9.545887,9.494129,9.442345,9.390537,9.304119,9.338692,9.286831,9.355976,9.390537,9.252239,9.131081,9.131081,9.321407,9.976139,10.079128,10.164867,9.907425,9.390537,9.200333,9.165710,9.183022,9.165710,9.217640,9.269539,9.304119,9.321407,9.338692,9.286831,9.148392,9.200333,9.217640,9.234943,9.148392,9.304119,9.252239,9.338692,9.476868,9.528633,9.304119,9.390537,9.442345,9.338692,9.528633,9.545887,9.545887,9.545887,9.666546,9.804260,9.873051,10.010487,9.958965,9.941792,9.545887,9.563126,9.614849,9.563126,9.425079,9.511379,9.580376,9.649315,9.838661,9.855862,9.821461,9.769852,9.700993,9.769852,9.752644,9.632080,9.545887,9.752644,10.113426,10.182007,10.147728,9.873051,9.390537,9.338692,9.286831,9.286831,9.252239,9.286831,9.131081,9.113758,9.061775,9.148392,9.148392,9.044441,9.044441,9.079109,9.096436,8.975086,8.957737,9.061775,8.923035,8.992432,9.027115,9.252239,9.286831,9.234943,9.148392,9.148392,9.183022,9.234943,9.096436,8.975086,8.975086,9.079109,9.528633,9.993317,9.941792,9.873051,9.563126,9.425079,9.425079,9.355976,9.459610,9.459610,9.718216,9.442345,9.338692,9.321407,9.252239,9.390537,9.338692,9.425079,9.407806,9.304119,9.286831,9.286831,9.407806,9.390537,9.321407,9.338692,9.425079,9.649315,9.821461,9.787056,9.649315,9.442345,9.442345,9.476868,9.355976,9.476868,9.528633,9.459610,9.442345,9.442345,9.373260,9.304119,9.234943,9.148392,9.165710,9.269539,9.355976,9.355976,9.304119,9.286831,9.355976,9.286831,9.234943,9.355976,9.286831,9.252239,9.269539,9.338692,9.148392,9.321407,9.390537,9.407806,9.390537,9.666546,9.855862,9.890244,9.580376,9.286831,9.234943,9.511379,9.476868,9.459610,9.390537,9.425079,9.442345,9.407806,9.459610,9.355976,9.476868,9.459610,9.476868,9.683773,9.958965,10.061974,10.130581,10.027649,10.010487,10.027649,9.941792,9.941792,9.941792,9.924606,9.873051,9.821461,9.958965,9.821461,9.735428,9.752644,9.804260,9.769852,9.614849,9.494129,9.494129,9.511379,9.459610,9.494129,9.390537,9.614849,9.976139,10.010487,10.079128,9.976139,9.580376,9.425079,9.321407,9.200333,9.217640,9.183022,9.269539,9.286831,9.234943,9.200333,9.148392,9.200333,9.113758,9.165710,9.200333,9.234943,9.338692,9.286831,9.269539,9.200333,9.234943,9.217640,9.286831,9.355976,9.373260,9.425079,9.373260,9.476868,9.580376,9.476868,9.459610,9.614849,9.666546,9.873051,9.787056,9.752644,9.632080,9.476868,9.442345,9.390537,9.373260,9.355976,9.321407,9.269539,9.338692,9.321407,9.183022,9.269539,9.373260,9.373260,9.528633,9.494129,9.563126,9.528633,9.511379,9.442345,9.252239,9.252239,9.234943,9.234943,9.321407,9.269539,9.217640,9.304119,9.234943,9.286831,9.269539,9.355976,9.442345,9.476868,9.580376,9.563126,9.476868,9.390537,9.321407,9.338692,9.304119,9.373260,9.373260,9.373260,9.304119,9.286831,
5.571625,5.553699,5.266499,5.176598,5.068611,5.158604,5.032589,5.014572,4.942490,4.834267,5.374290,5.589546,5.535770,5.428139,5.374290,5.302444,5.481972,5.535770,5.714912,5.983063,6.161457,6.214916,6.232731,6.214916,6.125797,6.036610,5.911625,5.589546,5.589546,5.553699,5.643291,5.697014,5.732807,5.786484,5.875885,5.893753,6.000916,6.125797,6.428486,6.606125,6.623875,6.748028,6.765751,6.659363,6.410706,6.250534,6.268349,6.286148,6.268349,6.286148,6.428486,6.446259,6.606125,6.818905,6.889732,6.801193,6.854328,6.995895,7.260815,7.137272,7.172585,7.225533,7.119606,6.836617,6.748028,6.499577,6.428486,6.286148,6.179276,6.179276,6.125797,6.125797,6.143627,6.125797,6.232731,6.339550,6.375134,6.392914,6.321754,6.339550,6.375134,6.197094,6.125797,6.054455,6.143627,6.250534,6.303955,6.464035,6.623875,6.552864,6.588379,6.535103,6.535103,6.606125,6.499577,6.552864,6.588379,6.606125,6.677101,6.694839,6.818905,6.907440,7.031254,7.031254,6.960518,7.084278,7.066605,7.048931,7.190231,7.225533,7.384212,7.542656,7.560242,7.595413,7.612995,7.595413,7.735977,7.735977,7.683289,7.542656,7.489868,7.507469,7.489868,7.472267,7.612995,7.630577,7.577831,7.648148,7.648148,7.630577,7.630577,7.630577,7.735977,7.893879,8.505650,8.470791,8.453358,8.139027,7.771088,7.823730,7.771088,7.806187,7.858810,7.771088,7.999016,8.069046,8.051544,8.016525,8.121536,8.243912,8.296310,8.226437,8.034035,8.051544,8.156513,8.261383,8.366138,8.383591,8.453358,8.383591,8.401035,8.383591,8.366138,8.418476,8.470791,8.418476,8.453358,8.749332,8.905678,8.836220,8.470791,8.488220,8.505650,8.540497,8.523075,8.505650,8.627563,8.679768,8.644970,8.662369,8.627563,8.592743,8.644970,8.505650,8.540497,8.557915,8.627563,8.784096,8.905678,9.009773,8.940388,8.888317,8.644970,8.523075,8.470791,8.418476,8.348686,8.383591,8.348686,8.383591,8.331230,8.435913,8.575333,8.540497,8.540497,8.557915,8.540497,8.523075,8.505650,8.557915,8.557915,8.435913,8.418476,8.366138,8.261383,8.418476,8.488220,8.401035,8.383591,8.313774,8.243912,8.226437,8.418476,9.009773,9.252239,9.407806,9.131081,8.383591,8.401035,8.418476,8.488220,8.575333,8.662369,8.627563,8.592743,8.697163,8.853588,8.853588,8.784096,8.870953,8.801476,8.923035,8.940388,8.870953,8.923035,8.836220,8.888317,9.079109,9.113758,9.148392,9.165710,9.096436,9.079109,9.217640,9.217640,9.148392,9.217640,9.476868,9.718216,9.873051,9.907425,9.683773,9.597610,9.511379,9.476868,9.511379,9.494129,9.563126,9.632080,9.632080,9.528633,9.425079,9.304119,9.355976,9.338692,9.425079,9.373260,9.425079,9.390537,9.407806,9.390537,9.425079,9.390537,9.373260,9.304119,9.252239,9.321407,9.234943,9.252239,9.407806,9.373260,9.355976,9.338692,9.321407,9.390537,9.200333,9.286831,9.304119,9.286831,9.269539,9.234943,9.321407,10.010487,10.010487,9.958965,9.563126,9.321407,9.304119,9.183022,9.269539,9.269539,9.476868,9.563126,9.511379,9.442345,9.528633,9.718216,9.907425,9.752644,9.718216,9.941792,10.010487,9.976139,9.873051,9.890244,9.941792,9.958965,10.113426,10.044807,9.958965,9.873051,9.993317,9.958965,9.941792,9.890244,9.873051,10.044807,10.182007,10.182007,9.993317,9.958965,9.855862,9.752644,9.580376,9.614849,9.769852,9.787056,9.804260,9.787056,9.700993,9.494129,9.683773,9.649315,10.061974,10.079128,10.199139,9.890244,9.494129,9.269539,9.304119,9.165710,9.165710,9.234943,9.286831,9.269539,9.338692,9.183022,9.252239,9.148392,9.183022,9.079109,9.148392,9.096436,9.183022,9.165710,9.217640,9.131081,9.165710,9.131081,9.234943,9.338692,9.390537,9.373260,9.286831,9.425079,9.390537,9.425079,9.373260,9.580376,10.216270,10.182007,10.079128,9.632080,9.442345,9.459610,9.407806,9.459610,9.545887,9.494129,9.459610,9.476868,9.511379,9.580376,9.649315,9.718216,9.666546,9.821461,9.735428,9.700993,9.700993,9.855862,9.873051,9.838661,9.614849,9.425079,9.425079,9.442345,9.390537,9.476868,9.425079,9.390537,9.442345,9.338692,9.355976,9.459610,9.476868,9.528633,9.425079,9.286831,9.338692,9.252239,9.338692,9.373260,9.425079,9.407806,9.494129,9.442345,9.373260,9.304119,9.200333,9.165710,9.061775,8.992432,8.992432,8.992432,9.183022,9.804260,10.147728,10.027649,9.855862,9.113758,8.818848,8.870953,8.940388,8.940388,8.992432,9.096436,9.200333,9.148392,9.200333,9.269539,9.269539,9.234943,9.286831,9.338692,9.234943,9.217640,9.269539,9.355976,9.338692,9.338692,9.338692,9.425079,9.407806,9.545887,9.545887,9.459610,9.494129,9.442345,9.528633,9.597610,9.632080,9.873051,10.044807,9.890244,9.804260,9.718216,9.597610,9.442345,9.407806,9.355976,9.563126,9.545887,9.459610,9.494129,9.373260,9.407806,9.442345,9.476868,9.373260,9.304119,9.304119,9.269539,9.321407,9.355976,9.338692,9.304119,9.304119,9.373260,9.649315,9.890244,9.838661,9.494129,9.234943,9.217640,9.217640,9.373260,9.286831,9.269539,9.269539,9.269539,9.269539,9.321407,9.200333,9.269539,9.286831,9.321407,9.563126,10.096279,10.113426,10.096279,9.941792,9.907425,9.873051,9.821461,9.752644,9.804260,9.838661,9.976139,9.941792,9.873051,9.976139,9.924606,10.010487,10.027649,9.804260,9.752644,9.804260,9.752644,9.683773,9.580376,9.666546,9.821461,9.821461,9.752644,9.838661,9.804260,9.752644,9.700993,9.614849,9.373260,9.234943,9.390537,9.338692,9.373260,9.286831,9.321407,9.304119,9.321407,9.304119,9.252239,9.234943,9.234943,9.200333,9.286831,9.269539,9.321407,9.286831,9.373260,9.321407,9.425079,9.442345,9.286831,9.390537,9.269539,9.252239,9.183022,9.355976,9.217640,9.373260,9.804260,9.769852,9.683773,9.511379,9.252239,9.079109,9.027115,9.061775,9.061775,9.131081,9.113758,9.165710,9.269539,9.183022,9.217640,9.373260,9.338692,9.269539,9.269539,9.183022,9.286831,9.321407,9.286831,9.338692,9.269539,9.304119,9.304119,9.304119,9.355976,9.338692,9.355976,9.390537,9.407806,9.476868,9.511379,9.545887,9.563126,9.632080,9.649315,9.563126,9.528633,9.390537,9.338692,9.373260,9.407806,9.407806,9.286831,9.269539,9.217640,9.304119,
5.517838,5.589546,5.266499,5.122616,5.032589,5.104614,4.978535,4.960514,4.924461,5.068611,5.571625,5.679108,5.589546,5.625381,5.535770,5.410194,5.607468,5.750706,6.000916,6.286148,6.339550,6.268349,6.214916,6.161457,6.072296,5.893753,5.804367,5.589546,5.589546,5.643291,5.714912,5.804367,5.804367,5.929482,5.911625,6.125797,6.286148,6.446259,6.588379,6.694839,6.730297,6.641617,6.659363,6.375134,6.232731,6.107971,6.161457,6.179276,6.197094,6.286148,6.392914,6.588379,6.907440,6.960518,7.013577,7.031254,6.995895,7.048931,7.031254,6.978207,6.889732,6.694839,6.410706,6.321754,6.250534,6.339550,6.339550,6.232731,6.250534,6.197094,6.054455,6.250534,6.268349,6.250534,6.392914,6.588379,6.659363,6.570625,6.499577,6.375134,6.375134,6.179276,6.090134,6.072296,6.018761,6.036610,6.090134,6.250534,6.392914,6.392914,6.446259,6.357342,6.428486,6.375134,6.375134,6.552864,6.606125,6.517342,6.517342,6.588379,6.517342,6.588379,6.481804,6.659363,6.748028,6.783474,6.801193,6.925133,6.960518,7.084278,7.172585,7.525059,7.823730,7.841270,7.753536,7.683289,7.788635,7.735977,7.683289,7.595413,7.525059,7.560242,7.665718,7.718422,7.858810,7.928940,7.963982,8.034035,8.086544,7.981499,8.121536,7.999016,8.086544,8.226437,8.296310,8.383591,8.453358,8.069046,7.981499,8.104042,8.069046,7.928940,8.016525,7.981499,8.051544,8.104042,8.069046,8.121536,8.121536,8.191483,8.156513,8.156513,8.156513,8.191483,8.191483,8.243912,8.278851,8.278851,8.366138,8.348686,8.278851,8.156513,8.313774,8.261383,8.086544,8.086544,8.296310,8.697163,8.940388,8.940388,8.523075,8.243912,8.331230,8.243912,8.208961,8.296310,8.418476,8.366138,8.453358,8.401035,8.418476,8.296310,8.366138,8.418476,8.348686,8.331230,8.383591,8.313774,8.453358,8.505650,8.435913,8.470791,8.348686,8.366138,8.401035,8.505650,8.435913,8.401035,8.331230,8.366138,8.366138,8.523075,8.957737,9.079109,9.044441,8.888317,8.836220,8.853588,8.853588,8.905678,8.818848,8.853588,8.801476,8.801476,8.836220,8.923035,9.009773,8.957737,8.749332,8.679768,8.470791,8.418476,8.540497,8.992432,9.304119,9.304119,9.079109,8.644970,8.592743,8.644970,8.679768,8.749332,8.749332,8.749332,8.784096,8.836220,8.888317,8.853588,8.853588,8.870953,8.818848,8.888317,8.888317,8.818848,8.784096,8.818848,8.957737,8.940388,9.096436,8.975086,8.853588,8.853588,8.818848,8.888317,8.818848,8.818848,8.905678,9.044441,9.683773,9.735428,9.873051,9.407806,8.992432,9.027115,8.940388,9.096436,8.940388,9.079109,9.061775,9.113758,9.113758,9.148392,9.234943,9.338692,9.252239,9.252239,9.304119,9.355976,9.528633,9.459610,9.442345,9.459610,9.494129,9.528633,9.511379,9.528633,9.459610,9.494129,9.459610,9.459610,9.476868,9.511379,9.614849,9.614849,9.614849,9.614849,9.390537,9.373260,9.286831,9.355976,9.321407,9.494129,9.993317,9.993317,9.976139,9.442345,9.200333,9.200333,9.234943,9.321407,9.442345,9.494129,9.494129,9.494129,9.494129,9.528633,9.752644,9.614849,9.528633,9.545887,9.597610,9.614849,9.632080,9.494129,9.442345,9.545887,9.787056,9.787056,9.683773,9.597610,9.597610,9.511379,9.494129,9.355976,9.304119,9.338692,9.666546,10.164867,10.233398,10.061974,9.787056,9.563126,9.545887,9.580376,9.614849,9.614849,9.545887,9.735428,9.718216,9.494129,9.718216,9.614849,9.683773,9.735428,9.821461,9.838661,9.735428,9.476868,9.476868,9.494129,9.563126,9.476868,9.373260,9.373260,9.373260,9.407806,9.355976,9.407806,9.459610,9.459610,9.390537,9.425079,9.545887,9.459610,9.390537,9.355976,9.321407,9.425079,9.321407,9.407806,9.459610,9.442345,9.407806,9.373260,9.355976,9.476868,9.563126,9.476868,9.614849,10.233398,10.199139,9.993317,9.407806,9.113758,9.113758,9.113758,9.061775,9.113758,9.165710,9.079109,9.165710,9.269539,9.200333,9.304119,9.286831,9.321407,9.304119,9.269539,9.217640,9.148392,9.234943,9.183022,9.355976,9.321407,9.269539,9.304119,9.286831,9.338692,9.459610,9.476868,9.442345,9.459610,9.476868,9.649315,9.821461,10.096279,10.044807,10.027649,9.821461,9.563126,9.580376,9.821461,9.838661,9.804260,9.769852,9.804260,9.890244,9.787056,9.718216,9.683773,9.666546,9.563126,9.459610,9.442345,9.338692,9.545887,10.061974,10.079128,10.044807,9.718216,8.975086,8.784096,8.836220,8.836220,8.888317,8.923035,8.957737,9.027115,9.183022,9.079109,9.131081,9.183022,9.113758,9.096436,9.044441,9.061775,9.044441,8.940388,8.975086,9.027115,9.061775,9.183022,9.217640,9.148392,9.286831,9.425079,9.304119,9.338692,9.234943,9.407806,9.407806,9.700993,10.130581,10.130581,10.147728,9.941792,9.735428,9.718216,9.597610,9.563126,9.563126,9.511379,9.563126,9.494129,9.545887,9.528633,9.614849,9.614849,9.563126,9.545887,9.511379,9.528633,9.614849,9.700993,9.700993,9.528633,9.494129,9.511379,9.614849,9.907425,9.769852,9.700993,9.614849,9.494129,9.407806,9.476868,9.304119,9.494129,9.425079,9.459610,9.373260,9.355976,9.321407,9.390537,9.373260,9.442345,9.511379,9.873051,10.199139,10.113426,9.924606,9.666546,9.459610,9.425079,9.425079,9.407806,9.459610,9.373260,9.476868,9.373260,9.442345,9.614849,9.563126,9.580376,9.649315,9.632080,9.494129,9.545887,9.494129,9.614849,9.614849,9.545887,9.494129,9.407806,9.407806,9.459610,9.649315,9.545887,9.511379,9.321407,9.425079,9.511379,9.683773,9.700993,9.752644,9.649315,9.459610,9.407806,9.390537,9.425079,9.355976,9.338692,9.286831,9.338692,9.373260,9.355976,9.494129,9.528633,9.666546,9.528633,9.718216,9.563126,9.597610,9.511379,9.304119,9.252239,9.269539,9.234943,9.355976,9.545887,9.718216,9.752644,9.718216,9.321407,9.113758,9.009773,9.009773,9.027115,9.079109,9.009773,9.113758,9.200333,9.148392,9.165710,9.096436,9.183022,9.200333,9.217640,9.113758,9.113758,9.217640,9.165710,9.200333,9.217640,9.183022,9.338692,9.252239,9.269539,9.373260,9.304119,9.269539,9.373260,9.407806,9.563126,9.649315,9.804260,9.735428,9.580376,9.718216,9.597610,9.528633,9.528633,9.459610,9.373260,9.442345,9.321407,9.286831,9.304119,9.373260,9.286831,
5.374290,5.320412,5.194580,5.176598,5.140610,5.086613,4.960514,4.960514,5.014572,5.356339,5.804367,5.750706,5.553699,5.464031,5.517838,5.661201,5.786484,5.947346,6.143627,6.357342,6.303955,6.232731,6.161457,6.072296,5.965206,5.679108,5.553699,5.553699,5.625381,5.643291,5.661201,5.822250,5.911625,6.000916,6.072296,6.303955,6.606125,6.677101,6.606125,6.677101,6.588379,6.357342,6.357342,6.161457,6.161457,6.143627,6.090134,6.179276,6.179276,6.375134,6.428486,6.748028,7.031254,6.925133,7.013577,6.995895,6.978207,6.818905,6.765751,6.517342,6.339550,6.214916,6.232731,6.107971,6.072296,6.232731,6.143627,6.161457,6.214916,6.286148,6.339550,6.570625,6.659363,6.872036,6.925133,6.907440,6.889732,6.872036,6.659363,6.303955,6.197094,6.018761,6.036610,5.911625,5.929482,5.840134,5.947346,6.197094,6.232731,6.250534,6.232731,6.232731,6.161457,6.090134,6.143627,6.197094,6.446259,6.481804,6.499577,6.588379,6.588379,6.410706,6.392914,6.392914,6.481804,6.535103,6.765751,6.694839,6.712570,6.907440,6.907440,7.260815,7.718422,7.735977,7.525059,7.331345,7.225533,7.243172,7.225533,7.154926,7.172585,7.366592,7.348972,7.454662,7.542656,7.630577,7.841270,7.665718,7.683289,7.806187,7.893879,7.771088,7.841270,7.841270,7.858810,7.963982,7.981499,7.999016,8.139027,8.139027,8.139027,8.086544,8.139027,8.278851,8.557915,8.540497,8.453358,8.348686,8.505650,8.505650,8.488220,8.418476,8.592743,8.592743,8.679768,8.523075,8.418476,8.418476,8.348686,8.540497,8.540497,8.523075,8.557915,8.505650,8.453358,8.470791,8.488220,8.923035,8.975086,9.079109,8.923035,8.313774,8.278851,8.156513,8.208961,8.226437,8.208961,8.383591,8.366138,8.348686,8.261383,8.174004,8.191483,8.243912,8.121536,8.226437,8.208961,8.174004,8.121536,8.226437,8.174004,8.034035,8.069046,7.999016,8.016525,7.981499,8.069046,8.139027,8.086544,7.963982,8.016525,8.243912,9.200333,9.269539,9.217640,8.714558,8.644970,8.662369,8.731949,8.749332,8.644970,8.592743,8.662369,8.766716,8.836220,8.957737,8.957737,8.905678,8.992432,8.940388,8.888317,8.731949,8.714558,8.714558,8.888317,9.009773,8.853588,8.766716,8.818848,8.923035,8.923035,9.044441,9.044441,9.061775,9.183022,9.286831,9.321407,9.234943,9.304119,9.321407,9.148392,9.217640,9.183022,9.131081,9.096436,9.027115,8.957737,8.992432,9.009773,9.044441,8.975086,8.923035,8.957737,8.905678,8.888317,8.818848,8.836220,9.061775,9.545887,9.718216,9.718216,9.217640,8.801476,8.679768,8.697163,8.662369,8.714558,8.905678,8.853588,8.801476,8.975086,8.957737,9.079109,9.009773,9.131081,9.061775,8.992432,8.992432,8.992432,8.975086,8.975086,9.044441,9.165710,9.079109,9.217640,9.079109,9.113758,9.183022,9.234943,9.338692,9.390537,9.494129,9.838661,9.976139,10.061974,9.752644,9.476868,9.442345,9.476868,9.580376,9.614849,9.683773,9.769852,9.804260,9.838661,9.769852,9.563126,9.494129,9.614849,9.597610,9.718216,9.769852,9.666546,9.563126,9.683773,9.804260,9.838661,9.838661,9.752644,9.649315,9.718216,9.614849,9.597610,9.476868,9.666546,9.735428,9.700993,9.683773,9.683773,9.494129,9.494129,9.355976,9.338692,9.234943,9.321407,9.338692,9.666546,10.267654,10.319000,9.941792,9.390537,9.338692,9.165710,9.217640,9.165710,9.148392,9.165710,9.131081,9.131081,9.165710,9.234943,9.217640,9.148392,9.148392,9.183022,9.200333,9.304119,9.217640,9.252239,9.286831,9.304119,9.338692,9.407806,9.442345,9.425079,9.511379,9.545887,9.580376,9.597610,9.614849,9.769852,9.769852,10.010487,10.079128,9.993317,9.821461,9.718216,9.752644,9.666546,9.769852,9.855862,9.821461,9.804260,9.769852,9.735428,9.649315,9.787056,9.838661,10.061974,10.164867,10.199139,10.079128,9.614849,9.304119,9.200333,9.304119,9.286831,9.304119,9.200333,9.234943,9.148392,9.113758,9.217640,9.234943,9.200333,9.165710,9.131081,9.113758,9.009773,9.061775,9.027115,9.061775,9.027115,9.113758,9.148392,9.183022,9.183022,9.183022,9.200333,9.373260,9.286831,9.183022,9.286831,9.355976,9.976139,10.199139,10.216270,9.924606,9.528633,9.476868,9.476868,9.459610,9.563126,9.511379,9.683773,9.804260,9.855862,9.769852,9.614849,9.838661,9.804260,9.804260,9.666546,9.683773,9.632080,9.769852,9.838661,9.907425,9.838661,9.632080,9.269539,9.269539,9.200333,9.304119,9.252239,9.131081,9.131081,9.096436,9.200333,9.269539,9.373260,9.269539,9.165710,9.200333,9.044441,9.009773,9.079109,9.044441,9.044441,9.131081,9.269539,9.200333,9.286831,9.286831,9.252239,9.321407,9.304119,9.321407,9.269539,9.338692,9.286831,9.718216,10.147728,10.267654,9.958965,9.563126,9.442345,9.217640,9.200333,9.165710,9.148392,9.200333,9.183022,9.200333,9.373260,9.373260,9.373260,9.286831,9.373260,9.494129,9.597610,9.528633,9.563126,9.545887,9.545887,9.528633,9.563126,9.563126,9.580376,9.649315,9.666546,9.666546,9.683773,9.752644,9.700993,9.700993,9.735428,9.787056,9.855862,9.907425,9.873051,9.855862,9.769852,9.700993,9.614849,9.649315,9.907425,10.027649,10.113426,10.061974,9.718216,9.459610,9.425079,9.407806,9.425079,9.407806,9.390537,9.425079,9.321407,9.407806,9.442345,9.321407,9.407806,9.442345,9.373260,9.425079,9.373260,9.338692,9.286831,9.286831,9.286831,9.286831,9.286831,9.252239,9.217640,9.200333,9.183022,9.200333,9.061775,9.044441,8.975086,9.183022,9.855862,9.873051,9.614849,9.459610,9.442345,9.355976,9.425079,9.338692,9.321407,9.425079,9.390537,9.511379,9.494129,9.511379,9.459610,9.545887,9.683773,9.769852,9.873051,9.752644,9.718216,9.614849,9.407806,9.355976,9.373260,9.407806,9.597610,9.545887,9.666546,9.580376,9.355976,9.200333,9.113758,9.113758,9.183022,9.217640,9.200333,9.269539,9.321407,9.321407,9.338692,9.321407,9.304119,9.304119,9.321407,9.355976,9.286831,9.355976,9.286831,9.286831,9.286831,9.269539,9.304119,9.252239,9.234943,9.338692,9.304119,9.252239,9.183022,9.217640,9.269539,9.683773,9.769852,9.821461,9.597610,9.355976,9.148392,9.200333,9.321407,9.373260,9.148392,9.321407,9.373260,9.390537,9.407806,9.321407,9.338692,9.545887,
5.356339,5.284477,5.284477,5.212570,5.068611,5.050598,4.960514,5.032589,5.086613,5.679108,5.697014,5.679108,5.553699,5.607468,5.661201,5.858009,6.197094,6.197094,6.339550,6.321754,6.232731,6.214916,6.000916,5.893753,5.750706,5.571625,5.625381,5.589546,5.750706,5.768597,5.875885,5.911625,5.893753,6.054455,6.250534,6.588379,6.606125,6.677101,6.570625,6.410706,6.197094,6.161457,6.197094,6.054455,6.197094,6.179276,6.072296,6.268349,6.375134,6.588379,6.818905,6.907440,6.942829,6.960518,6.995895,6.872036,6.641617,6.357342,6.250534,6.250534,6.143627,6.125797,6.125797,6.143627,6.072296,6.214916,6.090134,6.197094,6.214916,6.446259,6.748028,6.889732,7.154926,7.084278,6.942829,7.031254,6.907440,6.748028,6.570625,6.321754,6.090134,6.018761,5.911625,5.875885,5.983063,5.929482,5.929482,6.000916,6.197094,6.179276,6.214916,6.000916,6.054455,5.893753,5.947346,5.983063,6.161457,6.197094,6.179276,6.392914,6.357342,6.214916,6.197094,6.232731,6.392914,6.535103,6.641617,6.748028,6.748028,6.854328,6.889732,7.278450,7.577831,7.735977,7.577831,7.137272,7.013577,7.066605,6.995895,7.013577,7.119606,7.084278,7.137272,7.172585,7.225533,7.296085,7.348972,7.331345,7.331345,7.313717,7.366592,7.348972,7.313717,7.296085,7.419441,7.454662,7.472267,7.612995,7.718422,7.858810,7.946465,7.806187,7.771088,7.981499,8.540497,8.523075,8.453358,8.086544,7.858810,8.034035,8.156513,8.296310,8.383591,8.401035,8.401035,8.540497,8.418476,8.610161,8.575333,8.679768,8.818848,8.923035,9.079109,9.113758,9.044441,8.905678,8.957737,9.113758,9.131081,9.200333,9.061775,8.731949,8.818848,8.714558,8.575333,8.627563,8.644970,8.714558,8.697163,8.662369,8.610161,8.540497,8.453358,8.470791,8.435913,8.383591,8.453358,8.488220,8.296310,8.296310,8.348686,8.174004,8.156513,8.121536,8.156513,8.208961,8.104042,8.191483,8.191483,8.191483,8.261383,8.627563,9.338692,9.511379,9.269539,8.470791,8.435913,8.401035,8.418476,8.453358,8.435913,8.348686,8.366138,8.470791,8.575333,8.540497,8.418476,8.523075,8.644970,8.453358,8.540497,8.296310,8.296310,8.383591,8.470791,8.662369,8.662369,8.644970,8.662369,8.679768,8.784096,8.870953,8.992432,9.027115,9.252239,9.425079,9.649315,9.718216,9.476868,9.390537,9.390537,9.321407,9.217640,9.200333,9.183022,9.183022,9.079109,9.183022,9.113758,9.113758,9.079109,8.992432,9.044441,9.079109,8.923035,9.165710,9.113758,9.217640,9.528633,9.580376,9.649315,9.165710,8.697163,8.679768,8.644970,8.644970,8.801476,8.905678,8.975086,9.061775,9.061775,9.217640,9.183022,9.200333,9.131081,9.148392,9.061775,9.044441,9.009773,8.992432,8.975086,9.009773,8.888317,8.992432,8.888317,8.801476,8.870953,8.853588,8.975086,8.836220,8.905678,9.113758,9.580376,9.821461,9.941792,9.494129,9.234943,9.355976,9.269539,9.286831,9.355976,9.321407,9.425079,9.442345,9.425079,9.407806,9.390537,9.476868,9.494129,9.700993,9.700993,9.614849,9.718216,9.838661,9.941792,10.113426,10.113426,10.061974,9.958965,10.027649,9.976139,9.855862,9.752644,9.787056,9.941792,10.079128,10.130581,10.130581,9.976139,9.769852,9.700993,9.649315,9.545887,9.476868,9.563126,9.494129,9.838661,10.096279,10.130581,9.821461,9.476868,9.355976,9.304119,9.304119,9.165710,9.217640,9.148392,9.217640,9.131081,9.113758,9.131081,9.183022,9.113758,9.113758,9.079109,9.131081,9.009773,9.044441,9.027115,9.044441,9.165710,9.234943,9.269539,9.113758,9.113758,9.148392,9.131081,9.200333,9.183022,9.269539,9.217640,9.632080,10.182007,10.027649,10.130581,9.666546,9.632080,9.511379,9.494129,9.476868,9.563126,9.718216,9.735428,9.804260,9.804260,9.838661,9.873051,9.821461,9.907425,9.941792,9.941792,9.769852,9.614849,9.632080,9.614849,9.580376,9.563126,9.494129,9.511379,9.390537,9.338692,9.355976,9.407806,9.373260,9.425079,9.338692,9.407806,9.459610,9.407806,9.373260,9.338692,9.425079,9.321407,9.390537,9.459610,9.459610,9.373260,9.425079,9.476868,9.373260,9.269539,9.338692,9.269539,9.580376,10.250530,10.370338,10.319000,9.769852,9.252239,9.183022,9.234943,9.217640,9.304119,9.200333,9.304119,9.304119,9.269539,9.200333,9.286831,9.286831,9.355976,9.442345,9.338692,9.252239,9.183022,9.269539,9.304119,9.338692,9.476868,9.459610,9.459610,9.407806,9.425079,9.528633,9.373260,9.304119,9.442345,9.373260,9.580376,9.941792,9.924606,9.804260,9.735428,9.511379,9.442345,9.545887,9.511379,9.476868,9.511379,9.614849,9.649315,9.700993,9.614849,9.597610,9.752644,9.683773,9.718216,9.614849,9.545887,9.563126,9.632080,10.113426,10.336117,10.250530,9.941792,9.442345,9.252239,8.992432,8.923035,8.992432,8.957737,8.992432,8.888317,8.923035,8.957737,9.079109,9.009773,9.009773,8.992432,9.113758,9.027115,8.992432,8.957737,9.009773,9.096436,8.905678,8.992432,9.131081,9.079109,9.061775,9.131081,9.165710,9.373260,9.269539,9.459610,9.476868,9.545887,9.821461,10.061974,9.993317,9.941792,9.907425,9.787056,9.804260,9.873051,9.941792,9.993317,10.061974,10.010487,9.941792,9.700993,9.666546,9.700993,9.769852,9.787056,9.787056,9.683773,9.666546,9.632080,9.632080,9.563126,9.683773,9.649315,9.683773,9.649315,9.666546,9.580376,9.563126,9.528633,9.476868,9.407806,9.338692,9.459610,9.407806,9.459610,9.442345,9.442345,9.373260,9.234943,9.234943,9.234943,9.563126,10.010487,9.873051,9.614849,9.442345,9.338692,9.355976,9.373260,9.304119,9.390537,9.338692,9.390537,9.286831,9.407806,9.321407,9.304119,9.459610,9.494129,9.838661,10.096279,9.958965,9.511379,9.286831,9.269539,9.234943,9.200333,9.217640,9.269539,9.321407,9.269539,9.355976,9.304119,9.355976,9.373260,9.286831,9.183022,9.286831,9.390537,9.425079,9.528633,9.459610,9.390537,9.355976,9.373260,9.476868,9.494129,9.597610,9.545887,9.563126,9.511379,9.649315,9.752644,9.666546,9.718216,9.700993,9.528633,9.494129,9.425079,9.511379,9.442345,9.425079,9.528633,9.752644,9.752644,9.683773,9.304119,9.148392,8.975086,9.113758,9.183022,9.079109,9.131081,9.165710,9.061775,9.131081,9.131081,9.113758,9.044441,9.148392,
5.302444,5.302444,5.176598,5.086613,5.068611,5.158604,5.068611,4.996559,5.553699,5.714912,5.750706,5.679108,5.571625,5.732807,5.804367,6.018761,6.339550,6.303955,6.321754,6.321754,6.250534,6.072296,5.840134,5.697014,5.625381,5.571625,5.661201,5.697014,5.786484,5.875885,5.947346,5.983063,6.090134,6.375134,6.606125,6.641617,6.588379,6.517342,6.214916,6.072296,6.018761,6.072296,6.072296,6.090134,6.197094,6.143627,6.268349,6.428486,6.694839,6.872036,6.907440,6.942829,6.960518,6.872036,6.677101,6.410706,6.107971,6.125797,6.036610,6.125797,6.090134,6.072296,6.125797,6.054455,6.054455,6.214916,6.268349,6.499577,6.730297,6.872036,6.978207,7.154926,7.066605,7.154926,6.925133,6.783474,6.588379,6.428486,6.286148,6.125797,6.054455,6.000916,5.911625,5.929482,5.947346,5.911625,5.965206,6.143627,6.143627,6.054455,6.107971,6.054455,6.000916,5.911625,5.858009,5.804367,5.858009,5.965206,5.893753,6.018761,6.286148,6.375134,6.090134,5.822250,6.161457,6.570625,6.783474,6.836617,6.889732,7.031254,7.154926,7.243172,7.384212,7.542656,7.366592,7.260815,7.260815,7.260815,7.190231,7.331345,7.296085,7.313717,7.278450,7.348972,7.313717,7.366592,7.419441,7.384212,7.437057,7.384212,7.401833,7.278450,7.260815,7.331345,7.437057,7.401833,7.278450,7.437057,7.612995,7.577831,7.665718,7.525059,7.472267,7.507469,8.191483,8.348686,8.313774,7.788635,7.612995,7.683289,7.648148,7.700855,7.771088,7.753536,7.876347,7.858810,7.893879,7.893879,7.981499,8.104042,8.488220,8.853588,8.992432,8.957737,8.870953,8.784096,8.992432,8.870953,8.836220,8.766716,8.784096,8.870953,8.853588,8.766716,8.836220,8.836220,8.957737,9.009773,9.131081,9.148392,9.148392,9.148392,9.148392,9.096436,9.148392,9.061775,9.061775,8.940388,9.079109,8.992432,8.870953,8.923035,8.905678,8.923035,8.905678,8.923035,8.905678,8.957737,9.009773,9.200333,9.079109,9.355976,9.580376,9.666546,9.407806,8.801476,8.453358,8.470791,8.470791,8.435913,8.418476,8.557915,8.575333,8.610161,8.540497,8.488220,8.505650,8.418476,8.366138,8.470791,8.488220,8.540497,8.505650,8.540497,8.488220,8.575333,8.557915,8.470791,8.557915,8.662369,8.697163,8.592743,8.557915,8.488220,8.731949,9.113758,9.649315,9.838661,9.338692,8.888317,8.784096,8.749332,8.749332,8.766716,8.714558,8.870953,8.679768,8.784096,8.836220,8.905678,8.957737,8.923035,8.888317,8.992432,9.009773,9.061775,9.044441,9.079109,9.096436,9.113758,9.148392,9.079109,8.784096,8.818848,8.940388,8.992432,9.096436,9.200333,9.321407,9.528633,9.700993,9.752644,9.666546,9.459610,9.373260,9.373260,9.234943,9.131081,9.079109,9.165710,9.131081,9.252239,9.165710,9.061775,8.940388,8.905678,8.957737,9.044441,9.044441,8.975086,8.905678,8.905678,9.545887,9.666546,9.804260,9.131081,8.992432,9.096436,9.148392,9.252239,9.234943,9.234943,9.148392,9.200333,9.148392,9.286831,9.234943,9.321407,9.269539,9.338692,9.494129,9.563126,9.563126,9.528633,9.649315,9.649315,9.580376,9.597610,9.597610,9.683773,9.718216,9.649315,9.683773,9.649315,9.821461,10.079128,10.438725,10.336117,10.147728,9.649315,9.459610,9.511379,9.407806,9.459610,9.442345,9.563126,9.683773,9.752644,9.769852,9.528633,9.476868,9.511379,9.563126,9.545887,9.494129,9.563126,9.476868,9.494129,9.373260,9.286831,9.304119,9.338692,9.252239,9.217640,9.269539,9.234943,9.252239,9.234943,9.183022,9.217640,9.286831,9.252239,9.165710,9.096436,9.027115,9.061775,9.061775,9.113758,9.096436,9.044441,9.096436,9.511379,10.216270,10.233398,10.113426,9.321407,9.079109,9.044441,9.131081,9.061775,9.148392,9.183022,9.200333,9.321407,9.321407,9.286831,9.390537,9.425079,9.407806,9.338692,9.355976,9.476868,9.373260,9.476868,9.528633,9.597610,9.545887,9.563126,9.494129,9.494129,9.511379,9.476868,9.442345,9.442345,9.511379,9.528633,9.735428,9.993317,10.113426,9.993317,10.027649,10.061974,9.924606,9.890244,10.061974,10.027649,9.976139,9.924606,9.924606,9.941792,9.873051,9.735428,9.855862,10.113426,10.421631,10.455822,10.199139,9.804260,9.390537,9.407806,9.286831,9.321407,9.304119,9.321407,9.373260,9.286831,9.269539,9.217640,9.355976,9.321407,9.286831,9.286831,9.252239,9.200333,9.165710,9.183022,9.165710,9.200333,9.321407,9.269539,9.252239,9.321407,9.390537,9.373260,9.286831,9.252239,9.252239,9.355976,9.735428,10.130581,10.233398,10.096279,9.700993,9.528633,9.494129,9.511379,9.425079,9.442345,9.425079,9.442345,9.632080,9.666546,9.614849,9.718216,9.752644,9.838661,9.821461,9.718216,9.838661,9.752644,9.787056,10.010487,10.044807,10.079128,9.993317,9.752644,9.614849,9.597610,9.355976,9.425079,9.269539,9.200333,9.200333,9.165710,9.252239,9.252239,9.269539,9.165710,9.131081,9.183022,9.165710,9.044441,9.027115,8.992432,8.992432,8.992432,9.009773,9.009773,8.975086,9.027115,8.957737,9.009773,9.096436,9.079109,9.131081,9.234943,9.442345,9.924606,9.873051,9.873051,9.614849,9.321407,9.407806,9.476868,9.390537,9.442345,9.390537,9.459610,9.511379,9.545887,9.597610,9.614849,9.563126,9.718216,9.718216,9.769852,9.718216,9.700993,9.787056,9.752644,9.804260,9.769852,9.873051,9.907425,9.769852,9.890244,9.855862,9.855862,9.804260,9.907425,9.838661,9.907425,9.907425,9.838661,10.010487,9.890244,9.838661,9.804260,9.787056,9.632080,9.855862,9.907425,10.010487,10.010487,9.873051,9.735428,9.649315,9.580376,9.614849,9.545887,9.632080,9.528633,9.528633,9.545887,9.494129,9.545887,9.511379,9.597610,9.683773,9.958965,9.958965,9.838661,9.373260,9.304119,9.252239,9.200333,9.200333,9.234943,9.252239,9.217640,9.217640,9.234943,9.321407,9.234943,9.355976,9.304119,9.234943,9.183022,9.234943,9.390537,9.321407,9.321407,9.286831,9.338692,9.321407,9.321407,9.321407,9.511379,9.545887,9.545887,9.649315,9.545887,9.614849,9.787056,9.941792,9.838661,9.821461,9.752644,9.735428,9.563126,9.649315,9.718216,9.683773,9.735428,9.735428,9.545887,9.425079,9.286831,9.200333,9.252239,9.338692,9.338692,9.286831,9.286831,9.148392,9.234943,9.200333,9.269539,9.183022,9.165710,
5.338371,5.428139,5.212570,5.140610,5.086613,5.122616,5.140610,5.446091,5.607468,5.589546,5.607468,5.661201,5.732807,5.965206,6.179276,6.286148,6.303955,6.197094,6.321754,6.268349,6.179276,5.875885,5.732807,5.661201,5.607468,5.625381,5.804367,5.750706,5.840134,6.018761,6.054455,6.214916,6.410706,6.552864,6.552864,6.606125,6.464035,6.268349,5.965206,6.000916,5.947346,5.893753,5.983063,6.125797,6.090134,6.339550,6.552864,6.730297,6.960518,6.907440,6.836617,6.872036,6.818905,6.623875,6.446259,6.286148,6.072296,5.983063,6.000916,6.000916,5.983063,6.072296,6.054455,6.214916,6.321754,6.481804,6.712570,6.942829,7.048931,7.013577,7.013577,6.978207,7.013577,6.942829,6.730297,6.464035,6.428486,6.303955,6.286148,6.090134,6.000916,6.143627,6.125797,6.143627,6.125797,6.250534,6.286148,6.481804,6.375134,6.268349,6.250534,6.072296,5.875885,5.822250,5.875885,5.822250,5.714912,5.804367,5.875885,5.893753,6.250534,6.392914,6.161457,5.965206,6.286148,6.606125,6.748028,6.818905,6.925133,7.084278,7.172585,7.066605,7.101940,7.278450,7.278450,7.296085,7.243172,7.296085,7.278450,7.348972,7.401833,7.348972,7.401833,7.296085,7.437057,7.472267,7.560242,7.577831,7.595413,7.595413,7.489868,7.507469,7.525059,7.489868,7.472267,7.612995,7.525059,7.542656,7.648148,7.858810,7.788635,7.612995,7.683289,7.683289,7.999016,8.243912,8.331230,7.806187,7.665718,7.595413,7.577831,7.648148,7.665718,7.735977,7.735977,7.753536,7.753536,7.753536,7.806187,7.700855,8.261383,8.784096,8.975086,8.731949,8.313774,8.121536,8.156513,8.278851,8.226437,8.156513,8.243912,8.226437,8.296310,8.313774,8.313774,8.348686,8.435913,8.540497,8.714558,8.679768,8.818848,8.940388,9.027115,8.992432,9.009773,8.888317,8.853588,8.870953,8.853588,9.079109,9.113758,9.096436,9.165710,9.252239,9.390537,9.494129,9.286831,9.304119,9.304119,9.269539,9.390537,9.355976,9.476868,9.476868,9.407806,9.079109,9.044441,8.888317,9.009773,9.027115,9.044441,9.286831,9.355976,9.217640,9.234943,9.079109,9.096436,9.027115,9.113758,9.131081,9.113758,9.252239,9.217640,9.234943,9.148392,9.200333,9.200333,9.096436,9.009773,8.923035,8.957737,8.836220,8.714558,8.557915,8.784096,9.200333,9.804260,9.821461,9.425079,8.923035,8.697163,8.644970,8.644970,8.801476,8.801476,8.784096,8.662369,8.731949,8.749332,8.801476,8.818848,8.853588,8.766716,8.853588,8.940388,8.836220,8.749332,8.610161,8.662369,8.644970,8.679768,8.662369,8.679768,8.627563,8.592743,8.575333,8.557915,8.731949,8.836220,9.390537,9.632080,9.683773,9.407806,8.905678,8.836220,8.905678,8.905678,8.888317,8.940388,8.975086,9.148392,9.183022,9.217640,9.200333,9.252239,9.183022,9.217640,9.148392,8.992432,8.992432,9.009773,9.079109,9.338692,9.442345,9.494129,9.234943,9.113758,9.165710,9.183022,9.217640,9.234943,9.269539,9.252239,9.148392,9.269539,9.269539,9.286831,9.217640,9.321407,9.425079,9.442345,9.476868,9.563126,9.545887,9.597610,9.476868,9.425079,9.545887,9.476868,9.407806,9.304119,9.338692,9.425079,9.425079,9.700993,9.941792,10.267654,10.319000,10.061974,9.252239,9.113758,8.905678,8.957737,8.923035,8.975086,8.957737,8.975086,9.027115,9.044441,9.165710,9.234943,9.183022,9.252239,9.200333,9.269539,9.252239,9.425079,9.252239,9.338692,9.304119,9.321407,9.304119,9.304119,9.252239,9.338692,9.355976,9.476868,9.494129,9.563126,9.580376,9.666546,9.666546,9.614849,9.563126,9.321407,9.304119,9.304119,9.286831,9.217640,9.321407,9.338692,9.632080,10.130581,9.993317,9.958965,9.459610,9.165710,9.200333,9.044441,9.148392,9.286831,9.200333,9.217640,9.252239,9.200333,9.200333,9.286831,9.269539,9.252239,9.200333,9.200333,9.286831,9.217640,9.304119,9.425079,9.355976,9.425079,9.355976,9.338692,9.321407,9.269539,9.355976,9.338692,9.304119,9.234943,9.338692,9.614849,10.250530,10.250530,10.164867,9.958965,9.890244,9.838661,9.958965,10.010487,10.044807,10.044807,10.027649,10.061974,9.976139,10.079128,10.113426,10.233398,10.353233,10.438725,10.387436,10.267654,10.061974,9.958965,9.941792,9.924606,9.890244,9.821461,9.838661,9.804260,9.632080,9.632080,9.666546,9.528633,9.700993,9.649315,9.718216,9.614849,9.528633,9.563126,9.580376,9.476868,9.459610,9.442345,9.476868,9.390537,9.373260,9.355976,9.355976,9.252239,9.217640,9.304119,9.425079,9.700993,10.147728,10.216270,10.096279,9.580376,9.442345,9.234943,9.079109,8.975086,8.992432,8.923035,9.096436,9.148392,9.217640,9.148392,9.131081,9.165710,9.355976,9.511379,9.494129,9.425079,9.390537,9.476868,9.683773,9.769852,9.700993,9.683773,9.666546,9.528633,9.476868,9.528633,9.407806,9.494129,9.286831,9.407806,9.511379,9.821461,9.821461,9.752644,9.632080,9.580376,9.649315,9.580376,9.476868,9.511379,9.614849,9.563126,9.545887,9.407806,9.494129,9.459610,9.355976,9.321407,9.425079,9.321407,9.269539,9.269539,9.304119,9.632080,10.044807,9.993317,9.804260,9.649315,9.390537,9.269539,9.234943,9.286831,9.183022,9.286831,9.252239,9.304119,9.355976,9.321407,9.407806,9.563126,9.614849,9.632080,9.649315,9.425079,9.304119,9.304119,9.390537,9.407806,9.407806,9.769852,9.614849,9.632080,9.528633,9.666546,9.545887,9.614849,9.683773,9.787056,9.958965,10.096279,10.044807,9.958965,9.769852,9.735428,9.700993,9.735428,9.700993,9.752644,9.838661,9.976139,9.907425,10.010487,9.924606,10.010487,9.958965,9.907425,9.907425,9.924606,9.890244,9.804260,9.838661,9.941792,9.855862,9.804260,9.838661,10.027649,10.079128,9.993317,9.735428,9.528633,9.563126,9.511379,9.459610,9.442345,9.459610,9.580376,9.511379,9.545887,9.580376,9.614849,9.632080,9.528633,9.563126,9.666546,9.614849,9.476868,9.545887,9.511379,9.476868,9.476868,9.425079,9.476868,9.459610,9.511379,9.563126,9.580376,9.459610,9.528633,9.511379,9.511379,10.027649,9.976139,9.976139,9.700993,9.580376,9.511379,9.528633,9.494129,9.494129,9.580376,9.597610,9.494129,9.494129,9.511379,9.476868,9.476868,9.459610,9.614849,9.769852,9.718216,9.683773,9.528633,9.407806,9.425079,9.407806,9.563126,9.407806,
5.302444,5.266499,5.284477,5.194580,5.212570,5.032589,5.140610,5.302444,5.284477,5.392242,5.392242,5.481972,5.768597,6.072296,6.197094,6.321754,6.125797,6.143627,6.054455,6.018761,5.929482,5.750706,5.643291,5.714912,5.625381,5.679108,5.786484,5.804367,6.000916,6.090134,6.268349,6.375134,6.588379,6.552864,6.659363,6.446259,6.375134,6.107971,5.983063,5.947346,5.983063,6.000916,6.090134,6.214916,6.392914,6.730297,6.818905,6.889732,6.907440,6.907440,6.623875,6.428486,6.499577,6.464035,6.268349,6.232731,6.214916,6.018761,5.983063,6.000916,6.090134,6.107971,6.321754,6.517342,6.623875,6.801193,6.942829,6.978207,6.889732,6.995895,6.818905,6.623875,6.748028,6.641617,6.659363,6.606125,6.410706,6.321754,6.286148,6.197094,6.197094,6.286148,6.446259,6.481804,6.499577,6.588379,6.464035,6.481804,6.410706,6.339550,6.303955,6.143627,6.018761,5.786484,5.679108,5.643291,5.679108,5.643291,5.697014,5.786484,6.214916,6.214916,6.214916,6.125797,6.232731,6.321754,6.552864,6.570625,6.854328,7.031254,6.995895,7.031254,6.978207,7.013577,7.066605,7.137272,7.101940,7.278450,7.419441,7.366592,7.296085,7.296085,7.243172,7.313717,7.437057,7.401833,7.419441,7.454662,7.419441,7.348972,7.348972,7.401833,7.525059,7.348972,7.366592,7.542656,7.401833,7.437057,7.718422,7.963982,7.981499,7.700855,7.700855,7.735977,7.718422,7.946465,7.771088,7.735977,7.648148,7.735977,7.735977,7.735977,7.771088,7.788635,7.735977,7.823730,7.788635,7.841270,7.911411,7.999016,8.278851,8.540497,8.818848,8.575333,8.191483,8.156513,8.191483,8.174004,8.278851,8.226437,8.226437,8.261383,8.348686,8.401035,8.261383,8.278851,8.366138,8.313774,8.401035,8.435913,8.366138,8.383591,8.488220,8.470791,8.470791,8.470791,8.348686,8.261383,8.278851,8.313774,8.470791,8.488220,8.523075,8.592743,9.234943,9.304119,9.148392,8.853588,8.801476,8.662369,8.766716,8.784096,8.818848,8.870953,8.870953,8.853588,8.923035,9.044441,9.044441,9.165710,9.217640,9.528633,9.700993,9.649315,9.425079,9.269539,9.355976,9.338692,9.476868,9.563126,9.614849,9.700993,9.821461,9.941792,9.838661,9.907425,9.924606,9.941792,9.873051,9.735428,9.700993,9.563126,9.476868,9.390537,9.373260,9.649315,9.976139,9.821461,9.614849,9.321407,9.217640,9.200333,9.096436,9.252239,9.390537,9.390537,9.286831,9.183022,9.286831,9.321407,9.338692,9.286831,9.200333,9.304119,9.183022,9.096436,8.870953,8.888317,8.766716,8.714558,8.679768,8.731949,8.679768,8.610161,8.523075,8.557915,8.575333,8.627563,8.801476,9.183022,9.614849,9.769852,9.234943,8.488220,8.383591,8.401035,8.505650,8.418476,8.401035,8.366138,8.540497,8.540497,8.592743,8.644970,8.488220,8.470791,8.505650,8.331230,8.418476,8.470791,8.540497,8.610161,8.662369,8.627563,8.870953,8.905678,8.975086,9.096436,8.975086,9.286831,9.355976,9.286831,9.373260,9.407806,9.597610,9.769852,9.752644,9.752644,9.528633,9.545887,9.632080,9.614849,9.666546,9.632080,9.528633,9.528633,9.563126,9.511379,9.563126,9.407806,9.494129,9.390537,9.442345,9.511379,9.459610,9.700993,10.267654,10.353233,10.079128,9.286831,8.940388,8.940388,8.975086,8.888317,8.992432,8.940388,8.940388,8.940388,8.940388,9.027115,9.079109,9.009773,9.079109,8.923035,8.923035,8.957737,8.957737,9.165710,9.027115,8.992432,9.009773,9.217640,9.131081,9.096436,8.992432,9.061775,9.234943,9.252239,9.407806,9.442345,9.907425,10.096279,10.113426,9.838661,9.580376,9.563126,9.597610,9.511379,9.528633,9.494129,9.632080,9.769852,9.787056,9.976139,9.907425,9.821461,9.614849,9.718216,9.769852,9.752644,9.649315,9.752644,9.718216,9.666546,9.563126,9.545887,9.494129,9.459610,9.494129,9.442345,9.425079,9.459610,9.459610,9.476868,9.425079,9.425079,9.425079,9.338692,9.269539,9.321407,9.373260,9.407806,9.390537,9.390537,9.528633,9.494129,9.752644,10.387436,10.404537,10.199139,9.804260,9.769852,9.563126,9.597610,9.769852,9.787056,9.752644,9.614849,9.700993,9.804260,9.941792,9.890244,10.061974,10.113426,10.164867,10.182007,10.182007,10.096279,10.096279,10.199139,10.113426,10.250530,10.164867,10.096279,9.993317,9.890244,9.924606,9.890244,9.838661,9.958965,9.976139,10.164867,10.216270,10.079128,10.079128,10.010487,9.873051,9.890244,9.700993,9.804260,9.683773,9.632080,9.545887,9.459610,9.494129,9.632080,9.563126,9.511379,9.718216,10.164867,10.044807,9.924606,9.597610,9.234943,9.113758,9.061775,8.975086,8.975086,8.992432,9.061775,9.183022,9.183022,9.183022,9.217640,9.183022,9.217640,9.269539,9.252239,9.183022,9.217640,9.217640,9.131081,9.355976,9.217640,9.131081,9.061775,9.027115,8.975086,9.044441,9.044441,9.009773,9.027115,9.096436,9.390537,9.890244,10.010487,9.838661,9.511379,9.459610,9.580376,9.511379,9.528633,9.649315,9.545887,9.614849,9.649315,9.752644,9.683773,9.718216,9.649315,9.649315,9.666546,9.666546,9.563126,9.752644,9.855862,9.890244,9.958965,9.804260,9.855862,9.735428,9.580376,9.407806,9.407806,9.355976,9.355976,9.304119,9.355976,9.373260,9.545887,9.649315,9.752644,9.907425,9.838661,9.700993,9.545887,9.321407,9.217640,9.286831,9.304119,9.217640,9.304119,9.304119,9.338692,9.373260,9.338692,9.373260,9.459610,9.407806,9.425079,9.459610,10.010487,10.113426,10.027649,9.597610,9.511379,9.425079,9.321407,9.459610,9.355976,9.442345,9.545887,9.666546,9.769852,9.769852,9.700993,9.683773,9.735428,9.683773,9.838661,9.838661,9.735428,9.821461,9.907425,9.873051,9.838661,9.907425,9.890244,9.907425,9.855862,9.873051,9.821461,9.752644,9.700993,9.735428,9.787056,9.855862,9.993317,10.044807,10.130581,10.164867,10.096279,10.130581,10.061974,10.079128,10.130581,9.993317,10.027649,10.010487,10.096279,10.044807,10.010487,10.027649,10.027649,10.027649,10.010487,9.976139,9.958965,9.855862,9.804260,9.752644,9.700993,9.752644,10.113426,10.301891,10.061974,9.666546,9.511379,9.442345,9.459610,9.442345,9.425079,9.442345,9.355976,9.425079,9.511379,9.442345,9.459610,9.442345,9.459610,9.718216,9.787056,9.649315,9.597610,9.649315,9.614849,9.545887,9.494129,9.528633,9.459610,
5.212570,5.140610,5.212570,5.104614,4.942490,4.762062,4.436539,4.545155,4.563248,4.707874,4.978535,5.014572,5.428139,5.768597,6.036610,6.161457,6.018761,5.875885,5.804367,5.822250,5.750706,5.697014,5.607468,5.643291,5.714912,5.697014,5.607468,5.822250,6.054455,6.214916,6.428486,6.535103,6.410706,6.392914,6.428486,6.339550,6.303955,6.232731,6.179276,6.197094,6.090134,6.161457,6.303955,6.410706,6.730297,6.783474,6.694839,6.677101,6.588379,6.410706,6.232731,6.161457,6.197094,6.321754,6.232731,6.179276,6.161457,6.268349,6.214916,6.232731,6.268349,6.517342,6.748028,6.854328,6.907440,6.907440,6.925133,6.854328,6.677101,6.517342,6.410706,6.214916,6.197094,6.446259,6.446259,6.481804,6.410706,6.446259,6.392914,6.303955,6.375134,6.517342,6.659363,6.677101,6.623875,6.606125,6.517342,6.410706,6.321754,6.286148,6.179276,6.090134,6.054455,5.911625,5.750706,5.714912,5.643291,5.571625,5.625381,5.661201,5.929482,6.214916,6.036610,6.161457,6.161457,6.214916,6.392914,6.552864,6.712570,6.960518,7.013577,7.101940,7.137272,7.207882,7.225533,7.172585,7.101940,7.084278,7.013577,7.172585,7.101940,7.084278,7.154926,7.137272,7.172585,7.137272,7.119606,7.154926,7.190231,7.207882,7.119606,7.084278,7.207882,7.243172,7.296085,7.225533,7.278450,7.207882,7.348972,7.841270,7.893879,7.665718,7.348972,7.190231,7.207882,7.225533,7.419441,7.419441,7.437057,7.401833,7.507469,7.542656,7.630577,7.700855,7.753536,7.753536,7.841270,7.841270,7.858810,7.928940,8.086544,8.278851,8.348686,8.313774,8.208961,8.156513,8.296310,8.278851,8.331230,8.435913,8.401035,8.731949,8.766716,8.714558,8.697163,8.662369,8.644970,8.644970,8.662369,8.505650,8.575333,8.523075,8.575333,8.505650,8.470791,8.470791,8.366138,8.261383,8.383591,8.348686,8.313774,8.401035,8.488220,8.488220,9.027115,9.165710,9.044441,8.435913,8.488220,8.418476,8.366138,8.331230,8.313774,8.383591,8.331230,8.383591,8.523075,8.435913,8.453358,8.523075,8.697163,9.563126,9.494129,9.407806,8.766716,8.749332,8.836220,8.870953,9.009773,9.044441,9.217640,9.425079,9.511379,9.683773,9.614849,9.649315,9.769852,9.683773,9.787056,9.735428,9.752644,9.821461,9.614849,9.632080,9.804260,9.787056,9.873051,9.855862,9.924606,9.873051,9.855862,9.821461,9.769852,9.873051,9.804260,9.804260,9.890244,9.976139,9.769852,9.804260,9.769852,9.735428,9.769852,9.787056,9.718216,9.769852,9.614849,9.614849,9.425079,9.425079,9.373260,9.304119,9.425079,9.217640,9.183022,9.131081,8.853588,8.957737,8.975086,9.355976,9.735428,9.649315,9.321407,8.731949,8.644970,8.610161,8.644970,8.644970,8.523075,8.470791,8.418476,8.505650,8.540497,8.488220,8.366138,8.296310,8.261383,8.331230,8.435913,8.226437,8.278851,8.383591,8.453358,8.540497,8.540497,8.540497,8.488220,8.557915,8.540497,8.697163,8.731949,8.697163,8.766716,8.992432,9.459610,10.010487,10.044807,9.700993,9.321407,9.009773,9.165710,9.390537,9.528633,9.563126,9.563126,9.632080,9.528633,9.632080,9.580376,9.597610,9.649315,9.563126,9.649315,9.666546,9.632080,9.787056,9.924606,10.061974,9.941792,9.390537,9.165710,9.079109,9.217640,9.338692,9.355976,9.390537,9.234943,9.252239,9.321407,9.442345,9.425079,9.286831,9.165710,9.131081,8.975086,8.975086,9.096436,9.061775,8.992432,8.975086,8.975086,8.923035,8.940388,8.940388,8.957737,8.784096,8.888317,8.905678,9.079109,9.165710,9.873051,10.130581,10.319000,9.804260,9.459610,9.476868,9.459610,9.425079,9.425079,9.390537,9.304119,9.407806,9.442345,9.614849,9.614849,9.718216,9.787056,9.993317,10.027649,10.027649,9.993317,10.027649,9.821461,9.683773,9.735428,9.683773,9.700993,9.700993,9.718216,9.907425,9.855862,9.838661,9.838661,9.718216,9.804260,9.855862,9.924606,9.873051,9.769852,9.683773,9.597610,9.614849,9.597610,9.614849,9.700993,9.649315,9.890244,10.113426,10.164867,9.958965,9.700993,9.649315,9.649315,9.580376,9.752644,9.700993,9.666546,9.769852,9.683773,9.752644,9.735428,9.804260,9.873051,9.907425,9.941792,9.752644,9.821461,10.044807,9.890244,9.855862,9.958965,10.027649,9.958965,9.804260,9.683773,9.700993,9.580376,9.580376,9.494129,9.528633,9.614849,10.096279,10.199139,10.164867,9.855862,9.683773,9.563126,9.580376,9.528633,9.597610,9.528633,9.459610,9.528633,9.442345,9.442345,9.425079,9.442345,9.632080,9.787056,9.924606,9.821461,9.683773,9.442345,9.252239,9.252239,9.252239,9.148392,9.200333,9.252239,9.338692,9.321407,9.373260,9.286831,9.217640,9.269539,9.321407,9.390537,9.511379,9.407806,9.321407,9.200333,9.217640,9.234943,9.200333,9.009773,8.975086,8.992432,8.923035,8.957737,9.096436,9.027115,8.992432,9.096436,9.459610,9.890244,10.130581,9.718216,9.494129,9.442345,9.373260,9.407806,9.338692,9.321407,9.269539,9.355976,9.442345,9.563126,9.545887,9.355976,9.407806,9.459610,9.528633,9.580376,9.614849,9.511379,9.528633,9.528633,9.442345,9.545887,9.511379,9.580376,9.476868,9.511379,9.597610,9.683773,9.787056,9.718216,9.769852,9.976139,10.061974,10.164867,10.113426,10.130581,10.010487,9.804260,9.597610,9.425079,9.476868,9.407806,9.321407,9.459610,9.390537,9.390537,9.494129,9.545887,9.459610,9.494129,9.511379,9.649315,9.476868,9.666546,10.130581,10.147728,10.079128,9.683773,9.511379,9.528633,9.425079,9.390537,9.425079,9.476868,9.355976,9.442345,9.597610,9.459610,9.476868,9.459610,9.373260,9.407806,9.476868,9.390537,9.476868,9.407806,9.390537,9.614849,9.459610,9.442345,9.390537,9.390537,9.442345,9.425079,9.373260,9.355976,9.511379,9.545887,9.494129,9.718216,10.061974,10.199139,10.284771,10.216270,10.216270,10.216270,10.233398,10.233398,10.233398,10.301891,10.353233,10.284771,10.319000,10.284771,10.319000,10.319000,10.438725,10.336117,10.301891,10.319000,10.353233,10.387436,10.233398,10.267654,10.182007,10.216270,10.267654,10.147728,10.010487,9.769852,9.769852,9.683773,9.614849,9.494129,9.597610,9.528633,9.390537,9.425079,9.373260,9.476868,9.407806,9.494129,9.425079,9.752644,9.683773,9.614849,9.614849,9.580376,9.494129,9.494129,9.459610,9.425079,9.511379,
5.050598,5.050598,5.158604,5.050598,4.671738,4.146374,3.837234,4.073711,4.037365,4.128212,4.146374,4.200836,4.454651,5.158604,5.768597,6.018761,5.947346,5.661201,5.714912,5.714912,5.750706,5.714912,5.661201,5.732807,5.768597,5.732807,5.804367,5.840134,6.339550,6.446259,6.552864,6.570625,6.197094,6.179276,6.339550,6.392914,6.286148,6.286148,6.250534,6.339550,6.375134,6.481804,6.677101,6.712570,6.694839,6.765751,6.535103,6.321754,6.179276,6.107971,6.018761,5.965206,6.054455,6.018761,6.143627,6.161457,6.197094,6.357342,6.517342,6.659363,6.748028,6.889732,6.801193,6.836617,6.925133,6.730297,6.677101,6.428486,6.321754,6.250534,6.179276,6.125797,6.143627,6.090134,6.214916,6.303955,6.357342,6.464035,6.481804,6.570625,6.588379,6.588379,6.765751,6.606125,6.517342,6.499577,6.250534,6.197094,6.107971,6.000916,5.947346,5.929482,5.858009,5.768597,5.750706,5.786484,5.732807,5.697014,5.804367,5.965206,5.947346,6.125797,6.125797,6.232731,6.357342,6.428486,6.517342,6.570625,6.925133,7.084278,7.313717,7.313717,7.313717,7.278450,7.278450,7.437057,7.437057,7.595413,7.472267,7.366592,7.384212,7.278450,7.348972,7.348972,7.366592,7.419441,7.296085,7.225533,7.243172,7.225533,7.313717,7.137272,7.190231,7.225533,7.225533,7.207882,7.207882,7.225533,7.225533,7.753536,7.771088,7.648148,7.260815,7.154926,7.207882,7.207882,7.225533,7.331345,7.348972,7.331345,7.489868,7.542656,7.560242,7.472267,7.507469,7.489868,7.542656,7.577831,7.735977,7.700855,7.753536,7.753536,7.823730,7.963982,8.051544,8.034035,7.981499,8.174004,8.086544,8.226437,8.156513,8.679768,9.009773,8.975086,8.784096,8.644970,8.540497,8.523075,8.540497,8.627563,8.575333,8.610161,8.627563,8.714558,8.662369,8.662369,8.662369,8.610161,8.627563,8.644970,8.592743,8.627563,8.731949,8.870953,9.061775,9.044441,9.044441,8.627563,8.540497,8.505650,8.575333,8.453358,8.523075,8.540497,8.575333,8.627563,8.540497,8.488220,8.383591,8.418476,8.470791,9.321407,9.407806,9.234943,8.627563,8.540497,8.592743,8.575333,8.627563,8.627563,8.749332,8.801476,8.940388,8.957737,8.923035,8.888317,8.888317,8.836220,8.888317,8.801476,8.992432,9.009773,8.975086,8.992432,8.992432,9.061775,9.131081,9.217640,9.304119,9.269539,9.234943,9.286831,9.321407,9.304119,9.338692,9.855862,9.769852,9.718216,9.304119,9.234943,9.269539,9.113758,9.269539,9.476868,9.459610,9.649315,9.545887,9.683773,9.700993,9.683773,9.545887,9.649315,9.769852,9.700993,9.666546,9.528633,9.355976,9.511379,9.442345,9.649315,9.735428,9.735428,9.666546,9.459610,9.390537,9.511379,9.597610,9.494129,9.425079,9.373260,9.286831,9.252239,9.131081,9.027115,8.923035,8.905678,8.870953,9.027115,9.079109,9.061775,8.975086,8.888317,8.957737,9.027115,8.975086,8.870953,8.766716,8.697163,8.679768,8.557915,8.610161,8.592743,8.627563,8.836220,9.476868,9.993317,10.130581,9.821461,9.217640,9.027115,9.009773,9.131081,9.234943,9.148392,9.131081,9.304119,9.355976,9.390537,9.390537,9.442345,9.338692,9.338692,9.321407,9.321407,9.390537,9.234943,9.355976,9.407806,9.442345,9.373260,9.425079,9.528633,9.563126,9.545887,9.545887,9.580376,9.511379,9.683773,9.873051,10.010487,10.096279,9.924606,9.666546,9.528633,9.614849,9.580376,9.476868,9.511379,9.442345,9.442345,9.338692,9.252239,9.269539,9.200333,9.131081,9.061775,9.061775,9.165710,9.131081,9.304119,9.855862,10.182007,10.284771,9.838661,9.390537,9.563126,9.545887,9.459610,9.355976,9.355976,9.425079,9.355976,9.425079,9.390537,9.528633,9.528633,9.563126,9.993317,10.044807,9.873051,9.769852,9.683773,9.528633,9.459610,9.321407,9.373260,9.425079,9.528633,9.580376,9.666546,9.804260,9.838661,9.855862,9.890244,9.924606,10.079128,10.233398,10.284771,10.199139,10.061974,9.907425,9.700993,9.649315,9.632080,9.597610,9.666546,9.873051,9.873051,9.804260,9.700993,9.683773,9.718216,9.597610,9.769852,9.821461,9.838661,9.821461,9.700993,9.752644,9.821461,9.838661,9.958965,9.958965,9.941792,9.821461,9.890244,9.993317,9.907425,9.890244,9.787056,9.958965,9.890244,9.890244,9.718216,9.804260,9.597610,9.528633,9.459610,9.442345,9.338692,9.425079,10.010487,10.096279,9.941792,9.545887,9.338692,9.286831,9.252239,9.269539,9.148392,9.113758,9.131081,9.217640,9.061775,9.096436,9.061775,9.165710,9.373260,9.338692,9.338692,9.425079,9.321407,9.217640,9.234943,9.234943,9.286831,9.425079,9.321407,9.390537,9.459610,9.476868,9.442345,9.459610,9.425079,9.614849,9.666546,9.890244,9.924606,9.838661,9.563126,9.390537,9.252239,9.234943,9.234943,9.183022,9.113758,9.183022,9.148392,9.200333,9.009773,9.286831,9.304119,9.407806,9.718216,9.890244,9.821461,9.563126,9.442345,9.321407,9.355976,9.252239,9.269539,9.200333,9.234943,9.355976,9.390537,9.338692,9.200333,9.442345,9.338692,9.425079,9.390537,9.390537,9.442345,9.373260,9.425079,9.286831,9.390537,9.304119,9.373260,9.407806,9.476868,9.459610,9.614849,9.735428,9.700993,9.649315,9.718216,9.924606,10.182007,10.301891,10.370338,9.907425,9.563126,9.511379,9.459610,9.442345,9.476868,9.563126,9.511379,9.545887,9.666546,9.718216,9.700993,9.718216,9.787056,9.821461,9.666546,9.787056,9.873051,9.907425,10.061974,10.079128,10.010487,9.821461,9.735428,9.735428,9.632080,9.580376,9.632080,9.632080,9.511379,9.563126,9.597610,9.632080,9.666546,9.580376,9.597610,9.511379,9.390537,9.407806,9.373260,9.494129,9.373260,9.321407,9.321407,9.234943,9.183022,9.165710,9.234943,9.148392,9.200333,9.113758,9.252239,9.355976,9.200333,9.752644,10.233398,10.199139,10.267654,10.044807,9.873051,9.855862,9.838661,9.804260,9.787056,9.873051,10.010487,9.958965,9.907425,9.976139,9.907425,10.010487,9.976139,10.113426,10.027649,10.164867,10.130581,10.147728,10.182007,10.182007,10.182007,10.079128,10.061974,9.993317,9.976139,9.907425,9.958965,10.130581,9.907425,9.787056,9.804260,9.821461,9.804260,9.735428,9.614849,9.528633,9.338692,9.355976,9.373260,9.769852,9.649315,9.752644,9.580376,9.632080,9.545887,9.494129,9.425079,9.545887,9.390537,
4.599422,4.725941,4.834267,4.743999,4.055538,3.746143,3.527222,3.654976,3.709686,3.691456,3.581997,3.800804,3.946442,4.472755,5.571625,5.714912,5.679108,5.356339,5.302444,5.535770,5.625381,5.732807,5.786484,5.804367,5.822250,5.875885,5.893753,6.125797,6.392914,6.428486,6.481804,6.232731,6.161457,6.232731,6.161457,6.125797,6.054455,6.090134,6.214916,6.268349,6.517342,6.659363,6.623875,6.606125,6.481804,6.375134,6.161457,6.036610,6.054455,5.983063,5.965206,6.000916,6.036610,6.036610,6.232731,6.357342,6.499577,6.677101,6.730297,6.748028,6.765751,6.677101,6.570625,6.499577,6.410706,6.339550,6.179276,6.197094,6.090134,6.054455,6.090134,6.072296,6.125797,6.143627,6.036610,6.161457,6.375134,6.588379,6.517342,6.499577,6.535103,6.499577,6.499577,6.357342,6.197094,6.072296,6.000916,5.822250,5.840134,5.804367,5.822250,5.893753,5.840134,5.858009,5.858009,5.893753,5.929482,5.965206,6.090134,6.125797,6.197094,6.321754,6.339550,6.588379,6.641617,6.730297,6.925133,6.978207,7.278450,7.348972,7.401833,7.437057,7.348972,7.296085,7.331345,7.665718,7.806187,7.876347,7.771088,7.648148,7.401833,7.348972,7.348972,7.560242,7.507469,7.560242,7.542656,7.419441,7.243172,7.190231,7.278450,7.243172,7.207882,7.207882,7.207882,7.260815,7.243172,7.366592,7.384212,7.595413,7.665718,7.630577,7.542656,7.489868,7.437057,7.419441,7.454662,7.437057,7.366592,7.454662,7.542656,7.595413,7.577831,7.665718,7.700855,7.665718,7.700855,7.771088,7.823730,7.753536,7.841270,7.928940,7.911411,8.086544,7.981499,7.963982,8.086544,7.981499,8.069046,8.139027,8.174004,8.801476,9.217640,9.096436,8.731949,8.418476,8.470791,8.470791,8.348686,8.313774,8.488220,8.435913,8.523075,8.523075,8.523075,8.505650,8.557915,8.523075,8.592743,8.627563,8.714558,8.749332,8.784096,8.644970,8.731949,8.853588,8.818848,8.784096,8.714558,8.818848,8.784096,8.784096,8.714558,8.801476,8.975086,9.200333,9.165710,8.836220,8.697163,8.627563,8.836220,9.183022,9.234943,9.217640,8.801476,8.870953,9.009773,8.923035,8.957737,8.905678,8.975086,8.992432,9.027115,9.009773,8.784096,8.644970,8.697163,8.627563,8.644970,8.697163,8.853588,8.784096,8.784096,8.731949,8.870953,8.749332,8.731949,8.731949,8.818848,8.714558,8.801476,8.697163,8.731949,8.697163,8.679768,9.563126,9.752644,9.476868,8.818848,8.453358,8.418476,8.418476,8.418476,8.401035,8.505650,8.523075,8.575333,8.662369,8.697163,8.888317,8.853588,9.044441,9.632080,9.563126,9.804260,9.200333,8.853588,8.957737,8.957737,9.096436,9.113758,9.200333,9.355976,9.442345,9.476868,9.545887,9.580376,9.718216,9.804260,9.735428,9.683773,9.735428,9.941792,9.769852,9.735428,9.821461,9.890244,9.924606,9.924606,9.890244,9.993317,10.010487,9.976139,9.976139,9.924606,9.838661,9.718216,9.718216,9.614849,9.580376,9.597610,9.442345,9.252239,9.425079,9.976139,10.267654,10.267654,9.924606,9.563126,9.286831,9.183022,9.183022,9.131081,9.286831,9.217640,9.304119,9.200333,9.217640,9.096436,9.165710,9.079109,9.113758,9.061775,9.061775,9.061775,9.009773,9.096436,9.096436,9.200333,9.286831,9.355976,9.321407,9.338692,9.355976,9.286831,9.217640,9.234943,9.338692,9.373260,9.993317,10.233398,10.182007,9.683773,9.580376,9.632080,9.769852,9.855862,9.873051,9.890244,9.804260,9.838661,9.821461,9.683773,9.494129,9.494129,9.148392,9.252239,9.476868,9.580376,9.563126,9.769852,10.044807,10.044807,9.735428,9.580376,9.632080,9.700993,9.545887,9.425079,9.373260,9.476868,9.373260,9.425079,9.476868,9.580376,9.545887,9.528633,9.718216,9.787056,9.769852,9.563126,9.373260,9.252239,9.217640,9.200333,9.286831,9.200333,9.183022,9.269539,9.338692,9.355976,9.511379,9.735428,9.804260,9.735428,9.855862,10.216270,10.301891,9.993317,9.752644,9.425079,9.252239,9.165710,9.252239,9.234943,9.252239,9.252239,9.269539,9.373260,9.407806,9.614849,9.683773,9.683773,9.597610,9.700993,9.821461,9.804260,9.769852,9.769852,9.907425,9.907425,9.924606,9.907425,9.941792,9.958965,9.976139,10.044807,9.958965,9.907425,9.924606,10.130581,10.182007,10.130581,9.924606,9.735428,9.614849,9.649315,9.545887,9.476868,9.338692,9.459610,9.890244,9.958965,9.838661,9.425079,9.252239,9.269539,9.252239,9.252239,9.131081,9.131081,9.096436,9.148392,9.044441,9.131081,9.200333,9.217640,9.217640,9.217640,9.200333,9.217640,9.183022,9.252239,9.269539,9.390537,9.373260,9.286831,9.183022,9.200333,9.113758,9.200333,9.096436,9.148392,9.096436,9.200333,9.459610,9.838661,10.079128,9.855862,9.425079,9.269539,9.217640,9.200333,9.044441,9.131081,9.131081,9.234943,9.200333,9.234943,9.234943,9.234943,9.217640,9.355976,9.425079,9.476868,9.528633,9.511379,9.390537,9.390537,9.407806,9.304119,9.373260,9.373260,9.355976,9.355976,9.476868,9.528633,9.338692,9.321407,9.425079,9.407806,9.476868,9.528633,9.528633,9.528633,9.390537,9.494129,9.425079,9.459610,9.511379,9.476868,9.597610,9.632080,9.700993,9.666546,9.632080,9.735428,9.752644,10.079128,10.182007,10.336117,10.096279,9.666546,9.390537,9.286831,9.390537,9.373260,9.459610,9.545887,9.545887,9.649315,9.632080,9.649315,9.769852,9.838661,9.752644,9.787056,9.735428,9.718216,9.683773,9.752644,9.787056,9.752644,9.666546,9.700993,9.683773,9.632080,9.700993,9.735428,9.735428,9.735428,9.769852,9.838661,9.890244,10.113426,10.096279,10.044807,9.890244,9.907425,9.735428,9.735428,9.787056,9.476868,9.390537,9.425079,9.355976,9.390537,9.321407,9.321407,9.321407,9.442345,9.355976,9.425079,9.304119,9.459610,9.545887,9.924606,10.182007,10.182007,10.147728,9.855862,9.735428,9.666546,9.666546,9.666546,9.649315,9.649315,9.873051,9.700993,9.614849,9.563126,9.614849,9.614849,9.649315,9.700993,9.597610,9.649315,9.752644,9.735428,9.855862,9.666546,9.683773,9.787056,9.838661,9.769852,9.804260,9.769852,9.907425,9.924606,9.890244,9.890244,9.976139,10.010487,9.821461,9.787056,9.683773,9.476868,9.442345,9.476868,9.632080,9.649315,9.597610,9.752644,9.769852,9.718216,9.666546,9.700993,9.700993,9.855862,9.649315,
3.928246,4.110050,4.182686,3.910049,3.636738,3.563744,3.527222,3.618496,3.691456,3.581997,3.472427,3.746143,3.891846,4.581333,5.446091,5.535770,5.446091,5.230549,5.248528,5.302444,5.410194,5.535770,5.768597,5.858009,5.947346,6.036610,6.197094,6.357342,6.339550,6.339550,6.250534,6.161457,6.107971,6.000916,6.143627,5.983063,6.072296,6.072296,6.303955,6.499577,6.517342,6.570625,6.552864,6.392914,6.143627,6.036610,5.947346,5.965206,6.018761,5.911625,5.929482,5.965206,6.107971,6.161457,6.481804,6.623875,6.677101,6.783474,6.677101,6.712570,6.570625,6.392914,6.214916,6.143627,6.036610,6.090134,6.054455,6.018761,6.090134,6.090134,6.036610,6.143627,6.232731,6.250534,6.357342,6.446259,6.428486,6.428486,6.446259,6.321754,6.250534,6.090134,6.054455,5.983063,5.893753,5.822250,5.822250,5.840134,5.786484,5.768597,5.768597,5.840134,5.786484,5.893753,5.858009,6.018761,6.090134,6.214916,6.446259,6.446259,6.535103,6.659363,6.730297,6.907440,7.119606,7.137272,7.313717,7.401833,7.472267,7.525059,7.542656,7.525059,7.384212,7.366592,7.507469,7.806187,7.963982,7.928940,8.086544,7.876347,7.507469,7.331345,7.419441,7.612995,7.771088,7.788635,7.542656,7.525059,7.207882,7.101940,7.172585,7.260815,7.260815,7.260815,7.260815,7.243172,7.348972,7.348972,7.296085,7.366592,7.454662,7.648148,7.630577,7.718422,7.630577,7.683289,7.718422,7.753536,7.735977,7.700855,7.806187,7.858810,7.876347,7.963982,8.191483,8.243912,8.331230,8.296310,8.051544,8.051544,8.139027,8.016525,8.208961,8.261383,8.366138,8.470791,8.575333,8.540497,8.644970,8.540497,8.644970,9.061775,9.304119,9.304119,8.905678,8.313774,8.278851,8.313774,8.243912,8.261383,8.435913,8.453358,8.435913,8.418476,8.401035,8.348686,8.401035,8.366138,8.418476,8.470791,8.662369,8.644970,8.523075,8.505650,8.453358,8.523075,8.540497,8.505650,8.679768,8.575333,8.592743,8.592743,8.540497,8.575333,8.870953,9.580376,9.632080,9.044441,8.766716,8.749332,8.679768,8.784096,9.009773,8.923035,8.888317,8.923035,9.009773,9.061775,9.131081,9.183022,9.252239,9.269539,9.200333,9.061775,9.009773,8.853588,8.975086,8.975086,8.888317,8.923035,8.888317,8.992432,9.079109,9.061775,9.009773,8.870953,8.801476,8.905678,9.027115,9.044441,9.044441,8.940388,8.749332,8.836220,8.818848,9.494129,9.597610,9.614849,8.905678,8.662369,8.610161,8.505650,8.435913,8.401035,8.401035,8.383591,8.418476,8.470791,8.557915,8.488220,8.470791,8.644970,9.580376,9.614849,9.545887,9.044441,8.610161,8.523075,8.592743,8.679768,8.679768,8.644970,8.749332,8.870953,8.888317,8.870953,8.853588,8.905678,9.079109,8.992432,9.009773,9.200333,9.338692,9.338692,9.373260,9.459610,9.718216,9.804260,9.718216,9.545887,9.666546,9.804260,9.873051,9.890244,10.010487,10.096279,10.113426,10.130581,10.130581,10.010487,9.941792,9.735428,9.855862,9.941792,10.096279,10.113426,10.233398,10.130581,9.976139,9.735428,9.632080,9.528633,9.563126,9.718216,9.718216,9.666546,9.545887,9.528633,9.459610,9.373260,9.425079,9.355976,9.269539,9.200333,9.269539,9.217640,9.304119,9.355976,9.425079,9.442345,9.390537,9.269539,9.355976,9.165710,9.217640,9.165710,9.148392,9.131081,9.200333,9.838661,10.079128,10.130581,9.580376,9.217640,9.442345,9.580376,9.580376,9.355976,9.321407,9.252239,9.304119,9.234943,9.183022,9.113758,9.061775,9.061775,9.269539,9.304119,9.200333,9.286831,9.373260,9.390537,9.545887,9.597610,9.683773,9.666546,9.649315,9.511379,9.511379,9.476868,9.373260,9.321407,9.373260,9.528633,9.700993,9.666546,9.752644,9.821461,9.683773,9.787056,9.597610,9.476868,9.407806,9.373260,9.338692,9.269539,9.217640,9.217640,9.338692,9.355976,9.355976,9.614849,9.735428,9.700993,9.735428,9.769852,10.233398,10.250530,9.976139,9.373260,9.165710,9.096436,9.200333,9.200333,9.148392,9.217640,9.269539,9.234943,9.321407,9.321407,9.563126,9.476868,9.321407,9.321407,9.442345,9.528633,9.442345,9.286831,9.269539,9.373260,9.390537,9.476868,9.390537,9.442345,9.580376,9.683773,9.666546,9.735428,9.735428,9.804260,10.113426,10.199139,10.336117,9.838661,9.666546,9.580376,9.597610,9.459610,9.459610,9.494129,9.580376,9.804260,9.787056,9.718216,9.442345,9.425079,9.580376,9.425079,9.545887,9.355976,9.338692,9.321407,9.321407,9.338692,9.321407,9.355976,9.390537,9.425079,9.304119,9.373260,9.304119,9.269539,9.234943,9.373260,9.442345,9.511379,9.407806,9.390537,9.234943,9.200333,9.131081,9.044441,9.027115,8.992432,9.044441,9.597610,9.890244,9.958965,9.735428,9.183022,9.044441,9.044441,9.061775,9.079109,9.061775,8.992432,9.009773,8.975086,9.061775,9.009773,8.923035,8.905678,8.957737,9.009773,8.975086,9.009773,9.044441,9.061775,9.009773,9.044441,9.044441,9.165710,9.165710,9.252239,9.234943,9.234943,9.234943,9.304119,9.425079,9.494129,9.614849,9.821461,9.907425,9.890244,9.838661,9.752644,9.787056,9.700993,9.700993,9.718216,9.700993,9.804260,9.804260,9.769852,9.718216,9.787056,9.890244,9.907425,10.233398,10.284771,10.353233,9.993317,9.632080,9.459610,9.459610,9.528633,9.528633,9.649315,9.614849,9.580376,9.614849,9.718216,9.787056,9.873051,9.787056,9.718216,9.752644,9.735428,9.752644,9.649315,9.614849,9.614849,9.597610,9.511379,9.649315,9.597610,9.580376,9.683773,9.683773,9.632080,9.649315,9.632080,9.787056,9.924606,10.301891,10.216270,10.130581,10.079128,9.787056,9.683773,9.683773,9.683773,9.580376,9.614849,9.649315,9.649315,9.597610,9.511379,9.580376,9.614849,9.597610,9.580376,9.614849,9.735428,9.821461,9.976139,9.993317,10.079128,9.958965,9.958965,9.649315,9.597610,9.666546,9.735428,9.718216,9.890244,9.718216,9.718216,9.545887,9.632080,9.700993,9.632080,9.632080,9.632080,9.580376,9.580376,9.735428,9.614849,9.769852,9.769852,9.649315,9.666546,9.632080,9.718216,9.769852,9.769852,9.838661,9.752644,9.735428,9.769852,9.752644,10.010487,9.924606,10.027649,9.649315,9.442345,9.321407,9.390537,9.390537,9.407806,9.425079,9.614849,9.580376,9.563126,9.580376,9.511379,9.545887,9.494129,9.545887,9.476868,
3.545483,3.454159,3.435883,3.563744,3.563744,3.472427,3.527222,3.600243,3.600243,3.545483,3.600243,3.618496,3.873646,4.563248,5.212570,5.230549,5.086613,5.158604,5.176598,5.194580,5.428139,5.428139,5.553699,5.768597,6.018761,6.179276,6.214916,6.339550,6.161457,6.000916,6.018761,5.929482,6.018761,5.929482,6.072296,6.072296,6.197094,6.250534,6.410706,6.535103,6.481804,6.303955,6.179276,6.054455,5.893753,5.911625,5.929482,6.000916,5.893753,5.911625,5.983063,6.054455,6.339550,6.570625,6.641617,6.765751,6.659363,6.606125,6.517342,6.303955,6.125797,6.054455,5.947346,5.983063,5.947346,5.929482,6.072296,6.090134,6.072296,6.090134,6.107971,6.214916,6.303955,6.303955,6.499577,6.392914,6.286148,6.286148,6.107971,5.965206,5.893753,5.822250,5.768597,5.768597,5.804367,5.768597,5.768597,5.786484,5.661201,5.732807,5.858009,5.911625,6.036610,5.947346,6.018761,6.125797,6.161457,6.375134,6.499577,6.694839,6.783474,6.925133,7.084278,7.154926,7.331345,7.472267,7.454662,7.542656,7.560242,7.683289,7.648148,7.612995,7.612995,7.577831,7.665718,7.577831,7.753536,8.051544,8.104042,7.963982,7.911411,7.718422,7.630577,7.665718,7.858810,7.876347,7.700855,7.612995,7.472267,7.401833,7.243172,7.243172,7.260815,7.101940,7.119606,7.172585,7.331345,7.384212,7.437057,7.366592,7.384212,7.525059,7.630577,7.735977,7.665718,7.683289,7.771088,7.858810,7.823730,7.771088,7.806187,7.858810,7.788635,7.999016,8.069046,8.313774,8.592743,8.435913,8.261383,8.243912,8.331230,8.348686,8.348686,8.401035,8.470791,8.714558,8.731949,8.766716,8.870953,8.905678,8.992432,9.096436,9.165710,9.183022,9.079109,8.784096,8.784096,8.818848,8.697163,8.540497,8.540497,8.697163,8.853588,8.644970,8.644970,8.575333,8.627563,8.453358,8.505650,8.592743,8.627563,8.662369,8.610161,8.714558,8.749332,8.784096,8.592743,8.697163,8.714558,8.749332,8.662369,8.627563,8.644970,8.644970,8.923035,9.649315,9.700993,9.355976,8.853588,8.784096,8.766716,8.679768,8.818848,8.870953,8.992432,8.923035,8.957737,8.923035,8.905678,8.957737,9.009773,8.957737,8.905678,8.888317,8.853588,8.888317,8.836220,8.905678,8.888317,8.957737,9.044441,9.148392,9.061775,9.009773,8.923035,8.923035,8.923035,9.061775,9.390537,9.666546,9.649315,9.494129,9.234943,9.286831,9.373260,9.511379,9.632080,9.597610,9.407806,9.373260,9.373260,9.269539,9.113758,9.113758,9.061775,9.027115,9.061775,9.061775,9.061775,8.853588,8.992432,9.061775,9.511379,9.580376,9.563126,9.131081,8.697163,8.731949,8.731949,8.766716,8.766716,8.662369,8.731949,8.801476,8.836220,8.801476,8.836220,8.836220,8.853588,8.731949,8.697163,8.818848,8.818848,8.749332,8.870953,9.079109,9.113758,9.234943,9.217640,8.923035,8.992432,8.940388,9.044441,9.061775,9.390537,9.373260,9.873051,9.924606,9.873051,9.545887,9.200333,9.165710,9.234943,9.338692,9.407806,9.545887,9.597610,9.649315,9.683773,9.632080,9.597610,9.632080,9.821461,10.027649,10.233398,10.250530,10.113426,10.147728,10.147728,10.061974,9.907425,9.873051,9.718216,9.804260,9.890244,9.787056,9.873051,9.941792,9.855862,9.804260,9.804260,9.683773,9.683773,9.649315,9.476868,9.494129,9.373260,9.407806,9.304119,10.130581,10.182007,10.113426,9.597610,9.252239,9.407806,9.459610,9.286831,9.113758,9.044441,8.975086,8.957737,8.888317,8.923035,9.009773,8.905678,8.957737,9.044441,9.061775,8.992432,9.009773,9.096436,9.096436,9.131081,9.165710,9.200333,9.234943,9.234943,9.061775,8.836220,8.818848,8.905678,8.731949,8.784096,9.061775,9.804260,9.958965,10.010487,9.735428,9.614849,9.563126,9.511379,9.476868,9.494129,9.442345,9.494129,9.442345,9.442345,9.407806,9.511379,9.563126,9.597610,9.718216,9.683773,9.804260,9.769852,9.924606,10.079128,10.147728,9.821461,9.390537,9.459610,9.476868,9.580376,9.425079,9.528633,9.476868,9.425079,9.321407,9.476868,9.614849,9.718216,9.614849,9.563126,9.459610,9.442345,9.459610,9.442345,9.511379,9.390537,9.355976,9.390537,9.442345,9.373260,9.373260,9.407806,9.494129,9.476868,9.476868,9.459610,9.442345,10.164867,10.164867,10.113426,9.804260,9.528633,9.476868,9.476868,9.511379,9.476868,9.373260,9.425079,9.632080,9.494129,9.442345,9.407806,9.373260,9.407806,9.563126,9.563126,9.442345,9.476868,9.476868,9.494129,9.494129,9.511379,9.545887,9.528633,9.476868,9.511379,9.494129,9.390537,9.494129,9.425079,9.804260,9.976139,10.010487,10.010487,9.838661,9.545887,9.373260,9.338692,9.131081,9.113758,9.234943,9.355976,9.804260,9.873051,9.769852,9.494129,9.286831,9.304119,9.096436,9.113758,9.113758,9.183022,9.165710,9.096436,9.148392,9.113758,9.113758,9.113758,8.957737,9.027115,8.957737,8.957737,8.905678,8.940388,8.992432,9.027115,9.009773,8.870953,8.957737,8.923035,8.905678,8.853588,8.905678,8.870953,8.957737,9.009773,9.061775,9.269539,9.907425,10.010487,9.958965,9.700993,9.735428,9.580376,9.511379,9.528633,9.494129,9.563126,9.683773,9.735428,9.838661,9.958965,9.941792,10.010487,10.079128,10.199139,10.233398,10.250530,10.096279,9.924606,9.769852,9.855862,9.924606,9.958965,9.907425,9.907425,9.890244,9.821461,9.907425,9.958965,9.993317,9.907425,9.941792,9.873051,9.752644,9.855862,9.787056,9.804260,9.718216,9.735428,9.545887,9.597610,9.666546,9.683773,9.614849,9.632080,9.666546,9.666546,9.614849,9.821461,10.182007,10.250530,10.284771,9.941792,9.752644,9.683773,9.511379,9.563126,9.563126,9.563126,9.632080,9.614849,9.683773,9.666546,9.649315,9.632080,9.649315,9.614849,9.718216,9.580376,9.752644,9.752644,9.718216,9.700993,9.700993,9.700993,9.735428,9.666546,9.649315,9.632080,9.769852,9.855862,9.769852,9.718216,9.855862,9.958965,9.941792,9.924606,9.855862,9.735428,9.683773,9.683773,9.735428,9.855862,9.890244,9.924606,9.907425,9.787056,9.890244,9.976139,10.079128,10.061974,9.976139,9.890244,9.855862,9.873051,9.924606,9.958965,9.993317,10.061974,9.787056,9.476868,9.459610,9.373260,9.442345,9.390537,9.390537,9.476868,9.407806,9.494129,9.476868,9.459610,9.511379,9.511379,9.407806,9.425079,9.407806,
3.417606,3.399323,3.490696,3.417606,3.454159,3.508965,3.581997,3.545483,3.600243,3.527222,3.545483,3.563744,3.746143,4.418427,4.725941,4.870358,4.816223,4.960514,5.158604,5.230549,5.338371,5.428139,5.499908,5.858009,6.072296,6.179276,6.054455,6.000916,5.786484,5.768597,5.786484,5.875885,5.768597,5.804367,5.929482,6.179276,6.125797,6.357342,6.446259,6.357342,6.161457,6.000916,6.036610,5.965206,5.929482,5.947346,5.929482,5.965206,6.125797,6.125797,6.375134,6.375134,6.677101,6.606125,6.694839,6.623875,6.392914,6.197094,6.090134,5.947346,5.875885,5.929482,5.911625,5.911625,5.965206,5.893753,6.018761,6.107971,6.143627,6.232731,6.286148,6.303955,6.286148,6.232731,6.357342,6.197094,6.090134,5.929482,5.750706,5.661201,5.643291,5.589546,5.679108,5.643291,5.679108,5.714912,5.625381,5.875885,5.822250,5.947346,6.000916,6.054455,6.197094,6.268349,6.321754,6.481804,6.552864,6.694839,6.889732,7.066605,7.243172,7.190231,7.313717,7.419441,7.437057,7.472267,7.507469,7.560242,7.577831,7.630577,7.683289,7.683289,7.841270,7.788635,7.507469,7.419441,7.577831,7.718422,7.911411,7.963982,8.016525,8.086544,7.928940,7.963982,8.016525,8.016525,7.893879,7.788635,7.735977,7.648148,7.665718,7.348972,7.542656,7.366592,7.472267,7.560242,7.735977,7.718422,7.648148,7.612995,7.753536,7.841270,7.963982,7.911411,7.841270,7.753536,7.788635,7.876347,7.753536,7.841270,7.893879,7.893879,7.806187,7.893879,8.086544,8.488220,8.592743,8.523075,8.208961,8.121536,8.069046,8.156513,8.156513,8.261383,8.191483,8.296310,8.470791,8.610161,8.644970,8.731949,8.679768,8.766716,8.801476,9.027115,8.853588,8.784096,8.870953,8.940388,8.992432,8.957737,8.992432,9.096436,9.131081,9.079109,9.061775,9.113758,9.148392,8.975086,9.027115,9.148392,9.061775,9.131081,9.061775,9.165710,9.165710,9.234943,9.183022,9.148392,9.234943,9.183022,9.200333,9.165710,9.009773,9.096436,9.373260,9.735428,9.735428,9.545887,9.217640,9.131081,9.096436,9.217640,9.061775,9.044441,9.113758,9.269539,9.096436,9.096436,9.044441,8.957737,8.975086,8.940388,8.923035,8.888317,8.870953,8.888317,8.940388,8.888317,8.853588,8.766716,8.836220,8.853588,8.905678,8.784096,8.853588,8.853588,8.836220,8.923035,9.355976,9.821461,9.941792,9.459610,9.183022,9.096436,8.992432,9.061775,9.234943,9.217640,9.338692,9.252239,9.165710,9.252239,9.217640,9.269539,9.217640,9.252239,9.321407,9.286831,9.390537,9.200333,9.321407,9.338692,9.442345,9.511379,9.476868,9.286831,9.217640,9.252239,9.304119,9.286831,9.165710,9.165710,9.304119,9.476868,9.442345,9.373260,9.304119,9.183022,9.217640,9.061775,8.957737,9.061775,8.940388,9.044441,9.183022,9.079109,9.131081,9.096436,8.940388,8.905678,8.870953,8.940388,9.079109,8.836220,8.784096,9.217640,9.649315,9.873051,9.752644,9.165710,8.975086,8.940388,8.923035,8.888317,9.165710,9.286831,9.200333,8.992432,9.009773,9.061775,8.957737,9.061775,9.200333,9.632080,10.147728,10.182007,10.044807,9.735428,9.511379,9.614849,9.563126,9.683773,9.769852,9.769852,9.855862,9.821461,9.873051,9.907425,9.958965,9.993317,9.976139,9.890244,9.873051,9.821461,9.838661,9.804260,9.632080,9.511379,9.614849,9.855862,10.010487,9.976139,9.700993,9.476868,9.632080,9.597610,9.476868,9.597610,9.459610,9.390537,9.286831,9.269539,9.269539,9.355976,9.476868,9.373260,9.390537,9.286831,9.304119,9.252239,9.183022,9.148392,9.165710,9.096436,8.923035,8.992432,8.992432,8.905678,8.801476,8.784096,8.766716,8.627563,8.697163,8.818848,9.890244,10.061974,10.113426,9.632080,9.390537,9.373260,9.373260,9.321407,9.321407,9.373260,9.286831,9.373260,9.269539,9.459610,9.286831,9.286831,9.373260,9.459610,9.580376,9.614849,9.614849,9.700993,9.752644,9.769852,9.649315,9.718216,9.632080,9.752644,9.666546,9.718216,9.649315,9.614849,9.614849,9.752644,9.890244,9.993317,10.027649,10.096279,10.147728,10.079128,9.873051,9.649315,9.632080,9.511379,9.545887,9.563126,9.563126,9.632080,9.632080,9.459610,9.632080,9.511379,9.614849,9.528633,9.459610,9.459610,10.216270,10.164867,10.147728,9.683773,9.528633,9.476868,9.459610,9.563126,9.545887,9.494129,9.528633,9.494129,9.494129,9.580376,9.511379,9.545887,9.666546,9.614849,9.563126,9.528633,9.545887,9.580376,9.614849,9.597610,9.511379,9.494129,9.459610,9.459610,9.425079,9.425079,9.442345,9.459610,9.476868,9.614849,10.199139,10.267654,10.027649,9.735428,9.390537,9.286831,9.096436,9.200333,9.234943,9.183022,9.390537,9.459610,9.580376,9.563126,9.425079,9.407806,9.494129,9.459610,9.545887,9.442345,9.390537,9.321407,9.269539,9.252239,9.286831,9.165710,9.234943,9.165710,9.061775,9.027115,8.992432,8.992432,9.113758,9.252239,9.165710,9.096436,8.975086,8.975086,8.905678,8.801476,8.784096,8.853588,8.888317,8.923035,9.044441,9.113758,9.425079,9.958965,9.958965,9.873051,9.666546,9.528633,9.407806,9.113758,9.113758,8.975086,9.044441,9.131081,9.044441,9.200333,9.252239,9.355976,9.511379,9.735428,9.873051,10.096279,10.113426,10.096279,9.941792,9.890244,10.044807,9.993317,10.079128,10.113426,10.130581,9.976139,10.010487,10.096279,10.010487,10.027649,10.044807,10.147728,10.319000,10.250530,10.233398,10.027649,9.993317,9.838661,9.787056,9.718216,9.787056,9.873051,9.804260,9.787056,9.700993,9.683773,9.769852,9.804260,9.993317,10.267654,10.370338,10.079128,9.993317,9.718216,9.735428,9.580376,9.735428,9.649315,9.752644,9.787056,9.804260,9.890244,9.873051,9.855862,9.907425,9.735428,9.683773,9.632080,9.614849,9.494129,9.614849,9.494129,9.528633,9.476868,9.545887,9.459610,9.476868,9.442345,9.476868,9.355976,9.459610,9.476868,9.683773,10.044807,9.941792,10.010487,10.044807,9.838661,9.769852,9.735428,9.821461,9.924606,9.804260,9.804260,9.907425,9.890244,9.993317,10.027649,10.096279,10.044807,10.079128,10.027649,10.010487,9.993317,9.993317,10.061974,10.079128,10.113426,10.079128,10.044807,9.907425,9.890244,9.873051,9.890244,9.907425,9.907425,9.924606,9.873051,9.958965,9.838661,9.804260,9.597610,9.545887,9.442345,9.355976,9.373260,
3.454159,3.399323,3.545483,3.545483,3.435883,3.545483,3.508965,3.545483,3.508965,3.417606,3.581997,3.508965,3.600243,3.837234,4.146374,4.309685,4.454651,4.599422,4.906425,5.014572,5.176598,5.374290,5.697014,6.000916,6.036610,5.965206,5.858009,5.661201,5.768597,5.607468,5.750706,5.911625,5.893753,5.893753,6.107971,6.250534,6.357342,6.321754,6.250534,6.143627,6.036610,5.911625,5.947346,6.000916,5.893753,5.929482,6.072296,6.214916,6.410706,6.481804,6.588379,6.499577,6.517342,6.464035,6.428486,6.339550,6.232731,6.143627,6.090134,5.983063,5.858009,5.858009,5.875885,5.840134,5.875885,5.983063,6.125797,6.286148,6.357342,6.286148,6.303955,6.214916,6.054455,6.072296,6.072296,6.054455,5.947346,5.840134,5.643291,5.571625,5.517838,5.571625,5.571625,5.607468,5.714912,5.875885,5.858009,5.929482,6.090134,6.125797,6.268349,6.268349,6.410706,6.570625,6.765751,6.872036,6.995895,7.207882,7.313717,7.331345,7.419441,7.419441,7.401833,7.489868,7.454662,7.525059,7.507469,7.542656,7.577831,7.753536,7.806187,7.911411,7.893879,7.753536,7.542656,7.454662,7.454662,7.525059,7.665718,7.858810,8.016525,8.156513,8.069046,8.034035,8.086544,8.139027,8.069046,8.034035,7.911411,7.823730,7.718422,7.630577,7.612995,7.612995,7.683289,7.577831,7.612995,7.700855,7.718422,7.823730,7.893879,7.928940,8.051544,8.016525,8.051544,8.139027,8.104042,8.156513,8.069046,8.121536,8.243912,8.331230,8.139027,8.331230,8.505650,8.679768,8.662369,8.749332,8.592743,8.418476,8.331230,8.174004,8.208961,8.383591,8.348686,8.418476,8.575333,8.557915,8.627563,8.697163,8.766716,8.679768,8.644970,8.662369,8.662369,8.714558,8.749332,8.784096,8.853588,8.853588,8.905678,8.888317,9.009773,9.027115,8.923035,8.923035,8.992432,8.923035,9.131081,9.286831,9.355976,9.304119,9.148392,9.286831,9.304119,9.183022,9.096436,9.217640,9.183022,9.252239,9.217640,9.252239,9.286831,9.390537,9.476868,9.718216,9.614849,9.597610,9.545887,9.563126,9.718216,9.752644,9.666546,9.614849,9.683773,9.683773,9.494129,9.373260,9.321407,9.286831,9.217640,9.286831,9.269539,9.252239,9.304119,9.131081,9.079109,9.113758,8.975086,9.061775,9.079109,9.009773,8.975086,9.009773,8.975086,8.888317,8.957737,9.165710,9.683773,9.941792,9.976139,9.632080,9.148392,9.061775,8.975086,9.009773,8.940388,9.044441,8.940388,9.009773,8.992432,9.044441,9.027115,8.992432,9.027115,9.027115,9.148392,9.148392,9.200333,9.217640,9.061775,9.165710,9.096436,9.217640,9.252239,9.286831,9.165710,9.148392,9.200333,9.269539,9.373260,9.252239,9.407806,9.890244,9.924606,9.718216,9.321407,9.269539,9.131081,9.148392,9.131081,9.304119,9.200333,9.286831,9.217640,9.304119,9.252239,9.338692,9.321407,9.183022,9.200333,9.131081,8.992432,9.148392,9.183022,9.304119,9.855862,9.821461,9.666546,9.096436,9.079109,9.044441,9.061775,9.009773,9.131081,9.079109,8.975086,8.992432,8.975086,8.836220,8.940388,8.905678,9.009773,9.234943,10.061974,9.958965,9.597610,8.923035,8.784096,8.731949,8.749332,8.784096,8.905678,8.870953,8.905678,8.992432,8.957737,9.096436,9.183022,9.165710,9.148392,9.183022,9.148392,9.425079,9.373260,9.252239,9.131081,9.113758,9.148392,9.165710,9.304119,9.338692,9.425079,9.649315,9.683773,9.700993,9.683773,9.873051,9.941792,10.027649,9.907425,9.752644,9.821461,9.873051,9.666546,9.718216,9.752644,9.718216,9.752644,9.683773,9.666546,9.632080,9.476868,9.321407,9.321407,9.390537,9.321407,9.286831,9.148392,9.165710,9.165710,8.923035,8.975086,9.165710,9.838661,10.130581,10.010487,9.752644,9.476868,9.407806,9.442345,9.425079,9.407806,9.355976,9.355976,9.407806,9.390537,9.373260,9.304119,9.407806,9.476868,9.442345,9.425079,9.459610,9.425079,9.459610,9.511379,9.563126,9.459610,9.528633,9.494129,9.476868,9.476868,9.390537,9.425079,9.252239,9.286831,9.338692,9.787056,10.130581,10.216270,10.182007,10.336117,9.941792,9.614849,9.563126,9.545887,9.632080,9.718216,9.718216,9.787056,9.838661,9.804260,9.735428,9.821461,9.804260,9.580376,9.649315,9.700993,9.838661,10.044807,10.044807,9.873051,9.804260,9.787056,9.700993,9.821461,9.838661,9.838661,9.649315,9.735428,9.787056,9.787056,9.735428,9.873051,9.976139,10.130581,10.079128,9.993317,9.976139,9.958965,9.855862,9.821461,9.855862,9.752644,9.580376,9.597610,9.632080,9.614849,9.563126,9.459610,9.407806,9.442345,9.666546,10.301891,10.387436,10.010487,9.407806,8.992432,8.923035,9.009773,9.079109,9.044441,9.183022,9.131081,9.234943,9.373260,9.442345,9.373260,9.355976,9.373260,9.304119,9.269539,9.269539,9.269539,9.269539,9.321407,9.338692,9.183022,9.234943,9.234943,9.217640,9.113758,9.131081,9.217640,9.286831,9.373260,9.649315,9.718216,9.614849,9.545887,9.269539,9.027115,8.940388,8.888317,8.853588,9.079109,9.183022,9.304119,9.459610,9.666546,9.924606,10.044807,9.821461,9.666546,9.459610,9.321407,9.165710,8.992432,8.975086,9.061775,9.148392,9.079109,9.061775,9.079109,9.096436,9.390537,9.563126,9.459610,9.494129,9.614849,9.632080,9.666546,9.752644,9.890244,9.855862,9.787056,9.787056,9.407806,9.442345,9.528633,9.390537,9.459610,9.563126,9.787056,10.027649,10.336117,10.319000,10.319000,9.993317,9.993317,9.941792,9.787056,9.804260,9.873051,9.804260,9.855862,9.787056,9.752644,9.873051,9.821461,9.907425,10.010487,10.079128,10.044807,10.113426,10.044807,10.027649,9.993317,9.958965,10.044807,10.010487,10.096279,10.182007,10.336117,10.353233,10.301891,10.267654,10.147728,10.199139,10.164867,10.113426,10.061974,9.804260,9.769852,9.614849,9.597610,9.528633,9.476868,9.459610,9.459610,9.425079,9.373260,9.528633,9.528633,9.563126,9.614849,10.010487,10.079128,10.044807,9.924606,9.821461,9.718216,9.752644,9.787056,9.563126,9.597610,9.666546,9.632080,9.666546,9.769852,9.752644,9.838661,9.787056,9.769852,9.890244,9.890244,9.941792,9.993317,10.027649,10.079128,10.079128,10.044807,9.958965,10.010487,10.096279,10.061974,10.096279,10.250530,10.301891,10.267654,10.250530,10.267654,10.233398,9.976139,9.958965,9.700993,9.683773,9.632080,9.528633,
3.472427,3.472427,3.399323,3.417606,3.490696,3.417606,3.381042,3.490696,3.508965,3.435883,3.545483,3.563744,3.454159,3.654976,3.618496,3.709686,3.764370,3.982819,4.273415,4.472755,4.725941,5.086613,5.571625,5.697014,5.714912,5.607468,5.553699,5.589546,5.661201,5.750706,5.768597,5.840134,5.983063,6.072296,6.250534,6.143627,6.072296,6.125797,6.143627,6.054455,6.000916,6.125797,6.036610,6.054455,6.000916,6.161457,6.321754,6.499577,6.535103,6.517342,6.464035,6.428486,6.286148,6.250534,6.161457,6.161457,6.161457,6.143627,6.072296,6.054455,6.018761,5.911625,5.911625,5.929482,6.107971,6.232731,6.321754,6.303955,6.321754,6.161457,6.018761,5.947346,5.840134,5.786484,5.858009,5.893753,5.804367,5.697014,5.679108,5.589546,5.625381,5.535770,5.714912,5.911625,5.983063,6.125797,6.161457,6.161457,6.446259,6.499577,6.552864,6.694839,6.836617,6.978207,7.119606,7.243172,7.296085,7.366592,7.472267,7.472267,7.472267,7.472267,7.366592,7.401833,7.437057,7.401833,7.348972,7.525059,7.700855,7.788635,7.928940,7.981499,7.963982,7.683289,7.419441,7.278450,7.331345,7.437057,7.595413,7.665718,7.735977,7.999016,8.139027,8.156513,8.139027,8.208961,8.086544,8.069046,7.823730,7.735977,7.665718,7.577831,7.489868,7.419441,7.348972,7.331345,7.278450,7.331345,7.419441,7.612995,7.648148,7.753536,7.876347,7.928940,7.911411,7.911411,8.016525,7.981499,8.034035,8.086544,8.348686,8.366138,8.366138,8.383591,8.453358,8.470791,8.505650,8.575333,8.627563,8.470791,8.470791,8.470791,8.505650,8.610161,8.610161,8.679768,8.731949,8.818848,8.818848,8.957737,8.975086,8.836220,8.766716,8.870953,8.975086,8.888317,8.870953,8.888317,9.061775,9.009773,9.061775,9.009773,9.131081,9.217640,9.269539,9.252239,9.217640,9.252239,9.528633,9.597610,9.580376,9.476868,9.269539,9.165710,9.165710,9.079109,8.992432,9.096436,9.079109,9.148392,9.234943,9.200333,9.269539,9.234943,9.304119,9.269539,9.528633,9.511379,9.545887,9.700993,9.752644,9.735428,9.476868,9.425079,9.476868,9.494129,9.528633,9.442345,9.390537,9.373260,9.338692,9.373260,9.425079,9.735428,9.855862,9.735428,9.390537,9.390537,9.304119,9.338692,9.373260,9.390537,9.338692,9.390537,9.390537,9.252239,9.442345,9.563126,9.700993,9.941792,9.941792,9.563126,9.321407,9.269539,9.286831,9.217640,9.165710,9.148392,9.131081,9.148392,9.113758,9.183022,9.165710,9.079109,9.027115,9.148392,9.113758,9.165710,9.165710,9.200333,9.183022,9.217640,9.183022,9.165710,9.217640,9.183022,9.183022,9.183022,9.183022,9.269539,9.286831,9.286831,9.442345,9.941792,10.079128,9.700993,9.113758,8.923035,8.992432,8.853588,8.888317,8.836220,8.801476,9.009773,9.044441,9.044441,9.096436,9.079109,9.044441,9.113758,9.148392,9.165710,9.217640,9.217640,9.252239,9.234943,9.269539,9.338692,9.304119,9.234943,9.321407,9.234943,9.148392,9.252239,9.217640,9.338692,9.407806,9.459610,9.355976,9.304119,9.079109,9.131081,9.061775,9.217640,9.804260,9.804260,9.494129,8.923035,8.923035,8.940388,8.905678,8.818848,8.888317,8.905678,8.957737,8.888317,8.957737,8.888317,8.957737,8.870953,8.923035,8.940388,8.992432,9.217640,9.165710,8.975086,8.836220,8.853588,8.923035,8.957737,8.957737,8.940388,8.957737,8.940388,9.131081,9.286831,9.217640,9.563126,9.941792,10.079128,9.821461,9.252239,9.252239,9.217640,9.269539,9.269539,9.269539,9.286831,9.321407,9.494129,9.459610,9.442345,9.407806,9.373260,9.718216,9.976139,9.958965,9.873051,9.735428,9.614849,9.442345,9.528633,9.511379,9.700993,10.061974,9.976139,9.941792,9.941792,9.993317,9.941792,9.855862,10.079128,9.958965,10.113426,10.027649,9.976139,10.061974,9.993317,9.907425,9.890244,9.855862,9.787056,9.787056,9.632080,9.597610,9.528633,9.614849,9.597610,9.476868,9.494129,9.528633,9.425079,9.321407,9.425079,9.321407,9.355976,9.338692,9.373260,9.804260,10.147728,10.301891,10.182007,10.216270,10.061974,9.304119,9.252239,9.234943,9.304119,9.338692,9.390537,9.545887,9.459610,9.511379,9.442345,9.459610,9.511379,9.597610,9.494129,9.407806,9.545887,9.545887,9.528633,9.666546,9.787056,9.787056,9.769852,9.838661,9.924606,9.787056,9.855862,9.855862,9.941792,9.993317,10.147728,10.336117,10.489990,10.728870,10.575371,10.455822,10.353233,10.130581,10.164867,10.216270,10.267654,10.044807,9.941792,9.924606,10.079128,10.010487,9.976139,9.907425,9.838661,9.769852,9.976139,10.301891,10.284771,9.941792,9.373260,8.957737,9.009773,9.113758,9.252239,9.269539,9.355976,9.304119,9.355976,9.459610,9.407806,9.407806,9.373260,9.200333,9.165710,9.200333,9.183022,9.131081,9.061775,9.096436,9.079109,9.061775,9.096436,9.113758,9.131081,9.131081,9.113758,9.131081,9.131081,9.234943,9.752644,9.804260,9.873051,9.459610,9.131081,8.957737,9.009773,8.940388,9.027115,8.975086,9.009773,9.165710,9.338692,9.355976,9.528633,9.649315,9.597610,9.494129,9.390537,9.321407,9.217640,9.148392,9.217640,9.286831,9.286831,9.217640,9.217640,9.355976,9.390537,9.563126,9.597610,9.563126,9.580376,9.580376,9.666546,9.666546,9.735428,9.700993,9.769852,9.752644,9.511379,9.373260,9.390537,9.200333,9.286831,9.252239,9.442345,9.632080,10.199139,10.353233,10.284771,10.061974,9.838661,9.632080,9.614849,9.597610,9.563126,9.580376,9.666546,9.442345,9.666546,9.700993,9.597610,9.718216,9.735428,9.769852,9.718216,9.735428,9.752644,9.752644,9.838661,9.907425,9.941792,9.941792,9.890244,10.010487,9.976139,10.096279,10.096279,10.164867,10.164867,10.113426,10.370338,10.472908,10.438725,10.370338,10.147728,10.010487,9.700993,9.666546,9.700993,9.683773,9.580376,9.632080,9.580376,9.666546,9.528633,9.580376,9.563126,9.718216,10.044807,10.079128,10.096279,10.044807,10.027649,9.787056,9.735428,9.718216,9.752644,9.632080,9.632080,9.580376,9.683773,9.666546,9.787056,9.752644,9.787056,9.821461,9.838661,9.873051,9.907425,9.804260,9.838661,9.769852,9.769852,9.787056,9.769852,9.855862,9.855862,9.907425,9.976139,9.993317,10.061974,10.130581,10.199139,10.233398,9.993317,9.752644,9.563126,9.338692,9.321407,9.511379,9.511379,
3.399323,3.454159,3.417606,3.417606,3.417606,3.362751,3.344467,3.454159,3.435883,3.435883,3.399323,3.472427,3.454159,3.508965,3.490696,3.600243,3.581997,3.545483,3.563744,3.819023,3.964630,4.128212,4.617508,4.888393,5.050598,5.176598,5.302444,5.374290,5.499908,5.571625,5.714912,5.965206,6.090134,6.143627,6.000916,5.947346,5.893753,5.929482,5.929482,5.840134,6.036610,6.072296,6.125797,6.143627,6.232731,6.446259,6.446259,6.464035,6.321754,6.214916,6.072296,6.036610,5.929482,6.000916,5.965206,5.929482,5.947346,6.090134,6.125797,6.179276,6.197094,6.107971,6.125797,6.161457,6.286148,6.232731,6.214916,6.090134,5.840134,5.858009,5.714912,5.679108,5.625381,5.571625,5.589546,5.661201,5.625381,5.643291,5.697014,5.822250,5.929482,5.840134,5.947346,6.179276,6.214916,6.392914,6.517342,6.570625,6.694839,6.854328,6.872036,6.995895,7.048931,7.172585,7.243172,7.331345,7.384212,7.401833,7.437057,7.489868,7.507469,7.507469,7.225533,7.225533,7.278450,7.472267,7.507469,7.560242,7.718422,7.753536,7.788635,7.648148,7.525059,7.472267,7.384212,7.331345,7.278450,7.243172,7.313717,7.507469,7.753536,7.718422,7.893879,8.034035,8.174004,8.069046,8.156513,8.104042,7.876347,7.735977,7.577831,7.507469,7.331345,7.260815,7.225533,7.154926,7.190231,7.172585,7.331345,7.437057,7.525059,7.560242,7.577831,7.665718,7.525059,7.665718,7.718422,7.665718,7.612995,7.718422,7.963982,8.086544,7.946465,8.086544,8.121536,8.069046,8.174004,8.121536,8.034035,8.156513,8.139027,8.366138,8.453358,8.523075,8.644970,8.801476,8.801476,8.905678,8.957737,9.096436,9.131081,9.131081,9.269539,9.200333,9.148392,9.096436,9.061775,9.183022,9.183022,9.217640,9.217640,9.355976,9.476868,9.459610,9.700993,9.632080,9.580376,9.666546,9.821461,9.873051,9.890244,9.907425,9.563126,9.373260,9.355976,9.304119,9.286831,9.200333,9.217640,9.131081,9.217640,9.217640,9.165710,9.286831,9.304119,9.442345,9.476868,9.597610,9.649315,9.632080,9.614849,9.666546,9.614849,9.597610,9.563126,9.321407,9.304119,9.304119,9.304119,9.217640,9.113758,9.165710,9.338692,9.752644,10.233398,10.113426,9.545887,9.286831,9.252239,9.286831,9.252239,9.338692,9.252239,9.338692,9.269539,9.338692,9.338692,9.321407,9.425079,9.545887,9.614849,9.476868,9.373260,9.390537,9.355976,9.252239,9.338692,9.355976,9.355976,9.321407,9.459610,9.476868,9.442345,9.425079,9.459610,9.528633,9.597610,9.700993,9.804260,9.804260,9.752644,9.649315,9.666546,9.666546,9.649315,9.632080,9.563126,9.649315,9.545887,9.735428,9.476868,9.580376,9.769852,10.130581,10.113426,9.855862,9.061775,8.923035,8.905678,8.870953,8.784096,8.888317,8.870953,8.888317,8.836220,8.940388,8.957737,8.992432,8.957737,8.923035,8.923035,8.992432,8.975086,8.940388,8.923035,8.801476,8.836220,9.044441,9.027115,9.183022,9.252239,9.079109,9.131081,9.113758,9.079109,9.148392,9.373260,9.838661,9.700993,9.545887,9.252239,9.183022,9.148392,9.217640,9.390537,9.511379,9.338692,9.269539,9.252239,9.252239,9.096436,8.975086,8.957737,9.027115,9.027115,9.061775,9.200333,9.200333,9.217640,9.061775,8.992432,9.044441,9.148392,9.217640,9.183022,9.027115,8.870953,8.905678,8.992432,9.165710,9.252239,9.148392,9.131081,9.165710,9.200333,9.165710,9.286831,9.597610,9.907425,10.044807,9.425079,8.940388,8.818848,8.853588,8.836220,8.801476,8.818848,8.784096,8.818848,8.801476,8.818848,8.905678,8.818848,8.992432,9.545887,9.958965,10.044807,9.821461,9.442345,9.131081,9.131081,9.027115,9.131081,9.113758,9.338692,9.269539,9.459610,9.528633,9.752644,9.804260,9.804260,9.838661,9.718216,9.924606,9.907425,9.873051,9.907425,9.855862,9.873051,9.958965,10.010487,10.096279,10.079128,10.113426,10.061974,9.993317,10.061974,10.079128,9.993317,10.044807,9.976139,9.855862,9.769852,9.769852,9.718216,9.563126,9.632080,9.718216,10.147728,10.233398,10.233398,10.079128,9.821461,9.580376,9.390537,9.425079,9.373260,9.407806,9.321407,9.338692,9.355976,9.425079,9.321407,9.355976,9.321407,9.321407,9.355976,9.476868,9.442345,9.373260,9.459610,9.476868,9.528633,9.563126,9.597610,9.528633,9.459610,9.494129,9.511379,9.563126,9.494129,9.597610,9.735428,10.164867,10.558300,10.626560,10.797012,10.609497,10.130581,9.924606,9.821461,9.873051,9.873051,9.958965,9.976139,9.941792,9.993317,9.855862,10.010487,9.941792,10.010487,9.924606,9.890244,9.976139,10.044807,10.027649,10.010487,9.683773,9.545887,9.580376,9.666546,9.580376,9.614849,9.666546,9.614849,9.649315,9.614849,9.735428,9.735428,9.597610,9.563126,9.425079,9.355976,9.183022,9.148392,9.131081,9.009773,9.148392,9.096436,9.165710,8.992432,9.096436,9.079109,9.096436,9.113758,9.113758,9.338692,9.735428,9.855862,9.735428,9.113758,8.731949,8.766716,8.836220,8.870953,8.853588,8.784096,8.784096,8.905678,8.957737,9.079109,9.061775,9.096436,9.096436,9.131081,9.200333,9.165710,9.096436,9.079109,9.096436,9.131081,9.183022,9.286831,9.304119,9.425079,9.511379,9.580376,9.614849,9.666546,9.683773,9.787056,9.873051,9.907425,10.010487,9.907425,9.993317,9.804260,9.683773,9.563126,9.580376,9.545887,9.563126,9.511379,9.580376,9.821461,10.233398,10.216270,10.061974,9.804260,9.580376,9.545887,9.580376,9.580376,9.597610,9.614849,9.597610,9.614849,9.614849,9.632080,9.666546,9.666546,9.649315,9.632080,9.614849,9.528633,9.442345,9.563126,9.545887,9.580376,9.614849,9.614849,9.442345,9.545887,9.649315,9.666546,9.752644,9.614849,9.769852,9.855862,10.216270,10.319000,10.284771,10.027649,9.907425,9.683773,9.700993,9.718216,9.700993,9.649315,9.666546,9.666546,9.580376,9.632080,9.597610,9.804260,9.804260,9.821461,9.924606,9.993317,9.993317,9.993317,9.993317,9.838661,9.735428,9.666546,9.718216,9.666546,9.735428,9.735428,9.718216,9.735428,9.718216,9.890244,9.907425,9.855862,9.821461,9.769852,9.735428,9.752644,9.718216,9.666546,9.752644,9.752644,9.821461,9.855862,9.855862,9.976139,9.907425,9.958965,9.976139,9.993317,10.216270,10.130581,9.993317,9.511379,9.373260,9.338692,9.269539,9.321407,9.355976,
3.472427,3.362751,3.417606,3.399323,3.399323,3.381042,3.399323,3.326176,3.362751,3.381042,3.417606,3.399323,3.472427,3.381042,3.472427,3.417606,3.545483,3.563744,3.563744,3.527222,3.563744,3.764370,3.746143,4.073711,4.182686,4.508957,4.762062,4.888393,5.140610,5.320412,5.607468,5.697014,5.714912,5.679108,5.768597,5.750706,5.714912,5.679108,5.804367,5.858009,5.875885,6.107971,6.268349,6.357342,6.339550,6.321754,6.232731,6.179276,5.983063,5.893753,5.947346,5.947346,6.000916,5.947346,5.858009,6.018761,6.018761,5.983063,6.179276,6.339550,6.286148,6.214916,6.214916,6.232731,6.161457,6.018761,5.858009,5.732807,5.679108,5.697014,5.607468,5.607468,5.535770,5.499908,5.589546,5.679108,5.786484,5.893753,6.090134,6.090134,6.179276,6.286148,6.357342,6.392914,6.552864,6.730297,6.783474,6.978207,6.978207,6.978207,7.048931,7.066605,7.066605,7.172585,7.278450,7.331345,7.366592,7.296085,7.419441,7.472267,7.401833,7.313717,7.384212,7.366592,7.454662,7.507469,7.665718,7.683289,7.630577,7.560242,7.525059,7.472267,7.437057,7.489868,7.454662,7.384212,7.348972,7.384212,7.489868,7.648148,7.771088,7.771088,7.893879,7.928940,8.016525,8.121536,8.191483,8.174004,8.121536,7.928940,7.963982,7.771088,7.525059,7.577831,7.348972,7.225533,7.154926,7.278450,7.366592,7.489868,7.472267,7.525059,7.542656,7.577831,7.507469,7.489868,7.507469,7.507469,7.489868,7.542656,7.683289,7.771088,7.963982,7.928940,8.051544,8.086544,7.963982,7.981499,7.963982,8.051544,7.928940,8.139027,8.401035,8.523075,8.575333,8.784096,8.801476,8.784096,8.749332,8.784096,8.940388,9.200333,9.304119,9.200333,9.183022,9.096436,9.061775,9.131081,9.113758,9.165710,9.269539,9.321407,9.269539,9.390537,9.494129,9.459610,9.476868,9.511379,9.666546,9.838661,9.907425,10.010487,9.941792,9.804260,9.718216,9.735428,9.666546,9.683773,9.614849,9.614849,9.700993,9.718216,9.649315,9.752644,9.735428,9.718216,9.718216,9.752644,9.735428,9.649315,9.700993,9.804260,9.804260,9.752644,9.563126,9.545887,9.390537,9.355976,9.373260,9.286831,9.304119,9.286831,9.528633,9.873051,10.489990,10.472908,9.907425,9.545887,9.476868,9.355976,9.390537,9.355976,9.390537,9.390537,9.321407,9.355976,9.234943,9.079109,9.269539,9.200333,9.234943,9.217640,9.252239,9.269539,9.321407,9.269539,9.269539,9.269539,9.269539,9.200333,9.148392,9.113758,9.131081,9.165710,9.234943,9.425079,9.804260,10.079128,9.993317,9.958965,9.804260,9.838661,9.873051,9.941792,9.958965,9.941792,9.976139,9.821461,9.924606,9.924606,9.838661,10.010487,10.027649,10.233398,10.044807,10.079128,9.804260,9.649315,9.580376,9.580376,9.735428,9.597610,9.649315,9.735428,9.666546,9.649315,9.597610,9.494129,9.442345,9.304119,9.269539,9.252239,9.113758,9.044441,9.061775,9.027115,8.957737,9.131081,9.113758,9.131081,9.061775,9.131081,9.044441,8.905678,8.818848,8.836220,9.286831,9.787056,9.821461,9.459610,8.992432,8.853588,8.836220,8.801476,8.731949,8.749332,8.905678,9.044441,9.113758,9.113758,9.009773,9.009773,9.009773,8.905678,8.923035,8.992432,9.148392,9.200333,9.131081,9.148392,9.061775,9.165710,9.148392,9.113758,9.027115,9.044441,9.044441,9.131081,9.148392,9.476868,9.752644,9.855862,9.735428,9.580376,9.563126,9.442345,9.580376,9.769852,9.735428,9.821461,9.459610,8.992432,8.923035,8.992432,8.940388,8.905678,8.888317,8.853588,8.784096,8.766716,8.853588,8.731949,8.818848,8.975086,9.390537,9.855862,9.873051,9.804260,9.217640,8.992432,8.923035,8.836220,8.923035,8.992432,9.027115,9.096436,9.027115,9.131081,9.165710,9.113758,9.096436,9.131081,9.148392,9.269539,9.234943,9.217640,9.217640,9.200333,9.183022,9.200333,9.269539,9.304119,9.252239,9.407806,9.545887,9.769852,9.787056,9.855862,9.907425,10.164867,10.336117,10.079128,9.821461,9.787056,9.718216,9.890244,9.907425,9.907425,9.924606,9.890244,10.027649,9.941792,9.804260,9.700993,9.752644,9.821461,9.941792,9.976139,9.941792,9.804260,9.614849,9.597610,9.563126,9.683773,9.597610,9.597610,9.649315,9.787056,9.873051,9.958965,9.890244,9.873051,9.924606,9.821461,9.735428,9.718216,9.614849,9.632080,9.666546,9.597610,9.649315,9.752644,10.199139,10.592438,10.694775,10.677727,10.797012,10.541225,9.804260,9.442345,9.511379,9.511379,9.442345,9.649315,9.528633,9.511379,9.425079,9.442345,9.407806,9.286831,9.494129,9.390537,9.442345,9.528633,9.494129,9.563126,9.476868,9.511379,9.597610,9.545887,9.528633,9.632080,9.649315,9.614849,9.769852,9.718216,9.614849,9.632080,9.804260,9.924606,9.873051,9.941792,9.476868,9.286831,9.269539,9.355976,9.390537,9.373260,9.321407,9.286831,9.304119,9.252239,9.321407,9.425079,9.304119,9.390537,9.407806,9.718216,9.632080,9.476868,9.200333,9.200333,9.096436,9.027115,8.905678,8.888317,8.957737,8.957737,9.079109,9.113758,9.061775,9.061775,9.061775,9.061775,9.183022,9.044441,9.113758,9.009773,8.940388,9.009773,9.044441,8.992432,8.888317,9.027115,9.131081,9.183022,9.234943,9.442345,9.373260,9.407806,9.769852,10.027649,10.182007,10.113426,10.061974,9.821461,9.735428,9.649315,9.769852,9.752644,9.769852,9.787056,9.873051,9.821461,10.061974,10.027649,10.027649,9.907425,9.769852,9.787056,9.855862,9.752644,9.838661,9.735428,9.890244,9.787056,9.855862,9.787056,9.838661,9.907425,10.010487,9.890244,9.752644,9.735428,9.735428,9.683773,9.632080,9.563126,9.528633,9.563126,9.511379,9.545887,9.563126,9.580376,9.545887,9.614849,9.580376,9.718216,9.769852,10.267654,10.353233,10.319000,10.010487,9.649315,9.563126,9.563126,9.511379,9.563126,9.597610,9.545887,9.528633,9.494129,9.580376,9.735428,9.769852,9.752644,9.649315,9.666546,9.511379,9.666546,9.718216,9.769852,9.718216,9.700993,9.718216,9.855862,9.769852,9.821461,9.821461,9.787056,9.855862,9.873051,9.873051,10.096279,10.079128,10.027649,9.993317,9.941792,9.787056,9.752644,9.787056,9.769852,9.924606,9.787056,9.873051,9.855862,10.010487,9.873051,9.873051,9.838661,9.993317,10.079128,9.941792,9.890244,9.597610,9.355976,9.373260,9.407806,9.390537,9.355976,
3.454159,3.399323,3.326176,3.417606,3.326176,3.381042,3.307877,3.381042,3.344467,3.508965,3.508965,3.234665,3.490696,3.472427,3.454159,3.508965,3.435883,3.581997,3.508965,3.417606,3.545483,3.636738,3.581997,3.636738,3.654976,3.746143,3.910049,4.091881,4.327812,4.527058,4.635590,4.707874,4.852314,5.158604,5.284477,5.320412,5.517838,5.535770,5.679108,5.697014,5.947346,6.214916,6.161457,6.107971,6.000916,5.929482,5.929482,5.947346,5.911625,5.947346,5.965206,5.983063,5.965206,6.000916,6.000916,6.072296,6.179276,6.232731,6.214916,6.268349,6.161457,6.054455,5.911625,5.822250,5.786484,5.804367,5.625381,5.589546,5.625381,5.625381,5.553699,5.625381,5.768597,5.822250,5.965206,6.000916,6.197094,6.286148,6.410706,6.606125,6.765751,6.677101,6.801193,6.783474,6.925133,6.907440,7.066605,7.137272,7.031254,7.048931,7.084278,7.048931,7.013577,7.101940,7.137272,7.225533,7.260815,7.190231,7.225533,7.243172,7.331345,7.437057,7.401833,7.419441,7.507469,7.595413,7.648148,7.542656,7.489868,7.401833,7.454662,7.489868,7.472267,7.489868,7.560242,7.665718,7.630577,7.806187,7.753536,7.999016,7.946465,7.963982,7.963982,7.911411,7.823730,8.016525,7.981499,8.086544,8.139027,8.034035,8.121536,8.034035,7.876347,7.771088,7.683289,7.577831,7.401833,7.331345,7.331345,7.366592,7.331345,7.348972,7.313717,7.577831,7.472267,7.507469,7.542656,7.595413,7.507469,7.560242,7.718422,7.788635,7.946465,8.086544,8.104042,8.051544,8.016525,8.069046,8.034035,8.156513,8.208961,8.348686,8.557915,8.853588,8.940388,9.027115,9.061775,9.009773,8.870953,8.836220,9.027115,9.183022,9.355976,9.217640,9.044441,9.061775,9.027115,8.992432,8.957737,8.957737,9.079109,9.148392,9.286831,9.217640,9.044441,8.957737,9.044441,9.096436,9.338692,9.286831,9.528633,9.580376,9.632080,9.649315,9.666546,9.769852,9.752644,9.838661,9.907425,9.838661,9.855862,9.941792,9.924606,9.993317,10.130581,10.010487,10.079128,9.993317,10.010487,9.941792,10.027649,10.147728,10.079128,10.096279,10.096279,10.079128,9.993317,9.993317,9.976139,9.924606,9.873051,9.976139,10.182007,10.370338,10.779976,10.865101,10.284771,10.096279,9.924606,9.873051,9.924606,9.718216,9.958965,9.958965,9.958965,9.907425,9.787056,9.580376,9.494129,9.338692,9.321407,9.286831,9.373260,9.390537,9.511379,9.321407,9.217640,9.355976,9.165710,9.131081,9.148392,9.131081,9.165710,9.200333,9.200333,9.304119,9.976139,10.216270,10.164867,9.838661,9.752644,9.528633,9.580376,9.563126,9.528633,9.528633,9.597610,9.649315,9.718216,9.787056,9.873051,9.873051,9.855862,9.976139,10.027649,9.993317,10.061974,9.993317,10.130581,10.199139,10.182007,10.319000,10.319000,10.472908,10.370338,10.524147,10.438725,10.319000,10.182007,10.079128,9.976139,9.907425,9.821461,9.735428,9.597610,9.666546,9.563126,9.580376,9.459610,9.321407,9.304119,9.269539,9.304119,9.183022,9.148392,9.183022,9.476868,9.838661,10.027649,9.459610,8.888317,8.923035,8.784096,8.731949,8.731949,8.697163,8.905678,8.870953,8.818848,8.801476,8.714558,8.697163,8.749332,8.766716,8.836220,8.870953,8.957737,9.113758,9.148392,9.131081,9.113758,8.975086,9.061775,9.044441,9.061775,9.027115,9.096436,9.027115,9.200333,9.407806,10.113426,10.199139,10.061974,9.494129,9.390537,9.286831,9.425079,9.425079,9.649315,9.528633,9.373260,9.183022,9.200333,9.304119,9.286831,9.338692,9.390537,9.442345,9.459610,9.355976,9.321407,9.217640,9.269539,9.269539,9.614849,10.044807,10.027649,9.873051,9.666546,9.528633,9.407806,9.407806,9.321407,9.304119,9.407806,9.442345,9.425079,9.304119,9.304119,9.252239,9.269539,9.234943,9.269539,9.321407,9.304119,9.148392,9.131081,9.165710,9.113758,8.957737,9.096436,9.079109,9.027115,8.957737,9.096436,9.096436,9.252239,9.304119,9.683773,10.079128,10.182007,9.769852,9.355976,9.269539,9.269539,9.252239,9.304119,9.338692,9.321407,9.373260,9.425079,9.597610,9.545887,9.545887,9.528633,9.735428,10.199139,10.199139,10.267654,10.147728,9.907425,9.821461,9.907425,9.855862,9.890244,9.993317,10.044807,10.113426,10.216270,10.267654,10.301891,10.301891,10.387436,10.319000,10.164867,10.113426,9.993317,10.147728,10.216270,10.319000,10.079128,10.558300,10.711826,10.728870,10.660679,10.711826,10.762939,10.541225,9.907425,9.476868,9.597610,9.511379,9.476868,9.494129,9.494129,9.442345,9.442345,9.459610,9.425079,9.373260,9.425079,9.407806,9.390537,9.459610,9.442345,9.476868,9.390537,9.459610,9.511379,9.632080,9.597610,9.580376,9.511379,9.442345,9.459610,9.390537,9.217640,9.217640,9.563126,9.993317,10.079128,9.907425,9.373260,9.286831,9.355976,9.234943,9.286831,9.407806,9.321407,9.390537,9.321407,9.304119,9.286831,9.407806,9.355976,9.355976,9.355976,9.459610,9.390537,9.373260,9.390537,9.355976,9.217640,9.321407,9.321407,9.304119,9.286831,9.390537,9.476868,9.373260,9.286831,9.407806,9.304119,9.338692,9.442345,9.373260,9.286831,9.252239,9.096436,9.009773,8.957737,9.009773,8.975086,9.027115,9.009773,9.096436,9.096436,9.200333,9.183022,9.286831,9.666546,10.147728,10.147728,10.147728,9.769852,9.528633,9.494129,9.528633,9.666546,9.545887,9.666546,9.528633,9.425079,9.476868,9.425079,9.528633,9.666546,9.649315,9.666546,9.666546,9.597610,9.718216,9.804260,9.735428,9.821461,9.855862,9.855862,10.027649,9.993317,10.061974,10.130581,10.027649,10.027649,9.976139,9.976139,10.164867,9.993317,9.993317,9.873051,9.855862,9.838661,9.735428,9.614849,9.700993,9.649315,9.735428,9.769852,9.649315,9.958965,10.284771,10.301891,10.233398,9.941792,9.614849,9.580376,9.511379,9.563126,9.511379,9.545887,9.563126,9.597610,9.597610,9.614849,9.769852,9.649315,9.752644,9.632080,9.597610,9.632080,9.614849,9.700993,9.632080,9.511379,9.563126,9.666546,9.649315,9.769852,9.752644,9.769852,9.666546,9.666546,9.769852,9.769852,10.061974,10.182007,10.113426,9.804260,9.476868,9.459610,9.425079,9.528633,9.511379,9.614849,9.563126,9.769852,9.700993,9.838661,9.700993,9.769852,9.838661,9.907425,9.924606,9.838661,9.787056,9.769852,9.735428,9.614849,9.683773,9.649315,9.787056,
3.344467,3.307877,3.399323,3.326176,3.381042,3.307877,3.399323,3.381042,3.289577,3.454159,3.454159,3.381042,3.472427,3.435883,3.435883,3.454159,3.454159,3.527222,3.435883,3.362751,3.527222,3.454159,3.545483,3.527222,3.581997,3.563744,3.545483,3.527222,3.600243,3.727913,3.746143,3.891846,4.037365,4.182686,4.436539,4.762062,4.888393,5.158604,5.374290,5.714912,5.983063,6.107971,5.911625,5.875885,5.840134,5.697014,5.786484,5.858009,5.804367,5.893753,5.911625,5.929482,5.929482,6.107971,6.179276,6.197094,6.143627,6.107971,6.036610,5.947346,5.875885,5.804367,5.679108,5.697014,5.697014,5.553699,5.625381,5.553699,5.625381,5.750706,5.947346,6.018761,6.214916,6.303955,6.375134,6.481804,6.570625,6.552864,6.854328,6.854328,6.836617,6.925133,6.925133,6.889732,6.942829,6.960518,6.942829,7.031254,7.066605,7.013577,6.960518,6.995895,6.854328,6.995895,7.013577,7.048931,7.066605,7.066605,7.101940,7.084278,7.119606,7.260815,7.437057,7.437057,7.472267,7.577831,7.648148,7.472267,7.454662,7.454662,7.489868,7.489868,7.577831,7.700855,7.928940,7.946465,8.034035,8.086544,8.034035,8.139027,8.139027,8.139027,8.086544,8.086544,7.946465,7.858810,7.683289,7.823730,7.893879,7.963982,8.034035,7.981499,7.946465,7.928940,7.771088,7.753536,7.419441,7.225533,7.207882,6.995895,7.101940,7.066605,7.119606,7.225533,7.084278,7.278450,7.384212,7.437057,7.331345,7.401833,7.401833,7.560242,7.718422,7.771088,7.788635,7.928940,8.139027,8.226437,8.313774,8.348686,8.610161,8.784096,8.905678,9.009773,9.165710,9.183022,9.304119,9.373260,9.425079,9.286831,9.355976,9.442345,9.563126,9.425079,9.217640,9.113758,9.096436,9.009773,9.079109,9.079109,9.061775,9.183022,9.373260,9.425079,9.252239,9.217640,9.269539,9.321407,9.390537,9.286831,9.200333,9.165710,9.148392,9.096436,9.183022,9.113758,9.079109,9.200333,9.252239,9.338692,9.407806,9.494129,9.563126,9.804260,10.079128,10.096279,9.976139,9.718216,9.735428,9.683773,9.752644,9.804260,9.873051,9.958965,10.044807,10.096279,10.147728,10.199139,10.250530,10.216270,10.336117,10.507072,10.507072,10.660679,10.762939,10.694775,10.575371,10.541225,10.524147,10.609497,10.575371,10.677727,10.797012,10.728870,10.524147,10.541225,10.421631,10.336117,10.284771,10.199139,10.061974,10.079128,10.044807,10.061974,9.838661,9.769852,9.683773,9.649315,9.666546,9.580376,9.528633,9.580376,9.804260,9.718216,9.700993,9.855862,10.472908,10.592438,10.387436,9.958965,9.838661,9.649315,9.614849,9.632080,9.614849,9.683773,9.494129,9.580376,9.528633,9.597610,9.700993,9.821461,9.735428,9.838661,9.907425,9.890244,9.941792,9.958965,9.958965,10.182007,10.164867,10.250530,10.319000,10.319000,10.216270,10.421631,10.455822,10.301891,10.319000,10.130581,10.182007,10.130581,10.079128,9.941792,9.804260,9.718216,9.787056,9.787056,9.804260,9.787056,9.735428,9.838661,9.735428,9.666546,9.632080,9.752644,9.873051,9.976139,9.993317,9.649315,9.252239,9.252239,9.217640,9.027115,9.044441,9.027115,9.061775,8.992432,8.905678,8.905678,8.888317,8.923035,8.923035,8.992432,8.975086,9.044441,9.113758,9.217640,9.304119,9.234943,9.234943,9.355976,9.200333,9.165710,9.165710,9.183022,9.200333,9.269539,9.338692,9.632080,10.336117,10.404537,10.096279,9.355976,9.286831,9.165710,9.234943,9.252239,9.217640,9.321407,9.304119,9.252239,9.269539,9.355976,9.373260,9.355976,9.442345,9.390537,9.459610,9.494129,9.528633,9.511379,9.614849,9.632080,9.821461,9.890244,9.976139,9.941792,9.873051,9.838661,9.787056,9.735428,9.804260,9.838661,9.993317,10.044807,9.924606,9.700993,9.597610,9.632080,9.511379,9.563126,9.597610,9.614849,9.545887,9.580376,9.614849,9.545887,9.476868,9.390537,9.338692,9.373260,9.373260,9.286831,9.217640,9.252239,9.321407,9.407806,9.787056,10.164867,10.061974,9.700993,9.286831,9.217640,9.217640,9.269539,9.234943,9.200333,9.200333,9.252239,9.252239,9.252239,9.165710,9.217640,9.113758,9.269539,10.010487,10.044807,9.993317,9.597610,9.234943,9.286831,9.338692,9.476868,9.425079,9.494129,9.390537,9.580376,9.804260,9.907425,9.958965,9.855862,9.821461,9.907425,9.958965,9.993317,10.061974,10.027649,10.319000,10.284771,10.404537,10.421631,10.404537,10.455822,10.421631,10.489990,10.609497,10.438725,10.113426,9.941792,10.096279,10.010487,10.061974,10.010487,9.907425,9.769852,9.700993,9.614849,9.666546,9.632080,9.683773,9.614849,9.632080,9.649315,9.580376,9.700993,9.632080,9.614849,9.649315,9.700993,9.632080,9.614849,9.563126,9.580376,9.528633,9.321407,9.286831,9.269539,9.459610,9.924606,10.061974,9.632080,9.234943,9.200333,9.304119,9.338692,9.511379,9.511379,9.476868,9.407806,9.407806,9.476868,9.459610,9.355976,9.269539,9.304119,9.286831,9.373260,9.286831,9.269539,9.321407,9.321407,9.269539,9.286831,9.338692,9.355976,9.355976,9.338692,9.373260,9.390537,9.390537,9.425079,9.735428,9.838661,9.924606,9.769852,9.528633,9.511379,9.373260,9.494129,9.373260,9.338692,9.338692,9.355976,9.200333,9.217640,9.269539,9.304119,9.407806,9.407806,9.666546,9.907425,9.958965,9.855862,9.597610,9.494129,9.545887,9.528633,9.459610,9.476868,9.476868,9.476868,9.528633,9.407806,9.407806,9.390537,9.338692,9.442345,9.407806,9.425079,9.459610,9.425079,9.545887,9.545887,9.632080,9.614849,9.632080,9.632080,9.769852,9.993317,9.890244,9.838661,9.580376,9.614849,9.821461,10.182007,10.147728,10.096279,9.907425,9.976139,9.769852,9.804260,9.752644,9.821461,9.735428,9.890244,9.855862,9.873051,9.890244,9.993317,10.027649,9.976139,9.890244,9.614849,9.476868,9.700993,9.769852,9.666546,9.752644,9.769852,9.752644,9.666546,9.838661,9.873051,9.941792,9.924606,9.769852,9.804260,9.649315,9.700993,9.597610,9.632080,9.614849,9.735428,9.718216,9.683773,9.718216,9.718216,9.614849,9.597610,9.580376,9.752644,9.769852,10.164867,10.061974,9.958965,9.580376,9.355976,9.286831,9.373260,9.476868,9.304119,9.425079,9.476868,9.442345,9.407806,9.580376,9.597610,9.666546,9.632080,9.528633,9.614849,9.494129,9.511379,9.528633,9.580376,9.545887,9.476868,9.580376,9.545887,
3.326176,3.362751,3.307877,3.417606,3.271278,3.381042,3.362751,3.399323,3.307877,3.527222,3.454159,3.344467,3.362751,3.344467,3.435883,3.454159,3.344467,3.490696,3.490696,3.508965,3.508965,3.490696,3.527222,3.545483,3.508965,3.527222,3.527222,3.600243,3.508965,3.636738,3.563744,3.691456,3.636738,3.709686,3.837234,3.928246,4.291550,4.237133,4.653660,5.068611,5.392242,5.499908,5.571625,5.625381,5.571625,5.625381,5.786484,5.750706,5.822250,5.840134,5.947346,5.965206,6.143627,6.143627,6.125797,6.107971,5.929482,5.893753,5.768597,5.732807,5.625381,5.697014,5.679108,5.625381,5.661201,5.750706,5.840134,5.893753,6.161457,6.392914,6.606125,6.730297,6.730297,6.694839,6.818905,6.854328,6.854328,6.854328,6.942829,6.872036,6.942829,6.960518,6.942829,6.907440,6.925133,6.925133,6.836617,6.854328,6.872036,6.854328,6.765751,6.818905,6.818905,6.854328,6.925133,6.942829,6.995895,7.013577,6.925133,7.084278,7.137272,7.137272,7.384212,7.507469,7.472267,7.630577,7.735977,7.665718,7.630577,7.700855,7.841270,7.876347,7.981499,8.174004,8.174004,8.208961,8.261383,8.226437,8.156513,8.208961,8.174004,8.208961,8.226437,8.104042,7.963982,7.735977,7.577831,7.577831,7.542656,7.612995,7.718422,7.928940,7.928940,7.858810,7.806187,7.806187,7.630577,7.296085,7.101940,7.066605,7.013577,6.765751,6.730297,6.659363,6.818905,6.872036,6.995895,7.048931,6.995895,6.978207,7.137272,7.031254,7.172585,7.172585,7.278450,7.507469,7.612995,7.876347,7.981499,8.139027,8.505650,8.697163,8.818848,8.836220,8.940388,9.113758,9.131081,9.234943,9.425079,9.476868,9.528633,9.494129,9.459610,9.425079,9.476868,9.476868,9.425079,9.390537,9.355976,9.321407,9.355976,9.390537,9.563126,9.752644,9.804260,9.769852,9.838661,9.924606,9.890244,9.735428,9.683773,9.528633,9.442345,9.217640,9.131081,9.234943,9.131081,9.131081,9.079109,9.096436,9.113758,9.096436,9.183022,9.425079,9.855862,9.838661,9.890244,9.511379,9.286831,9.183022,9.252239,9.286831,9.286831,9.321407,9.459610,9.511379,9.459610,9.580376,9.649315,9.683773,9.683773,9.666546,9.735428,9.907425,10.079128,10.130581,10.250530,10.319000,10.319000,10.353233,10.353233,10.404537,10.438725,10.455822,10.472908,10.438725,10.507072,10.507072,10.524147,10.387436,10.421631,10.319000,10.284771,10.250530,10.301891,10.182007,10.096279,10.096279,10.044807,10.061974,10.147728,10.250530,10.404537,10.267654,10.507072,10.626560,10.660679,10.797012,10.643623,10.507072,10.438725,10.353233,10.353233,10.301891,10.216270,10.164867,10.096279,10.096279,10.079128,10.147728,10.182007,10.044807,10.027649,10.010487,10.096279,10.061974,10.027649,10.147728,10.284771,10.079128,10.164867,10.267654,10.182007,10.027649,9.993317,10.061974,9.890244,9.907425,9.735428,10.233398,10.267654,10.233398,10.147728,9.941792,9.787056,9.838661,9.752644,9.718216,9.683773,9.700993,9.718216,9.718216,9.700993,9.804260,9.804260,9.821461,9.873051,9.907425,9.855862,9.787056,9.511379,9.597610,9.649315,9.580376,9.494129,9.528633,9.425079,9.425079,9.355976,9.390537,9.407806,9.355976,9.286831,9.355976,9.528633,9.838661,9.873051,9.735428,9.787056,9.855862,9.804260,9.700993,9.787056,9.614849,9.563126,9.683773,9.718216,9.752644,9.855862,10.182007,10.524147,10.421631,10.233398,9.787056,9.511379,9.459610,9.476868,9.528633,9.563126,9.494129,9.563126,9.476868,9.528633,9.476868,9.563126,9.476868,9.442345,9.476868,9.407806,9.373260,9.338692,9.511379,9.528633,9.459610,9.476868,9.614849,9.632080,9.769852,9.735428,9.649315,9.597610,9.442345,9.407806,9.597610,10.147728,10.233398,10.027649,9.545887,9.390537,9.442345,9.390537,9.425079,9.666546,9.649315,9.614849,9.735428,9.700993,9.580376,9.563126,9.614849,9.614849,9.545887,9.666546,9.614849,9.528633,9.769852,9.735428,9.787056,9.873051,10.044807,9.890244,9.769852,9.425079,9.442345,9.442345,9.407806,9.373260,9.425079,9.459610,9.494129,9.390537,9.390537,9.286831,9.269539,9.252239,9.355976,10.027649,9.958965,9.873051,9.373260,9.131081,9.234943,9.165710,9.217640,9.269539,9.321407,9.304119,9.304119,9.425079,9.459610,9.321407,9.390537,9.286831,9.338692,9.355976,9.476868,9.528633,9.545887,9.735428,9.769852,9.787056,9.632080,9.718216,9.683773,9.752644,9.838661,9.804260,9.821461,9.873051,9.821461,10.147728,10.267654,10.404537,10.164867,9.855862,9.683773,9.649315,9.614849,9.718216,9.752644,9.735428,9.838661,9.907425,9.821461,9.838661,9.769852,9.958965,9.855862,10.027649,10.061974,10.061974,9.907425,9.804260,9.804260,9.563126,9.459610,9.442345,9.494129,9.649315,9.873051,9.890244,9.614849,9.373260,9.528633,9.718216,9.804260,9.838661,9.890244,9.838661,9.769852,9.821461,9.941792,9.821461,9.735428,9.614849,9.511379,9.511379,9.597610,9.580376,9.632080,9.632080,9.545887,9.494129,9.476868,9.459610,9.511379,9.390537,9.476868,9.476868,9.373260,9.338692,9.545887,9.941792,10.113426,10.044807,9.683773,9.286831,9.304119,9.321407,9.355976,9.286831,9.252239,9.217640,9.286831,9.338692,9.252239,9.252239,9.355976,9.407806,9.476868,9.563126,9.580376,9.614849,9.649315,9.597610,9.666546,9.649315,9.718216,9.666546,9.614849,9.683773,9.666546,9.580376,9.425079,9.373260,9.511379,9.563126,9.649315,9.614849,9.649315,9.459610,9.459610,9.580376,9.597610,9.511379,9.545887,9.614849,9.787056,9.855862,9.769852,9.563126,9.545887,9.511379,9.580376,9.718216,10.096279,10.113426,9.907425,9.787056,9.683773,9.563126,9.442345,9.528633,9.563126,9.718216,9.769852,9.545887,9.442345,9.545887,9.563126,9.511379,9.666546,9.683773,9.649315,9.769852,9.563126,9.442345,9.528633,9.528633,9.614849,9.769852,9.804260,9.890244,9.804260,9.821461,9.873051,9.769852,9.838661,9.924606,10.027649,10.027649,10.027649,9.855862,9.855862,9.804260,9.769852,9.787056,9.752644,9.666546,9.632080,9.649315,9.804260,9.924606,10.010487,10.044807,9.787056,9.373260,9.442345,9.304119,9.373260,9.321407,9.373260,9.286831,9.373260,9.425079,9.476868,9.459610,9.528633,9.407806,9.476868,9.390537,9.390537,9.286831,9.321407,9.390537,9.373260,9.217640,9.252239,9.269539,9.425079,
3.454159,3.454159,3.344467,3.344467,3.326176,3.362751,3.362751,3.362751,3.289577,3.362751,3.381042,3.362751,3.362751,3.399323,3.435883,3.527222,3.527222,3.472427,3.508965,3.490696,3.508965,3.618496,3.581997,3.472427,3.508965,3.454159,3.600243,3.508965,3.545483,3.563744,3.563744,3.581997,3.654976,3.691456,3.618496,3.654976,3.691456,3.636738,3.673222,4.073711,4.527058,4.725941,4.978535,5.140610,5.302444,5.410194,5.481972,5.625381,5.750706,5.858009,5.875885,5.840134,5.804367,5.768597,5.804367,5.875885,5.768597,5.750706,5.661201,5.679108,5.661201,5.553699,5.607468,5.858009,6.107971,6.250534,6.535103,6.765751,6.872036,6.960518,6.960518,6.925133,6.978207,6.889732,6.836617,6.889732,6.889732,6.942829,6.925133,6.889732,6.907440,6.872036,6.783474,6.730297,6.765751,6.641617,6.588379,6.641617,6.623875,6.677101,6.623875,6.499577,6.570625,6.641617,6.872036,6.995895,7.048931,7.172585,7.013577,7.084278,7.154926,7.366592,7.366592,7.419441,7.525059,7.753536,7.893879,8.121536,8.069046,8.139027,8.278851,8.278851,8.243912,8.278851,8.313774,8.278851,8.156513,8.174004,7.893879,7.911411,7.946465,7.823730,7.753536,7.718422,7.577831,7.437057,7.331345,7.313717,7.331345,7.331345,7.489868,7.630577,7.788635,7.893879,7.806187,7.771088,7.735977,7.560242,7.331345,7.137272,6.872036,6.765751,6.712570,6.659363,6.552864,6.748028,6.783474,6.712570,6.818905,6.818905,6.889732,7.048931,6.942829,7.066605,7.190231,7.384212,7.419441,7.612995,7.542656,7.665718,8.208961,8.610161,8.714558,8.488220,8.627563,8.644970,8.679768,8.853588,8.940388,8.992432,8.923035,8.992432,8.905678,8.888317,9.148392,9.269539,9.321407,9.304119,9.390537,9.407806,9.390537,9.614849,9.649315,9.649315,9.683773,9.838661,9.924606,9.958965,9.993317,9.993317,9.976139,9.924606,9.924606,9.683773,9.632080,9.597610,9.545887,9.459610,9.407806,9.390537,9.355976,9.321407,9.304119,9.373260,9.683773,9.787056,9.735428,9.390537,9.234943,9.148392,9.183022,9.321407,9.286831,9.321407,9.442345,9.407806,9.442345,9.494129,9.528633,9.476868,9.355976,9.304119,9.286831,9.528633,9.718216,9.718216,9.787056,9.804260,9.890244,9.907425,9.735428,9.649315,9.597610,9.545887,9.563126,9.632080,9.855862,10.199139,10.233398,10.199139,9.993317,9.700993,9.683773,9.649315,9.666546,9.545887,9.511379,9.683773,9.597610,9.718216,9.804260,9.890244,10.079128,10.199139,10.301891,10.421631,10.524147,10.660679,10.643623,10.643623,10.745911,10.660679,10.575371,10.592438,10.728870,10.677727,10.745911,10.762939,10.626560,10.728870,10.745911,10.711826,10.711826,10.660679,10.643623,10.711826,10.711826,10.643623,10.660679,10.660679,10.455822,10.387436,10.353233,10.233398,10.113426,10.061974,9.907425,9.924606,9.821461,10.284771,10.387436,10.353233,10.250530,10.113426,9.924606,9.838661,9.941792,9.890244,9.907425,9.855862,9.924606,9.890244,9.907425,9.924606,9.976139,10.079128,10.233398,10.130581,10.079128,9.787056,9.614849,9.666546,9.752644,9.718216,9.666546,9.545887,9.666546,9.597610,9.580376,9.597610,9.752644,9.700993,9.666546,9.700993,9.873051,10.319000,10.267654,10.027649,9.907425,9.958965,9.907425,9.890244,9.752644,9.890244,9.993317,10.044807,9.976139,10.130581,10.233398,10.387436,10.489990,10.524147,10.421631,10.301891,10.250530,10.301891,10.284771,10.336117,10.353233,10.319000,10.370338,10.404537,10.267654,10.182007,10.182007,10.079128,10.044807,9.993317,9.821461,9.838661,9.855862,9.752644,9.683773,9.649315,9.580376,9.649315,9.632080,9.649315,9.649315,9.632080,9.494129,9.494129,9.511379,9.597610,10.336117,10.524147,10.284771,9.459610,9.355976,9.338692,9.252239,9.148392,9.148392,9.200333,9.252239,9.338692,9.304119,9.234943,9.217640,9.269539,9.321407,9.528633,9.407806,9.321407,9.321407,9.355976,9.338692,9.269539,9.373260,9.407806,9.425079,9.286831,9.355976,9.476868,9.563126,9.580376,9.718216,9.752644,10.044807,10.010487,10.044807,9.821461,9.649315,9.683773,9.700993,9.769852,10.061974,10.113426,9.907425,9.563126,9.459610,9.511379,9.355976,9.494129,9.580376,9.528633,9.459610,9.511379,9.545887,9.511379,9.442345,9.511379,9.476868,9.390537,9.545887,9.494129,9.666546,9.597610,9.528633,9.632080,9.580376,9.580376,9.563126,9.494129,9.442345,9.355976,9.390537,9.390537,9.545887,9.511379,10.233398,10.267654,10.130581,9.976139,9.563126,9.390537,9.355976,9.304119,9.269539,9.304119,9.321407,9.442345,9.442345,9.528633,9.407806,9.442345,9.442345,9.511379,10.096279,10.233398,10.096279,9.787056,9.718216,9.700993,9.511379,9.425079,9.425079,9.442345,9.355976,9.545887,9.563126,9.373260,9.459610,9.545887,9.683773,9.821461,9.924606,9.855862,10.044807,10.096279,10.079128,10.061974,10.027649,9.855862,9.890244,9.787056,9.752644,9.735428,9.804260,9.941792,9.993317,10.027649,10.164867,10.130581,10.096279,10.199139,10.061974,10.044807,10.027649,9.873051,9.769852,10.027649,10.233398,10.370338,9.976139,9.563126,9.338692,9.269539,9.269539,9.286831,9.183022,9.131081,9.096436,9.113758,9.096436,9.079109,9.009773,8.957737,9.148392,9.113758,9.027115,9.148392,9.061775,9.165710,9.390537,9.269539,9.355976,9.425079,9.580376,9.511379,9.494129,9.442345,9.511379,9.442345,9.528633,9.597610,9.873051,10.027649,10.096279,9.890244,9.752644,9.683773,9.614849,9.666546,9.597610,9.649315,9.787056,9.873051,9.804260,9.855862,9.632080,9.580376,9.545887,9.511379,9.838661,10.061974,9.976139,9.976139,9.873051,9.597610,9.580376,9.580376,9.597610,9.597610,9.597610,9.459610,9.407806,9.390537,9.390537,9.407806,9.390537,9.373260,9.425079,9.321407,9.355976,9.373260,9.269539,9.321407,9.338692,9.338692,9.373260,9.425079,9.459610,9.476868,9.390537,9.390537,9.355976,9.528633,9.993317,10.079128,10.096279,9.787056,9.735428,9.476868,9.563126,9.511379,9.528633,9.459610,9.528633,9.718216,9.632080,9.666546,9.735428,9.769852,9.821461,9.735428,9.735428,9.735428,9.666546,9.735428,9.718216,9.563126,9.752644,9.666546,9.752644,9.632080,9.580376,9.476868,9.511379,9.442345,9.390537,9.373260,9.442345,9.373260,9.355976,9.286831,9.321407,9.234943,9.304119,9.165710,
3.399323,3.381042,3.381042,3.344467,3.344467,3.252968,3.344467,3.326176,3.435883,3.381042,3.399323,3.381042,3.399323,3.344467,3.271278,3.362751,3.417606,3.435883,3.399323,3.417606,3.472427,3.454159,3.545483,3.490696,3.545483,3.563744,3.563744,3.563744,3.636738,3.581997,3.600243,3.600243,3.600243,3.709686,3.563744,3.691456,3.709686,3.527222,3.472427,3.746143,4.037365,4.291550,4.436539,4.671738,4.834267,5.122616,5.428139,5.499908,5.625381,5.517838,5.571625,5.428139,5.481972,5.356339,5.481972,5.571625,5.535770,5.535770,5.499908,5.661201,5.804367,6.000916,6.161457,6.446259,6.783474,7.066605,7.225533,7.137272,7.119606,6.978207,6.995895,6.925133,6.889732,6.925133,6.836617,6.854328,6.872036,6.730297,6.765751,6.783474,6.783474,6.677101,6.659363,6.588379,6.588379,6.464035,6.552864,6.570625,6.552864,6.552864,6.535103,6.570625,6.606125,6.801193,6.889732,7.084278,7.331345,7.366592,7.384212,7.419441,7.472267,7.612995,7.753536,7.841270,7.963982,8.156513,8.174004,8.208961,8.261383,8.366138,8.331230,8.261383,8.226437,8.243912,8.226437,8.243912,8.051544,8.034035,7.823730,7.612995,7.507469,7.507469,7.419441,7.454662,7.401833,7.366592,7.260815,7.207882,7.313717,7.278450,7.348972,7.472267,7.577831,7.525059,7.718422,7.806187,7.788635,7.771088,7.665718,7.454662,7.331345,7.225533,6.995895,6.925133,6.889732,6.995895,6.907440,6.872036,6.978207,7.031254,7.101940,7.119606,7.154926,7.260815,7.313717,7.489868,7.472267,7.577831,7.665718,7.823730,8.034035,8.557915,8.610161,8.557915,8.679768,8.627563,8.766716,8.679768,8.749332,8.731949,8.731949,8.679768,8.523075,8.644970,8.662369,8.784096,8.731949,8.731949,8.853588,8.940388,8.975086,9.131081,9.148392,9.061775,9.061775,9.234943,9.286831,9.338692,9.390537,9.425079,9.614849,9.597610,9.528633,9.511379,9.752644,9.735428,9.545887,9.321407,9.338692,9.355976,9.304119,9.217640,9.304119,9.390537,9.442345,9.632080,9.476868,9.459610,9.545887,9.528633,9.511379,9.459610,9.407806,9.545887,9.563126,9.580376,9.580376,9.597610,9.666546,9.563126,9.442345,9.373260,9.442345,9.597610,9.735428,9.735428,9.666546,9.700993,9.804260,9.666546,9.545887,9.390537,9.252239,9.183022,9.148392,9.217640,9.425079,9.873051,9.993317,9.958965,9.528633,9.131081,9.044441,9.009773,9.061775,9.165710,9.148392,9.234943,9.183022,9.269539,9.425079,9.494129,9.442345,9.494129,9.632080,9.683773,9.666546,9.700993,9.769852,10.061974,10.182007,10.044807,9.855862,9.976139,10.096279,10.199139,10.250530,10.336117,10.336117,10.524147,10.643623,10.865101,10.831066,10.831066,10.779976,10.882126,10.865101,10.916145,10.865101,10.728870,10.660679,10.609497,10.524147,10.575371,10.558300,10.455822,10.216270,10.113426,10.199139,10.455822,10.489990,10.438725,10.387436,10.250530,10.182007,10.164867,10.164867,10.096279,10.130581,10.216270,10.216270,10.216270,10.199139,10.164867,10.233398,10.267654,10.438725,10.336117,10.182007,10.010487,9.821461,9.838661,9.890244,9.924606,9.941792,9.838661,9.958965,9.855862,9.941792,9.924606,9.993317,9.890244,9.907425,9.941792,10.319000,10.541225,10.558300,10.096279,9.924606,9.873051,9.924606,9.769852,9.804260,9.838661,10.010487,10.044807,9.976139,9.924606,9.993317,10.010487,10.182007,10.216270,10.319000,10.370338,10.387436,10.421631,10.455822,10.626560,10.609497,10.643623,10.677727,10.814041,10.728870,10.814041,10.728870,10.643623,10.541225,10.558300,10.387436,10.421631,10.438725,10.336117,10.404537,10.284771,10.164867,10.147728,10.301891,10.284771,10.284771,10.113426,10.147728,9.890244,9.958965,9.993317,10.524147,10.489990,10.267654,9.855862,9.735428,9.580376,9.494129,9.425079,9.407806,9.338692,9.442345,9.234943,9.286831,9.373260,9.338692,9.390537,9.442345,9.442345,9.442345,9.338692,9.286831,9.338692,9.252239,9.200333,9.217640,9.148392,9.113758,8.957737,9.096436,9.234943,9.200333,9.096436,9.252239,9.407806,10.027649,10.164867,10.113426,9.718216,9.614849,9.528633,9.614849,9.649315,9.769852,9.683773,9.614849,9.700993,9.632080,9.735428,9.649315,9.752644,9.838661,9.804260,9.718216,9.752644,9.804260,9.804260,9.700993,9.632080,9.632080,9.769852,9.838661,9.804260,9.890244,9.821461,9.769852,9.752644,9.718216,9.855862,9.769852,9.787056,9.752644,9.632080,9.649315,9.563126,9.511379,9.855862,10.353233,10.319000,10.250530,10.044807,9.614849,9.425079,9.373260,9.373260,9.355976,9.425079,9.425079,9.459610,9.494129,9.442345,9.338692,9.373260,9.390537,9.580376,10.096279,10.164867,9.941792,9.580376,9.545887,9.373260,9.407806,9.390537,9.373260,9.338692,9.286831,9.217640,9.286831,9.217640,9.131081,9.165710,9.200333,9.321407,9.304119,9.183022,9.390537,9.563126,9.597610,9.649315,9.614849,9.597610,9.545887,9.700993,9.666546,9.632080,9.597610,9.718216,9.821461,10.079128,10.284771,10.404537,10.370338,10.301891,10.284771,10.284771,10.130581,10.147728,10.130581,10.284771,10.233398,10.164867,10.027649,9.787056,9.563126,9.597610,9.580376,9.563126,9.597610,9.528633,9.476868,9.425079,9.269539,9.165710,9.252239,9.252239,9.234943,9.131081,8.923035,9.131081,9.131081,9.217640,9.200333,9.131081,9.096436,9.131081,9.079109,9.061775,9.061775,9.009773,8.992432,9.061775,9.113758,9.234943,9.787056,10.113426,10.061974,9.890244,9.614849,9.511379,9.511379,9.597610,9.580376,9.666546,9.718216,9.683773,9.683773,9.683773,9.597610,9.735428,9.769852,9.752644,9.804260,9.941792,9.907425,9.958965,9.804260,9.666546,9.873051,9.941792,9.993317,9.890244,9.941792,9.700993,9.718216,9.597610,9.580376,9.632080,9.563126,9.649315,9.632080,9.700993,9.735428,9.528633,9.425079,9.407806,9.355976,9.338692,9.511379,9.459610,9.321407,9.338692,9.355976,9.338692,9.304119,9.597610,9.993317,10.044807,9.924606,9.563126,9.321407,9.252239,9.183022,9.148392,9.252239,9.269539,9.425079,9.476868,9.390537,9.407806,9.407806,9.563126,9.545887,9.528633,9.494129,9.459610,9.580376,9.632080,9.649315,9.666546,9.580376,9.614849,9.683773,9.563126,9.597610,9.511379,9.494129,9.649315,9.700993,9.787056,9.787056,9.787056,9.752644,9.718216,9.580376,9.545887,9.459610,9.373260,
3.691456,3.472427,3.490696,3.344467,3.307877,3.381042,3.399323,3.362751,3.198040,3.252968,3.362751,3.307877,3.381042,3.490696,3.362751,3.472427,3.454159,3.527222,3.454159,3.454159,3.490696,3.527222,3.508965,3.490696,3.490696,3.490696,3.527222,3.563744,3.472427,3.545483,3.600243,3.600243,3.581997,3.490696,3.654976,3.600243,3.673222,3.490696,3.271278,3.654976,3.910049,4.110050,4.218987,4.273415,4.291550,4.527058,4.689812,4.888393,5.086613,5.014572,4.978535,5.050598,5.158604,5.086613,5.176598,5.122616,5.050598,5.050598,5.140610,5.571625,6.072296,6.517342,6.836617,7.013577,7.154926,7.313717,7.225533,7.190231,7.101940,7.048931,6.960518,6.889732,6.818905,6.694839,6.623875,6.552864,6.659363,6.659363,6.588379,6.552864,6.606125,6.535103,6.446259,6.392914,6.357342,6.499577,6.410706,6.517342,6.606125,6.570625,6.606125,6.694839,6.836617,6.889732,6.995895,7.066605,7.278450,7.437057,7.542656,7.788635,7.718422,7.963982,8.086544,8.226437,8.261383,8.226437,8.243912,8.243912,8.121536,8.261383,8.191483,8.069046,7.893879,7.946465,8.156513,8.034035,7.963982,7.806187,7.683289,7.454662,7.401833,7.384212,7.401833,7.331345,7.366592,7.296085,7.331345,7.260815,7.313717,7.366592,7.331345,7.454662,7.366592,7.384212,7.437057,7.542656,7.630577,7.718422,7.665718,7.648148,7.560242,7.437057,7.401833,7.472267,7.401833,7.260815,7.243172,7.190231,7.207882,7.313717,7.437057,7.419441,7.489868,7.454662,7.595413,7.753536,7.893879,7.928940,7.963982,8.086544,8.226437,8.575333,8.697163,8.627563,8.697163,8.697163,8.731949,8.836220,8.801476,8.870953,8.905678,8.714558,8.784096,8.644970,8.731949,8.697163,8.644970,8.697163,8.731949,8.610161,8.766716,9.009773,8.957737,8.905678,8.975086,9.061775,9.079109,9.079109,9.044441,9.131081,9.079109,9.165710,9.148392,9.217640,9.597610,9.528633,9.390537,9.217640,9.148392,9.044441,8.992432,8.975086,8.957737,8.940388,9.079109,9.148392,9.252239,9.390537,9.511379,9.597610,9.597610,9.407806,9.425079,9.338692,9.286831,9.355976,9.459610,9.494129,9.580376,9.580376,9.580376,9.666546,9.614849,9.666546,9.735428,9.907425,9.941792,9.821461,9.769852,9.735428,9.735428,9.683773,9.511379,9.355976,9.390537,9.425079,9.632080,9.907425,9.907425,9.787056,9.528633,9.148392,9.009773,9.096436,9.044441,9.200333,9.269539,9.234943,9.304119,9.286831,9.390537,9.355976,9.511379,9.494129,9.528633,9.373260,9.459610,9.563126,9.442345,9.545887,9.511379,9.511379,9.476868,9.511379,9.580376,9.614849,9.597610,9.752644,9.752644,9.700993,10.096279,10.438725,10.524147,10.164867,10.233398,10.284771,10.216270,10.199139,10.044807,9.890244,10.010487,10.130581,10.182007,10.284771,10.438725,10.421631,10.250530,10.319000,10.336117,10.438725,10.370338,10.301891,10.216270,10.164867,10.130581,10.147728,10.096279,10.164867,10.216270,10.267654,10.182007,10.199139,10.250530,10.284771,10.353233,10.575371,10.609497,10.575371,10.507072,10.455822,10.336117,10.336117,10.524147,10.626560,10.524147,10.507072,10.626560,10.472908,10.507072,10.507072,10.489990,10.472908,10.472908,10.524147,10.711826,10.899132,10.779976,10.455822,10.199139,10.113426,10.113426,9.976139,9.993317,10.010487,10.113426,10.010487,9.976139,9.976139,10.027649,9.976139,9.924606,9.976139,9.958965,9.873051,9.890244,9.976139,10.010487,9.924606,10.113426,10.199139,10.182007,10.370338,10.336117,10.319000,10.336117,10.370338,10.387436,10.421631,10.404537,10.489990,10.507072,10.387436,10.336117,10.233398,10.336117,10.404537,10.421631,10.387436,10.404537,10.438725,10.507072,10.216270,10.455822,10.541225,10.660679,10.677727,10.660679,10.558300,10.541225,10.387436,10.319000,10.301891,10.267654,10.199139,10.250530,10.164867,10.130581,10.130581,10.164867,10.319000,10.233398,10.164867,10.147728,10.113426,9.993317,9.941792,9.873051,9.787056,9.649315,9.700993,9.511379,9.338692,9.321407,9.269539,9.286831,9.183022,9.200333,9.597610,10.164867,10.319000,10.147728,9.494129,9.459610,9.425079,9.545887,9.511379,9.459610,9.425079,9.459610,9.528633,9.545887,9.494129,9.442345,9.355976,9.511379,9.597610,9.563126,9.545887,9.580376,9.494129,9.494129,9.597610,9.597610,9.597610,9.580376,9.666546,9.752644,9.700993,9.718216,9.873051,9.976139,10.061974,10.319000,10.319000,10.421631,10.267654,10.096279,10.079128,10.164867,10.319000,10.233398,10.319000,10.250530,10.182007,10.096279,9.941792,10.061974,10.044807,9.958965,9.993317,9.873051,9.855862,9.873051,9.958965,9.666546,9.735428,9.769852,10.010487,10.233398,10.267654,9.873051,9.649315,9.563126,9.545887,9.459610,9.511379,9.511379,9.355976,9.321407,9.234943,9.183022,9.131081,9.148392,9.148392,9.165710,9.165710,9.183022,9.286831,9.407806,9.459610,9.528633,9.407806,9.321407,9.338692,9.321407,9.390537,9.425079,9.511379,9.407806,9.425079,9.649315,9.924606,10.147728,10.199139,10.044807,9.804260,9.528633,9.580376,9.580376,9.614849,9.683773,9.769852,9.700993,9.700993,9.718216,9.804260,9.700993,9.855862,9.907425,10.027649,10.027649,9.924606,9.873051,9.804260,9.718216,9.666546,9.787056,9.718216,9.683773,9.528633,9.580376,9.597610,9.614849,9.666546,9.528633,9.373260,9.390537,9.286831,9.148392,9.165710,9.113758,9.200333,9.079109,9.096436,9.165710,9.407806,9.993317,10.044807,9.941792,9.752644,9.614849,9.476868,9.476868,9.528633,9.528633,9.563126,9.511379,9.511379,9.597610,9.563126,9.545887,9.494129,9.442345,9.459610,9.459610,9.511379,9.718216,9.752644,9.804260,9.804260,9.907425,9.855862,9.769852,9.769852,9.838661,9.769852,9.804260,9.769852,9.855862,10.044807,10.079128,10.130581,10.027649,9.958965,9.804260,9.649315,9.597610,9.390537,9.476868,9.476868,9.580376,9.528633,9.355976,9.338692,9.459610,9.442345,9.459610,9.821461,9.958965,9.924606,9.666546,9.494129,9.338692,9.338692,9.355976,9.373260,9.459610,9.528633,9.528633,9.545887,9.580376,9.528633,9.563126,9.528633,9.459610,9.442345,9.390537,9.442345,9.718216,9.563126,9.476868,9.373260,9.407806,9.390537,9.390537,9.459610,9.459610,9.338692,9.373260,9.459610,9.821461,9.958965,9.993317,9.907425,9.873051,9.700993,9.632080,9.545887,9.580376,9.528633,
4.182686,4.001003,3.855442,3.618496,3.563744,3.490696,3.399323,3.381042,3.344467,3.344467,3.344467,3.381042,3.344467,3.326176,3.417606,3.344467,3.362751,3.417606,3.381042,3.472427,3.417606,3.472427,3.490696,3.563744,3.472427,3.508965,3.508965,3.563744,3.508965,3.563744,3.490696,3.545483,3.490696,3.545483,3.600243,3.636738,3.691456,3.490696,3.417606,3.691456,3.819023,3.946442,4.055538,4.255280,4.364071,4.237133,4.091881,4.110050,4.255280,4.436539,4.599422,4.762062,4.762062,4.906425,4.834267,4.707874,4.490860,4.400314,4.508957,5.050598,5.947346,6.765751,7.048931,7.172585,7.243172,7.243172,7.243172,7.137272,6.960518,6.960518,6.872036,6.765751,6.623875,6.588379,6.375134,6.392914,6.357342,6.321754,6.321754,6.535103,6.552864,6.481804,6.392914,6.392914,6.446259,6.517342,6.641617,6.765751,6.889732,6.925133,6.995895,7.084278,7.119606,7.190231,7.348972,7.489868,7.525059,7.771088,7.928940,7.981499,7.963982,8.086544,8.139027,8.086544,8.139027,7.946465,7.928940,7.771088,7.788635,7.788635,7.753536,7.612995,7.630577,7.665718,7.806187,7.928940,7.893879,7.928940,7.771088,7.665718,7.507469,7.437057,7.489868,7.401833,7.630577,7.683289,7.630577,7.735977,7.735977,7.718422,7.683289,7.560242,7.437057,7.260815,7.296085,7.437057,7.489868,7.542656,7.560242,7.630577,7.595413,7.630577,7.542656,7.437057,7.278450,7.260815,7.190231,7.225533,7.225533,7.190231,7.296085,7.348972,7.401833,7.489868,7.612995,7.928940,7.981499,7.999016,8.034035,8.226437,8.366138,8.523075,8.592743,8.697163,8.818848,8.836220,8.818848,8.923035,8.870953,8.957737,8.992432,8.992432,8.923035,9.009773,8.818848,8.784096,8.766716,8.818848,8.801476,8.818848,8.940388,9.113758,9.131081,9.200333,9.113758,9.286831,9.252239,9.269539,9.338692,9.338692,9.217640,9.390537,9.321407,9.459610,9.632080,9.735428,9.476868,9.234943,9.200333,9.079109,8.992432,8.975086,9.009773,8.975086,9.079109,9.148392,9.113758,9.165710,9.217640,9.355976,9.321407,9.183022,9.165710,9.027115,9.079109,9.044441,8.992432,8.957737,9.044441,9.148392,9.234943,9.217640,9.407806,9.355976,9.528633,9.769852,9.821461,9.649315,9.355976,9.476868,9.494129,9.528633,9.442345,9.476868,9.494129,9.580376,9.649315,9.735428,9.718216,9.666546,9.545887,9.476868,9.545887,9.545887,9.683773,9.735428,9.735428,9.804260,9.821461,9.821461,9.890244,9.873051,9.907425,9.924606,9.924606,9.890244,9.838661,9.890244,9.804260,9.752644,9.752644,9.614849,9.545887,9.580376,9.580376,9.580376,9.580376,9.597610,9.563126,9.563126,9.890244,10.233398,10.370338,9.873051,9.632080,9.614849,9.528633,9.494129,9.338692,9.390537,9.476868,9.649315,9.683773,9.718216,9.873051,9.752644,9.821461,9.804260,9.924606,9.993317,9.597610,9.407806,9.373260,9.355976,9.390537,9.597610,9.632080,9.632080,9.821461,9.787056,9.769852,9.787056,9.804260,9.855862,10.216270,10.626560,10.626560,10.626560,10.660679,10.609497,10.626560,10.745911,10.711826,10.865101,10.797012,10.865101,10.967159,10.848083,10.814041,10.865101,10.882126,10.916145,10.762939,10.814041,10.831066,10.899132,10.848083,10.762939,10.660679,10.592438,10.592438,10.558300,10.677727,10.558300,10.575371,10.541225,10.438725,10.301891,10.301891,10.301891,10.233398,10.182007,10.130581,10.044807,9.993317,10.061974,9.976139,9.941792,9.958965,9.941792,10.027649,9.890244,9.873051,9.873051,9.958965,9.924606,9.907425,9.924606,10.027649,10.558300,10.626560,10.421631,10.182007,10.147728,9.993317,9.958965,9.976139,10.061974,10.096279,10.164867,10.079128,10.061974,10.284771,10.319000,10.421631,10.387436,10.387436,10.489990,10.455822,10.507072,10.438725,10.438725,10.370338,10.438725,10.387436,10.472908,10.472908,10.472908,10.592438,10.489990,10.575371,10.677727,10.643623,10.694775,10.779976,10.728870,10.660679,10.438725,10.387436,10.301891,10.164867,10.130581,10.010487,9.976139,9.890244,9.649315,9.735428,9.958965,10.250530,10.284771,10.182007,9.804260,9.700993,9.804260,9.787056,9.683773,9.700993,9.597610,9.683773,9.666546,9.804260,9.563126,9.511379,9.494129,9.511379,9.563126,9.649315,9.614849,9.494129,9.425079,9.321407,9.425079,9.425079,9.390537,9.407806,9.390537,9.476868,9.286831,9.390537,9.442345,9.511379,9.718216,10.301891,10.404537,10.301891,10.096279,9.855862,9.735428,9.769852,9.632080,9.821461,9.804260,9.787056,9.993317,9.976139,10.010487,10.079128,10.147728,10.164867,10.199139,10.164867,10.147728,10.164867,10.199139,10.044807,10.199139,10.199139,10.387436,10.301891,10.216270,10.079128,9.873051,9.941792,9.735428,9.649315,9.924606,9.787056,9.821461,9.752644,9.700993,9.666546,9.632080,9.511379,9.494129,9.545887,9.614849,9.511379,9.476868,9.545887,9.528633,9.528633,9.511379,9.442345,9.459610,9.442345,9.476868,9.545887,9.528633,9.476868,9.476868,9.597610,9.924606,10.113426,10.010487,9.649315,9.407806,9.079109,9.165710,9.131081,9.217640,9.165710,9.131081,9.200333,9.200333,9.200333,9.165710,9.269539,9.304119,9.649315,9.958965,9.958965,9.787056,9.632080,9.614849,9.597610,9.700993,9.632080,9.614849,9.752644,9.735428,9.855862,9.924606,9.804260,9.873051,9.735428,9.718216,9.700993,9.649315,9.649315,9.718216,9.666546,9.597610,9.234943,9.563126,9.563126,9.821461,10.079128,10.096279,10.182007,9.907425,9.683773,9.580376,9.545887,9.614849,9.614849,9.683773,9.545887,9.545887,9.528633,9.476868,9.442345,9.459610,9.597610,9.545887,9.511379,9.459610,9.459610,9.476868,9.494129,9.476868,9.632080,9.528633,9.580376,9.528633,9.511379,9.545887,9.459610,9.563126,9.649315,9.890244,10.061974,9.976139,9.873051,9.632080,9.494129,9.407806,9.355976,9.286831,9.425079,9.545887,9.563126,9.563126,9.407806,9.494129,9.580376,9.528633,9.580376,9.718216,9.804260,9.700993,9.700993,9.597610,9.666546,9.700993,9.683773,9.752644,9.666546,9.769852,9.855862,9.924606,9.787056,9.804260,9.787056,9.838661,9.838661,9.666546,9.804260,9.735428,9.855862,9.597610,9.528633,9.476868,9.425079,9.407806,9.407806,9.286831,9.217640,9.321407,9.407806,9.494129,9.821461,10.113426,9.976139,9.941792,9.700993,9.563126,9.425079,9.407806,9.528633,9.425079,
5.248528,4.924461,4.508957,4.128212,4.019184,3.855442,3.709686,3.527222,3.381042,3.435883,3.399323,3.435883,3.381042,3.399323,3.344467,3.435883,3.435883,3.399323,3.454159,3.381042,3.454159,3.472427,3.508965,3.527222,3.490696,3.472427,3.472427,3.490696,3.490696,3.527222,3.454159,3.545483,3.545483,3.563744,3.618496,3.636738,3.691456,3.454159,3.435883,3.581997,3.819023,3.873646,4.110050,4.291550,4.237133,4.110050,3.891846,3.782589,3.891846,3.982819,4.200836,4.273415,4.382195,4.309685,4.345943,4.182686,4.055538,4.073711,4.091881,4.472755,5.356339,6.570625,6.942829,6.978207,6.978207,6.995895,7.119606,6.995895,6.872036,6.677101,6.694839,6.606125,6.517342,6.303955,6.357342,6.286148,6.250534,6.375134,6.517342,6.623875,6.765751,6.836617,6.748028,6.659363,6.570625,6.783474,6.889732,6.960518,7.048931,7.154926,7.296085,7.419441,7.560242,7.735977,7.753536,7.771088,7.858810,7.946465,7.876347,7.823730,7.858810,7.665718,7.753536,7.718422,7.683289,7.630577,7.507469,7.507469,7.612995,7.577831,7.525059,7.472267,7.525059,7.648148,7.595413,7.735977,7.753536,7.806187,7.876347,7.876347,7.806187,7.718422,7.788635,7.823730,7.788635,7.788635,7.893879,7.858810,7.876347,7.806187,7.788635,7.735977,7.542656,7.401833,7.472267,7.366592,7.260815,7.207882,7.454662,7.507469,7.560242,7.595413,7.560242,7.472267,7.296085,7.296085,7.190231,7.031254,7.066605,7.084278,7.031254,7.225533,7.190231,7.243172,7.437057,7.507469,7.577831,7.577831,7.683289,7.788635,7.911411,8.086544,8.313774,8.348686,8.278851,8.418476,8.557915,8.557915,8.610161,8.610161,8.714558,8.592743,8.697163,8.853588,8.905678,8.714558,8.470791,8.348686,8.418476,8.575333,8.731949,8.784096,8.784096,8.801476,8.905678,9.044441,8.957737,9.131081,9.234943,9.269539,9.390537,9.476868,9.545887,9.632080,9.597610,9.683773,9.545887,9.511379,9.563126,9.338692,9.338692,9.286831,9.304119,9.217640,9.304119,9.321407,9.407806,9.304119,9.252239,9.390537,9.355976,9.373260,9.286831,9.165710,9.027115,8.992432,8.975086,8.957737,8.975086,9.027115,9.079109,9.044441,9.165710,9.252239,9.304119,9.752644,9.735428,9.614849,9.200333,9.096436,9.131081,9.009773,9.113758,9.009773,9.096436,9.113758,9.165710,9.148392,9.044441,9.200333,9.373260,9.459610,9.563126,9.632080,9.632080,9.545887,9.580376,9.632080,9.752644,9.718216,9.718216,9.769852,9.873051,9.993317,10.010487,9.993317,10.096279,10.199139,10.182007,10.182007,9.907425,9.907425,9.821461,9.821461,9.787056,9.769852,9.769852,9.735428,9.821461,9.769852,9.958965,10.130581,10.147728,9.855862,9.545887,9.407806,9.442345,9.407806,9.425079,9.321407,9.373260,9.528633,9.528633,9.511379,9.597610,9.407806,9.407806,9.476868,9.459610,9.442345,9.269539,9.183022,9.183022,9.217640,9.113758,9.252239,9.304119,9.494129,9.407806,9.425079,9.390537,9.355976,9.442345,9.407806,9.941792,10.575371,10.592438,10.164867,10.096279,10.113426,10.353233,10.524147,10.575371,10.609497,10.558300,10.592438,10.592438,10.472908,10.489990,10.507072,10.643623,10.728870,10.558300,10.541225,10.592438,10.677727,10.797012,10.814041,10.779976,10.677727,10.814041,10.882126,10.984158,10.882126,10.916145,10.916145,10.814041,10.797012,10.797012,10.762939,10.660679,10.609497,10.541225,10.472908,10.455822,10.438725,10.387436,10.284771,10.147728,10.096279,10.147728,10.061974,10.010487,9.941792,9.924606,9.976139,9.976139,9.838661,10.182007,10.558300,10.592438,10.301891,10.130581,9.976139,10.010487,9.993317,10.010487,9.941792,9.993317,9.976139,10.027649,10.061974,10.010487,10.113426,10.147728,10.182007,10.182007,10.182007,10.027649,10.079128,10.113426,10.147728,10.061974,9.976139,10.010487,9.976139,9.993317,10.044807,10.182007,10.182007,10.164867,10.267654,10.626560,10.848083,10.814041,10.609497,10.421631,10.438725,10.387436,10.216270,10.182007,10.199139,10.182007,10.130581,10.027649,9.924606,9.907425,10.027649,10.147728,10.079128,10.164867,10.164867,10.250530,10.387436,10.164867,10.027649,10.147728,10.164867,10.182007,10.199139,10.353233,10.216270,10.096279,10.096279,10.010487,10.010487,9.958965,9.838661,9.735428,9.597610,9.666546,9.545887,9.614849,9.563126,9.528633,9.545887,9.442345,9.321407,9.425079,9.390537,9.390537,9.718216,10.319000,10.319000,10.216270,9.649315,9.407806,9.442345,9.442345,9.425079,9.614849,9.407806,9.390537,9.252239,9.494129,9.494129,9.425079,9.494129,9.597610,9.649315,9.683773,9.614849,9.649315,9.718216,9.804260,9.821461,9.838661,9.769852,9.804260,9.769852,9.838661,9.838661,9.804260,9.735428,9.769852,9.976139,10.096279,10.336117,9.993317,9.700993,9.735428,9.821461,9.752644,9.855862,9.993317,9.924606,9.907425,9.941792,9.787056,9.838661,9.873051,9.769852,9.838661,9.804260,9.787056,9.787056,9.855862,9.735428,9.666546,9.838661,9.873051,10.079128,10.044807,9.941792,9.597610,9.442345,9.390537,9.286831,9.304119,9.338692,9.234943,9.217640,9.183022,9.131081,9.096436,8.957737,9.217640,9.183022,9.666546,9.873051,9.752644,9.442345,9.200333,9.234943,9.200333,9.165710,9.234943,9.269539,9.338692,9.511379,9.718216,9.494129,9.304119,9.355976,9.321407,9.476868,9.390537,9.597610,9.666546,9.735428,9.666546,9.683773,9.700993,9.666546,9.718216,9.941792,9.907425,10.010487,9.924606,9.769852,9.752644,9.838661,9.821461,9.873051,9.787056,9.683773,9.597610,9.545887,9.545887,9.528633,9.476868,9.528633,9.563126,9.459610,9.494129,9.459610,9.425079,9.511379,9.614849,9.563126,9.649315,9.580376,9.563126,9.511379,9.494129,9.425079,9.425079,9.511379,9.597610,9.890244,9.873051,10.010487,9.700993,9.321407,9.269539,9.234943,9.234943,9.321407,9.355976,9.390537,9.425079,9.425079,9.425079,9.425079,9.494129,9.407806,9.407806,9.425079,9.425079,9.494129,9.494129,9.442345,9.459610,9.425079,9.700993,9.683773,9.838661,9.769852,9.907425,9.924606,9.976139,10.079128,10.010487,10.079128,10.130581,10.113426,10.216270,10.096279,10.147728,10.010487,9.976139,9.976139,9.873051,9.941792,9.821461,9.821461,9.838661,9.545887,9.718216,9.873051,10.284771,10.199139,9.976139,9.804260,9.683773,9.597610,9.476868,9.459610,9.545887,9.511379,
6.125797,5.858009,5.517838,5.122616,4.816223,4.237133,4.110050,3.873646,3.691456,3.709686,3.545483,3.344467,3.435883,3.417606,3.399323,3.344467,3.435883,3.472427,3.435883,3.454159,3.454159,3.435883,3.344467,3.435883,3.472427,3.417606,3.472427,3.417606,3.508965,3.490696,3.508965,3.563744,3.527222,3.508965,3.581997,3.545483,3.545483,3.563744,3.454159,3.600243,3.819023,3.873646,4.019184,4.200836,4.128212,4.182686,3.819023,3.764370,3.800804,3.800804,4.019184,3.855442,4.037365,3.928246,3.855442,3.891846,3.891846,3.964630,4.055538,4.255280,5.104614,6.535103,6.712570,6.783474,6.783474,6.854328,6.872036,6.677101,6.517342,6.623875,6.659363,6.535103,6.481804,6.588379,6.517342,6.588379,6.606125,6.730297,6.978207,7.031254,7.154926,7.137272,6.942829,6.978207,6.907440,6.995895,7.225533,7.313717,7.419441,7.612995,7.648148,7.665718,7.788635,7.806187,7.718422,7.700855,7.718422,7.560242,7.454662,7.560242,7.542656,7.525059,7.560242,7.472267,7.489868,7.595413,7.577831,7.507469,7.577831,7.560242,7.577831,7.577831,7.595413,7.612995,7.700855,7.823730,7.858810,7.911411,7.876347,7.946465,7.963982,7.858810,7.823730,7.893879,7.858810,7.823730,7.876347,7.858810,7.788635,7.771088,7.771088,7.648148,7.454662,7.419441,7.243172,7.101940,7.084278,7.066605,7.243172,7.154926,7.331345,7.437057,7.454662,7.507469,7.454662,7.296085,7.243172,7.137272,7.119606,7.066605,7.066605,7.101940,7.137272,7.172585,7.331345,7.384212,7.419441,7.489868,7.560242,7.648148,7.753536,7.858810,7.946465,8.121536,8.191483,8.278851,8.366138,8.435913,8.523075,8.505650,8.523075,8.401035,8.313774,8.731949,8.870953,8.679768,8.278851,8.226437,8.383591,8.401035,8.592743,8.488220,8.453358,8.418476,8.435913,8.523075,8.435913,8.575333,8.627563,8.749332,8.836220,8.923035,8.957737,9.044441,9.061775,9.183022,9.148392,9.217640,9.165710,9.148392,9.148392,9.234943,9.390537,9.407806,9.511379,9.614849,9.718216,9.752644,9.614849,9.390537,9.459610,9.545887,9.545887,9.511379,9.442345,9.459610,9.407806,9.321407,9.338692,9.390537,9.252239,9.234943,9.200333,9.234943,9.390537,9.580376,9.718216,9.580376,9.286831,9.148392,8.992432,9.044441,9.027115,9.044441,8.975086,9.061775,9.113758,8.940388,8.940388,8.957737,9.009773,9.061775,9.096436,9.131081,9.061775,9.044441,9.096436,9.009773,9.079109,9.061775,9.079109,9.061775,9.044441,9.148392,9.131081,9.407806,9.528633,10.096279,10.113426,9.907425,9.614849,9.597610,9.700993,9.666546,9.597610,9.545887,9.597610,9.632080,9.597610,9.597610,9.545887,9.632080,9.632080,9.563126,9.511379,9.494129,9.494129,9.528633,9.459610,9.511379,9.632080,9.700993,9.700993,9.838661,9.752644,9.787056,9.735428,9.735428,9.614849,9.614849,9.718216,9.528633,9.545887,9.425079,9.338692,9.338692,9.355976,9.355976,9.442345,9.390537,9.338692,9.338692,9.321407,9.494129,9.941792,10.387436,10.558300,10.130581,9.752644,9.838661,9.890244,9.958965,9.976139,9.941792,10.061974,10.044807,10.096279,10.061974,10.044807,10.079128,9.993317,10.147728,10.284771,10.336117,10.301891,10.370338,10.336117,10.455822,10.455822,10.301891,10.472908,10.455822,10.524147,10.524147,10.643623,10.438725,10.558300,10.660679,10.728870,10.626560,10.575371,10.489990,10.421631,10.421631,10.370338,10.336117,10.353233,10.301891,10.336117,10.199139,10.267654,10.301891,10.233398,10.096279,10.061974,10.096279,10.216270,10.284771,10.472908,10.643623,10.541225,10.558300,10.524147,10.507072,10.489990,10.524147,10.507072,10.421631,10.421631,10.421631,10.353233,10.267654,10.319000,10.387436,10.370338,10.353233,10.250530,10.284771,10.216270,10.113426,10.182007,10.233398,10.182007,10.061974,10.113426,10.250530,10.216270,10.164867,10.182007,10.284771,10.233398,10.319000,10.779976,10.882126,10.848083,10.353233,10.250530,10.164867,10.164867,10.216270,10.044807,10.044807,10.010487,10.010487,9.907425,9.787056,9.855862,10.079128,9.993317,9.976139,9.976139,10.096279,10.301891,10.233398,10.147728,10.113426,10.027649,10.096279,10.130581,10.096279,10.216270,10.284771,10.233398,10.267654,10.250530,10.267654,10.267654,10.284771,10.010487,9.873051,9.787056,9.804260,9.735428,9.769852,9.769852,9.666546,9.718216,9.563126,9.700993,9.890244,9.890244,10.096279,10.284771,10.353233,10.096279,9.614849,9.563126,9.580376,9.632080,9.787056,9.838661,9.700993,9.632080,9.649315,9.632080,9.632080,9.580376,9.632080,9.563126,9.580376,9.442345,9.545887,9.494129,9.545887,9.459610,9.511379,9.321407,9.511379,9.459610,9.528633,9.425079,9.321407,9.286831,9.373260,9.373260,10.130581,10.199139,10.250530,9.907425,9.683773,9.718216,9.787056,9.700993,9.855862,9.890244,10.027649,9.958965,9.855862,9.855862,9.924606,9.924606,9.907425,9.838661,9.838661,9.838661,9.769852,9.838661,9.855862,9.873051,9.890244,9.924606,9.907425,9.890244,9.838661,10.010487,9.855862,9.821461,9.873051,9.941792,9.941792,9.821461,9.752644,9.769852,9.597610,9.442345,9.338692,9.407806,9.425079,9.735428,9.769852,9.700993,9.304119,9.217640,9.269539,9.234943,9.148392,9.200333,9.234943,9.321407,9.459610,9.476868,9.407806,9.286831,9.200333,9.183022,9.183022,9.286831,9.355976,9.390537,9.321407,9.355976,9.459610,9.338692,9.425079,9.442345,9.407806,9.390537,9.355976,9.390537,9.442345,9.425079,9.614849,9.838661,10.096279,9.821461,9.528633,9.494129,9.442345,9.425079,9.373260,9.511379,9.545887,9.563126,9.528633,9.614849,9.528633,9.666546,9.769852,9.804260,9.958965,9.958965,9.958965,9.838661,9.563126,9.476868,9.683773,9.563126,9.597610,9.649315,9.752644,9.890244,9.873051,9.700993,9.442345,9.494129,9.528633,9.614849,9.545887,9.528633,9.614849,9.494129,9.545887,9.511379,9.563126,9.494129,9.511379,9.476868,9.373260,9.407806,9.459610,9.511379,9.494129,9.545887,9.580376,9.597610,9.700993,9.735428,9.666546,9.666546,9.821461,9.700993,9.958965,9.924606,10.182007,10.284771,10.182007,10.147728,10.079128,10.027649,10.010487,9.993317,10.079128,9.993317,9.976139,9.976139,10.044807,10.113426,10.044807,10.044807,10.044807,10.130581,10.164867,10.061974,10.010487,9.941792,9.873051,9.890244,9.873051,9.873051,9.907425,
6.125797,6.250534,6.321754,6.054455,5.750706,5.464031,4.906425,4.508957,4.200836,3.891846,3.746143,3.636738,3.581997,3.472427,3.472427,3.454159,3.435883,3.435883,3.362751,3.417606,3.307877,3.381042,3.381042,3.472427,3.326176,3.435883,3.381042,3.454159,3.490696,3.362751,3.545483,3.563744,3.581997,3.527222,3.581997,3.618496,3.709686,3.764370,3.508965,3.527222,3.764370,3.764370,3.928246,4.146374,4.237133,4.019184,3.800804,3.673222,3.727913,3.764370,3.855442,3.782589,3.819023,3.819023,3.910049,3.873646,3.910049,3.910049,4.091881,4.237133,5.158604,6.232731,6.375134,6.410706,6.392914,6.428486,6.339550,6.321754,6.250534,6.464035,6.552864,6.659363,6.748028,6.872036,6.907440,6.925133,7.013577,6.995895,6.960518,7.084278,7.101940,7.066605,7.154926,7.225533,7.296085,7.384212,7.454662,7.489868,7.525059,7.560242,7.630577,7.630577,7.595413,7.525059,7.507469,7.419441,7.366592,7.348972,7.401833,7.348972,7.437057,7.507469,7.437057,7.542656,7.560242,7.542656,7.612995,7.718422,7.630577,7.718422,7.683289,7.700855,7.700855,7.718422,7.788635,7.876347,7.928940,7.963982,8.034035,8.051544,8.086544,7.876347,7.735977,7.665718,7.595413,7.507469,7.472267,7.489868,7.401833,7.454662,7.454662,7.278450,7.296085,7.207882,7.137272,6.978207,6.942829,6.942829,6.872036,7.066605,7.066605,7.225533,7.454662,7.437057,7.401833,7.401833,7.313717,7.260815,7.260815,7.084278,7.013577,7.101940,7.207882,7.313717,7.384212,7.437057,7.401833,7.437057,7.577831,7.560242,7.788635,7.788635,7.893879,8.051544,8.174004,8.348686,8.331230,8.435913,8.488220,8.575333,8.418476,8.383591,8.435913,8.540497,8.697163,8.731949,8.470791,8.505650,8.540497,8.662369,8.592743,8.557915,8.488220,8.488220,8.523075,8.540497,8.453358,8.540497,8.592743,8.644970,8.592743,8.627563,8.627563,8.749332,8.766716,8.662369,8.557915,8.679768,8.644970,8.523075,8.610161,8.644970,8.714558,8.784096,8.940388,9.407806,9.735428,9.700993,9.563126,9.511379,9.459610,9.528633,9.511379,9.494129,9.580376,9.511379,9.683773,9.700993,9.632080,9.563126,9.563126,9.494129,9.425079,9.269539,9.476868,9.666546,9.649315,9.632080,9.563126,9.338692,9.252239,9.234943,9.234943,9.183022,9.269539,9.200333,9.373260,9.321407,9.407806,9.355976,9.252239,9.269539,9.286831,9.286831,9.252239,9.079109,9.113758,9.044441,9.061775,9.009773,8.957737,8.992432,8.923035,8.957737,8.940388,9.061775,9.183022,9.769852,9.855862,9.632080,9.390537,9.373260,9.442345,9.442345,9.321407,9.338692,9.286831,9.425079,9.355976,9.304119,9.269539,9.286831,9.355976,9.286831,9.234943,9.234943,9.390537,9.459610,9.494129,9.407806,9.407806,9.373260,9.476868,9.459610,9.545887,9.649315,9.804260,9.769852,9.855862,9.890244,9.941792,9.855862,9.890244,9.769852,9.545887,9.494129,9.511379,9.494129,9.528633,9.511379,9.614849,9.580376,9.666546,9.769852,10.164867,10.199139,10.336117,10.147728,9.890244,9.924606,9.924606,10.096279,10.010487,9.941792,9.976139,9.993317,10.027649,9.958965,9.993317,9.993317,10.044807,10.010487,10.164867,10.387436,10.438725,10.421631,10.421631,10.421631,10.387436,10.387436,10.438725,10.370338,10.387436,10.387436,10.250530,10.284771,10.250530,10.301891,10.609497,10.575371,10.438725,10.301891,10.319000,10.199139,10.164867,10.182007,10.199139,10.216270,10.113426,10.061974,10.096279,10.096279,10.079128,10.010487,9.976139,9.976139,10.233398,10.319000,10.353233,10.250530,10.370338,10.575371,10.524147,10.524147,10.541225,10.575371,10.626560,10.711826,10.711826,10.677727,10.762939,10.762939,10.814041,10.916145,10.882126,10.831066,10.814041,10.831066,10.711826,10.711826,10.694775,10.694775,10.745911,10.643623,10.694775,10.745911,10.762939,10.762939,10.711826,10.592438,10.626560,10.643623,11.001148,11.120033,11.018150,10.609497,10.438725,10.472908,10.558300,10.558300,10.370338,10.387436,10.438725,10.387436,10.387436,10.404537,10.541225,10.677727,10.677727,10.677727,10.592438,10.643623,10.489990,10.489990,10.216270,10.113426,10.027649,10.096279,10.079128,10.147728,10.079128,10.199139,10.164867,10.130581,10.044807,10.421631,10.353233,10.370338,10.061974,9.735428,9.683773,9.597610,9.511379,9.494129,9.494129,9.545887,9.666546,9.545887,9.545887,9.769852,9.821461,9.890244,9.890244,9.993317,9.769852,9.735428,9.700993,9.769852,9.890244,9.924606,9.941792,9.958965,9.958965,9.958965,10.130581,10.044807,10.061974,10.027649,10.027649,10.182007,10.096279,10.113426,10.044807,9.993317,9.924606,9.838661,9.838661,9.752644,9.787056,9.718216,9.649315,9.511379,9.425079,9.459610,9.632080,10.353233,10.353233,10.147728,9.873051,9.976139,9.958965,10.010487,9.976139,10.130581,10.164867,10.147728,10.164867,10.182007,10.284771,10.250530,10.250530,10.130581,10.147728,9.958965,9.855862,9.907425,9.941792,9.890244,9.890244,9.907425,9.855862,9.821461,9.821461,9.804260,9.907425,9.890244,9.941792,9.924606,10.061974,10.216270,10.387436,10.250530,9.907425,9.597610,9.425079,9.442345,9.373260,9.304119,9.528633,9.425079,9.390537,9.286831,9.338692,9.252239,9.234943,9.234943,9.252239,9.304119,9.286831,9.338692,9.269539,9.269539,9.183022,9.200333,9.252239,9.269539,9.269539,9.286831,9.338692,9.286831,9.252239,9.321407,9.321407,9.442345,9.425079,9.425079,9.373260,9.269539,9.200333,9.200333,9.407806,9.614849,9.873051,9.907425,9.425079,9.269539,9.252239,9.234943,9.165710,9.183022,9.096436,9.217640,9.234943,9.200333,9.200333,9.252239,9.338692,9.355976,9.735428,9.958965,9.958965,9.907425,9.649315,9.580376,9.407806,9.476868,9.511379,9.459610,9.390537,9.459610,9.459610,9.476868,9.459610,9.528633,9.597610,9.700993,9.838661,9.752644,9.907425,9.873051,9.838661,9.735428,9.666546,9.666546,9.649315,9.718216,9.804260,9.597610,9.649315,9.632080,9.632080,9.700993,9.632080,9.787056,9.838661,9.890244,9.821461,9.804260,9.873051,9.890244,9.821461,9.769852,9.873051,10.301891,10.267654,10.061974,10.027649,9.907425,9.941792,9.958965,9.993317,9.941792,9.873051,9.958965,10.044807,9.993317,10.096279,9.873051,9.890244,9.941792,9.924606,9.907425,9.907425,9.924606,9.941792,9.924606,9.890244,9.993317,9.941792,9.890244,
5.517838,5.732807,6.054455,6.214916,6.250534,6.197094,5.965206,5.499908,5.086613,4.617508,4.200836,4.073711,3.837234,3.618496,3.545483,3.508965,3.472427,3.435883,3.344467,3.399323,3.472427,3.417606,3.399323,3.399323,3.344467,3.490696,3.417606,3.454159,3.472427,3.490696,3.454159,3.454159,3.508965,3.600243,3.618496,3.600243,3.618496,3.618496,3.563744,3.563744,3.563744,3.764370,3.837234,4.019184,4.091881,3.964630,3.636738,3.527222,3.691456,3.782589,3.837234,3.800804,3.764370,3.819023,3.819023,3.782589,3.873646,3.837234,3.873646,4.091881,4.924461,5.697014,5.804367,5.947346,6.143627,6.179276,6.321754,6.375134,6.375134,6.357342,6.517342,6.623875,6.712570,6.978207,7.137272,7.190231,7.190231,7.066605,7.013577,7.172585,7.225533,7.243172,7.401833,7.437057,7.401833,7.331345,7.207882,7.154926,7.190231,7.296085,7.366592,7.419441,7.401833,7.542656,7.525059,7.419441,7.384212,7.366592,7.366592,7.384212,7.419441,7.507469,7.560242,7.507469,7.648148,7.735977,7.806187,7.841270,7.771088,7.700855,7.823730,7.788635,7.700855,7.788635,7.841270,7.788635,7.771088,7.911411,7.963982,7.946465,7.893879,7.788635,7.595413,7.542656,7.454662,7.401833,7.331345,7.243172,7.384212,7.366592,7.313717,7.243172,7.243172,7.207882,7.137272,7.048931,6.925133,7.048931,7.031254,7.031254,7.137272,7.154926,7.190231,7.401833,7.296085,7.296085,7.278450,7.348972,7.278450,7.048931,6.995895,6.925133,6.907440,7.013577,7.084278,7.225533,7.296085,7.278450,7.225533,7.260815,7.278450,7.437057,7.507469,7.700855,7.946465,8.331230,8.278851,8.226437,8.278851,8.348686,8.401035,8.313774,8.401035,8.418476,8.505650,8.610161,8.610161,8.679768,8.731949,8.818848,8.870953,8.888317,8.836220,8.801476,8.870953,8.836220,8.749332,8.801476,8.870953,8.975086,8.905678,8.784096,8.923035,8.818848,8.836220,8.905678,8.766716,8.784096,8.679768,8.714558,8.662369,8.697163,8.714558,8.697163,8.905678,9.286831,9.614849,9.769852,9.459610,9.217640,9.217640,9.217640,9.165710,9.234943,9.407806,9.597610,9.563126,9.545887,9.580376,9.580376,9.476868,9.459610,9.442345,9.286831,9.390537,9.459610,9.373260,9.373260,9.338692,9.165710,9.217640,9.234943,9.217640,9.269539,9.165710,9.252239,9.321407,9.442345,9.632080,9.700993,9.649315,9.614849,9.700993,9.649315,9.752644,9.718216,9.632080,9.649315,9.700993,9.597610,9.476868,9.442345,9.373260,9.373260,9.131081,9.373260,9.494129,9.752644,9.804260,9.597610,9.459610,9.407806,9.494129,9.511379,9.563126,9.442345,9.321407,9.407806,9.304119,9.338692,9.234943,9.252239,9.148392,9.183022,9.183022,9.200333,9.217640,9.269539,9.269539,9.286831,9.200333,9.148392,9.148392,9.148392,9.113758,9.304119,9.304119,9.304119,9.355976,9.476868,9.752644,9.769852,9.838661,9.528633,9.044441,8.957737,9.079109,9.234943,9.286831,9.148392,9.148392,9.252239,9.425079,9.545887,9.580376,9.752644,9.666546,9.838661,9.958965,10.096279,10.027649,9.890244,9.924606,9.958965,9.941792,9.958965,10.113426,10.130581,10.044807,10.147728,10.147728,10.199139,10.301891,10.472908,10.489990,10.472908,10.507072,10.472908,10.489990,10.489990,10.455822,10.336117,10.370338,10.438725,10.336117,10.164867,10.233398,10.164867,10.541225,10.524147,10.455822,10.284771,10.233398,10.182007,10.284771,10.182007,10.164867,10.096279,10.096279,10.044807,9.976139,10.010487,9.958965,9.993317,10.010487,9.976139,10.267654,10.301891,10.301891,10.164867,10.182007,10.182007,10.216270,10.199139,10.319000,10.301891,10.353233,10.472908,10.455822,10.387436,10.455822,10.592438,10.933151,10.933151,11.001148,10.814041,10.677727,10.711826,10.609497,10.711826,10.643623,10.677727,10.728870,10.882126,10.882126,10.848083,10.882126,10.916145,10.950157,10.899132,10.848083,11.120033,11.137009,11.153976,11.103065,11.001148,10.967159,11.018150,11.052120,11.069107,11.052120,10.984158,11.153976,11.103065,11.052120,11.153976,11.187904,11.289619,11.153976,11.120033,11.035133,11.086086,10.916145,10.797012,10.643623,10.524147,10.438725,10.421631,10.319000,10.387436,10.524147,10.541225,10.455822,10.438725,10.336117,10.558300,10.677727,10.472908,10.199139,9.907425,9.838661,9.787056,9.666546,9.718216,9.597610,9.632080,9.683773,9.666546,9.632080,9.769852,9.769852,9.700993,9.563126,9.614849,9.563126,9.580376,9.528633,9.614849,9.580376,9.563126,9.632080,9.614849,9.700993,9.873051,9.838661,9.890244,9.821461,9.873051,10.010487,10.387436,10.609497,10.592438,10.421631,10.370338,10.301891,10.301891,10.233398,10.319000,10.370338,10.336117,10.336117,10.216270,10.079128,10.216270,10.267654,10.507072,10.541225,10.524147,10.489990,10.609497,10.643623,10.558300,10.694775,10.711826,10.848083,10.882126,10.882126,10.762939,10.882126,10.831066,10.728870,10.694775,10.489990,10.336117,10.233398,10.250530,10.164867,10.250530,10.096279,10.182007,10.267654,10.113426,10.182007,10.182007,10.130581,10.164867,10.199139,10.199139,10.147728,10.472908,10.609497,10.541225,9.976139,9.614849,9.459610,9.390537,9.407806,9.459610,9.390537,9.390537,9.407806,9.390537,9.459610,9.390537,9.286831,9.234943,9.234943,9.217640,9.269539,9.252239,9.234943,9.217640,9.304119,9.269539,9.269539,9.321407,9.304119,9.390537,9.234943,9.355976,9.304119,9.442345,9.528633,9.545887,9.649315,9.683773,9.459610,9.304119,9.269539,9.252239,9.286831,9.683773,9.752644,9.718216,9.528633,9.511379,9.373260,9.321407,9.148392,9.183022,9.113758,9.148392,9.252239,9.234943,9.286831,9.217640,9.373260,9.390537,9.890244,9.924606,9.873051,9.511379,9.338692,9.183022,9.200333,9.148392,9.252239,9.269539,9.269539,9.183022,9.148392,9.165710,9.165710,9.165710,9.234943,9.459610,9.528633,9.476868,9.511379,9.632080,9.597610,9.528633,9.511379,9.580376,9.494129,9.580376,9.563126,9.666546,9.683773,9.718216,9.718216,9.855862,10.079128,10.113426,10.250530,10.079128,10.010487,10.027649,10.061974,10.113426,9.907425,9.993317,10.164867,10.199139,10.147728,10.027649,9.941792,9.924606,9.873051,9.958965,10.044807,9.993317,10.044807,9.924606,9.907425,9.890244,9.804260,9.769852,9.700993,9.769852,9.838661,9.787056,9.700993,9.649315,9.718216,9.855862,9.752644,9.769852,9.752644,9.787056,
4.996559,5.140610,5.338371,5.643291,6.214916,6.107971,6.464035,6.339550,6.018761,5.732807,5.140610,4.671738,4.400314,4.001003,3.782589,3.636738,3.636738,3.472427,3.417606,3.435883,3.326176,3.417606,3.454159,3.362751,3.417606,3.472427,3.362751,3.399323,3.417606,3.381042,3.417606,3.527222,3.490696,3.581997,3.563744,3.636738,3.618496,3.563744,3.600243,3.563744,3.527222,3.709686,3.819023,4.001003,3.946442,3.782589,3.691456,3.563744,3.691456,3.727913,3.691456,3.727913,3.746143,3.855442,3.782589,3.819023,3.800804,3.837234,3.837234,3.946442,4.218987,4.762062,5.248528,5.661201,5.911625,6.197094,6.375134,6.499577,6.552864,6.570625,6.694839,6.872036,6.872036,7.031254,7.154926,7.278450,7.384212,7.401833,7.401833,7.348972,7.366592,7.348972,7.419441,7.454662,7.172585,7.296085,7.031254,7.066605,7.013577,7.260815,7.154926,7.119606,7.296085,7.542656,7.595413,7.560242,7.525059,7.507469,7.542656,7.612995,7.542656,7.595413,7.665718,7.753536,7.806187,7.788635,7.735977,7.718422,7.735977,7.718422,7.630577,7.595413,7.560242,7.577831,7.630577,7.648148,7.648148,7.700855,7.718422,7.753536,7.788635,7.753536,7.683289,7.577831,7.454662,7.401833,7.489868,7.384212,7.278450,7.348972,7.401833,7.366592,7.260815,7.331345,7.296085,7.331345,7.190231,7.260815,7.207882,7.243172,7.048931,7.031254,7.084278,7.154926,7.331345,7.243172,7.278450,7.207882,7.313717,7.137272,7.048931,6.854328,6.854328,6.978207,6.818905,6.960518,7.084278,7.066605,7.084278,6.960518,6.960518,7.101940,7.172585,7.296085,7.648148,8.051544,8.086544,7.841270,7.823730,7.876347,7.946465,8.086544,8.191483,8.069046,8.051544,8.174004,8.174004,8.296310,8.278851,8.383591,8.523075,8.470791,8.453358,8.592743,8.627563,8.610161,8.627563,8.627563,8.470791,8.662369,8.853588,8.853588,8.870953,9.009773,8.992432,9.079109,9.217640,9.217640,9.061775,8.940388,8.957737,8.940388,9.131081,9.148392,9.113758,9.355976,9.476868,9.545887,9.373260,9.217640,9.183022,9.269539,9.234943,9.355976,9.459610,9.563126,9.597610,9.666546,9.632080,9.597610,9.563126,9.425079,9.425079,9.304119,9.407806,9.321407,9.373260,9.321407,9.321407,9.234943,9.234943,9.200333,9.321407,9.355976,9.355976,9.304119,9.269539,9.355976,9.511379,9.666546,9.666546,9.580376,9.649315,9.597610,9.700993,9.683773,9.666546,9.700993,9.597610,9.632080,9.597610,9.614849,9.632080,9.528633,9.528633,9.563126,9.614849,9.769852,9.855862,9.787056,9.752644,9.735428,9.700993,9.666546,9.752644,9.700993,9.666546,9.649315,9.718216,9.718216,9.597610,9.597610,9.511379,9.459610,9.494129,9.425079,9.425079,9.407806,9.321407,9.425079,9.321407,9.269539,9.252239,9.338692,9.304119,9.131081,9.183022,9.321407,9.200333,9.252239,9.614849,9.580376,9.597610,9.183022,8.766716,8.697163,8.801476,8.766716,8.836220,8.784096,8.888317,9.061775,9.148392,9.217640,9.165710,9.148392,9.183022,9.338692,9.442345,9.425079,9.407806,9.304119,9.338692,9.338692,9.286831,9.355976,9.494129,9.494129,9.494129,9.597610,9.597610,9.580376,9.890244,10.250530,10.455822,10.524147,10.472908,10.353233,10.404537,10.387436,10.455822,10.370338,10.507072,10.575371,10.541225,10.404537,10.421631,10.404537,10.524147,10.592438,10.558300,10.524147,10.387436,10.319000,10.387436,10.250530,10.216270,10.319000,10.284771,10.182007,9.976139,10.130581,10.130581,10.164867,10.061974,10.147728,10.353233,10.284771,10.199139,10.182007,10.199139,10.079128,10.130581,10.130581,10.164867,10.130581,10.164867,10.233398,10.164867,10.147728,10.199139,10.421631,10.575371,10.762939,10.865101,10.421631,10.182007,10.182007,10.147728,10.113426,10.027649,9.976139,10.096279,10.010487,10.044807,10.164867,10.199139,10.250530,10.284771,10.370338,10.370338,10.438725,10.507072,10.575371,10.541225,10.592438,10.592438,10.779976,10.933151,10.916145,10.967159,11.001148,11.103065,11.103065,11.187904,11.069107,11.204865,11.255722,11.069107,10.831066,10.762939,10.779976,10.694775,10.592438,10.694775,10.609497,10.541225,10.524147,10.558300,10.643623,10.609497,10.677727,10.626560,10.592438,10.728870,10.848083,10.831066,10.711826,10.541225,10.609497,10.626560,10.541225,10.575371,10.524147,10.626560,10.558300,10.677727,10.558300,10.404537,10.387436,10.284771,10.044807,9.958965,9.821461,9.683773,9.580376,9.649315,9.700993,9.735428,9.649315,9.614849,9.528633,9.545887,9.666546,9.614849,9.614849,9.700993,9.700993,10.010487,10.762939,10.779976,10.677727,10.489990,10.319000,10.336117,10.319000,10.472908,10.472908,10.507072,10.421631,10.387436,10.370338,10.387436,10.489990,10.558300,10.592438,10.592438,10.677727,10.779976,10.984158,11.001148,10.950157,11.035133,10.950157,11.069107,11.086086,11.103065,11.137009,11.204865,11.289619,11.255722,11.238777,11.035133,10.916145,10.814041,10.865101,10.882126,10.831066,10.899132,10.711826,10.762939,10.745911,10.814041,10.711826,10.677727,10.660679,10.558300,10.489990,10.507072,11.035133,10.967159,10.745911,10.336117,10.216270,10.216270,10.113426,10.113426,10.096279,10.010487,9.873051,9.924606,9.890244,9.821461,9.614849,9.580376,9.425079,9.425079,9.390537,9.373260,9.286831,9.200333,9.200333,9.269539,9.286831,9.269539,9.304119,9.286831,9.252239,9.234943,9.217640,9.252239,9.338692,9.649315,9.907425,9.907425,9.855862,9.511379,9.442345,9.338692,9.390537,9.442345,9.528633,9.666546,9.614849,9.580376,9.580376,9.597610,9.597610,9.528633,9.597610,9.545887,9.563126,9.511379,9.563126,9.476868,9.425079,9.476868,9.597610,9.941792,9.924606,9.735428,9.563126,9.217640,9.234943,9.286831,9.355976,9.321407,9.304119,9.286831,9.200333,9.079109,9.148392,9.061775,9.200333,9.234943,9.061775,9.131081,9.200333,9.373260,9.338692,9.234943,9.286831,9.373260,9.269539,9.269539,9.321407,9.304119,9.373260,9.269539,9.338692,9.304119,9.563126,10.044807,10.096279,10.061974,9.976139,9.873051,9.804260,9.821461,9.855862,9.804260,9.769852,9.804260,9.752644,9.907425,9.873051,9.769852,9.769852,9.873051,10.044807,10.079128,10.061974,9.941792,10.010487,9.890244,9.958965,9.924606,9.787056,9.787056,9.700993,9.769852,9.855862,9.735428,9.821461,9.838661,9.752644,9.804260,9.804260,9.873051,9.855862,
4.834267,4.996559,5.104614,5.140610,5.356339,5.607468,6.018761,6.250534,6.446259,6.357342,6.197094,5.804367,5.266499,4.707874,4.218987,3.964630,3.782589,3.709686,3.563744,3.563744,3.362751,3.527222,3.399323,3.417606,3.417606,3.399323,3.381042,3.472427,3.472427,3.399323,3.508965,3.472427,3.454159,3.508965,3.490696,3.746143,3.527222,3.600243,3.618496,3.435883,3.362751,3.618496,3.873646,4.164528,3.873646,3.782589,3.654976,3.636738,3.691456,3.654976,3.673222,3.727913,3.819023,3.800804,3.727913,3.746143,3.837234,3.800804,3.891846,3.964630,4.055538,4.218987,4.400314,4.834267,5.320412,5.535770,5.965206,6.375134,6.623875,6.748028,6.960518,7.031254,7.137272,7.225533,7.331345,7.489868,7.454662,7.489868,7.419441,7.401833,7.331345,7.313717,7.296085,7.243172,7.348972,7.207882,7.137272,7.119606,7.172585,7.154926,7.154926,7.243172,7.437057,7.560242,7.700855,7.665718,7.683289,7.683289,7.718422,7.665718,7.542656,7.630577,7.542656,7.577831,7.560242,7.507469,7.384212,7.384212,7.401833,7.331345,7.419441,7.454662,7.525059,7.577831,7.542656,7.542656,7.507469,7.577831,7.648148,7.665718,7.700855,7.788635,7.648148,7.612995,7.560242,7.595413,7.648148,7.630577,7.542656,7.542656,7.507469,7.507469,7.525059,7.489868,7.419441,7.384212,7.331345,7.366592,7.331345,7.278450,7.066605,6.995895,6.872036,6.925133,6.942829,7.101940,7.154926,7.154926,7.190231,7.172585,7.137272,7.013577,6.907440,6.836617,6.978207,6.995895,7.101940,7.137272,7.137272,7.101940,7.031254,7.101940,7.207882,7.207882,7.577831,8.069046,8.086544,7.963982,7.946465,7.963982,7.946465,8.016525,7.963982,8.069046,8.156513,8.156513,8.243912,8.296310,8.278851,8.243912,8.208961,8.174004,8.156513,8.348686,8.278851,8.278851,8.243912,8.174004,8.296310,8.331230,8.348686,8.418476,8.505650,8.453358,8.401035,8.697163,9.113758,9.113758,8.923035,8.853588,8.818848,8.836220,8.870953,8.818848,9.009773,8.975086,9.061775,9.079109,9.148392,9.252239,9.338692,9.494129,9.494129,9.614849,9.614849,9.700993,9.718216,9.718216,9.649315,9.545887,9.511379,9.494129,9.459610,9.511379,9.700993,9.597610,9.666546,9.614849,9.563126,9.459610,9.355976,9.528633,9.580376,9.649315,9.563126,9.494129,9.390537,9.442345,9.597610,9.511379,9.459610,9.425079,9.511379,9.528633,9.494129,9.390537,9.390537,9.459610,9.597610,9.563126,9.528633,9.528633,9.511379,9.442345,9.580376,9.442345,9.511379,9.718216,9.804260,9.821461,9.718216,9.752644,9.787056,9.769852,9.718216,9.735428,9.666546,9.718216,9.735428,9.838661,9.873051,9.907425,9.769852,9.580376,9.511379,9.425079,9.459610,9.494129,9.511379,9.425079,9.390537,9.338692,9.304119,9.338692,9.234943,9.252239,9.304119,9.321407,9.269539,9.234943,9.459610,9.459610,9.321407,9.044441,8.818848,8.870953,8.992432,8.888317,8.940388,9.009773,9.113758,9.200333,9.338692,9.442345,9.390537,9.338692,9.269539,9.321407,9.390537,9.355976,9.269539,9.269539,9.165710,9.200333,9.200333,9.286831,9.200333,9.338692,9.407806,9.425079,9.407806,9.321407,9.459610,9.907425,10.353233,10.387436,10.027649,9.958965,9.855862,9.958965,10.096279,10.164867,10.353233,10.507072,10.541225,10.455822,10.353233,10.301891,10.370338,10.489990,10.472908,10.455822,10.267654,10.199139,10.250530,10.182007,10.404537,10.301891,10.370338,10.353233,10.216270,10.336117,10.438725,10.301891,10.250530,10.319000,10.404537,10.421631,10.455822,10.489990,10.421631,10.250530,10.147728,10.061974,10.079128,10.044807,10.130581,10.113426,10.147728,10.164867,10.147728,10.284771,10.524147,10.609497,10.609497,10.319000,10.199139,10.130581,10.027649,9.993317,9.976139,9.958965,10.044807,9.993317,9.907425,10.010487,9.993317,10.061974,9.976139,10.010487,9.958965,10.027649,9.924606,9.958965,9.976139,10.044807,10.113426,10.147728,10.199139,10.182007,10.233398,10.130581,10.182007,10.387436,10.592438,10.831066,10.865101,10.831066,10.267654,9.907425,9.735428,9.666546,9.649315,9.769852,9.718216,9.683773,9.838661,9.787056,9.787056,9.873051,10.010487,10.096279,10.079128,10.199139,10.370338,10.353233,10.319000,10.370338,10.472908,10.524147,10.728870,10.916145,10.916145,10.916145,10.984158,11.187904,11.306557,11.204865,11.187904,11.120033,11.018150,10.745911,10.592438,10.267654,10.233398,10.182007,10.096279,10.061974,10.010487,10.079128,9.993317,9.907425,9.838661,9.993317,9.941792,9.855862,10.061974,10.096279,10.575371,10.950157,10.848083,10.541225,10.455822,10.353233,10.370338,10.455822,10.558300,10.507072,10.609497,10.541225,10.387436,10.455822,10.404537,10.438725,10.524147,10.745911,10.728870,10.933151,10.967159,11.069107,10.984158,11.086086,11.069107,11.018150,11.001148,11.069107,11.018150,11.052120,11.187904,11.103065,11.103065,10.967159,11.035133,11.035133,11.001148,10.984158,11.103065,11.086086,11.137009,11.035133,11.052120,11.018150,10.967159,10.967159,10.950157,10.899132,10.814041,10.933151,11.035133,11.137009,11.001148,11.018150,11.035133,11.018150,11.001148,10.967159,10.916145,10.779976,10.779976,10.694775,10.609497,10.507072,10.404537,10.250530,10.301891,10.130581,10.061974,10.010487,9.924606,9.907425,9.666546,9.683773,9.545887,9.528633,9.494129,9.390537,9.459610,9.286831,9.321407,9.304119,9.407806,9.632080,10.061974,10.199139,10.147728,9.976139,9.459610,9.269539,9.304119,9.269539,9.304119,9.304119,9.442345,9.321407,9.425079,9.614849,9.545887,9.597610,9.528633,9.614849,9.597610,9.580376,9.545887,9.494129,9.476868,9.580376,9.632080,9.787056,9.821461,9.804260,9.700993,9.528633,9.511379,9.407806,9.545887,9.666546,9.700993,9.580376,9.649315,9.459610,9.407806,9.269539,9.304119,9.373260,9.252239,9.234943,9.286831,9.217640,9.286831,9.355976,9.286831,9.355976,9.476868,9.407806,9.355976,9.269539,9.338692,9.252239,9.304119,9.200333,9.321407,9.683773,10.079128,10.044807,9.855862,9.666546,9.494129,9.511379,9.494129,9.476868,9.580376,9.597610,9.597610,9.528633,9.494129,9.442345,9.425079,9.355976,9.563126,9.787056,9.993317,9.958965,9.769852,9.649315,9.459610,9.425079,9.425079,9.425079,9.425079,9.563126,9.666546,9.563126,9.614849,9.666546,9.683773,9.700993,9.649315,9.718216,9.700993,9.787056,
4.798172,4.888393,4.924461,4.924461,5.032589,5.194580,5.446091,5.553699,5.965206,6.214916,6.410706,6.036610,6.197094,5.858009,5.140610,4.635590,4.237133,4.001003,3.837234,3.654976,3.581997,3.472427,3.417606,3.454159,3.417606,3.435883,3.490696,3.381042,3.399323,3.417606,3.399323,3.399323,3.472427,3.545483,3.454159,3.490696,3.508965,3.618496,3.581997,3.417606,3.381042,3.581997,3.964630,4.001003,3.837234,3.746143,3.654976,3.654976,3.654976,3.618496,3.782589,3.727913,3.837234,3.727913,3.819023,3.837234,3.819023,3.837234,3.910049,3.928246,3.946442,4.019184,3.946442,4.110050,4.382195,4.508957,4.942490,5.679108,6.250534,6.641617,6.854328,6.978207,7.207882,7.243172,7.172585,7.331345,7.296085,7.366592,7.296085,7.296085,7.243172,7.278450,7.348972,7.384212,7.348972,7.401833,7.331345,7.401833,7.525059,7.507469,7.700855,7.542656,7.577831,7.648148,7.700855,7.665718,7.665718,7.630577,7.507469,7.313717,7.384212,7.401833,7.384212,7.348972,7.313717,7.278450,7.190231,7.190231,7.348972,7.207882,7.296085,7.296085,7.384212,7.489868,7.525059,7.560242,7.489868,7.525059,7.595413,7.612995,7.577831,7.683289,7.718422,7.630577,7.630577,7.700855,7.665718,7.525059,7.560242,7.542656,7.384212,7.419441,7.348972,7.296085,7.243172,7.207882,7.207882,7.137272,7.101940,7.013577,6.925133,6.783474,6.694839,6.659363,6.801193,6.818905,6.925133,6.925133,6.995895,7.084278,7.066605,7.048931,6.995895,7.031254,7.101940,7.084278,7.137272,7.190231,7.190231,7.243172,7.331345,7.401833,7.401833,7.577831,7.735977,8.016525,8.104042,8.034035,8.034035,8.121536,8.104042,8.208961,8.313774,8.348686,8.401035,8.418476,8.523075,8.540497,8.470791,8.453358,8.435913,8.348686,8.348686,8.383591,8.383591,8.348686,8.418476,8.383591,8.383591,8.366138,8.348686,8.366138,8.331230,8.348686,8.313774,8.418476,8.975086,8.940388,8.714558,8.662369,8.662369,8.644970,8.592743,8.627563,8.662369,8.679768,8.644970,8.679768,8.714558,9.079109,9.252239,9.476868,9.666546,9.476868,9.061775,8.992432,9.217640,9.113758,8.992432,9.009773,9.131081,9.217640,9.183022,9.252239,9.407806,9.476868,9.304119,9.459610,9.476868,9.545887,9.597610,9.597610,9.752644,9.735428,9.700993,9.683773,9.511379,9.494129,9.580376,9.494129,9.494129,9.494129,9.476868,9.355976,9.442345,9.442345,9.494129,9.476868,9.545887,9.528633,9.494129,9.442345,9.528633,9.614849,9.580376,9.545887,9.683773,9.735428,9.821461,9.804260,9.752644,9.838661,9.890244,9.787056,9.821461,9.821461,9.821461,9.769852,9.804260,9.941792,9.958965,10.027649,9.855862,9.459610,9.407806,9.373260,9.407806,9.321407,9.252239,9.009773,9.009773,9.009773,9.148392,9.148392,9.200333,9.252239,9.183022,9.165710,9.096436,9.079109,9.148392,9.061775,8.818848,8.870953,8.923035,8.940388,9.027115,9.148392,8.992432,9.234943,9.355976,9.269539,9.494129,9.821461,9.924606,9.890244,9.941792,9.958965,9.993317,9.821461,9.804260,9.683773,9.752644,9.614849,9.614849,9.528633,9.735428,9.718216,9.718216,9.683773,9.545887,9.632080,9.718216,10.147728,10.438725,10.336117,10.061974,9.873051,9.821461,9.907425,10.061974,10.216270,10.319000,10.421631,10.387436,10.353233,10.284771,10.370338,10.387436,10.455822,10.455822,10.319000,10.061974,10.061974,10.079128,10.147728,10.216270,10.421631,10.353233,10.250530,10.233398,10.301891,10.216270,10.336117,10.250530,10.301891,10.267654,10.575371,10.507072,10.507072,10.438725,10.370338,10.301891,10.284771,10.284771,10.199139,10.284771,10.130581,10.130581,10.250530,10.250530,10.284771,10.301891,10.421631,10.438725,10.336117,10.301891,10.319000,10.284771,10.336117,10.353233,10.387436,10.489990,10.233398,10.250530,10.267654,10.319000,10.267654,10.199139,10.147728,10.233398,10.182007,10.164867,10.079128,10.096279,10.079128,10.027649,10.010487,10.010487,10.044807,10.044807,9.941792,9.941792,9.976139,10.113426,10.592438,10.694775,10.507072,9.890244,9.683773,9.632080,9.563126,9.511379,9.563126,9.528633,9.545887,9.528633,9.511379,9.580376,9.632080,9.718216,9.683773,9.632080,9.597610,9.683773,9.718216,9.700993,9.632080,9.873051,9.941792,10.130581,10.199139,10.370338,10.370338,10.438725,10.728870,10.797012,10.899132,11.052120,11.018150,10.967159,10.797012,10.404537,10.319000,10.301891,10.199139,10.250530,10.199139,10.336117,10.353233,10.336117,10.319000,10.370338,10.472908,10.524147,10.455822,10.677727,10.831066,10.950157,11.069107,11.137009,11.137009,11.069107,11.052120,10.967159,10.984158,11.001148,10.967159,10.882126,10.814041,10.745911,10.728870,10.609497,10.762939,10.916145,11.001148,11.170944,11.323498,11.204865,11.238777,11.069107,11.069107,11.069107,11.018150,11.018150,11.018150,10.933151,10.984158,10.950157,10.967159,10.797012,10.967159,11.137009,11.153976,11.018150,11.069107,11.153976,11.170944,11.103065,11.069107,11.069107,11.018150,10.933151,11.001148,10.916145,10.899132,10.899132,10.933151,11.001148,11.035133,11.035133,11.035133,11.001148,11.001148,11.086086,11.035133,10.933151,10.916145,10.762939,10.626560,10.609497,10.609497,10.472908,10.301891,10.489990,10.421631,10.489990,10.404537,10.301891,10.216270,10.182007,10.079128,10.199139,10.182007,10.079128,10.044807,10.027649,9.941792,9.941792,9.769852,10.061974,10.182007,10.216270,10.284771,10.250530,9.907425,9.494129,9.459610,9.511379,9.442345,9.459610,9.390537,9.528633,9.563126,9.511379,9.511379,9.649315,9.528633,9.511379,9.511379,9.597610,9.425079,9.373260,9.355976,9.355976,9.355976,9.338692,9.390537,9.580376,9.494129,9.476868,9.476868,9.425079,9.459610,9.425079,9.511379,9.718216,9.855862,9.769852,9.425079,9.407806,9.252239,9.304119,9.338692,9.321407,9.390537,9.459610,9.459610,9.390537,9.459610,9.476868,9.442345,9.407806,9.459610,9.476868,9.563126,9.459610,9.476868,9.476868,9.459610,9.442345,9.752644,9.941792,9.821461,9.597610,9.425079,9.373260,9.355976,9.407806,9.511379,9.545887,9.494129,9.442345,9.442345,9.252239,9.234943,9.165710,9.269539,9.425079,9.873051,9.890244,9.787056,9.545887,9.286831,9.217640,9.096436,9.113758,9.183022,9.269539,9.269539,9.252239,9.304119,9.286831,9.252239,9.321407,9.304119,9.234943,9.234943,9.200333,9.286831,
4.780113,4.743999,4.798172,4.924461,4.816223,4.942490,5.014572,5.140610,5.356339,5.464031,5.965206,6.268349,6.339550,6.375134,5.965206,5.428139,4.978535,4.327812,4.037365,3.782589,3.691456,3.527222,3.417606,3.381042,3.472427,3.454159,3.472427,3.417606,3.307877,3.490696,3.417606,3.508965,3.508965,3.545483,3.545483,3.490696,3.545483,3.527222,3.581997,3.271278,3.326176,3.636738,3.891846,4.037365,3.891846,3.819023,3.764370,3.709686,3.636738,3.691456,3.673222,3.673222,3.800804,3.800804,3.800804,3.819023,3.837234,3.837234,3.819023,3.800804,3.819023,3.964630,3.982819,3.910049,4.019184,4.110050,4.182686,4.581333,5.068611,5.768597,6.250534,6.499577,6.836617,6.960518,7.048931,7.084278,7.260815,7.296085,7.348972,7.384212,7.454662,7.612995,7.700855,7.700855,7.806187,7.648148,7.648148,7.630577,7.595413,7.700855,7.683289,7.612995,7.700855,7.612995,7.507469,7.542656,7.454662,7.384212,7.348972,7.154926,7.137272,7.313717,7.331345,7.278450,7.260815,7.190231,7.190231,7.243172,7.296085,7.313717,7.348972,7.384212,7.472267,7.525059,7.577831,7.542656,7.612995,7.577831,7.612995,7.648148,7.700855,7.542656,7.595413,7.542656,7.560242,7.437057,7.172585,7.172585,7.154926,7.225533,7.190231,7.243172,7.207882,7.137272,7.084278,6.995895,6.925133,6.836617,6.836617,6.801193,6.748028,6.748028,6.641617,6.552864,6.623875,6.659363,6.730297,6.730297,6.801193,7.013577,7.048931,6.995895,7.013577,6.995895,6.960518,6.889732,6.907440,6.978207,7.031254,7.137272,7.172585,7.313717,7.331345,7.454662,7.560242,7.700855,7.806187,7.981499,7.999016,8.069046,8.261383,8.331230,8.470791,8.488220,8.627563,8.714558,8.714558,8.662369,8.731949,8.784096,8.766716,8.749332,8.801476,8.818848,8.870953,8.801476,8.662369,8.766716,8.818848,8.905678,8.957737,8.923035,8.923035,8.836220,8.784096,8.853588,9.079109,9.096436,9.061775,8.905678,8.905678,8.975086,8.853588,8.853588,8.888317,8.940388,8.888317,8.905678,8.940388,9.131081,9.217640,9.580376,9.735428,9.390537,8.714558,8.697163,8.801476,8.766716,8.714558,8.766716,8.731949,8.731949,8.714558,8.766716,8.905678,8.784096,8.766716,8.801476,8.923035,9.131081,8.905678,8.992432,9.044441,9.113758,9.217640,9.321407,9.286831,9.321407,9.373260,9.286831,9.286831,9.528633,9.528633,9.545887,9.528633,9.511379,9.476868,9.476868,9.459610,9.528633,9.614849,9.718216,9.700993,9.752644,9.890244,9.787056,9.855862,9.873051,10.010487,9.958965,9.976139,9.993317,10.027649,9.976139,9.958965,9.976139,9.958965,9.958965,9.907425,10.010487,10.079128,10.096279,10.061974,9.752644,9.649315,9.425079,9.390537,9.407806,9.234943,9.148392,9.027115,8.940388,8.957737,8.975086,9.027115,9.183022,9.061775,9.044441,8.923035,8.853588,8.801476,8.801476,8.836220,8.784096,8.766716,8.766716,8.836220,8.749332,8.749332,8.853588,8.801476,8.749332,9.027115,9.735428,10.027649,10.044807,10.027649,9.976139,9.976139,9.958965,9.838661,9.907425,9.838661,9.941792,10.010487,10.113426,10.182007,10.301891,10.319000,10.370338,10.199139,10.147728,10.147728,10.353233,10.421631,10.319000,10.267654,10.319000,10.010487,10.113426,10.267654,10.319000,10.319000,10.353233,10.421631,10.489990,10.558300,10.353233,10.319000,10.353233,10.370338,10.284771,10.199139,10.044807,10.096279,10.164867,10.182007,10.370338,10.233398,10.233398,10.182007,10.301891,10.199139,10.182007,10.199139,10.182007,10.199139,10.575371,10.626560,10.558300,10.489990,10.404537,10.455822,10.370338,10.301891,10.182007,10.130581,10.199139,10.233398,10.182007,10.096279,10.044807,10.079128,10.164867,10.301891,10.404537,10.387436,10.438725,10.472908,10.421631,10.524147,10.541225,10.541225,10.387436,10.524147,10.643623,10.541225,10.421631,10.524147,10.677727,10.592438,10.575371,10.267654,10.284771,10.079128,10.061974,10.061974,9.958965,10.044807,10.027649,9.907425,9.976139,9.958965,9.907425,10.010487,10.267654,10.592438,10.541225,10.044807,9.924606,10.130581,9.941792,9.855862,9.873051,9.890244,9.907425,9.976139,10.010487,10.079128,10.044807,10.130581,9.993317,9.890244,9.769852,9.718216,9.838661,9.838661,9.769852,9.649315,9.735428,9.924606,9.873051,9.958965,9.735428,9.804260,9.941792,10.061974,9.958965,10.404537,10.575371,10.626560,10.079128,9.718216,9.597610,9.545887,9.580376,9.700993,9.563126,9.804260,9.873051,9.907425,9.941792,9.958965,10.044807,10.147728,10.130581,10.216270,10.370338,10.592438,10.694775,10.882126,10.916145,11.187904,11.255722,11.289619,11.289619,11.221825,11.238777,11.272675,11.187904,11.187904,11.289619,11.323498,11.543430,11.492725,11.475815,11.458900,11.289619,11.340439,11.289619,11.306557,11.238777,11.238777,10.950157,10.882126,10.831066,10.831066,10.762939,10.711826,10.660679,10.643623,10.933151,11.221825,11.187904,11.221825,11.187904,11.153976,11.086086,11.052120,11.018150,11.069107,10.899132,10.950157,10.831066,10.899132,10.933151,10.882126,10.967159,10.882126,10.984158,10.933151,10.831066,10.814041,10.967159,10.831066,10.865101,10.728870,10.643623,10.558300,10.489990,10.524147,10.455822,10.387436,10.472908,10.438725,10.524147,10.575371,10.336117,10.147728,10.079128,10.147728,10.130581,10.113426,10.096279,10.147728,10.079128,10.113426,10.061974,10.096279,10.130581,10.147728,10.199139,10.250530,10.250530,10.061974,10.079128,9.924606,9.941792,9.924606,9.924606,9.855862,9.683773,9.735428,9.838661,9.804260,9.821461,9.752644,9.735428,9.597610,9.683773,9.476868,9.494129,9.355976,9.425079,9.407806,9.425079,9.407806,9.494129,9.528633,9.511379,9.442345,9.476868,9.425079,9.355976,9.252239,9.476868,9.924606,9.890244,9.838661,9.545887,9.373260,9.355976,9.338692,9.252239,9.269539,9.252239,9.286831,9.338692,9.407806,9.355976,9.390537,9.373260,9.390537,9.407806,9.407806,9.459610,9.511379,9.442345,9.494129,9.563126,9.666546,9.632080,9.735428,9.649315,9.476868,9.425079,9.494129,9.597610,9.373260,9.563126,9.666546,9.700993,9.700993,9.649315,9.442345,9.338692,9.373260,9.476868,9.666546,9.752644,9.735428,9.632080,9.442345,9.252239,9.269539,9.113758,9.234943,9.286831,9.321407,9.269539,9.338692,9.286831,9.390537,9.269539,9.269539,9.269539,9.131081,9.079109,9.027115,9.113758,
4.617508,4.635590,4.762062,4.834267,4.852314,4.870358,5.014572,4.852314,5.104614,5.212570,5.410194,5.607468,6.161457,6.197094,6.517342,6.375134,5.858009,5.248528,4.725941,4.182686,3.982819,3.727913,3.654976,3.508965,3.454159,3.417606,3.472427,3.527222,3.417606,3.307877,3.435883,3.472427,3.490696,3.454159,3.600243,3.563744,3.490696,3.545483,3.472427,3.326176,3.307877,3.654976,4.073711,4.091881,3.964630,3.928246,3.764370,3.709686,3.636738,3.691456,3.709686,3.654976,3.746143,3.764370,3.891846,3.782589,3.837234,3.819023,3.819023,3.891846,3.910049,3.946442,3.910049,3.982819,3.964630,4.001003,3.910049,4.200836,4.309685,4.743999,5.176598,5.768597,6.357342,6.641617,6.889732,7.119606,7.366592,7.577831,7.700855,7.700855,7.665718,7.858810,7.806187,7.806187,7.876347,7.858810,7.718422,7.718422,7.665718,7.700855,7.525059,7.489868,7.454662,7.489868,7.401833,7.472267,7.384212,7.348972,7.296085,7.137272,7.137272,7.225533,7.331345,7.260815,7.401833,7.348972,7.419441,7.437057,7.542656,7.542656,7.525059,7.560242,7.560242,7.542656,7.489868,7.507469,7.507469,7.401833,7.437057,7.313717,7.190231,7.101940,7.031254,6.925133,6.978207,6.801193,6.818905,6.730297,6.907440,6.872036,6.872036,6.889732,7.066605,7.048931,7.013577,6.978207,6.801193,6.836617,6.677101,6.730297,6.730297,6.694839,6.641617,6.659363,6.712570,6.712570,6.694839,6.748028,6.677101,6.783474,6.942829,6.889732,7.013577,6.872036,6.836617,6.783474,6.801193,6.836617,6.818905,6.872036,6.889732,7.137272,7.137272,7.243172,7.401833,7.401833,7.454662,7.489868,7.788635,7.735977,7.841270,7.893879,8.069046,8.540497,8.523075,8.540497,8.488220,8.505650,8.610161,8.610161,8.627563,8.662369,8.731949,8.697163,8.766716,8.731949,8.766716,8.766716,8.836220,8.923035,8.975086,9.044441,9.027115,9.044441,9.079109,9.131081,9.183022,9.217640,9.165710,9.234943,9.217640,9.165710,9.234943,9.234943,9.321407,9.373260,9.442345,9.252239,9.528633,9.649315,9.683773,9.683773,9.580376,9.355976,8.888317,8.888317,8.975086,8.992432,8.940388,8.992432,9.009773,8.957737,8.940388,8.905678,9.044441,8.992432,8.888317,8.905678,8.975086,8.923035,8.836220,8.905678,8.870953,8.836220,8.940388,8.957737,8.975086,8.940388,8.818848,8.818848,8.801476,8.905678,9.304119,9.545887,9.511379,9.407806,9.252239,9.234943,9.321407,9.217640,9.321407,9.355976,9.390537,9.528633,9.425079,9.563126,9.511379,9.459610,9.580376,9.752644,9.855862,9.924606,9.855862,9.890244,9.632080,9.666546,9.683773,9.735428,9.769852,9.907425,10.027649,10.044807,9.958965,9.993317,9.873051,9.907425,9.993317,9.890244,9.907425,9.890244,9.804260,9.718216,9.700993,9.545887,9.494129,9.390537,9.338692,9.252239,9.165710,9.113758,8.923035,8.905678,8.923035,9.027115,8.818848,8.818848,8.853588,8.940388,9.027115,9.131081,9.113758,9.355976,9.563126,10.061974,10.010487,9.924606,9.993317,9.976139,9.873051,9.873051,9.838661,9.769852,9.821461,9.769852,9.993317,10.233398,10.147728,10.267654,10.387436,10.301891,10.216270,10.233398,10.096279,10.147728,10.250530,10.301891,10.250530,10.164867,10.147728,10.250530,10.250530,10.284771,10.267654,10.353233,10.455822,10.489990,10.541225,10.592438,10.558300,10.370338,10.147728,10.044807,9.873051,10.010487,10.027649,10.096279,10.130581,10.267654,10.336117,10.319000,10.267654,10.284771,10.233398,10.233398,10.301891,10.404537,10.524147,10.524147,10.626560,10.626560,10.541225,10.609497,10.558300,10.438725,10.353233,10.216270,10.301891,10.284771,10.233398,10.250530,10.267654,10.130581,10.199139,10.182007,10.250530,10.404537,10.438725,10.370338,10.353233,10.404537,10.353233,10.421631,10.404537,10.438725,10.524147,10.609497,10.455822,10.421631,10.592438,10.677727,10.592438,10.524147,10.421631,10.061974,10.044807,10.044807,10.027649,10.027649,9.873051,9.993317,9.941792,9.907425,9.907425,10.096279,10.010487,10.370338,10.472908,10.353233,10.421631,10.421631,10.592438,10.677727,10.814041,10.865101,10.779976,10.882126,10.848083,10.967159,10.950157,10.882126,10.779976,10.711826,10.558300,10.558300,10.677727,10.609497,10.592438,10.592438,10.609497,10.626560,10.592438,10.455822,10.301891,10.044807,9.890244,9.752644,9.787056,9.804260,10.336117,10.728870,10.643623,10.027649,9.700993,9.735428,9.718216,9.666546,9.735428,9.752644,9.941792,9.976139,9.993317,9.958965,9.890244,9.958965,9.924606,9.924606,9.993317,10.027649,10.233398,10.353233,10.455822,10.643623,10.865101,10.916145,10.865101,10.660679,10.660679,10.797012,10.728870,10.745911,10.797012,11.069107,11.492725,11.678528,11.678528,11.678528,11.560329,11.526535,11.492725,11.458900,11.526535,11.391228,11.374298,11.272675,11.170944,11.052120,11.052120,10.848083,10.797012,10.831066,10.814041,11.238777,11.272675,11.272675,11.323498,11.441990,11.272675,11.238777,11.187904,11.187904,11.170944,11.052120,11.086086,11.170944,11.137009,11.120033,11.035133,11.001148,10.950157,10.950157,10.916145,10.848083,10.882126,10.916145,10.899132,10.848083,10.711826,10.643623,10.575371,10.472908,10.507072,10.421631,10.455822,10.472908,10.575371,10.797012,10.745911,10.507072,10.284771,10.353233,10.319000,10.147728,10.044807,10.044807,10.096279,10.079128,10.044807,9.993317,10.044807,10.079128,10.079128,10.130581,9.976139,10.010487,9.976139,9.993317,9.941792,9.976139,10.027649,9.993317,10.010487,9.976139,10.079128,10.044807,10.233398,10.216270,10.199139,10.250530,10.130581,9.976139,10.044807,9.993317,9.907425,9.769852,9.941792,9.838661,9.855862,9.821461,9.873051,9.769852,9.804260,9.649315,9.563126,9.476868,9.425079,9.649315,9.993317,9.976139,9.787056,9.563126,9.476868,9.425079,9.407806,9.407806,9.390537,9.355976,9.304119,9.321407,9.373260,9.407806,9.338692,9.373260,9.390537,9.476868,9.373260,9.355976,9.425079,9.528633,9.545887,9.459610,9.494129,9.597610,9.511379,9.407806,9.476868,9.459610,9.476868,9.407806,9.580376,9.890244,9.958965,9.941792,9.855862,9.649315,9.338692,9.355976,9.373260,9.390537,9.442345,9.476868,9.494129,9.476868,9.442345,9.373260,9.373260,9.355976,9.373260,9.511379,9.425079,9.390537,9.476868,9.476868,9.494129,9.390537,9.407806,9.338692,9.183022,9.269539,9.234943,9.113758,
4.019184,4.345943,4.454651,4.617508,4.707874,4.888393,4.834267,4.924461,4.942490,4.978535,5.068611,5.176598,5.338371,5.643291,6.125797,6.392914,6.464035,6.179276,5.499908,4.834267,4.454651,4.110050,3.873646,3.673222,3.508965,3.508965,3.454159,3.435883,3.545483,3.508965,3.472427,3.472427,3.527222,3.545483,3.527222,3.527222,3.563744,3.527222,3.490696,3.289577,3.234665,3.545483,4.055538,4.128212,4.001003,4.037365,3.819023,3.782589,3.727913,3.709686,3.691456,3.673222,3.800804,3.764370,3.709686,3.746143,3.746143,3.727913,3.764370,3.873646,3.946442,3.873646,3.964630,3.928246,3.910049,3.946442,3.982819,4.073711,4.019184,4.073711,4.327812,4.671738,5.194580,5.893753,6.499577,7.207882,7.454662,7.648148,7.630577,7.665718,7.648148,7.454662,7.525059,7.542656,7.437057,7.577831,7.683289,7.683289,7.577831,7.542656,7.525059,7.542656,7.542656,7.472267,7.489868,7.454662,7.401833,7.384212,7.348972,7.296085,7.313717,7.366592,7.401833,7.366592,7.401833,7.437057,7.454662,7.454662,7.348972,7.278450,7.296085,7.172585,7.137272,7.207882,7.243172,7.101940,6.995895,6.889732,6.889732,6.854328,6.801193,6.836617,6.836617,6.818905,6.801193,6.694839,6.765751,6.801193,6.818905,6.854328,6.730297,6.712570,6.872036,6.995895,7.013577,6.960518,6.907440,6.836617,6.783474,6.925133,6.818905,6.818905,6.836617,6.872036,6.942829,6.907440,6.836617,6.748028,6.677101,6.694839,6.677101,6.730297,6.836617,6.925133,6.889732,6.942829,6.872036,6.818905,6.854328,6.942829,7.048931,7.137272,7.260815,7.401833,7.419441,7.437057,7.419441,7.525059,7.771088,7.911411,7.876347,7.806187,8.069046,8.401035,8.435913,8.435913,8.348686,8.435913,8.470791,8.488220,8.435913,8.453358,8.418476,8.383591,8.366138,8.470791,8.470791,8.435913,8.523075,8.540497,8.697163,8.818848,8.766716,8.784096,8.731949,8.836220,8.870953,8.905678,8.957737,8.940388,9.131081,9.200333,9.252239,9.217640,9.442345,9.580376,9.511379,9.407806,9.355976,9.321407,9.269539,9.200333,9.286831,9.200333,9.113758,9.113758,9.200333,9.148392,9.131081,9.200333,9.234943,9.217640,9.304119,9.252239,9.338692,9.355976,9.286831,9.407806,9.390537,9.234943,9.373260,9.252239,9.131081,9.044441,9.009773,9.079109,9.148392,9.061775,9.027115,8.818848,8.836220,8.818848,8.853588,9.217640,9.425079,9.528633,9.355976,9.304119,9.321407,9.183022,9.304119,9.252239,9.183022,9.252239,9.321407,9.217640,9.183022,9.269539,9.234943,9.545887,9.752644,9.821461,9.649315,9.442345,9.234943,9.234943,9.269539,9.390537,9.355976,9.511379,9.649315,9.649315,9.855862,9.821461,9.976139,10.010487,10.010487,10.044807,10.044807,10.079128,9.958965,9.941792,9.924606,9.787056,9.769852,9.787056,9.890244,9.838661,9.804260,9.855862,9.804260,9.769852,9.855862,9.787056,9.683773,9.459610,9.459610,9.649315,9.873051,9.821461,9.838661,9.907425,10.027649,10.147728,9.976139,9.855862,9.838661,9.907425,9.873051,9.873051,9.855862,9.838661,9.976139,10.061974,10.044807,10.113426,10.113426,10.061974,10.113426,10.216270,10.164867,10.113426,10.079128,9.941792,10.130581,10.147728,10.164867,10.044807,9.976139,10.044807,10.079128,10.079128,10.079128,10.061974,10.216270,10.489990,10.507072,10.455822,10.182007,9.769852,9.545887,9.580376,9.545887,9.614849,9.597610,9.580376,9.769852,9.752644,9.683773,9.873051,9.924606,9.855862,9.958965,9.924606,10.147728,10.370338,10.284771,10.284771,10.233398,10.284771,10.301891,10.387436,10.541225,10.421631,10.387436,10.353233,10.438725,10.524147,10.609497,10.694775,10.643623,10.507072,10.336117,10.284771,10.404537,10.370338,10.301891,10.319000,10.301891,10.284771,10.301891,10.284771,10.284771,10.250530,10.370338,10.387436,10.199139,10.267654,10.164867,10.267654,10.507072,10.524147,10.370338,10.010487,9.649315,9.580376,9.494129,9.563126,9.442345,9.425079,9.494129,9.511379,9.545887,9.649315,9.838661,10.027649,10.044807,9.924606,9.993317,10.096279,10.336117,10.592438,10.779976,10.779976,10.711826,10.728870,10.882126,10.984158,10.933151,10.865101,10.882126,10.762939,10.814041,10.899132,11.086086,11.086086,11.170944,11.035133,11.069107,11.103065,11.052120,10.950157,10.865101,10.711826,10.524147,10.301891,10.319000,10.370338,10.848083,10.933151,10.762939,10.472908,10.404537,10.404537,10.319000,10.421631,10.558300,10.489990,10.643623,10.575371,10.404537,10.387436,10.284771,10.233398,10.284771,10.182007,10.061974,10.182007,10.353233,10.404537,10.558300,10.677727,10.779976,10.592438,10.233398,10.164867,10.164867,10.027649,10.096279,10.079128,10.301891,10.797012,11.306557,11.340439,11.289619,11.035133,10.848083,10.899132,10.967159,10.848083,10.984158,10.899132,11.001148,11.052120,11.069107,11.103065,11.086086,10.950157,10.950157,10.984158,11.035133,11.001148,11.137009,11.204865,10.984158,11.221825,11.255722,11.238777,11.137009,11.103065,11.086086,11.137009,11.187904,11.170944,11.170944,11.103065,11.035133,10.967159,10.933151,10.916145,10.882126,10.950157,10.865101,10.882126,10.848083,10.779976,10.677727,10.677727,10.643623,10.660679,10.643623,10.626560,10.626560,10.745911,10.916145,11.069107,11.137009,11.052120,11.086086,11.001148,10.814041,10.575371,10.455822,10.507072,10.404537,10.472908,10.353233,10.472908,10.353233,10.319000,10.284771,10.250530,10.182007,10.164867,10.079128,10.061974,10.044807,9.855862,9.838661,9.821461,9.838661,9.769852,9.873051,10.113426,10.524147,10.524147,10.507072,10.438725,10.387436,10.267654,10.319000,10.061974,9.924606,9.873051,9.907425,9.821461,9.838661,9.890244,9.873051,9.976139,9.890244,9.958965,9.821461,9.769852,9.804260,9.924606,9.958965,9.890244,9.838661,9.958965,9.976139,10.164867,10.044807,9.993317,9.958965,9.855862,9.890244,9.958965,9.924606,9.855862,9.855862,9.855862,9.769852,9.683773,9.632080,9.614849,9.597610,9.787056,9.683773,9.632080,9.683773,9.649315,9.632080,9.476868,9.528633,9.545887,9.597610,9.735428,10.027649,10.113426,10.113426,9.993317,9.821461,9.476868,9.321407,9.252239,9.148392,9.217640,9.252239,9.061775,9.234943,9.304119,9.355976,9.355976,9.304119,9.425079,9.476868,9.321407,9.304119,9.373260,9.390537,9.304119,9.459610,9.355976,9.355976,9.355976,9.286831,9.338692,9.234943,9.286831,
3.873646,3.910049,4.164528,4.382195,4.527058,4.780113,4.960514,4.888393,4.978535,4.942490,4.906425,4.978535,5.122616,5.302444,5.607468,5.965206,6.286148,6.464035,6.179276,5.732807,4.960514,4.364071,4.091881,3.837234,3.691456,3.490696,3.472427,3.472427,3.545483,3.581997,3.563744,3.381042,3.454159,3.545483,3.454159,3.472427,3.490696,3.581997,3.490696,3.289577,3.326176,3.746143,4.128212,4.128212,4.182686,4.110050,3.837234,3.727913,3.673222,3.819023,3.727913,3.691456,3.819023,3.782589,3.800804,3.691456,3.764370,3.819023,3.800804,3.837234,3.946442,4.019184,3.946442,3.910049,4.001003,3.928246,4.037365,4.110050,4.073711,3.946442,4.128212,4.273415,4.382195,4.725941,5.589546,6.570625,6.872036,7.084278,7.084278,7.243172,7.137272,7.172585,7.154926,7.207882,7.207882,7.296085,7.507469,7.612995,7.648148,7.648148,7.648148,7.630577,7.612995,7.612995,7.577831,7.612995,7.542656,7.577831,7.472267,7.472267,7.419441,7.489868,7.384212,7.296085,7.348972,7.366592,7.260815,7.137272,7.048931,6.907440,6.801193,6.748028,6.801193,6.836617,6.712570,6.765751,6.783474,6.730297,6.712570,6.836617,6.801193,6.712570,6.783474,6.836617,6.907440,6.925133,6.872036,7.119606,7.101940,7.190231,7.048931,7.013577,6.995895,7.048931,7.013577,7.048931,6.942829,6.942829,6.960518,6.942829,7.013577,6.978207,6.907440,6.942829,7.031254,6.889732,6.854328,6.836617,6.623875,6.570625,6.570625,6.517342,6.535103,6.748028,6.872036,6.907440,7.013577,6.960518,7.119606,7.154926,7.172585,7.348972,7.419441,7.507469,7.419441,7.542656,7.683289,7.823730,7.876347,8.016525,7.946465,7.946465,8.208961,8.383591,8.435913,8.418476,8.383591,8.470791,8.470791,8.453358,8.488220,8.470791,8.540497,8.557915,8.575333,8.540497,8.540497,8.505650,8.453358,8.557915,8.610161,8.627563,8.697163,8.627563,8.749332,8.714558,8.870953,8.888317,8.940388,8.905678,9.061775,9.079109,9.113758,9.252239,9.545887,9.494129,9.476868,9.252239,8.957737,8.836220,8.784096,8.766716,8.784096,8.870953,8.975086,8.905678,8.888317,8.853588,8.905678,9.027115,9.044441,8.992432,9.044441,9.009773,9.027115,9.131081,9.200333,9.165710,9.234943,9.269539,9.217640,9.131081,9.131081,9.044441,8.957737,9.009773,9.304119,9.580376,9.528633,9.425079,9.061775,9.027115,8.975086,8.992432,9.096436,9.148392,9.234943,9.234943,9.286831,9.286831,9.304119,9.321407,9.390537,9.304119,9.373260,9.304119,9.200333,9.131081,9.252239,9.425079,9.476868,9.563126,9.528633,9.338692,9.286831,9.217640,9.234943,9.269539,9.286831,9.355976,9.390537,9.545887,9.649315,9.683773,9.666546,9.614849,9.632080,9.838661,9.821461,9.769852,9.632080,9.580376,9.545887,9.563126,9.563126,9.597610,9.614849,9.769852,9.718216,9.735428,9.821461,9.873051,9.976139,9.993317,9.632080,9.373260,9.269539,9.355976,9.580376,9.528633,9.632080,9.563126,9.511379,9.580376,9.563126,9.597610,9.700993,9.787056,10.061974,10.164867,10.233398,10.061974,10.113426,10.079128,10.113426,10.130581,10.113426,10.147728,10.147728,10.164867,10.130581,10.061974,9.993317,10.044807,10.044807,10.164867,10.010487,9.993317,9.976139,9.993317,10.096279,10.044807,10.079128,10.044807,10.164867,10.455822,10.421631,10.216270,9.752644,9.614849,9.649315,9.563126,9.494129,9.511379,9.459610,9.494129,9.545887,9.528633,9.528633,9.545887,9.580376,9.511379,9.511379,9.511379,9.718216,9.700993,9.683773,9.528633,9.649315,9.769852,9.752644,9.752644,9.752644,9.804260,9.804260,9.941792,10.113426,10.387436,10.541225,10.524147,10.455822,10.489990,10.489990,10.455822,10.370338,10.353233,10.319000,10.353233,10.250530,10.267654,10.319000,10.336117,10.455822,10.387436,10.404537,10.370338,10.250530,10.233398,10.147728,10.250530,10.455822,10.472908,10.387436,10.096279,9.752644,9.683773,9.459610,9.614849,9.614849,9.597610,9.614849,9.545887,9.580376,9.769852,9.924606,9.890244,9.958965,9.924606,9.941792,9.890244,9.993317,10.267654,10.147728,9.976139,9.907425,9.821461,9.924606,10.010487,10.096279,10.079128,10.233398,10.216270,10.147728,10.387436,10.728870,10.933151,10.779976,10.507072,10.267654,10.438725,10.660679,10.745911,10.575371,10.575371,10.524147,10.524147,10.609497,10.626560,10.779976,10.882126,10.882126,10.728870,10.626560,10.762939,10.899132,10.916145,10.797012,10.950157,10.831066,10.899132,10.865101,10.831066,10.916145,10.865101,10.762939,10.694775,10.728870,10.694775,10.950157,10.831066,10.899132,10.779976,10.762939,10.541225,10.267654,10.182007,10.130581,10.113426,10.199139,10.164867,10.404537,10.831066,11.103065,11.255722,11.052120,10.711826,10.455822,10.421631,10.472908,10.404537,10.438725,10.507072,10.575371,10.558300,10.489990,10.421631,10.472908,10.336117,10.353233,10.421631,10.489990,10.472908,10.524147,10.421631,10.524147,10.472908,10.575371,10.677727,10.609497,10.643623,10.728870,10.728870,10.762939,10.882126,10.814041,10.814041,10.797012,10.814041,10.831066,10.779976,10.779976,10.797012,10.745911,10.831066,10.762939,10.745911,10.677727,10.762939,10.660679,10.745911,10.865101,10.831066,10.950157,11.069107,11.204865,11.289619,11.238777,11.255722,11.323498,11.306557,11.187904,11.069107,11.137009,11.103065,11.120033,10.916145,10.899132,10.899132,10.814041,10.848083,10.728870,10.660679,10.745911,10.541225,10.575371,10.541225,10.455822,10.301891,10.267654,10.164867,10.096279,10.250530,10.438725,10.814041,10.848083,10.848083,10.660679,10.575371,10.421631,10.182007,10.061974,9.941792,9.821461,9.838661,9.941792,9.855862,9.769852,9.890244,9.890244,9.873051,9.821461,9.838661,9.924606,9.735428,9.700993,9.700993,9.821461,9.907425,9.890244,10.010487,10.096279,10.096279,10.130581,10.130581,10.061974,10.147728,10.233398,10.370338,10.370338,10.387436,10.353233,10.319000,10.233398,10.164867,10.147728,9.976139,10.130581,10.061974,10.164867,10.079128,10.061974,9.993317,9.976139,10.061974,10.044807,9.976139,10.096279,10.216270,10.353233,10.267654,10.301891,10.079128,9.649315,9.511379,9.355976,9.338692,9.304119,9.355976,9.269539,9.286831,9.338692,9.338692,9.321407,9.304119,9.390537,9.304119,9.304119,9.200333,9.252239,9.234943,9.338692,9.390537,9.459610,9.355976,9.459610,9.234943,9.269539,9.234943,9.252239,9.200333,
3.709686,3.837234,4.073711,4.001003,4.146374,4.400314,4.762062,4.942490,5.014572,4.978535,5.032589,4.978535,4.960514,5.050598,5.176598,5.410194,5.661201,6.125797,6.357342,6.481804,5.858009,5.230549,4.671738,4.164528,3.910049,3.691456,3.545483,3.654976,3.527222,3.490696,3.472427,3.362751,3.490696,3.508965,3.454159,3.527222,3.563744,3.581997,3.527222,3.307877,3.435883,3.673222,4.110050,4.237133,4.327812,4.128212,3.855442,3.782589,3.764370,3.709686,3.691456,3.636738,3.727913,3.727913,3.800804,3.800804,3.727913,3.727913,3.746143,3.800804,3.873646,3.964630,3.928246,3.946442,3.837234,3.928246,3.946442,4.001003,3.928246,4.091881,4.073711,4.164528,4.110050,4.001003,4.527058,5.356339,5.965206,6.339550,6.730297,6.872036,7.013577,7.066605,7.190231,7.154926,7.225533,7.401833,7.454662,7.630577,7.683289,7.771088,7.753536,7.718422,7.630577,7.683289,7.595413,7.472267,7.437057,7.296085,7.331345,7.260815,7.137272,6.978207,6.960518,6.889732,6.925133,7.013577,7.048931,6.942829,6.818905,6.712570,6.748028,6.659363,6.783474,6.730297,6.712570,6.748028,6.783474,6.783474,6.872036,6.907440,6.907440,6.942829,7.048931,7.031254,7.013577,7.013577,6.978207,7.048931,7.013577,7.013577,7.031254,7.048931,6.872036,6.907440,6.765751,6.889732,6.836617,6.694839,6.748028,6.659363,6.464035,6.552864,6.570625,6.552864,6.552864,6.588379,6.499577,6.410706,6.375134,6.375134,6.250534,6.232731,6.428486,6.428486,6.499577,6.818905,6.960518,7.031254,7.225533,7.366592,7.366592,7.366592,7.348972,7.472267,7.525059,7.595413,7.595413,7.630577,7.735977,7.718422,7.876347,7.981499,7.963982,8.104042,8.226437,8.243912,8.243912,8.331230,8.313774,8.261383,8.296310,8.296310,8.331230,8.348686,8.435913,8.401035,8.453358,8.435913,8.575333,8.627563,8.731949,8.766716,8.766716,8.714558,8.766716,8.784096,8.923035,9.044441,9.044441,9.113758,9.131081,9.183022,9.321407,9.217640,9.580376,9.563126,9.545887,9.286831,9.096436,8.957737,8.975086,9.044441,8.992432,9.061775,9.079109,9.044441,8.992432,8.992432,8.992432,9.079109,8.992432,8.992432,8.992432,9.009773,8.957737,8.940388,8.888317,8.731949,8.731949,8.836220,8.714558,8.714558,8.557915,8.610161,8.679768,8.836220,9.373260,9.735428,9.838661,9.580376,9.269539,9.027115,8.836220,8.784096,8.714558,8.766716,8.836220,8.766716,8.853588,8.905678,9.009773,9.044441,9.321407,9.269539,9.286831,9.200333,8.957737,8.905678,8.957737,8.975086,8.992432,9.079109,8.992432,8.992432,9.009773,9.009773,9.079109,9.131081,9.355976,9.614849,9.632080,9.614849,9.632080,9.752644,9.769852,9.700993,9.666546,9.683773,9.700993,9.580376,9.511379,9.528633,9.442345,9.373260,9.390537,9.321407,9.286831,9.355976,9.511379,9.700993,9.752644,9.890244,10.027649,10.079128,9.890244,9.183022,9.027115,9.009773,9.079109,9.183022,9.217640,9.096436,9.096436,9.200333,9.165710,9.183022,9.217640,9.407806,9.838661,10.113426,10.182007,10.113426,9.941792,9.735428,9.700993,9.649315,9.528633,9.666546,9.907425,9.941792,9.804260,9.873051,9.941792,9.941792,10.061974,10.079128,10.079128,10.061974,10.147728,10.147728,10.096279,10.182007,10.216270,10.199139,10.250530,10.455822,10.353233,10.284771,9.890244,9.993317,10.182007,10.096279,10.044807,9.976139,9.821461,9.787056,9.666546,9.597610,9.476868,9.580376,9.597610,9.545887,9.649315,9.718216,9.752644,9.666546,9.666546,9.597610,9.545887,9.649315,9.649315,9.511379,9.649315,9.649315,9.597610,9.804260,9.907425,10.164867,10.472908,10.507072,10.370338,10.370338,10.199139,10.250530,10.267654,10.250530,10.284771,10.199139,10.319000,10.404537,10.489990,10.455822,10.455822,10.404537,10.489990,10.353233,10.370338,10.319000,10.404537,10.319000,10.455822,10.336117,10.370338,10.216270,10.182007,10.044807,10.199139,10.130581,10.061974,10.044807,10.027649,10.113426,10.147728,10.216270,10.284771,10.113426,10.147728,10.130581,9.976139,9.976139,10.164867,10.113426,10.044807,9.855862,9.769852,9.683773,9.821461,9.804260,9.907425,10.079128,10.130581,10.130581,10.096279,10.319000,10.797012,10.848083,10.438725,10.079128,9.958965,9.976139,10.027649,9.924606,9.976139,9.976139,10.199139,10.233398,10.250530,10.267654,10.387436,10.353233,10.267654,10.250530,10.250530,10.421631,10.592438,10.541225,10.353233,10.404537,10.353233,10.421631,10.455822,10.524147,10.336117,10.421631,10.524147,10.677727,10.779976,11.018150,11.221825,11.323498,11.238777,11.153976,10.967159,10.848083,10.745911,10.592438,10.524147,10.421631,10.472908,10.592438,10.711826,11.103065,11.103065,11.120033,10.899132,10.797012,10.643623,10.626560,10.507072,10.489990,10.489990,10.541225,10.524147,10.507072,10.489990,10.353233,10.353233,10.267654,10.216270,10.301891,10.319000,10.319000,10.233398,10.250530,10.250530,10.216270,10.250530,10.113426,10.233398,10.216270,10.199139,10.387436,10.250530,10.233398,10.319000,10.609497,10.677727,10.592438,10.507072,10.592438,10.507072,10.507072,10.524147,10.558300,10.643623,10.575371,10.643623,10.609497,10.677727,10.711826,10.779976,10.779976,10.865101,10.882126,11.001148,11.069107,11.137009,11.221825,11.238777,11.306557,11.153976,11.170944,11.272675,11.221825,11.204865,11.153976,11.187904,11.120033,11.018150,11.001148,10.916145,10.882126,10.967159,11.035133,11.035133,10.916145,10.950157,10.967159,10.848083,10.762939,10.711826,10.882126,10.950157,11.018150,11.069107,10.848083,10.797012,10.728870,10.677727,10.455822,10.182007,10.096279,9.907425,9.838661,9.821461,9.821461,9.718216,9.821461,9.873051,9.752644,9.821461,9.821461,9.804260,9.769852,9.769852,9.787056,9.838661,9.924606,9.941792,10.027649,10.113426,9.993317,10.044807,10.113426,10.113426,10.182007,10.336117,10.404537,10.609497,10.592438,10.472908,10.319000,10.182007,10.199139,10.147728,10.130581,9.958965,10.147728,10.199139,10.199139,10.147728,10.096279,10.147728,10.199139,10.284771,10.336117,10.284771,10.353233,10.455822,10.353233,10.336117,10.336117,10.079128,9.976139,9.924606,9.907425,9.821461,9.769852,9.873051,9.700993,9.718216,9.735428,9.787056,9.718216,9.597610,9.632080,9.580376,9.494129,9.459610,9.459610,9.528633,9.683773,9.700993,9.649315,9.511379,9.234943,9.286831,9.355976,9.252239,9.183022,
3.581997,3.727913,3.782589,3.782589,3.819023,4.200836,4.273415,4.725941,4.924461,5.014572,4.960514,5.014572,4.942490,4.870358,4.996559,5.086613,5.212570,5.481972,5.822250,6.321754,6.339550,5.893753,5.266499,4.617508,4.146374,3.855442,3.618496,3.563744,3.563744,3.490696,3.472427,3.454159,3.454159,3.472427,3.563744,3.508965,3.581997,3.545483,3.527222,3.289577,3.399323,3.691456,3.910049,4.019184,4.055538,4.019184,3.891846,3.819023,3.727913,3.727913,3.727913,3.709686,3.746143,3.764370,3.746143,3.764370,3.764370,3.819023,3.800804,3.746143,3.782589,3.855442,3.800804,3.800804,3.855442,3.946442,4.019184,3.910049,3.982819,4.019184,4.037365,3.982819,4.037365,3.964630,4.200836,4.581333,5.068611,5.571625,5.947346,6.375134,6.818905,7.048931,7.260815,7.401833,7.437057,7.472267,7.542656,7.577831,7.683289,7.577831,7.489868,7.419441,7.331345,7.225533,7.154926,7.048931,7.101940,6.960518,6.907440,6.889732,6.854328,6.872036,6.730297,6.712570,6.712570,6.995895,6.942829,6.995895,6.978207,6.925133,6.694839,6.783474,6.783474,6.872036,6.960518,6.907440,6.942829,6.889732,6.960518,6.942829,6.978207,6.978207,7.101940,7.048931,6.978207,6.960518,6.748028,6.677101,6.694839,6.535103,6.570625,6.570625,6.499577,6.464035,6.392914,6.375134,6.321754,6.446259,6.375134,6.410706,6.410706,6.303955,6.321754,6.392914,6.410706,6.428486,6.357342,6.392914,6.357342,6.321754,6.339550,6.232731,6.375134,6.357342,6.677101,6.907440,6.960518,7.101940,7.154926,7.384212,7.560242,7.472267,7.507469,7.401833,7.454662,7.507469,7.630577,7.577831,7.700855,7.665718,7.683289,7.718422,7.771088,7.858810,7.771088,7.753536,7.806187,7.928940,7.928940,8.069046,7.876347,8.016525,8.121536,8.226437,7.946465,8.016525,8.086544,8.139027,8.226437,8.662369,8.888317,8.905678,8.957737,8.870953,8.749332,8.697163,8.853588,8.888317,9.027115,9.234943,9.165710,9.234943,9.252239,9.373260,9.545887,9.528633,9.528633,9.390537,9.511379,9.528633,9.614849,9.718216,9.752644,9.718216,9.718216,9.787056,9.769852,9.855862,9.821461,9.804260,9.838661,9.666546,9.632080,9.649315,9.563126,9.459610,9.407806,9.286831,9.027115,9.009773,9.079109,9.096436,8.923035,8.888317,9.096436,9.563126,9.958965,10.061974,10.010487,9.787056,9.390537,9.234943,9.009773,8.957737,8.923035,9.044441,9.027115,9.009773,8.888317,8.853588,8.957737,8.975086,9.113758,9.009773,8.975086,8.853588,8.662369,8.627563,8.766716,8.888317,8.940388,8.905678,8.888317,8.905678,8.940388,8.836220,8.905678,8.940388,9.355976,9.941792,10.044807,9.855862,9.632080,9.545887,9.597610,9.632080,9.511379,9.597610,9.700993,9.580376,9.580376,9.528633,9.511379,9.407806,9.425079,9.511379,9.632080,9.683773,9.821461,9.855862,9.787056,9.855862,9.993317,10.044807,9.890244,9.407806,9.304119,9.165710,9.217640,9.286831,9.217640,9.355976,9.390537,9.355976,9.338692,9.355976,9.269539,9.373260,9.855862,10.079128,10.044807,9.683773,9.683773,9.373260,9.286831,9.269539,9.355976,9.286831,9.355976,9.338692,9.390537,9.390537,9.407806,9.476868,9.597610,9.649315,9.752644,9.718216,9.718216,9.787056,9.666546,9.700993,9.752644,9.804260,9.821461,10.010487,10.044807,9.993317,10.079128,10.182007,10.370338,10.524147,10.489990,10.387436,10.199139,10.250530,10.113426,10.079128,10.182007,10.096279,10.130581,10.113426,10.147728,10.147728,10.182007,10.216270,10.182007,10.113426,10.182007,10.216270,10.113426,9.993317,9.941792,10.113426,10.079128,10.010487,9.941792,10.216270,10.558300,10.524147,10.353233,10.336117,10.061974,10.113426,10.027649,10.130581,10.113426,10.147728,10.113426,10.233398,10.336117,10.199139,10.113426,10.233398,10.267654,10.233398,10.216270,10.010487,9.993317,10.061974,10.113426,10.113426,10.182007,10.027649,9.976139,9.993317,10.061974,10.079128,10.096279,10.010487,10.096279,10.284771,10.387436,10.387436,10.336117,10.336117,10.353233,10.267654,10.199139,10.301891,10.387436,10.404537,10.267654,10.164867,10.044807,10.027649,9.958965,10.010487,9.993317,10.130581,10.250530,10.182007,10.233398,10.711826,10.779976,10.762939,10.319000,10.096279,10.044807,10.010487,9.993317,9.907425,9.838661,9.890244,9.993317,10.147728,10.130581,10.233398,10.199139,10.233398,10.096279,9.907425,10.010487,10.044807,9.976139,9.804260,9.821461,10.044807,10.096279,10.010487,9.993317,9.941792,9.769852,9.718216,9.907425,9.941792,10.284771,10.728870,11.035133,11.103065,11.018150,10.814041,10.694775,10.592438,10.507072,10.609497,10.677727,10.507072,10.779976,10.831066,10.797012,10.899132,10.967159,10.882126,10.950157,11.035133,10.865101,10.831066,10.797012,10.711826,10.694775,10.779976,10.711826,10.745911,10.728870,10.677727,10.626560,10.626560,10.609497,10.643623,10.575371,10.558300,10.541225,10.455822,10.353233,10.353233,10.404537,10.319000,10.164867,10.250530,10.182007,10.284771,10.079128,10.027649,10.061974,10.336117,10.455822,10.524147,10.370338,10.421631,10.370338,10.472908,10.370338,10.387436,10.421631,10.507072,10.524147,10.558300,10.489990,10.609497,10.609497,10.541225,10.609497,10.626560,10.575371,10.711826,10.779976,10.711826,10.762939,10.779976,10.711826,10.694775,10.848083,10.882126,10.831066,10.916145,10.950157,10.933151,10.728870,10.814041,10.643623,10.694775,10.814041,10.814041,10.899132,10.865101,10.899132,10.882126,10.694775,10.762939,10.745911,10.797012,10.916145,10.848083,10.865101,10.831066,10.865101,10.694775,10.728870,10.575371,10.387436,10.353233,10.387436,10.284771,10.182007,10.216270,10.199139,10.079128,10.130581,10.079128,10.113426,10.130581,10.010487,10.044807,9.993317,9.958965,10.096279,9.993317,10.044807,10.147728,10.182007,10.319000,10.267654,10.267654,10.370338,10.301891,10.489990,10.558300,10.745911,10.728870,10.677727,10.575371,10.284771,10.061974,10.079128,10.044807,10.010487,10.130581,10.250530,10.199139,10.216270,10.216270,10.216270,10.250530,10.301891,10.387436,10.319000,10.387436,10.507072,10.387436,10.489990,10.370338,10.250530,10.233398,10.216270,10.182007,10.216270,10.216270,10.079128,10.079128,10.079128,10.233398,10.199139,10.096279,10.044807,9.993317,9.890244,9.873051,9.752644,9.700993,9.787056,9.769852,9.787056,9.752644,9.614849,9.666546,9.683773,9.718216,9.580376,9.597610,
3.618496,3.654976,3.673222,3.673222,3.873646,3.964630,4.200836,4.345943,4.707874,4.978535,4.978535,4.978535,4.942490,4.960514,4.888393,4.870358,5.032589,5.230549,5.410194,5.893753,6.321754,6.535103,6.179276,5.392242,4.563248,4.273415,3.891846,3.764370,3.636738,3.563744,3.472427,3.490696,3.527222,3.454159,3.508965,3.527222,3.600243,3.654976,3.563744,3.435883,3.435883,3.673222,3.837234,3.873646,3.891846,3.873646,3.837234,3.819023,3.764370,3.673222,3.746143,3.654976,3.727913,3.691456,3.764370,3.691456,3.709686,3.819023,3.819023,3.691456,3.782589,3.819023,3.819023,3.873646,3.873646,3.873646,3.964630,4.055538,3.982819,3.982819,4.055538,3.982819,4.019184,3.910049,4.273415,4.472755,4.707874,4.924461,5.050598,5.607468,6.214916,6.783474,7.207882,7.172585,7.296085,7.313717,7.225533,7.313717,7.296085,7.296085,7.243172,7.137272,7.119606,7.190231,7.066605,7.013577,7.137272,7.031254,7.013577,6.889732,6.960518,6.889732,6.925133,6.854328,6.907440,6.995895,6.942829,7.154926,7.190231,7.066605,6.907440,6.960518,6.960518,6.978207,7.013577,6.960518,6.907440,6.889732,6.801193,6.783474,6.818905,6.677101,6.499577,6.535103,6.712570,6.552864,6.517342,6.303955,6.357342,6.321754,6.375134,6.375134,6.303955,6.339550,6.321754,6.303955,6.250534,6.268349,6.357342,6.392914,6.446259,6.375134,6.499577,6.499577,6.606125,6.641617,6.677101,6.588379,6.606125,6.588379,6.641617,6.659363,6.659363,6.748028,6.872036,7.172585,7.207882,7.331345,7.296085,7.577831,7.771088,7.806187,7.753536,7.612995,7.683289,7.648148,7.683289,7.700855,7.718422,7.771088,7.700855,7.771088,7.700855,7.753536,7.735977,7.788635,7.841270,7.893879,7.841270,7.841270,7.946465,7.981499,7.999016,7.946465,7.946465,7.893879,7.841270,7.999016,8.051544,8.401035,8.870953,8.957737,8.923035,8.714558,8.557915,8.592743,8.731949,8.766716,8.784096,8.836220,8.836220,8.923035,8.870953,8.923035,9.027115,9.113758,9.304119,9.252239,9.304119,9.373260,9.476868,9.511379,9.528633,9.545887,9.649315,9.735428,9.787056,9.924606,10.044807,9.941792,9.873051,9.976139,10.010487,9.976139,9.958965,9.735428,9.597610,9.666546,9.718216,9.632080,9.735428,9.752644,9.632080,9.700993,9.838661,10.061974,10.096279,10.130581,10.096279,9.941792,9.769852,9.632080,9.580376,9.614849,9.769852,9.873051,9.890244,9.735428,9.718216,9.597610,9.511379,9.442345,9.442345,9.373260,9.200333,8.992432,8.905678,8.836220,8.888317,8.940388,9.061775,9.217640,9.027115,9.061775,9.027115,8.957737,8.992432,9.061775,9.321407,10.130581,10.113426,9.769852,9.390537,9.321407,9.304119,9.321407,9.252239,9.269539,9.390537,9.425079,9.338692,9.200333,9.355976,9.286831,9.373260,9.442345,9.407806,9.545887,9.614849,9.632080,9.580376,9.580376,9.769852,9.752644,9.718216,9.632080,9.632080,9.425079,9.304119,9.407806,9.511379,9.632080,9.787056,9.752644,9.752644,9.373260,9.494129,9.563126,9.838661,9.993317,10.027649,9.993317,9.941792,9.614849,9.390537,9.252239,9.252239,9.286831,9.338692,9.338692,9.269539,9.321407,9.338692,9.390537,9.442345,9.580376,9.597610,9.580376,9.442345,9.459610,9.511379,9.545887,9.580376,9.442345,9.442345,9.511379,9.563126,9.476868,9.511379,9.700993,10.130581,10.507072,10.404537,10.336117,10.164867,10.113426,10.096279,10.061974,10.044807,10.130581,10.199139,10.199139,10.164867,10.250530,10.164867,10.130581,10.370338,10.541225,10.643623,10.626560,10.626560,10.626560,10.592438,10.745911,10.660679,10.472908,10.558300,10.711826,10.814041,10.865101,10.762939,10.694775,10.472908,10.455822,10.353233,10.250530,10.301891,10.284771,10.233398,10.267654,10.130581,10.079128,10.044807,10.182007,10.164867,10.164867,10.044807,9.976139,10.044807,9.958965,9.993317,10.027649,10.079128,10.010487,9.958965,9.890244,9.873051,9.821461,9.752644,9.787056,9.735428,10.027649,10.404537,10.387436,10.336117,10.233398,10.319000,10.319000,10.472908,10.438725,10.404537,10.489990,10.558300,10.541225,10.609497,10.455822,10.489990,10.575371,10.558300,10.575371,10.524147,10.660679,10.592438,10.762939,10.711826,10.779976,10.609497,10.524147,10.524147,10.558300,10.438725,10.336117,10.182007,10.164867,10.301891,10.353233,10.370338,10.472908,10.387436,10.336117,10.130581,9.993317,10.027649,9.941792,9.924606,9.890244,9.993317,10.010487,10.113426,9.941792,9.855862,9.838661,9.718216,9.735428,9.804260,9.787056,10.250530,10.779976,10.916145,10.967159,10.489990,10.130581,10.079128,10.027649,10.044807,10.199139,10.250530,10.524147,10.353233,10.438725,10.472908,10.592438,10.626560,10.643623,10.643623,10.660679,10.558300,10.507072,10.541225,10.626560,10.609497,10.626560,10.762939,10.865101,10.797012,10.745911,10.728870,10.814041,10.916145,10.950157,10.916145,11.018150,10.916145,10.831066,10.728870,10.592438,10.489990,10.319000,10.267654,10.421631,10.336117,10.233398,10.164867,10.130581,10.233398,10.438725,10.336117,10.472908,10.370338,10.284771,10.370338,10.319000,10.353233,10.301891,10.370338,10.421631,10.404537,10.404537,10.507072,10.541225,10.575371,10.524147,10.558300,10.507072,10.660679,10.575371,10.626560,10.711826,10.643623,10.711826,10.609497,10.609497,10.592438,10.728870,10.848083,11.035133,10.711826,10.472908,10.301891,10.336117,10.233398,10.267654,10.370338,10.643623,10.694775,10.660679,10.660679,10.626560,10.455822,10.472908,10.387436,10.455822,10.524147,10.319000,10.524147,10.472908,10.472908,10.455822,10.319000,10.370338,10.438725,10.489990,10.472908,10.575371,10.575371,10.626560,10.455822,10.404537,10.387436,10.455822,10.387436,10.507072,10.387436,10.353233,10.370338,10.387436,10.370338,10.250530,10.455822,10.524147,10.694775,10.728870,10.762939,10.831066,10.848083,10.609497,10.728870,10.899132,10.967159,10.831066,10.728870,10.438725,10.438725,10.319000,10.164867,10.233398,10.319000,10.319000,10.421631,10.301891,10.370338,10.438725,10.387436,10.438725,10.455822,10.524147,10.507072,10.558300,10.575371,10.575371,10.626560,10.541225,10.301891,10.199139,10.284771,10.284771,10.216270,10.164867,10.182007,10.233398,10.301891,10.301891,10.336117,10.199139,9.890244,9.838661,9.838661,9.683773,9.752644,9.769852,9.700993,9.683773,9.666546,9.718216,9.580376,9.718216,9.769852,9.787056,9.752644,9.718216,
3.636738,3.527222,3.636738,3.581997,3.764370,3.873646,3.891846,4.019184,4.309685,4.599422,5.032589,5.086613,5.158604,5.032589,4.996559,4.960514,4.996559,5.032589,5.266499,5.553699,5.911625,6.481804,6.517342,5.929482,5.140610,4.599422,4.200836,3.819023,3.764370,3.618496,3.563744,3.490696,3.399323,3.417606,3.472427,3.581997,3.618496,3.600243,3.636738,3.527222,3.472427,3.727913,3.654976,3.727913,3.782589,3.837234,3.800804,3.764370,3.727913,3.746143,3.746143,3.636738,3.673222,3.709686,3.709686,3.800804,3.782589,3.782589,3.819023,3.746143,3.837234,3.800804,3.855442,3.855442,3.837234,3.910049,3.946442,3.964630,4.037365,4.019184,4.055538,4.001003,3.928246,3.928246,4.200836,4.454651,4.545155,4.707874,4.653660,4.888393,5.392242,5.643291,5.965206,6.321754,6.748028,6.818905,6.995895,7.119606,7.137272,7.243172,7.225533,7.243172,7.119606,7.331345,7.331345,7.296085,7.313717,7.313717,7.313717,7.207882,7.243172,7.172585,7.225533,7.031254,6.995895,7.031254,7.101940,7.066605,7.066605,6.960518,6.889732,6.836617,6.960518,6.960518,6.818905,6.588379,6.641617,6.552864,6.517342,6.481804,6.481804,6.499577,6.517342,6.410706,6.446259,6.499577,6.464035,6.517342,6.392914,6.392914,6.428486,6.446259,6.392914,6.481804,6.535103,6.623875,6.748028,6.748028,6.872036,6.960518,6.942829,7.172585,7.243172,7.296085,7.278450,7.366592,7.437057,7.331345,7.154926,7.190231,7.260815,7.225533,7.401833,7.489868,7.472267,7.595413,7.700855,7.753536,7.753536,7.963982,7.946465,8.086544,7.999016,8.016525,8.034035,8.016525,8.086544,8.016525,7.963982,7.928940,7.911411,7.911411,7.858810,7.753536,7.823730,7.928940,7.981499,7.999016,7.911411,7.893879,7.981499,8.086544,8.051544,8.051544,8.034035,8.034035,8.034035,8.069046,8.121536,8.383591,8.870953,8.923035,8.905678,8.801476,8.714558,8.679768,8.801476,8.853588,8.801476,8.784096,8.818848,8.853588,8.923035,8.905678,8.905678,8.957737,9.044441,9.061775,9.131081,9.148392,9.183022,9.217640,9.234943,9.234943,9.373260,9.338692,9.338692,9.666546,9.769852,9.563126,9.494129,9.511379,9.924606,9.924606,9.855862,9.373260,9.269539,9.321407,9.563126,9.614849,9.718216,9.769852,9.580376,9.528633,9.511379,9.459610,9.649315,9.873051,10.079128,10.061974,10.061974,10.096279,10.147728,10.284771,10.370338,10.421631,10.353233,10.301891,10.301891,10.370338,10.319000,10.216270,10.130581,9.976139,9.855862,9.787056,9.528633,9.321407,9.217640,9.269539,9.494129,9.459610,9.528633,9.511379,9.476868,9.165710,9.286831,9.321407,9.580376,10.199139,10.216270,9.993317,9.683773,9.494129,9.390537,9.407806,9.321407,9.459610,9.390537,9.407806,9.234943,9.321407,9.373260,9.338692,9.425079,9.200333,9.286831,9.252239,9.425079,9.425079,9.373260,9.304119,9.373260,9.338692,9.528633,9.425079,9.442345,9.425079,9.338692,9.321407,9.355976,9.924606,10.182007,10.233398,10.027649,9.700993,9.632080,9.683773,9.787056,9.907425,9.787056,9.752644,9.735428,9.545887,9.528633,9.476868,9.390537,9.511379,9.545887,9.632080,9.666546,9.666546,9.649315,9.632080,9.769852,9.890244,9.941792,9.821461,9.873051,9.855862,9.941792,9.873051,9.838661,9.924606,9.804260,9.873051,9.614849,9.683773,9.735428,9.787056,10.147728,10.489990,10.575371,10.216270,9.941792,9.890244,9.855862,9.976139,9.890244,9.958965,9.993317,9.855862,9.700993,9.735428,9.804260,9.873051,10.147728,10.472908,10.472908,10.387436,10.438725,10.370338,10.455822,10.336117,10.489990,10.455822,10.575371,10.626560,10.745911,10.745911,10.677727,10.711826,10.814041,10.728870,10.609497,10.694775,10.575371,10.626560,10.558300,10.626560,10.728870,10.694775,10.626560,10.524147,10.370338,10.319000,10.353233,10.319000,10.370338,10.233398,10.301891,10.147728,10.027649,9.890244,9.821461,9.924606,9.976139,9.941792,9.838661,9.890244,9.821461,10.079128,10.455822,10.592438,10.284771,10.267654,10.250530,10.353233,10.370338,10.404537,10.353233,10.421631,10.558300,10.643623,10.609497,10.575371,10.541225,10.558300,10.592438,10.472908,10.541225,10.455822,10.489990,10.745911,10.728870,10.728870,10.711826,10.728870,10.694775,10.694775,10.677727,10.677727,10.472908,10.455822,10.592438,10.762939,10.626560,10.626560,10.507072,10.370338,10.301891,10.164867,10.216270,10.199139,10.113426,10.027649,10.113426,10.250530,10.233398,10.010487,9.941792,9.993317,10.164867,10.044807,10.199139,10.164867,10.421631,10.711826,10.728870,10.848083,10.267654,9.958965,9.924606,9.941792,9.941792,9.958965,10.113426,10.301891,10.267654,10.319000,10.438725,10.507072,10.507072,10.284771,10.250530,10.267654,10.319000,10.319000,10.370338,10.267654,10.301891,10.455822,10.353233,10.284771,10.404537,10.472908,10.575371,10.575371,10.507072,10.694775,10.779976,10.779976,10.779976,10.592438,10.233398,10.199139,10.147728,10.061974,9.941792,10.061974,10.096279,10.147728,10.233398,9.993317,9.993317,10.113426,10.164867,10.079128,10.044807,10.079128,9.976139,9.976139,9.993317,10.113426,10.164867,10.199139,10.233398,10.267654,10.472908,10.575371,10.575371,10.626560,10.609497,10.626560,10.575371,10.592438,10.626560,10.575371,10.575371,10.575371,10.575371,10.541225,10.592438,10.831066,10.831066,10.899132,10.797012,10.677727,10.524147,10.438725,10.301891,10.438725,10.643623,10.745911,10.643623,10.626560,10.575371,10.575371,10.472908,10.387436,10.438725,10.489990,10.404537,10.353233,10.353233,10.284771,10.336117,10.216270,10.267654,10.130581,10.301891,10.284771,10.387436,10.541225,10.541225,10.507072,10.421631,10.455822,10.455822,10.507072,10.387436,10.319000,10.199139,10.113426,10.164867,10.199139,10.130581,10.199139,10.182007,10.387436,10.694775,10.797012,10.848083,10.848083,10.831066,10.831066,10.933151,10.916145,10.899132,10.762939,10.626560,10.677727,10.609497,10.609497,10.524147,10.489990,10.592438,10.643623,10.558300,10.643623,10.626560,10.711826,10.814041,10.779976,10.882126,10.882126,10.814041,10.831066,10.848083,10.831066,10.728870,10.609497,10.472908,10.387436,10.284771,10.353233,10.250530,10.336117,10.319000,10.301891,10.489990,10.524147,10.455822,10.079128,10.027649,9.941792,9.838661,9.769852,9.700993,9.718216,9.718216,9.666546,9.614849,9.614849,9.614849,9.614849,9.649315,9.735428,9.735428,9.821461,
3.508965,3.545483,3.618496,3.654976,3.618496,3.673222,3.691456,3.928246,4.110050,4.291550,4.743999,5.050598,5.266499,5.122616,5.014572,5.104614,5.122616,4.978535,5.176598,5.194580,5.464031,6.000916,6.677101,6.499577,5.768597,5.104614,4.581333,4.200836,3.782589,3.691456,3.527222,3.527222,3.472427,3.527222,3.508965,3.508965,3.581997,3.600243,3.618496,3.636738,3.527222,3.600243,3.527222,3.654976,3.691456,3.819023,3.800804,3.654976,3.800804,3.855442,3.673222,3.691456,3.709686,3.691456,3.709686,3.764370,3.709686,3.782589,3.764370,3.746143,3.873646,3.800804,3.855442,3.800804,3.946442,3.964630,3.928246,3.946442,3.946442,3.910049,4.055538,3.855442,3.873646,3.982819,4.182686,4.327812,4.345943,4.436539,4.472755,4.617508,4.743999,4.762062,4.870358,5.446091,6.000916,6.677101,6.960518,7.137272,7.154926,7.260815,7.454662,7.472267,7.542656,7.507469,7.507469,7.401833,7.437057,7.525059,7.366592,7.331345,7.260815,7.119606,7.084278,7.084278,6.978207,6.960518,6.889732,6.854328,6.889732,6.765751,6.712570,6.694839,6.765751,6.694839,6.748028,6.712570,6.588379,6.623875,6.535103,6.712570,6.712570,6.748028,6.748028,6.748028,6.836617,6.765751,6.765751,6.978207,7.066605,7.119606,7.154926,7.172585,7.172585,7.384212,7.489868,7.577831,7.630577,7.806187,7.858810,7.963982,7.911411,8.016525,7.876347,7.999016,7.928940,8.034035,7.946465,7.928940,7.981499,7.981499,7.946465,8.016525,7.963982,8.069046,8.051544,8.139027,8.261383,8.226437,8.278851,8.226437,8.191483,8.191483,8.121536,8.191483,8.226437,8.331230,8.261383,8.051544,8.016525,8.016525,7.981499,7.946465,7.858810,7.893879,7.999016,8.191483,8.261383,8.139027,7.999016,8.016525,8.069046,8.034035,8.104042,8.104042,8.121536,8.086544,8.139027,8.226437,8.383591,8.470791,8.540497,8.749332,8.731949,8.766716,8.714558,8.836220,8.957737,9.009773,9.009773,9.009773,8.992432,9.044441,9.061775,9.096436,9.217640,9.234943,9.390537,9.355976,9.459610,9.286831,9.165710,9.321407,9.442345,9.338692,9.338692,9.476868,9.528633,9.597610,9.683773,9.649315,9.407806,9.286831,9.735428,9.769852,9.735428,9.252239,9.044441,9.217640,9.269539,9.425079,9.390537,9.476868,9.304119,9.165710,9.061775,9.009773,9.061775,9.373260,9.666546,9.890244,9.873051,9.993317,10.061974,10.130581,10.113426,10.113426,10.010487,9.769852,9.752644,9.787056,9.890244,10.010487,10.027649,10.130581,10.267654,10.284771,9.976139,9.442345,9.131081,9.183022,9.373260,9.545887,9.476868,9.597610,9.563126,9.476868,9.476868,9.666546,9.804260,9.924606,10.044807,10.027649,10.010487,9.924606,9.804260,9.700993,9.787056,9.735428,9.683773,9.700993,9.407806,9.614849,9.632080,9.683773,9.597610,9.666546,9.735428,9.752644,9.735428,9.769852,9.683773,9.700993,9.614849,9.580376,9.614849,9.580376,9.511379,9.425079,9.425079,9.425079,9.459610,9.804260,10.250530,10.250530,9.924606,9.804260,9.873051,9.838661,9.700993,9.769852,9.752644,9.700993,9.459610,9.355976,9.476868,9.338692,9.355976,9.494129,9.563126,9.683773,9.838661,9.838661,9.855862,9.873051,9.873051,9.924606,10.113426,10.113426,10.096279,10.164867,10.130581,10.199139,10.233398,10.404537,10.472908,10.404537,10.233398,10.147728,9.924606,10.010487,10.199139,10.370338,10.336117,10.233398,9.993317,10.010487,10.010487,10.027649,9.873051,9.873051,9.855862,9.787056,9.735428,9.855862,9.718216,9.769852,10.147728,10.387436,10.353233,10.182007,10.164867,10.113426,10.130581,10.096279,10.147728,10.182007,10.147728,10.130581,10.061974,10.027649,10.113426,10.301891,10.370338,10.472908,10.455822,10.489990,10.489990,10.592438,10.472908,10.472908,10.438725,10.387436,10.387436,10.301891,10.336117,10.216270,10.301891,10.301891,10.404537,10.489990,10.472908,10.301891,10.079128,10.010487,10.079128,10.061974,10.096279,10.130581,10.079128,9.976139,10.061974,10.336117,10.421631,10.472908,10.421631,10.524147,10.643623,10.779976,10.882126,10.745911,10.694775,10.745911,10.779976,10.677727,10.660679,10.575371,10.592438,10.489990,10.472908,10.438725,10.370338,10.353233,10.404537,10.489990,10.455822,10.541225,10.592438,10.609497,10.609497,10.711826,10.609497,10.541225,10.472908,10.489990,10.558300,10.797012,10.694775,10.507072,10.336117,10.199139,10.182007,10.096279,10.216270,10.147728,10.096279,10.096279,10.216270,10.147728,10.113426,10.027649,10.182007,10.250530,10.455822,10.319000,10.353233,10.301891,10.267654,10.455822,10.404537,10.336117,10.182007,10.061974,10.027649,10.010487,10.079128,10.027649,10.130581,10.319000,10.319000,10.353233,10.370338,10.404537,10.301891,10.147728,10.267654,10.319000,10.319000,10.319000,10.267654,10.216270,10.216270,10.182007,10.301891,10.267654,10.164867,10.233398,10.267654,10.216270,10.284771,10.455822,10.524147,10.558300,10.507072,10.096279,9.855862,9.769852,9.873051,9.804260,9.821461,9.907425,9.941792,10.044807,9.924606,9.890244,9.907425,9.873051,9.941792,9.855862,9.890244,9.924606,9.941792,9.924606,9.890244,9.907425,9.993317,9.907425,9.993317,10.079128,10.489990,10.592438,10.660679,10.489990,10.575371,10.524147,10.336117,10.301891,10.524147,10.507072,10.489990,10.558300,10.541225,10.524147,10.626560,10.677727,10.694775,10.694775,10.626560,10.728870,10.711826,10.592438,10.677727,10.694775,10.848083,10.848083,10.762939,10.745911,10.745911,10.762939,10.643623,10.677727,10.745911,10.694775,10.677727,10.694775,10.677727,10.677727,10.626560,10.592438,10.524147,10.404537,10.319000,10.319000,10.370338,10.370338,10.387436,10.370338,10.404537,10.524147,10.592438,10.541225,10.421631,10.353233,10.301891,10.044807,10.096279,9.993317,10.010487,9.976139,10.096279,10.387436,10.558300,10.438725,10.387436,10.336117,10.438725,10.472908,10.284771,10.472908,10.421631,10.438725,10.353233,10.404537,10.507072,10.387436,10.404537,10.370338,10.336117,10.353233,10.336117,10.370338,10.455822,10.814041,10.967159,10.967159,10.933151,10.848083,10.814041,10.865101,10.865101,10.814041,10.814041,10.916145,10.814041,10.728870,10.660679,10.626560,10.711826,10.626560,10.524147,10.626560,10.626560,10.694775,10.524147,10.472908,10.387436,10.370338,10.284771,10.233398,10.233398,10.250530,10.113426,10.044807,9.993317,9.941792,9.941792,9.890244,9.958965,10.010487,9.787056,9.907425,
3.654976,3.581997,3.545483,3.636738,3.618496,3.691456,3.727913,3.946442,3.946442,4.128212,4.581333,4.942490,5.248528,5.374290,5.356339,5.284477,5.140610,5.158604,5.158604,5.266499,5.320412,5.625381,6.232731,6.677101,6.410706,5.553699,5.032589,4.418427,3.982819,3.709686,3.527222,3.545483,3.563744,3.673222,3.691456,3.600243,3.636738,3.673222,3.746143,3.563744,3.600243,3.490696,3.600243,3.727913,3.746143,3.837234,3.837234,3.800804,3.855442,3.837234,3.800804,3.764370,3.727913,3.800804,3.746143,3.691456,3.800804,3.782589,3.782589,3.819023,3.782589,3.891846,3.873646,3.891846,3.873646,3.819023,3.873646,3.928246,3.928246,3.964630,4.019184,3.873646,3.873646,3.910049,4.237133,4.309685,4.309685,4.364071,4.309685,4.327812,4.436539,4.454651,4.545155,4.780113,5.374290,6.018761,6.836617,6.960518,7.084278,7.119606,7.154926,7.331345,7.190231,7.172585,7.225533,7.084278,7.348972,7.419441,7.331345,7.207882,7.031254,6.925133,6.818905,6.783474,6.836617,6.836617,6.730297,6.818905,6.748028,6.783474,6.978207,6.978207,7.084278,7.172585,7.401833,7.489868,7.296085,7.525059,7.542656,7.630577,7.683289,7.771088,7.771088,7.735977,7.735977,7.788635,7.823730,7.911411,7.999016,8.086544,8.034035,7.963982,8.174004,8.121536,8.174004,8.016525,8.174004,8.191483,8.121536,8.174004,8.174004,8.174004,8.313774,8.278851,8.313774,8.366138,8.296310,8.418476,8.418476,8.366138,8.366138,8.401035,8.401035,8.435913,8.348686,8.383591,8.383591,8.401035,8.401035,8.383591,8.331230,8.331230,8.156513,8.226437,8.278851,8.383591,8.401035,8.226437,8.069046,7.928940,7.876347,7.806187,7.753536,7.648148,7.735977,8.191483,8.139027,8.104042,7.928940,7.893879,7.788635,7.806187,7.823730,7.911411,7.911411,7.981499,8.086544,8.174004,8.278851,8.261383,8.261383,8.418476,8.401035,8.331230,8.470791,8.470791,8.592743,8.679768,8.644970,8.766716,8.784096,8.853588,8.992432,9.027115,9.096436,9.079109,9.390537,9.545887,9.459610,9.165710,9.148392,9.200333,9.200333,9.217640,9.321407,9.390537,9.355976,9.563126,9.632080,9.614849,9.355976,9.321407,9.407806,9.683773,9.666546,9.476868,9.355976,9.494129,9.407806,9.442345,9.494129,9.476868,9.407806,9.321407,9.286831,9.269539,9.304119,9.425079,9.821461,9.907425,9.941792,10.044807,10.010487,9.993317,9.976139,10.010487,9.683773,9.511379,9.407806,9.269539,9.390537,9.234943,9.425079,9.941792,10.216270,10.267654,10.096279,9.355976,8.975086,9.009773,8.992432,9.096436,9.234943,9.096436,9.044441,9.009773,9.113758,9.165710,9.200333,9.494129,9.459610,9.511379,9.649315,9.718216,9.632080,9.700993,9.649315,9.683773,9.666546,9.632080,9.838661,9.890244,9.804260,9.907425,9.924606,10.027649,10.250530,10.438725,10.592438,10.438725,10.472908,10.507072,10.455822,10.336117,10.353233,10.182007,10.250530,10.096279,9.993317,9.769852,9.821461,10.130581,10.592438,10.575371,10.507072,10.353233,10.404537,10.404537,10.301891,10.353233,10.319000,10.079128,9.821461,9.855862,9.787056,9.752644,9.769852,9.769852,9.924606,10.130581,10.130581,10.096279,10.079128,9.958965,9.976139,10.061974,10.113426,10.199139,10.130581,10.079128,10.130581,9.958965,10.113426,10.524147,10.660679,10.558300,10.147728,9.855862,9.735428,9.597610,9.718216,9.735428,9.804260,9.735428,9.838661,9.855862,9.838661,9.855862,9.855862,9.821461,9.890244,9.804260,9.769852,9.873051,9.941792,10.044807,10.182007,10.267654,10.404537,10.182007,10.164867,10.284771,10.267654,10.233398,10.216270,10.044807,10.130581,10.096279,10.010487,9.941792,10.010487,10.079128,10.096279,10.182007,10.147728,10.182007,10.164867,10.164867,10.182007,10.267654,10.182007,10.061974,9.855862,9.804260,9.718216,9.804260,9.752644,9.855862,10.336117,10.353233,10.387436,10.147728,9.511379,9.425079,9.459610,9.425079,9.545887,9.580376,9.597610,9.649315,9.649315,9.787056,9.907425,9.993317,10.233398,10.387436,10.745911,10.882126,10.984158,10.848083,10.797012,10.762939,10.779976,10.762939,10.677727,10.575371,10.575371,10.541225,10.592438,10.541225,10.507072,10.507072,10.507072,10.455822,10.455822,10.438725,10.558300,10.592438,10.660679,10.558300,10.404537,10.421631,10.387436,10.558300,10.728870,10.882126,10.745911,10.609497,10.438725,10.336117,10.336117,10.216270,10.284771,10.216270,10.216270,10.267654,10.147728,10.096279,10.079128,10.096279,10.164867,10.250530,10.421631,10.284771,10.284771,10.164867,10.130581,10.061974,10.164867,10.130581,10.061974,10.027649,9.993317,9.941792,9.873051,9.855862,9.958965,10.216270,10.404537,10.438725,10.387436,10.147728,9.993317,9.976139,10.164867,10.284771,10.130581,10.301891,10.079128,10.233398,10.164867,10.199139,10.182007,10.130581,10.096279,10.164867,10.182007,10.027649,10.027649,10.147728,10.182007,10.147728,10.096279,9.924606,9.804260,9.821461,9.838661,9.821461,9.855862,9.993317,10.027649,10.061974,10.096279,10.130581,10.113426,10.044807,9.958965,10.061974,10.096279,10.096279,10.130581,10.079128,10.113426,10.096279,10.113426,10.096279,10.182007,10.250530,10.643623,10.728870,10.643623,10.387436,10.387436,10.319000,10.250530,10.267654,10.284771,10.353233,10.250530,10.284771,10.250530,10.336117,10.370338,10.387436,10.472908,10.404537,10.387436,10.421631,10.455822,10.438725,10.421631,10.421631,10.421631,10.455822,10.489990,10.438725,10.541225,10.472908,10.524147,10.643623,10.626560,10.711826,10.899132,10.831066,10.779976,10.643623,10.694775,10.626560,10.609497,10.643623,10.575371,10.507072,10.507072,10.609497,10.592438,10.489990,10.626560,10.643623,10.626560,10.660679,10.677727,10.575371,10.626560,10.336117,10.061974,10.216270,10.370338,10.438725,10.472908,10.660679,10.558300,10.370338,10.182007,9.993317,10.147728,10.079128,10.044807,10.044807,10.061974,10.164867,10.096279,10.164867,10.216270,10.182007,10.250530,10.267654,10.284771,10.301891,10.370338,10.404537,10.472908,10.899132,10.882126,10.831066,10.438725,10.370338,10.250530,10.370338,10.267654,10.438725,10.507072,10.455822,10.370338,10.455822,10.438725,10.541225,10.626560,10.609497,10.592438,10.524147,10.558300,10.541225,10.507072,10.472908,10.387436,10.336117,10.301891,10.404537,10.336117,10.250530,10.216270,10.319000,10.284771,10.336117,10.370338,10.336117,10.250530,10.267654,9.993317,9.941792,
3.600243,3.545483,3.618496,3.654976,3.727913,3.746143,3.782589,3.746143,3.928246,4.091881,4.218987,4.527058,5.140610,5.428139,5.446091,5.302444,5.230549,5.176598,5.194580,5.176598,5.140610,5.284477,5.697014,6.428486,6.801193,6.161457,5.464031,4.671738,4.091881,3.782589,3.727913,3.673222,3.746143,3.727913,3.654976,3.727913,3.654976,3.709686,3.673222,3.581997,3.527222,3.600243,3.636738,3.709686,3.800804,3.873646,4.055538,3.819023,3.764370,3.709686,3.764370,3.709686,3.782589,3.764370,3.782589,3.764370,3.746143,3.800804,3.855442,3.800804,3.746143,3.837234,3.819023,3.910049,3.982819,3.819023,3.837234,3.873646,3.891846,3.910049,4.037365,3.873646,3.910049,3.910049,4.146374,4.218987,4.146374,4.273415,4.237133,4.255280,4.327812,4.364071,4.454651,4.527058,4.780113,5.302444,5.768597,6.232731,6.410706,6.641617,6.730297,6.694839,6.659363,6.748028,6.907440,6.942829,7.048931,7.066605,7.243172,7.366592,7.278450,7.296085,6.960518,6.907440,6.942829,7.101940,7.207882,7.225533,7.348972,7.612995,7.771088,7.911411,7.981499,8.191483,8.261383,8.313774,8.348686,8.313774,8.348686,8.383591,8.418476,8.366138,8.383591,8.366138,8.366138,8.278851,8.296310,8.470791,8.296310,8.296310,8.278851,8.366138,8.331230,8.278851,8.296310,8.296310,8.191483,8.226437,8.243912,8.296310,8.296310,8.348686,8.261383,8.435913,8.435913,8.505650,8.557915,8.540497,8.575333,8.557915,8.540497,8.540497,8.453358,8.435913,8.488220,8.505650,8.488220,8.470791,8.505650,8.505650,8.383591,8.296310,8.226437,8.191483,8.174004,8.296310,8.505650,8.557915,8.435913,8.226437,8.156513,7.823730,7.753536,7.841270,7.911411,7.963982,8.104042,7.963982,7.893879,7.911411,7.806187,7.928940,7.911411,7.911411,8.034035,8.051544,8.208961,8.261383,8.296310,8.331230,8.296310,8.313774,8.383591,8.331230,8.418476,8.348686,8.453358,8.470791,8.557915,8.575333,8.610161,8.627563,8.766716,8.731949,8.992432,9.027115,9.304119,9.425079,9.459610,9.079109,8.905678,8.766716,8.697163,8.801476,8.784096,8.784096,8.836220,8.888317,8.992432,8.888317,8.957737,9.027115,9.044441,9.217640,9.425079,9.459610,9.476868,9.321407,9.304119,9.390537,9.563126,9.494129,9.511379,9.459610,9.425079,9.614849,9.735428,9.838661,9.941792,10.147728,10.147728,9.993317,10.061974,10.079128,10.164867,10.113426,9.941792,9.924606,9.718216,9.700993,9.563126,9.545887,9.804260,9.958965,10.199139,10.284771,10.113426,9.769852,9.580376,9.304119,9.355976,9.269539,9.390537,9.269539,9.183022,9.200333,9.183022,9.148392,9.269539,9.304119,9.252239,9.390537,9.511379,9.632080,9.528633,9.511379,9.442345,9.373260,9.321407,9.407806,9.407806,9.511379,9.597610,9.632080,9.666546,9.787056,10.079128,10.762939,10.779976,10.575371,10.489990,10.455822,10.609497,10.677727,10.575371,10.592438,10.592438,10.609497,10.609497,10.524147,10.558300,10.694775,10.762939,10.677727,10.643623,10.762939,10.694775,10.814041,10.745911,10.728870,10.694775,10.660679,10.609497,10.660679,10.609497,10.541225,10.575371,10.541225,10.660679,10.677727,10.694775,10.626560,10.524147,10.421631,10.353233,10.421631,10.421631,10.507072,10.455822,10.284771,10.233398,10.182007,10.284771,10.728870,10.814041,10.575371,10.147728,9.890244,9.666546,9.614849,9.511379,9.563126,9.614849,9.528633,9.494129,9.494129,9.545887,9.425079,9.407806,9.563126,9.597610,9.545887,9.545887,9.528633,9.563126,9.580376,9.597610,9.718216,9.769852,9.735428,9.787056,9.769852,9.907425,9.873051,10.079128,10.438725,10.438725,10.353233,10.079128,10.079128,10.010487,10.061974,10.113426,10.113426,10.164867,10.182007,10.130581,10.061974,10.216270,10.182007,10.250530,10.061974,9.941792,9.890244,9.838661,9.855862,9.873051,10.044807,10.267654,10.216270,10.250530,9.821461,9.234943,9.148392,9.165710,9.165710,9.234943,9.286831,9.321407,9.269539,9.321407,9.286831,9.286831,9.407806,9.528633,9.958965,10.507072,10.592438,10.455822,10.284771,10.387436,10.301891,10.404537,10.370338,10.455822,10.455822,10.438725,10.404537,10.455822,10.489990,10.489990,10.489990,10.421631,10.404537,10.336117,10.489990,10.558300,10.609497,10.643623,10.558300,10.404537,10.524147,10.489990,10.728870,10.797012,10.831066,10.848083,10.728870,10.677727,10.626560,10.592438,10.541225,10.541225,10.438725,10.455822,10.301891,10.353233,10.284771,10.216270,10.130581,10.199139,10.284771,10.284771,10.284771,10.216270,10.130581,10.096279,10.113426,10.061974,10.061974,10.079128,9.941792,9.941792,9.821461,9.821461,9.752644,9.752644,10.199139,10.370338,10.507072,10.061974,9.649315,9.632080,9.700993,9.787056,9.666546,9.545887,9.459610,9.407806,9.355976,9.476868,9.407806,9.442345,9.407806,9.511379,9.683773,9.580376,9.355976,9.286831,9.355976,9.425079,9.511379,9.597610,9.476868,9.476868,9.580376,9.476868,9.632080,9.649315,9.838661,9.976139,10.113426,10.301891,10.455822,10.216270,10.079128,10.233398,10.216270,10.353233,10.438725,10.558300,10.609497,10.507072,10.643623,10.575371,10.575371,10.609497,10.626560,10.728870,10.762939,10.694775,10.404537,10.387436,10.421631,10.438725,10.421631,10.370338,10.353233,10.353233,10.353233,10.301891,10.370338,10.370338,10.336117,10.336117,10.336117,10.301891,10.353233,10.284771,10.404537,10.336117,10.284771,10.336117,10.353233,10.370338,10.267654,10.319000,10.250530,10.353233,10.301891,10.370338,10.626560,10.745911,10.711826,10.558300,10.438725,10.387436,10.353233,10.370338,10.455822,10.489990,10.438725,10.421631,10.370338,10.387436,10.267654,10.353233,10.387436,10.609497,10.643623,10.575371,10.507072,10.370338,10.284771,10.387436,10.370338,10.472908,10.404537,10.541225,10.489990,10.336117,10.284771,10.319000,10.233398,10.233398,10.216270,10.079128,10.199139,10.319000,10.301891,10.216270,10.199139,10.233398,10.319000,10.353233,10.387436,10.558300,10.489990,10.626560,10.643623,10.865101,11.035133,10.899132,10.575371,10.061974,9.941792,9.907425,9.855862,9.924606,9.907425,9.907425,9.855862,9.838661,9.855862,9.993317,9.855862,9.993317,10.044807,10.079128,9.958965,10.079128,10.044807,10.010487,9.735428,9.752644,9.838661,9.752644,9.804260,9.855862,9.907425,9.838661,10.079128,10.147728,10.113426,10.284771,10.267654,10.216270,10.147728,9.924606,9.890244,
3.837234,3.910049,3.910049,3.837234,3.819023,3.837234,3.727913,3.964630,4.037365,4.200836,4.364071,4.490860,4.942490,5.410194,5.679108,5.589546,5.410194,5.284477,5.230549,5.248528,5.248528,5.284477,5.517838,6.018761,6.872036,6.730297,6.036610,5.086613,4.364071,4.037365,3.891846,3.800804,3.727913,3.691456,3.709686,3.709686,3.636738,3.636738,3.673222,3.600243,3.545483,3.490696,3.764370,3.673222,3.819023,3.964630,3.928246,3.837234,3.819023,3.837234,3.764370,3.782589,3.727913,3.654976,3.727913,3.727913,3.800804,3.782589,3.782589,3.819023,3.782589,3.873646,3.855442,3.837234,3.928246,3.928246,3.891846,3.910049,3.946442,3.946442,3.964630,3.800804,3.855442,4.019184,4.037365,4.091881,4.146374,4.182686,4.237133,4.309685,4.309685,4.436539,4.345943,4.418427,4.490860,4.707874,5.104614,5.446091,5.714912,6.054455,6.214916,6.197094,6.357342,6.481804,6.854328,7.172585,7.419441,7.630577,7.858810,8.226437,8.418476,8.296310,7.981499,7.911411,8.139027,8.557915,8.731949,8.610161,8.697163,8.575333,8.662369,8.697163,8.731949,8.610161,8.714558,8.610161,8.540497,8.523075,8.523075,8.505650,8.488220,8.470791,8.435913,8.453358,8.470791,8.435913,8.453358,8.401035,8.401035,8.366138,8.331230,8.470791,8.348686,8.226437,8.243912,8.296310,8.243912,8.243912,8.296310,8.261383,8.226437,8.278851,8.278851,8.470791,8.679768,8.644970,8.731949,8.627563,8.714558,8.714558,8.766716,8.679768,8.610161,8.557915,8.644970,8.644970,8.557915,8.540497,8.488220,8.575333,8.401035,8.435913,8.139027,7.999016,8.086544,8.069046,8.348686,8.505650,8.523075,8.418476,8.191483,7.963982,7.841270,7.788635,7.735977,7.683289,7.700855,7.788635,7.753536,7.735977,7.876347,7.806187,7.893879,7.928940,7.981499,8.034035,8.174004,8.226437,8.208961,8.243912,8.278851,8.278851,8.278851,8.418476,8.401035,8.540497,8.557915,8.592743,8.610161,8.662369,8.697163,8.853588,8.766716,8.888317,9.044441,9.079109,9.286831,9.390537,9.459610,9.183022,8.836220,8.714558,8.714558,8.801476,8.836220,8.853588,8.801476,8.818848,8.836220,8.836220,8.818848,8.870953,8.923035,9.131081,9.373260,9.321407,9.321407,9.165710,9.061775,9.096436,9.061775,9.113758,9.096436,9.148392,9.459610,9.373260,9.407806,9.580376,10.027649,10.182007,10.284771,10.147728,10.096279,9.993317,9.958965,9.976139,9.804260,9.821461,9.804260,9.804260,9.735428,9.821461,9.958965,9.941792,10.130581,10.147728,10.096279,9.993317,10.061974,9.941792,9.924606,9.855862,9.958965,10.027649,9.941792,9.873051,9.700993,9.632080,9.597610,9.683773,9.666546,9.821461,9.787056,9.838661,9.941792,9.924606,9.718216,9.700993,9.718216,9.769852,9.649315,9.700993,9.718216,9.666546,9.718216,9.804260,10.027649,10.814041,10.882126,10.489990,10.216270,10.301891,10.353233,10.370338,10.507072,10.524147,10.575371,10.541225,10.592438,10.524147,10.541225,10.609497,10.489990,10.489990,10.489990,10.472908,10.438725,10.472908,10.575371,10.541225,10.489990,10.507072,10.609497,10.575371,10.609497,10.575371,10.643623,10.558300,10.677727,10.660679,10.694775,10.609497,10.592438,10.592438,10.660679,10.711826,10.831066,10.814041,10.779976,10.814041,10.643623,10.677727,10.797012,11.035133,10.950157,10.797012,10.541225,10.472908,10.233398,10.147728,10.061974,10.010487,9.890244,9.907425,9.597610,9.614849,9.545887,9.563126,9.511379,9.528633,9.528633,9.580376,9.494129,9.390537,9.442345,9.425079,9.494129,9.459610,9.511379,9.390537,9.425079,9.338692,9.373260,9.459610,9.700993,10.438725,10.575371,10.370338,9.907425,9.718216,9.666546,9.718216,9.683773,9.838661,9.804260,9.752644,9.838661,9.838661,10.010487,10.010487,9.958965,9.958965,9.890244,9.941792,9.976139,10.096279,10.216270,10.130581,10.250530,10.284771,10.267654,9.787056,9.494129,9.476868,9.528633,9.476868,9.545887,9.563126,9.649315,9.545887,9.545887,9.355976,9.373260,9.425079,9.528633,9.976139,10.336117,10.267654,9.976139,10.061974,10.044807,10.113426,10.096279,10.233398,10.233398,10.267654,10.284771,10.370338,10.438725,10.319000,10.301891,10.250530,10.216270,10.233398,10.233398,10.370338,10.541225,10.575371,10.489990,10.455822,10.404537,10.455822,10.489990,10.489990,10.455822,10.541225,10.677727,10.677727,10.558300,10.592438,10.643623,10.558300,10.541225,10.489990,10.404537,10.319000,10.387436,10.336117,10.250530,10.353233,10.147728,10.182007,10.164867,10.164867,10.079128,10.113426,10.147728,10.113426,10.216270,10.301891,10.164867,10.199139,9.993317,9.941792,9.873051,9.924606,9.941792,10.284771,10.284771,10.353233,9.907425,9.614849,9.649315,9.597610,9.528633,9.494129,9.459610,9.217640,9.252239,9.286831,9.234943,9.217640,9.165710,9.131081,9.234943,9.234943,9.148392,9.061775,9.027115,9.148392,9.044441,9.079109,9.009773,8.992432,8.923035,8.940388,8.888317,8.957737,8.975086,9.096436,9.269539,10.130581,10.182007,10.182007,9.821461,9.890244,9.993317,10.027649,10.147728,10.199139,10.387436,10.592438,10.541225,10.472908,10.524147,10.643623,10.575371,10.472908,10.660679,10.507072,10.404537,10.455822,10.370338,10.489990,10.489990,10.575371,10.524147,10.489990,10.489990,10.524147,10.575371,10.558300,10.524147,10.660679,10.643623,10.677727,10.643623,10.643623,10.558300,10.489990,10.626560,10.524147,10.575371,10.507072,10.541225,10.507072,10.472908,10.404537,10.507072,10.472908,10.745911,10.916145,10.848083,10.779976,10.626560,10.370338,10.404537,10.319000,10.301891,10.284771,10.233398,10.284771,10.336117,10.353233,10.370338,10.267654,10.233398,10.182007,10.353233,10.387436,10.336117,10.250530,10.199139,10.199139,10.147728,10.267654,10.267654,10.147728,10.182007,10.250530,10.370338,10.319000,10.370338,10.489990,10.643623,10.660679,10.677727,10.489990,10.455822,10.438725,10.404537,10.421631,10.524147,10.643623,10.626560,10.660679,10.797012,10.745911,10.933151,10.882126,11.001148,10.933151,10.848083,10.660679,10.267654,10.336117,10.147728,10.182007,10.130581,10.010487,9.890244,9.924606,9.907425,9.804260,9.752644,9.769852,9.718216,9.666546,9.718216,9.907425,9.890244,9.821461,9.700993,9.649315,9.545887,9.563126,9.545887,9.580376,9.528633,9.476868,9.545887,9.718216,9.683773,9.993317,10.113426,10.182007,10.113426,9.666546,9.476868,9.407806,
4.454651,4.400314,4.400314,4.309685,4.200836,4.255280,4.218987,4.237133,4.382195,4.436539,4.617508,4.617508,4.978535,5.302444,5.822250,6.018761,5.643291,5.374290,5.248528,5.212570,5.266499,5.338371,5.481972,5.750706,6.730297,6.942829,6.517342,5.517838,4.852314,4.345943,4.091881,4.128212,3.891846,3.746143,3.946442,3.855442,3.691456,3.673222,3.636738,3.618496,3.746143,3.618496,3.709686,3.709686,3.746143,3.855442,3.819023,3.819023,3.819023,3.800804,3.746143,3.746143,3.782589,3.800804,3.764370,3.727913,3.800804,3.782589,3.819023,3.782589,3.873646,3.819023,3.928246,3.873646,3.891846,3.855442,3.873646,3.982819,3.910049,3.946442,3.910049,3.819023,3.837234,3.964630,3.982819,4.200836,4.164528,4.128212,4.237133,4.255280,4.309685,4.345943,4.309685,4.364071,4.436539,4.599422,4.689812,4.888393,5.176598,5.338371,5.517838,5.661201,5.714912,6.214916,7.084278,8.156513,8.592743,8.957737,9.321407,9.632080,9.563126,9.131081,8.836220,8.766716,8.784096,8.870953,8.975086,8.870953,8.853588,8.714558,8.662369,8.697163,8.592743,8.627563,8.557915,8.540497,8.523075,8.470791,8.523075,8.453358,8.453358,8.383591,8.401035,8.313774,8.366138,8.348686,8.278851,8.278851,8.226437,8.296310,8.243912,8.243912,8.243912,8.174004,8.121536,8.191483,8.139027,8.243912,8.226437,8.348686,8.331230,8.296310,8.226437,8.366138,8.575333,8.540497,8.557915,8.627563,8.610161,8.627563,8.592743,8.557915,8.523075,8.540497,8.575333,8.435913,8.523075,8.418476,8.383591,8.366138,8.383591,8.191483,7.981499,7.858810,7.753536,7.893879,8.243912,8.435913,8.435913,8.435913,8.383591,8.139027,7.893879,7.753536,7.771088,7.630577,7.560242,7.560242,7.577831,7.612995,7.595413,7.665718,7.630577,7.577831,7.577831,7.595413,7.718422,7.753536,7.788635,7.771088,7.911411,8.139027,8.401035,8.488220,8.261383,7.999016,8.226437,8.139027,8.296310,8.278851,8.278851,8.435913,8.401035,8.784096,8.749332,8.870953,8.888317,9.113758,9.165710,9.061775,8.957737,8.870953,8.905678,9.027115,8.957737,9.113758,9.113758,9.096436,9.165710,9.234943,9.304119,9.304119,9.286831,9.338692,9.407806,9.425079,9.459610,9.321407,9.165710,9.165710,9.234943,9.321407,9.286831,9.304119,9.338692,9.355976,9.442345,9.580376,9.976139,10.301891,10.250530,10.044807,10.010487,9.976139,9.787056,9.563126,9.355976,9.355976,9.286831,9.373260,9.425079,9.528633,9.580376,9.580376,9.649315,9.632080,9.545887,9.528633,9.563126,9.614849,9.752644,9.718216,9.804260,9.958965,10.061974,9.976139,9.890244,9.804260,9.769852,9.873051,10.199139,10.507072,10.609497,10.575371,10.541225,10.438725,10.421631,10.370338,10.353233,10.421631,10.507072,10.387436,10.541225,10.507072,10.061974,10.472908,10.626560,10.967159,11.069107,10.711826,10.421631,10.404537,10.507072,10.472908,10.541225,10.558300,10.541225,10.404537,10.387436,10.387436,10.472908,10.387436,10.319000,10.199139,10.164867,10.182007,10.250530,10.301891,10.216270,10.113426,10.130581,10.061974,10.079128,10.147728,10.336117,10.164867,10.147728,10.164867,10.284771,10.694775,10.694775,10.694775,10.660679,10.643623,10.489990,10.489990,10.541225,10.558300,10.711826,10.643623,10.626560,10.814041,10.779976,10.882126,11.018150,10.984158,10.967159,10.848083,10.882126,10.831066,10.797012,10.677727,10.575371,10.541225,10.370338,10.336117,10.336117,10.233398,10.164867,10.164867,10.061974,10.199139,10.164867,10.096279,10.113426,10.044807,10.027649,9.993317,9.924606,9.907425,9.821461,9.890244,9.700993,9.804260,9.890244,10.541225,10.677727,10.524147,10.044807,9.545887,9.545887,9.649315,9.632080,9.683773,9.649315,9.683773,9.683773,9.769852,9.855862,9.804260,9.890244,9.941792,9.907425,9.993317,10.130581,10.010487,9.976139,10.061974,10.130581,10.113426,10.113426,10.061974,10.113426,10.113426,9.993317,10.096279,10.130581,10.284771,10.404537,10.301891,10.010487,9.683773,9.752644,9.752644,9.838661,10.079128,10.199139,9.958965,10.044807,9.976139,10.182007,10.199139,10.336117,10.370338,10.370338,10.336117,10.216270,10.216270,10.233398,10.216270,10.216270,10.164867,10.147728,10.182007,10.216270,10.284771,10.541225,10.507072,10.353233,10.336117,10.284771,10.404537,10.353233,10.404537,10.370338,10.164867,10.061974,10.079128,10.301891,10.387436,10.438725,10.319000,10.130581,9.907425,9.804260,9.700993,9.838661,9.993317,9.993317,9.976139,9.821461,9.821461,9.769852,9.804260,9.821461,9.907425,10.164867,10.353233,10.370338,10.421631,10.336117,10.027649,9.873051,9.821461,9.976139,9.976139,9.993317,10.113426,10.182007,10.164867,9.958965,9.787056,9.890244,9.873051,9.821461,9.683773,9.580376,9.563126,9.718216,9.787056,9.700993,9.649315,9.494129,9.476868,9.459610,9.476868,9.304119,9.234943,9.252239,9.200333,9.183022,9.148392,9.217640,9.079109,9.148392,9.027115,8.905678,8.818848,8.923035,8.992432,9.338692,10.113426,10.147728,9.907425,9.752644,9.752644,9.787056,9.855862,9.924606,10.027649,10.044807,10.147728,10.096279,10.027649,9.976139,10.079128,10.130581,10.164867,10.182007,10.284771,10.301891,10.216270,10.233398,10.216270,10.319000,10.267654,10.233398,10.216270,10.267654,10.336117,10.284771,10.353233,10.541225,10.609497,10.779976,10.814041,10.814041,10.728870,10.694775,10.643623,10.626560,10.711826,10.779976,10.797012,10.728870,10.728870,10.677727,10.779976,10.711826,10.779976,10.950157,10.831066,10.899132,10.779976,10.728870,10.626560,10.745911,10.558300,10.575371,10.626560,10.626560,10.626560,10.592438,10.779976,10.626560,10.643623,10.507072,10.524147,10.541225,10.455822,10.387436,10.233398,10.216270,10.199139,10.267654,10.284771,10.370338,10.336117,10.284771,10.353233,10.421631,10.489990,10.438725,10.694775,10.865101,10.933151,10.762939,10.438725,10.267654,10.164867,10.061974,10.182007,10.267654,10.233398,10.267654,10.319000,10.387436,10.541225,10.609497,10.575371,10.728870,10.711826,10.711826,10.609497,10.609497,10.558300,10.575371,10.524147,10.421631,10.353233,10.301891,10.199139,10.130581,10.130581,10.147728,10.164867,10.096279,10.061974,10.027649,10.199139,10.199139,10.079128,10.010487,9.924606,9.941792,9.769852,9.752644,9.597610,9.563126,9.614849,9.632080,9.614849,9.787056,9.976139,10.061974,10.044807,10.010487,9.666546,9.528633,9.321407,
5.643291,5.607468,5.499908,5.338371,5.320412,5.338371,5.230549,5.338371,5.320412,5.320412,5.392242,5.428139,5.679108,5.875885,6.375134,6.748028,6.357342,5.750706,5.446091,5.302444,5.374290,5.356339,5.499908,5.661201,6.268349,7.137272,6.960518,6.197094,5.374290,4.707874,4.490860,4.309685,4.146374,4.110050,4.146374,4.019184,3.946442,3.873646,3.855442,3.855442,3.837234,3.800804,3.928246,3.873646,3.855442,3.819023,3.873646,3.873646,3.819023,3.837234,3.946442,3.946442,3.946442,3.873646,3.928246,3.800804,3.873646,3.837234,3.819023,3.782589,3.819023,3.837234,4.001003,4.019184,3.946442,3.928246,3.946442,3.982819,4.001003,3.982819,4.037365,3.837234,3.819023,4.001003,4.146374,4.055538,4.073711,4.001003,4.218987,4.255280,4.309685,4.418427,4.273415,4.255280,4.309685,4.527058,4.653660,4.798172,4.924461,4.996559,5.104614,5.356339,5.517838,5.983063,7.225533,8.435913,9.096436,9.476868,9.494129,9.563126,9.425079,9.234943,9.079109,8.888317,8.853588,8.905678,8.836220,8.818848,8.749332,8.766716,8.627563,8.488220,8.505650,8.488220,8.401035,8.453358,8.366138,8.331230,8.331230,8.313774,8.261383,8.156513,8.243912,8.243912,8.156513,8.121536,8.191483,8.104042,8.051544,7.999016,8.016525,7.999016,8.034035,8.016525,7.963982,8.069046,8.243912,8.296310,8.296310,8.243912,8.278851,8.331230,8.366138,8.435913,8.470791,8.523075,8.418476,8.418476,8.505650,8.610161,8.575333,8.488220,8.453358,8.470791,8.470791,8.401035,8.401035,8.208961,8.296310,8.261383,8.174004,8.139027,7.946465,7.841270,7.841270,7.753536,7.999016,8.156513,8.435913,8.331230,8.401035,8.278851,8.226437,8.016525,7.911411,7.753536,7.630577,7.630577,7.683289,7.735977,7.665718,7.560242,7.542656,7.437057,7.577831,7.525059,7.612995,7.612995,7.648148,7.700855,7.771088,7.893879,8.401035,8.435913,8.139027,7.806187,7.700855,7.806187,7.823730,7.841270,7.876347,7.893879,8.208961,8.069046,8.156513,8.121536,8.191483,8.453358,8.575333,8.679768,8.697163,8.784096,8.749332,8.888317,9.027115,9.113758,9.200333,9.252239,9.321407,9.511379,9.649315,9.787056,9.735428,9.735428,9.855862,9.735428,9.545887,9.580376,9.494129,9.494129,9.632080,9.735428,9.752644,9.666546,9.700993,9.597610,9.890244,9.958965,10.113426,10.267654,10.301891,10.147728,9.976139,9.958965,9.855862,9.787056,9.511379,9.476868,9.355976,9.407806,9.459610,9.528633,9.597610,9.511379,9.563126,9.407806,9.407806,9.286831,9.286831,9.425079,9.373260,9.390537,9.476868,9.632080,9.838661,9.769852,9.649315,9.545887,9.459610,9.563126,10.079128,10.660679,10.728870,10.558300,10.370338,10.336117,10.199139,10.301891,10.472908,10.472908,10.541225,10.609497,10.626560,10.711826,10.762939,10.728870,10.933151,10.916145,10.899132,10.865101,10.865101,10.916145,10.899132,10.728870,10.831066,10.728870,10.694775,10.643623,10.711826,10.660679,10.626560,10.507072,10.643623,10.541225,10.541225,10.558300,10.541225,10.507072,10.438725,10.472908,10.404537,10.301891,10.267654,10.250530,10.336117,10.216270,10.233398,10.233398,10.387436,10.728870,10.797012,10.950157,10.933151,10.728870,10.626560,10.472908,10.489990,10.421631,10.455822,10.507072,10.541225,10.421631,10.438725,10.421631,10.745911,10.831066,10.831066,10.575371,10.626560,10.694775,10.677727,10.575371,10.489990,10.489990,10.472908,10.370338,10.319000,10.233398,10.233398,10.284771,10.370338,10.541225,10.745911,10.677727,10.541225,10.438725,10.438725,10.438725,10.472908,10.455822,10.592438,10.541225,10.319000,10.541225,10.626560,10.745911,10.797012,10.609497,10.353233,9.976139,10.027649,9.958965,10.147728,10.027649,9.873051,9.890244,9.838661,9.976139,9.941792,9.718216,9.700993,9.632080,9.700993,9.787056,9.855862,9.838661,9.873051,9.890244,9.976139,10.010487,10.010487,9.993317,10.216270,10.250530,10.182007,10.216270,10.284771,10.404537,10.489990,10.677727,10.284771,9.649315,9.666546,9.597610,9.649315,9.632080,9.683773,9.787056,9.890244,9.890244,10.079128,10.164867,10.199139,10.147728,10.164867,10.130581,10.130581,10.250530,10.267654,10.216270,10.130581,10.113426,10.182007,10.233398,10.233398,10.336117,10.404537,10.404537,10.404537,10.370338,10.387436,10.489990,10.404537,10.438725,10.370338,10.216270,10.164867,10.147728,10.336117,10.370338,10.319000,10.164867,9.976139,9.873051,9.838661,9.873051,9.890244,9.821461,9.752644,9.735428,9.683773,9.700993,9.821461,9.666546,9.787056,9.855862,10.336117,10.524147,10.472908,10.353233,10.182007,9.821461,9.804260,9.821461,9.873051,9.752644,9.787056,9.821461,9.855862,9.958965,9.924606,9.890244,9.907425,9.976139,9.821461,9.941792,9.907425,9.958965,9.958965,10.044807,9.993317,10.044807,9.941792,10.044807,10.044807,9.958965,9.958965,9.718216,9.752644,9.873051,9.958965,9.890244,9.958965,9.924606,9.941792,9.718216,9.390537,9.511379,9.425079,9.476868,9.769852,10.027649,10.096279,9.958965,9.873051,9.976139,10.079128,10.079128,10.216270,10.199139,10.336117,10.216270,10.216270,10.216270,10.164867,10.336117,10.267654,10.182007,10.199139,10.199139,10.216270,10.199139,10.233398,10.199139,10.250530,10.182007,10.182007,10.250530,10.301891,10.336117,10.370338,10.353233,10.421631,10.694775,10.814041,10.814041,10.370338,10.164867,10.147728,10.164867,10.199139,10.267654,10.233398,10.182007,10.182007,10.216270,10.216270,10.250530,10.353233,10.370338,10.472908,10.524147,10.489990,10.524147,10.404537,10.421631,10.421631,10.541225,10.694775,10.728870,10.831066,10.848083,10.967159,10.899132,10.967159,10.950157,10.865101,10.797012,10.660679,10.797012,10.745911,10.694775,10.694775,10.609497,10.592438,10.626560,10.694775,10.694775,10.694775,10.626560,10.626560,10.660679,10.728870,10.882126,10.899132,10.848083,10.592438,10.353233,10.113426,9.907425,9.821461,9.941792,9.941792,10.027649,10.147728,10.079128,10.044807,10.061974,10.096279,10.164867,10.199139,10.182007,10.319000,10.336117,10.336117,10.370338,10.319000,10.319000,10.301891,10.061974,10.096279,10.096279,10.182007,10.027649,10.044807,10.130581,10.130581,10.301891,10.387436,10.336117,10.267654,10.216270,9.976139,9.821461,9.769852,9.787056,9.890244,9.769852,9.821461,9.821461,9.941792,9.958965,9.924606,10.044807,9.941792,9.976139,9.924606,9.804260,9.718216,9.597610,
7.031254,6.925133,6.801193,6.889732,6.748028,6.694839,6.659363,6.606125,6.659363,6.659363,6.677101,6.783474,6.907440,7.013577,7.630577,7.683289,7.348972,6.321754,5.661201,5.553699,5.374290,5.535770,5.571625,5.481972,6.072296,6.942829,7.489868,6.995895,6.197094,5.589546,5.122616,4.870358,4.635590,4.599422,4.545155,4.400314,4.291550,4.273415,4.327812,4.182686,4.364071,4.128212,4.164528,4.091881,4.073711,4.200836,4.091881,4.110050,4.055538,4.073711,4.001003,4.110050,4.110050,3.910049,4.037365,3.964630,4.019184,3.946442,3.982819,4.055538,4.073711,4.037365,4.001003,4.110050,4.055538,4.037365,4.001003,3.928246,4.001003,4.073711,4.019184,3.891846,3.910049,3.910049,4.146374,4.110050,4.073711,4.091881,4.309685,4.237133,4.345943,4.327812,4.146374,4.237133,4.327812,4.599422,4.617508,4.743999,4.798172,4.960514,5.050598,5.266499,5.356339,5.732807,7.154926,8.453358,8.940388,9.113758,9.113758,9.148392,9.061775,8.992432,8.940388,8.870953,8.749332,8.749332,8.784096,8.766716,8.766716,8.627563,8.435913,8.261383,8.261383,8.243912,8.191483,8.261383,8.191483,8.191483,8.104042,8.139027,8.139027,8.226437,8.069046,8.156513,8.156513,8.069046,8.034035,7.999016,7.946465,7.841270,7.876347,7.928940,7.946465,7.928940,7.981499,8.034035,8.296310,8.261383,8.226437,8.261383,8.243912,8.313774,8.261383,8.313774,8.435913,8.383591,8.401035,8.505650,8.505650,8.557915,8.505650,8.488220,8.383591,8.383591,8.383591,8.383591,8.278851,8.296310,8.261383,8.139027,8.226437,8.139027,8.086544,7.893879,7.806187,7.718422,7.876347,7.911411,7.999016,8.278851,8.331230,8.383591,8.243912,8.139027,8.034035,7.876347,7.753536,7.858810,7.823730,7.683289,7.595413,7.507469,7.472267,7.507469,7.507469,7.630577,7.700855,7.683289,7.771088,7.841270,7.963982,8.034035,8.174004,8.278851,8.121536,7.876347,7.753536,7.841270,7.876347,7.841270,7.893879,7.963982,7.981499,7.981499,8.086544,8.121536,8.261383,8.331230,8.383591,8.540497,8.470791,8.453358,8.366138,8.592743,8.470791,8.592743,8.697163,8.714558,8.818848,9.096436,9.476868,9.614849,9.614849,9.632080,9.769852,9.838661,9.494129,9.269539,9.200333,9.252239,9.425079,9.597610,9.563126,9.752644,9.752644,9.855862,9.907425,9.976139,10.044807,10.147728,10.182007,10.061974,10.130581,10.096279,10.061974,10.044807,10.079128,9.873051,9.890244,9.924606,9.958965,9.976139,9.941792,9.907425,9.855862,9.804260,9.787056,9.735428,9.632080,9.528633,9.666546,9.614849,9.528633,9.563126,9.718216,9.683773,9.735428,9.649315,9.855862,9.907425,10.199139,10.694775,10.762939,10.762939,10.199139,10.233398,10.216270,10.216270,10.233398,10.233398,10.319000,10.233398,10.336117,10.387436,10.507072,10.472908,10.472908,10.592438,10.558300,10.660679,10.677727,10.762939,10.831066,10.848083,10.831066,10.814041,10.779976,10.677727,10.814041,10.694775,10.711826,10.626560,10.558300,10.592438,10.609497,10.848083,10.814041,10.728870,10.558300,10.541225,10.541225,10.541225,10.592438,10.524147,10.558300,10.558300,10.575371,10.728870,10.899132,10.933151,10.967159,11.018150,11.001148,10.899132,10.865101,10.814041,10.916145,10.694775,10.472908,10.541225,10.711826,10.711826,10.524147,10.592438,10.711826,10.694775,10.592438,10.319000,10.319000,10.301891,10.404537,10.233398,10.199139,10.284771,10.319000,10.250530,10.199139,10.164867,10.130581,10.233398,10.404537,10.711826,10.797012,10.831066,10.489990,10.130581,10.164867,10.182007,10.267654,10.250530,10.472908,10.541225,10.421631,10.438725,10.455822,10.524147,10.575371,10.507072,10.438725,10.336117,10.404537,10.524147,10.370338,10.387436,10.267654,10.284771,10.301891,10.404537,10.319000,10.301891,10.182007,10.216270,10.267654,10.336117,10.370338,10.421631,10.250530,10.216270,10.164867,10.044807,10.113426,10.216270,10.336117,10.404537,10.319000,10.267654,10.216270,10.404537,10.558300,10.728870,10.147728,9.718216,9.666546,9.700993,9.700993,9.735428,9.821461,9.855862,9.958965,9.873051,9.890244,9.941792,9.804260,9.735428,9.700993,9.700993,9.769852,9.924606,9.976139,9.907425,9.804260,9.855862,9.907425,9.787056,9.873051,9.924606,9.838661,9.804260,9.804260,10.044807,10.643623,10.677727,10.694775,10.558300,10.472908,10.233398,10.250530,10.250530,10.301891,10.250530,10.267654,10.096279,9.993317,10.250530,10.182007,10.061974,10.182007,10.147728,10.164867,10.079128,10.199139,10.199139,10.284771,10.096279,10.199139,10.319000,10.507072,10.489990,10.541225,10.455822,10.301891,9.924606,9.838661,9.821461,10.010487,10.010487,9.958965,9.804260,9.821461,9.924606,9.907425,9.890244,9.855862,9.941792,9.890244,9.855862,9.873051,9.924606,10.010487,9.993317,9.958965,9.958965,9.958965,9.924606,9.924606,9.821461,9.855862,9.821461,9.821461,9.976139,10.061974,10.233398,10.284771,10.199139,10.079128,9.907425,9.924606,9.804260,9.838661,9.890244,9.976139,10.079128,9.976139,9.993317,10.044807,10.147728,10.216270,10.250530,10.404537,10.541225,10.609497,10.609497,10.677727,10.592438,10.677727,10.711826,10.728870,10.779976,10.677727,10.831066,10.831066,10.899132,10.848083,10.779976,10.779976,10.779976,10.677727,10.779976,10.797012,10.882126,10.831066,10.626560,10.899132,10.984158,11.001148,10.575371,10.284771,10.147728,10.079128,10.130581,10.044807,9.907425,9.993317,9.873051,9.787056,9.821461,9.769852,9.752644,9.924606,9.907425,9.907425,9.924606,9.958965,9.941792,9.855862,9.941792,10.044807,10.147728,10.130581,10.233398,10.370338,10.421631,10.541225,10.575371,10.762939,10.779976,10.831066,10.660679,10.626560,10.660679,10.626560,10.524147,10.472908,10.524147,10.592438,10.626560,10.711826,10.626560,10.609497,10.609497,10.626560,10.694775,10.524147,10.711826,10.745911,10.694775,10.489990,10.301891,10.267654,10.267654,10.079128,10.113426,10.147728,10.147728,9.941792,10.027649,9.958965,10.044807,9.993317,9.958965,10.027649,10.079128,10.044807,10.164867,10.010487,10.130581,10.027649,9.941792,9.993317,9.993317,10.061974,10.044807,10.113426,10.079128,10.061974,10.233398,10.250530,10.250530,10.301891,9.993317,9.718216,9.632080,9.442345,9.632080,9.718216,9.632080,9.597610,9.545887,9.632080,9.666546,9.683773,9.649315,9.632080,9.632080,9.683773,9.752644,9.718216,9.769852,9.838661,9.873051,
7.207882,7.190231,7.243172,7.348972,7.437057,7.489868,7.630577,7.560242,7.648148,7.753536,7.823730,7.928940,7.946465,8.243912,8.488220,8.714558,8.174004,6.872036,5.786484,5.553699,5.553699,5.481972,5.535770,5.697014,6.107971,6.783474,7.841270,7.841270,7.278450,6.712570,6.232731,5.929482,5.697014,5.553699,5.374290,5.284477,5.266499,5.158604,5.050598,5.104614,5.068611,4.870358,4.906425,4.870358,4.852314,4.816223,4.707874,4.617508,4.689812,4.617508,4.617508,4.581333,4.545155,4.436539,4.508957,4.364071,4.400314,4.436539,4.382195,4.400314,4.309685,4.327812,4.273415,4.400314,4.273415,4.327812,4.273415,4.273415,4.146374,4.255280,4.309685,4.164528,4.146374,4.001003,4.237133,4.255280,4.218987,4.255280,4.327812,4.345943,4.345943,4.273415,4.237133,4.364071,4.527058,4.653660,4.707874,4.671738,4.798172,4.996559,5.068611,5.230549,5.392242,5.768597,6.889732,7.858810,8.383591,8.610161,8.731949,8.766716,8.853588,8.853588,8.697163,8.592743,8.662369,8.627563,8.644970,8.662369,8.766716,8.662369,8.488220,8.366138,8.331230,8.296310,8.331230,8.296310,8.226437,8.208961,8.156513,8.208961,8.243912,8.174004,8.191483,8.104042,8.226437,8.069046,8.104042,8.191483,8.104042,7.963982,7.999016,8.069046,8.016525,8.016525,8.069046,8.139027,8.296310,8.435913,8.505650,8.435913,8.278851,8.366138,8.383591,8.366138,8.383591,8.453358,8.470791,8.575333,8.557915,8.644970,8.627563,8.557915,8.453358,8.418476,8.453358,8.401035,8.401035,8.401035,8.366138,8.401035,8.313774,8.208961,8.208961,8.104042,7.911411,7.823730,7.788635,7.771088,7.928940,8.016525,8.278851,8.226437,8.261383,8.121536,7.946465,7.771088,7.718422,7.753536,7.806187,7.577831,7.366592,7.278450,7.296085,7.366592,7.313717,7.366592,7.437057,7.366592,7.454662,7.560242,7.665718,7.735977,7.858810,8.086544,7.981499,7.946465,7.946465,8.016525,7.999016,8.156513,8.069046,8.156513,8.156513,8.366138,8.453358,8.488220,8.470791,8.697163,8.679768,8.784096,8.714558,8.662369,8.644970,8.557915,8.610161,8.557915,8.662369,8.662369,8.749332,8.836220,9.113758,9.252239,9.390537,9.459610,9.769852,9.735428,9.528633,8.992432,9.027115,8.818848,8.992432,9.027115,9.027115,9.321407,9.355976,9.407806,9.494129,9.683773,9.752644,9.735428,9.821461,9.752644,9.752644,9.735428,9.752644,9.907425,9.907425,10.027649,10.044807,10.061974,10.027649,9.993317,10.027649,10.061974,9.993317,10.147728,10.079128,10.044807,9.821461,9.683773,9.718216,9.649315,9.769852,9.769852,9.873051,9.993317,10.079128,10.027649,10.164867,10.301891,10.421631,10.694775,10.711826,10.524147,10.370338,10.147728,10.216270,10.182007,10.199139,10.199139,10.199139,10.164867,10.233398,10.267654,10.199139,10.147728,10.199139,10.336117,10.301891,10.250530,10.336117,10.387436,10.284771,10.250530,10.353233,10.353233,10.404537,10.353233,10.319000,10.301891,10.250530,10.164867,10.113426,10.250530,10.711826,10.711826,10.609497,10.319000,9.907425,9.769852,9.769852,9.873051,9.787056,9.873051,9.890244,10.010487,10.164867,10.250530,10.404537,10.575371,10.558300,10.626560,10.626560,10.575371,10.677727,10.762939,10.831066,10.916145,10.814041,10.797012,10.882126,10.916145,10.865101,10.848083,10.899132,10.865101,10.711826,10.404537,10.319000,10.319000,10.353233,10.233398,10.267654,10.216270,10.250530,10.284771,10.199139,10.199139,10.284771,10.319000,10.524147,10.814041,10.797012,10.745911,10.541225,10.267654,10.301891,10.182007,10.147728,10.130581,10.182007,10.267654,10.233398,10.199139,10.216270,10.250530,10.301891,10.216270,10.182007,10.319000,10.353233,10.370338,10.284771,10.284771,10.267654,10.284771,10.336117,10.370338,10.336117,10.250530,10.216270,10.301891,10.404537,10.609497,10.779976,10.882126,10.711826,10.507072,10.489990,10.404537,10.319000,10.592438,10.643623,10.643623,10.387436,10.507072,10.489990,10.609497,10.762939,10.711826,10.507072,10.267654,10.284771,10.267654,10.284771,10.199139,10.199139,10.250530,10.130581,10.164867,10.113426,9.941792,9.976139,9.838661,9.769852,9.718216,9.787056,9.855862,9.941792,9.787056,9.804260,9.787056,9.787056,9.873051,9.838661,9.787056,9.700993,9.649315,9.632080,9.941792,10.592438,10.762939,10.865101,10.353233,10.199139,10.079128,9.941792,9.941792,10.061974,9.976139,9.993317,9.993317,10.113426,10.130581,10.113426,10.113426,10.061974,10.113426,10.130581,10.267654,10.233398,10.199139,10.250530,10.182007,10.319000,10.387436,10.370338,10.472908,10.489990,10.438725,10.404537,10.284771,10.353233,10.421631,10.455822,10.541225,10.455822,10.353233,10.284771,9.993317,9.993317,10.010487,10.010487,10.027649,9.941792,10.044807,10.096279,10.061974,10.096279,10.061974,10.182007,10.096279,10.130581,10.027649,9.976139,9.907425,9.873051,9.873051,9.941792,9.958965,10.130581,10.370338,10.421631,10.404537,10.301891,10.079128,9.941792,9.821461,9.873051,9.958965,9.855862,9.821461,9.838661,9.958965,9.993317,9.890244,9.958965,10.182007,10.541225,10.694775,10.643623,10.694775,10.592438,10.677727,10.711826,10.643623,10.643623,10.609497,10.677727,10.728870,10.814041,10.916145,10.933151,11.001148,11.018150,11.103065,11.035133,11.120033,11.137009,11.137009,11.086086,11.120033,11.120033,11.120033,11.018150,10.916145,10.711826,10.626560,10.541225,10.387436,10.387436,10.319000,10.216270,10.096279,9.993317,9.890244,9.769852,9.873051,9.804260,9.855862,9.787056,9.873051,9.873051,9.924606,9.873051,9.907425,9.941792,10.010487,10.044807,10.044807,9.890244,10.147728,10.216270,10.250530,10.284771,10.438725,10.507072,10.455822,10.319000,10.182007,10.096279,10.147728,10.079128,10.044807,10.027649,10.113426,10.267654,10.216270,10.182007,10.216270,10.284771,10.233398,10.284771,10.250530,10.233398,10.301891,10.284771,10.233398,10.301891,10.421631,10.250530,10.216270,10.216270,10.233398,10.182007,10.079128,10.027649,10.182007,10.182007,10.284771,10.233398,10.199139,10.096279,10.010487,10.044807,9.924606,9.976139,10.096279,10.096279,10.164867,10.079128,10.044807,10.164867,10.250530,10.284771,10.250530,10.370338,10.301891,10.216270,9.787056,9.528633,9.390537,9.459610,9.494129,9.511379,9.442345,9.459610,9.580376,9.614849,9.649315,9.511379,9.580376,9.545887,9.580376,9.614849,9.700993,9.614849,9.700993,9.700993,9.769852,
6.677101,6.659363,6.659363,6.854328,6.872036,6.960518,6.995895,7.190231,7.260815,7.348972,7.384212,7.525059,7.735977,7.665718,7.981499,8.226437,8.208961,6.925133,5.947346,5.679108,5.697014,5.714912,5.768597,5.840134,6.179276,6.552864,8.034035,8.156513,7.823730,7.366592,7.278450,7.066605,6.889732,6.641617,6.659363,6.606125,6.499577,6.428486,6.428486,6.286148,6.250534,6.161457,6.054455,6.107971,6.125797,5.983063,5.804367,5.822250,5.643291,5.679108,5.589546,5.553699,5.499908,5.446091,5.392242,5.248528,5.230549,5.176598,5.248528,5.194580,5.068611,5.050598,5.068611,4.960514,4.888393,4.906425,4.996559,4.780113,4.798172,4.798172,4.671738,4.743999,4.599422,4.563248,4.635590,4.653660,4.671738,4.653660,4.762062,4.635590,4.617508,4.527058,4.599422,4.707874,4.834267,4.978535,4.924461,4.942490,4.906425,5.086613,5.140610,5.302444,5.356339,5.714912,6.357342,7.243172,7.858810,8.348686,8.610161,8.784096,8.714558,8.853588,8.784096,8.801476,8.784096,8.749332,8.853588,8.836220,9.096436,9.044441,8.870953,8.853588,8.627563,8.662369,8.610161,8.592743,8.644970,8.610161,8.575333,8.505650,8.505650,8.540497,8.610161,8.505650,8.488220,8.401035,8.383591,8.453358,8.540497,8.453358,8.488220,8.470791,8.488220,8.488220,8.331230,8.435913,8.470791,8.557915,8.731949,8.801476,8.679768,8.540497,8.592743,8.592743,8.644970,8.679768,8.627563,8.697163,8.749332,8.714558,8.784096,8.644970,8.592743,8.627563,8.592743,8.592743,8.523075,8.627563,8.540497,8.488220,8.418476,8.366138,8.226437,8.156513,8.104042,7.911411,7.876347,7.823730,7.858810,7.823730,7.981499,8.156513,8.121536,8.208961,7.876347,7.753536,7.771088,7.788635,7.788635,7.542656,7.331345,7.296085,7.331345,7.366592,7.348972,7.348972,7.331345,7.507469,7.401833,7.489868,7.401833,7.454662,7.577831,7.683289,7.841270,7.753536,7.771088,7.876347,8.016525,8.069046,7.999016,8.121536,8.261383,8.261383,8.383591,8.505650,8.610161,8.749332,8.940388,8.992432,8.836220,8.905678,8.853588,8.714558,8.697163,8.784096,8.731949,8.697163,8.870953,8.940388,9.131081,9.390537,9.442345,9.459610,9.769852,9.838661,9.597610,9.183022,9.200333,9.131081,9.079109,9.183022,9.165710,9.269539,9.476868,9.476868,9.545887,9.614849,9.632080,9.632080,9.614849,9.390537,9.390537,9.425079,9.373260,9.390537,9.528633,9.545887,9.563126,9.700993,9.632080,9.649315,9.632080,9.666546,9.614849,10.044807,10.147728,10.061974,9.476868,9.252239,9.200333,9.286831,9.304119,9.425079,9.407806,9.545887,9.632080,9.907425,10.044807,10.147728,10.267654,10.370338,10.455822,10.404537,10.336117,10.147728,10.061974,10.079128,9.993317,9.993317,9.924606,10.044807,10.027649,10.027649,10.027649,9.976139,10.010487,10.267654,10.267654,10.233398,10.250530,10.301891,10.284771,10.336117,10.233398,10.233398,10.319000,10.319000,10.216270,10.301891,10.199139,10.113426,10.061974,10.267654,10.524147,10.558300,10.472908,9.924606,9.649315,9.494129,9.545887,9.494129,9.494129,9.494129,9.407806,9.511379,9.597610,9.649315,9.700993,9.787056,9.787056,9.838661,9.890244,9.907425,10.027649,10.147728,10.164867,10.164867,10.336117,10.370338,10.387436,10.575371,10.660679,10.694775,10.711826,10.711826,10.626560,10.575371,10.507072,10.370338,10.370338,10.113426,10.147728,10.199139,10.199139,10.096279,10.182007,10.250530,10.233398,10.404537,10.353233,10.643623,10.643623,10.728870,10.643623,10.592438,10.609497,10.592438,10.558300,10.404537,10.455822,10.353233,10.387436,10.319000,10.250530,10.301891,10.404537,10.404537,10.626560,10.626560,10.609497,10.472908,10.284771,10.250530,10.199139,10.199139,10.113426,10.164867,10.182007,10.199139,10.301891,10.216270,10.370338,10.643623,10.831066,10.848083,10.404537,10.353233,10.404537,10.472908,10.541225,10.575371,10.507072,10.489990,10.472908,10.524147,10.438725,10.507072,10.592438,10.558300,10.592438,10.541225,10.507072,10.575371,10.609497,10.592438,10.592438,10.558300,10.626560,10.592438,10.626560,10.541225,10.404537,10.336117,10.336117,10.353233,10.370338,10.404537,10.472908,10.370338,10.216270,10.216270,10.216270,10.199139,10.044807,9.958965,9.924606,9.855862,9.907425,10.182007,10.677727,10.865101,10.660679,10.353233,10.164867,10.096279,10.147728,10.010487,10.061974,9.976139,10.044807,10.113426,10.079128,10.027649,10.079128,10.061974,10.044807,10.044807,10.044807,10.164867,10.233398,10.284771,10.233398,10.319000,10.199139,10.147728,10.267654,10.182007,10.284771,10.336117,10.370338,10.404537,10.507072,10.643623,10.694775,10.694775,10.609497,10.472908,10.472908,10.336117,10.199139,10.353233,10.404537,10.472908,10.558300,10.353233,10.455822,10.455822,10.609497,10.711826,10.745911,10.728870,10.626560,10.643623,10.575371,10.626560,10.575371,10.507072,10.421631,10.387436,10.524147,10.455822,10.507072,10.609497,10.558300,10.421631,10.267654,10.250530,10.301891,10.216270,10.267654,10.216270,10.199139,10.216270,10.044807,10.216270,10.113426,10.250530,10.711826,10.711826,10.745911,10.472908,10.370338,10.421631,10.336117,10.455822,10.421631,10.370338,10.438725,10.472908,10.489990,10.489990,10.575371,10.455822,10.609497,10.609497,10.660679,10.626560,10.677727,10.779976,10.865101,10.882126,10.882126,10.984158,10.984158,10.899132,10.728870,10.762939,10.626560,10.660679,10.438725,10.472908,10.507072,10.267654,10.199139,9.821461,9.873051,9.890244,9.941792,10.010487,9.993317,10.079128,10.164867,10.096279,10.096279,10.113426,10.061974,10.113426,10.130581,10.199139,10.233398,10.284771,10.336117,10.319000,10.336117,10.541225,10.489990,10.455822,10.284771,10.147728,10.079128,9.941792,9.976139,10.010487,10.096279,10.027649,10.130581,10.147728,10.199139,10.199139,10.216270,10.113426,10.147728,10.044807,10.182007,10.250530,10.284771,10.301891,10.182007,10.216270,10.164867,10.096279,10.164867,9.976139,9.958965,9.769852,9.838661,9.993317,10.353233,10.336117,10.421631,10.199139,10.164867,10.010487,9.976139,9.804260,10.010487,10.044807,10.079128,10.096279,10.061974,10.164867,10.164867,10.216270,10.113426,10.164867,10.216270,10.079128,9.924606,9.769852,9.528633,9.597610,9.683773,9.821461,9.804260,9.890244,9.855862,9.907425,9.941792,9.976139,9.976139,9.941792,9.890244,9.907425,9.890244,10.010487,10.044807,10.061974,10.182007,10.233398,
6.107971,6.143627,6.179276,6.161457,6.303955,6.410706,6.499577,6.499577,6.588379,6.606125,6.712570,6.748028,6.854328,7.013577,7.031254,7.172585,7.066605,6.552864,6.036610,6.090134,6.214916,6.036610,5.983063,6.036610,6.072296,6.677101,7.243172,7.454662,7.366592,7.296085,7.278450,7.172585,7.101940,7.101940,7.119606,7.137272,7.172585,7.278450,7.225533,7.296085,7.172585,7.313717,7.366592,7.260815,7.278450,7.296085,7.260815,7.172585,7.013577,7.013577,7.048931,7.013577,6.854328,6.889732,6.606125,6.712570,6.677101,6.606125,6.499577,6.392914,6.481804,6.339550,6.179276,6.179276,6.000916,6.018761,6.036610,6.054455,6.036610,5.875885,5.768597,5.750706,5.679108,5.607468,5.643291,5.481972,5.535770,5.481972,5.499908,5.428139,5.338371,5.356339,5.284477,5.356339,5.428139,5.320412,5.338371,5.410194,5.392242,5.428139,5.374290,5.499908,5.661201,5.786484,6.321754,6.783474,7.648148,8.366138,8.801476,9.165710,9.183022,9.252239,9.252239,9.407806,9.407806,9.321407,9.390537,9.321407,9.459610,9.545887,9.355976,9.200333,9.269539,9.148392,9.148392,9.079109,9.079109,8.957737,8.992432,8.905678,8.888317,8.731949,8.784096,8.697163,8.766716,8.697163,8.766716,8.888317,8.905678,8.801476,8.836220,8.818848,8.801476,8.749332,8.766716,8.731949,8.818848,8.923035,8.975086,8.888317,8.818848,8.714558,8.766716,8.818848,8.888317,8.836220,8.870953,8.818848,8.888317,8.888317,8.818848,8.679768,8.714558,8.662369,8.714558,8.784096,8.662369,8.679768,8.557915,8.540497,8.540497,8.470791,8.296310,8.156513,8.016525,7.981499,7.893879,7.788635,7.735977,7.648148,7.665718,7.893879,8.051544,8.069046,7.999016,7.893879,7.753536,7.683289,7.648148,7.454662,7.331345,7.348972,7.366592,7.437057,7.454662,7.454662,7.507469,7.507469,7.507469,7.595413,7.612995,7.700855,7.718422,7.700855,7.718422,7.788635,7.893879,7.928940,7.946465,7.963982,7.928940,7.999016,8.016525,8.191483,8.156513,8.261383,8.383591,8.731949,9.009773,8.853588,8.784096,8.679768,8.627563,8.366138,8.348686,8.296310,8.401035,8.470791,8.488220,8.801476,9.131081,9.252239,9.200333,9.390537,9.511379,9.597610,9.390537,9.183022,9.148392,9.131081,9.113758,9.200333,9.217640,9.321407,9.321407,9.407806,9.425079,9.511379,9.649315,9.752644,9.769852,9.563126,9.528633,9.390537,9.476868,9.511379,9.545887,9.563126,9.563126,9.545887,9.597610,9.528633,9.580376,9.649315,9.683773,9.907425,9.976139,9.993317,9.614849,9.234943,9.165710,9.183022,9.252239,9.200333,9.234943,9.234943,9.234943,9.545887,9.683773,9.907425,9.976139,10.130581,10.216270,10.010487,9.890244,9.769852,9.804260,9.821461,9.700993,9.614849,9.649315,9.718216,9.804260,9.683773,9.752644,9.614849,9.649315,10.404537,10.421631,10.301891,10.250530,10.284771,10.284771,10.216270,10.267654,10.404537,10.319000,10.284771,10.336117,10.404537,10.319000,10.301891,10.353233,10.319000,10.438725,10.489990,10.489990,10.267654,10.164867,10.044807,10.130581,10.113426,9.924606,9.873051,9.890244,9.804260,9.890244,9.890244,9.907425,9.993317,9.958965,9.855862,9.890244,9.873051,9.958965,10.010487,9.958965,10.027649,10.044807,9.976139,10.061974,10.079128,10.284771,10.199139,10.182007,10.472908,10.421631,10.319000,10.113426,9.993317,9.873051,9.700993,9.683773,9.735428,9.787056,9.752644,9.769852,9.873051,9.958965,9.838661,10.044807,10.044807,10.199139,10.216270,10.387436,10.558300,10.609497,10.541225,10.643623,10.626560,10.609497,10.677727,10.609497,10.677727,10.660679,10.711826,10.728870,10.797012,10.899132,10.848083,10.848083,10.728870,10.677727,10.558300,10.489990,10.507072,10.455822,10.472908,10.404537,10.387436,10.404537,10.336117,10.370338,10.677727,10.882126,10.950157,10.438725,10.336117,10.336117,10.421631,10.438725,10.387436,10.353233,10.438725,10.455822,10.438725,10.370338,10.421631,10.455822,10.387436,10.472908,10.421631,10.421631,10.438725,10.387436,10.370338,10.404537,10.370338,10.421631,10.558300,10.524147,10.336117,10.353233,10.438725,10.541225,10.558300,10.865101,11.001148,10.899132,10.745911,10.524147,10.472908,10.524147,10.524147,10.541225,10.336117,10.199139,10.404537,10.336117,10.421631,10.660679,10.609497,10.660679,10.421631,10.319000,10.404537,10.524147,10.404537,10.404537,10.370338,10.524147,10.541225,10.507072,10.472908,10.489990,10.319000,10.301891,10.284771,10.284771,10.387436,10.421631,10.404537,10.353233,10.404537,10.336117,10.319000,10.319000,10.267654,10.404537,10.370338,10.353233,10.455822,10.541225,10.797012,10.814041,10.728870,10.609497,10.336117,10.370338,10.301891,10.250530,10.370338,10.404537,10.472908,10.524147,10.387436,10.387436,10.319000,10.455822,10.558300,10.694775,10.762939,10.762939,10.762939,10.814041,10.643623,10.694775,10.694775,10.489990,10.643623,10.643623,10.609497,10.592438,10.694775,10.524147,10.507072,10.404537,10.472908,10.507072,10.524147,10.575371,10.489990,10.438725,10.438725,10.336117,10.438725,10.507072,10.575371,10.677727,10.677727,10.728870,10.455822,10.404537,10.370338,10.438725,10.455822,10.472908,10.541225,10.643623,10.558300,10.524147,10.575371,10.626560,10.626560,10.609497,10.592438,10.455822,10.455822,10.336117,10.387436,10.438725,10.404537,10.472908,10.455822,10.438725,10.370338,10.404537,10.387436,10.267654,10.233398,10.387436,10.387436,10.336117,10.387436,10.113426,9.787056,9.787056,9.855862,9.769852,9.666546,9.666546,9.821461,10.044807,10.027649,10.061974,9.993317,10.061974,10.199139,10.438725,10.455822,10.421631,10.387436,10.336117,10.353233,10.370338,10.284771,10.319000,10.319000,10.250530,10.164867,10.233398,10.216270,10.199139,10.267654,10.301891,10.319000,10.404537,10.455822,10.336117,10.353233,10.319000,10.370338,10.353233,10.319000,10.301891,10.267654,10.284771,10.164867,10.130581,10.164867,10.199139,10.044807,10.044807,9.958965,9.787056,9.735428,9.804260,10.061974,10.267654,10.438725,10.199139,9.838661,9.700993,9.580376,9.563126,9.511379,9.528633,9.649315,9.649315,9.614849,9.649315,9.614849,9.545887,9.614849,9.683773,9.718216,9.855862,9.838661,9.769852,9.597610,9.666546,9.632080,9.683773,9.787056,9.769852,9.804260,10.044807,10.096279,10.216270,10.182007,10.113426,10.301891,10.250530,10.336117,10.319000,10.404537,10.421631,10.524147,10.421631,10.438725,
5.661201,5.840134,5.768597,5.875885,5.947346,5.947346,6.018761,6.107971,6.090134,6.179276,6.268349,6.321754,6.321754,6.357342,6.464035,6.535103,6.623875,6.570625,6.428486,6.428486,6.357342,6.303955,6.357342,6.392914,6.464035,6.499577,6.677101,6.765751,6.730297,6.570625,6.570625,6.659363,6.606125,6.659363,6.677101,6.836617,6.748028,6.748028,6.925133,7.013577,7.154926,7.401833,7.454662,7.454662,7.507469,7.507469,7.454662,7.489868,7.595413,7.472267,7.577831,7.595413,7.525059,7.542656,7.700855,7.648148,7.577831,7.577831,7.577831,7.542656,7.612995,7.507469,7.560242,7.454662,7.507469,7.454662,7.454662,7.384212,7.260815,7.207882,7.225533,7.225533,7.084278,7.048931,6.889732,6.801193,6.854328,6.765751,6.854328,6.606125,6.694839,6.677101,6.535103,6.517342,6.499577,6.392914,6.517342,6.499577,6.375134,6.517342,6.606125,6.481804,6.606125,6.783474,6.872036,7.225533,7.788635,8.644970,9.286831,9.580376,9.683773,9.855862,9.873051,9.958965,9.941792,9.907425,9.873051,9.855862,9.769852,9.718216,9.580376,9.528633,9.528633,9.373260,9.390537,9.269539,9.165710,9.061775,9.009773,8.836220,8.801476,8.784096,8.784096,8.749332,8.870953,8.818848,8.957737,8.818848,8.853588,8.853588,8.662369,8.592743,8.610161,8.697163,8.557915,8.697163,8.662369,8.731949,8.714558,8.575333,8.610161,8.610161,8.662369,8.749332,8.697163,8.662369,8.679768,8.627563,8.662369,8.610161,8.488220,8.453358,8.383591,8.383591,8.383591,8.575333,8.523075,8.488220,8.296310,8.331230,8.296310,8.243912,8.139027,7.999016,7.911411,7.788635,7.735977,7.683289,7.489868,7.489868,7.560242,7.700855,7.893879,7.928940,7.946465,7.841270,7.683289,7.560242,7.278450,7.119606,7.137272,7.066605,7.101940,7.190231,7.260815,7.207882,7.348972,7.454662,7.507469,7.472267,7.612995,7.595413,7.718422,7.665718,7.771088,7.841270,7.858810,7.876347,8.034035,8.174004,8.051544,8.191483,8.296310,8.296310,8.313774,8.348686,8.488220,8.679768,8.784096,8.853588,8.662369,8.575333,8.435913,8.226437,8.156513,8.174004,8.296310,8.401035,8.592743,8.784096,8.975086,9.096436,9.027115,9.131081,9.217640,9.183022,9.113758,8.888317,8.818848,8.731949,8.766716,8.870953,8.957737,9.061775,9.027115,8.940388,9.027115,9.061775,9.459610,9.632080,9.924606,9.632080,9.269539,9.148392,9.321407,9.200333,9.442345,9.459610,9.494129,9.528633,9.476868,9.528633,9.580376,9.632080,9.683773,9.700993,9.804260,9.787056,9.649315,9.425079,9.252239,9.373260,9.355976,9.425079,9.390537,9.407806,9.614849,9.683773,9.821461,9.907425,9.924606,9.907425,9.890244,9.890244,9.735428,9.614849,9.597610,9.494129,9.545887,9.545887,9.649315,9.752644,9.752644,9.735428,9.718216,9.700993,9.649315,10.370338,10.421631,10.319000,10.182007,9.976139,9.958965,10.044807,10.079128,10.182007,10.147728,10.284771,10.284771,10.233398,10.199139,10.199139,10.044807,10.147728,10.061974,10.044807,10.199139,10.250530,10.284771,10.353233,10.233398,10.267654,10.421631,10.353233,10.404537,10.438725,10.404537,10.524147,10.592438,10.524147,10.575371,10.575371,10.524147,10.524147,10.250530,10.336117,10.284771,10.319000,10.284771,10.233398,10.216270,10.164867,10.182007,10.182007,10.199139,10.404537,10.387436,10.438725,10.096279,9.941792,9.787056,9.683773,9.735428,9.752644,9.666546,9.718216,9.769852,9.787056,9.804260,9.804260,9.838661,9.941792,9.787056,10.010487,9.976139,9.976139,9.941792,9.890244,10.113426,9.941792,10.044807,10.130581,10.199139,10.044807,10.113426,10.387436,10.421631,10.609497,10.779976,10.694775,10.643623,10.626560,10.609497,10.762939,10.592438,10.694775,10.643623,10.609497,10.575371,10.541225,10.524147,10.524147,10.404537,10.541225,10.779976,10.643623,10.507072,10.541225,10.507072,10.626560,10.745911,10.558300,10.541225,10.524147,10.455822,10.489990,10.507072,10.353233,10.455822,10.489990,10.489990,10.507072,10.472908,10.438725,10.455822,10.438725,10.455822,10.353233,10.404537,10.438725,10.387436,10.387436,10.370338,10.404537,10.489990,10.643623,10.933151,11.153976,10.950157,10.524147,10.336117,10.353233,10.164867,10.233398,10.250530,10.284771,10.250530,10.147728,10.147728,10.130581,10.182007,10.404537,10.387436,10.421631,10.370338,10.387436,10.336117,10.507072,10.575371,10.609497,10.575371,10.643623,10.643623,10.643623,10.660679,10.626560,10.575371,10.489990,10.745911,10.728870,10.762939,10.814041,10.694775,10.643623,10.660679,10.558300,10.472908,10.541225,10.541225,10.438725,10.541225,10.592438,10.694775,10.728870,10.728870,10.745911,10.626560,10.455822,10.438725,10.387436,10.404537,10.455822,10.609497,10.762939,10.711826,10.660679,10.541225,10.438725,10.421631,10.592438,10.575371,10.575371,10.609497,10.575371,10.626560,10.455822,10.541225,10.524147,10.507072,10.472908,10.353233,10.370338,10.353233,10.336117,10.164867,10.113426,10.113426,10.284771,10.609497,10.728870,10.643623,10.489990,10.455822,10.370338,10.336117,10.319000,10.421631,10.353233,10.507072,10.575371,10.455822,10.387436,10.336117,10.438725,10.404537,10.643623,10.592438,10.660679,10.643623,10.745911,10.762939,10.797012,10.745911,10.797012,10.711826,10.677727,10.660679,10.558300,10.558300,10.524147,10.438725,10.489990,10.387436,10.455822,10.387436,10.387436,10.182007,10.096279,10.079128,10.079128,10.233398,10.370338,10.267654,10.301891,10.182007,9.804260,9.700993,9.683773,9.614849,9.614849,9.563126,9.718216,9.683773,9.580376,9.649315,9.528633,9.787056,10.061974,10.455822,10.489990,10.472908,10.164867,10.061974,9.890244,9.890244,9.941792,9.958965,10.113426,10.061974,10.096279,9.941792,10.113426,10.096279,10.199139,10.301891,10.472908,10.507072,10.558300,10.524147,10.507072,10.472908,10.558300,10.609497,10.626560,10.626560,10.677727,10.762939,10.541225,10.541225,10.524147,10.489990,10.438725,10.370338,10.250530,10.044807,10.182007,10.216270,10.404537,10.421631,10.353233,10.096279,9.787056,9.787056,9.752644,9.666546,9.700993,9.666546,9.752644,9.787056,9.700993,9.718216,9.614849,9.614849,9.700993,9.528633,9.563126,9.597610,9.545887,9.614849,9.494129,9.563126,9.545887,9.476868,9.632080,9.597610,9.649315,9.683773,9.838661,9.838661,9.890244,10.010487,10.216270,10.284771,10.387436,10.336117,10.336117,10.319000,10.421631,10.353233,10.233398,
5.499908,5.553699,5.679108,5.661201,5.840134,5.732807,5.804367,5.911625,5.983063,6.000916,6.018761,6.054455,6.125797,6.179276,6.232731,6.303955,6.446259,6.535103,6.499577,6.481804,6.446259,6.410706,6.375134,6.481804,6.410706,6.392914,6.464035,6.499577,6.321754,6.321754,6.303955,6.268349,6.321754,6.232731,6.321754,6.375134,6.375134,6.286148,6.428486,6.570625,6.677101,6.783474,6.854328,6.960518,7.013577,6.995895,7.013577,7.066605,7.190231,7.154926,7.190231,7.260815,7.313717,7.296085,7.348972,7.348972,7.472267,7.507469,7.560242,7.577831,7.683289,7.718422,7.630577,7.718422,7.841270,7.841270,7.928940,7.876347,7.963982,8.034035,8.121536,8.086544,8.051544,8.104042,8.156513,7.963982,8.069046,8.034035,8.121536,8.069046,8.016525,7.999016,8.104042,8.069046,7.911411,7.841270,7.858810,7.806187,7.858810,7.823730,7.771088,7.753536,7.858810,7.858810,8.104042,8.174004,8.662369,9.131081,10.010487,10.113426,9.804260,9.924606,9.976139,9.976139,10.113426,10.027649,10.010487,10.010487,9.907425,9.666546,9.666546,9.580376,9.459610,9.321407,9.165710,9.200333,8.975086,8.905678,8.888317,8.766716,8.679768,8.488220,8.505650,8.488220,8.557915,8.488220,8.679768,8.749332,8.453358,8.383591,8.261383,8.243912,8.226437,8.435913,8.418476,8.313774,8.453358,8.488220,8.383591,8.243912,8.243912,8.313774,8.401035,8.383591,8.383591,8.435913,8.470791,8.348686,8.331230,8.261383,8.156513,8.261383,8.208961,8.191483,8.174004,8.296310,8.418476,8.208961,7.999016,7.876347,7.928940,7.911411,7.876347,7.771088,7.788635,7.683289,7.630577,7.507469,7.454662,7.419441,7.437057,7.454662,7.560242,7.858810,7.858810,7.806187,7.648148,7.454662,7.225533,7.119606,7.101940,7.048931,7.013577,7.031254,7.048931,7.119606,7.154926,7.225533,7.190231,7.207882,7.313717,7.384212,7.384212,7.401833,7.348972,7.401833,7.419441,7.507469,7.595413,7.665718,7.806187,8.156513,8.261383,8.174004,8.174004,8.191483,8.278851,8.348686,8.505650,8.575333,8.540497,8.435913,8.453358,8.313774,8.261383,8.418476,8.401035,8.540497,8.731949,8.853588,8.992432,9.061775,9.079109,9.131081,9.165710,9.044441,8.957737,8.818848,8.836220,8.836220,8.784096,8.905678,8.940388,9.027115,8.905678,8.975086,8.957737,9.027115,9.148392,9.597610,9.718216,9.476868,9.079109,8.905678,8.905678,8.905678,8.923035,8.975086,8.923035,8.923035,8.923035,8.975086,8.940388,8.992432,9.079109,9.061775,9.061775,9.131081,9.148392,9.217640,9.234943,9.338692,9.390537,9.425079,9.528633,9.649315,9.787056,9.873051,9.907425,9.907425,9.907425,9.907425,9.958965,9.787056,9.718216,9.597610,9.700993,9.700993,9.614849,9.632080,9.700993,9.804260,9.821461,9.821461,9.855862,9.873051,9.976139,10.472908,10.387436,10.336117,10.267654,10.061974,10.061974,10.079128,10.113426,10.027649,10.079128,10.113426,10.182007,10.130581,10.079128,10.113426,10.027649,9.890244,9.873051,9.855862,10.027649,10.130581,10.216270,10.233398,10.130581,10.267654,10.421631,10.472908,10.404537,10.284771,10.301891,10.370338,10.541225,10.677727,10.711826,10.660679,10.609497,10.455822,10.575371,10.575371,10.541225,10.626560,10.575371,10.472908,10.404537,10.284771,10.336117,10.404537,10.421631,10.438725,10.404537,10.438725,10.404537,10.267654,10.216270,10.164867,10.096279,10.044807,9.976139,10.096279,10.061974,9.993317,9.873051,9.907425,9.958965,9.941792,10.079128,10.079128,10.061974,9.958965,9.993317,9.941792,9.941792,9.976139,9.993317,9.976139,9.941792,9.907425,9.993317,10.164867,10.199139,10.370338,10.558300,10.421631,10.113426,10.113426,10.096279,10.199139,10.199139,10.147728,10.010487,9.907425,9.890244,9.907425,9.958965,9.787056,9.787056,9.924606,10.164867,10.404537,10.507072,10.558300,10.541225,10.609497,10.609497,10.558300,10.507072,10.438725,10.353233,10.455822,10.558300,10.541225,10.609497,10.797012,10.865101,10.814041,10.797012,10.694775,10.609497,10.694775,10.541225,10.541225,10.489990,10.438725,10.472908,10.455822,10.507072,10.592438,10.728870,10.916145,11.069107,11.035133,10.984158,10.524147,10.301891,10.233398,10.096279,10.061974,10.010487,10.079128,10.079128,10.113426,10.061974,10.061974,10.079128,10.284771,10.233398,10.113426,10.061974,10.096279,10.130581,10.164867,10.301891,10.370338,10.455822,10.541225,10.438725,10.455822,10.524147,10.404537,10.455822,10.438725,10.779976,11.035133,11.137009,11.137009,10.779976,10.507072,10.404537,10.353233,10.336117,10.353233,10.370338,10.438725,10.404537,10.353233,10.267654,10.404537,10.421631,10.541225,10.609497,10.575371,10.524147,10.575371,10.575371,10.626560,10.626560,10.831066,10.831066,10.865101,10.694775,10.507072,10.592438,10.643623,10.626560,10.626560,10.728870,10.797012,10.762939,10.660679,10.575371,10.489990,10.438725,10.319000,10.250530,10.250530,10.284771,10.199139,10.182007,10.250530,10.301891,10.524147,10.626560,10.660679,10.609497,10.353233,10.233398,10.250530,10.233398,10.284771,10.216270,10.199139,10.284771,10.267654,10.284771,10.147728,10.216270,10.182007,10.250530,10.370338,10.472908,10.677727,10.814041,10.609497,10.592438,10.677727,10.575371,10.694775,10.711826,10.660679,10.677727,10.660679,10.677727,10.745911,10.626560,10.797012,10.694775,10.643623,10.507072,10.301891,10.164867,10.182007,10.113426,10.216270,10.096279,10.079128,10.147728,10.096279,10.061974,9.924606,9.958965,9.890244,10.010487,10.010487,10.044807,10.079128,10.061974,9.838661,9.873051,9.924606,10.044807,10.455822,10.455822,10.524147,10.216270,10.027649,9.907425,10.010487,9.958965,9.907425,10.010487,10.096279,10.027649,10.061974,10.027649,10.061974,10.044807,10.027649,10.079128,10.079128,10.113426,10.096279,10.096279,10.079128,10.113426,10.182007,10.267654,10.182007,10.216270,10.336117,10.404537,10.353233,10.489990,10.558300,10.558300,10.626560,10.609497,10.489990,10.336117,10.301891,10.199139,10.267654,10.233398,10.319000,10.096279,10.096279,10.147728,10.147728,10.113426,10.182007,10.267654,10.301891,10.336117,10.387436,10.421631,10.353233,10.250530,10.216270,10.233398,10.199139,10.147728,10.079128,10.061974,9.941792,9.958965,9.890244,9.924606,9.941792,9.855862,9.787056,9.718216,9.769852,9.700993,9.855862,10.147728,10.284771,10.216270,10.182007,10.147728,9.993317,10.147728,10.079128,10.216270,10.113426,
5.104614,5.140610,5.158604,5.302444,5.356339,5.374290,5.392242,5.374290,5.535770,5.607468,5.697014,5.732807,5.750706,5.875885,6.000916,6.018761,6.214916,6.392914,6.606125,6.588379,6.588379,6.499577,6.481804,6.499577,6.410706,6.392914,6.375134,6.339550,6.303955,6.392914,6.214916,6.232731,6.090134,6.018761,6.107971,6.054455,6.107971,6.090134,6.125797,6.197094,6.179276,6.286148,6.392914,6.499577,6.517342,6.535103,6.552864,6.570625,6.694839,6.694839,6.730297,6.765751,6.818905,6.889732,6.907440,7.031254,6.942829,7.013577,7.119606,7.084278,7.084278,7.172585,7.260815,7.331345,7.366592,7.331345,7.489868,7.595413,7.577831,7.683289,7.683289,7.928940,8.016525,7.946465,7.946465,7.963982,8.051544,8.156513,8.226437,8.331230,8.435913,8.488220,8.505650,8.557915,8.470791,8.557915,8.662369,8.610161,8.836220,8.853588,8.888317,8.940388,9.009773,9.061775,9.200333,9.407806,9.718216,10.182007,10.609497,10.370338,9.752644,9.649315,9.804260,10.096279,10.216270,10.216270,10.113426,9.958965,9.958965,9.787056,9.683773,9.545887,9.407806,9.304119,9.148392,9.009773,8.957737,8.749332,8.714558,8.644970,8.557915,8.644970,8.575333,8.523075,8.470791,8.470791,8.610161,8.557915,8.435913,8.278851,8.174004,8.174004,8.243912,8.331230,8.366138,8.435913,8.470791,8.540497,8.418476,8.348686,8.401035,8.348686,8.348686,8.366138,8.348686,8.383591,8.435913,8.453358,8.331230,8.348686,8.226437,8.243912,8.226437,8.348686,8.296310,8.331230,8.348686,8.313774,8.069046,7.928940,7.946465,7.876347,7.788635,7.806187,7.806187,7.700855,7.683289,7.595413,7.630577,7.401833,7.348972,7.437057,7.507469,7.612995,7.753536,7.683289,7.577831,7.612995,7.401833,7.348972,7.084278,7.031254,7.013577,7.048931,6.942829,7.066605,6.960518,7.084278,7.119606,7.190231,7.243172,7.207882,7.278450,7.331345,7.313717,7.296085,7.260815,7.525059,7.577831,7.612995,7.771088,8.051544,8.191483,8.069046,7.981499,8.016525,8.139027,8.086544,8.174004,8.174004,8.261383,8.401035,8.383591,8.435913,8.418476,8.575333,8.540497,8.870953,8.975086,8.975086,9.079109,9.009773,9.044441,9.044441,9.113758,9.009773,9.009773,9.079109,9.165710,9.183022,9.234943,9.321407,9.217640,9.355976,9.269539,9.183022,9.286831,9.373260,9.442345,9.614849,9.632080,9.545887,9.269539,9.200333,9.113758,9.131081,9.044441,8.940388,8.940388,8.957737,8.853588,8.888317,8.853588,8.853588,8.923035,8.870953,8.923035,8.818848,8.836220,8.870953,8.940388,9.027115,9.061775,9.061775,9.061775,9.044441,9.217640,9.304119,9.407806,9.528633,9.821461,9.941792,9.855862,9.718216,9.683773,9.649315,9.666546,9.614849,9.683773,9.769852,9.683773,9.787056,9.855862,9.838661,9.958965,9.976139,10.061974,10.199139,10.130581,10.233398,10.301891,10.301891,10.301891,10.387436,10.267654,10.267654,10.267654,10.421631,10.353233,10.455822,10.387436,10.387436,10.250530,10.353233,10.199139,10.182007,10.284771,10.455822,10.507072,10.319000,10.353233,10.284771,10.387436,10.284771,10.199139,10.233398,10.164867,10.233398,10.643623,10.660679,10.711826,10.507072,10.301891,10.370338,10.370338,10.319000,10.301891,10.489990,10.558300,10.438725,10.164867,10.027649,10.182007,10.130581,10.164867,10.301891,10.250530,10.319000,10.301891,10.130581,10.147728,10.079128,10.061974,10.130581,10.199139,10.130581,10.010487,10.061974,10.010487,10.130581,10.182007,10.336117,10.507072,10.558300,10.421631,10.387436,10.421631,10.370338,10.438725,10.387436,10.370338,10.421631,10.404537,10.233398,10.164867,10.267654,10.319000,10.438725,10.455822,10.387436,10.319000,10.182007,10.096279,10.164867,10.096279,9.907425,9.683773,9.545887,9.597610,9.614849,9.580376,9.632080,9.752644,9.838661,10.027649,10.130581,10.164867,10.182007,10.147728,10.301891,10.370338,10.250530,9.941792,9.941792,9.873051,10.027649,10.096279,10.301891,10.541225,10.899132,10.967159,10.865101,10.762939,10.472908,10.336117,10.353233,10.507072,10.507072,10.524147,10.438725,10.438725,10.438725,10.524147,10.558300,10.694775,10.779976,11.035133,10.916145,10.933151,10.779976,10.831066,10.779976,10.541225,10.524147,10.558300,10.489990,10.455822,10.421631,10.301891,10.421631,10.626560,10.660679,10.524147,10.455822,10.472908,10.489990,10.438725,10.387436,10.370338,10.472908,10.404537,10.404537,10.404537,10.524147,10.507072,10.541225,10.558300,10.575371,11.001148,11.103065,11.204865,10.933151,10.626560,10.147728,9.924606,9.821461,9.890244,9.993317,9.924606,9.976139,9.958965,9.958965,9.976139,10.027649,9.958965,10.130581,10.216270,10.079128,10.096279,10.061974,10.113426,10.199139,10.147728,10.267654,10.421631,10.455822,10.592438,10.592438,10.677727,10.677727,10.728870,10.745911,10.814041,10.916145,10.933151,10.797012,10.745911,10.541225,10.541225,10.541225,10.558300,10.455822,10.489990,10.524147,10.507072,10.421631,10.524147,10.694775,10.592438,10.541225,10.489990,10.404537,10.353233,10.353233,10.301891,10.336117,10.216270,10.319000,10.336117,10.353233,10.370338,10.319000,10.267654,10.370338,10.336117,10.387436,10.404537,10.455822,10.472908,10.489990,10.524147,10.421631,10.472908,10.592438,10.575371,10.558300,10.558300,10.592438,10.541225,10.592438,10.643623,10.643623,10.797012,10.626560,10.387436,10.164867,10.044807,10.061974,10.010487,9.976139,9.976139,9.924606,9.907425,9.976139,9.958965,10.079128,10.113426,10.061974,9.976139,9.993317,10.044807,10.010487,10.079128,9.976139,10.044807,10.061974,10.130581,10.147728,10.267654,10.147728,10.079128,10.113426,10.182007,10.336117,10.336117,10.541225,10.626560,10.779976,10.728870,10.609497,10.472908,10.507072,10.472908,10.455822,10.284771,10.233398,10.216270,10.250530,10.147728,10.267654,10.199139,10.199139,10.130581,10.096279,9.993317,9.976139,10.061974,10.096279,10.182007,10.694775,10.677727,10.626560,10.507072,10.301891,10.319000,10.216270,10.147728,10.044807,10.010487,9.958965,10.027649,10.079128,10.079128,10.147728,10.130581,10.250530,10.421631,10.507072,10.575371,10.575371,10.524147,10.558300,10.404537,10.524147,10.507072,10.558300,10.507072,10.438725,10.336117,10.387436,10.336117,10.199139,10.267654,10.284771,10.130581,10.250530,10.130581,10.061974,9.976139,10.233398,10.284771,10.267654,10.079128,10.130581,10.130581,10.130581,10.182007,10.182007,10.250530,10.199139,
4.490860,4.545155,4.653660,4.653660,4.617508,4.762062,4.725941,4.689812,4.906425,4.978535,5.050598,5.122616,5.212570,5.284477,5.517838,5.589546,5.929482,6.214916,6.481804,6.801193,6.783474,6.748028,6.588379,6.570625,6.606125,6.588379,6.464035,6.464035,6.606125,6.606125,6.694839,6.428486,6.286148,6.143627,6.036610,6.018761,5.947346,5.929482,6.018761,5.875885,5.947346,5.947346,5.911625,6.107971,6.107971,6.161457,6.250534,6.286148,6.321754,6.303955,6.357342,6.321754,6.375134,6.517342,6.499577,6.464035,6.499577,6.623875,6.588379,6.677101,6.748028,6.783474,6.801193,6.801193,6.872036,7.013577,7.084278,7.137272,7.260815,7.172585,7.243172,7.366592,7.472267,7.489868,7.507469,7.472267,7.542656,7.630577,7.630577,7.630577,7.700855,7.876347,7.876347,7.928940,8.034035,8.051544,8.156513,8.243912,8.383591,8.418476,8.505650,8.644970,8.766716,8.801476,8.905678,9.096436,9.425079,9.924606,10.250530,9.976139,9.476868,9.597610,9.941792,10.113426,10.370338,10.301891,10.319000,10.182007,10.096279,10.061974,9.993317,9.907425,9.769852,9.545887,9.442345,9.425079,9.252239,9.131081,8.992432,8.853588,8.801476,8.644970,8.714558,8.592743,8.540497,8.592743,8.488220,8.610161,8.435913,8.453358,8.435913,8.366138,8.453358,8.540497,8.488220,8.523075,8.557915,8.453358,8.505650,8.470791,8.523075,8.523075,8.505650,8.575333,8.540497,8.435913,8.470791,8.523075,8.523075,8.505650,8.401035,8.470791,8.505650,8.383591,8.418476,8.383591,8.540497,8.366138,8.278851,8.156513,8.086544,8.191483,8.069046,8.016525,8.016525,7.981499,7.911411,7.911411,7.823730,7.718422,7.683289,7.489868,7.384212,7.401833,7.612995,7.560242,7.648148,7.525059,7.366592,7.296085,7.031254,6.960518,6.854328,6.801193,6.818905,6.854328,6.783474,6.942829,6.925133,6.995895,7.066605,7.066605,7.207882,7.260815,7.331345,7.366592,7.489868,7.577831,7.648148,7.771088,7.858810,8.016525,8.086544,7.999016,7.946465,7.963982,7.981499,8.051544,8.139027,8.226437,8.331230,8.348686,8.401035,8.366138,8.418476,8.435913,8.592743,8.975086,8.957737,8.784096,8.714558,8.662369,8.766716,8.644970,8.679768,8.870953,8.853588,8.975086,8.975086,9.148392,9.200333,9.286831,9.338692,9.338692,9.425079,9.338692,9.355976,9.304119,9.338692,9.286831,9.511379,9.442345,9.355976,9.390537,9.390537,9.442345,9.476868,9.528633,9.442345,9.390537,9.476868,9.373260,9.252239,9.183022,9.165710,9.200333,9.131081,9.200333,9.252239,9.096436,9.131081,9.044441,8.923035,9.113758,9.113758,9.096436,9.079109,9.044441,9.148392,9.269539,9.390537,9.752644,9.649315,9.459610,9.442345,9.442345,9.494129,9.545887,9.528633,9.528633,9.476868,9.528633,9.511379,9.649315,9.614849,9.649315,9.614849,9.735428,9.821461,9.769852,9.907425,9.993317,9.976139,10.147728,10.147728,10.164867,10.164867,10.216270,10.370338,10.319000,10.387436,10.507072,10.438725,10.558300,10.609497,10.626560,10.643623,10.592438,10.558300,10.472908,10.404537,10.353233,10.370338,10.267654,10.301891,10.370338,10.404537,10.370338,10.626560,10.728870,10.711826,10.438725,10.130581,10.147728,10.061974,10.096279,10.147728,10.233398,10.284771,10.199139,9.890244,10.027649,10.182007,10.147728,10.164867,10.182007,10.284771,10.301891,10.199139,10.147728,10.113426,10.079128,10.061974,10.010487,9.941792,9.873051,9.924606,9.907425,10.096279,10.199139,10.216270,10.507072,10.524147,10.660679,10.404537,10.336117,10.319000,10.301891,10.301891,10.319000,10.336117,10.301891,10.404537,10.421631,10.319000,10.455822,10.455822,10.421631,10.455822,10.387436,10.370338,10.216270,10.250530,10.284771,10.336117,10.387436,10.267654,10.336117,10.301891,10.284771,10.319000,10.319000,10.233398,10.267654,10.319000,10.336117,10.319000,10.250530,10.267654,10.353233,10.336117,10.301891,10.130581,10.027649,10.113426,10.199139,10.319000,10.404537,10.421631,10.865101,11.001148,10.882126,10.558300,10.199139,9.993317,9.976139,9.907425,9.976139,10.130581,10.044807,10.010487,10.096279,10.301891,10.353233,10.421631,10.524147,10.558300,10.558300,10.541225,10.558300,10.626560,10.677727,10.541225,10.472908,10.507072,10.592438,10.558300,10.575371,10.609497,10.660679,10.694775,10.814041,11.018150,10.933151,10.967159,11.069107,11.001148,10.967159,10.797012,10.677727,10.677727,10.643623,10.797012,10.711826,10.694775,10.677727,10.865101,10.848083,11.204865,11.255722,11.120033,11.052120,10.711826,10.472908,10.250530,10.250530,10.199139,10.216270,10.199139,10.250530,10.250530,10.027649,10.010487,10.096279,10.061974,10.113426,9.993317,10.079128,9.993317,10.147728,10.113426,10.113426,10.061974,10.096279,10.164867,10.113426,10.301891,10.353233,10.507072,10.609497,10.507072,10.592438,10.779976,10.779976,10.779976,10.541225,10.044807,9.855862,9.873051,9.941792,9.855862,9.873051,9.838661,9.838661,9.907425,9.873051,9.941792,10.044807,9.958965,10.010487,10.079128,10.096279,10.113426,10.199139,10.267654,10.301891,10.301891,10.353233,10.541225,10.489990,10.472908,10.421631,10.524147,10.609497,10.677727,10.643623,10.711826,10.711826,10.899132,10.797012,10.762939,10.677727,10.626560,10.609497,10.711826,10.643623,10.575371,10.592438,10.660679,10.745911,10.848083,10.865101,10.831066,10.745911,10.575371,10.301891,10.267654,10.233398,10.147728,10.130581,10.182007,10.027649,10.027649,9.924606,9.976139,9.993317,9.993317,9.941792,10.044807,9.924606,9.941792,9.821461,9.804260,9.804260,9.787056,9.683773,9.683773,9.735428,9.855862,9.976139,9.958965,9.924606,10.096279,10.370338,10.541225,10.848083,10.899132,10.762939,10.779976,10.728870,10.728870,10.762939,10.762939,10.814041,10.762939,10.626560,10.592438,10.575371,10.677727,10.626560,10.592438,10.541225,10.472908,10.472908,10.438725,10.301891,10.284771,10.455822,10.677727,10.779976,10.745911,10.609497,10.507072,10.438725,10.370338,10.301891,10.267654,10.079128,9.993317,10.027649,10.079128,10.096279,9.958965,10.079128,10.096279,10.199139,10.472908,10.660679,10.592438,10.438725,10.472908,10.370338,10.164867,10.250530,10.387436,10.387436,10.319000,10.267654,10.182007,10.061974,10.010487,9.958965,9.993317,10.113426,10.182007,10.164867,10.027649,9.993317,9.907425,10.044807,10.199139,10.199139,10.182007,10.182007,10.199139,10.199139,10.336117,10.353233,10.353233,10.353233,
4.345943,4.327812,4.364071,4.237133,4.418427,4.364071,4.291550,4.382195,4.364071,4.635590,4.490860,4.563248,4.653660,4.888393,4.996559,5.122616,5.356339,5.679108,6.268349,6.854328,6.889732,6.854328,6.836617,6.801193,6.730297,6.677101,6.659363,6.836617,7.190231,7.665718,7.560242,7.154926,6.623875,6.286148,6.054455,5.822250,5.768597,5.750706,5.571625,5.589546,5.750706,5.714912,5.697014,5.714912,5.750706,5.929482,5.893753,6.090134,6.090134,6.143627,6.214916,6.072296,6.214916,6.197094,6.179276,6.357342,6.339550,6.303955,6.428486,6.464035,6.481804,6.464035,6.588379,6.570625,6.606125,6.659363,6.659363,6.641617,6.677101,6.730297,6.818905,6.818905,7.066605,7.048931,6.995895,7.048931,7.048931,7.137272,7.137272,7.243172,7.190231,7.331345,7.313717,7.384212,7.401833,7.595413,7.542656,7.753536,7.823730,7.841270,7.946465,7.981499,7.893879,8.051544,8.243912,8.261383,8.505650,8.610161,8.784096,9.027115,8.992432,9.217640,9.597610,9.907425,10.233398,10.387436,10.370338,10.319000,10.250530,10.147728,10.164867,10.044807,9.941792,9.735428,9.632080,9.563126,9.338692,9.096436,9.113758,8.870953,8.836220,8.679768,8.662369,8.575333,8.505650,8.523075,8.383591,8.470791,8.418476,8.331230,8.383591,8.331230,8.191483,8.401035,8.313774,8.366138,8.366138,8.401035,8.383591,8.366138,8.383591,8.348686,8.488220,8.540497,8.470791,8.453358,8.313774,8.453358,8.208961,8.313774,8.331230,8.383591,8.401035,8.348686,8.278851,8.383591,8.401035,8.313774,8.331230,8.296310,8.278851,8.226437,8.156513,8.034035,7.999016,8.016525,7.981499,7.893879,7.876347,7.735977,7.612995,7.577831,7.384212,7.260815,7.331345,7.542656,7.525059,7.437057,7.331345,7.260815,7.031254,6.730297,6.712570,6.588379,6.606125,6.641617,6.641617,6.694839,6.659363,6.765751,6.783474,6.907440,7.084278,7.084278,7.207882,7.278450,7.331345,7.525059,7.525059,7.630577,7.683289,7.700855,7.963982,7.876347,7.946465,7.946465,8.034035,8.174004,8.174004,8.243912,8.383591,8.366138,8.453358,8.435913,8.523075,8.488220,8.644970,8.818848,8.888317,8.784096,8.662369,8.662369,8.627563,8.644970,8.523075,8.592743,8.627563,8.818848,8.714558,8.818848,8.888317,9.079109,9.096436,9.165710,9.131081,9.200333,9.148392,9.148392,9.148392,9.113758,9.096436,9.096436,9.165710,9.234943,9.286831,9.217640,9.183022,9.355976,9.545887,9.528633,9.442345,9.321407,9.286831,9.304119,9.234943,9.252239,9.338692,9.321407,9.321407,9.338692,9.321407,9.321407,9.373260,9.476868,9.494129,9.459610,9.269539,9.183022,9.165710,9.217640,9.390537,9.649315,9.614849,9.632080,9.511379,9.545887,9.563126,9.563126,9.511379,9.528633,9.632080,9.528633,9.545887,9.563126,9.580376,9.632080,9.597610,9.580376,9.614849,9.700993,9.597610,9.683773,9.597610,9.718216,9.597610,9.735428,9.632080,9.649315,9.718216,9.787056,9.804260,10.010487,10.027649,10.164867,10.370338,10.353233,10.164867,10.061974,10.061974,9.907425,9.924606,9.838661,9.907425,9.873051,9.873051,9.941792,10.044807,10.147728,10.182007,10.301891,10.370338,10.233398,10.130581,10.027649,9.941792,9.958965,10.096279,10.096279,10.182007,10.113426,10.113426,10.130581,10.267654,10.216270,10.301891,10.301891,10.387436,10.524147,10.524147,10.455822,10.319000,10.336117,10.319000,10.336117,10.267654,10.199139,10.079128,10.301891,10.541225,10.609497,10.575371,10.728870,10.728870,10.762939,10.507072,10.319000,10.250530,10.199139,10.319000,10.336117,10.284771,10.301891,10.336117,10.301891,10.284771,10.267654,10.233398,10.182007,10.130581,10.061974,10.096279,10.044807,10.130581,10.233398,10.216270,10.284771,10.336117,10.387436,10.301891,10.301891,10.319000,10.472908,10.387436,10.507072,10.472908,10.592438,10.404537,10.353233,10.319000,10.319000,10.370338,10.404537,10.404537,10.404537,10.472908,10.507072,10.558300,10.541225,10.643623,10.848083,10.916145,10.865101,10.694775,10.421631,10.267654,10.199139,10.182007,10.267654,10.233398,10.233398,10.250530,10.284771,10.336117,10.336117,10.387436,10.507072,10.541225,10.472908,10.370338,10.387436,10.592438,10.438725,10.233398,10.182007,10.319000,10.301891,10.301891,10.370338,10.353233,10.455822,10.660679,10.745911,11.018150,11.170944,11.120033,11.052120,10.933151,10.797012,10.609497,10.472908,10.455822,10.575371,10.592438,10.626560,10.848083,10.831066,10.916145,11.018150,11.052120,11.137009,11.187904,11.153976,10.967159,10.967159,11.001148,11.069107,11.035133,11.001148,10.950157,10.967159,10.916145,10.899132,10.933151,10.797012,10.779976,10.814041,10.711826,10.779976,10.762939,10.728870,10.694775,10.626560,10.507072,10.438725,10.438725,10.489990,10.575371,10.524147,10.489990,10.677727,10.524147,10.592438,10.745911,10.762939,10.507072,10.216270,9.752644,9.666546,9.614849,9.735428,9.632080,9.580376,9.649315,9.597610,9.718216,9.666546,9.666546,9.563126,9.683773,9.718216,9.666546,9.580376,9.718216,9.752644,9.735428,9.787056,9.700993,9.838661,10.010487,10.027649,10.061974,10.301891,10.421631,10.387436,10.421631,10.762939,11.035133,11.137009,10.933151,11.018150,11.018150,10.933151,10.882126,10.882126,10.848083,10.797012,10.831066,10.916145,10.814041,10.950157,10.916145,11.018150,11.052120,11.018150,11.069107,11.103065,11.001148,10.933151,11.001148,10.984158,10.865101,10.848083,10.797012,10.779976,10.728870,10.575371,10.609497,10.455822,10.421631,10.267654,10.044807,9.873051,9.924606,9.718216,9.666546,9.718216,9.735428,9.700993,9.787056,9.804260,9.804260,9.769852,9.924606,10.438725,10.848083,10.814041,10.728870,10.507072,10.472908,10.592438,10.626560,10.643623,10.745911,10.728870,10.694775,10.643623,10.626560,10.762939,10.762939,10.711826,10.797012,10.848083,10.797012,10.848083,10.916145,10.797012,10.762939,10.797012,10.933151,10.899132,10.814041,10.762939,10.814041,10.745911,10.779976,10.814041,10.626560,10.626560,10.524147,10.472908,10.387436,10.353233,10.319000,10.284771,10.438725,10.575371,10.626560,10.643623,10.575371,10.472908,10.353233,10.319000,10.319000,10.301891,10.319000,10.250530,10.233398,10.147728,10.096279,9.941792,9.890244,9.821461,9.769852,9.890244,9.890244,9.821461,9.907425,9.821461,9.769852,9.821461,9.993317,10.079128,10.130581,10.182007,10.250530,10.113426,10.182007,10.096279,10.301891,10.216270,
4.218987,4.164528,4.182686,4.128212,4.128212,4.237133,4.164528,4.146374,4.291550,4.291550,4.382195,4.309685,4.472755,4.472755,4.689812,4.942490,5.050598,5.446091,5.983063,6.801193,6.942829,6.836617,6.765751,6.748028,6.694839,6.712570,6.748028,6.872036,7.154926,8.069046,8.208961,7.806187,6.978207,6.392914,5.893753,5.571625,5.302444,5.176598,5.140610,5.014572,5.014572,5.014572,5.050598,5.086613,5.104614,5.374290,5.481972,5.589546,5.858009,5.858009,5.804367,5.929482,5.822250,5.768597,5.804367,5.893753,5.858009,5.911625,6.000916,6.054455,6.054455,6.197094,6.143627,6.268349,6.214916,6.321754,6.446259,6.499577,6.517342,6.517342,6.552864,6.623875,6.623875,6.623875,6.623875,6.641617,6.641617,6.623875,6.677101,6.730297,6.712570,6.889732,6.836617,6.889732,6.925133,7.013577,7.084278,7.048931,7.066605,7.260815,7.296085,7.437057,7.437057,7.542656,7.683289,7.718422,7.806187,7.876347,7.946465,8.156513,8.453358,8.679768,8.992432,9.425079,9.752644,10.061974,10.147728,10.216270,10.216270,10.113426,10.147728,9.993317,9.821461,9.804260,9.666546,9.580376,9.390537,9.165710,8.975086,8.749332,8.679768,8.592743,8.557915,8.453358,8.296310,8.331230,8.226437,8.261383,8.208961,8.226437,8.243912,8.139027,8.191483,8.278851,8.296310,8.226437,8.208961,8.366138,8.348686,8.331230,8.156513,8.278851,8.243912,8.505650,8.453358,8.261383,8.208961,8.121536,8.121536,8.139027,8.139027,8.174004,8.104042,7.981499,8.051544,8.016525,8.069046,7.999016,8.069046,8.034035,8.086544,8.069046,7.963982,7.981499,7.806187,7.718422,7.700855,7.630577,7.577831,7.419441,7.419441,7.296085,7.243172,7.084278,7.137272,7.243172,7.384212,7.296085,7.278450,7.190231,7.048931,6.765751,6.641617,6.623875,6.570625,6.499577,6.677101,6.641617,6.730297,6.677101,6.765751,6.765751,6.942829,7.013577,7.101940,7.154926,7.207882,7.401833,7.437057,7.542656,7.648148,7.683289,7.753536,7.788635,7.858810,7.963982,7.981499,8.034035,8.121536,8.243912,8.470791,8.592743,8.488220,8.453358,8.348686,8.331230,8.348686,8.523075,8.644970,8.592743,8.575333,8.610161,8.610161,8.662369,8.662369,8.749332,8.731949,8.714558,8.766716,8.818848,8.957737,9.044441,8.957737,9.079109,9.044441,9.027115,9.027115,9.079109,8.957737,8.992432,9.009773,9.027115,9.096436,9.165710,9.113758,9.027115,9.044441,9.113758,9.321407,9.355976,9.355976,9.200333,9.217640,9.217640,9.234943,9.044441,9.044441,9.165710,9.252239,9.269539,9.269539,9.183022,9.252239,9.355976,9.545887,9.528633,9.425079,9.304119,9.200333,9.234943,9.269539,9.373260,9.425079,9.494129,9.442345,9.494129,9.528633,9.632080,9.666546,9.649315,9.580376,9.425079,9.459610,9.563126,9.597610,9.580376,9.683773,9.632080,9.718216,9.580376,9.580376,9.700993,9.718216,9.683773,9.649315,9.683773,9.683773,9.597610,9.649315,9.718216,9.735428,9.873051,9.683773,9.976139,10.061974,10.130581,9.941792,9.718216,9.614849,9.614849,9.700993,9.666546,9.597610,9.390537,9.425079,9.563126,9.700993,9.649315,9.632080,9.718216,9.614849,9.718216,9.735428,9.735428,9.769852,9.718216,9.597610,9.700993,9.769852,9.855862,9.976139,9.976139,10.010487,10.147728,10.044807,10.250530,10.404537,10.438725,10.455822,10.421631,10.404537,10.455822,10.455822,10.489990,10.541225,10.489990,10.404537,10.609497,10.643623,10.643623,10.660679,10.865101,10.797012,10.797012,10.711826,10.626560,10.592438,10.558300,10.592438,10.592438,10.575371,10.524147,10.455822,10.489990,10.455822,10.336117,10.199139,10.147728,10.130581,9.976139,9.873051,9.924606,9.873051,9.907425,9.855862,9.890244,9.907425,10.027649,10.027649,9.976139,10.164867,10.147728,10.250530,10.438725,10.353233,10.472908,10.421631,10.010487,10.061974,10.044807,10.182007,10.199139,10.301891,10.336117,10.404537,10.336117,10.370338,10.455822,10.472908,10.592438,10.745911,10.814041,10.814041,10.916145,10.831066,10.745911,10.677727,10.643623,10.677727,10.609497,10.660679,10.762939,10.694775,10.626560,10.779976,10.882126,10.916145,10.848083,10.745911,10.865101,10.711826,10.558300,10.524147,10.524147,10.489990,10.541225,10.592438,10.489990,10.660679,10.677727,10.779976,11.052120,11.170944,11.238777,11.170944,11.052120,10.762939,10.592438,10.626560,10.507072,10.472908,10.387436,10.387436,10.370338,10.592438,10.472908,10.609497,10.694775,10.745911,10.865101,10.797012,10.745911,10.609497,10.779976,11.052120,10.933151,10.762939,10.814041,11.001148,11.018150,11.069107,11.052120,11.001148,10.967159,11.052120,11.018150,11.052120,11.137009,11.221825,11.069107,11.086086,10.916145,10.916145,10.933151,10.916145,10.831066,10.848083,10.899132,10.831066,10.779976,10.711826,10.694775,10.762939,10.677727,10.575371,10.319000,10.267654,10.267654,10.284771,10.301891,10.284771,10.216270,10.267654,10.079128,10.061974,10.079128,9.958965,10.044807,9.958965,9.958965,9.958965,9.907425,9.838661,9.752644,9.787056,9.735428,9.752644,9.821461,9.855862,9.924606,9.941792,10.027649,10.130581,10.233398,10.438725,11.001148,11.137009,11.018150,10.848083,10.694775,10.558300,10.524147,10.524147,10.592438,10.626560,10.677727,10.745911,10.814041,10.814041,10.728870,10.797012,10.865101,10.933151,11.018150,11.035133,10.984158,11.052120,11.170944,11.103065,11.120033,11.137009,11.120033,11.052120,11.052120,11.086086,10.865101,10.984158,10.797012,10.677727,10.592438,10.438725,10.250530,10.027649,9.993317,9.890244,10.027649,10.044807,10.061974,10.044807,9.907425,10.010487,10.147728,10.336117,10.626560,10.779976,10.762939,10.489990,10.438725,10.472908,10.455822,10.455822,10.489990,10.558300,10.575371,10.489990,10.455822,10.489990,10.524147,10.592438,10.541225,10.626560,10.677727,10.779976,10.728870,10.762939,10.814041,10.814041,10.728870,10.762939,10.745911,10.677727,10.762939,10.797012,10.779976,10.797012,10.814041,10.711826,10.745911,10.660679,10.524147,10.524147,10.575371,10.524147,10.507072,10.575371,10.592438,10.609497,10.558300,10.575371,10.524147,10.507072,10.455822,10.336117,10.387436,10.609497,10.524147,10.455822,10.353233,10.353233,10.113426,10.079128,10.079128,9.941792,10.079128,10.027649,9.993317,9.924606,9.976139,9.941792,9.941792,10.113426,10.147728,10.182007,10.164867,10.130581,10.079128,10.096279,10.113426,10.301891,10.336117,
4.019184,4.019184,4.091881,4.037365,4.128212,4.037365,4.128212,4.146374,4.255280,4.255280,4.128212,4.273415,4.364071,4.472755,4.527058,4.689812,4.978535,5.248528,5.499908,6.232731,6.801193,6.818905,6.694839,6.641617,6.606125,6.641617,6.677101,6.641617,7.119606,7.841270,8.401035,8.051544,7.260815,6.303955,5.768597,5.266499,5.032589,4.834267,4.671738,4.527058,4.599422,4.563248,4.345943,4.345943,4.527058,4.725941,4.996559,5.194580,5.248528,5.230549,5.410194,5.356339,5.140610,4.978535,4.996559,4.996559,4.960514,5.050598,5.248528,5.464031,5.356339,5.338371,5.428139,5.392242,5.535770,5.697014,5.911625,5.965206,6.000916,5.965206,6.197094,6.179276,6.161457,6.214916,6.286148,6.286148,6.339550,6.321754,6.517342,6.535103,6.552864,6.570625,6.570625,6.659363,6.818905,6.765751,6.712570,6.818905,6.783474,6.818905,6.907440,6.995895,7.084278,7.031254,7.207882,7.207882,7.331345,7.348972,7.454662,7.489868,7.665718,7.735977,8.139027,8.627563,9.304119,9.855862,9.976139,10.164867,10.216270,10.113426,10.079128,10.079128,9.838661,9.787056,9.632080,9.563126,9.442345,9.165710,9.096436,8.870953,8.818848,8.644970,8.662369,8.523075,8.401035,8.383591,8.331230,8.383591,8.331230,8.191483,8.139027,8.156513,8.191483,8.226437,8.313774,8.348686,8.313774,8.261383,8.278851,8.296310,8.278851,8.278851,8.383591,8.383591,8.366138,8.208961,8.156513,8.121536,8.051544,8.069046,8.104042,8.069046,7.981499,8.034035,7.981499,7.928940,7.963982,8.034035,7.963982,7.928940,7.946465,7.858810,7.911411,7.753536,7.700855,7.718422,7.612995,7.489868,7.507469,7.401833,7.278450,7.278450,7.190231,7.013577,6.978207,7.101940,7.225533,7.243172,7.207882,7.066605,7.031254,6.818905,6.712570,6.552864,6.552864,6.570625,6.588379,6.446259,6.517342,6.748028,6.765751,6.942829,6.960518,6.907440,7.101940,7.207882,7.243172,7.401833,7.472267,7.560242,7.595413,7.700855,7.718422,7.841270,7.893879,7.893879,8.016525,8.069046,8.086544,8.121536,8.401035,8.470791,8.505650,8.470791,8.313774,8.261383,8.366138,8.435913,8.470791,8.453358,8.557915,8.575333,8.644970,8.662369,8.662369,8.749332,8.818848,8.749332,8.766716,8.801476,8.975086,8.870953,8.940388,8.975086,8.940388,8.975086,8.992432,8.992432,8.992432,8.992432,9.165710,9.286831,9.286831,9.234943,9.217640,9.113758,9.096436,9.183022,9.269539,9.234943,9.234943,9.183022,9.200333,9.165710,9.200333,9.131081,9.200333,9.113758,9.131081,9.113758,9.113758,9.148392,9.183022,9.286831,9.528633,9.511379,9.511379,9.304119,9.269539,9.269539,9.183022,9.269539,9.304119,9.269539,9.269539,9.286831,9.304119,9.355976,9.425079,9.321407,9.304119,9.234943,9.286831,9.217640,9.252239,9.200333,9.304119,9.390537,9.304119,9.304119,9.321407,9.528633,9.597610,9.632080,9.700993,9.787056,9.804260,9.787056,9.700993,9.769852,9.769852,9.718216,9.718216,9.890244,9.993317,9.890244,9.821461,9.718216,9.735428,9.718216,9.752644,9.821461,9.718216,9.683773,9.666546,9.700993,9.718216,9.614849,9.632080,9.632080,9.614849,9.632080,9.580376,9.580376,9.563126,9.580376,9.476868,9.407806,9.459610,9.442345,9.442345,9.580376,9.511379,9.597610,9.769852,9.958965,10.199139,10.182007,10.113426,10.010487,10.216270,10.216270,10.096279,10.164867,10.182007,10.250530,10.233398,10.353233,10.421631,10.455822,10.438725,10.489990,10.472908,10.575371,10.592438,10.643623,10.728870,10.677727,10.694775,10.711826,10.643623,10.694775,10.728870,10.711826,10.524147,10.353233,10.301891,10.164867,10.233398,10.267654,9.958965,9.666546,9.563126,9.614849,9.614849,9.614849,9.683773,9.735428,9.787056,9.804260,9.924606,9.821461,9.907425,10.061974,10.250530,10.353233,10.079128,9.976139,9.907425,9.958965,9.976139,9.958965,9.924606,10.044807,10.130581,10.164867,10.233398,10.199139,10.250530,10.301891,10.472908,10.489990,10.507072,10.575371,10.626560,10.507072,10.489990,10.541225,10.609497,10.609497,10.779976,10.711826,10.711826,10.677727,10.779976,10.899132,11.221825,11.289619,11.120033,11.069107,10.865101,10.762939,10.882126,10.643623,10.882126,10.899132,11.018150,10.882126,11.001148,11.103065,11.221825,11.238777,11.204865,11.238777,11.153976,11.204865,11.069107,10.882126,10.814041,10.728870,10.711826,10.575371,10.592438,10.524147,10.575371,10.575371,10.575371,10.728870,10.797012,10.762939,10.711826,10.541225,10.507072,10.575371,10.797012,10.643623,10.489990,10.472908,10.489990,10.489990,10.677727,10.694775,10.507072,10.626560,10.660679,11.001148,11.153976,11.120033,10.984158,10.745911,10.472908,10.472908,10.438725,10.472908,10.353233,10.370338,10.541225,10.524147,10.507072,10.507072,10.387436,10.404537,10.489990,10.404537,10.370338,10.421631,10.541225,10.541225,10.558300,10.524147,10.524147,10.541225,10.489990,10.524147,10.421631,10.609497,10.643623,10.626560,10.524147,10.541225,10.609497,10.626560,10.592438,10.558300,10.421631,10.370338,10.336117,10.301891,10.250530,10.301891,10.404537,10.404537,10.438725,10.421631,10.831066,11.103065,11.086086,11.018150,10.745911,10.643623,10.558300,10.575371,10.541225,10.643623,10.592438,10.575371,10.626560,10.592438,10.660679,10.575371,10.524147,10.609497,10.524147,10.711826,10.609497,10.643623,10.524147,10.592438,10.677727,10.831066,10.916145,10.814041,10.848083,10.814041,10.916145,10.848083,10.677727,10.643623,10.677727,10.694775,10.455822,10.044807,9.907425,9.958965,10.027649,10.079128,10.130581,10.199139,10.182007,10.233398,10.267654,10.353233,10.472908,10.575371,10.472908,10.421631,10.233398,10.250530,10.267654,10.319000,10.319000,10.353233,10.336117,10.370338,10.301891,10.336117,10.421631,10.455822,10.592438,10.575371,10.660679,10.745911,10.728870,10.677727,10.660679,10.848083,10.865101,10.728870,10.779976,10.745911,10.711826,10.609497,10.609497,10.626560,10.575371,10.762939,10.779976,10.779976,10.677727,10.472908,10.438725,10.319000,10.301891,10.353233,10.404537,10.387436,10.421631,10.472908,10.541225,10.541225,10.472908,10.541225,10.609497,10.524147,10.438725,10.404537,10.404537,10.370338,10.387436,10.182007,10.284771,10.233398,10.250530,10.147728,10.233398,10.336117,10.387436,10.284771,10.387436,10.421631,10.404537,10.507072,10.438725,10.507072,10.541225,10.404537,10.421631,10.472908,10.507072,10.558300,
4.055538,4.019184,4.037365,4.019184,4.037365,4.019184,4.110050,4.110050,4.110050,4.200836,4.200836,4.291550,4.309685,4.418427,4.436539,4.527058,4.798172,4.996559,5.374290,5.911625,6.517342,6.748028,6.446259,6.570625,6.552864,6.606125,6.517342,6.517342,6.748028,7.172585,8.069046,8.226437,7.489868,6.499577,5.840134,5.338371,5.086613,4.780113,4.545155,4.436539,4.273415,4.273415,4.091881,4.182686,4.364071,4.563248,4.924461,5.050598,4.888393,4.888393,5.122616,4.906425,4.852314,4.816223,4.599422,4.436539,4.635590,4.599422,4.653660,4.798172,4.743999,4.581333,4.707874,4.834267,4.798172,5.302444,5.356339,5.320412,5.248528,5.212570,5.697014,5.625381,5.356339,5.517838,5.481972,5.643291,5.607468,5.858009,6.197094,6.268349,6.321754,6.268349,6.499577,6.712570,6.783474,6.801193,6.765751,6.677101,6.623875,6.606125,6.606125,6.606125,6.748028,6.765751,6.907440,6.960518,7.031254,7.207882,7.207882,7.313717,7.401833,7.454662,7.630577,8.121536,8.766716,9.373260,9.752644,9.993317,9.941792,10.027649,9.924606,9.769852,9.718216,9.632080,9.545887,9.425079,9.304119,8.992432,8.923035,8.801476,8.644970,8.610161,8.505650,8.348686,8.366138,8.278851,8.348686,8.226437,8.191483,8.069046,8.139027,8.191483,8.278851,8.331230,8.401035,8.331230,8.383591,8.366138,8.331230,8.331230,8.331230,8.331230,8.348686,8.401035,8.470791,8.418476,8.331230,8.313774,8.261383,8.243912,8.191483,8.191483,8.121536,8.243912,8.156513,8.086544,8.121536,8.174004,8.243912,8.139027,8.208961,8.086544,8.016525,7.963982,7.928940,7.911411,7.823730,7.648148,7.577831,7.454662,7.437057,7.366592,7.243172,7.101940,7.048931,7.084278,7.101940,7.278450,7.172585,7.084278,6.942829,6.694839,6.464035,6.303955,6.375134,6.250534,6.357342,6.357342,6.375134,6.446259,6.339550,6.552864,6.570625,6.659363,6.801193,6.907440,7.031254,7.190231,7.489868,7.560242,7.525059,7.595413,7.630577,7.577831,7.771088,7.823730,7.928940,7.946465,8.034035,8.121536,8.139027,8.296310,8.313774,8.313774,8.401035,8.348686,8.453358,8.418476,8.575333,8.557915,8.523075,8.523075,8.610161,8.610161,8.644970,8.749332,8.784096,8.766716,8.801476,8.853588,8.940388,8.957737,8.957737,8.888317,8.905678,8.923035,9.044441,8.975086,9.027115,8.992432,9.044441,9.200333,9.234943,9.252239,9.217640,9.096436,9.044441,9.148392,9.113758,9.061775,9.113758,9.061775,9.009773,9.027115,9.165710,9.183022,9.148392,9.252239,9.234943,9.234943,9.183022,9.079109,9.113758,9.165710,9.217640,9.321407,9.338692,9.321407,9.252239,9.234943,9.217640,9.269539,9.321407,9.373260,9.390537,9.390537,9.390537,9.407806,9.373260,9.355976,9.252239,9.269539,9.269539,9.234943,9.234943,9.321407,9.286831,9.252239,9.252239,9.131081,9.183022,9.131081,9.165710,9.321407,9.390537,9.718216,9.855862,9.666546,9.407806,9.269539,9.338692,9.407806,9.304119,9.407806,9.511379,9.528633,9.580376,9.407806,9.511379,9.494129,9.614849,9.804260,9.890244,9.787056,9.614849,9.769852,9.718216,9.597610,9.735428,9.666546,9.666546,9.735428,9.632080,9.804260,9.924606,9.752644,9.563126,9.683773,9.735428,9.528633,9.511379,9.459610,9.545887,9.683773,9.752644,9.924606,10.061974,9.993317,9.958965,9.804260,9.907425,9.907425,9.958965,9.993317,9.941792,9.993317,10.044807,10.096279,10.147728,10.182007,10.233398,10.267654,10.130581,9.993317,10.130581,10.147728,10.182007,10.267654,10.353233,10.319000,10.336117,10.250530,10.233398,10.147728,10.164867,9.924606,10.079128,10.130581,10.164867,10.182007,9.769852,9.304119,9.321407,9.217640,9.286831,9.252239,9.304119,9.286831,9.390537,9.442345,9.459610,9.494129,9.614849,9.752644,9.924606,9.993317,9.890244,9.873051,9.821461,9.769852,9.838661,9.941792,10.027649,10.182007,10.199139,10.336117,10.301891,10.216270,10.301891,10.421631,10.438725,10.404537,10.489990,10.558300,10.438725,10.421631,10.387436,10.336117,10.421631,10.472908,10.626560,10.558300,10.541225,10.455822,10.558300,10.831066,11.238777,11.187904,11.103065,10.745911,10.694775,10.694775,10.575371,10.643623,10.609497,10.592438,10.626560,10.694775,10.728870,10.882126,10.899132,10.967159,11.001148,10.984158,11.018150,10.950157,10.831066,10.677727,10.694775,10.609497,10.626560,10.558300,10.643623,10.677727,10.626560,10.779976,10.814041,10.984158,11.069107,11.018150,11.120033,11.018150,10.797012,10.848083,10.865101,10.779976,10.677727,10.541225,10.558300,10.592438,10.626560,10.609497,10.609497,10.694775,10.831066,11.018150,11.086086,11.086086,10.950157,10.507072,10.387436,10.301891,10.336117,10.301891,10.455822,10.438725,10.421631,10.387436,10.472908,10.370338,10.267654,10.199139,10.233398,10.216270,10.319000,10.301891,10.250530,10.284771,10.267654,10.336117,10.387436,10.319000,10.319000,10.353233,10.353233,10.421631,10.489990,10.507072,10.711826,10.882126,11.001148,10.950157,10.899132,10.848083,10.848083,10.814041,10.814041,10.831066,10.916145,10.882126,10.831066,10.779976,10.848083,10.882126,11.018150,11.018150,11.018150,10.797012,10.831066,10.899132,10.984158,10.814041,10.660679,10.831066,10.831066,10.916145,10.950157,10.950157,10.933151,10.797012,10.728870,10.660679,10.660679,10.677727,10.592438,10.643623,10.575371,10.694775,10.711826,10.728870,10.745911,10.660679,10.728870,10.626560,10.558300,10.558300,10.592438,10.831066,10.797012,10.745911,10.301891,9.855862,9.821461,9.735428,9.597610,9.700993,9.735428,9.735428,9.752644,9.718216,9.735428,9.769852,9.821461,9.993317,10.079128,10.010487,10.010487,9.976139,10.027649,10.044807,10.113426,10.182007,10.096279,10.147728,10.284771,10.387436,10.489990,10.575371,10.626560,10.694775,10.779976,10.865101,10.916145,10.899132,10.916145,10.899132,10.882126,10.848083,10.831066,10.728870,10.762939,10.677727,10.694775,10.711826,10.797012,10.984158,11.069107,10.984158,10.814041,10.558300,10.489990,10.319000,10.233398,10.147728,10.284771,10.301891,10.233398,10.387436,10.472908,10.233398,10.199139,10.130581,10.164867,10.130581,10.044807,10.096279,10.164867,10.027649,10.096279,10.027649,10.061974,10.010487,10.096279,10.164867,10.096279,10.233398,10.250530,10.353233,10.438725,10.558300,10.575371,10.524147,10.575371,10.455822,10.524147,10.558300,10.507072,10.541225,10.455822,10.421631,
3.982819,4.110050,3.964630,4.019184,3.982819,3.982819,4.037365,4.164528,4.110050,4.110050,4.146374,4.182686,4.255280,4.200836,4.382195,4.563248,4.563248,4.870358,5.140610,5.643291,6.125797,6.712570,6.570625,6.606125,6.552864,6.464035,6.410706,6.481804,6.606125,6.925133,7.735977,8.208961,7.876347,6.889732,6.090134,5.446091,5.122616,4.780113,4.454651,4.345943,4.273415,4.001003,3.891846,3.982819,4.255280,4.472755,4.671738,4.743999,4.780113,4.743999,4.888393,4.816223,4.780113,4.725941,4.472755,4.400314,4.291550,4.436539,4.545155,4.527058,4.454651,4.364071,4.508957,4.327812,4.563248,4.725941,5.032589,5.086613,4.816223,4.725941,5.176598,5.032589,4.743999,4.942490,4.978535,4.906425,4.960514,5.356339,5.714912,5.679108,5.697014,5.822250,6.143627,6.535103,6.801193,6.659363,6.464035,6.428486,6.250534,6.000916,6.072296,6.107971,6.125797,6.339550,6.410706,6.535103,6.765751,6.854328,7.225533,7.331345,7.542656,7.665718,7.735977,7.771088,8.366138,8.853588,9.252239,9.373260,9.425079,9.476868,9.563126,9.442345,9.355976,9.131081,9.200333,9.027115,8.818848,8.714558,8.610161,8.610161,8.383591,8.348686,8.174004,8.104042,8.034035,7.999016,7.893879,7.876347,7.876347,7.683289,7.753536,7.858810,8.104042,8.278851,8.226437,7.981499,7.823730,7.841270,7.911411,7.876347,7.981499,8.016525,8.086544,8.156513,8.191483,8.243912,8.104042,8.104042,8.191483,8.104042,8.191483,8.156513,8.208961,8.226437,8.191483,8.191483,8.174004,8.121536,8.069046,8.069046,8.016525,8.016525,8.051544,7.981499,7.999016,7.876347,7.858810,7.823730,7.771088,7.630577,7.560242,7.437057,7.384212,7.207882,7.119606,7.048931,6.907440,7.066605,7.048931,6.907440,6.889732,6.712570,6.392914,6.268349,6.143627,6.125797,6.232731,6.268349,6.143627,6.268349,6.321754,6.339550,6.446259,6.481804,6.535103,6.677101,6.677101,6.801193,7.243172,7.419441,7.384212,7.313717,7.313717,7.419441,7.454662,7.542656,7.735977,7.595413,7.700855,7.806187,7.858810,7.911411,7.858810,7.946465,8.034035,8.069046,8.139027,8.191483,8.226437,8.435913,8.401035,8.383591,8.523075,8.523075,8.627563,8.575333,8.679768,8.679768,8.888317,8.975086,9.061775,9.027115,8.940388,8.853588,9.027115,8.940388,8.975086,8.992432,9.027115,9.027115,9.044441,9.044441,9.183022,9.217640,9.079109,9.113758,9.061775,9.079109,9.096436,9.044441,9.009773,8.975086,8.853588,8.870953,9.027115,9.200333,9.131081,9.148392,9.183022,9.113758,9.009773,8.888317,8.853588,8.836220,8.923035,9.009773,9.009773,9.027115,9.113758,9.027115,9.113758,9.044441,9.269539,9.407806,9.649315,9.735428,9.614849,9.563126,9.597610,9.597610,9.649315,9.649315,9.700993,9.545887,9.614849,9.666546,9.545887,9.476868,9.286831,9.304119,9.217640,9.148392,9.183022,9.061775,9.234943,9.545887,9.563126,9.442345,9.338692,9.183022,9.217640,9.234943,9.217640,9.234943,9.355976,9.321407,9.355976,9.338692,9.355976,9.425079,9.355976,9.597610,9.752644,9.649315,9.614849,9.494129,9.390537,9.338692,9.304119,9.321407,9.494129,9.511379,9.700993,9.873051,9.769852,9.769852,9.769852,9.838661,9.787056,9.718216,9.545887,9.597610,9.580376,9.563126,9.735428,9.769852,9.890244,9.958965,9.958965,9.993317,9.924606,9.941792,10.010487,9.993317,10.079128,10.130581,10.113426,10.147728,10.079128,10.182007,10.130581,10.182007,10.199139,10.096279,10.182007,10.096279,10.079128,10.113426,10.147728,10.130581,10.113426,10.044807,10.044807,9.993317,9.804260,9.838661,9.683773,10.130581,10.164867,10.216270,9.735428,9.321407,9.476868,9.425079,9.321407,9.252239,9.269539,9.200333,9.304119,9.269539,9.304119,9.373260,9.511379,9.683773,9.769852,9.769852,9.666546,9.735428,9.683773,9.666546,9.632080,9.700993,9.855862,10.147728,10.284771,10.336117,10.370338,10.370338,10.301891,10.438725,10.660679,10.694775,10.660679,10.455822,10.507072,10.421631,10.404537,10.489990,10.507072,10.660679,10.694775,10.728870,10.575371,10.677727,10.643623,10.865101,11.170944,11.204865,10.950157,10.609497,10.541225,10.472908,10.472908,10.472908,10.455822,10.489990,10.489990,10.455822,10.541225,10.609497,10.694775,10.643623,10.592438,10.711826,10.643623,10.592438,10.575371,10.489990,10.472908,10.404537,10.472908,10.575371,10.643623,10.575371,10.609497,10.711826,10.762939,11.170944,11.272675,11.306557,11.069107,10.865101,10.899132,10.797012,10.814041,10.848083,10.814041,10.779976,10.814041,10.882126,10.814041,10.797012,10.848083,10.916145,10.933151,11.018150,10.882126,10.899132,10.865101,10.677727,10.745911,10.694775,10.779976,10.728870,10.711826,10.677727,10.762939,10.677727,10.728870,10.728870,10.626560,10.541225,10.541225,10.370338,10.370338,10.421631,10.387436,10.404537,10.353233,10.524147,10.455822,10.472908,10.455822,10.507072,10.472908,10.489990,10.524147,10.626560,10.967159,11.069107,11.137009,11.035133,10.762939,10.677727,10.609497,10.507072,10.745911,10.711826,10.660679,10.660679,10.762939,10.882126,10.745911,10.694775,10.711826,10.677727,10.831066,10.865101,10.882126,10.882126,10.865101,10.950157,11.018150,10.967159,11.103065,11.204865,11.103065,11.306557,11.204865,11.170944,11.221825,11.103065,11.137009,11.153976,11.120033,11.052120,10.984158,11.035133,10.984158,11.052120,11.001148,10.865101,10.779976,10.728870,10.694775,10.762939,10.882126,10.967159,11.018150,10.967159,10.558300,10.301891,10.199139,10.027649,9.941792,9.907425,9.907425,9.976139,9.821461,9.873051,9.683773,9.700993,9.735428,9.752644,9.735428,9.769852,9.718216,9.649315,9.752644,9.649315,9.666546,9.545887,9.614849,9.649315,9.769852,9.683773,9.787056,9.890244,10.199139,10.421631,10.575371,10.916145,11.018150,11.001148,10.984158,10.967159,10.984158,11.035133,11.001148,10.984158,10.984158,11.001148,11.018150,10.967159,11.069107,11.120033,11.120033,11.187904,11.137009,11.086086,10.899132,10.762939,10.779976,10.728870,10.643623,10.575371,10.370338,10.592438,10.592438,10.643623,10.592438,10.472908,10.353233,10.353233,10.199139,10.130581,10.027649,10.199139,10.113426,10.147728,10.130581,10.199139,10.130581,10.130581,10.130581,10.010487,9.958965,10.113426,10.438725,10.575371,10.421631,10.284771,10.353233,10.182007,10.182007,10.199139,10.250530,10.182007,10.147728,10.113426,
4.019184,4.001003,4.146374,3.964630,4.019184,4.037365,4.019184,4.091881,4.019184,4.019184,4.182686,4.146374,4.218987,4.291550,4.291550,4.436539,4.508957,4.689812,4.906425,5.356339,5.750706,6.464035,6.588379,6.535103,6.339550,6.410706,6.357342,6.392914,6.428486,6.499577,7.137272,7.981499,8.069046,7.437057,6.481804,5.858009,5.320412,4.816223,4.527058,4.255280,4.128212,4.001003,3.782589,3.873646,4.110050,4.345943,4.436539,4.599422,4.599422,4.689812,4.834267,4.924461,4.852314,4.671738,4.237133,4.309685,4.273415,4.527058,4.617508,4.490860,4.472755,4.309685,4.255280,4.218987,4.309685,4.345943,4.942490,5.284477,4.762062,4.508957,4.942490,4.870358,4.527058,4.671738,4.743999,4.617508,4.653660,4.906425,5.392242,5.392242,5.481972,5.607468,5.786484,6.321754,6.694839,6.357342,6.232731,6.072296,5.947346,5.499908,5.356339,5.535770,5.589546,5.697014,5.893753,6.072296,6.303955,6.552864,7.013577,7.207882,7.893879,8.296310,8.401035,8.278851,8.401035,8.714558,9.165710,9.373260,9.476868,9.580376,9.718216,9.632080,9.459610,9.200333,9.113758,9.113758,8.905678,8.749332,8.505650,8.592743,8.383591,8.331230,8.174004,8.051544,7.963982,7.858810,7.753536,7.753536,7.700855,7.735977,7.718422,7.735977,7.876347,8.121536,8.069046,7.823730,7.735977,7.771088,7.665718,7.735977,7.735977,7.823730,7.806187,7.946465,7.823730,7.823730,7.841270,7.735977,7.788635,7.753536,7.876347,7.876347,7.876347,7.823730,7.946465,7.876347,7.876347,7.735977,7.771088,7.630577,7.823730,7.893879,7.928940,7.981499,7.806187,7.823730,7.771088,7.753536,7.683289,7.542656,7.437057,7.384212,7.207882,7.137272,6.960518,6.783474,6.818905,6.836617,6.854328,6.889732,6.818905,6.641617,6.481804,6.250534,6.250534,6.072296,6.090134,6.125797,6.250534,6.321754,6.303955,6.339550,6.392914,6.588379,6.606125,6.552864,6.570625,6.765751,7.172585,7.348972,7.296085,7.348972,7.366592,7.313717,7.419441,7.454662,7.542656,7.577831,7.700855,7.683289,7.753536,7.700855,7.788635,7.735977,7.806187,7.823730,7.876347,8.051544,8.139027,8.156513,8.226437,8.208961,8.191483,8.278851,8.296310,8.470791,8.331230,8.278851,8.488220,9.079109,9.113758,9.061775,8.853588,8.575333,8.714558,8.731949,8.888317,9.096436,9.096436,9.165710,9.183022,9.148392,9.113758,9.183022,9.113758,9.183022,9.217640,9.183022,9.131081,9.113758,9.217640,9.061775,8.992432,9.079109,9.113758,9.113758,9.148392,9.234943,9.252239,9.217640,9.148392,9.009773,9.009773,9.131081,9.079109,9.131081,9.113758,9.096436,9.096436,9.079109,9.061775,9.061775,9.096436,9.338692,9.735428,9.752644,9.545887,9.494129,9.459610,9.442345,9.511379,9.528633,9.494129,9.614849,9.632080,9.597610,9.494129,9.373260,9.269539,9.009773,8.975086,8.888317,9.044441,9.113758,9.131081,9.148392,9.096436,9.027115,9.165710,9.131081,9.131081,9.217640,9.269539,9.321407,9.442345,9.476868,9.649315,9.511379,9.528633,9.580376,9.597610,9.614849,9.528633,9.511379,9.373260,9.373260,9.304119,9.338692,9.286831,9.338692,9.338692,9.338692,9.442345,9.459610,9.666546,9.511379,9.614849,9.545887,9.666546,9.649315,9.580376,9.528633,9.425079,9.338692,9.355976,9.476868,9.528633,9.752644,9.752644,9.752644,9.683773,9.666546,9.941792,10.061974,10.130581,9.976139,9.976139,10.044807,10.027649,10.113426,10.096279,10.096279,10.147728,10.061974,10.096279,10.164867,10.113426,10.096279,10.182007,10.164867,10.113426,10.147728,10.044807,9.907425,9.855862,9.924606,9.907425,10.113426,10.182007,10.216270,10.079128,9.873051,9.958965,9.941792,9.976139,9.787056,9.787056,9.700993,9.632080,9.683773,9.528633,9.649315,9.821461,10.061974,9.941792,9.924606,9.821461,9.907425,9.804260,9.752644,9.666546,9.700993,9.890244,10.079128,10.319000,10.250530,10.336117,10.216270,10.284771,10.301891,10.694775,10.745911,10.677727,10.575371,10.592438,10.541225,10.592438,10.507072,10.677727,10.677727,10.728870,10.762939,10.848083,10.865101,10.916145,10.916145,11.018150,10.899132,10.797012,10.711826,10.626560,10.524147,10.592438,10.524147,10.541225,10.507072,10.592438,10.592438,10.677727,10.626560,10.558300,10.558300,10.660679,10.677727,10.643623,10.524147,10.455822,10.472908,10.558300,10.524147,10.541225,10.609497,10.609497,10.626560,10.660679,10.762939,10.831066,11.323498,11.408150,11.170944,11.018150,10.626560,10.455822,10.438725,10.575371,10.660679,10.609497,10.472908,10.541225,10.489990,10.507072,10.507072,10.489990,10.541225,10.455822,10.472908,10.558300,10.558300,10.643623,10.745911,10.797012,10.848083,10.950157,10.984158,11.018150,11.018150,11.001148,10.967159,10.984158,10.984158,10.848083,10.779976,10.728870,10.745911,10.711826,10.848083,10.882126,10.950157,10.933151,10.984158,11.001148,10.967159,10.831066,10.933151,10.865101,10.728870,10.899132,11.001148,11.086086,11.120033,11.120033,11.086086,11.035133,10.950157,10.694775,10.592438,10.677727,10.507072,10.472908,10.489990,10.455822,10.609497,10.609497,10.592438,10.643623,10.694775,10.643623,10.677727,10.592438,10.814041,10.694775,10.660679,10.762939,10.814041,10.916145,10.899132,10.848083,11.035133,11.018150,11.069107,11.153976,11.120033,11.086086,11.255722,11.187904,11.170944,11.153976,11.052120,11.018150,10.984158,10.933151,10.865101,10.950157,10.848083,10.899132,10.916145,10.967159,11.001148,10.899132,10.899132,10.865101,10.933151,10.831066,10.831066,10.762939,10.677727,10.660679,10.677727,10.660679,10.609497,10.472908,10.387436,10.387436,10.284771,10.216270,10.130581,10.010487,9.976139,9.993317,9.890244,9.907425,9.907425,9.838661,9.718216,9.718216,9.787056,9.769852,9.855862,9.958965,10.044807,10.694775,11.052120,10.950157,10.950157,10.950157,10.831066,10.745911,10.694775,10.694775,10.711826,10.779976,10.779976,10.865101,10.865101,10.848083,11.001148,10.984158,11.001148,10.933151,10.950157,11.035133,11.018150,11.018150,10.933151,10.797012,10.831066,10.728870,10.779976,10.762939,10.643623,10.711826,10.814041,10.814041,10.882126,10.797012,10.797012,10.831066,10.677727,10.728870,10.728870,10.609497,10.609497,10.507072,10.472908,10.336117,10.284771,10.421631,10.489990,10.609497,10.592438,10.524147,10.301891,10.233398,10.147728,10.147728,10.061974,10.182007,10.164867,10.096279,10.044807,
3.982819,3.946442,3.982819,4.055538,3.964630,3.964630,3.982819,3.964630,3.946442,3.946442,3.964630,4.110050,4.055538,4.146374,4.273415,4.364071,4.472755,4.508957,4.743999,5.014572,5.517838,6.125797,6.517342,6.517342,6.428486,6.410706,6.375134,6.410706,6.357342,6.392914,6.801193,7.788635,8.139027,7.858810,7.066605,6.054455,5.481972,4.906425,4.545155,4.237133,4.128212,4.037365,3.764370,4.091881,4.055538,4.255280,4.545155,4.563248,4.527058,4.725941,5.086613,5.356339,5.086613,4.490860,4.345943,4.218987,4.454651,4.364071,4.599422,4.563248,4.508957,4.345943,4.237133,4.146374,4.200836,4.291550,4.888393,5.392242,4.545155,4.490860,4.834267,4.671738,4.454651,4.617508,4.508957,4.454651,4.345943,4.780113,5.122616,5.356339,5.392242,5.517838,5.553699,6.107971,6.623875,6.375134,6.018761,5.911625,5.768597,5.284477,5.266499,5.212570,5.374290,5.464031,5.535770,5.643291,5.965206,6.268349,6.818905,7.137272,7.928940,8.784096,8.992432,8.870953,8.940388,9.044441,9.338692,9.563126,9.787056,10.044807,10.079128,10.164867,9.907425,9.838661,9.649315,9.442345,9.390537,9.165710,9.027115,8.853588,8.784096,8.592743,8.401035,8.313774,8.104042,8.051544,7.841270,7.841270,7.928940,7.911411,7.753536,7.841270,7.911411,8.051544,8.016525,7.893879,7.858810,7.858810,7.823730,7.911411,7.823730,7.893879,7.911411,7.963982,7.911411,7.893879,7.735977,7.788635,7.753536,7.700855,7.771088,7.788635,7.806187,7.806187,7.806187,7.771088,7.700855,7.577831,7.612995,7.542656,7.560242,7.630577,7.823730,7.753536,7.665718,7.648148,7.489868,7.384212,7.313717,7.278450,7.207882,7.137272,7.101940,7.013577,6.872036,6.712570,6.641617,6.748028,6.730297,6.925133,6.818905,6.783474,6.410706,6.072296,6.000916,5.965206,5.929482,6.000916,6.072296,6.179276,6.107971,6.197094,6.357342,6.375134,6.535103,6.499577,6.677101,6.712570,6.925133,7.048931,7.260815,7.278450,7.384212,7.419441,7.507469,7.577831,7.560242,7.718422,7.753536,7.788635,7.735977,7.911411,8.069046,8.121536,8.139027,8.139027,8.191483,8.174004,8.191483,8.226437,8.226437,8.226437,8.278851,8.401035,8.453358,8.470791,8.383591,8.488220,8.418476,8.853588,9.061775,8.905678,8.575333,8.366138,8.435913,8.488220,8.592743,8.731949,8.853588,8.870953,8.870953,8.853588,8.749332,8.627563,8.610161,8.697163,8.644970,8.749332,8.853588,8.992432,9.113758,9.096436,9.096436,9.131081,9.131081,9.183022,9.321407,9.200333,9.390537,9.476868,9.494129,9.355976,9.459610,9.511379,9.442345,9.304119,9.269539,9.355976,9.425079,9.355976,9.321407,9.338692,9.407806,9.614849,9.735428,9.735428,9.649315,9.545887,9.442345,9.407806,9.407806,9.442345,9.528633,9.580376,9.511379,9.442345,9.304119,9.027115,8.801476,8.749332,8.784096,8.766716,8.888317,8.940388,8.940388,8.905678,8.662369,8.731949,8.766716,8.784096,8.679768,8.731949,8.853588,9.113758,9.407806,9.545887,9.649315,9.683773,9.425079,9.390537,9.442345,9.407806,9.338692,9.165710,9.183022,9.234943,9.269539,9.079109,9.148392,9.148392,9.234943,9.183022,9.234943,9.252239,9.252239,9.200333,9.442345,9.545887,9.459610,9.563126,9.545887,9.442345,9.407806,9.511379,9.511379,9.580376,9.649315,9.649315,9.580376,9.614849,9.476868,9.442345,9.528633,9.873051,9.855862,9.683773,9.700993,9.580376,9.632080,9.580376,9.700993,9.683773,9.632080,9.718216,9.752644,9.718216,9.769852,9.752644,9.993317,10.044807,10.130581,10.096279,10.010487,9.941792,9.907425,9.787056,9.838661,9.941792,9.941792,10.044807,10.061974,10.044807,10.027649,10.079128,10.096279,10.164867,10.250530,10.267654,10.267654,10.319000,10.216270,10.199139,10.319000,10.284771,10.267654,10.284771,10.370338,10.370338,10.455822,10.336117,10.182007,10.044807,10.199139,10.370338,10.353233,10.438725,10.319000,10.199139,10.182007,10.267654,10.677727,10.745911,10.558300,10.472908,10.370338,10.387436,10.404537,10.421631,10.404537,10.370338,10.319000,10.336117,10.164867,10.182007,10.216270,10.182007,10.233398,10.216270,10.370338,10.216270,10.233398,10.199139,10.164867,10.199139,10.199139,10.336117,10.370338,10.387436,10.404537,10.507072,10.524147,10.472908,10.660679,10.626560,10.609497,10.575371,10.370338,10.336117,10.455822,10.524147,10.575371,10.643623,10.762939,10.848083,10.831066,10.950157,11.086086,11.238777,11.187904,11.069107,10.779976,10.711826,10.541225,10.387436,10.387436,10.370338,10.336117,10.387436,10.404537,10.507072,10.455822,10.472908,10.472908,10.353233,10.353233,10.353233,10.319000,10.387436,10.370338,10.319000,10.421631,10.592438,10.575371,10.541225,10.626560,10.626560,10.626560,10.677727,10.643623,10.728870,10.797012,10.831066,10.779976,10.745911,10.762939,10.899132,10.967159,10.916145,10.916145,10.933151,10.984158,10.967159,11.035133,11.001148,10.950157,10.916145,11.001148,10.984158,11.103065,11.137009,11.137009,11.103065,11.052120,10.967159,10.779976,10.677727,10.745911,10.831066,10.865101,10.694775,10.711826,10.831066,10.916145,10.916145,10.728870,10.848083,10.933151,10.933151,10.848083,10.882126,10.967159,11.035133,11.069107,11.103065,10.967159,11.086086,11.170944,11.052120,11.052120,11.052120,11.035133,11.153976,11.137009,11.103065,10.950157,10.933151,10.848083,10.831066,10.831066,10.745911,10.797012,10.711826,10.694775,10.694775,10.728870,10.592438,10.728870,10.831066,10.762939,10.814041,10.728870,10.779976,10.660679,10.728870,10.779976,10.762939,10.762939,10.865101,10.916145,10.899132,10.865101,10.899132,10.916145,11.001148,10.984158,11.001148,10.831066,10.711826,10.745911,10.762939,10.814041,10.762939,10.677727,10.609497,10.609497,10.438725,10.575371,10.284771,10.472908,10.728870,11.018150,11.001148,10.967159,10.967159,10.916145,10.762939,10.711826,10.643623,10.660679,10.728870,10.728870,10.797012,10.848083,10.882126,10.779976,10.848083,10.916145,10.848083,11.001148,10.916145,10.933151,10.779976,10.575371,10.592438,10.404537,10.301891,10.216270,10.199139,10.267654,10.353233,10.438725,10.541225,10.865101,10.967159,10.933151,10.933151,10.814041,10.711826,10.762939,10.558300,10.609497,10.575371,10.524147,10.507072,10.541225,10.507072,10.626560,10.643623,10.677727,10.626560,10.609497,10.541225,10.524147,10.489990,10.575371,10.472908,10.472908,10.404537,10.438725,10.404537,
4.019184,3.964630,4.037365,3.982819,4.091881,4.073711,4.037365,4.037365,3.964630,3.928246,4.091881,4.055538,4.128212,4.255280,4.164528,4.345943,4.472755,4.563248,4.707874,4.978535,5.248528,5.911625,6.446259,6.694839,6.481804,6.410706,6.375134,6.357342,6.428486,6.392914,6.623875,7.296085,7.928940,8.121536,7.437057,6.464035,5.643291,5.122616,4.653660,4.382195,4.218987,3.982819,3.873646,4.019184,3.946442,4.091881,4.563248,4.490860,4.563248,4.707874,4.960514,5.194580,4.888393,4.400314,4.255280,4.309685,4.345943,4.472755,4.599422,4.743999,4.581333,4.436539,4.273415,4.146374,4.128212,4.291550,4.960514,5.320412,4.454651,4.345943,4.942490,4.689812,4.382195,4.490860,4.508957,4.527058,4.436539,4.689812,5.176598,5.284477,5.374290,5.374290,5.571625,6.000916,6.481804,6.464035,5.929482,5.965206,5.768597,5.338371,4.888393,5.086613,5.086613,5.284477,5.535770,5.625381,5.858009,6.072296,6.464035,6.960518,7.595413,8.610161,9.079109,9.061775,9.027115,8.992432,9.131081,9.494129,9.838661,10.044807,10.216270,10.061974,9.976139,9.855862,9.683773,9.545887,9.252239,9.148392,9.061775,9.096436,8.957737,8.540497,8.191483,7.911411,7.893879,7.823730,7.788635,7.823730,7.753536,7.683289,7.683289,7.560242,7.665718,7.718422,7.735977,7.718422,7.683289,7.648148,7.665718,7.683289,7.700855,7.683289,7.788635,7.841270,7.911411,7.911411,7.841270,7.946465,7.928940,7.893879,7.946465,7.963982,8.016525,7.893879,7.928940,7.893879,7.823730,7.788635,7.683289,7.612995,7.648148,7.648148,7.665718,7.683289,7.612995,7.507469,7.419441,7.313717,7.296085,7.084278,7.066605,7.084278,7.084278,6.995895,6.889732,6.765751,6.659363,6.481804,6.535103,6.748028,6.730297,6.623875,6.428486,6.072296,5.965206,5.911625,5.858009,5.911625,5.947346,6.090134,6.036610,6.143627,6.286148,6.286148,6.392914,6.375134,6.464035,6.517342,6.588379,6.677101,6.872036,6.960518,7.101940,7.154926,7.084278,7.260815,7.419441,7.560242,7.577831,7.612995,7.700855,7.963982,8.296310,8.348686,8.401035,8.366138,8.418476,8.383591,8.313774,8.383591,8.331230,8.313774,8.401035,8.505650,8.679768,8.575333,8.505650,8.592743,8.627563,8.905678,8.940388,8.923035,8.853588,8.662369,8.697163,8.610161,8.766716,8.836220,8.766716,8.714558,8.749332,8.644970,8.575333,8.523075,8.470791,8.435913,8.383591,8.401035,8.592743,8.523075,8.644970,8.731949,8.644970,8.644970,8.610161,8.627563,8.766716,8.870953,8.975086,9.234943,9.442345,9.442345,9.494129,9.476868,9.373260,9.390537,9.390537,9.390537,9.545887,9.597610,9.528633,9.545887,9.528633,9.632080,9.769852,9.649315,9.580376,9.459610,9.407806,9.476868,9.494129,9.494129,9.511379,9.511379,9.459610,9.407806,9.442345,9.269539,9.131081,9.096436,9.044441,9.061775,9.061775,9.027115,9.027115,8.940388,8.888317,8.870953,8.801476,8.818848,8.784096,8.836220,8.905678,9.079109,9.234943,9.563126,9.597610,9.545887,9.355976,9.321407,9.304119,9.338692,9.009773,8.992432,9.044441,8.957737,9.009773,8.975086,8.992432,8.957737,8.957737,8.940388,8.853588,8.905678,8.940388,8.923035,9.027115,9.131081,9.217640,9.355976,9.390537,9.459610,9.476868,9.494129,9.563126,9.649315,9.700993,9.838661,9.804260,9.700993,9.494129,9.373260,9.407806,9.597610,9.545887,9.494129,9.494129,9.580376,9.494129,9.528633,9.511379,9.545887,9.632080,9.614849,9.666546,9.563126,9.649315,9.597610,9.838661,10.027649,10.113426,9.976139,9.804260,9.821461,9.752644,9.855862,9.769852,9.769852,9.855862,9.855862,9.873051,9.855862,9.873051,9.907425,9.907425,9.924606,10.079128,10.301891,10.216270,10.233398,10.164867,10.113426,10.130581,10.267654,10.216270,10.216270,10.267654,10.387436,10.404537,10.421631,10.455822,10.507072,10.438725,10.336117,10.353233,10.336117,10.233398,10.387436,10.353233,10.455822,10.541225,10.558300,10.438725,10.489990,10.353233,10.421631,10.370338,10.353233,10.182007,10.164867,10.113426,10.096279,9.976139,9.873051,9.993317,9.907425,9.873051,9.924606,9.890244,9.890244,9.855862,9.958965,9.804260,9.855862,9.924606,9.855862,9.855862,9.941792,9.855862,9.873051,9.838661,10.044807,10.558300,10.694775,10.711826,10.267654,10.079128,10.061974,10.164867,10.233398,10.319000,10.421631,10.592438,10.626560,10.711826,10.592438,10.660679,10.660679,10.694775,10.728870,10.779976,10.626560,10.575371,10.592438,10.472908,10.421631,10.489990,10.541225,10.524147,10.541225,10.677727,10.643623,10.541225,10.575371,10.558300,10.660679,10.609497,10.677727,10.626560,10.507072,10.524147,10.524147,10.541225,10.455822,10.387436,10.370338,10.336117,10.267654,10.404537,10.728870,10.762939,10.762939,10.660679,10.694775,10.660679,10.677727,10.745911,10.762939,10.711826,10.797012,10.745911,10.831066,10.831066,10.677727,10.694775,10.694775,10.728870,10.677727,10.745911,10.848083,10.950157,10.967159,10.848083,10.762939,10.677727,10.711826,10.882126,10.899132,10.865101,10.831066,10.728870,10.950157,10.933151,11.052120,11.001148,11.001148,10.950157,10.984158,11.001148,11.120033,11.137009,11.238777,11.306557,11.306557,11.391228,11.340439,11.272675,11.323498,11.272675,11.255722,11.238777,11.170944,11.018150,10.967159,10.814041,10.814041,10.797012,10.711826,10.660679,10.609497,10.677727,10.626560,10.660679,10.643623,10.814041,10.779976,10.814041,10.643623,10.626560,10.507072,10.609497,10.541225,10.507072,10.609497,10.541225,10.507072,10.558300,10.489990,10.507072,10.626560,10.643623,10.626560,10.762939,10.916145,11.035133,10.984158,10.779976,10.848083,10.848083,10.831066,10.882126,10.762939,10.728870,10.814041,10.831066,10.848083,10.933151,10.899132,11.001148,11.069107,11.137009,11.035133,11.204865,11.204865,11.221825,11.170944,11.069107,11.103065,11.120033,11.086086,11.120033,11.187904,11.137009,11.170944,11.170944,11.120033,11.069107,11.035133,11.018150,10.967159,10.831066,10.797012,10.711826,10.524147,10.301891,10.250530,10.336117,10.233398,10.284771,10.455822,10.592438,10.848083,11.069107,11.120033,10.967159,10.609497,10.438725,10.284771,10.387436,10.319000,10.370338,10.421631,10.489990,10.472908,10.353233,10.438725,10.404537,10.558300,10.438725,10.336117,10.438725,10.370338,10.336117,10.541225,10.438725,10.489990,10.455822,10.507072,10.592438,10.626560,
4.001003,3.946442,4.019184,3.964630,3.964630,4.055538,3.928246,3.964630,3.928246,3.946442,4.055538,4.146374,4.128212,4.291550,4.182686,4.309685,4.327812,4.472755,4.599422,4.942490,5.122616,5.607468,6.214916,6.588379,6.623875,6.410706,6.268349,6.321754,6.357342,6.339550,6.446259,6.801193,7.542656,8.174004,7.858810,6.960518,6.000916,5.266499,4.671738,4.418427,4.273415,3.891846,3.910049,4.073711,3.964630,4.200836,4.490860,4.563248,4.617508,4.743999,5.032589,5.032589,4.581333,4.237133,4.182686,4.309685,4.400314,4.563248,4.725941,4.653660,4.508957,4.382195,4.218987,4.128212,4.200836,4.327812,5.050598,5.032589,4.418427,4.400314,4.852314,4.490860,4.436539,4.490860,4.436539,4.454651,4.436539,4.563248,5.194580,5.230549,5.176598,5.284477,5.374290,5.679108,6.179276,6.286148,6.018761,5.983063,5.768597,5.410194,4.978535,4.942490,5.176598,5.248528,5.374290,5.481972,5.714912,5.965206,6.303955,6.641617,7.278450,8.278851,8.957737,8.975086,8.940388,8.940388,9.009773,9.355976,9.528633,9.804260,10.010487,9.976139,9.855862,9.683773,9.649315,9.442345,9.131081,8.957737,8.957737,8.923035,8.888317,8.366138,7.876347,7.735977,7.683289,7.542656,7.577831,7.525059,7.542656,7.489868,7.419441,7.366592,7.401833,7.384212,7.331345,7.296085,7.278450,7.366592,7.384212,7.331345,7.366592,7.384212,7.401833,7.401833,7.525059,7.489868,7.595413,7.718422,7.788635,7.928940,7.981499,7.928940,7.911411,7.876347,7.911411,7.963982,7.823730,7.823730,7.735977,7.735977,7.700855,7.542656,7.648148,7.577831,7.525059,7.489868,7.472267,7.401833,7.366592,7.331345,7.278450,7.137272,7.048931,6.995895,6.907440,6.872036,6.694839,6.552864,6.623875,6.606125,6.677101,6.623875,6.481804,6.232731,6.090134,6.054455,6.072296,6.125797,6.054455,6.214916,6.179276,6.268349,6.321754,6.357342,6.481804,6.481804,6.606125,6.677101,6.730297,6.872036,6.925133,7.031254,6.995895,7.048931,7.119606,7.207882,7.260815,7.296085,7.472267,7.366592,7.648148,7.841270,8.243912,8.488220,8.470791,8.453358,8.331230,8.348686,8.261383,8.348686,8.296310,8.348686,8.348686,8.453358,8.470791,8.488220,8.540497,8.592743,8.592743,8.697163,8.766716,8.784096,8.731949,8.818848,8.853588,8.870953,8.940388,9.044441,9.009773,8.975086,8.957737,8.975086,8.957737,8.905678,8.888317,8.662369,8.801476,8.662369,8.697163,8.627563,8.627563,8.592743,8.592743,8.557915,8.523075,8.557915,8.627563,8.575333,8.714558,9.027115,9.269539,9.286831,9.234943,9.165710,9.321407,9.286831,9.183022,9.355976,9.459610,9.494129,9.528633,9.373260,9.373260,9.476868,9.511379,9.563126,9.545887,9.580376,9.494129,9.511379,9.425079,9.563126,9.563126,9.649315,9.649315,9.580376,9.545887,9.442345,9.390537,9.286831,9.494129,9.494129,9.459610,9.476868,9.269539,9.338692,9.234943,9.304119,9.373260,9.373260,9.304119,9.113758,9.321407,9.459610,9.476868,9.632080,9.718216,9.683773,9.511379,9.338692,9.269539,9.459610,9.373260,9.252239,9.165710,9.165710,9.200333,9.217640,9.183022,9.061775,9.061775,9.027115,8.940388,8.957737,8.923035,9.009773,9.113758,9.079109,9.148392,9.252239,9.148392,9.217640,9.286831,9.390537,9.442345,9.528633,9.666546,9.821461,10.010487,9.752644,9.148392,9.044441,9.044441,9.027115,9.200333,9.286831,9.338692,9.269539,9.494129,9.373260,9.459610,9.476868,9.442345,9.563126,9.580376,9.511379,9.700993,9.597610,9.752644,9.700993,9.873051,9.821461,9.855862,9.873051,9.735428,9.821461,9.838661,9.769852,9.804260,9.838661,9.907425,9.924606,9.873051,9.993317,9.958965,9.907425,10.199139,10.199139,10.096279,9.941792,9.821461,9.838661,9.769852,9.787056,9.907425,9.838661,9.855862,9.804260,9.941792,9.873051,10.182007,10.387436,10.284771,10.027649,10.044807,10.147728,10.096279,10.027649,10.010487,10.010487,10.079128,10.164867,10.096279,9.941792,10.096279,10.182007,10.301891,10.438725,10.472908,10.336117,10.267654,10.233398,10.164867,10.182007,10.079128,9.976139,10.096279,10.130581,10.233398,10.216270,10.182007,10.113426,10.079128,10.027649,9.941792,9.838661,9.769852,9.787056,9.804260,9.700993,9.787056,10.010487,10.643623,10.728870,10.609497,10.353233,10.130581,10.079128,10.010487,10.027649,10.147728,10.130581,10.301891,10.370338,10.250530,10.216270,10.199139,10.113426,10.182007,10.336117,10.336117,10.284771,10.319000,10.301891,10.438725,10.489990,10.455822,10.524147,10.472908,10.524147,10.575371,10.660679,10.745911,10.745911,10.779976,10.848083,10.933151,10.848083,10.745911,10.711826,10.643623,10.728870,10.609497,10.524147,10.404537,10.250530,10.284771,10.455822,10.353233,10.677727,10.728870,10.711826,10.660679,10.694775,10.609497,10.711826,10.728870,10.677727,10.592438,10.626560,10.779976,10.677727,10.609497,10.558300,10.643623,10.609497,10.643623,10.626560,10.677727,10.660679,10.677727,10.524147,10.507072,10.558300,10.507072,10.558300,10.762939,10.865101,10.848083,10.694775,10.831066,10.899132,10.984158,10.762939,10.660679,10.745911,10.728870,10.984158,11.001148,11.018150,11.035133,11.035133,10.967159,10.950157,10.882126,10.831066,10.848083,10.848083,10.848083,10.745911,10.762939,10.728870,10.711826,10.728870,10.711826,10.797012,10.745911,10.814041,10.762939,10.797012,10.865101,10.899132,10.967159,11.069107,11.018150,11.035133,11.001148,10.933151,10.865101,10.899132,10.728870,10.643623,10.711826,10.541225,10.728870,10.660679,10.677727,10.643623,10.541225,10.524147,10.575371,10.626560,10.609497,11.001148,11.052120,11.035133,10.967159,10.967159,10.984158,10.933151,10.916145,10.865101,10.831066,10.814041,10.899132,10.831066,10.882126,10.865101,10.831066,10.865101,10.899132,10.899132,11.035133,11.137009,11.103065,11.137009,11.255722,11.238777,11.374298,11.408150,11.357365,11.391228,11.357365,11.374298,11.374298,11.340439,11.323498,11.340439,11.391228,11.340439,11.103065,11.103065,11.001148,10.950157,10.933151,10.865101,10.831066,10.762939,10.831066,10.882126,10.916145,11.086086,11.086086,11.052120,10.933151,10.950157,10.933151,10.899132,10.865101,10.865101,10.779976,10.865101,10.694775,10.762939,10.745911,10.609497,10.558300,10.592438,10.660679,10.609497,10.541225,10.541225,10.575371,10.541225,10.524147,10.524147,10.455822,10.507072,10.404537,10.592438,
4.019184,3.946442,3.982819,4.019184,3.982819,3.982819,4.019184,4.001003,4.001003,3.946442,4.128212,4.128212,4.091881,4.164528,4.182686,4.237133,4.255280,4.382195,4.418427,4.743999,5.014572,5.428139,5.840134,6.570625,6.606125,6.392914,6.339550,6.357342,6.339550,6.375134,6.286148,6.588379,7.154926,8.156513,8.174004,7.348972,6.392914,5.643291,4.996559,4.527058,4.327812,4.055538,4.037365,4.019184,4.019184,4.200836,4.418427,4.617508,4.689812,4.780113,4.960514,4.798172,4.291550,4.091881,4.146374,4.291550,4.255280,4.653660,4.780113,4.617508,4.400314,4.273415,4.291550,4.128212,4.164528,4.418427,4.996559,4.942490,4.291550,4.400314,4.852314,4.454651,4.327812,4.400314,4.472755,4.490860,4.345943,4.581333,5.212570,5.338371,5.248528,5.212570,5.230549,5.481972,5.911625,6.143627,5.965206,5.822250,5.822250,5.356339,4.942490,4.960514,5.032589,5.140610,5.266499,5.374290,5.553699,5.840134,6.000916,6.552864,7.225533,7.893879,8.662369,8.957737,8.853588,8.731949,8.801476,8.957737,9.321407,9.632080,9.769852,9.718216,9.769852,9.494129,9.476868,9.252239,8.975086,8.888317,8.801476,8.801476,8.714558,8.313774,8.016525,7.858810,7.648148,7.630577,7.577831,7.577831,7.507469,7.401833,7.437057,7.296085,7.296085,7.278450,7.225533,7.260815,7.190231,7.190231,7.313717,7.313717,7.260815,7.172585,7.243172,7.313717,7.172585,7.260815,7.207882,7.437057,7.437057,7.630577,7.718422,7.577831,7.542656,7.542656,7.560242,7.595413,7.489868,7.472267,7.366592,7.278450,7.207882,7.066605,7.154926,7.119606,7.101940,7.119606,7.154926,7.119606,7.154926,7.137272,6.960518,6.925133,6.995895,6.960518,6.818905,6.854328,6.748028,6.552864,6.535103,6.535103,6.535103,6.481804,6.410706,6.303955,6.179276,6.125797,6.232731,6.303955,6.392914,6.446259,6.410706,6.552864,6.677101,6.730297,6.783474,6.836617,6.854328,7.066605,7.084278,7.154926,7.296085,7.384212,7.331345,7.366592,7.454662,7.419441,7.595413,7.648148,7.577831,7.612995,7.718422,7.911411,8.331230,8.366138,8.348686,8.383591,8.348686,8.243912,8.243912,8.226437,8.261383,8.278851,8.069046,8.174004,8.104042,8.278851,8.261383,8.226437,8.174004,8.208961,8.348686,8.296310,8.366138,8.383591,8.523075,8.505650,8.627563,8.749332,8.697163,8.697163,8.697163,8.870953,9.079109,8.992432,9.096436,9.044441,9.079109,9.009773,8.888317,8.888317,8.888317,8.870953,8.905678,8.870953,8.818848,8.818848,8.714558,8.888317,9.079109,9.200333,9.286831,9.252239,9.148392,9.165710,9.165710,9.269539,9.407806,9.338692,9.373260,9.407806,9.407806,9.390537,9.355976,9.407806,9.390537,9.563126,9.459610,9.494129,9.459610,9.407806,9.355976,9.459610,9.511379,9.528633,9.528633,9.476868,9.442345,9.304119,9.217640,9.407806,9.563126,9.528633,9.494129,9.321407,9.131081,9.165710,9.269539,9.355976,9.390537,9.338692,9.355976,9.390537,9.373260,9.476868,9.476868,9.494129,9.666546,9.649315,9.597610,9.390537,9.442345,9.476868,9.425079,9.459610,9.528633,9.580376,9.580376,9.666546,9.649315,9.442345,9.511379,9.563126,9.563126,9.580376,9.494129,9.563126,9.614849,9.545887,9.580376,9.563126,9.563126,9.476868,9.425079,9.580376,9.563126,9.614849,9.718216,9.958965,9.924606,9.735428,9.165710,9.079109,8.992432,9.079109,9.113758,9.183022,9.113758,9.148392,9.407806,9.286831,9.131081,9.113758,9.165710,9.217640,9.234943,9.286831,9.355976,9.511379,9.528633,9.700993,9.683773,9.632080,9.545887,9.511379,9.545887,9.459610,9.614849,9.597610,9.907425,10.027649,10.164867,10.027649,10.044807,10.027649,10.096279,10.079128,10.130581,10.233398,10.147728,10.010487,9.993317,9.941792,9.890244,9.958965,10.044807,9.924606,9.855862,9.873051,9.804260,9.838661,10.079128,10.250530,10.233398,10.096279,9.958965,9.941792,9.838661,9.821461,9.873051,9.821461,9.873051,9.769852,9.752644,9.769852,9.769852,9.890244,9.993317,10.250530,10.353233,10.284771,10.216270,10.027649,10.096279,10.061974,10.061974,10.182007,10.199139,10.250530,10.284771,10.421631,10.353233,10.301891,10.216270,10.301891,10.267654,10.096279,10.182007,10.096279,10.061974,10.113426,10.455822,10.694775,10.779976,10.626560,10.592438,10.404537,10.250530,10.130581,10.182007,10.233398,10.250530,10.387436,10.336117,10.336117,10.267654,10.216270,10.199139,10.147728,10.113426,10.113426,10.061974,10.130581,10.301891,10.370338,10.336117,10.319000,10.387436,10.301891,10.216270,10.319000,10.319000,10.404537,10.421631,10.455822,10.779976,10.797012,10.865101,10.592438,10.592438,10.438725,10.404537,10.284771,10.250530,10.421631,10.370338,10.489990,10.353233,10.336117,10.387436,10.438725,10.507072,10.438725,10.472908,10.592438,10.677727,10.575371,10.592438,10.643623,10.677727,10.694775,10.711826,10.660679,10.762939,10.677727,10.660679,10.745911,10.814041,10.728870,10.711826,10.694775,10.558300,10.575371,10.507072,10.524147,10.438725,10.677727,10.762939,10.848083,10.950157,10.797012,10.984158,11.001148,11.052120,10.831066,10.814041,10.882126,11.052120,11.103065,11.001148,11.018150,10.950157,10.950157,10.831066,10.643623,10.489990,10.438725,10.438725,10.250530,10.301891,10.370338,10.336117,10.250530,10.250530,10.319000,10.301891,10.319000,10.216270,10.301891,10.541225,10.609497,10.779976,10.711826,10.916145,11.170944,11.120033,11.120033,11.137009,11.001148,10.779976,10.745911,10.779976,10.711826,10.865101,10.694775,10.745911,10.762939,10.814041,10.779976,10.626560,10.643623,10.694775,10.677727,10.848083,11.086086,11.069107,11.052120,11.035133,11.170944,11.204865,11.153976,11.137009,11.153976,11.170944,11.120033,11.120033,11.103065,11.035133,10.933151,10.967159,10.950157,10.984158,11.001148,11.120033,11.170944,11.018150,10.882126,11.001148,11.103065,11.035133,11.120033,11.103065,11.086086,11.052120,10.984158,11.238777,11.255722,11.289619,11.204865,11.035133,10.967159,10.916145,10.899132,10.916145,10.882126,10.933151,10.984158,10.916145,10.967159,10.933151,10.882126,10.967159,10.950157,11.086086,11.103065,11.238777,11.238777,11.238777,11.306557,11.272675,11.408150,11.323498,11.391228,11.306557,11.374298,11.238777,11.306557,11.255722,11.306557,11.272675,11.221825,11.137009,11.120033,11.103065,11.204865,11.120033,10.967159,10.916145,10.779976,10.728870,10.711826,
4.019184,3.964630,3.964630,3.982819,4.019184,3.928246,3.910049,3.964630,4.019184,4.073711,4.073711,4.019184,4.110050,4.073711,4.110050,4.182686,4.291550,4.291550,4.364071,4.599422,4.743999,5.086613,5.481972,6.214916,6.659363,6.499577,6.464035,6.375134,6.268349,6.232731,6.464035,6.481804,6.801193,7.753536,8.296310,7.893879,6.854328,5.911625,5.338371,4.762062,4.382195,4.255280,4.091881,4.001003,4.255280,4.327812,4.472755,4.707874,4.743999,4.707874,4.707874,4.472755,4.200836,4.091881,4.164528,4.291550,4.472755,4.780113,4.725941,4.563248,4.255280,4.128212,4.128212,4.128212,4.327812,4.545155,5.158604,4.671738,4.273415,4.563248,5.014572,4.418427,4.218987,4.291550,4.364071,4.454651,4.490860,4.671738,5.230549,5.356339,5.140610,5.104614,5.284477,5.446091,5.697014,6.143627,6.072296,6.072296,5.911625,5.374290,4.960514,4.870358,5.014572,5.104614,5.194580,5.410194,5.428139,5.661201,5.947346,6.339550,6.801193,7.595413,8.296310,8.870953,8.784096,8.731949,8.697163,8.836220,9.096436,9.304119,9.476868,9.511379,9.425079,9.234943,9.183022,8.888317,8.749332,8.731949,8.679768,8.505650,8.331230,7.928940,7.893879,7.735977,7.700855,7.595413,7.595413,7.560242,7.525059,7.437057,7.331345,7.296085,7.331345,7.278450,7.366592,7.366592,7.401833,7.366592,7.313717,7.296085,7.296085,7.313717,7.313717,7.313717,7.331345,7.207882,7.384212,7.313717,7.366592,7.454662,7.472267,7.525059,7.366592,7.348972,7.489868,7.437057,7.348972,7.190231,7.084278,7.031254,6.960518,6.925133,6.872036,6.925133,6.960518,6.889732,6.942829,6.942829,6.942829,6.818905,6.765751,6.694839,6.694839,6.641617,6.694839,6.641617,6.606125,6.499577,6.392914,6.339550,6.357342,6.464035,6.446259,6.321754,6.303955,6.214916,6.339550,6.339550,6.499577,6.481804,6.570625,6.659363,6.694839,6.818905,6.872036,6.925133,7.013577,7.119606,7.225533,7.437057,7.472267,7.507469,7.542656,7.630577,7.648148,7.788635,7.823730,7.841270,7.911411,7.858810,8.121536,8.156513,8.331230,8.383591,8.470791,8.418476,8.540497,8.523075,8.523075,8.540497,8.331230,8.418476,8.418476,8.401035,8.401035,8.331230,8.331230,8.348686,8.313774,8.313774,8.348686,8.296310,8.261383,8.243912,8.261383,8.243912,8.383591,8.383591,8.313774,8.278851,8.401035,8.470791,8.575333,8.836220,9.009773,9.131081,9.079109,9.027115,8.888317,8.905678,8.905678,8.836220,8.975086,8.905678,8.957737,9.009773,9.027115,9.131081,9.079109,9.183022,9.165710,9.200333,9.165710,9.096436,9.148392,9.338692,9.321407,9.373260,9.407806,9.373260,9.321407,9.442345,9.373260,9.442345,9.494129,9.476868,9.494129,9.459610,9.494129,9.425079,9.459610,9.459610,9.459610,9.459610,9.442345,9.390537,9.373260,9.304119,9.269539,9.234943,9.476868,9.476868,9.425079,9.321407,9.079109,9.113758,9.183022,9.286831,9.338692,9.321407,9.200333,9.234943,9.217640,9.252239,9.355976,9.355976,9.563126,9.459610,9.442345,9.286831,9.079109,9.044441,9.183022,9.200333,9.304119,9.407806,9.563126,9.597610,9.563126,9.563126,9.649315,9.700993,9.907425,9.873051,9.649315,9.528633,9.580376,9.580376,9.718216,9.700993,9.700993,9.718216,9.666546,9.769852,9.821461,9.804260,9.924606,9.907425,9.855862,9.769852,9.442345,9.304119,9.252239,9.286831,9.286831,9.217640,9.234943,9.286831,9.407806,9.373260,9.304119,9.148392,9.113758,9.165710,9.131081,9.269539,9.373260,9.459610,9.511379,9.649315,9.597610,9.494129,9.321407,9.269539,9.234943,9.148392,9.183022,9.234943,9.580376,10.079128,10.113426,9.993317,9.838661,9.838661,9.804260,9.821461,9.821461,9.907425,9.924606,9.958965,9.890244,9.924606,9.941792,9.924606,9.924606,9.976139,9.890244,9.924606,10.010487,10.096279,10.147728,10.164867,10.044807,10.010487,9.907425,9.855862,9.958965,9.890244,9.873051,9.993317,9.958965,9.924606,9.907425,9.873051,9.941792,9.873051,9.941792,10.250530,10.250530,10.113426,9.993317,10.027649,10.010487,9.976139,10.010487,9.993317,10.044807,10.044807,10.044807,9.993317,10.096279,10.113426,10.027649,10.027649,10.061974,9.958965,9.907425,10.079128,10.336117,10.421631,10.404537,10.489990,10.301891,10.421631,10.387436,10.267654,10.233398,10.336117,10.421631,10.387436,10.404537,10.267654,10.250530,10.267654,10.267654,10.319000,10.301891,10.370338,10.404537,10.541225,10.353233,10.421631,10.507072,10.507072,10.524147,10.575371,10.592438,10.575371,10.541225,10.524147,10.558300,10.609497,10.711826,10.779976,10.950157,11.018150,10.984158,10.643623,10.336117,10.250530,10.199139,10.301891,10.284771,10.301891,10.233398,10.027649,10.044807,10.061974,10.113426,10.284771,10.301891,10.267654,10.370338,10.404537,10.404537,10.438725,10.438725,10.370338,10.301891,10.336117,10.387436,10.609497,10.643623,10.507072,10.558300,10.592438,10.779976,10.694775,10.677727,10.421631,10.267654,10.353233,10.455822,10.472908,10.472908,10.558300,10.643623,10.609497,10.728870,10.660679,10.865101,10.984158,10.882126,11.052120,10.984158,11.137009,11.120033,11.153976,11.120033,11.035133,10.984158,11.086086,10.899132,10.728870,10.575371,10.472908,10.438725,10.336117,10.301891,10.421631,10.472908,10.524147,10.455822,10.301891,10.284771,10.199139,10.216270,10.301891,10.370338,10.575371,10.694775,10.933151,11.120033,11.137009,11.204865,10.950157,10.745911,10.575371,10.660679,10.694775,10.626560,10.694775,10.660679,10.609497,10.779976,10.814041,10.797012,10.728870,10.711826,10.677727,10.575371,10.609497,10.711826,10.848083,10.899132,11.001148,11.137009,11.187904,11.255722,11.255722,11.340439,11.306557,11.221825,11.238777,11.238777,11.306557,11.272675,11.306557,11.221825,11.238777,11.137009,11.052120,11.069107,11.086086,11.086086,11.086086,11.069107,11.204865,11.103065,11.018150,11.052120,10.916145,10.814041,11.001148,11.153976,11.170944,11.035133,10.882126,10.626560,10.575371,10.592438,10.541225,10.541225,10.626560,10.507072,10.541225,10.558300,10.677727,10.524147,10.541225,10.660679,10.762939,10.831066,10.916145,11.035133,11.035133,10.967159,11.001148,11.120033,11.204865,11.238777,11.255722,11.255722,11.306557,11.255722,11.391228,11.391228,11.357365,11.475815,11.306557,11.289619,11.357365,11.289619,11.238777,11.272675,11.289619,11.272675,11.204865,11.204865,11.153976,
4.019184,3.982819,4.001003,4.019184,3.982819,3.946442,3.982819,3.964630,3.946442,3.982819,4.055538,4.019184,4.073711,4.037365,4.110050,4.164528,4.182686,4.255280,4.382195,4.418427,4.635590,4.888393,5.158604,5.893753,6.535103,6.641617,6.570625,6.446259,6.392914,6.410706,6.481804,6.552864,6.818905,7.384212,8.243912,8.243912,7.296085,6.339550,5.464031,5.086613,4.581333,4.563248,4.200836,4.200836,4.418427,4.291550,4.563248,4.852314,4.798172,4.798172,4.653660,4.309685,4.110050,4.110050,4.309685,4.418427,4.617508,4.689812,4.671738,4.490860,4.237133,4.055538,4.037365,4.200836,4.436539,4.671738,4.960514,4.617508,4.273415,4.635590,4.870358,4.327812,4.345943,4.309685,4.490860,4.364071,4.454651,4.689812,4.978535,5.176598,5.230549,5.140610,5.320412,5.302444,5.464031,5.983063,6.072296,6.018761,5.840134,5.446091,5.014572,4.852314,5.050598,5.086613,5.248528,5.248528,5.446091,5.589546,5.840134,6.179276,6.570625,7.190231,8.086544,8.888317,8.766716,8.644970,8.731949,8.575333,8.818848,8.957737,9.131081,9.597610,9.838661,9.976139,9.821461,9.580376,9.425079,9.217640,8.940388,8.592743,8.401035,8.208961,7.928940,7.823730,7.665718,7.542656,7.525059,7.401833,7.401833,7.313717,7.225533,7.225533,7.207882,7.172585,7.243172,7.331345,7.313717,7.207882,7.119606,7.154926,7.243172,7.084278,7.172585,7.101940,7.137272,7.084278,7.137272,7.190231,7.207882,7.243172,7.260815,7.172585,7.190231,7.260815,7.243172,7.207882,7.190231,7.154926,7.154926,7.066605,6.942829,6.942829,6.925133,6.942829,6.925133,6.978207,7.013577,6.925133,7.031254,6.907440,6.783474,6.677101,6.588379,6.481804,6.588379,6.606125,6.464035,6.410706,6.357342,6.268349,6.321754,6.410706,6.375134,6.357342,6.339550,6.464035,6.410706,6.499577,6.588379,6.730297,6.748028,6.818905,6.889732,6.854328,6.942829,7.013577,7.013577,7.048931,7.101940,7.348972,7.507469,7.507469,7.454662,7.577831,7.612995,7.683289,7.665718,7.735977,7.858810,7.946465,7.981499,8.051544,8.104042,8.139027,8.139027,8.243912,8.348686,8.435913,8.401035,8.348686,8.470791,8.453358,8.505650,8.453358,8.453358,8.505650,8.575333,8.575333,8.610161,8.540497,8.505650,8.557915,8.662369,8.627563,8.592743,8.505650,8.418476,8.383591,8.401035,8.366138,8.366138,8.470791,8.540497,8.714558,9.044441,9.044441,8.957737,8.818848,8.836220,8.766716,8.766716,8.888317,8.870953,8.870953,9.009773,8.923035,9.113758,9.027115,8.992432,8.923035,8.975086,9.061775,8.975086,8.905678,8.888317,8.975086,9.044441,9.079109,9.217640,9.079109,9.148392,9.304119,9.269539,9.269539,9.217640,9.286831,9.442345,9.476868,9.338692,9.304119,9.304119,9.286831,9.252239,9.304119,9.286831,9.286831,9.304119,9.286831,9.321407,9.442345,9.407806,9.563126,9.511379,9.373260,9.338692,9.200333,9.183022,9.269539,9.286831,9.234943,9.269539,9.183022,9.234943,9.286831,9.373260,9.459610,9.425079,9.511379,9.425079,9.390537,9.269539,9.165710,9.165710,9.165710,9.269539,9.252239,9.511379,9.597610,9.528633,9.494129,9.407806,9.649315,9.924606,9.890244,9.528633,9.390537,9.286831,9.234943,9.200333,9.286831,9.494129,9.476868,9.459610,9.425079,9.442345,9.442345,9.459610,9.494129,9.597610,9.597610,9.494129,9.476868,9.528633,9.476868,9.632080,9.683773,9.545887,9.649315,9.769852,9.735428,9.683773,9.632080,9.545887,9.718216,9.563126,9.597610,9.476868,9.614849,9.580376,9.718216,9.614849,9.563126,9.494129,9.494129,9.425079,9.304119,9.304119,9.425079,9.683773,10.061974,10.147728,9.890244,9.683773,9.528633,9.563126,9.563126,9.545887,9.563126,9.528633,9.511379,9.511379,9.476868,9.494129,9.459610,9.545887,9.614849,9.580376,9.580376,9.649315,9.649315,9.563126,9.700993,9.700993,9.804260,9.804260,9.821461,9.700993,9.787056,9.873051,10.130581,10.199139,10.182007,10.096279,9.993317,9.941792,10.061974,10.061974,10.164867,10.233398,10.216270,10.284771,10.216270,10.284771,10.130581,10.096279,10.096279,10.113426,10.061974,10.096279,10.061974,10.147728,10.061974,9.890244,9.924606,9.941792,9.838661,9.855862,9.873051,10.079128,10.216270,10.061974,10.079128,10.010487,10.079128,10.130581,10.027649,10.216270,10.404537,10.387436,10.472908,10.284771,10.147728,10.199139,10.079128,10.164867,10.216270,10.284771,10.284771,10.267654,10.319000,10.438725,10.336117,10.592438,10.728870,10.899132,10.916145,10.848083,10.728870,10.643623,10.694775,10.728870,10.848083,10.933151,10.933151,11.018150,11.086086,11.035133,11.052120,10.882126,10.848083,10.677727,10.558300,10.472908,10.472908,10.507072,10.489990,10.558300,10.592438,10.489990,10.524147,10.541225,10.541225,10.507072,10.472908,10.472908,10.524147,10.438725,10.370338,10.370338,10.319000,10.250530,10.284771,10.370338,10.301891,10.336117,10.626560,10.762939,10.779976,10.558300,10.010487,9.787056,9.787056,9.958965,10.027649,10.079128,10.079128,10.061974,10.061974,10.147728,10.250530,10.301891,10.284771,10.404537,10.489990,10.558300,10.541225,10.660679,10.728870,10.711826,10.728870,10.916145,10.899132,10.779976,10.848083,10.899132,10.762939,10.643623,10.933151,10.916145,11.018150,11.018150,10.933151,10.797012,10.711826,10.831066,10.626560,10.677727,10.643623,10.831066,10.865101,10.933151,11.052120,11.238777,11.221825,11.170944,10.916145,10.762939,10.694775,10.728870,10.711826,10.677727,10.626560,10.694775,10.694775,10.575371,10.643623,10.575371,10.609497,10.592438,10.575371,10.524147,10.626560,10.660679,10.677727,10.728870,10.899132,10.882126,11.069107,11.035133,11.221825,11.340439,11.170944,11.170944,11.052120,11.103065,11.204865,11.323498,11.357365,11.272675,11.170944,11.069107,11.018150,11.221825,11.221825,11.187904,11.018150,11.204865,11.255722,11.255722,11.120033,11.272675,11.170944,11.204865,11.170944,11.137009,11.103065,11.069107,10.933151,10.865101,10.745911,10.831066,10.814041,10.814041,10.728870,10.711826,10.694775,10.779976,10.814041,10.762939,10.762939,10.916145,10.916145,10.899132,10.916145,10.967159,10.967159,10.916145,10.882126,10.899132,10.916145,10.831066,10.984158,10.865101,10.899132,10.916145,10.899132,11.238777,11.204865,11.153976,11.153976,11.120033,11.052120,11.086086,11.018150,11.069107,10.848083,10.899132,10.950157,10.933151,10.967159,
3.964630,3.982819,3.891846,4.055538,3.946442,4.019184,4.019184,3.982819,4.019184,3.982819,4.091881,4.001003,4.001003,4.073711,4.055538,4.164528,4.182686,4.255280,4.364071,4.490860,4.653660,4.834267,5.104614,5.517838,6.286148,6.712570,6.659363,6.517342,6.410706,6.392914,6.410706,6.499577,6.588379,7.013577,7.858810,8.243912,7.858810,6.801193,5.911625,5.140610,4.635590,4.635590,4.327812,4.472755,4.436539,4.472755,4.671738,4.852314,4.870358,4.852314,4.418427,4.146374,4.073711,4.091881,4.255280,4.273415,4.653660,4.617508,4.490860,4.255280,4.218987,4.001003,4.001003,4.200836,4.454651,4.653660,4.725941,4.400314,4.327812,4.798172,4.834267,4.237133,4.309685,4.327812,4.400314,4.454651,4.382195,4.689812,4.960514,4.978535,5.122616,5.194580,5.194580,5.356339,5.374290,5.679108,5.983063,6.000916,5.840134,5.625381,5.194580,4.924461,4.924461,5.032589,5.158604,5.158604,5.428139,5.589546,5.768597,6.036610,6.428486,6.942829,7.718422,8.801476,8.888317,8.592743,8.644970,8.644970,8.679768,8.801476,10.113426,11.964966,12.568703,12.785763,12.769081,12.551975,12.284077,11.661655,11.086086,10.524147,10.147728,9.700993,9.304119,9.044441,9.061775,8.662369,8.331230,8.069046,7.841270,7.525059,7.384212,7.296085,7.190231,7.101940,7.048931,7.119606,7.260815,7.137272,6.925133,6.765751,6.889732,6.872036,6.872036,6.872036,6.801193,6.801193,6.801193,6.712570,6.765751,6.818905,6.872036,6.765751,6.801193,6.801193,6.872036,6.872036,6.854328,6.872036,6.995895,6.836617,6.960518,6.854328,6.942829,6.925133,6.925133,6.960518,6.925133,6.978207,6.907440,6.942829,6.818905,6.818905,6.712570,6.712570,6.606125,6.588379,6.499577,6.446259,6.286148,6.197094,6.268349,6.321754,6.535103,6.694839,6.730297,6.694839,6.818905,6.942829,6.978207,7.013577,7.119606,7.119606,7.207882,7.207882,7.313717,7.225533,7.348972,7.366592,7.401833,7.560242,7.735977,7.788635,7.753536,7.771088,7.700855,7.771088,7.771088,7.806187,7.928940,7.841270,7.928940,7.928940,8.034035,8.086544,8.104042,8.016525,8.156513,8.226437,8.226437,8.086544,8.226437,8.313774,8.296310,8.348686,8.331230,8.470791,8.488220,8.505650,8.488220,8.662369,8.714558,8.836220,8.784096,8.801476,8.644970,8.662369,8.766716,8.714558,8.766716,8.644970,8.662369,8.731949,8.766716,8.836220,8.957737,8.940388,8.957737,8.784096,8.766716,8.888317,8.923035,8.836220,9.009773,8.992432,8.975086,9.079109,9.113758,9.079109,8.923035,8.957737,8.923035,8.888317,8.836220,8.940388,8.888317,8.905678,8.940388,9.009773,9.044441,9.044441,9.148392,9.009773,9.009773,9.009773,9.061775,9.286831,9.459610,9.286831,9.217640,9.079109,8.975086,9.044441,9.009773,9.113758,9.044441,8.905678,8.975086,8.870953,8.975086,9.165710,9.234943,9.217640,9.286831,9.321407,9.321407,9.217640,9.217640,9.200333,9.252239,9.338692,9.304119,9.252239,9.373260,9.355976,9.459610,9.563126,9.614849,9.563126,9.476868,9.442345,9.355976,9.373260,9.407806,9.286831,9.494129,9.494129,9.528633,9.528633,9.614849,9.580376,9.632080,9.735428,9.941792,9.941792,9.787056,9.683773,9.614849,9.476868,9.407806,9.545887,9.511379,9.494129,9.425079,9.459610,9.442345,9.390537,9.355976,9.338692,9.373260,9.286831,9.373260,9.355976,9.304119,9.407806,9.580376,9.580376,9.563126,9.666546,9.752644,9.769852,9.769852,9.700993,9.735428,9.993317,10.027649,10.079128,9.735428,9.649315,9.666546,9.735428,9.632080,9.649315,9.683773,9.787056,9.614849,9.769852,9.821461,9.821461,9.976139,9.976139,9.941792,9.718216,9.683773,9.666546,9.597610,9.597610,9.666546,9.683773,9.597610,9.752644,9.597610,9.545887,9.476868,9.442345,9.459610,9.511379,9.597610,9.597610,9.476868,9.476868,9.459610,9.425079,9.476868,9.494129,9.425079,9.545887,9.545887,9.632080,9.752644,10.044807,10.267654,10.216270,10.096279,10.061974,10.027649,9.993317,10.147728,10.216270,10.267654,10.301891,10.267654,10.250530,10.164867,10.216270,10.147728,10.199139,10.216270,10.199139,10.147728,10.164867,10.147728,10.199139,10.250530,10.182007,10.130581,10.010487,10.182007,10.182007,10.147728,10.079128,10.267654,10.079128,10.130581,10.182007,10.199139,10.404537,10.370338,10.336117,10.472908,10.507072,10.319000,10.061974,10.182007,10.147728,10.113426,10.164867,10.096279,10.147728,10.233398,10.250530,10.233398,10.267654,10.507072,10.711826,10.865101,10.848083,10.677727,10.472908,10.507072,10.558300,10.592438,10.455822,10.472908,10.541225,10.489990,10.524147,10.592438,10.677727,10.711826,10.609497,10.711826,10.677727,10.831066,10.916145,10.848083,10.797012,10.797012,10.814041,10.728870,10.848083,10.933151,10.933151,11.035133,10.984158,10.916145,10.916145,10.984158,10.950157,10.728870,10.575371,10.541225,10.524147,10.455822,10.609497,10.541225,10.711826,10.814041,10.745911,10.541225,10.301891,10.182007,10.130581,10.353233,10.233398,10.267654,10.164867,10.113426,10.010487,9.993317,9.976139,9.941792,9.890244,9.890244,10.044807,10.027649,10.096279,10.113426,10.113426,10.079128,10.044807,10.096279,10.164867,10.216270,10.233398,10.387436,10.421631,10.541225,10.507072,10.848083,11.035133,10.967159,10.814041,10.797012,10.848083,10.797012,10.899132,10.814041,10.916145,10.950157,11.035133,11.137009,11.052120,11.170944,11.103065,11.103065,10.984158,10.882126,10.745911,10.848083,10.831066,10.779976,10.779976,10.899132,10.814041,10.882126,10.848083,10.984158,10.814041,10.728870,10.814041,10.848083,10.831066,11.001148,10.967159,11.052120,11.103065,11.103065,11.187904,11.137009,11.221825,11.204865,11.120033,11.035133,10.916145,11.018150,11.221825,11.221825,11.052120,10.916145,10.745911,10.489990,10.455822,10.284771,10.301891,10.507072,10.558300,10.558300,10.609497,10.575371,10.438725,10.626560,10.609497,10.643623,10.609497,10.677727,10.933151,10.728870,10.762939,10.711826,10.848083,10.848083,10.831066,10.916145,10.950157,10.916145,11.069107,11.103065,11.120033,11.255722,11.272675,11.170944,11.272675,11.204865,11.204865,11.120033,11.086086,11.120033,11.153976,11.153976,11.052120,11.052120,11.018150,10.933151,10.950157,10.933151,11.052120,11.221825,11.187904,11.103065,11.035133,10.967159,10.899132,10.848083,10.899132,10.831066,10.797012,10.814041,10.848083,10.797012,10.779976,
4.055538,3.928246,3.982819,4.073711,3.910049,3.928246,4.055538,4.001003,4.055538,4.037365,4.037365,3.946442,4.001003,4.073711,3.982819,4.110050,4.019184,4.164528,4.345943,4.418427,4.508957,4.707874,4.978535,5.248528,5.983063,6.694839,6.730297,6.588379,6.517342,6.517342,6.464035,6.375134,6.357342,6.783474,7.366592,8.226437,8.156513,7.172585,5.983063,5.266499,4.906425,4.689812,4.689812,4.762062,4.527058,4.671738,4.707874,4.798172,4.942490,4.834267,4.472755,4.055538,4.091881,4.237133,4.218987,4.237133,4.454651,4.490860,4.291550,4.146374,4.019184,4.019184,4.037365,4.291550,4.581333,4.581333,4.436539,4.418427,4.309685,4.581333,4.418427,4.237133,4.218987,4.237133,4.454651,4.454651,4.418427,4.762062,4.906425,4.996559,5.068611,5.068611,5.104614,5.284477,5.284477,5.446091,5.750706,5.822250,5.858009,5.697014,5.410194,4.960514,4.870358,4.978535,5.068611,5.194580,5.302444,5.625381,5.732807,6.036610,6.392914,6.765751,7.401833,8.453358,8.766716,8.679768,8.575333,8.662369,8.697163,9.079109,11.627888,14.274704,15.058941,15.253925,15.172733,15.042671,14.684017,14.044678,13.500156,13.035591,12.384636,11.981785,11.526535,11.238777,10.745911,10.301891,9.890244,9.580376,9.131081,8.888317,8.662369,8.383591,8.174004,7.999016,7.876347,7.928940,7.928940,7.753536,7.489868,7.278450,7.190231,7.101940,7.031254,6.995895,6.960518,6.942829,6.818905,6.854328,6.801193,6.801193,6.712570,6.641617,6.694839,6.659363,6.694839,6.641617,6.677101,6.570625,6.641617,6.641617,6.481804,6.570625,6.570625,6.535103,6.535103,6.694839,6.765751,6.641617,6.641617,6.606125,6.606125,6.659363,6.677101,6.588379,6.446259,6.481804,6.375134,6.286148,6.197094,6.161457,6.090134,6.481804,6.889732,6.872036,7.066605,7.190231,7.225533,7.225533,7.260815,7.313717,7.437057,7.260815,7.472267,7.472267,7.648148,7.665718,7.771088,7.788635,7.823730,7.911411,8.016525,8.104042,8.208961,8.139027,8.208961,8.174004,8.278851,8.331230,8.401035,8.313774,8.348686,8.261383,8.296310,8.348686,8.278851,8.191483,8.261383,8.296310,8.278851,8.261383,8.331230,8.366138,8.401035,8.296310,8.331230,8.383591,8.435913,8.488220,8.575333,8.383591,8.766716,8.714558,8.627563,8.610161,8.644970,8.592743,8.627563,8.575333,8.644970,8.662369,8.731949,8.697163,8.679768,8.714558,8.644970,8.662369,8.784096,8.749332,8.766716,8.818848,8.836220,8.818848,8.836220,8.905678,8.818848,8.905678,8.957737,8.940388,8.957737,8.975086,8.905678,8.940388,8.888317,8.905678,8.940388,8.975086,8.975086,9.009773,9.044441,9.079109,9.079109,9.079109,9.027115,9.061775,9.009773,9.183022,9.217640,9.217640,9.183022,9.113758,9.079109,9.027115,9.113758,9.165710,8.957737,8.940388,8.853588,8.766716,8.836220,9.027115,9.131081,9.096436,9.113758,9.113758,9.131081,9.009773,8.940388,8.940388,9.131081,9.165710,9.217640,9.234943,9.148392,9.200333,9.252239,9.425079,9.563126,9.597610,9.390537,9.269539,9.338692,9.286831,9.355976,9.355976,9.373260,9.425079,9.511379,9.476868,9.563126,9.494129,9.666546,9.821461,9.821461,9.838661,9.718216,9.735428,9.666546,9.545887,9.666546,9.649315,9.735428,9.769852,9.683773,9.580376,9.735428,9.787056,9.769852,9.752644,9.425079,9.442345,9.459610,9.511379,9.494129,9.563126,9.511379,9.614849,9.649315,9.632080,9.735428,9.769852,9.735428,9.769852,9.821461,10.113426,10.147728,10.147728,9.597610,9.390537,9.373260,9.425079,9.390537,9.304119,9.511379,9.511379,9.476868,9.373260,9.321407,9.407806,9.338692,9.373260,9.476868,9.494129,9.528633,9.545887,9.580376,9.666546,9.597610,9.632080,9.683773,9.683773,9.683773,9.597610,9.718216,9.769852,9.787056,9.941792,10.027649,9.907425,9.718216,9.718216,9.649315,9.700993,9.580376,9.580376,9.666546,9.735428,9.683773,9.804260,9.855862,10.010487,10.267654,10.096279,9.958965,10.079128,9.958965,10.027649,9.976139,10.027649,10.130581,10.182007,10.113426,10.010487,10.044807,10.010487,10.130581,10.096279,10.113426,10.061974,10.096279,10.096279,10.182007,10.130581,10.079128,10.199139,10.182007,10.182007,10.164867,10.267654,10.199139,10.353233,10.336117,10.455822,10.438725,10.319000,10.353233,10.387436,10.387436,10.284771,10.421631,10.370338,10.421631,10.301891,10.387436,10.319000,10.301891,10.284771,10.421631,10.472908,10.421631,10.233398,10.489990,10.421631,10.541225,10.660679,10.745911,10.694775,10.541225,10.472908,10.404537,10.387436,10.489990,10.387436,10.319000,10.336117,10.370338,10.370338,10.438725,10.370338,10.455822,10.370338,10.455822,10.353233,10.421631,10.370338,10.404537,10.592438,10.541225,10.507072,10.507072,10.472908,10.558300,10.575371,10.558300,10.524147,10.694775,10.814041,10.797012,10.762939,10.779976,10.558300,10.455822,10.336117,10.370338,10.438725,10.404537,10.455822,10.609497,10.575371,10.524147,10.558300,10.472908,10.592438,10.609497,10.711826,10.899132,10.865101,10.814041,10.762939,10.694775,10.609497,10.541225,10.404537,10.404537,10.609497,10.558300,10.541225,10.524147,10.370338,10.336117,10.301891,10.301891,10.267654,10.216270,10.267654,10.199139,10.130581,10.233398,10.438725,10.882126,10.933151,10.831066,10.677727,10.609497,10.677727,10.711826,10.660679,10.677727,10.728870,10.865101,10.814041,10.848083,10.711826,10.745911,10.728870,10.609497,10.524147,10.507072,10.609497,10.404537,10.524147,10.472908,10.524147,10.609497,10.541225,10.575371,10.609497,10.711826,10.745911,10.865101,10.967159,11.069107,11.255722,11.306557,11.255722,11.238777,11.170944,11.120033,11.187904,11.086086,11.137009,11.153976,11.086086,10.899132,10.933151,11.035133,11.069107,11.120033,10.950157,10.779976,10.728870,10.626560,10.336117,10.301891,10.336117,10.233398,10.233398,10.164867,10.164867,10.113426,10.164867,10.130581,10.096279,10.147728,10.164867,10.113426,10.061974,10.130581,10.164867,10.113426,10.199139,10.301891,10.353233,10.438725,10.592438,10.575371,10.728870,10.882126,11.120033,11.272675,11.221825,11.255722,11.069107,11.086086,11.052120,11.103065,11.103065,11.086086,11.170944,11.035133,11.052120,11.052120,11.103065,11.018150,11.018150,11.187904,11.153976,11.137009,11.153976,11.137009,11.120033,11.086086,11.120033,11.086086,11.052120,10.933151,10.933151,10.831066,10.831066,10.797012,10.694775,
3.964630,3.982819,4.073711,4.019184,4.073711,3.946442,4.073711,4.037365,4.019184,4.019184,4.091881,3.982819,4.037365,4.055538,4.037365,4.218987,4.273415,4.164528,4.273415,4.418427,4.490860,4.689812,4.780113,5.014572,5.607468,6.286148,6.694839,6.606125,6.535103,6.517342,6.428486,6.481804,6.517342,6.552864,7.048931,7.806187,8.243912,7.665718,6.606125,5.804367,5.356339,5.050598,4.978535,4.798172,4.490860,4.671738,4.653660,4.780113,4.978535,4.635590,4.146374,4.037365,3.982819,4.128212,4.218987,4.164528,4.218987,4.309685,4.128212,4.091881,4.091881,3.982819,4.237133,4.400314,4.527058,4.545155,4.418427,4.436539,4.364071,4.309685,4.291550,4.146374,4.273415,4.364071,4.527058,4.508957,4.527058,4.852314,4.924461,4.996559,4.960514,4.996559,5.122616,5.212570,5.194580,5.374290,5.786484,5.911625,5.858009,5.661201,5.212570,4.888393,4.960514,4.978535,5.140610,5.122616,5.302444,5.428139,5.679108,5.786484,6.107971,6.623875,7.225533,7.911411,8.784096,8.697163,8.540497,8.470791,8.557915,9.200333,11.998611,14.389496,15.286385,15.237690,15.140236,14.993847,14.667679,14.192616,13.764572,13.284760,12.668941,12.233765,12.065849,11.712273,11.187904,10.575371,10.182007,9.821461,9.683773,9.407806,9.269539,8.992432,8.870953,8.853588,8.766716,8.644970,8.679768,8.523075,8.313774,8.313774,8.191483,8.069046,8.034035,8.016525,7.858810,7.841270,7.665718,7.542656,7.542656,7.595413,7.454662,7.313717,7.225533,7.101940,6.978207,6.960518,6.889732,6.783474,6.783474,6.694839,6.588379,6.464035,6.499577,6.481804,6.552864,6.623875,6.783474,6.677101,6.588379,6.499577,6.481804,6.499577,6.499577,6.481804,6.357342,6.375134,6.321754,6.197094,6.107971,6.054455,6.179276,6.641617,7.207882,7.577831,7.577831,7.612995,7.771088,7.841270,7.806187,7.841270,7.718422,7.735977,7.788635,7.963982,8.016525,8.051544,8.121536,8.174004,8.261383,8.226437,8.435913,8.418476,8.575333,8.627563,8.679768,8.697163,8.749332,8.853588,8.818848,8.749332,8.714558,8.731949,8.714558,8.888317,8.923035,8.836220,8.836220,8.784096,8.853588,8.766716,8.766716,8.714558,8.749332,8.627563,8.714558,8.731949,8.714558,8.818848,8.644970,8.575333,8.836220,8.836220,8.731949,8.627563,8.557915,8.627563,8.644970,8.679768,8.697163,8.679768,8.644970,8.679768,8.592743,8.592743,8.644970,8.731949,8.749332,8.784096,8.731949,8.714558,8.610161,8.697163,8.662369,8.557915,8.644970,8.610161,8.644970,8.731949,8.644970,8.679768,8.801476,8.975086,8.957737,8.801476,8.818848,8.888317,8.853588,8.870953,8.957737,8.905678,9.009773,8.992432,9.079109,9.027115,9.044441,9.165710,9.269539,9.234943,9.252239,9.200333,9.183022,9.269539,9.234943,9.252239,9.183022,9.217640,9.044441,9.165710,9.183022,9.286831,9.252239,9.252239,9.183022,9.183022,9.061775,9.079109,9.044441,9.027115,9.165710,9.165710,9.200333,9.252239,9.217640,9.286831,9.338692,9.373260,9.666546,9.614849,9.338692,9.252239,9.165710,9.234943,9.321407,9.234943,9.200333,9.304119,9.373260,9.425079,9.425079,9.442345,9.494129,9.580376,9.459610,9.442345,9.494129,9.528633,9.580376,9.614849,9.545887,9.580376,9.787056,9.787056,9.873051,9.873051,9.838661,10.044807,10.113426,10.027649,9.838661,9.752644,9.838661,9.787056,9.907425,9.958965,9.907425,9.976139,9.993317,9.993317,10.130581,10.079128,9.941792,10.044807,10.044807,10.319000,10.284771,10.199139,9.787056,9.649315,9.614849,9.580376,9.425079,9.442345,9.373260,9.321407,9.200333,9.234943,9.338692,9.355976,9.304119,9.304119,9.355976,9.476868,9.442345,9.425079,9.407806,9.407806,9.390537,9.476868,9.511379,9.476868,9.545887,9.563126,9.528633,9.614849,9.718216,10.079128,10.233398,10.216270,9.993317,9.787056,9.614849,9.700993,9.597610,9.649315,9.666546,9.545887,9.700993,9.666546,9.649315,9.580376,9.718216,9.890244,9.924606,10.044807,10.096279,10.182007,10.079128,10.079128,9.976139,10.096279,10.027649,10.010487,10.079128,10.061974,10.096279,10.164867,10.199139,10.284771,10.319000,10.301891,10.284771,10.233398,10.130581,10.250530,10.182007,10.164867,10.199139,10.199139,10.147728,10.216270,10.284771,10.404537,10.319000,10.250530,10.336117,10.233398,10.199139,10.113426,10.199139,10.164867,10.233398,10.233398,10.233398,10.267654,10.284771,10.370338,10.387436,10.558300,10.592438,10.404537,10.558300,10.404537,10.472908,10.609497,10.643623,10.575371,10.626560,10.472908,10.592438,10.745911,10.814041,10.779976,10.865101,10.865101,10.711826,10.711826,10.592438,10.626560,10.558300,10.387436,10.524147,10.609497,10.575371,10.677727,10.643623,10.558300,10.558300,10.592438,10.472908,10.524147,10.592438,10.524147,10.524147,10.404537,10.455822,10.592438,10.814041,10.882126,10.779976,10.592438,10.370338,10.216270,10.301891,10.250530,10.216270,10.216270,10.353233,10.387436,10.370338,10.353233,10.284771,10.301891,10.507072,10.711826,10.848083,10.831066,10.797012,10.745911,10.779976,10.797012,10.865101,10.797012,10.916145,11.035133,11.035133,11.035133,11.103065,11.018150,11.120033,11.069107,10.933151,10.899132,10.933151,10.797012,10.472908,10.541225,10.609497,10.882126,10.899132,10.950157,10.848083,10.779976,10.694775,10.677727,10.575371,10.694775,10.797012,10.848083,10.745911,10.728870,10.711826,10.677727,10.609497,10.575371,10.455822,10.199139,10.250530,10.216270,10.250530,10.216270,10.164867,10.233398,10.233398,10.301891,10.319000,10.250530,10.233398,10.233398,10.438725,10.899132,11.238777,11.289619,11.255722,11.153976,11.086086,11.069107,10.933151,10.984158,10.950157,10.814041,10.916145,10.848083,10.779976,10.762939,10.865101,10.899132,10.865101,10.762939,10.711826,10.711826,10.694775,10.575371,10.660679,10.626560,10.660679,10.472908,10.507072,10.472908,10.370338,10.353233,10.284771,10.336117,10.404537,10.336117,10.301891,10.233398,10.130581,10.147728,10.130581,10.284771,10.301891,10.301891,10.301891,10.284771,10.336117,10.421631,10.660679,11.137009,11.153976,11.120033,11.052120,10.916145,10.916145,10.814041,10.916145,10.984158,10.967159,10.984158,10.967159,11.086086,11.052120,11.001148,10.950157,10.865101,10.899132,10.848083,10.882126,10.865101,10.831066,10.899132,10.950157,10.916145,10.865101,10.814041,10.711826,10.660679,10.745911,10.728870,10.762939,10.882126,
3.982819,3.964630,3.964630,3.910049,4.037365,3.891846,3.946442,4.073711,4.055538,4.037365,4.019184,3.964630,4.001003,4.073711,4.073711,4.073711,4.091881,4.164528,4.273415,4.291550,4.436539,4.454651,4.689812,4.942490,5.338371,5.929482,6.641617,6.659363,6.570625,6.481804,6.446259,6.446259,6.464035,6.570625,6.854328,7.384212,8.243912,8.156513,7.225533,6.375134,5.875885,5.428139,5.104614,4.960514,4.508957,4.635590,4.581333,4.924461,4.725941,4.309685,4.073711,3.964630,4.055538,4.110050,4.164528,4.182686,4.128212,4.091881,4.001003,4.001003,4.001003,4.001003,4.400314,4.653660,4.508957,4.400314,4.418427,4.364071,4.309685,4.273415,4.110050,4.091881,4.200836,4.273415,4.508957,4.490860,4.617508,4.852314,5.068611,5.248528,4.942490,4.942490,5.050598,5.014572,5.032589,5.248528,5.750706,5.893753,5.911625,5.535770,5.104614,4.960514,4.942490,4.978535,5.068611,5.176598,5.248528,5.338371,5.643291,5.768597,5.983063,6.268349,6.925133,7.489868,8.401035,8.749332,8.644970,8.523075,8.662369,9.113758,11.408150,13.566330,14.307518,14.618649,14.455032,14.389496,14.028225,13.682022,13.351086,13.102104,12.418129,11.880806,11.678528,11.374298,10.745911,10.284771,9.924606,9.666546,9.528633,9.338692,9.234943,8.923035,8.975086,8.940388,8.801476,8.836220,8.662369,8.540497,8.592743,8.557915,8.540497,8.453358,8.401035,8.348686,8.366138,8.331230,8.226437,8.208961,8.278851,8.331230,8.261383,8.174004,8.121536,7.999016,8.016525,7.928940,7.911411,7.893879,7.735977,7.665718,7.401833,7.278450,7.331345,7.313717,7.137272,7.137272,7.437057,7.154926,7.013577,6.748028,6.712570,6.712570,6.694839,6.552864,6.428486,6.392914,6.446259,6.286148,6.375134,6.250534,6.410706,7.296085,7.946465,8.104042,8.208961,8.156513,8.296310,8.366138,8.383591,8.366138,8.278851,8.505650,8.470791,8.523075,8.557915,8.592743,8.697163,8.784096,8.870953,8.957737,8.940388,8.957737,9.079109,9.148392,9.165710,9.217640,9.338692,9.407806,9.407806,9.269539,9.113758,9.165710,9.217640,9.407806,9.338692,9.407806,9.355976,9.321407,9.286831,9.286831,9.234943,9.148392,9.148392,9.148392,9.113758,9.096436,9.183022,9.252239,9.165710,9.131081,9.131081,9.148392,9.096436,9.044441,9.131081,9.079109,8.940388,9.061775,9.217640,9.009773,9.061775,8.975086,9.009773,9.009773,9.009773,8.923035,8.975086,8.853588,8.836220,8.836220,8.766716,8.784096,8.766716,8.697163,8.662369,8.714558,8.697163,8.575333,8.592743,8.714558,8.784096,9.009773,8.940388,8.662369,8.662369,8.627563,8.523075,8.540497,8.557915,8.592743,8.610161,8.627563,8.697163,8.679768,8.766716,8.784096,8.923035,9.044441,9.148392,9.148392,9.061775,9.061775,9.027115,9.217640,9.252239,9.217640,9.165710,9.148392,9.183022,9.286831,9.338692,9.355976,9.425079,9.390537,9.286831,9.148392,9.044441,9.096436,9.131081,9.269539,9.338692,9.407806,9.407806,9.442345,9.494129,9.580376,9.649315,9.700993,9.649315,9.545887,9.511379,9.425079,9.425079,9.425079,9.407806,9.407806,9.459610,9.425079,9.459610,9.545887,9.666546,9.700993,9.563126,9.459610,9.476868,9.338692,9.304119,9.286831,9.373260,9.407806,9.511379,9.511379,9.563126,9.632080,9.649315,9.855862,10.010487,9.907425,9.545887,9.511379,9.494129,9.528633,9.649315,9.700993,9.855862,9.718216,9.718216,9.855862,9.838661,9.890244,9.993317,9.976139,10.113426,10.199139,10.319000,10.079128,9.907425,9.873051,9.924606,9.855862,9.666546,9.563126,9.683773,9.563126,9.563126,9.597610,9.511379,9.597610,9.563126,9.459610,9.425079,9.459610,9.442345,9.442345,9.425079,9.476868,9.476868,9.442345,9.442345,9.459610,9.494129,9.407806,9.442345,9.459610,9.769852,10.216270,10.250530,10.130581,9.993317,9.890244,9.700993,9.614849,9.666546,9.580376,9.649315,9.683773,9.511379,9.563126,9.476868,9.511379,9.494129,9.476868,9.614849,9.683773,9.718216,9.683773,9.580376,9.580376,9.528633,9.563126,9.683773,9.683773,9.666546,9.597610,9.683773,9.787056,10.044807,10.455822,10.575371,10.524147,10.438725,10.438725,10.507072,10.507072,10.438725,10.507072,10.438725,10.489990,10.319000,10.404537,10.489990,10.558300,10.541225,10.558300,10.455822,10.455822,10.404537,10.404537,10.438725,10.438725,10.387436,10.336117,10.421631,10.370338,10.455822,10.541225,10.558300,10.711826,10.660679,10.745911,10.711826,10.421631,10.507072,10.524147,10.472908,10.626560,10.643623,10.694775,10.660679,10.609497,10.711826,10.865101,11.153976,11.238777,11.086086,10.933151,10.882126,10.916145,10.950157,10.848083,10.916145,10.967159,10.933151,10.899132,10.984158,11.035133,10.865101,10.899132,10.762939,10.609497,10.609497,10.711826,10.677727,10.507072,10.677727,10.814041,10.882126,11.001148,10.865101,10.677727,10.507072,10.370338,10.404537,10.507072,10.472908,10.438725,10.301891,10.421631,10.370338,10.284771,10.336117,10.438725,10.609497,10.865101,10.643623,10.558300,10.489990,10.541225,10.541225,10.524147,10.643623,10.762939,10.694775,10.933151,10.882126,10.882126,10.865101,10.660679,10.711826,10.814041,10.831066,10.711826,10.745911,10.626560,10.609497,10.660679,10.694775,10.694775,10.728870,10.643623,10.677727,10.694775,10.762939,10.797012,10.882126,10.831066,10.814041,10.865101,10.779976,10.762939,10.831066,10.728870,10.745911,10.694775,10.609497,10.609497,10.609497,10.762939,10.643623,10.592438,10.677727,10.575371,10.541225,10.609497,10.541225,10.489990,10.438725,10.421631,10.677727,11.103065,11.306557,11.170944,11.035133,10.848083,10.950157,10.831066,10.762939,10.609497,10.472908,10.472908,10.507072,10.353233,10.524147,10.438725,10.404537,10.421631,10.370338,10.387436,10.370338,10.609497,10.592438,10.643623,10.660679,10.592438,10.370338,10.404537,10.336117,10.319000,10.421631,10.404537,10.592438,10.541225,10.745911,10.779976,10.728870,10.694775,10.609497,10.797012,10.745911,10.745911,10.779976,10.848083,10.797012,10.489990,10.797012,10.882126,10.984158,11.204865,11.238777,11.035133,10.950157,10.848083,10.950157,11.103065,10.899132,10.882126,11.001148,10.848083,11.035133,10.950157,10.916145,10.848083,10.865101,10.882126,10.899132,10.728870,10.728870,10.660679,10.626560,10.626560,10.660679,10.558300,10.592438,10.489990,10.524147,10.472908,10.472908,10.489990,10.643623,10.677727,
3.982819,3.982819,3.946442,4.037365,3.964630,3.891846,4.019184,4.055538,4.001003,4.019184,4.055538,4.055538,3.982819,4.037365,4.073711,4.182686,4.128212,4.110050,4.273415,4.364071,4.291550,4.382195,4.617508,4.834267,5.158604,5.535770,6.179276,6.677101,6.677101,6.446259,6.410706,6.464035,6.375134,6.446259,6.552864,6.978207,7.823730,8.261383,7.911411,6.907440,6.357342,5.911625,5.374290,5.032589,4.834267,4.671738,4.400314,4.563248,4.345943,4.037365,3.891846,4.037365,4.110050,4.146374,4.182686,4.073711,3.946442,3.928246,3.928246,3.964630,4.001003,4.037365,4.309685,4.527058,4.436539,4.436539,4.563248,4.472755,4.364071,4.218987,4.164528,4.110050,4.218987,4.382195,4.418427,4.309685,4.653660,4.798172,5.032589,5.266499,4.996559,4.888393,5.086613,5.104614,5.068611,5.158604,5.517838,5.929482,5.822250,5.410194,5.068611,4.942490,4.960514,5.014572,5.104614,5.014572,5.176598,5.356339,5.499908,5.697014,5.893753,5.822250,6.765751,7.260815,8.104042,8.818848,8.662369,8.592743,8.644970,8.818848,10.575371,12.668941,13.615929,13.781071,13.896488,13.830551,13.516701,13.234974,13.018955,12.919083,12.518532,11.796577,11.340439,10.882126,10.336117,9.941792,9.597610,9.511379,9.338692,9.252239,9.079109,8.853588,8.836220,8.818848,8.714558,8.627563,8.575333,8.540497,8.540497,8.644970,8.523075,8.383591,8.296310,8.331230,8.313774,8.261383,8.261383,8.243912,8.453358,8.383591,8.348686,8.313774,8.261383,8.348686,8.278851,8.261383,8.208961,8.174004,8.016525,8.104042,8.016525,7.928940,7.963982,8.016525,7.911411,8.034035,8.139027,7.981499,7.823730,7.771088,7.753536,7.771088,7.683289,7.525059,7.384212,7.348972,7.243172,7.243172,7.366592,7.190231,7.454662,8.121536,8.366138,8.435913,8.575333,8.557915,8.662369,8.592743,8.505650,8.627563,8.662369,8.766716,8.836220,8.818848,8.818848,8.975086,9.131081,9.269539,9.234943,9.321407,9.373260,9.511379,9.511379,9.545887,9.666546,9.700993,9.855862,9.924606,9.993317,9.821461,9.735428,9.804260,9.907425,10.027649,10.164867,10.061974,9.890244,9.924606,9.924606,9.924606,9.907425,9.804260,9.855862,9.804260,9.890244,9.718216,9.718216,9.838661,9.855862,9.700993,9.476868,9.528633,9.614849,9.580376,9.563126,9.545887,9.494129,9.476868,9.355976,9.269539,9.304119,9.338692,9.355976,9.649315,9.528633,9.338692,9.217640,9.217640,9.148392,9.131081,9.148392,9.009773,9.009773,8.992432,8.975086,9.044441,8.957737,9.044441,8.870953,8.870953,8.975086,9.096436,9.079109,8.888317,8.818848,8.784096,8.679768,8.662369,8.627563,8.557915,8.557915,8.610161,8.627563,8.627563,8.679768,8.662369,8.714558,8.870953,8.940388,8.957737,9.027115,8.957737,8.888317,8.905678,8.923035,8.870953,8.888317,8.940388,9.009773,8.940388,9.061775,9.234943,9.304119,9.252239,8.940388,8.627563,8.557915,8.557915,8.627563,8.627563,8.784096,8.853588,8.905678,9.079109,9.200333,9.252239,9.321407,9.373260,9.425079,9.528633,9.459610,9.494129,9.407806,9.459610,9.373260,9.528633,9.614849,9.597610,9.718216,9.718216,9.718216,9.752644,9.838661,9.752644,9.769852,9.666546,9.563126,9.649315,9.528633,9.718216,9.666546,9.666546,9.718216,9.683773,9.769852,9.976139,10.061974,9.941792,9.442345,9.321407,9.252239,9.269539,9.355976,9.373260,9.476868,9.373260,9.355976,9.338692,9.269539,9.304119,9.338692,9.442345,9.614849,9.597610,9.666546,9.580376,9.649315,9.545887,9.614849,9.563126,9.511379,9.476868,9.494129,9.425079,9.425079,9.563126,9.787056,9.924606,9.958965,9.838661,9.769852,9.735428,9.804260,9.718216,9.752644,9.614849,9.735428,9.718216,9.769852,9.597610,9.666546,9.700993,9.787056,9.873051,9.958965,10.147728,10.164867,10.061974,10.027649,9.958965,10.010487,9.907425,9.821461,9.787056,9.718216,9.769852,9.769852,9.804260,9.769852,9.769852,9.787056,9.666546,9.700993,9.632080,9.563126,9.511379,9.528633,9.442345,9.442345,9.632080,9.649315,9.459610,9.442345,9.338692,9.355976,9.528633,9.769852,10.524147,10.677727,10.472908,10.421631,10.370338,10.301891,10.472908,10.489990,10.404537,10.489990,10.558300,10.455822,10.489990,10.626560,10.643623,10.694775,10.728870,10.797012,10.779976,10.745911,10.694775,10.848083,10.831066,10.797012,10.797012,10.779976,10.831066,10.882126,10.814041,10.950157,10.950157,10.950157,10.950157,10.950157,10.882126,10.814041,10.814041,10.848083,10.882126,10.950157,10.865101,10.950157,10.916145,11.001148,11.187904,11.391228,11.289619,11.306557,11.035133,11.018150,11.069107,10.950157,10.950157,11.018150,11.001148,10.933151,10.967159,10.916145,11.052120,10.848083,10.762939,10.797012,10.899132,10.814041,10.865101,10.899132,10.831066,11.035133,10.967159,11.103065,11.018150,10.984158,10.882126,10.916145,10.865101,10.848083,10.916145,10.848083,10.984158,10.831066,10.797012,10.745911,10.660679,10.677727,10.745911,10.882126,10.797012,10.609497,10.489990,10.489990,10.507072,10.558300,10.489990,10.558300,10.694775,10.592438,10.711826,10.728870,10.711826,10.507072,10.438725,10.421631,10.387436,10.387436,10.507072,10.507072,10.472908,10.489990,10.626560,10.558300,10.524147,10.524147,10.472908,10.472908,10.472908,10.524147,10.626560,10.814041,10.916145,10.882126,10.728870,10.592438,10.558300,10.558300,10.507072,10.524147,10.558300,10.694775,10.797012,10.848083,10.916145,10.967159,11.052120,11.069107,11.069107,11.120033,11.103065,11.001148,10.831066,10.967159,10.967159,11.001148,11.069107,11.035133,10.984158,10.967159,10.984158,10.916145,10.814041,10.797012,10.762939,10.711826,10.575371,10.541225,10.438725,10.489990,10.472908,10.524147,10.404537,10.438725,10.524147,10.541225,10.541225,10.507072,10.438725,10.421631,10.267654,10.284771,10.267654,10.233398,10.147728,10.061974,10.113426,10.353233,10.677727,10.848083,10.745911,10.797012,10.609497,10.660679,10.592438,10.660679,10.797012,10.967159,11.001148,11.018150,11.035133,11.018150,11.052120,11.018150,11.052120,11.086086,11.153976,11.272675,11.238777,11.374298,11.357365,11.458900,11.289619,11.391228,11.255722,11.357365,11.272675,11.170944,11.069107,11.018150,10.933151,10.831066,10.899132,10.814041,10.779976,10.711826,10.711826,10.797012,10.814041,10.643623,10.694775,10.592438,10.507072,10.541225,10.558300,10.541225,10.745911,
3.946442,4.073711,4.055538,3.855442,3.964630,3.964630,3.982819,4.001003,4.019184,4.019184,4.001003,3.964630,4.019184,4.073711,4.128212,4.128212,4.164528,4.200836,4.255280,4.345943,4.327812,4.345943,4.527058,4.689812,5.050598,5.410194,5.893753,6.641617,6.641617,6.428486,6.410706,6.303955,6.250534,6.357342,6.499577,6.712570,7.331345,8.226437,8.313774,7.419441,6.641617,6.197094,5.589546,5.194580,5.032589,4.743999,4.327812,4.218987,3.982819,3.928246,3.946442,3.910049,4.019184,4.091881,4.091881,3.837234,3.746143,3.891846,3.946442,4.055538,3.855442,4.073711,4.146374,4.400314,4.472755,4.454651,4.436539,4.400314,4.418427,4.400314,4.110050,4.146374,4.200836,4.382195,4.400314,4.364071,4.599422,4.581333,4.906425,5.176598,4.816223,4.906425,5.014572,5.086613,4.960514,5.104614,5.356339,5.858009,5.786484,5.356339,5.086613,4.978535,4.870358,4.978535,5.014572,5.122616,5.176598,5.212570,5.464031,5.607468,5.911625,6.161457,6.535103,7.031254,7.718422,8.749332,8.766716,8.540497,8.610161,8.662369,9.769852,12.183426,13.615929,13.847038,13.863529,13.632454,13.301342,13.018955,13.018955,13.052223,12.919083,12.149849,11.272675,10.575371,10.336117,10.027649,9.649315,9.528633,9.459610,9.494129,9.165710,8.784096,8.749332,8.697163,8.627563,8.627563,8.488220,8.453358,8.540497,8.575333,8.557915,8.331230,8.191483,8.226437,8.121536,8.139027,8.034035,8.104042,8.470791,8.470791,8.278851,8.208961,8.191483,8.191483,8.174004,8.208961,8.174004,8.261383,8.226437,8.121536,8.104042,8.051544,8.104042,7.981499,8.034035,8.034035,7.999016,8.069046,8.174004,8.104042,8.139027,8.208961,8.243912,8.104042,8.208961,8.191483,8.139027,8.174004,8.208961,8.191483,8.296310,8.296310,8.418476,8.401035,8.488220,8.540497,8.644970,8.592743,8.627563,8.418476,8.278851,8.401035,8.679768,8.940388,8.975086,9.044441,9.217640,9.200333,9.321407,9.459610,9.390537,9.545887,9.580376,9.700993,9.821461,9.855862,10.061974,10.096279,10.113426,10.079128,10.061974,10.216270,10.267654,10.472908,10.455822,10.507072,10.541225,10.507072,10.558300,10.609497,10.677727,10.626560,10.575371,10.609497,10.558300,10.558300,10.558300,10.626560,10.592438,10.575371,10.353233,10.267654,10.387436,10.387436,10.284771,10.147728,10.096279,10.010487,9.873051,9.787056,9.787056,9.804260,9.958965,10.387436,10.233398,9.993317,9.787056,9.597610,9.425079,9.321407,9.269539,9.183022,9.148392,9.165710,9.165710,9.148392,9.148392,9.131081,9.061775,9.148392,9.148392,9.061775,9.217640,9.165710,9.096436,9.096436,9.148392,9.096436,9.044441,9.027115,8.957737,8.992432,9.079109,9.113758,9.061775,9.027115,9.061775,9.113758,9.061775,9.096436,9.061775,9.044441,9.131081,9.027115,9.044441,9.096436,9.027115,9.009773,9.061775,9.009773,9.079109,9.304119,9.304119,9.304119,8.766716,8.540497,8.488220,8.540497,8.610161,8.557915,8.557915,8.731949,8.801476,8.749332,8.836220,8.905678,8.888317,8.940388,8.905678,9.044441,8.992432,8.888317,8.888317,8.888317,8.923035,8.940388,9.113758,9.113758,9.165710,9.252239,9.269539,9.545887,9.700993,9.821461,9.804260,9.718216,9.769852,9.821461,9.821461,9.907425,10.027649,9.873051,9.941792,9.976139,10.044807,10.061974,9.941792,9.941792,9.632080,9.407806,9.373260,9.390537,9.459610,9.459610,9.425079,9.373260,9.338692,9.286831,9.252239,9.252239,9.286831,9.338692,9.390537,9.355976,9.338692,9.252239,9.234943,9.200333,9.321407,9.217640,9.183022,9.131081,9.148392,9.148392,9.286831,9.338692,9.752644,9.941792,9.976139,9.821461,9.563126,9.476868,9.494129,9.442345,9.373260,9.373260,9.355976,9.355976,9.442345,9.511379,9.597610,9.700993,9.735428,9.683773,9.787056,9.873051,9.907425,9.924606,9.907425,9.924606,9.838661,9.873051,9.804260,9.890244,9.941792,9.804260,9.873051,9.976139,10.096279,10.182007,10.164867,10.130581,10.044807,9.924606,9.821461,9.838661,9.855862,9.890244,9.873051,9.941792,10.027649,9.855862,9.838661,9.666546,9.649315,9.718216,10.130581,10.592438,10.626560,10.489990,10.370338,10.233398,10.319000,10.284771,10.284771,10.421631,10.404537,10.438725,10.370338,10.472908,10.438725,10.336117,10.438725,10.524147,10.541225,10.558300,10.660679,10.643623,10.728870,10.745911,10.728870,10.728870,10.779976,10.797012,10.882126,10.814041,11.001148,11.018150,10.984158,10.967159,10.933151,10.882126,10.882126,10.865101,10.933151,10.950157,11.086086,11.035133,11.035133,11.120033,11.255722,11.204865,11.323498,11.323498,11.238777,11.137009,11.086086,11.018150,11.052120,11.103065,11.170944,11.018150,10.899132,11.018150,10.984158,10.916145,10.831066,10.779976,10.899132,10.916145,10.899132,10.933151,10.950157,10.950157,11.035133,11.052120,11.035133,10.933151,10.950157,10.831066,10.831066,10.797012,10.848083,10.865101,10.797012,10.779976,10.626560,10.626560,10.575371,10.643623,10.609497,10.609497,10.762939,10.541225,10.575371,10.592438,10.541225,10.455822,10.489990,10.541225,10.489990,10.558300,10.524147,10.524147,10.524147,10.421631,10.387436,10.353233,10.387436,10.336117,10.353233,10.387436,10.387436,10.558300,10.541225,10.558300,10.609497,10.472908,10.472908,10.455822,10.507072,10.472908,10.472908,10.643623,10.865101,10.899132,10.660679,10.353233,10.353233,10.353233,10.233398,10.301891,10.250530,10.370338,10.421631,10.472908,10.541225,10.472908,10.489990,10.609497,10.882126,11.018150,10.899132,10.831066,10.728870,10.643623,10.524147,10.660679,10.558300,10.524147,10.524147,10.711826,10.779976,10.728870,10.848083,10.882126,10.779976,10.984158,10.814041,10.779976,10.950157,10.916145,10.899132,10.865101,10.916145,10.967159,10.933151,10.933151,10.933151,11.052120,10.882126,10.745911,10.643623,10.626560,10.575371,10.438725,10.421631,10.199139,10.233398,10.182007,10.660679,10.916145,10.797012,10.728870,10.643623,10.558300,10.524147,10.507072,10.643623,10.865101,10.933151,11.018150,10.933151,10.882126,10.694775,10.711826,10.507072,10.575371,10.660679,10.797012,10.984158,11.069107,11.035133,11.035133,10.865101,10.899132,10.933151,10.950157,11.035133,11.001148,11.035133,10.984158,10.933151,11.137009,11.001148,10.984158,10.967159,11.086086,10.984158,10.916145,10.916145,10.728870,10.762939,10.745911,10.643623,10.711826,10.677727,10.745911,10.882126,10.779976,
4.001003,4.055538,3.982819,3.982819,3.982819,3.946442,3.946442,3.964630,4.001003,4.001003,3.964630,4.019184,4.037365,4.091881,4.128212,4.146374,4.091881,4.146374,4.182686,4.255280,4.273415,4.364071,4.418427,4.599422,4.780113,5.158604,5.589546,6.303955,6.570625,6.535103,6.375134,6.286148,6.339550,6.303955,6.286148,6.375134,6.942829,8.139027,8.348686,7.928940,7.101940,6.623875,5.840134,5.284477,4.924461,4.490860,4.237133,4.146374,4.073711,3.855442,3.910049,3.819023,3.910049,3.873646,3.964630,3.764370,3.782589,3.819023,4.073711,4.073711,4.128212,4.037365,4.146374,4.545155,4.689812,4.762062,4.545155,4.309685,4.309685,4.200836,4.110050,4.110050,4.273415,4.364071,4.364071,4.436539,4.617508,4.599422,4.653660,4.852314,4.870358,4.906425,4.762062,4.852314,4.816223,4.870358,5.535770,5.858009,5.840134,5.464031,5.158604,5.014572,4.924461,4.906425,4.960514,4.978535,5.068611,5.230549,5.302444,5.499908,5.679108,6.143627,6.410706,6.623875,7.384212,8.575333,8.923035,8.784096,8.644970,8.610161,9.252239,11.408150,13.317928,13.880009,14.028225,13.665508,13.367657,12.985676,12.985676,13.102104,13.052223,12.384636,11.627888,10.916145,10.626560,10.284771,10.079128,9.924606,9.787056,9.941792,9.597610,9.061775,8.714558,8.731949,8.697163,8.784096,8.679768,8.644970,8.801476,9.009773,8.801476,8.453358,8.191483,8.139027,8.104042,8.086544,7.999016,8.051544,8.453358,8.435913,8.435913,8.208961,8.139027,8.121536,8.086544,8.086544,8.139027,8.243912,8.348686,8.278851,8.121536,8.086544,7.999016,8.086544,8.034035,7.999016,8.051544,7.981499,8.261383,8.243912,8.261383,8.174004,8.243912,8.296310,8.313774,8.296310,8.348686,8.383591,8.313774,8.383591,8.366138,8.296310,8.278851,8.348686,8.383591,8.435913,8.523075,8.488220,8.610161,8.418476,8.069046,7.911411,8.488220,8.784096,8.870953,9.044441,9.131081,9.269539,9.304119,9.373260,9.373260,9.545887,9.632080,9.683773,9.752644,9.924606,10.061974,10.130581,10.147728,10.199139,10.233398,10.336117,10.353233,10.489990,10.609497,10.677727,10.728870,10.797012,10.848083,10.899132,10.933151,11.018150,11.001148,11.018150,11.120033,11.103065,11.120033,11.187904,11.187904,11.137009,11.103065,11.170944,11.069107,11.069107,11.052120,10.899132,10.797012,10.762939,10.762939,10.643623,10.558300,10.609497,10.762939,10.882126,10.865101,10.797012,10.558300,10.267654,10.147728,10.010487,9.941792,9.941792,9.907425,9.855862,9.700993,9.718216,9.769852,9.649315,9.545887,9.476868,9.442345,9.442345,9.390537,9.338692,9.286831,9.252239,9.286831,9.355976,9.234943,9.183022,9.165710,9.269539,9.304119,9.373260,9.666546,9.614849,9.390537,9.338692,9.321407,9.286831,9.200333,9.269539,9.321407,9.321407,9.355976,9.338692,9.373260,9.442345,9.459610,9.217640,9.321407,9.373260,9.511379,9.355976,9.269539,9.217640,9.131081,9.113758,9.131081,9.096436,8.992432,9.009773,9.061775,9.079109,9.044441,9.027115,8.923035,8.923035,8.940388,8.870953,8.836220,8.801476,8.697163,8.644970,8.697163,8.697163,8.749332,8.801476,8.818848,8.766716,8.731949,8.836220,9.304119,9.511379,9.459610,9.217640,9.183022,9.390537,9.459610,9.511379,9.545887,9.597610,9.597610,9.597610,9.649315,9.649315,9.511379,9.597610,9.355976,9.442345,9.425079,9.459610,9.425079,9.476868,9.476868,9.494129,9.494129,9.338692,9.355976,9.338692,9.390537,9.321407,9.373260,9.373260,9.442345,9.545887,9.390537,9.355976,9.442345,9.304119,9.407806,9.321407,9.321407,9.252239,9.528633,9.494129,9.907425,9.838661,9.941792,9.649315,9.494129,9.390537,9.252239,9.269539,9.217640,9.321407,9.269539,9.234943,9.286831,9.252239,9.338692,9.425079,9.476868,9.580376,9.563126,9.632080,9.597610,9.614849,9.459610,9.459610,9.373260,9.269539,9.355976,9.321407,9.355976,9.390537,9.511379,9.718216,10.130581,10.301891,10.113426,9.993317,9.976139,9.976139,9.924606,9.924606,9.890244,9.958965,9.993317,10.147728,10.182007,10.182007,10.182007,10.096279,10.147728,10.164867,10.250530,10.472908,10.507072,10.319000,10.284771,10.284771,10.301891,10.301891,10.370338,10.284771,10.301891,10.319000,10.250530,10.233398,10.267654,10.353233,10.336117,10.284771,10.370338,10.336117,10.233398,10.353233,10.455822,10.507072,10.507072,10.455822,10.524147,10.507072,10.370338,10.489990,10.507072,10.660679,10.762939,10.814041,10.609497,10.524147,10.575371,10.558300,10.643623,10.609497,10.762939,10.831066,10.660679,10.779976,10.762939,10.797012,10.933151,11.035133,11.103065,10.967159,11.035133,11.086086,11.137009,11.001148,10.984158,11.018150,11.035133,11.069107,10.984158,11.103065,10.933151,10.950157,10.967159,10.899132,11.069107,11.018150,11.069107,10.933151,10.865101,10.831066,10.933151,10.814041,10.762939,10.660679,10.677727,10.643623,10.677727,10.762939,10.779976,10.660679,10.472908,10.592438,10.677727,10.677727,10.711826,10.643623,10.626560,10.524147,10.592438,10.524147,10.541225,10.524147,10.524147,10.438725,10.541225,10.438725,10.370338,10.455822,10.387436,10.387436,10.472908,10.319000,10.404537,10.353233,10.438725,10.387436,10.507072,10.404537,10.592438,10.541225,10.745911,10.797012,10.745911,10.541225,10.507072,10.489990,10.455822,10.541225,10.643623,10.728870,10.779976,10.711826,10.575371,10.524147,10.421631,10.370338,10.370338,10.370338,10.387436,10.438725,10.489990,10.404537,10.319000,10.507072,10.814041,10.899132,10.728870,10.455822,10.250530,10.284771,10.267654,10.301891,10.250530,10.233398,10.164867,10.284771,10.284771,10.301891,10.336117,10.387436,10.319000,10.438725,10.609497,10.779976,10.558300,10.643623,10.643623,10.728870,10.814041,10.779976,10.814041,10.984158,11.001148,10.967159,11.052120,10.984158,10.865101,10.950157,10.933151,10.967159,10.899132,10.814041,10.814041,10.694775,10.848083,10.831066,10.848083,10.797012,10.694775,10.694775,10.711826,10.762939,10.728870,10.916145,10.899132,10.933151,10.848083,10.762939,10.626560,10.541225,10.438725,10.472908,10.660679,10.797012,10.916145,11.035133,10.848083,10.814041,10.745911,10.626560,10.694775,10.609497,10.558300,10.626560,10.626560,10.643623,10.865101,11.018150,11.052120,11.035133,11.103065,10.967159,10.814041,10.814041,10.797012,10.711826,10.643623,10.507072,10.524147,10.575371,10.609497,10.558300,10.609497,10.558300,
4.055538,4.019184,4.019184,4.091881,3.946442,3.928246,3.964630,4.001003,4.073711,4.055538,4.091881,4.073711,4.019184,4.001003,4.110050,4.110050,4.182686,4.164528,4.110050,4.110050,4.218987,4.364071,4.454651,4.617508,4.707874,4.996559,5.302444,5.822250,6.606125,6.623875,6.428486,6.339550,6.214916,6.214916,6.250534,6.197094,6.623875,7.278450,8.348686,8.261383,7.525059,6.730297,5.947346,5.158604,4.581333,4.454651,4.218987,4.164528,4.164528,3.964630,3.982819,3.910049,3.946442,3.928246,3.782589,3.727913,3.782589,3.910049,4.091881,4.091881,4.146374,4.237133,4.200836,4.454651,4.617508,5.104614,4.762062,4.490860,4.454651,4.182686,4.037365,4.091881,4.364071,4.382195,4.364071,4.382195,4.617508,4.599422,4.635590,4.653660,4.725941,4.762062,4.743999,4.762062,4.798172,4.906425,5.320412,5.625381,5.661201,5.446091,5.086613,4.978535,4.852314,4.834267,4.924461,4.924461,5.068611,5.122616,5.284477,5.464031,5.679108,5.893753,6.125797,6.570625,7.119606,8.104042,8.870953,8.714558,8.610161,8.557915,8.836220,10.199139,12.300850,13.301342,13.582870,13.665508,13.549789,12.935738,12.935738,13.052223,13.135342,12.635536,11.796577,11.153976,10.779976,10.489990,10.319000,10.216270,10.199139,10.284771,10.079128,9.528633,9.027115,8.784096,8.905678,8.905678,8.957737,8.905678,9.044441,9.269539,9.165710,8.714558,8.366138,8.383591,8.208961,8.121536,8.226437,8.278851,8.592743,8.644970,8.679768,8.366138,8.261383,8.226437,8.208961,8.226437,8.331230,8.714558,8.697163,8.523075,8.243912,8.069046,8.051544,8.069046,7.981499,8.016525,7.946465,8.121536,8.313774,8.453358,8.226437,8.104042,8.156513,8.139027,8.086544,8.243912,8.191483,8.331230,8.383591,8.366138,8.331230,8.278851,8.191483,8.191483,8.208961,8.348686,8.401035,8.401035,8.627563,8.540497,8.034035,8.086544,8.435913,8.575333,8.749332,8.957737,9.131081,9.252239,9.165710,9.355976,9.321407,9.390537,9.580376,9.649315,9.718216,9.614849,9.838661,9.838661,10.044807,10.096279,10.182007,10.387436,10.438725,10.489990,10.558300,10.643623,10.660679,10.626560,10.711826,10.797012,10.916145,11.018150,11.018150,11.137009,11.153976,11.120033,11.187904,11.272675,11.187904,11.153976,11.221825,11.238777,11.238777,11.255722,11.238777,11.272675,11.255722,11.153976,11.238777,11.221825,11.187904,11.204865,11.187904,11.035133,11.035133,11.052120,11.103065,10.882126,10.831066,10.814041,10.814041,10.762939,10.797012,10.677727,10.626560,10.626560,10.609497,10.558300,10.387436,10.370338,10.267654,10.336117,10.319000,10.130581,10.061974,9.907425,9.838661,9.890244,9.804260,9.804260,9.700993,9.718216,9.735428,9.855862,10.284771,10.284771,9.873051,9.649315,9.580376,9.563126,9.545887,9.425079,9.614849,9.545887,9.511379,9.511379,9.425079,9.649315,9.614849,9.528633,9.407806,9.425079,9.545887,9.563126,9.476868,9.476868,9.528633,9.425079,9.494129,9.563126,9.597610,9.649315,9.632080,9.614849,9.580376,9.580376,9.545887,9.494129,9.563126,9.563126,9.459610,9.407806,9.390537,9.217640,9.234943,9.183022,9.165710,9.079109,9.061775,8.975086,8.818848,8.766716,9.217640,9.425079,9.442345,9.165710,9.148392,9.234943,9.338692,9.252239,9.252239,9.217640,9.183022,9.200333,9.200333,9.217640,9.165710,9.269539,9.200333,9.373260,9.407806,9.373260,9.425079,9.459610,9.425079,9.442345,9.373260,9.355976,9.355976,9.390537,9.355976,9.269539,9.390537,9.545887,9.700993,9.700993,9.597610,9.459610,9.476868,9.476868,9.632080,9.649315,9.528633,9.614849,9.718216,9.735428,9.855862,9.838661,9.873051,9.666546,9.769852,9.855862,9.855862,9.873051,9.873051,9.700993,9.769852,9.855862,9.683773,9.700993,9.666546,9.580376,9.614849,9.580376,9.614849,9.511379,9.511379,9.494129,9.407806,9.304119,9.355976,9.269539,9.131081,9.252239,9.286831,9.252239,9.355976,9.804260,10.147728,10.284771,10.216270,9.907425,9.838661,9.821461,9.924606,9.907425,9.924606,9.907425,9.855862,9.924606,9.958965,10.113426,10.164867,10.079128,10.147728,9.993317,10.079128,10.147728,10.233398,10.250530,10.250530,10.233398,10.267654,10.319000,10.353233,10.353233,10.267654,10.267654,10.284771,10.353233,10.421631,10.438725,10.455822,10.250530,10.370338,10.353233,10.472908,10.489990,10.438725,10.455822,10.558300,10.524147,10.507072,10.541225,10.421631,10.592438,10.438725,10.643623,10.677727,10.831066,10.660679,10.524147,10.455822,10.472908,10.421631,10.489990,10.541225,10.609497,10.643623,10.541225,10.643623,10.728870,10.779976,10.797012,10.745911,10.626560,10.779976,10.797012,10.831066,10.814041,10.933151,10.848083,10.916145,10.882126,10.950157,10.882126,10.865101,10.848083,10.967159,11.086086,11.069107,11.035133,10.950157,10.745911,10.745911,10.797012,10.694775,10.626560,10.524147,10.558300,10.541225,10.472908,10.524147,10.626560,10.626560,10.609497,10.609497,10.626560,10.677727,10.677727,10.711826,10.677727,10.575371,10.575371,10.558300,10.541225,10.592438,10.660679,10.592438,10.592438,10.541225,10.575371,10.575371,10.507072,10.489990,10.472908,10.370338,10.404537,10.404537,10.421631,10.404537,10.524147,10.438725,10.472908,10.507072,10.558300,10.711826,10.797012,10.694775,10.404537,10.472908,10.336117,10.284771,10.353233,10.489990,10.677727,10.609497,10.711826,10.814041,10.762939,10.558300,10.660679,10.626560,10.592438,10.626560,10.575371,10.575371,10.558300,10.609497,10.762939,10.950157,10.865101,10.745911,10.592438,10.387436,10.455822,10.558300,10.489990,10.421631,10.387436,10.370338,10.387436,10.370338,10.353233,10.353233,10.233398,10.267654,10.284771,10.319000,10.319000,10.370338,10.404537,10.267654,10.319000,10.336117,10.404537,10.353233,10.404537,10.370338,10.387436,10.387436,10.609497,10.814041,10.916145,10.984158,10.762939,10.779976,10.728870,10.609497,10.541225,10.455822,10.507072,10.284771,10.216270,10.353233,10.370338,10.455822,10.558300,10.626560,10.831066,10.882126,10.814041,10.711826,10.694775,10.524147,10.575371,10.575371,10.694775,10.831066,10.967159,10.882126,10.882126,10.916145,10.779976,10.677727,10.660679,10.694775,10.694775,10.694775,10.677727,10.848083,10.779976,10.950157,11.001148,11.035133,10.933151,10.797012,10.643623,10.558300,10.421631,10.387436,10.421631,10.438725,10.438725,10.489990,10.421631,10.507072,10.472908,10.541225,10.507072,
4.037365,4.037365,4.019184,4.128212,3.964630,3.928246,4.019184,4.037365,4.055538,4.001003,3.982819,3.855442,4.019184,4.037365,4.055538,4.091881,4.110050,4.073711,4.110050,4.146374,4.146374,4.309685,4.382195,4.581333,4.581333,4.834267,5.122616,5.535770,6.375134,6.588379,6.446259,6.339550,6.250534,6.303955,6.268349,6.250534,6.321754,6.801193,8.051544,8.121536,7.683289,6.730297,5.893753,5.176598,4.689812,4.327812,4.218987,4.128212,4.182686,3.982819,3.964630,3.928246,3.873646,3.819023,3.800804,3.764370,3.946442,3.982819,4.055538,4.164528,4.182686,4.218987,4.345943,4.364071,4.653660,5.032589,4.635590,4.581333,4.472755,4.327812,4.091881,4.128212,4.418427,4.418427,4.400314,4.581333,4.635590,4.599422,4.599422,4.653660,4.635590,4.798172,4.743999,4.798172,4.816223,4.906425,5.248528,5.535770,5.607468,5.410194,5.086613,4.906425,4.852314,4.888393,4.978535,4.906425,4.960514,5.032589,5.230549,5.392242,5.553699,5.840134,6.125797,6.268349,6.942829,7.753536,8.818848,8.853588,8.662369,8.575333,8.749332,9.425079,11.391228,12.685638,13.151951,13.367657,13.400806,13.035591,12.969040,12.969040,13.135342,12.869114,12.099461,11.441990,11.187904,10.882126,10.779976,10.524147,10.609497,10.558300,10.319000,9.735428,9.113758,8.836220,8.749332,8.957737,8.957737,9.079109,9.079109,9.390537,9.355976,8.992432,8.731949,8.610161,8.523075,8.401035,8.366138,8.488220,8.610161,9.096436,8.957737,8.662369,8.505650,8.488220,8.488220,8.505650,8.523075,8.853588,9.044441,8.940388,8.540497,8.453358,8.278851,8.243912,8.174004,8.156513,8.121536,8.296310,8.557915,8.731949,8.470791,8.069046,8.121536,8.104042,8.139027,8.051544,8.051544,8.156513,8.348686,8.784096,8.592743,8.278851,8.243912,8.226437,8.278851,8.243912,8.348686,8.418476,8.853588,8.923035,8.627563,8.435913,8.644970,8.679768,8.662369,8.714558,8.992432,9.200333,9.252239,9.286831,9.269539,9.321407,9.373260,9.459610,9.511379,9.545887,9.700993,9.821461,9.958965,9.924606,10.044807,10.250530,10.233398,10.301891,10.284771,10.336117,10.387436,10.592438,10.626560,10.626560,10.643623,10.762939,10.831066,10.814041,10.967159,11.035133,11.001148,10.984158,11.018150,11.069107,11.187904,11.272675,11.272675,11.221825,11.153976,11.137009,11.137009,11.137009,11.187904,11.255722,11.306557,11.306557,11.086086,10.797012,11.103065,11.221825,11.272675,11.221825,11.069107,10.967159,11.018150,11.137009,11.204865,11.204865,11.052120,11.103065,11.137009,11.086086,11.086086,11.018150,10.950157,10.984158,11.120033,10.950157,10.899132,10.899132,10.848083,10.762939,10.797012,10.779976,10.677727,10.524147,10.609497,10.745911,11.120033,11.137009,10.762939,10.558300,10.438725,10.387436,10.267654,10.404537,10.472908,10.404537,10.319000,10.387436,10.284771,10.319000,10.233398,10.130581,9.941792,9.958965,9.958965,10.027649,9.821461,9.873051,9.890244,9.873051,9.804260,9.821461,9.855862,9.873051,9.958965,9.855862,9.958965,10.284771,10.267654,10.182007,9.993317,10.027649,9.941792,9.821461,9.855862,9.787056,9.855862,9.804260,9.718216,9.700993,9.718216,9.614849,9.528633,9.425079,9.459610,9.614849,9.580376,9.407806,9.373260,9.459610,9.528633,9.459610,9.407806,9.390537,9.355976,9.390537,9.373260,9.355976,9.390537,9.355976,9.407806,9.373260,9.252239,9.304119,9.355976,9.390537,9.390537,9.321407,9.355976,9.338692,9.321407,9.390537,9.304119,9.304119,9.304119,9.476868,9.752644,9.769852,9.821461,9.373260,9.338692,9.528633,9.528633,9.459610,9.545887,9.494129,9.494129,9.528633,9.614849,9.666546,9.752644,9.821461,9.821461,9.855862,9.976139,10.010487,10.027649,10.079128,10.027649,10.096279,10.061974,10.027649,10.079128,10.010487,10.010487,9.958965,9.890244,9.855862,9.976139,9.804260,9.700993,9.597610,9.597610,9.597610,9.683773,9.632080,9.649315,9.614849,9.666546,9.993317,10.267654,10.250530,10.284771,10.044807,9.924606,9.958965,9.855862,9.873051,9.804260,9.855862,9.924606,9.993317,9.993317,10.130581,10.216270,10.267654,10.284771,10.096279,10.061974,10.079128,10.113426,10.027649,10.199139,10.130581,10.113426,10.130581,10.301891,10.096279,10.010487,10.010487,10.096279,10.370338,10.558300,10.489990,10.421631,10.233398,10.164867,10.233398,10.370338,10.455822,10.438725,10.507072,10.524147,10.541225,10.507072,10.524147,10.507072,10.660679,10.694775,10.677727,10.694775,10.660679,10.694775,10.558300,10.524147,10.489990,10.592438,10.558300,10.592438,10.609497,10.643623,10.711826,10.711826,10.762939,10.728870,10.728870,10.677727,10.660679,10.609497,10.745911,10.728870,10.728870,10.711826,10.779976,10.797012,10.677727,10.831066,10.779976,10.592438,10.728870,10.762939,11.035133,10.950157,10.916145,10.711826,10.677727,10.592438,10.592438,10.421631,10.336117,10.216270,10.267654,10.113426,10.147728,10.164867,10.267654,10.353233,10.336117,10.370338,10.370338,10.438725,10.472908,10.489990,10.592438,10.472908,10.592438,10.438725,10.592438,10.524147,10.524147,10.626560,10.694775,10.831066,10.933151,10.950157,10.899132,10.814041,10.643623,10.660679,10.592438,10.438725,10.472908,10.489990,10.524147,10.438725,10.507072,10.541225,10.814041,10.677727,10.779976,10.524147,10.507072,10.438725,10.558300,10.472908,10.489990,10.575371,10.592438,10.711826,10.779976,10.814041,10.865101,10.711826,10.694775,10.745911,10.797012,10.779976,10.677727,10.609497,10.592438,10.711826,10.728870,10.848083,10.745911,10.762939,10.711826,10.865101,10.950157,10.967159,10.950157,10.933151,10.779976,10.677727,10.660679,10.694775,10.779976,10.797012,10.575371,10.694775,10.711826,10.831066,10.745911,10.592438,10.609497,10.541225,10.404537,10.541225,10.541225,10.387436,10.438725,10.370338,10.336117,10.370338,10.575371,10.797012,10.831066,10.694775,10.284771,10.182007,10.147728,10.164867,10.010487,9.976139,9.941792,9.958965,9.976139,10.096279,10.130581,10.336117,10.421631,10.660679,10.745911,10.643623,10.609497,10.489990,10.421631,10.489990,10.472908,10.558300,10.643623,10.762939,10.762939,10.762939,10.728870,10.779976,10.831066,10.916145,11.001148,10.865101,10.899132,10.762939,10.882126,11.035133,10.984158,10.933151,11.001148,11.001148,10.967159,10.814041,10.626560,10.592438,10.660679,10.779976,10.916145,10.575371,10.660679,10.541225,10.626560,10.541225,10.558300,10.575371,10.524147,
4.019184,4.055538,4.001003,4.037365,4.001003,4.091881,4.001003,4.146374,4.055538,4.055538,4.019184,3.982819,3.964630,4.001003,4.037365,4.110050,4.128212,4.073711,4.110050,4.182686,4.182686,4.218987,4.364071,4.454651,4.563248,4.780113,4.942490,5.374290,6.036610,6.535103,6.730297,6.464035,6.232731,6.214916,6.268349,6.250534,6.321754,6.481804,7.207882,8.086544,7.981499,7.296085,6.392914,5.428139,4.996559,4.563248,4.382195,4.237133,4.128212,4.037365,3.946442,3.891846,3.855442,3.819023,3.746143,3.928246,4.037365,4.091881,4.182686,4.200836,4.291550,4.237133,4.327812,4.472755,4.599422,4.418427,4.563248,4.581333,4.617508,4.472755,4.128212,4.164528,4.345943,4.345943,4.490860,4.617508,4.653660,4.707874,4.671738,4.762062,4.725941,4.762062,4.834267,4.762062,4.743999,5.032589,5.302444,5.571625,5.643291,5.338371,5.050598,4.870358,4.798172,4.834267,4.906425,4.906425,4.888393,4.978535,5.140610,5.248528,5.446091,5.750706,5.947346,6.143627,6.801193,7.595413,8.366138,9.009773,8.801476,8.610161,8.662369,9.148392,10.899132,12.468342,13.085476,13.334507,13.450489,13.102104,12.935738,13.002323,13.185173,12.985676,12.367878,11.712273,11.306557,11.103065,10.933151,10.831066,10.797012,10.524147,10.301891,10.010487,9.425079,9.009773,8.905678,8.992432,9.096436,9.200333,9.096436,9.234943,9.597610,9.338692,9.096436,8.836220,8.766716,8.766716,8.662369,8.714558,8.784096,9.234943,9.321407,8.957737,8.610161,8.488220,8.557915,8.575333,8.679768,8.957737,9.286831,9.286831,8.905678,8.714558,8.679768,8.488220,8.575333,8.523075,8.470791,8.557915,8.957737,9.096436,8.801476,8.296310,8.243912,8.261383,8.139027,8.156513,8.191483,8.261383,8.592743,9.131081,8.923035,8.557915,8.418476,8.435913,8.418476,8.366138,8.401035,8.610161,8.905678,9.200333,9.009773,8.801476,8.644970,8.557915,8.557915,8.575333,8.836220,9.079109,9.304119,9.425079,9.286831,9.148392,9.217640,9.252239,9.304119,9.425079,9.373260,9.632080,9.873051,9.821461,9.873051,9.890244,9.855862,9.838661,9.976139,9.993317,10.061974,10.233398,10.507072,10.541225,10.541225,10.489990,10.541225,10.489990,10.609497,10.660679,10.728870,10.660679,10.797012,10.933151,10.899132,10.950157,10.950157,10.984158,11.035133,10.933151,11.035133,10.899132,11.001148,10.950157,10.933151,10.984158,10.899132,10.814041,10.950157,11.086086,11.137009,11.035133,11.018150,10.967159,11.035133,11.086086,11.137009,11.204865,11.255722,11.120033,11.086086,11.120033,11.086086,11.069107,11.069107,11.170944,11.137009,11.137009,11.086086,11.187904,11.086086,11.221825,11.204865,11.187904,11.052120,11.153976,11.204865,11.357365,11.357365,11.306557,11.187904,11.204865,11.103065,11.103065,11.170944,11.221825,11.238777,11.255722,11.255722,11.187904,11.204865,11.187904,11.153976,11.120033,10.967159,10.882126,10.950157,10.814041,10.831066,11.035133,10.848083,10.797012,10.745911,10.831066,10.762939,10.728870,10.609497,10.745911,10.831066,11.238777,11.103065,10.831066,10.575371,10.336117,10.284771,10.319000,10.182007,10.079128,10.061974,10.010487,9.924606,9.890244,9.873051,9.855862,9.804260,9.855862,9.666546,9.700993,9.614849,9.614849,9.614849,9.614849,9.511379,9.528633,9.683773,9.718216,9.787056,9.769852,9.769852,9.821461,9.976139,9.941792,9.993317,9.907425,9.873051,9.752644,9.666546,9.666546,9.683773,9.735428,9.614849,9.511379,9.545887,9.511379,9.528633,9.545887,9.494129,9.649315,9.821461,9.890244,9.804260,9.494129,9.390537,9.476868,9.511379,9.442345,9.425079,9.425079,9.355976,9.476868,9.407806,9.459610,9.407806,9.494129,9.545887,9.614849,9.683773,9.873051,9.804260,9.873051,9.787056,9.855862,9.821461,9.890244,9.993317,9.873051,9.855862,9.838661,9.632080,9.993317,10.010487,9.976139,9.700993,9.545887,9.545887,9.632080,9.666546,9.580376,9.649315,9.632080,9.735428,9.838661,10.010487,10.096279,10.027649,10.096279,10.079128,10.130581,10.147728,10.096279,10.010487,10.130581,10.147728,10.147728,10.164867,10.233398,10.387436,10.438725,10.472908,10.370338,10.438725,10.524147,10.370338,10.421631,10.387436,10.438725,10.301891,10.284771,10.182007,10.147728,10.061974,10.096279,10.199139,10.489990,10.541225,10.489990,10.353233,10.301891,10.250530,10.250530,10.250530,10.284771,10.250530,10.370338,10.404537,10.455822,10.438725,10.524147,10.507072,10.438725,10.489990,10.489990,10.592438,10.558300,10.558300,10.558300,10.592438,10.541225,10.524147,10.524147,10.558300,10.575371,10.660679,10.592438,10.814041,10.882126,11.001148,10.762939,10.609497,10.609497,10.507072,10.489990,10.455822,10.489990,10.524147,10.507072,10.541225,10.575371,10.626560,10.728870,10.694775,10.575371,10.592438,10.950157,10.916145,10.762939,10.694775,10.728870,10.609497,10.575371,10.558300,10.353233,10.301891,10.233398,10.284771,10.216270,10.130581,10.233398,10.336117,10.370338,10.233398,10.147728,10.250530,10.319000,10.199139,10.130581,10.027649,10.164867,10.164867,10.319000,10.438725,10.455822,10.455822,10.404537,10.677727,10.865101,11.001148,10.728870,10.660679,10.575371,10.489990,10.438725,10.489990,10.541225,10.626560,10.609497,10.592438,10.677727,10.831066,10.779976,10.762939,10.711826,10.660679,10.797012,10.762939,10.797012,10.643623,10.711826,10.728870,10.899132,10.882126,10.916145,10.882126,10.848083,10.950157,10.984158,11.120033,11.001148,10.933151,10.882126,10.882126,10.711826,10.711826,10.728870,10.694775,10.745911,10.745911,10.711826,10.797012,10.967159,11.103065,11.086086,11.035133,10.797012,10.728870,10.643623,10.711826,10.660679,10.745911,10.694775,10.660679,10.711826,10.762939,10.711826,10.677727,10.660679,10.728870,10.762939,10.762939,10.797012,10.831066,10.677727,10.489990,10.575371,10.711826,10.865101,10.865101,10.660679,10.592438,10.370338,10.353233,10.284771,10.267654,10.267654,10.113426,9.976139,9.941792,10.113426,10.336117,10.421631,10.541225,10.694775,10.779976,10.660679,10.472908,10.284771,10.301891,10.284771,10.336117,10.319000,10.370338,10.507072,10.524147,10.455822,10.370338,10.489990,10.745911,10.779976,10.660679,10.626560,10.609497,10.660679,10.575371,10.609497,10.524147,10.745911,10.609497,10.814041,10.728870,10.694775,10.660679,10.677727,10.626560,10.745911,10.694775,10.694775,10.558300,10.558300,10.524147,10.558300,10.592438,10.643623,10.660679,10.660679,
4.091881,4.019184,4.110050,4.019184,4.091881,4.055538,4.019184,4.110050,4.001003,4.073711,4.037365,4.037365,3.946442,4.019184,4.001003,4.110050,4.073711,4.019184,4.128212,4.164528,4.182686,4.273415,4.327812,4.382195,4.527058,4.707874,4.888393,5.068611,5.607468,6.499577,6.712570,6.517342,6.268349,6.161457,6.161457,6.054455,6.179276,6.321754,6.801193,7.735977,8.016525,7.630577,6.659363,5.768597,5.104614,4.653660,4.364071,4.146374,4.110050,3.982819,4.055538,3.910049,3.746143,3.764370,4.019184,3.982819,4.055538,4.182686,4.182686,4.110050,4.327812,4.327812,4.345943,4.436539,4.545155,4.454651,4.490860,4.599422,4.671738,4.490860,4.255280,4.091881,4.345943,4.327812,4.527058,4.635590,4.508957,4.581333,4.635590,4.743999,4.707874,4.780113,4.707874,4.888393,5.068611,5.032589,5.428139,5.589546,5.625381,5.284477,4.960514,4.816223,4.852314,4.834267,4.906425,4.816223,4.978535,4.996559,5.032589,5.212570,5.517838,5.661201,5.840134,5.983063,6.464035,7.119606,8.016525,8.940388,8.853588,8.749332,8.749332,8.853588,10.267654,12.317612,13.201775,13.367657,13.417366,13.018955,12.819115,13.085476,13.035591,13.035591,12.384636,11.204865,10.694775,10.472908,10.250530,10.216270,10.027649,9.958965,9.976139,9.941792,9.614849,9.217640,9.044441,9.027115,8.957737,9.027115,9.148392,9.355976,9.649315,9.580376,9.425079,9.200333,9.148392,9.131081,9.027115,9.044441,9.183022,9.425079,9.390537,9.061775,8.714558,8.540497,8.505650,8.575333,8.627563,8.923035,9.338692,9.355976,9.217640,8.957737,8.853588,8.870953,8.940388,8.784096,8.870953,8.853588,9.148392,9.355976,9.200333,8.749332,8.470791,8.401035,8.557915,8.383591,8.401035,8.488220,8.801476,9.476868,9.269539,8.853588,8.766716,8.714558,8.714558,8.470791,8.627563,8.784096,9.165710,9.597610,9.321407,9.079109,8.940388,8.731949,8.697163,8.679768,8.818848,9.009773,9.494129,9.649315,9.476868,9.286831,9.200333,9.252239,9.234943,9.286831,9.234943,9.494129,9.958965,9.855862,9.563126,9.373260,9.373260,9.390537,9.425079,9.476868,9.649315,10.010487,10.472908,10.558300,10.472908,10.164867,10.182007,10.250530,10.301891,10.370338,10.387436,10.558300,10.677727,10.728870,10.558300,10.421631,10.455822,10.728870,10.711826,10.848083,10.848083,10.797012,10.762939,10.626560,10.643623,10.694775,10.609497,10.643623,10.728870,10.609497,10.865101,10.814041,10.814041,10.779976,10.711826,10.831066,10.882126,10.933151,10.984158,10.967159,10.916145,11.018150,11.052120,11.086086,11.052120,11.052120,11.120033,11.018150,11.069107,11.001148,11.103065,11.221825,11.187904,11.187904,11.086086,11.187904,11.306557,11.306557,11.306557,11.306557,11.374298,11.323498,11.289619,11.289619,11.306557,11.391228,11.408150,11.441990,11.441990,11.492725,11.526535,11.458900,11.425068,11.441990,11.492725,11.475815,11.577221,11.594112,11.695396,11.729134,11.611008,11.745995,11.678528,11.813431,11.847122,11.863968,11.863968,11.779716,11.880806,12.099461,11.964966,11.863968,11.627888,11.391228,11.323498,11.204865,11.052120,11.018150,10.848083,10.814041,10.711826,10.609497,10.472908,10.370338,10.301891,10.233398,10.147728,9.993317,9.958965,10.061974,9.958965,9.976139,9.890244,9.958965,9.976139,9.890244,9.976139,10.044807,10.147728,10.216270,10.779976,10.779976,10.575371,10.455822,10.301891,10.182007,10.113426,10.010487,10.061974,10.044807,9.993317,9.941792,9.958965,9.976139,9.907425,9.976139,10.010487,9.976139,10.010487,10.027649,9.958965,9.873051,9.873051,9.873051,9.873051,9.855862,9.821461,9.890244,9.838661,9.890244,9.890244,9.787056,9.907425,9.873051,9.924606,9.821461,9.821461,9.873051,9.838661,9.769852,9.649315,9.752644,9.752644,9.718216,9.735428,9.700993,9.787056,9.700993,9.614849,9.941792,10.182007,10.096279,9.632080,9.442345,9.528633,9.407806,9.425079,9.614849,9.425079,9.425079,9.442345,9.511379,9.632080,9.735428,9.924606,9.976139,9.976139,9.976139,9.890244,9.855862,9.855862,9.890244,9.821461,9.838661,9.976139,10.113426,10.336117,10.387436,10.489990,10.558300,10.592438,10.779976,10.831066,10.677727,10.592438,10.558300,10.387436,10.199139,10.370338,10.267654,10.336117,10.404537,10.370338,10.541225,10.489990,10.472908,10.438725,10.455822,10.336117,10.301891,10.301891,10.319000,10.319000,10.284771,10.387436,10.336117,10.336117,10.336117,10.284771,10.233398,10.301891,10.404537,10.421631,10.387436,10.421631,10.472908,10.438725,10.507072,10.472908,10.524147,10.507072,10.455822,10.558300,10.558300,10.848083,10.916145,10.984158,10.524147,10.010487,9.890244,10.027649,9.890244,9.958965,9.958965,10.027649,10.044807,10.130581,10.233398,10.301891,10.284771,10.387436,10.455822,10.507072,10.643623,10.779976,10.677727,10.694775,10.643623,10.711826,10.728870,10.779976,10.882126,10.694775,10.643623,10.711826,10.797012,10.831066,10.950157,11.153976,10.984158,10.865101,10.779976,10.814041,10.694775,10.660679,10.507072,10.558300,10.609497,10.643623,10.711826,10.694775,10.558300,10.575371,10.660679,10.831066,10.984158,11.018150,10.745911,10.507072,10.507072,10.455822,10.507072,10.694775,10.677727,10.728870,10.762939,10.865101,10.967159,11.153976,11.103065,10.865101,10.643623,10.728870,10.694775,10.711826,10.677727,10.694775,10.677727,10.882126,10.899132,11.035133,10.899132,10.814041,10.882126,11.052120,11.289619,11.255722,11.255722,11.204865,11.187904,11.052120,11.035133,10.984158,11.001148,10.967159,11.018150,11.052120,10.950157,11.052120,11.187904,11.272675,11.272675,11.086086,11.018150,10.814041,10.797012,10.831066,10.745911,10.779976,10.677727,10.660679,10.660679,10.797012,10.711826,10.694775,10.694775,10.814041,10.831066,10.865101,10.711826,10.660679,10.643623,10.609497,10.643623,10.524147,10.626560,10.575371,10.558300,10.489990,10.472908,10.489990,10.472908,10.558300,10.660679,10.558300,10.404537,10.319000,10.421631,10.558300,10.541225,10.626560,10.677727,10.575371,10.558300,10.438725,10.370338,10.404537,10.404537,10.455822,10.387436,10.472908,10.472908,10.472908,10.541225,10.524147,10.507072,10.694775,10.694775,10.558300,10.575371,10.489990,10.421631,10.472908,10.489990,10.541225,10.507072,10.558300,10.592438,10.626560,10.558300,10.319000,10.336117,10.370338,10.558300,10.524147,10.336117,10.250530,10.250530,10.199139,10.301891,10.250530,10.353233,10.353233,10.404537,
4.128212,4.110050,3.946442,3.982819,4.055538,4.073711,4.091881,4.001003,4.037365,4.055538,4.146374,4.019184,4.001003,4.055538,4.091881,4.110050,4.055538,4.128212,4.164528,4.218987,4.200836,4.291550,4.255280,4.273415,4.454651,4.527058,4.743999,5.050598,5.338371,5.965206,6.606125,6.606125,6.446259,6.179276,6.107971,5.983063,6.072296,6.179276,6.392914,7.154926,7.963982,7.841270,7.137272,6.090134,5.392242,4.924461,4.545155,4.345943,4.146374,4.073711,3.982819,3.837234,3.746143,3.837234,3.964630,4.037365,4.019184,4.128212,4.291550,4.218987,4.218987,4.255280,4.364071,4.454651,4.472755,4.527058,4.508957,4.707874,4.906425,4.563248,4.255280,4.218987,4.273415,4.327812,4.545155,4.545155,4.508957,4.581333,4.599422,4.671738,4.725941,4.978535,4.780113,4.906425,5.032589,5.230549,5.356339,5.607468,5.607468,5.158604,4.870358,4.798172,4.707874,4.906425,4.906425,4.942490,5.050598,5.050598,5.104614,5.230549,5.464031,5.661201,5.679108,5.893753,6.357342,7.066605,7.788635,8.888317,9.113758,8.766716,8.766716,8.853588,9.683773,11.594112,12.819115,13.135342,12.969040,12.719025,12.551975,12.769081,13.002323,12.952389,12.451607,11.289619,10.438725,9.873051,9.683773,9.528633,9.476868,9.355976,9.855862,9.873051,9.683773,9.269539,8.992432,8.905678,8.975086,8.940388,9.096436,9.304119,9.597610,9.700993,9.442345,9.200333,9.269539,9.217640,9.061775,9.200333,9.131081,9.407806,9.373260,9.113758,8.784096,8.488220,8.470791,8.592743,8.644970,8.749332,9.252239,9.459610,9.407806,9.286831,9.165710,9.131081,9.165710,9.165710,9.027115,9.217640,9.304119,9.459610,9.390537,9.027115,8.557915,8.505650,8.627563,8.557915,8.575333,8.714558,8.888317,9.528633,9.632080,9.217640,8.957737,8.975086,8.905678,8.888317,8.975086,8.923035,9.528633,9.804260,9.563126,9.183022,9.304119,9.044441,8.766716,8.818848,8.801476,8.975086,9.494129,9.873051,9.735428,9.373260,9.321407,9.304119,9.407806,9.425079,9.390537,9.700993,10.130581,10.096279,9.683773,9.148392,8.975086,9.044441,9.044441,9.113758,9.234943,9.907425,10.575371,10.609497,10.524147,10.061974,10.044807,10.027649,10.113426,10.182007,10.353233,10.626560,10.643623,10.489990,10.027649,9.958965,9.924606,10.147728,10.404537,10.575371,10.728870,10.728870,10.592438,10.421631,10.353233,10.301891,10.301891,10.233398,10.267654,10.370338,10.643623,10.711826,10.694775,10.660679,10.660679,10.694775,10.592438,10.626560,10.677727,10.745911,10.745911,10.797012,10.882126,10.899132,10.660679,10.814041,10.882126,10.762939,10.677727,10.626560,10.882126,11.086086,10.916145,10.797012,10.797012,10.882126,10.950157,11.052120,11.120033,11.035133,11.052120,11.153976,11.204865,11.323498,11.374298,11.272675,11.272675,11.340439,11.492725,11.492725,11.560329,11.594112,11.543430,11.509636,11.611008,11.712273,11.745995,11.813431,11.796577,11.830276,11.796577,11.964966,12.015423,12.082661,12.099461,12.284077,12.317612,12.300850,12.384636,12.367878,12.367878,12.434868,12.284077,12.250546,12.200203,12.267311,12.049046,12.166641,12.133057,12.049046,12.015423,11.847122,11.762863,11.661655,11.526535,11.526535,11.357365,11.187904,11.221825,11.255722,11.255722,11.204865,11.052120,11.052120,11.035133,11.001148,10.882126,10.831066,10.984158,11.153976,11.611008,11.796577,11.560329,11.306557,11.137009,11.069107,10.950157,10.797012,10.592438,10.797012,10.745911,10.694775,10.558300,10.711826,10.507072,10.541225,10.387436,10.301891,10.267654,10.113426,10.130581,10.079128,10.216270,10.284771,10.233398,10.199139,10.199139,10.199139,10.147728,10.216270,10.164867,10.438725,10.558300,10.438725,10.421631,10.455822,10.524147,10.489990,10.387436,10.370338,10.404537,10.438725,10.301891,10.336117,10.387436,10.284771,10.216270,10.284771,10.182007,10.319000,10.489990,10.387436,10.182007,10.027649,9.924606,9.666546,9.804260,9.787056,9.855862,9.769852,9.752644,9.597610,9.683773,9.735428,9.632080,9.769852,9.804260,9.787056,9.632080,9.649315,9.614849,9.683773,9.614849,9.528633,9.632080,9.700993,10.199139,10.079128,10.130581,10.130581,10.643623,10.592438,10.762939,10.421631,10.216270,10.044807,9.907425,9.769852,9.838661,9.855862,9.804260,10.079128,10.216270,10.284771,10.267654,10.336117,10.353233,10.353233,10.421631,10.370338,10.421631,10.421631,10.421631,10.404537,10.301891,10.370338,10.250530,10.199139,10.199139,10.216270,10.336117,10.370338,10.438725,10.455822,10.472908,10.472908,10.643623,10.643623,10.797012,10.677727,10.643623,10.694775,10.660679,10.797012,10.848083,11.001148,10.728870,10.233398,9.924606,9.907425,9.907425,9.873051,9.804260,9.873051,9.855862,9.855862,9.787056,9.890244,9.821461,9.907425,9.907425,9.941792,9.924606,9.976139,10.096279,10.096279,10.182007,10.113426,10.130581,10.199139,10.301891,10.404537,10.524147,10.524147,10.643623,10.762939,10.967159,11.238777,11.306557,11.391228,11.137009,11.137009,11.137009,11.086086,11.069107,10.984158,11.086086,11.103065,11.153976,11.170944,11.103065,11.255722,11.103065,11.103065,11.204865,11.306557,11.187904,11.120033,11.035133,10.984158,11.035133,11.120033,11.120033,11.170944,11.255722,11.323498,11.340439,11.408150,11.475815,11.357365,11.238777,11.001148,10.848083,10.797012,10.882126,10.814041,10.797012,10.848083,10.916145,10.967159,10.933151,10.643623,10.677727,10.711826,10.899132,11.272675,11.221825,11.120033,11.035133,11.035133,11.035133,11.120033,11.137009,11.170944,11.204865,11.170944,11.221825,11.137009,11.238777,11.340439,11.357365,11.357365,11.357365,11.306557,11.221825,11.153976,11.052120,11.069107,10.933151,10.728870,10.831066,10.865101,11.018150,10.933151,10.899132,10.916145,10.797012,10.916145,10.899132,10.831066,10.728870,10.626560,10.660679,10.626560,10.711826,10.626560,10.541225,10.558300,10.643623,10.575371,10.524147,10.575371,10.745911,10.831066,10.814041,10.558300,10.455822,10.507072,10.455822,10.455822,10.575371,10.558300,10.421631,10.404537,10.370338,10.370338,10.455822,10.524147,10.524147,10.643623,10.592438,10.694775,10.660679,10.575371,10.677727,10.626560,10.626560,10.507072,10.609497,10.626560,10.660679,10.575371,10.575371,10.575371,10.609497,10.558300,10.626560,10.575371,10.592438,10.387436,10.284771,10.284771,10.387436,10.404537,10.404537,10.216270,10.250530,10.216270,10.250530,10.387436,10.284771,10.370338,10.404537,10.301891,
4.091881,4.291550,4.055538,3.891846,3.946442,4.001003,4.091881,3.964630,3.946442,4.073711,4.073711,4.146374,4.110050,4.073711,4.110050,4.055538,4.110050,4.091881,4.110050,4.200836,4.218987,4.200836,4.291550,4.327812,4.418427,4.617508,4.743999,4.798172,5.266499,5.732807,6.286148,6.570625,6.517342,6.214916,6.125797,6.197094,6.125797,6.107971,6.286148,6.748028,7.630577,8.051544,7.542656,6.517342,5.732807,5.302444,4.725941,4.490860,4.327812,4.110050,4.001003,3.819023,3.819023,4.019184,4.164528,4.128212,4.128212,4.218987,4.327812,4.128212,4.200836,4.237133,4.291550,4.436539,4.418427,4.382195,4.454651,4.725941,5.086613,4.563248,4.200836,4.237133,4.255280,4.418427,4.545155,4.581333,4.490860,4.490860,4.545155,4.599422,4.780113,4.978535,4.834267,4.924461,5.140610,5.356339,5.446091,5.625381,5.499908,5.104614,4.743999,4.653660,4.816223,4.780113,4.942490,4.978535,4.942490,5.068611,5.140610,5.248528,5.392242,5.517838,5.697014,5.750706,6.197094,6.889732,7.454662,8.470791,9.061775,8.888317,8.749332,8.697163,9.131081,10.643623,12.300850,12.852448,12.769081,12.735714,12.618832,12.802441,12.819115,12.752399,12.434868,11.509636,10.438725,9.787056,9.528633,9.407806,9.390537,9.217640,9.476868,9.649315,9.614849,9.061775,8.836220,8.697163,8.714558,8.697163,8.853588,8.923035,9.304119,9.442345,9.217640,8.888317,8.853588,8.627563,8.627563,8.679768,8.697163,8.957737,9.165710,9.148392,8.784096,8.453358,8.557915,8.540497,8.470791,8.575333,8.905678,9.511379,9.425079,9.321407,9.321407,9.217640,9.252239,9.148392,9.165710,9.113758,9.269539,9.528633,9.442345,9.131081,8.679768,8.470791,8.505650,8.523075,8.505650,8.644970,8.731949,9.494129,9.718216,9.614849,9.304119,9.234943,9.200333,9.079109,9.200333,9.131081,9.718216,9.752644,9.769852,9.373260,9.269539,9.183022,8.975086,9.027115,8.888317,8.992432,9.442345,9.958965,9.855862,9.494129,9.459610,9.442345,9.355976,9.459610,9.494129,9.821461,10.079128,10.267654,9.787056,9.113758,8.905678,8.940388,8.940388,8.940388,9.148392,9.855862,10.592438,10.694775,10.353233,10.044807,9.993317,10.027649,10.164867,10.199139,10.353233,10.779976,10.779976,10.250530,9.787056,9.666546,9.683773,9.718216,9.907425,10.096279,10.609497,10.745911,10.711826,10.336117,10.130581,10.130581,10.079128,9.993317,9.924606,10.233398,10.489990,10.745911,10.711826,10.660679,10.609497,10.438725,10.541225,10.472908,10.507072,10.489990,10.711826,10.814041,10.797012,10.541225,10.250530,10.370338,10.421631,10.421631,10.250530,10.267654,10.575371,10.745911,10.660679,10.609497,10.472908,10.541225,10.626560,10.711826,10.745911,10.745911,10.916145,11.103065,10.950157,10.882126,11.069107,11.103065,11.170944,11.187904,11.204865,11.391228,11.475815,11.441990,11.441990,11.560329,11.560329,11.661655,11.729134,11.695396,11.695396,11.695396,11.813431,11.914482,12.032238,12.133057,12.166641,12.351128,12.384636,12.401375,12.468342,12.485077,12.485077,12.518532,12.585411,12.585411,12.752399,12.852448,12.735714,12.735714,12.819115,12.769081,12.702332,12.719025,12.652241,12.685638,12.652241,12.702332,12.568703,12.618832,12.485077,12.535263,12.568703,12.568703,12.485077,12.585411,12.518532,12.451607,12.384636,12.183426,12.200203,12.334373,12.685638,12.802441,12.535263,12.485077,12.300850,12.149849,12.116257,12.183426,12.032238,11.998611,11.948143,11.813431,11.796577,11.914482,11.779716,11.543430,11.340439,11.289619,11.272675,11.052120,10.933151,10.916145,10.865101,11.052120,11.052120,10.967159,10.899132,10.814041,10.541225,10.626560,10.677727,11.340439,11.458900,11.170944,11.103065,11.018150,10.899132,11.035133,10.916145,10.899132,10.865101,10.916145,10.933151,10.882126,10.950157,10.848083,10.933151,10.950157,10.882126,10.967159,10.984158,10.950157,10.967159,10.694775,10.643623,10.745911,10.626560,10.677727,10.626560,10.660679,10.626560,10.524147,10.438725,10.455822,10.541225,10.387436,10.438725,10.370338,10.284771,10.370338,10.336117,10.216270,10.147728,10.182007,10.164867,10.233398,10.387436,10.301891,10.404537,10.199139,10.643623,10.728870,10.728870,10.113426,9.700993,9.511379,9.407806,9.459610,9.425079,9.425079,9.494129,9.511379,9.632080,9.511379,9.580376,9.649315,9.614849,9.804260,9.804260,9.821461,9.804260,9.838661,9.804260,9.632080,9.528633,9.511379,9.614849,9.614849,9.632080,9.821461,9.976139,10.250530,10.455822,10.558300,10.592438,10.643623,10.728870,10.848083,10.882126,10.967159,10.950157,10.916145,10.899132,10.984158,11.069107,11.052120,10.967159,10.745911,10.626560,10.575371,10.558300,10.489990,10.216270,10.164867,10.216270,10.182007,10.061974,10.010487,10.027649,10.096279,9.941792,9.941792,10.027649,9.993317,10.079128,9.993317,9.993317,9.958965,9.924606,10.010487,10.147728,9.941792,10.096279,10.079128,10.061974,10.370338,10.916145,11.052120,11.035133,10.779976,10.711826,10.660679,10.694775,10.745911,10.694775,10.694775,10.762939,10.762939,10.882126,10.950157,11.086086,11.120033,11.035133,11.137009,11.204865,11.238777,11.238777,11.170944,11.187904,11.272675,11.204865,11.289619,11.323498,11.492725,11.509636,11.577221,11.594112,11.594112,11.526535,11.543430,11.560329,11.306557,11.204865,11.137009,11.086086,10.984158,11.001148,11.086086,11.187904,11.187904,11.137009,10.711826,10.728870,10.762939,10.865101,11.137009,11.001148,10.916145,10.814041,10.762939,10.762939,10.831066,10.967159,10.916145,11.001148,11.069107,10.950157,10.950157,10.967159,11.069107,11.103065,11.069107,11.035133,11.103065,11.120033,11.120033,11.103065,11.153976,11.187904,10.984158,11.069107,10.984158,10.967159,11.035133,10.933151,11.018150,11.204865,11.103065,11.035133,10.984158,10.916145,10.933151,10.933151,10.984158,10.899132,10.831066,10.831066,10.950157,10.984158,10.711826,10.779976,10.967159,11.069107,11.052120,10.933151,10.848083,10.779976,10.660679,10.694775,10.592438,10.643623,10.541225,10.558300,10.507072,10.507072,10.592438,10.643623,10.694775,10.694775,10.694775,10.728870,10.779976,10.779976,10.643623,10.609497,10.507072,10.489990,10.472908,10.404537,10.592438,10.575371,10.541225,10.558300,10.660679,10.797012,10.643623,10.677727,10.524147,10.438725,10.387436,10.216270,10.336117,10.370338,10.301891,10.301891,10.336117,10.404537,10.489990,10.472908,10.507072,10.472908,10.387436,10.438725,10.455822,
4.091881,4.055538,4.110050,3.928246,4.037365,4.001003,3.964630,4.055538,3.946442,4.055538,4.091881,4.073711,4.182686,4.218987,4.037365,4.164528,4.110050,4.200836,4.146374,4.146374,4.182686,4.218987,4.291550,4.418427,4.327812,4.490860,4.581333,4.798172,5.068611,5.410194,5.965206,6.517342,6.535103,6.357342,6.197094,6.090134,6.143627,6.232731,6.107971,6.375134,7.013577,7.946465,7.928940,7.119606,6.179276,5.446091,4.996559,4.635590,4.309685,4.255280,3.964630,3.855442,3.964630,4.001003,4.073711,4.091881,4.091881,4.255280,4.273415,4.237133,4.273415,4.182686,4.345943,4.382195,4.418427,4.400314,4.400314,4.671738,4.816223,4.327812,4.237133,4.128212,4.309685,4.436539,4.635590,4.617508,4.545155,4.527058,4.599422,4.653660,4.798172,5.032589,4.924461,5.068611,5.374290,5.553699,5.428139,5.481972,5.356339,4.834267,4.725941,4.743999,4.743999,4.852314,4.942490,4.960514,4.834267,4.924461,5.014572,5.140610,5.338371,5.446091,5.571625,5.607468,5.875885,6.588379,7.296085,8.069046,9.027115,9.044441,8.818848,8.853588,8.836220,10.096279,12.200203,13.284760,13.301342,13.185173,13.018955,12.935738,12.719025,12.652241,12.451607,11.830276,10.728870,9.924606,9.700993,9.476868,9.269539,9.165710,9.165710,9.563126,9.563126,9.148392,8.940388,8.784096,8.679768,8.697163,8.697163,8.784096,9.096436,9.407806,9.286831,8.818848,8.627563,8.348686,8.261383,8.313774,8.261383,8.575333,9.061775,9.061775,8.679768,8.470791,8.505650,8.418476,8.505650,8.662369,8.801476,9.511379,9.528633,9.269539,8.992432,8.870953,8.801476,8.801476,8.731949,8.714558,8.905678,9.390537,9.407806,9.165710,8.870953,8.540497,8.575333,8.488220,8.470791,8.644970,8.766716,9.355976,9.614849,9.700993,9.476868,9.459610,9.407806,9.373260,9.407806,9.321407,9.494129,9.614849,9.614849,9.425079,9.304119,9.165710,9.027115,8.905678,8.992432,9.096436,9.442345,9.958965,9.821461,9.614849,9.442345,9.563126,9.511379,9.614849,9.632080,9.752644,10.044807,10.182007,9.873051,9.079109,8.888317,8.853588,8.818848,8.940388,9.079109,9.769852,10.507072,10.558300,10.164867,10.061974,10.113426,10.079128,10.130581,10.199139,10.370338,10.694775,10.779976,10.353233,9.735428,9.683773,9.614849,9.700993,9.873051,9.993317,10.455822,10.916145,10.899132,10.575371,10.301891,10.130581,10.061974,10.061974,10.113426,10.216270,10.507072,10.865101,10.950157,10.984158,10.694775,10.472908,10.541225,10.507072,10.489990,10.660679,10.779976,10.865101,10.609497,10.044807,9.873051,9.787056,9.890244,9.855862,9.907425,10.010487,10.643623,10.643623,10.694775,10.438725,10.147728,10.061974,10.182007,10.353233,10.319000,10.421631,10.831066,10.916145,10.779976,10.558300,10.575371,10.694775,10.728870,10.762939,10.950157,11.035133,11.204865,11.069107,11.170944,11.204865,11.289619,11.306557,11.323498,11.357365,11.323498,11.425068,11.695396,11.745995,11.830276,11.813431,11.779716,11.931309,12.032238,12.116257,12.166641,12.250546,12.351128,12.485077,12.602119,12.835777,12.919083,12.935738,12.869114,12.902435,13.002323,12.952389,12.869114,12.852448,12.935738,12.952389,13.035591,13.135342,13.002323,13.068855,13.068855,13.052223,13.052223,13.002323,12.985676,13.102104,13.068855,13.168564,13.201775,13.102104,13.068855,13.151951,13.301342,13.317928,13.301342,13.284760,13.218376,13.218376,13.168564,13.135342,13.185173,13.102104,13.102104,13.052223,12.985676,13.085476,13.068855,12.885777,12.785763,12.685638,12.668941,12.551975,12.451607,12.200203,12.133057,12.267311,12.300850,12.216988,12.183426,11.998611,11.813431,11.712273,11.863968,12.518532,12.618832,12.317612,12.082661,11.931309,11.863968,11.712273,11.594112,11.560329,11.644768,11.661655,11.543430,11.560329,11.458900,11.526535,11.560329,11.492725,11.425068,11.425068,11.408150,11.374298,11.340439,11.221825,11.272675,11.255722,11.306557,11.153976,11.187904,11.204865,11.120033,11.137009,11.103065,11.001148,11.153976,10.797012,11.187904,11.120033,11.137009,11.204865,11.120033,11.069107,11.238777,11.120033,11.187904,11.204865,11.272675,11.137009,11.001148,10.882126,11.120033,11.086086,10.916145,10.524147,10.353233,10.216270,10.147728,9.907425,9.838661,9.769852,9.924606,9.873051,9.941792,9.855862,9.804260,9.718216,9.683773,9.700993,9.632080,9.563126,9.632080,9.597610,9.528633,9.442345,9.355976,9.390537,9.511379,9.494129,9.580376,9.545887,9.597610,9.735428,10.387436,10.694775,10.575371,10.455822,10.575371,10.933151,10.933151,10.865101,10.797012,10.711826,10.711826,10.899132,11.052120,11.120033,11.137009,11.069107,11.120033,11.137009,11.018150,10.950157,10.831066,10.660679,10.626560,10.541225,10.489990,10.507072,10.370338,10.524147,10.438725,10.489990,10.524147,10.472908,10.507072,10.404537,10.404537,10.199139,10.336117,10.267654,10.284771,10.164867,10.164867,10.199139,10.182007,10.421631,10.797012,10.814041,10.694775,10.609497,10.575371,10.507072,10.507072,10.438725,10.370338,10.421631,10.541225,10.524147,10.609497,10.541225,10.541225,10.728870,10.745911,10.762939,10.728870,10.814041,10.745911,10.711826,10.745911,10.848083,10.933151,10.882126,10.899132,11.018150,11.120033,11.221825,11.153976,11.272675,11.340439,11.323498,11.170944,11.052120,10.967159,10.950157,10.865101,10.899132,11.170944,11.221825,11.187904,11.255722,11.120033,11.001148,10.916145,10.882126,10.899132,10.933151,10.848083,10.899132,10.779976,10.865101,10.797012,10.814041,10.762939,10.711826,10.797012,10.814041,10.848083,10.797012,10.865101,10.728870,10.814041,10.728870,10.609497,10.643623,10.677727,10.626560,10.592438,10.592438,10.660679,10.694775,10.745911,10.745911,10.762939,10.831066,10.779976,11.001148,11.153976,11.153976,10.984158,10.848083,10.899132,10.950157,10.865101,10.899132,10.984158,10.950157,10.950157,11.137009,11.035133,11.018150,11.069107,11.103065,11.069107,11.103065,11.137009,11.103065,11.018150,10.882126,10.882126,10.933151,10.865101,11.001148,11.052120,10.916145,10.899132,10.933151,10.984158,10.967159,10.916145,10.848083,10.865101,10.762939,10.779976,10.660679,10.609497,10.541225,10.609497,10.558300,10.541225,10.489990,10.643623,10.541225,10.592438,10.762939,10.762939,10.711826,10.507072,10.353233,10.404537,10.319000,10.233398,10.370338,10.267654,10.301891,10.096279,10.096279,10.130581,10.267654,10.216270,10.164867,10.267654,10.301891,10.199139,10.284771,
4.146374,4.110050,4.055538,3.964630,3.964630,4.001003,4.001003,3.982819,4.001003,3.964630,4.055538,4.110050,4.182686,4.055538,4.091881,4.146374,4.091881,4.110050,4.164528,4.164528,4.182686,4.237133,4.327812,4.364071,4.255280,4.382195,4.563248,4.617508,4.888393,5.302444,5.714912,6.268349,6.694839,6.499577,6.339550,6.054455,6.090134,5.965206,6.161457,6.125797,6.606125,7.630577,8.051544,7.560242,6.677101,5.875885,5.122616,4.816223,4.599422,4.255280,4.055538,3.837234,4.001003,4.073711,4.128212,4.164528,4.164528,4.200836,4.237133,4.327812,4.309685,4.382195,4.327812,4.364071,4.454651,4.436539,4.382195,4.472755,4.454651,4.218987,4.128212,4.182686,4.345943,4.508957,4.599422,4.545155,4.400314,4.472755,4.563248,4.490860,4.870358,5.086613,4.996559,5.535770,5.840134,5.983063,5.464031,5.374290,5.122616,4.888393,4.816223,4.762062,4.780113,4.780113,4.798172,4.906425,4.906425,4.924461,4.996559,5.104614,5.212570,5.428139,5.481972,5.464031,5.822250,6.446259,6.995895,7.700855,8.766716,9.234943,8.905678,8.923035,8.870953,9.666546,11.509636,12.568703,12.969040,12.935738,12.752399,12.501804,12.418129,12.166641,12.149849,11.577221,10.745911,9.958965,9.545887,9.217640,9.113758,8.975086,8.888317,9.373260,9.511379,9.373260,9.165710,8.992432,8.853588,8.784096,8.853588,8.905678,9.131081,9.269539,9.373260,9.027115,8.540497,8.366138,8.191483,8.243912,8.191483,8.383591,8.957737,8.905678,8.714558,8.401035,8.435913,8.435913,8.557915,8.627563,8.818848,9.338692,9.373260,9.217640,8.749332,8.610161,8.592743,8.592743,8.523075,8.540497,8.644970,9.044441,9.269539,9.183022,8.818848,8.540497,8.505650,8.488220,8.523075,8.523075,8.662369,9.079109,9.597610,9.683773,9.511379,9.373260,9.252239,9.131081,9.183022,9.113758,9.373260,9.476868,9.528633,9.338692,9.131081,9.044441,8.940388,8.714558,8.731949,8.870953,9.131081,9.700993,9.821461,9.632080,9.580376,9.580376,9.528633,9.632080,9.752644,9.769852,9.976139,10.044807,9.752644,8.940388,8.836220,8.940388,8.870953,8.697163,8.766716,9.494129,10.284771,10.353233,10.267654,10.164867,10.027649,10.044807,10.096279,10.010487,10.199139,10.660679,10.694775,10.438725,9.907425,9.718216,9.700993,9.821461,9.924606,10.113426,10.301891,10.831066,10.848083,10.541225,10.284771,10.199139,10.027649,9.976139,10.061974,10.233398,10.507072,10.984158,10.984158,10.882126,10.643623,10.370338,10.387436,10.370338,10.575371,10.797012,10.899132,10.882126,10.507072,10.027649,9.821461,9.821461,9.855862,9.907425,9.855862,10.216270,10.728870,10.728870,10.626560,10.284771,9.958965,9.821461,9.873051,10.044807,9.890244,10.130581,10.865101,10.916145,10.711826,10.319000,10.301891,10.284771,10.387436,10.404537,10.626560,10.831066,10.984158,10.916145,10.865101,10.711826,10.848083,10.950157,10.967159,10.882126,11.035133,11.238777,11.425068,11.492725,11.340439,11.069107,10.967159,11.153976,11.137009,11.255722,11.441990,11.729134,11.948143,12.334373,12.384636,12.535263,12.668941,12.618832,12.685638,12.835777,12.852448,12.819115,12.952389,12.719025,12.919083,12.985676,13.085476,13.102104,13.151951,13.068855,13.085476,12.935738,13.102104,13.118725,13.218376,13.234974,13.268166,13.268166,13.251579,13.251579,13.301342,13.400806,13.450489,13.483601,13.533249,13.615929,13.682022,13.682022,13.748062,13.648983,13.665508,13.599396,13.648983,13.648983,13.632454,13.682022,13.764572,13.748062,13.764572,13.648983,13.615929,13.566330,13.516701,13.317928,13.400806,13.118725,13.268166,13.400806,13.317928,13.268166,13.185173,13.251579,13.185173,13.467049,13.351086,13.301342,13.102104,13.018955,12.919083,12.869114,12.785763,12.752399,12.752399,12.668941,12.585411,12.568703,12.602119,12.585411,12.401375,12.418129,12.434868,12.317612,12.183426,12.166641,12.216988,12.116257,12.133057,12.049046,12.049046,11.981785,11.830276,11.847122,11.729134,11.729134,11.627888,11.762863,11.762863,11.661655,11.526535,11.441990,11.425068,11.509636,11.526535,11.509636,11.543430,11.644768,11.644768,11.695396,11.611008,11.543430,11.543430,11.408150,11.458900,11.425068,11.475815,11.475815,11.357365,11.425068,11.187904,11.086086,10.984158,10.797012,10.814041,10.865101,10.814041,10.779976,10.728870,10.711826,10.660679,10.575371,10.558300,10.524147,10.524147,10.455822,10.319000,10.199139,10.250530,10.079128,10.044807,10.027649,10.096279,9.907425,9.976139,10.182007,10.745911,10.865101,10.677727,10.507072,10.814041,10.916145,10.933151,10.848083,10.745911,10.711826,10.677727,10.728870,10.984158,11.001148,10.882126,11.035133,11.052120,10.848083,10.745911,10.626560,10.626560,10.541225,10.507072,10.524147,10.507072,10.489990,10.592438,10.592438,10.694775,10.797012,10.865101,10.984158,10.916145,10.899132,10.950157,10.882126,10.882126,10.728870,10.745911,10.694775,10.592438,10.575371,10.558300,10.626560,10.745911,10.762939,10.626560,10.609497,10.643623,10.626560,10.541225,10.558300,10.609497,10.694775,10.643623,10.711826,10.779976,10.677727,10.779976,10.848083,10.745911,10.797012,10.797012,10.814041,10.677727,10.643623,10.728870,10.745911,10.848083,10.711826,10.831066,10.848083,10.899132,10.882126,10.848083,11.103065,11.120033,11.069107,10.762939,10.677727,10.558300,10.507072,10.438725,10.404537,10.472908,10.626560,10.592438,10.472908,10.472908,10.507072,10.489990,10.592438,10.592438,10.524147,10.541225,10.507072,10.626560,10.677727,10.626560,10.711826,10.814041,10.882126,10.882126,10.745911,10.865101,10.848083,10.865101,11.018150,10.916145,10.848083,10.694775,10.541225,10.609497,10.455822,10.626560,10.626560,10.643623,10.660679,10.660679,10.677727,10.592438,10.643623,10.694775,10.967159,11.001148,10.882126,10.831066,10.865101,11.018150,10.916145,11.001148,10.967159,10.984158,10.916145,10.848083,10.933151,10.899132,10.797012,10.779976,10.831066,10.967159,10.984158,10.899132,10.797012,10.797012,10.762939,10.711826,10.728870,10.831066,10.984158,10.950157,10.797012,10.814041,10.848083,10.899132,10.984158,11.035133,10.848083,10.745911,10.779976,10.677727,10.694775,10.660679,10.575371,10.541225,10.524147,10.507072,10.643623,10.626560,10.677727,10.711826,10.779976,10.711826,10.711826,10.626560,10.558300,10.677727,10.677727,10.660679,10.643623,10.404537,10.284771,10.216270,10.250530,10.267654,10.301891,10.284771,10.199139,10.199139,10.164867,9.993317,10.061974,
4.128212,4.164528,4.091881,4.019184,3.946442,3.928246,3.982819,3.946442,3.946442,4.019184,4.019184,4.146374,4.164528,4.110050,4.128212,4.037365,4.110050,4.128212,4.182686,4.073711,4.273415,4.237133,4.327812,4.345943,4.345943,4.382195,4.436539,4.508957,4.780113,4.978535,5.428139,5.893753,6.570625,6.712570,6.392914,6.161457,6.107971,6.107971,6.018761,6.179276,6.428486,7.207882,8.156513,7.963982,7.137272,6.214916,5.589546,5.068611,4.653660,4.490860,4.400314,4.164528,4.146374,4.164528,4.200836,4.255280,4.218987,4.291550,4.200836,4.237133,4.309685,4.400314,4.291550,4.436539,4.508957,4.436539,4.490860,4.472755,4.400314,4.164528,4.091881,4.237133,4.291550,4.527058,4.599422,4.490860,4.418427,4.527058,4.382195,4.743999,5.068611,5.086613,5.176598,5.643291,5.983063,6.428486,5.875885,5.320412,5.068611,4.960514,4.906425,4.852314,4.906425,4.798172,4.888393,4.888393,4.906425,4.906425,4.978535,5.014572,5.122616,5.248528,5.428139,5.374290,5.589546,6.339550,6.748028,7.454662,8.331230,9.148392,9.044441,8.870953,8.923035,9.183022,10.370338,11.644768,11.931309,11.897648,11.897648,11.678528,11.391228,11.272675,11.425068,11.425068,10.779976,9.890244,9.321407,9.131081,8.940388,8.870953,8.818848,9.061775,9.321407,9.425079,9.079109,8.923035,8.749332,8.749332,8.697163,8.836220,8.923035,9.183022,9.200333,8.940388,8.418476,8.243912,8.086544,8.139027,8.243912,8.261383,8.697163,8.836220,8.731949,8.453358,8.418476,8.383591,8.523075,8.488220,8.731949,9.183022,9.217640,9.131081,8.679768,8.470791,8.401035,8.418476,8.488220,8.505650,8.523075,8.697163,9.096436,9.009773,8.853588,8.435913,8.523075,8.540497,8.540497,8.557915,8.575333,8.853588,9.597610,9.614849,9.390537,9.044441,9.027115,8.870953,8.905678,8.853588,8.992432,9.321407,9.407806,9.321407,9.044441,8.784096,8.610161,8.523075,8.610161,8.627563,8.905678,9.545887,9.700993,9.597610,9.338692,9.234943,9.183022,9.252239,9.286831,9.407806,9.855862,9.855862,9.597610,8.940388,8.749332,8.697163,8.644970,8.731949,8.749332,9.131081,10.061974,10.233398,10.216270,10.079128,10.010487,10.010487,10.113426,10.079128,10.182007,10.558300,10.472908,10.438725,9.855862,9.769852,9.718216,9.752644,9.993317,10.164867,10.216270,10.643623,10.643623,10.455822,10.336117,10.250530,10.130581,10.147728,10.182007,10.319000,10.541225,10.899132,10.797012,10.745911,10.609497,10.130581,10.199139,10.079128,10.370338,10.899132,10.899132,11.018150,10.541225,10.027649,9.735428,9.700993,9.666546,9.614849,9.735428,10.096279,10.745911,10.831066,10.626560,10.182007,9.890244,9.873051,9.976139,10.164867,10.130581,10.301891,10.916145,11.052120,10.779976,10.301891,10.233398,10.233398,10.301891,10.301891,10.489990,10.831066,11.086086,11.103065,10.643623,10.643623,10.524147,10.694775,10.814041,10.711826,10.933151,11.204865,11.492725,11.560329,10.984158,10.541225,10.370338,10.421631,10.472908,10.421631,10.609497,11.069107,11.863968,12.166641,12.133057,12.116257,12.082661,12.049046,12.250546,12.351128,12.501804,12.535263,12.585411,12.568703,12.518532,12.451607,12.535263,12.652241,12.535263,12.551975,12.635536,12.752399,12.969040,13.002323,12.969040,13.002323,13.052223,13.068855,13.035591,13.085476,13.185173,13.102104,13.483601,13.615929,13.467049,13.483601,13.715046,13.814064,13.715046,13.665508,13.549789,13.582870,13.781071,13.830551,14.077572,14.011765,14.044678,14.094013,14.077572,14.110455,13.978848,13.863529,13.797565,13.863529,13.863529,13.797565,13.847038,13.962376,13.830551,13.962376,13.929443,13.962376,13.945911,13.978848,13.945911,13.995308,13.797565,13.682022,13.665508,13.764572,13.582870,13.764572,13.648983,13.615929,13.632454,13.665508,13.748062,13.665508,13.533249,13.516701,13.516701,13.433933,13.317928,13.234974,13.234974,13.251579,13.185173,13.118725,13.002323,12.885777,12.819115,12.802441,12.735714,12.852448,12.735714,12.902435,12.802441,12.551975,12.300850,11.914482,11.880806,11.931309,11.880806,12.015423,12.133057,12.216988,12.334373,12.099461,12.049046,11.931309,11.813431,11.678528,11.762863,11.678528,11.863968,12.065849,11.981785,12.032238,11.695396,11.695396,11.577221,11.391228,11.441990,11.425068,11.560329,11.560329,11.577221,11.712273,11.560329,11.560329,11.577221,11.458900,11.323498,11.425068,11.391228,11.357365,11.340439,11.238777,11.238777,11.187904,11.103065,11.120033,10.967159,11.086086,11.170944,11.170944,10.967159,11.018150,11.221825,11.340439,11.238777,11.255722,11.221825,11.170944,11.069107,11.187904,11.103065,11.086086,10.967159,10.848083,10.848083,10.831066,10.762939,10.694775,10.626560,10.745911,11.001148,10.916145,10.762939,10.745911,10.745911,10.762939,10.831066,10.984158,11.086086,11.187904,11.238777,11.052120,10.967159,10.882126,10.660679,10.626560,10.779976,10.677727,10.507072,10.336117,10.472908,10.336117,10.507072,10.404537,10.438725,10.472908,10.558300,10.336117,10.267654,10.404537,10.558300,10.558300,10.728870,10.797012,10.797012,10.848083,10.865101,10.950157,10.899132,10.967159,11.035133,11.153976,11.052120,10.950157,10.882126,10.797012,10.899132,10.831066,10.865101,10.882126,10.814041,10.762939,10.762939,11.035133,11.035133,10.967159,10.745911,10.609497,10.592438,10.558300,10.524147,10.438725,10.472908,10.455822,10.336117,10.301891,10.301891,10.387436,10.387436,10.421631,10.336117,10.216270,10.319000,10.319000,10.489990,10.455822,10.455822,10.472908,10.541225,10.626560,10.762939,10.865101,10.831066,10.916145,10.882126,11.035133,10.967159,10.779976,10.660679,10.575371,10.438725,10.558300,10.626560,10.660679,10.677727,10.762939,10.762939,10.626560,10.728870,10.797012,10.865101,10.916145,10.899132,10.831066,10.950157,10.984158,11.001148,10.950157,11.018150,10.984158,10.950157,10.848083,10.967159,10.933151,10.882126,10.848083,10.848083,10.865101,10.950157,10.933151,10.882126,10.762939,10.814041,10.831066,10.694775,10.779976,10.984158,10.831066,10.865101,10.643623,10.626560,10.779976,10.865101,10.899132,10.848083,10.762939,10.728870,10.558300,10.353233,10.267654,10.301891,10.233398,10.147728,10.130581,10.216270,10.233398,10.267654,10.267654,10.233398,10.284771,10.370338,10.558300,10.575371,10.472908,10.541225,10.575371,10.609497,10.370338,10.370338,10.301891,10.147728,10.284771,10.284771,10.404537,10.387436,10.524147,10.404537,10.284771,10.233398,10.061974,
4.037365,4.164528,4.055538,4.073711,3.982819,4.037365,3.964630,4.019184,4.037365,4.037365,4.055538,4.091881,4.091881,4.128212,4.091881,4.091881,4.128212,4.164528,4.073711,4.200836,4.200836,4.110050,4.237133,4.273415,4.382195,4.400314,4.400314,4.508957,4.707874,4.852314,5.176598,5.517838,6.357342,6.641617,6.623875,6.232731,6.054455,6.000916,6.054455,6.054455,6.161457,6.730297,7.700855,7.999016,7.507469,6.606125,5.786484,5.338371,5.014572,4.689812,4.309685,4.164528,4.164528,4.255280,4.146374,4.237133,4.291550,4.182686,4.255280,4.164528,4.309685,4.454651,4.508957,4.508957,4.508957,4.527058,4.527058,4.472755,4.364071,4.128212,4.128212,4.237133,4.327812,4.472755,4.472755,4.545155,4.436539,4.273415,4.400314,5.014572,5.194580,5.176598,5.464031,5.822250,6.214916,6.942829,6.464035,5.158604,4.942490,4.906425,4.798172,4.725941,4.816223,4.888393,4.906425,4.942490,4.996559,4.924461,5.032589,5.068611,5.104614,5.266499,5.356339,5.428139,5.464031,5.965206,6.623875,7.278450,7.911411,9.061775,9.096436,8.923035,8.940388,8.940388,9.700993,10.899132,11.391228,11.560329,11.289619,11.187904,10.814041,10.558300,10.848083,11.153976,10.797012,9.924606,9.355976,8.992432,8.853588,8.644970,8.592743,8.870953,9.269539,9.165710,8.923035,8.731949,8.488220,8.435913,8.383591,8.366138,8.575333,8.957737,8.957737,8.679768,8.226437,7.911411,7.876347,7.946465,7.981499,7.981499,8.278851,8.592743,8.592743,8.488220,8.523075,8.540497,8.627563,8.610161,8.784096,8.957737,8.992432,8.992432,8.592743,8.366138,8.313774,8.348686,8.331230,8.313774,8.278851,8.331230,8.992432,8.818848,8.766716,8.488220,8.540497,8.505650,8.523075,8.575333,8.644970,8.818848,9.338692,9.407806,9.252239,8.818848,8.731949,8.749332,8.644970,8.610161,8.766716,9.061775,9.183022,9.252239,8.957737,8.644970,8.383591,8.383591,8.383591,8.523075,8.662369,9.269539,9.338692,9.355976,9.027115,8.905678,8.888317,8.905678,8.888317,8.957737,9.286831,9.476868,9.649315,8.923035,8.505650,8.470791,8.505650,8.610161,8.505650,8.870953,9.735428,10.010487,9.769852,9.373260,9.200333,9.200333,9.200333,9.425079,9.545887,10.010487,10.301891,10.301891,9.855862,9.649315,9.632080,9.718216,9.787056,9.958965,9.993317,10.301891,10.524147,10.472908,10.370338,10.301891,10.319000,10.267654,10.421631,10.455822,10.575371,10.728870,10.660679,10.575371,10.438725,10.096279,10.096279,10.130581,10.267654,10.592438,10.711826,10.745911,10.524147,10.044807,9.873051,9.718216,9.632080,9.580376,9.545887,9.752644,10.575371,10.660679,10.455822,10.010487,9.787056,9.838661,9.855862,9.993317,10.027649,10.267654,10.899132,10.984158,10.677727,10.404537,10.267654,10.267654,10.421631,10.404537,10.438725,10.762939,11.137009,11.340439,10.882126,10.575371,10.575371,10.660679,10.779976,10.916145,11.001148,11.289619,11.492725,11.441990,11.103065,10.438725,10.284771,10.199139,10.164867,10.233398,10.336117,10.848083,11.712273,11.964966,11.998611,11.813431,11.678528,11.745995,11.863968,11.847122,12.099461,12.183426,12.367878,12.233765,11.847122,11.611008,11.661655,11.678528,11.492725,11.644768,11.796577,12.267311,12.568703,12.735714,12.501804,12.233765,12.166641,12.250546,12.300850,12.451607,12.568703,12.902435,13.218376,13.384232,13.467049,13.185173,13.301342,13.450489,13.483601,13.417366,13.351086,13.467049,13.615929,13.912971,13.962376,14.044678,14.044678,14.126900,14.126900,13.978848,13.814064,13.731560,13.863529,13.912971,13.978848,14.077572,14.126900,14.209038,14.192616,14.258289,14.192616,14.192616,14.291111,14.274704,14.307518,14.258289,14.176193,14.176193,14.258289,14.340313,14.438644,14.422272,14.356716,14.307518,14.323921,14.389496,14.291111,14.323921,14.291111,14.225464,14.209038,14.192616,14.159763,14.110455,14.094013,13.995308,14.011765,13.880009,13.830551,13.896488,14.044678,13.929443,13.880009,14.044678,13.995308,13.962376,14.011765,13.814064,13.533249,13.516701,13.450489,13.483601,13.516701,13.500156,13.500156,13.615929,13.698540,13.566330,13.367657,13.268166,13.234974,13.102104,12.919083,12.919083,12.985676,13.135342,12.969040,12.902435,12.719025,12.551975,12.468342,12.384636,12.367878,12.451607,12.451607,12.384636,12.602119,12.685638,12.719025,12.618832,12.585411,12.401375,12.317612,12.200203,12.200203,12.116257,11.981785,11.897648,11.863968,11.897648,11.914482,11.880806,11.796577,11.762863,11.745995,11.847122,11.813431,11.695396,11.712273,11.779716,11.745995,11.729134,11.678528,11.762863,11.661655,11.712273,11.762863,11.594112,11.560329,11.526535,11.492725,11.289619,11.340439,11.255722,11.255722,11.340439,11.391228,11.306557,11.340439,11.289619,11.170944,11.221825,11.238777,11.255722,11.306557,11.323498,11.391228,11.306557,10.984158,10.643623,10.353233,10.541225,10.421631,10.284771,10.250530,10.147728,10.096279,10.096279,10.130581,10.113426,10.113426,10.233398,10.044807,9.993317,9.976139,10.027649,10.079128,10.164867,10.387436,10.284771,10.319000,10.319000,10.438725,10.541225,10.745911,11.103065,11.120033,11.052120,11.035133,10.882126,10.745911,10.660679,10.762939,10.745911,10.745911,10.711826,10.745911,10.643623,10.728870,10.865101,10.967159,10.814041,10.814041,10.865101,10.831066,10.797012,10.779976,10.779976,10.694775,10.762939,10.797012,10.848083,10.797012,10.728870,10.575371,10.626560,10.592438,10.797012,10.694775,10.779976,10.797012,10.745911,10.728870,10.694775,10.797012,10.814041,10.779976,10.779976,10.762939,10.984158,11.035133,10.984158,10.899132,10.882126,10.762939,10.728870,10.677727,10.660679,10.694775,10.694775,10.728870,10.797012,10.762939,10.745911,10.762939,10.797012,10.848083,10.984158,10.933151,10.933151,11.001148,11.052120,11.120033,11.069107,11.052120,11.052120,10.950157,10.933151,10.984158,10.967159,10.933151,11.052120,11.052120,11.086086,11.052120,11.001148,10.967159,10.984158,10.984158,10.933151,10.899132,10.865101,10.779976,10.831066,10.831066,10.814041,10.831066,10.984158,11.052120,10.933151,10.882126,10.762939,10.797012,10.745911,10.609497,10.438725,10.387436,10.216270,10.199139,10.301891,10.216270,10.147728,10.113426,10.096279,10.147728,10.113426,10.096279,10.010487,10.096279,9.976139,10.027649,9.838661,9.855862,9.787056,9.787056,9.632080,9.666546,9.718216,9.855862,10.370338,10.353233,10.353233,10.301891,10.233398,10.147728,10.096279,
3.982819,3.982819,4.128212,3.982819,3.946442,3.964630,3.946442,3.964630,4.019184,4.055538,4.091881,4.164528,4.110050,4.037365,4.073711,4.073711,4.110050,4.037365,4.055538,4.128212,4.110050,4.182686,4.255280,4.345943,4.255280,4.273415,4.309685,4.345943,4.563248,4.617508,4.816223,5.302444,5.732807,6.464035,6.570625,6.303955,6.107971,5.983063,5.965206,6.018761,6.036610,6.339550,7.190231,8.034035,7.963982,7.066605,6.286148,5.643291,5.194580,4.762062,4.400314,4.345943,4.345943,4.237133,4.255280,4.218987,4.273415,4.146374,4.128212,4.146374,4.291550,4.490860,4.689812,4.743999,4.563248,4.508957,4.400314,4.237133,4.091881,4.037365,4.019184,4.073711,4.400314,4.364071,4.472755,4.309685,4.237133,4.091881,4.635590,5.212570,5.284477,5.356339,5.661201,5.911625,6.286148,7.031254,6.570625,5.050598,4.906425,4.870358,4.888393,4.725941,4.942490,4.996559,4.942490,4.978535,4.960514,4.978535,5.050598,5.086613,5.122616,5.230549,5.284477,5.446091,5.481972,5.714912,6.428486,6.925133,7.595413,8.470791,8.905678,8.923035,8.836220,8.870953,9.304119,10.336117,11.153976,11.137009,11.069107,10.865101,10.541225,10.387436,10.455822,10.933151,10.814041,10.044807,9.476868,9.096436,8.923035,8.679768,8.627563,8.784096,9.113758,9.113758,8.923035,8.505650,8.418476,8.366138,8.208961,8.243912,8.243912,8.557915,8.644970,8.453358,8.069046,7.788635,7.771088,7.718422,7.700855,7.806187,7.963982,8.313774,8.383591,8.296310,8.348686,8.331230,8.435913,8.523075,8.592743,8.557915,8.662369,8.610161,8.523075,8.208961,8.069046,8.226437,8.069046,8.086544,8.121536,8.051544,8.488220,8.731949,8.679768,8.662369,8.557915,8.662369,8.679768,8.749332,8.801476,8.870953,9.131081,9.200333,9.165710,8.870953,8.801476,8.662369,8.644970,8.470791,8.505650,8.697163,9.061775,9.009773,8.818848,8.557915,8.418476,8.418476,8.470791,8.435913,8.470791,9.027115,9.252239,9.252239,8.801476,8.714558,8.784096,8.697163,8.731949,8.784096,8.975086,9.321407,9.580376,9.061775,8.453358,8.383591,8.383591,8.418476,8.557915,8.697163,9.355976,9.597610,9.597610,8.940388,8.610161,8.557915,8.592743,8.731949,8.818848,9.614849,10.010487,10.079128,9.718216,9.373260,9.252239,9.304119,9.494129,9.511379,9.632080,10.079128,10.216270,10.199139,10.010487,9.976139,9.907425,9.873051,10.079128,10.061974,10.216270,10.404537,10.489990,10.387436,10.370338,10.061974,10.130581,10.130581,10.387436,10.370338,10.421631,10.660679,10.507072,10.319000,10.199139,10.147728,10.010487,9.976139,9.821461,10.044807,10.370338,10.507072,10.336117,9.855862,9.476868,9.597610,9.476868,9.666546,9.614849,9.907425,10.575371,10.831066,10.762939,10.387436,10.353233,10.301891,10.370338,10.353233,10.558300,10.711826,11.170944,11.238777,10.984158,10.524147,10.558300,10.660679,10.677727,10.814041,10.865101,11.204865,11.340439,11.475815,10.950157,10.387436,10.147728,10.044807,10.113426,10.113426,10.216270,10.745911,11.458900,11.644768,11.678528,11.441990,11.187904,11.458900,11.560329,11.594112,11.695396,12.049046,12.133057,12.049046,11.441990,11.086086,10.984158,10.967159,11.035133,11.103065,11.170944,11.813431,12.149849,12.250546,11.729134,11.137009,10.984158,11.086086,11.137009,11.221825,11.458900,12.149849,12.702332,12.902435,12.785763,12.501804,12.602119,12.702332,12.785763,12.819115,12.902435,13.168564,13.301342,13.566330,13.615929,13.599396,13.698540,13.764572,13.797565,13.698540,13.599396,13.450489,13.648983,13.847038,13.945911,13.962376,13.830551,13.978848,14.159763,14.077572,14.209038,14.044678,14.143326,14.373108,14.373108,14.422272,14.323921,14.258289,14.487770,14.553234,14.634995,14.618649,14.733006,14.634995,14.455032,14.487770,14.455032,14.340313,14.405884,14.422272,14.487770,14.422272,14.307518,14.373108,14.356716,14.340313,14.389496,14.536880,14.504147,14.455032,14.618649,14.716679,14.618649,14.520515,14.520515,14.536880,14.536880,14.487770,14.520515,14.553234,14.602299,14.700352,14.716679,14.733006,14.847221,14.912418,14.912418,14.977566,14.863525,14.847221,14.781967,14.781967,14.667679,14.700352,14.618649,14.520515,14.340313,14.340313,14.274704,14.291111,14.094013,14.077572,14.028225,14.061119,13.945911,13.896488,13.896488,13.929443,13.978848,13.929443,13.764572,13.748062,13.582870,13.417366,13.433933,13.367657,13.102104,13.002323,12.885777,12.869114,12.769081,12.752399,12.819115,12.785763,12.735714,12.735714,12.769081,12.518532,12.518532,12.585411,12.535263,12.317612,12.384636,12.351128,12.317612,12.233765,12.149849,12.133057,12.116257,11.998611,11.863968,11.863968,11.813431,11.712273,11.695396,11.661655,11.745995,11.712273,11.745995,11.695396,11.695396,11.594112,11.577221,11.644768,11.594112,11.611008,11.560329,11.492725,11.340439,11.137009,11.153976,11.086086,10.814041,10.779976,10.728870,10.643623,10.575371,10.524147,10.524147,10.524147,10.524147,10.370338,10.353233,10.301891,10.284771,10.216270,10.130581,10.301891,10.233398,10.164867,10.199139,10.284771,10.267654,10.336117,10.677727,11.018150,10.933151,11.052120,10.848083,10.575371,10.455822,10.489990,10.541225,10.455822,10.438725,10.404537,10.353233,10.319000,10.404537,10.455822,10.541225,10.541225,10.575371,10.626560,10.541225,10.814041,10.814041,10.950157,11.018150,11.001148,11.035133,11.120033,10.916145,10.882126,10.797012,10.967159,10.950157,11.153976,11.187904,11.187904,11.153976,11.170944,11.137009,11.001148,11.035133,11.018150,11.018150,10.916145,10.950157,11.086086,11.103065,11.153976,11.120033,11.120033,11.086086,11.103065,11.052120,11.069107,11.120033,11.103065,11.103065,11.069107,11.035133,10.984158,11.052120,10.916145,10.899132,10.865101,10.831066,10.916145,10.899132,10.831066,10.848083,10.865101,10.848083,10.831066,10.831066,10.848083,10.831066,10.814041,10.814041,10.933151,11.052120,11.035133,11.001148,11.001148,11.018150,10.967159,10.899132,10.916145,10.899132,10.916145,10.984158,11.001148,11.052120,11.103065,10.984158,10.984158,10.865101,10.916145,10.831066,10.865101,10.916145,10.933151,10.933151,10.865101,10.745911,10.797012,10.677727,10.592438,10.609497,10.660679,10.558300,10.489990,10.455822,10.421631,10.233398,10.216270,10.113426,10.096279,9.976139,9.769852,9.718216,9.752644,9.838661,9.769852,9.821461,9.752644,9.993317,10.370338,10.301891,10.182007,9.769852,9.632080,9.597610,9.718216,
4.055538,4.128212,4.110050,4.073711,3.891846,3.837234,3.946442,3.946442,4.019184,4.091881,4.218987,4.237133,4.164528,4.128212,4.091881,4.128212,4.073711,4.110050,4.091881,4.055538,4.110050,4.128212,4.200836,4.345943,4.309685,4.345943,4.364071,4.364071,4.436539,4.545155,4.924461,4.996559,5.428139,6.143627,6.694839,6.428486,6.214916,6.197094,5.983063,6.036610,6.072296,6.214916,6.907440,7.858810,8.139027,7.595413,6.730297,6.000916,5.571625,5.068611,4.563248,4.490860,4.490860,4.327812,4.200836,4.182686,4.237133,4.218987,4.146374,4.128212,4.237133,4.563248,4.725941,4.545155,4.454651,4.527058,4.454651,4.327812,4.055538,3.982819,4.037365,4.128212,4.418427,4.490860,4.382195,4.345943,4.128212,4.110050,4.960514,5.266499,5.284477,5.499908,5.893753,6.000916,6.481804,7.119606,6.303955,4.852314,4.780113,4.888393,4.906425,4.671738,4.906425,5.086613,5.050598,5.014572,4.996559,5.104614,5.122616,4.978535,5.014572,5.158604,5.194580,5.374290,5.410194,5.697014,6.143627,6.535103,7.207882,7.963982,8.888317,8.957737,8.836220,8.801476,8.992432,9.735428,10.575371,10.745911,10.711826,10.558300,10.267654,10.216270,10.387436,10.677727,10.745911,10.336117,9.787056,9.425079,9.183022,8.853588,8.801476,8.818848,9.009773,8.992432,8.784096,8.644970,8.261383,8.191483,8.069046,8.086544,8.051544,8.331230,8.488220,8.348686,7.876347,7.806187,7.683289,7.648148,7.665718,7.648148,7.841270,8.208961,8.348686,8.208961,8.069046,8.139027,7.999016,8.226437,8.366138,8.278851,8.226437,8.453358,8.383591,8.086544,7.946465,7.911411,7.876347,7.858810,7.806187,7.806187,8.191483,8.488220,8.610161,8.453358,8.418476,8.470791,8.557915,8.575333,8.610161,8.714558,8.905678,8.975086,8.957737,8.662369,8.662369,8.714558,8.488220,8.401035,8.278851,8.540497,8.784096,8.801476,8.610161,8.557915,8.505650,8.401035,8.540497,8.505650,8.540497,8.940388,9.096436,9.044441,8.714558,8.610161,8.627563,8.610161,8.697163,8.679768,8.749332,9.217640,9.217640,8.992432,8.453358,8.348686,8.383591,8.401035,8.418476,8.505650,9.148392,9.442345,9.442345,8.957737,8.453358,8.366138,8.348686,8.470791,8.523075,9.200333,9.804260,9.873051,9.545887,9.096436,9.044441,9.096436,9.044441,9.131081,9.407806,9.821461,10.044807,9.958965,9.700993,9.545887,9.614849,9.597610,9.614849,9.649315,9.838661,10.164867,10.336117,10.079128,10.079128,10.079128,10.079128,10.113426,10.233398,10.147728,10.216270,10.284771,10.319000,10.130581,10.096279,10.010487,9.976139,9.924606,9.958965,9.976139,10.301891,10.182007,10.164867,9.718216,9.407806,9.407806,9.407806,9.494129,9.476868,9.580376,10.301891,10.575371,10.677727,10.489990,10.421631,10.421631,10.524147,10.592438,10.677727,10.865101,11.069107,11.153976,10.694775,10.370338,10.336117,10.575371,10.592438,10.660679,10.797012,11.018150,11.289619,11.272675,10.984158,10.421631,10.216270,10.147728,10.061974,10.010487,10.147728,10.643623,11.391228,11.374298,11.340439,10.933151,10.711826,10.762939,11.018150,11.069107,11.221825,11.695396,11.914482,11.745995,11.204865,10.848083,10.728870,10.677727,10.694775,10.797012,11.001148,11.644768,11.880806,11.762863,11.204865,10.728870,10.609497,10.592438,10.626560,10.643623,11.018150,11.611008,12.149849,12.133057,11.847122,11.729134,11.796577,11.914482,11.863968,12.049046,12.233765,12.685638,12.935738,13.018955,12.835777,12.835777,12.902435,13.002323,13.035591,12.985676,12.985676,13.052223,13.417366,13.582870,13.400806,13.135342,13.168564,13.102104,12.869114,13.301342,13.384232,13.516701,13.781071,14.110455,14.094013,14.126900,14.011765,14.011765,14.077572,14.126900,14.241875,14.291111,14.340313,14.356716,14.307518,14.373108,14.143326,13.863529,14.011765,14.028225,14.209038,14.159763,14.077572,14.011765,14.126900,14.258289,14.455032,14.667679,14.634995,14.749332,14.749332,14.798294,14.684017,14.602299,14.602299,14.749332,14.765656,14.700352,14.798294,14.879829,14.993847,15.058941,15.172733,15.302612,15.448486,15.497055,15.545601,15.658775,15.610291,15.755661,15.787926,15.820190,15.771801,15.804058,15.691078,15.674923,15.561783,15.577946,15.497055,15.529427,15.448486,15.497055,15.335041,15.172733,15.156490,15.172733,15.205219,15.188980,15.123981,15.140236,15.140236,14.944996,14.928707,14.814606,14.733006,14.618649,14.471405,14.487770,14.340313,14.258289,14.258289,14.028225,14.044678,14.143326,14.159763,14.044678,14.126900,13.929443,13.962376,13.912971,13.880009,13.648983,13.549789,13.417366,13.151951,13.234974,13.168564,13.168564,13.085476,12.952389,12.835777,12.719025,12.618832,12.468342,12.551975,12.451607,12.300850,12.216988,12.351128,12.267311,12.116257,12.082661,12.065849,12.099461,12.032238,11.981785,12.049046,11.998611,11.948143,11.897648,11.830276,11.813431,11.729134,11.745995,11.627888,11.577221,11.577221,11.458900,11.391228,11.340439,11.391228,11.408150,11.357365,11.238777,11.103065,11.120033,11.052120,11.035133,11.001148,11.001148,10.916145,10.831066,10.831066,10.848083,11.086086,11.238777,11.170944,11.069107,10.882126,10.865101,10.762939,10.541225,10.609497,10.472908,10.472908,10.438725,10.370338,10.301891,10.387436,10.370338,10.319000,10.404537,10.387436,10.455822,10.524147,10.438725,10.404537,10.319000,10.507072,10.609497,10.711826,10.779976,10.660679,10.455822,10.370338,10.438725,10.848083,11.103065,11.069107,10.916145,10.831066,10.848083,10.882126,10.933151,10.967159,10.984158,10.916145,10.916145,10.950157,11.001148,11.103065,11.103065,11.120033,11.204865,11.187904,11.289619,11.306557,11.391228,11.357365,11.509636,11.425068,11.441990,11.391228,11.323498,11.374298,11.306557,11.408150,11.238777,11.221825,11.120033,11.052120,10.916145,10.882126,10.797012,10.865101,10.797012,10.831066,10.814041,10.694775,10.660679,10.745911,10.899132,11.018150,10.762939,10.831066,10.643623,10.643623,10.660679,10.745911,10.711826,10.745911,10.677727,10.779976,10.831066,10.814041,10.797012,10.779976,10.831066,10.797012,10.762939,10.711826,10.711826,10.694775,10.814041,10.848083,10.831066,10.779976,10.779976,10.814041,10.728870,10.779976,10.779976,10.797012,10.643623,10.694775,10.694775,10.660679,10.438725,10.558300,10.438725,10.404537,10.216270,10.147728,10.199139,10.216270,10.216270,10.079128,10.250530,10.233398,10.216270,10.199139,10.061974,9.855862,9.873051,9.855862,9.787056,
4.037365,4.001003,4.128212,3.982819,3.855442,3.910049,3.946442,3.910049,4.037365,4.037365,4.182686,4.164528,4.110050,4.110050,4.073711,4.110050,4.091881,4.182686,4.091881,4.055538,4.073711,4.146374,4.273415,4.237133,4.273415,4.327812,4.327812,4.273415,4.364071,4.418427,4.671738,4.906425,5.230549,5.804367,6.535103,6.641617,6.303955,6.143627,6.143627,6.107971,6.090134,6.054455,6.375134,7.437057,8.016525,7.928940,7.137272,6.268349,5.750706,5.338371,4.653660,4.617508,4.581333,4.364071,4.164528,4.164528,4.200836,4.182686,4.200836,4.218987,4.309685,4.689812,4.780113,4.382195,4.454651,4.581333,4.436539,4.273415,4.128212,4.019184,3.982819,4.200836,4.291550,4.291550,4.309685,4.146374,4.055538,4.508957,5.248528,5.320412,5.320412,5.374290,5.768597,6.000916,6.392914,6.712570,5.679108,4.707874,4.834267,4.870358,4.780113,4.725941,4.852314,5.032589,4.996559,5.014572,5.068611,5.104614,4.978535,4.888393,5.032589,5.194580,5.140610,5.374290,5.481972,5.589546,5.983063,6.321754,6.836617,7.472267,8.627563,8.992432,8.940388,8.888317,8.957737,9.269539,10.010487,10.421631,10.489990,10.387436,10.147728,9.907425,9.958965,10.472908,10.541225,10.336117,9.821461,9.476868,9.321407,9.027115,8.870953,8.749332,8.679768,8.870953,8.644970,8.523075,8.208961,8.069046,7.928940,7.893879,7.876347,7.999016,8.296310,8.331230,7.911411,7.788635,7.630577,7.577831,7.542656,7.630577,7.753536,8.016525,8.208961,8.174004,8.034035,7.876347,7.963982,7.999016,8.086544,8.208961,8.034035,8.034035,8.121536,7.893879,7.735977,7.718422,7.718422,7.630577,7.665718,7.788635,7.893879,8.296310,8.383591,8.313774,8.191483,8.278851,8.331230,8.383591,8.331230,8.453358,8.697163,8.836220,8.610161,8.592743,8.540497,8.488220,8.418476,8.313774,8.261383,8.313774,8.575333,8.592743,8.505650,8.453358,8.488220,8.435913,8.505650,8.523075,8.557915,8.766716,8.957737,9.009773,8.644970,8.505650,8.470791,8.557915,8.488220,8.435913,8.557915,8.975086,9.061775,8.940388,8.766716,8.592743,8.523075,8.627563,8.610161,8.731949,9.061775,9.234943,9.269539,8.853588,8.383591,8.191483,8.226437,8.226437,8.383591,9.044441,9.597610,9.632080,9.390537,9.079109,8.992432,8.940388,8.905678,8.992432,9.269539,9.821461,9.838661,9.666546,9.476868,9.511379,9.494129,9.476868,9.425079,9.476868,9.597610,10.061974,10.096279,9.873051,9.890244,9.924606,9.752644,9.804260,9.924606,9.890244,9.993317,10.216270,10.164867,9.769852,9.632080,9.597610,9.649315,9.700993,9.614849,9.683773,9.890244,10.079128,10.079128,9.614849,9.338692,9.425079,9.373260,9.425079,9.545887,9.666546,10.147728,10.387436,10.438725,10.199139,9.976139,10.061974,10.267654,10.438725,10.507072,10.728870,10.967159,11.103065,10.592438,10.199139,10.113426,10.164867,10.233398,10.421631,10.575371,10.814041,11.120033,11.170944,10.933151,10.507072,10.319000,10.301891,10.250530,10.370338,10.319000,10.779976,11.120033,11.069107,11.086086,10.745911,10.267654,10.336117,10.575371,10.745911,10.984158,11.289619,11.594112,11.560329,10.882126,10.694775,10.694775,10.592438,10.575371,10.728870,10.814041,11.492725,11.611008,11.526535,10.950157,10.524147,10.336117,10.301891,10.421631,10.541225,10.779976,11.425068,11.847122,11.729134,11.374298,11.340439,11.306557,11.323498,11.458900,11.492725,11.779716,12.183426,12.568703,12.769081,12.468342,12.200203,12.116257,12.049046,12.200203,12.250546,12.451607,12.652241,12.902435,12.935738,12.551975,11.964966,11.661655,11.661655,11.830276,11.813431,12.015423,12.334373,12.935738,13.483601,13.516701,13.566330,13.234974,13.185173,13.301342,13.268166,13.367657,13.400806,13.483601,13.665508,13.698540,13.814064,13.615929,13.085476,12.902435,13.068855,13.251579,13.218376,13.251579,13.384232,13.582870,14.077572,14.209038,14.209038,14.373108,14.438644,14.438644,14.487770,14.455032,14.225464,14.438644,14.634995,14.684017,14.520515,14.618649,14.651337,14.830910,15.010124,15.172733,15.351257,15.399883,15.610291,15.804058,15.852440,16.093914,16.286617,16.318695,16.334732,16.222427,16.142136,16.061756,16.093914,16.093914,16.077839,16.093914,16.109989,16.061756,16.093914,16.045673,15.997406,15.965214,15.997406,15.836315,15.787926,15.771801,15.836315,15.723377,15.642616,15.739521,15.497055,15.464684,15.399883,15.286385,15.172733,15.107727,14.928707,14.944996,15.026398,15.156490,15.172733,15.172733,15.221458,15.253925,15.286385,15.318825,15.270157,15.156490,14.961281,14.830910,14.716679,14.569599,14.553234,14.422272,14.487770,14.487770,14.340313,14.192616,13.995308,14.028225,13.863529,13.863529,13.764572,13.682022,13.500156,13.268166,13.284760,13.284760,13.151951,13.102104,13.052223,12.935738,12.852448,12.668941,12.585411,12.635536,12.468342,12.384636,12.334373,12.216988,12.216988,12.149849,12.032238,12.049046,12.015423,12.015423,12.015423,12.133057,12.065849,11.745995,11.644768,11.492725,11.543430,11.661655,11.492725,11.526535,11.678528,11.611008,11.509636,11.526535,11.560329,11.526535,11.509636,11.408150,11.374298,11.391228,11.408150,11.187904,11.272675,11.137009,11.120033,11.035133,10.933151,10.950157,10.848083,10.814041,10.865101,10.711826,10.882126,10.933151,10.831066,10.728870,10.643623,10.592438,10.541225,10.558300,10.660679,10.643623,10.609497,10.558300,10.524147,10.524147,10.797012,11.018150,10.950157,10.728870,10.660679,10.541225,10.575371,10.472908,10.489990,10.387436,10.387436,10.455822,10.524147,10.558300,10.592438,10.626560,10.541225,10.762939,10.694775,10.711826,10.865101,11.035133,11.052120,11.153976,11.255722,11.153976,11.221825,11.357365,11.323498,11.340439,11.441990,11.492725,11.374298,11.340439,11.272675,11.153976,10.950157,10.950157,11.001148,10.916145,10.950157,10.899132,10.984158,10.797012,10.882126,10.882126,10.950157,10.984158,10.865101,10.745911,10.762939,10.711826,10.779976,10.745911,10.848083,10.762939,10.728870,10.865101,10.865101,10.831066,10.831066,10.797012,10.779976,10.643623,10.694775,10.643623,10.745911,10.831066,10.728870,10.677727,10.762939,10.677727,10.609497,10.558300,10.626560,10.609497,10.711826,10.779976,10.660679,10.524147,10.472908,10.507072,10.455822,10.438725,10.319000,10.336117,10.267654,10.216270,10.164867,10.044807,10.010487,9.924606,9.924606,9.924606,9.976139,9.993317,10.044807,10.010487,9.958965,10.113426,10.079128,
4.055538,4.037365,4.218987,4.110050,3.910049,3.928246,3.982819,3.928246,4.001003,4.164528,4.182686,4.218987,4.091881,4.091881,3.964630,4.055538,4.146374,4.110050,4.037365,4.164528,4.001003,4.110050,4.164528,4.164528,4.164528,4.364071,4.255280,4.237133,4.237133,4.364071,4.472755,4.762062,4.996559,5.481972,6.090134,6.677101,6.623875,6.392914,6.197094,6.161457,6.161457,6.197094,6.268349,6.889732,7.771088,8.051544,7.665718,6.677101,5.947346,5.464031,4.834267,4.563248,4.653660,4.436539,4.400314,4.345943,4.327812,4.237133,4.182686,4.200836,4.309685,4.527058,4.490860,4.563248,4.436539,4.382195,4.273415,4.128212,4.110050,4.055538,4.146374,4.182686,4.273415,4.128212,4.110050,4.091881,4.345943,4.870358,5.194580,5.320412,5.230549,5.248528,5.446091,5.983063,6.712570,6.730297,5.356339,4.653660,4.707874,4.852314,4.762062,4.816223,4.924461,4.978535,4.996559,4.996559,4.996559,5.050598,4.960514,4.888393,5.068611,5.248528,5.194580,5.410194,5.553699,5.679108,5.911625,6.143627,6.623875,7.066605,8.139027,9.061775,9.009773,8.888317,8.766716,9.009773,9.649315,10.199139,10.216270,10.147728,9.993317,9.632080,9.563126,9.752644,10.061974,10.096279,9.649315,9.165710,8.853588,8.679768,8.523075,8.540497,8.313774,8.470791,8.557915,8.401035,8.016525,7.893879,7.806187,7.771088,7.735977,7.718422,7.893879,8.086544,8.069046,7.893879,7.683289,7.630577,7.700855,7.648148,7.683289,7.788635,7.999016,7.946465,7.788635,7.735977,7.648148,7.735977,7.788635,7.841270,7.788635,7.963982,7.946465,7.735977,7.630577,7.595413,7.648148,7.507469,7.577831,7.595413,7.823730,8.174004,8.139027,8.156513,8.174004,8.208961,8.226437,8.104042,8.139027,8.261383,8.383591,8.488220,8.488220,8.435913,8.331230,8.243912,8.261383,8.278851,8.139027,8.226437,8.348686,8.470791,8.453358,8.435913,8.383591,8.401035,8.470791,8.470791,8.453358,8.418476,8.784096,8.784096,8.801476,8.488220,8.383591,8.366138,8.243912,8.243912,8.383591,8.749332,8.870953,8.697163,8.644970,8.540497,8.557915,8.540497,8.557915,8.644970,8.940388,9.131081,9.148392,8.818848,8.278851,8.156513,8.104042,8.104042,8.313774,8.731949,9.321407,9.390537,9.321407,9.113758,9.044441,9.079109,9.044441,9.044441,9.234943,9.666546,9.804260,9.683773,9.476868,9.494129,9.459610,9.563126,9.563126,9.390537,9.545887,9.993317,9.941792,9.700993,9.718216,9.545887,9.511379,9.597610,9.700993,9.718216,9.769852,9.941792,9.890244,9.580376,9.407806,9.373260,9.355976,9.390537,9.338692,9.459610,9.769852,9.924606,9.890244,9.718216,9.355976,9.304119,9.200333,9.321407,9.286831,9.494129,10.182007,10.353233,10.216270,9.787056,9.614849,9.649315,9.718216,9.907425,10.147728,10.421631,10.762939,10.882126,10.387436,10.010487,10.113426,10.130581,10.147728,10.199139,10.370338,10.592438,11.086086,10.984158,10.797012,10.370338,10.319000,10.353233,10.370338,10.370338,10.404537,10.575371,10.831066,10.865101,10.865101,10.541225,10.061974,10.113426,10.233398,10.524147,10.848083,11.187904,11.475815,11.458900,10.950157,10.933151,10.831066,10.950157,10.762939,10.831066,10.933151,11.458900,11.391228,11.272675,10.677727,10.267654,10.233398,10.147728,10.216270,10.301891,10.387436,11.272675,11.745995,11.509636,11.221825,11.170944,11.238777,11.306557,11.323498,11.441990,11.644768,12.032238,12.351128,12.585411,12.317612,11.948143,11.712273,11.779716,11.830276,11.779716,11.863968,12.284077,12.568703,12.652241,12.116257,11.357365,11.001148,10.899132,10.899132,11.018150,11.204865,11.526535,12.133057,12.802441,13.068855,12.885777,12.401375,12.200203,12.082661,12.116257,12.082661,12.250546,12.551975,13.052223,13.218376,13.218376,12.919083,12.200203,11.931309,11.745995,11.796577,11.897648,12.099461,12.250546,13.251579,13.748062,13.880009,13.781071,13.814064,13.912971,13.912971,14.028225,13.945911,13.715046,13.863529,14.176193,14.241875,14.028225,14.356716,14.536880,14.569599,14.569599,14.700352,14.944996,15.205219,15.399883,15.836315,16.670738,16.782452,16.750549,16.638790,16.382813,16.142136,16.270573,16.286617,16.318695,16.222427,16.334732,16.526890,16.638790,16.478889,16.414852,16.350758,16.430859,16.190327,16.045673,15.997406,16.013500,16.302662,16.510895,16.414852,16.382813,16.286617,16.190327,16.142136,15.949108,15.545601,15.399883,15.335041,15.205219,15.237690,15.351257,15.561783,15.820190,15.868561,15.852440,16.061756,16.077839,16.238480,16.206375,16.061756,16.013500,15.965214,15.804058,15.610291,15.610291,15.610291,15.545601,15.577946,15.480865,15.335041,15.367474,15.302612,15.205219,15.205219,15.026398,14.912418,14.749332,14.634995,14.504147,14.634995,14.520515,14.405884,14.373108,14.192616,14.028225,13.945911,13.945911,13.863529,13.748062,13.632454,13.433933,13.367657,13.334507,13.185173,13.085476,13.151951,13.052223,13.052223,13.168564,13.068855,12.618832,12.233765,12.099461,11.863968,11.863968,11.661655,11.779716,11.847122,11.813431,11.762863,11.729134,11.729134,11.729134,11.678528,11.577221,11.458900,11.509636,11.458900,11.526535,11.611008,11.526535,11.458900,11.492725,11.441990,11.306557,11.238777,11.086086,11.204865,11.357365,11.458900,11.475815,11.560329,11.594112,11.661655,11.509636,11.391228,11.374298,11.323498,11.374298,11.238777,11.323498,11.272675,11.340439,11.340439,11.323498,11.289619,11.187904,10.967159,10.899132,10.882126,10.831066,10.916145,10.660679,10.626560,10.728870,10.609497,10.643623,10.660679,10.489990,10.489990,10.541225,10.438725,10.575371,10.558300,10.592438,10.677727,10.745911,10.831066,10.814041,10.882126,10.882126,10.882126,10.933151,10.984158,11.289619,11.289619,11.187904,11.204865,11.018150,10.933151,11.001148,10.950157,10.882126,10.899132,10.865101,10.797012,10.797012,10.779976,10.814041,10.779976,10.831066,10.848083,10.865101,10.814041,10.779976,10.762939,10.728870,10.865101,10.779976,10.916145,10.933151,10.967159,10.882126,10.950157,11.052120,11.018150,11.018150,10.967159,10.848083,10.950157,10.967159,10.831066,10.745911,10.814041,10.779976,10.745911,10.609497,10.592438,10.660679,10.694775,10.797012,10.626560,10.507072,10.643623,10.524147,10.558300,10.524147,10.421631,10.370338,10.233398,10.164867,10.147728,9.976139,9.855862,9.976139,9.855862,9.735428,9.752644,9.700993,9.666546,9.700993,9.718216,9.614849,9.752644,9.494129,
4.055538,4.164528,4.110050,3.964630,3.982819,3.910049,3.946442,3.982819,4.019184,4.091881,4.164528,4.146374,4.128212,4.091881,4.055538,4.146374,4.055538,4.182686,4.055538,4.128212,4.019184,4.182686,4.200836,4.200836,4.291550,4.128212,4.218987,4.237133,4.218987,4.291550,4.382195,4.635590,4.888393,5.302444,5.768597,6.623875,6.748028,6.588379,6.357342,6.232731,6.268349,6.214916,6.286148,6.535103,7.454662,7.928940,7.858810,7.048931,6.054455,5.517838,5.104614,4.653660,4.617508,4.581333,4.472755,4.436539,4.364071,4.182686,4.200836,4.218987,4.345943,4.291550,4.364071,4.237133,4.200836,4.273415,4.200836,4.001003,3.910049,3.891846,4.037365,4.182686,3.982819,4.037365,4.055538,4.055538,4.581333,4.906425,5.248528,5.194580,5.212570,5.356339,5.643291,6.090134,6.818905,6.286148,4.924461,4.689812,4.725941,4.762062,4.743999,4.906425,5.050598,4.960514,4.996559,4.924461,4.852314,4.978535,4.960514,5.014572,5.104614,5.194580,5.266499,5.320412,5.643291,5.625381,5.625381,5.983063,6.428486,6.889732,7.648148,8.836220,9.061775,8.784096,8.749332,8.992432,9.373260,9.958965,9.838661,9.924606,9.718216,9.373260,9.200333,9.338692,9.752644,9.718216,9.442345,8.818848,8.557915,8.366138,8.313774,8.069046,8.104042,8.139027,8.208961,8.191483,7.893879,7.771088,7.718422,7.577831,7.542656,7.525059,7.648148,7.841270,7.841270,7.718422,7.542656,7.507469,7.507469,7.542656,7.419441,7.595413,7.788635,7.771088,7.718422,7.542656,7.525059,7.437057,7.472267,7.525059,7.612995,7.718422,7.735977,7.753536,7.648148,7.542656,7.595413,7.419441,7.595413,7.683289,7.753536,7.999016,8.139027,7.981499,7.981499,8.208961,8.191483,8.174004,8.139027,8.086544,8.121536,8.331230,8.470791,8.296310,8.121536,8.104042,8.191483,8.121536,7.963982,7.999016,8.139027,8.278851,8.226437,8.174004,8.156513,8.226437,8.208961,8.208961,8.139027,8.278851,8.505650,8.627563,8.662369,8.313774,8.191483,8.226437,8.191483,8.086544,8.191483,8.592743,8.714558,8.523075,8.313774,8.191483,8.191483,8.086544,8.278851,8.348686,8.610161,8.836220,8.905678,8.644970,8.104042,7.981499,7.911411,7.981499,8.174004,8.383591,8.992432,9.286831,9.286831,9.096436,9.131081,9.148392,9.304119,9.286831,9.338692,9.580376,9.545887,9.528633,9.269539,9.234943,9.269539,9.390537,9.373260,9.269539,9.321407,9.700993,9.735428,9.683773,9.528633,9.511379,9.407806,9.494129,9.442345,9.476868,9.511379,9.649315,9.666546,9.407806,9.148392,9.113758,9.096436,9.131081,9.252239,9.252239,9.528633,9.838661,9.821461,9.580376,9.304119,9.183022,9.131081,9.165710,9.113758,9.338692,10.044807,10.233398,10.147728,9.632080,9.355976,9.476868,9.545887,9.683773,9.941792,10.438725,10.558300,10.694775,10.061974,10.044807,10.096279,10.113426,10.061974,10.079128,10.130581,10.319000,10.814041,10.745911,10.660679,10.147728,10.061974,10.130581,9.993317,10.113426,10.130581,10.489990,10.626560,10.779976,10.643623,10.301891,10.096279,10.164867,10.233398,10.438725,10.643623,10.882126,11.289619,11.272675,11.018150,11.035133,11.052120,11.052120,11.086086,11.137009,11.255722,11.509636,11.340439,11.103065,10.524147,10.079128,10.010487,9.993317,10.010487,10.044807,10.507072,11.069107,11.543430,11.594112,11.374298,11.391228,11.526535,11.458900,11.594112,11.661655,11.779716,12.049046,12.317612,12.300850,12.082661,11.577221,11.543430,11.577221,11.509636,11.627888,11.627888,12.015423,12.334373,12.300850,11.762863,11.120033,10.694775,10.643623,10.728870,10.779976,10.882126,11.103065,11.526535,12.568703,12.835777,12.618832,12.032238,11.830276,11.627888,11.594112,11.678528,11.729134,11.981785,12.618832,12.969040,12.852448,12.250546,11.611008,11.408150,11.475815,11.357365,11.441990,11.543430,11.948143,13.018955,13.467049,13.317928,13.052223,12.935738,13.118725,13.085476,13.102104,13.052223,13.052223,13.268166,13.483601,13.433933,13.218376,13.301342,13.301342,13.085476,13.035591,13.384232,13.764572,14.192616,14.438644,15.383682,16.077839,16.286617,16.029587,15.561783,15.302612,15.026398,15.497055,15.674923,15.577946,15.820190,16.318695,16.670738,16.446873,16.494896,16.542885,16.270573,16.286617,16.174263,16.109989,15.787926,16.109989,16.622818,16.878090,16.989529,16.702667,16.606838,16.446873,16.206375,15.884674,15.399883,15.237690,15.270157,15.156490,15.529427,15.997406,16.222427,16.366791,16.350758,16.398830,16.574867,16.973614,17.196098,16.973614,16.894020,16.798401,16.542885,16.478889,16.382813,16.270573,16.302662,16.302662,16.302662,16.366791,16.318695,16.302662,16.270573,16.222427,16.190327,15.949108,15.739521,15.464684,15.351257,15.691078,15.755661,15.707230,15.577946,15.658775,15.577946,15.545601,15.561783,15.432289,15.432289,15.270157,15.140236,15.010124,15.140236,14.847221,14.830910,14.814606,14.798294,14.684017,14.684017,14.520515,14.192616,13.847038,13.781071,13.582870,13.384232,13.301342,13.268166,13.251579,13.151951,13.168564,13.102104,13.018955,12.885777,12.719025,12.585411,12.468342,12.351128,12.183426,12.116257,11.998611,11.998611,11.897648,11.796577,11.796577,11.745995,11.627888,11.526535,11.340439,11.408150,11.611008,11.762863,12.200203,12.367878,12.334373,12.233765,12.250546,12.133057,12.200203,12.049046,12.049046,12.082661,11.914482,11.948143,11.897648,11.830276,11.830276,11.863968,11.745995,11.779716,11.695396,11.644768,11.627888,11.594112,11.526535,11.560329,11.577221,11.526535,11.475815,11.475815,11.289619,11.221825,11.221825,11.187904,11.221825,11.137009,11.120033,11.052120,11.035133,11.035133,10.984158,10.882126,10.865101,10.933151,11.103065,11.272675,11.323498,11.306557,11.052120,10.865101,10.779976,10.831066,10.745911,10.797012,10.745911,10.762939,10.797012,10.865101,10.831066,10.762939,10.762939,10.728870,10.728870,10.728870,10.779976,10.728870,10.779976,10.694775,10.728870,10.797012,10.797012,10.728870,10.831066,10.916145,11.001148,10.916145,10.916145,11.001148,10.984158,11.086086,11.035133,11.018150,11.001148,10.916145,10.899132,10.916145,10.916145,10.865101,10.848083,10.694775,10.745911,10.745911,10.711826,10.711826,10.762939,10.831066,10.814041,10.882126,10.762939,10.711826,10.745911,10.524147,10.575371,10.524147,10.404537,10.301891,10.216270,10.147728,10.061974,9.873051,9.769852,9.821461,9.718216,9.735428,9.649315,9.649315,9.649315,
4.055538,4.110050,4.146374,3.928246,3.891846,3.928246,3.928246,4.073711,4.055538,4.128212,4.055538,4.128212,4.146374,4.110050,4.037365,4.110050,4.110050,4.073711,4.091881,4.164528,4.055538,4.182686,4.200836,4.164528,4.037365,4.055538,4.073711,4.128212,4.200836,4.382195,4.436539,4.508957,4.743999,4.996559,5.446091,6.179276,6.730297,6.606125,6.517342,6.303955,6.268349,6.339550,6.286148,6.339550,6.960518,7.753536,8.086544,7.560242,6.588379,5.840134,5.194580,4.834267,4.816223,4.671738,4.418427,4.400314,4.237133,4.255280,4.218987,4.327812,4.508957,4.327812,4.146374,4.128212,4.001003,4.182686,4.200836,3.964630,3.746143,3.873646,3.946442,3.891846,3.873646,3.837234,3.855442,4.110050,4.743999,4.906425,5.050598,5.032589,5.086613,5.302444,5.625381,6.036610,6.446259,5.248528,4.780113,4.545155,4.635590,4.689812,4.798172,5.032589,5.050598,4.978535,4.996559,4.834267,4.707874,4.888393,4.888393,4.924461,5.068611,5.032589,5.212570,5.248528,5.410194,5.481972,5.553699,5.893753,6.179276,6.641617,7.384212,8.470791,9.148392,8.853588,8.557915,8.714558,8.870953,9.286831,9.528633,9.597610,9.459610,9.373260,9.200333,9.269539,9.390537,9.425079,9.217640,8.697163,8.366138,8.208961,8.051544,7.999016,7.963982,7.946465,7.999016,7.981499,7.718422,7.612995,7.489868,7.384212,7.331345,7.260815,7.313717,7.560242,7.665718,7.472267,7.296085,7.260815,7.225533,7.154926,7.207882,7.260815,7.525059,7.560242,7.454662,7.384212,7.172585,7.366592,7.331345,7.331345,7.348972,7.384212,7.665718,7.683289,7.454662,7.348972,7.348972,7.401833,7.489868,7.595413,7.648148,7.806187,7.911411,7.735977,7.718422,7.893879,8.034035,8.016525,8.051544,8.051544,8.016525,8.121536,8.208961,8.139027,7.963982,7.946465,8.016525,7.981499,7.876347,7.806187,7.911411,8.034035,8.139027,7.893879,7.876347,7.841270,7.928940,7.911411,7.981499,8.034035,8.313774,8.470791,8.401035,8.261383,8.069046,8.086544,8.034035,8.034035,7.981499,8.296310,8.470791,8.470791,8.139027,7.911411,7.876347,7.911411,7.981499,8.069046,8.261383,8.836220,8.836220,8.540497,7.946465,7.911411,7.928940,7.999016,8.051544,8.191483,8.697163,9.183022,9.096436,8.957737,8.905678,8.905678,8.870953,8.905678,8.975086,9.304119,9.321407,9.286831,8.975086,8.870953,8.940388,8.992432,8.923035,8.940388,9.009773,9.494129,9.476868,9.373260,9.425079,9.286831,9.338692,9.217640,9.217640,9.165710,9.355976,9.545887,9.476868,9.407806,9.009773,8.923035,8.940388,8.975086,9.009773,9.131081,9.304119,9.683773,9.632080,9.580376,9.373260,9.234943,9.234943,9.476868,9.373260,9.666546,9.958965,10.079128,9.976139,9.683773,9.304119,9.269539,9.355976,9.580376,9.787056,10.370338,10.489990,10.370338,9.976139,10.010487,10.044807,10.010487,10.027649,10.061974,10.079128,10.284771,10.643623,10.814041,10.592438,10.079128,9.958965,9.941792,9.873051,9.976139,10.182007,10.370338,10.541225,10.592438,10.558300,10.199139,10.113426,10.182007,10.404537,10.404537,10.353233,10.677727,11.086086,10.916145,10.592438,10.558300,10.677727,10.660679,10.762939,10.745911,10.882126,11.204865,11.120033,10.967159,10.472908,10.044807,9.907425,9.924606,10.061974,10.130581,10.438725,10.865101,11.458900,11.272675,11.255722,11.475815,11.560329,11.712273,11.712273,11.779716,11.847122,12.015423,12.149849,12.183426,11.729134,11.543430,11.577221,11.475815,11.492725,11.543430,11.425068,11.729134,12.200203,12.267311,11.813431,11.170944,10.865101,10.865101,10.814041,10.814041,10.848083,10.984158,11.526535,12.434868,12.384636,12.317612,11.779716,11.627888,11.627888,11.729134,11.712273,11.695396,11.863968,12.401375,12.652241,12.769081,12.233765,11.543430,11.408150,11.357365,11.255722,11.306557,11.340439,11.661655,12.802441,12.969040,12.885777,12.518532,12.367878,12.401375,12.451607,12.401375,12.618832,12.618832,12.852448,13.018955,12.885777,12.250546,11.813431,11.543430,11.425068,11.357365,11.560329,12.065849,12.535263,13.301342,14.061119,14.487770,14.094013,13.715046,13.582870,13.450489,13.632454,13.945911,13.764572,13.962376,14.340313,15.140236,15.026398,14.159763,14.126900,14.241875,14.143326,14.044678,14.225464,14.209038,14.405884,14.961281,15.367474,15.852440,16.077839,15.836315,15.674923,15.739521,15.448486,15.091465,14.749332,14.814606,14.944996,15.383682,15.916897,16.286617,16.446873,16.526890,16.574867,16.462883,16.957703,17.386341,17.402172,17.354664,17.132591,16.846222,16.558876,16.254528,16.286617,16.382813,16.510895,16.718632,17.037239,17.069038,17.037239,17.084930,16.957703,16.862156,16.638790,16.398830,16.318695,16.126068,15.949108,16.366791,16.430859,16.334732,16.462883,16.510895,16.510895,16.414852,16.174263,16.093914,16.174263,16.093914,16.029587,16.077839,16.013500,15.916897,15.965214,16.029587,16.045673,15.965214,15.852440,15.755661,15.513241,15.335041,15.270157,15.188980,15.075207,15.058941,15.042671,15.026398,14.977566,14.928707,15.010124,14.944996,14.667679,14.585953,14.307518,14.143326,14.094013,13.929443,13.797565,13.748062,13.599396,13.516701,13.467049,13.218376,13.168564,13.068855,13.002323,12.835777,12.719025,12.668941,13.118725,13.417366,13.533249,13.351086,13.334507,13.301342,13.268166,12.985676,13.085476,13.135342,12.935738,12.885777,12.752399,12.819115,12.652241,12.685638,12.551975,12.568703,12.535263,12.434868,12.535263,12.418129,12.317612,12.351128,12.250546,12.367878,12.250546,12.300850,12.149849,12.065849,12.049046,11.964966,12.116257,12.065849,11.914482,11.897648,11.830276,11.745995,11.796577,11.779716,11.695396,11.661655,11.762863,11.661655,11.627888,11.594112,11.492725,11.408150,11.255722,11.170944,11.170944,11.221825,11.255722,11.306557,11.187904,11.221825,11.255722,11.187904,10.984158,11.103065,11.103065,11.018150,11.035133,11.120033,10.899132,10.882126,10.831066,10.762939,10.745911,10.762939,10.814041,10.797012,10.882126,10.831066,10.899132,10.882126,10.916145,10.882126,10.916145,10.984158,10.916145,10.933151,10.916145,10.831066,10.814041,10.848083,10.762939,10.797012,10.745911,10.728870,10.728870,10.728870,10.745911,10.762939,10.865101,10.814041,10.711826,10.677727,10.694775,10.626560,10.643623,10.609497,10.626560,10.694775,10.507072,10.507072,10.404537,10.421631,10.301891,10.267654,10.267654,10.199139,9.941792,9.976139,10.027649,9.907425,
4.073711,4.037365,3.928246,3.964630,3.964630,4.001003,3.964630,4.019184,4.073711,4.037365,4.091881,4.037365,4.128212,4.055538,4.073711,4.091881,4.073711,3.982819,4.091881,4.019184,4.164528,4.146374,4.019184,4.055538,4.164528,4.001003,3.982819,4.273415,4.382195,4.345943,4.472755,4.436539,4.653660,4.834267,5.158604,5.714912,6.552864,6.818905,6.623875,6.446259,6.464035,6.286148,6.375134,6.481804,6.659363,7.542656,8.051544,7.928940,7.066605,6.161457,5.499908,5.014572,4.617508,4.563248,4.400314,4.291550,4.218987,4.128212,4.182686,4.418427,4.454651,4.146374,4.164528,4.073711,4.073711,4.110050,4.110050,4.073711,3.873646,3.946442,3.964630,3.891846,3.691456,3.819023,3.928246,4.128212,4.743999,4.888393,4.978535,5.176598,5.140610,5.320412,5.589546,5.893753,5.965206,4.798172,4.689812,4.563248,4.689812,4.762062,4.834267,5.248528,4.996559,4.960514,5.122616,4.906425,4.906425,4.906425,4.834267,5.014572,5.014572,4.978535,5.086613,5.266499,5.446091,5.374290,5.464031,5.535770,5.983063,6.446259,7.225533,8.191483,9.148392,8.957737,8.540497,8.540497,8.766716,8.818848,9.061775,9.563126,9.735428,9.838661,9.752644,9.614849,9.683773,9.528633,9.338692,9.044441,8.731949,8.435913,8.208961,8.069046,8.139027,8.121536,8.208961,8.086544,7.876347,7.630577,7.489868,7.384212,7.331345,7.278450,7.190231,7.419441,7.472267,7.437057,7.260815,7.278450,7.243172,7.225533,7.225533,7.137272,7.454662,7.437057,7.401833,7.260815,7.172585,7.154926,7.084278,7.119606,7.137272,7.154926,7.313717,7.437057,7.278450,6.925133,7.048931,7.048931,7.207882,7.207882,7.331345,7.454662,7.612995,7.700855,7.507469,7.595413,7.718422,7.823730,7.911411,7.876347,7.911411,7.841270,7.963982,7.928940,7.700855,7.577831,7.612995,7.665718,7.665718,7.718422,7.771088,7.928940,7.858810,7.683289,7.595413,7.665718,7.683289,7.771088,7.753536,7.911411,8.139027,8.366138,8.278851,8.069046,8.034035,7.981499,8.016525,7.963982,7.999016,8.139027,8.331230,8.331230,8.121536,7.858810,7.893879,7.928940,7.858810,7.946465,8.104042,8.697163,8.557915,8.366138,7.876347,7.823730,7.876347,7.911411,7.911411,8.086544,8.575333,8.870953,8.957737,8.766716,8.627563,8.557915,8.505650,8.592743,8.679768,9.044441,9.183022,9.044441,8.853588,8.697163,8.679768,8.697163,8.766716,8.610161,8.801476,8.992432,9.252239,9.183022,9.061775,8.975086,8.957737,8.923035,8.870953,8.870953,9.027115,9.321407,9.373260,9.061775,8.784096,8.714558,8.801476,8.853588,8.888317,8.940388,9.096436,9.528633,9.597610,9.442345,9.200333,9.183022,9.183022,9.183022,9.252239,9.407806,9.649315,9.855862,9.907425,9.563126,9.269539,9.096436,9.200333,9.425079,9.597610,10.113426,10.250530,10.182007,9.941792,9.941792,9.924606,10.044807,10.061974,10.113426,10.096279,10.319000,10.558300,10.609497,10.370338,9.924606,9.890244,9.890244,9.787056,9.821461,9.924606,10.216270,10.524147,10.541225,10.438725,10.164867,10.130581,10.216270,10.250530,10.250530,10.096279,10.404537,10.865101,10.762939,10.455822,10.182007,10.284771,10.182007,10.233398,10.319000,10.558300,10.916145,10.950157,10.933151,10.061974,9.855862,9.787056,9.718216,9.907425,9.993317,10.061974,10.745911,11.170944,11.052120,10.848083,10.882126,11.069107,11.255722,11.204865,11.255722,11.425068,11.712273,11.931309,11.998611,11.594112,11.475815,11.441990,11.475815,11.408150,11.306557,11.306557,11.644768,11.981785,11.981785,11.931309,11.577221,11.374298,11.289619,11.357365,11.086086,11.425068,11.509636,11.762863,12.284077,12.334373,12.133057,11.661655,11.611008,11.492725,11.577221,11.594112,11.729134,11.847122,12.216988,12.685638,12.702332,12.618832,11.931309,11.712273,11.577221,11.374298,11.340439,11.408150,11.897648,12.785763,12.785763,12.568703,12.149849,11.897648,11.863968,11.779716,11.998611,12.149849,12.250546,12.652241,12.668941,12.418129,11.695396,11.374298,11.001148,10.916145,10.916145,11.137009,11.425068,12.099461,13.068855,13.384232,13.384232,12.919083,12.602119,12.485077,12.635536,12.752399,12.802441,12.802441,12.835777,13.450489,14.028225,13.549789,12.719025,12.451607,12.585411,12.351128,12.267311,12.501804,12.769081,13.351086,13.665508,13.797565,13.665508,13.632454,13.632454,13.599396,13.599396,13.533249,13.830551,13.978848,14.143326,14.356716,14.667679,15.010124,15.318825,15.529427,15.674923,15.916897,15.949108,16.814339,17.116711,16.973614,16.814339,16.606838,16.302662,15.771801,15.561783,15.674923,16.061756,16.334732,16.766499,17.433830,17.402172,17.354664,17.211967,17.148476,16.957703,16.718632,16.462883,16.414852,16.382813,16.574867,16.814339,16.878090,16.814339,16.878090,17.053143,16.894020,16.782452,16.510895,16.398830,16.446873,16.606838,16.590855,16.798401,16.686703,16.670738,16.782452,16.909943,17.037239,17.021339,16.894020,16.782452,16.750549,16.574867,16.478889,16.398830,16.222427,16.093914,16.093914,16.029587,16.013500,16.190327,16.142136,16.061756,15.900787,15.868561,15.691078,15.739521,15.577946,15.577946,15.464684,15.383682,15.318825,15.318825,15.270157,15.140236,15.123981,15.010124,14.944996,14.667679,14.618649,14.700352,14.667679,14.716679,14.716679,14.700352,14.520515,14.405884,14.405884,14.307518,14.291111,14.307518,14.323921,14.192616,14.176193,14.126900,14.143326,14.110455,13.962376,13.847038,13.764572,13.715046,13.698540,13.665508,13.566330,13.516701,13.516701,13.433933,13.417366,13.251579,13.367657,13.251579,13.201775,13.268166,13.201775,12.852448,12.835777,12.618832,12.501804,12.485077,12.501804,12.401375,12.367878,12.284077,12.216988,12.183426,12.099461,11.998611,11.964966,11.914482,11.830276,11.796577,11.830276,11.729134,11.678528,11.745995,11.712273,11.678528,11.475815,11.492725,11.441990,11.543430,11.509636,11.475815,11.594112,11.458900,11.391228,11.391228,11.289619,11.272675,11.221825,11.221825,11.289619,11.221825,11.153976,11.120033,11.035133,11.086086,11.103065,11.001148,10.882126,10.831066,10.848083,10.779976,10.762939,10.848083,10.762939,10.745911,10.745911,10.728870,10.762939,10.814041,10.660679,10.711826,10.711826,10.660679,10.660679,10.677727,10.677727,10.626560,10.609497,10.626560,10.592438,10.592438,10.455822,10.455822,10.387436,10.387436,10.404537,10.455822,10.301891,10.199139,10.113426,10.061974,9.976139,9.976139,10.079128,10.027649,
4.091881,3.964630,3.946442,3.837234,3.873646,4.001003,4.001003,4.001003,4.019184,4.073711,4.128212,4.037365,4.091881,4.128212,4.091881,4.091881,4.019184,4.019184,4.110050,4.237133,4.164528,4.110050,3.964630,3.964630,4.019184,4.091881,4.200836,4.273415,4.291550,4.400314,4.382195,4.454651,4.599422,4.743999,5.176598,5.517838,6.161457,6.748028,6.712570,6.570625,6.464035,6.428486,6.410706,6.428486,6.570625,7.048931,7.999016,8.156513,7.560242,6.606125,5.804367,5.212570,4.870358,4.545155,4.436539,4.472755,4.273415,4.091881,4.037365,4.182686,4.382195,4.182686,4.110050,4.055538,4.001003,4.091881,4.073711,4.146374,4.237133,4.019184,3.946442,3.800804,3.746143,3.873646,3.819023,4.200836,4.707874,4.888393,5.068611,5.374290,5.266499,5.464031,5.607468,5.929482,5.374290,4.635590,4.689812,4.635590,4.906425,4.888393,5.050598,4.996559,4.888393,4.798172,4.978535,4.996559,5.068611,4.906425,4.924461,4.996559,4.942490,5.014572,5.122616,5.248528,5.392242,5.302444,5.338371,5.446091,5.893753,6.268349,7.084278,8.016525,9.044441,9.044441,8.766716,8.627563,8.592743,8.644970,8.784096,9.425079,9.873051,10.147728,10.319000,10.250530,10.199139,10.010487,9.735428,9.390537,9.269539,8.992432,8.836220,8.957737,9.096436,9.113758,8.923035,8.679768,8.435913,8.069046,7.999016,7.841270,7.753536,7.489868,7.384212,7.489868,7.560242,7.630577,7.366592,7.489868,7.384212,7.260815,7.260815,7.278450,7.401833,7.384212,7.313717,7.101940,7.066605,7.119606,7.048931,7.013577,6.995895,7.048931,7.366592,7.296085,7.154926,7.013577,6.978207,7.048931,7.031254,7.154926,7.190231,7.278450,7.384212,7.525059,7.489868,7.401833,7.542656,7.577831,7.612995,7.630577,7.665718,7.665718,7.718422,7.683289,7.472267,7.172585,7.154926,7.243172,7.278450,7.331345,7.331345,7.489868,7.718422,7.577831,7.525059,7.525059,7.577831,7.595413,7.630577,7.612995,7.893879,8.069046,8.051544,7.893879,7.893879,7.999016,7.893879,7.911411,7.963982,8.034035,8.243912,8.156513,7.963982,7.771088,7.700855,7.771088,7.806187,7.823730,7.999016,8.418476,8.383591,8.296310,7.841270,7.858810,7.911411,7.963982,7.963982,8.104042,8.470791,8.714558,8.836220,8.697163,8.435913,8.243912,8.104042,8.156513,8.331230,8.610161,8.957737,8.888317,8.679768,8.644970,8.679768,8.575333,8.697163,8.627563,8.610161,8.731949,9.009773,9.131081,8.888317,8.731949,8.592743,8.627563,8.784096,8.749332,8.836220,9.113758,9.113758,8.957737,8.679768,8.592743,8.575333,8.731949,8.697163,8.714558,8.853588,9.355976,9.338692,9.217640,8.888317,8.870953,8.957737,8.905678,9.079109,9.165710,9.442345,9.718216,9.700993,9.321407,9.183022,9.027115,9.131081,9.200333,9.528633,9.890244,10.079128,10.147728,10.147728,10.061974,9.941792,10.061974,10.061974,10.130581,10.164867,10.250530,10.472908,10.472908,10.301891,9.821461,9.907425,9.958965,9.787056,9.873051,9.976139,10.130581,10.507072,10.438725,10.336117,10.250530,10.147728,10.267654,10.336117,10.199139,10.164867,10.455822,10.660679,10.592438,10.199139,9.993317,9.958965,9.787056,9.873051,10.061974,10.284771,10.882126,10.831066,10.541225,10.079128,9.718216,9.666546,9.580376,9.649315,9.632080,9.752644,10.472908,10.967159,10.814041,10.660679,10.728870,10.762939,10.865101,10.882126,10.967159,11.153976,11.611008,11.880806,11.998611,11.627888,11.289619,11.306557,11.323498,11.323498,11.289619,11.238777,11.543430,11.880806,11.948143,11.813431,11.238777,11.204865,11.170944,11.272675,11.425068,11.594112,11.779716,11.964966,12.065849,12.065849,11.830276,11.425068,11.289619,11.306557,11.492725,11.458900,11.492725,11.695396,12.149849,12.618832,12.568703,12.485077,12.300850,12.317612,12.200203,11.897648,11.948143,11.897648,12.183426,12.551975,12.702332,12.384636,11.863968,11.458900,11.357365,11.526535,11.695396,11.931309,12.065849,12.418129,12.284077,12.250546,11.594112,11.238777,11.103065,11.035133,11.052120,11.272675,11.526535,12.133057,12.935738,13.102104,12.852448,12.317612,11.998611,12.049046,12.183426,12.518532,12.434868,12.300850,12.485077,13.002323,13.400806,13.102104,12.200203,12.166641,11.981785,11.863968,11.863968,12.065849,12.250546,12.969040,13.151951,13.018955,12.735714,12.719025,12.635536,12.668941,12.802441,12.919083,13.483601,13.599396,13.500156,13.317928,13.317928,13.599396,13.797565,13.880009,13.945911,14.192616,14.847221,15.205219,15.497055,15.253925,14.863525,14.422272,14.094013,13.880009,14.307518,14.569599,14.977566,15.691078,16.750549,17.069038,17.116711,17.148476,16.909943,16.894020,16.925861,16.318695,16.366791,16.270573,16.542885,17.259556,17.528736,17.386341,17.259556,17.243698,17.164352,17.180225,16.830284,16.574867,16.542885,16.702667,16.830284,16.941784,17.100819,17.132591,17.196098,17.291267,17.370502,17.386341,17.433830,17.370502,17.354664,17.211967,17.037239,16.909943,16.941784,16.862156,16.718632,16.414852,16.366791,16.686703,17.148476,17.069038,17.005432,16.766499,16.750549,16.638790,16.510895,16.494896,16.350758,16.318695,16.270573,16.430859,16.398830,16.302662,16.206375,16.109989,16.013500,15.900787,15.868561,15.787926,15.707230,15.723377,15.771801,15.820190,15.658775,15.497055,15.480865,15.432289,15.497055,15.545601,15.497055,15.432289,15.335041,15.399883,15.367474,15.399883,15.318825,15.253925,15.140236,15.140236,15.123981,15.075207,15.058941,15.156490,15.026398,14.993847,14.896122,14.830910,14.830910,14.928707,14.798294,14.781967,14.700352,14.569599,14.225464,14.159763,13.995308,13.912971,13.847038,13.912971,13.748062,13.582870,13.433933,13.367657,13.168564,13.018955,12.902435,12.785763,12.869114,12.835777,12.702332,12.685638,12.618832,12.585411,12.535263,12.401375,12.267311,12.116257,12.183426,12.116257,12.099461,12.233765,12.317612,12.216988,11.981785,11.863968,11.695396,11.526535,11.543430,11.594112,11.627888,11.627888,11.678528,11.594112,11.509636,11.492725,11.425068,11.340439,11.306557,11.357365,11.221825,11.238777,11.204865,11.069107,11.255722,11.086086,11.069107,11.086086,11.137009,11.069107,10.916145,10.865101,10.933151,11.001148,10.967159,10.933151,10.984158,10.899132,10.899132,10.831066,10.797012,10.779976,10.626560,10.575371,10.643623,10.507072,10.762939,10.609497,10.609497,10.284771,10.130581,10.061974,9.958965,9.890244,9.941792,9.976139,9.907425,
4.001003,3.964630,3.891846,3.873646,3.910049,3.946442,3.982819,3.910049,3.982819,3.982819,3.928246,4.019184,4.037365,4.037365,4.073711,4.055538,4.055538,3.928246,3.982819,4.001003,4.110050,3.946442,3.910049,3.928246,3.982819,4.110050,4.164528,4.164528,4.273415,4.200836,4.327812,4.436539,4.545155,4.599422,4.834267,5.212570,5.661201,6.446259,6.872036,6.641617,6.588379,6.481804,6.446259,6.339550,6.428486,6.872036,7.577831,8.069046,7.841270,7.119606,6.339550,5.446091,4.888393,4.490860,4.508957,4.653660,4.327812,4.019184,4.019184,4.182686,4.255280,4.200836,4.073711,4.128212,4.037365,4.091881,4.110050,4.218987,3.982819,3.946442,3.891846,3.800804,3.782589,3.855442,3.964630,4.273415,4.671738,4.960514,5.176598,5.230549,5.284477,5.302444,5.499908,5.517838,4.942490,4.653660,4.635590,4.707874,4.798172,4.870358,4.924461,4.888393,4.816223,4.563248,4.635590,4.960514,5.032589,4.852314,4.816223,5.104614,4.978535,4.996559,4.906425,5.158604,5.481972,5.302444,5.230549,5.356339,5.697014,6.161457,6.872036,7.665718,8.540497,9.234943,8.818848,8.540497,8.488220,8.488220,8.575333,9.027115,9.976139,10.797012,11.221825,11.137009,11.052120,10.899132,10.728870,10.438725,10.130581,9.890244,9.700993,9.683773,10.027649,9.941792,9.632080,9.148392,8.992432,8.818848,8.610161,8.366138,8.121536,7.911411,7.893879,7.788635,7.806187,7.718422,7.771088,7.788635,7.700855,7.665718,7.630577,7.560242,7.507469,7.472267,7.437057,7.225533,7.190231,7.172585,7.048931,7.048931,7.084278,7.154926,7.384212,7.472267,7.313717,6.995895,6.978207,7.048931,6.978207,7.066605,7.190231,7.296085,7.348972,7.348972,7.313717,7.384212,7.419441,7.331345,7.401833,7.401833,7.437057,7.507469,7.489868,7.489868,7.190231,7.031254,7.084278,7.048931,7.084278,7.101940,7.066605,7.384212,7.454662,7.454662,7.401833,7.384212,7.366592,7.419441,7.472267,7.612995,7.577831,7.753536,7.753536,7.630577,7.454662,7.612995,7.735977,7.665718,7.683289,7.700855,7.858810,7.911411,7.735977,7.595413,7.595413,7.648148,7.595413,7.560242,7.823730,8.104042,8.156513,8.174004,7.963982,7.981499,8.069046,8.104042,8.069046,8.174004,8.261383,8.383591,8.418476,8.470791,8.104042,7.981499,7.946465,7.858810,7.981499,8.226437,8.592743,8.627563,8.540497,8.296310,8.296310,8.348686,8.418476,8.435913,8.313774,8.453358,8.766716,8.836220,8.610161,8.523075,8.435913,8.470791,8.366138,8.505650,8.644970,9.009773,8.853588,8.818848,8.592743,8.470791,8.575333,8.557915,8.540497,8.714558,8.784096,9.200333,9.200333,8.975086,8.784096,8.749332,8.749332,8.662369,8.818848,9.061775,9.200333,9.494129,9.563126,9.269539,8.992432,8.957737,8.940388,9.096436,9.304119,9.476868,9.821461,10.113426,9.941792,9.649315,9.511379,9.580376,9.580376,9.718216,9.769852,9.941792,10.216270,10.216270,10.061974,9.769852,9.804260,9.941792,9.821461,9.787056,9.958965,10.027649,10.233398,10.370338,10.336117,10.182007,10.044807,9.993317,10.027649,10.044807,10.096279,10.301891,10.489990,10.404537,10.164867,9.769852,9.683773,9.511379,9.597610,9.855862,10.061974,10.592438,10.558300,10.319000,10.044807,9.787056,9.666546,9.700993,9.666546,9.666546,9.821461,10.387436,10.848083,10.592438,10.524147,10.489990,10.507072,10.694775,10.745911,10.967159,11.221825,11.509636,11.762863,11.830276,11.475815,11.052120,11.120033,11.170944,11.187904,11.103065,11.204865,11.509636,11.745995,11.712273,11.458900,10.677727,10.524147,10.438725,10.524147,10.643623,10.916145,11.238777,11.627888,11.830276,11.880806,11.627888,11.221825,11.103065,11.069107,11.255722,11.255722,11.340439,11.594112,12.032238,12.418129,12.267311,12.367878,12.300850,12.401375,12.133057,12.015423,11.998611,11.948143,12.065849,12.300850,12.418129,12.166641,11.678528,11.103065,11.018150,11.170944,11.391228,11.644768,11.745995,11.914482,12.250546,12.216988,11.897648,11.813431,11.813431,11.695396,11.796577,11.998611,12.082661,12.300850,12.702332,12.869114,12.451607,11.948143,11.762863,11.813431,11.948143,12.015423,12.082661,12.082661,12.418129,12.735714,12.885777,12.535263,12.133057,11.914482,11.813431,11.813431,11.813431,12.032238,12.284077,12.652241,12.935738,12.652241,12.284077,12.233765,12.183426,12.233765,12.384636,12.635536,13.351086,13.351086,13.251579,12.852448,12.668941,12.869114,12.852448,12.919083,12.969040,13.052223,13.748062,13.978848,14.094013,13.483601,12.802441,12.401375,12.183426,12.334373,12.719025,13.135342,13.814064,14.765656,15.123981,14.716679,14.455032,14.258289,14.110455,14.225464,14.209038,14.176193,14.684017,15.253925,16.174263,16.686703,16.862156,16.782452,16.414852,16.638790,16.814339,16.574867,16.029587,15.836315,15.933002,15.933002,16.334732,16.478889,16.718632,16.909943,16.862156,16.846222,16.814339,17.069038,17.227837,17.370502,17.291267,17.005432,16.894020,16.670738,16.526890,16.526890,16.398830,16.238480,16.558876,17.275417,17.465477,17.528736,17.433830,17.418003,17.227837,17.037239,16.894020,16.590855,16.590855,16.702667,16.862156,17.069038,16.973614,16.909943,16.814339,16.670738,16.574867,16.270573,16.206375,16.061756,16.286617,16.382813,16.494896,16.302662,16.286617,16.206375,16.270573,16.158203,16.142136,16.093914,16.045673,16.029587,16.029587,16.093914,16.238480,16.222427,16.029587,15.965214,15.916897,15.900787,15.884674,15.836315,15.900787,16.077839,16.093914,16.093914,16.174263,16.109989,16.045673,15.981312,15.997406,15.981312,16.013500,15.933002,15.868561,15.771801,15.610291,15.480865,15.448486,15.351257,15.237690,15.270157,15.091465,15.042671,14.781967,14.585953,14.536880,14.504147,14.438644,14.340313,14.159763,14.241875,13.962376,13.962376,13.896488,13.781071,13.715046,13.533249,13.566330,13.367657,13.351086,13.483601,13.417366,13.251579,12.919083,12.585411,12.485077,12.401375,12.267311,12.200203,12.183426,12.049046,12.065849,12.032238,11.931309,11.830276,11.779716,11.779716,11.560329,11.577221,11.678528,11.695396,11.627888,11.678528,11.526535,11.509636,11.340439,11.272675,11.323498,11.255722,11.255722,11.289619,11.272675,11.425068,11.492725,11.425068,11.526535,11.357365,11.391228,11.340439,11.204865,11.221825,11.153976,11.120033,11.103065,11.035133,11.086086,11.035133,10.779976,10.745911,10.865101,10.762939,10.643623,10.592438,10.575371,10.592438,10.507072,
4.037365,3.855442,3.855442,3.819023,3.910049,3.982819,3.946442,3.855442,4.019184,4.001003,4.073711,4.110050,4.073711,4.019184,4.091881,4.110050,3.982819,3.982819,4.073711,4.128212,4.091881,4.037365,3.928246,4.091881,4.110050,4.073711,4.091881,4.164528,4.200836,4.237133,4.345943,4.382195,4.309685,4.508957,4.725941,5.104614,5.481972,6.054455,6.854328,6.730297,6.641617,6.606125,6.446259,6.357342,6.357342,6.446259,6.978207,7.893879,7.963982,7.525059,6.995895,5.983063,4.906425,4.671738,4.563248,4.689812,4.527058,4.218987,4.110050,4.255280,4.273415,4.237133,4.110050,4.019184,4.128212,4.019184,4.091881,4.110050,3.946442,3.891846,3.855442,3.800804,3.819023,3.910049,3.928246,4.128212,4.743999,5.032589,5.140610,5.212570,5.248528,5.338371,5.428139,5.032589,4.689812,4.617508,4.816223,4.762062,4.762062,4.780113,4.906425,4.653660,4.617508,4.563248,4.545155,4.689812,4.671738,4.707874,4.743999,4.960514,4.852314,4.924461,5.014572,5.176598,5.212570,5.140610,5.176598,5.266499,5.643291,6.107971,6.818905,7.472267,8.226437,9.183022,8.923035,8.557915,8.435913,8.401035,8.557915,9.009773,10.541225,11.863968,12.267311,12.200203,11.981785,11.813431,11.526535,11.272675,11.052120,10.831066,10.609497,10.524147,10.421631,10.267654,9.976139,9.563126,9.304119,9.217640,9.044441,8.836220,8.557915,8.366138,8.313774,8.261383,8.139027,8.226437,8.139027,8.104042,8.121536,7.928940,7.876347,7.823730,7.718422,7.735977,7.665718,7.542656,7.437057,7.542656,7.419441,7.401833,7.472267,7.893879,8.226437,7.999016,7.472267,7.260815,7.331345,7.313717,7.260815,7.260815,7.331345,7.401833,7.437057,7.525059,7.366592,7.348972,7.419441,7.384212,7.401833,7.366592,7.419441,7.472267,7.507469,7.384212,7.190231,7.048931,7.048931,7.066605,7.084278,7.190231,7.119606,7.437057,7.507469,7.507469,7.278450,7.296085,7.384212,7.348972,7.384212,7.348972,7.525059,7.718422,7.630577,7.560242,7.472267,7.419441,7.437057,7.419441,7.454662,7.648148,7.683289,7.735977,7.577831,7.348972,7.348972,7.331345,7.313717,7.419441,7.595413,7.928940,7.911411,7.911411,7.753536,7.841270,7.718422,7.700855,7.806187,7.823730,7.876347,8.174004,8.278851,8.174004,7.823730,7.718422,7.630577,7.753536,7.806187,7.981499,8.296310,8.435913,8.348686,8.156513,7.981499,8.086544,8.156513,8.156513,8.104042,8.348686,8.488220,8.453358,8.401035,8.278851,8.313774,8.156513,8.191483,8.208961,8.470791,8.662369,8.818848,8.731949,8.505650,8.505650,8.488220,8.470791,8.557915,8.610161,8.644970,8.923035,8.940388,8.714558,8.540497,8.592743,8.644970,8.575333,8.662369,8.818848,8.992432,9.252239,9.183022,9.027115,8.766716,8.784096,8.853588,9.009773,9.061775,9.269539,9.614849,9.632080,9.632080,9.425079,8.975086,9.061775,9.148392,9.321407,9.442345,9.666546,9.958965,10.044807,9.769852,9.407806,9.476868,9.545887,9.494129,9.494129,9.769852,9.924606,10.061974,10.130581,10.096279,9.838661,9.632080,9.545887,9.494129,9.545887,9.632080,10.061974,10.319000,10.353233,10.096279,9.752644,9.459610,9.269539,9.511379,9.597610,9.907425,10.404537,10.319000,10.250530,10.010487,9.855862,9.821461,9.769852,9.855862,10.079128,10.079128,10.575371,10.762939,10.558300,10.438725,10.489990,10.626560,10.677727,10.779976,11.035133,11.153976,11.492725,11.729134,11.897648,11.560329,11.120033,11.170944,11.153976,11.137009,11.120033,11.204865,11.458900,11.661655,11.695396,11.374298,10.711826,10.370338,10.199139,10.336117,10.353233,10.592438,10.831066,11.255722,11.796577,11.880806,11.391228,11.086086,11.001148,10.950157,10.865101,11.069107,11.103065,11.340439,12.032238,12.133057,12.216988,12.401375,12.351128,12.317612,12.116257,11.897648,11.914482,11.914482,11.830276,12.116257,12.300850,12.049046,11.425068,11.069107,11.035133,11.187904,11.306557,11.492725,11.560329,11.948143,12.166641,12.065849,11.863968,11.729134,11.779716,11.863968,12.032238,12.317612,12.334373,12.535263,12.635536,12.735714,12.418129,11.931309,11.863968,12.065849,12.015423,11.796577,11.863968,12.082661,12.501804,12.602119,12.668941,12.568703,12.300850,12.082661,11.998611,12.015423,12.082661,12.300850,12.418129,12.869114,12.935738,12.334373,11.998611,12.049046,12.049046,12.015423,12.267311,12.585411,13.168564,13.351086,13.151951,12.785763,12.602119,12.618832,12.702332,12.652241,12.568703,12.802441,13.251579,13.301342,13.185173,12.652241,12.032238,11.560329,11.492725,11.745995,12.049046,12.618832,13.317928,13.748062,13.863529,13.748062,12.835777,12.485077,12.384636,12.351128,12.468342,12.802441,13.417366,14.209038,14.405884,14.438644,14.143326,13.945911,13.978848,14.011765,14.110455,14.389496,14.405884,14.569599,14.291111,14.126900,14.159763,14.455032,14.814606,14.944996,14.847221,15.026398,15.188980,15.594124,16.190327,16.029587,15.739521,15.351257,15.123981,15.010124,14.814606,15.026398,15.237690,15.577946,16.654766,17.544540,17.402172,17.291267,17.370502,17.418003,17.386341,17.291267,16.734592,16.430859,16.510895,17.084930,17.354664,17.196098,17.196098,17.132591,17.021339,16.846222,16.590855,16.270573,16.109989,16.222427,16.638790,16.718632,16.718632,16.622818,16.574867,16.286617,16.174263,16.077839,16.045673,15.981312,16.093914,16.462883,16.654766,16.526890,16.638790,16.542885,16.430859,16.190327,15.997406,15.949108,15.933002,16.029587,16.270573,16.430859,16.430859,16.622818,16.670738,16.622818,16.590855,16.430859,16.446873,16.622818,16.622818,16.622818,16.494896,16.414852,16.494896,16.366791,16.366791,16.286617,16.190327,16.222427,16.158203,15.949108,15.916897,15.884674,15.691078,15.594124,15.497055,15.383682,15.367474,15.351257,15.318825,15.253925,15.253925,15.075207,14.928707,14.814606,14.781967,14.733006,14.684017,14.471405,14.340313,14.258289,14.143326,13.929443,13.731560,13.566330,13.467049,13.334507,13.284760,13.201775,13.085476,13.002323,12.985676,12.769081,12.568703,12.501804,12.384636,12.351128,12.216988,12.367878,12.233765,12.216988,12.250546,12.183426,11.964966,11.914482,11.847122,11.762863,11.729134,11.830276,11.998611,12.284077,12.183426,12.183426,12.183426,12.166641,11.981785,11.931309,11.931309,11.914482,11.796577,11.695396,11.577221,11.644768,11.627888,11.627888,11.627888,11.306557,11.340439,11.357365,11.289619,11.255722,11.221825,11.170944,11.035133,
4.001003,3.910049,3.891846,3.910049,3.837234,3.910049,3.928246,3.982819,3.964630,4.019184,4.001003,4.019184,4.001003,4.019184,4.037365,4.091881,4.019184,4.019184,4.019184,4.073711,4.019184,4.001003,3.964630,4.110050,4.073711,4.019184,4.164528,4.110050,4.182686,4.255280,4.218987,4.255280,4.327812,4.400314,4.653660,4.960514,5.140610,5.697014,6.446259,6.765751,6.748028,6.552864,6.517342,6.392914,6.410706,6.446259,6.694839,7.489868,7.963982,7.806187,7.101940,6.107971,5.266499,4.942490,4.798172,4.707874,4.707874,4.436539,4.182686,4.164528,3.982819,4.037365,4.073711,4.110050,4.073711,4.073711,4.110050,4.110050,3.964630,4.001003,3.873646,3.928246,3.819023,4.182686,4.218987,4.364071,4.870358,5.104614,5.176598,5.158604,5.320412,5.392242,5.571625,5.050598,4.563248,4.490860,4.563248,4.545155,4.400314,4.707874,4.689812,4.545155,4.545155,4.617508,4.635590,4.798172,4.671738,4.617508,4.689812,4.870358,4.852314,4.870358,5.050598,5.158604,5.086613,4.942490,5.086613,5.266499,5.589546,6.268349,6.765751,7.101940,7.911411,9.009773,9.183022,8.610161,8.418476,8.418476,8.453358,8.766716,9.993317,11.408150,11.729134,11.897648,11.695396,11.543430,11.391228,11.170944,10.984158,10.814041,10.370338,10.267654,10.027649,9.907425,9.752644,9.597610,9.511379,9.476868,9.269539,9.269539,9.079109,8.975086,8.940388,8.714558,8.540497,8.505650,8.523075,8.540497,8.401035,8.104042,8.051544,8.086544,8.016525,8.016525,7.893879,7.876347,7.823730,7.858810,7.771088,7.806187,7.928940,8.331230,8.505650,8.348686,7.893879,7.648148,7.718422,7.753536,7.665718,7.665718,7.735977,7.806187,7.788635,7.700855,7.735977,7.630577,7.700855,7.648148,7.648148,7.612995,7.648148,7.648148,7.612995,7.612995,7.507469,7.296085,7.313717,7.296085,7.260815,7.260815,7.243172,7.700855,7.753536,7.700855,7.313717,7.296085,7.419441,7.401833,7.454662,7.507469,7.472267,7.648148,7.683289,7.577831,7.612995,7.507469,7.525059,7.472267,7.454662,7.525059,7.718422,7.577831,7.542656,7.331345,7.366592,7.313717,7.331345,7.384212,7.454662,7.735977,7.841270,7.700855,7.595413,7.507469,7.507469,7.560242,7.507469,7.560242,7.665718,7.911411,8.016525,7.928940,7.577831,7.612995,7.612995,7.507469,7.525059,7.735977,8.069046,8.104042,8.104042,7.735977,7.630577,7.735977,7.700855,7.806187,7.806187,7.876347,8.069046,8.174004,8.121536,8.156513,7.981499,8.016525,8.104042,8.069046,8.139027,8.278851,8.453358,8.453358,8.313774,8.226437,8.226437,8.348686,8.453358,8.313774,8.366138,8.505650,8.627563,8.505650,8.348686,8.435913,8.366138,8.313774,8.453358,8.505650,8.627563,8.940388,8.923035,8.853588,8.766716,8.749332,8.731949,8.905678,8.923035,9.113758,9.269539,9.338692,9.373260,9.131081,8.905678,8.784096,8.940388,8.975086,9.131081,9.494129,9.683773,9.718216,9.442345,8.992432,9.165710,9.269539,9.200333,9.183022,9.494129,9.752644,9.890244,9.924606,9.700993,9.304119,9.096436,9.217640,9.234943,9.252239,9.304119,9.769852,10.061974,10.061974,9.838661,9.528633,9.096436,9.165710,9.217640,9.442345,9.787056,10.216270,10.130581,10.130581,9.649315,9.442345,9.476868,9.476868,9.563126,9.597610,9.907425,10.609497,10.643623,10.438725,10.438725,10.421631,10.575371,10.626560,10.779976,10.950157,11.137009,11.391228,11.745995,11.813431,11.560329,11.306557,11.272675,11.238777,11.221825,11.272675,11.289619,11.509636,11.627888,11.661655,11.221825,10.694775,10.267654,10.250530,10.267654,10.319000,10.404537,10.489990,10.984158,11.644768,11.594112,11.475815,11.069107,10.933151,10.882126,10.865101,10.916145,11.035133,11.221825,11.897648,11.948143,11.931309,12.032238,12.099461,12.049046,11.931309,11.914482,11.796577,11.745995,11.678528,11.948143,12.049046,11.678528,11.187904,10.967159,10.967159,10.984158,11.103065,11.238777,11.577221,12.032238,12.116257,11.981785,11.661655,11.729134,11.729134,11.678528,11.695396,11.880806,11.897648,12.300850,12.501804,12.719025,12.267311,11.880806,11.897648,11.931309,11.931309,11.745995,11.543430,11.678528,12.434868,12.401375,12.418129,12.032238,11.863968,11.762863,11.830276,11.863968,11.948143,12.183426,12.585411,12.735714,12.585411,12.149849,11.914482,11.964966,12.015423,12.082661,12.300850,12.668941,12.935738,13.351086,13.450489,13.268166,13.185173,13.018955,12.952389,12.719025,12.618832,12.518532,12.919083,13.035591,12.685638,12.065849,11.408150,11.238777,11.272675,11.492725,11.897648,12.451607,13.102104,13.334507,13.234974,13.118725,12.685638,12.468342,12.367878,12.384636,12.568703,12.935738,13.450489,13.847038,13.814064,13.582870,13.085476,12.685638,12.434868,12.501804,12.785763,13.234974,13.599396,13.715046,13.251579,12.935738,12.719025,12.852448,12.919083,12.869114,12.969040,13.351086,13.945911,14.291111,14.487770,13.896488,13.251579,12.969040,12.752399,12.668941,12.652241,13.018955,13.863529,14.928707,15.253925,15.416088,15.335041,15.497055,16.045673,16.029587,16.254528,16.318695,15.707230,15.302612,16.077839,16.638790,16.814339,16.670738,16.590855,16.574867,16.526890,16.350758,15.981312,15.416088,15.820190,16.334732,16.686703,16.622818,16.414852,16.222427,16.126068,15.642616,15.464684,15.383682,15.497055,15.755661,15.981312,16.638790,16.862156,16.766499,16.542885,16.270573,16.222427,16.142136,15.836315,15.771801,15.868561,16.190327,16.430859,16.590855,16.622818,16.702667,16.670738,16.622818,16.542885,16.494896,16.718632,16.830284,16.878090,16.798401,16.766499,16.718632,16.654766,16.670738,16.606838,16.622818,16.446873,16.510895,16.334732,16.318695,16.109989,15.900787,15.852440,15.739521,15.691078,15.739521,15.707230,15.804058,15.804058,15.949108,15.755661,15.497055,15.221458,15.188980,15.253925,15.237690,15.221458,15.042671,14.944996,14.896122,14.814606,14.700352,14.553234,14.487770,14.487770,14.373108,14.340313,14.291111,14.209038,14.159763,14.143326,14.077572,13.995308,13.896488,13.748062,13.648983,13.582870,13.582870,13.632454,13.599396,13.615929,13.516701,13.317928,13.234974,13.185173,13.185173,13.185173,13.218376,13.384232,13.467049,13.417366,13.284760,13.317928,13.268166,13.218376,13.102104,13.068855,13.035591,12.902435,12.769081,12.685638,12.468342,12.367878,12.267311,12.216988,12.133057,11.998611,11.981785,12.032238,12.015423,11.964966,11.880806,11.931309,
3.964630,3.928246,3.928246,3.910049,3.855442,3.873646,3.928246,3.964630,3.946442,4.001003,3.946442,4.019184,4.037365,4.019184,4.019184,4.055538,4.110050,3.982819,4.019184,3.964630,3.982819,3.982819,4.164528,4.128212,4.128212,4.055538,4.146374,4.091881,4.128212,4.237133,4.255280,4.364071,4.382195,4.454651,4.617508,4.798172,4.978535,5.464031,6.018761,6.694839,6.854328,6.606125,6.570625,6.410706,6.428486,6.446259,6.570625,7.101940,7.771088,7.946465,7.331345,6.339550,5.338371,5.014572,4.942490,4.780113,4.725941,4.725941,4.309685,4.146374,4.001003,4.037365,4.037365,4.073711,4.001003,4.037365,4.218987,4.146374,4.001003,4.073711,3.819023,3.855442,4.037365,4.599422,4.888393,4.617508,4.906425,5.086613,5.194580,5.176598,5.464031,5.714912,5.571625,4.798172,4.599422,4.508957,4.635590,4.490860,4.255280,4.237133,4.382195,4.545155,4.581333,4.689812,4.960514,4.924461,4.653660,4.563248,4.780113,4.689812,4.816223,4.888393,4.906425,5.050598,4.978535,4.870358,5.050598,5.284477,5.481972,6.107971,6.481804,6.995895,7.560242,8.697163,9.044441,8.818848,8.435913,8.418476,8.470791,8.679768,9.494129,10.728870,11.661655,11.560329,11.492725,11.374298,11.035133,10.882126,10.609497,10.267654,10.147728,9.855862,9.563126,9.425079,9.528633,9.442345,9.494129,9.407806,9.286831,9.131081,8.975086,8.940388,8.766716,8.610161,8.592743,8.453358,8.523075,8.644970,8.505650,7.963982,7.823730,7.858810,7.963982,7.999016,7.928940,7.806187,7.858810,7.893879,7.841270,7.946465,8.016525,8.226437,8.331230,8.174004,8.278851,8.156513,8.208961,8.104042,8.104042,8.034035,8.156513,8.139027,8.156513,8.104042,8.069046,8.208961,8.278851,8.226437,8.121536,8.121536,8.086544,8.069046,7.946465,7.928940,7.893879,7.876347,7.788635,7.665718,7.612995,7.683289,7.700855,8.313774,8.366138,7.928940,7.753536,7.788635,7.771088,7.841270,7.946465,7.876347,7.999016,8.051544,8.174004,8.069046,7.963982,7.981499,7.876347,7.753536,7.735977,7.735977,7.735977,7.735977,7.735977,7.595413,7.700855,7.630577,7.577831,7.560242,7.648148,7.771088,7.876347,7.876347,7.542656,7.542656,7.507469,7.472267,7.454662,7.419441,7.525059,7.876347,7.911411,7.771088,7.507469,7.507469,7.489868,7.401833,7.454662,7.560242,7.893879,7.928940,7.841270,7.507469,7.384212,7.489868,7.560242,7.577831,7.489868,7.577831,7.946465,8.069046,7.841270,7.753536,7.771088,7.788635,7.753536,7.806187,7.981499,8.034035,8.139027,8.174004,8.086544,7.893879,7.876347,7.788635,7.963982,7.806187,7.963982,8.278851,8.331230,8.243912,8.226437,8.174004,8.208961,8.278851,8.278851,8.366138,8.505650,8.644970,8.644970,8.610161,8.610161,8.592743,8.575333,8.662369,8.662369,8.801476,8.957737,9.217640,9.131081,8.836220,8.714558,8.575333,8.575333,8.731949,8.818848,9.079109,9.476868,9.407806,9.096436,8.957737,9.061775,9.131081,9.044441,9.096436,9.200333,9.476868,9.528633,9.649315,9.425079,8.975086,8.992432,9.044441,9.131081,9.113758,9.200333,9.545887,9.821461,9.855862,9.511379,9.234943,9.009773,8.905678,8.923035,9.269539,9.597610,10.061974,9.873051,9.804260,9.269539,9.148392,9.234943,9.200333,9.321407,9.442345,9.700993,10.438725,10.455822,10.301891,10.301891,10.336117,10.455822,10.575371,10.609497,10.728870,10.848083,11.187904,11.560329,11.661655,11.543430,11.509636,11.408150,11.374298,11.357365,11.221825,11.272675,11.323498,11.374298,11.391228,11.069107,10.694775,10.353233,10.250530,10.353233,10.319000,10.267654,10.489990,10.831066,11.458900,11.441990,11.255722,11.069107,11.018150,10.882126,11.001148,10.933151,10.984158,11.170944,11.813431,11.847122,11.830276,11.712273,11.695396,11.779716,11.863968,11.863968,11.729134,11.594112,11.627888,11.880806,11.880806,11.509636,11.069107,10.967159,10.933151,10.967159,10.984158,11.289619,11.745995,12.099461,12.183426,12.015423,11.796577,11.712273,11.644768,11.611008,11.661655,11.543430,11.729134,12.233765,12.535263,12.485077,12.032238,11.813431,11.779716,11.830276,11.796577,11.627888,11.526535,11.627888,12.334373,12.468342,12.401375,11.712273,11.560329,11.526535,11.611008,11.543430,11.745995,12.032238,12.752399,12.802441,12.652241,11.981785,11.914482,12.015423,12.116257,12.116257,12.351128,12.735714,13.102104,13.781071,14.291111,14.700352,14.307518,13.648983,13.251579,12.668941,12.501804,12.551975,12.752399,13.002323,12.535263,11.813431,11.170944,11.153976,11.272675,11.425068,12.049046,12.535263,13.118725,13.417366,13.450489,13.433933,13.201775,13.085476,12.852448,12.885777,12.935738,13.218376,13.615929,13.814064,14.274704,13.715046,12.719025,12.065849,12.049046,12.166641,12.551975,13.102104,13.351086,13.334507,12.735714,12.485077,12.300850,12.300850,12.250546,12.300850,12.401375,12.668941,13.384232,13.516701,13.400806,12.902435,12.334373,12.082661,12.049046,11.948143,11.998611,12.418129,13.384232,14.061119,14.274704,13.945911,13.764572,13.945911,14.077572,14.340313,14.274704,14.110455,13.896488,13.995308,14.405884,14.487770,14.143326,13.912971,13.912971,13.880009,13.978848,14.028225,14.011765,14.176193,14.602299,14.847221,14.422272,14.192616,14.011765,13.698540,13.665508,13.665508,13.863529,13.978848,14.944996,15.416088,15.836315,16.286617,15.965214,15.480865,15.318825,15.351257,15.318825,15.010124,15.058941,15.416088,15.933002,15.997406,15.965214,16.061756,16.109989,16.093914,15.965214,16.013500,16.093914,16.142136,16.430859,16.670738,16.670738,16.606838,16.446873,16.334732,16.366791,16.398830,16.478889,16.526890,16.510895,16.318695,16.270573,16.142136,15.981312,15.723377,15.577946,15.497055,15.674923,15.755661,15.707230,15.852440,15.755661,15.836315,15.674923,15.545601,15.335041,15.480865,15.480865,15.432289,15.399883,15.335041,15.107727,15.058941,14.912418,14.798294,14.700352,14.634995,14.667679,14.651337,14.602299,14.634995,14.733006,14.830910,14.765656,14.781967,14.781967,14.749332,14.749332,14.700352,14.814606,14.684017,14.765656,14.700352,14.602299,14.536880,14.504147,14.553234,14.405884,14.438644,14.487770,14.373108,14.504147,14.455032,14.438644,14.405884,14.422272,14.307518,14.274704,14.192616,14.110455,14.077572,14.044678,13.929443,13.764572,13.533249,13.433933,13.500156,13.384232,13.334507,13.268166,13.301342,13.085476,13.085476,13.052223,12.935738,12.902435,
3.910049,4.037365,3.910049,3.746143,3.782589,3.855442,4.001003,3.982819,3.928246,4.019184,4.019184,3.982819,3.928246,4.019184,4.128212,4.110050,4.019184,4.037365,3.800804,3.964630,4.001003,4.019184,4.073711,4.073711,4.110050,4.091881,4.110050,4.073711,4.164528,4.273415,4.255280,4.327812,4.291550,4.309685,4.454651,4.617508,4.725941,5.050598,5.625381,6.250534,6.765751,6.641617,6.499577,6.464035,6.428486,6.481804,6.499577,6.730297,7.648148,7.876347,7.507469,6.588379,5.786484,5.230549,4.924461,4.671738,4.635590,4.689812,4.309685,4.164528,4.055538,4.055538,4.019184,3.982819,4.073711,4.091881,4.237133,4.128212,3.982819,3.855442,3.800804,3.727913,3.964630,4.743999,5.338371,5.014572,4.888393,5.050598,5.104614,5.122616,5.266499,5.589546,5.104614,4.400314,4.382195,4.527058,4.653660,4.436539,4.091881,4.182686,4.327812,4.418427,4.707874,5.086613,5.068611,4.798172,4.581333,4.617508,4.617508,4.635590,4.725941,4.780113,4.888393,5.032589,4.870358,4.707874,4.942490,5.338371,5.822250,6.197094,6.357342,6.942829,7.401833,8.104042,9.009773,8.957737,8.488220,8.348686,8.348686,8.435913,9.009773,10.694775,11.998611,12.149849,12.049046,11.880806,11.560329,11.323498,11.018150,10.660679,10.319000,9.873051,9.614849,9.355976,9.442345,9.563126,9.425079,9.183022,9.061775,9.027115,8.940388,8.870953,8.714558,8.627563,8.435913,8.435913,8.557915,8.731949,8.627563,7.928940,7.806187,7.648148,7.841270,7.858810,7.858810,7.876347,7.806187,7.771088,7.823730,7.841270,7.841270,7.841270,7.946465,8.051544,8.104042,8.139027,8.174004,8.121536,8.104042,8.174004,8.191483,8.174004,8.121536,8.104042,8.226437,8.662369,8.853588,8.557915,8.627563,8.470791,8.453358,8.470791,8.453358,8.366138,8.348686,8.348686,8.313774,8.296310,8.261383,8.296310,8.313774,8.697163,8.592743,8.453358,8.470791,8.383591,8.383591,8.470791,8.453358,8.523075,8.627563,8.592743,8.610161,8.610161,8.505650,8.523075,8.435913,8.278851,8.226437,8.139027,8.156513,8.069046,8.104042,8.086544,8.156513,8.313774,8.296310,8.261383,8.208961,8.243912,8.505650,8.296310,7.753536,7.700855,7.595413,7.665718,7.525059,7.489868,7.648148,7.823730,7.823730,7.700855,7.612995,7.612995,7.489868,7.560242,7.525059,7.612995,7.946465,7.806187,7.911411,7.489868,7.454662,7.437057,7.472267,7.525059,7.419441,7.489868,7.771088,7.823730,7.753536,7.700855,7.648148,7.612995,7.612995,7.683289,7.788635,7.823730,8.034035,7.946465,7.981499,7.718422,7.525059,7.472267,7.489868,7.507469,7.577831,7.858810,8.104042,8.034035,8.034035,8.034035,8.051544,8.104042,8.174004,8.069046,8.121536,8.435913,8.435913,8.278851,8.139027,8.086544,8.226437,8.296310,8.366138,8.366138,8.662369,8.801476,8.784096,8.627563,8.575333,8.453358,8.331230,8.383591,8.505650,8.801476,9.165710,9.165710,9.061775,8.940388,8.975086,9.079109,8.992432,9.131081,9.200333,9.321407,9.425079,9.355976,9.286831,9.027115,8.870953,8.888317,8.975086,8.923035,9.027115,9.425079,9.597610,9.580376,9.217640,9.027115,8.975086,8.940388,9.044441,9.183022,9.355976,9.666546,9.718216,9.649315,9.113758,8.992432,8.975086,9.079109,9.096436,9.269539,9.511379,10.267654,10.267654,10.199139,10.027649,10.164867,10.233398,10.404537,10.301891,10.387436,10.609497,10.797012,11.035133,11.153976,11.086086,10.916145,10.728870,10.762939,10.762939,10.831066,10.865101,11.035133,11.069107,11.120033,10.728870,10.284771,10.507072,10.404537,10.301891,10.130581,10.164867,10.267654,10.711826,11.170944,11.204865,11.018150,10.899132,10.831066,10.865101,10.831066,10.933151,10.933151,11.069107,11.543430,11.695396,11.577221,11.492725,11.526535,11.475815,11.678528,11.762863,11.560329,11.323498,11.627888,11.779716,11.762863,11.425068,11.357365,11.255722,11.221825,11.255722,11.289619,11.492725,11.661655,12.099461,12.116257,12.065849,11.644768,11.340439,11.323498,11.374298,11.425068,11.391228,11.560329,12.116257,12.434868,12.468342,11.964966,11.745995,11.729134,11.745995,11.729134,11.627888,11.543430,11.712273,12.468342,12.635536,12.351128,11.863968,11.627888,11.458900,11.475815,11.560329,11.627888,12.149849,12.969040,12.735714,12.551975,12.149849,12.149849,12.099461,12.065849,12.334373,12.535263,12.802441,13.118725,13.698540,14.634995,13.682022,12.434868,12.116257,11.880806,11.560329,11.560329,11.880806,12.535263,12.702332,12.216988,11.509636,11.120033,11.052120,11.272675,11.509636,12.133057,12.668941,13.384232,13.781071,14.126900,14.061119,13.268166,13.102104,13.201775,13.234974,13.234974,13.168564,13.467049,13.665508,14.028225,13.268166,12.166641,11.729134,11.779716,12.015423,12.501804,13.102104,13.151951,13.085476,12.719025,12.418129,12.216988,12.166641,12.200203,12.284077,12.384636,12.635536,13.151951,13.417366,12.952389,12.434868,11.948143,11.880806,11.594112,11.678528,11.779716,12.216988,13.218376,13.467049,13.384232,13.301342,13.201775,13.168564,13.052223,12.985676,12.852448,13.102104,13.284760,13.483601,13.351086,12.952389,12.485077,12.233765,12.233765,12.284077,12.384636,12.685638,13.052223,13.433933,13.334507,13.018955,12.668941,12.434868,12.166641,12.049046,11.981785,12.250546,12.652241,13.317928,14.011765,14.389496,14.028225,13.102104,12.852448,12.652241,12.685638,12.785763,13.251579,13.632454,14.044678,14.471405,15.010124,14.618649,14.274704,14.422272,14.389496,14.258289,14.340313,14.585953,14.977566,15.205219,15.367474,15.674923,15.513241,15.286385,15.237690,15.205219,15.270157,15.755661,15.804058,16.029587,16.142136,16.093914,16.029587,15.642616,15.399883,15.221458,15.156490,15.188980,15.335041,15.464684,15.545601,15.545601,15.610291,15.480865,15.432289,15.383682,15.416088,15.367474,15.383682,15.351257,15.205219,15.140236,14.928707,14.716679,14.684017,14.520515,14.487770,14.258289,14.405884,14.389496,14.471405,14.569599,14.684017,14.765656,14.765656,14.830910,14.781967,14.814606,14.879829,14.961281,14.944996,14.993847,14.944996,15.026398,14.928707,14.879829,14.863525,14.765656,14.830910,14.863525,15.010124,15.042671,15.075207,15.010124,14.912418,15.058941,14.928707,14.814606,14.700352,14.618649,14.634995,14.651337,14.667679,14.553234,14.438644,14.422272,14.438644,14.340313,14.307518,14.258289,14.241875,14.176193,14.110455,14.028225,14.077572,14.077572,14.044678,
4.146374,4.128212,4.110050,4.019184,4.073711,4.055538,4.055538,4.037365,4.001003,4.037365,4.055538,3.982819,4.055538,4.146374,4.055538,4.146374,4.037365,3.964630,3.855442,3.928246,4.055538,4.091881,4.073711,4.110050,4.091881,4.128212,4.182686,4.237133,4.164528,4.128212,4.200836,4.327812,4.237133,4.364071,4.472755,4.617508,4.635590,4.996559,5.320412,5.786484,6.659363,6.641617,6.570625,6.428486,6.446259,6.481804,6.570625,6.659363,7.031254,7.630577,7.788635,6.942829,6.125797,5.320412,4.960514,4.725941,4.671738,4.545155,4.400314,4.255280,4.182686,4.055538,4.037365,4.073711,4.055538,4.146374,4.164528,4.200836,4.019184,3.891846,3.691456,3.691456,4.001003,4.852314,5.481972,5.248528,4.725941,5.050598,5.176598,5.122616,5.302444,5.464031,4.671738,4.382195,4.400314,4.418427,4.545155,4.291550,4.037365,4.200836,4.291550,4.545155,5.194580,5.464031,4.870358,4.563248,4.599422,4.617508,4.472755,4.635590,4.707874,4.816223,4.924461,4.996559,4.617508,4.743999,4.960514,5.428139,5.947346,6.232731,6.232731,6.623875,7.313717,7.735977,8.749332,9.165710,8.818848,8.435913,8.418476,8.470791,8.870953,10.438725,11.729134,11.880806,11.981785,11.863968,11.644768,11.323498,11.069107,10.745911,10.524147,10.147728,9.735428,9.718216,10.027649,10.044807,9.632080,9.148392,8.992432,8.957737,8.888317,8.836220,8.784096,8.697163,8.505650,8.488220,8.610161,8.714558,8.714558,8.208961,8.139027,8.069046,8.104042,8.208961,8.051544,7.981499,8.069046,7.946465,8.051544,8.016525,7.946465,7.893879,7.911411,8.086544,8.121536,8.104042,8.104042,8.121536,7.999016,8.034035,7.911411,7.911411,7.928940,7.823730,8.104042,8.836220,8.923035,8.731949,8.523075,8.453358,8.575333,8.592743,8.435913,8.418476,8.401035,8.435913,8.575333,8.575333,8.644970,8.557915,8.714558,8.714558,8.627563,8.592743,8.610161,8.575333,8.679768,8.662369,8.731949,8.836220,8.749332,8.818848,8.801476,8.957737,9.027115,8.940388,8.818848,8.644970,8.644970,8.644970,8.749332,8.697163,8.662369,8.662369,8.749332,8.836220,8.870953,8.801476,8.784096,8.836220,9.009773,8.731949,8.121536,7.928940,7.858810,7.876347,7.893879,7.928940,7.806187,7.841270,7.858810,7.858810,7.841270,7.841270,7.735977,7.665718,7.683289,7.753536,7.823730,7.911411,7.823730,7.630577,7.595413,7.665718,7.700855,7.718422,7.683289,7.718422,7.823730,7.963982,7.893879,7.718422,7.718422,7.665718,7.735977,7.700855,7.788635,7.841270,7.981499,7.981499,8.034035,7.771088,7.542656,7.366592,7.384212,7.437057,7.454662,7.788635,7.981499,7.999016,7.946465,7.823730,7.806187,8.016525,7.963982,7.893879,8.086544,8.243912,8.208961,8.034035,7.753536,7.788635,7.858810,7.999016,7.946465,8.086544,8.435913,8.592743,8.540497,8.488220,8.435913,8.191483,8.313774,8.261383,8.296310,8.610161,8.853588,8.905678,8.784096,8.575333,8.644970,8.731949,8.679768,8.731949,8.905678,8.905678,9.217640,9.148392,9.044441,8.784096,8.679768,8.697163,8.697163,8.679768,8.818848,9.079109,9.200333,9.286831,8.923035,8.905678,8.853588,8.818848,8.975086,9.079109,9.096436,9.355976,9.511379,9.425079,8.888317,8.731949,8.888317,8.888317,9.009773,9.009773,9.425079,9.855862,10.079128,10.027649,9.941792,9.890244,9.924606,9.993317,9.958965,10.164867,10.199139,10.541225,10.711826,10.848083,10.643623,10.438725,10.421631,10.558300,10.592438,10.677727,10.609497,10.728870,10.831066,10.882126,10.387436,10.130581,10.284771,10.336117,10.061974,9.958965,9.976139,10.147728,10.728870,11.001148,10.848083,10.319000,10.216270,10.387436,10.267654,10.336117,10.370338,10.507072,10.694775,11.323498,11.560329,11.492725,11.340439,11.255722,11.103065,11.238777,11.289619,11.204865,11.289619,11.408150,11.695396,11.678528,11.543430,11.425068,11.441990,11.374298,11.492725,11.560329,11.526535,11.712273,11.964966,12.032238,11.897648,11.509636,11.221825,11.272675,11.340439,11.153976,11.272675,11.509636,12.015423,12.551975,12.434868,12.082661,11.981785,11.914482,11.981785,11.964966,11.779716,11.779716,12.099461,12.668941,12.835777,12.468342,11.914482,11.678528,11.408150,11.492725,11.526535,11.745995,12.334373,12.719025,12.802441,12.501804,12.082661,12.166641,12.200203,12.267311,12.501804,12.835777,13.035591,13.068855,13.068855,12.652241,11.863968,11.221825,11.120033,10.865101,10.916145,11.086086,11.594112,12.418129,12.434868,11.964966,11.221825,11.187904,11.153976,11.306557,11.661655,12.183426,12.802441,13.317928,13.814064,13.218376,11.981785,11.323498,11.408150,11.611008,11.779716,12.334373,12.835777,13.135342,13.284760,13.218376,12.468342,11.779716,11.695396,11.762863,11.948143,12.418129,13.052223,13.018955,12.885777,12.719025,12.518532,12.418129,12.267311,12.418129,12.501804,12.585411,12.835777,13.085476,12.969040,12.769081,12.200203,11.762863,11.745995,11.611008,11.577221,11.813431,12.250546,13.234974,13.367657,13.201775,13.135342,13.102104,12.985676,12.969040,12.668941,12.785763,12.985676,13.135342,13.201775,13.018955,12.568703,12.049046,11.863968,11.931309,11.931309,12.166641,12.384636,12.952389,13.102104,12.902435,12.585411,12.183426,12.065849,11.863968,11.813431,11.914482,12.065849,12.635536,13.384232,13.500156,13.151951,12.351128,11.964966,11.830276,11.661655,11.847122,11.948143,12.216988,13.052223,13.582870,13.665508,13.400806,13.018955,12.885777,12.819115,12.702332,12.819115,12.935738,13.251579,13.995308,14.307518,14.520515,14.192616,13.764572,13.549789,13.533249,13.549789,13.715046,13.896488,14.765656,15.302612,15.577946,15.205219,14.863525,14.438644,14.126900,14.011765,14.176193,14.307518,14.634995,14.814606,14.830910,14.961281,14.896122,14.716679,14.781967,14.716679,14.781967,14.830910,14.781967,14.733006,14.634995,14.389496,14.176193,14.077572,13.830551,13.715046,13.533249,13.648983,13.764572,14.028225,14.241875,14.389496,14.438644,14.455032,14.455032,14.422272,14.471405,14.585953,14.667679,14.830910,14.896122,14.798294,14.733006,14.781967,14.765656,14.700352,14.716679,14.651337,14.863525,15.123981,15.140236,15.123981,15.205219,15.123981,15.140236,15.058941,15.010124,14.961281,14.847221,14.716679,14.700352,14.618649,14.667679,14.602299,14.684017,14.651337,14.569599,14.569599,14.520515,14.569599,14.504147,14.520515,14.389496,14.504147,14.487770,14.389496,14.602299,
4.671738,4.617508,4.527058,4.382195,4.454651,4.454651,4.436539,4.436539,4.327812,4.273415,4.309685,4.400314,4.128212,4.255280,4.218987,4.200836,4.255280,4.091881,4.091881,4.200836,4.273415,4.200836,4.218987,4.182686,4.091881,4.200836,4.218987,4.200836,4.218987,4.291550,4.400314,4.345943,4.327812,4.418427,4.472755,4.581333,4.635590,4.689812,5.014572,5.553699,6.232731,6.623875,6.606125,6.428486,6.499577,6.339550,6.499577,6.481804,6.854328,7.419441,7.630577,7.207882,6.357342,5.446091,5.032589,4.924461,4.617508,4.581333,4.508957,4.382195,4.255280,4.091881,4.182686,4.037365,4.001003,4.128212,4.146374,4.091881,3.982819,3.782589,3.746143,3.782589,4.110050,4.816223,5.464031,5.535770,4.888393,4.960514,5.140610,5.194580,5.248528,5.302444,4.599422,4.345943,4.309685,4.527058,4.418427,4.164528,4.091881,4.182686,4.291550,4.689812,5.589546,5.104614,4.780113,4.599422,4.635590,4.653660,4.635590,4.635590,4.780113,4.834267,4.852314,4.671738,4.617508,4.725941,4.870358,5.499908,5.840134,5.929482,6.197094,6.623875,7.066605,7.313717,8.243912,9.338692,9.079109,8.523075,8.383591,8.470791,8.610161,9.407806,10.728870,11.425068,11.678528,11.543430,11.204865,11.052120,10.660679,10.524147,10.301891,9.993317,9.649315,9.632080,10.130581,10.199139,9.752644,9.165710,8.923035,8.853588,8.853588,8.853588,8.870953,8.801476,8.731949,8.662369,8.731949,8.679768,8.679768,8.592743,8.644970,8.505650,8.557915,8.592743,8.505650,8.453358,8.366138,8.313774,8.313774,8.278851,8.174004,8.174004,8.243912,8.540497,8.488220,8.278851,8.208961,8.121536,8.051544,7.981499,7.928940,7.946465,7.893879,7.806187,8.156513,8.644970,8.905678,8.557915,8.540497,8.505650,8.523075,8.610161,8.401035,8.505650,8.435913,8.523075,8.505650,8.592743,8.575333,8.662369,8.697163,8.679768,8.662369,8.610161,8.610161,8.627563,8.540497,8.644970,8.731949,8.627563,8.644970,8.540497,8.610161,8.766716,9.131081,9.165710,8.888317,8.731949,8.644970,8.610161,8.662369,8.697163,8.749332,8.801476,8.853588,8.940388,9.009773,8.992432,9.027115,9.148392,9.131081,9.044441,8.766716,8.662369,8.749332,8.697163,8.679768,8.627563,8.575333,8.540497,8.523075,8.383591,8.243912,8.208961,8.208961,8.156513,8.051544,8.051544,8.051544,8.191483,8.051544,8.016525,8.069046,8.069046,8.121536,8.226437,8.139027,8.121536,8.191483,8.261383,8.366138,8.121536,8.051544,8.016525,8.034035,7.876347,7.999016,8.034035,8.069046,8.069046,8.051544,7.981499,7.806187,7.665718,7.612995,7.577831,7.700855,7.963982,8.034035,8.121536,7.928940,7.946465,7.963982,7.911411,7.841270,7.928940,7.981499,8.208961,8.208961,8.069046,7.858810,7.771088,7.858810,7.946465,7.946465,7.963982,8.208961,8.366138,8.313774,8.226437,8.139027,8.139027,8.191483,8.104042,8.243912,8.401035,8.662369,8.714558,8.523075,8.243912,8.261383,8.208961,8.278851,8.366138,8.401035,8.505650,8.679768,8.749332,8.836220,8.610161,8.470791,8.488220,8.435913,8.505650,8.505650,8.784096,8.905678,8.853588,8.610161,8.523075,8.488220,8.470791,8.523075,8.610161,8.731949,9.027115,9.165710,9.165710,8.714558,8.697163,8.697163,8.697163,8.818848,8.940388,9.355976,9.632080,9.821461,9.735428,9.838661,9.735428,9.752644,9.890244,9.890244,9.838661,10.044807,10.216270,10.404537,10.404537,10.182007,10.199139,10.353233,10.319000,10.643623,10.489990,10.404537,10.438725,10.694775,10.524147,10.267654,9.838661,10.113426,10.164867,9.958965,9.821461,9.873051,10.010487,10.728870,10.848083,10.762939,9.907425,9.821461,9.855862,9.855862,9.890244,9.941792,10.010487,10.267654,11.018150,11.374298,11.391228,11.374298,11.035133,10.950157,10.950157,11.137009,11.069107,11.103065,11.272675,11.577221,11.560329,11.272675,11.018150,11.001148,11.137009,11.204865,11.187904,11.272675,11.357365,11.813431,11.948143,11.762863,11.221825,11.069107,11.103065,11.204865,11.204865,11.289619,11.627888,12.116257,12.618832,12.719025,12.618832,12.233765,12.183426,12.284077,12.233765,12.250546,12.149849,12.434868,12.635536,12.769081,12.284077,11.796577,11.492725,11.441990,11.492725,11.627888,11.863968,12.300850,12.902435,12.885777,12.618832,12.418129,12.317612,12.367878,12.535263,12.685638,13.018955,12.985676,12.952389,12.902435,12.166641,11.712273,11.137009,10.865101,10.865101,10.865101,11.103065,11.830276,12.501804,12.384636,11.863968,11.441990,11.306557,11.221825,11.543430,11.847122,12.233765,13.018955,12.969040,13.268166,12.015423,11.255722,11.221825,11.221825,11.238777,11.357365,11.897648,12.769081,13.035591,12.935738,12.685638,12.317612,11.729134,11.863968,11.897648,11.998611,12.351128,12.885777,12.935738,12.802441,12.485077,12.451607,12.267311,12.384636,12.367878,12.501804,12.585411,12.935738,12.952389,12.852448,12.418129,11.964966,11.745995,11.594112,11.594112,11.577221,11.779716,12.418129,13.384232,13.533249,13.467049,13.218376,12.985676,12.852448,12.702332,12.719025,12.752399,13.018955,13.052223,13.035591,12.652241,12.099461,11.779716,11.577221,11.695396,11.745995,12.049046,12.451607,13.085476,12.985676,12.852448,12.702332,12.468342,12.434868,12.300850,12.284077,12.367878,12.485077,12.919083,13.151951,13.384232,12.735714,12.300850,11.880806,11.712273,11.813431,11.948143,12.049046,12.602119,13.351086,13.433933,13.284760,12.752399,12.518532,12.250546,12.284077,12.334373,12.384636,12.635536,12.919083,13.566330,13.731560,13.632454,13.251579,12.885777,12.785763,12.869114,12.869114,13.052223,13.467049,14.520515,14.977566,14.798294,13.912971,13.367657,13.085476,13.035591,13.085476,13.151951,13.467049,14.241875,14.356716,14.077572,13.764572,13.433933,13.400806,13.483601,13.500156,13.599396,13.632454,13.880009,13.830551,13.814064,13.268166,12.952389,12.785763,12.752399,12.535263,12.719025,12.752399,13.251579,13.483601,13.682022,13.847038,13.582870,13.599396,13.632454,13.615929,13.764572,14.028225,14.209038,14.389496,14.389496,14.241875,14.209038,14.176193,14.094013,14.011765,14.143326,14.291111,14.471405,14.749332,14.961281,15.042671,15.107727,15.026398,14.928707,14.765656,14.749332,14.684017,14.520515,14.520515,14.553234,14.504147,14.520515,14.553234,14.553234,14.651337,14.520515,14.504147,14.455032,14.487770,14.504147,14.569599,14.553234,14.422272,14.520515,14.602299,14.634995,
5.768597,5.643291,5.589546,5.643291,5.446091,5.481972,5.410194,5.284477,5.194580,5.158604,5.122616,5.104614,4.924461,4.960514,4.960514,4.888393,4.743999,4.599422,4.707874,4.671738,4.689812,4.689812,4.581333,4.689812,4.563248,4.599422,4.508957,4.545155,4.527058,4.545155,4.563248,4.472755,4.472755,4.635590,4.599422,4.617508,4.581333,4.780113,4.978535,5.446091,5.875885,6.641617,6.641617,6.588379,6.446259,6.535103,6.641617,6.464035,6.694839,7.137272,7.577831,7.665718,6.836617,5.786484,5.212570,5.176598,4.870358,4.635590,4.490860,4.418427,4.327812,4.327812,4.146374,4.055538,4.073711,4.091881,4.110050,4.128212,3.946442,3.782589,3.764370,3.873646,4.073711,4.834267,5.481972,5.481972,4.924461,4.798172,5.140610,5.176598,5.356339,5.158604,4.581333,4.364071,4.400314,4.454651,4.309685,4.200836,4.091881,4.273415,4.327812,5.194580,5.875885,5.086613,4.599422,4.472755,4.545155,4.454651,4.563248,4.599422,4.707874,4.816223,4.689812,4.508957,4.725941,4.563248,4.906425,5.464031,5.875885,5.804367,6.072296,6.588379,6.712570,7.084278,8.069046,9.183022,9.113758,8.627563,8.366138,8.366138,8.523075,8.905678,10.164867,11.408150,11.526535,11.391228,11.306557,10.984158,10.779976,10.507072,10.370338,10.044807,9.666546,9.580376,9.958965,10.096279,9.838661,9.494129,9.131081,9.044441,9.131081,8.957737,8.992432,8.870953,8.888317,8.784096,8.697163,8.731949,8.801476,8.836220,8.818848,8.731949,8.714558,8.627563,8.523075,8.610161,8.453358,8.401035,8.488220,8.453358,8.243912,8.348686,8.488220,8.818848,8.905678,8.523075,8.348686,8.243912,8.174004,8.104042,8.139027,8.051544,8.051544,8.104042,8.139027,8.366138,8.679768,8.575333,8.557915,8.627563,8.557915,8.575333,8.540497,8.470791,8.435913,8.505650,8.592743,8.592743,8.592743,8.679768,8.644970,8.697163,8.905678,8.801476,8.644970,8.540497,8.453358,8.488220,8.540497,8.557915,8.644970,8.557915,8.540497,8.610161,9.148392,9.217640,8.870953,8.679768,8.418476,8.435913,8.488220,8.523075,8.505650,8.453358,8.523075,8.627563,8.679768,8.627563,8.766716,8.714558,8.801476,8.818848,8.853588,8.853588,8.870953,8.870953,8.853588,8.801476,8.870953,8.870953,8.940388,8.818848,8.870953,9.044441,9.200333,8.940388,8.853588,8.784096,8.662369,8.749332,8.801476,8.731949,8.714558,8.731949,8.697163,8.801476,8.662369,8.610161,8.470791,8.714558,8.905678,8.540497,8.453358,8.470791,8.383591,8.313774,8.261383,8.331230,8.401035,8.401035,8.383591,8.261383,8.191483,8.261383,8.191483,8.208961,8.139027,8.296310,8.191483,8.208961,8.104042,8.034035,8.086544,8.069046,7.999016,8.069046,8.086544,8.278851,8.331230,8.418476,8.139027,7.946465,7.911411,7.911411,7.928940,8.016525,8.208961,8.331230,8.174004,8.104042,8.139027,8.069046,8.121536,8.069046,8.051544,8.331230,8.383591,8.453358,8.296310,8.104042,8.086544,8.034035,7.999016,8.034035,8.208961,8.243912,8.401035,8.523075,8.383591,8.366138,8.174004,8.104042,8.069046,8.086544,8.191483,8.435913,8.575333,8.557915,8.296310,8.016525,7.999016,8.086544,8.121536,8.104042,8.174004,8.627563,8.749332,8.766716,8.610161,8.453358,8.488220,8.592743,8.575333,8.714558,8.975086,9.286831,9.511379,9.511379,9.355976,9.425079,9.425079,9.494129,9.545887,9.563126,9.511379,9.735428,10.010487,10.061974,9.941792,9.907425,9.873051,10.182007,10.233398,10.079128,10.044807,10.079128,10.319000,10.267654,10.164867,9.735428,9.718216,9.924606,9.890244,9.976139,9.855862,9.924606,10.489990,10.541225,10.421631,9.855862,9.700993,9.700993,9.614849,9.700993,9.787056,9.787056,10.027649,10.882126,11.204865,11.272675,11.221825,11.052120,10.933151,10.984158,10.899132,10.848083,10.779976,11.170944,11.374298,11.204865,10.984158,10.677727,10.779976,10.865101,10.933151,11.001148,11.153976,11.272675,11.678528,11.880806,11.611008,11.069107,11.052120,11.018150,11.035133,11.069107,11.221825,11.492725,12.099461,12.535263,12.652241,12.434868,11.981785,11.847122,11.931309,11.981785,11.948143,12.082661,12.485077,12.418129,12.568703,11.998611,11.661655,11.425068,11.492725,11.425068,11.627888,11.796577,12.351128,12.969040,12.919083,12.835777,12.652241,12.769081,12.785763,12.835777,12.935738,12.935738,12.869114,12.952389,13.218376,12.384636,11.492725,10.814041,10.814041,10.745911,10.814041,11.103065,11.880806,12.551975,12.434868,12.065849,11.931309,11.847122,11.863968,11.998611,12.149849,12.585411,12.852448,13.068855,12.668941,11.644768,11.187904,11.323498,11.340439,11.340439,11.425068,12.116257,12.819115,13.035591,13.018955,12.551975,12.166641,11.880806,11.931309,11.998611,12.015423,12.351128,12.819115,12.919083,12.652241,12.334373,12.284077,12.166641,12.183426,12.233765,12.334373,12.468342,13.002323,12.985676,12.902435,12.317612,11.813431,11.627888,11.577221,11.611008,11.661655,11.914482,12.535263,13.433933,13.648983,13.301342,12.735714,12.401375,12.535263,12.618832,12.602119,12.668941,13.018955,13.102104,12.919083,12.401375,11.981785,11.509636,11.408150,11.543430,11.678528,12.049046,12.501804,13.118725,13.168564,13.185173,12.902435,12.819115,12.885777,12.852448,12.652241,12.852448,12.902435,13.185173,13.334507,13.450489,12.785763,12.116257,11.863968,11.863968,11.998611,12.183426,12.233765,12.702332,13.185173,13.234974,13.002323,12.702332,12.468342,12.367878,12.418129,12.485077,12.418129,12.668941,12.952389,13.417366,13.533249,13.251579,12.969040,12.485077,12.384636,12.418129,12.735714,12.902435,13.533249,14.274704,14.765656,13.863529,13.102104,12.802441,12.585411,12.568703,12.685638,12.785763,13.185173,13.880009,14.028225,13.400806,13.102104,12.785763,12.719025,12.602119,12.551975,12.551975,12.819115,13.052223,13.234974,12.985676,12.668941,12.300850,12.116257,12.065849,12.082661,12.200203,12.401375,13.002323,13.151951,13.068855,12.885777,12.735714,12.719025,12.585411,12.719025,12.885777,13.351086,13.632454,13.599396,13.433933,13.400806,13.218376,13.118725,12.985676,13.301342,13.301342,13.615929,14.011765,14.356716,14.471405,14.455032,14.340313,14.209038,14.291111,14.126900,13.962376,13.896488,13.978848,13.978848,14.110455,14.209038,14.192616,14.225464,14.225464,14.077572,13.863529,14.028225,13.929443,14.192616,14.455032,14.634995,14.536880,14.438644,14.438644,14.487770,14.520515,
6.995895,6.889732,6.818905,6.818905,6.570625,6.730297,6.588379,6.410706,6.552864,6.392914,6.339550,6.197094,6.232731,6.054455,5.875885,5.947346,5.875885,5.875885,5.858009,5.625381,5.625381,5.517838,5.428139,5.481972,5.446091,5.302444,5.320412,5.356339,5.140610,5.194580,5.194580,5.104614,5.122616,4.978535,5.104614,4.942490,4.996559,5.140610,5.176598,5.499908,5.840134,6.410706,6.960518,6.872036,6.641617,6.464035,6.392914,6.499577,6.606125,6.872036,7.507469,7.700855,7.260815,6.286148,5.481972,5.176598,5.104614,4.780113,4.635590,4.527058,4.436539,4.273415,4.218987,4.200836,4.055538,4.146374,4.110050,4.110050,3.982819,3.691456,3.746143,3.673222,3.946442,4.942490,5.481972,5.428139,4.942490,4.617508,4.978535,5.266499,5.284477,5.122616,4.472755,4.345943,4.382195,4.327812,4.255280,4.055538,4.091881,4.273415,4.382195,5.212570,5.535770,4.780113,4.508957,4.436539,4.436539,4.527058,4.545155,4.545155,4.635590,4.599422,4.563248,4.472755,4.508957,4.527058,4.906425,5.464031,5.661201,5.607468,5.929482,6.161457,6.375134,6.942829,7.928940,8.818848,9.061775,8.749332,8.488220,8.418476,8.453358,8.662369,9.476868,10.882126,11.323498,11.357365,11.221825,11.052120,10.797012,10.592438,10.353233,10.061974,9.700993,9.494129,9.545887,9.614849,9.304119,9.131081,9.009773,8.923035,8.853588,8.940388,8.870953,8.784096,8.836220,8.697163,8.575333,8.662369,8.749332,8.940388,8.957737,8.749332,8.627563,8.592743,8.575333,8.488220,8.470791,8.453358,8.435913,8.401035,8.313774,8.243912,8.418476,8.957737,8.784096,8.453358,8.453358,8.331230,8.366138,8.226437,8.191483,8.208961,8.174004,8.278851,8.296310,8.261383,8.313774,8.366138,8.331230,8.331230,8.540497,8.575333,8.418476,8.470791,8.453358,8.470791,8.505650,8.488220,8.557915,8.488220,8.610161,8.662369,9.165710,9.200333,9.027115,8.575333,8.557915,8.592743,8.627563,8.592743,8.592743,8.557915,8.505650,8.697163,9.131081,9.061775,8.853588,8.575333,8.435913,8.383591,8.313774,8.470791,8.418476,8.488220,8.488220,8.523075,8.610161,8.523075,8.575333,8.453358,8.627563,8.610161,8.679768,8.749332,8.784096,8.679768,8.697163,8.697163,8.679768,8.731949,8.870953,8.870953,8.888317,9.113758,9.649315,9.597610,9.079109,8.975086,9.009773,8.957737,9.044441,9.061775,9.061775,9.079109,9.183022,9.131081,9.165710,9.096436,8.992432,9.148392,9.304119,9.131081,9.079109,9.027115,9.096436,9.009773,8.940388,9.009773,8.957737,9.009773,8.975086,8.957737,8.870953,8.870953,8.818848,8.749332,8.679768,8.610161,8.575333,8.523075,8.505650,8.505650,8.435913,8.453358,8.383591,8.383591,8.418476,8.383591,8.801476,8.992432,8.592743,8.191483,8.051544,8.034035,8.121536,8.104042,8.191483,8.191483,8.121536,8.174004,8.174004,8.191483,8.121536,8.069046,8.191483,8.156513,8.383591,8.523075,8.470791,8.156513,8.051544,7.999016,7.963982,8.051544,8.139027,8.174004,8.366138,8.453358,8.540497,8.435913,8.174004,8.121536,8.104042,8.121536,8.121536,8.540497,8.418476,8.331230,8.104042,7.876347,7.858810,7.858810,7.876347,7.876347,7.999016,8.331230,8.697163,8.679768,8.557915,8.348686,8.383591,8.435913,8.470791,8.592743,8.714558,9.027115,9.217640,9.234943,8.923035,8.836220,8.836220,8.888317,8.992432,8.905678,8.940388,9.234943,9.614849,9.769852,9.735428,9.787056,9.632080,9.873051,9.924606,9.855862,9.838661,9.821461,9.907425,9.890244,9.804260,9.528633,9.425079,9.683773,9.821461,9.597610,9.700993,9.855862,10.130581,10.267654,10.284771,9.718216,9.563126,9.580376,9.649315,9.683773,9.718216,9.804260,10.130581,10.865101,10.899132,10.984158,10.967159,10.899132,10.728870,10.677727,10.762939,10.711826,10.797012,11.238777,11.221825,11.187904,10.779976,10.848083,10.779976,10.831066,11.018150,11.001148,11.187904,11.441990,11.745995,11.964966,11.526535,11.187904,11.035133,11.035133,10.967159,11.001148,11.340439,11.644768,12.133057,12.351128,12.451607,11.964966,11.543430,11.408150,11.509636,11.611008,11.729134,11.897648,12.351128,12.518532,12.485077,11.931309,11.441990,11.306557,11.340439,11.492725,11.560329,11.813431,12.501804,12.885777,12.769081,12.635536,12.568703,12.284077,12.233765,12.551975,12.685638,12.585411,12.652241,12.652241,12.535263,11.863968,11.153976,10.677727,10.745911,10.745911,10.865101,11.204865,12.166641,12.585411,12.602119,12.418129,12.267311,12.116257,11.914482,11.981785,12.133057,12.334373,12.685638,12.635536,12.099461,11.391228,11.052120,11.103065,11.069107,11.221825,11.475815,12.267311,12.985676,13.417366,12.985676,12.334373,12.082661,11.981785,11.914482,11.964966,11.948143,12.652241,12.835777,12.902435,12.468342,12.250546,12.149849,12.166641,12.267311,12.418129,12.384636,12.518532,12.969040,13.002323,12.618832,12.032238,11.745995,11.594112,11.745995,11.627888,11.712273,12.133057,12.568703,13.351086,13.516701,13.018955,12.284077,11.981785,12.149849,12.233765,12.401375,12.668941,12.985676,13.118725,12.802441,12.200203,11.745995,11.560329,11.526535,11.644768,11.964966,12.166641,12.752399,13.102104,13.201775,13.052223,12.501804,12.351128,12.451607,12.468342,12.434868,12.501804,12.551975,13.118725,13.201775,13.284760,12.535263,11.880806,11.695396,11.644768,11.779716,12.032238,12.284077,12.702332,13.118725,13.118725,13.201775,12.952389,12.618832,12.501804,12.485077,12.451607,12.568703,12.869114,13.400806,13.400806,13.317928,12.752399,12.300850,12.149849,12.183426,12.451607,12.819115,13.151951,13.995308,14.455032,14.192616,13.367657,12.835777,12.735714,12.602119,12.418129,12.518532,12.702332,12.985676,13.648983,13.748062,13.201775,12.819115,12.384636,12.166641,12.116257,12.065849,12.049046,12.351128,12.752399,12.668941,12.468342,12.065849,11.847122,11.914482,11.796577,11.897648,11.981785,12.351128,12.869114,12.869114,12.501804,12.284077,12.015423,11.847122,11.897648,12.032238,12.317612,12.919083,13.035591,13.068855,12.819115,12.602119,12.585411,12.535263,12.618832,12.618832,12.802441,13.185173,13.781071,13.863529,14.044678,13.615929,13.384232,13.185173,13.068855,12.819115,12.752399,13.052223,13.268166,13.483601,13.467049,13.450489,13.301342,13.185173,13.135342,13.035591,13.002323,13.135342,13.384232,13.962376,14.126900,14.241875,14.028225,13.962376,13.945911,13.945911,13.929443,
7.331345,7.331345,7.401833,7.419441,7.384212,7.454662,7.419441,7.454662,7.472267,7.366592,7.384212,7.296085,7.366592,7.207882,7.190231,7.207882,7.172585,7.101940,7.066605,7.031254,7.101940,6.872036,6.730297,6.801193,6.712570,6.588379,6.517342,6.570625,6.357342,6.321754,6.321754,6.179276,6.125797,6.018761,6.000916,5.929482,6.090134,5.965206,6.090134,6.214916,6.286148,6.712570,7.437057,7.313717,6.889732,6.694839,6.552864,6.428486,6.623875,6.712570,7.207882,7.683289,7.542656,6.694839,5.893753,5.481972,5.320412,5.176598,4.870358,4.852314,4.635590,4.418427,4.291550,4.255280,4.200836,4.200836,4.237133,4.200836,4.237133,3.946442,3.782589,3.764370,3.982819,5.032589,5.535770,5.481972,4.942490,4.527058,5.032589,5.320412,5.320412,5.050598,4.436539,4.382195,4.418427,4.436539,4.237133,4.128212,4.128212,4.146374,4.400314,5.140610,5.158604,4.707874,4.563248,4.508957,4.490860,4.490860,4.508957,4.581333,4.689812,4.545155,4.436539,4.563248,4.418427,4.563248,5.068611,5.625381,5.571625,5.625381,5.840134,6.107971,6.410706,7.084278,7.630577,8.086544,8.905678,8.801476,8.662369,8.488220,8.470791,8.644970,9.044441,10.199139,11.153976,11.357365,11.255722,11.153976,10.899132,10.711826,10.370338,10.079128,9.838661,9.425079,9.286831,9.234943,9.113758,8.975086,8.853588,8.714558,8.523075,8.435913,8.435913,8.348686,8.453358,8.366138,8.348686,8.331230,8.540497,8.888317,9.113758,8.644970,8.366138,8.366138,8.470791,8.470791,8.418476,8.523075,8.453358,8.366138,8.348686,8.278851,8.366138,8.557915,8.592743,8.401035,8.383591,8.401035,8.278851,8.243912,8.435913,8.366138,8.313774,8.366138,8.348686,8.331230,8.261383,8.366138,8.488220,8.383591,8.523075,8.505650,8.470791,8.470791,8.488220,8.523075,8.592743,8.540497,8.453358,8.366138,8.401035,8.575333,9.217640,9.442345,9.113758,8.592743,8.505650,8.540497,8.697163,8.644970,8.575333,8.627563,8.610161,8.627563,8.853588,8.697163,8.836220,8.749332,8.749332,8.644970,8.801476,8.853588,8.731949,8.610161,8.575333,8.557915,8.592743,8.610161,8.679768,8.644970,8.697163,8.644970,8.888317,8.923035,8.940388,8.766716,8.697163,8.714558,8.697163,8.714558,8.749332,8.905678,9.009773,9.407806,9.907425,9.907425,9.304119,9.165710,9.234943,9.113758,9.027115,9.009773,9.009773,9.096436,9.079109,9.096436,9.061775,9.061775,9.148392,9.148392,9.321407,9.321407,9.269539,9.165710,9.131081,9.148392,9.148392,9.183022,9.252239,9.252239,9.286831,9.252239,9.286831,9.528633,9.528633,9.183022,9.044441,9.096436,9.096436,9.044441,9.061775,9.096436,9.096436,9.131081,9.096436,9.079109,8.870953,8.992432,9.252239,9.442345,9.200333,8.905678,8.766716,8.627563,8.627563,8.697163,8.557915,8.505650,8.470791,8.383591,8.243912,8.278851,8.383591,8.226437,8.191483,8.278851,8.243912,8.191483,8.296310,8.086544,8.121536,7.999016,8.104042,8.069046,8.051544,8.121536,8.226437,8.401035,8.975086,9.131081,8.662369,8.453358,8.331230,8.313774,8.278851,8.453358,8.435913,8.366138,8.191483,7.946465,8.051544,7.928940,8.016525,7.981499,8.051544,8.366138,8.610161,8.697163,8.488220,8.418476,8.453358,8.453358,8.470791,8.575333,8.592743,9.096436,9.044441,9.027115,8.627563,8.523075,8.435913,8.453358,8.540497,8.575333,8.610161,8.801476,9.321407,9.442345,9.234943,9.286831,9.338692,9.459610,9.459610,9.407806,9.494129,9.476868,9.597610,9.511379,9.494129,9.113758,8.940388,8.940388,9.113758,8.975086,9.027115,9.148392,9.821461,9.924606,10.010487,9.511379,9.304119,9.373260,9.476868,9.459610,9.528633,9.545887,9.855862,10.438725,10.558300,10.660679,10.353233,10.319000,10.233398,10.250530,10.250530,10.387436,10.489990,11.018150,11.069107,11.052120,10.592438,10.660679,10.711826,10.711826,10.797012,10.916145,11.069107,11.425068,11.729134,11.779716,11.644768,11.408150,11.340439,11.204865,11.153976,11.103065,11.204865,11.526535,12.065849,12.049046,12.116257,11.458900,11.204865,11.204865,11.238777,11.441990,11.526535,11.897648,12.434868,12.367878,12.133057,11.678528,11.357365,11.187904,11.170944,11.204865,11.374298,11.577221,12.451607,12.602119,12.719025,12.451607,12.099461,11.729134,11.880806,12.250546,12.216988,12.049046,12.183426,12.418129,12.015423,11.357365,10.865101,10.762939,10.762939,10.831066,10.865101,11.357365,12.451607,12.485077,12.367878,11.998611,11.374298,11.069107,10.933151,11.018150,11.204865,11.729134,12.317612,12.418129,11.796577,11.153976,10.933151,10.933151,10.950157,11.238777,11.594112,12.434868,13.500156,13.715046,13.201775,12.568703,12.384636,12.233765,12.267311,12.317612,12.468342,12.852448,12.902435,12.785763,12.468342,12.200203,12.116257,12.300850,12.233765,12.216988,12.216988,12.418129,13.018955,12.985676,12.685638,12.300850,11.847122,11.897648,11.914482,11.880806,12.049046,12.300850,13.234974,13.218376,13.135342,12.635536,12.183426,11.897648,12.133057,12.133057,12.367878,12.735714,13.035591,12.985676,12.585411,11.948143,11.745995,11.695396,11.762863,11.847122,12.032238,12.317612,12.869114,13.201775,13.168564,12.602119,12.166641,12.049046,11.931309,11.847122,11.847122,12.099461,12.518532,13.151951,13.118725,12.835777,12.216988,11.897648,11.779716,11.712273,11.644768,11.914482,12.250546,12.935738,13.201775,13.284760,13.052223,12.668941,12.300850,12.200203,12.300850,12.451607,12.535263,13.018955,13.268166,13.268166,13.002323,12.317612,12.133057,12.082661,12.200203,12.317612,12.785763,13.118725,14.602299,14.700352,14.126900,13.500156,13.351086,13.118725,12.719025,12.719025,12.752399,12.819115,13.384232,13.467049,13.467049,12.719025,12.216988,11.847122,11.712273,11.695396,11.611008,11.897648,12.451607,12.551975,12.401375,12.166641,12.149849,11.931309,11.897648,11.931309,12.065849,12.149849,12.685638,12.685638,12.652241,12.082661,11.863968,11.577221,11.543430,11.526535,11.880806,12.133057,12.935738,12.869114,12.685638,12.551975,12.384636,12.317612,12.351128,12.267311,12.418129,12.635536,13.168564,13.533249,13.764572,13.301342,12.735714,12.133057,11.931309,11.813431,11.880806,12.065849,12.518532,12.802441,12.902435,12.885777,12.635536,12.384636,12.384636,12.401375,12.233765,12.451607,12.652241,13.301342,13.467049,13.384232,13.218376,13.068855,12.852448,12.819115,12.852448,13.035591,
7.013577,7.119606,7.172585,7.119606,7.154926,7.243172,7.384212,7.384212,7.348972,7.419441,7.525059,7.384212,7.489868,7.507469,7.648148,7.560242,7.718422,7.665718,7.806187,7.858810,7.893879,7.928940,7.823730,7.841270,7.823730,7.771088,7.753536,7.700855,7.771088,7.683289,7.665718,7.595413,7.384212,7.454662,7.472267,7.331345,7.348972,7.313717,7.401833,7.296085,7.419441,7.700855,8.331230,8.156513,7.437057,6.925133,6.677101,6.623875,6.623875,6.748028,7.031254,7.595413,7.876347,7.489868,6.907440,6.197094,6.018761,5.553699,5.356339,5.320412,4.942490,4.852314,4.816223,4.725941,4.508957,4.563248,4.527058,4.527058,4.454651,4.291550,4.164528,4.110050,4.400314,5.122616,5.410194,5.464031,4.996559,4.707874,5.068611,5.302444,5.284477,5.104614,4.563248,4.382195,4.563248,4.545155,4.273415,4.128212,4.110050,4.164528,4.472755,4.870358,4.870358,4.599422,4.527058,4.490860,4.436539,4.472755,4.545155,4.599422,4.635590,4.436539,4.309685,4.382195,4.527058,4.743999,5.320412,5.589546,5.464031,5.661201,5.750706,6.036610,6.748028,6.978207,7.207882,7.648148,8.731949,8.853588,8.662369,8.523075,8.523075,8.644970,8.957737,10.164867,11.627888,11.695396,11.712273,11.577221,11.509636,11.238777,10.865101,10.626560,10.250530,9.924606,9.683773,9.683773,9.718216,9.494129,9.131081,8.784096,8.679768,8.557915,8.592743,8.401035,8.313774,8.348686,8.296310,8.243912,8.348686,8.870953,8.905678,8.523075,8.261383,8.366138,8.383591,8.348686,8.348686,8.296310,8.296310,8.261383,8.243912,8.226437,8.191483,8.226437,8.261383,8.366138,8.383591,8.331230,8.296310,8.348686,8.348686,8.348686,8.348686,8.296310,8.331230,8.243912,8.261383,8.313774,8.644970,8.905678,8.836220,8.714558,8.470791,8.523075,8.540497,8.575333,8.644970,8.662369,8.610161,8.418476,8.435913,8.644970,9.304119,9.442345,9.200333,8.731949,8.557915,8.644970,8.679768,8.557915,8.627563,8.644970,8.575333,8.575333,8.697163,8.714558,8.697163,8.836220,8.766716,8.627563,8.714558,8.644970,8.627563,8.662369,8.610161,8.697163,8.697163,8.697163,8.731949,8.714558,8.714558,8.905678,9.597610,9.580376,9.373260,9.183022,9.061775,9.061775,9.044441,8.905678,8.992432,9.148392,9.217640,9.563126,9.838661,9.787056,9.597610,9.528633,9.476868,9.338692,9.183022,9.148392,9.183022,9.252239,9.407806,9.390537,9.286831,9.252239,9.269539,9.200333,9.390537,9.407806,9.407806,9.304119,9.096436,9.044441,9.096436,9.009773,9.096436,9.044441,9.061775,9.148392,9.442345,9.511379,9.511379,9.183022,9.079109,9.079109,9.131081,9.061775,9.044441,9.165710,9.234943,9.234943,9.373260,9.252239,9.252239,9.286831,9.425079,9.425079,9.321407,9.321407,9.355976,9.200333,9.304119,9.252239,9.269539,9.131081,9.061775,9.044441,8.940388,9.096436,9.183022,8.923035,8.731949,8.610161,8.575333,8.523075,8.488220,8.435913,8.418476,8.348686,8.383591,8.243912,8.208961,8.104042,8.243912,8.331230,9.131081,9.528633,9.061775,8.888317,8.784096,8.697163,8.592743,8.592743,8.575333,8.662369,8.523075,8.470791,8.453358,8.523075,8.523075,8.488220,8.488220,8.610161,8.662369,8.679768,8.592743,8.662369,8.731949,8.662369,8.592743,8.714558,8.662369,8.870953,8.992432,9.044441,8.992432,8.784096,8.592743,8.557915,8.523075,8.610161,8.697163,8.801476,9.252239,9.234943,9.079109,9.027115,9.113758,9.061775,9.079109,9.131081,9.148392,9.321407,9.407806,9.321407,9.200333,8.870953,8.662369,8.679768,8.662369,8.749332,8.801476,8.975086,9.390537,9.787056,9.958965,9.355976,9.286831,9.304119,9.321407,9.304119,9.234943,9.252239,9.459610,10.250530,10.370338,10.301891,9.804260,9.769852,9.563126,9.563126,9.683773,9.769852,10.010487,10.694775,10.814041,10.677727,10.558300,10.575371,10.472908,10.558300,10.507072,10.831066,11.001148,11.340439,11.526535,11.509636,11.441990,11.323498,11.340439,11.187904,11.306557,11.204865,11.289619,11.458900,11.948143,11.813431,11.745995,11.272675,11.204865,11.187904,11.255722,11.221825,11.441990,11.863968,12.216988,12.166641,11.914482,11.475815,11.187904,11.170944,11.187904,11.187904,11.255722,11.594112,12.300850,12.384636,12.384636,12.082661,11.526535,11.391228,11.526535,11.863968,12.032238,11.964966,12.133057,12.351128,11.745995,11.035133,10.779976,10.728870,10.643623,10.745911,10.950157,11.661655,12.284077,12.300850,11.880806,11.086086,10.609497,10.489990,10.370338,10.575371,10.660679,11.458900,12.200203,12.149849,11.729134,11.187904,11.103065,11.035133,11.103065,11.323498,11.863968,12.568703,13.483601,13.945911,13.185173,12.384636,12.267311,12.149849,12.166641,12.284077,12.551975,12.902435,12.785763,12.735714,12.418129,12.267311,12.133057,12.099461,12.116257,12.166641,12.233765,12.585411,13.118725,13.102104,12.885777,12.635536,12.485077,12.334373,12.183426,12.451607,12.501804,12.852448,13.185173,13.102104,12.869114,12.434868,12.116257,12.049046,12.099461,12.216988,12.518532,12.769081,12.985676,12.919083,12.568703,12.133057,11.964966,12.099461,12.099461,12.166641,12.267311,12.568703,13.201775,13.185173,13.052223,12.501804,12.166641,12.015423,11.863968,11.830276,11.897648,12.216988,12.735714,13.068855,13.018955,12.668941,12.267311,12.032238,11.914482,11.948143,11.981785,12.015423,12.719025,13.118725,13.351086,13.068855,12.568703,12.065849,11.796577,11.863968,11.880806,12.032238,12.401375,12.985676,13.068855,13.085476,12.735714,12.434868,12.200203,12.233765,12.284077,12.518532,13.035591,13.582870,14.667679,14.863525,14.028225,13.599396,13.301342,12.952389,12.685638,12.635536,12.501804,12.835777,13.218376,13.384232,13.301342,12.284077,12.032238,11.644768,11.627888,11.611008,11.897648,12.133057,12.585411,12.568703,12.518532,12.367878,12.267311,12.183426,12.099461,12.133057,12.216988,12.501804,12.535263,12.518532,12.149849,11.729134,11.425068,11.340439,11.340439,11.475815,11.796577,12.200203,12.785763,12.785763,12.602119,12.468342,12.401375,12.317612,12.267311,12.451607,12.434868,12.869114,13.118725,13.234974,13.168564,12.535263,11.964966,11.560329,11.357365,11.408150,11.543430,11.847122,12.317612,12.401375,12.351128,12.200203,12.015423,12.015423,12.032238,11.998611,12.032238,12.216988,12.685638,12.752399,12.702332,12.485077,12.149849,11.678528,11.661655,11.863968,12.082661,12.351128,
6.446259,6.428486,6.659363,6.623875,6.623875,6.712570,6.712570,6.748028,6.801193,6.854328,6.854328,6.925133,6.925133,7.013577,6.978207,7.084278,7.154926,7.243172,7.207882,7.278450,7.331345,7.472267,7.630577,7.595413,7.700855,7.788635,7.858810,8.016525,7.946465,7.946465,8.069046,8.034035,8.174004,8.156513,8.191483,8.139027,8.208961,8.139027,8.243912,8.313774,8.401035,8.523075,9.044441,9.027115,8.104042,7.119606,6.783474,6.783474,6.712570,6.801193,6.907440,7.401833,8.191483,8.366138,7.928940,7.507469,6.995895,6.730297,6.428486,6.303955,6.036610,5.875885,5.911625,5.750706,5.714912,5.499908,5.410194,5.302444,5.356339,5.068611,5.032589,4.906425,5.104614,5.481972,5.625381,5.446091,5.410194,5.050598,5.392242,5.464031,5.499908,5.248528,4.942490,4.635590,4.798172,4.780113,4.400314,4.255280,4.273415,4.327812,4.725941,5.176598,4.924461,4.653660,4.599422,4.527058,4.617508,4.653660,4.599422,4.707874,4.635590,4.345943,4.400314,4.508957,4.617508,5.086613,5.535770,5.374290,5.410194,5.464031,5.625381,6.018761,6.694839,6.606125,7.031254,7.313717,8.051544,8.905678,8.749332,8.540497,8.540497,8.453358,8.940388,10.061974,10.899132,11.018150,11.103065,11.170944,11.204865,11.001148,10.711826,10.336117,10.096279,9.804260,9.718216,9.907425,10.182007,10.027649,9.373260,8.923035,8.801476,8.766716,8.679768,8.557915,8.592743,8.540497,8.383591,8.366138,8.348686,8.488220,8.592743,8.383591,8.261383,8.191483,8.261383,8.243912,8.278851,8.243912,8.208961,8.296310,8.243912,8.261383,8.208961,8.243912,8.366138,8.313774,8.331230,8.313774,8.261383,8.313774,8.366138,8.278851,8.296310,8.313774,8.278851,8.296310,8.191483,8.261383,8.784096,9.131081,9.009773,8.784096,8.714558,8.644970,8.697163,8.644970,8.714558,8.784096,8.905678,8.679768,8.714558,8.888317,9.044441,9.148392,8.992432,8.749332,8.749332,8.836220,8.818848,8.888317,8.940388,8.923035,8.853588,8.853588,8.836220,8.818848,8.923035,8.957737,8.905678,8.870953,8.766716,8.662369,8.662369,8.679768,8.697163,8.679768,8.714558,8.749332,8.853588,8.731949,8.557915,8.957737,9.787056,9.821461,9.459610,9.338692,9.165710,9.165710,9.183022,9.183022,9.148392,9.286831,9.373260,9.390537,9.511379,9.528633,9.563126,9.494129,9.528633,9.304119,9.286831,9.355976,9.390537,9.511379,9.511379,9.545887,9.528633,9.597610,9.476868,9.459610,9.442345,9.649315,9.718216,9.580376,9.304119,9.131081,8.888317,8.940388,8.975086,8.992432,8.975086,8.888317,9.009773,9.442345,9.494129,9.165710,9.061775,9.200333,9.131081,9.079109,9.183022,9.183022,9.183022,9.269539,9.338692,9.304119,9.321407,9.355976,9.355976,9.321407,9.373260,9.286831,9.321407,9.355976,9.286831,9.286831,9.252239,9.269539,9.131081,9.200333,9.200333,9.494129,9.838661,9.494129,9.096436,9.044441,9.079109,9.061775,8.992432,9.096436,9.148392,9.096436,8.888317,8.940388,8.853588,8.627563,8.453358,8.627563,9.355976,9.528633,9.355976,9.234943,9.148392,9.200333,8.957737,8.957737,8.957737,8.853588,8.957737,8.749332,8.836220,8.870953,9.027115,8.992432,8.836220,8.818848,8.836220,8.766716,8.818848,8.940388,8.905678,8.801476,8.784096,8.836220,8.905678,8.870953,9.079109,9.373260,10.010487,9.924606,9.286831,9.131081,9.079109,9.113758,9.096436,9.252239,9.286831,9.252239,9.027115,8.975086,8.975086,8.975086,9.044441,9.044441,9.044441,9.252239,9.269539,9.304119,9.131081,8.801476,8.697163,8.731949,8.766716,8.784096,8.818848,8.818848,9.304119,9.804260,9.821461,9.390537,9.269539,9.355976,9.217640,9.148392,9.027115,9.096436,9.373260,10.199139,10.301891,10.113426,9.614849,9.407806,9.425079,9.442345,9.459610,9.528633,9.666546,10.370338,10.660679,10.558300,10.558300,10.541225,10.507072,10.404537,10.558300,10.660679,10.899132,11.086086,11.221825,11.035133,10.814041,10.728870,10.762939,10.797012,10.797012,10.865101,10.950157,11.238777,11.475815,11.577221,11.289619,11.052120,11.035133,11.153976,11.001148,11.086086,11.272675,11.729134,11.830276,11.847122,11.712273,11.543430,11.408150,11.187904,11.238777,11.289619,11.306557,11.796577,11.998611,12.032238,11.796577,11.577221,11.255722,11.323498,11.543430,11.745995,11.712273,11.779716,12.183426,12.317612,11.712273,11.052120,11.035133,10.762939,10.865101,10.814041,11.052120,12.015423,12.250546,12.116257,11.408150,10.592438,10.336117,10.336117,10.353233,10.370338,10.694775,11.695396,12.133057,11.998611,11.880806,11.272675,11.323498,11.221825,11.238777,11.611008,11.964966,12.551975,13.234974,13.781071,12.935738,12.166641,12.015423,12.082661,12.065849,12.200203,12.518532,12.719025,12.752399,12.334373,12.099461,12.032238,12.049046,12.032238,12.082661,12.149849,12.216988,12.652241,13.035591,13.085476,12.952389,12.618832,12.501804,12.267311,12.351128,12.401375,12.585411,12.802441,12.885777,13.002323,12.585411,12.384636,12.082661,12.099461,12.116257,12.300850,12.501804,12.835777,13.102104,12.885777,12.819115,12.518532,12.568703,12.535263,12.418129,12.585411,12.785763,12.935738,13.151951,13.284760,12.902435,12.451607,12.082661,11.914482,11.897648,11.981785,12.116257,12.501804,12.902435,13.102104,13.135342,12.668941,12.300850,12.082661,11.914482,11.981785,12.116257,12.468342,12.969040,13.351086,13.384232,13.002323,12.468342,11.964966,11.745995,11.712273,11.880806,11.830276,12.317612,13.002323,13.035591,12.885777,12.652241,12.351128,12.267311,12.351128,12.468342,12.785763,13.118725,13.978848,14.667679,14.209038,13.018955,12.485077,12.049046,11.964966,11.964966,12.015423,12.317612,12.819115,13.052223,13.417366,12.785763,12.166641,11.712273,11.492725,11.509636,11.526535,11.779716,12.284077,12.568703,12.418129,12.216988,11.931309,11.830276,11.729134,11.762863,11.762863,12.133057,12.568703,12.451607,12.351128,11.897648,11.543430,11.374298,11.323498,11.408150,11.695396,12.065849,12.835777,12.869114,12.752399,12.769081,12.685638,12.485077,12.401375,12.518532,12.568703,12.769081,12.985676,13.151951,13.268166,12.652241,11.998611,11.594112,11.357365,11.391228,11.357365,11.458900,11.830276,12.317612,12.233765,12.032238,11.880806,11.779716,11.813431,11.813431,11.745995,11.880806,12.166641,12.418129,12.485077,12.233765,11.847122,11.441990,11.120033,11.323498,11.577221,11.729134,12.049046,
5.768597,5.858009,5.929482,6.072296,6.054455,6.214916,6.161457,6.286148,6.303955,6.321754,6.481804,6.375134,6.481804,6.517342,6.481804,6.623875,6.606125,6.588379,6.694839,6.765751,6.836617,6.889732,6.942829,7.101940,7.243172,7.154926,7.172585,7.225533,7.278450,7.331345,7.401833,7.542656,7.683289,7.683289,7.806187,7.771088,7.806187,7.946465,7.981499,8.069046,8.313774,8.366138,8.801476,8.766716,8.296310,7.348972,7.207882,7.137272,7.084278,6.925133,7.066605,7.384212,8.069046,8.627563,8.470791,8.208961,7.981499,7.858810,7.612995,7.454662,7.419441,7.331345,7.366592,7.278450,7.031254,7.013577,6.925133,6.907440,6.765751,6.606125,6.535103,6.410706,6.339550,6.375134,6.357342,6.250534,6.357342,6.018761,6.161457,6.143627,5.983063,5.875885,5.625381,5.499908,5.571625,5.392242,5.284477,5.158604,5.302444,5.014572,5.122616,5.284477,5.356339,5.014572,4.960514,4.960514,5.032589,4.960514,5.068611,5.032589,4.906425,4.653660,4.599422,4.743999,4.834267,5.428139,5.553699,5.284477,5.392242,5.446091,5.535770,6.054455,6.446259,6.446259,6.677101,6.960518,7.612995,8.836220,8.836220,8.627563,8.575333,8.523075,8.731949,9.269539,10.164867,10.643623,10.865101,10.779976,10.797012,10.694775,10.301891,10.130581,9.941792,9.666546,9.614849,10.164867,10.421631,10.182007,9.200333,8.801476,8.627563,8.575333,8.557915,8.453358,8.488220,8.401035,8.366138,8.331230,8.278851,8.331230,8.366138,8.296310,8.208961,8.226437,8.174004,8.156513,8.191483,8.226437,8.226437,8.296310,8.348686,8.278851,8.174004,8.243912,8.818848,8.818848,8.749332,8.470791,8.505650,8.523075,8.644970,8.592743,8.557915,8.610161,8.644970,8.523075,8.557915,8.540497,9.096436,9.355976,9.061775,8.818848,8.697163,8.627563,8.592743,8.644970,8.731949,8.818848,8.853588,8.749332,8.766716,8.784096,8.766716,8.940388,8.853588,8.853588,8.905678,8.975086,9.009773,8.923035,8.992432,8.923035,9.096436,8.992432,8.957737,9.009773,8.957737,9.494129,9.407806,9.061775,8.853588,8.818848,8.905678,8.888317,8.784096,8.766716,8.784096,8.923035,8.836220,8.679768,8.749332,9.183022,9.563126,9.545887,9.355976,9.252239,9.183022,9.183022,9.234943,9.234943,9.269539,9.234943,9.234943,9.234943,9.269539,9.476868,9.476868,9.442345,9.407806,9.286831,9.252239,9.234943,9.183022,9.217640,9.286831,9.373260,9.390537,9.614849,9.597610,9.494129,9.528633,9.769852,9.924606,9.752644,9.183022,8.923035,8.888317,8.818848,8.836220,8.853588,8.749332,8.836220,8.870953,9.183022,9.131081,9.079109,9.148392,9.148392,9.183022,9.183022,9.269539,9.286831,9.373260,9.355976,9.355976,9.338692,9.355976,9.338692,9.338692,9.286831,9.373260,9.442345,9.494129,9.407806,9.355976,9.321407,9.321407,9.217640,9.165710,9.165710,9.217640,9.649315,9.976139,9.718216,8.975086,9.027115,9.061775,9.079109,9.044441,9.096436,9.061775,9.131081,9.079109,9.131081,9.165710,9.183022,9.027115,9.027115,9.200333,9.459610,9.390537,9.442345,9.390537,9.425079,9.373260,9.407806,9.407806,9.338692,9.442345,9.355976,9.442345,9.718216,9.873051,9.528633,9.113758,9.183022,9.183022,9.131081,9.200333,9.252239,9.252239,9.096436,9.061775,9.200333,9.183022,9.286831,9.425079,9.649315,10.575371,10.575371,9.941792,9.700993,9.632080,9.580376,9.614849,9.494129,9.597610,9.563126,9.545887,9.407806,9.425079,9.373260,9.269539,9.234943,9.269539,9.269539,9.407806,9.373260,9.373260,9.234943,9.200333,9.096436,9.044441,8.992432,9.009773,9.131081,9.476868,9.907425,10.113426,9.752644,9.649315,9.511379,9.476868,9.442345,9.425079,9.545887,9.804260,10.387436,10.353233,10.027649,9.735428,9.580376,9.580376,9.580376,9.597610,9.597610,9.855862,10.216270,10.643623,10.660679,10.541225,10.541225,10.455822,10.319000,10.541225,10.541225,10.762939,10.933151,11.086086,10.677727,10.370338,10.113426,10.130581,10.061974,10.096279,10.147728,10.353233,10.848083,11.170944,11.137009,11.018150,10.745911,10.745911,10.814041,10.779976,10.779976,10.950157,11.255722,11.441990,11.509636,11.323498,10.899132,10.643623,10.711826,10.643623,10.848083,10.933151,11.255722,11.661655,11.695396,11.475815,11.187904,11.103065,11.170944,11.357365,11.475815,11.543430,11.897648,12.250546,12.183426,11.745995,11.425068,11.408150,11.170944,11.323498,11.289619,11.492725,12.032238,12.200203,11.863968,10.984158,10.438725,10.250530,10.199139,10.267654,10.370338,10.899132,11.830276,12.133057,11.948143,11.492725,11.255722,11.289619,11.238777,11.340439,11.560329,11.964966,12.719025,13.185173,13.797565,12.585411,12.082661,11.779716,11.863968,11.914482,12.116257,12.518532,12.585411,12.501804,12.284077,12.015423,12.065849,12.015423,11.998611,12.032238,12.116257,12.267311,12.719025,12.952389,12.952389,12.719025,12.250546,11.813431,11.492725,11.560329,11.678528,11.964966,12.602119,12.785763,12.618832,12.200203,12.149849,12.166641,12.200203,12.133057,12.065849,12.384636,12.885777,12.919083,12.885777,12.551975,12.351128,12.384636,12.451607,12.418129,12.384636,12.535263,12.852448,13.118725,13.417366,12.885777,12.233765,11.863968,11.863968,11.796577,11.897648,11.998611,12.468342,13.035591,13.433933,13.450489,13.002323,12.485077,12.216988,12.166641,12.166641,12.367878,12.752399,13.218376,13.467049,13.450489,12.869114,12.334373,11.830276,11.813431,11.762863,11.897648,12.166641,12.535263,13.201775,13.018955,12.835777,12.501804,12.284077,12.267311,12.233765,12.501804,12.902435,13.234974,13.715046,14.422272,13.549789,12.551975,11.981785,11.762863,11.745995,11.830276,11.897648,12.267311,13.168564,13.002323,12.885777,12.183426,11.745995,11.577221,11.441990,11.425068,11.425068,11.914482,12.485077,12.568703,12.267311,11.948143,11.712273,11.492725,11.408150,11.526535,11.796577,11.998611,12.384636,12.434868,12.133057,11.914482,11.492725,11.374298,11.374298,11.441990,11.813431,12.250546,12.769081,12.869114,12.618832,12.351128,12.116257,12.032238,12.065849,12.049046,12.216988,12.418129,12.885777,12.935738,12.785763,12.166641,11.661655,11.543430,11.306557,11.425068,11.475815,11.543430,12.049046,12.116257,12.032238,11.897648,11.695396,11.611008,11.644768,11.509636,11.611008,11.796577,11.948143,12.133057,11.948143,11.695396,11.391228,10.967159,11.052120,11.255722,11.577221,11.745995,11.981785,
4.996559,5.212570,5.392242,5.679108,5.517838,5.553699,5.607468,5.661201,5.643291,5.625381,5.714912,5.732807,5.875885,5.911625,6.000916,5.983063,6.018761,6.161457,6.072296,6.214916,6.214916,6.303955,6.250534,6.481804,6.517342,6.446259,6.801193,6.659363,6.694839,6.730297,6.765751,6.925133,6.995895,7.013577,7.172585,7.172585,7.260815,7.348972,7.437057,7.525059,7.595413,7.683289,7.928940,7.981499,7.893879,7.560242,7.542656,7.507469,7.542656,7.331345,7.437057,7.542656,7.823730,8.069046,8.016525,8.034035,7.876347,7.718422,7.735977,7.788635,7.771088,7.735977,7.735977,7.718422,7.700855,7.753536,7.718422,7.771088,7.753536,7.718422,7.788635,7.630577,7.788635,7.630577,7.683289,7.542656,7.648148,7.577831,7.419441,7.401833,7.419441,7.313717,7.101940,7.031254,6.978207,6.907440,6.872036,6.659363,6.677101,6.570625,6.464035,6.499577,6.410706,6.232731,6.232731,5.947346,6.036610,5.911625,5.947346,5.929482,5.714912,5.589546,5.464031,5.464031,5.714912,6.107971,5.840134,5.679108,5.893753,5.911625,5.911625,6.375134,6.464035,6.570625,6.641617,7.154926,7.665718,8.523075,8.992432,8.801476,8.697163,8.749332,8.818848,9.096436,10.233398,11.153976,11.357365,11.391228,11.255722,10.984158,10.677727,10.592438,10.524147,10.199139,10.079128,10.541225,10.558300,10.267654,9.217640,8.766716,8.610161,8.488220,8.470791,8.418476,8.383591,8.383591,8.331230,8.139027,8.104042,8.104042,8.226437,8.156513,8.208961,8.121536,8.191483,8.156513,8.191483,8.226437,8.191483,8.174004,8.208961,8.191483,8.156513,8.331230,9.027115,9.183022,8.801476,8.488220,8.557915,8.610161,8.644970,8.679768,8.836220,8.888317,8.888317,8.836220,8.836220,8.870953,9.044441,9.061775,8.940388,8.731949,8.662369,8.714558,8.731949,8.766716,8.853588,8.957737,8.818848,8.818848,8.784096,8.801476,8.853588,8.766716,8.766716,8.644970,8.731949,8.853588,8.836220,8.905678,8.905678,8.957737,9.009773,8.888317,8.784096,8.731949,8.853588,9.563126,9.511379,8.992432,8.766716,8.784096,8.870953,8.870953,8.784096,8.784096,8.766716,8.784096,8.731949,8.662369,8.644970,8.801476,8.853588,8.940388,8.957737,9.096436,9.148392,9.148392,9.200333,9.286831,9.373260,9.425079,9.355976,9.407806,9.373260,9.545887,9.632080,9.666546,9.407806,9.165710,9.252239,9.234943,9.113758,9.027115,9.113758,9.044441,9.304119,9.563126,9.597610,9.649315,9.597610,9.821461,10.027649,9.787056,9.027115,8.940388,8.888317,8.923035,8.923035,8.818848,8.836220,8.836220,8.801476,8.870953,8.853588,8.923035,8.870953,8.818848,8.940388,8.905678,8.975086,8.940388,8.905678,8.975086,9.061775,9.027115,9.113758,9.148392,9.217640,9.390537,9.563126,9.838661,9.718216,9.511379,9.459610,9.563126,9.407806,9.338692,9.304119,9.355976,9.373260,9.958965,9.855862,9.649315,9.269539,9.183022,9.200333,9.217640,9.269539,9.286831,9.355976,9.373260,9.373260,9.373260,9.442345,9.390537,9.390537,9.304119,9.234943,9.304119,9.304119,9.252239,9.252239,9.252239,9.355976,9.373260,9.373260,9.390537,9.494129,9.494129,9.632080,10.404537,10.455822,9.941792,9.304119,9.027115,9.148392,9.183022,9.338692,9.373260,9.390537,9.459610,9.528633,9.632080,9.700993,9.718216,9.873051,10.130581,10.541225,10.592438,10.370338,10.319000,10.421631,10.472908,10.472908,10.387436,10.267654,10.113426,10.044807,9.890244,9.804260,9.787056,9.855862,9.787056,9.666546,9.614849,9.597610,9.597610,9.718216,9.752644,9.649315,9.545887,9.563126,9.407806,9.355976,9.442345,9.511379,9.958965,10.916145,10.916145,10.626560,10.370338,10.284771,10.336117,10.284771,10.404537,10.848083,11.408150,11.204865,10.831066,10.609497,10.541225,10.370338,10.336117,10.370338,10.353233,10.507072,10.762939,11.001148,10.779976,10.711826,10.797012,10.677727,10.660679,10.677727,10.848083,10.899132,10.882126,10.899132,10.524147,10.147728,9.993317,9.993317,9.941792,10.027649,9.976139,10.233398,10.677727,10.984158,10.967159,10.745911,10.524147,10.524147,10.558300,10.472908,10.609497,10.592438,10.848083,11.035133,11.221825,10.728870,10.301891,10.250530,10.216270,10.336117,10.387436,10.370338,11.052120,11.306557,11.323498,11.120033,10.882126,10.882126,10.950157,11.052120,11.137009,11.357365,11.813431,12.065849,11.931309,11.577221,11.374298,11.120033,11.255722,11.272675,11.374298,11.458900,11.813431,11.847122,11.611008,10.814041,10.404537,10.113426,10.250530,10.284771,10.301891,10.899132,11.897648,11.964966,11.830276,11.695396,11.577221,11.678528,11.627888,11.712273,11.914482,12.233765,12.852448,13.118725,13.384232,12.367878,11.779716,11.678528,11.729134,11.813431,11.880806,12.468342,12.468342,12.551975,12.082661,11.897648,11.813431,11.964966,11.880806,11.863968,12.099461,12.367878,12.769081,12.802441,12.785763,12.418129,11.712273,11.187904,11.137009,11.052120,11.255722,11.796577,12.518532,12.602119,12.216988,11.948143,12.015423,12.049046,12.133057,12.065849,12.082661,12.317612,12.835777,12.769081,12.518532,12.183426,12.065849,11.981785,11.981785,12.082661,12.149849,12.200203,12.752399,13.068855,13.085476,12.501804,12.082661,11.779716,11.813431,11.796577,11.847122,12.233765,12.802441,13.384232,13.830551,13.748062,13.351086,12.802441,12.233765,12.434868,12.568703,12.752399,12.902435,13.218376,13.500156,13.351086,12.618832,12.116257,11.830276,11.897648,12.049046,12.065849,12.317612,12.869114,13.516701,13.450489,13.251579,12.935738,12.802441,12.702332,12.785763,12.902435,13.135342,13.483601,13.880009,13.896488,12.752399,12.065849,11.712273,11.745995,11.661655,11.779716,12.015423,12.602119,12.885777,12.752399,12.585411,11.880806,11.729134,11.526535,11.560329,11.408150,11.712273,12.082661,12.468342,12.568703,12.233765,11.830276,11.391228,11.272675,11.204865,11.357365,11.661655,11.981785,12.451607,12.518532,11.948143,11.779716,11.492725,11.475815,11.526535,11.594112,12.032238,12.685638,12.802441,12.752399,12.233765,11.796577,11.627888,11.509636,11.611008,11.644768,11.914482,12.267311,12.752399,12.735714,12.518532,11.863968,11.678528,11.458900,11.492725,11.526535,11.611008,11.863968,11.981785,12.015423,11.695396,11.441990,11.289619,11.170944,11.306557,11.357365,11.475815,11.611008,11.931309,11.863968,11.594112,11.086086,10.814041,10.899132,10.882126,11.238777,11.729134,11.948143,11.998611,
4.327812,4.454651,4.707874,4.725941,4.653660,4.689812,4.798172,4.852314,4.906425,4.942490,4.978535,4.960514,5.068611,5.194580,5.266499,5.194580,5.266499,5.410194,5.428139,5.535770,5.517838,5.643291,5.714912,5.822250,5.804367,5.947346,6.107971,6.018761,6.161457,6.072296,6.197094,6.250534,6.321754,6.464035,6.446259,6.535103,6.552864,6.694839,6.765751,6.889732,7.084278,7.066605,7.207882,7.366592,7.437057,7.612995,7.612995,7.612995,7.525059,7.454662,7.454662,7.472267,7.489868,7.577831,7.489868,7.348972,7.437057,7.313717,7.313717,7.313717,7.348972,7.278450,7.243172,7.190231,7.296085,7.260815,7.331345,7.366592,7.419441,7.489868,7.612995,7.700855,7.718422,7.823730,7.911411,7.893879,7.963982,7.911411,7.841270,7.999016,8.051544,8.051544,8.069046,8.086544,7.981499,8.034035,8.034035,8.086544,8.104042,7.981499,7.911411,7.911411,7.876347,7.718422,7.735977,7.542656,7.560242,7.489868,7.384212,7.331345,7.260815,7.154926,7.084278,7.031254,6.978207,6.978207,6.854328,6.889732,6.960518,6.801193,6.836617,7.048931,7.066605,7.190231,7.190231,7.577831,7.963982,8.540497,9.321407,9.234943,8.818848,8.714558,8.697163,9.027115,10.096279,11.187904,11.306557,11.170944,11.035133,10.831066,10.609497,10.507072,10.370338,10.182007,10.301891,10.284771,10.233398,9.873051,9.304119,8.940388,8.766716,8.610161,8.575333,8.401035,8.453358,8.731949,8.610161,8.366138,8.051544,8.156513,8.261383,8.191483,8.191483,8.174004,8.174004,8.174004,8.208961,8.156513,8.104042,8.331230,8.435913,8.278851,8.261383,8.488220,9.096436,9.200333,8.766716,8.348686,8.383591,8.401035,8.401035,8.401035,8.523075,8.557915,8.610161,8.540497,8.627563,8.523075,8.453358,8.627563,8.592743,8.592743,8.523075,8.523075,8.523075,8.540497,8.662369,8.679768,8.662369,8.488220,8.557915,8.662369,8.905678,8.975086,8.766716,8.679768,8.644970,8.801476,8.923035,8.818848,8.923035,8.923035,9.009773,8.923035,8.836220,8.853588,9.113758,9.373260,9.580376,9.113758,8.923035,8.923035,8.853588,8.905678,8.749332,8.592743,8.505650,8.523075,8.488220,8.435913,8.523075,8.627563,8.592743,8.627563,8.714558,8.731949,8.627563,8.766716,8.940388,9.096436,9.321407,9.476868,9.528633,9.407806,9.442345,9.804260,9.821461,9.804260,9.304119,9.200333,9.148392,9.165710,9.061775,8.975086,8.992432,8.992432,9.131081,9.442345,9.545887,9.494129,9.580376,9.907425,9.821461,9.735428,9.304119,9.252239,9.286831,9.234943,9.217640,9.096436,9.096436,9.027115,9.061775,9.009773,8.957737,9.009773,8.853588,8.905678,8.784096,8.731949,8.749332,8.679768,8.662369,8.627563,8.679768,8.679768,8.697163,8.801476,9.044441,9.113758,9.700993,9.821461,9.873051,9.407806,9.373260,9.304119,9.321407,9.286831,9.269539,9.252239,9.321407,9.442345,9.545887,9.425079,9.373260,9.476868,9.494129,9.649315,9.528633,9.580376,9.614849,9.752644,9.752644,9.735428,9.735428,9.804260,9.700993,9.683773,9.649315,9.752644,9.769852,9.580376,9.459610,9.442345,9.476868,9.425079,9.442345,9.425079,9.476868,9.580376,9.787056,10.489990,10.524147,10.061974,9.148392,8.853588,8.853588,8.957737,9.027115,9.061775,9.027115,9.131081,9.217640,9.269539,9.183022,9.304119,9.355976,9.476868,9.752644,9.855862,9.958965,9.993317,10.199139,10.284771,10.438725,10.438725,10.404537,10.353233,10.370338,10.336117,10.336117,10.660679,10.831066,10.779976,10.438725,10.027649,10.079128,10.044807,10.182007,10.182007,10.147728,10.044807,10.044807,9.838661,9.494129,9.735428,9.666546,10.164867,11.306557,11.272675,11.086086,10.797012,10.779976,10.831066,10.916145,11.187904,11.695396,11.729134,11.762863,11.627888,11.577221,11.594112,11.577221,11.458900,11.526535,11.594112,11.543430,11.458900,11.391228,11.441990,11.391228,11.306557,11.391228,11.374298,11.374298,11.374298,11.357365,11.289619,10.984158,10.711826,10.421631,10.387436,10.370338,10.353233,10.319000,10.284771,10.507072,11.001148,11.103065,10.950157,10.660679,10.541225,10.524147,10.421631,10.541225,10.524147,10.711826,10.967159,10.984158,10.899132,10.284771,10.113426,10.164867,10.147728,10.113426,10.147728,10.199139,10.797012,10.950157,10.899132,10.626560,10.575371,10.660679,10.762939,10.745911,10.848083,10.848083,11.221825,11.509636,11.221825,10.814041,10.575371,10.455822,10.387436,10.507072,10.626560,10.745911,11.238777,11.374298,11.018150,10.370338,10.164867,10.113426,10.061974,10.113426,10.164867,10.797012,11.526535,11.611008,11.238777,11.221825,11.272675,11.357365,11.425068,11.543430,11.594112,11.931309,12.384636,12.785763,12.317612,11.611008,11.340439,11.221825,11.323498,11.340439,11.661655,12.166641,12.250546,12.166641,11.931309,11.779716,11.796577,11.863968,11.779716,11.796577,11.897648,12.149849,12.668941,12.652241,12.300850,11.712273,11.137009,10.831066,10.814041,10.831066,11.204865,11.661655,12.367878,12.317612,12.116257,11.914482,11.931309,11.931309,11.897648,11.931309,11.931309,12.401375,12.602119,12.585411,12.233765,12.049046,11.897648,11.931309,11.863968,11.897648,11.931309,12.216988,12.952389,13.102104,12.785763,12.367878,11.948143,11.796577,11.880806,11.796577,11.948143,12.334373,12.869114,13.731560,13.814064,13.317928,12.434868,11.931309,11.847122,11.695396,11.880806,12.149849,12.652241,13.317928,13.334507,12.735714,12.485077,12.032238,11.897648,11.964966,11.931309,12.300850,12.618832,13.168564,13.566330,13.830551,13.417366,13.118725,13.018955,12.852448,12.835777,12.919083,12.919083,13.118725,13.500156,13.201775,12.250546,11.847122,11.627888,11.526535,11.543430,11.627888,12.116257,12.785763,12.852448,12.735714,12.367878,11.914482,11.813431,11.644768,11.627888,11.526535,11.880806,12.501804,12.434868,12.300850,11.948143,11.627888,11.340439,11.170944,11.204865,11.357365,11.729134,12.317612,12.518532,12.485077,12.082661,11.745995,11.611008,11.577221,11.627888,11.796577,12.133057,12.668941,12.685638,12.351128,11.847122,11.509636,11.441990,11.425068,11.357365,11.492725,11.745995,12.317612,12.485077,12.351128,12.133057,11.729134,11.458900,11.357365,11.306557,11.357365,11.560329,11.880806,11.830276,11.627888,11.357365,10.933151,10.592438,10.592438,10.643623,10.660679,10.797012,11.543430,11.594112,11.509636,11.187904,10.831066,10.643623,10.609497,10.677727,11.120033,11.627888,11.948143,11.931309,
4.182686,4.237133,4.327812,4.200836,4.327812,4.382195,4.345943,4.400314,4.454651,4.400314,4.418427,4.454651,4.345943,4.472755,4.545155,4.545155,4.563248,4.545155,4.635590,4.707874,4.942490,4.960514,5.050598,5.086613,5.086613,4.960514,5.266499,5.212570,5.374290,5.464031,5.535770,5.732807,5.625381,5.858009,5.732807,5.804367,5.911625,6.054455,6.143627,6.286148,6.214916,6.552864,6.623875,6.748028,7.031254,7.101940,7.348972,7.278450,7.225533,7.101940,7.119606,7.260815,7.154926,7.066605,7.119606,7.154926,7.172585,7.048931,7.013577,6.872036,6.801193,6.801193,6.818905,6.836617,6.818905,6.925133,6.925133,6.978207,7.048931,7.031254,7.084278,7.084278,7.225533,7.154926,7.348972,7.260815,7.419441,7.366592,7.348972,7.384212,7.437057,7.489868,7.612995,7.612995,7.665718,7.806187,7.981499,8.104042,8.069046,8.191483,8.313774,8.261383,8.348686,8.383591,8.435913,8.470791,8.540497,8.662369,8.523075,8.662369,8.644970,8.627563,8.523075,8.627563,8.627563,8.592743,8.488220,8.488220,8.540497,8.470791,8.453358,8.540497,8.523075,8.731949,8.784096,8.940388,9.252239,9.614849,10.489990,10.199139,9.252239,8.888317,8.818848,9.061775,9.718216,10.643623,10.950157,10.831066,10.524147,10.319000,10.113426,10.216270,9.855862,9.787056,9.700993,9.649315,9.511379,9.304119,9.009773,8.905678,8.714558,8.592743,8.331230,8.366138,8.331230,8.749332,8.836220,8.435913,7.981499,7.946465,8.016525,8.104042,8.139027,8.226437,8.121536,8.261383,8.069046,8.156513,8.226437,8.610161,8.801476,8.610161,8.714558,8.836220,9.113758,9.183022,8.905678,8.592743,8.627563,8.627563,8.610161,8.610161,8.575333,8.644970,8.627563,8.540497,8.453358,8.348686,8.261383,8.366138,8.453358,8.383591,8.435913,8.435913,8.488220,8.505650,8.488220,8.488220,8.418476,8.261383,8.208961,8.174004,8.836220,9.061775,8.592743,8.470791,8.557915,8.470791,8.505650,8.557915,8.731949,8.749332,8.923035,8.853588,8.749332,8.853588,8.853588,9.027115,9.079109,9.079109,8.923035,8.940388,8.888317,8.957737,8.853588,8.818848,8.662369,8.575333,8.679768,8.592743,8.731949,8.975086,8.905678,8.784096,8.662369,8.557915,8.662369,8.662369,8.766716,8.870953,9.113758,9.286831,9.390537,9.148392,9.269539,9.425079,9.769852,9.855862,9.252239,9.009773,9.113758,9.044441,8.975086,8.905678,8.749332,8.766716,8.818848,8.923035,9.027115,9.096436,9.217640,9.321407,9.580376,9.355976,9.407806,9.459610,9.511379,9.459610,9.563126,9.511379,9.666546,9.545887,9.511379,9.511379,9.459610,9.700993,9.494129,9.131081,8.992432,8.975086,8.975086,8.975086,9.009773,8.870953,8.836220,8.784096,8.766716,8.836220,8.923035,8.975086,9.390537,9.787056,9.649315,9.165710,9.183022,9.252239,9.183022,9.165710,9.200333,9.079109,9.234943,9.079109,9.321407,9.355976,9.373260,9.373260,9.476868,9.459610,9.528633,9.494129,9.597610,9.752644,9.769852,9.735428,9.752644,9.804260,9.718216,9.752644,9.718216,9.907425,10.370338,10.216270,9.907425,9.718216,9.804260,9.804260,9.804260,9.718216,9.907425,9.873051,10.044807,10.353233,10.438725,10.319000,9.683773,9.442345,9.286831,9.165710,9.200333,9.096436,9.148392,9.252239,9.269539,9.321407,9.269539,9.269539,9.252239,9.269539,9.407806,9.459610,9.459610,9.476868,9.597610,9.666546,9.666546,9.735428,9.838661,9.873051,9.718216,9.907425,10.182007,10.916145,11.272675,11.255722,10.882126,10.130581,9.993317,10.010487,10.250530,10.319000,10.319000,10.250530,10.301891,10.267654,10.079128,10.113426,9.976139,10.353233,11.306557,11.170944,11.069107,10.865101,10.865101,10.814041,10.728870,11.170944,11.509636,11.627888,11.644768,11.577221,11.441990,11.475815,11.425068,11.543430,11.509636,11.509636,11.526535,11.458900,11.441990,11.458900,11.475815,11.509636,11.458900,11.441990,11.458900,11.475815,11.475815,11.374298,11.238777,11.289619,11.289619,11.255722,11.137009,11.120033,11.221825,11.052120,11.255722,11.340439,11.441990,11.272675,11.187904,11.052120,11.086086,11.069107,11.035133,11.103065,11.001148,11.018150,11.035133,10.882126,10.728870,10.643623,10.489990,10.609497,10.404537,10.421631,10.575371,10.916145,10.831066,10.660679,10.558300,10.592438,10.660679,10.762939,10.609497,10.489990,10.660679,10.831066,11.103065,10.745911,10.472908,10.233398,10.199139,10.250530,10.130581,10.267654,10.489990,10.916145,11.069107,10.626560,10.164867,9.958965,10.027649,10.010487,9.993317,10.233398,10.950157,11.187904,11.120033,10.916145,10.797012,10.882126,10.882126,10.933151,10.933151,11.153976,11.729134,11.813431,12.065849,11.441990,11.086086,10.950157,10.899132,10.882126,11.018150,11.425068,11.914482,11.998611,11.627888,11.323498,11.238777,11.255722,11.306557,11.357365,11.492725,11.796577,11.964966,12.116257,12.267311,11.897648,11.204865,10.694775,10.745911,10.660679,10.848083,11.153976,11.813431,12.099461,12.116257,11.981785,11.964966,11.981785,11.897648,11.948143,11.914482,11.964966,12.284077,12.334373,12.434868,11.981785,11.813431,11.796577,11.712273,11.745995,11.729134,11.796577,12.233765,13.035591,13.268166,12.702332,12.216988,11.880806,11.847122,11.813431,12.015423,12.082661,12.535263,13.400806,13.417366,13.218376,12.485077,11.948143,11.543430,11.492725,11.611008,11.762863,12.082661,12.719025,13.068855,13.102104,12.652241,12.166641,11.897648,11.964966,12.049046,12.200203,12.351128,13.002323,13.367657,13.781071,13.433933,12.518532,12.133057,11.964966,11.847122,11.897648,12.099461,12.518532,12.935738,13.251579,12.551975,11.880806,11.594112,11.458900,11.644768,11.594112,11.931309,12.367878,12.835777,12.802441,12.819115,12.618832,12.300850,11.998611,11.897648,11.880806,11.964966,12.250546,12.485077,12.485077,12.267311,11.897648,11.644768,11.357365,11.391228,11.441990,11.577221,11.948143,12.585411,12.769081,12.551975,12.384636,12.099461,12.049046,11.931309,12.032238,12.216988,12.602119,12.602119,12.568703,12.200203,11.695396,11.391228,11.323498,11.289619,11.475815,11.458900,11.914482,12.551975,12.418129,12.351128,11.998611,11.441990,11.425068,11.323498,11.357365,11.441990,11.644768,11.981785,11.847122,11.594112,10.950157,10.660679,10.524147,10.336117,10.472908,10.524147,10.916145,11.492725,11.560329,11.238777,10.865101,10.541225,10.643623,10.728870,10.831066,11.170944,11.796577,11.762863,11.475815,
4.146374,4.218987,4.128212,4.037365,4.255280,4.345943,4.218987,4.164528,4.200836,4.200836,4.218987,4.128212,4.091881,4.200836,4.110050,4.164528,4.182686,4.237133,4.309685,4.382195,4.309685,4.472755,4.653660,4.545155,4.472755,4.599422,4.617508,4.581333,4.635590,4.725941,4.743999,4.798172,4.852314,4.942490,4.816223,4.798172,4.888393,4.942490,5.212570,5.266499,5.428139,5.661201,5.983063,6.125797,6.552864,6.907440,7.101940,7.066605,6.942829,6.730297,6.765751,6.694839,6.783474,6.960518,6.942829,7.154926,7.313717,7.172585,6.960518,6.694839,6.499577,6.481804,6.464035,6.464035,6.339550,6.446259,6.446259,6.517342,6.446259,6.481804,6.552864,6.606125,6.606125,6.730297,6.765751,6.836617,6.854328,6.818905,6.854328,6.978207,6.960518,7.031254,6.978207,7.101940,7.154926,7.190231,7.172585,7.225533,7.260815,7.454662,7.472267,7.577831,7.683289,7.735977,7.823730,7.946465,7.911411,7.999016,8.174004,8.261383,8.278851,8.435913,8.453358,8.714558,8.714558,8.818848,8.957737,8.975086,9.027115,9.200333,9.286831,9.476868,9.649315,9.821461,9.976139,10.164867,10.353233,10.933151,11.272675,11.153976,9.735428,8.957737,8.853588,8.975086,9.580376,10.626560,11.272675,11.069107,11.255722,11.035133,10.762939,10.472908,10.387436,10.164867,9.958965,9.718216,9.355976,9.165710,9.044441,8.784096,8.453358,8.383591,8.191483,8.086544,8.086544,8.644970,8.923035,8.401035,7.823730,7.841270,7.823730,7.858810,7.893879,7.876347,7.876347,7.858810,7.876347,7.876347,7.981499,8.644970,8.888317,8.575333,8.401035,8.557915,8.766716,8.801476,8.784096,8.923035,8.853588,8.836220,8.714558,8.627563,8.870953,8.870953,8.957737,8.818848,8.766716,8.679768,8.749332,8.749332,8.749332,8.679768,8.784096,8.766716,8.801476,8.697163,8.870953,8.801476,8.836220,8.435913,8.331230,8.278851,8.870953,8.975086,8.627563,8.488220,8.453358,8.488220,8.470791,8.383591,8.453358,8.401035,8.523075,8.679768,8.557915,8.470791,8.401035,8.540497,8.644970,8.644970,8.731949,8.731949,8.731949,8.766716,8.679768,8.697163,8.592743,8.557915,8.453358,8.557915,9.079109,9.597610,9.442345,8.992432,8.662369,8.766716,8.731949,8.784096,8.801476,8.923035,9.009773,9.113758,9.131081,9.079109,8.992432,9.321407,9.511379,9.614849,9.217640,8.870953,8.975086,8.957737,8.940388,8.870953,8.784096,8.714558,8.836220,8.766716,9.044441,9.113758,9.183022,9.200333,9.217640,9.217640,9.304119,9.338692,9.459610,9.476868,9.614849,9.580376,9.597610,9.597610,9.597610,9.476868,9.649315,10.079128,9.924606,9.234943,9.009773,8.957737,8.957737,9.009773,9.148392,9.217640,9.165710,8.992432,8.975086,8.957737,8.957737,8.888317,9.183022,9.338692,9.269539,9.113758,9.183022,9.131081,9.200333,9.252239,9.217640,9.200333,9.183022,9.269539,9.269539,9.407806,9.632080,9.614849,9.683773,9.666546,9.545887,9.580376,9.597610,9.545887,9.545887,9.528633,9.649315,9.683773,9.752644,9.614849,9.563126,9.838661,10.575371,10.524147,9.993317,9.821461,9.873051,9.855862,9.752644,9.821461,9.804260,9.958965,9.993317,10.199139,10.319000,10.387436,10.336117,10.301891,10.182007,10.061974,10.061974,10.182007,10.182007,10.164867,10.130581,10.182007,10.027649,9.873051,9.890244,9.924606,10.044807,10.113426,9.838661,9.597610,9.597610,9.666546,9.683773,9.580376,9.494129,9.511379,9.476868,9.442345,9.769852,10.950157,11.391228,11.374298,10.762939,9.614849,9.511379,9.563126,9.649315,9.683773,9.735428,9.787056,9.873051,9.941792,9.941792,9.941792,10.027649,10.284771,11.103065,11.137009,10.950157,10.779976,10.728870,10.762939,10.762939,11.153976,11.374298,11.458900,11.357365,11.340439,11.255722,11.323498,11.272675,11.137009,11.137009,11.137009,11.170944,11.153976,11.103065,11.103065,11.103065,11.035133,11.086086,11.069107,11.137009,11.170944,11.103065,11.137009,11.086086,11.137009,11.103065,11.086086,11.120033,11.153976,11.340439,11.238777,11.238777,11.272675,11.255722,11.187904,11.255722,11.255722,11.103065,11.272675,11.238777,11.120033,11.170944,11.120033,11.120033,11.153976,11.137009,11.153976,11.137009,11.153976,10.916145,10.848083,11.052120,11.035133,10.967159,10.933151,10.745911,10.762939,10.814041,10.899132,10.609497,10.762939,10.779976,10.933151,10.984158,10.575371,10.438725,10.353233,10.319000,10.284771,10.267654,10.301891,10.541225,10.797012,10.762939,10.404537,10.182007,10.147728,10.061974,10.061974,10.164867,10.319000,10.814041,11.001148,10.779976,10.609497,10.524147,10.575371,10.643623,10.592438,10.575371,10.711826,11.120033,11.238777,11.255722,10.762939,10.541225,10.558300,10.404537,10.489990,10.575371,11.137009,11.323498,11.458900,11.069107,10.728870,10.660679,10.643623,10.626560,10.711826,10.779976,11.221825,11.560329,11.695396,11.661655,11.103065,10.455822,10.319000,10.301891,10.524147,10.643623,10.899132,11.661655,11.729134,11.509636,11.509636,11.492725,11.577221,11.678528,11.695396,11.729134,11.796577,12.099461,12.133057,12.099461,11.712273,11.543430,11.526535,11.492725,11.560329,11.644768,11.695396,12.267311,12.769081,12.785763,12.501804,12.300850,12.133057,12.099461,12.183426,12.200203,12.535263,12.819115,13.367657,13.582870,12.969040,12.166641,11.762863,11.458900,11.441990,11.526535,11.762863,12.216988,12.819115,12.969040,12.952389,12.334373,12.015423,12.200203,12.082661,12.434868,12.468342,12.551975,12.902435,12.935738,13.384232,12.602119,11.931309,11.627888,11.526535,11.560329,11.644768,11.981785,12.551975,12.685638,12.652241,12.065849,11.627888,11.425068,11.374298,11.408150,11.543430,11.931309,12.317612,12.685638,13.102104,12.752399,12.015423,11.509636,11.340439,11.475815,11.475815,11.644768,12.267311,12.418129,12.284077,11.981785,11.627888,11.492725,11.323498,11.475815,11.509636,11.745995,12.166641,12.769081,12.802441,12.785763,12.585411,12.300850,12.099461,12.216988,12.116257,12.284077,12.501804,12.535263,12.384636,11.948143,11.475815,11.255722,11.255722,11.204865,11.289619,11.475815,12.099461,12.535263,12.518532,12.367878,12.015423,11.964966,11.813431,11.914482,11.712273,11.830276,11.948143,11.981785,11.712273,11.221825,10.660679,10.404537,10.404537,10.387436,10.387436,10.524147,11.086086,11.543430,11.204865,10.967159,10.626560,10.626560,10.592438,10.848083,10.984158,11.255722,11.526535,11.611008,11.272675,
4.128212,4.001003,3.910049,3.982819,4.182686,4.291550,4.273415,4.237133,4.218987,4.182686,4.200836,4.110050,4.110050,4.019184,4.037365,4.001003,3.982819,4.073711,4.164528,4.255280,4.273415,4.454651,4.545155,4.400314,4.527058,4.689812,4.436539,4.327812,4.345943,4.382195,4.436539,4.418427,4.327812,4.400314,4.237133,4.309685,4.418427,4.472755,4.671738,4.798172,4.924461,4.996559,5.266499,5.571625,5.929482,6.499577,6.925133,6.872036,6.623875,6.535103,6.392914,6.428486,6.446259,6.606125,6.907440,7.735977,8.121536,7.841270,7.172585,6.570625,6.286148,6.018761,5.893753,5.840134,5.875885,5.786484,5.804367,5.875885,5.929482,6.000916,6.161457,6.232731,6.232731,6.268349,6.321754,6.392914,6.339550,6.375134,6.428486,6.392914,6.481804,6.481804,6.588379,6.606125,6.588379,6.623875,6.659363,6.730297,6.801193,6.854328,6.872036,7.031254,7.048931,7.013577,7.190231,7.207882,7.331345,7.437057,7.384212,7.454662,7.560242,7.665718,7.753536,7.788635,7.963982,7.911411,8.051544,8.191483,8.401035,8.470791,8.644970,8.784096,9.044441,9.234943,9.494129,9.700993,9.941792,10.233398,10.592438,10.797012,9.649315,8.957737,9.027115,9.165710,9.545887,10.319000,10.882126,11.458900,11.238777,11.137009,11.170944,11.069107,10.779976,10.677727,10.489990,9.924606,9.614849,9.649315,9.855862,9.614849,8.992432,8.697163,8.523075,8.208961,8.296310,8.766716,8.923035,8.435913,8.174004,8.086544,7.963982,7.963982,7.911411,7.893879,7.893879,7.806187,7.771088,7.806187,7.771088,8.348686,8.784096,8.523075,8.296310,8.331230,8.383591,8.523075,8.592743,8.610161,8.679768,8.662369,8.697163,8.801476,8.731949,8.784096,8.818848,8.766716,8.731949,8.731949,8.714558,8.836220,8.836220,8.888317,8.957737,8.923035,8.888317,8.940388,8.870953,9.044441,9.338692,9.113758,8.714558,8.488220,8.610161,8.749332,8.784096,8.697163,8.575333,8.540497,8.592743,8.505650,8.505650,8.610161,8.992432,8.836220,8.575333,8.610161,8.662369,8.627563,8.644970,8.610161,8.627563,8.610161,8.575333,8.540497,8.575333,8.505650,8.366138,8.348686,8.278851,8.418476,9.425079,9.804260,9.666546,8.801476,8.435913,8.453358,8.435913,8.435913,8.435913,8.453358,8.592743,8.697163,8.714558,8.714558,8.697163,8.749332,8.870953,8.888317,8.992432,8.853588,8.940388,8.836220,8.853588,8.818848,8.818848,8.888317,8.870953,8.923035,9.061775,9.234943,9.597610,9.494129,9.338692,9.200333,9.113758,9.252239,9.252239,9.286831,9.338692,9.390537,9.304119,9.355976,9.269539,9.304119,9.632080,10.216270,9.958965,9.217640,8.975086,8.957737,8.940388,9.009773,9.027115,8.957737,9.061775,9.234943,9.148392,9.113758,9.009773,9.027115,8.975086,8.992432,8.940388,9.079109,9.096436,9.269539,9.321407,9.304119,9.425079,9.338692,9.355976,9.373260,9.390537,9.632080,10.096279,10.027649,9.683773,9.632080,9.614849,9.700993,9.735428,9.804260,9.718216,9.769852,9.787056,9.787056,9.804260,9.924606,9.958965,10.130581,10.524147,10.643623,10.182007,9.941792,10.027649,9.993317,9.838661,9.838661,9.890244,10.010487,10.044807,10.216270,10.489990,10.301891,10.319000,10.319000,10.199139,10.216270,10.284771,10.353233,10.267654,10.267654,10.130581,10.233398,10.301891,10.319000,10.336117,10.421631,10.831066,10.950157,10.558300,10.027649,9.890244,9.941792,9.907425,9.855862,9.924606,9.787056,9.855862,9.735428,10.010487,10.558300,10.950157,10.865101,10.643623,9.683773,9.632080,9.700993,9.614849,9.666546,9.666546,9.632080,9.735428,9.752644,9.787056,9.752644,9.890244,10.267654,11.086086,11.069107,10.899132,10.779976,10.694775,10.609497,10.745911,11.069107,11.492725,11.306557,11.340439,11.289619,11.255722,11.238777,11.221825,11.221825,11.153976,11.170944,11.086086,11.153976,11.018150,11.086086,11.018150,10.967159,11.052120,10.984158,10.984158,10.950157,10.882126,10.950157,10.762939,10.745911,10.797012,10.779976,10.745911,10.745911,10.745911,10.779976,10.745911,10.762939,10.728870,10.762939,10.916145,10.848083,10.660679,10.762939,10.797012,10.831066,10.762939,10.779976,10.797012,10.711826,10.779976,10.814041,10.831066,10.899132,10.899132,10.848083,10.916145,10.899132,10.865101,10.865101,10.916145,10.831066,10.831066,10.882126,10.865101,10.967159,10.916145,10.848083,10.831066,10.745911,10.745911,10.779976,10.592438,10.575371,10.660679,10.762939,10.728870,10.831066,10.728870,10.558300,10.489990,10.575371,10.507072,10.438725,10.541225,10.592438,10.745911,10.762939,10.575371,10.507072,10.489990,10.455822,10.472908,10.387436,10.421631,10.575371,10.831066,10.848083,10.745911,10.387436,10.353233,10.421631,10.301891,10.284771,10.421631,10.882126,10.967159,10.899132,10.677727,10.472908,10.336117,10.301891,10.216270,10.284771,10.387436,10.831066,11.069107,11.272675,11.035133,10.421631,10.113426,10.079128,10.130581,10.182007,10.319000,10.575371,11.323498,11.425068,11.120033,10.984158,11.103065,11.120033,11.221825,11.153976,11.289619,11.594112,11.729134,11.880806,11.695396,11.323498,11.221825,11.238777,11.069107,11.204865,11.425068,11.627888,12.166641,12.384636,12.183426,11.897648,11.830276,11.847122,12.082661,12.049046,12.166641,12.468342,12.835777,13.268166,13.002323,12.065849,11.695396,11.374298,11.238777,11.323498,11.255722,11.678528,12.250546,12.985676,13.018955,12.869114,12.317612,12.099461,12.216988,12.133057,12.434868,12.802441,12.752399,12.568703,12.668941,12.585411,11.863968,11.458900,11.323498,11.425068,11.374298,11.611008,11.998611,12.317612,12.317612,12.116257,11.661655,11.306557,11.289619,11.272675,11.425068,11.492725,11.830276,12.451607,12.719025,12.885777,12.099461,11.425068,11.069107,11.001148,11.069107,11.255722,11.509636,12.116257,12.233765,11.914482,11.661655,11.458900,11.374298,11.425068,11.221825,11.340439,11.779716,12.334373,12.618832,12.551975,12.233765,11.897648,11.779716,11.729134,11.712273,11.762863,12.049046,12.334373,12.099461,12.116257,11.577221,11.323498,11.137009,11.103065,11.238777,11.357365,11.847122,12.334373,12.652241,12.635536,12.451607,12.384636,12.233765,12.166641,12.116257,11.931309,11.998611,11.931309,11.847122,11.492725,10.865101,10.421631,10.353233,10.319000,10.250530,10.558300,10.677727,11.340439,11.526535,11.238777,10.984158,10.882126,10.745911,10.865101,11.035133,11.103065,11.509636,11.492725,11.391228,10.728870,
3.982819,3.764370,3.819023,3.837234,4.146374,4.218987,4.237133,4.128212,4.073711,4.200836,4.146374,4.110050,4.146374,4.019184,3.946442,3.982819,4.001003,4.037365,4.110050,4.110050,4.237133,4.382195,4.436539,4.364071,4.400314,4.490860,4.218987,4.128212,4.037365,4.273415,4.291550,4.309685,4.273415,4.073711,4.237133,4.182686,4.237133,4.309685,4.454651,4.563248,4.707874,4.725941,5.014572,5.284477,5.410194,5.911625,6.606125,6.854328,6.694839,6.392914,6.268349,6.232731,6.286148,6.410706,6.659363,7.612995,8.383591,8.296310,7.401833,6.535103,6.018761,5.661201,5.464031,5.302444,5.212570,5.050598,5.068611,5.050598,5.122616,5.212570,5.356339,5.499908,5.392242,5.464031,5.714912,5.679108,5.732807,5.697014,5.750706,5.804367,5.947346,5.840134,5.840134,5.947346,6.232731,6.107971,6.179276,6.250534,6.428486,6.286148,6.464035,6.446259,6.446259,6.570625,6.659363,6.677101,6.730297,6.818905,6.854328,6.925133,6.942829,6.907440,7.048931,7.137272,7.260815,7.296085,7.489868,7.472267,7.665718,7.665718,7.806187,7.946465,8.278851,8.366138,8.575333,8.575333,8.784096,9.009773,9.234943,9.407806,9.217640,8.975086,9.079109,9.183022,9.338692,9.718216,10.284771,10.745911,10.882126,10.865101,10.694775,10.592438,10.387436,10.216270,10.079128,9.735428,9.632080,9.735428,10.438725,10.199139,9.390537,8.923035,8.697163,8.644970,8.714558,8.731949,8.592743,8.557915,8.453358,8.505650,8.435913,8.366138,8.401035,8.296310,8.226437,8.174004,8.121536,8.104042,8.121536,8.575333,8.801476,8.592743,8.435913,8.453358,8.435913,8.523075,8.662369,8.697163,8.644970,8.540497,8.592743,8.610161,8.523075,8.575333,8.610161,8.592743,8.679768,8.627563,8.749332,8.905678,8.853588,8.697163,8.679768,8.610161,8.592743,8.505650,8.470791,8.853588,9.183022,9.234943,8.557915,8.366138,8.383591,8.418476,8.488220,8.540497,8.453358,8.470791,8.418476,8.453358,8.348686,8.749332,9.269539,9.286831,8.853588,8.870953,8.870953,8.940388,9.079109,9.044441,9.096436,9.096436,9.061775,9.096436,9.079109,8.992432,8.957737,8.784096,8.766716,9.009773,9.769852,9.838661,9.528633,8.870953,8.453358,8.505650,8.470791,8.470791,8.418476,8.435913,8.557915,8.644970,8.610161,8.662369,8.523075,8.505650,8.505650,8.505650,8.610161,8.627563,8.662369,8.679768,8.679768,8.679768,8.644970,8.627563,8.662369,8.749332,8.784096,8.992432,9.821461,9.838661,9.425079,9.096436,8.957737,9.027115,9.061775,9.113758,9.234943,9.269539,9.252239,9.269539,9.217640,9.200333,9.390537,9.838661,9.718216,9.355976,9.304119,9.217640,9.113758,9.027115,9.044441,9.096436,9.148392,9.234943,9.217640,9.183022,9.217640,9.304119,9.252239,9.061775,8.975086,9.009773,9.148392,9.200333,9.234943,9.304119,9.355976,9.269539,9.269539,9.234943,9.252239,9.632080,9.941792,9.976139,9.494129,9.425079,9.459610,9.580376,9.683773,9.683773,9.735428,9.735428,9.787056,9.821461,9.890244,9.838661,9.993317,10.079128,10.216270,10.164867,10.147728,10.096279,10.130581,10.096279,9.958965,10.044807,9.976139,10.164867,10.250530,10.267654,10.370338,10.507072,10.404537,10.284771,10.233398,10.284771,10.370338,10.370338,10.284771,10.182007,10.130581,10.113426,10.182007,10.079128,10.096279,10.284771,10.950157,11.187904,10.626560,10.216270,9.958965,9.873051,9.958965,10.061974,10.096279,10.027649,9.958965,10.044807,10.044807,10.096279,10.336117,10.267654,10.216270,9.873051,9.907425,9.873051,10.044807,9.941792,9.924606,9.890244,9.855862,9.821461,9.873051,9.993317,10.182007,10.524147,11.086086,10.967159,10.694775,10.592438,10.592438,10.507072,10.643623,11.018150,11.374298,11.357365,11.272675,11.289619,11.238777,11.221825,11.272675,11.221825,11.170944,11.137009,11.086086,11.052120,11.052120,11.001148,11.018150,10.967159,10.950157,10.899132,10.933151,10.814041,10.814041,10.797012,10.797012,10.762939,10.660679,10.728870,10.643623,10.728870,10.609497,10.609497,10.592438,10.609497,10.575371,10.558300,10.558300,10.507072,10.472908,10.421631,10.455822,10.455822,10.336117,10.404537,10.370338,10.404537,10.387436,10.353233,10.421631,10.404537,10.353233,10.353233,10.387436,10.336117,10.404537,10.404537,10.387436,10.455822,10.421631,10.438725,10.404537,10.353233,10.353233,10.421631,10.438725,10.353233,10.455822,10.541225,10.507072,10.558300,10.489990,10.558300,10.541225,10.609497,10.575371,10.626560,10.541225,10.626560,10.541225,10.575371,10.507072,10.626560,10.745911,10.626560,10.575371,10.626560,10.507072,10.592438,10.524147,10.507072,10.609497,10.626560,10.643623,10.643623,10.507072,10.472908,10.489990,10.455822,10.336117,10.370338,10.421631,10.609497,10.558300,10.472908,10.353233,10.250530,10.147728,10.096279,10.147728,10.147728,10.250530,10.643623,10.745911,10.848083,10.421631,9.855862,9.890244,9.907425,9.958965,9.958965,10.027649,10.455822,11.001148,11.001148,10.797012,10.677727,10.694775,10.797012,10.814041,10.814041,10.950157,11.204865,11.374298,11.441990,11.069107,10.728870,10.694775,10.711826,10.865101,11.018150,11.153976,11.408150,11.627888,11.745995,11.475815,11.204865,11.086086,11.052120,11.153976,11.272675,11.475815,11.948143,12.401375,12.702332,12.166641,11.543430,11.170944,10.882126,10.916145,10.967159,11.187904,11.712273,12.334373,13.201775,13.682022,12.969040,12.418129,12.216988,12.166641,12.384636,12.451607,12.351128,12.250546,12.116257,12.149849,11.712273,11.391228,11.137009,11.052120,11.120033,11.187904,11.509636,11.948143,11.964966,11.880806,11.611008,11.306557,11.170944,11.221825,11.272675,11.391228,11.644768,12.049046,12.468342,12.418129,12.149849,11.577221,11.255722,10.933151,10.967159,11.153976,11.357365,11.762863,12.032238,12.133057,11.712273,11.391228,11.340439,11.238777,11.238777,11.221825,11.357365,11.678528,12.384636,12.418129,12.065849,11.863968,11.644768,11.526535,11.577221,11.509636,11.611008,12.032238,12.233765,12.099461,11.712273,11.509636,11.238777,11.153976,11.306557,11.306557,11.441990,11.981785,12.501804,12.585411,12.401375,12.082661,11.762863,11.627888,11.340439,11.357365,11.408150,11.661655,11.560329,11.594112,11.001148,10.455822,10.353233,10.336117,10.336117,10.267654,10.609497,11.153976,11.712273,11.611008,11.577221,11.357365,11.357365,11.204865,11.238777,11.323498,11.441990,11.441990,11.441990,11.120033,10.438725,
3.873646,3.855442,3.837234,3.855442,3.964630,4.128212,4.218987,4.110050,4.128212,4.128212,4.019184,4.091881,4.019184,4.055538,3.964630,3.910049,3.982819,4.001003,4.019184,4.073711,4.273415,4.382195,4.454651,4.454651,4.327812,4.364071,4.128212,4.073711,4.110050,4.055538,4.164528,4.255280,4.255280,4.218987,4.091881,4.237133,4.237133,4.327812,4.508957,4.418427,4.508957,4.581333,4.924461,4.942490,5.176598,5.643291,6.339550,6.854328,6.783474,6.446259,6.339550,6.250534,6.197094,6.197094,6.375134,6.995895,8.156513,8.401035,7.753536,6.907440,6.214916,5.625381,5.194580,5.050598,4.834267,4.671738,4.707874,4.707874,4.545155,4.743999,4.762062,4.798172,4.635590,4.743999,4.978535,4.924461,4.870358,4.978535,5.104614,5.104614,5.104614,5.014572,5.194580,5.338371,5.499908,5.410194,5.625381,5.553699,5.589546,5.553699,5.840134,5.893753,6.072296,5.983063,6.072296,6.197094,6.303955,6.499577,6.428486,6.446259,6.428486,6.481804,6.464035,6.623875,6.677101,6.818905,6.872036,6.942829,6.960518,7.084278,7.190231,7.296085,7.401833,7.542656,7.700855,7.753536,7.946465,8.051544,8.226437,8.435913,8.540497,8.697163,8.731949,8.888317,9.061775,9.321407,10.301891,10.984158,11.289619,11.492725,11.255722,11.137009,11.137009,10.797012,10.558300,10.336117,10.061974,10.336117,10.541225,10.558300,9.890244,9.373260,9.200333,9.061775,8.905678,8.992432,8.731949,8.697163,8.575333,8.453358,8.418476,8.366138,8.401035,8.261383,8.278851,8.418476,8.435913,8.401035,8.366138,8.575333,8.488220,8.592743,8.523075,8.418476,8.505650,8.714558,9.027115,9.113758,8.662369,8.523075,8.488220,8.505650,8.523075,8.540497,8.610161,8.592743,8.575333,8.679768,8.731949,8.853588,8.801476,8.679768,8.557915,8.575333,8.575333,8.296310,8.278851,8.557915,9.148392,9.044441,8.644970,8.488220,8.540497,8.575333,8.540497,8.662369,8.488220,8.557915,8.488220,8.435913,8.366138,9.061775,9.269539,9.286831,8.818848,8.697163,8.766716,8.766716,8.957737,9.027115,8.975086,8.992432,8.975086,9.079109,9.027115,9.061775,9.113758,9.044441,9.165710,9.286831,9.390537,9.494129,9.304119,9.148392,9.061775,9.096436,8.923035,8.923035,8.905678,8.923035,9.234943,9.200333,8.992432,8.784096,8.662369,8.714558,8.610161,8.523075,8.610161,8.610161,8.662369,8.679768,8.714558,8.644970,8.679768,8.697163,8.644970,8.557915,8.557915,8.853588,9.700993,9.873051,9.286831,8.870953,8.853588,8.836220,8.836220,8.818848,8.975086,8.975086,9.131081,9.079109,9.061775,8.992432,9.027115,9.217640,9.390537,9.373260,9.338692,9.269539,9.183022,9.148392,9.148392,9.061775,9.200333,9.269539,9.183022,9.304119,9.373260,9.614849,9.597610,9.355976,9.044441,8.940388,9.061775,9.027115,9.044441,8.992432,9.079109,9.009773,8.975086,8.957737,8.957737,9.234943,9.804260,9.735428,9.407806,9.425079,9.355976,9.304119,9.390537,9.476868,9.494129,9.476868,9.545887,9.373260,9.459610,9.545887,9.425079,9.528633,9.597610,9.700993,9.735428,9.769852,9.787056,9.821461,9.855862,9.890244,9.873051,10.027649,10.096279,10.130581,10.455822,10.592438,10.541225,9.976139,9.855862,10.010487,10.164867,10.301891,10.250530,10.079128,9.993317,9.976139,10.044807,10.079128,10.079128,10.233398,10.848083,10.899132,10.609497,10.472908,10.404537,10.455822,10.438725,10.438725,10.404537,10.524147,10.353233,10.199139,10.182007,10.147728,10.164867,10.233398,10.113426,9.993317,9.941792,9.924606,9.941792,10.010487,10.027649,10.044807,10.044807,10.096279,10.182007,10.199139,10.438725,10.848083,10.831066,10.814041,10.677727,10.575371,10.421631,10.438725,10.472908,10.865101,11.120033,11.120033,11.103065,11.086086,11.086086,11.035133,10.984158,11.069107,11.052120,11.018150,11.052120,10.984158,10.950157,10.882126,10.882126,10.797012,10.728870,10.814041,10.831066,10.745911,10.848083,10.711826,10.711826,10.660679,10.677727,10.677727,10.541225,10.575371,10.541225,10.575371,10.558300,10.558300,10.489990,10.353233,10.404537,10.370338,10.421631,10.421631,10.438725,10.336117,10.250530,10.370338,10.336117,10.301891,10.284771,10.319000,10.284771,10.319000,10.216270,10.233398,10.164867,10.182007,10.113426,10.216270,10.182007,10.199139,10.096279,10.164867,10.164867,10.130581,10.130581,10.164867,9.993317,10.044807,9.924606,10.113426,10.044807,10.061974,10.010487,10.010487,10.027649,10.096279,10.096279,10.044807,10.113426,10.096279,10.027649,10.147728,10.164867,10.130581,10.216270,10.233398,10.199139,10.164867,10.267654,10.233398,10.250530,10.284771,10.284771,10.267654,10.353233,10.353233,10.455822,10.438725,10.387436,10.404537,10.370338,10.370338,10.319000,10.353233,10.387436,10.421631,10.233398,10.182007,10.216270,10.199139,10.216270,10.130581,10.267654,10.387436,10.404537,10.336117,9.976139,9.993317,9.924606,9.890244,9.924606,9.958965,10.096279,10.370338,10.626560,10.626560,10.455822,10.387436,10.301891,10.387436,10.404537,10.507072,10.660679,10.745911,10.916145,10.797012,10.541225,10.353233,10.301891,10.489990,10.677727,10.541225,10.694775,11.018150,11.187904,11.153976,10.848083,10.694775,10.626560,10.677727,10.711826,10.728870,11.137009,11.847122,12.384636,12.166641,11.408150,10.984158,10.762939,10.558300,10.558300,10.609497,10.967159,11.492725,12.451607,13.351086,12.685638,11.729134,11.391228,11.170944,11.425068,11.425068,11.425068,11.577221,11.577221,11.695396,11.594112,11.272675,11.069107,10.899132,10.882126,10.933151,11.187904,11.509636,11.661655,11.712273,11.627888,11.340439,11.187904,11.204865,11.255722,11.441990,11.492725,11.729134,12.032238,12.183426,12.267311,11.914482,11.695396,11.221825,10.882126,10.984158,11.035133,11.323498,11.779716,11.897648,11.729134,11.374298,11.289619,11.306557,11.204865,11.357365,11.425068,11.627888,11.897648,12.317612,12.300850,11.948143,11.830276,11.627888,11.509636,11.627888,11.627888,11.762863,12.149849,12.065849,11.863968,11.560329,11.272675,11.272675,11.340439,11.289619,11.374298,11.543430,12.116257,12.485077,12.434868,12.032238,11.526535,11.221825,10.814041,10.762939,10.967159,11.035133,11.492725,11.357365,11.120033,10.711826,10.370338,10.336117,10.336117,10.319000,10.353233,10.865101,11.594112,11.695396,11.729134,11.357365,11.137009,11.103065,10.882126,10.831066,10.984158,11.137009,11.153976,11.086086,10.745911,10.233398,
3.819023,3.928246,3.891846,3.873646,3.964630,4.146374,4.128212,4.091881,3.982819,4.110050,4.110050,4.037365,4.001003,4.073711,4.055538,4.019184,4.001003,4.055538,4.001003,3.946442,4.237133,4.382195,4.418427,4.454651,4.164528,4.182686,4.110050,4.110050,4.164528,4.037365,4.055538,4.273415,4.599422,4.454651,4.146374,4.200836,4.273415,4.364071,4.436539,4.436539,4.291550,4.671738,4.653660,4.798172,4.888393,5.428139,5.947346,6.730297,6.748028,6.481804,6.339550,6.214916,6.232731,6.197094,6.339550,6.606125,7.806187,8.296310,8.139027,7.172585,6.339550,5.643291,5.248528,4.924461,4.780113,4.617508,4.653660,4.490860,4.527058,4.599422,4.653660,4.635590,4.599422,4.563248,4.689812,4.653660,4.527058,4.671738,4.816223,4.942490,4.780113,4.653660,4.725941,4.906425,4.942490,5.014572,4.888393,4.888393,4.942490,4.924461,5.014572,5.320412,5.392242,5.446091,5.464031,5.517838,5.697014,5.822250,5.840134,5.840134,5.786484,5.786484,5.893753,5.965206,6.036610,6.054455,6.179276,6.125797,6.179276,6.286148,6.588379,6.712570,6.783474,6.889732,7.048931,7.119606,7.331345,7.437057,7.577831,7.753536,8.069046,8.296310,8.401035,8.540497,8.679768,8.940388,9.890244,10.967159,11.492725,11.577221,11.560329,11.441990,11.323498,11.035133,10.899132,10.694775,10.455822,10.455822,10.438725,10.370338,10.027649,9.821461,9.632080,9.511379,9.355976,9.304119,9.131081,8.992432,8.766716,8.836220,8.679768,8.679768,8.592743,8.749332,8.697163,8.662369,8.610161,8.540497,8.592743,8.523075,8.470791,8.523075,8.453358,8.505650,8.540497,8.731949,9.165710,9.234943,8.749332,8.418476,8.313774,8.278851,8.296310,8.296310,8.226437,8.261383,8.348686,8.435913,8.366138,8.470791,8.470791,8.540497,8.418476,8.366138,8.331230,8.243912,8.261383,8.470791,8.557915,8.662369,8.505650,8.575333,8.784096,8.853588,9.252239,9.148392,8.992432,9.096436,8.940388,8.801476,9.027115,9.148392,9.390537,9.425079,8.923035,8.575333,8.627563,8.662369,8.714558,8.697163,8.784096,8.731949,8.905678,8.905678,8.836220,8.836220,8.923035,8.992432,8.923035,8.957737,9.009773,9.200333,9.061775,9.096436,9.044441,8.957737,8.957737,8.818848,8.923035,8.836220,9.442345,9.735428,9.338692,8.784096,8.818848,8.749332,8.749332,8.766716,8.888317,8.836220,8.957737,8.975086,9.009773,8.975086,8.957737,9.321407,9.390537,9.096436,8.957737,9.183022,9.580376,9.545887,9.321407,9.044441,8.992432,8.975086,8.975086,9.027115,9.044441,9.027115,9.200333,9.217640,9.165710,9.096436,9.044441,9.044441,9.079109,9.027115,9.061775,8.923035,8.940388,8.784096,8.784096,8.766716,8.836220,8.957737,8.853588,8.975086,9.165710,9.735428,10.010487,9.476868,8.870953,8.749332,8.836220,8.801476,8.853588,8.888317,8.888317,8.870953,8.870953,8.801476,8.853588,9.113758,9.286831,9.390537,9.286831,9.269539,9.252239,9.304119,9.338692,9.338692,9.373260,9.407806,9.407806,9.321407,9.390537,9.390537,9.563126,9.563126,9.580376,9.580376,9.580376,9.580376,9.545887,9.545887,9.511379,9.614849,9.614849,9.769852,9.941792,9.976139,10.507072,10.507072,10.096279,9.563126,9.597610,9.649315,9.649315,9.804260,9.924606,9.941792,9.976139,9.993317,10.027649,10.216270,10.199139,10.216270,10.387436,10.558300,10.472908,10.438725,10.558300,10.677727,10.814041,10.916145,10.848083,10.779976,10.848083,10.797012,10.728870,10.592438,10.916145,11.069107,10.694775,10.438725,10.370338,10.336117,10.353233,10.182007,10.267654,10.404537,10.319000,10.370338,10.267654,10.319000,10.541225,10.899132,10.779976,10.694775,10.455822,10.370338,10.301891,10.319000,10.301891,10.694775,10.848083,10.728870,10.694775,10.660679,10.745911,10.643623,10.660679,10.711826,10.677727,10.660679,10.677727,10.626560,10.660679,10.609497,10.711826,10.609497,10.643623,10.575371,10.558300,10.558300,10.489990,10.507072,10.575371,10.558300,10.592438,10.524147,10.472908,10.541225,10.575371,10.472908,10.438725,10.438725,10.387436,10.370338,10.284771,10.353233,10.353233,10.284771,10.353233,10.301891,10.233398,10.199139,10.164867,10.164867,10.216270,10.182007,10.182007,10.182007,10.147728,10.147728,10.130581,10.113426,10.130581,10.061974,10.079128,10.027649,9.993317,10.027649,10.027649,10.010487,10.044807,9.958965,9.924606,9.941792,9.873051,9.924606,9.907425,9.838661,9.821461,9.787056,9.821461,9.958965,9.838661,9.821461,9.769852,9.838661,9.752644,9.804260,9.890244,9.787056,9.855862,9.821461,9.821461,9.838661,9.838661,9.769852,9.735428,9.700993,9.838661,9.838661,9.890244,9.821461,9.821461,9.890244,9.873051,9.958965,9.855862,9.941792,9.941792,9.941792,10.027649,9.890244,9.924606,9.941792,10.113426,9.993317,10.044807,9.924606,9.993317,10.130581,10.061974,10.044807,9.993317,10.027649,10.079128,10.010487,10.096279,10.113426,10.182007,10.199139,10.233398,10.164867,10.164867,10.147728,10.113426,10.233398,10.370338,10.216270,10.284771,10.284771,10.370338,10.284771,10.216270,10.164867,10.164867,10.147728,10.250530,10.233398,10.353233,10.592438,10.626560,10.421631,10.301891,10.250530,10.267654,10.301891,10.267654,10.455822,10.984158,11.323498,11.745995,11.272675,10.694775,10.387436,10.216270,10.250530,10.216270,10.370338,10.779976,11.391228,11.830276,12.267311,11.170944,10.745911,10.489990,10.507072,10.387436,10.558300,10.814041,11.018150,11.221825,11.340439,11.170944,10.677727,10.592438,10.524147,10.677727,10.797012,10.916145,11.170944,11.323498,11.340439,10.933151,10.455822,10.336117,10.421631,10.575371,10.745911,11.018150,11.425068,11.475815,11.981785,11.796577,11.120033,10.762939,10.472908,10.455822,10.677727,10.899132,11.187904,11.425068,11.475815,11.475815,11.306557,11.238777,11.170944,11.272675,11.425068,11.509636,11.661655,12.065849,12.367878,12.367878,12.133057,11.729134,11.577221,11.729134,11.745995,11.644768,11.762863,11.863968,11.678528,11.594112,11.509636,11.391228,11.323498,11.425068,11.391228,11.611008,11.897648,12.317612,12.602119,12.317612,11.729134,11.052120,10.711826,10.387436,10.421631,10.626560,11.001148,11.323498,11.238777,10.899132,10.575371,10.387436,10.336117,10.370338,10.387436,10.575371,11.187904,11.560329,11.543430,11.170944,10.745911,10.575371,10.421631,10.472908,10.558300,10.711826,11.035133,11.086086,10.848083,10.370338,10.147728,
3.946442,4.001003,3.873646,3.819023,3.964630,4.055538,4.073711,4.073711,4.073711,4.073711,4.128212,4.073711,4.055538,4.255280,4.164528,4.019184,4.019184,3.910049,3.946442,4.001003,4.255280,4.472755,4.255280,4.218987,4.164528,4.146374,4.400314,4.309685,4.128212,4.019184,4.091881,4.273415,4.599422,4.581333,4.309685,4.436539,4.472755,4.382195,4.364071,4.382195,4.255280,4.273415,4.490860,4.635590,4.870358,5.122616,5.643291,6.214916,6.748028,6.712570,6.499577,6.179276,6.179276,6.197094,6.125797,6.410706,7.048931,8.156513,8.243912,7.489868,6.606125,5.929482,5.392242,5.140610,4.924461,4.653660,4.545155,4.418427,4.490860,4.436539,4.436539,4.472755,4.418427,4.418427,4.490860,4.599422,4.490860,4.508957,4.780113,4.870358,4.671738,4.508957,4.581333,4.762062,4.870358,4.798172,4.617508,4.671738,4.743999,4.725941,4.617508,4.834267,5.050598,5.320412,5.104614,5.050598,5.248528,5.535770,5.428139,5.302444,5.158604,5.194580,5.320412,5.248528,5.356339,5.517838,5.481972,5.302444,5.230549,5.499908,5.858009,6.036610,6.125797,6.090134,6.161457,6.410706,6.570625,6.748028,6.995895,7.454662,7.788635,8.401035,8.644970,8.575333,8.697163,8.940388,9.425079,10.353233,10.779976,11.103065,11.255722,11.272675,11.120033,10.899132,10.626560,10.421631,10.301891,10.164867,10.113426,10.199139,9.958965,9.752644,9.666546,9.511379,9.338692,9.200333,9.165710,9.148392,9.096436,8.975086,8.836220,8.818848,8.888317,9.131081,9.096436,8.975086,8.714558,8.557915,8.523075,8.610161,8.557915,8.540497,8.627563,8.662369,8.731949,8.836220,9.183022,9.200333,8.853588,8.418476,8.261383,8.208961,8.366138,8.261383,8.348686,8.331230,8.331230,8.401035,8.296310,8.331230,8.557915,8.453358,8.435913,8.366138,8.261383,8.243912,8.348686,8.331230,8.313774,8.348686,8.540497,8.401035,8.610161,8.888317,9.304119,9.407806,8.957737,8.957737,8.870953,8.818848,8.818848,8.888317,9.079109,8.888317,8.766716,8.749332,8.749332,8.853588,8.836220,8.784096,8.836220,8.714558,8.940388,8.836220,8.923035,8.940388,8.957737,8.905678,9.009773,9.061775,9.009773,9.079109,9.200333,9.009773,9.009773,8.923035,8.801476,8.766716,8.749332,8.697163,9.735428,9.838661,9.373260,8.766716,8.679768,8.644970,8.784096,8.836220,8.801476,8.644970,8.679768,8.784096,8.818848,8.801476,8.888317,9.545887,9.700993,9.511379,9.113758,9.200333,9.200333,9.286831,9.269539,9.183022,9.183022,9.131081,9.234943,9.165710,9.234943,9.321407,9.407806,9.494129,9.286831,9.321407,9.390537,9.338692,9.286831,9.217640,9.113758,9.044441,8.940388,8.940388,8.870953,8.905678,8.923035,8.784096,8.818848,8.940388,9.061775,9.683773,9.718216,9.373260,8.714558,8.644970,8.679768,8.697163,8.749332,8.784096,8.731949,8.784096,8.801476,8.679768,8.784096,8.818848,8.923035,8.992432,8.957737,9.009773,9.027115,9.009773,9.027115,9.131081,9.113758,9.183022,9.269539,9.321407,9.252239,9.338692,9.563126,10.182007,10.130581,9.700993,9.545887,9.494129,9.563126,9.545887,9.563126,9.632080,9.580376,9.718216,9.855862,9.769852,10.387436,10.353233,9.958965,9.528633,9.632080,9.597610,9.649315,9.787056,9.838661,9.890244,9.941792,10.113426,10.061974,10.233398,10.250530,10.387436,10.370338,10.387436,10.404537,10.438725,10.336117,10.609497,10.831066,10.933151,10.984158,10.848083,10.916145,10.916145,10.848083,10.728870,11.475815,11.695396,11.340439,10.745911,10.762939,10.711826,10.728870,10.745911,10.814041,10.762939,10.933151,10.831066,10.728870,10.762939,10.882126,10.933151,10.626560,10.438725,10.370338,10.319000,10.353233,10.199139,10.284771,10.626560,10.643623,10.575371,10.472908,10.438725,10.472908,10.455822,10.370338,10.404537,10.301891,10.319000,10.319000,10.284771,10.233398,10.216270,10.199139,10.182007,10.164867,10.216270,10.147728,10.164867,10.113426,10.079128,10.233398,10.147728,10.250530,10.130581,10.199139,10.164867,10.147728,10.113426,10.061974,10.113426,10.010487,10.216270,10.061974,10.164867,10.182007,10.096279,10.113426,10.044807,9.976139,10.096279,10.096279,10.010487,9.976139,10.027649,10.010487,10.027649,10.044807,9.958965,9.941792,9.924606,9.976139,9.976139,10.010487,9.958965,10.010487,9.924606,9.907425,9.890244,9.838661,9.907425,9.873051,9.855862,9.907425,9.821461,9.821461,9.855862,9.769852,9.769852,9.804260,9.700993,9.769852,9.718216,9.769852,9.718216,9.787056,9.735428,9.752644,9.632080,9.683773,9.666546,9.683773,9.649315,9.632080,9.666546,9.632080,9.580376,9.632080,9.580376,9.563126,9.563126,9.580376,9.494129,9.597610,9.580376,9.528633,9.511379,9.476868,9.494129,9.494129,9.442345,9.476868,9.442345,9.442345,9.459610,9.511379,9.545887,9.476868,9.528633,9.459610,9.528633,9.511379,9.563126,9.545887,9.597610,9.528633,9.700993,9.632080,9.683773,9.683773,9.683773,9.821461,9.735428,9.752644,9.873051,9.907425,9.907425,9.890244,9.924606,9.941792,9.993317,9.907425,9.976139,9.941792,9.855862,9.941792,9.890244,9.855862,10.061974,10.061974,9.890244,9.890244,9.941792,9.958965,9.924606,9.821461,10.044807,10.779976,11.018150,10.899132,10.284771,9.993317,9.907425,9.838661,9.804260,9.941792,10.130581,10.421631,10.507072,10.745911,10.762939,10.267654,10.096279,10.079128,10.010487,10.164867,10.147728,10.489990,10.592438,10.728870,10.677727,10.438725,10.267654,10.233398,10.164867,10.336117,10.370338,10.677727,10.711826,10.831066,10.575371,10.164867,9.804260,9.907425,9.873051,10.096279,10.130581,10.387436,10.831066,11.035133,11.052120,10.745911,10.233398,10.130581,10.182007,10.233398,10.438725,10.489990,11.001148,11.069107,11.069107,10.899132,10.745911,10.558300,10.524147,10.728870,10.899132,11.052120,11.357365,11.745995,11.897648,11.762863,11.221825,10.933151,11.086086,11.069107,11.170944,11.153976,11.357365,11.441990,11.475815,11.289619,11.272675,11.221825,11.357365,11.408150,11.374298,11.543430,11.762863,12.032238,12.568703,12.116257,11.255722,10.660679,10.438725,10.233398,10.199139,10.507072,11.086086,11.204865,11.052120,10.899132,10.660679,10.558300,10.455822,10.472908,10.592438,10.797012,11.391228,11.458900,11.509636,10.882126,10.694775,10.353233,10.216270,10.216270,10.216270,10.882126,10.933151,10.950157,10.575371,10.250530,9.924606,
3.873646,3.891846,3.855442,3.764370,3.873646,3.946442,4.073711,4.055538,4.110050,4.073711,4.055538,4.019184,4.110050,4.146374,4.128212,3.946442,4.055538,3.928246,3.946442,4.001003,4.309685,4.345943,4.327812,4.237133,4.218987,4.273415,4.707874,4.689812,4.164528,4.146374,4.019184,4.218987,4.563248,4.527058,4.418427,4.490860,4.418427,4.255280,4.237133,4.273415,4.255280,4.345943,4.418427,4.653660,4.816223,5.122616,5.356339,6.054455,6.570625,6.907440,6.659363,6.446259,6.286148,6.232731,6.286148,6.375134,6.694839,7.718422,8.296310,7.963982,7.066605,6.250534,5.661201,5.212570,4.906425,4.725941,4.508957,4.436539,4.545155,4.454651,4.382195,4.291550,4.345943,4.382195,4.382195,4.472755,4.581333,4.617508,4.834267,4.798172,4.743999,4.599422,4.581333,4.725941,4.780113,4.707874,4.508957,4.599422,4.635590,4.599422,4.599422,4.924461,5.194580,5.158604,4.924461,5.014572,5.212570,5.446091,5.266499,5.050598,4.978535,4.924461,5.032589,5.104614,5.230549,5.374290,5.212570,4.888393,4.888393,5.194580,5.535770,5.446091,5.607468,5.643291,5.643291,5.875885,6.036610,6.143627,6.552864,6.960518,7.348972,8.313774,9.027115,9.096436,8.992432,9.009773,9.234943,9.873051,10.319000,10.609497,10.831066,10.882126,10.916145,10.677727,10.438725,10.250530,10.096279,9.890244,9.890244,10.147728,10.113426,9.855862,9.614849,9.390537,9.321407,9.165710,9.044441,9.096436,9.079109,8.940388,8.801476,8.836220,8.870953,9.165710,9.131081,9.096436,8.383591,8.348686,8.296310,8.313774,8.401035,8.331230,8.470791,8.540497,8.575333,8.540497,8.784096,8.714558,8.697163,8.662369,8.644970,8.523075,8.470791,8.505650,8.435913,8.470791,8.401035,8.435913,8.435913,8.488220,8.557915,8.749332,8.975086,8.818848,8.731949,8.714558,8.627563,8.662369,8.575333,8.679768,8.592743,8.870953,8.853588,8.870953,9.321407,9.183022,8.610161,8.540497,8.575333,8.488220,8.540497,8.714558,8.784096,8.784096,8.662369,8.749332,8.836220,8.836220,8.836220,8.818848,8.784096,8.801476,8.940388,8.923035,8.905678,8.940388,9.027115,8.992432,9.009773,9.044441,8.992432,9.183022,9.494129,9.632080,9.252239,8.957737,8.853588,8.923035,8.923035,8.923035,9.545887,9.632080,9.252239,8.975086,8.992432,9.044441,8.853588,8.697163,8.784096,8.766716,8.749332,8.923035,8.853588,8.818848,8.923035,9.614849,9.718216,9.373260,9.079109,9.096436,9.113758,9.131081,9.113758,9.113758,9.148392,9.096436,9.200333,9.217640,9.234943,9.321407,9.373260,9.338692,9.321407,9.355976,9.286831,9.373260,9.321407,9.252239,9.321407,9.286831,9.269539,9.096436,9.096436,9.252239,9.632080,9.459610,8.923035,8.888317,8.940388,9.407806,9.442345,9.096436,8.714558,8.627563,8.662369,8.662369,8.679768,8.679768,8.818848,8.888317,8.766716,8.749332,8.784096,8.818848,8.870953,8.836220,8.870953,8.818848,8.940388,8.905678,8.853588,8.940388,9.027115,8.975086,9.044441,8.975086,9.027115,8.940388,9.442345,10.370338,10.182007,9.528633,8.992432,8.992432,8.957737,9.079109,9.165710,9.113758,9.200333,9.373260,9.511379,9.718216,9.993317,9.924606,9.804260,9.580376,9.632080,9.769852,9.752644,9.804260,9.941792,9.873051,9.958965,10.147728,10.147728,10.284771,10.370338,10.524147,10.745911,10.677727,10.438725,10.438725,10.455822,10.626560,10.728870,10.916145,10.984158,11.120033,11.069107,11.052120,10.984158,10.882126,11.745995,11.914482,11.425068,10.848083,10.831066,10.711826,10.779976,10.745911,10.728870,10.779976,10.814041,10.711826,10.694775,10.814041,10.762939,10.831066,10.592438,10.370338,10.164867,10.096279,10.096279,10.113426,10.130581,10.472908,10.472908,10.438725,10.455822,10.336117,10.353233,10.319000,10.267654,10.267654,10.284771,10.182007,10.147728,10.130581,10.079128,10.079128,9.993317,9.924606,9.976139,9.924606,9.941792,9.873051,9.873051,9.821461,9.821461,9.821461,9.769852,9.821461,9.700993,9.752644,9.907425,9.718216,9.632080,9.632080,9.735428,9.683773,9.666546,9.700993,9.649315,9.700993,9.718216,9.666546,9.632080,9.563126,9.700993,9.683773,9.614849,9.649315,9.666546,9.718216,9.632080,9.649315,9.683773,9.700993,9.649315,9.649315,9.804260,9.683773,9.735428,9.700993,9.718216,9.718216,9.683773,9.632080,9.649315,9.649315,9.683773,9.666546,9.597610,9.614849,9.580376,9.580376,9.563126,9.545887,9.632080,9.580376,9.666546,9.563126,9.545887,9.563126,9.580376,9.545887,9.545887,9.494129,9.545887,9.494129,9.649315,9.545887,9.545887,9.511379,9.425079,9.407806,9.476868,9.459610,9.425079,9.494129,9.442345,9.442345,9.407806,9.407806,9.304119,9.425079,9.304119,9.321407,9.286831,9.286831,9.234943,9.286831,9.252239,9.286831,9.165710,9.234943,9.217640,9.165710,9.148392,9.200333,9.148392,9.217640,9.183022,9.113758,9.286831,9.252239,9.217640,9.165710,9.217640,9.234943,9.183022,9.269539,9.252239,9.321407,9.286831,9.355976,9.304119,9.355976,9.407806,9.373260,9.355976,9.407806,9.407806,9.511379,9.476868,9.494129,9.494129,9.425079,9.511379,9.476868,9.511379,9.666546,9.649315,9.649315,9.649315,9.804260,9.752644,9.718216,9.580376,9.614849,9.545887,9.580376,9.666546,9.683773,9.649315,9.752644,9.735428,9.735428,9.597610,9.580376,9.683773,9.614849,9.683773,9.614849,9.821461,9.924606,10.027649,10.010487,9.804260,9.855862,9.804260,9.821461,9.976139,10.096279,10.147728,10.130581,10.250530,9.924606,9.545887,9.459610,9.476868,9.683773,9.838661,9.890244,10.199139,10.387436,10.404537,10.267654,10.079128,9.855862,9.769852,9.890244,10.113426,10.250530,10.507072,10.472908,10.541225,10.489990,10.284771,10.199139,10.233398,10.284771,10.370338,10.541225,10.797012,11.170944,11.289619,11.052120,10.797012,10.626560,10.455822,10.541225,10.745911,10.814041,10.916145,10.984158,11.120033,11.035133,10.814041,10.728870,10.728870,10.694775,10.728870,10.745911,10.916145,11.492725,11.779716,12.183426,11.289619,10.558300,10.404537,10.079128,10.079128,10.216270,10.660679,10.984158,10.984158,10.950157,10.882126,10.762939,10.797012,10.660679,10.797012,10.831066,10.984158,11.238777,11.170944,10.933151,10.762939,10.421631,10.301891,10.164867,10.319000,10.353233,10.831066,10.660679,10.728870,10.216270,10.061974,9.993317,
4.037365,3.873646,3.837234,3.800804,3.837234,3.891846,3.982819,4.073711,4.073711,4.128212,4.146374,4.110050,4.073711,4.055538,4.073711,4.055538,4.055538,3.964630,3.910049,4.037365,4.454651,4.382195,4.128212,4.182686,4.146374,4.327812,4.689812,4.599422,4.364071,4.382195,4.200836,4.327812,4.436539,4.508957,4.436539,4.400314,4.255280,4.218987,4.400314,4.490860,4.382195,4.364071,4.563248,4.545155,4.725941,5.050598,5.248528,5.750706,6.517342,6.907440,6.818905,6.659363,6.357342,6.214916,6.286148,6.357342,6.446259,7.101940,8.243912,8.243912,7.525059,6.606125,5.875885,5.320412,5.032589,4.834267,4.545155,4.454651,4.490860,4.436539,4.273415,4.237133,4.327812,4.418427,4.418427,4.508957,4.563248,4.671738,4.635590,4.671738,4.689812,4.689812,4.707874,4.689812,4.689812,4.599422,4.490860,4.527058,4.780113,4.653660,4.581333,4.852314,5.194580,5.194580,4.978535,5.068611,5.104614,5.464031,5.212570,4.978535,4.798172,4.834267,4.888393,5.068611,5.248528,5.212570,5.212570,4.798172,4.671738,4.852314,5.158604,5.338371,5.320412,5.428139,5.517838,5.661201,5.714912,5.875885,6.321754,6.606125,7.101940,8.069046,9.027115,9.321407,9.131081,9.079109,9.096436,9.442345,9.873051,10.353233,10.677727,10.660679,10.558300,10.370338,10.199139,10.147728,9.787056,9.614849,9.632080,10.233398,10.301891,9.890244,9.234943,9.183022,9.027115,8.870953,8.749332,8.731949,8.697163,8.662369,8.627563,8.592743,8.505650,8.853588,9.009773,8.801476,8.401035,8.383591,8.348686,8.313774,8.348686,8.401035,8.575333,8.557915,8.418476,8.435913,8.505650,8.540497,8.557915,8.488220,8.435913,8.313774,8.348686,8.366138,8.418476,8.470791,8.557915,8.366138,8.505650,8.383591,8.505650,8.801476,9.165710,9.200333,8.784096,8.714558,8.697163,8.749332,8.714558,8.870953,8.975086,8.992432,9.044441,9.009773,9.131081,9.113758,8.888317,8.697163,8.610161,8.610161,8.540497,8.714558,8.697163,8.679768,8.714558,8.784096,8.923035,8.940388,8.766716,8.784096,8.766716,8.905678,8.975086,8.957737,8.957737,8.905678,8.992432,8.992432,8.853588,8.766716,8.818848,8.905678,9.494129,9.718216,9.165710,8.905678,8.853588,8.818848,8.697163,8.836220,9.044441,9.131081,9.234943,9.079109,9.061775,9.044441,8.992432,8.957737,8.836220,8.957737,8.975086,9.061775,9.044441,9.079109,9.200333,9.649315,9.494129,9.304119,9.252239,9.304119,9.407806,9.580376,9.545887,9.338692,9.183022,9.165710,9.200333,9.252239,9.252239,9.252239,9.269539,9.234943,9.321407,9.234943,9.183022,9.234943,9.200333,9.148392,9.183022,9.183022,9.027115,8.975086,9.044441,9.304119,9.769852,9.666546,8.888317,8.644970,8.540497,8.679768,8.766716,8.784096,8.749332,8.679768,8.749332,8.697163,8.749332,8.818848,9.390537,9.442345,9.113758,8.714558,8.801476,8.784096,8.870953,8.905678,8.905678,9.027115,8.923035,8.923035,8.957737,9.009773,9.044441,9.009773,8.992432,8.975086,8.923035,8.975086,9.476868,10.079128,10.199139,9.425079,8.888317,8.801476,8.749332,8.853588,8.888317,8.975086,8.923035,9.079109,9.338692,9.528633,9.735428,9.563126,9.614849,9.614849,9.632080,9.632080,9.700993,9.614849,9.649315,9.666546,9.787056,9.752644,9.838661,9.890244,10.010487,10.387436,11.035133,11.255722,10.848083,10.387436,10.455822,10.507072,10.626560,10.728870,11.018150,11.069107,11.103065,11.204865,11.120033,11.120033,11.661655,11.762863,11.560329,11.238777,11.018150,11.035133,11.001148,10.899132,10.882126,10.899132,10.797012,10.848083,10.694775,10.643623,10.643623,10.677727,10.524147,10.336117,10.010487,9.993317,9.993317,9.958965,10.044807,10.404537,10.472908,10.387436,10.387436,10.336117,10.353233,10.301891,10.250530,10.233398,10.079128,10.147728,10.147728,10.061974,10.147728,10.061974,10.027649,9.941792,9.941792,9.958965,9.924606,9.890244,9.873051,9.769852,9.752644,9.718216,9.752644,9.649315,9.632080,9.597610,9.563126,9.494129,9.528633,9.494129,9.425079,9.511379,9.476868,9.476868,9.459610,9.373260,9.355976,9.304119,9.286831,9.252239,9.252239,9.304119,9.252239,9.304119,9.131081,9.165710,9.252239,9.200333,9.286831,9.304119,9.252239,9.286831,9.234943,9.286831,9.338692,9.355976,9.338692,9.390537,9.373260,9.407806,9.321407,9.373260,9.304119,9.338692,9.373260,9.355976,9.355976,9.390537,9.425079,9.442345,9.442345,9.407806,9.442345,9.407806,9.459610,9.442345,9.442345,9.459610,9.528633,9.459610,9.425079,9.390537,9.442345,9.459610,9.407806,9.355976,9.476868,9.407806,9.425079,9.459610,9.286831,9.407806,9.338692,9.304119,9.304119,9.269539,9.390537,9.217640,9.252239,9.286831,9.286831,9.286831,9.217640,9.269539,9.252239,9.252239,9.165710,9.148392,9.200333,9.165710,9.183022,9.148392,9.131081,9.113758,9.096436,9.148392,9.148392,9.131081,9.061775,9.009773,9.165710,9.027115,9.096436,9.079109,9.200333,9.096436,8.957737,8.957737,9.079109,9.044441,9.027115,8.784096,8.992432,8.957737,8.992432,8.923035,8.923035,9.009773,8.940388,8.957737,8.905678,8.905678,8.957737,8.905678,9.061775,9.044441,9.096436,9.061775,9.200333,9.044441,9.096436,9.096436,9.234943,9.131081,9.252239,9.200333,9.200333,9.217640,9.096436,9.183022,9.234943,9.286831,9.269539,9.321407,9.304119,9.200333,9.321407,9.373260,9.425079,9.373260,9.338692,9.459610,9.407806,9.338692,9.390537,9.425079,9.614849,9.511379,9.528633,9.234943,9.165710,9.269539,9.217640,9.234943,9.338692,9.373260,9.563126,9.632080,9.752644,9.700993,9.597610,9.666546,9.494129,9.683773,9.855862,9.804260,9.838661,9.890244,9.890244,9.855862,9.769852,9.752644,9.752644,9.821461,9.924606,10.027649,10.507072,10.626560,10.797012,10.609497,10.472908,10.319000,10.267654,10.284771,10.250530,10.216270,10.455822,10.660679,10.745911,10.524147,10.404537,10.301891,10.284771,10.130581,10.182007,10.319000,10.660679,10.916145,11.137009,11.086086,10.558300,10.010487,9.787056,9.804260,10.010487,10.079128,10.575371,10.762939,10.558300,10.421631,10.387436,10.455822,10.336117,10.336117,10.472908,10.489990,10.865101,10.831066,10.865101,10.643623,10.216270,10.027649,9.787056,9.804260,9.890244,10.182007,10.489990,10.541225,10.387436,10.147728,10.216270,10.130581,
3.891846,3.891846,3.855442,3.764370,3.873646,3.910049,4.001003,3.982819,4.055538,4.073711,4.001003,4.146374,4.091881,4.037365,4.182686,4.309685,4.055538,3.982819,4.001003,4.273415,4.671738,4.255280,4.073711,4.091881,4.146374,4.200836,4.364071,4.418427,4.870358,4.942490,4.490860,4.291550,4.364071,4.563248,4.309685,4.255280,4.182686,4.182686,4.273415,4.327812,4.400314,4.436539,4.400314,4.508957,4.725941,4.978535,5.158604,5.499908,6.072296,6.801193,6.960518,6.606125,6.375134,6.303955,6.303955,6.268349,6.428486,6.801193,7.683289,8.208961,7.911411,7.031254,6.214916,5.571625,5.068611,4.834267,4.490860,4.436539,4.527058,4.400314,4.382195,4.309685,4.345943,4.382195,4.327812,4.490860,4.671738,4.725941,4.725941,4.653660,4.671738,4.707874,4.617508,4.707874,4.563248,4.490860,4.418427,4.581333,4.906425,4.617508,4.454651,4.834267,5.212570,5.050598,5.014572,5.032589,5.014572,5.212570,4.996559,4.924461,4.924461,4.906425,4.996559,5.032589,4.960514,5.140610,5.014572,4.762062,4.689812,4.743999,5.032589,5.374290,5.320412,5.266499,5.356339,5.643291,5.643291,5.750706,6.268349,6.535103,6.765751,7.683289,8.888317,9.252239,9.113758,9.009773,9.009773,9.113758,9.666546,10.524147,10.967159,10.967159,10.916145,10.711826,10.575371,10.130581,9.683773,9.614849,9.545887,10.199139,10.370338,9.769852,9.027115,8.888317,8.697163,8.627563,8.505650,8.505650,8.488220,8.418476,8.453358,8.348686,8.435913,8.453358,8.644970,8.488220,8.610161,8.627563,8.435913,8.488220,8.435913,8.540497,8.697163,8.801476,8.627563,8.610161,8.679768,8.905678,9.009773,8.905678,8.662369,8.523075,8.418476,8.470791,8.557915,8.679768,8.662369,8.557915,8.523075,8.575333,8.505650,8.905678,9.252239,9.165710,8.749332,8.749332,8.644970,8.505650,8.644970,8.627563,8.749332,8.731949,8.836220,8.870953,8.975086,8.870953,8.836220,8.697163,8.679768,8.697163,8.697163,8.697163,8.749332,8.662369,8.853588,8.836220,8.923035,8.940388,8.975086,8.957737,9.027115,9.511379,9.321407,9.286831,9.217640,9.252239,9.044441,8.818848,8.731949,8.766716,8.714558,8.749332,9.580376,9.580376,9.304119,8.992432,8.888317,8.836220,8.818848,8.766716,8.714558,8.818848,8.818848,8.957737,8.870953,8.940388,8.801476,8.818848,8.923035,8.870953,8.957737,9.061775,9.148392,9.113758,9.113758,9.252239,9.321407,9.338692,9.390537,9.390537,9.649315,9.976139,9.924606,9.425079,9.234943,9.286831,9.304119,9.390537,9.390537,9.407806,9.373260,9.459610,9.494129,9.407806,9.442345,9.476868,9.390537,9.407806,9.442345,9.494129,9.269539,9.304119,9.200333,9.683773,9.958965,9.769852,9.165710,8.697163,8.592743,8.662369,8.697163,8.540497,8.592743,8.557915,8.523075,8.435913,8.540497,8.679768,9.304119,9.649315,9.252239,8.697163,8.575333,8.644970,8.784096,8.853588,8.957737,8.940388,8.923035,8.923035,9.061775,9.183022,9.234943,9.269539,9.148392,9.113758,9.027115,9.061775,9.373260,9.855862,9.597610,9.511379,9.355976,9.079109,9.113758,9.079109,9.269539,9.183022,9.286831,9.321407,9.459610,9.580376,9.614849,9.614849,9.718216,9.700993,9.804260,9.752644,9.752644,9.649315,9.563126,9.683773,9.718216,9.718216,9.718216,9.752644,9.890244,10.353233,11.204865,11.458900,11.086086,10.199139,9.907425,9.941792,10.113426,10.267654,10.336117,10.575371,10.728870,10.797012,10.933151,10.916145,11.153976,11.255722,11.137009,11.137009,11.170944,11.137009,11.170944,11.153976,11.120033,11.137009,11.187904,11.069107,10.916145,10.831066,10.779976,10.609497,10.370338,10.164867,9.924606,9.907425,9.924606,9.855862,10.044807,10.216270,10.301891,10.284771,10.199139,10.164867,10.182007,10.147728,10.113426,10.199139,10.130581,10.096279,10.061974,10.061974,10.079128,9.976139,9.924606,9.838661,9.907425,9.804260,9.838661,9.700993,9.666546,9.666546,9.683773,9.632080,9.614849,9.545887,9.511379,9.476868,9.425079,9.459610,9.355976,9.355976,9.476868,9.321407,9.304119,9.286831,9.269539,9.165710,9.113758,9.148392,9.096436,9.096436,8.975086,8.992432,9.061775,9.079109,8.992432,9.061775,8.905678,9.009773,8.975086,9.009773,8.940388,8.940388,8.957737,8.957737,8.905678,8.957737,8.853588,8.905678,8.940388,8.836220,8.923035,8.870953,8.801476,8.905678,8.853588,8.818848,8.818848,8.905678,8.870953,8.870953,8.836220,8.870953,8.957737,8.975086,8.992432,8.992432,9.044441,9.148392,9.148392,9.113758,9.027115,9.044441,9.044441,9.165710,9.148392,9.113758,9.096436,9.131081,9.113758,9.148392,9.183022,9.200333,9.131081,9.148392,9.131081,9.131081,9.131081,9.096436,9.079109,9.009773,9.044441,9.061775,9.131081,9.079109,8.992432,8.992432,9.044441,8.992432,8.957737,8.992432,9.027115,8.992432,8.957737,8.957737,8.957737,8.940388,9.009773,9.061775,8.957737,8.923035,8.923035,8.923035,8.923035,8.888317,8.940388,8.957737,8.940388,8.923035,8.905678,8.836220,8.801476,8.801476,8.836220,8.766716,8.853588,8.836220,8.766716,8.731949,8.679768,8.627563,8.679768,8.540497,8.662369,8.627563,8.592743,8.679768,8.627563,8.644970,8.592743,8.557915,8.540497,8.575333,8.523075,8.540497,8.540497,8.575333,8.610161,8.644970,8.575333,8.662369,8.714558,8.627563,8.662369,8.731949,8.644970,8.714558,8.714558,8.714558,8.784096,8.749332,8.836220,8.784096,8.853588,8.923035,8.905678,8.818848,8.992432,8.853588,8.870953,8.923035,8.836220,8.888317,8.957737,8.923035,9.009773,8.905678,8.923035,8.923035,8.975086,8.923035,8.975086,9.009773,9.027115,8.975086,9.061775,9.096436,8.992432,8.975086,9.096436,9.061775,9.096436,9.148392,9.044441,9.217640,9.183022,9.390537,9.563126,9.718216,9.873051,9.735428,9.787056,9.787056,9.735428,9.597610,9.666546,9.735428,9.838661,10.061974,10.010487,9.890244,9.855862,9.666546,9.700993,9.787056,9.683773,9.993317,10.182007,10.216270,10.541225,10.199139,9.907425,9.580376,9.614849,9.649315,9.752644,10.164867,10.199139,10.199139,10.096279,10.044807,9.907425,9.941792,9.976139,9.941792,10.061974,10.267654,10.626560,10.626560,10.387436,10.147728,9.838661,9.614849,9.563126,9.545887,9.735428,10.130581,10.336117,10.233398,10.044807,10.010487,9.907425,9.958965,
3.928246,3.910049,3.891846,3.800804,3.764370,4.019184,4.037365,4.128212,4.073711,4.019184,4.164528,4.110050,4.091881,4.037365,4.545155,4.490860,4.146374,4.037365,4.019184,4.689812,5.212570,4.345943,4.073711,4.037365,3.964630,4.255280,4.182686,4.689812,6.214916,5.893753,4.762062,4.418427,4.508957,4.599422,4.382195,4.255280,4.110050,4.110050,4.110050,4.164528,4.273415,4.327812,4.237133,4.436539,4.617508,5.014572,5.104614,5.302444,5.822250,6.552864,7.031254,6.925133,6.730297,6.517342,6.321754,6.357342,6.321754,6.623875,7.101940,8.261383,8.278851,7.525059,6.552864,5.732807,5.248528,4.924461,4.743999,4.508957,4.545155,4.382195,4.309685,4.255280,4.309685,4.309685,4.327812,4.345943,4.382195,4.599422,4.617508,4.635590,4.780113,4.762062,4.635590,4.581333,4.671738,4.436539,4.382195,4.545155,4.707874,4.490860,4.418427,4.816223,5.050598,5.122616,5.212570,4.906425,4.978535,5.104614,5.104614,5.068611,4.942490,4.960514,5.032589,5.014572,5.014572,4.996559,5.014572,4.671738,4.599422,4.762062,5.050598,5.392242,5.553699,5.464031,5.338371,5.517838,5.625381,5.732807,6.107971,6.375134,6.748028,7.612995,8.505650,9.148392,9.079109,8.975086,8.992432,9.096436,9.718216,10.797012,11.221825,11.238777,11.221825,11.170944,10.950157,10.626560,10.267654,10.079128,9.907425,10.216270,10.182007,9.821461,9.269539,8.940388,8.801476,8.610161,8.540497,8.523075,8.505650,8.488220,8.383591,8.453358,8.366138,8.331230,8.418476,8.401035,8.575333,8.505650,8.470791,8.296310,8.366138,8.540497,8.523075,8.523075,8.505650,8.610161,8.505650,8.957737,9.338692,9.061775,8.731949,8.557915,8.470791,8.575333,8.644970,8.749332,8.766716,8.679768,8.731949,8.749332,8.714558,8.801476,9.027115,8.905678,8.731949,8.610161,8.592743,8.557915,8.644970,8.575333,8.714558,8.697163,8.714558,8.784096,8.957737,8.975086,8.975086,8.766716,8.749332,8.610161,8.627563,8.714558,8.749332,8.731949,8.836220,8.784096,8.784096,8.784096,8.818848,8.888317,9.113758,9.666546,9.494129,9.217640,9.217640,9.200333,8.940388,8.801476,8.766716,8.731949,8.679768,8.784096,9.044441,9.148392,9.044441,8.957737,8.940388,8.888317,8.923035,8.853588,8.818848,8.801476,8.870953,8.853588,8.888317,8.940388,8.801476,8.784096,8.923035,8.940388,8.923035,9.009773,9.044441,9.061775,9.113758,9.148392,9.217640,9.165710,9.200333,9.148392,9.735428,9.958965,9.907425,9.200333,8.870953,8.923035,9.027115,9.079109,9.217640,9.407806,9.373260,9.338692,9.373260,9.390537,9.390537,9.407806,9.494129,9.580376,9.563126,9.528633,9.459610,9.545887,9.580376,9.718216,9.735428,9.614849,9.338692,9.113758,9.183022,9.425079,9.252239,8.818848,8.575333,8.610161,8.575333,8.435913,8.488220,8.662369,9.096436,9.269539,8.905678,8.435913,8.401035,8.575333,8.731949,8.766716,8.853588,8.888317,8.888317,8.870953,8.888317,9.200333,9.252239,9.131081,9.061775,8.957737,8.975086,9.027115,9.096436,9.234943,9.338692,9.200333,9.252239,9.373260,9.442345,9.321407,9.752644,9.993317,9.563126,9.442345,9.476868,9.649315,9.700993,9.821461,9.804260,9.993317,10.061974,10.113426,10.061974,10.061974,10.164867,10.113426,10.010487,9.958965,9.855862,9.804260,10.027649,10.575371,10.967159,11.052120,10.745911,10.164867,9.855862,9.941792,10.027649,10.079128,10.182007,10.267654,10.199139,10.319000,10.250530,10.353233,10.370338,10.472908,10.489990,10.489990,10.421631,10.524147,10.541225,10.643623,10.643623,10.762939,10.745911,10.660679,10.660679,10.626560,10.507072,10.438725,10.182007,10.044807,9.873051,9.873051,9.855862,9.718216,9.873051,10.027649,9.924606,9.924606,9.924606,9.907425,9.890244,9.769852,9.804260,9.752644,9.838661,9.890244,9.958965,9.941792,9.804260,9.890244,9.769852,9.666546,9.683773,9.614849,9.683773,9.700993,9.597610,9.511379,9.597610,9.528633,9.511379,9.580376,9.425079,9.407806,9.373260,9.373260,9.338692,9.321407,9.269539,9.217640,9.234943,9.269539,9.304119,9.148392,9.200333,9.165710,9.096436,9.096436,8.992432,9.027115,8.992432,9.027115,8.957737,8.870953,8.870953,8.853588,8.818848,8.870953,8.818848,8.818848,8.836220,8.801476,8.801476,8.784096,8.679768,8.801476,8.731949,8.627563,8.784096,8.610161,8.610161,8.627563,8.610161,8.592743,8.505650,8.523075,8.592743,8.610161,8.627563,8.592743,8.592743,8.592743,8.557915,8.575333,8.610161,8.662369,8.644970,8.766716,8.488220,8.575333,8.610161,8.592743,8.644970,8.557915,8.610161,8.627563,8.662369,8.697163,8.784096,8.731949,8.749332,8.731949,8.697163,8.749332,8.679768,8.801476,8.766716,8.714558,8.697163,8.679768,8.714558,8.801476,8.784096,8.731949,8.714558,8.749332,8.870953,8.870953,8.731949,8.801476,8.818848,8.714558,8.784096,8.766716,8.766716,8.801476,8.784096,8.731949,8.853588,8.801476,8.784096,8.801476,8.801476,8.784096,8.870953,8.818848,8.818848,8.749332,8.714558,8.697163,8.731949,8.749332,8.714558,8.644970,8.627563,8.644970,8.627563,8.592743,8.557915,8.627563,8.523075,8.627563,8.470791,8.505650,8.470791,8.523075,8.575333,8.505650,8.488220,8.453358,8.401035,8.470791,8.401035,8.418476,8.366138,8.401035,8.348686,8.313774,8.313774,8.331230,8.383591,8.366138,8.243912,8.366138,8.313774,8.331230,8.296310,8.366138,8.418476,8.366138,8.435913,8.313774,8.331230,8.278851,8.331230,8.470791,8.331230,8.383591,8.366138,8.383591,8.488220,8.435913,8.557915,8.540497,8.453358,8.575333,8.401035,8.540497,8.418476,8.540497,8.505650,8.575333,8.557915,8.679768,8.470791,8.644970,8.662369,8.575333,8.644970,8.766716,8.644970,8.801476,8.714558,8.731949,8.801476,8.853588,8.888317,8.853588,8.870953,8.853588,8.870953,8.992432,8.975086,9.044441,9.200333,9.183022,9.165710,8.975086,9.061775,9.183022,9.079109,9.061775,9.165710,9.286831,9.304119,9.459610,9.752644,9.528633,9.355976,9.286831,9.234943,9.390537,9.459610,9.666546,9.683773,9.735428,9.683773,9.545887,9.597610,9.666546,9.528633,9.683773,9.787056,10.130581,10.319000,10.404537,10.233398,10.164867,9.873051,9.700993,9.597610,9.649315,9.924606,10.096279,10.096279,9.821461,9.804260,9.718216,9.752644,9.632080,
3.928246,3.891846,3.964630,3.782589,3.764370,3.910049,4.037365,4.037365,4.128212,4.055538,4.146374,4.001003,4.001003,4.019184,4.617508,4.490860,4.200836,4.037365,4.037365,4.635590,5.194580,4.073711,4.019184,3.910049,3.982819,4.182686,4.182686,5.517838,7.243172,6.214916,4.743999,4.707874,4.581333,4.527058,4.364071,4.037365,4.037365,4.019184,4.073711,4.037365,4.146374,4.237133,4.237133,4.345943,4.454651,4.707874,4.924461,5.086613,5.356339,6.143627,6.748028,6.925133,6.872036,6.606125,6.464035,6.410706,6.481804,6.446259,6.942829,7.893879,8.383591,7.928940,7.048931,6.036610,5.553699,4.996559,4.725941,4.635590,4.545155,4.436539,4.273415,4.218987,4.218987,4.400314,4.309685,4.237133,4.237133,4.545155,4.490860,4.671738,4.798172,4.707874,4.689812,4.545155,4.490860,4.327812,4.327812,4.508957,4.599422,4.345943,4.436539,4.743999,4.942490,5.356339,5.392242,5.014572,4.906425,4.996559,5.122616,5.068611,4.960514,4.978535,5.194580,5.122616,5.122616,5.032589,4.888393,4.671738,4.472755,4.653660,4.870358,5.786484,5.607468,5.356339,5.302444,5.356339,5.517838,5.643291,5.911625,6.286148,6.552864,7.101940,8.174004,9.113758,9.113758,9.061775,9.061775,9.027115,9.407806,10.267654,10.848083,11.069107,11.086086,10.967159,10.797012,10.626560,10.353233,10.027649,9.855862,9.907425,9.700993,9.476868,9.252239,9.200333,9.148392,8.975086,8.801476,8.749332,8.592743,8.662369,8.592743,8.592743,8.401035,8.435913,8.575333,8.888317,8.818848,8.488220,8.243912,8.243912,8.208961,8.226437,8.139027,8.331230,8.313774,8.348686,8.348686,9.131081,9.234943,8.923035,8.470791,8.418476,8.418476,8.488220,8.505650,8.540497,8.662369,8.644970,8.731949,8.592743,8.557915,8.610161,8.610161,8.610161,8.610161,8.644970,8.853588,8.801476,8.610161,8.662369,8.697163,8.749332,8.714558,8.714558,8.905678,9.183022,9.321407,9.131081,8.801476,8.679768,8.644970,8.697163,8.749332,8.818848,8.784096,8.749332,8.836220,8.766716,8.731949,8.888317,9.061775,9.442345,9.355976,9.061775,8.923035,8.818848,8.540497,8.488220,8.592743,8.575333,8.540497,8.488220,8.627563,8.853588,8.905678,8.923035,8.784096,8.766716,8.784096,8.697163,8.731949,8.731949,8.801476,8.818848,8.836220,8.853588,8.801476,8.888317,9.217640,9.597610,9.528633,9.217640,9.131081,9.183022,9.269539,9.286831,9.269539,9.165710,9.234943,9.252239,9.666546,9.907425,9.907425,9.183022,8.957737,9.009773,9.027115,9.183022,9.286831,9.304119,9.476868,9.511379,9.373260,9.355976,9.252239,9.269539,9.373260,9.476868,9.390537,9.373260,9.321407,9.286831,9.442345,9.425079,9.338692,9.234943,9.165710,9.234943,9.165710,9.632080,9.787056,9.061775,8.575333,8.505650,8.383591,8.243912,8.296310,8.505650,8.557915,8.662369,8.662369,8.505650,8.523075,8.644970,8.870953,8.714558,8.870953,8.905678,8.975086,8.870953,8.888317,9.009773,9.079109,9.061775,8.853588,8.992432,8.975086,9.044441,9.234943,9.217640,9.217640,9.113758,9.217640,9.234943,9.304119,9.252239,9.873051,10.061974,9.459610,9.009773,8.992432,9.079109,9.148392,9.217640,9.304119,9.286831,9.407806,9.390537,9.666546,9.787056,10.336117,10.421631,10.182007,9.907425,9.821461,9.924606,10.079128,10.096279,10.267654,10.370338,10.284771,10.250530,10.199139,10.301891,10.336117,10.353233,10.284771,10.507072,10.421631,10.472908,10.489990,10.319000,10.387436,10.404537,10.455822,10.284771,10.199139,10.096279,10.182007,10.182007,10.182007,10.130581,10.164867,10.027649,9.976139,10.027649,10.199139,10.113426,10.079128,9.941792,9.718216,9.718216,9.614849,9.700993,9.804260,9.907425,9.804260,9.838661,9.769852,9.769852,9.735428,9.683773,9.649315,9.632080,9.597610,9.511379,9.528633,9.494129,9.545887,9.459610,9.528633,9.511379,9.338692,9.200333,9.321407,9.338692,9.304119,9.304119,9.165710,9.321407,9.269539,9.269539,9.234943,9.286831,9.165710,9.234943,9.234943,9.217640,9.131081,9.096436,9.113758,9.148392,9.165710,9.113758,9.113758,9.044441,9.027115,9.044441,8.957737,8.957737,8.888317,8.888317,8.853588,8.836220,8.870953,8.905678,8.853588,8.801476,8.714558,8.801476,8.766716,8.749332,8.679768,8.679768,8.766716,8.679768,8.575333,8.557915,8.592743,8.540497,8.557915,8.523075,8.523075,8.505650,8.557915,8.557915,8.505650,8.435913,8.470791,8.453358,8.418476,8.383591,8.383591,8.470791,8.348686,8.348686,8.348686,8.348686,8.383591,8.348686,8.348686,8.401035,8.366138,8.331230,8.366138,8.313774,8.366138,8.296310,8.313774,8.243912,8.278851,8.366138,8.243912,8.261383,8.348686,8.296310,8.226437,8.296310,8.313774,8.331230,8.243912,8.348686,8.261383,8.243912,8.313774,8.243912,8.470791,8.313774,8.366138,8.401035,8.348686,8.383591,8.348686,8.453358,8.401035,8.401035,8.383591,8.453358,8.435913,8.470791,8.470791,8.540497,8.575333,8.557915,8.557915,8.592743,8.610161,8.557915,8.575333,8.488220,8.488220,8.488220,8.505650,8.453358,8.453358,8.505650,8.505650,8.435913,8.453358,8.435913,8.331230,8.418476,8.401035,8.418476,8.366138,8.383591,8.383591,8.453358,8.278851,8.366138,8.243912,8.331230,8.348686,8.296310,8.243912,8.226437,8.331230,8.191483,8.156513,8.156513,8.156513,8.156513,8.191483,8.034035,8.191483,8.104042,8.069046,8.139027,8.139027,8.069046,8.139027,8.139027,8.104042,8.034035,8.121536,8.016525,7.911411,8.121536,8.034035,8.069046,8.016525,7.999016,7.999016,8.104042,8.016525,7.928940,8.034035,8.016525,8.034035,8.034035,8.104042,8.156513,8.069046,8.051544,8.051544,8.104042,8.121536,8.208961,8.156513,8.191483,8.226437,8.331230,8.418476,8.278851,8.313774,8.366138,8.313774,8.401035,8.401035,8.418476,8.592743,8.488220,8.488220,8.557915,8.488220,8.592743,8.540497,8.644970,8.540497,8.575333,8.575333,8.644970,8.557915,8.662369,8.679768,8.731949,8.784096,8.905678,8.836220,8.818848,8.836220,8.818848,8.940388,9.027115,9.027115,8.923035,8.940388,9.113758,9.096436,9.113758,9.183022,9.148392,9.425079,9.873051,10.027649,10.301891,10.250530,10.096279,10.061974,9.976139,9.700993,9.787056,10.027649,9.958965,9.769852,9.649315,9.683773,9.718216,9.666546,9.700993,
3.819023,3.910049,3.982819,3.910049,3.819023,4.019184,3.982819,4.128212,4.055538,4.037365,4.128212,4.019184,3.928246,4.128212,4.418427,4.200836,3.982819,3.910049,3.946442,4.164528,4.472755,3.910049,3.873646,4.019184,4.001003,4.218987,4.182686,5.140610,6.464035,5.176598,4.617508,5.158604,4.780113,4.454651,4.345943,4.182686,4.128212,4.146374,4.164528,4.164528,4.146374,4.128212,4.182686,4.146374,4.273415,4.418427,4.653660,4.906425,5.140610,5.714912,6.232731,6.960518,6.960518,6.783474,6.641617,6.570625,6.570625,6.641617,6.818905,7.542656,8.261383,8.261383,7.472267,6.552864,5.858009,5.302444,4.870358,4.671738,4.581333,4.527058,4.364071,4.345943,4.364071,4.382195,4.382195,4.273415,4.309685,4.400314,4.545155,4.743999,4.743999,4.762062,4.798172,4.635590,4.581333,4.364071,4.291550,4.436539,4.436539,4.255280,4.418427,4.780113,5.104614,5.571625,5.535770,4.906425,4.725941,4.852314,5.032589,4.942490,4.960514,5.050598,5.481972,5.320412,5.176598,5.086613,4.924461,4.671738,4.653660,4.581333,4.924461,5.284477,5.284477,5.284477,5.446091,5.428139,5.697014,5.875885,6.090134,6.517342,6.694839,7.031254,7.841270,8.836220,9.148392,9.217640,9.009773,9.044441,9.200333,9.752644,10.762939,11.272675,11.238777,11.238777,11.170944,10.950157,10.541225,10.319000,10.027649,9.804260,9.769852,9.563126,9.528633,9.269539,9.183022,9.044441,8.992432,8.749332,8.731949,8.731949,8.662369,8.627563,8.505650,8.557915,8.888317,9.390537,9.355976,8.679768,8.575333,8.470791,8.453358,8.331230,8.470791,8.470791,8.383591,8.488220,8.505650,8.905678,8.905678,8.697163,8.523075,8.401035,8.418476,8.488220,8.453358,8.470791,8.627563,8.575333,8.523075,8.540497,8.557915,8.488220,8.575333,8.679768,8.679768,8.592743,8.801476,8.731949,8.662369,8.679768,8.679768,8.697163,8.644970,8.714558,8.784096,9.407806,9.407806,9.286831,8.749332,8.592743,8.627563,8.749332,8.662369,8.662369,8.662369,8.662369,8.697163,8.784096,8.714558,8.697163,8.836220,9.009773,8.992432,8.905678,8.957737,8.975086,8.610161,8.644970,8.644970,8.592743,8.627563,8.575333,8.540497,8.749332,8.940388,8.905678,8.766716,8.697163,8.679768,8.610161,8.662369,8.644970,8.610161,8.679768,8.714558,8.575333,8.627563,8.644970,9.027115,9.580376,9.632080,9.113758,9.148392,9.044441,8.992432,8.992432,9.009773,9.009773,9.044441,9.148392,9.200333,9.425079,9.425079,9.252239,9.200333,9.234943,9.286831,9.407806,9.528633,9.528633,9.614849,9.614849,9.632080,9.563126,9.545887,9.528633,9.528633,9.718216,9.666546,9.442345,9.407806,9.425079,9.442345,9.459610,9.476868,9.338692,9.165710,9.131081,9.148392,9.580376,9.907425,9.096436,8.418476,8.278851,8.261383,8.174004,8.156513,8.261383,8.366138,8.348686,8.313774,8.401035,8.331230,8.261383,8.470791,8.453358,8.435913,8.453358,8.470791,8.557915,8.523075,8.644970,8.714558,8.749332,8.818848,8.836220,8.923035,9.148392,9.614849,9.838661,9.494129,9.459610,9.545887,9.563126,9.649315,9.597610,10.044807,10.061974,9.563126,9.183022,9.200333,9.096436,9.200333,9.183022,9.183022,9.113758,9.096436,9.113758,9.131081,9.304119,10.250530,10.507072,10.044807,9.528633,9.511379,9.511379,9.459610,9.683773,9.700993,9.787056,9.752644,9.838661,9.993317,10.044807,10.079128,10.061974,10.079128,10.182007,10.319000,10.319000,10.319000,10.336117,10.489990,10.779976,10.728870,10.250530,10.199139,10.113426,10.027649,10.113426,10.147728,9.993317,9.873051,9.907425,9.907425,9.838661,9.924606,10.079128,9.976139,9.873051,9.597610,9.632080,9.528633,9.511379,9.804260,9.821461,9.855862,9.769852,9.683773,9.683773,9.718216,9.683773,9.563126,9.545887,9.528633,9.494129,9.373260,9.407806,9.338692,9.355976,9.407806,9.373260,9.338692,9.200333,9.234943,9.148392,9.148392,9.148392,9.113758,9.061775,9.027115,9.027115,8.957737,9.027115,8.975086,8.992432,8.992432,8.975086,8.853588,8.888317,8.836220,8.801476,8.853588,8.801476,8.801476,8.766716,8.749332,8.644970,8.697163,8.679768,8.766716,8.749332,8.592743,8.644970,8.610161,8.644970,8.679768,8.644970,8.627563,8.540497,8.575333,8.592743,8.575333,8.575333,8.505650,8.627563,8.575333,8.523075,8.540497,8.540497,8.523075,8.470791,8.470791,8.470791,8.453358,8.453358,8.470791,8.435913,8.488220,8.331230,8.453358,8.401035,8.401035,8.418476,8.366138,8.453358,8.331230,8.366138,8.313774,8.383591,8.278851,8.278851,8.226437,8.261383,8.261383,8.191483,8.278851,8.208961,8.139027,8.174004,8.104042,8.174004,8.104042,8.139027,8.261383,8.139027,8.086544,8.104042,8.051544,8.051544,8.069046,8.034035,8.086544,8.034035,8.069046,7.999016,8.034035,8.086544,8.016525,8.016525,7.981499,8.086544,8.034035,8.051544,8.016525,8.051544,8.069046,8.016525,7.963982,8.034035,8.051544,8.069046,8.139027,8.086544,8.121536,8.086544,8.086544,8.086544,8.104042,8.139027,8.261383,8.156513,8.069046,8.121536,8.156513,8.261383,8.139027,8.191483,8.121536,8.208961,8.156513,8.174004,8.174004,8.226437,8.226437,8.156513,8.243912,8.104042,8.296310,8.174004,8.191483,8.104042,8.139027,8.191483,8.121536,8.069046,8.086544,8.104042,8.104042,8.104042,8.174004,8.069046,8.121536,8.069046,8.069046,8.086544,7.928940,7.946465,7.928940,8.016525,8.034035,7.963982,7.946465,7.999016,8.016525,7.928940,8.034035,7.963982,8.016525,7.893879,7.946465,7.893879,7.946465,7.928940,7.946465,7.876347,7.876347,7.858810,7.858810,7.911411,7.788635,7.893879,7.771088,7.788635,7.753536,7.753536,7.841270,7.858810,7.858810,7.788635,7.858810,7.893879,7.823730,7.841270,7.841270,7.893879,7.928940,7.981499,7.946465,8.051544,7.963982,8.016525,8.016525,8.051544,8.051544,8.069046,8.121536,8.174004,8.156513,8.191483,8.348686,8.383591,8.331230,8.313774,8.401035,8.540497,8.435913,8.383591,8.488220,8.540497,8.488220,8.540497,8.592743,8.731949,8.610161,8.679768,8.662369,8.766716,8.784096,8.818848,8.836220,8.992432,9.234943,9.407806,10.182007,10.950157,11.492725,11.374298,11.086086,10.592438,9.958965,9.941792,9.993317,9.873051,9.873051,9.976139,9.976139,10.164867,10.164867,10.182007,
3.873646,3.891846,4.001003,3.855442,3.746143,3.873646,4.019184,4.110050,4.037365,4.055538,4.146374,4.073711,4.037365,4.200836,4.146374,4.037365,4.055538,4.019184,3.891846,4.146374,3.928246,3.819023,3.691456,4.001003,4.037365,4.110050,4.182686,4.418427,4.834267,4.436539,4.689812,5.050598,4.291550,4.091881,4.128212,4.164528,4.110050,4.237133,4.218987,4.218987,4.200836,4.128212,4.218987,4.345943,4.364071,4.364071,4.527058,4.798172,4.996559,5.446091,5.965206,6.694839,6.960518,6.783474,6.659363,6.588379,6.588379,6.606125,6.889732,7.066605,8.051544,8.296310,7.858810,7.013577,6.197094,5.571625,5.068611,4.743999,4.599422,4.454651,4.309685,4.218987,4.327812,4.345943,4.309685,4.418427,4.255280,4.345943,4.617508,4.671738,4.870358,4.942490,4.870358,4.617508,4.490860,4.382195,4.255280,4.364071,4.454651,4.345943,4.364071,4.780113,4.996559,5.356339,5.176598,4.725941,4.671738,4.816223,4.978535,4.978535,4.996559,5.176598,5.661201,5.446091,5.176598,5.050598,4.996559,4.762062,4.635590,4.563248,4.743999,5.032589,5.068611,5.176598,5.481972,5.571625,5.697014,5.929482,6.250534,6.428486,6.641617,6.995895,7.648148,8.470791,9.165710,9.148392,8.957737,8.975086,9.079109,9.700993,10.779976,11.323498,11.408150,11.425068,11.374298,11.120033,10.728870,10.626560,10.421631,10.250530,10.044807,9.941792,10.010487,9.700993,9.442345,9.079109,8.923035,8.853588,8.888317,8.888317,8.992432,8.836220,8.905678,8.957737,9.390537,9.563126,9.425079,8.923035,8.697163,8.662369,8.714558,8.662369,8.697163,8.679768,8.714558,8.679768,8.714558,8.714558,8.575333,8.488220,8.488220,8.453358,8.523075,8.627563,8.610161,8.592743,8.488220,8.592743,8.523075,8.592743,8.540497,8.540497,8.818848,9.079109,8.975086,8.575333,8.488220,8.540497,8.470791,8.540497,8.488220,8.644970,8.662369,8.488220,8.731949,9.113758,9.252239,8.992432,8.575333,8.435913,8.505650,8.383591,8.470791,8.313774,8.296310,8.348686,8.366138,8.662369,8.749332,8.749332,8.557915,8.610161,8.784096,8.870953,8.749332,8.679768,8.592743,8.488220,8.505650,8.540497,8.505650,8.505650,8.557915,8.940388,9.355976,9.321407,8.888317,8.731949,8.749332,8.697163,8.662369,8.714558,8.818848,8.818848,8.836220,8.836220,8.853588,8.836220,9.113758,9.614849,9.476868,9.252239,9.234943,9.096436,8.975086,8.957737,8.975086,8.992432,8.940388,8.923035,9.044441,9.096436,9.079109,9.165710,9.252239,9.234943,9.390537,9.304119,9.044441,9.183022,9.286831,9.632080,9.425079,9.442345,9.390537,9.511379,9.735428,10.079128,10.061974,9.632080,9.614849,9.666546,9.769852,9.718216,9.683773,9.580376,9.511379,9.459610,9.390537,9.752644,9.804260,9.304119,8.940388,8.801476,8.627563,8.470791,8.488220,8.644970,8.627563,8.610161,8.557915,8.470791,8.278851,8.331230,8.313774,8.575333,8.435913,8.453358,8.453358,8.557915,8.592743,8.627563,8.627563,8.575333,8.575333,8.523075,8.505650,8.540497,9.545887,9.804260,9.459610,9.096436,9.269539,9.269539,9.355976,9.355976,9.632080,9.700993,9.614849,9.632080,9.580376,9.632080,9.666546,9.597610,9.563126,9.442345,9.563126,9.545887,9.494129,9.563126,10.130581,10.404537,9.958965,9.390537,9.442345,9.597610,9.649315,9.683773,9.890244,9.718216,9.666546,9.718216,9.718216,9.821461,9.769852,9.838661,9.855862,9.838661,9.958965,9.976139,9.873051,9.958965,10.182007,10.575371,10.950157,10.044807,9.907425,9.855862,9.924606,9.924606,9.907425,9.804260,9.718216,9.683773,9.597610,9.649315,9.838661,9.890244,9.924606,9.769852,9.563126,9.459610,9.545887,9.459610,9.649315,9.683773,9.718216,9.718216,9.787056,9.700993,9.597610,9.563126,9.563126,9.528633,9.476868,9.476868,9.425079,9.373260,9.338692,9.269539,9.338692,9.269539,9.234943,9.217640,9.148392,9.165710,9.131081,9.113758,9.009773,9.079109,9.044441,8.940388,8.905678,8.853588,8.836220,8.888317,8.818848,8.818848,8.731949,8.766716,8.731949,8.766716,8.662369,8.662369,8.557915,8.540497,8.575333,8.540497,8.575333,8.488220,8.523075,8.505650,8.470791,8.453358,8.435913,8.401035,8.435913,8.348686,8.418476,8.401035,8.435913,8.383591,8.435913,8.401035,8.366138,8.435913,8.348686,8.313774,8.401035,8.313774,8.401035,8.313774,8.278851,8.383591,8.383591,8.331230,8.401035,8.296310,8.278851,8.243912,8.261383,8.278851,8.208961,8.296310,8.278851,8.261383,8.208961,8.278851,8.208961,8.331230,8.261383,8.243912,8.208961,8.278851,8.191483,8.226437,8.174004,8.121536,8.121536,8.121536,8.139027,8.156513,8.139027,8.139027,8.051544,8.104042,8.104042,8.104042,8.051544,8.034035,8.016525,7.999016,7.928940,8.016525,8.069046,7.911411,7.893879,7.911411,7.981499,7.911411,7.928940,7.963982,7.876347,7.876347,7.841270,7.876347,7.823730,7.823730,7.823730,7.876347,7.823730,7.841270,7.893879,7.841270,7.771088,7.806187,7.771088,7.788635,7.823730,7.771088,7.788635,7.735977,7.700855,7.718422,7.788635,7.683289,7.718422,7.806187,7.753536,7.823730,7.771088,7.771088,7.806187,7.735977,7.893879,7.788635,7.928940,7.806187,7.735977,7.911411,7.771088,7.806187,7.806187,7.806187,7.806187,7.841270,7.788635,7.876347,7.893879,7.928940,7.876347,7.806187,7.876347,7.911411,7.876347,7.876347,7.893879,7.841270,7.893879,7.823730,7.893879,7.911411,7.893879,7.876347,7.841270,7.823730,7.753536,7.788635,7.753536,7.806187,7.823730,7.858810,7.823730,7.771088,7.858810,7.788635,7.823730,7.823730,7.735977,7.858810,7.753536,7.700855,7.753536,7.753536,7.700855,7.718422,7.683289,7.683289,7.577831,7.735977,7.665718,7.700855,7.788635,7.560242,7.665718,7.683289,7.648148,7.665718,7.753536,7.683289,7.612995,7.683289,7.665718,7.648148,7.718422,7.841270,7.718422,7.753536,7.876347,7.718422,7.806187,7.911411,7.841270,7.911411,8.016525,7.893879,7.963982,7.981499,8.034035,8.051544,8.174004,8.156513,8.226437,8.191483,8.348686,8.366138,8.488220,8.488220,8.592743,8.610161,8.784096,8.853588,9.061775,9.545887,10.421631,11.509636,11.880806,11.712273,11.187904,10.694775,10.113426,9.890244,9.993317,10.079128,10.147728,10.319000,10.387436,10.455822,10.507072,10.677727,
3.837234,3.964630,3.982819,3.964630,3.855442,3.873646,3.928246,4.055538,4.091881,4.128212,4.091881,4.146374,4.091881,4.055538,4.091881,3.964630,3.928246,4.019184,4.001003,4.309685,4.110050,4.055538,4.037365,4.128212,4.073711,4.073711,4.019184,4.200836,4.164528,4.273415,4.273415,4.091881,4.291550,4.055538,4.128212,4.164528,4.200836,4.164528,4.218987,4.164528,4.073711,4.182686,4.237133,4.418427,4.400314,4.273415,4.472755,4.762062,4.996559,5.302444,5.607468,6.410706,6.978207,6.801193,6.623875,6.570625,6.464035,6.535103,6.694839,6.765751,7.331345,8.156513,8.139027,7.507469,6.606125,5.768597,5.284477,4.906425,4.653660,4.454651,4.364071,4.309685,4.400314,4.327812,4.364071,4.382195,4.291550,4.418427,4.617508,4.816223,5.068611,5.068611,4.852314,4.635590,4.400314,4.400314,4.309685,4.436539,4.527058,4.418427,4.382195,4.707874,4.798172,4.906425,4.852314,4.671738,4.762062,4.870358,4.852314,4.960514,5.014572,5.104614,5.320412,5.212570,5.122616,4.996559,4.996559,4.798172,4.653660,4.508957,4.653660,4.906425,5.122616,5.284477,5.625381,5.697014,5.822250,6.036610,6.143627,6.161457,6.464035,6.872036,7.225533,7.981499,8.870953,9.165710,9.061775,8.975086,9.148392,9.459610,10.472908,11.137009,11.425068,11.272675,11.153976,10.984158,10.745911,10.507072,10.319000,10.147728,9.941792,10.010487,10.216270,10.182007,9.425079,8.940388,8.940388,8.923035,8.905678,8.905678,8.766716,8.940388,9.027115,9.148392,9.269539,9.304119,9.234943,9.044441,9.131081,9.148392,9.096436,9.165710,9.165710,9.183022,9.113758,9.044441,8.957737,8.870953,8.749332,8.592743,8.731949,8.679768,8.540497,8.592743,8.592743,8.505650,8.610161,8.523075,8.540497,8.557915,8.488220,8.540497,8.905678,9.269539,9.321407,8.679768,8.366138,8.278851,8.243912,8.366138,8.278851,8.331230,8.383591,8.488220,8.557915,8.749332,8.662369,8.557915,8.418476,8.401035,8.383591,8.418476,8.243912,8.296310,8.331230,8.383591,8.418476,8.592743,8.610161,8.714558,8.801476,8.853588,8.818848,8.784096,8.592743,8.505650,8.488220,8.348686,8.383591,8.453358,8.366138,8.366138,8.401035,8.784096,9.373260,9.425079,8.749332,8.610161,8.749332,8.818848,8.801476,8.714558,8.749332,8.836220,8.853588,8.784096,8.975086,9.027115,9.148392,9.269539,9.269539,9.390537,9.321407,9.217640,8.957737,8.957737,9.027115,9.027115,9.096436,9.079109,9.096436,9.079109,9.528633,9.735428,9.735428,9.494129,9.442345,9.286831,9.027115,8.975086,9.044441,9.183022,9.338692,9.373260,9.390537,9.183022,9.597610,9.958965,9.890244,9.511379,9.425079,9.442345,9.373260,9.494129,9.476868,9.338692,9.131081,8.992432,8.992432,9.148392,9.234943,9.252239,9.200333,9.183022,9.217640,8.923035,8.853588,9.044441,8.975086,9.027115,8.836220,8.627563,8.714558,8.627563,8.888317,9.494129,9.148392,8.940388,8.836220,8.923035,8.870953,8.870953,8.870953,8.662369,8.557915,8.488220,8.453358,8.435913,9.666546,9.735428,9.269539,8.923035,9.027115,9.113758,9.096436,9.027115,9.183022,9.355976,9.545887,9.494129,9.442345,9.476868,9.614849,9.632080,9.649315,9.563126,9.580376,9.649315,9.528633,9.528633,9.632080,9.787056,9.597610,9.528633,9.597610,9.718216,9.855862,10.387436,10.507072,10.216270,9.804260,9.700993,9.735428,9.855862,9.907425,9.941792,9.855862,9.907425,9.907425,9.873051,9.838661,9.838661,10.061974,10.455822,10.524147,10.027649,9.838661,9.873051,9.924606,9.855862,9.787056,9.700993,9.580376,9.580376,9.545887,9.528633,9.752644,9.787056,9.804260,9.614849,9.442345,9.494129,9.338692,9.355976,9.580376,9.614849,9.597610,9.580376,9.563126,9.545887,9.528633,9.494129,9.511379,9.511379,9.407806,9.338692,9.373260,9.407806,9.304119,9.252239,9.269539,9.252239,9.165710,9.131081,9.113758,9.061775,9.061775,8.992432,9.009773,9.027115,8.957737,8.940388,8.923035,8.870953,8.818848,8.888317,8.836220,8.784096,8.731949,8.714558,8.679768,8.592743,8.575333,8.627563,8.557915,8.540497,8.505650,8.505650,8.505650,8.401035,8.453358,8.453358,8.401035,8.383591,8.505650,8.366138,8.383591,8.418476,8.331230,8.243912,8.331230,8.261383,8.261383,8.069046,8.348686,8.191483,8.208961,8.104042,8.191483,8.139027,8.156513,8.086544,8.139027,8.121536,8.104042,8.156513,8.034035,8.069046,7.999016,8.104042,8.156513,8.051544,7.946465,8.016525,8.139027,8.156513,8.121536,8.034035,8.069046,8.086544,8.086544,8.086544,8.069046,8.069046,8.104042,8.069046,7.981499,8.016525,8.069046,8.069046,8.051544,7.981499,8.016525,7.963982,8.016525,7.963982,8.051544,7.946465,7.911411,7.963982,7.963982,7.946465,7.946465,7.893879,7.893879,7.893879,7.841270,7.893879,7.858810,7.841270,7.823730,7.806187,7.718422,7.771088,7.823730,7.841270,7.841270,7.771088,7.771088,7.771088,7.735977,7.735977,7.700855,7.718422,7.665718,7.718422,7.683289,7.735977,7.648148,7.648148,7.665718,7.577831,7.612995,7.542656,7.542656,7.542656,7.525059,7.577831,7.507469,7.525059,7.454662,7.437057,7.454662,7.437057,7.454662,7.472267,7.437057,7.419441,7.472267,7.366592,7.366592,7.454662,7.384212,7.401833,7.437057,7.437057,7.348972,7.437057,7.419441,7.348972,7.348972,7.437057,7.419441,7.542656,7.437057,7.454662,7.454662,7.577831,7.577831,7.577831,7.595413,7.630577,7.595413,7.577831,7.577831,7.507469,7.577831,7.577831,7.595413,7.595413,7.612995,7.648148,7.648148,7.612995,7.648148,7.648148,7.595413,7.560242,7.577831,7.648148,7.560242,7.648148,7.665718,7.577831,7.665718,7.525059,7.542656,7.630577,7.577831,7.525059,7.612995,7.595413,7.630577,7.612995,7.648148,7.612995,7.595413,7.525059,7.630577,7.577831,7.700855,7.630577,7.648148,7.665718,7.612995,7.612995,7.560242,7.683289,7.595413,7.577831,7.630577,7.700855,7.489868,7.700855,7.560242,7.700855,7.700855,7.700855,7.788635,7.735977,7.806187,7.823730,7.823730,7.963982,7.876347,8.069046,8.191483,8.348686,8.435913,8.557915,8.714558,8.731949,9.200333,9.769852,10.916145,11.813431,11.830276,11.408150,11.052120,10.455822,10.113426,10.130581,10.267654,10.421631,10.558300,10.626560,10.797012,10.916145,11.035133,11.001148,
3.800804,3.891846,4.055538,4.073711,3.855442,3.855442,3.928246,4.019184,4.164528,4.091881,4.073711,4.128212,4.037365,4.037365,4.055538,4.055538,3.982819,3.946442,4.091881,4.364071,4.164528,4.128212,4.309685,4.255280,4.055538,3.982819,4.001003,4.037365,4.128212,4.200836,4.001003,4.091881,4.110050,4.182686,4.218987,4.309685,4.182686,4.218987,4.200836,4.218987,4.218987,4.200836,4.255280,4.364071,4.436539,4.327812,4.490860,4.707874,4.906425,5.158604,5.464031,6.018761,6.659363,6.889732,6.712570,6.552864,6.570625,6.481804,6.481804,6.481804,6.978207,8.034035,8.191483,7.876347,6.889732,6.090134,5.481972,5.140610,4.707874,4.545155,4.345943,4.382195,4.309685,4.291550,4.345943,4.418427,4.382195,4.545155,4.725941,4.924461,5.086613,5.050598,4.707874,4.635590,4.545155,4.364071,4.273415,4.472755,4.436539,4.436539,4.382195,4.581333,4.780113,4.798172,4.671738,4.617508,4.780113,4.852314,4.852314,5.050598,5.068611,5.014572,5.050598,5.158604,5.176598,5.086613,5.194580,5.176598,4.762062,4.490860,4.581333,4.816223,5.104614,5.356339,5.732807,5.840134,6.018761,6.018761,5.911625,6.018761,6.232731,6.535103,6.854328,7.595413,8.679768,9.131081,9.165710,9.131081,9.079109,9.252239,10.113426,10.916145,11.170944,11.187904,10.967159,10.916145,10.711826,10.507072,10.387436,10.061974,9.976139,9.924606,10.096279,10.027649,9.459610,8.749332,8.662369,8.644970,8.697163,8.679768,8.697163,8.870953,8.923035,9.027115,8.905678,8.784096,8.888317,8.975086,9.165710,9.061775,9.165710,9.165710,9.200333,9.183022,9.183022,9.183022,9.131081,9.200333,8.749332,8.749332,8.888317,9.096436,9.027115,8.923035,9.027115,8.697163,8.627563,8.766716,8.957737,8.836220,8.644970,8.905678,9.131081,9.459610,9.476868,8.697163,8.453358,8.348686,8.348686,8.348686,8.488220,8.435913,8.453358,8.505650,8.610161,8.592743,8.592743,8.453358,8.313774,8.331230,8.435913,8.366138,8.366138,8.401035,8.435913,8.418476,8.592743,8.592743,8.784096,8.836220,9.044441,9.200333,9.183022,8.957737,8.610161,8.644970,8.540497,8.435913,8.575333,8.557915,8.592743,8.662369,8.784096,8.992432,9.373260,9.252239,8.923035,8.870953,8.801476,8.714558,8.697163,8.731949,8.714558,8.731949,8.784096,8.836220,8.940388,8.923035,9.131081,9.113758,9.200333,9.113758,9.061775,9.061775,9.061775,9.113758,8.992432,9.009773,9.027115,8.992432,8.940388,9.079109,9.769852,10.284771,10.216270,9.718216,9.304119,9.096436,9.079109,9.148392,9.217640,9.321407,9.355976,9.580376,9.511379,9.580376,9.735428,9.941792,9.821461,9.563126,9.459610,9.459610,9.252239,9.373260,9.304119,9.079109,8.923035,8.957737,8.853588,8.940388,8.853588,9.252239,9.217640,9.183022,9.096436,8.888317,8.905678,8.923035,8.975086,8.836220,8.714558,8.766716,8.662369,8.592743,9.165710,9.941792,9.787056,9.165710,9.009773,8.905678,9.044441,9.079109,9.061775,8.888317,8.731949,8.697163,8.523075,8.644970,9.321407,9.390537,9.096436,9.061775,9.096436,9.131081,9.200333,9.165710,9.286831,9.390537,9.355976,9.390537,9.459610,9.563126,9.597610,9.649315,9.700993,9.580376,9.597610,9.476868,9.528633,9.373260,9.545887,9.476868,9.528633,9.563126,9.286831,9.442345,9.563126,10.421631,10.831066,10.387436,9.614849,9.217640,9.286831,9.442345,9.494129,9.442345,9.494129,9.459610,9.494129,9.614849,9.632080,9.683773,9.735428,9.873051,10.027649,9.941792,9.958965,9.976139,9.976139,9.907425,9.873051,9.769852,9.683773,9.649315,9.528633,9.580376,9.511379,9.735428,9.632080,9.563126,9.390537,9.286831,9.269539,9.338692,9.494129,9.494129,9.494129,9.459610,9.459610,9.286831,9.407806,9.304119,9.269539,9.286831,9.252239,9.286831,9.165710,9.183022,9.200333,9.148392,9.113758,9.165710,9.044441,9.027115,9.027115,8.975086,8.957737,8.923035,9.009773,8.905678,8.853588,8.818848,8.801476,8.870953,8.836220,8.731949,8.731949,8.644970,8.627563,8.592743,8.644970,8.610161,8.488220,8.435913,8.470791,8.470791,8.453358,8.488220,8.401035,8.401035,8.401035,8.383591,8.418476,8.383591,8.331230,8.296310,8.296310,8.278851,8.156513,8.278851,8.261383,8.174004,8.174004,8.191483,8.139027,8.139027,8.104042,8.034035,8.051544,7.963982,8.016525,7.999016,7.893879,7.981499,7.928940,7.963982,7.911411,7.911411,7.911411,7.893879,7.718422,7.858810,7.753536,7.928940,7.876347,7.806187,7.806187,7.841270,7.841270,7.823730,7.841270,7.788635,7.753536,7.735977,7.735977,7.841270,7.788635,7.788635,7.753536,7.771088,7.753536,7.683289,7.806187,7.665718,7.788635,7.718422,7.683289,7.718422,7.771088,7.753536,7.823730,7.753536,7.788635,7.665718,7.735977,7.788635,7.788635,7.735977,7.700855,7.683289,7.735977,7.806187,7.683289,7.700855,7.648148,7.648148,7.683289,7.665718,7.630577,7.718422,7.630577,7.612995,7.718422,7.542656,7.683289,7.612995,7.612995,7.648148,7.525059,7.612995,7.577831,7.542656,7.560242,7.542656,7.507469,7.542656,7.542656,7.507469,7.384212,7.489868,7.472267,7.419441,7.437057,7.401833,7.313717,7.366592,7.331345,7.260815,7.296085,7.296085,7.225533,7.243172,7.190231,7.260815,7.207882,7.207882,7.066605,7.243172,7.225533,7.296085,7.225533,7.154926,7.243172,7.207882,7.101940,7.154926,7.207882,7.154926,7.190231,7.190231,7.190231,7.190231,7.154926,7.296085,7.225533,7.243172,7.278450,7.243172,7.278450,7.313717,7.296085,7.296085,7.313717,7.348972,7.348972,7.331345,7.384212,7.278450,7.419441,7.454662,7.560242,7.401833,7.331345,7.401833,7.437057,7.437057,7.454662,7.419441,7.489868,7.384212,7.507469,7.489868,7.454662,7.419441,7.472267,7.454662,7.454662,7.507469,7.630577,7.507469,7.489868,7.507469,7.542656,7.612995,7.507469,7.560242,7.525059,7.542656,7.577831,7.542656,7.472267,7.595413,7.542656,7.595413,7.630577,7.560242,7.560242,7.648148,7.683289,7.612995,7.683289,7.683289,7.806187,7.771088,7.876347,7.999016,8.191483,8.331230,8.401035,8.453358,8.505650,8.853588,9.390537,10.130581,11.678528,12.116257,11.914482,11.357365,10.660679,10.336117,10.336117,10.353233,10.472908,10.882126,10.899132,11.069107,11.306557,11.408150,11.391228,11.204865,
3.873646,3.964630,4.037365,4.055538,3.855442,3.819023,3.910049,4.001003,4.091881,4.055538,4.110050,4.164528,4.037365,4.073711,4.110050,4.110050,4.055538,3.910049,4.055538,4.218987,4.218987,4.218987,4.291550,4.110050,4.128212,3.964630,3.946442,3.928246,3.982819,3.946442,3.928246,4.001003,4.037365,4.146374,4.110050,4.128212,4.091881,4.164528,4.164528,4.273415,4.182686,4.182686,4.200836,4.345943,4.400314,4.418427,4.545155,4.725941,4.978535,5.176598,5.374290,5.589546,6.214916,6.854328,6.818905,6.499577,6.321754,6.410706,6.375134,6.410706,6.694839,7.137272,8.016525,8.121536,7.437057,6.517342,5.858009,5.284477,4.906425,4.635590,4.472755,4.436539,4.382195,4.382195,4.327812,4.345943,4.418427,4.635590,4.762062,4.888393,5.032589,5.068611,4.689812,4.508957,4.599422,4.472755,4.255280,4.345943,4.382195,4.327812,4.364071,4.689812,4.924461,4.924461,4.834267,4.762062,4.707874,4.780113,4.942490,5.050598,5.032589,5.050598,5.050598,5.050598,5.104614,5.014572,5.338371,5.410194,4.816223,4.490860,4.671738,4.798172,5.212570,5.374290,5.714912,5.875885,5.929482,6.107971,5.893753,5.840134,5.947346,6.125797,6.748028,7.384212,8.383591,9.061775,9.165710,9.131081,9.165710,9.304119,9.804260,10.301891,10.524147,10.762939,10.677727,10.507072,10.370338,10.250530,10.130581,9.907425,9.666546,9.649315,9.890244,9.683773,9.286831,8.923035,8.836220,8.766716,8.714558,8.714558,8.870953,8.992432,8.992432,8.870953,8.818848,8.818848,8.766716,8.836220,8.749332,8.836220,8.801476,8.853588,8.888317,8.853588,8.870953,9.061775,8.992432,8.818848,8.679768,8.557915,9.148392,9.304119,9.183022,9.252239,9.096436,8.801476,8.801476,8.957737,8.992432,9.061775,9.079109,8.975086,9.131081,9.373260,9.027115,8.992432,8.853588,8.784096,8.714558,8.749332,8.749332,8.818848,8.905678,8.992432,8.992432,8.853588,8.610161,8.523075,8.575333,8.731949,8.662369,8.644970,8.523075,8.540497,8.592743,8.592743,8.627563,8.644970,8.679768,8.644970,8.888317,9.338692,9.355976,8.957737,8.610161,8.592743,8.540497,8.540497,8.523075,8.610161,8.731949,8.853588,8.923035,9.009773,9.217640,9.009773,8.923035,8.975086,8.957737,8.888317,8.870953,8.784096,8.766716,8.818848,8.836220,8.957737,8.905678,8.957737,9.286831,9.459610,9.338692,9.148392,9.027115,8.975086,9.027115,9.027115,8.888317,8.940388,8.870953,8.957737,8.940388,9.027115,10.147728,10.353233,10.130581,9.494129,9.113758,9.027115,9.096436,9.079109,9.131081,9.183022,9.373260,9.338692,9.304119,9.390537,9.545887,9.563126,9.528633,9.390537,9.407806,9.425079,9.304119,9.355976,9.338692,9.286831,9.217640,9.113758,9.183022,9.217640,9.269539,9.821461,9.614849,9.200333,9.096436,8.940388,8.818848,8.923035,8.957737,8.923035,9.009773,8.888317,8.957737,9.044441,9.700993,10.027649,9.855862,9.096436,8.905678,8.870953,8.853588,8.870953,8.853588,8.801476,8.714558,8.662369,8.697163,8.697163,8.679768,8.940388,8.992432,9.096436,9.009773,8.957737,8.940388,8.975086,9.079109,9.252239,9.269539,9.355976,9.355976,9.425079,9.787056,10.130581,10.199139,9.993317,9.907425,9.700993,9.683773,9.476868,9.597610,9.511379,9.459610,9.528633,9.563126,9.442345,9.700993,10.319000,10.626560,10.164867,9.476868,9.113758,9.217640,9.269539,9.252239,9.269539,9.269539,9.234943,9.304119,9.390537,9.459610,9.459610,9.442345,9.442345,9.476868,9.511379,9.511379,9.494129,9.597610,9.649315,9.683773,9.528633,9.563126,9.580376,9.425079,9.442345,9.407806,9.597610,9.528633,9.425079,9.355976,9.304119,9.304119,9.234943,9.425079,9.494129,9.442345,9.390537,9.286831,9.338692,9.286831,9.252239,9.304119,9.165710,9.148392,9.165710,9.200333,9.096436,9.044441,8.975086,9.044441,9.009773,8.923035,9.009773,8.905678,8.870953,8.731949,8.784096,8.731949,8.801476,8.679768,8.731949,8.662369,8.749332,8.731949,8.679768,8.575333,8.627563,8.557915,8.470791,8.435913,8.523075,8.470791,8.401035,8.435913,8.453358,8.453358,8.418476,8.401035,8.401035,8.383591,8.278851,8.296310,8.331230,8.348686,8.261383,8.243912,8.208961,8.191483,8.191483,8.139027,8.121536,8.208961,8.156513,8.051544,8.104042,8.086544,7.999016,8.034035,8.016525,7.999016,7.928940,7.893879,7.911411,7.893879,7.911411,7.946465,7.876347,7.753536,7.718422,7.771088,7.753536,7.806187,7.806187,7.753536,7.683289,7.665718,7.700855,7.753536,7.718422,7.735977,7.753536,7.630577,7.630577,7.630577,7.648148,7.630577,7.612995,7.525059,7.630577,7.507469,7.542656,7.560242,7.472267,7.525059,7.507469,7.560242,7.489868,7.525059,7.489868,7.489868,7.489868,7.454662,7.454662,7.454662,7.437057,7.472267,7.401833,7.419441,7.419441,7.437057,7.472267,7.419441,7.454662,7.489868,7.437057,7.419441,7.454662,7.489868,7.507469,7.560242,7.595413,7.525059,7.577831,7.454662,7.472267,7.542656,7.437057,7.507469,7.489868,7.542656,7.454662,7.472267,7.472267,7.437057,7.454662,7.401833,7.419441,7.472267,7.384212,7.366592,7.401833,7.384212,7.348972,7.331345,7.313717,7.313717,7.260815,7.207882,7.296085,7.243172,7.225533,7.225533,7.225533,7.278450,7.190231,7.172585,7.119606,7.172585,7.137272,7.190231,7.190231,7.207882,7.119606,7.119606,7.048931,7.084278,7.154926,7.101940,7.119606,6.960518,7.048931,7.119606,7.066605,7.031254,7.013577,7.013577,6.978207,6.978207,6.942829,6.889732,6.907440,6.907440,6.960518,6.995895,6.942829,7.031254,7.013577,7.048931,7.013577,7.084278,7.048931,7.048931,7.137272,7.119606,7.119606,7.013577,7.119606,7.190231,7.101940,7.137272,7.296085,7.243172,7.278450,7.296085,7.296085,7.313717,7.348972,7.437057,7.401833,7.401833,7.401833,7.384212,7.384212,7.384212,7.437057,7.454662,7.419441,7.419441,7.489868,7.454662,7.560242,7.419441,7.472267,7.472267,7.577831,7.648148,7.630577,7.665718,7.648148,7.648148,7.718422,7.700855,7.683289,7.806187,8.086544,8.086544,8.139027,8.261383,8.348686,8.523075,8.853588,9.752644,10.916145,12.183426,12.216988,11.813431,11.170944,10.677727,10.301891,10.370338,10.438725,10.592438,10.848083,10.967159,11.018150,11.255722,11.340439,11.238777,11.357365,
3.928246,3.855442,4.019184,3.946442,3.873646,3.855442,3.819023,3.982819,4.128212,4.001003,4.055538,3.946442,4.037365,4.055538,4.055538,4.200836,4.055538,3.855442,3.819023,3.946442,4.273415,4.273415,4.237133,4.309685,4.182686,3.964630,3.910049,3.837234,3.982819,3.982819,4.037365,4.019184,4.001003,4.019184,4.110050,4.128212,4.164528,4.182686,4.218987,4.182686,4.091881,4.218987,4.345943,4.364071,4.472755,4.527058,4.653660,4.743999,4.852314,4.888393,5.140610,5.428139,5.822250,6.606125,6.854328,6.588379,6.392914,6.410706,6.410706,6.286148,6.499577,6.818905,7.683289,8.139027,7.735977,6.942829,6.143627,5.464031,4.960514,4.635590,4.581333,4.382195,4.309685,4.255280,4.255280,4.327812,4.345943,4.599422,4.870358,5.068611,5.122616,4.942490,4.599422,4.545155,4.563248,4.527058,4.218987,4.200836,4.255280,4.291550,4.255280,4.743999,5.050598,5.014572,5.176598,4.888393,4.780113,4.725941,4.816223,5.104614,5.086613,5.158604,5.050598,4.960514,5.104614,5.068611,5.068611,5.050598,4.780113,4.635590,4.599422,4.762062,5.122616,5.230549,5.643291,5.679108,5.804367,5.911625,5.786484,5.643291,5.643291,5.786484,6.464035,7.031254,7.735977,8.697163,9.113758,9.131081,9.044441,9.165710,9.390537,9.752644,10.216270,10.353233,10.336117,10.301891,10.130581,9.976139,9.821461,9.649315,9.494129,9.338692,9.286831,9.165710,9.079109,9.044441,8.975086,8.853588,8.679768,8.697163,8.905678,9.148392,9.027115,8.801476,8.853588,8.870953,8.679768,8.714558,8.662369,8.575333,8.505650,8.610161,8.488220,8.575333,8.749332,8.870953,8.784096,8.575333,8.435913,8.348686,8.836220,9.061775,9.096436,8.836220,8.488220,8.435913,8.749332,8.749332,8.714558,8.766716,8.784096,8.714558,8.766716,8.784096,8.818848,8.749332,8.853588,8.818848,8.836220,8.784096,8.905678,8.905678,8.975086,8.992432,9.113758,9.061775,8.905678,8.836220,9.234943,9.304119,9.061775,8.784096,8.749332,8.749332,8.888317,8.975086,9.044441,8.818848,8.888317,8.853588,9.027115,9.304119,9.217640,8.905678,8.610161,8.610161,8.557915,8.697163,8.644970,8.627563,8.853588,8.888317,8.957737,9.009773,9.009773,9.061775,9.061775,8.940388,8.957737,8.940388,8.923035,8.957737,9.044441,8.923035,8.905678,8.905678,8.957737,8.957737,9.511379,9.804260,9.666546,9.286831,8.853588,8.957737,8.853588,8.888317,8.853588,8.905678,8.870953,9.009773,8.975086,9.217640,9.597610,9.855862,9.769852,9.269539,9.165710,9.079109,9.200333,9.234943,9.286831,9.234943,9.252239,9.269539,9.252239,9.252239,9.407806,9.459610,9.407806,9.321407,9.373260,9.304119,9.321407,9.321407,9.442345,9.286831,9.321407,9.373260,9.304119,9.390537,9.614849,10.336117,10.182007,9.390537,9.131081,8.940388,8.957737,8.975086,9.079109,9.009773,9.096436,9.200333,9.321407,9.321407,9.442345,9.597610,9.494129,9.148392,8.975086,8.923035,8.975086,8.870953,8.940388,8.888317,8.801476,8.853588,8.784096,8.679768,8.749332,8.940388,9.096436,9.061775,8.784096,8.766716,8.905678,8.836220,8.888317,8.905678,8.957737,9.027115,9.079109,9.096436,9.338692,10.164867,10.353233,9.855862,9.580376,9.511379,9.476868,9.511379,9.545887,9.476868,9.563126,9.597610,9.528633,9.597610,9.700993,9.821461,10.044807,9.958965,9.563126,9.511379,9.545887,9.528633,9.511379,9.528633,9.459610,9.425079,9.338692,9.425079,9.494129,9.718216,9.804260,9.649315,9.476868,9.425079,9.407806,9.407806,9.425079,9.338692,9.459610,9.407806,9.476868,9.355976,9.304119,9.131081,9.321407,9.494129,9.459610,9.286831,9.338692,9.269539,9.200333,9.269539,9.494129,9.476868,9.476868,9.494129,9.373260,9.355976,9.304119,9.286831,9.234943,9.183022,9.183022,9.113758,9.079109,9.165710,9.096436,9.061775,8.992432,8.957737,8.940388,8.836220,8.870953,8.853588,8.836220,8.766716,8.749332,8.679768,8.679768,8.627563,8.662369,8.557915,8.592743,8.627563,8.575333,8.523075,8.435913,8.418476,8.470791,8.383591,8.401035,8.383591,8.348686,8.331230,8.366138,8.278851,8.366138,8.331230,8.243912,8.174004,8.191483,8.208961,8.174004,8.261383,8.208961,8.156513,8.104042,8.121536,8.104042,8.069046,8.034035,7.963982,7.999016,8.051544,8.016525,7.911411,7.946465,7.963982,7.999016,7.963982,7.893879,7.876347,7.893879,7.841270,7.788635,7.753536,7.753536,7.788635,7.771088,7.753536,7.788635,7.753536,7.735977,7.718422,7.735977,7.753536,7.683289,7.648148,7.630577,7.595413,7.542656,7.595413,7.507469,7.525059,7.525059,7.542656,7.472267,7.542656,7.472267,7.454662,7.419441,7.401833,7.454662,7.348972,7.454662,7.419441,7.384212,7.348972,7.366592,7.401833,7.401833,7.331345,7.348972,7.313717,7.207882,7.225533,7.243172,7.401833,7.278450,7.313717,7.313717,7.190231,7.260815,7.225533,7.225533,7.243172,7.313717,7.296085,7.331345,7.296085,7.384212,7.296085,7.278450,7.190231,7.260815,7.260815,7.278450,7.243172,7.296085,7.278450,7.278450,7.331345,7.225533,7.260815,7.260815,7.384212,7.190231,7.225533,7.172585,7.154926,7.313717,7.260815,7.172585,7.225533,7.154926,7.172585,7.225533,7.172585,7.137272,7.172585,7.137272,7.137272,7.119606,7.154926,7.137272,7.137272,7.172585,7.101940,7.031254,7.066605,7.207882,7.048931,7.066605,6.978207,7.031254,7.031254,7.013577,6.978207,6.960518,6.960518,6.978207,6.907440,6.960518,6.942829,6.889732,6.836617,6.836617,6.942829,6.801193,6.907440,6.889732,6.836617,6.854328,6.836617,6.783474,6.889732,6.818905,6.907440,6.783474,6.818905,6.801193,6.872036,6.889732,6.818905,6.801193,6.783474,6.872036,6.818905,6.765751,6.889732,6.818905,6.907440,6.801193,6.889732,6.889732,6.995895,7.048931,7.101940,7.084278,7.048931,7.084278,7.137272,7.048931,7.119606,7.278450,7.243172,7.296085,7.243172,7.137272,7.331345,7.419441,7.366592,7.366592,7.366592,7.437057,7.472267,7.384212,7.525059,7.577831,7.507469,7.630577,7.735977,7.858810,7.858810,8.069046,7.981499,8.191483,8.226437,8.435913,9.044441,10.147728,11.678528,12.216988,12.149849,11.745995,11.153976,10.643623,10.609497,10.643623,10.677727,10.831066,10.933151,11.120033,11.052120,11.137009,11.272675,11.170944,11.255722,
3.819023,3.691456,3.746143,3.855442,3.910049,3.800804,3.782589,3.891846,3.982819,4.037365,4.037365,3.964630,4.001003,4.001003,4.200836,4.200836,4.019184,3.928246,3.819023,3.800804,4.037365,4.164528,4.218987,4.309685,4.110050,3.928246,3.910049,4.110050,4.110050,4.073711,4.001003,3.946442,4.073711,4.110050,4.182686,4.164528,4.237133,4.237133,4.309685,4.182686,4.164528,4.182686,4.291550,4.454651,4.527058,4.599422,4.617508,4.798172,4.617508,4.780113,5.014572,5.284477,5.643291,6.125797,6.801193,6.730297,6.446259,6.250534,6.268349,6.125797,6.268349,6.375134,7.048931,7.999016,8.086544,7.366592,6.552864,5.875885,5.320412,4.852314,4.635590,4.472755,4.182686,4.237133,4.309685,4.364071,4.545155,4.906425,5.068611,5.158604,5.158604,5.032589,4.581333,4.563248,4.617508,4.671738,4.400314,4.255280,4.200836,4.237133,4.291550,4.635590,4.906425,5.086613,4.852314,4.743999,4.707874,4.780113,4.743999,5.068611,5.248528,5.086613,4.816223,4.834267,5.032589,4.960514,4.816223,4.924461,4.743999,4.599422,4.617508,4.978535,5.104614,4.978535,5.302444,5.535770,5.607468,5.750706,5.750706,5.661201,5.804367,5.786484,6.000916,6.446259,7.313717,8.278851,9.096436,9.113758,9.079109,9.079109,9.148392,9.632080,10.164867,10.387436,10.541225,10.626560,10.507072,10.216270,10.096279,9.924606,9.718216,9.494129,9.338692,9.390537,9.597610,9.511379,9.183022,8.975086,8.766716,8.714558,8.853588,9.200333,9.061775,8.731949,8.731949,8.627563,8.627563,8.592743,8.575333,8.523075,8.505650,8.401035,8.331230,8.435913,8.923035,9.009773,8.853588,8.366138,8.174004,8.243912,8.243912,8.348686,8.331230,8.366138,8.278851,8.331230,8.557915,8.697163,8.766716,8.801476,8.731949,8.662369,8.523075,8.575333,8.697163,8.592743,8.662369,8.679768,8.766716,8.818848,8.697163,8.784096,8.992432,9.027115,9.044441,8.870953,8.818848,8.836220,9.286831,9.407806,9.113758,8.818848,8.888317,8.923035,8.870953,8.957737,8.957737,8.853588,8.853588,8.905678,8.957737,9.269539,8.992432,8.853588,8.784096,8.870953,8.836220,8.784096,8.836220,8.870953,8.957737,8.940388,9.079109,9.061775,9.079109,9.252239,9.511379,9.511379,9.269539,9.252239,9.217640,9.286831,9.217640,9.131081,9.200333,9.027115,9.096436,9.027115,9.545887,9.735428,9.683773,8.957737,8.853588,8.766716,8.697163,8.627563,8.731949,8.679768,8.784096,8.975086,8.957737,9.009773,9.079109,9.148392,9.269539,9.113758,9.131081,9.183022,9.079109,9.183022,9.252239,9.148392,9.131081,9.234943,9.286831,9.113758,9.373260,9.769852,9.649315,9.338692,9.390537,9.425079,9.494129,9.511379,9.545887,9.494129,9.494129,9.459610,9.494129,9.528633,10.147728,10.541225,10.336117,9.718216,9.511379,9.338692,9.321407,9.355976,9.355976,9.165710,9.183022,9.200333,9.061775,9.027115,9.234943,9.234943,9.304119,9.390537,9.234943,9.165710,9.113758,9.044441,8.992432,9.027115,8.975086,9.009773,9.009773,8.957737,9.044441,9.563126,9.976139,9.735428,9.061775,9.061775,8.975086,8.957737,8.957737,8.940388,9.113758,9.234943,9.304119,9.304119,9.407806,10.284771,10.130581,9.614849,9.321407,9.234943,9.234943,9.286831,9.269539,9.217640,9.321407,9.338692,9.442345,9.373260,9.425079,9.407806,9.597610,9.494129,9.528633,9.649315,9.700993,9.700993,9.752644,9.769852,9.787056,9.838661,9.666546,9.752644,9.787056,10.301891,10.643623,10.455822,9.597610,9.580376,9.494129,9.545887,9.597610,9.580376,9.597610,9.511379,9.563126,9.511379,9.355976,9.442345,9.459610,9.476868,9.321407,9.234943,9.165710,9.131081,9.165710,9.217640,9.390537,9.459610,9.390537,9.390537,9.355976,9.355976,9.269539,9.269539,9.269539,9.131081,9.165710,9.183022,9.131081,9.079109,9.079109,9.009773,8.975086,8.905678,8.905678,8.870953,8.818848,8.836220,8.784096,8.714558,8.714558,8.731949,8.749332,8.627563,8.644970,8.610161,8.575333,8.505650,8.557915,8.505650,8.488220,8.488220,8.366138,8.366138,8.348686,8.331230,8.278851,8.296310,8.226437,8.208961,8.278851,8.243912,8.278851,8.226437,8.208961,8.104042,8.156513,8.121536,8.174004,8.051544,8.034035,7.981499,7.981499,7.928940,7.981499,7.893879,7.911411,7.876347,7.858810,7.893879,7.893879,7.893879,7.876347,7.841270,7.823730,7.718422,7.823730,7.735977,7.718422,7.735977,7.630577,7.718422,7.648148,7.683289,7.683289,7.683289,7.665718,7.630577,7.577831,7.648148,7.648148,7.595413,7.595413,7.595413,7.630577,7.542656,7.507469,7.542656,7.437057,7.489868,7.401833,7.384212,7.419441,7.419441,7.401833,7.366592,7.366592,7.348972,7.366592,7.366592,7.296085,7.243172,7.296085,7.278450,7.296085,7.296085,7.243172,7.190231,7.243172,7.278450,7.172585,7.207882,7.172585,7.154926,7.154926,7.172585,7.119606,7.137272,7.172585,7.119606,7.119606,7.172585,7.119606,7.154926,7.066605,7.048931,7.031254,7.084278,7.066605,7.119606,7.101940,7.013577,6.960518,7.048931,6.995895,7.048931,6.978207,6.978207,6.995895,7.031254,6.889732,6.995895,6.960518,6.995895,7.048931,7.031254,6.995895,6.995895,6.925133,6.872036,6.995895,7.013577,7.013577,6.995895,6.978207,6.978207,7.013577,6.995895,7.031254,6.925133,6.925133,6.889732,7.013577,6.960518,6.889732,6.907440,6.889732,6.960518,6.942829,6.889732,6.925133,6.907440,6.907440,6.854328,6.854328,6.836617,6.889732,6.907440,6.889732,6.836617,6.854328,6.818905,6.801193,6.925133,6.748028,6.730297,6.836617,6.765751,6.765751,6.818905,6.765751,6.783474,6.818905,6.765751,6.801193,6.783474,6.712570,6.694839,6.641617,6.659363,6.677101,6.659363,6.659363,6.694839,6.659363,6.712570,6.712570,6.623875,6.712570,6.694839,6.748028,6.677101,6.659363,6.765751,6.694839,6.677101,6.748028,6.712570,6.730297,6.801193,6.836617,6.783474,6.889732,6.907440,6.907440,6.942829,6.978207,7.013577,7.084278,7.154926,7.154926,7.137272,7.207882,7.313717,7.331345,7.507469,7.630577,7.771088,7.911411,7.911411,8.016525,8.174004,8.540497,9.476868,10.984158,12.049046,12.267311,12.116257,11.543430,10.984158,10.728870,10.814041,10.950157,11.204865,11.289619,11.391228,11.441990,11.475815,11.543430,11.543430,11.577221,11.729134,
3.928246,3.782589,3.691456,3.873646,3.946442,3.910049,4.019184,3.837234,3.928246,4.001003,3.982819,4.019184,4.055538,4.019184,4.364071,4.364071,4.073711,3.982819,3.782589,3.928246,3.910049,4.091881,4.291550,4.291550,3.946442,3.891846,3.946442,4.001003,4.091881,4.146374,4.055538,3.819023,4.073711,4.164528,4.237133,4.182686,4.237133,4.309685,4.436539,4.345943,4.309685,4.273415,4.237133,4.327812,4.545155,4.599422,4.635590,4.743999,4.617508,4.762062,4.960514,5.122616,5.553699,6.072296,6.712570,6.783474,6.623875,6.268349,6.250534,6.214916,6.107971,6.179276,6.659363,7.753536,8.208961,7.911411,7.119606,6.214916,5.481972,5.014572,4.581333,4.454651,4.255280,4.218987,4.291550,4.472755,4.906425,5.122616,5.284477,5.320412,5.266499,4.924461,4.599422,4.527058,4.707874,4.689812,4.436539,4.255280,4.110050,4.218987,4.418427,4.653660,5.122616,5.050598,4.707874,4.743999,4.617508,4.725941,4.707874,4.978535,5.266499,4.870358,4.689812,4.689812,4.942490,4.960514,4.798172,4.798172,4.798172,4.671738,4.671738,4.834267,4.888393,4.924461,5.338371,5.589546,5.750706,5.732807,5.697014,5.517838,5.589546,5.643291,5.875885,6.339550,6.978207,7.928940,9.061775,9.165710,9.061775,9.061775,9.234943,9.355976,10.010487,10.575371,10.865101,10.916145,10.797012,10.728870,10.609497,10.319000,10.079128,9.752644,9.683773,9.752644,10.130581,10.113426,9.614849,9.131081,8.923035,8.923035,9.027115,9.044441,8.905678,8.749332,8.679768,8.679768,8.679768,8.662369,8.523075,8.505650,8.366138,8.435913,8.470791,8.592743,8.940388,8.975086,8.627563,7.999016,7.963982,7.911411,7.911411,8.051544,8.208961,8.086544,7.999016,7.963982,8.243912,8.383591,8.470791,8.488220,8.366138,8.331230,8.174004,8.174004,8.331230,8.278851,8.331230,8.331230,8.383591,8.418476,8.366138,8.488220,8.836220,9.009773,8.853588,8.766716,8.801476,8.784096,9.165710,9.148392,8.801476,8.801476,8.801476,8.749332,8.697163,8.749332,8.818848,8.905678,8.923035,8.818848,8.940388,8.888317,8.853588,8.957737,8.975086,8.870953,8.940388,8.957737,8.975086,8.957737,9.027115,8.957737,8.957737,8.923035,8.888317,9.234943,9.752644,9.735428,9.494129,9.528633,9.580376,9.545887,9.580376,9.597610,9.666546,9.476868,9.425079,9.407806,9.597610,9.718216,9.511379,9.252239,9.096436,9.061775,8.957737,8.992432,8.957737,8.905678,9.044441,9.148392,9.217640,9.044441,9.079109,9.148392,8.923035,8.957737,9.044441,8.992432,9.079109,8.905678,8.957737,8.766716,8.836220,8.801476,8.766716,8.679768,9.131081,9.735428,9.666546,9.286831,9.269539,9.476868,9.442345,9.476868,9.580376,9.580376,9.580376,9.580376,9.511379,9.545887,9.873051,10.061974,10.079128,9.941792,9.924606,9.924606,9.855862,9.941792,9.941792,9.855862,9.735428,9.545887,9.269539,9.286831,9.269539,9.614849,9.597610,9.511379,9.321407,9.217640,9.183022,9.044441,8.940388,8.940388,9.009773,8.992432,8.992432,9.009773,9.148392,10.010487,10.455822,10.370338,9.407806,9.217640,9.321407,9.425079,9.286831,9.338692,9.373260,9.442345,9.580376,9.580376,9.666546,9.907425,9.700993,9.632080,9.545887,9.390537,9.234943,9.286831,9.304119,9.355976,9.407806,9.511379,9.632080,9.545887,9.494129,9.666546,9.700993,9.958965,9.941792,9.769852,9.718216,9.787056,9.873051,9.924606,10.027649,9.993317,9.958965,9.976139,10.147728,10.609497,10.814041,10.524147,9.632080,9.425079,9.459610,9.442345,9.459610,9.494129,9.373260,9.442345,9.338692,9.390537,9.511379,9.442345,9.476868,9.355976,9.355976,9.183022,9.165710,9.027115,9.096436,9.079109,9.304119,9.442345,9.355976,9.373260,9.269539,9.286831,9.252239,9.200333,9.148392,9.148392,9.079109,9.131081,9.061775,9.009773,9.044441,9.027115,8.957737,8.957737,8.923035,8.836220,8.818848,8.853588,8.784096,8.784096,8.766716,8.731949,8.749332,8.662369,8.662369,8.592743,8.592743,8.575333,8.488220,8.523075,8.488220,8.488220,8.435913,8.331230,8.313774,8.296310,8.401035,8.243912,8.261383,8.208961,8.226437,8.261383,8.174004,8.156513,8.069046,8.156513,8.156513,8.156513,8.034035,7.999016,7.946465,7.981499,7.963982,7.893879,7.928940,7.946465,7.893879,7.858810,7.823730,7.823730,7.823730,7.841270,7.753536,7.788635,7.771088,7.665718,7.753536,7.665718,7.683289,7.630577,7.612995,7.577831,7.577831,7.612995,7.630577,7.542656,7.542656,7.507469,7.525059,7.472267,7.437057,7.489868,7.437057,7.489868,7.472267,7.384212,7.419441,7.419441,7.313717,7.348972,7.348972,7.313717,7.348972,7.366592,7.348972,7.348972,7.313717,7.296085,7.331345,7.260815,7.278450,7.278450,7.313717,7.243172,7.260815,7.243172,7.260815,7.190231,7.207882,7.172585,7.225533,7.190231,7.137272,7.172585,7.084278,7.137272,7.066605,7.084278,7.048931,7.048931,7.048931,7.066605,7.013577,7.013577,7.066605,7.066605,6.995895,6.960518,7.048931,7.031254,6.907440,6.995895,6.925133,6.960518,6.907440,6.942829,6.907440,6.889732,6.872036,6.907440,6.836617,6.925133,6.818905,6.818905,6.872036,6.783474,6.907440,6.765751,6.818905,6.872036,6.748028,6.677101,6.783474,6.801193,6.783474,6.765751,6.765751,6.818905,6.765751,6.659363,6.712570,6.641617,6.712570,6.748028,6.712570,6.694839,6.748028,6.659363,6.730297,6.854328,6.730297,6.765751,6.712570,6.748028,6.818905,6.712570,6.730297,6.730297,6.712570,6.765751,6.748028,6.765751,6.712570,6.765751,6.677101,6.694839,6.730297,6.748028,6.801193,6.694839,6.712570,6.677101,6.712570,6.623875,6.694839,6.659363,6.641617,6.606125,6.694839,6.606125,6.570625,6.517342,6.588379,6.659363,6.641617,6.623875,6.659363,6.659363,6.606125,6.677101,6.606125,6.606125,6.588379,6.712570,6.677101,6.659363,6.659363,6.606125,6.606125,6.677101,6.677101,6.659363,6.552864,6.606125,6.748028,6.712570,6.730297,6.748028,6.730297,6.872036,6.872036,6.801193,6.942829,7.048931,7.101940,7.260815,7.472267,7.735977,7.771088,7.841270,8.016525,8.156513,8.662369,9.873051,11.408150,12.149849,12.367878,11.981785,11.323498,11.018150,10.797012,10.797012,11.001148,11.018150,11.187904,11.255722,11.306557,11.272675,11.255722,11.425068,11.425068,11.391228,
3.910049,3.855442,3.782589,3.928246,3.946442,4.037365,3.982819,4.001003,4.001003,3.964630,3.946442,4.001003,4.073711,4.200836,4.400314,4.345943,4.146374,3.855442,3.837234,4.091881,4.055538,4.128212,4.581333,4.527058,4.255280,3.982819,3.819023,4.019184,4.091881,4.019184,3.928246,3.837234,3.946442,4.073711,4.110050,4.255280,4.255280,4.364071,4.454651,4.527058,4.418427,4.255280,4.309685,4.382195,4.581333,4.599422,4.689812,4.581333,4.599422,4.671738,4.816223,4.978535,5.176598,5.607468,6.161457,6.748028,6.552864,6.357342,6.161457,6.214916,6.232731,6.107971,6.428486,7.172585,7.963982,8.034035,7.243172,6.392914,5.661201,5.176598,4.743999,4.635590,4.472755,4.309685,4.273415,4.599422,5.032589,5.302444,5.428139,5.410194,5.194580,4.834267,4.599422,4.490860,4.617508,4.653660,4.545155,4.255280,4.091881,4.237133,4.364071,4.599422,5.158604,4.906425,4.816223,4.725941,4.780113,4.762062,4.798172,4.798172,4.834267,4.653660,4.707874,4.689812,4.978535,4.888393,4.816223,4.870358,4.870358,4.617508,4.653660,4.635590,4.780113,4.942490,5.194580,5.410194,5.625381,5.535770,5.499908,5.481972,5.356339,5.499908,5.786484,6.107971,6.730297,7.437057,8.818848,9.217640,9.148392,9.113758,9.027115,9.200333,9.511379,10.541225,10.984158,11.086086,11.018150,10.814041,10.626560,10.507072,10.216270,9.924606,9.752644,9.821461,9.958965,9.924606,9.511379,9.096436,9.027115,8.818848,8.870953,8.836220,8.766716,8.766716,8.766716,8.801476,8.836220,8.766716,8.731949,8.679768,8.697163,8.610161,8.627563,8.575333,8.870953,8.662369,8.540497,8.348686,8.401035,8.278851,8.208961,8.156513,8.435913,8.435913,8.104042,8.104042,8.191483,8.261383,8.243912,8.191483,8.191483,8.121536,8.069046,8.016525,8.104042,8.051544,8.016525,8.034035,7.963982,7.981499,7.893879,8.034035,8.662369,8.870953,8.749332,8.662369,8.575333,8.662369,8.836220,8.888317,8.870953,8.818848,8.836220,8.801476,8.784096,8.818848,9.148392,9.217640,9.148392,9.044441,8.992432,8.992432,9.113758,9.183022,9.165710,9.183022,9.286831,9.217640,9.183022,9.148392,9.148392,9.183022,9.027115,8.940388,8.784096,9.200333,9.700993,9.683773,9.442345,9.511379,9.563126,9.494129,9.528633,9.580376,9.545887,9.528633,9.459610,9.425079,9.545887,9.407806,9.373260,9.355976,9.286831,9.252239,9.373260,9.407806,9.304119,9.321407,9.407806,9.494129,9.511379,9.459610,9.476868,9.649315,9.321407,9.044441,9.009773,9.027115,9.079109,9.044441,9.044441,9.061775,8.940388,8.923035,8.784096,8.714558,9.027115,9.718216,9.528633,9.217640,9.148392,9.183022,9.217640,9.234943,9.286831,9.217640,9.234943,9.131081,9.252239,9.338692,9.407806,9.442345,9.649315,9.683773,9.769852,9.718216,9.769852,9.787056,9.735428,9.752644,9.580376,9.511379,9.442345,9.373260,9.407806,10.079128,10.199139,9.890244,9.442345,9.511379,9.442345,9.217640,9.165710,9.304119,9.183022,9.113758,9.252239,9.321407,9.459610,10.267654,10.421631,10.199139,9.614849,9.528633,9.511379,9.545887,9.390537,9.442345,9.442345,9.528633,9.528633,9.476868,9.494129,9.511379,9.597610,9.563126,9.511379,9.459610,9.390537,9.442345,9.442345,9.545887,9.700993,9.752644,9.890244,9.649315,9.838661,9.958965,10.336117,10.609497,10.507072,10.079128,9.700993,9.752644,9.821461,9.804260,9.924606,10.164867,10.044807,10.079128,10.233398,10.455822,10.626560,10.404537,9.855862,9.580376,9.373260,9.459610,9.425079,9.373260,9.304119,9.269539,9.183022,9.165710,9.131081,9.269539,9.286831,9.304119,9.269539,9.165710,9.079109,9.079109,9.131081,9.113758,9.338692,9.390537,9.338692,9.217640,9.269539,9.217640,9.234943,9.200333,9.148392,9.096436,9.113758,9.061775,9.061775,9.044441,8.992432,8.940388,8.975086,8.923035,8.905678,8.888317,8.870953,8.836220,8.784096,8.731949,8.714558,8.731949,8.749332,8.610161,8.679768,8.575333,8.575333,8.470791,8.557915,8.488220,8.453358,8.435913,8.401035,8.383591,8.313774,8.278851,8.331230,8.296310,8.296310,8.278851,8.226437,8.191483,8.156513,8.156513,8.139027,8.121536,8.104042,8.086544,8.016525,8.034035,7.981499,8.034035,7.963982,7.911411,7.946465,7.858810,7.893879,7.876347,7.788635,7.823730,7.841270,7.788635,7.753536,7.683289,7.700855,7.683289,7.648148,7.648148,7.612995,7.560242,7.665718,7.612995,7.542656,7.454662,7.525059,7.419441,7.437057,7.419441,7.401833,7.384212,7.366592,7.331345,7.437057,7.401833,7.401833,7.384212,7.384212,7.260815,7.348972,7.243172,7.225533,7.296085,7.260815,7.172585,7.313717,7.243172,7.225533,7.225533,7.260815,7.190231,7.243172,7.207882,7.190231,7.278450,7.225533,7.172585,7.243172,7.172585,7.084278,7.048931,7.048931,7.084278,7.119606,7.066605,7.084278,7.013577,7.013577,6.995895,6.960518,6.942829,7.031254,7.031254,6.995895,6.960518,7.048931,7.031254,6.925133,6.925133,6.942829,6.995895,6.995895,6.978207,6.960518,6.872036,6.907440,6.925133,6.925133,6.925133,6.872036,6.818905,6.836617,6.907440,6.801193,6.783474,6.783474,6.765751,6.801193,6.712570,6.748028,6.677101,6.677101,6.677101,6.623875,6.765751,6.677101,6.677101,6.712570,6.677101,6.623875,6.659363,6.659363,6.606125,6.606125,6.641617,6.659363,6.570625,6.570625,6.623875,6.641617,6.570625,6.570625,6.535103,6.588379,6.552864,6.570625,6.623875,6.535103,6.535103,6.623875,6.606125,6.588379,6.641617,6.481804,6.552864,6.552864,6.570625,6.588379,6.641617,6.552864,6.499577,6.517342,6.606125,6.535103,6.588379,6.606125,6.588379,6.499577,6.606125,6.535103,6.499577,6.570625,6.588379,6.588379,6.694839,6.570625,6.552864,6.606125,6.588379,6.641617,6.481804,6.606125,6.499577,6.606125,6.659363,6.641617,6.623875,6.606125,6.606125,6.570625,6.606125,6.659363,6.623875,6.641617,6.623875,6.641617,6.641617,6.765751,6.712570,6.765751,6.765751,6.854328,6.641617,6.818905,6.801193,6.942829,7.172585,7.437057,7.665718,7.700855,7.718422,7.963982,8.261383,9.131081,10.387436,11.695396,12.284077,12.015423,11.644768,11.255722,10.797012,11.069107,11.069107,11.187904,11.187904,11.509636,11.441990,11.543430,11.543430,11.627888,11.695396,11.611008,11.475815,
3.928246,3.964630,3.855442,3.910049,3.982819,3.946442,3.928246,3.982819,4.019184,4.037365,3.964630,4.019184,4.110050,4.364071,4.436539,4.273415,4.073711,4.073711,4.255280,4.291550,4.073711,4.019184,4.400314,4.888393,4.472755,3.910049,3.964630,4.001003,4.037365,4.073711,3.982819,3.746143,3.946442,4.110050,4.110050,4.128212,4.182686,4.200836,4.364071,4.418427,4.364071,4.291550,4.327812,4.400314,4.563248,4.635590,4.527058,4.508957,4.617508,4.581333,4.671738,4.924461,5.104614,5.446091,5.858009,6.481804,6.570625,6.499577,6.286148,6.161457,6.179276,6.232731,6.339550,6.570625,7.771088,8.121536,7.683289,6.765751,6.072296,5.374290,4.906425,4.635590,4.527058,4.327812,4.418427,4.725941,5.122616,5.410194,5.607468,5.302444,5.050598,4.743999,4.508957,4.472755,4.508957,4.671738,4.599422,4.327812,4.110050,4.055538,4.364071,4.707874,4.906425,4.762062,4.870358,4.743999,4.689812,4.780113,4.834267,4.834267,4.581333,4.635590,4.635590,4.725941,4.834267,4.780113,4.743999,4.816223,4.852314,4.743999,4.635590,4.617508,4.707874,4.762062,5.122616,5.374290,5.338371,5.230549,5.392242,5.284477,5.266499,5.410194,5.589546,5.929482,6.499577,7.190231,8.348686,9.234943,9.234943,9.096436,8.992432,9.113758,9.304119,10.027649,10.558300,10.711826,10.660679,10.489990,10.455822,10.130581,9.958965,9.855862,9.563126,9.528633,9.528633,9.373260,9.044441,8.888317,8.853588,8.749332,8.818848,8.784096,8.679768,8.714558,8.836220,8.818848,8.662369,8.731949,8.679768,8.818848,8.853588,8.749332,8.592743,8.644970,8.540497,8.644970,8.592743,8.575333,8.610161,8.540497,8.749332,8.749332,8.975086,8.905678,8.697163,8.557915,8.348686,8.313774,8.418476,8.296310,8.383591,8.348686,8.366138,8.435913,8.366138,8.331230,8.278851,8.296310,8.296310,8.191483,8.156513,8.139027,8.662369,8.818848,8.731949,8.523075,8.470791,8.627563,8.627563,8.766716,8.749332,8.749332,8.714558,8.610161,8.714558,8.766716,9.252239,9.252239,9.061775,8.888317,8.923035,8.992432,9.044441,9.079109,9.148392,9.234943,9.252239,9.304119,9.234943,9.252239,9.286831,9.338692,9.338692,9.183022,9.096436,9.321407,9.425079,9.355976,9.286831,9.338692,9.338692,9.321407,9.338692,9.425079,9.494129,9.459610,9.269539,9.217640,9.321407,9.407806,9.459610,9.407806,9.442345,9.476868,9.407806,9.494129,9.425079,9.476868,9.476868,9.528633,9.459610,9.580376,9.632080,9.890244,9.787056,9.390537,9.234943,9.183022,9.148392,9.096436,9.200333,9.183022,9.113758,9.113758,9.148392,9.131081,9.321407,9.425079,9.252239,9.286831,9.234943,9.234943,9.234943,9.304119,9.338692,9.269539,9.165710,9.131081,9.200333,9.252239,9.321407,9.459610,9.511379,9.425079,9.373260,9.304119,9.148392,9.234943,9.286831,9.200333,9.373260,9.373260,9.234943,9.252239,9.321407,10.079128,10.301891,9.787056,9.511379,9.511379,9.511379,9.511379,9.649315,9.632080,9.390537,9.304119,9.407806,9.511379,9.442345,9.563126,9.769852,9.700993,9.494129,9.580376,9.597610,9.528633,9.528633,9.459610,9.494129,9.511379,9.597610,9.563126,9.614849,9.821461,9.958965,9.907425,9.563126,9.442345,9.459610,9.459610,9.528633,9.494129,9.597610,9.718216,9.614849,9.545887,9.511379,9.683773,10.387436,10.728870,10.711826,9.958965,9.459610,9.511379,9.511379,9.614849,9.752644,9.666546,9.769852,9.804260,9.821461,9.752644,9.873051,9.855862,9.873051,9.890244,9.735428,9.614849,9.580376,9.545887,9.511379,9.442345,9.234943,9.200333,9.165710,9.148392,9.131081,9.217640,9.148392,9.131081,9.044441,9.009773,9.044441,9.200333,9.407806,9.476868,9.407806,9.425079,9.373260,9.304119,9.321407,9.304119,9.355976,9.304119,9.252239,9.200333,9.113758,9.027115,8.992432,9.131081,9.009773,9.044441,8.940388,8.905678,8.836220,8.870953,8.853588,8.784096,8.679768,8.697163,8.697163,8.627563,8.575333,8.575333,8.523075,8.505650,8.523075,8.470791,8.418476,8.383591,8.366138,8.313774,8.313774,8.278851,8.278851,8.278851,8.261383,8.226437,8.243912,8.226437,8.156513,8.104042,8.104042,8.121536,8.034035,8.069046,7.999016,8.016525,7.928940,7.963982,7.946465,7.858810,7.928940,7.858810,7.823730,7.858810,7.858810,7.806187,7.771088,7.788635,7.718422,7.700855,7.648148,7.612995,7.577831,7.612995,7.507469,7.577831,7.560242,7.472267,7.525059,7.507469,7.489868,7.401833,7.454662,7.348972,7.419441,7.366592,7.366592,7.296085,7.348972,7.348972,7.313717,7.225533,7.243172,7.172585,7.190231,7.225533,7.190231,7.119606,7.154926,7.207882,7.119606,7.119606,7.119606,7.084278,7.154926,7.084278,7.154926,7.172585,7.084278,7.172585,6.995895,7.013577,6.995895,7.031254,6.978207,6.889732,6.995895,7.031254,6.978207,6.907440,6.872036,6.872036,7.013577,6.978207,6.907440,6.889732,6.942829,6.925133,6.942829,6.942829,6.942829,6.942829,6.889732,6.978207,6.925133,6.907440,6.907440,6.925133,6.836617,6.925133,6.978207,6.889732,6.960518,6.872036,6.854328,6.818905,6.854328,6.783474,6.783474,6.765751,6.730297,6.783474,6.694839,6.765751,6.712570,6.623875,6.659363,6.641617,6.694839,6.659363,6.694839,6.588379,6.623875,6.588379,6.659363,6.641617,6.606125,6.606125,6.641617,6.535103,6.552864,6.606125,6.481804,6.499577,6.517342,6.570625,6.606125,6.410706,6.481804,6.446259,6.464035,6.392914,6.535103,6.535103,6.428486,6.428486,6.464035,6.428486,6.357342,6.392914,6.392914,6.428486,6.321754,6.303955,6.339550,6.232731,6.268349,6.339550,6.321754,6.357342,6.339550,6.410706,6.268349,6.375134,6.321754,6.428486,6.357342,6.392914,6.357342,6.410706,6.357342,6.339550,6.499577,6.464035,6.446259,6.552864,6.499577,6.499577,6.588379,6.517342,6.535103,6.588379,6.641617,6.552864,6.552864,6.535103,6.588379,6.481804,6.606125,6.588379,6.659363,6.712570,6.712570,6.677101,6.730297,6.783474,6.818905,6.730297,6.854328,6.765751,6.783474,7.260815,7.489868,7.595413,7.683289,7.771088,7.999016,8.610161,9.580376,10.779976,12.032238,12.233765,11.762863,11.594112,11.001148,10.967159,10.865101,11.187904,11.357365,11.475815,11.577221,11.611008,11.678528,11.695396,11.678528,12.049046,12.116257,11.964966,
3.910049,4.037365,3.946442,4.055538,4.019184,3.964630,3.982819,4.037365,4.001003,4.091881,4.037365,3.964630,4.037365,4.364071,4.364071,4.200836,4.164528,4.436539,4.527058,4.037365,3.855442,3.782589,4.490860,5.266499,4.581333,4.218987,4.091881,4.055538,4.418427,4.200836,4.091881,4.128212,4.037365,4.091881,4.128212,4.110050,4.110050,4.273415,4.436539,4.454651,4.382195,4.382195,4.364071,4.436539,4.472755,4.545155,4.454651,4.581333,4.490860,4.563248,4.707874,4.780113,5.014572,5.086613,5.428139,6.054455,6.517342,6.712570,6.588379,6.250534,6.179276,6.179276,6.090134,6.428486,7.172585,7.981499,8.104042,7.243172,6.481804,5.589546,5.050598,4.725941,4.490860,4.345943,4.490860,4.635590,4.906425,5.410194,5.428139,5.266499,5.068611,4.671738,4.508957,4.345943,4.436539,4.527058,4.653660,4.291550,4.001003,4.055538,4.454651,4.689812,4.707874,4.725941,4.725941,4.599422,4.436539,4.527058,4.924461,4.960514,4.545155,4.762062,4.599422,4.689812,4.834267,4.870358,4.816223,4.960514,4.888393,4.816223,4.671738,4.581333,4.508957,4.707874,5.032589,5.086613,5.158604,5.212570,5.338371,5.176598,5.158604,5.356339,5.499908,5.786484,6.214916,6.925133,7.981499,9.269539,9.286831,9.165710,9.165710,9.131081,9.096436,9.718216,10.319000,10.472908,10.387436,10.233398,10.096279,9.890244,9.873051,9.700993,9.476868,9.494129,9.200333,9.044441,9.044441,8.801476,8.627563,8.679768,8.627563,8.557915,8.505650,8.505650,8.435913,8.488220,8.104042,8.278851,8.366138,8.818848,8.940388,8.818848,8.592743,8.592743,8.575333,8.679768,8.644970,8.697163,8.766716,8.662369,8.731949,8.801476,8.923035,8.940388,8.662369,8.540497,8.540497,8.435913,8.557915,8.557915,8.470791,8.470791,8.523075,8.435913,8.470791,8.540497,8.610161,8.523075,8.505650,8.610161,8.488220,8.627563,8.784096,8.714558,8.662369,8.557915,8.470791,8.627563,8.627563,8.905678,9.027115,8.836220,8.644970,8.610161,8.697163,8.818848,9.009773,9.044441,8.940388,8.644970,8.679768,8.679768,8.749332,8.888317,8.923035,8.992432,8.905678,8.992432,9.044441,9.027115,9.113758,9.217640,9.200333,9.148392,9.009773,9.079109,9.044441,9.113758,9.165710,9.234943,9.338692,9.200333,9.079109,9.217640,9.425079,9.511379,9.217640,9.183022,9.165710,9.321407,9.355976,9.355976,9.407806,9.442345,9.511379,9.511379,9.494129,9.563126,9.649315,9.597610,9.459610,9.494129,9.838661,9.873051,9.580376,9.321407,9.234943,9.269539,9.096436,9.200333,9.131081,9.148392,9.079109,9.061775,9.148392,9.113758,9.234943,9.286831,9.252239,9.269539,9.338692,9.183022,9.148392,9.304119,9.200333,9.131081,9.113758,9.113758,9.113758,9.113758,9.234943,9.528633,9.700993,9.545887,9.269539,9.286831,9.286831,9.355976,9.321407,9.304119,9.338692,9.373260,9.425079,9.494129,9.614849,10.250530,10.216270,9.718216,9.528633,9.494129,9.494129,9.476868,9.580376,9.614849,9.597610,9.425079,9.407806,9.459610,9.338692,9.459610,9.442345,9.545887,9.614849,9.563126,9.597610,9.563126,9.528633,9.494129,9.494129,9.459610,9.321407,9.390537,9.476868,9.855862,10.301891,10.421631,9.752644,9.597610,9.563126,9.545887,9.476868,9.545887,9.511379,9.528633,9.459610,9.511379,9.494129,9.545887,10.130581,10.455822,10.336117,9.855862,9.666546,9.683773,9.563126,9.649315,9.683773,9.769852,9.700993,9.718216,9.666546,9.752644,9.787056,9.787056,9.700993,9.649315,9.683773,9.563126,9.580376,9.459610,9.321407,9.234943,9.217640,9.113758,8.992432,8.905678,8.992432,9.009773,9.183022,8.975086,9.044441,9.027115,8.940388,9.234943,9.407806,9.511379,9.511379,9.442345,9.459610,9.390537,9.425079,9.425079,9.355976,9.373260,9.286831,9.304119,9.304119,9.252239,9.321407,9.234943,9.269539,9.183022,9.165710,9.183022,9.044441,9.009773,9.061775,8.940388,8.940388,8.940388,8.957737,8.905678,8.818848,8.801476,8.749332,8.697163,8.697163,8.679768,8.610161,8.592743,8.505650,8.610161,8.488220,8.401035,8.470791,8.348686,8.366138,8.261383,8.191483,8.278851,8.156513,8.139027,8.208961,8.208961,8.069046,8.034035,7.928940,7.999016,8.051544,7.999016,7.963982,7.928940,7.928940,7.893879,7.876347,7.788635,7.841270,7.771088,7.735977,7.735977,7.718422,7.683289,7.648148,7.595413,7.577831,7.612995,7.507469,7.507469,7.489868,7.489868,7.419441,7.437057,7.437057,7.454662,7.401833,7.331345,7.384212,7.313717,7.296085,7.260815,7.278450,7.243172,7.260815,7.101940,7.296085,7.313717,7.225533,7.119606,7.207882,7.137272,7.101940,7.137272,7.084278,7.084278,7.031254,7.066605,7.066605,7.013577,7.066605,6.942829,6.960518,6.907440,6.978207,6.995895,6.960518,6.978207,6.907440,6.978207,7.031254,6.783474,6.872036,6.765751,6.836617,6.765751,6.854328,6.836617,6.854328,6.854328,6.872036,6.854328,6.907440,6.872036,6.872036,6.854328,6.818905,6.783474,6.872036,6.907440,6.872036,6.783474,6.748028,6.818905,6.783474,6.765751,6.783474,6.783474,6.783474,6.765751,6.730297,6.694839,6.659363,6.748028,6.677101,6.694839,6.641617,6.641617,6.641617,6.623875,6.588379,6.659363,6.588379,6.623875,6.606125,6.606125,6.570625,6.641617,6.552864,6.641617,6.552864,6.623875,6.517342,6.499577,6.517342,6.535103,6.535103,6.481804,6.481804,6.517342,6.517342,6.446259,6.392914,6.499577,6.428486,6.410706,6.428486,6.410706,6.339550,6.303955,6.286148,6.303955,6.357342,6.286148,6.232731,6.214916,6.143627,6.268349,6.232731,6.143627,6.197094,6.197094,6.197094,6.214916,6.161457,6.197094,6.161457,6.161457,6.232731,6.214916,6.232731,6.143627,6.197094,6.161457,6.143627,6.268349,6.143627,6.250534,6.161457,6.197094,6.197094,6.375134,6.357342,6.286148,6.286148,6.375134,6.410706,6.321754,6.357342,6.392914,6.446259,6.410706,6.464035,6.410706,6.481804,6.481804,6.623875,6.588379,6.641617,6.552864,6.677101,6.677101,6.694839,6.748028,6.854328,7.278450,7.489868,7.577831,7.753536,7.683289,8.016525,8.870953,10.233398,11.509636,12.183426,12.267311,11.830276,11.238777,10.797012,10.745911,10.797012,11.103065,11.221825,11.391228,11.441990,11.475815,11.594112,11.594112,11.678528,11.981785,12.133057,11.863968,
3.910049,4.001003,3.982819,3.964630,3.910049,3.727913,4.001003,3.910049,3.946442,3.982819,4.001003,3.928246,3.928246,4.019184,4.345943,4.255280,4.327812,4.454651,4.200836,3.928246,3.800804,3.654976,4.364071,5.050598,4.617508,4.291550,4.110050,4.472755,4.762062,4.309685,4.200836,4.218987,4.073711,4.073711,4.019184,4.055538,4.110050,4.291550,4.418427,4.454651,4.400314,4.345943,4.309685,4.418427,4.382195,4.273415,4.364071,4.345943,4.490860,4.545155,4.707874,4.707874,4.924461,4.906425,5.266499,5.750706,6.321754,6.641617,6.464035,6.286148,6.303955,6.214916,6.286148,6.375134,6.801193,7.735977,8.226437,7.577831,6.677101,6.000916,5.194580,4.780113,4.436539,4.364071,4.364071,4.454651,4.798172,5.032589,5.050598,5.086613,4.834267,4.617508,4.436539,4.364071,4.400314,4.508957,4.454651,4.182686,3.982819,4.237133,4.581333,4.816223,4.653660,4.490860,4.472755,4.472755,4.291550,4.436539,4.852314,4.870358,4.707874,4.743999,4.581333,4.707874,4.888393,4.798172,4.888393,4.852314,4.816223,4.834267,4.635590,4.545155,4.617508,4.816223,5.086613,5.032589,5.068611,5.194580,5.194580,4.996559,5.086613,5.212570,5.392242,5.643291,6.090134,6.730297,7.858810,8.975086,9.407806,9.269539,9.131081,9.044441,9.217640,9.476868,10.061974,10.199139,10.250530,10.216270,10.164867,10.061974,9.855862,9.752644,9.649315,9.563126,9.321407,9.425079,9.442345,9.373260,8.888317,8.662369,8.523075,8.435913,8.505650,8.383591,8.313774,8.139027,8.121536,8.034035,8.208961,8.766716,8.992432,8.575333,8.505650,8.505650,8.470791,8.505650,8.575333,8.575333,8.679768,8.627563,8.697163,8.766716,8.905678,8.818848,8.714558,8.644970,8.523075,8.505650,8.557915,8.557915,8.523075,8.435913,8.505650,8.540497,8.470791,8.627563,8.697163,8.836220,8.836220,8.731949,8.697163,8.731949,8.714558,8.784096,8.766716,8.766716,8.731949,8.784096,8.905678,9.131081,9.407806,8.957737,8.662369,8.644970,8.714558,8.714558,8.975086,8.923035,8.923035,8.697163,8.749332,8.766716,8.940388,8.905678,8.940388,8.905678,8.853588,8.940388,8.975086,9.009773,9.027115,9.027115,9.061775,9.044441,9.009773,9.009773,9.079109,9.096436,9.131081,9.044441,8.888317,8.801476,8.801476,8.853588,9.183022,9.165710,9.009773,8.992432,8.957737,9.027115,9.061775,9.044441,9.044441,8.957737,9.044441,8.923035,8.940388,9.321407,9.632080,9.425079,9.148392,9.113758,9.304119,9.373260,9.269539,9.304119,9.217640,9.304119,9.286831,9.234943,9.217640,9.252239,9.234943,9.113758,9.131081,9.165710,9.148392,9.200333,9.200333,9.131081,9.234943,9.165710,9.217640,9.131081,9.165710,9.113758,9.096436,9.061775,9.009773,9.079109,9.234943,9.735428,9.769852,9.407806,9.286831,9.252239,9.269539,9.321407,9.390537,9.338692,9.355976,9.425079,9.321407,9.528633,9.632080,9.683773,9.787056,9.735428,9.718216,9.700993,9.632080,9.632080,9.700993,9.718216,9.649315,9.614849,9.649315,9.804260,9.855862,10.061974,9.838661,9.563126,9.614849,9.580376,9.683773,9.683773,9.597610,9.597610,9.476868,9.373260,9.390537,9.286831,9.234943,10.182007,10.472908,10.301891,9.597610,9.355976,9.304119,9.442345,9.528633,9.597610,9.614849,9.563126,9.563126,9.528633,9.614849,9.649315,9.787056,9.993317,9.855862,9.769852,9.735428,9.787056,9.666546,9.821461,9.941792,9.976139,9.890244,9.821461,9.787056,9.855862,10.113426,10.216270,10.096279,9.821461,9.597610,9.649315,9.545887,9.459610,9.355976,9.269539,9.148392,8.923035,8.940388,8.836220,8.818848,8.992432,9.061775,8.940388,8.905678,8.905678,8.940388,9.165710,9.390537,9.476868,9.494129,9.373260,9.373260,9.390537,9.425079,9.321407,9.321407,9.338692,9.338692,9.269539,9.234943,9.234943,9.234943,9.183022,9.183022,9.165710,9.113758,9.165710,9.165710,9.061775,8.992432,9.044441,9.044441,9.044441,9.044441,8.888317,8.923035,8.923035,8.888317,8.888317,8.853588,8.870953,8.766716,8.888317,8.766716,8.766716,8.731949,8.662369,8.644970,8.610161,8.592743,8.575333,8.523075,8.557915,8.575333,8.523075,8.453358,8.401035,8.366138,8.366138,8.278851,8.208961,8.139027,8.139027,8.121536,8.069046,8.069046,7.946465,7.911411,7.876347,7.876347,7.893879,7.858810,7.806187,7.735977,7.700855,7.683289,7.648148,7.595413,7.595413,7.595413,7.577831,7.542656,7.577831,7.472267,7.366592,7.472267,7.437057,7.419441,7.384212,7.366592,7.348972,7.296085,7.296085,7.331345,7.331345,7.260815,7.225533,7.190231,7.243172,7.172585,7.172585,7.154926,7.066605,7.084278,7.154926,7.101940,7.154926,7.013577,7.031254,6.942829,7.013577,6.960518,7.048931,6.995895,6.907440,6.995895,6.978207,6.925133,6.925133,6.907440,6.836617,6.818905,6.854328,6.836617,6.818905,6.818905,6.801193,6.765751,6.836617,6.730297,6.783474,6.765751,6.801193,6.854328,6.748028,6.836617,6.712570,6.748028,6.730297,6.748028,6.748028,6.801193,6.677101,6.730297,6.712570,6.748028,6.641617,6.623875,6.552864,6.694839,6.641617,6.623875,6.588379,6.623875,6.606125,6.535103,6.606125,6.446259,6.570625,6.588379,6.588379,6.570625,6.535103,6.464035,6.464035,6.517342,6.552864,6.552864,6.481804,6.446259,6.570625,6.464035,6.499577,6.481804,6.517342,6.481804,6.499577,6.428486,6.410706,6.410706,6.446259,6.410706,6.339550,6.410706,6.392914,6.392914,6.392914,6.339550,6.375134,6.268349,6.303955,6.357342,6.321754,6.286148,6.321754,6.232731,6.232731,6.214916,6.161457,6.214916,6.214916,6.197094,6.161457,6.232731,6.161457,6.197094,6.161457,6.143627,6.143627,6.197094,6.125797,6.107971,6.161457,6.036610,6.107971,6.143627,6.054455,6.000916,6.072296,6.107971,6.036610,6.054455,6.072296,5.929482,6.000916,6.054455,6.125797,6.036610,5.983063,6.054455,6.161457,6.125797,6.107971,6.000916,6.054455,6.161457,6.232731,6.143627,6.286148,6.286148,6.428486,6.410706,6.499577,6.606125,6.801193,6.960518,7.207882,7.366592,7.507469,7.595413,7.771088,8.488220,9.425079,10.779976,11.813431,12.049046,12.032238,11.729134,11.018150,11.052120,11.204865,11.391228,11.560329,11.729134,12.015423,12.216988,12.300850,12.418129,12.384636,12.334373,12.434868,12.384636,11.813431,
3.800804,3.891846,3.855442,3.764370,3.800804,3.910049,3.964630,3.727913,3.654976,3.819023,3.964630,4.001003,3.873646,3.982819,4.345943,4.327812,4.364071,4.273415,4.164528,4.037365,3.782589,3.837234,4.055538,4.454651,4.255280,3.982819,4.037365,4.599422,4.978535,4.364071,4.146374,4.110050,4.073711,4.037365,3.873646,4.128212,4.146374,4.291550,4.490860,4.382195,4.364071,4.327812,4.327812,4.490860,4.309685,4.273415,4.218987,4.291550,4.454651,4.653660,4.725941,4.743999,4.834267,4.942490,5.194580,5.464031,6.000916,6.730297,6.659363,6.410706,6.321754,6.321754,6.161457,6.357342,6.570625,7.331345,8.016525,8.034035,7.225533,6.303955,5.535770,4.798172,4.400314,4.273415,4.200836,4.200836,4.508957,4.707874,4.870358,4.780113,4.581333,4.508957,4.364071,4.364071,4.400314,4.472755,4.418427,4.001003,3.928246,4.273415,4.978535,4.996559,4.527058,4.273415,4.237133,4.273415,4.345943,4.436539,4.671738,4.743999,4.762062,4.617508,4.635590,4.689812,4.870358,4.762062,4.780113,4.924461,4.888393,4.798172,4.581333,4.617508,4.780113,5.014572,4.978535,4.798172,4.888393,5.068611,4.942490,4.906425,5.014572,5.140610,5.320412,5.553699,5.893753,6.570625,7.401833,8.523075,9.580376,9.407806,9.131081,9.131081,9.131081,9.390537,9.476868,9.649315,9.907425,9.855862,9.855862,9.752644,9.632080,9.649315,9.528633,9.442345,9.390537,9.425079,9.700993,9.666546,9.113758,8.557915,8.383591,8.453358,8.383591,8.366138,8.348686,8.243912,8.156513,8.191483,8.261383,8.453358,8.523075,8.366138,8.296310,8.296310,8.331230,8.435913,8.296310,8.435913,8.418476,8.644970,8.644970,8.575333,8.801476,8.784096,8.801476,8.749332,8.662369,8.644970,8.557915,8.540497,8.505650,8.488220,8.366138,8.435913,8.383591,8.575333,8.801476,9.061775,8.957737,8.749332,8.784096,8.749332,8.836220,8.818848,8.905678,8.888317,8.766716,8.905678,9.027115,9.217640,9.131081,8.905678,8.784096,8.679768,8.801476,8.766716,8.853588,8.905678,8.940388,9.027115,8.853588,8.905678,8.905678,9.096436,9.079109,8.923035,8.853588,8.836220,8.888317,8.940388,8.992432,8.992432,8.992432,8.957737,8.992432,8.940388,8.905678,9.165710,9.442345,9.252239,8.749332,8.714558,8.627563,8.644970,8.784096,8.801476,8.731949,8.592743,8.731949,8.714558,8.766716,8.749332,8.662369,8.540497,8.592743,8.505650,8.557915,9.027115,9.459610,9.113758,8.731949,8.818848,9.027115,8.870953,8.870953,9.009773,9.131081,9.113758,9.131081,9.165710,9.200333,9.217640,9.113758,9.113758,9.096436,9.061775,9.234943,9.200333,9.269539,9.217640,9.183022,9.200333,9.269539,9.148392,9.338692,9.373260,9.338692,9.217640,9.217640,9.165710,9.304119,9.649315,9.511379,9.373260,9.286831,9.217640,9.113758,9.200333,9.304119,9.304119,9.304119,9.165710,9.217640,9.200333,9.234943,9.338692,9.355976,9.390537,9.459610,9.494129,9.632080,9.580376,9.614849,9.597610,9.666546,9.683773,9.666546,9.563126,9.821461,10.061974,10.147728,9.683773,9.390537,9.442345,9.545887,9.580376,9.580376,9.545887,9.614849,9.476868,9.425079,9.355976,9.476868,9.890244,10.079128,9.993317,9.494129,9.407806,9.390537,9.442345,9.425079,9.528633,9.563126,9.632080,9.494129,9.563126,9.563126,9.580376,9.666546,9.632080,9.580376,9.614849,9.494129,9.580376,9.563126,9.614849,9.700993,9.787056,9.718216,9.614849,9.632080,9.735428,10.113426,10.336117,10.061974,9.649315,9.252239,9.148392,9.096436,9.131081,9.096436,9.044441,9.148392,9.027115,8.957737,8.870953,8.870953,8.940388,8.957737,8.905678,8.836220,8.853588,8.888317,9.044441,9.148392,9.217640,9.165710,9.200333,9.269539,9.252239,9.217640,9.286831,9.217640,9.200333,9.148392,9.200333,9.217640,9.131081,9.113758,9.131081,9.183022,9.079109,9.061775,9.079109,9.044441,9.079109,9.009773,9.009773,8.957737,8.923035,9.009773,8.870953,8.992432,8.975086,8.940388,8.853588,8.888317,8.766716,8.836220,8.853588,8.801476,8.766716,8.766716,8.766716,8.766716,8.644970,8.714558,8.749332,8.610161,8.627563,8.557915,8.575333,8.488220,8.505650,8.453358,8.505650,8.505650,8.366138,8.383591,8.261383,8.261383,8.313774,8.191483,8.261383,8.121536,8.139027,8.086544,8.051544,8.034035,7.963982,7.981499,7.876347,7.841270,7.858810,7.841270,7.823730,7.718422,7.753536,7.718422,7.577831,7.525059,7.489868,7.542656,7.525059,7.454662,7.489868,7.401833,7.384212,7.366592,7.348972,7.278450,7.278450,7.313717,7.313717,7.243172,7.331345,7.190231,7.119606,7.172585,7.154926,7.119606,7.084278,7.101940,7.084278,6.995895,7.013577,7.066605,6.978207,6.995895,7.013577,6.978207,6.978207,6.960518,6.978207,6.907440,6.942829,6.960518,6.942829,6.889732,6.907440,6.801193,6.765751,6.889732,6.836617,6.836617,6.765751,6.818905,6.730297,6.730297,6.765751,6.765751,6.783474,6.730297,6.677101,6.677101,6.659363,6.606125,6.694839,6.641617,6.712570,6.641617,6.606125,6.677101,6.659363,6.570625,6.641617,6.606125,6.552864,6.535103,6.677101,6.606125,6.535103,6.552864,6.499577,6.481804,6.535103,6.499577,6.535103,6.499577,6.410706,6.446259,6.392914,6.446259,6.499577,6.499577,6.481804,6.464035,6.392914,6.446259,6.428486,6.428486,6.428486,6.428486,6.321754,6.392914,6.375134,6.392914,6.375134,6.339550,6.321754,6.303955,6.286148,6.303955,6.339550,6.446259,6.339550,6.268349,6.197094,6.303955,6.250534,6.250534,6.232731,6.268349,6.232731,6.232731,6.250534,6.214916,6.179276,6.197094,6.179276,6.107971,6.125797,6.125797,6.125797,6.107971,6.000916,6.161457,6.000916,5.965206,6.000916,6.197094,5.983063,6.072296,6.036610,6.072296,6.018761,6.072296,5.965206,5.983063,6.018761,6.000916,6.000916,5.911625,5.947346,6.036610,5.893753,5.983063,6.000916,5.983063,5.929482,5.983063,6.036610,6.072296,6.036610,6.036610,6.161457,6.090134,6.179276,6.054455,6.197094,6.357342,6.677101,7.013577,7.296085,7.437057,7.472267,7.630577,7.858810,8.975086,10.216270,11.611008,12.015423,11.931309,11.998611,11.458900,11.018150,10.984158,11.069107,11.255722,11.577221,11.729134,11.981785,12.133057,12.401375,12.418129,12.367878,12.418129,12.284077,12.133057,11.712273,
3.819023,3.709686,3.673222,3.490696,3.618496,4.001003,4.019184,3.727913,3.581997,3.581997,3.873646,3.910049,3.891846,3.946442,4.055538,4.617508,4.816223,4.545155,4.689812,4.635590,3.873646,3.709686,4.110050,4.091881,3.946442,3.800804,3.910049,4.364071,4.798172,4.364071,4.110050,4.164528,4.146374,4.073711,4.146374,4.146374,4.128212,4.309685,4.327812,4.400314,4.237133,4.309685,4.364071,4.400314,4.255280,4.110050,4.218987,4.345943,4.563248,4.653660,4.852314,4.743999,4.707874,4.924461,4.978535,5.284477,5.750706,6.517342,6.641617,6.606125,6.286148,6.197094,6.339550,6.232731,6.303955,6.783474,7.648148,8.034035,7.507469,6.464035,5.625381,4.780113,4.436539,4.182686,4.019184,3.964630,4.146374,4.382195,4.689812,4.671738,4.545155,4.382195,4.345943,4.309685,4.382195,4.382195,4.146374,3.964630,4.037365,4.364071,5.050598,4.798172,4.291550,4.091881,4.146374,4.128212,4.327812,4.599422,4.599422,4.707874,4.671738,4.671738,4.762062,4.762062,4.834267,4.780113,4.834267,5.014572,4.906425,4.816223,4.671738,4.581333,4.545155,4.798172,4.671738,4.725941,4.725941,4.834267,4.816223,4.870358,4.960514,5.032589,5.248528,5.571625,5.858009,6.588379,7.366592,8.401035,9.511379,9.511379,9.252239,9.113758,9.096436,9.113758,9.373260,9.873051,9.890244,9.958965,9.941792,9.804260,9.700993,9.563126,9.425079,9.321407,9.234943,9.338692,9.528633,9.752644,8.940388,8.313774,8.243912,8.191483,8.208961,8.278851,8.261383,8.278851,8.104042,8.121536,8.034035,8.086544,8.086544,8.104042,8.174004,8.296310,8.191483,8.243912,8.069046,8.156513,8.208961,8.366138,8.348686,8.313774,8.540497,8.853588,8.905678,8.697163,8.575333,8.505650,8.540497,8.505650,8.453358,8.453358,8.453358,8.523075,8.540497,8.610161,8.957737,9.061775,8.975086,8.836220,8.731949,8.697163,8.679768,8.749332,8.818848,8.853588,8.818848,8.801476,8.818848,8.940388,8.905678,8.836220,8.749332,8.888317,8.888317,8.749332,8.836220,8.957737,9.044441,8.992432,8.923035,8.975086,9.079109,9.269539,9.200333,9.061775,8.766716,8.714558,8.731949,8.853588,8.853588,8.923035,8.975086,8.836220,8.853588,8.836220,8.818848,9.200333,9.494129,9.269539,8.992432,8.940388,8.853588,8.801476,8.853588,8.731949,8.540497,8.610161,8.575333,8.610161,8.697163,8.714558,8.697163,8.540497,8.540497,8.453358,8.470791,8.575333,8.697163,8.644970,8.505650,8.679768,8.644970,8.714558,8.679768,9.061775,9.217640,9.183022,9.061775,9.044441,9.044441,9.113758,9.096436,8.992432,9.061775,8.975086,9.131081,9.044441,9.079109,9.044441,8.975086,8.992432,8.905678,8.888317,9.183022,9.528633,9.407806,9.252239,9.165710,9.131081,9.200333,9.200333,9.442345,9.390537,9.355976,9.304119,9.113758,9.200333,9.373260,9.545887,9.373260,9.044441,8.888317,9.027115,9.027115,9.044441,9.183022,9.165710,9.148392,9.234943,9.338692,9.321407,9.304119,9.252239,9.338692,9.304119,9.511379,9.442345,9.511379,9.890244,10.096279,9.476868,9.131081,9.200333,9.131081,9.113758,9.027115,9.321407,9.183022,9.407806,9.338692,9.355976,9.269539,9.407806,9.632080,9.511379,9.425079,9.390537,9.459610,9.390537,9.545887,9.494129,9.425079,9.494129,9.528633,9.597610,9.666546,10.044807,10.113426,10.027649,9.873051,9.407806,9.338692,9.355976,9.476868,9.355976,9.442345,9.407806,9.511379,9.494129,9.494129,9.511379,10.113426,10.267654,10.113426,9.425079,8.853588,8.714558,8.853588,8.731949,8.784096,8.749332,8.749332,8.731949,8.540497,8.505650,8.610161,8.818848,8.870953,8.766716,8.731949,8.836220,8.697163,8.957737,8.975086,9.027115,9.044441,8.992432,9.027115,9.027115,9.027115,8.957737,8.940388,8.957737,8.992432,8.923035,8.923035,8.905678,8.923035,8.905678,8.853588,8.870953,8.992432,9.079109,8.888317,8.905678,8.905678,8.975086,8.870953,8.870953,8.836220,8.784096,8.836220,8.836220,8.801476,8.818848,8.853588,8.818848,8.818848,8.766716,8.766716,8.714558,8.731949,8.749332,8.697163,8.714558,8.662369,8.714558,8.627563,8.679768,8.627563,8.523075,8.505650,8.523075,8.470791,8.348686,8.540497,8.418476,8.418476,8.348686,8.331230,8.313774,8.383591,8.243912,8.226437,8.261383,8.208961,8.139027,8.086544,8.139027,8.051544,8.104042,8.051544,8.034035,7.999016,7.928940,7.928940,7.928940,7.788635,7.876347,7.858810,7.823730,7.735977,7.788635,7.718422,7.665718,7.648148,7.648148,7.612995,7.507469,7.507469,7.577831,7.525059,7.489868,7.401833,7.384212,7.366592,7.296085,7.243172,7.296085,7.172585,7.154926,7.137272,7.207882,7.119606,7.084278,7.048931,7.066605,7.066605,7.031254,7.066605,6.942829,6.995895,7.013577,7.013577,6.978207,7.031254,6.942829,6.872036,6.836617,6.836617,6.889732,6.889732,6.854328,6.765751,6.872036,6.783474,6.748028,6.712570,6.677101,6.730297,6.730297,6.712570,6.677101,6.677101,6.694839,6.623875,6.623875,6.588379,6.570625,6.606125,6.570625,6.517342,6.481804,6.588379,6.570625,6.623875,6.517342,6.535103,6.570625,6.535103,6.464035,6.481804,6.481804,6.517342,6.446259,6.464035,6.357342,6.357342,6.446259,6.446259,6.375134,6.410706,6.357342,6.392914,6.392914,6.446259,6.321754,6.392914,6.321754,6.446259,6.321754,6.321754,6.250534,6.303955,6.268349,6.303955,6.179276,6.214916,6.303955,6.250534,6.250534,6.286148,6.197094,6.214916,6.125797,6.090134,6.179276,6.090134,6.179276,6.197094,6.179276,6.161457,6.125797,6.125797,6.090134,6.143627,6.107971,6.036610,6.107971,6.072296,6.090134,6.072296,6.072296,6.072296,6.036610,6.054455,6.090134,6.072296,6.018761,6.000916,6.143627,6.018761,6.036610,6.054455,5.983063,6.018761,6.054455,6.018761,5.983063,5.983063,5.911625,6.000916,5.947346,5.911625,5.965206,5.947346,6.000916,5.947346,6.036610,6.036610,6.072296,5.965206,6.054455,6.054455,6.072296,6.107971,6.000916,6.072296,6.197094,6.286148,6.659363,7.066605,7.190231,7.437057,7.401833,7.735977,8.121536,9.338692,10.933151,11.948143,11.931309,11.830276,11.560329,11.204865,10.831066,10.814041,10.984158,11.018150,11.035133,11.340439,11.492725,11.695396,11.779716,11.712273,11.729134,11.560329,11.543430,11.441990,11.441990,
3.855442,3.727913,3.600243,3.600243,3.581997,3.946442,3.910049,3.709686,3.600243,3.691456,3.910049,4.001003,3.910049,3.837234,3.928246,4.490860,4.906425,4.653660,5.750706,5.553699,4.128212,3.837234,4.146374,4.110050,3.891846,3.855442,3.837234,4.128212,4.816223,4.563248,4.218987,4.327812,4.364071,4.400314,4.237133,4.273415,4.200836,4.291550,4.309685,4.309685,4.382195,4.309685,4.255280,4.237133,4.200836,4.200836,4.218987,4.309685,4.563248,4.653660,4.635590,4.653660,4.527058,4.798172,4.798172,5.158604,5.499908,6.054455,6.623875,6.659363,6.481804,6.268349,6.214916,6.179276,6.214916,6.446259,7.207882,7.999016,7.788635,6.783474,5.804367,5.086613,4.581333,4.200836,3.964630,4.019184,4.091881,4.472755,4.617508,4.635590,4.436539,4.345943,4.345943,4.436539,4.364071,4.255280,4.182686,4.019184,4.055538,4.364071,4.707874,4.490860,4.146374,3.964630,4.128212,4.073711,4.345943,4.545155,4.707874,4.653660,4.762062,4.689812,4.798172,4.725941,4.852314,4.798172,4.996559,4.996559,4.942490,4.888393,4.689812,4.472755,4.472755,4.454651,4.545155,4.617508,4.563248,4.617508,4.707874,4.798172,4.996559,5.176598,5.212570,5.517838,5.947346,6.623875,7.648148,8.592743,9.459610,9.563126,9.338692,9.165710,9.009773,9.217640,9.494129,10.147728,10.199139,10.182007,10.267654,10.199139,10.061974,9.976139,9.787056,9.632080,9.494129,9.373260,9.476868,9.373260,8.784096,8.540497,8.348686,8.226437,8.191483,8.191483,8.208961,8.243912,8.121536,7.946465,7.946465,7.946465,8.139027,8.191483,8.139027,8.034035,8.086544,8.121536,8.174004,8.191483,8.208961,8.191483,8.121536,8.139027,8.296310,8.766716,8.975086,8.801476,8.488220,8.383591,8.366138,8.331230,8.331230,8.453358,8.418476,8.401035,8.331230,8.470791,8.731949,8.766716,8.784096,8.644970,8.644970,8.488220,8.575333,8.540497,8.644970,8.731949,8.801476,8.714558,8.697163,8.801476,8.853588,8.905678,8.784096,8.714558,8.714558,8.731949,8.888317,8.801476,8.888317,8.888317,8.905678,8.888317,8.801476,9.234943,9.390537,9.200333,8.749332,8.662369,8.610161,8.662369,8.731949,8.644970,8.644970,8.731949,8.870953,8.836220,8.836220,8.888317,9.044441,9.027115,9.061775,9.113758,9.061775,9.096436,9.061775,8.940388,8.801476,8.697163,8.731949,8.714558,9.027115,9.252239,9.061775,8.766716,8.644970,8.575333,8.592743,8.575333,8.540497,8.523075,8.610161,8.714558,8.731949,8.766716,8.818848,9.373260,9.563126,9.390537,9.096436,9.044441,9.061775,9.044441,9.009773,9.061775,9.096436,8.975086,9.096436,9.131081,9.079109,8.992432,8.992432,8.870953,8.784096,8.766716,9.061775,9.321407,9.234943,9.079109,8.992432,9.027115,8.992432,9.113758,9.096436,9.269539,9.286831,9.096436,8.992432,8.992432,9.425079,9.563126,9.476868,9.044441,8.697163,8.749332,8.714558,8.853588,8.888317,8.766716,8.818848,8.957737,8.992432,9.027115,9.113758,9.009773,9.131081,9.200333,9.373260,9.304119,9.234943,9.528633,9.666546,9.252239,9.113758,9.148392,9.009773,8.992432,9.113758,9.234943,9.304119,9.442345,9.304119,9.234943,9.286831,9.338692,9.528633,9.425079,9.442345,9.390537,9.425079,9.304119,9.407806,9.494129,9.425079,9.373260,9.338692,9.494129,9.563126,10.353233,10.455822,10.370338,9.855862,9.286831,9.252239,9.286831,9.234943,9.321407,9.286831,9.390537,9.390537,9.338692,9.304119,9.321407,9.459610,9.614849,9.580376,9.131081,8.905678,8.940388,8.888317,8.679768,8.644970,8.731949,8.697163,8.679768,8.610161,8.453358,8.697163,8.697163,8.714558,8.540497,8.627563,8.610161,8.575333,8.505650,8.610161,8.557915,8.540497,8.592743,8.505650,8.557915,8.592743,8.679768,8.679768,8.662369,8.610161,8.627563,8.697163,8.627563,8.731949,8.697163,8.679768,8.662369,8.731949,8.731949,8.784096,8.697163,8.697163,8.679768,8.662369,8.679768,8.749332,8.697163,8.627563,8.610161,8.627563,8.644970,8.644970,8.575333,8.679768,8.557915,8.627563,8.557915,8.610161,8.610161,8.575333,8.592743,8.523075,8.540497,8.575333,8.575333,8.557915,8.505650,8.418476,8.470791,8.435913,8.418476,8.383591,8.348686,8.348686,8.366138,8.313774,8.278851,8.296310,8.174004,8.191483,8.226437,8.156513,8.191483,8.104042,8.121536,8.104042,8.069046,8.051544,8.034035,8.016525,7.999016,7.999016,7.893879,7.858810,7.858810,7.876347,7.841270,7.806187,7.771088,7.841270,7.718422,7.700855,7.630577,7.648148,7.648148,7.595413,7.577831,7.630577,7.648148,7.560242,7.612995,7.560242,7.560242,7.525059,7.577831,7.454662,7.525059,7.401833,7.348972,7.331345,7.225533,7.366592,7.260815,7.260815,7.296085,7.278450,7.137272,7.154926,7.225533,7.225533,7.119606,7.048931,7.031254,7.066605,6.978207,6.907440,7.013577,6.978207,6.854328,6.836617,6.818905,6.801193,6.801193,6.783474,6.801193,6.748028,6.748028,6.677101,6.730297,6.730297,6.677101,6.659363,6.712570,6.694839,6.694839,6.623875,6.641617,6.588379,6.641617,6.606125,6.606125,6.588379,6.517342,6.552864,6.641617,6.588379,6.535103,6.481804,6.428486,6.428486,6.499577,6.464035,6.392914,6.410706,6.375134,6.446259,6.499577,6.357342,6.339550,6.410706,6.410706,6.357342,6.375134,6.268349,6.286148,6.303955,6.339550,6.286148,6.250534,6.321754,6.197094,6.250534,6.197094,6.250534,6.072296,6.143627,6.197094,6.125797,6.143627,6.161457,6.054455,6.000916,6.054455,6.054455,6.125797,6.107971,6.054455,6.072296,6.018761,6.000916,6.054455,5.947346,6.018761,5.983063,6.018761,5.965206,6.018761,5.947346,6.000916,5.893753,5.947346,5.893753,5.786484,5.875885,5.947346,5.947346,5.893753,5.947346,5.911625,5.965206,5.858009,5.858009,5.947346,5.893753,5.983063,5.947346,5.983063,5.875885,5.911625,5.947346,5.858009,5.947346,6.018761,5.965206,5.947346,6.000916,5.965206,5.947346,6.018761,5.965206,6.000916,5.929482,6.090134,6.090134,6.214916,6.446259,6.818905,7.031254,7.119606,7.260815,7.437057,7.683289,8.505650,9.890244,11.221825,11.931309,11.897648,11.644768,11.357365,10.899132,10.831066,11.052120,11.137009,11.255722,11.441990,11.661655,11.880806,11.830276,11.779716,11.678528,11.560329,11.509636,11.408150,11.289619,11.103065,
3.746143,3.709686,3.527222,3.691456,3.727913,3.873646,3.946442,3.873646,3.891846,3.837234,3.928246,3.964630,3.964630,3.837234,3.910049,4.055538,4.400314,4.689812,6.268349,6.107971,4.237133,3.928246,4.255280,4.327812,3.837234,3.837234,3.891846,4.001003,4.508957,4.653660,4.400314,4.291550,4.581333,4.472755,4.327812,4.291550,4.309685,4.364071,4.291550,4.327812,4.436539,4.345943,4.273415,4.182686,4.073711,4.182686,4.200836,4.218987,4.382195,4.527058,4.563248,4.581333,4.653660,4.635590,4.798172,5.086613,5.248528,5.786484,6.499577,6.712570,6.570625,6.392914,6.250534,6.179276,6.197094,6.321754,6.677101,7.665718,7.981499,7.190231,6.214916,5.338371,4.798172,4.400314,4.273415,4.073711,4.418427,4.707874,4.689812,4.527058,4.418427,4.418427,4.309685,4.309685,4.255280,4.019184,4.001003,4.073711,4.164528,4.490860,4.508957,4.200836,4.128212,3.964630,4.091881,4.091881,4.146374,4.635590,4.725941,4.671738,4.780113,4.924461,4.924461,4.852314,4.798172,4.816223,5.014572,4.960514,4.888393,4.780113,4.689812,4.418427,4.327812,4.454651,4.418427,4.472755,4.508957,4.599422,4.635590,4.870358,5.176598,5.176598,5.302444,5.553699,6.000916,6.641617,7.437057,8.261383,8.888317,9.528633,9.442345,9.234943,9.044441,9.148392,9.304119,9.683773,10.233398,10.267654,10.353233,10.164867,10.130581,10.061974,9.993317,9.735428,9.632080,9.355976,9.252239,8.905678,8.662369,8.592743,8.523075,8.383591,8.383591,8.261383,8.278851,8.278851,8.121536,8.051544,8.104042,8.069046,8.557915,8.731949,8.592743,8.331230,8.208961,8.226437,8.208961,8.261383,8.208961,8.174004,8.208961,8.191483,8.296310,8.853588,8.853588,8.697163,8.331230,8.435913,8.296310,8.313774,8.313774,8.313774,8.348686,8.278851,8.313774,8.383591,8.470791,8.418476,8.610161,8.435913,8.418476,8.453358,8.540497,8.557915,8.540497,8.557915,8.592743,8.575333,8.662369,8.662369,8.905678,9.061775,8.923035,8.644970,8.557915,8.610161,8.749332,8.697163,8.731949,8.731949,8.749332,8.731949,8.627563,8.870953,9.183022,8.957737,8.697163,8.557915,8.627563,8.662369,8.627563,8.610161,8.679768,8.784096,8.784096,8.749332,8.644970,8.679768,8.853588,8.766716,8.679768,8.714558,8.731949,8.784096,8.801476,8.784096,8.749332,8.801476,8.714558,8.644970,9.321407,9.511379,9.183022,8.662369,8.575333,8.610161,8.540497,8.575333,8.540497,8.662369,8.749332,8.766716,8.905678,8.940388,9.113758,9.252239,9.407806,9.252239,9.131081,9.061775,9.061775,8.940388,8.975086,9.027115,9.044441,9.096436,9.113758,9.061775,9.183022,9.113758,9.165710,9.113758,9.044441,9.079109,9.148392,9.165710,9.113758,9.079109,9.061775,9.079109,9.079109,9.027115,9.061775,9.390537,9.545887,9.321407,8.975086,8.888317,9.165710,9.390537,9.252239,8.992432,8.784096,8.766716,8.714558,8.784096,8.766716,8.784096,8.853588,8.940388,9.061775,8.975086,8.992432,9.044441,8.975086,9.009773,9.009773,9.131081,9.027115,9.113758,9.234943,9.286831,9.165710,9.113758,9.027115,9.009773,9.286831,9.804260,9.597610,9.442345,9.407806,9.407806,9.425079,9.459610,9.476868,9.545887,9.614849,9.632080,9.459610,9.459610,9.528633,9.614849,9.632080,9.580376,9.597610,9.580376,9.769852,10.438725,10.489990,10.438725,10.113426,9.666546,9.476868,9.442345,9.442345,9.425079,9.373260,9.355976,9.304119,9.390537,9.407806,9.269539,9.407806,9.286831,9.234943,9.044441,8.940388,8.975086,8.870953,8.870953,8.766716,8.697163,8.766716,8.557915,8.470791,8.627563,8.679768,8.575333,8.348686,8.174004,8.104042,8.191483,8.174004,7.963982,7.806187,7.753536,7.858810,7.771088,7.893879,7.841270,7.893879,7.893879,7.876347,7.963982,7.946465,7.963982,8.051544,8.104042,8.121536,8.174004,8.226437,8.156513,8.174004,8.278851,8.383591,8.453358,8.401035,8.383591,8.313774,8.331230,8.435913,8.418476,8.418476,8.366138,8.383591,8.366138,8.453358,8.348686,8.366138,8.366138,8.435913,8.418476,8.470791,8.401035,8.366138,8.331230,8.313774,8.331230,8.261383,8.331230,8.313774,8.313774,8.348686,8.261383,8.278851,8.261383,8.208961,8.174004,8.243912,8.191483,8.156513,8.174004,8.139027,8.174004,8.139027,8.174004,8.104042,8.104042,8.051544,8.016525,8.069046,8.016525,8.016525,8.016525,7.946465,7.893879,7.911411,7.876347,7.928940,7.876347,7.823730,7.806187,7.841270,7.771088,7.771088,7.735977,7.771088,7.718422,7.718422,7.665718,7.648148,7.648148,7.612995,7.683289,7.595413,7.560242,7.507469,7.472267,7.489868,7.507469,7.507469,7.454662,7.437057,7.472267,7.437057,7.384212,7.313717,7.348972,7.331345,7.366592,7.313717,7.260815,7.207882,7.278450,7.313717,7.296085,7.207882,7.190231,7.172585,7.190231,7.154926,7.084278,7.137272,7.119606,7.066605,7.084278,6.995895,7.031254,6.942829,6.978207,6.889732,6.907440,6.889732,6.818905,6.836617,6.836617,6.818905,6.818905,6.818905,6.765751,6.712570,6.765751,6.801193,6.659363,6.623875,6.623875,6.623875,6.588379,6.641617,6.606125,6.552864,6.659363,6.517342,6.552864,6.481804,6.481804,6.464035,6.375134,6.392914,6.446259,6.446259,6.357342,6.321754,6.339550,6.339550,6.303955,6.286148,6.321754,6.321754,6.286148,6.250534,6.250534,6.232731,6.321754,6.303955,6.268349,6.232731,6.232731,6.250534,6.197094,6.179276,6.161457,6.143627,6.072296,6.018761,6.054455,6.090134,6.072296,6.090134,6.090134,6.090134,5.947346,6.018761,6.018761,5.929482,5.947346,5.893753,5.893753,5.875885,5.875885,5.875885,5.840134,5.804367,5.840134,5.840134,5.804367,5.858009,5.840134,5.840134,5.822250,5.875885,5.750706,5.768597,5.768597,5.822250,5.661201,5.714912,5.768597,5.768597,5.822250,5.750706,5.893753,5.786484,5.786484,5.822250,5.822250,5.804367,5.911625,5.911625,5.804367,5.929482,5.947346,6.000916,6.018761,6.018761,5.893753,6.000916,6.125797,6.125797,6.197094,6.499577,6.889732,6.978207,7.084278,7.207882,7.489868,8.034035,9.131081,10.541225,11.594112,11.813431,11.779716,11.425068,11.187904,11.120033,11.103065,11.323498,11.441990,11.762863,11.863968,12.015423,12.116257,12.166641,12.065849,12.065849,12.149849,11.964966,11.762863,11.762863,11.441990,
3.855442,3.691456,3.800804,3.837234,3.800804,3.964630,3.964630,4.001003,4.001003,3.946442,3.855442,3.946442,3.964630,3.782589,3.928246,4.091881,4.182686,4.364071,5.893753,6.125797,4.563248,3.982819,4.255280,4.309685,4.055538,4.037365,3.964630,4.037365,4.273415,4.599422,4.382195,4.454651,4.508957,4.454651,4.255280,4.237133,4.237133,4.255280,4.200836,4.273415,4.291550,4.237133,4.164528,4.146374,4.110050,4.164528,4.273415,4.200836,4.345943,4.472755,4.472755,4.581333,4.617508,4.671738,4.816223,4.906425,5.050598,5.320412,5.965206,6.623875,6.552864,6.268349,6.250534,6.232731,6.161457,6.197094,6.428486,7.296085,7.946465,7.595413,6.570625,5.661201,4.942490,4.527058,4.345943,4.508957,4.906425,5.068611,5.104614,4.599422,4.400314,4.436539,4.418427,4.364071,4.073711,4.001003,4.110050,4.146374,4.273415,4.545155,4.382195,4.110050,4.001003,3.982819,4.019184,4.055538,4.255280,4.527058,4.780113,4.834267,4.780113,4.816223,4.834267,4.834267,4.834267,4.888393,5.014572,4.960514,4.924461,4.924461,4.671738,4.436539,4.418427,4.400314,4.364071,4.472755,4.472755,4.563248,4.671738,4.870358,5.032589,5.122616,5.356339,5.697014,6.054455,6.517342,7.048931,7.718422,8.278851,9.113758,9.459610,9.338692,9.131081,9.061775,9.200333,9.700993,10.370338,10.421631,10.507072,10.455822,10.284771,10.233398,10.096279,9.804260,9.580376,9.286831,9.079109,9.009773,8.940388,8.749332,8.592743,8.435913,8.418476,8.348686,8.383591,8.243912,8.191483,8.139027,8.156513,8.331230,8.957737,9.131081,8.853588,8.383591,8.174004,8.086544,8.174004,8.243912,8.243912,8.226437,8.331230,8.331230,8.470791,8.557915,8.714558,8.435913,8.453358,8.505650,8.470791,8.401035,8.313774,8.383591,8.418476,8.488220,8.523075,8.505650,8.470791,8.523075,8.523075,8.488220,8.453358,8.296310,8.313774,8.348686,8.401035,8.348686,8.383591,8.418476,8.435913,8.435913,8.836220,9.027115,8.888317,8.435913,8.348686,8.348686,8.488220,8.348686,8.348686,8.366138,8.401035,8.453358,8.470791,8.488220,8.766716,8.766716,8.731949,8.627563,8.610161,8.592743,8.557915,8.557915,8.610161,8.610161,8.818848,8.784096,8.766716,8.784096,8.870953,8.957737,8.610161,8.523075,8.470791,8.523075,8.523075,8.592743,8.610161,8.662369,8.488220,8.540497,8.957737,9.476868,9.183022,8.662369,8.592743,8.575333,8.575333,8.540497,8.610161,8.627563,8.784096,8.731949,8.766716,8.905678,8.940388,9.269539,9.113758,9.079109,9.096436,8.992432,8.940388,8.940388,8.975086,8.992432,9.044441,9.044441,8.992432,9.148392,9.373260,9.494129,9.476868,9.113758,9.131081,9.096436,9.148392,9.148392,9.165710,9.234943,9.131081,9.217640,9.044441,9.217640,9.234943,9.700993,9.890244,9.614849,9.079109,8.905678,8.923035,9.061775,8.992432,8.923035,9.027115,8.992432,8.957737,8.905678,8.905678,9.009773,8.940388,8.992432,9.148392,9.234943,9.321407,9.217640,9.269539,9.061775,9.044441,9.079109,9.148392,9.113758,9.165710,9.459610,9.407806,9.338692,9.183022,9.027115,9.321407,9.838661,9.804260,9.476868,9.459610,9.494129,9.442345,9.528633,9.442345,9.476868,9.511379,9.528633,9.580376,9.528633,9.941792,9.976139,9.907425,9.821461,9.735428,9.649315,9.890244,9.976139,10.267654,10.164867,10.096279,10.147728,10.130581,10.113426,10.027649,9.924606,9.873051,9.769852,9.873051,9.752644,9.683773,9.614849,9.666546,9.718216,9.545887,9.442345,9.234943,9.096436,9.027115,8.992432,8.853588,8.818848,8.731949,8.575333,8.557915,8.575333,8.540497,8.435913,7.963982,7.612995,7.525059,7.630577,7.612995,7.507469,7.437057,7.296085,7.296085,7.260815,7.278450,7.278450,7.313717,7.296085,7.225533,7.243172,7.278450,7.296085,7.243172,7.278450,7.313717,7.454662,7.454662,7.489868,7.384212,7.560242,7.560242,7.648148,7.595413,7.630577,7.630577,7.665718,7.700855,7.700855,7.753536,7.753536,7.858810,7.876347,7.876347,7.841270,7.876347,8.051544,8.034035,8.121536,8.051544,8.016525,8.016525,8.051544,8.051544,8.086544,8.069046,8.156513,8.139027,8.139027,8.139027,8.086544,8.104042,8.034035,8.086544,8.069046,8.034035,8.034035,7.999016,8.016525,8.086544,8.016525,8.034035,7.999016,7.946465,7.981499,7.893879,7.876347,7.911411,7.876347,7.893879,7.858810,7.806187,7.823730,7.806187,7.823730,7.806187,7.788635,7.735977,7.753536,7.665718,7.753536,7.771088,7.718422,7.665718,7.648148,7.665718,7.630577,7.648148,7.595413,7.612995,7.595413,7.577831,7.577831,7.595413,7.542656,7.525059,7.542656,7.489868,7.507469,7.489868,7.384212,7.401833,7.419441,7.401833,7.419441,7.384212,7.401833,7.348972,7.366592,7.348972,7.296085,7.260815,7.384212,7.366592,7.260815,7.207882,7.260815,7.278450,7.225533,7.207882,7.154926,7.154926,7.190231,7.207882,7.172585,7.172585,7.207882,7.101940,7.084278,7.137272,7.101940,7.101940,7.137272,7.084278,7.048931,7.137272,6.995895,6.978207,6.889732,6.995895,6.942829,6.907440,6.872036,6.818905,6.783474,6.801193,6.818905,6.712570,6.765751,6.730297,6.694839,6.712570,6.659363,6.570625,6.588379,6.552864,6.570625,6.552864,6.464035,6.499577,6.428486,6.428486,6.464035,6.357342,6.392914,6.446259,6.392914,6.375134,6.357342,6.375134,6.375134,6.357342,6.428486,6.357342,6.286148,6.286148,6.286148,6.107971,6.125797,6.107971,6.090134,6.054455,6.107971,6.179276,6.054455,6.179276,6.161457,6.072296,6.054455,5.983063,6.000916,6.000916,5.911625,6.000916,5.929482,5.947346,5.822250,5.822250,5.840134,5.840134,5.858009,5.875885,5.804367,5.822250,5.804367,5.822250,5.732807,5.786484,5.786484,5.804367,5.732807,5.768597,5.804367,5.714912,5.822250,5.714912,5.750706,5.768597,5.768597,5.732807,5.679108,5.714912,5.732807,5.697014,5.697014,5.697014,5.768597,5.714912,5.750706,5.822250,5.732807,5.929482,5.786484,5.929482,6.018761,6.090134,6.143627,6.641617,6.889732,7.031254,7.084278,7.313717,7.630577,8.488220,9.769852,11.204865,11.729134,11.729134,11.492725,11.306557,10.745911,10.745911,10.762939,10.916145,11.221825,11.408150,11.560329,11.594112,11.627888,11.526535,11.391228,11.880806,11.847122,11.779716,11.509636,11.475815,11.272675,
3.746143,3.782589,3.946442,3.964630,3.891846,3.964630,4.001003,4.110050,4.091881,3.910049,3.891846,3.928246,3.910049,3.946442,3.928246,4.055538,3.928246,4.128212,5.068611,5.750706,4.762062,4.110050,4.146374,4.182686,4.091881,4.128212,4.073711,4.073711,4.218987,4.436539,4.454651,4.472755,4.400314,4.364071,4.291550,4.273415,4.291550,4.291550,4.237133,4.364071,4.273415,4.200836,4.110050,4.146374,4.200836,4.110050,4.200836,4.237133,4.472755,4.255280,4.382195,4.581333,4.563248,4.599422,4.599422,4.816223,4.906425,5.266499,5.553699,6.268349,6.535103,6.357342,6.232731,6.214916,6.143627,6.214916,6.392914,6.836617,7.630577,7.928940,7.313717,6.125797,5.212570,4.942490,4.707874,4.834267,5.176598,5.338371,5.266499,4.671738,4.345943,4.309685,4.327812,4.182686,3.910049,4.001003,4.182686,4.019184,4.255280,4.291550,4.146374,3.946442,3.982819,4.055538,3.946442,4.019184,4.146374,4.545155,4.762062,4.816223,4.924461,5.014572,4.960514,4.762062,4.852314,4.942490,4.960514,5.032589,5.122616,4.798172,4.454651,4.345943,4.309685,4.309685,4.382195,4.382195,4.472755,4.581333,4.635590,4.780113,4.960514,4.960514,5.338371,5.822250,6.107971,6.392914,6.836617,7.190231,7.753536,8.592743,9.494129,9.321407,9.234943,9.148392,9.304119,9.614849,10.421631,10.626560,10.745911,10.609497,10.301891,10.199139,10.113426,9.941792,9.597610,9.165710,9.234943,9.649315,9.804260,9.545887,9.027115,8.679768,8.644970,8.644970,8.662369,8.644970,8.575333,8.278851,8.418476,8.714558,9.183022,9.286831,9.096436,8.418476,8.139027,8.139027,8.086544,8.104042,8.139027,8.313774,8.278851,8.296310,8.313774,8.348686,8.557915,8.418476,8.523075,8.488220,8.401035,8.418476,8.453358,8.418476,8.366138,8.505650,8.662369,8.644970,8.540497,8.610161,8.697163,8.697163,8.435913,8.296310,8.366138,8.331230,8.348686,8.401035,8.418476,8.435913,8.470791,8.540497,8.731949,9.027115,8.940388,8.557915,8.418476,8.383591,8.401035,8.383591,8.453358,8.435913,8.366138,8.435913,8.435913,8.505650,8.523075,8.679768,8.627563,8.488220,8.418476,8.296310,8.383591,8.470791,8.505650,8.470791,8.523075,8.575333,8.523075,8.853588,9.113758,9.113758,8.662369,8.453358,8.523075,8.523075,8.575333,8.610161,8.644970,8.679768,8.540497,8.610161,8.801476,9.096436,8.888317,8.714558,8.662369,8.644970,8.679768,8.627563,8.662369,8.627563,8.697163,8.784096,8.888317,8.923035,9.113758,9.165710,9.200333,9.113758,9.061775,9.131081,9.061775,8.905678,8.975086,9.044441,8.975086,9.009773,9.009773,9.044441,9.683773,9.804260,9.545887,8.992432,8.957737,8.975086,8.940388,8.975086,9.044441,9.044441,9.148392,9.183022,9.131081,9.200333,9.165710,9.528633,9.511379,9.425079,9.044441,9.009773,8.975086,9.009773,9.079109,9.061775,9.183022,9.183022,9.165710,9.131081,9.165710,9.148392,9.183022,9.234943,9.252239,9.355976,9.425079,9.494129,9.511379,9.425079,9.373260,9.338692,9.183022,9.269539,9.165710,9.924606,9.941792,9.545887,9.269539,9.321407,9.476868,9.649315,9.597610,9.528633,9.494129,9.494129,9.545887,9.425079,9.476868,9.649315,9.597610,9.545887,9.476868,9.459610,9.855862,9.907425,9.787056,9.752644,9.700993,9.563126,9.580376,9.700993,9.700993,9.821461,10.010487,10.164867,10.044807,10.061974,9.976139,9.958965,9.993317,9.907425,9.907425,9.804260,9.700993,9.769852,9.993317,10.010487,9.804260,9.373260,9.165710,9.079109,9.079109,9.148392,8.905678,8.853588,8.731949,8.575333,8.575333,8.401035,8.488220,8.191483,7.665718,7.296085,7.278450,7.225533,7.225533,7.154926,7.031254,6.995895,7.066605,7.048931,7.031254,7.154926,7.066605,7.084278,7.013577,7.031254,7.048931,7.048931,7.013577,7.013577,6.995895,7.013577,7.031254,7.013577,6.925133,6.978207,6.995895,6.978207,6.942829,6.978207,6.942829,6.942829,6.960518,6.942829,6.889732,6.995895,6.995895,7.013577,7.101940,7.119606,7.031254,7.154926,7.084278,7.154926,7.260815,7.260815,7.348972,7.331345,7.384212,7.401833,7.525059,7.472267,7.542656,7.542656,7.665718,7.612995,7.630577,7.612995,7.700855,7.630577,7.630577,7.788635,7.823730,7.841270,7.788635,7.788635,7.771088,7.771088,7.753536,7.735977,7.858810,7.806187,7.753536,7.735977,7.753536,7.753536,7.823730,7.753536,7.665718,7.753536,7.700855,7.735977,7.700855,7.700855,7.612995,7.595413,7.612995,7.700855,7.648148,7.595413,7.560242,7.648148,7.665718,7.577831,7.577831,7.577831,7.577831,7.542656,7.489868,7.454662,7.507469,7.630577,7.437057,7.489868,7.437057,7.331345,7.437057,7.366592,7.384212,7.348972,7.331345,7.260815,7.331345,7.313717,7.331345,7.313717,7.296085,7.260815,7.154926,7.225533,7.278450,7.225533,7.260815,7.119606,7.172585,7.172585,7.137272,7.207882,7.154926,7.101940,7.172585,7.137272,7.154926,7.101940,7.101940,7.154926,7.137272,7.119606,7.013577,7.119606,6.995895,6.995895,7.031254,7.013577,7.013577,7.013577,7.013577,6.995895,7.013577,6.925133,6.960518,6.942829,6.907440,6.960518,6.854328,6.836617,6.872036,6.783474,6.765751,6.730297,6.730297,6.836617,6.818905,6.730297,6.641617,6.606125,6.623875,6.677101,6.677101,6.535103,6.517342,6.428486,6.446259,6.517342,6.446259,6.606125,6.481804,6.570625,6.428486,6.357342,6.392914,6.357342,6.268349,6.232731,6.214916,6.125797,6.197094,6.214916,6.286148,6.232731,6.161457,6.161457,6.161457,6.072296,6.054455,6.054455,6.000916,6.036610,6.054455,6.036610,6.000916,5.911625,5.875885,5.875885,5.858009,5.893753,5.804367,5.858009,5.804367,5.875885,5.840134,5.893753,5.804367,5.750706,5.804367,5.732807,5.750706,5.750706,5.697014,5.858009,5.804367,5.643291,5.679108,5.768597,5.697014,5.661201,5.643291,5.679108,5.661201,5.643291,5.697014,5.625381,5.625381,5.697014,5.697014,5.697014,5.786484,5.786484,5.804367,5.786484,6.054455,6.410706,6.854328,7.031254,7.154926,7.296085,7.472267,7.858810,8.905678,10.250530,11.374298,11.577221,11.526535,11.374298,11.035133,10.677727,10.694775,10.797012,10.933151,11.170944,11.255722,11.289619,11.391228,11.323498,11.221825,11.272675,11.695396,11.560329,11.255722,11.052120,10.882126,10.797012,
3.746143,3.964630,3.928246,3.910049,3.946442,3.928246,4.037365,4.164528,4.055538,3.855442,3.837234,3.819023,3.819023,3.782589,3.982819,4.128212,4.037365,4.164528,4.472755,4.942490,4.545155,4.110050,4.128212,4.073711,4.255280,4.128212,4.091881,4.110050,4.309685,4.508957,4.436539,4.436539,4.327812,4.345943,4.327812,4.291550,4.273415,4.291550,4.309685,4.200836,4.146374,4.091881,4.182686,4.128212,4.128212,4.128212,4.164528,4.164528,4.218987,4.291550,4.490860,4.653660,4.454651,4.454651,4.581333,4.617508,4.762062,4.870358,5.320412,5.786484,6.214916,6.357342,6.286148,6.179276,6.179276,6.179276,6.250534,6.464035,7.665718,7.893879,7.595413,6.535103,5.750706,5.535770,5.499908,5.392242,5.212570,5.176598,5.176598,4.852314,4.400314,4.309685,4.309685,4.001003,3.855442,4.091881,4.182686,4.237133,4.182686,4.146374,3.964630,3.982819,3.964630,4.037365,3.928246,4.073711,4.218987,4.400314,4.689812,4.852314,5.320412,5.302444,4.996559,4.798172,4.725941,4.906425,4.924461,4.996559,4.978535,4.689812,4.436539,4.364071,4.327812,4.418427,4.418427,4.472755,4.472755,4.508957,4.545155,4.707874,4.870358,5.104614,5.589546,5.643291,5.822250,6.197094,6.677101,6.995895,7.384212,8.278851,9.286831,9.390537,9.217640,9.079109,9.183022,9.390537,10.027649,10.507072,10.711826,10.609497,10.233398,10.010487,9.787056,9.666546,9.407806,9.200333,9.113758,9.769852,10.233398,9.873051,9.044441,8.662369,8.679768,8.610161,8.610161,8.575333,8.540497,8.505650,8.557915,8.679768,8.801476,8.801476,8.697163,8.523075,8.296310,8.104042,8.104042,8.069046,8.174004,8.191483,8.296310,8.243912,8.191483,8.331230,8.435913,8.453358,8.418476,8.418476,8.435913,8.313774,8.331230,8.261383,8.366138,8.383591,8.383591,8.435913,8.261383,8.540497,8.801476,8.714558,8.296310,8.278851,8.243912,8.313774,8.366138,8.401035,8.366138,8.435913,8.453358,8.557915,8.697163,8.923035,8.801476,8.662369,8.575333,8.453358,8.401035,8.557915,8.575333,8.523075,8.644970,8.592743,8.662369,8.679768,8.731949,8.923035,8.784096,8.575333,8.366138,8.435913,8.470791,8.453358,8.488220,8.401035,8.453358,8.453358,8.435913,8.575333,8.905678,9.061775,8.557915,8.383591,8.488220,8.401035,8.488220,8.523075,8.679768,8.610161,8.575333,8.592743,8.627563,8.784096,8.749332,8.784096,8.801476,8.870953,8.923035,8.818848,8.801476,8.749332,8.905678,8.940388,9.061775,9.009773,9.165710,9.494129,9.563126,9.165710,9.079109,9.113758,8.957737,9.061775,9.061775,9.113758,9.044441,9.027115,8.975086,9.061775,9.821461,9.769852,9.442345,9.027115,8.870953,8.870953,8.905678,8.905678,8.905678,9.009773,9.061775,9.131081,9.200333,9.113758,9.131081,9.338692,9.113758,9.165710,9.079109,9.200333,9.148392,9.113758,9.217640,9.286831,9.338692,9.286831,9.304119,9.304119,9.683773,9.649315,9.407806,9.304119,9.304119,9.373260,9.476868,9.528633,9.511379,9.580376,9.511379,9.494129,9.442345,9.545887,9.597610,9.941792,10.044807,9.528633,9.390537,9.494129,9.597610,9.632080,9.580376,9.614849,9.597610,9.545887,9.614849,9.459610,9.597610,9.752644,9.752644,9.752644,9.649315,9.580376,9.787056,9.838661,9.838661,9.907425,9.821461,9.804260,9.718216,9.752644,9.907425,10.027649,9.941792,9.614849,9.597610,9.649315,9.666546,9.683773,9.718216,9.666546,9.735428,9.580376,9.563126,9.286831,9.580376,9.683773,9.528633,9.044441,9.061775,9.027115,8.870953,8.818848,8.801476,8.714558,8.697163,8.523075,8.488220,8.366138,8.401035,8.104042,7.630577,7.190231,7.013577,7.066605,6.942829,6.978207,6.960518,6.854328,6.942829,6.960518,7.013577,6.942829,6.889732,6.889732,6.854328,6.818905,6.801193,6.907440,6.818905,6.801193,6.836617,6.818905,6.818905,6.659363,6.694839,6.730297,6.712570,6.712570,6.712570,6.659363,6.730297,6.783474,6.730297,6.677101,6.623875,6.659363,6.659363,6.694839,6.641617,6.641617,6.677101,6.623875,6.623875,6.641617,6.748028,6.677101,6.623875,6.712570,6.712570,6.677101,6.677101,6.588379,6.730297,6.677101,6.818905,6.889732,6.960518,6.730297,6.854328,6.872036,6.925133,6.907440,6.978207,7.066605,7.048931,7.084278,7.119606,7.084278,7.207882,7.119606,7.190231,7.225533,7.313717,7.278450,7.260815,7.313717,7.401833,7.313717,7.419441,7.507469,7.454662,7.612995,7.454662,7.454662,7.525059,7.507469,7.560242,7.577831,7.489868,7.507469,7.507469,7.507469,7.542656,7.507469,7.542656,7.577831,7.507469,7.489868,7.401833,7.366592,7.384212,7.454662,7.419441,7.348972,7.348972,7.384212,7.366592,7.296085,7.331345,7.278450,7.348972,7.331345,7.296085,7.331345,7.331345,7.172585,7.225533,7.260815,7.225533,7.243172,7.243172,7.137272,7.225533,7.172585,7.119606,7.066605,7.137272,7.190231,7.066605,7.101940,7.084278,7.137272,7.119606,7.101940,7.031254,7.066605,7.119606,7.048931,7.048931,7.101940,7.031254,6.978207,7.101940,7.101940,7.031254,7.031254,7.031254,6.978207,6.960518,6.978207,6.942829,6.978207,6.907440,6.889732,6.854328,6.889732,6.854328,6.836617,6.854328,6.765751,6.801193,6.801193,6.854328,6.801193,6.712570,6.748028,6.712570,6.659363,6.730297,6.677101,6.677101,6.641617,6.659363,6.659363,6.606125,6.641617,6.623875,6.588379,6.641617,6.606125,6.517342,6.481804,6.410706,6.428486,6.357342,6.339550,6.392914,6.339550,6.321754,6.357342,6.303955,6.268349,6.286148,6.268349,6.197094,6.179276,6.125797,6.107971,6.072296,6.054455,6.054455,6.054455,5.983063,5.893753,5.893753,5.893753,5.911625,5.858009,6.000916,5.858009,5.893753,5.804367,5.768597,5.732807,5.768597,5.804367,5.822250,5.804367,5.714912,5.750706,5.732807,5.732807,5.732807,5.679108,5.607468,5.714912,5.714912,5.714912,5.679108,5.661201,5.625381,5.679108,5.714912,5.697014,5.732807,5.697014,5.732807,5.732807,5.768597,5.983063,6.072296,6.499577,6.836617,7.031254,7.207882,7.066605,7.489868,8.208961,9.407806,10.967159,11.441990,11.408150,11.391228,11.153976,10.745911,10.814041,10.967159,10.967159,11.306557,11.594112,11.577221,11.594112,11.526535,11.475815,11.492725,11.695396,11.678528,11.695396,11.272675,11.086086,11.137009,11.069107,
3.800804,3.837234,3.910049,3.946442,3.891846,3.964630,4.037365,4.110050,3.982819,3.800804,3.673222,3.946442,3.837234,3.782589,3.910049,4.164528,4.110050,4.128212,4.146374,4.164528,4.255280,4.146374,4.218987,4.218987,4.218987,4.218987,4.182686,4.436539,4.436539,4.454651,4.508957,4.454651,4.364071,4.345943,4.273415,4.309685,4.327812,4.273415,4.273415,4.110050,4.091881,4.073711,4.091881,4.164528,4.055538,4.091881,4.073711,4.073711,4.218987,4.327812,4.508957,4.545155,4.472755,4.418427,4.581333,4.780113,4.780113,4.852314,5.104614,5.410194,5.822250,6.410706,6.375134,6.250534,6.357342,6.250534,6.375134,6.357342,6.730297,7.683289,7.893879,7.225533,6.730297,6.730297,6.339550,5.750706,5.086613,5.194580,4.978535,4.563248,4.327812,4.563248,4.255280,3.964630,3.964630,4.110050,4.309685,4.309685,4.273415,4.019184,3.964630,3.982819,3.946442,4.001003,4.001003,4.091881,4.291550,4.255280,4.581333,4.834267,5.248528,5.194580,5.050598,4.689812,4.689812,4.762062,4.924461,4.870358,4.924461,4.653660,4.454651,4.436539,4.418427,4.382195,4.364071,4.472755,4.527058,4.454651,4.617508,4.762062,4.870358,5.230549,5.481972,5.464031,5.625381,5.965206,6.517342,6.694839,7.243172,7.893879,8.905678,9.338692,9.217640,8.975086,9.148392,9.355976,9.787056,10.762939,11.187904,10.950157,10.797012,10.558300,10.404537,10.216270,9.924606,9.614849,9.511379,9.873051,10.182007,9.821461,9.061775,8.784096,8.679768,8.679768,8.610161,8.488220,8.383591,8.488220,8.348686,8.313774,8.331230,8.348686,8.383591,8.278851,8.243912,8.208961,8.121536,8.104042,8.104042,8.086544,8.104042,8.086544,8.208961,8.104042,8.523075,8.644970,8.557915,8.418476,8.383591,8.383591,8.348686,8.348686,8.313774,8.383591,8.366138,8.261383,8.261383,8.348686,8.766716,8.662369,8.278851,8.296310,8.331230,8.401035,8.435913,8.435913,8.418476,8.488220,8.435913,8.575333,8.697163,8.836220,8.784096,8.627563,8.488220,8.348686,8.331230,8.435913,8.488220,8.697163,8.644970,8.714558,8.575333,8.523075,8.627563,9.061775,9.148392,8.714558,8.453358,8.505650,8.679768,8.557915,8.453358,8.401035,8.505650,8.488220,8.540497,8.523075,8.801476,8.749332,8.505650,8.435913,8.401035,8.470791,8.418476,8.505650,8.627563,8.662369,8.679768,8.644970,8.836220,8.766716,8.957737,9.079109,8.992432,9.027115,9.113758,8.888317,8.957737,8.905678,8.940388,9.009773,8.905678,8.923035,8.923035,9.597610,9.649315,9.113758,8.836220,8.836220,8.870953,8.853588,8.853588,8.731949,8.836220,8.836220,8.784096,8.888317,9.027115,9.234943,9.113758,8.940388,8.992432,8.975086,9.044441,9.009773,9.079109,9.269539,9.304119,9.286831,9.096436,9.131081,9.338692,9.373260,9.321407,9.165710,9.113758,9.304119,9.304119,9.338692,9.373260,9.459610,9.511379,9.528633,9.459610,9.545887,9.907425,10.233398,9.683773,9.234943,9.217640,9.200333,9.234943,9.338692,9.390537,9.494129,9.442345,9.459610,9.494129,9.545887,9.545887,9.700993,9.735428,9.407806,9.476868,9.494129,9.614849,9.580376,9.614849,9.614849,9.632080,9.718216,9.700993,9.580376,9.666546,9.890244,9.838661,9.735428,9.769852,9.735428,9.718216,9.752644,9.855862,9.855862,9.821461,9.907425,9.821461,9.873051,10.147728,10.284771,10.044807,9.511379,9.494129,9.459610,9.563126,9.580376,9.649315,9.752644,9.649315,9.545887,9.200333,9.131081,9.390537,9.286831,9.131081,8.992432,8.975086,8.905678,8.853588,8.870953,8.766716,8.714558,8.644970,8.557915,8.435913,8.366138,8.348686,7.806187,7.401833,7.066605,6.995895,6.995895,6.978207,6.978207,6.836617,7.048931,7.348972,7.595413,7.560242,7.454662,7.313717,7.401833,7.384212,7.348972,7.225533,7.101940,7.013577,6.925133,6.872036,6.872036,6.854328,6.801193,6.818905,6.659363,6.659363,6.712570,6.677101,6.659363,6.641617,6.623875,6.606125,6.606125,6.730297,6.641617,6.606125,6.623875,6.606125,6.499577,6.677101,6.641617,6.606125,6.623875,6.677101,6.623875,6.499577,6.481804,6.570625,6.606125,6.570625,6.517342,6.499577,6.481804,6.570625,6.535103,6.357342,6.428486,6.446259,6.428486,6.446259,6.375134,6.392914,6.375134,6.517342,6.535103,6.392914,6.499577,6.499577,6.535103,6.552864,6.588379,6.606125,6.552864,6.588379,6.606125,6.641617,6.677101,6.606125,6.818905,6.872036,6.960518,6.978207,6.978207,6.960518,7.066605,7.048931,7.084278,7.066605,7.137272,7.048931,7.101940,7.119606,7.243172,7.207882,7.225533,7.313717,7.119606,7.243172,7.260815,7.313717,7.278450,7.296085,7.296085,7.348972,7.260815,7.331345,7.313717,7.260815,7.260815,7.366592,7.348972,7.313717,7.296085,7.313717,7.207882,7.243172,7.243172,7.172585,7.225533,7.278450,7.137272,7.207882,7.154926,7.154926,7.084278,7.119606,7.137272,7.190231,7.101940,7.066605,7.137272,7.084278,7.119606,7.101940,6.995895,7.031254,7.031254,7.013577,6.995895,6.960518,7.066605,6.995895,6.960518,6.925133,6.995895,6.960518,6.960518,6.872036,6.942829,6.889732,6.978207,6.925133,6.854328,6.925133,6.889732,6.889732,6.854328,6.872036,6.818905,6.765751,6.872036,6.783474,6.765751,6.836617,6.783474,6.783474,6.801193,6.694839,6.694839,6.641617,6.765751,6.623875,6.641617,6.606125,6.659363,6.659363,6.481804,6.677101,6.535103,6.588379,6.552864,6.606125,6.499577,6.517342,6.481804,6.517342,6.552864,6.481804,6.446259,6.428486,6.392914,6.357342,6.375134,6.339550,6.286148,6.357342,6.321754,6.268349,6.179276,6.232731,6.232731,6.161457,6.179276,6.197094,6.143627,6.090134,6.125797,6.000916,6.036610,6.036610,5.947346,5.947346,5.911625,5.858009,5.911625,6.036610,5.858009,5.893753,5.875885,5.911625,5.893753,5.875885,5.804367,5.840134,5.732807,5.858009,5.840134,5.804367,5.750706,5.786484,5.768597,5.804367,5.732807,5.786484,5.768597,5.786484,5.804367,5.911625,5.983063,6.179276,6.712570,6.907440,7.066605,7.243172,7.348972,7.788635,8.749332,10.113426,11.306557,11.374298,11.137009,11.153976,10.848083,10.660679,10.677727,10.831066,11.086086,11.120033,11.340439,11.492725,11.492725,11.543430,11.492725,11.391228,11.492725,11.509636,11.357365,11.374298,11.238777,11.204865,11.221825,
3.837234,3.928246,3.928246,3.873646,4.019184,4.001003,3.946442,4.146374,3.891846,3.928246,3.910049,3.855442,3.746143,3.727913,3.928246,4.110050,4.237133,4.218987,4.091881,3.873646,4.110050,4.237133,4.273415,4.182686,4.309685,4.255280,4.345943,4.382195,4.418427,4.418427,4.527058,4.490860,4.382195,4.345943,4.200836,4.291550,4.218987,4.200836,4.200836,4.128212,4.237133,4.091881,4.073711,4.146374,4.091881,4.218987,4.200836,4.182686,4.309685,4.255280,4.508957,4.472755,4.454651,4.454651,4.617508,4.599422,4.671738,4.798172,4.870358,5.086613,5.553699,6.072296,6.392914,6.392914,6.339550,6.286148,6.303955,6.339550,6.570625,7.101940,7.928940,7.753536,7.612995,7.172585,6.375134,5.679108,5.194580,4.996559,4.762062,4.635590,4.599422,4.508957,4.273415,3.910049,3.891846,4.255280,4.436539,4.436539,4.128212,3.891846,3.873646,3.964630,3.964630,3.964630,4.037365,4.128212,4.237133,4.218987,4.364071,4.472755,4.762062,5.068611,5.032589,4.816223,4.671738,4.798172,4.798172,4.743999,4.870358,4.653660,4.653660,4.527058,4.545155,4.400314,4.490860,4.472755,4.472755,4.490860,4.599422,4.816223,4.996559,5.302444,5.374290,5.374290,5.607468,5.840134,6.232731,6.481804,6.889732,7.348972,8.401035,9.234943,9.148392,9.183022,9.096436,9.148392,9.563126,10.592438,11.052120,11.001148,10.865101,10.848083,10.694775,10.541225,10.147728,9.873051,9.718216,9.735428,9.769852,9.580376,9.321407,9.165710,9.079109,8.940388,8.766716,8.453358,8.575333,8.610161,8.523075,8.488220,8.331230,8.366138,8.383591,8.191483,8.243912,8.156513,8.139027,8.051544,8.016525,8.069046,8.121536,7.946465,7.999016,7.893879,8.278851,8.644970,8.575333,8.383591,8.313774,8.331230,8.366138,8.313774,8.278851,8.261383,8.261383,8.139027,8.034035,8.191483,8.488220,8.331230,8.278851,8.348686,8.383591,8.383591,8.331230,8.366138,8.470791,8.453358,8.540497,8.470791,8.523075,8.714558,8.697163,8.592743,8.418476,8.313774,8.261383,8.261383,8.331230,8.366138,8.418476,8.331230,8.366138,8.313774,8.505650,8.992432,9.044441,8.714558,8.540497,8.610161,8.610161,8.575333,8.418476,8.435913,8.383591,8.488220,8.557915,8.488220,8.575333,8.523075,8.470791,8.435913,8.470791,8.523075,8.488220,8.575333,8.644970,8.610161,8.697163,8.818848,8.870953,9.009773,9.390537,9.649315,9.338692,9.252239,9.148392,8.992432,8.975086,8.992432,8.975086,8.905678,9.061775,8.801476,9.027115,9.580376,9.632080,9.165710,8.923035,8.923035,8.888317,8.836220,8.784096,8.714558,8.749332,8.679768,8.714558,8.784096,8.784096,9.009773,8.870953,8.905678,9.044441,8.940388,8.940388,8.853588,8.923035,9.096436,9.148392,9.234943,9.234943,9.373260,9.528633,9.735428,9.683773,9.252239,9.286831,9.425079,9.459610,9.476868,9.511379,9.632080,9.683773,9.666546,9.683773,9.804260,10.044807,10.199139,9.838661,9.494129,9.304119,9.217640,9.148392,9.252239,9.217640,9.148392,9.234943,9.252239,9.217640,9.269539,9.286831,9.338692,9.304119,9.304119,9.234943,9.200333,9.338692,9.269539,9.373260,9.234943,9.321407,9.407806,9.442345,9.476868,9.769852,9.958965,9.718216,9.459610,9.528633,9.545887,9.580376,9.580376,9.580376,9.752644,9.700993,9.873051,9.907425,10.010487,10.233398,10.387436,10.061974,9.494129,9.632080,9.735428,9.752644,9.804260,9.838661,9.890244,9.873051,9.666546,9.321407,9.390537,9.459610,9.425079,9.373260,9.217640,9.234943,9.217640,9.061775,9.009773,8.853588,8.731949,8.644970,8.592743,8.453358,8.366138,8.401035,7.963982,7.384212,7.084278,7.031254,7.031254,6.978207,6.925133,6.836617,7.243172,8.069046,8.523075,8.644970,8.714558,8.714558,8.679768,8.610161,8.627563,8.435913,8.383591,8.243912,8.121536,8.086544,7.928940,7.841270,7.771088,7.683289,7.489868,7.472267,7.313717,7.260815,7.190231,7.137272,7.084278,6.960518,6.995895,6.978207,6.889732,6.783474,6.872036,6.765751,6.889732,6.854328,6.783474,6.677101,6.836617,6.748028,6.712570,6.748028,6.765751,6.748028,6.730297,6.748028,6.659363,6.641617,6.659363,6.748028,6.712570,6.659363,6.659363,6.570625,6.641617,6.588379,6.606125,6.606125,6.535103,6.535103,6.535103,6.517342,6.499577,6.588379,6.410706,6.428486,6.428486,6.499577,6.392914,6.410706,6.392914,6.410706,6.375134,6.392914,6.464035,6.464035,6.446259,6.481804,6.410706,6.464035,6.375134,6.446259,6.375134,6.392914,6.464035,6.481804,6.428486,6.588379,6.517342,6.499577,6.570625,6.588379,6.623875,6.606125,6.677101,6.748028,6.748028,6.783474,6.836617,6.942829,6.978207,6.995895,7.031254,6.925133,7.048931,7.013577,7.101940,7.119606,7.084278,7.137272,7.137272,7.243172,7.172585,7.172585,7.207882,7.243172,7.190231,7.260815,7.243172,7.225533,7.243172,7.225533,7.313717,7.225533,7.190231,7.225533,7.172585,7.172585,7.101940,7.101940,7.154926,7.084278,7.172585,7.225533,7.137272,7.084278,7.013577,7.101940,7.084278,7.172585,7.013577,7.048931,7.013577,7.084278,7.119606,7.048931,6.978207,6.925133,6.960518,6.925133,6.978207,7.013577,6.872036,6.872036,6.889732,6.907440,6.872036,6.872036,6.907440,6.836617,6.854328,6.801193,6.801193,6.818905,6.818905,6.765751,6.748028,6.730297,6.748028,6.748028,6.659363,6.677101,6.623875,6.659363,6.730297,6.552864,6.517342,6.623875,6.606125,6.552864,6.570625,6.535103,6.428486,6.375134,6.481804,6.428486,6.499577,6.446259,6.392914,6.392914,6.357342,6.410706,6.286148,6.339550,6.446259,6.357342,6.303955,6.303955,6.321754,6.232731,6.214916,6.179276,6.197094,6.250534,6.197094,6.143627,6.161457,6.054455,6.107971,6.072296,6.143627,6.036610,6.072296,6.018761,6.107971,6.018761,6.054455,6.018761,5.929482,5.893753,6.000916,6.000916,5.965206,5.929482,5.911625,5.858009,5.858009,5.840134,5.840134,5.965206,5.947346,6.018761,5.965206,5.893753,6.197094,6.570625,6.872036,6.960518,7.013577,7.101940,7.313717,8.086544,9.321407,10.592438,11.272675,11.238777,11.018150,10.745911,10.626560,10.558300,10.541225,10.745911,10.967159,11.069107,11.221825,11.204865,11.187904,11.137009,11.187904,11.069107,11.018150,11.103065,10.967159,10.882126,10.865101,10.745911,10.694775,
3.891846,3.855442,3.891846,3.891846,3.946442,3.837234,3.928246,4.037365,3.964630,3.964630,3.910049,3.855442,3.819023,3.727913,3.837234,4.255280,4.218987,4.146374,3.946442,3.837234,3.964630,4.128212,4.237133,4.146374,4.291550,4.291550,4.291550,4.200836,4.237133,4.273415,4.472755,4.345943,4.436539,4.273415,4.345943,4.146374,4.110050,4.091881,4.110050,4.164528,4.073711,4.055538,4.073711,4.037365,4.128212,4.182686,4.110050,4.164528,4.218987,4.237133,4.309685,4.436539,4.400314,4.545155,4.581333,4.545155,4.472755,4.617508,4.798172,4.780113,5.050598,5.732807,6.357342,6.339550,6.303955,6.286148,6.286148,6.303955,6.392914,6.801193,7.753536,8.034035,7.577831,6.818905,6.054455,5.589546,5.392242,4.888393,4.581333,4.653660,4.743999,4.454651,4.182686,3.964630,3.946442,4.291550,4.418427,4.436539,4.237133,3.873646,3.855442,3.891846,3.891846,3.928246,4.019184,4.037365,4.164528,4.091881,4.327812,4.454651,4.617508,4.852314,4.780113,4.707874,4.671738,4.707874,4.707874,4.689812,4.762062,4.870358,4.798172,4.563248,4.563248,4.508957,4.472755,4.508957,4.490860,4.490860,4.545155,4.780113,5.050598,5.104614,5.320412,5.464031,5.571625,5.911625,5.965206,6.179276,6.499577,7.048931,7.893879,8.957737,9.217640,9.061775,9.131081,9.131081,9.373260,9.787056,10.353233,10.660679,10.677727,10.711826,10.558300,10.250530,10.027649,9.718216,9.528633,9.528633,9.494129,9.269539,9.338692,9.183022,9.044441,8.923035,8.766716,8.662369,8.749332,9.009773,9.027115,8.766716,8.488220,8.488220,8.627563,8.505650,8.523075,8.366138,8.348686,8.208961,8.069046,8.121536,8.278851,8.278851,8.104042,8.069046,8.174004,8.557915,8.488220,8.418476,8.453358,8.401035,8.243912,8.208961,8.243912,8.139027,8.208961,8.104042,8.121536,8.139027,8.313774,8.243912,8.226437,8.191483,8.191483,8.174004,8.191483,8.104042,8.174004,8.243912,8.191483,8.226437,8.366138,8.679768,8.697163,8.644970,8.313774,8.156513,8.191483,8.174004,8.208961,8.174004,8.156513,8.191483,8.191483,8.313774,8.383591,8.540497,8.749332,8.627563,8.592743,8.644970,8.592743,8.610161,8.610161,8.592743,8.540497,8.523075,8.540497,8.523075,8.557915,8.627563,8.766716,8.557915,8.557915,8.523075,8.575333,8.714558,8.610161,8.784096,8.888317,8.853588,8.957737,9.009773,9.632080,9.838661,9.528633,9.183022,9.061775,9.131081,9.113758,8.992432,9.079109,9.044441,9.044441,9.027115,9.165710,9.321407,9.252239,9.200333,9.252239,9.165710,9.200333,9.165710,9.044441,8.888317,8.905678,8.818848,8.853588,8.870953,8.888317,8.923035,9.079109,9.009773,8.940388,8.888317,8.818848,8.766716,8.784096,8.801476,8.818848,8.818848,8.870953,8.923035,9.683773,9.787056,9.563126,9.079109,9.044441,9.148392,9.079109,9.096436,9.200333,9.234943,9.252239,9.269539,9.528633,9.407806,9.442345,9.718216,9.649315,9.563126,9.407806,9.304119,9.304119,9.373260,9.304119,9.355976,9.338692,9.286831,9.269539,9.355976,9.476868,9.425079,9.286831,9.269539,9.252239,9.286831,9.269539,9.304119,9.269539,9.183022,9.165710,9.061775,9.165710,9.044441,9.528633,9.924606,9.425079,9.217640,9.165710,9.234943,9.234943,9.200333,9.234943,9.286831,9.338692,9.321407,9.252239,9.407806,9.494129,9.563126,9.494129,9.459610,9.511379,9.563126,9.769852,9.787056,9.787056,9.787056,9.787056,9.683773,9.494129,9.597610,9.855862,9.976139,9.735428,9.580376,9.494129,9.476868,9.269539,9.096436,9.009773,8.923035,8.784096,8.662369,8.470791,8.418476,8.261383,7.771088,7.348972,7.031254,6.942829,6.960518,6.836617,6.872036,6.854328,7.243172,8.226437,8.697163,8.836220,8.888317,8.888317,8.992432,8.923035,8.905678,8.784096,8.784096,8.818848,8.627563,8.575333,8.505650,8.523075,8.278851,8.313774,8.226437,8.278851,8.261383,8.226437,8.191483,8.069046,8.051544,8.069046,7.981499,7.999016,7.893879,7.876347,7.771088,7.683289,7.665718,7.577831,7.542656,7.348972,7.489868,7.489868,7.278450,7.190231,7.313717,7.260815,7.278450,7.154926,7.137272,7.101940,7.101940,6.995895,6.995895,6.960518,6.960518,7.013577,6.907440,6.925133,6.960518,6.978207,6.942829,7.031254,7.013577,7.013577,6.960518,6.978207,6.978207,6.925133,6.783474,6.765751,6.623875,6.552864,6.570625,6.535103,6.623875,6.606125,6.623875,6.623875,6.588379,6.552864,6.464035,6.570625,6.428486,6.410706,6.339550,6.321754,6.268349,6.232731,6.357342,6.286148,6.339550,6.268349,6.268349,6.321754,6.286148,6.286148,6.268349,6.286148,6.339550,6.321754,6.321754,6.321754,6.375134,6.392914,6.375134,6.481804,6.428486,6.410706,6.428486,6.499577,6.535103,6.499577,6.552864,6.677101,6.606125,6.659363,6.694839,6.748028,6.783474,6.730297,6.818905,6.854328,6.783474,6.960518,6.942829,6.960518,7.013577,6.995895,7.101940,7.101940,7.119606,7.119606,7.137272,7.154926,7.137272,7.154926,7.190231,7.084278,7.137272,7.101940,7.137272,7.119606,7.154926,7.066605,7.154926,7.101940,7.066605,7.048931,7.066605,7.048931,7.066605,7.048931,7.031254,7.154926,7.066605,7.048931,6.978207,6.925133,6.889732,6.907440,6.836617,6.872036,6.925133,6.854328,6.854328,6.801193,6.854328,6.818905,6.818905,6.801193,6.712570,6.801193,6.730297,6.765751,6.730297,6.730297,6.659363,6.623875,6.552864,6.641617,6.641617,6.623875,6.606125,6.499577,6.588379,6.535103,6.481804,6.464035,6.464035,6.446259,6.428486,6.464035,6.375134,6.392914,6.392914,6.410706,6.375134,6.375134,6.250534,6.286148,6.250534,6.286148,6.286148,6.250534,6.179276,6.179276,6.214916,6.179276,6.197094,6.161457,6.107971,6.036610,6.197094,6.125797,6.054455,6.072296,6.072296,6.072296,6.036610,6.054455,5.965206,6.090134,6.054455,6.000916,6.000916,5.893753,6.000916,6.018761,5.947346,6.036610,5.983063,6.018761,6.018761,6.054455,6.107971,6.179276,6.481804,6.730297,6.978207,6.995895,7.084278,7.225533,7.683289,8.488220,9.855862,11.120033,11.289619,11.052120,10.865101,10.541225,10.541225,10.541225,10.524147,10.779976,10.916145,11.001148,11.153976,11.120033,11.204865,11.137009,11.120033,11.103065,11.001148,10.950157,10.882126,10.814041,10.575371,10.592438,10.472908,
3.946442,3.855442,3.891846,3.837234,3.910049,4.073711,4.001003,3.946442,3.982819,4.001003,3.928246,3.891846,3.910049,3.946442,3.819023,3.964630,4.037365,4.146374,3.910049,3.782589,3.873646,4.255280,4.255280,4.182686,4.128212,4.146374,4.237133,4.291550,4.146374,4.146374,4.327812,4.418427,4.400314,4.327812,4.255280,4.200836,4.091881,4.091881,4.128212,4.073711,4.128212,4.019184,4.037365,4.091881,4.110050,4.200836,4.255280,4.182686,4.273415,4.164528,4.382195,4.382195,4.345943,4.527058,4.617508,4.545155,4.472755,4.599422,4.635590,4.508957,4.834267,5.266499,6.090134,6.375134,6.321754,6.321754,6.214916,6.357342,6.214916,6.570625,7.278450,7.858810,7.735977,6.818905,6.107971,5.643291,5.320412,5.068611,4.653660,4.635590,4.617508,4.527058,4.182686,3.928246,3.910049,4.327812,4.545155,4.400314,4.073711,3.891846,3.946442,3.910049,3.910049,3.910049,3.946442,3.946442,4.073711,4.218987,4.345943,4.635590,4.798172,4.762062,4.707874,4.653660,4.635590,4.689812,4.707874,4.743999,4.798172,4.906425,4.707874,4.599422,4.707874,4.671738,4.635590,4.852314,4.960514,4.671738,4.689812,4.870358,4.960514,5.032589,5.320412,5.607468,5.697014,5.643291,5.643291,6.125797,6.410706,6.907440,7.525059,8.418476,9.286831,9.113758,9.148392,9.165710,9.269539,9.769852,10.455822,11.289619,11.272675,11.086086,10.779976,10.421631,10.199139,9.924606,9.787056,9.632080,9.476868,9.476868,9.425079,9.286831,8.992432,8.853588,8.731949,8.662369,8.697163,8.870953,8.888317,8.505650,8.366138,8.383591,8.435913,8.383591,8.383591,8.243912,8.139027,8.034035,8.034035,8.016525,8.418476,8.540497,8.139027,8.156513,8.226437,8.366138,8.453358,8.505650,8.557915,8.418476,8.191483,8.348686,8.243912,8.243912,8.278851,8.139027,8.208961,8.226437,8.348686,8.226437,8.313774,8.261383,8.243912,8.243912,8.208961,8.121536,8.086544,8.086544,8.121536,7.999016,8.086544,8.296310,8.575333,8.435913,8.174004,8.139027,8.191483,8.191483,8.174004,8.104042,8.121536,8.208961,8.191483,8.313774,8.261383,8.366138,8.470791,8.557915,8.610161,8.540497,8.610161,8.679768,8.627563,8.610161,8.662369,8.644970,8.610161,8.366138,8.557915,9.061775,9.044441,8.766716,8.575333,8.540497,8.679768,8.731949,8.818848,8.975086,8.992432,9.061775,9.113758,9.269539,9.683773,9.804260,9.511379,9.286831,9.217640,9.286831,9.269539,9.165710,9.165710,9.165710,9.044441,9.079109,9.183022,9.217640,9.148392,9.269539,9.234943,9.304119,9.217640,9.148392,9.113758,8.992432,8.992432,8.888317,8.870953,8.888317,8.870953,9.131081,9.632080,9.597610,9.286831,9.027115,8.992432,8.905678,8.888317,8.870953,8.975086,8.836220,8.870953,8.923035,9.355976,9.511379,9.234943,8.957737,8.923035,8.975086,8.923035,8.975086,8.905678,8.888317,8.957737,8.992432,8.992432,9.044441,9.148392,9.269539,9.252239,9.252239,9.269539,9.200333,9.131081,9.183022,9.131081,9.113758,9.113758,9.148392,9.165710,9.528633,9.907425,9.804260,9.355976,9.200333,9.338692,9.252239,9.321407,9.355976,9.407806,9.355976,9.200333,9.234943,9.200333,9.269539,9.632080,9.821461,9.442345,9.304119,9.217640,9.183022,9.234943,9.096436,9.217640,9.183022,9.183022,9.061775,9.061775,9.096436,9.217640,9.148392,9.148392,9.131081,9.061775,9.096436,9.200333,9.217640,9.252239,9.096436,9.079109,9.009773,9.027115,9.096436,9.873051,10.113426,9.821461,9.234943,9.113758,9.165710,9.234943,9.131081,9.131081,9.009773,8.853588,8.662369,8.523075,8.383591,8.086544,7.612995,7.190231,6.978207,6.960518,6.818905,6.783474,6.801193,6.818905,7.260815,8.174004,8.662369,8.731949,8.784096,8.888317,8.957737,8.836220,8.766716,8.714558,8.784096,8.766716,8.679768,8.679768,8.435913,8.435913,8.366138,8.278851,8.261383,8.243912,8.243912,8.261383,8.226437,8.156513,8.191483,8.174004,8.104042,8.069046,8.104042,8.191483,8.139027,8.174004,7.946465,8.104042,8.034035,8.104042,8.034035,8.034035,8.016525,8.034035,7.999016,7.999016,7.999016,7.946465,7.963982,7.806187,7.806187,7.753536,7.858810,7.823730,7.700855,7.718422,7.771088,7.753536,7.665718,7.630577,7.560242,7.648148,7.665718,7.718422,7.753536,7.630577,7.542656,7.225533,6.960518,6.765751,6.677101,6.712570,6.641617,6.712570,6.765751,6.907440,6.978207,7.084278,7.119606,7.084278,7.048931,6.960518,6.942829,6.907440,6.783474,6.818905,6.765751,6.748028,6.677101,6.641617,6.588379,6.588379,6.623875,6.535103,6.570625,6.535103,6.641617,6.499577,6.428486,6.392914,6.410706,6.410706,6.321754,6.357342,6.321754,6.286148,6.357342,6.268349,6.321754,6.268349,6.339550,6.339550,6.375134,6.303955,6.339550,6.375134,6.303955,6.428486,6.286148,6.481804,6.375134,6.410706,6.428486,6.464035,6.392914,6.446259,6.552864,6.552864,6.641617,6.606125,6.694839,6.677101,6.694839,6.730297,6.801193,6.748028,6.801193,6.765751,6.925133,6.960518,6.978207,7.031254,6.942829,7.048931,7.031254,7.101940,7.101940,7.137272,7.101940,7.084278,7.172585,7.172585,7.137272,7.119606,7.101940,7.119606,7.084278,7.066605,7.101940,7.101940,7.084278,7.084278,7.101940,7.084278,7.066605,6.960518,7.031254,6.978207,6.907440,6.995895,6.942829,7.101940,6.907440,6.889732,6.854328,6.854328,6.801193,6.801193,6.783474,6.765751,6.748028,6.694839,6.801193,6.748028,6.712570,6.641617,6.659363,6.552864,6.588379,6.641617,6.535103,6.481804,6.499577,6.499577,6.623875,6.446259,6.410706,6.428486,6.428486,6.410706,6.410706,6.286148,6.339550,6.357342,6.286148,6.250534,6.286148,6.250534,6.214916,6.250534,6.214916,6.232731,6.143627,6.250534,6.161457,6.214916,6.125797,6.125797,6.125797,6.125797,6.090134,6.161457,6.107971,6.125797,6.161457,6.072296,6.090134,6.054455,6.090134,6.179276,6.090134,6.107971,6.125797,6.197094,6.321754,6.339550,6.623875,6.978207,6.978207,7.137272,7.278450,7.489868,8.069046,9.061775,10.404537,11.153976,11.391228,11.001148,10.762939,10.199139,9.821461,9.907425,10.113426,10.147728,10.284771,10.438725,10.404537,10.455822,10.455822,10.404537,10.643623,10.831066,10.916145,10.950157,10.745911,10.592438,10.387436,10.199139,10.284771,
4.382195,4.273415,4.146374,4.237133,4.128212,4.418427,4.309685,4.164528,4.164528,4.164528,4.037365,4.073711,4.200836,4.110050,3.928246,3.928246,4.001003,4.091881,3.891846,3.946442,4.073711,4.237133,4.309685,4.110050,4.146374,4.146374,4.291550,4.200836,4.273415,4.327812,4.364071,4.218987,4.327812,4.418427,4.364071,4.200836,4.091881,4.146374,4.110050,4.055538,4.019184,4.019184,4.019184,4.091881,4.273415,4.345943,4.182686,4.110050,4.218987,4.182686,4.327812,4.382195,4.418427,4.364071,4.508957,4.382195,4.490860,4.472755,4.490860,4.418427,4.527058,4.924461,5.643291,6.214916,6.232731,6.321754,6.197094,6.107971,6.232731,6.268349,6.712570,7.700855,7.823730,7.260815,6.392914,5.822250,5.320412,5.068611,4.743999,4.653660,4.472755,4.309685,4.055538,3.891846,3.964630,4.273415,4.436539,4.309685,3.928246,3.800804,3.800804,3.837234,3.910049,3.946442,3.855442,3.928246,3.982819,4.146374,4.400314,4.581333,4.743999,4.563248,4.617508,4.527058,4.563248,4.725941,4.617508,4.689812,4.743999,4.653660,4.581333,4.689812,4.635590,4.563248,4.725941,5.032589,4.834267,4.725941,4.725941,4.834267,5.014572,4.996559,5.158604,5.553699,5.517838,5.446091,5.374290,5.929482,6.588379,6.836617,7.154926,7.858810,8.940388,9.131081,9.096436,9.148392,9.131081,9.597610,10.541225,11.187904,11.441990,11.221825,10.865101,10.489990,10.353233,10.096279,9.873051,9.649315,9.511379,9.683773,10.199139,9.890244,9.286831,8.975086,8.801476,8.766716,8.697163,8.853588,8.662369,8.366138,8.278851,8.366138,8.243912,8.104042,8.069046,8.121536,8.016525,7.963982,7.876347,7.928940,8.383591,8.453358,8.191483,8.121536,8.104042,8.243912,8.313774,8.470791,8.418476,8.226437,8.243912,8.278851,8.296310,8.348686,8.418476,8.331230,8.191483,8.191483,8.278851,8.383591,8.313774,8.383591,8.278851,8.104042,8.121536,8.156513,8.278851,8.383591,8.191483,8.121536,7.963982,8.121536,8.331230,8.226437,8.121536,8.156513,8.243912,8.208961,8.121536,8.086544,8.296310,8.278851,8.296310,8.383591,8.401035,8.435913,8.488220,8.453358,8.435913,8.418476,8.296310,8.348686,8.435913,8.557915,8.679768,8.697163,8.540497,8.208961,8.313774,9.269539,9.217640,8.714558,8.418476,8.383591,8.348686,8.575333,8.818848,8.940388,9.009773,9.009773,9.061775,9.096436,9.234943,9.338692,9.183022,9.286831,9.407806,9.355976,9.338692,9.304119,9.355976,9.321407,9.321407,9.338692,9.148392,9.200333,9.304119,9.476868,9.545887,9.373260,9.304119,9.217640,9.148392,8.992432,8.975086,8.923035,8.975086,8.905678,8.905678,8.888317,9.804260,9.787056,9.355976,9.113758,9.061775,9.079109,9.027115,8.940388,8.905678,8.888317,8.836220,8.870953,8.975086,9.079109,9.044441,8.870953,8.905678,8.975086,8.870953,8.905678,8.923035,8.957737,8.940388,9.009773,8.975086,8.940388,9.044441,9.407806,9.407806,9.217640,9.148392,9.096436,9.044441,9.009773,8.888317,8.923035,8.923035,8.975086,9.027115,9.752644,9.890244,9.873051,9.286831,9.183022,9.183022,9.165710,9.252239,9.217640,9.286831,9.217640,9.269539,9.269539,9.338692,9.304119,9.545887,9.494129,9.338692,9.217640,9.304119,9.390537,9.425079,9.338692,9.200333,9.304119,9.165710,9.217640,9.217640,9.355976,9.683773,9.476868,9.355976,9.044441,8.975086,9.009773,9.027115,9.027115,9.027115,9.027115,9.027115,8.992432,8.801476,8.940388,9.769852,10.061974,9.528633,8.923035,8.818848,8.801476,8.784096,8.836220,8.818848,8.714558,8.644970,8.488220,8.226437,8.139027,7.928940,7.454662,7.137272,6.925133,6.783474,6.783474,6.677101,6.712570,6.818905,7.348972,8.243912,8.592743,8.662369,8.801476,8.801476,8.784096,8.749332,8.731949,8.662369,8.679768,8.557915,8.470791,8.592743,8.348686,8.435913,8.261383,8.174004,8.139027,8.156513,8.086544,8.156513,8.156513,7.981499,8.104042,8.069046,7.963982,8.069046,8.104042,8.086544,8.051544,8.086544,8.034035,7.999016,7.999016,8.086544,8.121536,8.104042,8.034035,8.034035,8.069046,8.156513,8.086544,8.034035,8.016525,7.981499,7.963982,8.051544,8.104042,8.139027,8.051544,8.121536,8.086544,8.191483,8.139027,8.121536,8.313774,8.331230,8.453358,8.505650,8.540497,8.540497,8.348686,7.472267,6.748028,6.286148,6.286148,6.339550,6.303955,6.357342,6.570625,7.225533,7.771088,7.806187,7.788635,7.665718,7.595413,7.507469,7.419441,7.366592,7.348972,7.313717,7.313717,7.278450,7.260815,7.225533,7.296085,7.296085,7.207882,7.207882,7.172585,7.101940,7.084278,7.172585,7.048931,7.013577,7.031254,6.978207,6.942829,7.031254,6.942829,6.872036,6.872036,6.836617,6.712570,6.730297,6.606125,6.677101,6.552864,6.623875,6.641617,6.535103,6.570625,6.606125,6.499577,6.535103,6.552864,6.552864,6.481804,6.499577,6.481804,6.446259,6.464035,6.428486,6.481804,6.481804,6.464035,6.392914,6.428486,6.446259,6.517342,6.464035,6.535103,6.499577,6.481804,6.623875,6.552864,6.588379,6.570625,6.570625,6.623875,6.677101,6.606125,6.712570,6.712570,6.765751,6.889732,6.872036,6.925133,7.013577,7.048931,7.013577,6.995895,6.925133,6.872036,6.942829,6.978207,7.013577,7.013577,6.960518,6.995895,7.048931,7.084278,7.137272,7.084278,7.066605,7.066605,7.013577,7.048931,7.119606,7.101940,7.066605,7.101940,7.048931,7.048931,7.031254,6.995895,7.031254,6.995895,6.942829,6.907440,6.925133,6.960518,6.872036,6.907440,6.801193,6.872036,6.818905,6.765751,6.712570,6.606125,6.659363,6.641617,6.606125,6.535103,6.570625,6.499577,6.570625,6.499577,6.410706,6.410706,6.481804,6.428486,6.392914,6.339550,6.321754,6.339550,6.428486,6.357342,6.357342,6.339550,6.339550,6.286148,6.303955,6.268349,6.197094,6.214916,6.250534,6.214916,6.197094,6.179276,6.143627,6.179276,6.161457,6.125797,6.179276,6.179276,6.161457,6.179276,6.232731,6.375134,6.552864,6.854328,7.084278,7.084278,7.190231,7.401833,7.665718,8.505650,9.907425,11.153976,11.306557,11.204865,10.779976,10.524147,10.010487,9.907425,10.096279,10.130581,10.216270,10.387436,10.387436,10.301891,10.250530,10.250530,10.233398,10.592438,10.609497,10.762939,10.472908,10.319000,10.113426,9.976139,9.993317,9.993317,
5.338371,5.266499,5.176598,4.978535,4.996559,5.050598,4.960514,4.852314,4.780113,4.780113,4.581333,4.563248,4.527058,4.490860,4.345943,4.418427,4.237133,4.200836,4.309685,4.164528,4.273415,4.309685,4.436539,4.237133,4.255280,4.218987,4.164528,4.237133,4.291550,4.291550,4.309685,4.291550,4.364071,4.472755,4.255280,4.164528,4.128212,4.146374,4.146374,4.073711,4.001003,4.164528,4.073711,4.255280,4.273415,4.182686,4.182686,4.128212,4.146374,4.182686,4.291550,4.327812,4.218987,4.291550,4.345943,4.400314,4.364071,4.418427,4.291550,4.273415,4.382195,4.653660,5.248528,5.875885,6.321754,6.339550,6.286148,6.161457,6.072296,6.214916,6.517342,6.925133,7.665718,7.595413,6.907440,6.036610,5.499908,4.978535,4.960514,4.671738,4.382195,4.110050,4.001003,3.873646,4.001003,4.164528,4.345943,4.237133,3.964630,3.873646,3.837234,3.873646,3.800804,3.855442,3.891846,3.855442,3.964630,4.164528,4.436539,4.599422,4.617508,4.472755,4.617508,4.635590,4.671738,4.581333,4.599422,4.545155,4.617508,4.563248,4.635590,4.653660,4.635590,4.581333,4.798172,4.996559,4.762062,4.762062,4.707874,4.924461,4.960514,4.762062,4.978535,5.266499,5.499908,5.446091,5.374290,5.911625,6.321754,6.464035,6.748028,7.454662,8.191483,9.061775,9.131081,9.113758,9.148392,9.442345,10.044807,10.848083,11.289619,11.204865,10.933151,10.575371,10.284771,9.941792,9.649315,9.545887,9.234943,9.666546,10.336117,10.113426,9.338692,8.940388,8.818848,8.749332,8.731949,8.662369,8.523075,8.366138,8.348686,8.261383,8.191483,8.016525,8.034035,7.999016,8.069046,8.051544,8.121536,8.121536,8.418476,8.261383,8.156513,8.121536,8.104042,8.086544,8.191483,8.366138,8.313774,8.226437,8.139027,8.208961,8.139027,8.243912,8.331230,8.331230,8.208961,8.296310,8.313774,8.366138,8.401035,8.278851,8.156513,8.104042,8.051544,8.139027,8.191483,8.401035,8.331230,8.139027,8.051544,8.034035,8.051544,8.034035,8.069046,8.086544,8.104042,8.156513,8.156513,8.208961,8.766716,8.644970,8.401035,8.435913,8.488220,8.540497,8.662369,8.644970,8.731949,8.644970,8.627563,8.557915,8.662369,8.731949,8.853588,8.853588,8.488220,8.435913,8.540497,9.234943,9.200333,8.731949,8.557915,8.488220,8.505650,8.627563,8.714558,8.888317,8.905678,8.818848,8.923035,8.923035,8.905678,9.044441,9.131081,9.200333,9.148392,9.148392,9.061775,9.183022,9.079109,9.200333,9.113758,9.217640,9.183022,9.269539,9.476868,9.649315,9.700993,9.338692,9.234943,9.096436,9.131081,9.165710,9.096436,9.096436,9.113758,9.044441,9.061775,9.217640,9.511379,9.528633,9.269539,9.009773,8.992432,8.992432,8.905678,8.870953,8.923035,8.870953,8.923035,8.836220,8.870953,8.957737,8.992432,8.905678,9.027115,8.940388,8.923035,8.870953,8.870953,8.940388,8.940388,8.992432,8.975086,8.784096,9.061775,9.614849,9.718216,9.373260,9.148392,9.027115,8.940388,8.957737,9.027115,8.975086,9.044441,8.975086,9.096436,9.580376,9.700993,9.666546,9.148392,9.269539,9.252239,9.113758,9.200333,9.200333,9.286831,9.338692,9.217640,9.286831,9.355976,9.425079,9.407806,9.373260,9.252239,9.217640,9.252239,9.355976,9.355976,9.304119,9.252239,9.269539,9.252239,9.200333,9.183022,9.476868,9.976139,9.907425,9.459610,8.957737,8.905678,8.870953,8.957737,8.992432,8.940388,9.061775,9.009773,8.957737,8.975086,9.044441,9.338692,9.511379,9.338692,9.044441,8.957737,8.888317,8.818848,8.818848,8.784096,8.784096,8.679768,8.470791,8.366138,7.963982,7.771088,7.419441,6.995895,6.765751,6.659363,6.659363,6.552864,6.606125,6.694839,7.366592,8.278851,8.505650,8.610161,8.644970,8.818848,8.714558,8.679768,8.627563,8.540497,8.470791,8.453358,8.401035,8.348686,8.331230,8.261383,8.226437,8.156513,8.016525,8.104042,8.034035,7.981499,8.016525,7.911411,7.963982,7.981499,7.946465,7.928940,7.946465,7.963982,7.963982,7.928940,7.893879,8.016525,7.946465,8.034035,8.016525,7.981499,7.911411,8.051544,7.911411,8.034035,7.928940,7.946465,7.893879,7.911411,7.911411,8.016525,8.156513,8.086544,8.051544,7.999016,8.104042,8.121536,8.139027,8.243912,8.348686,8.296310,8.470791,8.505650,8.453358,8.575333,8.208961,7.278450,6.428486,6.214916,6.161457,6.107971,6.161457,6.179276,6.606125,7.577831,8.208961,8.174004,7.999016,7.876347,7.665718,7.595413,7.542656,7.630577,7.665718,7.648148,7.753536,7.911411,7.858810,7.963982,7.946465,7.946465,8.104042,8.139027,8.034035,8.034035,8.016525,7.981499,8.051544,8.016525,7.858810,7.893879,7.841270,7.806187,7.683289,7.648148,7.489868,7.542656,7.507469,7.454662,7.384212,7.384212,7.225533,7.313717,7.207882,7.260815,7.225533,7.172585,7.190231,7.101940,7.101940,7.172585,7.101940,7.048931,7.013577,7.031254,6.995895,6.978207,6.960518,6.836617,6.801193,6.872036,6.818905,6.659363,6.730297,6.677101,6.641617,6.694839,6.570625,6.606125,6.623875,6.535103,6.499577,6.481804,6.570625,6.552864,6.499577,6.588379,6.552864,6.588379,6.641617,6.570625,6.606125,6.641617,6.641617,6.570625,6.570625,6.641617,6.712570,6.730297,6.659363,6.659363,6.606125,6.677101,6.730297,6.588379,6.606125,6.801193,6.872036,6.889732,6.836617,6.872036,6.925133,6.907440,6.942829,6.907440,6.995895,6.960518,7.013577,6.960518,7.066605,7.031254,6.995895,6.960518,6.960518,6.978207,6.942829,6.942829,6.960518,6.960518,7.031254,6.960518,6.960518,6.978207,6.960518,6.960518,6.942829,6.872036,6.854328,6.978207,6.942829,6.801193,6.783474,6.765751,6.694839,6.694839,6.694839,6.748028,6.606125,6.623875,6.606125,6.677101,6.570625,6.588379,6.499577,6.499577,6.552864,6.517342,6.535103,6.481804,6.552864,6.499577,6.481804,6.481804,6.481804,6.464035,6.410706,6.357342,6.410706,6.446259,6.339550,6.392914,6.357342,6.339550,6.375134,6.889732,7.066605,7.119606,7.172585,7.296085,7.595413,8.069046,9.234943,10.779976,11.340439,11.323498,11.086086,10.745911,10.233398,9.993317,10.061974,10.250530,10.250530,10.404537,10.370338,10.336117,10.404537,10.404537,10.336117,10.319000,10.438725,10.404537,10.421631,10.164867,10.113426,9.958965,9.907425,9.700993,9.890244,
6.712570,6.535103,6.481804,6.339550,6.375134,6.286148,6.250534,6.090134,6.000916,5.929482,5.768597,5.768597,5.679108,5.643291,5.499908,5.464031,5.212570,5.140610,5.194580,5.104614,5.086613,5.104614,5.122616,4.870358,4.834267,4.743999,4.671738,4.617508,4.653660,4.653660,4.653660,4.527058,4.653660,4.599422,4.527058,4.382195,4.364071,4.472755,4.309685,4.255280,4.164528,4.291550,4.128212,4.273415,4.237133,4.218987,4.237133,4.128212,4.146374,4.237133,4.237133,4.218987,4.309685,4.309685,4.255280,4.436539,4.364071,4.327812,4.218987,4.237133,4.400314,4.490860,4.960514,5.661201,6.125797,6.570625,6.339550,6.321754,6.107971,6.161457,6.250534,6.641617,7.419441,7.806187,7.243172,6.375134,5.607468,5.104614,4.906425,4.689812,4.418427,4.146374,4.110050,3.964630,3.964630,4.128212,4.327812,4.200836,3.910049,3.855442,3.782589,3.764370,3.837234,3.891846,3.946442,3.910049,3.873646,4.110050,4.454651,4.653660,4.653660,4.508957,4.545155,4.599422,4.454651,4.762062,4.689812,4.563248,4.527058,4.545155,4.563248,4.635590,4.707874,4.563248,4.707874,4.888393,4.906425,4.996559,4.834267,4.870358,4.762062,4.834267,5.032589,5.086613,5.158604,5.104614,5.302444,6.018761,6.107971,6.090134,6.339550,6.978207,7.788635,8.870953,9.113758,9.096436,9.183022,9.183022,9.752644,11.425068,11.964966,12.015423,11.729134,11.323498,11.001148,10.558300,10.267654,9.941792,9.666546,10.387436,10.558300,10.147728,9.338692,9.131081,8.975086,8.888317,8.853588,8.766716,8.575333,8.401035,8.366138,8.208961,8.051544,7.981499,7.928940,8.016525,7.946465,7.928940,8.069046,8.104042,8.278851,8.331230,8.243912,8.174004,8.051544,8.016525,8.418476,8.470791,8.505650,8.208961,8.156513,8.051544,8.104042,8.191483,8.226437,8.313774,8.278851,8.348686,8.435913,8.435913,8.366138,8.278851,8.348686,8.278851,8.174004,8.278851,8.331230,8.557915,8.488220,8.261383,8.086544,8.016525,8.016525,8.104042,8.121536,8.086544,8.104042,8.034035,8.104042,8.401035,8.870953,8.818848,8.488220,8.418476,8.383591,8.644970,8.523075,8.557915,8.644970,8.644970,8.662369,8.731949,8.749332,8.784096,8.853588,8.801476,8.575333,8.644970,8.801476,8.905678,8.870953,8.749332,8.679768,8.766716,8.749332,8.905678,8.957737,9.079109,8.853588,8.957737,8.957737,9.009773,9.027115,8.992432,8.923035,8.975086,8.853588,8.853588,8.836220,8.766716,8.731949,8.766716,8.644970,8.679768,8.714558,8.836220,9.234943,9.494129,9.234943,8.905678,8.714558,8.731949,8.714558,8.870953,8.749332,8.749332,8.714558,8.679768,8.766716,8.818848,8.905678,8.870953,8.836220,8.870953,8.888317,8.818848,8.870953,8.870953,8.923035,8.784096,8.766716,8.853588,8.836220,8.957737,9.079109,9.148392,9.027115,8.992432,8.992432,8.940388,8.853588,8.905678,8.905678,8.923035,8.853588,8.801476,8.940388,9.614849,9.718216,9.304119,8.975086,8.888317,8.888317,8.940388,8.975086,9.061775,8.992432,8.957737,9.079109,9.269539,9.338692,9.252239,9.113758,9.200333,9.131081,9.096436,9.044441,8.975086,9.148392,9.234943,9.286831,9.234943,9.355976,9.373260,9.700993,9.580376,9.373260,9.165710,9.200333,9.096436,9.131081,9.269539,9.200333,9.183022,9.304119,9.183022,9.079109,9.614849,9.924606,9.958965,9.528633,8.940388,8.888317,8.975086,8.905678,8.905678,8.940388,9.027115,8.923035,8.957737,8.905678,8.923035,9.027115,9.131081,9.061775,9.027115,8.957737,8.923035,8.888317,8.923035,8.818848,8.836220,8.749332,8.731949,8.610161,8.366138,7.911411,7.207882,7.013577,6.712570,6.748028,6.623875,6.588379,6.694839,6.783474,7.401833,8.226437,8.418476,8.644970,8.627563,8.697163,8.697163,8.679768,8.575333,8.453358,8.453358,8.435913,8.401035,8.366138,8.156513,8.191483,8.156513,8.086544,8.034035,7.963982,8.034035,7.963982,7.876347,7.893879,7.946465,7.946465,7.893879,7.771088,7.893879,7.858810,7.858810,7.876347,7.946465,7.911411,7.858810,7.928940,7.911411,7.981499,7.999016,7.858810,7.858810,8.016525,8.034035,7.963982,7.858810,7.876347,7.911411,7.963982,7.999016,7.893879,7.963982,8.016525,8.104042,8.121536,8.069046,8.034035,8.191483,8.296310,8.331230,8.523075,8.453358,8.366138,8.034035,7.048931,6.286148,6.125797,6.072296,6.125797,6.018761,6.250534,6.677101,7.753536,8.139027,8.191483,7.893879,7.858810,7.665718,7.560242,7.595413,7.630577,7.683289,7.735977,7.876347,7.858810,7.981499,7.999016,8.069046,8.174004,8.313774,8.348686,8.453358,8.383591,8.505650,8.592743,8.627563,8.662369,8.749332,8.836220,8.784096,8.801476,8.853588,8.697163,8.731949,8.592743,8.592743,8.575333,8.488220,8.470791,8.435913,8.435913,8.418476,8.366138,8.156513,8.243912,8.296310,8.278851,8.086544,8.051544,8.016525,7.999016,7.911411,7.858810,7.718422,7.753536,7.507469,7.595413,7.595413,7.577831,7.489868,7.507469,7.331345,7.419441,7.366592,7.207882,7.243172,7.207882,7.137272,7.084278,7.101940,7.031254,7.013577,6.889732,6.889732,6.854328,6.854328,6.889732,6.978207,6.889732,6.907440,6.818905,6.783474,6.801193,6.748028,6.677101,6.765751,6.623875,6.641617,6.694839,6.606125,6.481804,6.570625,6.499577,6.606125,6.552864,6.659363,6.712570,6.677101,6.641617,6.588379,6.659363,6.570625,6.712570,6.641617,6.659363,6.641617,6.677101,6.818905,6.765751,6.818905,6.783474,6.818905,6.907440,6.836617,6.942829,6.889732,6.942829,6.995895,6.978207,6.889732,6.960518,6.907440,7.031254,6.960518,6.907440,6.925133,6.978207,6.960518,6.978207,6.942829,6.942829,6.995895,6.978207,6.907440,6.925133,7.066605,6.995895,7.031254,6.960518,6.960518,7.031254,6.942829,6.995895,6.889732,7.119606,6.960518,6.872036,6.854328,6.854328,6.925133,6.783474,6.783474,6.765751,6.801193,6.748028,6.659363,6.730297,6.730297,6.712570,6.641617,6.623875,6.818905,7.066605,7.190231,7.207882,7.313717,7.348972,7.806187,8.662369,10.061974,11.306557,11.374298,11.069107,10.865101,10.421631,9.993317,9.907425,9.976139,10.044807,10.233398,10.336117,10.267654,10.130581,10.267654,10.233398,10.199139,10.147728,9.958965,9.993317,10.010487,9.855862,9.735428,9.769852,9.683773,9.632080,9.632080,
7.348972,7.437057,7.366592,7.348972,7.313717,7.454662,7.348972,7.296085,7.296085,7.119606,7.084278,7.084278,7.013577,6.995895,6.854328,6.818905,6.606125,6.588379,6.552864,6.464035,6.375134,6.303955,6.161457,6.143627,5.965206,5.875885,5.929482,5.732807,5.661201,5.589546,5.517838,5.356339,5.302444,5.320412,5.140610,4.996559,5.086613,4.834267,4.834267,4.653660,4.689812,4.527058,4.599422,4.581333,4.581333,4.490860,4.490860,4.400314,4.400314,4.364071,4.309685,4.273415,4.345943,4.418427,4.382195,4.436539,4.364071,4.200836,4.073711,4.110050,4.382195,4.508957,4.816223,5.392242,6.392914,7.031254,6.481804,6.286148,6.214916,6.143627,6.143627,6.303955,7.154926,7.612995,7.560242,6.677101,5.875885,5.248528,4.762062,4.563248,4.527058,4.345943,4.146374,4.055538,4.091881,4.182686,4.345943,4.110050,3.928246,3.782589,3.709686,3.782589,3.891846,3.910049,3.928246,3.910049,3.910049,4.073711,4.454651,4.635590,4.599422,4.581333,4.508957,4.418427,4.418427,4.725941,4.780113,4.454651,4.454651,4.563248,4.472755,4.617508,4.725941,4.527058,4.780113,4.870358,4.834267,5.284477,5.050598,4.725941,4.653660,4.906425,5.194580,5.050598,4.906425,5.032589,5.517838,5.732807,5.571625,5.911625,6.161457,6.623875,7.331345,8.488220,9.061775,9.027115,9.200333,9.183022,9.718216,11.425068,12.099461,12.233765,12.267311,11.981785,11.526535,11.238777,10.848083,10.421631,10.319000,10.541225,10.336117,9.941792,9.666546,9.632080,9.476868,9.286831,9.131081,9.079109,8.940388,8.644970,8.488220,8.331230,8.296310,8.313774,8.331230,8.488220,8.505650,8.383591,8.435913,8.488220,8.505650,8.505650,8.488220,8.331230,8.191483,7.963982,8.418476,8.679768,8.575333,8.296310,8.174004,8.069046,8.086544,8.086544,8.174004,8.208961,8.348686,8.296310,8.383591,8.366138,8.383591,8.401035,8.435913,8.383591,8.313774,8.418476,8.505650,8.540497,8.435913,8.366138,8.156513,8.174004,8.174004,8.488220,8.540497,8.313774,8.243912,8.348686,8.453358,8.592743,8.679768,8.592743,8.383591,8.453358,8.453358,8.505650,8.505650,8.488220,8.470791,8.488220,8.575333,8.610161,8.697163,8.610161,8.679768,8.592743,8.662369,8.592743,8.627563,8.697163,8.714558,8.662369,8.731949,8.801476,8.679768,8.818848,9.079109,9.321407,9.183022,8.957737,8.992432,9.027115,9.044441,9.027115,8.975086,8.957737,8.940388,8.766716,8.749332,8.731949,8.905678,8.853588,8.679768,8.731949,8.662369,8.714558,8.992432,9.200333,9.044441,8.818848,8.627563,8.610161,8.557915,8.610161,8.575333,8.731949,8.627563,8.575333,8.697163,8.610161,8.679768,8.714558,8.627563,8.662369,8.592743,8.679768,8.610161,8.592743,8.697163,8.697163,8.749332,8.592743,8.557915,8.801476,9.338692,9.165710,8.853588,8.749332,8.731949,8.749332,8.697163,8.836220,8.801476,8.801476,8.766716,8.766716,8.870953,9.148392,9.131081,9.096436,8.905678,8.836220,8.905678,8.940388,8.923035,8.992432,9.044441,8.975086,9.079109,9.113758,9.165710,9.113758,9.044441,9.009773,9.044441,8.818848,8.888317,8.888317,8.975086,9.061775,9.061775,8.818848,8.853588,8.992432,9.563126,9.683773,9.183022,9.009773,8.957737,8.940388,8.975086,9.061775,9.061775,9.079109,9.113758,9.234943,9.269539,9.304119,9.511379,9.528633,9.183022,9.009773,8.975086,9.044441,9.009773,9.096436,9.079109,9.200333,9.183022,9.113758,8.992432,9.148392,9.269539,9.234943,9.079109,8.975086,8.940388,8.853588,8.870953,8.801476,8.662369,8.627563,8.575333,8.523075,8.383591,8.121536,7.735977,7.260815,6.872036,6.677101,6.588379,6.570625,6.517342,6.552864,6.694839,7.366592,8.104042,8.435913,8.627563,8.662369,8.731949,8.766716,8.523075,8.540497,8.418476,8.453358,8.348686,8.313774,8.261383,8.156513,8.086544,8.104042,7.999016,8.069046,8.034035,7.928940,7.876347,7.893879,7.753536,7.753536,7.823730,7.806187,7.771088,7.771088,7.753536,7.788635,7.841270,7.735977,7.841270,7.911411,7.876347,7.893879,7.928940,7.946465,7.823730,7.823730,7.771088,7.946465,7.876347,7.893879,7.928940,7.841270,7.928940,7.928940,7.946465,7.928940,8.034035,8.069046,8.034035,7.999016,8.016525,8.139027,8.296310,8.331230,8.453358,8.488220,8.401035,7.928940,6.748028,6.179276,6.090134,6.000916,5.947346,6.036610,6.161457,6.783474,7.841270,8.016525,7.911411,7.735977,7.612995,7.525059,7.507469,7.577831,7.525059,7.612995,7.718422,7.771088,7.841270,7.893879,7.963982,8.016525,8.121536,8.313774,8.278851,8.313774,8.435913,8.592743,8.557915,8.662369,8.766716,8.836220,8.836220,8.784096,8.853588,8.940388,9.044441,9.044441,8.975086,8.870953,8.940388,9.009773,9.079109,9.027115,9.061775,8.992432,9.113758,9.148392,9.044441,9.200333,9.131081,9.200333,9.131081,9.096436,9.113758,9.044441,8.905678,8.940388,8.940388,8.784096,8.766716,8.697163,8.697163,8.505650,8.540497,8.453358,8.331230,8.401035,8.296310,8.191483,7.981499,7.963982,7.858810,7.823730,7.700855,7.648148,7.700855,7.612995,7.384212,7.507469,7.401833,7.437057,7.384212,7.384212,7.348972,7.313717,7.331345,7.243172,7.225533,7.119606,7.137272,6.907440,6.801193,6.677101,6.623875,6.570625,6.570625,6.606125,6.570625,6.659363,6.677101,6.818905,6.641617,6.677101,6.606125,6.535103,6.499577,6.570625,6.570625,6.552864,6.570625,6.552864,6.659363,6.570625,6.659363,6.570625,6.517342,6.606125,6.677101,6.641617,6.641617,6.730297,6.623875,6.748028,6.730297,6.748028,6.765751,6.783474,6.712570,6.765751,6.818905,6.872036,6.801193,6.854328,6.801193,6.765751,6.925133,6.925133,7.013577,7.013577,7.048931,6.995895,7.084278,7.066605,7.084278,7.101940,7.154926,7.084278,7.048931,7.119606,7.190231,7.243172,7.137272,7.190231,7.207882,7.172585,7.207882,7.243172,7.243172,7.260815,7.260815,7.207882,7.243172,7.225533,7.313717,7.260815,7.190231,7.278450,7.331345,7.489868,7.630577,8.191483,9.476868,10.797012,11.391228,11.306557,11.001148,10.643623,10.096279,10.010487,9.976139,10.027649,10.130581,10.199139,10.267654,10.199139,10.233398,10.216270,10.353233,10.319000,10.267654,10.079128,10.044807,9.873051,9.855862,9.752644,9.683773,9.666546,9.632080,9.545887,
7.031254,7.066605,7.154926,7.243172,7.331345,7.348972,7.419441,7.525059,7.577831,7.630577,7.630577,7.577831,7.560242,7.577831,7.665718,7.595413,7.700855,7.595413,7.577831,7.560242,7.683289,7.577831,7.454662,7.296085,7.348972,7.154926,7.172585,7.207882,7.154926,6.995895,6.765751,6.889732,6.677101,6.694839,6.552864,6.375134,6.214916,6.197094,6.072296,5.911625,5.893753,5.732807,5.679108,5.643291,5.499908,5.374290,5.374290,5.230549,5.338371,5.230549,5.140610,5.068611,4.996559,4.942490,4.942490,4.834267,4.780113,4.581333,4.599422,4.599422,4.653660,4.852314,5.176598,5.858009,6.748028,7.384212,6.854328,6.535103,6.321754,6.214916,6.125797,6.321754,6.570625,7.472267,7.665718,7.066605,6.375134,5.499908,4.906425,4.653660,4.653660,4.508957,4.364071,4.128212,4.110050,4.309685,4.291550,4.055538,3.928246,3.800804,3.855442,3.819023,3.910049,3.873646,3.855442,3.855442,3.910049,4.091881,4.545155,4.780113,4.653660,4.490860,4.508957,4.382195,4.436539,4.635590,4.653660,4.545155,4.599422,4.508957,4.472755,4.653660,4.689812,4.563248,4.870358,5.014572,4.888393,4.942490,4.906425,4.689812,4.725941,4.870358,5.032589,4.942490,4.924461,5.392242,5.625381,5.464031,5.428139,5.804367,6.036610,6.339550,7.013577,8.069046,8.975086,9.096436,9.165710,9.183022,9.511379,10.745911,11.914482,12.233765,12.200203,11.981785,11.509636,11.052120,10.865101,10.558300,10.438725,10.199139,9.976139,9.821461,9.614849,9.563126,9.442345,9.252239,9.096436,8.992432,8.905678,8.679768,8.575333,8.418476,8.453358,8.575333,8.818848,9.113758,8.905678,8.714558,8.784096,8.714558,8.592743,8.610161,8.627563,8.540497,8.383591,8.226437,8.383591,8.557915,8.557915,8.383591,8.243912,8.156513,8.156513,8.191483,8.156513,8.208961,8.243912,8.243912,8.313774,8.261383,8.261383,8.366138,8.470791,8.331230,8.313774,8.401035,8.418476,8.418476,8.313774,8.243912,8.191483,8.139027,8.121536,8.679768,8.662369,8.383591,8.208961,8.296310,8.191483,8.243912,8.278851,8.523075,8.488220,8.470791,8.557915,8.540497,8.610161,8.523075,8.470791,8.523075,8.627563,8.610161,8.627563,8.697163,8.644970,8.575333,8.662369,8.610161,8.523075,8.540497,8.697163,8.610161,8.610161,8.453358,8.488220,8.627563,8.836220,9.061775,8.818848,8.523075,8.505650,8.505650,8.610161,8.592743,8.610161,8.627563,8.627563,8.505650,8.488220,8.714558,8.975086,9.009773,8.853588,8.801476,8.627563,8.575333,8.575333,8.888317,8.836220,8.870953,8.905678,8.940388,8.923035,8.801476,8.731949,8.801476,8.697163,8.697163,8.836220,8.784096,8.766716,8.784096,8.662369,8.557915,8.453358,8.470791,8.523075,8.731949,8.731949,8.731949,8.644970,8.575333,8.453358,8.870953,9.200333,9.096436,8.627563,8.557915,8.488220,8.540497,8.662369,8.731949,8.714558,8.679768,8.731949,8.836220,8.836220,8.923035,8.923035,8.853588,8.870953,8.905678,9.009773,8.940388,8.992432,8.905678,8.905678,8.836220,8.714558,8.731949,8.853588,9.269539,9.304119,9.027115,8.888317,8.801476,8.870953,8.975086,8.975086,8.940388,8.888317,8.714558,8.731949,8.784096,9.563126,9.597610,9.165710,8.870953,8.975086,8.957737,8.975086,8.923035,8.923035,9.027115,8.992432,8.992432,8.836220,8.940388,9.113758,9.044441,8.940388,8.905678,8.992432,9.079109,8.923035,8.940388,9.113758,9.234943,9.165710,9.113758,9.200333,9.252239,9.614849,9.563126,9.096436,8.801476,8.888317,8.853588,8.853588,8.714558,8.610161,8.488220,8.401035,8.261383,8.104042,7.876347,7.595413,7.137272,6.694839,6.535103,6.517342,6.535103,6.517342,6.481804,6.588379,7.384212,8.139027,8.418476,8.592743,8.610161,8.627563,8.575333,8.523075,8.401035,8.261383,8.243912,8.226437,8.191483,8.139027,8.104042,8.034035,8.016525,7.928940,7.946465,7.911411,7.893879,7.841270,7.806187,7.788635,7.683289,7.718422,7.630577,7.665718,7.753536,7.648148,7.753536,7.823730,7.788635,7.911411,7.823730,7.858810,7.683289,7.788635,7.858810,7.806187,7.806187,7.735977,7.771088,7.876347,7.841270,7.876347,7.893879,7.893879,7.876347,7.893879,7.928940,8.051544,8.051544,7.963982,7.911411,7.981499,8.069046,8.086544,8.296310,8.418476,8.331230,8.313774,7.665718,6.552864,6.107971,5.983063,5.929482,5.947346,5.983063,6.232731,6.995895,7.911411,7.928940,7.893879,7.648148,7.489868,7.472267,7.472267,7.437057,7.454662,7.577831,7.560242,7.683289,7.841270,7.911411,7.928940,8.016525,8.156513,8.243912,8.331230,8.383591,8.435913,8.453358,8.557915,8.610161,8.627563,8.784096,8.766716,8.870953,8.836220,8.975086,8.992432,9.009773,8.957737,8.957737,8.888317,9.044441,9.096436,9.131081,9.148392,9.096436,9.148392,9.113758,9.200333,9.183022,9.269539,9.234943,9.234943,9.217640,9.217640,9.269539,9.234943,9.183022,9.217640,9.269539,9.200333,9.200333,9.269539,9.200333,9.217640,9.183022,9.148392,9.217640,9.252239,9.200333,9.269539,9.131081,9.113758,9.079109,8.923035,8.905678,8.905678,8.749332,8.679768,8.749332,8.627563,8.644970,8.557915,8.488220,8.470791,8.366138,8.243912,8.313774,8.121536,7.963982,7.788635,7.384212,7.048931,6.748028,6.623875,6.641617,6.641617,6.694839,6.801193,6.836617,7.013577,7.207882,7.119606,7.048931,6.978207,6.854328,6.960518,6.765751,6.694839,6.694839,6.641617,6.659363,6.677101,6.623875,6.641617,6.588379,6.641617,6.677101,6.659363,6.606125,6.641617,6.659363,6.659363,6.694839,6.730297,6.659363,6.712570,6.641617,6.801193,6.801193,6.712570,6.801193,6.730297,6.889732,6.889732,6.872036,6.818905,6.836617,6.854328,6.872036,6.907440,6.960518,6.995895,7.137272,7.084278,7.172585,7.119606,7.225533,7.278450,7.331345,7.278450,7.313717,7.419441,7.401833,7.507469,7.454662,7.384212,7.489868,7.454662,7.630577,7.560242,7.542656,7.595413,7.612995,7.560242,7.419441,7.419441,7.542656,7.700855,7.630577,7.928940,8.644970,10.079128,11.255722,11.408150,11.204865,10.779976,10.164867,9.838661,9.683773,9.700993,9.838661,9.924606,10.233398,10.182007,10.182007,10.113426,10.182007,10.284771,10.524147,10.472908,10.267654,10.061974,9.958965,9.873051,9.804260,9.804260,9.718216,9.804260,9.666546,
6.268349,6.623875,6.570625,6.641617,6.659363,6.677101,6.801193,6.836617,6.925133,7.101940,7.031254,7.084278,7.154926,7.225533,7.225533,7.278450,7.384212,7.260815,7.313717,7.331345,7.489868,7.525059,7.542656,7.577831,7.560242,7.648148,7.648148,7.665718,7.683289,7.735977,7.753536,7.718422,7.788635,7.648148,7.700855,7.665718,7.525059,7.489868,7.366592,7.313717,7.331345,7.225533,7.031254,7.084278,6.907440,6.978207,6.872036,6.801193,6.677101,6.606125,6.464035,6.446259,6.517342,6.143627,6.214916,6.090134,5.840134,5.858009,5.732807,5.714912,5.643291,5.732807,5.983063,6.623875,7.190231,7.788635,7.401833,6.712570,6.375134,6.303955,6.286148,6.232731,6.428486,7.119606,7.612995,7.384212,6.677101,6.143627,5.356339,4.942490,4.960514,4.816223,4.545155,4.327812,4.273415,4.327812,4.454651,4.273415,3.928246,3.910049,3.873646,3.891846,3.910049,3.910049,3.982819,3.928246,4.037365,4.182686,4.581333,4.762062,4.671738,4.743999,4.563248,4.527058,4.400314,4.527058,4.617508,4.635590,4.545155,4.454651,4.563248,4.707874,4.599422,4.617508,5.032589,4.942490,4.671738,4.653660,4.743999,4.725941,4.707874,4.834267,4.924461,4.960514,5.194580,5.643291,5.571625,5.212570,5.320412,5.607468,5.965206,6.161457,6.783474,7.771088,8.749332,9.096436,9.096436,9.183022,9.425079,10.472908,11.897648,12.451607,12.434868,12.233765,11.897648,11.425068,11.187904,10.933151,10.643623,10.370338,10.079128,10.027649,10.027649,9.821461,9.442345,9.183022,8.888317,8.714558,8.714558,8.731949,8.644970,8.540497,8.505650,8.610161,9.009773,9.044441,9.009773,8.784096,8.557915,8.418476,8.435913,8.348686,8.453358,8.331230,8.278851,8.348686,8.313774,8.261383,8.401035,8.296310,8.174004,8.174004,8.191483,8.139027,8.208961,8.261383,8.331230,8.348686,8.348686,8.366138,8.243912,8.523075,8.784096,8.470791,8.418476,8.453358,8.418476,8.401035,8.557915,8.453358,8.348686,8.383591,8.453358,8.749332,8.801476,8.348686,8.208961,8.086544,8.104042,8.156513,8.226437,8.366138,8.435913,8.523075,8.505650,8.488220,8.488220,8.505650,8.453358,8.523075,8.540497,8.592743,8.610161,8.627563,8.697163,8.697163,8.749332,8.644970,8.488220,8.575333,9.200333,9.027115,8.662369,8.523075,8.453358,8.575333,8.714558,8.801476,8.714558,8.557915,8.610161,8.540497,8.610161,8.540497,8.488220,8.453358,8.523075,8.366138,8.470791,8.749332,9.009773,8.923035,8.592743,8.401035,8.278851,8.331230,8.366138,8.610161,8.766716,8.714558,8.818848,8.801476,8.749332,8.644970,8.644970,8.644970,8.714558,8.836220,8.923035,9.009773,8.905678,8.905678,8.905678,8.697163,8.610161,8.523075,8.679768,9.148392,9.096436,8.766716,8.784096,8.853588,8.870953,8.992432,9.165710,8.992432,8.818848,8.662369,8.592743,8.714558,8.766716,9.027115,9.044441,8.888317,8.957737,9.079109,9.148392,9.009773,8.975086,8.923035,8.853588,8.923035,8.992432,8.992432,8.853588,8.923035,8.784096,8.627563,8.557915,8.662369,8.749332,9.355976,9.442345,9.009773,8.784096,8.749332,8.731949,8.784096,8.923035,8.870953,8.853588,8.853588,8.801476,8.992432,9.165710,9.234943,9.286831,9.113758,9.096436,9.165710,9.217640,9.044441,9.009773,9.027115,9.009773,9.096436,9.027115,9.148392,9.183022,9.200333,9.200333,8.940388,8.975086,8.940388,8.923035,9.009773,9.131081,9.079109,8.975086,8.957737,8.870953,9.079109,9.649315,9.580376,8.923035,8.679768,8.627563,8.488220,8.470791,8.418476,8.383591,8.331230,8.261383,8.086544,7.981499,7.718422,7.454662,6.995895,6.677101,6.535103,6.446259,6.339550,6.339550,6.446259,6.535103,7.437057,8.139027,8.331230,8.540497,8.540497,8.505650,8.505650,8.488220,8.418476,8.261383,8.243912,8.139027,8.069046,8.051544,8.069046,7.946465,7.963982,7.876347,7.823730,7.823730,7.806187,7.788635,7.753536,7.753536,7.718422,7.771088,7.630577,7.735977,7.700855,7.718422,7.735977,7.718422,7.771088,7.806187,7.735977,7.630577,7.718422,7.735977,7.806187,7.788635,7.788635,7.876347,7.823730,7.841270,7.858810,7.876347,7.771088,7.823730,7.911411,7.893879,7.893879,8.034035,7.981499,7.946465,7.928940,8.034035,8.121536,8.174004,8.418476,8.505650,8.366138,8.313774,7.507469,6.446259,6.018761,5.965206,5.858009,6.036610,5.947346,6.357342,7.048931,7.999016,7.893879,7.806187,7.630577,7.472267,7.489868,7.454662,7.454662,7.542656,7.577831,7.630577,7.665718,7.735977,7.893879,7.946465,7.911411,8.156513,8.313774,8.348686,8.331230,8.418476,8.470791,8.488220,8.592743,8.610161,8.662369,8.749332,8.749332,8.801476,8.818848,8.888317,8.888317,8.888317,8.888317,8.888317,8.975086,8.992432,9.079109,9.096436,9.061775,9.027115,9.165710,9.131081,9.131081,9.148392,9.183022,9.217640,9.304119,9.286831,9.217640,9.217640,9.234943,9.234943,9.269539,9.286831,9.338692,9.286831,9.304119,9.269539,9.286831,9.252239,9.286831,9.321407,9.373260,9.545887,9.459610,9.459610,9.252239,9.217640,9.269539,9.200333,9.217640,9.304119,9.355976,9.355976,9.373260,9.355976,9.407806,9.373260,9.545887,9.321407,9.338692,9.269539,9.269539,8.592743,7.700855,6.942829,6.659363,6.552864,6.535103,6.570625,6.606125,7.048931,7.542656,7.753536,7.911411,7.753536,7.542656,7.437057,7.207882,7.172585,7.119606,7.119606,6.978207,6.889732,6.889732,6.872036,6.854328,6.854328,6.854328,6.854328,6.907440,6.872036,6.854328,6.925133,6.872036,6.960518,6.854328,6.872036,6.925133,6.889732,6.836617,6.854328,6.889732,6.889732,6.872036,6.942829,6.818905,6.907440,6.872036,6.960518,6.889732,6.978207,6.925133,6.960518,7.119606,7.207882,7.137272,7.207882,7.243172,7.296085,7.296085,7.296085,7.419441,7.419441,7.454662,7.489868,7.507469,7.612995,7.542656,7.700855,7.665718,7.858810,7.788635,7.858810,7.823730,7.963982,7.911411,7.788635,7.771088,7.806187,7.928940,8.016525,8.261383,8.540497,9.580376,10.745911,11.357365,11.408150,11.069107,10.643623,10.147728,9.873051,9.907425,9.941792,10.061974,10.199139,10.267654,10.319000,10.199139,10.267654,10.370338,10.489990,10.609497,10.524147,10.387436,9.976139,9.924606,9.821461,9.787056,9.718216,9.649315,9.563126,9.545887,
5.553699,5.679108,5.929482,5.732807,5.893753,6.072296,6.072296,5.983063,6.125797,6.250534,6.321754,6.499577,6.481804,6.570625,6.499577,6.517342,6.481804,6.677101,6.730297,6.748028,6.730297,6.836617,6.889732,6.942829,6.960518,6.960518,7.154926,7.243172,7.313717,7.437057,7.348972,7.331345,7.401833,7.507469,7.560242,7.577831,7.472267,7.718422,7.700855,7.665718,7.735977,7.648148,7.753536,7.718422,7.771088,7.771088,7.841270,7.928940,7.858810,7.928940,7.893879,7.841270,7.683289,7.595413,7.612995,7.542656,7.489868,7.401833,7.348972,7.384212,7.331345,7.331345,7.419441,7.577831,7.946465,8.401035,8.208961,7.401833,6.606125,6.392914,6.321754,6.410706,6.464035,6.730297,7.348972,7.806187,7.437057,6.925133,6.072296,5.714912,5.517838,5.356339,5.212570,4.978535,4.798172,4.870358,4.888393,4.617508,4.400314,4.291550,4.291550,4.273415,4.182686,4.237133,4.110050,4.164528,4.146374,4.327812,4.490860,4.780113,4.834267,4.816223,4.798172,4.653660,4.472755,4.545155,4.617508,4.599422,4.689812,4.508957,4.581333,4.707874,4.563248,4.653660,5.140610,4.888393,4.671738,4.653660,4.870358,4.816223,4.707874,4.798172,4.852314,4.888393,5.266499,5.499908,5.104614,5.032589,5.104614,5.374290,5.750706,6.054455,6.783474,7.472267,8.401035,9.061775,9.113758,9.113758,9.165710,10.113426,11.255722,12.200203,12.183426,12.200203,12.032238,11.779716,11.391228,11.069107,10.745911,10.404537,10.164867,10.284771,10.507072,10.404537,9.855862,9.061775,8.801476,8.679768,8.679768,8.662369,8.627563,8.540497,8.557915,8.557915,8.662369,8.784096,8.836220,8.540497,8.383591,8.261383,8.261383,8.208961,8.191483,8.208961,8.191483,8.069046,8.121536,8.121536,8.104042,8.156513,8.121536,8.121536,8.051544,8.051544,8.069046,8.261383,8.331230,8.261383,8.243912,8.104042,8.191483,8.610161,8.923035,8.749332,8.401035,8.453358,8.505650,8.523075,8.610161,8.610161,8.435913,8.575333,8.592743,8.714558,8.575333,8.383591,8.383591,8.453358,8.366138,8.296310,8.313774,8.401035,8.470791,8.575333,8.488220,8.540497,8.557915,8.575333,8.714558,8.766716,8.888317,8.766716,8.662369,8.784096,8.801476,8.801476,8.731949,8.575333,8.505650,8.766716,9.407806,9.373260,8.923035,8.575333,8.540497,8.592743,8.610161,8.662369,8.697163,8.610161,8.697163,8.662369,8.644970,8.627563,8.592743,8.592743,8.435913,8.488220,8.557915,8.662369,8.818848,8.697163,8.435913,8.313774,8.348686,8.243912,8.418476,8.818848,8.870953,8.784096,8.575333,8.575333,8.575333,8.575333,8.575333,8.540497,8.540497,8.592743,8.766716,8.818848,8.749332,8.697163,8.627563,8.627563,8.470791,8.366138,8.801476,9.269539,9.183022,8.714558,8.662369,8.592743,8.679768,8.836220,8.888317,8.870953,8.818848,8.749332,8.749332,8.697163,9.061775,9.338692,9.321407,9.079109,9.131081,9.183022,9.321407,9.252239,9.252239,9.183022,9.148392,9.061775,9.096436,9.079109,9.061775,9.027115,8.940388,8.888317,8.662369,8.784096,8.784096,9.321407,9.304119,9.096436,8.749332,8.818848,8.888317,8.957737,9.009773,8.905678,8.992432,9.027115,8.992432,9.027115,9.079109,9.148392,9.131081,9.044441,9.113758,9.165710,9.113758,9.113758,9.061775,9.148392,9.113758,9.044441,8.888317,8.992432,9.597610,9.787056,9.442345,9.131081,9.148392,9.113758,9.096436,9.113758,9.234943,9.148392,9.148392,9.165710,9.165710,9.217640,9.476868,9.390537,8.975086,8.836220,8.766716,8.644970,8.435913,8.366138,8.296310,8.296310,8.191483,8.034035,7.841270,7.718422,7.331345,6.818905,6.570625,6.464035,6.357342,6.357342,6.357342,6.357342,6.641617,7.331345,8.051544,8.348686,8.523075,8.470791,8.470791,8.488220,8.418476,8.313774,8.296310,8.121536,8.104042,8.034035,7.963982,7.858810,7.946465,7.963982,7.876347,7.683289,7.806187,7.771088,7.771088,7.700855,7.630577,7.630577,7.665718,7.683289,7.648148,7.665718,7.718422,7.665718,7.718422,7.753536,7.665718,7.648148,7.630577,7.683289,7.735977,7.788635,7.753536,7.753536,7.788635,7.841270,7.806187,7.735977,7.700855,7.771088,7.876347,7.841270,7.946465,7.893879,7.981499,7.911411,7.893879,7.981499,8.104042,8.243912,8.226437,8.313774,8.401035,8.453358,8.191483,7.243172,6.339550,6.018761,5.911625,5.822250,5.858009,6.054455,6.303955,7.313717,7.893879,7.823730,7.630577,7.560242,7.401833,7.366592,7.437057,7.472267,7.507469,7.489868,7.542656,7.630577,7.665718,7.753536,7.928940,8.016525,8.174004,8.191483,8.261383,8.331230,8.435913,8.470791,8.523075,8.644970,8.610161,8.749332,8.801476,8.784096,8.801476,8.818848,8.818848,8.940388,8.870953,8.940388,9.027115,8.992432,9.079109,9.027115,9.044441,9.079109,9.027115,9.148392,9.200333,9.183022,9.131081,9.113758,9.234943,9.234943,9.217640,9.252239,9.234943,9.286831,9.286831,9.252239,9.269539,9.269539,9.321407,9.200333,9.321407,9.304119,9.321407,9.338692,9.338692,9.511379,9.511379,9.338692,9.321407,9.217640,9.269539,9.286831,9.338692,9.373260,9.407806,9.476868,9.476868,9.459610,9.459610,9.459610,9.528633,9.494129,9.597610,9.563126,9.494129,9.390537,8.540497,7.366592,6.783474,6.588379,6.570625,6.570625,6.535103,6.694839,7.419441,8.243912,8.610161,8.488220,8.261383,7.946465,7.911411,7.665718,7.595413,7.489868,7.577831,7.507469,7.401833,7.437057,7.507469,7.437057,7.401833,7.472267,7.507469,7.489868,7.454662,7.348972,7.331345,7.401833,7.260815,7.401833,7.225533,7.296085,7.313717,7.296085,7.278450,7.225533,7.243172,7.260815,7.119606,7.225533,7.172585,7.190231,7.278450,7.137272,7.207882,7.225533,7.296085,7.348972,7.348972,7.419441,7.384212,7.472267,7.560242,7.595413,7.683289,7.612995,7.542656,7.612995,7.595413,7.735977,7.858810,7.788635,7.823730,7.858810,7.876347,7.911411,7.999016,7.981499,8.016525,7.946465,8.104042,8.104042,8.366138,8.470791,8.697163,8.818848,9.165710,10.233398,11.340439,11.425068,11.289619,10.950157,10.438725,10.113426,10.010487,10.061974,10.164867,10.216270,10.336117,10.404537,10.336117,10.421631,10.455822,10.455822,10.524147,10.370338,10.336117,10.130581,10.079128,10.079128,9.976139,10.044807,9.855862,9.958965,9.941792,9.752644,
4.617508,4.743999,4.906425,4.906425,5.068611,5.194580,5.266499,5.284477,5.338371,5.517838,5.446091,5.607468,5.714912,5.893753,5.661201,5.804367,5.858009,5.929482,6.018761,5.947346,6.072296,6.179276,6.197094,6.250534,6.357342,6.517342,6.499577,6.535103,6.588379,6.694839,6.677101,6.765751,6.818905,6.801193,6.978207,6.889732,7.101940,6.995895,6.960518,7.101940,7.119606,7.119606,7.278450,7.225533,7.437057,7.472267,7.401833,7.454662,7.577831,7.718422,7.823730,7.911411,7.981499,8.034035,7.911411,7.893879,7.981499,7.999016,8.069046,8.121536,8.208961,8.278851,8.348686,8.488220,8.523075,8.870953,9.009773,8.104042,6.978207,6.517342,6.517342,6.464035,6.250534,6.623875,7.296085,7.911411,8.278851,7.858810,7.331345,6.978207,6.712570,6.517342,6.357342,6.143627,6.036610,6.000916,5.840134,5.714912,5.499908,5.356339,5.410194,5.158604,5.140610,4.996559,4.942490,4.942490,4.996559,4.996559,5.068611,5.230549,5.230549,5.140610,4.996559,4.834267,4.653660,4.653660,4.906425,4.906425,4.780113,4.707874,4.671738,4.527058,4.563248,4.942490,4.960514,4.743999,4.689812,4.707874,5.032589,5.068611,4.906425,4.798172,4.852314,4.942490,5.266499,5.140610,4.978535,4.942490,5.050598,5.284477,5.553699,6.036610,6.677101,7.066605,8.156513,8.992432,9.044441,9.027115,9.148392,9.459610,10.472908,11.779716,12.200203,12.250546,12.065849,11.813431,11.560329,11.120033,10.882126,10.370338,10.130581,10.267654,10.438725,10.626560,9.941792,8.975086,8.784096,8.627563,8.644970,8.557915,8.592743,8.453358,8.383591,8.313774,8.401035,8.435913,8.453358,8.313774,8.174004,8.174004,8.191483,8.086544,8.121536,8.121536,8.139027,8.051544,8.051544,8.034035,8.226437,8.383591,8.313774,8.191483,8.156513,8.208961,8.243912,8.348686,8.418476,8.435913,8.331230,8.331230,8.226437,8.714558,8.766716,8.592743,8.418476,8.488220,8.435913,8.557915,8.575333,8.505650,8.366138,8.453358,8.488220,8.470791,8.296310,8.435913,8.662369,8.644970,8.557915,8.505650,8.523075,8.592743,8.575333,8.610161,8.697163,8.662369,8.697163,8.853588,9.165710,9.338692,9.234943,8.957737,8.888317,8.818848,8.853588,8.940388,8.992432,8.888317,8.992432,9.009773,9.252239,9.286831,8.940388,9.096436,9.131081,9.113758,8.940388,9.009773,9.079109,9.079109,8.992432,8.957737,8.888317,8.836220,8.766716,8.627563,8.731949,8.575333,8.575333,8.644970,8.644970,8.610161,8.505650,8.592743,8.401035,8.348686,8.610161,9.200333,9.373260,9.027115,8.610161,8.540497,8.523075,8.540497,8.523075,8.575333,8.575333,8.644970,8.784096,8.714558,8.784096,8.766716,8.714558,8.557915,8.575333,8.627563,8.957737,9.165710,9.009773,8.749332,8.731949,8.662369,8.679768,8.749332,8.836220,8.870953,8.818848,8.662369,8.627563,8.644970,9.338692,9.425079,9.252239,8.888317,8.870953,8.992432,8.957737,9.027115,9.096436,9.079109,9.009773,9.079109,9.131081,9.165710,9.096436,8.992432,8.940388,8.888317,8.836220,8.940388,9.044441,9.165710,9.113758,9.148392,9.079109,9.044441,9.131081,9.252239,9.476868,9.355976,9.096436,9.096436,9.131081,9.183022,9.183022,9.234943,9.252239,9.079109,9.027115,8.957737,9.113758,9.061775,9.044441,8.975086,8.923035,8.766716,8.697163,8.940388,9.752644,9.976139,9.459610,9.148392,9.131081,9.131081,9.165710,9.200333,9.217640,9.217640,9.183022,9.148392,9.027115,9.079109,9.217640,9.061775,8.975086,8.975086,8.905678,8.784096,8.540497,8.557915,8.523075,8.418476,8.313774,8.296310,7.981499,7.771088,7.278450,6.748028,6.428486,6.428486,6.410706,6.232731,6.232731,6.321754,6.428486,7.437057,8.069046,8.296310,8.470791,8.470791,8.505650,8.418476,8.296310,8.208961,8.174004,8.139027,8.016525,7.999016,7.928940,7.911411,7.876347,7.788635,7.876347,7.788635,7.683289,7.735977,7.665718,7.683289,7.542656,7.648148,7.665718,7.665718,7.665718,7.577831,7.630577,7.683289,7.612995,7.700855,7.630577,7.630577,7.630577,7.700855,7.735977,7.771088,7.683289,7.700855,7.735977,7.718422,7.718422,7.771088,7.823730,7.788635,7.911411,7.893879,7.963982,7.928940,7.946465,7.946465,7.963982,8.069046,7.999016,8.261383,8.331230,8.296310,8.296310,8.366138,8.174004,6.925133,6.143627,5.893753,5.965206,5.858009,5.893753,6.000916,6.464035,7.419441,7.841270,7.718422,7.612995,7.419441,7.384212,7.384212,7.419441,7.401833,7.525059,7.525059,7.595413,7.612995,7.630577,7.841270,8.051544,7.999016,8.208961,8.243912,8.261383,8.278851,8.401035,8.453358,8.540497,8.523075,8.644970,8.627563,8.766716,8.853588,8.818848,8.784096,8.818848,8.853588,8.853588,8.870953,8.957737,9.044441,9.027115,8.992432,8.992432,9.027115,9.079109,9.061775,9.165710,9.096436,9.079109,9.027115,9.165710,9.183022,9.183022,9.269539,9.269539,9.286831,9.200333,9.252239,9.269539,9.234943,9.286831,9.355976,9.217640,9.286831,9.304119,9.269539,9.338692,9.476868,9.442345,9.373260,9.321407,9.304119,9.217640,9.338692,9.355976,9.355976,9.390537,9.373260,9.511379,9.476868,9.476868,9.528633,9.511379,9.545887,9.563126,9.494129,9.425079,9.234943,8.139027,7.084278,6.694839,6.499577,6.517342,6.659363,6.677101,6.942829,7.806187,8.470791,8.470791,8.278851,8.069046,7.806187,7.648148,7.612995,7.560242,7.612995,7.525059,7.595413,7.648148,7.700855,7.648148,7.683289,7.806187,7.893879,7.928940,7.999016,7.981499,8.104042,8.086544,8.104042,8.278851,8.104042,8.261383,8.226437,8.313774,8.278851,8.261383,8.261383,8.243912,8.139027,8.156513,8.104042,8.086544,8.051544,8.034035,7.999016,7.963982,7.928940,7.841270,7.858810,7.823730,7.823730,7.858810,8.034035,8.139027,8.069046,8.121536,8.034035,7.981499,7.981499,7.806187,7.946465,8.069046,8.069046,8.016525,8.051544,8.139027,8.174004,8.051544,7.981499,8.034035,8.051544,8.034035,8.348686,8.488220,8.557915,8.888317,9.200333,9.976139,10.814041,11.340439,11.306557,11.170944,10.745911,10.319000,9.873051,9.769852,9.752644,9.873051,9.976139,10.147728,10.096279,10.061974,10.079128,10.147728,10.061974,10.044807,10.096279,10.061974,9.941792,9.976139,9.855862,9.907425,9.873051,9.718216,9.614849,9.597610,9.563126,
4.037365,4.019184,4.200836,4.182686,4.490860,4.563248,4.472755,4.527058,4.617508,4.671738,4.617508,4.762062,4.996559,5.086613,4.617508,4.942490,4.996559,4.960514,5.068611,5.176598,5.410194,5.535770,5.535770,5.535770,5.625381,5.697014,5.822250,5.840134,5.804367,5.893753,5.893753,5.893753,5.983063,6.143627,6.232731,6.197094,6.179276,6.303955,6.410706,6.286148,6.357342,6.392914,6.552864,6.659363,6.623875,6.623875,6.677101,6.765751,6.818905,6.942829,7.101940,7.243172,7.154926,7.207882,7.278450,7.401833,7.437057,7.472267,7.630577,7.771088,7.876347,7.928940,7.999016,8.086544,8.226437,8.575333,8.557915,8.208961,7.260815,6.783474,6.783474,6.641617,6.588379,6.677101,7.172585,7.858810,8.714558,8.749332,8.418476,8.278851,7.981499,7.806187,7.771088,7.630577,7.542656,7.542656,7.401833,7.260815,7.225533,6.995895,7.137272,6.995895,6.907440,6.730297,6.677101,6.570625,6.446259,6.392914,6.375134,6.375134,6.232731,6.000916,6.000916,5.965206,5.714912,5.643291,5.714912,5.679108,5.589546,5.410194,5.356339,5.176598,5.266499,5.481972,5.428139,5.248528,5.086613,5.140610,5.266499,5.176598,5.230549,5.212570,5.140610,5.194580,5.464031,5.122616,5.104614,5.032589,5.248528,5.374290,5.517838,5.822250,6.410706,6.712570,7.771088,8.627563,9.009773,9.027115,9.009773,9.200333,10.061974,11.357365,12.133057,12.049046,12.015423,11.695396,11.374298,11.086086,10.797012,10.541225,9.976139,9.941792,10.113426,10.010487,9.700993,9.079109,8.888317,8.714558,8.523075,8.505650,8.505650,8.418476,8.401035,8.383591,8.348686,8.435913,8.331230,8.174004,8.156513,7.981499,8.086544,7.981499,8.016525,8.016525,8.016525,7.876347,7.911411,7.946465,8.261383,8.488220,8.557915,8.313774,8.208961,8.156513,8.296310,8.313774,8.348686,8.418476,8.523075,8.348686,8.313774,8.383591,8.627563,8.488220,8.435913,8.488220,8.488220,8.505650,8.453358,8.592743,8.435913,8.453358,8.557915,8.470791,8.453358,8.592743,8.905678,8.870953,8.766716,8.644970,8.766716,8.766716,8.749332,8.836220,8.905678,8.818848,8.870953,9.027115,9.476868,9.476868,9.009773,8.923035,8.818848,8.836220,8.888317,8.801476,8.940388,8.940388,8.957737,9.027115,8.975086,9.096436,9.183022,9.234943,9.252239,9.234943,9.183022,9.321407,9.338692,9.338692,9.390537,9.355976,9.355976,9.252239,9.165710,9.338692,9.321407,9.148392,9.113758,9.200333,9.113758,8.992432,9.044441,8.992432,8.836220,8.784096,8.905678,9.442345,9.563126,9.148392,8.540497,8.383591,8.331230,8.488220,8.470791,8.488220,8.540497,8.697163,8.784096,8.801476,8.766716,8.801476,8.801476,8.853588,8.749332,8.975086,9.113758,9.027115,8.957737,8.923035,8.923035,8.749332,8.766716,8.784096,9.131081,9.407806,9.061775,8.731949,8.731949,8.731949,9.096436,9.252239,9.096436,8.818848,8.888317,8.957737,8.940388,8.957737,8.992432,8.975086,8.975086,8.940388,9.009773,9.096436,8.957737,8.905678,9.009773,8.870953,9.009773,8.957737,9.061775,8.975086,8.957737,9.061775,8.992432,8.888317,8.801476,9.545887,9.563126,9.234943,8.940388,8.818848,9.079109,9.148392,9.252239,9.096436,9.113758,9.027115,8.992432,8.923035,9.390537,9.442345,9.079109,8.888317,8.940388,8.923035,8.853588,9.148392,9.476868,9.632080,9.442345,9.252239,9.269539,9.269539,9.165710,9.200333,9.234943,9.234943,9.183022,9.061775,8.992432,8.923035,9.027115,8.923035,8.836220,8.627563,8.644970,8.610161,8.575333,8.470791,8.418476,8.418476,8.313774,8.226437,8.016525,7.876347,7.260815,6.677101,6.428486,6.375134,6.339550,6.214916,6.214916,6.214916,6.552864,7.525059,8.104042,8.139027,8.331230,8.383591,8.470791,8.366138,8.296310,8.174004,8.086544,8.069046,8.121536,7.858810,7.858810,7.858810,7.876347,7.858810,7.893879,7.771088,7.735977,7.595413,7.683289,7.612995,7.595413,7.630577,7.560242,7.525059,7.577831,7.560242,7.542656,7.560242,7.525059,7.665718,7.630577,7.683289,7.577831,7.753536,7.595413,7.648148,7.648148,7.630577,7.665718,7.665718,7.648148,7.771088,7.771088,7.700855,7.718422,7.806187,7.788635,7.771088,7.946465,8.016525,7.963982,7.928940,7.981499,8.086544,8.261383,8.348686,8.226437,8.243912,7.858810,6.694839,6.036610,5.911625,5.893753,5.822250,5.893753,5.929482,6.659363,7.507469,7.806187,7.718422,7.630577,7.331345,7.419441,7.313717,7.331345,7.348972,7.454662,7.525059,7.648148,7.788635,7.788635,7.841270,8.034035,8.034035,8.226437,8.261383,8.278851,8.296310,8.348686,8.453358,8.557915,8.523075,8.540497,8.644970,8.679768,8.784096,8.836220,8.766716,8.853588,8.836220,8.818848,8.801476,8.888317,8.975086,8.975086,9.009773,9.009773,9.009773,9.027115,9.079109,9.079109,9.096436,9.113758,9.131081,9.183022,9.131081,9.131081,9.252239,9.148392,9.234943,9.200333,9.269539,9.321407,9.234943,9.217640,9.252239,9.234943,9.321407,9.252239,9.252239,9.252239,9.321407,9.442345,9.390537,9.304119,9.304119,9.338692,9.321407,9.286831,9.355976,9.425079,9.563126,9.511379,9.528633,9.511379,9.614849,9.597610,9.545887,9.597610,9.528633,9.494129,8.940388,7.806187,6.925133,6.606125,6.517342,6.588379,6.552864,6.872036,7.207882,8.069046,8.278851,8.243912,8.034035,7.718422,7.612995,7.472267,7.331345,7.348972,7.472267,7.454662,7.489868,7.665718,7.683289,7.771088,7.735977,7.771088,7.823730,7.893879,7.963982,8.034035,8.139027,8.226437,8.348686,8.435913,8.435913,8.523075,8.557915,8.627563,8.697163,8.714558,8.714558,8.766716,8.801476,8.766716,8.801476,8.836220,8.870953,8.888317,8.888317,8.923035,8.905678,8.957737,9.009773,9.009773,9.044441,9.079109,9.286831,9.649315,9.632080,9.494129,9.304119,9.061775,8.836220,8.923035,8.801476,8.836220,8.905678,8.818848,8.870953,8.749332,8.662369,8.435913,8.121536,8.191483,8.016525,8.121536,8.418476,8.627563,8.923035,9.183022,10.010487,10.762939,11.391228,11.492725,11.323498,10.916145,10.643623,10.404537,10.096279,10.096279,10.096279,10.182007,10.096279,10.079128,10.147728,10.182007,10.199139,10.061974,9.993317,9.873051,9.752644,9.873051,9.787056,9.821461,9.649315,9.563126,9.476868,9.563126,9.407806,9.217640,9.234943,
4.073711,4.073711,4.055538,4.164528,4.327812,4.200836,4.237133,4.436539,4.364071,4.291550,4.364071,4.364071,4.345943,4.345943,4.309685,4.327812,4.545155,4.563248,4.725941,4.635590,4.707874,4.707874,4.707874,4.870358,5.068611,5.176598,4.978535,4.942490,4.942490,4.978535,5.104614,5.122616,5.284477,5.230549,5.356339,5.392242,5.499908,5.464031,5.553699,5.607468,5.697014,5.661201,5.750706,5.804367,5.929482,5.911625,5.840134,5.893753,6.090134,6.143627,6.321754,6.357342,6.392914,6.588379,6.552864,6.694839,6.694839,6.783474,6.907440,7.066605,7.207882,7.331345,7.260815,7.419441,7.401833,7.648148,7.823730,7.806187,7.348972,7.154926,7.137272,7.013577,6.995895,6.978207,7.154926,7.893879,8.296310,8.557915,8.366138,8.383591,8.348686,8.313774,8.261383,8.261383,8.296310,8.366138,8.435913,8.296310,8.331230,8.366138,8.296310,8.401035,8.366138,8.331230,8.366138,8.174004,7.946465,8.069046,7.876347,7.858810,7.841270,7.753536,7.665718,7.577831,7.366592,7.260815,7.225533,7.101940,7.048931,6.925133,6.801193,6.748028,6.694839,6.588379,6.535103,6.375134,6.214916,6.179276,6.197094,6.054455,6.125797,6.018761,5.786484,6.054455,5.875885,5.822250,5.768597,5.714912,5.697014,5.804367,5.965206,6.143627,6.552864,6.872036,7.665718,8.313774,8.992432,9.079109,8.975086,9.079109,9.718216,11.001148,12.065849,12.082661,12.032238,11.813431,11.475815,11.137009,10.728870,10.472908,10.182007,9.700993,9.769852,9.597610,9.459610,9.200333,8.992432,8.818848,8.749332,8.592743,8.540497,8.453358,8.435913,8.366138,8.261383,8.401035,8.644970,8.348686,7.981499,7.806187,7.946465,7.946465,7.893879,7.963982,7.999016,7.893879,7.893879,7.963982,8.174004,8.348686,8.243912,8.174004,8.139027,8.226437,8.191483,8.208961,8.191483,8.296310,8.313774,8.139027,8.243912,8.331230,8.488220,8.488220,8.401035,8.453358,8.557915,8.488220,8.418476,8.470791,8.523075,8.592743,8.610161,8.540497,8.505650,8.697163,9.027115,8.870953,8.714558,8.592743,8.731949,8.801476,8.801476,8.888317,8.957737,8.975086,8.888317,9.009773,9.165710,9.061775,8.888317,8.784096,8.697163,8.662369,8.679768,8.662369,8.662369,8.627563,8.853588,8.784096,8.679768,8.766716,8.940388,9.044441,8.870953,8.836220,8.818848,8.870953,8.940388,8.975086,9.131081,9.200333,9.096436,9.131081,9.148392,9.459610,9.476868,9.304119,9.183022,9.165710,9.148392,9.148392,9.148392,9.165710,9.079109,9.079109,9.165710,9.321407,9.269539,9.044441,8.766716,8.749332,8.610161,8.610161,8.679768,8.662369,8.714558,8.818848,8.870953,8.923035,8.940388,9.079109,9.200333,9.286831,9.234943,9.269539,9.200333,9.217640,9.131081,9.113758,9.096436,9.009773,8.923035,8.679768,9.494129,9.666546,9.183022,8.818848,8.697163,8.749332,8.853588,8.923035,8.853588,8.836220,8.940388,9.009773,9.027115,8.975086,8.975086,8.975086,9.009773,9.079109,9.009773,9.061775,9.096436,9.061775,9.009773,8.923035,8.975086,8.992432,9.148392,9.373260,9.459610,9.304119,9.027115,9.027115,9.009773,9.425079,9.614849,9.165710,9.044441,8.992432,8.992432,8.975086,8.975086,8.957737,8.992432,8.957737,9.009773,9.113758,9.597610,9.545887,9.061775,8.957737,8.975086,8.957737,8.923035,8.957737,9.027115,9.113758,9.113758,9.252239,9.338692,9.338692,9.338692,9.373260,9.425079,9.390537,9.321407,9.234943,9.131081,9.096436,9.217640,9.096436,8.870953,8.714558,8.714558,8.697163,8.662369,8.523075,8.453358,8.488220,8.313774,8.086544,7.946465,7.683289,7.154926,6.659363,6.357342,6.321754,6.446259,6.214916,6.179276,6.286148,6.552864,7.560242,8.034035,8.191483,8.208961,8.296310,8.331230,8.348686,8.226437,8.121536,8.016525,8.034035,7.946465,7.893879,7.735977,7.700855,7.788635,7.823730,7.823730,7.806187,7.753536,7.560242,7.560242,7.542656,7.507469,7.507469,7.577831,7.454662,7.630577,7.525059,7.542656,7.560242,7.525059,7.595413,7.577831,7.648148,7.630577,7.612995,7.577831,7.525059,7.560242,7.648148,7.630577,7.630577,7.753536,7.806187,7.683289,7.648148,7.700855,7.735977,7.823730,7.753536,7.788635,7.928940,8.034035,7.963982,7.981499,8.104042,8.278851,8.278851,8.296310,8.226437,7.735977,6.570625,6.000916,5.911625,5.840134,5.893753,5.840134,6.107971,6.801193,7.665718,7.771088,7.683289,7.612995,7.348972,7.243172,7.348972,7.278450,7.401833,7.437057,7.507469,7.718422,7.753536,7.893879,7.876347,8.016525,8.034035,8.104042,8.331230,8.296310,8.243912,8.366138,8.523075,8.575333,8.540497,8.523075,8.627563,8.714558,8.714558,8.749332,8.853588,8.766716,8.818848,8.766716,8.888317,8.923035,8.940388,8.923035,9.009773,8.975086,8.940388,8.992432,9.027115,9.113758,9.131081,9.131081,9.096436,9.044441,9.061775,9.269539,9.131081,9.200333,9.217640,9.234943,9.304119,9.148392,9.165710,9.148392,9.131081,9.200333,9.269539,9.338692,9.338692,9.234943,9.338692,9.355976,9.425079,9.304119,9.321407,9.286831,9.355976,9.355976,9.390537,9.459610,9.494129,9.511379,9.580376,9.614849,9.614849,9.649315,9.718216,9.666546,9.459610,9.321407,8.313774,7.313717,6.765751,6.552864,6.446259,6.623875,6.659363,6.783474,7.366592,8.174004,8.278851,8.016525,7.788635,7.630577,7.525059,7.489868,7.366592,7.454662,7.437057,7.419441,7.454662,7.612995,7.595413,7.630577,7.735977,7.806187,7.788635,7.893879,7.981499,8.034035,8.191483,8.331230,8.331230,8.453358,8.523075,8.488220,8.575333,8.627563,8.627563,8.679768,8.731949,8.749332,8.870953,8.801476,8.853588,8.957737,9.027115,9.148392,9.044441,9.044441,9.061775,9.200333,9.304119,9.183022,9.165710,9.597610,10.984158,11.441990,10.694775,10.267654,9.924606,9.787056,9.769852,9.804260,9.769852,9.924606,9.838661,9.924606,10.079128,10.027649,9.769852,8.923035,8.226437,8.069046,8.034035,8.331230,8.644970,8.784096,9.027115,9.563126,10.643623,11.340439,11.425068,11.509636,11.120033,10.814041,10.284771,9.855862,9.804260,9.752644,9.838661,9.752644,9.821461,9.821461,9.924606,9.821461,9.821461,9.958965,9.907425,10.147728,10.027649,9.958965,9.804260,9.752644,9.700993,9.649315,9.580376,9.442345,9.442345,9.165710,9.113758,
4.055538,4.073711,4.073711,4.091881,4.146374,4.055538,4.218987,4.182686,4.237133,4.255280,4.291550,4.291550,4.182686,4.237133,4.218987,4.309685,4.345943,4.400314,4.345943,4.255280,4.255280,4.218987,4.418427,4.581333,4.617508,4.635590,4.581333,4.689812,4.599422,4.436539,4.490860,4.490860,4.436539,4.436539,4.490860,4.707874,4.870358,4.653660,4.725941,4.762062,4.942490,4.906425,4.960514,5.032589,5.176598,5.194580,4.978535,5.032589,5.104614,5.158604,5.374290,5.517838,5.661201,5.911625,5.911625,6.090134,6.107971,6.143627,6.179276,6.286148,6.499577,6.659363,6.730297,6.925133,6.872036,6.942829,6.995895,7.207882,7.278450,7.207882,7.384212,7.313717,7.348972,7.296085,7.419441,7.612995,7.718422,7.841270,7.876347,7.928940,7.771088,7.876347,7.788635,7.858810,7.928940,7.876347,7.999016,8.051544,8.121536,8.121536,8.226437,8.243912,8.366138,8.418476,8.575333,8.540497,8.575333,8.610161,8.557915,8.627563,8.627563,8.662369,8.714558,8.610161,8.523075,8.540497,8.557915,8.488220,8.505650,8.523075,8.313774,8.261383,8.313774,8.313774,8.208961,8.121536,7.928940,7.893879,7.858810,7.928940,7.788635,7.735977,7.630577,7.507469,7.401833,7.366592,7.296085,7.278450,7.260815,7.190231,7.225533,7.278450,7.454662,7.753536,8.261383,8.870953,9.614849,9.338692,9.131081,9.061775,9.494129,10.865101,11.931309,12.183426,12.317612,11.981785,11.678528,11.340439,10.899132,10.609497,10.233398,9.838661,9.614849,9.941792,9.855862,9.390537,8.940388,8.801476,8.731949,8.540497,8.557915,8.418476,8.348686,8.261383,8.174004,8.435913,8.557915,8.366138,8.051544,7.963982,7.893879,7.911411,7.893879,7.893879,7.911411,7.893879,7.928940,7.946465,8.016525,8.051544,8.104042,8.121536,8.104042,8.208961,8.156513,8.156513,8.208961,8.156513,8.121536,8.226437,8.139027,8.243912,8.697163,8.836220,8.557915,8.540497,8.488220,8.505650,8.505650,8.505650,8.557915,8.610161,8.575333,8.610161,8.505650,8.818848,8.957737,8.801476,8.644970,8.679768,8.662369,8.714558,8.575333,8.749332,8.697163,8.697163,8.627563,8.557915,8.697163,8.766716,8.784096,8.627563,8.697163,8.749332,8.557915,8.662369,8.592743,8.592743,8.662369,8.731949,8.749332,8.749332,8.940388,8.870953,8.679768,8.714558,8.592743,8.714558,8.749332,8.836220,8.784096,8.923035,8.888317,8.888317,9.079109,9.390537,9.459610,9.183022,9.027115,9.027115,8.975086,8.957737,9.079109,8.923035,8.975086,8.870953,8.818848,8.923035,8.905678,8.870953,8.888317,8.870953,8.836220,8.801476,8.784096,8.888317,8.905678,8.940388,8.975086,8.940388,9.079109,9.165710,9.563126,9.355976,9.304119,9.338692,9.373260,9.269539,9.304119,9.407806,9.217640,9.200333,9.079109,9.044441,9.614849,9.649315,9.165710,8.992432,8.923035,8.888317,8.975086,8.992432,9.079109,9.113758,9.079109,9.096436,8.992432,9.061775,9.079109,9.113758,9.217640,9.113758,9.183022,9.269539,9.113758,8.957737,9.044441,9.009773,9.079109,8.992432,9.044441,9.494129,9.821461,9.545887,9.200333,9.217640,9.234943,9.407806,9.528633,9.459610,9.373260,9.442345,9.494129,9.321407,9.252239,9.252239,9.200333,9.113758,9.321407,9.390537,9.683773,9.614849,9.269539,8.992432,8.975086,8.870953,8.818848,8.818848,8.888317,8.784096,8.870953,8.888317,8.888317,8.853588,8.749332,8.784096,8.836220,8.836220,9.044441,8.940388,8.766716,9.113758,9.009773,9.234943,9.027115,8.714558,8.644970,8.540497,8.575333,8.592743,8.505650,8.383591,8.296310,7.999016,7.876347,7.560242,7.190231,6.659363,6.464035,6.339550,6.303955,6.197094,6.250534,6.232731,6.677101,7.507469,8.069046,8.139027,8.191483,8.313774,8.331230,8.296310,8.243912,8.139027,8.016525,8.069046,7.981499,7.823730,7.700855,7.630577,7.700855,7.788635,7.665718,7.788635,7.648148,7.577831,7.525059,7.507469,7.489868,7.595413,7.612995,7.525059,7.507469,7.560242,7.665718,7.648148,7.612995,7.630577,7.648148,7.683289,7.577831,7.507469,7.507469,7.525059,7.595413,7.560242,7.595413,7.648148,7.700855,7.735977,7.648148,7.648148,7.648148,7.771088,7.700855,7.735977,7.735977,7.788635,7.841270,7.946465,7.911411,8.034035,8.243912,8.296310,8.261383,8.139027,7.419441,6.303955,5.947346,5.804367,5.786484,5.786484,5.840134,6.036610,7.013577,7.753536,7.612995,7.665718,7.595413,7.296085,7.207882,7.278450,7.296085,7.331345,7.331345,7.366592,7.595413,7.735977,7.823730,7.911411,8.016525,8.069046,8.069046,8.243912,8.261383,8.313774,8.366138,8.523075,8.575333,8.470791,8.505650,8.575333,8.766716,8.714558,8.731949,8.679768,8.714558,8.766716,8.784096,8.888317,8.975086,8.957737,8.957737,9.009773,9.027115,8.975086,8.888317,8.940388,9.096436,9.027115,8.975086,8.975086,9.027115,9.113758,9.165710,9.148392,9.165710,9.148392,9.148392,9.234943,9.079109,9.079109,9.148392,9.200333,9.217640,9.321407,9.252239,9.234943,9.252239,9.321407,9.338692,9.200333,9.183022,9.234943,9.286831,9.304119,9.355976,9.425079,9.459610,9.545887,9.580376,9.597610,9.614849,9.649315,9.649315,9.683773,9.614849,9.494129,9.079109,7.823730,7.013577,6.641617,6.446259,6.428486,6.535103,6.677101,6.942829,7.683289,8.139027,8.104042,7.928940,7.735977,7.577831,7.489868,7.348972,7.366592,7.401833,7.384212,7.401833,7.489868,7.507469,7.612995,7.700855,7.806187,7.858810,7.876347,8.051544,8.104042,8.174004,8.226437,8.243912,8.401035,8.418476,8.366138,8.540497,8.540497,8.575333,8.627563,8.662369,8.749332,8.818848,8.784096,8.888317,8.940388,8.975086,8.975086,9.079109,9.096436,9.061775,9.131081,9.234943,9.183022,9.338692,9.407806,10.061974,11.762863,11.391228,10.455822,10.010487,9.907425,9.976139,10.079128,9.907425,9.941792,10.044807,10.044807,10.319000,10.370338,10.336117,9.683773,8.714558,8.069046,8.051544,8.278851,8.575333,8.836220,9.027115,9.442345,10.027649,11.018150,11.475815,11.526535,11.594112,11.103065,10.558300,9.855862,9.580376,9.580376,9.632080,9.545887,9.580376,9.442345,9.476868,9.355976,9.425079,9.338692,9.632080,9.821461,9.787056,9.666546,9.373260,9.286831,9.269539,9.165710,9.131081,9.165710,9.148392,9.183022,9.131081,9.009773,
4.055538,4.091881,4.091881,4.037365,4.037365,4.091881,4.164528,4.146374,4.182686,4.345943,4.255280,4.255280,4.218987,4.255280,4.273415,4.182686,4.291550,4.164528,4.327812,4.200836,4.273415,4.255280,4.364071,4.436539,4.490860,4.599422,4.762062,4.653660,4.508957,4.327812,4.309685,4.273415,4.382195,4.345943,4.291550,4.581333,4.490860,4.418427,4.382195,4.364071,4.382195,4.291550,4.508957,4.545155,4.635590,4.382195,4.182686,4.200836,4.237133,4.182686,4.490860,4.653660,4.942490,5.176598,5.230549,5.374290,5.535770,5.535770,5.571625,5.625381,5.822250,5.983063,5.983063,6.125797,6.161457,6.107971,6.321754,6.641617,6.925133,7.278450,7.384212,7.331345,7.190231,7.207882,7.243172,7.278450,7.348972,7.630577,7.665718,7.542656,7.401833,7.260815,7.260815,7.207882,7.119606,7.172585,7.101940,7.243172,7.207882,7.296085,7.366592,7.437057,7.612995,7.788635,7.753536,7.893879,8.086544,7.963982,8.034035,7.999016,8.069046,8.034035,8.156513,8.139027,8.174004,8.296310,8.366138,8.383591,8.523075,8.731949,8.697163,8.749332,8.870953,8.923035,8.940388,8.940388,9.009773,8.992432,9.096436,9.183022,9.096436,8.992432,9.061775,9.061775,9.027115,8.975086,8.992432,8.992432,9.044441,8.923035,8.870953,8.905678,9.131081,9.252239,9.476868,9.941792,10.387436,10.164867,9.234943,9.009773,9.217640,10.044807,10.831066,11.594112,11.611008,11.391228,11.221825,10.848083,10.541225,10.336117,10.027649,9.718216,9.787056,10.199139,10.199139,9.632080,9.027115,8.766716,8.610161,8.557915,8.505650,8.453358,8.313774,8.208961,8.139027,8.261383,8.366138,8.086544,7.963982,8.034035,7.981499,7.963982,7.893879,7.946465,7.858810,7.911411,7.893879,7.946465,7.981499,8.086544,8.278851,8.208961,8.208961,8.208961,8.226437,8.261383,8.243912,8.278851,8.208961,8.191483,8.156513,8.348686,8.992432,9.027115,8.801476,8.610161,8.575333,8.662369,8.662369,8.627563,8.610161,8.714558,8.662369,8.679768,8.557915,8.662369,8.766716,8.749332,8.714558,8.697163,8.749332,8.697163,8.784096,8.731949,8.644970,8.540497,8.523075,8.488220,8.540497,8.853588,8.697163,8.627563,8.505650,8.557915,8.505650,8.505650,8.453358,8.505650,8.592743,8.662369,8.488220,8.575333,8.957737,8.975086,8.749332,8.592743,8.523075,8.627563,8.679768,8.731949,8.801476,8.853588,8.888317,8.957737,8.923035,9.148392,9.131081,8.975086,8.975086,8.870953,8.940388,8.905678,8.940388,8.905678,8.888317,8.766716,8.801476,8.888317,8.923035,9.009773,8.836220,8.749332,8.731949,8.836220,8.784096,8.749332,8.888317,8.870953,8.888317,8.853588,8.905678,9.269539,9.476868,9.200333,8.940388,9.027115,9.009773,8.975086,8.992432,9.148392,9.131081,9.113758,9.131081,9.113758,9.269539,9.234943,9.079109,9.096436,9.113758,9.096436,9.183022,9.286831,9.355976,9.494129,9.355976,9.390537,9.476868,9.390537,9.632080,9.804260,9.666546,9.597610,9.442345,9.563126,9.459610,9.321407,9.286831,9.269539,9.252239,9.044441,9.079109,9.804260,9.855862,9.580376,9.425079,9.286831,9.407806,9.338692,9.442345,9.304119,9.252239,9.269539,9.217640,9.252239,9.269539,9.217640,9.113758,9.079109,9.165710,9.217640,9.269539,9.321407,9.234943,9.183022,9.079109,8.923035,8.957737,8.923035,9.286831,9.165710,9.009773,8.818848,8.662369,8.679768,8.575333,8.644970,8.470791,8.644970,8.557915,8.523075,8.505650,8.575333,8.957737,9.027115,8.540497,8.208961,8.208961,8.191483,8.278851,8.278851,8.051544,8.069046,8.016525,7.806187,7.648148,7.472267,7.172585,6.552864,6.410706,6.286148,6.268349,6.268349,6.214916,6.321754,6.623875,7.525059,8.034035,8.121536,8.139027,8.174004,8.313774,8.243912,8.208961,8.139027,7.963982,7.928940,7.893879,7.788635,7.683289,7.595413,7.683289,7.700855,7.718422,7.718422,7.612995,7.595413,7.489868,7.472267,7.648148,7.665718,7.577831,7.525059,7.348972,7.454662,7.542656,7.577831,7.560242,7.612995,7.595413,7.560242,7.525059,7.560242,7.437057,7.542656,7.595413,7.507469,7.454662,7.630577,7.753536,7.718422,7.700855,7.665718,7.665718,7.683289,7.700855,7.771088,7.788635,7.753536,7.806187,7.893879,7.893879,8.051544,8.243912,8.191483,8.191483,7.963982,7.119606,6.125797,5.983063,5.804367,5.786484,5.786484,5.929482,6.232731,7.172585,7.718422,7.700855,7.648148,7.542656,7.260815,7.207882,7.190231,7.278450,7.296085,7.348972,7.489868,7.577831,7.735977,7.718422,7.893879,8.034035,8.034035,8.016525,8.086544,8.226437,8.418476,8.453358,8.453358,8.453358,8.453358,8.557915,8.610161,8.575333,8.697163,8.714558,8.644970,8.749332,8.836220,8.888317,8.905678,8.957737,8.957737,8.975086,9.061775,8.905678,8.975086,9.027115,8.923035,9.027115,9.027115,9.027115,9.079109,9.079109,9.061775,9.096436,9.165710,9.148392,9.113758,9.131081,9.113758,9.113758,9.165710,9.338692,9.234943,9.269539,9.183022,9.234943,9.252239,9.269539,9.286831,9.286831,9.217640,9.165710,9.165710,9.234943,9.286831,9.442345,9.459610,9.511379,9.476868,9.528633,9.545887,9.563126,9.649315,9.769852,9.718216,9.545887,9.373260,8.714558,7.419441,6.694839,6.428486,6.375134,6.321754,6.392914,6.535103,7.084278,7.858810,8.069046,8.034035,7.858810,7.595413,7.454662,7.384212,7.331345,7.384212,7.401833,7.454662,7.472267,7.472267,7.630577,7.753536,7.806187,7.823730,7.911411,8.016525,8.086544,8.174004,8.243912,8.226437,8.296310,8.366138,8.470791,8.470791,8.540497,8.627563,8.592743,8.627563,8.766716,8.679768,8.818848,8.818848,8.801476,8.905678,8.853588,9.044441,9.096436,9.079109,9.113758,9.131081,9.234943,9.338692,9.338692,9.338692,9.580376,10.301891,10.404537,9.804260,9.632080,9.700993,9.752644,9.924606,9.907425,9.941792,10.027649,10.182007,10.336117,10.387436,9.941792,9.096436,8.348686,8.104042,8.156513,8.278851,8.714558,8.940388,9.131081,9.563126,10.592438,11.221825,11.357365,11.272675,11.306557,10.950157,10.370338,10.147728,10.010487,10.010487,9.941792,9.873051,9.787056,9.735428,9.563126,9.545887,9.390537,9.494129,9.597610,9.632080,9.390537,9.234943,9.131081,9.044441,8.905678,8.853588,8.801476,8.766716,8.853588,8.888317,8.853588,8.923035,
4.146374,4.200836,4.091881,3.946442,4.146374,4.110050,4.055538,4.001003,4.019184,4.327812,4.309685,4.237133,4.255280,4.291550,4.019184,4.146374,4.164528,4.128212,4.400314,4.309685,4.291550,4.237133,4.345943,4.490860,4.490860,4.527058,4.834267,4.653660,4.472755,4.327812,4.182686,4.237133,4.436539,4.418427,4.382195,4.400314,4.472755,4.454651,4.345943,4.237133,4.255280,4.309685,4.472755,4.418427,4.472755,4.164528,4.001003,3.928246,4.001003,3.910049,4.019184,4.255280,4.671738,4.978535,4.978535,5.050598,5.122616,5.302444,5.230549,5.356339,5.643291,5.661201,5.553699,5.374290,5.320412,5.499908,5.822250,6.107971,6.570625,7.172585,7.296085,7.119606,7.013577,7.101940,7.066605,7.243172,7.366592,7.683289,8.191483,7.771088,7.225533,6.925133,6.552864,6.321754,6.286148,6.125797,6.214916,6.232731,6.268349,6.321754,6.464035,6.446259,6.623875,6.641617,6.836617,6.942829,6.995895,7.172585,7.154926,7.172585,7.260815,7.243172,7.313717,7.472267,7.401833,7.507469,7.595413,7.700855,7.823730,7.823730,8.051544,8.139027,8.156513,8.278851,8.348686,8.418476,8.557915,8.679768,8.784096,8.784096,8.888317,9.044441,9.131081,9.217640,9.252239,9.373260,9.459610,9.580376,9.597610,9.735428,9.855862,9.907425,9.890244,10.147728,10.336117,10.831066,11.035133,10.489990,9.321407,9.009773,9.148392,9.442345,10.575371,11.695396,11.964966,11.863968,11.543430,11.187904,10.797012,10.558300,10.301891,9.700993,9.976139,10.199139,10.353233,9.890244,9.269539,8.905678,8.766716,8.575333,8.488220,8.383591,8.296310,8.243912,8.156513,8.121536,8.086544,7.928940,7.981499,7.911411,7.893879,7.806187,7.806187,7.893879,7.876347,7.858810,7.806187,7.893879,7.946465,8.208961,8.592743,8.592743,8.488220,8.401035,8.366138,8.383591,8.401035,8.401035,8.453358,8.331230,8.435913,8.488220,8.801476,8.905678,8.870953,8.627563,8.749332,8.731949,8.575333,8.557915,8.575333,8.575333,8.592743,8.662369,8.523075,8.453358,8.540497,8.662369,8.662369,8.731949,8.731949,8.714558,8.644970,8.627563,8.610161,8.505650,8.505650,8.540497,8.592743,9.148392,9.044441,8.784096,8.488220,8.348686,8.435913,8.418476,8.383591,8.418476,8.488220,8.540497,8.540497,8.662369,8.870953,8.940388,8.679768,8.505650,8.470791,8.557915,8.662369,8.575333,8.749332,8.853588,8.975086,8.888317,8.853588,9.044441,8.992432,8.888317,8.870953,8.801476,8.905678,8.957737,8.853588,8.888317,8.957737,8.853588,8.836220,8.923035,9.183022,9.355976,9.044441,8.853588,8.766716,8.784096,8.853588,8.818848,8.801476,8.801476,8.870953,8.853588,8.870953,9.200333,9.217640,9.079109,8.975086,8.888317,8.923035,8.923035,8.836220,8.905678,8.923035,9.009773,8.940388,8.992432,9.113758,9.148392,9.131081,9.131081,9.096436,9.217640,9.286831,9.321407,9.407806,9.407806,9.459610,9.459610,9.355976,9.494129,10.096279,10.113426,9.735428,9.632080,9.666546,9.649315,9.614849,9.563126,9.666546,9.735428,9.804260,9.373260,9.666546,9.804260,9.769852,9.614849,9.580376,9.666546,9.563126,9.666546,9.614849,9.511379,9.528633,9.459610,9.321407,9.131081,9.148392,9.304119,9.200333,9.131081,8.992432,9.009773,9.027115,9.044441,8.975086,8.923035,8.888317,8.801476,8.801476,8.784096,9.614849,9.597610,9.200333,8.627563,8.610161,8.523075,8.557915,8.540497,8.557915,8.540497,8.505650,8.401035,8.540497,8.575333,8.749332,8.714558,8.418476,8.261383,8.121536,8.139027,8.121536,7.999016,7.963982,7.858810,7.700855,7.560242,7.437057,7.454662,7.137272,6.677101,6.339550,6.303955,6.250534,6.179276,6.268349,6.250534,6.623875,7.507469,7.946465,8.139027,8.261383,8.208961,8.243912,8.243912,8.174004,8.086544,7.999016,7.946465,7.841270,7.771088,7.753536,7.648148,7.648148,7.700855,7.753536,7.718422,7.577831,7.507469,7.384212,7.472267,7.366592,7.595413,7.630577,7.437057,7.489868,7.419441,7.489868,7.489868,7.489868,7.542656,7.595413,7.472267,7.437057,7.419441,7.525059,7.577831,7.542656,7.489868,7.507469,7.683289,7.735977,7.735977,7.683289,7.700855,7.612995,7.612995,7.753536,7.806187,7.806187,7.753536,7.841270,7.841270,8.016525,8.069046,8.191483,8.174004,8.156513,7.841270,6.907440,6.054455,5.822250,5.822250,5.714912,5.893753,5.911625,6.286148,7.296085,7.735977,7.665718,7.489868,7.384212,7.296085,7.137272,7.084278,7.207882,7.296085,7.366592,7.489868,7.489868,7.595413,7.683289,7.963982,8.034035,7.999016,7.999016,8.069046,8.278851,8.401035,8.418476,8.435913,8.418476,8.453358,8.575333,8.540497,8.523075,8.644970,8.644970,8.592743,8.610161,8.731949,8.870953,8.870953,8.853588,8.940388,8.957737,8.870953,8.923035,9.027115,8.992432,8.923035,8.992432,8.992432,9.061775,9.096436,9.044441,9.061775,9.061775,9.217640,9.165710,9.131081,9.217640,9.165710,9.200333,9.165710,9.286831,9.304119,9.234943,9.234943,9.183022,9.234943,9.200333,9.373260,9.286831,9.217640,9.165710,9.200333,9.321407,9.286831,9.338692,9.355976,9.355976,9.442345,9.580376,9.511379,9.632080,9.700993,9.735428,9.718216,9.476868,9.183022,8.156513,6.942829,6.392914,6.339550,6.179276,6.161457,6.375134,6.623875,7.348972,8.034035,8.016525,7.946465,7.771088,7.595413,7.489868,7.401833,7.348972,7.348972,7.366592,7.454662,7.419441,7.560242,7.577831,7.753536,7.858810,7.981499,8.016525,8.051544,8.174004,8.261383,8.296310,8.278851,8.453358,8.383591,8.540497,8.523075,8.557915,8.662369,8.644970,8.627563,8.679768,8.610161,8.731949,8.766716,8.870953,8.766716,8.923035,8.992432,9.079109,9.009773,9.079109,9.148392,9.131081,9.234943,9.252239,9.321407,9.407806,9.511379,9.442345,9.511379,9.580376,9.597610,9.735428,9.821461,9.890244,9.924606,10.113426,10.147728,10.079128,10.164867,9.459610,8.731949,7.981499,8.139027,8.139027,8.523075,8.888317,9.113758,9.252239,10.061974,10.967159,11.255722,11.272675,11.187904,11.103065,10.455822,10.130581,9.976139,9.907425,9.907425,9.838661,9.838661,9.787056,9.718216,9.494129,9.425079,9.476868,9.407806,9.338692,9.234943,9.131081,8.975086,8.992432,8.992432,8.905678,8.905678,8.905678,8.679768,8.749332,8.836220,8.853588,8.836220,
4.146374,4.146374,4.055538,3.928246,4.019184,4.146374,4.128212,4.146374,4.182686,4.273415,4.309685,4.164528,4.237133,4.200836,4.200836,4.255280,4.273415,4.255280,4.218987,4.218987,4.309685,4.309685,4.327812,4.436539,4.436539,4.545155,4.472755,4.490860,4.382195,4.273415,4.273415,4.382195,4.490860,4.364071,4.400314,4.382195,4.400314,4.436539,4.364071,4.273415,4.273415,4.382195,4.436539,4.490860,4.255280,4.055538,3.891846,3.928246,3.819023,3.891846,3.910049,4.200836,4.563248,4.960514,4.942490,5.050598,5.176598,5.284477,5.338371,5.356339,5.607468,5.535770,5.392242,5.086613,4.996559,5.176598,5.374290,5.643291,6.214916,6.907440,7.190231,7.137272,6.995895,6.872036,6.960518,6.960518,7.348972,8.121536,8.540497,8.296310,7.454662,6.677101,6.000916,5.499908,5.122616,5.014572,5.086613,5.104614,5.086613,5.158604,5.176598,5.266499,5.356339,5.517838,5.750706,5.929482,6.000916,6.090134,6.339550,6.286148,6.392914,6.339550,6.357342,6.481804,6.606125,6.659363,6.748028,6.872036,6.995895,7.066605,7.172585,7.313717,7.313717,7.612995,7.542656,7.771088,7.753536,8.086544,7.981499,8.366138,8.278851,8.313774,8.418476,8.592743,8.627563,8.731949,8.766716,8.888317,9.096436,9.183022,9.338692,9.476868,9.614849,9.649315,9.873051,10.182007,10.336117,10.250530,9.442345,9.304119,9.425079,9.442345,10.524147,11.847122,12.434868,12.267311,12.099461,11.813431,11.577221,11.221825,10.967159,10.524147,10.250530,10.147728,10.061974,9.890244,9.563126,9.425079,9.079109,8.940388,8.766716,8.731949,8.697163,8.523075,8.331230,8.278851,8.313774,8.313774,8.156513,7.999016,7.981499,7.893879,7.893879,7.946465,7.876347,7.981499,7.928940,7.946465,8.104042,8.243912,8.766716,8.784096,8.557915,8.453358,8.453358,8.453358,8.418476,8.505650,8.523075,8.348686,8.348686,8.383591,8.557915,8.627563,8.575333,8.644970,8.592743,8.505650,8.557915,8.453358,8.418476,8.505650,8.453358,8.523075,8.313774,8.331230,8.540497,8.870953,8.818848,8.644970,8.592743,8.540497,8.523075,8.523075,8.592743,8.505650,8.557915,8.610161,8.749332,9.165710,9.148392,8.731949,8.453358,8.401035,8.470791,8.470791,8.383591,8.435913,8.435913,8.488220,8.488220,8.523075,8.575333,8.575333,8.644970,8.523075,8.540497,8.523075,8.523075,8.523075,8.540497,8.679768,8.644970,8.731949,8.731949,9.061775,9.217640,8.888317,8.853588,8.731949,8.784096,8.888317,8.940388,8.923035,8.992432,8.992432,9.044441,8.992432,9.234943,9.390537,9.009773,8.888317,8.853588,8.801476,8.853588,8.870953,8.836220,8.836220,8.784096,8.766716,8.801476,9.027115,8.957737,8.992432,8.870953,8.870953,8.940388,8.923035,8.957737,8.853588,8.888317,8.923035,9.009773,9.079109,9.200333,9.614849,9.459610,9.165710,9.183022,9.217640,9.269539,9.355976,9.373260,9.355976,9.355976,9.338692,9.252239,9.597610,10.027649,10.147728,9.632080,9.494129,9.476868,9.511379,9.373260,9.494129,9.632080,9.614849,9.614849,9.666546,9.494129,9.442345,9.407806,9.425079,9.373260,9.511379,9.511379,9.700993,9.683773,9.769852,9.700993,9.666546,9.442345,9.373260,9.442345,9.718216,9.718216,9.442345,9.148392,9.131081,9.096436,9.096436,8.992432,9.009773,8.853588,8.870953,8.836220,8.923035,9.735428,9.735428,9.096436,8.575333,8.575333,8.540497,8.470791,8.540497,8.557915,8.505650,8.453358,8.366138,8.575333,8.523075,8.592743,8.540497,8.523075,8.418476,8.313774,8.331230,8.191483,8.069046,7.928940,7.806187,7.612995,7.612995,7.507469,7.419441,7.154926,6.659363,6.375134,6.303955,6.250534,6.232731,6.268349,6.250534,6.694839,7.595413,7.841270,8.121536,8.174004,8.174004,8.174004,8.191483,8.069046,8.069046,7.963982,7.981499,7.876347,7.735977,7.648148,7.665718,7.665718,7.683289,7.648148,7.577831,7.472267,7.489868,7.454662,7.525059,7.401833,7.472267,7.525059,7.401833,7.401833,7.419441,7.419441,7.437057,7.401833,7.630577,7.595413,7.542656,7.525059,7.472267,7.525059,7.542656,7.507469,7.472267,7.419441,7.595413,7.718422,7.665718,7.665718,7.595413,7.665718,7.612995,7.700855,7.735977,7.735977,7.771088,7.700855,7.806187,7.893879,8.104042,8.313774,8.139027,8.121536,7.823730,6.659363,6.036610,5.804367,5.750706,5.714912,5.697014,5.858009,6.375134,7.437057,7.683289,7.525059,7.525059,7.331345,7.401833,7.296085,7.190231,7.278450,7.296085,7.348972,7.489868,7.612995,7.577831,7.718422,7.911411,7.928940,8.104042,8.208961,8.156513,8.313774,8.540497,8.453358,8.418476,8.366138,8.435913,8.488220,8.557915,8.557915,8.644970,8.592743,8.575333,8.697163,8.731949,8.697163,8.784096,8.784096,8.905678,8.888317,8.801476,8.836220,8.957737,9.044441,9.096436,9.044441,8.992432,9.061775,9.148392,9.079109,8.992432,9.079109,9.079109,9.131081,9.131081,9.183022,9.165710,9.200333,9.269539,9.217640,9.131081,9.217640,9.304119,9.217640,9.200333,9.200333,9.321407,9.269539,9.304119,9.304119,9.269539,9.286831,9.304119,9.304119,9.373260,9.407806,9.459610,9.476868,9.511379,9.649315,9.735428,9.649315,9.597610,9.597610,8.905678,7.630577,6.694839,6.303955,6.197094,6.232731,6.179276,6.392914,6.854328,7.841270,8.034035,8.034035,7.806187,7.630577,7.525059,7.437057,7.384212,7.348972,7.348972,7.472267,7.489868,7.525059,7.683289,7.700855,7.788635,7.893879,7.963982,7.999016,8.034035,8.191483,8.348686,8.296310,8.348686,8.366138,8.453358,8.505650,8.453358,8.679768,8.644970,8.731949,8.662369,8.784096,8.697163,8.801476,8.818848,8.836220,8.870953,9.009773,9.027115,9.061775,9.113758,9.061775,9.165710,9.183022,9.286831,9.269539,9.355976,9.425079,9.459610,9.476868,9.563126,9.511379,9.632080,9.700993,9.855862,9.958965,9.873051,9.976139,10.130581,10.164867,9.890244,8.992432,8.296310,8.016525,7.963982,8.243912,8.627563,8.975086,9.252239,9.425079,10.387436,11.391228,11.408150,11.170944,11.035133,10.711826,10.541225,10.284771,10.096279,10.096279,10.010487,10.010487,9.838661,9.838661,9.632080,9.494129,9.476868,9.425079,9.390537,9.286831,9.096436,9.044441,9.027115,8.853588,8.784096,8.853588,8.731949,8.784096,8.557915,8.592743,8.853588,8.836220,8.749332,
4.364071,4.291550,4.146374,3.982819,4.128212,4.091881,4.091881,3.910049,4.073711,4.073711,4.200836,4.273415,4.345943,4.273415,4.146374,4.200836,4.255280,4.327812,4.200836,4.164528,4.273415,4.273415,4.400314,4.436539,4.400314,4.490860,4.400314,4.436539,4.400314,4.291550,4.273415,4.218987,4.454651,4.436539,4.382195,4.436539,4.490860,4.436539,4.400314,4.273415,4.273415,4.291550,4.382195,4.382195,4.182686,3.891846,3.873646,3.928246,3.873646,3.910049,3.910049,4.055538,4.418427,4.816223,4.852314,5.032589,5.176598,5.410194,5.428139,5.499908,5.517838,5.553699,5.266499,5.050598,5.032589,4.942490,5.068611,5.481972,5.911625,6.499577,7.101940,6.995895,6.836617,6.694839,6.712570,6.836617,7.066605,7.630577,8.383591,8.435913,7.577831,6.765751,5.732807,5.140610,4.617508,4.581333,4.599422,4.309685,4.110050,4.110050,4.255280,4.218987,4.273415,4.364071,4.599422,4.870358,4.942490,5.140610,5.284477,5.266499,5.104614,5.194580,5.176598,5.428139,5.410194,5.410194,5.481972,5.607468,5.714912,6.000916,6.197094,6.357342,6.499577,6.659363,6.836617,6.925133,6.907440,6.960518,7.137272,7.207882,7.384212,7.401833,7.577831,7.665718,7.735977,7.981499,8.086544,8.069046,8.313774,8.313774,8.488220,8.610161,8.784096,9.009773,9.252239,9.252239,9.614849,9.735428,9.459610,9.442345,9.511379,9.735428,10.319000,11.543430,12.284077,12.367878,12.250546,12.065849,11.880806,11.458900,11.357365,10.933151,10.541225,10.353233,10.216270,9.993317,9.924606,9.649315,9.459610,9.131081,8.940388,9.009773,8.923035,8.697163,8.644970,8.610161,8.505650,8.505650,8.488220,8.418476,8.435913,8.278851,8.331230,8.261383,8.435913,8.592743,8.557915,8.435913,8.191483,8.383591,8.662369,8.575333,8.488220,8.453358,8.505650,8.453358,8.488220,8.453358,8.540497,8.523075,8.401035,8.505650,8.488220,8.575333,8.592743,8.575333,8.610161,8.540497,8.523075,8.418476,8.418476,8.418476,8.383591,8.383591,8.331230,8.278851,8.505650,9.061775,9.027115,8.575333,8.470791,8.418476,8.418476,8.435913,8.505650,8.523075,8.592743,8.714558,8.697163,9.061775,8.888317,8.697163,8.592743,8.505650,8.470791,8.470791,8.453358,8.557915,8.592743,8.610161,8.540497,8.540497,8.557915,8.592743,8.784096,8.644970,8.575333,8.523075,8.505650,8.453358,8.505650,8.592743,8.505650,8.523075,8.488220,9.113758,9.200333,8.801476,8.697163,8.662369,8.731949,8.697163,8.662369,8.801476,8.923035,8.853588,8.888317,8.957737,9.113758,9.044441,8.975086,8.992432,8.905678,8.923035,8.923035,8.888317,8.784096,8.853588,8.784096,8.766716,8.888317,9.027115,9.217640,9.061775,8.975086,8.992432,8.940388,8.957737,8.957737,8.992432,8.923035,9.027115,9.044441,8.975086,9.286831,9.855862,9.666546,9.252239,9.269539,9.304119,9.373260,9.494129,9.442345,9.476868,9.459610,9.494129,9.407806,9.597610,9.976139,9.907425,9.528633,9.425079,9.390537,9.355976,9.304119,9.407806,9.407806,9.494129,9.373260,9.304119,9.269539,9.338692,9.200333,9.165710,9.183022,9.183022,9.200333,9.304119,9.442345,9.442345,9.528633,9.425079,9.304119,9.286831,9.338692,9.924606,9.787056,9.321407,8.975086,9.009773,9.131081,9.027115,9.044441,9.027115,8.992432,9.096436,9.113758,9.200333,9.321407,9.304119,9.165710,9.027115,8.940388,8.784096,8.697163,8.766716,8.731949,8.853588,8.766716,8.766716,8.714558,8.644970,8.697163,8.627563,8.592743,8.505650,8.505650,8.383591,8.226437,8.034035,7.858810,7.753536,7.542656,7.595413,7.489868,7.525059,7.172585,6.623875,6.339550,6.286148,6.268349,6.197094,6.125797,6.197094,6.712570,7.472267,7.963982,8.139027,8.121536,8.139027,8.191483,8.156513,8.051544,7.981499,7.893879,7.876347,7.788635,7.683289,7.665718,7.630577,7.595413,7.560242,7.648148,7.560242,7.595413,7.489868,7.437057,7.384212,7.419441,7.595413,7.437057,7.437057,7.401833,7.419441,7.419441,7.401833,7.507469,7.560242,7.560242,7.542656,7.401833,7.437057,7.472267,7.542656,7.525059,7.419441,7.542656,7.560242,7.648148,7.612995,7.648148,7.560242,7.577831,7.665718,7.683289,7.771088,7.841270,7.753536,7.823730,7.841270,7.911411,8.016525,8.156513,8.121536,8.086544,7.630577,6.428486,5.911625,5.840134,5.750706,5.697014,5.750706,5.893753,6.606125,7.507469,7.542656,7.560242,7.419441,7.419441,7.331345,7.366592,7.137272,7.278450,7.366592,7.348972,7.454662,7.595413,7.595413,7.665718,7.771088,7.911411,8.051544,8.051544,8.069046,8.208961,8.383591,8.418476,8.348686,8.261383,8.418476,8.418476,8.453358,8.523075,8.627563,8.610161,8.679768,8.644970,8.662369,8.714558,8.714558,8.818848,8.888317,8.853588,8.731949,8.888317,8.975086,9.044441,9.044441,8.975086,9.009773,9.113758,9.165710,9.079109,9.044441,9.061775,9.165710,9.165710,9.217640,9.200333,9.234943,9.269539,9.252239,9.234943,9.269539,9.200333,9.321407,9.286831,9.252239,9.269539,9.183022,9.269539,9.373260,9.338692,9.252239,9.304119,9.425079,9.286831,9.355976,9.442345,9.459610,9.494129,9.545887,9.700993,9.666546,9.683773,9.563126,9.338692,8.592743,7.225533,6.464035,6.214916,6.197094,6.161457,6.339550,6.499577,6.995895,8.069046,8.086544,7.963982,7.648148,7.542656,7.437057,7.472267,7.331345,7.313717,7.384212,7.472267,7.489868,7.577831,7.683289,7.683289,7.771088,7.911411,7.963982,7.999016,8.191483,8.226437,8.313774,8.418476,8.435913,8.470791,8.592743,8.523075,8.610161,8.662369,8.749332,8.714558,8.679768,8.749332,8.836220,8.836220,8.888317,8.888317,8.905678,8.975086,9.044441,9.113758,9.096436,9.096436,9.183022,9.131081,9.252239,9.304119,9.425079,9.373260,9.511379,9.476868,9.528633,9.632080,9.563126,9.787056,9.769852,9.821461,9.941792,10.061974,10.164867,10.284771,9.459610,8.679768,7.963982,7.928940,8.156513,8.488220,8.870953,9.131081,9.304119,10.079128,11.052120,11.408150,11.458900,11.187904,10.916145,10.404537,10.027649,10.079128,9.907425,9.958965,9.855862,9.873051,9.855862,9.752644,9.614849,9.511379,9.459610,9.683773,9.666546,9.407806,9.113758,8.888317,8.870953,8.836220,8.679768,8.697163,8.697163,8.575333,8.592743,8.575333,8.523075,8.540497,8.453358,
4.508957,4.345943,4.164528,4.091881,4.146374,4.055538,3.964630,3.891846,4.091881,4.146374,4.255280,4.255280,4.291550,4.164528,4.200836,4.273415,4.237133,4.182686,4.164528,4.218987,4.364071,4.345943,4.364071,4.490860,4.454651,4.327812,4.472755,4.400314,4.364071,4.309685,4.309685,4.345943,4.418427,4.418427,4.454651,4.490860,4.454651,4.364071,4.345943,4.200836,4.237133,4.418427,4.327812,4.218987,4.055538,3.873646,3.910049,3.855442,3.764370,3.837234,3.819023,4.001003,4.291550,4.689812,4.924461,4.924461,5.302444,5.589546,5.679108,5.714912,5.428139,5.338371,5.050598,5.122616,4.996559,4.906425,4.960514,5.302444,5.607468,6.072296,6.960518,6.960518,6.872036,6.641617,6.730297,6.659363,6.801193,7.066605,8.104042,8.331230,7.876347,6.960518,5.965206,5.122616,4.816223,4.581333,4.418427,4.128212,3.964630,3.946442,3.873646,3.819023,3.891846,4.200836,4.345943,4.400314,4.490860,4.780113,4.852314,4.653660,4.364071,4.436539,4.400314,4.472755,4.382195,4.400314,4.508957,4.545155,4.617508,5.050598,5.230549,5.284477,5.517838,5.643291,5.804367,5.804367,5.768597,5.697014,5.822250,6.054455,6.036610,6.214916,6.375134,6.570625,6.570625,6.712570,6.872036,6.872036,7.031254,7.207882,7.348972,7.612995,7.735977,7.858810,8.086544,8.418476,8.610161,8.714558,9.234943,9.442345,9.580376,9.838661,10.267654,11.425068,12.434868,12.518532,12.551975,12.267311,12.099461,11.847122,11.577221,11.137009,10.797012,10.592438,10.524147,10.660679,10.319000,10.044807,9.649315,9.390537,9.234943,9.217640,9.252239,9.027115,8.923035,8.766716,8.697163,8.627563,8.505650,8.644970,8.627563,8.697163,8.592743,8.627563,8.870953,9.061775,8.749332,8.470791,8.401035,8.383591,8.453358,8.453358,8.540497,8.679768,8.627563,8.592743,8.644970,8.662369,8.714558,8.836220,8.801476,8.801476,8.731949,8.697163,8.714558,8.749332,8.662369,8.749332,8.697163,8.575333,8.627563,8.627563,8.557915,8.488220,8.348686,8.488220,8.662369,8.923035,8.853588,8.557915,8.453358,8.401035,8.488220,8.401035,8.662369,8.749332,8.714558,8.697163,8.818848,8.888317,8.749332,8.749332,8.662369,8.714558,8.540497,8.662369,8.627563,8.644970,8.644970,8.731949,8.714558,8.575333,8.627563,8.784096,9.252239,9.061775,8.714558,8.592743,8.453358,8.575333,8.592743,8.679768,8.557915,8.662369,8.610161,8.957737,8.923035,8.784096,8.714558,8.731949,8.731949,8.801476,8.801476,8.905678,8.940388,8.923035,8.940388,8.905678,9.009773,8.975086,8.992432,8.957737,8.975086,8.923035,8.905678,8.836220,8.836220,8.836220,8.853588,8.836220,8.836220,9.373260,9.683773,9.407806,9.131081,9.044441,9.079109,9.148392,9.079109,9.096436,9.113758,9.183022,9.286831,9.338692,9.683773,9.838661,9.769852,9.407806,9.338692,9.269539,9.304119,9.442345,9.373260,9.338692,9.321407,9.355976,9.269539,9.321407,9.614849,9.580376,9.459610,9.442345,9.338692,9.304119,9.286831,9.304119,9.373260,9.442345,9.459610,9.390537,9.269539,9.511379,9.649315,9.407806,9.442345,9.442345,9.442345,9.476868,9.545887,9.545887,9.476868,9.338692,9.321407,9.355976,9.683773,9.890244,9.924606,9.096436,8.888317,8.784096,8.940388,8.992432,8.975086,8.975086,9.061775,9.096436,9.061775,8.888317,8.870953,8.992432,8.905678,8.870953,8.818848,8.766716,8.905678,8.870953,8.957737,8.905678,8.836220,8.888317,8.853588,8.818848,9.009773,9.113758,8.818848,8.749332,8.731949,8.592743,8.366138,8.243912,7.981499,7.911411,7.700855,7.525059,7.542656,7.472267,7.137272,6.517342,6.268349,6.232731,6.232731,6.232731,6.179276,6.179276,6.818905,7.577831,8.069046,8.121536,8.121536,8.191483,8.139027,8.139027,7.963982,7.963982,7.806187,7.788635,7.718422,7.683289,7.630577,7.595413,7.595413,7.560242,7.630577,7.577831,7.489868,7.489868,7.331345,7.366592,7.419441,7.577831,7.454662,7.472267,7.401833,7.419441,7.542656,7.472267,7.489868,7.525059,7.489868,7.472267,7.454662,7.437057,7.489868,7.612995,7.525059,7.525059,7.560242,7.612995,7.560242,7.577831,7.630577,7.665718,7.612995,7.665718,7.577831,7.683289,7.735977,7.735977,7.841270,7.893879,7.946465,7.893879,8.174004,8.034035,7.963982,7.331345,6.232731,5.786484,5.750706,5.697014,5.589546,5.714912,5.911625,6.801193,7.753536,7.665718,7.577831,7.560242,7.384212,7.260815,7.260815,7.207882,7.243172,7.278450,7.348972,7.472267,7.542656,7.577831,7.823730,7.841270,7.876347,7.946465,8.034035,8.104042,8.278851,8.418476,8.331230,8.383591,8.348686,8.418476,8.505650,8.435913,8.540497,8.662369,8.610161,8.592743,8.610161,8.610161,8.575333,8.697163,8.749332,8.731949,8.749332,8.697163,8.888317,8.992432,8.975086,9.079109,8.992432,8.975086,9.061775,9.113758,9.148392,9.061775,9.044441,9.079109,9.096436,9.131081,9.183022,9.148392,9.217640,9.286831,9.286831,9.131081,9.148392,9.234943,9.200333,9.217640,9.165710,9.217640,9.252239,9.425079,9.321407,9.321407,9.252239,9.286831,9.286831,9.373260,9.355976,9.373260,9.528633,9.511379,9.597610,9.563126,9.580376,9.390537,9.027115,8.016525,6.836617,6.339550,6.143627,6.214916,6.214916,6.232731,6.623875,7.525059,7.946465,7.928940,7.806187,7.683289,7.507469,7.401833,7.384212,7.401833,7.313717,7.366592,7.507469,7.525059,7.577831,7.612995,7.753536,7.876347,7.893879,8.016525,8.034035,8.121536,8.296310,8.348686,8.366138,8.453358,8.453358,8.523075,8.610161,8.592743,8.784096,8.749332,8.731949,8.714558,8.784096,8.853588,8.766716,8.801476,8.888317,8.888317,9.009773,9.044441,9.061775,9.131081,9.113758,9.165710,9.252239,9.217640,9.321407,9.355976,9.338692,9.528633,9.563126,9.580376,9.614849,9.700993,9.873051,9.855862,9.941792,9.907425,10.387436,10.250530,10.044807,9.009773,8.348686,8.069046,7.946465,8.243912,8.627563,9.009773,9.027115,9.700993,10.541225,11.323498,11.374298,11.441990,11.052120,10.558300,10.216270,9.787056,9.787056,9.735428,9.700993,9.632080,9.632080,9.442345,9.407806,9.234943,9.234943,9.425079,9.614849,9.459610,9.183022,8.923035,8.644970,8.679768,8.575333,8.540497,8.418476,8.435913,8.435913,8.278851,8.278851,8.331230,8.226437,8.261383,
4.617508,4.436539,4.237133,4.110050,4.164528,4.037365,4.037365,3.982819,4.019184,4.128212,4.200836,4.128212,4.309685,4.237133,4.418427,4.273415,4.255280,4.218987,4.200836,4.200836,4.291550,4.472755,4.436539,4.472755,4.436539,4.418427,4.653660,4.527058,4.418427,4.291550,4.436539,4.490860,4.400314,4.490860,4.545155,4.400314,4.472755,4.345943,4.400314,4.364071,4.364071,4.382195,4.490860,4.128212,3.855442,3.910049,3.891846,3.946442,3.946442,3.837234,3.982819,4.037365,4.291550,4.725941,4.888393,5.086613,5.356339,5.499908,5.679108,5.535770,5.266499,5.248528,5.176598,5.032589,5.194580,4.978535,4.852314,5.212570,5.374290,5.840134,6.641617,6.889732,6.872036,6.535103,6.499577,6.428486,6.552864,6.623875,7.190231,8.051544,8.086544,7.243172,6.214916,5.212570,4.942490,4.689812,4.454651,4.055538,3.837234,3.800804,3.764370,3.800804,3.746143,3.946442,4.382195,4.382195,4.436539,4.816223,4.834267,4.454651,4.164528,4.182686,4.237133,4.110050,4.073711,4.200836,4.055538,4.164528,4.508957,4.635590,4.743999,4.870358,4.852314,5.050598,5.068611,5.068611,5.050598,4.924461,5.050598,5.068611,5.176598,5.230549,5.428139,5.571625,5.464031,5.553699,5.643291,5.732807,5.840134,5.983063,6.161457,6.339550,6.499577,6.641617,6.765751,7.101940,7.507469,8.069046,8.679768,9.252239,9.373260,9.563126,9.873051,10.882126,12.166641,12.485077,12.334373,12.116257,11.830276,11.475815,11.272675,10.814041,10.575371,10.404537,10.728870,10.865101,10.541225,10.027649,9.718216,9.528633,9.355976,9.321407,9.165710,9.009773,8.801476,8.818848,8.627563,8.575333,8.644970,8.731949,8.714558,8.801476,8.975086,9.027115,9.148392,9.200333,9.027115,8.801476,8.644970,8.644970,8.610161,8.870953,8.975086,8.940388,9.079109,8.905678,8.940388,8.957737,8.992432,9.061775,9.131081,9.027115,8.888317,8.870953,8.888317,8.870953,8.853588,8.905678,8.749332,8.627563,8.853588,9.079109,8.749332,8.575333,8.470791,8.505650,8.610161,8.679768,8.679768,8.610161,8.523075,8.557915,8.575333,8.697163,9.061775,9.131081,8.992432,8.888317,8.818848,8.888317,8.905678,8.905678,8.818848,8.818848,8.870953,8.905678,8.992432,8.923035,9.027115,8.923035,8.853588,8.714558,8.731949,8.940388,9.338692,9.200333,8.801476,8.575333,8.557915,8.557915,8.662369,8.801476,8.784096,8.784096,8.801476,8.888317,8.749332,8.662369,8.731949,8.714558,8.697163,8.853588,8.784096,8.905678,8.870953,8.923035,9.044441,9.096436,9.061775,9.061775,9.338692,9.269539,9.131081,9.061775,8.992432,8.975086,9.027115,9.044441,9.027115,8.975086,9.044441,9.580376,9.700993,9.511379,8.992432,9.009773,8.940388,8.957737,9.079109,9.079109,9.252239,9.338692,9.269539,9.252239,9.407806,9.511379,9.494129,9.373260,9.407806,9.459610,9.459610,9.511379,9.476868,9.494129,9.511379,9.304119,9.459610,9.269539,9.476868,9.494129,9.407806,9.234943,9.165710,9.183022,9.217640,9.234943,9.304119,9.373260,9.304119,9.234943,9.183022,9.718216,9.838661,9.632080,9.200333,9.234943,9.304119,9.286831,9.459610,9.407806,9.373260,9.476868,9.494129,9.666546,9.804260,9.873051,9.769852,9.545887,9.217640,9.217640,9.321407,9.355976,9.494129,9.614849,9.597610,9.511379,9.338692,9.009773,8.992432,8.992432,8.975086,8.888317,8.853588,8.870953,8.870953,8.801476,8.784096,8.801476,8.801476,8.714558,8.575333,8.679768,9.044441,9.044441,8.870953,8.627563,8.575333,8.401035,8.366138,8.226437,8.139027,7.981499,7.788635,7.612995,7.560242,7.419441,7.031254,6.535103,6.321754,6.268349,6.286148,6.125797,6.321754,6.357342,6.872036,7.507469,7.893879,7.963982,7.946465,8.086544,8.086544,8.139027,8.104042,7.999016,7.823730,7.735977,7.577831,7.683289,7.507469,7.560242,7.472267,7.525059,7.472267,7.542656,7.454662,7.401833,7.419441,7.331345,7.296085,7.384212,7.437057,7.384212,7.384212,7.419441,7.542656,7.331345,7.331345,7.348972,7.366592,7.472267,7.366592,7.419441,7.437057,7.454662,7.454662,7.525059,7.560242,7.630577,7.542656,7.560242,7.648148,7.665718,7.630577,7.577831,7.612995,7.612995,7.665718,7.683289,7.806187,7.735977,7.788635,7.911411,8.016525,7.999016,7.823730,7.119606,6.107971,5.714912,5.714912,5.661201,5.661201,5.732807,6.125797,7.013577,7.735977,7.665718,7.595413,7.542656,7.384212,7.243172,7.084278,7.172585,7.190231,7.225533,7.225533,7.419441,7.489868,7.683289,7.876347,7.928940,7.858810,7.946465,8.016525,8.139027,8.226437,8.261383,8.331230,8.435913,8.348686,8.453358,8.453358,8.453358,8.557915,8.644970,8.523075,8.540497,8.610161,8.662369,8.540497,8.644970,8.714558,8.697163,8.679768,8.662369,8.749332,8.975086,8.975086,8.957737,8.957737,8.940388,8.992432,9.061775,9.096436,9.079109,9.061775,9.044441,9.061775,9.165710,9.079109,9.131081,9.217640,9.286831,9.269539,9.183022,9.131081,9.217640,9.200333,9.131081,9.131081,9.183022,9.373260,9.321407,9.321407,9.269539,9.234943,9.321407,9.373260,9.338692,9.390537,9.476868,9.545887,9.494129,9.563126,9.580376,9.545887,9.476868,8.818848,7.507469,6.623875,6.357342,6.179276,6.090134,6.286148,6.428486,6.978207,7.841270,8.034035,7.981499,7.771088,7.612995,7.366592,7.348972,7.296085,7.260815,7.384212,7.401833,7.525059,7.542656,7.665718,7.735977,7.718422,7.753536,7.841270,7.999016,8.034035,8.174004,8.156513,8.313774,8.366138,8.418476,8.470791,8.523075,8.627563,8.627563,8.766716,8.697163,8.784096,8.784096,8.766716,8.870953,8.853588,8.836220,8.940388,8.957737,8.992432,9.079109,9.079109,9.148392,8.992432,9.148392,9.234943,9.183022,9.390537,9.338692,9.494129,9.511379,9.614849,9.632080,9.769852,9.993317,9.838661,9.941792,9.907425,10.113426,10.267654,10.113426,9.442345,8.679768,7.963982,7.963982,8.156513,8.470791,8.766716,9.165710,9.286831,10.010487,11.153976,11.543430,11.560329,11.509636,11.018150,10.489990,10.113426,9.855862,9.838661,9.787056,9.821461,9.632080,9.580376,9.494129,9.476868,9.321407,9.165710,9.252239,9.252239,9.079109,8.870953,8.697163,8.575333,8.470791,8.488220,8.401035,8.453358,8.401035,8.331230,8.191483,8.191483,8.313774,8.435913,8.383591,
5.014572,4.653660,4.382195,4.218987,4.110050,4.001003,3.982819,3.946442,4.055538,4.055538,4.182686,4.073711,4.091881,4.237133,4.237133,4.291550,4.291550,4.237133,4.237133,4.237133,4.382195,4.436539,4.309685,4.255280,4.255280,4.291550,4.508957,4.508957,4.382195,4.418427,4.472755,4.472755,4.454651,4.527058,4.454651,4.400314,4.382195,4.327812,4.436539,4.327812,4.291550,4.436539,4.472755,3.964630,3.910049,3.891846,4.001003,4.019184,3.964630,3.873646,3.946442,4.128212,4.599422,4.852314,4.906425,5.032589,5.428139,5.589546,5.320412,5.194580,5.248528,5.212570,5.086613,5.122616,5.284477,5.032589,4.942490,5.086613,5.302444,5.679108,6.303955,6.960518,7.101940,6.730297,6.464035,6.464035,6.375134,6.410706,6.765751,7.577831,8.208961,7.823730,6.694839,5.571625,5.230549,4.671738,4.291550,4.037365,3.782589,3.819023,3.800804,3.709686,3.746143,4.019184,4.255280,4.237133,4.454651,4.581333,4.762062,4.291550,4.037365,4.291550,4.200836,4.055538,3.946442,4.019184,4.037365,4.218987,4.490860,4.780113,4.689812,4.725941,4.725941,4.906425,4.888393,4.888393,4.834267,4.798172,4.960514,4.960514,4.906425,4.888393,4.978535,5.032589,5.032589,5.068611,5.230549,5.320412,5.356339,5.374290,5.481972,5.625381,5.697014,5.732807,6.072296,6.375134,6.836617,7.401833,8.208961,8.940388,9.183022,9.234943,9.511379,10.507072,12.367878,13.284760,13.135342,12.869114,12.384636,11.880806,11.492725,11.103065,10.660679,10.541225,10.779976,11.001148,10.745911,9.958965,9.666546,9.494129,9.442345,9.286831,8.957737,8.905678,8.784096,8.697163,8.697163,8.662369,8.644970,8.644970,8.697163,8.784096,8.784096,8.888317,9.131081,9.131081,9.009773,8.975086,8.870953,8.923035,8.905678,9.442345,9.528633,9.234943,9.131081,9.252239,9.234943,9.165710,9.252239,9.304119,9.373260,9.338692,9.234943,9.252239,9.217640,9.183022,9.165710,9.096436,8.923035,8.940388,9.252239,9.217640,8.923035,8.888317,8.731949,8.644970,8.644970,8.697163,8.749332,8.714558,8.731949,8.714558,8.714558,8.697163,9.338692,9.373260,9.113758,8.957737,8.923035,8.905678,8.923035,9.044441,9.148392,9.027115,9.079109,9.079109,9.183022,9.061775,9.096436,9.096436,9.148392,8.923035,9.079109,8.975086,9.096436,9.113758,8.940388,8.592743,8.697163,8.714558,8.888317,9.027115,8.992432,9.009773,8.992432,8.853588,8.714558,8.766716,8.731949,8.662369,8.627563,8.731949,8.766716,8.888317,8.888317,8.888317,8.957737,8.905678,8.905678,8.923035,9.390537,9.269539,9.061775,9.079109,9.027115,9.009773,9.044441,9.252239,9.165710,9.148392,9.200333,9.355976,9.425079,9.096436,9.009773,8.940388,8.905678,8.957737,9.009773,9.131081,9.096436,9.061775,9.061775,8.957737,9.009773,9.009773,9.200333,9.338692,9.269539,9.390537,9.442345,9.528633,9.511379,9.528633,9.476868,9.476868,9.476868,9.390537,9.649315,9.890244,9.632080,9.113758,9.009773,9.131081,9.131081,9.269539,9.304119,9.338692,9.217640,9.252239,9.200333,9.769852,9.700993,9.459610,9.009773,8.923035,9.096436,9.165710,9.131081,9.321407,9.390537,9.425079,9.373260,9.459610,9.338692,9.494129,9.425079,9.459610,9.425079,9.390537,9.407806,9.476868,9.683773,9.821461,9.752644,9.718216,9.528633,9.355976,9.528633,9.442345,9.183022,9.027115,8.992432,9.044441,9.200333,9.252239,9.217640,9.304119,9.183022,8.714558,8.870953,8.992432,9.044441,9.009773,8.453358,8.296310,8.139027,8.016525,8.139027,8.034035,7.963982,7.753536,7.735977,7.507469,7.525059,7.331345,6.801193,6.428486,6.303955,6.214916,6.232731,6.232731,6.232731,6.268349,7.066605,7.630577,7.788635,7.858810,7.893879,8.034035,7.981499,8.034035,8.016525,7.893879,7.806187,7.788635,7.683289,7.560242,7.507469,7.454662,7.419441,7.489868,7.437057,7.437057,7.401833,7.401833,7.384212,7.348972,7.366592,7.384212,7.384212,7.454662,7.437057,7.419441,7.419441,7.401833,7.296085,7.296085,7.366592,7.419441,7.419441,7.454662,7.454662,7.489868,7.525059,7.472267,7.472267,7.507469,7.595413,7.560242,7.507469,7.577831,7.507469,7.489868,7.612995,7.612995,7.718422,7.683289,7.700855,7.771088,7.911411,8.016525,7.981499,7.999016,7.841270,6.854328,6.036610,5.768597,5.732807,5.732807,5.768597,5.858009,6.250534,7.137272,7.595413,7.507469,7.542656,7.384212,7.154926,7.119606,7.066605,7.119606,7.154926,7.243172,7.384212,7.472267,7.472267,7.560242,7.753536,7.876347,7.876347,8.069046,8.104042,8.278851,8.261383,8.296310,8.366138,8.453358,8.366138,8.453358,8.401035,8.401035,8.540497,8.575333,8.557915,8.523075,8.697163,8.714558,8.610161,8.731949,8.697163,8.714558,8.714558,8.714558,8.766716,8.818848,8.992432,9.027115,8.940388,8.940388,8.905678,8.905678,9.061775,8.992432,9.096436,9.096436,9.113758,9.165710,9.165710,9.183022,9.234943,9.269539,9.269539,9.234943,9.165710,9.148392,9.148392,9.165710,9.200333,9.252239,9.321407,9.407806,9.234943,9.217640,9.252239,9.338692,9.355976,9.373260,9.442345,9.459610,9.511379,9.528633,9.649315,9.476868,9.338692,9.217640,8.383591,7.154926,6.446259,6.250534,6.197094,6.090134,6.339550,6.481804,7.225533,8.034035,8.016525,7.893879,7.700855,7.384212,7.278450,7.172585,7.331345,7.331345,7.454662,7.419441,7.560242,7.630577,7.648148,7.700855,7.771088,7.823730,7.893879,7.999016,8.034035,8.139027,8.191483,8.331230,8.348686,8.418476,8.418476,8.627563,8.662369,8.749332,8.731949,8.749332,8.836220,8.818848,8.801476,8.801476,8.853588,8.818848,8.975086,8.940388,9.061775,9.044441,9.079109,9.131081,9.148392,9.131081,9.234943,9.304119,9.390537,9.407806,9.494129,9.494129,9.649315,9.752644,9.683773,9.821461,9.890244,9.976139,10.010487,10.061974,10.353233,10.010487,8.957737,8.226437,7.999016,8.086544,8.296310,8.610161,8.957737,9.183022,9.718216,10.677727,11.509636,11.509636,11.594112,11.255722,10.797012,10.130581,9.976139,9.804260,9.735428,9.700993,9.580376,9.563126,9.528633,9.407806,9.269539,9.183022,9.165710,9.061775,9.009773,8.923035,8.749332,8.784096,8.801476,8.766716,8.610161,8.557915,8.523075,8.401035,8.366138,8.488220,8.505650,8.662369,8.435913,8.296310,
5.446091,4.852314,4.527058,4.182686,4.164528,4.037365,4.037365,4.037365,4.019184,4.055538,4.110050,4.091881,4.110050,4.182686,4.237133,4.291550,4.200836,4.218987,4.237133,4.327812,4.418427,4.454651,4.364071,4.273415,4.237133,4.291550,4.309685,4.382195,4.418427,4.345943,4.472755,4.508957,4.400314,4.490860,4.436539,4.454651,4.400314,4.382195,4.382195,4.418427,4.364071,4.382195,4.364071,4.019184,3.910049,3.946442,4.128212,4.237133,4.237133,3.964630,4.055538,4.218987,4.545155,4.798172,4.870358,4.924461,5.248528,5.499908,5.122616,5.230549,5.302444,5.212570,5.104614,5.176598,5.284477,4.906425,4.888393,5.104614,5.176598,5.589546,6.197094,6.960518,7.313717,6.925133,6.535103,6.357342,6.321754,6.250534,6.392914,6.978207,7.806187,8.086544,7.119606,6.000916,5.302444,4.653660,4.273415,3.928246,3.891846,3.800804,3.800804,3.800804,3.855442,4.073711,4.164528,4.218987,4.364071,4.418427,4.345943,4.055538,3.964630,4.291550,4.237133,4.001003,3.946442,4.001003,3.964630,4.164528,4.563248,4.762062,4.689812,4.635590,4.563248,4.870358,4.942490,4.816223,4.743999,4.834267,4.888393,4.798172,4.653660,4.762062,4.852314,4.816223,4.816223,5.068611,5.176598,5.140610,5.194580,5.158604,5.428139,5.338371,5.481972,5.464031,5.750706,6.090134,6.677101,6.854328,7.771088,8.801476,9.009773,9.009773,9.200333,10.147728,12.300850,13.516701,13.665508,13.599396,13.201775,12.735714,12.284077,11.779716,11.441990,11.001148,11.069107,11.018150,10.762939,10.113426,9.855862,9.718216,9.511379,9.390537,9.096436,9.027115,8.870953,8.679768,8.592743,8.784096,8.888317,8.870953,8.853588,8.731949,8.801476,8.905678,9.044441,8.992432,8.853588,8.888317,8.731949,8.644970,8.957737,9.632080,9.563126,8.992432,8.784096,8.905678,9.200333,9.148392,9.183022,9.304119,9.200333,9.234943,9.234943,9.269539,9.217640,9.373260,9.269539,9.304119,9.061775,9.148392,9.286831,9.183022,9.096436,9.061775,8.975086,8.870953,8.940388,9.148392,9.269539,9.183022,9.061775,9.044441,9.079109,9.217640,9.580376,9.511379,9.131081,8.923035,8.975086,8.957737,9.027115,9.061775,8.992432,9.113758,9.148392,9.113758,8.992432,8.957737,9.044441,8.905678,8.923035,9.027115,8.992432,8.940388,8.957737,8.905678,8.818848,8.662369,8.679768,8.836220,9.252239,9.165710,9.061775,9.027115,9.079109,9.113758,9.009773,8.975086,8.940388,8.749332,8.818848,8.818848,8.853588,8.992432,9.061775,8.992432,9.009773,8.992432,8.923035,8.818848,9.252239,9.148392,8.818848,8.801476,8.801476,8.784096,8.731949,8.888317,8.992432,9.027115,8.905678,9.009773,9.113758,9.044441,9.113758,9.027115,9.009773,9.096436,9.131081,9.183022,9.061775,9.096436,9.027115,8.940388,8.992432,9.148392,9.563126,9.528633,9.269539,9.321407,9.407806,9.407806,9.511379,9.528633,9.476868,9.407806,9.407806,9.252239,9.735428,9.958965,9.494129,9.061775,9.061775,9.061775,9.148392,9.321407,9.390537,9.407806,9.442345,9.373260,9.304119,9.338692,9.390537,9.338692,9.286831,9.165710,9.217640,9.321407,9.373260,9.425079,9.390537,9.459610,9.632080,9.511379,9.304119,9.407806,9.390537,9.511379,9.425079,9.338692,9.425079,9.459610,9.355976,9.373260,9.321407,9.183022,9.079109,9.286831,9.597610,9.666546,9.061775,8.940388,9.009773,9.113758,9.113758,9.200333,9.286831,9.304119,9.252239,9.165710,9.027115,8.975086,9.009773,8.888317,8.418476,8.174004,8.086544,8.016525,7.999016,7.928940,7.841270,7.753536,7.665718,7.542656,7.348972,7.278450,6.907440,6.446259,6.339550,6.321754,6.303955,6.286148,6.375134,6.464035,7.101940,7.595413,7.683289,7.981499,7.999016,7.999016,7.999016,7.981499,7.841270,7.876347,7.788635,7.753536,7.630577,7.472267,7.366592,7.401833,7.384212,7.419441,7.401833,7.437057,7.366592,7.419441,7.348972,7.313717,7.296085,7.419441,7.454662,7.419441,7.454662,7.313717,7.384212,7.331345,7.384212,7.313717,7.384212,7.419441,7.507469,7.577831,7.472267,7.525059,7.489868,7.507469,7.525059,7.542656,7.525059,7.489868,7.472267,7.595413,7.489868,7.472267,7.472267,7.577831,7.595413,7.612995,7.753536,7.753536,7.823730,7.893879,7.963982,8.034035,7.718422,6.677101,5.947346,5.768597,5.732807,5.822250,5.822250,5.929482,6.481804,7.401833,7.454662,7.437057,7.419441,7.243172,7.154926,7.101940,7.119606,7.066605,7.207882,7.278450,7.348972,7.437057,7.472267,7.630577,7.648148,7.788635,7.858810,7.981499,8.086544,8.121536,8.208961,8.121536,8.261383,8.453358,8.383591,8.331230,8.383591,8.453358,8.435913,8.540497,8.540497,8.644970,8.697163,8.749332,8.627563,8.644970,8.679768,8.731949,8.836220,8.818848,8.731949,8.870953,8.905678,8.957737,8.957737,8.905678,8.940388,8.888317,8.992432,8.992432,9.079109,9.061775,9.096436,8.992432,9.096436,9.148392,9.148392,9.165710,9.200333,9.200333,9.148392,9.200333,9.165710,9.252239,9.252239,9.286831,9.234943,9.269539,9.269539,9.234943,9.338692,9.338692,9.425079,9.355976,9.425079,9.425079,9.563126,9.580376,9.614849,9.476868,9.425079,9.113758,7.928940,6.836617,6.268349,6.143627,6.143627,6.161457,6.179276,6.623875,7.595413,8.016525,7.928940,7.858810,7.648148,7.384212,7.172585,7.154926,7.243172,7.384212,7.507469,7.489868,7.595413,7.612995,7.612995,7.665718,7.753536,7.823730,7.928940,8.034035,8.016525,8.121536,8.191483,8.331230,8.418476,8.435913,8.453358,8.575333,8.592743,8.662369,8.731949,8.836220,8.801476,8.749332,8.853588,8.784096,8.905678,8.957737,8.888317,8.905678,8.905678,9.027115,9.061775,9.131081,9.234943,9.252239,9.234943,9.407806,9.390537,9.425079,9.545887,9.614849,9.632080,9.700993,9.873051,9.838661,9.873051,9.890244,10.044807,10.233398,10.199139,9.563126,8.575333,8.034035,8.051544,8.191483,8.505650,8.801476,9.079109,9.338692,10.182007,11.306557,11.644768,11.594112,11.425068,11.153976,10.489990,9.958965,9.873051,9.838661,9.821461,9.597610,9.545887,9.476868,9.442345,9.269539,9.183022,9.234943,9.044441,9.009773,8.853588,8.853588,8.784096,8.801476,8.662369,8.575333,8.644970,8.540497,8.401035,8.366138,8.435913,8.557915,8.592743,8.627563,8.557915,8.208961,
5.875885,5.068611,4.689812,4.400314,4.146374,4.128212,4.019184,4.019184,3.928246,3.964630,4.055538,4.055538,4.128212,4.237133,4.291550,4.218987,4.255280,4.110050,4.073711,4.128212,4.345943,4.345943,4.237133,4.200836,4.255280,4.182686,4.237133,4.345943,4.309685,4.327812,4.418427,4.472755,4.418427,4.490860,4.436539,4.418427,4.382195,4.364071,4.418427,4.454651,4.472755,4.291550,4.091881,3.946442,3.891846,3.946442,4.273415,4.382195,4.291550,4.255280,4.182686,4.255280,4.291550,4.617508,4.689812,4.924461,5.014572,5.068611,5.068611,5.194580,5.266499,5.086613,5.068611,4.996559,4.816223,4.707874,5.068611,5.176598,5.230549,5.589546,6.232731,7.084278,7.683289,7.313717,6.694839,6.321754,6.303955,6.197094,6.321754,6.659363,7.630577,8.191483,7.683289,6.464035,5.643291,4.816223,4.418427,4.055538,3.982819,3.946442,4.019184,4.001003,4.055538,4.273415,4.327812,4.218987,4.237133,4.309685,3.982819,3.964630,4.091881,4.436539,4.309685,3.982819,3.928246,3.928246,4.091881,4.200836,4.762062,4.978535,4.852314,4.707874,4.743999,4.725941,4.725941,4.707874,4.671738,4.725941,4.798172,4.689812,4.671738,4.798172,4.762062,4.798172,4.870358,4.942490,5.122616,5.050598,5.140610,5.194580,5.302444,5.410194,5.338371,5.499908,5.714912,6.036610,6.357342,6.748028,7.437057,8.662369,9.061775,9.009773,9.079109,9.683773,11.374298,12.935738,13.367657,13.417366,13.151951,12.935738,12.551975,12.082661,11.661655,11.391228,11.001148,10.745911,10.541225,10.387436,10.079128,9.855862,9.666546,9.476868,9.494129,9.269539,9.131081,9.044441,9.027115,9.044441,9.200333,9.494129,9.390537,9.044441,8.888317,8.923035,8.975086,8.992432,9.027115,8.923035,8.923035,8.905678,9.217640,9.597610,9.407806,9.061775,8.957737,8.940388,9.027115,9.044441,9.061775,9.009773,9.148392,9.113758,9.165710,9.148392,9.234943,9.183022,9.183022,9.234943,9.183022,9.217640,9.183022,9.148392,9.079109,8.992432,8.957737,8.888317,8.905678,9.459610,9.545887,9.304119,9.217640,9.217640,9.217640,9.355976,9.338692,9.338692,9.286831,9.234943,9.165710,9.183022,9.304119,9.165710,9.183022,9.252239,9.217640,9.165710,8.940388,8.992432,8.975086,8.975086,8.940388,9.044441,9.009773,9.044441,9.096436,9.113758,8.905678,8.801476,8.749332,8.975086,9.373260,9.217640,8.992432,8.975086,8.957737,8.992432,8.888317,8.784096,8.853588,8.818848,8.749332,8.784096,8.957737,9.252239,9.165710,9.027115,8.975086,8.888317,8.836220,8.766716,8.888317,8.888317,8.697163,8.749332,8.784096,8.714558,8.731949,8.801476,8.888317,8.940388,8.888317,8.975086,8.992432,9.079109,9.027115,9.113758,9.113758,9.165710,9.217640,9.252239,9.217640,9.234943,9.183022,9.079109,9.200333,9.425079,9.683773,9.752644,9.269539,9.061775,9.096436,9.217640,9.407806,9.373260,9.338692,9.373260,9.286831,9.286831,9.476868,9.511379,9.355976,9.131081,9.286831,9.304119,9.355976,9.494129,9.614849,9.683773,9.649315,9.459610,9.494129,9.442345,9.580376,9.735428,9.769852,9.649315,9.563126,9.563126,9.494129,9.459610,9.442345,9.494129,9.425079,9.338692,9.355976,9.718216,9.958965,9.769852,9.563126,9.476868,9.494129,9.442345,9.304119,9.286831,9.183022,9.044441,8.940388,9.252239,9.632080,9.476868,8.836220,8.714558,8.766716,8.784096,8.870953,8.853588,8.975086,8.957737,8.853588,8.697163,8.540497,8.575333,8.505650,8.418476,8.208961,8.121536,8.051544,8.104042,8.139027,8.051544,7.981499,7.683289,7.612995,7.401833,7.260815,7.066605,6.801193,6.339550,6.339550,6.303955,6.286148,6.250534,6.197094,6.446259,7.084278,7.560242,7.577831,7.806187,7.981499,7.946465,7.876347,7.806187,7.718422,7.700855,7.612995,7.542656,7.401833,7.331345,7.384212,7.348972,7.260815,7.154926,7.454662,7.313717,7.348972,7.260815,7.348972,7.331345,7.243172,7.296085,7.437057,7.296085,7.296085,7.278450,7.225533,7.243172,7.243172,7.243172,7.296085,7.366592,7.454662,7.278450,7.489868,7.366592,7.348972,7.454662,7.296085,7.296085,7.437057,7.525059,7.507469,7.507469,7.489868,7.401833,7.472267,7.454662,7.507469,7.577831,7.735977,7.700855,7.771088,7.858810,7.876347,7.893879,7.525059,6.481804,5.786484,5.768597,5.679108,5.714912,5.858009,5.858009,6.730297,7.489868,7.507469,7.366592,7.260815,7.190231,7.172585,7.031254,7.048931,7.066605,7.013577,7.207882,7.296085,7.454662,7.437057,7.489868,7.595413,7.753536,7.806187,7.893879,8.069046,8.051544,8.086544,8.086544,8.139027,8.174004,8.261383,8.243912,8.278851,8.401035,8.366138,8.401035,8.470791,8.488220,8.592743,8.731949,8.557915,8.610161,8.662369,8.749332,8.870953,8.784096,8.888317,9.096436,8.731949,8.853588,8.818848,8.940388,8.905678,8.784096,8.888317,8.957737,8.923035,8.992432,9.044441,9.061775,9.044441,8.975086,9.027115,9.079109,9.148392,9.148392,9.131081,9.165710,9.183022,9.304119,9.321407,9.217640,9.269539,9.234943,9.321407,9.200333,9.217640,9.304119,9.286831,9.304119,9.338692,9.355976,9.459610,9.632080,9.528633,9.494129,9.286831,8.731949,7.366592,6.481804,6.090134,6.179276,6.179276,6.250534,6.499577,6.907440,7.946465,7.946465,7.928940,7.753536,7.454662,7.366592,7.207882,7.154926,7.260815,7.454662,7.560242,7.454662,7.560242,7.595413,7.718422,7.665718,7.788635,7.876347,7.911411,7.981499,8.121536,8.243912,8.243912,8.348686,8.401035,8.348686,8.505650,8.488220,8.679768,8.697163,8.714558,8.766716,8.870953,8.801476,8.836220,8.853588,8.870953,8.957737,8.923035,8.992432,9.009773,9.027115,9.079109,9.165710,9.165710,9.355976,9.269539,9.373260,9.269539,9.407806,9.511379,9.494129,9.614849,9.718216,9.838661,9.890244,9.924606,9.958965,10.079128,10.130581,10.164867,9.079109,8.226437,8.016525,8.051544,8.156513,8.644970,9.009773,9.131081,9.666546,10.762939,11.897648,11.830276,11.627888,11.391228,10.797012,10.096279,9.873051,9.700993,9.666546,9.614849,9.494129,9.407806,9.269539,9.217640,9.148392,9.165710,9.131081,9.113758,9.148392,8.992432,8.818848,8.784096,8.697163,8.697163,8.801476,8.749332,8.714558,8.679768,8.575333,8.610161,8.610161,8.523075,8.505650,8.331230,8.104042,
6.303955,5.625381,4.996559,4.527058,4.345943,4.237133,4.110050,4.164528,4.019184,3.946442,4.055538,4.001003,4.128212,4.182686,4.146374,4.237133,4.164528,4.001003,3.891846,4.055538,4.164528,4.073711,4.164528,4.164528,4.237133,4.291550,4.309685,4.218987,4.273415,4.436539,4.490860,4.400314,4.436539,4.418427,4.436539,4.345943,4.436539,4.418427,4.472755,4.436539,4.436539,4.364071,4.218987,4.055538,3.873646,4.055538,4.364071,4.345943,4.327812,4.400314,4.382195,4.273415,4.218987,4.255280,4.454651,4.743999,4.888393,4.960514,4.888393,5.068611,5.212570,5.104614,4.996559,4.888393,4.472755,4.725941,5.194580,5.320412,5.356339,5.517838,6.107971,7.031254,7.735977,7.595413,6.978207,6.428486,6.250534,6.286148,6.321754,6.321754,7.066605,7.963982,7.928940,6.978207,5.786484,5.014572,4.635590,4.200836,4.055538,4.055538,4.164528,4.182686,4.255280,4.364071,4.255280,4.200836,4.309685,4.255280,3.928246,3.964630,4.146374,4.436539,4.237133,4.019184,3.928246,4.001003,4.073711,4.255280,4.725941,5.014572,4.834267,4.689812,4.635590,4.689812,4.743999,4.671738,4.653660,4.671738,4.635590,4.653660,4.671738,4.762062,4.780113,4.888393,4.852314,4.942490,4.996559,5.014572,5.068611,5.284477,5.248528,5.374290,5.464031,5.499908,5.875885,6.143627,6.197094,6.552864,7.243172,8.366138,8.975086,8.992432,8.957737,9.286831,10.507072,12.216988,12.985676,13.201775,13.135342,12.985676,12.585411,12.133057,11.796577,11.425068,11.001148,10.694775,10.848083,10.745911,10.353233,10.010487,9.752644,9.511379,9.442345,9.286831,9.165710,9.217640,9.079109,9.131081,9.234943,9.528633,9.511379,9.269539,9.044441,9.044441,8.957737,8.975086,9.027115,9.027115,9.009773,9.165710,9.234943,9.355976,9.269539,9.269539,9.252239,9.252239,9.131081,9.200333,9.286831,9.183022,9.131081,9.183022,9.269539,9.269539,9.217640,9.321407,9.494129,9.286831,9.183022,9.131081,9.113758,9.044441,9.061775,9.027115,8.940388,8.853588,8.940388,9.580376,9.563126,9.286831,9.061775,9.113758,9.044441,9.009773,9.044441,9.165710,9.061775,9.096436,9.079109,9.183022,9.131081,9.200333,9.113758,9.148392,9.148392,9.113758,9.044441,9.061775,9.096436,9.079109,9.131081,9.234943,9.096436,9.217640,9.442345,9.545887,9.425079,9.321407,9.148392,9.338692,9.407806,9.494129,9.286831,9.148392,9.234943,9.269539,9.165710,9.165710,9.183022,9.234943,9.217640,9.200333,9.425079,9.718216,9.269539,8.923035,8.749332,8.731949,8.749332,8.749332,8.749332,8.627563,8.592743,8.540497,8.592743,8.627563,8.627563,8.731949,8.784096,8.731949,8.818848,8.818848,8.853588,8.975086,8.905678,8.975086,9.009773,9.061775,9.183022,9.390537,9.234943,9.252239,9.269539,9.304119,9.338692,9.425079,9.666546,9.545887,9.234943,9.061775,9.044441,9.131081,9.321407,9.286831,9.234943,9.390537,9.338692,9.442345,9.494129,9.511379,9.459610,9.597610,9.614849,9.528633,9.649315,9.563126,9.666546,9.632080,9.597610,9.476868,9.528633,9.511379,10.079128,10.096279,9.907425,9.855862,9.855862,9.804260,9.718216,9.476868,9.442345,9.321407,9.217640,9.027115,9.131081,9.907425,9.804260,9.735428,9.131081,9.009773,9.217640,9.131081,9.234943,9.183022,9.131081,8.992432,9.009773,9.165710,9.148392,9.165710,8.905678,8.836220,8.766716,8.853588,8.818848,8.905678,8.818848,8.697163,8.714558,8.575333,8.383591,8.523075,8.610161,8.575333,8.278851,7.981499,7.981499,7.963982,8.069046,7.963982,7.788635,7.648148,7.595413,7.348972,7.278450,7.101940,6.748028,6.392914,6.339550,6.321754,6.303955,6.286148,6.268349,6.481804,7.119606,7.542656,7.577831,7.612995,7.700855,7.788635,7.788635,7.735977,7.560242,7.560242,7.525059,7.366592,7.243172,7.313717,7.260815,7.225533,7.278450,7.243172,7.137272,7.243172,7.154926,7.243172,7.313717,7.172585,7.243172,7.066605,7.225533,7.172585,7.013577,7.154926,7.207882,7.225533,7.225533,7.225533,7.190231,7.207882,7.243172,7.260815,7.331345,7.401833,7.366592,7.419441,7.366592,7.313717,7.313717,7.542656,7.718422,7.525059,7.437057,7.401833,7.401833,7.507469,7.771088,7.630577,7.700855,7.771088,7.823730,7.928940,7.858810,7.700855,7.313717,6.268349,5.786484,5.732807,5.714912,5.625381,5.822250,5.911625,6.730297,7.507469,7.313717,7.278450,7.190231,7.207882,6.995895,6.960518,6.942829,7.048931,7.154926,7.207882,7.260815,7.401833,7.366592,7.489868,7.612995,7.665718,7.893879,7.981499,8.051544,8.139027,8.121536,8.156513,8.191483,8.191483,8.208961,8.296310,8.313774,8.401035,8.470791,8.505650,8.575333,8.557915,8.575333,8.610161,8.575333,8.662369,8.697163,8.749332,8.801476,8.749332,8.766716,8.801476,8.784096,8.888317,8.905678,9.027115,8.940388,8.853588,8.836220,8.888317,9.009773,8.992432,9.200333,9.061775,8.992432,9.009773,8.905678,8.992432,9.061775,9.044441,9.027115,9.165710,9.148392,9.165710,9.217640,9.183022,9.234943,9.234943,9.217640,9.131081,9.217640,9.338692,9.286831,9.252239,9.373260,9.321407,9.373260,9.494129,9.476868,9.338692,9.096436,8.156513,6.889732,6.268349,6.072296,6.090134,6.143627,6.072296,6.410706,7.243172,8.016525,8.051544,7.858810,7.753536,7.489868,7.296085,7.190231,7.207882,7.243172,7.366592,7.348972,7.331345,7.472267,7.595413,7.700855,7.735977,7.841270,7.893879,7.963982,8.016525,8.121536,8.191483,8.261383,8.331230,8.366138,8.435913,8.470791,8.575333,8.540497,8.662369,8.627563,8.766716,8.870953,8.818848,8.957737,8.905678,8.905678,8.940388,8.957737,9.027115,9.044441,9.044441,9.200333,9.165710,9.234943,9.321407,9.252239,9.390537,9.390537,9.425079,9.580376,9.545887,9.666546,9.735428,9.873051,9.976139,9.993317,10.061974,10.096279,10.164867,9.632080,8.557915,7.999016,8.016525,8.174004,8.557915,8.801476,9.061775,9.304119,10.319000,11.340439,12.317612,12.099461,11.594112,11.137009,10.575371,10.010487,9.821461,9.632080,9.528633,9.286831,9.148392,9.148392,8.975086,8.853588,8.975086,9.009773,9.131081,9.079109,8.923035,8.784096,8.627563,8.540497,8.610161,8.592743,8.627563,8.523075,8.418476,8.418476,8.366138,8.348686,8.278851,8.488220,8.348686,8.313774,8.331230,
6.783474,6.072296,5.374290,4.816223,4.581333,4.400314,4.218987,4.182686,4.073711,3.946442,4.037365,4.091881,4.218987,4.200836,4.073711,4.128212,4.073711,4.037365,3.873646,4.055538,4.146374,4.200836,4.164528,4.309685,4.291550,4.364071,4.364071,4.273415,4.309685,4.436539,4.472755,4.454651,4.382195,4.364071,4.436539,4.418427,4.454651,4.490860,4.382195,4.364071,4.545155,4.345943,4.255280,4.073711,4.055538,4.164528,4.327812,4.309685,4.309685,4.472755,4.527058,4.364071,4.273415,4.237133,4.237133,4.490860,4.689812,4.725941,4.798172,5.014572,4.906425,4.816223,4.870358,4.780113,4.364071,4.888393,5.284477,5.284477,5.356339,5.517838,5.858009,6.428486,7.771088,7.665718,7.101940,6.588379,6.303955,6.250534,6.286148,6.303955,6.552864,7.542656,8.174004,7.489868,6.268349,5.320412,4.689812,4.345943,4.110050,4.073711,4.218987,4.273415,4.382195,4.345943,4.200836,4.218987,4.128212,4.091881,4.091881,4.164528,4.200836,4.255280,4.200836,4.110050,4.164528,4.128212,4.309685,4.527058,4.816223,4.942490,4.816223,4.780113,4.635590,4.689812,4.635590,4.545155,4.418427,4.563248,4.689812,4.780113,4.816223,4.942490,4.888393,4.834267,4.888393,4.942490,4.960514,5.068611,5.032589,5.230549,5.212570,5.392242,5.410194,5.625381,5.804367,5.947346,6.072296,6.428486,6.978207,7.823730,8.592743,8.940388,8.975086,9.252239,10.010487,11.357365,12.501804,12.919083,12.802441,12.485077,12.233765,11.981785,11.594112,11.255722,10.728870,10.728870,11.306557,11.272675,10.728870,10.027649,9.718216,9.511379,9.459610,9.407806,9.338692,9.304119,9.286831,9.183022,9.234943,9.511379,9.321407,9.183022,9.061775,9.009773,8.940388,8.940388,9.061775,9.044441,9.009773,9.027115,9.113758,9.131081,9.079109,9.200333,9.217640,9.252239,9.286831,9.269539,9.200333,9.113758,9.200333,9.217640,9.286831,9.200333,9.234943,9.494129,9.683773,9.511379,9.217640,9.183022,9.079109,9.061775,9.096436,9.096436,9.027115,9.148392,9.165710,9.390537,9.373260,9.131081,9.183022,9.148392,8.992432,8.957737,9.044441,9.044441,9.113758,9.113758,9.148392,9.079109,8.923035,9.027115,8.975086,8.992432,8.940388,8.940388,8.975086,8.905678,9.061775,9.027115,9.079109,8.957737,8.957737,9.217640,9.580376,9.632080,9.321407,9.131081,9.148392,9.131081,9.252239,9.252239,9.269539,9.304119,9.390537,9.494129,9.234943,9.355976,9.563126,9.580376,9.632080,9.752644,9.890244,9.907425,9.769852,9.407806,9.286831,9.425079,9.614849,9.183022,9.096436,9.252239,9.338692,9.304119,9.183022,9.217640,9.183022,9.131081,9.079109,9.096436,9.131081,9.061775,9.027115,8.957737,9.027115,8.818848,8.836220,8.940388,9.338692,9.614849,9.373260,9.217640,9.217640,9.217640,9.165710,9.338692,9.355976,9.355976,9.407806,9.200333,9.165710,9.476868,9.958965,9.873051,9.769852,9.666546,9.735428,9.873051,9.976139,9.873051,9.993317,10.096279,10.130581,10.284771,10.267654,10.199139,10.079128,9.976139,9.804260,9.649315,9.563126,9.855862,10.336117,10.336117,9.666546,9.545887,9.597610,9.614849,9.580376,9.563126,9.459610,9.321407,9.321407,9.355976,9.338692,9.459610,9.632080,9.304119,9.061775,9.009773,9.131081,9.131081,9.131081,9.148392,9.131081,9.061775,9.079109,9.131081,9.252239,9.165710,9.044441,8.957737,8.940388,8.888317,8.923035,8.888317,8.818848,8.784096,8.714558,8.540497,8.505650,8.784096,8.905678,8.784096,8.348686,8.069046,7.946465,7.981499,7.858810,7.893879,7.753536,7.683289,7.612995,7.419441,7.243172,7.154926,6.712570,6.410706,6.286148,6.250534,6.197094,6.161457,6.214916,6.464035,7.260815,7.401833,7.472267,7.577831,7.542656,7.542656,7.560242,7.577831,7.454662,7.472267,7.384212,7.366592,7.243172,7.190231,7.137272,7.172585,7.154926,7.048931,7.154926,7.154926,7.119606,7.101940,7.119606,7.031254,7.013577,6.978207,7.190231,7.084278,7.101940,7.137272,7.031254,7.207882,7.260815,7.172585,7.296085,7.154926,7.243172,7.243172,7.260815,7.278450,7.278450,7.366592,7.331345,7.384212,7.348972,7.648148,7.788635,7.489868,7.366592,7.331345,7.401833,7.525059,7.665718,7.648148,7.577831,7.577831,7.700855,7.753536,7.718422,7.823730,7.031254,6.090134,5.840134,5.714912,5.679108,5.643291,5.732807,6.018761,6.889732,7.331345,7.260815,7.243172,7.119606,6.960518,6.818905,6.801193,6.925133,7.154926,7.260815,7.260815,7.190231,7.384212,7.419441,7.454662,7.507469,7.735977,7.823730,7.876347,7.999016,8.051544,8.121536,8.104042,8.121536,8.191483,8.191483,8.313774,8.418476,8.401035,8.488220,8.557915,8.418476,8.523075,8.557915,8.662369,8.523075,8.644970,8.801476,8.766716,8.697163,8.766716,8.818848,8.801476,8.853588,8.940388,8.888317,8.975086,8.888317,8.870953,8.870953,8.801476,8.870953,8.923035,8.940388,9.044441,8.992432,8.992432,9.044441,9.027115,9.148392,9.044441,8.992432,9.044441,9.096436,9.200333,9.079109,9.131081,9.113758,9.200333,9.131081,9.165710,9.148392,9.252239,9.252239,9.269539,9.338692,9.321407,9.355976,9.494129,9.511379,9.459610,8.992432,7.771088,6.765751,6.197094,6.107971,6.107971,6.090134,6.214916,6.783474,7.595413,8.034035,7.981499,7.771088,7.560242,7.313717,7.243172,7.225533,7.190231,7.190231,7.225533,7.278450,7.296085,7.489868,7.665718,7.700855,7.858810,7.841270,7.946465,7.963982,8.051544,8.139027,8.174004,8.156513,8.226437,8.348686,8.383591,8.470791,8.488220,8.470791,8.540497,8.679768,8.714558,8.766716,8.784096,8.836220,8.905678,8.940388,8.905678,9.009773,9.061775,9.079109,9.165710,9.252239,9.200333,9.321407,9.355976,9.338692,9.476868,9.407806,9.425079,9.580376,9.614849,9.752644,9.838661,9.941792,9.958965,9.993317,10.079128,10.301891,10.079128,9.096436,8.139027,8.016525,7.963982,8.261383,8.505650,8.940388,9.252239,9.855862,11.035133,12.032238,12.384636,12.116257,11.577221,11.204865,10.541225,10.336117,10.096279,9.752644,9.528633,9.373260,9.234943,9.183022,9.079109,8.957737,9.009773,9.131081,9.113758,9.044441,8.731949,8.627563,8.453358,8.331230,8.435913,8.366138,8.261383,8.261383,8.261383,8.191483,8.208961,8.208961,8.139027,8.261383,8.156513,8.104042,8.086544,
7.190231,6.765751,5.875885,5.122616,4.689812,4.400314,4.218987,4.164528,4.055538,4.055538,4.091881,4.037365,4.200836,4.182686,4.128212,4.037365,4.073711,4.128212,4.146374,4.218987,4.255280,4.382195,4.454651,4.364071,4.436539,4.400314,4.436539,4.382195,4.418427,4.382195,4.436539,4.345943,4.472755,4.472755,4.508957,4.581333,4.508957,4.454651,4.490860,4.418427,4.418427,4.454651,4.273415,4.164528,4.091881,4.218987,4.273415,4.327812,4.454651,4.527058,4.563248,4.291550,4.418427,4.164528,4.237133,4.345943,4.418427,4.400314,4.743999,4.671738,4.689812,4.581333,4.545155,4.545155,4.490860,5.068611,5.122616,5.104614,5.320412,5.464031,5.643291,6.339550,7.225533,7.348972,7.207882,6.694839,6.286148,6.214916,6.179276,6.161457,6.286148,7.048931,8.034035,7.876347,6.765751,5.697014,4.978535,4.527058,4.327812,4.273415,4.218987,4.164528,4.255280,4.237133,4.218987,4.073711,4.019184,4.128212,4.237133,4.237133,4.218987,4.255280,4.164528,4.110050,4.218987,4.436539,4.762062,4.617508,4.743999,4.617508,4.762062,4.743999,4.762062,4.725941,4.472755,4.400314,4.527058,4.563248,4.798172,4.780113,4.888393,5.068611,4.978535,4.888393,4.852314,4.888393,4.978535,5.086613,5.068611,5.194580,5.338371,5.338371,5.428139,5.446091,5.607468,5.822250,6.090134,6.392914,6.960518,7.489868,8.453358,8.957737,9.009773,9.183022,9.425079,10.728870,12.317612,12.785763,12.635536,12.602119,12.418129,12.049046,11.880806,11.509636,11.001148,11.035133,11.391228,11.408150,10.865101,10.233398,9.873051,9.752644,9.614849,9.476868,9.373260,9.390537,9.286831,9.183022,9.165710,9.286831,9.183022,9.044441,9.044441,9.027115,9.027115,9.061775,9.148392,9.113758,9.079109,9.061775,9.079109,9.148392,9.252239,9.459610,9.425079,9.304119,9.165710,9.200333,9.113758,9.131081,9.113758,9.200333,9.200333,9.096436,9.234943,9.476868,9.752644,9.407806,9.113758,9.044441,8.992432,9.096436,9.027115,9.027115,8.975086,9.148392,9.200333,9.286831,9.165710,9.200333,9.252239,9.269539,9.079109,9.079109,9.131081,9.183022,9.304119,9.425079,9.269539,9.165710,9.079109,9.096436,9.286831,9.390537,9.148392,9.079109,8.923035,9.009773,9.044441,8.940388,8.905678,8.940388,9.009773,9.200333,9.338692,9.355976,9.079109,8.801476,8.818848,8.714558,8.766716,8.766716,8.697163,8.749332,8.749332,8.784096,8.766716,8.923035,9.113758,9.234943,9.286831,9.338692,9.425079,9.580376,9.511379,9.373260,9.459610,9.511379,9.511379,9.252239,9.217640,9.494129,9.666546,9.614849,9.407806,9.355976,9.338692,9.459610,9.425079,9.545887,9.476868,9.718216,9.666546,9.563126,9.528633,9.580376,9.580376,9.580376,9.958965,9.890244,9.700993,9.597610,9.666546,9.614849,9.563126,9.373260,9.407806,9.632080,9.632080,9.666546,9.614849,9.890244,10.421631,10.147728,9.890244,9.907425,9.855862,9.907425,10.164867,10.164867,10.233398,10.182007,10.319000,10.507072,10.507072,10.489990,10.404537,10.370338,10.233398,10.164867,10.113426,10.421631,10.472908,10.370338,9.752644,9.511379,9.545887,9.597610,9.666546,9.632080,9.563126,9.442345,9.321407,9.286831,9.269539,9.304119,9.269539,9.113758,9.061775,9.027115,9.131081,9.148392,9.200333,9.200333,9.165710,9.079109,9.165710,9.269539,9.597610,9.683773,9.459610,9.183022,9.131081,9.113758,9.079109,9.044441,9.079109,9.044441,8.923035,8.731949,8.766716,8.923035,9.044441,8.957737,8.383591,8.139027,7.963982,7.858810,7.893879,7.858810,7.735977,7.648148,7.577831,7.401833,7.296085,7.084278,6.641617,6.375134,6.197094,6.197094,6.107971,6.214916,6.161457,6.428486,6.960518,7.260815,7.348972,7.419441,7.560242,7.437057,7.366592,7.278450,7.260815,7.331345,7.278450,7.313717,7.243172,7.084278,7.101940,7.066605,7.084278,6.995895,6.942829,6.995895,6.942829,7.084278,6.960518,7.013577,7.031254,7.048931,7.084278,7.066605,6.942829,6.889732,6.872036,6.978207,7.119606,7.137272,7.137272,7.119606,7.172585,7.119606,7.190231,7.172585,7.190231,7.243172,7.296085,7.313717,7.207882,7.313717,7.401833,7.348972,7.278450,7.384212,7.348972,7.525059,7.472267,7.489868,7.507469,7.612995,7.542656,7.718422,7.683289,7.665718,6.748028,5.911625,5.714912,5.679108,5.661201,5.750706,5.750706,6.107971,7.119606,7.331345,7.137272,7.031254,6.978207,6.960518,6.854328,6.836617,6.872036,7.225533,7.454662,7.278450,7.348972,7.260815,7.313717,7.419441,7.489868,7.648148,7.823730,7.946465,8.086544,8.051544,8.086544,8.069046,8.016525,8.156513,8.139027,8.156513,8.278851,8.401035,8.278851,8.383591,8.401035,8.523075,8.575333,8.575333,8.523075,8.610161,8.836220,8.818848,8.662369,8.731949,8.836220,8.888317,8.836220,8.818848,8.801476,8.784096,8.836220,8.784096,8.853588,8.836220,8.801476,8.940388,8.905678,8.975086,9.009773,8.957737,9.044441,9.027115,9.096436,9.096436,9.113758,8.975086,9.027115,9.027115,9.044441,9.096436,9.061775,9.148392,9.113758,9.079109,9.165710,9.183022,9.252239,9.200333,9.234943,9.321407,9.459610,9.338692,9.373260,9.217640,8.627563,7.331345,6.535103,6.143627,6.107971,6.214916,6.107971,6.286148,6.960518,7.893879,8.051544,7.876347,7.683289,7.437057,7.348972,7.243172,7.207882,7.207882,7.207882,7.313717,7.207882,7.331345,7.489868,7.525059,7.630577,7.735977,7.858810,8.051544,7.963982,7.963982,8.051544,8.121536,8.156513,8.418476,8.401035,8.383591,8.435913,8.418476,8.488220,8.557915,8.679768,8.731949,8.731949,8.766716,8.818848,8.801476,8.888317,8.992432,8.957737,9.027115,9.061775,9.165710,9.131081,9.217640,9.304119,9.407806,9.321407,9.407806,9.528633,9.476868,9.528633,9.545887,9.735428,9.752644,9.855862,10.061974,10.130581,10.113426,10.182007,9.614849,8.592743,8.034035,7.823730,8.034035,8.435913,8.801476,9.061775,9.425079,10.558300,11.611008,12.568703,12.501804,12.065849,11.374298,10.626560,10.113426,9.804260,9.649315,9.563126,9.373260,9.252239,9.252239,9.113758,9.061775,8.888317,8.923035,8.957737,8.853588,8.749332,8.627563,8.488220,8.575333,8.418476,8.348686,8.366138,8.243912,8.139027,8.191483,8.156513,8.366138,8.296310,8.208961,8.104042,8.121536,8.174004,8.086544,
7.278450,7.066605,6.250534,5.481972,4.852314,4.490860,4.218987,4.055538,4.001003,4.055538,4.037365,4.091881,4.182686,4.164528,4.146374,4.128212,4.200836,4.218987,4.237133,4.327812,4.400314,4.327812,4.545155,4.563248,4.599422,4.581333,4.671738,4.707874,4.472755,4.508957,4.436539,4.418427,4.418427,4.563248,4.617508,4.635590,4.545155,4.490860,4.418427,4.345943,4.472755,4.454651,4.200836,4.273415,4.200836,4.182686,4.345943,4.327812,4.382195,4.436539,4.400314,4.472755,4.345943,4.327812,4.309685,4.237133,4.327812,4.472755,4.545155,4.418427,4.508957,4.364071,4.291550,4.273415,4.599422,4.978535,4.996559,5.212570,5.481972,5.643291,5.875885,6.410706,6.783474,6.801193,7.048931,7.013577,6.428486,6.179276,6.197094,6.072296,6.090134,6.570625,7.630577,8.104042,7.507469,6.303955,5.266499,4.852314,4.671738,4.490860,4.110050,4.073711,4.273415,4.309685,4.146374,4.019184,3.928246,4.164528,4.309685,4.128212,4.200836,4.273415,4.146374,4.182686,4.327812,4.545155,4.689812,4.508957,4.599422,4.617508,4.707874,4.707874,4.653660,4.563248,4.508957,4.418427,4.508957,4.581333,4.743999,4.816223,4.906425,5.032589,4.942490,4.906425,4.996559,4.870358,4.978535,5.104614,5.104614,5.302444,5.464031,5.392242,5.320412,5.499908,5.589546,5.786484,6.072296,6.339550,6.730297,7.243172,8.226437,8.888317,9.096436,9.079109,9.304119,10.182007,11.611008,12.485077,12.685638,12.602119,12.317612,12.166641,12.082661,11.729134,11.408150,11.035133,11.018150,11.035133,10.916145,10.353233,10.113426,9.787056,9.649315,9.476868,9.407806,9.355976,9.321407,9.217640,9.165710,9.148392,9.269539,9.113758,9.165710,9.096436,9.148392,9.165710,9.217640,9.113758,9.148392,9.165710,9.200333,9.165710,9.459610,9.649315,9.528633,9.234943,9.079109,9.165710,9.096436,9.165710,9.200333,9.252239,9.165710,9.165710,9.165710,9.286831,9.511379,9.338692,9.217640,9.096436,9.096436,9.131081,9.148392,9.148392,9.200333,9.148392,9.165710,9.183022,9.252239,9.286831,9.338692,9.131081,9.200333,9.096436,9.113758,9.165710,9.183022,9.234943,9.234943,9.165710,9.096436,9.234943,9.338692,9.683773,9.407806,8.853588,8.679768,8.731949,8.679768,8.644970,8.644970,8.575333,8.714558,8.749332,8.870953,8.888317,8.888317,8.801476,8.940388,8.905678,8.784096,8.679768,8.627563,8.540497,8.697163,8.644970,8.557915,8.749332,8.957737,9.061775,8.940388,8.992432,8.818848,8.957737,8.836220,8.697163,8.784096,8.888317,8.801476,8.453358,8.557915,9.321407,9.459610,9.027115,8.836220,8.749332,8.923035,8.975086,8.975086,9.079109,9.183022,9.355976,9.459610,9.580376,9.545887,9.580376,9.580376,9.580376,9.563126,9.787056,9.752644,9.821461,9.769852,9.907425,9.907425,9.494129,9.666546,10.010487,10.147728,9.907425,10.130581,10.250530,10.438725,10.438725,10.216270,10.130581,10.079128,10.079128,10.113426,9.907425,10.044807,10.027649,10.216270,10.267654,10.284771,10.267654,10.182007,10.199139,10.216270,10.113426,10.096279,10.216270,10.113426,10.096279,10.010487,9.787056,9.752644,9.941792,10.199139,10.061974,9.735428,9.597610,9.494129,9.459610,9.321407,9.321407,9.200333,9.165710,9.165710,9.079109,9.079109,9.286831,9.234943,9.183022,9.217640,9.113758,9.165710,9.304119,9.752644,9.873051,9.373260,9.096436,8.940388,8.940388,8.975086,8.992432,9.009773,8.905678,8.870953,8.749332,8.697163,8.644970,8.731949,8.505650,8.348686,8.243912,8.174004,8.069046,7.999016,7.928940,7.841270,7.718422,7.612995,7.507469,7.401833,7.154926,6.606125,6.339550,6.232731,6.161457,6.090134,6.214916,6.197094,6.428486,6.978207,7.101940,7.172585,7.243172,7.401833,7.296085,7.190231,7.084278,7.137272,7.101940,7.084278,6.995895,6.978207,6.978207,6.907440,6.872036,6.748028,6.942829,6.783474,6.889732,6.801193,6.818905,6.836617,6.889732,6.872036,6.907440,6.854328,6.854328,6.854328,6.818905,6.872036,6.872036,6.925133,6.854328,6.907440,6.942829,7.013577,7.013577,6.907440,6.978207,7.066605,7.031254,7.119606,7.154926,7.243172,7.243172,7.313717,7.190231,7.313717,7.260815,7.260815,7.313717,7.260815,7.366592,7.384212,7.419441,7.560242,7.577831,7.718422,7.472267,6.641617,5.840134,5.697014,5.714912,5.607468,5.714912,5.768597,6.232731,7.243172,7.119606,6.960518,6.995895,7.084278,7.084278,6.836617,6.818905,6.889732,7.084278,7.489868,7.278450,7.154926,7.225533,7.278450,7.331345,7.525059,7.577831,7.753536,7.946465,7.999016,7.981499,7.963982,7.946465,7.981499,8.034035,8.086544,8.174004,8.174004,8.243912,8.331230,8.261383,8.331230,8.418476,8.383591,8.575333,8.575333,8.505650,8.697163,8.627563,8.644970,8.557915,8.888317,8.801476,8.749332,8.749332,8.731949,8.905678,8.818848,8.801476,8.888317,8.870953,8.836220,8.818848,8.818848,8.801476,8.923035,9.304119,9.027115,8.957737,9.183022,9.131081,8.975086,8.923035,8.888317,8.940388,8.992432,8.992432,8.992432,9.009773,8.975086,9.044441,9.044441,9.217640,9.200333,9.234943,9.200333,9.269539,9.321407,9.355976,9.321407,9.027115,8.069046,7.013577,6.410706,6.214916,6.161457,6.197094,6.339550,6.535103,7.384212,7.999016,7.911411,7.788635,7.577831,7.278450,7.207882,7.137272,7.243172,7.154926,7.260815,7.260815,7.278450,7.366592,7.489868,7.525059,7.560242,7.595413,7.753536,7.771088,7.928940,8.016525,8.034035,8.208961,8.313774,8.243912,8.296310,8.383591,8.383591,8.348686,8.523075,8.557915,8.679768,8.627563,8.731949,8.714558,8.801476,8.888317,8.905678,8.992432,8.975086,8.992432,9.113758,9.079109,9.165710,9.252239,9.252239,9.390537,9.355976,9.442345,9.355976,9.511379,9.597610,9.683773,9.666546,9.752644,9.821461,9.907425,10.079128,10.164867,9.907425,8.957737,8.121536,7.911411,8.016525,8.208961,8.697163,8.957737,9.252239,9.752644,11.204865,12.267311,12.551975,12.551975,12.133057,11.340439,10.865101,10.507072,10.182007,10.130581,9.855862,9.787056,9.614849,9.528633,9.390537,9.321407,9.165710,9.131081,8.905678,9.027115,8.818848,8.644970,8.610161,8.488220,8.366138,8.313774,8.261383,8.208961,8.139027,8.174004,8.331230,8.592743,8.453358,8.208961,8.191483,8.121536,8.174004,8.104042,
7.066605,7.366592,6.677101,5.929482,5.176598,4.689812,4.400314,4.073711,3.946442,4.146374,4.128212,4.146374,4.273415,4.200836,4.091881,4.110050,4.255280,4.200836,4.327812,4.436539,4.508957,4.508957,4.563248,4.743999,4.798172,4.942490,5.122616,4.780113,4.472755,4.581333,4.490860,4.490860,4.418427,4.472755,4.653660,4.653660,4.599422,4.527058,4.418427,4.400314,4.436539,4.490860,4.418427,4.436539,4.490860,4.364071,4.327812,4.382195,4.436539,4.400314,4.400314,4.490860,4.472755,4.291550,4.291550,4.255280,4.345943,4.563248,4.527058,4.545155,4.545155,4.291550,4.073711,4.200836,4.527058,4.780113,4.888393,5.032589,5.446091,5.553699,5.625381,6.054455,6.232731,6.214916,6.836617,6.960518,6.570625,6.161457,6.107971,6.090134,6.179276,6.339550,7.048931,7.963982,7.911411,6.960518,5.911625,5.194580,5.050598,4.545155,4.146374,4.001003,4.237133,4.327812,4.182686,3.982819,4.019184,4.309685,4.309685,4.200836,4.146374,4.273415,4.345943,4.291550,4.273415,4.400314,4.490860,4.490860,4.508957,4.508957,4.617508,4.725941,4.599422,4.545155,4.436539,4.581333,4.527058,4.653660,4.762062,4.888393,4.924461,4.888393,4.960514,4.888393,4.834267,4.960514,5.050598,5.032589,5.104614,5.194580,5.607468,5.410194,5.410194,5.464031,5.535770,5.697014,5.965206,6.143627,6.623875,7.154926,7.806187,8.610161,9.113758,9.079109,9.131081,9.563126,11.035133,12.149849,12.685638,12.618832,12.284077,11.998611,11.796577,11.475815,11.120033,10.779976,10.541225,10.404537,10.267654,10.096279,9.958965,9.735428,9.580376,9.373260,9.200333,9.217640,9.183022,9.113758,9.079109,9.200333,9.269539,9.442345,9.217640,9.079109,9.096436,9.217640,9.200333,9.165710,9.148392,9.217640,9.183022,9.269539,9.476868,9.545887,9.511379,9.165710,9.148392,9.096436,9.079109,9.148392,9.113758,9.096436,9.113758,9.079109,9.113758,9.183022,9.355976,9.217640,9.183022,9.131081,9.217640,9.304119,9.183022,9.304119,9.321407,9.321407,9.321407,9.338692,9.528633,9.700993,9.545887,9.321407,9.304119,9.373260,9.407806,9.269539,9.286831,9.407806,9.390537,9.234943,9.252239,9.286831,9.649315,9.649315,9.165710,8.662369,8.557915,8.575333,8.627563,8.714558,8.697163,8.627563,8.627563,8.610161,8.714558,8.749332,8.662369,8.679768,8.818848,8.784096,8.714558,8.662369,8.540497,8.557915,8.592743,8.592743,8.627563,8.766716,9.338692,9.355976,9.113758,8.888317,8.766716,8.818848,8.714558,8.592743,8.644970,8.610161,8.540497,8.366138,8.557915,9.096436,9.165710,8.749332,8.592743,8.731949,8.836220,8.940388,8.870953,8.992432,8.940388,9.027115,9.079109,9.061775,9.425079,9.252239,9.148392,9.148392,9.183022,9.079109,9.148392,9.131081,9.165710,9.304119,9.269539,9.183022,9.131081,10.164867,10.284771,9.890244,9.597610,9.563126,9.700993,9.752644,10.010487,10.044807,10.096279,10.267654,10.199139,10.182007,10.182007,10.233398,10.336117,10.370338,10.301891,10.353233,10.353233,10.216270,10.284771,10.267654,10.267654,10.182007,10.199139,10.267654,10.216270,10.027649,10.010487,10.370338,10.592438,10.010487,9.838661,9.735428,9.614849,9.563126,9.597610,9.563126,9.494129,9.459610,9.459610,9.373260,9.528633,9.890244,9.804260,9.563126,9.425079,9.355976,9.286831,9.321407,9.649315,9.632080,9.425079,8.992432,8.940388,8.888317,8.957737,8.923035,8.836220,8.714558,8.627563,8.505650,8.435913,8.418476,8.366138,8.226437,8.208961,8.086544,8.086544,7.999016,8.034035,7.946465,7.858810,7.823730,7.700855,7.630577,7.489868,7.101940,6.641617,6.357342,6.179276,6.161457,6.090134,6.303955,6.054455,6.339550,6.907440,7.013577,6.995895,7.137272,7.260815,7.225533,7.101940,6.978207,6.942829,6.978207,6.960518,6.801193,6.783474,6.801193,6.748028,6.783474,6.641617,6.677101,6.659363,6.606125,6.570625,6.588379,6.641617,6.623875,6.641617,6.677101,6.712570,6.801193,6.694839,6.748028,6.641617,6.694839,6.783474,6.765751,6.659363,6.801193,6.854328,6.854328,6.765751,6.889732,6.925133,6.872036,6.925133,7.048931,7.190231,7.207882,7.137272,7.066605,7.225533,7.119606,7.048931,7.048931,7.207882,7.172585,7.296085,7.384212,7.437057,7.401833,7.560242,7.278450,6.357342,5.661201,5.571625,5.625381,5.607468,5.589546,5.768597,6.392914,7.190231,7.243172,7.031254,6.889732,6.872036,6.836617,6.801193,6.765751,6.836617,7.013577,7.331345,7.119606,7.137272,7.101940,7.243172,7.401833,7.401833,7.595413,7.735977,7.788635,7.928940,7.876347,7.876347,7.928940,7.946465,7.876347,7.911411,8.069046,8.121536,8.104042,8.226437,8.313774,8.296310,8.278851,8.226437,8.435913,8.383591,8.418476,8.505650,8.488220,8.540497,8.505650,8.610161,8.627563,8.592743,8.644970,8.697163,8.766716,8.905678,8.836220,8.853588,8.731949,8.679768,8.731949,8.679768,8.749332,8.888317,8.957737,8.888317,8.870953,9.234943,9.096436,8.923035,8.818848,8.731949,8.853588,8.905678,8.957737,8.992432,8.818848,9.009773,8.992432,9.061775,9.009773,9.061775,9.165710,9.131081,9.269539,9.269539,9.304119,9.165710,8.749332,7.525059,6.801193,6.286148,6.303955,6.143627,6.250534,6.250534,6.818905,7.595413,7.911411,7.753536,7.577831,7.437057,7.313717,7.137272,7.207882,7.172585,7.260815,7.225533,7.278450,7.278450,7.419441,7.472267,7.489868,7.612995,7.718422,7.788635,7.806187,7.946465,7.999016,8.086544,8.139027,8.226437,8.261383,8.348686,8.383591,8.348686,8.296310,8.488220,8.575333,8.488220,8.592743,8.662369,8.731949,8.749332,8.836220,8.801476,8.888317,8.923035,8.957737,8.992432,9.061775,9.061775,9.252239,9.200333,9.304119,9.321407,9.407806,9.304119,9.528633,9.563126,9.804260,9.873051,9.787056,9.890244,10.044807,10.061974,10.147728,9.528633,8.557915,7.946465,7.876347,8.104042,8.505650,8.940388,9.027115,9.338692,10.541225,11.745995,12.652241,12.685638,12.451607,11.880806,11.187904,10.762939,10.524147,10.353233,10.216270,10.164867,10.096279,9.855862,9.752644,9.683773,9.597610,9.494129,9.442345,9.355976,9.217640,9.009773,8.940388,8.905678,8.818848,8.697163,8.627563,8.540497,8.435913,8.401035,8.453358,8.488220,8.697163,8.488220,8.278851,8.174004,8.139027,8.156513,8.174004,
6.854328,7.225533,7.154926,6.570625,5.589546,5.014572,4.490860,4.218987,4.110050,4.128212,4.091881,4.146374,4.273415,4.255280,4.055538,4.001003,4.146374,4.182686,4.327812,4.545155,4.527058,4.454651,4.653660,4.798172,4.924461,5.122616,5.122616,4.942490,4.707874,4.725941,4.870358,4.671738,4.454651,4.454651,4.490860,4.527058,4.490860,4.418427,4.309685,4.436539,4.454651,4.508957,4.545155,4.545155,4.599422,4.382195,4.382195,4.472755,4.545155,4.400314,4.309685,4.364071,4.418427,4.255280,4.218987,4.291550,4.418427,4.508957,4.527058,4.599422,4.472755,4.037365,3.964630,4.037365,4.309685,4.418427,4.527058,4.960514,5.068611,5.302444,5.571625,5.732807,5.840134,5.786484,6.179276,6.712570,6.783474,6.392914,6.143627,6.090134,6.125797,6.232731,6.588379,7.683289,8.208961,7.595413,6.570625,5.750706,5.338371,4.707874,4.182686,4.037365,4.364071,4.309685,4.218987,4.091881,4.091881,4.200836,4.146374,4.237133,4.237133,4.273415,4.400314,4.218987,4.091881,4.146374,4.454651,4.527058,4.599422,4.527058,4.581333,4.599422,4.635590,4.382195,4.436539,4.490860,4.545155,4.617508,4.780113,4.743999,4.834267,4.888393,4.834267,4.852314,4.834267,5.014572,5.122616,5.068611,5.086613,5.104614,5.284477,5.284477,5.392242,5.499908,5.679108,5.893753,5.983063,6.090134,6.446259,6.978207,7.401833,8.401035,8.957737,9.183022,9.113758,9.580376,10.882126,12.300850,13.002323,12.869114,12.568703,12.267311,11.931309,11.509636,11.221825,10.745911,10.575371,10.507072,10.541225,10.147728,9.735428,9.355976,9.304119,9.183022,9.217640,9.131081,9.044441,8.870953,8.731949,8.923035,9.200333,9.200333,8.731949,8.697163,8.714558,8.784096,8.766716,8.853588,8.870953,8.923035,8.940388,8.923035,8.992432,9.234943,9.234943,9.217640,9.234943,9.113758,8.975086,9.027115,8.888317,8.975086,9.113758,9.131081,9.200333,9.286831,9.321407,9.338692,9.234943,9.165710,9.252239,9.269539,9.286831,9.390537,9.476868,9.459610,9.373260,9.580376,9.769852,9.907425,9.632080,9.476868,9.528633,9.459610,9.442345,9.476868,9.425079,9.511379,9.425079,9.304119,9.407806,9.390537,9.632080,9.580376,9.321407,9.183022,9.148392,9.113758,9.061775,9.148392,9.027115,8.905678,8.801476,8.853588,9.148392,8.957737,8.801476,8.662369,8.592743,8.557915,8.470791,8.523075,8.523075,8.540497,8.470791,8.488220,8.575333,8.679768,9.425079,9.459610,9.183022,8.731949,8.731949,8.697163,8.610161,8.644970,8.714558,8.679768,8.627563,8.662369,8.697163,8.940388,8.905678,8.592743,8.662369,8.731949,8.870953,8.992432,9.027115,9.027115,9.009773,9.009773,9.079109,9.044441,9.580376,9.528633,9.269539,9.044441,9.061775,9.079109,9.027115,9.009773,9.044441,9.061775,8.940388,8.940388,9.027115,10.061974,10.027649,9.304119,9.009773,9.113758,9.148392,9.148392,9.304119,9.355976,9.511379,9.614849,9.563126,9.563126,9.769852,9.838661,9.873051,10.096279,10.079128,10.130581,10.370338,10.284771,10.216270,10.319000,10.284771,10.216270,10.404537,10.575371,10.575371,10.233398,10.284771,10.455822,10.558300,10.336117,10.284771,9.976139,9.890244,9.958965,9.804260,9.907425,9.941792,10.044807,10.027649,9.873051,10.130581,10.387436,10.301891,9.804260,9.425079,9.269539,9.183022,9.217640,9.494129,9.338692,9.425079,9.321407,9.252239,9.079109,9.044441,8.975086,8.975086,8.888317,8.853588,8.644970,8.610161,8.662369,8.627563,8.401035,8.156513,8.191483,8.139027,8.174004,8.086544,8.034035,7.893879,7.946465,7.823730,7.683289,7.419441,7.066605,6.535103,6.339550,6.286148,6.250534,6.214916,6.143627,6.179276,6.410706,6.978207,7.031254,7.084278,7.137272,7.172585,7.172585,7.031254,6.960518,6.960518,6.995895,6.907440,6.783474,6.641617,6.730297,6.570625,6.481804,6.499577,6.535103,6.428486,6.375134,6.410706,6.339550,6.357342,6.517342,6.375134,6.517342,6.641617,6.623875,6.552864,6.499577,6.357342,6.410706,6.517342,6.535103,6.410706,6.517342,6.659363,6.748028,6.641617,6.623875,6.677101,6.818905,6.801193,6.854328,6.783474,6.907440,6.889732,6.907440,7.031254,6.942829,6.942829,6.978207,6.960518,7.084278,7.278450,7.278450,7.366592,7.348972,7.384212,7.137272,6.090134,5.732807,5.607468,5.607468,5.517838,5.553699,5.858009,6.570625,7.101940,7.066605,6.960518,6.748028,6.730297,6.765751,6.641617,6.659363,6.818905,6.836617,6.995895,7.101940,7.172585,7.225533,7.296085,7.348972,7.437057,7.525059,7.595413,7.928940,7.841270,7.806187,7.876347,7.911411,7.928940,7.893879,7.841270,7.963982,8.069046,8.174004,8.086544,8.086544,8.086544,8.174004,8.156513,8.191483,8.278851,8.557915,8.505650,8.331230,8.401035,8.505650,8.401035,8.435913,8.488220,8.575333,8.627563,8.679768,8.870953,8.697163,8.679768,8.662369,8.610161,8.644970,8.801476,8.679768,8.923035,8.801476,8.766716,8.766716,8.888317,8.888317,8.853588,8.784096,8.766716,8.818848,8.784096,8.923035,8.870953,8.784096,8.870953,8.940388,9.027115,9.009773,8.992432,9.165710,9.009773,9.183022,9.304119,9.200333,9.096436,8.540497,7.207882,6.517342,6.197094,6.214916,6.161457,6.197094,6.499577,7.225533,7.788635,7.788635,7.665718,7.525059,7.313717,7.172585,7.172585,7.119606,7.190231,7.207882,7.207882,7.296085,7.331345,7.348972,7.454662,7.612995,7.806187,7.788635,7.753536,7.928940,7.999016,8.069046,8.051544,8.139027,8.174004,8.278851,8.331230,8.313774,8.331230,8.348686,8.470791,8.540497,8.540497,8.575333,8.610161,8.627563,8.766716,8.766716,8.905678,8.992432,8.992432,8.940388,9.044441,9.113758,9.079109,9.183022,9.286831,9.355976,9.217640,9.373260,9.442345,9.511379,9.597610,9.752644,9.787056,9.855862,9.941792,9.958965,10.233398,9.890244,8.923035,8.243912,7.858810,7.963982,8.226437,8.697163,8.975086,9.165710,9.752644,11.103065,12.133057,12.568703,12.719025,12.300850,11.644768,10.762939,10.489990,10.250530,10.164867,9.958965,9.958965,9.838661,9.632080,9.476868,9.442345,9.407806,9.407806,9.407806,9.252239,9.027115,8.957737,8.731949,8.714558,8.610161,8.714558,8.731949,8.662369,8.592743,8.540497,8.505650,8.610161,8.557915,8.418476,8.401035,8.383591,8.383591,8.418476,8.348686,
6.375134,7.172585,7.207882,7.013577,6.214916,5.446091,4.743999,4.327812,4.146374,4.073711,4.055538,4.110050,4.037365,4.146374,4.037365,3.946442,4.037365,4.364071,4.418427,4.581333,4.436539,4.545155,4.707874,5.014572,5.212570,5.481972,5.481972,5.230549,4.942490,4.960514,5.032589,4.725941,4.798172,4.545155,4.400314,4.527058,4.581333,4.490860,4.309685,4.327812,4.527058,4.545155,4.599422,4.653660,4.527058,4.454651,4.472755,4.472755,4.472755,4.418427,4.255280,4.382195,4.364071,4.037365,4.164528,4.255280,4.454651,4.454651,4.599422,4.671738,4.490860,4.200836,4.073711,4.037365,4.037365,4.237133,4.454651,4.490860,4.870358,5.212570,5.374290,5.374290,5.338371,5.464031,5.697014,6.552864,6.960518,6.570625,6.232731,6.125797,6.107971,6.161457,6.268349,7.066605,8.086544,8.174004,7.278450,6.286148,5.517838,4.816223,4.400314,4.237133,4.255280,4.291550,4.237133,4.146374,4.019184,4.019184,4.110050,4.218987,4.255280,4.345943,4.345943,4.164528,3.964630,4.128212,4.382195,4.563248,4.472755,4.490860,4.454651,4.527058,4.653660,4.345943,4.345943,4.454651,4.617508,4.689812,4.725941,4.743999,4.707874,4.762062,4.888393,4.834267,4.834267,4.888393,5.032589,5.050598,4.978535,4.960514,5.014572,5.140610,5.392242,5.481972,5.661201,5.697014,5.822250,5.947346,6.125797,6.641617,7.296085,8.051544,8.801476,9.027115,9.234943,9.355976,10.147728,11.594112,12.668941,12.719025,12.585411,12.351128,11.998611,11.745995,11.391228,11.120033,10.882126,10.882126,10.950157,10.489990,9.752644,9.425079,9.286831,9.269539,9.079109,9.044441,8.905678,8.870953,8.784096,8.784096,8.818848,8.731949,8.557915,8.435913,8.523075,8.488220,8.470791,8.610161,8.523075,8.557915,8.470791,8.523075,8.488220,8.766716,8.923035,8.888317,8.853588,8.818848,8.731949,8.697163,8.853588,8.853588,8.853588,9.009773,9.165710,9.355976,9.390537,9.234943,9.200333,9.286831,9.304119,9.286831,9.321407,9.390537,9.442345,9.545887,9.511379,9.476868,9.580376,9.752644,9.614849,9.580376,9.442345,9.511379,9.459610,9.494129,9.528633,9.459610,9.407806,9.252239,9.200333,9.425079,9.511379,9.476868,9.373260,9.286831,9.338692,9.234943,9.321407,9.234943,9.113758,9.113758,9.044441,9.113758,9.459610,9.425079,9.009773,8.644970,8.575333,8.627563,8.627563,8.627563,8.714558,8.731949,8.697163,8.731949,8.818848,8.975086,9.459610,9.269539,9.079109,8.905678,8.836220,8.749332,8.870953,8.905678,8.905678,8.836220,8.784096,8.957737,9.061775,9.061775,9.131081,9.044441,8.992432,8.940388,9.061775,9.079109,9.027115,9.061775,9.148392,8.923035,8.957737,8.940388,9.907425,9.958965,9.597610,9.165710,9.113758,9.096436,9.200333,9.234943,9.234943,9.338692,9.269539,9.252239,9.252239,9.787056,9.649315,9.355976,9.286831,9.321407,9.321407,9.425079,9.390537,9.597610,9.511379,9.511379,9.511379,9.494129,9.666546,9.718216,9.666546,9.528633,9.614849,9.769852,9.787056,9.769852,9.787056,9.821461,9.735428,9.700993,9.993317,10.267654,10.301891,9.804260,9.718216,9.821461,9.855862,10.027649,9.873051,9.821461,9.924606,9.976139,9.993317,9.958965,10.027649,10.182007,10.199139,10.130581,10.284771,10.370338,10.319000,10.010487,9.649315,9.390537,9.269539,9.217640,9.286831,9.476868,9.390537,9.355976,9.286831,9.252239,9.217640,9.079109,9.044441,8.905678,8.940388,8.853588,8.801476,8.992432,9.044441,8.679768,8.243912,8.226437,8.156513,8.243912,8.174004,8.104042,8.016525,7.876347,7.841270,7.753536,7.507469,7.084278,6.588379,6.410706,6.321754,6.232731,6.161457,6.250534,6.321754,6.481804,7.225533,7.260815,7.225533,7.331345,7.260815,7.260815,7.260815,7.190231,7.207882,7.172585,7.084278,7.048931,6.925133,6.925133,6.872036,6.765751,6.694839,6.623875,6.623875,6.446259,6.481804,6.321754,6.410706,6.392914,6.357342,6.375134,6.535103,6.392914,6.410706,6.321754,6.197094,6.357342,6.375134,6.357342,6.214916,6.392914,6.446259,6.552864,6.517342,6.446259,6.535103,6.570625,6.570625,6.623875,6.730297,6.588379,6.641617,6.801193,6.783474,6.836617,6.801193,6.801193,6.925133,7.066605,7.190231,7.225533,7.366592,7.348972,7.419441,6.783474,6.018761,5.571625,5.589546,5.535770,5.553699,5.697014,5.893753,6.641617,6.978207,6.907440,6.748028,6.677101,6.694839,6.606125,6.623875,6.641617,6.801193,6.783474,6.995895,7.119606,7.154926,7.137272,7.225533,7.260815,7.331345,7.472267,7.577831,7.683289,7.630577,7.560242,7.788635,7.806187,7.771088,7.823730,7.771088,7.911411,7.841270,7.928940,7.911411,7.999016,8.051544,8.191483,8.156513,8.156513,8.191483,8.278851,8.261383,8.243912,8.313774,8.348686,8.296310,8.418476,8.348686,8.348686,8.505650,8.418476,8.627563,8.557915,8.418476,8.435913,8.540497,8.610161,8.610161,8.523075,8.749332,8.679768,8.610161,8.679768,8.731949,8.697163,8.749332,8.714558,8.749332,8.766716,8.801476,8.801476,8.766716,8.714558,8.801476,8.888317,8.888317,8.957737,8.870953,8.957737,9.044441,9.148392,9.096436,9.009773,8.749332,7.876347,6.765751,6.197094,6.214916,6.197094,6.143627,6.232731,6.481804,7.419441,7.753536,7.753536,7.489868,7.419441,7.137272,7.101940,7.066605,7.119606,7.048931,7.190231,7.207882,7.190231,7.348972,7.401833,7.507469,7.648148,7.771088,7.753536,7.700855,7.928940,7.981499,7.981499,8.104042,8.121536,8.104042,8.156513,8.331230,8.278851,8.331230,8.331230,8.470791,8.505650,8.488220,8.453358,8.557915,8.627563,8.679768,8.731949,8.870953,8.940388,8.905678,8.853588,8.940388,8.940388,9.044441,9.079109,9.183022,9.234943,9.200333,9.304119,9.355976,9.390537,9.545887,9.718216,9.718216,9.787056,9.924606,9.993317,10.079128,9.407806,8.418476,7.841270,7.735977,7.876347,8.313774,8.836220,9.044441,9.286831,10.353233,11.577221,12.334373,12.668941,12.468342,12.015423,11.577221,11.323498,11.120033,10.882126,10.677727,10.370338,10.027649,9.804260,9.614849,9.304119,9.148392,9.234943,9.234943,9.165710,8.818848,8.575333,8.435913,8.366138,8.505650,8.488220,8.453358,8.348686,8.174004,7.999016,8.016525,8.174004,8.051544,8.016525,8.016525,8.069046,8.208961,8.034035,8.016525,8.121536,
5.911625,6.303955,7.031254,7.243172,6.659363,5.983063,5.212570,4.671738,4.364071,4.110050,4.091881,4.019184,4.091881,4.037365,3.891846,4.055538,4.218987,4.345943,4.653660,4.653660,4.364071,4.436539,4.870358,5.176598,5.392242,5.446091,5.714912,5.553699,5.481972,5.535770,5.122616,5.050598,5.230549,4.996559,4.418427,4.472755,4.527058,4.418427,4.382195,4.364071,4.436539,4.490860,4.454651,4.545155,4.454651,4.364071,4.508957,4.508957,4.400314,4.327812,4.327812,4.364071,4.291550,4.182686,4.255280,4.364071,4.490860,4.400314,4.689812,4.563248,4.635590,4.436539,4.255280,4.110050,4.073711,4.182686,4.291550,4.508957,4.798172,5.086613,4.996559,4.942490,4.996559,5.140610,5.535770,6.036610,6.783474,6.748028,6.517342,6.161457,6.143627,6.107971,6.268349,6.606125,7.876347,8.383591,7.806187,6.712570,5.643291,5.068611,4.617508,4.345943,4.273415,4.237133,4.273415,4.255280,4.091881,4.110050,4.182686,4.255280,4.345943,4.436539,4.436539,4.345943,4.200836,4.218987,4.418427,4.581333,4.527058,4.563248,4.472755,4.617508,4.599422,4.454651,4.345943,4.581333,4.454651,4.581333,4.671738,4.870358,4.816223,4.743999,5.104614,5.158604,4.870358,4.870358,5.050598,5.104614,5.050598,5.032589,5.158604,5.284477,5.410194,5.392242,5.410194,5.571625,5.697014,5.893753,6.161457,6.552864,7.048931,7.858810,8.627563,9.044441,9.217640,9.269539,9.838661,11.408150,12.752399,13.301342,13.268166,12.985676,12.652241,12.300850,11.998611,11.729134,11.425068,11.306557,11.238777,10.643623,9.890244,9.632080,9.425079,9.442345,9.286831,9.252239,9.009773,8.853588,8.818848,8.766716,8.714558,8.592743,8.557915,8.488220,8.470791,8.505650,8.540497,8.627563,8.592743,8.557915,8.488220,8.540497,8.610161,8.801476,8.714558,8.644970,8.592743,8.523075,8.575333,8.592743,8.557915,8.644970,8.679768,8.644970,8.957737,9.131081,9.183022,8.975086,8.870953,9.113758,9.027115,9.165710,9.131081,9.183022,9.096436,9.234943,9.200333,9.234943,9.200333,9.252239,9.338692,9.373260,9.442345,9.355976,9.407806,9.442345,9.390537,9.407806,9.286831,9.079109,9.027115,9.442345,9.649315,9.390537,9.355976,9.148392,9.183022,9.234943,9.252239,9.183022,9.183022,9.165710,9.148392,9.321407,9.476868,9.494129,9.131081,8.784096,8.749332,8.836220,8.853588,8.905678,8.888317,8.923035,8.975086,8.801476,8.905678,9.096436,9.234943,8.975086,8.957737,9.009773,9.044441,8.957737,9.061775,9.027115,9.044441,8.888317,8.940388,9.304119,9.649315,9.545887,9.545887,9.494129,9.407806,9.373260,9.459610,9.545887,9.511379,9.511379,9.614849,9.286831,9.355976,9.390537,10.061974,10.113426,9.700993,9.131081,9.183022,9.373260,9.390537,9.407806,9.476868,9.459610,9.355976,9.321407,9.442345,9.545887,9.528633,9.407806,9.459610,9.442345,9.425079,9.442345,9.494129,9.632080,9.597610,9.563126,9.545887,9.528633,9.993317,10.164867,9.976139,9.580376,9.494129,9.528633,9.597610,9.649315,9.752644,9.735428,9.649315,9.649315,9.873051,10.130581,9.993317,9.683773,9.632080,9.563126,9.632080,9.614849,9.459610,9.580376,9.614849,9.597610,9.528633,9.528633,9.632080,9.907425,9.718216,9.700993,9.649315,9.683773,9.700993,9.632080,9.528633,9.425079,9.304119,9.286831,9.597610,9.769852,9.958965,9.580376,9.649315,9.545887,9.476868,9.442345,9.355976,9.269539,9.217640,9.131081,9.027115,9.234943,9.321407,9.027115,8.488220,8.348686,8.226437,8.243912,8.086544,7.999016,8.034035,7.876347,7.806187,7.648148,7.331345,7.048931,6.623875,6.321754,6.339550,6.303955,6.214916,6.214916,6.250534,6.570625,7.031254,7.137272,7.207882,7.207882,7.225533,7.296085,7.243172,7.207882,7.225533,7.278450,7.207882,7.137272,7.137272,7.137272,7.048931,6.995895,6.925133,6.872036,6.836617,6.765751,6.677101,6.694839,6.623875,6.552864,6.517342,6.552864,6.499577,6.570625,6.446259,6.410706,6.446259,6.464035,6.392914,6.321754,6.321754,6.321754,6.499577,6.446259,6.339550,6.464035,6.517342,6.535103,6.481804,6.588379,6.641617,6.677101,6.641617,6.623875,6.694839,6.801193,6.765751,6.730297,6.836617,6.889732,7.172585,7.101940,7.190231,7.154926,7.154926,6.659363,5.947346,5.571625,5.499908,5.535770,5.643291,5.607468,5.965206,6.641617,6.765751,6.694839,6.677101,6.606125,6.641617,6.623875,6.588379,6.588379,6.641617,6.872036,6.907440,6.978207,7.031254,7.172585,7.154926,7.207882,7.207882,7.207882,7.419441,7.489868,7.560242,7.542656,7.700855,7.595413,7.595413,7.700855,7.595413,7.700855,7.700855,7.700855,7.823730,7.876347,7.858810,7.981499,7.911411,7.963982,8.016525,7.999016,8.069046,8.104042,8.226437,8.191483,8.139027,8.174004,8.121536,8.156513,8.121536,8.156513,8.383591,8.331230,8.383591,8.366138,8.383591,8.453358,8.435913,8.488220,8.435913,8.418476,8.557915,8.523075,8.592743,8.523075,8.435913,8.610161,8.488220,8.644970,8.540497,8.557915,8.592743,8.644970,8.662369,8.714558,8.731949,8.801476,8.766716,8.801476,8.940388,9.096436,9.009773,8.923035,8.435913,7.348972,6.464035,6.161457,6.018761,6.036610,6.018761,6.250534,6.765751,7.612995,7.718422,7.753536,7.419441,7.401833,6.995895,7.066605,7.031254,7.101940,7.084278,7.154926,7.190231,7.260815,7.313717,7.437057,7.437057,7.542656,7.665718,7.718422,7.700855,7.841270,7.911411,7.963982,8.121536,8.191483,8.121536,8.139027,8.243912,8.313774,8.243912,8.383591,8.348686,8.435913,8.523075,8.470791,8.592743,8.575333,8.679768,8.731949,8.697163,8.766716,8.818848,8.836220,8.905678,8.975086,9.009773,9.061775,9.096436,9.165710,9.079109,9.252239,9.373260,9.373260,9.511379,9.649315,9.649315,9.855862,9.976139,10.164867,9.890244,8.870953,8.051544,7.753536,7.753536,7.999016,8.523075,8.905678,9.165710,9.632080,10.950157,11.863968,12.551975,12.551975,12.334373,12.065849,11.830276,11.762863,11.526535,11.255722,10.967159,10.779976,10.609497,10.267654,9.907425,9.649315,9.390537,9.390537,9.286831,9.044441,8.801476,8.627563,8.557915,8.505650,8.523075,8.383591,8.156513,8.208961,8.104042,8.139027,8.104042,8.156513,8.034035,7.999016,7.981499,7.946465,7.963982,8.016525,8.034035,7.876347,
5.840134,5.875885,6.570625,7.031254,7.172585,6.659363,5.822250,5.032589,4.617508,4.273415,4.037365,3.928246,4.055538,4.037365,3.873646,4.091881,4.164528,4.436539,4.743999,4.508957,4.527058,4.635590,5.032589,5.284477,5.410194,5.625381,5.661201,5.947346,6.250534,5.750706,5.230549,5.266499,5.553699,5.248528,4.345943,4.400314,4.707874,4.725941,4.617508,4.545155,4.436539,4.472755,4.436539,4.508957,4.454651,4.436539,4.490860,4.563248,4.364071,4.218987,4.273415,4.309685,4.309685,4.454651,4.418427,4.454651,4.454651,4.599422,4.581333,4.599422,4.671738,4.599422,4.545155,4.309685,4.128212,4.091881,4.164528,4.273415,4.653660,4.834267,4.888393,4.798172,4.834267,5.014572,5.428139,5.875885,6.481804,6.818905,6.606125,6.375134,6.232731,6.161457,6.232731,6.339550,7.260815,8.121536,8.174004,7.066605,6.161457,5.374290,4.978535,4.725941,4.218987,4.110050,4.237133,4.309685,4.273415,4.200836,4.182686,4.309685,4.309685,4.418427,4.454651,4.255280,4.345943,4.418427,4.707874,4.635590,4.581333,4.490860,4.490860,4.490860,4.599422,4.436539,4.490860,4.563248,4.545155,4.436539,4.725941,4.996559,4.978535,4.978535,5.786484,5.875885,4.960514,4.942490,5.068611,5.032589,5.050598,5.140610,5.284477,5.464031,5.553699,5.535770,5.428139,5.410194,5.804367,6.143627,6.303955,6.464035,7.154926,7.893879,8.435913,9.027115,9.113758,9.373260,9.735428,10.694775,12.183426,13.168564,13.334507,13.135342,12.835777,12.451607,12.099461,11.863968,11.391228,11.272675,10.933151,10.660679,10.182007,9.890244,9.649315,9.545887,9.528633,9.476868,9.165710,8.940388,8.801476,8.766716,8.749332,8.679768,8.540497,8.575333,8.505650,8.523075,8.557915,8.731949,8.784096,8.731949,8.575333,8.714558,8.923035,9.079109,8.923035,8.575333,8.557915,8.505650,8.592743,8.627563,8.644970,8.627563,8.627563,8.627563,8.766716,8.801476,8.801476,8.801476,8.836220,8.818848,8.888317,9.061775,9.061775,9.044441,8.992432,8.992432,8.940388,8.940388,9.113758,9.183022,9.165710,9.096436,9.131081,9.183022,9.252239,9.131081,9.131081,9.079109,9.079109,8.836220,8.975086,9.252239,9.545887,9.373260,9.027115,8.801476,8.784096,8.940388,9.009773,9.079109,9.044441,9.165710,9.183022,9.061775,9.304119,9.338692,9.148392,8.975086,9.113758,9.027115,9.079109,9.061775,9.148392,9.165710,9.096436,8.905678,8.940388,9.234943,9.304119,9.234943,9.165710,9.148392,9.131081,9.148392,9.200333,9.131081,9.044441,8.992432,8.905678,9.442345,9.838661,9.787056,9.407806,9.355976,9.511379,9.494129,9.528633,9.563126,9.649315,9.769852,9.787056,9.735428,9.769852,9.718216,9.976139,9.769852,9.528633,9.407806,9.442345,9.718216,9.683773,9.649315,9.769852,9.614849,9.563126,9.528633,9.804260,9.821461,9.632080,9.580376,9.632080,9.683773,9.597610,9.528633,9.545887,9.614849,9.666546,9.545887,9.563126,9.597610,10.147728,10.319000,10.010487,9.459610,9.407806,9.407806,9.476868,9.511379,9.494129,9.511379,9.511379,9.545887,9.632080,9.804260,9.683773,9.700993,9.649315,9.718216,9.700993,9.683773,9.580376,9.666546,9.769852,9.614849,9.528633,9.476868,9.597610,9.855862,9.752644,9.563126,9.494129,9.563126,9.425079,9.321407,9.304119,9.269539,9.338692,9.165710,9.752644,10.061974,9.907425,9.597610,9.494129,9.476868,9.442345,9.442345,9.459610,9.442345,9.407806,9.252239,9.338692,9.442345,9.407806,9.131081,8.870953,8.714558,8.592743,8.505650,8.435913,8.383591,8.278851,8.104042,8.016525,7.823730,7.313717,6.818905,6.464035,6.392914,6.357342,6.392914,6.286148,6.214916,6.339550,6.535103,6.748028,6.694839,6.712570,6.783474,6.783474,6.694839,6.872036,6.694839,6.730297,6.748028,6.836617,6.925133,6.907440,6.818905,6.907440,6.942829,6.942829,6.925133,6.854328,6.942829,6.872036,6.907440,6.765751,6.730297,6.694839,6.712570,6.765751,6.694839,6.765751,6.730297,6.659363,6.588379,6.641617,6.659363,6.694839,6.730297,6.606125,6.623875,6.659363,6.659363,6.659363,6.712570,6.659363,6.570625,6.694839,6.659363,6.588379,6.748028,6.836617,6.801193,6.730297,6.783474,6.907440,6.978207,7.013577,7.031254,7.084278,7.137272,7.119606,6.428486,5.768597,5.571625,5.553699,5.553699,5.589546,5.643291,6.036610,6.588379,6.677101,6.641617,6.641617,6.588379,6.552864,6.623875,6.606125,6.623875,6.606125,6.765751,6.801193,6.889732,6.907440,7.119606,7.084278,7.119606,7.172585,7.154926,7.366592,7.419441,7.419441,7.401833,7.366592,7.472267,7.401833,7.366592,7.366592,7.489868,7.472267,7.489868,7.560242,7.595413,7.542656,7.718422,7.806187,7.841270,7.823730,7.753536,7.771088,7.893879,7.893879,7.999016,7.876347,7.841270,7.928940,7.911411,7.999016,7.963982,8.051544,8.069046,8.174004,8.174004,8.278851,8.296310,8.243912,8.296310,8.278851,8.278851,8.313774,8.470791,8.453358,8.453358,8.418476,8.278851,8.366138,8.453358,8.505650,8.610161,8.488220,8.505650,8.627563,8.714558,8.610161,8.627563,8.784096,8.766716,8.853588,8.975086,8.870953,8.870953,8.121536,6.818905,6.286148,6.000916,6.000916,6.000916,5.983063,6.214916,7.084278,7.648148,7.630577,7.419441,7.225533,7.243172,6.978207,6.889732,6.942829,6.995895,7.013577,7.084278,7.190231,7.225533,7.348972,7.401833,7.577831,7.612995,7.612995,7.648148,7.788635,7.753536,7.981499,7.981499,8.034035,7.981499,8.051544,8.069046,8.208961,8.261383,8.261383,8.296310,8.366138,8.401035,8.401035,8.435913,8.470791,8.505650,8.592743,8.662369,8.749332,8.731949,8.749332,8.801476,8.836220,8.957737,8.888317,8.975086,9.061775,9.113758,9.217640,9.217640,9.269539,9.407806,9.580376,9.700993,9.752644,9.976139,10.061974,10.044807,9.304119,8.278851,7.577831,7.648148,7.788635,8.104042,8.592743,9.009773,9.269539,10.267654,11.306557,12.183426,12.384636,12.635536,12.317612,11.712273,11.745995,11.475815,11.272675,10.899132,10.660679,10.284771,10.044807,9.804260,9.494129,9.476868,9.165710,8.992432,8.836220,8.697163,8.714558,8.592743,8.627563,8.435913,8.435913,8.366138,8.278851,8.104042,8.034035,8.069046,8.383591,8.313774,8.051544,8.034035,8.051544,7.928940,7.928940,7.946465,7.981499,7.963982,
5.517838,5.661201,5.983063,6.907440,7.190231,6.995895,6.321754,5.625381,4.888393,4.508957,4.273415,4.182686,4.073711,3.964630,4.037365,3.982819,4.128212,4.472755,4.743999,4.617508,4.563248,4.762062,5.050598,5.464031,5.499908,5.643291,5.517838,6.143627,6.481804,5.875885,5.374290,5.320412,5.338371,4.834267,4.273415,4.527058,4.834267,5.014572,4.870358,4.870358,4.725941,4.508957,4.400314,4.436539,4.472755,4.436539,4.508957,4.490860,4.237133,4.091881,4.200836,4.273415,4.581333,4.617508,4.563248,4.400314,4.527058,4.635590,4.653660,4.472755,4.545155,4.545155,4.653660,4.508957,4.091881,4.091881,4.110050,4.182686,4.563248,4.635590,4.852314,4.617508,4.653660,4.942490,5.086613,5.446091,5.947346,6.588379,6.818905,6.552864,6.375134,6.357342,6.321754,6.375134,6.995895,8.016525,8.418476,7.771088,6.677101,5.786484,5.194580,4.906425,4.200836,4.019184,4.182686,4.255280,4.382195,4.345943,4.291550,4.345943,4.418427,4.436539,4.490860,4.255280,4.382195,4.364071,4.743999,4.798172,4.490860,4.454651,4.490860,4.545155,4.490860,4.418427,4.545155,4.635590,4.527058,4.418427,4.798172,5.822250,5.553699,5.158604,5.822250,5.517838,5.068611,4.978535,5.248528,5.284477,5.176598,5.464031,5.553699,5.840134,5.714912,5.571625,5.428139,5.356339,5.929482,6.588379,6.464035,6.250534,6.889732,7.665718,8.174004,8.853588,9.252239,9.252239,9.528633,10.027649,11.577221,12.935738,13.168564,12.902435,12.618832,12.216988,11.948143,11.560329,11.137009,10.899132,10.558300,10.489990,10.336117,9.976139,9.563126,9.373260,9.511379,9.632080,9.252239,8.818848,8.731949,8.714558,8.714558,8.627563,8.540497,8.523075,8.488220,8.523075,8.662369,8.905678,8.957737,8.853588,8.714558,8.853588,9.027115,9.079109,9.079109,8.784096,8.749332,8.731949,8.801476,8.818848,8.888317,8.888317,8.801476,8.870953,8.818848,8.836220,8.818848,8.853588,8.905678,8.923035,8.957737,8.975086,9.009773,8.957737,8.905678,8.888317,8.905678,8.784096,9.252239,9.390537,9.096436,8.836220,8.940388,9.009773,8.975086,8.957737,8.957737,8.992432,8.905678,8.836220,8.818848,8.992432,9.113758,9.027115,8.940388,8.923035,8.940388,8.888317,8.905678,8.975086,8.975086,9.079109,9.096436,8.992432,9.096436,9.131081,8.940388,8.940388,8.940388,8.923035,8.975086,8.957737,9.027115,9.061775,9.027115,8.975086,9.027115,9.338692,9.597610,9.632080,9.355976,9.304119,9.269539,9.373260,9.373260,9.494129,9.442345,9.373260,9.338692,9.614849,9.752644,9.769852,9.528633,9.476868,9.442345,9.580376,9.459610,9.528633,9.528633,9.752644,9.735428,9.683773,9.649315,9.511379,9.700993,9.545887,9.580376,9.632080,9.821461,9.890244,9.873051,9.890244,9.941792,9.804260,9.459610,9.649315,10.182007,10.199139,9.787056,9.632080,9.649315,9.666546,9.580376,9.563126,9.632080,9.666546,9.752644,9.683773,9.838661,9.769852,10.182007,10.233398,9.976139,9.597610,9.614849,9.632080,9.511379,9.494129,9.614849,9.511379,9.407806,9.528633,9.718216,9.683773,9.649315,9.580376,9.735428,9.821461,9.735428,9.769852,9.700993,9.718216,9.649315,9.528633,9.511379,9.425079,9.700993,10.387436,10.182007,9.804260,9.718216,9.700993,9.752644,9.804260,9.821461,9.614849,9.545887,9.683773,9.993317,10.044807,9.649315,9.373260,9.304119,9.355976,9.269539,9.355976,9.321407,9.304119,9.234943,9.252239,9.200333,9.131081,9.044441,8.992432,8.957737,8.888317,8.662369,8.557915,8.470791,8.366138,8.191483,8.243912,8.034035,7.876347,7.401833,6.818905,6.481804,6.392914,6.410706,6.446259,6.428486,6.464035,6.552864,6.552864,6.730297,6.623875,6.641617,6.606125,6.481804,6.570625,6.464035,6.481804,6.517342,6.499577,6.392914,6.321754,6.357342,6.410706,6.392914,6.321754,6.321754,6.339550,6.268349,6.357342,6.357342,6.303955,6.499577,6.464035,6.481804,6.552864,6.552864,6.570625,6.606125,6.535103,6.535103,6.623875,6.694839,6.694839,6.730297,6.748028,6.872036,6.836617,6.818905,6.872036,6.960518,6.925133,6.818905,6.889732,6.942829,6.907440,7.048931,7.031254,7.031254,7.119606,7.101940,7.066605,7.119606,7.119606,7.119606,7.207882,7.331345,7.260815,7.119606,6.303955,5.661201,5.589546,5.589546,5.571625,5.607468,5.697014,6.250534,6.783474,6.783474,6.730297,6.712570,6.694839,6.659363,6.694839,6.748028,6.801193,6.801193,6.872036,6.889732,6.872036,7.101940,7.137272,7.066605,7.084278,7.190231,7.313717,7.348972,7.278450,7.384212,7.366592,7.348972,7.313717,7.366592,7.313717,7.348972,7.366592,7.366592,7.348972,7.384212,7.454662,7.437057,7.489868,7.525059,7.525059,7.525059,7.525059,7.560242,7.665718,7.665718,7.718422,7.665718,7.630577,7.665718,7.771088,7.771088,7.876347,7.876347,7.946465,7.876347,7.946465,7.963982,7.928940,7.963982,7.858810,7.963982,8.226437,8.191483,8.174004,8.156513,8.174004,8.104042,8.139027,8.243912,8.348686,8.366138,8.366138,8.313774,8.331230,8.383591,8.488220,8.366138,8.575333,8.627563,8.627563,8.592743,8.697163,8.644970,8.383591,7.542656,6.659363,6.107971,5.947346,5.911625,5.786484,5.858009,6.392914,7.278450,7.595413,7.507469,7.313717,7.137272,6.995895,6.783474,6.854328,6.889732,6.907440,6.872036,6.960518,7.190231,7.190231,7.172585,7.454662,7.560242,7.595413,7.612995,7.665718,7.788635,7.823730,7.806187,7.858810,7.911411,7.876347,8.016525,7.928940,8.121536,8.174004,8.191483,8.174004,8.296310,8.226437,8.296310,8.296310,8.366138,8.418476,8.470791,8.470791,8.540497,8.523075,8.592743,8.679768,8.697163,8.731949,8.662369,8.870953,8.940388,8.992432,9.096436,9.113758,9.217640,9.338692,9.563126,9.528633,9.700993,9.890244,9.976139,9.545887,8.749332,7.858810,7.507469,7.630577,8.051544,8.453358,8.766716,9.009773,9.735428,10.899132,11.729134,12.267311,12.401375,12.300850,11.914482,11.594112,11.509636,11.374298,10.967159,10.728870,10.558300,10.044807,9.890244,9.580376,9.476868,9.355976,9.148392,8.975086,8.923035,8.853588,8.766716,8.697163,8.610161,8.592743,8.505650,8.523075,8.557915,8.383591,8.313774,8.435913,8.557915,8.418476,8.313774,8.051544,8.156513,8.156513,8.104042,8.104042,7.963982,8.139027,
5.607468,5.643291,5.661201,6.107971,6.889732,7.260815,6.942829,6.481804,5.697014,4.942490,4.798172,4.472755,4.164528,4.055538,4.110050,4.055538,4.146374,4.454651,4.707874,4.743999,4.689812,4.725941,4.906425,5.410194,5.428139,5.392242,5.643291,6.375134,6.730297,6.018761,5.086613,5.032589,5.122616,4.527058,4.382195,4.689812,4.780113,4.978535,5.140610,5.320412,5.104614,4.743999,4.418427,4.400314,4.454651,4.382195,4.364071,4.364071,4.037365,4.218987,4.382195,4.327812,4.490860,4.527058,4.527058,4.418427,4.545155,4.707874,4.563248,4.436539,4.418427,4.653660,4.635590,4.418427,4.218987,4.037365,4.019184,4.182686,4.418427,4.490860,4.545155,4.508957,4.671738,4.798172,4.960514,5.104614,5.571625,6.250534,6.854328,6.783474,6.570625,6.464035,6.481804,6.481804,6.535103,7.735977,8.383591,8.383591,7.260815,6.250534,5.428139,4.834267,4.309685,4.019184,4.255280,4.255280,4.418427,4.436539,4.327812,4.364071,4.400314,4.382195,4.418427,4.364071,4.327812,4.128212,4.382195,4.418427,4.436539,4.454651,4.418427,4.436539,4.545155,4.617508,4.762062,4.689812,4.508957,4.508957,5.194580,6.765751,6.339550,5.517838,5.643291,5.356339,5.194580,5.356339,6.268349,5.481972,5.320412,5.571625,5.822250,5.893753,5.750706,5.571625,5.481972,5.499908,5.929482,6.535103,6.197094,6.268349,6.783474,7.331345,7.806187,8.610161,9.200333,9.252239,9.355976,9.683773,10.882126,12.284077,13.002323,13.018955,12.802441,12.535263,12.065849,11.695396,11.306557,10.967159,10.643623,10.797012,10.916145,10.319000,9.476868,9.200333,9.425079,9.373260,9.061775,8.714558,8.662369,8.679768,8.592743,8.470791,8.470791,8.505650,8.453358,8.366138,8.523075,8.888317,8.975086,8.801476,8.749332,8.836220,8.905678,8.853588,8.923035,8.957737,9.131081,8.975086,8.905678,9.061775,9.009773,9.148392,9.044441,9.079109,9.044441,9.027115,9.027115,9.096436,9.113758,9.096436,9.096436,9.027115,8.992432,8.940388,8.957737,8.975086,9.009773,9.027115,9.390537,9.442345,9.131081,8.992432,8.940388,8.975086,8.836220,8.818848,8.905678,8.853588,8.818848,8.836220,8.627563,8.714558,8.836220,8.853588,8.870953,8.818848,8.766716,8.905678,8.888317,8.957737,8.888317,8.905678,8.957737,8.957737,9.079109,9.165710,8.836220,8.662369,8.749332,8.714558,8.766716,8.784096,8.749332,8.818848,8.870953,8.870953,8.853588,9.373260,9.632080,9.511379,9.373260,9.252239,9.373260,9.338692,9.373260,9.355976,9.442345,9.355976,9.459610,9.700993,9.735428,9.597610,9.580376,9.597610,9.649315,9.476868,9.597610,9.580376,9.683773,9.683773,9.700993,9.597610,9.597610,9.563126,9.838661,9.838661,9.632080,9.683773,9.890244,9.890244,9.821461,9.804260,10.027649,9.804260,9.700993,9.769852,10.216270,10.096279,9.632080,9.528633,9.407806,9.563126,9.511379,9.597610,9.597610,9.632080,9.700993,9.752644,9.787056,9.924606,10.061974,9.958965,9.924606,9.993317,9.958965,9.976139,9.907425,9.838661,9.821461,9.838661,9.666546,9.752644,10.489990,10.370338,10.010487,9.924606,10.010487,10.164867,10.061974,10.164867,10.096279,10.044807,9.958965,9.666546,9.528633,9.442345,10.027649,10.643623,10.250530,9.838661,9.804260,9.838661,9.804260,9.821461,9.924606,9.907425,9.769852,9.873051,9.821461,9.683773,9.632080,9.511379,9.442345,9.373260,9.338692,9.355976,9.286831,9.234943,9.252239,9.096436,9.079109,9.061775,9.044441,9.148392,8.940388,8.697163,8.523075,8.366138,8.243912,8.156513,8.121536,8.051544,7.823730,7.735977,7.366592,6.694839,6.107971,6.125797,6.232731,6.214916,6.303955,6.143627,6.357342,6.481804,6.659363,6.730297,6.730297,6.765751,6.659363,6.801193,6.712570,6.712570,6.641617,6.694839,6.623875,6.535103,6.517342,6.410706,6.375134,6.446259,6.303955,6.321754,6.268349,6.250534,6.197094,6.143627,6.143627,6.179276,6.036610,6.090134,6.143627,6.161457,6.090134,6.054455,6.107971,6.018761,6.161457,6.036610,6.143627,6.072296,6.268349,6.321754,6.464035,6.446259,6.481804,6.517342,6.499577,6.552864,6.641617,6.694839,6.765751,6.765751,6.872036,7.031254,7.048931,7.119606,7.137272,7.225533,7.419441,7.313717,7.296085,7.384212,6.960518,6.072296,5.625381,5.589546,5.517838,5.553699,5.607468,5.714912,6.606125,6.978207,7.048931,6.995895,6.978207,7.031254,6.960518,6.978207,7.084278,7.031254,7.066605,7.137272,7.190231,7.190231,7.190231,7.260815,7.260815,7.296085,7.278450,7.401833,7.507469,7.454662,7.489868,7.348972,7.507469,7.384212,7.472267,7.507469,7.384212,7.366592,7.454662,7.454662,7.542656,7.454662,7.472267,7.560242,7.507469,7.472267,7.525059,7.612995,7.542656,7.560242,7.489868,7.560242,7.507469,7.630577,7.630577,7.560242,7.595413,7.648148,7.665718,7.700855,7.753536,7.735977,7.683289,7.806187,7.735977,7.753536,7.788635,7.946465,7.999016,7.963982,7.893879,7.876347,8.034035,7.963982,8.086544,8.121536,8.174004,8.243912,8.174004,8.261383,8.331230,8.366138,8.331230,8.313774,8.383591,8.453358,8.610161,8.523075,8.540497,8.051544,7.031254,6.303955,5.983063,5.929482,5.947346,5.893753,6.018761,6.570625,7.542656,7.454662,7.190231,6.978207,6.995895,6.818905,6.748028,6.730297,6.765751,6.836617,6.925133,6.995895,7.137272,7.154926,7.260815,7.313717,7.419441,7.525059,7.630577,7.648148,7.630577,7.683289,7.700855,7.788635,7.753536,7.911411,7.946465,7.981499,8.104042,8.104042,8.051544,8.261383,8.139027,8.278851,8.226437,8.296310,8.331230,8.418476,8.296310,8.313774,8.383591,8.523075,8.435913,8.523075,8.679768,8.575333,8.697163,8.714558,8.749332,8.957737,8.975086,9.027115,9.165710,9.269539,9.511379,9.666546,9.787056,9.787056,9.873051,9.183022,8.208961,7.472267,7.560242,7.788635,8.174004,8.505650,8.975086,9.304119,10.353233,11.492725,12.099461,12.233765,12.300850,11.897648,11.323498,11.052120,10.950157,10.831066,10.660679,10.404537,10.182007,9.890244,9.752644,9.459610,9.355976,9.252239,9.200333,9.009773,8.784096,8.923035,8.766716,8.731949,8.679768,8.644970,8.644970,8.610161,8.662369,8.627563,8.557915,8.662369,8.470791,8.505650,8.366138,8.366138,8.313774,8.366138,8.401035,8.453358,8.366138,8.348686,
5.714912,5.661201,5.679108,5.893753,6.588379,7.101940,7.384212,7.401833,6.623875,5.840134,5.571625,4.960514,4.382195,4.128212,4.110050,4.037365,4.128212,4.237133,4.436539,4.653660,4.490860,4.707874,4.780113,5.194580,5.266499,5.428139,5.911625,6.552864,6.783474,5.697014,5.032589,4.906425,4.725941,4.218987,4.545155,4.852314,4.942490,4.924461,5.140610,5.481972,5.374290,4.635590,4.345943,4.508957,4.454651,4.291550,4.182686,4.200836,4.182686,4.255280,4.382195,4.400314,4.345943,4.472755,4.490860,4.382195,4.508957,4.581333,4.617508,4.617508,4.581333,4.689812,4.599422,4.364071,4.309685,4.128212,3.964630,4.128212,4.218987,4.291550,4.364071,4.508957,4.563248,4.725941,4.798172,5.014572,5.284477,6.054455,6.801193,6.801193,6.677101,6.588379,6.428486,6.623875,6.552864,7.190231,8.156513,8.627563,7.771088,6.748028,5.697014,4.996559,4.545155,4.345943,4.273415,4.255280,4.345943,4.345943,4.454651,4.382195,4.327812,4.291550,4.418427,4.454651,4.255280,4.128212,4.309685,4.364071,4.327812,4.400314,4.364071,4.490860,4.581333,4.743999,4.924461,4.725941,4.527058,4.653660,5.535770,7.172585,7.137272,6.375134,5.714912,5.643291,5.428139,6.161457,6.641617,5.643291,5.535770,5.822250,5.732807,6.143627,5.750706,5.553699,5.589546,5.589546,5.840134,6.232731,6.214916,6.446259,7.066605,6.907440,7.665718,8.662369,9.269539,9.304119,9.459610,9.528633,10.250530,11.611008,12.935738,12.902435,12.702332,12.351128,12.065849,11.729134,11.391228,10.967159,10.728870,10.814041,11.018150,10.250530,9.425079,9.113758,9.096436,9.044441,8.766716,8.662369,8.610161,8.540497,8.505650,8.488220,8.488220,8.366138,8.366138,8.401035,8.401035,8.557915,8.540497,8.557915,8.453358,8.418476,8.575333,8.540497,8.818848,8.992432,9.079109,8.749332,8.505650,8.766716,8.836220,8.992432,9.009773,9.061775,9.096436,9.096436,9.096436,9.096436,9.200333,9.044441,9.061775,9.096436,9.061775,8.905678,8.975086,8.992432,9.044441,9.027115,9.148392,9.200333,8.975086,9.061775,9.061775,9.079109,8.957737,8.784096,8.801476,8.714558,8.679768,8.697163,8.610161,8.697163,8.644970,8.610161,8.731949,8.731949,8.766716,8.697163,8.662369,8.731949,8.714558,8.731949,8.749332,8.888317,9.061775,9.009773,8.697163,8.592743,8.644970,8.697163,8.592743,8.644970,8.749332,8.749332,8.784096,8.749332,8.923035,9.079109,9.131081,9.044441,9.061775,9.131081,9.131081,9.183022,9.165710,9.183022,9.217640,9.252239,9.390537,9.632080,9.821461,9.666546,9.528633,9.580376,9.649315,9.580376,9.563126,9.597610,9.632080,9.700993,9.666546,9.632080,9.511379,9.494129,10.010487,10.113426,9.855862,9.718216,9.769852,9.752644,9.890244,9.924606,10.061974,9.838661,9.890244,9.873051,10.061974,10.164867,10.027649,10.027649,9.855862,9.855862,9.804260,9.718216,9.838661,9.804260,9.941792,9.924606,10.061974,9.993317,10.301891,10.489990,10.370338,10.250530,10.267654,10.267654,10.147728,10.061974,9.976139,9.907425,9.769852,10.010487,10.848083,10.728870,10.164867,10.130581,10.096279,10.147728,10.319000,10.284771,10.438725,10.387436,10.301891,10.147728,9.924606,10.010487,10.319000,10.301891,10.079128,9.976139,9.924606,9.873051,9.958965,9.941792,9.976139,10.010487,9.958965,9.873051,9.941792,9.855862,9.769852,9.718216,9.597610,9.528633,9.511379,9.459610,9.373260,9.321407,9.183022,9.079109,9.027115,9.079109,9.217640,9.338692,9.096436,8.557915,8.488220,8.296310,8.069046,8.051544,7.981499,7.911411,7.806187,7.560242,7.190231,6.481804,5.929482,5.661201,5.732807,5.714912,5.732807,5.804367,5.804367,6.321754,6.836617,7.031254,7.260815,7.260815,7.154926,7.084278,7.013577,7.013577,6.995895,7.084278,7.013577,6.872036,6.836617,6.872036,6.818905,6.677101,6.659363,6.588379,6.677101,6.606125,6.481804,6.552864,6.552864,6.535103,6.464035,6.464035,6.339550,6.303955,6.197094,6.161457,6.090134,6.143627,6.090134,6.090134,6.036610,6.000916,5.947346,6.018761,5.947346,6.000916,6.072296,5.983063,6.018761,5.983063,6.000916,6.054455,6.125797,6.072296,6.214916,6.268349,6.214916,6.357342,6.410706,6.481804,6.499577,6.641617,6.872036,6.925133,6.499577,5.768597,5.643291,5.553699,5.553699,5.679108,5.643291,5.858009,6.854328,7.013577,7.084278,7.048931,7.084278,7.066605,7.172585,7.243172,7.243172,7.296085,7.348972,7.472267,7.472267,7.454662,7.560242,7.612995,7.665718,7.683289,7.648148,7.753536,7.823730,7.771088,7.876347,7.823730,7.893879,7.858810,7.928940,7.928940,7.806187,7.841270,7.963982,7.858810,8.069046,7.911411,7.893879,7.946465,7.876347,7.876347,7.823730,7.700855,7.648148,7.700855,7.700855,7.595413,7.665718,7.595413,7.595413,7.612995,7.648148,7.700855,7.630577,7.683289,7.735977,7.718422,7.683289,7.683289,7.700855,7.753536,7.718422,7.806187,7.963982,7.806187,7.753536,7.788635,7.946465,7.858810,7.946465,7.963982,7.946465,8.139027,8.104042,8.051544,8.069046,8.121536,8.296310,8.348686,8.331230,8.313774,8.401035,8.383591,8.418476,7.683289,6.712570,6.072296,5.929482,5.822250,5.804367,5.858009,6.125797,6.872036,7.348972,7.243172,7.101940,6.889732,6.854328,6.659363,6.588379,6.588379,6.748028,6.889732,6.818905,6.907440,7.031254,7.013577,7.172585,7.190231,7.366592,7.472267,7.507469,7.542656,7.489868,7.560242,7.683289,7.700855,7.700855,7.788635,7.858810,7.911411,7.893879,7.963982,7.946465,8.016525,8.104042,8.051544,8.086544,8.086544,8.121536,8.121536,8.156513,8.121536,8.156513,8.278851,8.331230,8.366138,8.453358,8.470791,8.488220,8.488220,8.697163,8.627563,8.853588,8.957737,9.061775,9.148392,9.304119,9.390537,9.649315,9.718216,9.597610,8.557915,7.858810,7.437057,7.560242,7.841270,8.401035,8.644970,8.957737,9.718216,10.967159,12.065849,12.149849,12.250546,12.099461,11.729134,11.391228,11.086086,10.882126,10.711826,10.438725,10.164867,9.924606,9.614849,9.407806,9.079109,9.183022,9.234943,9.165710,8.905678,8.853588,8.679768,8.540497,8.453358,8.348686,8.296310,8.208961,8.278851,8.174004,8.156513,8.121536,8.243912,8.174004,8.366138,8.313774,8.243912,8.226437,8.261383,8.313774,8.313774,8.296310,8.348686,
5.750706,5.786484,5.714912,5.822250,6.179276,6.818905,7.437057,7.823730,7.718422,6.481804,5.983063,5.374290,4.472755,4.237133,4.110050,4.091881,4.128212,4.091881,4.110050,4.218987,4.327812,4.418427,4.563248,5.014572,5.248528,5.643291,5.822250,6.125797,6.179276,5.356339,4.960514,4.906425,4.545155,4.309685,4.942490,4.942490,4.906425,4.942490,5.284477,5.571625,5.553699,4.743999,4.581333,4.472755,4.472755,4.327812,4.273415,4.291550,4.327812,4.345943,4.436539,4.327812,4.436539,4.545155,4.436539,4.291550,4.400314,4.635590,4.599422,4.888393,4.780113,4.527058,4.436539,4.418427,4.400314,4.255280,4.073711,4.019184,4.055538,4.273415,4.400314,4.327812,4.563248,4.671738,4.762062,4.924461,5.176598,5.607468,6.286148,6.801193,6.836617,6.641617,6.641617,6.694839,6.677101,6.907440,7.928940,8.418476,8.243912,7.190231,6.018761,5.212570,4.762062,4.653660,4.490860,4.364071,4.364071,4.707874,4.924461,4.653660,4.418427,4.327812,4.563248,4.743999,4.581333,4.418427,4.418427,4.490860,4.436539,4.418427,4.454651,4.490860,4.942490,5.122616,5.140610,4.834267,4.798172,5.068611,6.250534,7.348972,7.560242,6.818905,5.947346,5.804367,5.840134,6.303955,6.517342,5.499908,5.804367,5.893753,5.804367,6.250534,5.929482,5.929482,6.036610,5.893753,6.179276,6.641617,6.570625,6.942829,6.960518,7.190231,8.086544,8.818848,9.269539,9.580376,9.425079,9.545887,10.027649,11.255722,12.551975,12.719025,12.551975,12.518532,12.233765,11.964966,11.458900,11.187904,10.848083,10.745911,10.660679,10.113426,9.718216,9.217640,9.165710,9.061775,9.009773,8.905678,8.731949,8.644970,8.627563,8.627563,8.610161,8.697163,8.610161,8.523075,8.453358,8.540497,8.470791,8.505650,8.470791,8.470791,8.313774,8.418476,8.697163,9.165710,9.009773,8.523075,8.401035,8.505650,8.592743,8.679768,8.697163,8.714558,8.697163,8.766716,8.905678,8.836220,8.731949,8.801476,8.784096,8.923035,8.870953,8.870953,8.749332,8.766716,8.749332,8.836220,8.992432,8.992432,9.079109,8.940388,9.061775,9.096436,9.009773,8.644970,8.644970,8.575333,8.610161,8.644970,8.627563,8.627563,8.610161,8.575333,8.610161,8.679768,8.592743,8.505650,8.540497,8.488220,8.644970,8.557915,8.592743,8.644970,8.888317,8.836220,8.592743,8.592743,8.610161,8.784096,8.697163,8.714558,8.749332,8.784096,8.853588,8.818848,8.905678,9.061775,9.079109,8.836220,8.870953,8.975086,9.079109,9.113758,9.061775,9.009773,9.009773,9.009773,9.113758,9.494129,10.061974,9.855862,9.700993,9.649315,9.614849,9.597610,9.649315,9.597610,9.683773,9.649315,9.632080,9.597610,9.580376,9.511379,10.044807,9.958965,9.838661,9.649315,9.752644,9.718216,9.683773,9.838661,9.873051,9.769852,9.752644,9.735428,9.838661,10.044807,10.182007,10.199139,10.096279,10.010487,10.027649,10.027649,9.907425,9.873051,9.873051,9.855862,9.924606,9.890244,10.575371,10.643623,10.319000,10.250530,10.216270,10.199139,10.250530,10.319000,10.182007,10.199139,10.113426,10.336117,10.745911,10.643623,10.113426,10.061974,10.147728,10.216270,10.182007,10.301891,10.284771,10.336117,10.164867,10.182007,9.958965,10.044807,10.061974,10.096279,9.924606,9.958965,9.993317,10.010487,9.958965,9.941792,9.941792,9.907425,9.924606,9.873051,10.096279,10.096279,9.924606,9.666546,9.683773,9.683773,9.632080,9.580376,9.476868,9.528633,9.373260,9.096436,9.096436,8.992432,9.252239,9.355976,9.131081,8.714558,8.523075,8.331230,8.296310,8.174004,7.911411,7.788635,7.577831,7.489868,7.190231,6.446259,5.750706,5.571625,5.535770,5.571625,5.517838,5.517838,5.697014,6.214916,7.031254,7.366592,7.525059,7.735977,7.683289,7.612995,7.419441,7.525059,7.507469,7.542656,7.419441,7.348972,7.260815,7.243172,7.172585,7.048931,7.066605,7.013577,6.995895,6.942829,6.907440,6.748028,6.854328,6.854328,6.783474,6.765751,6.783474,6.606125,6.623875,6.552864,6.552864,6.481804,6.410706,6.339550,6.303955,6.250534,6.268349,6.107971,6.179276,6.161457,6.000916,6.054455,6.072296,6.036610,6.000916,6.000916,6.000916,6.018761,6.036610,6.072296,6.018761,6.018761,6.090134,6.018761,6.107971,6.107971,6.179276,6.250534,5.983063,5.840134,5.750706,5.732807,5.679108,5.661201,5.732807,5.947346,6.197094,6.392914,6.464035,6.392914,6.552864,6.552864,6.481804,6.694839,6.606125,6.730297,6.765751,6.889732,6.978207,7.048931,7.101940,7.225533,7.384212,7.401833,7.489868,7.612995,7.595413,7.718422,7.735977,7.858810,7.806187,7.981499,7.911411,7.981499,8.086544,8.104042,8.156513,8.174004,8.296310,8.174004,8.156513,8.208961,8.121536,8.139027,8.226437,8.191483,8.121536,8.104042,8.086544,8.051544,7.999016,8.016525,8.104042,8.051544,8.156513,8.034035,7.981499,7.981499,8.104042,7.928940,7.911411,7.893879,7.893879,7.911411,7.876347,7.911411,7.946465,8.034035,7.911411,7.911411,7.911411,7.893879,7.946465,7.963982,7.999016,8.069046,8.104042,8.121536,8.069046,8.191483,8.278851,8.208961,8.174004,8.243912,8.435913,8.523075,8.156513,7.190231,6.446259,5.929482,5.840134,5.732807,5.893753,5.875885,6.339550,7.154926,7.172585,7.119606,6.995895,6.942829,6.659363,6.641617,6.552864,6.694839,6.712570,6.836617,6.854328,6.854328,6.960518,6.978207,7.154926,7.190231,7.331345,7.225533,7.296085,7.348972,7.419441,7.437057,7.525059,7.542656,7.648148,7.612995,7.700855,7.718422,7.806187,7.788635,7.771088,7.841270,7.841270,7.981499,7.876347,7.841270,7.963982,8.034035,7.999016,7.928940,8.016525,8.121536,8.104042,8.208961,8.278851,8.366138,8.331230,8.348686,8.610161,8.644970,8.679768,8.766716,8.870953,8.975086,9.200333,9.459610,9.545887,9.718216,9.009773,8.069046,7.454662,7.419441,7.560242,7.981499,8.523075,8.818848,9.165710,10.336117,11.712273,12.233765,12.216988,11.964966,11.611008,11.323498,11.187904,11.001148,10.745911,10.507072,10.370338,9.993317,9.718216,9.614849,9.269539,9.027115,8.992432,9.027115,8.992432,8.766716,8.575333,8.488220,8.348686,8.331230,8.296310,8.296310,8.243912,8.139027,8.226437,8.174004,8.191483,8.243912,8.191483,8.139027,8.191483,8.139027,8.086544,8.208961,8.278851,8.296310,8.156513,8.296310,
5.768597,5.893753,5.875885,5.893753,6.107971,6.481804,7.137272,7.999016,8.121536,7.031254,6.000916,5.284477,4.689812,4.364071,4.164528,4.037365,4.055538,4.037365,4.019184,4.019184,4.110050,4.055538,4.200836,4.327812,4.780113,4.978535,5.356339,5.338371,5.338371,4.924461,4.960514,4.689812,4.237133,4.545155,5.122616,5.032589,4.834267,4.888393,5.158604,5.607468,5.446091,4.906425,4.563248,4.490860,4.382195,4.273415,4.273415,4.327812,4.382195,4.382195,4.527058,4.309685,4.454651,4.364071,4.309685,4.218987,4.255280,4.527058,4.635590,4.707874,4.581333,4.436539,4.436539,4.345943,4.635590,4.436539,4.200836,4.146374,4.182686,4.182686,4.309685,4.345943,4.508957,4.581333,4.816223,4.689812,4.924461,5.302444,5.893753,6.606125,6.995895,6.995895,6.694839,6.712570,6.712570,6.854328,7.225533,8.296310,8.575333,7.753536,6.481804,5.553699,5.122616,4.924461,4.743999,4.400314,4.436539,4.924461,5.266499,5.032589,4.725941,4.653660,5.140610,5.643291,5.356339,5.086613,4.870358,4.653660,4.653660,4.599422,4.599422,4.707874,5.230549,5.571625,5.374290,5.050598,5.176598,5.679108,6.730297,7.348972,7.472267,6.907440,6.054455,5.893753,5.965206,6.357342,6.357342,5.697014,5.804367,5.768597,6.107971,6.446259,6.036610,6.125797,6.143627,6.090134,6.499577,6.499577,6.570625,6.836617,6.995895,7.560242,8.278851,8.470791,9.252239,9.700993,9.563126,9.580376,9.787056,10.711826,12.116257,12.551975,12.451607,12.418129,12.082661,11.594112,11.187904,10.899132,10.507072,10.199139,10.027649,9.752644,9.683773,9.304119,9.200333,9.079109,8.992432,8.905678,8.853588,8.766716,8.662369,8.679768,8.888317,9.183022,8.975086,8.836220,8.870953,8.818848,8.766716,8.784096,8.749332,8.644970,8.505650,8.610161,8.888317,9.269539,9.009773,8.557915,8.505650,8.488220,8.523075,8.540497,8.610161,8.505650,8.523075,8.540497,8.592743,8.610161,8.627563,8.644970,8.557915,8.662369,8.592743,8.697163,8.627563,8.627563,8.662369,8.627563,8.766716,9.027115,9.148392,8.957737,9.079109,9.131081,9.131081,8.940388,8.801476,8.679768,8.662369,8.644970,8.679768,8.749332,8.731949,8.610161,8.523075,8.505650,8.488220,8.488220,8.540497,8.540497,8.592743,8.523075,8.435913,8.488220,8.627563,8.679768,8.488220,8.348686,8.644970,9.096436,8.940388,8.644970,8.697163,8.784096,8.836220,8.853588,8.992432,8.975086,8.975086,8.818848,8.801476,8.836220,9.269539,9.217640,9.096436,9.148392,9.165710,9.217640,9.286831,9.821461,10.096279,9.907425,9.700993,9.700993,9.683773,9.735428,9.545887,9.545887,9.511379,9.666546,9.597610,9.649315,9.649315,9.632080,9.683773,9.718216,9.700993,9.614849,9.700993,9.752644,9.838661,9.838661,9.804260,9.683773,9.683773,9.958965,9.907425,9.941792,9.976139,10.079128,10.044807,9.976139,9.941792,9.958965,9.907425,9.838661,9.993317,9.958965,9.855862,9.941792,10.609497,10.694775,10.284771,9.907425,9.924606,9.924606,10.113426,10.027649,9.890244,9.855862,9.769852,9.907425,10.164867,10.096279,10.079128,10.113426,10.182007,10.250530,10.336117,10.216270,10.250530,10.199139,10.027649,10.027649,9.890244,10.130581,10.233398,10.079128,9.958965,9.958965,10.113426,10.096279,10.010487,9.855862,9.821461,9.752644,9.580376,9.632080,9.907425,10.113426,9.804260,9.476868,9.459610,9.597610,9.614849,9.649315,9.545887,9.425079,9.373260,9.217640,9.079109,9.061775,9.217640,9.096436,9.061775,8.957737,8.644970,8.627563,8.540497,8.296310,8.226437,7.893879,7.683289,7.525059,7.190231,6.499577,5.840134,5.643291,5.517838,5.464031,5.410194,5.553699,5.661201,6.303955,6.995895,7.472267,7.735977,7.771088,7.718422,7.665718,7.560242,7.612995,7.718422,7.648148,7.595413,7.437057,7.542656,7.419441,7.296085,7.278450,7.225533,7.278450,7.190231,7.172585,7.137272,7.137272,7.225533,7.154926,7.207882,7.243172,7.296085,7.154926,7.190231,6.995895,7.031254,7.048931,7.013577,6.978207,6.854328,6.730297,6.765751,6.748028,6.570625,6.677101,6.659363,6.517342,6.428486,6.428486,6.428486,6.410706,6.339550,6.268349,6.268349,6.303955,6.321754,6.321754,6.179276,6.268349,6.286148,6.250534,6.268349,6.179276,6.107971,5.983063,5.965206,5.947346,5.840134,5.893753,5.965206,6.090134,6.161457,6.268349,6.161457,6.214916,6.197094,6.179276,6.179276,6.197094,6.286148,6.268349,6.214916,6.268349,6.321754,6.392914,6.357342,6.428486,6.588379,6.517342,6.606125,6.659363,6.730297,6.872036,6.783474,6.907440,6.872036,6.978207,7.137272,7.119606,7.243172,7.260815,7.331345,7.507469,7.683289,7.665718,7.893879,7.876347,7.823730,7.928940,7.963982,8.104042,8.034035,8.086544,8.121536,8.174004,8.156513,8.174004,8.174004,8.331230,8.313774,8.278851,8.226437,8.383591,8.418476,8.348686,8.296310,8.331230,8.435913,8.348686,8.331230,8.348686,8.331230,8.383591,8.366138,8.366138,8.401035,8.348686,8.331230,8.313774,8.331230,8.278851,8.331230,8.278851,8.366138,8.366138,8.261383,8.243912,8.261383,8.261383,8.296310,8.226437,7.753536,6.836617,6.214916,5.983063,5.750706,5.732807,5.786484,6.107971,6.535103,7.119606,7.207882,7.119606,7.031254,6.907440,6.677101,6.552864,6.641617,6.748028,6.872036,6.872036,6.942829,6.872036,7.048931,6.978207,7.137272,7.137272,7.172585,7.243172,7.190231,7.331345,7.296085,7.331345,7.366592,7.437057,7.489868,7.419441,7.489868,7.525059,7.577831,7.648148,7.648148,7.665718,7.648148,7.700855,7.735977,7.823730,7.788635,7.753536,7.876347,7.806187,7.806187,7.963982,7.981499,8.016525,8.104042,8.086544,8.156513,8.331230,8.348686,8.366138,8.592743,8.679768,8.766716,8.940388,9.009773,9.286831,9.545887,9.321407,8.453358,7.612995,7.384212,7.366592,7.525059,8.051544,8.540497,8.870953,9.597610,11.018150,12.082661,12.284077,11.914482,11.712273,11.170944,10.916145,10.865101,10.694775,10.438725,10.096279,9.821461,9.459610,9.286831,9.148392,8.870953,8.853588,8.662369,8.644970,8.592743,8.575333,8.401035,8.401035,8.383591,8.366138,8.366138,8.296310,8.296310,8.261383,8.226437,8.435913,8.488220,8.435913,8.226437,8.383591,8.313774,8.331230,8.278851,8.331230,8.226437,8.401035,8.401035,8.401035,
5.732807,5.947346,5.929482,6.090134,6.107971,6.339550,6.783474,7.472267,7.683289,7.031254,6.036610,5.679108,5.266499,4.599422,4.237133,4.128212,3.982819,3.982819,4.073711,3.982819,4.128212,4.146374,4.001003,3.964630,4.146374,4.291550,4.418427,4.581333,4.436539,4.653660,4.762062,4.418427,4.182686,4.780113,5.086613,4.906425,4.888393,4.834267,5.068611,5.517838,5.410194,4.725941,4.653660,4.418427,4.164528,4.309685,4.400314,4.436539,4.436539,4.508957,4.653660,4.527058,4.436539,4.309685,4.218987,4.200836,4.218987,4.418427,4.454651,4.472755,4.454651,4.382195,4.364071,4.436539,4.563248,4.400314,4.291550,4.073711,4.019184,4.146374,4.255280,4.309685,4.400314,4.617508,4.689812,4.563248,4.780113,4.960514,5.571625,6.428486,7.154926,7.119606,6.960518,6.854328,6.677101,6.836617,7.013577,8.016525,8.331230,8.208961,6.978207,6.090134,5.643291,5.284477,5.050598,4.725941,4.545155,4.689812,4.996559,5.248528,5.499908,5.302444,5.517838,6.357342,6.481804,6.072296,5.248528,4.960514,4.888393,5.212570,5.176598,5.194580,5.625381,5.858009,5.697014,5.607468,6.072296,6.303955,6.606125,7.066605,7.260815,6.783474,6.000916,5.893753,6.357342,6.552864,6.179276,5.750706,5.750706,6.054455,6.446259,6.250534,6.392914,6.428486,6.125797,6.339550,6.446259,6.375134,6.677101,6.801193,6.889732,7.595413,7.823730,8.278851,9.304119,9.993317,9.752644,9.597610,9.735428,10.404537,11.695396,12.618832,12.735714,12.702332,12.384636,11.796577,11.441990,11.018150,10.507072,10.113426,9.976139,10.027649,9.993317,9.597610,9.321407,9.165710,9.027115,9.009773,8.992432,8.940388,8.818848,8.784096,9.165710,9.459610,9.252239,9.148392,9.148392,9.096436,9.200333,9.044441,9.027115,9.061775,9.027115,9.131081,9.217640,9.217640,9.234943,8.992432,9.027115,8.992432,8.975086,9.027115,8.940388,8.923035,9.061775,8.784096,8.836220,8.801476,8.905678,8.784096,8.662369,8.644970,8.749332,8.784096,8.679768,8.662369,8.679768,8.679768,8.679768,9.009773,9.425079,9.252239,9.113758,9.079109,9.044441,9.148392,9.096436,8.992432,9.096436,9.096436,9.044441,9.079109,9.148392,8.992432,8.975086,8.870953,8.870953,8.801476,8.801476,8.784096,8.888317,8.801476,8.731949,8.679768,8.784096,8.853588,8.627563,8.627563,8.801476,9.165710,8.940388,8.644970,8.644970,8.784096,8.731949,8.784096,8.870953,8.923035,8.905678,8.853588,8.870953,8.940388,9.580376,9.580376,9.183022,9.165710,9.217640,9.321407,9.425079,9.700993,9.804260,9.683773,9.597610,9.614849,9.563126,9.614849,9.545887,9.580376,9.476868,9.494129,9.545887,9.476868,9.425079,9.476868,9.563126,9.597610,9.700993,9.787056,9.838661,9.873051,9.769852,9.804260,9.666546,9.632080,9.718216,9.958965,10.079128,9.873051,9.804260,9.838661,9.907425,9.958965,9.976139,10.044807,10.010487,10.147728,10.233398,10.096279,10.130581,10.130581,10.507072,10.507072,10.233398,10.147728,9.976139,9.873051,9.890244,9.838661,9.838661,9.700993,9.718216,9.855862,9.907425,9.941792,9.873051,9.804260,9.752644,9.718216,9.787056,9.752644,9.907425,9.941792,9.855862,9.821461,9.769852,10.199139,10.404537,10.044807,9.649315,9.752644,9.873051,9.890244,9.907425,9.804260,9.752644,9.442345,9.407806,9.373260,9.545887,9.752644,9.425079,9.286831,9.338692,9.321407,9.407806,9.373260,9.269539,9.217640,9.079109,9.044441,8.888317,8.888317,8.940388,9.044441,8.975086,8.836220,8.627563,8.505650,8.505650,8.348686,8.121536,7.963982,7.893879,7.806187,7.384212,6.464035,5.697014,5.607468,5.464031,5.499908,5.517838,5.464031,5.679108,6.339550,7.031254,7.419441,7.648148,7.753536,7.648148,7.577831,7.560242,7.648148,7.648148,7.665718,7.542656,7.419441,7.525059,7.401833,7.207882,7.296085,7.278450,7.207882,7.296085,7.207882,7.243172,7.207882,7.278450,7.313717,7.225533,7.437057,7.384212,7.313717,7.313717,7.119606,7.190231,7.278450,7.225533,7.296085,7.137272,7.278450,7.278450,7.331345,7.278450,7.331345,7.384212,7.331345,7.225533,7.172585,7.243172,7.172585,7.084278,7.154926,7.066605,6.995895,6.978207,6.942829,6.889732,6.942829,7.031254,6.801193,6.641617,6.428486,5.983063,5.804367,5.714912,5.786484,5.714912,5.858009,5.893753,6.000916,6.250534,6.232731,6.268349,6.303955,6.286148,6.321754,6.286148,6.250534,6.303955,6.214916,6.232731,6.250534,6.250534,6.232731,6.286148,6.375134,6.303955,6.321754,6.410706,6.392914,6.464035,6.464035,6.428486,6.535103,6.570625,6.570625,6.570625,6.481804,6.517342,6.570625,6.748028,6.677101,6.712570,6.765751,6.801193,6.818905,6.836617,6.907440,6.978207,6.978207,7.101940,7.066605,7.084278,7.225533,7.313717,7.384212,7.454662,7.437057,7.507469,7.648148,7.788635,7.823730,7.700855,7.928940,8.034035,8.051544,8.086544,8.139027,8.174004,8.243912,8.435913,8.435913,8.470791,8.453358,8.523075,8.540497,8.540497,8.523075,8.610161,8.679768,8.610161,8.557915,8.610161,8.540497,8.644970,8.610161,8.610161,8.453358,8.470791,8.226437,7.401833,6.446259,6.000916,5.840134,5.750706,5.714912,5.822250,6.143627,7.013577,7.507469,7.454662,7.348972,7.207882,7.084278,7.031254,7.013577,7.048931,7.048931,7.154926,7.207882,7.243172,7.207882,7.154926,7.172585,7.190231,7.313717,7.260815,7.260815,7.278450,7.278450,7.384212,7.384212,7.401833,7.542656,7.489868,7.525059,7.542656,7.577831,7.612995,7.560242,7.542656,7.560242,7.648148,7.665718,7.683289,7.735977,7.665718,7.683289,7.683289,7.683289,7.753536,7.841270,7.823730,7.928940,7.963982,7.999016,8.051544,8.086544,8.278851,8.348686,8.366138,8.523075,8.610161,8.697163,8.940388,9.165710,9.252239,8.731949,7.911411,7.278450,7.190231,7.260815,7.665718,8.278851,8.714558,9.234943,10.472908,11.678528,12.082661,12.233765,11.830276,11.323498,10.967159,10.677727,10.643623,10.558300,10.404537,10.250530,9.958965,9.804260,9.252239,9.096436,8.992432,8.957737,8.714558,8.888317,8.679768,8.575333,8.418476,8.366138,8.296310,8.278851,8.296310,8.243912,8.208961,8.261383,8.540497,8.662369,8.505650,8.488220,8.313774,8.331230,8.348686,8.296310,8.331230,8.383591,8.401035,8.435913,8.383591,8.383591,
5.535770,5.893753,6.054455,6.125797,6.054455,6.197094,6.517342,7.013577,7.278450,6.925133,6.392914,6.107971,5.679108,5.032589,4.490860,4.273415,4.091881,4.019184,4.019184,4.037365,4.001003,4.110050,3.873646,3.873646,3.855442,3.982819,4.019184,4.110050,4.273415,4.635590,4.472755,4.255280,4.182686,4.924461,5.050598,4.924461,4.816223,4.689812,5.032589,5.446091,5.212570,4.725941,4.635590,4.218987,4.200836,4.273415,4.364071,4.400314,4.345943,4.436539,4.508957,4.454651,4.472755,4.273415,4.091881,4.218987,4.345943,4.273415,4.345943,4.382195,4.382195,4.309685,4.255280,4.382195,4.581333,4.472755,4.309685,4.182686,4.091881,4.146374,4.237133,4.418427,4.418427,4.581333,4.599422,4.527058,4.852314,5.032589,5.732807,6.606125,7.419441,7.577831,7.154926,6.995895,6.889732,6.907440,7.013577,7.348972,8.174004,8.470791,7.700855,6.907440,6.375134,5.983063,5.374290,5.032589,4.906425,4.870358,5.320412,5.625381,5.750706,5.697014,5.589546,6.659363,7.066605,6.748028,5.589546,4.960514,5.535770,6.143627,5.607468,5.428139,5.804367,6.143627,5.911625,6.072296,6.410706,6.339550,6.428486,6.392914,6.836617,6.606125,6.125797,6.214916,6.818905,6.677101,6.303955,5.804367,5.697014,6.107971,6.588379,6.375134,6.854328,6.872036,6.268349,6.464035,6.517342,6.481804,6.801193,6.872036,7.031254,7.542656,7.999016,8.888317,9.907425,10.061974,9.873051,9.752644,9.735428,10.079128,11.187904,12.635536,12.685638,12.685638,12.351128,11.880806,11.594112,11.289619,10.933151,10.455822,10.233398,10.541225,10.643623,10.010487,9.614849,9.476868,9.373260,9.321407,9.338692,9.183022,8.923035,9.113758,9.390537,9.511379,9.355976,9.286831,9.321407,9.286831,9.321407,9.373260,9.373260,9.373260,9.373260,9.476868,9.459610,9.442345,9.476868,9.390537,9.494129,9.373260,9.390537,9.338692,9.252239,9.269539,9.304119,9.148392,9.096436,9.183022,9.476868,9.304119,9.096436,9.044441,9.061775,9.061775,9.061775,9.096436,9.079109,8.853588,9.027115,9.113758,9.459610,9.217640,9.113758,9.148392,9.234943,9.183022,9.217640,9.252239,9.183022,9.183022,9.148392,9.131081,9.165710,9.113758,9.165710,9.044441,9.027115,9.044441,9.061775,9.079109,9.148392,9.131081,9.009773,8.975086,9.096436,9.338692,8.975086,8.853588,8.836220,8.975086,8.731949,8.662369,8.731949,8.853588,8.801476,8.957737,8.957737,8.992432,8.957737,8.870953,8.940388,8.975086,9.494129,9.390537,9.096436,9.165710,9.131081,9.148392,9.183022,9.494129,9.545887,9.563126,9.459610,9.304119,9.304119,9.286831,9.286831,9.269539,9.286831,9.321407,9.200333,9.252239,9.269539,9.338692,9.494129,9.442345,9.442345,9.563126,9.924606,9.907425,9.683773,9.718216,9.649315,9.666546,9.666546,9.700993,9.718216,9.649315,9.476868,9.425079,9.494129,9.873051,9.924606,9.941792,9.873051,10.130581,10.147728,10.096279,10.164867,10.147728,10.301891,10.301891,10.182007,10.199139,10.233398,10.182007,10.113426,10.130581,10.061974,9.890244,9.752644,10.079128,10.079128,10.027649,9.718216,9.735428,9.649315,9.735428,9.666546,9.666546,9.752644,9.769852,9.752644,9.769852,9.649315,10.164867,10.216270,9.735428,9.373260,9.338692,9.269539,9.373260,9.459610,9.407806,9.321407,9.269539,9.183022,9.148392,9.131081,9.148392,9.131081,9.027115,9.183022,9.252239,9.234943,9.200333,9.044441,9.009773,8.801476,8.610161,8.662369,8.905678,8.975086,8.888317,8.662369,8.557915,8.470791,8.331230,8.296310,8.139027,8.016525,7.893879,7.735977,7.683289,7.190231,6.286148,5.679108,5.517838,5.428139,5.446091,5.553699,5.517838,5.607468,6.321754,7.013577,7.419441,7.630577,7.753536,7.595413,7.648148,7.542656,7.507469,7.525059,7.472267,7.401833,7.296085,7.366592,7.225533,7.137272,7.225533,7.101940,7.119606,7.172585,7.137272,7.137272,7.190231,7.172585,7.172585,7.137272,7.296085,7.296085,7.225533,7.296085,7.190231,7.260815,7.384212,7.260815,7.172585,7.243172,7.243172,7.278450,7.419441,7.472267,7.401833,7.419441,7.437057,7.348972,7.384212,7.489868,7.401833,7.419441,7.472267,7.454662,7.401833,7.489868,7.525059,7.507469,7.630577,7.577831,7.595413,7.296085,6.818905,5.589546,5.194580,5.230549,5.212570,5.230549,5.374290,5.571625,6.375134,6.748028,6.854328,6.801193,6.818905,6.748028,6.677101,6.677101,6.677101,6.694839,6.677101,6.570625,6.641617,6.677101,6.677101,6.730297,6.641617,6.677101,6.694839,6.730297,6.730297,6.730297,6.677101,6.588379,6.535103,6.499577,6.517342,6.517342,6.517342,6.570625,6.481804,6.464035,6.517342,6.570625,6.570625,6.588379,6.517342,6.570625,6.570625,6.641617,6.623875,6.677101,6.623875,6.570625,6.712570,6.641617,6.818905,6.765751,6.801193,6.783474,6.854328,6.872036,6.907440,6.960518,6.960518,7.101940,7.137272,7.243172,7.331345,7.296085,7.331345,7.401833,7.560242,7.630577,7.683289,7.806187,7.806187,7.858810,7.893879,7.963982,7.963982,8.016525,8.191483,8.156513,8.191483,8.104042,8.174004,8.278851,8.331230,8.313774,8.016525,6.978207,6.321754,5.911625,5.804367,5.768597,5.822250,6.107971,6.499577,7.525059,7.718422,7.630577,7.665718,7.542656,7.437057,7.507469,7.507469,7.525059,7.577831,7.560242,7.700855,7.630577,7.630577,7.718422,7.700855,7.700855,7.648148,7.735977,7.700855,7.648148,7.718422,7.806187,7.718422,7.806187,7.788635,7.718422,7.735977,7.823730,7.823730,7.858810,7.718422,7.718422,7.665718,7.735977,7.683289,7.806187,7.735977,7.700855,7.753536,7.718422,7.700855,7.771088,7.876347,7.771088,7.858810,7.841270,7.946465,7.963982,8.121536,8.121536,8.191483,8.313774,8.366138,8.453358,8.627563,8.923035,9.183022,8.992432,8.243912,7.472267,7.066605,7.278450,7.366592,7.876347,8.348686,8.888317,9.976139,11.306557,12.149849,12.216988,12.015423,11.306557,10.745911,10.130581,10.027649,9.941792,9.924606,9.718216,9.735428,9.597610,9.338692,9.096436,8.992432,9.027115,9.148392,8.923035,9.009773,8.784096,8.749332,8.644970,8.540497,8.488220,8.418476,8.331230,8.418476,8.401035,8.505650,8.610161,8.610161,8.505650,8.505650,8.453358,8.383591,8.418476,8.348686,8.313774,8.366138,8.296310,8.313774,8.278851,8.174004,
5.068611,5.625381,5.965206,6.197094,6.268349,6.357342,6.410706,6.818905,7.119606,7.172585,7.084278,6.588379,6.000916,5.481972,4.924461,4.870358,4.545155,4.291550,4.110050,4.128212,4.091881,4.001003,3.982819,3.910049,3.946442,3.855442,4.019184,4.182686,4.454651,4.725941,4.490860,4.110050,4.218987,4.581333,4.960514,4.870358,4.924461,4.888393,5.194580,5.446091,5.032589,4.635590,4.545155,4.200836,4.182686,4.291550,4.382195,4.400314,4.400314,4.364071,4.436539,4.436539,4.527058,4.309685,4.200836,4.110050,4.182686,4.164528,4.218987,4.400314,4.454651,4.382195,4.291550,4.508957,4.816223,4.870358,4.508957,4.200836,4.182686,4.128212,4.309685,4.400314,4.436539,4.545155,4.563248,4.671738,4.942490,5.122616,6.232731,7.137272,8.034035,7.876347,7.419441,7.207882,7.031254,7.013577,7.048931,7.207882,7.911411,8.435913,8.191483,7.946465,7.806187,6.854328,5.947346,5.643291,5.643291,5.625381,5.929482,5.625381,5.517838,5.428139,5.750706,6.392914,7.296085,6.942829,5.607468,5.104614,6.250534,6.659363,5.607468,5.284477,5.679108,6.232731,6.179276,6.018761,6.321754,6.623875,6.464035,6.232731,6.357342,6.588379,6.375134,6.357342,6.588379,6.464035,6.623875,5.858009,5.875885,6.036610,6.321754,6.428486,6.942829,6.836617,6.606125,6.570625,6.535103,6.659363,6.872036,6.872036,6.942829,7.542656,8.610161,9.787056,10.745911,10.404537,10.130581,9.821461,9.838661,9.976139,10.762939,12.200203,12.568703,12.551975,12.384636,12.032238,11.678528,11.374298,11.086086,10.694775,10.455822,10.609497,10.779976,10.182007,9.804260,9.632080,9.476868,9.338692,9.338692,9.338692,9.131081,9.165710,9.113758,9.165710,9.269539,9.252239,9.286831,9.269539,9.321407,9.407806,9.459610,9.425079,9.494129,9.476868,9.511379,9.442345,9.614849,9.649315,9.614849,9.494129,9.425079,9.390537,9.425079,9.442345,9.390537,9.269539,9.321407,9.476868,9.683773,9.442345,9.183022,9.183022,9.234943,9.079109,9.061775,9.183022,9.183022,9.079109,9.165710,9.200333,9.269539,9.304119,9.200333,9.217640,9.200333,9.165710,9.079109,9.148392,9.165710,9.269539,9.200333,9.061775,9.217640,9.373260,9.545887,9.200333,9.079109,9.079109,9.113758,9.096436,9.079109,9.096436,8.957737,8.888317,9.148392,9.286831,9.183022,8.818848,8.801476,8.888317,8.766716,8.731949,8.818848,8.905678,8.992432,9.027115,9.061775,9.061775,9.079109,8.957737,9.009773,9.079109,9.269539,9.269539,9.252239,9.217640,9.200333,9.217640,9.131081,9.304119,9.649315,9.580376,9.355976,9.217640,9.061775,8.992432,9.044441,9.096436,9.113758,9.234943,9.148392,9.131081,9.234943,9.165710,9.286831,9.096436,9.061775,9.044441,9.683773,9.528633,9.234943,9.234943,9.234943,9.269539,9.269539,9.234943,9.528633,9.442345,9.252239,9.217640,9.425079,9.855862,9.958965,9.838661,9.700993,9.821461,9.958965,9.958965,10.079128,10.027649,10.113426,10.130581,10.130581,10.216270,10.164867,10.216270,10.164867,10.164867,10.061974,9.890244,9.941792,10.216270,10.233398,10.010487,9.649315,9.563126,9.666546,9.700993,9.735428,9.700993,9.769852,9.838661,9.838661,9.752644,9.821461,9.976139,9.941792,9.666546,9.459610,9.338692,9.407806,9.355976,9.407806,9.286831,9.338692,9.217640,9.096436,9.079109,9.200333,9.165710,9.079109,9.131081,9.079109,9.234943,9.009773,8.853588,8.714558,8.679768,8.453358,8.435913,8.435913,8.923035,9.079109,8.644970,8.366138,8.243912,8.104042,8.174004,8.069046,7.946465,7.876347,7.700855,7.648148,7.366592,7.048931,6.232731,5.625381,5.517838,5.446091,5.481972,5.446091,5.553699,5.679108,6.375134,6.907440,7.419441,7.577831,7.648148,7.612995,7.683289,7.560242,7.507469,7.419441,7.384212,7.331345,7.331345,7.296085,7.172585,7.101940,7.066605,7.048931,7.154926,7.066605,7.013577,7.137272,7.172585,7.225533,7.243172,7.101940,7.207882,7.190231,7.137272,7.154926,7.031254,7.137272,7.154926,7.154926,7.207882,7.207882,7.207882,7.172585,7.278450,7.243172,7.331345,7.401833,7.331345,7.313717,7.419441,7.472267,7.401833,7.437057,7.472267,7.384212,7.525059,7.437057,7.560242,7.648148,7.823730,7.823730,7.700855,7.384212,6.659363,5.464031,5.104614,5.050598,4.996559,4.978535,5.104614,5.481972,6.765751,7.260815,7.172585,7.084278,7.101940,7.137272,7.119606,7.031254,7.119606,7.137272,7.137272,7.278450,7.172585,7.225533,7.401833,7.437057,7.401833,7.419441,7.472267,7.525059,7.472267,7.507469,7.560242,7.437057,7.384212,7.278450,7.296085,7.172585,7.137272,7.190231,7.137272,7.066605,6.978207,6.960518,6.889732,6.889732,6.836617,6.783474,6.854328,6.765751,6.872036,6.801193,6.801193,6.836617,6.730297,6.818905,6.818905,6.677101,6.694839,6.694839,6.694839,6.801193,6.730297,6.748028,6.783474,6.765751,6.783474,6.783474,6.907440,6.854328,6.872036,6.872036,6.872036,7.013577,6.978207,7.013577,7.101940,7.154926,7.119606,7.225533,7.172585,7.172585,7.225533,7.260815,7.278450,7.366592,7.419441,7.260815,7.419441,7.366592,7.101940,6.446259,5.983063,5.911625,5.858009,5.947346,5.822250,6.179276,6.854328,7.419441,7.612995,7.665718,7.612995,7.542656,7.542656,7.577831,7.665718,7.683289,7.823730,7.841270,7.928940,7.999016,7.981499,8.069046,8.051544,8.191483,8.243912,8.174004,8.191483,8.191483,8.243912,8.313774,8.296310,8.366138,8.331230,8.383591,8.296310,8.348686,8.348686,8.401035,8.296310,8.348686,8.296310,8.278851,8.366138,8.261383,8.366138,8.331230,8.348686,8.243912,8.121536,8.139027,8.243912,8.226437,8.261383,8.243912,8.226437,8.261383,8.366138,8.383591,8.401035,8.401035,8.540497,8.610161,8.836220,8.905678,8.975086,8.540497,7.577831,7.154926,7.066605,7.331345,7.612995,8.016525,8.557915,9.269539,10.472908,11.847122,12.200203,12.032238,11.577221,11.069107,10.575371,10.284771,10.182007,9.976139,9.890244,9.735428,9.597610,9.459610,9.148392,9.009773,9.096436,9.096436,9.079109,8.992432,8.818848,8.644970,8.644970,8.540497,8.470791,8.401035,8.453358,8.470791,8.418476,8.488220,8.505650,8.557915,8.523075,8.453358,8.401035,8.401035,8.366138,8.470791,8.488220,8.383591,8.313774,8.278851,8.226437,8.191483,8.366138,
4.725941,5.248528,5.893753,6.268349,6.552864,6.499577,6.641617,6.854328,7.084278,7.260815,7.331345,6.836617,6.214916,5.714912,5.553699,5.464031,5.158604,4.599422,4.743999,4.508957,4.091881,4.037365,3.910049,4.037365,4.037365,4.001003,4.037365,4.291550,4.798172,4.762062,4.327812,4.164528,4.200836,4.309685,4.671738,4.762062,4.906425,5.410194,6.197094,6.018761,4.960514,4.617508,4.490860,4.273415,4.200836,4.436539,4.400314,4.418427,4.454651,4.454651,4.418427,4.382195,4.364071,4.327812,4.273415,4.091881,4.146374,4.055538,4.273415,4.472755,4.382195,4.327812,4.345943,4.780113,5.607468,5.302444,4.653660,4.472755,4.255280,4.436539,4.599422,4.545155,4.581333,4.545155,4.689812,4.834267,5.140610,5.320412,6.677101,7.612995,8.069046,7.876347,7.612995,7.437057,7.225533,7.048931,7.137272,7.243172,7.507469,8.121536,8.644970,8.749332,9.096436,7.981499,6.535103,5.875885,5.840134,5.983063,6.000916,5.750706,5.356339,5.266499,5.410194,5.840134,6.499577,6.623875,5.732807,5.661201,6.535103,6.214916,5.535770,5.392242,5.750706,6.659363,7.013577,6.143627,6.375134,6.942829,6.925133,6.428486,6.303955,6.410706,6.481804,6.303955,6.446259,6.872036,6.677101,6.375134,6.090134,5.929482,6.552864,6.712570,6.818905,6.606125,6.889732,6.641617,6.641617,6.783474,6.872036,7.137272,7.154926,7.735977,8.766716,10.233398,11.543430,10.916145,10.233398,10.027649,9.838661,9.890244,10.421631,11.289619,12.116257,12.451607,12.384636,12.284077,12.015423,11.661655,11.475815,11.170944,10.745911,10.609497,10.370338,10.130581,9.838661,9.683773,9.614849,9.442345,9.407806,9.442345,9.286831,9.079109,8.975086,8.957737,9.148392,9.113758,8.992432,8.975086,9.027115,9.009773,9.113758,9.148392,9.061775,8.975086,9.079109,9.113758,9.217640,9.425079,9.217640,9.044441,9.061775,9.200333,9.131081,9.183022,9.183022,9.131081,9.234943,9.286831,9.390537,9.373260,9.304119,9.183022,9.131081,9.183022,9.217640,9.165710,9.165710,9.148392,9.096436,9.079109,9.234943,9.252239,9.234943,9.183022,9.165710,9.113758,9.096436,9.217640,9.165710,9.113758,9.079109,9.148392,9.234943,9.718216,9.700993,9.373260,9.286831,9.183022,9.113758,9.165710,9.200333,9.165710,9.131081,9.096436,9.165710,9.148392,8.992432,8.836220,8.784096,8.836220,8.853588,8.836220,8.870953,9.027115,9.131081,9.079109,9.131081,9.027115,9.165710,9.494129,9.373260,9.321407,9.373260,9.528633,9.528633,9.476868,9.355976,9.234943,9.355976,9.234943,9.838661,9.993317,9.528633,9.165710,8.940388,9.009773,9.009773,9.096436,9.096436,9.096436,9.061775,9.044441,9.044441,9.096436,9.079109,9.096436,9.027115,9.131081,9.425079,9.131081,9.009773,8.940388,8.940388,8.992432,8.957737,9.234943,9.355976,9.425079,9.113758,9.113758,9.425079,10.147728,9.993317,9.735428,9.735428,9.718216,9.787056,9.821461,9.873051,9.873051,9.890244,10.010487,9.993317,10.096279,10.044807,10.130581,10.079128,9.993317,9.924606,9.855862,9.821461,10.061974,9.993317,9.752644,9.528633,9.597610,9.683773,9.769852,9.700993,9.666546,9.580376,9.563126,9.528633,9.545887,9.528633,9.632080,9.649315,9.649315,9.683773,9.683773,9.649315,9.528633,9.511379,9.321407,9.286831,9.286831,9.234943,9.338692,9.528633,9.649315,9.425079,9.321407,9.269539,9.165710,9.027115,8.923035,8.836220,8.801476,8.644970,8.523075,8.523075,8.836220,8.975086,8.575333,8.313774,8.208961,8.278851,8.104042,8.051544,8.016525,7.841270,7.735977,7.560242,7.348972,7.031254,6.143627,5.679108,5.481972,5.428139,5.410194,5.374290,5.446091,5.589546,6.481804,7.137272,7.437057,7.577831,7.560242,7.507469,7.595413,7.525059,7.419441,7.366592,7.296085,7.366592,7.313717,7.313717,7.137272,7.119606,7.031254,7.031254,7.119606,7.013577,7.101940,7.084278,7.101940,7.190231,7.225533,7.190231,7.119606,7.031254,7.084278,7.084278,7.013577,6.960518,7.172585,7.154926,7.190231,7.119606,7.066605,7.101940,7.137272,7.190231,7.154926,7.278450,7.348972,7.313717,7.348972,7.384212,7.348972,7.507469,7.437057,7.401833,7.472267,7.366592,7.348972,7.472267,7.841270,7.771088,7.718422,7.331345,6.410706,5.392242,4.924461,4.906425,4.924461,4.906425,5.122616,5.714912,6.836617,7.243172,7.260815,7.101940,7.172585,7.066605,7.084278,7.119606,7.137272,7.101940,7.207882,7.331345,7.313717,7.454662,7.472267,7.700855,7.753536,7.806187,7.771088,7.928940,7.963982,8.051544,8.086544,8.139027,8.191483,8.174004,8.226437,8.191483,8.174004,8.261383,8.139027,8.174004,8.139027,8.121536,8.104042,8.069046,8.121536,8.086544,7.981499,7.841270,7.858810,7.876347,7.700855,7.648148,7.577831,7.507469,7.472267,7.366592,7.331345,7.296085,7.207882,7.207882,7.172585,7.172585,7.137272,7.084278,7.154926,7.066605,6.978207,7.031254,6.978207,6.978207,6.925133,6.960518,6.978207,6.907440,6.907440,6.907440,6.942829,6.978207,6.960518,6.995895,6.960518,6.978207,6.978207,7.031254,6.925133,6.960518,6.978207,6.907440,6.783474,6.286148,6.161457,6.072296,6.090134,5.965206,6.179276,6.268349,6.818905,6.925133,6.995895,7.031254,6.872036,6.801193,6.995895,7.048931,7.101940,7.101940,7.278450,7.366592,7.384212,7.507469,7.542656,7.595413,7.630577,7.700855,7.858810,7.858810,7.876347,7.946465,8.086544,8.051544,8.174004,8.278851,8.278851,8.401035,8.435913,8.592743,8.575333,8.592743,8.662369,8.714558,8.662369,8.662369,8.610161,8.714558,8.662369,8.679768,8.627563,8.644970,8.662369,8.662369,8.662369,8.714558,8.749332,8.801476,8.801476,8.923035,8.836220,8.888317,8.975086,8.992432,9.009773,9.027115,9.165710,9.131081,8.853588,8.139027,7.454662,7.101940,7.154926,7.296085,7.876347,8.383591,8.957737,9.855862,11.306557,12.284077,12.384636,11.964966,11.289619,10.524147,10.182007,9.993317,9.855862,9.855862,9.804260,9.735428,9.632080,9.511379,9.165710,9.027115,9.079109,8.818848,8.888317,8.662369,8.470791,8.383591,8.348686,8.331230,8.226437,8.261383,8.261383,8.174004,8.261383,8.401035,8.348686,8.383591,8.401035,8.296310,8.296310,8.261383,8.296310,8.348686,8.383591,8.348686,8.261383,8.243912,8.296310,8.313774,8.366138,
4.798172,5.338371,6.000916,6.428486,6.730297,6.925133,7.031254,6.995895,7.225533,7.243172,7.313717,7.101940,6.375134,6.018761,6.072296,6.036610,5.410194,5.122616,5.607468,4.906425,4.273415,4.218987,4.400314,4.291550,4.273415,4.110050,4.146374,4.653660,5.176598,4.743999,4.527058,4.527058,4.490860,4.472755,4.617508,4.527058,4.834267,5.697014,7.946465,6.836617,5.194580,4.942490,4.689812,4.599422,4.581333,4.707874,4.508957,4.617508,4.581333,4.707874,4.599422,4.382195,4.400314,4.671738,4.635590,4.273415,4.164528,4.255280,4.382195,4.508957,4.472755,4.345943,4.689812,6.054455,6.339550,5.875885,4.942490,4.816223,4.834267,5.194580,4.996559,4.743999,4.671738,4.834267,4.996559,5.302444,5.517838,6.090134,6.872036,7.313717,7.348972,7.595413,8.016525,7.858810,7.419441,7.190231,7.190231,7.313717,7.384212,7.911411,8.592743,9.165710,9.976139,9.252239,6.995895,5.858009,5.822250,6.357342,6.303955,5.840134,5.230549,4.707874,4.996559,5.589546,6.125797,6.410706,5.965206,6.214916,6.464035,5.804367,5.535770,5.625381,6.000916,7.489868,7.823730,6.303955,6.375134,6.748028,6.942829,7.137272,6.694839,6.197094,6.232731,6.464035,7.612995,7.876347,7.119606,6.588379,6.286148,6.659363,7.243172,6.801193,6.677101,6.801193,7.172585,7.190231,6.765751,6.925133,7.331345,7.577831,7.013577,7.348972,8.191483,10.010487,12.518532,11.306557,10.182007,10.130581,10.010487,9.993317,10.182007,11.086086,12.250546,12.969040,13.052223,12.919083,12.752399,12.284077,11.897648,11.441990,11.069107,10.438725,10.301891,10.267654,10.113426,9.804260,9.752644,9.683773,9.476868,9.252239,9.165710,8.940388,8.853588,9.044441,9.217640,9.234943,8.888317,8.749332,8.714558,8.610161,8.731949,8.662369,8.644970,8.610161,8.662369,8.627563,8.818848,8.923035,8.714558,8.505650,8.523075,8.627563,8.610161,8.749332,8.662369,8.644970,8.818848,8.766716,8.870953,8.940388,8.888317,8.818848,8.940388,8.905678,8.853588,8.818848,8.801476,8.905678,8.888317,8.784096,9.044441,9.269539,9.200333,9.165710,9.148392,9.165710,9.113758,9.183022,9.234943,9.183022,9.044441,9.269539,9.373260,9.700993,9.614849,9.476868,9.476868,9.425079,9.373260,9.442345,9.494129,9.425079,9.580376,9.459610,9.373260,9.321407,9.269539,9.234943,9.131081,9.096436,9.009773,9.009773,9.113758,9.096436,9.269539,9.234943,9.217640,9.252239,9.373260,10.010487,9.821461,9.718216,9.649315,9.855862,9.907425,9.821461,9.649315,9.459610,9.494129,9.338692,9.924606,9.924606,9.649315,9.234943,9.079109,9.113758,9.131081,9.079109,9.165710,9.131081,9.027115,9.027115,9.061775,9.183022,9.044441,9.027115,9.027115,9.009773,9.027115,8.992432,8.940388,8.888317,8.923035,8.853588,9.009773,9.183022,10.010487,10.010487,9.442345,9.494129,9.804260,10.113426,10.061974,9.838661,9.769852,9.873051,9.907425,9.941792,9.924606,9.976139,9.907425,10.044807,9.941792,10.010487,9.976139,10.061974,9.976139,9.924606,9.838661,9.838661,9.718216,9.890244,9.855862,9.735428,9.597610,9.528633,9.666546,9.821461,10.027649,9.597610,9.407806,9.425079,9.373260,9.338692,9.338692,9.269539,9.373260,9.355976,9.476868,9.407806,9.511379,9.649315,9.459610,9.183022,9.131081,9.269539,9.286831,9.373260,9.614849,9.649315,9.390537,9.269539,9.131081,9.148392,8.992432,8.940388,8.818848,8.853588,8.836220,8.766716,8.731949,8.697163,8.697163,8.610161,8.488220,8.383591,8.331230,8.261383,8.139027,8.086544,8.104042,8.034035,7.876347,7.595413,7.084278,6.125797,5.589546,5.410194,5.338371,5.320412,5.410194,5.428139,5.750706,6.499577,7.331345,7.489868,7.577831,7.630577,7.560242,7.489868,7.401833,7.401833,7.489868,7.348972,7.454662,7.437057,7.331345,7.137272,7.084278,6.995895,7.119606,7.119606,7.048931,7.137272,6.995895,7.084278,7.225533,7.260815,7.084278,7.013577,7.119606,7.154926,7.101940,7.207882,7.101940,7.031254,7.101940,7.225533,7.066605,7.013577,7.066605,7.084278,7.119606,7.154926,7.172585,7.225533,7.260815,7.348972,7.419441,7.384212,7.472267,7.454662,7.419441,7.542656,7.454662,7.489868,7.489868,7.612995,7.612995,7.542656,7.119606,6.107971,5.248528,4.960514,4.942490,5.014572,4.960514,5.140610,5.929482,6.978207,7.225533,7.243172,7.154926,7.084278,6.942829,7.084278,7.066605,7.013577,7.084278,7.172585,7.296085,7.331345,7.348972,7.437057,7.700855,7.876347,7.788635,7.823730,7.893879,8.016525,8.139027,8.191483,8.226437,8.278851,8.435913,8.401035,8.418476,8.418476,8.435913,8.453358,8.348686,8.505650,8.557915,8.679768,8.644970,8.662369,8.801476,8.592743,8.679768,8.784096,8.714558,8.644970,8.714558,8.644970,8.714558,8.801476,8.575333,8.575333,8.557915,8.470791,8.523075,8.418476,8.348686,8.435913,8.470791,8.191483,8.174004,8.086544,8.016525,7.981499,7.946465,7.753536,7.718422,7.665718,7.472267,7.437057,7.348972,7.401833,7.366592,7.331345,7.278450,7.260815,7.154926,7.154926,7.119606,7.137272,6.995895,6.872036,6.748028,6.481804,6.464035,6.250534,6.321754,6.179276,6.197094,6.375134,6.499577,6.659363,6.588379,6.694839,6.641617,6.677101,6.623875,6.623875,6.659363,6.641617,6.623875,6.730297,6.748028,6.836617,6.907440,6.801193,6.907440,6.872036,6.872036,7.013577,6.995895,7.031254,7.066605,7.137272,7.172585,7.260815,7.260815,7.296085,7.454662,7.542656,7.648148,7.718422,7.841270,7.911411,7.911411,7.999016,8.086544,8.261383,8.226437,8.348686,8.366138,8.453358,8.418476,8.470791,8.557915,8.592743,8.644970,8.697163,8.784096,8.853588,8.905678,8.992432,9.061775,9.009773,9.131081,9.096436,9.113758,9.217640,9.217640,8.679768,7.665718,7.172585,7.084278,7.313717,7.507469,8.034035,8.435913,9.252239,10.558300,11.847122,12.317612,12.116257,11.678528,10.899132,10.319000,10.010487,9.958965,9.924606,9.907425,9.769852,9.649315,9.407806,9.269539,9.113758,8.975086,8.836220,8.801476,8.575333,8.557915,8.418476,8.331230,8.313774,8.296310,8.208961,8.121536,8.104042,8.121536,8.226437,8.366138,8.348686,8.383591,8.366138,8.174004,8.208961,8.208961,8.261383,8.313774,8.278851,8.331230,8.296310,8.261383,8.313774,8.331230,8.401035,
5.481972,5.714912,6.197094,6.801193,6.960518,7.190231,7.243172,7.313717,7.313717,7.296085,7.366592,7.207882,6.552864,6.286148,6.197094,5.911625,5.643291,6.000916,6.214916,5.338371,4.545155,4.689812,4.816223,4.707874,4.780113,4.200836,4.364071,5.410194,5.446091,4.852314,4.653660,5.014572,5.122616,4.924461,4.689812,4.617508,4.816223,5.697014,6.854328,6.143627,5.356339,5.158604,5.014572,4.906425,5.014572,4.870358,4.707874,4.617508,4.906425,5.230549,4.906425,4.490860,4.689812,5.104614,5.086613,4.599422,4.472755,4.472755,4.490860,4.472755,4.382195,4.472755,5.194580,7.190231,6.481804,5.607468,5.266499,5.499908,5.732807,5.446091,5.194580,5.014572,4.996559,5.428139,5.553699,5.786484,6.250534,6.659363,6.801193,6.623875,6.748028,7.225533,8.208961,8.226437,7.700855,7.313717,7.313717,7.348972,7.348972,7.665718,8.296310,9.113758,10.438725,10.626560,8.226437,6.446259,6.018761,6.286148,6.250534,6.286148,5.212570,4.888393,5.104614,5.714912,6.392914,6.303955,6.303955,6.588379,6.303955,5.858009,5.553699,6.286148,6.357342,7.207882,7.963982,6.268349,6.375134,7.066605,7.630577,8.592743,7.823730,6.641617,6.375134,6.889732,8.505650,8.957737,8.174004,7.013577,6.960518,7.911411,8.191483,6.712570,6.606125,6.836617,7.858810,8.261383,7.084278,7.366592,7.735977,7.419441,6.801193,7.366592,8.383591,10.216270,12.501804,11.323498,9.838661,10.370338,10.267654,10.096279,10.164867,10.950157,12.233765,13.068855,13.035591,13.052223,12.735714,12.317612,12.049046,11.644768,11.052120,10.575371,10.643623,10.745911,10.472908,10.079128,9.735428,9.649315,9.545887,9.476868,9.269539,8.992432,8.975086,9.061775,9.183022,9.113758,8.940388,8.801476,8.697163,8.575333,8.488220,8.575333,8.575333,8.592743,8.523075,8.453358,8.592743,8.557915,8.523075,8.505650,8.470791,8.418476,8.418476,8.523075,8.523075,8.488220,8.662369,8.592743,8.784096,8.870953,8.662369,8.523075,8.523075,8.557915,8.575333,8.557915,8.610161,8.644970,8.644970,8.610161,8.784096,9.044441,9.044441,8.905678,9.079109,8.992432,9.027115,9.079109,9.148392,9.148392,9.096436,9.234943,9.425079,9.494129,9.476868,9.442345,9.425079,9.563126,9.528633,9.614849,9.649315,9.700993,9.838661,9.855862,9.787056,9.804260,9.700993,9.787056,9.597610,9.476868,9.511379,9.425079,9.511379,9.580376,9.666546,9.718216,9.718216,9.649315,9.993317,10.319000,10.147728,10.044807,9.976139,9.907425,9.907425,9.718216,9.632080,9.632080,9.649315,9.511379,9.614849,9.735428,9.735428,9.545887,9.459610,9.390537,9.494129,9.528633,9.459610,9.494129,9.425079,9.459610,9.494129,9.390537,9.528633,9.597610,9.528633,9.425079,9.425079,9.442345,9.373260,9.269539,9.269539,9.252239,9.183022,9.407806,10.404537,10.387436,10.027649,9.907425,10.027649,9.993317,9.958965,9.993317,9.941792,9.873051,9.958965,9.941792,9.976139,9.976139,10.044807,10.044807,10.010487,9.993317,10.010487,10.010487,9.993317,9.924606,9.855862,9.752644,9.718216,9.787056,10.164867,10.044807,9.718216,9.580376,9.718216,9.907425,9.976139,9.580376,9.459610,9.442345,9.476868,9.459610,9.304119,9.269539,9.321407,9.321407,9.321407,9.373260,9.597610,9.735428,9.597610,9.009773,8.940388,9.009773,9.217640,9.355976,9.511379,9.373260,9.217640,9.079109,8.975086,9.027115,8.975086,8.923035,8.888317,8.888317,8.888317,8.731949,8.679768,8.627563,8.627563,8.557915,8.435913,8.313774,8.296310,8.174004,8.121536,8.069046,8.034035,7.946465,7.911411,7.700855,7.101940,6.054455,5.481972,5.446091,5.392242,5.410194,5.374290,5.428139,5.732807,6.818905,7.542656,7.946465,8.208961,8.121536,7.946465,7.876347,7.823730,7.700855,7.489868,7.612995,7.700855,7.788635,7.595413,7.525059,7.366592,7.313717,7.260815,7.313717,7.278450,7.172585,7.207882,7.172585,7.207882,7.207882,7.260815,7.366592,7.243172,7.278450,7.366592,7.243172,6.995895,7.084278,7.119606,7.137272,7.154926,7.172585,7.101940,7.137272,7.084278,6.978207,7.048931,7.190231,7.348972,7.384212,7.366592,7.366592,7.348972,7.348972,7.366592,7.525059,7.489868,7.525059,7.542656,7.577831,7.525059,7.419441,6.995895,5.750706,5.122616,5.014572,4.942490,4.924461,5.014572,5.266499,6.054455,7.048931,7.225533,7.243172,7.154926,7.066605,7.031254,6.978207,6.978207,7.066605,7.101940,7.137272,7.243172,7.313717,7.419441,7.542656,7.683289,7.665718,7.700855,7.823730,7.858810,7.928940,8.034035,8.121536,8.208961,8.261383,8.331230,8.383591,8.453358,8.488220,8.418476,8.418476,8.470791,8.505650,8.662369,8.575333,8.627563,8.853588,8.870953,8.714558,8.714558,8.749332,8.749332,8.731949,8.836220,8.957737,8.801476,8.714558,8.836220,8.818848,8.905678,8.923035,9.009773,8.957737,8.992432,8.957737,8.940388,8.905678,8.870953,8.749332,9.027115,8.940388,8.923035,8.801476,8.714558,8.662369,8.697163,8.679768,8.714558,8.627563,8.592743,8.610161,8.644970,8.540497,8.401035,8.296310,8.296310,8.243912,7.858810,7.472267,6.942829,6.286148,6.054455,5.983063,5.911625,6.000916,6.107971,6.339550,6.570625,6.748028,6.730297,6.730297,6.694839,6.623875,6.552864,6.517342,6.535103,6.623875,6.659363,6.481804,6.570625,6.623875,6.570625,6.552864,6.606125,6.641617,6.712570,6.659363,6.677101,6.641617,6.659363,6.712570,6.677101,6.677101,6.854328,6.836617,6.836617,6.960518,7.137272,7.031254,7.013577,7.013577,7.084278,7.137272,7.137272,7.260815,7.243172,7.384212,7.384212,7.366592,7.489868,7.489868,7.577831,7.665718,7.648148,7.683289,7.823730,7.981499,8.086544,8.139027,8.348686,8.243912,8.383591,8.540497,8.731949,8.731949,8.488220,7.999016,7.137272,7.066605,7.084278,7.419441,7.858810,8.435913,8.766716,9.941792,11.441990,12.216988,12.166641,12.015423,11.204865,10.643623,10.164867,9.924606,9.683773,9.563126,9.528633,9.390537,9.269539,9.148392,9.044441,9.131081,9.096436,9.044441,8.940388,8.749332,8.714558,8.766716,8.697163,8.557915,8.470791,8.435913,8.226437,8.191483,8.313774,8.418476,8.453358,8.488220,8.296310,8.226437,8.226437,8.191483,8.226437,8.191483,8.348686,8.278851,8.278851,8.261383,8.261383,8.366138,8.348686,8.348686,
6.392914,6.606125,6.960518,7.190231,7.260815,7.419441,7.454662,7.454662,7.525059,7.437057,7.348972,7.313717,6.942829,6.783474,6.321754,6.214916,5.947346,6.250534,6.339550,5.822250,5.050598,5.230549,5.248528,5.194580,5.158604,4.743999,4.888393,5.786484,5.535770,5.140610,4.996559,5.338371,5.553699,5.176598,5.122616,5.230549,5.212570,5.499908,5.607468,5.446091,5.392242,5.302444,5.428139,5.338371,5.266499,5.068611,4.816223,4.743999,5.464031,5.875885,5.428139,4.906425,5.320412,5.589546,5.176598,4.725941,4.581333,4.834267,4.996559,4.599422,4.273415,4.527058,5.858009,7.137272,6.072296,5.822250,5.661201,6.392914,6.321754,5.589546,5.338371,5.212570,5.697014,5.947346,5.697014,5.643291,6.018761,6.392914,6.481804,6.410706,6.446259,7.419441,8.366138,8.331230,8.051544,7.577831,7.419441,7.366592,7.472267,7.560242,8.051544,8.784096,9.821461,10.404537,8.818848,6.889732,5.893753,6.036610,6.623875,6.286148,5.625381,5.499908,5.643291,6.303955,6.481804,6.712570,6.552864,6.499577,6.232731,5.875885,5.929482,6.535103,6.410706,6.570625,7.172585,6.197094,6.535103,7.084278,8.174004,9.494129,8.905678,7.260815,6.889732,7.595413,7.718422,8.034035,8.331230,7.401833,7.595413,8.104042,7.841270,6.517342,6.392914,6.623875,8.261383,8.818848,7.437057,7.101940,7.437057,6.748028,6.464035,7.278450,8.836220,9.735428,11.813431,11.408150,9.941792,10.728870,10.609497,10.182007,10.216270,10.643623,11.813431,12.852448,12.952389,12.819115,12.485077,12.216988,11.796577,11.340439,11.035133,10.575371,10.626560,10.950157,10.609497,9.976139,9.632080,9.459610,9.459610,9.373260,9.304119,9.027115,8.870953,9.061775,9.009773,8.940388,8.818848,8.784096,8.766716,8.592743,8.470791,8.523075,8.627563,8.523075,8.575333,8.523075,8.627563,8.644970,8.836220,8.610161,8.435913,8.435913,8.331230,8.383591,8.401035,8.505650,8.505650,8.575333,8.731949,8.940388,8.557915,8.488220,8.557915,8.505650,8.453358,8.523075,8.488220,8.592743,8.610161,8.557915,8.575333,8.697163,8.749332,8.905678,8.905678,8.853588,8.923035,8.940388,8.975086,9.027115,9.131081,9.131081,9.373260,9.528633,9.563126,9.528633,9.528633,9.528633,9.545887,9.597610,9.597610,9.718216,9.838661,9.718216,9.769852,9.666546,9.649315,9.752644,9.649315,9.666546,9.614849,9.649315,9.752644,9.752644,9.769852,9.855862,9.873051,10.027649,10.216270,10.353233,10.284771,10.130581,10.044807,9.924606,9.787056,9.632080,9.649315,9.545887,9.528633,9.614849,9.511379,9.718216,9.804260,9.718216,9.476868,9.580376,9.563126,9.649315,9.597610,9.666546,9.614849,9.752644,9.700993,9.597610,9.838661,10.199139,9.873051,9.907425,10.010487,10.010487,9.941792,9.958965,10.044807,9.941792,9.890244,10.027649,10.558300,10.524147,10.284771,10.370338,10.301891,10.319000,10.216270,10.164867,10.147728,10.233398,10.130581,10.164867,10.113426,10.164867,10.233398,10.250530,10.113426,10.027649,9.993317,9.924606,9.855862,10.044807,9.838661,9.683773,9.614849,9.649315,10.507072,10.438725,10.199139,9.735428,9.821461,9.838661,9.873051,9.821461,9.666546,9.666546,9.700993,9.838661,9.752644,9.752644,9.735428,9.752644,9.563126,9.666546,9.890244,9.890244,9.494129,8.975086,9.113758,9.131081,9.200333,9.200333,9.286831,9.217640,9.079109,9.009773,8.940388,8.870953,8.784096,8.784096,8.662369,8.749332,8.697163,8.627563,8.592743,8.592743,8.557915,8.331230,8.226437,8.208961,8.156513,8.051544,7.963982,7.981499,7.911411,7.823730,7.735977,7.507469,6.836617,5.947346,5.499908,5.446091,5.392242,5.410194,5.392242,5.410194,6.072296,7.313717,7.963982,8.278851,8.592743,8.610161,8.557915,8.505650,8.435913,8.348686,8.313774,8.243912,8.331230,8.331230,8.174004,8.104042,7.946465,7.876347,7.876347,7.700855,7.648148,7.612995,7.577831,7.560242,7.507469,7.384212,7.437057,7.472267,7.489868,7.366592,7.313717,7.278450,7.137272,7.119606,7.260815,7.207882,7.207882,7.296085,7.225533,7.172585,7.101940,7.013577,7.066605,7.313717,7.612995,7.507469,7.419441,7.348972,7.366592,7.472267,7.489868,7.577831,7.577831,7.525059,7.577831,7.648148,7.472267,7.366592,6.818905,5.643291,5.068611,4.996559,4.888393,4.996559,5.032589,5.374290,6.303955,7.048931,7.190231,7.084278,7.137272,6.854328,6.783474,6.942829,6.925133,6.978207,6.995895,7.119606,7.225533,7.278450,7.419441,7.595413,7.700855,7.753536,7.735977,7.788635,7.911411,7.946465,7.946465,8.086544,8.139027,8.121536,8.296310,8.331230,8.331230,8.383591,8.418476,8.401035,8.435913,8.540497,8.627563,8.523075,8.470791,8.714558,8.784096,8.766716,8.679768,8.749332,8.801476,8.731949,8.801476,8.905678,8.853588,8.818848,8.766716,8.801476,8.836220,8.888317,8.992432,9.009773,8.905678,8.923035,9.027115,9.009773,8.888317,8.975086,8.923035,8.975086,8.992432,8.923035,8.888317,8.905678,8.923035,8.957737,8.940388,9.113758,9.148392,9.200333,9.113758,9.027115,9.044441,9.079109,9.044441,8.905678,8.749332,8.051544,6.677101,5.697014,5.374290,5.248528,5.428139,5.338371,5.535770,6.286148,7.048931,7.507469,7.525059,7.437057,7.260815,7.154926,6.995895,6.889732,6.836617,6.836617,6.942829,6.925133,6.889732,7.031254,6.942829,6.960518,6.925133,6.907440,6.872036,6.942829,6.854328,6.889732,6.942829,6.978207,6.872036,6.907440,7.013577,6.942829,6.925133,6.907440,6.942829,6.995895,6.960518,6.872036,6.995895,7.048931,6.942829,7.013577,7.137272,6.978207,7.084278,7.137272,7.066605,7.137272,7.119606,7.225533,7.119606,7.190231,7.243172,7.366592,7.366592,7.419441,7.489868,7.472267,7.648148,7.648148,7.858810,7.841270,7.665718,7.243172,6.960518,7.119606,7.154926,7.454662,8.226437,8.731949,9.390537,10.967159,12.149849,12.216988,12.099461,11.560329,10.916145,10.438725,10.027649,9.924606,9.700993,9.494129,9.355976,9.200333,9.044441,9.009773,8.957737,8.818848,8.992432,8.923035,8.697163,8.644970,8.488220,8.505650,8.470791,8.418476,8.401035,8.296310,8.278851,8.278851,8.313774,8.348686,8.348686,8.261383,8.208961,8.278851,8.243912,8.208961,8.156513,8.226437,8.208961,8.208961,8.261383,8.331230,8.435913,8.453358,8.453358,8.488220,
7.048931,6.978207,7.313717,7.401833,7.366592,7.401833,7.331345,7.454662,7.648148,7.700855,7.577831,7.542656,7.612995,7.419441,7.154926,6.907440,6.801193,6.818905,6.623875,6.339550,6.107971,6.143627,6.197094,6.375134,6.000916,5.804367,5.858009,6.143627,5.804367,5.768597,5.786484,6.090134,6.072296,5.661201,5.840134,5.643291,5.697014,5.714912,5.679108,5.553699,5.607468,5.714912,5.858009,5.697014,5.553699,5.410194,5.194580,5.212570,6.090134,6.303955,5.840134,5.499908,5.589546,5.481972,5.068611,4.852314,4.780113,5.535770,5.732807,4.906425,4.617508,4.942490,6.268349,6.375134,6.161457,5.875885,6.250534,6.854328,6.872036,5.499908,5.230549,5.446091,6.303955,6.125797,5.786484,5.625381,5.983063,6.446259,6.446259,6.286148,6.801193,8.016525,8.662369,8.453358,8.313774,7.718422,7.507469,7.454662,7.525059,7.612995,7.893879,8.523075,8.975086,9.165710,8.226437,6.818905,5.911625,6.107971,6.748028,5.786484,5.643291,5.947346,6.410706,6.535103,6.677101,6.925133,6.606125,6.357342,6.303955,6.161457,6.214916,6.464035,6.250534,5.858009,5.714912,5.804367,6.339550,6.570625,7.313717,8.453358,8.348686,7.154926,7.700855,7.963982,7.172585,6.659363,6.783474,6.978207,7.876347,7.648148,6.428486,6.268349,6.339550,6.481804,7.718422,8.505650,7.454662,6.872036,6.907440,6.375134,6.499577,7.260815,8.366138,8.766716,10.592438,10.848083,9.528633,10.472908,10.524147,10.421631,10.319000,10.609497,11.458900,12.652241,12.952389,12.969040,12.685638,12.351128,11.914482,11.594112,11.204865,10.797012,10.677727,10.728870,10.353233,9.735428,9.528633,9.442345,9.563126,9.494129,9.252239,9.079109,9.009773,8.923035,9.009773,8.749332,8.801476,8.731949,8.627563,8.470791,8.453358,8.505650,8.610161,8.505650,8.505650,8.557915,8.575333,8.766716,8.923035,8.784096,8.366138,8.313774,8.331230,8.366138,8.435913,8.435913,8.453358,8.557915,8.662369,8.697163,8.523075,8.470791,8.540497,8.610161,8.644970,8.731949,8.801476,8.818848,8.766716,8.662369,8.627563,8.557915,8.870953,8.957737,8.992432,8.957737,8.975086,8.975086,9.061775,8.992432,8.992432,9.096436,9.700993,9.718216,9.511379,9.528633,9.545887,9.545887,9.597610,9.563126,9.494129,9.580376,9.511379,9.649315,9.580376,9.511379,9.494129,9.614849,9.580376,9.390537,9.442345,9.476868,9.425079,9.355976,9.580376,9.614849,9.614849,9.666546,9.924606,9.941792,9.924606,9.873051,9.838661,9.769852,9.545887,9.649315,9.580376,9.511379,9.442345,9.390537,9.545887,9.614849,9.941792,9.890244,9.683773,9.666546,9.545887,9.580376,9.649315,9.735428,9.735428,9.735428,9.769852,9.752644,9.993317,10.027649,9.958965,10.096279,10.130581,10.164867,10.216270,10.336117,10.370338,10.250530,10.079128,10.455822,10.455822,10.438725,10.472908,10.387436,10.319000,10.319000,10.284771,10.199139,10.353233,10.370338,10.438725,10.284771,10.130581,10.319000,10.438725,10.472908,10.353233,10.182007,10.233398,10.130581,9.941792,10.010487,9.907425,9.632080,9.632080,9.855862,10.541225,10.575371,10.267654,9.924606,9.890244,9.993317,9.976139,9.890244,9.907425,9.958965,9.855862,9.821461,9.838661,9.924606,9.804260,9.890244,9.666546,9.700993,9.752644,9.683773,9.494129,9.511379,9.563126,9.528633,9.338692,9.338692,9.338692,9.476868,9.286831,9.027115,8.923035,8.905678,8.749332,8.697163,8.488220,8.557915,8.470791,8.540497,8.540497,8.592743,8.557915,8.034035,7.893879,7.735977,7.771088,7.718422,7.771088,7.612995,7.595413,7.595413,7.472267,7.419441,6.818905,5.893753,5.607468,5.481972,5.464031,5.481972,5.499908,5.553699,6.232731,7.560242,8.121536,8.435913,8.679768,8.731949,8.644970,8.627563,8.644970,8.540497,8.592743,8.557915,8.470791,8.523075,8.488220,8.488220,8.470791,8.453358,8.435913,8.278851,8.313774,8.313774,8.278851,8.243912,8.191483,8.261383,8.086544,8.174004,8.156513,7.999016,7.963982,7.928940,7.788635,7.718422,7.841270,7.718422,7.735977,7.753536,7.718422,7.595413,7.507469,7.437057,7.419441,7.472267,7.735977,7.683289,7.683289,7.612995,7.560242,7.560242,7.454662,7.718422,7.999016,7.630577,7.893879,7.700855,7.648148,7.384212,6.712570,5.481972,5.086613,4.942490,4.942490,5.050598,5.104614,5.517838,6.588379,7.084278,7.154926,7.101940,6.960518,6.978207,6.872036,7.013577,6.907440,6.960518,7.084278,7.207882,7.260815,7.331345,7.401833,7.595413,7.648148,7.735977,7.806187,7.806187,7.893879,7.963982,8.016525,7.946465,8.016525,8.139027,8.348686,8.435913,8.453358,8.435913,8.592743,8.453358,8.488220,8.435913,8.540497,8.575333,8.523075,8.610161,8.697163,8.749332,8.818848,8.766716,8.784096,8.818848,8.818848,8.836220,8.905678,8.870953,8.784096,8.818848,8.784096,8.923035,8.870953,8.905678,8.940388,8.957737,8.923035,8.940388,8.940388,8.957737,8.940388,9.096436,9.027115,9.009773,8.992432,8.992432,8.905678,9.009773,9.027115,9.304119,9.183022,9.148392,9.079109,9.148392,9.113758,9.148392,9.148392,8.923035,8.540497,7.648148,6.250534,5.338371,5.158604,5.032589,4.996559,5.230549,5.589546,6.606125,7.507469,7.700855,7.753536,7.595413,7.489868,7.366592,7.296085,7.260815,7.225533,7.296085,7.384212,7.348972,7.437057,7.560242,7.595413,7.577831,7.595413,7.771088,7.700855,7.771088,7.806187,7.806187,7.893879,7.963982,7.858810,7.806187,7.841270,7.806187,7.788635,7.753536,7.665718,7.630577,7.665718,7.542656,7.454662,7.612995,7.489868,7.437057,7.419441,7.384212,7.331345,7.313717,7.243172,7.225533,7.313717,7.313717,7.172585,7.296085,7.331345,7.260815,7.331345,7.313717,7.366592,7.331345,7.331345,7.507469,7.489868,7.384212,7.313717,7.260815,7.419441,7.489868,7.595413,8.034035,8.592743,9.009773,10.301891,11.577221,12.133057,12.099461,11.745995,11.340439,10.848083,10.711826,10.558300,10.319000,10.336117,10.147728,9.958965,9.700993,9.528633,9.355976,9.113758,9.096436,9.009773,8.784096,8.801476,8.505650,8.488220,8.505650,8.523075,8.383591,8.226437,8.174004,8.104042,8.174004,8.139027,8.051544,8.051544,8.174004,8.226437,8.139027,8.069046,8.191483,8.174004,8.191483,8.121536,8.261383,8.226437,8.243912,8.261383,8.278851,8.278851,8.401035,
6.872036,6.942829,6.995895,7.225533,7.278450,7.313717,7.348972,7.366592,7.472267,7.665718,7.560242,7.560242,7.577831,7.577831,7.542656,7.595413,7.472267,7.437057,7.313717,7.366592,7.260815,7.225533,7.296085,7.207882,7.119606,7.172585,7.048931,6.942829,6.889732,6.854328,6.854328,6.854328,6.801193,6.623875,6.606125,6.535103,6.481804,6.392914,6.410706,6.250534,6.250534,6.197094,6.357342,6.179276,6.090134,5.786484,5.983063,5.965206,6.357342,6.570625,6.179276,5.840134,5.517838,5.392242,5.338371,5.068611,5.248528,6.125797,6.677101,5.571625,5.032589,5.428139,6.090134,6.161457,6.303955,6.535103,7.313717,7.296085,6.818905,5.248528,5.014572,5.732807,6.197094,6.036610,6.197094,5.840134,6.375134,6.286148,6.623875,6.694839,7.313717,8.383591,8.714558,8.714558,8.086544,7.700855,7.577831,7.577831,7.542656,7.612995,7.753536,8.086544,8.888317,8.905678,8.016525,7.084278,6.375134,6.250534,6.286148,5.428139,5.625381,6.143627,6.641617,6.748028,6.588379,6.481804,6.232731,6.339550,6.232731,6.995895,6.942829,6.446259,6.036610,5.392242,5.284477,5.732807,6.179276,6.765751,7.260815,7.137272,6.783474,6.783474,7.489868,7.928940,7.084278,5.929482,6.090134,6.872036,7.718422,6.623875,6.018761,6.410706,6.694839,7.172585,7.630577,8.191483,7.683289,6.854328,6.641617,6.535103,6.641617,7.119606,7.560242,7.893879,9.494129,9.683773,8.888317,9.511379,10.301891,10.455822,10.421631,10.609497,10.899132,11.880806,12.802441,12.919083,12.635536,12.065849,11.830276,11.425068,11.137009,10.762939,10.370338,10.113426,9.907425,9.580376,9.459610,9.355976,9.373260,9.442345,9.217640,8.992432,8.992432,8.923035,8.836220,8.801476,8.749332,8.662369,8.575333,8.505650,8.505650,8.679768,8.592743,8.557915,8.488220,8.401035,8.470791,8.784096,8.853588,8.662369,8.418476,8.348686,8.348686,8.453358,8.418476,8.418476,8.453358,8.505650,8.470791,8.418476,8.383591,8.366138,8.470791,8.523075,8.557915,8.714558,8.853588,8.888317,8.888317,8.749332,8.853588,8.697163,9.096436,9.321407,9.373260,9.321407,9.304119,9.390537,9.390537,9.269539,9.373260,9.649315,10.096279,10.027649,9.614849,9.649315,9.700993,9.700993,9.769852,9.580376,9.563126,9.563126,9.614849,9.580376,9.476868,9.476868,9.511379,9.545887,9.476868,9.390537,9.442345,9.425079,9.321407,9.321407,9.338692,9.304119,9.355976,9.545887,9.769852,9.563126,9.494129,9.494129,9.321407,9.304119,9.217640,9.286831,9.390537,9.390537,9.407806,9.286831,9.338692,9.373260,9.735428,9.855862,9.580376,9.528633,9.459610,9.476868,9.528633,9.649315,9.787056,9.700993,9.718216,9.718216,9.873051,9.752644,9.924606,9.941792,9.941792,10.130581,10.250530,10.472908,10.472908,10.301891,10.421631,10.387436,10.387436,10.267654,10.387436,10.284771,10.130581,10.079128,10.130581,10.061974,10.130581,10.216270,10.164867,9.993317,9.873051,10.130581,10.387436,10.455822,10.233398,10.216270,10.216270,10.147728,10.164867,10.147728,10.096279,10.010487,9.993317,10.027649,10.164867,10.284771,10.147728,10.164867,10.079128,10.113426,10.182007,10.096279,10.027649,10.027649,9.993317,9.890244,9.838661,9.993317,10.079128,9.924606,9.769852,9.769852,9.769852,9.649315,9.700993,9.632080,9.614849,9.580376,9.580376,9.511379,9.580376,9.873051,9.545887,9.183022,9.044441,8.801476,8.714558,8.714558,8.540497,8.453358,8.470791,8.470791,8.453358,8.435913,8.191483,7.963982,7.858810,7.735977,7.788635,7.753536,7.718422,7.630577,7.612995,7.542656,7.401833,7.172585,6.606125,5.911625,5.732807,5.643291,5.625381,5.589546,5.643291,5.858009,6.392914,7.595413,8.191483,8.435913,8.627563,8.731949,8.679768,8.679768,8.610161,8.627563,8.575333,8.575333,8.470791,8.540497,8.453358,8.453358,8.470791,8.366138,8.435913,8.488220,8.418476,8.418476,8.435913,8.435913,8.418476,8.418476,8.296310,8.278851,8.453358,8.418476,8.435913,8.401035,8.435913,8.278851,8.366138,8.418476,8.401035,8.453358,8.383591,8.383591,8.331230,8.278851,8.313774,8.208961,8.348686,8.296310,8.261383,8.243912,8.156513,7.981499,8.156513,8.243912,8.243912,8.086544,8.191483,8.086544,7.946465,7.419441,6.464035,5.356339,5.014572,4.960514,5.014572,4.978535,5.158604,5.768597,6.889732,7.154926,7.207882,7.190231,6.995895,7.013577,6.978207,6.942829,6.925133,7.137272,7.243172,7.278450,7.331345,7.296085,7.384212,7.735977,7.683289,7.806187,7.876347,7.876347,7.893879,8.051544,8.034035,7.981499,7.928940,8.226437,8.366138,8.488220,8.540497,8.644970,8.523075,8.488220,8.366138,8.418476,8.505650,8.592743,8.540497,8.557915,8.662369,8.731949,8.731949,8.836220,8.784096,8.818848,8.818848,8.870953,8.888317,8.853588,8.766716,8.801476,8.749332,8.905678,8.905678,8.818848,8.940388,8.992432,9.009773,9.009773,8.905678,8.975086,8.957737,8.940388,8.992432,8.992432,8.957737,9.044441,9.044441,9.027115,9.044441,9.009773,9.131081,9.096436,9.061775,9.096436,9.217640,9.183022,9.079109,9.027115,8.401035,7.190231,5.768597,5.212570,5.140610,5.104614,5.194580,5.194580,5.768597,6.925133,7.595413,7.630577,7.560242,7.401833,7.401833,7.260815,7.119606,7.190231,7.225533,7.243172,7.331345,7.366592,7.419441,7.419441,7.612995,7.771088,7.771088,7.893879,7.946465,8.016525,8.051544,8.139027,8.139027,8.226437,8.139027,8.261383,8.348686,8.313774,8.331230,8.418476,8.348686,8.453358,8.401035,8.383591,8.383591,8.383591,8.505650,8.470791,8.435913,8.418476,8.313774,8.401035,8.278851,8.243912,8.156513,8.208961,8.208961,8.104042,7.981499,7.981499,7.911411,7.911411,7.823730,7.630577,7.735977,7.823730,7.630577,7.419441,7.296085,7.313717,7.348972,7.718422,8.051544,8.540497,8.975086,9.494129,10.779976,11.981785,11.981785,11.863968,11.458900,10.967159,10.575371,10.301891,10.147728,9.958965,9.958965,9.821461,9.632080,9.597610,9.425079,9.217640,9.113758,8.957737,8.836220,8.784096,8.644970,8.505650,8.505650,8.470791,8.453358,8.261383,8.208961,8.313774,8.348686,8.226437,8.331230,8.208961,8.243912,8.121536,8.121536,8.156513,8.261383,8.261383,8.156513,8.401035,8.435913,8.435913,8.401035,8.313774,8.418476,8.366138,8.401035,8.348686,
6.659363,6.748028,6.960518,7.084278,7.225533,7.384212,7.296085,7.437057,7.454662,7.401833,7.472267,7.437057,7.525059,7.401833,7.313717,7.437057,7.507469,7.437057,7.401833,7.384212,7.348972,7.489868,7.437057,7.454662,7.489868,7.454662,7.577831,7.577831,7.525059,7.577831,7.612995,7.630577,7.612995,7.700855,7.489868,7.507469,7.507469,7.225533,7.384212,7.384212,7.278450,7.190231,7.172585,7.119606,6.960518,6.854328,6.748028,6.836617,6.889732,6.836617,6.925133,6.570625,6.303955,6.250534,6.250534,6.143627,5.983063,6.552864,7.066605,6.321754,5.929482,6.000916,6.143627,6.232731,6.694839,7.806187,7.893879,7.296085,6.481804,5.679108,5.230549,5.732807,6.286148,6.942829,7.437057,6.818905,6.339550,5.965206,6.641617,6.641617,6.995895,7.858810,8.243912,8.139027,7.788635,7.823730,7.858810,7.700855,7.648148,7.771088,7.806187,7.946465,8.714558,8.644970,8.488220,7.560242,6.712570,5.983063,5.822250,5.320412,5.464031,6.143627,6.570625,6.410706,6.392914,6.464035,6.303955,6.125797,6.606125,7.595413,6.836617,6.090134,5.768597,5.481972,5.517838,5.983063,6.232731,7.154926,7.999016,6.978207,6.730297,6.942829,7.243172,7.172585,6.481804,5.947346,5.983063,6.818905,7.243172,6.677101,6.446259,7.084278,7.384212,7.700855,7.331345,7.999016,8.243912,7.419441,6.960518,6.978207,6.995895,7.419441,7.858810,8.121536,9.096436,8.139027,8.156513,8.923035,10.387436,10.575371,10.438725,10.455822,10.660679,11.644768,12.635536,12.652241,12.551975,12.216988,11.796577,11.289619,10.967159,10.643623,10.164867,10.010487,10.027649,9.941792,9.545887,9.131081,9.148392,9.183022,8.940388,8.888317,8.870953,8.818848,8.784096,8.784096,8.662369,8.592743,8.575333,8.505650,8.523075,8.784096,8.731949,8.401035,8.313774,8.278851,8.418476,8.505650,8.557915,8.470791,8.418476,8.470791,8.453358,8.488220,8.470791,8.453358,8.470791,8.488220,8.488220,8.401035,8.348686,8.348686,8.366138,8.418476,8.470791,8.453358,8.714558,8.801476,8.731949,8.644970,8.557915,8.557915,9.079109,9.494129,9.459610,9.252239,9.286831,9.321407,9.390537,9.459610,9.528633,9.683773,9.924606,9.838661,9.838661,9.787056,9.787056,9.718216,9.683773,9.597610,9.442345,9.580376,9.580376,9.597610,9.528633,9.511379,9.545887,9.442345,9.459610,9.580376,9.476868,9.442345,9.425079,9.338692,9.269539,9.252239,9.321407,9.476868,9.614849,9.355976,9.165710,9.200333,9.148392,9.217640,9.096436,9.131081,9.200333,9.252239,9.200333,9.200333,9.148392,9.234943,9.459610,9.459610,9.442345,9.425079,9.373260,9.528633,9.649315,9.649315,9.683773,9.632080,9.787056,9.804260,9.787056,9.838661,9.855862,9.907425,9.855862,9.941792,10.044807,10.233398,10.147728,10.164867,10.147728,10.250530,10.164867,10.216270,10.370338,10.027649,9.752644,9.804260,9.855862,9.855862,9.787056,9.941792,9.821461,9.804260,9.821461,9.907425,10.216270,9.993317,9.838661,9.924606,9.993317,10.044807,9.993317,10.113426,10.164867,10.061974,9.907425,9.735428,9.838661,9.993317,9.976139,9.976139,9.958965,9.873051,9.924606,10.010487,9.958965,9.855862,9.855862,9.632080,9.597610,10.147728,10.370338,10.113426,9.804260,9.752644,9.700993,9.649315,9.666546,9.700993,9.752644,9.752644,9.528633,9.752644,9.821461,9.873051,9.597610,8.957737,8.766716,8.801476,8.801476,8.853588,8.731949,8.749332,8.610161,8.557915,8.488220,8.383591,8.505650,8.261383,8.156513,7.963982,7.999016,7.911411,7.841270,7.771088,7.612995,7.542656,7.401833,7.243172,6.517342,5.947346,5.875885,5.732807,5.768597,5.679108,5.804367,5.947346,6.570625,7.735977,8.139027,8.366138,8.592743,8.627563,8.644970,8.540497,8.610161,8.575333,8.540497,8.453358,8.453358,8.401035,8.470791,8.453358,8.401035,8.383591,8.418476,8.401035,8.383591,8.331230,8.331230,8.278851,8.383591,8.313774,8.366138,8.401035,8.505650,8.470791,8.435913,8.488220,8.401035,8.435913,8.453358,8.523075,8.470791,8.470791,8.488220,8.505650,8.592743,8.627563,8.627563,8.505650,8.557915,8.575333,8.679768,8.610161,8.679768,8.644970,8.714558,8.749332,8.766716,8.697163,8.749332,8.749332,8.435913,7.788635,6.464035,5.212570,5.050598,5.014572,4.996559,5.176598,5.230549,6.161457,7.225533,7.630577,7.560242,7.472267,7.313717,7.243172,7.278450,7.243172,7.331345,7.225533,7.384212,7.525059,7.612995,7.735977,7.648148,7.876347,7.806187,7.893879,7.823730,7.858810,7.911411,8.034035,8.156513,8.051544,8.139027,8.261383,8.366138,8.592743,8.523075,8.540497,8.505650,8.418476,8.401035,8.488220,8.592743,8.644970,8.627563,8.679768,8.731949,8.766716,8.697163,8.749332,8.766716,8.731949,8.731949,8.836220,8.818848,8.818848,8.853588,8.818848,8.818848,8.853588,8.784096,8.749332,8.888317,9.009773,8.957737,8.923035,8.766716,8.870953,8.801476,8.888317,8.888317,9.044441,8.957737,9.079109,9.079109,8.992432,9.079109,9.009773,9.131081,9.079109,8.975086,8.975086,9.183022,9.165710,9.183022,8.766716,8.191483,6.659363,5.535770,5.140610,5.032589,5.104614,5.086613,5.392242,6.214916,7.296085,7.542656,7.489868,7.454662,7.296085,7.207882,7.119606,6.995895,7.101940,7.190231,7.119606,7.260815,7.437057,7.419441,7.525059,7.612995,7.665718,7.700855,7.823730,7.963982,7.999016,8.016525,8.139027,8.139027,8.174004,8.243912,8.261383,8.418476,8.331230,8.453358,8.540497,8.488220,8.505650,8.435913,8.523075,8.592743,8.610161,8.679768,8.540497,8.662369,8.662369,8.749332,8.714558,8.818848,8.766716,8.801476,8.853588,8.923035,8.923035,9.061775,8.923035,9.027115,9.009773,8.957737,8.923035,8.853588,8.749332,8.592743,7.893879,7.348972,7.260815,7.278450,7.630577,8.139027,8.366138,8.940388,9.632080,10.899132,11.712273,11.830276,11.475815,10.950157,10.626560,10.438725,10.353233,10.164867,10.130581,9.941792,9.752644,9.632080,9.425079,9.200333,9.027115,8.905678,8.749332,8.575333,8.488220,8.366138,8.331230,8.313774,8.331230,8.278851,8.174004,8.243912,8.261383,8.226437,8.401035,8.383591,8.383591,8.453358,8.278851,8.278851,8.278851,8.261383,8.261383,8.278851,8.331230,8.401035,8.435913,8.418476,8.488220,8.523075,8.418476,8.592743,8.557915,
6.659363,6.872036,6.995895,7.101940,7.419441,7.401833,7.296085,7.489868,7.525059,7.348972,7.331345,7.384212,7.313717,7.401833,7.472267,7.665718,7.718422,7.595413,7.542656,7.419441,7.454662,7.419441,7.384212,7.348972,7.313717,7.454662,7.401833,7.419441,7.560242,7.560242,7.560242,7.577831,7.648148,7.542656,7.665718,7.700855,7.718422,7.718422,7.735977,7.700855,7.612995,7.700855,7.735977,7.788635,7.771088,7.630577,7.648148,7.648148,7.718422,7.630577,7.806187,7.595413,7.665718,7.525059,7.437057,7.384212,7.437057,7.454662,7.366592,7.296085,7.119606,7.013577,6.978207,7.154926,7.525059,7.858810,7.489868,7.207882,6.942829,6.428486,6.161457,6.677101,7.243172,7.735977,7.542656,6.783474,6.268349,6.072296,6.623875,6.765751,6.960518,7.384212,7.788635,7.753536,7.648148,8.051544,8.121536,7.893879,7.823730,7.876347,7.999016,8.069046,8.261383,8.575333,8.679768,7.858810,7.048931,6.499577,6.179276,5.535770,5.464031,6.375134,6.339550,6.179276,6.250534,6.535103,6.250534,5.983063,6.836617,6.942829,6.428486,5.732807,5.428139,5.410194,5.804367,6.054455,6.428486,7.119606,8.226437,7.876347,7.331345,7.296085,7.172585,6.783474,6.357342,6.143627,6.054455,6.730297,6.677101,6.659363,7.260815,7.437057,7.525059,7.612995,6.942829,7.683289,8.975086,7.946465,7.331345,7.542656,7.806187,8.208961,8.226437,8.278851,8.104042,7.648148,7.911411,8.784096,10.182007,10.182007,10.455822,10.592438,10.609497,11.272675,12.284077,12.568703,12.418129,12.049046,11.729134,11.272675,10.967159,10.558300,10.182007,10.044807,10.301891,10.301891,9.821461,9.061775,9.079109,9.079109,8.749332,8.679768,8.697163,8.644970,8.679768,8.662369,8.644970,8.592743,8.523075,8.592743,8.662369,8.853588,8.592743,8.383591,8.331230,8.383591,8.366138,8.261383,8.331230,8.313774,8.453358,8.505650,8.453358,8.453358,8.313774,8.418476,8.383591,8.383591,8.401035,8.366138,8.383591,8.418476,8.401035,8.348686,8.348686,8.610161,9.079109,9.009773,8.818848,8.679768,8.662369,8.836220,9.096436,9.183022,9.165710,9.131081,8.957737,8.975086,9.113758,9.234943,9.304119,9.304119,9.494129,9.528633,9.459610,9.442345,9.494129,9.407806,9.511379,9.442345,9.286831,9.165710,9.286831,9.355976,9.390537,9.304119,9.286831,9.269539,9.442345,9.494129,9.079109,9.009773,9.079109,9.096436,9.148392,9.079109,9.061775,9.304119,9.321407,9.165710,9.113758,9.096436,9.131081,9.148392,9.096436,9.113758,9.096436,8.992432,9.079109,8.957737,8.975086,8.992432,9.200333,9.269539,9.217640,9.217640,9.286831,9.304119,9.355976,9.442345,9.321407,9.234943,9.632080,9.924606,9.769852,9.545887,9.476868,9.528633,9.649315,9.735428,9.804260,9.804260,9.769852,9.769852,9.855862,9.873051,9.804260,9.993317,10.061974,9.683773,9.442345,9.459610,9.494129,9.563126,9.511379,9.528633,9.494129,9.597610,9.683773,9.821461,9.735428,9.752644,9.804260,9.666546,9.666546,9.769852,9.838661,9.907425,9.855862,9.718216,9.700993,9.511379,9.528633,9.890244,10.096279,9.821461,9.632080,9.580376,9.580376,9.769852,9.614849,9.666546,9.614849,9.511379,9.597610,10.061974,10.182007,10.027649,9.855862,9.683773,9.649315,9.718216,9.752644,9.614849,9.769852,9.700993,9.752644,9.787056,9.718216,9.580376,9.355976,9.148392,9.200333,9.113758,9.148392,9.113758,9.009773,9.044441,8.957737,8.801476,8.836220,8.888317,8.784096,8.627563,8.401035,8.243912,8.156513,8.086544,7.981499,7.981499,7.876347,7.753536,7.525059,7.137272,6.606125,5.840134,5.965206,5.929482,5.840134,5.911625,5.983063,6.143627,6.730297,7.630577,8.051544,8.296310,8.453358,8.557915,8.540497,8.470791,8.505650,8.505650,8.418476,8.453358,8.348686,8.366138,8.348686,8.435913,8.383591,8.313774,8.331230,8.401035,8.313774,8.296310,8.243912,8.278851,8.313774,8.313774,8.383591,8.418476,8.470791,8.383591,8.366138,8.383591,8.453358,8.453358,8.453358,8.453358,8.488220,8.505650,8.540497,8.557915,8.575333,8.557915,8.592743,8.662369,8.662369,8.627563,8.697163,8.766716,8.697163,8.749332,8.766716,8.784096,8.853588,8.923035,8.888317,8.923035,8.540497,7.928940,6.250534,5.212570,5.014572,5.032589,5.086613,5.158604,5.589546,6.836617,7.946465,8.243912,8.226437,8.086544,8.051544,8.016525,7.999016,8.051544,8.069046,8.069046,8.139027,8.313774,8.366138,8.313774,8.366138,8.348686,8.592743,8.488220,8.401035,8.348686,8.470791,8.662369,8.540497,8.523075,8.470791,8.523075,8.523075,8.505650,8.592743,8.662369,8.697163,8.644970,8.644970,8.697163,8.697163,8.818848,8.766716,8.731949,8.731949,8.836220,8.766716,8.870953,8.870953,8.923035,8.853588,8.888317,8.870953,8.957737,8.888317,8.784096,8.784096,8.940388,8.818848,8.801476,8.905678,8.975086,8.923035,8.836220,8.818848,8.801476,8.766716,8.801476,8.818848,8.836220,8.870953,9.009773,9.148392,9.061775,9.061775,9.027115,9.096436,9.148392,9.079109,9.165710,9.200333,9.200333,9.061775,8.679768,7.700855,6.143627,5.410194,5.068611,5.050598,5.050598,5.194580,5.535770,6.570625,7.384212,7.489868,7.331345,7.207882,7.119606,7.137272,7.101940,7.066605,7.066605,7.031254,7.048931,7.119606,7.331345,7.454662,7.525059,7.630577,7.595413,7.683289,7.823730,7.911411,7.963982,8.121536,8.069046,8.121536,8.156513,8.208961,8.296310,8.348686,8.348686,8.435913,8.435913,8.523075,8.505650,8.523075,8.627563,8.610161,8.610161,8.627563,8.801476,8.731949,8.714558,8.697163,8.836220,8.836220,8.749332,8.905678,8.975086,9.131081,9.096436,9.113758,9.148392,9.234943,9.148392,9.165710,9.148392,9.148392,9.148392,8.488220,7.718422,7.101940,7.137272,7.296085,7.525059,8.034035,8.366138,8.905678,9.873051,11.340439,11.729134,11.712273,11.187904,10.404537,10.182007,10.096279,10.113426,9.873051,9.821461,9.528633,9.442345,9.425079,9.200333,9.079109,9.165710,9.027115,8.957737,8.540497,8.488220,8.261383,8.226437,8.296310,8.261383,8.261383,8.191483,8.243912,8.174004,8.313774,8.296310,8.261383,8.243912,8.278851,8.174004,8.243912,8.243912,8.278851,8.174004,8.261383,8.366138,8.156513,8.156513,8.139027,8.086544,8.261383,8.191483,8.296310,8.278851,
6.499577,6.818905,6.925133,6.889732,7.278450,6.694839,6.907440,7.384212,7.454662,7.154926,7.119606,7.207882,7.172585,7.278450,7.348972,7.876347,8.016525,7.788635,7.841270,7.454662,7.366592,7.207882,7.137272,7.066605,7.207882,7.172585,7.172585,7.278450,7.296085,7.454662,7.472267,7.560242,7.525059,7.507469,7.401833,7.401833,7.542656,7.454662,7.454662,7.560242,7.595413,7.630577,7.735977,7.700855,7.753536,7.665718,7.595413,7.630577,7.876347,7.858810,7.876347,7.963982,8.016525,8.016525,8.069046,7.981499,8.121536,8.069046,8.104042,8.051544,7.999016,7.963982,8.034035,8.069046,7.963982,7.928940,7.999016,7.893879,7.823730,7.630577,7.542656,7.630577,7.893879,7.893879,7.771088,7.419441,7.260815,7.137272,7.296085,7.401833,7.472267,7.612995,7.858810,7.876347,7.858810,8.366138,8.679768,8.296310,8.051544,7.999016,8.104042,8.139027,8.226437,8.505650,8.784096,8.226437,7.366592,7.013577,6.588379,5.965206,5.679108,6.392914,6.410706,6.232731,6.054455,6.694839,6.054455,6.197094,6.925133,6.978207,6.197094,5.768597,5.410194,5.625381,6.054455,6.000916,6.339550,6.872036,7.560242,8.331230,8.366138,7.893879,7.472267,6.942829,6.464035,6.268349,6.499577,7.084278,6.659363,6.623875,8.401035,7.999016,7.718422,7.296085,6.712570,7.718422,9.183022,7.963982,7.190231,7.981499,8.226437,7.946465,7.401833,7.243172,7.437057,7.560242,7.841270,8.731949,9.545887,9.700993,10.507072,10.609497,10.626560,11.018150,12.099461,12.585411,12.535263,12.351128,11.897648,11.627888,11.187904,10.779976,10.489990,10.250530,10.199139,10.233398,9.752644,9.234943,9.079109,9.027115,8.784096,8.662369,8.662369,8.644970,8.592743,8.610161,8.557915,8.644970,8.557915,8.540497,8.627563,8.644970,8.505650,8.453358,8.488220,8.505650,8.453358,8.296310,8.278851,8.348686,8.679768,8.818848,8.714558,8.453358,8.348686,8.435913,8.401035,8.505650,8.505650,8.540497,8.540497,8.540497,8.714558,8.557915,8.801476,9.096436,9.321407,9.183022,8.992432,8.870953,8.801476,8.888317,8.870953,8.975086,8.975086,8.923035,8.975086,8.992432,9.304119,9.355976,9.200333,9.148392,9.234943,9.286831,9.234943,9.321407,9.217640,9.390537,9.373260,9.321407,9.234943,9.234943,9.165710,9.165710,9.183022,9.079109,9.079109,9.131081,9.338692,9.200333,8.818848,8.784096,8.923035,8.923035,8.992432,8.957737,8.905678,8.818848,8.853588,8.905678,8.975086,9.027115,9.061775,9.044441,9.044441,8.992432,9.009773,9.027115,8.870953,8.870953,8.905678,8.905678,9.407806,9.476868,9.355976,9.252239,9.148392,9.200333,9.200333,9.321407,9.148392,8.992432,9.390537,9.666546,9.632080,9.183022,9.148392,9.200333,9.234943,9.234943,9.390537,9.304119,9.286831,9.390537,9.407806,9.476868,9.459610,9.494129,9.511379,9.321407,9.269539,9.286831,9.304119,9.217640,9.269539,9.217640,9.148392,9.234943,9.666546,9.958965,9.821461,9.666546,9.649315,9.580376,9.597610,9.735428,9.821461,9.821461,9.769852,9.666546,9.459610,9.338692,9.442345,9.890244,10.027649,9.735428,9.407806,9.355976,9.459610,9.407806,9.494129,9.476868,9.425079,9.373260,9.511379,9.666546,9.735428,9.752644,9.718216,9.700993,9.666546,9.787056,9.804260,9.838661,9.993317,9.838661,9.735428,9.718216,9.649315,9.700993,9.666546,9.476868,9.442345,9.407806,9.373260,9.286831,9.252239,9.148392,9.027115,8.836220,8.905678,9.079109,8.992432,8.853588,8.470791,8.261383,8.243912,8.208961,8.069046,7.911411,7.876347,7.665718,7.454662,7.207882,6.481804,5.965206,5.983063,6.054455,6.018761,6.090134,6.072296,6.250534,6.783474,7.542656,8.016525,8.191483,8.383591,8.383591,8.418476,8.401035,8.383591,8.313774,8.278851,8.243912,8.296310,8.261383,8.226437,8.296310,8.261383,8.296310,8.208961,8.261383,8.261383,8.278851,8.243912,8.174004,8.296310,8.331230,8.331230,8.331230,8.296310,8.348686,8.366138,8.401035,8.331230,8.418476,8.366138,8.435913,8.435913,8.505650,8.505650,8.523075,8.557915,8.523075,8.523075,8.505650,8.592743,8.523075,8.557915,8.575333,8.714558,8.714558,8.679768,8.644970,8.766716,8.905678,8.870953,8.923035,8.505650,7.595413,6.018761,5.176598,5.176598,5.176598,5.212570,5.212570,5.768597,7.313717,8.226437,8.261383,8.296310,8.208961,8.156513,8.191483,8.243912,8.296310,8.348686,8.401035,8.610161,8.644970,8.749332,8.888317,8.992432,9.044441,9.096436,9.131081,9.148392,9.252239,9.148392,9.338692,9.355976,9.373260,9.373260,9.355976,9.286831,9.304119,9.355976,9.355976,9.355976,9.321407,9.286831,9.286831,9.200333,9.234943,9.009773,8.975086,9.148392,9.165710,9.061775,9.165710,9.096436,9.252239,9.165710,9.165710,9.113758,9.079109,9.113758,9.027115,9.079109,9.148392,9.131081,8.905678,9.009773,8.905678,8.888317,8.888317,8.836220,8.957737,8.836220,8.853588,8.818848,8.853588,8.870953,8.992432,9.096436,9.044441,9.131081,9.234943,9.252239,9.217640,9.148392,9.165710,9.131081,9.131081,8.975086,8.366138,7.172585,5.822250,5.338371,5.050598,5.212570,5.140610,5.284477,5.840134,6.925133,7.437057,7.366592,7.313717,7.137272,7.048931,6.978207,6.995895,7.031254,7.119606,6.995895,7.048931,7.243172,7.331345,7.454662,7.489868,7.542656,7.630577,7.735977,7.771088,7.911411,7.911411,8.104042,8.104042,8.174004,8.156513,8.296310,8.243912,8.331230,8.488220,8.488220,8.435913,8.505650,8.540497,8.523075,8.575333,8.627563,8.644970,8.662369,8.749332,8.679768,8.784096,8.749332,8.784096,8.818848,8.853588,8.923035,9.027115,9.079109,9.096436,9.200333,9.217640,9.286831,9.252239,9.217640,9.269539,9.252239,9.079109,8.104042,7.278450,7.048931,7.119606,7.296085,7.560242,8.104042,8.592743,9.459610,10.814041,11.678528,11.678528,11.408150,10.967159,10.677727,10.541225,10.404537,10.319000,10.267654,9.993317,9.873051,9.580376,9.476868,9.373260,9.494129,9.528633,9.131081,8.714558,8.523075,8.366138,8.278851,8.296310,8.174004,8.174004,8.174004,8.104042,8.069046,8.174004,8.016525,8.034035,8.034035,8.051544,8.121536,8.086544,8.174004,8.208961,8.226437,8.296310,8.278851,8.208961,8.069046,8.174004,8.191483,8.313774,8.139027,8.243912,8.296310,8.208961,
6.748028,7.260815,7.154926,6.748028,6.339550,5.893753,6.197094,7.419441,7.278450,7.013577,6.960518,6.960518,6.889732,6.978207,7.172585,7.928940,8.069046,7.788635,7.700855,7.172585,6.907440,6.854328,6.641617,6.588379,6.535103,6.659363,6.464035,6.588379,7.119606,7.172585,7.419441,7.507469,7.630577,7.260815,7.048931,7.296085,7.313717,7.331345,7.348972,7.384212,7.384212,7.437057,7.525059,7.700855,7.525059,7.419441,7.454662,7.419441,7.595413,7.560242,7.630577,7.577831,7.700855,7.893879,7.946465,8.086544,8.034035,8.051544,8.016525,7.928940,7.946465,8.034035,8.208961,8.174004,8.121536,8.174004,8.226437,8.208961,8.278851,8.208961,8.243912,8.261383,8.191483,8.383591,8.313774,8.383591,8.331230,8.296310,8.313774,8.261383,8.418476,8.418476,8.505650,8.470791,8.575333,9.113758,9.338692,8.801476,8.383591,8.243912,8.261383,8.208961,8.453358,8.557915,8.992432,8.784096,8.086544,7.683289,7.190231,6.748028,6.446259,6.623875,6.694839,6.765751,6.321754,6.677101,6.321754,6.677101,7.013577,7.031254,6.375134,6.036610,5.858009,6.090134,6.232731,6.054455,6.250534,6.375134,6.677101,8.191483,9.234943,8.784096,7.911411,7.048931,6.446259,6.357342,6.765751,7.401833,6.801193,6.659363,9.009773,8.940388,8.069046,7.243172,7.207882,7.665718,8.923035,7.753536,7.577831,8.435913,8.313774,7.331345,6.481804,6.907440,7.577831,7.612995,7.718422,8.610161,8.923035,9.355976,10.472908,10.660679,10.660679,10.762939,11.611008,12.485077,12.551975,12.384636,12.200203,11.813431,11.408150,11.069107,10.728870,10.387436,10.182007,9.855862,9.614849,9.373260,9.252239,9.009773,8.818848,8.714558,8.697163,8.610161,8.523075,8.488220,8.557915,8.801476,8.784096,8.644970,8.540497,8.488220,8.523075,8.557915,8.575333,8.453358,8.401035,8.331230,8.366138,8.453358,8.923035,8.905678,8.784096,8.540497,8.470791,8.401035,8.470791,8.557915,8.488220,8.592743,8.575333,8.749332,8.766716,8.766716,8.888317,9.027115,9.217640,9.234943,9.148392,9.096436,8.975086,9.009773,8.957737,8.923035,8.801476,9.096436,9.061775,8.975086,9.131081,9.079109,8.905678,8.957737,8.957737,9.009773,9.061775,8.992432,9.044441,9.183022,9.234943,9.183022,9.079109,9.061775,9.079109,9.131081,9.113758,8.992432,8.905678,9.061775,9.044441,8.923035,8.818848,8.714558,8.923035,9.113758,9.027115,8.905678,8.836220,8.801476,8.801476,8.888317,8.905678,8.888317,9.027115,8.818848,8.905678,8.905678,9.027115,9.113758,8.940388,8.870953,8.940388,9.061775,9.649315,9.614849,9.407806,9.217640,9.148392,9.165710,9.234943,9.234943,9.079109,8.957737,9.113758,9.269539,9.131081,9.079109,9.027115,9.131081,9.234943,9.200333,9.148392,9.200333,9.148392,9.183022,9.200333,9.148392,9.183022,9.373260,9.425079,9.425079,9.286831,9.061775,9.113758,9.061775,9.079109,8.992432,8.957737,9.044441,9.735428,10.044807,9.804260,9.425079,9.407806,9.373260,9.580376,9.700993,9.804260,9.838661,9.787056,9.632080,9.545887,9.476868,9.545887,9.752644,9.787056,9.649315,9.700993,9.632080,9.459610,9.390537,9.390537,9.355976,9.321407,9.286831,9.407806,9.580376,9.649315,9.700993,9.632080,9.614849,9.666546,9.787056,9.873051,9.958965,9.958965,9.976139,9.924606,9.821461,9.958965,9.993317,9.855862,9.597610,9.545887,9.528633,9.442345,9.476868,9.494129,9.252239,8.975086,8.870953,8.888317,9.061775,9.131081,8.853588,8.697163,8.435913,8.435913,8.243912,8.139027,7.981499,7.806187,7.700855,7.612995,7.348972,6.517342,6.054455,6.036610,6.161457,6.214916,6.214916,6.250534,6.250534,6.907440,7.577831,7.946465,8.069046,8.261383,8.278851,8.348686,8.313774,8.313774,8.226437,8.208961,8.121536,8.208961,8.174004,8.174004,8.191483,8.121536,8.174004,8.156513,8.139027,8.156513,8.156513,8.208961,8.156513,8.226437,8.226437,8.174004,8.296310,8.278851,8.296310,8.313774,8.348686,8.296310,8.401035,8.418476,8.453358,8.383591,8.505650,8.488220,8.453358,8.470791,8.470791,8.505650,8.453358,8.453358,8.488220,8.488220,8.575333,8.575333,8.592743,8.662369,8.784096,8.714558,8.766716,8.749332,8.784096,8.470791,7.296085,5.750706,5.571625,5.499908,5.464031,5.553699,5.929482,6.481804,7.700855,8.331230,8.348686,8.243912,8.226437,8.174004,8.226437,8.208961,8.261383,8.488220,8.540497,8.540497,8.749332,8.853588,8.940388,9.044441,9.096436,9.200333,9.234943,9.373260,9.373260,9.425079,9.476868,9.632080,9.494129,9.718216,9.632080,9.735428,9.804260,9.838661,9.838661,9.769852,9.855862,9.838661,9.821461,9.804260,9.821461,9.718216,9.580376,9.718216,9.941792,9.958965,9.924606,9.941792,9.873051,10.044807,9.924606,9.838661,9.804260,9.838661,9.649315,9.683773,9.700993,9.563126,9.528633,9.494129,9.373260,9.286831,9.269539,9.234943,9.217640,9.131081,9.131081,9.269539,9.217640,9.252239,9.200333,9.217640,9.304119,9.183022,9.269539,9.252239,9.217640,9.373260,9.269539,9.321407,9.113758,8.870953,8.104042,6.694839,5.553699,5.176598,5.140610,5.194580,5.158604,5.374290,6.250534,7.154926,7.366592,7.384212,7.366592,7.066605,7.048931,6.995895,6.978207,7.031254,7.101940,7.031254,7.119606,7.172585,7.260815,7.454662,7.489868,7.612995,7.612995,7.753536,7.735977,7.963982,7.876347,8.016525,8.016525,8.051544,8.226437,8.226437,8.505650,8.348686,8.401035,8.470791,8.418476,8.557915,8.523075,8.644970,8.627563,8.610161,8.627563,8.697163,8.644970,8.714558,8.766716,8.697163,8.784096,8.836220,8.905678,9.044441,9.061775,9.061775,9.148392,9.165710,9.252239,9.217640,9.286831,9.425079,9.304119,9.234943,8.679768,7.665718,7.172585,7.137272,7.066605,7.366592,7.841270,8.383591,9.061775,10.455822,11.712273,11.695396,11.695396,11.137009,10.609497,10.370338,10.404537,10.507072,10.472908,10.404537,10.267654,10.130581,9.855862,9.752644,9.683773,9.476868,9.425079,9.113758,8.888317,8.766716,8.610161,8.523075,8.453358,8.435913,8.313774,8.243912,8.226437,8.121536,8.016525,8.139027,8.051544,7.858810,7.963982,7.999016,7.946465,8.016525,8.034035,7.981499,7.999016,7.893879,7.946465,8.139027,8.226437,8.104042,8.174004,8.156513,8.156513,8.243912,8.278851,
7.013577,7.858810,7.260815,6.623875,5.732807,5.553699,6.357342,7.348972,7.525059,7.331345,6.854328,6.889732,6.818905,6.783474,7.048931,7.401833,7.753536,7.911411,7.648148,6.889732,6.872036,6.659363,6.250534,5.875885,6.054455,5.947346,5.804367,6.303955,6.730297,7.101940,7.296085,7.454662,7.260815,6.694839,6.303955,6.765751,6.659363,6.765751,6.960518,6.925133,6.801193,6.889732,7.454662,7.788635,7.366592,7.296085,7.225533,7.048931,7.172585,7.190231,7.437057,7.401833,7.419441,7.366592,7.911411,8.296310,8.331230,8.051544,7.823730,7.700855,7.788635,7.683289,7.718422,7.788635,7.806187,7.806187,7.806187,7.823730,7.771088,7.841270,7.893879,7.963982,8.121536,8.086544,8.139027,8.261383,8.331230,8.418476,8.313774,8.505650,8.610161,8.801476,8.766716,8.870953,9.044441,9.286831,9.545887,9.131081,8.592743,8.418476,8.453358,8.505650,8.488220,8.679768,9.061775,9.304119,8.888317,8.575333,8.261383,7.946465,7.753536,7.718422,7.560242,7.525059,7.366592,7.401833,7.225533,7.190231,7.348972,7.384212,7.101940,6.801193,6.712570,6.801193,6.942829,6.783474,6.677101,6.712570,6.748028,7.630577,9.044441,9.044441,8.226437,6.836617,6.641617,6.907440,6.907440,7.331345,6.872036,6.499577,8.766716,9.545887,8.191483,7.507469,7.437057,7.612995,8.261383,7.771088,8.104042,8.540497,7.648148,6.765751,6.552864,6.889732,7.384212,7.683289,7.683289,8.296310,8.383591,9.442345,10.404537,10.745911,10.728870,10.814041,11.560329,12.585411,13.018955,12.902435,12.685638,12.166641,11.729134,11.340439,11.035133,10.575371,10.301891,10.147728,10.061974,9.735428,9.390537,9.113758,9.027115,8.905678,8.731949,8.697163,8.679768,8.557915,8.610161,9.096436,9.027115,8.679768,8.575333,8.557915,8.575333,8.540497,8.488220,8.470791,8.435913,8.331230,8.331230,8.453358,8.662369,8.714558,8.540497,8.435913,8.470791,8.418476,8.418476,8.505650,8.523075,8.505650,8.523075,8.731949,8.801476,8.784096,8.731949,8.784096,8.905678,8.853588,8.784096,8.784096,8.784096,8.836220,8.731949,8.766716,8.714558,9.165710,9.252239,9.061775,8.853588,8.836220,8.801476,8.888317,8.975086,8.992432,8.992432,9.061775,8.975086,9.044441,9.061775,8.975086,8.992432,9.027115,8.923035,9.061775,9.061775,8.957737,8.870953,9.027115,8.870953,8.923035,8.801476,8.784096,9.183022,9.269539,9.165710,8.836220,8.766716,8.801476,8.818848,8.784096,8.957737,8.888317,8.836220,8.749332,8.853588,9.044441,9.252239,9.234943,9.113758,9.131081,9.217640,9.338692,9.683773,9.545887,9.252239,9.217640,9.165710,9.183022,9.217640,9.200333,9.096436,8.992432,9.044441,9.044441,9.183022,9.113758,9.183022,9.234943,9.113758,9.096436,9.131081,9.148392,9.096436,9.096436,9.079109,9.113758,9.079109,9.355976,9.666546,9.666546,9.304119,9.009773,8.992432,8.975086,9.027115,9.131081,9.165710,9.321407,9.666546,9.700993,9.442345,9.304119,9.286831,9.338692,9.442345,9.545887,9.804260,9.804260,9.752644,9.649315,9.545887,9.597610,9.614849,9.649315,9.787056,9.890244,9.838661,9.787056,9.580376,9.476868,9.390537,9.321407,9.252239,9.200333,9.563126,9.735428,9.649315,9.666546,9.632080,9.632080,9.666546,9.700993,9.769852,9.890244,9.924606,9.993317,9.890244,9.941792,10.130581,10.164867,10.044807,9.597610,9.511379,9.511379,9.459610,9.425079,9.321407,9.252239,9.148392,8.957737,8.905678,9.044441,8.801476,8.749332,8.557915,8.488220,8.366138,8.226437,8.139027,7.928940,7.893879,7.665718,7.525059,7.243172,6.499577,6.090134,6.090134,6.107971,6.143627,6.107971,6.250534,6.357342,6.960518,7.454662,7.806187,7.928940,8.104042,8.086544,8.139027,8.156513,8.174004,8.086544,8.016525,8.034035,7.963982,7.999016,8.016525,7.981499,8.051544,7.981499,7.981499,8.104042,8.069046,8.121536,8.139027,8.069046,8.121536,8.086544,8.174004,8.156513,8.191483,8.191483,8.208961,8.243912,8.226437,8.261383,8.278851,8.278851,8.331230,8.401035,8.366138,8.348686,8.366138,8.348686,8.418476,8.331230,8.331230,8.366138,8.505650,8.488220,8.540497,8.557915,8.540497,8.697163,8.627563,8.662369,8.697163,8.575333,8.174004,7.119606,6.090134,6.000916,6.000916,5.983063,6.161457,6.303955,6.907440,7.911411,8.226437,8.191483,8.156513,8.139027,8.086544,8.226437,8.069046,8.243912,8.366138,8.453358,8.592743,8.627563,8.784096,8.888317,9.061775,9.079109,8.975086,9.165710,9.321407,9.407806,9.321407,9.425079,9.597610,9.614849,9.597610,9.700993,9.666546,9.873051,9.787056,9.873051,9.873051,9.821461,9.941792,9.907425,9.907425,9.890244,9.855862,9.873051,10.010487,10.113426,10.164867,10.164867,10.199139,10.199139,10.284771,10.216270,10.301891,10.387436,10.233398,10.267654,10.336117,10.267654,10.319000,10.284771,10.301891,10.233398,10.164867,10.182007,10.079128,10.027649,9.941792,9.873051,9.907425,9.890244,9.907425,9.941792,9.804260,9.873051,9.752644,9.752644,9.735428,9.511379,9.649315,9.700993,9.425079,9.234943,8.818848,7.718422,6.232731,5.589546,5.248528,5.086613,5.158604,5.248528,5.679108,6.588379,7.348972,7.419441,7.454662,7.313717,7.172585,7.084278,7.154926,7.119606,7.119606,7.225533,7.260815,7.207882,7.243172,7.260815,7.454662,7.472267,7.612995,7.735977,7.735977,7.806187,7.946465,7.999016,7.981499,8.034035,8.174004,8.156513,8.243912,8.331230,8.435913,8.488220,8.453358,8.470791,8.523075,8.523075,8.592743,8.592743,8.610161,8.644970,8.766716,8.662369,8.714558,8.749332,8.766716,8.801476,8.818848,8.923035,8.992432,9.044441,9.079109,9.217640,9.148392,9.304119,9.355976,9.390537,9.234943,9.304119,9.131081,8.086544,7.313717,7.048931,7.048931,7.225533,7.507469,8.104042,8.662369,9.683773,11.204865,11.863968,11.813431,11.441990,10.950157,10.404537,10.353233,10.233398,10.370338,10.421631,10.096279,9.993317,9.769852,9.632080,9.390537,9.217640,9.079109,8.905678,8.836220,8.644970,8.592743,8.592743,8.557915,8.505650,8.505650,8.435913,8.418476,8.348686,8.278851,8.226437,8.156513,8.034035,8.016525,7.928940,8.069046,7.963982,8.069046,7.911411,7.946465,7.911411,7.981499,8.104042,8.016525,7.999016,7.911411,7.999016,7.999016,8.104042,8.121536,8.226437,
6.765751,7.489868,7.048931,5.697014,5.446091,5.571625,6.428486,7.278450,7.612995,7.542656,7.207882,6.907440,6.854328,6.748028,6.801193,7.190231,7.648148,7.823730,7.612995,7.331345,7.348972,6.535103,5.911625,5.750706,6.018761,5.589546,5.750706,6.286148,6.907440,7.260815,7.525059,7.472267,6.748028,6.107971,6.107971,6.339550,6.090134,6.286148,6.570625,6.889732,6.499577,6.481804,7.084278,7.419441,6.694839,6.641617,6.321754,6.410706,6.428486,6.464035,6.677101,6.854328,6.748028,6.854328,7.911411,8.940388,8.975086,8.296310,7.788635,7.454662,7.331345,7.384212,7.507469,7.630577,7.683289,7.700855,7.472267,7.313717,7.296085,7.454662,7.542656,7.507469,7.683289,7.771088,7.911411,7.788635,7.928940,8.034035,8.016525,8.156513,8.208961,8.296310,8.453358,8.592743,8.714558,8.957737,8.870953,8.870953,8.557915,8.592743,8.540497,8.610161,8.731949,8.749332,9.009773,9.079109,9.061775,8.992432,8.888317,8.853588,8.870953,8.731949,8.679768,8.575333,8.627563,8.610161,8.505650,8.418476,8.505650,8.470791,8.348686,8.261383,8.121536,8.156513,8.191483,8.034035,7.911411,7.893879,7.753536,7.946465,8.592743,8.470791,8.051544,7.525059,7.331345,7.384212,7.296085,7.595413,7.331345,6.995895,8.208961,8.766716,7.999016,8.016525,8.104042,7.841270,7.911411,7.718422,7.542656,7.348972,7.190231,7.031254,7.031254,7.190231,7.648148,7.911411,8.034035,8.069046,8.401035,9.511379,10.438725,11.018150,10.916145,10.831066,11.272675,12.065849,12.785763,12.769081,12.602119,12.133057,11.745995,11.289619,10.984158,10.660679,10.284771,10.558300,10.575371,10.061974,9.494129,9.338692,9.183022,8.975086,8.975086,8.957737,8.905678,8.644970,8.905678,9.148392,9.044441,8.853588,8.714558,8.644970,8.575333,8.540497,8.540497,8.540497,8.505650,8.418476,8.208961,8.435913,8.418476,8.505650,8.435913,8.453358,8.592743,8.523075,8.523075,8.627563,8.592743,8.418476,8.383591,8.662369,8.888317,8.853588,8.697163,8.714558,8.627563,8.610161,8.644970,8.714558,8.644970,8.662369,8.627563,8.523075,8.592743,9.079109,9.200333,8.853588,8.714558,8.784096,8.853588,8.923035,9.044441,9.009773,9.079109,8.992432,9.079109,9.096436,9.183022,9.044441,9.096436,9.131081,9.079109,9.061775,9.027115,9.027115,8.957737,9.009773,8.957737,9.200333,9.252239,9.061775,9.027115,9.044441,8.905678,8.818848,8.749332,8.801476,8.784096,8.784096,8.784096,8.853588,8.818848,8.801476,8.679768,9.061775,9.286831,9.148392,8.697163,8.836220,8.870953,8.905678,8.992432,9.113758,9.113758,9.148392,9.061775,9.079109,9.165710,9.061775,9.096436,9.096436,9.009773,9.217640,9.148392,9.165710,9.165710,9.217640,9.217640,9.044441,9.131081,9.234943,9.148392,9.113758,9.061775,9.009773,9.044441,9.286831,9.545887,9.545887,9.183022,8.992432,8.940388,9.044441,9.183022,9.234943,9.321407,9.269539,9.373260,9.355976,9.269539,9.286831,9.286831,9.217640,9.252239,9.304119,9.476868,9.528633,9.407806,9.528633,9.597610,9.442345,9.373260,9.425079,9.735428,9.821461,9.718216,9.614849,9.390537,9.321407,9.234943,9.131081,9.113758,9.217640,9.563126,9.718216,9.597610,9.494129,9.407806,9.338692,9.407806,9.494129,9.528633,9.614849,9.649315,9.700993,9.804260,9.855862,10.010487,9.976139,9.890244,9.580376,9.459610,9.528633,9.425079,9.269539,9.269539,9.234943,9.044441,9.061775,8.923035,8.853588,8.679768,8.610161,8.523075,8.453358,8.261383,8.174004,7.963982,7.893879,7.823730,7.630577,7.401833,7.084278,6.303955,6.090134,6.090134,6.143627,6.090134,6.107971,6.090134,6.250534,6.765751,7.366592,7.630577,7.788635,7.928940,7.911411,7.999016,7.963982,7.946465,7.946465,7.928940,7.841270,7.806187,7.823730,7.858810,7.858810,7.788635,7.823730,7.806187,7.963982,7.893879,7.841270,7.876347,7.893879,7.963982,8.034035,8.034035,8.069046,7.928940,7.981499,8.016525,7.999016,8.051544,8.069046,8.156513,8.174004,8.226437,8.174004,8.261383,8.208961,8.261383,8.191483,8.243912,8.226437,8.191483,8.313774,8.313774,8.401035,8.435913,8.470791,8.366138,8.488220,8.540497,8.627563,8.540497,8.401035,7.999016,6.960518,6.375134,6.286148,6.268349,6.303955,6.410706,6.535103,7.101940,8.016525,8.104042,8.104042,8.016525,7.928940,8.051544,7.999016,8.086544,8.121536,8.313774,8.453358,8.470791,8.592743,8.679768,8.818848,8.870953,9.009773,8.992432,9.148392,9.165710,9.234943,9.286831,9.390537,9.459610,9.511379,9.563126,9.563126,9.563126,9.700993,9.821461,9.752644,9.838661,9.855862,9.924606,9.890244,9.924606,9.890244,9.838661,9.907425,10.044807,10.096279,10.199139,10.147728,10.130581,10.182007,10.250530,10.216270,10.233398,10.301891,10.319000,10.404537,10.319000,10.387436,10.336117,10.404537,10.455822,10.353233,10.404537,10.421631,10.438725,10.353233,10.421631,10.336117,10.421631,10.507072,10.421631,10.507072,10.455822,10.421631,10.404537,10.353233,10.319000,10.284771,10.284771,10.284771,10.079128,9.632080,8.957737,7.313717,5.983063,5.535770,5.194580,5.266499,5.248528,5.446091,6.054455,7.331345,7.665718,7.683289,7.454662,7.366592,7.348972,7.384212,7.260815,7.243172,7.331345,7.542656,7.437057,7.366592,7.437057,7.366592,7.525059,7.665718,7.771088,7.841270,7.876347,7.928940,7.999016,8.069046,8.191483,8.069046,8.174004,8.261383,8.348686,8.383591,8.488220,8.418476,8.488220,8.505650,8.470791,8.540497,8.592743,8.610161,8.627563,8.627563,8.679768,8.766716,8.731949,8.801476,8.731949,8.888317,8.870953,8.957737,9.044441,9.079109,9.096436,9.131081,9.217640,9.200333,9.269539,9.355976,9.321407,9.269539,8.784096,7.771088,7.172585,6.978207,7.137272,7.296085,7.788635,8.296310,9.027115,10.489990,12.032238,12.032238,11.644768,11.018150,10.507072,10.130581,10.164867,10.284771,10.199139,10.113426,10.079128,9.769852,9.494129,9.321407,9.200333,9.165710,8.870953,8.731949,8.557915,8.313774,8.226437,8.296310,8.313774,8.191483,8.156513,8.069046,8.104042,8.139027,8.121536,8.069046,7.858810,7.771088,7.841270,7.735977,7.788635,7.753536,7.928940,7.928940,7.963982,7.963982,7.963982,7.928940,7.946465,7.841270,7.911411,7.999016,8.016525,8.051544,8.104042,8.174004,
6.570625,6.552864,5.804367,5.535770,5.732807,6.107971,6.836617,7.137272,7.700855,7.999016,7.401833,7.013577,6.854328,6.872036,6.818905,7.101940,7.348972,7.718422,7.735977,7.999016,7.260815,6.392914,5.840134,5.893753,5.858009,5.679108,5.875885,7.066605,7.384212,7.190231,7.735977,7.437057,6.481804,6.090134,6.392914,6.392914,6.214916,6.125797,6.517342,6.712570,6.268349,6.214916,6.588379,6.694839,6.161457,6.321754,6.090134,6.303955,6.125797,5.858009,6.303955,6.286148,5.929482,6.072296,6.960518,8.104042,8.940388,8.575333,7.876347,7.243172,7.066605,6.730297,6.907440,7.243172,7.507469,7.260815,6.854328,6.801193,6.783474,6.978207,7.207882,7.313717,7.243172,7.437057,7.718422,7.507469,7.648148,7.612995,7.595413,7.560242,7.858810,7.841270,7.999016,8.086544,8.278851,8.435913,8.610161,8.592743,8.610161,8.697163,8.557915,8.610161,8.592743,8.662369,8.749332,8.818848,8.870953,8.923035,8.905678,8.836220,8.923035,8.836220,8.801476,8.801476,8.749332,8.870953,8.957737,8.992432,9.061775,8.957737,9.079109,9.044441,8.957737,9.131081,8.975086,9.061775,8.992432,8.975086,9.044441,8.940388,8.905678,8.992432,8.905678,8.801476,8.627563,8.627563,8.435913,8.470791,8.348686,8.243912,8.540497,8.697163,8.418476,8.505650,8.592743,8.383591,8.296310,8.208961,8.016525,7.946465,7.753536,7.806187,7.911411,7.911411,8.104042,8.348686,8.575333,8.366138,8.818848,9.321407,10.387436,11.069107,11.035133,10.967159,11.238777,12.099461,12.902435,12.985676,12.752399,12.166641,11.695396,11.340439,10.950157,10.575371,10.370338,10.558300,10.660679,10.044807,9.580376,9.459610,9.373260,9.200333,9.096436,8.957737,8.957737,8.905678,8.836220,8.975086,9.027115,8.923035,8.836220,8.697163,8.679768,8.644970,8.557915,8.523075,8.523075,8.348686,8.243912,8.296310,8.575333,8.644970,8.540497,8.505650,8.488220,8.557915,8.627563,8.679768,8.662369,8.627563,8.679768,8.801476,9.061775,8.957737,8.888317,8.679768,8.679768,8.749332,8.714558,8.731949,8.644970,8.610161,8.592743,8.557915,8.644970,8.853588,8.836220,8.697163,8.818848,8.870953,8.940388,8.975086,8.975086,8.975086,9.061775,9.079109,9.183022,9.304119,9.200333,9.165710,9.165710,9.286831,9.217640,9.217640,9.200333,9.183022,9.200333,9.079109,9.044441,9.200333,9.649315,9.269539,8.905678,8.905678,8.818848,8.818848,8.749332,8.766716,8.853588,8.766716,8.905678,8.957737,8.905678,8.801476,8.818848,8.905678,9.027115,8.888317,8.731949,8.662369,8.749332,8.749332,8.731949,8.853588,9.183022,9.234943,9.148392,9.131081,9.096436,9.009773,9.131081,9.183022,9.217640,9.286831,9.252239,9.269539,9.234943,9.113758,9.096436,8.923035,9.304119,9.752644,9.373260,9.027115,9.061775,9.044441,9.044441,9.148392,9.338692,9.304119,9.079109,8.888317,9.079109,9.252239,9.442345,9.442345,9.407806,9.338692,9.286831,9.252239,9.269539,9.286831,9.304119,9.321407,9.373260,9.425079,9.459610,9.338692,9.286831,9.373260,9.269539,9.131081,9.027115,9.234943,9.683773,9.580376,9.355976,9.113758,9.027115,9.061775,9.061775,9.131081,9.165710,9.217640,9.286831,9.304119,9.217640,9.200333,9.131081,9.200333,9.252239,9.252239,9.407806,9.390537,9.373260,9.321407,9.304119,9.373260,9.597610,9.632080,9.683773,9.494129,9.442345,9.425079,9.390537,9.321407,9.252239,9.148392,9.009773,9.009773,8.992432,9.079109,8.957737,8.557915,8.523075,8.435913,8.366138,8.278851,8.139027,7.946465,7.823730,7.683289,7.525059,7.066605,6.197094,5.947346,6.018761,6.072296,6.018761,6.000916,6.018761,6.268349,6.783474,7.313717,7.560242,7.718422,7.753536,7.823730,7.841270,7.753536,7.753536,7.735977,7.735977,7.718422,7.788635,7.771088,7.665718,7.806187,7.718422,7.700855,7.788635,7.735977,7.718422,7.735977,7.823730,7.771088,7.841270,7.823730,7.946465,7.823730,7.806187,7.806187,7.893879,7.928940,7.911411,7.981499,7.981499,8.051544,8.156513,8.174004,8.156513,8.139027,8.034035,8.086544,8.139027,8.121536,8.121536,8.139027,8.208961,8.226437,8.261383,8.348686,8.331230,8.331230,8.366138,8.435913,8.383591,8.278851,7.612995,6.783474,6.410706,6.339550,6.339550,6.392914,6.339550,6.481804,7.190231,7.946465,8.069046,8.016525,7.928940,7.858810,7.999016,7.946465,7.999016,8.086544,8.296310,8.401035,8.418476,8.488220,8.610161,8.627563,8.766716,8.923035,8.975086,9.113758,9.113758,9.269539,9.252239,9.286831,9.373260,9.459610,9.494129,9.563126,9.528633,9.632080,9.614849,9.735428,9.700993,9.855862,9.855862,9.924606,9.821461,9.804260,9.787056,9.855862,10.027649,10.027649,10.113426,10.113426,10.113426,10.130581,10.199139,10.130581,10.130581,10.199139,10.267654,10.319000,10.319000,10.336117,10.319000,10.370338,10.387436,10.370338,10.353233,10.455822,10.336117,10.404537,10.370338,10.472908,10.438725,10.421631,10.472908,10.438725,10.455822,10.489990,10.438725,10.489990,10.524147,10.507072,10.387436,10.438725,10.164867,9.666546,8.557915,6.854328,5.822250,5.499908,5.499908,5.410194,5.338371,5.732807,6.995895,8.174004,8.540497,8.592743,8.453358,8.296310,8.139027,8.104042,8.086544,7.963982,7.841270,8.069046,7.946465,7.911411,7.911411,7.928940,8.034035,8.069046,8.034035,8.104042,8.139027,8.226437,8.313774,8.226437,8.191483,8.401035,8.470791,8.540497,8.662369,8.592743,8.610161,8.714558,8.679768,8.679768,8.731949,8.714558,8.644970,8.627563,8.679768,8.714558,8.784096,8.801476,8.818848,8.784096,8.836220,8.870953,8.957737,9.148392,9.165710,9.079109,9.131081,9.217640,9.252239,9.373260,9.304119,9.217640,9.234943,9.183022,8.139027,7.331345,6.942829,7.013577,7.084278,7.401833,7.999016,8.610161,9.580376,11.187904,11.998611,12.049046,11.441990,10.762939,10.199139,10.079128,10.113426,9.976139,9.993317,9.838661,9.614849,9.390537,9.200333,9.027115,9.113758,9.113758,8.714558,8.575333,8.296310,8.139027,8.226437,8.139027,8.069046,8.016525,7.981499,7.999016,7.963982,7.893879,7.946465,7.806187,7.735977,7.771088,7.841270,7.806187,7.753536,7.893879,7.788635,7.806187,7.823730,7.858810,7.928940,7.911411,7.841270,7.928940,7.928940,7.963982,7.999016,8.034035,8.051544,8.104042,
6.836617,6.197094,5.858009,6.179276,6.250534,6.464035,7.084278,7.190231,7.806187,8.121536,7.648148,7.454662,7.154926,7.031254,7.137272,7.172585,7.207882,7.612995,7.893879,8.191483,7.366592,6.641617,6.286148,6.018761,5.804367,5.481972,5.911625,8.488220,8.418476,7.031254,7.454662,7.190231,6.268349,6.125797,6.339550,6.464035,6.250534,6.018761,6.125797,6.232731,5.661201,5.625381,6.214916,6.321754,6.036610,6.107971,6.179276,6.748028,6.214916,6.125797,6.268349,5.947346,5.697014,5.750706,6.357342,6.801193,7.665718,8.488220,8.401035,7.648148,6.694839,6.179276,6.570625,7.101940,7.560242,6.748028,6.818905,6.410706,6.321754,6.712570,6.517342,6.694839,6.570625,6.730297,6.854328,6.960518,7.084278,6.659363,6.730297,6.872036,6.960518,6.960518,7.101940,7.366592,7.665718,7.981499,8.226437,8.139027,8.435913,8.662369,8.575333,8.383591,8.470791,8.470791,8.488220,8.383591,8.662369,8.766716,8.749332,8.610161,8.523075,8.366138,8.383591,8.383591,8.557915,8.488220,8.540497,8.714558,8.888317,8.957737,8.818848,8.714558,8.749332,8.870953,8.975086,9.079109,9.009773,9.009773,9.027115,9.061775,9.165710,9.113758,9.131081,9.234943,9.148392,9.217640,9.269539,9.183022,9.286831,9.390537,9.390537,9.425079,9.407806,9.390537,9.425079,9.425079,9.338692,9.338692,9.286831,9.252239,9.321407,9.165710,9.200333,9.321407,9.252239,9.425079,9.459610,9.580376,9.683773,9.873051,10.438725,11.340439,11.238777,11.069107,11.052120,11.796577,12.719025,12.819115,12.518532,12.334373,12.032238,11.695396,11.425068,11.052120,10.643623,10.558300,10.472908,9.941792,9.804260,9.683773,9.511379,9.373260,9.217640,9.131081,9.027115,8.853588,8.749332,8.714558,8.697163,8.940388,8.749332,8.592743,8.557915,8.627563,8.610161,8.523075,8.418476,8.383591,8.383591,8.470791,8.784096,8.975086,8.731949,8.488220,8.540497,8.575333,8.697163,8.714558,8.784096,8.679768,8.836220,8.766716,9.027115,8.940388,8.957737,9.009773,8.975086,8.888317,8.853588,8.818848,8.749332,8.731949,8.575333,8.575333,8.679768,8.766716,8.784096,8.662369,8.679768,8.662369,8.784096,8.836220,8.818848,8.818848,8.905678,8.870953,9.390537,9.442345,9.304119,9.321407,9.304119,9.338692,9.338692,9.269539,9.321407,9.355976,9.217640,9.183022,9.183022,9.373260,9.390537,9.338692,9.044441,9.027115,8.992432,9.027115,8.992432,9.044441,9.096436,8.957737,9.148392,9.217640,9.217640,9.044441,8.905678,9.009773,8.992432,8.853588,8.836220,8.766716,8.766716,8.818848,8.714558,8.801476,9.252239,9.459610,9.234943,9.148392,9.148392,9.234943,9.355976,9.494129,9.459610,9.476868,9.442345,9.511379,9.425079,9.321407,9.304119,9.165710,9.528633,9.700993,9.390537,9.131081,9.079109,9.079109,9.027115,9.079109,9.217640,9.148392,9.148392,9.027115,9.096436,9.494129,9.632080,9.511379,9.355976,9.217640,9.269539,9.200333,9.234943,9.321407,9.338692,9.373260,9.442345,9.390537,9.425079,9.425079,9.355976,9.286831,9.217640,9.148392,9.061775,9.183022,9.373260,9.304119,9.027115,8.957737,9.044441,9.148392,9.096436,9.044441,9.113758,9.079109,9.113758,9.113758,9.113758,9.131081,9.148392,9.183022,9.217640,9.321407,9.269539,9.217640,9.252239,9.113758,9.165710,9.338692,9.563126,9.666546,9.442345,9.234943,9.252239,9.252239,9.286831,9.200333,9.148392,9.096436,9.009773,8.975086,9.061775,9.131081,8.975086,8.662369,8.610161,8.488220,8.383591,8.331230,8.226437,7.981499,7.928940,7.648148,7.507469,7.172585,6.161457,5.911625,5.929482,5.965206,5.911625,6.000916,5.947346,6.143627,6.872036,7.225533,7.366592,7.595413,7.648148,7.683289,7.665718,7.648148,7.595413,7.630577,7.683289,7.595413,7.577831,7.560242,7.489868,7.612995,7.612995,7.612995,7.595413,7.542656,7.665718,7.630577,7.665718,7.700855,7.718422,7.700855,7.612995,7.648148,7.806187,7.771088,7.858810,7.858810,7.788635,7.771088,7.858810,7.911411,7.893879,7.981499,7.963982,7.963982,7.963982,7.963982,8.016525,7.981499,7.999016,8.034035,8.104042,8.104042,8.191483,8.156513,8.278851,8.313774,8.331230,8.401035,8.296310,8.156513,7.348972,6.552864,6.321754,6.286148,6.268349,6.321754,6.250534,6.552864,7.278450,7.841270,7.911411,7.876347,7.718422,7.735977,7.858810,7.858810,7.858810,8.051544,8.174004,8.261383,8.348686,8.383591,8.557915,8.697163,8.679768,8.801476,8.905678,8.957737,9.044441,9.009773,9.148392,9.183022,9.234943,9.425079,9.390537,9.425079,9.511379,9.511379,9.563126,9.511379,9.649315,9.649315,9.700993,9.666546,9.700993,9.700993,9.804260,9.821461,9.890244,9.890244,10.010487,10.010487,9.993317,10.044807,10.147728,10.147728,10.061974,10.147728,10.182007,10.267654,10.250530,10.250530,10.267654,10.284771,10.301891,10.267654,10.284771,10.319000,10.336117,10.301891,10.319000,10.319000,10.319000,10.387436,10.387436,10.387436,10.370338,10.353233,10.301891,10.336117,10.336117,10.387436,10.353233,10.267654,10.044807,9.390537,7.999016,6.535103,5.929482,5.822250,5.535770,5.589546,5.643291,6.339550,7.735977,8.627563,8.905678,8.766716,8.697163,8.575333,8.592743,8.575333,8.540497,8.540497,8.592743,8.679768,8.836220,8.888317,8.923035,8.888317,8.957737,8.957737,8.992432,8.957737,9.061775,9.027115,9.148392,9.079109,9.113758,9.113758,9.165710,9.269539,9.183022,9.252239,9.148392,9.061775,9.113758,9.061775,9.061775,9.027115,9.044441,8.992432,8.975086,8.923035,8.940388,8.975086,8.975086,8.923035,8.992432,8.905678,9.096436,9.061775,9.148392,9.165710,9.286831,9.200333,9.355976,9.321407,9.286831,9.304119,9.234943,8.749332,7.683289,7.048931,6.907440,6.960518,7.119606,7.612995,8.191483,9.096436,10.472908,11.880806,12.116257,11.998611,11.221825,10.694775,10.370338,10.336117,10.455822,10.387436,10.164867,9.993317,9.614849,9.563126,9.304119,9.009773,9.079109,9.079109,8.714558,8.418476,8.243912,8.139027,8.069046,8.191483,8.086544,8.069046,7.981499,8.034035,7.999016,7.893879,7.858810,7.806187,7.823730,7.806187,7.718422,7.771088,7.788635,7.771088,7.858810,7.841270,7.876347,7.981499,8.208961,8.016525,7.946465,7.893879,7.893879,7.946465,7.946465,8.034035,8.069046,8.139027,
7.472267,7.031254,7.630577,7.718422,7.296085,7.172585,7.542656,7.577831,7.630577,7.735977,8.051544,7.876347,7.401833,7.260815,7.313717,7.172585,7.331345,7.454662,7.823730,7.999016,7.665718,7.154926,6.677101,6.232731,5.732807,5.392242,5.965206,9.286831,8.697163,6.854328,7.137272,6.748028,6.197094,6.339550,6.375134,6.214916,6.161457,5.893753,6.161457,5.965206,5.356339,5.446091,5.983063,6.392914,6.179276,6.036610,6.428486,7.066605,6.481804,6.303955,6.268349,6.018761,5.571625,5.714912,6.161457,6.357342,6.499577,7.401833,8.121536,7.366592,6.286148,6.161457,6.978207,7.753536,6.942829,6.641617,6.641617,6.446259,6.552864,6.535103,6.339550,6.339550,6.232731,6.268349,6.375134,6.730297,6.552864,6.481804,6.375134,6.357342,6.464035,6.641617,6.588379,7.013577,7.401833,7.700855,7.771088,7.683289,8.401035,8.644970,8.401035,8.104042,8.069046,8.208961,8.156513,8.226437,8.679768,9.027115,8.975086,8.401035,8.104042,7.841270,7.753536,7.841270,8.104042,7.999016,8.208961,8.540497,8.818848,8.523075,8.418476,8.348686,8.348686,8.523075,8.697163,8.836220,8.627563,8.627563,8.714558,8.766716,8.766716,8.801476,8.801476,8.940388,8.905678,8.888317,8.853588,9.061775,9.061775,9.165710,9.217640,9.338692,9.407806,9.528633,9.563126,9.545887,9.666546,9.700993,9.735428,9.838661,9.941792,9.941792,10.061974,10.216270,10.284771,10.319000,10.455822,10.489990,10.609497,10.694775,11.238777,11.611008,11.340439,11.187904,10.967159,11.289619,12.317612,12.885777,12.902435,12.752399,12.468342,12.334373,11.964966,11.526535,11.052120,10.677727,10.353233,10.336117,10.010487,9.735428,9.666546,9.425079,9.355976,9.217640,9.009773,8.957737,8.749332,8.784096,8.853588,9.027115,8.818848,8.401035,8.470791,8.557915,8.523075,8.470791,8.540497,8.488220,8.435913,8.644970,8.870953,8.888317,8.714558,8.505650,8.610161,8.610161,8.644970,8.610161,8.766716,8.731949,8.714558,8.818848,8.836220,8.957737,9.009773,9.009773,9.009773,9.009773,9.061775,8.940388,8.818848,8.801476,8.679768,8.592743,8.714558,8.923035,9.027115,8.870953,8.714558,8.749332,8.749332,8.836220,8.836220,8.836220,8.818848,8.836220,9.269539,9.407806,9.304119,9.148392,9.027115,9.096436,9.269539,9.321407,9.390537,9.321407,9.165710,9.044441,9.027115,9.252239,9.355976,9.217640,9.165710,9.096436,9.027115,9.096436,9.131081,9.079109,9.079109,9.009773,9.131081,9.563126,9.683773,9.355976,9.200333,9.113758,9.131081,9.096436,8.992432,8.957737,8.957737,8.888317,8.975086,8.940388,9.131081,9.528633,9.407806,9.390537,9.373260,9.252239,9.373260,9.338692,9.373260,9.338692,9.355976,9.407806,9.425079,9.321407,9.217640,9.200333,9.476868,9.494129,9.425079,9.269539,9.200333,9.165710,9.131081,9.148392,9.148392,9.304119,9.425079,9.217640,9.027115,9.183022,9.321407,9.252239,9.131081,9.009773,8.957737,9.044441,9.113758,9.183022,9.217640,9.217640,9.200333,9.183022,9.183022,9.148392,9.148392,9.234943,9.131081,9.113758,9.044441,9.044441,9.113758,9.079109,8.888317,8.853588,9.096436,9.304119,9.044441,8.905678,8.923035,8.975086,9.027115,9.096436,9.044441,8.923035,9.079109,9.027115,9.148392,9.373260,9.442345,9.442345,9.304119,9.183022,9.165710,9.321407,9.614849,9.718216,9.459610,9.234943,9.200333,9.183022,9.165710,9.113758,9.061775,9.061775,8.923035,8.905678,9.009773,8.870953,8.818848,8.592743,8.627563,8.453358,8.418476,8.435913,8.278851,8.086544,7.893879,7.665718,7.489868,7.013577,6.090134,5.875885,5.840134,5.822250,5.858009,5.804367,5.840134,6.054455,6.712570,7.084278,7.260815,7.454662,7.454662,7.542656,7.472267,7.525059,7.419441,7.384212,7.366592,7.454662,7.331345,7.419441,7.384212,7.384212,7.401833,7.437057,7.507469,7.472267,7.401833,7.454662,7.437057,7.525059,7.472267,7.542656,7.454662,7.577831,7.595413,7.595413,7.560242,7.735977,7.683289,7.630577,7.683289,7.630577,7.806187,7.718422,7.841270,7.788635,7.876347,7.823730,7.806187,7.735977,7.806187,7.841270,7.911411,7.893879,7.963982,8.104042,8.104042,7.981499,8.156513,8.156513,8.139027,7.876347,7.101940,6.499577,6.303955,6.286148,6.268349,6.392914,6.392914,6.588379,7.419441,7.700855,7.771088,7.630577,7.595413,7.595413,7.665718,7.683289,7.718422,7.841270,7.928940,8.086544,8.226437,8.313774,8.418476,8.540497,8.610161,8.714558,8.749332,8.784096,8.801476,8.975086,9.027115,9.113758,9.217640,9.200333,9.200333,9.252239,9.338692,9.269539,9.442345,9.425079,9.459610,9.494129,9.425079,9.425079,9.563126,9.563126,9.632080,9.666546,9.787056,9.735428,9.855862,9.855862,9.890244,9.873051,9.976139,9.976139,9.976139,10.096279,10.061974,10.079128,10.113426,10.164867,10.130581,10.216270,10.182007,10.182007,10.199139,10.250530,10.182007,10.216270,10.216270,10.284771,10.147728,10.233398,10.336117,10.301891,10.267654,10.250530,10.216270,10.353233,10.199139,10.250530,10.233398,10.044807,9.787056,8.905678,7.454662,6.321754,5.965206,5.840134,5.875885,5.786484,5.965206,6.978207,8.191483,8.905678,8.905678,8.749332,8.697163,8.557915,8.575333,8.644970,8.575333,8.644970,8.679768,8.784096,8.870953,9.009773,9.079109,9.217640,9.200333,9.269539,9.373260,9.442345,9.476868,9.614849,9.735428,9.804260,9.907425,9.769852,9.958965,9.976139,10.044807,10.130581,9.993317,9.993317,10.147728,9.976139,10.027649,10.113426,10.061974,9.838661,9.769852,9.769852,9.718216,9.752644,9.649315,9.494129,9.597610,9.494129,9.528633,9.511379,9.528633,9.545887,9.511379,9.614849,9.649315,9.649315,9.545887,9.425079,9.217640,8.104042,7.190231,6.836617,6.765751,6.889732,7.296085,7.806187,8.418476,9.563126,11.187904,11.998611,12.015423,11.526535,10.865101,10.507072,10.353233,10.216270,10.353233,10.250530,10.096279,9.838661,9.718216,9.442345,9.252239,9.079109,9.061775,8.836220,8.697163,8.662369,8.488220,8.488220,8.470791,8.435913,8.401035,8.383591,8.331230,8.296310,8.261383,7.963982,7.946465,7.928940,7.911411,7.806187,7.858810,7.841270,7.946465,7.928940,7.911411,7.911411,7.946465,8.174004,8.383591,8.156513,8.069046,7.963982,7.963982,7.999016,8.069046,8.121536,8.191483,8.156513,
8.401035,8.749332,8.540497,8.610161,8.278851,8.383591,8.383591,8.261383,8.208961,8.610161,9.096436,8.818848,7.999016,7.560242,7.542656,7.384212,7.489868,7.401833,7.806187,7.911411,7.700855,7.806187,7.313717,6.659363,6.125797,5.786484,6.286148,9.027115,8.243912,6.659363,6.765751,6.712570,6.730297,6.623875,6.286148,6.392914,6.410706,6.232731,6.410706,6.054455,5.428139,5.410194,6.107971,6.623875,6.677101,6.339550,6.730297,7.472267,6.801193,6.623875,6.517342,6.214916,5.607468,5.893753,6.179276,5.911625,6.161457,7.172585,7.296085,6.570625,5.983063,6.446259,7.595413,7.771088,6.339550,6.659363,6.446259,6.375134,6.428486,6.446259,6.748028,6.357342,6.214916,6.268349,6.410706,6.694839,6.623875,6.535103,6.499577,6.464035,6.570625,6.748028,6.659363,6.978207,7.612995,7.612995,7.525059,7.612995,8.278851,8.679768,8.523075,8.086544,8.104042,8.121536,8.016525,7.963982,8.383591,9.079109,8.940388,8.278851,7.753536,7.331345,6.854328,7.119606,7.401833,7.296085,7.507469,8.697163,8.784096,8.191483,7.665718,7.313717,7.560242,7.946465,8.418476,9.131081,8.610161,7.963982,8.034035,8.261383,8.366138,8.313774,8.401035,8.505650,8.418476,8.261383,8.557915,8.679768,8.766716,8.749332,8.784096,8.888317,8.923035,8.923035,9.009773,8.957737,9.044441,9.061775,9.217640,9.252239,9.373260,9.545887,9.666546,9.769852,9.855862,9.890244,10.130581,10.216270,10.387436,10.643623,10.831066,11.052120,11.069107,10.950157,11.052120,11.289619,11.948143,12.819115,12.935738,12.902435,12.652241,12.384636,11.964966,11.678528,11.221825,10.916145,10.609497,10.609497,10.541225,10.113426,9.614849,9.373260,9.252239,9.234943,9.131081,8.975086,8.836220,8.801476,8.957737,9.269539,8.888317,8.435913,8.435913,8.557915,8.557915,8.575333,8.679768,8.714558,8.644970,8.749332,8.870953,8.784096,8.784096,8.627563,8.627563,8.610161,8.627563,8.679768,8.714558,8.766716,8.679768,8.731949,8.801476,9.027115,8.975086,8.853588,8.818848,8.836220,8.923035,8.888317,8.818848,8.766716,8.592743,8.627563,8.957737,9.183022,9.286831,8.940388,8.749332,8.697163,8.836220,8.784096,8.870953,8.853588,8.870953,8.836220,8.888317,9.113758,9.096436,9.009773,9.079109,9.044441,9.148392,9.234943,9.217640,9.165710,9.044441,9.061775,9.009773,9.131081,9.442345,9.407806,9.096436,9.079109,9.096436,9.009773,9.027115,9.009773,8.975086,9.061775,9.286831,9.683773,9.683773,9.407806,9.286831,9.217640,9.217640,9.183022,9.148392,9.148392,9.027115,9.061775,9.027115,9.113758,9.234943,9.355976,9.234943,9.234943,9.131081,9.200333,9.269539,9.183022,9.113758,9.079109,9.234943,9.355976,9.442345,9.217640,9.009773,9.165710,9.373260,9.390537,9.390537,9.304119,9.252239,9.131081,9.113758,9.131081,9.148392,9.494129,9.597610,9.269539,9.131081,9.044441,9.027115,9.079109,8.923035,8.870953,8.957737,9.044441,9.148392,9.079109,9.079109,9.044441,9.009773,9.009773,9.044441,9.131081,9.079109,9.044441,9.113758,9.027115,8.992432,9.183022,9.200333,8.975086,8.818848,8.784096,9.096436,9.165710,9.044441,8.731949,8.697163,8.766716,8.923035,9.061775,8.940388,8.975086,8.888317,8.870953,9.044441,9.390537,9.632080,9.580376,9.338692,9.252239,9.286831,9.304119,9.614849,9.511379,9.390537,9.234943,9.131081,9.079109,8.940388,8.957737,8.940388,8.836220,8.818848,8.766716,8.784096,8.766716,8.610161,8.488220,8.401035,8.348686,8.313774,8.313774,8.174004,8.069046,7.963982,7.823730,7.507469,7.031254,6.107971,5.822250,5.697014,5.768597,5.697014,5.732807,5.697014,6.072296,6.588379,6.872036,7.137272,7.207882,7.260815,7.384212,7.348972,7.296085,7.260815,7.190231,7.260815,7.260815,7.172585,7.278450,7.225533,7.260815,7.260815,7.225533,7.260815,7.313717,7.260815,7.243172,7.296085,7.313717,7.348972,7.348972,7.366592,7.401833,7.489868,7.348972,7.454662,7.507469,7.437057,7.525059,7.577831,7.507469,7.595413,7.683289,7.718422,7.648148,7.542656,7.665718,7.648148,7.648148,7.665718,7.700855,7.806187,7.806187,7.946465,7.911411,7.841270,7.981499,8.034035,7.981499,7.858810,7.630577,6.925133,6.375134,6.303955,6.286148,6.286148,6.161457,6.268349,6.712570,7.401833,7.560242,7.542656,7.472267,7.525059,7.454662,7.595413,7.630577,7.771088,7.771088,7.911411,7.981499,8.139027,8.261383,8.278851,8.366138,8.435913,8.627563,8.592743,8.662369,8.697163,8.853588,8.905678,9.009773,9.027115,8.940388,9.131081,9.096436,9.200333,9.200333,9.183022,9.286831,9.321407,9.338692,9.321407,9.338692,9.442345,9.355976,9.476868,9.580376,9.614849,9.597610,9.666546,9.735428,9.787056,9.769852,9.821461,9.821461,9.907425,9.941792,10.027649,9.924606,10.027649,9.976139,10.079128,10.096279,10.061974,10.027649,10.113426,10.096279,10.061974,10.130581,10.182007,10.130581,10.044807,10.079128,10.113426,10.182007,10.130581,10.130581,10.199139,10.096279,10.079128,10.079128,10.096279,9.993317,9.545887,8.505650,7.119606,6.517342,6.232731,6.197094,6.036610,6.125797,6.517342,7.735977,8.575333,8.836220,8.853588,8.714558,8.610161,8.523075,8.505650,8.523075,8.592743,8.679768,8.784096,8.818848,8.940388,9.009773,9.027115,9.183022,9.269539,9.269539,9.373260,9.442345,9.597610,9.632080,9.752644,9.855862,9.958965,10.010487,10.079128,10.113426,10.096279,10.182007,10.199139,10.319000,10.336117,10.421631,10.336117,10.336117,10.455822,10.404537,10.455822,10.524147,10.558300,10.489990,10.472908,10.353233,10.421631,10.336117,10.421631,10.336117,10.353233,10.319000,10.404537,10.370338,10.541225,10.387436,10.336117,9.769852,8.801476,7.630577,6.960518,6.872036,6.836617,6.995895,7.419441,7.999016,8.801476,10.216270,11.475815,11.931309,11.779716,11.340439,10.745911,10.438725,10.267654,10.319000,10.267654,10.164867,9.838661,9.597610,9.304119,9.113758,8.957737,8.818848,8.836220,8.714558,8.610161,8.505650,8.348686,8.401035,8.453358,8.348686,8.278851,8.174004,8.243912,8.208961,8.296310,8.156513,7.981499,7.999016,7.911411,7.963982,8.016525,7.911411,7.981499,7.946465,7.963982,8.051544,8.139027,8.121536,8.174004,7.999016,8.051544,8.086544,8.069046,8.104042,8.208961,8.051544,8.208961,8.174004,
8.801476,9.890244,9.735428,8.818848,8.540497,8.557915,8.557915,8.662369,8.766716,9.252239,9.476868,9.459610,8.488220,7.771088,7.507469,7.419441,7.419441,7.419441,7.683289,7.771088,7.963982,8.278851,8.069046,7.577831,6.783474,6.765751,6.712570,7.419441,7.419441,7.048931,6.960518,7.225533,7.278450,6.907440,6.712570,7.243172,6.783474,6.499577,6.517342,6.535103,6.143627,6.143627,6.588379,6.978207,6.978207,6.588379,7.013577,7.419441,7.031254,7.101940,7.119606,6.339550,5.768597,5.947346,6.018761,5.750706,6.143627,6.995895,7.066605,6.552864,6.321754,6.765751,7.577831,6.623875,6.446259,6.623875,6.464035,6.552864,6.428486,6.694839,6.818905,6.339550,6.250534,6.268349,6.161457,6.286148,6.214916,6.392914,6.428486,6.179276,6.268349,6.712570,6.872036,7.278450,8.051544,7.595413,7.454662,7.560242,8.104042,8.714558,8.888317,8.243912,8.034035,7.928940,8.051544,8.034035,8.191483,8.905678,8.957737,8.470791,7.876347,7.119606,6.588379,6.606125,6.854328,6.748028,7.823730,10.113426,9.580376,7.928940,6.748028,6.588379,7.101940,7.525059,8.051544,9.338692,7.823730,6.836617,7.137272,7.384212,7.542656,7.542656,7.806187,7.981499,7.489868,7.366592,8.086544,8.470791,8.313774,8.139027,8.208961,8.156513,8.313774,8.243912,8.366138,8.523075,8.435913,8.610161,8.644970,8.923035,8.940388,9.113758,9.165710,9.269539,9.425079,9.476868,9.597610,9.563126,9.769852,9.993317,10.267654,10.592438,10.831066,10.933151,10.916145,11.035133,11.661655,12.702332,12.869114,12.735714,12.451607,12.166641,11.745995,11.374298,11.086086,10.575371,10.609497,10.882126,10.916145,10.061974,9.545887,9.269539,9.148392,9.061775,9.061775,8.923035,8.836220,8.975086,9.027115,9.061775,8.836220,8.697163,8.662369,8.610161,8.662369,8.644970,8.697163,8.818848,8.853588,8.784096,8.870953,8.784096,8.853588,8.801476,8.731949,8.749332,8.610161,8.592743,8.662369,8.697163,8.714558,8.731949,8.975086,9.096436,9.234943,8.784096,8.801476,8.801476,8.923035,8.888317,8.784096,8.697163,8.644970,8.766716,8.992432,9.234943,9.165710,9.096436,8.992432,8.940388,9.027115,9.027115,9.061775,9.061775,8.992432,8.957737,8.818848,9.044441,9.165710,9.113758,9.027115,9.079109,9.217640,9.183022,9.234943,9.234943,9.286831,9.286831,9.234943,9.338692,9.821461,9.597610,9.373260,9.200333,9.183022,9.200333,9.113758,9.113758,9.113758,9.200333,9.252239,9.338692,9.459610,9.304119,9.355976,9.252239,9.338692,9.269539,9.183022,9.252239,9.113758,9.079109,9.148392,9.269539,9.373260,9.355976,9.269539,9.183022,9.113758,9.148392,9.131081,9.079109,8.975086,9.027115,8.923035,9.355976,9.545887,9.321407,9.131081,8.975086,9.200333,9.200333,9.252239,9.234943,9.113758,9.096436,8.992432,9.061775,9.061775,9.390537,9.286831,9.217640,9.165710,9.217640,9.148392,9.131081,9.009773,8.923035,8.905678,8.905678,9.373260,9.355976,9.217640,9.079109,9.044441,8.940388,9.061775,9.044441,9.096436,9.079109,9.044441,9.044441,9.061775,9.563126,9.494129,9.269539,8.975086,8.905678,9.061775,9.044441,9.061775,8.940388,9.009773,9.009773,9.131081,9.044441,8.905678,8.923035,9.061775,9.061775,9.079109,9.355976,9.494129,9.338692,9.269539,9.321407,9.304119,9.269539,9.338692,9.373260,9.338692,9.131081,9.061775,8.923035,8.853588,8.818848,8.853588,8.714558,8.697163,8.766716,8.749332,8.766716,8.557915,8.191483,7.981499,8.016525,8.121536,8.086544,7.946465,7.911411,7.806187,7.612995,7.384212,6.872036,6.054455,5.661201,5.643291,5.607468,5.643291,5.750706,5.679108,5.965206,6.464035,6.836617,6.960518,7.084278,7.119606,7.207882,7.225533,7.031254,7.084278,7.084278,7.048931,7.084278,7.119606,7.137272,7.084278,7.137272,7.119606,7.119606,7.207882,7.172585,7.154926,7.137272,7.207882,7.190231,7.225533,7.207882,7.243172,7.313717,7.313717,7.207882,7.278450,7.366592,7.313717,7.348972,7.401833,7.437057,7.472267,7.489868,7.560242,7.507469,7.560242,7.507469,7.525059,7.560242,7.612995,7.630577,7.665718,7.665718,7.735977,7.700855,7.823730,7.841270,7.911411,7.806187,7.735977,7.419441,6.694839,6.286148,6.214916,6.179276,6.197094,6.232731,6.464035,6.712570,7.278450,7.454662,7.348972,7.331345,7.419441,7.384212,7.472267,7.489868,7.525059,7.718422,7.841270,7.963982,8.016525,8.174004,8.156513,8.313774,8.296310,8.418476,8.488220,8.540497,8.662369,8.714558,8.784096,8.784096,8.853588,8.853588,8.957737,9.044441,8.975086,9.061775,9.044441,9.113758,9.165710,9.165710,9.234943,9.234943,9.165710,9.373260,9.321407,9.373260,9.442345,9.407806,9.545887,9.545887,9.580376,9.718216,9.563126,9.649315,9.683773,9.752644,9.649315,9.735428,9.752644,9.735428,9.873051,9.941792,9.855862,9.855862,9.958965,9.907425,9.958965,9.976139,9.993317,9.958965,10.027649,9.993317,10.079128,9.924606,9.941792,9.976139,9.873051,9.993317,10.027649,9.976139,9.907425,9.649315,9.148392,7.911411,6.925133,6.552864,6.446259,6.464035,6.517342,6.535103,7.031254,8.034035,8.801476,8.749332,8.697163,8.557915,8.488220,8.470791,8.470791,8.523075,8.540497,8.627563,8.627563,8.731949,8.888317,8.992432,9.044441,9.113758,9.131081,9.304119,9.338692,9.563126,9.649315,9.649315,9.804260,9.838661,9.941792,9.993317,9.993317,10.096279,10.079128,10.164867,10.199139,10.301891,10.319000,10.438725,10.370338,10.404537,10.387436,10.370338,10.472908,10.507072,10.472908,10.507072,10.592438,10.575371,10.541225,10.626560,10.558300,10.626560,10.626560,10.626560,10.643623,10.643623,10.745911,10.455822,10.096279,9.390537,8.243912,7.437057,7.031254,6.925133,7.084278,7.331345,7.788635,8.435913,9.511379,10.984158,11.880806,11.880806,11.577221,10.933151,10.455822,10.147728,9.890244,9.924606,9.821461,9.718216,9.511379,9.338692,9.096436,9.044441,9.044441,8.870953,8.627563,8.331230,8.139027,7.999016,7.999016,8.104042,8.191483,8.121536,8.121536,8.069046,8.069046,8.208961,8.156513,8.016525,7.963982,8.016525,7.911411,7.981499,7.981499,7.893879,7.981499,7.999016,7.981499,8.051544,8.051544,8.051544,8.139027,8.139027,8.121536,8.086544,8.086544,8.034035,8.051544,8.069046,8.121536,8.104042,
8.888317,10.164867,9.735428,8.697163,8.592743,8.557915,8.644970,8.749332,8.801476,9.200333,9.373260,9.632080,9.148392,8.104042,7.683289,7.401833,7.419441,7.507469,7.595413,7.648148,8.121536,8.749332,9.044441,8.697163,8.418476,8.366138,8.156513,8.139027,8.331230,8.191483,7.963982,8.086544,7.999016,7.893879,7.876347,8.156513,7.612995,7.119606,7.207882,7.331345,7.348972,7.454662,7.683289,7.718422,7.401833,7.101940,7.278450,7.841270,7.542656,7.683289,7.595413,6.588379,6.286148,6.375134,6.143627,6.018761,6.659363,6.995895,7.542656,7.172585,6.428486,6.623875,6.818905,6.357342,6.925133,6.942829,6.925133,7.296085,7.225533,7.013577,6.659363,6.321754,6.268349,6.036610,6.000916,6.143627,6.125797,6.286148,6.161457,6.072296,6.107971,6.588379,6.765751,7.718422,9.096436,7.946465,7.542656,7.595413,8.034035,8.784096,8.766716,8.348686,8.034035,8.034035,7.963982,8.016525,8.051544,8.470791,8.957737,8.697163,8.226437,7.172585,6.659363,6.552864,6.677101,6.641617,8.575333,12.401375,11.964966,8.784096,6.677101,6.659363,7.313717,7.278450,7.595413,8.662369,6.818905,6.250534,6.694839,6.960518,7.013577,6.978207,7.066605,6.978207,6.499577,6.659363,7.771088,8.086544,7.560242,7.260815,7.630577,7.384212,7.225533,7.437057,7.560242,7.419441,7.542656,7.683289,7.841270,7.928940,8.348686,8.453358,8.331230,8.523075,8.818848,8.870953,8.749332,8.992432,9.459610,9.649315,9.838661,10.199139,10.677727,11.069107,11.035133,10.831066,11.306557,12.485077,12.752399,12.802441,12.535263,12.367878,11.914482,11.492725,11.170944,10.779976,10.643623,10.814041,10.609497,9.924606,9.476868,9.131081,9.096436,9.044441,9.009773,8.940388,8.853588,8.905678,8.923035,8.836220,8.784096,8.679768,8.836220,8.714558,8.731949,8.766716,8.818848,8.957737,8.940388,8.818848,8.749332,8.905678,9.044441,8.975086,8.784096,8.697163,8.627563,8.592743,8.627563,8.644970,8.662369,8.714558,8.801476,9.096436,9.131081,8.801476,8.836220,8.836220,8.905678,8.888317,8.923035,8.784096,8.784096,8.836220,8.975086,9.079109,9.252239,9.269539,9.096436,9.217640,9.131081,9.113758,9.148392,9.217640,9.286831,9.165710,9.096436,9.269539,9.545887,9.355976,9.269539,9.234943,9.234943,9.321407,9.338692,9.494129,9.511379,9.528633,9.425079,9.563126,9.838661,9.666546,9.528633,9.476868,9.321407,9.321407,9.373260,9.286831,9.200333,9.027115,9.148392,9.165710,9.286831,9.304119,9.338692,9.321407,9.269539,9.269539,9.269539,9.304119,9.269539,9.217640,9.200333,9.425079,9.718216,9.597610,9.252239,9.027115,9.183022,9.079109,8.975086,8.992432,8.905678,8.923035,8.923035,9.321407,9.321407,9.217640,9.044441,9.027115,9.096436,9.148392,9.165710,9.200333,9.183022,8.992432,9.009773,9.044441,9.217640,9.407806,9.269539,9.390537,9.217640,9.148392,9.269539,9.148392,8.905678,8.888317,8.836220,8.888317,9.580376,9.787056,9.459610,9.131081,9.096436,9.061775,9.131081,9.165710,9.217640,9.165710,9.183022,9.113758,9.373260,9.666546,9.787056,9.683773,9.373260,9.234943,9.269539,9.304119,9.304119,9.286831,9.373260,9.373260,9.304119,9.200333,9.165710,9.217640,9.148392,9.217640,9.200333,9.304119,9.390537,9.390537,9.321407,9.338692,9.252239,9.234943,9.321407,9.459610,9.217640,8.992432,8.975086,8.888317,8.801476,8.801476,8.766716,8.766716,8.766716,8.697163,8.731949,8.923035,8.540497,8.139027,8.034035,7.981499,8.034035,7.963982,7.911411,7.806187,7.718422,7.630577,7.313717,6.712570,5.840134,5.589546,5.499908,5.481972,5.535770,5.428139,5.517838,5.893753,6.375134,6.641617,6.748028,6.748028,6.978207,6.925133,6.925133,6.995895,6.942829,6.925133,6.942829,6.978207,6.960518,6.978207,6.889732,6.960518,6.907440,6.960518,6.960518,6.942829,6.995895,6.960518,7.031254,7.048931,6.978207,7.031254,7.137272,7.066605,6.925133,7.137272,7.119606,7.190231,7.013577,7.190231,7.260815,7.313717,7.366592,7.384212,7.366592,7.348972,7.313717,7.419441,7.366592,7.348972,7.384212,7.489868,7.507469,7.595413,7.525059,7.665718,7.577831,7.630577,7.718422,7.788635,7.542656,7.225533,6.588379,6.179276,6.143627,6.143627,6.107971,6.161457,6.232731,6.783474,7.225533,7.296085,7.225533,7.190231,7.243172,7.313717,7.384212,7.419441,7.454662,7.560242,7.665718,7.788635,7.876347,7.946465,8.016525,8.139027,8.208961,8.331230,8.313774,8.488220,8.505650,8.592743,8.575333,8.679768,8.679768,8.749332,8.731949,8.784096,8.784096,8.801476,8.940388,9.009773,8.992432,9.096436,9.027115,9.061775,9.096436,9.061775,9.148392,9.200333,9.200333,9.234943,9.355976,9.286831,9.321407,9.459610,9.338692,9.476868,9.442345,9.442345,9.563126,9.580376,9.632080,9.614849,9.700993,9.718216,9.718216,9.683773,9.683773,9.804260,9.821461,9.787056,9.700993,9.769852,9.787056,9.838661,9.804260,9.838661,9.804260,9.718216,9.752644,9.700993,9.752644,9.838661,9.700993,9.563126,8.662369,7.595413,6.925133,6.748028,6.641617,6.677101,6.677101,6.907440,7.648148,8.453358,8.749332,8.662369,8.557915,8.401035,8.383591,8.383591,8.435913,8.401035,8.523075,8.540497,8.575333,8.697163,8.766716,8.905678,8.940388,9.131081,9.165710,9.269539,9.338692,9.442345,9.528633,9.666546,9.700993,9.735428,9.752644,9.924606,10.027649,10.044807,10.079128,10.079128,10.216270,10.233398,10.250530,10.267654,10.301891,10.336117,10.353233,10.370338,10.301891,10.387436,10.370338,10.472908,10.455822,10.438725,10.438725,10.507072,10.575371,10.609497,10.524147,10.660679,10.762939,10.745911,10.677727,10.592438,10.044807,9.165710,8.034035,7.348972,7.137272,7.190231,7.296085,7.437057,8.174004,8.957737,10.199139,11.543430,11.863968,11.914482,11.340439,10.779976,10.216270,9.907425,9.838661,9.752644,9.787056,9.545887,9.407806,9.338692,9.096436,8.975086,8.888317,8.749332,8.383591,8.086544,7.946465,7.928940,7.911411,8.016525,8.034035,7.981499,7.946465,7.893879,8.016525,7.963982,8.034035,7.946465,8.051544,8.069046,7.999016,8.051544,8.069046,8.069046,8.086544,8.069046,8.051544,8.156513,8.243912,8.208961,8.104042,8.139027,8.139027,8.069046,8.139027,8.051544,7.999016,8.121536,8.069046,8.191483,
8.801476,10.147728,9.304119,8.435913,8.470791,8.523075,8.523075,8.557915,8.662369,8.905678,9.321407,9.597610,9.373260,8.836220,8.121536,7.630577,7.577831,7.700855,7.630577,7.665718,8.069046,8.662369,9.304119,9.442345,9.338692,9.165710,9.096436,8.940388,8.905678,8.853588,8.749332,8.731949,8.697163,8.714558,8.697163,8.627563,8.610161,8.557915,8.610161,8.888317,8.731949,8.749332,8.870953,8.662369,8.313774,8.121536,8.366138,8.488220,8.296310,8.818848,8.331230,7.577831,7.437057,7.119606,7.013577,7.225533,7.313717,7.577831,8.104042,7.788635,6.818905,6.801193,6.854328,7.084278,7.401833,7.154926,7.119606,7.419441,7.577831,7.260815,6.606125,6.090134,6.000916,5.840134,6.072296,5.947346,6.018761,6.197094,6.161457,6.143627,5.965206,6.286148,6.712570,8.174004,10.626560,8.870953,7.542656,7.560242,7.788635,8.121536,8.610161,8.296310,8.086544,7.999016,7.999016,8.016525,7.946465,8.226437,8.818848,8.975086,8.592743,7.489868,6.748028,6.535103,6.552864,6.889732,8.278851,12.635536,13.665508,10.779976,7.823730,6.694839,6.748028,6.889732,7.507469,7.489868,6.268349,6.250534,6.730297,7.154926,7.154926,7.084278,6.730297,6.535103,6.375134,6.889732,7.612995,7.648148,7.190231,7.154926,7.630577,7.225533,6.641617,7.048931,7.119606,6.854328,6.801193,7.137272,6.925133,7.207882,7.946465,7.630577,7.472267,7.841270,8.261383,8.156513,7.928940,8.348686,9.269539,9.165710,9.511379,10.182007,11.086086,11.998611,11.120033,11.137009,11.187904,11.695396,12.216988,12.769081,12.652241,12.133057,11.847122,11.492725,11.170944,10.643623,10.455822,10.319000,10.061974,9.735428,9.476868,9.009773,9.079109,9.148392,8.975086,8.853588,8.818848,8.801476,8.784096,8.749332,8.818848,8.749332,8.749332,8.714558,8.714558,8.870953,8.975086,9.061775,9.044441,8.836220,8.784096,8.853588,9.061775,8.923035,8.662369,8.627563,8.662369,8.592743,8.557915,8.575333,8.627563,8.592743,8.679768,8.836220,8.818848,8.801476,8.853588,8.818848,8.853588,8.870953,8.836220,8.801476,8.731949,8.801476,8.818848,9.027115,9.234943,9.321407,9.252239,9.252239,9.234943,9.148392,9.252239,9.321407,9.442345,9.286831,9.304119,9.545887,9.649315,9.442345,9.286831,9.304119,9.234943,9.373260,9.407806,9.511379,9.580376,9.494129,9.442345,9.442345,9.563126,9.614849,9.597610,9.528633,9.528633,9.494129,9.494129,9.425079,9.390537,9.131081,9.148392,9.321407,9.476868,9.338692,9.286831,9.234943,9.304119,9.269539,9.407806,9.286831,9.286831,9.304119,9.442345,9.580376,9.821461,9.683773,9.269539,9.113758,9.009773,8.957737,9.044441,8.975086,9.009773,8.992432,8.957737,9.009773,9.113758,9.079109,9.044441,9.079109,9.079109,9.061775,9.079109,9.165710,9.113758,9.113758,9.131081,9.165710,9.459610,10.010487,9.511379,9.286831,9.234943,9.286831,9.252239,9.304119,9.148392,9.165710,9.096436,9.234943,9.907425,9.941792,9.597610,9.217640,9.200333,9.269539,9.304119,9.425079,9.511379,9.494129,9.407806,9.476868,9.821461,9.890244,9.890244,9.804260,9.632080,9.597610,9.614849,9.683773,9.614849,9.683773,9.666546,9.580376,9.407806,9.304119,9.511379,9.425079,9.234943,9.269539,9.252239,9.321407,9.442345,9.425079,9.459610,9.425079,9.252239,9.269539,9.442345,9.442345,9.113758,8.975086,9.009773,8.853588,8.870953,8.784096,8.836220,8.714558,8.697163,8.679768,8.662369,8.662369,8.453358,8.296310,8.191483,8.121536,8.086544,8.139027,8.034035,7.928940,7.858810,7.718422,7.296085,6.641617,5.750706,5.446091,5.428139,5.410194,5.356339,5.338371,5.446091,5.804367,6.125797,6.464035,6.517342,6.694839,6.783474,6.765751,6.694839,6.748028,6.694839,6.748028,6.694839,6.641617,6.677101,6.730297,6.659363,6.748028,6.836617,6.818905,6.889732,6.818905,6.730297,6.801193,6.818905,6.907440,6.854328,6.854328,6.836617,6.854328,6.960518,6.907440,6.978207,7.048931,6.925133,7.048931,7.013577,7.119606,7.137272,7.066605,7.207882,7.313717,7.225533,7.260815,7.190231,7.331345,7.348972,7.348972,7.348972,7.366592,7.384212,7.472267,7.454662,7.612995,7.525059,7.489868,7.489868,6.872036,6.375134,6.054455,6.072296,6.036610,5.983063,6.090134,6.268349,6.854328,7.119606,7.101940,7.048931,7.031254,7.137272,7.172585,7.260815,7.313717,7.348972,7.401833,7.595413,7.595413,7.735977,7.823730,7.876347,7.981499,7.999016,8.121536,8.191483,8.261383,8.348686,8.366138,8.418476,8.505650,8.540497,8.523075,8.662369,8.644970,8.679768,8.766716,8.749332,8.870953,8.853588,8.905678,8.853588,8.957737,8.923035,8.905678,8.905678,9.009773,8.957737,8.940388,9.044441,9.044441,9.079109,9.148392,9.148392,9.234943,9.304119,9.286831,9.355976,9.425079,9.407806,9.476868,9.511379,9.476868,9.494129,9.511379,9.511379,9.528633,9.494129,9.597610,9.580376,9.649315,9.614849,9.614849,9.580376,9.563126,9.580376,9.476868,9.494129,9.563126,9.494129,9.528633,9.407806,9.096436,8.104042,7.296085,6.854328,6.748028,6.712570,6.694839,6.836617,7.084278,7.963982,8.453358,8.592743,8.575333,8.383591,8.226437,8.243912,8.296310,8.296310,8.401035,8.366138,8.470791,8.540497,8.610161,8.749332,8.784096,8.853588,8.975086,9.027115,9.200333,9.373260,9.459610,9.459610,9.632080,9.649315,9.700993,9.804260,9.804260,9.924606,9.941792,9.924606,10.027649,10.096279,10.113426,10.199139,10.164867,10.130581,10.216270,10.301891,10.387436,10.319000,10.387436,10.353233,10.336117,10.319000,10.438725,10.353233,10.421631,10.524147,10.541225,10.575371,10.643623,10.711826,10.711826,10.592438,10.319000,9.700993,8.731949,7.876347,7.612995,7.454662,7.401833,7.630577,7.963982,8.523075,9.632080,11.035133,11.880806,11.931309,11.695396,11.086086,10.626560,10.216270,10.164867,10.010487,9.924606,9.632080,9.511379,9.355976,9.234943,9.183022,8.923035,8.766716,8.505650,8.278851,8.191483,7.946465,7.963982,7.999016,7.928940,7.963982,7.841270,7.893879,7.946465,7.946465,7.928940,7.893879,7.858810,7.823730,7.823730,7.893879,7.963982,8.034035,8.034035,8.139027,8.139027,8.208961,8.156513,8.174004,8.121536,8.208961,8.156513,8.174004,8.208961,8.208961,8.191483,8.121536,8.156513,8.174004,8.261383,
8.836220,9.649315,8.627563,8.121536,8.243912,8.208961,8.208961,8.226437,8.331230,8.523075,8.679768,9.321407,9.459610,9.407806,8.470791,7.981499,7.858810,7.911411,7.823730,7.806187,7.893879,8.278851,9.079109,9.511379,9.373260,9.200333,9.009773,8.888317,8.888317,8.836220,8.714558,8.801476,8.870953,8.801476,8.784096,8.888317,9.061775,9.321407,9.425079,9.355976,9.200333,9.217640,9.096436,9.165710,9.234943,9.027115,9.131081,9.096436,9.131081,9.252239,9.131081,9.061775,8.836220,8.766716,8.766716,8.714558,8.644970,8.836220,8.888317,8.627563,8.226437,7.999016,7.963982,8.226437,7.911411,7.735977,7.348972,7.419441,7.260815,7.101940,6.889732,6.392914,6.018761,6.232731,6.303955,6.179276,6.054455,6.197094,6.232731,6.179276,6.090134,6.090134,6.410706,8.523075,11.729134,10.147728,7.454662,7.489868,7.595413,7.806187,8.208961,8.278851,8.174004,7.999016,7.963982,7.876347,7.928940,8.016525,8.714558,8.992432,9.044441,7.841270,7.154926,6.960518,6.748028,7.066605,7.928940,10.164867,12.568703,12.116257,8.888317,6.357342,6.535103,7.296085,7.454662,6.765751,6.481804,6.517342,6.960518,7.331345,7.278450,6.978207,6.925133,6.606125,6.481804,6.872036,7.278450,7.384212,7.700855,7.278450,7.525059,7.031254,6.588379,6.907440,7.013577,6.818905,6.694839,6.588379,6.552864,7.331345,7.577831,7.472267,7.437057,7.472267,7.771088,7.928940,7.577831,7.999016,8.557915,8.731949,9.217640,10.027649,11.204865,11.964966,11.272675,11.052120,11.272675,11.560329,12.501804,13.201775,13.218376,12.935738,12.668941,12.099461,11.526535,11.035133,10.711826,10.370338,10.027649,9.873051,9.511379,8.888317,9.079109,9.061775,9.027115,8.836220,8.731949,8.697163,8.662369,8.697163,8.575333,8.766716,8.575333,8.488220,8.557915,8.784096,9.044441,8.992432,8.836220,8.784096,8.662369,8.749332,8.766716,8.662369,8.731949,8.644970,8.557915,8.575333,8.523075,8.644970,8.662369,8.714558,8.644970,8.784096,8.801476,8.888317,8.888317,8.888317,8.853588,8.801476,8.801476,8.697163,8.575333,8.435913,8.523075,8.853588,9.148392,9.269539,9.044441,8.940388,8.975086,9.044441,9.044441,9.252239,9.355976,9.355976,9.355976,9.494129,9.511379,9.511379,9.321407,9.304119,9.338692,9.200333,9.269539,9.304119,9.476868,9.459610,9.442345,9.304119,9.390537,9.563126,9.563126,9.390537,9.407806,9.511379,9.459610,9.494129,9.459610,9.234943,9.165710,9.425079,9.597610,9.597610,9.252239,8.940388,8.870953,8.992432,8.975086,9.096436,9.200333,9.269539,9.234943,9.390537,9.304119,9.511379,9.390537,9.269539,9.217640,9.165710,9.234943,9.148392,9.027115,9.096436,9.044441,9.027115,9.027115,9.338692,9.252239,9.113758,9.113758,9.148392,9.131081,9.200333,9.200333,9.183022,9.096436,9.096436,9.700993,10.027649,9.666546,9.304119,9.252239,9.234943,9.286831,9.390537,9.286831,9.252239,9.252239,9.355976,9.476868,9.666546,9.459610,9.252239,9.217640,9.304119,9.407806,9.373260,9.632080,9.666546,9.528633,9.683773,9.821461,9.907425,9.941792,9.787056,9.666546,9.614849,9.632080,9.649315,9.632080,9.683773,9.580376,9.459610,9.425079,9.649315,9.700993,9.597610,9.096436,9.113758,9.061775,9.027115,9.183022,9.269539,9.321407,9.183022,9.061775,9.113758,9.183022,9.165710,9.027115,8.992432,9.044441,8.992432,8.957737,8.870953,8.818848,8.784096,8.662369,8.714558,8.575333,8.592743,8.575333,8.331230,8.261383,8.191483,8.139027,8.139027,8.016525,7.963982,7.893879,7.542656,7.278450,6.517342,5.786484,5.320412,5.356339,5.248528,5.230549,5.230549,5.284477,5.589546,5.911625,6.161457,6.268349,6.286148,6.375134,6.375134,6.392914,6.428486,6.464035,6.428486,6.446259,6.446259,6.446259,6.357342,6.446259,6.446259,6.464035,6.552864,6.428486,6.570625,6.552864,6.517342,6.570625,6.588379,6.606125,6.659363,6.623875,6.730297,6.748028,6.712570,6.783474,6.818905,6.748028,6.836617,6.818905,6.801193,6.889732,6.925133,6.925133,6.907440,6.978207,7.048931,7.084278,7.119606,7.207882,7.154926,7.172585,7.243172,7.243172,7.278450,7.296085,7.348972,7.401833,7.331345,7.243172,6.765751,6.125797,6.018761,5.947346,5.875885,5.965206,5.929482,6.179276,6.748028,6.872036,6.872036,6.801193,6.818905,6.836617,6.889732,7.013577,7.101940,7.207882,7.278450,7.331345,7.419441,7.560242,7.700855,7.718422,7.753536,7.858810,7.999016,8.016525,8.086544,8.174004,8.208961,8.313774,8.348686,8.401035,8.313774,8.470791,8.418476,8.453358,8.610161,8.610161,8.644970,8.627563,8.644970,8.627563,8.749332,8.714558,8.766716,8.766716,8.749332,8.557915,8.766716,8.784096,8.853588,8.905678,8.940388,8.957737,9.027115,9.096436,9.148392,9.234943,9.200333,9.252239,9.304119,9.355976,9.373260,9.321407,9.269539,9.338692,9.304119,9.355976,9.373260,9.459610,9.442345,9.425079,9.511379,9.459610,9.407806,9.373260,9.407806,9.338692,9.304119,9.304119,9.355976,9.113758,8.557915,7.771088,7.066605,6.872036,6.801193,6.854328,6.783474,6.960518,7.313717,8.156513,8.348686,8.366138,8.331230,8.174004,8.174004,8.139027,8.086544,8.121536,8.121536,8.174004,8.261383,8.435913,8.488220,8.592743,8.714558,8.749332,8.905678,9.009773,9.096436,9.200333,9.286831,9.252239,9.373260,9.580376,9.597610,9.700993,9.804260,9.804260,9.804260,9.838661,9.907425,9.976139,9.993317,10.027649,10.113426,10.113426,10.164867,10.216270,10.233398,10.250530,10.250530,10.267654,10.267654,10.336117,10.336117,10.301891,10.370338,10.404537,10.472908,10.421631,10.507072,10.524147,10.524147,10.455822,10.113426,9.390537,8.557915,8.191483,7.771088,7.753536,7.648148,7.928940,8.348686,8.923035,10.199139,11.526535,11.897648,11.745995,11.408150,11.086086,10.831066,10.489990,10.147728,10.061974,9.787056,9.632080,9.476868,9.286831,9.009773,9.009773,8.888317,8.662369,8.505650,8.348686,8.191483,8.278851,8.051544,8.051544,7.946465,7.823730,7.858810,7.876347,8.086544,8.104042,7.946465,7.911411,7.771088,7.718422,7.876347,7.753536,7.806187,7.963982,7.893879,7.999016,7.911411,8.016525,8.016525,8.069046,8.086544,8.121536,8.069046,8.121536,8.278851,8.226437,8.121536,8.208961,8.243912,8.278851,8.313774,
8.470791,8.905678,8.051544,7.788635,7.893879,7.963982,8.086544,8.069046,7.999016,8.086544,8.296310,8.662369,9.269539,9.165710,8.888317,8.557915,8.331230,8.121536,8.331230,8.174004,7.981499,8.086544,8.662369,9.217640,9.373260,9.079109,8.766716,8.749332,8.836220,8.697163,8.557915,8.505650,8.610161,8.627563,8.627563,8.853588,9.009773,9.096436,9.044441,8.957737,8.957737,8.888317,8.905678,9.027115,9.079109,9.217640,9.286831,9.304119,9.338692,9.494129,9.476868,9.442345,9.217640,9.425079,9.614849,9.597610,9.390537,9.286831,9.269539,8.992432,8.784096,8.679768,8.610161,8.610161,8.418476,8.278851,8.069046,7.893879,7.630577,7.525059,7.296085,7.013577,6.765751,6.889732,6.872036,6.712570,6.499577,6.606125,6.623875,6.535103,6.214916,6.339550,6.481804,7.612995,10.933151,9.787056,7.260815,7.331345,7.577831,7.630577,7.876347,8.366138,8.575333,8.104042,7.876347,7.893879,7.876347,7.928940,8.191483,8.957737,9.165710,8.174004,7.753536,7.454662,7.331345,7.525059,7.243172,8.208961,9.511379,10.113426,7.823730,6.321754,6.730297,7.190231,7.048931,6.606125,6.464035,6.872036,7.348972,7.700855,7.296085,6.712570,7.366592,7.048931,6.623875,6.641617,6.801193,7.560242,8.104042,7.260815,7.331345,6.801193,6.730297,6.783474,6.889732,6.836617,6.623875,6.357342,6.783474,7.384212,7.119606,7.700855,7.454662,7.119606,7.437057,7.893879,7.472267,7.419441,7.806187,8.348686,9.200333,9.958965,11.187904,11.644768,11.120033,11.137009,11.153976,11.441990,12.735714,13.814064,14.159763,13.830551,13.500156,12.969040,12.351128,11.796577,11.323498,10.865101,10.694775,10.472908,9.873051,9.234943,9.027115,9.009773,8.923035,8.801476,8.766716,8.697163,8.557915,8.592743,8.540497,8.488220,8.383591,8.383591,8.418476,8.644970,8.801476,8.679768,8.557915,8.470791,8.435913,8.644970,8.644970,8.679768,8.644970,8.731949,8.662369,8.697163,8.714558,8.627563,8.662369,8.697163,8.627563,8.662369,8.784096,8.870953,8.870953,8.905678,8.818848,8.957737,9.044441,8.818848,8.523075,8.488220,8.540497,8.697163,8.818848,8.888317,8.766716,8.818848,8.801476,8.836220,9.096436,9.165710,9.321407,9.286831,9.286831,9.373260,9.304119,9.165710,9.286831,9.217640,9.234943,9.217640,9.183022,9.183022,9.355976,9.252239,9.183022,9.165710,9.286831,9.425079,9.442345,9.200333,9.286831,9.338692,9.373260,9.373260,9.442345,9.269539,9.148392,9.338692,9.545887,9.476868,9.217640,8.905678,8.836220,8.784096,8.801476,8.905678,8.870953,8.992432,8.923035,8.923035,8.975086,9.113758,9.148392,9.148392,9.044441,9.009773,9.079109,9.044441,9.009773,8.888317,8.870953,8.870953,9.061775,9.459610,9.390537,9.338692,9.269539,9.390537,9.528633,9.494129,9.545887,9.373260,9.390537,9.407806,9.804260,9.873051,9.580376,9.476868,9.390537,9.459610,9.459610,9.459610,9.390537,9.373260,9.338692,9.234943,9.252239,9.390537,9.355976,9.217640,9.304119,9.407806,9.338692,9.390537,9.511379,9.563126,9.476868,9.390537,9.407806,9.993317,10.079128,9.890244,9.580376,9.442345,9.459610,9.442345,9.442345,9.459610,9.390537,9.425079,9.390537,9.804260,9.735428,9.494129,9.183022,9.027115,9.079109,9.079109,9.096436,9.009773,8.957737,9.096436,8.870953,8.975086,8.992432,8.975086,8.940388,8.940388,8.905678,8.870953,8.853588,8.731949,8.749332,8.697163,8.627563,8.644970,8.610161,8.784096,8.557915,8.348686,8.296310,8.156513,8.104042,8.086544,7.946465,7.841270,7.823730,7.507469,7.154926,6.464035,5.661201,5.338371,5.158604,5.122616,5.068611,5.122616,5.104614,5.464031,5.607468,5.679108,5.858009,5.983063,6.018761,6.018761,6.107971,6.018761,6.107971,6.125797,6.143627,6.143627,6.125797,6.179276,6.232731,6.286148,6.268349,6.232731,6.250534,6.303955,6.286148,6.375134,6.339550,6.392914,6.357342,6.481804,6.481804,6.410706,6.446259,6.481804,6.517342,6.499577,6.552864,6.552864,6.606125,6.677101,6.748028,6.765751,6.783474,6.836617,6.925133,6.960518,6.942829,7.048931,6.960518,7.048931,7.101940,7.066605,7.137272,7.154926,7.190231,7.172585,7.207882,7.190231,6.995895,6.464035,5.893753,5.840134,5.822250,5.858009,5.822250,5.893753,6.107971,6.641617,6.712570,6.730297,6.730297,6.765751,6.641617,6.783474,6.925133,6.960518,7.137272,7.172585,7.243172,7.348972,7.437057,7.507469,7.630577,7.665718,7.735977,7.753536,7.841270,7.963982,8.069046,8.086544,8.156513,8.243912,8.191483,8.261383,8.313774,8.296310,8.401035,8.383591,8.383591,8.505650,8.575333,8.540497,8.470791,8.557915,8.523075,8.523075,8.575333,8.331230,8.191483,8.418476,8.644970,8.749332,8.731949,8.749332,8.766716,8.853588,8.940388,8.992432,9.009773,9.027115,9.131081,9.234943,9.200333,9.217640,9.183022,9.165710,9.183022,9.217640,9.234943,9.234943,9.252239,9.200333,9.234943,9.269539,9.183022,9.286831,9.269539,9.183022,9.183022,9.165710,9.148392,9.079109,8.992432,8.156513,7.472267,7.031254,6.836617,6.748028,6.836617,6.960518,6.942829,7.595413,8.208961,8.261383,8.243912,8.156513,8.086544,8.034035,7.946465,7.963982,8.016525,8.034035,8.208961,8.261383,8.313774,8.401035,8.488220,8.575333,8.749332,8.836220,8.836220,8.957737,9.079109,9.113758,9.252239,9.321407,9.459610,9.476868,9.632080,9.632080,9.683773,9.735428,9.649315,9.873051,9.873051,9.907425,9.958965,9.924606,10.010487,10.061974,10.061974,10.061974,10.096279,10.027649,10.096279,10.147728,10.164867,10.182007,10.267654,10.233398,10.387436,10.336117,10.353233,10.472908,10.472908,10.524147,10.216270,9.787056,8.975086,8.401035,8.156513,8.051544,8.051544,7.911411,8.278851,8.731949,9.597610,10.831066,11.914482,11.880806,11.695396,11.153976,10.694775,10.455822,10.250530,10.079128,9.804260,9.666546,9.563126,9.200333,9.061775,8.957737,8.870953,8.836220,8.697163,8.401035,8.261383,8.243912,8.226437,8.121536,8.121536,8.016525,7.999016,8.034035,8.191483,8.174004,8.278851,8.121536,7.858810,7.911411,7.963982,7.928940,7.946465,7.946465,7.911411,7.999016,8.069046,8.034035,8.104042,8.069046,7.963982,8.069046,8.086544,8.156513,8.208961,8.191483,8.191483,8.174004,8.261383,8.208961,8.505650,8.592743,
7.876347,7.946465,7.489868,7.278450,7.401833,7.525059,7.507469,7.612995,7.718422,7.718422,7.823730,8.069046,8.470791,8.818848,9.044441,8.853588,8.679768,8.697163,8.679768,8.662369,8.488220,8.156513,8.261383,8.714558,8.975086,8.975086,8.731949,8.523075,8.523075,8.383591,8.226437,8.243912,8.348686,8.278851,8.453358,8.488220,8.470791,8.523075,8.453358,8.470791,8.557915,8.575333,8.540497,8.697163,8.992432,9.027115,8.940388,9.061775,9.148392,9.061775,9.165710,9.131081,9.217640,9.321407,9.321407,9.321407,9.234943,8.992432,9.044441,8.888317,8.627563,8.557915,8.523075,8.331230,8.296310,8.174004,7.999016,7.841270,7.753536,7.560242,7.525059,7.348972,7.296085,7.243172,7.154926,7.137272,7.137272,7.119606,6.960518,6.889732,6.730297,6.836617,6.995895,7.190231,8.540497,8.139027,7.048931,7.296085,7.718422,7.648148,7.858810,8.418476,8.818848,8.470791,8.051544,7.858810,7.788635,7.788635,7.999016,8.505650,8.870953,8.610161,8.156513,7.876347,7.665718,7.366592,7.101940,7.313717,7.718422,7.876347,6.995895,6.517342,6.818905,6.889732,6.836617,6.446259,6.375134,7.190231,7.771088,7.981499,6.978207,6.872036,7.525059,7.366592,6.641617,6.375134,6.606125,7.612995,8.191483,7.683289,6.995895,6.748028,7.542656,7.366592,6.694839,6.748028,6.535103,6.783474,7.260815,7.331345,6.995895,7.577831,7.154926,7.013577,7.207882,7.243172,6.960518,6.978207,7.348972,8.366138,9.476868,11.052120,11.813431,11.153976,10.933151,11.018150,11.204865,11.374298,12.518532,14.159763,14.504147,14.438644,14.077572,13.764572,13.185173,12.685638,12.032238,11.594112,11.323498,11.120033,10.319000,9.735428,9.494129,9.390537,9.286831,9.200333,9.079109,8.923035,8.662369,8.592743,8.662369,8.662369,8.540497,8.453358,8.610161,8.662369,8.644970,8.575333,8.627563,8.488220,8.435913,8.662369,8.766716,8.766716,8.679768,8.731949,8.644970,8.697163,8.714558,8.679768,8.679768,8.662369,8.697163,8.766716,8.853588,8.818848,8.836220,8.870953,8.870953,8.905678,9.061775,8.749332,8.488220,8.453358,8.557915,8.679768,8.679768,8.697163,8.731949,8.714558,8.697163,8.853588,9.183022,9.442345,9.494129,9.476868,9.511379,9.373260,9.286831,9.355976,9.407806,9.425079,9.355976,9.355976,9.269539,9.269539,9.217640,9.234943,9.061775,8.957737,9.234943,9.321407,9.304119,8.992432,8.818848,8.888317,8.975086,9.096436,9.079109,8.975086,8.940388,8.975086,9.113758,9.131081,9.096436,8.992432,8.923035,8.888317,8.853588,8.870953,8.957737,8.940388,8.801476,8.801476,8.801476,9.027115,9.131081,9.148392,8.870953,8.923035,8.801476,8.731949,8.801476,8.662369,8.714558,8.766716,9.044441,9.528633,9.407806,9.407806,9.390537,9.407806,9.442345,9.563126,9.390537,9.355976,9.234943,9.269539,9.390537,9.425079,9.425079,9.494129,9.511379,9.528633,9.545887,9.494129,9.459610,9.373260,9.425079,9.200333,9.148392,9.390537,9.563126,9.407806,9.321407,9.338692,9.355976,9.459610,9.407806,9.407806,9.269539,9.234943,9.355976,9.735428,9.958965,9.649315,9.459610,9.355976,9.321407,9.338692,9.494129,9.407806,9.390537,9.338692,9.373260,9.494129,9.390537,9.355976,9.476868,9.355976,9.200333,9.148392,9.131081,9.079109,9.079109,8.940388,8.957737,8.905678,9.113758,9.217640,9.217640,9.061775,9.044441,9.044441,8.905678,8.714558,8.662369,8.592743,8.610161,8.644970,8.801476,8.905678,8.557915,8.348686,8.243912,8.174004,8.208961,8.069046,7.963982,7.823730,7.735977,7.419441,7.084278,6.464035,5.625381,5.212570,5.068611,5.086613,5.086613,5.050598,4.978535,4.978535,5.086613,5.140610,5.338371,5.338371,5.499908,5.481972,5.571625,5.607468,5.589546,5.589546,5.643291,5.589546,5.732807,5.786484,5.697014,5.858009,5.768597,5.929482,5.840134,5.911625,5.929482,5.947346,5.965206,6.054455,6.018761,6.072296,6.036610,6.161457,6.179276,6.214916,6.286148,6.303955,6.232731,6.339550,6.410706,6.410706,6.446259,6.499577,6.552864,6.677101,6.694839,6.730297,6.748028,6.765751,6.818905,6.854328,6.925133,6.960518,7.048931,7.137272,7.066605,7.101940,7.066605,6.978207,6.694839,6.197094,5.804367,5.732807,5.661201,5.661201,5.679108,5.804367,6.090134,6.570625,6.570625,6.535103,6.517342,6.535103,6.606125,6.801193,6.748028,6.801193,7.013577,7.084278,7.154926,7.225533,7.331345,7.401833,7.454662,7.577831,7.577831,7.595413,7.823730,7.771088,7.806187,7.876347,7.963982,7.999016,8.034035,8.121536,8.069046,8.156513,8.191483,8.226437,8.208961,8.331230,8.261383,8.383591,8.366138,8.453358,8.383591,8.418476,8.313774,8.051544,8.034035,8.278851,8.505650,8.610161,8.592743,8.627563,8.644970,8.679768,8.749332,8.836220,8.801476,8.940388,8.888317,8.905678,8.975086,9.044441,8.992432,9.044441,9.009773,9.044441,9.044441,9.044441,9.061775,9.027115,9.061775,9.079109,9.027115,9.009773,9.027115,9.027115,8.940388,8.957737,8.957737,8.905678,8.662369,7.788635,7.119606,6.889732,6.854328,6.818905,6.783474,6.765751,7.119606,7.806187,8.104042,8.051544,8.086544,7.963982,7.928940,7.841270,7.788635,7.841270,7.841270,7.999016,8.016525,8.139027,8.191483,8.296310,8.418476,8.470791,8.627563,8.697163,8.749332,8.836220,8.957737,9.096436,9.096436,9.183022,9.269539,9.373260,9.373260,9.407806,9.476868,9.494129,9.494129,9.614849,9.718216,9.666546,9.735428,9.769852,9.821461,9.855862,9.821461,9.958965,9.907425,9.941792,10.044807,9.958965,10.079128,10.027649,10.010487,10.113426,10.216270,10.284771,10.233398,10.284771,10.404537,10.438725,9.924606,9.304119,8.662369,8.348686,8.243912,8.086544,8.086544,8.191483,8.401035,8.923035,10.336117,11.408150,11.880806,11.796577,11.374298,10.865101,10.421631,10.079128,9.855862,9.769852,9.580376,9.390537,9.061775,8.992432,8.766716,8.853588,8.870953,8.888317,8.575333,8.226437,8.121536,8.139027,7.999016,8.069046,8.069046,8.051544,8.139027,8.313774,8.278851,8.278851,8.243912,8.156513,8.191483,8.156513,8.086544,8.191483,8.086544,8.051544,7.981499,8.069046,8.208961,8.191483,8.191483,8.156513,8.156513,8.174004,8.139027,8.191483,8.208961,8.261383,8.331230,8.383591,8.348686,8.714558,8.766716,8.697163,
7.348972,7.190231,6.942829,6.978207,7.013577,7.101940,7.119606,7.225533,7.225533,7.331345,7.348972,7.525059,7.946465,8.243912,8.505650,8.766716,8.870953,8.888317,8.975086,8.940388,8.818848,8.348686,8.069046,8.261383,8.818848,8.731949,8.523075,8.296310,8.069046,7.981499,7.806187,7.806187,7.911411,7.858810,7.999016,7.981499,8.051544,7.999016,7.928940,8.086544,8.156513,8.261383,8.313774,8.348686,8.453358,8.627563,8.662369,8.540497,8.610161,8.627563,8.714558,8.766716,8.836220,8.714558,8.870953,8.784096,8.749332,8.697163,8.557915,8.470791,8.296310,8.174004,8.121536,8.034035,7.928940,7.858810,7.806187,7.683289,7.630577,7.542656,7.419441,7.313717,7.366592,7.348972,7.243172,7.190231,7.154926,7.190231,7.137272,7.084278,7.190231,7.207882,7.260815,7.278450,7.507469,7.313717,7.331345,7.437057,7.683289,7.788635,8.121536,8.627563,8.957737,8.714558,8.104042,8.016525,7.841270,7.771088,7.771088,8.104042,8.662369,8.940388,8.731949,8.243912,7.911411,7.348972,6.995895,7.172585,7.595413,7.384212,7.031254,6.801193,6.889732,7.013577,6.659363,6.321754,6.570625,7.454662,7.963982,8.034035,7.172585,7.084278,7.577831,7.313717,6.659363,6.428486,6.641617,7.331345,7.911411,7.788635,6.783474,6.872036,7.858810,7.401833,6.694839,6.659363,6.765751,6.925133,7.542656,7.525059,6.995895,7.401833,7.190231,7.172585,7.031254,6.765751,6.748028,6.677101,7.207882,8.243912,9.700993,13.251579,13.929443,11.492725,10.660679,10.882126,10.984158,11.170944,12.049046,13.516701,14.028225,13.962376,13.847038,13.533249,13.201775,12.685638,12.183426,11.779716,11.543430,11.204865,10.421631,9.958965,9.787056,9.614849,9.511379,9.390537,9.252239,9.148392,9.009773,8.992432,9.027115,8.923035,8.836220,8.731949,8.714558,8.784096,8.888317,9.009773,8.853588,8.679768,8.627563,8.697163,8.992432,8.923035,8.731949,8.818848,8.870953,8.818848,8.818848,8.836220,8.888317,8.853588,8.853588,8.888317,8.940388,8.888317,8.853588,8.818848,8.940388,8.940388,8.888317,8.784096,8.766716,8.731949,8.644970,8.923035,9.009773,8.784096,8.731949,8.679768,8.697163,8.888317,8.992432,9.217640,9.217640,9.234943,9.148392,9.148392,9.009773,9.148392,9.200333,9.425079,9.338692,9.390537,9.321407,9.338692,9.234943,9.113758,9.044441,9.079109,9.165710,9.148392,9.061775,8.766716,8.679768,8.540497,8.714558,8.853588,8.818848,8.662369,8.749332,8.766716,8.888317,8.957737,8.957737,8.923035,8.836220,8.818848,8.836220,8.801476,8.697163,8.731949,8.610161,8.592743,8.644970,9.061775,9.286831,9.079109,8.749332,8.679768,8.662369,8.610161,8.644970,8.731949,8.662369,8.784096,8.975086,9.200333,9.269539,9.390537,9.304119,9.442345,9.425079,9.390537,9.252239,9.183022,8.992432,9.009773,9.044441,9.096436,9.113758,9.183022,9.286831,9.304119,9.373260,9.407806,9.425079,9.407806,9.252239,9.096436,9.061775,9.614849,9.838661,9.700993,9.442345,9.476868,9.425079,9.442345,9.528633,9.442345,9.407806,9.425079,9.373260,9.528633,9.649315,9.528633,9.511379,9.476868,9.511379,9.511379,9.494129,9.442345,9.390537,9.355976,9.373260,9.355976,9.407806,9.355976,9.304119,9.234943,9.131081,9.183022,9.079109,9.079109,8.957737,8.940388,8.888317,8.818848,9.338692,9.597610,9.459610,9.200333,9.165710,9.131081,9.061775,8.905678,8.940388,8.818848,8.644970,8.801476,8.801476,8.853588,8.662369,8.540497,8.453358,8.470791,8.296310,8.121536,7.981499,7.893879,7.735977,7.419441,7.031254,6.303955,5.410194,5.158604,5.086613,5.032589,5.014572,4.942490,4.870358,4.653660,4.599422,4.707874,4.780113,4.762062,4.870358,4.924461,4.996559,4.996559,5.104614,5.050598,5.140610,5.194580,5.194580,5.320412,5.248528,5.320412,5.428139,5.428139,5.338371,5.392242,5.499908,5.517838,5.625381,5.607468,5.697014,5.625381,5.679108,5.697014,5.732807,5.714912,5.822250,5.822250,5.929482,5.947346,6.018761,6.107971,6.197094,6.197094,6.232731,6.303955,6.392914,6.375134,6.517342,6.570625,6.606125,6.641617,6.694839,6.712570,6.889732,6.783474,6.889732,6.854328,6.854328,6.783474,6.570625,5.929482,5.643291,5.607468,5.589546,5.535770,5.589546,5.535770,6.125797,6.446259,6.535103,6.570625,6.535103,6.499577,6.570625,6.552864,6.641617,6.659363,6.872036,7.013577,6.995895,7.101940,7.207882,7.296085,7.331345,7.419441,7.454662,7.542656,7.648148,7.718422,7.718422,7.753536,7.841270,7.876347,7.911411,7.946465,7.911411,7.911411,7.981499,8.016525,8.191483,8.156513,8.156513,8.261383,8.208961,8.156513,8.261383,8.243912,8.139027,7.963982,8.139027,8.296310,8.278851,8.401035,8.453358,8.557915,8.523075,8.523075,8.627563,8.592743,8.697163,8.697163,8.679768,8.784096,8.749332,8.836220,8.836220,8.836220,8.853588,8.766716,8.818848,8.801476,8.870953,8.940388,8.870953,8.870953,8.888317,8.836220,8.870953,8.853588,8.801476,8.818848,8.888317,8.731949,8.261383,7.472267,7.084278,6.818905,6.765751,6.694839,6.801193,6.783474,7.207882,7.841270,8.016525,7.981499,7.841270,7.771088,7.735977,7.700855,7.718422,7.823730,7.823730,7.858810,7.999016,8.016525,8.156513,8.208961,8.208961,8.348686,8.435913,8.557915,8.592743,8.784096,8.714558,8.923035,8.975086,9.096436,9.096436,9.148392,9.131081,9.200333,9.338692,9.373260,9.442345,9.442345,9.494129,9.545887,9.580376,9.597610,9.597610,9.666546,9.787056,9.735428,9.787056,9.752644,9.890244,9.769852,9.838661,9.890244,9.924606,9.976139,9.993317,10.044807,10.096279,10.182007,10.250530,10.079128,9.649315,8.836220,8.401035,8.191483,8.243912,8.191483,8.261383,8.401035,8.731949,9.838661,11.035133,11.863968,12.099461,11.661655,11.069107,10.575371,10.319000,10.079128,9.804260,9.649315,9.442345,9.338692,9.148392,9.009773,8.905678,8.818848,8.818848,8.714558,8.348686,8.226437,8.156513,8.191483,8.156513,8.086544,8.139027,8.243912,8.243912,8.278851,8.331230,8.174004,8.278851,8.139027,8.121536,8.104042,8.104042,8.104042,8.208961,8.174004,8.086544,8.174004,8.313774,8.540497,8.278851,8.121536,8.016525,8.051544,8.121536,8.191483,8.174004,8.278851,8.401035,8.470791,8.575333,8.679768,8.870953,8.627563,
6.535103,6.552864,6.552864,6.623875,6.570625,6.801193,6.623875,6.765751,6.907440,6.942829,6.960518,7.154926,7.419441,7.612995,7.876347,8.261383,8.714558,8.888317,8.957737,9.009773,8.957737,8.766716,8.086544,7.981499,8.278851,8.523075,8.313774,7.981499,7.718422,7.507469,7.366592,7.331345,7.348972,7.348972,7.489868,7.525059,7.595413,7.735977,7.612995,7.771088,7.841270,7.928940,7.963982,7.946465,8.016525,8.174004,8.243912,8.104042,8.243912,8.261383,8.366138,8.348686,8.348686,8.296310,8.366138,8.243912,8.226437,8.191483,8.139027,8.121536,7.946465,7.893879,7.876347,7.718422,7.665718,7.630577,7.525059,7.489868,7.489868,7.366592,7.243172,7.207882,7.207882,7.243172,7.172585,7.119606,7.154926,7.084278,7.207882,7.225533,7.207882,7.207882,7.278450,7.260815,7.348972,7.384212,7.331345,7.525059,7.630577,7.788635,7.999016,8.435913,8.940388,8.975086,8.366138,8.034035,7.823730,7.718422,7.718422,7.806187,8.313774,9.061775,9.061775,8.557915,8.051544,7.525059,7.190231,7.278450,7.278450,7.225533,6.978207,7.031254,7.101940,7.048931,6.783474,6.730297,6.960518,7.437057,7.595413,7.841270,7.331345,7.260815,7.577831,7.348972,6.960518,6.694839,6.960518,7.207882,7.665718,7.665718,6.907440,7.031254,7.735977,7.190231,6.907440,6.889732,7.048931,7.313717,7.771088,7.648148,7.278450,7.437057,7.278450,7.207882,6.942829,6.712570,6.854328,6.872036,7.525059,8.208961,9.079109,14.405884,15.804058,12.585411,10.472908,10.848083,10.779976,10.848083,11.374298,12.935738,13.566330,13.516701,13.351086,13.118725,12.719025,12.334373,11.880806,11.594112,11.458900,10.984158,10.404537,10.113426,9.735428,9.735428,9.511379,9.459610,9.373260,9.217640,9.131081,9.200333,9.304119,9.165710,8.801476,8.888317,8.853588,8.940388,8.992432,9.009773,8.957737,8.818848,8.731949,8.818848,8.992432,8.940388,8.888317,8.940388,8.957737,9.027115,9.027115,9.044441,9.079109,9.113758,9.044441,9.096436,9.252239,9.165710,9.079109,9.009773,8.940388,8.940388,9.113758,8.975086,9.044441,8.923035,8.870953,9.148392,9.476868,9.165710,8.940388,8.731949,8.836220,8.801476,8.923035,8.905678,9.009773,8.957737,8.923035,8.888317,8.905678,8.870953,8.975086,8.992432,9.009773,9.044441,9.079109,8.905678,8.905678,8.853588,8.957737,9.044441,9.183022,9.183022,8.940388,8.749332,8.592743,8.557915,9.027115,9.061775,8.784096,8.697163,8.784096,8.749332,8.818848,8.853588,8.888317,8.870953,8.923035,8.870953,8.870953,8.888317,8.662369,8.540497,8.557915,8.488220,8.679768,8.818848,9.079109,8.940388,8.540497,8.557915,8.557915,8.627563,8.644970,8.679768,8.836220,8.870953,8.870953,8.905678,9.044441,9.009773,9.079109,9.096436,9.113758,9.061775,8.975086,8.749332,8.784096,8.662369,8.679768,8.836220,9.009773,9.183022,9.061775,9.148392,9.234943,9.252239,9.373260,9.390537,9.338692,9.304119,9.252239,9.649315,9.838661,9.614849,9.545887,9.632080,9.632080,9.614849,9.632080,9.632080,9.580376,9.476868,9.476868,9.545887,9.459610,9.545887,9.528633,9.494129,9.494129,9.407806,9.425079,9.476868,9.494129,9.355976,9.338692,9.355976,9.614849,9.528633,9.373260,9.148392,9.183022,9.148392,9.096436,9.044441,8.957737,8.870953,8.957737,8.940388,9.165710,9.407806,9.217640,9.009773,8.975086,8.992432,8.870953,8.905678,8.784096,8.784096,8.731949,8.714558,8.784096,8.731949,8.557915,8.540497,8.435913,8.366138,8.278851,8.191483,8.051544,7.876347,7.788635,7.542656,7.084278,6.286148,5.248528,5.014572,4.942490,4.834267,4.888393,4.870358,4.780113,4.635590,4.581333,4.653660,4.689812,4.707874,4.780113,4.707874,4.725941,4.707874,4.743999,4.707874,4.689812,4.743999,4.816223,4.834267,4.816223,4.924461,4.870358,4.942490,4.942490,5.068611,5.032589,5.104614,5.176598,5.176598,5.248528,5.248528,5.230549,5.338371,5.374290,5.338371,5.338371,5.320412,5.374290,5.428139,5.517838,5.625381,5.697014,5.768597,5.840134,5.786484,5.840134,5.893753,6.000916,6.090134,6.072296,6.161457,6.232731,6.375134,6.375134,6.392914,6.464035,6.446259,6.464035,6.339550,6.197094,5.625381,5.464031,5.464031,5.481972,5.446091,5.589546,5.643291,6.072296,6.286148,6.357342,6.357342,6.410706,6.428486,6.499577,6.552864,6.606125,6.659363,6.783474,6.907440,6.907440,6.995895,7.066605,7.137272,7.278450,7.278450,7.313717,7.331345,7.472267,7.437057,7.577831,7.595413,7.612995,7.630577,7.683289,7.700855,7.771088,7.735977,7.771088,7.823730,7.963982,7.963982,7.963982,8.016525,8.051544,7.963982,8.016525,8.016525,7.981499,7.999016,8.051544,8.226437,8.313774,8.278851,8.296310,8.331230,8.331230,8.331230,8.418476,8.418476,8.505650,8.470791,8.523075,8.592743,8.523075,8.470791,8.662369,8.592743,8.610161,8.679768,8.662369,8.697163,8.644970,8.679768,8.644970,8.679768,8.766716,8.714558,8.662369,8.662369,8.575333,8.731949,8.662369,8.505650,7.928940,7.207882,6.925133,6.765751,6.677101,6.730297,6.659363,6.783474,7.454662,7.788635,7.911411,7.735977,7.665718,7.560242,7.595413,7.630577,7.612995,7.630577,7.665718,7.718422,7.876347,7.946465,8.016525,8.156513,8.174004,8.243912,8.331230,8.453358,8.488220,8.627563,8.662369,8.662369,8.801476,8.975086,8.992432,8.957737,9.079109,9.113758,9.113758,9.234943,9.252239,9.252239,9.321407,9.390537,9.321407,9.459610,9.425079,9.580376,9.528633,9.528633,9.580376,9.649315,9.735428,9.649315,9.718216,9.804260,9.787056,9.804260,9.855862,9.958965,10.010487,10.027649,9.993317,9.804260,9.217640,8.627563,8.243912,8.278851,8.226437,8.296310,8.366138,8.610161,9.165710,10.404537,11.475815,11.914482,11.880806,11.441990,10.779976,10.353233,10.182007,10.044807,9.958965,9.700993,9.563126,9.459610,9.096436,9.113758,8.905678,8.853588,8.836220,8.818848,8.575333,8.540497,8.383591,8.296310,8.261383,8.261383,8.226437,8.313774,8.331230,8.470791,8.278851,8.261383,8.156513,8.069046,8.121536,8.208961,8.208961,8.226437,8.208961,8.208961,8.104042,8.208961,8.226437,8.261383,8.156513,8.086544,8.051544,8.121536,8.069046,8.156513,8.226437,8.226437,8.296310,8.296310,8.470791,8.488220,8.470791,8.523075,
6.339550,6.392914,6.321754,6.339550,6.286148,6.552864,6.428486,6.499577,6.517342,6.623875,6.570625,6.748028,7.031254,7.066605,7.331345,7.735977,8.069046,8.470791,8.784096,8.870953,8.940388,8.905678,8.401035,7.946465,8.016525,8.156513,8.104042,7.841270,7.472267,7.313717,7.119606,7.048931,7.154926,7.101940,7.066605,7.207882,7.331345,7.278450,7.260815,7.366592,7.454662,7.366592,7.577831,7.577831,7.560242,7.753536,7.665718,7.806187,7.735977,7.806187,7.911411,7.946465,7.946465,7.928940,7.858810,7.858810,7.841270,7.771088,7.735977,7.630577,7.577831,7.489868,7.560242,7.384212,7.454662,7.313717,7.331345,7.260815,7.278450,7.172585,7.190231,7.190231,7.119606,7.154926,7.154926,7.190231,7.172585,7.190231,7.278450,7.243172,7.172585,7.225533,7.190231,7.225533,7.278450,7.313717,7.348972,7.437057,7.472267,7.612995,7.928940,8.278851,8.801476,9.131081,8.697163,8.069046,7.858810,7.806187,7.771088,7.893879,8.261383,8.888317,9.217640,8.853588,8.313774,7.683289,7.419441,7.225533,7.137272,6.960518,7.013577,6.978207,7.031254,6.942829,6.978207,7.066605,7.048931,7.154926,7.119606,7.207882,7.243172,7.260815,7.401833,7.331345,7.190231,7.207882,7.225533,7.296085,7.612995,7.454662,7.207882,7.260815,7.401833,7.207882,7.384212,7.296085,7.366592,7.472267,7.700855,7.560242,7.560242,7.437057,7.331345,7.296085,6.942829,6.889732,7.172585,7.313717,7.823730,8.174004,8.366138,10.916145,14.028225,12.451607,10.250530,10.660679,10.677727,10.677727,11.035133,11.948143,12.501804,12.969040,12.785763,12.602119,12.200203,11.847122,11.458900,11.543430,11.627888,11.323498,10.626560,10.147728,9.993317,9.873051,9.700993,9.632080,9.442345,9.338692,9.252239,9.355976,9.338692,9.148392,9.009773,9.044441,8.992432,9.027115,9.027115,8.975086,8.888317,8.749332,8.818848,8.853588,8.870953,8.870953,8.836220,8.957737,9.009773,9.027115,9.113758,9.131081,9.113758,9.131081,9.009773,9.200333,9.511379,9.252239,9.113758,9.131081,9.061775,9.044441,9.200333,9.286831,9.269539,9.217640,9.165710,9.390537,9.511379,9.286831,9.113758,9.131081,9.009773,8.975086,9.009773,9.061775,9.009773,8.923035,8.923035,9.131081,9.096436,9.044441,9.027115,9.079109,9.027115,8.992432,8.888317,8.905678,8.749332,8.697163,8.749332,9.217640,9.407806,9.217640,8.853588,8.697163,8.662369,8.627563,9.009773,8.940388,8.731949,8.714558,8.731949,8.731949,8.766716,8.818848,8.905678,8.818848,8.888317,8.818848,8.923035,8.957737,8.523075,8.523075,8.453358,8.488220,8.610161,8.731949,8.870953,8.697163,8.627563,8.592743,8.644970,8.644970,8.662369,8.679768,8.731949,8.749332,8.784096,8.923035,8.888317,8.853588,8.888317,8.888317,8.905678,8.784096,8.627563,8.575333,8.523075,8.505650,8.470791,8.610161,8.870953,8.940388,8.766716,8.940388,8.957737,9.148392,9.321407,9.355976,9.321407,9.252239,9.321407,9.563126,9.632080,9.563126,9.614849,9.683773,9.666546,9.649315,9.752644,9.683773,9.614849,9.476868,9.425079,9.511379,9.649315,9.545887,9.545887,9.442345,9.269539,9.217640,9.304119,9.355976,9.373260,9.269539,9.131081,9.217640,9.649315,9.511379,9.200333,9.096436,9.148392,9.131081,9.113758,9.027115,9.044441,9.009773,8.957737,9.061775,9.044441,9.286831,9.148392,9.113758,8.992432,8.923035,8.818848,8.801476,8.749332,8.627563,8.557915,8.662369,8.644970,8.714558,8.662369,8.488220,8.366138,8.296310,8.226437,8.051544,7.876347,7.753536,7.525059,7.472267,6.960518,6.054455,5.068611,4.834267,4.689812,4.816223,4.870358,4.798172,4.834267,4.689812,4.671738,4.671738,4.725941,4.671738,4.599422,4.762062,4.743999,4.707874,4.780113,4.707874,4.780113,4.689812,4.834267,4.707874,4.743999,4.780113,4.743999,4.780113,4.798172,4.816223,4.834267,4.834267,4.924461,4.870358,4.888393,4.942490,4.834267,4.978535,4.978535,4.942490,4.924461,5.014572,5.032589,5.050598,5.158604,5.032589,5.158604,5.266499,5.320412,5.356339,5.392242,5.410194,5.481972,5.464031,5.571625,5.643291,5.661201,5.840134,5.858009,5.911625,5.929482,5.911625,5.875885,5.804367,5.768597,5.410194,5.392242,5.356339,5.374290,5.338371,5.499908,5.697014,6.018761,6.072296,6.179276,6.214916,6.197094,6.268349,6.321754,6.357342,6.499577,6.588379,6.730297,6.694839,6.872036,6.907440,6.925133,6.960518,7.048931,7.101940,7.119606,7.172585,7.243172,7.278450,7.331345,7.313717,7.366592,7.419441,7.507469,7.542656,7.595413,7.630577,7.718422,7.648148,7.718422,7.788635,7.823730,7.858810,7.893879,7.893879,7.876347,7.981499,7.928940,7.928940,7.999016,8.051544,8.121536,8.156513,8.139027,8.208961,8.313774,8.296310,8.261383,8.435913,8.383591,8.348686,8.331230,8.488220,8.470791,8.470791,8.505650,8.523075,8.505650,8.453358,8.557915,8.627563,8.575333,8.540497,8.470791,8.523075,8.557915,8.540497,8.575333,8.540497,8.592743,8.679768,8.610161,8.191483,7.595413,6.960518,6.588379,6.606125,6.552864,6.659363,6.730297,6.942829,7.472267,7.735977,7.700855,7.612995,7.472267,7.489868,7.437057,7.384212,7.454662,7.612995,7.577831,7.595413,7.753536,7.893879,7.858810,7.981499,8.121536,8.208961,8.226437,8.331230,8.366138,8.435913,8.540497,8.627563,8.766716,8.818848,8.836220,8.957737,8.888317,8.940388,9.079109,9.079109,8.992432,9.079109,9.217640,9.113758,9.252239,9.304119,9.321407,9.373260,9.390537,9.390537,9.425079,9.528633,9.494129,9.494129,9.580376,9.494129,9.614849,9.735428,9.769852,9.821461,9.907425,9.958965,9.821461,9.476868,8.714558,8.348686,8.278851,8.261383,8.313774,8.296310,8.488220,8.644970,9.476868,10.762939,11.762863,11.847122,11.543430,11.137009,10.882126,10.643623,10.438725,10.233398,10.130581,9.924606,9.666546,9.355976,9.183022,9.131081,9.044441,8.870953,8.766716,8.714558,8.575333,8.435913,8.383591,8.296310,8.313774,8.313774,8.313774,8.366138,8.435913,8.453358,8.366138,8.313774,8.191483,8.226437,8.208961,8.243912,8.208961,8.156513,8.174004,8.156513,8.139027,8.121536,8.034035,8.034035,8.069046,7.981499,8.121536,8.086544,8.069046,7.999016,8.016525,8.156513,8.226437,8.331230,8.505650,8.243912,8.313774,8.401035,
6.232731,6.286148,6.179276,6.250534,6.214916,6.321754,6.339550,6.286148,6.375134,6.392914,6.499577,6.481804,6.623875,6.765751,6.942829,7.296085,7.718422,8.139027,8.453358,8.662369,8.766716,8.627563,8.453358,7.858810,7.683289,8.034035,7.911411,7.753536,7.419441,7.207882,6.978207,6.801193,6.801193,6.783474,6.854328,6.872036,7.031254,6.889732,6.995895,7.048931,7.031254,7.137272,7.172585,7.278450,7.243172,7.260815,7.384212,7.313717,7.419441,7.366592,7.454662,7.507469,7.454662,7.472267,7.437057,7.454662,7.489868,7.489868,7.472267,7.384212,7.366592,7.313717,7.260815,7.296085,7.225533,7.172585,7.154926,7.048931,7.101940,7.207882,7.137272,7.048931,7.084278,7.119606,7.084278,7.101940,7.084278,7.119606,7.207882,7.207882,7.119606,7.260815,7.172585,7.243172,7.260815,7.225533,7.313717,7.384212,7.454662,7.577831,7.753536,7.928940,8.435913,8.975086,8.957737,8.366138,7.963982,7.928940,7.806187,7.806187,7.963982,8.540497,9.148392,9.183022,8.557915,7.999016,7.630577,7.348972,7.172585,7.048931,7.013577,6.925133,7.013577,6.995895,6.995895,7.031254,7.048931,7.154926,6.995895,7.190231,7.207882,7.225533,7.243172,7.331345,7.296085,7.296085,7.296085,7.384212,7.489868,7.454662,7.366592,7.454662,7.472267,7.472267,7.525059,7.542656,7.437057,7.542656,7.560242,7.630577,7.560242,7.542656,7.525059,7.437057,7.348972,7.437057,7.525059,7.648148,7.806187,7.753536,7.718422,8.523075,10.061974,10.199139,9.718216,10.507072,10.677727,10.626560,10.643623,11.255722,12.216988,12.952389,12.852448,12.551975,12.149849,11.526535,11.425068,11.560329,11.729134,11.323498,10.677727,10.216270,10.027649,9.890244,9.787056,9.563126,9.476868,9.459610,9.338692,9.321407,9.286831,9.148392,9.131081,9.113758,9.096436,9.096436,9.044441,9.061775,8.957737,8.923035,8.870953,8.836220,8.940388,9.044441,8.957737,8.992432,9.113758,9.131081,9.165710,9.165710,9.269539,9.183022,9.165710,9.459610,9.718216,9.425079,9.183022,9.252239,9.200333,9.096436,9.113758,9.217640,9.304119,9.234943,9.131081,9.321407,9.373260,9.217640,9.286831,9.200333,9.148392,9.079109,9.044441,9.165710,9.131081,9.061775,9.079109,9.355976,9.632080,9.580376,9.390537,9.425079,9.425079,9.425079,9.234943,9.286831,9.131081,9.009773,9.044441,9.528633,9.632080,9.476868,8.992432,8.784096,8.714558,8.714558,8.818848,8.784096,8.784096,8.801476,8.818848,8.836220,8.870953,8.853588,8.905678,8.818848,8.905678,8.853588,8.905678,8.853588,8.714558,8.505650,8.557915,8.592743,8.923035,8.992432,8.784096,8.714558,8.662369,8.644970,8.662369,8.714558,8.644970,8.662369,8.714558,8.697163,8.644970,8.679768,8.731949,8.731949,8.697163,8.731949,8.888317,8.818848,8.731949,8.540497,8.523075,8.557915,8.610161,8.679768,8.818848,8.731949,8.575333,8.714558,8.975086,9.183022,9.286831,9.234943,9.321407,9.321407,9.373260,9.476868,9.442345,9.407806,9.425079,9.545887,9.425079,9.355976,9.528633,9.528633,9.494129,9.494129,9.511379,9.511379,9.649315,9.752644,9.632080,9.321407,9.269539,9.304119,9.252239,9.321407,9.269539,9.269539,9.234943,9.286831,9.425079,9.390537,9.165710,9.183022,9.217640,9.096436,9.183022,9.200333,9.165710,9.234943,9.183022,9.165710,9.269539,9.321407,9.338692,9.304119,9.269539,9.027115,8.940388,8.836220,8.679768,8.627563,8.505650,8.627563,8.679768,8.888317,8.679768,8.243912,8.191483,8.208961,8.104042,8.034035,7.963982,7.735977,7.630577,7.296085,6.925133,5.983063,4.942490,4.707874,4.472755,4.599422,4.599422,4.653660,4.617508,4.725941,4.617508,4.617508,4.599422,4.653660,4.635590,4.707874,4.653660,4.671738,4.725941,4.762062,4.762062,4.798172,4.762062,4.725941,4.725941,4.707874,4.834267,4.762062,4.870358,4.816223,4.924461,4.870358,4.906425,4.816223,4.798172,4.924461,4.888393,4.906425,4.960514,4.906425,4.942490,5.014572,4.960514,5.014572,4.978535,5.086613,4.978535,5.050598,5.050598,5.086613,5.050598,5.104614,5.158604,5.158604,5.212570,5.230549,5.266499,5.320412,5.320412,5.356339,5.302444,5.302444,5.320412,5.464031,5.320412,5.302444,5.338371,5.284477,5.284477,5.320412,5.374290,5.553699,5.750706,5.858009,5.750706,5.804367,5.911625,5.929482,6.018761,6.036610,6.161457,6.321754,6.321754,6.428486,6.464035,6.606125,6.730297,6.712570,6.836617,6.836617,6.942829,6.872036,6.889732,6.978207,6.978207,7.084278,7.066605,7.172585,7.172585,7.225533,7.225533,7.296085,7.348972,7.419441,7.419441,7.507469,7.577831,7.525059,7.630577,7.577831,7.700855,7.683289,7.753536,7.700855,7.788635,7.788635,7.893879,8.016525,8.051544,8.121536,8.156513,8.051544,8.139027,8.121536,8.174004,8.191483,8.348686,8.226437,8.261383,8.331230,8.348686,8.366138,8.331230,8.366138,8.348686,8.435913,8.418476,8.488220,8.348686,8.348686,8.401035,8.401035,8.435913,8.331230,8.453358,8.453358,8.401035,7.963982,7.119606,6.694839,6.446259,6.481804,6.428486,6.552864,6.535103,6.995895,7.454662,7.665718,7.542656,7.331345,7.366592,7.313717,7.313717,7.260815,7.384212,7.472267,7.472267,7.595413,7.595413,7.806187,7.841270,7.876347,7.876347,8.086544,8.174004,8.156513,8.313774,8.313774,8.401035,8.470791,8.557915,8.731949,8.714558,8.749332,8.818848,8.801476,8.836220,8.992432,8.975086,8.992432,9.044441,9.183022,9.061775,9.096436,9.113758,9.148392,9.252239,9.304119,9.304119,9.407806,9.373260,9.355976,9.511379,9.442345,9.494129,9.580376,9.580376,9.752644,9.683773,9.632080,9.545887,9.027115,8.540497,8.191483,8.191483,8.086544,8.156513,8.261383,8.401035,8.975086,10.164867,11.221825,11.981785,11.813431,11.408150,10.882126,10.677727,10.438725,10.301891,10.130581,9.890244,9.597610,9.494129,9.217640,9.131081,9.113758,8.992432,8.749332,8.592743,8.505650,8.453358,8.366138,8.348686,8.261383,8.383591,8.243912,8.331230,8.331230,8.435913,8.435913,8.331230,8.401035,8.296310,8.226437,8.278851,8.331230,8.331230,8.226437,8.243912,8.139027,8.139027,8.139027,7.999016,7.928940,7.911411,7.876347,7.911411,7.946465,8.016525,7.981499,7.963982,7.981499,8.051544,8.243912,8.261383,8.243912,8.296310,8.296310,
6.107971,6.161457,6.197094,6.125797,6.232731,6.161457,6.143627,6.250534,6.250534,6.268349,6.286148,6.446259,6.392914,6.552864,6.623875,6.907440,7.296085,7.753536,8.156513,8.401035,8.313774,8.557915,8.401035,8.086544,7.665718,7.823730,7.963982,7.841270,7.595413,7.260815,6.960518,6.818905,6.712570,6.659363,6.677101,6.552864,6.712570,6.748028,6.783474,6.801193,6.854328,6.925133,6.907440,6.889732,6.889732,7.119606,7.084278,7.048931,7.137272,7.190231,7.101940,7.101940,7.296085,7.190231,7.243172,7.243172,7.172585,7.225533,7.172585,7.190231,7.154926,7.119606,7.101940,7.066605,7.066605,7.048931,7.084278,6.960518,6.978207,7.031254,7.084278,7.066605,7.119606,7.066605,7.119606,7.119606,7.101940,7.101940,7.084278,7.154926,7.172585,7.172585,7.190231,7.137272,7.225533,7.260815,7.278450,7.260815,7.384212,7.419441,7.612995,7.806187,8.243912,8.818848,9.096436,8.592743,8.208961,8.034035,7.841270,7.806187,7.981499,8.313774,9.113758,9.183022,8.870953,8.243912,7.788635,7.542656,7.243172,7.137272,7.137272,7.048931,7.031254,7.031254,7.031254,7.084278,7.154926,7.190231,7.207882,7.172585,7.243172,7.278450,7.243172,7.313717,7.437057,7.331345,7.278450,7.384212,7.507469,7.472267,7.507469,7.454662,7.542656,7.489868,7.560242,7.507469,7.525059,7.472267,7.595413,7.612995,7.612995,7.648148,7.612995,7.648148,7.577831,7.700855,7.683289,7.753536,7.858810,7.823730,7.858810,8.121536,8.540497,9.027115,9.545887,10.353233,10.677727,10.677727,10.575371,11.035133,12.518532,13.665508,13.731560,13.334507,12.802441,12.267311,11.998611,11.897648,11.762863,11.408150,10.882126,10.558300,10.267654,10.164867,9.958965,9.700993,9.528633,9.580376,9.476868,9.425079,9.390537,9.234943,9.217640,9.252239,9.096436,9.027115,9.009773,8.957737,8.975086,8.731949,8.679768,8.784096,9.165710,9.321407,9.269539,9.183022,9.234943,9.234943,9.269539,9.425079,9.407806,9.390537,9.459610,9.580376,9.735428,9.580376,9.545887,9.511379,9.459610,9.442345,9.459610,9.390537,9.425079,9.165710,9.200333,9.165710,9.321407,9.286831,9.165710,9.131081,9.148392,9.061775,9.027115,9.079109,9.200333,9.148392,9.252239,9.649315,9.873051,9.769852,9.632080,9.476868,9.545887,9.511379,9.528633,9.511379,9.355976,9.183022,9.390537,9.459610,9.545887,9.494129,9.148392,8.992432,8.940388,8.853588,8.957737,8.957737,8.905678,8.853588,8.888317,8.923035,9.079109,8.957737,8.992432,8.957737,8.975086,8.801476,8.853588,8.853588,8.888317,8.731949,8.697163,8.905678,9.459610,9.459610,8.957737,8.766716,8.801476,8.731949,8.679768,8.557915,8.610161,8.540497,8.627563,8.679768,8.679768,8.644970,8.610161,8.662369,8.644970,8.679768,8.853588,8.853588,8.697163,8.697163,8.627563,8.749332,8.731949,8.888317,8.784096,8.697163,8.557915,8.627563,8.975086,9.217640,9.183022,9.252239,9.338692,9.252239,9.304119,9.373260,9.338692,9.286831,9.304119,9.338692,9.234943,9.286831,9.373260,9.390537,9.597610,9.614849,9.735428,9.735428,9.907425,9.855862,9.700993,9.459610,9.425079,9.304119,9.390537,9.286831,9.321407,9.252239,9.217640,9.304119,9.286831,9.252239,9.234943,9.217640,9.355976,9.252239,9.286831,9.200333,9.217640,9.165710,9.217640,9.131081,9.183022,9.390537,9.338692,9.338692,9.200333,9.234943,8.992432,9.027115,8.853588,8.644970,8.627563,8.644970,8.853588,8.836220,8.540497,8.261383,8.191483,8.156513,8.051544,7.946465,7.858810,7.665718,7.612995,7.348972,6.889732,5.840134,4.978535,4.599422,4.472755,4.617508,4.508957,4.490860,4.635590,4.490860,4.527058,4.527058,4.545155,4.545155,4.599422,4.635590,4.563248,4.635590,4.581333,4.599422,4.653660,4.743999,4.707874,4.780113,4.798172,4.852314,4.762062,4.834267,4.834267,4.780113,4.816223,4.798172,4.834267,4.906425,4.852314,4.852314,4.870358,4.870358,4.870358,4.960514,4.960514,4.978535,4.924461,4.978535,4.996559,5.032589,5.068611,5.050598,4.978535,5.122616,5.086613,5.068611,5.050598,5.050598,5.068611,5.086613,5.122616,5.032589,5.176598,5.176598,5.266499,5.212570,5.302444,5.248528,5.212570,5.212570,5.266499,5.320412,5.230549,5.302444,5.446091,5.338371,5.338371,5.392242,5.356339,5.356339,5.464031,5.517838,5.481972,5.589546,5.643291,5.679108,5.804367,5.840134,5.965206,6.036610,6.125797,6.232731,6.214916,6.339550,6.375134,6.410706,6.392914,6.481804,6.428486,6.499577,6.623875,6.570625,6.606125,6.641617,6.712570,6.801193,6.818905,6.960518,6.978207,6.978207,7.048931,7.137272,7.154926,7.154926,7.260815,7.225533,7.313717,7.472267,7.472267,7.507469,7.595413,7.718422,7.630577,7.788635,7.841270,7.823730,7.858810,7.911411,7.928940,8.034035,8.016525,8.121536,8.034035,8.086544,8.174004,8.174004,8.208961,8.191483,8.174004,8.261383,8.296310,8.278851,8.156513,8.261383,8.243912,8.296310,8.331230,8.296310,8.261383,8.296310,8.174004,7.472267,6.960518,6.410706,6.375134,6.357342,6.410706,6.321754,6.677101,7.119606,7.419441,7.560242,7.401833,7.296085,7.225533,7.207882,7.207882,7.225533,7.172585,7.313717,7.419441,7.525059,7.525059,7.683289,7.718422,7.753536,7.771088,7.981499,8.016525,8.086544,8.051544,8.261383,8.278851,8.331230,8.401035,8.592743,8.627563,8.592743,8.575333,8.679768,8.749332,8.731949,8.784096,8.870953,8.870953,8.992432,8.957737,8.957737,9.096436,9.096436,9.096436,9.200333,9.183022,9.200333,9.234943,9.217640,9.286831,9.407806,9.407806,9.338692,9.373260,9.563126,9.683773,9.545887,9.183022,8.644970,8.313774,8.121536,8.086544,8.034035,8.226437,8.418476,8.627563,9.459610,10.984158,11.779716,11.964966,11.745995,11.357365,10.950157,10.831066,10.694775,10.404537,10.267654,9.958965,9.769852,9.563126,9.355976,9.131081,9.044441,8.801476,8.592743,8.488220,8.383591,8.401035,8.435913,8.261383,8.208961,8.121536,8.174004,8.191483,8.261383,8.261383,8.313774,8.296310,8.226437,8.331230,8.226437,8.401035,8.296310,8.383591,8.313774,8.226437,8.313774,8.278851,8.208961,7.911411,7.893879,7.823730,7.788635,7.911411,7.858810,7.946465,7.893879,7.823730,7.946465,7.963982,8.016525,7.999016,8.139027,8.121536,8.208961,
6.018761,6.018761,5.965206,6.054455,6.107971,6.107971,6.179276,6.197094,6.214916,6.214916,6.214916,6.321754,6.339550,6.268349,6.517342,6.677101,6.872036,7.260815,7.700855,8.086544,8.174004,8.191483,8.174004,8.121536,7.806187,7.665718,7.858810,7.841270,7.718422,7.419441,7.137272,6.818905,6.748028,6.588379,6.535103,6.623875,6.552864,6.623875,6.606125,6.677101,6.712570,6.588379,6.748028,6.765751,6.889732,6.889732,6.836617,6.872036,6.889732,6.960518,7.066605,6.925133,7.031254,7.066605,7.013577,7.013577,7.013577,7.031254,6.978207,7.031254,7.048931,7.031254,6.907440,6.960518,6.960518,6.978207,6.960518,6.960518,6.995895,6.942829,6.978207,7.013577,6.925133,7.013577,7.066605,7.031254,7.066605,7.048931,7.084278,7.101940,7.084278,7.137272,7.084278,7.119606,7.119606,7.190231,7.154926,7.172585,7.331345,7.384212,7.489868,7.718422,7.928940,8.488220,8.992432,8.940388,8.383591,8.139027,8.139027,7.999016,7.981499,8.191483,8.870953,9.217640,9.183022,8.557915,8.069046,7.612995,7.348972,7.172585,7.101940,6.978207,6.978207,7.031254,6.995895,7.101940,7.101940,7.137272,7.172585,7.207882,7.154926,7.260815,7.278450,7.278450,7.331345,7.243172,7.419441,7.419441,7.454662,7.366592,7.437057,7.507469,7.525059,7.489868,7.472267,7.525059,7.472267,7.560242,7.577831,7.595413,7.595413,7.577831,7.595413,7.630577,7.612995,7.665718,7.665718,7.700855,7.858810,7.893879,7.928940,8.086544,8.435913,8.836220,9.286831,10.061974,10.677727,10.643623,10.524147,10.797012,12.351128,13.648983,13.764572,13.516701,13.135342,12.618832,12.317612,11.998611,11.627888,11.255722,11.052120,10.711826,10.438725,10.130581,9.907425,9.769852,9.718216,9.632080,9.545887,9.545887,9.494129,9.459610,9.442345,9.304119,8.940388,8.905678,8.784096,8.836220,8.679768,8.575333,8.679768,8.766716,8.975086,8.992432,8.905678,8.923035,8.836220,9.027115,9.044441,9.113758,9.183022,9.183022,9.079109,9.234943,9.338692,9.459610,9.649315,9.545887,9.511379,9.476868,9.545887,9.580376,9.597610,9.459610,9.165710,9.252239,9.545887,9.425079,9.061775,9.009773,9.061775,9.027115,9.096436,9.269539,9.321407,9.252239,9.459610,9.666546,9.804260,9.787056,9.597610,9.528633,9.494129,9.528633,9.563126,9.511379,9.476868,9.269539,9.338692,9.286831,9.425079,9.338692,9.407806,9.217640,9.183022,9.148392,9.338692,9.252239,9.061775,8.940388,8.923035,9.234943,9.545887,9.407806,9.217640,9.183022,9.165710,9.009773,9.061775,9.096436,9.131081,9.131081,9.027115,9.338692,9.718216,9.649315,9.252239,9.096436,9.096436,9.096436,9.061775,9.009773,8.905678,8.888317,8.801476,8.870953,8.870953,8.905678,8.888317,8.853588,8.784096,8.784096,8.836220,8.836220,8.888317,8.749332,8.749332,8.679768,9.286831,9.321407,8.853588,8.627563,8.644970,8.662369,8.888317,9.113758,9.131081,9.027115,9.079109,9.096436,9.113758,9.183022,9.269539,9.217640,9.217640,9.355976,9.373260,9.355976,9.425079,9.511379,9.700993,9.752644,9.752644,9.804260,9.787056,9.735428,9.580376,9.494129,9.563126,9.597610,9.476868,9.252239,9.321407,9.269539,9.234943,9.321407,9.338692,9.355976,9.373260,9.425079,9.390537,9.355976,9.338692,9.252239,9.217640,9.200333,9.096436,9.079109,9.113758,9.183022,9.286831,9.165710,9.113758,8.940388,8.853588,8.801476,8.697163,8.697163,8.592743,8.540497,8.592743,8.557915,8.470791,8.313774,8.156513,8.086544,7.981499,7.876347,7.771088,7.718422,7.595413,7.366592,6.942829,6.036610,5.104614,4.888393,4.798172,4.689812,4.635590,4.689812,4.653660,4.653660,4.563248,4.527058,4.599422,4.617508,4.671738,4.635590,4.743999,4.617508,4.635590,4.707874,4.689812,4.671738,4.617508,4.725941,4.707874,4.762062,4.780113,4.780113,4.816223,4.834267,4.798172,4.725941,4.870358,4.870358,4.870358,4.924461,5.014572,4.942490,4.978535,4.960514,4.996559,4.978535,4.996559,5.032589,5.086613,4.942490,5.032589,5.140610,5.104614,5.104614,5.122616,5.104614,5.176598,5.122616,5.140610,5.158604,5.158604,5.176598,5.194580,5.194580,5.158604,5.194580,5.338371,5.230549,5.266499,5.266499,5.284477,5.302444,5.284477,5.356339,5.338371,5.302444,5.338371,5.320412,5.320412,5.320412,5.356339,5.410194,5.356339,5.338371,5.464031,5.392242,5.446091,5.481972,5.535770,5.481972,5.517838,5.607468,5.643291,5.714912,5.750706,5.858009,5.840134,5.804367,5.858009,5.947346,5.929482,5.965206,6.036610,6.000916,6.018761,6.197094,6.161457,6.357342,6.197094,6.321754,6.410706,6.464035,6.606125,6.517342,6.588379,6.623875,6.694839,6.854328,6.889732,7.031254,7.101940,7.137272,7.084278,7.225533,7.331345,7.313717,7.419441,7.472267,7.437057,7.525059,7.454662,7.612995,7.665718,7.700855,7.735977,7.788635,7.981499,7.893879,7.946465,7.928940,7.893879,7.981499,7.928940,8.051544,8.034035,8.086544,8.034035,8.069046,8.086544,8.086544,7.788635,7.190231,6.481804,6.179276,6.197094,6.197094,6.250534,6.303955,6.641617,7.101940,7.278450,7.278450,7.243172,7.260815,7.119606,7.048931,7.031254,7.048931,7.119606,7.154926,7.278450,7.384212,7.401833,7.507469,7.612995,7.700855,7.841270,7.823730,7.858810,7.999016,8.069046,8.121536,8.208961,8.243912,8.401035,8.453358,8.383591,8.418476,8.488220,8.557915,8.540497,8.679768,8.679768,8.697163,8.870953,8.836220,8.749332,8.749332,8.836220,8.905678,8.888317,9.044441,9.009773,9.096436,9.027115,9.079109,9.131081,9.252239,9.234943,9.286831,9.338692,9.338692,9.407806,9.321407,8.905678,8.435913,8.139027,8.034035,7.963982,8.051544,8.226437,8.401035,8.992432,10.233398,11.441990,11.762863,11.796577,11.475815,10.899132,10.541225,10.182007,10.113426,9.924606,9.855862,9.632080,9.442345,9.131081,8.784096,8.784096,8.592743,8.505650,8.418476,8.366138,8.261383,8.243912,8.069046,8.016525,7.981499,8.034035,7.963982,7.999016,8.121536,8.156513,8.069046,8.121536,8.121536,8.104042,8.174004,8.296310,8.313774,8.226437,8.261383,8.243912,8.226437,8.191483,8.086544,8.104042,8.069046,8.086544,7.981499,7.999016,8.104042,8.156513,7.999016,7.963982,8.016525,8.016525,7.946465,8.034035,8.121536,8.139027,8.243912,
5.858009,5.929482,6.000916,5.947346,6.018761,6.072296,6.090134,6.054455,6.179276,6.125797,6.197094,6.197094,6.268349,6.392914,6.375134,6.481804,6.765751,7.031254,7.560242,7.771088,7.963982,7.981499,8.104042,7.981499,7.806187,7.630577,7.700855,7.841270,7.753536,7.348972,7.172585,6.836617,6.659363,6.588379,6.499577,6.552864,6.481804,6.464035,6.606125,6.499577,6.570625,6.694839,6.677101,6.730297,6.623875,6.730297,6.801193,6.836617,6.801193,6.801193,6.836617,6.872036,6.854328,6.942829,6.854328,6.854328,6.925133,6.854328,6.925133,6.872036,6.872036,6.854328,6.889732,6.889732,6.942829,6.889732,6.925133,6.960518,6.907440,6.907440,6.942829,6.960518,6.942829,6.925133,7.013577,6.978207,6.978207,7.048931,7.084278,6.978207,7.119606,6.978207,7.013577,7.084278,7.084278,7.031254,7.066605,7.137272,7.207882,7.225533,7.331345,7.595413,7.735977,8.104042,8.888317,9.096436,8.749332,8.366138,8.243912,8.156513,8.121536,8.174004,8.540497,9.165710,9.304119,8.853588,8.139027,7.771088,7.419441,7.190231,7.084278,6.995895,6.960518,7.013577,7.084278,6.978207,7.066605,7.190231,7.137272,7.190231,7.243172,7.172585,7.260815,7.260815,7.313717,7.366592,7.331345,7.331345,7.401833,7.419441,7.437057,7.454662,7.419441,7.454662,7.507469,7.472267,7.542656,7.525059,7.507469,7.577831,7.507469,7.560242,7.630577,7.577831,7.630577,7.700855,7.683289,7.735977,7.806187,7.893879,7.981499,8.191483,8.488220,8.853588,9.200333,9.700993,10.626560,10.677727,10.609497,10.592438,11.745995,12.885777,13.284760,13.234974,13.052223,12.652241,12.384636,12.267311,12.116257,11.644768,11.120033,10.728870,10.404537,10.216270,9.958965,9.787056,9.563126,9.597610,9.563126,9.494129,9.425079,9.494129,9.597610,9.442345,8.975086,8.801476,8.853588,8.801476,8.662369,8.644970,8.644970,8.697163,8.731949,8.801476,8.784096,8.697163,8.697163,8.731949,8.888317,8.923035,8.905678,8.923035,8.888317,8.992432,9.009773,9.165710,9.545887,9.373260,9.338692,9.217640,9.442345,9.528633,9.476868,9.217640,9.148392,9.252239,9.528633,9.355976,9.131081,9.148392,9.183022,9.200333,9.321407,9.425079,9.442345,9.442345,9.442345,9.511379,9.666546,9.632080,9.563126,9.494129,9.511379,9.511379,9.563126,9.666546,9.614849,9.459610,9.390537,9.407806,9.666546,9.769852,9.580376,9.390537,9.407806,9.494129,9.494129,9.373260,9.338692,9.200333,9.131081,9.459610,9.718216,9.494129,9.286831,9.217640,9.200333,9.148392,9.079109,9.131081,9.252239,9.338692,9.286831,9.425079,9.528633,9.407806,9.338692,9.407806,9.442345,9.373260,9.442345,9.355976,9.269539,9.286831,9.096436,9.096436,9.304119,9.355976,9.321407,9.234943,9.217640,9.234943,9.217640,9.252239,9.338692,9.200333,9.044441,9.061775,9.666546,9.735428,9.252239,8.905678,8.836220,8.818848,8.870953,9.061775,9.061775,9.061775,9.027115,9.079109,9.148392,9.234943,9.217640,9.096436,9.200333,9.269539,9.373260,9.373260,9.494129,9.528633,9.632080,9.649315,9.580376,9.735428,9.718216,9.545887,9.373260,9.338692,9.683773,9.597610,9.407806,9.165710,9.113758,9.096436,9.044441,9.165710,9.113758,9.217640,9.131081,9.355976,9.390537,9.390537,9.252239,9.165710,9.096436,9.096436,8.975086,8.940388,8.957737,8.957737,8.992432,8.888317,8.870953,8.505650,8.627563,8.575333,8.505650,8.488220,8.331230,8.435913,8.278851,8.243912,8.208961,8.104042,8.086544,7.928940,7.911411,7.718422,7.700855,7.700855,7.437057,7.366592,6.907440,6.000916,5.266499,5.140610,5.050598,4.960514,4.906425,4.816223,4.798172,4.888393,4.906425,4.834267,4.816223,4.870358,4.852314,4.870358,4.870358,4.852314,4.888393,4.888393,4.942490,4.942490,4.960514,4.852314,4.888393,4.870358,4.906425,4.852314,4.852314,4.924461,4.870358,4.942490,4.870358,4.960514,4.996559,4.960514,4.924461,4.996559,5.014572,5.032589,5.050598,5.014572,4.996559,4.960514,5.014572,4.978535,5.104614,5.068611,5.104614,5.086613,5.140610,5.032589,5.086613,5.086613,5.122616,5.176598,5.104614,5.158604,5.176598,5.176598,5.158604,5.248528,5.248528,5.248528,5.302444,5.266499,5.284477,5.302444,5.320412,5.338371,5.374290,5.356339,5.338371,5.356339,5.374290,5.428139,5.392242,5.446091,5.428139,5.481972,5.499908,5.517838,5.392242,5.428139,5.410194,5.517838,5.499908,5.625381,5.517838,5.607468,5.499908,5.571625,5.589546,5.517838,5.553699,5.661201,5.589546,5.643291,5.643291,5.661201,5.625381,5.643291,5.625381,5.625381,5.697014,5.768597,5.679108,5.732807,5.840134,5.875885,5.965206,5.804367,6.036610,6.036610,6.143627,6.214916,6.161457,6.250534,6.375134,6.428486,6.464035,6.499577,6.570625,6.694839,6.730297,6.801193,6.818905,6.960518,6.907440,7.013577,6.978207,7.101940,7.172585,7.190231,7.366592,7.278450,7.313717,7.401833,7.419441,7.507469,7.489868,7.630577,7.630577,7.577831,7.525059,7.507469,7.278450,6.730297,6.268349,6.107971,6.125797,6.107971,6.179276,6.214916,6.677101,6.889732,7.066605,6.978207,6.925133,6.925133,6.907440,6.854328,6.907440,6.925133,6.978207,7.119606,7.190231,7.207882,7.366592,7.401833,7.454662,7.560242,7.595413,7.771088,7.700855,7.876347,7.893879,7.928940,8.086544,8.086544,8.156513,8.313774,8.278851,8.348686,8.348686,8.383591,8.488220,8.470791,8.488220,8.505650,8.627563,8.644970,8.610161,8.679768,8.644970,8.731949,8.818848,8.836220,8.801476,8.784096,8.818848,8.923035,9.044441,8.992432,9.096436,9.131081,9.304119,9.234943,9.183022,8.975086,8.523075,8.174004,8.069046,7.999016,7.963982,8.139027,8.174004,8.540497,9.355976,10.831066,11.729134,11.661655,11.661655,11.086086,10.865101,10.660679,10.489990,10.301891,10.027649,9.580376,9.373260,9.096436,8.905678,8.784096,8.644970,8.453358,8.401035,8.243912,8.104042,8.016525,8.034035,7.876347,7.806187,7.788635,7.735977,7.771088,7.946465,8.104042,8.051544,7.963982,8.016525,7.928940,8.051544,8.069046,8.086544,8.174004,8.174004,8.139027,8.243912,8.243912,8.243912,8.191483,8.174004,8.296310,8.243912,8.121536,8.086544,8.243912,8.243912,7.963982,8.139027,8.226437,8.208961,8.069046,8.051544,8.139027,8.208961,8.313774,
5.875885,5.840134,5.768597,5.911625,5.983063,5.911625,5.965206,6.000916,6.090134,6.018761,6.090134,6.090134,6.161457,6.197094,6.268349,6.303955,6.481804,6.694839,7.013577,7.472267,7.788635,7.806187,7.911411,7.858810,7.946465,7.612995,7.560242,7.718422,7.735977,7.683289,7.296085,6.925133,6.659363,6.517342,6.392914,6.464035,6.464035,6.517342,6.535103,6.499577,6.606125,6.535103,6.623875,6.641617,6.641617,6.659363,6.730297,6.730297,6.712570,6.765751,6.748028,6.818905,6.818905,6.765751,6.694839,6.836617,6.783474,6.748028,6.801193,6.783474,6.801193,6.854328,6.748028,6.836617,6.836617,6.942829,6.889732,6.854328,6.907440,6.942829,6.836617,6.960518,6.925133,6.854328,6.889732,6.889732,6.960518,6.907440,6.978207,6.960518,6.960518,7.013577,7.013577,6.889732,6.978207,6.960518,7.031254,7.066605,7.137272,7.154926,7.225533,7.437057,7.648148,7.876347,8.470791,9.009773,8.957737,8.592743,8.348686,8.296310,8.226437,8.348686,8.331230,9.148392,9.252239,9.027115,8.383591,7.858810,7.472267,7.278450,7.137272,7.013577,6.960518,7.048931,7.066605,7.031254,7.066605,7.066605,7.101940,7.137272,7.084278,7.119606,7.154926,7.172585,7.278450,7.331345,7.243172,7.348972,7.348972,7.331345,7.296085,7.419441,7.419441,7.507469,7.472267,7.489868,7.560242,7.489868,7.525059,7.525059,7.525059,7.489868,7.595413,7.630577,7.595413,7.683289,7.683289,7.700855,7.841270,7.823730,7.963982,8.156513,8.313774,8.557915,8.975086,9.494129,10.472908,10.626560,10.643623,10.541225,11.052120,12.384636,12.835777,12.769081,12.668941,12.284077,12.032238,11.964966,12.015423,11.340439,10.643623,10.387436,10.199139,9.941792,9.873051,9.666546,9.563126,9.511379,9.528633,9.442345,9.390537,9.425079,9.580376,9.355976,9.061775,9.009773,9.044441,9.096436,9.079109,8.992432,8.888317,8.923035,8.957737,8.888317,8.836220,8.801476,8.836220,8.923035,8.923035,8.957737,9.009773,9.217640,9.113758,8.992432,8.992432,9.234943,9.787056,9.442345,9.217640,9.217640,9.304119,9.234943,9.269539,9.165710,9.044441,9.165710,9.234943,9.234943,9.183022,9.269539,9.269539,9.355976,9.425079,9.425079,9.407806,9.459610,9.563126,9.459610,9.390537,9.442345,9.494129,9.476868,9.494129,9.563126,9.545887,9.545887,9.632080,9.459610,9.425079,9.476868,10.164867,10.044807,9.735428,9.528633,9.511379,9.597610,9.511379,9.632080,9.545887,9.442345,9.373260,9.632080,9.494129,9.321407,9.200333,9.200333,9.183022,9.165710,9.131081,9.131081,9.217640,9.217640,9.252239,9.252239,9.373260,9.355976,9.321407,9.234943,9.269539,9.355976,9.373260,9.373260,9.373260,9.200333,9.044441,9.304119,9.666546,9.597610,9.511379,9.425079,9.373260,9.425079,9.407806,9.494129,9.459610,9.407806,9.442345,9.580376,9.924606,9.993317,9.597610,9.476868,9.459610,9.321407,9.390537,9.442345,9.494129,9.338692,9.044441,9.096436,9.131081,9.304119,9.321407,9.200333,9.131081,9.234943,9.321407,9.390537,9.476868,9.528633,9.425079,9.459610,9.459610,9.855862,9.718216,9.476868,9.355976,9.338692,9.459610,9.321407,9.165710,9.183022,9.148392,9.079109,9.079109,9.079109,9.148392,9.148392,9.183022,9.200333,9.304119,9.269539,9.183022,8.957737,9.027115,9.044441,8.975086,8.870953,8.818848,8.679768,8.488220,8.488220,8.418476,8.383591,8.278851,8.296310,8.174004,8.174004,8.069046,7.946465,7.806187,7.806187,7.665718,7.683289,7.648148,7.560242,7.577831,7.489868,7.507469,7.437057,7.296085,7.172585,6.712570,6.018761,5.535770,5.338371,5.284477,5.248528,5.140610,5.104614,5.086613,5.068611,5.104614,5.086613,5.122616,5.068611,5.176598,5.212570,5.122616,5.230549,5.140610,5.284477,5.194580,5.266499,5.122616,5.248528,5.176598,5.212570,5.266499,5.302444,5.230549,5.176598,5.338371,5.284477,5.302444,5.338371,5.302444,5.410194,5.284477,5.356339,5.392242,5.392242,5.356339,5.338371,5.338371,5.356339,5.392242,5.356339,5.428139,5.410194,5.338371,5.266499,5.302444,5.320412,5.428139,5.320412,5.302444,5.320412,5.266499,5.248528,5.248528,5.266499,5.284477,5.266499,5.266499,5.248528,5.302444,5.320412,5.320412,5.302444,5.338371,5.302444,5.392242,5.320412,5.338371,5.499908,5.428139,5.410194,5.464031,5.481972,5.517838,5.535770,5.553699,5.446091,5.464031,5.553699,5.589546,5.553699,5.553699,5.625381,5.589546,5.607468,5.607468,5.589546,5.643291,5.643291,5.643291,5.571625,5.625381,5.643291,5.697014,5.643291,5.643291,5.732807,5.643291,5.750706,5.661201,5.714912,5.714912,5.643291,5.679108,5.732807,5.714912,5.732807,5.768597,5.768597,5.786484,5.804367,5.858009,5.804367,5.840134,5.858009,5.911625,5.983063,5.929482,5.965206,6.054455,6.107971,6.072296,6.214916,6.303955,6.179276,6.357342,6.410706,6.339550,6.428486,6.517342,6.552864,6.535103,6.730297,6.748028,6.765751,6.783474,6.942829,7.048931,6.907440,7.013577,6.872036,6.801193,6.375134,6.143627,6.018761,6.054455,6.018761,6.018761,6.143627,6.535103,6.588379,6.552864,6.606125,6.570625,6.535103,6.606125,6.712570,6.659363,6.748028,6.783474,6.872036,6.960518,7.048931,7.190231,7.101940,7.384212,7.384212,7.366592,7.507469,7.665718,7.612995,7.718422,7.841270,7.858810,7.963982,8.034035,8.069046,8.156513,8.226437,8.208961,8.261383,8.261383,8.261383,8.313774,8.278851,8.348686,8.435913,8.453358,8.470791,8.488220,8.557915,8.488220,8.627563,8.662369,8.592743,8.592743,8.697163,8.801476,8.801476,8.870953,8.957737,8.957737,9.165710,8.853588,8.592743,8.104042,7.963982,7.928940,7.893879,7.893879,8.069046,8.226437,8.714558,10.044807,11.238777,11.914482,11.779716,11.408150,11.001148,10.711826,10.541225,10.199139,9.958965,9.563126,9.459610,9.096436,8.870953,8.697163,8.697163,8.592743,8.435913,8.348686,8.174004,8.051544,8.016525,8.016525,7.928940,7.841270,7.788635,7.858810,7.753536,7.911411,7.823730,7.911411,7.981499,7.999016,7.946465,8.016525,8.121536,8.139027,8.121536,8.156513,8.261383,8.174004,8.226437,8.174004,8.174004,8.156513,8.174004,8.139027,8.104042,8.069046,8.051544,8.034035,8.069046,8.121536,8.156513,8.051544,8.086544,8.104042,8.208961,8.174004,8.331230,
5.732807,5.732807,5.679108,5.858009,5.786484,5.893753,5.858009,5.858009,5.947346,6.054455,6.036610,5.965206,6.000916,6.107971,6.125797,6.161457,6.232731,6.410706,6.659363,7.172585,7.437057,7.630577,7.753536,7.788635,7.771088,7.648148,7.419441,7.313717,7.700855,7.630577,7.489868,7.048931,6.730297,6.606125,6.428486,6.286148,6.339550,6.375134,6.410706,6.446259,6.428486,6.481804,6.552864,6.499577,6.517342,6.588379,6.641617,6.606125,6.659363,6.623875,6.694839,6.659363,6.588379,6.712570,6.765751,6.677101,6.659363,6.730297,6.748028,6.712570,6.801193,6.677101,6.712570,6.801193,6.765751,6.836617,6.783474,6.765751,6.872036,6.801193,6.818905,6.818905,6.818905,6.818905,6.889732,6.836617,6.872036,6.942829,6.889732,6.942829,6.889732,6.925133,6.960518,6.978207,6.872036,6.907440,6.978207,7.066605,6.978207,7.137272,7.101940,7.154926,7.401833,7.700855,8.051544,8.610161,8.975086,8.766716,8.488220,8.435913,8.313774,8.278851,8.278851,8.627563,9.183022,9.061775,8.662369,8.034035,7.577831,7.313717,7.137272,7.101940,7.031254,6.960518,6.960518,6.925133,6.995895,7.048931,6.907440,7.084278,7.101940,7.101940,7.154926,7.190231,7.119606,7.207882,7.260815,7.243172,7.331345,7.419441,7.419441,7.401833,7.384212,7.437057,7.419441,7.454662,7.472267,7.401833,7.472267,7.472267,7.507469,7.472267,7.489868,7.560242,7.630577,7.577831,7.648148,7.683289,7.735977,7.841270,7.823730,7.963982,8.191483,8.435913,8.714558,9.252239,10.044807,10.643623,10.660679,10.524147,10.882126,11.998611,12.735714,12.852448,12.518532,12.082661,11.830276,11.762863,11.492725,11.018150,10.284771,10.044807,9.993317,9.941792,9.769852,9.632080,9.407806,9.373260,9.252239,9.252239,9.148392,9.234943,9.286831,9.183022,9.113758,9.131081,9.165710,9.200333,9.200333,9.009773,9.061775,9.148392,9.113758,9.079109,9.027115,9.061775,9.061775,9.183022,9.183022,9.252239,9.425079,9.528633,9.545887,9.390537,9.425079,9.614849,9.804260,9.666546,9.476868,9.355976,9.252239,9.148392,9.183022,8.992432,9.061775,9.096436,9.148392,9.183022,9.200333,9.286831,9.321407,9.286831,9.338692,9.373260,9.476868,9.511379,9.407806,9.321407,9.355976,9.597610,9.752644,9.649315,9.614849,9.459610,9.442345,9.476868,9.614849,9.563126,9.528633,9.821461,10.216270,10.061974,9.821461,9.580376,9.511379,9.494129,9.545887,9.528633,9.459610,9.425079,9.425079,9.390537,9.373260,9.252239,9.321407,9.390537,9.390537,9.373260,9.425079,9.442345,9.407806,9.234943,9.252239,9.407806,9.683773,9.459610,9.131081,9.079109,9.165710,9.079109,9.183022,9.304119,9.200333,9.148392,9.165710,9.407806,9.563126,9.545887,9.425079,9.304119,9.338692,9.234943,9.217640,9.183022,9.286831,9.304119,9.304119,9.373260,9.769852,9.666546,9.649315,9.614849,9.597610,9.459610,9.545887,9.511379,9.580376,9.355976,9.200333,9.304119,9.355976,9.718216,9.769852,9.614849,9.597610,9.459610,9.649315,9.700993,9.718216,9.769852,9.700993,9.752644,9.804260,10.061974,10.027649,9.597610,9.425079,9.373260,9.373260,9.338692,9.476868,9.390537,9.269539,9.131081,9.096436,9.079109,9.131081,9.113758,9.061775,9.183022,9.234943,9.096436,9.096436,9.061775,9.061775,9.044441,9.009773,9.096436,9.061775,8.801476,8.488220,8.296310,8.191483,8.104042,8.086544,7.999016,7.911411,7.893879,7.823730,7.753536,7.630577,7.612995,7.542656,7.525059,7.489868,7.401833,7.331345,7.313717,7.348972,7.225533,7.101940,6.925133,6.499577,6.054455,5.750706,5.589546,5.464031,5.464031,5.446091,5.446091,5.302444,5.266499,5.428139,5.374290,5.428139,5.374290,5.392242,5.392242,5.356339,5.374290,5.428139,5.446091,5.428139,5.410194,5.464031,5.481972,5.410194,5.428139,5.481972,5.392242,5.535770,5.517838,5.517838,5.589546,5.481972,5.571625,5.643291,5.679108,5.607468,5.643291,5.697014,5.643291,5.661201,5.643291,5.679108,5.643291,5.732807,5.697014,5.697014,5.625381,5.697014,5.714912,5.625381,5.607468,5.714912,5.661201,5.661201,5.661201,5.589546,5.607468,5.661201,5.589546,5.571625,5.571625,5.625381,5.553699,5.661201,5.643291,5.643291,5.625381,5.625381,5.625381,5.589546,5.625381,5.643291,5.625381,5.625381,5.589546,5.571625,5.571625,5.535770,5.553699,5.571625,5.517838,5.553699,5.535770,5.517838,5.535770,5.553699,5.553699,5.589546,5.553699,5.571625,5.679108,5.661201,5.697014,5.679108,5.607468,5.750706,5.679108,5.661201,5.750706,5.661201,5.768597,5.750706,5.768597,5.768597,5.822250,5.911625,5.804367,5.714912,5.786484,5.804367,5.768597,5.822250,5.786484,5.768597,5.875885,5.804367,5.840134,5.858009,5.893753,5.929482,5.804367,5.858009,5.965206,6.036610,5.929482,5.947346,5.983063,6.000916,6.000916,6.072296,6.072296,6.072296,6.090134,6.197094,6.197094,6.179276,6.197094,6.232731,6.286148,6.214916,6.375134,6.392914,6.357342,6.410706,6.410706,6.232731,6.072296,6.072296,5.983063,6.018761,6.000916,6.018761,6.179276,6.250534,6.303955,6.268349,6.197094,6.214916,6.339550,6.375134,6.357342,6.428486,6.428486,6.464035,6.730297,6.606125,6.801193,6.872036,6.889732,6.978207,7.048931,7.137272,7.190231,7.119606,7.260815,7.313717,7.401833,7.577831,7.612995,7.771088,7.735977,7.753536,7.928940,7.806187,7.841270,7.841270,8.016525,7.911411,7.946465,8.051544,8.139027,8.069046,8.121536,8.191483,8.226437,8.278851,8.296310,8.435913,8.313774,8.366138,8.418476,8.470791,8.592743,8.610161,8.627563,8.679768,8.784096,8.523075,8.051544,7.788635,7.823730,7.771088,7.718422,7.788635,7.963982,8.383591,9.269539,10.745911,11.695396,11.964966,11.830276,11.492725,11.187904,10.848083,10.472908,10.113426,9.787056,9.511379,9.113758,8.992432,8.731949,8.731949,8.627563,8.505650,8.296310,8.174004,7.999016,7.876347,7.823730,7.841270,7.735977,7.683289,7.841270,7.630577,7.823730,7.823730,7.771088,7.753536,7.823730,7.771088,7.876347,7.841270,7.858810,8.086544,7.946465,8.016525,8.016525,8.069046,7.981499,7.999016,7.946465,7.981499,7.911411,7.963982,7.858810,7.718422,7.683289,7.665718,7.753536,7.718422,7.630577,7.841270,8.034035,8.034035,8.016525,8.191483,8.261383,
5.697014,5.625381,5.607468,5.679108,5.697014,5.697014,5.750706,5.840134,5.893753,5.858009,5.858009,5.875885,5.947346,6.054455,5.965206,6.143627,6.054455,6.321754,6.464035,6.801193,7.172585,7.454662,7.507469,7.577831,7.876347,7.665718,7.419441,7.278450,7.454662,7.542656,7.489868,7.190231,6.783474,6.641617,6.464035,6.286148,6.357342,6.339550,6.321754,6.250534,6.339550,6.410706,6.446259,6.446259,6.535103,6.499577,6.588379,6.570625,6.606125,6.499577,6.659363,6.677101,6.659363,6.659363,6.677101,6.677101,6.712570,6.730297,6.694839,6.659363,6.730297,6.677101,6.748028,6.783474,6.765751,6.677101,6.730297,6.730297,6.694839,6.818905,6.712570,6.641617,6.801193,6.748028,6.907440,6.748028,6.818905,6.889732,6.907440,6.872036,6.872036,6.942829,6.872036,6.907440,6.872036,6.872036,6.960518,6.907440,6.942829,7.031254,7.031254,7.225533,7.313717,7.437057,7.771088,8.261383,8.923035,8.818848,8.662369,8.418476,8.383591,8.348686,8.418476,8.575333,9.027115,9.044441,8.801476,8.313774,7.788635,7.348972,7.137272,6.907440,6.872036,6.978207,6.960518,6.942829,6.889732,6.942829,6.995895,7.066605,7.031254,7.084278,7.031254,7.137272,7.207882,7.137272,7.207882,7.313717,7.296085,7.348972,7.313717,7.366592,7.366592,7.419441,7.348972,7.366592,7.454662,7.384212,7.437057,7.437057,7.419441,7.525059,7.472267,7.489868,7.542656,7.577831,7.560242,7.665718,7.683289,7.718422,7.683289,7.858810,8.121536,8.313774,8.523075,9.113758,9.683773,10.558300,10.643623,10.524147,10.728870,11.357365,12.250546,12.451607,12.334373,11.847122,11.796577,11.441990,11.306557,10.882126,10.524147,10.182007,10.233398,10.387436,10.250530,9.787056,9.390537,9.234943,9.286831,9.252239,9.183022,9.148392,9.183022,9.079109,8.853588,8.888317,8.940388,8.870953,8.801476,8.801476,8.853588,9.027115,8.992432,8.957737,8.888317,9.009773,9.131081,9.165710,9.234943,9.304119,9.425079,9.563126,9.580376,9.390537,9.407806,9.442345,9.597610,9.545887,9.321407,9.355976,9.286831,9.286831,9.165710,9.148392,9.183022,9.286831,9.252239,9.234943,9.217640,9.252239,9.234943,9.269539,9.234943,9.252239,9.217640,9.217640,9.304119,9.217640,9.217640,9.545887,9.821461,9.580376,9.442345,9.321407,9.355976,9.338692,9.476868,9.494129,9.563126,9.769852,9.890244,9.855862,9.683773,9.545887,9.494129,9.442345,9.407806,9.476868,9.459610,9.442345,9.511379,9.407806,9.407806,9.321407,9.597610,9.355976,9.407806,9.580376,9.769852,9.752644,9.804260,9.890244,9.787056,9.993317,10.079128,9.924606,9.597610,9.563126,9.528633,9.425079,9.338692,9.304119,9.338692,9.286831,9.304119,9.355976,9.459610,9.459610,9.338692,9.373260,9.286831,9.217640,9.183022,9.269539,9.217640,9.269539,9.304119,9.234943,9.545887,9.425079,9.269539,9.148392,9.200333,9.183022,9.096436,9.355976,9.217640,9.165710,9.148392,9.113758,9.632080,9.958965,9.976139,9.580376,9.597610,9.442345,9.597610,9.632080,9.649315,9.752644,9.718216,9.855862,9.924606,9.993317,9.924606,9.769852,9.804260,9.683773,9.821461,9.804260,9.838661,9.855862,9.700993,9.511379,9.390537,9.407806,9.528633,9.597610,9.442345,9.442345,9.545887,9.494129,9.563126,9.390537,9.355976,9.217640,9.113758,9.390537,9.407806,9.096436,8.697163,8.418476,8.331230,8.191483,8.016525,7.946465,7.858810,7.806187,7.718422,7.630577,7.560242,7.525059,7.401833,7.472267,7.331345,7.260815,7.172585,7.172585,7.066605,7.048931,6.978207,6.694839,6.339550,6.143627,6.054455,5.911625,5.786484,5.643291,5.822250,5.697014,5.679108,5.714912,5.768597,5.697014,5.768597,5.625381,5.679108,5.768597,5.786484,5.768597,5.768597,5.732807,5.679108,5.732807,5.714912,5.750706,5.786484,5.732807,5.732807,5.768597,5.804367,5.858009,5.840134,5.840134,5.858009,5.947346,5.929482,5.965206,5.875885,5.965206,5.965206,5.965206,5.947346,6.018761,6.072296,5.911625,6.000916,5.965206,6.000916,6.000916,5.965206,6.000916,5.875885,5.911625,6.000916,5.911625,5.929482,5.875885,5.965206,6.000916,6.000916,5.965206,5.965206,6.072296,5.983063,5.983063,5.965206,5.983063,5.983063,6.054455,6.036610,6.018761,6.036610,5.965206,6.018761,5.929482,5.947346,5.893753,5.965206,5.983063,6.000916,5.858009,5.965206,5.822250,5.786484,5.786484,5.804367,5.786484,5.750706,5.786484,5.732807,5.768597,5.714912,5.840134,5.750706,5.768597,5.750706,5.679108,5.750706,5.768597,5.732807,5.750706,5.732807,5.768597,5.768597,5.732807,5.822250,5.804367,5.858009,5.875885,5.786484,5.822250,5.840134,5.840134,5.804367,5.858009,5.911625,5.947346,5.875885,5.929482,5.840134,5.911625,6.000916,6.000916,6.036610,6.018761,5.983063,6.036610,6.000916,5.947346,6.000916,6.000916,6.018761,6.072296,6.107971,6.143627,6.197094,6.232731,6.286148,6.250534,6.286148,6.286148,6.286148,6.375134,6.339550,6.375134,6.410706,6.268349,6.143627,6.125797,6.125797,6.143627,6.125797,6.090134,6.214916,6.268349,6.179276,6.090134,6.214916,6.197094,6.250534,6.286148,6.303955,6.250534,6.250534,6.321754,6.375134,6.303955,6.375134,6.357342,6.464035,6.481804,6.677101,6.641617,6.588379,6.748028,6.783474,6.889732,6.978207,6.960518,7.048931,7.137272,7.207882,7.190231,7.313717,7.278450,7.313717,7.278450,7.348972,7.472267,7.454662,7.472267,7.542656,7.560242,7.683289,7.700855,7.841270,7.753536,7.823730,7.806187,7.928940,7.858810,7.928940,8.016525,8.051544,8.016525,8.139027,8.261383,8.226437,8.261383,8.086544,7.823730,7.771088,7.753536,7.683289,7.771088,7.858810,7.911411,8.540497,10.044807,11.187904,11.998611,12.133057,11.678528,11.221825,10.745911,10.541225,10.233398,10.079128,9.614849,9.407806,9.148392,9.009773,8.766716,8.679768,8.453358,8.348686,8.226437,8.051544,8.016525,7.806187,7.841270,7.753536,7.665718,7.595413,7.577831,7.612995,7.718422,7.700855,7.700855,7.630577,7.595413,7.542656,7.489868,7.560242,7.630577,7.665718,7.718422,7.700855,7.771088,7.858810,7.735977,7.771088,7.841270,7.665718,7.683289,7.806187,7.630577,7.577831,7.630577,7.612995,7.700855,7.648148,7.806187,7.771088,7.700855,7.735977,7.963982,8.156513,8.104042,
5.571625,5.643291,5.571625,5.553699,5.607468,5.661201,5.732807,5.679108,5.804367,5.786484,5.840134,5.804367,5.858009,5.929482,5.965206,5.929482,6.000916,6.143627,6.321754,6.588379,6.854328,7.101940,7.384212,7.560242,7.612995,7.489868,7.472267,7.348972,7.366592,7.577831,7.612995,7.384212,6.995895,6.641617,6.446259,6.321754,6.286148,6.286148,6.161457,6.197094,6.197094,6.286148,6.375134,6.375134,6.464035,6.375134,6.446259,6.464035,6.375134,6.535103,6.606125,6.499577,6.552864,6.588379,6.641617,6.623875,6.677101,6.659363,6.570625,6.641617,6.623875,6.641617,6.588379,6.588379,6.677101,6.712570,6.641617,6.694839,6.712570,6.712570,6.659363,6.730297,6.677101,6.659363,6.748028,6.712570,6.730297,6.783474,6.836617,6.836617,6.801193,6.801193,6.765751,6.765751,6.836617,6.872036,6.801193,6.995895,6.925133,6.872036,7.013577,7.013577,7.190231,7.207882,7.577831,7.946465,8.453358,8.801476,8.679768,8.435913,8.401035,8.366138,8.453358,8.401035,8.679768,9.009773,8.905678,8.523075,7.946465,7.595413,7.313717,7.084278,6.907440,6.836617,6.872036,6.854328,6.925133,6.889732,6.942829,6.907440,6.978207,7.031254,7.048931,7.119606,7.119606,7.119606,7.137272,7.172585,7.260815,7.260815,7.296085,7.260815,7.225533,7.313717,7.348972,7.366592,7.366592,7.401833,7.348972,7.507469,7.348972,7.384212,7.419441,7.489868,7.507469,7.542656,7.542656,7.630577,7.683289,7.525059,7.630577,7.753536,7.928940,8.121536,8.435913,8.766716,9.407806,10.233398,10.745911,10.660679,10.660679,11.001148,11.813431,12.434868,12.384636,12.099461,11.813431,11.779716,11.914482,11.644768,11.018150,10.711826,10.592438,10.677727,10.421631,9.924606,9.476868,9.321407,9.286831,9.200333,9.165710,9.061775,8.940388,8.940388,8.784096,8.731949,8.940388,8.801476,8.697163,8.610161,8.627563,8.818848,8.731949,8.697163,8.731949,8.888317,9.009773,9.113758,9.061775,9.200333,9.252239,9.183022,9.200333,9.096436,9.131081,9.252239,9.269539,9.269539,9.269539,9.269539,9.407806,9.407806,9.442345,9.252239,9.459610,9.580376,9.494129,9.252239,9.321407,9.286831,9.217640,9.165710,9.234943,9.148392,9.200333,9.286831,9.286831,9.304119,9.269539,9.459610,9.580376,9.390537,9.355976,9.286831,9.321407,9.338692,9.321407,9.338692,9.597610,9.700993,9.632080,9.563126,9.494129,9.407806,9.407806,9.373260,9.425079,9.442345,9.494129,9.494129,9.390537,9.286831,9.200333,9.545887,9.666546,9.442345,9.286831,9.425079,9.735428,9.769852,9.941792,9.958965,9.993317,10.130581,10.147728,9.958965,9.907425,9.855862,9.718216,9.700993,9.597610,9.787056,9.855862,9.683773,9.442345,9.355976,9.459610,9.459610,9.476868,9.597610,9.563126,9.563126,9.528633,9.528633,9.597610,9.407806,9.338692,9.649315,9.941792,9.700993,9.390537,9.061775,9.061775,9.113758,9.113758,9.148392,9.355976,9.286831,9.234943,9.338692,9.614849,9.804260,9.787056,9.459610,9.355976,9.459610,9.494129,9.528633,9.459610,9.494129,9.476868,9.597610,9.821461,9.735428,9.804260,9.855862,9.769852,9.804260,9.907425,9.855862,9.907425,9.941792,9.787056,9.597610,9.494129,9.855862,10.113426,10.027649,9.890244,9.804260,9.907425,9.787056,9.976139,9.873051,9.718216,9.666546,9.528633,9.614849,9.545887,9.304119,9.113758,8.853588,8.697163,8.488220,8.296310,8.261383,8.051544,7.981499,7.771088,7.648148,7.525059,7.577831,7.577831,7.718422,7.665718,7.595413,7.507469,7.366592,7.172585,7.048931,6.960518,6.765751,6.392914,6.428486,6.268349,6.232731,6.161457,6.161457,6.143627,6.143627,6.107971,6.107971,6.054455,6.054455,6.107971,6.036610,6.072296,6.143627,6.125797,6.232731,6.214916,6.090134,6.054455,6.036610,6.072296,6.125797,6.268349,6.286148,6.214916,6.179276,6.232731,6.268349,6.179276,6.250534,6.303955,6.321754,6.321754,6.303955,6.339550,6.357342,6.339550,6.250534,6.250534,6.392914,6.357342,6.339550,6.410706,6.339550,6.375134,6.357342,6.339550,6.303955,6.286148,6.321754,6.303955,6.339550,6.214916,6.232731,6.339550,6.321754,6.357342,6.339550,6.410706,6.357342,6.339550,6.250534,6.339550,6.339550,6.339550,6.286148,6.321754,6.410706,6.375134,6.375134,6.339550,6.392914,6.214916,6.357342,6.250534,6.321754,6.321754,6.303955,6.303955,6.286148,6.339550,6.286148,6.250534,6.214916,6.197094,6.197094,6.090134,6.161457,6.125797,6.232731,6.232731,6.161457,6.054455,6.107971,6.090134,6.107971,6.072296,6.018761,5.983063,6.090134,6.054455,6.054455,6.054455,6.072296,6.072296,6.072296,6.054455,5.983063,5.911625,5.875885,5.822250,5.911625,5.983063,6.054455,6.054455,6.090134,6.036610,6.018761,6.000916,5.983063,5.983063,6.054455,6.054455,6.107971,6.054455,6.125797,6.125797,6.072296,6.161457,6.143627,6.232731,6.197094,6.197094,6.232731,6.197094,6.268349,6.392914,6.303955,6.339550,6.303955,6.321754,6.339550,6.446259,6.392914,6.392914,6.410706,6.357342,6.410706,6.428486,6.392914,6.375134,6.339550,6.286148,6.410706,6.392914,6.375134,6.375134,6.286148,6.321754,6.357342,6.375134,6.321754,6.339550,6.357342,6.410706,6.321754,6.339550,6.321754,6.303955,6.303955,6.286148,6.303955,6.357342,6.286148,6.339550,6.303955,6.464035,6.392914,6.481804,6.517342,6.641617,6.517342,6.730297,6.694839,6.730297,6.942829,6.889732,6.872036,6.995895,7.031254,7.154926,7.172585,7.154926,7.313717,7.489868,7.507469,7.419441,7.525059,7.560242,7.718422,7.665718,7.665718,7.718422,7.735977,7.876347,7.876347,7.700855,7.612995,7.630577,7.648148,7.735977,7.876347,7.841270,8.261383,9.165710,10.643623,11.458900,12.049046,12.216988,11.678528,11.153976,10.728870,10.438725,10.027649,9.718216,9.545887,9.321407,9.044441,8.836220,8.575333,8.627563,8.348686,8.331230,8.174004,8.051544,7.893879,7.999016,7.841270,7.841270,7.718422,7.718422,7.683289,7.841270,7.788635,7.823730,7.577831,7.577831,7.384212,7.454662,7.525059,7.525059,7.384212,7.507469,7.507469,7.595413,7.648148,7.612995,7.612995,7.560242,7.630577,7.648148,7.612995,7.612995,7.577831,7.595413,7.630577,7.665718,7.806187,7.806187,7.771088,7.788635,7.683289,7.771088,7.841270,7.876347,7.946465,
5.535770,5.535770,5.535770,5.517838,5.535770,5.571625,5.571625,5.661201,5.714912,5.786484,5.768597,5.714912,5.858009,5.858009,5.893753,5.893753,6.018761,6.054455,6.161457,6.214916,6.517342,6.872036,7.190231,7.472267,7.419441,7.595413,7.525059,7.401833,7.260815,7.278450,7.577831,7.401833,7.119606,6.712570,6.535103,6.303955,6.214916,6.143627,6.143627,6.090134,6.090134,6.197094,6.250534,6.375134,6.232731,6.232731,6.464035,6.392914,6.464035,6.464035,6.517342,6.517342,6.499577,6.499577,6.446259,6.517342,6.570625,6.517342,6.517342,6.570625,6.535103,6.659363,6.588379,6.606125,6.606125,6.677101,6.606125,6.606125,6.606125,6.623875,6.623875,6.694839,6.712570,6.659363,6.659363,6.677101,6.748028,6.765751,6.694839,6.801193,6.765751,6.783474,6.783474,6.836617,6.818905,6.765751,6.854328,6.836617,6.836617,6.854328,6.907440,6.960518,7.154926,7.225533,7.296085,7.700855,8.191483,8.801476,8.749332,8.470791,8.401035,8.296310,8.366138,8.383591,8.505650,9.044441,8.975086,8.592743,8.139027,7.577831,7.296085,7.066605,6.978207,6.854328,6.818905,6.889732,6.836617,6.960518,6.889732,6.942829,6.925133,6.960518,6.995895,7.101940,7.013577,7.172585,7.154926,7.172585,7.119606,7.101940,7.190231,7.225533,7.243172,7.296085,7.278450,7.331345,7.296085,7.296085,7.296085,7.366592,7.401833,7.348972,7.419441,7.419441,7.401833,7.525059,7.507469,7.525059,7.577831,7.525059,7.472267,7.665718,7.788635,7.946465,8.121536,8.644970,9.079109,9.787056,10.541225,10.524147,10.745911,10.762939,11.475815,12.451607,12.719025,12.535263,12.434868,12.719025,12.518532,11.964966,11.391228,11.035133,10.711826,10.455822,10.096279,9.735428,9.407806,9.304119,9.234943,9.217640,9.165710,9.044441,8.905678,8.784096,8.610161,8.627563,8.731949,8.644970,8.470791,8.575333,8.679768,8.697163,8.575333,8.644970,8.662369,8.749332,8.853588,8.888317,8.818848,8.905678,8.905678,8.957737,9.027115,8.957737,8.923035,9.079109,9.079109,9.009773,8.870953,9.165710,9.407806,9.390537,9.286831,9.373260,9.425079,9.632080,9.511379,9.373260,9.338692,9.200333,9.200333,9.217640,9.286831,9.234943,9.217640,9.252239,9.321407,9.269539,9.390537,9.407806,9.407806,9.355976,9.373260,9.338692,9.338692,9.338692,9.252239,9.269539,9.666546,9.735428,9.494129,9.407806,9.304119,9.304119,9.373260,9.459610,9.459610,9.476868,9.528633,9.614849,9.338692,9.304119,9.217640,9.528633,9.563126,9.269539,9.165710,9.355976,9.286831,9.390537,9.511379,9.614849,9.718216,9.787056,9.683773,9.683773,9.649315,9.683773,9.787056,9.649315,9.700993,9.769852,9.735428,9.563126,9.459610,9.373260,9.494129,9.614849,9.718216,9.787056,9.855862,9.890244,9.838661,9.958965,9.993317,9.752644,9.838661,10.061974,10.130581,10.010487,9.614849,9.459610,9.494129,9.528633,9.442345,9.459610,9.649315,9.718216,9.545887,9.563126,9.563126,9.494129,9.494129,9.511379,9.459610,9.459610,9.494129,9.425079,9.321407,9.304119,9.425079,9.511379,9.821461,9.924606,9.787056,9.735428,9.821461,9.873051,9.993317,10.044807,10.113426,10.079128,9.666546,9.632080,9.700993,10.182007,10.147728,9.907425,9.735428,9.683773,9.787056,9.838661,9.683773,9.666546,9.683773,9.614849,9.597610,9.442345,9.355976,9.200333,9.131081,8.975086,8.801476,8.679768,8.470791,8.453358,8.383591,8.278851,8.016525,7.858810,7.928940,7.928940,8.069046,8.435913,8.592743,8.418476,8.278851,8.086544,7.893879,7.665718,7.331345,7.137272,6.783474,6.677101,6.641617,6.588379,6.641617,6.570625,6.570625,6.606125,6.481804,6.552864,6.570625,6.623875,6.623875,6.677101,6.606125,6.659363,6.730297,6.694839,6.783474,6.623875,6.606125,6.677101,6.730297,6.694839,6.712570,6.730297,6.748028,6.677101,6.677101,6.748028,6.801193,6.712570,6.712570,6.748028,6.677101,6.712570,6.694839,6.748028,6.818905,6.730297,6.818905,6.818905,6.783474,6.765751,6.694839,6.801193,6.712570,6.801193,6.748028,6.730297,6.783474,6.818905,6.748028,6.677101,6.730297,6.730297,6.694839,6.765751,6.641617,6.765751,6.641617,6.677101,6.677101,6.677101,6.712570,6.712570,6.712570,6.730297,6.694839,6.712570,6.659363,6.677101,6.677101,6.588379,6.552864,6.641617,6.748028,6.765751,6.641617,6.641617,6.570625,6.641617,6.677101,6.499577,6.446259,6.570625,6.499577,6.570625,6.517342,6.588379,6.535103,6.410706,6.392914,6.375134,6.464035,6.428486,6.535103,6.517342,6.606125,6.517342,6.499577,6.375134,6.464035,6.535103,6.446259,6.446259,6.517342,6.499577,6.446259,6.428486,6.286148,6.214916,6.179276,6.179276,6.286148,6.392914,6.428486,6.375134,6.286148,6.303955,6.339550,6.303955,6.321754,6.286148,6.303955,6.321754,6.286148,6.250534,6.286148,6.321754,6.303955,6.357342,6.357342,6.303955,6.197094,6.321754,6.375134,6.339550,6.410706,6.339550,6.392914,6.392914,6.446259,6.392914,6.392914,6.464035,6.517342,6.464035,6.481804,6.606125,6.535103,6.499577,6.517342,6.570625,6.499577,6.428486,6.517342,6.481804,6.464035,6.481804,6.464035,6.481804,6.588379,6.499577,6.481804,6.517342,6.499577,6.446259,6.446259,6.428486,6.446259,6.410706,6.446259,6.428486,6.339550,6.303955,6.321754,6.357342,6.375134,6.339550,6.339550,6.410706,6.339550,6.339550,6.375134,6.339550,6.375134,6.410706,6.464035,6.446259,6.481804,6.588379,6.606125,6.552864,6.588379,6.712570,6.818905,6.818905,6.907440,6.942829,6.978207,7.084278,7.207882,7.172585,7.225533,7.260815,7.348972,7.507469,7.384212,7.472267,7.525059,7.683289,7.683289,7.718422,7.893879,8.575333,10.027649,11.204865,12.015423,12.032238,11.880806,11.408150,11.052120,10.558300,10.336117,9.941792,9.580376,9.425079,9.183022,8.766716,8.679768,8.662369,8.697163,8.401035,8.191483,8.104042,8.208961,8.104042,7.981499,7.963982,7.981499,7.823730,7.858810,7.999016,7.981499,7.963982,7.911411,7.700855,7.630577,7.525059,7.542656,7.560242,7.612995,7.542656,7.577831,7.542656,7.542656,7.630577,7.648148,7.595413,7.577831,7.630577,7.665718,7.630577,7.665718,7.630577,7.665718,7.683289,7.771088,8.016525,7.911411,7.788635,7.771088,7.700855,7.841270,7.806187,7.771088,7.893879,
5.571625,5.553699,5.589546,5.535770,5.607468,5.643291,5.625381,5.625381,5.607468,5.643291,5.697014,5.804367,5.750706,5.804367,5.840134,5.929482,5.858009,5.893753,6.018761,6.036610,6.161457,6.481804,6.783474,7.137272,7.384212,7.348972,7.454662,7.331345,7.172585,7.119606,7.366592,7.401833,7.207882,6.854328,6.428486,6.214916,6.143627,6.107971,6.072296,5.875885,6.054455,6.090134,6.179276,6.250534,6.214916,6.161457,6.232731,6.303955,6.339550,6.410706,6.464035,6.481804,6.410706,6.428486,6.446259,6.464035,6.464035,6.517342,6.499577,6.552864,6.552864,6.464035,6.517342,6.517342,6.570625,6.517342,6.481804,6.606125,6.499577,6.641617,6.588379,6.588379,6.694839,6.552864,6.641617,6.659363,6.677101,6.570625,6.659363,6.712570,6.694839,6.694839,6.712570,6.730297,6.712570,6.783474,6.765751,6.783474,6.748028,6.801193,6.854328,6.907440,6.889732,6.960518,7.260815,7.366592,7.876347,8.296310,8.714558,8.488220,8.348686,8.383591,8.366138,8.418476,8.313774,8.610161,8.905678,8.731949,8.278851,7.771088,7.348972,7.101940,6.960518,6.783474,6.872036,6.765751,6.818905,6.818905,6.854328,6.907440,6.872036,6.925133,6.942829,6.942829,7.066605,6.995895,6.995895,7.101940,7.190231,7.172585,7.154926,7.154926,7.225533,7.190231,7.225533,7.348972,7.278450,7.313717,7.278450,7.260815,7.260815,7.348972,7.278450,7.331345,7.366592,7.419441,7.454662,7.401833,7.472267,7.472267,7.384212,7.560242,7.683289,7.841270,8.051544,8.418476,8.870953,9.459610,10.284771,10.626560,10.677727,10.745911,11.425068,12.668941,13.317928,13.450489,13.234974,12.935738,12.602119,12.149849,11.762863,11.391228,10.950157,10.541225,10.130581,9.924606,9.632080,9.511379,9.614849,9.563126,9.442345,9.234943,9.061775,8.853588,8.575333,8.540497,8.540497,8.488220,8.505650,8.784096,8.731949,8.888317,8.627563,8.557915,8.592743,8.644970,8.749332,8.697163,8.784096,8.731949,8.697163,8.853588,8.923035,8.853588,8.836220,8.853588,8.975086,8.888317,8.679768,8.992432,9.390537,9.165710,9.113758,9.027115,9.200333,9.511379,9.442345,9.425079,9.390537,9.321407,9.269539,9.425079,9.632080,9.494129,9.425079,9.476868,9.442345,9.528633,9.459610,9.528633,9.476868,9.494129,9.407806,9.373260,9.321407,9.304119,9.373260,9.234943,9.855862,9.855862,9.632080,9.355976,9.355976,9.373260,9.459610,9.459610,9.425079,9.425079,9.580376,9.459610,9.407806,9.304119,9.407806,9.511379,9.511379,9.338692,9.321407,9.407806,9.442345,9.511379,9.511379,9.580376,9.752644,9.769852,9.735428,9.563126,9.580376,9.545887,9.476868,9.442345,9.476868,9.425079,9.355976,9.321407,9.304119,9.148392,9.234943,9.442345,9.769852,9.752644,9.804260,9.666546,9.718216,9.821461,9.890244,9.735428,9.752644,9.993317,9.958965,9.838661,9.787056,9.787056,9.941792,10.061974,9.924606,9.958965,9.993317,9.993317,9.993317,9.821461,9.769852,9.787056,9.821461,9.838661,9.700993,9.718216,9.700993,9.545887,9.511379,9.459610,9.407806,9.425079,10.113426,10.182007,10.010487,9.614849,9.632080,9.580376,9.787056,9.855862,9.958965,9.804260,9.666546,9.700993,9.718216,9.873051,9.924606,9.735428,9.683773,9.614849,9.666546,9.666546,9.614849,9.425079,9.407806,9.286831,9.269539,9.009773,9.027115,8.818848,8.784096,8.697163,8.592743,8.505650,8.488220,8.366138,8.348686,8.191483,8.139027,8.069046,8.243912,8.488220,8.853588,9.407806,9.511379,9.217640,8.853588,8.644970,8.435913,8.156513,7.823730,7.595413,7.260815,6.978207,6.907440,7.154926,7.137272,7.137272,7.066605,7.048931,7.084278,7.101940,7.101940,7.190231,7.084278,7.278450,7.331345,7.296085,7.313717,7.260815,7.313717,7.172585,7.172585,7.154926,7.190231,7.260815,7.260815,7.260815,7.190231,7.137272,7.296085,7.154926,7.243172,7.154926,7.260815,7.348972,7.260815,7.225533,7.260815,7.313717,7.296085,7.331345,7.278450,7.243172,7.296085,7.296085,7.278450,7.278450,7.260815,7.278450,7.243172,7.260815,7.225533,7.154926,7.137272,7.137272,7.119606,7.172585,7.207882,7.119606,7.137272,7.190231,7.190231,7.225533,7.137272,7.137272,7.048931,7.101940,7.119606,7.172585,7.172585,7.154926,7.031254,7.066605,6.978207,7.048931,7.048931,7.101940,7.084278,7.031254,7.066605,6.978207,6.942829,6.836617,6.836617,6.872036,6.907440,6.836617,6.854328,6.783474,6.818905,6.801193,6.730297,6.730297,6.765751,6.730297,6.836617,6.872036,6.836617,6.748028,6.889732,6.783474,6.783474,6.889732,6.730297,6.712570,6.677101,6.748028,6.765751,6.765751,6.730297,6.748028,6.606125,6.606125,6.410706,6.606125,6.641617,6.694839,6.712570,6.783474,6.783474,6.677101,6.712570,6.748028,6.765751,6.730297,6.623875,6.606125,6.659363,6.623875,6.712570,6.730297,6.801193,6.712570,6.712570,6.801193,6.801193,6.872036,6.818905,6.889732,6.854328,6.854328,6.765751,6.818905,6.872036,6.659363,6.783474,6.801193,6.801193,6.730297,6.712570,6.641617,6.730297,6.730297,6.712570,6.748028,6.641617,6.712570,6.552864,6.623875,6.570625,6.623875,6.641617,6.446259,6.588379,6.552864,6.588379,6.535103,6.499577,6.446259,6.481804,6.552864,6.570625,6.517342,6.464035,6.517342,6.481804,6.410706,6.410706,6.446259,6.446259,6.428486,6.499577,6.481804,6.464035,6.446259,6.499577,6.517342,6.464035,6.535103,6.499577,6.464035,6.499577,6.535103,6.517342,6.570625,6.623875,6.694839,6.659363,6.694839,6.730297,6.854328,6.889732,6.942829,6.978207,6.978207,7.084278,7.154926,7.154926,7.190231,7.225533,7.384212,7.507469,7.489868,7.700855,7.788635,8.156513,9.200333,10.592438,11.391228,12.049046,12.065849,11.611008,11.153976,10.745911,10.387436,10.182007,9.890244,9.459610,9.148392,8.888317,8.557915,8.662369,8.627563,8.557915,8.366138,8.191483,8.069046,7.999016,7.999016,7.999016,8.034035,7.946465,8.034035,7.946465,7.858810,7.928940,7.928940,7.788635,7.806187,7.648148,7.700855,7.595413,7.595413,7.560242,7.665718,7.560242,7.718422,7.841270,7.700855,7.753536,7.612995,7.665718,7.665718,7.788635,7.841270,7.788635,7.771088,7.700855,7.858810,8.086544,8.016525,8.034035,8.034035,7.999016,7.928940,7.911411,8.016525,7.893879,7.963982,
6.018761,6.090134,5.929482,5.983063,5.965206,5.983063,6.000916,5.947346,5.947346,5.911625,6.000916,5.875885,5.750706,5.983063,5.947346,5.929482,5.965206,6.000916,6.072296,6.018761,6.143627,6.339550,6.535103,6.836617,7.190231,7.243172,7.313717,7.331345,7.172585,7.066605,7.172585,7.313717,7.243172,6.836617,6.410706,6.179276,6.072296,5.983063,6.000916,5.947346,6.000916,6.072296,6.054455,6.161457,6.197094,6.250534,6.214916,6.197094,6.197094,6.375134,6.286148,6.250534,6.410706,6.339550,6.410706,6.481804,6.464035,6.428486,6.446259,6.446259,6.339550,6.464035,6.464035,6.499577,6.481804,6.570625,6.517342,6.535103,6.464035,6.641617,6.535103,6.606125,6.588379,6.606125,6.570625,6.623875,6.677101,6.677101,6.730297,6.694839,6.801193,6.694839,6.694839,6.730297,6.730297,6.730297,6.730297,6.765751,6.783474,6.748028,6.818905,6.872036,6.889732,6.960518,7.190231,7.207882,7.577831,8.069046,8.592743,8.575333,8.418476,8.348686,8.348686,8.278851,8.296310,8.313774,8.749332,8.784096,8.418476,7.893879,7.472267,7.225533,6.978207,6.889732,6.801193,6.783474,6.872036,6.801193,6.730297,6.836617,6.854328,6.872036,6.889732,6.978207,7.031254,6.960518,7.066605,7.084278,7.137272,7.154926,7.190231,7.101940,7.154926,7.207882,7.243172,7.278450,7.243172,7.207882,7.278450,7.225533,7.278450,7.296085,7.190231,7.260815,7.331345,7.313717,7.348972,7.348972,7.366592,7.348972,7.366592,7.419441,7.595413,7.806187,7.911411,8.208961,8.523075,9.009773,9.787056,10.472908,10.711826,10.643623,11.052120,12.434868,13.566330,13.797565,13.632454,13.284760,12.702332,12.183426,11.762863,11.475815,11.272675,10.762939,10.438725,10.096279,9.873051,9.718216,9.873051,9.976139,9.683773,9.390537,9.165710,8.992432,8.818848,8.610161,8.575333,8.540497,8.488220,8.662369,8.801476,8.714558,8.557915,8.488220,8.523075,8.592743,8.627563,8.610161,8.766716,8.731949,8.644970,8.784096,8.836220,8.836220,8.801476,8.870953,8.870953,8.766716,8.749332,8.923035,8.940388,8.801476,8.801476,9.027115,9.234943,9.390537,9.338692,9.373260,9.355976,9.321407,9.407806,9.632080,9.649315,9.407806,9.321407,9.425079,9.373260,9.494129,9.563126,9.545887,9.718216,9.614849,9.528633,9.459610,9.373260,9.338692,9.321407,9.442345,9.752644,9.735428,9.649315,9.425079,9.459610,9.597610,9.649315,9.632080,9.459610,9.476868,9.425079,9.459610,9.407806,9.425079,9.442345,9.459610,9.425079,9.321407,9.338692,9.425079,9.373260,9.390537,9.321407,9.476868,9.838661,9.735428,9.632080,9.476868,9.407806,9.355976,9.425079,9.459610,9.355976,9.304119,9.355976,9.373260,9.286831,9.390537,9.321407,9.476868,9.563126,9.563126,9.632080,9.632080,9.649315,9.718216,9.614849,9.528633,9.666546,9.666546,9.804260,9.838661,9.855862,9.958965,9.958965,10.010487,10.044807,10.027649,10.027649,9.993317,9.993317,10.044807,9.958965,10.096279,10.387436,10.216270,9.804260,9.735428,9.752644,9.649315,9.476868,9.476868,9.442345,9.563126,9.700993,9.993317,9.752644,9.545887,9.511379,9.459610,9.407806,9.269539,9.407806,9.321407,9.442345,9.321407,9.425079,9.666546,9.700993,9.735428,9.649315,9.787056,9.700993,9.700993,9.614849,9.614849,9.511379,9.304119,9.131081,9.165710,9.044441,8.801476,8.679768,8.470791,8.540497,8.453358,8.348686,8.348686,8.348686,8.278851,8.156513,8.174004,8.366138,8.731949,9.666546,10.216270,10.027649,9.683773,9.494129,9.148392,8.818848,8.592743,8.243912,7.981499,7.507469,7.348972,7.384212,7.542656,7.612995,7.595413,7.665718,7.612995,7.735977,7.700855,7.806187,7.823730,7.788635,7.806187,7.981499,7.963982,7.911411,7.893879,7.876347,7.876347,7.981499,7.858810,7.823730,7.823730,7.893879,7.858810,7.928940,7.911411,7.928940,7.911411,7.771088,7.788635,7.858810,7.911411,7.841270,7.928940,7.841270,7.823730,7.876347,7.823730,7.893879,7.911411,7.788635,7.823730,7.841270,7.893879,7.911411,7.788635,7.876347,7.858810,7.700855,7.683289,7.525059,7.507469,7.507469,7.665718,7.718422,7.700855,7.735977,7.665718,7.665718,7.648148,7.630577,7.683289,7.612995,7.507469,7.454662,7.577831,7.525059,7.560242,7.507469,7.437057,7.472267,7.489868,7.577831,7.525059,7.525059,7.454662,7.472267,7.454662,7.419441,7.331345,7.401833,7.243172,7.278450,7.313717,7.296085,7.278450,7.313717,7.331345,7.225533,7.225533,7.154926,7.172585,7.225533,7.119606,7.084278,7.154926,7.190231,7.243172,7.101940,7.154926,7.066605,7.084278,7.101940,7.137272,7.101940,7.048931,6.978207,6.942829,6.978207,6.748028,6.765751,6.783474,6.836617,6.925133,6.960518,6.960518,7.013577,6.995895,6.960518,6.960518,6.942829,7.013577,6.889732,6.872036,6.960518,6.942829,6.942829,7.225533,7.137272,7.119606,7.154926,7.137272,7.225533,7.313717,7.296085,7.366592,7.401833,7.331345,7.331345,7.278450,7.313717,7.225533,7.296085,7.260815,7.313717,7.260815,7.331345,7.243172,7.225533,7.243172,7.243172,7.190231,7.172585,7.154926,7.066605,7.101940,7.154926,7.119606,7.066605,7.048931,7.031254,6.889732,6.907440,6.925133,6.872036,6.783474,6.801193,6.783474,6.748028,6.694839,6.748028,6.942829,6.694839,6.748028,6.623875,6.783474,6.641617,6.570625,6.694839,6.535103,6.606125,6.552864,6.606125,6.499577,6.517342,6.570625,6.588379,6.623875,6.623875,6.748028,6.641617,6.712570,6.694839,6.659363,6.765751,6.818905,6.854328,6.907440,6.960518,6.942829,7.066605,6.995895,7.031254,7.013577,7.137272,7.172585,7.190231,7.154926,7.207882,7.437057,7.419441,7.648148,8.278851,9.511379,10.916145,11.577221,11.847122,11.813431,11.391228,10.967159,10.694775,10.370338,10.096279,9.787056,9.476868,9.061775,8.870953,8.575333,8.540497,8.401035,8.331230,8.226437,7.963982,7.963982,7.911411,7.876347,7.841270,7.841270,7.893879,7.858810,7.858810,7.858810,7.841270,7.612995,7.612995,7.560242,7.595413,7.648148,7.630577,7.648148,7.648148,7.595413,7.577831,7.753536,7.876347,7.735977,7.700855,7.665718,7.735977,7.753536,7.858810,7.858810,7.928940,7.876347,7.928940,7.893879,8.051544,8.069046,7.981499,8.016525,8.069046,8.051544,7.999016,8.086544,8.051544,7.963982,
6.517342,6.428486,6.606125,6.446259,6.499577,6.517342,6.623875,6.499577,6.499577,6.303955,6.464035,6.410706,6.481804,6.446259,6.446259,6.481804,6.428486,6.339550,6.410706,6.446259,6.375134,6.481804,6.659363,6.907440,7.119606,7.243172,7.296085,7.207882,7.154926,7.031254,7.119606,7.260815,7.207882,6.942829,6.694839,6.357342,6.143627,6.072296,6.054455,6.072296,5.983063,6.054455,6.125797,6.125797,6.179276,6.161457,6.250534,6.250534,6.197094,6.286148,6.286148,6.286148,6.339550,6.392914,6.303955,6.410706,6.410706,6.428486,6.375134,6.464035,6.410706,6.410706,6.517342,6.481804,6.570625,6.552864,6.481804,6.535103,6.464035,6.499577,6.552864,6.588379,6.570625,6.606125,6.623875,6.588379,6.694839,6.552864,6.623875,6.694839,6.712570,6.677101,6.641617,6.694839,6.712570,6.712570,6.712570,6.677101,6.694839,6.801193,6.836617,6.783474,6.872036,6.801193,7.066605,7.031254,7.348972,7.630577,8.174004,8.540497,8.401035,8.313774,8.313774,8.313774,8.261383,8.243912,8.557915,8.749332,8.610161,8.069046,7.630577,7.278450,6.995895,6.872036,6.818905,6.694839,6.836617,6.783474,6.801193,6.836617,6.801193,6.854328,6.872036,6.942829,6.960518,6.960518,7.048931,7.013577,7.031254,7.119606,6.960518,7.084278,7.154926,7.172585,7.172585,7.190231,7.137272,7.225533,7.154926,7.243172,7.296085,7.278450,7.207882,7.243172,7.278450,7.260815,7.348972,7.260815,7.296085,7.172585,7.190231,7.384212,7.419441,7.542656,7.753536,7.981499,8.278851,8.627563,9.425079,10.301891,10.592438,10.626560,10.882126,11.897648,13.284760,13.830551,13.682022,13.334507,12.935738,12.351128,11.948143,11.729134,11.712273,11.306557,10.592438,10.164867,9.890244,9.890244,9.958965,9.907425,9.769852,9.442345,9.200333,9.027115,8.870953,8.975086,8.818848,8.766716,8.662369,8.679768,8.784096,8.644970,8.592743,8.523075,8.470791,8.505650,8.592743,8.592743,8.627563,8.592743,8.627563,8.731949,8.836220,9.183022,9.079109,8.870953,8.784096,8.749332,8.784096,8.818848,8.801476,8.679768,8.697163,8.975086,9.304119,9.269539,9.234943,9.183022,9.304119,9.321407,9.338692,9.425079,9.390537,9.217640,9.286831,9.355976,9.355976,9.494129,9.580376,9.545887,9.511379,9.580376,9.425079,9.390537,9.390537,9.338692,9.355976,9.528633,9.563126,9.683773,9.649315,9.614849,9.614849,9.563126,9.563126,9.632080,9.563126,9.407806,9.373260,9.390537,9.407806,9.338692,9.321407,9.407806,9.425079,9.234943,9.286831,9.442345,9.425079,9.355976,9.321407,9.407806,9.494129,9.563126,9.355976,9.252239,9.061775,9.009773,9.096436,9.096436,9.044441,9.131081,9.217640,9.338692,9.269539,9.286831,9.355976,9.407806,9.476868,9.545887,9.528633,9.649315,9.735428,9.752644,9.614849,9.511379,9.838661,9.873051,9.873051,9.804260,9.838661,9.941792,10.010487,10.113426,9.907425,10.199139,10.233398,10.113426,10.233398,10.182007,10.267654,10.524147,10.609497,10.387436,9.855862,9.700993,9.632080,9.563126,9.355976,9.373260,9.286831,9.338692,9.632080,9.700993,9.545887,9.563126,9.425079,9.269539,9.269539,9.217640,9.131081,9.304119,9.200333,9.200333,9.131081,9.407806,9.855862,9.976139,9.873051,9.752644,9.683773,9.528633,9.632080,9.425079,9.269539,9.200333,9.148392,9.165710,8.905678,8.610161,8.401035,8.366138,8.331230,8.313774,8.243912,8.243912,8.348686,8.243912,8.208961,8.174004,8.296310,8.818848,10.044807,10.609497,10.558300,10.336117,9.924606,9.666546,9.390537,9.044441,8.662369,8.383591,7.876347,7.612995,7.735977,7.981499,8.086544,8.051544,8.121536,8.016525,8.069046,8.139027,8.261383,8.174004,8.278851,8.331230,8.418476,8.435913,8.383591,8.366138,8.470791,8.435913,8.435913,8.435913,8.470791,8.418476,8.592743,8.383591,8.435913,8.366138,8.348686,8.470791,8.435913,8.488220,8.610161,8.435913,8.488220,8.453358,8.523075,8.453358,8.557915,8.488220,8.401035,8.470791,8.453358,8.453358,8.453358,8.453358,8.348686,8.435913,8.383591,8.401035,8.226437,8.208961,8.086544,8.016525,7.981499,8.121536,8.121536,8.191483,8.226437,8.139027,8.156513,8.174004,8.174004,8.121536,8.121536,8.156513,8.051544,8.121536,8.069046,8.069046,8.034035,7.999016,8.034035,8.104042,8.121536,7.999016,8.086544,8.016525,8.034035,8.016525,7.963982,7.946465,7.893879,7.893879,7.823730,7.928940,7.771088,7.806187,7.876347,7.753536,7.771088,7.683289,7.700855,7.718422,7.577831,7.577831,7.577831,7.630577,7.595413,7.525059,7.542656,7.595413,7.419441,7.489868,7.507469,7.489868,7.542656,7.472267,7.348972,7.260815,7.190231,7.066605,6.854328,6.907440,7.048931,7.137272,7.207882,7.296085,7.348972,7.313717,7.348972,7.348972,7.296085,7.243172,7.366592,7.331345,7.313717,7.384212,7.366592,7.472267,7.577831,7.489868,7.507469,7.577831,7.648148,7.718422,7.718422,7.771088,7.683289,7.648148,7.560242,7.665718,7.630577,7.665718,7.648148,7.753536,7.788635,7.683289,7.735977,7.683289,7.841270,7.753536,7.771088,7.753536,7.823730,7.788635,7.753536,7.771088,7.788635,7.788635,7.700855,7.525059,7.595413,7.560242,7.525059,7.560242,7.454662,7.472267,7.525059,7.437057,7.331345,7.278450,7.260815,7.296085,7.225533,7.207882,7.154926,7.260815,7.172585,7.137272,7.137272,7.013577,7.066605,7.137272,6.960518,6.995895,6.889732,6.907440,6.925133,6.854328,6.748028,6.712570,6.854328,6.712570,6.712570,6.730297,6.783474,6.818905,6.801193,6.925133,6.942829,6.925133,7.031254,7.031254,7.031254,7.119606,7.137272,7.119606,7.190231,7.225533,7.260815,7.401833,7.437057,7.718422,8.505650,9.873051,11.069107,11.830276,11.813431,11.492725,11.035133,10.865101,10.455822,10.096279,9.787056,9.407806,9.269539,8.940388,8.818848,8.505650,8.401035,8.226437,7.981499,7.981499,7.893879,7.858810,7.771088,7.806187,7.771088,7.806187,7.841270,7.841270,7.928940,7.893879,7.735977,7.577831,7.542656,7.507469,7.542656,7.542656,7.630577,7.630577,7.683289,7.612995,7.648148,7.718422,7.771088,7.718422,7.753536,7.753536,7.771088,7.806187,7.788635,7.893879,7.946465,8.034035,7.999016,7.981499,8.016525,7.928940,7.928940,7.928940,7.963982,8.016525,8.051544,8.034035,7.981499,7.981499,
6.730297,6.730297,6.712570,6.801193,6.783474,6.836617,6.818905,6.765751,6.872036,6.889732,6.925133,6.960518,6.925133,7.066605,6.978207,6.836617,6.960518,6.995895,7.031254,7.031254,6.907440,6.907440,6.995895,7.154926,7.278450,7.243172,7.243172,7.172585,7.154926,7.154926,7.031254,6.978207,7.207882,7.225533,6.995895,6.712570,6.535103,6.410706,6.268349,6.339550,6.250534,6.232731,6.286148,6.339550,6.286148,6.339550,6.303955,6.286148,6.339550,6.392914,6.357342,6.392914,6.303955,6.446259,6.410706,6.392914,6.428486,6.428486,6.375134,6.517342,6.464035,6.446259,6.517342,6.428486,6.517342,6.588379,6.481804,6.535103,6.588379,6.570625,6.641617,6.588379,6.570625,6.535103,6.623875,6.606125,6.606125,6.641617,6.623875,6.606125,6.588379,6.677101,6.712570,6.748028,6.659363,6.694839,6.641617,6.641617,6.730297,6.748028,6.730297,6.694839,6.765751,6.907440,6.801193,6.925133,7.190231,7.384212,7.823730,8.505650,8.435913,8.243912,8.226437,8.261383,8.296310,8.226437,8.383591,8.749332,8.627563,8.261383,7.806187,7.331345,6.995895,6.942829,6.854328,6.712570,6.694839,6.765751,6.712570,6.801193,6.783474,6.836617,6.854328,6.836617,6.872036,6.836617,6.978207,6.925133,7.031254,6.978207,6.995895,7.031254,7.101940,7.101940,7.048931,7.172585,7.172585,7.137272,7.154926,7.154926,7.154926,7.119606,7.137272,7.172585,7.190231,7.172585,7.190231,7.154926,7.172585,7.137272,7.101940,7.190231,7.331345,7.419441,7.612995,7.753536,8.034035,8.470791,9.165710,9.958965,10.558300,10.626560,10.762939,11.306557,12.902435,13.533249,13.566330,13.317928,12.902435,12.384636,12.032238,11.981785,11.931309,11.560329,10.711826,10.336117,10.164867,9.924606,9.821461,9.700993,9.632080,9.407806,9.200333,9.269539,9.217640,9.200333,9.217640,9.113758,9.044441,8.957737,8.836220,8.697163,8.592743,8.557915,8.575333,8.731949,8.888317,8.940388,8.888317,8.905678,8.905678,8.905678,9.044441,9.476868,9.390537,9.131081,8.992432,8.992432,8.975086,8.923035,8.957737,8.749332,8.836220,9.061775,9.165710,9.131081,9.061775,9.027115,8.975086,9.096436,9.027115,9.044441,9.079109,8.940388,9.027115,9.044441,9.269539,9.407806,9.407806,9.390537,9.269539,9.304119,9.338692,9.304119,9.304119,9.234943,9.338692,9.580376,9.528633,9.373260,9.373260,9.425079,9.390537,9.373260,9.511379,9.459610,9.338692,9.252239,9.200333,9.252239,9.269539,9.183022,9.148392,9.234943,9.183022,9.079109,9.079109,9.200333,9.027115,9.096436,9.044441,9.217640,9.217640,9.183022,9.183022,9.165710,8.801476,8.836220,9.079109,9.217640,9.096436,8.957737,8.957737,9.061775,9.079109,9.044441,9.061775,9.286831,9.338692,9.476868,9.580376,9.632080,9.700993,9.649315,9.683773,9.821461,9.958965,9.941792,9.580376,9.614849,9.442345,9.563126,9.666546,9.890244,10.027649,10.113426,10.199139,10.130581,10.147728,10.319000,10.250530,10.370338,10.387436,10.336117,10.216270,10.079128,9.873051,9.632080,9.494129,9.528633,9.735428,9.890244,9.804260,9.769852,9.855862,9.804260,9.873051,9.787056,9.787056,9.563126,9.563126,9.580376,9.545887,9.321407,9.407806,9.718216,10.164867,10.096279,9.821461,9.545887,9.355976,9.321407,9.304119,9.286831,9.200333,9.096436,9.200333,9.009773,8.784096,8.592743,8.470791,8.313774,8.261383,8.278851,8.191483,8.174004,8.156513,8.208961,8.174004,8.051544,8.086544,8.836220,10.387436,11.018150,11.137009,10.916145,10.609497,10.199139,9.855862,9.528633,9.148392,8.662369,8.191483,7.981499,8.121536,8.331230,8.383591,8.383591,8.453358,8.453358,8.453358,8.592743,8.662369,8.801476,8.766716,8.923035,8.905678,8.870953,8.853588,8.818848,8.853588,8.853588,9.027115,9.061775,8.957737,8.888317,8.853588,8.888317,8.905678,8.957737,8.870953,9.044441,8.957737,9.009773,9.044441,8.905678,8.940388,8.957737,8.957737,9.061775,8.992432,8.957737,8.992432,8.957737,8.870953,8.940388,8.957737,8.957737,8.957737,8.766716,8.784096,8.731949,8.592743,8.557915,8.470791,8.488220,8.575333,8.523075,8.592743,8.627563,8.749332,8.801476,8.749332,8.714558,8.697163,8.679768,8.627563,8.697163,8.592743,8.644970,8.557915,8.575333,8.662369,8.662369,8.610161,8.697163,8.714558,8.627563,8.627563,8.610161,8.610161,8.488220,8.505650,8.435913,8.401035,8.348686,8.243912,8.313774,8.331230,8.261383,8.331230,8.313774,8.261383,8.156513,8.174004,8.104042,8.086544,8.156513,8.086544,8.034035,8.121536,8.104042,7.893879,7.981499,7.928940,7.876347,7.981499,7.893879,7.841270,7.823730,7.806187,7.683289,7.472267,7.384212,6.801193,6.641617,7.048931,7.331345,7.437057,7.507469,7.630577,7.630577,7.753536,7.700855,7.718422,7.735977,7.771088,7.788635,7.876347,7.876347,7.911411,7.806187,7.858810,7.858810,7.928940,7.806187,7.946465,7.981499,7.928940,7.946465,7.893879,7.999016,7.911411,7.928940,7.981499,7.981499,8.016525,8.051544,8.051544,8.174004,8.069046,8.174004,8.069046,8.121536,8.121536,8.121536,8.191483,8.174004,8.261383,8.226437,8.243912,8.104042,8.121536,7.999016,8.051544,8.016525,7.946465,7.946465,7.999016,7.946465,7.999016,7.981499,7.981499,7.928940,7.946465,7.876347,7.788635,7.858810,7.841270,7.788635,7.771088,7.806187,7.753536,7.735977,7.735977,7.718422,7.648148,7.612995,7.577831,7.542656,7.648148,7.507469,7.472267,7.454662,7.366592,7.348972,7.331345,7.243172,7.260815,7.260815,7.243172,7.260815,7.137272,7.084278,7.154926,7.137272,7.031254,7.101940,7.084278,7.101940,7.084278,7.119606,7.137272,7.260815,7.648148,7.999016,8.923035,10.199139,11.408150,11.847122,11.695396,11.323498,11.086086,10.711826,10.353233,9.958965,9.700993,9.338692,9.079109,8.766716,8.557915,8.523075,8.261383,8.104042,7.823730,7.771088,7.806187,7.683289,7.665718,7.683289,7.665718,7.823730,7.806187,7.841270,7.928940,7.771088,7.893879,7.665718,7.542656,7.542656,7.595413,7.630577,7.595413,7.577831,7.648148,7.683289,7.648148,7.806187,7.683289,7.771088,7.771088,7.683289,7.735977,7.788635,7.823730,7.911411,7.823730,7.946465,8.069046,8.243912,8.034035,7.981499,7.788635,7.999016,8.069046,8.016525,7.963982,7.946465,7.981499,7.999016,
6.748028,6.836617,6.925133,6.942829,6.925133,6.960518,6.995895,6.942829,7.013577,7.084278,7.031254,7.101940,7.101940,7.207882,7.278450,7.296085,7.172585,7.243172,7.207882,7.296085,7.296085,7.366592,7.296085,7.454662,7.419441,7.384212,7.313717,7.278450,7.313717,7.172585,7.190231,7.119606,7.366592,7.507469,7.366592,7.366592,7.225533,7.154926,7.031254,6.978207,6.995895,6.995895,6.960518,6.942829,6.872036,6.978207,6.836617,6.748028,6.677101,6.677101,6.960518,6.677101,6.783474,6.748028,6.659363,6.588379,6.712570,6.570625,6.694839,6.677101,6.677101,6.677101,6.641617,6.641617,6.623875,6.748028,6.641617,6.623875,6.712570,6.748028,6.694839,6.712570,6.765751,6.748028,6.588379,6.606125,6.588379,6.712570,6.677101,6.659363,6.730297,6.730297,6.694839,6.712570,6.783474,6.659363,6.783474,6.836617,6.748028,6.748028,6.730297,6.748028,6.712570,6.889732,6.836617,6.889732,7.066605,7.207882,7.525059,8.156513,8.435913,8.296310,8.313774,8.296310,8.278851,8.313774,8.296310,8.627563,8.731949,8.523075,7.963982,7.454662,7.137272,6.907440,6.836617,6.748028,6.712570,6.694839,6.677101,6.712570,6.748028,6.712570,6.783474,6.836617,6.889732,6.872036,6.854328,6.907440,6.907440,6.995895,6.872036,6.995895,6.978207,7.101940,7.048931,7.137272,7.084278,7.101940,7.084278,7.207882,7.119606,7.119606,7.137272,7.119606,7.172585,7.101940,7.207882,7.137272,7.066605,6.995895,7.031254,7.137272,7.278450,7.331345,7.560242,7.630577,7.893879,8.261383,8.801476,9.597610,10.301891,10.541225,10.626560,11.052120,12.216988,13.151951,13.467049,13.168564,12.735714,12.434868,12.082661,11.931309,11.678528,11.492725,11.001148,10.592438,10.319000,10.027649,9.958965,9.735428,9.649315,9.597610,9.459610,9.511379,9.355976,9.269539,9.304119,9.148392,9.079109,8.923035,8.870953,8.697163,8.697163,8.662369,8.714558,8.905678,9.079109,8.992432,8.923035,9.009773,9.096436,9.183022,9.304119,9.407806,9.269539,9.079109,9.217640,9.131081,9.131081,9.234943,9.183022,9.165710,9.148392,9.096436,9.096436,8.992432,9.009773,8.957737,8.992432,9.027115,8.992432,8.870953,8.940388,8.818848,8.749332,8.749332,9.027115,9.407806,9.494129,9.113758,9.061775,9.096436,9.131081,9.079109,9.234943,9.113758,9.304119,9.597610,9.511379,9.373260,9.338692,9.338692,9.304119,9.355976,9.269539,9.286831,9.269539,9.252239,9.269539,9.234943,9.217640,9.148392,9.183022,9.061775,9.044441,9.009773,8.975086,8.975086,8.766716,8.784096,8.923035,9.148392,9.113758,8.992432,8.992432,8.818848,8.818848,8.853588,9.096436,9.269539,9.131081,9.009773,8.923035,9.009773,8.992432,9.044441,9.044441,9.131081,9.200333,9.442345,9.407806,9.442345,9.580376,9.614849,9.649315,9.735428,9.838661,9.649315,9.321407,9.183022,9.079109,9.269539,9.597610,9.752644,9.787056,9.838661,9.804260,9.838661,9.735428,9.718216,9.787056,9.769852,9.804260,9.735428,9.958965,9.873051,9.821461,9.597610,9.545887,9.545887,9.976139,10.113426,9.855862,9.804260,9.890244,9.907425,9.924606,9.941792,9.924606,9.907425,9.958965,9.958965,10.010487,9.752644,9.941792,10.113426,10.182007,10.010487,9.700993,9.545887,9.545887,9.373260,9.355976,9.269539,9.234943,9.131081,9.113758,9.044441,8.923035,8.801476,8.784096,8.592743,8.575333,8.418476,8.331230,8.226437,8.208961,8.104042,7.946465,7.911411,7.981499,8.888317,10.643623,11.441990,11.526535,11.391228,11.035133,10.507072,10.044807,9.580376,9.217640,8.766716,8.575333,8.313774,8.313774,8.627563,8.784096,8.836220,8.836220,8.784096,8.923035,8.975086,9.079109,9.131081,9.217640,9.407806,9.321407,9.321407,9.304119,9.373260,9.442345,9.425079,9.494129,9.511379,9.459610,9.390537,9.373260,9.407806,9.494129,9.442345,9.476868,9.511379,9.459610,9.442345,9.425079,9.442345,9.373260,9.355976,9.442345,9.459610,9.476868,9.459610,9.442345,9.373260,9.304119,9.321407,9.390537,9.355976,9.338692,9.321407,9.234943,9.061775,8.992432,8.957737,8.801476,8.784096,8.853588,8.923035,8.940388,8.957737,9.183022,9.200333,9.183022,9.234943,9.217640,9.165710,9.148392,9.217640,9.165710,9.183022,9.252239,9.113758,9.079109,9.061775,9.131081,9.234943,9.131081,9.044441,9.217640,9.148392,9.148392,9.113758,9.044441,8.975086,8.905678,8.801476,8.731949,8.731949,8.731949,8.784096,8.766716,8.714558,8.749332,8.679768,8.766716,8.662369,8.627563,8.540497,8.505650,8.557915,8.592743,8.540497,8.453358,8.470791,8.505650,8.383591,8.366138,8.505650,8.401035,8.418476,8.226437,8.174004,7.981499,7.771088,6.677101,6.499577,7.101940,7.683289,7.858810,7.963982,7.928940,8.034035,8.191483,8.226437,8.139027,8.156513,8.174004,8.208961,8.191483,8.226437,8.226437,8.226437,8.226437,8.139027,8.331230,8.296310,8.313774,8.226437,8.313774,8.348686,8.366138,8.418476,8.435913,8.505650,8.523075,8.418476,8.453358,8.523075,8.575333,8.610161,8.592743,8.610161,8.540497,8.592743,8.540497,8.610161,8.644970,8.679768,8.714558,8.644970,8.575333,8.627563,8.505650,8.592743,8.470791,8.453358,8.435913,8.435913,8.418476,8.383591,8.435913,8.435913,8.401035,8.418476,8.435913,8.348686,8.401035,8.226437,8.331230,8.278851,8.366138,8.313774,8.366138,8.435913,8.331230,8.383591,8.208961,8.278851,8.226437,8.104042,8.156513,8.208961,8.139027,8.069046,8.208961,7.893879,7.999016,8.069046,7.963982,7.928940,7.893879,7.893879,7.858810,7.893879,7.858810,7.806187,7.788635,7.753536,7.700855,7.700855,7.683289,7.700855,7.823730,7.841270,8.156513,8.383591,9.321407,10.609497,11.914482,11.745995,11.340439,10.950157,10.711826,10.370338,10.096279,9.821461,9.321407,9.148392,8.801476,8.523075,8.505650,8.488220,8.174004,7.963982,7.823730,7.718422,7.718422,7.718422,7.612995,7.700855,7.612995,7.683289,7.683289,7.841270,7.858810,7.753536,7.683289,7.753536,7.753536,7.700855,7.665718,7.665718,7.683289,7.788635,7.665718,7.806187,7.963982,7.876347,7.753536,7.806187,7.788635,7.893879,7.858810,7.771088,7.893879,7.928940,8.034035,8.156513,8.313774,8.331230,8.313774,8.139027,8.034035,7.981499,8.051544,8.104042,7.999016,8.016525,8.069046,8.121536,
6.606125,6.712570,6.641617,6.659363,6.836617,6.942829,6.907440,6.995895,7.048931,7.066605,7.154926,7.190231,7.207882,7.172585,7.278450,7.366592,7.401833,7.419441,7.419441,7.348972,7.489868,7.542656,7.437057,7.577831,7.648148,7.595413,7.489868,7.472267,7.595413,7.507469,7.489868,7.525059,7.683289,7.700855,7.841270,7.806187,7.700855,7.612995,7.735977,7.700855,7.700855,7.718422,7.700855,7.683289,7.700855,7.648148,7.577831,7.648148,7.718422,7.489868,7.472267,7.542656,7.401833,7.401833,7.366592,7.296085,7.331345,7.331345,7.260815,7.207882,7.119606,7.119606,7.137272,7.119606,7.031254,7.066605,6.995895,7.084278,7.084278,6.854328,7.066605,6.978207,7.031254,6.925133,6.942829,6.872036,6.889732,6.889732,6.978207,6.872036,6.942829,6.818905,6.925133,6.783474,6.818905,6.748028,6.854328,6.854328,6.801193,6.836617,6.783474,6.818905,6.836617,6.836617,6.836617,6.889732,6.942829,7.048931,7.278450,7.806187,8.313774,8.435913,8.296310,8.296310,8.296310,8.296310,8.261383,8.435913,8.610161,8.557915,8.191483,7.542656,7.243172,6.942829,6.836617,6.712570,6.588379,6.694839,6.677101,6.641617,6.659363,6.641617,6.730297,6.783474,6.765751,6.783474,6.801193,6.872036,6.854328,6.889732,6.960518,6.925133,7.066605,7.031254,7.101940,6.995895,7.031254,7.066605,7.119606,7.084278,7.084278,7.048931,7.101940,7.119606,7.084278,7.084278,7.084278,7.066605,7.013577,6.942829,7.048931,7.119606,7.207882,7.313717,7.366592,7.472267,7.771088,8.034035,8.470791,9.183022,10.027649,10.353233,10.489990,10.694775,11.526535,12.518532,12.969040,12.852448,12.585411,12.250546,11.847122,11.644768,11.594112,11.425068,11.069107,10.575371,10.233398,9.976139,9.855862,9.735428,9.735428,9.580376,9.597610,9.597610,9.528633,9.355976,9.200333,9.183022,9.061775,8.957737,8.801476,8.766716,8.749332,8.697163,8.801476,8.801476,8.870953,8.801476,8.731949,8.749332,8.870953,8.975086,9.079109,9.061775,9.027115,9.131081,9.131081,9.096436,9.200333,9.269539,9.269539,9.217640,9.304119,9.321407,9.286831,9.200333,9.131081,8.975086,9.113758,9.200333,9.061775,8.766716,8.853588,8.853588,8.784096,8.836220,9.079109,9.338692,9.200333,8.957737,9.044441,8.992432,9.079109,9.079109,9.113758,9.061775,9.183022,9.355976,9.407806,9.269539,9.217640,9.304119,9.183022,9.355976,9.286831,9.304119,9.252239,9.252239,9.234943,9.183022,9.148392,9.304119,9.217640,9.044441,8.992432,8.957737,8.992432,8.940388,8.801476,8.731949,9.027115,9.304119,9.234943,8.940388,8.957737,8.784096,8.853588,8.870953,9.113758,9.079109,9.113758,9.061775,8.992432,9.061775,9.027115,9.113758,9.079109,9.096436,9.183022,9.269539,9.217640,9.234943,9.200333,9.148392,9.234943,9.528633,9.511379,9.355976,9.217640,9.131081,8.975086,9.079109,9.632080,9.718216,9.700993,9.666546,9.632080,9.597610,9.476868,9.442345,9.528633,9.511379,9.425079,9.338692,9.545887,9.580376,9.459610,9.459610,9.355976,9.442345,9.614849,9.804260,9.649315,9.494129,9.494129,9.614849,9.563126,9.649315,9.649315,9.718216,9.838661,9.855862,9.804260,9.700993,9.649315,9.769852,9.718216,9.700993,9.735428,9.666546,9.563126,9.425079,9.407806,9.355976,9.545887,9.597610,9.597610,9.649315,9.511379,9.545887,9.200333,9.009773,8.992432,8.766716,8.592743,8.505650,8.348686,8.104042,7.999016,7.911411,7.876347,8.801476,10.950157,11.796577,11.745995,11.543430,11.120033,10.575371,10.233398,9.597610,9.252239,8.992432,8.575333,8.488220,8.627563,9.009773,9.200333,9.113758,9.252239,9.113758,9.234943,9.286831,9.286831,9.459610,9.580376,9.649315,9.838661,9.890244,9.873051,9.907425,9.821461,9.769852,9.855862,9.907425,9.907425,9.855862,9.787056,9.855862,9.821461,9.976139,9.993317,10.010487,9.993317,9.958965,9.993317,9.924606,9.890244,9.855862,9.838661,9.804260,9.821461,9.787056,9.752644,9.752644,9.735428,9.804260,9.787056,9.804260,9.735428,9.700993,9.563126,9.511379,9.425079,9.165710,9.079109,9.079109,9.165710,9.079109,9.217640,9.373260,9.614849,9.545887,9.545887,9.580376,9.597610,9.649315,9.580376,9.614849,9.597610,9.545887,9.580376,9.563126,9.494129,9.425079,9.632080,9.580376,9.545887,9.442345,9.563126,9.545887,9.407806,9.425079,9.338692,9.338692,9.252239,9.252239,9.200333,9.113758,9.131081,9.183022,9.234943,9.079109,9.183022,9.061775,9.200333,9.183022,9.131081,9.079109,9.044441,9.027115,9.096436,8.975086,8.923035,8.957737,8.940388,8.905678,8.853588,8.749332,8.870953,8.697163,8.627563,8.418476,8.313774,8.104042,7.207882,6.339550,6.960518,7.788635,8.156513,8.313774,8.313774,8.313774,8.453358,8.418476,8.470791,8.453358,8.610161,8.575333,8.575333,8.627563,8.662369,8.575333,8.679768,8.610161,8.731949,8.731949,8.749332,8.749332,8.801476,8.749332,8.818848,8.923035,8.940388,8.870953,8.957737,8.923035,8.957737,8.992432,9.096436,9.044441,9.061775,9.183022,9.096436,9.148392,9.009773,9.027115,9.044441,9.044441,9.044441,9.113758,9.079109,9.009773,9.027115,9.079109,8.940388,8.870953,8.801476,8.923035,8.923035,8.992432,8.905678,8.870953,8.853588,8.870953,8.818848,8.818848,8.836220,8.766716,8.801476,8.731949,8.801476,8.714558,8.766716,8.697163,8.766716,8.679768,8.592743,8.749332,8.592743,8.610161,8.644970,8.627563,8.610161,8.523075,8.505650,8.505650,8.523075,8.470791,8.348686,8.401035,8.418476,8.401035,8.348686,8.348686,8.418476,8.488220,8.488220,8.505650,8.418476,8.435913,8.453358,8.453358,8.505650,8.505650,8.523075,8.940388,9.666546,10.950157,11.661655,11.661655,11.221825,10.882126,10.455822,10.233398,9.890244,9.597610,9.321407,9.113758,8.644970,8.523075,8.470791,8.331230,8.156513,8.086544,7.946465,7.700855,7.577831,7.595413,7.612995,7.560242,7.595413,7.718422,7.700855,7.841270,7.946465,7.893879,7.928940,7.911411,7.876347,7.771088,7.928940,7.893879,7.893879,7.700855,7.753536,7.893879,7.946465,7.806187,7.806187,7.753536,7.876347,7.928940,7.893879,7.981499,8.034035,8.104042,8.139027,8.226437,8.226437,8.156513,8.174004,8.174004,8.208961,8.261383,8.243912,8.261383,8.226437,8.313774,8.348686,8.470791,
6.321754,6.428486,6.410706,6.339550,6.535103,6.552864,6.588379,6.748028,6.783474,6.730297,6.889732,6.960518,7.031254,6.995895,7.101940,7.296085,7.296085,7.384212,7.401833,7.472267,7.454662,7.525059,7.595413,7.612995,7.648148,7.630577,7.700855,7.753536,7.735977,7.753536,7.753536,7.718422,7.806187,7.876347,7.911411,7.981499,8.016525,7.999016,8.034035,7.928940,7.963982,8.051544,8.069046,8.051544,8.104042,8.069046,8.086544,8.139027,8.051544,8.139027,8.051544,8.104042,8.086544,8.016525,7.981499,8.086544,7.999016,8.051544,7.946465,7.963982,8.069046,7.876347,7.858810,7.928940,7.788635,7.841270,7.735977,7.735977,7.788635,7.683289,7.648148,7.595413,7.612995,7.612995,7.648148,7.472267,7.384212,7.525059,7.384212,7.384212,7.331345,7.190231,7.137272,7.119606,7.119606,7.207882,7.119606,7.084278,7.013577,7.119606,6.925133,6.889732,6.995895,6.942829,7.013577,6.836617,6.995895,7.119606,7.260815,7.648148,8.174004,8.401035,8.401035,8.313774,8.261383,8.261383,8.226437,8.383591,8.662369,8.697163,8.383591,7.788635,7.366592,7.013577,6.801193,6.677101,6.677101,6.659363,6.570625,6.641617,6.641617,6.748028,6.730297,6.712570,6.818905,6.765751,6.818905,6.765751,6.872036,6.889732,7.031254,6.960518,6.978207,7.066605,7.031254,7.013577,7.084278,7.084278,7.066605,7.013577,7.101940,6.995895,7.031254,7.084278,7.048931,7.084278,7.031254,7.031254,6.889732,6.836617,6.978207,7.031254,7.190231,7.190231,7.348972,7.489868,7.612995,7.858810,8.261383,8.853588,9.718216,10.301891,10.455822,10.489990,10.967159,11.813431,12.317612,12.468342,12.284077,11.931309,11.611008,11.306557,11.408150,11.391228,10.984158,10.370338,9.924606,9.787056,9.752644,9.666546,9.597610,9.459610,9.459610,9.425079,9.425079,9.113758,8.957737,8.957737,8.957737,8.836220,8.731949,8.697163,8.801476,8.766716,8.766716,8.697163,8.714558,8.679768,8.505650,8.575333,8.592743,8.644970,8.784096,8.870953,8.784096,8.940388,9.061775,9.096436,9.096436,9.044441,9.113758,9.165710,9.200333,9.217640,9.234943,9.269539,9.061775,9.079109,9.113758,9.234943,9.165710,8.940388,8.766716,8.749332,8.766716,8.818848,8.905678,9.009773,8.992432,8.905678,8.923035,9.027115,9.044441,9.113758,9.113758,9.079109,9.131081,9.183022,9.252239,9.217640,9.044441,9.200333,9.355976,9.425079,9.252239,9.321407,9.286831,9.269539,9.321407,9.234943,9.373260,9.373260,9.286831,9.027115,8.975086,8.957737,8.957737,8.957737,8.957737,8.940388,9.165710,9.200333,9.183022,8.923035,8.870953,8.888317,8.905678,8.836220,8.853588,8.888317,8.836220,8.957737,8.940388,9.113758,9.113758,9.165710,9.131081,9.148392,9.131081,9.061775,9.061775,9.061775,8.975086,8.905678,9.044441,9.442345,9.321407,9.252239,9.148392,9.131081,9.165710,9.425079,9.735428,9.528633,9.442345,9.494129,9.390537,9.355976,9.355976,9.425079,9.494129,9.304119,9.234943,9.286831,9.476868,9.425079,9.286831,8.992432,9.113758,9.183022,9.286831,9.304119,9.200333,9.269539,9.373260,9.252239,9.304119,9.407806,9.494129,9.597610,9.597610,9.632080,9.425079,9.304119,9.407806,9.355976,9.269539,9.234943,9.269539,9.563126,9.459610,9.373260,9.252239,9.338692,9.632080,9.787056,9.804260,9.752644,9.700993,9.597610,9.476868,9.442345,9.373260,9.286831,9.183022,9.044441,8.818848,8.679768,8.418476,8.278851,8.348686,9.234943,11.221825,11.914482,11.830276,11.577221,11.137009,10.541225,10.199139,9.838661,9.459610,9.165710,8.749332,8.697163,8.749332,9.148392,9.390537,9.373260,9.373260,9.425079,9.511379,9.545887,9.597610,9.752644,9.958965,9.993317,10.199139,10.301891,10.216270,10.113426,10.233398,10.233398,10.319000,10.267654,10.267654,10.250530,10.267654,10.216270,10.301891,10.438725,10.404537,10.455822,10.438725,10.387436,10.472908,10.421631,10.284771,10.336117,10.250530,10.267654,10.250530,10.182007,9.976139,10.164867,10.336117,10.216270,10.301891,10.199139,10.182007,10.044807,9.924606,9.958965,9.821461,9.545887,9.563126,9.563126,9.511379,9.459610,9.718216,9.873051,10.010487,10.079128,9.873051,9.993317,10.010487,10.061974,9.976139,9.907425,9.976139,9.924606,9.873051,9.907425,9.769852,9.873051,9.907425,9.873051,9.890244,9.735428,9.804260,9.941792,9.941792,9.838661,9.907425,9.735428,9.718216,9.752644,9.649315,9.683773,9.718216,9.632080,9.683773,9.718216,9.666546,9.649315,9.614849,9.632080,9.528633,9.511379,9.511379,9.373260,9.459610,9.425079,9.407806,9.373260,9.304119,9.165710,9.234943,9.269539,9.200333,9.148392,8.992432,9.027115,8.870953,8.523075,7.858810,6.942829,7.542656,8.418476,8.540497,8.627563,8.749332,8.662369,8.766716,8.888317,8.957737,9.009773,9.027115,9.044441,9.061775,9.079109,9.113758,8.992432,9.044441,9.131081,9.217640,9.165710,9.217640,9.252239,9.321407,9.304119,9.425079,9.355976,9.425079,9.442345,9.407806,9.286831,9.476868,9.563126,9.614849,9.511379,9.476868,9.580376,9.425079,9.580376,9.494129,9.511379,9.494129,9.494129,9.614849,9.597610,9.614849,9.511379,9.580376,9.632080,9.476868,9.407806,9.407806,9.338692,9.390537,9.459610,9.338692,9.355976,9.269539,9.373260,9.355976,9.252239,9.183022,9.200333,9.269539,9.131081,9.079109,9.131081,9.079109,9.096436,9.096436,9.027115,9.113758,9.061775,9.044441,9.044441,9.079109,9.061775,9.027115,8.975086,8.870953,8.870953,9.027115,8.888317,8.905678,8.905678,8.905678,8.853588,8.801476,8.766716,8.818848,8.888317,8.888317,8.905678,8.853588,8.923035,8.940388,8.870953,9.009773,8.940388,8.940388,9.252239,9.993317,11.357365,11.458900,11.306557,11.137009,10.745911,10.438725,10.096279,9.700993,9.286831,8.992432,8.853588,8.557915,8.383591,8.226437,8.104042,7.963982,7.911411,7.788635,7.683289,7.665718,7.665718,7.612995,7.595413,7.648148,7.665718,7.928940,8.034035,8.069046,7.999016,7.963982,8.051544,8.086544,8.069046,8.104042,8.016525,7.946465,7.928940,7.981499,8.051544,7.999016,7.981499,7.981499,8.069046,8.191483,8.208961,8.278851,8.208961,8.296310,8.453358,8.226437,8.401035,8.296310,8.278851,8.331230,8.278851,8.453358,8.418476,8.453358,8.435913,8.348686,8.383591,8.383591,8.435913,
6.179276,6.197094,6.161457,6.232731,6.286148,6.357342,6.410706,6.410706,6.517342,6.659363,6.535103,6.712570,6.730297,6.818905,6.801193,6.872036,7.013577,7.013577,7.084278,7.190231,7.296085,7.190231,7.366592,7.401833,7.437057,7.542656,7.595413,7.472267,7.648148,7.806187,7.648148,7.700855,7.788635,7.893879,7.981499,7.893879,7.981499,7.999016,8.086544,8.069046,8.139027,8.156513,8.208961,8.191483,8.174004,8.261383,8.226437,8.156513,8.156513,8.296310,8.278851,8.243912,8.261383,8.348686,8.243912,8.208961,8.313774,8.296310,8.331230,8.383591,8.278851,8.348686,8.331230,8.348686,8.313774,8.296310,8.453358,8.383591,8.331230,8.383591,8.470791,8.470791,8.278851,8.278851,8.331230,8.331230,8.296310,8.121536,8.208961,8.069046,7.999016,8.034035,8.016525,7.858810,7.753536,7.806187,7.753536,7.841270,7.595413,7.507469,7.612995,7.454662,7.489868,7.331345,7.384212,7.348972,7.278450,7.348972,7.489868,7.507469,7.981499,8.470791,8.401035,8.366138,8.296310,8.226437,8.261383,8.226437,8.470791,8.505650,8.435913,7.893879,7.401833,7.048931,6.818905,6.712570,6.677101,6.659363,6.606125,6.623875,6.623875,6.623875,6.641617,6.712570,6.730297,6.748028,6.818905,6.765751,6.854328,6.872036,6.889732,6.925133,6.854328,6.942829,6.995895,6.925133,6.960518,7.013577,7.031254,7.066605,7.084278,6.995895,6.978207,6.925133,7.066605,7.013577,7.066605,7.013577,6.818905,6.872036,6.889732,7.066605,7.101940,7.137272,7.207882,7.366592,7.472267,7.683289,8.016525,8.470791,9.234943,10.079128,10.319000,10.387436,10.507072,11.357365,12.300850,12.602119,12.334373,12.116257,11.492725,11.289619,11.238777,11.187904,10.848083,10.216270,9.838661,9.769852,9.821461,9.683773,9.390537,9.321407,9.183022,9.113758,9.061775,8.975086,8.766716,8.644970,8.697163,8.714558,8.679768,8.679768,8.679768,8.557915,8.505650,8.453358,8.627563,8.575333,8.435913,8.331230,8.418476,8.470791,8.679768,8.697163,8.610161,8.662369,8.992432,8.957737,8.870953,8.784096,8.818848,8.940388,9.009773,9.044441,9.234943,9.096436,9.079109,9.027115,9.113758,9.234943,9.027115,8.888317,8.870953,8.957737,8.853588,8.836220,8.870953,8.836220,8.992432,8.940388,8.957737,8.975086,8.957737,8.975086,9.044441,8.957737,8.940388,9.027115,9.061775,8.957737,8.888317,9.009773,9.338692,9.355976,9.217640,9.131081,9.234943,9.304119,9.217640,9.234943,9.252239,9.425079,9.269539,9.009773,8.957737,8.905678,8.975086,9.027115,9.027115,9.079109,9.165710,9.183022,9.148392,8.940388,9.009773,9.096436,9.183022,9.096436,8.957737,8.923035,8.940388,8.957737,8.940388,8.853588,9.148392,9.183022,9.131081,9.096436,9.044441,9.061775,9.061775,9.079109,8.992432,8.940388,9.286831,9.476868,9.338692,9.200333,9.131081,9.234943,9.113758,9.304119,9.355976,9.459610,9.373260,9.407806,9.355976,9.321407,9.390537,9.407806,9.390537,9.321407,9.304119,9.338692,9.442345,9.407806,9.200333,9.009773,9.096436,9.269539,9.217640,9.131081,9.131081,9.131081,9.200333,9.200333,9.234943,9.355976,9.373260,9.494129,9.442345,9.425079,9.269539,9.252239,9.252239,9.061775,8.975086,9.009773,9.252239,9.373260,9.373260,9.234943,9.148392,9.217640,9.407806,9.407806,9.425079,9.494129,9.632080,9.494129,9.442345,9.528633,9.355976,9.304119,9.200333,9.044441,8.940388,8.870953,8.714558,8.575333,8.610161,9.614849,11.323498,11.796577,11.678528,11.611008,11.170944,10.438725,10.079128,9.873051,9.752644,9.459610,8.975086,8.784096,8.818848,9.234943,9.511379,9.511379,9.580376,9.563126,9.700993,9.855862,9.838661,10.027649,10.216270,10.319000,10.353233,10.404537,10.370338,10.336117,10.489990,10.524147,10.626560,10.677727,10.592438,10.541225,10.524147,10.592438,10.643623,10.728870,10.728870,10.745911,10.711826,10.797012,10.779976,10.677727,10.660679,10.626560,10.745911,10.643623,10.677727,10.694775,10.711826,10.609497,10.643623,10.643623,10.660679,10.524147,10.472908,10.301891,10.147728,10.233398,10.130581,10.061974,9.924606,9.855862,9.958965,10.044807,10.216270,10.319000,10.319000,10.284771,10.284771,10.336117,10.353233,10.370338,10.267654,10.267654,10.199139,10.027649,10.199139,10.027649,10.199139,10.284771,10.250530,10.233398,10.233398,10.199139,10.182007,10.147728,10.164867,10.336117,10.233398,10.164867,10.113426,10.130581,10.182007,10.096279,9.924606,9.941792,9.993317,10.027649,10.130581,9.993317,9.941792,9.976139,9.958965,9.958965,9.787056,9.821461,9.821461,9.787056,9.735428,9.666546,9.614849,9.614849,9.511379,9.528633,9.614849,9.494129,9.286831,9.304119,9.200333,9.027115,8.749332,8.453358,8.784096,9.096436,9.096436,9.148392,9.131081,9.148392,9.234943,9.200333,9.321407,9.476868,9.442345,9.459610,9.355976,9.545887,9.563126,9.545887,9.666546,9.597610,9.632080,9.718216,9.683773,9.769852,9.666546,9.752644,9.804260,9.769852,9.821461,9.804260,9.804260,9.855862,9.873051,9.873051,9.924606,10.010487,9.873051,10.027649,9.890244,9.924606,10.027649,10.010487,10.044807,9.993317,9.976139,9.958965,10.027649,10.010487,9.890244,9.976139,9.941792,9.907425,9.804260,9.752644,9.873051,9.855862,9.804260,9.838661,9.718216,9.752644,9.649315,9.649315,9.683773,9.632080,9.494129,9.511379,9.528633,9.476868,9.580376,9.407806,9.511379,9.511379,9.580376,9.528633,9.459610,9.494129,9.563126,9.407806,9.442345,9.390537,9.407806,9.304119,9.355976,9.321407,9.390537,9.390537,9.321407,9.407806,9.373260,9.321407,9.200333,9.200333,9.373260,9.304119,9.407806,9.338692,9.338692,9.476868,9.373260,9.286831,9.390537,9.494129,10.233398,11.204865,11.323498,11.170944,11.018150,10.728870,10.199139,9.873051,9.563126,9.165710,8.957737,8.592743,8.383591,8.278851,8.139027,7.981499,7.876347,7.753536,7.577831,7.595413,7.542656,7.507469,7.454662,7.472267,7.595413,7.806187,7.876347,7.928940,7.928940,7.841270,7.841270,7.876347,8.016525,7.876347,7.858810,8.016525,7.876347,8.051544,8.104042,8.016525,8.104042,8.139027,8.104042,8.121536,8.278851,8.191483,8.313774,8.226437,8.313774,8.505650,8.401035,8.331230,8.348686,8.313774,8.383591,8.435913,8.366138,8.505650,8.592743,8.470791,8.313774,8.331230,8.505650,8.401035,
6.197094,6.250534,6.214916,6.250534,6.286148,6.392914,6.250534,6.392914,6.499577,6.446259,6.517342,6.588379,6.712570,6.783474,6.694839,6.836617,6.801193,6.925133,6.818905,6.907440,6.889732,6.889732,6.978207,7.119606,7.172585,7.190231,7.243172,7.331345,7.384212,7.401833,7.437057,7.419441,7.507469,7.560242,7.665718,7.683289,7.665718,7.753536,7.806187,7.928940,7.928940,7.981499,8.051544,8.069046,8.051544,8.104042,8.191483,8.226437,8.191483,8.226437,8.243912,8.278851,8.278851,8.418476,8.331230,8.383591,8.366138,8.366138,8.383591,8.383591,8.418476,8.383591,8.453358,8.505650,8.523075,8.523075,8.488220,8.523075,8.610161,8.662369,8.575333,8.644970,8.627563,8.592743,8.627563,8.679768,8.575333,8.575333,8.679768,8.644970,8.679768,8.644970,8.679768,8.662369,8.679768,8.662369,8.523075,8.575333,8.505650,8.348686,8.348686,8.331230,8.401035,8.331230,8.243912,8.139027,8.104042,7.963982,7.963982,8.086544,8.313774,8.818848,8.749332,8.348686,8.104042,8.139027,8.156513,8.191483,8.121536,8.453358,8.592743,8.121536,7.648148,7.225533,7.013577,6.836617,6.818905,6.641617,6.748028,6.748028,6.641617,6.694839,6.677101,6.677101,6.836617,6.836617,6.836617,6.872036,6.801193,6.836617,6.889732,6.925133,6.854328,6.925133,6.978207,6.942829,7.013577,7.013577,7.048931,7.084278,7.031254,6.960518,7.066605,6.978207,7.048931,7.013577,7.066605,6.960518,6.836617,6.925133,6.960518,6.995895,6.960518,7.031254,7.172585,7.260815,7.331345,7.489868,7.806187,8.226437,8.905678,9.769852,10.147728,10.267654,10.284771,10.711826,11.779716,12.501804,12.501804,12.267311,11.880806,11.475815,11.137009,11.018150,10.643623,10.267654,10.096279,10.147728,10.061974,9.907425,9.545887,9.217640,9.131081,9.079109,8.957737,8.836220,8.697163,8.644970,8.697163,8.662369,8.697163,8.679768,8.435913,8.366138,8.366138,8.470791,8.644970,8.592743,8.401035,8.296310,8.313774,8.348686,8.505650,8.540497,8.488220,8.644970,8.697163,8.818848,8.714558,8.679768,8.784096,8.801476,8.853588,8.888317,9.009773,9.009773,9.044441,8.923035,8.923035,9.044441,8.923035,8.992432,8.957737,8.957737,8.957737,8.957737,8.888317,8.940388,8.905678,9.079109,9.079109,8.923035,8.870953,8.888317,8.905678,8.957737,9.027115,8.957737,8.975086,9.044441,9.009773,9.009773,9.286831,9.148392,9.113758,9.096436,9.200333,9.200333,9.217640,9.113758,8.975086,9.096436,9.061775,9.113758,9.044441,9.009773,9.027115,9.061775,9.148392,9.061775,9.269539,9.165710,9.096436,9.096436,9.096436,9.355976,9.442345,9.407806,9.234943,9.096436,9.113758,9.079109,8.940388,8.992432,9.373260,9.666546,9.304119,9.200333,9.252239,9.217640,9.355976,9.407806,9.390537,9.200333,9.373260,9.390537,9.390537,9.234943,9.252239,9.269539,9.234943,9.286831,9.304119,9.304119,9.269539,9.304119,9.304119,9.338692,9.442345,9.563126,9.407806,9.304119,9.200333,9.338692,9.304119,9.286831,9.200333,9.217640,9.217640,9.580376,9.355976,9.131081,9.131081,9.148392,9.200333,9.217640,9.338692,9.373260,9.373260,9.425079,9.425079,9.321407,9.304119,9.234943,9.148392,9.061775,8.940388,9.061775,9.304119,9.338692,9.304119,9.217640,9.286831,9.407806,9.355976,9.286831,9.252239,9.269539,9.286831,9.234943,9.252239,9.632080,9.459610,9.321407,9.217640,9.113758,9.027115,9.061775,8.853588,8.870953,8.853588,10.027649,11.661655,11.863968,11.695396,11.560329,11.170944,10.711826,10.199139,10.096279,10.027649,9.804260,9.148392,8.679768,8.870953,9.079109,9.459610,9.614849,9.700993,9.752644,9.924606,10.027649,10.182007,10.199139,10.421631,10.507072,10.541225,10.507072,10.558300,10.626560,10.711826,10.762939,10.779976,10.831066,10.882126,10.848083,10.882126,10.865101,10.865101,10.916145,10.899132,10.967159,10.916145,10.967159,11.001148,10.950157,10.984158,10.933151,11.001148,10.967159,11.018150,10.899132,10.967159,10.848083,10.814041,10.865101,10.831066,10.882126,10.728870,10.643623,10.507072,10.489990,10.438725,10.319000,10.353233,10.284771,10.404537,10.421631,10.524147,10.643623,10.558300,10.592438,10.660679,10.694775,10.643623,10.660679,10.592438,10.524147,10.353233,10.404537,10.438725,10.507072,10.626560,10.524147,10.609497,10.592438,10.626560,10.507072,10.541225,10.558300,10.575371,10.541225,10.660679,10.643623,10.404537,10.592438,10.609497,10.455822,10.353233,10.370338,10.421631,10.489990,10.472908,10.438725,10.404537,10.387436,10.284771,10.164867,10.147728,10.147728,10.182007,10.130581,10.061974,10.044807,10.010487,9.976139,9.993317,9.993317,9.890244,9.838661,9.769852,9.580376,9.580376,9.545887,9.528633,9.338692,9.580376,9.649315,9.614849,9.614849,9.597610,9.649315,9.666546,9.787056,9.821461,9.907425,9.890244,9.821461,9.873051,9.855862,9.993317,9.924606,9.958965,10.044807,9.993317,10.010487,10.113426,10.096279,10.096279,10.199139,10.147728,10.233398,10.216270,10.199139,10.319000,10.199139,10.301891,10.319000,10.353233,10.370338,10.370338,10.438725,10.387436,10.404537,10.353233,10.370338,10.438725,10.489990,10.370338,10.421631,10.524147,10.301891,10.336117,10.387436,10.267654,10.216270,10.353233,10.301891,10.182007,10.164867,10.113426,10.199139,10.147728,10.113426,10.061974,10.027649,10.079128,10.096279,10.010487,10.027649,9.976139,9.976139,9.993317,10.061974,10.027649,10.010487,9.941792,10.027649,9.958965,9.941792,9.958965,10.079128,10.010487,9.924606,9.941792,9.976139,9.924606,9.821461,9.821461,9.821461,9.752644,9.787056,9.821461,9.838661,9.855862,9.821461,9.735428,9.804260,9.787056,9.718216,9.718216,9.787056,9.855862,9.769852,9.752644,9.666546,10.455822,10.950157,10.967159,10.609497,10.489990,10.130581,9.666546,9.459610,8.923035,8.627563,8.557915,8.226437,8.034035,8.016525,7.946465,7.648148,7.560242,7.525059,7.472267,7.401833,7.437057,7.472267,7.454662,7.542656,7.542656,7.577831,7.630577,7.683289,7.665718,7.806187,7.788635,7.788635,7.893879,7.788635,7.823730,7.963982,8.034035,7.981499,8.069046,7.999016,8.034035,8.016525,8.104042,8.208961,8.261383,8.278851,8.418476,8.313774,8.505650,8.540497,8.418476,8.243912,8.174004,8.191483,8.191483,8.278851,8.243912,8.174004,8.226437,8.191483,8.296310,8.156513,8.278851,8.278851,
6.321754,6.250534,6.303955,6.286148,6.321754,6.410706,6.552864,6.499577,6.552864,6.570625,6.499577,6.641617,6.694839,6.836617,6.641617,6.659363,6.765751,6.836617,6.836617,6.854328,6.872036,6.942829,6.960518,7.066605,7.031254,7.066605,7.066605,7.101940,7.172585,7.172585,7.190231,7.313717,7.243172,7.278450,7.366592,7.437057,7.366592,7.437057,7.401833,7.630577,7.595413,7.595413,7.665718,7.753536,7.823730,7.753536,7.806187,7.893879,7.893879,8.034035,7.999016,8.051544,8.156513,8.156513,8.226437,8.243912,8.226437,8.418476,8.435913,8.366138,8.470791,8.488220,8.488220,8.505650,8.575333,8.644970,8.627563,8.644970,8.644970,8.662369,8.714558,8.679768,8.749332,8.766716,8.766716,8.766716,8.818848,8.801476,8.714558,8.888317,8.870953,8.870953,8.818848,8.957737,8.923035,8.870953,8.975086,8.992432,8.888317,8.784096,8.923035,8.766716,8.836220,8.853588,8.870953,8.766716,8.801476,8.697163,8.766716,8.697163,8.784096,9.079109,9.009773,8.505650,8.278851,8.104042,8.086544,8.104042,8.104042,8.261383,8.557915,8.610161,8.139027,7.876347,7.683289,7.454662,7.331345,7.207882,7.137272,7.101940,6.995895,7.066605,7.048931,7.084278,7.013577,7.137272,7.066605,7.031254,7.066605,6.995895,7.031254,6.995895,6.925133,7.066605,7.031254,7.101940,7.172585,7.013577,7.119606,7.031254,7.084278,7.066605,7.137272,7.048931,7.137272,7.048931,7.048931,6.995895,6.978207,7.031254,6.960518,7.031254,7.013577,7.084278,7.137272,7.101940,7.296085,7.507469,7.788635,8.174004,8.627563,9.407806,9.976139,10.130581,10.199139,10.438725,11.357365,12.418129,12.685638,12.551975,12.116257,11.796577,11.425068,11.035133,10.728870,10.489990,10.472908,10.301891,10.182007,9.993317,9.614849,9.338692,9.113758,9.113758,9.061775,8.888317,8.801476,8.627563,8.679768,8.766716,8.870953,8.766716,8.592743,8.401035,8.313774,8.453358,8.592743,8.505650,8.401035,8.348686,8.296310,8.348686,8.575333,8.505650,8.435913,8.575333,8.523075,8.592743,8.679768,8.644970,8.731949,8.714558,8.766716,8.801476,8.940388,8.923035,8.836220,8.801476,8.853588,9.061775,8.940388,8.836220,8.818848,8.940388,8.957737,8.975086,9.044441,8.940388,9.044441,9.217640,9.113758,8.905678,8.870953,8.888317,8.888317,8.870953,8.888317,9.096436,9.044441,8.888317,8.923035,8.957737,9.044441,9.061775,8.992432,9.096436,9.096436,9.165710,9.096436,9.061775,8.940388,8.870953,9.044441,9.269539,9.234943,9.148392,9.131081,9.183022,9.131081,9.165710,9.217640,9.183022,9.148392,8.975086,8.923035,9.304119,9.580376,9.407806,9.269539,9.217640,9.269539,9.234943,9.217640,9.338692,9.597610,9.649315,9.563126,9.597610,9.476868,9.494129,9.614849,9.683773,9.580376,9.614849,9.528633,9.545887,9.476868,9.252239,9.425079,9.614849,9.511379,9.511379,9.407806,9.407806,9.390537,9.321407,9.373260,9.425079,9.769852,9.700993,9.442345,9.269539,9.148392,9.286831,9.304119,9.269539,9.234943,9.200333,9.304119,9.545887,9.321407,9.148392,9.165710,9.217640,9.269539,9.286831,9.373260,9.425079,9.494129,9.373260,9.390537,9.373260,9.476868,9.373260,9.425079,9.304119,9.113758,9.148392,9.252239,9.269539,9.200333,9.096436,9.217640,9.580376,9.563126,9.269539,9.217640,9.234943,9.217640,9.286831,9.338692,9.442345,9.373260,9.373260,9.304119,9.321407,9.321407,9.338692,9.165710,9.217640,9.252239,10.199139,11.577221,11.678528,11.509636,11.306557,11.001148,10.797012,10.438725,10.301891,10.061974,9.614849,9.044441,8.557915,8.731949,9.027115,9.407806,9.494129,9.735428,9.804260,9.976139,10.044807,10.233398,10.404537,10.455822,10.524147,10.609497,10.626560,10.660679,10.779976,10.779976,10.762939,10.797012,10.916145,10.984158,11.018150,10.967159,10.882126,10.984158,11.018150,10.984158,11.018150,10.967159,11.086086,11.120033,11.153976,11.153976,11.120033,11.187904,11.086086,11.120033,11.103065,11.069107,10.967159,10.967159,10.967159,11.001148,10.967159,10.933151,10.779976,10.797012,10.694775,10.677727,10.507072,10.507072,10.524147,10.660679,10.677727,10.797012,10.933151,10.950157,10.916145,10.933151,10.984158,10.950157,10.797012,10.762939,10.814041,10.797012,10.899132,10.865101,10.865101,10.899132,10.865101,10.848083,10.899132,10.814041,10.865101,10.797012,10.797012,10.779976,10.848083,10.950157,10.899132,10.797012,10.848083,10.933151,10.797012,10.728870,10.728870,10.779976,10.779976,10.728870,10.745911,10.728870,10.609497,10.609497,10.592438,10.472908,10.558300,10.592438,10.489990,10.421631,10.472908,10.455822,10.301891,10.370338,10.216270,10.182007,10.284771,10.216270,10.079128,9.958965,9.924606,9.941792,10.044807,10.096279,10.147728,10.079128,10.130581,10.010487,10.044807,10.096279,10.130581,10.199139,10.233398,10.250530,10.199139,10.267654,10.267654,10.319000,10.353233,10.353233,10.370338,10.421631,10.455822,10.507072,10.524147,10.438725,10.489990,10.524147,10.592438,10.660679,10.677727,10.626560,10.660679,10.831066,10.694775,10.762939,10.677727,10.797012,10.797012,10.916145,10.779976,10.831066,10.865101,10.882126,10.865101,10.882126,10.797012,10.916145,10.797012,10.779976,10.745911,10.728870,10.779976,10.677727,10.643623,10.541225,10.558300,10.524147,10.609497,10.558300,10.541225,10.507072,10.455822,10.284771,10.421631,10.404537,10.421631,10.558300,10.370338,10.524147,10.524147,10.404537,10.507072,10.438725,10.558300,10.489990,10.438725,10.455822,10.507072,10.489990,10.404537,10.455822,10.387436,10.353233,10.370338,10.387436,10.250530,10.250530,10.284771,10.250530,10.250530,10.267654,10.250530,10.199139,10.182007,10.061974,10.164867,10.164867,10.233398,10.216270,10.079128,9.993317,9.976139,10.609497,10.694775,10.694775,10.592438,10.199139,9.614849,9.217640,8.905678,8.383591,8.243912,8.016525,7.771088,7.630577,7.560242,7.472267,7.348972,7.384212,7.313717,7.384212,7.401833,7.366592,7.454662,7.384212,7.472267,7.542656,7.648148,7.612995,7.683289,7.788635,7.806187,7.735977,7.718422,7.788635,7.771088,7.911411,7.981499,7.858810,8.016525,7.946465,7.946465,7.893879,8.016525,8.034035,8.174004,8.366138,8.348686,8.401035,8.523075,8.505650,8.470791,8.366138,8.313774,8.331230,8.278851,8.366138,8.348686,8.174004,8.156513,8.156513,8.174004,8.226437,8.261383,8.296310,8.348686,
6.748028,6.677101,6.730297,6.694839,6.818905,6.836617,6.818905,6.818905,6.907440,6.925133,6.872036,6.942829,7.013577,6.978207,6.995895,7.154926,7.154926,7.101940,7.013577,7.119606,7.013577,7.066605,6.925133,7.084278,7.031254,7.101940,7.084278,7.048931,7.101940,7.190231,7.119606,7.207882,7.137272,7.260815,7.101940,7.225533,7.278450,7.313717,7.313717,7.366592,7.366592,7.384212,7.472267,7.489868,7.542656,7.507469,7.612995,7.665718,7.612995,7.665718,7.630577,7.823730,7.735977,7.858810,7.928940,7.928940,7.858810,8.034035,7.999016,8.191483,8.139027,8.139027,8.261383,8.243912,8.296310,8.348686,8.331230,8.453358,8.540497,8.557915,8.627563,8.644970,8.644970,8.749332,8.801476,8.749332,8.818848,8.853588,8.923035,8.923035,8.905678,8.975086,8.992432,8.940388,8.975086,8.992432,9.113758,8.975086,9.079109,9.009773,8.992432,9.027115,9.044441,9.044441,9.044441,9.044441,9.009773,9.027115,9.044441,9.027115,9.131081,9.183022,9.131081,8.801476,8.435913,8.296310,8.261383,8.243912,8.191483,8.331230,8.836220,8.957737,8.818848,8.679768,8.575333,8.348686,8.313774,8.313774,8.174004,8.191483,8.034035,8.086544,7.963982,7.858810,7.911411,7.771088,7.683289,7.788635,7.700855,7.630577,7.648148,7.542656,7.560242,7.454662,7.454662,7.525059,7.384212,7.366592,7.331345,7.313717,7.296085,7.260815,7.331345,7.260815,7.260815,7.296085,7.260815,7.296085,7.084278,7.101940,7.154926,7.119606,7.154926,7.154926,7.172585,7.243172,7.331345,7.507469,7.595413,7.963982,8.383591,9.113758,9.838661,9.958965,9.993317,10.130581,10.882126,12.183426,12.885777,12.852448,12.468342,12.267311,11.863968,11.425068,11.052120,10.831066,10.745911,10.575371,10.301891,10.044807,9.735428,9.476868,9.355976,9.131081,8.992432,8.992432,8.975086,8.766716,8.714558,8.888317,8.818848,8.714558,8.592743,8.488220,8.470791,8.523075,8.557915,8.453358,8.644970,8.557915,8.401035,8.470791,8.453358,8.383591,8.366138,8.523075,8.505650,8.575333,8.610161,8.610161,8.644970,8.610161,8.592743,8.714558,8.766716,8.853588,8.766716,8.731949,8.731949,8.749332,8.644970,8.697163,8.662369,8.714558,8.957737,9.061775,9.165710,9.165710,9.183022,9.113758,9.148392,9.027115,9.044441,8.905678,8.940388,8.975086,8.957737,9.061775,9.009773,8.853588,8.836220,8.818848,9.044441,9.044441,9.113758,9.096436,9.165710,9.183022,9.234943,9.131081,9.009773,8.957737,9.165710,9.476868,9.425079,9.355976,9.321407,9.234943,9.183022,9.217640,9.217640,9.200333,9.165710,8.992432,8.957737,9.217640,9.321407,9.269539,9.217640,9.304119,9.355976,9.390537,9.407806,9.373260,9.355976,9.563126,9.614849,9.787056,9.597610,9.683773,9.649315,9.700993,9.718216,9.718216,9.718216,9.735428,9.614849,9.459610,9.700993,9.890244,9.804260,9.580376,9.390537,9.407806,9.494129,9.373260,9.563126,9.528633,9.718216,9.632080,9.390537,9.355976,9.269539,9.321407,9.373260,9.459610,9.355976,9.321407,9.355976,9.407806,9.269539,9.252239,9.234943,9.511379,9.563126,9.407806,9.425079,9.494129,9.442345,9.355976,9.459610,9.614849,9.821461,9.528633,9.407806,9.304119,9.252239,9.321407,9.321407,9.390537,9.286831,9.183022,9.252239,9.666546,9.614849,9.407806,9.338692,9.442345,9.390537,9.390537,9.407806,9.545887,9.511379,9.563126,9.476868,9.614849,9.735428,9.649315,9.545887,9.580376,9.580376,10.336117,11.187904,11.255722,11.120033,10.831066,10.541225,10.319000,10.182007,10.044807,9.769852,9.459610,8.766716,8.505650,8.557915,9.079109,9.286831,9.494129,9.769852,9.821461,9.958965,10.113426,10.301891,10.489990,10.370338,10.472908,10.592438,10.472908,10.745911,10.797012,10.694775,10.779976,10.762939,10.950157,11.035133,10.950157,10.950157,10.967159,11.035133,10.984158,11.052120,11.103065,11.153976,11.255722,11.238777,11.187904,11.255722,11.255722,11.153976,11.137009,11.137009,11.069107,11.153976,11.103065,11.018150,11.103065,11.035133,11.001148,11.018150,10.984158,10.899132,10.865101,10.865101,10.677727,10.677727,10.797012,10.984158,11.035133,11.120033,11.137009,11.221825,11.103065,11.153976,11.238777,11.153976,11.103065,11.052120,11.137009,11.187904,11.204865,11.086086,11.086086,11.137009,11.120033,11.052120,11.069107,11.153976,11.103065,11.069107,11.069107,11.120033,11.103065,11.170944,11.069107,11.052120,11.221825,11.120033,11.018150,11.018150,11.018150,11.120033,10.933151,10.967159,11.086086,11.018150,11.018150,10.984158,10.984158,10.933151,10.899132,10.848083,10.848083,10.814041,10.916145,10.797012,10.848083,10.797012,10.711826,10.677727,10.592438,10.558300,10.421631,10.370338,10.301891,10.421631,10.541225,10.541225,10.507072,10.507072,10.472908,10.660679,10.609497,10.558300,10.438725,10.489990,10.643623,10.677727,10.643623,10.660679,10.745911,10.643623,10.745911,10.779976,10.745911,10.677727,10.865101,10.882126,10.831066,10.899132,10.899132,10.984158,10.899132,11.001148,11.001148,11.086086,10.933151,11.035133,11.086086,10.967159,11.120033,11.204865,11.170944,11.137009,11.120033,11.137009,11.272675,11.255722,11.255722,11.153976,11.103065,11.170944,11.221825,11.187904,11.120033,11.137009,11.001148,11.018150,10.967159,10.967159,10.848083,11.018150,10.984158,10.916145,10.933151,10.967159,10.950157,10.950157,10.814041,10.779976,10.779976,10.899132,10.728870,10.831066,10.916145,10.950157,11.035133,10.882126,10.950157,10.950157,10.984158,10.831066,10.882126,10.916145,10.848083,10.779976,10.728870,10.779976,10.848083,10.728870,10.694775,10.609497,10.677727,10.626560,10.677727,10.694775,10.626560,10.626560,10.472908,10.575371,10.626560,10.609497,10.609497,10.558300,10.472908,10.284771,10.370338,10.575371,10.489990,10.387436,10.113426,9.821461,9.476868,9.061775,8.662369,8.331230,8.121536,7.876347,7.735977,7.454662,7.366592,7.366592,7.243172,7.207882,7.278450,7.243172,7.243172,7.260815,7.278450,7.401833,7.542656,7.525059,7.630577,7.595413,7.700855,7.735977,7.806187,7.735977,7.806187,7.806187,7.841270,7.981499,7.928940,7.999016,7.963982,7.946465,7.946465,7.876347,8.069046,8.156513,8.313774,8.296310,8.296310,8.366138,8.331230,8.296310,8.366138,8.348686,8.226437,8.208961,8.208961,8.418476,8.313774,8.051544,8.086544,8.139027,8.174004,8.191483,8.191483,8.348686,8.366138,
6.872036,6.978207,7.066605,7.137272,7.137272,7.084278,7.119606,7.154926,7.207882,7.172585,7.278450,7.278450,7.313717,7.437057,7.401833,7.472267,7.437057,7.437057,7.384212,7.489868,7.542656,7.472267,7.489868,7.507469,7.419441,7.313717,7.419441,7.437057,7.366592,7.419441,7.401833,7.366592,7.401833,7.437057,7.348972,7.348972,7.401833,7.331345,7.331345,7.348972,7.296085,7.366592,7.348972,7.384212,7.437057,7.366592,7.348972,7.419441,7.437057,7.401833,7.507469,7.507469,7.577831,7.560242,7.595413,7.560242,7.612995,7.630577,7.718422,7.771088,7.806187,7.788635,7.771088,7.911411,7.999016,8.051544,7.946465,8.104042,8.121536,8.121536,8.226437,8.348686,8.243912,8.313774,8.348686,8.540497,8.540497,8.679768,8.697163,8.697163,8.749332,8.818848,8.940388,8.888317,8.888317,8.836220,8.957737,9.009773,9.061775,9.009773,9.096436,9.096436,9.148392,9.096436,9.165710,9.131081,9.217640,9.252239,9.165710,9.252239,9.148392,9.234943,9.200333,9.044441,8.836220,8.749332,8.731949,8.749332,8.766716,8.853588,9.044441,9.131081,9.044441,9.131081,9.148392,9.027115,8.888317,8.923035,8.957737,8.853588,8.801476,8.801476,8.818848,8.697163,8.679768,8.697163,8.662369,8.662369,8.540497,8.557915,8.610161,8.470791,8.348686,8.401035,8.296310,8.208961,8.174004,8.086544,8.104042,7.946465,7.928940,7.858810,7.788635,7.841270,7.823730,7.648148,7.612995,7.612995,7.560242,7.437057,7.437057,7.472267,7.437057,7.454662,7.419441,7.489868,7.560242,7.630577,7.683289,7.893879,8.278851,8.905678,9.632080,9.976139,9.838661,9.958965,10.421631,11.830276,12.568703,12.752399,12.568703,12.451607,11.948143,11.627888,11.492725,11.103065,11.018150,10.848083,10.489990,10.147728,9.821461,9.683773,9.580376,9.545887,9.252239,9.148392,9.200333,9.165710,8.975086,8.975086,8.784096,8.784096,8.766716,8.749332,8.627563,8.627563,8.644970,8.470791,8.610161,8.784096,8.540497,8.540497,8.505650,8.453358,8.453358,8.488220,8.627563,8.610161,8.453358,8.592743,8.644970,8.540497,8.557915,8.592743,8.679768,8.679768,8.749332,8.644970,8.557915,8.557915,8.610161,8.627563,8.592743,8.627563,8.801476,9.044441,9.131081,9.113758,9.044441,9.096436,9.131081,9.009773,8.975086,9.113758,9.009773,9.044441,9.044441,9.113758,9.061775,8.992432,8.923035,8.888317,9.183022,9.165710,9.027115,9.044441,9.096436,9.286831,9.183022,9.269539,9.252239,9.148392,9.355976,9.442345,9.373260,9.355976,9.338692,9.407806,9.338692,9.217640,9.183022,9.148392,9.061775,8.940388,8.940388,9.061775,9.165710,9.131081,9.113758,9.183022,9.252239,9.304119,9.165710,9.148392,9.183022,9.217640,9.683773,9.649315,9.528633,9.459610,9.545887,9.614849,9.666546,9.683773,9.700993,9.718216,9.580376,9.563126,9.873051,9.769852,9.752644,9.528633,9.476868,9.442345,9.494129,9.407806,9.442345,9.494129,9.545887,9.614849,9.545887,9.494129,9.425079,9.425079,9.511379,9.494129,9.442345,9.425079,9.407806,9.321407,9.321407,9.338692,9.407806,9.804260,9.718216,9.580376,9.545887,9.632080,9.614849,9.476868,9.545887,9.890244,9.890244,9.649315,9.459610,9.390537,9.442345,9.390537,9.355976,9.511379,9.459610,9.217640,9.459610,9.563126,9.476868,9.321407,9.338692,9.494129,9.459610,9.304119,9.425079,9.494129,9.442345,9.459610,9.425079,9.649315,9.632080,9.683773,9.597610,9.614849,9.683773,10.199139,10.507072,10.301891,10.284771,10.079128,9.787056,9.632080,9.494129,9.373260,9.183022,8.923035,8.488220,8.366138,8.575333,9.044441,9.183022,9.321407,9.614849,9.838661,10.010487,10.147728,10.216270,10.233398,10.455822,10.387436,10.404537,10.575371,10.558300,10.541225,10.558300,10.609497,10.711826,10.831066,10.933151,10.797012,10.831066,10.831066,10.950157,10.984158,11.018150,11.086086,11.001148,11.170944,11.120033,11.086086,11.170944,11.153976,11.221825,11.204865,11.137009,11.018150,11.035133,11.052120,11.001148,11.035133,11.001148,11.137009,11.086086,11.052120,10.933151,10.899132,10.899132,10.848083,10.899132,10.916145,11.035133,11.137009,11.204865,11.323498,11.306557,11.272675,11.340439,11.357365,11.357365,11.323498,11.289619,11.272675,11.323498,11.306557,11.238777,11.357365,11.289619,11.306557,11.272675,11.272675,11.238777,11.272675,11.374298,11.408150,11.255722,11.425068,11.374298,11.306557,11.221825,11.408150,11.357365,11.323498,11.357365,11.492725,11.391228,11.272675,11.425068,11.391228,11.306557,11.289619,11.272675,11.255722,11.340439,11.255722,11.306557,11.137009,11.187904,11.153976,11.137009,11.137009,11.137009,11.052120,10.967159,10.848083,10.728870,10.762939,10.745911,10.728870,10.933151,10.950157,10.950157,11.018150,11.018150,11.052120,11.137009,11.069107,11.018150,11.001148,10.984158,10.899132,11.035133,11.069107,11.018150,11.001148,11.001148,11.052120,11.221825,11.255722,11.187904,11.204865,11.204865,11.187904,11.204865,11.238777,11.272675,11.340439,11.289619,11.441990,11.340439,11.306557,11.323498,11.323498,11.441990,11.391228,11.509636,11.509636,11.560329,11.594112,11.644768,11.712273,11.627888,11.509636,11.425068,11.458900,11.526535,11.543430,11.577221,11.458900,11.374298,11.289619,11.323498,11.306557,11.238777,11.204865,11.187904,11.238777,11.272675,11.340439,11.323498,11.391228,11.323498,11.323498,11.272675,11.221825,11.204865,11.323498,11.340439,11.391228,11.391228,11.340439,11.374298,11.238777,11.357365,11.441990,11.272675,11.323498,11.408150,11.323498,11.204865,11.272675,11.255722,11.255722,11.204865,11.120033,11.103065,11.187904,11.086086,11.103065,11.018150,11.153976,11.103065,11.035133,11.086086,11.086086,10.967159,10.950157,10.916145,10.848083,10.694775,10.524147,10.421631,10.336117,10.250530,9.873051,9.614849,9.425079,9.131081,8.731949,8.523075,8.313774,8.051544,7.683289,7.437057,7.225533,7.154926,7.031254,7.048931,7.084278,7.172585,7.225533,7.190231,7.243172,7.296085,7.437057,7.454662,7.577831,7.648148,7.700855,7.823730,7.858810,7.893879,7.823730,7.946465,7.946465,8.069046,8.069046,8.034035,8.208961,8.174004,8.208961,8.331230,8.296310,8.348686,8.401035,8.261383,8.401035,8.540497,8.540497,8.418476,8.331230,8.208961,8.226437,8.313774,8.383591,8.366138,8.331230,8.191483,8.191483,8.191483,8.278851,8.348686,8.296310,8.401035,8.383591,
7.437057,7.348972,7.419441,7.472267,7.348972,7.454662,7.525059,7.489868,7.612995,7.612995,7.595413,7.612995,7.753536,7.700855,7.648148,7.876347,7.858810,7.735977,7.806187,7.858810,7.893879,7.806187,7.841270,7.823730,7.823730,7.876347,7.718422,7.771088,7.946465,7.823730,7.788635,7.753536,7.735977,7.753536,7.735977,7.735977,7.718422,7.630577,7.612995,7.595413,7.595413,7.560242,7.560242,7.560242,7.560242,7.542656,7.472267,7.577831,7.472267,7.419441,7.525059,7.401833,7.454662,7.560242,7.577831,7.542656,7.665718,7.648148,7.595413,7.595413,7.630577,7.648148,7.595413,7.577831,7.788635,7.683289,7.806187,7.788635,7.858810,7.858810,7.876347,7.981499,8.034035,7.981499,8.051544,8.034035,8.139027,8.174004,8.226437,8.348686,8.383591,8.348686,8.383591,8.540497,8.523075,8.575333,8.557915,8.662369,8.662369,8.731949,8.801476,8.853588,8.870953,8.923035,9.027115,9.027115,9.096436,9.079109,9.131081,9.165710,9.217640,9.234943,9.286831,9.200333,9.234943,9.373260,9.286831,9.286831,9.252239,9.113758,9.217640,9.200333,9.217640,9.217640,9.200333,9.217640,9.148392,9.200333,9.096436,9.183022,9.113758,9.079109,9.096436,9.061775,9.061775,9.009773,8.957737,8.992432,8.923035,8.905678,8.888317,8.905678,8.818848,8.784096,8.888317,8.836220,8.836220,8.784096,8.749332,8.697163,8.644970,8.644970,8.610161,8.627563,8.488220,8.453358,8.488220,8.313774,8.261383,8.226437,8.261383,8.191483,8.139027,8.051544,8.069046,8.051544,8.086544,8.034035,8.051544,8.139027,8.401035,8.836220,9.597610,9.821461,9.821461,9.718216,9.976139,10.984158,11.813431,12.233765,12.267311,12.133057,11.880806,11.526535,11.560329,11.357365,10.950157,10.507072,10.301891,9.976139,9.787056,9.787056,9.666546,9.528633,9.217640,9.269539,9.321407,9.321407,9.131081,8.992432,8.940388,8.818848,8.870953,8.853588,8.818848,8.714558,8.714558,8.714558,8.801476,8.957737,8.818848,8.610161,8.575333,8.610161,8.662369,8.749332,8.749332,8.697163,8.697163,8.801476,8.714558,8.662369,8.679768,8.662369,8.610161,8.644970,8.679768,8.610161,8.523075,8.505650,8.557915,8.627563,8.644970,8.679768,8.870953,8.975086,8.905678,9.027115,9.061775,9.096436,9.096436,9.131081,9.113758,9.113758,9.027115,9.200333,9.131081,9.044441,8.975086,8.905678,8.975086,9.027115,9.131081,9.096436,9.096436,9.113758,9.113758,9.148392,9.200333,9.200333,9.148392,9.286831,9.373260,9.355976,9.338692,9.321407,9.373260,9.355976,9.425079,9.269539,9.096436,9.009773,8.870953,8.784096,8.888317,9.113758,9.113758,9.096436,9.009773,9.079109,9.079109,9.165710,9.183022,9.148392,9.148392,9.269539,9.390537,9.425079,9.425079,9.373260,9.494129,9.528633,9.700993,9.718216,9.683773,9.683773,9.563126,9.700993,9.735428,9.735428,9.735428,9.718216,9.563126,9.442345,9.494129,9.459610,9.459610,9.528633,9.511379,9.718216,9.752644,9.545887,9.476868,9.373260,9.476868,9.407806,9.442345,9.425079,9.355976,9.373260,9.252239,9.252239,9.494129,9.924606,9.787056,9.649315,9.649315,9.735428,9.804260,9.683773,9.752644,9.873051,9.890244,9.873051,9.769852,9.683773,9.700993,9.580376,9.649315,9.718216,9.649315,9.735428,9.632080,9.545887,9.494129,9.476868,9.700993,9.683773,9.390537,9.338692,9.425079,9.355976,9.390537,9.338692,9.425079,9.718216,9.683773,9.476868,9.442345,9.373260,9.545887,9.855862,9.907425,9.855862,9.563126,9.304119,9.061775,8.870953,8.679768,8.662369,8.470791,8.331230,8.261383,8.086544,8.296310,8.470791,8.662369,8.853588,9.027115,9.338692,9.528633,9.735428,9.787056,9.924606,9.924606,9.993317,10.147728,10.182007,10.267654,10.182007,10.370338,10.370338,10.472908,10.592438,10.660679,10.626560,10.609497,10.643623,10.762939,10.814041,10.797012,10.984158,11.035133,11.052120,11.069107,10.933151,11.052120,11.086086,11.120033,11.289619,11.069107,11.052120,11.035133,11.103065,11.103065,11.035133,11.035133,11.086086,11.120033,11.103065,11.018150,11.221825,11.035133,11.018150,10.984158,11.018150,11.137009,11.238777,11.323498,11.357365,11.391228,11.475815,11.425068,11.408150,11.526535,11.425068,11.425068,11.441990,11.408150,11.391228,11.425068,11.441990,11.543430,11.492725,11.374298,11.425068,11.475815,11.526535,11.458900,11.475815,11.560329,11.492725,11.543430,11.475815,11.543430,11.644768,11.577221,11.594112,11.560329,11.577221,11.594112,11.577221,11.560329,11.543430,11.543430,11.543430,11.577221,11.560329,11.458900,11.560329,11.560329,11.543430,11.475815,11.577221,11.492725,11.408150,11.323498,11.357365,11.306557,11.238777,11.170944,11.035133,10.984158,11.069107,11.187904,11.374298,11.408150,11.323498,11.374298,11.391228,11.509636,11.492725,11.509636,11.475815,11.408150,11.357365,11.374298,11.340439,11.425068,11.441990,11.526535,11.577221,11.475815,11.611008,11.526535,11.509636,11.543430,11.475815,11.408150,11.560329,11.458900,11.560329,11.678528,11.745995,11.695396,11.745995,11.661655,11.560329,11.644768,11.695396,11.712273,11.830276,11.880806,11.914482,11.897648,11.914482,11.796577,11.729134,11.830276,11.847122,11.779716,11.847122,11.847122,11.847122,11.762863,11.745995,11.678528,11.695396,11.560329,11.745995,11.644768,11.560329,11.594112,11.577221,11.611008,11.678528,11.611008,11.695396,11.745995,11.745995,11.661655,11.796577,11.762863,11.796577,11.847122,11.813431,11.695396,11.678528,11.627888,11.712273,11.661655,11.779716,11.712273,11.678528,11.661655,11.644768,11.644768,11.611008,11.627888,11.475815,11.594112,11.526535,11.543430,11.391228,11.543430,11.458900,11.458900,11.441990,11.306557,11.425068,11.425068,11.323498,11.153976,11.052120,11.001148,10.916145,10.831066,10.762939,10.489990,10.216270,9.941792,9.752644,9.476868,9.252239,8.784096,8.610161,8.051544,7.472267,6.995895,6.694839,6.641617,6.606125,6.765751,6.730297,6.836617,6.889732,6.872036,6.942829,7.048931,7.207882,7.243172,7.507469,7.507469,7.595413,7.683289,7.823730,7.876347,7.963982,7.928940,8.016525,8.261383,8.296310,8.296310,8.366138,8.401035,8.418476,8.505650,8.557915,8.662369,8.557915,8.453358,8.523075,8.644970,8.540497,8.505650,8.435913,8.470791,8.418476,8.435913,8.470791,8.540497,8.610161,8.435913,8.418476,8.523075,8.488220,8.453358,8.348686,8.331230,8.383591,
7.788635,7.753536,7.841270,7.806187,7.823730,7.876347,7.858810,7.771088,7.876347,7.858810,7.999016,7.981499,8.104042,8.191483,8.086544,8.051544,8.121536,8.051544,8.139027,8.208961,8.226437,8.139027,8.174004,8.208961,8.191483,8.086544,8.121536,8.243912,8.139027,8.208961,8.174004,8.086544,8.034035,7.946465,8.016525,8.051544,8.086544,7.911411,7.893879,7.981499,7.946465,7.946465,7.911411,7.963982,7.823730,7.876347,7.876347,7.858810,7.876347,7.806187,7.665718,7.700855,7.700855,7.718422,7.788635,7.735977,7.788635,7.753536,7.577831,7.612995,7.648148,7.648148,7.612995,7.525059,7.612995,7.595413,7.718422,7.595413,7.683289,7.771088,7.788635,7.876347,7.893879,7.806187,7.823730,7.946465,7.911411,7.823730,7.981499,7.911411,7.981499,8.069046,8.086544,8.156513,8.121536,8.191483,8.208961,8.243912,8.313774,8.348686,8.435913,8.470791,8.488220,8.523075,8.662369,8.714558,8.679768,8.749332,8.749332,8.870953,8.940388,8.818848,8.992432,9.061775,9.148392,9.079109,9.148392,9.200333,9.200333,9.165710,9.113758,9.183022,9.200333,9.234943,9.217640,9.217640,9.183022,9.131081,9.200333,9.217640,9.183022,9.165710,9.252239,9.165710,9.044441,9.131081,9.113758,9.061775,9.079109,9.096436,9.148392,9.044441,9.044441,8.975086,8.975086,8.940388,8.853588,8.801476,8.801476,8.853588,8.853588,8.801476,8.731949,8.749332,8.731949,8.714558,8.714558,8.818848,8.801476,8.766716,8.749332,8.697163,8.697163,8.714558,8.714558,8.679768,8.749332,8.749332,8.766716,8.870953,8.940388,9.286831,9.649315,9.838661,9.649315,9.580376,9.804260,10.216270,11.272675,11.880806,12.166641,12.116257,11.847122,11.644768,11.712273,11.729134,11.103065,10.489990,10.130581,10.061974,9.838661,9.700993,9.563126,9.407806,9.183022,9.234943,9.355976,9.200333,9.131081,9.079109,9.044441,8.888317,8.836220,8.870953,8.836220,8.749332,8.818848,9.044441,9.061775,9.044441,8.940388,8.888317,9.113758,9.027115,9.044441,9.113758,9.096436,8.975086,8.870953,9.096436,8.957737,8.905678,8.801476,8.836220,8.870953,8.853588,8.836220,8.853588,8.714558,8.818848,8.836220,8.975086,9.009773,8.801476,8.853588,8.853588,8.784096,8.836220,8.940388,8.975086,9.027115,9.113758,9.148392,9.027115,9.096436,9.148392,9.061775,8.992432,9.044441,9.009773,9.044441,9.061775,9.096436,9.131081,9.131081,9.061775,9.044441,8.957737,9.044441,9.044441,9.148392,9.148392,9.234943,9.200333,9.165710,9.165710,9.113758,9.234943,9.304119,9.286831,8.992432,8.905678,8.957737,8.940388,8.940388,9.079109,9.217640,9.061775,9.009773,9.113758,9.252239,9.217640,9.217640,9.165710,9.304119,9.321407,9.373260,9.338692,9.425079,9.442345,9.563126,9.614849,9.700993,9.614849,9.700993,9.683773,9.580376,9.632080,9.718216,9.787056,9.735428,9.718216,9.580376,9.597610,9.476868,9.528633,9.442345,9.563126,9.563126,9.890244,10.130581,9.752644,9.373260,9.442345,9.425079,9.511379,9.442345,9.407806,9.407806,9.321407,9.321407,9.373260,9.459610,9.545887,9.597610,9.545887,9.545887,9.649315,9.700993,9.718216,9.769852,9.683773,9.890244,10.061974,10.010487,9.941792,9.907425,9.873051,9.855862,9.873051,9.958965,10.010487,9.924606,9.924606,9.855862,9.838661,10.267654,10.164867,9.666546,9.597610,9.580376,9.597610,9.580376,9.425079,9.528633,9.718216,9.700993,9.580376,9.528633,9.545887,9.718216,9.752644,9.597610,9.355976,9.061775,8.749332,8.557915,8.296310,7.963982,8.016525,7.841270,7.753536,7.718422,7.771088,7.735977,7.806187,8.051544,7.999016,8.139027,8.348686,8.575333,8.540497,8.644970,8.731949,8.905678,8.975086,9.061775,9.252239,9.407806,9.459610,9.614849,9.580376,9.683773,9.821461,9.804260,9.941792,10.027649,10.044807,10.284771,10.387436,10.404537,10.489990,10.575371,10.626560,10.677727,10.626560,10.660679,10.728870,10.814041,11.069107,10.865101,10.831066,10.814041,10.882126,10.933151,10.916145,10.831066,10.916145,10.950157,11.018150,11.069107,11.035133,11.086086,11.035133,11.052120,11.018150,11.120033,11.137009,11.204865,11.187904,11.289619,11.306557,11.289619,11.323498,11.357365,11.323498,11.357365,11.441990,11.458900,11.458900,11.475815,11.425068,11.509636,11.543430,11.543430,11.543430,11.526535,11.577221,11.458900,11.526535,11.627888,11.611008,11.594112,11.560329,11.695396,11.661655,11.627888,11.695396,11.729134,11.729134,11.661655,11.661655,11.678528,11.661655,11.712273,11.712273,11.695396,11.779716,11.627888,11.695396,11.712273,11.729134,11.695396,11.695396,11.644768,11.577221,11.644768,11.661655,11.661655,11.458900,11.391228,11.204865,11.170944,11.204865,11.374298,11.695396,11.779716,11.695396,11.712273,11.745995,11.813431,11.695396,11.762863,11.712273,11.762863,11.745995,11.779716,11.661655,11.779716,11.796577,11.880806,11.914482,11.948143,11.931309,11.981785,11.981785,11.779716,11.813431,11.847122,11.897648,11.931309,11.964966,11.745995,11.948143,11.981785,11.931309,11.897648,11.931309,12.065849,11.964966,12.049046,12.099461,12.082661,12.116257,12.099461,12.082661,11.998611,12.116257,12.032238,12.116257,12.065849,12.133057,12.216988,12.032238,11.981785,11.914482,11.880806,12.049046,11.948143,12.065849,11.847122,11.964966,11.847122,11.880806,11.948143,11.897648,11.729134,11.948143,11.897648,12.015423,12.032238,12.082661,12.216988,12.233765,12.183426,12.183426,12.116257,12.082661,12.032238,12.116257,12.116257,12.099461,12.065849,12.032238,11.964966,12.065849,12.065849,12.082661,11.981785,11.998611,12.015423,11.948143,11.931309,11.745995,11.661655,11.745995,11.830276,11.712273,11.611008,11.577221,11.644768,11.644768,11.492725,11.391228,11.441990,11.306557,11.221825,11.069107,10.865101,10.711826,10.353233,10.130581,9.924606,9.476868,9.390537,8.801476,7.999016,7.260815,6.677101,6.410706,6.375134,6.392914,6.481804,6.481804,6.623875,6.677101,6.801193,6.818905,6.818905,7.101940,7.190231,7.401833,7.472267,7.507469,7.630577,7.683289,7.700855,7.806187,7.911411,8.086544,8.226437,8.383591,8.383591,8.383591,8.366138,8.470791,8.540497,8.523075,8.627563,8.714558,8.714558,8.679768,8.836220,8.714558,8.697163,8.749332,8.697163,8.697163,8.801476,8.801476,8.731949,8.766716,8.801476,8.853588,8.766716,8.784096,8.627563,8.575333,8.644970,8.575333,
8.435913,8.278851,8.366138,8.278851,8.261383,8.470791,8.435913,8.470791,8.523075,8.540497,8.627563,8.575333,8.627563,8.592743,8.592743,8.644970,8.644970,8.697163,8.627563,8.714558,8.644970,8.697163,8.592743,8.644970,8.627563,8.662369,8.714558,8.627563,8.557915,8.627563,8.523075,8.418476,8.470791,8.505650,8.488220,8.418476,8.488220,8.435913,8.401035,8.366138,8.313774,8.401035,8.313774,8.261383,8.139027,8.366138,8.208961,8.296310,8.174004,8.156513,8.156513,8.174004,8.139027,8.156513,8.208961,8.261383,8.139027,8.121536,8.034035,8.121536,8.086544,8.086544,8.016525,7.999016,8.016525,7.893879,7.981499,7.928940,7.806187,7.893879,7.893879,7.999016,7.946465,7.981499,7.946465,7.946465,7.946465,7.981499,7.928940,7.946465,7.928940,7.946465,7.981499,7.928940,8.051544,8.016525,8.208961,8.208961,8.104042,8.139027,8.261383,8.208961,8.243912,8.331230,8.348686,8.348686,8.470791,8.383591,8.453358,8.348686,8.523075,8.592743,8.592743,8.644970,8.644970,8.731949,8.801476,8.818848,8.766716,8.662369,8.801476,8.784096,8.957737,8.957737,8.888317,8.940388,8.923035,8.992432,8.992432,9.079109,9.027115,8.975086,9.027115,9.061775,9.009773,8.992432,9.009773,9.009773,9.044441,9.096436,9.079109,9.009773,9.096436,9.061775,9.096436,9.113758,8.992432,9.009773,8.905678,8.905678,8.923035,8.853588,8.818848,8.766716,8.766716,8.749332,8.766716,8.731949,8.749332,8.766716,8.749332,8.714558,8.801476,8.836220,8.766716,8.836220,8.836220,8.888317,8.923035,9.009773,9.113758,9.148392,9.425079,9.511379,9.511379,9.511379,9.597610,9.890244,10.831066,11.627888,12.015423,12.183426,11.981785,11.729134,11.729134,11.492725,11.120033,10.558300,10.336117,10.061974,9.890244,9.752644,9.632080,9.511379,9.355976,9.286831,9.269539,9.200333,9.148392,9.096436,8.975086,8.975086,8.784096,8.766716,8.784096,8.714558,8.662369,9.009773,9.252239,9.217640,9.079109,9.165710,9.183022,9.044441,9.113758,9.252239,9.113758,8.940388,9.044441,9.252239,9.079109,8.992432,8.992432,9.027115,9.009773,9.009773,9.044441,9.009773,8.923035,8.818848,8.975086,9.079109,9.044441,8.975086,8.940388,8.888317,8.853588,8.923035,8.870953,8.888317,8.766716,8.957737,9.079109,9.096436,9.165710,9.183022,9.096436,9.061775,9.148392,9.131081,9.061775,9.113758,9.079109,9.113758,9.252239,9.252239,8.992432,9.027115,8.905678,8.905678,8.992432,9.079109,9.113758,9.096436,9.079109,9.044441,8.975086,9.079109,9.269539,9.148392,8.957737,8.992432,9.009773,8.992432,9.061775,8.975086,9.044441,8.870953,8.992432,9.061775,9.252239,9.286831,9.252239,9.286831,9.355976,9.407806,9.407806,9.459610,9.459610,9.563126,9.597610,9.632080,9.649315,9.683773,9.718216,9.683773,9.666546,9.666546,9.752644,9.838661,9.700993,9.597610,9.545887,9.528633,9.494129,9.494129,9.528633,9.511379,9.632080,9.735428,9.873051,9.804260,9.718216,9.511379,9.649315,9.597610,9.597610,9.632080,9.528633,9.338692,9.390537,9.390537,9.459610,9.459610,9.494129,9.425079,9.373260,9.459610,9.494129,9.614849,9.459610,9.355976,9.666546,10.027649,9.907425,9.855862,9.838661,9.941792,9.873051,9.958965,10.027649,10.113426,10.113426,10.113426,10.233398,10.250530,10.489990,10.353233,10.096279,10.096279,10.113426,10.079128,10.061974,9.941792,9.838661,9.976139,10.061974,10.061974,9.993317,10.199139,9.993317,9.941792,9.234943,8.888317,8.435913,8.243912,8.016525,7.806187,7.648148,7.560242,7.366592,7.296085,7.207882,7.260815,7.207882,7.260815,7.225533,7.331345,7.401833,7.454662,7.525059,7.542656,7.595413,7.823730,7.771088,7.911411,7.858810,8.069046,8.296310,8.261383,8.296310,8.383591,8.575333,8.575333,8.644970,8.766716,8.801476,8.992432,9.113758,9.252239,9.269539,9.442345,9.425079,9.597610,9.683773,9.649315,9.821461,9.907425,9.941792,10.130581,10.113426,10.164867,10.267654,10.353233,10.353233,10.472908,10.558300,10.558300,10.609497,10.626560,10.728870,10.779976,10.779976,10.797012,10.797012,10.950157,11.069107,10.916145,11.035133,11.052120,11.052120,11.170944,11.238777,11.255722,11.187904,11.255722,11.272675,11.357365,11.289619,11.323498,11.306557,11.391228,11.441990,11.458900,11.441990,11.509636,11.560329,11.526535,11.526535,11.492725,11.560329,11.560329,11.577221,11.594112,11.644768,11.678528,11.678528,11.813431,11.729134,11.695396,11.712273,11.695396,11.695396,11.695396,11.678528,11.695396,11.813431,11.813431,11.762863,11.779716,11.745995,11.796577,11.729134,11.762863,11.745995,11.745995,11.796577,11.745995,11.695396,11.644768,11.577221,11.221825,11.221825,11.137009,11.695396,11.813431,11.745995,11.847122,11.830276,11.847122,11.880806,11.779716,11.830276,11.813431,11.897648,11.897648,11.931309,11.931309,12.015423,12.065849,12.099461,12.133057,12.166641,12.065849,12.200203,12.183426,12.233765,12.133057,12.166641,12.216988,12.200203,12.267311,12.284077,12.200203,12.216988,12.233765,12.183426,12.401375,12.284077,12.351128,12.317612,12.401375,12.334373,12.216988,12.267311,12.334373,12.384636,12.367878,12.418129,12.434868,12.418129,12.535263,12.485077,12.384636,12.300850,12.200203,12.216988,12.267311,12.250546,12.351128,12.267311,12.267311,12.183426,12.267311,12.267311,12.250546,12.250546,12.284077,12.300850,12.401375,12.468342,12.518532,12.652241,12.635536,12.635536,12.668941,12.585411,12.602119,12.551975,12.602119,12.602119,12.535263,12.501804,12.485077,12.485077,12.501804,12.535263,12.602119,12.551975,12.551975,12.418129,12.250546,12.233765,12.116257,12.116257,12.065849,12.015423,12.032238,11.998611,11.964966,11.998611,11.897648,11.981785,11.863968,11.813431,11.796577,11.712273,11.526535,11.374298,11.137009,10.797012,10.609497,10.387436,10.010487,9.700993,9.113758,7.981499,6.995895,6.641617,6.197094,6.250534,6.179276,6.268349,6.499577,6.535103,6.570625,6.588379,6.659363,6.854328,7.172585,7.313717,7.489868,7.595413,7.612995,7.771088,7.858810,7.806187,7.928940,8.086544,8.296310,8.418476,8.557915,8.453358,8.435913,8.453358,8.453358,8.523075,8.644970,8.644970,8.731949,8.662369,8.714558,8.784096,8.679768,8.714558,8.818848,8.766716,8.853588,8.888317,8.853588,8.766716,8.853588,8.853588,8.975086,9.165710,9.096436,8.870953,8.905678,8.818848,8.870953,
8.818848,8.870953,8.853588,8.923035,8.940388,8.923035,8.905678,8.975086,9.009773,9.131081,9.061775,9.061775,9.079109,9.096436,9.131081,9.183022,9.148392,9.027115,9.044441,9.252239,9.183022,9.009773,9.148392,9.061775,9.061775,9.113758,9.096436,9.044441,9.027115,8.975086,8.905678,8.992432,8.853588,8.801476,8.836220,8.784096,8.818848,8.801476,8.784096,8.697163,8.697163,8.766716,8.714558,8.662369,8.714558,8.714558,8.557915,8.557915,8.557915,8.557915,8.523075,8.331230,8.418476,8.488220,8.523075,8.470791,8.540497,8.453358,8.470791,8.366138,8.435913,8.313774,8.453358,8.278851,8.226437,8.366138,8.261383,8.383591,8.208961,8.226437,8.156513,8.331230,8.261383,8.243912,8.278851,8.208961,8.278851,8.121536,8.191483,8.139027,8.191483,8.086544,8.226437,8.174004,8.104042,8.226437,8.191483,8.191483,8.348686,8.348686,8.278851,8.278851,8.278851,8.296310,8.296310,8.366138,8.383591,8.366138,8.348686,8.331230,8.331230,8.401035,8.313774,8.366138,8.435913,8.383591,8.418476,8.418476,8.331230,8.435913,8.453358,8.435913,8.488220,8.488220,8.505650,8.540497,8.505650,8.592743,8.523075,8.644970,8.610161,8.610161,8.662369,8.749332,8.662369,8.697163,8.731949,8.888317,8.749332,8.749332,8.836220,8.784096,8.870953,8.836220,8.801476,8.836220,8.818848,8.853588,8.905678,8.784096,8.870953,8.836220,8.836220,8.784096,8.731949,8.766716,8.697163,8.662369,8.627563,8.731949,8.784096,8.818848,8.749332,8.818848,8.853588,8.801476,8.905678,8.888317,8.992432,8.992432,8.957737,8.992432,9.200333,9.252239,9.304119,9.442345,9.528633,9.649315,10.199139,11.153976,11.712273,11.880806,11.594112,11.323498,11.069107,11.018150,10.882126,10.779976,10.387436,10.113426,9.958965,9.855862,9.632080,9.597610,9.407806,9.286831,9.252239,9.200333,9.269539,9.338692,9.165710,8.940388,8.766716,8.784096,8.853588,8.662369,8.784096,9.079109,9.373260,9.338692,9.217640,9.286831,9.165710,9.217640,9.217640,9.183022,9.113758,9.027115,9.131081,9.200333,9.044441,8.992432,9.044441,9.079109,9.096436,9.061775,8.940388,8.940388,8.853588,8.749332,8.888317,9.009773,9.079109,8.992432,9.027115,8.957737,8.888317,8.870953,8.888317,8.853588,8.923035,9.165710,9.442345,9.355976,9.286831,9.321407,9.338692,9.234943,9.234943,9.425079,9.252239,9.252239,9.096436,9.061775,9.286831,9.234943,9.009773,8.957737,8.940388,8.957737,9.009773,9.113758,9.079109,9.096436,9.044441,9.131081,9.061775,9.113758,9.113758,9.079109,9.061775,8.940388,8.940388,8.888317,8.836220,8.853588,8.940388,9.009773,9.113758,9.200333,9.304119,9.269539,9.338692,9.390537,9.338692,9.321407,9.252239,9.304119,9.269539,9.459610,9.545887,9.735428,9.666546,9.769852,9.769852,9.787056,9.718216,9.666546,9.718216,9.683773,9.597610,9.528633,9.494129,9.528633,9.390537,9.217640,9.321407,9.338692,9.355976,9.390537,9.304119,9.632080,9.563126,9.545887,9.683773,9.700993,9.752644,9.769852,9.700993,9.614849,9.494129,9.407806,9.563126,9.649315,9.545887,9.442345,9.459610,9.425079,9.511379,9.494129,9.442345,9.373260,9.511379,9.752644,9.614849,9.545887,9.563126,9.614849,9.666546,9.649315,9.804260,9.873051,9.924606,10.027649,9.993317,10.027649,10.233398,10.130581,10.113426,10.182007,10.233398,10.233398,10.182007,10.130581,10.113426,10.182007,10.541225,10.575371,10.558300,10.643623,10.541225,10.010487,9.061775,8.523075,8.156513,7.981499,7.735977,7.665718,7.472267,7.313717,7.172585,7.137272,7.013577,6.978207,7.013577,6.818905,6.818905,6.872036,6.854328,6.872036,6.960518,6.978207,6.995895,7.013577,7.101940,7.172585,7.296085,7.384212,7.260815,7.384212,7.525059,7.560242,7.560242,7.700855,7.788635,7.735977,7.946465,7.981499,8.016525,8.104042,8.261383,8.313774,8.401035,8.435913,8.540497,8.610161,8.697163,8.853588,8.923035,8.975086,9.027115,9.131081,9.148392,9.148392,9.269539,9.321407,9.459610,9.476868,9.563126,9.735428,9.666546,9.855862,9.890244,9.993317,9.976139,9.958965,10.199139,10.164867,10.301891,10.404537,10.455822,10.626560,10.745911,10.728870,10.797012,10.848083,10.916145,11.001148,11.018150,11.052120,11.120033,11.137009,11.137009,11.306557,11.306557,11.408150,11.357365,11.357365,11.306557,11.408150,11.408150,11.509636,11.475815,11.475815,11.560329,11.594112,11.577221,11.594112,11.712273,11.695396,11.678528,11.779716,11.712273,11.661655,11.712273,11.712273,11.745995,11.813431,11.897648,11.830276,11.712273,11.729134,11.745995,11.745995,11.863968,11.745995,11.745995,11.712273,11.644768,11.594112,11.678528,11.357365,11.204865,11.221825,11.526535,11.712273,11.863968,11.830276,11.880806,11.880806,11.880806,11.964966,11.964966,11.998611,12.065849,12.049046,12.133057,12.015423,12.116257,12.183426,12.166641,12.216988,12.317612,12.300850,12.367878,12.351128,12.300850,12.367878,12.267311,12.334373,12.384636,12.434868,12.334373,12.300850,12.317612,12.401375,12.367878,12.367878,12.485077,12.418129,12.468342,12.535263,12.485077,12.300850,12.300850,12.384636,12.551975,12.568703,12.635536,12.635536,12.719025,12.602119,12.602119,12.451607,12.418129,12.401375,12.317612,12.451607,12.501804,12.551975,12.551975,12.418129,12.468342,12.518532,12.535263,12.501804,12.518532,12.652241,12.668941,12.702332,12.735714,12.919083,12.885777,13.035591,12.969040,12.952389,13.035591,12.985676,12.969040,12.952389,12.819115,12.935738,12.952389,12.919083,12.969040,12.935738,12.869114,12.885777,12.752399,12.735714,12.652241,12.535263,12.451607,12.401375,12.317612,12.334373,12.284077,12.351128,12.166641,12.233765,12.200203,12.133057,12.200203,12.116257,12.216988,12.166641,12.082661,11.964966,11.661655,11.340439,11.035133,10.848083,10.660679,10.370338,10.027649,9.200333,7.928940,6.783474,6.214916,5.911625,5.929482,6.000916,6.018761,6.072296,6.232731,6.125797,6.161457,6.321754,6.499577,6.783474,6.925133,6.995895,7.225533,7.401833,7.437057,7.454662,7.630577,7.700855,7.876347,8.069046,8.243912,8.208961,8.243912,8.226437,8.208961,8.313774,8.401035,8.488220,8.575333,8.575333,8.627563,8.801476,8.836220,8.801476,8.731949,8.836220,8.836220,8.870953,8.784096,8.784096,8.836220,8.923035,9.079109,9.131081,9.304119,9.165710,8.870953,8.870953,9.079109,8.923035,
9.355976,9.355976,9.373260,9.304119,9.373260,9.580376,9.459610,9.442345,9.545887,9.459610,9.476868,9.528633,9.597610,9.597610,9.563126,9.649315,9.632080,9.563126,9.476868,9.649315,9.545887,9.459610,9.459610,9.545887,9.511379,9.528633,9.545887,9.476868,9.442345,9.494129,9.286831,9.355976,9.286831,9.390537,9.252239,9.200333,9.355976,9.252239,9.269539,9.148392,9.234943,9.252239,9.234943,9.044441,9.113758,9.217640,8.940388,9.061775,8.975086,8.923035,8.888317,8.888317,8.905678,8.731949,8.749332,8.801476,8.836220,8.644970,8.714558,8.714558,8.714558,8.644970,8.644970,8.592743,8.575333,8.592743,8.644970,8.679768,8.540497,8.435913,8.523075,8.488220,8.557915,8.575333,8.523075,8.575333,8.540497,8.505650,8.592743,8.679768,8.505650,8.575333,8.575333,8.557915,8.505650,8.610161,8.662369,8.644970,8.644970,8.679768,8.697163,8.644970,8.575333,8.557915,8.610161,8.714558,8.575333,8.627563,8.540497,8.557915,8.470791,8.523075,8.470791,8.470791,8.435913,8.435913,8.331230,8.366138,8.401035,8.418476,8.453358,8.418476,8.348686,8.366138,8.348686,8.401035,8.418476,8.401035,8.401035,8.418476,8.401035,8.278851,8.418476,8.383591,8.453358,8.401035,8.331230,8.331230,8.366138,8.296310,8.505650,8.453358,8.540497,8.592743,8.470791,8.557915,8.557915,8.523075,8.575333,8.592743,8.679768,8.575333,8.592743,8.610161,8.662369,8.610161,8.575333,8.644970,8.523075,8.488220,8.610161,8.644970,8.662369,8.662369,8.662369,8.697163,8.749332,8.818848,8.836220,8.870953,8.940388,9.009773,8.975086,9.113758,9.252239,9.338692,9.373260,9.442345,9.821461,10.762939,11.594112,11.627888,11.560329,11.069107,10.882126,10.933151,11.103065,11.103065,10.592438,10.267654,10.079128,9.907425,9.683773,9.614849,9.511379,9.459610,9.252239,9.252239,9.476868,9.407806,9.252239,9.061775,8.975086,8.905678,8.975086,8.905678,9.113758,9.252239,9.355976,9.407806,9.234943,9.269539,9.148392,9.009773,8.975086,9.044441,9.009773,9.044441,9.061775,9.061775,8.957737,8.975086,9.027115,8.940388,8.888317,8.957737,8.923035,8.888317,8.731949,8.714558,8.714558,9.061775,9.044441,9.044441,8.975086,8.975086,9.061775,9.079109,9.148392,9.165710,9.200333,9.407806,9.580376,9.545887,9.580376,9.563126,9.511379,9.476868,9.442345,9.407806,9.355976,9.338692,9.131081,9.269539,9.269539,9.390537,9.217640,9.252239,9.217640,9.165710,9.096436,9.096436,9.113758,9.131081,9.252239,9.442345,9.165710,9.148392,9.096436,9.165710,9.079109,9.027115,8.957737,8.905678,8.836220,8.818848,8.818848,9.165710,9.304119,9.183022,9.165710,9.131081,9.321407,9.338692,9.355976,9.217640,9.200333,9.252239,9.407806,9.304119,9.390537,9.580376,9.700993,9.649315,9.821461,9.752644,9.666546,9.769852,9.666546,9.580376,9.614849,9.597610,9.528633,9.528633,9.165710,9.061775,9.113758,9.113758,9.096436,9.165710,9.079109,9.131081,9.079109,9.148392,9.407806,9.735428,9.700993,9.752644,9.735428,9.735428,9.632080,9.545887,9.700993,9.700993,9.666546,9.614849,9.390537,9.425079,9.407806,9.390537,9.355976,9.442345,9.511379,9.459610,9.511379,9.407806,9.321407,9.476868,9.545887,9.700993,9.718216,9.752644,9.718216,9.683773,9.683773,9.855862,10.044807,9.924606,9.855862,9.907425,9.941792,9.976139,9.941792,9.890244,9.941792,10.147728,10.558300,10.455822,10.472908,10.507072,10.609497,9.941792,9.494129,8.975086,8.801476,8.610161,8.348686,8.034035,7.981499,7.876347,7.700855,7.472267,7.366592,7.296085,7.190231,7.084278,7.137272,6.925133,6.942829,6.801193,6.889732,6.748028,6.765751,6.818905,6.818905,6.854328,6.889732,6.978207,6.942829,7.066605,6.960518,7.119606,7.013577,7.119606,7.119606,7.154926,7.154926,7.278450,7.348972,7.401833,7.437057,7.612995,7.612995,7.542656,7.648148,7.806187,7.771088,7.823730,7.911411,7.981499,8.051544,8.034035,8.086544,8.121536,8.208961,8.278851,8.296310,8.331230,8.435913,8.401035,8.505650,8.592743,8.610161,8.679768,8.679768,8.818848,8.888317,8.957737,9.096436,9.183022,9.217640,9.425079,9.355976,9.494129,9.597610,9.597610,9.769852,9.976139,9.976139,10.044807,10.079128,10.182007,10.250530,10.387436,10.387436,10.489990,10.541225,10.609497,10.643623,10.728870,10.831066,10.848083,10.967159,11.103065,11.052120,11.289619,11.272675,11.289619,11.306557,11.374298,11.357365,11.408150,11.374298,11.458900,11.492725,11.577221,11.678528,11.577221,11.611008,11.644768,11.644768,11.543430,11.678528,11.678528,11.712273,11.661655,11.678528,11.661655,11.594112,11.526535,11.492725,11.238777,11.052120,11.018150,11.408150,11.543430,11.678528,11.779716,11.796577,11.813431,11.779716,11.880806,11.863968,11.847122,11.880806,11.897648,11.981785,11.948143,12.015423,12.099461,12.233765,12.216988,12.250546,12.284077,12.317612,12.334373,12.351128,12.267311,12.317612,12.351128,12.418129,12.485077,12.401375,12.317612,12.434868,12.317612,12.418129,12.451607,12.468342,12.434868,12.401375,12.468342,12.434868,12.401375,12.468342,12.451607,12.518532,12.518532,12.501804,12.485077,12.568703,12.602119,12.602119,12.568703,12.518532,12.485077,12.535263,12.668941,12.719025,12.568703,12.585411,12.551975,12.635536,12.618832,12.702332,12.719025,12.769081,12.802441,12.852448,12.869114,12.935738,13.018955,13.085476,13.151951,13.251579,13.201775,13.301342,13.284760,13.234974,13.185173,13.151951,13.185173,13.151951,13.218376,13.185173,13.052223,13.234974,13.135342,13.118725,13.102104,12.869114,12.802441,12.719025,12.668941,12.585411,12.602119,12.501804,12.568703,12.518532,12.367878,12.367878,12.451607,12.451607,12.618832,12.551975,12.585411,12.418129,12.267311,11.931309,11.661655,11.374298,11.086086,10.848083,10.524147,10.182007,9.373260,7.893879,6.659363,6.000916,5.858009,5.786484,5.786484,5.893753,5.893753,5.965206,6.054455,6.000916,6.125797,6.357342,6.517342,6.765751,6.818905,6.978207,7.190231,7.278450,7.366592,7.437057,7.665718,7.683289,7.858810,8.016525,7.981499,8.121536,8.174004,8.383591,8.366138,8.366138,8.540497,8.470791,8.540497,8.679768,8.957737,8.853588,8.749332,8.575333,8.644970,8.714558,8.801476,8.784096,8.784096,8.836220,9.079109,9.200333,9.252239,9.009773,8.957737,8.992432,8.940388,8.975086,8.992432,
9.804260,9.700993,9.769852,9.769852,9.821461,9.787056,9.924606,9.958965,9.993317,9.907425,10.010487,10.027649,10.027649,9.993317,10.010487,9.993317,10.079128,10.044807,10.061974,9.976139,10.061974,10.044807,9.993317,9.924606,9.976139,10.044807,10.027649,9.924606,9.958965,10.044807,9.958965,9.924606,9.907425,9.855862,9.769852,9.700993,9.787056,9.787056,9.752644,9.683773,9.683773,9.632080,9.649315,9.614849,9.476868,9.511379,9.425079,9.425079,9.459610,9.442345,9.338692,9.390537,9.321407,9.286831,9.252239,9.200333,9.286831,9.148392,9.183022,9.113758,9.079109,9.009773,9.009773,9.009773,8.940388,8.957737,8.975086,8.940388,8.888317,8.836220,8.940388,8.940388,8.836220,8.940388,8.905678,8.801476,8.992432,8.888317,8.957737,8.905678,8.888317,8.940388,8.870953,8.870953,8.888317,8.957737,9.044441,8.975086,9.061775,9.096436,8.940388,8.992432,8.957737,9.027115,9.131081,9.009773,9.096436,9.009773,9.009773,8.905678,8.923035,8.766716,8.853588,8.923035,8.905678,8.888317,8.766716,8.679768,8.731949,8.818848,8.697163,8.731949,8.662369,8.470791,8.470791,8.470791,8.470791,8.505650,8.557915,8.523075,8.453358,8.383591,8.418476,8.488220,8.453358,8.383591,8.331230,8.331230,8.366138,8.191483,8.296310,8.278851,8.313774,8.313774,8.331230,8.296310,8.278851,8.331230,8.313774,8.331230,8.366138,8.401035,8.174004,8.331230,8.278851,8.348686,8.435913,8.331230,8.296310,8.313774,8.348686,8.401035,8.418476,8.505650,8.331230,8.453358,8.453358,8.505650,8.488220,8.610161,8.697163,8.818848,8.888317,8.853588,8.975086,8.853588,9.079109,9.252239,9.355976,10.164867,11.425068,11.813431,11.695396,11.255722,10.933151,11.035133,11.255722,11.170944,10.762939,10.455822,10.216270,10.061974,9.683773,9.614849,9.545887,9.442345,9.304119,9.286831,9.459610,9.286831,9.183022,9.027115,9.009773,9.044441,9.044441,9.079109,9.027115,8.992432,9.079109,9.286831,9.183022,9.061775,8.992432,8.749332,8.853588,8.818848,8.975086,9.027115,9.096436,8.975086,8.818848,8.923035,8.870953,8.766716,8.818848,8.784096,8.784096,8.801476,8.731949,8.749332,8.731949,9.027115,9.113758,8.992432,8.975086,8.992432,9.079109,9.113758,9.252239,9.234943,9.234943,9.476868,9.494129,9.580376,9.545887,9.511379,9.528633,9.459610,9.459610,9.442345,9.373260,9.304119,9.217640,9.252239,9.355976,9.459610,9.338692,9.338692,9.321407,9.252239,9.217640,9.217640,9.148392,9.200333,9.355976,9.407806,9.269539,9.183022,9.252239,9.200333,9.269539,9.234943,9.321407,9.200333,9.148392,9.148392,9.131081,9.373260,9.390537,9.321407,9.304119,9.304119,9.373260,9.269539,9.269539,9.217640,9.234943,9.442345,9.580376,9.528633,9.494129,9.425079,9.407806,9.494129,9.597610,9.614849,9.649315,9.459610,9.442345,9.338692,9.459610,9.580376,9.580376,9.494129,9.183022,9.027115,9.061775,9.148392,9.061775,9.079109,9.079109,9.027115,9.027115,9.096436,9.442345,9.580376,9.511379,9.459610,9.614849,9.614849,9.649315,9.563126,9.563126,9.614849,9.597610,9.563126,9.476868,9.459610,9.442345,9.390537,9.425079,9.425079,9.407806,9.407806,9.321407,9.217640,9.217640,9.390537,9.683773,9.614849,9.649315,9.649315,9.683773,9.580376,9.649315,9.873051,9.804260,9.649315,9.563126,9.476868,9.580376,9.649315,9.735428,9.821461,9.787056,9.873051,10.096279,10.113426,10.113426,10.216270,10.216270,10.113426,10.044807,9.838661,9.787056,9.666546,9.476868,9.407806,9.355976,9.217640,9.027115,8.940388,8.818848,8.627563,8.540497,8.348686,8.243912,8.086544,7.893879,7.946465,7.700855,7.472267,7.472267,7.366592,7.331345,7.313717,7.260815,7.207882,7.190231,7.084278,7.119606,7.013577,7.031254,7.066605,7.031254,7.190231,7.137272,7.225533,7.172585,7.243172,7.243172,7.225533,7.348972,7.296085,7.331345,7.348972,7.313717,7.384212,7.331345,7.384212,7.454662,7.437057,7.401833,7.489868,7.437057,7.630577,7.577831,7.612995,7.612995,7.665718,7.718422,7.753536,7.753536,7.735977,7.841270,7.876347,7.981499,7.963982,8.051544,8.086544,8.278851,8.261383,8.296310,8.418476,8.366138,8.540497,8.644970,8.766716,8.801476,8.870953,8.923035,9.009773,9.044441,9.148392,9.252239,9.217640,9.252239,9.355976,9.494129,9.511379,9.614849,9.666546,9.769852,9.890244,9.907425,9.976139,10.113426,10.130581,10.267654,10.319000,10.455822,10.455822,10.660679,10.677727,10.779976,10.933151,10.950157,11.035133,11.001148,11.153976,11.204865,11.137009,11.153976,11.221825,11.255722,11.340439,11.492725,11.289619,11.408150,11.357365,11.204865,11.035133,10.797012,10.694775,11.238777,11.441990,11.594112,11.594112,11.644768,11.678528,11.779716,11.813431,11.830276,11.779716,11.897648,11.914482,12.015423,11.914482,11.998611,11.931309,12.116257,12.183426,12.200203,12.233765,12.384636,12.367878,12.384636,12.284077,12.334373,12.317612,12.367878,12.434868,12.384636,12.351128,12.351128,12.401375,12.501804,12.485077,12.401375,12.367878,12.434868,12.384636,12.351128,12.334373,12.317612,12.418129,12.401375,12.334373,12.485077,12.451607,12.485077,12.535263,12.535263,12.585411,12.568703,12.535263,12.602119,12.652241,12.618832,12.685638,12.719025,12.769081,12.719025,12.752399,12.835777,12.852448,12.885777,12.935738,12.935738,12.969040,13.085476,13.185173,13.251579,13.268166,13.234974,13.334507,13.334507,13.284760,13.334507,13.384232,13.400806,13.384232,13.433933,13.317928,13.384232,13.367657,13.400806,13.268166,13.218376,13.185173,13.135342,13.052223,12.902435,12.835777,12.785763,12.719025,12.719025,12.585411,12.668941,12.535263,12.585411,12.551975,12.585411,12.685638,12.752399,12.852448,12.835777,12.585411,12.267311,12.015423,11.695396,11.441990,11.187904,10.899132,10.404537,9.683773,8.104042,6.818905,6.303955,5.840134,5.893753,5.911625,6.000916,6.000916,6.000916,6.090134,6.197094,6.392914,6.392914,6.606125,6.623875,6.765751,6.978207,6.995895,7.190231,7.278450,7.437057,7.630577,7.858810,8.139027,8.191483,8.366138,8.261383,8.453358,8.453358,8.557915,8.592743,8.610161,8.714558,8.766716,8.905678,9.044441,9.079109,9.079109,8.923035,9.009773,8.905678,9.079109,9.131081,9.200333,9.148392,9.148392,9.165710,9.079109,9.113758,9.183022,9.183022,9.200333,9.217640,9.113758,
10.267654,10.147728,10.233398,10.199139,10.336117,10.319000,10.370338,10.284771,10.353233,10.284771,10.370338,10.336117,10.387436,10.267654,10.387436,10.404537,10.524147,10.472908,10.472908,10.507072,10.438725,10.455822,10.438725,10.524147,10.524147,10.404537,10.387436,10.387436,10.387436,10.438725,10.301891,10.438725,10.233398,10.233398,10.250530,10.164867,10.182007,10.250530,10.267654,10.164867,10.096279,10.044807,9.976139,10.130581,9.993317,9.958965,9.838661,9.941792,9.787056,9.873051,9.804260,9.666546,9.718216,9.735428,9.597610,9.528633,9.597610,9.511379,9.494129,9.425079,9.476868,9.373260,9.511379,9.373260,9.373260,9.425079,9.252239,9.425079,9.217640,9.321407,9.252239,9.269539,9.183022,9.252239,9.304119,9.269539,9.234943,9.165710,9.252239,9.252239,9.217640,9.217640,9.217640,9.200333,9.355976,9.269539,9.321407,9.269539,9.321407,9.304119,9.321407,9.442345,9.286831,9.321407,9.373260,9.373260,9.373260,9.234943,9.252239,9.304119,9.200333,9.321407,9.131081,9.234943,9.338692,9.234943,9.252239,9.217640,9.131081,9.286831,9.217640,9.079109,8.992432,8.975086,8.957737,8.957737,9.044441,8.905678,8.957737,8.923035,8.853588,8.749332,8.818848,8.784096,8.679768,8.540497,8.540497,8.383591,8.383591,8.401035,8.348686,8.296310,8.296310,8.348686,8.366138,8.208961,8.261383,8.313774,8.243912,8.226437,8.278851,8.278851,8.104042,8.104042,8.243912,8.139027,8.174004,8.086544,8.034035,8.069046,8.139027,8.069046,8.139027,8.191483,8.086544,8.156513,8.243912,8.121536,8.226437,8.174004,8.243912,8.313774,8.331230,8.488220,8.488220,8.557915,8.697163,8.662369,8.836220,9.563126,10.848083,11.847122,11.779716,11.627888,11.221825,11.221825,11.170944,11.035133,10.728870,10.472908,10.319000,10.233398,9.907425,9.700993,9.494129,9.407806,9.390537,9.304119,9.286831,9.131081,9.079109,8.975086,9.027115,8.975086,8.940388,8.975086,8.801476,8.662369,8.749332,8.888317,8.888317,8.784096,8.679768,8.644970,8.731949,8.784096,8.870953,8.836220,8.957737,8.853588,8.749332,8.888317,8.888317,8.731949,8.836220,8.818848,8.870953,8.853588,8.801476,8.749332,8.853588,8.905678,8.940388,8.957737,8.888317,8.992432,8.923035,9.044441,8.975086,9.044441,9.079109,9.217640,9.269539,9.286831,9.338692,9.338692,9.425079,9.355976,9.338692,9.200333,9.304119,9.148392,9.148392,8.957737,9.217640,9.494129,9.425079,9.355976,9.321407,9.269539,9.304119,9.234943,9.252239,9.252239,9.338692,9.321407,9.321407,9.321407,9.269539,9.321407,9.390537,9.390537,9.459610,9.355976,9.338692,9.373260,9.286831,9.476868,9.563126,9.528633,9.425079,9.442345,9.425079,9.407806,9.459610,9.113758,9.200333,9.528633,9.700993,9.614849,9.494129,9.425079,9.373260,9.425079,9.373260,9.442345,9.528633,9.494129,9.321407,9.269539,9.614849,9.666546,9.528633,9.355976,9.234943,9.061775,9.113758,9.131081,9.148392,9.252239,9.200333,9.252239,9.165710,9.252239,9.476868,9.407806,9.269539,9.442345,9.511379,9.476868,9.545887,9.407806,9.234943,9.545887,9.580376,9.511379,9.390537,9.442345,9.355976,9.304119,9.355976,9.373260,9.407806,9.373260,9.407806,9.304119,9.096436,9.269539,9.683773,9.666546,9.563126,9.614849,9.545887,9.632080,9.735428,9.838661,9.718216,9.666546,9.528633,9.321407,9.476868,9.632080,9.580376,9.545887,9.545887,9.563126,9.683773,9.804260,9.769852,9.890244,9.821461,9.924606,9.941792,9.924606,9.838661,9.821461,9.787056,9.821461,9.958965,9.924606,9.838661,9.735428,9.873051,9.769852,9.718216,9.735428,9.683773,9.511379,9.407806,9.373260,9.321407,9.183022,9.165710,8.940388,8.975086,8.957737,8.853588,8.870953,8.905678,8.679768,8.557915,8.523075,8.453358,8.435913,8.208961,8.156513,8.069046,8.034035,7.981499,7.823730,7.788635,7.893879,7.718422,7.595413,7.525059,7.507469,7.437057,7.348972,7.296085,7.331345,7.419441,7.278450,7.278450,7.278450,7.331345,7.401833,7.348972,7.348972,7.384212,7.437057,7.296085,7.419441,7.313717,7.313717,7.348972,7.401833,7.437057,7.419441,7.419441,7.595413,7.577831,7.595413,7.612995,7.735977,7.771088,7.823730,7.823730,7.841270,7.911411,8.016525,8.016525,8.034035,8.208961,8.208961,8.174004,8.261383,8.278851,8.278851,8.383591,8.348686,8.488220,8.627563,8.627563,8.679768,8.749332,8.870953,8.923035,8.923035,8.940388,8.957737,9.148392,9.183022,9.269539,9.476868,9.459610,9.597610,9.597610,9.666546,9.769852,9.890244,9.890244,9.890244,10.044807,10.130581,10.113426,10.199139,10.353233,10.319000,10.336117,10.336117,10.336117,10.216270,10.096279,9.873051,10.421631,10.728870,10.967159,11.120033,11.255722,11.289619,11.306557,11.458900,11.543430,11.611008,11.678528,11.611008,11.745995,11.830276,11.847122,11.964966,11.897648,12.065849,12.065849,12.166641,12.216988,12.166641,12.317612,12.183426,12.317612,12.267311,12.267311,12.334373,12.317612,12.434868,12.300850,12.317612,12.334373,12.284077,12.166641,12.250546,12.267311,12.216988,12.284077,12.351128,12.250546,12.200203,12.233765,12.216988,12.351128,12.434868,12.501804,12.652241,12.518532,12.585411,12.585411,12.568703,12.551975,12.568703,12.602119,12.518532,12.635536,12.618832,12.602119,12.702332,12.835777,12.852448,12.902435,12.935738,12.952389,12.935738,13.052223,13.085476,13.251579,13.251579,13.317928,13.351086,13.334507,13.334507,13.367657,13.384232,13.467049,13.450489,13.450489,13.384232,13.384232,13.351086,13.367657,13.301342,13.317928,13.168564,13.135342,13.018955,12.935738,12.902435,12.852448,12.702332,12.785763,12.852448,12.785763,12.668941,12.585411,12.618832,12.719025,12.902435,12.952389,12.985676,13.035591,12.919083,12.551975,11.998611,11.729134,11.408150,11.018150,10.814041,10.541225,9.700993,8.261383,6.960518,6.268349,6.036610,6.036610,6.125797,6.107971,6.125797,6.143627,6.250534,6.392914,6.570625,6.606125,6.623875,6.748028,6.765751,6.872036,6.907440,7.084278,7.225533,7.331345,7.718422,7.946465,7.911411,7.928940,8.069046,8.104042,8.208961,8.261383,8.261383,8.383591,8.418476,8.557915,8.575333,8.731949,8.905678,8.853588,8.975086,9.044441,9.183022,9.113758,9.183022,9.131081,9.234943,9.304119,9.425079,9.407806,9.286831,9.338692,9.373260,9.390537,9.425079,9.442345,9.425079,
10.489990,10.507072,10.609497,10.592438,10.762939,10.677727,10.609497,10.575371,10.694775,10.609497,10.575371,10.660679,10.762939,10.745911,10.745911,10.831066,10.711826,10.950157,10.950157,10.882126,10.797012,10.814041,10.950157,10.814041,10.950157,10.779976,10.831066,10.745911,10.797012,10.660679,10.899132,10.677727,10.745911,10.728870,10.643623,10.660679,10.728870,10.609497,10.575371,10.558300,10.558300,10.609497,10.524147,10.489990,10.319000,10.301891,10.319000,10.319000,10.216270,10.216270,10.164867,10.113426,10.113426,10.096279,10.079128,9.924606,9.958965,9.873051,9.838661,9.855862,9.855862,9.752644,9.752644,9.924606,9.752644,9.769852,9.700993,9.718216,9.580376,9.632080,9.597610,9.683773,9.614849,9.597610,9.614849,9.597610,9.649315,9.700993,9.649315,9.683773,9.632080,9.528633,9.614849,9.528633,9.649315,9.614849,9.683773,9.580376,9.666546,9.614849,9.614849,9.614849,9.597610,9.718216,9.683773,9.718216,9.597610,9.632080,9.597610,9.718216,9.545887,9.649315,9.718216,9.597610,9.597610,9.545887,9.580376,9.545887,9.597610,9.459610,9.459610,9.494129,9.442345,9.494129,9.442345,9.459610,9.476868,9.407806,9.390537,9.338692,9.373260,9.304119,9.338692,9.321407,9.217640,9.113758,9.027115,9.027115,8.853588,8.853588,8.940388,8.801476,8.818848,8.905678,8.784096,8.749332,8.679768,8.818848,8.697163,8.592743,8.488220,8.540497,8.313774,8.331230,8.383591,8.418476,8.261383,8.051544,8.139027,8.139027,8.174004,8.086544,8.191483,8.086544,8.051544,8.139027,7.963982,7.946465,7.999016,7.963982,7.893879,7.928940,7.999016,8.104042,8.296310,8.313774,8.261383,8.313774,8.592743,8.836220,10.130581,11.357365,11.695396,11.712273,11.475815,11.137009,11.069107,11.187904,10.899132,10.626560,10.507072,10.301891,9.958965,9.735428,9.580376,9.528633,9.476868,9.304119,9.252239,9.113758,9.044441,8.888317,8.870953,8.940388,8.923035,8.766716,8.714558,8.697163,8.627563,8.679768,8.679768,8.505650,8.592743,8.610161,8.766716,8.818848,8.818848,8.731949,8.766716,8.836220,8.836220,8.940388,8.853588,8.836220,8.818848,8.888317,8.870953,8.836220,8.905678,8.870953,8.766716,8.888317,8.975086,8.923035,8.905678,8.853588,8.992432,9.079109,9.044441,9.009773,9.061775,9.096436,9.044441,9.079109,9.286831,9.407806,9.269539,9.131081,9.148392,9.113758,9.131081,9.061775,9.061775,9.009773,9.183022,9.407806,9.304119,9.269539,9.252239,9.355976,9.407806,9.407806,9.459610,9.407806,9.304119,9.234943,9.355976,9.338692,9.321407,9.390537,9.338692,9.373260,9.269539,9.286831,9.234943,9.234943,9.321407,9.580376,9.787056,9.580376,9.563126,9.442345,9.511379,9.373260,9.304119,9.183022,9.200333,9.390537,9.511379,9.494129,9.390537,9.338692,9.286831,9.321407,9.252239,9.217640,9.425079,9.494129,9.321407,9.390537,9.442345,9.545887,9.321407,9.338692,9.200333,9.148392,9.148392,9.165710,9.079109,9.096436,9.183022,9.425079,9.390537,9.407806,9.407806,9.321407,9.390537,9.355976,9.442345,9.459610,9.528633,9.286831,9.286831,9.614849,9.632080,9.494129,9.425079,9.407806,9.494129,9.442345,9.373260,9.425079,9.390537,9.511379,9.442345,9.390537,9.390537,9.459610,9.700993,9.528633,9.597610,9.614849,9.632080,9.597610,9.666546,9.597610,9.649315,9.752644,9.476868,9.355976,9.511379,9.649315,9.545887,9.407806,9.304119,9.425079,9.494129,9.580376,9.545887,9.597610,9.580376,9.614849,9.700993,9.735428,9.787056,9.718216,9.614849,9.838661,9.993317,9.752644,9.821461,9.718216,9.804260,9.752644,9.666546,9.924606,9.941792,9.873051,9.907425,9.873051,9.924606,9.855862,9.907425,9.787056,9.855862,9.804260,9.890244,9.821461,9.873051,9.718216,9.752644,10.079128,9.993317,9.941792,9.907425,9.941792,9.924606,9.821461,9.718216,9.649315,9.355976,9.373260,9.390537,9.061775,8.870953,8.731949,8.644970,8.540497,8.366138,8.313774,8.208961,8.208961,7.999016,7.911411,7.999016,7.999016,7.735977,7.735977,7.665718,7.525059,7.612995,7.560242,7.525059,7.472267,7.507469,7.489868,7.454662,7.437057,7.437057,7.507469,7.437057,7.489868,7.525059,7.489868,7.612995,7.507469,7.525059,7.560242,7.560242,7.560242,7.507469,7.507469,7.630577,7.630577,7.630577,7.718422,7.788635,7.683289,7.753536,7.788635,7.788635,7.841270,7.788635,7.911411,7.893879,7.928940,7.981499,7.999016,8.086544,8.016525,8.104042,8.139027,8.104042,8.348686,8.453358,8.383591,8.488220,8.540497,8.575333,8.679768,8.662369,8.749332,8.784096,8.749332,8.836220,8.940388,8.905678,8.957737,8.975086,9.061775,8.992432,9.009773,8.888317,8.870953,9.252239,9.511379,9.632080,9.873051,9.941792,9.958965,10.130581,10.130581,10.353233,10.319000,10.524147,10.609497,10.831066,10.882126,10.916145,11.018150,11.137009,11.255722,11.289619,11.408150,11.475815,11.560329,11.712273,11.678528,11.745995,11.712273,11.948143,11.779716,11.981785,11.998611,11.914482,11.897648,11.998611,12.015423,11.964966,11.981785,12.015423,12.049046,12.099461,12.082661,12.015423,12.166641,12.200203,12.133057,12.250546,12.250546,12.401375,12.300850,12.334373,12.334373,12.485077,12.351128,12.451607,12.334373,12.384636,12.468342,12.518532,12.468342,12.518532,12.652241,12.668941,12.685638,12.652241,12.735714,12.785763,12.869114,13.052223,13.068855,13.068855,13.268166,13.234974,13.234974,13.218376,13.301342,13.301342,13.284760,13.301342,13.334507,13.351086,13.351086,13.400806,13.467049,13.317928,13.334507,13.251579,13.151951,13.052223,12.985676,12.885777,12.869114,12.852448,12.852448,12.785763,12.735714,12.685638,12.618832,12.702332,12.719025,12.852448,12.869114,13.151951,13.151951,13.151951,12.885777,12.551975,12.099461,11.627888,11.408150,11.221825,10.967159,10.643623,9.907425,8.243912,7.154926,6.677101,6.535103,6.428486,6.464035,6.428486,6.499577,6.552864,6.606125,6.925133,6.907440,6.907440,6.907440,6.889732,6.960518,7.031254,7.066605,7.172585,7.419441,7.489868,7.806187,7.963982,7.963982,8.139027,8.278851,8.383591,8.435913,8.505650,8.627563,8.714558,8.731949,8.731949,8.818848,8.870953,8.818848,8.940388,8.905678,8.957737,8.957737,9.044441,9.027115,9.183022,9.269539,9.614849,9.649315,9.425079,9.269539,9.269539,9.217640,9.148392,9.269539,9.217640,9.338692,
10.814041,10.848083,10.916145,10.814041,10.933151,11.001148,11.018150,10.899132,11.018150,11.001148,11.086086,11.153976,11.120033,11.069107,11.001148,11.103065,11.120033,11.187904,11.137009,11.120033,11.187904,11.153976,11.255722,11.221825,11.170944,11.204865,11.086086,11.137009,11.153976,11.153976,11.137009,11.103065,11.170944,11.103065,11.069107,11.052120,10.967159,11.018150,11.035133,11.069107,10.848083,10.865101,10.762939,10.865101,10.694775,10.745911,10.711826,10.711826,10.609497,10.609497,10.541225,10.455822,10.472908,10.404537,10.336117,10.370338,10.216270,10.216270,10.250530,10.164867,10.164867,10.164867,10.113426,10.096279,10.096279,10.130581,10.027649,10.079128,9.941792,9.958965,9.976139,9.958965,10.010487,9.941792,9.924606,9.993317,9.924606,9.924606,9.958965,10.079128,9.873051,9.873051,10.044807,9.958965,9.993317,9.873051,10.079128,10.061974,10.061974,10.061974,10.096279,10.079128,10.147728,10.079128,10.113426,10.027649,10.130581,10.061974,10.079128,9.941792,9.993317,10.061974,9.958965,10.027649,9.907425,9.958965,9.907425,9.941792,9.958965,9.924606,10.010487,9.993317,9.855862,9.838661,9.804260,9.683773,9.718216,9.700993,9.890244,9.718216,9.700993,9.666546,9.597610,9.718216,9.632080,9.563126,9.459610,9.494129,9.390537,9.494129,9.407806,9.286831,9.442345,9.355976,9.390537,9.321407,9.321407,9.390537,9.442345,9.165710,9.148392,9.044441,9.027115,9.009773,8.940388,9.027115,8.853588,8.610161,8.540497,8.540497,8.540497,8.557915,8.540497,8.435913,8.348686,8.208961,8.191483,8.069046,8.104042,7.963982,8.104042,7.981499,8.051544,8.121536,8.226437,8.208961,8.278851,8.226437,8.243912,8.331230,9.390537,11.018150,11.863968,11.863968,11.661655,11.153976,11.153976,11.594112,11.323498,10.762939,10.507072,10.404537,10.079128,9.838661,9.718216,9.649315,9.545887,9.494129,9.338692,9.234943,9.061775,8.801476,8.853588,8.888317,8.870953,8.697163,8.644970,8.592743,8.627563,8.679768,8.644970,8.592743,8.540497,8.610161,8.714558,8.853588,8.766716,8.662369,8.697163,8.853588,9.027115,9.027115,8.940388,8.940388,8.888317,8.766716,8.766716,9.009773,8.836220,8.836220,8.749332,8.784096,8.940388,8.905678,8.784096,8.853588,9.079109,9.131081,9.079109,9.044441,9.096436,8.992432,8.975086,8.975086,9.183022,9.061775,9.009773,9.079109,9.044441,9.079109,9.061775,9.079109,8.905678,8.853588,9.113758,9.269539,9.355976,9.338692,9.269539,9.338692,9.304119,9.304119,9.234943,9.304119,9.165710,9.096436,9.286831,9.425079,9.373260,9.252239,9.252239,9.131081,9.131081,9.061775,9.096436,9.183022,9.183022,9.338692,9.494129,9.321407,9.234943,9.304119,9.321407,9.286831,9.183022,9.131081,9.131081,9.165710,9.234943,9.373260,9.355976,9.234943,9.148392,9.096436,9.044441,8.975086,9.096436,9.200333,9.286831,9.286831,9.442345,9.373260,9.321407,9.148392,9.165710,9.165710,9.165710,9.131081,9.009773,8.992432,9.027115,9.407806,9.407806,9.407806,9.355976,9.338692,9.390537,9.494129,9.442345,9.476868,9.528633,9.338692,9.355976,9.528633,9.614849,9.511379,9.407806,9.476868,9.390537,9.407806,9.355976,9.373260,9.442345,9.407806,9.649315,9.563126,9.511379,9.442345,9.545887,9.407806,9.459610,9.511379,9.494129,9.580376,9.442345,9.390537,9.683773,9.752644,9.442345,9.304119,9.286831,9.563126,9.476868,9.407806,9.425079,9.442345,9.528633,9.580376,9.545887,9.649315,9.597610,9.632080,9.632080,9.632080,9.580376,9.614849,9.649315,9.649315,9.752644,9.666546,9.735428,9.683773,9.597610,9.494129,9.494129,9.838661,9.941792,9.924606,9.976139,9.941792,10.096279,10.027649,10.096279,9.993317,10.027649,9.838661,9.873051,9.924606,9.941792,9.787056,9.924606,10.319000,10.284771,10.147728,10.044807,10.010487,10.164867,10.096279,10.113426,10.130581,10.130581,10.164867,10.147728,9.993317,9.769852,9.614849,9.666546,9.735428,9.769852,9.632080,9.545887,9.494129,9.390537,9.321407,9.425079,9.338692,9.234943,9.148392,8.992432,8.905678,8.784096,8.749332,8.627563,8.592743,8.627563,8.592743,8.453358,8.383591,8.226437,8.278851,8.139027,8.051544,8.016525,7.876347,7.841270,7.806187,7.665718,7.718422,7.630577,7.648148,7.683289,7.612995,7.612995,7.612995,7.595413,7.542656,7.560242,7.577831,7.577831,7.648148,7.542656,7.595413,7.507469,7.560242,7.595413,7.648148,7.612995,7.612995,7.612995,7.665718,7.630577,7.648148,7.648148,7.648148,7.630577,7.665718,7.771088,7.788635,7.753536,7.823730,7.788635,7.876347,7.858810,7.893879,7.893879,8.051544,7.999016,7.963982,7.963982,7.911411,7.928940,7.981499,7.999016,8.226437,8.261383,8.278851,8.331230,8.435913,8.610161,8.523075,8.540497,8.749332,8.784096,8.957737,9.061775,9.096436,9.148392,9.321407,9.442345,9.390537,9.563126,9.666546,9.838661,9.976139,9.941792,10.010487,10.199139,10.250530,10.455822,10.421631,10.438725,10.592438,10.643623,10.694775,10.728870,10.814041,10.814041,10.950157,10.967159,11.069107,11.120033,11.272675,11.408150,11.374298,11.475815,11.475815,11.627888,11.661655,11.796577,11.779716,11.779716,11.863968,11.948143,12.015423,12.082661,11.964966,12.065849,12.082661,12.099461,12.166641,12.166641,12.233765,12.284077,12.367878,12.401375,12.451607,12.535263,12.618832,12.602119,12.635536,12.835777,12.935738,12.985676,13.002323,12.985676,13.234974,13.201775,13.135342,13.185173,13.201775,13.151951,13.168564,13.268166,13.151951,13.135342,13.168564,13.234974,13.218376,13.168564,13.151951,13.068855,13.068855,13.018955,12.902435,12.952389,12.902435,12.819115,12.702332,12.652241,12.668941,12.685638,12.802441,12.919083,13.135342,13.400806,13.334507,13.218376,13.018955,12.568703,12.284077,11.830276,11.492725,11.357365,10.950157,10.711826,9.941792,8.592743,7.331345,7.031254,6.978207,6.978207,6.801193,6.889732,6.925133,7.013577,7.190231,7.313717,7.260815,7.278450,7.154926,7.190231,7.278450,7.401833,7.454662,7.542656,7.630577,7.718422,7.981499,7.981499,8.121536,8.174004,8.174004,8.278851,8.313774,8.418476,8.470791,8.401035,8.505650,8.644970,8.766716,8.853588,8.818848,8.853588,8.870953,8.940388,8.992432,9.061775,9.234943,9.321407,9.425079,9.580376,9.614849,9.511379,9.528633,9.580376,9.597610,9.494129,9.476868,9.614849,9.580376,
11.255722,11.238777,11.137009,11.221825,11.221825,11.187904,11.204865,11.187904,11.306557,11.306557,11.357365,11.441990,11.323498,11.408150,11.357365,11.391228,11.374298,11.374298,11.492725,11.441990,11.441990,11.374298,11.492725,11.425068,11.475815,11.391228,11.408150,11.441990,11.475815,11.374298,11.391228,11.458900,11.391228,11.475815,11.441990,11.323498,11.289619,11.187904,11.306557,11.272675,11.238777,11.221825,11.221825,11.069107,11.137009,11.153976,11.035133,11.069107,10.967159,10.899132,10.865101,10.831066,10.762939,10.745911,10.660679,10.609497,10.558300,10.541225,10.489990,10.489990,10.455822,10.370338,10.319000,10.370338,10.336117,10.284771,10.284771,10.301891,10.250530,10.233398,10.182007,10.113426,10.182007,10.216270,10.164867,10.079128,10.233398,10.250530,10.199139,10.301891,10.284771,10.284771,10.336117,10.370338,10.284771,10.336117,10.387436,10.438725,10.319000,10.421631,10.284771,10.353233,10.387436,10.353233,10.387436,10.370338,10.421631,10.421631,10.472908,10.387436,10.301891,10.301891,10.404537,10.370338,10.250530,10.370338,10.353233,10.267654,10.233398,10.336117,10.216270,10.301891,10.353233,10.199139,10.061974,10.147728,10.164867,10.079128,10.147728,10.130581,10.027649,10.044807,10.113426,9.976139,9.941792,9.873051,9.821461,9.941792,9.890244,9.873051,9.855862,9.787056,9.769852,9.804260,9.735428,9.804260,9.804260,9.838661,9.752644,9.683773,9.528633,9.528633,9.528633,9.528633,9.459610,9.407806,9.269539,8.957737,8.957737,8.940388,8.940388,8.957737,8.905678,8.957737,8.836220,8.697163,8.644970,8.488220,8.575333,8.470791,8.453358,8.383591,8.401035,8.505650,8.505650,8.662369,8.575333,8.488220,8.505650,8.470791,9.148392,10.779976,12.032238,12.116257,12.015423,11.560329,11.594112,11.627888,11.340439,10.984158,10.541225,10.404537,10.096279,10.061974,9.804260,9.649315,9.614849,9.528633,9.425079,9.234943,9.217640,9.079109,8.923035,8.905678,8.766716,8.697163,8.662369,8.679768,8.557915,8.644970,8.801476,8.714558,8.610161,8.644970,8.662369,8.697163,8.662369,8.575333,8.592743,8.784096,8.888317,8.905678,8.957737,8.888317,8.731949,8.662369,8.679768,8.766716,8.784096,8.766716,8.731949,8.853588,8.853588,8.644970,8.679768,8.679768,8.888317,8.923035,8.870953,8.853588,8.853588,8.905678,8.923035,8.905678,8.836220,8.818848,8.940388,8.975086,9.044441,8.992432,8.853588,8.853588,8.731949,8.749332,8.853588,8.992432,9.096436,8.992432,9.079109,9.009773,8.923035,8.992432,8.992432,9.061775,8.992432,9.044441,9.200333,9.304119,9.148392,9.027115,8.940388,8.992432,9.009773,8.940388,9.061775,9.096436,9.165710,9.200333,9.200333,9.183022,9.044441,9.079109,9.113758,9.079109,9.113758,9.113758,9.096436,9.061775,9.044441,9.321407,9.321407,9.200333,9.027115,8.940388,8.940388,8.923035,8.853588,8.957737,9.079109,9.165710,9.355976,9.304119,9.131081,9.269539,9.269539,9.286831,9.269539,9.321407,9.200333,9.027115,9.183022,9.390537,9.407806,9.390537,9.425079,9.355976,9.355976,9.407806,9.407806,9.407806,9.321407,9.269539,9.338692,9.511379,9.425079,9.459610,9.355976,9.425079,9.425079,9.407806,9.390537,9.373260,9.425079,9.494129,9.632080,9.632080,9.425079,9.338692,9.338692,9.390537,9.494129,9.459610,9.511379,9.528633,9.442345,9.494129,9.614849,9.718216,9.476868,9.252239,9.390537,9.459610,9.442345,9.545887,9.528633,9.580376,9.580376,9.614849,9.649315,9.735428,9.683773,9.787056,9.804260,9.838661,9.821461,9.787056,9.735428,9.700993,9.718216,9.821461,10.130581,9.958965,9.563126,9.476868,9.632080,9.907425,9.993317,9.958965,10.061974,10.199139,10.199139,10.233398,10.199139,10.079128,10.044807,9.958965,10.096279,10.130581,9.907425,9.821461,9.907425,10.044807,9.924606,9.941792,9.924606,10.061974,10.096279,10.164867,10.199139,10.199139,10.147728,10.113426,10.199139,10.147728,9.958965,9.958965,9.976139,9.976139,9.855862,9.924606,9.993317,9.924606,9.718216,9.735428,9.941792,9.804260,9.545887,9.580376,9.614849,9.580376,9.545887,9.718216,9.769852,9.459610,9.632080,9.563126,9.545887,9.563126,9.373260,9.425079,9.373260,9.338692,9.234943,9.165710,9.131081,8.905678,8.905678,8.784096,8.714558,8.592743,8.679768,8.540497,8.453358,8.366138,8.401035,8.366138,8.331230,8.191483,8.331230,8.313774,8.086544,7.999016,7.911411,7.876347,7.823730,7.753536,7.718422,7.718422,7.771088,7.683289,7.612995,7.595413,7.595413,7.472267,7.507469,7.507469,7.542656,7.489868,7.472267,7.454662,7.401833,7.401833,7.419441,7.472267,7.454662,7.437057,7.437057,7.437057,7.348972,7.401833,7.525059,7.735977,7.771088,7.700855,7.542656,7.454662,7.437057,7.648148,7.612995,7.665718,7.683289,7.806187,7.718422,7.928940,7.963982,7.999016,8.069046,8.139027,8.208961,8.261383,8.418476,8.366138,8.540497,8.523075,8.523075,8.662369,8.662369,8.818848,8.957737,8.905678,8.975086,9.061775,9.234943,9.131081,9.200333,9.252239,9.476868,9.442345,9.476868,9.459610,9.683773,9.769852,9.838661,9.941792,9.976139,10.061974,10.147728,10.164867,10.284771,10.370338,10.404537,10.592438,10.541225,10.762939,10.745911,10.916145,10.916145,11.069107,10.984158,11.153976,11.306557,11.357365,11.441990,11.611008,11.695396,11.796577,11.813431,11.847122,12.065849,11.998611,12.166641,12.250546,12.485077,12.652241,12.585411,12.585411,12.685638,12.719025,12.735714,12.735714,12.935738,12.919083,12.919083,12.985676,12.969040,12.969040,12.952389,12.769081,12.985676,12.985676,13.002323,13.002323,12.885777,12.852448,12.852448,12.752399,12.652241,12.802441,12.752399,12.668941,12.785763,12.769081,12.902435,13.268166,13.367657,13.384232,13.068855,12.835777,12.351128,12.049046,11.779716,11.509636,11.255722,10.950157,10.558300,9.821461,8.627563,7.753536,7.560242,7.401833,7.296085,7.260815,7.260815,7.296085,7.437057,7.419441,7.401833,7.384212,7.542656,7.525059,7.612995,7.577831,7.700855,7.806187,7.806187,7.858810,8.016525,7.999016,8.208961,8.051544,8.174004,8.331230,8.296310,8.243912,8.174004,8.243912,8.383591,8.383591,8.557915,8.714558,8.731949,8.697163,8.679768,8.627563,8.766716,8.784096,8.870953,8.853588,9.027115,9.044441,9.027115,9.183022,9.200333,9.390537,9.545887,9.407806,9.442345,9.425079,9.442345,9.425079,
11.492725,11.408150,11.475815,11.475815,11.543430,11.627888,11.577221,11.644768,11.678528,11.644768,11.594112,11.745995,11.611008,11.712273,11.611008,11.611008,11.627888,11.644768,11.678528,11.627888,11.779716,11.661655,11.644768,11.678528,11.712273,11.695396,11.678528,11.661655,11.729134,11.695396,11.594112,11.577221,11.695396,11.543430,11.644768,11.594112,11.611008,11.492725,11.441990,11.594112,11.492725,11.475815,11.408150,11.441990,11.425068,11.425068,11.323498,11.323498,11.221825,11.204865,11.120033,11.103065,11.069107,11.018150,10.933151,10.916145,10.899132,10.779976,10.779976,10.677727,10.694775,10.711826,10.592438,10.575371,10.541225,10.507072,10.507072,10.541225,10.558300,10.489990,10.370338,10.404537,10.524147,10.438725,10.472908,10.421631,10.438725,10.404537,10.558300,10.541225,10.575371,10.489990,10.507072,10.626560,10.558300,10.541225,10.626560,10.711826,10.524147,10.643623,10.575371,10.609497,10.592438,10.677727,10.524147,10.575371,10.694775,10.609497,10.643623,10.728870,10.626560,10.660679,10.643623,10.643623,10.626560,10.626560,10.609497,10.575371,10.643623,10.541225,10.592438,10.694775,10.626560,10.524147,10.541225,10.507072,10.507072,10.489990,10.524147,10.472908,10.575371,10.387436,10.438725,10.404537,10.353233,10.301891,10.353233,10.370338,10.284771,10.250530,10.284771,10.301891,10.250530,10.216270,10.182007,10.079128,10.044807,10.164867,10.061974,10.113426,10.044807,10.010487,9.907425,9.907425,9.838661,9.804260,9.666546,9.304119,9.321407,9.390537,9.304119,9.165710,9.217640,9.131081,9.148392,9.148392,9.009773,9.009773,9.079109,8.870953,8.975086,8.836220,8.992432,9.061775,9.061775,9.079109,9.027115,8.992432,9.009773,9.044441,9.321407,10.677727,11.830276,12.082661,11.948143,11.779716,11.543430,11.340439,11.153976,10.865101,10.609497,10.250530,10.079128,9.873051,9.700993,9.528633,9.476868,9.338692,9.044441,9.183022,9.131081,9.061775,8.818848,8.679768,8.697163,8.662369,8.575333,8.505650,8.348686,8.575333,8.853588,8.766716,8.644970,8.644970,8.697163,8.784096,8.679768,8.627563,8.644970,8.731949,8.801476,8.853588,8.731949,8.697163,8.627563,8.627563,8.575333,8.644970,8.679768,8.731949,8.731949,8.801476,8.853588,8.697163,8.557915,8.540497,8.731949,8.836220,8.818848,8.749332,8.662369,8.818848,8.818848,8.836220,8.749332,8.818848,8.784096,9.027115,8.957737,8.836220,8.662369,8.766716,8.679768,8.679768,8.940388,8.975086,8.975086,8.888317,8.836220,8.731949,8.749332,8.836220,8.853588,8.905678,8.940388,8.957737,9.096436,9.027115,8.853588,8.888317,8.975086,9.027115,8.992432,8.940388,9.027115,9.009773,9.165710,9.200333,9.079109,9.113758,9.044441,9.079109,9.079109,9.027115,9.061775,9.131081,9.096436,8.992432,8.801476,9.131081,9.183022,9.009773,8.905678,8.923035,8.888317,8.870953,8.888317,8.957737,8.992432,9.252239,9.373260,9.269539,9.148392,9.183022,9.338692,9.407806,9.476868,9.407806,9.476868,9.286831,9.269539,9.355976,9.338692,9.425079,9.338692,9.304119,9.407806,9.373260,9.407806,9.304119,9.165710,9.027115,9.148392,9.442345,9.476868,9.373260,9.390537,9.373260,9.373260,9.373260,9.442345,9.390537,9.304119,9.355976,9.632080,9.563126,9.407806,9.390537,9.373260,9.373260,9.442345,9.459610,9.511379,9.528633,9.476868,9.683773,9.683773,9.769852,9.718216,9.580376,9.632080,9.597610,9.614849,9.563126,9.666546,9.528633,9.528633,9.907425,10.079128,9.855862,9.873051,9.890244,9.907425,9.941792,9.924606,9.907425,9.890244,9.890244,9.941792,10.182007,10.370338,10.250530,10.044807,9.838661,9.941792,9.958965,9.976139,10.061974,10.096279,10.182007,10.267654,10.336117,10.284771,10.319000,10.113426,10.027649,10.216270,10.147728,10.079128,9.890244,9.941792,9.855862,9.838661,9.976139,9.976139,10.027649,10.113426,10.147728,10.233398,10.267654,10.130581,10.130581,10.113426,10.147728,10.096279,10.044807,10.096279,10.027649,10.010487,10.061974,10.113426,10.010487,9.873051,9.838661,9.924606,9.838661,9.752644,9.718216,9.597610,9.511379,9.838661,9.958965,9.735428,9.649315,9.632080,9.632080,9.666546,9.632080,9.700993,9.769852,9.769852,9.752644,9.718216,9.666546,9.666546,9.614849,9.511379,9.683773,9.580376,9.442345,9.407806,9.407806,9.511379,9.390537,9.407806,9.373260,9.338692,9.459610,9.545887,9.304119,9.183022,9.183022,9.113758,9.165710,8.975086,8.870953,8.818848,8.662369,8.644970,8.540497,8.540497,8.401035,8.366138,8.191483,8.174004,8.156513,7.981499,7.876347,7.876347,7.806187,7.735977,7.753536,7.630577,7.595413,7.612995,7.437057,7.419441,7.419441,7.437057,7.472267,7.648148,7.648148,7.577831,7.296085,7.154926,7.207882,7.190231,7.243172,7.296085,7.348972,7.296085,7.348972,7.384212,7.437057,7.437057,7.454662,7.507469,7.542656,7.577831,7.612995,7.683289,7.700855,7.735977,7.718422,7.858810,7.806187,7.823730,7.841270,8.086544,8.034035,8.104042,8.121536,8.104042,8.121536,8.278851,8.401035,8.313774,8.435913,8.453358,8.505650,8.592743,8.627563,8.731949,8.766716,8.801476,8.784096,8.836220,8.905678,9.009773,8.992432,9.113758,9.200333,9.217640,9.286831,9.390537,9.407806,9.494129,9.442345,9.528633,9.632080,9.632080,9.821461,9.890244,10.010487,10.061974,10.182007,10.250530,10.319000,10.524147,10.592438,10.728870,10.882126,10.950157,11.137009,11.187904,11.306557,11.289619,11.441990,11.391228,11.577221,11.644768,11.661655,11.897648,11.897648,12.032238,11.998611,12.116257,12.166641,12.300850,12.317612,12.300850,12.351128,12.267311,12.434868,12.334373,12.367878,12.351128,12.485077,12.367878,12.351128,12.451607,12.485077,12.702332,12.869114,13.118725,12.852448,12.585411,12.082661,11.796577,11.543430,11.340439,11.137009,10.984158,10.814041,10.387436,9.718216,8.714558,7.999016,7.753536,7.683289,7.858810,7.806187,7.841270,7.946465,7.999016,7.911411,7.911411,7.841270,7.858810,7.841270,7.981499,7.999016,7.981499,8.034035,8.069046,8.139027,8.086544,8.139027,8.174004,8.051544,8.278851,8.435913,8.453358,8.278851,8.261383,8.243912,8.139027,8.401035,8.488220,8.523075,8.488220,8.610161,8.610161,8.714558,8.749332,8.714558,8.714558,8.731949,8.818848,8.836220,8.853588,8.940388,8.923035,8.940388,9.183022,9.079109,9.338692,9.338692,9.304119,9.373260,
11.880806,11.931309,11.847122,11.830276,11.948143,11.931309,11.998611,11.948143,11.998611,12.015423,11.981785,11.880806,11.863968,11.897648,11.964966,11.880806,11.830276,11.863968,11.897648,11.914482,12.015423,11.863968,11.914482,11.779716,11.880806,11.863968,11.863968,11.914482,11.897648,11.897648,11.863968,11.830276,11.847122,11.863968,11.830276,11.779716,11.712273,11.762863,11.661655,11.796577,11.712273,11.644768,11.627888,11.611008,11.678528,11.560329,11.627888,11.543430,11.408150,11.408150,11.391228,11.340439,11.289619,11.187904,11.204865,11.120033,11.120033,11.018150,11.035133,10.933151,10.814041,10.865101,10.745911,10.728870,10.711826,10.677727,10.711826,10.779976,10.762939,10.762939,10.677727,10.660679,10.677727,10.643623,10.660679,10.660679,10.660679,10.779976,10.711826,10.677727,10.797012,10.762939,10.848083,10.745911,10.814041,10.831066,10.882126,10.899132,10.848083,10.779976,10.848083,10.865101,10.831066,10.797012,10.882126,10.831066,10.848083,10.831066,10.831066,10.814041,10.865101,10.848083,10.882126,10.899132,10.779976,10.831066,10.865101,10.831066,10.899132,10.916145,10.933151,10.899132,10.899132,10.814041,10.848083,10.814041,10.848083,10.899132,10.882126,10.831066,10.848083,10.814041,10.814041,10.592438,10.643623,10.711826,10.677727,10.694775,10.626560,10.643623,10.558300,10.609497,10.558300,10.575371,10.575371,10.558300,10.558300,10.438725,10.438725,10.336117,10.370338,10.301891,10.319000,10.250530,10.267654,10.147728,9.804260,9.511379,9.700993,9.855862,9.597610,9.666546,9.563126,9.528633,9.545887,9.528633,9.476868,9.511379,9.459610,9.390537,9.407806,9.373260,9.459610,9.528633,9.528633,9.545887,9.545887,9.563126,9.459610,9.407806,9.545887,10.301891,11.475815,11.880806,11.830276,11.644768,11.289619,11.137009,11.086086,10.831066,10.489990,10.061974,9.804260,9.666546,9.390537,9.252239,9.252239,9.027115,8.853588,8.870953,9.096436,9.061775,8.749332,8.540497,8.592743,8.557915,8.557915,8.418476,8.453358,8.627563,8.697163,8.801476,8.731949,8.801476,8.749332,8.731949,8.714558,8.731949,8.784096,8.714558,8.644970,8.627563,8.662369,8.731949,8.679768,8.627563,8.523075,8.610161,8.523075,8.644970,8.592743,8.714558,8.801476,8.627563,8.505650,8.453358,8.662369,8.714558,8.679768,8.644970,8.731949,8.801476,8.784096,8.731949,8.697163,8.731949,8.818848,8.905678,8.836220,8.714558,8.784096,8.731949,8.679768,8.766716,8.923035,9.009773,8.905678,8.801476,8.784096,8.679768,8.731949,8.836220,8.923035,8.888317,8.905678,8.957737,8.905678,8.888317,8.870953,8.853588,8.975086,8.975086,8.905678,8.957737,9.009773,8.992432,9.183022,9.131081,9.079109,9.079109,9.044441,9.079109,9.079109,9.061775,9.079109,9.131081,9.096436,9.027115,8.957737,9.061775,9.183022,9.027115,8.957737,8.923035,8.836220,8.905678,8.905678,8.905678,8.975086,9.286831,9.321407,9.252239,9.234943,9.338692,9.338692,9.355976,9.528633,9.545887,9.476868,9.511379,9.442345,9.321407,9.373260,9.649315,9.390537,9.355976,9.338692,9.304119,9.234943,9.252239,9.061775,8.957737,9.079109,9.252239,9.269539,9.252239,9.148392,9.200333,9.113758,9.252239,9.269539,9.217640,9.217640,9.217640,9.338692,9.407806,9.494129,9.511379,9.528633,9.459610,9.476868,9.545887,9.563126,9.494129,9.528633,9.614849,9.838661,10.044807,9.976139,9.976139,9.976139,9.769852,9.838661,9.821461,9.821461,9.838661,9.941792,10.250530,10.284771,10.079128,9.941792,9.976139,10.010487,9.958965,9.924606,9.993317,9.958965,10.010487,10.113426,10.336117,10.284771,10.233398,10.164867,10.130581,10.079128,10.113426,10.199139,10.199139,10.284771,10.182007,10.267654,10.284771,10.233398,10.216270,9.924606,9.890244,9.993317,10.061974,10.010487,9.890244,9.873051,9.769852,9.804260,9.941792,9.993317,10.010487,10.044807,10.027649,10.182007,10.267654,10.130581,10.061974,10.130581,10.113426,10.061974,10.061974,10.096279,10.010487,9.993317,10.164867,10.182007,10.044807,9.976139,10.010487,10.027649,10.130581,10.182007,10.096279,9.907425,9.735428,9.993317,10.164867,9.873051,9.649315,9.597610,9.614849,9.614849,9.597610,9.632080,9.718216,9.718216,9.683773,9.769852,9.666546,9.580376,9.649315,9.718216,9.614849,9.425079,9.304119,9.355976,9.442345,9.407806,9.494129,9.580376,9.545887,9.614849,9.494129,9.390537,9.442345,9.459610,9.425079,9.494129,9.511379,9.476868,9.459610,9.528633,9.425079,9.425079,9.476868,9.407806,9.425079,9.321407,9.321407,9.269539,9.234943,9.183022,9.131081,8.870953,8.784096,8.992432,9.027115,8.905678,8.592743,8.488220,8.383591,8.313774,8.174004,8.156513,8.296310,8.470791,8.174004,7.858810,7.595413,7.560242,7.577831,7.542656,7.507469,7.454662,7.472267,7.525059,7.472267,7.542656,7.366592,7.472267,7.472267,7.577831,7.577831,7.542656,7.612995,7.560242,7.630577,7.595413,7.595413,7.612995,7.612995,7.718422,7.735977,7.718422,7.718422,7.753536,7.735977,7.841270,7.823730,7.771088,7.841270,7.858810,7.946465,7.963982,7.946465,7.981499,7.999016,7.946465,8.016525,7.999016,7.981499,7.981499,7.999016,8.104042,8.104042,8.226437,8.331230,8.313774,8.313774,8.383591,8.418476,8.348686,8.435913,8.470791,8.575333,8.592743,8.679768,8.644970,8.749332,8.784096,8.801476,8.836220,9.027115,9.096436,9.183022,9.234943,9.269539,9.321407,9.373260,9.494129,9.597610,9.580376,9.735428,9.769852,9.924606,9.821461,10.096279,10.010487,10.096279,10.284771,10.267654,10.353233,10.370338,10.507072,10.558300,10.541225,10.728870,10.865101,10.728870,10.831066,10.831066,10.899132,10.848083,10.899132,10.984158,11.018150,11.204865,11.272675,11.137009,11.204865,10.814041,10.609497,10.336117,10.250530,10.044807,9.787056,9.821461,9.580376,9.442345,9.390537,8.853588,8.156513,7.963982,7.946465,7.893879,7.963982,8.069046,8.243912,8.261383,8.208961,8.121536,8.069046,8.208961,8.261383,8.278851,8.313774,8.261383,8.296310,8.366138,8.470791,8.435913,8.435913,8.383591,8.401035,8.331230,8.557915,8.540497,8.401035,8.348686,8.348686,8.366138,8.418476,8.435913,8.401035,8.383591,8.296310,8.174004,8.401035,8.557915,8.575333,8.418476,8.453358,8.453358,8.401035,8.610161,8.575333,8.627563,8.749332,8.749332,8.836220,8.853588,8.784096,8.714558,8.870953,9.009773,
12.434868,12.216988,12.351128,12.367878,12.267311,12.300850,12.401375,12.401375,12.418129,12.300850,12.284077,12.149849,12.267311,12.082661,12.133057,12.099461,12.166641,12.200203,12.133057,12.166641,12.233765,12.149849,12.200203,12.116257,12.200203,12.149849,12.116257,12.099461,12.149849,12.049046,12.116257,12.082661,12.099461,12.065849,12.082661,12.065849,12.032238,11.981785,11.948143,11.998611,11.745995,11.931309,11.830276,11.847122,11.880806,11.813431,11.762863,11.644768,11.729134,11.678528,11.678528,11.441990,11.492725,11.357365,11.425068,11.238777,11.255722,11.153976,11.120033,11.103065,11.103065,11.086086,10.933151,10.967159,10.984158,10.933151,10.916145,10.916145,10.848083,10.882126,10.916145,10.848083,10.865101,10.882126,10.933151,10.848083,10.899132,10.916145,10.984158,11.018150,10.984158,11.018150,11.069107,11.018150,11.001148,11.052120,11.052120,11.069107,11.018150,11.052120,11.103065,11.086086,11.137009,11.238777,11.120033,11.238777,11.103065,11.153976,11.035133,11.018150,11.103065,11.120033,11.153976,11.120033,11.153976,11.120033,11.187904,11.137009,11.103065,11.120033,11.052120,11.086086,11.052120,11.086086,11.086086,11.187904,11.069107,11.052120,11.103065,11.069107,11.086086,11.120033,10.967159,11.137009,10.984158,11.035133,11.069107,10.899132,10.899132,10.865101,10.882126,10.916145,10.916145,11.052120,10.933151,10.916145,10.899132,10.797012,10.762939,10.797012,10.728870,10.711826,10.643623,10.541225,10.558300,10.387436,10.147728,9.907425,10.061974,10.010487,9.976139,9.993317,9.941792,9.838661,9.838661,9.821461,9.941792,9.907425,9.958965,9.958965,9.890244,9.907425,9.890244,9.924606,9.976139,10.010487,9.941792,9.855862,9.838661,9.787056,9.976139,10.216270,11.052120,11.745995,11.813431,11.661655,11.238777,11.187904,11.357365,10.984158,10.541225,10.079128,9.769852,9.666546,9.355976,9.165710,9.148392,9.044441,8.801476,8.836220,8.905678,8.870953,8.610161,8.523075,8.505650,8.523075,8.488220,8.523075,8.505650,8.505650,8.731949,8.697163,8.627563,8.662369,8.610161,8.610161,8.592743,8.627563,8.592743,8.679768,8.610161,8.470791,8.523075,8.697163,8.662369,8.540497,8.575333,8.540497,8.470791,8.523075,8.627563,8.662369,8.679768,8.575333,8.488220,8.592743,8.592743,8.697163,8.644970,8.679768,8.697163,8.714558,8.749332,8.714558,8.644970,8.749332,8.940388,8.992432,8.975086,8.853588,8.801476,8.853588,8.836220,8.940388,9.113758,9.165710,8.975086,8.992432,8.853588,8.870953,8.905678,8.975086,9.009773,8.923035,9.079109,9.079109,8.992432,8.923035,8.888317,9.009773,9.096436,8.992432,8.905678,9.027115,9.044441,9.044441,9.096436,9.148392,9.044441,8.992432,8.957737,9.009773,9.044441,9.061775,9.113758,9.131081,9.131081,9.113758,9.131081,9.183022,9.113758,9.044441,9.044441,8.992432,8.992432,9.044441,8.957737,8.923035,8.905678,9.165710,9.269539,9.234943,9.286831,9.304119,9.476868,9.476868,9.545887,9.597610,9.632080,9.683773,9.580376,9.597610,9.683773,9.907425,9.718216,9.511379,9.476868,9.425079,9.476868,9.390537,9.338692,9.148392,9.217640,9.234943,9.252239,9.234943,9.217640,9.148392,9.200333,9.200333,9.304119,9.269539,9.234943,9.131081,9.148392,9.545887,9.666546,9.614849,9.614849,9.614849,9.597610,9.735428,9.683773,9.700993,9.632080,9.787056,10.079128,10.044807,9.976139,9.993317,10.113426,9.958965,9.958965,9.976139,10.010487,10.079128,10.096279,10.353233,10.336117,10.216270,10.061974,9.976139,10.010487,9.941792,10.061974,9.976139,9.993317,9.924606,10.061974,10.079128,10.199139,10.130581,10.096279,10.182007,10.130581,9.941792,10.027649,10.061974,10.010487,9.890244,10.044807,10.267654,10.233398,10.096279,9.924606,9.873051,9.924606,9.993317,9.890244,9.873051,9.924606,9.821461,9.907425,9.924606,9.855862,9.838661,9.769852,9.752644,9.907425,9.821461,9.752644,9.804260,9.941792,10.010487,10.027649,10.130581,10.096279,10.079128,10.113426,10.147728,10.079128,10.044807,10.096279,10.061974,9.993317,10.216270,10.387436,10.301891,10.096279,10.096279,10.182007,10.233398,10.079128,10.010487,9.958965,9.787056,9.787056,9.683773,9.752644,9.683773,9.683773,9.700993,9.563126,9.580376,9.476868,9.511379,9.632080,9.373260,9.511379,9.390537,9.338692,9.407806,9.407806,9.632080,9.649315,9.545887,9.321407,9.390537,9.511379,9.528633,9.545887,9.511379,9.545887,9.459610,9.476868,9.442345,9.476868,9.373260,9.321407,9.338692,9.459610,9.718216,9.563126,9.407806,9.476868,9.407806,9.459610,9.355976,9.459610,9.459610,9.511379,9.390537,9.338692,9.269539,9.234943,9.217640,9.148392,9.131081,9.131081,9.113758,9.131081,8.923035,8.870953,8.784096,8.853588,8.888317,8.940388,8.592743,8.731949,8.679768,8.592743,8.488220,8.296310,8.278851,8.278851,8.505650,8.348686,8.261383,8.156513,8.139027,8.086544,8.086544,7.981499,7.981499,7.999016,7.946465,7.876347,7.963982,7.893879,7.963982,7.999016,7.946465,7.858810,7.858810,7.771088,7.841270,7.735977,7.788635,7.858810,7.841270,7.858810,7.806187,7.735977,7.753536,7.648148,7.753536,7.753536,7.735977,7.841270,7.788635,7.823730,7.806187,7.876347,7.858810,7.911411,7.963982,7.946465,7.893879,7.911411,7.893879,7.999016,7.876347,8.034035,8.051544,7.999016,8.104042,8.086544,8.139027,8.156513,8.139027,8.139027,8.226437,8.261383,8.383591,8.383591,8.348686,8.435913,8.296310,8.523075,8.627563,8.523075,8.697163,8.662369,8.836220,8.836220,8.836220,8.888317,8.923035,9.009773,9.027115,8.975086,8.957737,9.061775,9.027115,9.027115,9.027115,8.975086,9.044441,9.096436,9.113758,9.165710,9.113758,9.131081,9.113758,9.027115,8.940388,8.766716,8.557915,8.557915,8.488220,8.331230,8.243912,8.191483,8.016525,7.876347,7.928940,7.963982,7.946465,8.034035,8.086544,8.191483,8.243912,8.348686,8.348686,8.278851,8.331230,8.278851,8.453358,8.540497,8.435913,8.453358,8.470791,8.540497,8.592743,8.592743,8.749332,8.662369,8.592743,8.627563,8.557915,8.575333,8.557915,8.453358,8.435913,8.505650,8.557915,8.540497,8.627563,8.383591,8.296310,8.331230,8.278851,8.435913,8.418476,8.453358,8.401035,8.418476,8.523075,8.575333,8.557915,8.505650,8.575333,8.801476,8.679768,8.697163,8.731949,8.679768,8.662369,8.714558,8.801476,
13.185173,13.102104,13.135342,12.985676,13.035591,12.952389,13.052223,12.935738,13.052223,12.819115,12.902435,12.719025,12.668941,12.585411,12.501804,12.602119,12.535263,12.418129,12.451607,12.485077,12.485077,12.451607,12.501804,12.535263,12.418129,12.418129,12.384636,12.317612,12.418129,12.334373,12.367878,12.334373,12.267311,12.334373,12.267311,12.267311,12.233765,12.250546,12.300850,12.300850,12.284077,12.149849,12.166641,12.116257,12.015423,12.133057,11.998611,11.897648,11.880806,11.813431,11.830276,11.712273,11.729134,11.695396,11.644768,11.526535,11.408150,11.425068,11.272675,11.306557,11.187904,11.170944,11.187904,11.153976,11.170944,11.170944,11.187904,11.170944,11.069107,11.120033,11.103065,11.069107,11.069107,11.086086,11.069107,11.120033,11.170944,11.187904,11.187904,11.137009,11.103065,11.187904,11.153976,11.153976,11.153976,11.255722,11.238777,11.238777,11.289619,11.289619,11.306557,11.221825,11.340439,11.289619,11.441990,11.323498,11.408150,11.357365,11.289619,11.323498,11.374298,11.357365,11.323498,11.323498,11.391228,11.374298,11.340439,11.391228,11.323498,11.374298,11.323498,11.238777,11.306557,11.357365,11.323498,11.306557,11.374298,11.340439,11.289619,11.289619,11.391228,11.289619,11.221825,11.204865,11.238777,11.272675,11.323498,11.238777,11.153976,11.103065,11.170944,11.187904,11.153976,11.153976,11.187904,11.001148,11.153976,11.120033,11.069107,11.052120,10.882126,10.984158,10.933151,10.899132,10.831066,10.711826,10.353233,10.130581,10.267654,10.336117,10.353233,10.250530,10.284771,10.250530,10.319000,10.250530,10.353233,10.301891,10.250530,10.301891,10.233398,10.267654,10.233398,10.216270,10.267654,10.250530,10.336117,10.267654,10.267654,10.182007,10.233398,10.250530,10.967159,11.408150,11.661655,11.560329,11.441990,11.035133,10.916145,10.626560,10.301891,10.061974,9.735428,9.511379,9.321407,9.131081,9.009773,8.923035,8.749332,8.679768,8.714558,8.766716,8.592743,8.488220,8.523075,8.523075,8.505650,8.627563,8.435913,8.540497,8.627563,8.662369,8.540497,8.470791,8.488220,8.470791,8.453358,8.348686,8.401035,8.401035,8.453358,8.383591,8.505650,8.749332,8.610161,8.470791,8.418476,8.435913,8.401035,8.470791,8.470791,8.470791,8.557915,8.523075,8.557915,8.505650,8.644970,8.714558,8.644970,8.714558,8.749332,8.801476,8.801476,8.610161,8.697163,8.836220,8.957737,8.923035,8.853588,8.888317,8.975086,8.923035,8.870953,8.940388,9.200333,9.200333,9.131081,9.079109,8.992432,9.061775,8.975086,9.079109,9.079109,9.079109,9.044441,9.027115,9.044441,8.853588,8.992432,9.061775,9.148392,9.044441,9.079109,9.027115,9.009773,9.027115,9.113758,9.113758,8.992432,8.836220,8.714558,8.836220,8.836220,8.888317,8.888317,8.975086,9.148392,9.113758,9.113758,9.096436,9.044441,9.061775,9.079109,9.061775,9.079109,9.079109,9.096436,9.044441,9.009773,9.234943,9.269539,9.234943,9.338692,9.459610,9.407806,9.511379,9.563126,9.597610,9.528633,9.649315,9.597610,9.614849,9.683773,9.735428,9.735428,9.718216,9.700993,9.718216,9.718216,9.528633,9.459610,9.459610,9.632080,9.321407,9.286831,9.304119,9.338692,9.304119,9.286831,9.373260,9.304119,9.304119,9.373260,9.321407,9.183022,9.614849,9.718216,9.614849,9.580376,9.511379,9.528633,9.476868,9.528633,9.752644,9.873051,9.941792,10.044807,9.993317,9.958965,9.993317,10.010487,10.061974,10.010487,10.079128,10.147728,10.130581,10.216270,10.353233,10.319000,10.199139,10.061974,9.976139,9.993317,10.010487,10.044807,10.044807,9.993317,10.027649,10.164867,10.336117,10.250530,10.027649,9.855862,9.890244,9.804260,9.804260,9.769852,9.735428,9.735428,9.511379,9.752644,9.804260,9.941792,9.821461,9.769852,9.787056,9.855862,9.873051,9.804260,9.855862,9.838661,9.907425,9.976139,9.941792,9.976139,9.907425,9.855862,9.769852,9.804260,9.855862,9.752644,9.632080,9.735428,9.976139,10.182007,10.164867,10.130581,10.182007,10.113426,10.182007,10.096279,10.113426,10.113426,10.027649,10.079128,10.438725,10.472908,10.216270,10.079128,10.061974,10.164867,10.113426,10.027649,10.010487,9.941792,9.855862,9.924606,9.907425,9.821461,9.769852,9.735428,9.666546,9.632080,9.632080,9.614849,9.528633,9.494129,9.528633,9.752644,9.683773,9.528633,9.494129,9.563126,9.752644,9.769852,9.528633,9.390537,9.425079,9.442345,9.666546,9.494129,9.528633,9.563126,9.407806,9.511379,9.511379,9.494129,9.321407,9.217640,9.304119,9.442345,9.511379,9.511379,9.304119,9.390537,9.373260,9.407806,9.390537,9.425079,9.407806,9.407806,9.459610,9.373260,9.321407,9.252239,9.183022,9.200333,9.252239,9.321407,9.321407,9.217640,9.252239,9.183022,9.304119,9.459610,9.286831,9.217640,9.096436,9.217640,9.252239,9.217640,9.079109,9.148392,9.200333,9.286831,9.390537,9.252239,9.252239,9.183022,9.079109,9.113758,9.044441,9.079109,9.113758,9.096436,8.905678,9.183022,9.096436,9.131081,9.027115,9.027115,8.870953,8.818848,8.853588,8.662369,8.662369,8.488220,8.470791,8.557915,8.679768,8.488220,8.366138,8.139027,8.243912,8.034035,8.104042,7.999016,7.981499,7.946465,7.928940,7.893879,7.911411,7.946465,7.928940,7.946465,7.928940,7.893879,7.841270,7.841270,7.841270,7.876347,7.788635,7.735977,7.788635,7.823730,7.788635,7.806187,7.753536,7.735977,7.806187,7.700855,7.700855,7.806187,7.718422,7.718422,7.753536,7.806187,7.718422,7.788635,7.700855,7.718422,7.771088,7.718422,7.771088,7.788635,7.735977,7.823730,7.928940,7.823730,7.928940,7.893879,7.911411,7.858810,7.981499,8.086544,7.876347,7.806187,7.823730,7.928940,7.823730,7.876347,7.946465,7.876347,7.735977,7.665718,7.525059,7.507469,7.419441,7.454662,7.296085,7.172585,7.260815,6.995895,6.907440,7.260815,7.612995,7.963982,8.121536,8.278851,8.243912,8.348686,8.331230,8.435913,8.453358,8.435913,8.435913,8.488220,8.557915,8.505650,8.610161,8.470791,8.644970,8.557915,8.697163,8.923035,8.801476,8.697163,8.592743,8.644970,8.644970,8.610161,8.557915,8.505650,8.505650,8.557915,8.697163,8.644970,8.610161,8.418476,8.331230,8.470791,8.453358,8.592743,8.557915,8.523075,8.592743,8.697163,8.679768,8.662369,8.610161,8.627563,8.557915,8.557915,8.627563,8.714558,8.697163,8.697163,8.679768,8.870953,8.888317,
14.323921,14.176193,14.143326,14.126900,14.126900,13.929443,13.830551,13.896488,13.797565,13.715046,13.682022,13.615929,13.367657,13.301342,13.185173,13.118725,12.969040,12.802441,12.802441,12.802441,12.769081,12.769081,12.702332,12.769081,12.769081,12.635536,12.652241,12.518532,12.551975,12.518532,12.602119,12.551975,12.618832,12.568703,12.535263,12.401375,12.451607,12.485077,12.300850,12.451607,12.418129,12.317612,12.367878,12.401375,12.267311,12.250546,12.166641,12.166641,12.166641,12.049046,11.948143,11.897648,11.863968,11.863968,11.745995,11.729134,11.695396,11.594112,11.577221,11.526535,11.408150,11.458900,11.323498,11.323498,11.323498,11.289619,11.391228,11.272675,11.204865,11.238777,11.323498,11.187904,11.289619,11.187904,11.306557,11.323498,11.238777,11.255722,11.306557,11.204865,11.272675,11.306557,11.306557,11.306557,11.391228,11.306557,11.357365,11.374298,11.391228,11.357365,11.458900,11.458900,11.357365,11.441990,11.441990,11.492725,11.458900,11.425068,11.492725,11.543430,11.458900,11.374298,11.475815,11.441990,11.526535,11.475815,11.492725,11.509636,11.509636,11.509636,11.543430,11.611008,11.644768,11.526535,11.560329,11.509636,11.611008,11.560329,11.560329,11.526535,11.509636,11.543430,11.543430,11.543430,11.492725,11.441990,11.340439,11.425068,11.374298,11.357365,11.458900,11.509636,11.458900,11.509636,11.408150,11.425068,11.340439,11.272675,11.255722,11.306557,11.204865,11.204865,11.187904,11.001148,11.018150,10.865101,10.541225,10.404537,10.558300,10.524147,10.455822,10.524147,10.541225,10.592438,10.558300,10.507072,10.558300,10.575371,10.592438,10.558300,10.472908,10.455822,10.489990,10.421631,10.489990,10.558300,10.370338,10.455822,10.336117,10.455822,10.353233,10.370338,10.797012,11.103065,11.255722,11.137009,10.814041,10.592438,10.353233,10.061974,9.976139,9.718216,9.476868,9.373260,9.252239,8.836220,8.662369,8.627563,8.575333,8.470791,8.435913,8.488220,8.331230,8.278851,8.243912,8.383591,8.418476,8.383591,8.401035,8.453358,8.435913,8.470791,8.418476,8.401035,8.383591,8.313774,8.383591,8.453358,8.383591,8.401035,8.453358,8.401035,8.505650,8.575333,8.540497,8.523075,8.575333,8.505650,8.540497,8.540497,8.470791,8.401035,8.557915,8.575333,8.575333,8.575333,8.644970,8.697163,8.644970,8.679768,8.766716,8.870953,8.870953,8.766716,8.697163,8.801476,9.027115,8.923035,8.957737,9.079109,9.079109,8.992432,9.113758,9.096436,9.252239,9.269539,9.217640,9.200333,9.183022,9.286831,9.183022,9.252239,9.200333,9.183022,9.131081,9.009773,9.009773,8.940388,9.027115,9.183022,9.096436,9.044441,9.165710,9.079109,9.061775,9.096436,9.165710,9.183022,8.870953,8.714558,8.714558,8.818848,8.818848,8.836220,8.870953,8.992432,9.061775,9.096436,9.079109,9.131081,9.200333,9.183022,9.148392,9.183022,9.286831,9.234943,9.304119,9.304119,9.304119,9.338692,9.355976,9.338692,9.476868,9.545887,9.442345,9.407806,9.476868,9.459610,9.511379,9.545887,9.511379,9.494129,9.528633,9.511379,9.752644,9.769852,9.769852,9.752644,9.597610,9.545887,9.338692,9.494129,9.700993,9.563126,9.442345,9.442345,9.597610,9.563126,9.580376,9.563126,9.563126,9.614849,9.649315,9.597610,9.459610,9.511379,9.632080,9.563126,9.632080,9.528633,9.528633,9.442345,9.528633,9.683773,10.044807,10.199139,10.010487,9.958965,9.976139,10.044807,10.044807,10.147728,10.096279,10.061974,10.113426,10.199139,10.250530,10.489990,10.575371,10.267654,10.079128,10.079128,10.010487,10.079128,10.096279,10.164867,10.113426,10.164867,10.319000,10.404537,10.404537,10.061974,9.941792,9.855862,9.941792,9.907425,9.838661,9.907425,9.769852,9.580376,9.752644,9.769852,9.769852,9.718216,9.597610,9.614849,9.597610,9.700993,9.632080,9.700993,9.700993,9.769852,9.804260,10.096279,10.079128,10.027649,9.941792,9.941792,9.890244,9.924606,9.787056,9.769852,9.718216,10.113426,10.182007,10.079128,10.027649,10.079128,10.147728,10.164867,10.216270,10.250530,10.147728,10.216270,10.233398,10.353233,10.353233,10.233398,10.113426,10.147728,10.164867,10.096279,10.061974,10.027649,9.976139,9.941792,10.027649,10.079128,9.838661,9.821461,9.907425,9.855862,9.787056,9.718216,9.683773,9.614849,9.632080,9.735428,9.993317,9.924606,9.649315,9.580376,9.614849,9.545887,9.545887,9.563126,9.545887,9.494129,9.494129,9.580376,9.614849,9.528633,9.545887,9.563126,9.769852,9.683773,9.528633,9.459610,9.269539,9.286831,9.494129,9.597610,9.528633,9.390537,9.390537,9.355976,9.304119,9.425079,9.373260,9.338692,9.373260,9.373260,9.269539,9.269539,9.234943,9.027115,9.027115,9.269539,9.442345,9.304119,9.321407,9.286831,9.286831,9.407806,9.459610,9.390537,9.217640,9.165710,9.183022,9.269539,9.355976,9.217640,9.321407,9.286831,9.425079,9.373260,9.407806,9.321407,9.304119,9.200333,9.304119,9.321407,9.355976,9.269539,9.390537,9.390537,9.442345,9.735428,9.769852,9.632080,9.373260,9.494129,9.476868,9.355976,9.442345,9.459610,9.269539,9.355976,9.494129,9.545887,9.459610,9.217640,9.009773,9.044441,9.027115,9.044441,9.027115,8.975086,8.940388,8.905678,8.836220,8.853588,8.923035,8.818848,8.766716,8.766716,8.679768,8.627563,8.575333,8.401035,8.331230,8.453358,8.418476,8.331230,8.226437,8.016525,8.086544,8.016525,7.981499,7.876347,7.823730,7.911411,7.753536,7.735977,7.735977,7.648148,7.577831,7.507469,7.472267,7.366592,7.366592,7.313717,7.296085,7.278450,7.243172,7.401833,7.313717,7.348972,7.260815,7.260815,7.225533,7.243172,7.296085,7.278450,7.172585,7.137272,7.137272,7.048931,7.101940,7.154926,7.137272,7.119606,6.978207,7.013577,6.872036,6.942829,6.801193,6.677101,6.748028,6.641617,6.588379,6.392914,6.570625,6.623875,7.101940,7.771088,8.261383,8.208961,8.331230,8.627563,8.627563,8.557915,8.557915,8.540497,8.523075,8.592743,8.557915,8.575333,8.627563,8.627563,8.627563,8.714558,8.731949,9.079109,8.975086,8.923035,8.644970,8.610161,8.592743,8.575333,8.592743,8.575333,8.540497,8.592743,8.488220,8.557915,8.557915,8.575333,8.505650,8.697163,8.540497,8.749332,8.836220,8.731949,8.679768,8.627563,8.801476,9.009773,8.714558,8.592743,8.505650,8.540497,8.592743,8.488220,8.592743,8.697163,8.749332,8.766716,8.836220,8.836220,
15.691078,15.480865,15.464684,15.367474,15.318825,15.188980,15.270157,15.156490,15.058941,15.026398,14.847221,14.504147,14.455032,14.323921,14.028225,13.781071,13.533249,13.450489,13.367657,13.234974,13.251579,13.102104,13.168564,13.135342,12.985676,12.969040,12.969040,12.919083,12.702332,12.819115,12.769081,12.719025,12.802441,12.702332,12.752399,12.719025,12.602119,12.635536,12.735714,12.652241,12.685638,12.885777,12.585411,12.585411,12.551975,12.501804,12.300850,12.384636,12.284077,12.284077,12.284077,12.116257,12.233765,12.099461,12.032238,12.015423,11.931309,11.813431,11.678528,11.695396,11.712273,11.644768,11.543430,11.492725,11.492725,11.475815,11.458900,11.441990,11.441990,11.408150,11.425068,11.408150,11.391228,11.425068,11.357365,11.441990,11.441990,11.391228,11.458900,11.408150,11.492725,11.425068,11.408150,11.492725,11.475815,11.526535,11.526535,11.492725,11.475815,11.526535,11.594112,11.594112,11.627888,11.577221,11.661655,11.594112,11.627888,11.611008,11.594112,11.594112,11.526535,11.543430,11.594112,11.627888,11.644768,11.611008,11.661655,11.695396,11.678528,11.729134,11.729134,11.644768,11.661655,11.695396,11.712273,11.627888,11.678528,11.745995,11.745995,11.762863,11.745995,11.695396,11.779716,11.729134,11.745995,11.712273,11.745995,11.695396,11.779716,11.661655,11.712273,11.796577,11.678528,11.644768,11.644768,11.695396,11.543430,11.543430,11.526535,11.492725,11.357365,11.323498,11.272675,11.289619,11.137009,10.882126,10.609497,10.455822,10.643623,10.694775,10.711826,10.745911,10.694775,10.797012,10.711826,10.711826,10.745911,10.779976,10.762939,10.848083,10.797012,10.660679,10.831066,10.762939,10.848083,10.694775,10.609497,10.558300,10.558300,10.455822,10.370338,10.455822,10.609497,10.711826,10.677727,10.421631,10.353233,10.044807,9.735428,9.683773,9.632080,9.425079,9.183022,9.027115,8.749332,8.557915,8.435913,8.488220,8.383591,8.278851,8.243912,8.208961,8.104042,7.999016,8.016525,8.016525,8.104042,8.104042,8.191483,8.226437,8.139027,8.296310,8.226437,8.261383,8.104042,8.208961,8.174004,8.226437,8.331230,8.331230,8.313774,8.348686,8.488220,8.557915,8.523075,8.505650,8.540497,8.488220,8.627563,8.557915,8.453358,8.366138,8.505650,8.557915,8.627563,8.610161,8.714558,8.697163,8.749332,8.731949,8.784096,8.818848,8.888317,8.749332,8.731949,8.870953,8.905678,8.940388,8.957737,9.044441,9.044441,9.027115,8.957737,9.079109,9.252239,9.234943,9.269539,9.304119,9.286831,9.304119,9.321407,9.286831,9.304119,9.269539,9.252239,9.165710,9.079109,8.940388,9.096436,9.165710,9.079109,9.113758,9.286831,9.269539,9.148392,9.269539,9.338692,9.338692,9.148392,9.079109,9.061775,9.113758,9.079109,9.148392,9.131081,9.200333,9.234943,9.304119,9.286831,9.321407,9.407806,9.425079,9.355976,9.407806,9.442345,9.321407,9.425079,9.476868,9.459610,9.700993,9.632080,9.459610,9.442345,9.459610,9.407806,9.459610,9.425079,9.459610,9.459610,9.425079,9.338692,9.476868,9.355976,9.459610,9.614849,9.752644,9.666546,9.700993,9.494129,9.459610,9.476868,9.649315,9.700993,9.614849,9.597610,9.632080,9.683773,9.752644,9.838661,9.700993,9.649315,9.855862,9.855862,9.821461,9.666546,9.597610,9.632080,9.787056,9.890244,9.838661,9.804260,9.700993,9.700993,9.941792,10.113426,10.284771,9.855862,9.924606,10.010487,9.976139,10.182007,10.284771,10.267654,10.147728,10.182007,10.301891,10.319000,10.558300,10.489990,10.216270,10.147728,10.182007,10.079128,10.079128,10.164867,10.164867,10.096279,10.199139,10.250530,10.336117,10.301891,10.284771,10.233398,10.113426,10.130581,10.061974,10.096279,9.993317,9.683773,9.735428,9.993317,9.993317,9.718216,9.700993,9.804260,9.769852,9.769852,9.735428,9.666546,9.666546,9.718216,9.752644,9.855862,10.164867,10.216270,10.079128,10.044807,9.941792,9.993317,9.958965,9.855862,9.769852,9.787056,9.976139,10.044807,9.976139,9.941792,9.958965,10.010487,10.079128,10.267654,10.130581,10.199139,10.027649,10.079128,10.233398,10.233398,10.182007,10.164867,10.199139,10.233398,10.216270,10.284771,10.182007,10.044807,10.147728,10.353233,10.250530,9.924606,9.873051,9.993317,9.924606,9.838661,9.873051,9.787056,9.821461,9.804260,9.838661,10.027649,9.941792,9.787056,9.649315,9.649315,9.545887,9.528633,9.545887,9.494129,9.563126,9.580376,9.718216,9.752644,9.649315,9.614849,9.580376,9.632080,9.597610,9.614849,9.597610,9.511379,9.459610,9.528633,9.769852,9.718216,9.476868,9.286831,9.390537,9.304119,9.355976,9.321407,9.338692,9.321407,9.321407,9.269539,9.234943,9.200333,9.131081,9.061775,9.269539,9.269539,9.390537,9.321407,9.269539,9.304119,9.355976,9.373260,9.338692,9.304119,9.200333,9.269539,9.252239,9.252239,9.304119,9.407806,9.442345,9.459610,9.494129,9.476868,9.407806,9.390537,9.442345,9.355976,9.373260,9.459610,9.390537,9.355976,9.373260,9.597610,9.907425,9.873051,9.666546,9.425079,9.390537,9.338692,9.425079,9.321407,9.269539,9.304119,9.338692,9.442345,9.390537,9.355976,9.338692,9.338692,9.286831,9.407806,9.321407,9.304119,9.286831,9.200333,9.286831,9.563126,9.528633,9.494129,9.373260,9.373260,9.407806,9.425079,9.338692,9.390537,9.321407,9.373260,9.338692,9.407806,9.321407,9.079109,9.061775,9.061775,9.027115,8.975086,8.905678,8.888317,8.853588,8.784096,8.766716,8.644970,8.575333,8.470791,8.331230,8.121536,7.683289,7.560242,7.489868,7.525059,7.348972,7.489868,7.507469,7.419441,7.366592,7.331345,7.296085,7.278450,7.190231,7.278450,7.225533,7.119606,7.154926,7.119606,7.101940,7.066605,6.978207,6.978207,6.942829,6.801193,6.783474,6.748028,6.712570,6.677101,6.641617,6.641617,6.517342,6.499577,6.286148,6.357342,6.783474,7.595413,8.104042,8.296310,8.453358,8.470791,8.818848,8.853588,8.662369,8.575333,8.731949,8.697163,8.818848,8.731949,8.731949,8.801476,8.818848,8.784096,8.784096,8.888317,8.905678,8.888317,8.818848,8.714558,8.818848,8.679768,8.697163,8.610161,8.749332,8.888317,8.818848,8.592743,8.488220,8.557915,8.523075,8.557915,8.662369,8.644970,8.697163,8.801476,8.749332,8.818848,8.957737,9.044441,8.975086,8.697163,8.523075,8.644970,8.610161,8.679768,8.610161,8.714558,8.679768,8.679768,8.749332,8.731949,8.592743,
17.084930,17.100819,16.750549,16.814339,16.782452,16.606838,16.622818,16.478889,16.478889,16.366791,16.045673,15.981312,15.755661,15.448486,15.270157,15.091465,14.700352,14.389496,14.094013,13.896488,13.896488,13.682022,13.665508,13.516701,13.549789,13.500156,13.351086,13.334507,13.351086,13.251579,13.201775,13.218376,13.135342,13.102104,13.201775,13.068855,13.052223,12.919083,12.869114,12.985676,13.035591,12.985676,12.919083,12.819115,12.835777,12.752399,12.769081,12.735714,12.635536,12.585411,12.535263,12.401375,12.317612,12.267311,12.317612,12.149849,12.116257,12.065849,11.914482,11.863968,11.863968,11.830276,11.712273,11.712273,11.762863,11.695396,11.661655,11.661655,11.644768,11.644768,11.611008,11.543430,11.526535,11.611008,11.627888,11.611008,11.594112,11.560329,11.627888,11.543430,11.695396,11.526535,11.611008,11.594112,11.745995,11.644768,11.712273,11.611008,11.678528,11.627888,11.661655,11.661655,11.729134,11.762863,11.745995,11.678528,11.762863,11.712273,11.644768,11.729134,11.678528,11.695396,11.661655,11.729134,11.762863,11.695396,11.745995,11.813431,11.830276,11.729134,11.779716,11.796577,11.847122,11.847122,11.914482,11.863968,11.847122,11.847122,11.880806,11.897648,11.897648,11.981785,11.897648,11.914482,11.948143,11.948143,12.065849,11.964966,12.049046,11.981785,11.981785,12.099461,11.948143,11.847122,11.847122,11.779716,11.830276,11.779716,11.712273,11.644768,11.644768,11.577221,11.458900,11.425068,11.323498,11.120033,10.728870,10.558300,10.728870,10.779976,10.899132,10.950157,11.001148,10.967159,11.018150,10.967159,10.950157,11.001148,11.069107,11.035133,11.069107,10.967159,11.001148,11.069107,10.967159,10.933151,10.865101,10.779976,10.694775,10.592438,10.507072,10.455822,10.524147,10.421631,10.387436,10.233398,10.182007,9.700993,9.528633,9.390537,9.355976,9.183022,8.818848,8.679768,8.644970,8.523075,8.435913,8.470791,8.331230,8.261383,8.243912,8.034035,8.034035,7.981499,7.963982,7.963982,7.999016,7.999016,8.051544,7.963982,7.946465,7.946465,8.034035,8.174004,8.139027,8.121536,8.104042,8.139027,8.104042,8.226437,8.226437,8.313774,8.488220,8.488220,8.575333,8.575333,8.540497,8.470791,8.488220,8.488220,8.470791,8.418476,8.366138,8.401035,8.488220,8.488220,8.575333,8.575333,8.644970,8.714558,8.870953,8.714558,8.836220,8.801476,8.784096,8.870953,8.801476,8.784096,8.836220,8.731949,8.749332,8.888317,8.766716,8.870953,9.148392,9.252239,9.286831,9.217640,9.304119,9.217640,9.321407,9.183022,9.234943,9.234943,9.131081,9.183022,9.234943,9.131081,9.286831,9.269539,9.234943,9.355976,9.459610,9.407806,9.355976,9.355976,9.494129,9.476868,9.373260,9.338692,9.407806,9.459610,9.476868,9.580376,9.597610,9.614849,9.614849,9.666546,9.718216,9.700993,9.769852,9.769852,9.769852,9.769852,9.614849,9.649315,9.649315,9.752644,9.718216,9.873051,9.821461,9.632080,9.666546,9.649315,9.666546,9.614849,9.580376,9.459610,9.511379,9.390537,9.442345,9.459610,9.528633,9.528633,9.580376,9.700993,9.769852,9.666546,9.563126,9.563126,9.494129,9.718216,9.873051,9.907425,9.873051,9.821461,9.718216,9.787056,9.873051,9.769852,9.787056,9.873051,9.873051,9.907425,9.683773,9.683773,9.666546,9.976139,10.079128,10.096279,10.113426,10.113426,10.113426,10.182007,10.301891,10.164867,10.010487,9.924606,10.044807,10.130581,10.061974,10.147728,10.113426,10.096279,10.079128,10.061974,10.061974,10.199139,10.301891,10.164867,10.147728,10.113426,10.182007,10.164867,10.079128,10.010487,10.079128,10.250530,10.250530,10.199139,10.250530,10.199139,10.164867,10.250530,10.216270,10.164867,10.267654,10.164867,9.873051,9.958965,10.182007,10.182007,9.993317,10.010487,10.027649,10.027649,9.993317,9.958965,9.873051,9.821461,9.924606,10.027649,10.079128,10.199139,10.130581,10.010487,9.993317,10.044807,10.027649,10.044807,9.958965,9.855862,9.804260,9.976139,10.010487,9.924606,9.941792,9.890244,9.958965,9.941792,10.044807,10.061974,10.044807,9.958965,10.027649,10.147728,10.164867,10.096279,10.130581,10.164867,10.233398,10.267654,10.216270,10.182007,10.199139,10.233398,10.404537,10.284771,10.147728,10.096279,10.096279,10.079128,10.061974,10.113426,10.096279,10.044807,9.976139,9.941792,9.976139,9.993317,9.924606,9.787056,9.735428,9.666546,9.649315,9.649315,9.563126,9.494129,9.476868,9.821461,9.958965,9.838661,9.718216,9.683773,9.700993,9.666546,9.735428,9.718216,9.649315,9.476868,9.752644,9.787056,9.752644,9.528633,9.407806,9.476868,9.425079,9.425079,9.390537,9.390537,9.425079,9.373260,9.425079,9.407806,9.286831,9.113758,9.183022,9.009773,9.148392,9.234943,9.131081,9.165710,9.044441,9.304119,9.476868,9.425079,9.217640,9.148392,9.148392,9.131081,9.148392,9.200333,9.304119,9.476868,9.442345,9.545887,9.494129,9.563126,9.476868,9.511379,9.442345,9.459610,9.407806,9.407806,9.425079,9.459610,9.614849,9.804260,9.632080,9.545887,9.528633,9.563126,9.390537,9.286831,9.234943,9.269539,9.321407,9.373260,9.321407,9.321407,9.269539,9.252239,9.234943,9.321407,9.252239,9.269539,9.286831,9.252239,9.269539,9.390537,9.632080,9.580376,9.425079,9.407806,9.476868,9.459610,9.528633,9.666546,9.528633,9.666546,9.545887,9.528633,9.459610,9.511379,9.355976,9.373260,9.338692,9.304119,9.425079,9.355976,9.373260,9.373260,9.286831,9.442345,9.511379,9.252239,9.131081,9.234943,9.183022,9.096436,8.905678,8.923035,8.992432,8.766716,8.957737,9.044441,8.888317,8.679768,8.644970,8.470791,8.644970,8.488220,8.470791,8.348686,8.331230,8.366138,8.243912,8.174004,8.104042,7.841270,7.946465,7.753536,7.648148,7.507469,7.507469,7.419441,7.437057,7.560242,7.384212,7.207882,6.960518,6.960518,7.013577,7.648148,8.278851,8.505650,8.505650,8.592743,8.627563,8.853588,8.731949,8.714558,8.714558,8.749332,8.870953,8.801476,8.818848,8.853588,8.818848,8.870953,8.870953,8.905678,8.853588,8.818848,8.784096,8.731949,8.644970,8.731949,8.731949,8.697163,8.923035,8.888317,8.923035,8.801476,8.575333,8.488220,8.401035,8.505650,8.540497,8.662369,8.697163,8.749332,8.836220,8.905678,8.940388,8.870953,8.836220,8.784096,8.784096,8.749332,8.749332,8.870953,8.749332,8.784096,8.818848,8.853588,8.957737,8.784096,8.627563,8.662369,
18.237114,18.237114,18.064510,18.001652,17.954483,17.954483,17.781296,17.812809,17.860062,17.655106,17.639320,17.418003,17.053143,16.894020,16.462883,16.366791,15.868561,15.658775,15.383682,15.140236,14.830910,14.814606,14.520515,14.405884,14.373108,14.192616,14.307518,14.110455,14.192616,13.929443,13.962376,13.880009,13.748062,13.715046,13.632454,13.682022,13.615929,13.516701,13.483601,13.433933,13.483601,13.483601,13.433933,13.234974,13.201775,13.185173,13.118725,13.118725,13.035591,12.869114,12.902435,12.852448,12.752399,12.702332,12.501804,12.451607,12.384636,12.300850,12.250546,12.133057,12.065849,11.981785,12.032238,11.897648,11.863968,11.779716,11.796577,11.729134,11.847122,11.779716,11.830276,11.695396,11.880806,11.863968,11.779716,11.847122,11.813431,11.863968,11.847122,11.830276,11.779716,11.729134,11.745995,11.847122,11.779716,11.813431,11.762863,11.847122,11.847122,11.847122,11.779716,11.863968,11.897648,11.880806,11.914482,11.830276,11.847122,11.948143,11.847122,11.880806,11.914482,11.897648,11.863968,11.863968,11.914482,11.847122,11.897648,11.847122,11.998611,11.897648,11.914482,11.964966,12.015423,12.032238,12.032238,12.049046,12.065849,11.981785,12.032238,12.065849,12.099461,12.082661,12.099461,12.015423,12.082661,12.166641,12.149849,12.082661,12.099461,12.015423,12.032238,12.065849,12.099461,12.032238,11.948143,11.914482,11.914482,11.880806,11.847122,11.880806,11.712273,11.695396,11.695396,11.611008,11.492725,11.272675,10.814041,10.643623,10.882126,11.001148,11.018150,11.103065,11.103065,11.255722,11.170944,11.221825,11.187904,11.238777,11.306557,11.238777,11.238777,11.255722,11.340439,11.255722,11.238777,11.153976,11.187904,10.950157,10.916145,10.848083,10.626560,10.455822,10.421631,10.472908,10.387436,10.250530,10.061974,10.010487,9.769852,9.494129,9.442345,9.234943,9.079109,8.957737,8.888317,8.749332,8.627563,8.557915,8.557915,8.488220,8.488220,8.366138,8.313774,8.208961,8.278851,8.226437,8.278851,8.174004,8.243912,8.191483,8.086544,7.911411,8.156513,8.156513,8.069046,8.104042,8.069046,8.121536,8.243912,8.278851,8.313774,8.278851,8.418476,8.470791,8.505650,8.557915,8.453358,8.348686,8.418476,8.453358,8.418476,8.348686,8.331230,8.470791,8.401035,8.470791,8.592743,8.557915,8.575333,8.644970,8.714558,8.679768,8.749332,8.731949,8.784096,8.697163,8.679768,8.627563,8.679768,8.557915,8.610161,8.627563,8.749332,8.784096,9.009773,9.044441,8.957737,9.027115,8.957737,9.079109,8.957737,8.975086,8.975086,8.957737,9.061775,9.165710,9.217640,9.200333,9.304119,9.338692,9.476868,9.442345,9.511379,9.459610,9.459610,9.494129,9.511379,9.407806,9.355976,9.442345,9.476868,9.528633,9.580376,9.580376,9.700993,9.649315,9.683773,9.700993,9.787056,9.752644,9.890244,9.855862,9.804260,9.769852,9.649315,9.700993,9.718216,9.752644,9.855862,9.855862,9.804260,9.769852,9.804260,9.718216,9.821461,9.838661,9.718216,9.838661,9.787056,9.718216,9.769852,9.718216,9.907425,9.941792,9.924606,9.976139,9.907425,9.855862,9.890244,9.718216,9.632080,9.924606,10.130581,10.027649,10.027649,9.976139,9.838661,9.873051,9.941792,9.873051,9.821461,9.855862,9.838661,9.855862,9.735428,9.666546,9.700993,9.873051,9.907425,9.941792,9.993317,9.958965,9.993317,10.044807,10.250530,10.233398,10.079128,10.079128,10.233398,10.250530,10.079128,10.010487,9.976139,9.958965,9.976139,9.907425,9.924606,10.044807,10.113426,10.096279,10.079128,10.027649,10.027649,10.010487,10.096279,10.061974,10.182007,10.216270,10.147728,10.096279,10.044807,10.147728,10.147728,10.216270,10.147728,10.164867,10.147728,10.130581,9.941792,10.027649,10.044807,10.096279,10.027649,10.044807,10.113426,10.010487,9.976139,9.855862,9.804260,9.838661,9.958965,10.182007,10.113426,10.130581,10.096279,10.061974,10.010487,9.976139,10.010487,9.993317,9.890244,9.838661,9.769852,10.044807,10.147728,9.941792,9.890244,9.855862,9.855862,9.873051,9.890244,9.855862,9.941792,9.924606,9.941792,10.044807,10.130581,10.130581,9.976139,10.096279,10.113426,10.164867,10.147728,10.130581,10.096279,10.147728,10.250530,10.199139,10.164867,10.182007,10.147728,10.164867,10.164867,10.216270,10.216270,10.130581,9.993317,10.096279,9.976139,10.301891,10.233398,9.976139,9.976139,9.873051,9.855862,9.924606,9.787056,9.614849,9.855862,10.096279,10.079128,9.838661,9.855862,9.787056,9.752644,9.804260,9.769852,9.958965,9.700993,9.632080,9.718216,9.614849,9.787056,9.666546,9.580376,9.580376,9.580376,9.580376,9.476868,9.390537,9.442345,9.545887,9.632080,9.511379,9.234943,9.131081,9.131081,9.148392,9.148392,9.096436,9.113758,9.217640,9.183022,9.286831,9.459610,9.286831,9.096436,9.009773,9.061775,9.027115,9.183022,9.217640,9.286831,9.321407,9.528633,9.597610,9.649315,9.580376,9.442345,9.425079,9.355976,9.442345,9.390537,9.355976,9.321407,9.407806,9.752644,9.735428,9.597610,9.476868,9.545887,9.597610,9.563126,9.338692,9.286831,9.286831,9.252239,9.234943,9.234943,9.217640,9.131081,9.183022,9.321407,9.373260,9.355976,9.338692,9.321407,9.338692,9.442345,9.597610,9.666546,9.494129,9.425079,9.511379,9.407806,9.563126,9.614849,9.683773,9.700993,9.632080,9.700993,9.563126,9.459610,9.511379,9.459610,9.476868,9.355976,9.234943,9.217640,9.252239,9.165710,9.148392,9.269539,9.442345,9.407806,9.304119,9.321407,9.373260,9.286831,9.304119,9.269539,9.234943,9.321407,9.321407,9.304119,9.321407,9.269539,9.304119,9.252239,9.183022,9.148392,9.200333,9.217640,9.113758,9.165710,9.217640,9.165710,9.131081,8.992432,8.853588,8.801476,8.731949,8.714558,8.714558,8.697163,8.801476,8.992432,8.940388,8.731949,8.575333,8.331230,8.401035,8.261383,8.523075,8.610161,8.575333,8.662369,8.749332,8.853588,8.731949,8.749332,8.766716,8.749332,8.766716,8.836220,8.888317,8.870953,8.749332,8.766716,8.731949,8.905678,8.923035,8.801476,8.662369,8.749332,8.697163,8.592743,8.697163,8.697163,8.714558,8.784096,8.870953,8.766716,8.610161,8.575333,8.557915,8.540497,8.523075,8.679768,8.697163,8.731949,8.644970,8.731949,8.784096,8.766716,8.679768,8.714558,8.679768,8.679768,8.749332,8.853588,8.870953,8.853588,8.870953,8.870953,9.027115,8.870953,8.836220,8.697163,8.644970,
19.280655,19.280655,19.187744,19.156754,19.048180,19.141251,19.125748,19.187744,19.110237,19.141251,19.063705,18.799477,18.471905,18.064510,17.923019,17.607742,17.275417,16.941784,16.702667,16.414852,16.142136,15.900787,15.691078,15.610291,15.626457,15.480865,15.318825,15.270157,15.140236,14.928707,14.749332,14.814606,14.814606,14.847221,14.634995,14.553234,14.504147,14.340313,14.340313,14.307518,14.110455,14.192616,14.094013,13.863529,13.748062,13.797565,13.682022,13.516701,13.516701,13.334507,13.367657,13.185173,13.151951,13.102104,12.869114,12.702332,12.535263,12.485077,12.434868,12.418129,12.300850,12.300850,12.216988,12.133057,12.082661,12.099461,11.998611,11.998611,12.032238,12.032238,12.049046,11.998611,12.032238,12.032238,12.065849,12.032238,12.015423,11.914482,12.015423,11.998611,12.015423,11.948143,12.032238,11.948143,11.948143,11.948143,11.964966,12.049046,12.065849,11.981785,12.015423,12.015423,12.099461,12.065849,12.049046,12.015423,12.032238,12.015423,12.065849,12.015423,12.032238,11.998611,12.049046,11.998611,12.065849,12.032238,11.998611,11.998611,11.998611,12.015423,11.998611,12.082661,12.099461,12.149849,12.099461,12.116257,12.116257,12.216988,12.149849,12.183426,12.166641,12.267311,12.267311,12.250546,12.166641,12.300850,12.250546,12.267311,12.300850,12.300850,12.233765,12.233765,12.233765,12.233765,12.183426,12.149849,12.133057,12.099461,12.032238,12.082661,11.897648,11.847122,11.813431,11.729134,11.661655,11.543430,10.950157,10.865101,11.153976,11.086086,11.170944,11.187904,11.238777,11.323498,11.340439,11.391228,11.441990,11.475815,11.509636,11.577221,11.526535,11.526535,11.509636,11.526535,11.391228,11.306557,11.340439,11.221825,11.086086,10.950157,10.899132,10.711826,10.643623,10.558300,10.472908,10.404537,10.199139,10.130581,10.010487,9.787056,9.700993,9.597610,9.442345,9.355976,9.217640,9.217640,9.027115,8.923035,8.957737,8.853588,8.766716,8.784096,8.731949,8.766716,8.627563,8.610161,8.592743,8.592743,8.540497,8.575333,8.488220,8.383591,8.470791,8.505650,8.488220,8.488220,8.523075,8.453358,8.488220,8.418476,8.540497,8.592743,8.679768,8.592743,8.662369,8.697163,8.523075,8.540497,8.348686,8.418476,8.418476,8.313774,8.383591,8.366138,8.488220,8.470791,8.557915,8.523075,8.592743,8.627563,8.575333,8.714558,8.749332,8.731949,8.714558,8.714558,8.679768,8.697163,8.575333,8.540497,8.557915,8.662369,8.766716,8.766716,8.801476,8.888317,8.870953,8.905678,8.975086,8.818848,8.818848,8.731949,8.766716,8.801476,8.957737,9.079109,9.304119,9.165710,9.355976,9.304119,9.459610,9.459610,9.494129,9.425079,9.304119,9.304119,9.338692,9.304119,9.286831,9.286831,9.321407,9.425079,9.528633,9.597610,9.580376,9.580376,9.614849,9.649315,9.614849,9.614849,9.614849,9.718216,9.649315,9.580376,9.511379,9.442345,9.545887,9.752644,9.752644,9.718216,9.752644,9.769852,9.683773,9.700993,9.821461,9.752644,9.769852,9.804260,9.821461,9.873051,10.061974,10.113426,10.199139,10.130581,10.044807,10.147728,10.010487,10.044807,10.199139,10.164867,10.096279,10.147728,10.250530,10.147728,10.250530,10.130581,10.044807,10.044807,10.079128,10.061974,10.113426,9.993317,9.958965,9.958965,10.044807,9.821461,9.804260,9.787056,9.804260,9.804260,9.821461,9.718216,9.752644,9.838661,10.233398,10.164867,10.147728,10.182007,10.267654,10.199139,10.216270,10.267654,10.096279,10.027649,9.907425,9.976139,9.924606,10.113426,10.079128,10.096279,10.079128,10.096279,10.113426,10.010487,10.010487,9.855862,10.130581,10.199139,10.096279,9.993317,9.924606,9.873051,10.027649,9.958965,9.907425,9.958965,10.164867,9.976139,10.061974,10.010487,9.941792,9.890244,9.821461,9.855862,9.993317,9.993317,9.958965,9.924606,9.769852,9.804260,10.130581,10.130581,9.976139,10.027649,10.010487,9.993317,9.976139,9.924606,9.941792,9.890244,9.958965,9.787056,9.821461,9.769852,9.873051,9.838661,9.718216,9.666546,9.683773,9.752644,9.666546,9.683773,9.735428,9.907425,9.924606,9.976139,9.993317,9.976139,9.976139,10.079128,9.993317,9.993317,9.924606,10.010487,9.907425,10.061974,10.096279,10.044807,10.061974,10.010487,9.958965,9.993317,9.855862,10.061974,10.044807,10.096279,10.096279,10.113426,10.182007,10.284771,10.113426,10.061974,10.010487,9.993317,9.941792,9.958965,9.976139,9.752644,9.941792,9.941792,9.890244,9.924606,9.907425,9.958965,9.941792,9.941792,9.941792,9.958965,9.890244,9.769852,9.735428,9.804260,10.027649,9.873051,9.735428,9.597610,9.597610,9.632080,9.614849,9.528633,9.614849,9.649315,9.718216,9.442345,9.234943,9.165710,9.183022,9.234943,9.200333,9.269539,9.355976,9.269539,9.252239,9.355976,9.355976,9.234943,9.131081,9.079109,9.252239,9.286831,9.321407,9.321407,9.425079,9.304119,9.442345,9.528633,9.580376,9.580376,9.476868,9.442345,9.459610,9.476868,9.545887,9.511379,9.511379,9.614849,9.787056,9.804260,9.632080,9.563126,9.649315,9.545887,9.563126,9.459610,9.373260,9.425079,9.390537,9.442345,9.407806,9.321407,9.200333,9.165710,9.304119,9.321407,9.286831,9.321407,9.355976,9.442345,9.407806,9.580376,9.614849,9.494129,9.425079,9.476868,9.563126,9.494129,9.632080,9.649315,9.666546,9.666546,9.545887,9.494129,9.545887,9.563126,9.718216,9.563126,9.338692,9.200333,9.217640,9.183022,9.165710,9.200333,9.269539,9.355976,9.234943,9.286831,9.321407,9.269539,9.217640,9.217640,9.286831,9.252239,9.425079,9.425079,9.390537,9.355976,9.407806,9.252239,9.269539,9.165710,9.217640,9.286831,9.148392,9.061775,9.044441,9.286831,9.217640,8.957737,8.940388,8.940388,8.905678,8.870953,8.870953,8.923035,8.992432,8.940388,8.923035,8.992432,8.853588,8.870953,8.801476,8.731949,8.766716,8.679768,8.610161,8.731949,8.731949,8.801476,8.923035,8.888317,8.853588,8.749332,8.679768,8.836220,8.905678,8.784096,8.888317,8.836220,8.784096,8.870953,8.923035,8.888317,8.853588,8.905678,8.818848,8.801476,8.679768,8.731949,8.801476,8.731949,8.801476,8.714558,8.818848,8.592743,8.697163,8.592743,8.644970,8.697163,8.644970,8.731949,8.644970,8.731949,8.818848,8.905678,8.888317,8.766716,8.784096,8.714558,8.644970,8.766716,8.714558,8.749332,8.697163,8.731949,8.853588,8.801476,8.784096,8.784096,8.731949,8.644970,
19.789734,19.712807,19.635811,19.928017,19.897308,19.897308,19.989395,20.004730,20.402458,20.737442,20.767830,20.142639,19.743591,19.388908,19.048180,18.846176,18.534397,18.268456,18.017372,17.607742,17.291267,17.164352,16.925861,16.750549,16.862156,16.702667,16.526890,16.398830,16.254528,16.142136,16.045673,15.997406,15.981312,15.787926,15.658775,15.577946,15.577946,15.399883,15.399883,15.205219,15.221458,15.221458,15.042671,14.814606,14.716679,14.553234,14.634995,14.585953,14.373108,14.159763,14.077572,13.880009,13.665508,13.483601,13.268166,13.085476,12.952389,12.802441,12.752399,12.602119,12.551975,12.451607,12.401375,12.468342,12.267311,12.334373,12.183426,12.149849,12.250546,12.183426,12.200203,12.116257,12.149849,12.183426,12.099461,12.166641,12.216988,12.133057,12.166641,12.133057,12.149849,12.116257,12.149849,12.183426,12.116257,12.099461,12.099461,12.183426,12.133057,12.233765,12.149849,12.166641,12.300850,12.200203,12.216988,12.166641,12.183426,12.183426,12.166641,12.183426,12.116257,12.116257,12.082661,12.183426,12.183426,12.116257,12.099461,12.116257,12.065849,12.183426,12.200203,12.183426,12.216988,12.216988,12.250546,12.216988,12.250546,12.300850,12.300850,12.284077,12.300850,12.317612,12.317612,12.284077,12.334373,12.351128,12.384636,12.418129,12.451607,12.485077,12.401375,12.418129,12.468342,12.367878,12.351128,12.284077,12.183426,12.200203,12.216988,12.133057,12.149849,12.065849,11.931309,11.981785,11.779716,11.644768,11.255722,11.069107,11.221825,11.289619,11.323498,11.408150,11.391228,11.441990,11.526535,11.492725,11.644768,11.644768,11.695396,11.661655,11.745995,11.695396,11.796577,11.661655,11.661655,11.526535,11.560329,11.357365,11.340439,11.170944,11.052120,10.916145,10.831066,10.745911,10.592438,10.438725,10.489990,10.250530,10.130581,10.010487,9.907425,9.873051,9.700993,9.614849,9.563126,9.494129,9.390537,9.286831,9.252239,9.234943,9.165710,9.096436,9.009773,9.044441,9.044441,8.940388,8.975086,8.870953,8.905678,8.836220,8.853588,8.870953,8.975086,8.853588,8.784096,8.888317,8.818848,8.888317,8.818848,8.853588,8.870953,8.870953,8.905678,8.836220,8.957737,8.905678,8.888317,8.818848,8.870953,8.836220,8.784096,8.731949,8.731949,8.697163,8.679768,8.784096,8.801476,8.697163,8.749332,8.749332,8.679768,8.679768,8.749332,8.714558,8.749332,8.766716,8.766716,8.784096,8.714558,8.731949,8.697163,8.662369,8.714558,8.749332,8.766716,8.766716,8.766716,8.888317,8.905678,8.784096,8.749332,8.714558,8.731949,8.784096,8.836220,8.905678,8.975086,9.009773,9.079109,9.079109,9.183022,9.234943,9.355976,9.269539,9.061775,9.061775,9.131081,9.113758,9.009773,9.131081,9.183022,9.217640,9.269539,9.338692,9.286831,9.442345,9.286831,9.373260,9.545887,9.476868,9.390537,9.459610,9.442345,9.459610,9.442345,9.338692,9.390537,9.580376,9.580376,9.528633,9.597610,9.666546,9.597610,9.666546,9.666546,9.649315,9.632080,9.649315,9.718216,9.804260,9.941792,9.993317,10.079128,9.855862,9.924606,9.890244,9.838661,9.873051,9.958965,10.164867,10.182007,10.199139,10.267654,10.250530,10.319000,10.336117,10.233398,10.147728,10.199139,10.284771,10.250530,10.233398,10.096279,10.199139,10.336117,10.164867,9.958965,9.924606,9.890244,9.821461,9.907425,9.873051,9.941792,10.096279,10.233398,10.233398,10.182007,10.284771,10.301891,10.319000,10.336117,10.319000,10.336117,10.113426,10.096279,10.061974,10.061974,10.182007,10.267654,10.182007,10.182007,10.044807,10.027649,9.890244,9.769852,9.683773,10.044807,10.164867,10.010487,9.958965,9.804260,9.993317,9.958965,9.890244,9.855862,9.924606,9.890244,9.924606,9.976139,9.941792,9.855862,9.787056,9.718216,9.787056,9.821461,9.787056,9.804260,9.752644,9.752644,9.787056,10.027649,9.993317,9.907425,9.976139,9.976139,9.976139,9.941792,9.907425,9.924606,9.821461,9.907425,9.855862,9.735428,9.787056,9.718216,9.752644,9.597610,9.528633,9.632080,9.563126,9.528633,9.442345,9.545887,9.804260,9.769852,9.632080,9.683773,9.683773,9.821461,9.821461,9.804260,9.907425,9.873051,9.958965,9.976139,9.976139,10.044807,9.821461,9.855862,9.821461,9.804260,9.890244,9.838661,9.907425,9.855862,10.010487,9.958965,9.941792,10.079128,10.079128,9.993317,10.044807,10.027649,10.044807,9.958965,10.044807,9.873051,9.924606,9.941792,10.027649,10.027649,9.890244,9.924606,9.958965,9.907425,9.958965,9.976139,9.958965,9.924606,9.873051,9.873051,9.958965,9.976139,9.804260,9.769852,9.666546,9.718216,9.683773,9.700993,9.597610,9.735428,9.752644,9.752644,9.718216,9.632080,9.545887,9.545887,9.545887,9.563126,9.597610,9.494129,9.511379,9.442345,9.459610,9.580376,9.528633,9.476868,9.407806,9.476868,9.407806,9.476868,9.511379,9.459610,9.442345,9.511379,9.804260,9.769852,9.476868,9.425079,9.355976,9.563126,9.528633,9.459610,9.494129,9.563126,9.580376,9.769852,9.683773,9.528633,9.597610,9.597610,9.442345,9.528633,9.494129,9.407806,9.407806,9.494129,9.390537,9.528633,9.442345,9.252239,9.252239,9.269539,9.269539,9.321407,9.321407,9.373260,9.390537,9.511379,9.614849,9.563126,9.476868,9.459610,9.373260,9.511379,9.476868,9.511379,9.563126,9.545887,9.563126,9.528633,9.528633,9.580376,9.545887,9.632080,9.563126,9.476868,9.390537,9.511379,9.425079,9.511379,9.511379,9.476868,9.286831,9.373260,9.355976,9.407806,9.234943,9.131081,9.183022,9.200333,9.269539,9.252239,9.252239,9.338692,9.321407,9.338692,9.321407,9.217640,9.217640,9.200333,9.269539,9.234943,9.165710,9.044441,9.183022,9.009773,8.957737,8.905678,9.027115,8.853588,8.923035,8.905678,8.923035,8.975086,9.044441,8.992432,8.940388,8.992432,9.027115,8.992432,8.957737,8.766716,8.870953,8.749332,8.714558,8.731949,8.784096,9.061775,8.975086,8.731949,8.784096,8.801476,8.818848,9.027115,8.940388,8.975086,8.923035,8.940388,8.836220,8.818848,8.870953,8.905678,8.905678,8.853588,8.870953,8.784096,8.801476,8.853588,8.888317,8.888317,8.957737,8.905678,8.853588,8.679768,8.644970,8.679768,8.714558,8.714558,8.766716,8.714558,8.801476,8.818848,8.766716,8.801476,8.766716,8.731949,8.784096,8.801476,8.801476,8.784096,8.801476,8.749332,8.679768,8.870953,8.801476,8.749332,8.784096,8.731949,8.662369,
19.897308,19.958702,20.142639,20.203842,20.341400,20.448227,20.554901,20.767830,21.493416,22.241959,22.003235,21.433205,20.904388,20.432976,20.142639,19.758972,19.543312,19.249695,18.892838,18.612450,18.440628,18.205757,18.017372,18.143013,18.252785,18.252785,17.875805,17.639320,17.560349,17.307125,17.211967,17.180225,17.211967,17.005432,16.846222,16.670738,16.782452,16.446873,16.398830,16.462883,16.398830,16.366791,16.190327,16.093914,15.852440,15.804058,15.739521,15.852440,15.545601,15.302612,15.010124,14.684017,14.487770,14.176193,13.880009,13.632454,13.433933,13.151951,13.052223,12.902435,12.802441,12.685638,12.535263,12.568703,12.468342,12.384636,12.418129,12.367878,12.418129,12.401375,12.334373,12.317612,12.233765,12.317612,12.351128,12.300850,12.300850,12.267311,12.317612,12.267311,12.300850,12.233765,12.267311,12.250546,12.351128,12.300850,12.300850,12.300850,12.334373,12.334373,12.351128,12.284077,12.401375,12.384636,12.367878,12.267311,12.300850,12.284077,12.250546,12.216988,12.200203,12.216988,12.300850,12.367878,12.250546,12.200203,12.233765,12.284077,12.317612,12.267311,12.334373,12.233765,12.300850,12.367878,12.317612,12.300850,12.418129,12.418129,12.351128,12.451607,12.434868,12.401375,12.501804,12.518532,12.551975,12.585411,12.551975,12.535263,12.551975,12.501804,12.551975,12.501804,12.501804,12.401375,12.367878,12.418129,12.418129,12.367878,12.351128,12.284077,12.216988,12.149849,12.099461,12.065849,11.948143,11.762863,11.357365,11.238777,11.306557,11.475815,11.543430,11.577221,11.644768,11.627888,11.594112,11.695396,11.762863,11.830276,11.847122,11.931309,11.964966,11.964966,11.847122,11.931309,11.880806,11.813431,11.762863,11.644768,11.627888,11.475815,11.340439,11.204865,11.187904,10.967159,10.950157,10.865101,10.779976,10.524147,10.472908,10.438725,10.404537,10.199139,10.096279,10.010487,10.010487,9.890244,9.821461,9.735428,9.683773,9.614849,9.632080,9.528633,9.425079,9.442345,9.425079,9.304119,9.407806,9.252239,9.286831,9.373260,9.217640,9.269539,9.217640,9.269539,9.304119,9.286831,9.165710,9.217640,9.234943,9.304119,9.269539,9.286831,9.148392,9.234943,9.200333,9.252239,9.252239,9.234943,9.165710,9.148392,9.252239,9.165710,9.079109,9.131081,9.113758,9.131081,9.113758,9.096436,9.044441,9.113758,9.061775,9.044441,9.096436,8.975086,9.044441,9.044441,9.044441,9.027115,9.044441,9.027115,9.027115,8.975086,8.992432,9.044441,9.027115,9.009773,8.784096,8.818848,8.957737,8.905678,8.888317,8.992432,8.940388,8.870953,8.870953,8.870953,8.870953,8.923035,9.009773,9.027115,8.940388,9.079109,8.975086,9.027115,8.975086,8.957737,8.957737,8.975086,8.905678,9.027115,9.096436,9.165710,9.113758,9.113758,9.131081,9.061775,9.131081,9.269539,9.304119,9.338692,9.304119,9.321407,9.234943,9.269539,9.321407,9.217640,9.321407,9.286831,9.442345,9.425079,9.425079,9.459610,9.476868,9.459610,9.355976,9.407806,9.373260,9.425079,9.597610,9.683773,9.718216,9.752644,9.735428,9.649315,9.700993,9.718216,9.649315,9.614849,9.666546,9.941792,10.113426,10.061974,10.113426,10.079128,10.284771,10.267654,10.319000,10.216270,10.216270,10.233398,10.182007,10.182007,10.096279,10.267654,10.301891,10.147728,10.027649,9.976139,9.924606,9.752644,9.924606,10.044807,10.061974,10.216270,10.182007,10.199139,10.199139,10.233398,10.250530,10.370338,10.438725,10.370338,10.233398,10.199139,10.130581,10.147728,10.233398,10.182007,10.233398,10.130581,10.079128,10.010487,9.941792,9.890244,9.769852,9.649315,10.027649,10.164867,10.010487,10.130581,9.958965,9.924606,9.993317,10.079128,9.976139,9.993317,9.907425,9.907425,9.890244,9.787056,9.855862,9.838661,9.890244,9.855862,9.821461,9.804260,9.838661,9.838661,9.821461,9.958965,10.044807,9.907425,9.890244,9.907425,9.993317,10.044807,9.941792,9.941792,9.873051,9.873051,9.804260,9.787056,9.752644,9.752644,9.787056,9.976139,9.683773,9.528633,9.528633,9.459610,9.442345,9.511379,9.597610,9.718216,9.563126,9.459610,9.511379,9.563126,9.580376,9.597610,9.632080,9.752644,9.735428,9.632080,9.718216,9.632080,9.683773,9.649315,9.649315,9.718216,9.718216,9.666546,9.683773,9.614849,9.718216,9.735428,9.855862,9.873051,9.735428,9.769852,9.821461,9.821461,9.821461,9.769852,9.804260,9.907425,9.855862,9.804260,9.907425,9.941792,9.769852,9.683773,9.752644,9.769852,9.718216,9.804260,9.787056,9.838661,9.907425,9.838661,9.804260,9.769852,9.821461,9.683773,9.735428,9.683773,9.769852,9.735428,9.649315,9.752644,9.821461,9.924606,9.941792,10.044807,9.890244,9.890244,9.855862,9.855862,9.787056,9.787056,9.769852,9.769852,9.683773,9.632080,9.821461,9.752644,9.442345,9.545887,9.494129,9.563126,9.632080,9.683773,9.614849,9.649315,9.855862,9.821461,9.752644,9.614849,9.459610,9.494129,9.545887,9.528633,9.476868,9.528633,9.459610,9.459610,9.580376,9.511379,9.459610,9.545887,9.476868,9.511379,9.528633,9.476868,9.528633,9.459610,9.494129,9.511379,9.683773,9.545887,9.286831,9.269539,9.217640,9.269539,9.234943,9.321407,9.355976,9.304119,9.563126,9.494129,9.442345,9.373260,9.355976,9.355976,9.442345,9.425079,9.425079,9.459610,9.373260,9.545887,9.580376,9.666546,9.563126,9.632080,9.614849,9.649315,9.597610,9.632080,9.597610,9.494129,9.683773,9.787056,9.649315,9.425079,9.338692,9.373260,9.321407,9.286831,9.217640,9.286831,9.269539,9.269539,9.321407,9.183022,9.304119,9.217640,9.200333,9.217640,9.165710,9.165710,9.234943,9.096436,9.200333,9.234943,9.217640,9.044441,8.923035,8.905678,8.940388,8.957737,8.888317,8.940388,8.923035,8.923035,8.940388,8.975086,8.957737,9.027115,8.923035,9.009773,8.905678,8.905678,8.784096,8.784096,8.714558,8.749332,8.923035,8.957737,8.940388,8.957737,9.009773,9.027115,8.957737,9.044441,9.096436,9.027115,9.027115,9.061775,8.957737,8.992432,8.957737,8.992432,8.992432,9.061775,8.957737,8.923035,8.940388,8.870953,8.836220,8.888317,9.027115,8.957737,8.888317,8.801476,8.714558,8.766716,8.853588,8.749332,8.801476,8.766716,8.801476,8.836220,8.818848,8.853588,8.923035,9.061775,8.975086,8.975086,8.905678,8.870953,8.957737,8.836220,8.853588,8.853588,8.888317,8.818848,8.697163,8.697163,8.592743,8.557915,
19.682014,19.820488,20.020065,20.142639,20.402458,20.524437,20.448227,20.676643,21.553566,22.776329,22.717148,22.241959,21.628693,21.146591,20.707054,20.295578,20.188553,19.805107,19.774353,19.527885,19.265175,19.032661,19.001602,19.156754,19.296127,19.187744,18.877281,18.550014,18.674843,18.440628,18.315449,18.581238,18.362411,18.111610,17.907284,17.828564,17.607742,17.576149,17.560349,17.544540,17.576149,17.497108,17.386341,17.227837,17.100819,17.005432,16.973614,16.909943,16.830284,16.398830,16.029587,15.723377,15.416088,15.123981,14.733006,14.405884,14.143326,13.764572,13.367657,13.218376,13.052223,12.919083,12.785763,12.719025,12.702332,12.618832,12.551975,12.568703,12.485077,12.535263,12.485077,12.401375,12.535263,12.501804,12.535263,12.518532,12.451607,12.501804,12.401375,12.418129,12.485077,12.401375,12.501804,12.468342,12.501804,12.485077,12.468342,12.551975,12.418129,12.434868,12.485077,12.518532,12.434868,12.434868,12.535263,12.468342,12.418129,12.384636,12.401375,12.384636,12.351128,12.401375,12.384636,12.468342,12.384636,12.367878,12.401375,12.468342,12.468342,12.451607,12.518532,12.434868,12.468342,12.518532,12.535263,12.551975,12.602119,12.551975,12.568703,12.568703,12.535263,12.685638,12.668941,12.602119,12.635536,12.618832,12.652241,12.685638,12.735714,12.702332,12.719025,12.602119,12.685638,12.618832,12.585411,12.568703,12.602119,12.585411,12.485077,12.451607,12.468342,12.418129,12.250546,12.216988,12.284077,11.948143,11.678528,11.441990,11.560329,11.644768,11.779716,11.762863,11.779716,11.796577,11.745995,11.847122,12.032238,12.032238,11.998611,12.166641,12.166641,12.250546,12.216988,12.166641,12.200203,12.032238,12.049046,11.948143,11.830276,11.661655,11.678528,11.509636,11.492725,11.289619,11.272675,11.153976,11.153976,11.086086,10.950157,10.814041,10.745911,10.626560,10.558300,10.455822,10.421631,10.164867,10.164867,10.096279,10.130581,10.164867,10.113426,9.976139,9.890244,9.907425,9.821461,9.787056,9.838661,9.666546,9.735428,9.752644,9.787056,9.769852,9.700993,9.735428,9.700993,9.752644,9.614849,9.666546,9.649315,9.649315,9.563126,9.580376,9.580376,9.614849,9.718216,9.632080,9.632080,9.649315,9.597610,9.545887,9.528633,9.545887,9.494129,9.459610,9.494129,9.511379,9.528633,9.407806,9.338692,9.494129,9.355976,9.373260,9.459610,9.252239,9.338692,9.373260,9.373260,9.459610,9.338692,9.321407,9.373260,9.304119,9.407806,9.407806,9.373260,9.442345,9.355976,9.425079,9.442345,9.425079,9.286831,9.286831,9.338692,9.252239,9.407806,9.321407,9.252239,9.217640,9.304119,9.234943,9.200333,9.183022,9.096436,9.079109,9.113758,9.131081,9.079109,9.061775,8.940388,9.044441,9.148392,9.096436,9.096436,9.096436,9.061775,9.009773,9.027115,9.113758,9.234943,9.269539,9.252239,9.183022,9.252239,9.131081,9.217640,9.183022,9.200333,9.269539,9.286831,9.304119,9.165710,9.217640,9.269539,9.269539,9.269539,9.252239,9.165710,9.217640,9.321407,9.511379,9.563126,9.407806,9.373260,9.442345,9.407806,9.476868,9.528633,9.494129,9.511379,9.666546,9.821461,9.821461,9.924606,9.855862,10.027649,9.924606,9.993317,9.958965,10.027649,10.010487,10.113426,9.958965,10.096279,10.113426,10.182007,10.079128,10.027649,10.027649,9.873051,9.666546,9.597610,9.873051,10.027649,10.010487,9.907425,10.044807,10.044807,10.147728,10.027649,10.164867,10.164867,10.182007,10.079128,10.130581,10.164867,10.199139,10.147728,10.079128,10.096279,10.061974,9.976139,9.976139,9.907425,9.838661,9.769852,9.821461,10.027649,10.079128,10.096279,10.096279,10.147728,10.079128,10.113426,10.061974,10.027649,9.993317,10.027649,10.147728,10.199139,10.182007,10.061974,10.079128,10.079128,10.113426,10.061974,10.079128,9.976139,10.010487,10.216270,10.267654,10.199139,10.044807,9.993317,10.027649,10.027649,10.027649,10.027649,10.010487,9.993317,10.010487,9.993317,9.958965,9.873051,9.976139,10.061974,9.941792,9.873051,9.700993,9.683773,9.563126,9.511379,9.476868,9.563126,9.563126,9.425079,9.459610,9.511379,9.597610,9.700993,9.545887,9.580376,9.580376,9.683773,9.649315,9.614849,9.614849,9.666546,9.683773,9.614849,9.666546,9.666546,9.597610,9.614849,9.528633,9.442345,9.563126,9.632080,9.545887,9.545887,9.632080,9.632080,9.735428,9.700993,9.700993,9.683773,9.735428,9.666546,9.649315,9.683773,9.597610,9.597610,9.649315,9.580376,9.666546,9.580376,9.632080,9.752644,9.787056,9.821461,9.821461,9.804260,9.821461,9.821461,9.769852,9.718216,9.769852,9.735428,9.718216,9.787056,9.752644,9.838661,9.958965,9.907425,9.821461,9.769852,9.735428,9.735428,9.838661,9.855862,9.752644,9.821461,9.718216,9.666546,9.718216,9.752644,9.700993,9.511379,9.494129,9.494129,9.580376,9.597610,9.614849,9.614849,9.528633,9.649315,9.700993,9.580376,9.597610,9.528633,9.597610,9.494129,9.580376,9.528633,9.545887,9.511379,9.545887,9.580376,9.614849,9.494129,9.442345,9.425079,9.390537,9.407806,9.459610,9.442345,9.476868,9.597610,9.649315,9.666546,9.442345,9.459610,9.407806,9.321407,9.355976,9.373260,9.407806,9.442345,9.442345,9.494129,9.442345,9.494129,9.425079,9.321407,9.355976,9.390537,9.390537,9.407806,9.338692,9.304119,9.597610,9.580376,9.649315,9.597610,9.649315,9.614849,9.683773,9.649315,9.683773,9.700993,9.752644,9.804260,9.700993,9.614849,9.545887,9.528633,9.511379,9.528633,9.580376,9.563126,9.494129,9.442345,9.511379,9.476868,9.407806,9.373260,9.252239,9.217640,9.234943,9.165710,9.165710,9.183022,9.061775,9.148392,9.217640,9.338692,9.148392,8.957737,8.766716,8.905678,8.905678,8.975086,8.836220,8.905678,8.836220,8.975086,8.957737,8.801476,8.870953,8.749332,8.784096,8.888317,8.870953,8.836220,8.766716,8.870953,8.923035,9.079109,9.009773,8.940388,9.027115,8.975086,9.027115,9.131081,9.079109,9.165710,9.148392,9.183022,9.113758,9.044441,8.992432,8.975086,9.027115,9.183022,9.148392,8.923035,8.801476,8.801476,8.766716,8.870953,8.836220,8.923035,8.818848,8.784096,8.731949,8.801476,8.836220,8.853588,8.784096,8.923035,8.957737,9.009773,9.096436,9.096436,9.113758,9.131081,9.079109,8.992432,9.027115,9.009773,9.061775,8.992432,8.957737,8.957737,8.818848,8.766716,8.766716,8.714558,8.540497,8.592743,8.557915,
19.172256,19.296127,19.358002,19.651215,19.897308,20.096687,20.341400,20.326126,20.843719,21.883583,22.346169,22.227066,21.913513,21.252312,20.752632,20.509201,20.417725,20.234436,20.265015,20.112015,20.081375,19.897308,19.943367,20.020065,19.974052,19.728195,19.404366,19.512459,19.419815,19.574158,19.512459,19.851219,19.897308,19.651215,19.141251,18.846176,18.721603,18.659248,18.503151,18.721603,19.032661,18.923927,18.550014,18.346760,18.268456,18.111610,18.001652,17.985931,17.749767,17.512928,17.180225,16.862156,16.302662,16.142136,15.642616,15.286385,14.896122,14.471405,14.094013,13.715046,13.566330,13.185173,13.068855,13.068855,12.935738,12.835777,12.702332,12.702332,12.702332,12.668941,12.719025,12.618832,12.602119,12.702332,12.652241,12.551975,12.618832,12.652241,12.635536,12.602119,12.685638,12.719025,12.668941,12.752399,12.602119,12.618832,12.685638,12.652241,12.719025,12.635536,12.652241,12.585411,12.618832,12.635536,12.735714,12.585411,12.585411,12.635536,12.535263,12.585411,12.535263,12.535263,12.518532,12.518532,12.551975,12.468342,12.485077,12.501804,12.468342,12.535263,12.535263,12.585411,12.635536,12.685638,12.685638,12.652241,12.685638,12.702332,12.635536,12.769081,12.719025,12.685638,12.785763,12.802441,12.752399,12.752399,12.785763,12.769081,12.869114,12.785763,12.769081,12.785763,12.702332,12.819115,12.752399,12.735714,12.668941,12.702332,12.618832,12.602119,12.418129,12.485077,12.451607,12.451607,12.334373,12.183426,11.830276,11.543430,11.762863,11.796577,11.964966,12.049046,11.847122,11.796577,11.779716,12.049046,12.149849,12.233765,12.233765,12.300850,12.434868,12.351128,12.485077,12.351128,12.317612,12.284077,12.250546,12.149849,12.099461,11.948143,11.931309,11.779716,11.779716,11.644768,11.627888,11.509636,11.425068,11.340439,11.306557,11.255722,11.153976,11.086086,10.984158,10.899132,10.916145,10.762939,10.677727,10.609497,10.455822,10.592438,10.489990,10.558300,10.455822,10.387436,10.319000,10.319000,10.182007,10.233398,10.130581,10.267654,10.199139,10.250530,10.216270,10.147728,10.199139,10.113426,10.096279,10.096279,10.044807,9.993317,10.027649,10.027649,10.010487,9.958965,10.027649,10.010487,9.924606,9.924606,9.958965,9.924606,9.941792,9.907425,9.924606,9.890244,9.855862,9.855862,9.821461,9.769852,9.804260,9.700993,9.769852,9.718216,9.821461,9.700993,9.614849,9.649315,9.683773,9.787056,9.735428,9.752644,9.804260,9.769852,9.855862,9.855862,9.752644,9.838661,9.838661,9.907425,9.855862,9.821461,9.752644,9.787056,9.752644,9.718216,9.700993,9.718216,9.718216,9.718216,9.718216,9.787056,9.855862,9.597610,9.718216,9.545887,9.442345,9.700993,9.545887,9.494129,9.390537,9.390537,9.355976,9.425079,9.407806,9.407806,9.407806,9.373260,9.338692,9.269539,9.304119,9.252239,9.286831,9.355976,9.286831,9.252239,9.234943,9.304119,9.269539,9.373260,9.183022,9.217640,9.096436,9.217640,9.321407,9.234943,9.200333,9.165710,9.165710,9.113758,9.113758,9.304119,9.425079,9.286831,9.252239,9.286831,9.338692,9.304119,9.459610,9.476868,9.459610,9.425079,9.425079,9.528633,9.528633,9.563126,9.597610,9.649315,9.700993,9.700993,9.683773,9.666546,9.735428,9.649315,9.666546,9.632080,9.666546,9.597610,9.735428,9.683773,9.683773,9.597610,9.511379,9.614849,9.890244,9.890244,9.873051,9.958965,9.907425,9.924606,10.010487,9.993317,9.993317,9.993317,9.958965,9.907425,9.976139,10.044807,10.130581,9.976139,9.924606,9.924606,9.907425,9.752644,9.666546,9.459610,9.511379,9.821461,9.683773,9.752644,9.821461,9.873051,9.890244,9.907425,9.838661,9.907425,9.890244,9.958965,9.958965,10.233398,10.336117,10.267654,10.267654,10.164867,10.233398,10.250530,10.182007,10.250530,10.199139,10.216270,10.319000,10.353233,10.216270,10.147728,10.130581,10.079128,10.147728,10.113426,10.027649,10.044807,9.993317,9.958965,10.027649,10.010487,9.993317,9.993317,10.044807,10.010487,9.924606,9.941792,9.907425,9.838661,9.614849,9.614849,9.752644,9.528633,9.494129,9.511379,9.614849,9.511379,9.545887,9.563126,9.597610,9.632080,9.632080,9.614849,9.649315,9.632080,9.649315,9.752644,9.769852,9.718216,9.821461,9.700993,9.614849,9.614849,9.580376,9.614849,9.632080,9.511379,9.494129,9.597610,9.580376,9.735428,9.700993,9.718216,9.787056,9.769852,9.804260,9.752644,9.683773,9.597610,9.804260,9.700993,9.683773,9.683773,9.735428,9.700993,9.649315,9.752644,9.958965,10.061974,9.924606,9.855862,9.769852,9.855862,9.855862,9.873051,9.907425,9.769852,9.787056,9.787056,9.873051,9.873051,9.700993,9.494129,9.614849,9.494129,9.459610,9.511379,9.494129,9.459610,9.459610,9.459610,9.459610,9.476868,9.476868,9.476868,9.528633,9.494129,9.528633,9.476868,9.425079,9.407806,9.407806,9.511379,9.459610,9.407806,9.476868,9.563126,9.511379,9.511379,9.580376,9.511379,9.407806,9.476868,9.459610,9.511379,9.545887,9.580376,9.528633,9.442345,9.494129,9.459610,9.511379,9.494129,9.494129,9.494129,9.649315,9.683773,9.545887,9.649315,9.666546,9.632080,9.597610,9.666546,9.580376,9.545887,9.476868,9.494129,9.563126,9.683773,9.545887,9.338692,9.355976,9.425079,9.390537,9.459610,9.442345,9.390537,9.528633,9.528633,9.528633,9.373260,9.528633,9.511379,9.459610,9.597610,9.666546,9.700993,9.718216,9.769852,9.735428,9.614849,9.632080,9.597610,9.666546,9.614849,9.632080,9.597610,9.614849,9.614849,9.563126,9.597610,9.649315,9.355976,9.355976,9.338692,9.234943,9.217640,9.234943,9.131081,9.234943,9.200333,9.183022,9.304119,9.217640,9.096436,8.975086,8.870953,8.888317,8.957737,8.957737,8.888317,8.975086,9.113758,9.061775,8.992432,8.957737,8.853588,8.870953,8.836220,8.957737,8.905678,8.975086,8.923035,8.975086,9.027115,9.252239,9.183022,9.079109,9.044441,8.975086,8.992432,9.044441,9.061775,9.131081,9.027115,9.044441,9.027115,8.940388,8.870953,8.923035,9.009773,9.044441,8.940388,8.957737,8.870953,8.801476,8.784096,8.766716,8.905678,8.888317,8.784096,8.662369,8.731949,8.801476,8.957737,8.853588,8.923035,8.957737,8.992432,9.148392,9.183022,9.183022,9.234943,9.165710,9.165710,9.165710,9.131081,9.217640,9.131081,9.113758,9.113758,8.940388,8.836220,8.801476,8.679768,8.697163,8.662369,8.435913,8.644970,
17.733997,17.812809,18.001652,18.581238,18.986076,19.373451,19.435257,19.358002,19.758972,20.295578,20.752632,20.934708,20.828552,20.737442,20.554901,20.249733,20.310860,20.356674,20.265015,20.219147,20.173248,20.326126,20.539673,20.585358,20.600578,20.234436,20.050720,20.112015,20.173248,20.173248,20.524437,21.116356,21.207016,20.813370,20.524437,20.096687,19.728195,19.682014,19.450706,19.774353,20.326126,20.035400,19.758972,19.574158,19.450706,19.234207,19.203239,19.048180,18.846176,18.799477,18.581238,18.143013,17.528736,17.227837,16.766499,16.270573,15.868561,15.286385,14.798294,14.585953,14.176193,13.715046,13.433933,13.301342,13.268166,13.035591,12.985676,12.902435,12.869114,12.802441,12.819115,12.852448,12.735714,12.719025,12.785763,12.735714,12.752399,12.785763,12.819115,12.835777,12.769081,12.852448,12.802441,12.885777,12.885777,12.769081,12.852448,12.819115,12.752399,12.719025,12.769081,12.702332,12.652241,12.769081,12.668941,12.668941,12.735714,12.635536,12.652241,12.685638,12.635536,12.602119,12.685638,12.635536,12.618832,12.501804,12.585411,12.602119,12.668941,12.668941,12.652241,12.735714,12.735714,12.769081,12.735714,12.802441,12.735714,12.769081,12.819115,12.869114,12.802441,12.869114,12.852448,12.869114,12.835777,12.819115,12.852448,12.852448,12.902435,12.919083,12.935738,12.952389,12.852448,13.002323,12.852448,12.835777,12.802441,12.752399,12.785763,12.685638,12.702332,12.585411,12.518532,12.501804,12.451607,12.418129,12.099461,11.796577,11.897648,12.032238,12.200203,12.065849,11.863968,11.863968,11.964966,12.133057,12.401375,12.300850,12.501804,12.618832,12.585411,12.618832,12.568703,12.602119,12.551975,12.401375,12.401375,12.418129,12.334373,12.334373,12.166641,12.166641,12.099461,12.065849,11.964966,11.948143,11.779716,11.661655,11.678528,11.627888,11.560329,11.577221,11.475815,11.458900,11.255722,11.187904,11.170944,11.103065,11.086086,10.967159,10.984158,10.916145,10.797012,10.865101,10.779976,10.814041,10.745911,10.711826,10.677727,10.745911,10.762939,10.643623,10.694775,10.592438,10.558300,10.507072,10.575371,10.455822,10.455822,10.472908,10.301891,10.421631,10.455822,10.250530,10.250530,10.301891,10.387436,10.301891,10.353233,10.336117,10.301891,10.284771,10.353233,10.301891,10.284771,10.267654,10.233398,10.233398,10.130581,10.113426,10.164867,10.130581,10.147728,10.164867,10.130581,10.096279,10.027649,9.941792,9.993317,10.061974,10.130581,10.233398,10.182007,10.182007,10.284771,10.267654,10.301891,10.267654,10.182007,10.182007,10.216270,10.199139,10.199139,10.199139,10.130581,10.250530,10.147728,10.216270,10.182007,10.216270,10.182007,10.182007,10.164867,10.010487,9.958965,10.164867,10.079128,9.976139,10.027649,10.010487,10.010487,9.907425,9.958965,9.821461,9.821461,9.804260,9.718216,9.821461,9.718216,9.683773,9.787056,9.700993,9.700993,9.580376,9.632080,9.580376,9.632080,9.683773,9.718216,9.580376,9.442345,9.407806,9.442345,9.407806,9.286831,9.252239,9.338692,9.321407,9.269539,9.338692,9.425079,9.269539,9.234943,9.252239,9.286831,9.338692,9.407806,9.494129,9.338692,9.304119,9.321407,9.200333,9.165710,9.165710,9.286831,9.390537,9.321407,9.269539,9.304119,9.321407,9.234943,9.165710,9.355976,9.373260,9.390537,9.425079,9.425079,9.442345,9.476868,9.511379,9.476868,9.528633,9.769852,9.769852,9.649315,9.683773,9.649315,9.614849,9.700993,9.752644,9.649315,9.632080,9.528633,9.580376,9.752644,9.649315,9.683773,9.821461,9.821461,9.855862,9.735428,9.649315,9.459610,9.459610,9.511379,9.632080,9.700993,9.614849,9.666546,9.700993,9.752644,9.700993,9.700993,9.821461,9.735428,9.787056,9.890244,10.147728,10.096279,9.993317,10.061974,10.061974,10.027649,10.096279,10.061974,10.010487,9.993317,10.164867,10.233398,10.250530,10.250530,10.233398,10.096279,10.113426,10.096279,10.096279,10.027649,10.027649,10.010487,9.907425,10.010487,9.890244,9.821461,9.924606,9.838661,9.855862,9.873051,9.821461,9.855862,9.787056,9.649315,9.735428,9.769852,9.614849,9.511379,9.511379,9.528633,9.580376,9.476868,9.545887,9.563126,9.528633,9.632080,9.700993,9.700993,9.735428,9.735428,9.769852,9.804260,9.787056,9.855862,9.752644,9.632080,9.787056,9.855862,9.752644,9.752644,9.769852,9.787056,9.890244,9.855862,9.821461,9.924606,9.958965,9.976139,9.924606,9.976139,9.855862,9.804260,9.718216,9.976139,9.958965,9.924606,9.907425,9.821461,9.769852,9.838661,9.958965,10.147728,10.216270,10.061974,9.907425,9.838661,9.873051,9.890244,9.890244,9.838661,9.890244,9.838661,9.787056,9.683773,9.666546,9.545887,9.528633,9.597610,9.459610,9.286831,9.321407,9.321407,9.200333,9.148392,9.165710,9.269539,9.148392,9.286831,9.355976,9.338692,9.338692,9.338692,9.355976,9.200333,9.269539,9.338692,9.459610,9.304119,9.269539,9.338692,9.442345,9.442345,9.528633,9.494129,9.476868,9.442345,9.442345,9.476868,9.459610,9.442345,9.425079,9.494129,9.528633,9.494129,9.355976,9.286831,9.321407,9.200333,9.373260,9.425079,9.528633,9.545887,9.580376,9.545887,9.597610,9.614849,9.666546,9.683773,9.563126,9.528633,9.511379,9.528633,9.580376,9.373260,9.355976,9.373260,9.407806,9.407806,9.390537,9.407806,9.494129,9.494129,9.511379,9.511379,9.459610,9.459610,9.528633,9.528633,9.494129,9.563126,9.632080,9.666546,9.683773,9.700993,9.597610,9.528633,9.407806,9.269539,9.338692,9.442345,9.338692,9.407806,9.390537,9.338692,9.407806,9.321407,9.217640,9.269539,9.252239,9.269539,9.217640,9.234943,9.234943,9.269539,9.286831,9.200333,9.286831,9.234943,9.165710,9.148392,9.009773,8.992432,8.957737,8.940388,8.923035,8.992432,9.252239,9.079109,8.957737,8.975086,9.061775,9.061775,8.992432,8.957737,9.009773,9.079109,9.061775,9.027115,9.165710,9.217640,9.148392,9.027115,9.096436,9.096436,9.079109,9.113758,9.061775,9.079109,9.079109,9.009773,9.009773,8.957737,8.923035,8.888317,8.957737,8.975086,8.905678,8.836220,8.818848,8.662369,8.784096,8.888317,8.975086,8.992432,8.888317,8.818848,8.766716,8.818848,8.888317,8.940388,8.905678,9.027115,9.027115,9.131081,9.131081,9.148392,9.183022,9.131081,9.148392,9.079109,9.061775,9.027115,9.027115,9.027115,9.079109,8.766716,8.662369,8.731949,8.592743,8.610161,8.557915,8.557915,8.592743,
14.798294,14.993847,15.464684,16.174263,16.718632,17.402172,17.481293,17.512928,17.670891,18.127319,18.393715,18.550014,18.799477,18.986076,19.017136,19.125748,19.296127,19.435257,19.589577,19.743591,19.835854,20.127319,20.356674,20.402458,20.463470,20.432976,20.050720,20.203842,20.173248,20.188553,20.752632,21.222122,21.538528,21.643715,21.448265,20.980156,20.722244,20.341400,20.004730,20.341400,20.965012,20.631012,20.767830,20.646225,20.570129,20.478722,20.173248,20.157944,20.066055,20.096687,19.820488,19.388908,18.768341,18.299789,17.765533,17.148476,16.734592,16.318695,15.836315,15.286385,14.781967,14.373108,14.077572,13.781071,13.665508,13.467049,13.284760,13.118725,13.035591,12.952389,13.035591,12.885777,12.935738,12.885777,13.018955,12.885777,12.835777,12.869114,13.002323,12.852448,12.902435,12.969040,12.985676,12.935738,12.985676,12.985676,12.852448,12.869114,12.869114,12.869114,12.802441,12.852448,12.919083,12.852448,12.852448,12.769081,12.735714,12.802441,12.819115,12.869114,12.752399,12.785763,12.752399,12.802441,12.719025,12.735714,12.769081,12.869114,12.785763,12.719025,12.752399,12.802441,12.869114,12.785763,12.852448,12.902435,12.885777,12.885777,12.902435,12.919083,12.852448,12.902435,13.018955,12.985676,12.985676,12.969040,13.018955,12.985676,13.102104,13.085476,13.085476,13.118725,13.068855,13.052223,12.952389,12.985676,12.952389,13.018955,12.885777,12.819115,12.852448,12.802441,12.752399,12.685638,12.719025,12.535263,12.183426,11.998611,12.082661,12.300850,12.317612,12.233765,12.250546,12.099461,12.183426,12.284077,12.485077,12.618832,12.752399,12.719025,12.735714,12.769081,12.735714,12.752399,12.735714,12.802441,12.735714,12.719025,12.685638,12.602119,12.535263,12.418129,12.384636,12.384636,12.367878,12.284077,12.284077,12.099461,12.149849,12.065849,11.998611,11.931309,11.948143,11.863968,11.762863,11.712273,11.745995,11.611008,11.627888,11.560329,11.458900,11.577221,11.357365,11.391228,11.289619,11.323498,11.187904,11.238777,11.221825,11.103065,11.153976,11.052120,11.001148,10.950157,11.086086,10.865101,10.916145,10.831066,10.882126,10.967159,10.848083,10.797012,10.848083,10.779976,10.779976,10.797012,10.882126,10.814041,10.779976,10.831066,10.831066,10.762939,10.814041,10.779976,10.694775,10.728870,10.694775,10.660679,10.728870,10.643623,10.541225,10.609497,10.660679,10.643623,10.541225,10.507072,10.541225,10.558300,10.609497,10.541225,10.558300,10.643623,10.626560,10.660679,10.660679,10.711826,10.779976,10.728870,10.779976,10.660679,10.643623,10.728870,10.609497,10.643623,10.609497,10.575371,10.643623,10.643623,10.609497,10.592438,10.575371,10.694775,10.575371,10.421631,10.558300,10.438725,10.404537,10.489990,10.370338,10.421631,10.421631,10.387436,10.301891,10.301891,10.284771,10.199139,10.199139,10.216270,10.182007,10.130581,10.130581,10.079128,10.182007,10.079128,10.096279,10.130581,10.027649,10.079128,10.061974,9.993317,9.976139,9.976139,9.873051,9.838661,9.821461,9.735428,9.752644,9.804260,9.683773,9.700993,9.700993,9.649315,9.718216,9.632080,9.683773,9.614849,9.580376,9.545887,9.476868,9.407806,9.269539,9.148392,9.113758,9.131081,9.148392,9.234943,9.148392,9.131081,9.234943,9.252239,9.200333,9.165710,9.286831,9.304119,9.286831,9.355976,9.355976,9.373260,9.407806,9.476868,9.459610,9.390537,9.390537,9.373260,9.304119,9.286831,9.459610,9.425079,9.373260,9.373260,9.321407,9.286831,9.183022,9.200333,9.373260,9.373260,9.338692,9.494129,9.442345,9.459610,9.511379,9.511379,9.407806,9.407806,9.407806,9.494129,9.528633,9.528633,9.597610,9.614849,9.666546,9.700993,9.718216,9.683773,9.769852,9.718216,9.769852,9.873051,9.873051,9.838661,9.821461,9.752644,9.855862,9.718216,9.769852,9.649315,9.632080,9.890244,10.010487,10.010487,9.958965,10.010487,9.993317,9.958965,10.044807,9.976139,9.890244,9.993317,9.855862,9.890244,9.993317,9.855862,9.787056,9.735428,9.735428,9.752644,9.614849,9.614849,9.580376,9.632080,9.649315,9.649315,9.597610,9.563126,9.563126,9.563126,9.545887,9.563126,9.632080,9.580376,9.632080,9.563126,9.614849,9.804260,9.890244,9.821461,9.804260,9.821461,9.855862,9.924606,10.010487,9.769852,9.649315,9.838661,9.890244,9.873051,9.924606,9.941792,9.924606,10.044807,10.010487,10.079128,10.061974,10.061974,10.027649,10.044807,9.993317,10.010487,9.976139,9.941792,10.079128,10.079128,9.976139,10.061974,9.958965,9.958965,9.993317,10.044807,10.199139,10.182007,9.976139,9.838661,9.838661,9.821461,9.804260,9.735428,9.821461,9.752644,9.821461,9.718216,9.632080,9.666546,9.649315,9.580376,9.632080,9.390537,9.269539,9.234943,9.252239,9.217640,9.131081,9.252239,9.183022,9.131081,9.113758,9.234943,9.338692,9.321407,9.338692,9.286831,9.304119,9.338692,9.390537,9.442345,9.355976,9.338692,9.425079,9.407806,9.528633,9.632080,9.632080,9.649315,9.666546,9.700993,9.528633,9.580376,9.511379,9.580376,9.425079,9.597610,9.476868,9.355976,9.355976,9.183022,9.217640,9.355976,9.373260,9.252239,9.390537,9.442345,9.511379,9.494129,9.563126,9.511379,9.545887,9.511379,9.442345,9.476868,9.459610,9.476868,9.355976,9.459610,9.459610,9.494129,9.528633,9.511379,9.459610,9.563126,9.528633,9.304119,9.355976,9.390537,9.476868,9.494129,9.407806,9.528633,9.545887,9.563126,9.511379,9.597610,9.649315,9.614849,9.338692,9.269539,9.131081,9.217640,9.252239,9.200333,9.200333,9.217640,9.131081,9.183022,9.131081,9.044441,9.165710,9.183022,9.269539,9.234943,9.269539,9.304119,9.217640,9.234943,9.425079,9.442345,9.252239,9.234943,9.113758,9.079109,9.079109,8.992432,8.940388,8.957737,9.009773,9.079109,8.975086,9.044441,9.113758,9.079109,9.061775,9.183022,9.061775,9.009773,9.079109,9.079109,9.131081,9.234943,9.269539,9.113758,9.044441,9.096436,9.079109,9.131081,9.079109,9.079109,9.096436,9.286831,9.200333,9.009773,9.044441,9.061775,9.044441,9.044441,9.061775,8.905678,8.853588,8.905678,8.923035,8.888317,8.888317,8.905678,8.888317,8.853588,8.818848,8.905678,8.870953,8.784096,8.888317,9.009773,9.131081,9.148392,9.009773,9.148392,9.200333,9.165710,9.148392,9.113758,9.096436,9.009773,9.027115,8.992432,9.113758,9.027115,8.940388,8.818848,8.818848,8.766716,8.818848,8.784096,8.714558,8.714558,
10.831066,10.984158,11.475815,12.049046,12.551975,13.002323,13.483601,13.715046,14.143326,14.536880,14.912418,15.026398,15.739521,16.029587,16.334732,16.766499,17.021339,17.259556,17.528736,17.907284,18.080215,18.534397,19.063705,19.327065,19.481583,19.187744,19.063705,19.265175,19.527885,19.604988,19.682014,20.188553,20.356674,20.965012,21.191910,21.070984,20.889229,20.585358,20.127319,20.295578,20.493958,20.615799,21.131470,21.146591,21.207016,21.267395,21.116356,20.828552,21.010437,21.327736,21.146591,20.707054,20.066055,19.481583,18.892838,18.174385,17.733997,17.243698,16.798401,16.286617,15.691078,15.156490,14.716679,14.389496,14.209038,13.814064,13.582870,13.351086,13.118725,13.085476,13.018955,13.018955,12.935738,12.935738,12.952389,12.935738,12.969040,13.052223,13.018955,12.985676,13.068855,13.035591,13.018955,13.035591,12.969040,12.969040,13.002323,12.969040,12.969040,13.068855,12.952389,13.002323,13.002323,12.952389,12.952389,12.919083,12.969040,12.852448,12.802441,12.869114,12.869114,12.852448,12.919083,12.952389,12.935738,12.952389,12.835777,12.902435,12.935738,12.869114,12.835777,12.985676,12.919083,12.985676,12.985676,12.952389,13.018955,13.085476,12.985676,13.102104,13.068855,13.068855,13.168564,13.068855,13.135342,13.118725,13.185173,13.102104,13.135342,13.102104,13.151951,13.085476,13.218376,13.085476,13.168564,13.068855,13.035591,13.002323,13.002323,13.018955,12.885777,12.969040,12.919083,12.852448,12.752399,12.685638,12.367878,12.216988,12.317612,12.451607,12.468342,12.468342,12.501804,12.501804,12.518532,12.568703,12.735714,12.819115,12.869114,12.935738,12.952389,12.919083,12.885777,12.952389,12.935738,12.852448,12.919083,12.985676,12.919083,12.819115,12.785763,12.785763,12.702332,12.568703,12.602119,12.501804,12.602119,12.652241,12.468342,12.451607,12.401375,12.401375,12.367878,12.250546,12.216988,12.183426,12.183426,12.065849,11.998611,11.981785,11.897648,11.830276,11.796577,11.745995,11.762863,11.661655,11.678528,11.712273,11.661655,11.611008,11.543430,11.441990,11.458900,11.374298,11.340439,11.526535,11.289619,11.289619,11.374298,11.374298,11.238777,11.323498,11.272675,11.255722,11.255722,11.272675,11.204865,11.289619,11.238777,11.153976,11.204865,11.120033,11.187904,11.103065,11.187904,11.103065,11.086086,11.069107,11.086086,11.103065,11.018150,10.933151,11.035133,10.950157,10.899132,10.950157,10.899132,10.882126,10.899132,10.865101,10.984158,10.984158,10.967159,10.967159,11.069107,11.069107,11.086086,11.086086,11.052120,11.103065,11.086086,11.103065,11.120033,11.153976,11.052120,11.170944,11.103065,11.086086,10.967159,11.035133,10.950157,10.984158,10.916145,10.882126,10.848083,10.814041,10.848083,10.814041,10.848083,10.694775,10.745911,10.677727,10.609497,10.745911,10.677727,10.541225,10.558300,10.524147,10.524147,10.455822,10.438725,10.524147,10.421631,10.438725,10.387436,10.387436,10.336117,10.387436,10.404537,10.336117,10.387436,10.284771,10.182007,10.233398,10.147728,10.250530,10.130581,10.113426,10.096279,10.096279,10.079128,10.010487,10.010487,9.993317,9.924606,9.993317,9.976139,9.890244,9.804260,9.769852,9.735428,9.494129,9.442345,9.304119,9.234943,9.338692,9.476868,9.459610,9.494129,9.511379,9.597610,9.545887,9.632080,9.528633,9.580376,9.563126,9.597610,9.511379,9.476868,9.459610,9.494129,9.355976,9.338692,9.338692,9.269539,9.321407,9.373260,9.373260,9.252239,9.200333,9.234943,9.165710,9.061775,9.200333,9.286831,9.234943,9.252239,9.269539,9.269539,9.217640,9.355976,9.373260,9.304119,9.269539,9.338692,9.217640,9.304119,9.373260,9.442345,9.425079,9.459610,9.459610,9.442345,9.511379,9.442345,9.476868,9.597610,9.700993,9.580376,9.632080,9.614849,9.580376,9.597610,9.459610,9.545887,9.476868,9.511379,9.683773,9.838661,9.804260,9.821461,9.855862,9.787056,9.855862,9.855862,9.769852,9.787056,9.821461,9.855862,9.907425,9.924606,9.787056,9.873051,9.907425,9.873051,9.769852,9.700993,9.580376,9.459610,9.528633,9.632080,9.614849,9.580376,9.545887,9.511379,9.563126,9.545887,9.563126,9.563126,9.476868,9.545887,9.390537,9.718216,9.924606,9.873051,9.838661,9.855862,9.958965,10.027649,10.010487,9.993317,9.890244,9.769852,9.941792,10.010487,9.958965,10.044807,10.044807,10.147728,10.182007,10.267654,10.284771,10.182007,10.250530,10.233398,10.250530,10.147728,10.130581,10.027649,10.164867,10.096279,10.113426,10.130581,10.096279,10.061974,10.061974,10.147728,10.130581,10.113426,10.044807,9.993317,9.873051,9.821461,9.838661,9.907425,9.890244,9.890244,9.821461,9.838661,9.821461,9.821461,9.804260,9.873051,9.838661,9.614849,9.407806,9.321407,9.286831,9.494129,9.373260,9.511379,9.407806,9.425079,9.286831,9.252239,9.528633,9.511379,9.355976,9.321407,9.321407,9.252239,9.355976,9.494129,9.442345,9.494129,9.425079,9.494129,9.528633,9.494129,9.494129,9.459610,9.476868,9.511379,9.476868,9.511379,9.338692,9.355976,9.355976,9.390537,9.425079,9.390537,9.373260,9.304119,9.217640,9.338692,9.442345,9.390537,9.338692,9.425079,9.459610,9.442345,9.442345,9.511379,9.425079,9.425079,9.338692,9.373260,9.304119,9.304119,9.269539,9.355976,9.321407,9.407806,9.217640,9.217640,9.217640,9.234943,9.286831,9.234943,9.200333,9.217640,9.096436,9.131081,9.183022,9.304119,9.200333,9.234943,9.269539,9.321407,9.338692,9.355976,9.321407,9.217640,9.234943,9.304119,9.183022,9.304119,9.252239,9.183022,9.183022,9.131081,9.148392,9.096436,9.079109,9.113758,9.113758,9.200333,9.183022,9.321407,9.234943,9.269539,9.321407,9.442345,9.373260,9.234943,9.217640,9.165710,9.131081,9.113758,9.148392,9.061775,9.061775,9.113758,9.044441,9.027115,9.061775,9.027115,9.044441,9.061775,9.027115,8.992432,8.923035,8.836220,8.888317,9.044441,9.131081,9.217640,9.200333,9.061775,9.079109,9.027115,9.044441,9.009773,9.009773,9.113758,9.096436,9.096436,9.113758,9.096436,9.113758,9.096436,9.113758,9.027115,8.957737,8.940388,9.027115,9.009773,9.044441,8.957737,9.061775,8.940388,8.923035,8.957737,8.853588,8.818848,8.853588,8.905678,9.079109,9.079109,9.096436,9.113758,9.148392,9.234943,9.165710,9.131081,9.079109,9.027115,9.061775,9.131081,9.096436,9.009773,8.992432,9.061775,8.923035,9.113758,8.992432,8.957737,8.870953,9.009773,9.009773,
8.348686,8.418476,8.679768,8.714558,9.061775,9.286831,9.494129,9.769852,10.061974,10.301891,10.643623,10.831066,11.306557,11.627888,12.065849,12.518532,12.802441,13.085476,13.549789,13.847038,14.258289,14.634995,15.351257,15.916897,16.494896,16.286617,16.414852,16.862156,17.164352,17.259556,17.418003,17.591946,17.970207,18.690430,19.156754,19.156754,19.373451,19.450706,19.358002,19.311600,19.497025,19.851219,19.835854,19.928017,20.234436,20.646225,20.889229,20.783012,21.055855,21.372955,21.508453,21.055855,20.600578,20.219147,19.481583,18.846176,18.299789,18.017372,17.402172,16.862156,16.382813,15.787926,15.335041,14.928707,14.487770,14.110455,13.764572,13.467049,13.234974,13.168564,13.052223,12.969040,12.952389,12.985676,12.985676,12.985676,12.952389,13.052223,12.952389,13.002323,13.035591,13.035591,13.085476,13.035591,13.052223,13.052223,13.068855,13.052223,13.035591,13.052223,13.102104,13.135342,13.068855,13.052223,13.002323,13.018955,12.985676,12.985676,12.902435,12.919083,12.935738,12.919083,12.969040,12.885777,13.002323,12.985676,12.952389,12.952389,12.985676,12.985676,12.935738,13.018955,12.969040,13.035591,13.002323,13.035591,13.035591,13.118725,13.185173,13.201775,13.234974,13.168564,13.201775,13.317928,13.218376,13.251579,13.284760,13.218376,13.268166,13.284760,13.284760,13.251579,13.268166,13.218376,13.251579,13.234974,13.201775,13.218376,13.168564,13.085476,12.985676,13.052223,12.985676,12.952389,12.835777,12.702332,12.451607,12.351128,12.518532,12.585411,12.551975,12.602119,12.702332,12.785763,12.785763,12.802441,12.869114,12.935738,13.018955,13.052223,13.085476,13.035591,13.068855,13.102104,13.168564,13.151951,13.168564,13.151951,13.135342,13.201775,13.035591,13.018955,12.985676,12.919083,12.935738,12.952389,12.885777,12.869114,12.852448,12.835777,12.735714,12.719025,12.802441,12.635536,12.635536,12.535263,12.585411,12.501804,12.367878,12.384636,12.233765,12.351128,12.099461,12.116257,12.183426,12.049046,12.099461,12.015423,12.116257,12.032238,11.931309,11.998611,11.863968,11.880806,11.830276,11.897648,11.712273,11.745995,11.762863,11.762863,11.627888,11.745995,11.644768,11.695396,11.712273,11.729134,11.678528,11.678528,11.627888,11.526535,11.560329,11.594112,11.543430,11.408150,11.577221,11.441990,11.560329,11.492725,11.391228,11.340439,11.323498,11.391228,11.391228,11.357365,11.391228,11.306557,11.357365,11.323498,11.221825,11.357365,11.306557,11.408150,11.357365,11.492725,11.526535,11.509636,11.627888,11.594112,11.594112,11.627888,11.627888,11.594112,11.627888,11.560329,11.560329,11.594112,11.526535,11.509636,11.475815,11.441990,11.408150,11.323498,11.340439,11.255722,11.340439,11.289619,11.306557,11.272675,11.255722,11.153976,11.255722,11.153976,10.967159,11.052120,11.035133,10.967159,10.984158,10.984158,10.831066,10.967159,10.916145,10.865101,10.831066,10.831066,10.848083,10.814041,10.779976,10.814041,10.762939,10.797012,10.694775,10.626560,10.626560,10.660679,10.609497,10.609497,10.592438,10.558300,10.489990,10.507072,10.387436,10.421631,10.353233,10.370338,10.336117,10.336117,10.301891,10.267654,10.182007,10.130581,10.061974,9.838661,9.838661,9.735428,9.632080,9.700993,9.752644,9.821461,9.821461,9.838661,10.010487,9.941792,9.993317,9.958965,10.044807,9.976139,9.907425,9.873051,9.958965,9.924606,9.821461,9.804260,9.855862,9.666546,9.700993,9.666546,9.614849,9.632080,9.597610,9.580376,9.563126,9.442345,9.407806,9.425079,9.407806,9.390537,9.338692,9.442345,9.321407,9.304119,9.338692,9.338692,9.321407,9.390537,9.304119,9.252239,9.165710,9.355976,9.321407,9.217640,9.183022,9.234943,9.217640,9.165710,9.079109,9.234943,9.304119,9.390537,9.390537,9.407806,9.304119,9.304119,9.321407,9.200333,9.321407,9.321407,9.390537,9.304119,9.373260,9.476868,9.666546,9.545887,9.545887,9.597610,9.494129,9.597610,9.407806,9.459610,9.735428,9.838661,9.907425,9.873051,10.027649,9.924606,9.958965,9.941792,9.838661,9.563126,9.597610,9.494129,9.769852,9.700993,9.563126,9.632080,9.614849,9.597610,9.494129,9.459610,9.580376,9.528633,9.494129,9.425079,9.769852,9.787056,9.700993,9.787056,9.855862,9.855862,9.769852,9.700993,9.718216,9.907425,9.941792,9.976139,9.873051,9.907425,9.941792,9.976139,10.061974,10.164867,10.216270,10.233398,10.216270,10.216270,10.250530,10.199139,10.113426,10.199139,10.182007,10.079128,10.130581,10.130581,10.182007,10.199139,10.147728,10.147728,10.233398,10.113426,10.147728,10.113426,10.027649,9.873051,9.924606,9.958965,10.027649,9.890244,9.958965,9.941792,9.958965,9.976139,9.804260,9.787056,9.804260,9.873051,9.787056,9.649315,9.649315,9.563126,9.821461,9.958965,9.855862,9.700993,9.752644,9.632080,9.804260,9.769852,9.787056,9.614849,9.545887,9.511379,9.563126,9.459610,9.580376,9.597610,9.494129,9.494129,9.511379,9.545887,9.494129,9.407806,9.338692,9.407806,9.373260,9.355976,9.183022,9.200333,9.304119,9.061775,9.304119,9.234943,9.234943,9.338692,9.269539,9.269539,9.338692,9.355976,9.390537,9.373260,9.338692,9.459610,9.425079,9.355976,9.338692,9.165710,9.234943,9.027115,9.234943,9.252239,9.165710,9.096436,9.113758,9.079109,9.183022,9.234943,9.131081,9.113758,9.113758,9.113758,9.096436,9.027115,9.113758,9.079109,9.165710,9.096436,8.992432,8.975086,9.027115,9.044441,9.096436,9.079109,9.079109,8.957737,8.957737,8.957737,9.079109,9.061775,9.061775,9.009773,8.992432,9.061775,8.992432,8.923035,8.905678,8.957737,9.027115,8.992432,8.975086,9.061775,9.027115,9.027115,9.061775,9.061775,9.131081,9.113758,9.131081,9.165710,9.148392,9.113758,9.217640,9.234943,9.304119,9.113758,9.079109,9.113758,9.061775,8.975086,9.027115,9.027115,8.992432,9.009773,8.940388,8.992432,8.923035,8.940388,9.113758,9.113758,9.148392,9.131081,9.027115,9.044441,9.079109,9.061775,8.957737,8.957737,8.975086,8.975086,9.027115,8.957737,8.923035,8.957737,8.905678,8.940388,8.870953,8.870953,8.853588,8.923035,9.096436,9.027115,8.992432,8.975086,8.940388,8.975086,8.975086,9.027115,8.923035,8.975086,9.009773,8.992432,9.079109,9.061775,9.096436,9.131081,9.183022,9.113758,9.113758,9.096436,9.061775,9.061775,9.079109,8.992432,8.992432,8.975086,9.009773,8.940388,9.044441,9.079109,9.044441,9.027115,9.183022,9.096436,
8.366138,8.069046,8.016525,8.034035,8.051544,8.139027,8.226437,8.261383,8.383591,8.523075,8.505650,8.540497,8.714558,8.905678,8.923035,9.061775,9.131081,9.407806,9.494129,9.924606,9.993317,10.319000,10.728870,11.069107,11.374298,11.492725,11.847122,12.351128,12.668941,12.902435,13.284760,13.615929,13.995308,14.504147,14.814606,15.270157,15.997406,16.318695,16.494896,16.941784,17.322979,17.655106,17.560349,17.386341,17.623531,18.205757,18.799477,18.783913,19.249695,19.604988,20.020065,19.851219,19.774353,19.743591,19.543312,19.032661,18.440628,18.205757,17.875805,17.402172,16.830284,16.206375,15.561783,15.172733,14.733006,14.323921,13.781071,13.533249,13.317928,13.185173,13.102104,13.002323,13.002323,12.935738,12.952389,12.985676,12.935738,12.985676,13.002323,12.969040,13.002323,13.002323,13.068855,13.035591,13.068855,13.085476,13.002323,13.035591,12.985676,13.002323,12.985676,13.068855,13.085476,13.102104,13.052223,12.985676,13.052223,12.919083,12.869114,12.985676,12.952389,12.919083,12.985676,13.018955,12.935738,12.969040,12.969040,13.035591,13.018955,13.018955,13.018955,13.102104,13.151951,13.168564,13.151951,13.251579,13.102104,13.268166,13.201775,13.201775,13.301342,13.334507,13.301342,13.367657,13.301342,13.384232,13.301342,13.334507,13.384232,13.384232,13.284760,13.317928,13.351086,13.268166,13.251579,13.284760,13.201775,13.185173,13.185173,13.234974,13.118725,13.068855,13.068855,12.902435,12.902435,12.919083,12.618832,12.518532,12.735714,12.785763,12.719025,12.819115,12.819115,12.852448,12.952389,12.969040,12.985676,13.068855,13.201775,13.301342,13.168564,13.218376,13.284760,13.334507,13.351086,13.317928,13.384232,13.301342,13.301342,13.384232,13.301342,13.234974,13.317928,13.251579,13.185173,13.201775,13.102104,13.168564,13.151951,13.135342,13.068855,13.052223,13.052223,13.068855,12.969040,12.902435,12.935738,12.852448,12.869114,12.702332,12.719025,12.568703,12.568703,12.585411,12.518532,12.501804,12.518532,12.434868,12.334373,12.401375,12.284077,12.267311,12.166641,12.284077,12.216988,12.267311,12.133057,12.065849,12.099461,12.116257,12.099461,12.032238,11.981785,11.964966,12.015423,12.082661,12.015423,11.964966,11.964966,12.015423,11.897648,11.914482,11.897648,11.948143,11.914482,11.847122,11.847122,11.813431,11.964966,11.745995,11.779716,11.863968,11.712273,11.729134,11.695396,11.678528,11.729134,11.745995,11.678528,11.661655,11.762863,11.729134,11.796577,11.863968,11.931309,11.914482,11.998611,11.964966,11.931309,12.133057,11.931309,12.065849,11.914482,11.880806,11.948143,11.964966,11.830276,11.897648,11.880806,11.830276,11.830276,11.695396,11.830276,11.796577,11.729134,11.712273,11.729134,11.644768,11.644768,11.543430,11.560329,11.543430,11.509636,11.492725,11.458900,11.408150,11.374298,11.357365,11.306557,11.255722,11.272675,11.255722,11.272675,11.272675,11.204865,11.289619,11.103065,11.204865,11.170944,11.170944,11.170944,11.120033,11.018150,10.984158,11.001148,11.001148,11.018150,10.916145,10.814041,10.848083,10.797012,10.797012,10.745911,10.797012,10.779976,10.694775,10.626560,10.524147,10.643623,10.507072,10.421631,10.250530,10.079128,10.079128,10.199139,10.199139,10.182007,10.147728,10.267654,10.250530,10.267654,10.250530,10.301891,10.370338,10.336117,10.301891,10.301891,10.233398,10.233398,10.233398,10.164867,10.164867,10.147728,10.113426,10.130581,10.010487,10.130581,9.941792,9.993317,9.976139,10.044807,9.890244,9.804260,9.804260,9.787056,9.769852,9.838661,9.752644,9.700993,9.700993,9.683773,9.718216,9.700993,9.580376,9.580376,9.390537,9.390537,9.442345,9.528633,9.373260,9.234943,9.183022,9.252239,9.217640,9.217640,9.217640,9.269539,9.321407,9.321407,9.252239,9.217640,9.165710,9.183022,9.200333,9.269539,9.234943,9.183022,9.131081,9.217640,9.373260,9.442345,9.321407,9.304119,9.338692,9.321407,9.304119,9.355976,9.286831,9.494129,9.718216,9.718216,9.735428,9.821461,9.890244,9.924606,9.718216,9.683773,9.511379,9.390537,9.563126,9.614849,9.614849,9.528633,9.528633,9.545887,9.476868,9.425079,9.373260,9.390537,9.304119,9.528633,9.683773,9.787056,9.735428,9.632080,9.683773,9.735428,9.718216,9.649315,9.580376,9.494129,9.683773,9.804260,9.907425,9.821461,9.787056,9.855862,9.787056,9.787056,9.924606,10.061974,10.182007,10.113426,10.182007,10.216270,10.147728,10.061974,10.096279,10.079128,10.096279,10.096279,10.199139,10.010487,9.907425,9.941792,9.976139,10.096279,10.079128,10.079128,10.096279,10.096279,10.010487,10.079128,10.096279,10.147728,10.044807,10.164867,10.199139,10.130581,10.113426,10.096279,10.044807,10.096279,10.113426,10.096279,9.976139,9.958965,9.958965,10.216270,10.267654,10.182007,10.044807,10.079128,9.993317,10.027649,10.096279,9.941792,9.821461,9.769852,9.769852,9.683773,9.632080,9.614849,9.597610,9.632080,9.614849,9.632080,9.683773,9.528633,9.407806,9.321407,9.338692,9.373260,9.234943,9.148392,9.113758,9.200333,9.217640,9.304119,9.131081,9.200333,9.131081,9.183022,9.217640,9.321407,9.321407,9.200333,9.286831,9.286831,9.321407,9.200333,9.131081,9.131081,9.079109,9.044441,9.027115,9.027115,9.009773,9.044441,9.009773,9.027115,9.044441,9.009773,9.044441,9.079109,9.044441,9.061775,9.061775,9.061775,9.079109,8.975086,9.131081,9.009773,8.923035,8.818848,8.836220,8.870953,8.853588,8.870953,8.905678,8.853588,8.836220,8.888317,8.836220,8.940388,8.853588,8.766716,8.888317,8.853588,8.853588,8.818848,8.836220,8.801476,8.766716,8.836220,8.784096,8.940388,8.870953,8.853588,8.870953,8.853588,8.992432,8.975086,8.784096,8.853588,8.836220,8.888317,8.923035,8.905678,8.905678,8.870953,8.940388,8.975086,8.905678,8.923035,8.870953,8.905678,8.992432,8.992432,8.923035,8.975086,8.940388,8.905678,9.009773,8.975086,8.992432,9.027115,9.027115,8.992432,8.975086,8.957737,8.975086,8.923035,8.992432,8.975086,8.975086,8.853588,8.940388,8.749332,8.749332,8.749332,8.749332,8.714558,8.697163,8.749332,8.940388,8.923035,8.992432,8.888317,8.853588,8.940388,9.009773,8.923035,9.027115,9.009773,8.975086,9.027115,8.992432,8.992432,8.992432,8.957737,9.061775,9.131081,8.992432,8.992432,8.905678,9.009773,9.044441,9.148392,8.975086,8.923035,9.027115,9.061775,8.923035,8.957737,9.009773,9.027115,9.044441,8.992432,8.957737,
8.226437,8.121536,8.156513,8.069046,8.016525,8.086544,8.139027,8.156513,8.104042,8.034035,8.208961,8.069046,8.121536,8.086544,8.051544,8.208961,8.069046,8.174004,8.226437,8.226437,8.139027,8.226437,8.331230,8.418476,8.488220,8.505650,8.923035,8.818848,9.131081,9.183022,9.425079,9.597610,9.804260,10.010487,10.130581,10.524147,11.018150,11.425068,11.611008,12.032238,12.668941,13.035591,13.185173,13.433933,13.748062,14.291111,14.520515,14.896122,15.432289,15.852440,16.366791,16.430859,16.670738,17.259556,17.449657,17.655106,17.354664,17.243698,17.005432,16.734592,16.254528,15.787926,15.302612,14.765656,14.569599,14.094013,13.781071,13.433933,13.234974,13.218376,13.135342,12.935738,12.869114,12.852448,12.835777,12.802441,12.835777,12.852448,12.835777,12.885777,12.952389,12.969040,13.018955,13.002323,13.002323,13.018955,13.002323,13.002323,12.985676,13.002323,12.969040,12.919083,13.068855,13.068855,13.068855,13.068855,13.068855,12.969040,12.935738,12.919083,13.002323,12.952389,12.969040,13.018955,13.035591,13.085476,13.002323,13.018955,13.085476,13.018955,13.135342,13.151951,13.068855,13.168564,13.168564,13.185173,13.334507,13.351086,13.201775,13.400806,13.351086,13.351086,13.351086,13.433933,13.433933,13.450489,13.384232,13.417366,13.450489,13.417366,13.384232,13.367657,13.400806,13.317928,13.400806,13.334507,13.268166,13.234974,13.284760,13.268166,13.334507,13.168564,13.218376,13.102104,13.002323,12.935738,12.652241,12.819115,12.885777,12.952389,13.018955,12.902435,12.985676,13.018955,13.151951,13.151951,13.201775,13.251579,13.400806,13.351086,13.400806,13.433933,13.400806,13.433933,13.483601,13.500156,13.549789,13.533249,13.549789,13.615929,13.483601,13.500156,13.400806,13.533249,13.334507,13.367657,13.400806,13.384232,13.433933,13.400806,13.384232,13.351086,13.317928,13.185173,13.234974,13.251579,13.201775,13.201775,13.118725,13.085476,13.018955,12.969040,13.018955,12.919083,12.885777,12.885777,12.835777,12.819115,12.869114,12.719025,12.668941,12.685638,12.652241,12.585411,12.585411,12.585411,12.551975,12.468342,12.535263,12.501804,12.568703,12.418129,12.401375,12.300850,12.334373,12.401375,12.418129,12.384636,12.233765,12.367878,12.384636,12.317612,12.300850,12.317612,12.133057,12.233765,12.099461,12.250546,12.200203,12.133057,12.267311,12.233765,12.166641,12.149849,12.099461,12.183426,12.116257,12.116257,12.267311,12.082661,12.183426,12.267311,12.216988,12.250546,12.267311,12.250546,12.384636,12.250546,12.401375,12.451607,12.418129,12.485077,12.351128,12.468342,12.418129,12.351128,12.250546,12.351128,12.216988,12.284077,12.133057,12.250546,12.200203,12.183426,12.216988,12.116257,12.166641,12.166641,12.049046,12.015423,11.998611,12.065849,11.948143,11.863968,11.880806,11.813431,11.796577,11.695396,11.796577,11.712273,11.678528,11.627888,11.712273,11.661655,11.661655,11.678528,11.611008,11.543430,11.408150,11.560329,11.543430,11.492725,11.374298,11.391228,11.374298,11.425068,11.374298,11.323498,11.221825,11.170944,11.221825,11.204865,11.187904,11.187904,11.103065,11.170944,11.001148,11.035133,10.916145,10.882126,10.745911,10.558300,10.421631,10.507072,10.677727,10.711826,10.660679,10.558300,10.592438,10.728870,10.677727,10.677727,10.762939,10.660679,10.592438,10.541225,10.507072,10.592438,10.575371,10.609497,10.541225,10.609497,10.489990,10.404537,10.438725,10.387436,10.387436,10.421631,10.336117,10.319000,10.353233,10.284771,10.182007,10.250530,10.216270,10.130581,10.096279,10.182007,10.182007,10.061974,10.079128,10.044807,10.010487,9.993317,9.941792,9.924606,9.821461,9.907425,9.924606,9.821461,9.752644,9.683773,9.614849,9.580376,9.580376,9.494129,9.459610,9.476868,9.494129,9.459610,9.355976,9.338692,9.355976,9.338692,9.252239,9.338692,9.234943,9.286831,9.217640,9.286831,9.373260,9.304119,9.234943,9.234943,9.217640,9.286831,9.217640,9.269539,9.494129,9.494129,9.511379,9.614849,9.614849,9.632080,9.683773,9.580376,9.563126,9.459610,9.373260,9.459610,9.494129,9.563126,9.580376,9.476868,9.632080,9.390537,9.286831,9.286831,9.217640,9.113758,9.338692,9.511379,9.511379,9.459610,9.494129,9.442345,9.563126,9.649315,9.545887,9.459610,9.494129,9.494129,9.614849,9.666546,9.700993,9.700993,9.649315,9.683773,9.700993,9.873051,9.907425,9.873051,10.079128,10.010487,10.027649,10.010487,9.958965,9.907425,10.044807,9.941792,9.958965,10.010487,9.838661,9.683773,9.700993,10.010487,9.907425,9.976139,10.010487,10.079128,9.993317,10.027649,10.130581,10.233398,10.061974,10.113426,10.233398,10.164867,10.164867,10.216270,10.199139,10.233398,10.301891,10.233398,10.233398,10.233398,10.199139,10.233398,10.284771,10.250530,10.216270,10.164867,10.164867,10.130581,10.164867,10.147728,10.044807,9.873051,9.873051,9.804260,9.683773,9.632080,9.597610,9.614849,9.459610,9.545887,9.649315,9.476868,9.425079,9.390537,9.338692,9.425079,9.338692,9.148392,9.148392,9.217640,9.234943,9.234943,9.286831,9.286831,9.217640,9.304119,9.304119,9.252239,9.269539,9.269539,9.304119,9.165710,9.200333,9.200333,9.148392,9.131081,9.027115,9.009773,9.044441,9.009773,8.888317,8.853588,8.888317,8.836220,8.870953,8.853588,8.818848,8.975086,9.113758,9.009773,9.027115,9.009773,8.870953,8.940388,8.957737,9.079109,8.923035,8.801476,8.679768,8.801476,8.749332,8.853588,8.818848,8.766716,8.697163,8.766716,8.836220,8.818848,8.749332,8.714558,8.731949,8.731949,8.749332,8.766716,8.784096,8.870953,8.818848,8.784096,8.784096,8.766716,8.801476,8.714558,8.679768,8.749332,8.749332,8.818848,8.766716,8.540497,8.662369,8.714558,8.749332,8.801476,8.749332,8.749332,8.714558,8.801476,8.766716,8.784096,8.784096,8.870953,8.905678,8.992432,8.957737,8.905678,9.009773,8.888317,8.992432,9.131081,8.992432,9.044441,8.957737,8.975086,8.923035,8.923035,8.940388,8.923035,8.888317,8.905678,8.905678,8.870953,8.940388,8.836220,8.714558,8.714558,8.766716,8.853588,8.731949,8.801476,8.818848,8.905678,8.888317,8.923035,8.853588,8.870953,8.888317,8.957737,8.957737,8.940388,8.975086,8.923035,8.992432,9.027115,8.940388,8.905678,9.009773,8.975086,8.992432,8.923035,8.957737,8.905678,8.940388,8.992432,8.957737,8.888317,8.697163,8.801476,8.801476,8.644970,8.801476,8.766716,8.818848,8.766716,8.853588,8.888317,
8.296310,8.261383,8.191483,8.139027,7.981499,8.156513,8.208961,8.086544,8.051544,8.069046,8.051544,7.999016,8.069046,8.034035,7.946465,7.999016,7.946465,7.911411,7.963982,7.858810,7.788635,7.665718,7.630577,7.630577,7.823730,7.753536,7.612995,7.823730,7.788635,7.788635,7.946465,7.893879,7.928940,7.735977,7.753536,8.051544,8.086544,8.156513,8.261383,8.418476,8.610161,8.610161,8.731949,9.096436,9.131081,9.459610,9.718216,10.164867,10.541225,10.899132,11.187904,11.644768,11.948143,12.351128,13.035591,13.384232,13.566330,13.830551,13.912971,13.929443,13.781071,13.665508,13.467049,13.334507,13.251579,13.151951,12.985676,12.668941,12.635536,12.535263,12.585411,12.585411,12.418129,12.501804,12.468342,12.618832,12.535263,12.635536,12.635536,12.685638,12.702332,12.685638,12.869114,12.985676,12.852448,12.869114,12.852448,12.902435,12.902435,12.802441,12.869114,12.885777,12.902435,12.935738,12.935738,12.969040,12.935738,12.852448,12.885777,12.869114,12.885777,12.935738,12.885777,12.952389,12.885777,13.002323,12.935738,12.935738,12.952389,13.018955,13.135342,13.118725,13.151951,13.234974,13.201775,13.185173,13.251579,13.301342,13.284760,13.351086,13.334507,13.500156,13.400806,13.384232,13.467049,13.450489,13.417366,13.351086,13.467049,13.500156,13.467049,13.483601,13.483601,13.384232,13.367657,13.450489,13.433933,13.334507,13.268166,13.317928,13.251579,13.201775,13.234974,13.185173,13.118725,12.952389,12.835777,12.952389,13.118725,13.002323,13.002323,13.002323,13.085476,13.135342,13.151951,13.234974,13.268166,13.367657,13.433933,13.549789,13.533249,13.516701,13.648983,13.549789,13.682022,13.665508,13.731560,13.748062,13.715046,13.682022,13.698540,13.797565,13.632454,13.648983,13.615929,13.665508,13.615929,13.648983,13.648983,13.599396,13.516701,13.533249,13.632454,13.516701,13.533249,13.500156,13.483601,13.483601,13.433933,13.417366,13.450489,13.351086,13.268166,13.185173,13.201775,13.201775,13.218376,13.151951,13.185173,13.052223,13.068855,13.018955,12.985676,12.919083,12.869114,12.935738,12.919083,12.902435,12.852448,12.919083,12.852448,12.835777,12.685638,12.735714,12.652241,12.785763,12.702332,12.752399,12.769081,12.585411,12.652241,12.702332,12.719025,12.635536,12.635536,12.602119,12.501804,12.501804,12.585411,12.518532,12.585411,12.585411,12.551975,12.468342,12.518532,12.451607,12.468342,12.468342,12.434868,12.468342,12.585411,12.585411,12.652241,12.551975,12.635536,12.668941,12.702332,12.785763,12.819115,12.785763,12.869114,12.935738,12.852448,12.869114,12.869114,12.869114,12.719025,12.785763,12.735714,12.702332,12.635536,12.618832,12.668941,12.719025,12.568703,12.551975,12.551975,12.568703,12.485077,12.468342,12.418129,12.334373,12.384636,12.317612,12.317612,12.183426,12.233765,12.049046,12.216988,12.149849,12.166641,12.149849,12.149849,12.015423,12.032238,12.032238,12.015423,11.998611,11.897648,11.931309,11.948143,11.880806,11.847122,11.830276,11.897648,11.745995,11.880806,11.729134,11.678528,11.458900,11.526535,11.577221,11.543430,11.543430,11.509636,11.408150,11.408150,11.323498,11.391228,11.221825,11.187904,10.967159,10.831066,10.848083,10.984158,11.018150,10.967159,10.899132,10.933151,11.069107,11.001148,11.052120,11.120033,11.018150,10.950157,10.950157,10.865101,10.967159,10.865101,10.882126,11.001148,10.882126,10.882126,10.797012,10.814041,10.814041,10.882126,10.762939,10.762939,10.762939,10.779976,10.694775,10.711826,10.694775,10.609497,10.609497,10.592438,10.507072,10.455822,10.524147,10.438725,10.387436,10.353233,10.267654,10.319000,10.233398,10.284771,10.164867,10.216270,10.130581,10.096279,9.993317,9.993317,10.044807,9.993317,9.993317,9.873051,9.838661,9.890244,9.804260,9.769852,9.769852,9.752644,9.752644,9.666546,9.700993,9.614849,9.649315,9.649315,9.597610,9.752644,9.511379,9.407806,9.511379,9.476868,9.459610,9.442345,9.459610,9.528633,9.476868,9.494129,9.563126,9.511379,9.459610,9.459610,9.390537,9.390537,9.304119,9.252239,9.252239,9.269539,9.407806,9.373260,9.286831,9.304119,9.286831,9.217640,9.183022,9.200333,9.096436,9.183022,9.304119,9.269539,9.234943,9.269539,9.321407,9.321407,9.373260,9.390537,9.425079,9.390537,9.494129,9.355976,9.476868,9.528633,9.563126,9.545887,9.511379,9.494129,9.580376,9.511379,9.614849,9.614849,9.821461,9.735428,9.718216,9.683773,9.614849,9.769852,9.769852,9.941792,9.838661,9.873051,9.769852,9.787056,9.907425,9.907425,9.976139,9.993317,10.010487,10.061974,10.027649,10.010487,10.164867,10.061974,10.079128,10.250530,10.267654,10.182007,10.182007,10.147728,10.233398,10.164867,10.250530,10.233398,10.233398,10.250530,10.233398,10.164867,10.147728,10.182007,10.250530,10.199139,10.250530,10.182007,10.182007,10.147728,9.976139,9.958965,10.010487,9.821461,9.545887,9.494129,9.373260,9.459610,9.476868,9.580376,9.442345,9.304119,9.286831,9.355976,9.338692,9.286831,9.252239,9.304119,9.286831,9.234943,9.321407,9.355976,9.269539,9.200333,9.373260,9.269539,9.286831,9.321407,9.355976,9.286831,9.304119,9.234943,9.200333,9.183022,9.148392,9.096436,9.148392,9.131081,9.009773,8.888317,8.836220,8.905678,8.923035,8.940388,9.009773,9.061775,9.044441,8.975086,8.853588,8.975086,8.975086,8.992432,8.923035,8.853588,8.957737,8.888317,8.766716,8.714558,8.801476,8.853588,8.731949,8.731949,8.644970,8.749332,8.731949,8.818848,8.801476,8.697163,8.714558,8.801476,8.853588,8.697163,8.784096,8.679768,8.784096,8.888317,8.749332,8.801476,8.801476,8.731949,8.697163,8.766716,8.749332,8.697163,8.731949,8.697163,8.697163,8.749332,8.801476,8.784096,8.731949,8.749332,8.766716,8.801476,8.836220,8.749332,8.836220,8.818848,8.905678,8.923035,8.940388,8.870953,8.870953,8.905678,8.836220,8.975086,9.131081,8.975086,8.975086,8.923035,8.905678,8.923035,8.888317,8.957737,8.888317,8.940388,8.888317,8.679768,9.009773,8.870953,8.923035,8.801476,8.766716,8.870953,8.801476,8.784096,8.784096,8.818848,8.870953,8.784096,8.836220,8.853588,8.923035,9.009773,9.009773,9.044441,9.061775,9.113758,9.131081,9.079109,9.044441,9.009773,9.009773,8.992432,8.975086,8.992432,8.992432,9.009773,9.079109,8.957737,8.888317,8.870953,8.714558,8.627563,8.714558,8.766716,8.749332,8.697163,8.679768,8.627563,8.662369,8.836220,8.749332,
8.453358,8.435913,8.383591,8.331230,8.208961,8.401035,8.401035,8.296310,8.191483,8.156513,8.226437,8.208961,8.156513,8.121536,8.016525,7.963982,8.016525,7.963982,7.911411,7.893879,7.771088,7.648148,7.472267,7.419441,7.542656,7.542656,7.489868,7.437057,7.419441,7.454662,7.401833,7.366592,7.066605,6.995895,6.854328,7.066605,7.031254,6.925133,6.659363,6.765751,6.659363,6.552864,6.606125,6.570625,6.748028,6.836617,6.960518,7.172585,7.348972,7.542656,7.753536,7.928940,8.121536,8.348686,8.592743,8.836220,9.269539,9.459610,9.614849,9.838661,9.993317,10.233398,10.387436,10.660679,10.831066,10.848083,10.762939,10.882126,10.814041,11.103065,11.086086,11.272675,11.204865,11.340439,11.441990,11.560329,11.762863,11.661655,11.796577,11.847122,11.914482,12.133057,12.250546,12.351128,12.434868,12.418129,12.535263,12.518532,12.535263,12.568703,12.501804,12.602119,12.568703,12.568703,12.635536,12.652241,12.735714,12.885777,12.735714,12.702332,12.685638,12.802441,12.652241,12.802441,12.802441,12.819115,12.719025,12.702332,12.819115,12.902435,12.902435,13.035591,13.018955,13.018955,13.102104,13.102104,13.218376,13.251579,13.218376,13.251579,13.234974,13.400806,13.400806,13.384232,13.450489,13.467049,13.450489,13.483601,13.549789,13.483601,13.417366,13.433933,13.516701,13.467049,13.450489,13.417366,13.367657,13.351086,13.317928,13.351086,13.334507,13.218376,13.135342,13.151951,13.085476,12.919083,12.885777,13.068855,13.085476,13.035591,13.068855,13.035591,13.102104,13.185173,13.234974,13.367657,13.384232,13.516701,13.533249,13.648983,13.615929,13.615929,13.632454,13.698540,13.764572,13.764572,13.880009,13.814064,13.847038,13.912971,13.781071,13.863529,13.863529,13.814064,13.814064,13.863529,13.880009,13.797565,13.814064,13.781071,13.781071,13.764572,13.797565,13.797565,13.731560,13.764572,13.682022,13.698540,13.715046,13.715046,13.566330,13.549789,13.599396,13.516701,13.516701,13.516701,13.500156,13.351086,13.384232,13.334507,13.367657,13.384232,13.317928,13.251579,13.168564,13.151951,13.201775,13.185173,13.168564,13.268166,13.118725,13.135342,13.052223,13.002323,13.018955,13.035591,13.102104,13.068855,12.969040,12.969040,13.002323,12.902435,12.952389,12.935738,12.952389,12.919083,12.819115,12.852448,12.869114,12.852448,12.885777,12.819115,12.885777,12.835777,12.785763,12.785763,12.752399,12.769081,12.785763,12.835777,12.852448,12.902435,13.002323,12.985676,13.052223,13.118725,13.068855,13.201775,13.118725,13.301342,13.284760,13.334507,13.301342,13.351086,13.317928,13.384232,13.218376,13.185173,13.185173,13.102104,13.085476,13.151951,13.102104,13.085476,13.035591,13.052223,12.919083,12.902435,12.819115,12.919083,12.752399,12.735714,12.785763,12.852448,12.618832,12.518532,12.568703,12.568703,12.585411,12.535263,12.635536,12.602119,12.518532,12.485077,12.434868,12.468342,12.451607,12.384636,12.384636,12.300850,12.351128,12.367878,12.149849,12.183426,12.183426,12.183426,12.216988,12.216988,11.998611,11.897648,11.880806,11.948143,11.981785,12.015423,11.796577,11.712273,11.745995,11.745995,11.695396,11.611008,11.458900,11.272675,11.170944,11.357365,11.374298,11.306557,11.340439,11.289619,11.340439,11.391228,11.340439,11.408150,11.441990,11.357365,11.391228,11.391228,11.289619,11.425068,11.357365,11.323498,11.323498,11.323498,11.289619,11.340439,11.340439,11.306557,11.238777,11.086086,11.086086,11.153976,11.170944,11.170944,11.170944,11.052120,11.052120,11.018150,11.001148,11.001148,10.933151,10.865101,10.865101,10.779976,10.660679,10.660679,10.660679,10.592438,10.609497,10.609497,10.592438,10.507072,10.438725,10.387436,10.370338,10.301891,10.319000,10.250530,10.336117,10.301891,10.284771,10.199139,10.301891,10.182007,10.147728,10.044807,10.027649,10.061974,10.010487,10.130581,10.027649,10.079128,10.027649,9.941792,9.924606,9.838661,9.907425,9.838661,9.838661,9.700993,9.838661,9.700993,9.666546,9.683773,9.563126,9.614849,9.580376,9.545887,9.545887,9.338692,9.373260,9.355976,9.321407,9.390537,9.390537,9.286831,9.183022,9.234943,9.217640,9.252239,9.252239,9.304119,9.217640,9.217640,9.269539,9.286831,9.200333,9.234943,9.183022,9.269539,9.286831,9.304119,9.217640,9.148392,9.165710,9.390537,9.442345,9.425079,9.234943,9.286831,9.269539,9.338692,9.338692,9.355976,9.304119,9.442345,9.545887,9.494129,9.528633,9.511379,9.459610,9.580376,9.666546,9.683773,9.718216,9.700993,9.718216,9.821461,9.855862,9.804260,9.787056,9.821461,9.769852,9.769852,9.752644,9.821461,9.769852,9.855862,9.855862,9.890244,9.976139,9.907425,9.924606,10.061974,10.010487,9.924606,9.993317,9.993317,10.027649,10.079128,10.147728,10.061974,10.147728,10.199139,10.182007,10.319000,10.250530,10.182007,10.182007,10.096279,10.130581,10.061974,10.027649,9.976139,9.804260,9.666546,9.718216,9.528633,9.700993,9.597610,9.459610,9.545887,9.425079,9.390537,9.425079,9.442345,9.494129,9.442345,9.459610,9.338692,9.373260,9.234943,9.234943,9.321407,9.304119,9.355976,9.407806,9.321407,9.304119,9.217640,9.252239,9.200333,9.269539,9.217640,9.148392,9.200333,9.217640,9.113758,9.079109,9.027115,9.044441,9.113758,9.027115,9.079109,9.079109,9.131081,9.044441,9.027115,9.044441,8.975086,9.096436,8.957737,8.975086,8.940388,8.992432,8.870953,8.818848,8.853588,8.957737,8.836220,8.766716,8.749332,8.801476,8.697163,8.766716,8.749332,8.679768,8.749332,8.784096,8.766716,8.697163,8.818848,8.697163,8.731949,8.870953,8.784096,8.766716,8.818848,8.766716,8.766716,8.818848,8.853588,8.731949,8.697163,8.697163,8.749332,8.836220,8.818848,8.905678,8.818848,8.836220,8.818848,8.818848,8.870953,8.836220,8.801476,8.940388,8.940388,8.905678,8.818848,8.801476,8.870953,8.940388,8.957737,8.888317,9.027115,9.009773,8.940388,8.923035,8.992432,8.940388,8.923035,8.940388,8.940388,8.957737,8.853588,8.905678,8.836220,8.888317,8.940388,8.888317,8.818848,8.749332,8.697163,8.679768,8.714558,8.766716,8.801476,8.784096,8.679768,8.784096,8.818848,8.940388,8.923035,8.992432,8.975086,9.044441,8.957737,9.061775,8.940388,9.044441,8.975086,9.061775,9.009773,8.975086,8.888317,8.957737,8.888317,8.975086,8.923035,8.679768,8.697163,8.644970,8.714558,8.679768,8.610161,8.749332,8.662369,8.610161,8.731949,8.731949,8.662369,
8.592743,8.644970,8.592743,8.575333,8.488220,8.523075,8.610161,8.505650,8.557915,8.470791,8.435913,8.505650,8.383591,8.278851,8.139027,7.963982,8.086544,8.104042,8.139027,7.963982,7.946465,7.753536,7.665718,7.542656,7.454662,7.437057,7.331345,7.313717,7.260815,7.225533,7.243172,7.137272,6.960518,6.765751,6.694839,6.730297,6.694839,6.410706,6.161457,6.179276,5.983063,5.786484,5.571625,5.535770,5.464031,5.428139,5.499908,5.643291,5.607468,5.607468,5.786484,5.947346,6.107971,6.321754,6.375134,6.606125,6.765751,6.942829,7.190231,7.366592,7.507469,7.630577,7.753536,7.876347,8.016525,8.208961,8.435913,8.488220,8.644970,8.853588,8.923035,9.131081,9.200333,9.442345,9.632080,9.855862,9.838661,10.027649,10.267654,10.267654,10.404537,10.814041,10.882126,11.018150,11.120033,11.323498,11.357365,11.492725,11.594112,11.712273,11.847122,11.931309,11.981785,11.964966,12.049046,12.116257,12.216988,12.200203,12.384636,12.367878,12.434868,12.317612,12.434868,12.501804,12.568703,12.568703,12.468342,12.518532,12.535263,12.602119,12.685638,12.735714,12.802441,12.852448,12.852448,12.969040,13.018955,13.085476,13.102104,13.185173,13.218376,13.135342,13.301342,13.317928,13.284760,13.433933,13.317928,13.400806,13.450489,13.384232,13.467049,13.384232,13.417366,13.334507,13.400806,13.384232,13.417366,13.367657,13.251579,13.151951,13.168564,13.118725,13.052223,13.068855,12.969040,12.852448,12.769081,13.052223,13.151951,13.135342,13.052223,13.118725,13.102104,13.218376,13.251579,13.367657,13.400806,13.500156,13.566330,13.582870,13.632454,13.715046,13.715046,13.764572,13.797565,13.830551,13.863529,13.863529,13.880009,13.896488,13.814064,13.929443,13.847038,13.929443,13.896488,13.912971,13.962376,13.945911,14.028225,13.945911,13.945911,13.863529,13.929443,13.929443,13.912971,13.880009,13.945911,13.912971,13.880009,13.863529,13.830551,13.847038,13.814064,13.731560,13.764572,13.698540,13.632454,13.632454,13.566330,13.549789,13.566330,13.516701,13.450489,13.400806,13.351086,13.433933,13.433933,13.367657,13.351086,13.351086,13.400806,13.367657,13.367657,13.351086,13.301342,13.317928,13.234974,13.185173,13.218376,13.135342,13.201775,13.268166,13.317928,13.251579,13.135342,13.135342,13.102104,13.085476,13.151951,13.102104,13.168564,13.085476,13.168564,13.135342,13.135342,13.135342,13.018955,13.052223,13.118725,13.201775,13.234974,13.251579,13.301342,13.317928,13.334507,13.351086,13.450489,13.483601,13.599396,13.682022,13.682022,13.698540,13.748062,13.863529,13.715046,13.764572,13.731560,13.682022,13.533249,13.549789,13.516701,13.500156,13.483601,13.500156,13.450489,13.450489,13.367657,13.317928,13.301342,13.234974,13.135342,13.168564,13.135342,13.135342,13.035591,13.002323,12.902435,13.018955,13.035591,12.919083,13.002323,12.935738,12.935738,12.885777,12.869114,12.919083,12.885777,12.769081,12.819115,12.719025,12.702332,12.719025,12.719025,12.685638,12.568703,12.568703,12.551975,12.568703,12.451607,12.267311,12.284077,12.250546,12.284077,12.300850,12.200203,12.133057,12.065849,12.166641,11.948143,11.931309,11.847122,11.712273,11.594112,11.661655,11.644768,11.661655,11.644768,11.712273,11.678528,11.712273,11.830276,11.830276,11.931309,11.863968,11.931309,11.830276,11.830276,11.813431,11.729134,11.813431,11.745995,11.762863,11.678528,11.661655,11.712273,11.678528,11.661655,11.577221,11.441990,11.509636,11.543430,11.492725,11.543430,11.272675,11.323498,11.323498,11.306557,11.340439,11.170944,11.221825,11.255722,11.153976,11.069107,11.052120,11.035133,11.052120,11.120033,11.086086,11.001148,10.899132,10.882126,10.814041,10.745911,10.728870,10.711826,10.797012,10.728870,10.711826,10.609497,10.643623,10.575371,10.558300,10.575371,10.507072,10.421631,10.507072,10.404537,10.524147,10.353233,10.455822,10.421631,10.336117,10.284771,10.267654,10.233398,10.233398,10.147728,10.164867,10.113426,10.044807,10.079128,10.061974,10.061974,10.079128,10.027649,9.958965,9.976139,9.907425,9.821461,9.804260,9.838661,9.735428,9.683773,9.718216,9.649315,9.614849,9.580376,9.649315,9.580376,9.614849,9.476868,9.511379,9.425079,9.355976,9.442345,9.407806,9.390537,9.355976,9.373260,9.355976,9.269539,9.217640,9.269539,9.407806,9.425079,9.217640,9.286831,9.338692,9.234943,9.252239,9.355976,9.217640,9.217640,9.252239,9.304119,9.390537,9.269539,9.321407,9.321407,9.252239,9.390537,9.390537,9.425079,9.442345,9.442345,9.494129,9.614849,9.683773,9.632080,9.683773,9.580376,9.563126,9.597610,9.459610,9.545887,9.580376,9.563126,9.597610,9.563126,9.563126,9.700993,9.769852,9.821461,9.838661,9.700993,9.735428,9.787056,9.941792,9.958965,9.941792,9.993317,9.958965,10.079128,10.027649,10.061974,9.924606,10.061974,10.079128,10.096279,10.147728,10.079128,10.010487,9.958965,9.907425,9.787056,9.649315,9.683773,9.597610,9.545887,9.580376,9.545887,9.425079,9.511379,9.494129,9.390537,9.442345,9.476868,9.390537,9.321407,9.355976,9.338692,9.269539,9.338692,9.390537,9.373260,9.338692,9.355976,9.338692,9.252239,9.390537,9.234943,9.234943,9.217640,9.200333,9.113758,9.061775,9.009773,8.975086,8.957737,8.975086,8.975086,9.009773,8.940388,8.992432,9.027115,9.044441,9.009773,9.044441,8.940388,9.009773,9.061775,8.992432,9.027115,8.923035,8.905678,8.923035,8.888317,8.905678,8.905678,8.801476,8.766716,8.853588,8.853588,8.888317,8.766716,8.784096,8.836220,8.870953,8.801476,8.801476,8.801476,8.784096,8.853588,8.784096,8.888317,8.836220,8.853588,8.888317,8.975086,9.009773,8.940388,8.940388,8.992432,9.027115,9.009773,9.009773,9.044441,8.957737,8.975086,8.888317,8.888317,8.870953,8.957737,8.940388,8.940388,8.923035,8.836220,8.957737,8.888317,8.923035,8.870953,8.975086,8.870953,8.992432,8.714558,8.784096,8.836220,8.784096,8.766716,8.818848,8.766716,8.818848,8.818848,8.749332,8.784096,8.801476,8.662369,8.766716,8.714558,8.662369,8.610161,8.679768,8.644970,8.714558,8.697163,8.627563,8.679768,8.749332,8.749332,8.801476,8.749332,8.714558,8.801476,8.818848,8.923035,8.923035,8.940388,8.975086,8.957737,8.940388,8.905678,8.992432,8.940388,8.888317,8.853588,8.975086,8.940388,8.836220,8.818848,8.784096,8.749332,8.610161,8.662369,8.644970,8.679768,8.749332,8.749332,8.731949,8.557915,8.714558,
8.610161,8.662369,8.662369,8.557915,8.540497,8.505650,8.714558,8.592743,8.575333,8.505650,8.662369,8.575333,8.401035,8.331230,8.174004,8.174004,8.139027,8.156513,8.139027,8.051544,8.104042,7.963982,7.876347,7.753536,7.683289,7.595413,7.437057,7.489868,7.384212,7.296085,7.366592,7.296085,7.172585,6.889732,6.765751,6.872036,6.659363,6.321754,6.107971,6.143627,5.947346,5.679108,5.446091,5.212570,5.176598,5.086613,5.014572,5.050598,4.978535,5.014572,5.032589,5.050598,5.140610,5.302444,5.374290,5.553699,5.589546,5.822250,5.929482,6.072296,6.090134,6.232731,6.303955,6.410706,6.464035,6.588379,6.765751,6.854328,6.960518,7.101940,7.172585,7.190231,7.489868,7.630577,7.823730,7.911411,8.051544,8.104042,8.348686,8.505650,8.627563,8.853588,9.044441,9.338692,9.321407,9.425079,9.580376,9.769852,9.890244,10.113426,10.267654,10.387436,10.541225,10.592438,10.677727,10.848083,10.899132,11.035133,11.120033,11.272675,11.255722,11.391228,11.678528,11.594112,11.796577,11.796577,11.914482,11.830276,12.015423,12.065849,12.200203,12.367878,12.401375,12.451607,12.518532,12.668941,12.702332,12.885777,12.935738,12.819115,13.018955,13.102104,13.052223,13.085476,13.135342,13.135342,13.218376,13.234974,13.367657,13.218376,13.284760,13.284760,13.301342,13.251579,13.251579,13.301342,13.251579,13.201775,13.151951,13.052223,13.102104,13.068855,13.002323,13.018955,12.735714,12.602119,12.618832,12.969040,13.018955,12.952389,12.985676,13.035591,13.135342,13.151951,13.234974,13.351086,13.367657,13.483601,13.549789,13.615929,13.648983,13.648983,13.731560,13.748062,13.797565,13.847038,13.863529,13.863529,13.847038,13.912971,13.929443,13.863529,14.011765,13.978848,13.978848,14.028225,13.978848,14.028225,13.978848,13.896488,14.044678,14.061119,14.028225,13.995308,13.978848,14.110455,14.094013,14.110455,13.995308,14.077572,13.945911,13.929443,13.945911,13.962376,13.830551,13.896488,13.814064,13.847038,13.731560,13.698540,13.731560,13.698540,13.748062,13.599396,13.516701,13.682022,13.566330,13.615929,13.665508,13.566330,13.566330,13.483601,13.632454,13.500156,13.516701,13.417366,13.433933,13.317928,13.351086,13.367657,13.417366,13.450489,13.450489,13.433933,13.467049,13.367657,13.417366,13.417366,13.467049,13.351086,13.417366,13.400806,13.284760,13.433933,13.400806,13.400806,13.400806,13.400806,13.367657,13.317928,13.516701,13.549789,13.615929,13.549789,13.682022,13.731560,13.797565,13.978848,14.028225,14.241875,14.143326,14.225464,14.192616,14.159763,14.192616,14.176193,14.110455,14.061119,14.126900,13.995308,13.929443,13.896488,13.896488,13.912971,13.814064,13.814064,13.797565,13.764572,13.682022,13.715046,13.533249,13.533249,13.615929,13.599396,13.417366,13.168564,13.417366,13.400806,13.450489,13.351086,13.351086,13.384232,13.317928,13.400806,13.317928,13.251579,13.201775,13.185173,13.118725,13.151951,13.151951,13.118725,13.035591,13.102104,13.018955,12.952389,12.985676,12.985676,12.919083,12.652241,12.618832,12.652241,12.685638,12.585411,12.602119,12.618832,12.568703,12.518532,12.384636,12.351128,12.284077,12.015423,12.099461,12.116257,12.116257,12.082661,12.216988,12.133057,12.099461,12.149849,12.183426,12.250546,12.284077,12.284077,12.216988,12.216988,12.267311,12.149849,12.166641,12.216988,12.200203,12.116257,11.981785,11.948143,11.981785,12.049046,11.914482,12.032238,11.897648,11.948143,11.880806,11.830276,11.813431,11.678528,11.644768,11.695396,11.695396,11.627888,11.543430,11.560329,11.577221,11.543430,11.509636,11.408150,11.543430,11.408150,11.475815,11.374298,11.306557,11.255722,11.204865,11.187904,11.137009,11.170944,11.069107,11.069107,11.069107,11.001148,10.984158,10.933151,10.882126,10.916145,10.848083,10.814041,10.814041,10.848083,10.814041,10.797012,10.728870,10.660679,10.677727,10.643623,10.677727,10.660679,10.643623,10.575371,10.524147,10.507072,10.455822,10.472908,10.421631,10.455822,10.404537,10.438725,10.387436,10.319000,10.233398,10.182007,10.250530,10.164867,10.233398,10.130581,10.113426,10.096279,10.113426,9.993317,9.976139,9.958965,9.924606,9.821461,9.907425,9.890244,9.752644,9.683773,9.769852,9.769852,9.752644,9.787056,9.718216,9.683773,9.683773,9.580376,9.476868,9.511379,9.528633,9.563126,9.442345,9.425079,9.407806,9.476868,9.476868,9.459610,9.286831,9.286831,9.338692,9.390537,9.407806,9.355976,9.269539,9.338692,9.321407,9.338692,9.321407,9.200333,9.269539,9.217640,9.148392,9.252239,9.286831,9.286831,9.304119,9.390537,9.373260,9.373260,9.234943,9.286831,9.286831,9.390537,9.286831,9.425079,9.459610,9.563126,9.580376,9.649315,9.614849,9.494129,9.528633,9.632080,9.735428,9.752644,9.563126,9.528633,9.597610,9.545887,9.700993,9.649315,9.528633,9.614849,9.735428,9.787056,9.614849,9.563126,9.425079,9.528633,9.338692,9.390537,9.425079,9.390537,9.338692,9.252239,9.390537,9.304119,9.338692,9.425079,9.459610,9.563126,9.563126,9.528633,9.425079,9.321407,9.286831,9.304119,9.304119,9.407806,9.459610,9.442345,9.425079,9.459610,9.407806,9.373260,9.217640,9.217640,9.165710,9.131081,9.027115,8.940388,8.853588,8.818848,8.801476,8.888317,8.801476,8.766716,8.679768,8.784096,8.731949,8.818848,8.697163,8.731949,8.627563,8.731949,8.697163,8.644970,8.540497,8.714558,8.870953,8.818848,8.836220,8.818848,8.766716,8.784096,8.818848,8.801476,8.714558,8.731949,8.784096,8.888317,8.870953,8.853588,8.836220,8.905678,8.853588,8.940388,8.975086,8.975086,8.957737,9.061775,9.027115,9.079109,9.079109,9.044441,9.079109,9.096436,9.113758,9.165710,9.096436,9.148392,9.165710,9.148392,9.148392,9.079109,8.992432,9.044441,9.027115,9.027115,9.027115,9.009773,8.975086,8.975086,8.888317,8.888317,8.923035,8.870953,8.853588,8.888317,8.818848,8.662369,8.784096,8.818848,8.801476,8.697163,8.784096,8.714558,8.697163,8.662369,8.679768,8.697163,8.697163,8.714558,8.627563,8.610161,8.627563,8.662369,8.697163,8.679768,8.644970,8.679768,8.662369,8.697163,8.749332,8.731949,8.714558,8.749332,8.801476,8.853588,8.870953,8.923035,8.888317,8.905678,8.905678,8.888317,8.870953,8.888317,8.853588,8.836220,8.957737,8.818848,8.766716,8.766716,8.853588,8.766716,8.714558,8.679768,8.714558,8.662369,8.731949,8.766716,8.766716,8.818848,8.853588,8.766716,
8.575333,8.523075,8.557915,8.453358,8.331230,8.348686,8.331230,8.313774,8.313774,8.383591,8.383591,8.418476,8.296310,8.261383,8.051544,7.963982,8.191483,8.069046,8.226437,8.174004,8.156513,8.034035,7.946465,7.928940,7.876347,7.806187,7.771088,7.630577,7.595413,7.489868,7.525059,7.542656,7.454662,7.366592,7.119606,6.907440,6.623875,6.339550,6.250534,6.197094,6.143627,5.840134,5.517838,5.194580,5.104614,4.906425,4.924461,4.906425,4.852314,4.762062,4.888393,4.780113,4.816223,4.942490,4.978535,5.176598,5.248528,5.392242,5.464031,5.374290,5.517838,5.464031,5.750706,5.714912,5.679108,5.697014,5.732807,5.858009,6.018761,6.072296,6.143627,6.286148,6.303955,6.321754,6.446259,6.535103,6.677101,6.765751,6.960518,6.995895,7.101940,7.243172,7.260815,7.577831,7.612995,7.806187,7.841270,8.034035,8.121536,8.383591,8.348686,8.505650,8.557915,8.627563,8.836220,9.009773,9.044441,9.148392,9.442345,9.494129,9.614849,9.838661,9.821461,10.044807,10.147728,10.319000,10.489990,10.524147,10.694775,10.899132,10.933151,11.086086,11.272675,11.441990,11.577221,11.678528,11.796577,11.998611,12.233765,12.200203,12.267311,12.501804,12.635536,12.468342,12.668941,12.668941,12.769081,12.752399,12.885777,12.952389,12.969040,13.052223,13.135342,13.085476,13.151951,13.018955,13.052223,12.919083,12.885777,12.885777,12.852448,12.752399,12.902435,12.685638,12.518532,12.317612,12.099461,12.635536,12.819115,12.835777,12.885777,13.018955,13.035591,13.085476,13.168564,13.284760,13.301342,13.384232,13.351086,13.500156,13.615929,13.615929,13.665508,13.648983,13.715046,13.698540,13.797565,13.863529,13.896488,13.847038,13.781071,13.880009,13.962376,13.814064,13.945911,13.945911,14.011765,13.995308,14.028225,13.962376,14.077572,14.159763,14.110455,14.044678,14.110455,14.126900,14.241875,14.044678,14.061119,13.995308,14.061119,14.011765,14.044678,14.044678,14.044678,13.945911,13.929443,13.945911,13.912971,13.797565,13.896488,13.814064,13.847038,13.830551,13.748062,13.665508,13.682022,13.814064,13.698540,13.781071,13.731560,13.731560,13.698540,13.764572,13.682022,13.566330,13.433933,13.268166,13.334507,13.582870,13.665508,13.648983,13.648983,13.682022,13.665508,13.682022,13.682022,13.698540,13.566330,13.665508,13.632454,13.648983,13.648983,13.648983,13.632454,13.615929,13.648983,13.599396,13.615929,13.615929,13.731560,13.781071,13.814064,14.044678,14.094013,14.209038,14.405884,14.455032,14.634995,14.700352,14.716679,14.781967,14.830910,14.765656,14.716679,14.716679,14.700352,14.684017,14.618649,14.602299,14.504147,14.536880,14.471405,14.405884,14.340313,14.340313,14.258289,14.176193,14.225464,14.159763,14.110455,14.077572,14.028225,13.945911,13.863529,13.764572,13.863529,13.814064,13.880009,13.880009,13.797565,13.764572,13.863529,13.731560,13.731560,13.632454,13.665508,13.648983,13.715046,13.615929,13.615929,13.582870,13.516701,13.400806,13.533249,13.433933,13.450489,13.317928,13.251579,13.118725,13.102104,13.085476,13.085476,12.952389,13.085476,13.002323,13.002323,12.902435,12.752399,12.869114,12.618832,12.501804,12.602119,12.518532,12.468342,12.451607,12.485077,12.451607,12.568703,12.585411,12.585411,12.668941,12.668941,12.635536,12.551975,12.568703,12.618832,12.585411,12.585411,12.468342,12.602119,12.451607,12.485077,12.451607,12.468342,12.317612,12.384636,12.401375,12.351128,12.233765,12.267311,12.300850,12.200203,12.166641,12.116257,12.116257,12.065849,11.964966,11.948143,11.981785,12.032238,11.863968,11.931309,11.830276,11.914482,11.779716,11.830276,11.830276,11.745995,11.712273,11.678528,11.611008,11.627888,11.509636,11.543430,11.509636,11.492725,11.408150,11.374298,11.425068,11.441990,11.374298,11.357365,11.306557,11.238777,11.238777,11.238777,11.153976,11.153976,11.086086,11.120033,11.170944,11.103065,11.035133,11.052120,11.035133,11.035133,10.797012,10.865101,10.848083,10.882126,10.882126,10.848083,10.814041,10.762939,10.643623,10.711826,10.643623,10.609497,10.524147,10.592438,10.524147,10.507072,10.353233,10.472908,10.336117,10.472908,10.301891,10.284771,10.250530,10.250530,10.284771,10.147728,10.164867,10.113426,10.113426,10.096279,10.010487,10.061974,10.010487,10.044807,9.958965,9.976139,9.958965,9.838661,9.855862,9.787056,9.683773,9.838661,9.907425,9.924606,9.804260,9.752644,9.769852,9.649315,9.700993,9.683773,9.563126,9.580376,9.442345,9.425079,9.476868,9.476868,9.407806,9.390537,9.407806,9.355976,9.304119,9.373260,9.373260,9.390537,9.373260,9.425079,9.355976,9.321407,9.304119,9.321407,9.338692,9.321407,9.304119,9.390537,9.494129,9.442345,9.304119,9.286831,9.234943,9.096436,9.234943,9.459610,9.304119,9.252239,9.183022,9.096436,9.079109,9.165710,9.079109,9.061775,9.113758,9.183022,9.304119,9.286831,9.217640,9.096436,9.096436,9.061775,9.079109,9.131081,9.113758,9.200333,9.131081,9.217640,9.200333,9.286831,9.183022,9.269539,9.234943,9.200333,9.252239,9.079109,9.027115,8.957737,9.061775,9.009773,9.113758,9.113758,9.183022,9.200333,9.286831,9.286831,9.252239,9.252239,9.200333,9.113758,8.992432,8.905678,8.870953,8.784096,8.801476,8.784096,8.766716,8.853588,8.749332,8.731949,8.697163,8.749332,8.766716,8.731949,8.714558,8.697163,8.697163,8.575333,8.592743,8.610161,8.679768,8.818848,8.679768,8.731949,8.662369,8.731949,8.731949,8.714558,8.714558,8.679768,8.697163,8.714558,8.818848,8.801476,8.731949,8.836220,8.923035,8.853588,8.870953,8.940388,8.714558,8.818848,9.009773,9.113758,8.975086,8.940388,8.957737,9.061775,8.975086,9.113758,9.113758,9.200333,9.148392,9.061775,9.096436,9.113758,9.061775,9.061775,9.027115,9.113758,9.061775,9.044441,9.044441,8.992432,8.923035,8.940388,8.957737,8.853588,8.888317,8.784096,8.836220,8.853588,8.801476,8.801476,8.801476,8.801476,8.836220,8.801476,8.766716,8.610161,8.610161,8.592743,8.523075,8.540497,8.644970,8.488220,8.592743,8.505650,8.488220,8.679768,8.627563,8.662369,8.627563,8.662369,8.749332,8.749332,8.801476,8.888317,8.957737,8.905678,8.870953,8.975086,8.923035,8.940388,8.957737,8.836220,8.957737,8.957737,8.836220,8.818848,8.818848,8.818848,8.801476,8.749332,8.714558,8.784096,8.749332,8.731949,8.749332,8.662369,8.749332,8.766716,8.749332,8.662369,8.714558,8.679768,8.644970,
8.401035,8.348686,8.348686,8.366138,8.226437,8.243912,8.139027,7.981499,7.893879,7.981499,8.086544,7.981499,7.946465,8.086544,7.963982,7.946465,7.946465,7.876347,8.121536,8.069046,8.069046,8.034035,7.981499,7.911411,7.876347,7.771088,7.700855,7.648148,7.700855,7.630577,7.595413,7.595413,7.454662,7.348972,7.278450,6.889732,6.570625,6.303955,6.250534,6.268349,6.197094,5.983063,5.661201,5.266499,5.086613,4.924461,4.816223,4.762062,4.689812,4.599422,4.563248,4.635590,4.581333,4.743999,4.816223,4.870358,4.942490,5.014572,5.122616,5.122616,5.176598,5.248528,5.284477,5.320412,5.410194,5.428139,5.374290,5.481972,5.446091,5.535770,5.697014,5.732807,5.768597,5.750706,5.875885,5.893753,5.983063,6.018761,6.197094,6.232731,6.286148,6.321754,6.464035,6.552864,6.570625,6.801193,6.677101,6.818905,6.942829,6.960518,7.119606,7.172585,7.243172,7.384212,7.577831,7.612995,7.648148,7.595413,7.788635,8.016525,8.104042,8.156513,8.418476,8.331230,8.505650,8.870953,9.044441,8.957737,8.992432,9.131081,9.304119,9.425079,9.494129,9.787056,9.838661,10.079128,10.284771,10.524147,10.660679,10.950157,11.001148,11.069107,11.221825,11.425068,11.644768,11.627888,11.830276,11.880806,12.015423,12.099461,12.216988,12.334373,12.418129,12.418129,12.551975,12.551975,12.568703,12.434868,12.451607,12.551975,12.602119,12.367878,12.300850,12.267311,12.116257,11.695396,11.374298,12.099461,12.384636,12.367878,12.485077,12.618832,12.702332,13.018955,12.869114,12.919083,13.102104,13.168564,13.317928,13.301342,13.334507,13.367657,13.483601,13.433933,13.516701,13.599396,13.632454,13.665508,13.781071,13.731560,13.715046,13.797565,13.814064,13.715046,13.797565,13.814064,13.896488,13.880009,13.945911,13.929443,13.995308,14.028225,14.077572,14.094013,14.061119,14.077572,14.094013,14.061119,14.126900,14.061119,14.077572,14.028225,14.126900,14.061119,13.995308,14.028225,14.061119,13.945911,13.929443,13.978848,13.912971,13.962376,13.896488,13.945911,13.830551,13.814064,13.847038,13.847038,13.896488,13.863529,13.814064,13.781071,13.797565,13.797565,13.731560,13.615929,13.533249,13.284760,13.450489,13.648983,13.682022,13.781071,13.814064,13.814064,13.896488,13.863529,13.814064,13.896488,13.748062,13.764572,13.863529,13.896488,13.814064,13.912971,13.797565,13.863529,13.880009,13.814064,13.863529,13.863529,13.978848,14.011765,14.241875,14.241875,14.536880,14.585953,14.798294,14.944996,15.172733,15.221458,15.464684,15.497055,15.529427,15.594124,15.658775,15.610291,15.399883,15.383682,15.464684,15.270157,15.237690,15.205219,15.156490,15.123981,15.091465,15.058941,15.010124,14.912418,14.830910,14.847221,14.667679,14.749332,14.618649,14.602299,14.471405,14.438644,14.520515,14.389496,14.405884,14.307518,14.274704,14.258289,14.274704,14.291111,14.094013,14.126900,14.077572,14.077572,13.978848,14.011765,13.995308,14.011765,13.896488,13.880009,13.880009,13.830551,13.748062,13.682022,13.632454,13.632454,13.516701,13.500156,13.450489,13.317928,13.433933,13.367657,13.251579,13.334507,13.068855,13.151951,13.151951,12.869114,12.969040,12.952389,12.902435,12.819115,12.885777,12.835777,13.002323,12.985676,12.969040,12.985676,12.969040,12.969040,13.068855,12.985676,12.952389,12.952389,12.969040,12.885777,12.952389,12.869114,12.969040,12.802441,12.752399,12.735714,12.702332,12.735714,12.735714,12.685638,12.685638,12.668941,12.702332,12.602119,12.535263,12.618832,12.501804,12.451607,12.501804,12.367878,12.401375,12.351128,12.250546,12.200203,12.267311,12.267311,12.267311,12.166641,12.166641,12.015423,11.964966,11.964966,12.015423,11.914482,11.779716,11.880806,11.897648,11.796577,11.745995,11.762863,11.762863,11.762863,11.745995,11.762863,11.745995,11.627888,11.695396,11.678528,11.611008,11.661655,11.577221,11.560329,11.509636,11.509636,11.475815,11.441990,11.340439,11.340439,11.323498,11.306557,11.289619,11.255722,11.272675,11.187904,11.170944,11.170944,11.069107,11.086086,10.967159,10.950157,10.984158,10.950157,10.848083,10.814041,10.831066,10.694775,10.711826,10.677727,10.694775,10.626560,10.711826,10.660679,10.711826,10.575371,10.507072,10.541225,10.575371,10.455822,10.404537,10.472908,10.353233,10.336117,10.216270,10.284771,10.336117,10.233398,10.182007,10.199139,10.267654,10.250530,10.113426,10.096279,10.164867,10.079128,10.044807,9.993317,9.958965,9.941792,9.958965,9.855862,9.890244,9.855862,9.873051,9.838661,9.735428,9.769852,9.735428,9.718216,9.735428,9.614849,9.683773,9.787056,9.735428,9.649315,9.649315,9.614849,9.597610,9.563126,9.563126,9.407806,9.580376,9.528633,9.407806,9.442345,9.304119,9.165710,9.131081,9.096436,9.096436,9.027115,9.061775,9.079109,8.957737,8.888317,8.975086,8.940388,8.923035,8.940388,9.061775,9.044441,9.027115,8.957737,9.027115,9.027115,8.992432,8.992432,8.940388,8.957737,9.044441,9.061775,9.113758,9.113758,9.079109,9.148392,9.113758,9.009773,8.992432,8.957737,8.818848,8.818848,8.731949,8.870953,8.888317,8.923035,9.009773,8.975086,8.888317,8.905678,8.905678,8.853588,8.905678,8.923035,8.940388,8.957737,8.870953,8.923035,8.870953,8.784096,8.749332,8.644970,8.679768,8.557915,8.610161,8.697163,8.662369,8.557915,8.470791,8.540497,8.644970,8.662369,8.505650,8.662369,8.470791,8.470791,8.523075,8.557915,8.488220,8.627563,8.662369,8.644970,8.610161,8.627563,8.540497,8.627563,8.801476,8.784096,8.714558,8.784096,8.749332,8.679768,8.644970,8.627563,8.575333,8.697163,8.627563,8.749332,8.870953,8.836220,8.784096,8.836220,8.940388,8.992432,8.992432,8.957737,8.923035,8.923035,8.923035,8.957737,8.957737,9.027115,9.009773,9.009773,9.096436,8.992432,8.975086,8.975086,8.923035,8.992432,8.923035,8.766716,8.714558,8.627563,8.644970,8.731949,8.714558,8.766716,8.714558,8.662369,8.784096,8.714558,8.697163,8.610161,8.505650,8.453358,8.575333,8.488220,8.453358,8.505650,8.557915,8.505650,8.523075,8.523075,8.644970,8.557915,8.575333,8.523075,8.540497,8.610161,8.714558,8.592743,8.766716,8.836220,8.957737,8.905678,8.818848,8.784096,8.749332,8.853588,8.923035,8.836220,8.784096,8.957737,8.801476,8.818848,8.853588,8.714558,8.749332,8.818848,8.731949,8.731949,8.801476,8.766716,8.627563,8.714558,8.679768,8.679768,8.714558,8.731949,8.610161,8.679768,
8.505650,8.435913,8.418476,8.191483,8.139027,8.174004,8.034035,7.858810,7.911411,8.051544,7.981499,7.928940,7.858810,7.963982,7.928940,7.858810,7.841270,7.841270,7.858810,7.893879,7.858810,7.911411,7.841270,7.753536,7.735977,7.630577,7.542656,7.401833,7.419441,7.384212,7.437057,7.401833,7.313717,7.384212,7.296085,7.084278,6.606125,6.375134,6.250534,6.357342,6.357342,6.036610,5.679108,5.356339,5.086613,4.870358,4.762062,4.689812,4.508957,4.436539,4.418427,4.490860,4.527058,4.454651,4.454651,4.508957,4.581333,4.689812,4.707874,4.834267,4.798172,4.960514,5.014572,4.924461,5.104614,5.104614,5.050598,5.158604,5.050598,5.158604,5.248528,5.338371,5.392242,5.392242,5.535770,5.571625,5.571625,5.714912,5.822250,5.840134,5.858009,5.893753,5.893753,6.000916,6.107971,6.143627,6.036610,6.232731,6.446259,6.375134,6.570625,6.588379,6.606125,6.712570,6.730297,6.818905,6.748028,6.925133,6.995895,7.154926,7.137272,7.225533,7.278450,7.401833,7.437057,7.489868,7.665718,7.806187,7.946465,8.016525,7.999016,8.121536,8.191483,8.488220,8.435913,8.679768,8.766716,8.818848,9.027115,9.079109,9.234943,9.459610,9.632080,9.649315,9.924606,9.993317,10.233398,10.216270,10.541225,10.541225,10.711826,10.848083,11.001148,11.086086,11.120033,11.255722,11.306557,11.374298,11.475815,11.492725,11.492725,11.475815,11.560329,11.492725,11.323498,10.762939,10.336117,11.001148,11.425068,11.543430,11.712273,11.847122,11.998611,12.149849,12.250546,12.300850,12.551975,12.685638,12.785763,12.902435,12.969040,13.002323,13.052223,13.135342,13.185173,13.201775,13.251579,13.384232,13.384232,13.384232,13.533249,13.582870,13.450489,13.582870,13.582870,13.632454,13.814064,13.764572,13.748062,13.682022,13.847038,13.929443,13.912971,13.945911,13.945911,13.962376,13.978848,13.995308,13.995308,14.061119,13.978848,13.978848,13.995308,13.995308,13.995308,13.880009,13.929443,14.011765,13.847038,13.896488,13.880009,13.896488,13.945911,13.896488,13.863529,13.896488,13.929443,13.830551,13.880009,13.847038,13.896488,13.814064,13.880009,13.863529,13.962376,13.863529,13.516701,13.384232,13.549789,13.781071,13.912971,13.847038,13.896488,13.880009,13.945911,13.962376,13.978848,13.978848,13.995308,13.847038,14.028225,14.077572,14.011765,13.995308,14.011765,14.011765,13.945911,14.011765,14.011765,14.110455,14.044678,14.159763,14.291111,14.520515,14.749332,15.042671,15.351257,15.577946,15.804058,15.916897,16.158203,16.286617,16.350758,16.446873,16.558876,16.366791,16.318695,16.318695,16.414852,16.334732,16.286617,16.158203,16.126068,16.109989,15.900787,15.820190,15.739521,15.723377,15.626457,15.642616,15.432289,15.497055,15.464684,15.367474,15.253925,15.172733,15.253925,15.205219,15.058941,14.977566,14.944996,14.896122,14.847221,14.896122,14.814606,14.651337,14.700352,14.651337,14.618649,14.504147,14.422272,14.487770,14.487770,14.422272,14.274704,14.225464,14.209038,14.028225,13.978848,13.929443,13.945911,13.962376,13.797565,13.781071,13.781071,13.814064,13.682022,13.682022,13.533249,13.533249,13.400806,13.234974,13.417366,13.201775,13.301342,13.185173,13.218376,13.135342,13.334507,13.400806,13.334507,13.384232,13.351086,13.268166,13.284760,13.284760,13.400806,13.367657,13.301342,13.301342,13.268166,13.218376,13.234974,13.168564,13.185173,13.118725,13.002323,13.085476,13.118725,13.102104,13.068855,13.018955,13.035591,13.002323,13.035591,13.002323,12.969040,12.869114,12.919083,12.835777,12.752399,12.602119,12.685638,12.551975,12.668941,12.602119,12.568703,12.518532,12.485077,12.434868,12.384636,12.351128,12.351128,12.334373,12.200203,12.317612,12.284077,12.183426,12.200203,12.166641,12.233765,12.250546,12.200203,12.116257,12.082661,12.133057,12.049046,12.149849,12.065849,11.964966,11.998611,12.015423,11.981785,11.880806,11.914482,11.880806,11.813431,11.779716,11.762863,11.729134,11.695396,11.661655,11.695396,11.594112,11.594112,11.611008,11.611008,11.560329,11.458900,11.441990,11.441990,11.340439,11.408150,11.272675,11.272675,11.289619,11.238777,11.238777,11.187904,11.153976,11.120033,11.069107,10.984158,11.018150,11.001148,10.967159,10.916145,10.865101,10.831066,10.762939,10.745911,10.831066,10.677727,10.728870,10.762939,10.609497,10.762939,10.609497,10.643623,10.575371,10.609497,10.472908,10.558300,10.421631,10.404537,10.370338,10.404537,10.199139,10.353233,10.233398,10.199139,10.233398,10.233398,10.199139,10.164867,10.113426,10.182007,10.113426,10.113426,9.993317,10.027649,9.993317,10.096279,9.924606,9.976139,9.993317,9.907425,9.907425,9.804260,9.821461,9.787056,9.735428,9.718216,9.700993,9.700993,9.580376,9.563126,9.425079,9.200333,9.113758,8.975086,8.923035,8.923035,8.940388,9.009773,9.079109,9.113758,9.217640,9.165710,9.183022,9.183022,9.183022,9.183022,9.183022,9.217640,9.183022,9.200333,9.096436,9.027115,9.061775,9.079109,9.148392,9.079109,9.027115,9.061775,9.044441,8.957737,8.992432,8.818848,8.870953,8.853588,8.923035,8.905678,8.905678,8.940388,8.923035,8.853588,8.784096,8.853588,8.870953,8.818848,8.818848,8.801476,8.731949,8.714558,8.784096,8.714558,8.731949,8.766716,8.784096,8.627563,8.575333,8.592743,8.627563,8.540497,8.453358,8.540497,8.366138,8.435913,8.488220,8.383591,8.418476,8.366138,8.418476,8.348686,8.453358,8.453358,8.453358,8.505650,8.435913,8.418476,8.488220,8.401035,8.401035,8.575333,8.523075,8.505650,8.523075,8.627563,8.575333,8.540497,8.610161,8.610161,8.610161,8.627563,8.766716,8.731949,8.610161,8.731949,8.662369,8.697163,8.749332,8.749332,8.679768,8.679768,8.697163,8.749332,8.818848,8.870953,8.923035,8.888317,8.905678,8.957737,8.888317,8.992432,8.888317,8.853588,8.801476,8.818848,8.592743,8.488220,8.540497,8.505650,8.418476,8.488220,8.540497,8.453358,8.470791,8.575333,8.505650,8.540497,8.575333,8.453358,8.540497,8.470791,8.401035,8.418476,8.383591,8.523075,8.488220,8.610161,8.523075,8.505650,8.523075,8.505650,8.644970,8.557915,8.610161,8.644970,8.714558,8.697163,8.731949,8.801476,8.731949,8.766716,8.766716,8.766716,8.749332,8.784096,8.818848,8.836220,8.749332,8.888317,8.714558,8.766716,8.801476,8.784096,8.766716,8.697163,8.749332,8.731949,8.766716,8.662369,8.644970,8.714558,8.592743,8.662369,8.662369,8.627563,8.557915,
8.557915,8.540497,8.540497,8.453358,8.470791,8.418476,8.313774,8.034035,8.174004,8.191483,8.034035,7.963982,7.928940,7.946465,7.981499,7.946465,8.016525,7.928940,7.893879,7.893879,7.858810,7.735977,7.788635,7.700855,7.735977,7.595413,7.437057,7.384212,7.366592,7.366592,7.296085,7.313717,7.207882,7.313717,7.190231,7.048931,6.677101,6.428486,6.446259,6.428486,6.375134,6.214916,5.893753,5.392242,5.050598,4.816223,4.671738,4.581333,4.454651,4.255280,4.255280,4.327812,4.291550,4.309685,4.273415,4.364071,4.400314,4.237133,4.382195,4.436539,4.382195,4.545155,4.527058,4.581333,4.581333,4.599422,4.725941,4.816223,4.798172,4.906425,4.816223,4.870358,5.014572,5.050598,5.068611,5.140610,5.176598,5.266499,5.356339,5.356339,5.374290,5.553699,5.481972,5.661201,5.661201,5.661201,5.786484,5.822250,5.947346,6.000916,6.143627,6.143627,6.232731,6.179276,6.286148,6.339550,6.339550,6.410706,6.552864,6.588379,6.641617,6.623875,6.783474,6.748028,6.960518,7.013577,7.031254,7.243172,7.331345,7.348972,7.419441,7.454662,7.665718,7.700855,7.806187,7.823730,8.016525,8.139027,8.174004,8.313774,8.453358,8.610161,8.505650,8.505650,8.610161,8.731949,8.836220,9.096436,9.183022,9.304119,9.355976,9.407806,9.597610,9.580376,9.666546,9.804260,9.752644,9.787056,9.855862,10.010487,9.976139,9.958965,9.941792,10.079128,9.976139,9.545887,9.148392,9.390537,9.752644,10.027649,10.319000,10.404537,10.558300,10.831066,10.814041,11.120033,11.306557,11.475815,11.594112,11.813431,11.830276,12.065849,12.133057,12.284077,12.267311,12.401375,12.685638,12.752399,12.752399,12.785763,13.002323,12.969040,13.151951,13.201775,13.251579,13.218376,13.284760,13.334507,13.450489,13.533249,13.516701,13.566330,13.500156,13.648983,13.648983,13.715046,13.781071,13.715046,13.748062,13.764572,13.797565,13.781071,13.781071,13.863529,13.830551,13.781071,13.781071,13.764572,13.715046,13.731560,13.764572,13.814064,13.847038,13.896488,13.863529,13.847038,13.797565,13.814064,13.830551,13.896488,13.847038,13.880009,13.797565,13.896488,13.863529,13.880009,13.698540,13.731560,13.863529,13.847038,13.929443,13.847038,13.929443,13.978848,14.061119,14.077572,14.044678,14.044678,14.126900,14.044678,14.044678,14.094013,14.094013,14.028225,14.044678,14.044678,14.110455,14.126900,14.077572,14.126900,14.258289,14.356716,14.553234,14.814606,15.107727,15.367474,15.642616,15.804058,16.158203,16.494896,16.830284,17.037239,17.307125,17.402172,17.512928,17.560349,17.418003,17.322979,17.338821,17.275417,17.259556,17.005432,17.021339,16.973614,16.798401,16.830284,16.734592,16.734592,16.510895,16.622818,16.462883,16.446873,16.270573,16.318695,16.109989,16.093914,16.142136,16.093914,16.077839,15.900787,15.787926,15.707230,15.771801,15.594124,15.577946,15.513241,15.399883,15.416088,15.383682,15.286385,15.237690,15.270157,15.172733,15.140236,14.977566,14.896122,14.977566,14.798294,14.684017,14.716679,14.520515,14.520515,14.520515,14.438644,14.307518,14.340313,14.159763,14.044678,14.028225,13.945911,13.945911,13.814064,14.110455,13.847038,13.748062,13.648983,13.748062,13.665508,13.682022,13.814064,13.665508,13.797565,13.764572,13.781071,13.731560,13.582870,13.781071,13.715046,13.764572,13.698540,13.682022,13.715046,13.665508,13.549789,13.566330,13.549789,13.516701,13.467049,13.516701,13.467049,13.433933,13.351086,13.384232,13.417366,13.417366,13.433933,13.218376,13.234974,13.201775,13.151951,13.151951,13.068855,13.018955,13.018955,13.052223,13.002323,13.068855,12.935738,12.952389,12.885777,12.852448,12.835777,12.819115,12.685638,12.769081,12.702332,12.668941,12.668941,12.535263,12.501804,12.602119,12.518532,12.602119,12.501804,12.535263,12.485077,12.451607,12.551975,12.501804,12.434868,12.418129,12.317612,12.401375,12.367878,12.384636,12.233765,12.334373,12.267311,12.149849,12.233765,12.166641,12.116257,12.099461,12.233765,12.099461,12.082661,12.116257,11.981785,11.964966,11.847122,11.863968,11.779716,11.813431,11.729134,11.745995,11.627888,11.661655,11.678528,11.611008,11.543430,11.644768,11.543430,11.543430,11.509636,11.458900,11.408150,11.357365,11.323498,11.187904,11.272675,11.187904,11.170944,11.187904,11.204865,11.120033,11.120033,11.069107,11.035133,11.052120,10.933151,11.035133,10.950157,10.865101,10.762939,10.848083,10.831066,10.779976,10.677727,10.677727,10.694775,10.677727,10.592438,10.592438,10.609497,10.592438,10.558300,10.541225,10.524147,10.489990,10.507072,10.507072,10.438725,10.438725,10.336117,10.301891,10.301891,10.267654,10.267654,10.199139,10.216270,10.216270,10.044807,10.044807,9.976139,9.941792,9.907425,9.821461,9.787056,9.597610,9.494129,9.373260,9.442345,9.373260,9.476868,9.407806,9.476868,9.563126,9.580376,9.545887,9.666546,9.597610,9.511379,9.718216,9.563126,9.683773,9.563126,9.597610,9.563126,9.476868,9.476868,9.545887,9.476868,9.442345,9.442345,9.407806,9.355976,9.511379,9.390537,9.390537,9.321407,9.338692,9.373260,9.286831,9.304119,9.148392,9.234943,9.009773,8.992432,8.853588,8.784096,8.714558,8.818848,8.679768,8.644970,8.627563,8.679768,8.644970,8.679768,8.592743,8.610161,8.627563,8.557915,8.627563,8.435913,8.383591,8.383591,8.366138,8.435913,8.401035,8.366138,8.243912,8.121536,8.139027,8.331230,8.243912,8.174004,8.191483,8.191483,8.278851,8.331230,8.261383,8.331230,8.296310,8.278851,8.348686,8.296310,8.401035,8.453358,8.488220,8.470791,8.557915,8.644970,8.540497,8.575333,8.592743,8.749332,8.644970,8.575333,8.714558,8.644970,8.610161,8.540497,8.488220,8.383591,8.488220,8.418476,8.488220,8.627563,8.540497,8.557915,8.557915,8.557915,8.540497,8.697163,8.610161,8.592743,8.540497,8.610161,8.557915,8.488220,8.435913,8.453358,8.331230,8.366138,8.418476,8.401035,8.418476,8.488220,8.540497,8.523075,8.453358,8.366138,8.470791,8.523075,8.418476,8.435913,8.435913,8.470791,8.401035,8.523075,8.540497,8.523075,8.401035,8.505650,8.575333,8.662369,8.610161,8.610161,8.627563,8.610161,8.644970,8.557915,8.679768,8.627563,8.540497,8.627563,8.627563,8.644970,8.627563,8.470791,8.470791,8.644970,8.575333,8.453358,8.540497,8.488220,8.557915,8.470791,8.627563,8.523075,8.679768,8.540497,8.470791,8.540497,8.575333,8.453358,8.627563,8.575333,8.505650,8.610161,
8.714558,8.714558,8.697163,8.679768,8.697163,8.575333,8.453358,8.470791,8.470791,8.453358,8.401035,8.313774,8.296310,8.261383,8.174004,8.208961,8.174004,8.208961,8.016525,8.086544,7.911411,7.928940,7.771088,7.788635,7.735977,7.542656,7.260815,7.313717,7.296085,7.331345,7.119606,7.137272,7.172585,7.137272,7.172585,6.889732,6.818905,6.641617,6.410706,6.552864,6.464035,6.232731,5.911625,5.446091,5.284477,4.906425,4.635590,4.545155,4.345943,4.164528,4.182686,4.128212,4.218987,4.255280,4.200836,4.273415,4.182686,4.164528,4.237133,4.128212,4.200836,4.327812,4.309685,4.345943,4.400314,4.382195,4.418427,4.527058,4.508957,4.581333,4.490860,4.653660,4.743999,4.906425,4.798172,4.780113,4.852314,4.924461,4.942490,5.086613,5.158604,5.086613,5.266499,5.266499,5.392242,5.392242,5.392242,5.553699,5.553699,5.643291,5.697014,5.750706,5.697014,5.875885,5.858009,6.018761,6.036610,6.054455,6.107971,6.054455,6.232731,6.321754,6.357342,6.446259,6.570625,6.623875,6.623875,6.659363,6.836617,6.872036,7.013577,7.119606,7.313717,7.401833,7.366592,7.472267,7.630577,7.788635,7.806187,7.946465,8.121536,8.069046,8.208961,8.191483,8.156513,8.156513,8.505650,8.731949,9.027115,9.009773,9.148392,9.165710,9.217640,9.234943,9.044441,9.200333,9.113758,9.061775,9.061775,9.096436,9.061775,8.992432,9.009773,8.957737,8.923035,8.749332,8.453358,8.453358,8.731949,8.888317,8.957737,9.079109,9.304119,9.269539,9.442345,9.649315,9.700993,9.907425,10.061974,10.216270,10.284771,10.421631,10.541225,10.762939,10.899132,11.035133,11.137009,11.408150,11.425068,11.611008,11.678528,11.779716,11.981785,12.065849,12.351128,12.233765,12.384636,12.551975,12.568703,12.668941,12.769081,12.852448,12.952389,13.035591,13.085476,13.185173,13.085476,13.301342,13.251579,13.251579,13.351086,13.417366,13.450489,13.450489,13.483601,13.566330,13.566330,13.599396,13.516701,13.632454,13.582870,13.500156,13.599396,13.483601,13.615929,13.615929,13.665508,13.715046,13.648983,13.665508,13.715046,13.731560,13.715046,13.764572,13.814064,13.847038,13.797565,13.797565,13.797565,13.847038,13.797565,13.896488,13.863529,13.912971,13.912971,13.945911,13.863529,14.028225,14.011765,14.028225,14.028225,14.044678,14.077572,14.061119,14.077572,14.159763,14.143326,14.225464,14.192616,14.291111,14.307518,14.455032,14.716679,14.879829,15.318825,15.561783,15.949108,16.302662,16.622818,16.909943,17.243698,17.639320,17.938759,18.174385,18.471905,18.299789,18.252785,18.143013,18.048801,17.985931,18.001652,17.923019,17.938759,17.938759,17.923019,17.891544,17.844315,17.591946,17.670891,17.512928,17.322979,17.322979,17.196098,17.116711,17.116711,17.037239,17.069038,17.053143,16.989529,16.846222,16.830284,16.782452,16.973614,16.782452,16.638790,16.366791,16.382813,16.206375,16.238480,16.126068,16.142136,16.158203,16.109989,16.013500,15.868561,15.868561,15.820190,15.626457,15.674923,15.497055,15.464684,15.351257,15.318825,15.270157,15.140236,15.091465,14.863525,14.912418,14.602299,14.569599,14.618649,14.618649,14.912418,14.618649,14.307518,14.340313,14.143326,14.258289,14.307518,14.307518,14.274704,14.274704,14.258289,14.176193,14.241875,14.143326,14.225464,14.143326,14.209038,14.126900,14.143326,14.110455,14.044678,13.962376,13.896488,13.912971,13.995308,13.978848,13.896488,13.863529,13.896488,13.830551,13.797565,13.764572,13.764572,13.797565,13.632454,13.682022,13.582870,13.582870,13.582870,13.549789,13.433933,13.400806,13.450489,13.467049,13.384232,13.351086,13.251579,13.251579,13.201775,13.151951,13.102104,13.102104,13.018955,13.052223,13.035591,12.919083,12.935738,12.835777,12.952389,12.935738,12.935738,12.902435,12.935738,12.935738,12.985676,12.852448,12.935738,12.852448,12.885777,12.785763,12.752399,12.785763,12.685638,12.752399,12.685638,12.719025,12.635536,12.685638,12.618832,12.468342,12.518532,12.551975,12.518532,12.551975,12.434868,12.367878,12.384636,12.233765,12.334373,12.367878,12.216988,12.200203,12.200203,12.200203,12.049046,12.065849,12.116257,12.099461,12.116257,11.981785,11.914482,11.897648,11.897648,11.762863,11.762863,11.627888,11.678528,11.796577,11.695396,11.611008,11.611008,11.627888,11.560329,11.509636,11.441990,11.458900,11.492725,11.374298,11.374298,11.425068,11.323498,11.357365,11.289619,11.272675,11.221825,11.137009,11.137009,11.103065,10.984158,11.086086,11.035133,11.018150,11.001148,11.001148,10.950157,11.069107,10.831066,10.848083,10.899132,10.745911,10.728870,10.745911,10.694775,10.694775,10.728870,10.677727,10.558300,10.575371,10.524147,10.507072,10.353233,10.370338,10.284771,10.301891,10.250530,10.096279,10.044807,9.787056,9.907425,9.907425,9.855862,9.976139,9.821461,9.907425,9.907425,9.924606,9.993317,9.958965,10.061974,10.027649,10.113426,9.993317,10.096279,10.061974,9.958965,9.873051,9.873051,9.993317,9.890244,9.890244,9.873051,9.769852,9.941792,9.821461,9.735428,9.804260,9.752644,9.855862,9.821461,9.769852,9.787056,9.632080,9.614849,9.528633,9.407806,9.286831,9.183022,9.165710,9.079109,8.957737,8.905678,8.836220,8.853588,8.749332,8.714558,8.644970,8.627563,8.575333,8.610161,8.523075,8.523075,8.435913,8.453358,8.523075,8.401035,8.470791,8.470791,8.296310,8.331230,8.366138,8.243912,8.208961,8.278851,8.208961,8.313774,8.191483,8.208961,8.296310,8.313774,8.296310,8.278851,8.313774,8.296310,8.243912,8.366138,8.331230,8.366138,8.401035,8.418476,8.418476,8.418476,8.348686,8.313774,8.470791,8.435913,8.296310,8.313774,8.331230,8.435913,8.366138,8.435913,8.366138,8.331230,8.243912,8.121536,8.296310,8.348686,8.453358,8.488220,8.505650,8.296310,8.348686,8.488220,8.401035,8.435913,8.453358,8.470791,8.418476,8.331230,8.401035,8.383591,8.470791,8.453358,8.383591,8.401035,8.435913,8.470791,8.243912,8.261383,8.243912,8.296310,8.505650,8.470791,8.418476,8.453358,8.435913,8.470791,8.470791,8.453358,8.435913,8.488220,8.540497,8.505650,8.610161,8.575333,8.557915,8.540497,8.453358,8.610161,8.470791,8.401035,8.331230,8.348686,8.366138,8.540497,8.540497,8.418476,8.575333,8.523075,8.505650,8.418476,8.243912,8.418476,8.453358,8.523075,8.505650,8.505650,8.557915,8.592743,8.575333,8.540497,8.453358,8.557915,8.453358,8.575333,8.540497,8.627563,8.557915,
8.697163,8.697163,8.697163,8.662369,8.610161,8.644970,8.644970,8.749332,8.679768,8.644970,8.557915,8.540497,8.488220,8.488220,8.488220,8.505650,8.348686,8.401035,8.208961,8.313774,8.034035,8.034035,8.069046,7.928940,7.876347,7.858810,7.700855,7.630577,7.542656,7.595413,7.384212,7.207882,7.225533,7.243172,7.190231,7.101940,7.048931,6.818905,6.535103,6.641617,6.481804,6.286148,5.965206,5.553699,5.248528,4.978535,4.599422,4.472755,4.273415,4.091881,4.110050,4.073711,4.055538,4.164528,4.055538,4.073711,4.164528,4.182686,4.182686,4.146374,4.146374,4.182686,4.182686,4.237133,4.237133,4.291550,4.327812,4.436539,4.400314,4.436539,4.472755,4.472755,4.563248,4.490860,4.527058,4.617508,4.653660,4.762062,4.816223,4.725941,4.924461,4.762062,4.942490,5.050598,5.032589,5.140610,5.230549,5.230549,5.248528,5.392242,5.356339,5.428139,5.410194,5.499908,5.535770,5.679108,5.553699,5.661201,5.804367,5.858009,5.947346,5.947346,6.090134,6.054455,6.125797,6.161457,6.214916,6.286148,6.499577,6.464035,6.623875,6.623875,6.730297,6.836617,6.872036,7.066605,7.172585,7.296085,7.348972,7.472267,7.735977,7.753536,7.858810,7.911411,7.876347,7.841270,8.086544,8.575333,8.940388,9.113758,9.217640,9.252239,9.338692,9.286831,9.200333,9.200333,9.183022,9.113758,9.165710,8.975086,8.940388,8.784096,8.784096,8.818848,8.731949,8.505650,8.366138,8.540497,8.662369,8.557915,8.575333,8.766716,8.714558,8.731949,8.679768,8.749332,8.801476,8.836220,8.836220,9.027115,8.940388,9.027115,9.165710,9.338692,9.304119,9.494129,9.545887,9.769852,9.890244,9.821461,9.855862,10.164867,10.319000,10.472908,10.438725,10.660679,10.762939,10.848083,11.001148,11.086086,11.255722,11.408150,11.627888,11.729134,11.729134,11.914482,12.049046,12.065849,12.317612,12.367878,12.468342,12.418129,12.652241,12.668941,12.702332,12.752399,12.819115,12.985676,12.735714,12.985676,12.935738,13.002323,13.068855,13.085476,13.068855,13.118725,13.268166,13.351086,13.251579,13.334507,13.367657,13.417366,13.417366,13.433933,13.516701,13.566330,13.566330,13.599396,13.582870,13.599396,13.748062,13.582870,13.715046,13.797565,13.797565,13.797565,13.830551,13.814064,13.880009,13.797565,13.880009,13.880009,13.945911,13.995308,14.011765,14.011765,14.077572,14.176193,14.225464,14.192616,14.225464,14.405884,14.504147,14.847221,15.205219,15.594124,16.061756,16.382813,16.750549,17.180225,17.560349,17.891544,18.237114,18.565624,18.752762,18.939468,18.846176,18.861725,18.752762,18.737183,18.628052,18.706017,18.768341,18.861725,18.643650,18.737183,18.721603,18.596848,18.596848,18.393715,18.346760,18.190071,18.127319,17.938759,17.938759,17.891544,17.954483,17.907284,17.718227,17.765533,17.749767,17.733997,17.938759,17.970207,17.655106,17.402172,17.164352,17.148476,17.100819,17.132591,16.894020,16.909943,16.973614,16.878090,16.862156,16.750549,16.622818,16.574867,16.494896,16.446873,16.334732,16.222427,16.302662,16.158203,16.238480,16.093914,15.820190,15.594124,15.464684,15.367474,15.383682,15.771801,16.302662,15.529427,15.140236,15.058941,14.928707,14.977566,15.010124,14.977566,15.026398,15.010124,14.912418,14.944996,14.847221,14.749332,14.814606,14.798294,14.814606,14.667679,14.716679,14.618649,14.585953,14.602299,14.438644,14.487770,14.438644,14.405884,14.438644,14.323921,14.405884,14.356716,14.274704,14.225464,14.209038,14.126900,14.044678,14.094013,14.011765,13.929443,14.011765,13.896488,13.945911,13.847038,13.814064,13.847038,13.814064,13.764572,13.682022,13.632454,13.615929,13.615929,13.500156,13.450489,13.433933,13.467049,13.450489,13.351086,13.351086,13.234974,13.384232,13.284760,13.251579,13.284760,13.268166,13.284760,13.251579,13.251579,13.351086,13.367657,13.185173,13.185173,13.218376,13.168564,13.102104,13.118725,13.218376,12.969040,12.952389,13.002323,13.002323,13.035591,12.952389,12.902435,12.952389,12.902435,12.885777,12.885777,12.902435,12.769081,12.869114,12.719025,12.735714,12.668941,12.585411,12.568703,12.501804,12.518532,12.518532,12.535263,12.518532,12.518532,12.434868,12.384636,12.317612,12.351128,12.216988,12.233765,12.166641,12.099461,12.116257,12.082661,11.998611,12.015423,11.948143,11.981785,11.914482,11.931309,11.863968,11.813431,11.830276,11.779716,11.796577,11.813431,11.796577,11.745995,11.729134,11.644768,11.627888,11.543430,11.543430,11.543430,11.458900,11.475815,11.340439,11.391228,11.425068,11.441990,11.340439,11.306557,11.323498,11.221825,11.255722,11.153976,11.187904,11.086086,11.103065,11.086086,11.137009,10.950157,10.899132,10.933151,10.762939,10.848083,10.762939,10.797012,10.694775,10.507072,10.421631,10.370338,10.353233,10.353233,10.233398,10.353233,10.284771,10.370338,10.370338,10.370338,10.421631,10.421631,10.489990,10.489990,10.421631,10.421631,10.421631,10.370338,10.404537,10.421631,10.472908,10.353233,10.353233,10.250530,10.336117,10.250530,10.301891,10.182007,10.301891,10.336117,10.284771,10.301891,10.147728,10.250530,10.130581,10.130581,10.061974,9.924606,9.787056,9.735428,9.614849,9.580376,9.355976,9.355976,9.269539,9.165710,9.096436,9.079109,9.079109,8.853588,8.818848,8.731949,8.697163,8.662369,8.662369,8.662369,8.557915,8.610161,8.557915,8.505650,8.488220,8.540497,8.540497,8.505650,8.453358,8.418476,8.383591,8.435913,8.383591,8.331230,8.348686,8.366138,8.278851,8.278851,8.278851,8.313774,8.278851,8.296310,8.366138,8.313774,8.278851,8.348686,8.348686,8.296310,8.191483,8.331230,8.278851,8.313774,8.243912,8.331230,8.401035,8.331230,8.348686,8.331230,8.296310,8.366138,8.401035,8.383591,8.261383,8.296310,8.313774,8.278851,8.261383,8.278851,8.261383,8.296310,8.208961,8.156513,8.261383,8.226437,8.243912,8.296310,8.278851,8.243912,8.278851,8.278851,8.226437,8.261383,8.208961,8.261383,8.313774,8.208961,8.296310,8.383591,8.401035,8.470791,8.418476,8.401035,8.453358,8.418476,8.366138,8.261383,8.366138,8.331230,8.401035,8.366138,8.348686,8.435913,8.331230,8.331230,8.278851,8.278851,8.278851,8.139027,8.034035,8.086544,8.174004,8.156513,8.104042,8.156513,8.296310,8.331230,8.366138,8.348686,8.261383,8.278851,8.313774,8.383591,8.296310,8.366138,8.366138,8.313774,8.261383,8.418476,8.313774,8.174004,8.278851,8.208961,8.313774,8.243912,8.313774,8.313774,
8.610161,8.505650,8.557915,8.540497,8.557915,8.401035,8.610161,8.523075,8.697163,8.540497,8.610161,8.488220,8.435913,8.453358,8.488220,8.401035,8.418476,8.418476,8.226437,8.243912,8.156513,8.208961,8.051544,8.139027,8.069046,8.034035,8.139027,7.981499,7.771088,7.718422,7.630577,7.595413,7.525059,7.525059,7.437057,7.366592,7.260815,7.137272,6.995895,6.783474,6.552864,6.286148,5.965206,5.607468,5.302444,4.996559,4.671738,4.400314,4.128212,3.837234,3.764370,3.873646,3.891846,4.037365,4.019184,3.910049,4.055538,4.055538,4.146374,4.200836,4.200836,4.164528,4.128212,4.164528,4.218987,4.309685,4.291550,4.291550,4.255280,4.291550,4.418427,4.454651,4.454651,4.382195,4.563248,4.472755,4.581333,4.581333,4.599422,4.635590,4.617508,4.725941,4.689812,4.725941,4.870358,4.834267,4.870358,4.834267,4.924461,4.978535,5.068611,5.032589,5.068611,5.140610,5.176598,5.194580,5.248528,5.248528,5.338371,5.428139,5.446091,5.517838,5.553699,5.571625,5.625381,5.768597,5.750706,5.893753,5.875885,6.018761,6.072296,6.143627,6.214916,6.321754,6.446259,6.552864,6.606125,6.783474,6.783474,6.960518,7.048931,7.137272,7.225533,7.296085,7.331345,7.260815,7.630577,8.139027,8.784096,9.148392,9.234943,9.304119,9.304119,9.252239,9.200333,9.165710,9.131081,8.957737,8.853588,8.697163,8.662369,8.697163,8.679768,8.610161,8.505650,8.540497,8.418476,8.523075,8.505650,8.488220,8.557915,8.644970,8.644970,8.679768,8.592743,8.627563,8.714558,8.644970,8.766716,8.627563,8.679768,8.714558,8.766716,8.784096,8.749332,8.697163,8.801476,8.784096,8.749332,8.714558,8.784096,9.061775,9.079109,9.131081,9.200333,9.183022,9.373260,9.425079,9.459610,9.580376,9.787056,9.976139,9.873051,10.061974,10.164867,10.319000,10.353233,10.643623,10.677727,10.677727,10.848083,11.001148,11.086086,11.120033,11.272675,11.425068,11.526535,11.644768,11.779716,11.695396,11.796577,11.880806,12.099461,12.149849,12.082661,12.300850,12.468342,12.451607,12.585411,12.735714,12.769081,12.852448,12.785763,12.852448,12.935738,12.985676,13.035591,13.018955,13.085476,13.284760,13.367657,13.367657,13.433933,13.400806,13.417366,13.483601,13.549789,13.632454,13.566330,13.615929,13.665508,13.648983,13.715046,13.781071,13.748062,13.814064,13.863529,13.863529,13.929443,14.011765,14.094013,14.126900,14.323921,14.667679,15.123981,15.464684,15.916897,16.238480,16.702667,17.243698,17.686680,18.143013,18.518776,18.799477,19.094734,19.373451,19.419815,19.388908,19.342529,19.435257,19.481583,19.404366,19.589577,19.543312,19.512459,19.419815,19.466148,19.512459,19.435257,19.280655,19.017136,19.001602,18.923927,18.690430,18.737183,18.659248,18.737183,18.706017,18.752762,18.565624,18.659248,18.581238,18.846176,19.032661,18.643650,18.315449,18.033096,18.064510,18.001652,18.064510,17.970207,17.875805,17.923019,17.749767,17.812809,17.576149,17.607742,17.465477,17.386341,17.402172,17.354664,17.307125,17.386341,17.211967,17.243698,17.005432,16.702667,16.430859,16.414852,16.270573,16.446873,17.021339,17.891544,16.670738,16.142136,15.852440,15.771801,15.739521,15.852440,15.836315,15.868561,15.755661,15.852440,15.852440,15.610291,15.626457,15.594124,15.561783,15.610291,15.610291,15.480865,15.367474,15.448486,15.318825,15.367474,15.253925,15.237690,15.140236,15.156490,15.123981,15.042671,15.091465,15.058941,15.042671,15.042671,14.830910,14.830910,14.798294,14.765656,14.651337,14.585953,14.618649,14.553234,14.389496,14.422272,14.487770,14.340313,14.209038,14.176193,14.225464,14.143326,14.061119,13.912971,13.962376,14.028225,13.929443,13.764572,13.847038,13.764572,13.682022,13.698540,13.715046,13.731560,13.797565,13.698540,13.715046,13.698540,13.682022,13.648983,13.715046,13.648983,13.566330,13.566330,13.467049,13.533249,13.582870,13.500156,13.483601,13.483601,13.384232,13.433933,13.450489,13.301342,13.367657,13.384232,13.334507,13.234974,13.334507,13.251579,13.185173,13.251579,13.168564,13.135342,13.135342,13.035591,12.985676,12.985676,12.985676,13.018955,12.952389,13.002323,12.902435,12.885777,12.869114,12.785763,12.819115,12.719025,12.735714,12.685638,12.535263,12.485077,12.501804,12.501804,12.434868,12.418129,12.334373,12.418129,12.334373,12.267311,12.233765,12.267311,12.200203,12.099461,12.216988,12.149849,12.082661,12.099461,11.931309,11.964966,11.931309,11.931309,11.964966,11.880806,11.847122,11.779716,11.830276,11.796577,11.880806,11.796577,11.762863,11.678528,11.678528,11.627888,11.560329,11.594112,11.577221,11.492725,11.425068,11.340439,11.340439,11.323498,11.204865,11.306557,11.204865,11.204865,11.137009,11.153976,11.001148,10.882126,10.814041,10.814041,10.899132,10.779976,10.779976,10.745911,10.779976,10.728870,10.779976,10.745911,10.797012,10.865101,10.797012,10.831066,10.728870,10.779976,10.831066,10.779976,10.831066,10.779976,10.848083,10.745911,10.745911,10.711826,10.660679,10.660679,10.660679,10.711826,10.728870,10.694775,10.728870,10.711826,10.660679,10.558300,10.472908,10.455822,10.353233,10.284771,10.182007,9.993317,9.958965,9.752644,9.769852,9.511379,9.476868,9.425079,9.321407,9.234943,9.183022,8.975086,9.009773,8.923035,8.818848,8.853588,8.818848,8.801476,8.784096,8.714558,8.697163,8.714558,8.644970,8.592743,8.627563,8.644970,8.557915,8.523075,8.505650,8.505650,8.453358,8.470791,8.435913,8.366138,8.383591,8.435913,8.383591,8.401035,8.401035,8.348686,8.331230,8.435913,8.313774,8.331230,8.331230,8.278851,8.348686,8.418476,8.296310,8.470791,8.296310,8.418476,8.313774,8.348686,8.383591,8.401035,8.313774,8.348686,8.331230,8.296310,8.313774,8.296310,8.313774,8.243912,8.331230,8.243912,8.174004,8.191483,8.226437,8.278851,8.191483,8.208961,8.156513,8.243912,8.243912,8.191483,8.226437,8.226437,8.156513,8.243912,8.208961,8.243912,8.208961,8.208961,8.226437,8.226437,8.121536,8.104042,8.069046,7.876347,7.946465,7.858810,7.858810,7.735977,7.876347,7.771088,7.841270,7.858810,7.981499,7.946465,7.999016,7.911411,7.893879,7.788635,7.858810,7.946465,7.893879,8.016525,7.876347,8.069046,7.946465,7.928940,7.946465,7.946465,7.981499,8.034035,7.999016,7.999016,8.139027,8.121536,8.121536,8.051544,8.069046,8.104042,7.999016,7.911411,7.841270,7.981499,8.016525,7.963982,8.156513,7.981499,8.034035,
8.278851,8.261383,8.226437,8.278851,8.261383,8.296310,8.348686,8.313774,8.261383,8.313774,8.208961,8.208961,8.296310,8.226437,8.139027,8.243912,8.261383,8.261383,8.191483,8.156513,8.139027,8.069046,8.034035,8.051544,8.051544,8.086544,8.069046,7.928940,7.893879,7.735977,7.823730,7.700855,7.648148,7.612995,7.648148,7.683289,7.612995,7.577831,7.348972,6.960518,6.641617,6.268349,5.929482,5.643291,5.302444,4.960514,4.780113,4.327812,4.001003,3.527222,3.527222,3.490696,3.600243,3.691456,3.782589,3.873646,3.946442,3.873646,4.110050,4.073711,4.146374,4.146374,4.255280,4.237133,4.255280,4.255280,4.309685,4.436539,4.436539,4.400314,4.454651,4.490860,4.508957,4.472755,4.436539,4.508957,4.599422,4.563248,4.689812,4.599422,4.671738,4.671738,4.671738,4.671738,4.798172,4.780113,4.852314,4.834267,4.888393,4.870358,4.888393,4.888393,4.996559,5.014572,4.942490,5.032589,5.050598,5.068611,5.158604,5.194580,5.248528,5.302444,5.320412,5.320412,5.481972,5.481972,5.571625,5.571625,5.625381,5.732807,5.714912,5.750706,5.893753,5.983063,6.090134,6.125797,6.268349,6.286148,6.410706,6.446259,6.517342,6.606125,6.712570,6.801193,6.783474,6.995895,7.260815,7.876347,8.836220,9.269539,9.442345,9.528633,9.545887,9.217640,9.304119,9.252239,9.044441,8.957737,8.801476,8.697163,8.679768,8.644970,8.575333,8.488220,8.418476,8.313774,8.401035,8.470791,8.435913,8.383591,8.383591,8.523075,8.610161,8.662369,8.610161,8.627563,8.627563,8.644970,8.714558,8.644970,8.610161,8.766716,8.801476,8.749332,8.662369,8.714558,8.784096,8.662369,8.540497,8.540497,8.644970,8.731949,8.749332,8.784096,8.784096,8.818848,8.888317,8.818848,8.905678,8.888317,8.923035,9.027115,9.061775,9.148392,9.113758,9.252239,9.355976,9.407806,9.407806,9.407806,9.580376,9.614849,9.821461,9.821461,9.838661,9.958965,10.096279,10.130581,10.113426,10.284771,10.336117,10.472908,10.524147,10.643623,10.711826,10.797012,10.831066,11.035133,11.204865,11.323498,11.458900,11.509636,11.577221,11.712273,11.745995,11.964966,12.116257,12.166641,12.351128,12.250546,12.468342,12.602119,12.685638,12.702332,12.735714,12.785763,13.052223,12.985676,12.985676,13.118725,13.185173,13.201775,13.185173,13.234974,13.384232,13.433933,13.467049,13.483601,13.648983,13.748062,13.698540,13.830551,13.880009,14.258289,14.700352,15.205219,15.513241,16.077839,16.574867,17.196098,17.591946,18.095917,18.503151,18.939468,19.296127,19.635811,19.805107,19.835854,19.958702,19.774353,19.835854,19.789734,19.928017,19.943367,19.943367,19.958702,19.974052,19.866592,19.835854,19.943367,19.851219,19.666618,19.466148,19.373451,19.373451,19.296127,19.311600,19.296127,19.311600,19.373451,19.249695,19.666618,19.805107,19.481583,19.172256,19.001602,18.768341,18.861725,18.846176,18.877281,18.752762,19.001602,18.923927,18.737183,18.659248,18.331108,18.268456,18.268456,18.268456,18.158703,18.190071,18.127319,18.393715,18.284119,18.252785,17.686680,17.465477,17.259556,17.164352,17.084930,17.307125,18.190071,19.512459,17.938759,17.053143,16.638790,16.670738,16.606838,16.622818,16.494896,16.718632,17.037239,16.909943,16.798401,16.702667,16.606838,16.446873,16.446873,16.462883,16.414852,16.350758,16.302662,16.174263,16.222427,16.350758,16.334732,16.206375,16.093914,16.077839,15.981312,16.013500,15.997406,15.852440,15.981312,15.900787,15.707230,15.820190,15.642616,15.642616,15.561783,15.642616,15.351257,15.367474,15.335041,15.253925,15.140236,15.075207,15.026398,14.879829,14.879829,14.765656,14.733006,14.651337,14.667679,14.602299,14.651337,14.471405,14.323921,14.438644,14.258289,14.241875,14.209038,14.373108,14.258289,14.209038,14.192616,14.159763,14.258289,14.143326,14.094013,14.044678,14.011765,13.962376,14.077572,13.978848,13.962376,13.962376,13.814064,13.797565,13.847038,13.863529,13.830551,13.797565,13.764572,13.797565,13.830551,13.764572,13.731560,13.582870,13.648983,13.549789,13.516701,13.483601,13.533249,13.516701,13.367657,13.500156,13.367657,13.384232,13.450489,13.384232,13.351086,13.317928,13.334507,13.284760,13.268166,13.118725,13.035591,13.018955,12.935738,12.969040,12.852448,12.835777,12.835777,12.769081,12.802441,12.802441,12.735714,12.785763,12.769081,12.668941,12.568703,12.418129,12.568703,12.652241,12.501804,12.434868,12.468342,12.351128,12.384636,12.434868,12.334373,12.284077,12.367878,12.300850,12.317612,12.250546,12.317612,12.183426,12.133057,12.099461,12.049046,12.082661,11.998611,12.032238,11.948143,11.931309,11.863968,11.813431,11.813431,11.729134,11.611008,11.644768,11.627888,11.644768,11.560329,11.509636,11.374298,11.357365,11.306557,11.374298,11.323498,11.340439,11.272675,11.204865,11.221825,11.153976,11.238777,11.289619,11.204865,11.103065,11.204865,11.221825,11.272675,11.238777,11.238777,11.289619,11.238777,11.221825,11.238777,11.221825,11.052120,11.187904,11.103065,11.120033,11.170944,11.221825,11.221825,11.221825,11.170944,11.137009,11.137009,11.069107,11.001148,10.916145,10.899132,10.762939,10.660679,10.524147,10.387436,10.233398,10.113426,9.873051,9.907425,9.890244,9.821461,9.735428,9.528633,9.494129,9.338692,9.373260,9.286831,9.217640,9.113758,8.992432,9.027115,8.975086,9.009773,9.027115,8.957737,9.009773,8.923035,8.870953,8.853588,8.888317,8.853588,8.749332,8.714558,8.644970,8.766716,8.662369,8.575333,8.697163,8.592743,8.731949,8.592743,8.627563,8.557915,8.575333,8.523075,8.540497,8.418476,8.453358,8.505650,8.523075,8.505650,8.505650,8.505650,8.557915,8.540497,8.453358,8.505650,8.488220,8.470791,8.488220,8.575333,8.540497,8.435913,8.401035,8.435913,8.435913,8.453358,8.470791,8.383591,8.366138,8.348686,8.401035,8.401035,8.366138,8.296310,8.348686,8.348686,8.278851,8.243912,8.208961,8.156513,8.139027,8.139027,8.261383,8.139027,8.139027,8.121536,8.104042,8.016525,8.034035,7.806187,7.525059,7.472267,7.454662,7.419441,7.454662,7.472267,7.525059,7.612995,7.595413,7.718422,7.718422,7.718422,7.718422,7.595413,7.630577,7.718422,7.753536,7.718422,7.665718,7.648148,7.683289,7.577831,7.577831,7.683289,7.525059,7.472267,7.560242,7.525059,7.683289,7.718422,7.735977,7.823730,7.648148,7.788635,7.753536,7.612995,7.595413,7.700855,7.665718,7.612995,7.665718,7.683289,7.753536,7.648148,
8.226437,8.016525,8.156513,7.911411,8.086544,8.016525,8.104042,8.086544,8.086544,8.051544,8.139027,8.051544,8.016525,7.946465,7.981499,7.946465,8.069046,8.121536,8.069046,8.051544,7.981499,7.981499,7.806187,7.806187,7.823730,7.823730,7.806187,7.788635,7.735977,7.718422,7.718422,7.577831,7.560242,7.437057,7.489868,7.542656,7.542656,7.595413,7.366592,7.101940,6.748028,6.303955,6.000916,5.679108,5.284477,5.014572,4.725941,4.237133,3.709686,3.362751,3.271278,3.307877,3.417606,3.454159,3.618496,3.654976,3.819023,3.873646,3.891846,3.964630,4.037365,4.091881,4.200836,4.182686,4.255280,4.291550,4.418427,4.508957,4.508957,4.563248,4.653660,4.707874,4.581333,4.743999,4.725941,4.798172,4.780113,4.852314,4.852314,4.906425,4.852314,4.888393,4.816223,4.798172,4.888393,4.906425,4.924461,4.924461,4.942490,4.924461,4.978535,5.068611,5.014572,5.140610,5.068611,4.978535,5.104614,5.122616,5.140610,5.194580,5.212570,5.266499,5.266499,5.266499,5.302444,5.410194,5.410194,5.410194,5.464031,5.589546,5.481972,5.553699,5.589546,5.661201,5.697014,5.840134,5.893753,5.947346,6.090134,6.036610,6.125797,6.179276,6.357342,6.464035,6.499577,6.481804,6.730297,7.437057,8.697163,9.614849,9.838661,10.010487,9.993317,9.993317,9.941792,9.735428,9.666546,9.563126,9.252239,9.113758,9.044441,8.975086,8.836220,8.801476,8.714558,8.627563,8.679768,8.784096,8.610161,8.610161,8.453358,8.540497,8.592743,8.644970,8.679768,8.731949,8.697163,8.714558,8.697163,8.749332,8.697163,8.818848,8.923035,8.749332,8.766716,8.818848,8.836220,8.766716,8.610161,8.644970,8.731949,8.870953,8.853588,8.888317,8.801476,8.836220,8.818848,8.818848,8.766716,8.836220,8.836220,8.870953,8.784096,8.905678,8.888317,8.853588,8.905678,9.009773,9.079109,9.027115,9.200333,9.234943,9.200333,9.217640,9.234943,9.217640,9.252239,9.338692,9.407806,9.442345,9.459610,9.407806,9.442345,9.528633,9.459610,9.614849,9.545887,9.752644,9.735428,9.752644,9.890244,9.907425,9.993317,10.147728,10.164867,10.319000,10.387436,10.558300,10.694775,10.728870,10.797012,10.916145,11.120033,11.272675,11.425068,11.458900,11.509636,11.678528,11.813431,11.964966,12.049046,12.065849,12.200203,12.233765,12.367878,12.351128,12.568703,12.652241,12.702332,12.819115,12.952389,13.002323,13.168564,13.450489,13.847038,14.258289,14.781967,15.156490,15.658775,16.350758,16.830284,17.275417,17.702454,18.237114,18.768341,19.110237,19.512459,19.635811,19.635811,19.620399,19.712807,19.728195,19.805107,19.928017,19.943367,20.004730,20.004730,20.127319,20.554901,20.691849,20.326126,20.004730,19.897308,19.758972,19.805107,19.697411,19.651215,19.728195,19.635811,19.620399,19.712807,20.356674,20.646225,19.881943,19.512459,19.497025,19.543312,19.558739,19.435257,19.388908,19.666618,20.127319,20.188553,19.666618,19.234207,19.017136,18.861725,18.892838,18.830605,18.706017,18.643650,18.706017,18.846176,18.955009,18.970543,18.346760,18.158703,18.017372,17.923019,17.938759,18.001652,19.296127,20.980156,19.234207,18.346760,17.607742,17.481293,17.386341,17.418003,17.449657,17.497108,18.017372,17.860062,18.001652,17.828564,17.528736,17.322979,17.275417,17.259556,17.196098,17.275417,17.211967,17.069038,17.116711,17.196098,17.116711,17.132591,16.989529,16.989529,16.989529,16.957703,17.116711,16.925861,16.766499,16.862156,16.782452,16.925861,16.846222,16.734592,16.590855,16.494896,16.318695,16.077839,16.174263,15.997406,16.045673,16.029587,15.868561,15.787926,15.852440,15.852440,15.707230,15.771801,15.529427,15.432289,15.497055,15.335041,15.302612,15.270157,15.123981,15.058941,15.075207,15.107727,15.091465,14.993847,14.961281,14.993847,14.928707,14.912418,14.765656,14.749332,14.733006,14.634995,14.618649,14.553234,14.602299,14.422272,14.504147,14.340313,14.389496,14.274704,14.373108,14.110455,14.176193,14.356716,14.126900,14.094013,14.110455,14.077572,14.028225,14.044678,13.945911,13.995308,13.912971,13.929443,13.880009,13.830551,13.880009,13.781071,13.814064,13.830551,13.764572,13.814064,13.731560,13.748062,13.648983,13.533249,13.566330,13.533249,13.433933,13.351086,13.317928,13.284760,13.284760,13.234974,13.218376,13.251579,13.234974,13.102104,13.085476,13.035591,13.035591,12.969040,13.052223,12.985676,12.919083,12.952389,12.869114,12.852448,12.869114,12.802441,12.735714,12.702332,12.702332,12.668941,12.702332,12.668941,12.602119,12.652241,12.551975,12.551975,12.485077,12.501804,12.535263,12.485077,12.284077,12.351128,12.351128,12.233765,12.200203,12.082661,12.065849,12.049046,12.032238,11.998611,12.015423,11.880806,11.830276,11.712273,11.712273,11.863968,11.779716,11.712273,11.661655,11.712273,11.627888,11.729134,11.729134,11.762863,11.644768,11.611008,11.627888,11.678528,11.678528,11.745995,11.712273,11.695396,11.762863,11.661655,11.745995,11.695396,11.678528,11.661655,11.611008,11.611008,11.611008,11.627888,11.695396,11.712273,11.644768,11.712273,11.577221,11.509636,11.408150,11.374298,11.340439,11.323498,11.052120,10.950157,10.899132,10.711826,10.660679,10.472908,10.507072,10.387436,10.370338,10.216270,10.096279,9.907425,9.890244,9.804260,9.683773,9.563126,9.563126,9.528633,9.425079,9.373260,9.373260,9.373260,9.252239,9.373260,9.234943,9.286831,9.217640,9.183022,9.113758,9.044441,9.113758,9.079109,9.079109,8.940388,9.044441,8.957737,9.044441,9.009773,8.975086,8.905678,8.888317,9.009773,8.836220,8.870953,8.870953,8.784096,8.749332,8.888317,8.801476,8.766716,8.940388,8.818848,8.766716,8.836220,8.818848,8.784096,8.697163,8.766716,8.662369,8.610161,8.731949,8.749332,8.627563,8.679768,8.610161,8.679768,8.610161,8.662369,8.714558,8.610161,8.575333,8.627563,8.488220,8.418476,8.383591,8.366138,8.435913,8.348686,8.331230,8.243912,8.278851,8.366138,8.313774,8.243912,8.174004,8.104042,8.016525,7.928940,7.630577,7.454662,7.348972,7.437057,7.489868,7.384212,7.419441,7.437057,7.454662,7.419441,7.437057,7.437057,7.472267,7.437057,7.472267,7.384212,7.437057,7.419441,7.507469,7.454662,7.419441,7.437057,7.348972,7.437057,7.454662,7.401833,7.384212,7.384212,7.472267,7.437057,7.419441,7.348972,7.454662,7.419441,7.384212,7.489868,7.437057,7.454662,7.454662,7.401833,7.401833,7.419441,7.525059,7.525059,7.419441,
8.034035,7.911411,7.946465,7.911411,7.946465,7.928940,7.946465,7.946465,8.016525,7.911411,7.911411,7.841270,7.893879,7.858810,7.700855,7.665718,7.823730,7.771088,7.788635,7.753536,7.876347,7.718422,7.683289,7.542656,7.612995,7.507469,7.595413,7.577831,7.525059,7.489868,7.472267,7.366592,7.296085,7.296085,7.296085,7.260815,7.296085,7.137272,7.154926,7.048931,6.783474,6.410706,6.090134,5.768597,5.338371,5.086613,4.689812,4.291550,3.673222,3.344467,3.252968,3.252968,3.381042,3.454159,3.563744,3.545483,3.654976,3.673222,3.855442,3.910049,3.928246,4.019184,4.164528,4.273415,4.291550,4.508957,4.527058,4.581333,4.635590,4.725941,4.780113,4.870358,4.888393,4.870358,4.960514,4.960514,4.960514,5.050598,5.122616,5.032589,5.158604,5.176598,5.122616,5.176598,5.122616,5.104614,5.212570,5.140610,5.140610,5.230549,5.212570,5.194580,5.266499,5.284477,5.212570,5.176598,5.230549,5.284477,5.284477,5.320412,5.266499,5.266499,5.284477,5.392242,5.338371,5.410194,5.464031,5.428139,5.481972,5.553699,5.535770,5.499908,5.589546,5.679108,5.714912,5.786484,5.732807,5.804367,5.911625,5.893753,5.840134,5.822250,5.983063,6.107971,6.125797,6.161457,6.339550,6.677101,7.999016,9.286831,9.838661,10.182007,10.319000,10.216270,10.216270,10.130581,9.907425,9.752644,9.649315,9.494129,9.338692,9.234943,9.200333,9.079109,9.079109,8.992432,8.992432,8.975086,8.905678,8.818848,8.992432,8.870953,8.957737,8.975086,8.923035,8.940388,8.905678,8.905678,8.940388,9.027115,9.027115,9.044441,9.061775,8.957737,8.992432,8.992432,9.113758,9.061775,8.975086,8.888317,8.975086,9.009773,9.009773,9.061775,9.027115,8.975086,8.992432,8.975086,8.975086,8.888317,8.853588,8.853588,8.784096,8.888317,8.784096,8.697163,8.784096,9.009773,8.957737,9.009773,9.113758,9.061775,9.183022,9.096436,9.096436,9.183022,9.113758,9.183022,9.200333,9.183022,9.217640,9.200333,9.338692,9.373260,9.338692,9.269539,9.200333,9.165710,9.165710,9.079109,9.131081,9.148392,9.113758,9.131081,9.355976,9.234943,9.304119,9.407806,9.476868,9.511379,9.649315,9.718216,9.718216,9.873051,9.838661,9.873051,10.096279,10.096279,10.267654,10.387436,10.421631,10.592438,10.609497,10.575371,10.779976,10.984158,11.170944,11.170944,11.289619,11.526535,11.543430,11.661655,11.847122,12.015423,12.367878,12.635536,12.969040,13.467049,13.715046,14.340313,14.798294,15.140236,15.577946,16.270573,16.686703,17.307125,17.639320,17.891544,18.111610,18.158703,18.378067,18.690430,19.017136,18.846176,19.032661,19.156754,19.172256,19.512459,20.081375,21.040726,20.326126,19.805107,19.682014,19.574158,19.558739,19.589577,19.620399,19.728195,19.666618,19.651215,19.912659,20.463470,21.055855,20.112015,19.820488,19.743591,19.774353,19.820488,19.758972,19.835854,20.387207,21.040726,21.131470,20.096687,19.450706,19.327065,19.466148,19.327065,19.249695,19.156754,19.110237,19.203239,19.172256,19.187744,19.063705,18.908379,18.846176,18.690430,18.815041,19.001602,18.846176,20.326126,22.301529,20.265015,18.955009,18.409359,18.174385,18.158703,18.252785,18.268456,18.158703,18.518776,18.706017,19.032661,18.892838,18.409359,18.221436,18.127319,18.158703,18.158703,18.237114,18.111610,18.080215,18.033096,18.048801,17.923019,18.001652,17.985931,17.797050,17.702454,17.844315,18.064510,18.095917,17.828564,17.749767,17.733997,17.891544,17.954483,17.623531,17.481293,17.164352,16.989529,16.909943,16.941784,16.846222,16.862156,16.973614,16.798401,16.702667,16.957703,16.782452,16.750549,16.686703,16.622818,16.334732,16.446873,16.686703,16.510895,16.446873,16.206375,16.206375,16.061756,16.013500,16.109989,16.013500,15.997406,15.868561,15.981312,15.884674,15.691078,15.561783,15.577946,15.577946,15.561783,15.529427,15.432289,15.383682,15.383682,15.432289,15.172733,15.123981,15.123981,15.042671,15.010124,14.961281,14.896122,14.961281,14.863525,14.733006,14.749332,14.651337,14.684017,14.602299,14.569599,14.504147,14.471405,14.422272,14.356716,14.455032,14.455032,14.241875,14.307518,14.356716,14.258289,14.176193,14.126900,14.028225,13.978848,13.896488,13.962376,13.731560,13.731560,13.665508,13.698540,13.648983,13.648983,13.632454,13.533249,13.615929,13.599396,13.516701,13.467049,13.500156,13.351086,13.367657,13.367657,13.367657,13.334507,13.367657,13.334507,13.301342,13.151951,13.068855,13.118725,13.102104,13.118725,13.151951,13.151951,13.168564,13.002323,12.969040,12.952389,12.985676,12.885777,12.885777,12.719025,12.835777,12.819115,12.719025,12.685638,12.568703,12.568703,12.518532,12.451607,12.518532,12.451607,12.284077,12.233765,12.099461,12.250546,12.334373,12.300850,12.216988,12.082661,12.149849,12.183426,12.149849,12.133057,12.116257,12.166641,12.065849,12.200203,12.133057,12.183426,12.082661,12.216988,12.183426,12.166641,12.133057,12.200203,12.216988,12.267311,12.133057,12.216988,12.032238,12.099461,12.065849,12.065849,12.116257,12.015423,12.049046,12.032238,12.032238,11.931309,11.863968,11.847122,11.762863,11.644768,11.611008,11.408150,11.306557,11.221825,11.187904,11.069107,10.967159,10.967159,10.779976,10.694775,10.524147,10.353233,10.336117,10.113426,10.096279,10.079128,9.890244,9.924606,9.769852,9.718216,9.735428,9.718216,9.752644,9.752644,9.563126,9.528633,9.614849,9.476868,9.545887,9.528633,9.511379,9.390537,9.425079,9.355976,9.511379,9.321407,9.269539,9.338692,9.373260,9.373260,9.355976,9.304119,9.304119,9.217640,9.252239,9.269539,9.200333,9.217640,9.183022,9.113758,9.148392,9.044441,9.096436,9.131081,9.131081,9.061775,9.044441,8.957737,9.079109,8.975086,8.957737,8.905678,8.975086,9.027115,9.009773,8.905678,8.836220,8.836220,8.870953,8.836220,8.853588,8.766716,8.714558,8.697163,8.679768,8.592743,8.644970,8.662369,8.592743,8.488220,8.488220,8.383591,8.470791,8.401035,8.366138,8.174004,8.104042,7.735977,7.542656,7.525059,7.542656,7.507469,7.507469,7.595413,7.560242,7.419441,7.507469,7.507469,7.507469,7.454662,7.401833,7.437057,7.507469,7.437057,7.401833,7.419441,7.366592,7.437057,7.366592,7.384212,7.331345,7.331345,7.384212,7.384212,7.384212,7.348972,7.437057,7.313717,7.331345,7.313717,7.366592,7.331345,7.384212,7.331345,7.401833,7.331345,7.348972,7.401833,7.296085,7.384212,7.384212,7.278450,
8.069046,7.999016,7.963982,7.963982,7.963982,7.928940,7.841270,7.788635,7.806187,7.771088,7.788635,7.771088,7.753536,7.683289,7.665718,7.612995,7.560242,7.507469,7.595413,7.595413,7.507469,7.489868,7.507469,7.419441,7.366592,7.331345,7.384212,7.278450,7.348972,7.366592,7.190231,7.172585,7.190231,7.084278,7.066605,7.101940,7.031254,7.013577,6.765751,6.836617,6.641617,6.392914,6.036610,5.732807,5.248528,5.032589,4.798172,4.364071,3.709686,3.362751,3.381042,3.435883,3.508965,3.454159,3.545483,3.581997,3.618496,3.673222,3.855442,3.873646,4.001003,4.019184,4.182686,4.237133,4.345943,4.490860,4.545155,4.653660,4.671738,4.816223,4.942490,5.086613,5.032589,5.140610,5.230549,5.176598,5.338371,5.374290,5.374290,5.356339,5.446091,5.553699,5.499908,5.571625,5.392242,5.499908,5.499908,5.535770,5.481972,5.589546,5.446091,5.464031,5.356339,5.464031,5.428139,5.499908,5.535770,5.535770,5.464031,5.535770,5.589546,5.517838,5.481972,5.517838,5.589546,5.625381,5.589546,5.517838,5.732807,5.643291,5.679108,5.714912,5.732807,5.804367,5.840134,5.804367,5.840134,5.822250,5.875885,5.875885,5.929482,6.000916,6.125797,6.072296,6.090134,6.143627,6.179276,6.410706,7.207882,8.331230,9.183022,9.769852,10.044807,10.113426,10.164867,10.044807,9.958965,9.752644,9.632080,9.442345,9.390537,9.165710,9.217640,9.096436,8.992432,8.940388,8.905678,8.992432,8.923035,9.044441,9.200333,9.096436,9.044441,9.113758,9.079109,9.148392,9.044441,9.113758,9.079109,9.183022,9.183022,9.234943,9.355976,9.234943,9.200333,9.390537,9.407806,9.390537,9.338692,9.373260,9.459610,9.407806,9.425079,9.511379,9.494129,9.286831,9.321407,9.321407,9.217640,9.165710,9.113758,9.061775,8.992432,8.923035,8.905678,8.784096,8.853588,9.061775,9.027115,8.975086,9.009773,9.079109,8.940388,9.009773,9.027115,9.009773,9.027115,9.027115,8.975086,8.992432,9.044441,9.061775,9.217640,9.390537,9.269539,9.183022,9.269539,9.234943,9.131081,9.044441,9.044441,9.061775,8.940388,8.975086,8.992432,8.975086,9.061775,9.096436,9.096436,9.200333,9.165710,9.200333,9.200333,9.252239,9.304119,9.252239,9.234943,9.321407,9.425079,9.476868,9.355976,9.425079,9.442345,9.459610,9.632080,9.683773,9.580376,9.752644,9.838661,9.941792,9.993317,10.147728,10.250530,10.284771,10.524147,10.711826,10.797012,11.001148,11.374298,11.458900,11.678528,11.914482,12.384636,12.618832,12.852448,13.251579,13.632454,13.945911,14.192616,14.455032,14.928707,15.221458,15.642616,15.884674,16.174263,16.446873,16.606838,16.973614,17.639320,18.690430,18.205757,17.765533,17.781296,18.033096,18.268456,18.315449,18.550014,18.783913,18.783913,18.939468,19.048180,19.666618,19.943367,19.574158,19.388908,19.450706,19.527885,19.728195,19.697411,19.712807,19.897308,20.904388,20.752632,19.835854,19.481583,19.450706,19.558739,19.574158,19.358002,19.342529,19.481583,19.543312,19.466148,19.311600,19.296127,19.450706,19.774353,19.419815,19.373451,19.527885,19.311600,21.703751,23.380226,20.478722,19.296127,18.908379,18.799477,18.815041,18.861725,18.923927,18.939468,18.892838,19.466148,19.912659,19.589577,19.296127,19.435257,19.172256,18.923927,18.986076,19.079224,19.125748,19.141251,18.923927,18.830605,18.752762,18.690430,18.768341,18.612450,18.565624,18.581238,18.737183,18.877281,18.737183,18.550014,18.612450,18.783913,18.939468,18.534397,18.190071,18.095917,17.797050,18.095917,18.111610,17.844315,17.797050,17.718227,17.607742,17.639320,17.702454,17.623531,17.591946,17.481293,17.591946,17.655106,17.560349,17.797050,17.718227,17.686680,17.354664,17.338821,17.132591,16.973614,17.069038,17.180225,17.069038,17.005432,17.084930,17.037239,16.798401,16.670738,16.638790,16.574867,16.558876,16.350758,16.334732,16.254528,16.478889,16.398830,16.366791,16.222427,16.126068,16.045673,15.949108,16.077839,16.013500,15.787926,15.642616,15.529427,15.594124,15.642616,15.561783,15.448486,15.432289,15.335041,15.335041,15.221458,15.172733,15.042671,15.058941,15.075207,15.075207,14.961281,14.879829,14.879829,14.749332,14.700352,14.618649,14.684017,14.618649,14.536880,14.356716,14.422272,14.373108,14.209038,14.192616,14.110455,14.209038,14.061119,14.061119,14.061119,13.995308,13.896488,13.896488,13.830551,13.912971,13.847038,13.830551,13.814064,13.682022,13.615929,13.715046,13.599396,13.549789,13.615929,13.549789,13.648983,13.566330,13.582870,13.433933,13.516701,13.384232,13.433933,13.367657,13.317928,13.201775,13.268166,13.234974,13.052223,13.052223,13.168564,13.068855,12.919083,12.952389,12.819115,12.852448,12.769081,12.719025,12.535263,12.719025,12.719025,12.735714,12.652241,12.602119,12.602119,12.535263,12.585411,12.602119,12.618832,12.685638,12.635536,12.585411,12.602119,12.602119,12.602119,12.719025,12.769081,12.702332,12.752399,12.719025,12.735714,12.618832,12.602119,12.585411,12.535263,12.568703,12.585411,12.652241,12.501804,12.602119,12.535263,12.585411,12.518532,12.434868,12.418129,12.300850,12.300850,12.200203,12.166641,12.082661,11.964966,11.964966,11.880806,11.712273,11.627888,11.594112,11.441990,11.289619,11.103065,10.950157,10.762939,10.609497,10.524147,10.455822,10.421631,10.319000,10.216270,10.301891,10.319000,10.250530,10.267654,10.164867,10.182007,10.079128,10.113426,10.061974,9.941792,9.993317,9.993317,9.907425,9.958965,9.804260,9.821461,9.855862,9.855862,9.821461,9.855862,9.838661,9.752644,9.769852,9.683773,9.666546,9.597610,9.614849,9.632080,9.614849,9.580376,9.580376,9.632080,9.494129,9.580376,9.511379,9.494129,9.511379,9.459610,9.425079,9.511379,9.373260,9.321407,9.304119,9.304119,9.269539,9.183022,9.286831,9.234943,9.200333,9.183022,9.200333,9.200333,9.183022,9.183022,9.061775,9.044441,9.079109,9.027115,8.957737,8.923035,8.923035,8.836220,8.888317,8.766716,8.697163,8.610161,8.575333,8.243912,7.893879,7.858810,7.841270,7.735977,7.683289,7.700855,7.771088,7.841270,7.771088,7.700855,7.735977,7.648148,7.665718,7.630577,7.595413,7.630577,7.577831,7.454662,7.595413,7.577831,7.542656,7.560242,7.525059,7.525059,7.454662,7.401833,7.401833,7.472267,7.454662,7.454662,7.489868,7.525059,7.454662,7.419441,7.401833,7.419441,7.401833,7.401833,7.489868,7.401833,7.419441,7.401833,7.437057,7.401833,7.401833,
8.331230,8.313774,8.313774,8.191483,8.174004,8.208961,7.999016,8.069046,8.139027,7.981499,8.016525,7.893879,7.823730,7.858810,7.806187,7.876347,7.771088,7.665718,7.665718,7.595413,7.454662,7.454662,7.419441,7.366592,7.401833,7.331345,7.278450,7.190231,7.190231,7.225533,7.260815,7.101940,7.119606,6.942829,6.942829,6.801193,6.836617,6.836617,6.659363,6.677101,6.659363,6.303955,6.107971,5.661201,5.428139,5.140610,4.906425,4.345943,3.891846,3.381042,3.472427,3.435883,3.381042,3.454159,3.508965,3.435883,3.636738,3.727913,3.837234,3.873646,3.928246,4.055538,4.182686,4.273415,4.382195,4.581333,4.563248,4.816223,4.852314,4.996559,5.194580,5.212570,5.338371,5.428139,5.374290,5.356339,5.517838,5.535770,5.607468,5.661201,5.625381,5.661201,5.643291,5.822250,5.804367,5.875885,5.947346,5.840134,5.750706,5.804367,5.750706,5.750706,5.804367,5.840134,5.840134,5.750706,5.858009,5.768597,5.822250,5.786484,5.750706,5.840134,5.875885,5.804367,6.018761,5.840134,5.893753,5.858009,6.000916,5.893753,5.983063,6.090134,6.054455,6.179276,6.125797,6.072296,6.125797,6.143627,6.143627,6.072296,6.214916,6.143627,6.250534,6.268349,6.286148,6.143627,6.303955,6.392914,6.606125,7.296085,8.383591,9.407806,9.907425,10.096279,10.096279,10.147728,10.027649,9.787056,9.649315,9.563126,9.338692,9.061775,9.009773,8.940388,8.870953,8.784096,8.697163,8.610161,8.714558,8.766716,8.679768,8.784096,8.870953,8.905678,8.957737,9.009773,9.096436,9.113758,9.009773,8.940388,9.044441,9.131081,9.200333,9.234943,9.286831,9.338692,9.459610,9.425079,9.511379,9.528633,9.580376,9.683773,9.649315,9.683773,9.666546,9.476868,9.476868,9.459610,9.442345,9.528633,9.476868,9.528633,9.459610,9.442345,9.355976,9.321407,9.373260,9.442345,9.355976,9.234943,9.355976,9.269539,9.252239,9.096436,9.234943,9.044441,8.957737,8.975086,8.905678,8.957737,9.027115,9.079109,9.131081,9.269539,9.269539,9.269539,9.269539,9.338692,9.425079,9.425079,9.442345,9.286831,9.304119,9.355976,9.269539,9.234943,9.148392,9.286831,9.304119,9.321407,9.286831,9.338692,9.407806,9.321407,9.269539,9.217640,9.165710,9.338692,9.338692,9.321407,9.321407,9.234943,9.269539,9.321407,9.252239,9.165710,9.165710,9.131081,9.304119,9.304119,9.234943,9.338692,9.338692,9.476868,9.528633,9.476868,9.494129,9.580376,9.614849,9.735428,9.649315,9.821461,9.958965,10.079128,10.233398,10.370338,10.524147,10.541225,10.848083,10.967159,11.120033,11.204865,11.509636,11.729134,11.897648,12.166641,12.434868,12.752399,13.118725,13.715046,13.682022,13.682022,13.880009,14.241875,14.536880,14.749332,15.156490,15.351257,15.545601,15.933002,16.142136,16.526890,16.846222,17.132591,17.227837,17.418003,17.639320,17.781296,18.080215,18.252785,18.362411,18.706017,18.752762,18.612450,18.565624,18.752762,18.939468,19.001602,19.094734,18.908379,18.970543,19.156754,19.404366,19.435257,19.419815,19.558739,19.604988,19.265175,19.280655,19.032661,19.435257,22.286644,23.789780,20.432976,19.373451,19.156754,19.156754,19.358002,19.435257,19.419815,19.358002,19.497025,20.341400,20.219147,19.912659,20.127319,20.767830,20.326126,19.651215,19.789734,20.127319,19.712807,19.497025,19.404366,19.497025,19.712807,19.589577,19.604988,19.435257,19.450706,19.280655,19.280655,19.497025,19.558739,19.512459,19.419815,19.373451,19.358002,19.125748,18.908379,18.830605,18.861725,19.497025,19.527885,18.923927,18.721603,18.721603,18.783913,18.955009,18.706017,18.424995,18.362411,18.284119,18.690430,19.048180,18.612450,18.659248,18.534397,18.643650,18.471905,18.550014,18.268456,17.954483,18.190071,18.143013,17.875805,17.954483,18.048801,18.158703,18.268456,17.985931,17.702454,17.481293,17.512928,17.275417,17.211967,17.132591,17.354664,17.386341,17.528736,17.433830,17.418003,17.084930,17.005432,16.925861,16.606838,16.558876,16.414852,16.446873,16.478889,16.446873,16.510895,16.398830,16.318695,16.174263,16.286617,16.013500,16.045673,15.997406,16.029587,15.981312,15.868561,15.836315,15.900787,15.771801,15.561783,15.577946,15.529427,15.529427,15.497055,15.383682,15.172733,15.140236,15.123981,15.205219,14.977566,14.928707,14.879829,14.814606,14.716679,14.667679,14.651337,14.684017,14.585953,14.602299,14.455032,14.504147,14.504147,14.356716,14.340313,14.225464,14.159763,14.077572,14.077572,14.126900,13.995308,14.077572,14.077572,14.044678,14.028225,13.995308,13.962376,13.896488,13.880009,13.731560,13.764572,13.615929,13.615929,13.665508,13.549789,13.483601,13.483601,13.400806,13.218376,13.234974,13.201775,13.218376,13.168564,12.935738,13.201775,13.185173,13.068855,13.068855,13.052223,13.018955,12.952389,12.952389,12.985676,12.969040,13.002323,13.035591,13.052223,13.085476,13.118725,13.185173,13.185173,13.102104,13.218376,13.068855,13.168564,13.102104,13.102104,13.035591,13.002323,13.002323,13.002323,13.085476,13.068855,13.068855,13.018955,13.002323,13.052223,13.002323,12.885777,12.885777,12.835777,12.769081,12.702332,12.652241,12.652241,12.652241,12.551975,12.367878,12.334373,12.216988,12.183426,12.183426,11.897648,11.695396,11.661655,11.306557,11.170944,11.120033,10.933151,10.933151,10.848083,10.797012,10.882126,10.814041,10.814041,10.745911,10.745911,10.660679,10.660679,10.643623,10.558300,10.455822,10.472908,10.507072,10.438725,10.370338,10.353233,10.336117,10.267654,10.301891,10.284771,10.284771,10.250530,10.250530,10.096279,10.079128,10.079128,10.027649,10.027649,10.027649,9.976139,9.941792,10.010487,9.941792,9.976139,9.907425,9.890244,9.873051,9.821461,9.821461,9.838661,9.787056,9.855862,9.700993,9.752644,9.683773,9.597610,9.700993,9.632080,9.580376,9.683773,9.580376,9.597610,9.563126,9.494129,9.545887,9.459610,9.425079,9.338692,9.355976,9.338692,9.217640,9.252239,9.286831,9.165710,9.113758,8.975086,8.940388,8.801476,8.540497,8.086544,8.104042,8.069046,8.051544,7.981499,7.981499,7.841270,8.016525,7.946465,7.963982,7.858810,7.893879,7.946465,7.893879,7.858810,7.753536,7.858810,7.823730,7.823730,7.771088,7.665718,7.753536,7.753536,7.771088,7.788635,7.771088,7.753536,7.753536,7.753536,7.665718,7.683289,7.683289,7.718422,7.718422,7.735977,7.612995,7.753536,7.753536,7.612995,7.630577,7.648148,7.630577,7.489868,7.489868,7.507469,
8.697163,8.627563,8.575333,8.505650,8.505650,8.505650,8.523075,8.488220,8.453358,8.296310,8.296310,8.418476,8.226437,8.121536,8.139027,8.104042,8.051544,8.121536,7.893879,7.928940,7.753536,7.788635,7.718422,7.683289,7.542656,7.595413,7.401833,7.437057,7.296085,7.366592,7.278450,7.207882,7.048931,6.925133,6.889732,6.836617,6.836617,6.641617,6.570625,6.623875,6.446259,6.250534,6.125797,5.750706,5.464031,5.302444,5.086613,4.527058,3.891846,3.618496,3.417606,3.527222,3.490696,3.545483,3.563744,3.636738,3.727913,3.691456,3.746143,3.891846,4.037365,4.182686,4.327812,4.382195,4.527058,4.798172,4.743999,4.996559,5.104614,5.320412,5.392242,5.410194,5.446091,5.607468,5.625381,5.679108,5.786484,5.822250,5.858009,5.929482,5.893753,6.000916,5.893753,6.036610,6.072296,6.054455,6.054455,6.143627,6.179276,6.197094,6.125797,6.179276,6.197094,6.197094,6.125797,6.214916,6.268349,6.250534,6.303955,6.321754,6.339550,6.303955,6.392914,6.428486,6.375134,6.392914,6.428486,6.499577,6.499577,6.535103,6.499577,6.517342,6.588379,6.765751,6.623875,6.588379,6.535103,6.499577,6.588379,6.517342,6.588379,6.570625,6.552864,6.641617,6.641617,6.606125,6.588379,6.606125,6.783474,7.066605,8.174004,9.390537,9.976139,10.353233,10.438725,10.370338,10.233398,10.147728,9.924606,9.752644,9.580376,9.304119,9.061775,8.888317,8.731949,8.644970,8.627563,8.453358,8.488220,8.540497,8.610161,8.523075,8.435913,8.505650,8.627563,8.749332,8.749332,8.610161,8.766716,8.818848,8.784096,8.801476,8.905678,8.888317,8.888317,9.009773,9.061775,9.079109,9.096436,9.234943,9.321407,9.442345,9.476868,9.511379,9.494129,9.425079,9.425079,9.407806,9.407806,9.545887,9.511379,9.563126,9.528633,9.494129,9.545887,9.494129,9.563126,9.597610,9.614849,9.649315,9.649315,9.649315,9.614849,9.614849,9.666546,9.563126,9.494129,9.286831,9.321407,9.390537,9.545887,9.545887,9.597610,9.666546,9.752644,9.683773,9.666546,9.821461,9.787056,9.752644,9.838661,9.804260,9.821461,9.838661,9.735428,9.614849,9.580376,9.545887,9.476868,9.563126,9.511379,9.614849,9.563126,9.511379,9.476868,9.338692,9.234943,9.321407,9.494129,9.494129,9.390537,9.304119,9.355976,9.442345,9.373260,9.165710,9.217640,9.113758,9.234943,9.269539,9.269539,9.234943,9.200333,9.113758,9.061775,9.027115,9.009773,9.148392,9.217640,9.286831,9.252239,9.321407,9.407806,9.528633,9.476868,9.407806,9.494129,9.476868,9.683773,9.666546,9.649315,9.700993,9.718216,9.752644,9.855862,9.958965,9.941792,10.027649,10.061974,10.199139,10.284771,10.438725,10.592438,10.609497,10.916145,11.035133,11.170944,11.289619,11.458900,11.611008,11.847122,12.116257,12.384636,12.769081,13.068855,13.268166,13.367657,13.665508,13.962376,14.225464,14.553234,14.798294,15.026398,15.205219,15.480865,15.804058,15.997406,16.494896,16.846222,16.734592,16.830284,17.180225,17.433830,17.607742,17.891544,18.017372,18.064510,18.143013,18.174385,17.875805,18.127319,20.661438,22.316414,19.527885,18.674843,18.596848,18.846176,18.970543,19.450706,19.666618,19.404366,19.404366,20.096687,20.219147,19.728195,20.157944,20.767830,20.615799,19.820488,19.851219,20.127319,19.728195,19.620399,19.835854,20.448227,20.737442,20.341400,19.881943,19.805107,19.851219,19.651215,19.682014,19.805107,19.774353,19.835854,19.758972,19.635811,19.651215,19.497025,19.527885,19.527885,19.682014,20.585358,20.524437,19.743591,19.450706,19.543312,19.743591,19.743591,19.712807,19.342529,19.094734,18.970543,19.527885,20.035400,19.943367,19.450706,19.265175,19.758972,19.373451,19.358002,19.048180,18.892838,18.923927,18.815041,18.565624,18.487526,18.706017,19.311600,19.527885,19.141251,19.187744,19.048180,18.565624,18.346760,18.127319,18.158703,18.127319,18.378067,18.565624,18.487526,18.518776,18.143013,17.812809,17.923019,17.591946,17.402172,17.418003,17.243698,17.243698,17.497108,17.860062,17.733997,17.402172,17.481293,17.322979,17.180225,16.973614,17.037239,17.275417,17.037239,16.909943,16.878090,16.798401,16.798401,16.478889,16.462883,16.446873,16.542885,16.510895,16.238480,16.109989,16.158203,16.013500,15.981312,15.836315,15.884674,15.739521,15.642616,15.691078,15.723377,15.691078,15.561783,15.432289,15.383682,15.432289,15.286385,15.156490,15.302612,15.172733,15.156490,15.091465,15.042671,15.042671,14.912418,14.879829,14.847221,14.798294,14.781967,14.765656,14.618649,14.684017,14.618649,14.602299,14.307518,14.389496,14.340313,14.225464,14.241875,14.126900,14.028225,14.011765,13.945911,13.863529,13.781071,13.632454,13.516701,13.500156,13.384232,13.632454,13.797565,13.731560,13.483601,13.450489,13.467049,13.483601,13.483601,13.417366,13.533249,13.450489,13.582870,13.533249,13.516701,13.665508,13.648983,13.682022,13.615929,13.632454,13.632454,13.599396,13.500156,13.533249,13.500156,13.500156,13.582870,13.533249,13.483601,13.549789,13.549789,13.632454,13.467049,13.417366,13.334507,13.334507,13.334507,13.367657,13.317928,13.268166,13.135342,13.234974,13.085476,13.102104,13.068855,13.035591,12.919083,12.802441,12.785763,12.652241,12.401375,12.183426,12.049046,11.729134,11.712273,11.661655,11.577221,11.475815,11.408150,11.458900,11.357365,11.374298,11.374298,11.238777,11.238777,11.255722,11.137009,11.170944,11.170944,11.221825,10.984158,11.069107,10.899132,10.916145,10.899132,10.797012,10.848083,10.814041,10.762939,10.711826,10.762939,10.609497,10.677727,10.541225,10.609497,10.455822,10.438725,10.489990,10.489990,10.421631,10.455822,10.404537,10.455822,10.353233,10.336117,10.353233,10.267654,10.404537,10.370338,10.199139,10.250530,10.164867,10.199139,10.182007,10.199139,10.182007,10.044807,10.044807,10.061974,9.993317,10.130581,10.010487,9.924606,9.958965,9.821461,9.873051,9.821461,9.787056,9.666546,9.700993,9.597610,9.580376,9.580376,9.476868,9.286831,9.113758,8.870953,8.592743,8.540497,8.331230,8.366138,8.313774,8.278851,8.278851,8.261383,8.383591,8.278851,8.226437,8.278851,8.104042,8.191483,8.243912,8.191483,8.121536,8.156513,8.086544,8.069046,8.016525,8.139027,8.086544,8.121536,8.174004,8.016525,8.086544,8.051544,8.034035,8.016525,8.016525,7.963982,7.999016,8.016525,7.928940,7.946465,8.051544,7.946465,7.928940,7.963982,7.911411,7.928940,7.806187,7.806187,7.806187,
9.148392,9.131081,9.027115,8.923035,8.905678,8.888317,8.923035,8.836220,8.766716,8.801476,8.731949,8.697163,8.679768,8.610161,8.505650,8.401035,8.418476,8.278851,8.313774,8.243912,8.261383,8.156513,8.034035,7.999016,7.928940,7.946465,7.858810,7.753536,7.735977,7.665718,7.718422,7.507469,7.454662,7.296085,7.066605,7.190231,6.925133,6.925133,6.818905,6.694839,6.606125,6.357342,6.125797,5.947346,5.804367,5.535770,5.248528,4.490860,3.855442,3.618496,3.563744,3.563744,3.508965,3.581997,3.673222,3.709686,3.727913,3.800804,3.873646,4.037365,4.200836,4.291550,4.418427,4.527058,4.599422,4.906425,4.960514,5.212570,5.338371,5.481972,5.553699,5.661201,5.714912,5.786484,5.768597,5.983063,5.965206,5.983063,6.107971,6.107971,6.197094,6.143627,6.197094,6.179276,6.392914,6.303955,6.481804,6.286148,6.552864,6.410706,6.375134,6.481804,6.357342,6.375134,6.428486,6.428486,6.517342,6.517342,6.552864,6.552864,6.677101,6.677101,6.694839,6.606125,6.818905,6.765751,6.818905,6.730297,6.836617,6.907440,6.925133,6.925133,6.960518,7.048931,6.995895,7.154926,7.048931,6.978207,7.013577,6.942829,6.978207,6.978207,7.084278,7.013577,6.942829,6.960518,7.084278,6.995895,6.925133,7.084278,7.928940,9.304119,10.147728,10.609497,10.694775,10.745911,10.541225,10.387436,10.250530,9.958965,9.752644,9.459610,9.338692,8.992432,8.784096,8.575333,8.557915,8.331230,8.453358,8.366138,8.208961,7.981499,8.121536,8.121536,8.226437,8.296310,8.348686,8.366138,8.418476,8.435913,8.401035,8.488220,8.505650,8.575333,8.575333,8.435913,8.627563,8.505650,8.575333,8.610161,8.940388,8.992432,9.079109,9.061775,9.252239,9.269539,9.286831,9.234943,9.200333,9.234943,9.390537,9.442345,9.442345,9.425079,9.373260,9.355976,9.390537,9.528633,9.545887,9.597610,9.580376,9.614849,9.735428,9.700993,9.597610,9.649315,9.545887,9.442345,9.528633,9.718216,9.890244,9.941792,9.958965,10.061974,10.044807,9.993317,9.993317,10.147728,10.079128,10.096279,10.044807,10.182007,10.147728,10.216270,10.079128,10.010487,9.958965,9.787056,9.787056,9.958965,10.010487,9.924606,9.821461,9.735428,9.649315,9.666546,9.563126,9.528633,9.718216,9.649315,9.528633,9.476868,9.407806,9.511379,9.494129,9.407806,9.321407,9.304119,9.304119,9.321407,9.390537,9.286831,9.183022,9.009773,8.940388,8.940388,8.957737,9.027115,8.940388,8.940388,8.870953,9.079109,9.096436,9.217640,9.165710,9.200333,9.252239,9.390537,9.494129,9.425079,9.407806,9.425079,9.494129,9.494129,9.476868,9.425079,9.442345,9.459610,9.459610,9.355976,9.459610,9.597610,9.563126,9.632080,9.700993,9.752644,9.700993,9.787056,9.787056,9.769852,9.907425,9.958965,9.907425,10.061974,10.199139,10.250530,10.319000,10.507072,10.541225,10.779976,10.831066,11.001148,11.086086,11.289619,11.458900,11.678528,11.762863,12.116257,12.418129,12.434868,12.668941,12.902435,13.268166,13.483601,13.847038,14.061119,14.192616,14.520515,14.700352,14.749332,14.291111,15.172733,17.560349,16.542885,16.142136,16.366791,16.638790,16.957703,17.860062,18.393715,18.111610,18.080215,18.503151,18.706017,18.550014,18.877281,19.373451,19.589577,19.094734,19.094734,19.172256,19.187744,19.249695,19.881943,20.874062,21.010437,20.478722,19.835854,19.620399,19.728195,19.851219,19.666618,19.789734,19.774353,19.774353,19.774353,19.666618,19.697411,19.712807,19.851219,20.173248,20.249733,20.524437,20.448227,19.758972,19.758972,19.851219,19.897308,19.912659,19.805107,19.574158,19.342529,19.419815,19.866592,20.934708,21.025589,20.188553,19.743591,19.789734,19.435257,19.466148,19.358002,19.388908,19.497025,19.512459,19.342529,19.280655,19.342529,19.989395,20.402458,20.524437,20.600578,20.295578,19.820488,19.620399,19.203239,19.296127,19.296127,19.358002,19.311600,19.110237,19.187744,18.955009,18.752762,18.659248,18.440628,18.315449,18.331108,18.378067,18.331108,18.534397,18.908379,18.877281,18.409359,18.409359,18.331108,17.954483,17.970207,18.158703,18.424995,18.064510,18.001652,17.938759,17.797050,17.828564,17.544540,17.243698,17.481293,17.560349,17.418003,17.322979,17.180225,17.211967,16.909943,16.702667,16.702667,16.814339,16.814339,16.670738,16.558876,16.606838,16.510895,16.254528,16.206375,16.206375,16.254528,16.206375,16.174263,16.206375,16.045673,16.029587,15.981312,15.900787,16.013500,15.997406,15.787926,15.610291,15.658775,15.594124,15.513241,15.513241,15.480865,15.432289,15.448486,15.351257,15.172733,15.107727,15.042671,14.961281,14.847221,14.814606,14.765656,14.749332,14.536880,14.455032,14.307518,14.225464,14.143326,14.044678,14.667679,14.667679,14.356716,14.323921,14.077572,13.978848,14.110455,14.044678,14.126900,14.323921,14.159763,14.274704,14.159763,14.192616,14.274704,14.258289,14.274704,14.241875,14.126900,14.126900,14.044678,14.225464,14.192616,14.077572,14.143326,14.061119,14.077572,13.929443,14.028225,14.061119,14.126900,13.995308,13.945911,13.847038,13.797565,13.830551,13.863529,13.715046,13.665508,13.715046,13.748062,13.582870,13.665508,13.599396,13.599396,13.467049,13.467049,13.450489,13.185173,13.085476,12.835777,12.735714,12.418129,12.284077,12.233765,12.049046,12.082661,12.049046,12.032238,12.015423,11.981785,11.964966,11.847122,11.779716,11.712273,11.695396,11.813431,11.560329,11.661655,11.560329,11.543430,11.543430,11.425068,11.289619,11.306557,11.340439,11.221825,11.187904,11.272675,11.255722,11.187904,11.120033,11.137009,11.018150,11.086086,11.018150,10.984158,10.967159,10.950157,10.916145,10.865101,10.933151,10.865101,10.848083,10.779976,10.797012,10.831066,10.814041,10.762939,10.762939,10.677727,10.728870,10.575371,10.609497,10.507072,10.507072,10.541225,10.524147,10.455822,10.524147,10.404537,10.336117,10.267654,10.216270,10.301891,10.096279,10.182007,10.164867,10.130581,10.130581,9.924606,9.907425,9.718216,9.718216,9.563126,9.217640,8.818848,8.784096,8.749332,8.697163,8.644970,8.627563,8.557915,8.662369,8.644970,8.557915,8.523075,8.505650,8.557915,8.505650,8.540497,8.453358,8.470791,8.366138,8.383591,8.296310,8.383591,8.348686,8.435913,8.366138,8.435913,8.348686,8.296310,8.278851,8.174004,8.261383,8.313774,8.296310,8.296310,8.191483,8.261383,8.174004,8.226437,8.226437,8.174004,8.313774,8.226437,8.086544,8.104042,8.034035,8.034035,
9.666546,9.494129,9.511379,9.476868,9.390537,9.355976,9.304119,9.286831,9.200333,9.148392,9.183022,9.200333,9.061775,9.027115,9.044441,8.957737,8.853588,8.714558,8.644970,8.644970,8.662369,8.627563,8.592743,8.505650,8.366138,8.226437,8.243912,8.226437,8.069046,8.016525,8.086544,7.893879,7.806187,7.665718,7.560242,7.401833,7.278450,7.190231,7.207882,6.907440,6.748028,6.588379,6.499577,6.339550,5.983063,5.804367,5.338371,4.653660,3.891846,3.764370,3.600243,3.527222,3.618496,3.636738,3.691456,3.636738,3.782589,3.928246,4.019184,4.055538,4.073711,4.400314,4.400314,4.635590,4.942490,4.960514,5.140610,5.499908,5.607468,5.553699,5.804367,5.947346,6.000916,6.000916,6.125797,6.303955,6.321754,6.375134,6.392914,6.499577,6.428486,6.446259,6.588379,6.677101,6.552864,6.588379,6.712570,6.659363,6.730297,6.730297,6.765751,6.677101,6.712570,6.677101,6.748028,6.712570,6.801193,6.854328,6.818905,6.854328,6.854328,6.854328,6.889732,6.854328,7.031254,7.084278,7.296085,7.154926,7.101940,7.154926,7.154926,7.243172,7.172585,7.278450,7.366592,7.401833,7.366592,7.384212,7.437057,7.384212,7.560242,7.401833,7.454662,7.454662,7.401833,7.401833,7.401833,7.401833,7.278450,7.437057,7.893879,9.269539,10.319000,10.916145,11.069107,11.204865,11.086086,10.984158,10.797012,10.507072,10.336117,9.804260,9.494129,9.200333,9.183022,8.940388,8.923035,8.836220,8.662369,8.540497,8.139027,8.051544,8.086544,8.156513,8.243912,8.243912,8.208961,8.366138,8.366138,8.418476,8.418476,8.348686,8.331230,8.366138,8.348686,8.401035,8.261383,8.226437,8.121536,8.418476,8.784096,8.940388,9.009773,9.061775,9.113758,9.131081,9.148392,9.183022,9.113758,9.165710,9.234943,9.321407,9.304119,9.355976,9.286831,9.148392,9.252239,9.286831,9.269539,9.373260,9.373260,9.407806,9.407806,9.545887,9.494129,9.563126,9.476868,9.511379,9.459610,9.563126,9.804260,9.735428,9.838661,9.993317,9.976139,10.010487,9.941792,10.061974,10.010487,9.993317,10.044807,10.284771,10.216270,10.182007,10.164867,10.147728,9.958965,9.924606,10.010487,10.061974,10.061974,9.976139,9.924606,9.907425,9.976139,9.958965,9.976139,9.993317,9.941792,9.907425,9.735428,9.821461,9.769852,9.821461,9.666546,9.666546,9.649315,9.614849,9.580376,9.494129,9.494129,9.494129,9.338692,9.044441,8.940388,8.853588,9.009773,9.183022,9.061775,8.818848,8.627563,8.697163,8.801476,8.888317,8.940388,8.923035,9.096436,9.096436,9.113758,9.148392,9.252239,9.200333,9.252239,9.390537,9.269539,9.252239,9.183022,9.217640,9.113758,9.096436,9.165710,9.304119,9.355976,9.528633,9.580376,9.614849,9.528633,9.597610,9.597610,9.580376,9.649315,9.511379,9.459610,9.476868,9.597610,9.614849,9.632080,9.649315,9.580376,9.545887,9.632080,9.476868,9.649315,9.614849,9.700993,9.614849,9.683773,9.752644,9.821461,9.838661,9.873051,10.096279,10.199139,10.199139,10.336117,10.404537,10.575371,10.609497,10.728870,10.762939,10.626560,10.592438,11.981785,11.779716,11.678528,11.981785,12.300850,12.685638,13.483601,13.962376,13.863529,14.011765,14.373108,14.814606,14.961281,15.302612,15.626457,16.174263,16.238480,16.414852,16.686703,16.862156,17.259556,17.733997,18.581238,18.877281,18.518776,18.190071,18.205757,18.487526,18.830605,18.815041,18.846176,18.939468,18.939468,19.141251,19.187744,19.249695,19.404366,19.835854,20.096687,19.928017,19.651215,19.712807,19.466148,19.620399,19.851219,19.943367,19.897308,19.820488,19.666618,19.697411,19.912659,20.631012,21.433205,21.418152,20.631012,19.789734,19.543312,19.466148,19.589577,19.743591,20.432976,20.752632,20.295578,19.958702,19.682014,19.682014,20.402458,20.889229,21.628693,21.327736,20.843719,20.615799,20.035400,19.912659,20.570129,20.980156,20.570129,20.004730,19.635811,19.958702,20.020065,19.958702,19.620399,19.311600,19.404366,19.682014,19.758972,19.373451,19.450706,19.543312,19.419815,19.110237,19.172256,19.017136,18.970543,18.923927,19.125748,19.017136,18.892838,19.032661,18.877281,18.628052,18.783913,18.393715,18.158703,18.315449,18.596848,18.550014,18.487526,18.596848,18.315449,17.970207,17.655106,17.670891,17.812809,17.828564,17.607742,17.528736,17.544540,17.449657,17.275417,17.053143,17.227837,17.132591,17.322979,17.148476,17.132591,17.021339,17.100819,16.973614,16.718632,16.957703,17.053143,16.766499,16.686703,16.654766,16.654766,16.558876,16.526890,16.494896,16.414852,16.350758,16.206375,16.142136,16.013500,15.900787,15.804058,15.723377,15.723377,15.723377,15.513241,15.448486,15.335041,15.253925,14.993847,14.863525,14.896122,15.804058,15.577946,15.205219,14.993847,14.928707,15.010124,14.912418,14.977566,15.026398,15.058941,14.928707,14.961281,15.058941,15.010124,14.944996,15.107727,15.010124,14.993847,14.928707,14.879829,14.863525,14.896122,14.798294,14.863525,14.716679,14.814606,14.716679,14.716679,14.667679,14.553234,14.618649,14.569599,14.569599,14.455032,14.455032,14.438644,14.405884,14.405884,14.176193,14.176193,14.192616,14.340313,14.176193,14.225464,14.044678,14.094013,14.061119,14.011765,13.814064,13.731560,13.582870,13.400806,13.135342,12.952389,12.919083,12.869114,12.802441,12.685638,12.635536,12.635536,12.568703,12.518532,12.434868,12.485077,12.434868,12.401375,12.284077,12.284077,12.233765,12.116257,12.133057,12.015423,11.981785,11.981785,11.880806,11.931309,11.779716,11.813431,11.880806,11.914482,11.627888,11.712273,11.678528,11.627888,11.627888,11.627888,11.627888,11.509636,11.509636,11.492725,11.475815,11.323498,11.441990,11.441990,11.357365,11.289619,11.323498,11.357365,11.357365,11.238777,11.187904,11.086086,11.086086,11.103065,11.035133,11.120033,10.916145,11.001148,11.052120,10.950157,10.916145,10.899132,10.814041,10.814041,10.660679,10.728870,10.575371,10.592438,10.541225,10.472908,10.541225,10.421631,10.233398,10.182007,10.044807,9.683773,9.269539,9.286831,9.079109,9.113758,9.044441,9.079109,8.957737,9.027115,8.888317,8.784096,8.853588,8.749332,8.836220,8.801476,8.731949,8.766716,8.731949,8.818848,8.801476,8.784096,8.679768,8.784096,8.818848,8.801476,8.714558,8.644970,8.679768,8.644970,8.714558,8.627563,8.697163,8.644970,8.557915,8.592743,8.627563,8.592743,8.592743,8.505650,8.505650,8.523075,8.435913,8.470791,8.401035,8.435913,8.488220,
10.027649,9.993317,9.976139,9.838661,9.752644,9.752644,9.700993,9.718216,9.700993,9.614849,9.563126,9.545887,9.614849,9.511379,9.373260,9.338692,9.234943,9.252239,9.079109,8.975086,8.957737,8.905678,8.870953,8.749332,8.749332,8.784096,8.714558,8.557915,8.523075,8.435913,8.296310,8.121536,8.208961,8.016525,8.034035,7.841270,7.806187,7.648148,7.419441,7.366592,7.137272,7.066605,6.818905,6.641617,6.392914,6.036610,5.625381,4.870358,3.873646,3.654976,3.691456,3.618496,3.618496,3.727913,3.764370,3.727913,3.891846,3.910049,4.091881,4.146374,4.237133,4.382195,4.653660,4.924461,4.942490,5.140610,5.481972,5.517838,5.786484,5.965206,5.965206,6.161457,6.286148,6.357342,6.357342,6.535103,6.517342,6.641617,6.783474,6.818905,6.836617,6.836617,6.854328,6.960518,6.889732,7.013577,6.907440,6.960518,7.013577,6.960518,6.995895,7.066605,6.907440,7.048931,7.013577,7.013577,7.119606,7.066605,7.084278,7.207882,7.154926,7.154926,7.190231,7.384212,7.154926,7.331345,7.437057,7.366592,7.525059,7.437057,7.348972,7.489868,7.472267,7.472267,7.630577,7.595413,7.683289,7.700855,7.735977,7.718422,7.806187,7.665718,7.700855,7.700855,7.700855,7.753536,7.665718,7.648148,7.665718,7.683289,7.806187,8.766716,9.890244,10.797012,11.221825,11.221825,11.221825,11.120033,11.001148,10.626560,10.353233,9.873051,9.614849,9.338692,9.252239,9.165710,9.148392,9.183022,9.027115,8.766716,8.714558,8.557915,8.523075,8.523075,8.575333,8.714558,8.610161,8.662369,8.662369,8.697163,8.801476,8.749332,8.627563,8.540497,8.470791,8.523075,8.418476,8.226437,8.243912,8.575333,8.888317,8.957737,8.992432,9.079109,9.096436,9.183022,9.234943,9.131081,9.252239,9.217640,9.252239,9.373260,9.269539,9.234943,9.234943,9.321407,9.217640,9.217640,9.200333,9.217640,9.217640,9.200333,9.338692,9.200333,9.355976,9.321407,9.286831,9.286831,9.338692,9.252239,9.304119,9.425079,9.476868,9.476868,9.476868,9.545887,9.476868,9.442345,9.511379,9.545887,9.769852,9.838661,9.632080,9.649315,9.580376,9.683773,9.649315,9.666546,9.718216,9.804260,9.907425,9.855862,9.890244,9.924606,9.958965,9.873051,9.958965,9.993317,10.044807,10.010487,10.079128,9.941792,9.941792,10.061974,9.941792,10.044807,10.027649,9.976139,9.890244,9.735428,9.718216,9.769852,9.718216,9.494129,9.355976,9.304119,9.338692,9.563126,9.459610,8.923035,8.714558,8.679768,8.697163,8.749332,8.975086,9.009773,8.975086,8.992432,8.957737,8.975086,9.009773,9.096436,9.113758,9.096436,8.975086,8.940388,8.992432,8.940388,8.853588,8.853588,8.853588,9.079109,9.269539,9.304119,9.269539,9.269539,9.321407,9.407806,9.476868,9.355976,9.580376,9.545887,9.494129,9.494129,9.528633,9.580376,9.511379,9.442345,9.476868,9.442345,9.338692,9.286831,9.165710,9.234943,9.234943,9.200333,9.269539,9.217640,9.321407,9.321407,9.321407,9.390537,9.321407,9.304119,9.304119,9.355976,9.321407,9.286831,9.286831,9.252239,9.165710,9.079109,9.252239,9.390537,9.407806,9.632080,9.666546,9.821461,10.010487,10.233398,10.370338,10.387436,10.575371,10.660679,10.882126,11.103065,11.323498,11.509636,11.729134,11.914482,11.931309,12.485077,12.835777,13.135342,13.582870,13.863529,13.912971,14.044678,14.323921,14.749332,15.107727,15.335041,15.642616,15.933002,16.174263,16.558876,16.734592,17.148476,17.576149,18.299789,18.378067,18.127319,18.001652,18.190071,18.456272,18.628052,18.846176,19.094734,19.125748,19.327065,19.466148,19.589577,19.866592,21.010437,21.478363,21.267395,20.813370,19.866592,19.358002,19.466148,19.743591,20.081375,21.433205,21.643715,20.767830,20.004730,19.835854,19.881943,20.341400,20.858894,21.808701,21.433205,21.176804,21.297577,20.448227,20.295578,21.055855,21.357887,20.995308,20.478722,20.310860,20.585358,21.508453,21.297577,20.737442,20.417725,20.737442,21.146591,21.237213,20.783012,20.341400,20.203842,20.310860,20.142639,20.173248,19.928017,19.789734,19.897308,20.249733,19.835854,19.666618,19.820488,19.604988,19.450706,19.728195,19.497025,19.218727,19.156754,19.574158,19.218727,19.327065,19.697411,19.543312,18.955009,18.534397,18.487526,18.628052,18.518776,18.923927,18.721603,18.643650,18.815041,18.534397,18.252785,18.174385,18.080215,18.143013,17.860062,17.970207,18.001652,18.143013,17.923019,17.607742,17.718227,17.970207,17.781296,17.702454,17.512928,17.512928,17.607742,17.528736,17.481293,17.338821,17.338821,17.259556,17.021339,17.037239,16.830284,16.750549,16.782452,16.622818,16.574867,16.558876,16.446873,16.350758,16.190327,15.965214,15.916897,15.900787,17.211967,16.734592,16.174263,15.933002,15.916897,15.933002,15.916897,15.868561,15.820190,15.949108,15.997406,15.981312,15.916897,15.965214,15.868561,15.852440,15.965214,15.739521,15.868561,15.755661,15.804058,15.723377,15.771801,15.723377,15.610291,15.448486,15.497055,15.464684,15.367474,15.399883,15.367474,15.302612,15.399883,15.302612,15.335041,15.286385,15.253925,15.075207,15.123981,14.912418,14.961281,14.944996,14.830910,14.928707,14.749332,14.830910,14.798294,14.651337,14.553234,14.455032,14.307518,14.061119,13.896488,13.698540,13.764572,13.582870,13.648983,13.400806,13.400806,13.334507,13.351086,13.218376,13.168564,13.018955,13.018955,13.035591,12.985676,12.935738,12.919083,12.785763,12.852448,12.685638,12.719025,12.618832,12.635536,12.568703,12.501804,12.551975,12.485077,12.518532,12.367878,12.334373,12.284077,12.334373,12.250546,12.233765,12.250546,12.434868,12.133057,12.133057,11.981785,12.015423,11.948143,12.015423,11.964966,11.948143,11.981785,11.931309,11.847122,11.897648,11.779716,11.745995,11.695396,11.644768,11.526535,11.627888,11.492725,11.458900,11.543430,11.475815,11.458900,11.340439,11.323498,11.391228,11.289619,11.238777,11.170944,11.170944,11.204865,11.052120,10.967159,10.865101,10.745911,10.660679,10.404537,10.113426,9.649315,9.718216,9.494129,9.476868,9.373260,9.390537,9.390537,9.269539,9.425079,9.304119,9.217640,9.252239,9.234943,9.217640,9.027115,9.165710,9.113758,9.183022,9.061775,8.992432,8.992432,9.061775,9.079109,8.992432,9.044441,9.009773,8.975086,9.096436,8.975086,9.027115,8.975086,8.940388,8.940388,8.923035,8.888317,8.940388,8.923035,8.888317,8.801476,8.888317,8.870953,8.870953,8.766716,8.784096,8.784096,
10.472908,10.404537,10.233398,10.250530,10.216270,10.182007,10.061974,10.113426,10.113426,10.113426,9.890244,10.010487,9.838661,9.700993,9.838661,9.804260,9.666546,9.494129,9.476868,9.494129,9.494129,9.355976,9.286831,9.269539,9.269539,9.200333,9.148392,9.009773,8.923035,8.784096,8.784096,8.644970,8.523075,8.470791,8.418476,8.313774,8.051544,7.876347,7.858810,7.735977,7.595413,7.437057,7.260815,7.101940,6.854328,6.357342,5.822250,4.852314,4.037365,3.855442,3.782589,3.727913,3.746143,3.654976,3.727913,3.873646,3.982819,3.982819,4.128212,4.327812,4.400314,4.563248,4.798172,4.978535,5.266499,5.464031,5.714912,5.875885,6.072296,6.321754,6.392914,6.499577,6.570625,6.694839,6.818905,6.907440,6.907440,7.013577,7.137272,7.154926,7.172585,7.154926,7.225533,7.260815,7.243172,7.243172,7.207882,7.225533,7.331345,7.260815,7.296085,7.366592,7.313717,7.296085,7.331345,7.454662,7.401833,7.331345,7.296085,7.454662,7.401833,7.472267,7.489868,7.401833,7.560242,7.612995,7.753536,7.823730,7.823730,7.806187,7.806187,7.823730,7.788635,7.911411,7.981499,7.928940,7.999016,8.016525,8.051544,8.051544,8.069046,8.069046,7.981499,7.999016,8.051544,7.981499,7.981499,7.981499,7.876347,7.841270,7.858810,8.331230,9.373260,10.489990,11.001148,11.221825,11.170944,11.120033,10.967159,10.677727,10.404537,9.838661,9.545887,9.442345,9.269539,9.200333,9.096436,9.131081,9.027115,8.870953,8.905678,8.784096,8.853588,8.818848,8.870953,8.853588,8.888317,8.888317,8.992432,9.009773,9.148392,9.061775,8.992432,9.113758,8.923035,8.940388,8.870953,8.731949,8.679768,9.061775,9.148392,9.217640,9.373260,9.304119,9.304119,9.321407,9.338692,9.355976,9.442345,9.338692,9.338692,9.286831,9.407806,9.338692,9.373260,9.252239,9.269539,9.183022,9.217640,9.252239,9.148392,9.165710,9.217640,9.183022,9.217640,9.252239,9.269539,9.252239,9.234943,9.269539,9.200333,9.252239,9.234943,9.183022,9.234943,9.234943,9.286831,9.183022,9.200333,9.269539,9.183022,9.217640,9.165710,9.165710,9.183022,9.304119,9.217640,9.200333,9.338692,9.355976,9.442345,9.545887,9.528633,9.580376,9.632080,9.683773,9.545887,9.597610,9.666546,9.700993,9.838661,9.821461,9.907425,9.958965,9.993317,9.976139,9.993317,9.924606,9.821461,9.769852,9.907425,9.890244,9.804260,9.683773,9.718216,9.597610,9.666546,9.769852,9.700993,9.355976,9.009773,9.061775,9.009773,8.992432,9.027115,9.131081,9.131081,9.027115,9.044441,9.131081,9.044441,9.096436,9.061775,9.061775,9.044441,8.992432,8.923035,8.836220,8.853588,8.923035,8.975086,9.131081,9.390537,9.407806,9.373260,9.234943,9.304119,9.373260,9.321407,9.476868,9.476868,9.442345,9.407806,9.494129,9.494129,9.442345,9.373260,9.338692,9.286831,9.183022,9.217640,9.269539,9.217640,9.269539,9.269539,9.252239,9.269539,9.269539,9.269539,9.269539,9.286831,9.338692,9.165710,9.183022,9.200333,9.234943,9.217640,9.148392,9.131081,8.957737,8.853588,8.905678,8.836220,8.853588,8.870953,8.766716,8.853588,8.957737,9.027115,9.113758,9.113758,8.957737,9.183022,9.131081,9.269539,9.234943,9.234943,9.321407,9.442345,9.580376,9.666546,9.752644,9.924606,9.907425,10.147728,10.301891,10.113426,10.250530,10.455822,10.438725,10.677727,10.899132,11.170944,11.458900,11.594112,11.914482,12.233765,12.551975,13.002323,13.566330,13.764572,13.698540,13.830551,14.192616,14.667679,14.977566,15.367474,15.804058,16.045673,16.446873,17.053143,17.402172,17.418003,18.299789,18.768341,19.063705,19.063705,18.237114,18.205757,18.378067,18.970543,19.249695,20.280304,20.722244,19.989395,19.419815,19.311600,19.296127,19.558739,19.897308,20.524437,20.341400,20.965012,21.523499,20.326126,19.912659,20.249733,20.585358,20.631012,20.387207,20.707054,20.934708,21.433205,21.643715,20.828552,20.949860,21.763741,22.033112,21.988297,21.553566,20.767830,20.965012,21.643715,21.418152,21.086105,21.025589,20.615799,20.478722,20.934708,20.554901,20.157944,20.035400,19.974052,20.035400,20.722244,20.539673,20.127319,20.417725,20.600578,20.142639,20.004730,20.646225,20.600578,20.142639,19.712807,19.327065,19.218727,19.311600,19.805107,19.450706,19.497025,19.820488,19.666618,19.032661,18.955009,18.799477,18.768341,18.830605,18.939468,18.986076,19.048180,18.674843,18.534397,18.721603,18.690430,18.581238,18.362411,18.378067,18.487526,18.596848,18.643650,18.237114,18.080215,18.127319,17.970207,18.252785,18.095917,17.812809,17.765533,17.828564,17.576149,17.481293,17.607742,17.512928,17.164352,17.005432,16.766499,16.574867,17.084930,18.877281,17.860062,17.338821,17.148476,17.005432,16.909943,16.814339,16.798401,16.814339,16.925861,16.814339,16.798401,16.798401,16.766499,16.670738,16.638790,16.670738,16.734592,16.846222,16.558876,16.542885,16.622818,16.542885,16.542885,16.446873,16.446873,16.430859,16.414852,16.318695,16.334732,16.366791,16.174263,16.206375,16.158203,16.126068,16.029587,16.013500,16.013500,15.997406,15.933002,15.836315,15.804058,15.739521,15.691078,15.691078,15.658775,15.448486,15.399883,15.367474,15.351257,15.091465,15.042671,14.749332,14.716679,14.569599,14.520515,14.405884,14.323921,14.323921,14.176193,14.143326,14.044678,13.929443,13.896488,13.978848,13.764572,13.781071,13.682022,13.682022,13.582870,13.533249,13.632454,13.549789,13.384232,13.351086,13.301342,13.251579,13.351086,13.185173,13.151951,13.201775,13.102104,12.985676,12.885777,12.902435,12.835777,12.935738,12.835777,12.785763,12.735714,12.685638,12.652241,12.518532,12.719025,12.551975,12.568703,12.568703,12.551975,12.451607,12.351128,12.367878,12.300850,12.250546,12.216988,12.216988,12.166641,12.133057,12.233765,12.116257,12.065849,11.998611,11.931309,11.998611,11.914482,11.830276,11.779716,11.644768,11.762863,11.577221,11.543430,11.509636,11.441990,11.221825,11.035133,10.814041,10.575371,10.096279,10.010487,9.976139,9.958965,9.855862,9.838661,9.752644,9.666546,9.700993,9.580376,9.666546,9.632080,9.511379,9.528633,9.459610,9.494129,9.545887,9.459610,9.390537,9.511379,9.476868,9.563126,9.425079,9.442345,9.476868,9.545887,9.425079,9.390537,9.338692,9.217640,9.390537,9.304119,9.338692,9.286831,9.234943,9.338692,9.304119,9.390537,9.269539,9.234943,9.304119,9.252239,9.200333,9.200333,9.183022,
10.745911,10.660679,10.677727,10.626560,10.592438,10.524147,10.575371,10.438725,10.489990,10.541225,10.421631,10.319000,10.267654,10.250530,10.147728,10.096279,10.027649,9.958965,9.890244,9.976139,9.838661,9.804260,9.735428,9.597610,9.649315,9.597610,9.442345,9.459610,9.425079,9.131081,9.183022,9.183022,9.079109,8.870953,8.801476,8.610161,8.610161,8.261383,8.139027,7.981499,7.911411,7.753536,7.648148,7.384212,7.084278,6.783474,6.090134,4.960514,4.055538,3.873646,3.709686,3.709686,3.709686,3.746143,3.764370,4.019184,4.019184,4.110050,4.237133,4.400314,4.454651,4.707874,4.942490,5.248528,5.446091,5.732807,5.983063,6.268349,6.392914,6.570625,6.659363,6.889732,6.978207,7.066605,7.154926,7.225533,7.348972,7.472267,7.313717,7.437057,7.560242,7.525059,7.595413,7.560242,7.612995,7.525059,7.577831,7.577831,7.542656,7.542656,7.612995,7.560242,7.612995,7.700855,7.630577,7.648148,7.700855,7.735977,7.788635,7.771088,7.806187,7.788635,7.771088,7.893879,7.963982,8.034035,8.086544,7.981499,8.051544,8.104042,8.156513,8.121536,8.174004,8.208961,8.296310,8.261383,8.226437,8.261383,8.331230,8.296310,8.313774,8.348686,8.401035,8.348686,8.261383,8.261383,8.296310,8.348686,8.156513,7.999016,8.104042,8.174004,8.853588,10.027649,10.779976,11.052120,11.204865,11.153976,11.001148,10.762939,10.370338,10.079128,9.683773,9.355976,9.234943,9.165710,9.009773,8.957737,8.870953,8.836220,8.853588,8.784096,8.749332,8.784096,8.801476,8.870953,8.923035,8.957737,9.027115,9.200333,9.217640,9.217640,9.217640,9.269539,9.304119,9.286831,9.269539,9.165710,9.148392,9.338692,9.425079,9.459610,9.442345,9.511379,9.545887,9.528633,9.528633,9.614849,9.545887,9.632080,9.580376,9.632080,9.614849,9.718216,9.683773,9.563126,9.442345,9.321407,9.338692,9.304119,9.407806,9.476868,9.373260,9.338692,9.373260,9.338692,9.252239,9.217640,9.200333,9.252239,9.183022,9.217640,9.286831,9.269539,9.165710,9.200333,9.079109,9.079109,9.113758,9.096436,9.009773,9.027115,9.027115,9.044441,9.096436,9.061775,9.131081,9.165710,9.131081,9.165710,9.286831,9.355976,9.355976,9.338692,9.407806,9.338692,9.131081,9.183022,9.373260,9.476868,9.545887,9.528633,9.649315,9.563126,9.700993,9.666546,9.804260,9.683773,9.614849,9.494129,9.580376,9.683773,9.666546,9.649315,9.632080,9.700993,9.700993,9.683773,9.718216,9.563126,9.459610,9.459610,9.494129,9.425079,9.425079,9.476868,9.459610,9.373260,9.390537,9.407806,9.304119,9.252239,9.252239,9.200333,9.183022,9.131081,9.061775,8.992432,9.096436,9.217640,9.269539,9.200333,9.459610,9.442345,9.407806,9.373260,9.494129,9.632080,9.683773,9.580376,9.735428,9.752644,9.614849,9.666546,9.528633,9.476868,9.407806,9.511379,9.355976,9.148392,9.217640,9.234943,9.217640,9.269539,9.286831,9.304119,9.252239,9.269539,9.321407,9.321407,9.304119,9.252239,9.390537,9.355976,9.234943,9.165710,9.131081,9.148392,9.079109,8.992432,9.009773,8.870953,8.870953,8.870953,8.679768,8.679768,8.784096,8.836220,8.801476,8.766716,8.731949,8.766716,8.714558,8.627563,8.627563,8.575333,8.453358,8.453358,8.592743,8.714558,8.818848,8.801476,8.731949,8.888317,8.836220,8.801476,8.610161,8.540497,8.261383,8.139027,8.121536,8.174004,8.243912,8.505650,8.592743,8.853588,9.061775,9.304119,9.528633,9.597610,9.752644,9.941792,10.044807,10.147728,10.455822,10.643623,10.882126,11.120033,11.238777,11.560329,11.948143,12.267311,12.451607,12.735714,13.135342,13.682022,13.830551,13.814064,14.209038,14.781967,15.351257,15.674923,16.109989,16.430859,16.206375,16.222427,16.510895,16.702667,16.909943,17.053143,17.528736,17.938759,19.156754,19.450706,18.830605,18.487526,18.783913,19.373451,19.881943,19.527885,19.697411,20.050720,20.417725,20.783012,20.615799,20.570129,21.418152,21.898560,21.748756,21.613678,20.949860,21.222122,22.062988,21.658730,21.055855,21.433205,21.025589,20.813370,21.267395,20.843719,20.432976,20.096687,19.974052,20.050720,20.524437,20.585358,20.980156,21.161697,20.691849,20.615799,20.615799,21.478363,21.312653,20.798195,20.295578,19.866592,19.989395,20.326126,20.173248,19.897308,19.651215,19.958702,19.866592,19.682014,19.558739,19.419815,19.358002,19.327065,19.543312,19.543312,19.311600,19.234207,19.296127,19.635811,19.743591,19.651215,19.203239,19.296127,19.481583,19.373451,19.296127,19.063705,18.783913,18.799477,18.861725,19.218727,18.846176,18.471905,18.471905,18.456272,18.503151,18.456272,18.596848,18.768341,18.080215,17.686680,17.560349,17.275417,18.174385,20.478722,19.094734,18.471905,18.190071,17.954483,17.954483,17.655106,17.607742,17.686680,17.702454,17.655106,17.702454,17.686680,17.591946,17.655106,17.560349,17.544540,17.528736,17.544540,17.607742,17.433830,17.465477,17.433830,17.481293,17.322979,17.481293,17.370502,17.354664,17.243698,17.116711,17.180225,17.196098,17.116711,17.021339,17.021339,17.100819,17.116711,17.116711,17.037239,16.830284,16.782452,16.638790,16.638790,16.606838,16.558876,16.446873,16.382813,16.510895,16.414852,16.222427,16.206375,16.158203,16.013500,16.109989,15.981312,15.900787,15.707230,15.674923,15.513241,15.399883,15.399883,15.416088,15.270157,15.205219,15.091465,15.058941,14.993847,14.847221,14.896122,14.765656,14.520515,14.667679,14.504147,14.422272,14.291111,14.340313,14.307518,14.176193,14.110455,14.143326,13.945911,13.929443,13.880009,13.781071,13.781071,13.731560,13.731560,13.533249,13.533249,13.582870,13.400806,13.367657,13.367657,13.450489,13.334507,13.301342,13.301342,13.201775,13.218376,13.185173,13.151951,13.118725,13.035591,12.952389,12.969040,12.869114,12.819115,12.819115,12.835777,12.735714,12.618832,12.568703,12.418129,12.451607,12.551975,12.535263,12.284077,12.267311,12.250546,12.116257,12.065849,11.931309,11.813431,11.611008,11.425068,11.001148,10.660679,10.643623,10.455822,10.472908,10.353233,10.284771,10.250530,10.147728,10.079128,10.096279,10.061974,10.010487,10.061974,9.941792,9.890244,9.976139,9.976139,9.993317,9.941792,9.907425,9.941792,9.993317,9.855862,9.890244,9.873051,9.787056,9.855862,9.821461,9.787056,9.821461,9.873051,9.821461,9.718216,9.718216,9.718216,9.821461,9.683773,9.545887,9.752644,9.614849,9.683773,9.580376,9.597610,9.563126,9.580376,
11.204865,11.018150,11.086086,11.001148,10.916145,10.797012,11.001148,10.831066,10.848083,10.950157,10.779976,10.728870,10.745911,10.592438,10.626560,10.575371,10.472908,10.438725,10.336117,10.267654,10.301891,10.233398,10.199139,10.010487,10.130581,10.010487,9.890244,9.873051,9.769852,9.649315,9.614849,9.511379,9.373260,9.183022,9.079109,8.957737,8.853588,8.714558,8.488220,8.313774,8.121536,8.069046,7.876347,7.665718,7.384212,6.854328,6.125797,5.032589,4.146374,3.928246,3.800804,3.819023,3.855442,3.873646,3.910049,4.055538,4.146374,4.182686,4.364071,4.472755,4.653660,4.852314,5.122616,5.374290,5.714912,6.000916,6.197094,6.552864,6.748028,6.818905,6.995895,7.154926,7.243172,7.366592,7.348972,7.489868,7.577831,7.700855,7.753536,7.665718,7.858810,7.806187,7.946465,7.893879,7.981499,7.963982,7.893879,7.963982,7.928940,7.999016,7.911411,7.946465,7.911411,8.069046,8.069046,7.999016,8.016525,8.034035,8.034035,8.086544,8.121536,8.104042,8.156513,8.261383,8.139027,8.243912,8.296310,8.366138,8.401035,8.366138,8.470791,8.488220,8.523075,8.488220,8.540497,8.627563,8.662369,8.540497,8.627563,8.540497,8.540497,8.557915,8.610161,8.575333,8.575333,8.592743,8.627563,8.453358,8.505650,8.453358,8.313774,8.331230,8.575333,9.390537,10.250530,10.882126,11.187904,11.069107,11.018150,10.762939,10.609497,10.250530,9.718216,9.494129,9.200333,9.044441,9.061775,8.923035,8.818848,8.853588,8.749332,8.731949,8.714558,8.714558,8.784096,8.714558,8.801476,8.853588,8.836220,8.923035,8.923035,9.113758,9.131081,9.234943,9.252239,9.373260,9.286831,9.321407,9.234943,9.234943,9.355976,9.442345,9.442345,9.511379,9.511379,9.425079,9.511379,9.580376,9.614849,9.632080,9.683773,9.769852,9.787056,9.838661,9.890244,9.821461,9.873051,9.683773,9.735428,9.769852,9.700993,9.787056,9.821461,9.855862,9.838661,9.873051,9.821461,9.632080,9.476868,9.563126,9.511379,9.494129,9.459610,9.425079,9.407806,9.355976,9.321407,9.200333,9.304119,9.425079,9.079109,9.148392,9.061775,9.113758,9.009773,9.009773,9.131081,9.061775,9.165710,9.234943,9.217640,9.200333,9.234943,9.234943,9.183022,9.061775,9.044441,9.061775,9.321407,9.338692,9.407806,9.632080,9.580376,9.563126,9.563126,9.683773,9.666546,9.632080,9.494129,9.545887,9.545887,9.476868,9.545887,9.563126,9.545887,9.614849,9.528633,9.545887,9.528633,9.494129,9.563126,9.511379,9.494129,9.511379,9.476868,9.476868,9.528633,9.494129,9.597610,9.476868,9.407806,9.304119,9.321407,9.338692,9.286831,9.252239,9.252239,9.113758,9.321407,9.373260,9.338692,9.373260,9.425079,9.528633,9.476868,9.494129,9.580376,9.683773,9.735428,9.907425,9.958965,9.976139,9.976139,9.976139,9.890244,9.855862,9.838661,9.873051,9.666546,9.476868,9.442345,9.494129,9.528633,9.459610,9.545887,9.511379,9.563126,9.390537,9.373260,9.338692,9.338692,9.355976,9.252239,9.286831,9.286831,9.234943,9.200333,9.113758,9.252239,9.183022,9.044441,9.044441,9.061775,8.975086,8.923035,8.784096,8.818848,8.801476,8.766716,8.731949,8.662369,8.592743,8.610161,8.505650,8.523075,8.453358,8.348686,8.174004,8.366138,8.331230,8.348686,8.401035,8.366138,8.296310,8.208961,8.156513,7.946465,7.507469,7.066605,6.428486,6.232731,6.268349,6.339550,6.392914,6.499577,6.854328,6.942829,7.207882,7.366592,7.630577,7.735977,7.911411,7.999016,8.086544,8.243912,8.366138,8.488220,8.557915,8.697163,8.957737,8.957737,9.096436,9.165710,9.373260,9.528633,9.614849,9.855862,9.907425,10.164867,10.336117,10.575371,10.882126,11.018150,11.153976,11.323498,11.661655,11.796577,11.981785,12.216988,12.468342,12.819115,13.334507,13.814064,14.044678,14.044678,14.241875,14.667679,15.594124,15.965214,15.852440,15.900787,16.686703,17.116711,17.686680,17.907284,18.033096,18.923927,19.280655,19.651215,19.697411,19.450706,19.928017,20.509201,20.295578,19.805107,20.463470,20.402458,20.020065,20.707054,20.493958,19.851219,19.835854,19.774353,19.651215,19.635811,20.020065,20.524437,20.980156,20.157944,20.509201,21.191910,21.508453,21.327736,20.995308,20.631012,20.295578,20.676643,21.040726,20.919548,19.943367,19.912659,20.035400,20.127319,20.310860,20.417725,20.203842,20.112015,19.835854,19.958702,19.989395,20.066055,20.035400,20.188553,20.722244,20.600578,20.402458,19.958702,20.127319,20.570129,20.219147,20.173248,19.943367,19.527885,19.373451,19.481583,19.574158,19.404366,19.156754,19.048180,18.986076,19.172256,19.063705,19.172256,19.466148,18.643650,18.393715,18.378067,18.001652,19.125748,21.928474,20.402458,19.063705,18.612450,18.706017,18.815041,18.534397,18.315449,18.409359,18.315449,18.346760,18.378067,18.393715,18.409359,18.456272,18.534397,18.440628,18.471905,18.393715,18.424995,18.331108,18.252785,18.158703,18.315449,18.299789,18.378067,18.268456,18.127319,18.048801,18.158703,18.127319,18.017372,18.080215,18.033096,18.080215,18.017372,17.875805,17.765533,17.765533,17.733997,17.718227,17.607742,17.623531,17.481293,17.386341,17.449657,17.354664,17.402172,17.322979,17.180225,17.132591,17.148476,17.005432,16.973614,16.989529,16.957703,16.766499,16.894020,16.862156,16.718632,16.542885,16.494896,16.430859,16.494896,16.414852,16.350758,16.238480,16.109989,16.190327,16.109989,16.109989,16.061756,15.916897,15.787926,15.707230,15.626457,15.594124,15.594124,15.529427,15.416088,15.383682,15.399883,15.205219,15.172733,14.944996,14.977566,14.863525,14.781967,14.765656,14.602299,14.667679,14.585953,14.405884,14.405884,14.405884,14.307518,14.340313,14.159763,14.044678,14.110455,14.061119,14.044678,13.945911,13.797565,13.847038,13.814064,13.665508,13.632454,13.615929,13.566330,13.400806,13.367657,13.268166,13.218376,13.251579,13.035591,13.102104,13.052223,12.869114,12.752399,12.652241,12.551975,12.300850,12.099461,11.931309,11.661655,11.425068,11.170944,11.086086,10.984158,10.984158,10.899132,10.814041,10.762939,10.797012,10.814041,10.626560,10.694775,10.609497,10.507072,10.797012,10.507072,10.558300,10.507072,10.421631,10.438725,10.421631,10.558300,10.387436,10.370338,10.455822,10.404537,10.319000,10.319000,10.216270,10.319000,10.301891,10.267654,10.284771,10.199139,10.164867,10.233398,10.199139,10.113426,10.199139,10.044807,10.061974,10.027649,10.096279,9.993317,10.044807,
11.964966,11.627888,11.509636,11.509636,11.425068,11.408150,11.425068,11.357365,11.391228,11.323498,11.204865,11.204865,11.170944,11.153976,10.967159,10.950157,10.797012,10.882126,10.865101,10.797012,10.592438,10.524147,10.575371,10.541225,10.387436,10.336117,10.267654,10.233398,10.044807,9.993317,9.907425,9.941792,9.838661,9.666546,9.545887,9.252239,9.217640,9.079109,8.870953,8.731949,8.540497,8.488220,8.261383,8.069046,7.683289,7.172585,6.339550,5.230549,4.273415,3.928246,3.928246,3.982819,3.891846,3.910049,4.001003,4.110050,4.218987,4.400314,4.490860,4.653660,4.743999,5.086613,5.302444,5.679108,6.000916,6.286148,6.570625,6.836617,7.048931,7.154926,7.384212,7.401833,7.665718,7.612995,7.753536,7.771088,7.946465,8.016525,8.051544,8.086544,8.156513,8.174004,8.278851,8.261383,8.278851,8.261383,8.261383,8.208961,8.243912,8.243912,8.208961,8.278851,8.296310,8.243912,8.331230,8.243912,8.366138,8.331230,8.313774,8.348686,8.418476,8.383591,8.401035,8.488220,8.540497,8.592743,8.644970,8.627563,8.731949,8.644970,8.784096,8.731949,8.766716,8.818848,8.836220,8.766716,8.905678,8.905678,8.870953,8.836220,8.870953,8.801476,8.888317,8.905678,8.888317,8.818848,8.870953,8.836220,8.679768,8.714558,8.505650,8.523075,8.523075,8.836220,9.580376,10.421631,10.899132,11.187904,11.035133,10.831066,10.541225,10.164867,9.838661,9.528633,9.442345,9.183022,8.992432,8.940388,8.870953,8.714558,8.679768,8.592743,8.575333,8.697163,8.627563,8.731949,8.627563,8.731949,8.731949,8.714558,8.784096,8.888317,8.975086,9.027115,9.131081,9.148392,9.131081,9.148392,9.148392,9.131081,9.079109,9.252239,9.252239,9.217640,9.286831,9.234943,9.252239,9.355976,9.425079,9.425079,9.476868,9.545887,9.649315,9.735428,9.821461,9.718216,9.735428,9.683773,9.700993,9.494129,9.787056,9.804260,9.873051,9.993317,9.941792,9.941792,9.924606,9.890244,9.907425,9.855862,9.787056,9.804260,9.735428,9.752644,9.838661,9.821461,9.890244,9.769852,9.804260,9.700993,9.545887,9.407806,9.476868,9.459610,9.442345,9.494129,9.545887,9.373260,9.442345,9.373260,9.390537,9.390537,9.373260,9.217640,9.200333,9.234943,9.009773,9.200333,9.286831,9.459610,9.459610,9.614849,9.769852,9.700993,9.700993,9.683773,9.666546,9.735428,9.752644,9.683773,9.683773,9.597610,9.614849,9.632080,9.597610,9.528633,9.476868,9.545887,9.425079,9.476868,9.390537,9.425079,9.304119,9.304119,9.355976,9.442345,9.425079,9.390537,9.390537,9.355976,9.304119,9.355976,9.338692,9.286831,9.338692,9.286831,9.252239,9.217640,9.269539,9.200333,9.234943,9.234943,9.286831,9.355976,9.321407,9.373260,9.321407,9.355976,9.597610,9.683773,9.787056,9.838661,9.924606,9.890244,9.890244,9.838661,9.855862,9.735428,9.649315,9.597610,9.683773,9.752644,9.769852,9.769852,9.769852,9.787056,9.821461,9.700993,9.735428,9.597610,9.580376,9.597610,9.752644,9.700993,9.683773,9.666546,9.476868,9.442345,9.614849,9.597610,9.563126,9.476868,9.338692,9.304119,9.252239,9.200333,9.044441,9.009773,8.905678,8.957737,8.749332,8.731949,8.592743,8.523075,8.488220,8.313774,8.313774,8.226437,8.296310,8.226437,8.174004,8.226437,8.034035,7.928940,7.928940,7.806187,7.595413,7.172585,6.321754,5.875885,5.571625,5.464031,5.410194,5.392242,5.607468,5.643291,5.768597,5.983063,6.054455,6.232731,6.499577,6.570625,6.570625,6.659363,6.694839,6.748028,6.818905,6.854328,6.942829,7.066605,7.190231,7.225533,7.419441,7.472267,7.718422,7.700855,7.806187,8.069046,8.034035,8.208961,8.331230,8.540497,8.644970,8.662369,8.888317,8.992432,9.131081,9.252239,9.390537,9.459610,9.632080,9.700993,9.838661,9.993317,10.164867,10.370338,10.524147,10.865101,10.950157,11.052120,11.306557,11.577221,11.880806,12.216988,12.434868,12.885777,13.201775,13.417366,13.847038,14.209038,14.356716,14.912418,15.188980,15.626457,15.868561,16.494896,16.526890,16.574867,17.116711,17.196098,17.211967,17.497108,17.812809,17.812809,17.907284,18.268456,18.923927,19.419815,18.877281,19.203239,20.020065,20.478722,20.600578,20.387207,20.203842,20.142639,20.615799,20.798195,20.249733,19.805107,19.743591,20.448227,20.767830,21.010437,20.965012,20.570129,20.432976,20.432976,20.387207,20.524437,20.828552,20.615799,20.326126,20.691849,20.448227,20.096687,19.866592,20.524437,20.798195,20.371941,20.661438,20.615799,20.127319,19.897308,20.066055,19.897308,20.066055,19.712807,19.497025,19.450706,19.296127,19.373451,19.651215,19.388908,19.079224,18.923927,19.141251,18.752762,20.661438,23.599930,21.688751,19.974052,19.265175,19.373451,19.589577,19.141251,18.908379,18.815041,18.846176,18.908379,19.063705,19.110237,19.063705,19.249695,19.234207,19.218727,19.141251,19.063705,19.032661,19.187744,18.955009,19.017136,19.048180,19.110237,19.218727,18.970543,18.799477,18.799477,18.752762,18.799477,18.955009,18.923927,18.970543,18.986076,18.674843,18.768341,18.612450,18.628052,18.628052,18.768341,18.721603,18.799477,18.471905,18.409359,18.440628,18.252785,18.284119,18.158703,18.158703,18.017372,17.954483,17.923019,17.733997,17.781296,17.875805,17.765533,17.718227,17.812809,17.733997,17.623531,17.465477,17.449657,17.449657,17.402172,17.307125,17.227837,17.084930,17.069038,17.021339,16.957703,16.925861,16.973614,16.973614,16.862156,16.750549,16.670738,16.654766,16.686703,16.654766,16.558876,16.510895,16.414852,16.430859,16.286617,16.238480,16.109989,16.061756,15.949108,15.997406,15.900787,15.884674,15.949108,15.916897,15.787926,15.771801,15.577946,15.529427,15.480865,15.513241,15.432289,15.302612,15.318825,14.928707,15.058941,15.042671,14.863525,14.830910,14.798294,14.684017,14.634995,14.471405,14.356716,14.274704,14.159763,14.077572,14.077572,13.880009,13.748062,13.814064,13.582870,13.400806,13.185173,12.969040,12.735714,12.652241,12.384636,12.284077,12.183426,11.964966,11.880806,11.678528,11.745995,11.627888,11.577221,11.594112,11.560329,11.425068,11.475815,11.425068,11.323498,11.306557,11.323498,11.289619,11.153976,11.069107,11.052120,11.086086,11.035133,10.984158,11.052120,11.001148,10.967159,10.916145,10.967159,10.916145,10.916145,10.848083,10.797012,10.899132,10.745911,10.745911,10.745911,10.745911,10.643623,10.558300,10.575371,10.592438,10.541225,10.575371,10.524147,
12.149849,12.082661,12.032238,12.065849,12.049046,12.049046,11.948143,12.015423,11.863968,11.712273,11.762863,11.745995,11.644768,11.627888,11.509636,11.475815,11.357365,11.306557,11.221825,11.221825,11.052120,11.035133,11.035133,10.916145,10.779976,10.831066,10.728870,10.711826,10.524147,10.319000,10.216270,10.284771,10.113426,10.079128,9.941792,9.752644,9.597610,9.425079,9.286831,9.148392,8.923035,8.766716,8.592743,8.313774,7.963982,7.331345,6.303955,5.212570,4.382195,4.055538,4.073711,4.019184,4.001003,4.055538,4.037365,4.218987,4.345943,4.454651,4.599422,4.707874,5.014572,5.320412,5.571625,5.768597,6.303955,6.535103,6.801193,7.207882,7.419441,7.542656,7.683289,7.788635,8.016525,7.963982,7.999016,8.226437,8.191483,8.383591,8.331230,8.488220,8.540497,8.488220,8.592743,8.644970,8.575333,8.575333,8.627563,8.557915,8.575333,8.662369,8.523075,8.488220,8.679768,8.557915,8.523075,8.610161,8.505650,8.662369,8.557915,8.575333,8.662369,8.766716,8.697163,8.662369,8.853588,8.905678,8.888317,8.940388,8.905678,8.957737,9.079109,9.009773,9.148392,9.079109,9.148392,9.183022,9.079109,9.044441,9.113758,9.079109,9.165710,9.148392,9.183022,9.148392,9.148392,9.131081,9.165710,9.061775,9.079109,8.957737,8.870953,8.784096,8.679768,8.870953,9.355976,10.558300,11.391228,11.475815,11.560329,11.272675,11.035133,10.643623,10.199139,10.010487,9.666546,9.459610,9.148392,8.940388,8.801476,8.644970,8.610161,8.401035,8.470791,8.435913,8.453358,8.540497,8.505650,8.505650,8.540497,8.557915,8.523075,8.610161,8.679768,8.784096,8.888317,8.957737,9.027115,8.992432,8.975086,8.940388,9.009773,9.027115,8.992432,9.044441,9.027115,9.131081,9.061775,9.131081,9.217640,9.217640,9.217640,9.286831,9.355976,9.442345,9.425079,9.390537,9.459610,9.373260,9.425079,9.390537,9.390537,9.597610,9.597610,9.752644,9.752644,9.907425,9.873051,9.873051,9.769852,9.804260,9.769852,9.735428,9.804260,9.735428,10.027649,9.941792,9.941792,9.907425,9.907425,9.821461,9.890244,9.873051,9.907425,9.907425,9.873051,9.958965,9.873051,9.873051,9.718216,9.632080,9.735428,9.855862,9.907425,9.787056,9.752644,9.718216,9.563126,9.683773,9.821461,9.958965,9.907425,10.079128,10.096279,10.044807,9.993317,10.010487,10.079128,10.061974,9.958965,9.907425,9.907425,9.787056,9.821461,9.855862,9.735428,9.769852,9.666546,9.511379,9.580376,9.442345,9.355976,9.269539,9.269539,9.252239,9.217640,9.234943,9.234943,9.286831,9.321407,9.234943,9.269539,9.165710,9.304119,9.269539,9.338692,9.321407,9.165710,9.200333,9.131081,9.200333,9.321407,9.321407,9.355976,9.321407,9.373260,9.545887,9.614849,9.494129,9.528633,9.597610,9.649315,9.563126,9.666546,9.735428,9.718216,9.649315,9.494129,9.355976,9.269539,9.442345,9.614849,9.632080,9.683773,9.700993,9.735428,9.787056,9.838661,9.700993,9.718216,9.632080,9.752644,9.855862,9.855862,9.873051,9.855862,9.718216,9.735428,9.718216,9.855862,9.838661,9.855862,9.718216,9.718216,9.614849,9.614849,9.528633,9.494129,9.442345,9.338692,9.234943,9.096436,8.940388,8.662369,8.540497,8.470791,8.453358,8.348686,8.313774,8.401035,8.435913,8.401035,8.313774,8.243912,7.999016,7.911411,7.823730,7.630577,7.207882,6.481804,5.679108,5.374290,5.212570,5.284477,5.338371,5.446091,5.284477,5.464031,5.553699,5.535770,5.661201,5.840134,5.875885,5.858009,5.911625,5.929482,5.983063,5.965206,6.018761,6.036610,6.036610,6.143627,6.250534,6.303955,6.321754,6.214916,6.552864,6.517342,6.588379,6.677101,6.765751,6.783474,6.889732,6.942829,7.190231,7.225533,7.296085,7.419441,7.560242,7.612995,7.841270,7.876347,8.051544,8.016525,8.313774,8.366138,8.523075,8.575333,8.801476,8.836220,8.940388,8.923035,9.079109,9.338692,9.425079,9.459610,9.563126,9.666546,9.855862,9.907425,10.079128,10.319000,10.455822,10.626560,10.745911,11.018150,11.238777,11.408150,11.374298,11.779716,11.981785,12.300850,12.568703,12.885777,13.201775,13.367657,13.648983,14.094013,14.405884,14.618649,14.961281,15.594124,16.190327,16.318695,16.894020,16.878090,16.957703,17.370502,17.338821,17.433830,17.449657,17.938759,19.063705,19.342529,19.574158,19.280655,19.327065,19.358002,19.419815,19.589577,19.712807,20.020065,19.682014,19.450706,19.450706,19.404366,19.574158,19.450706,19.697411,20.096687,19.666618,19.958702,20.432976,20.203842,19.912659,20.066055,20.050720,19.974052,19.820488,19.527885,19.543312,19.728195,19.697411,19.604988,19.466148,19.373451,19.327065,19.296127,19.373451,21.748756,24.066383,21.778732,20.249733,19.851219,19.697411,19.527885,19.203239,19.156754,19.280655,19.481583,19.481583,19.497025,19.466148,19.497025,19.589577,19.697411,19.697411,19.620399,19.666618,19.574158,19.666618,19.620399,19.589577,19.558739,19.574158,19.635811,19.558739,19.481583,19.435257,19.342529,19.404366,19.450706,19.527885,19.466148,19.666618,19.635811,19.589577,19.218727,19.296127,19.404366,19.373451,19.234207,19.311600,19.234207,19.141251,19.172256,19.156754,19.032661,19.001602,18.892838,18.908379,18.768341,18.721603,18.721603,18.768341,18.612450,18.550014,18.487526,18.752762,18.440628,18.378067,18.346760,18.518776,18.315449,18.111610,18.064510,17.938759,18.064510,18.033096,17.938759,17.875805,17.797050,17.781296,17.718227,17.655106,17.749767,17.560349,17.607742,17.512928,17.481293,17.449657,17.465477,17.259556,17.291267,17.196098,17.084930,17.116711,17.037239,16.973614,16.878090,16.957703,17.037239,16.909943,16.862156,16.909943,16.702667,16.654766,16.702667,16.654766,16.446873,16.478889,16.334732,16.350758,16.366791,16.302662,16.366791,16.126068,16.142136,16.077839,16.061756,15.900787,15.836315,15.723377,15.739521,15.497055,15.529427,15.416088,15.335041,15.205219,15.075207,14.896122,14.684017,14.438644,14.209038,14.061119,14.389496,14.323921,13.945911,13.847038,13.516701,13.400806,13.351086,13.301342,13.168564,13.118725,13.002323,12.819115,12.802441,12.685638,12.618832,12.485077,12.602119,12.468342,12.284077,12.317612,12.267311,12.133057,11.998611,12.082661,11.964966,11.863968,11.796577,11.897648,11.863968,11.762863,11.729134,11.779716,11.762863,11.560329,11.560329,11.577221,11.526535,11.458900,11.408150,11.357365,11.306557,11.289619,11.289619,11.272675,11.187904,11.187904,
12.685638,12.685638,12.769081,12.702332,12.752399,12.869114,12.735714,12.668941,12.618832,12.451607,12.367878,12.401375,12.351128,12.183426,12.099461,12.065849,11.998611,11.998611,11.931309,12.015423,11.712273,11.560329,11.526535,11.475815,11.357365,11.221825,11.187904,10.984158,11.086086,10.882126,10.745911,10.643623,10.609497,10.404537,10.370338,10.216270,10.010487,9.907425,9.752644,9.511379,9.286831,9.148392,8.992432,8.714558,8.226437,7.577831,6.535103,5.284477,4.490860,4.164528,4.055538,4.128212,4.164528,4.218987,4.218987,4.291550,4.490860,4.563248,4.617508,4.906425,5.194580,5.446091,5.804367,5.875885,6.499577,6.942829,7.331345,7.454662,7.753536,7.911411,8.051544,8.191483,8.261383,8.418476,8.505650,8.505650,8.610161,8.557915,8.662369,8.818848,8.749332,8.870953,8.940388,8.940388,8.957737,8.940388,8.940388,8.940388,8.836220,8.940388,8.905678,8.905678,8.992432,8.853588,8.801476,8.992432,8.853588,8.940388,8.923035,8.957737,9.061775,9.044441,9.096436,9.044441,9.131081,9.200333,9.200333,9.113758,9.217640,9.286831,9.321407,9.286831,9.390537,9.338692,9.407806,9.390537,9.390537,9.494129,9.528633,9.476868,9.390537,9.407806,9.407806,9.459610,9.338692,9.373260,9.321407,9.338692,9.304119,9.183022,9.183022,8.992432,8.905678,8.836220,9.632080,11.086086,11.729134,12.133057,12.065849,11.729134,11.577221,11.137009,10.643623,10.301891,9.941792,9.614849,9.269539,9.131081,8.957737,8.836220,8.697163,8.592743,8.557915,8.505650,8.401035,8.401035,8.366138,8.435913,8.383591,8.435913,8.435913,8.418476,8.435913,8.505650,8.488220,8.523075,8.592743,8.679768,8.610161,8.697163,8.610161,8.610161,8.610161,8.697163,8.679768,8.714558,8.627563,8.784096,8.905678,8.853588,8.905678,9.009773,9.079109,9.079109,9.148392,9.079109,9.096436,9.200333,9.113758,9.165710,9.217640,9.252239,9.425079,9.442345,9.494129,9.597610,9.494129,9.459610,9.528633,9.528633,9.459610,9.459610,9.511379,9.373260,9.528633,9.580376,9.614849,9.683773,9.563126,9.563126,9.597610,9.787056,9.821461,9.821461,9.958965,9.993317,10.027649,10.079128,9.993317,9.890244,10.147728,10.199139,10.216270,10.113426,10.096279,10.096279,10.096279,10.147728,10.233398,10.233398,10.319000,10.233398,10.284771,10.182007,10.267654,10.284771,10.336117,10.370338,10.336117,10.147728,10.199139,10.027649,10.096279,10.079128,10.113426,10.044807,9.941792,9.890244,9.941792,9.752644,9.632080,9.476868,9.494129,9.373260,9.355976,9.304119,9.304119,9.286831,9.321407,9.269539,9.269539,9.252239,9.183022,9.252239,9.234943,9.252239,9.183022,9.096436,9.061775,9.442345,9.563126,9.580376,9.683773,9.700993,9.632080,9.614849,9.700993,9.700993,9.683773,9.683773,9.632080,9.752644,9.700993,9.700993,9.528633,9.614849,9.442345,9.321407,9.269539,9.390537,9.442345,9.407806,9.390537,9.407806,9.390537,9.476868,9.494129,9.442345,9.476868,9.390537,9.390537,9.494129,9.528633,9.563126,9.563126,9.545887,9.545887,9.563126,9.614849,9.683773,9.683773,9.597610,9.580376,9.632080,9.683773,9.632080,9.614849,9.614849,9.476868,9.338692,9.183022,9.027115,8.627563,8.644970,8.523075,8.383591,8.331230,8.313774,8.470791,8.453358,8.470791,8.366138,8.296310,8.069046,8.104042,8.086544,7.981499,7.296085,6.321754,5.517838,5.284477,5.122616,5.158604,5.014572,5.158604,5.050598,5.140610,5.212570,5.266499,5.338371,5.302444,5.464031,5.464031,5.464031,5.428139,5.517838,5.589546,5.607468,5.625381,5.661201,5.679108,5.714912,5.750706,5.804367,5.768597,5.875885,5.947346,5.911625,6.000916,6.000916,6.054455,6.018761,6.161457,6.161457,6.179276,6.197094,6.339550,6.552864,6.481804,6.641617,6.659363,6.765751,6.801193,6.925133,7.119606,7.190231,7.260815,7.313717,7.525059,7.560242,7.700855,7.700855,7.753536,8.016525,7.999016,8.121536,8.243912,8.383591,8.435913,8.644970,8.592743,8.679768,8.766716,8.975086,8.975086,9.009773,9.027115,9.269539,9.425079,9.459610,9.511379,9.666546,9.683773,9.769852,9.821461,9.958965,10.061974,10.147728,10.199139,10.558300,10.677727,10.899132,10.916145,11.153976,11.323498,11.509636,11.762863,11.863968,12.384636,12.585411,12.885777,13.615929,13.847038,14.044678,14.192616,14.733006,14.912418,15.188980,15.642616,15.965214,16.334732,16.414852,16.638790,16.830284,17.100819,17.623531,17.512928,17.844315,18.143013,18.252785,18.424995,18.674843,18.643650,18.706017,19.141251,19.280655,19.249695,19.001602,18.892838,19.125748,19.419815,19.481583,19.543312,19.063705,19.172256,19.079224,19.296127,19.218727,21.913513,23.570671,20.904388,19.835854,19.527885,19.497025,19.327065,19.280655,19.327065,19.358002,19.419815,19.497025,19.697411,19.666618,19.789734,19.897308,19.928017,20.020065,20.020065,20.050720,19.928017,19.897308,19.897308,19.866592,19.789734,19.881943,19.958702,19.958702,19.943367,19.943367,19.851219,19.835854,19.835854,19.943367,20.066055,20.081375,19.989395,19.835854,19.774353,19.820488,19.881943,19.758972,19.682014,19.620399,19.635811,19.989395,20.096687,20.004730,19.774353,19.574158,19.497025,19.435257,19.342529,19.358002,19.311600,19.265175,19.296127,19.327065,19.265175,19.234207,19.063705,19.032661,18.923927,19.187744,18.892838,18.752762,18.612450,18.628052,18.799477,18.690430,18.565624,18.550014,18.331108,18.503151,18.393715,18.456272,18.378067,18.331108,18.315449,18.299789,18.409359,18.315449,18.205757,18.080215,18.064510,18.064510,17.938759,17.891544,17.860062,17.749767,17.718227,17.891544,17.907284,18.001652,17.891544,17.655106,17.623531,17.670891,17.576149,17.607742,17.433830,17.211967,17.227837,17.164352,17.148476,17.148476,17.164352,17.132591,17.196098,17.005432,16.957703,16.925861,16.830284,16.782452,16.766499,16.702667,16.494896,16.430859,16.286617,16.302662,16.093914,15.965214,15.771801,15.529427,15.399883,15.383682,16.398830,16.430859,16.109989,15.949108,15.642616,15.642616,15.610291,15.513241,15.513241,15.480865,15.237690,15.091465,15.058941,15.026398,14.863525,14.847221,14.733006,14.634995,14.504147,14.422272,14.520515,14.323921,14.356716,14.028225,14.011765,13.880009,13.715046,13.748062,13.599396,13.599396,13.384232,13.251579,13.185173,13.002323,12.952389,12.835777,12.819115,12.602119,12.434868,12.434868,12.334373,12.317612,12.334373,12.149849,12.267311,12.284077,
12.769081,12.969040,12.952389,13.268166,13.185173,13.367657,13.351086,13.384232,13.351086,13.284760,13.052223,13.085476,13.018955,13.035591,12.985676,12.869114,12.852448,12.685638,12.568703,12.585411,12.585411,12.384636,12.200203,12.149849,12.015423,11.914482,11.863968,11.880806,11.644768,11.594112,11.594112,11.441990,11.391228,11.069107,10.950157,10.814041,10.626560,10.421631,10.284771,10.027649,9.855862,9.683773,9.355976,9.131081,8.627563,7.806187,6.499577,5.284477,4.617508,4.255280,4.255280,4.110050,4.218987,4.255280,4.309685,4.436539,4.545155,4.671738,4.888393,4.960514,5.356339,5.607468,6.036610,6.232731,6.836617,7.172585,7.630577,7.876347,8.139027,8.191483,8.331230,8.488220,8.592743,8.662369,8.731949,8.940388,8.940388,8.992432,9.061775,9.027115,9.131081,9.165710,9.113758,9.148392,9.286831,9.252239,9.217640,9.079109,9.113758,9.234943,9.131081,9.044441,9.165710,9.131081,9.165710,9.113758,9.217640,9.183022,9.269539,9.252239,9.252239,9.286831,9.373260,9.321407,9.476868,9.425079,9.476868,9.528633,9.494129,9.580376,9.494129,9.683773,9.649315,9.683773,9.683773,9.666546,9.683773,9.666546,9.718216,9.597610,9.580376,9.700993,9.580376,9.649315,9.563126,9.597610,9.528633,9.476868,9.459610,9.373260,9.321407,9.183022,9.113758,9.044441,9.890244,11.391228,12.367878,12.367878,12.468342,12.216988,11.813431,11.357365,11.086086,10.694775,10.336117,9.976139,9.666546,9.476868,9.269539,9.113758,8.905678,8.888317,8.801476,8.697163,8.610161,8.523075,8.592743,8.470791,8.470791,8.435913,8.401035,8.488220,8.488220,8.453358,8.557915,8.592743,8.523075,8.540497,8.453358,8.470791,8.470791,8.470791,8.488220,8.540497,8.557915,8.540497,8.557915,8.557915,8.610161,8.627563,8.679768,8.697163,8.714558,8.801476,8.784096,8.731949,8.853588,8.801476,8.836220,8.870953,8.836220,8.940388,9.044441,9.044441,9.079109,9.096436,9.148392,9.234943,9.304119,9.252239,9.131081,9.200333,9.148392,9.234943,9.269539,9.286831,9.252239,9.321407,9.304119,9.269539,9.304119,9.425079,9.476868,9.442345,9.597610,9.700993,9.769852,9.787056,9.873051,9.993317,10.027649,10.096279,10.267654,10.199139,10.319000,10.199139,10.370338,10.199139,10.301891,10.301891,10.353233,10.250530,10.233398,10.199139,10.284771,10.250530,10.336117,10.404537,10.319000,10.267654,10.216270,10.061974,10.113426,10.182007,10.147728,10.130581,10.044807,10.027649,10.027649,9.993317,9.907425,9.873051,9.838661,9.752644,9.821461,9.838661,9.787056,9.718216,9.821461,9.804260,9.735428,9.666546,9.649315,9.597610,9.511379,9.511379,9.355976,9.338692,9.563126,9.821461,9.924606,9.752644,9.804260,9.838661,9.821461,9.821461,9.666546,9.735428,9.804260,9.890244,9.907425,9.958965,9.890244,9.787056,9.752644,9.683773,9.580376,9.511379,9.407806,9.407806,9.373260,9.390537,9.338692,9.304119,9.425079,9.355976,9.407806,9.373260,9.234943,9.183022,9.200333,9.252239,9.286831,9.148392,9.217640,9.286831,9.234943,9.148392,9.148392,9.252239,9.200333,9.252239,9.252239,9.286831,9.252239,9.269539,9.200333,9.252239,9.165710,9.131081,9.009773,8.801476,8.557915,8.488220,8.523075,8.540497,8.435913,8.401035,8.278851,8.226437,8.104042,8.139027,8.121536,8.016525,8.016525,7.963982,7.735977,7.031254,6.232731,5.464031,5.140610,5.014572,5.050598,4.942490,4.906425,4.743999,4.906425,4.996559,4.960514,5.032589,5.086613,5.068611,5.068611,5.122616,5.140610,5.230549,5.194580,5.212570,5.284477,5.302444,5.320412,5.374290,5.392242,5.517838,5.481972,5.481972,5.499908,5.499908,5.643291,5.661201,5.714912,5.643291,5.679108,5.750706,5.858009,5.893753,5.911625,5.893753,6.090134,6.232731,6.161457,6.179276,6.268349,6.357342,6.428486,6.481804,6.588379,6.623875,6.783474,6.872036,6.925133,7.031254,6.942829,7.084278,7.101940,7.260815,7.278450,7.401833,7.401833,7.577831,7.560242,7.753536,7.823730,7.911411,8.016525,8.104042,8.104042,8.156513,8.435913,8.418476,8.540497,8.610161,8.662369,8.766716,8.888317,8.766716,8.888317,8.870953,9.009773,9.113758,9.044441,9.079109,9.096436,9.096436,9.061775,9.131081,9.131081,9.321407,9.390537,9.269539,9.528633,9.769852,9.958965,10.199139,10.199139,10.301891,10.370338,10.541225,10.592438,10.882126,11.137009,11.255722,11.627888,11.796577,12.082661,12.451607,12.719025,13.035591,13.400806,13.648983,13.945911,14.225464,14.405884,14.765656,15.318825,15.594124,15.610291,15.852440,16.142136,16.574867,16.894020,17.084930,17.180225,16.510895,16.894020,17.196098,17.196098,17.100819,19.851219,21.883583,19.527885,18.612450,18.346760,18.659248,18.737183,18.706017,18.877281,18.970543,18.923927,19.048180,19.203239,19.234207,19.481583,19.527885,19.635811,19.866592,19.989395,20.157944,19.928017,19.851219,19.682014,19.789734,19.789734,19.789734,20.066055,20.050720,20.050720,19.943367,20.066055,19.866592,19.835854,19.943367,19.928017,19.974052,19.912659,19.958702,19.851219,19.866592,19.851219,19.881943,19.835854,19.928017,19.851219,20.280304,20.752632,20.539673,19.974052,19.851219,19.820488,19.728195,19.712807,19.712807,19.743591,19.728195,19.712807,19.712807,19.620399,19.512459,19.481583,19.419815,19.774353,19.805107,19.327065,19.265175,19.234207,19.218727,19.234207,19.234207,19.110237,19.110237,19.017136,19.017136,18.923927,18.955009,19.187744,19.001602,18.892838,18.892838,19.141251,19.079224,18.783913,18.861725,18.737183,18.659248,18.659248,18.581238,18.550014,18.331108,18.503151,18.440628,18.659248,18.737183,18.487526,18.378067,18.205757,18.315449,18.237114,18.048801,18.048801,17.938759,17.938759,17.891544,17.938759,17.923019,17.970207,17.907284,17.875805,17.844315,17.718227,17.686680,17.512928,17.481293,17.623531,17.528736,17.418003,17.338821,17.243698,16.989529,16.846222,16.718632,16.590855,16.302662,16.222427,16.542885,17.844315,17.985931,17.607742,17.402172,17.275417,17.307125,17.116711,17.069038,16.878090,16.925861,16.814339,16.846222,16.702667,16.686703,16.686703,16.686703,16.622818,16.670738,16.526890,16.510895,16.366791,16.238480,16.270573,16.222427,16.142136,16.061756,16.109989,15.997406,15.965214,15.884674,15.787926,15.723377,15.513241,15.480865,15.318825,15.156490,15.026398,14.912418,14.700352,14.520515,14.438644,14.192616,14.209038,14.176193,14.143326,13.962376,
11.238777,11.594112,11.762863,11.931309,12.367878,12.585411,12.735714,12.869114,13.068855,13.002323,12.985676,12.952389,12.985676,13.301342,13.615929,13.566330,13.582870,13.450489,13.582870,13.467049,13.483601,13.284760,13.135342,13.052223,12.985676,12.802441,12.919083,12.785763,12.685638,12.568703,12.652241,12.618832,12.535263,12.284077,12.065849,11.931309,11.695396,11.475815,11.458900,11.052120,10.711826,10.541225,10.233398,10.044807,9.183022,7.999016,6.464035,5.230549,4.563248,4.400314,4.309685,4.327812,4.291550,4.364071,4.436539,4.508957,4.780113,4.762062,4.888393,5.248528,5.481972,5.893753,6.179276,6.712570,7.172585,7.612995,7.823730,8.121536,8.296310,8.557915,8.679768,8.836220,9.009773,8.975086,9.096436,9.183022,9.148392,9.269539,9.321407,9.390537,9.442345,9.528633,9.511379,9.511379,9.494129,9.494129,9.528633,9.494129,9.373260,9.425079,9.442345,9.373260,9.528633,9.442345,9.511379,9.425079,9.563126,9.528633,9.563126,9.545887,9.597610,9.528633,9.580376,9.752644,9.718216,9.735428,9.752644,9.735428,9.769852,9.735428,9.769852,9.821461,9.804260,9.821461,9.855862,9.907425,9.941792,9.890244,9.838661,9.873051,9.958965,9.907425,9.838661,9.787056,9.804260,9.838661,9.718216,9.821461,9.683773,9.614849,9.476868,9.407806,9.459610,9.442345,10.250530,12.065849,12.752399,12.902435,12.885777,12.618832,12.216988,11.813431,11.458900,11.120033,10.728870,10.353233,10.027649,9.769852,9.632080,9.442345,9.338692,9.200333,9.217640,8.992432,9.027115,8.853588,8.923035,8.870953,8.784096,8.836220,8.784096,8.749332,8.627563,8.836220,8.784096,8.662369,8.731949,8.749332,8.801476,8.644970,8.644970,8.592743,8.592743,8.662369,8.627563,8.679768,8.662369,8.697163,8.627563,8.679768,8.731949,8.749332,8.853588,8.801476,8.836220,8.714558,8.766716,8.836220,8.749332,8.801476,8.749332,8.818848,8.749332,8.957737,8.940388,8.905678,8.940388,8.905678,8.923035,8.992432,8.957737,9.044441,9.148392,9.079109,8.992432,9.044441,9.079109,9.165710,9.183022,9.044441,9.079109,9.131081,9.217640,9.217640,9.252239,9.252239,9.373260,9.425079,9.459610,9.494129,9.614849,9.787056,9.958965,10.044807,10.182007,10.182007,10.216270,10.130581,10.113426,10.233398,10.250530,10.267654,10.113426,10.147728,10.113426,10.147728,10.250530,10.199139,10.182007,10.216270,10.182007,10.061974,10.096279,10.096279,10.044807,10.147728,10.044807,10.079128,10.113426,10.010487,10.061974,9.976139,10.096279,10.079128,10.010487,9.993317,10.113426,10.113426,10.096279,10.130581,10.182007,10.113426,10.096279,10.096279,10.027649,9.924606,9.821461,9.958965,10.079128,10.233398,10.199139,10.199139,10.182007,10.216270,10.182007,10.010487,10.079128,10.010487,9.993317,10.079128,10.182007,10.233398,10.250530,10.147728,10.130581,10.010487,9.873051,9.683773,9.700993,9.787056,9.614849,9.494129,9.494129,9.338692,9.390537,9.442345,9.390537,9.373260,9.304119,9.183022,9.183022,9.200333,9.200333,9.200333,9.148392,9.096436,9.113758,9.113758,9.148392,9.217640,9.165710,9.183022,9.183022,9.148392,9.148392,9.079109,9.096436,9.096436,9.061775,8.957737,8.923035,8.784096,8.714558,8.575333,8.575333,8.488220,8.366138,8.296310,8.261383,8.191483,8.121536,8.121536,8.069046,7.928940,7.893879,7.788635,7.665718,7.066605,6.179276,5.428139,5.032589,4.978535,4.906425,4.996559,4.653660,4.671738,4.707874,4.725941,4.870358,4.798172,4.816223,4.798172,4.816223,4.888393,4.888393,4.888393,4.960514,4.906425,5.014572,5.014572,4.978535,5.050598,5.068611,5.104614,5.068611,5.086613,5.140610,5.140610,5.230549,5.338371,5.266499,5.499908,5.338371,5.302444,5.410194,5.428139,5.481972,5.535770,5.428139,5.607468,5.714912,5.679108,5.822250,5.840134,6.054455,6.125797,6.179276,6.250534,6.321754,6.321754,6.517342,6.570625,6.570625,6.623875,6.677101,6.836617,6.818905,6.942829,6.925133,7.013577,7.190231,7.066605,7.296085,7.296085,7.278450,7.437057,7.577831,7.735977,7.753536,7.876347,7.911411,7.981499,8.034035,8.191483,8.366138,8.401035,8.540497,8.575333,8.575333,8.592743,8.557915,8.557915,8.523075,8.435913,8.418476,8.296310,8.348686,8.401035,8.435913,8.523075,8.801476,9.338692,9.511379,9.528633,9.096436,8.801476,8.836220,8.836220,9.113758,9.131081,9.269539,9.390537,9.407806,9.528633,9.563126,9.597610,9.735428,9.718216,9.769852,9.821461,9.890244,10.113426,10.096279,10.233398,10.472908,10.575371,10.728870,10.797012,11.001148,11.272675,11.526535,11.611008,11.880806,11.914482,12.300850,12.568703,12.702332,12.334373,13.781071,16.045673,14.896122,14.765656,14.944996,15.464684,15.691078,15.804058,16.174263,16.414852,16.494896,16.814339,17.148476,17.275417,17.449657,17.686680,17.828564,18.080215,17.970207,18.565624,18.783913,18.846176,18.674843,18.799477,19.094734,19.079224,19.110237,19.141251,18.970543,18.955009,19.156754,19.481583,19.342529,19.296127,19.280655,19.419815,19.512459,19.419815,19.419815,19.404366,19.558739,19.481583,19.466148,19.712807,19.789734,19.866592,19.989395,20.020065,19.774353,19.697411,19.635811,19.651215,19.635811,19.666618,19.758972,19.835854,19.651215,19.589577,19.635811,19.666618,19.589577,19.512459,19.758972,19.866592,19.342529,19.311600,19.419815,19.558739,19.466148,19.481583,19.373451,19.342529,19.497025,19.311600,19.373451,19.651215,19.651215,19.404366,19.280655,19.280655,19.404366,19.280655,19.125748,19.094734,19.032661,19.017136,19.125748,19.373451,19.358002,19.203239,19.125748,18.908379,19.017136,19.079224,18.939468,18.846176,18.830605,18.737183,18.861725,18.674843,18.565624,18.612450,18.534397,18.565624,18.487526,18.487526,18.581238,18.424995,18.518776,18.362411,18.284119,18.362411,18.284119,18.221436,18.299789,18.174385,18.001652,17.938759,17.749767,17.512928,17.449657,17.370502,17.227837,17.005432,16.734592,17.307125,19.342529,19.373451,19.388908,19.032661,18.550014,18.424995,18.378067,18.205757,18.205757,18.080215,18.127319,18.158703,18.001652,18.080215,18.001652,18.001652,18.017372,18.033096,17.860062,17.733997,17.718227,17.623531,17.560349,17.655106,17.528736,17.481293,17.560349,17.576149,17.386341,17.449657,17.607742,17.386341,17.386341,17.275417,16.941784,17.069038,16.894020,16.878090,16.798401,16.686703,16.606838,16.462883,16.510895,16.510895,16.430859,16.494896,
9.907425,9.907425,9.632080,9.666546,9.735428,10.010487,10.061974,10.404537,10.626560,10.694775,10.694775,10.831066,11.170944,11.745995,11.914482,12.317612,12.752399,12.652241,12.752399,12.835777,13.168564,13.102104,13.151951,13.251579,13.351086,13.400806,13.500156,13.533249,13.433933,13.715046,13.896488,14.044678,13.962376,13.748062,13.648983,13.317928,13.135342,13.052223,12.835777,12.468342,12.149849,11.880806,11.627888,11.170944,10.113426,8.348686,6.623875,5.356339,4.707874,4.490860,4.436539,4.400314,4.436539,4.545155,4.581333,4.725941,4.852314,5.086613,5.158604,5.320412,5.661201,6.072296,6.499577,6.995895,7.507469,7.946465,8.139027,8.488220,8.766716,8.957737,9.079109,9.200333,9.304119,9.390537,9.425079,9.407806,9.528633,9.373260,9.649315,9.683773,9.666546,9.735428,9.821461,9.873051,9.838661,9.821461,9.735428,9.787056,9.700993,9.735428,9.735428,9.907425,9.873051,9.838661,9.838661,9.855862,9.821461,9.941792,9.958965,9.941792,9.958965,9.924606,9.890244,10.027649,9.976139,9.993317,9.993317,9.993317,10.010487,10.079128,10.079128,10.096279,10.147728,10.079128,10.164867,10.164867,10.182007,10.182007,10.130581,10.113426,10.147728,10.130581,10.096279,10.010487,10.027649,10.113426,9.958965,10.010487,9.958965,9.804260,9.769852,9.580376,9.580376,9.666546,10.694775,12.568703,13.384232,13.483601,13.400806,12.985676,12.752399,12.216988,11.796577,11.475815,11.204865,10.694775,10.575371,10.284771,10.079128,9.855862,9.735428,9.649315,9.597610,9.425079,9.338692,9.286831,9.252239,9.131081,9.131081,9.200333,9.131081,9.079109,9.113758,9.061775,9.148392,9.183022,9.044441,9.148392,9.148392,9.096436,9.061775,9.061775,9.096436,9.027115,9.009773,9.009773,9.044441,9.044441,8.940388,8.992432,9.061775,9.165710,9.096436,9.096436,9.027115,9.009773,9.009773,8.975086,9.009773,8.992432,8.957737,9.096436,9.009773,8.923035,8.975086,8.957737,8.940388,8.923035,8.957737,8.905678,8.923035,8.957737,8.992432,9.061775,9.061775,9.061775,9.079109,9.096436,9.044441,8.992432,9.079109,8.992432,9.044441,9.044441,9.061775,9.096436,9.079109,9.061775,9.131081,9.200333,9.200333,9.286831,9.528633,9.494129,9.735428,9.683773,9.683773,9.787056,9.907425,9.907425,10.027649,10.010487,10.079128,10.079128,10.079128,10.164867,10.096279,10.199139,10.113426,10.079128,10.130581,10.061974,10.044807,10.044807,10.061974,10.010487,9.958965,9.958965,9.890244,9.924606,10.027649,10.164867,10.079128,10.096279,10.061974,10.096279,10.096279,10.216270,10.164867,10.182007,10.301891,10.233398,10.147728,10.147728,10.130581,10.147728,10.061974,10.096279,10.199139,10.233398,10.250530,10.164867,10.250530,10.216270,10.233398,10.267654,10.147728,10.216270,10.147728,10.216270,10.370338,10.387436,10.336117,10.455822,10.387436,10.472908,10.284771,10.284771,10.130581,10.216270,10.164867,10.113426,9.941792,9.873051,9.873051,9.838661,9.735428,9.769852,9.735428,9.407806,9.304119,9.338692,9.252239,9.286831,9.217640,9.321407,9.217640,9.113758,9.234943,9.390537,9.252239,9.286831,9.269539,9.217640,9.096436,9.217640,9.131081,8.992432,9.079109,9.027115,8.853588,8.818848,8.749332,8.610161,8.575333,8.453358,8.401035,8.261383,8.191483,8.086544,8.051544,8.016525,8.016525,7.823730,7.700855,7.612995,7.437057,6.925133,6.072296,5.284477,4.870358,4.780113,4.780113,4.816223,4.599422,4.581333,4.689812,4.671738,4.707874,4.743999,4.689812,4.671738,4.653660,4.780113,4.762062,4.671738,4.689812,4.780113,4.725941,4.816223,4.780113,4.870358,4.816223,4.798172,4.834267,4.870358,4.960514,4.852314,4.924461,5.068611,4.942490,5.050598,4.960514,4.906425,4.960514,4.942490,4.870358,4.960514,4.888393,4.924461,4.978535,5.068611,5.284477,5.302444,5.374290,5.571625,5.714912,5.875885,5.929482,5.929482,6.054455,6.107971,6.214916,6.214916,6.286148,6.339550,6.535103,6.623875,6.641617,6.730297,6.801193,6.783474,6.925133,6.942829,7.066605,7.084278,7.172585,7.296085,7.331345,7.437057,7.507469,7.595413,7.735977,7.823730,7.946465,7.981499,7.999016,8.121536,8.104042,8.156513,8.226437,8.121536,8.226437,8.016525,8.051544,8.086544,8.139027,8.174004,8.191483,8.453358,8.714558,9.373260,10.267654,9.838661,8.923035,8.766716,8.784096,8.975086,9.131081,9.217640,9.286831,9.407806,9.373260,9.373260,9.407806,9.321407,9.355976,9.234943,9.165710,8.957737,8.992432,9.131081,8.992432,9.044441,9.079109,9.079109,9.096436,9.096436,9.027115,9.079109,9.131081,9.217640,9.269539,9.183022,9.373260,9.338692,9.442345,9.200333,9.338692,10.130581,10.044807,9.976139,10.216270,10.438725,10.643623,10.711826,10.865101,11.153976,11.357365,11.560329,11.948143,12.032238,12.485077,12.652241,12.935738,13.201775,13.367657,13.748062,14.061119,14.323921,14.455032,14.700352,15.075207,15.188980,15.383682,15.642616,15.723377,15.916897,16.382813,16.622818,16.686703,16.654766,16.798401,16.973614,17.275417,17.338821,17.370502,17.639320,17.891544,18.017372,18.221436,18.456272,18.768341,18.846176,18.550014,18.628052,18.643650,18.706017,18.908379,18.846176,18.908379,18.846176,18.877281,18.939468,18.986076,18.939468,18.923927,19.234207,19.141251,19.125748,19.048180,19.234207,19.079224,19.079224,19.110237,19.327065,19.481583,19.342529,19.172256,19.187744,19.234207,19.311600,19.512459,19.928017,19.758972,19.388908,19.342529,19.172256,19.141251,19.079224,19.094734,19.079224,19.172256,19.110237,19.203239,19.311600,19.373451,19.404366,19.450706,19.203239,19.218727,19.435257,19.388908,19.187744,19.203239,19.094734,19.079224,18.955009,18.955009,18.861725,19.017136,18.970543,18.923927,18.955009,19.048180,18.923927,19.079224,18.939468,18.986076,18.955009,19.156754,18.892838,18.690430,18.596848,18.503151,18.440628,18.174385,18.001652,17.875805,17.686680,17.497108,17.402172,17.227837,18.331108,21.040726,20.919548,20.813370,20.219147,19.743591,19.651215,19.574158,19.574158,19.404366,19.466148,19.419815,19.512459,19.311600,19.388908,19.187744,19.063705,18.939468,19.172256,19.063705,19.079224,19.063705,19.063705,18.986076,18.783913,18.861725,18.892838,19.001602,19.048180,19.079224,18.892838,18.908379,18.690430,18.659248,18.628052,18.596848,18.378067,18.440628,18.268456,18.284119,18.252785,18.017372,18.033096,17.938759,17.749767,17.938759,17.812809,
10.865101,11.069107,9.941792,9.096436,8.905678,9.027115,9.183022,9.373260,9.131081,8.870953,8.592743,8.470791,8.697163,8.975086,9.269539,9.580376,9.907425,9.752644,9.769852,9.958965,10.250530,10.489990,10.814041,10.848083,11.035133,11.374298,11.830276,12.116257,12.166641,12.869114,13.284760,13.615929,14.028225,14.028225,14.044678,14.192616,14.028225,14.159763,13.978848,13.748062,13.500156,13.417366,13.234974,12.702332,11.170944,8.488220,6.499577,5.338371,4.762062,4.581333,4.490860,4.599422,4.563248,4.653660,4.798172,4.942490,5.104614,5.284477,5.535770,5.607468,5.929482,6.392914,6.783474,7.507469,7.911411,8.348686,8.488220,8.818848,9.044441,9.286831,9.304119,9.494129,9.528633,9.649315,9.718216,9.769852,9.821461,9.890244,9.976139,9.993317,10.027649,10.061974,10.079128,10.130581,9.976139,10.027649,10.113426,10.079128,10.061974,10.010487,10.113426,10.113426,10.147728,10.164867,10.164867,10.182007,10.233398,10.164867,10.199139,10.301891,10.250530,10.233398,10.216270,10.216270,10.267654,10.319000,10.233398,10.216270,10.267654,10.267654,10.199139,10.233398,10.216270,10.267654,10.284771,10.319000,10.336117,10.370338,10.319000,10.387436,10.370338,10.301891,10.301891,10.199139,10.199139,10.250530,10.182007,10.199139,10.079128,9.958965,10.044807,9.752644,9.821461,9.769852,11.137009,13.102104,13.863529,13.962376,13.764572,13.467049,13.085476,12.551975,12.183426,11.880806,11.458900,11.103065,10.882126,10.575371,10.387436,10.233398,10.079128,9.993317,9.976139,9.804260,9.769852,9.632080,9.632080,9.580376,9.649315,9.390537,9.511379,9.476868,9.494129,9.459610,9.580376,9.442345,9.442345,9.476868,9.459610,9.476868,9.321407,9.355976,9.269539,9.442345,9.304119,9.321407,9.304119,9.390537,9.425079,9.407806,9.425079,9.407806,9.442345,9.476868,9.425079,9.355976,9.304119,9.269539,9.269539,9.252239,9.183022,9.304119,9.321407,9.269539,9.269539,9.200333,9.148392,9.131081,9.165710,9.131081,9.165710,9.234943,9.200333,9.217640,9.165710,9.234943,9.200333,9.252239,9.252239,9.165710,9.148392,9.183022,9.183022,9.148392,9.131081,9.131081,9.165710,9.044441,9.165710,9.165710,9.061775,9.165710,9.183022,9.234943,9.200333,9.217640,9.269539,9.200333,9.321407,9.321407,9.476868,9.563126,9.700993,9.752644,9.787056,9.804260,9.924606,9.924606,9.838661,9.907425,9.907425,9.769852,9.907425,9.924606,9.941792,9.855862,9.855862,9.838661,9.769852,9.769852,9.890244,9.838661,9.873051,9.890244,9.958965,9.958965,10.061974,9.993317,10.044807,9.993317,9.924606,9.976139,10.010487,9.993317,9.976139,10.079128,10.027649,10.061974,10.044807,9.958965,9.838661,9.976139,9.958965,9.924606,9.993317,10.044807,10.096279,10.061974,9.993317,9.993317,10.096279,10.233398,10.199139,10.319000,10.319000,10.455822,10.438725,10.336117,10.233398,10.182007,10.216270,10.250530,10.130581,10.199139,10.010487,10.044807,10.027649,10.096279,9.993317,9.873051,9.718216,9.752644,9.718216,9.718216,9.649315,9.700993,9.614849,9.614849,9.649315,9.769852,9.718216,9.666546,9.666546,9.545887,9.545887,9.459610,9.476868,9.338692,9.252239,9.269539,9.148392,9.044441,9.027115,8.940388,8.731949,8.610161,8.540497,8.383591,8.208961,8.034035,7.981499,7.981499,7.893879,7.718422,7.595413,7.437057,7.331345,6.854328,5.983063,5.086613,4.798172,4.599422,4.725941,4.689812,4.617508,4.671738,4.671738,4.725941,4.707874,4.707874,4.743999,4.707874,4.725941,4.762062,4.762062,4.725941,4.743999,4.743999,4.798172,4.725941,4.780113,4.888393,4.834267,4.816223,4.870358,4.816223,4.816223,4.888393,4.852314,4.870358,4.870358,4.870358,4.906425,4.960514,4.888393,4.888393,4.834267,4.834267,4.906425,4.798172,4.834267,5.014572,4.996559,5.086613,5.158604,5.194580,5.266499,5.320412,5.374290,5.535770,5.589546,5.607468,5.804367,5.840134,5.929482,6.000916,6.107971,6.214916,6.268349,6.303955,6.339550,6.464035,6.517342,6.552864,6.730297,6.712570,6.818905,6.925133,7.048931,7.119606,7.154926,7.296085,7.384212,7.454662,7.560242,7.648148,7.753536,7.788635,7.858810,7.771088,7.771088,7.806187,7.928940,7.841270,7.858810,7.928940,8.104042,8.156513,8.208961,8.313774,8.627563,9.597610,10.421631,9.941792,9.096436,9.096436,9.252239,9.563126,9.718216,9.804260,9.821461,9.838661,9.735428,9.632080,9.666546,9.580376,9.614849,9.476868,9.407806,9.148392,9.131081,8.905678,8.853588,8.992432,8.957737,9.027115,8.992432,8.975086,8.957737,8.870953,8.923035,8.923035,8.888317,8.957737,8.940388,8.905678,8.853588,8.836220,8.888317,8.870953,8.731949,8.749332,8.801476,8.784096,8.749332,8.627563,8.853588,8.697163,8.853588,9.061775,9.165710,9.165710,9.304119,9.286831,9.459610,9.442345,9.580376,9.563126,9.752644,9.838661,9.769852,9.873051,10.027649,10.147728,10.267654,10.301891,10.353233,10.541225,10.711826,10.984158,11.052120,11.221825,11.458900,11.644768,11.897648,12.149849,12.284077,12.602119,12.902435,13.301342,13.582870,13.731560,13.896488,14.110455,14.241875,14.585953,14.634995,14.912418,15.042671,15.399883,15.529427,15.739521,15.884674,16.045673,16.206375,16.286617,16.462883,16.702667,16.670738,16.814339,17.005432,17.132591,17.227837,17.512928,17.591946,17.954483,17.686680,17.938759,17.891544,17.970207,18.064510,18.158703,18.299789,18.799477,18.737183,18.315449,18.252785,18.205757,18.284119,18.331108,18.362411,18.331108,18.471905,18.518776,18.518776,18.628052,18.643650,18.815041,18.799477,18.815041,18.752762,18.923927,18.846176,18.581238,18.721603,18.908379,18.877281,18.877281,18.830605,18.892838,18.923927,18.892838,18.923927,18.955009,19.125748,19.156754,19.125748,19.079224,19.141251,19.032661,19.079224,19.017136,18.892838,18.815041,18.581238,18.643650,18.284119,18.064510,17.938759,17.797050,17.718227,17.639320,17.639320,19.527885,22.375916,21.853638,21.598656,21.252312,21.131470,20.798195,20.767830,20.676643,20.539673,20.478722,20.402458,20.387207,20.524437,20.585358,20.509201,20.249733,20.188553,20.341400,20.295578,20.203842,20.402458,20.295578,20.142639,20.035400,20.050720,19.974052,20.249733,20.432976,20.249733,20.219147,20.157944,20.203842,19.958702,19.958702,19.866592,19.728195,19.574158,19.574158,19.543312,19.574158,19.512459,19.481583,19.512459,19.311600,19.280655,19.017136,
14.977566,14.993847,12.885777,10.797012,10.301891,10.541225,10.797012,11.204865,10.096279,9.096436,8.418476,8.243912,8.383591,8.662369,9.321407,9.907425,9.494129,8.679768,7.999016,7.893879,8.261383,8.401035,8.313774,8.435913,8.313774,8.435913,8.679768,9.009773,9.528633,9.787056,10.130581,10.524147,10.899132,11.323498,11.543430,11.914482,12.149849,12.401375,12.585411,12.602119,12.769081,12.919083,13.102104,12.585411,10.797012,7.981499,6.428486,5.392242,4.942490,4.707874,4.834267,4.762062,4.743999,4.888393,5.032589,5.140610,5.176598,5.481972,5.464031,5.840134,6.107971,6.552864,7.225533,7.893879,8.401035,8.766716,9.131081,9.183022,9.338692,9.563126,9.735428,9.787056,9.718216,9.804260,9.941792,10.044807,10.130581,9.993317,10.250530,10.250530,10.301891,10.284771,10.336117,10.301891,10.421631,10.387436,10.353233,10.319000,10.353233,10.370338,10.336117,10.438725,10.472908,10.438725,10.404537,10.455822,10.524147,10.438725,10.421631,10.472908,10.541225,10.507072,10.370338,10.489990,10.438725,10.472908,10.455822,10.438725,10.524147,10.421631,10.489990,10.404537,10.524147,10.609497,10.524147,10.455822,10.592438,10.660679,10.592438,10.609497,10.592438,10.455822,10.489990,10.472908,10.438725,10.438725,10.438725,10.353233,10.267654,10.267654,10.164867,9.993317,9.976139,10.027649,11.644768,13.665508,14.471405,14.487770,14.159763,13.830551,13.351086,12.935738,12.518532,12.149849,11.745995,11.458900,11.204865,10.950157,10.831066,10.660679,10.541225,10.404537,10.353233,10.233398,10.164867,10.096279,10.027649,10.027649,9.976139,9.907425,9.941792,9.993317,9.873051,9.890244,9.855862,9.907425,9.890244,9.821461,9.838661,9.890244,9.890244,9.821461,9.873051,9.855862,9.769852,9.838661,9.735428,9.735428,9.821461,9.804260,9.804260,9.804260,9.821461,9.769852,9.804260,9.752644,9.804260,9.804260,9.787056,9.632080,9.666546,9.718216,9.666546,9.614849,9.649315,9.580376,9.545887,9.528633,9.597610,9.580376,9.597610,9.632080,9.597610,9.614849,9.597610,9.494129,9.545887,9.545887,9.494129,9.545887,9.494129,9.580376,9.545887,9.528633,9.494129,9.442345,9.459610,9.442345,9.338692,9.390537,9.304119,9.304119,9.373260,9.269539,9.321407,9.234943,9.252239,9.304119,9.252239,9.286831,9.269539,9.373260,9.425079,9.390537,9.459610,9.390537,9.580376,9.476868,9.528633,9.511379,9.442345,9.563126,9.614849,9.614849,9.511379,9.580376,9.580376,9.683773,9.580376,9.563126,9.614849,9.580376,9.649315,9.597610,9.649315,9.666546,9.700993,9.718216,9.769852,9.804260,9.787056,9.735428,9.580376,9.580376,9.683773,9.700993,9.787056,9.735428,9.735428,9.700993,9.752644,9.614849,9.804260,9.787056,9.752644,9.804260,9.838661,9.855862,9.821461,9.855862,9.958965,10.010487,10.061974,10.079128,10.044807,10.044807,10.044807,10.147728,10.096279,10.061974,9.993317,10.027649,10.044807,10.027649,9.924606,9.873051,9.804260,9.804260,9.838661,9.735428,9.855862,9.907425,9.873051,9.787056,9.752644,9.769852,9.787056,9.718216,9.787056,9.890244,9.924606,9.838661,9.838661,9.838661,9.838661,9.787056,9.769852,9.666546,9.545887,9.442345,9.390537,9.390537,9.355976,9.165710,9.113758,8.975086,8.905678,8.731949,8.644970,8.540497,8.453358,8.418476,8.313774,8.139027,8.016525,7.823730,7.612995,7.190231,6.018761,4.798172,4.436539,4.454651,4.418427,4.418427,4.418427,4.545155,4.508957,4.617508,4.527058,4.617508,4.653660,4.689812,4.689812,4.725941,4.725941,4.816223,4.852314,4.870358,4.888393,4.906425,4.888393,4.960514,4.888393,4.924461,4.924461,4.960514,4.888393,4.834267,4.888393,4.942490,4.942490,4.924461,4.888393,4.870358,4.960514,4.960514,4.942490,4.942490,4.996559,4.888393,4.996559,5.032589,5.050598,5.050598,5.122616,5.176598,5.176598,5.194580,5.284477,5.338371,5.374290,5.410194,5.410194,5.464031,5.607468,5.625381,5.786484,5.768597,5.750706,5.822250,5.965206,6.000916,5.983063,6.197094,6.125797,6.161457,6.303955,6.410706,6.517342,6.464035,6.677101,6.694839,6.836617,6.960518,7.013577,7.207882,7.225533,7.207882,7.384212,7.437057,7.472267,7.437057,7.384212,7.507469,7.507469,7.718422,7.911411,7.999016,8.121536,8.208961,8.627563,9.958965,10.421631,9.632080,9.200333,9.183022,9.390537,9.683773,9.855862,9.890244,9.941792,9.941792,9.907425,9.804260,9.700993,9.614849,9.563126,9.442345,9.407806,9.269539,9.200333,9.061775,8.940388,8.923035,8.888317,8.923035,8.975086,8.905678,8.888317,8.818848,8.888317,8.905678,9.027115,9.044441,8.992432,8.975086,8.992432,8.992432,8.870953,8.923035,8.923035,8.853588,8.905678,8.731949,8.505650,8.383591,8.366138,8.331230,8.383591,8.366138,8.453358,8.470791,8.523075,8.418476,8.348686,8.348686,8.348686,8.191483,8.331230,8.331230,8.261383,8.296310,8.366138,8.243912,8.191483,7.893879,7.806187,7.858810,7.911411,7.999016,8.174004,8.243912,8.226437,8.488220,8.470791,8.627563,8.749332,8.818848,8.957737,9.079109,9.252239,9.390537,9.338692,9.476868,9.769852,9.821461,9.804260,9.958965,10.113426,10.301891,10.353233,10.455822,10.609497,10.797012,10.899132,11.035133,11.103065,11.357365,11.560329,11.695396,12.082661,12.149849,12.334373,12.618832,12.885777,12.952389,13.118725,13.400806,13.566330,13.731560,13.929443,14.192616,14.274704,14.667679,14.961281,14.944996,15.123981,15.351257,15.416088,15.626457,15.916897,16.045673,16.270573,16.622818,16.718632,16.670738,16.846222,16.909943,16.766499,16.925861,16.957703,17.196098,17.211967,17.291267,17.528736,17.623531,17.797050,17.891544,18.001652,18.095917,17.985931,18.017372,18.205757,18.393715,18.424995,18.487526,18.487526,18.471905,18.393715,18.346760,18.205757,18.064510,18.284119,18.174385,18.158703,18.080215,18.017372,17.923019,17.907284,17.607742,17.560349,17.544540,17.749767,19.373451,21.703751,21.613678,21.252312,21.372955,21.282486,21.342804,20.995308,20.949860,20.798195,20.783012,20.737442,20.722244,20.874062,21.040726,20.965012,20.478722,20.539673,20.722244,20.874062,20.995308,21.010437,20.828552,20.752632,20.585358,20.676643,20.767830,20.813370,20.722244,20.783012,20.813370,20.722244,20.646225,20.783012,20.691849,20.387207,20.463470,20.371941,20.600578,20.371941,20.509201,20.463470,20.509201,20.570129,20.478722,20.417725,20.326126,
18.955009,20.142639,17.418003,14.011765,13.334507,13.682022,14.765656,14.340313,12.351128,10.916145,10.061974,9.924606,10.336117,10.797012,12.166641,12.434868,11.340439,9.476868,8.208961,7.806187,8.470791,8.905678,8.348686,7.999016,7.525059,7.331345,7.595413,8.243912,9.148392,8.766716,8.331230,8.453358,8.731949,9.234943,9.304119,9.061775,9.165710,9.407806,9.649315,9.632080,9.700993,9.855862,9.976139,9.649315,8.749332,7.454662,6.339550,5.571625,5.194580,4.996559,4.978535,5.050598,5.212570,5.086613,5.266499,5.302444,5.535770,5.679108,5.947346,6.161457,6.375134,7.066605,7.999016,8.870953,9.407806,9.511379,9.804260,9.873051,9.976139,10.130581,10.216270,10.216270,10.353233,10.319000,10.284771,10.353233,10.524147,10.438725,10.524147,10.489990,10.660679,10.660679,10.745911,10.711826,10.728870,10.814041,10.814041,10.745911,10.660679,10.745911,10.779976,10.831066,10.814041,10.848083,10.831066,10.848083,10.899132,10.882126,10.779976,10.797012,10.814041,10.797012,10.677727,10.745911,10.745911,10.779976,10.831066,10.762939,10.797012,10.745911,10.797012,10.728870,10.660679,10.762939,10.882126,10.865101,10.848083,10.882126,10.762939,10.848083,10.745911,10.677727,10.694775,10.745911,10.711826,10.592438,10.643623,10.575371,10.541225,10.421631,10.284771,10.233398,10.147728,10.336117,12.049046,14.274704,14.977566,14.863525,14.455032,14.044678,13.582870,13.185173,12.852448,12.367878,12.049046,11.729134,11.475815,11.323498,11.120033,11.153976,10.882126,10.745911,10.694775,10.660679,10.643623,10.524147,10.472908,10.472908,10.353233,10.370338,10.353233,10.404537,10.336117,10.284771,10.370338,10.250530,10.353233,10.182007,10.267654,10.233398,10.250530,10.164867,10.267654,10.164867,10.233398,10.147728,10.250530,10.147728,10.199139,10.130581,10.284771,10.113426,10.250530,10.250530,10.199139,10.130581,10.182007,10.250530,10.130581,10.113426,10.182007,10.113426,10.130581,9.993317,10.096279,10.044807,10.079128,10.044807,10.010487,9.958965,9.924606,10.044807,10.044807,9.993317,9.941792,9.941792,9.924606,9.941792,9.873051,9.769852,9.752644,9.890244,9.787056,9.821461,9.821461,9.718216,9.769852,9.666546,9.683773,9.735428,9.700993,9.700993,9.649315,9.614849,9.666546,9.528633,9.459610,9.511379,9.511379,9.442345,9.459610,9.528633,9.355976,9.373260,9.355976,9.390537,9.390537,9.355976,9.373260,9.390537,9.338692,9.407806,9.425079,9.407806,9.390537,9.407806,9.390537,9.494129,9.442345,9.373260,9.425079,9.545887,9.563126,9.459610,9.459610,9.476868,9.545887,9.442345,9.476868,9.528633,9.563126,9.494129,9.494129,9.425079,9.511379,9.476868,9.494129,9.528633,9.442345,9.442345,9.459610,9.442345,9.597610,9.545887,9.632080,9.614849,9.563126,9.683773,9.580376,9.683773,9.787056,9.855862,9.907425,9.821461,9.873051,9.804260,9.855862,9.821461,9.752644,9.735428,9.804260,9.787056,9.873051,9.821461,9.683773,9.683773,9.494129,9.511379,9.459610,9.528633,9.563126,9.597610,9.545887,9.494129,9.476868,9.494129,9.442345,9.459610,9.494129,9.614849,9.614849,9.580376,9.632080,9.580376,9.511379,9.494129,9.511379,9.476868,9.476868,9.355976,9.321407,9.217640,9.217640,9.148392,9.113758,8.957737,8.940388,8.731949,8.766716,8.662369,8.592743,8.557915,8.418476,8.331230,8.278851,8.208961,8.016525,7.260815,5.768597,4.563248,4.200836,4.110050,4.218987,4.146374,4.273415,4.345943,4.364071,4.472755,4.418427,4.527058,4.635590,4.689812,4.725941,4.707874,4.798172,4.888393,4.906425,4.996559,5.050598,5.014572,5.068611,5.140610,5.068611,5.194580,5.176598,5.194580,5.122616,5.158604,5.104614,5.104614,5.212570,5.140610,5.176598,5.104614,5.158604,5.212570,5.122616,5.176598,5.140610,5.140610,5.158604,5.230549,5.266499,5.140610,5.194580,5.266499,5.302444,5.266499,5.266499,5.356339,5.392242,5.446091,5.410194,5.571625,5.535770,5.553699,5.607468,5.679108,5.679108,5.732807,5.732807,5.840134,5.822250,5.858009,5.893753,5.875885,6.090134,6.054455,6.125797,6.090134,6.179276,6.232731,6.268349,6.375134,6.446259,6.535103,6.623875,6.641617,6.659363,6.730297,6.872036,6.925133,6.978207,6.978207,7.172585,7.489868,7.735977,7.823730,7.999016,8.191483,8.836220,10.130581,10.319000,9.632080,9.442345,9.528633,9.735428,9.993317,10.061974,10.113426,10.096279,9.993317,9.993317,9.855862,9.838661,9.752644,9.666546,9.545887,9.390537,9.304119,9.217640,9.061775,9.113758,9.113758,9.027115,9.009773,8.853588,8.905678,8.818848,8.836220,8.905678,8.957737,8.975086,8.992432,8.905678,8.888317,8.940388,8.853588,8.888317,8.731949,8.784096,8.610161,8.575333,8.470791,8.453358,8.348686,8.366138,8.366138,8.331230,8.331230,8.331230,8.296310,8.261383,8.261383,8.139027,8.034035,8.086544,7.963982,7.946465,8.016525,7.911411,7.771088,7.665718,7.507469,7.172585,6.375134,5.947346,5.983063,6.214916,6.428486,6.392914,6.588379,6.623875,6.677101,6.889732,6.801193,6.872036,6.925133,6.960518,7.066605,7.190231,7.401833,7.296085,7.437057,7.560242,7.542656,7.595413,7.630577,7.735977,7.858810,8.069046,8.034035,8.104042,8.121536,8.278851,8.313774,8.383591,8.383591,8.557915,8.610161,8.610161,8.714558,8.714558,8.731949,8.940388,9.061775,9.009773,9.044441,9.148392,9.304119,9.338692,9.425079,9.614849,9.769852,9.873051,9.838661,9.907425,9.958965,10.233398,10.541225,10.660679,10.882126,11.103065,11.441990,11.492725,11.712273,11.830276,11.897648,12.133057,12.183426,12.535263,12.719025,13.085476,13.068855,13.483601,13.781071,14.077572,14.143326,14.225464,14.438644,14.455032,14.733006,14.944996,15.205219,15.399883,15.513241,15.626457,15.787926,15.884674,16.077839,15.933002,16.029587,16.077839,16.206375,16.446873,16.606838,16.590855,16.622818,16.590855,16.398830,16.430859,16.398830,16.654766,17.243698,19.094734,19.558739,19.466148,19.805107,19.881943,19.820488,19.651215,19.758972,19.743591,20.020065,20.066055,20.096687,20.371941,20.356674,20.173248,20.004730,19.851219,20.249733,20.265015,20.402458,20.478722,20.600578,20.341400,20.356674,20.402458,20.387207,20.432976,20.402458,20.326126,20.326126,20.524437,20.524437,20.509201,20.752632,20.843719,20.646225,20.661438,20.524437,20.707054,20.631012,20.631012,20.661438,20.661438,20.585358,20.600578,20.646225,
17.623531,20.539673,19.728195,15.852440,15.010124,16.462883,17.970207,15.561783,12.451607,11.813431,12.351128,12.819115,13.301342,14.879829,17.718227,16.334732,13.018955,10.933151,9.993317,9.649315,11.153976,11.187904,9.545887,8.836220,7.771088,7.630577,8.086544,9.649315,11.018150,9.580376,9.286831,9.338692,9.545887,10.592438,10.319000,9.286831,9.321407,9.735428,9.821461,8.836220,8.418476,7.981499,7.911411,8.069046,8.139027,7.981499,7.296085,6.286148,5.607468,5.410194,5.571625,5.786484,5.768597,5.714912,5.947346,5.929482,5.822250,6.018761,6.250534,6.339550,6.836617,7.771088,9.183022,10.438725,11.187904,11.069107,11.221825,11.204865,11.187904,11.306557,11.086086,11.035133,11.086086,11.069107,11.018150,10.865101,10.933151,10.950157,10.950157,11.120033,11.069107,11.069107,11.204865,11.187904,11.255722,11.137009,11.103065,11.103065,11.086086,11.137009,11.120033,11.170944,11.221825,11.221825,11.272675,11.221825,11.255722,11.153976,11.137009,11.289619,11.120033,11.052120,11.069107,11.018150,11.137009,10.950157,11.120033,11.086086,11.069107,11.018150,10.984158,10.899132,11.086086,10.950157,11.018150,11.052120,11.069107,11.052120,10.967159,11.069107,11.018150,11.001148,10.933151,10.916145,10.848083,10.831066,10.814041,10.779976,10.694775,10.541225,10.592438,10.507072,10.319000,10.609497,12.585411,14.830910,15.351257,15.237690,14.716679,14.520515,13.830551,13.417366,13.052223,12.735714,12.284077,12.082661,11.779716,11.627888,11.475815,11.272675,11.204865,11.137009,11.103065,11.103065,10.899132,10.967159,10.865101,11.035133,10.831066,10.694775,10.711826,10.779976,10.728870,10.711826,10.592438,10.609497,10.541225,10.592438,10.609497,10.592438,10.694775,10.609497,10.728870,10.575371,10.694775,10.609497,10.643623,10.643623,10.660679,10.609497,10.728870,10.609497,10.592438,10.575371,10.745911,10.677727,10.558300,10.711826,10.643623,10.677727,10.643623,10.643623,10.524147,10.592438,10.472908,10.524147,10.489990,10.489990,10.541225,10.404537,10.336117,10.455822,10.404537,10.353233,10.233398,10.336117,10.319000,10.370338,10.336117,10.216270,10.250530,10.233398,10.113426,10.216270,10.096279,10.079128,10.113426,10.096279,10.182007,10.147728,10.079128,10.164867,10.096279,10.079128,10.010487,9.941792,9.907425,9.838661,9.752644,9.804260,9.700993,9.683773,9.683773,9.632080,9.649315,9.545887,9.545887,9.494129,9.511379,9.459610,9.545887,9.511379,9.476868,9.459610,9.528633,9.459610,9.476868,9.528633,9.545887,9.476868,9.459610,9.528633,9.545887,9.528633,9.580376,9.494129,9.545887,9.476868,9.511379,9.528633,9.511379,9.442345,9.442345,9.459610,9.459610,9.476868,9.494129,9.407806,9.407806,9.355976,9.425079,9.407806,9.442345,9.476868,9.476868,9.459610,9.338692,9.528633,9.476868,9.459610,9.511379,9.511379,9.649315,9.545887,9.528633,9.545887,9.528633,9.511379,9.442345,9.476868,9.494129,9.511379,9.476868,9.425079,9.442345,9.390537,9.425079,9.425079,9.304119,9.338692,9.390537,9.338692,9.304119,9.304119,9.286831,9.234943,9.269539,9.165710,9.269539,9.286831,9.269539,9.390537,9.304119,9.252239,9.321407,9.252239,9.148392,9.148392,9.061775,8.957737,9.096436,8.957737,8.888317,8.818848,8.888317,8.766716,8.697163,8.627563,8.662369,8.592743,8.575333,8.523075,8.435913,8.366138,8.296310,8.104042,7.928940,7.260815,5.840134,4.490860,4.200836,4.128212,4.182686,4.237133,4.255280,4.291550,4.418427,4.400314,4.436539,4.545155,4.635590,4.671738,4.707874,4.816223,4.906425,4.906425,4.978535,5.050598,5.176598,5.302444,5.356339,5.356339,5.374290,5.499908,5.535770,5.517838,5.481972,5.499908,5.517838,5.535770,5.499908,5.499908,5.481972,5.553699,5.553699,5.464031,5.535770,5.446091,5.517838,5.446091,5.499908,5.589546,5.571625,5.625381,5.643291,5.553699,5.553699,5.571625,5.643291,5.643291,5.571625,5.661201,5.643291,5.697014,5.750706,5.768597,5.750706,5.750706,5.804367,5.840134,5.840134,5.911625,5.858009,5.947346,5.893753,6.018761,6.018761,6.072296,6.197094,6.143627,6.179276,6.179276,6.232731,6.375134,6.321754,6.375134,6.339550,6.499577,6.517342,6.623875,6.641617,6.606125,6.677101,6.659363,6.995895,7.489868,7.700855,7.788635,7.963982,8.104042,8.888317,10.507072,10.301891,9.787056,9.855862,10.147728,10.319000,10.404537,10.592438,10.541225,10.541225,10.455822,10.404537,10.336117,10.233398,10.079128,10.079128,9.976139,9.838661,9.804260,9.632080,9.545887,9.545887,9.649315,9.494129,9.390537,9.425079,9.269539,9.269539,9.113758,9.061775,9.079109,9.113758,9.113758,9.061775,9.009773,8.940388,8.957737,8.957737,8.784096,8.697163,8.644970,8.523075,8.610161,8.592743,8.488220,8.383591,8.453358,8.348686,8.348686,8.296310,8.296310,8.226437,8.156513,8.156513,7.999016,7.999016,7.893879,7.788635,7.718422,7.753536,7.595413,7.630577,7.066605,6.286148,5.697014,5.553699,5.553699,5.732807,5.875885,5.840134,5.911625,5.893753,5.983063,6.000916,6.018761,6.054455,6.143627,6.143627,6.107971,6.161457,6.214916,6.197094,6.232731,6.214916,6.339550,6.321754,6.392914,6.321754,6.464035,6.481804,6.552864,6.659363,6.641617,6.783474,6.765751,6.907440,6.854328,6.889732,7.066605,7.084278,7.031254,7.260815,7.207882,7.331345,7.472267,7.296085,7.296085,7.331345,7.454662,7.525059,7.507469,7.489868,7.560242,7.735977,7.665718,7.788635,7.981499,8.086544,8.139027,8.348686,8.749332,8.905678,8.940388,9.044441,9.131081,9.009773,8.975086,8.957737,9.009773,9.113758,9.183022,9.234943,9.407806,9.407806,9.459610,9.563126,9.649315,9.700993,9.890244,9.873051,9.907425,10.113426,10.216270,10.370338,10.455822,10.421631,10.489990,10.626560,10.779976,10.831066,11.035133,11.120033,11.204865,11.425068,11.560329,11.678528,11.863968,11.830276,11.964966,12.116257,12.351128,12.334373,12.049046,12.418129,12.802441,13.018955,13.317928,13.516701,13.582870,13.764572,14.291111,14.553234,14.993847,15.107727,15.497055,15.820190,15.836315,15.900787,15.949108,16.318695,16.638790,16.894020,17.100819,17.354664,17.670891,17.655106,17.954483,18.111610,18.299789,18.596848,18.768341,18.721603,18.783913,18.986076,19.110237,19.234207,19.512459,19.450706,19.497025,19.404366,19.404366,19.512459,19.682014,19.666618,19.743591,19.805107,19.928017,20.020065,20.081375,
13.912971,16.398830,17.402172,15.723377,15.545601,19.125748,18.970543,14.143326,12.149849,13.400806,13.912971,14.438644,15.399883,16.638790,17.812809,15.787926,12.384636,12.785763,12.099461,12.652241,14.291111,12.602119,10.370338,9.131081,7.489868,7.928940,8.592743,11.170944,12.769081,11.170944,12.049046,11.863968,12.668941,14.700352,13.731560,12.032238,12.082661,12.919083,12.099461,10.489990,9.683773,8.505650,8.313774,8.784096,9.700993,10.113426,9.338692,7.893879,6.606125,6.481804,7.031254,7.278450,7.419441,7.560242,7.595413,7.225533,6.872036,7.048931,7.207882,7.190231,7.595413,9.044441,11.796577,13.500156,13.880009,13.731560,13.351086,13.351086,13.218376,13.151951,12.735714,12.501804,12.618832,12.334373,12.216988,12.183426,12.099461,11.998611,11.964966,12.116257,12.267311,12.200203,12.200203,12.082661,11.998611,11.847122,11.830276,11.712273,11.678528,11.526535,11.695396,11.762863,11.796577,11.863968,11.880806,11.897648,11.847122,11.611008,11.661655,11.526535,11.560329,11.526535,11.492725,11.577221,11.458900,11.577221,11.391228,11.408150,11.441990,11.357365,11.323498,11.306557,11.323498,11.255722,11.340439,11.408150,11.391228,11.323498,11.323498,11.323498,11.170944,11.153976,11.170944,11.153976,11.086086,11.052120,11.018150,10.848083,10.831066,10.831066,10.797012,10.592438,10.592438,10.916145,12.935738,15.286385,15.739521,15.464684,15.075207,14.634995,14.110455,13.715046,13.400806,13.002323,12.685638,12.317612,12.149849,11.948143,11.830276,11.796577,11.678528,11.509636,11.391228,11.357365,11.391228,11.340439,11.170944,11.221825,11.204865,11.187904,11.187904,11.137009,11.086086,11.035133,11.052120,11.069107,10.950157,11.018150,11.052120,10.967159,11.001148,10.984158,11.035133,11.035133,11.018150,11.001148,11.018150,11.035133,11.001148,11.052120,10.967159,11.103065,10.933151,11.018150,11.001148,11.018150,11.069107,11.052120,11.001148,11.069107,10.950157,11.001148,10.933151,11.018150,10.882126,10.950157,10.950157,10.865101,10.899132,10.848083,10.779976,10.882126,10.694775,10.814041,10.831066,10.814041,10.677727,10.814041,10.745911,10.745911,10.745911,10.762939,10.626560,10.643623,10.643623,10.609497,10.609497,10.541225,10.507072,10.558300,10.592438,10.387436,10.370338,10.404537,10.370338,10.267654,10.319000,10.353233,10.164867,10.164867,10.147728,10.010487,10.096279,10.079128,10.079128,9.855862,9.890244,9.907425,9.958965,9.804260,9.838661,9.787056,9.855862,9.787056,9.873051,9.787056,9.855862,9.873051,9.821461,9.838661,9.752644,9.855862,9.804260,9.873051,9.735428,9.821461,9.787056,9.735428,9.769852,9.804260,9.769852,9.769852,9.769852,9.735428,9.752644,9.735428,9.700993,9.666546,9.666546,9.718216,9.597610,9.528633,9.545887,9.545887,9.545887,9.511379,9.425079,9.511379,9.425079,9.407806,9.390537,9.425079,9.442345,9.338692,9.355976,9.338692,9.390537,9.338692,9.286831,9.217640,9.234943,9.200333,9.148392,9.183022,9.200333,9.096436,9.148392,9.113758,9.079109,9.131081,9.148392,9.113758,9.183022,9.113758,9.131081,9.200333,9.061775,9.079109,9.061775,9.079109,9.044441,9.096436,9.165710,9.096436,9.079109,9.079109,8.975086,8.888317,8.940388,8.801476,8.888317,8.801476,8.697163,8.749332,8.731949,8.679768,8.627563,8.592743,8.488220,8.505650,8.453358,8.418476,8.470791,8.348686,8.191483,8.086544,7.788635,7.119606,5.768597,4.689812,4.255280,4.200836,4.273415,4.218987,4.291550,4.400314,4.364071,4.490860,4.472755,4.617508,4.635590,4.689812,4.816223,4.942490,4.978535,4.978535,5.140610,5.212570,5.338371,5.392242,5.446091,5.499908,5.643291,5.714912,5.804367,5.875885,5.858009,5.875885,5.947346,5.858009,5.804367,5.858009,6.000916,5.911625,5.983063,6.090134,5.911625,6.018761,6.036610,6.018761,6.036610,6.018761,6.072296,6.036610,6.090134,6.018761,6.018761,6.054455,6.107971,6.000916,5.947346,5.983063,6.036610,6.107971,6.125797,6.054455,6.018761,6.018761,6.000916,6.197094,6.054455,6.161457,6.232731,6.268349,6.161457,6.286148,6.339550,6.214916,6.268349,6.339550,6.410706,6.481804,6.392914,6.392914,6.464035,6.464035,6.517342,6.517342,6.570625,6.552864,6.606125,6.623875,6.694839,6.783474,6.872036,7.366592,7.630577,7.595413,7.735977,8.069046,9.044441,10.353233,10.182007,9.666546,9.718216,10.027649,10.284771,10.404537,10.524147,10.507072,10.558300,10.438725,10.301891,10.233398,10.319000,9.993317,10.130581,10.130581,9.941792,9.804260,9.752644,9.632080,9.683773,9.700993,9.718216,9.632080,9.718216,9.632080,9.597610,9.580376,9.545887,9.442345,9.545887,9.494129,9.494129,9.355976,9.286831,9.286831,9.200333,9.234943,9.148392,8.888317,8.870953,8.975086,8.905678,8.836220,8.784096,8.697163,8.644970,8.592743,8.610161,8.418476,8.453358,8.208961,8.261383,8.104042,8.104042,7.981499,7.911411,7.876347,7.718422,7.542656,7.296085,6.836617,5.822250,5.302444,5.338371,5.356339,5.428139,5.517838,5.499908,5.589546,5.625381,5.589546,5.625381,5.625381,5.697014,5.732807,5.661201,5.697014,5.661201,5.714912,5.697014,5.750706,5.750706,5.714912,5.786484,5.840134,5.983063,5.858009,6.000916,6.054455,6.054455,6.018761,6.161457,6.214916,6.232731,6.232731,6.214916,6.286148,6.428486,6.446259,6.446259,6.481804,6.552864,6.517342,6.481804,6.552864,6.499577,6.446259,6.481804,6.481804,6.464035,6.410706,6.517342,6.641617,6.818905,7.013577,7.172585,7.384212,7.806187,8.627563,8.975086,8.975086,9.027115,8.749332,8.383591,8.139027,7.999016,8.086544,8.261383,8.331230,8.401035,8.470791,8.383591,8.470791,8.401035,8.540497,8.366138,8.348686,8.505650,8.557915,8.435913,8.383591,8.453358,8.575333,8.401035,8.243912,8.366138,8.435913,8.453358,8.453358,8.523075,8.540497,8.557915,8.627563,8.470791,8.488220,8.592743,8.488220,8.592743,8.523075,8.523075,8.104042,8.156513,8.243912,8.278851,8.366138,8.488220,8.331230,8.366138,8.523075,8.662369,8.870953,8.940388,8.940388,9.113758,9.217640,9.165710,9.269539,9.632080,9.632080,9.855862,10.113426,10.079128,10.404537,10.592438,10.779976,10.848083,11.170944,11.458900,11.661655,11.897648,12.166641,12.668941,12.852448,13.035591,13.135342,13.234974,13.599396,13.880009,13.945911,14.126900,14.520515,14.830910,15.123981,15.610291,16.013500,16.093914,16.302662,
11.897648,13.018955,13.715046,14.438644,16.013500,20.980156,20.858894,14.733006,13.715046,13.516701,13.201775,13.665508,14.405884,13.615929,13.367657,13.002323,13.135342,14.126900,12.551975,13.102104,13.500156,11.813431,9.666546,7.612995,7.031254,7.401833,7.595413,9.528633,10.507072,12.183426,14.977566,14.389496,16.174263,18.706017,18.174385,16.542885,16.830284,17.781296,16.206375,14.847221,13.052223,10.353233,10.147728,11.458900,13.433933,14.028225,12.852448,10.626560,8.488220,8.766716,10.182007,10.882126,11.018150,11.509636,11.678528,10.130581,9.079109,9.425079,9.494129,8.940388,9.304119,11.526535,14.471405,16.109989,16.430859,16.013500,15.820190,16.077839,16.446873,14.961281,14.241875,14.258289,14.553234,14.241875,14.291111,14.340313,14.143326,13.400806,13.599396,13.962376,14.126900,14.011765,14.225464,13.896488,13.896488,13.632454,13.384232,12.985676,12.618832,12.501804,12.668941,12.919083,13.068855,13.068855,12.952389,12.852448,12.719025,12.585411,12.501804,12.468342,12.401375,12.250546,12.082661,12.183426,12.082661,12.015423,11.863968,11.964966,11.762863,11.745995,11.729134,11.678528,11.712273,11.661655,11.745995,11.611008,11.762863,11.661655,11.509636,11.526535,11.475815,11.509636,11.408150,11.272675,11.306557,11.289619,11.204865,11.153976,11.035133,11.001148,10.967159,10.779976,10.797012,11.340439,13.731560,16.013500,16.398830,16.126068,15.513241,15.026398,14.471405,14.126900,13.731560,13.450489,13.035591,12.785763,12.518532,12.334373,12.133057,12.049046,11.863968,11.813431,11.762863,11.779716,11.644768,11.526535,11.543430,11.509636,11.611008,11.594112,11.475815,11.475815,11.526535,11.408150,11.391228,11.357365,11.408150,11.323498,11.374298,11.340439,11.374298,11.289619,11.323498,11.391228,11.340439,11.458900,11.374298,11.357365,11.425068,11.357365,11.441990,11.441990,11.340439,11.458900,11.391228,11.340439,11.374298,11.374298,11.357365,11.441990,11.408150,11.391228,11.391228,11.340439,11.425068,11.391228,11.340439,11.238777,11.340439,11.255722,11.289619,11.306557,11.238777,11.221825,11.187904,11.170944,11.170944,11.272675,11.153976,11.153976,11.052120,11.103065,11.187904,11.035133,11.187904,11.069107,11.018150,11.052120,10.899132,11.001148,10.899132,10.865101,10.899132,10.882126,10.779976,10.779976,10.831066,10.643623,10.677727,10.609497,10.421631,10.353233,10.455822,10.421631,10.421631,10.250530,10.267654,10.301891,10.301891,10.284771,10.301891,10.199139,10.182007,10.182007,10.216270,10.216270,10.233398,10.164867,10.164867,10.233398,10.216270,10.216270,10.216270,10.130581,10.147728,10.130581,10.182007,10.199139,10.027649,10.079128,9.993317,10.130581,10.044807,10.079128,10.044807,9.993317,10.010487,10.010487,9.958965,9.976139,9.958965,9.873051,9.718216,9.873051,9.700993,9.855862,9.735428,9.735428,9.580376,9.597610,9.494129,9.511379,9.459610,9.459610,9.425079,9.407806,9.338692,9.355976,9.304119,9.355976,9.252239,9.217640,9.183022,9.183022,9.096436,9.079109,9.044441,9.044441,9.044441,9.061775,9.079109,9.061775,9.079109,8.975086,9.027115,9.009773,8.957737,8.992432,8.818848,8.940388,8.905678,8.905678,8.818848,8.853588,8.853588,8.836220,8.836220,8.836220,8.731949,8.523075,8.679768,8.575333,8.644970,8.575333,8.610161,8.540497,8.557915,8.488220,8.435913,8.470791,8.366138,8.313774,8.348686,8.191483,8.261383,8.069046,7.788635,7.066605,5.643291,4.545155,4.218987,4.291550,4.291550,4.237133,4.273415,4.364071,4.345943,4.418427,4.545155,4.689812,4.653660,4.780113,4.816223,4.978535,5.086613,5.194580,5.230549,5.410194,5.446091,5.535770,5.679108,5.750706,5.768597,5.893753,6.036610,6.036610,6.125797,6.161457,6.161457,6.250534,6.161457,6.232731,6.250534,6.339550,6.214916,6.446259,6.375134,6.339550,6.428486,6.588379,6.517342,6.535103,6.606125,6.570625,6.641617,6.499577,6.535103,6.606125,6.588379,6.588379,6.499577,6.410706,6.481804,6.535103,6.517342,6.481804,6.517342,6.677101,6.606125,6.659363,6.641617,6.694839,6.677101,6.730297,6.748028,6.748028,6.783474,6.836617,6.836617,6.765751,6.836617,6.801193,6.854328,6.818905,6.801193,6.801193,6.748028,6.801193,6.801193,6.854328,6.854328,6.889732,6.889732,6.960518,7.031254,7.331345,7.489868,7.560242,7.612995,7.963982,9.234943,10.353233,10.061974,9.459610,9.632080,9.769852,10.061974,10.216270,10.301891,10.284771,10.199139,10.164867,10.010487,9.924606,9.821461,10.010487,9.752644,9.752644,9.545887,9.545887,9.459610,9.511379,9.373260,9.442345,9.425079,9.442345,9.407806,9.425079,9.425079,9.338692,9.355976,9.338692,9.252239,9.200333,9.113758,9.165710,9.165710,9.165710,9.183022,9.165710,9.165710,9.079109,9.061775,9.113758,8.992432,9.009773,8.888317,8.940388,8.905678,8.923035,8.870953,8.801476,8.714558,8.505650,8.401035,8.401035,8.366138,8.261383,8.174004,7.999016,8.121536,7.928940,7.735977,6.836617,5.679108,5.158604,5.194580,5.176598,5.248528,5.320412,5.302444,5.266499,5.248528,5.320412,5.392242,5.320412,5.320412,5.392242,5.428139,5.410194,5.589546,5.571625,5.481972,5.446091,5.481972,5.553699,5.535770,5.625381,5.589546,5.679108,5.750706,5.661201,5.714912,5.804367,5.768597,5.786484,5.947346,5.965206,6.000916,6.000916,6.054455,6.143627,6.125797,6.072296,6.161457,6.143627,6.214916,6.321754,6.090134,6.090134,6.197094,6.161457,6.303955,6.143627,6.286148,6.464035,6.765751,6.872036,7.066605,7.366592,8.086544,8.975086,9.131081,9.113758,9.131081,8.766716,8.243912,8.104042,8.261383,8.348686,8.470791,8.575333,8.679768,8.697163,8.644970,8.592743,8.610161,8.470791,8.435913,8.435913,8.296310,8.261383,8.278851,8.208961,8.069046,7.911411,7.946465,7.928940,7.893879,7.876347,8.034035,8.086544,8.051544,8.086544,8.069046,8.086544,8.156513,8.156513,7.999016,8.121536,8.034035,8.051544,7.999016,7.963982,7.946465,7.823730,7.665718,7.806187,7.771088,7.841270,7.735977,7.876347,7.841270,7.946465,8.016525,7.911411,7.928940,7.946465,7.876347,7.893879,7.999016,7.928940,7.823730,7.928940,7.946465,7.928940,7.858810,8.104042,8.086544,7.946465,8.034035,8.139027,8.191483,8.191483,8.348686,8.366138,8.418476,8.453358,8.575333,8.505650,8.662369,8.714558,8.679768,8.801476,8.940388,9.096436,9.200333,9.165710,9.252239,9.355976,
11.137009,11.762863,12.049046,13.218376,15.755661,21.207016,21.403091,15.367474,13.400806,12.835777,12.685638,12.919083,13.185173,11.289619,11.340439,11.880806,13.052223,14.126900,12.317612,12.116257,12.166641,11.170944,9.061775,7.542656,7.489868,7.542656,7.119606,7.225533,8.016525,12.200203,14.634995,13.615929,16.222427,19.280655,20.402458,19.881943,20.157944,20.980156,19.141251,17.069038,13.483601,10.916145,11.458900,13.483601,16.925861,16.350758,14.749332,12.133057,10.216270,11.594112,14.585953,15.771801,15.723377,16.670738,17.291267,14.422272,12.618832,13.201775,13.151951,11.695396,12.065849,13.995308,15.464684,16.446873,16.366791,16.158203,16.574867,18.017372,17.322979,14.241875,13.433933,14.944996,15.642616,15.399883,16.109989,16.318695,15.561783,14.912418,15.610291,16.270573,16.270573,16.366791,16.542885,16.142136,16.222427,16.238480,15.545601,14.356716,13.698540,13.549789,14.356716,15.010124,15.448486,15.448486,15.156490,14.896122,14.634995,14.520515,14.323921,14.487770,14.159763,13.962376,13.665508,13.400806,13.334507,12.952389,12.852448,12.785763,12.585411,12.518532,12.668941,12.602119,12.418129,12.418129,12.384636,12.216988,12.183426,12.166641,11.981785,11.931309,11.762863,11.897648,11.813431,11.695396,11.594112,11.475815,11.391228,11.391228,11.357365,11.408150,11.204865,11.069107,11.035133,11.762863,14.863525,17.402172,17.512928,16.941784,16.462883,15.965214,15.464684,15.010124,14.553234,14.176193,13.830551,13.582870,13.234974,12.952389,12.785763,12.602119,12.468342,12.384636,12.300850,12.300850,12.082661,12.099461,12.183426,12.049046,12.049046,11.981785,11.964966,11.981785,11.914482,11.796577,11.847122,11.762863,11.661655,11.695396,11.712273,11.678528,11.695396,11.712273,11.745995,11.712273,11.695396,11.678528,11.813431,11.745995,11.762863,11.678528,11.594112,11.813431,11.644768,11.678528,11.796577,11.729134,11.661655,11.729134,11.695396,11.695396,11.796577,11.762863,11.796577,11.729134,11.712273,11.644768,11.712273,11.678528,11.729134,11.712273,11.611008,11.560329,11.762863,11.779716,11.644768,11.627888,11.594112,11.661655,11.594112,11.577221,11.577221,11.526535,11.560329,11.560329,11.627888,11.526535,11.492725,11.492725,11.475815,11.408150,11.289619,11.340439,11.289619,11.272675,11.289619,11.204865,11.153976,11.170944,11.137009,10.967159,11.001148,11.001148,10.865101,10.899132,10.848083,10.711826,10.728870,10.711826,10.660679,10.660679,10.728870,10.609497,10.677727,10.677727,10.677727,10.694775,10.694775,10.677727,10.660679,10.677727,10.626560,10.643623,10.677727,10.609497,10.541225,10.524147,10.507072,10.507072,10.524147,10.507072,10.438725,10.507072,10.438725,10.472908,10.404537,10.370338,10.387436,10.404537,10.370338,10.387436,10.301891,10.233398,10.182007,10.096279,10.164867,10.113426,10.079128,10.113426,9.976139,9.890244,9.890244,9.855862,9.787056,9.700993,9.632080,9.614849,9.649315,9.597610,9.580376,9.545887,9.511379,9.494129,9.494129,9.528633,9.355976,9.390537,9.304119,9.355976,9.286831,9.321407,9.286831,9.148392,9.269539,9.131081,9.148392,9.079109,9.079109,8.940388,8.940388,8.905678,8.905678,8.853588,8.888317,8.818848,8.836220,8.766716,8.766716,8.731949,8.714558,8.662369,8.575333,8.575333,8.592743,8.540497,8.505650,8.470791,8.348686,8.331230,8.226437,8.296310,8.226437,8.104042,8.086544,8.034035,8.016525,7.981499,7.665718,6.889732,5.714912,4.545155,4.218987,4.255280,4.255280,4.345943,4.400314,4.364071,4.527058,4.545155,4.635590,4.707874,4.762062,4.924461,4.942490,5.086613,5.302444,5.302444,5.392242,5.499908,5.661201,5.732807,5.786484,5.911625,6.072296,6.143627,6.179276,6.214916,6.392914,6.392914,6.375134,6.481804,6.464035,6.517342,6.623875,6.623875,6.588379,6.535103,6.588379,6.748028,6.783474,6.818905,6.818905,6.854328,6.854328,6.836617,6.872036,6.872036,6.872036,6.889732,6.889732,6.960518,6.960518,7.031254,6.960518,7.084278,6.995895,7.066605,7.119606,7.154926,7.154926,7.154926,7.225533,7.278450,7.243172,7.278450,7.348972,7.243172,7.260815,7.278450,7.419441,7.296085,7.296085,7.366592,7.296085,7.331345,7.172585,7.154926,7.190231,7.154926,7.172585,7.084278,7.137272,7.225533,7.313717,7.260815,7.313717,7.401833,7.489868,7.489868,7.560242,7.928940,9.200333,10.199139,9.614849,9.563126,9.769852,10.044807,10.164867,10.164867,10.199139,10.096279,10.079128,9.941792,9.769852,9.683773,9.597610,9.459610,9.321407,9.217640,9.234943,9.131081,9.079109,8.853588,8.923035,8.992432,8.870953,8.870953,8.957737,8.975086,9.027115,8.940388,9.009773,8.870953,8.905678,8.836220,8.853588,8.940388,8.870953,8.957737,8.992432,8.784096,8.766716,8.714558,8.627563,8.679768,8.818848,8.766716,8.784096,8.784096,8.784096,8.801476,8.818848,8.784096,8.575333,8.505650,8.401035,8.366138,8.331230,8.208961,8.069046,8.016525,7.928940,7.665718,7.437057,6.161457,5.266499,4.816223,4.834267,4.852314,4.942490,4.906425,4.924461,4.978535,5.050598,5.014572,4.960514,5.050598,5.086613,5.104614,5.140610,5.086613,5.194580,5.248528,5.194580,5.248528,5.230549,5.338371,5.320412,5.320412,5.446091,5.481972,5.392242,5.517838,5.499908,5.571625,5.553699,5.661201,5.661201,5.679108,5.768597,5.840134,5.786484,5.929482,5.947346,5.875885,5.983063,5.893753,5.893753,5.858009,6.000916,5.840134,5.911625,5.983063,5.983063,6.090134,6.179276,6.392914,6.677101,6.854328,7.066605,7.489868,8.505650,9.148392,9.321407,8.923035,8.749332,8.366138,8.191483,8.104042,8.348686,8.366138,8.470791,8.679768,8.766716,8.749332,8.766716,8.697163,8.679768,8.644970,8.453358,8.453358,8.331230,8.296310,8.261383,8.121536,7.946465,7.911411,7.876347,7.806187,7.718422,7.823730,7.823730,7.893879,7.946465,7.999016,8.016525,8.069046,8.156513,8.156513,8.086544,8.139027,8.104042,8.191483,8.121536,8.139027,8.086544,8.016525,7.946465,8.051544,8.069046,8.156513,8.261383,8.191483,8.296310,8.278851,8.383591,8.313774,8.191483,8.104042,8.104042,8.208961,8.261383,8.208961,8.243912,8.174004,8.121536,7.946465,8.034035,8.034035,8.034035,7.823730,7.911411,7.788635,7.876347,7.946465,7.963982,7.999016,7.946465,7.946465,7.928940,7.911411,7.876347,7.946465,7.893879,7.963982,7.858810,7.876347,7.841270,7.893879,7.911411,7.893879,
10.831066,10.524147,10.711826,11.948143,13.317928,17.449657,17.591946,13.814064,12.802441,13.151951,13.168564,12.401375,11.695396,10.455822,10.882126,11.153976,12.535263,12.535263,12.065849,12.719025,12.099461,10.967159,9.924606,8.505650,9.044441,8.818848,7.278450,6.250534,7.084278,9.200333,10.711826,11.948143,14.192616,16.909943,20.402458,20.934708,20.371941,21.055855,20.631012,16.670738,10.575371,9.958965,12.317612,16.061756,17.211967,15.253925,12.367878,10.524147,10.489990,12.869114,16.254528,17.954483,17.116711,17.765533,19.928017,17.560349,15.286385,16.174263,16.478889,14.928707,14.912418,16.574867,18.190071,18.017372,17.291267,16.638790,18.033096,20.722244,18.846176,13.268166,12.852448,15.497055,15.933002,16.077839,16.542885,16.174263,15.577946,15.707230,16.286617,16.430859,15.852440,15.755661,16.350758,16.590855,16.750549,16.894020,15.739521,14.471405,13.731560,14.225464,16.126068,17.544540,18.503151,18.017372,17.354664,16.734592,16.590855,16.862156,16.973614,16.798401,16.654766,16.270573,15.900787,15.884674,15.723377,15.205219,14.749332,14.455032,14.225464,14.143326,14.520515,14.373108,14.011765,13.912971,13.978848,13.929443,13.731560,13.367657,13.068855,13.035591,12.985676,12.869114,12.702332,12.535263,12.401375,12.183426,11.931309,11.779716,11.847122,11.712273,11.594112,11.458900,11.526535,12.367878,16.622818,19.358002,18.908379,18.378067,17.828564,17.291267,16.750549,16.462883,16.029587,15.594124,15.351257,14.944996,14.749332,14.307518,14.110455,13.880009,13.698540,13.549789,13.384232,13.417366,13.268166,13.018955,13.018955,12.885777,12.885777,12.819115,12.752399,12.735714,12.568703,12.551975,12.434868,12.384636,12.317612,12.233765,12.133057,12.200203,12.133057,12.166641,12.216988,12.166641,12.049046,12.149849,12.166641,11.981785,12.015423,12.015423,12.049046,12.082661,12.149849,12.116257,12.065849,12.065849,12.133057,12.065849,12.082661,12.149849,12.116257,12.082661,12.233765,12.166641,12.166641,12.149849,12.049046,12.099461,12.149849,12.133057,12.133057,12.149849,12.116257,12.065849,12.082661,12.099461,12.149849,12.082661,12.099461,12.015423,12.015423,12.049046,12.065849,11.948143,11.948143,12.015423,11.914482,11.931309,11.863968,11.796577,11.830276,11.813431,11.695396,11.644768,11.729134,11.695396,11.661655,11.644768,11.577221,11.509636,11.492725,11.357365,11.255722,11.289619,11.204865,11.289619,11.153976,11.120033,11.137009,11.120033,11.120033,11.103065,11.137009,11.069107,11.170944,11.035133,11.170944,11.086086,11.153976,11.035133,11.035133,11.153976,11.001148,10.984158,10.916145,10.967159,11.035133,11.035133,10.967159,10.967159,10.967159,11.035133,10.865101,11.001148,10.882126,10.899132,10.865101,10.797012,10.865101,10.814041,10.745911,10.762939,10.592438,10.660679,10.524147,10.507072,10.370338,10.489990,10.319000,10.370338,10.284771,10.250530,10.130581,10.199139,10.061974,10.061974,10.044807,9.993317,9.873051,9.890244,9.855862,9.752644,9.769852,9.804260,9.683773,9.666546,9.718216,9.563126,9.632080,9.597610,9.511379,9.563126,9.563126,9.511379,9.390537,9.407806,9.269539,9.373260,9.200333,9.217640,9.234943,9.096436,9.148392,9.061775,8.975086,8.992432,8.923035,8.923035,8.801476,8.697163,8.662369,8.610161,8.644970,8.575333,8.540497,8.435913,8.383591,8.348686,8.243912,8.208961,8.069046,7.999016,7.911411,7.700855,7.683289,7.489868,7.225533,6.659363,5.607468,4.563248,4.364071,4.273415,4.364071,4.436539,4.436539,4.490860,4.490860,4.653660,4.725941,4.743999,4.834267,4.924461,4.996559,5.194580,5.356339,5.517838,5.571625,5.750706,5.929482,5.947346,6.054455,6.143627,6.250534,6.357342,6.392914,6.570625,6.552864,6.606125,6.588379,6.677101,6.818905,6.801193,6.783474,6.801193,6.765751,6.872036,6.801193,6.854328,6.960518,6.978207,7.048931,7.048931,7.031254,7.137272,7.154926,7.137272,7.137272,7.172585,7.190231,7.207882,7.207882,7.172585,7.260815,7.243172,7.331345,7.243172,7.260815,7.331345,7.401833,7.454662,7.472267,7.525059,7.612995,7.648148,7.577831,7.595413,7.595413,7.630577,7.612995,7.683289,7.665718,7.771088,7.648148,7.700855,7.648148,7.612995,7.630577,7.683289,7.595413,7.630577,7.665718,7.665718,7.683289,7.753536,7.683289,7.577831,7.648148,7.595413,7.648148,8.069046,9.252239,10.164867,9.873051,9.804260,9.924606,10.061974,10.130581,10.061974,10.061974,9.941792,9.821461,9.700993,9.528633,9.355976,9.165710,9.027115,9.009773,8.784096,8.766716,8.592743,8.435913,8.366138,8.435913,8.418476,8.470791,8.435913,8.453358,8.557915,8.470791,8.470791,8.523075,8.557915,8.505650,8.592743,8.592743,8.523075,8.488220,8.418476,8.470791,8.435913,8.313774,8.226437,8.051544,8.086544,8.086544,8.191483,8.243912,8.296310,8.313774,8.383591,8.348686,8.383591,8.278851,8.174004,8.174004,8.174004,8.086544,7.858810,7.841270,7.700855,7.665718,7.278450,6.481804,5.446091,4.924461,4.581333,4.545155,4.725941,4.743999,4.816223,4.798172,4.707874,4.834267,4.870358,4.834267,4.852314,4.870358,4.870358,4.924461,4.978535,4.978535,4.870358,5.014572,4.996559,5.032589,5.122616,5.068611,5.176598,5.068611,5.176598,5.140610,5.194580,5.266499,5.212570,5.320412,5.374290,5.428139,5.410194,5.464031,5.499908,5.571625,5.553699,5.625381,5.679108,5.643291,5.679108,5.661201,5.643291,5.750706,5.750706,5.822250,5.840134,5.822250,6.054455,6.232731,6.428486,6.570625,6.712570,7.048931,7.963982,8.905678,9.373260,9.355976,8.766716,8.575333,8.313774,8.243912,8.348686,8.488220,8.662369,8.749332,8.679768,8.940388,8.853588,8.923035,8.818848,8.870953,8.662369,8.592743,8.453358,8.418476,8.366138,8.313774,8.174004,8.156513,8.086544,7.946465,7.841270,7.771088,7.911411,7.876347,7.858810,7.946465,7.946465,7.999016,7.999016,8.069046,8.069046,8.104042,8.086544,8.191483,8.191483,8.156513,8.191483,8.226437,8.104042,8.104042,8.121536,8.261383,8.313774,8.435913,8.575333,8.592743,8.662369,8.627563,8.627563,8.766716,8.523075,8.714558,8.644970,8.453358,8.697163,8.610161,8.523075,8.557915,8.470791,8.418476,8.453358,8.366138,8.366138,8.261383,8.348686,8.418476,8.383591,8.505650,8.435913,8.418476,8.453358,8.418476,8.313774,8.348686,8.208961,8.278851,8.401035,8.261383,8.348686,8.208961,8.226437,8.261383,8.261383,
10.694775,10.284771,10.575371,11.678528,12.602119,14.077572,13.748062,13.268166,14.061119,14.389496,13.814064,11.981785,11.272675,10.660679,10.575371,10.916145,11.830276,12.233765,13.682022,14.471405,12.351128,10.677727,10.010487,10.113426,10.507072,9.890244,7.841270,6.854328,6.712570,7.630577,9.528633,11.238777,12.719025,15.318825,20.203842,20.965012,18.659248,20.356674,19.666618,13.450489,9.494129,10.182007,12.919083,16.718632,17.243698,12.819115,9.407806,9.079109,10.882126,13.599396,15.626457,17.449657,15.480865,14.814606,18.752762,18.908379,16.286617,17.307125,18.955009,17.449657,16.606838,17.686680,17.938759,17.196098,16.670738,16.894020,19.897308,23.056808,20.173248,14.356716,14.126900,16.382813,17.069038,17.954483,17.021339,16.638790,16.286617,16.286617,16.029587,15.156490,13.201775,12.585411,14.389496,15.949108,16.414852,16.574867,14.944996,13.118725,13.912971,15.610291,17.812809,19.063705,18.565624,17.497108,16.398830,15.868561,16.590855,17.291267,17.354664,17.243698,17.607742,17.623531,17.402172,17.275417,17.291267,16.574867,16.222427,16.077839,15.691078,15.820190,17.116711,16.798401,16.029587,16.254528,16.734592,16.686703,16.318695,15.480865,15.075207,14.879829,15.010124,14.896122,14.389496,14.011765,13.814064,13.467049,13.234974,12.985676,12.819115,12.652241,12.485077,12.418129,12.384636,13.201775,17.718227,19.001602,18.518776,17.907284,17.386341,17.037239,16.718632,16.462883,16.334732,16.126068,16.045673,15.868561,15.610291,15.270157,15.302612,15.270157,15.107727,14.896122,14.798294,14.749332,14.651337,14.487770,14.438644,14.422272,14.225464,14.209038,14.077572,13.912971,13.830551,13.731560,13.533249,13.301342,13.151951,13.135342,12.802441,12.702332,12.585411,12.902435,12.819115,12.835777,12.835777,12.752399,12.702332,12.668941,12.618832,12.585411,12.535263,12.551975,12.602119,12.602119,12.535263,12.602119,12.501804,12.518532,12.485077,12.535263,12.535263,12.501804,12.518532,12.501804,12.551975,12.551975,12.451607,12.535263,12.551975,12.501804,12.468342,12.551975,12.518532,12.551975,12.485077,12.485077,12.401375,12.401375,12.418129,12.317612,12.351128,12.351128,12.317612,12.317612,12.284077,12.300850,12.233765,12.250546,12.200203,12.250546,12.183426,12.116257,12.116257,12.166641,12.133057,11.998611,12.015423,11.914482,11.981785,11.897648,11.847122,11.779716,11.729134,11.678528,11.695396,11.594112,11.526535,11.644768,11.594112,11.441990,11.458900,11.458900,11.492725,11.526535,11.526535,11.509636,11.475815,11.458900,11.475815,11.475815,11.509636,11.425068,11.408150,11.425068,11.408150,11.408150,11.391228,11.374298,11.425068,11.374298,11.306557,11.425068,11.357365,11.340439,11.357365,11.323498,11.238777,11.289619,11.272675,11.238777,11.153976,11.052120,11.052120,10.916145,10.899132,10.865101,10.882126,10.831066,10.882126,10.711826,10.541225,10.711826,10.660679,10.592438,10.421631,10.370338,10.353233,10.421631,10.387436,10.233398,10.319000,10.182007,10.164867,10.079128,10.164867,10.096279,10.010487,9.907425,9.993317,10.027649,9.890244,9.941792,9.752644,9.838661,9.752644,9.769852,9.718216,9.718216,9.649315,9.597610,9.545887,9.528633,9.511379,9.390537,9.373260,9.252239,9.183022,9.217640,9.148392,9.165710,9.061775,8.975086,8.870953,8.853588,8.836220,8.749332,8.697163,8.610161,8.418476,8.435913,8.313774,8.121536,7.946465,7.735977,7.525059,7.454662,7.048931,6.641617,5.589546,4.563248,4.436539,4.345943,4.364071,4.400314,4.527058,4.563248,4.599422,4.617508,4.725941,4.870358,4.960514,5.050598,5.122616,5.248528,5.464031,5.589546,5.697014,5.965206,6.054455,6.161457,6.303955,6.392914,6.517342,6.588379,6.712570,6.748028,6.818905,6.889732,6.836617,6.978207,7.048931,7.101940,7.119606,7.119606,7.084278,7.013577,7.048931,7.190231,7.172585,7.278450,7.243172,7.331345,7.401833,7.401833,7.437057,7.348972,7.331345,7.472267,7.401833,7.419441,7.489868,7.472267,7.525059,7.454662,7.577831,7.595413,7.595413,7.525059,7.542656,7.630577,7.700855,7.788635,7.858810,7.858810,7.858810,7.823730,7.893879,7.946465,7.911411,7.981499,7.981499,7.999016,7.893879,7.981499,7.963982,7.981499,7.999016,8.069046,8.051544,8.034035,8.016525,8.104042,8.069046,7.946465,7.963982,7.928940,7.771088,7.665718,7.700855,8.191483,9.425079,10.250530,10.507072,10.745911,10.967159,10.916145,10.882126,10.797012,10.609497,10.472908,10.336117,10.130581,9.890244,9.683773,9.459610,9.269539,9.113758,9.009773,8.940388,8.818848,8.679768,8.575333,8.627563,8.592743,8.592743,8.435913,8.470791,8.453358,8.470791,8.470791,8.505650,8.366138,8.401035,8.488220,8.401035,8.348686,8.296310,8.313774,8.226437,8.104042,8.086544,7.893879,7.928940,7.946465,7.981499,8.069046,8.069046,8.016525,8.086544,8.016525,8.051544,8.051544,8.034035,7.928940,7.946465,8.034035,7.893879,7.753536,7.648148,7.454662,7.260815,6.765751,5.732807,5.176598,4.707874,4.635590,4.689812,4.707874,4.743999,4.780113,4.852314,4.834267,4.888393,4.960514,4.852314,4.942490,4.888393,4.906425,4.924461,5.014572,4.942490,4.924461,5.014572,5.032589,4.906425,5.068611,5.014572,5.032589,5.032589,4.996559,5.086613,5.104614,5.104614,5.104614,5.176598,5.158604,5.194580,5.230549,5.176598,5.248528,5.212570,5.248528,5.302444,5.338371,5.428139,5.446091,5.338371,5.428139,5.481972,5.428139,5.481972,5.714912,5.750706,6.018761,6.321754,6.357342,6.464035,6.783474,7.207882,8.278851,9.148392,9.459610,9.286831,8.714558,8.348686,8.401035,8.627563,8.853588,8.957737,9.096436,9.113758,9.252239,9.304119,9.269539,9.148392,9.061775,8.923035,8.888317,8.749332,8.818848,8.749332,8.749332,8.766716,8.557915,8.557915,8.505650,8.331230,8.278851,8.174004,8.121536,8.208961,8.243912,8.348686,8.156513,8.086544,8.139027,8.104042,8.086544,8.156513,8.156513,8.261383,8.366138,8.243912,8.226437,8.331230,8.348686,8.278851,8.296310,8.418476,8.383591,8.453358,8.505650,8.592743,8.610161,8.644970,8.610161,8.679768,8.540497,8.610161,8.610161,8.610161,8.592743,8.575333,8.662369,8.540497,8.540497,8.557915,8.331230,8.383591,8.523075,8.523075,8.610161,8.679768,8.679768,8.784096,8.801476,8.766716,8.766716,8.697163,8.749332,8.749332,8.697163,8.697163,8.488220,8.644970,8.470791,8.435913,8.401035,8.366138,8.470791,
10.779976,10.455822,10.762939,11.611008,12.233765,12.785763,13.268166,13.715046,14.340313,14.749332,13.731560,11.914482,11.796577,11.001148,10.507072,11.069107,12.183426,12.317612,14.504147,15.480865,11.897648,9.993317,10.728870,11.221825,10.745911,10.336117,8.627563,7.577831,6.942829,7.718422,9.476868,11.238777,12.183426,14.602299,18.628052,20.173248,17.655106,17.338821,14.126900,9.597610,9.425079,10.967159,14.667679,17.512928,15.075207,10.027649,7.823730,8.975086,12.985676,15.868561,15.140236,16.750549,15.221458,12.869114,16.973614,20.127319,18.064510,18.799477,19.912659,18.284119,17.354664,17.227837,15.594124,14.471405,15.091465,14.993847,16.798401,18.861725,17.765533,14.389496,13.912971,14.912418,17.765533,18.080215,15.416088,15.674923,15.351257,15.529427,15.205219,13.896488,12.351128,12.267311,15.497055,17.970207,18.706017,18.970543,16.510895,15.188980,17.338821,19.758972,21.282486,20.813370,18.659248,16.238480,14.044678,14.044678,15.674923,16.670738,16.462883,16.029587,16.222427,16.382813,15.836315,15.561783,15.965214,15.658775,15.286385,15.042671,15.188980,16.382813,17.733997,17.338821,16.462883,16.798401,17.386341,17.670891,17.607742,17.084930,16.973614,16.973614,17.275417,17.196098,16.814339,16.382813,15.787926,15.351257,14.863525,14.618649,14.422272,14.274704,14.159763,14.077572,13.781071,14.634995,16.045673,16.718632,16.206375,15.042671,14.373108,13.814064,13.582870,13.665508,13.748062,13.830551,13.731560,13.880009,13.781071,13.648983,13.945911,14.176193,13.929443,13.830551,14.061119,14.356716,14.504147,14.389496,14.553234,14.700352,14.700352,14.798294,14.733006,14.879829,14.716679,14.618649,14.520515,14.323921,14.225464,13.880009,13.599396,13.018955,13.102104,13.995308,14.241875,14.209038,14.143326,14.094013,13.945911,13.929443,13.715046,13.698540,13.615929,13.450489,13.467049,13.516701,13.516701,13.417366,13.500156,13.251579,13.185173,13.317928,13.201775,13.135342,13.201775,13.168564,13.218376,13.068855,13.052223,12.969040,13.035591,12.952389,12.902435,12.885777,12.885777,13.018955,12.969040,12.969040,12.785763,12.752399,12.785763,12.819115,12.735714,12.702332,12.885777,12.702332,12.819115,12.752399,12.702332,12.618832,12.752399,12.585411,12.702332,12.535263,12.568703,12.518532,12.468342,12.434868,12.434868,12.334373,12.384636,12.317612,12.317612,12.233765,12.166641,12.133057,12.099461,12.049046,12.082661,11.964966,12.015423,11.998611,11.897648,11.914482,11.981785,11.931309,11.914482,11.863968,11.880806,11.897648,11.847122,11.914482,11.830276,11.897648,11.914482,11.914482,11.914482,11.880806,11.729134,11.779716,11.830276,11.830276,11.830276,11.813431,11.830276,11.813431,11.830276,11.712273,11.729134,11.712273,11.678528,11.627888,11.560329,11.509636,11.374298,11.374298,11.425068,11.340439,11.323498,11.357365,11.238777,11.221825,11.120033,11.052120,11.052120,11.052120,10.916145,10.950157,10.797012,10.779976,10.677727,10.660679,10.677727,10.643623,10.711826,10.609497,10.558300,10.524147,10.524147,10.438725,10.541225,10.421631,10.455822,10.370338,10.336117,10.370338,10.267654,10.216270,10.130581,10.164867,10.027649,10.096279,10.044807,9.958965,9.907425,9.890244,9.804260,9.718216,9.683773,9.545887,9.580376,9.528633,9.425079,9.304119,9.269539,9.286831,9.165710,9.079109,9.027115,8.940388,8.836220,8.749332,8.592743,8.418476,8.226437,8.069046,7.999016,7.665718,7.331345,6.907440,5.732807,4.780113,4.472755,4.418427,4.527058,4.508957,4.617508,4.635590,4.689812,4.743999,4.852314,4.942490,4.996559,5.122616,5.392242,5.428139,5.589546,5.732807,5.929482,6.036610,6.232731,6.410706,6.535103,6.677101,6.677101,6.801193,6.907440,6.978207,6.995895,7.084278,7.278450,7.260815,7.348972,7.401833,7.384212,7.401833,7.419441,7.489868,7.437057,7.489868,7.560242,7.577831,7.595413,7.577831,7.648148,7.683289,7.683289,7.718422,7.788635,7.718422,7.823730,7.806187,7.788635,7.806187,7.823730,7.788635,7.858810,7.771088,7.876347,7.858810,7.911411,7.928940,8.016525,8.034035,8.051544,8.034035,8.069046,8.051544,8.121536,8.139027,8.121536,8.121536,8.139027,8.191483,8.191483,8.226437,8.191483,8.313774,8.278851,8.191483,8.261383,8.313774,8.278851,8.296310,8.174004,8.156513,8.034035,8.016525,7.963982,7.823730,7.858810,8.401035,9.614849,10.199139,10.728870,11.086086,11.238777,11.357365,11.255722,11.170944,11.103065,10.848083,10.558300,10.319000,10.027649,9.924606,9.821461,9.632080,9.511379,9.494129,9.373260,9.234943,9.183022,9.148392,9.183022,9.113758,9.044441,8.957737,8.975086,8.888317,9.044441,8.992432,8.940388,8.905678,8.923035,9.009773,8.940388,8.836220,8.836220,8.749332,8.592743,8.540497,8.470791,8.366138,8.488220,8.261383,8.139027,8.313774,8.296310,8.366138,8.156513,8.139027,8.069046,7.963982,8.051544,7.928940,7.946465,7.876347,7.718422,7.577831,7.507469,7.331345,7.066605,6.232731,5.320412,4.870358,4.707874,4.743999,4.707874,4.743999,4.762062,4.743999,4.798172,4.870358,4.852314,4.960514,4.798172,4.870358,4.870358,4.888393,4.906425,4.942490,4.978535,4.942490,4.960514,4.960514,5.068611,4.942490,5.014572,4.996559,5.086613,5.032589,5.176598,5.032589,5.050598,5.194580,5.122616,5.140610,5.302444,5.194580,5.212570,5.194580,5.212570,5.284477,5.302444,5.320412,5.284477,5.266499,5.481972,5.338371,5.392242,5.284477,5.374290,5.428139,5.571625,6.000916,6.125797,6.250534,6.481804,6.872036,7.683289,8.627563,9.373260,9.528633,9.234943,8.540497,8.313774,8.453358,8.749332,8.992432,9.044441,9.200333,9.200333,9.338692,9.269539,9.217640,9.009773,8.818848,8.836220,8.714558,8.662369,8.697163,8.592743,8.523075,8.627563,8.575333,8.610161,8.523075,8.418476,8.366138,8.383591,8.453358,8.383591,8.418476,8.488220,8.348686,8.331230,8.366138,8.401035,8.505650,8.505650,8.575333,8.731949,8.749332,8.679768,8.592743,8.662369,8.784096,8.749332,8.731949,8.749332,8.784096,8.679768,8.784096,8.940388,8.836220,8.905678,8.992432,8.888317,8.801476,8.940388,8.870953,8.888317,8.784096,8.836220,8.853588,8.853588,8.905678,8.784096,8.557915,8.592743,8.697163,8.627563,8.697163,8.818848,8.766716,8.888317,8.853588,8.853588,8.784096,8.784096,8.853588,8.714558,8.836220,8.836220,8.714558,8.627563,8.505650,8.627563,8.523075,8.383591,8.488220,
10.831066,11.052120,11.458900,11.998611,12.451607,12.919083,13.748062,13.797565,14.126900,14.110455,13.002323,12.451607,12.535263,11.052120,10.404537,11.475815,12.568703,12.902435,14.749332,15.026398,11.289619,10.541225,11.492725,11.661655,11.357365,10.626560,8.697163,7.823730,7.648148,8.610161,10.779976,12.216988,11.441990,12.935738,16.334732,18.143013,16.158203,13.731560,10.865101,10.079128,10.762939,12.668941,15.221458,14.602299,11.306557,8.470791,7.806187,9.597610,14.863525,16.973614,15.383682,16.061756,14.373108,11.509636,14.143326,18.190071,18.628052,16.862156,15.253925,14.340313,15.286385,15.416088,13.549789,12.752399,13.135342,11.779716,12.652241,14.422272,14.422272,14.077572,14.323921,14.536880,15.723377,14.618649,13.367657,13.731560,12.835777,13.201775,13.450489,11.948143,11.712273,13.417366,16.718632,19.512459,21.583633,20.980156,18.612450,18.534397,20.081375,21.523499,22.554146,22.820686,21.553566,16.718632,13.185173,13.764572,17.116711,19.327065,19.187744,18.923927,18.628052,17.211967,15.416088,15.270157,17.259556,15.642616,14.028225,13.929443,14.126900,15.464684,16.766499,16.029587,14.209038,13.814064,13.549789,14.061119,15.529427,17.243698,17.481293,17.812809,17.243698,17.069038,17.291267,17.591946,16.606838,15.804058,15.237690,15.253925,15.156490,15.058941,15.497055,15.286385,14.993847,15.042671,15.058941,15.253925,14.634995,13.334507,12.250546,11.577221,11.103065,10.882126,10.848083,10.916145,10.933151,10.967159,10.797012,10.711826,10.831066,10.899132,10.916145,10.899132,10.899132,11.170944,11.357365,11.509636,11.863968,12.049046,12.334373,12.468342,12.618832,12.935738,12.969040,13.118725,13.168564,13.185173,13.168564,13.234974,12.819115,11.981785,12.785763,14.634995,15.399883,15.367474,15.205219,15.140236,15.253925,15.286385,15.270157,15.237690,14.896122,14.912418,15.042671,15.140236,15.026398,14.977566,14.961281,14.944996,14.765656,14.749332,14.602299,14.504147,14.405884,14.241875,14.143326,14.110455,13.995308,13.880009,13.847038,13.781071,13.748062,13.665508,13.632454,13.533249,13.516701,13.483601,13.417366,13.334507,13.417366,13.400806,13.317928,13.185173,13.168564,13.151951,13.185173,13.218376,13.135342,13.201775,13.085476,13.118725,13.035591,12.869114,12.952389,12.819115,12.819115,12.802441,12.735714,12.769081,12.685638,12.618832,12.719025,12.585411,12.518532,12.418129,12.384636,12.418129,12.451607,12.367878,12.401375,12.351128,12.468342,12.250546,12.351128,12.284077,12.250546,12.284077,12.401375,12.233765,12.367878,12.384636,12.334373,12.300850,12.317612,12.233765,12.334373,12.233765,12.284077,12.300850,12.166641,12.300850,12.216988,12.216988,12.284077,12.183426,12.200203,12.183426,12.116257,12.099461,12.133057,11.964966,11.897648,11.779716,11.880806,11.847122,11.863968,11.627888,11.594112,11.627888,11.594112,11.509636,11.492725,11.408150,11.492725,11.374298,11.323498,11.272675,11.238777,11.289619,11.018150,11.137009,11.120033,11.170944,11.069107,11.035133,11.018150,10.967159,10.899132,10.899132,10.899132,10.865101,10.779976,10.779976,10.779976,10.814041,10.643623,10.745911,10.660679,10.626560,10.558300,10.524147,10.421631,10.336117,10.284771,10.250530,10.199139,10.096279,10.044807,9.976139,9.941792,9.855862,9.855862,9.855862,9.752644,9.752644,9.666546,9.476868,9.494129,9.321407,9.252239,9.009773,8.975086,8.784096,8.575333,8.418476,8.208961,7.946465,7.700855,7.137272,5.822250,4.780113,4.581333,4.581333,4.545155,4.617508,4.581333,4.725941,4.725941,4.870358,4.870358,4.978535,5.176598,5.302444,5.428139,5.643291,5.786484,6.018761,6.125797,6.357342,6.464035,6.606125,6.801193,6.960518,7.013577,7.243172,7.296085,7.437057,7.437057,7.437057,7.542656,7.560242,7.665718,7.648148,7.630577,7.771088,7.753536,7.718422,7.771088,7.893879,7.911411,7.893879,7.911411,7.928940,7.981499,7.946465,7.999016,7.911411,8.051544,7.946465,8.034035,7.981499,8.016525,8.034035,8.034035,8.069046,8.121536,8.104042,8.156513,8.174004,8.139027,8.191483,8.278851,8.208961,8.296310,8.383591,8.366138,8.366138,8.278851,8.383591,8.366138,8.383591,8.383591,8.435913,8.470791,8.435913,8.453358,8.418476,8.488220,8.523075,8.523075,8.470791,8.488220,8.470791,8.401035,8.348686,8.261383,8.278851,8.226437,8.156513,8.016525,8.784096,9.511379,10.079128,10.660679,11.001148,11.153976,11.137009,11.120033,11.069107,10.814041,10.677727,10.301891,10.061974,9.700993,9.563126,9.545887,9.459610,9.390537,9.217640,9.217640,9.027115,9.061775,9.061775,9.113758,9.079109,9.079109,9.044441,8.992432,9.096436,9.027115,8.957737,8.957737,8.905678,9.096436,9.148392,9.096436,9.044441,9.079109,9.061775,9.044441,9.027115,9.027115,8.923035,8.992432,8.853588,8.853588,8.836220,8.766716,8.731949,8.505650,8.575333,8.435913,8.435913,8.366138,8.366138,8.296310,8.243912,8.139027,7.858810,7.630577,7.560242,7.207882,5.983063,5.050598,4.581333,4.545155,4.527058,4.508957,4.707874,4.707874,4.707874,4.743999,4.798172,4.924461,4.906425,4.906425,4.996559,5.032589,5.050598,5.086613,5.176598,5.230549,5.140610,5.194580,5.158604,5.230549,5.212570,5.212570,5.266499,5.266499,5.302444,5.248528,5.266499,5.356339,5.248528,5.302444,5.374290,5.410194,5.284477,5.338371,5.284477,5.338371,5.320412,5.356339,5.356339,5.374290,5.446091,5.446091,5.428139,5.499908,5.392242,5.481972,5.714912,5.858009,6.000916,6.179276,6.250534,6.535103,7.101940,7.823730,8.679768,9.321407,9.304119,8.992432,8.278851,8.278851,8.331230,8.592743,8.766716,9.027115,8.992432,9.009773,8.923035,8.905678,8.870953,8.801476,8.610161,8.505650,8.540497,8.383591,8.383591,8.278851,8.313774,8.174004,8.086544,8.069046,8.051544,8.226437,8.174004,8.313774,8.331230,8.401035,8.383591,8.243912,8.278851,8.366138,8.488220,8.505650,8.575333,8.697163,8.697163,8.749332,8.714558,8.662369,8.644970,8.662369,8.784096,8.749332,8.766716,8.818848,8.888317,8.870953,8.957737,8.975086,8.992432,9.044441,8.940388,8.975086,8.975086,8.888317,8.905678,9.061775,9.079109,9.061775,9.096436,9.131081,9.079109,9.096436,9.009773,9.096436,9.113758,9.131081,9.061775,9.096436,9.096436,9.165710,9.096436,8.975086,8.975086,8.992432,8.905678,8.957737,8.940388,8.870953,8.818848,8.992432,8.923035,8.749332,8.488220,8.610161,8.627563,
10.745911,11.306557,11.998611,12.535263,12.919083,13.682022,14.094013,13.945911,13.582870,12.902435,12.183426,12.284077,12.334373,11.035133,10.319000,11.863968,12.535263,12.300850,13.896488,13.748062,11.948143,11.745995,11.779716,11.847122,11.543430,10.694775,9.200333,8.313774,8.278851,9.821461,13.648983,14.225464,10.950157,11.863968,15.058941,16.286617,14.192616,11.577221,10.848083,11.509636,11.745995,12.635536,14.520515,13.715046,10.882126,9.096436,8.208961,9.476868,13.978848,16.526890,16.494896,16.238480,14.110455,11.374298,11.729134,14.373108,16.734592,14.536880,11.187904,11.729134,12.835777,13.284760,12.267311,11.762863,12.535263,11.577221,11.813431,12.802441,13.549789,14.716679,16.734592,16.013500,14.356716,12.952389,12.802441,12.183426,10.797012,11.018150,10.694775,10.353233,11.863968,14.863525,16.814339,19.851219,23.570671,20.066055,18.923927,20.157944,18.190071,19.187744,20.448227,23.409561,22.613457,14.143326,12.635536,14.405884,18.581238,21.538528,22.361046,24.443138,23.248093,19.187744,15.771801,16.478889,19.866592,16.909943,15.075207,15.836315,15.997406,16.350758,17.970207,15.787926,12.618832,11.425068,10.284771,10.967159,14.258289,17.686680,20.600578,19.218727,16.430859,16.238480,17.670891,18.923927,17.639320,15.253925,14.405884,14.241875,13.599396,13.896488,15.075207,15.010124,14.471405,14.176193,13.863529,13.284760,13.912971,14.569599,13.880009,12.250546,10.865101,10.592438,10.933151,11.052120,11.221825,11.340439,10.848083,10.353233,10.267654,10.319000,9.907425,9.459610,8.870953,8.801476,8.731949,9.061775,9.131081,9.373260,9.390537,9.321407,9.425079,9.442345,9.700993,9.804260,9.855862,10.113426,10.319000,10.489990,10.267654,10.558300,11.340439,12.852448,13.814064,13.715046,13.516701,13.615929,13.896488,14.011765,14.405884,14.684017,14.569599,14.536880,15.237690,15.545601,15.594124,15.707230,15.836315,16.109989,16.366791,16.286617,16.414852,16.334732,16.158203,15.884674,15.755661,15.545601,15.577946,15.464684,15.302612,15.221458,15.075207,15.123981,14.944996,14.896122,14.781967,14.667679,14.651337,14.455032,14.585953,14.405884,14.340313,14.159763,14.077572,14.094013,13.912971,13.929443,13.863529,13.912971,13.731560,13.648983,13.599396,13.516701,13.433933,13.467049,13.218376,13.317928,13.251579,13.284760,13.085476,13.035591,13.085476,12.985676,13.035591,12.969040,12.819115,12.819115,12.769081,12.819115,12.785763,12.769081,12.802441,12.719025,12.752399,12.668941,12.735714,12.685638,12.735714,12.635536,12.635536,12.635536,12.652241,12.685638,12.635536,12.618832,12.535263,12.685638,12.635536,12.585411,12.652241,12.585411,12.668941,12.635536,12.719025,12.618832,12.635536,12.618832,12.501804,12.485077,12.367878,12.317612,12.351128,12.300850,12.233765,12.183426,12.099461,12.082661,12.032238,11.998611,11.931309,11.998611,11.931309,11.880806,11.880806,11.847122,11.745995,11.729134,11.695396,11.678528,11.560329,11.543430,11.577221,11.577221,11.526535,11.560329,11.526535,11.441990,11.441990,11.526535,11.272675,11.357365,11.374298,11.272675,11.255722,11.153976,11.120033,11.086086,11.069107,11.052120,10.984158,10.950157,10.797012,10.762939,10.831066,10.694775,10.677727,10.558300,10.541225,10.524147,10.472908,10.336117,10.336117,10.199139,10.147728,10.130581,10.096279,9.941792,9.890244,9.718216,9.666546,9.476868,9.442345,9.269539,8.992432,8.836220,8.610161,8.348686,7.981499,7.366592,5.714912,4.816223,4.653660,4.671738,4.617508,4.707874,4.798172,4.852314,4.870358,4.960514,5.068611,4.996559,5.320412,5.535770,5.661201,5.858009,6.036610,6.286148,6.517342,6.694839,6.854328,7.031254,7.172585,7.384212,7.419441,7.595413,7.683289,7.753536,7.823730,7.876347,7.823730,7.963982,7.981499,8.051544,8.051544,8.051544,8.139027,8.174004,8.208961,8.156513,8.174004,8.156513,8.313774,8.226437,8.331230,8.278851,8.278851,8.313774,8.348686,8.383591,8.488220,8.313774,8.296310,8.348686,8.401035,8.348686,8.401035,8.453358,8.435913,8.505650,8.453358,8.488220,8.505650,8.505650,8.540497,8.610161,8.523075,8.523075,8.575333,8.610161,8.610161,8.627563,8.679768,8.627563,8.627563,8.662369,8.714558,8.697163,8.714558,8.697163,8.731949,8.679768,8.784096,8.644970,8.644970,8.523075,8.505650,8.435913,8.313774,8.243912,8.243912,8.870953,9.580376,10.044807,10.455822,10.660679,10.848083,10.865101,10.762939,10.779976,10.524147,10.336117,10.130581,9.907425,9.545887,9.355976,9.304119,9.131081,9.079109,8.975086,8.992432,8.975086,8.784096,8.749332,8.644970,8.627563,8.523075,8.505650,8.488220,8.627563,8.575333,8.575333,8.575333,8.662369,8.714558,8.784096,8.766716,8.836220,8.836220,8.836220,8.940388,9.009773,8.957737,8.923035,8.888317,8.818848,8.975086,8.836220,8.818848,8.749332,8.766716,8.523075,8.470791,8.488220,8.505650,8.470791,8.488220,8.470791,8.331230,8.208961,7.963982,7.612995,6.942829,5.571625,4.527058,4.327812,4.382195,4.436539,4.472755,4.436539,4.581333,4.617508,4.707874,4.762062,4.852314,4.906425,4.978535,5.032589,5.158604,5.194580,5.320412,5.302444,5.320412,5.428139,5.428139,5.481972,5.517838,5.553699,5.481972,5.535770,5.607468,5.661201,5.607468,5.679108,5.607468,5.661201,5.732807,5.625381,5.661201,5.697014,5.607468,5.714912,5.625381,5.643291,5.697014,5.679108,5.768597,5.768597,5.697014,5.661201,5.697014,5.714912,5.661201,5.786484,5.875885,5.947346,6.000916,6.107971,6.535103,7.278450,7.928940,8.766716,9.234943,9.252239,8.731949,8.226437,8.278851,8.488220,8.784096,8.923035,8.888317,8.975086,8.923035,8.766716,8.766716,8.662369,8.435913,8.401035,8.331230,8.488220,8.226437,8.104042,8.051544,7.876347,7.753536,7.700855,7.735977,7.823730,7.788635,7.893879,7.946465,8.034035,7.963982,7.999016,8.034035,8.051544,8.121536,8.226437,8.296310,8.226437,8.226437,8.139027,8.156513,8.208961,8.261383,8.034035,8.051544,7.999016,8.051544,8.156513,8.156513,8.296310,8.348686,8.401035,8.435913,8.418476,8.523075,8.401035,8.418476,8.540497,8.557915,8.592743,8.697163,8.714558,8.784096,8.905678,8.766716,8.870953,8.853588,9.009773,9.027115,9.096436,8.992432,9.027115,9.131081,9.044441,8.957737,8.957737,8.975086,8.940388,8.818848,8.870953,8.818848,8.836220,8.749332,8.679768,8.662369,8.697163,8.697163,8.627563,8.627563,8.644970,
10.728870,11.509636,12.049046,12.535263,13.334507,14.126900,14.373108,13.781071,12.835777,12.065849,11.425068,10.984158,10.558300,10.182007,10.507072,11.897648,12.082661,11.712273,13.234974,13.185173,13.018955,12.351128,11.475815,11.813431,12.267311,10.677727,9.476868,8.714558,8.957737,11.204865,15.755661,14.438644,9.993317,13.748062,17.718227,16.590855,14.716679,13.168564,12.935738,12.785763,11.170944,11.137009,13.533249,13.218376,11.931309,11.137009,9.924606,9.390537,13.151951,16.574867,17.860062,18.001652,16.142136,13.351086,12.116257,12.501804,13.995308,12.835777,11.644768,12.216988,11.998611,11.695396,10.489990,11.526535,12.935738,12.300850,12.133057,12.885777,13.234974,14.389496,17.307125,17.797050,14.044678,11.729134,12.049046,11.745995,10.250530,10.267654,10.694775,10.626560,11.998611,14.143326,16.174263,22.137611,26.940872,22.107765,19.512459,18.268456,15.529427,16.957703,18.737183,21.793724,19.774353,14.225464,13.945911,15.529427,18.830605,19.774353,22.539307,26.184273,25.219238,19.728195,15.042671,16.606838,18.970543,16.318695,17.322979,18.315449,17.875805,17.053143,17.781296,14.569599,12.250546,10.387436,9.338692,10.130581,14.291111,19.697411,22.968353,21.010437,17.211967,17.338821,21.237213,21.538528,19.912659,16.206375,15.042671,14.225464,12.869114,14.192616,15.933002,15.755661,14.471405,14.520515,13.896488,13.085476,16.109989,18.064510,17.180225,14.928707,12.618832,12.652241,13.731560,14.405884,15.058941,15.610291,14.553234,13.483601,13.417366,13.151951,12.819115,11.204865,9.373260,8.836220,8.784096,9.269539,9.632080,9.597610,9.200333,8.505650,8.401035,8.261383,8.435913,8.575333,8.348686,8.523075,9.390537,9.494129,9.958965,10.677727,11.526535,12.065849,12.317612,11.627888,11.052120,10.524147,10.472908,10.711826,10.865101,11.103065,11.340439,11.425068,12.133057,12.468342,12.885777,13.052223,13.516701,14.192616,14.405884,14.716679,15.058941,15.205219,15.302612,15.351257,15.561783,15.513241,15.674923,15.755661,15.723377,15.739521,15.884674,15.933002,15.997406,16.206375,16.174263,16.206375,16.302662,16.430859,16.045673,15.933002,15.933002,15.981312,15.739521,15.545601,15.464684,15.367474,15.286385,15.253925,15.156490,14.977566,14.944996,14.733006,14.487770,14.504147,14.422272,14.225464,14.126900,14.143326,13.962376,13.847038,13.748062,13.781071,13.731560,13.615929,13.533249,13.433933,13.351086,13.417366,13.268166,13.185173,13.268166,13.102104,13.151951,13.118725,13.102104,13.052223,13.068855,13.018955,13.002323,12.985676,12.935738,13.068855,13.035591,12.985676,12.969040,12.969040,12.935738,13.018955,13.018955,13.018955,13.018955,12.985676,13.018955,12.902435,13.002323,12.902435,12.719025,12.852448,12.702332,12.719025,12.602119,12.585411,12.585411,12.485077,12.468342,12.367878,12.367878,12.317612,12.317612,12.284077,12.200203,12.250546,12.216988,12.133057,12.065849,12.082661,12.015423,12.049046,11.998611,11.948143,11.964966,11.998611,11.880806,11.931309,11.863968,11.863968,11.813431,11.813431,11.661655,11.712273,11.729134,11.661655,11.661655,11.526535,11.509636,11.526535,11.543430,11.391228,11.425068,11.238777,11.255722,11.221825,11.170944,11.204865,11.170944,11.001148,10.950157,10.865101,10.797012,10.899132,10.745911,10.592438,10.575371,10.541225,10.455822,10.336117,10.284771,10.113426,10.027649,9.838661,9.769852,9.494129,9.355976,9.131081,8.940388,8.679768,8.488220,7.595413,5.804367,4.816223,4.689812,4.653660,4.707874,4.798172,4.798172,4.834267,4.996559,5.068611,5.176598,5.230549,5.392242,5.679108,5.768597,6.000916,6.303955,6.588379,6.765751,6.960518,7.243172,7.366592,7.542656,7.542656,7.788635,7.911411,8.016525,8.016525,8.104042,8.174004,8.191483,8.331230,8.313774,8.278851,8.348686,8.366138,8.296310,8.435913,8.470791,8.540497,8.505650,8.540497,8.470791,8.540497,8.610161,8.557915,8.644970,8.697163,8.644970,8.662369,8.714558,8.697163,8.644970,8.697163,8.714558,8.662369,8.644970,8.731949,8.662369,8.749332,8.749332,8.731949,8.714558,8.870953,8.801476,8.801476,8.766716,8.801476,8.905678,8.905678,8.923035,8.888317,8.957737,8.923035,8.905678,8.870953,8.870953,8.870953,8.957737,8.905678,9.027115,8.957737,8.923035,8.957737,8.818848,8.784096,8.679768,8.662369,8.470791,8.470791,8.610161,9.217640,9.787056,10.044807,10.353233,10.575371,10.694775,10.660679,10.626560,10.421631,10.182007,10.027649,9.804260,9.838661,9.459610,9.321407,9.269539,9.009773,8.975086,8.888317,8.992432,8.818848,8.610161,8.488220,8.418476,8.453358,8.348686,8.243912,8.331230,8.296310,8.243912,8.453358,8.401035,8.488220,8.470791,8.610161,8.731949,8.679768,8.679768,8.679768,8.627563,8.679768,8.749332,8.836220,8.836220,8.888317,8.801476,8.836220,8.679768,8.575333,8.453358,8.383591,8.261383,8.313774,8.261383,8.278851,8.191483,8.261383,8.104042,8.034035,7.893879,7.472267,6.339550,4.924461,4.273415,4.237133,4.309685,4.345943,4.454651,4.472755,4.436539,4.599422,4.743999,4.816223,4.960514,4.960514,5.086613,5.158604,5.212570,5.392242,5.446091,5.571625,5.517838,5.661201,5.697014,5.768597,5.840134,5.768597,5.858009,5.965206,5.947346,5.947346,6.018761,6.000916,6.036610,6.018761,6.125797,6.072296,6.054455,6.036610,6.036610,6.036610,6.107971,6.107971,6.214916,6.197094,6.179276,6.090134,6.161457,6.036610,6.107971,6.072296,6.072296,6.000916,6.143627,6.054455,6.072296,6.303955,6.730297,7.366592,8.016525,8.853588,9.148392,9.113758,8.540497,8.278851,8.348686,8.505650,8.801476,8.905678,8.975086,8.923035,8.818848,8.853588,8.592743,8.627563,8.383591,8.296310,8.208961,8.121536,7.963982,7.876347,7.771088,7.665718,7.595413,7.525059,7.542656,7.665718,7.665718,7.683289,7.788635,7.753536,7.841270,7.911411,7.928940,8.034035,8.034035,7.911411,8.051544,8.034035,7.999016,7.963982,7.893879,7.858810,7.806187,7.876347,7.858810,7.981499,7.999016,8.086544,8.121536,8.208961,8.226437,8.243912,8.366138,8.296310,8.313774,8.296310,8.435913,8.348686,8.348686,8.383591,8.383591,8.418476,8.278851,8.366138,8.331230,8.226437,8.296310,8.313774,8.488220,8.435913,8.453358,8.505650,8.523075,8.627563,8.610161,8.540497,8.610161,8.610161,8.644970,8.523075,8.714558,8.401035,8.505650,8.488220,8.296310,8.191483,8.348686,8.383591,8.331230,8.453358,
11.120033,11.644768,11.948143,12.334373,13.301342,14.258289,14.176193,13.151951,12.418129,11.238777,10.387436,9.061775,8.870953,9.425079,10.660679,11.813431,11.374298,10.831066,11.762863,12.116257,12.032238,10.967159,10.524147,11.035133,11.187904,10.010487,9.649315,9.442345,9.941792,12.451607,16.414852,12.935738,11.458900,19.156754,19.651215,17.686680,16.878090,16.158203,15.610291,14.094013,11.863968,11.323498,12.652241,12.468342,11.745995,13.433933,13.234974,10.199139,11.594112,14.896122,17.670891,19.543312,19.666618,16.334732,14.077572,13.118725,12.468342,12.468342,12.602119,12.401375,11.120033,9.890244,10.027649,11.796577,12.835777,12.985676,12.802441,12.835777,12.015423,12.434868,16.093914,17.100819,13.218376,11.086086,11.644768,11.153976,10.575371,10.933151,11.289619,11.153976,11.998611,13.384232,15.949108,23.174583,27.840157,23.658401,17.670891,15.286385,13.218376,16.190327,19.280655,19.358002,17.005432,14.863525,13.814064,14.896122,17.291267,17.481293,20.157944,22.643097,21.222122,17.132591,14.765656,16.206375,17.765533,16.750549,17.354664,17.718227,16.558876,15.416088,16.126068,14.028225,10.660679,8.818848,9.407806,12.785763,17.037239,20.050720,21.613678,19.388908,18.143013,18.846176,20.265015,19.897308,19.620399,16.222427,15.091465,13.566330,13.018955,14.536880,15.723377,15.610291,14.553234,14.504147,13.929443,13.847038,16.718632,16.750549,17.275417,16.077839,14.993847,15.464684,16.430859,17.749767,19.620399,20.493958,20.112015,18.877281,18.861725,18.939468,19.327065,16.093914,13.185173,12.434868,12.384636,13.467049,13.599396,13.599396,11.678528,10.044807,9.476868,9.286831,9.700993,9.855862,8.697163,9.338692,10.933151,11.560329,12.485077,14.504147,16.542885,16.510895,16.238480,15.237690,12.535263,9.873051,9.304119,9.165710,9.113758,9.131081,9.148392,8.905678,9.061775,9.494129,9.597610,9.924606,10.130581,10.507072,10.899132,11.255722,11.492725,11.594112,11.830276,12.049046,12.300850,12.434868,12.702332,12.785763,13.035591,13.417366,13.467049,13.615929,14.143326,14.487770,14.553234,14.830910,15.123981,15.351257,15.416088,15.448486,16.158203,16.430859,16.270573,16.350758,16.270573,16.510895,16.638790,17.069038,16.894020,16.846222,16.654766,16.366791,16.142136,16.126068,16.061756,15.981312,15.933002,15.787926,15.561783,15.513241,15.286385,15.172733,14.863525,14.847221,14.667679,14.536880,14.323921,14.258289,14.094013,13.945911,13.962376,13.847038,13.781071,13.615929,13.698540,13.599396,13.533249,13.500156,13.367657,13.467049,13.467049,13.301342,13.384232,13.301342,13.251579,13.234974,13.284760,13.234974,13.284760,13.400806,13.433933,13.467049,13.384232,13.201775,13.251579,13.218376,13.151951,13.118725,13.035591,13.035591,13.002323,13.002323,12.835777,12.852448,12.769081,12.769081,12.769081,12.618832,12.568703,12.585411,12.685638,12.535263,12.501804,12.485077,12.418129,12.418129,12.367878,12.401375,12.351128,12.300850,12.317612,12.216988,12.183426,12.233765,12.216988,12.216988,12.200203,12.133057,12.166641,12.267311,12.116257,12.082661,12.116257,12.032238,11.914482,11.847122,11.779716,11.830276,11.914482,11.729134,11.813431,11.745995,11.712273,11.627888,11.644768,11.611008,11.475815,11.391228,11.289619,11.238777,11.137009,11.170944,11.170944,11.001148,10.899132,10.831066,10.711826,10.524147,10.404537,10.336117,10.130581,9.907425,9.769852,9.580376,9.234943,9.061775,8.662369,7.735977,5.929482,4.960514,4.798172,4.888393,4.834267,4.888393,4.942490,4.960514,5.050598,5.140610,5.230549,5.338371,5.553699,5.732807,5.965206,6.214916,6.517342,6.712570,7.101940,7.348972,7.595413,7.630577,7.876347,7.981499,8.156513,8.331230,8.296310,8.418476,8.470791,8.488220,8.488220,8.488220,8.627563,8.592743,8.749332,8.749332,8.749332,8.801476,8.766716,8.853588,8.836220,8.836220,8.853588,8.853588,8.940388,8.992432,9.027115,8.975086,8.940388,9.027115,9.009773,8.975086,8.992432,8.975086,8.992432,8.940388,8.975086,8.975086,9.009773,8.992432,9.009773,9.027115,9.096436,8.992432,9.079109,9.096436,9.079109,9.061775,9.113758,9.079109,9.044441,9.079109,9.183022,9.131081,9.061775,9.148392,9.165710,9.234943,9.113758,9.165710,9.165710,9.131081,9.200333,9.096436,9.165710,9.027115,8.940388,8.836220,8.766716,8.592743,8.766716,9.666546,10.147728,10.455822,10.728870,10.797012,10.882126,10.779976,10.575371,10.438725,10.113426,9.700993,9.597610,9.528633,9.355976,9.252239,9.061775,8.923035,8.853588,8.766716,8.679768,8.575333,8.470791,8.313774,8.331230,8.243912,8.296310,8.261383,8.191483,8.296310,8.261383,8.174004,8.261383,8.401035,8.505650,8.540497,8.453358,8.488220,8.505650,8.453358,8.557915,8.505650,8.627563,8.662369,8.731949,8.731949,8.749332,8.697163,8.627563,8.523075,8.331230,8.296310,8.226437,8.296310,8.208961,8.121536,8.034035,7.999016,7.841270,7.735977,7.507469,6.889732,5.553699,4.418427,4.255280,4.237133,4.218987,4.327812,4.527058,4.508957,4.599422,4.653660,4.707874,4.870358,4.960514,5.086613,5.050598,5.230549,5.356339,5.535770,5.446091,5.661201,5.661201,5.840134,5.786484,5.929482,5.983063,6.000916,6.054455,6.072296,6.179276,6.161457,6.232731,6.321754,6.303955,6.357342,6.321754,6.250534,6.339550,6.392914,6.375134,6.464035,6.410706,6.464035,6.499577,6.392914,6.552864,6.410706,6.464035,6.321754,6.375134,6.321754,6.197094,6.197094,6.214916,6.250534,6.321754,6.410706,6.854328,7.595413,8.191483,8.905678,9.027115,8.888317,8.784096,8.801476,9.009773,9.131081,9.252239,9.425079,9.425079,9.459610,9.355976,9.131081,8.853588,8.784096,8.470791,8.488220,8.418476,8.331230,8.191483,8.016525,8.016525,8.016525,7.928940,7.771088,7.771088,7.735977,7.911411,7.806187,7.806187,7.911411,7.806187,7.928940,7.911411,7.911411,7.963982,7.999016,7.981499,7.928940,7.981499,8.016525,7.928940,7.928940,7.771088,7.876347,7.893879,8.016525,7.999016,8.069046,7.963982,8.156513,8.121536,8.243912,8.313774,8.348686,8.313774,8.418476,8.401035,8.401035,8.453358,8.366138,8.435913,8.470791,8.261383,8.261383,8.226437,8.278851,8.261383,8.366138,8.366138,8.505650,8.401035,8.523075,8.540497,8.435913,8.470791,8.488220,8.383591,8.435913,8.366138,8.366138,8.261383,8.383591,8.313774,8.261383,8.261383,8.278851,8.261383,8.243912,8.348686,8.331230,
11.289619,11.745995,11.897648,12.769081,13.384232,13.912971,13.632454,12.752399,11.441990,10.010487,8.957737,8.226437,8.470791,10.575371,11.289619,11.272675,10.319000,9.321407,9.958965,10.575371,9.976139,9.632080,9.649315,9.976139,10.010487,9.476868,9.632080,9.907425,10.899132,14.422272,17.449657,12.434868,15.253925,23.760605,19.897308,16.973614,16.558876,17.180225,17.623531,15.933002,14.536880,13.102104,12.869114,11.745995,10.762939,14.602299,15.804058,11.170944,9.269539,11.492725,15.626457,19.912659,21.853638,19.296127,16.494896,14.765656,13.068855,13.135342,13.334507,12.183426,10.677727,10.164867,10.336117,11.137009,11.627888,12.685638,13.002323,13.118725,11.830276,11.627888,13.847038,15.221458,13.665508,11.712273,11.323498,11.425068,11.391228,11.729134,12.183426,11.981785,12.267311,12.602119,14.765656,20.157944,24.616356,22.465080,16.382813,15.205219,14.094013,17.844315,19.296127,15.707230,14.028225,13.566330,11.204865,12.969040,15.965214,16.766499,17.037239,15.658775,15.026398,15.610291,16.590855,18.892838,19.141251,18.487526,17.084930,14.011765,13.334507,14.405884,15.900787,11.779716,8.975086,8.662369,12.032238,19.589577,22.375916,19.789734,18.846176,18.409359,19.280655,18.970543,18.659248,19.079224,19.435257,15.836315,13.135342,12.752399,12.785763,13.814064,14.176193,14.011765,13.929443,13.417366,12.635536,12.685638,13.384232,14.553234,16.750549,16.558876,16.093914,16.045673,16.798401,18.331108,20.843719,21.448265,22.271744,22.346169,22.241959,22.524467,23.424225,21.448265,20.432976,20.934708,19.527885,19.419815,18.970543,18.955009,15.188980,13.284760,12.969040,12.719025,13.582870,12.902435,10.933151,11.187904,13.417366,14.553234,17.781296,23.086273,25.518723,24.283981,27.260513,23.935493,17.860062,11.830276,10.541225,10.267654,9.993317,10.096279,9.666546,8.784096,8.923035,9.649315,9.958965,9.838661,9.993317,10.575371,11.272675,11.577221,11.340439,10.899132,10.916145,11.120033,11.289619,11.204865,10.489990,10.199139,10.438725,10.404537,10.267654,10.507072,10.643623,10.831066,10.950157,11.153976,11.475815,11.712273,11.745995,12.049046,12.869114,13.135342,13.284760,13.665508,14.044678,14.651337,14.993847,15.626457,15.707230,15.642616,15.755661,15.804058,15.787926,16.174263,16.366791,16.494896,16.462883,16.526890,16.622818,16.446873,16.398830,16.126068,16.302662,16.270573,16.013500,15.949108,15.626457,15.399883,15.140236,15.091465,14.944996,14.814606,14.700352,14.634995,14.569599,14.356716,14.241875,14.241875,14.061119,14.077572,14.274704,13.978848,13.847038,13.665508,13.566330,13.450489,13.450489,13.516701,13.682022,13.814064,13.962376,13.995308,13.830551,13.830551,13.632454,13.648983,13.516701,13.566330,13.549789,13.317928,13.351086,13.284760,13.234974,13.218376,13.201775,13.185173,13.151951,12.935738,12.902435,13.018955,12.985676,12.902435,12.885777,12.819115,12.769081,12.769081,12.769081,12.685638,12.719025,12.668941,12.652241,12.635536,12.602119,12.602119,12.485077,12.568703,12.685638,12.618832,12.485077,12.551975,12.434868,12.518532,12.468342,12.535263,12.451607,12.334373,12.351128,12.317612,12.267311,12.200203,12.216988,12.216988,12.065849,12.082661,12.099461,11.998611,11.897648,11.948143,11.745995,11.661655,11.627888,11.492725,11.458900,11.374298,11.340439,11.221825,11.137009,10.950157,10.865101,10.643623,10.507072,10.199139,10.113426,9.958965,9.649315,9.425079,9.009773,7.963982,5.965206,5.014572,4.942490,4.924461,4.888393,4.960514,5.086613,5.176598,5.194580,5.266499,5.356339,5.607468,5.714912,6.000916,6.250534,6.517342,6.641617,7.031254,7.384212,7.630577,7.823730,8.051544,8.331230,8.453358,8.540497,8.592743,8.714558,8.679768,8.801476,8.888317,8.870953,8.940388,8.923035,9.044441,9.079109,9.009773,9.096436,9.131081,9.200333,9.131081,9.165710,9.286831,9.252239,9.200333,9.252239,9.286831,9.234943,9.234943,9.252239,9.373260,9.269539,9.338692,9.286831,9.304119,9.234943,9.269539,9.338692,9.234943,9.252239,9.286831,9.217640,9.252239,9.338692,9.217640,9.304119,9.269539,9.390537,9.338692,9.338692,9.355976,9.355976,9.338692,9.321407,9.338692,9.321407,9.321407,9.355976,9.286831,9.373260,9.338692,9.373260,9.338692,9.425079,9.355976,9.355976,9.321407,9.131081,8.992432,8.888317,8.923035,9.131081,9.958965,10.660679,10.899132,11.170944,11.204865,11.137009,11.035133,10.865101,10.626560,10.353233,10.079128,9.752644,9.528633,9.338692,9.165710,8.975086,8.853588,8.697163,8.610161,8.540497,8.348686,8.331230,8.313774,8.243912,8.174004,8.174004,8.156513,8.121536,8.121536,8.069046,8.139027,8.208961,8.191483,8.139027,8.243912,8.191483,8.243912,8.156513,7.963982,8.104042,8.121536,8.261383,8.226437,8.296310,8.296310,8.313774,8.278851,8.331230,8.261383,8.174004,8.104042,7.963982,7.963982,7.911411,7.841270,7.788635,7.595413,7.595413,7.348972,6.995895,6.054455,4.924461,4.182686,4.237133,4.309685,4.182686,4.273415,4.418427,4.527058,4.617508,4.635590,4.743999,4.906425,4.978535,5.122616,5.194580,5.338371,5.481972,5.553699,5.607468,5.768597,5.893753,5.840134,5.947346,6.054455,6.018761,6.179276,6.214916,6.179276,6.286148,6.250534,6.357342,6.303955,6.410706,6.428486,6.428486,6.428486,6.499577,6.481804,6.464035,6.570625,6.499577,6.535103,6.588379,6.517342,6.588379,6.659363,6.517342,6.481804,6.517342,6.464035,6.499577,6.481804,6.375134,6.375134,6.464035,6.535103,7.154926,7.788635,8.156513,8.697163,8.905678,8.923035,9.217640,9.407806,9.597610,9.632080,9.735428,9.821461,9.890244,9.718216,9.580376,9.321407,9.096436,8.888317,8.749332,8.644970,8.557915,8.540497,8.488220,8.418476,8.331230,8.278851,8.191483,8.174004,8.313774,8.226437,8.226437,8.226437,8.435913,8.243912,8.191483,8.226437,8.331230,8.366138,8.401035,8.435913,8.348686,8.435913,8.313774,8.488220,8.331230,8.453358,8.488220,8.243912,8.261383,8.191483,8.278851,8.366138,8.435913,8.383591,8.418476,8.401035,8.435913,8.540497,8.540497,8.488220,8.435913,8.435913,8.488220,8.418476,8.401035,8.435913,8.453358,8.208961,8.261383,8.313774,8.366138,8.401035,8.435913,8.470791,8.523075,8.523075,8.540497,8.470791,8.523075,8.470791,8.470791,8.470791,8.505650,8.366138,8.331230,8.261383,8.366138,8.261383,8.208961,8.208961,8.313774,8.261383,8.366138,8.366138,
11.475815,11.948143,12.602119,13.085476,13.384232,13.516701,12.685638,11.425068,10.147728,9.165710,8.697163,8.557915,10.250530,13.301342,12.702332,10.421631,8.575333,8.051544,9.044441,9.373260,9.148392,9.390537,9.407806,9.580376,9.442345,9.321407,9.511379,9.804260,11.998611,17.985931,18.612450,13.201775,18.581238,25.276390,19.125748,16.526890,16.013500,16.398830,17.607742,17.227837,17.544540,15.480865,13.351086,11.323498,9.632080,12.635536,16.126068,11.678528,9.148392,10.182007,14.077572,18.299789,21.252312,19.912659,18.127319,15.691078,13.698540,13.781071,13.500156,11.813431,11.408150,11.221825,10.865101,10.745911,11.187904,12.166641,12.635536,12.902435,11.712273,10.575371,11.813431,13.665508,14.356716,12.985676,12.401375,12.785763,12.685638,13.251579,13.384232,12.618832,12.317612,11.678528,13.731560,16.430859,19.712807,19.094734,15.626457,15.335041,14.667679,16.750549,14.126900,11.340439,11.678528,12.434868,10.370338,11.374298,15.464684,17.021339,15.852440,13.450489,15.026398,17.639320,19.327065,21.161697,20.783012,20.493958,14.340313,12.284077,13.863529,15.836315,12.551975,10.079128,10.933151,12.434868,16.558876,24.443138,24.616356,19.912659,18.284119,17.781296,19.079224,19.697411,19.543312,19.435257,18.565624,13.118725,10.797012,11.695396,12.434868,13.400806,13.284760,12.919083,12.869114,12.334373,11.779716,12.099461,12.852448,15.416088,16.686703,16.462883,15.739521,15.691078,16.109989,17.860062,19.943367,20.004730,20.570129,21.297577,21.448265,20.965012,22.390778,23.716820,26.465500,28.004807,23.891815,21.267395,22.494781,22.241959,17.591946,18.409359,18.299789,16.574867,17.164352,16.174263,13.797565,12.065849,13.018955,15.820190,22.479935,28.754036,28.496223,26.535629,31.039398,29.010780,20.661438,13.847038,12.635536,11.880806,11.627888,12.351128,12.065849,10.779976,11.204865,12.200203,12.668941,12.501804,13.268166,14.667679,15.916897,16.366791,15.820190,15.172733,15.318825,15.933002,16.254528,14.618649,12.317612,11.255722,11.745995,10.609497,9.924606,10.010487,10.079128,9.373260,9.234943,9.390537,9.511379,9.304119,9.425079,9.442345,9.666546,10.096279,10.147728,10.745911,11.103065,11.897648,12.769081,12.802441,12.183426,11.998611,12.049046,12.334373,12.518532,12.919083,13.135342,13.301342,13.417366,13.698540,13.764572,13.995308,14.011765,14.307518,14.585953,14.716679,14.765656,14.847221,14.684017,14.520515,14.389496,14.389496,14.553234,14.504147,14.569599,14.536880,14.569599,14.585953,14.471405,14.422272,14.471405,14.504147,14.455032,14.340313,14.094013,13.781071,13.599396,13.367657,13.334507,13.731560,14.061119,14.373108,14.618649,14.520515,14.422272,14.307518,14.225464,14.225464,14.176193,14.143326,14.044678,13.945911,13.731560,13.731560,13.615929,13.665508,13.648983,13.516701,13.450489,13.367657,13.367657,13.384232,13.284760,13.268166,13.218376,13.168564,13.068855,13.085476,13.035591,13.102104,13.052223,13.002323,12.935738,12.869114,12.869114,12.969040,12.885777,12.902435,12.952389,12.919083,12.869114,12.885777,12.885777,12.885777,12.869114,12.935738,12.869114,12.769081,12.702332,12.652241,12.735714,12.585411,12.485077,12.485077,12.434868,12.418129,12.367878,12.233765,12.216988,12.267311,12.116257,12.099461,11.981785,11.964966,11.796577,11.830276,11.627888,11.509636,11.357365,11.340439,11.069107,10.967159,10.814041,10.626560,10.404537,10.216270,10.130581,9.752644,9.373260,8.069046,6.018761,5.122616,5.032589,5.068611,5.086613,5.050598,5.158604,5.212570,5.320412,5.499908,5.553699,5.679108,5.840134,6.072296,6.392914,6.694839,6.889732,7.348972,7.560242,7.911411,8.208961,8.331230,8.488220,8.644970,8.749332,8.870953,8.957737,9.131081,9.096436,9.217640,9.165710,9.183022,9.321407,9.373260,9.286831,9.338692,9.269539,9.338692,9.476868,9.511379,9.528633,9.580376,9.563126,9.597610,9.425079,9.545887,9.545887,9.683773,9.580376,9.545887,9.545887,9.580376,9.545887,9.563126,9.442345,9.545887,9.494129,9.459610,9.459610,9.476868,9.545887,9.528633,9.494129,9.511379,9.476868,9.511379,9.476868,9.442345,9.511379,9.580376,9.545887,9.545887,9.425079,9.528633,9.528633,9.528633,9.476868,9.545887,9.614849,9.614849,9.563126,9.511379,9.632080,9.545887,9.390537,9.494129,9.338692,9.200333,9.027115,9.113758,9.183022,10.130581,10.916145,11.069107,11.357365,11.425068,11.357365,11.120033,10.916145,10.711826,10.421631,10.199139,9.907425,9.683773,9.545887,9.338692,9.113758,8.975086,8.853588,8.766716,8.644970,8.523075,8.418476,8.366138,8.348686,8.278851,8.208961,8.139027,8.121536,8.104042,8.139027,8.034035,7.981499,7.946465,7.946465,7.999016,7.963982,7.963982,7.963982,7.876347,7.788635,7.841270,7.928940,7.946465,7.981499,8.086544,8.034035,7.911411,7.858810,7.963982,7.911411,7.911411,7.753536,7.683289,7.665718,7.577831,7.384212,7.384212,7.225533,6.942829,6.552864,5.446091,4.545155,4.273415,4.309685,4.345943,4.345943,4.327812,4.400314,4.545155,4.599422,4.725941,4.924461,4.942490,5.068611,5.194580,5.284477,5.392242,5.571625,5.625381,5.786484,5.804367,5.947346,6.036610,6.232731,6.214916,6.250534,6.357342,6.428486,6.339550,6.410706,6.392914,6.552864,6.570625,6.588379,6.535103,6.570625,6.694839,6.641617,6.606125,6.712570,6.694839,6.818905,6.712570,6.854328,6.942829,6.836617,6.765751,6.836617,6.659363,6.748028,6.730297,6.588379,6.588379,6.570625,6.517342,6.677101,6.712570,7.260815,7.946465,8.243912,8.627563,8.836220,8.957737,9.286831,9.459610,9.614849,9.735428,9.752644,9.700993,9.563126,9.459610,9.304119,9.113758,9.061775,8.784096,8.575333,8.592743,8.453358,8.453358,8.435913,8.366138,8.348686,8.313774,8.174004,8.174004,8.208961,8.366138,8.243912,8.243912,8.331230,8.348686,8.383591,8.505650,8.540497,8.523075,8.610161,8.592743,8.662369,8.679768,8.679768,8.714558,8.784096,8.766716,8.714558,8.766716,8.818848,8.784096,8.749332,8.818848,8.888317,8.853588,8.766716,8.923035,8.853588,8.714558,8.714558,8.714558,8.818848,8.731949,8.749332,8.697163,8.679768,8.784096,8.766716,8.749332,8.731949,8.662369,8.627563,8.731949,8.592743,8.697163,8.627563,8.662369,8.644970,8.644970,8.592743,8.697163,8.644970,8.697163,8.644970,8.470791,8.453358,8.488220,8.575333,8.383591,8.348686,8.243912,8.243912,8.296310,8.366138,8.453358,
11.948143,12.668941,13.317928,13.400806,12.952389,12.300850,11.153976,9.528633,9.269539,9.373260,9.528633,10.267654,13.301342,16.654766,13.615929,9.787056,8.435913,8.470791,9.321407,9.390537,9.494129,9.804260,9.563126,9.580376,9.304119,9.355976,9.355976,10.199139,14.209038,19.435257,19.094734,14.011765,17.180225,19.743591,18.268456,18.721603,15.577946,14.094013,15.010124,16.206375,19.218727,18.503151,14.928707,11.931309,8.870953,10.848083,14.438644,12.200203,10.387436,10.950157,13.516701,16.510895,18.409359,18.268456,17.718227,15.820190,14.798294,14.274704,13.284760,12.434868,12.300850,11.627888,10.694775,10.694775,11.611008,11.441990,11.594112,11.543430,10.865101,10.745911,11.458900,12.284077,13.500156,13.715046,14.044678,13.764572,13.912971,15.771801,14.241875,12.952389,11.729134,11.052120,12.852448,14.192616,14.977566,14.781967,14.258289,14.438644,14.110455,13.085476,11.323498,11.170944,11.611008,11.644768,8.957737,9.976139,13.731560,16.398830,15.884674,14.749332,18.471905,18.190071,18.095917,21.538528,22.197258,20.874062,14.830910,14.061119,17.970207,18.877281,14.077572,12.719025,15.351257,16.302662,15.787926,19.604988,21.342804,20.402458,17.307125,15.755661,17.607742,19.866592,17.765533,17.576149,14.389496,10.044807,10.728870,12.049046,13.201775,13.234974,12.568703,11.914482,11.441990,11.509636,11.998611,12.585411,13.748062,14.879829,15.399883,15.026398,14.749332,14.716679,15.577946,17.749767,19.388908,18.721603,16.957703,17.164352,17.670891,17.765533,19.419815,21.943436,25.033188,24.587509,21.101234,20.371941,24.051849,23.012589,19.943367,22.212158,20.035400,15.545601,15.594124,16.734592,14.520515,11.441990,11.374298,16.077839,23.804367,28.848755,26.703621,27.633736,31.195587,24.990189,17.560349,14.011765,14.258289,13.218376,12.885777,14.258289,14.323921,14.126900,14.993847,14.814606,15.335041,15.933002,17.544540,19.280655,20.722244,20.463470,20.188553,21.010437,22.791122,24.327423,25.162048,21.733757,17.021339,15.577946,16.590855,13.533249,12.785763,13.781071,13.035591,11.306557,10.027649,10.284771,10.370338,9.958965,9.113758,8.592743,8.610161,9.511379,10.216270,10.831066,11.560329,13.417366,16.382813,14.667679,10.950157,9.632080,9.666546,10.404537,11.001148,11.120033,10.745911,10.472908,10.199139,10.061974,10.233398,10.438725,10.472908,10.677727,10.831066,11.069107,11.153976,11.323498,11.425068,11.611008,11.627888,11.745995,11.964966,12.166641,12.468342,12.585411,12.735714,12.919083,12.919083,13.218376,13.168564,13.251579,13.334507,13.251579,13.102104,12.902435,12.635536,12.451607,12.668941,13.085476,13.648983,14.356716,14.471405,14.553234,14.602299,14.373108,14.356716,14.340313,14.455032,14.241875,14.192616,14.209038,14.159763,14.176193,14.159763,14.209038,14.176193,14.159763,13.962376,13.847038,13.682022,13.748062,13.731560,13.648983,13.715046,13.582870,13.715046,13.500156,13.533249,13.483601,13.500156,13.467049,13.268166,13.251579,13.367657,13.367657,13.367657,13.450489,13.334507,13.284760,13.218376,13.234974,13.301342,13.218376,13.234974,13.151951,13.052223,13.102104,13.035591,12.935738,12.902435,12.985676,12.902435,12.885777,12.702332,12.719025,12.602119,12.668941,12.685638,12.585411,12.568703,12.485077,12.434868,12.334373,12.216988,12.099461,12.015423,11.863968,11.745995,11.611008,11.644768,11.391228,11.221825,11.069107,10.779976,10.558300,10.319000,10.027649,9.649315,8.191483,6.107971,5.266499,5.104614,5.140610,5.140610,5.194580,5.320412,5.356339,5.464031,5.607468,5.714912,5.858009,6.054455,6.250534,6.552864,6.818905,7.296085,7.560242,7.911411,8.261383,8.470791,8.644970,8.818848,9.044441,9.183022,9.286831,9.304119,9.442345,9.442345,9.580376,9.614849,9.580376,9.511379,9.563126,9.614849,9.718216,9.683773,9.787056,9.683773,9.855862,9.838661,9.907425,9.924606,9.838661,9.855862,9.907425,9.873051,9.855862,9.873051,9.855862,9.804260,9.804260,9.855862,9.769852,9.804260,9.769852,9.821461,9.752644,9.752644,9.769852,9.838661,9.718216,9.700993,9.683773,9.666546,9.769852,9.666546,9.700993,9.821461,9.924606,9.718216,9.769852,9.787056,9.649315,9.735428,9.718216,9.769852,9.769852,9.787056,9.804260,9.838661,9.769852,9.718216,9.821461,9.735428,9.632080,9.528633,9.321407,9.338692,9.338692,9.511379,10.643623,11.204865,11.526535,11.863968,11.830276,11.611008,11.509636,11.170944,10.967159,10.592438,10.558300,10.250530,9.993317,9.752644,9.580376,9.476868,9.407806,9.148392,9.096436,8.905678,8.766716,8.714558,8.697163,8.523075,8.470791,8.418476,8.383591,8.383591,8.296310,8.226437,8.261383,8.139027,8.174004,8.121536,8.086544,8.104042,8.016525,7.999016,7.946465,7.981499,7.858810,7.928940,7.858810,7.911411,7.858810,7.841270,7.858810,7.683289,7.612995,7.612995,7.595413,7.489868,7.454662,7.401833,7.296085,7.101940,7.048931,6.765751,6.552864,5.840134,4.816223,4.345943,4.237133,4.255280,4.327812,4.345943,4.400314,4.508957,4.653660,4.671738,4.834267,4.960514,5.014572,5.104614,5.320412,5.374290,5.643291,5.804367,5.893753,5.983063,6.107971,6.179276,6.197094,6.375134,6.357342,6.481804,6.552864,6.535103,6.535103,6.606125,6.694839,6.659363,6.748028,6.730297,6.748028,6.818905,6.765751,6.872036,6.907440,6.889732,6.889732,6.942829,6.942829,7.066605,6.978207,6.995895,7.084278,6.942829,6.925133,6.978207,6.872036,6.836617,6.801193,6.801193,6.694839,6.889732,6.907440,7.437057,8.016525,8.191483,8.488220,8.749332,8.923035,9.234943,9.355976,9.425079,9.459610,9.304119,9.304119,9.234943,9.113758,9.183022,8.905678,8.731949,8.592743,8.540497,8.505650,8.435913,8.313774,8.401035,8.261383,8.348686,8.174004,8.174004,8.069046,8.261383,8.243912,8.208961,8.278851,8.296310,8.348686,8.401035,8.418476,8.540497,8.557915,8.644970,8.557915,8.679768,8.627563,8.627563,8.714558,8.749332,8.749332,8.766716,8.731949,8.749332,8.749332,8.784096,8.940388,8.905678,8.940388,8.870953,8.940388,8.818848,8.731949,8.766716,8.731949,8.731949,8.766716,8.714558,8.731949,8.888317,8.818848,8.888317,8.923035,8.940388,8.957737,9.027115,9.096436,9.113758,9.096436,9.061775,9.131081,9.044441,8.957737,9.096436,9.096436,9.061775,9.131081,8.975086,8.923035,8.905678,8.905678,8.888317,8.731949,8.731949,8.662369,8.627563,8.679768,8.731949,8.766716,
12.183426,13.002323,13.549789,12.769081,11.560329,10.061974,8.505650,8.592743,9.355976,10.061974,11.255722,12.652241,15.723377,17.100819,13.085476,9.407806,9.148392,9.838661,9.821461,9.528633,9.838661,10.199139,9.752644,9.511379,9.442345,9.183022,9.494129,11.306557,15.642616,18.221436,18.127319,14.733006,13.135342,16.045673,19.697411,20.050720,14.879829,11.880806,11.998611,13.797565,19.032661,21.176804,16.798401,11.998611,8.592743,9.787056,12.535263,12.300850,11.880806,12.149849,13.118725,15.156490,16.478889,16.846222,16.750549,16.302662,15.981312,15.383682,14.618649,13.698540,12.919083,11.678528,10.779976,10.950157,10.933151,10.370338,11.001148,10.609497,10.061974,10.660679,10.984158,10.797012,11.255722,12.468342,12.952389,12.501804,15.237690,17.686680,15.091465,12.652241,11.187904,11.863968,13.483601,14.356716,13.002323,11.509636,11.526535,13.135342,14.977566,13.433933,11.729134,11.137009,11.492725,11.035133,7.823730,8.331230,11.712273,15.739521,16.798401,16.590855,19.110237,17.639320,18.534397,22.227066,21.718758,19.234207,15.205219,16.814339,23.159866,23.935493,17.639320,15.351257,14.961281,14.977566,11.813431,14.928707,19.728195,19.497025,13.797565,11.863968,13.599396,16.270573,14.896122,14.716679,11.661655,11.086086,12.015423,12.769081,13.880009,13.483601,12.468342,11.408150,10.541225,11.001148,11.813431,12.735714,13.582870,14.192616,13.995308,14.126900,14.291111,14.225464,14.830910,16.798401,18.268456,17.196098,14.684017,14.520515,15.367474,16.029587,17.322979,19.666618,21.883583,18.252785,15.237690,18.221436,21.853638,21.448265,21.101234,20.676643,16.590855,11.289619,11.170944,13.781071,13.582870,11.052120,12.702332,17.875805,22.003235,27.716385,29.037743,30.699539,27.385162,19.063705,13.847038,13.797565,15.123981,14.684017,14.291111,15.302612,15.367474,15.852440,16.782452,16.254528,16.590855,17.512928,19.187744,19.682014,19.866592,18.471905,19.388908,23.130432,24.961502,27.523376,29.145485,25.873550,20.646225,19.635811,19.156754,16.430859,18.252785,20.249733,19.404366,15.205219,12.719025,12.618832,12.401375,11.948143,10.438725,8.679768,9.183022,11.543430,13.698540,15.140236,16.606838,20.691849,30.817413,24.138985,13.748062,9.769852,9.993317,12.835777,14.749332,14.061119,12.668941,11.255722,9.442345,8.731949,9.286831,9.407806,9.044441,9.044441,9.217640,9.269539,9.183022,9.321407,9.476868,9.752644,9.993317,10.113426,10.147728,10.250530,10.267654,10.524147,10.762939,10.865101,11.018150,11.052120,11.255722,11.272675,11.272675,11.289619,11.255722,11.170944,11.238777,11.204865,11.441990,11.762863,12.384636,12.769081,12.902435,12.885777,12.919083,12.985676,12.935738,13.118725,13.218376,13.218376,13.251579,13.284760,13.351086,13.433933,13.781071,13.781071,13.912971,13.978848,13.962376,13.880009,13.715046,13.880009,13.863529,13.912971,13.912971,13.978848,14.011765,13.995308,13.995308,14.094013,14.077572,13.995308,13.945911,14.094013,13.995308,13.945911,13.896488,13.830551,13.896488,13.962376,13.863529,13.797565,13.682022,13.682022,13.615929,13.632454,13.599396,13.516701,13.483601,13.500156,13.384232,13.301342,13.301342,13.201775,13.118725,13.234974,13.185173,13.151951,13.102104,13.035591,12.952389,12.819115,12.802441,12.752399,12.602119,12.602119,12.367878,12.418129,12.183426,12.099461,11.813431,11.644768,11.543430,11.357365,11.187904,10.848083,10.745911,10.421631,9.958965,8.296310,6.054455,5.320412,5.248528,5.230549,5.212570,5.284477,5.446091,5.446091,5.589546,5.661201,5.875885,6.018761,6.197094,6.570625,6.783474,7.348972,7.489868,7.893879,8.313774,8.488220,8.905678,9.027115,9.304119,9.407806,9.545887,9.632080,9.666546,9.718216,9.873051,9.873051,9.873051,9.907425,9.855862,9.941792,9.993317,10.027649,10.027649,10.164867,10.079128,10.079128,10.130581,10.216270,10.130581,10.130581,10.079128,10.164867,10.113426,10.164867,10.044807,10.096279,10.044807,10.130581,10.044807,10.079128,10.044807,10.044807,10.044807,9.958965,10.061974,9.907425,9.958965,9.958965,9.976139,9.976139,9.941792,9.941792,10.010487,9.976139,9.890244,9.873051,9.976139,9.873051,9.924606,9.941792,9.873051,9.907425,9.924606,9.993317,10.044807,10.010487,9.941792,9.993317,10.044807,9.907425,9.907425,9.735428,9.821461,9.563126,9.563126,9.476868,9.718216,10.967159,11.745995,12.015423,12.183426,12.200203,12.065849,11.931309,11.577221,11.289619,11.001148,10.797012,10.609497,10.284771,10.233398,10.010487,9.787056,9.683773,9.614849,9.476868,9.338692,9.252239,9.131081,9.113758,9.061775,8.957737,8.870953,8.784096,8.749332,8.662369,8.697163,8.592743,8.557915,8.592743,8.488220,8.383591,8.435913,8.313774,8.331230,8.366138,8.278851,8.191483,8.191483,8.174004,8.174004,7.999016,7.963982,7.911411,7.823730,7.771088,7.683289,7.683289,7.525059,7.560242,7.419441,7.243172,7.137272,6.960518,6.659363,6.339550,5.374290,4.653660,4.382195,4.309685,4.309685,4.382195,4.364071,4.454651,4.545155,4.617508,4.762062,4.780113,4.942490,5.086613,5.176598,5.356339,5.356339,5.732807,5.732807,5.947346,6.107971,6.232731,6.375134,6.481804,6.464035,6.730297,6.730297,6.783474,6.765751,6.818905,6.925133,6.942829,6.995895,7.013577,7.013577,7.031254,6.978207,6.978207,6.960518,7.119606,7.207882,7.137272,7.190231,7.172585,7.243172,7.243172,7.154926,7.260815,7.101940,7.137272,7.066605,7.137272,7.048931,6.960518,6.907440,6.907440,7.066605,7.013577,7.683289,8.139027,8.313774,8.610161,8.784096,9.165710,9.355976,9.373260,9.373260,9.321407,9.304119,9.113758,8.975086,8.731949,8.610161,8.470791,8.470791,8.331230,8.278851,8.226437,8.313774,8.139027,8.243912,8.243912,8.243912,8.278851,8.208961,8.174004,8.208961,8.261383,8.348686,8.243912,8.348686,8.243912,8.366138,8.296310,8.435913,8.383591,8.505650,8.488220,8.505650,8.453358,8.418476,8.435913,8.435913,8.453358,8.383591,8.505650,8.575333,8.523075,8.418476,8.592743,8.575333,8.679768,8.627563,8.610161,8.592743,8.523075,8.540497,8.575333,8.557915,8.575333,8.540497,8.627563,8.697163,8.714558,8.784096,8.766716,8.836220,8.923035,9.027115,8.905678,9.044441,9.027115,9.148392,9.079109,9.027115,9.061775,9.113758,9.079109,9.113758,9.096436,9.096436,9.096436,9.027115,9.009773,8.975086,8.905678,8.905678,9.079109,8.975086,8.923035,8.975086,8.992432,
12.082661,12.702332,12.535263,11.052120,9.148392,7.771088,8.174004,9.338692,10.694775,11.323498,11.611008,13.035591,15.561783,16.894020,12.635536,9.632080,10.044807,10.353233,9.993317,9.234943,9.476868,10.130581,9.580376,9.787056,9.821461,9.580376,9.958965,11.627888,14.422272,16.126068,17.196098,15.416088,12.785763,15.286385,19.481583,20.142639,14.879829,11.103065,10.967159,12.367878,18.581238,22.539307,18.565624,12.334373,8.975086,9.425079,11.441990,12.183426,12.702332,12.885777,13.516701,15.010124,16.846222,17.497108,17.370502,17.370502,17.291267,17.402172,16.909943,15.091465,13.118725,12.267311,11.594112,11.340439,10.865101,10.592438,10.745911,10.250530,10.096279,10.677727,10.267654,10.027649,9.958965,11.052120,11.425068,11.796577,16.077839,18.534397,14.912418,12.250546,11.695396,13.632454,14.258289,15.416088,13.516701,9.941792,9.511379,13.018955,16.973614,14.912418,11.627888,10.387436,11.543430,11.137009,8.208961,8.662369,12.802441,16.654766,17.005432,14.912418,16.430859,18.095917,20.707054,22.539307,20.341400,18.143013,16.222427,17.591946,22.850243,23.438881,18.284119,14.700352,12.802441,10.950157,10.284771,13.781071,18.080215,15.916897,11.796577,10.489990,10.711826,12.032238,11.880806,14.044678,12.015423,13.500156,13.549789,12.985676,14.323921,14.110455,12.952389,11.120033,10.044807,10.472908,11.627888,12.869114,13.068855,13.185173,13.715046,14.028225,14.291111,13.698540,13.483601,14.700352,15.610291,15.140236,13.912971,14.241875,15.107727,15.739521,16.957703,19.141251,21.282486,15.577946,11.931309,14.455032,16.702667,16.510895,19.234207,20.387207,17.053143,11.441990,9.683773,12.216988,13.615929,13.549789,15.302612,16.702667,17.670891,22.450226,27.038322,27.218910,23.233398,15.868561,11.745995,13.566330,15.367474,15.868561,15.771801,16.526890,16.270573,15.804058,16.013500,15.997406,16.478889,17.465477,19.063705,18.315449,16.590855,15.221458,16.494896,20.509201,22.197258,23.950050,26.745544,24.774757,21.237213,18.346760,16.989529,18.268456,21.070984,22.137611,21.538528,16.414852,14.291111,14.159763,14.077572,13.268166,11.306557,9.269539,11.509636,15.787926,18.861725,21.176804,22.568977,27.010498,39.088425,32.910797,20.081375,12.200203,11.745995,17.116711,20.493958,20.188553,17.702454,15.107727,9.838661,8.853588,10.147728,10.541225,9.890244,9.338692,9.563126,9.787056,9.183022,9.338692,9.494129,10.233398,11.187904,10.865101,9.958965,9.338692,9.044441,9.148392,8.940388,9.338692,9.614849,9.838661,10.267654,10.353233,10.353233,10.044807,9.924606,10.096279,9.838661,9.752644,9.787056,9.993317,10.182007,10.301891,10.455822,10.489990,10.558300,10.711826,10.609497,10.745911,10.848083,10.865101,11.221825,11.187904,11.272675,11.425068,11.695396,11.779716,11.897648,11.981785,12.032238,12.233765,12.233765,12.317612,12.518532,12.668941,12.819115,13.002323,13.185173,13.268166,13.384232,13.500156,13.549789,13.615929,13.781071,13.830551,13.962376,13.962376,13.962376,14.126900,14.094013,14.077572,14.110455,14.159763,14.241875,14.176193,14.274704,14.241875,14.110455,14.094013,14.028225,13.978848,13.962376,14.011765,13.830551,13.847038,13.698540,13.715046,13.715046,13.715046,13.665508,13.566330,13.549789,13.433933,13.351086,13.317928,13.268166,13.168564,12.985676,12.869114,12.735714,12.535263,12.384636,12.233765,12.015423,11.796577,11.560329,11.323498,11.137009,10.814041,10.130581,8.191483,6.125797,5.428139,5.302444,5.266499,5.356339,5.464031,5.553699,5.643291,5.589546,5.929482,6.018761,6.303955,6.517342,6.783474,7.101940,7.472267,7.858810,8.383591,8.644970,8.923035,9.165710,9.425079,9.545887,9.718216,9.821461,10.010487,10.010487,10.096279,10.079128,10.147728,10.182007,10.164867,10.250530,10.284771,10.319000,10.404537,10.387436,10.353233,10.353233,10.421631,10.370338,10.387436,10.421631,10.438725,10.370338,10.489990,10.421631,10.489990,10.472908,10.370338,10.370338,10.284771,10.319000,10.353233,10.336117,10.267654,10.336117,10.301891,10.267654,10.319000,10.164867,10.199139,10.216270,10.182007,10.182007,10.182007,10.199139,10.182007,10.182007,10.130581,10.044807,10.130581,10.044807,10.079128,10.182007,10.061974,10.044807,10.147728,10.130581,10.164867,10.182007,10.096279,10.147728,10.113426,10.113426,10.113426,9.924606,9.700993,9.632080,9.563126,9.941792,11.323498,12.116257,12.501804,12.702332,12.668941,12.485077,12.300850,11.948143,11.695396,11.441990,11.137009,11.035133,10.728870,10.592438,10.507072,10.387436,10.164867,9.907425,9.838661,9.787056,9.563126,9.563126,9.476868,9.355976,9.355976,9.165710,9.234943,9.165710,8.992432,9.096436,9.009773,9.009773,8.923035,8.870953,8.870953,8.749332,8.784096,8.801476,8.766716,8.697163,8.679768,8.644970,8.644970,8.505650,8.488220,8.435913,8.366138,8.278851,8.191483,8.034035,7.999016,7.981499,7.771088,7.753536,7.595413,7.331345,7.137272,6.818905,6.428486,5.302444,4.599422,4.291550,4.309685,4.364071,4.382195,4.418427,4.490860,4.635590,4.617508,4.816223,4.942490,5.086613,5.086613,5.392242,5.499908,5.732807,5.965206,6.090134,6.232731,6.375134,6.446259,6.623875,6.712570,6.748028,6.836617,6.942829,7.066605,7.172585,7.048931,7.154926,7.190231,7.243172,7.243172,7.190231,7.190231,7.278450,7.260815,7.313717,7.260815,7.401833,7.384212,7.437057,7.366592,7.525059,7.401833,7.489868,7.437057,7.472267,7.384212,7.260815,7.243172,7.190231,7.207882,7.101940,7.084278,7.243172,7.243172,7.963982,8.366138,8.540497,8.749332,8.923035,9.044441,9.131081,9.183022,9.165710,9.079109,9.009773,8.870953,8.627563,8.488220,8.296310,8.226437,8.051544,8.104042,8.016525,7.928940,7.841270,7.823730,7.771088,7.753536,7.841270,7.911411,7.963982,8.016525,7.876347,8.016525,8.104042,8.174004,8.226437,8.208961,8.174004,8.208961,8.208961,8.331230,8.418476,8.278851,8.348686,8.331230,8.313774,8.243912,8.296310,8.348686,8.226437,8.243912,8.261383,8.401035,8.331230,8.488220,8.453358,8.453358,8.523075,8.470791,8.488220,8.453358,8.540497,8.557915,8.470791,8.505650,8.488220,8.470791,8.644970,8.627563,8.557915,8.644970,8.749332,8.766716,8.679768,8.766716,8.870953,8.888317,8.836220,8.853588,8.836220,8.888317,8.853588,8.940388,8.870953,8.992432,8.957737,8.888317,8.905678,8.801476,8.870953,8.801476,8.923035,8.870953,8.836220,8.853588,8.905678,9.009773,
11.357365,11.306557,10.694775,9.234943,7.841270,7.823730,8.610161,9.700993,9.459610,9.683773,10.694775,13.433933,15.707230,16.286617,12.418129,10.233398,10.814041,10.592438,9.941792,8.923035,9.304119,9.632080,9.632080,10.438725,10.284771,9.993317,10.182007,11.611008,13.002323,14.209038,16.638790,15.981312,12.935738,13.268166,16.446873,18.315449,14.781967,10.933151,11.137009,12.719025,18.393715,22.894562,19.589577,12.451607,9.321407,10.027649,11.577221,11.931309,12.149849,12.585411,13.978848,15.480865,17.116711,17.576149,17.338821,17.322979,17.544540,19.851219,19.943367,16.013500,12.518532,12.384636,12.618832,12.535263,11.762863,10.455822,10.353233,10.353233,10.421631,10.421631,10.044807,9.804260,9.649315,10.336117,10.455822,11.712273,13.929443,15.949108,13.682022,12.166641,13.035591,14.830910,13.814064,15.432289,14.176193,9.148392,9.148392,12.769081,17.891544,17.828564,10.728870,9.563126,12.518532,11.745995,8.731949,9.494129,13.847038,16.174263,14.356716,11.998611,14.373108,19.094734,20.843719,20.341400,17.481293,15.577946,13.566330,14.438644,16.286617,16.750549,15.123981,12.384636,11.847122,11.052120,10.677727,13.400806,16.077839,14.585953,12.935738,11.137009,10.096279,10.762939,11.187904,11.813431,12.166641,16.382813,15.771801,13.052223,14.291111,14.814606,13.566330,10.609497,9.666546,10.284771,11.644768,12.752399,12.769081,12.852448,13.863529,14.340313,14.209038,12.501804,11.560329,12.401375,13.450489,14.291111,14.192616,14.569599,15.335041,15.497055,16.013500,18.612450,21.070984,15.497055,11.509636,12.485077,13.002323,13.085476,16.318695,19.805107,18.768341,13.483601,11.018150,12.685638,14.225464,14.749332,14.520515,14.405884,15.010124,16.750549,17.686680,18.456272,17.544540,13.632454,11.880806,13.400806,15.900787,16.782452,17.037239,18.424995,17.322979,16.093914,16.013500,15.933002,15.577946,16.318695,18.456272,16.158203,14.405884,14.438644,14.733006,17.923019,19.866592,20.157944,22.062988,21.297577,19.249695,16.973614,15.594124,18.955009,21.086105,20.524437,18.190071,14.110455,13.351086,14.716679,15.270157,14.667679,12.485077,10.301891,14.274704,18.877281,20.280304,20.934708,21.403091,24.370834,33.462463,34.621910,27.010498,16.862156,11.543430,14.126900,18.143013,19.758972,19.897308,18.424995,11.255722,9.442345,12.049046,12.082661,11.931309,11.204865,11.458900,11.644768,10.301891,10.370338,11.441990,13.731560,16.686703,14.814606,11.374298,8.801476,8.575333,8.575333,8.679768,9.061775,9.958965,10.370338,11.103065,12.183426,12.032238,10.438725,9.873051,10.284771,9.563126,8.383591,8.296310,8.644970,8.923035,9.269539,9.217640,9.200333,9.165710,9.009773,8.975086,9.044441,9.044441,9.165710,9.338692,9.390537,9.373260,9.494129,9.614849,9.632080,9.735428,9.787056,9.838661,9.958965,9.890244,10.096279,10.319000,10.455822,10.660679,10.745911,10.967159,11.103065,11.272675,11.441990,11.374298,11.611008,11.897648,11.998611,12.149849,12.334373,12.451607,12.652241,12.685638,12.835777,12.919083,13.234974,13.268166,13.317928,13.483601,13.566330,13.500156,13.648983,13.814064,13.781071,13.863529,13.945911,13.995308,14.011765,13.847038,13.945911,14.028225,13.945911,13.896488,13.945911,13.995308,13.797565,13.781071,13.682022,13.698540,13.648983,13.500156,13.367657,13.317928,13.135342,12.952389,12.819115,12.618832,12.501804,12.216988,11.863968,11.627888,11.069107,10.507072,8.261383,6.018761,5.428139,5.464031,5.481972,5.535770,5.589546,5.697014,5.714912,5.947346,6.072296,6.161457,6.375134,6.712570,6.925133,7.348972,7.665718,8.278851,8.749332,9.009773,9.355976,9.597610,9.683773,9.873051,10.061974,10.182007,10.301891,10.267654,10.404537,10.421631,10.438725,10.507072,10.626560,10.609497,10.643623,10.660679,10.677727,10.711826,10.677727,10.814041,10.728870,10.660679,10.745911,10.711826,10.779976,10.745911,10.677727,10.677727,10.660679,10.626560,10.626560,10.694775,10.592438,10.677727,10.609497,10.592438,10.660679,10.626560,10.558300,10.541225,10.455822,10.472908,10.438725,10.489990,10.421631,10.455822,10.455822,10.387436,10.319000,10.353233,10.370338,10.353233,10.250530,10.250530,10.267654,10.301891,10.267654,10.319000,10.301891,10.284771,10.319000,10.319000,10.353233,10.250530,10.284771,10.199139,10.113426,10.079128,9.855862,10.010487,9.804260,10.267654,11.779716,12.518532,12.985676,13.151951,13.118725,12.869114,12.668941,12.334373,12.133057,11.779716,11.543430,11.425068,11.221825,11.052120,10.865101,10.728870,10.472908,10.421631,10.182007,10.182007,10.027649,9.907425,9.873051,9.821461,9.838661,9.649315,9.700993,9.407806,9.494129,9.390537,9.407806,9.390537,9.338692,9.286831,9.252239,9.217640,9.217640,9.148392,9.183022,9.061775,9.079109,9.079109,9.044441,8.940388,8.784096,8.749332,8.644970,8.644970,8.592743,8.418476,8.366138,8.278851,8.086544,8.034035,7.841270,7.595413,7.401833,7.154926,6.641617,5.446091,4.617508,4.454651,4.309685,4.327812,4.400314,4.617508,4.563248,4.635590,4.762062,4.870358,5.050598,5.140610,5.320412,5.517838,5.714912,5.947346,6.072296,6.357342,6.499577,6.606125,6.765751,6.925133,6.942829,7.048931,7.190231,7.190231,7.225533,7.296085,7.313717,7.348972,7.419441,7.419441,7.472267,7.542656,7.560242,7.630577,7.612995,7.683289,7.630577,7.630577,7.683289,7.700855,7.700855,7.630577,7.648148,7.718422,7.612995,7.577831,7.507469,7.560242,7.437057,7.384212,7.296085,7.296085,7.190231,7.366592,7.437057,8.226437,8.505650,8.766716,9.096436,9.148392,9.234943,9.252239,9.252239,9.165710,9.113758,8.905678,8.731949,8.505650,8.435913,8.243912,8.069046,8.086544,7.928940,7.841270,7.771088,7.648148,7.648148,7.560242,7.683289,7.665718,7.788635,7.718422,7.788635,7.823730,7.858810,7.858810,7.911411,8.034035,7.963982,7.946465,7.876347,7.981499,8.051544,8.016525,8.243912,8.104042,7.928940,7.946465,8.016525,8.051544,8.016525,8.069046,8.069046,8.139027,8.139027,8.069046,8.069046,8.208961,8.121536,8.243912,8.243912,8.191483,8.401035,8.261383,8.383591,8.366138,8.418476,8.366138,8.418476,8.453358,8.418476,8.366138,8.453358,8.401035,8.488220,8.488220,8.488220,8.470791,8.523075,8.505650,8.662369,8.714558,8.592743,8.592743,8.697163,8.714558,8.662369,8.627563,8.662369,8.731949,8.679768,8.662369,8.644970,8.749332,8.766716,8.697163,8.766716,8.766716,8.731949,
10.643623,10.182007,9.580376,8.401035,7.963982,7.911411,8.366138,8.662369,8.401035,9.269539,11.289619,13.384232,14.814606,14.274704,12.250546,11.408150,11.475815,10.848083,9.632080,9.234943,9.442345,9.563126,9.718216,10.421631,10.164867,10.147728,10.575371,11.086086,11.678528,12.835777,15.188980,14.863525,12.635536,11.729134,13.731560,16.093914,14.126900,11.052120,11.475815,13.632454,16.973614,20.767830,19.450706,12.418129,10.216270,11.289619,12.049046,12.133057,12.267311,13.068855,14.618649,15.610291,16.222427,16.366791,15.836315,15.091465,16.382813,22.107765,21.928474,15.561783,12.200203,12.668941,13.599396,13.698540,12.485077,10.558300,10.164867,10.438725,10.643623,10.472908,10.301891,9.976139,9.666546,10.079128,10.130581,11.729134,12.250546,13.201775,12.267311,12.233765,14.291111,15.123981,12.769081,13.978848,13.085476,9.321407,9.494129,13.317928,21.958389,21.372955,9.096436,9.113758,13.135342,12.284077,8.888317,10.301891,13.218376,13.615929,11.441990,10.899132,13.929443,19.234207,18.970543,15.464684,12.985676,11.594112,10.404537,10.950157,11.813431,13.566330,13.002323,11.475815,13.018955,11.069107,10.472908,11.914482,13.648983,14.094013,13.698540,10.916145,10.010487,11.035133,11.391228,11.408150,13.698540,20.326126,18.190071,13.035591,13.764572,15.610291,14.667679,11.289619,10.387436,10.899132,11.931309,13.367657,13.035591,13.234974,14.126900,14.110455,13.118725,11.052120,10.387436,11.458900,13.764572,16.126068,16.045673,15.755661,15.529427,14.340313,14.422272,17.465477,20.066055,15.707230,10.762939,11.221825,11.863968,12.585411,15.026398,16.894020,16.270573,13.201775,12.902435,13.929443,14.274704,14.274704,13.582870,14.176193,15.335041,15.464684,15.156490,15.091465,15.026398,14.749332,14.487770,15.156490,16.670738,16.941784,18.190071,19.635811,18.252785,16.093914,15.383682,15.221458,14.192616,13.945911,15.513241,13.781071,12.985676,13.168564,13.417366,16.077839,17.037239,17.227837,17.891544,17.291267,16.174263,16.077839,16.142136,19.249695,20.737442,18.970543,16.142136,12.802441,12.451607,14.684017,15.787926,15.691078,14.225464,12.216988,15.156490,18.737183,19.589577,19.125748,19.327065,22.938835,27.826416,33.723747,30.119850,20.265015,11.255722,8.731949,11.931309,15.464684,18.690430,19.172256,12.618832,10.507072,13.102104,13.135342,13.962376,12.200203,12.602119,12.468342,10.967159,12.049046,14.110455,17.639320,20.478722,19.327065,12.952389,8.992432,8.940388,9.597610,10.319000,11.594112,14.126900,14.241875,15.188980,18.908379,18.830605,13.334507,12.752399,13.500156,10.762939,7.648148,7.437057,8.610161,9.787056,10.336117,10.421631,10.113426,9.528633,9.113758,8.905678,8.731949,8.540497,8.731949,8.940388,8.923035,8.992432,8.627563,8.610161,8.644970,8.575333,8.505650,8.243912,8.278851,8.313774,8.401035,8.627563,8.697163,8.957737,9.113758,9.234943,9.355976,9.321407,9.425079,9.476868,9.580376,9.735428,9.855862,10.010487,10.061974,10.113426,10.182007,10.336117,10.421631,10.643623,10.779976,10.967159,11.069107,11.255722,11.509636,11.695396,11.729134,11.914482,12.015423,12.149849,12.518532,12.585411,12.802441,12.735714,12.902435,13.052223,13.102104,13.234974,13.317928,13.317928,13.400806,13.400806,13.185173,13.467049,13.417366,13.417366,13.301342,13.301342,13.068855,13.085476,13.035591,12.719025,12.568703,12.468342,12.166641,12.049046,11.475815,10.711826,8.191483,5.983063,5.589546,5.553699,5.607468,5.768597,5.750706,5.929482,6.000916,6.197094,6.214916,6.392914,6.481804,6.872036,7.119606,7.630577,8.208961,8.679768,9.148392,9.580376,9.700993,9.976139,10.130581,10.216270,10.353233,10.541225,10.558300,10.558300,10.728870,10.848083,10.848083,10.882126,10.933151,11.001148,10.950157,10.984158,10.950157,10.984158,11.086086,11.052120,11.052120,11.018150,10.967159,11.086086,11.103065,10.984158,11.001148,10.916145,10.950157,10.899132,11.001148,10.967159,10.882126,10.933151,10.848083,10.831066,10.831066,10.899132,10.814041,10.745911,10.814041,10.745911,10.711826,10.779976,10.677727,10.660679,10.609497,10.609497,10.507072,10.507072,10.472908,10.489990,10.575371,10.507072,10.524147,10.438725,10.472908,10.438725,10.507072,10.524147,10.489990,10.541225,10.472908,10.472908,10.455822,10.404537,10.319000,10.199139,10.130581,9.958965,10.096279,10.489990,12.116257,13.102104,13.467049,13.682022,13.648983,13.201775,12.835777,12.652241,12.418129,12.216988,11.948143,11.745995,11.560329,11.408150,11.187904,11.086086,10.950157,10.814041,10.626560,10.592438,10.472908,10.353233,10.250530,10.199139,10.182007,10.164867,10.096279,10.010487,9.924606,9.890244,9.838661,9.787056,9.718216,9.666546,9.666546,9.666546,9.614849,9.528633,9.563126,9.528633,9.545887,9.425079,9.304119,9.286831,9.234943,9.165710,9.079109,8.975086,8.870953,8.801476,8.731949,8.523075,8.488220,8.383591,8.191483,8.051544,7.753536,7.472267,6.889732,5.464031,4.689812,4.472755,4.454651,4.454651,4.490860,4.563248,4.617508,4.617508,4.798172,4.870358,5.050598,5.266499,5.446091,5.607468,5.840134,6.036610,6.268349,6.499577,6.694839,6.854328,6.907440,7.119606,7.243172,7.296085,7.419441,7.472267,7.560242,7.595413,7.665718,7.735977,7.700855,7.735977,7.648148,7.718422,7.823730,7.841270,7.893879,7.946465,7.911411,7.946465,7.946465,7.981499,7.911411,7.893879,7.946465,7.858810,7.876347,7.893879,7.788635,7.735977,7.771088,7.577831,7.577831,7.419441,7.489868,7.507469,7.876347,8.575333,8.853588,9.061775,9.252239,9.459610,9.494129,9.511379,9.545887,9.355976,9.252239,8.992432,8.801476,8.679768,8.505650,8.453358,8.243912,8.156513,8.034035,7.911411,7.806187,7.788635,7.771088,7.841270,7.648148,7.683289,7.735977,7.700855,7.771088,7.735977,7.806187,7.735977,7.771088,7.771088,7.630577,7.718422,7.735977,7.735977,7.595413,7.718422,7.806187,7.806187,7.683289,7.753536,7.718422,7.806187,7.700855,7.806187,7.928940,7.858810,7.946465,7.928940,7.823730,7.911411,7.981499,8.034035,7.946465,7.999016,8.034035,7.999016,8.034035,8.016525,7.946465,7.963982,8.051544,7.946465,8.104042,7.999016,8.034035,8.174004,8.226437,8.191483,8.174004,8.121536,8.208961,8.208961,8.261383,8.331230,8.348686,8.331230,8.418476,8.401035,8.261383,8.174004,8.331230,8.296310,8.401035,8.470791,8.453358,8.610161,8.557915,8.470791,8.540497,8.470791,8.557915,
10.267654,9.528633,9.217640,8.923035,8.766716,8.243912,7.981499,7.525059,7.595413,8.662369,10.438725,12.719025,13.268166,12.685638,12.401375,12.183426,12.032238,11.238777,10.010487,9.666546,9.666546,9.494129,9.838661,10.524147,10.319000,10.199139,10.370338,10.575371,10.967159,11.729134,13.018955,13.251579,12.065849,11.018150,12.183426,13.715046,13.052223,11.526535,11.796577,14.094013,15.497055,18.643650,18.111610,12.785763,11.543430,12.802441,13.085476,13.201775,13.533249,14.094013,15.610291,16.254528,16.446873,16.158203,14.684017,13.880009,17.053143,24.385307,22.361046,15.513241,13.433933,13.929443,14.061119,14.011765,12.267311,10.130581,9.907425,10.592438,11.086086,10.660679,10.677727,10.438725,10.044807,10.010487,10.831066,12.149849,12.769081,12.065849,11.560329,12.015423,14.814606,13.781071,10.899132,12.250546,12.099461,10.489990,10.387436,17.322979,25.233528,21.055855,9.096436,10.250530,13.912971,12.216988,9.735428,9.873051,11.187904,10.831066,10.524147,10.745911,14.504147,18.970543,17.275417,11.357365,7.612995,8.086544,10.147728,11.103065,12.065849,13.483601,11.391228,11.981785,12.300850,10.079128,9.958965,10.865101,12.885777,13.978848,11.475815,9.217640,9.511379,11.137009,11.577221,12.065849,15.416088,20.980156,19.666618,12.902435,13.334507,15.852440,15.626457,12.769081,11.441990,11.272675,12.317612,14.438644,14.373108,15.010124,14.438644,13.549789,12.082661,10.370338,9.855862,11.086086,14.455032,19.203239,19.928017,18.923927,16.190327,13.400806,13.500156,16.093914,18.503151,14.814606,9.545887,9.718216,11.018150,12.551975,13.781071,13.682022,13.068855,13.516701,14.504147,13.731560,14.044678,13.483601,13.218376,14.634995,16.222427,16.350758,15.884674,15.351257,15.513241,15.577946,15.949108,16.925861,16.766499,16.941784,19.141251,20.904388,18.970543,15.707230,14.258289,13.648983,12.334373,11.374298,12.434868,12.367878,12.082661,12.116257,12.685638,14.225464,14.159763,14.356716,14.225464,14.241875,14.471405,15.205219,17.607742,19.881943,19.912659,17.702454,15.981312,12.952389,12.852448,14.847221,15.804058,15.075207,14.225464,13.351086,15.965214,18.487526,19.311600,19.620399,20.570129,25.461777,29.387192,31.208580,25.859398,17.512928,9.597610,7.119606,8.714558,13.367657,19.048180,21.883583,17.322979,12.485077,14.126900,14.225464,14.274704,11.644768,11.137009,10.541225,11.611008,14.291111,16.430859,18.534397,20.783012,19.805107,11.745995,9.096436,9.890244,12.585411,14.977566,16.222427,20.096687,19.296127,18.690430,25.404785,26.507584,17.449657,15.091465,16.526890,11.796577,7.278450,7.612995,10.677727,12.300850,12.685638,12.935738,13.234974,11.357365,10.831066,10.609497,10.233398,9.958965,10.250530,10.438725,10.677727,10.865101,9.580376,9.355976,9.563126,8.905678,8.174004,7.630577,7.472267,7.542656,7.823730,8.191483,8.488220,8.870953,9.148392,9.165710,9.165710,8.731949,8.557915,8.523075,8.784096,8.888317,8.644970,8.662369,8.644970,8.766716,8.714558,8.627563,8.801476,8.749332,8.940388,9.061775,9.183022,9.252239,9.494129,9.494129,9.718216,9.838661,9.838661,9.941792,10.044807,10.233398,10.336117,10.489990,10.677727,10.848083,10.984158,11.153976,11.221825,11.255722,11.323498,11.323498,11.560329,11.627888,11.830276,11.847122,12.065849,11.948143,12.015423,12.082661,12.015423,11.897648,11.796577,11.745995,11.611008,11.391228,11.103065,10.182007,7.735977,6.036610,5.661201,5.840134,5.804367,5.929482,5.983063,6.090134,6.232731,6.321754,6.570625,6.730297,6.801193,7.084278,7.489868,7.999016,8.523075,9.183022,9.683773,10.044807,10.267654,10.455822,10.660679,10.779976,10.831066,10.933151,11.001148,11.120033,11.052120,11.153976,11.187904,11.221825,11.238777,11.340439,11.391228,11.357365,11.509636,11.441990,11.425068,11.441990,11.526535,11.374298,11.425068,11.475815,11.475815,11.357365,11.391228,11.340439,11.323498,11.238777,11.255722,11.306557,11.238777,11.289619,11.272675,11.187904,11.221825,11.187904,11.170944,11.153976,11.120033,11.137009,11.120033,11.086086,11.001148,10.916145,10.848083,10.831066,10.797012,10.814041,10.779976,10.728870,10.660679,10.643623,10.660679,10.643623,10.558300,10.728870,10.745911,10.779976,10.848083,10.762939,10.660679,10.762939,10.711826,10.455822,10.507072,10.387436,10.319000,10.130581,10.250530,10.831066,12.652241,13.533249,14.061119,13.995308,13.912971,13.632454,13.284760,13.085476,12.702332,12.434868,12.267311,12.099461,11.914482,11.813431,11.611008,11.509636,11.323498,11.272675,11.137009,10.950157,10.984158,10.848083,10.745911,10.694775,10.626560,10.575371,10.455822,10.472908,10.455822,10.284771,10.233398,10.216270,10.130581,10.182007,10.130581,10.079128,10.027649,9.890244,9.976139,9.907425,9.890244,9.907425,9.683773,9.597610,9.614849,9.459610,9.476868,9.321407,9.183022,9.200333,9.079109,8.975086,8.766716,8.818848,8.557915,8.313774,8.069046,7.560242,6.978207,5.571625,4.762062,4.472755,4.454651,4.527058,4.545155,4.653660,4.743999,4.798172,4.816223,4.996559,5.194580,5.374290,5.553699,5.840134,6.072296,6.232731,6.446259,6.748028,6.889732,7.048931,7.172585,7.331345,7.489868,7.595413,7.595413,7.665718,7.841270,7.893879,7.911411,7.963982,8.016525,8.104042,7.946465,8.034035,8.069046,8.104042,8.174004,8.139027,8.226437,8.121536,8.174004,8.191483,8.243912,8.208961,8.174004,8.139027,8.139027,8.051544,7.999016,7.999016,7.928940,7.806187,7.718422,7.700855,7.577831,7.753536,8.051544,8.679768,9.027115,9.338692,9.494129,9.700993,9.838661,9.787056,9.804260,9.580376,9.390537,9.338692,9.131081,8.836220,8.784096,8.610161,8.540497,8.453358,8.208961,8.174004,8.104042,7.999016,7.893879,7.928940,7.893879,7.981499,7.876347,7.876347,7.841270,7.858810,7.893879,7.771088,7.771088,7.771088,7.823730,7.858810,7.806187,7.771088,7.788635,7.806187,7.858810,7.911411,7.841270,7.841270,7.893879,7.928940,7.771088,7.806187,7.841270,7.841270,7.823730,7.876347,7.823730,7.893879,7.841270,7.806187,7.858810,7.928940,7.823730,7.823730,7.928940,7.823730,7.806187,7.841270,7.876347,7.946465,7.928940,7.963982,8.051544,8.069046,7.928940,7.981499,7.981499,7.999016,7.893879,7.999016,8.016525,7.963982,8.016525,8.121536,8.069046,7.946465,7.841270,8.069046,8.139027,8.069046,8.156513,8.156513,8.208961,8.261383,8.261383,8.366138,8.331230,8.331230,8.366138,
10.010487,9.511379,9.425079,9.855862,9.993317,8.714558,7.313717,6.889732,7.419441,8.610161,10.233398,11.238777,11.187904,11.458900,11.543430,12.082661,12.183426,11.627888,10.762939,9.873051,9.735428,9.355976,10.010487,10.609497,10.284771,10.079128,9.838661,10.233398,10.814041,11.340439,11.745995,11.863968,11.069107,10.387436,11.204865,11.695396,12.434868,12.535263,12.535263,13.665508,14.159763,16.286617,15.577946,12.585411,12.635536,13.764572,14.143326,14.438644,14.944996,15.513241,16.830284,18.331108,18.299789,16.606838,14.340313,13.615929,16.909943,22.122688,19.881943,16.574867,16.446873,15.318825,13.880009,13.002323,11.153976,9.632080,9.666546,10.694775,10.933151,10.899132,10.831066,10.643623,10.438725,10.711826,11.897648,13.102104,13.566330,12.468342,11.526535,11.340439,13.632454,11.745995,10.745911,12.250546,12.384636,11.998611,11.813431,17.100819,25.404785,17.576149,8.818848,10.609497,13.102104,12.485077,11.255722,9.821461,9.924606,10.353233,10.677727,11.425068,14.438644,19.203239,15.787926,9.079109,5.481972,8.086544,11.492725,11.914482,12.233765,11.813431,11.255722,11.441990,11.187904,10.592438,10.199139,10.831066,12.919083,12.735714,9.735428,9.009773,9.649315,10.711826,11.577221,13.085476,16.270573,21.146591,20.173248,13.516701,13.102104,15.205219,16.350758,13.698540,12.183426,12.233765,13.417366,15.497055,16.510895,16.190327,14.961281,13.731560,12.133057,10.660679,10.027649,11.170944,14.438644,20.448227,23.438881,23.541405,20.509201,16.334732,14.011765,14.781967,15.513241,13.035591,9.009773,8.801476,10.916145,12.015423,12.434868,12.869114,13.467049,14.667679,14.389496,13.201775,13.334507,13.102104,13.682022,14.749332,15.286385,15.561783,15.771801,15.253925,15.205219,14.993847,16.510895,19.125748,17.875805,17.053143,18.861725,20.737442,19.094734,15.172733,13.085476,11.813431,10.711826,10.250530,11.475815,11.981785,11.340439,11.475815,12.334373,13.151951,13.052223,13.135342,13.847038,14.504147,14.569599,15.464684,16.941784,17.860062,17.291267,17.180225,17.100819,12.969040,12.501804,14.323921,15.318825,15.432289,13.962376,13.880009,16.398830,17.623531,18.659248,19.604988,22.465080,25.816910,28.018517,23.497482,17.907284,11.914482,7.823730,7.243172,8.366138,13.367657,21.010437,24.399773,17.907284,12.133057,14.847221,15.270157,12.267311,10.216270,8.714558,8.610161,11.678528,14.912418,15.610291,16.206375,19.156754,18.518776,13.417366,11.035133,12.835777,17.544540,20.387207,19.866592,23.482841,23.438881,20.858894,25.774391,28.114349,18.690430,17.243698,17.576149,10.831066,7.084278,9.096436,14.126900,14.356716,13.781071,15.949108,15.123981,12.367878,12.618832,13.035591,13.367657,13.715046,13.731560,14.028225,15.075207,14.896122,12.735714,12.049046,10.865101,9.304119,8.557915,8.401035,7.893879,7.507469,8.313774,10.575371,11.221825,11.611008,11.880806,11.695396,10.711826,9.941792,9.113758,8.992432,9.924606,10.147728,8.540497,8.191483,8.610161,8.470791,8.156513,8.121536,7.946465,7.876347,7.946465,8.453358,8.697163,8.540497,8.348686,8.557915,8.575333,8.557915,8.366138,8.383591,8.610161,8.714558,8.627563,8.627563,8.731949,8.905678,9.009773,8.992432,9.061775,9.286831,9.269539,9.425079,9.442345,9.614849,9.735428,9.614849,9.700993,9.804260,9.976139,9.976139,10.096279,10.164867,10.130581,10.044807,9.821461,9.769852,9.545887,8.870953,7.119606,5.875885,5.875885,5.929482,5.947346,6.054455,6.179276,6.268349,6.321754,6.535103,6.748028,6.836617,7.154926,7.331345,7.876347,8.523075,9.217640,9.958965,10.250530,10.728870,10.950157,11.120033,11.103065,11.289619,11.306557,11.425068,11.458900,11.526535,11.441990,11.526535,11.661655,11.644768,11.695396,11.678528,11.729134,11.745995,11.762863,11.847122,11.796577,11.948143,11.863968,11.745995,11.779716,11.779716,11.712273,11.661655,11.745995,11.594112,11.526535,11.577221,11.492725,11.543430,11.543430,11.611008,11.627888,11.560329,11.425068,11.458900,11.425068,11.543430,11.441990,11.425068,11.340439,11.306557,11.204865,11.137009,11.153976,11.153976,11.069107,11.103065,10.950157,10.882126,10.916145,10.933151,10.865101,10.745911,10.865101,10.865101,10.899132,10.882126,10.984158,10.916145,10.865101,10.779976,10.797012,10.694775,10.609497,10.575371,10.404537,10.267654,10.301891,11.018150,13.035591,14.077572,14.602299,14.455032,14.241875,13.896488,13.615929,13.301342,13.018955,12.802441,12.602119,12.434868,12.233765,12.116257,11.948143,11.813431,11.695396,11.644768,11.577221,11.458900,11.323498,11.255722,11.170944,11.035133,11.018150,10.848083,10.899132,10.814041,10.762939,10.677727,10.643623,10.489990,10.455822,10.489990,10.387436,10.370338,10.284771,10.353233,10.284771,10.216270,10.164867,10.096279,10.182007,10.044807,9.958965,9.890244,9.855862,9.735428,9.614849,9.580376,9.459610,9.304119,9.200333,9.113758,8.923035,8.627563,8.278851,7.841270,7.119606,5.535770,4.780113,4.545155,4.454651,4.599422,4.581333,4.635590,4.762062,4.762062,4.888393,5.086613,5.158604,5.410194,5.643291,6.036610,6.197094,6.428486,6.570625,6.889732,7.154926,7.225533,7.437057,7.542656,7.771088,7.841270,7.963982,7.893879,8.069046,8.139027,8.174004,8.191483,8.243912,8.278851,8.226437,8.261383,8.401035,8.401035,8.296310,8.401035,8.401035,8.366138,8.401035,8.331230,8.348686,8.278851,8.226437,8.331230,8.331230,8.261383,8.208961,8.174004,8.016525,8.069046,7.946465,7.788635,7.823730,7.963982,8.104042,9.061775,9.269539,9.511379,9.821461,10.113426,10.199139,10.182007,10.061974,9.838661,9.700993,9.563126,9.425079,9.252239,9.165710,9.009773,8.905678,8.749332,8.679768,8.435913,8.470791,8.383591,8.366138,8.261383,8.348686,8.226437,8.313774,8.208961,8.191483,8.191483,8.121536,8.191483,8.174004,8.139027,8.139027,8.121536,8.296310,8.191483,8.156513,8.174004,8.208961,8.208961,8.174004,8.156513,8.174004,8.156513,8.191483,8.069046,8.104042,8.208961,8.191483,8.174004,8.139027,8.156513,8.121536,8.139027,8.104042,8.086544,8.104042,8.086544,8.051544,8.086544,8.104042,8.278851,8.191483,8.296310,8.278851,8.139027,8.226437,8.174004,8.086544,8.139027,8.051544,8.139027,8.191483,8.191483,8.104042,8.139027,8.121536,8.051544,8.051544,7.999016,8.034035,8.069046,7.981499,7.981499,8.086544,8.121536,8.069046,8.139027,8.086544,8.208961,8.208961,8.139027,8.086544,
9.769852,9.442345,9.821461,10.831066,11.052120,9.096436,7.260815,6.942829,7.823730,9.425079,9.632080,9.632080,10.182007,10.711826,10.967159,11.255722,11.796577,11.813431,11.052120,9.890244,9.390537,9.563126,10.130581,11.018150,10.558300,9.907425,9.683773,10.233398,10.558300,10.677727,10.899132,11.052120,10.541225,10.216270,10.404537,10.694775,11.964966,13.731560,14.307518,13.764572,13.433933,13.467049,12.735714,12.585411,12.985676,13.731560,14.765656,15.188980,15.691078,16.270573,17.576149,21.388016,20.371941,17.481293,14.700352,13.648983,15.399883,17.875805,18.205757,18.237114,18.503151,16.109989,13.234974,11.644768,10.182007,9.804260,9.958965,10.865101,11.255722,11.289619,11.187904,10.950157,11.120033,11.729134,12.852448,14.044678,14.061119,13.251579,11.644768,10.472908,11.611008,11.492725,11.863968,12.602119,13.896488,14.389496,13.334507,17.639320,21.898560,14.192616,9.183022,9.632080,11.120033,12.099461,11.847122,9.718216,9.873051,10.336117,11.018150,12.468342,16.270573,18.815041,14.291111,7.419441,5.499908,9.304119,12.518532,11.981785,11.577221,11.745995,11.981785,12.116257,12.284077,12.233765,11.255722,11.745995,12.250546,11.120033,9.666546,9.632080,10.233398,10.779976,12.434868,14.028225,16.718632,21.598656,20.188553,13.450489,12.668941,14.667679,15.674923,13.615929,12.852448,13.234974,14.471405,16.093914,16.909943,16.606838,15.188980,14.307518,12.300850,11.035133,10.524147,11.374298,13.268166,17.291267,22.850243,26.465500,25.219238,21.010437,16.734592,14.373108,12.969040,11.678528,9.061775,9.079109,11.408150,11.813431,11.712273,12.501804,14.061119,15.804058,15.270157,13.648983,12.835777,13.384232,13.648983,13.781071,13.516701,13.483601,13.896488,14.061119,14.438644,14.684017,17.733997,21.898560,18.892838,17.749767,18.534397,19.358002,17.560349,13.929443,11.863968,10.728870,10.319000,9.769852,10.967159,12.015423,11.272675,10.797012,11.830276,13.185173,12.785763,12.852448,13.945911,15.058941,15.691078,15.674923,14.487770,14.749332,14.716679,16.270573,16.398830,13.002323,12.149849,12.852448,14.536880,15.529427,13.218376,13.615929,15.302612,16.093914,16.574867,16.510895,18.456272,20.341400,20.722244,16.574867,12.935738,9.787056,9.563126,8.470791,9.304119,13.500156,19.928017,20.280304,12.719025,11.475815,16.846222,16.126068,10.079128,9.976139,9.563126,9.096436,10.967159,14.487770,13.450489,13.334507,18.080215,19.835854,15.674923,14.667679,16.638790,20.249733,19.712807,20.035400,24.124474,22.241959,19.156754,23.145157,24.298462,17.497108,19.820488,15.933002,9.096436,8.086544,11.577221,16.766499,15.981312,14.733006,16.029587,14.487770,11.998611,13.731560,14.192616,15.836315,16.909943,17.560349,18.674843,18.737183,17.100819,14.749332,13.615929,11.408150,9.787056,9.061775,9.407806,8.801476,7.928940,9.873051,14.143326,16.286617,16.494896,16.077839,14.912418,12.969040,12.618832,12.049046,12.418129,14.028225,13.135342,9.941792,9.113758,9.494129,9.269539,8.801476,8.697163,8.313774,7.999016,8.435913,9.252239,9.752644,9.373260,8.592743,9.079109,9.338692,8.784096,8.069046,8.174004,8.505650,8.731949,8.104042,7.753536,7.806187,7.806187,7.735977,7.788635,8.034035,8.243912,8.401035,8.610161,8.453358,8.348686,8.191483,8.156513,8.243912,8.296310,8.453358,8.296310,8.366138,8.401035,8.418476,8.331230,8.208961,8.174004,7.999016,7.612995,6.641617,6.232731,5.911625,6.125797,6.054455,6.250534,6.446259,6.499577,6.606125,6.694839,6.925133,7.101940,7.489868,7.771088,8.261383,9.131081,10.250530,10.950157,11.374298,11.745995,11.796577,11.863968,11.998611,12.032238,11.998611,11.981785,12.049046,12.133057,12.133057,12.099461,12.250546,12.200203,12.250546,12.200203,12.149849,12.200203,12.166641,12.284077,12.250546,12.233765,12.284077,12.233765,12.250546,12.233765,12.183426,12.015423,12.065849,12.082661,11.981785,11.964966,11.964966,11.897648,11.847122,11.796577,11.964966,11.830276,11.948143,11.863968,11.830276,11.964966,11.813431,11.745995,11.695396,11.661655,11.543430,11.509636,11.475815,11.357365,11.340439,11.272675,11.289619,11.272675,11.255722,11.272675,11.137009,11.103065,11.069107,11.120033,11.153976,11.120033,11.204865,11.153976,11.069107,11.001148,10.984158,10.899132,10.831066,10.643623,10.507072,10.541225,10.660679,11.357365,13.599396,14.684017,15.156490,14.993847,14.684017,14.307518,13.962376,13.698540,13.384232,13.251579,13.085476,12.785763,12.668941,12.652241,12.334373,12.334373,12.233765,12.049046,11.964966,11.830276,11.712273,11.661655,11.594112,11.560329,11.475815,11.357365,11.204865,11.272675,11.103065,11.052120,11.052120,10.950157,10.950157,10.848083,10.865101,10.762939,10.728870,10.711826,10.711826,10.677727,10.592438,10.575371,10.507072,10.421631,10.404537,10.301891,10.182007,10.216270,9.976139,9.941792,9.769852,9.735428,9.580376,9.407806,9.252239,8.923035,8.540497,8.174004,7.296085,5.750706,4.834267,4.617508,4.581333,4.653660,4.653660,4.707874,4.762062,4.798172,5.050598,5.032589,5.248528,5.464031,5.750706,6.000916,6.392914,6.606125,7.013577,7.190231,7.348972,7.489868,7.700855,7.911411,8.016525,8.104042,8.174004,8.243912,8.278851,8.348686,8.401035,8.383591,8.505650,8.488220,8.470791,8.557915,8.627563,8.540497,8.540497,8.575333,8.592743,8.662369,8.557915,8.749332,8.557915,8.610161,8.662369,8.610161,8.505650,8.366138,8.383591,8.313774,8.208961,8.226437,8.121536,7.981499,7.893879,8.051544,8.453358,9.459610,9.614849,9.873051,10.182007,10.336117,10.489990,10.319000,10.319000,10.096279,10.044807,9.873051,9.787056,9.597610,9.494129,9.252239,9.131081,9.061775,8.940388,8.923035,8.818848,8.801476,8.697163,8.627563,8.679768,8.679768,8.610161,8.575333,8.592743,8.505650,8.505650,8.523075,8.575333,8.575333,8.453358,8.488220,8.540497,8.557915,8.488220,8.557915,8.610161,8.627563,8.697163,8.575333,8.627563,8.557915,8.505650,8.662369,8.540497,8.557915,8.557915,8.540497,8.540497,8.540497,8.627563,8.540497,8.435913,8.610161,8.575333,8.418476,8.488220,8.505650,8.383591,8.592743,8.488220,8.488220,8.540497,8.470791,8.488220,8.418476,8.505650,8.470791,8.505650,8.418476,8.418476,8.540497,8.488220,8.523075,8.470791,8.418476,8.383591,8.418476,8.401035,8.383591,8.418476,8.383591,8.278851,8.261383,8.331230,8.278851,8.261383,8.313774,8.156513,8.261383,8.139027,
9.390537,9.044441,9.855862,10.626560,11.357365,9.148392,7.048931,7.577831,8.992432,9.061775,8.923035,9.269539,10.164867,10.694775,10.387436,10.387436,11.086086,11.678528,10.984158,9.373260,8.870953,9.425079,10.438725,11.289619,10.660679,9.838661,9.683773,10.541225,10.472908,10.284771,10.745911,11.153976,10.370338,9.597610,9.459610,9.804260,11.644768,14.798294,15.432289,13.945911,13.880009,12.065849,11.897648,12.468342,12.985676,13.962376,14.814606,14.274704,14.487770,15.318825,17.307125,21.327736,21.222122,18.581238,14.781967,13.912971,14.847221,16.734592,18.252785,18.706017,18.143013,15.351257,12.200203,10.455822,9.993317,10.096279,10.370338,11.357365,12.284077,12.149849,11.492725,11.611008,11.627888,11.981785,12.785763,13.334507,13.648983,13.268166,10.779976,10.199139,11.187904,11.577221,12.099461,13.085476,16.894020,18.986076,14.716679,15.933002,16.925861,12.418129,9.838661,9.061775,9.735428,11.289619,11.323498,9.958965,9.924606,10.336117,11.238777,12.902435,16.222427,16.846222,12.233765,6.570625,6.090134,9.494129,12.250546,11.729134,12.216988,12.367878,12.267311,12.485077,13.748062,14.258289,13.018955,12.668941,11.796577,10.643623,9.873051,10.010487,10.814041,11.255722,12.835777,14.487770,18.001652,22.702339,19.881943,13.334507,12.451607,13.516701,13.500156,13.035591,13.102104,13.945911,15.464684,16.093914,16.222427,15.691078,15.010124,14.389496,12.852448,11.357365,10.933151,11.425068,12.351128,14.438644,19.651215,24.515358,26.127884,23.818954,19.342529,15.432289,12.819115,12.468342,10.882126,10.199139,11.272675,11.627888,10.507072,11.103065,12.935738,15.416088,15.497055,14.471405,13.978848,14.192616,13.682022,12.802441,12.267311,11.964966,12.133057,12.902435,13.896488,14.716679,18.284119,22.938835,20.310860,18.596848,18.268456,17.670891,15.464684,12.635536,11.204865,10.745911,10.592438,9.459610,10.507072,11.998611,11.425068,10.967159,12.133057,12.869114,12.267311,12.418129,13.334507,14.847221,16.158203,16.142136,14.225464,13.814064,13.929443,14.830910,14.634995,13.251579,12.602119,11.981785,12.568703,12.919083,12.518532,13.648983,14.274704,14.651337,14.176193,13.417366,14.422272,15.658775,16.302662,14.159763,11.153976,12.116257,12.116257,8.540497,9.286831,11.981785,14.896122,12.183426,10.096279,14.258289,20.417725,17.370502,10.575371,11.897648,11.170944,10.592438,12.919083,15.010124,13.814064,12.719025,15.691078,17.180225,14.553234,16.093914,17.702454,18.643650,18.221436,19.666618,20.448227,15.237690,15.237690,21.297577,19.001602,17.116711,20.707054,12.919083,9.096436,10.130581,13.912971,19.079224,18.752762,16.222427,15.221458,12.535263,11.695396,13.334507,14.340313,16.126068,17.402172,18.331108,18.346760,17.623531,16.093914,14.944996,14.487770,12.802441,11.847122,11.847122,10.267654,9.304119,8.784096,11.762863,15.949108,18.471905,18.393715,17.765533,16.462883,14.356716,15.221458,16.494896,16.909943,16.254528,14.258289,12.200203,12.300850,11.577221,11.357365,10.916145,11.238777,10.575371,10.472908,10.660679,11.408150,11.712273,11.289619,10.984158,12.351128,13.417366,11.458900,9.355976,9.269539,11.712273,10.899132,8.679768,8.069046,8.296310,8.139027,7.911411,7.753536,8.226437,9.079109,9.373260,10.164867,9.511379,8.278851,7.560242,7.525059,7.823730,7.806187,7.612995,7.507469,7.437057,7.419441,7.454662,7.507469,7.507469,7.472267,7.225533,7.013577,6.357342,6.214916,6.392914,6.606125,6.588379,6.748028,6.748028,6.836617,6.978207,7.172585,7.366592,7.648148,7.893879,8.331230,8.766716,10.319000,11.594112,12.434868,12.685638,12.902435,13.002323,13.168564,13.317928,13.334507,13.317928,13.218376,13.168564,13.251579,13.185173,13.234974,13.151951,13.334507,13.218376,13.018955,12.952389,12.935738,12.835777,12.952389,12.852448,12.919083,12.952389,12.785763,12.835777,12.685638,12.802441,12.635536,12.568703,12.602119,12.485077,12.501804,12.451607,12.334373,12.317612,12.267311,12.233765,12.250546,12.351128,12.351128,12.300850,12.149849,12.183426,12.116257,12.116257,11.931309,11.964966,11.796577,11.762863,11.678528,11.594112,11.611008,11.678528,11.543430,11.475815,11.425068,11.408150,11.340439,11.340439,11.441990,11.391228,11.425068,11.374298,11.357365,11.306557,11.238777,11.187904,11.052120,11.052120,10.916145,10.762939,10.797012,10.848083,11.813431,14.373108,15.642616,15.949108,15.771801,15.399883,15.010124,14.520515,14.241875,14.028225,13.880009,13.648983,13.384232,13.251579,13.201775,12.985676,12.885777,12.685638,12.635536,12.485077,12.401375,12.183426,12.166641,12.099461,12.099461,11.847122,11.779716,11.661655,11.577221,11.594112,11.509636,11.441990,11.374298,11.391228,11.391228,11.323498,11.255722,11.187904,11.170944,11.153976,11.052120,11.035133,11.001148,10.984158,10.797012,10.762939,10.745911,10.677727,10.626560,10.421631,10.404537,10.199139,10.164867,10.027649,9.855862,9.752644,9.165710,8.888317,8.296310,7.331345,5.679108,4.834267,4.617508,4.599422,4.617508,4.725941,4.725941,4.762062,4.996559,5.104614,5.338371,5.302444,5.607468,5.858009,6.197094,6.481804,6.818905,7.172585,7.348972,7.630577,7.876347,8.034035,8.121536,8.208961,8.348686,8.383591,8.435913,8.523075,8.679768,8.627563,8.679768,8.662369,8.784096,8.749332,8.731949,8.818848,8.801476,8.801476,8.627563,8.749332,8.766716,8.888317,8.697163,8.714558,8.697163,8.662369,8.592743,8.627563,8.610161,8.627563,8.470791,8.453358,8.313774,8.296310,8.191483,8.086544,8.278851,8.731949,9.632080,9.976139,10.267654,10.404537,10.694775,10.745911,10.609497,10.524147,10.404537,10.336117,10.061974,9.976139,9.941792,9.787056,9.563126,9.511379,9.407806,9.321407,9.269539,9.252239,9.027115,8.957737,9.027115,8.923035,8.957737,8.975086,8.905678,8.870953,8.905678,8.923035,8.905678,8.784096,8.940388,8.853588,8.905678,8.870953,9.044441,9.009773,9.009773,8.992432,9.027115,8.975086,9.061775,8.957737,8.992432,9.009773,8.992432,8.940388,8.975086,8.957737,8.975086,9.009773,8.870953,8.923035,8.940388,8.888317,8.905678,8.940388,8.923035,8.888317,8.818848,8.801476,8.870953,8.801476,8.836220,8.923035,8.801476,8.714558,8.853588,8.749332,8.801476,8.870953,8.836220,8.905678,8.853588,8.905678,8.836220,8.818848,8.818848,8.905678,8.801476,8.818848,8.784096,8.801476,8.731949,8.836220,8.662369,8.749332,8.557915,8.610161,8.731949,8.714558,8.679768,8.662369,
9.321407,8.731949,9.304119,10.438725,11.052120,8.731949,7.612995,8.523075,9.269539,8.818848,8.401035,8.923035,9.476868,9.614849,9.528633,9.873051,10.745911,11.153976,10.370338,9.252239,8.957737,10.182007,11.018150,11.813431,11.357365,10.524147,10.387436,10.865101,10.745911,10.336117,11.001148,11.391228,10.267654,8.801476,8.592743,9.321407,11.729134,15.707230,16.654766,14.143326,13.814064,11.391228,11.086086,13.002323,14.028225,14.830910,15.205219,12.652241,12.451607,13.467049,15.771801,19.589577,20.203842,18.111610,14.863525,14.471405,14.993847,16.414852,17.781296,17.985931,16.846222,14.667679,11.323498,9.976139,9.838661,10.010487,10.711826,12.149849,12.919083,12.501804,11.627888,11.289619,11.357365,11.052120,11.813431,12.535263,13.052223,12.384636,10.609497,10.592438,11.391228,11.644768,11.964966,13.483601,21.070984,24.961502,17.560349,12.752399,12.099461,11.577221,9.838661,8.731949,8.940388,10.643623,10.728870,9.821461,10.267654,11.374298,11.880806,11.931309,12.952389,14.044678,9.580376,6.694839,7.876347,9.649315,10.933151,11.509636,13.135342,12.752399,12.216988,12.935738,14.323921,15.156490,14.028225,12.401375,10.762939,9.993317,9.769852,10.233398,10.933151,11.526535,13.118725,15.302612,20.585358,24.022781,19.666618,13.351086,12.317612,12.116257,11.221825,12.133057,12.685638,13.929443,15.026398,14.716679,14.422272,14.356716,14.323921,14.011765,13.367657,12.233765,11.391228,11.425068,12.200203,13.085476,15.852440,19.466148,22.835464,22.583809,21.101234,17.812809,13.135342,12.819115,12.049046,11.221825,11.441990,10.575371,9.752644,10.711826,13.052223,14.912418,15.075207,14.798294,15.091465,14.863525,14.192616,13.135342,11.964966,11.796577,11.644768,11.931309,12.985676,13.995308,18.017372,22.968353,20.843719,19.666618,17.954483,15.416088,13.351086,11.458900,11.052120,11.509636,10.882126,9.511379,10.643623,11.796577,11.509636,11.052120,12.116257,13.035591,12.635536,12.434868,12.835777,14.912418,16.286617,16.222427,14.716679,14.487770,14.356716,14.536880,14.356716,14.028225,13.351086,11.813431,10.694775,10.762939,12.166641,13.682022,13.467049,13.168564,12.752399,12.485077,12.585411,13.351086,14.209038,12.518532,11.052120,13.317928,12.334373,7.437057,9.061775,9.907425,9.044441,9.269539,10.797012,15.965214,21.808701,17.449657,12.535263,13.880009,11.611008,12.769081,15.658775,15.561783,13.929443,12.969040,14.471405,14.602299,13.284760,15.270157,16.414852,15.949108,16.670738,17.433830,14.159763,11.897648,15.561783,19.450706,16.798401,17.370502,16.750549,11.221825,10.933151,11.492725,14.536880,19.620399,18.955009,17.037239,15.771801,12.049046,10.387436,11.204865,12.418129,13.847038,15.884674,17.116711,15.010124,14.307518,14.471405,15.205219,15.900787,17.069038,18.033096,16.542885,11.897648,9.958965,10.284771,12.250546,14.700352,16.878090,17.196098,17.307125,16.989529,16.542885,17.148476,18.955009,17.970207,17.718227,17.132591,16.734592,15.658775,13.797565,13.880009,13.896488,13.483601,13.018955,13.268166,12.099461,12.200203,12.602119,13.400806,14.847221,17.307125,17.686680,14.553234,11.611008,11.458900,12.099461,13.433933,9.304119,8.749332,8.957737,8.975086,9.252239,8.488220,9.855862,12.149849,12.250546,12.367878,11.830276,8.766716,7.577831,7.963982,8.818848,8.662369,8.226437,7.595413,7.489868,7.735977,7.542656,7.630577,8.034035,7.928940,7.542656,6.818905,6.606125,6.694839,7.031254,7.454662,7.154926,6.960518,7.101940,7.313717,7.560242,7.911411,8.174004,8.383591,8.557915,8.905678,9.425079,10.831066,12.166641,12.618832,12.835777,13.102104,13.467049,13.847038,14.126900,14.389496,14.323921,14.094013,14.110455,14.126900,14.192616,14.110455,14.176193,14.536880,14.504147,13.978848,13.880009,13.830551,13.929443,13.847038,13.764572,13.962376,13.929443,13.731560,13.615929,13.632454,13.500156,13.483601,13.467049,13.417366,13.417366,13.268166,13.284760,13.135342,13.052223,13.085476,13.002323,12.952389,13.018955,12.952389,12.885777,12.785763,12.719025,12.635536,12.702332,12.585411,12.267311,12.300850,12.149849,12.216988,12.233765,12.082661,12.082661,12.049046,11.863968,11.964966,11.762863,11.779716,11.729134,11.695396,11.695396,11.745995,11.745995,11.695396,11.611008,11.509636,11.475815,11.425068,11.289619,11.069107,11.137009,11.069107,11.289619,12.668941,16.302662,17.749767,17.828564,17.449657,17.053143,16.462883,16.061756,15.787926,15.513241,15.335041,14.993847,14.700352,14.536880,14.307518,14.011765,13.896488,13.748062,13.731560,13.400806,13.334507,13.218376,13.085476,12.952389,12.752399,12.735714,12.635536,12.485077,12.451607,12.351128,12.133057,12.149849,12.166641,11.981785,11.931309,11.880806,11.830276,11.863968,11.729134,11.729134,11.627888,11.560329,11.526535,11.425068,11.323498,11.340439,11.255722,11.120033,11.120033,10.899132,10.779976,10.694775,10.592438,10.455822,10.182007,9.941792,9.666546,9.113758,8.644970,7.401833,5.625381,4.924461,4.653660,4.780113,4.743999,4.816223,4.942490,4.924461,5.158604,5.230549,5.410194,5.571625,5.804367,6.054455,6.339550,6.730297,7.048931,7.419441,7.665718,7.876347,8.121536,8.208961,8.331230,8.488220,8.505650,8.679768,8.610161,8.731949,8.818848,8.784096,8.888317,8.940388,8.957737,8.923035,8.905678,8.957737,8.905678,8.853588,8.923035,8.905678,8.975086,9.027115,8.888317,8.905678,8.853588,8.870953,8.940388,8.923035,8.784096,8.766716,8.644970,8.575333,8.610161,8.453358,8.313774,8.331230,8.470791,8.975086,9.907425,10.284771,10.472908,10.762939,10.865101,10.882126,10.882126,10.745911,10.609497,10.472908,10.353233,10.164867,10.164867,10.027649,9.855862,9.769852,9.769852,9.649315,9.597610,9.407806,9.494129,9.407806,9.373260,9.252239,9.286831,9.304119,9.286831,9.165710,9.131081,9.234943,9.286831,9.234943,9.234943,9.200333,9.286831,9.252239,9.321407,9.234943,9.252239,9.304119,9.304119,9.234943,9.286831,9.355976,9.304119,9.269539,9.355976,9.373260,9.269539,9.286831,9.321407,9.355976,9.252239,9.234943,9.286831,9.183022,9.252239,9.304119,9.200333,9.217640,9.252239,9.338692,9.200333,9.217640,9.252239,9.269539,9.165710,9.165710,9.217640,9.200333,9.217640,9.217640,9.321407,9.304119,9.113758,9.200333,9.286831,9.234943,9.165710,9.200333,9.234943,9.269539,9.252239,9.148392,9.079109,9.044441,9.096436,9.027115,9.009773,9.027115,9.061775,8.940388,8.975086,8.766716,
9.700993,8.261383,9.580376,10.541225,10.044807,8.296310,8.208961,9.735428,9.769852,8.557915,8.121536,8.470791,8.714558,8.488220,8.888317,9.752644,10.284771,10.096279,9.614849,8.992432,9.528633,10.711826,11.847122,13.018955,12.418129,11.204865,10.762939,11.712273,11.238777,10.507072,11.069107,11.018150,9.632080,8.156513,7.858810,8.766716,11.458900,17.148476,17.227837,13.682022,12.618832,10.677727,10.745911,14.241875,15.674923,16.206375,16.222427,12.485077,12.501804,13.168564,14.863525,17.781296,18.674843,16.654766,14.553234,14.438644,14.912418,16.494896,17.938759,17.781296,16.734592,14.209038,10.592438,9.890244,9.976139,10.438725,11.391228,12.015423,12.769081,12.166641,10.711826,9.907425,9.666546,9.787056,10.541225,12.049046,12.952389,11.475815,10.455822,10.950157,11.661655,12.216988,12.434868,13.351086,22.137611,29.279892,21.913513,12.250546,10.096279,10.250530,8.331230,8.418476,8.957737,10.745911,9.838661,9.580376,11.306557,12.015423,11.964966,10.933151,10.882126,11.729134,10.164867,9.200333,11.306557,11.018150,10.353233,11.052120,12.384636,12.635536,12.985676,12.935738,13.450489,14.928707,13.615929,11.678528,10.233398,9.873051,9.700993,9.907425,10.711826,11.560329,13.417366,16.029587,20.980156,24.515358,19.682014,13.218376,11.560329,10.711826,10.745911,11.560329,12.434868,13.284760,13.483601,12.869114,12.367878,12.585411,12.902435,13.251579,13.284760,12.769081,11.998611,11.678528,12.032238,12.116257,12.769081,15.416088,19.141251,20.767830,22.791122,20.554901,13.830551,11.948143,11.847122,11.458900,11.103065,10.694775,10.096279,11.830276,13.929443,14.733006,14.733006,14.225464,14.504147,14.667679,14.405884,13.400806,12.099461,11.847122,11.627888,11.678528,12.065849,13.052223,17.639320,22.628281,20.737442,19.094734,16.142136,13.715046,12.166641,11.187904,11.408150,11.678528,11.137009,10.164867,11.120033,12.568703,11.796577,11.103065,12.418129,13.929443,13.151951,11.880806,12.200203,14.192616,15.302612,15.123981,14.814606,14.781967,14.438644,13.814064,14.061119,14.340313,14.110455,12.468342,11.137009,10.916145,12.602119,14.569599,13.301342,12.334373,12.551975,12.284077,10.027649,11.069107,12.535263,12.317612,12.568703,15.286385,10.745911,6.995895,9.079109,9.321407,8.540497,10.319000,11.863968,15.383682,21.222122,15.610291,12.568703,13.052223,11.120033,14.520515,16.286617,14.307518,13.018955,13.715046,15.561783,15.253925,13.715046,14.159763,13.896488,12.351128,13.962376,12.116257,11.611008,14.733006,17.607742,19.296127,17.970207,16.414852,13.301342,12.200203,12.200203,12.568703,14.405884,16.973614,17.243698,17.100819,15.399883,11.492725,8.505650,8.957737,10.216270,11.931309,15.399883,16.638790,13.185173,11.577221,13.566330,15.626457,17.591946,21.568604,24.745987,21.478363,12.049046,9.941792,10.779976,12.284077,14.569599,15.933002,16.174263,16.206375,16.414852,18.095917,19.032661,19.743591,19.651215,19.728195,18.612450,17.402172,15.949108,13.781071,14.487770,16.302662,15.253925,14.258289,12.985676,11.594112,12.451607,13.085476,14.944996,17.053143,20.356674,18.877281,14.863525,13.417366,13.085476,14.749332,13.251579,9.649315,9.009773,9.476868,9.838661,10.044807,9.407806,11.863968,14.830910,14.077572,13.433933,12.065849,9.338692,8.366138,8.749332,9.787056,10.027649,9.545887,8.749332,8.523075,9.027115,8.818848,8.992432,9.683773,9.511379,8.383591,7.066605,6.446259,6.712570,7.893879,8.957737,7.612995,7.101940,7.031254,7.419441,7.876347,8.975086,9.165710,9.009773,8.836220,8.888317,9.183022,10.096279,10.967159,11.120033,11.187904,11.306557,11.745995,12.216988,12.752399,12.985676,13.118725,13.068855,13.018955,13.201775,13.135342,13.118725,13.384232,13.978848,13.995308,13.764572,13.797565,13.781071,13.814064,13.830551,13.929443,14.094013,14.028225,13.978848,14.143326,14.126900,14.159763,14.241875,14.192616,14.110455,14.225464,14.209038,14.340313,14.143326,14.028225,13.929443,13.945911,13.748062,13.731560,13.698540,13.566330,13.615929,13.351086,13.334507,13.367657,13.201775,13.085476,13.135342,13.002323,12.885777,12.852448,12.752399,12.668941,12.652241,12.451607,12.334373,12.334373,12.300850,12.267311,12.149849,12.250546,12.166641,12.149849,11.998611,11.998611,11.847122,11.695396,11.661655,11.543430,11.509636,11.374298,11.306557,11.644768,13.615929,19.048180,20.142639,19.789734,19.373451,19.017136,18.628052,18.237114,18.111610,17.954483,17.765533,17.639320,17.354664,16.941784,16.622818,16.446873,16.334732,16.206375,15.916897,15.852440,15.674923,15.318825,15.172733,14.879829,14.781967,14.422272,14.241875,14.061119,13.896488,13.781071,13.500156,13.467049,13.317928,13.085476,13.002323,12.935738,12.869114,12.719025,12.568703,12.585411,12.485077,12.384636,12.216988,12.049046,12.065849,11.897648,11.948143,11.661655,11.594112,11.560329,11.425068,11.323498,11.086086,10.950157,10.762939,10.541225,10.044807,9.494129,8.870953,7.630577,5.697014,4.942490,4.816223,4.725941,4.834267,4.834267,4.906425,5.050598,5.158604,5.392242,5.481972,5.750706,5.965206,6.197094,6.517342,6.818905,7.278450,7.542656,7.823730,8.104042,8.243912,8.453358,8.592743,8.662369,8.714558,8.766716,8.818848,8.992432,8.992432,9.027115,9.044441,9.148392,9.113758,9.096436,9.079109,9.044441,9.079109,9.148392,9.061775,9.079109,9.044441,9.061775,9.079109,9.113758,9.027115,8.923035,8.940388,8.957737,8.905678,8.888317,8.801476,8.784096,8.557915,8.627563,8.540497,8.488220,8.557915,9.096436,9.993317,10.370338,10.762939,11.103065,11.153976,11.120033,10.950157,10.899132,10.745911,10.643623,10.472908,10.455822,10.421631,10.267654,10.216270,10.164867,10.027649,9.993317,9.907425,9.907425,9.855862,9.752644,9.683773,9.649315,9.563126,9.632080,9.580376,9.614849,9.563126,9.563126,9.528633,9.614849,9.563126,9.580376,9.649315,9.597610,9.649315,9.649315,9.683773,9.700993,9.597610,9.649315,9.718216,9.666546,9.700993,9.787056,9.787056,9.614849,9.666546,9.649315,9.666546,9.614849,9.528633,9.614849,9.597610,9.545887,9.683773,9.632080,9.683773,9.632080,9.563126,9.649315,9.580376,9.580376,9.700993,9.597610,9.528633,9.563126,9.511379,9.666546,9.511379,9.580376,9.563126,9.511379,9.528633,9.614849,9.580376,9.563126,9.649315,9.614849,9.528633,9.545887,9.528633,9.476868,9.425079,9.425079,9.373260,9.476868,9.355976,9.321407,9.373260,9.373260,9.286831,9.321407,
9.958965,8.801476,10.421631,11.052120,8.905678,7.718422,8.366138,9.769852,9.907425,8.575333,8.243912,8.383591,8.383591,8.243912,9.044441,9.769852,9.924606,9.113758,8.453358,8.505650,9.683773,11.069107,13.483601,14.258289,13.284760,12.384636,12.468342,13.052223,11.897648,10.762939,10.899132,10.865101,9.683773,8.051544,7.454662,7.823730,10.336117,15.335041,16.734592,13.483601,11.577221,10.199139,10.899132,14.373108,15.965214,18.111610,17.607742,13.863529,15.091465,14.716679,15.270157,16.846222,16.782452,15.042671,13.962376,13.863529,14.405884,16.654766,17.938759,17.418003,16.542885,13.632454,10.660679,10.250530,10.079128,11.323498,11.526535,11.796577,12.116257,11.035133,9.390537,8.470791,8.278851,8.470791,9.769852,12.233765,12.518532,10.558300,10.182007,10.694775,11.391228,12.367878,11.931309,12.351128,19.543312,29.185837,25.376282,14.389496,9.494129,8.592743,8.261383,8.644970,9.269539,10.626560,9.528633,9.890244,11.069107,11.543430,10.745911,9.563126,9.476868,10.728870,12.384636,12.284077,14.373108,13.068855,11.170944,11.425068,11.897648,12.501804,13.251579,12.919083,13.118725,13.102104,12.384636,11.627888,10.421631,9.890244,9.597610,9.769852,10.336117,11.340439,13.367657,16.270573,19.728195,22.286644,18.877281,13.880009,10.899132,10.404537,10.848083,11.729134,12.752399,13.185173,13.002323,12.166641,11.170944,11.086086,11.441990,11.998611,12.652241,12.869114,12.551975,11.779716,11.678528,11.779716,12.015423,13.912971,16.430859,19.001602,23.130432,22.092850,14.422272,11.357365,10.250530,10.711826,10.814041,10.541225,10.916145,12.351128,13.500156,14.011765,14.422272,14.077572,14.061119,13.995308,13.682022,12.852448,12.049046,11.880806,11.897648,11.729134,11.712273,12.149849,15.997406,20.995308,19.466148,16.510895,14.061119,12.785763,12.049046,11.644768,11.475815,11.661655,11.374298,10.882126,12.200203,13.632454,11.981785,11.289619,13.201775,13.995308,13.035591,11.153976,12.418129,13.483601,13.599396,13.351086,13.665508,14.126900,13.912971,13.234974,13.284760,13.632454,13.433933,12.702332,11.948143,11.509636,12.602119,14.618649,13.384232,12.099461,12.367878,10.711826,9.165710,10.933151,12.351128,14.077572,14.798294,15.965214,8.836220,7.243172,9.666546,9.563126,9.217640,12.451607,13.599396,14.944996,16.734592,11.931309,10.113426,10.404537,11.543430,13.500156,14.602299,11.847122,11.948143,14.896122,17.227837,17.449657,15.480865,13.351086,12.133057,11.661655,11.914482,11.001148,11.981785,16.670738,18.503151,17.797050,18.001652,17.148476,14.274704,13.068855,12.367878,11.779716,12.149849,14.241875,15.335041,15.010124,13.830551,11.018150,7.331345,8.016525,9.165710,11.830276,16.414852,16.350758,13.168564,11.103065,13.847038,16.654766,18.095917,20.341400,24.399773,20.737442,12.317612,9.545887,11.187904,13.632454,16.989529,18.581238,18.409359,16.670738,16.238480,18.534397,19.527885,19.866592,19.512459,18.471905,16.510895,14.944996,14.044678,14.438644,16.941784,17.686680,16.254528,13.665508,11.948143,12.985676,15.205219,13.863529,14.192616,15.884674,19.358002,16.989529,15.010124,15.058941,13.151951,13.135342,11.998611,10.199139,9.855862,10.609497,11.204865,10.370338,10.524147,13.467049,15.691078,13.880009,13.052223,11.779716,10.899132,9.683773,9.286831,9.563126,10.933151,11.475815,10.677727,10.096279,11.137009,11.543430,10.472908,10.609497,10.882126,9.545887,7.630577,7.560242,8.261383,8.383591,9.563126,8.366138,7.648148,7.577831,8.121536,8.766716,9.528633,9.528633,9.373260,9.165710,8.888317,8.853588,9.580376,10.643623,11.458900,10.899132,10.643623,10.848083,11.458900,11.880806,11.712273,11.644768,11.745995,11.695396,11.880806,12.351128,12.300850,12.852448,13.002323,12.969040,12.785763,13.417366,13.018955,12.535263,12.969040,13.018955,12.902435,12.635536,12.250546,12.852448,13.268166,13.566330,13.682022,13.797565,13.731560,13.896488,14.077572,14.471405,14.291111,14.126900,14.323921,14.209038,14.044678,13.945911,13.945911,13.929443,13.896488,13.781071,13.847038,13.880009,14.126900,14.159763,14.274704,14.094013,14.094013,13.830551,13.698540,13.549789,13.351086,13.251579,13.234974,13.251579,12.985676,12.985676,13.002323,12.869114,12.885777,12.869114,12.735714,12.585411,12.367878,12.334373,12.200203,12.065849,12.049046,12.049046,12.049046,12.334373,14.700352,19.110237,18.503151,17.875805,17.923019,17.875805,17.322979,17.354664,17.322979,17.259556,17.418003,17.433830,17.702454,17.433830,17.322979,17.544540,17.718227,17.844315,17.670891,17.765533,17.765533,17.370502,17.291267,17.196098,17.116711,16.957703,16.718632,16.654766,16.462883,16.077839,16.029587,15.916897,15.626457,15.513241,15.351257,15.286385,15.172733,15.123981,14.879829,14.814606,14.602299,14.487770,14.291111,14.126900,13.863529,13.731560,13.483601,13.367657,13.135342,13.068855,12.902435,12.635536,12.334373,12.183426,11.779716,11.560329,11.052120,10.250530,9.528633,7.718422,5.929482,4.960514,4.852314,4.888393,4.960514,4.960514,5.086613,5.158604,5.320412,5.410194,5.643291,5.893753,6.179276,6.392914,6.765751,7.225533,7.560242,7.893879,8.208961,8.383591,8.592743,8.801476,8.870953,9.027115,9.131081,9.096436,9.165710,9.234943,9.234943,9.286831,9.286831,9.286831,9.390537,9.286831,9.321407,9.252239,9.286831,9.286831,9.252239,9.321407,9.217640,9.183022,9.234943,9.217640,9.217640,9.148392,9.183022,9.044441,9.148392,9.061775,9.061775,8.992432,8.888317,8.836220,8.731949,8.731949,8.749332,9.407806,10.319000,10.711826,11.052120,11.357365,11.408150,11.340439,11.272675,11.153976,11.086086,10.882126,10.779976,10.745911,10.745911,10.541225,10.507072,10.319000,10.370338,10.250530,10.199139,10.061974,10.044807,10.044807,10.010487,9.993317,10.079128,9.993317,9.958965,9.924606,9.976139,9.838661,10.027649,9.873051,9.855862,9.958965,9.924606,9.993317,9.924606,10.061974,9.993317,10.044807,10.113426,9.976139,10.044807,9.976139,9.958965,9.993317,10.079128,9.993317,10.044807,9.976139,9.958965,10.044807,9.941792,9.941792,9.993317,10.027649,9.976139,9.941792,9.993317,9.958965,9.941792,9.941792,9.924606,9.907425,9.924606,10.044807,9.958965,9.941792,9.958965,9.890244,9.873051,9.907425,9.890244,9.941792,9.907425,9.958965,9.941792,9.941792,9.907425,9.907425,9.838661,9.924606,9.838661,9.890244,9.873051,9.787056,9.855862,9.769852,9.718216,9.769852,9.787056,9.804260,9.752644,9.700993,
10.779976,10.643623,11.577221,9.924606,7.911411,7.981499,8.714558,9.683773,9.700993,8.766716,8.557915,8.383591,8.470791,8.470791,9.131081,10.010487,9.476868,8.296310,7.735977,8.069046,9.338692,11.475815,13.533249,14.651337,14.700352,14.094013,13.483601,13.168564,12.116257,10.831066,10.967159,10.984158,10.113426,8.505650,7.119606,6.978207,8.836220,13.301342,16.013500,14.258289,11.374298,10.164867,11.103065,13.566330,14.912418,17.907284,17.180225,16.510895,18.815041,16.542885,15.900787,16.526890,15.804058,14.176193,13.599396,13.549789,14.618649,16.350758,17.765533,17.053143,15.691078,13.018955,11.187904,10.711826,10.848083,11.695396,11.611008,11.526535,10.899132,9.941792,8.453358,7.876347,7.683289,8.104042,9.958965,11.695396,11.526535,10.865101,9.700993,10.027649,10.745911,11.509636,11.560329,11.289619,14.651337,24.356369,25.133438,14.765656,7.700855,7.560242,8.749332,9.321407,9.632080,10.660679,10.524147,11.289619,11.272675,10.745911,9.425079,8.627563,8.557915,10.711826,13.781071,13.797565,15.949108,14.733006,12.200203,12.183426,11.695396,11.577221,11.543430,11.644768,12.216988,12.116257,12.183426,12.099461,10.882126,10.592438,10.216270,10.404537,10.455822,11.238777,12.719025,14.307518,16.302662,18.346760,17.985931,14.896122,10.814041,10.130581,11.018150,12.485077,13.334507,13.516701,13.068855,12.116257,10.762939,10.865101,11.221825,11.678528,12.233765,12.585411,12.518532,11.779716,11.594112,11.611008,12.149849,13.880009,15.464684,17.591946,22.256859,20.980156,13.945911,10.950157,9.597610,9.993317,10.677727,11.103065,11.627888,12.082661,12.919083,13.566330,14.405884,14.651337,13.896488,13.334507,12.985676,12.602119,12.250546,11.897648,12.334373,12.418129,12.116257,11.441990,13.648983,18.565624,17.148476,14.585953,13.284760,13.118725,13.052223,12.668941,11.964966,11.120033,10.779976,10.933151,13.665508,14.438644,12.317612,11.001148,12.166641,13.317928,12.535263,11.509636,11.964966,12.585411,12.317612,12.183426,12.785763,13.135342,13.467049,13.400806,13.516701,13.052223,12.434868,11.863968,11.796577,11.847122,13.912971,15.416088,13.500156,12.284077,11.120033,9.269539,9.338692,10.967159,12.166641,14.143326,16.109989,14.209038,7.665718,7.735977,9.907425,9.476868,9.804260,14.110455,14.781967,13.102104,11.577221,10.575371,9.907425,11.204865,11.762863,11.729134,12.032238,11.712273,11.981785,13.814064,15.237690,16.766499,15.253925,12.618832,11.543430,11.492725,10.643623,10.164867,12.015423,17.670891,20.691849,18.815041,19.620399,19.435257,16.734592,14.356716,12.652241,11.137009,10.421631,12.300850,13.450489,13.682022,13.929443,12.518532,8.051544,7.225533,8.296310,12.885777,17.084930,15.383682,12.702332,11.492725,14.520515,16.622818,16.686703,16.670738,17.812809,16.029587,11.526535,10.507072,14.487770,16.398830,18.768341,20.493958,19.172256,15.820190,15.949108,17.354664,17.844315,16.878090,16.174263,15.432289,14.455032,13.284760,13.467049,15.010124,16.093914,15.594124,15.270157,13.317928,12.902435,15.787926,16.254528,13.648983,12.919083,13.384232,16.254528,14.536880,15.026398,16.526890,12.919083,12.049046,11.830276,11.086086,10.489990,11.931309,13.317928,11.001148,11.475815,13.847038,15.042671,13.764572,13.467049,12.300850,11.103065,9.976139,9.718216,9.993317,11.914482,13.516701,12.785763,11.712273,13.018955,13.135342,11.340439,11.069107,12.418129,11.425068,9.304119,9.735428,10.814041,8.505650,9.217640,8.540497,8.557915,9.821461,10.370338,9.993317,9.269539,9.061775,8.679768,8.662369,8.905678,9.079109,9.700993,11.204865,12.535263,12.367878,11.475815,11.458900,12.468342,12.785763,12.334373,12.501804,12.401375,12.551975,12.551975,13.002323,12.952389,13.582870,14.192616,14.110455,13.995308,14.830910,14.077572,12.334373,13.384232,13.085476,11.661655,10.609497,10.507072,11.340439,12.434868,13.002323,12.668941,12.250546,12.149849,12.267311,12.334373,12.785763,12.902435,12.902435,13.085476,13.549789,13.135342,13.201775,13.135342,13.433933,13.467049,13.185173,12.952389,13.533249,13.781071,14.176193,14.373108,14.258289,14.192616,13.995308,13.781071,13.351086,13.450489,13.549789,13.566330,13.715046,13.483601,13.384232,13.301342,13.234974,13.218376,13.185173,12.969040,13.085476,12.885777,13.018955,12.985676,12.969040,13.052223,13.168564,13.234974,13.351086,14.634995,15.642616,14.438644,13.929443,13.896488,13.599396,13.467049,13.284760,13.118725,13.085476,13.052223,13.351086,13.566330,13.384232,13.533249,13.814064,14.028225,14.274704,14.258289,14.602299,14.733006,14.830910,14.912418,14.961281,15.205219,15.140236,15.058941,15.140236,15.205219,15.205219,15.513241,15.723377,15.933002,15.884674,15.900787,16.093914,16.302662,16.286617,16.350758,16.350758,16.206375,16.142136,16.190327,16.238480,16.013500,15.787926,15.852440,15.771801,15.610291,15.594124,15.464684,15.075207,14.684017,14.618649,14.044678,13.615929,12.902435,12.015423,10.609497,8.034035,5.893753,5.068611,4.996559,4.906425,4.960514,5.014572,5.158604,5.284477,5.410194,5.607468,5.732807,6.000916,6.197094,6.588379,7.013577,7.366592,7.771088,8.226437,8.557915,8.697163,8.888317,9.061775,9.096436,9.286831,9.269539,9.442345,9.442345,9.494129,9.459610,9.545887,9.494129,9.528633,9.597610,9.494129,9.442345,9.442345,9.321407,9.476868,9.459610,9.442345,9.338692,9.459610,9.459610,9.286831,9.407806,9.304119,9.304119,9.269539,9.286831,9.234943,9.234943,9.061775,9.044441,8.888317,8.888317,8.766716,9.061775,9.614849,10.609497,11.001148,11.509636,11.745995,11.644768,11.611008,11.425068,11.323498,11.289619,11.221825,11.018150,10.899132,10.848083,10.728870,10.762939,10.472908,10.558300,10.455822,10.387436,10.387436,10.421631,10.336117,10.267654,10.370338,10.250530,10.267654,10.267654,10.284771,10.267654,10.267654,10.267654,10.250530,10.216270,10.267654,10.301891,10.250530,10.250530,10.284771,10.319000,10.284771,10.301891,10.353233,10.319000,10.370338,10.319000,10.353233,10.301891,10.421631,10.353233,10.301891,10.319000,10.301891,10.353233,10.319000,10.267654,10.336117,10.336117,10.267654,10.319000,10.216270,10.319000,10.233398,10.250530,10.353233,10.301891,10.216270,10.267654,10.387436,10.250530,10.301891,10.233398,10.370338,10.267654,10.216270,10.233398,10.319000,10.250530,10.199139,10.421631,10.336117,10.216270,10.233398,10.182007,10.216270,10.233398,10.096279,10.130581,10.130581,10.096279,10.061974,10.113426,10.147728,9.941792,10.010487,
11.678528,11.998611,11.458900,9.200333,8.731949,8.644970,8.731949,9.425079,9.476868,8.801476,8.383591,8.905678,8.905678,8.784096,9.061775,9.649315,9.009773,7.665718,7.013577,7.700855,9.269539,11.661655,13.582870,15.091465,15.626457,15.042671,13.978848,13.035591,11.914482,10.814041,10.899132,11.255722,10.455822,8.610161,6.623875,6.428486,8.191483,11.779716,15.884674,15.949108,11.847122,10.370338,11.611008,12.802441,13.896488,16.093914,16.782452,18.955009,20.478722,17.227837,16.286617,17.275417,15.723377,13.698540,13.847038,14.159763,15.270157,16.254528,17.037239,15.949108,14.651337,12.752399,11.543430,11.221825,11.509636,11.830276,11.661655,11.069107,10.336117,9.528633,8.592743,7.981499,8.016525,9.027115,10.899132,11.526535,11.981785,11.306557,9.494129,9.597610,10.336117,12.032238,12.535263,11.238777,11.170944,17.576149,19.388908,12.015423,7.454662,7.946465,9.494129,9.924606,10.182007,11.560329,13.201775,13.781071,12.267311,10.455822,8.957737,8.261383,8.992432,10.967159,13.417366,13.201775,16.350758,15.432289,12.919083,12.802441,12.216988,10.404537,9.217640,9.993317,11.238777,11.712273,12.418129,12.065849,11.035133,10.182007,10.626560,10.984158,11.103065,11.611008,11.762863,12.384636,13.682022,15.399883,16.957703,15.626457,11.492725,10.301891,11.509636,12.819115,13.615929,13.582870,13.168564,12.149849,10.950157,10.882126,11.069107,11.492725,11.964966,12.518532,12.384636,11.695396,11.661655,11.830276,12.551975,14.356716,15.464684,16.654766,20.203842,17.891544,12.133057,9.649315,9.079109,10.027649,11.238777,12.065849,12.434868,12.300850,12.802441,13.467049,14.225464,14.667679,13.682022,13.400806,13.317928,13.168564,12.602119,12.401375,13.301342,13.367657,12.334373,11.374298,13.052223,16.654766,15.545601,13.632454,13.384232,13.599396,14.700352,14.618649,12.485077,10.779976,10.404537,10.387436,11.914482,13.467049,12.049046,10.575371,11.813431,12.418129,12.418129,11.796577,11.323498,11.981785,12.149849,11.678528,11.560329,12.334373,13.068855,13.830551,14.044678,12.802441,11.492725,10.916145,11.238777,11.931309,13.814064,15.318825,12.802441,12.233765,10.933151,9.838661,11.644768,12.015423,11.611008,13.234974,15.123981,11.594112,7.946465,9.304119,10.130581,10.797012,12.116257,14.765656,14.422272,11.543430,10.848083,12.668941,11.813431,11.964966,11.644768,9.958965,10.027649,10.933151,10.677727,10.113426,11.153976,13.450489,12.401375,11.509636,11.137009,10.319000,9.113758,9.528633,12.049046,20.493958,26.493561,24.312943,21.040726,20.661438,19.419815,15.529427,12.585411,10.933151,10.472908,10.609497,12.485077,13.251579,14.258289,14.798294,11.204865,7.384212,7.999016,13.268166,15.010124,12.719025,11.255722,12.702332,15.075207,15.107727,14.077572,13.068855,11.678528,10.779976,10.387436,12.418129,17.196098,17.576149,16.142136,16.430859,15.900787,13.002323,14.176193,16.750549,18.284119,14.684017,12.618832,12.367878,12.384636,11.001148,12.133057,12.869114,13.251579,13.731560,13.632454,12.668941,12.985676,13.847038,13.847038,12.367878,11.998611,12.166641,13.764572,13.151951,14.373108,14.993847,12.468342,11.627888,11.255722,10.541225,10.010487,12.602119,16.398830,13.201775,12.166641,13.201775,14.028225,15.787926,16.206375,13.085476,10.865101,9.649315,10.061974,11.069107,12.885777,14.438644,14.291111,12.049046,10.967159,10.865101,10.660679,13.251579,14.340313,12.635536,10.404537,11.153976,12.952389,9.614849,9.269539,10.507072,10.489990,12.501804,12.802441,10.609497,9.217640,8.836220,9.027115,8.905678,9.373260,10.848083,11.187904,11.509636,12.334373,12.852448,11.762863,12.802441,13.731560,13.797565,15.058941,15.367474,14.094013,14.061119,14.585953,15.010124,14.634995,14.798294,16.846222,17.544540,17.560349,17.686680,16.430859,13.715046,17.037239,15.351257,12.702332,10.831066,9.838661,11.779716,14.192616,14.847221,13.814064,12.367878,11.796577,12.149849,12.518532,13.218376,12.602119,12.568703,12.719025,12.885777,13.400806,13.417366,12.902435,13.533249,13.599396,12.602119,11.745995,11.914482,12.652241,13.201775,13.863529,13.632454,13.417366,13.301342,13.102104,12.551975,12.485077,12.501804,12.317612,12.267311,11.964966,11.863968,12.099461,12.317612,12.468342,12.485077,12.267311,12.116257,12.284077,12.451607,12.451607,12.685638,12.719025,12.819115,12.635536,12.535263,12.652241,12.384636,11.712273,11.745995,11.830276,11.863968,11.408150,11.120033,10.933151,10.609497,10.319000,10.250530,10.233398,10.130581,10.130581,10.079128,10.199139,10.233398,10.319000,10.489990,10.643623,10.797012,10.797012,10.797012,10.865101,10.762939,10.916145,11.035133,10.950157,11.052120,11.120033,11.374298,11.661655,11.745995,11.745995,12.200203,12.300850,12.451607,12.652241,12.685638,12.802441,13.018955,13.201775,13.417366,13.533249,13.648983,13.863529,14.209038,14.504147,14.634995,14.667679,14.536880,14.307518,14.225464,14.291111,13.978848,13.582870,12.418129,10.660679,7.489868,5.732807,5.104614,5.104614,5.014572,5.176598,5.212570,5.302444,5.499908,5.625381,5.768597,5.893753,6.250534,6.570625,6.818905,7.207882,7.806187,8.226437,8.592743,8.888317,9.165710,9.338692,9.442345,9.683773,9.735428,9.718216,9.769852,9.821461,9.821461,9.855862,9.821461,9.890244,9.700993,9.873051,9.787056,9.683773,9.735428,9.718216,9.614849,9.752644,9.700993,9.614849,9.580376,9.597610,9.563126,9.545887,9.459610,9.476868,9.390537,9.459610,9.373260,9.355976,9.200333,9.217640,9.113758,9.079109,9.096436,9.252239,9.924606,10.882126,11.509636,11.813431,11.931309,11.796577,11.779716,11.661655,11.509636,11.560329,11.357365,11.289619,11.255722,11.238777,11.103065,10.899132,11.018150,10.865101,10.762939,10.762939,10.694775,10.643623,10.592438,10.643623,10.609497,10.558300,10.677727,10.558300,10.643623,10.575371,10.558300,10.575371,10.541225,10.558300,10.541225,10.592438,10.541225,10.643623,10.643623,10.609497,10.660679,10.677727,10.660679,10.643623,10.660679,10.660679,10.660679,10.660679,10.609497,10.660679,10.609497,10.711826,10.643623,10.558300,10.677727,10.575371,10.609497,10.575371,10.609497,10.575371,10.575371,10.524147,10.507072,10.592438,10.575371,10.558300,10.575371,10.524147,10.575371,10.626560,10.660679,10.524147,10.541225,10.541225,10.609497,10.609497,10.592438,10.711826,10.524147,10.507072,10.558300,10.541225,10.575371,10.626560,10.609497,10.489990,10.524147,10.507072,10.404537,10.353233,10.455822,10.438725,10.319000,10.267654,10.353233,
11.644768,11.238777,9.855862,9.718216,9.304119,9.338692,9.200333,9.304119,8.957737,8.470791,8.313774,9.683773,9.442345,9.079109,9.183022,9.563126,8.888317,7.331345,6.481804,7.577831,9.907425,12.769081,14.077572,15.674923,17.100819,16.478889,14.798294,13.151951,11.964966,10.575371,10.745911,10.711826,9.683773,7.893879,6.357342,6.321754,7.893879,11.103065,15.188980,16.446873,12.267311,11.001148,12.149849,12.702332,14.011765,16.270573,18.970543,20.341400,18.970543,15.448486,15.739521,16.382813,14.814606,13.317928,14.143326,13.764572,14.373108,15.787926,16.350758,15.383682,13.781071,12.501804,11.611008,11.153976,11.204865,11.086086,10.848083,10.267654,9.838661,9.597610,9.061775,8.992432,9.373260,10.899132,12.869114,12.300850,11.340439,10.455822,9.735428,9.494129,9.941792,12.334373,13.880009,11.577221,10.079128,11.964966,12.618832,9.632080,8.104042,8.523075,9.355976,10.164867,10.130581,12.133057,15.205219,16.478889,13.929443,11.762863,10.061974,9.200333,9.924606,11.204865,12.166641,12.735714,15.416088,15.188980,13.301342,12.719025,11.695396,9.079109,8.331230,9.855862,10.592438,11.001148,11.847122,11.221825,9.700993,8.784096,10.182007,10.916145,11.035133,11.052120,10.967159,11.306557,12.284077,13.830551,15.205219,15.172733,12.317612,10.967159,11.391228,13.533249,13.912971,13.351086,12.869114,12.233765,11.594112,11.069107,10.899132,10.882126,11.391228,11.897648,11.998611,11.323498,11.255722,11.914482,12.602119,14.553234,14.863525,15.658775,16.734592,13.351086,10.113426,9.096436,9.338692,10.061974,11.238777,12.367878,12.819115,12.869114,13.218376,13.400806,13.896488,13.665508,13.234974,13.682022,13.962376,13.632454,13.085476,13.185173,13.632454,13.483601,12.082661,11.678528,12.919083,14.944996,14.291111,12.702332,12.652241,13.582870,16.734592,16.478889,13.118725,10.745911,9.958965,9.941792,10.831066,12.300850,11.408150,11.035133,11.712273,11.745995,12.099461,11.577221,10.745911,11.526535,12.200203,11.594112,10.728870,11.340439,12.618832,13.433933,13.945911,12.702332,11.323498,10.762939,10.967159,11.594112,13.201775,12.935738,11.475815,11.627888,12.300850,13.781071,15.884674,14.340313,10.831066,11.340439,12.334373,9.632080,9.563126,12.267311,12.149849,14.749332,16.526890,17.021339,16.206375,13.978848,13.268166,13.978848,13.731560,12.952389,10.831066,8.104042,8.453358,9.873051,9.597610,8.348686,8.853588,10.558300,9.511379,10.147728,9.855862,8.923035,8.331230,8.679768,9.958965,17.100819,24.947159,25.190659,18.939468,16.109989,17.938759,14.209038,11.306557,10.455822,9.390537,9.183022,10.865101,12.250546,13.234974,14.602299,12.919083,8.261383,7.806187,11.981785,13.748062,11.526535,11.627888,13.201775,14.274704,12.384636,11.221825,10.267654,8.383591,8.610161,10.779976,13.483601,15.739521,15.042671,12.300850,11.796577,11.998611,11.374298,11.931309,14.536880,16.909943,13.085476,10.797012,10.455822,10.027649,10.301891,11.627888,12.166641,12.518532,12.434868,10.797012,10.387436,11.103065,11.120033,11.695396,12.351128,12.284077,12.935738,13.102104,12.602119,12.401375,12.015423,11.306557,10.848083,10.421631,9.941792,9.632080,12.434868,18.033096,16.894020,14.487770,13.218376,13.351086,15.610291,17.907284,14.373108,10.831066,9.597610,10.643623,12.602119,14.569599,15.318825,15.723377,11.458900,10.044807,10.267654,10.284771,11.729134,13.102104,11.492725,11.018150,11.762863,13.516701,10.370338,10.164867,14.176193,14.765656,15.221458,14.684017,12.317612,10.336117,10.762939,11.086086,9.528633,8.401035,9.597610,9.632080,10.472908,11.526535,12.166641,12.769081,15.674923,16.702667,17.433830,19.404366,18.659248,16.654766,16.462883,16.190327,16.238480,15.351257,16.190327,18.190071,20.356674,21.267395,20.722244,19.032661,17.291267,19.928017,18.190071,14.634995,11.712273,10.061974,12.065849,14.863525,15.965214,14.684017,13.035591,12.468342,14.928707,15.836315,14.765656,12.935738,13.632454,14.159763,14.176193,15.221458,15.626457,14.585953,14.684017,14.241875,13.185173,12.216988,12.200203,13.500156,14.110455,15.594124,15.318825,14.733006,14.044678,13.301342,12.535263,11.998611,11.847122,10.541225,10.421631,10.044807,10.507072,11.475815,12.082661,11.964966,11.712273,10.916145,10.899132,11.306557,11.526535,11.035133,11.255722,11.052120,10.438725,10.865101,10.882126,10.950157,11.492725,11.762863,12.267311,12.802441,12.702332,11.611008,11.306557,11.052120,10.626560,10.472908,10.455822,10.113426,10.061974,9.907425,9.855862,9.649315,9.632080,9.804260,10.233398,10.694775,10.694775,10.677727,10.199139,9.752644,9.683773,10.096279,10.079128,9.683773,9.442345,9.373260,9.580376,9.890244,9.873051,9.614849,9.649315,9.821461,9.666546,9.597610,9.545887,9.321407,9.165710,9.217640,9.321407,9.442345,9.649315,9.941792,10.113426,10.250530,10.336117,10.336117,10.404537,10.404537,10.353233,10.250530,10.164867,9.890244,9.096436,7.841270,6.090134,5.266499,5.176598,5.176598,5.248528,5.356339,5.481972,5.535770,5.661201,5.786484,5.947346,6.090134,6.392914,6.588379,7.048931,7.700855,8.226437,8.836220,9.321407,9.752644,9.821461,9.941792,9.976139,10.233398,10.250530,10.250530,10.370338,10.250530,10.319000,10.250530,10.216270,10.216270,10.284771,10.182007,10.164867,10.061974,10.079128,10.130581,10.113426,10.027649,10.027649,10.010487,9.924606,9.993317,9.924606,9.941792,9.718216,9.632080,9.649315,9.597610,9.683773,9.683773,9.666546,9.459610,9.511379,9.304119,9.234943,9.390537,10.130581,11.272675,11.998611,12.418129,12.418129,12.334373,12.216988,12.116257,11.931309,11.830276,11.813431,11.611008,11.611008,11.560329,11.492725,11.391228,11.272675,11.272675,11.153976,11.137009,11.069107,11.001148,10.967159,10.950157,10.865101,10.950157,10.967159,10.950157,10.899132,10.916145,10.899132,10.916145,10.933151,10.933151,10.848083,10.933151,10.848083,10.865101,10.916145,11.001148,10.899132,11.052120,11.035133,11.018150,10.950157,10.933151,10.882126,10.899132,10.933151,10.950157,11.052120,10.950157,10.916145,10.984158,10.984158,10.984158,10.882126,10.865101,10.899132,10.933151,10.967159,11.069107,10.984158,11.035133,10.899132,10.950157,11.069107,10.831066,10.984158,10.848083,10.916145,10.916145,10.916145,10.848083,10.865101,10.899132,10.950157,10.865101,10.933151,10.967159,10.916145,10.882126,10.865101,10.848083,10.882126,10.762939,10.916145,10.779976,10.762939,10.677727,10.745911,10.694775,10.643623,10.609497,10.609497,
11.863968,10.164867,9.735428,10.472908,10.814041,11.897648,11.408150,9.804260,8.575333,8.174004,8.662369,9.855862,9.666546,9.217640,9.009773,8.888317,8.488220,7.313717,6.765751,8.401035,11.594112,14.094013,15.205219,17.338821,18.456272,17.607742,15.480865,13.566330,11.560329,10.353233,10.882126,10.472908,9.855862,8.470791,7.172585,6.960518,8.208961,10.404537,13.284760,14.471405,11.830276,11.745995,13.135342,13.781071,15.172733,16.957703,20.326126,21.025589,16.989529,14.373108,15.140236,15.399883,13.467049,12.919083,14.241875,12.852448,12.769081,14.438644,16.109989,15.335041,13.533249,12.082661,11.170944,10.660679,10.643623,10.079128,10.079128,9.649315,9.632080,9.614849,9.183022,9.666546,10.472908,12.585411,14.733006,12.367878,10.199139,10.592438,10.848083,10.336117,9.804260,11.289619,13.384232,10.967159,10.199139,10.455822,11.035133,10.831066,9.821461,9.855862,10.472908,10.831066,10.353233,11.340439,14.765656,17.116711,15.237690,13.251579,11.577221,10.643623,10.660679,11.120033,11.863968,13.351086,15.237690,17.544540,14.749332,12.300850,10.865101,8.557915,8.749332,9.890244,9.769852,10.096279,11.661655,10.592438,7.823730,7.893879,9.563126,10.404537,10.387436,10.164867,10.438725,10.524147,11.543430,13.549789,14.143326,14.225464,12.869114,11.644768,11.931309,13.566330,13.880009,13.035591,12.418129,12.267311,11.914482,11.187904,10.626560,10.336117,10.882126,11.661655,11.340439,10.950157,11.153976,12.284077,13.483601,14.176193,14.011765,14.258289,13.549789,10.779976,9.683773,10.164867,10.113426,9.941792,10.694775,12.183426,12.819115,12.852448,13.118725,13.052223,13.268166,12.551975,12.082661,13.102104,13.830551,13.367657,13.168564,13.615929,13.978848,12.852448,12.183426,12.451607,13.284760,13.912971,13.549789,12.351128,11.981785,13.599396,17.576149,17.860062,14.618649,10.933151,9.545887,9.442345,10.044807,10.933151,11.492725,11.813431,11.948143,11.863968,12.082661,11.374298,10.984158,11.526535,12.049046,11.120033,10.284771,10.694775,11.847122,12.735714,13.351086,13.018955,11.560329,10.250530,10.472908,10.950157,11.069107,10.284771,10.147728,12.032238,17.132591,17.386341,16.126068,13.698540,10.677727,10.130581,10.438725,9.769852,10.643623,13.582870,13.433933,16.925861,19.048180,19.172256,18.409359,16.734592,14.553234,12.985676,11.779716,11.458900,9.821461,8.331230,8.418476,9.442345,10.694775,10.507072,9.632080,9.321407,8.836220,9.545887,9.321407,9.183022,8.523075,8.156513,8.139027,10.728870,14.944996,16.782452,13.351086,11.914482,13.185173,11.238777,10.489990,10.745911,9.079109,8.610161,9.528633,10.267654,10.489990,11.526535,11.357365,8.505650,8.731949,11.204865,12.935738,12.099461,12.652241,12.985676,11.813431,10.575371,10.387436,9.494129,7.876347,8.051544,10.643623,12.685638,13.912971,12.300850,9.958965,9.907425,10.284771,10.233398,10.728870,13.135342,12.635536,10.626560,9.821461,9.890244,9.787056,10.728870,12.065849,12.065849,11.948143,10.916145,8.923035,9.407806,9.941792,9.580376,10.882126,12.785763,12.802441,13.351086,14.077572,13.085476,11.441990,10.797012,10.267654,10.370338,10.677727,10.387436,9.976139,11.526535,16.350758,19.758972,17.259556,14.634995,13.367657,14.274704,15.172733,13.500156,10.336117,10.182007,10.882126,12.116257,13.102104,15.804058,14.765656,10.370338,11.187904,11.611008,11.813431,11.153976,10.267654,9.924606,9.614849,11.170944,13.002323,11.425068,10.438725,14.028225,16.862156,17.418003,15.464684,12.885777,11.323498,12.551975,13.847038,10.404537,7.665718,7.753536,8.940388,10.438725,9.941792,10.848083,13.995308,17.765533,19.327065,20.249733,20.949860,20.356674,19.897308,17.544540,15.545601,15.771801,16.766499,18.471905,19.001602,20.478722,21.658730,21.973343,20.934708,20.417725,20.265015,17.370502,14.274704,11.560329,10.284771,11.340439,13.582870,14.667679,14.487770,13.068855,13.830551,17.433830,17.655106,16.126068,15.691078,16.206375,15.691078,16.045673,17.781296,18.440628,17.069038,15.723377,14.389496,14.553234,14.143326,14.291111,14.863525,15.529427,15.916897,17.084930,17.307125,15.916897,13.880009,12.133057,11.611008,10.882126,9.907425,10.216270,10.865101,12.082661,13.185173,12.769081,12.702332,12.384636,11.594112,11.543430,12.250546,12.351128,10.916145,11.357365,11.931309,10.779976,10.950157,11.611008,13.433933,14.749332,15.594124,19.125748,19.758972,17.938759,15.610291,15.707230,15.755661,14.094013,13.978848,13.863529,12.885777,12.568703,13.334507,12.551975,11.357365,11.441990,12.702332,14.765656,15.658775,15.723377,14.569599,12.852448,11.052120,11.340439,13.615929,13.896488,11.526535,10.113426,10.336117,11.492725,12.334373,11.678528,10.779976,10.814041,10.933151,10.694775,10.455822,9.787056,8.870953,8.348686,8.191483,8.488220,8.784096,9.165710,9.700993,9.873051,9.683773,9.752644,9.941792,10.061974,10.010487,9.735428,9.286831,8.801476,7.999016,7.207882,6.214916,5.535770,5.248528,5.284477,5.374290,5.499908,5.750706,5.822250,5.858009,6.072296,6.054455,6.072296,6.250534,6.499577,6.907440,7.648148,8.557915,9.459610,10.250530,10.728870,10.882126,11.069107,11.272675,11.187904,11.137009,11.137009,11.170944,11.221825,11.221825,11.018150,11.018150,11.018150,11.069107,11.069107,11.001148,10.831066,10.745911,10.814041,10.711826,10.694775,10.711826,10.626560,10.592438,10.438725,10.592438,10.370338,10.421631,10.250530,10.147728,9.993317,9.924606,9.941792,9.976139,9.752644,9.821461,9.787056,9.752644,9.580376,9.769852,10.677727,12.585411,13.566330,13.896488,13.615929,13.151951,12.985676,12.935738,12.902435,12.685638,12.602119,12.501804,12.351128,12.267311,12.116257,12.082661,11.948143,11.931309,11.813431,11.796577,11.627888,11.594112,11.458900,11.458900,11.492725,11.458900,11.441990,11.408150,11.492725,11.357365,11.425068,11.289619,11.289619,11.323498,11.255722,11.255722,11.170944,11.408150,11.357365,11.441990,11.357365,11.425068,11.374298,11.391228,11.391228,11.289619,11.357365,11.272675,11.340439,11.357365,11.357365,11.340439,11.272675,11.272675,11.323498,11.187904,11.272675,11.255722,11.255722,11.357365,11.306557,11.357365,11.289619,11.306557,11.289619,11.289619,11.357365,11.221825,11.238777,11.221825,11.289619,11.187904,11.120033,11.187904,11.238777,11.170944,11.153976,11.289619,11.255722,11.187904,11.153976,11.289619,11.187904,11.153976,11.204865,11.120033,11.153976,11.238777,11.170944,11.120033,11.035133,10.984158,11.035133,10.865101,10.933151,
11.255722,10.199139,10.027649,11.035133,12.752399,16.126068,14.389496,11.137009,8.801476,8.366138,8.784096,9.373260,9.165710,8.923035,8.923035,8.870953,9.148392,8.575333,8.226437,9.683773,12.568703,14.422272,16.670738,18.596848,19.249695,16.814339,14.553234,12.769081,11.221825,10.711826,10.814041,10.728870,10.728870,10.421631,8.627563,7.753536,8.540497,10.438725,11.543430,12.049046,10.967159,12.535263,14.438644,15.318825,15.658775,17.765533,21.658730,21.222122,16.590855,14.700352,15.367474,14.765656,13.201775,12.935738,13.632454,12.418129,12.065849,14.143326,15.513241,14.765656,13.351086,11.863968,10.404537,10.113426,10.250530,9.873051,9.545887,8.679768,8.957737,8.557915,8.540497,10.250530,11.678528,14.176193,15.739521,11.137009,9.787056,11.745995,12.952389,10.933151,10.558300,11.187904,11.964966,10.027649,10.319000,11.001148,11.729134,11.560329,10.609497,10.677727,11.880806,11.863968,10.745911,11.069107,14.307518,16.109989,14.389496,12.451607,11.931309,11.779716,11.408150,11.627888,12.551975,13.665508,16.478889,23.629166,19.063705,11.492725,10.130581,9.217640,10.061974,9.821461,9.113758,9.769852,11.560329,9.890244,6.730297,7.648148,9.027115,9.476868,9.632080,10.044807,10.113426,9.873051,10.899132,13.483601,13.912971,13.151951,12.501804,12.099461,12.518532,13.500156,13.533249,12.434868,11.577221,11.678528,11.272675,10.438725,10.182007,10.216270,10.524147,11.170944,11.153976,10.677727,11.543430,13.135342,13.599396,13.830551,12.518532,12.401375,11.543430,10.027649,10.130581,10.609497,10.233398,9.804260,11.001148,11.779716,12.384636,12.635536,12.334373,12.082661,11.981785,10.882126,10.558300,11.964966,13.102104,12.685638,12.702332,13.533249,13.417366,12.233765,12.082661,12.769081,13.665508,14.241875,13.168564,11.441990,11.306557,13.500156,17.655106,19.001602,15.884674,11.204865,9.390537,9.252239,9.735428,10.762939,11.964966,12.969040,12.485077,12.317612,11.661655,11.560329,11.069107,11.526535,11.577221,10.814041,10.797012,10.762939,11.357365,12.149849,12.952389,13.234974,11.678528,10.438725,10.147728,10.027649,9.425079,9.373260,9.924606,13.483601,21.613678,17.938759,14.389496,13.433933,13.052223,10.233398,9.494129,9.459610,9.200333,10.507072,11.001148,12.952389,15.497055,17.005432,17.132591,16.174263,13.978848,11.018150,9.407806,10.164867,9.580376,9.131081,8.592743,10.113426,16.142136,16.590855,11.425068,8.575333,8.453358,9.183022,9.632080,9.614849,8.836220,8.086544,7.612995,8.051544,8.923035,9.804260,9.907425,10.524147,10.438725,9.735428,10.096279,9.614849,8.905678,8.923035,9.148392,8.575333,8.121536,8.470791,8.051544,8.592743,10.079128,11.880806,13.945911,13.665508,13.830551,11.964966,10.933151,10.575371,10.250530,9.217640,7.735977,7.683289,9.614849,11.374298,13.201775,11.712273,8.905678,9.563126,10.233398,10.677727,10.745911,12.852448,9.890244,8.086544,8.435913,9.113758,9.511379,10.677727,11.762863,11.627888,11.170944,9.096436,8.226437,9.027115,8.749332,8.627563,11.052120,12.635536,12.300850,12.334373,13.384232,13.185173,11.323498,11.035133,10.626560,10.010487,10.027649,9.890244,9.752644,10.592438,13.648983,19.789734,18.923927,15.658775,14.077572,12.200203,10.779976,10.267654,10.370338,11.187904,11.762863,11.678528,12.099461,14.944996,10.421631,10.472908,12.835777,12.702332,13.896488,11.880806,11.153976,10.882126,7.946465,9.338692,13.118725,13.549789,11.526535,10.284771,12.267311,16.334732,16.814339,13.334507,12.166641,13.764572,14.912418,10.779976,8.523075,7.683289,10.301891,10.814041,9.183022,10.507072,14.061119,16.750549,18.033096,17.985931,17.875805,18.892838,19.697411,16.909943,16.350758,17.275417,18.799477,19.342529,19.342529,19.203239,20.280304,21.282486,19.481583,18.237114,16.622818,15.739521,14.143326,12.585411,11.153976,11.391228,13.731560,14.323921,13.351086,12.785763,14.504147,19.125748,20.249733,19.079224,19.635811,17.386341,17.053143,20.310860,20.737442,20.554901,18.877281,16.350758,15.026398,16.606838,16.542885,17.449657,17.322979,17.702454,17.243698,18.970543,18.877281,17.923019,16.222427,13.978848,14.487770,12.952389,11.779716,13.251579,15.205219,17.860062,15.091465,11.897648,12.032238,13.400806,13.433933,12.769081,12.099461,12.099461,11.120033,13.830551,16.478889,14.405884,12.785763,13.847038,16.222427,16.350758,17.686680,26.156082,30.053612,28.943321,25.561401,24.673996,22.494781,18.143013,17.733997,17.069038,15.448486,16.334732,18.158703,15.658775,13.052223,14.602299,18.127319,22.435379,23.643784,22.628281,20.127319,16.222427,13.301342,16.798401,24.688400,22.672722,15.884674,13.234974,15.577946,18.721603,19.912659,17.512928,15.981312,17.100819,17.844315,16.670738,15.221458,13.118725,10.044807,9.200333,9.096436,10.199139,11.729134,12.819115,14.159763,14.618649,13.516701,13.847038,14.536880,15.949108,15.642616,14.765656,12.099461,10.609497,8.051544,6.765751,6.232731,5.643291,5.517838,5.607468,5.858009,6.481804,6.818905,6.960518,6.978207,7.260815,6.748028,6.694839,6.694839,6.978207,7.718422,9.061775,11.170944,12.468342,13.168564,13.698540,13.863529,14.143326,13.995308,13.995308,13.814064,13.847038,13.698540,13.682022,13.467049,13.417366,13.351086,13.334507,13.268166,13.118725,12.919083,12.802441,12.752399,12.518532,12.267311,12.099461,12.133057,11.931309,11.863968,11.745995,11.779716,11.644768,11.374298,11.187904,10.899132,10.865101,10.592438,10.660679,10.421631,10.370338,10.284771,10.336117,10.336117,9.993317,10.370338,11.796577,14.961281,15.286385,14.847221,14.323921,13.962376,13.929443,13.995308,13.912971,14.061119,14.143326,13.945911,13.978848,13.715046,13.632454,13.417366,13.433933,13.351086,13.168564,13.052223,13.068855,12.919083,12.802441,12.635536,12.501804,12.485077,12.501804,12.501804,12.317612,12.233765,12.216988,12.166641,12.099461,12.082661,12.082661,12.133057,12.133057,12.049046,12.116257,12.133057,11.981785,11.914482,11.948143,11.914482,11.779716,11.897648,11.729134,11.847122,11.644768,11.863968,11.830276,11.931309,11.813431,11.813431,11.729134,11.627888,11.627888,11.678528,11.611008,11.678528,11.661655,11.813431,11.661655,11.661655,11.712273,11.644768,11.661655,11.678528,11.729134,11.577221,11.644768,11.594112,11.526535,11.458900,11.560329,11.408150,11.408150,11.526535,11.543430,11.611008,11.611008,11.475815,11.458900,11.509636,11.509636,11.560329,11.475815,11.458900,11.391228,11.526535,11.458900,11.408150,11.357365,11.340439,11.306557,
11.086086,10.745911,10.404537,11.374298,14.553234,17.354664,15.804058,11.170944,9.009773,8.714558,8.662369,8.923035,9.009773,9.234943,8.940388,9.580376,10.967159,10.677727,10.319000,10.865101,12.769081,16.862156,17.591946,16.798401,16.702667,14.684017,13.052223,12.233765,11.408150,10.916145,10.865101,10.745911,12.451607,12.501804,10.096279,7.595413,8.853588,11.238777,10.421631,10.797012,11.153976,13.068855,15.658775,16.670738,15.981312,17.860062,19.512459,18.284119,15.594124,15.221458,16.077839,15.448486,13.830551,12.602119,12.149849,11.458900,11.880806,14.258289,14.634995,14.061119,13.814064,12.719025,11.509636,10.762939,9.821461,9.735428,9.009773,8.905678,9.079109,8.261383,8.348686,10.027649,11.830276,14.520515,13.467049,10.199139,10.677727,13.185173,12.551975,12.501804,11.914482,11.187904,10.848083,9.614849,10.745911,10.916145,11.391228,11.492725,10.984158,11.712273,12.902435,13.002323,12.149849,12.351128,14.830910,15.318825,13.797565,13.185173,12.652241,12.216988,11.729134,13.301342,13.566330,13.615929,18.690430,29.534439,21.628693,11.391228,11.052120,11.052120,11.340439,10.130581,8.853588,10.147728,11.238777,9.580376,7.048931,7.630577,8.836220,8.870953,9.286831,9.890244,9.769852,9.511379,10.353233,13.715046,14.487770,12.401375,11.729134,11.931309,12.819115,13.450489,12.869114,11.492725,10.814041,11.204865,10.558300,10.353233,10.507072,10.387436,10.336117,11.103065,11.170944,10.848083,12.351128,13.582870,13.648983,12.902435,11.526535,11.695396,11.137009,9.528633,9.700993,10.130581,9.907425,10.319000,10.933151,11.035133,11.611008,11.948143,12.015423,11.998611,10.933151,9.787056,9.993317,11.644768,12.133057,11.964966,12.267311,12.535263,12.451607,11.357365,11.391228,12.769081,13.847038,14.405884,12.869114,11.018150,11.255722,13.367657,17.291267,19.234207,16.574867,12.317612,10.267654,9.632080,10.079128,11.374298,12.935738,13.367657,12.935738,12.652241,11.323498,11.357365,11.272675,11.475815,11.272675,11.086086,11.340439,11.272675,11.745995,12.099461,12.802441,12.952389,11.627888,11.052120,10.147728,9.183022,9.338692,9.407806,9.907425,13.151951,19.388908,17.132591,17.164352,16.190327,16.638790,11.018150,8.435913,7.437057,7.648148,8.051544,8.853588,10.848083,12.551975,13.533249,13.814064,13.400806,11.830276,9.494129,8.627563,9.234943,9.425079,9.924606,9.494129,11.357365,22.003235,24.109955,13.334507,8.505650,8.697163,9.234943,9.941792,9.769852,8.662369,8.156513,7.735977,7.999016,7.963982,8.523075,9.476868,10.061974,10.130581,9.338692,8.505650,9.252239,9.442345,9.580376,9.735428,8.731949,8.051544,8.261383,8.226437,9.009773,9.614849,11.086086,13.648983,14.061119,12.885777,10.916145,10.558300,10.762939,10.626560,9.304119,7.771088,7.595413,8.226437,10.438725,14.143326,12.149849,8.575333,8.888317,10.831066,11.577221,10.882126,10.814041,7.753536,7.577831,7.981499,8.575333,9.286831,9.666546,9.838661,10.130581,9.700993,8.261383,8.575333,8.627563,8.435913,8.575333,10.541225,11.880806,10.967159,10.950157,12.485077,14.291111,11.847122,10.404537,10.010487,9.683773,9.131081,9.338692,8.731949,8.818848,11.120033,18.033096,20.203842,15.075207,13.896488,11.931309,9.614849,9.234943,10.609497,12.267311,11.948143,11.577221,11.880806,12.032238,10.541225,11.998611,13.615929,15.286385,15.448486,11.745995,12.769081,9.355976,8.104042,9.924606,10.797012,12.935738,12.551975,8.278851,8.540497,11.897648,14.110455,12.501804,12.568703,14.651337,13.945911,11.543430,10.933151,9.563126,11.238777,10.507072,9.338692,10.592438,14.126900,15.868561,16.542885,15.286385,14.879829,16.510895,16.334732,15.868561,18.659248,19.234207,17.954483,17.322979,18.596848,19.928017,19.805107,18.393715,15.642616,13.863529,12.668941,13.665508,12.719025,11.001148,10.370338,11.272675,13.218376,14.028225,13.533249,12.985676,15.658775,21.583633,22.062988,21.463310,19.651215,17.021339,18.503151,22.405647,21.010437,20.752632,17.702454,15.755661,15.626457,17.718227,18.783913,19.697411,18.596848,19.079224,19.079224,19.697411,20.539673,20.646225,18.970543,16.734592,17.370502,13.615929,12.233765,16.989529,21.823685,23.526764,18.908379,11.813431,11.678528,13.450489,14.602299,13.052223,10.882126,11.357365,11.914482,16.718632,19.311600,15.852440,12.351128,16.045673,19.604988,18.939468,18.861725,24.298462,30.921982,35.671837,37.199203,34.962250,27.537186,20.142639,16.542885,14.569599,15.042671,16.174263,17.528736,15.253925,14.553234,16.462883,20.127319,24.066383,23.877251,21.988297,18.534397,15.577946,15.188980,23.292168,30.199234,29.694672,18.064510,14.602299,18.643650,21.237213,21.176804,19.543312,21.086105,21.718758,21.207016,19.373451,16.414852,12.216988,8.975086,9.009773,11.001148,12.602119,14.896122,17.164352,18.393715,18.174385,18.706017,19.466148,19.651215,18.706017,18.237114,16.718632,12.902435,11.526535,8.488220,7.419441,7.525059,6.552864,6.072296,6.268349,6.889732,9.649315,10.575371,9.632080,9.821461,10.164867,7.928940,7.296085,7.683289,8.331230,9.269539,10.711826,12.099461,12.902435,13.847038,14.176193,15.188980,15.691078,15.739521,15.658775,15.804058,16.382813,16.766499,16.398830,15.981312,16.109989,16.526890,16.894020,16.846222,16.654766,16.830284,16.510895,16.190327,15.739521,15.480865,15.253925,15.075207,14.961281,14.830910,14.798294,14.553234,14.373108,14.159763,13.715046,13.102104,12.785763,12.317612,12.166641,11.931309,11.762863,11.712273,11.762863,11.611008,11.492725,11.627888,13.433933,13.896488,12.969040,12.099461,11.492725,11.289619,11.391228,11.560329,11.712273,11.964966,12.250546,12.099461,12.065849,12.183426,12.116257,12.133057,12.200203,12.267311,12.418129,12.501804,12.485077,12.535263,12.501804,12.551975,12.702332,12.935738,13.135342,13.151951,13.168564,13.284760,13.433933,13.500156,13.467049,13.500156,13.549789,13.665508,13.566330,13.566330,13.665508,13.698540,13.698540,13.533249,13.400806,13.351086,13.234974,13.085476,12.985676,12.952389,12.785763,12.802441,12.985676,12.835777,12.802441,12.585411,12.434868,12.317612,12.216988,12.300850,12.250546,12.334373,12.351128,12.284077,12.267311,12.367878,12.284077,12.200203,12.233765,12.200203,12.049046,12.015423,11.880806,11.897648,11.762863,11.863968,11.931309,11.796577,11.830276,11.813431,11.813431,11.880806,11.847122,11.813431,11.897648,11.863968,11.880806,11.813431,11.796577,11.830276,11.813431,11.779716,11.779716,11.813431,11.796577,11.745995,11.644768,
11.001148,11.306557,10.660679,12.082661,15.026398,17.005432,15.140236,11.018150,9.993317,9.683773,9.061775,8.749332,8.957737,9.459610,9.459610,10.967159,11.931309,11.729134,11.981785,12.149849,14.830910,17.116711,16.109989,13.863529,15.383682,14.110455,12.099461,11.272675,11.289619,11.035133,10.848083,12.133057,14.225464,14.011765,9.907425,7.366592,9.649315,11.779716,10.438725,10.164867,10.831066,12.919083,15.480865,16.029587,14.323921,15.755661,15.852440,16.302662,15.432289,14.143326,14.977566,15.852440,14.765656,13.052223,11.170944,10.916145,12.049046,13.896488,14.651337,14.225464,15.058941,15.900787,14.847221,11.948143,9.096436,8.139027,7.893879,8.888317,9.131081,8.505650,8.086544,9.545887,11.170944,11.847122,10.933151,10.814041,12.384636,14.847221,13.715046,14.225464,12.702332,10.643623,10.541225,10.489990,11.272675,10.728870,10.984158,11.492725,11.323498,12.367878,14.028225,14.389496,13.417366,13.433933,13.995308,14.569599,14.716679,14.094013,12.835777,11.323498,12.518532,16.029587,14.618649,13.317928,18.861725,29.734657,21.553566,12.869114,12.935738,12.885777,12.267311,10.592438,9.286831,10.541225,10.916145,9.907425,7.893879,8.226437,9.044441,8.853588,9.217640,9.924606,9.873051,9.390537,9.649315,13.582870,14.765656,11.914482,10.933151,12.367878,13.251579,13.234974,12.401375,10.541225,10.301891,10.762939,11.035133,10.950157,11.526535,11.644768,11.255722,11.796577,11.661655,11.086086,13.151951,13.566330,13.185173,11.729134,11.255722,11.914482,10.848083,9.234943,9.269539,9.700993,9.907425,10.336117,10.865101,11.018150,10.933151,11.661655,12.233765,12.216988,11.103065,10.096279,10.779976,11.762863,11.678528,12.200203,12.367878,11.830276,11.627888,10.370338,10.575371,11.981785,13.467049,14.110455,12.618832,11.069107,11.187904,12.668941,15.804058,18.331108,16.558876,13.549789,10.865101,10.387436,10.660679,11.627888,13.068855,13.400806,13.085476,12.902435,11.729134,11.712273,11.644768,11.695396,11.238777,11.103065,11.289619,11.863968,12.233765,12.451607,13.052223,12.952389,11.830276,11.796577,10.762939,9.286831,9.286831,9.511379,9.907425,11.509636,14.961281,17.322979,18.284119,17.828564,18.001652,11.255722,8.034035,7.981499,9.459610,8.139027,9.355976,11.560329,12.451607,12.618832,11.948143,11.052120,10.489990,9.407806,8.505650,8.208961,9.355976,10.848083,10.899132,12.685638,20.949860,24.817894,12.735714,9.009773,9.044441,9.804260,10.130581,9.425079,9.096436,8.679768,8.488220,8.470791,8.313774,8.610161,9.321407,10.353233,10.711826,8.940388,8.383591,9.061775,9.148392,9.597610,9.890244,9.217640,8.766716,8.888317,8.784096,9.009773,8.888317,9.838661,11.103065,11.897648,10.967159,10.643623,10.814041,11.001148,10.779976,9.009773,7.806187,7.472267,7.648148,9.769852,12.551975,10.745911,8.610161,8.243912,10.267654,10.745911,9.855862,8.679768,8.051544,8.069046,7.823730,8.051544,9.183022,9.700993,9.355976,8.731949,8.348686,8.401035,9.355976,9.079109,9.079109,8.575333,9.079109,10.061974,9.804260,9.545887,11.611008,15.318825,11.745995,7.963982,8.401035,8.784096,9.355976,9.131081,8.174004,7.946465,10.421631,14.634995,19.512459,14.716679,12.618832,11.712273,10.592438,9.476868,10.438725,11.897648,11.374298,11.340439,12.116257,10.899132,11.745995,13.912971,14.389496,16.510895,13.912971,11.611008,12.668941,8.383591,9.252239,12.082661,10.575371,10.096279,10.933151,8.226437,7.841270,9.958965,10.848083,10.745911,14.373108,18.205757,15.916897,13.698540,13.251579,12.535263,12.367878,11.813431,10.096279,9.855862,12.819115,14.830910,15.642616,13.929443,12.752399,13.748062,14.814606,15.610291,16.590855,16.430859,16.782452,15.610291,18.503151,20.995308,17.686680,14.684017,13.400806,12.652241,11.170944,12.351128,12.618832,11.018150,10.233398,10.660679,12.518532,13.450489,14.241875,15.335041,17.781296,20.980156,20.493958,19.820488,18.143013,17.164352,17.180225,19.481583,20.203842,20.417725,16.174263,14.749332,15.383682,17.860062,19.851219,19.912659,18.628052,18.877281,18.440628,18.331108,17.954483,17.544540,15.820190,13.234974,11.526535,10.421631,12.317612,18.048801,22.791122,23.746017,18.362411,12.284077,11.543430,13.912971,14.765656,11.441990,9.511379,10.711826,12.852448,16.622818,16.126068,11.255722,10.301891,16.446873,21.403091,21.478363,21.040726,21.583633,26.127884,31.982956,37.966995,41.763687,33.661659,22.241959,15.755661,14.094013,16.254528,16.350758,17.243698,17.702454,18.939468,19.912659,20.570129,20.874062,19.218727,16.941784,15.107727,13.251579,17.481293,27.619949,32.594818,30.673317,18.721603,14.520515,17.828564,19.820488,20.203842,20.493958,22.331291,20.904388,18.908379,17.338821,13.085476,8.366138,7.119606,8.940388,13.185173,14.438644,15.820190,17.433830,17.607742,20.722244,23.541405,21.267395,19.172256,14.651337,11.762863,10.387436,9.407806,10.164867,9.907425,8.784096,7.384212,6.517342,6.036610,6.410706,7.101940,10.848083,12.032238,12.133057,14.455032,13.698540,8.679768,7.630577,9.632080,10.284771,10.609497,10.575371,10.353233,10.319000,10.421631,11.391228,13.830551,14.569599,13.450489,12.702332,13.797565,16.286617,17.021339,14.830910,14.077572,14.618649,15.140236,16.093914,16.766499,16.878090,16.670738,16.398830,16.366791,16.830284,16.494896,16.494896,16.766499,16.973614,17.291267,17.386341,17.702454,17.797050,17.418003,16.542885,15.497055,15.270157,14.471405,14.520515,14.143326,14.356716,14.536880,14.896122,14.765656,14.356716,13.615929,13.251579,11.948143,10.865101,10.216270,9.941792,9.735428,9.683773,9.976139,10.044807,10.010487,10.044807,9.735428,9.355976,9.200333,9.165710,9.131081,9.200333,9.148392,9.355976,9.355976,9.304119,9.407806,9.425079,9.597610,9.666546,9.649315,10.061974,10.233398,10.524147,10.779976,10.797012,10.882126,11.035133,11.238777,11.627888,11.779716,12.082661,12.133057,12.585411,12.585411,12.752399,12.785763,13.102104,13.218376,13.151951,13.085476,13.218376,13.351086,13.483601,13.615929,13.665508,13.748062,13.847038,13.731560,13.566330,13.467049,13.334507,13.400806,13.467049,13.566330,13.698540,13.748062,13.797565,13.830551,13.599396,13.433933,12.585411,13.185173,12.985676,12.869114,12.902435,12.702332,12.668941,12.719025,12.618832,12.551975,12.451607,12.635536,12.535263,12.434868,12.418129,12.317612,12.367878,12.317612,12.434868,12.300850,12.300850,12.451607,12.250546,12.317612,12.334373,12.334373,12.166641,12.216988,12.166641,
11.458900,11.408150,11.187904,13.018955,14.928707,15.416088,12.902435,11.526535,11.272675,10.865101,9.838661,8.992432,9.096436,9.700993,10.455822,11.745995,12.166641,12.284077,12.802441,12.802441,14.569599,16.430859,14.028225,12.819115,14.977566,13.615929,11.391228,10.814041,11.543430,11.492725,11.391228,12.852448,14.700352,12.702332,8.818848,8.139027,11.509636,13.118725,11.103065,9.924606,10.096279,11.762863,13.715046,13.251579,13.234974,14.487770,14.781967,17.765533,17.291267,13.483601,13.467049,14.602299,14.798294,13.234974,11.644768,11.238777,12.434868,13.847038,14.977566,14.634995,17.116711,20.127319,18.908379,13.615929,8.801476,7.207882,7.437057,8.557915,9.476868,8.801476,8.401035,9.683773,10.079128,9.476868,10.387436,12.835777,15.270157,15.674923,14.356716,14.225464,11.187904,9.528633,10.421631,11.594112,11.340439,10.284771,10.489990,11.425068,11.998611,13.151951,15.383682,15.755661,15.286385,13.995308,12.885777,14.700352,16.093914,14.438644,13.268166,11.998611,14.602299,16.366791,14.323921,13.068855,17.623531,26.745544,19.928017,13.962376,14.323921,13.516701,12.702332,11.357365,10.779976,10.984158,10.814041,10.899132,10.113426,9.941792,9.993317,9.355976,9.700993,11.120033,10.489990,9.425079,9.442345,12.183426,13.978848,11.914482,11.779716,14.143326,14.667679,13.599396,12.216988,10.472908,10.233398,10.831066,11.272675,11.981785,12.618832,13.151951,12.885777,13.400806,12.919083,12.149849,13.118725,13.052223,12.735714,11.509636,11.712273,12.317612,11.137009,9.545887,9.338692,9.649315,9.580376,9.873051,10.643623,11.153976,10.899132,11.238777,12.284077,12.317612,11.052120,10.984158,11.695396,11.357365,11.492725,12.418129,12.668941,11.526535,10.626560,9.958965,9.958965,11.187904,13.351086,14.356716,12.902435,11.272675,11.103065,12.116257,14.684017,18.424995,17.702454,14.896122,11.441990,10.421631,10.387436,11.238777,12.451607,12.885777,13.035591,13.201775,12.785763,12.367878,12.015423,11.611008,10.933151,10.882126,11.001148,11.695396,12.401375,12.835777,13.052223,12.935738,12.250546,12.267311,10.524147,9.304119,9.338692,9.442345,10.079128,11.695396,14.291111,16.206375,16.398830,15.884674,16.702667,10.096279,7.595413,10.404537,13.400806,9.718216,9.890244,10.950157,11.425068,11.796577,11.035133,10.096279,9.993317,9.373260,8.749332,8.208961,9.614849,10.711826,11.779716,12.769081,16.334732,17.322979,10.079128,8.957737,9.769852,10.079128,9.787056,9.752644,9.838661,9.027115,8.644970,8.975086,8.818848,8.749332,9.321407,10.353233,10.250530,9.131081,8.957737,9.148392,9.183022,9.563126,9.649315,9.390537,9.304119,8.836220,8.540497,8.731949,8.818848,9.355976,10.250530,10.626560,10.626560,10.848083,11.052120,10.831066,10.182007,8.575333,8.069046,7.981499,7.999016,9.511379,10.694775,9.821461,9.044441,8.453358,9.494129,9.632080,9.079109,8.418476,8.697163,8.348686,7.823730,8.435913,9.700993,10.250530,9.459610,8.034035,7.683289,8.870953,9.632080,9.752644,8.905678,8.278851,8.627563,8.992432,8.435913,8.435913,10.044807,12.317612,9.528633,6.641617,7.172585,8.121536,10.814041,10.438725,8.104042,7.946465,9.373260,10.472908,13.351086,11.712273,12.735714,12.969040,11.594112,10.199139,11.137009,12.485077,11.779716,11.153976,12.133057,12.015423,15.221458,16.077839,16.430859,15.561783,12.166641,12.284077,11.475815,8.784096,10.370338,11.931309,10.130581,9.649315,8.644970,7.542656,8.174004,9.976139,9.700993,10.336117,14.781967,18.892838,16.702667,15.107727,15.755661,16.398830,15.949108,13.814064,11.577221,11.374298,12.935738,13.483601,12.769081,10.967159,11.069107,13.068855,14.455032,14.061119,15.933002,16.430859,16.350758,16.190327,22.746735,24.630768,19.943367,17.164352,16.542885,13.962376,12.284077,14.487770,14.258289,11.981785,10.164867,11.001148,13.218376,14.143326,14.879829,17.433830,20.004730,20.004730,18.252785,18.268456,17.749767,16.718632,16.190327,17.954483,20.949860,20.509201,16.925861,15.351257,15.981312,17.985931,18.799477,17.686680,16.430859,16.766499,18.346760,17.164352,15.302612,14.209038,12.869114,9.597610,8.278851,10.438725,12.334373,14.879829,16.846222,15.416088,12.351128,12.384636,11.137009,12.819115,11.340439,9.407806,8.957737,10.336117,13.945911,14.928707,10.592438,8.174004,8.331230,11.813431,17.860062,20.463470,19.835854,19.820488,22.405647,25.347755,26.170181,30.278511,29.881058,25.362015,17.781296,14.684017,16.654766,18.143013,18.299789,18.612450,18.518776,19.203239,18.830605,18.252785,15.399883,12.852448,12.233765,12.149849,17.828564,26.014969,30.291718,26.982658,16.366791,13.781071,15.253925,17.227837,18.440628,17.591946,18.706017,20.219147,16.430859,12.284077,9.924606,6.357342,6.712570,8.784096,12.250546,12.985676,14.928707,16.973614,19.203239,18.892838,18.440628,16.957703,16.894020,13.151951,11.560329,11.408150,10.301891,10.575371,9.804260,8.731949,7.788635,7.172585,7.788635,8.505650,8.208961,8.940388,11.914482,17.639320,19.466148,14.274704,8.801476,6.960518,7.858810,8.139027,8.523075,9.787056,9.597610,8.957737,9.200333,12.802441,17.100819,16.446873,14.602299,12.735714,15.335041,19.110237,18.362411,14.520515,14.143326,16.238480,15.965214,16.670738,17.338821,18.596848,18.783913,17.639320,17.828564,19.327065,17.812809,17.116711,17.291267,17.037239,17.686680,19.358002,21.237213,20.828552,17.322979,14.585953,13.151951,13.168564,12.233765,11.627888,12.468342,14.667679,16.494896,17.132591,16.029587,14.373108,13.185173,11.931309,11.255722,11.238777,10.762939,10.455822,10.164867,10.233398,11.187904,11.779716,12.049046,11.120033,10.336117,9.563126,9.217640,9.183022,9.131081,8.801476,8.627563,8.923035,9.061775,9.131081,8.679768,8.975086,9.113758,9.183022,9.425079,9.442345,9.580376,9.838661,9.838661,9.304119,9.079109,9.217640,9.459610,9.666546,9.700993,9.787056,9.873051,10.061974,9.976139,9.787056,9.735428,10.096279,10.113426,10.182007,10.096279,10.079128,10.164867,10.250530,10.677727,10.711826,11.052120,11.170944,11.238777,11.306557,11.340439,11.323498,11.425068,11.678528,11.779716,11.981785,12.216988,12.334373,12.652241,12.535263,12.618832,12.618832,12.501804,12.468342,12.384636,12.351128,12.367878,12.418129,12.501804,12.434868,12.535263,12.618832,12.769081,12.802441,12.835777,12.985676,13.135342,13.185173,13.085476,13.317928,13.417366,13.450489,13.334507,13.384232,13.384232,13.351086,13.367657,13.351086,13.351086,13.367657,
12.652241,11.509636,11.458900,12.568703,14.028225,13.351086,12.501804,13.151951,12.618832,11.779716,10.797012,9.442345,9.442345,10.267654,11.120033,11.678528,12.166641,13.068855,12.468342,12.351128,13.962376,14.651337,12.116257,12.451607,14.192616,12.618832,10.044807,10.575371,11.712273,11.813431,11.272675,12.635536,13.168564,10.575371,8.488220,10.489990,14.126900,14.061119,11.931309,10.336117,9.873051,9.752644,10.899132,11.678528,12.752399,13.268166,15.399883,22.420509,21.086105,13.665508,12.835777,13.632454,12.885777,12.183426,11.762863,11.745995,11.661655,12.802441,14.455032,14.225464,16.334732,19.450706,18.362411,12.802441,7.841270,6.942829,7.595413,8.488220,9.528633,8.923035,8.836220,9.649315,9.096436,8.331230,10.882126,13.367657,13.500156,13.566330,12.317612,10.967159,9.373260,9.511379,10.575371,11.357365,10.711826,9.735428,10.489990,11.627888,12.401375,13.251579,14.192616,15.286385,16.462883,14.896122,13.781071,16.382813,17.100819,15.399883,18.048801,14.536880,13.450489,13.797565,13.002323,13.002323,15.594124,22.717148,17.607742,14.602299,14.928707,13.615929,12.835777,12.451607,12.334373,11.170944,11.103065,11.964966,11.998611,11.391228,10.831066,9.873051,11.221825,13.284760,11.830276,9.821461,9.286831,10.660679,13.317928,12.785763,13.549789,15.626457,15.529427,14.061119,12.535263,11.001148,10.541225,11.120033,12.049046,13.168564,13.367657,13.682022,13.467049,14.323921,14.241875,13.632454,12.752399,12.434868,13.002323,12.049046,11.678528,12.250546,11.153976,10.079128,9.614849,9.459610,9.269539,9.752644,10.301891,10.779976,10.507072,10.507072,11.492725,12.183426,11.408150,11.847122,11.661655,11.001148,10.967159,11.594112,12.317612,11.323498,10.284771,9.442345,9.563126,10.728870,13.168564,14.716679,13.118725,11.306557,11.052120,12.049046,14.520515,19.249695,19.604988,16.510895,11.914482,9.821461,9.718216,10.472908,11.880806,12.334373,13.002323,13.301342,13.018955,12.485077,12.099461,11.374298,10.899132,11.052120,10.848083,11.441990,12.518532,12.685638,12.501804,12.451607,12.116257,11.594112,9.941792,9.113758,9.407806,9.907425,11.069107,13.682022,15.448486,14.585953,13.533249,13.896488,14.258289,8.540497,7.806187,12.334373,15.787926,10.643623,11.103065,11.577221,11.103065,11.153976,10.558300,9.338692,9.234943,9.597610,9.304119,8.679768,8.801476,9.217640,10.831066,12.334373,13.284760,11.374298,9.407806,9.804260,9.993317,9.528633,9.476868,10.044807,10.250530,9.061775,8.540497,9.338692,9.700993,9.338692,9.580376,9.580376,10.301891,10.044807,9.373260,9.148392,9.563126,9.286831,9.321407,9.459610,9.390537,8.627563,8.818848,9.183022,8.905678,9.131081,9.769852,11.120033,11.187904,10.865101,10.609497,9.855862,9.165710,8.505650,8.174004,8.697163,8.818848,9.683773,10.728870,10.301891,9.009773,9.217640,9.890244,9.614849,8.923035,8.679768,8.592743,8.453358,8.121536,8.923035,10.353233,10.421631,9.044441,7.911411,8.243912,9.009773,9.252239,9.494129,8.853588,7.963982,8.296310,9.183022,8.592743,8.749332,9.009773,8.853588,8.139027,7.788635,7.612995,8.418476,12.116257,11.221825,7.946465,8.749332,9.459610,8.975086,8.453358,8.592743,10.984158,12.835777,12.819115,11.103065,11.543430,12.685638,12.149849,10.865101,12.133057,14.585953,20.585358,18.799477,17.116711,13.715046,11.661655,12.032238,11.796577,9.148392,11.948143,12.267311,9.958965,10.199139,9.528633,8.191483,9.907425,13.151951,12.384636,11.509636,13.301342,15.010124,15.026398,15.432289,16.670738,16.558876,16.061756,15.771801,14.110455,13.301342,12.166641,10.779976,11.035133,10.797012,12.434868,14.061119,14.944996,13.715046,17.528736,19.928017,19.928017,20.554901,25.333481,25.589844,20.448227,19.419815,17.497108,14.536880,13.467049,14.765656,13.018955,10.182007,9.787056,14.011765,16.638790,15.739521,14.553234,17.497108,19.497025,18.643650,18.064510,19.342529,19.311600,16.222427,15.058941,16.430859,19.280655,18.939468,16.542885,15.156490,15.188980,15.949108,14.928707,14.077572,13.731560,13.632454,15.577946,15.577946,14.618649,13.234974,10.626560,7.753536,8.051544,9.407806,9.924606,13.880009,15.610291,10.455822,11.035133,12.418129,9.735428,10.933151,10.745911,11.509636,10.199139,12.719025,13.929443,9.958965,8.069046,8.418476,8.749332,10.728870,15.205219,18.503151,18.721603,19.048180,17.923019,17.196098,19.373451,20.752632,19.001602,19.234207,16.077839,15.107727,16.750549,18.252785,17.812809,16.270573,13.384232,14.028225,14.684017,15.804058,13.218376,10.643623,10.728870,11.981785,15.432289,19.682014,22.924080,18.284119,12.668941,12.935738,14.323921,18.268456,19.789734,16.654766,16.222427,16.061756,11.897648,8.086544,6.659363,6.748028,7.190231,8.923035,10.541225,10.609497,14.585953,18.017372,18.955009,16.109989,15.464684,14.585953,13.533249,12.015423,12.367878,12.769081,10.164867,11.204865,9.821461,9.563126,8.679768,9.148392,11.830276,11.981785,11.323498,11.543430,16.526890,21.040726,19.897308,15.188980,10.267654,8.278851,7.771088,7.612995,9.476868,10.916145,10.096279,9.200333,8.801476,12.785763,15.075207,14.961281,13.863529,13.384232,14.798294,15.884674,15.691078,14.896122,17.481293,19.604988,17.985931,17.576149,18.346760,19.110237,18.674843,18.158703,18.643650,20.402458,18.596848,17.338821,18.378067,19.388908,20.203842,22.968353,24.918449,21.883583,16.109989,13.400806,12.769081,12.149849,10.421631,9.390537,13.085476,18.612450,22.062988,22.003235,17.528736,13.068855,11.948143,12.099461,13.102104,14.455032,13.797565,13.234974,12.735714,14.422272,18.190071,19.327065,17.765533,15.658775,13.962376,13.068855,12.685638,13.698540,12.551975,10.967159,11.475815,12.585411,12.434868,11.964966,11.408150,12.200203,12.149849,12.183426,12.618832,12.769081,13.929443,13.896488,13.052223,10.797012,9.907425,10.711826,11.255722,11.644768,11.374298,11.492725,12.133057,12.769081,11.526535,10.421631,10.370338,11.103065,10.728870,10.216270,9.511379,9.096436,9.200333,9.269539,9.976139,10.182007,10.301891,10.301891,10.455822,10.233398,9.855862,9.563126,9.683773,9.752644,9.993317,10.096279,10.027649,9.976139,9.787056,9.614849,9.614849,9.580376,9.494129,9.494129,9.494129,9.700993,9.821461,9.873051,9.855862,9.752644,9.890244,10.096279,10.199139,10.489990,10.694775,11.018150,11.221825,11.120033,11.052120,11.120033,11.103065,11.221825,11.391228,11.526535,11.475815,11.594112,11.560329,11.560329,11.847122,11.897648,
13.483601,11.762863,11.813431,11.830276,13.549789,13.912971,14.323921,14.716679,13.317928,12.065849,11.340439,9.958965,9.355976,9.666546,10.455822,10.950157,12.919083,13.599396,12.250546,11.594112,12.819115,12.351128,11.272675,12.535263,13.483601,11.813431,9.907425,10.848083,11.914482,11.458900,11.408150,12.935738,13.847038,11.086086,9.528633,13.118725,16.574867,14.912418,12.769081,11.069107,9.821461,8.453358,9.580376,11.069107,12.267311,12.518532,17.639320,27.509567,22.835464,12.902435,12.585411,13.201775,11.762863,11.661655,12.702332,12.618832,11.594112,12.501804,13.896488,13.185173,13.433933,14.569599,13.268166,10.164867,7.963982,7.454662,8.592743,9.165710,9.061775,8.714558,9.494129,10.079128,9.407806,8.957737,11.153976,12.451607,12.250546,12.885777,10.421631,8.940388,9.632080,10.421631,10.711826,11.153976,10.626560,10.079128,10.779976,11.204865,11.695396,11.425068,11.526535,13.698540,15.674923,15.965214,16.766499,18.596848,17.164352,17.275417,19.604988,15.771801,11.863968,11.357365,12.284077,13.334507,15.042671,19.094734,15.058941,14.912418,16.494896,14.830910,13.615929,13.218376,12.802441,11.170944,11.018150,12.049046,12.869114,12.468342,11.391228,10.933151,13.201775,14.356716,12.618832,10.182007,8.870953,9.597610,13.185173,14.094013,14.356716,15.594124,16.270573,14.749332,13.880009,12.585411,11.238777,11.492725,13.002323,14.323921,14.323921,13.995308,14.602299,15.642616,15.852440,13.234974,12.149849,12.869114,14.504147,13.764572,12.216988,11.323498,10.353233,10.319000,9.511379,9.113758,9.096436,9.855862,10.113426,10.284771,9.976139,9.958965,11.069107,12.317612,12.233765,12.468342,11.577221,10.677727,10.336117,10.814041,11.745995,11.408150,10.250530,9.148392,9.373260,10.113426,11.964966,13.665508,12.618832,11.475815,11.289619,11.897648,13.731560,17.433830,19.589577,18.252785,12.752399,9.752644,9.442345,10.199139,11.543430,12.401375,12.902435,12.969040,12.802441,12.451607,12.250546,11.391228,11.357365,11.408150,11.052120,11.543430,12.334373,12.451607,12.300850,12.149849,11.745995,11.086086,10.010487,9.425079,9.632080,10.233398,12.518532,15.464684,15.058941,14.618649,13.483601,13.102104,12.819115,8.226437,8.243912,11.475815,13.764572,11.458900,13.052223,12.752399,11.035133,9.632080,9.079109,8.278851,8.923035,9.511379,9.718216,9.390537,9.286831,9.079109,10.010487,11.509636,13.168564,11.153976,9.252239,9.735428,9.958965,8.853588,8.610161,9.321407,10.370338,9.649315,9.390537,10.404537,10.472908,10.079128,10.164867,9.924606,11.001148,11.052120,9.787056,8.992432,9.804260,9.683773,9.131081,9.476868,9.269539,8.540497,8.888317,9.269539,9.545887,9.390537,9.752644,11.847122,11.948143,10.831066,10.027649,8.975086,8.156513,7.806187,7.893879,8.836220,9.442345,10.489990,11.475815,10.558300,9.234943,8.418476,9.718216,9.476868,9.009773,8.853588,8.401035,8.731949,8.662369,9.769852,10.147728,9.700993,8.870953,8.348686,7.946465,7.928940,7.946465,9.148392,9.511379,8.453358,8.523075,9.009773,9.321407,9.476868,8.226437,7.911411,9.009773,9.304119,8.086544,8.540497,12.166641,9.632080,7.858810,8.801476,10.301891,9.009773,7.841270,7.630577,8.418476,10.575371,12.133057,11.762863,13.268166,14.192616,13.234974,11.441990,11.796577,18.268456,21.988297,17.544540,14.553234,12.082661,11.035133,11.914482,11.255722,9.890244,13.334507,13.516701,10.113426,10.061974,10.250530,9.217640,11.560329,19.466148,16.190327,12.752399,12.602119,12.935738,14.471405,14.618649,15.335041,14.159763,12.183426,11.931309,12.985676,13.516701,11.627888,11.627888,16.029587,16.334732,14.667679,13.351086,14.209038,13.002323,17.591946,20.265015,19.989395,22.316414,25.518723,23.935493,18.471905,16.045673,14.405884,15.156490,17.259556,15.399883,11.981785,9.459610,10.336117,15.480865,18.033096,17.243698,15.594124,16.061756,17.623531,16.574867,17.970207,19.388908,18.955009,15.351257,12.451607,13.615929,15.804058,16.013500,15.399883,15.367474,13.896488,14.504147,12.902435,12.434868,13.334507,11.272675,12.149849,13.599396,13.400806,13.151951,10.728870,9.976139,9.941792,8.905678,8.610161,12.284077,13.068855,8.453358,9.476868,9.769852,8.348686,10.882126,11.745995,12.852448,12.618832,13.566330,9.735428,6.889732,8.069046,9.096436,8.679768,9.044441,11.762863,14.077572,16.206375,16.254528,15.221458,13.748062,13.483601,15.270157,14.716679,14.749332,16.254528,21.176804,21.327736,18.346760,15.707230,14.110455,11.137009,10.438725,11.391228,13.135342,12.166641,10.507072,11.323498,12.501804,13.880009,14.961281,14.373108,13.201775,14.192616,16.126068,15.852440,18.986076,20.356674,16.846222,17.037239,14.863525,10.558300,6.978207,6.606125,7.928940,9.528633,11.458900,12.300850,11.813431,15.529427,17.781296,16.782452,15.707230,16.510895,14.879829,13.151951,12.668941,13.151951,12.434868,9.286831,10.182007,8.383591,9.269539,8.801476,9.528633,10.524147,10.575371,10.370338,12.535263,19.404366,23.100990,22.672722,19.419815,12.668941,9.924606,9.061775,10.677727,13.002323,11.661655,9.632080,9.407806,9.390537,12.049046,12.885777,11.543430,12.015423,12.518532,13.599396,13.978848,13.912971,13.781071,17.449657,19.851219,18.783913,18.048801,17.418003,15.739521,15.561783,16.670738,17.544540,19.048180,18.612450,16.878090,17.243698,18.409359,17.607742,20.448227,21.673737,17.512928,14.847221,14.977566,14.618649,10.882126,9.096436,8.749332,12.602119,16.334732,18.471905,18.830605,14.896122,11.153976,10.472908,10.882126,12.935738,16.013500,15.981312,14.749332,14.684017,18.628052,21.553566,20.874062,18.939468,16.590855,15.691078,14.356716,15.172733,17.005432,15.916897,15.140236,17.148476,19.958702,17.370502,15.707230,15.123981,17.164352,18.174385,18.221436,17.938759,17.576149,17.875805,17.686680,15.058941,12.233765,12.869114,16.334732,18.923927,18.471905,17.433830,16.622818,16.478889,15.107727,14.504147,13.599396,15.432289,17.386341,15.383682,13.715046,12.351128,11.475815,11.255722,12.702332,14.422272,14.618649,15.884674,15.091465,14.879829,14.110455,12.568703,11.458900,11.526535,11.712273,11.847122,11.964966,11.813431,11.357365,10.575371,10.301891,9.735428,9.580376,9.044441,9.061775,9.217640,9.804260,9.873051,9.649315,9.528633,9.700993,9.614849,9.649315,9.941792,10.370338,11.018150,11.204865,11.035133,10.421631,9.941792,9.476868,9.338692,9.390537,9.476868,9.511379,9.407806,9.269539,9.165710,9.044441,9.252239,9.200333,
13.995308,12.518532,11.729134,11.796577,13.367657,13.945911,14.487770,14.536880,13.002323,12.183426,11.492725,10.472908,9.286831,9.321407,9.700993,11.120033,13.814064,13.085476,12.015423,12.367878,12.885777,12.317612,11.577221,13.185173,13.615929,11.627888,10.233398,10.831066,11.137009,10.762939,10.933151,13.334507,13.085476,10.507072,10.575371,15.432289,16.941784,15.091465,14.061119,11.981785,9.494129,7.735977,8.870953,10.370338,11.425068,12.032238,18.939468,27.949982,19.758972,11.255722,11.880806,14.011765,13.085476,12.300850,12.919083,13.018955,12.116257,12.835777,13.549789,12.819115,12.183426,11.458900,9.649315,9.096436,8.749332,8.731949,9.200333,8.923035,8.418476,8.957737,10.455822,10.762939,10.472908,11.069107,13.168564,14.830910,13.880009,12.668941,9.096436,8.818848,9.752644,10.984158,11.509636,11.086086,10.455822,10.524147,10.865101,10.575371,10.660679,9.718216,9.769852,12.233765,14.977566,18.095917,19.218727,17.386341,17.100819,17.639320,19.048180,15.577946,10.967159,10.558300,12.250546,13.764572,14.830910,15.707230,12.835777,14.667679,17.655106,16.093914,14.176193,13.400806,12.200203,10.762939,10.643623,11.762863,12.819115,12.149849,11.475815,12.183426,13.284760,13.566330,13.301342,11.374298,8.940388,10.061974,13.648983,14.011765,13.035591,13.797565,15.771801,14.651337,14.928707,14.241875,12.869114,12.702332,14.077572,15.172733,14.961281,14.993847,15.302612,16.686703,15.351257,12.267311,11.627888,14.126900,16.798401,16.782452,14.455032,11.543430,9.855862,10.079128,9.580376,9.183022,9.217640,9.821461,9.993317,9.907425,9.873051,9.700993,10.592438,12.250546,13.135342,13.018955,11.712273,10.524147,9.563126,10.301891,11.052120,11.221825,10.319000,8.853588,8.992432,9.528633,10.575371,11.745995,11.779716,11.475815,11.526535,11.847122,12.535263,14.504147,17.733997,18.659248,13.433933,10.010487,9.459610,10.079128,11.035133,12.351128,12.719025,12.334373,12.133057,12.200203,12.317612,11.560329,11.627888,11.863968,11.644768,11.611008,12.267311,12.935738,12.568703,12.049046,11.560329,10.933151,10.336117,9.494129,9.286831,10.061974,13.566330,15.513241,15.691078,16.846222,15.237690,13.400806,11.729134,8.313774,9.044441,10.027649,11.847122,13.185173,14.225464,13.516701,10.524147,8.592743,8.226437,7.806187,8.697163,9.476868,9.511379,9.563126,10.626560,10.010487,9.304119,10.130581,12.485077,11.153976,8.401035,8.853588,9.373260,8.016525,7.507469,8.296310,9.804260,10.370338,10.711826,11.425068,11.018150,10.643623,10.762939,10.455822,11.492725,11.627888,10.164867,9.200333,9.976139,9.890244,9.217640,8.957737,8.697163,8.627563,9.044441,9.407806,10.147728,9.941792,10.660679,11.964966,11.678528,10.199139,9.131081,8.523075,8.139027,7.595413,7.963982,9.131081,9.941792,11.272675,11.897648,10.745911,9.304119,8.243912,8.888317,8.870953,8.627563,8.801476,8.731949,9.217640,9.476868,10.113426,9.718216,9.511379,8.888317,8.174004,6.748028,6.250534,6.907440,8.888317,10.319000,8.975086,8.731949,8.766716,10.027649,9.941792,8.540497,8.278851,9.234943,9.459610,8.505650,7.928940,8.975086,7.595413,7.419441,7.999016,8.575333,8.051544,7.981499,7.981499,8.766716,9.632080,11.441990,13.367657,14.258289,15.221458,12.618832,10.660679,12.969040,19.203239,19.666618,14.504147,13.317928,12.401375,11.847122,11.981785,11.391228,11.374298,12.635536,12.869114,9.838661,9.390537,10.267654,9.907425,11.964966,18.158703,15.933002,12.418129,12.267311,12.317612,13.830551,12.284077,11.830276,11.204865,8.801476,9.286831,11.086086,11.594112,10.319000,13.118725,20.858894,21.703751,16.734592,11.863968,12.049046,11.458900,14.716679,16.334732,15.432289,16.542885,20.448227,21.628693,17.639320,15.075207,15.464684,17.433830,19.743591,18.768341,14.373108,11.137009,10.626560,14.879829,18.033096,20.035400,19.620399,17.243698,13.632454,13.334507,16.142136,15.140236,15.884674,16.510895,12.885777,12.585411,12.952389,13.632454,15.933002,15.075207,13.665508,14.944996,13.400806,12.969040,14.176193,10.301891,12.802441,13.334507,11.830276,12.618832,11.644768,11.509636,10.044807,8.940388,8.505650,9.425079,9.217640,7.331345,7.893879,9.597610,9.545887,10.199139,11.204865,12.250546,12.719025,10.199139,7.172585,7.313717,8.383591,8.749332,8.523075,9.044441,11.170944,12.585411,14.912418,14.602299,14.110455,11.391228,11.289619,13.715046,17.196098,16.238480,18.550014,22.820686,24.544228,21.418152,17.781296,15.545601,12.668941,10.575371,10.677727,12.952389,13.135342,12.049046,12.568703,13.698540,15.156490,13.945911,10.814041,11.357365,14.553234,16.830284,17.338821,18.674843,18.908379,15.916897,15.852440,12.418129,7.858810,6.125797,8.383591,11.103065,12.451607,13.068855,12.952389,13.002323,13.978848,15.367474,15.156490,15.253925,15.610291,15.091465,13.632454,12.668941,11.137009,10.130581,9.511379,9.217640,8.523075,8.957737,7.560242,7.154926,7.753536,7.577831,9.027115,11.103065,16.206375,19.218727,19.820488,17.544540,11.086086,9.821461,10.387436,14.011765,15.286385,11.018150,8.557915,10.096279,11.306557,13.301342,12.418129,11.762863,12.015423,13.234974,13.433933,12.535263,11.543430,12.702332,15.010124,17.812809,18.268456,17.116711,15.836315,12.969040,12.702332,13.929443,14.781967,15.448486,16.350758,16.061756,15.448486,14.765656,13.151951,14.061119,16.254528,14.716679,16.430859,18.659248,15.787926,10.079128,8.836220,9.044441,10.027649,9.924606,10.113426,10.728870,10.865101,8.940388,8.348686,8.888317,10.831066,13.549789,16.077839,15.351257,15.383682,17.686680,18.127319,16.957703,15.691078,16.045673,16.590855,14.274704,11.695396,12.200203,13.301342,15.949108,17.702454,18.783913,16.941784,15.123981,14.209038,14.863525,15.852440,16.989529,17.291267,17.686680,16.686703,15.367474,13.599396,13.301342,16.638790,20.524437,21.913513,20.874062,18.923927,15.497055,14.798294,13.516701,12.819115,12.802441,15.123981,17.781296,16.957703,14.830910,14.011765,13.500156,14.110455,18.706017,22.227066,20.203842,19.758972,18.986076,17.954483,15.933002,15.270157,14.830910,16.526890,17.148476,17.702454,18.048801,17.655106,15.707230,14.209038,13.599396,12.384636,11.779716,11.289619,11.796577,13.052223,14.077572,13.830551,12.869114,13.068855,13.301342,12.869114,12.719025,13.566330,15.205219,16.302662,16.398830,14.944996,13.351086,12.267311,11.526535,11.086086,10.933151,11.441990,11.391228,10.660679,9.941792,9.700993,9.494129,9.269539,8.801476,
13.880009,13.118725,11.948143,12.216988,12.935738,13.234974,13.334507,13.582870,12.802441,12.099461,11.374298,10.762939,9.494129,8.870953,9.683773,12.869114,14.716679,13.085476,12.819115,13.367657,13.085476,12.116257,12.099461,13.334507,12.785763,11.001148,10.438725,10.745911,10.061974,9.148392,10.164867,12.367878,12.618832,11.052120,12.216988,15.513241,15.480865,14.847221,15.107727,12.284077,8.975086,7.525059,8.383591,9.079109,10.010487,11.729134,18.064510,22.077919,15.123981,10.387436,12.216988,15.626457,14.585953,12.468342,11.863968,12.116257,11.931309,12.518532,13.648983,12.802441,10.967159,9.528633,8.540497,9.494129,9.649315,9.355976,8.749332,8.435913,8.261383,9.079109,10.421631,10.933151,12.133057,14.356716,16.718632,16.558876,14.028225,11.374298,9.614849,9.269539,9.769852,11.103065,11.391228,10.677727,10.762939,12.166641,11.745995,10.779976,9.958965,9.027115,8.801476,10.609497,13.533249,16.061756,17.243698,15.529427,16.109989,17.180225,17.512928,14.291111,11.678528,11.340439,13.102104,13.748062,13.682022,12.384636,11.425068,14.944996,17.970207,16.670738,14.569599,13.118725,11.847122,10.814041,10.711826,11.796577,12.518532,11.914482,11.695396,12.735714,13.566330,13.978848,14.209038,12.267311,10.044807,13.433933,13.929443,12.485077,12.501804,13.052223,14.618649,13.764572,14.569599,14.847221,15.237690,14.863525,14.749332,15.383682,15.172733,15.075207,15.140236,14.961281,12.785763,11.306557,12.468342,15.318825,17.037239,18.001652,15.399883,11.779716,10.164867,10.336117,10.489990,10.558300,10.147728,10.079128,10.592438,10.284771,10.284771,10.404537,11.153976,12.969040,14.044678,13.863529,12.300850,10.438725,9.494129,9.958965,10.745911,11.103065,10.404537,8.818848,9.009773,9.200333,9.700993,10.370338,10.899132,11.069107,11.238777,11.509636,11.796577,13.052223,15.529427,17.322979,14.011765,10.438725,9.494129,10.010487,11.187904,12.551975,12.719025,11.914482,11.492725,11.729134,12.032238,11.458900,11.931309,12.133057,11.914482,11.813431,12.602119,13.814064,13.351086,12.451607,11.543430,10.950157,10.592438,9.217640,9.338692,10.541225,13.582870,14.896122,18.127319,20.035400,17.907284,15.205219,12.116257,9.855862,12.250546,9.632080,9.459610,11.238777,13.483601,14.373108,10.797012,9.286831,8.801476,8.051544,8.051544,9.044441,9.009773,9.096436,10.164867,9.976139,8.766716,8.540497,9.958965,9.821461,7.013577,7.823730,8.749332,7.401833,7.084278,7.700855,9.958965,11.644768,11.594112,12.166641,11.981785,11.374298,10.779976,11.187904,11.998611,12.149849,10.967159,9.269539,9.649315,9.511379,9.096436,8.923035,8.592743,8.784096,9.286831,9.821461,10.694775,11.475815,11.374298,11.425068,10.950157,9.924606,8.836220,8.627563,8.418476,7.999016,8.523075,9.873051,10.762939,11.289619,11.577221,10.643623,9.873051,8.731949,8.679768,8.592743,8.592743,9.165710,9.425079,9.890244,11.272675,10.882126,9.907425,9.787056,9.044441,8.261383,6.677101,6.143627,7.313717,9.355976,10.130581,9.632080,8.331230,8.627563,10.079128,9.993317,9.009773,9.148392,9.269539,8.731949,8.156513,7.348972,7.048931,7.101940,7.753536,7.823730,7.648148,8.086544,8.331230,9.632080,10.745911,10.677727,11.847122,12.785763,13.301342,12.233765,11.018150,12.551975,15.302612,16.750549,16.302662,12.351128,14.765656,15.270157,14.977566,13.367657,13.052223,12.015423,11.560329,11.170944,9.252239,8.749332,9.718216,10.044807,11.863968,14.733006,14.307518,12.602119,12.735714,13.135342,13.102104,10.455822,10.797012,12.501804,10.626560,10.472908,10.010487,9.907425,12.149849,12.652241,18.581238,23.203995,20.188553,14.373108,11.981785,11.492725,13.102104,13.201775,11.897648,12.451607,17.655106,21.463310,17.275417,16.590855,18.877281,16.973614,17.465477,21.748756,17.354664,14.700352,13.351086,15.172733,17.100819,18.596848,18.534397,15.771801,11.238777,10.575371,14.520515,12.752399,15.674923,18.424995,14.077572,13.284760,12.585411,12.065849,15.432289,14.405884,15.058941,17.322979,16.093914,15.335041,13.748062,9.632080,11.560329,12.702332,11.069107,11.981785,11.391228,10.899132,9.563126,9.511379,9.234943,8.766716,8.313774,7.981499,8.540497,9.545887,9.735428,10.199139,10.061974,10.592438,10.677727,8.766716,7.718422,8.243912,8.749332,8.644970,8.697163,9.787056,11.272675,14.307518,15.335041,13.978848,12.835777,9.993317,10.507072,12.785763,18.846176,17.844315,16.574867,15.771801,20.280304,21.433205,19.620399,16.734592,14.487770,12.719025,13.450489,16.430859,14.307518,12.551975,14.176193,14.126900,14.422272,11.391228,9.148392,10.745911,15.480865,18.986076,18.799477,19.912659,19.032661,14.667679,14.094013,9.804260,6.712570,7.172585,11.153976,13.880009,13.599396,13.450489,16.494896,16.734592,14.520515,15.497055,14.879829,14.291111,13.797565,12.735714,11.289619,10.096279,9.804260,9.769852,9.838661,9.528633,9.683773,8.627563,6.765751,5.893753,6.179276,7.893879,11.035133,11.543430,12.702332,12.602119,11.914482,11.627888,10.182007,10.147728,12.468342,13.599396,14.830910,11.796577,9.373260,11.137009,11.998611,11.408150,12.250546,13.748062,15.286385,15.399883,13.945911,10.899132,10.967159,10.865101,11.762863,13.912971,14.011765,13.549789,13.218376,11.779716,11.695396,11.560329,11.425068,11.323498,12.384636,13.002323,13.400806,12.869114,12.551975,13.135342,15.188980,15.091465,17.354664,17.449657,12.585411,8.470791,8.278851,8.557915,7.911411,7.963982,9.355976,9.769852,10.044807,8.418476,6.552864,7.119606,8.766716,10.779976,12.317612,12.200203,11.187904,11.796577,11.897648,12.082661,12.819115,13.781071,13.317928,12.401375,10.984158,11.323498,11.695396,12.852448,13.566330,14.291111,15.188980,14.684017,14.504147,13.035591,14.291111,16.478889,17.954483,17.576149,15.416088,14.176193,14.700352,15.010124,18.471905,18.892838,17.418003,16.093914,13.912971,12.702332,12.334373,11.998611,12.785763,14.814606,16.718632,18.362411,17.970207,14.749332,13.400806,13.599396,15.091465,18.643650,18.237114,17.354664,16.414852,15.771801,14.389496,14.241875,14.471405,15.188980,16.622818,17.591946,18.550014,19.497025,18.612450,15.787926,14.863525,14.356716,13.301342,13.135342,13.002323,14.422272,17.037239,17.591946,17.338821,16.158203,15.497055,15.367474,15.820190,18.111610,21.101234,23.950050,27.038322,24.975845,20.904388,18.409359,16.941784,15.739521,15.335041,14.667679,13.764572,12.785763,12.166641,11.981785,12.518532,12.852448,12.300850,11.153976,
14.307518,12.451607,11.863968,12.869114,12.985676,13.185173,13.351086,13.962376,13.201775,12.032238,11.255722,11.289619,10.353233,9.234943,10.643623,15.205219,15.545601,13.400806,14.159763,14.011765,12.785763,11.712273,11.611008,12.032238,11.914482,11.086086,11.052120,10.933151,8.940388,8.401035,9.924606,12.401375,13.035591,11.796577,12.969040,14.569599,13.830551,14.077572,14.896122,12.166641,8.453358,7.806187,8.453358,8.853588,9.804260,11.796577,15.771801,18.299789,13.002323,10.626560,13.135342,15.691078,15.432289,13.234974,11.661655,11.661655,11.998611,12.735714,13.797565,12.149849,9.649315,8.278851,8.540497,9.735428,9.528633,9.131081,8.505650,8.418476,8.191483,9.044441,10.984158,12.835777,14.455032,16.654766,17.338821,15.042671,11.627888,11.035133,10.848083,10.592438,10.660679,10.626560,11.221825,11.086086,11.762863,12.735714,12.200203,10.575371,9.700993,9.009773,8.766716,10.147728,11.964966,14.356716,15.820190,14.749332,14.569599,14.618649,13.781071,13.268166,13.467049,12.885777,13.417366,13.764572,11.678528,10.250530,11.323498,15.884674,17.781296,16.670738,14.684017,12.752399,11.762863,11.221825,11.069107,12.233765,12.401375,11.897648,11.729134,13.201775,13.912971,13.896488,13.847038,12.885777,13.764572,15.448486,11.052120,10.353233,13.516701,14.225464,13.433933,12.985676,13.467049,14.077572,16.814339,16.670738,16.478889,16.318695,15.026398,14.651337,14.258289,13.731560,12.317612,11.408150,12.852448,14.700352,14.504147,15.091465,13.151951,11.035133,10.694775,10.609497,10.762939,11.526535,11.035133,11.001148,10.984158,10.609497,11.001148,11.964966,13.168564,14.192616,14.553234,14.487770,13.035591,10.745911,9.683773,10.130581,11.086086,11.408150,10.182007,9.131081,8.975086,9.183022,9.096436,9.511379,10.010487,10.336117,10.967159,11.153976,11.441990,12.585411,14.291111,16.093914,14.634995,10.660679,9.683773,10.267654,11.661655,12.535263,12.451607,12.233765,11.374298,11.001148,10.916145,11.018150,11.813431,11.745995,11.323498,11.695396,13.102104,14.977566,14.585953,13.351086,11.964966,11.289619,11.408150,10.336117,10.950157,11.830276,13.052223,14.944996,18.877281,20.417725,18.768341,16.957703,13.549789,12.015423,15.010124,10.933151,7.507469,8.331230,12.082661,14.700352,11.577221,10.233398,8.836220,7.981499,7.525059,8.749332,9.027115,8.731949,8.975086,9.044441,8.505650,7.577831,7.753536,7.858810,6.748028,7.595413,7.507469,6.872036,6.783474,8.208961,10.541225,11.695396,12.099461,12.284077,12.652241,11.475815,11.069107,12.183426,12.485077,11.897648,11.187904,9.459610,9.390537,9.304119,9.752644,9.804260,9.027115,8.853588,9.407806,9.769852,11.103065,12.384636,11.914482,11.137009,10.728870,10.301891,9.027115,8.453358,8.296310,8.313774,8.940388,10.096279,10.387436,10.797012,10.455822,9.924606,9.632080,9.252239,9.321407,9.079109,9.217640,9.838661,9.804260,10.147728,12.082661,11.391228,10.370338,10.284771,9.252239,8.435913,7.525059,6.854328,7.963982,9.769852,10.284771,9.718216,7.665718,8.191483,9.718216,10.044807,9.666546,10.575371,9.873051,8.523075,7.999016,7.384212,7.172585,7.648148,8.174004,7.928940,8.086544,8.714558,9.476868,12.367878,12.752399,12.015423,11.340439,10.421631,9.958965,9.976139,10.933151,14.487770,15.432289,13.367657,13.118725,10.489990,14.634995,18.252785,18.861725,16.142136,13.085476,11.153976,11.103065,10.848083,9.838661,8.975086,8.957737,9.958965,11.762863,13.516701,14.993847,13.962376,14.536880,15.432289,14.814606,12.384636,12.434868,13.863529,12.985676,11.543430,9.941792,12.668941,16.254528,13.433933,14.028225,18.721603,22.122688,20.280304,14.602299,12.284077,12.317612,12.284077,10.762939,11.914482,18.565624,21.086105,14.847221,14.340313,16.158203,14.159763,15.075207,18.892838,14.373108,14.863525,20.066055,24.327423,22.077919,17.954483,15.302612,12.869114,10.336117,10.370338,13.566330,14.340313,16.318695,16.894020,13.830551,13.301342,12.501804,12.769081,14.830910,14.405884,16.142136,18.440628,16.941784,15.545601,13.002323,8.940388,8.801476,11.069107,10.848083,11.577221,11.340439,10.489990,10.010487,10.164867,9.321407,9.355976,9.563126,9.355976,9.304119,9.304119,7.735977,8.348686,9.044441,9.890244,10.489990,8.818848,8.086544,8.870953,9.338692,8.714558,9.061775,10.044807,12.183426,23.891815,20.387207,15.399883,12.451607,9.597610,9.735428,12.149849,17.307125,18.111610,18.017372,14.356716,16.350758,17.781296,16.622818,17.164352,18.440628,16.878090,17.116711,19.974052,15.804058,17.749767,19.728195,17.560349,16.973614,13.632454,10.745911,11.221825,15.755661,23.775200,22.450226,21.763741,17.907284,13.450489,15.188980,11.594112,8.557915,9.131081,11.948143,12.735714,13.168564,15.674923,20.341400,20.295578,15.820190,13.847038,11.880806,11.035133,9.735428,9.321407,9.321407,9.528633,10.216270,10.524147,11.475815,11.847122,10.421631,10.147728,6.659363,6.125797,6.552864,9.355976,12.351128,11.408150,9.958965,8.453358,8.697163,9.096436,10.301891,10.660679,12.065849,13.102104,14.143326,12.952389,11.086086,11.086086,11.103065,9.338692,10.455822,13.814064,13.748062,14.241875,12.618832,12.116257,12.418129,11.661655,11.931309,13.118725,12.518532,12.216988,12.401375,12.065849,12.719025,12.317612,13.516701,12.451607,12.183426,13.500156,14.176193,13.018955,11.526535,12.166641,14.863525,15.270157,16.077839,12.919083,10.096279,8.870953,9.217640,8.243912,7.806187,8.069046,10.507072,10.250530,9.252239,7.665718,6.232731,6.464035,7.084278,8.139027,9.580376,8.975086,8.592743,8.836220,9.907425,11.103065,11.847122,12.015423,11.762863,15.318825,14.733006,12.819115,11.103065,11.408150,10.779976,11.408150,13.830551,13.880009,14.389496,11.981785,11.847122,14.340313,16.398830,16.302662,14.077572,14.225464,14.684017,14.044678,14.634995,14.044678,14.176193,15.318825,14.944996,14.651337,13.284760,12.351128,13.384232,16.286617,16.638790,15.787926,15.335041,13.334507,12.065849,11.762863,13.483601,14.438644,13.566330,13.367657,13.400806,14.405884,14.781967,14.274704,14.258289,15.787926,16.638790,17.084930,16.878090,17.797050,17.037239,15.610291,14.700352,13.962376,14.192616,15.545601,15.771801,16.334732,19.388908,19.651215,18.534397,17.148476,15.318825,14.634995,16.478889,20.828552,23.145157,26.071449,27.922531,26.647667,23.731422,21.553566,20.050720,17.386341,15.026398,14.373108,13.748062,15.949108,15.432289,13.962376,13.896488,14.716679,14.143326,12.769081,
13.035591,11.998611,11.897648,13.268166,13.201775,13.748062,13.929443,13.962376,12.802441,11.779716,11.509636,11.627888,11.086086,10.199139,12.015423,15.237690,14.307518,14.602299,15.674923,14.209038,12.367878,10.984158,11.103065,11.830276,11.441990,10.899132,11.137009,10.455822,8.923035,8.401035,10.044807,12.233765,12.284077,11.357365,12.735714,14.553234,13.268166,12.802441,13.168564,11.306557,8.940388,8.557915,9.425079,9.407806,10.044807,12.267311,15.836315,17.765533,13.599396,11.187904,14.340313,16.077839,15.302612,14.274704,12.468342,11.897648,12.468342,12.434868,12.568703,10.865101,8.627563,8.523075,9.390537,9.407806,9.113758,8.923035,8.888317,8.749332,8.401035,9.148392,11.847122,14.126900,14.667679,15.577946,14.405884,11.526535,11.204865,12.082661,11.678528,12.133057,11.153976,9.873051,11.255722,11.408150,11.661655,12.200203,11.998611,10.933151,10.575371,9.821461,9.941792,10.711826,11.931309,14.274704,15.448486,15.010124,13.648983,13.417366,13.185173,13.830551,14.159763,13.384232,14.225464,13.533249,10.609497,9.890244,11.880806,14.847221,15.981312,15.513241,13.648983,12.434868,11.998611,11.594112,12.317612,12.635536,12.568703,11.863968,12.267311,14.159763,13.929443,13.599396,13.715046,15.529427,16.973614,15.091465,9.958965,10.421631,15.513241,15.026398,13.018955,13.085476,13.052223,13.035591,15.367474,16.654766,16.702667,17.005432,15.464684,14.209038,13.682022,13.549789,12.535263,12.602119,14.011765,14.798294,13.151951,14.028225,11.729134,10.865101,10.831066,9.907425,10.250530,11.170944,11.120033,11.357365,11.374298,11.475815,12.384636,13.367657,14.487770,14.618649,14.585953,14.504147,13.433933,11.897648,10.370338,10.643623,11.543430,11.998611,11.086086,10.079128,10.182007,10.455822,9.183022,9.061775,9.286831,9.838661,10.609497,11.221825,11.779716,12.602119,14.028225,15.026398,13.118725,10.694775,10.267654,11.052120,12.065849,12.284077,12.685638,12.735714,11.661655,10.762939,10.284771,10.267654,10.899132,11.018150,10.524147,11.340439,13.533249,15.416088,15.335041,14.159763,12.752399,11.762863,11.644768,11.695396,12.635536,12.735714,13.085476,14.553234,16.734592,16.366791,15.626457,14.765656,12.351128,11.492725,17.386341,12.216988,7.207882,7.366592,11.594112,13.764572,11.103065,9.044441,7.683289,6.960518,7.577831,9.511379,9.407806,9.044441,9.027115,8.801476,8.592743,7.876347,7.507469,7.893879,7.630577,7.472267,7.172585,6.978207,7.630577,9.217640,10.814041,11.221825,11.914482,12.032238,12.267311,11.391228,11.001148,11.981785,12.233765,11.374298,10.711826,9.597610,9.373260,9.252239,9.855862,9.958965,9.183022,9.079109,10.130581,9.787056,10.950157,12.468342,12.518532,11.323498,10.797012,10.164867,9.838661,9.165710,9.096436,9.442345,9.993317,10.147728,10.130581,10.284771,10.061974,9.304119,9.614849,10.182007,10.592438,9.735428,9.735428,9.976139,9.976139,10.455822,11.492725,11.001148,10.677727,10.865101,10.164867,9.494129,9.009773,8.331230,8.156513,9.442345,9.528633,8.766716,7.296085,7.260815,8.853588,9.407806,11.001148,11.762863,10.216270,9.044441,8.069046,7.331345,7.348972,8.731949,8.610161,8.104042,8.470791,8.662369,10.455822,13.615929,12.819115,13.516701,12.300850,10.284771,9.838661,9.838661,10.728870,13.599396,14.847221,13.002323,10.558300,9.580376,11.914482,17.164352,20.858894,19.265175,13.516701,11.577221,11.931309,11.509636,11.813431,10.677727,9.200333,10.916145,13.052223,13.467049,15.270157,15.367474,15.140236,16.318695,16.734592,15.188980,13.896488,12.535263,13.151951,12.149849,11.204865,15.156490,16.238480,13.151951,11.981785,12.485077,17.275417,20.249733,14.830910,11.069107,12.434868,12.065849,10.745911,12.585411,18.017372,18.252785,12.902435,14.553234,17.497108,13.516701,13.945911,14.307518,14.340313,14.143326,22.390778,30.040359,30.463089,22.227066,14.176193,11.526535,11.425068,12.468342,14.110455,17.718227,17.227837,16.254528,14.176193,13.880009,12.267311,13.500156,15.058941,15.464684,13.995308,17.307125,17.970207,14.781967,11.357365,7.771088,7.542656,9.009773,10.438725,11.018150,11.153976,10.882126,10.626560,10.113426,9.234943,9.304119,9.476868,9.580376,9.390537,7.876347,6.818905,6.995895,8.923035,10.113426,10.353233,9.407806,9.217640,9.804260,9.442345,9.269539,9.958965,10.524147,14.011765,26.339096,22.938835,14.438644,9.735428,8.697163,10.541225,12.902435,15.545601,15.836315,18.550014,16.109989,14.716679,14.471405,14.651337,17.797050,21.403091,21.538528,18.064510,18.487526,17.670891,26.815369,29.534439,25.604050,25.204948,19.897308,12.351128,9.752644,13.549789,23.614548,22.241959,20.843719,19.125748,16.574867,18.033096,13.962376,10.626560,10.762939,12.735714,14.011765,15.658775,18.877281,22.182350,21.598656,15.626457,11.813431,9.494129,8.523075,8.086544,8.540497,8.261383,9.563126,11.425068,11.880806,13.417366,14.209038,12.468342,12.602119,7.577831,6.179276,6.570625,8.888317,10.609497,9.890244,8.505650,7.911411,7.648148,8.243912,10.027649,10.728870,11.644768,12.602119,12.852448,14.077572,12.618832,11.543430,10.164867,8.784096,9.390537,12.535263,12.334373,14.536880,13.251579,13.615929,14.618649,14.159763,14.700352,14.159763,12.551975,12.015423,12.351128,11.340439,11.779716,12.049046,14.684017,14.684017,13.268166,13.367657,13.648983,14.438644,12.618832,11.880806,14.912418,14.225464,12.082661,9.165710,10.319000,9.649315,9.286831,9.113758,9.252239,9.958965,10.284771,9.769852,8.034035,6.552864,5.965206,6.570625,7.348972,7.999016,8.191483,7.928940,7.753536,8.731949,10.524147,11.813431,11.543430,10.677727,11.627888,19.897308,18.518776,14.765656,11.779716,10.233398,9.373260,11.035133,13.450489,13.516701,14.241875,12.200203,13.035591,14.291111,14.323921,13.085476,12.468342,12.935738,13.698540,14.438644,15.107727,14.241875,14.912418,15.820190,14.977566,13.301342,12.618832,10.848083,11.340439,14.225464,16.206375,14.405884,13.135342,11.695396,10.643623,11.035133,11.509636,11.745995,11.120033,10.677727,12.015423,13.945911,15.075207,14.077572,14.569599,15.610291,15.707230,15.237690,14.307518,14.487770,14.159763,14.077572,13.797565,13.218376,14.241875,17.227837,17.322979,16.093914,17.954483,18.017372,16.526890,14.944996,14.307518,13.467049,13.847038,15.626457,16.846222,18.892838,21.433205,21.958389,24.947159,30.212463,28.141701,22.938835,17.449657,15.091465,15.900787,19.928017,19.943367,15.836315,13.516701,12.501804,11.863968,10.950157,
12.166641,11.678528,12.334373,13.417366,13.467049,14.291111,13.978848,13.500156,12.334373,11.813431,11.577221,11.577221,11.644768,11.391228,12.183426,13.384232,14.061119,15.916897,16.494896,14.307518,12.049046,10.950157,11.323498,10.967159,10.745911,10.814041,11.120033,10.967159,9.804260,9.838661,11.830276,12.334373,11.086086,10.472908,12.200203,14.077572,12.082661,11.340439,11.847122,10.147728,8.575333,9.355976,10.472908,10.284771,10.489990,13.102104,15.172733,15.658775,12.300850,12.317612,17.449657,17.954483,15.383682,14.373108,12.852448,12.852448,13.251579,13.002323,12.384636,10.387436,9.165710,9.390537,9.459610,8.975086,8.801476,9.009773,9.407806,9.563126,8.644970,8.992432,11.611008,12.952389,14.225464,15.091465,12.485077,10.745911,12.065849,13.450489,12.635536,12.535263,10.472908,10.061974,12.418129,12.133057,11.458900,11.543430,11.914482,10.779976,10.438725,10.524147,10.643623,10.814041,11.931309,15.156490,16.590855,14.209038,14.274704,13.648983,13.945911,14.634995,14.602299,13.962376,14.520515,12.635536,10.779976,10.575371,11.627888,13.533249,14.438644,14.471405,12.668941,12.166641,12.032238,12.317612,13.433933,13.566330,12.216988,11.001148,12.735714,15.156490,15.335041,16.013500,16.045673,16.222427,16.366791,13.068855,10.779976,10.899132,14.143326,14.455032,12.468342,13.118725,13.118725,12.952389,13.665508,14.912418,15.367474,16.382813,15.075207,13.500156,13.301342,12.969040,12.250546,13.251579,14.553234,13.135342,12.183426,13.467049,11.238777,10.643623,11.018150,10.455822,9.993317,10.079128,10.814041,11.255722,10.950157,11.779716,12.719025,13.615929,15.884674,14.684017,13.483601,13.962376,14.044678,13.317928,11.931309,11.543430,12.501804,13.351086,13.301342,12.902435,12.769081,11.914482,9.752644,9.286831,9.373260,9.597610,10.130581,10.933151,11.678528,12.216988,13.896488,13.797565,10.797012,10.387436,10.916145,11.678528,12.334373,12.935738,12.952389,12.802441,11.745995,10.967159,10.421631,9.907425,9.838661,9.700993,9.528633,11.052120,14.176193,15.674923,15.237690,13.929443,13.234974,11.914482,11.035133,11.813431,12.935738,13.665508,13.483601,12.719025,13.268166,13.168564,13.085476,12.082661,11.391228,11.069107,15.997406,11.137009,6.872036,7.331345,11.001148,12.952389,10.027649,8.034035,6.978207,6.712570,8.557915,11.441990,10.182007,9.924606,9.958965,9.459610,8.992432,8.418476,8.016525,8.957737,8.226437,7.172585,7.753536,8.731949,9.286831,10.079128,10.438725,10.831066,11.425068,10.933151,11.035133,10.677727,10.541225,11.425068,11.255722,10.404537,10.233398,9.718216,9.580376,9.614849,9.769852,9.993317,8.557915,9.044441,10.831066,10.301891,10.882126,12.099461,12.535263,11.425068,10.284771,9.890244,9.890244,10.027649,10.284771,11.255722,10.899132,10.061974,9.597610,9.804260,9.683773,9.131081,9.718216,10.284771,10.507072,9.545887,9.511379,10.113426,9.752644,10.216270,10.779976,10.984158,10.745911,11.052120,10.882126,10.950157,11.204865,10.199139,8.191483,7.858810,7.595413,7.296085,6.748028,7.154926,9.217640,9.907425,11.289619,11.052120,9.321407,8.853588,8.523075,7.648148,7.858810,9.321407,9.027115,7.788635,7.946465,8.870953,10.950157,12.702332,11.880806,12.869114,14.126900,11.796577,10.643623,11.289619,10.916145,12.852448,14.176193,12.769081,10.027649,9.735428,10.745911,15.172733,19.574158,19.249695,13.433933,11.863968,11.796577,12.485077,13.995308,11.120033,8.557915,11.458900,14.373108,13.268166,14.323921,14.618649,15.091465,15.981312,15.933002,16.077839,14.830910,12.434868,13.929443,13.995308,13.978848,15.529427,14.258289,13.995308,13.978848,12.602119,12.752399,13.912971,12.300850,10.899132,12.685638,12.451607,10.933151,11.729134,14.896122,14.291111,10.984158,17.923019,20.919548,12.267311,13.218376,15.188980,17.544540,15.270157,17.702454,24.673996,27.949982,21.778732,12.602119,11.120033,14.126900,14.126900,15.367474,18.143013,16.206375,16.302662,15.464684,13.632454,12.166641,13.301342,13.995308,13.978848,12.317612,14.879829,15.561783,13.284760,9.476868,7.296085,8.016525,9.148392,10.164867,10.933151,10.421631,10.421631,10.779976,9.597610,9.009773,9.286831,9.597610,9.407806,8.662369,7.084278,7.806187,8.296310,10.319000,12.451607,12.149849,10.558300,10.301891,10.660679,9.821461,9.390537,9.907425,10.916145,16.494896,24.558655,19.450706,12.969040,9.027115,9.113758,10.233398,11.170944,11.847122,12.652241,14.389496,16.093914,13.566330,12.852448,12.535263,17.718227,24.370834,27.093933,17.370502,15.448486,17.497108,28.128021,31.156578,26.156082,25.119125,18.174385,10.353233,7.507469,10.096279,18.095917,18.143013,20.631012,24.037315,20.767830,16.462883,13.102104,10.711826,9.217640,10.643623,12.485077,14.716679,17.560349,20.493958,20.570129,15.464684,12.952389,10.421631,8.401035,7.084278,7.612995,8.957737,11.153976,11.964966,12.267311,15.513241,17.623531,14.553234,11.644768,8.470791,7.683289,7.683289,9.373260,10.319000,9.131081,7.841270,7.771088,7.595413,8.191483,9.407806,11.492725,12.267311,12.116257,11.221825,11.897648,11.035133,9.821461,8.801476,7.911411,9.390537,11.964966,11.018150,12.317612,11.204865,12.985676,13.533249,12.618832,13.301342,12.752399,12.401375,12.216988,12.250546,11.374298,11.120033,11.695396,13.102104,13.417366,11.745995,12.200203,12.869114,15.107727,12.902435,12.501804,13.549789,11.729134,10.199139,9.941792,12.015423,10.814041,9.976139,10.061974,8.749332,9.165710,9.769852,9.545887,7.384212,6.339550,6.995895,8.679768,8.801476,7.753536,7.296085,7.384212,7.999016,9.355976,11.035133,11.391228,10.592438,9.476868,11.120033,20.585358,18.877281,16.093914,12.652241,10.044807,9.425079,11.069107,13.102104,13.880009,13.450489,11.018150,11.543430,13.085476,12.985676,12.735714,14.110455,13.400806,13.533249,14.044678,14.192616,12.969040,12.702332,12.769081,12.451607,11.069107,10.027649,9.425079,10.113426,13.151951,14.993847,13.317928,12.835777,11.391228,10.933151,10.814041,10.711826,11.323498,10.933151,9.993317,10.626560,11.695396,11.001148,10.541225,12.216988,13.483601,13.334507,12.250546,10.745911,10.319000,10.438725,11.425068,11.221825,11.272675,12.216988,14.225464,14.094013,14.422272,15.723377,15.302612,13.632454,12.869114,12.702332,11.357365,10.831066,11.492725,12.468342,14.044678,15.594124,16.077839,21.252312,32.683479,34.768051,27.977402,20.096687,15.691078,14.634995,15.836315,17.148476,13.682022,11.594112,10.199139,9.425079,9.528633,
12.250546,12.166641,13.185173,13.400806,14.011765,14.471405,14.176193,13.450489,11.914482,11.103065,11.018150,11.357365,12.367878,11.981785,11.880806,13.102104,14.209038,15.707230,15.188980,13.417366,11.981785,10.797012,10.592438,10.558300,10.592438,10.967159,11.187904,10.933151,10.762939,11.577221,13.251579,12.267311,10.762939,10.233398,11.221825,12.267311,10.130581,11.255722,11.964966,10.472908,9.027115,10.044807,11.340439,11.374298,11.830276,13.632454,14.110455,12.233765,10.916145,13.433933,20.356674,20.919548,16.366791,14.225464,13.052223,13.317928,13.367657,12.735714,11.863968,10.882126,10.336117,10.182007,9.494129,9.079109,8.940388,9.286831,9.700993,9.373260,8.627563,9.183022,10.284771,11.441990,17.338821,17.005432,12.952389,11.458900,13.018955,13.549789,12.852448,11.272675,9.855862,12.317612,15.091465,13.847038,11.103065,9.804260,10.711826,10.404537,10.882126,10.728870,9.683773,10.199139,11.830276,14.209038,14.553234,14.126900,14.504147,13.251579,15.545601,17.623531,16.222427,14.765656,13.995308,12.752399,11.611008,11.069107,11.035133,12.835777,14.422272,13.945911,12.200203,11.931309,12.284077,13.334507,14.536880,12.985676,11.238777,10.916145,14.077572,16.286617,17.702454,19.989395,17.132591,16.158203,14.504147,13.533249,12.099461,12.401375,14.028225,13.317928,11.695396,12.468342,13.284760,13.549789,12.969040,13.698540,14.536880,15.221458,14.094013,12.216988,12.082661,12.099461,11.796577,12.602119,12.635536,11.509636,11.661655,12.049046,10.797012,10.984158,11.611008,11.069107,10.079128,9.373260,10.387436,11.103065,10.626560,11.035133,11.779716,13.648983,16.973614,14.536880,12.769081,13.168564,13.781071,14.159763,13.912971,13.301342,13.781071,14.961281,15.916897,16.702667,15.933002,13.797565,11.323498,10.182007,9.666546,9.907425,9.597610,10.061974,10.626560,12.367878,13.797565,12.652241,9.890244,10.061974,10.814041,12.049046,13.035591,13.384232,13.450489,12.952389,11.762863,11.323498,11.137009,10.027649,8.853588,8.575333,8.505650,10.472908,13.797565,15.771801,14.749332,12.902435,12.952389,11.981785,10.677727,11.238777,12.082661,13.467049,13.251579,10.831066,10.319000,12.267311,13.002323,12.133057,12.133057,11.391228,11.509636,8.418476,7.225533,8.016525,10.865101,12.535263,10.319000,8.174004,7.119606,7.577831,10.216270,12.082661,10.848083,10.967159,10.421631,9.976139,9.286831,8.470791,8.836220,9.286831,8.086544,7.525059,8.505650,10.182007,10.319000,9.563126,9.580376,10.336117,10.967159,10.147728,9.873051,10.319000,10.404537,10.524147,10.130581,9.941792,9.838661,9.718216,9.390537,9.563126,9.649315,9.148392,8.139027,8.749332,10.027649,9.873051,10.984158,11.695396,11.661655,10.950157,9.769852,9.217640,9.666546,10.609497,10.455822,11.221825,11.187904,10.079128,9.442345,9.373260,9.304119,8.957737,9.666546,9.511379,9.009773,9.183022,9.563126,9.804260,9.373260,9.614849,10.284771,10.984158,10.438725,10.643623,10.592438,11.964966,13.168564,11.543430,8.766716,6.995895,6.570625,6.836617,7.700855,8.069046,10.044807,11.492725,11.779716,10.558300,8.940388,8.888317,8.870953,8.208961,8.957737,9.200333,8.313774,7.296085,7.384212,9.027115,10.933151,11.526535,11.441990,11.830276,14.977566,13.549789,11.577221,11.914482,10.848083,13.251579,14.504147,12.785763,10.370338,9.907425,10.728870,14.209038,16.989529,15.610291,12.518532,12.267311,12.133057,15.642616,16.494896,9.752644,7.437057,10.916145,13.284760,11.847122,12.835777,14.143326,14.814606,15.755661,14.944996,15.205219,14.716679,13.962376,16.270573,16.638790,16.558876,16.318695,15.399883,16.398830,16.430859,15.432289,12.635536,13.168564,11.931309,11.981785,14.044678,15.042671,12.384636,11.238777,12.952389,13.002323,11.069107,15.221458,18.315449,12.919083,13.731560,14.143326,16.366791,18.346760,19.604988,21.101234,20.752632,17.227837,11.035133,10.762939,13.035591,14.928707,18.550014,16.909943,14.176193,14.977566,15.010124,14.323921,14.061119,14.241875,14.061119,11.880806,12.133057,12.434868,12.518532,11.289619,8.121536,6.836617,7.911411,9.752644,9.958965,10.079128,9.580376,9.563126,9.580376,8.784096,9.511379,9.958965,9.873051,9.407806,8.888317,8.313774,9.217640,9.700993,10.831066,12.969040,13.566330,11.137009,10.711826,11.204865,9.958965,8.992432,9.666546,11.221825,14.340313,19.141251,15.787926,12.585411,8.801476,8.505650,8.801476,9.511379,9.425079,9.373260,10.524147,12.985676,11.120033,10.984158,10.319000,16.382813,24.601929,28.591331,20.661438,17.985931,16.909943,20.203842,20.691849,16.973614,15.804058,11.272675,8.697163,8.488220,10.592438,14.634995,15.933002,22.271744,27.936256,21.958389,13.301342,10.147728,10.507072,9.890244,11.475815,12.819115,11.847122,13.234974,16.382813,17.084930,13.698540,11.408150,9.217640,7.401833,6.570625,8.435913,9.976139,11.762863,12.233765,12.183426,14.356716,15.302612,12.133057,8.644970,9.338692,9.148392,8.940388,10.762939,11.425068,10.044807,8.331230,8.714558,8.992432,9.649315,10.096279,11.052120,11.391228,11.695396,10.507072,11.408150,12.300850,11.492725,9.476868,9.511379,9.597610,9.752644,8.784096,9.442345,10.472908,12.183426,12.216988,11.221825,11.492725,11.678528,12.501804,12.518532,11.458900,10.677727,11.813431,13.682022,13.301342,11.323498,11.221825,11.830276,13.201775,14.944996,14.094013,13.880009,14.061119,12.819115,11.998611,12.267311,12.535263,11.238777,9.666546,9.355976,9.096436,9.821461,9.855862,9.252239,7.946465,7.858810,8.870953,9.563126,7.963982,5.804367,6.232731,7.154926,8.278851,9.614849,10.489990,10.643623,9.976139,9.787056,11.340439,19.218727,16.686703,15.561783,13.764572,11.323498,10.933151,11.374298,12.216988,11.779716,10.797012,9.958965,9.924606,11.035133,12.233765,13.715046,17.907284,16.925861,14.241875,13.201775,12.116257,10.831066,10.147728,10.130581,10.233398,9.838661,9.044441,8.313774,7.771088,8.557915,9.321407,9.804260,10.558300,10.164867,10.147728,9.442345,9.044441,9.234943,9.511379,8.975086,9.183022,9.252239,8.905678,8.992432,9.958965,10.814041,11.425068,11.391228,9.907425,8.731949,8.348686,9.234943,9.425079,9.855862,10.336117,11.018150,12.200203,13.632454,14.094013,13.516701,12.434868,11.964966,11.204865,10.319000,9.993317,11.035133,11.813431,12.418129,12.518532,12.149849,13.715046,20.112015,26.493561,21.658730,15.804058,13.151951,11.897648,12.099461,13.384232,11.509636,10.558300,10.438725,10.233398,11.018150,
12.668941,12.969040,13.168564,13.483601,14.126900,14.225464,13.830551,12.919083,11.086086,10.353233,10.319000,10.831066,12.468342,12.284077,12.668941,13.863529,13.682022,13.599396,13.450489,12.685638,11.830276,10.643623,10.626560,10.831066,11.357365,11.695396,11.001148,10.472908,11.035133,12.535263,14.126900,12.635536,11.627888,10.797012,10.882126,9.907425,9.545887,11.153976,12.785763,11.729134,9.769852,10.779976,12.501804,13.317928,13.665508,14.405884,14.192616,12.284077,10.814041,12.501804,19.311600,21.703751,17.970207,14.356716,13.102104,12.434868,12.133057,12.082661,11.931309,11.509636,11.069107,10.728870,9.752644,9.924606,10.216270,9.735428,9.890244,9.338692,8.957737,9.286831,9.958965,12.351128,18.908379,18.237114,13.648983,12.518532,12.585411,12.702332,11.357365,9.804260,10.472908,14.143326,16.846222,15.351257,10.507072,8.992432,10.711826,10.728870,11.187904,10.147728,9.338692,9.614849,11.255722,12.769081,13.500156,14.553234,13.483601,13.896488,17.623531,19.094734,17.132591,14.291111,13.632454,13.284760,12.200203,11.120033,11.001148,13.566330,15.270157,14.438644,12.819115,12.568703,12.969040,14.520515,13.648983,11.204865,10.301891,11.627888,14.733006,15.351257,18.612450,19.743591,16.366791,15.026398,15.156490,14.847221,13.698540,14.765656,15.058941,13.632454,12.116257,12.685638,13.566330,13.533249,12.568703,13.450489,14.373108,13.715046,12.702332,11.340439,11.137009,11.577221,11.661655,11.914482,12.735714,12.735714,12.200203,11.678528,10.609497,11.170944,12.032238,11.086086,10.301891,9.683773,11.170944,12.250546,11.069107,10.626560,11.187904,13.549789,16.366791,14.422272,13.566330,13.483601,11.948143,12.802441,14.602299,14.977566,15.399883,15.916897,17.338821,19.835854,19.048180,16.398830,13.384232,11.170944,10.387436,10.455822,9.597610,9.718216,10.455822,12.334373,13.880009,12.919083,11.187904,9.873051,10.130581,11.695396,11.712273,12.568703,13.549789,13.151951,11.745995,11.255722,11.153976,10.182007,8.453358,7.718422,7.753536,9.958965,12.719025,14.225464,13.500156,12.317612,13.284760,13.268166,11.425068,11.509636,11.644768,11.948143,11.560329,9.838661,9.563126,11.712273,13.334507,12.216988,12.149849,10.797012,9.044441,9.200333,8.731949,8.940388,9.649315,11.069107,10.267654,8.313774,7.753536,8.975086,11.323498,12.384636,11.644768,10.984158,9.907425,10.233398,10.507072,9.321407,9.494129,9.855862,8.453358,8.313774,8.523075,9.614849,10.370338,9.614849,9.321407,10.216270,10.404537,10.027649,9.855862,10.353233,10.882126,9.855862,9.683773,9.304119,9.580376,9.700993,9.649315,9.907425,9.580376,8.557915,8.069046,9.252239,9.304119,9.131081,10.524147,11.272675,11.170944,10.626560,9.718216,9.321407,9.769852,10.438725,10.164867,10.848083,11.086086,10.779976,10.182007,9.752644,9.511379,9.804260,10.079128,9.338692,9.113758,9.787056,9.838661,9.442345,9.338692,9.269539,10.199139,10.694775,10.472908,10.558300,10.882126,11.306557,11.577221,10.933151,9.183022,7.683289,6.889732,7.595413,8.592743,8.401035,9.442345,11.221825,11.729134,11.018150,9.787056,9.148392,8.731949,8.278851,9.286831,9.269539,8.139027,7.207882,7.577831,9.924606,11.272675,10.284771,9.993317,10.301891,13.500156,14.389496,12.250546,10.387436,9.269539,12.267311,14.553234,12.802441,9.442345,8.957737,9.511379,11.712273,12.719025,12.267311,13.533249,13.632454,13.168564,19.373451,19.311600,10.711826,9.061775,11.712273,11.813431,11.103065,11.847122,12.869114,13.201775,14.061119,13.450489,14.504147,14.651337,16.206375,18.706017,20.081375,18.861725,17.148476,15.820190,16.270573,15.965214,14.028225,9.941792,11.340439,11.560329,13.018955,14.011765,17.053143,15.480865,11.897648,12.418129,13.731560,12.935738,14.618649,15.804058,13.218376,13.251579,12.300850,14.863525,22.256859,20.783012,19.682014,16.430859,13.748062,10.216270,11.052120,13.433933,19.110237,20.554901,16.590855,15.868561,15.497055,15.075207,14.847221,13.384232,12.752399,12.284077,10.848083,12.166641,11.813431,12.099461,10.745911,7.999016,7.419441,7.893879,9.304119,9.666546,9.890244,9.614849,9.821461,9.131081,8.662369,10.677727,10.797012,10.164867,9.666546,9.649315,10.164867,10.061974,10.728870,10.455822,11.509636,11.745995,10.882126,10.284771,10.507072,10.164867,9.769852,9.993317,10.301891,11.408150,14.993847,12.919083,10.882126,8.714558,9.700993,9.494129,9.442345,8.975086,8.853588,9.958965,10.626560,10.199139,10.677727,10.933151,15.916897,22.241959,24.918449,19.820488,18.017372,19.404366,17.307125,13.682022,12.384636,11.391228,10.711826,10.558300,10.779976,11.408150,12.485077,13.018955,19.234207,22.107765,16.862156,10.301891,9.666546,11.391228,12.166641,13.168564,12.969040,11.998611,12.702332,14.356716,14.896122,12.284077,10.027649,7.876347,7.066605,7.999016,9.752644,10.421631,13.384232,13.467049,11.035133,10.438725,9.958965,8.418476,7.472267,9.096436,9.009773,8.488220,9.855862,11.137009,10.916145,9.563126,9.269539,10.387436,13.185173,13.168564,13.698540,12.451607,12.434868,11.964966,13.068855,13.814064,12.082661,11.458900,10.865101,8.801476,8.104042,8.296310,9.304119,11.153976,14.028225,13.351086,12.049046,10.933151,11.170944,13.351086,12.284077,10.626560,11.323498,13.334507,14.192616,12.652241,11.863968,11.745995,12.935738,15.723377,16.542885,15.221458,14.684017,14.977566,14.634995,13.764572,14.422272,14.291111,12.116257,10.284771,11.340439,12.551975,13.417366,12.065849,11.475815,10.728870,10.762939,10.438725,8.870953,6.464035,5.714912,6.072296,7.683289,8.766716,9.096436,9.855862,10.575371,10.130581,10.967159,12.485077,16.270573,14.143326,16.654766,16.925861,13.912971,12.032238,11.204865,11.187904,10.507072,9.855862,9.563126,9.563126,10.507072,11.323498,12.032238,14.471405,14.126900,12.902435,13.830551,13.500156,11.001148,10.284771,10.061974,10.660679,10.558300,9.649315,8.557915,8.226437,8.523075,8.174004,8.191483,8.243912,8.366138,7.946465,7.893879,8.470791,8.679768,9.079109,8.818848,8.313774,8.208961,8.383591,8.905678,9.027115,9.286831,9.061775,8.610161,7.893879,7.806187,7.753536,8.435913,8.540497,8.992432,9.683773,10.182007,10.575371,11.374298,12.032238,11.543430,10.933151,10.916145,10.182007,9.632080,9.597610,9.890244,10.164867,10.507072,10.027649,9.666546,10.164867,11.001148,12.719025,11.170944,10.147728,9.976139,10.250530,10.284771,10.387436,9.597610,9.787056,10.096279,11.306557,13.582870,
13.135342,12.969040,13.085476,14.258289,14.438644,13.251579,13.151951,12.032238,10.745911,9.718216,9.269539,10.319000,12.300850,12.384636,14.159763,14.684017,13.317928,12.752399,12.468342,11.289619,10.916145,10.814041,11.001148,11.543430,12.685638,12.501804,11.323498,10.336117,11.187904,13.168564,14.553234,12.885777,12.284077,11.863968,11.001148,9.787056,9.545887,11.762863,13.052223,11.914482,10.353233,12.183426,14.438644,14.977566,14.258289,13.483601,12.099461,10.933151,11.035133,11.577221,15.949108,19.481583,18.378067,15.091465,13.731560,12.501804,12.116257,12.535263,12.250546,11.357365,10.950157,10.609497,10.353233,11.441990,11.661655,10.882126,10.848083,10.010487,9.165710,9.545887,10.438725,15.010124,19.032661,15.965214,13.648983,13.102104,12.685638,11.897648,11.103065,9.907425,10.404537,13.085476,16.206375,15.351257,10.865101,9.597610,12.015423,11.577221,10.336117,10.216270,10.096279,9.373260,10.711826,11.981785,13.615929,14.455032,13.467049,15.707230,19.327065,19.388908,15.739521,13.218376,13.945911,13.995308,12.802441,11.340439,11.948143,15.383682,16.093914,15.123981,13.102104,12.869114,13.615929,14.389496,12.518532,10.745911,10.848083,13.052223,14.373108,13.632454,15.594124,16.109989,14.504147,13.863529,16.366791,15.561783,14.585953,15.529427,14.716679,14.585953,13.698540,13.085476,13.201775,12.835777,12.267311,14.225464,14.716679,13.433933,11.695396,11.086086,11.170944,11.238777,11.560329,12.602119,14.274704,14.471405,13.018955,11.526535,11.001148,12.049046,13.185173,11.880806,11.086086,10.882126,12.668941,13.035591,12.049046,11.779716,11.830276,13.102104,15.335041,15.075207,15.351257,14.061119,11.425068,10.967159,12.618832,14.455032,16.334732,16.878090,17.259556,19.620399,20.387207,18.362411,15.561783,12.752399,11.238777,10.848083,10.130581,10.113426,11.001148,12.568703,13.698540,14.110455,12.434868,9.528633,9.752644,11.204865,10.814041,11.272675,12.652241,12.802441,11.813431,11.408150,10.933151,9.924606,8.801476,7.963982,8.278851,10.489990,12.535263,13.351086,12.769081,13.317928,15.140236,15.399883,13.218376,12.216988,10.541225,9.890244,10.284771,10.267654,10.353233,12.267311,14.143326,12.752399,11.712273,10.250530,9.666546,9.597610,9.200333,8.662369,8.714558,9.511379,9.338692,8.488220,8.784096,10.728870,12.602119,13.185173,11.661655,10.694775,9.269539,11.306557,11.863968,10.301891,9.597610,9.234943,8.784096,7.981499,7.401833,8.174004,9.442345,9.580376,9.511379,10.079128,10.865101,10.267654,10.233398,10.489990,10.694775,9.580376,8.383591,8.348686,8.992432,9.355976,9.735428,10.216270,9.649315,8.627563,8.383591,9.597610,9.269539,8.992432,10.079128,10.848083,11.103065,10.626560,9.838661,9.804260,10.113426,10.250530,10.455822,10.933151,11.204865,11.238777,10.797012,10.438725,10.438725,11.086086,10.950157,10.694775,11.560329,11.577221,10.353233,9.735428,9.528633,9.373260,10.113426,10.558300,10.524147,10.677727,10.779976,10.507072,10.233398,10.096279,8.644970,7.542656,7.683289,8.610161,8.801476,8.505650,8.488220,9.545887,10.472908,10.728870,10.677727,9.769852,8.888317,8.488220,10.164867,10.950157,8.714558,7.753536,8.401035,10.984158,10.762939,9.752644,9.614849,10.831066,12.952389,13.500156,11.931309,9.907425,9.407806,9.976139,11.594112,9.597610,8.104042,8.679768,10.643623,10.933151,10.745911,11.729134,14.044678,13.962376,13.284760,16.446873,14.618649,10.336117,11.863968,13.880009,13.731560,14.323921,12.985676,11.998611,11.611008,12.300850,13.201775,15.253925,15.820190,16.925861,17.322979,18.877281,18.986076,17.670891,15.723377,16.862156,14.993847,12.334373,10.044807,10.096279,11.678528,13.533249,13.978848,15.480865,16.846222,14.471405,13.384232,14.094013,13.962376,15.739521,14.258289,12.082661,11.931309,13.251579,16.398830,24.587509,21.267395,19.141251,15.820190,14.733006,10.916145,11.018150,15.335041,21.553566,19.712807,16.894020,15.010124,14.585953,15.771801,15.739521,13.234974,12.233765,11.357365,11.948143,14.438644,12.535263,11.391228,10.044807,9.993317,9.597610,8.435913,9.321407,9.683773,9.528633,9.459610,10.096279,9.528633,8.697163,9.632080,10.250530,9.907425,9.976139,9.873051,11.391228,10.626560,10.233398,9.183022,9.165710,9.890244,10.694775,10.113426,10.113426,10.250530,10.182007,9.838661,9.096436,8.905678,10.130581,9.821461,9.666546,9.804260,12.233765,10.848083,9.217640,8.766716,8.766716,8.697163,9.494129,9.838661,10.882126,11.255722,12.200203,15.416088,17.227837,15.852440,15.981312,17.481293,18.518776,17.291267,14.471405,13.168564,13.384232,11.153976,9.009773,8.575333,9.079109,11.796577,15.771801,16.061756,11.272675,10.130581,12.735714,15.107727,16.542885,16.574867,14.928707,13.863529,13.018955,14.504147,15.026398,12.250546,11.001148,9.304119,8.940388,9.113758,9.511379,9.890244,13.384232,14.291111,11.998611,10.831066,11.221825,10.370338,9.200333,9.234943,8.505650,8.453358,9.321407,10.950157,12.267311,10.882126,9.700993,10.592438,14.667679,16.862156,17.702454,15.577946,13.367657,12.602119,12.200203,10.779976,10.779976,12.568703,12.200203,9.958965,9.304119,10.199139,11.745995,13.483601,16.622818,15.674923,12.652241,10.882126,12.551975,13.102104,12.384636,11.120033,11.306557,12.652241,12.769081,11.238777,11.357365,11.729134,13.085476,15.026398,16.318695,15.933002,15.561783,16.382813,15.188980,14.504147,15.884674,14.011765,13.168564,11.931309,15.513241,17.196098,18.378067,13.002323,11.678528,11.035133,10.575371,9.855862,8.766716,7.313717,6.392914,6.748028,8.278851,8.731949,8.488220,9.096436,10.660679,10.472908,9.924606,11.594112,12.719025,12.401375,14.176193,18.565624,14.765656,11.779716,9.993317,9.597610,9.234943,9.442345,9.597610,10.353233,10.797012,10.626560,10.677727,10.524147,9.821461,9.390537,9.924606,10.558300,9.632080,9.666546,10.779976,11.577221,12.451607,11.221825,10.061974,9.563126,9.217640,8.470791,8.121536,8.540497,7.928940,7.401833,7.788635,9.355976,9.649315,9.165710,8.435913,8.156513,8.156513,8.749332,9.009773,8.940388,8.836220,8.714558,7.928940,7.190231,7.260815,7.735977,8.610161,8.766716,8.505650,8.714558,9.252239,9.183022,8.870953,9.131081,9.459610,9.148392,9.165710,8.662369,8.801476,9.079109,9.165710,9.131081,8.523075,8.174004,8.435913,8.853588,9.528633,9.941792,9.061775,9.338692,9.528633,9.614849,9.200333,8.940388,8.679768,9.234943,9.511379,10.387436,11.255722,
13.863529,12.852448,13.334507,14.373108,13.781071,12.250546,12.116257,11.695396,11.035133,9.407806,8.627563,9.941792,11.830276,12.869114,14.993847,15.026398,13.185173,12.250546,11.035133,9.769852,10.370338,11.052120,11.560329,12.685638,14.077572,13.896488,13.102104,11.509636,11.441990,13.351086,14.863525,12.719025,12.451607,11.931309,10.301891,9.545887,10.216270,11.695396,12.568703,10.882126,11.137009,13.268166,14.209038,12.568703,10.865101,10.319000,10.472908,10.933151,11.391228,12.551975,14.274704,16.286617,16.590855,15.091465,13.168564,11.526535,11.509636,12.032238,11.306557,11.391228,10.814041,11.153976,11.695396,12.852448,12.233765,11.880806,11.678528,10.147728,9.580376,10.096279,10.609497,14.307518,16.222427,13.962376,13.483601,13.284760,13.002323,13.118725,12.032238,10.096279,10.096279,11.594112,13.797565,13.218376,11.391228,11.391228,13.301342,10.967159,9.545887,11.272675,10.660679,9.580376,10.507072,11.729134,13.068855,14.765656,15.981312,19.835854,22.746735,19.897308,14.061119,12.752399,14.356716,15.172733,14.110455,12.082661,12.719025,14.553234,15.626457,14.225464,12.149849,12.149849,12.485077,12.602119,11.374298,11.086086,12.233765,13.962376,13.847038,12.267311,12.652241,13.863529,13.400806,12.869114,14.241875,13.582870,13.814064,15.058941,14.209038,14.373108,14.143326,13.698540,13.102104,12.233765,12.334373,14.961281,14.749332,14.373108,12.535263,11.678528,12.652241,12.568703,12.183426,13.781071,15.026398,14.602299,13.748062,13.334507,12.819115,13.218376,13.599396,12.819115,12.351128,11.830276,13.185173,12.819115,12.668941,13.185173,13.450489,13.533249,14.569599,15.610291,15.416088,13.533249,11.086086,10.831066,11.120033,12.451607,15.658775,17.891544,18.346760,18.892838,19.079224,18.534397,16.622818,14.110455,12.183426,11.492725,11.255722,10.404537,10.745911,11.137009,12.785763,13.912971,11.289619,9.183022,9.855862,10.831066,10.933151,10.967159,11.289619,11.897648,11.964966,11.863968,11.204865,9.787056,9.234943,9.390537,9.769852,11.069107,12.819115,14.094013,13.268166,13.549789,16.013500,16.494896,15.156490,13.135342,9.958965,8.557915,9.958965,11.509636,11.018150,11.813431,14.274704,13.018955,11.323498,10.096279,9.666546,9.563126,8.975086,8.435913,9.113758,9.752644,8.818848,8.975086,10.524147,12.183426,12.367878,12.317612,10.797012,9.804260,9.061775,10.199139,11.103065,9.752644,9.373260,9.200333,8.749332,8.069046,7.278450,7.137272,8.069046,8.853588,9.718216,10.711826,11.492725,10.967159,10.660679,10.267654,9.718216,8.662369,8.016525,8.208961,8.697163,8.975086,9.390537,9.425079,8.957737,8.731949,8.540497,9.459610,9.649315,9.873051,9.993317,10.301891,11.221825,10.541225,9.476868,9.718216,10.061974,9.873051,10.010487,10.336117,11.086086,11.644768,11.170944,9.683773,9.718216,10.899132,11.425068,12.969040,14.209038,12.535263,11.204865,10.814041,10.182007,10.558300,10.130581,9.890244,9.873051,10.472908,10.421631,10.027649,9.511379,9.252239,8.174004,7.419441,8.121536,9.494129,9.476868,8.714558,8.016525,8.470791,9.511379,9.355976,9.735428,9.597610,10.267654,10.336117,14.569599,14.241875,8.348686,7.665718,8.992432,10.455822,10.745911,10.199139,9.027115,10.967159,11.964966,11.255722,11.052120,9.924606,10.027649,9.649315,9.735428,8.679768,8.905678,10.079128,12.367878,11.745995,10.370338,12.015423,13.978848,12.468342,12.384636,12.501804,10.933151,10.660679,13.151951,15.042671,17.005432,18.518776,16.494896,12.485077,11.340439,13.582870,16.270573,17.639320,18.503151,18.861725,17.812809,16.013500,14.765656,15.497055,15.852440,14.602299,12.819115,13.995308,11.998611,10.779976,10.370338,12.082661,14.225464,13.516701,15.383682,15.448486,12.401375,13.317928,14.536880,14.077572,11.712273,11.408150,11.458900,13.665508,16.574867,25.018860,20.676643,20.295578,18.643650,14.733006,11.069107,10.438725,16.670738,22.018173,17.623531,15.335041,13.582870,14.126900,14.192616,14.634995,13.533249,12.802441,11.627888,14.143326,17.639320,13.533249,12.015423,11.678528,12.015423,10.027649,8.086544,9.632080,9.804260,9.511379,9.165710,9.425079,9.666546,9.459610,9.718216,11.069107,10.694775,10.267654,10.507072,13.334507,12.032238,10.130581,8.766716,8.401035,8.940388,9.580376,9.752644,10.250530,9.993317,9.683773,9.269539,8.296310,8.296310,8.957737,9.476868,9.494129,10.199139,10.967159,10.061974,9.476868,8.505650,8.435913,8.627563,9.183022,9.545887,10.319000,10.711826,10.284771,11.594112,13.764572,15.156490,15.561783,16.061756,16.174263,17.211967,16.302662,14.765656,12.116257,9.217640,7.031254,6.854328,7.893879,9.787056,12.451607,12.635536,10.489990,12.317612,15.674923,18.393715,17.781296,17.875805,16.366791,13.566330,12.183426,13.168564,12.635536,11.729134,10.797012,10.113426,8.644970,8.610161,8.975086,9.563126,12.518532,15.868561,14.258289,10.489990,10.421631,11.204865,10.575371,10.044807,8.870953,8.662369,9.614849,12.585411,12.384636,10.797012,9.666546,9.580376,12.149849,16.846222,20.035400,18.612450,13.880009,12.233765,11.981785,10.694775,9.907425,12.835777,14.781967,11.560329,10.984158,11.492725,12.250546,12.267311,13.978848,15.448486,14.455032,11.289619,11.830276,11.661655,11.221825,10.472908,10.575371,11.391228,12.418129,12.267311,11.998611,11.796577,10.933151,11.137009,12.635536,14.716679,15.755661,17.639320,15.221458,13.847038,12.869114,11.813431,13.715046,13.797565,16.590855,16.013500,16.061756,10.626560,9.476868,9.769852,10.575371,10.899132,11.221825,10.387436,8.836220,8.592743,9.890244,9.459610,8.505650,9.079109,9.907425,10.164867,10.301891,12.284077,12.618832,12.518532,13.433933,16.398830,13.912971,10.541225,9.425079,9.079109,9.079109,9.009773,9.718216,11.391228,12.032238,11.255722,10.199139,8.644970,8.575333,8.923035,9.769852,9.614849,9.061775,9.096436,8.975086,9.769852,9.804260,9.148392,8.662369,8.261383,7.858810,8.156513,7.999016,8.470791,8.261383,8.034035,8.731949,9.165710,8.853588,8.505650,8.208961,8.261383,8.383591,9.200333,9.476868,9.476868,9.269539,9.234943,8.104042,7.225533,7.048931,7.577831,8.975086,9.390537,8.610161,8.383591,8.505650,8.069046,7.771088,8.174004,8.592743,8.383591,8.191483,8.401035,8.383591,8.784096,9.131081,8.905678,7.489868,7.172585,7.260815,8.366138,8.627563,8.453358,8.575333,8.731949,8.766716,8.905678,8.401035,8.104042,8.348686,9.061775,9.373260,9.563126,11.204865,
13.400806,12.668941,13.035591,13.945911,13.284760,12.585411,12.300850,12.049046,11.323498,9.614849,8.278851,9.958965,12.317612,13.201775,14.863525,14.553234,12.835777,11.847122,10.455822,10.164867,11.408150,12.049046,12.418129,13.433933,15.529427,16.973614,16.174263,12.752399,10.984158,13.433933,14.749332,12.785763,11.863968,9.769852,9.061775,9.958965,11.695396,12.451607,12.032238,10.677727,10.575371,11.796577,11.729134,11.289619,10.044807,10.061974,11.153976,11.306557,11.543430,13.334507,14.110455,13.018955,13.582870,12.952389,11.543430,10.831066,10.984158,11.560329,11.441990,12.351128,11.441990,12.769081,13.880009,13.467049,12.284077,11.543430,10.831066,10.164867,10.233398,10.216270,10.814041,13.102104,13.929443,13.648983,12.835777,12.618832,13.516701,13.632454,12.334373,10.848083,9.890244,9.459610,11.120033,12.869114,13.500156,12.885777,13.698540,10.507072,9.924606,11.272675,10.507072,9.407806,10.592438,11.745995,13.118725,15.513241,22.791122,25.561401,25.575623,17.781296,11.863968,12.602119,14.422272,16.302662,15.367474,12.049046,11.998611,13.118725,14.504147,13.201775,12.015423,11.897648,11.611008,11.255722,11.170944,11.779716,13.582870,14.438644,13.018955,11.712273,11.830276,13.268166,13.085476,11.458900,11.644768,11.762863,12.735714,14.274704,14.094013,13.151951,13.599396,13.648983,13.301342,12.082661,11.661655,12.852448,13.847038,15.723377,13.945911,12.919083,15.755661,16.590855,13.533249,13.052223,13.483601,12.685638,13.533249,15.432289,15.723377,14.716679,14.143326,14.373108,13.945911,14.225464,14.209038,12.518532,13.052223,14.143326,14.126900,12.551975,13.002323,14.863525,15.626457,13.052223,11.306557,11.255722,11.103065,11.981785,14.487770,17.069038,18.923927,18.550014,17.528736,18.268456,16.718632,14.602299,13.549789,13.863529,12.802441,10.472908,10.575371,10.779976,12.485077,12.250546,9.890244,9.355976,10.301891,11.238777,11.880806,11.306557,11.306557,11.847122,12.099461,12.166641,11.255722,9.873051,9.735428,10.438725,10.762939,11.847122,13.665508,14.307518,13.085476,12.702332,14.159763,14.912418,14.749332,14.077572,10.626560,8.505650,10.370338,11.712273,10.728870,12.819115,14.602299,12.668941,11.255722,10.524147,10.061974,10.353233,10.455822,9.079109,9.373260,9.545887,9.079109,10.694775,12.852448,12.752399,11.880806,10.848083,9.580376,8.401035,8.348686,8.836220,8.888317,8.836220,8.905678,9.061775,9.545887,9.200333,7.981499,7.348972,7.876347,8.435913,9.614849,10.814041,11.594112,11.323498,11.103065,9.976139,9.096436,9.113758,8.818848,9.442345,9.855862,9.752644,9.545887,8.818848,8.888317,9.148392,8.679768,9.545887,10.147728,10.182007,9.442345,9.563126,10.541225,10.319000,9.061775,9.200333,9.442345,9.355976,9.286831,10.592438,10.933151,11.543430,11.018150,8.957737,8.836220,9.632080,11.695396,14.928707,14.733006,12.769081,12.065849,12.351128,11.981785,12.250546,10.967159,9.355976,9.442345,10.267654,10.267654,9.821461,9.269539,9.528633,8.836220,7.876347,8.697163,10.609497,10.899132,9.286831,8.226437,8.749332,9.873051,8.905678,8.714558,10.199139,12.401375,12.652241,15.707230,14.879829,8.435913,7.753536,8.731949,9.821461,8.975086,8.644970,8.784096,10.387436,10.404537,10.199139,9.890244,9.528633,9.976139,10.182007,10.301891,10.113426,9.787056,10.301891,12.216988,11.187904,10.626560,12.099461,13.847038,12.384636,11.796577,12.702332,11.475815,12.216988,13.748062,15.026398,19.466148,23.453537,19.327065,12.885777,11.762863,15.026398,18.158703,20.798195,23.950050,22.375916,19.666618,15.755661,11.052120,13.615929,15.723377,13.698540,14.389496,15.658775,13.234974,11.408150,10.250530,12.351128,14.765656,13.068855,13.185173,12.819115,10.455822,11.086086,12.015423,11.238777,10.967159,10.370338,10.882126,13.201775,15.981312,24.947159,20.188553,18.518776,20.828552,13.995308,10.370338,11.391228,19.497025,20.904388,16.174263,14.487770,13.433933,14.487770,12.852448,12.551975,13.151951,13.450489,13.002323,14.716679,18.064510,14.176193,14.061119,14.028225,11.086086,9.096436,9.304119,10.541225,10.455822,10.387436,9.217640,9.113758,10.113426,11.543430,12.284077,11.847122,11.762863,10.797012,12.200203,17.528736,15.933002,11.897648,9.286831,7.876347,7.577831,8.418476,9.407806,10.967159,10.284771,9.373260,8.435913,8.331230,8.331230,9.096436,9.425079,8.888317,9.079109,9.200333,10.216270,9.855862,9.442345,9.666546,11.204865,11.272675,9.993317,9.666546,10.044807,10.421631,11.035133,13.599396,17.322979,18.346760,16.558876,15.707230,15.432289,13.615929,12.852448,11.086086,9.061775,8.226437,7.841270,8.888317,9.597610,11.069107,12.919083,14.455032,16.414852,16.830284,18.659248,19.203239,17.021339,15.383682,12.852448,10.848083,11.492725,11.762863,11.745995,9.821461,8.940388,7.981499,6.889732,7.489868,8.383591,10.113426,12.551975,11.560329,9.044441,9.700993,10.660679,8.801476,8.697163,8.243912,7.735977,9.061775,12.032238,11.847122,11.153976,9.700993,9.787056,10.984158,14.716679,16.526890,16.606838,12.551975,10.319000,9.855862,9.459610,9.993317,11.678528,13.351086,10.592438,10.711826,11.779716,11.611008,10.387436,11.001148,12.133057,12.702332,10.541225,10.301891,9.907425,9.735428,9.855862,9.735428,10.027649,10.626560,11.830276,13.830551,13.450489,12.300850,11.204865,11.594112,13.467049,14.389496,15.075207,13.731560,11.560329,10.113426,10.421631,12.635536,13.168564,13.549789,12.015423,11.779716,9.511379,8.749332,8.627563,9.494129,9.976139,10.728870,10.472908,8.801476,9.286831,9.632080,9.321407,8.418476,9.632080,11.441990,12.015423,12.099461,13.085476,12.485077,12.735714,13.052223,12.451607,10.831066,9.286831,8.957737,9.200333,9.632080,9.545887,10.353233,11.948143,12.267311,11.408150,10.438725,9.890244,10.199139,10.660679,11.187904,10.626560,9.958965,9.009773,8.296310,8.121536,8.418476,8.174004,7.718422,7.771088,7.612995,7.630577,7.858810,8.278851,8.505650,8.523075,8.523075,8.051544,8.226437,8.331230,8.313774,8.383591,8.453358,8.923035,9.476868,9.632080,9.752644,9.545887,8.592743,7.560242,7.419441,7.981499,8.940388,8.731949,8.435913,8.383591,8.488220,8.697163,8.261383,8.034035,7.911411,7.823730,7.858810,7.928940,7.999016,8.644970,8.836220,8.418476,7.031254,7.084278,7.718422,8.016525,8.104042,8.121536,8.296310,8.086544,8.051544,7.806187,7.489868,7.718422,8.016525,8.592743,9.183022,9.821461,11.745995,
12.317612,12.685638,13.035591,13.797565,13.582870,13.085476,12.551975,12.284077,10.762939,8.853588,8.226437,10.899132,13.201775,13.218376,13.748062,13.912971,12.952389,12.300850,11.018150,11.018150,12.082661,11.611008,11.880806,13.615929,16.302662,17.749767,17.718227,13.467049,10.933151,13.566330,14.176193,13.085476,11.255722,9.459610,9.321407,11.391228,12.250546,12.216988,11.170944,9.752644,9.735428,10.592438,12.049046,13.118725,10.541225,10.421631,12.183426,11.661655,12.116257,13.929443,13.251579,11.018150,10.899132,11.221825,10.984158,10.933151,11.086086,11.560329,12.501804,13.648983,12.869114,14.405884,15.335041,13.929443,11.441990,10.113426,9.804260,10.027649,9.907425,9.666546,10.694775,12.233765,13.218376,12.769081,11.391228,11.374298,12.334373,12.719025,12.418129,11.509636,9.976139,8.575333,9.787056,13.002323,14.569599,13.151951,13.665508,10.745911,10.353233,11.323498,9.924606,9.269539,10.814041,11.357365,12.015423,16.686703,24.544228,25.561401,18.487526,11.391228,11.255722,13.351086,14.291111,18.346760,17.180225,12.367878,11.204865,13.052223,13.500156,12.719025,12.200203,12.835777,13.516701,12.267311,11.998611,13.168564,13.847038,13.599396,11.863968,12.166641,11.475815,12.166641,11.931309,11.204865,11.441990,11.255722,11.796577,13.814064,13.880009,13.168564,14.011765,13.334507,13.665508,11.863968,10.916145,11.103065,12.902435,16.334732,15.221458,15.691078,22.122688,21.718758,14.585953,13.317928,12.065849,10.010487,12.317612,15.900787,17.749767,16.366791,15.820190,17.418003,19.017136,18.284119,15.707230,12.200203,13.201775,14.110455,11.678528,10.660679,12.802441,14.977566,14.536880,11.931309,11.391228,11.357365,11.998611,13.615929,14.455032,14.585953,15.577946,16.526890,15.691078,17.180225,16.878090,14.684017,13.317928,13.896488,12.685638,10.507072,11.001148,11.644768,12.835777,12.551975,11.069107,9.855862,10.455822,11.762863,13.085476,12.300850,11.560329,12.233765,12.216988,12.049046,11.577221,10.096279,9.373260,9.838661,10.967159,12.685638,13.301342,13.516701,12.133057,11.729134,12.233765,12.835777,13.847038,13.814064,11.391228,9.511379,11.272675,12.082661,11.018150,13.035591,13.599396,12.216988,11.425068,10.762939,10.848083,12.535263,13.334507,10.507072,9.442345,8.697163,9.907425,12.652241,13.682022,13.201775,12.015423,10.438725,9.079109,7.823730,8.016525,7.577831,7.542656,8.016525,8.261383,8.610161,10.164867,10.524147,9.286831,7.876347,7.788635,8.697163,9.614849,10.216270,10.745911,11.052120,10.814041,10.455822,10.079128,10.831066,11.137009,12.351128,11.847122,11.611008,10.745911,9.821461,9.700993,9.009773,8.401035,9.390537,10.455822,9.958965,8.801476,8.644970,9.165710,9.632080,9.096436,8.992432,9.252239,9.390537,9.338692,11.272675,10.558300,11.543430,11.153976,9.183022,8.818848,8.923035,11.391228,14.241875,13.978848,13.351086,12.468342,13.367657,13.978848,14.651337,11.458900,9.563126,9.217640,10.609497,10.899132,10.250530,9.338692,9.580376,9.545887,8.749332,9.061775,10.558300,10.779976,9.321407,8.139027,8.418476,9.425079,8.523075,9.113758,12.267311,13.234974,13.450489,18.111610,13.068855,9.718216,9.234943,8.488220,8.016525,7.437057,7.665718,9.941792,10.575371,9.407806,8.870953,8.766716,9.079109,10.233398,10.814041,11.120033,10.882126,10.199139,11.204865,13.731560,12.418129,11.644768,12.685638,13.682022,13.168564,13.400806,15.432289,13.483601,14.209038,14.896122,15.221458,18.565624,23.570671,18.095917,13.168564,11.745995,15.335041,18.892838,25.575623,28.781113,23.935493,19.342529,14.536880,10.626560,14.977566,17.418003,14.618649,13.500156,14.061119,13.185173,12.952389,13.268166,15.091465,14.863525,12.719025,12.735714,12.032238,10.797012,10.404537,10.541225,11.627888,12.635536,11.340439,11.458900,12.752399,17.623531,25.390533,20.402458,15.302612,19.280655,13.201775,10.284771,12.602119,18.752762,19.419815,15.188980,14.422272,12.685638,13.052223,12.384636,12.535263,13.764572,13.912971,13.632454,14.077572,15.075207,15.140236,15.787926,13.847038,11.306557,10.933151,12.216988,11.695396,12.351128,11.897648,10.284771,9.838661,10.779976,14.438644,14.192616,11.796577,11.238777,10.660679,13.135342,20.356674,19.450706,13.433933,10.421631,8.051544,6.499577,7.260815,8.992432,10.882126,10.694775,10.079128,9.234943,8.905678,9.113758,9.338692,9.511379,8.069046,8.435913,8.836220,9.597610,9.044441,9.683773,9.993317,12.032238,12.384636,9.958965,9.373260,9.321407,10.455822,11.306557,12.468342,17.100819,18.143013,16.382813,15.205219,14.569599,14.028225,11.948143,10.745911,9.494129,8.679768,8.766716,8.870953,9.494129,10.643623,13.500156,16.925861,18.690430,17.591946,16.190327,17.923019,16.414852,12.501804,12.133057,10.370338,10.455822,11.272675,11.357365,10.147728,8.992432,7.507469,6.570625,7.190231,7.771088,8.784096,11.526535,10.797012,10.010487,9.735428,9.494129,7.753536,8.348686,8.592743,8.139027,9.217640,10.233398,10.541225,10.301891,9.804260,10.027649,10.044807,12.401375,12.685638,12.418129,10.507072,9.580376,9.148392,9.304119,10.061974,10.199139,8.923035,7.648148,7.841270,9.252239,9.941792,10.387436,11.813431,12.300850,12.015423,10.643623,10.164867,9.614849,9.769852,9.735428,9.407806,9.407806,10.353233,13.118725,16.510895,14.011765,13.929443,12.501804,11.745995,12.819115,13.185173,13.748062,12.735714,10.147728,9.993317,10.694775,10.541225,11.204865,11.374298,9.941792,9.373260,9.476868,9.044441,8.766716,8.644970,8.557915,9.338692,9.563126,8.523075,8.853588,8.905678,8.383591,8.557915,9.700993,12.351128,13.500156,13.301342,13.417366,13.234974,13.615929,13.764572,11.475815,10.130581,9.494129,9.165710,9.683773,10.216270,11.103065,11.695396,11.981785,11.998611,11.509636,10.609497,11.238777,11.678528,12.384636,12.785763,12.116257,10.421631,9.373260,8.697163,8.313774,7.858810,7.595413,7.172585,7.331345,7.823730,7.911411,8.540497,9.787056,10.010487,9.528633,8.610161,8.121536,7.893879,7.893879,8.191483,8.505650,8.488220,9.061775,9.649315,10.061974,10.182007,10.079128,9.614849,8.714558,8.069046,8.208961,8.331230,8.470791,8.435913,8.296310,8.278851,8.139027,7.718422,7.243172,7.207882,7.507469,7.437057,7.472267,7.595413,7.823730,7.542656,7.348972,7.595413,7.946465,7.946465,7.999016,7.999016,7.806187,8.104042,7.823730,7.278450,7.313717,7.348972,7.560242,7.700855,7.823730,8.749332,9.890244,11.897648,
12.082661,13.764572,13.483601,13.797565,13.533249,12.518532,11.492725,11.187904,9.338692,8.975086,9.165710,11.661655,14.602299,14.471405,14.061119,14.438644,14.143326,14.011765,12.099461,11.357365,11.644768,10.609497,11.018150,12.551975,14.798294,16.654766,17.891544,14.077572,11.661655,12.668941,13.433933,13.268166,11.204865,9.821461,10.284771,11.340439,11.441990,10.609497,9.804260,8.610161,8.940388,10.096279,14.159763,15.464684,11.847122,11.035133,11.964966,11.170944,12.049046,14.520515,14.258289,12.166641,10.831066,10.130581,9.597610,9.976139,10.660679,11.408150,13.715046,14.847221,13.002323,12.451607,13.068855,12.952389,10.626560,9.976139,9.855862,10.147728,9.752644,10.199139,11.594112,11.914482,12.602119,12.317612,11.153976,10.455822,11.577221,13.068855,13.102104,12.418129,9.958965,8.121536,9.165710,12.835777,13.566330,12.551975,13.400806,10.865101,10.882126,10.899132,9.511379,9.649315,10.882126,11.340439,12.082661,17.607742,20.980156,16.126068,11.948143,10.130581,12.015423,13.945911,14.373108,19.589577,18.205757,12.835777,12.149849,13.068855,13.483601,12.568703,13.068855,15.270157,17.875805,14.323921,12.902435,14.814606,13.880009,12.819115,12.317612,12.267311,11.272675,11.238777,11.931309,11.948143,11.830276,11.762863,11.863968,13.764572,15.820190,15.286385,14.700352,13.682022,14.176193,11.813431,10.250530,9.958965,12.200203,15.399883,15.610291,21.403091,28.618484,23.306854,13.715046,15.091465,12.451607,9.200333,11.001148,14.340313,16.830284,15.545601,15.707230,18.237114,19.974052,19.712807,15.804058,12.065849,12.551975,11.357365,10.113426,11.255722,13.068855,13.748062,12.969040,11.560329,11.323498,11.830276,12.935738,15.221458,15.010124,12.752399,12.032238,13.351086,14.323921,16.526890,17.781296,17.354664,16.045673,14.077572,11.425068,10.762939,11.103065,12.082661,14.011765,14.291111,11.779716,9.459610,9.666546,11.441990,13.748062,12.618832,10.626560,12.099461,13.035591,12.082661,11.458900,10.044807,9.217640,9.355976,11.069107,12.351128,12.935738,12.015423,11.238777,11.492725,12.418129,13.582870,14.830910,15.529427,14.176193,11.897648,11.475815,11.001148,10.933151,11.931309,11.475815,11.170944,11.813431,11.762863,11.492725,14.011765,15.432289,11.035133,9.061775,8.051544,11.001148,13.467049,13.847038,13.251579,11.204865,9.649315,8.975086,7.648148,7.806187,6.783474,6.179276,6.995895,7.665718,8.905678,10.831066,11.221825,10.916145,9.113758,8.662369,9.597610,10.130581,9.718216,9.993317,11.408150,11.170944,10.882126,10.916145,11.594112,11.914482,13.284760,12.702332,12.166641,11.458900,11.086086,10.472908,8.766716,7.928940,9.373260,10.609497,10.130581,8.923035,8.453358,8.505650,9.044441,9.200333,9.131081,9.924606,9.958965,9.752644,10.660679,9.700993,11.408150,11.661655,10.353233,10.233398,9.355976,10.284771,12.952389,14.323921,14.389496,13.168564,14.585953,15.107727,13.929443,10.575371,9.563126,9.252239,11.425068,12.535263,10.507072,8.905678,8.401035,9.425079,9.079109,8.331230,9.009773,9.855862,9.459610,8.121536,7.999016,8.523075,8.714558,11.644768,14.553234,12.116257,14.487770,18.048801,12.233765,11.880806,11.441990,9.941792,7.876347,7.963982,8.470791,10.541225,10.301891,8.975086,7.893879,8.121536,8.261383,10.113426,11.458900,11.560329,11.204865,11.187904,12.585411,13.632454,13.467049,11.897648,12.652241,13.417366,13.880009,14.438644,17.037239,14.765656,15.140236,15.787926,16.077839,16.494896,18.440628,15.172733,14.094013,13.682022,16.478889,21.312653,29.037743,27.218910,20.904388,16.606838,11.441990,14.061119,19.635811,15.884674,11.509636,10.524147,12.065849,15.042671,14.520515,16.670738,16.638790,12.401375,12.166641,13.648983,13.201775,11.712273,10.950157,10.814041,11.289619,12.902435,13.018955,13.085476,13.151951,16.206375,23.702225,19.419815,11.661655,13.317928,12.401375,11.357365,15.270157,20.020065,18.221436,13.880009,13.599396,11.272675,10.882126,11.644768,11.712273,13.516701,13.814064,14.323921,14.225464,13.018955,12.935738,14.863525,14.373108,13.896488,13.549789,13.731560,12.819115,13.962376,13.035591,12.267311,12.133057,14.011765,14.798294,13.698540,11.897648,11.678528,11.813431,13.863529,20.524437,22.062988,15.739521,14.405884,8.278851,6.836617,8.156513,9.718216,10.984158,11.153976,10.660679,10.010487,9.373260,9.304119,9.632080,9.027115,7.928940,8.016525,9.096436,9.286831,8.470791,9.373260,9.752644,10.507072,11.069107,9.752644,8.731949,9.821461,12.133057,11.931309,11.187904,11.526535,12.885777,14.749332,14.716679,13.417366,12.535263,10.831066,10.882126,9.148392,7.893879,8.366138,8.697163,9.252239,9.907425,12.719025,15.432289,16.190327,15.302612,13.201775,13.068855,13.715046,10.814041,11.712273,10.660679,10.199139,10.164867,10.541225,10.010487,8.801476,7.542656,7.331345,7.648148,7.753536,7.963982,10.044807,9.976139,10.061974,9.321407,8.766716,7.665718,7.207882,7.384212,8.104042,9.632080,10.113426,9.528633,9.407806,9.528633,9.494129,10.044807,11.729134,12.166641,11.204865,9.563126,9.009773,8.731949,10.164867,10.541225,9.338692,7.260815,7.101940,7.278450,8.627563,10.216270,11.425068,11.560329,11.306557,11.611008,11.661655,11.120033,10.779976,10.967159,10.233398,9.804260,9.632080,11.627888,16.382813,16.334732,12.099461,12.351128,13.085476,12.635536,12.618832,12.485077,12.668941,11.187904,10.096279,10.421631,11.204865,10.814041,11.086086,10.967159,9.666546,9.597610,10.061974,9.976139,10.096279,10.353233,10.079128,9.200333,9.752644,9.373260,8.139027,8.104042,7.876347,8.331230,8.905678,10.541225,12.351128,13.251579,13.417366,13.317928,12.685638,11.847122,10.404537,10.130581,10.061974,10.455822,10.916145,11.035133,10.899132,11.357365,11.678528,11.847122,11.847122,11.914482,13.698540,13.632454,12.485077,12.384636,11.137009,10.370338,10.113426,9.321407,8.418476,7.612995,7.296085,6.960518,6.907440,7.507469,8.401035,9.890244,10.061974,10.370338,9.855862,8.662369,8.121536,7.823730,7.683289,8.226437,8.888317,9.113758,9.407806,9.666546,9.924606,9.666546,9.941792,9.804260,9.597610,8.679768,7.963982,7.735977,7.735977,7.946465,7.771088,7.472267,7.260815,7.048931,7.031254,7.384212,7.419441,7.348972,7.348972,7.437057,7.031254,7.243172,7.612995,7.753536,7.911411,7.911411,7.928940,7.928940,7.525059,7.648148,7.437057,7.331345,7.525059,7.928940,8.348686,8.086544,7.612995,7.841270,9.079109,10.950157,
13.483601,15.042671,14.192616,13.168564,12.284077,9.804260,9.061775,9.407806,8.784096,9.528633,8.870953,10.711826,15.302612,15.949108,14.977566,15.771801,16.446873,16.702667,13.483601,11.204865,11.255722,10.061974,10.182007,11.661655,13.698540,14.814606,15.123981,12.635536,11.695396,12.200203,13.284760,13.433933,11.678528,10.541225,10.882126,10.779976,10.061974,9.390537,8.905678,8.470791,8.836220,10.472908,17.259556,17.449657,12.082661,11.086086,10.916145,10.609497,12.685638,15.464684,15.836315,14.110455,10.916145,9.597610,9.183022,9.200333,9.752644,11.560329,14.044678,14.977566,12.183426,9.027115,9.649315,10.541225,9.632080,9.907425,10.336117,10.779976,10.267654,11.577221,13.945911,12.233765,12.200203,12.367878,11.340439,10.336117,12.317612,14.094013,13.962376,12.702332,9.683773,7.911411,9.234943,12.049046,12.015423,11.931309,13.002323,10.199139,10.301891,10.899132,10.010487,10.489990,11.441990,11.661655,12.233765,14.912418,14.504147,12.885777,11.678528,10.779976,13.018955,13.945911,15.739521,19.527885,17.954483,14.651337,14.192616,14.634995,14.814606,13.334507,14.061119,16.814339,19.758972,14.993847,14.143326,15.107727,14.684017,13.516701,12.568703,12.468342,11.830276,12.116257,12.785763,12.351128,12.618832,13.566330,12.869114,14.814606,17.069038,16.142136,14.814606,13.682022,13.962376,12.149849,10.524147,9.941792,11.577221,13.863529,15.949108,23.935493,27.977402,18.033096,12.401375,15.723377,12.852448,9.838661,11.644768,13.135342,13.566330,12.935738,13.185173,15.221458,16.334732,15.804058,13.317928,11.086086,10.404537,9.735428,10.061974,11.425068,13.168564,13.317928,11.897648,11.137009,11.611008,12.317612,13.301342,15.723377,15.221458,12.485077,10.916145,12.099461,13.400806,16.654766,21.673737,22.033112,20.310860,15.836315,11.762863,11.035133,11.086086,12.351128,14.340313,14.340313,11.981785,9.890244,9.442345,12.885777,15.107727,12.149849,9.924606,11.847122,14.389496,12.518532,10.643623,10.694775,9.873051,9.752644,10.950157,11.897648,12.367878,11.729134,11.627888,12.485077,13.135342,14.896122,16.574867,17.639320,17.433830,14.471405,11.627888,10.353233,10.779976,10.745911,9.804260,9.958965,12.367878,13.334507,11.863968,13.417366,13.814064,10.643623,8.016525,7.981499,10.797012,13.433933,14.274704,13.648983,11.323498,9.907425,9.373260,8.557915,8.313774,5.571625,5.302444,6.268349,7.419441,9.009773,10.848083,11.577221,11.998611,10.882126,10.489990,10.524147,10.044807,9.373260,10.284771,11.543430,11.323498,10.882126,10.319000,10.660679,10.848083,12.317612,12.835777,11.981785,11.830276,12.250546,10.609497,8.226437,8.261383,9.958965,11.323498,11.340439,10.061974,8.870953,8.366138,8.523075,8.957737,9.528633,10.592438,10.507072,10.745911,11.001148,9.079109,10.558300,11.644768,11.425068,11.306557,10.147728,10.779976,12.952389,14.504147,15.933002,16.973614,16.574867,15.723377,12.735714,9.683773,8.435913,8.957737,11.120033,12.284077,10.130581,8.261383,8.139027,8.992432,8.313774,7.700855,9.269539,9.993317,10.182007,9.113758,8.296310,8.174004,9.183022,13.102104,13.317928,12.099461,15.237690,14.847221,12.735714,13.218376,13.450489,11.931309,10.113426,11.170944,10.541225,10.421631,10.353233,9.096436,8.679768,8.383591,8.348686,10.164867,11.964966,12.468342,12.418129,12.769081,12.518532,12.216988,11.745995,10.779976,10.933151,11.998611,13.582870,14.291111,15.933002,14.143326,13.814064,15.367474,16.446873,15.691078,14.504147,14.602299,17.623531,17.828564,18.892838,25.390533,26.127884,20.524437,16.894020,13.797565,10.933151,16.750549,23.877251,14.765656,9.511379,9.079109,12.952389,17.402172,16.302662,16.077839,13.748062,10.660679,11.729134,14.405884,15.042671,13.847038,12.952389,11.931309,11.120033,11.170944,12.133057,14.405884,14.061119,17.021339,20.326126,16.846222,10.882126,11.340439,12.819115,12.099461,14.961281,17.370502,14.667679,13.052223,13.118725,11.069107,10.728870,12.551975,12.200203,12.735714,14.602299,15.448486,13.731560,12.551975,11.863968,14.323921,13.102104,13.384232,15.253925,16.398830,15.949108,17.781296,17.702454,16.590855,15.626457,14.912418,14.487770,12.267311,12.300850,13.317928,14.192616,14.634995,18.331108,21.463310,17.307125,19.063705,9.355976,7.806187,9.459610,11.137009,11.153976,11.170944,10.728870,10.489990,9.597610,9.009773,9.907425,8.766716,7.963982,8.278851,9.941792,10.250530,8.174004,9.044441,9.580376,9.528633,9.494129,9.666546,9.373260,14.044678,14.585953,11.475815,9.580376,9.165710,9.787056,10.609497,12.551975,11.374298,10.524147,10.353233,10.489990,8.453358,7.683289,8.104042,8.610161,9.838661,10.728870,12.551975,14.928707,16.126068,14.373108,13.185173,10.916145,10.558300,10.694775,12.015423,11.509636,10.472908,10.284771,10.558300,10.044807,9.252239,8.505650,8.261383,7.841270,7.489868,7.119606,7.384212,8.697163,10.061974,10.199139,9.459610,8.418476,7.683289,7.419441,7.612995,7.981499,8.016525,7.946465,7.577831,8.051544,8.575333,10.592438,12.250546,12.334373,11.204865,10.626560,9.597610,9.890244,11.441990,12.300850,10.370338,7.858810,7.771088,8.557915,10.233398,10.984158,11.170944,10.182007,10.147728,12.216988,14.455032,12.668941,13.018955,12.317612,10.609497,10.199139,10.728870,13.582870,17.576149,13.450489,11.408150,11.577221,12.367878,12.719025,12.116257,13.135342,13.284760,12.835777,12.835777,12.384636,11.762863,10.694775,9.528633,9.355976,9.096436,9.804260,10.711826,9.752644,10.199139,11.340439,11.830276,11.745995,11.374298,10.626560,8.174004,7.472267,7.735977,8.731949,9.407806,9.838661,9.838661,10.643623,11.762863,11.830276,10.558300,9.821461,9.425079,9.597610,10.370338,12.216988,12.015423,10.984158,10.301891,10.626560,11.644768,12.300850,12.769081,13.863529,13.632454,13.268166,11.897648,11.035133,10.643623,10.899132,12.885777,11.779716,9.597610,8.331230,7.665718,6.889732,5.643291,5.661201,7.753536,9.907425,10.267654,9.821461,8.853588,8.191483,7.665718,7.542656,7.542656,8.505650,8.679768,9.113758,9.027115,9.183022,9.234943,8.766716,8.697163,9.286831,9.304119,8.992432,7.893879,7.542656,7.858810,7.893879,7.806187,7.911411,7.876347,8.034035,7.858810,7.507469,7.788635,7.612995,7.630577,7.384212,7.313717,7.630577,7.472267,7.489868,7.278450,7.013577,6.925133,6.801193,6.499577,6.907440,6.960518,7.137272,7.665718,8.243912,9.009773,8.992432,7.472267,7.401833,7.771088,8.453358,
13.068855,16.286617,14.863525,11.813431,9.373260,7.084278,7.401833,8.034035,8.331230,8.662369,6.836617,8.592743,13.035591,14.912418,13.615929,14.307518,16.702667,18.111610,13.995308,11.120033,11.221825,9.804260,10.010487,11.137009,11.981785,12.351128,12.685638,11.981785,12.015423,12.133057,13.052223,11.948143,10.575371,11.796577,12.384636,11.611008,9.545887,8.644970,8.888317,8.016525,7.841270,10.711826,17.607742,14.241875,10.967159,11.712273,10.438725,9.993317,12.485077,15.156490,15.916897,13.781071,11.221825,10.336117,10.438725,9.993317,9.752644,11.137009,12.935738,14.061119,11.796577,8.610161,9.407806,9.338692,9.096436,10.575371,11.458900,12.049046,11.272675,13.698540,16.029587,12.819115,11.069107,11.543430,11.391228,10.797012,12.785763,14.126900,13.533249,11.830276,9.442345,8.453358,10.079128,11.137009,10.967159,11.492725,12.317612,10.216270,10.626560,11.661655,11.306557,12.099461,11.695396,11.492725,11.712273,13.018955,12.535263,12.099461,12.065849,12.250546,15.010124,14.520515,16.382813,19.094734,16.734592,15.416088,15.771801,17.148476,16.526890,14.585953,15.058941,16.430859,17.938759,14.896122,14.094013,15.383682,15.997406,14.094013,12.585411,12.535263,12.852448,13.317928,13.615929,13.135342,15.221458,15.900787,13.797565,14.389496,16.654766,15.884674,12.785763,13.500156,14.716679,13.929443,11.594112,10.319000,11.847122,14.192616,16.654766,21.868614,20.585358,13.367657,12.985676,15.610291,13.201775,12.334373,15.075207,12.835777,12.032238,12.568703,13.483601,14.323921,13.995308,12.518532,11.762863,9.890244,9.459610,9.632080,9.286831,10.797012,13.317928,13.748062,12.367878,11.830276,12.802441,12.902435,13.068855,14.225464,14.569599,12.719025,10.967159,11.425068,12.702332,17.021339,21.327736,21.131470,19.620399,15.399883,10.814041,10.916145,11.255722,12.216988,12.819115,13.417366,13.549789,12.133057,11.238777,12.485077,14.438644,12.133057,10.130581,13.417366,14.993847,12.869114,10.831066,11.391228,10.096279,10.061974,10.164867,10.916145,11.458900,11.745995,13.102104,14.438644,13.516701,15.026398,15.965214,17.243698,18.581238,16.686703,12.719025,11.238777,11.289619,10.113426,8.923035,9.200333,11.425068,13.516701,12.434868,12.133057,11.441990,10.797012,8.348686,8.139027,9.373260,12.935738,14.455032,14.143326,11.627888,10.233398,9.183022,8.836220,8.069046,6.000916,6.072296,6.730297,7.542656,8.488220,9.683773,11.120033,12.618832,11.796577,11.120033,10.916145,9.563126,9.079109,9.821461,10.387436,10.507072,10.113426,9.580376,9.838661,10.643623,12.451607,13.118725,12.535263,12.099461,12.702332,10.336117,8.366138,8.784096,9.890244,11.543430,12.099461,11.086086,9.597610,9.217640,9.597610,9.304119,9.787056,10.626560,11.560329,12.585411,11.255722,8.714558,10.096279,11.255722,11.492725,11.813431,12.082661,12.985676,14.307518,16.909943,19.974052,20.066055,16.350758,14.700352,11.813431,8.766716,7.665718,7.928940,8.557915,10.010487,9.649315,9.924606,8.627563,8.749332,8.453358,7.806187,9.528633,9.614849,9.993317,9.683773,9.632080,9.200333,10.387436,12.233765,10.762939,12.501804,12.719025,11.052120,12.032238,11.813431,12.082661,12.250546,15.997406,18.659248,14.094013,10.370338,9.890244,9.614849,9.838661,8.679768,8.488220,9.286831,10.779976,11.475815,12.166641,12.885777,12.384636,10.507072,10.677727,10.779976,10.831066,11.137009,12.935738,16.446873,16.989529,14.684017,13.068855,18.674843,19.897308,18.048801,13.301342,14.504147,20.676643,18.393715,20.096687,22.997841,17.607742,17.639320,18.721603,16.862156,13.665508,15.318825,24.051849,16.574867,9.373260,10.677727,15.351257,18.456272,15.933002,14.028225,11.745995,9.993317,10.660679,13.118725,15.820190,15.610291,14.307518,13.135342,11.847122,11.644768,11.627888,13.715046,14.553234,17.116711,16.973614,14.192616,13.500156,14.504147,12.635536,11.661655,12.685638,13.682022,13.962376,13.632454,13.450489,12.485077,13.682022,14.585953,13.384232,13.135342,15.221458,15.286385,13.500156,13.896488,11.644768,12.082661,12.183426,14.602299,17.797050,16.318695,16.093914,18.237114,18.095917,16.510895,14.536880,12.183426,12.802441,13.052223,15.205219,16.174263,15.010124,13.814064,15.253925,17.844315,17.607742,20.326126,9.924606,8.383591,9.890244,11.204865,10.267654,10.592438,10.728870,11.847122,10.250530,9.009773,9.476868,9.355976,8.627563,8.766716,9.286831,9.735428,7.841270,7.981499,8.243912,8.296310,8.766716,9.494129,10.336117,13.384232,12.685638,9.700993,8.714558,8.627563,9.009773,9.683773,10.147728,9.009773,8.905678,9.528633,9.563126,8.557915,8.435913,8.331230,8.540497,10.319000,11.526535,14.225464,16.446873,16.622818,14.569599,13.301342,10.267654,10.130581,11.577221,12.166641,11.560329,10.387436,10.694775,11.255722,10.814041,10.848083,9.993317,9.131081,8.818848,7.981499,7.243172,7.137272,7.507469,9.804260,10.984158,9.735428,8.208961,7.542656,7.366592,7.507469,7.419441,7.683289,9.165710,8.261383,7.419441,7.963982,9.373260,10.489990,11.695396,11.475815,11.745995,10.848083,11.745995,12.099461,12.485077,10.472908,8.435913,8.226437,9.390537,10.592438,10.797012,12.334373,11.745995,10.916145,11.813431,13.168564,11.981785,13.500156,13.367657,11.948143,11.323498,11.695396,12.434868,13.301342,10.353233,11.627888,13.018955,14.077572,15.852440,12.902435,13.781071,14.863525,16.478889,17.259556,15.594124,13.582870,11.863968,9.855862,9.442345,8.818848,9.545887,10.130581,8.888317,8.331230,9.096436,10.130581,10.061974,10.865101,11.289619,10.164867,9.009773,8.697163,9.286831,9.355976,9.079109,8.784096,8.923035,10.284771,10.762939,9.924606,8.870953,8.853588,9.252239,10.507072,12.869114,13.085476,11.594112,10.728870,10.728870,11.830276,13.268166,13.896488,14.733006,14.749332,13.682022,12.568703,11.425068,11.052120,12.835777,14.798294,13.168564,10.575371,9.044441,7.648148,5.176598,4.780113,5.230549,7.630577,9.890244,10.336117,10.404537,9.390537,7.893879,7.366592,7.331345,7.437057,8.453358,8.714558,8.940388,8.801476,9.027115,9.683773,9.597610,9.009773,9.044441,8.975086,8.905678,8.208961,8.313774,8.505650,9.217640,8.731949,8.853588,8.610161,8.714558,8.679768,8.226437,8.331230,8.418476,7.876347,7.190231,7.172585,7.489868,7.154926,6.872036,6.161457,5.947346,5.410194,5.122616,5.643291,6.107971,6.535103,6.995895,7.595413,7.560242,7.507469,7.260815,6.357342,6.214916,6.303955,6.054455,
11.475815,12.969040,11.391228,8.662369,6.659363,5.911625,6.410706,6.392914,6.517342,6.552864,5.050598,6.018761,9.425079,11.594112,11.120033,11.187904,12.652241,13.417366,10.507072,9.373260,9.890244,9.061775,9.355976,9.976139,11.137009,12.183426,12.852448,12.485077,11.745995,11.594112,11.847122,10.199139,10.061974,13.599396,14.340313,11.441990,8.139027,7.806187,8.086544,7.753536,7.119606,10.130581,12.434868,10.113426,10.984158,10.967159,8.366138,8.818848,11.729134,14.879829,16.925861,16.093914,13.268166,12.334373,12.401375,10.626560,8.313774,9.269539,12.082661,13.715046,12.367878,10.916145,10.370338,9.269539,10.182007,12.317612,13.632454,14.044678,13.334507,14.618649,15.755661,11.998611,9.924606,11.052120,11.830276,11.611008,12.568703,12.952389,11.863968,10.660679,10.387436,10.147728,10.147728,10.575371,10.353233,11.238777,10.507072,9.976139,11.391228,12.919083,12.468342,12.618832,11.611008,11.170944,11.594112,12.065849,12.200203,13.334507,13.367657,12.635536,14.602299,13.301342,14.651337,16.462883,15.820190,16.382813,17.765533,18.001652,16.973614,14.389496,16.109989,17.259556,15.188980,12.602119,13.433933,15.561783,14.471405,13.500156,12.166641,12.668941,13.715046,13.863529,13.847038,14.258289,16.670738,16.045673,12.985676,13.035591,14.798294,14.716679,12.785763,13.995308,15.900787,14.765656,12.535263,11.611008,13.764572,15.804058,15.771801,16.302662,14.896122,14.487770,16.414852,18.111610,14.225464,17.211967,19.032661,13.764572,13.351086,15.237690,16.334732,15.205219,13.682022,11.712273,11.441990,9.131081,8.627563,9.338692,9.355976,11.103065,14.520515,14.274704,13.268166,13.251579,14.258289,14.126900,12.869114,12.702332,13.334507,12.317612,11.001148,10.728870,11.830276,15.933002,17.891544,16.462883,14.291111,12.501804,10.609497,10.745911,11.745995,12.635536,12.602119,15.058941,17.860062,18.861725,15.577946,13.085476,12.300850,11.948143,10.779976,11.796577,12.735714,12.200203,10.848083,10.472908,9.718216,9.545887,10.267654,10.882126,10.899132,11.998611,14.569599,15.916897,14.405884,15.091465,15.351257,15.610291,17.544540,16.750549,14.781967,13.615929,11.509636,9.044441,8.749332,9.131081,10.711826,12.367878,12.835777,11.323498,10.797012,11.069107,9.131081,8.644970,8.296310,11.964966,15.221458,14.863525,11.998611,10.044807,9.269539,9.252239,7.753536,7.137272,7.525059,7.648148,8.296310,7.963982,8.801476,11.069107,12.518532,11.914482,10.950157,10.182007,9.131081,8.923035,8.940388,9.632080,10.216270,9.787056,9.304119,9.873051,11.712273,14.455032,13.797565,13.615929,12.384636,12.082661,9.752644,8.836220,8.766716,9.459610,11.069107,12.401375,11.577221,9.735428,10.164867,11.086086,10.404537,10.711826,11.153976,12.334373,12.401375,9.890244,8.679768,10.353233,11.475815,11.272675,12.802441,16.622818,16.174263,16.654766,18.550014,20.280304,18.846176,14.944996,12.418129,10.865101,8.261383,7.753536,7.560242,7.296085,8.383591,9.700993,10.130581,9.131081,9.027115,8.575333,8.348686,8.818848,8.766716,9.735428,10.660679,11.847122,10.916145,12.652241,13.715046,10.831066,13.648983,11.796577,10.489990,10.984158,10.061974,11.611008,14.356716,19.435257,20.127319,14.504147,10.353233,9.563126,10.079128,10.575371,8.069046,7.243172,7.296085,9.390537,10.113426,11.187904,12.250546,12.250546,10.541225,10.916145,10.541225,11.425068,11.543430,12.969040,17.812809,20.050720,16.654766,13.500156,16.782452,19.728195,18.237114,11.627888,15.577946,18.939468,13.748062,15.497055,14.487770,13.268166,19.527885,24.472038,20.691849,17.021339,15.691078,20.142639,18.221436,10.472908,11.272675,16.222427,17.607742,14.044678,10.882126,9.855862,9.252239,10.609497,11.762863,14.896122,16.878090,17.148476,17.037239,15.949108,14.618649,12.785763,11.729134,10.762939,12.032238,12.434868,15.286385,16.222427,15.529427,12.032238,12.652241,13.351086,13.764572,14.504147,13.847038,13.912971,14.716679,15.836315,15.949108,13.962376,14.356716,16.077839,14.438644,15.091465,14.520515,11.880806,10.865101,13.467049,17.148476,16.350758,14.585953,14.553234,14.159763,13.151951,11.374298,9.976139,9.838661,13.218376,15.852440,21.598656,21.297577,16.013500,12.233765,12.451607,13.549789,15.804058,17.084930,9.632080,8.505650,10.199139,10.558300,9.683773,10.711826,11.712273,12.568703,11.137009,9.459610,9.373260,9.234943,9.563126,9.993317,8.470791,8.139027,7.981499,8.366138,9.113758,8.069046,8.383591,9.787056,9.907425,10.933151,9.924606,9.649315,9.941792,9.044441,9.200333,9.407806,8.905678,8.435913,8.644970,8.731949,8.296310,8.348686,8.731949,8.714558,9.373260,11.204865,11.475815,12.969040,13.896488,13.317928,11.509636,11.289619,10.660679,11.306557,12.752399,12.585411,11.441990,10.370338,11.357365,12.819115,12.384636,13.814064,12.919083,10.524147,9.580376,9.234943,8.662369,7.525059,7.348972,7.981499,8.418476,7.981499,7.946465,7.735977,7.928940,8.957737,9.027115,8.975086,10.267654,9.131081,7.665718,7.366592,8.191483,10.079128,12.434868,12.183426,12.317612,11.914482,12.065849,11.661655,11.492725,10.301891,8.313774,7.981499,8.156513,9.855862,10.882126,11.931309,12.618832,11.103065,11.340439,11.678528,11.678528,13.052223,13.433933,13.102104,11.594112,11.340439,10.404537,9.907425,9.787056,12.652241,15.367474,19.017136,18.440628,13.962376,11.813431,12.902435,18.033096,19.032661,17.037239,14.044678,12.300850,10.267654,9.511379,9.700993,10.660679,11.425068,9.321407,9.234943,9.407806,9.545887,8.836220,10.113426,11.069107,10.558300,10.370338,10.489990,11.577221,10.950157,9.407806,9.009773,8.853588,9.804260,10.592438,9.958965,9.407806,9.027115,9.476868,11.695396,13.533249,15.351257,12.985676,11.391228,10.677727,10.916145,12.685638,12.317612,12.685638,13.317928,13.566330,13.632454,13.781071,13.648983,15.156490,14.389496,12.985676,11.391228,10.489990,7.612995,5.661201,5.481972,7.066605,9.113758,10.455822,10.609497,10.336117,9.614849,7.981499,7.119606,6.801193,6.588379,7.419441,8.313774,8.870953,8.627563,8.731949,9.890244,10.182007,9.907425,9.252239,8.888317,8.418476,8.261383,8.435913,8.957737,9.234943,9.009773,8.749332,8.749332,8.662369,8.592743,8.714558,8.226437,7.841270,6.995895,6.694839,6.889732,6.907440,6.659363,6.107971,5.464031,5.086613,4.834267,4.689812,5.014572,5.194580,5.589546,5.804367,5.858009,5.392242,5.212570,5.158604,5.356339,5.338371,5.140610,4.888393,
7.119606,7.401833,6.570625,5.732807,5.356339,5.338371,5.428139,5.050598,4.707874,4.436539,4.563248,5.410194,7.154926,8.784096,8.784096,8.366138,8.191483,8.957737,8.278851,8.191483,8.243912,8.174004,8.697163,10.164867,12.133057,12.149849,12.116257,11.762863,11.204865,10.831066,10.353233,9.061775,10.541225,13.863529,13.201775,9.425079,6.730297,7.048931,8.540497,8.313774,7.101940,7.472267,7.718422,8.540497,10.044807,9.009773,7.876347,8.034035,10.933151,15.188980,20.631012,20.463470,16.622818,14.323921,14.192616,9.873051,6.517342,8.592743,13.035591,15.432289,14.667679,13.234974,11.170944,9.407806,10.284771,12.685638,14.536880,16.142136,16.270573,16.270573,14.487770,10.284771,9.390537,11.018150,12.317612,12.518532,13.052223,12.082661,10.609497,10.216270,10.267654,10.677727,11.238777,11.289619,10.284771,10.027649,9.976139,9.718216,12.082661,13.367657,12.233765,11.914482,11.103065,11.187904,11.458900,12.200203,12.969040,13.962376,13.682022,11.627888,11.374298,11.948143,14.044678,15.318825,16.270573,16.077839,16.494896,16.814339,15.156490,15.707230,19.450706,18.221436,13.151951,11.086086,12.602119,14.602299,14.455032,12.015423,11.391228,12.535263,13.367657,13.731560,14.487770,15.642616,17.021339,15.513241,12.618832,12.065849,14.094013,15.237690,15.383682,16.510895,16.973614,14.487770,12.969040,12.869114,16.061756,16.398830,13.764572,12.885777,13.962376,15.884674,20.004730,20.737442,16.430859,22.375916,20.631012,14.258289,15.852440,18.033096,18.095917,16.702667,14.504147,12.501804,11.762863,8.870953,8.435913,9.614849,10.541225,13.599396,14.667679,13.731560,13.500156,14.258289,15.497055,16.654766,13.648983,12.551975,12.702332,11.813431,10.472908,10.677727,11.813431,15.140236,15.997406,14.176193,11.526535,11.289619,11.374298,12.317612,12.418129,12.384636,13.384232,19.358002,23.833527,24.240509,20.661438,14.176193,10.984158,11.543430,11.408150,11.018150,11.289619,11.306557,10.147728,9.718216,9.355976,9.907425,12.334373,11.762863,10.916145,11.695396,14.356716,15.156490,14.684017,14.765656,14.684017,15.674923,16.973614,16.542885,17.069038,15.610291,12.250546,9.597610,9.131081,9.632080,10.284771,11.627888,12.200203,10.728870,10.455822,11.204865,9.200333,8.383591,7.963982,12.869114,15.205219,14.323921,11.543430,10.404537,10.626560,9.855862,8.191483,7.630577,7.612995,8.488220,8.662369,7.331345,8.383591,10.284771,11.475815,11.187904,10.967159,10.113426,9.614849,9.373260,9.718216,10.421631,11.069107,11.086086,10.745911,11.577221,14.077572,16.782452,15.981312,15.010124,13.500156,12.969040,11.644768,10.609497,10.216270,10.575371,11.560329,12.133057,11.035133,9.286831,9.735428,11.509636,11.374298,11.627888,11.543430,11.729134,11.543430,10.421631,9.079109,11.103065,13.218376,12.935738,15.286385,20.096687,17.891544,16.718632,16.414852,14.912418,15.058941,13.978848,11.762863,10.027649,7.401833,7.577831,7.665718,7.595413,8.174004,8.557915,9.614849,9.545887,9.113758,8.731949,8.731949,8.766716,9.234943,9.890244,10.950157,12.819115,12.602119,13.615929,12.802441,11.475815,15.383682,12.250546,10.455822,10.061974,9.838661,11.509636,14.011765,16.350758,15.900787,12.785763,10.319000,9.958965,10.284771,9.425079,8.610161,7.595413,7.858810,9.511379,10.728870,13.317928,14.291111,13.118725,11.306557,11.627888,10.762939,11.035133,12.015423,13.400806,16.254528,18.064510,15.933002,14.487770,15.270157,15.561783,14.241875,10.592438,13.002323,13.814064,12.401375,14.258289,11.272675,11.813431,16.558876,20.188553,18.033096,17.781296,18.284119,17.512928,16.973614,10.848083,10.677727,15.691078,17.907284,16.830284,11.509636,9.217640,9.649315,11.526535,10.916145,14.143326,18.612450,19.897308,19.620399,18.503151,16.973614,14.487770,9.632080,9.286831,10.779976,12.585411,15.739521,16.782452,13.234974,12.233765,14.044678,13.549789,13.201775,12.468342,12.769081,13.516701,14.618649,16.989529,20.004730,16.558876,16.174263,17.655106,17.227837,17.985931,14.536880,12.049046,12.015423,14.209038,15.933002,14.896122,16.670738,15.529427,13.417366,10.507072,8.435913,8.069046,8.923035,11.678528,15.318825,19.805107,22.539307,17.497108,12.099461,10.779976,11.931309,14.814606,14.307518,10.044807,8.731949,10.353233,10.438725,9.683773,10.370338,11.526535,11.847122,11.340439,10.130581,8.992432,9.217640,9.407806,10.199139,8.174004,7.981499,8.331230,9.269539,10.541225,9.165710,9.061775,9.752644,8.853588,8.784096,8.766716,10.353233,11.458900,9.993317,9.269539,9.234943,9.304119,9.976139,9.494129,8.366138,7.946465,8.488220,10.010487,10.130581,10.575371,12.032238,12.015423,13.351086,12.969040,12.065849,10.096279,10.882126,11.052120,10.660679,11.035133,10.984158,11.340439,11.678528,13.102104,15.091465,14.749332,14.781967,13.665508,12.082661,10.916145,10.507072,10.096279,10.010487,8.975086,8.383591,8.034035,7.928940,8.383591,8.418476,8.992432,9.632080,9.580376,9.700993,10.061974,9.304119,8.208961,7.753536,9.252239,11.729134,13.648983,12.652241,12.719025,12.183426,11.813431,11.779716,11.103065,10.421631,8.888317,8.714558,7.946465,10.216270,12.719025,12.015423,13.929443,13.301342,12.769081,13.268166,12.685638,13.814064,15.188980,15.107727,12.719025,11.441990,11.018150,10.916145,10.882126,13.102104,17.132591,20.646225,18.783913,14.438644,10.728870,11.018150,14.536880,16.029587,15.091465,13.201775,11.272675,9.442345,9.148392,10.438725,11.137009,11.069107,9.683773,9.752644,10.096279,9.442345,11.796577,13.118725,11.678528,9.804260,9.390537,11.594112,12.082661,11.796577,10.507072,10.643623,10.643623,10.797012,11.170944,10.216270,10.182007,9.924606,10.010487,11.357365,12.133057,13.962376,12.935738,12.116257,10.660679,10.455822,11.408150,11.695396,12.568703,11.964966,12.183426,12.166641,13.830551,14.373108,14.094013,13.301342,14.126900,13.467049,11.238777,8.383591,7.013577,6.978207,8.139027,9.976139,9.649315,9.407806,9.269539,8.957737,7.700855,6.960518,6.392914,6.659363,7.753536,8.470791,8.174004,8.051544,8.383591,9.563126,10.164867,9.459610,8.523075,8.679768,8.592743,8.174004,8.383591,8.957737,8.488220,8.243912,8.749332,9.183022,8.853588,7.963982,7.366592,6.836617,6.907440,6.072296,6.232731,6.428486,5.983063,5.464031,4.888393,4.563248,4.798172,4.870358,5.068611,5.104614,5.392242,5.428139,4.870358,4.653660,4.472755,4.816223,4.762062,5.194580,5.212570,5.284477,4.581333,
5.625381,5.589546,5.338371,5.140610,5.230549,5.356339,5.158604,4.671738,4.581333,4.617508,5.158604,5.553699,6.375134,7.348972,8.086544,7.331345,6.446259,6.268349,6.570625,6.641617,6.765751,7.454662,8.540497,12.367878,13.566330,12.568703,11.981785,11.712273,10.421631,9.425079,8.853588,8.139027,9.234943,11.086086,10.370338,8.470791,7.260815,8.627563,9.563126,8.697163,7.137272,5.947346,5.732807,7.331345,8.749332,8.243912,6.428486,6.659363,9.873051,15.949108,20.585358,21.508453,18.299789,16.558876,16.254528,9.993317,6.303955,8.801476,14.634995,16.702667,16.382813,14.274704,11.340439,8.992432,9.476868,11.526535,13.433933,15.836315,17.433830,17.116711,13.400806,10.010487,9.373260,11.475815,13.599396,13.698540,13.218376,11.577221,9.873051,9.338692,10.728870,12.451607,12.351128,12.133057,10.677727,9.027115,9.079109,9.425079,12.216988,13.201775,11.103065,11.069107,10.916145,11.611008,12.233765,12.535263,13.317928,13.615929,12.869114,10.762939,10.950157,12.685638,12.969040,13.648983,15.561783,14.307518,14.438644,16.925861,17.275417,19.481583,21.357887,17.354664,12.485077,11.018150,12.183426,13.533249,13.814064,12.099461,11.931309,11.964966,13.035591,14.520515,14.749332,17.211967,19.758972,16.973614,13.351086,11.729134,14.126900,17.322979,19.481583,18.518776,16.398830,14.061119,13.185173,13.995308,16.878090,15.739521,11.627888,11.543430,13.400806,16.430859,20.858894,19.743591,18.939468,24.109955,19.404366,16.093914,15.933002,17.243698,18.095917,16.766499,14.569599,12.935738,12.735714,9.769852,8.731949,9.494129,11.543430,13.151951,13.599396,11.897648,12.367878,14.487770,15.997406,18.908379,14.781967,13.880009,13.648983,11.948143,11.221825,10.694775,12.618832,15.674923,15.140236,12.935738,11.289619,11.847122,13.234974,13.234974,11.897648,11.492725,13.284760,18.892838,23.159866,23.964600,20.004730,13.715046,11.644768,11.611008,12.149849,11.526535,11.577221,10.745911,9.752644,9.941792,9.528633,11.153976,15.026398,13.334507,10.916145,11.594112,13.018955,14.110455,14.847221,14.667679,14.389496,16.238480,17.449657,16.013500,17.132591,15.205219,11.998611,10.370338,10.044807,10.113426,10.250530,10.831066,10.916145,10.284771,10.147728,11.357365,8.801476,7.260815,8.401035,11.813431,13.135342,12.434868,10.933151,11.272675,11.035133,9.079109,8.086544,7.753536,8.401035,10.182007,9.148392,7.823730,9.976139,10.370338,10.387436,10.370338,10.609497,10.694775,10.660679,11.086086,11.931309,11.813431,12.535263,12.418129,12.384636,14.389496,17.021339,20.050720,18.892838,17.433830,15.642616,14.879829,13.945911,12.267311,13.068855,12.116257,11.796577,12.015423,11.001148,9.528633,9.494129,11.069107,11.492725,12.183426,11.170944,11.069107,11.897648,11.830276,10.404537,12.451607,15.836315,15.933002,17.053143,19.001602,16.045673,15.787926,15.383682,13.384232,13.185173,14.028225,12.952389,9.373260,6.942829,7.013577,7.384212,8.313774,8.453358,8.644970,9.528633,9.494129,9.027115,8.923035,9.234943,9.252239,9.993317,9.373260,10.353233,12.735714,13.995308,12.785763,12.216988,12.216988,15.852440,11.880806,10.592438,9.752644,11.509636,13.830551,14.977566,16.013500,14.044678,11.170944,10.284771,9.890244,10.387436,9.407806,9.735428,10.387436,11.001148,10.387436,11.543430,15.075207,15.432289,13.533249,11.644768,10.933151,11.678528,12.250546,12.969040,12.769081,12.065849,11.796577,12.919083,13.582870,13.284760,12.351128,11.391228,10.353233,11.880806,12.284077,14.028225,14.110455,10.575371,12.116257,16.254528,16.622818,13.978848,16.414852,19.172256,16.109989,14.340313,12.535263,13.251579,16.302662,18.315449,19.373451,13.268166,9.666546,9.924606,11.543430,10.592438,12.284077,14.781967,16.862156,16.846222,15.610291,14.765656,13.682022,10.865101,9.373260,11.644768,14.944996,14.993847,13.168564,12.233765,13.317928,13.847038,13.234974,13.632454,13.863529,14.977566,14.667679,14.094013,19.497025,21.357887,16.398830,18.252785,20.858894,21.040726,19.466148,13.483601,11.627888,12.183426,12.985676,13.201775,16.254528,22.524467,19.450706,14.798294,10.353233,7.207882,7.331345,7.648148,8.714558,11.425068,15.900787,18.612450,16.574867,13.549789,11.745995,14.455032,14.618649,13.599396,11.509636,10.319000,10.984158,11.441990,9.958965,9.718216,10.472908,10.660679,11.221825,10.216270,9.131081,8.957737,8.714558,9.355976,8.348686,8.191483,8.243912,9.494129,9.804260,9.234943,9.061775,9.511379,9.200333,8.714558,8.592743,10.113426,11.170944,9.941792,9.269539,9.373260,9.390537,9.855862,9.873051,8.940388,8.505650,9.131081,10.216270,9.890244,10.575371,12.434868,13.351086,15.545601,14.077572,12.284077,10.592438,11.052120,10.814041,9.821461,10.113426,10.455822,11.880806,13.185173,14.765656,15.723377,15.642616,15.042671,13.748062,14.471405,14.011765,12.685638,13.268166,12.434868,8.940388,7.788635,8.121536,8.557915,9.494129,10.558300,10.660679,9.563126,9.044441,9.286831,9.735428,10.472908,11.425068,10.592438,11.425068,14.011765,14.110455,12.451607,12.149849,11.729134,10.660679,10.779976,11.137009,11.018150,9.079109,8.801476,8.051544,10.762939,12.969040,11.897648,13.863529,14.126900,10.984158,11.526535,11.729134,13.615929,13.731560,13.912971,12.969040,14.585953,15.804058,15.188980,14.340313,14.749332,20.249733,23.920937,20.524437,14.061119,10.164867,10.626560,10.967159,11.425068,11.509636,12.334373,11.458900,9.632080,9.096436,10.865101,11.594112,11.052120,10.079128,10.113426,9.649315,9.390537,10.609497,11.661655,10.592438,8.801476,8.679768,9.787056,10.524147,11.340439,11.374298,11.272675,11.272675,11.526535,11.441990,11.931309,11.863968,10.865101,10.507072,10.882126,11.221825,13.648983,14.011765,12.752399,11.001148,10.199139,10.626560,12.384636,12.952389,11.779716,10.660679,8.870953,10.079128,11.035133,10.967159,11.745995,16.494896,16.286617,13.002323,9.958965,7.735977,7.648148,8.086544,9.079109,8.870953,8.818848,9.683773,9.390537,8.121536,7.542656,7.154926,7.437057,8.662369,8.278851,7.963982,8.226437,8.383591,8.731949,9.614849,8.766716,8.069046,9.027115,9.079109,8.818848,8.383591,8.313774,7.928940,8.331230,8.818848,10.164867,8.992432,7.963982,7.260815,6.286148,5.679108,5.212570,5.212570,5.248528,5.086613,4.942490,4.707874,4.942490,5.032589,4.870358,5.392242,5.607468,5.464031,5.032589,4.743999,4.725941,5.194580,4.870358,4.906425,5.068611,5.086613,4.689812,4.472755,
5.464031,5.320412,5.446091,5.302444,5.392242,5.607468,5.392242,5.392242,5.428139,5.911625,6.428486,6.783474,6.978207,7.823730,7.946465,7.384212,5.750706,4.834267,5.965206,6.712570,6.978207,7.560242,9.442345,13.168564,14.110455,11.509636,10.507072,9.907425,8.296310,7.190231,7.066605,6.960518,7.031254,8.156513,8.662369,7.876347,7.172585,8.191483,9.183022,8.801476,7.137272,5.266499,5.068611,6.818905,7.384212,5.679108,5.302444,6.517342,9.459610,12.216988,15.497055,16.270573,15.221458,15.787926,15.836315,9.683773,6.446259,9.009773,12.585411,14.143326,14.159763,12.869114,10.319000,8.766716,9.442345,10.711826,11.964966,14.094013,15.335041,14.536880,11.255722,9.442345,10.199139,13.218376,15.707230,15.787926,13.301342,11.035133,9.890244,10.182007,12.485077,13.002323,11.998611,11.847122,10.933151,9.286831,8.610161,9.079109,12.133057,12.116257,10.933151,11.221825,11.408150,12.216988,12.485077,12.668941,13.433933,12.485077,11.745995,11.221825,11.441990,12.652241,11.712273,13.450489,15.253925,13.962376,14.241875,19.234207,20.280304,21.553566,20.539673,16.174263,14.700352,12.902435,12.334373,13.201775,13.929443,12.618832,11.779716,12.049046,13.995308,13.814064,14.323921,18.064510,22.137611,18.596848,12.602119,11.560329,13.995308,17.655106,20.371941,19.897308,16.686703,13.962376,13.185173,14.011765,16.238480,13.549789,10.199139,11.289619,13.995308,15.755661,19.373451,16.334732,19.851219,19.187744,18.892838,16.782452,14.912418,15.707230,16.366791,15.561783,14.961281,13.483601,11.998611,10.387436,8.870953,9.165710,10.301891,11.170944,11.289619,10.967159,11.813431,13.384232,14.651337,16.606838,13.500156,14.618649,14.553234,13.384232,12.015423,10.558300,12.501804,14.667679,13.151951,12.099461,11.931309,12.602119,13.781071,13.731560,10.831066,10.164867,11.272675,13.698540,17.100819,17.875805,15.545601,15.140236,12.919083,12.200203,12.902435,12.334373,11.745995,10.643623,9.649315,9.700993,9.683773,11.880806,15.755661,13.847038,10.626560,11.880806,13.118725,13.863529,14.569599,15.042671,14.602299,17.812809,17.148476,15.642616,16.238480,13.533249,11.323498,11.204865,11.018150,10.472908,10.711826,11.594112,11.289619,9.821461,9.993317,10.421631,7.648148,6.995895,10.010487,11.425068,11.678528,11.374298,11.035133,11.712273,10.319000,9.338692,9.113758,8.957737,10.592438,11.931309,9.649315,9.425079,10.711826,9.924606,9.390537,9.563126,10.524147,11.323498,11.475815,11.509636,11.998611,12.902435,12.685638,11.644768,13.085476,17.655106,20.934708,22.539307,20.356674,17.623531,15.140236,14.143326,12.969040,12.668941,12.752399,11.948143,12.065849,12.585411,11.931309,10.438725,9.580376,11.052120,12.384636,14.192616,12.652241,10.404537,10.728870,11.560329,11.018150,12.518532,15.707230,16.126068,16.158203,17.338821,17.148476,19.280655,18.628052,15.868561,13.715046,14.765656,14.340313,10.130581,7.084278,6.428486,6.995895,8.888317,9.234943,8.766716,9.269539,8.801476,9.027115,9.148392,8.731949,9.494129,10.575371,9.407806,11.340439,16.077839,17.116711,14.209038,11.492725,11.425068,13.615929,10.061974,10.660679,10.916145,14.602299,17.084930,17.686680,16.606838,12.468342,10.284771,9.321407,9.390537,11.458900,10.353233,12.065849,13.896488,13.301342,10.455822,11.340439,15.981312,15.707230,13.929443,12.401375,11.863968,13.201775,15.091465,14.765656,13.731560,10.027649,9.131081,10.592438,10.609497,10.541225,10.113426,10.250530,10.779976,11.611008,12.451607,14.961281,12.216988,10.848083,11.796577,16.190327,16.941784,13.665508,14.143326,15.497055,15.529427,16.478889,14.749332,17.021339,18.017372,17.322979,17.021339,12.116257,9.855862,11.458900,11.729134,10.301891,9.649315,10.592438,12.284077,16.045673,13.995308,12.869114,13.234974,12.585411,11.357365,14.061119,16.142136,14.389496,12.518532,12.668941,13.185173,13.715046,16.174263,19.358002,21.838669,20.615799,16.973614,13.317928,17.465477,18.612450,15.237690,19.743591,19.989395,18.939468,17.891544,12.885777,11.289619,11.880806,11.998611,12.133057,16.846222,26.871178,27.024406,19.342529,12.032238,6.978207,7.331345,7.472267,8.156513,9.563126,12.668941,14.159763,14.830910,15.091465,13.566330,15.432289,13.218376,14.536880,15.091465,13.201775,12.902435,11.762863,10.147728,9.993317,9.993317,9.597610,10.147728,9.821461,10.267654,9.563126,8.540497,8.540497,8.313774,7.771088,7.893879,8.348686,8.453358,8.888317,9.494129,10.643623,10.643623,10.096279,9.511379,10.182007,10.575371,10.027649,9.958965,9.993317,10.267654,10.984158,10.728870,9.787056,8.870953,9.096436,9.907425,10.199139,10.745911,11.577221,12.969040,15.480865,15.042671,12.885777,11.052120,9.597610,9.425079,9.131081,9.563126,10.164867,11.255722,12.149849,12.334373,12.652241,13.018955,13.615929,14.944996,16.846222,15.997406,13.168564,12.668941,10.455822,8.051544,7.911411,8.191483,8.870953,9.425079,10.865101,11.678528,10.027649,9.355976,9.373260,10.524147,12.267311,14.356716,13.433933,11.745995,13.632454,13.284760,13.151951,13.068855,12.568703,11.255722,9.580376,9.855862,9.165710,9.009773,10.524147,9.476868,10.745911,11.408150,10.779976,12.785763,14.258289,9.924606,9.666546,11.137009,14.847221,14.700352,15.205219,16.142136,16.206375,15.432289,14.258289,13.682022,14.225464,20.112015,23.950050,18.908379,12.233765,10.575371,11.001148,10.319000,10.044807,10.182007,10.916145,10.762939,9.855862,9.511379,10.660679,12.451607,12.602119,11.745995,10.882126,8.992432,8.592743,9.148392,9.718216,9.252239,9.252239,8.731949,9.390537,10.643623,11.391228,11.052120,11.289619,11.120033,10.950157,11.863968,12.919083,11.998611,10.933151,9.855862,10.096279,11.255722,14.126900,16.718632,16.029587,12.568703,9.958965,10.079128,10.284771,11.035133,11.408150,9.752644,8.331230,9.148392,9.545887,9.855862,10.113426,13.797565,18.095917,14.798294,10.728870,8.261383,7.437057,7.665718,8.505650,8.557915,8.888317,10.626560,10.096279,8.731949,8.470791,7.858810,8.278851,8.575333,8.261383,7.771088,8.418476,8.470791,8.278851,9.148392,7.928940,7.437057,7.893879,8.104042,8.383591,8.104042,7.683289,7.260815,7.437057,7.225533,8.174004,7.771088,7.066605,6.125797,5.679108,4.942490,5.068611,4.960514,5.230549,5.032589,4.707874,4.617508,4.563248,4.816223,5.086613,5.714912,5.571625,5.571625,5.714912,5.140610,4.978535,5.014572,5.140610,4.978535,4.816223,4.743999,4.454651,4.364071,
5.374290,5.428139,5.679108,5.679108,6.072296,6.143627,6.303955,6.694839,7.366592,7.893879,8.644970,8.975086,9.252239,9.183022,8.679768,8.051544,6.339550,5.212570,6.712570,7.753536,7.313717,7.348972,8.575333,10.762939,9.924606,8.679768,7.999016,7.630577,6.090134,5.266499,5.481972,5.428139,5.499908,6.321754,6.570625,5.768597,5.446091,6.303955,7.243172,7.031254,5.643291,4.436539,4.436539,5.122616,4.725941,4.527058,4.707874,5.858009,8.086544,9.752644,10.865101,10.216270,10.027649,11.964966,12.250546,8.139027,6.801193,7.893879,10.044807,10.010487,10.130581,9.855862,9.425079,9.459610,10.044807,10.079128,11.221825,13.268166,13.615929,12.434868,10.694775,10.233398,10.592438,13.268166,15.513241,15.787926,13.483601,11.340439,10.472908,11.272675,12.835777,12.819115,10.831066,9.907425,10.609497,10.010487,8.505650,8.853588,11.187904,10.984158,11.086086,11.745995,12.885777,13.068855,13.483601,13.648983,12.969040,11.086086,11.221825,11.796577,12.468342,12.216988,11.627888,14.667679,15.188980,13.168564,14.340313,19.543312,19.897308,20.050720,17.623531,15.965214,17.607742,14.814606,12.485077,12.418129,13.102104,12.183426,12.233765,12.802441,13.052223,12.568703,13.945911,16.045673,21.010437,17.449657,12.835777,11.897648,13.962376,15.529427,19.758972,20.127319,15.642616,13.367657,12.434868,14.028225,15.172733,10.882126,10.728870,12.902435,14.487770,16.077839,16.398830,13.814064,17.860062,17.005432,17.243698,14.651337,13.467049,14.225464,14.781967,15.497055,15.852440,12.015423,9.838661,10.164867,9.009773,8.679768,9.355976,9.873051,10.182007,11.170944,11.998611,12.116257,12.216988,11.509636,12.334373,14.307518,14.830910,15.318825,13.500156,11.204865,12.434868,13.218376,12.284077,12.785763,12.200203,12.149849,13.978848,12.869114,10.592438,10.147728,10.507072,11.272675,11.897648,12.116257,14.684017,16.109989,12.685638,13.002323,14.814606,13.764572,11.964966,10.370338,9.821461,9.407806,9.355976,11.255722,13.847038,13.085476,11.018150,12.401375,13.863529,14.061119,15.253925,16.814339,16.238480,17.607742,15.820190,15.318825,16.029587,15.691078,13.715046,12.334373,11.880806,10.916145,10.916145,13.018955,11.661655,9.304119,10.113426,8.766716,6.623875,7.911411,10.524147,10.779976,13.896488,14.291111,11.001148,10.592438,10.233398,10.745911,10.541225,9.769852,11.594112,11.981785,10.319000,10.643623,11.272675,10.182007,9.442345,10.455822,10.728870,11.357365,11.272675,10.677727,11.509636,13.582870,13.284760,11.187904,12.166641,17.148476,20.295578,19.851219,17.465477,14.830910,13.433933,13.085476,10.848083,10.489990,11.425068,12.099461,14.471405,14.274704,12.166641,10.301891,10.421631,12.133057,11.981785,13.549789,14.176193,11.577221,10.182007,10.677727,11.323498,12.284077,14.487770,15.237690,14.749332,16.590855,21.733757,25.176346,22.672722,17.907284,14.667679,14.077572,14.274704,10.507072,7.313717,6.143627,6.535103,8.627563,8.870953,8.766716,8.784096,9.096436,9.821461,9.597610,8.818848,10.814041,12.618832,10.677727,14.700352,21.342804,20.707054,16.013500,11.357365,10.267654,10.387436,8.836220,11.255722,12.049046,14.504147,16.510895,16.077839,12.869114,10.848083,10.489990,9.873051,10.027649,11.425068,11.897648,15.739521,14.928707,12.852448,9.941792,11.103065,17.021339,18.221436,16.093914,13.400806,12.568703,14.323921,15.205219,14.487770,13.847038,11.052120,8.957737,10.130581,10.387436,9.425079,9.580376,11.018150,12.652241,12.752399,12.099461,13.135342,11.170944,11.678528,13.533249,15.497055,16.414852,14.209038,13.052223,13.483601,16.093914,17.354664,14.471405,17.497108,15.561783,14.749332,13.896488,12.769081,14.011765,13.665508,11.678528,9.614849,8.488220,9.131081,11.796577,20.035400,17.354664,14.143326,14.847221,14.455032,13.284760,16.846222,16.142136,15.010124,14.077572,13.417366,12.719025,15.739521,21.493416,23.629166,23.906372,18.268456,15.107727,15.302612,19.419815,15.916897,15.172733,19.404366,16.878090,15.010124,13.549789,11.120033,11.306557,11.948143,12.200203,13.945911,16.526890,27.357475,33.524788,24.399773,13.615929,7.963982,7.981499,8.174004,8.923035,10.319000,14.356716,14.847221,14.830910,14.209038,12.852448,13.185173,12.418129,16.414852,16.941784,14.733006,13.251579,11.475815,9.855862,9.976139,10.336117,9.614849,9.338692,9.821461,12.149849,12.166641,10.250530,9.286831,8.679768,7.911411,8.121536,8.801476,8.383591,9.079109,10.010487,11.052120,10.711826,10.199139,10.199139,10.472908,10.267654,10.130581,10.933151,10.541225,10.848083,12.065849,11.323498,10.182007,9.009773,9.200333,10.250530,10.779976,10.797012,10.660679,11.560329,13.201775,14.356716,12.685638,11.069107,9.131081,8.540497,8.575333,9.165710,9.941792,11.729134,11.272675,11.475815,12.267311,12.835777,13.566330,14.520515,17.275417,15.140236,11.931309,10.745911,10.079128,9.165710,8.749332,8.853588,9.165710,9.148392,10.267654,13.268166,12.702332,10.933151,11.069107,12.885777,14.192616,13.417366,14.961281,13.962376,15.464684,15.916897,17.148476,17.132591,14.536880,11.441990,9.079109,8.418476,7.999016,9.683773,14.307518,11.813431,9.890244,9.958965,10.421631,11.847122,12.668941,9.269539,9.425079,12.233765,17.100819,19.125748,24.443138,23.071541,18.830605,15.464684,11.847122,10.916145,12.819115,18.986076,19.450706,15.367474,12.032238,12.501804,11.611008,10.301891,10.933151,10.250530,9.718216,9.632080,9.148392,9.476868,10.387436,12.501804,12.735714,12.233765,9.976139,8.575333,8.453358,8.888317,8.836220,9.009773,9.148392,8.627563,9.907425,11.897648,13.085476,11.880806,10.677727,10.130581,9.993317,11.678528,12.635536,11.374298,10.130581,8.679768,8.836220,10.387436,12.802441,16.126068,17.797050,13.516701,10.301891,9.649315,10.096279,11.678528,11.306557,9.580376,9.165710,9.200333,9.217640,9.165710,9.459610,12.668941,16.446873,14.274704,10.301891,7.718422,7.507469,8.086544,8.992432,8.766716,8.888317,9.907425,9.304119,8.418476,8.401035,7.858810,8.016525,8.034035,7.560242,7.560242,7.665718,7.542656,7.384212,7.066605,7.031254,7.031254,7.031254,7.207882,7.665718,7.700855,6.995895,6.552864,6.197094,5.732807,6.179276,7.260815,6.464035,5.499908,5.410194,4.635590,4.490860,4.545155,4.978535,4.798172,4.725941,4.762062,5.032589,5.607468,5.965206,5.983063,6.232731,6.446259,5.965206,5.086613,4.834267,4.762062,5.714912,5.392242,4.888393,4.653660,4.689812,4.599422,
5.302444,5.428139,6.303955,6.907440,7.472267,7.612995,7.489868,8.348686,9.632080,10.438725,10.882126,11.644768,12.551975,11.813431,9.976139,8.853588,7.419441,6.036610,7.066605,7.612995,7.419441,6.836617,7.013577,8.086544,8.749332,8.243912,6.854328,5.911625,4.834267,4.273415,4.617508,4.870358,5.032589,5.122616,5.194580,4.816223,4.508957,4.545155,4.545155,4.237133,3.727913,3.454159,3.600243,4.218987,4.508957,4.563248,4.400314,5.194580,7.207882,8.156513,8.191483,7.066605,6.925133,8.313774,8.801476,7.366592,6.783474,6.570625,7.207882,7.348972,7.507469,8.313774,9.390537,10.061974,9.700993,9.563126,10.387436,11.577221,11.340439,11.340439,12.082661,11.374298,9.958965,10.933151,11.695396,12.015423,11.830276,11.425068,11.374298,11.897648,12.635536,12.351128,9.924606,8.766716,10.455822,11.187904,8.818848,8.766716,10.558300,11.577221,12.082661,12.952389,15.058941,14.520515,14.798294,14.274704,11.998611,10.643623,10.507072,11.863968,13.467049,12.250546,12.367878,14.373108,13.731560,12.317612,13.599396,17.053143,17.307125,17.100819,14.961281,15.997406,17.528736,14.928707,12.802441,12.099461,11.897648,11.729134,13.151951,13.582870,13.400806,13.450489,14.912418,15.253925,16.894020,14.667679,13.018955,12.216988,12.166641,12.652241,19.574158,18.955009,13.085476,11.306557,10.916145,12.518532,12.334373,10.831066,13.516701,14.225464,13.052223,14.455032,12.652241,12.149849,13.615929,12.969040,13.218376,11.964966,12.935738,13.450489,14.830910,16.318695,16.382813,10.745911,10.643623,10.779976,9.425079,8.366138,8.697163,9.200333,9.718216,11.813431,12.233765,11.475815,10.984158,10.745911,12.065849,13.301342,14.389496,15.351257,14.307518,12.785763,14.225464,14.291111,13.483601,12.652241,11.441990,11.408150,13.830551,14.405884,12.032238,11.289619,10.848083,11.204865,10.267654,10.865101,14.847221,14.814606,12.317612,13.731560,15.804058,15.610291,13.367657,11.153976,10.848083,9.700993,9.269539,10.284771,11.695396,12.535263,11.779716,13.268166,14.602299,14.896122,17.528736,19.110237,17.576149,16.286617,15.771801,15.884674,16.862156,20.737442,18.612450,14.422272,12.652241,11.408150,11.052120,12.401375,10.336117,9.338692,9.027115,7.595413,8.226437,10.319000,11.627888,12.652241,16.270573,15.836315,9.976139,9.804260,10.250530,11.813431,11.069107,10.762939,11.897648,12.267311,11.931309,12.250546,13.201775,11.981785,12.485077,14.159763,12.618832,11.577221,11.594112,11.086086,12.685638,16.061756,16.109989,12.485077,11.069107,13.151951,13.896488,12.769081,12.618832,13.068855,14.192616,13.185173,10.113426,9.649315,11.762863,13.400806,14.928707,14.241875,11.729134,11.779716,12.334373,12.384636,10.182007,9.338692,11.644768,11.272675,9.890244,11.018150,13.135342,14.307518,14.993847,15.594124,15.091465,16.909943,24.659592,27.881363,25.262100,20.707054,17.733997,15.091465,12.602119,9.407806,6.925133,5.786484,6.677101,8.156513,8.662369,9.511379,8.505650,9.632080,10.079128,9.286831,8.784096,11.272675,13.201775,10.728870,14.126900,17.733997,17.560349,14.225464,10.027649,10.044807,9.079109,8.957737,12.049046,12.284077,12.719025,14.798294,15.771801,13.764572,12.434868,11.323498,10.233398,10.745911,11.594112,13.035591,18.830605,15.820190,11.779716,10.130581,10.250530,14.618649,18.252785,16.989529,13.284760,11.475815,14.110455,14.765656,12.585411,11.644768,13.035591,11.661655,10.455822,11.594112,9.976139,9.700993,9.545887,11.577221,11.964966,9.752644,10.882126,11.120033,13.467049,16.542885,17.449657,16.350758,14.765656,13.201775,14.094013,17.132591,16.382813,15.836315,18.127319,14.241875,14.700352,14.912418,17.275417,18.378067,15.399883,12.885777,12.618832,9.993317,10.250530,12.618832,24.904099,20.478722,15.464684,15.091465,13.847038,15.367474,19.589577,16.398830,17.591946,16.350758,14.143326,12.535263,15.123981,16.989529,17.797050,18.111610,19.481583,18.393715,19.265175,19.032661,15.091465,15.335041,18.721603,14.553234,12.418129,11.001148,11.137009,12.116257,12.116257,12.116257,13.995308,14.192616,20.570129,29.320145,23.100990,12.802441,8.523075,8.662369,8.975086,10.558300,11.779716,12.802441,13.615929,13.814064,11.863968,12.585411,12.668941,13.549789,15.432289,15.010124,14.176193,12.434868,11.187904,9.494129,10.370338,11.187904,10.660679,9.924606,10.319000,12.200203,12.885777,11.796577,10.916145,9.632080,8.435913,8.331230,9.304119,9.027115,9.338692,10.216270,11.306557,11.153976,10.472908,10.113426,9.855862,9.632080,9.735428,10.660679,10.061974,10.489990,11.408150,10.250530,10.216270,10.079128,9.941792,10.899132,10.609497,10.199139,10.489990,11.695396,11.712273,12.535263,12.434868,12.216988,10.472908,9.079109,8.523075,9.304119,10.660679,12.635536,11.847122,10.592438,11.374298,12.585411,13.384232,15.691078,15.933002,13.682022,13.500156,12.702332,11.964966,11.458900,11.492725,11.170944,10.284771,9.494129,10.472908,14.879829,15.997406,14.716679,15.836315,15.253925,15.042671,12.284077,12.869114,14.291111,17.386341,18.565624,18.612450,18.721603,15.497055,12.618832,9.700993,8.348686,8.348686,10.865101,15.755661,13.118725,10.044807,10.558300,11.458900,10.660679,9.304119,9.649315,10.353233,11.813431,15.577946,22.405647,28.128021,24.168007,18.409359,13.218376,11.374298,10.575371,12.250546,16.029587,13.002323,11.897648,13.151951,13.268166,10.507072,11.153976,11.897648,10.950157,10.814041,10.438725,9.373260,9.234943,10.472908,10.711826,11.170944,11.357365,10.336117,9.217640,8.540497,8.905678,9.131081,8.401035,8.069046,8.383591,10.044807,11.458900,13.764572,12.802441,11.120033,10.507072,11.204865,11.948143,12.284077,11.408150,9.700993,8.453358,8.818848,9.855862,10.950157,12.585411,14.993847,12.585411,11.018150,9.993317,11.678528,13.002323,11.204865,9.425079,9.269539,9.148392,8.957737,8.940388,9.321407,9.666546,11.001148,10.541225,8.697163,7.946465,7.806187,8.348686,8.697163,8.592743,8.662369,8.592743,8.174004,8.313774,8.418476,8.139027,7.683289,6.978207,6.641617,6.588379,6.623875,6.197094,6.054455,5.804367,6.143627,5.875885,5.625381,6.090134,7.031254,6.730297,6.286148,6.197094,5.875885,5.464031,6.925133,7.525059,6.214916,5.804367,5.158604,4.617508,4.291550,4.273415,4.870358,4.798172,4.762062,5.104614,5.122616,5.446091,5.661201,5.697014,6.623875,6.960518,6.214916,5.284477,4.743999,5.230549,6.410706,5.893753,5.428139,4.671738,4.454651,4.563248,
5.392242,6.268349,7.225533,7.981499,7.806187,7.612995,7.718422,9.252239,10.609497,11.069107,11.745995,12.919083,14.634995,13.218376,10.609497,9.113758,8.104042,6.783474,6.925133,7.612995,7.190231,6.801193,7.066605,8.453358,9.338692,8.331230,6.446259,5.517838,4.527058,4.418427,4.707874,4.635590,4.635590,4.599422,4.816223,4.617508,4.200836,3.782589,3.381042,3.198040,3.381042,3.399323,3.600243,4.527058,4.834267,4.852314,4.418427,4.364071,5.643291,6.036610,5.732807,4.798172,4.454651,5.032589,5.643291,5.607468,5.158604,4.508957,5.392242,5.858009,6.303955,7.172585,8.174004,9.528633,9.735428,9.425079,9.286831,9.355976,10.147728,12.032238,12.869114,11.137009,9.614849,9.425079,8.453358,9.407806,11.526535,11.897648,11.830276,12.049046,13.417366,13.234974,10.711826,8.784096,11.170944,13.945911,10.421631,9.217640,10.660679,12.149849,12.852448,14.340313,17.021339,14.487770,13.483601,13.185173,11.931309,10.575371,10.113426,10.967159,12.216988,11.762863,11.086086,12.267311,12.769081,11.830276,13.085476,15.270157,16.077839,15.577946,13.201775,14.094013,15.237690,14.716679,12.852448,12.032238,10.660679,11.543430,14.028225,15.091465,14.847221,15.172733,16.830284,16.093914,14.651337,14.077572,13.002323,12.518532,11.796577,12.015423,17.069038,15.188980,11.238777,10.814041,10.967159,10.882126,11.170944,12.885777,16.222427,15.058941,11.981785,12.434868,10.967159,11.374298,12.852448,12.351128,10.933151,11.577221,13.135342,13.351086,14.830910,17.560349,16.638790,10.967159,11.897648,11.847122,9.269539,8.226437,8.627563,9.390537,9.632080,11.475815,11.948143,11.441990,11.187904,12.250546,13.135342,12.585411,11.408150,13.185173,14.684017,14.192616,15.058941,14.274704,13.847038,13.185173,12.401375,12.166641,13.334507,13.632454,12.769081,12.852448,12.032238,11.374298,9.838661,11.306557,14.274704,13.151951,12.585411,14.291111,15.123981,15.497055,14.077572,11.543430,11.577221,9.993317,9.476868,9.993317,10.848083,12.401375,13.632454,14.471405,15.286385,15.610291,17.196098,16.862156,15.610291,15.075207,16.750549,16.989529,15.852440,22.212158,22.628281,16.574867,13.814064,12.351128,10.660679,10.370338,9.838661,8.610161,7.437057,9.061775,12.166641,13.566330,13.847038,13.632454,14.274704,12.819115,9.787056,9.545887,10.301891,11.627888,11.289619,11.204865,12.065849,12.769081,13.068855,13.731560,15.075207,13.168564,14.618649,16.989529,15.253925,13.118725,12.300850,12.015423,16.045673,20.463470,19.682014,13.168564,11.577221,11.543430,10.216270,9.476868,11.408150,13.068855,13.566330,12.485077,10.387436,10.301891,12.585411,12.635536,13.781071,13.764572,12.099461,13.201775,13.301342,10.762939,7.806187,6.907440,8.453358,9.597610,9.234943,11.475815,14.684017,16.174263,15.367474,14.094013,13.068855,14.389496,20.280304,23.203995,24.197021,23.877251,20.554901,15.900787,9.941792,6.641617,6.410706,6.339550,6.801193,7.718422,8.592743,9.941792,9.113758,10.113426,9.442345,8.383591,8.940388,11.221825,11.492725,11.170944,11.272675,13.417366,16.478889,12.819115,9.873051,10.336117,8.226437,9.113758,12.149849,12.133057,11.492725,14.716679,17.781296,17.053143,14.323921,11.712273,10.061974,12.216988,14.307518,15.658775,20.127319,18.393715,12.752399,10.507072,9.855862,11.948143,14.634995,15.335041,11.847122,10.524147,13.417366,14.798294,12.183426,10.147728,14.323921,14.455032,12.015423,11.931309,11.830276,9.821461,7.841270,8.940388,9.666546,9.632080,10.096279,10.267654,13.764572,17.196098,18.205757,17.670891,15.852440,13.847038,15.058941,20.691849,18.518776,19.296127,21.372955,16.638790,14.634995,16.430859,19.450706,19.032661,14.749332,12.985676,13.945911,11.931309,12.384636,12.451607,21.463310,21.763741,15.156490,15.561783,14.094013,17.623531,21.793724,19.527885,21.673737,21.207016,16.526890,12.485077,11.897648,12.752399,16.446873,19.758972,21.463310,18.752762,18.017372,18.221436,15.997406,17.686680,21.583633,16.478889,12.133057,10.455822,11.543430,11.796577,11.103065,11.221825,12.434868,11.830276,13.268166,18.970543,17.844315,11.627888,9.890244,9.924606,10.096279,12.885777,12.935738,10.336117,10.421631,11.998611,12.133057,13.151951,12.551975,13.748062,14.159763,13.715046,14.061119,12.133057,11.425068,10.164867,10.643623,10.762939,10.061974,10.336117,10.984158,11.170944,12.032238,11.509636,11.408150,10.694775,8.992432,8.575333,9.148392,8.714558,9.165710,10.044807,11.120033,11.509636,11.018150,10.524147,9.958965,9.476868,10.096279,10.865101,9.993317,9.718216,10.164867,9.804260,10.284771,11.323498,11.153976,11.441990,11.272675,10.421631,10.984158,11.441990,11.458900,10.984158,12.183426,12.885777,11.577221,9.821461,9.252239,10.694775,13.218376,13.367657,12.233765,9.821461,9.459610,12.216988,13.665508,15.026398,14.847221,14.879829,15.383682,16.782452,15.513241,14.781967,17.560349,15.820190,12.969040,10.677727,10.541225,12.568703,12.969040,15.010124,15.965214,14.241875,12.802441,11.272675,12.216988,14.879829,17.069038,17.307125,16.830284,16.093914,14.011765,12.685638,10.967159,10.592438,10.660679,13.268166,17.180225,13.351086,10.660679,10.814041,12.032238,8.870953,8.836220,10.899132,10.779976,10.575371,12.568703,16.941784,20.295578,17.560349,13.698540,10.762939,10.797012,11.981785,12.233765,12.065849,11.306557,11.762863,12.049046,11.238777,9.907425,11.289619,11.408150,11.306557,11.306557,10.592438,10.027649,11.187904,10.762939,10.079128,11.391228,12.166641,11.745995,9.787056,8.992432,8.784096,8.888317,7.771088,7.630577,8.278851,9.355976,9.165710,10.182007,10.472908,10.660679,12.300850,13.483601,13.896488,12.752399,11.374298,9.666546,9.286831,9.044441,9.044441,9.769852,10.507072,11.475815,10.096279,9.718216,11.187904,11.964966,11.712273,10.147728,9.217640,9.511379,9.234943,8.453358,8.523075,8.226437,8.034035,8.191483,7.911411,7.577831,7.718422,7.806187,7.981499,8.644970,8.853588,8.853588,8.401035,8.749332,8.975086,9.027115,8.139027,7.454662,6.570625,6.018761,5.858009,5.947346,5.947346,5.822250,5.428139,5.338371,5.320412,5.104614,5.732807,6.054455,5.481972,5.356339,4.960514,4.996559,5.858009,6.712570,6.339550,5.732807,5.392242,5.356339,5.050598,4.436539,4.689812,4.906425,4.906425,5.050598,4.978535,4.960514,5.014572,5.230549,5.176598,5.230549,5.464031,5.248528,4.978535,5.086613,5.230549,5.266499,4.996559,5.104614,4.689812,4.870358,4.888393,
5.840134,6.623875,7.278450,7.384212,6.836617,7.066605,7.841270,9.234943,10.472908,10.899132,11.594112,13.284760,14.830910,13.814064,10.541225,9.511379,9.217640,7.577831,6.960518,7.648148,7.472267,7.048931,7.419441,8.749332,9.338692,7.876347,6.000916,5.212570,4.816223,4.707874,4.617508,4.527058,4.291550,4.436539,4.816223,4.400314,4.019184,3.691456,3.581997,3.618496,3.782589,3.964630,4.418427,5.428139,5.302444,5.032589,4.581333,4.327812,4.490860,4.273415,3.654976,3.179726,2.776005,3.014740,3.326176,3.855442,4.019184,4.164528,4.581333,4.200836,4.527058,5.050598,6.303955,9.545887,10.626560,11.120033,9.649315,8.731949,9.632080,10.711826,11.340439,10.558300,9.907425,7.366592,7.207882,8.940388,11.052120,11.306557,10.814041,12.752399,15.820190,14.504147,11.204865,9.459610,12.602119,16.109989,12.551975,9.614849,10.558300,12.468342,13.599396,15.981312,17.005432,13.648983,13.218376,12.935738,12.133057,10.267654,9.580376,9.390537,10.079128,10.096279,9.941792,11.103065,11.729134,11.729134,13.863529,15.707230,16.782452,15.674923,12.702332,12.501804,15.432289,14.928707,13.880009,12.267311,10.438725,12.434868,15.804058,17.084930,15.933002,16.526890,17.686680,17.243698,14.977566,14.569599,13.135342,13.201775,13.978848,13.052223,13.234974,12.233765,12.133057,12.434868,11.897648,10.301891,12.082661,14.258289,17.528736,15.302612,12.668941,13.234974,12.082661,14.749332,15.771801,13.002323,11.221825,12.216988,14.011765,14.340313,15.237690,18.986076,17.164352,12.367878,12.518532,12.116257,9.769852,9.269539,10.079128,10.541225,10.370338,11.492725,12.049046,12.149849,12.367878,13.334507,13.168564,9.563126,9.700993,12.166641,14.536880,15.691078,14.879829,14.209038,14.011765,14.781967,15.836315,14.274704,13.533249,12.166641,12.401375,13.035591,12.668941,11.611008,10.643623,13.748062,13.995308,12.752399,14.143326,15.626457,14.077572,12.719025,12.082661,11.255722,11.001148,9.511379,9.545887,10.301891,10.933151,13.648983,17.449657,16.286617,14.993847,15.577946,16.590855,14.667679,14.536880,15.868561,18.440628,18.252785,14.504147,18.908379,22.909317,17.402172,16.446873,14.373108,10.899132,9.131081,9.614849,8.418476,8.261383,10.848083,13.731560,14.471405,14.749332,13.715046,12.049046,10.301891,9.735428,9.838661,11.035133,11.458900,10.370338,9.907425,10.848083,12.133057,13.433933,15.335041,15.513241,13.880009,15.058941,16.398830,15.884674,14.455032,13.218376,13.201775,18.534397,20.919548,16.670738,11.204865,10.950157,10.711826,10.899132,10.010487,12.032238,12.401375,13.151951,12.668941,11.153976,11.052120,12.434868,13.301342,14.830910,14.126900,12.518532,13.797565,14.011765,10.882126,7.013577,6.499577,7.401833,8.488220,9.390537,10.933151,13.417366,15.058941,13.367657,11.948143,11.035133,13.533249,16.973614,18.143013,20.934708,22.301529,17.733997,12.985676,7.560242,6.659363,7.981499,8.051544,7.735977,8.156513,9.061775,9.545887,9.148392,10.267654,8.331230,7.963982,9.044441,11.052120,10.848083,11.272675,10.319000,14.094013,16.558876,12.149849,9.976139,9.907425,8.104042,9.545887,12.434868,11.627888,8.348686,10.797012,14.159763,14.961281,12.802441,11.543430,10.762939,15.237690,18.190071,19.943367,20.874062,20.813370,15.335041,10.694775,10.284771,12.384636,12.133057,12.351128,11.204865,11.052120,13.912971,17.465477,13.301342,10.558300,12.551975,13.731560,13.268166,12.568703,13.234974,9.924606,7.999016,9.528633,10.472908,11.661655,11.475815,10.319000,12.635536,14.044678,14.504147,15.318825,15.642616,15.399883,15.723377,22.286644,20.585358,24.947159,29.400604,20.402458,15.156490,17.386341,19.342529,15.367474,11.813431,12.200203,12.418129,11.678528,12.635536,11.458900,16.606838,19.497025,14.405884,16.446873,15.335041,19.265175,22.152534,22.776329,22.643097,24.904099,22.167442,13.847038,10.831066,12.116257,15.933002,19.063705,15.852440,15.884674,19.881943,18.565624,17.196098,17.765533,21.598656,20.463470,13.748062,10.164867,11.069107,10.797012,11.458900,11.762863,11.408150,10.950157,12.668941,14.209038,15.383682,12.685638,12.300850,11.897648,11.577221,14.422272,13.830551,8.662369,9.700993,11.492725,12.401375,13.896488,13.731560,15.253925,14.912418,14.667679,15.707230,13.896488,14.879829,11.931309,10.899132,10.814041,9.597610,10.814041,12.902435,14.879829,17.497108,14.422272,11.695396,10.387436,9.044441,8.975086,9.286831,8.940388,8.992432,10.096279,10.762939,11.762863,11.796577,11.289619,10.507072,10.010487,10.711826,10.694775,9.787056,9.200333,9.355976,9.649315,10.899132,11.272675,11.153976,11.425068,11.526535,10.745911,10.199139,10.643623,9.649315,9.425079,12.065849,13.400806,11.441990,9.649315,9.545887,12.685638,15.658775,14.896122,12.367878,9.597610,9.511379,12.351128,15.075207,16.989529,16.494896,16.334732,16.526890,18.923927,16.590855,17.528736,24.846642,20.904388,14.307518,11.931309,11.204865,12.334373,12.216988,13.102104,13.268166,13.135342,11.729134,12.032238,13.384232,13.847038,13.781071,12.802441,13.052223,13.002323,13.500156,15.577946,15.674923,16.013500,15.739521,15.205219,17.386341,12.099461,9.666546,9.597610,9.304119,8.156513,9.941792,10.507072,10.182007,10.507072,12.785763,14.061119,15.205219,13.978848,12.785763,11.644768,11.408150,13.118725,11.779716,10.933151,12.082661,11.627888,11.678528,10.797012,8.470791,8.992432,10.044807,10.967159,10.933151,10.899132,11.543430,12.200203,11.323498,9.700993,10.524147,12.267311,10.797012,8.801476,7.823730,7.648148,7.841270,7.331345,7.154926,8.383591,9.494129,9.183022,8.975086,9.148392,10.609497,13.483601,13.731560,13.151951,12.065849,11.238777,10.779976,10.848083,9.976139,9.355976,9.355976,9.061775,8.679768,8.697163,9.165710,11.238777,11.611008,10.061974,8.714558,8.278851,9.304119,8.888317,8.086544,7.981499,7.911411,7.595413,7.207882,7.577831,7.771088,7.876347,7.771088,8.243912,9.390537,9.563126,9.096436,8.418476,9.390537,9.304119,8.679768,8.104042,6.907440,5.947346,5.947346,5.714912,5.804367,5.697014,5.446091,5.014572,4.996559,5.158604,5.499908,5.679108,5.464031,4.960514,4.689812,4.508957,5.230549,5.481972,5.517838,4.996559,5.302444,5.517838,5.446091,5.068611,4.906425,4.762062,4.870358,5.230549,5.732807,5.571625,5.446091,5.140610,5.212570,5.176598,5.661201,6.036610,5.571625,5.212570,4.906425,4.798172,5.050598,5.284477,5.464031,5.248528,5.643291,5.338371,
5.840134,6.303955,6.783474,6.730297,6.197094,6.765751,7.665718,9.165710,10.010487,10.216270,10.797012,12.418129,14.274704,13.135342,10.711826,9.993317,9.941792,8.401035,6.712570,7.137272,7.366592,7.137272,7.700855,8.592743,8.749332,7.031254,5.428139,4.996559,4.924461,4.906425,4.816223,4.454651,3.982819,4.146374,4.327812,4.237133,4.309685,4.345943,4.581333,4.309685,4.200836,4.816223,5.499908,5.947346,5.320412,5.176598,4.996559,4.164528,3.819023,3.289577,2.628838,2.444607,2.628838,2.684044,2.978043,3.417606,3.618496,3.910049,3.873646,3.673222,3.855442,4.037365,6.018761,10.147728,11.847122,11.103065,8.261383,7.946465,8.992432,10.609497,11.323498,11.272675,9.563126,7.048931,7.525059,9.113758,10.728870,10.916145,10.660679,15.302612,18.456272,13.896488,10.745911,10.336117,13.450489,16.542885,13.068855,9.597610,10.336117,12.133057,13.483601,15.237690,15.383682,14.455032,13.945911,13.483601,12.585411,10.984158,9.649315,8.662369,9.148392,9.373260,9.545887,10.848083,12.032238,12.885777,14.928707,15.771801,16.398830,15.270157,12.451607,12.401375,14.618649,15.026398,15.707230,12.451607,11.086086,14.912418,18.612450,17.797050,15.140236,15.787926,17.354664,17.386341,15.626457,14.781967,14.863525,15.981312,15.787926,13.978848,12.317612,12.652241,13.118725,13.384232,13.118725,11.745995,12.451607,14.520515,16.925861,15.367474,15.804058,16.973614,15.302612,15.707230,15.965214,12.668941,11.611008,13.168564,15.658775,15.691078,15.205219,19.943367,17.749767,13.467049,11.813431,11.187904,9.993317,10.130581,11.069107,11.627888,12.015423,12.300850,12.351128,12.568703,12.935738,13.317928,11.712273,10.592438,10.301891,10.728870,14.373108,15.997406,14.667679,14.176193,14.061119,15.513241,16.862156,16.254528,13.929443,11.238777,11.458900,12.585411,12.267311,11.170944,12.384636,13.334507,12.468342,11.948143,15.140236,17.211967,13.615929,10.728870,10.524147,11.425068,10.199139,9.044441,9.131081,10.455822,11.441990,15.432289,18.706017,15.416088,12.685638,14.569599,16.909943,15.172733,13.781071,16.510895,20.142639,18.892838,15.383682,17.211967,19.943367,16.366791,15.965214,14.176193,10.865101,9.459610,10.541225,9.597610,9.131081,10.319000,12.133057,12.952389,14.618649,13.962376,13.068855,10.950157,8.957737,9.993317,11.611008,11.374298,9.321407,9.373260,10.472908,11.931309,13.533249,14.733006,15.335041,15.836315,16.622818,15.642616,15.432289,13.880009,12.802441,13.151951,15.868561,15.010124,12.149849,10.061974,9.769852,10.421631,12.317612,11.526535,12.049046,11.408150,11.543430,10.899132,10.182007,10.455822,11.408150,12.802441,13.417366,13.351086,12.885777,13.135342,13.995308,11.374298,7.225533,6.712570,7.190231,7.718422,9.234943,10.524147,12.284077,13.417366,12.317612,11.813431,11.577221,13.814064,14.977566,16.206375,21.778732,19.218727,13.068855,9.752644,7.963982,8.557915,10.027649,9.234943,9.390537,10.267654,9.941792,9.666546,9.752644,9.614849,8.731949,8.034035,8.697163,10.353233,10.967159,10.728870,11.796577,14.307518,14.455032,11.441990,9.769852,9.061775,8.644970,11.120033,13.665508,10.147728,6.464035,7.928940,10.199139,11.762863,11.779716,11.458900,13.052223,17.307125,19.358002,19.958702,19.866592,20.035400,17.860062,13.665508,11.238777,13.035591,11.729134,12.317612,11.661655,12.166641,15.318825,18.080215,12.133057,10.558300,11.018150,10.848083,12.902435,13.317928,13.284760,9.718216,8.069046,11.255722,13.500156,12.869114,11.729134,10.728870,13.384232,13.582870,12.668941,12.852448,15.140236,17.100819,15.058941,20.387207,23.570671,30.212463,28.943321,20.707054,18.331108,18.861725,16.670738,12.200203,11.458900,12.719025,12.334373,11.745995,12.267311,11.964966,12.183426,14.912418,14.323921,16.029587,14.651337,17.259556,20.478722,25.162048,23.042068,24.443138,26.913010,16.558876,10.336117,9.373260,11.001148,12.869114,12.551975,16.590855,19.172256,19.001602,18.877281,16.957703,18.127319,20.707054,15.075207,9.873051,10.728870,11.374298,12.902435,12.568703,11.086086,11.001148,12.802441,13.417366,15.188980,14.667679,13.268166,12.401375,14.061119,16.989529,12.785763,8.156513,9.407806,10.507072,12.032238,13.847038,15.367474,21.703751,18.315449,14.553234,13.830551,14.422272,17.781296,15.933002,12.668941,11.998611,12.082661,12.602119,15.820190,19.912659,23.775200,21.101234,14.716679,10.216270,9.200333,8.697163,9.252239,9.304119,8.784096,9.597610,10.728870,11.998611,12.284077,10.950157,10.404537,10.472908,10.967159,10.694775,10.130581,9.407806,9.528633,10.507072,11.391228,11.323498,10.745911,10.762939,11.204865,10.984158,10.626560,10.779976,9.321407,8.836220,11.678528,12.434868,10.797012,9.545887,10.267654,14.176193,18.252785,17.812809,12.869114,10.061974,10.130581,11.998611,14.912418,17.576149,17.481293,17.307125,17.100819,17.576149,15.707230,18.628052,23.964600,16.894020,12.468342,12.166641,13.384232,14.405884,13.068855,13.880009,14.389496,14.340313,12.351128,11.120033,11.289619,10.779976,11.391228,12.952389,13.433933,11.847122,14.011765,18.550014,21.883583,23.174583,22.048058,18.048801,14.896122,10.267654,8.662369,8.923035,7.981499,8.366138,9.321407,9.321407,8.731949,9.614849,11.594112,11.830276,12.351128,11.526535,11.847122,11.475815,10.797012,11.847122,11.340439,10.164867,11.120033,11.187904,10.831066,10.010487,9.113758,8.627563,9.373260,10.027649,10.336117,11.323498,10.455822,10.831066,10.626560,8.905678,8.488220,9.597610,8.540497,6.995895,6.694839,6.517342,7.648148,7.718422,7.454662,8.557915,9.666546,9.355976,9.165710,9.044441,11.120033,14.274704,13.731560,12.116257,11.644768,11.323498,12.082661,12.802441,11.695396,10.626560,10.336117,9.476868,8.818848,8.992432,10.079128,10.899132,11.627888,10.044807,7.893879,7.137272,7.437057,8.418476,8.592743,8.401035,8.818848,8.505650,7.190231,7.700855,8.261383,8.156513,8.243912,8.418476,8.853588,8.627563,8.243912,7.648148,7.858810,7.981499,7.876347,7.648148,6.375134,5.750706,5.607468,5.338371,5.535770,5.625381,5.302444,5.104614,5.230549,5.230549,5.302444,5.679108,5.732807,5.661201,5.140610,4.653660,5.050598,5.068611,4.942490,4.906425,5.338371,5.410194,5.374290,5.122616,4.870358,4.743999,4.870358,5.104614,5.302444,5.481972,5.068611,4.906425,4.942490,5.302444,5.679108,5.428139,5.428139,5.014572,4.581333,4.454651,5.230549,5.535770,5.661201,5.535770,5.714912,5.589546,
5.822250,5.858009,6.214916,6.107971,5.929482,6.321754,7.384212,8.348686,9.096436,9.183022,10.027649,11.187904,12.535263,11.796577,10.250530,9.787056,10.113426,8.714558,6.588379,6.570625,6.889732,6.677101,7.154926,7.630577,7.296085,5.768597,5.068611,5.104614,4.978535,4.888393,5.068611,4.743999,4.037365,3.873646,4.019184,4.291550,4.816223,4.978535,4.762062,4.182686,4.635590,5.714912,5.965206,5.732807,5.104614,5.302444,5.194580,4.255280,3.198040,2.260078,2.093750,2.260078,2.886253,3.106426,3.362751,3.472427,3.873646,4.255280,4.055538,3.782589,3.727913,3.782589,5.893753,8.975086,9.009773,7.981499,6.606125,7.260815,9.425079,11.255722,11.408150,11.035133,8.766716,6.854328,8.174004,9.338692,10.096279,10.814041,11.779716,17.164352,16.077839,10.010487,9.459610,11.187904,13.599396,14.847221,12.099461,9.096436,9.234943,10.609497,13.665508,15.286385,14.944996,14.749332,14.928707,14.110455,12.082661,10.762939,10.199139,8.731949,8.401035,8.627563,9.907425,11.272675,13.185173,13.945911,13.268166,13.483601,14.291111,13.896488,12.384636,11.644768,12.568703,13.698540,15.075207,11.069107,11.745995,17.005432,17.733997,16.013500,14.455032,14.323921,15.884674,17.812809,16.077839,16.222427,17.148476,16.782452,15.221458,13.433933,13.268166,13.151951,12.568703,13.218376,16.109989,13.467049,11.931309,13.317928,15.237690,16.414852,19.635811,21.733757,18.581238,15.010124,13.135342,12.367878,12.015423,14.471405,15.658775,15.253925,15.594124,18.908379,16.366791,12.518532,10.779976,11.204865,10.267654,9.890244,10.950157,12.317612,13.467049,13.582870,12.819115,12.652241,12.752399,11.914482,12.233765,13.516701,10.387436,9.355976,12.919083,14.798294,14.159763,14.847221,15.513241,15.237690,15.335041,15.836315,13.500156,10.336117,9.907425,11.661655,11.408150,10.353233,11.729134,11.577221,11.813431,12.149849,15.318825,16.846222,12.902435,9.873051,10.814041,11.745995,9.632080,9.009773,8.923035,10.233398,11.897648,13.682022,14.209038,12.082661,12.351128,13.715046,15.448486,14.536880,13.549789,16.366791,20.554901,17.180225,16.494896,20.463470,18.783913,15.172733,13.781071,12.702332,11.847122,11.306557,12.065849,11.221825,10.147728,9.390537,10.284771,12.702332,15.075207,15.626457,16.077839,11.914482,8.034035,9.855862,11.153976,10.489990,9.649315,10.677727,10.797012,11.204865,12.099461,11.577221,12.585411,15.610291,17.211967,17.148476,16.574867,14.307518,13.002323,12.819115,12.501804,11.323498,11.204865,10.182007,10.507072,11.475815,12.769081,13.201775,10.967159,9.718216,10.762939,10.130581,10.694775,10.113426,11.221825,12.501804,12.300850,12.367878,13.516701,13.433933,13.317928,9.890244,7.858810,8.540497,7.858810,7.366592,8.644970,11.526535,12.785763,11.001148,11.880806,12.719025,13.201775,13.201775,12.652241,17.528736,22.479935,17.069038,14.307518,9.941792,9.425079,10.916145,10.387436,8.940388,10.421631,12.149849,10.967159,10.950157,10.865101,10.250530,10.130581,9.096436,8.575333,10.096279,11.204865,13.599396,16.542885,15.075207,13.433933,11.170944,10.061974,8.784096,10.164867,12.451607,13.648983,8.801476,5.589546,6.694839,9.941792,11.897648,11.221825,12.216988,16.494896,20.326126,19.805107,16.989529,15.172733,15.561783,16.414852,14.455032,11.441990,12.735714,12.535263,14.618649,12.869114,12.902435,14.602299,14.520515,10.984158,11.170944,11.069107,9.304119,10.387436,12.668941,12.618832,9.148392,7.999016,11.086086,13.797565,13.450489,12.133057,11.357365,13.168564,14.323921,13.351086,12.969040,15.432289,16.414852,14.225464,18.221436,23.775200,27.785179,22.479935,22.761536,20.310860,17.512928,13.945911,12.166641,11.948143,12.652241,13.018955,11.964966,11.762863,12.116257,10.421631,12.351128,14.700352,14.044678,12.267311,15.416088,21.010437,26.521606,24.457588,22.033112,24.457588,15.787926,8.888317,8.818848,9.234943,10.865101,12.652241,17.623531,21.372955,22.702339,19.789734,13.549789,12.902435,14.912418,11.204865,8.610161,10.387436,12.668941,12.685638,12.367878,12.401375,13.002323,14.274704,15.448486,16.190327,14.487770,13.682022,15.383682,17.053143,13.978848,9.165710,8.575333,9.683773,9.855862,10.643623,11.543430,17.386341,26.759521,20.295578,12.819115,12.418129,11.577221,15.205219,17.227837,15.010124,13.797565,15.286385,16.142136,20.417725,24.095428,26.184273,25.162048,19.125748,12.468342,9.044441,8.034035,8.261383,8.453358,8.888317,8.435913,10.267654,11.813431,12.284077,10.147728,9.666546,9.890244,10.814041,10.797012,10.199139,9.976139,10.113426,10.592438,10.814041,11.052120,10.745911,10.404537,10.438725,11.018150,12.200203,10.865101,9.425079,8.870953,10.677727,11.425068,11.408150,11.238777,12.668941,14.569599,18.284119,17.544540,12.267311,11.069107,13.334507,15.949108,14.912418,15.075207,15.868561,15.626457,15.286385,15.270157,16.750549,17.985931,17.686680,14.126900,12.635536,14.504147,15.107727,14.077572,14.520515,15.237690,15.594124,16.734592,17.100819,13.384232,10.421631,8.784096,10.387436,12.535263,11.526535,11.204865,14.159763,15.205219,17.370502,21.146591,21.853638,21.493416,16.142136,11.035133,9.407806,8.296310,7.823730,8.016525,7.893879,8.034035,8.540497,9.614849,10.814041,11.441990,12.082661,10.284771,11.137009,12.919083,12.835777,12.233765,11.391228,9.718216,9.079109,8.749332,8.992432,9.148392,9.096436,8.957737,8.801476,8.975086,9.217640,10.079128,9.373260,8.383591,8.174004,7.366592,6.978207,6.889732,6.392914,5.499908,5.140610,5.068611,5.714912,6.641617,7.331345,9.113758,9.355976,9.338692,9.476868,9.234943,10.113426,12.065849,12.065849,11.594112,13.068855,11.931309,12.351128,13.052223,11.914482,11.306557,10.745911,10.147728,9.459610,8.905678,9.234943,9.183022,11.153976,9.286831,6.730297,5.625381,6.036610,6.854328,7.225533,7.384212,8.086544,8.191483,7.013577,6.889732,7.735977,7.911411,7.665718,7.823730,7.577831,7.013577,6.783474,6.464035,6.836617,7.084278,6.872036,6.410706,5.697014,5.392242,5.140610,4.798172,4.996559,5.266499,5.104614,4.996559,5.356339,5.893753,6.090134,6.570625,6.535103,5.750706,5.194580,5.176598,5.338371,5.392242,5.140610,4.743999,4.780113,5.032589,5.104614,4.996559,4.978535,4.852314,4.743999,4.508957,4.762062,4.942490,4.798172,4.599422,4.671738,5.697014,5.499908,5.392242,5.248528,4.707874,4.852314,4.743999,5.392242,5.428139,4.960514,5.104614,5.212570,5.176598,
5.750706,5.786484,6.000916,5.947346,5.804367,6.179276,6.925133,7.665718,8.278851,8.644970,8.818848,9.321407,9.976139,9.958965,9.373260,9.217640,9.632080,8.226437,6.303955,6.125797,6.428486,5.983063,5.893753,6.018761,5.965206,5.356339,4.978535,4.996559,4.707874,4.942490,5.158604,4.942490,4.073711,3.782589,4.055538,4.436539,4.725941,4.978535,4.780113,4.400314,5.338371,5.786484,5.732807,5.140610,4.834267,4.888393,4.508957,3.837234,2.536758,2.167706,2.130730,2.463043,3.307877,3.727913,3.873646,3.873646,4.255280,4.418427,4.309685,3.819023,3.727913,3.819023,4.798172,5.625381,5.302444,4.798172,5.571625,7.806187,11.272675,11.306557,9.873051,10.404537,7.911411,6.410706,7.999016,8.488220,8.644970,9.545887,11.678528,14.765656,11.170944,7.525059,8.679768,11.897648,13.665508,13.201775,10.267654,6.889732,7.419441,10.319000,14.569599,15.561783,14.241875,14.143326,15.042671,13.268166,10.677727,10.609497,10.301891,9.183022,9.096436,9.148392,10.199139,11.509636,13.797565,13.698540,13.665508,13.284760,14.504147,14.733006,13.085476,11.137009,10.643623,11.779716,12.351128,10.353233,12.902435,14.798294,14.438644,15.367474,15.026398,13.995308,16.109989,17.433830,15.205219,14.159763,15.107727,15.318825,14.700352,14.487770,14.781967,13.566330,11.729134,13.417366,18.378067,14.126900,11.204865,12.233765,14.028225,16.414852,20.767830,24.153503,20.615799,14.896122,13.102104,13.118725,13.500156,15.529427,14.912418,14.553234,15.286385,15.771801,12.752399,11.391228,11.813431,11.509636,10.558300,10.575371,11.441990,12.985676,14.487770,14.356716,13.582870,12.885777,11.289619,11.052120,12.166641,13.632454,11.627888,9.597610,10.061974,11.526535,13.615929,15.933002,17.449657,15.820190,15.965214,16.542885,12.485077,9.390537,8.905678,10.421631,10.387436,10.164867,11.323498,11.695396,11.880806,11.255722,12.802441,14.487770,11.408150,10.096279,12.535263,12.065849,10.096279,10.147728,9.993317,9.976139,11.137009,12.317612,12.869114,12.434868,12.969040,12.919083,12.952389,13.400806,13.764572,15.739521,18.892838,16.061756,15.755661,21.733757,19.897308,14.993847,13.201775,12.602119,12.200203,12.267311,12.284077,12.969040,12.769081,11.018150,11.001148,13.995308,15.335041,16.318695,15.432289,10.284771,7.928940,9.252239,10.728870,11.035133,11.560329,12.149849,10.404537,10.558300,11.238777,11.712273,11.391228,13.085476,15.545601,17.812809,17.370502,14.651337,13.118725,12.551975,11.526535,10.524147,10.558300,10.182007,10.575371,12.233765,13.615929,13.665508,10.370338,11.745995,13.467049,11.931309,10.267654,9.407806,10.455822,12.133057,12.501804,13.648983,14.520515,14.684017,13.648983,10.353233,9.355976,11.204865,9.459610,7.893879,9.321407,14.094013,13.118725,10.147728,11.863968,14.061119,13.351086,13.135342,12.602119,17.812809,20.219147,15.900787,16.957703,11.255722,10.814041,11.492725,9.958965,9.131081,11.255722,11.830276,11.086086,12.183426,12.685638,12.702332,13.018955,11.001148,10.044807,11.948143,13.830551,19.774353,20.722244,18.487526,15.884674,12.250546,10.267654,9.494129,11.204865,12.300850,11.492725,7.031254,5.750706,7.207882,10.182007,11.035133,10.079128,11.289619,16.286617,21.628693,19.635811,14.340313,12.166641,12.585411,13.533249,12.652241,13.151951,12.902435,12.752399,15.610291,13.599396,12.952389,12.802441,11.931309,10.694775,10.984158,10.677727,9.804260,9.061775,10.010487,12.133057,10.182007,8.540497,9.234943,12.969040,13.002323,12.284077,11.103065,12.250546,14.159763,14.716679,14.651337,14.422272,16.013500,15.399883,17.354664,21.868614,23.906372,22.598633,23.042068,19.373451,16.350758,14.258289,13.068855,11.948143,11.103065,12.367878,12.485077,12.233765,13.068855,12.952389,13.648983,14.077572,11.086086,12.133057,17.100819,20.889229,23.570671,23.012589,21.086105,19.048180,13.698540,9.494129,10.507072,9.614849,11.611008,14.356716,21.688751,26.156082,21.508453,15.286385,10.370338,10.164867,10.319000,9.580376,10.182007,11.779716,12.985676,12.919083,13.962376,15.658775,15.997406,17.591946,16.542885,14.781967,14.716679,17.307125,17.259556,12.367878,8.505650,8.923035,9.821461,10.096279,10.319000,9.855862,10.882126,17.275417,25.419044,17.607742,11.408150,10.728870,11.458900,13.018955,14.192616,13.483601,12.635536,14.405884,16.254528,19.712807,22.657913,22.791122,25.461777,22.167442,15.884674,9.838661,7.612995,8.784096,8.575333,8.644970,8.086544,10.199139,11.323498,11.187904,8.957737,8.627563,9.476868,10.541225,10.797012,9.649315,9.494129,10.319000,10.711826,10.301891,10.370338,10.762939,9.993317,9.752644,10.626560,11.340439,10.216270,9.769852,9.735428,11.441990,13.035591,15.448486,13.533249,14.094013,15.205219,16.414852,12.985676,10.762939,11.492725,14.274704,16.941784,15.270157,13.978848,15.529427,16.909943,16.909943,15.594124,14.405884,13.417366,14.471405,13.665508,13.715046,14.241875,13.814064,15.836315,16.013500,13.945911,15.787926,24.240509,23.862679,15.900787,11.374298,9.787056,10.711826,12.952389,14.044678,13.218376,15.852440,14.716679,15.561783,19.728195,19.373451,19.466148,17.275417,12.468342,9.855862,9.079109,8.208961,7.876347,7.595413,7.753536,8.644970,9.907425,11.018150,11.458900,11.880806,10.284771,10.728870,12.885777,13.018955,10.848083,9.563126,8.975086,8.836220,8.853588,8.888317,8.801476,8.749332,8.662369,8.069046,7.437057,7.366592,7.928940,7.384212,6.321754,6.161457,6.677101,6.659363,5.643291,5.122616,4.743999,4.743999,4.852314,5.230549,6.161457,6.942829,8.069046,8.086544,7.595413,8.714558,10.216270,9.425079,9.407806,9.855862,10.284771,9.838661,9.941792,11.475815,13.682022,13.052223,12.769081,11.221825,10.216270,10.130581,8.435913,7.172585,6.712570,7.066605,6.375134,5.481972,5.068611,5.050598,5.212570,5.446091,5.822250,6.535103,6.570625,5.840134,5.965206,6.268349,6.125797,6.000916,5.750706,5.517838,5.302444,5.356339,5.410194,5.374290,5.374290,5.104614,4.852314,5.571625,5.535770,4.978535,4.743999,4.924461,4.888393,4.599422,5.086613,5.338371,5.858009,5.983063,6.854328,6.978207,5.947346,5.732807,5.714912,5.679108,5.464031,5.068611,4.527058,4.870358,5.032589,4.942490,4.942490,4.798172,4.834267,4.780113,4.671738,4.689812,4.780113,4.400314,4.653660,4.671738,5.553699,6.232731,6.161457,5.786484,4.942490,4.689812,4.599422,5.194580,5.176598,5.050598,5.140610,5.194580,5.194580,
